5.126781463623046875e-01 1.656606495380401611e-01 4.816702567040920258e-03 7.706805132329463959e-03 2.910438366234302521e-02 7.895395159721374512e-02 5.344751477241516113e-02 2.490196377038955688e-02 3.520724177360534668e-02 1.406010426580905914e-02 1.383678913116455078e-01 2.898728661239147186e-02 1.299663335084915161e-01 2.645806409418582916e-02 6.311356090009212494e-03 3.384026512503623962e-02 3.136784210801124573e-02 1.045528799295425415e-02 6.733599118888378143e-03 6.711164489388465881e-03 3.622506186366081238e-02 1.347467396408319473e-02 1.359678246080875397e-02 2.000468038022518158e-02 1.989124715328216553e-02 2.228249423205852509e-02 4.517093300819396973e-02 5.223064497113227844e-02 3.687506914138793945e-02 4.758563265204429626e-02 1.328784320503473282e-02 2.290205471217632294e-02 3.567468747496604919e-02 4.550721868872642517e-02 1.386982481926679611e-02 2.479518204927444458e-02 3.641377016901969910e-02 3.558021783828735352e-02 3.005924075841903687e-02 4.918319731950759888e-02 3.585065528750419617e-02 2.443618141114711761e-02 4.277087282389402390e-03 4.080742131918668747e-03 1.699446514248847961e-02 4.735901206731796265e-02 8.717317134141921997e-02 4.732714220881462097e-02 3.840872645378112793e-02 1.870215201051905751e-04 8.890403434634208679e-03 3.863858059048652649e-02 1.310590934008359909e-02 1.434035249985754490e-03 3.296304494142532349e-02 4.965969827026128769e-03 2.424910478293895721e-02 1.856801827671006322e-04 7.676450069993734360e-03 2.833869867026805878e-02 4.782654717564582825e-02 2.601061761379241943e-02 1.259893085807561874e-02 3.376018255949020386e-02 5.012212693691253662e-02 2.541926130652427673e-02 2.047060802578926086e-02 3.124119341373443604e-02 8.582863956689834595e-03 2.179602719843387604e-02 4.688034951686859131e-02 2.934042736887931824e-02 3.813629038631916046e-03 4.260331392288208008e-02 2.773857675492763519e-03 1.053432468324899673e-02 2.611811645328998566e-02 1.641031354665756226e-03 3.570631891489028931e-02 1.457296032458543777e-02 1.389643270522356033e-02 3.101545572280883789e-02 1.061285962350666523e-03 6.461082957684993744e-03 3.643962088972330093e-03 2.853916212916374207e-02 4.049024358391761780e-02 1.791349239647388458e-02 2.572299540042877197e-02 3.251067176461219788e-02 4.575441405177116394e-02 1.402533892542123795e-02 1.274444442242383957e-02 1.249999040737748146e-03 2.794384583830833435e-02 4.071866348385810852e-02 1.757714897394180298e-02 2.196813374757766724e-02 3.053276427090167999e-02 4.403708502650260925e-02 3.987967222929000854e-02 1.881719380617141724e-02 3.139212355017662048e-02 3.130471333861351013e-02 2.102436684072017670e-02 3.434719517827033997e-02 3.740339353680610657e-02 1.962700858712196350e-02 3.039344772696495056e-02 5.030728876590728760e-02 3.590665385127067566e-02 4.521191865205764771e-02 7.205901667475700378e-03 2.796142175793647766e-02 3.853621706366539001e-02 2.060141786932945251e-02
1.656606495380401611e-01 5.113878250122070312e-01 3.681277483701705933e-02 2.765052206814289093e-02 1.464071404188871384e-02 8.952739834785461426e-02 9.567257016897201538e-02 3.668766096234321594e-02 5.239963997155427933e-03 8.969414979219436646e-03 1.328837126493453979e-01 1.736404746770858765e-02 1.407415121793746948e-01 2.757374756038188934e-02 8.449713699519634247e-03 3.888047859072685242e-02 3.795797750353813171e-02 2.261950634419918060e-02 1.905310153961181641e-02 1.645556883886456490e-03 3.087133169174194336e-02 2.066177502274513245e-02 1.250284817069768906e-02 2.312380261719226837e-02 2.058674208819866180e-02 1.650568097829818726e-02 4.053222015500068665e-02 6.149853393435478210e-02 3.183687850832939148e-02 4.263236373662948608e-02 6.874178652651607990e-04 4.533338919281959534e-02 4.938738793134689331e-02 3.640436008572578430e-02 3.478578478097915649e-02 6.702903658151626587e-03 2.924100309610366821e-02 3.923839703202247620e-02 1.182483788579702377e-02 3.268444165587425232e-02 1.869215816259384155e-02 2.635293826460838318e-02 3.580502793192863464e-02 3.310824930667877197e-02 2.113264612853527069e-02 4.176016151905059814e-02 8.571918308734893799e-02 4.824321717023849487e-02 3.612250089645385742e-02 3.427716717123985291e-02 1.798732578754425049e-02 2.037970535457134247e-02 5.815018434077501297e-03 2.884462662041187286e-02 3.608688339591026306e-02 2.632772736251354218e-02 3.559494391083717346e-02 5.828811321407556534e-03 8.979876525700092316e-03 9.339849464595317841e-03 3.767284750938415527e-02 7.962655276060104370e-03 2.181201428174972534e-02 3.505147248506546021e-02 1.540705002844333649e-02 4.308526404201984406e-03 2.074592188000679016e-02 4.628485441207885742e-02 3.825164632871747017e-03 2.833057753741741180e-02 3.948090970516204834e-02 1.978877931833267212e-03 2.082060277462005615e-02 2.118228375911712646e-02 4.554069135338068008e-03 6.770136766135692596e-03 1.098459027707576752e-02 1.668606512248516083e-02 3.415810316801071167e-02 1.042915880680084229e-02 4.336626082658767700e-02 4.002749174833297729e-02 6.977021257625892758e-05 1.904025115072727203e-02 2.702862769365310669e-02 1.803448237478733063e-02 2.271573990583419800e-02 1.528865657746791840e-02 1.230498775839805603e-02 2.436135895550251007e-02 3.398293629288673401e-02 2.560757100582122803e-02 1.007728162221610546e-03 9.681561030447483063e-03 3.602176532149314880e-02 4.277586936950683594e-02 3.318155556917190552e-02 2.912995964288711548e-02 4.346837103366851807e-02 1.473531965166330338e-02 1.924607902765274048e-02 2.110871672630310059e-02 2.044302038848400116e-02 4.056775942444801331e-02 4.794114734977483749e-03 1.777631230652332306e-03 2.276596613228321075e-02 2.121868357062339783e-02 2.604342438280582428e-02 2.282897196710109711e-02 4.672175645828247070e-02 4.730226844549179077e-02 3.132020682096481323e-02 3.309857845306396484e-02 2.849484048783779144e-02 2.846959233283996582e-02
4.816702567040920258e-03 3.681277483701705933e-02 4.849613308906555176e-01 3.284874930977821350e-02 5.951055791229009628e-04 4.626787453889846802e-02 1.823875005356967449e-03 1.800117492675781250e-01 1.581412181258201599e-02 3.600251302123069763e-02 4.246538132429122925e-02 1.439220085740089417e-02 2.094963006675243378e-02 2.075435034930706024e-02 8.301244815811514854e-04 1.121215429157018661e-02 6.072307005524635315e-03 3.550993511453270912e-03 2.549191191792488098e-02 5.291424691677093506e-03 1.745571009814739227e-02 1.245626807212829590e-02 1.510561536997556686e-02 7.050677202641963959e-03 3.813552483916282654e-02 3.951024264097213745e-02 1.987770758569240570e-02 3.821919485926628113e-02 5.363148637115955353e-03 2.209519781172275543e-02 3.109235549345612526e-03 1.387502811849117279e-02 4.554523527622222900e-02 3.346988558769226074e-02 3.804925456643104553e-02 3.390615433454513550e-02 1.886585541069507599e-02 6.366737186908721924e-02 2.371575124561786652e-02 1.458974834531545639e-02 4.299168288707733154e-02 7.059713359922170639e-03 3.034357912838459015e-02 2.210235223174095154e-02 7.765299640595912933e-03 2.156250365078449249e-02 2.871486730873584747e-02 2.790093608200550079e-02 1.502250693738460541e-02 6.437668111175298691e-03 2.346000634133815765e-03 1.256677415221929550e-02 3.848886117339134216e-02 8.149736677296459675e-04 2.579037472605705261e-02 6.415066774934530258e-03 3.847441822290420532e-02 2.539034234359860420e-03 3.075834922492504120e-02 3.397600725293159485e-02 3.878994658589363098e-02 3.508868813514709473e-02 2.829875238239765167e-02 3.307434543967247009e-02 3.061275929212570190e-02 2.831871807575225830e-02 1.707082428038120270e-02 4.717099666595458984e-02 4.249957948923110962e-02 1.129841059446334839e-02 4.341610148549079895e-02 3.547370806336402893e-02 3.636519610881805420e-02 2.916252799332141876e-02 2.583431079983711243e-02 1.539381407201290131e-02 1.168502843938767910e-03 2.988333627581596375e-02 3.987441956996917725e-02 4.124748706817626953e-02 1.854795515537261963e-01 9.924443811178207397e-02 1.071452256292104721e-02 5.850052461028099060e-02 6.029811501502990723e-02 5.755951255559921265e-02 9.781046211719512939e-02 3.914068266749382019e-02 8.947886526584625244e-03 2.441002056002616882e-02 2.874650247395038605e-02 1.810801960527896881e-02 2.203181944787502289e-02 1.387667004019021988e-02 2.570319175720214844e-02 2.557880245149135590e-02 2.636867808178067207e-03 3.001837991178035736e-02 2.377971448004245758e-02 2.622629702091217041e-02 3.949376754462718964e-03 3.560993447899818420e-02 4.652380943298339844e-03 2.469609491527080536e-02 7.724223542027175426e-04 4.471400752663612366e-02 2.840549685060977936e-03 3.294664621353149414e-02 3.056805767118930817e-02 3.641149774193763733e-02 1.750907674431800842e-02 7.495737075805664062e-02 4.790120199322700500e-02 3.265009820461273193e-02 1.565873250365257263e-02 1.578721334226429462e-03
7.706805132329463959e-03 2.765052206814289093e-02 3.284874930977821350e-02 4.835627675056457520e-01 7.529525458812713623e-02 1.746352016925811768e-02 1.115494314581155777e-02 7.886521518230438232e-03 1.912901178002357483e-02 2.402344159781932831e-02 9.570894762873649597e-04 3.720184043049812317e-02 8.968445472419261932e-03 3.239337354898452759e-02 2.346882410347461700e-02 1.062263734638690948e-02 2.995040267705917358e-02 6.264733523130416870e-02 3.206198289990425110e-02 6.551545113325119019e-03 1.517562009394168854e-02 7.905737147666513920e-04 5.212202668190002441e-03 2.436418645083904266e-02 3.064416907727718353e-02 2.425340935587882996e-03 2.332174964249134064e-02 6.037970539182424545e-03 2.272747457027435303e-02 1.117278006859123707e-03 1.707348227500915527e-02 2.209332585334777832e-02 2.223388105630874634e-02 3.138683363795280457e-02 8.385015651583671570e-03 3.119249828159809113e-03 1.801003701984882355e-02 1.516655460000038147e-02 2.836482971906661987e-02 1.517203822731971741e-02 2.008531615138053894e-02 3.404095396399497986e-02 6.270306184887886047e-03 6.855167914181947708e-03 1.542550977319478989e-02 2.805004455149173737e-02 1.745505444705486298e-02 2.865133620798587799e-02 2.713128738105297089e-02 4.678301513195037842e-02 2.220104681327939034e-03 2.256645448505878448e-02 1.747249439358711243e-02 5.690343677997589111e-03 5.400631576776504517e-03 1.534069329500198364e-02 7.414630614221096039e-03 4.255920182913541794e-03 2.956391312181949615e-02 2.479975856840610504e-02 5.376628413796424866e-02 9.362942539155483246e-03 1.621865667402744293e-02 6.372324191033840179e-03 3.222733363509178162e-02 3.328155726194381714e-03 1.428241957910358906e-03 7.786280475556850433e-03 7.294742017984390259e-02 2.794874459505081177e-02 2.850224729627370834e-03 1.320339087396860123e-02 8.422677963972091675e-02 7.954925298690795898e-03 3.949251025915145874e-02 2.621391974389553070e-02 4.504161328077316284e-02 3.643425926566123962e-02 4.502703249454498291e-02 2.213483210653066635e-03 2.500149980187416077e-02 3.567139431834220886e-02 3.750693053007125854e-02 5.119783803820610046e-02 2.611758187413215637e-02 8.114901371300220490e-03 1.316726021468639374e-02 2.469236589968204498e-02 3.076984360814094543e-02 1.163389440625905991e-02 4.812169820070266724e-02 4.666778072714805603e-02 2.622129954397678375e-02 2.401374466717243195e-02 7.890024222433567047e-03 8.991551585495471954e-03 3.009620867669582367e-02 4.560637474060058594e-02 2.346255630254745483e-02 8.940218016505241394e-03 1.322293933480978012e-02 5.902654677629470825e-02 1.367062889039516449e-02 3.563183546066284180e-02 2.304761437699198723e-03 2.272794768214225769e-02 2.513744868338108063e-02 1.461719069629907608e-02 1.617792993783950806e-02 2.459475956857204437e-02 4.432347789406776428e-02 3.625714033842086792e-02 1.598657667636871338e-02 2.984892576932907104e-03 4.061656817793846130e-02 3.255667537450790405e-02
2.910438366234302521e-02 1.464071404188871384e-02 5.951055791229009628e-04 7.529525458812713623e-02 4.702761173248291016e-01 1.380107924342155457e-02 3.723936527967453003e-02 2.456226944923400879e-02 3.694352507591247559e-02 4.746488854289054871e-02 1.012391317635774612e-02 3.185429796576499939e-02 1.576450839638710022e-02 3.303981944918632507e-02 8.824949152767658234e-03 2.033889107406139374e-02 2.007573843002319336e-03 3.428870812058448792e-02 1.382163632661104202e-02 6.639214232563972473e-03 3.720058873295783997e-02 3.014279529452323914e-02 8.791483007371425629e-03 2.811172045767307281e-02 2.049773745238780975e-02 3.482407191768288612e-03 3.688921034336090088e-02 2.525611035525798798e-02 1.978425495326519012e-02 2.103450521826744080e-02 1.004816312342882156e-02 5.714156664907932281e-03 5.462029203772544861e-02 2.758716791868209839e-02 2.204414084553718567e-02 2.645516069605946541e-03 1.786476001143455505e-02 4.062530398368835449e-02 1.299301721155643463e-02 4.298700392246246338e-02 8.597772568464279175e-03 3.348067402839660645e-02 9.057419374585151672e-03 8.063122630119323730e-03 2.991737052798271179e-02 4.133320972323417664e-02 3.493624180555343628e-02 3.274799138307571411e-02 5.565883126109838486e-03 2.084159478545188904e-02 8.147116750478744507e-03 1.059625204652547836e-02 3.055845759809017181e-02 6.863586604595184326e-02 2.690775133669376373e-02 8.085263893008232117e-03 2.957768552005290985e-02 1.114656124264001846e-02 4.444875195622444153e-02 1.013106014579534531e-02 3.082898631691932678e-02 6.984760984778404236e-03 1.440886966884136200e-02 1.693982630968093872e-02 2.539266273379325867e-02 1.009253319352865219e-02 7.760386797599494457e-04 5.564304534345865250e-03 3.023881651461124420e-02 1.634801365435123444e-02 5.623238161206245422e-03 2.986147813498973846e-02 6.457880139350891113e-02 7.879450917243957520e-03 1.140167489647865295e-01 2.510976605117321014e-02 8.276960812509059906e-03 4.374110139906406403e-03 2.102259546518325806e-02 2.322139032185077667e-02 1.794874668121337891e-02 3.808786720037460327e-02 4.578144475817680359e-02 1.239192765206098557e-02 2.319612912833690643e-02 2.870176918804645538e-02 3.538274392485618591e-02 2.907766215503215790e-02 4.102309793233871460e-02 1.431547757238149643e-02 3.872628882527351379e-02 4.056128859519958496e-02 1.294018793851137161e-02 4.887381941080093384e-02 3.233455866575241089e-02 4.555673897266387939e-02 1.630351692438125610e-02 1.060789357870817184e-02 3.679674863815307617e-02 3.763101994991302490e-02 1.423698151484131813e-03 1.421710755676031113e-02 2.946838364005088806e-02 7.923318073153495789e-03 1.009839307516813278e-02 2.582785487174987793e-02 3.078108467161655426e-02 1.566539891064167023e-02 7.152969483286142349e-04 1.807405240833759308e-02 3.697680681943893433e-02 4.228985682129859924e-02 2.224169112741947174e-02 8.123531006276607513e-03 3.186434507369995117e-02 5.951943341642618179e-03
7.895395159721374512e-02 8.952739834785461426e-02 4.626787453889846802e-02 1.746352016925811768e-02 1.380107924342155457e-02 5.040732622146606445e-01 1.453176289796829224e-01 1.238840725272893906e-02 2.374522155150771141e-03 1.506213843822479248e-02 7.776979357004165649e-02 3.623543679714202881e-02 5.310589075088500977e-02 3.666423633694648743e-02 5.159946531057357788e-02 6.945211440324783325e-03 3.458239138126373291e-03 4.241565987467765808e-02 3.574131056666374207e-02 2.326286956667900085e-02 7.908936589956283569e-03 7.352454122155904770e-04 9.971500840038061142e-04 8.133610710501670837e-03 5.507829412817955017e-02 2.194146066904067993e-02 1.237803231924772263e-02 3.541826829314231873e-02 1.808184944093227386e-02 8.673418313264846802e-03 3.695114515721797943e-03 2.282184921205043793e-02 4.083914216607809067e-03 1.673331484198570251e-02 2.767656929790973663e-03 2.833512984216213226e-02 9.582620114088058472e-04 1.928689517080783844e-02 1.006979960948228836e-02 3.387130424380302429e-02 9.854752570390701294e-03 1.376886200159788132e-02 3.924614191055297852e-02 1.476161461323499680e-02 2.893706224858760834e-02 1.768850535154342651e-02 6.966258585453033447e-02 6.013526767492294312e-02 3.107747249305248260e-02 4.236431792378425598e-02 3.795022517442703247e-02 3.348569199442863464e-02 1.812161877751350403e-02 1.221949793398380280e-02 2.860752306878566742e-02 7.353501021862030029e-02 1.360446773469448090e-02 3.248409926891326904e-02 1.500546652823686600e-02 1.796907372772693634e-02 4.392467811703681946e-02 3.092506900429725647e-03 2.328044269233942032e-03 1.515576802194118500e-02 2.854300895705819130e-03 3.490391001105308533e-02 1.982351206243038177e-02 1.246909960173070431e-03 2.169623784720897675e-02 2.666716650128364563e-02 5.856814235448837280e-02 3.908620402216911316e-02 1.472180429846048355e-02 1.977635920047760010e-02 4.965574480593204498e-03 7.625188678503036499e-03 2.807630971074104309e-02 3.769731894135475159e-02 1.715234853327274323e-02 1.361362915486097336e-02 2.275301888585090637e-02 6.215685047209262848e-03 1.955361664295196533e-02 5.270984768867492676e-02 3.055825456976890564e-02 4.562334716320037842e-02 2.573613822460174561e-02 1.807397417724132538e-02 5.060691013932228088e-02 2.778116054832935333e-02 1.869413256645202637e-02 5.353518575429916382e-02 1.859792135655879974e-02 9.611182846128940582e-03 2.823626436293125153e-02 3.920432180166244507e-02 7.564100436866283417e-03 2.604150027036666870e-02 4.405839368700981140e-02 3.037730604410171509e-02 4.502475261688232422e-02 4.490158334374427795e-02 4.949484486132860184e-03 3.940023854374885559e-02 3.312802687287330627e-02 3.690954297780990601e-02 2.711031213402748108e-02 2.177211828529834747e-02 3.409666568040847778e-02 2.518240921199321747e-02 9.239066392183303833e-03 1.652032718993723392e-03 1.507832575589418411e-02 1.804265752434730530e-02 4.177670553326606750e-02 4.128313437104225159e-02
5.344751477241516113e-02 9.567257016897201538e-02 1.823875005356967449e-03 1.115494314581155777e-02 3.723936527967453003e-02 1.453176289796829224e-01 5.123922824859619141e-01 2.864650078117847443e-02 4.931431263685226440e-03 1.338828820735216141e-02 7.210167497396469116e-02 1.599814509972929955e-03 7.181395590305328369e-02 4.540824890136718750e-02 5.135022476315498352e-02 1.858387142419815063e-02 2.294306270778179169e-02 2.719548903405666351e-02 2.276995219290256500e-02 2.100464887917041779e-02 1.690590195357799530e-02 5.715710110962390900e-03 2.355274744331836700e-03 6.597254541702568531e-04 4.059483483433723450e-02 3.742322698235511780e-02 1.010580733418464661e-02 3.073006868362426758e-02 3.033164888620376587e-02 1.157679944299161434e-03 4.656534641981124878e-02 4.641763120889663696e-02 1.486971601843833923e-02 2.764836326241493225e-02 4.847491160035133362e-02 2.682856656610965729e-02 3.904538694769144058e-03 2.935166005045175552e-03 2.750623039901256561e-03 2.905452251434326172e-02 1.662147976458072662e-02 2.274058014154434204e-02 1.438803784549236298e-02 2.639840729534626007e-02 1.167140156030654907e-02 5.606959015130996704e-02 1.110653281211853027e-01 1.280707567930221558e-01 1.780598610639572144e-02 3.532958775758743286e-02 4.078306257724761963e-02 3.056939877569675446e-02 3.198439627885818481e-02 5.388369411230087280e-02 3.144469857215881348e-02 7.335381209850311279e-02 3.464917838573455811e-02 1.409639837220311165e-03 1.385249942541122437e-02 2.847982756793498993e-02 4.762015864253044128e-02 2.935842203442007303e-04 3.773927316069602966e-02 2.238188404589891434e-03 2.772551495581865311e-03 3.160163760185241699e-02 2.616154402494430542e-02 9.809742681682109833e-03 2.452377602458000183e-02 3.838488459587097168e-02 2.918480150401592255e-02 3.910527378320693970e-02 1.584794931113719940e-02 1.279300078749656677e-03 7.812231779098510742e-03 7.398707326501607895e-03 1.268789917230606079e-02 2.429611980915069580e-02 3.670828591566532850e-04 4.633988253772258759e-03 5.544004961848258972e-04 9.355714544653892517e-03 4.718968272209167480e-02 4.466712847352027893e-02 9.335176087915897369e-03 2.784085832536220551e-02 2.968380972743034363e-02 2.686448022723197937e-02 4.437956586480140686e-02 3.207436203956604004e-02 5.237156525254249573e-02 5.857383459806442261e-02 4.724668338894844055e-02 2.949658036231994629e-02 4.094831645488739014e-02 2.615220658481121063e-02 9.623072110116481781e-03 2.332489751279354095e-02 4.244778305292129517e-02 1.400533691048622131e-02 2.899854630231857300e-02 3.167702257633209229e-02 2.177875256165862083e-03 3.889386355876922607e-02 4.753098636865615845e-02 1.354315504431724548e-02 3.083830699324607849e-02 1.531653106212615967e-02 2.830212377011775970e-02 3.448566421866416931e-02 8.965039742179214954e-04 6.161083001643419266e-03 1.763868331909179688e-02 3.218691854272037745e-04 1.932027935981750488e-02 3.645951673388481140e-02
2.490196377038955688e-02 3.668766096234321594e-02 1.800117492675781250e-01 7.886521518230438232e-03 2.456226944923400879e-02 1.238840725272893906e-02 2.864650078117847443e-02 4.861086308956146240e-01 3.292507678270339966e-02 2.526673860847949982e-02 3.381395712494850159e-02 1.536843739449977875e-02 5.354213062673807144e-03 1.179180294275283813e-02 4.758305475115776062e-02 2.886202745139598846e-02 1.504358462989330292e-02 3.797421976923942566e-02 2.559015713632106781e-02 4.144013300538063049e-02 2.686423063278198242e-02 4.538340494036674500e-03 1.865304261445999146e-02 3.152091801166534424e-02 1.254590880125761032e-02 2.047148905694484711e-02 2.573705511167645454e-03 2.226726897060871124e-02 6.292751990258693695e-03 2.863722480833530426e-02 2.197330631315708160e-02 4.168110433965921402e-03 5.573342088609933853e-03 3.402249887585639954e-02 2.868576720356941223e-02 1.460580038838088512e-03 2.323598600924015045e-02 4.990420117974281311e-02 8.974383585155010223e-03 1.766491122543811798e-02 3.017375431954860687e-02 5.388350039720535278e-02 4.835882689803838730e-03 5.373319610953330994e-03 2.146693319082260132e-02 2.134145796298980713e-02 7.307451684027910233e-03 2.747252210974693298e-02 5.062981322407722473e-02 1.426604855805635452e-02 4.519426077604293823e-02 2.346511930227279663e-02 3.493091836571693420e-02 4.174832254648208618e-03 1.988581381738185883e-02 2.328915148973464966e-02 7.245721761137247086e-03 1.810781285166740417e-02 8.230965584516525269e-03 3.888218104839324951e-02 9.234275668859481812e-03 1.651226729154586792e-02 4.417587444186210632e-02 1.542958803474903107e-02 1.938495598733425140e-02 1.844308152794837952e-02 4.701062664389610291e-02 2.141952142119407654e-02 1.976161263883113861e-03 4.301373288035392761e-02 2.266562171280384064e-02 2.944357506930828094e-02 4.043615888804197311e-03 1.758059673011302948e-02 8.434878662228584290e-03 1.201878208667039871e-02 7.557654287666082382e-03 2.843104675412178040e-02 2.062536077573895454e-03 2.050378732383251190e-02 1.637556403875350952e-01 1.329793035984039307e-01 4.589776508510112762e-03 3.356406465172767639e-02 3.475090488791465759e-02 2.234160155057907104e-02 9.426266700029373169e-02 3.079318441450595856e-02 2.383887581527233124e-02 7.445799186825752258e-03 3.309661755338311195e-03 2.929477207362651825e-02 3.679360449314117432e-02 1.321895397268235683e-03 2.118394337594509125e-02 8.977998048067092896e-03 4.729859158396720886e-02 2.302422560751438141e-02 4.012231528759002686e-02 5.896786227822303772e-03 2.988516725599765778e-02 4.774115234613418579e-02 8.302821777760982513e-03 3.007354959845542908e-02 1.803832501173019409e-02 2.296659164130687714e-02 3.350736806169152260e-03 7.006776519119739532e-03 5.833590403199195862e-03 6.727404892444610596e-03 1.377605274319648743e-02 5.812194570899009705e-02 2.603252604603767395e-02 8.820697665214538574e-03 1.055353507399559021e-02 3.769753128290176392e-02
3.520724177360534668e-02 5.239963997155427933e-03 1.581412181258201599e-02 1.912901178002357483e-02 3.694352507591247559e-02 2.374522155150771141e-03 4.931431263685226440e-03 3.292507678270339966e-02 4.861928820610046387e-01 3.608422353863716125e-02 1.141141820698976517e-02 2.888416172936558723e-03 3.680352121591567993e-03 9.957386180758476257e-03 1.999596506357192993e-02 9.764941409230232239e-03 2.276201918721199036e-02 1.197531074285507202e-01 1.777886063791811466e-03 8.421926759183406830e-03 2.764862403273582458e-02 1.056889537721872330e-02 3.631933126598596573e-03 3.744967281818389893e-02 1.241786777973175049e-02 2.336783520877361298e-02 1.992914825677871704e-02 4.370343685150146484e-02 3.773338347673416138e-02 4.020642116665840149e-02 1.084373891353607178e-02 3.425012808293104172e-03 3.792299702763557434e-02 7.475792430341243744e-03 4.151898622512817383e-02 3.124354407191276550e-02 9.192863479256629944e-03 2.785047516226768494e-02 1.065643317997455597e-02 2.886064536869525909e-02 1.353052072227001190e-02 2.820268273353576660e-02 1.878600381314754486e-02 2.823696006089448929e-03 3.476090729236602783e-03 1.527943741530179977e-02 4.123511910438537598e-02 3.172604367136955261e-02 6.119807809591293335e-02 4.465353488922119141e-02 3.245050087571144104e-02 5.254646018147468567e-02 3.602280467748641968e-02 2.150468528270721436e-02 9.906113892793655396e-02 4.422085359692573547e-02 1.266318093985319138e-02 3.396732208784669638e-04 1.618238748051226139e-03 1.244360953569412231e-02 5.001648142933845520e-02 2.271825633943080902e-02 1.413123123347759247e-02 1.300723850727081299e-02 4.259817674756050110e-02 4.611424729228019714e-02 1.013714913278818130e-02 1.136728934943675995e-02 2.288466319441795349e-02 8.311379700899124146e-03 2.963153086602687836e-02 4.510395601391792297e-02 5.872157216072082520e-02 4.188802838325500488e-02 4.137250408530235291e-02 3.346477076411247253e-02 1.232089996337890625e-01 9.813810698688030243e-03 7.760408520698547363e-02 2.013633586466312408e-02 1.750549674034118652e-02 1.344345323741436005e-02 1.064154580235481262e-01 3.207093104720115662e-02 3.819506987929344177e-02 1.901693642139434814e-02 2.916608005762100220e-02 1.928232610225677490e-02 1.006019711494445801e-01 5.304402112960815430e-02 1.619392260909080505e-02 3.704575076699256897e-02 1.399226207286119461e-02 3.424134105443954468e-02 1.051647705025970936e-04 6.294067949056625366e-03 6.926611065864562988e-03 1.803922094404697418e-02 3.794317692518234253e-02 1.039044000208377838e-02 1.557718613184988499e-03 2.596196718513965607e-02 4.112847521901130676e-02 1.439854688942432404e-02 5.042294412851333618e-02 3.096797876060009003e-02 9.780754335224628448e-03 1.903365366160869598e-02 3.851787373423576355e-02 4.650095105171203613e-02 3.463471680879592896e-02 3.101615794003009796e-02 2.512199431657791138e-02 2.943921275436878204e-02 2.146885264664888382e-03 2.910993061959743500e-02
1.406010426580905914e-02 8.969414979219436646e-03 3.600251302123069763e-02 2.402344159781932831e-02 4.746488854289054871e-02 1.506213843822479248e-02 1.338828820735216141e-02 2.526673860847949982e-02 3.608422353863716125e-02 5.109917521476745605e-01 3.281867876648902893e-02 2.006012387573719025e-02 2.859227359294891357e-02 3.484954126179218292e-03 4.375782608985900879e-02 4.898881912231445312e-02 5.727646872401237488e-02 3.061934374272823334e-02 1.071375906467437744e-01 2.218597941100597382e-02 3.963809832930564880e-02 2.126504294574260712e-02 1.805391348898410797e-02 4.906449094414710999e-02 3.060744330286979675e-02 4.608078300952911377e-02 5.090395361185073853e-02 3.223735466599464417e-02 4.293729364871978760e-02 9.823133237659931183e-03 3.494061529636383057e-02 1.017829775810241699e-02 5.845139175653457642e-02 2.078573778271675110e-02 2.247576229274272919e-02 1.213813014328479767e-02 3.338690474629402161e-02 4.563305899500846863e-02 2.733917906880378723e-02 2.220418304204940796e-02 4.017124325037002563e-02 4.205602034926414490e-02 1.847842708230018616e-02 8.121867664158344269e-03 4.967292770743370056e-03 3.355530276894569397e-02 2.831502817571163177e-02 2.713949978351593018e-02 3.512555500492453575e-03 7.579796016216278076e-02 2.963219769299030304e-02 5.005304515361785889e-02 5.189116671681404114e-02 1.789609342813491821e-02 1.814727112650871277e-02 7.639479637145996094e-02 2.878080680966377258e-02 6.562761962413787842e-02 2.074081683531403542e-03 2.967162290588021278e-03 4.603910073637962341e-02 8.782574534416198730e-02 1.199832744896411896e-02 6.401302292943000793e-03 2.276004850864410400e-02 3.195170080289244652e-03 4.916285350918769836e-02 1.116904709488153458e-02 1.422531809657812119e-02 3.658584132790565491e-02 6.977957487106323242e-02 4.521669819951057434e-02 8.290730416774749756e-03 6.182008236646652222e-02 1.748904213309288025e-02 5.442408844828605652e-02 4.253074154257774353e-02 1.349568963050842285e-01 1.815943792462348938e-02 1.255586892366409302e-01 4.096356406807899475e-02 7.730899378657341003e-04 2.791561745107173920e-02 8.341325074434280396e-02 3.901756554841995239e-02 2.278239466249942780e-02 2.539695054292678833e-02 6.611115299165248871e-03 2.572314254939556122e-02 6.177831813693046570e-02 3.125822544097900391e-02 3.046033903956413269e-02 5.649178475141525269e-02 3.829333558678627014e-02 3.622350096702575684e-02 7.864651270210742950e-03 9.046114049851894379e-03 5.213658511638641357e-02 1.314146444201469421e-02 9.328559041023254395e-03 3.640107437968254089e-02 3.582368791103363037e-02 1.340549532324075699e-02 4.851433262228965759e-02 7.933333981782197952e-04 1.934753730893135071e-02 2.496986091136932373e-02 2.542971447110176086e-02 2.611771412193775177e-02 1.734364405274391174e-02 2.900629676878452301e-02 2.079924754798412323e-02 7.180720567703247070e-03 1.701020076870918274e-02 5.810834700241684914e-04 1.779885776340961456e-02
1.383678913116455078e-01 1.328837126493453979e-01 4.246538132429122925e-02 9.570894762873649597e-04 1.012391317635774612e-02 7.776979357004165649e-02 7.210167497396469116e-02 3.381395712494850159e-02 1.141141820698976517e-02 3.281867876648902893e-02 5.205672979354858398e-01 1.148482039570808411e-02 1.327062398195266724e-01 3.430359065532684326e-02 1.623477041721343994e-02 1.369625236839056015e-02 1.787248067557811737e-02 3.975249826908111572e-02 3.527500899508595467e-03 2.769543975591659546e-02 1.818513311445713043e-02 3.591999039053916931e-02 8.365546353161334991e-03 2.501204377040266991e-03 2.225774154067039490e-02 1.622242666780948639e-02 5.727594345808029175e-02 5.781365185976028442e-02 5.820266157388687134e-02 5.166195705533027649e-02 1.137786172330379486e-02 1.885105483233928680e-02 3.964846208691596985e-02 4.876176267862319946e-02 1.558248070068657398e-03 1.263055671006441116e-02 2.386912144720554352e-02 1.943177916109561920e-02 1.165488641709089279e-02 1.056101825088262558e-02 3.324800869449973106e-03 4.555200412869453430e-02 1.122461166232824326e-02 8.218280971050262451e-03 4.206433519721031189e-02 4.639006778597831726e-02 7.538760453462600708e-02 4.998218268156051636e-02 3.462841361761093140e-02 4.144596401602029800e-03 2.200976200401782990e-02 4.351634159684181213e-02 8.228904567658901215e-03 2.392069436609745026e-02 3.129839524626731873e-02 7.877860218286514282e-03 4.596648365259170532e-02 1.118953805416822433e-02 9.717208333313465118e-03 5.980570334941148758e-03 2.132557332515716553e-02 3.314156085252761841e-02 2.458466961979866028e-02 2.715743146836757660e-02 5.756498873233795166e-02 4.219994693994522095e-02 3.940701857209205627e-02 4.034996405243873596e-02 7.434072438627481461e-03 2.792627178132534027e-02 4.909655824303627014e-02 6.875656079500913620e-03 1.404015254229307175e-02 3.583737090229988098e-02 8.651077747344970703e-03 2.683200640603899956e-03 2.750278217718005180e-03 1.925458572804927826e-02 3.635636344552040100e-02 1.216082274913787842e-02 4.103528708219528198e-02 9.878681041300296783e-03 1.700434461236000061e-02 3.744689002633094788e-02 8.235177956521511078e-03 2.179421298205852509e-02 2.269617840647697449e-02 2.402135357260704041e-02 2.786930464208126068e-02 4.042951017618179321e-02 3.761510550975799561e-02 1.692609675228595734e-02 2.881284570321440697e-03 1.185330934822559357e-02 3.490974009037017822e-02 1.763914711773395538e-02 2.278855443000793457e-02 3.344597527757287025e-03 3.640026971697807312e-02 2.078259363770484924e-02 2.503224834799766541e-02 1.711953990161418915e-02 2.129764109849929810e-02 2.289545908570289612e-02 2.064968924969434738e-03 3.535994142293930054e-02 1.844588853418827057e-02 4.232687875628471375e-02 1.143922912888228893e-03 3.946246951818466187e-02 1.316512469202280045e-02 3.171949088573455811e-02 1.318945549428462982e-02 4.431135207414627075e-02 2.601137571036815643e-02 9.067395702004432678e-03
2.898728661239147186e-02 1.736404746770858765e-02 1.439220085740089417e-02 3.720184043049812317e-02 3.185429796576499939e-02 3.623543679714202881e-02 1.599814509972929955e-03 1.536843739449977875e-02 2.888416172936558723e-03 2.006012387573719025e-02 1.148482039570808411e-02 4.975602626800537109e-01 1.450724899768829346e-03 1.689032465219497681e-01 4.676141589879989624e-02 4.312884062528610229e-03 1.151106134057044983e-02 9.809588640928268433e-02 1.101379320025444031e-01 1.386670023202896118e-02 3.131816536188125610e-02 2.285648882389068604e-02 4.970712959766387939e-02 1.424058713018894196e-02 6.375334225594997406e-03 1.870971545577049255e-02 2.942324243485927582e-02 8.692237734794616699e-02 6.544812023639678955e-02 1.155336871743202209e-01 5.413959920406341553e-02 1.936576329171657562e-02 5.960617680102586746e-03 3.634634241461753845e-02 3.395037353038787842e-02 3.349013254046440125e-02 1.734101399779319763e-02 1.509723160415887833e-02 3.314270824193954468e-02 3.293100371956825256e-02 4.748764634132385254e-02 2.430811710655689240e-02 5.055638961493968964e-03 2.139135031029582024e-03 4.677345603704452515e-02 9.176248684525489807e-03 2.338734641671180725e-02 1.134539861232042313e-02 6.774993147701025009e-03 4.647207446396350861e-03 2.651657350361347198e-02 3.320088377222418785e-03 1.988127827644348145e-02 3.421400487422943115e-02 3.777138143777847290e-02 3.746685013175010681e-02 2.626401931047439575e-02 4.843590781092643738e-02 5.238392949104309082e-02 4.273108392953872681e-02 2.709458116441965103e-03 1.477093249559402466e-02 4.076788946986198425e-02 3.160605579614639282e-02 2.452334947884082794e-02 2.113665267825126648e-02 3.456976637244224548e-02 4.365966469049453735e-02 4.039649385958909988e-03 3.626836463809013367e-02 5.803908035159111023e-02 2.727542072534561157e-02 2.394620329141616821e-02 3.546273708343505859e-02 2.700363518670201302e-03 1.578585617244243622e-02 1.069518271833658218e-03 3.216210007667541504e-02 3.990197181701660156e-02 2.113349735736846924e-02 2.819397859275341034e-02 3.824669867753982544e-02 3.524776548147201538e-02 7.561552524566650391e-02 1.877665170468389988e-03 1.660679653286933899e-02 4.733134806156158447e-02 1.880220137536525726e-02 1.872312836349010468e-02 3.030609525740146637e-02 2.959313057363033295e-02 2.510361187160015106e-02 2.898342721164226532e-02 1.516044884920120239e-02 3.178277984261512756e-02 3.994313254952430725e-02 8.559273555874824524e-03 1.277745235711336136e-03 3.335768729448318481e-02 4.622115194797515869e-02 3.563519939780235291e-02 4.947845358401536942e-03 3.613394871354103088e-02 4.573157802224159241e-02 2.353030629456043243e-02 5.048991646617650986e-03 3.170659020543098450e-02 2.259318530559539795e-02 4.153924062848091125e-03 1.320232450962066650e-02 1.391282770782709122e-02 2.607424743473529816e-02 4.338938742876052856e-02 3.561483323574066162e-02 4.385229200124740601e-03 4.259758815169334412e-02
1.299663335084915161e-01 1.407415121793746948e-01 2.094963006675243378e-02 8.968445472419261932e-03 1.576450839638710022e-02 5.310589075088500977e-02 7.181395590305328369e-02 5.354213062673807144e-03 3.680352121591567993e-03 2.859227359294891357e-02 1.327062398195266724e-01 1.450724899768829346e-03 5.198478102684020996e-01 2.101947180926799774e-02 4.026700928807258606e-02 1.665296219289302826e-02 1.096402946859598160e-02 1.986192911863327026e-02 2.046315930783748627e-02 1.068913750350475311e-02 2.047417685389518738e-02 5.878969654440879822e-02 2.250657649710774422e-03 1.198122836649417877e-02 1.560805365443229675e-02 1.522401161491870880e-02 7.197001576423645020e-02 5.707652121782302856e-02 6.417727470397949219e-02 4.081144928932189941e-02 2.099992707371711731e-02 4.813087359070777893e-02 4.605436325073242188e-02 4.347854107618331909e-02 1.386662572622299194e-02 2.722620032727718353e-02 2.662192098796367645e-02 1.970318891108036041e-02 1.119586359709501266e-02 3.314692527055740356e-02 6.510772742331027985e-03 4.391890019178390503e-02 3.756172955036163330e-02 2.174669643864035606e-03 4.873836785554885864e-02 5.049693211913108826e-02 7.853540033102035522e-02 4.876429960131645203e-02 3.806855157017707825e-02 4.769563674926757812e-03 2.756609208881855011e-02 4.235979542136192322e-02 7.078567985445261002e-03 1.655134558677673340e-02 2.528145350515842438e-02 3.803942352533340454e-03 3.588413074612617493e-02 3.442651033401489258e-02 9.536107536405324936e-04 7.570391520857810974e-03 2.429744042456150055e-02 4.102724045515060425e-02 6.336890161037445068e-03 2.971931919455528259e-02 4.677144810557365417e-02 3.561482205986976624e-02 2.746239304542541504e-02 4.101617634296417236e-02 1.159752346575260162e-02 1.707099005579948425e-02 3.403584286570549011e-02 1.222835108637809753e-02 2.046790160238742828e-02 3.080575354397296906e-02 6.166581064462661743e-03 7.305195089429616928e-03 9.223395027220249176e-03 2.229999750852584839e-02 1.182953082025051117e-02 2.022202499210834503e-02 2.810873091220855713e-02 1.518510689493268728e-04 4.452021792531013489e-02 4.452706500887870789e-02 5.000165663659572601e-03 1.905590295791625977e-02 2.513507148250937462e-03 2.758531831204891205e-02 3.015091456472873688e-02 4.977480322122573853e-02 4.051636159420013428e-02 1.198853366076946259e-02 2.085202839225530624e-03 1.352207735180854797e-02 4.129174724221229553e-02 4.530165344476699829e-02 1.193734630942344666e-02 4.907691851258277893e-03 2.678800933063030243e-02 2.491677924990653992e-02 3.290368616580963135e-02 2.056787535548210144e-02 3.827930428087711334e-03 3.224977850914001465e-02 2.875410206615924835e-02 4.476055875420570374e-02 3.652190044522285461e-02 3.302216157317161560e-02 7.758298888802528381e-03 2.858111262321472168e-02 8.270699530839920044e-03 2.834744378924369812e-02 2.652010507881641388e-02 3.391287103295326233e-02 1.948145218193531036e-02 2.224364504218101501e-02
