4.738819301128387451e-01 2.274582684040069580e-01 2.285114116966724396e-02 1.926082000136375427e-02 2.222785726189613342e-02 2.467390894889831543e-02 1.845672726631164551e-02 1.838714629411697388e-02 1.817804202437400818e-02 1.976560801267623901e-02 1.419534832239151001e-01 4.280191659927368164e-02 3.564210236072540283e-02 5.454792641103267670e-03 4.814067855477333069e-02 8.132452145218849182e-03 1.383088529109954834e-02 1.236958149820566177e-02 1.077762432396411896e-02 3.001427650451660156e-02 1.065531093627214432e-02 9.275885531678795815e-04 4.403750225901603699e-02 2.572991140186786652e-02 2.428924851119518280e-02 3.119341097772121429e-02 3.165042027831077576e-02 4.207383468747138977e-02 3.395502641797065735e-02 4.860019683837890625e-02 6.323597580194473267e-02 5.700787529349327087e-03 2.302415110170841217e-02 7.872998714447021484e-03 1.765599288046360016e-02 2.057931013405323029e-02 5.078680440783500671e-02 9.677104651927947998e-03 3.434846550226211548e-02 3.452882543206214905e-02 1.152101680636405945e-01 3.879744186997413635e-02 3.797879070043563843e-02 5.540828406810760498e-02 4.068605229258537292e-02 3.797799721360206604e-02 4.091475531458854675e-02 1.646531745791435242e-02 3.012609854340553284e-02 5.221337545663118362e-03 1.127883139997720718e-02 4.014901071786880493e-02 8.437641896307468414e-03 7.717936299741268158e-03 7.979533635079860687e-03 5.119136068969964981e-03 9.926453232765197754e-03 2.079251455143094063e-03 2.887818589806556702e-02 1.536810956895351410e-02 7.904572412371635437e-03 1.299623749218881130e-03 2.638291008770465851e-02 4.388128221035003662e-02 2.748323837295174599e-03 1.962799951434135437e-02 8.040785789489746094e-03 2.842820994555950165e-02 2.888589911162853241e-02 3.902613371610641479e-02 3.751920163631439209e-02 1.028504967689514160e-02 4.923266917467117310e-02 8.724272251129150391e-03 3.732513636350631714e-02 4.315079376101493835e-02 2.758858958259224892e-03 3.795601427555084229e-02 9.174127131700515747e-03 3.517773374915122986e-02 1.417206600308418274e-02 3.728796169161796570e-02 2.647450938820838928e-02 3.273747116327285767e-02 3.979153931140899658e-02 1.355479191988706589e-02 4.575024545192718506e-02 7.422192138619720936e-04 2.643942646682262421e-02 3.348456462845206261e-03 2.757744863629341125e-02 3.770547732710838318e-02 2.664014510810375214e-02 2.251712977886199951e-02 2.204267308115959167e-03 5.466100294142961502e-03 1.076407171785831451e-02 1.024097297340631485e-02 4.020245745778083801e-02 4.045889899134635925e-02 4.134520515799522400e-02 7.633158937096595764e-03 3.431110084056854248e-02 3.733377531170845032e-02 3.734383359551429749e-02 2.378110215067863464e-02 4.904820583760738373e-03 4.867121949791908264e-02 3.987779840826988220e-02 1.877813227474689484e-02 9.888825565576553345e-02 4.589742794632911682e-02 3.574886545538902283e-02 2.362855337560176849e-02 7.809217274188995361e-02 1.556634786538779736e-03
2.274582684040069580e-01 4.809507131576538086e-01 2.376088313758373260e-02 1.649681478738784790e-02 3.473828732967376709e-02 7.162211835384368896e-02 1.261147558689117432e-01 3.715794906020164490e-02 4.704366624355316162e-02 1.313945744186639786e-02 6.320773065090179443e-02 4.207755625247955322e-02 7.113029062747955322e-02 4.494282975792884827e-02 2.291036024689674377e-02 9.950451552867889404e-03 2.145999297499656677e-02 5.386592820286750793e-02 3.761447593569755554e-02 3.779840841889381409e-02 4.575002565979957581e-02 2.634818898513913155e-03 4.532013833522796631e-02 3.685992211103439331e-02 4.920179490000009537e-03 6.993421353399753571e-03 2.563511580228805542e-02 2.967544831335544586e-02 9.917688556015491486e-03 3.133489936590194702e-02 2.289137430489063263e-02 2.896579168736934662e-02 1.564231887459754944e-02 4.589259251952171326e-02 2.145273424685001373e-02 5.146247800439596176e-03 4.691683128476142883e-02 1.637222245335578918e-02 2.510623633861541748e-02 8.206122554838657379e-03 4.384775459766387939e-02 1.170776784420013428e-02 2.135835029184818268e-02 3.034583479166030884e-02 2.152157016098499298e-02 4.455216228961944580e-03 4.555587098002433777e-02 2.926969714462757111e-02 8.961943536996841431e-02 5.601368099451065063e-02 3.378012450411915779e-03 2.265639044344425201e-02 3.620974346995353699e-02 1.062692888081073761e-02 2.304698713123798370e-02 2.233894541859626770e-02 8.603050373494625092e-03 3.993648663163185120e-02 1.470617484301328659e-02 1.984960772097110748e-02 4.152222722768783569e-02 4.361865296959877014e-02 1.275346148759126663e-02 4.321220144629478455e-02 2.929983101785182953e-02 2.376081421971321106e-02 3.979156911373138428e-02 3.793647512793540955e-02 1.291901525110006332e-02 3.981444984674453735e-03 4.009633511304855347e-02 3.549470379948616028e-02 1.872020959854125977e-02 1.157828699797391891e-02 2.767156250774860382e-02 1.346695795655250549e-02 2.417523041367530823e-02 2.281217090785503387e-02 4.626075178384780884e-02 7.242195308208465576e-03 2.974225766956806183e-02 1.217923406511545181e-02 1.780878566205501556e-02 2.812294848263263702e-02 1.661737821996212006e-02 2.015922963619232178e-02 2.020664513111114502e-02 1.862557046115398407e-02 2.059171162545681000e-02 1.298183668404817581e-02 5.039100721478462219e-02 2.374174445867538452e-02 7.607872132211923599e-03 3.028050810098648071e-02 2.260538004338741302e-02 1.921002008020877838e-02 2.843744494020938873e-02 1.534142065793275833e-03 3.926043212413787842e-02 4.244973883032798767e-02 2.530100010335445404e-02 3.341377899050712585e-02 8.661593310534954071e-03 3.151304647326469421e-02 2.087391912937164307e-02 3.591376915574073792e-02 9.488224983215332031e-03 3.754952549934387207e-02 1.141457911580801010e-02 2.386791072785854340e-02 3.360796347260475159e-02 3.923893347382545471e-02 1.074176840484142303e-02 4.253560304641723633e-02 3.581451624631881714e-02 2.480687201023101807e-02
2.285114116966724396e-02 2.376088313758373260e-02 4.513243734836578369e-01 2.318754233419895172e-02 1.115645933896303177e-02 1.036099437624216080e-02 2.757513895630836487e-02 5.626787245273590088e-02 3.365066275000572205e-02 3.569399192929267883e-02 4.395776242017745972e-02 1.473264954984188080e-02 1.843437552452087402e-02 3.185018151998519897e-02 2.977638132870197296e-02 1.676317863166332245e-02 2.441901341080665588e-02 7.279033958911895752e-02 2.043928205966949463e-02 6.374081224203109741e-02 6.785884033888578415e-03 2.158488146960735321e-02 1.376228779554367065e-02 1.588023640215396881e-02 2.683282829821109772e-02 2.467229031026363373e-02 2.185450308024883270e-02 4.323341636336408556e-05 1.310169883072376251e-02 9.849177673459053040e-03 5.103735020384192467e-04 2.346922457218170166e-02 2.226933836936950684e-02 2.020631171762943268e-02 1.822161860764026642e-02 2.931521646678447723e-02 1.107875909656286240e-02 2.495250664651393890e-02 2.759522758424282074e-02 3.823456913232803345e-02 7.173962891101837158e-02 2.247781492769718170e-02 3.201103210449218750e-02 2.450391463935375214e-02 2.477973327040672302e-02 4.197947680950164795e-03 7.991378195583820343e-03 2.013928443193435669e-02 3.445261344313621521e-02 3.892389312386512756e-02 6.460858043283224106e-03 8.607615716755390167e-03 1.246194168925285339e-02 8.434140123426914215e-03 8.601166307926177979e-03 9.247744455933570862e-03 1.905059814453125000e-02 5.206412635743618011e-03 2.816022373735904694e-02 1.156956329941749573e-02 3.906164085492491722e-03 8.937045931816101074e-03 4.795251414179801941e-03 4.628343507647514343e-02 3.147875145077705383e-02 2.608279883861541748e-02 3.815664723515510559e-02 1.244465354830026627e-02 2.691722474992275238e-02 2.794073522090911865e-02 1.576147973537445068e-02 3.698233515024185181e-02 3.537634760141372681e-02 9.971160441637039185e-03 1.270022522658109665e-02 2.943789958953857422e-02 2.944164723157882690e-02 2.675452269613742828e-02 1.033371500670909882e-02 2.621267549693584442e-02 1.551551669836044312e-01 2.450340054929256439e-02 2.292085811495780945e-02 3.589724656194448471e-03 1.849411241710186005e-02 9.789628675207495689e-04 1.619039103388786316e-02 9.548003785312175751e-03 1.341077592223882675e-02 3.243517363443970680e-03 4.337698593735694885e-02 4.734447598457336426e-02 7.599328178912401199e-03 3.205127269029617310e-02 2.838947996497154236e-02 5.887418054044246674e-03 7.850378751754760742e-03 3.588325902819633484e-02 2.096100151538848877e-02 3.434685617685317993e-02 2.431593090295791626e-02 1.749286428093910217e-02 3.843642771244049072e-02 3.193264827132225037e-02 2.851720154285430908e-02 1.372428331524133682e-02 4.116437584161758423e-02 1.415269542485475540e-02 2.523285895586013794e-02 6.141274049878120422e-02 1.588264480233192444e-02 3.221467602998018265e-03 1.140123046934604645e-02 3.154120594263076782e-02 4.315029829740524292e-02 1.280774641782045364e-02
1.926082000136375427e-02 1.649681478738784790e-02 2.318754233419895172e-02 4.892166554927825928e-01 1.131139919161796570e-01 3.543027490377426147e-02 4.064102843403816223e-02 7.787099108099937439e-03 2.655876427888870239e-02 8.466827683150768280e-03 1.291490159928798676e-02 2.814444527029991150e-02 2.332667447626590729e-02 1.265684515237808228e-02 3.165147965773940086e-03 8.425875566899776459e-03 2.852982608601450920e-03 1.130202692002058029e-02 2.903489768505096436e-02 4.630386456847190857e-02 1.690756157040596008e-02 3.803285583853721619e-02 1.399040222167968750e-02 4.203365370631217957e-02 1.983691193163394928e-02 2.727372385561466217e-02 9.879661229206249118e-05 2.157820016145706177e-02 3.888408839702606201e-02 5.521249957382678986e-03 1.213946007192134857e-02 3.325299173593521118e-02 4.035585373640060425e-02 4.471157491207122803e-02 3.799896314740180969e-02 4.601272940635681152e-02 6.637865304946899414e-02 4.052083939313888550e-02 4.159594327211380005e-02 8.109198883175849915e-03 3.496848419308662415e-02 2.213933691382408142e-02 1.582126691937446594e-02 3.659862652420997620e-02 9.718793444335460663e-03 3.132241219282150269e-02 1.150638796389102936e-02 1.319181174039840698e-02 5.221667140722274780e-02 6.756597664207220078e-03 2.903602458536624908e-02 1.914397068321704865e-02 8.351803757250308990e-03 2.938819862902164459e-02 2.389295026659965515e-02 4.723395779728889465e-02 2.541025727987289429e-02 5.344022437930107117e-02 2.813715487718582153e-02 3.637726604938507080e-02 5.433846265077590942e-02 1.556938327848911285e-02 4.510680958628654480e-02 6.418396532535552979e-02 6.322596222162246704e-03 2.025517448782920837e-02 4.759559407830238342e-02 9.264430962502956390e-03 4.961377009749412537e-02 3.804239630699157715e-02 3.876757249236106873e-02 1.693020574748516083e-02 8.182748407125473022e-02 4.716161265969276428e-02 6.389824301004409790e-02 4.736986383795738220e-02 1.301235705614089966e-02 1.839487068355083466e-02 2.326575107872486115e-02 3.798043727874755859e-02 1.791658997535705566e-02 1.267513167113065720e-02 1.716987695544958115e-03 3.931250050663948059e-02 8.426315151154994965e-03 2.700275555253028870e-02 4.311910271644592285e-02 4.509813711047172546e-02 1.874002628028392792e-02 3.884981200098991394e-02 1.175914146006107330e-02 4.276145994663238525e-02 4.884436726570129395e-02 3.072051517665386200e-02 3.684926033020019531e-02 1.328616961836814880e-02 4.377697594463825226e-03 2.882492495700716972e-03 2.260088734328746796e-02 3.386674448847770691e-02 3.315804898738861084e-02 3.428454324603080750e-02 6.143758539110422134e-03 3.644372522830963135e-02 5.999801307916641235e-02 1.952527835965156555e-02 4.749115556478500366e-02 5.240564793348312378e-02 4.398493096232414246e-02 1.608305610716342926e-02 1.390116196125745773e-02 1.460647443309426308e-03 1.383420079946517944e-02 3.386044874787330627e-02 3.764364868402481079e-02 1.926156133413314819e-02
2.222785726189613342e-02 3.473828732967376709e-02 1.115645933896303177e-02 1.131139919161796570e-01 4.851693809032440186e-01 1.077849324792623520e-02 1.706096529960632324e-02 5.554730445146560669e-02 2.595121040940284729e-02 5.450390651822090149e-02 3.774089738726615906e-02 4.557266831398010254e-03 3.180412203073501587e-02 2.248571254312992096e-02 3.376548364758491516e-02 2.776974439620971680e-02 4.969698563218116760e-02 1.359829958528280258e-02 1.302561257034540176e-02 3.365095704793930054e-03 3.470920771360397339e-02 1.526580099016427994e-02 5.895479116588830948e-03 1.627544057555496693e-03 1.363278832286596298e-02 4.281112551689147949e-02 4.325474426150321960e-02 3.478095680475234985e-02 5.976157262921333313e-03 2.434052526950836182e-02 1.436425559222698212e-02 2.513997629284858704e-02 1.614708267152309418e-02 3.774907812476158142e-02 5.782673880457878113e-02 5.221316963434219360e-02 3.187243128195405006e-04 3.212823346257209778e-02 2.018255367875099182e-02 4.928443580865859985e-02 2.686272561550140381e-02 3.586610034108161926e-02 9.221978485584259033e-03 3.836496919393539429e-02 3.130302950739860535e-02 7.778882514685392380e-03 1.925489306449890137e-02 1.554302871227264404e-02 3.000144474208354950e-02 3.533190861344337463e-02 1.036855950951576233e-02 3.106834180653095245e-02 1.180201303213834763e-02 1.782295294106006622e-02 6.475770380347967148e-03 2.722021564841270447e-02 9.778688661754131317e-03 6.330509483814239502e-02 4.003931581974029541e-02 1.712654531002044678e-02 2.051824890077114105e-02 5.563088506460189819e-02 1.735199615359306335e-02 3.102675452828407288e-02 3.245523571968078613e-02 3.198567405343055725e-02 1.874802075326442719e-02 4.857992287725210190e-03 2.872616797685623169e-02 3.437086939811706543e-02 7.495700567960739136e-02 1.159961102530360222e-03 6.326574087142944336e-02 2.543743699789047241e-02 9.994207322597503662e-02 2.534614503383636475e-02 1.218315586447715759e-02 3.367777541279792786e-02 4.334188532084226608e-03 1.313951448537409306e-03 6.199635565280914307e-02 1.792545989155769348e-02 1.536410185508430004e-03 2.889418229460716248e-02 5.575246177613735199e-03 4.247642308473587036e-02 4.811972752213478088e-02 3.457795083522796631e-02 5.952565465122461319e-03 1.440827455371618271e-02 1.922969333827495575e-02 9.624619036912918091e-03 4.956779628992080688e-02 1.986738108098506927e-02 2.433229796588420868e-02 2.247564494609832764e-03 2.604535035789012909e-02 6.079554557800292969e-03 2.663403749465942383e-02 2.234368026256561279e-02 3.165785223245620728e-02 1.832082867622375488e-02 3.872647648677229881e-03 1.688565127551555634e-02 4.123903810977935791e-02 1.989506371319293976e-02 2.117031998932361603e-02 2.547504194080829620e-02 2.208843594416975975e-03 2.694213762879371643e-02 3.789405524730682373e-02 5.758246872574090958e-03 1.679858937859535217e-02 4.198103025555610657e-02 3.823278844356536865e-02 1.200624182820320129e-02
2.467390894889831543e-02 7.162211835384368896e-02 1.036099437624216080e-02 3.543027490377426147e-02 1.077849324792623520e-02 4.734513759613037109e-01 1.364278793334960938e-01 2.615765854716300964e-02 4.885445814579725266e-04 1.756012625992298126e-02 5.660075321793556213e-02 2.630691416561603546e-02 7.481351494789123535e-02 7.044546306133270264e-02 6.688483059406280518e-03 1.312528736889362335e-02 1.961084082722663879e-02 4.642407002393156290e-04 4.698425531387329102e-03 2.658248879015445709e-02 1.414506975561380386e-02 2.776393666863441467e-02 3.585204012779286131e-06 1.176046859472990036e-02 9.992877952754497528e-03 5.002622026950120926e-03 3.586920350790023804e-02 2.354523725807666779e-02 5.508725717663764954e-02 1.263227686285972595e-02 2.553918026387691498e-02 4.860225133597850800e-03 2.880155853927135468e-02 6.847432814538478851e-03 1.446481794118881226e-02 6.198479095473885536e-04 1.291405875235795975e-03 2.654245868325233459e-02 1.969684660434722900e-02 3.056733310222625732e-02 4.176427796483039856e-02 2.371619455516338348e-02 1.135761011391878128e-02 9.263443760573863983e-03 2.384557202458381653e-02 5.406399816274642944e-02 2.968864887952804565e-02 2.501614764332771301e-02 3.501004353165626526e-02 4.202684760093688965e-02 4.559572413563728333e-02 3.527633845806121826e-02 2.936309017241001129e-02 1.432531513273715973e-02 9.715088643133640289e-03 3.684400394558906555e-02 2.983657829463481903e-02 1.755518838763237000e-02 3.167565912008285522e-02 2.852131426334381104e-02 2.513958700001239777e-02 5.855402443557977676e-03 5.404425039887428284e-02 1.069348864257335663e-02 3.041726909577846527e-02 1.053815428167581558e-02 6.051187403500080109e-03 1.221785321831703186e-02 2.358417026698589325e-02 1.786635629832744598e-02 1.483171433210372925e-02 3.524928912520408630e-02 1.644087210297584534e-02 3.214051248505711555e-03 1.850037719123065472e-03 4.757878184318542480e-02 2.190565317869186401e-02 1.957558654248714447e-02 5.027804523706436157e-02 5.461432412266731262e-02 2.325948700308799744e-02 2.056834287941455841e-02 1.528773223981261253e-03 2.200383134186267853e-02 2.404884062707424164e-02 3.769415244460105896e-02 4.518105834722518921e-02 1.852232590317726135e-02 3.608473762869834900e-02 2.811492979526519775e-02 5.811791401356458664e-03 3.881890326738357544e-02 8.010108023881912231e-03 4.696865007281303406e-02 7.780569046735763550e-02 2.776939608156681061e-02 8.791642612777650356e-04 3.125985711812973022e-02 1.782858511433005333e-03 1.129842922091484070e-02 1.618742197751998901e-02 1.681815017946064472e-03 2.834542840719223022e-02 1.236997172236442566e-02 3.466376662254333496e-02 2.393666654825210571e-02 4.286907985806465149e-02 2.678816765546798706e-02 5.507726687937974930e-03 7.982592098414897919e-03 1.652680709958076477e-02 3.143052384257316589e-02 1.933943293988704681e-02 3.616942837834358215e-02 8.741266094148159027e-03 5.138202011585235596e-02
1.845672726631164551e-02 1.261147558689117432e-01 2.757513895630836487e-02 4.064102843403816223e-02 1.706096529960632324e-02 1.364278793334960938e-01 4.915720224380493164e-01 3.255590796470642090e-03 3.956162929534912109e-02 4.758077859878540039e-02 1.531041599810123444e-02 1.996716111898422241e-02 1.120147183537483215e-01 2.924548462033271790e-03 2.548748627305030823e-02 1.759469695389270782e-02 7.902448065578937531e-03 4.053418338298797607e-02 4.514593258500099182e-02 3.823412954807281494e-02 2.723686583340167999e-02 5.214757402427494526e-04 4.131953790783882141e-02 2.102439478039741516e-02 4.421431198716163635e-02 3.920631855726242065e-02 3.739440614936029306e-07 2.396176755428314209e-02 3.263041004538536072e-02 1.875112205743789673e-02 3.999545052647590637e-02 4.107635095715522766e-02 2.981601282954216003e-02 3.955129534006118774e-02 3.193681314587593079e-02 3.110310994088649750e-02 4.578087106347084045e-02 2.951450087130069733e-02 2.967173606157302856e-02 4.561035707592964172e-02 1.159924082458019257e-02 2.940415032207965851e-02 9.929692605510354042e-04 1.291277701966464520e-03 1.273080147802829742e-02 3.030871413648128510e-02 4.227228090167045593e-02 5.995394662022590637e-02 6.268668919801712036e-02 5.730302631855010986e-02 2.533283084630966187e-02 1.652727276086807251e-02 1.898400112986564636e-02 2.269742265343666077e-02 1.064728293567895889e-02 3.513360023498535156e-02 1.213296968489885330e-02 2.472701249644160271e-03 2.683518268167972565e-02 2.658065594732761383e-02 4.058377444744110107e-02 2.060088701546192169e-02 5.449423566460609436e-03 3.771927207708358765e-02 6.101697683334350586e-02 2.773062512278556824e-02 4.001814499497413635e-02 4.329026490449905396e-02 3.277232125401496887e-02 4.953605309128761292e-02 3.265082836151123047e-02 7.132699713110923767e-03 1.536650117486715317e-02 1.114992424845695496e-02 2.883669547736644745e-02 5.834139417856931686e-03 2.044535800814628601e-02 3.181352466344833374e-02 6.362348049879074097e-02 2.990942634642124176e-02 4.226679354906082153e-02 1.183429546654224396e-02 3.294612467288970947e-02 3.409184142947196960e-02 2.824048325419425964e-02 2.105539105832576752e-02 4.306288901716470718e-03 4.808006063103675842e-02 1.252255588769912720e-02 2.965067140758037567e-02 4.274807125329971313e-02 5.648916214704513550e-02 4.527353495359420776e-02 2.022804133594036102e-02 4.434407129883766174e-02 2.790164202451705933e-02 4.056310281157493591e-02 3.333080187439918518e-02 1.494415756314992905e-02 9.131265804171562195e-03 1.793945208191871643e-02 2.666136436164379120e-02 1.360023394227027893e-02 4.106051474809646606e-02 3.294218331575393677e-02 3.221354261040687561e-02 2.564455568790435791e-02 2.449570782482624054e-02 5.205440800637006760e-03 4.486206546425819397e-02 3.848931938409805298e-02 1.615484803915023804e-02 9.891527704894542694e-03 3.138479217886924744e-02 3.170912340283393860e-02 3.856327384710311890e-02
1.838714629411697388e-02 3.715794906020164490e-02 5.626787245273590088e-02 7.787099108099937439e-03 5.554730445146560669e-02 2.615765854716300964e-02 3.255590796470642090e-03 4.710696339607238770e-01 2.038396336138248444e-02 3.621141612529754639e-02 1.052031014114618301e-02 1.892942562699317932e-02 1.488269120454788208e-02 1.690204069018363953e-02 5.868757516145706177e-02 3.564515337347984314e-02 2.500371076166629791e-02 1.440810598433017731e-02 3.741907328367233276e-02 3.722262568771839142e-03 6.834296975284814835e-03 1.041213702410459518e-02 4.315708577632904053e-02 3.338788449764251709e-02 2.845242805778980255e-02 2.805239334702491760e-02 2.621458470821380615e-02 3.598257899284362793e-03 8.065798133611679077e-02 1.809117035008966923e-03 4.639061540365219116e-02 3.793940320611000061e-02 1.408191677182912827e-02 3.616687655448913574e-02 1.287338882684707642e-02 2.376261167228221893e-02 2.007529884576797485e-02 3.742814809083938599e-02 8.106121793389320374e-03 3.209750866517424583e-03 7.381623238325119019e-02 4.025150090456008911e-02 3.884267061948776245e-02 3.903383761644363403e-02 3.417193144559860229e-02 3.130914643406867981e-02 2.468251623213291168e-02 2.803767472505569458e-02 2.895505353808403015e-02 1.929187960922718048e-02 1.282032020390033722e-02 3.577115014195442200e-02 4.072405025362968445e-02 1.637164503335952759e-02 9.253026917576789856e-03 2.445825561881065369e-02 3.265144769102334976e-04 8.853273466229438782e-03 1.013049855828285217e-02 4.611107707023620605e-02 3.542554005980491638e-02 1.676147803664207458e-02 2.249705418944358826e-02 5.269164219498634338e-03 7.053302973508834839e-02 3.041096031665802002e-02 2.279163524508476257e-02 2.318152599036693573e-02 3.668804094195365906e-02 2.322835614904761314e-03 6.102613173425197601e-03 2.219661138951778412e-02 1.267677871510386467e-03 2.124505303800106049e-02 7.351789157837629318e-03 3.000473231077194214e-02 3.989699855446815491e-02 1.302757952362298965e-02 1.706877723336219788e-02 3.350370004773139954e-02 1.540894657373428345e-01 1.377314031124114990e-01 3.705948218703269958e-02 3.085051290690898895e-02 4.798277746886014938e-03 9.680759161710739136e-03 6.413856148719787598e-02 9.205473959445953369e-02 2.090720459818840027e-02 4.898438975214958191e-02 4.298207163810729980e-02 1.905650249682366848e-03 1.900153979659080505e-02 7.456488441675901413e-03 4.105221480131149292e-03 2.102015540003776550e-02 2.398108877241611481e-02 1.015176810324192047e-02 8.941480889916419983e-03 1.457435730844736099e-02 3.352893516421318054e-02 1.439448818564414978e-02 1.893969252705574036e-02 1.127238869667053223e-01 4.499832913279533386e-02 3.991866111755371094e-02 2.529904805123806000e-02 2.072215266525745392e-02 4.234592616558074951e-02 2.713533304631710052e-02 2.155427448451519012e-02 2.194212749600410461e-02 2.187441475689411163e-02 2.419536747038364410e-02 2.561460435390472412e-02 5.067069828510284424e-02
1.817804202437400818e-02 4.704366624355316162e-02 3.365066275000572205e-02 2.655876427888870239e-02 2.595121040940284729e-02 4.885445814579725266e-04 3.956162929534912109e-02 2.038396336138248444e-02 4.961885511875152588e-01 3.568251058459281921e-02 2.472331561148166656e-02 7.970227301120758057e-02 2.120730234310030937e-03 4.164091870188713074e-02 2.856472693383693695e-02 2.766275778412818909e-02 5.048052221536636353e-02 8.107613772153854370e-02 2.399359084665775299e-02 8.577675558626651764e-03 5.227715522050857544e-02 2.708409912884235382e-03 4.202441126108169556e-02 4.050099849700927734e-02 4.557137936353683472e-02 5.144823342561721802e-02 3.156540170311927795e-02 2.552139386534690857e-02 6.986707448959350586e-04 5.449391156435012817e-02 6.654044613242149353e-03 4.959126934409141541e-02 4.325028508901596069e-02 1.112121250480413437e-02 4.256991297006607056e-02 9.945084340870380402e-03 1.647039316594600677e-02 4.592047631740570068e-02 3.011799231171607971e-02 2.167764614569023252e-04 4.447442293167114258e-02 4.723734781146049500e-02 6.495529785752296448e-03 9.495868347585201263e-03 6.035093218088150024e-02 2.294338308274745941e-03 1.925959065556526184e-02 4.765889607369899750e-04 2.279710955917835236e-02 5.080787092447280884e-02 2.291310764849185944e-02 3.865505754947662354e-02 5.545065924525260925e-02 1.024211477488279343e-02 4.388526082038879395e-02 4.149587824940681458e-02 2.916653640568256378e-03 4.266791045665740967e-03 1.636397466063499451e-02 5.322957411408424377e-03 3.064275532960891724e-02 4.846801981329917908e-02 3.670937567949295044e-02 5.764582008123397827e-02 1.479067467153072357e-02 1.420871913433074951e-02 1.686504110693931580e-02 3.367400541901588440e-02 2.951059676706790924e-02 4.208580590784549713e-03 6.944123189896345139e-03 7.800430804491043091e-02 3.229820728302001953e-02 2.392253838479518890e-02 5.513232573866844177e-02 6.006764993071556091e-02 1.499964445829391479e-01 6.032146140933036804e-02 6.013063713908195496e-02 1.562934555113315582e-02 2.282095141708850861e-02 4.526354372501373291e-02 5.330506712198257446e-02 2.913493663072586060e-02 1.864214427769184113e-02 3.654831275343894958e-02 3.062820807099342346e-02 4.840740934014320374e-02 3.301444649696350098e-02 2.413897402584552765e-02 9.310888126492500305e-03 6.905654910951852798e-03 5.310716107487678528e-02 4.035902023315429688e-02 3.243292868137359619e-02 1.492488663643598557e-02 2.756434120237827301e-02 1.241249032318592072e-02 3.591462597250938416e-02 3.080814518034458160e-02 1.841529645025730133e-02 1.195201650261878967e-02 3.548849141225218773e-03 3.924508020281791687e-02 3.496699035167694092e-02 8.546224795281887054e-03 5.390513688325881958e-03 2.753652073442935944e-02 1.938391104340553284e-02 2.466795966029167175e-02 2.196751534938812256e-02 1.231645513325929642e-02 3.376945853233337402e-02 1.971160247921943665e-02 4.782231152057647705e-02 1.828359067440032959e-02
1.976560801267623901e-02 1.313945744186639786e-02 3.569399192929267883e-02 8.466827683150768280e-03 5.450390651822090149e-02 1.756012625992298126e-02 4.758077859878540039e-02 3.621141612529754639e-02 3.568251058459281921e-02 5.061237812042236328e-01 3.514659777283668518e-02 6.046212464570999146e-02 3.057049401104450226e-02 2.795058116316795349e-02 4.564822465181350708e-02 8.878472261130809784e-03 3.363550081849098206e-02 3.358110785484313965e-02 8.590697497129440308e-02 2.901425398886203766e-02 2.924081310629844666e-02 1.256394013762474060e-02 4.567662626504898071e-02 7.267772220075130463e-03 4.065289348363876343e-02 3.461605682969093323e-02 1.895828358829021454e-02 4.153712093830108643e-02 2.618589065968990326e-02 6.366167217493057251e-03 1.647421345114707947e-02 4.379364103078842163e-02 2.476117573678493500e-03 3.732217475771903992e-02 1.235437300056219101e-02 1.308274082839488983e-02 3.560872003436088562e-02 3.285102546215057373e-02 1.489280629903078079e-02 1.012265123426914215e-02 1.149654295295476913e-02 2.504108240827918053e-03 1.886611804366111755e-02 2.966748923063278198e-02 2.507794648408889771e-02 4.924807697534561157e-02 1.865394227206707001e-02 9.625796228647232056e-03 4.329321905970573425e-02 7.845042645931243896e-02 5.280744656920433044e-02 8.542719297111034393e-03 6.341681350022554398e-03 5.532201845198869705e-03 2.691358886659145355e-02 5.523921549320220947e-02 7.824950851500034332e-03 2.652106992900371552e-02 7.828580215573310852e-03 4.087822046130895615e-03 2.179651334881782532e-02 2.266699820756912231e-02 4.654050245881080627e-02 1.084271166473627090e-02 1.344129629433155060e-02 6.581520196050405502e-03 2.268007956445217133e-02 1.745470426976680756e-02 1.891221292316913605e-02 5.997561290860176086e-02 5.819809809327125549e-02 1.678828150033950806e-02 1.451268792152404785e-02 7.402268052101135254e-02 4.502918943762779236e-02 7.493060082197189331e-03 1.949980668723583221e-02 9.813205152750015259e-02 4.592503234744071960e-02 8.985427021980285645e-02 2.945753559470176697e-02 4.409859701991081238e-02 1.545764412730932236e-02 6.197456642985343933e-02 2.489411458373069763e-02 6.081743165850639343e-02 1.675512082874774933e-02 3.532727807760238647e-02 4.322907421737909317e-03 1.825484819710254669e-02 1.228113006800413132e-02 1.059802528470754623e-02 1.093036402016878128e-02 2.475301362574100494e-02 1.581070385873317719e-02 3.147612512111663818e-02 5.406017601490020752e-02 2.101448364555835724e-02 4.520157352089881897e-02 1.833312958478927612e-02 4.353060945868492126e-02 1.326954737305641174e-02 1.196363195776939392e-02 3.799236565828323364e-02 2.487146109342575073e-02 3.880008822306990623e-03 3.240118548274040222e-02 2.499578520655632019e-02 2.493381313979625702e-02 3.544408828020095825e-02 2.580391988158226013e-02 8.566623553633689880e-03 4.376949369907379150e-02 3.304001316428184509e-02 2.898089587688446045e-02 1.346659101545810699e-02
1.419534832239151001e-01 6.320773065090179443e-02 4.395776242017745972e-02 1.291490159928798676e-02 3.774089738726615906e-02 5.660075321793556213e-02 1.531041599810123444e-02 1.052031014114618301e-02 2.472331561148166656e-02 3.514659777283668518e-02 4.612996578216552734e-01 2.099392469972372055e-03 1.296581476926803589e-01 2.653246279805898666e-03 7.666768878698348999e-02 4.143993556499481201e-02 3.371378034353256226e-02 1.621336676180362701e-02 1.156797353178262711e-02 3.910174965858459473e-02 1.379752904176712036e-02 2.910893782973289490e-02 7.374193053692579269e-03 3.404956683516502380e-02 1.183650549501180649e-02 4.295550286769866943e-03 4.185963049530982971e-02 2.053152956068515778e-02 2.693862654268741608e-02 1.403540745377540588e-02 4.130231589078903198e-02 1.840620301663875580e-02 2.898752503097057343e-02 5.615659430623054504e-02 1.821495033800601959e-02 2.516871690750122070e-02 3.673315048217773438e-02 2.976417599711567163e-04 1.744454354047775269e-02 1.532905735075473785e-02 1.142991799861192703e-02 2.579836733639240265e-02 2.713172696530818939e-02 3.344144672155380249e-02 1.971239969134330750e-02 3.527965396642684937e-02 3.130966098979115486e-03 3.729080036282539368e-02 3.270732983946800232e-02 1.675754040479660034e-02 3.034615702927112579e-02 3.323756158351898193e-02 1.819512061774730682e-02 1.484788954257965088e-02 2.453567273914813995e-02 2.433896809816360474e-02 3.814101591706275940e-02 9.832842042669653893e-04 3.435594588518142700e-02 2.357904333621263504e-03 3.012429177761077881e-02 1.144857890903949738e-02 4.625787958502769470e-03 2.051514945924282074e-02 3.297400474548339844e-02 2.947886288166046143e-02 2.311982400715351105e-02 2.488173078745603561e-03 2.970627136528491974e-02 1.132121682167053223e-02 3.835616260766983032e-02 1.816184259951114655e-02 6.641513668000698090e-03 2.319498686119914055e-03 7.324456237256526947e-03 4.379136487841606140e-02 3.188305348157882690e-02 4.249328747391700745e-02 4.157031327486038208e-02 3.574962913990020752e-02 4.668813571333885193e-02 3.859274461865425110e-02 1.164882164448499680e-02 3.680359572172164917e-02 4.195885732769966125e-02 2.542115561664104462e-02 3.574209660291671753e-02 4.620416834950447083e-02 1.435238029807806015e-02 3.952853381633758545e-02 6.915724370628595352e-03 1.288251514779403806e-04 2.494342438876628876e-02 2.805872634053230286e-02 3.556746244430541992e-02 5.980689451098442078e-02 2.833985351026058197e-02 3.272577375173568726e-02 8.438497781753540039e-03 1.946824789047241211e-02 2.026142366230487823e-02 1.056990004144608974e-03 2.076111361384391785e-02 1.886829547584056854e-02 2.700466476380825043e-02 1.534948963671922684e-02 3.509919717907905579e-02 1.040604524314403534e-02 4.652798175811767578e-03 3.093717806041240692e-02 2.199918404221534729e-02 1.544529572129249573e-02 3.094046935439109802e-02 2.701300010085105896e-02 5.247919820249080658e-03 1.133278943598270416e-02
4.280191659927368164e-02 4.207755625247955322e-02 1.473264954984188080e-02 2.814444527029991150e-02 4.557266831398010254e-03 2.630691416561603546e-02 1.996716111898422241e-02 1.892942562699317932e-02 7.970227301120758057e-02 6.046212464570999146e-02 2.099392469972372055e-03 4.870770871639251709e-01 4.522808641195297241e-02 1.958733052015304565e-01 2.680368162691593170e-02 5.654659122228622437e-02 4.543158039450645447e-02 4.767297580838203430e-02 2.210243977606296539e-02 7.351888343691825867e-03 1.447389600798487663e-03 1.819181814789772034e-02 4.893310740590095520e-02 5.845547094941139221e-02 2.096713520586490631e-02 8.819839917123317719e-03 3.277532756328582764e-02 9.717381745576858521e-02 6.362681277096271515e-03 8.527123928070068359e-02 4.698416218161582947e-02 2.339502237737178802e-02 2.953574992716312408e-02 3.514975681900978088e-02 2.477763965725898743e-02 3.637688979506492615e-02 3.752881661057472229e-02 2.648903056979179382e-02 1.831803098320960999e-02 1.141772046685218811e-02 4.462623223662376404e-02 4.524666815996170044e-02 5.151801183819770813e-02 2.613021060824394226e-03 1.737382821738719940e-02 3.825601935386657715e-02 3.798398002982139587e-02 1.536730304360389709e-02 7.466725073754787445e-03 5.257523059844970703e-02 9.843517327681183815e-04 4.726975038647651672e-02 9.197492152452468872e-03 2.987230755388736725e-02 3.653309121727943420e-02 1.404230017215013504e-02 4.162651672959327698e-02 2.265843562781810760e-02 1.614304818212985992e-02 1.433732826262712479e-02 1.223983708769083023e-02 2.970874123275279999e-02 3.057816252112388611e-02 6.222387310117483139e-03 3.287807852029800415e-02 2.267673611640930176e-02 4.252861812710762024e-02 3.087765909731388092e-02 3.653093427419662476e-02 2.507440559566020966e-02 2.283469401299953461e-02 5.619870498776435852e-03 1.709653623402118683e-02 2.611790038645267487e-02 4.427721723914146423e-02 1.111419592052698135e-02 5.716467276215553284e-02 6.854711566120386124e-03 5.524240434169769287e-02 1.161360368132591248e-02 3.854343295097351074e-02 5.071476916782557964e-04 7.654944900423288345e-03 7.257981691509485245e-03 2.100158855319023132e-02 1.996541582047939301e-02 1.798164332285523415e-03 4.938272759318351746e-02 7.365767657756805420e-02 6.780654937028884888e-02 3.967629745602607727e-02 7.750688120722770691e-03 2.434570714831352234e-02 4.674651660025119781e-03 1.178666483610868454e-02 3.557937964797019958e-02 4.342164471745491028e-02 3.372210636734962463e-02 2.725718542933464050e-03 1.539128273725509644e-02 3.155155852437019348e-02 1.272352412343025208e-02 8.152987807989120483e-03 3.828743100166320801e-02 2.655231766402721405e-02 2.947058528661727905e-02 1.804187893867492676e-02 2.903316915035247803e-02 3.744725510478019714e-02 2.454555779695510864e-02 8.898661471903324127e-03 2.848875150084495544e-02 4.305946081876754761e-02 2.398985251784324646e-02 1.393723394721746445e-02 9.352536872029304504e-03
3.564210236072540283e-02 7.113029062747955322e-02 1.843437552452087402e-02 2.332667447626590729e-02 3.180412203073501587e-02 7.481351494789123535e-02 1.120147183537483215e-01 1.488269120454788208e-02 2.120730234310030937e-03 3.057049401104450226e-02 1.296581476926803589e-01 4.522808641195297241e-02 4.728653430938720703e-01 8.674532920122146606e-02 5.642452836036682129e-02 9.845041669905185699e-03 2.572823315858840942e-02 5.979915615171194077e-03 1.943620480597019196e-02 2.800665423274040222e-02 2.031071856617927551e-02 2.835073694586753845e-02 4.211277142167091370e-02 1.315897330641746521e-02 3.683837875723838806e-02 1.828435063362121582e-02 1.011775527149438858e-02 2.075283229351043701e-02 7.687215693295001984e-04 1.946721039712429047e-02 4.290686920285224915e-02 4.722785577178001404e-02 2.256434410810470581e-02 4.765057237818837166e-04 5.142441950738430023e-03 2.589487470686435699e-02 4.109819605946540833e-02 8.610509335994720459e-03 4.326167330145835876e-02 2.048818022012710571e-02 3.656543046236038208e-02 5.604817345738410950e-02 3.504037484526634216e-02 4.260010085999965668e-03 7.177294231951236725e-03 2.686213329434394836e-02 6.010591983795166016e-02 3.927369043231010437e-02 4.585371911525726318e-02 3.763374313712120056e-02 5.629546474665403366e-03 1.048691105097532272e-02 1.461789291352033615e-02 4.075115546584129333e-03 2.029789239168167114e-02 3.520508110523223877e-02 4.290902242064476013e-02 2.621357887983322144e-02 8.482528850436210632e-03 1.557801570743322372e-02 2.695940993726253510e-02 1.766191981732845306e-02 4.978752881288528442e-02 8.733179420232772827e-03 4.553796350955963135e-02 3.020752407610416412e-02 1.908595487475395203e-02 2.842962928116321564e-02 2.404417656362056732e-02 3.713044524192810059e-02 8.897497318685054779e-03 2.068959735333919525e-02 7.117891684174537659e-03 2.273170830449089408e-04 1.157018728554248810e-02 4.904622212052345276e-03 2.423735894262790680e-02 3.590001910924911499e-02 5.319025833159685135e-03 1.147515419870615005e-02 3.503912687301635742e-02 2.038737945258617401e-02 3.656620532274246216e-02 1.459091249853372574e-02 4.216536134481430054e-02 3.533732146024703979e-03 4.189699888229370117e-02 9.853400290012359619e-02 2.784759737551212311e-02 5.129906907677650452e-02 1.920139230787754059e-02 2.673850394785404205e-02 8.096105419099330902e-03 2.491960115730762482e-02 4.152411222457885742e-02 1.801337487995624542e-02 1.466102781705558300e-03 3.718804335221648216e-03 9.857780300080776215e-03 1.372148562222719193e-02 2.155169472098350525e-02 7.933709770441055298e-03 4.795555770397186279e-02 4.203431680798530579e-02 1.855421811342239380e-02 2.472278848290443420e-02 1.061457768082618713e-02 4.109131917357444763e-02 3.827817505225539207e-03 3.482790291309356689e-02 1.339562144130468369e-02 4.163041710853576660e-02 3.964405134320259094e-02 4.039806872606277466e-02 2.426193468272686005e-02 4.243066906929016113e-02
