5.116122364997863770e-01 1.446254253387451172e-01 1.154598500579595566e-02 2.394148707389831543e-02 6.723404512740671635e-04 1.032602861523628235e-01 8.083869516849517822e-02 2.869156189262866974e-03 1.317942049354314804e-02 3.876689821481704712e-02 1.215243861079216003e-01 1.187503221444785595e-03 1.209588646888732910e-01 4.203249141573905945e-02 3.181633353233337402e-02 3.741971403360366821e-02 8.802302181720733643e-03 4.036545287817716599e-03 3.604330494999885559e-02 2.826285548508167267e-02 4.244498908519744873e-02 2.180833369493484497e-02 9.137165616266429424e-04 2.384243719279766083e-02 3.023482300341129303e-02 2.487154491245746613e-02 2.171914651989936829e-02 5.677051958627998829e-04 5.902472883462905884e-03 5.061640217900276184e-02 1.286405511200428009e-02 2.979554980993270874e-02 1.645764149725437164e-02 4.069635644555091858e-02 3.016187809407711029e-02 7.543147657997906208e-04 5.041674710810184479e-03 5.599003285169601440e-03 1.443332876078784466e-03 4.519022628664970398e-02 2.551953494548797607e-02 1.315715394412109163e-06 1.956973969936370850e-02 3.171537443995475769e-02 1.298930775374174118e-02 5.173030495643615723e-02 9.182275086641311646e-02 2.256776904687285423e-03 2.784209093078970909e-03 3.854259848594665527e-02 1.034620683640241623e-02 2.931297197937965393e-02 4.286417365074157715e-02 5.219743400812149048e-02 2.783644245937466621e-03 3.274489194154739380e-02 2.784295193850994110e-02 1.271202601492404938e-02 5.315505433827638626e-03 1.408118475228548050e-02 1.037990301847457886e-02 3.671203181147575378e-02 3.110016137361526489e-02 1.553465798497200012e-02 2.831126376986503601e-02 2.783755538985133171e-03 3.322101011872291565e-02 2.273806557059288025e-02 1.906377635896205902e-02 1.150228735059499741e-02 1.025331113487482071e-02 5.438116379082202911e-03 3.783669322729110718e-02 4.003012087196111679e-03 4.094010591506958008e-02 3.949872218072414398e-03 1.611567847430706024e-02 4.228383675217628479e-02 1.723127439618110657e-02 1.508520543575286865e-02 5.265579093247652054e-03 3.047337755560874939e-02 1.610250771045684814e-02 9.865015745162963867e-03 4.185940325260162354e-02 1.378659158945083618e-02 2.168772183358669281e-02 2.605664357542991638e-02 1.268127374351024628e-02 2.705695293843746185e-02 2.662315219640731812e-02 1.370642054826021194e-02 1.884396187961101532e-02 2.517590299248695374e-02 1.924988464452326298e-03 7.282264064997434616e-03 8.138795383274555206e-03 1.539485808461904526e-02 1.649853587150573730e-02 7.825507782399654388e-03 1.714145205914974213e-02 2.797285839915275574e-02 3.821071982383728027e-02 1.665914990007877350e-02 4.898232966661453247e-02 3.665996715426445007e-02 2.240313775837421417e-02 1.564085297286510468e-02 3.538354858756065369e-02 3.456278145313262939e-02 8.227200247347354889e-03 4.057775437831878662e-02 1.316557079553604126e-02 3.704944998025894165e-02 1.334550790488719940e-02 3.498594462871551514e-02
1.446254253387451172e-01 5.147887468338012695e-01 1.147389691323041916e-02 1.760716317221522331e-03 3.291551768779754639e-02 1.003905236721038818e-01 9.629227221012115479e-02 1.332071516662836075e-02 7.883303798735141754e-03 5.254880338907241821e-02 1.033915430307388306e-01 8.774389862082898617e-04 1.212856620550155640e-01 5.163072422146797180e-02 1.870836131274700165e-02 1.557300705462694168e-02 1.101477444171905518e-02 1.776774227619171143e-02 2.522935625165700912e-03 2.509300224483013153e-02 4.349797591567039490e-02 3.203777968883514404e-02 1.616037450730800629e-03 2.306159771978855133e-02 4.157058894634246826e-02 2.876072935760021210e-02 1.309242565184831619e-02 2.145768515765666962e-02 1.640262454748153687e-02 3.284568712115287781e-02 2.689391258172690868e-04 1.152591314166784286e-02 4.470696207135915756e-03 3.927302733063697815e-02 3.502427786588668823e-02 1.944708637893199921e-02 3.034676983952522278e-02 5.684420000761747360e-03 2.964783925563097000e-03 2.526213228702545166e-02 3.321566432714462280e-02 8.859718218445777893e-03 2.481101453304290771e-02 3.227014467120170593e-02 2.759905159473419189e-02 3.468304499983787537e-02 1.025117188692092896e-01 3.394823893904685974e-02 4.145374987274408340e-03 2.677515707910060883e-02 8.338192477822303772e-03 1.047362573444843292e-02 3.493843600153923035e-02 4.163610562682151794e-02 5.305786617100238800e-03 2.916298061609268188e-02 1.885369978845119476e-02 8.480814285576343536e-03 1.015671063214540482e-02 1.947463862597942352e-02 2.373764524236321449e-03 3.020083718001842499e-02 4.496088658925145864e-04 3.572589904069900513e-02 2.671114355325698853e-02 3.740174928680062294e-03 3.427312150597572327e-02 3.180880472064018250e-02 1.873105391860008240e-02 3.170096315443515778e-04 8.506518788635730743e-03 6.069784983992576599e-03 2.198244072496891022e-02 9.390891529619693756e-03 4.174821823835372925e-02 2.879170351661741734e-04 1.328762900084257126e-02 4.070344194769859314e-02 3.350269398652017117e-04 7.563567720353603363e-03 1.754890941083431244e-02 1.813763938844203949e-02 2.416075021028518677e-02 1.981673948466777802e-02 4.627006873488426208e-02 1.268908148631453514e-03 1.358022168278694153e-02 2.190464548766613007e-02 7.987470598891377449e-04 4.499158635735511780e-02 3.429220616817474365e-02 3.532124683260917664e-02 8.443723432719707489e-03 1.119333691895008087e-02 6.093354430049657822e-03 6.428420543670654297e-03 7.978087291121482849e-03 8.808803744614124298e-03 2.122147008776664734e-02 1.934976316988468170e-02 2.095973305404186249e-02 2.142382971942424774e-02 3.723424673080444336e-02 1.429980713874101639e-02 4.367199167609214783e-02 3.841270878911018372e-02 1.907993853092193604e-02 5.957887507975101471e-03 2.985524944961071014e-02 3.817141428589820862e-02 5.318642593920230865e-03 3.368919342756271362e-02 2.834329940378665924e-02 4.390490055084228516e-02 1.297777239233255386e-02 2.931840717792510986e-02
1.154598500579595566e-02 1.147389691323041916e-02 5.171552896499633789e-01 4.831031896173954010e-03 3.473263466730713844e-03 2.001037262380123138e-02 3.219813108444213867e-02 1.007581055164337158e-01 1.649947091937065125e-02 1.586675457656383514e-02 2.458473481237888336e-02 2.023779042065143585e-02 6.820908281952142715e-03 2.634502574801445007e-02 3.510960936546325684e-02 7.752122473903000355e-04 1.465602498501539230e-02 4.105719563085585833e-04 1.383914519101381302e-02 1.893641427159309387e-02 2.648523775860667229e-03 2.979994751513004303e-02 3.947084769606590271e-02 2.771759219467639923e-02 1.026423647999763489e-02 7.522965315729379654e-03 3.425508365035057068e-02 4.465245828032493591e-02 2.942038327455520630e-02 8.908841758966445923e-03 4.587990790605545044e-02 4.438853636384010315e-02 3.360818699002265930e-02 1.661932840943336487e-02 4.291824996471405029e-02 2.595720253884792328e-02 2.309075370430946350e-02 2.981244213879108429e-02 4.015099722892045975e-03 3.532012179493904114e-02 9.682979434728622437e-03 1.454212702810764313e-02 1.319438219070434570e-02 3.217712044715881348e-02 4.239008948206901550e-02 6.197577808052301407e-03 3.514882922172546387e-02 1.245642639696598053e-02 3.190939873456954956e-02 5.973477382212877274e-03 3.135904297232627869e-02 3.678067773580551147e-02 4.680730402469635010e-02 2.740652859210968018e-02 7.018222822807729244e-04 1.273123081773519516e-02 7.926632650196552277e-03 6.588391959667205811e-03 2.291672676801681519e-02 8.829656988382339478e-03 1.429066248238086700e-02 3.815156593918800354e-02 2.052097581326961517e-02 4.438028484582901001e-02 4.927116259932518005e-02 2.605489641427993774e-02 4.524397850036621094e-02 5.364769094740040600e-05 3.020607307553291321e-02 3.248986601829528809e-02 3.886771574616432190e-02 2.043688297271728516e-02 3.461353480815887451e-02 2.008622884750366211e-02 3.908561542630195618e-02 4.466360900551080704e-03 2.472073026001453400e-02 1.744579710066318512e-02 4.155079647898674011e-02 3.358600661158561707e-02 1.256644427776336670e-01 8.217169344425201416e-02 2.861014753580093384e-02 1.627948693931102753e-02 2.563476562500000000e-02 2.935823425650596619e-02 7.571531087160110474e-02 1.698665134608745575e-02 3.380722552537918091e-02 2.414199896156787872e-02 4.269391670823097229e-02 1.239053253084421158e-02 4.378637671470642090e-02 1.674001663923263550e-02 3.764734137803316116e-03 4.075182601809501648e-02 2.296643331646919250e-02 1.558468677103519440e-02 5.132533982396125793e-02 4.586068168282508850e-02 3.724161162972450256e-02 2.500054240226745605e-02 1.369991526007652283e-02 3.115301765501499176e-02 2.997987717390060425e-02 2.398867718875408173e-02 1.680190674960613251e-02 2.199761383235454559e-02 3.411786630749702454e-02 3.579556569457054138e-02 1.700338348746299744e-02 2.482958696782588959e-02 2.724331337958574295e-03 8.082305081188678741e-03 2.461234852671623230e-02 5.466021969914436340e-02
2.394148707389831543e-02 1.760716317221522331e-03 4.831031896173954010e-03 5.068376064300537109e-01 2.466808408498764038e-01 4.292928427457809448e-02 4.192283749580383301e-02 1.502683199942111969e-02 1.877584867179393768e-02 5.016021057963371277e-02 2.790509723126888275e-02 2.685531973838806152e-02 1.159257255494594574e-02 1.361336559057235718e-02 4.717584699392318726e-02 7.259142585098743439e-04 3.752254694700241089e-02 8.176541328430175781e-02 5.751023441553115845e-02 2.400100976228713989e-02 1.691124401986598969e-03 2.289683744311332703e-02 8.385007386095821857e-04 2.142786607146263123e-02 3.654352203011512756e-02 2.439908683300018311e-02 3.406975790858268738e-02 1.089823548682034016e-03 1.138717122375965118e-02 2.835778705775737762e-02 3.887261846102774143e-04 4.413865134119987488e-02 4.343140497803688049e-02 2.789299190044403076e-02 2.478650771081447601e-02 3.313648328185081482e-02 3.517780825495719910e-02 1.487866230309009552e-02 6.925305724143981934e-02 1.090443432331085205e-01 2.891859970986843109e-02 2.497871406376361847e-02 1.438367553055286407e-02 3.891662508249282837e-02 2.722171135246753693e-02 2.375054173171520233e-02 1.000039838254451752e-02 1.815344952046871185e-02 3.460532426834106445e-02 3.836397454142570496e-02 1.113064773380756378e-02 3.130822209641337395e-03 9.243225678801536560e-03 3.549802303314208984e-02 4.425123706459999084e-02 4.709756746888160706e-02 1.670397445559501648e-02 3.416812792420387268e-02 4.407816380262374878e-02 1.672414876520633698e-02 9.400646388530731201e-02 4.732129722833633423e-02 9.770990349352359772e-03 7.117987610399723053e-03 3.065094165503978729e-02 3.559697046875953674e-02 3.777112066745758057e-02 2.432284876704216003e-02 3.324107453227043152e-02 9.282080456614494324e-03 2.508819801732897758e-03 2.450789511203765869e-02 1.250766813755035400e-01 1.773506519384682178e-03 1.076093614101409912e-01 9.178584441542625427e-03 2.961616776883602142e-02 2.981448359787464142e-02 6.219754461199045181e-03 6.095272954553365707e-03 1.459137303754687309e-03 4.871779307723045349e-02 7.291784137487411499e-02 7.679589092731475830e-02 9.167564101517200470e-03 2.149600535631179810e-03 9.661590680480003357e-03 1.167608797550201416e-02 4.533065482974052429e-02 4.045343771576881409e-02 2.509492076933383942e-02 4.142412915825843811e-03 1.794374361634254456e-02 2.527412958443164825e-02 5.379090830683708191e-02 2.786131575703620911e-02 1.774182170629501343e-02 2.592600882053375244e-02 2.497784234583377838e-02 3.272797539830207825e-02 1.166022848337888718e-02 3.650310263037681580e-02 1.446139905601739883e-02 4.942715540528297424e-02 6.728019099682569504e-03 2.598088420927524567e-02 1.367976050823926926e-02 1.223602145910263062e-02 2.500023506581783295e-02 3.915536403656005859e-02 6.579282227903604507e-03 2.545602619647979736e-02 3.485531359910964966e-02 3.763533011078834534e-02 2.557980827987194061e-02 1.945480145514011383e-02
6.723404512740671635e-04 3.291551768779754639e-02 3.473263466730713844e-03 2.466808408498764038e-01 4.923995435237884521e-01 5.259897094219923019e-03 3.796475008130073547e-02 6.108245346695184708e-03 2.561794035136699677e-02 1.315739937126636505e-02 3.179565304890275002e-03 3.462946508079767227e-03 1.029083970934152603e-02 1.406662724912166595e-02 3.524121642112731934e-02 9.842807427048683167e-03 1.219203881919384003e-02 2.732655964791774750e-02 6.209908798336982727e-02 2.907603979110717773e-02 3.977053333073854446e-03 3.041457012295722961e-02 4.066886007785797119e-02 5.124453920871019363e-03 5.886100698262453079e-03 3.054394945502281189e-02 8.415302261710166931e-03 1.184725482016801834e-02 7.053597830235958099e-03 1.892029191367328167e-03 2.041476592421531677e-02 2.745518647134304047e-02 4.500484466552734375e-02 3.821039944887161255e-02 1.576079428195953369e-02 4.488963633775711060e-02 4.734029620885848999e-02 1.469363085925579071e-02 2.992547675967216492e-02 1.374099403619766235e-01 2.278670296072959900e-02 3.671542555093765259e-02 3.971392288804054260e-02 5.180557072162628174e-02 5.208105780184268951e-03 3.205597773194313049e-02 1.340623386204242706e-02 4.365729168057441711e-03 3.024436533451080322e-02 1.317672058939933777e-02 3.097597137093544006e-02 9.976512752473354340e-03 4.448524489998817444e-02 6.184789817780256271e-03 5.757346004247665405e-02 2.461017295718193054e-02 2.408989332616329193e-02 3.091277554631233215e-02 1.208990626037120819e-02 1.301070488989353180e-02 2.697854116559028625e-02 9.966271929442882538e-03 7.330409716814756393e-03 2.051222510635852814e-02 2.811777405440807343e-02 4.200870543718338013e-02 8.783432655036449432e-03 1.068066246807575226e-02 3.764339908957481384e-02 3.727429360151290894e-02 1.228517759591341019e-02 3.928959742188453674e-02 8.921914547681808472e-02 3.306322544813156128e-02 1.137083470821380615e-01 3.538414463400840759e-02 5.462560802698135376e-03 2.180115319788455963e-02 8.556373417377471924e-03 2.126814052462577820e-02 3.351894766092300415e-02 4.136475175619125366e-02 2.942291460931301117e-02 1.687868088483810425e-01 3.056274168193340302e-02 3.392922133207321167e-02 1.292214030399918556e-03 1.787398941814899445e-02 4.091032221913337708e-02 3.052378445863723755e-02 1.864175684750080109e-02 5.040695425122976303e-03 2.513940818607807159e-02 1.310573704540729523e-02 4.014271125197410583e-02 6.944820284843444824e-02 2.530551888048648834e-02 3.514632955193519592e-02 2.009419165551662445e-02 1.109014172106981277e-02 3.596042841672897339e-02 8.717630058526992798e-03 2.639502473175525665e-02 3.059413516893982887e-03 5.227233469486236572e-02 5.144034326076507568e-02 1.316302083432674408e-02 3.282596170902252197e-02 1.682092808187007904e-02 5.816048476845026016e-03 6.558782421052455902e-03 3.551440313458442688e-02 1.559968758374452591e-02 5.932759027928113937e-03 4.514500126242637634e-02 1.201478485018014908e-02
1.032602861523628235e-01 1.003905236721038818e-01 2.001037262380123138e-02 4.292928427457809448e-02 5.259897094219923019e-03 5.086246728897094727e-01 1.110327243804931641e-01 4.425235837697982788e-02 2.350990660488605499e-02 2.624073252081871033e-02 8.806644380092620850e-02 1.688674278557300568e-02 7.372613996267318726e-02 8.677988313138484955e-03 3.088176064193248749e-02 6.475229281932115555e-03 2.009594626724720001e-02 3.180964291095733643e-02 2.205910719931125641e-02 4.708088934421539307e-02 2.411247044801712036e-02 2.734205685555934906e-02 2.327172085642814636e-02 1.486347895115613937e-02 1.725759916007518768e-02 7.674948778003454208e-03 1.394629478454589844e-02 5.997651023790240288e-04 9.115078719332814217e-04 2.589516155421733856e-02 4.662619903683662415e-02 3.556082258000969887e-03 2.760492637753486633e-02 3.406510874629020691e-02 5.206425674259662628e-03 2.665130607783794403e-02 3.796335682272911072e-02 1.811583340167999268e-02 2.488872222602367401e-02 3.605826944112777710e-02 3.641413152217864990e-02 5.637983325868844986e-03 1.005414687097072601e-02 2.539023756980895996e-02 2.656596340239048004e-02 2.246222831308841705e-02 8.982840180397033691e-02 4.527660552412271500e-03 1.470376271754503250e-02 3.938572946935892105e-03 1.384657248854637146e-02 2.449823357164859772e-02 3.992170467972755432e-02 4.175664111971855164e-02 1.623632013797760010e-02 2.294315956532955170e-03 2.573478780686855316e-02 1.134585682302713394e-02 1.149787660688161850e-02 2.929278463125228882e-02 8.812213316559791565e-03 3.338176012039184570e-02 1.022412162274122238e-02 2.522453293204307556e-02 3.052390925586223602e-02 1.013636309653520584e-02 2.596680819988250732e-02 2.664093300700187683e-02 1.749518699944019318e-02 1.358290109783411026e-02 3.345848619937896729e-02 2.545594470575451851e-03 3.622436150908470154e-02 5.349515005946159363e-03 8.115104399621486664e-03 6.794827524572610855e-03 2.304802415892481804e-03 2.287643775343894958e-02 3.188260830938816071e-03 3.388032317161560059e-02 4.477662593126296997e-02 7.629808038473129272e-03 2.530367672443389893e-02 3.154863137751817703e-03 2.860442735254764557e-02 3.956758975982666016e-02 2.161094918847084045e-03 2.653680555522441864e-02 2.266646549105644226e-02 2.091774158179759979e-02 3.992587793618440628e-03 2.454940928146243095e-03 3.730909898877143860e-02 2.138678543269634247e-02 6.799409165978431702e-03 6.192595697939395905e-03 1.533978711813688278e-02 1.445047650486230850e-02 1.489636022597551346e-02 7.975807413458824158e-03 8.432492613792419434e-03 9.472612291574478149e-03 3.447638079524040222e-02 2.167299017310142517e-02 1.823737472295761108e-02 1.710530743002891541e-02 4.019245132803916931e-02 1.991031877696514130e-02 3.501673042774200439e-02 2.003438584506511688e-02 1.633981941267848015e-03 1.130662206560373306e-02 2.735326439142227173e-02 3.465559706091880798e-02 7.956831716001033783e-03 7.253259536810219288e-04
8.083869516849517822e-02 9.629227221012115479e-02 3.219813108444213867e-02 4.192283749580383301e-02 3.796475008130073547e-02 1.110327243804931641e-01 5.122151970863342285e-01 4.401394724845886230e-02 9.155251085758209229e-03 1.380357425659894943e-02 6.972336769104003906e-02 1.843099668622016907e-02 6.981800496578216553e-02 7.917652837932109833e-03 4.723876342177391052e-02 2.403534576296806335e-02 3.634210675954818726e-02 3.802608931437134743e-03 4.056847095489501953e-02 3.338061645627021790e-02 1.836611703038215637e-02 1.447742339223623276e-02 3.012603521347045898e-02 2.777269296348094940e-02 2.726447954773902893e-02 1.378298364579677582e-02 4.636764992028474808e-03 2.893463533837348223e-04 4.552666097879409790e-03 3.291337564587593079e-02 2.814378356561064720e-03 5.462603177875280380e-03 4.566264897584915161e-02 2.205297350883483887e-03 8.692660368978977203e-03 1.941904984414577484e-02 1.612928882241249084e-02 3.322236984968185425e-02 6.153385154902935028e-03 1.489580702036619186e-02 1.887305080890655518e-02 1.273524831049144268e-03 9.771246463060379028e-03 3.639453323557972908e-03 3.682229295372962952e-02 7.743029389530420303e-03 1.094579100608825684e-01 7.033808529376983643e-02 8.430224843323230743e-03 1.630044542253017426e-02 4.986925050616264343e-03 2.317301230505108833e-03 3.196399286389350891e-02 1.336060184985399246e-02 3.354535251855850220e-02 4.589977033901959658e-04 3.142571309581398964e-03 9.664154611527919769e-03 2.057256549596786499e-02 4.458228871226310730e-02 4.629766568541526794e-02 3.236540779471397400e-02 3.325490653514862061e-02 1.330016413703560829e-03 2.947559393942356110e-02 2.252975106239318848e-02 2.709752321243286133e-02 2.719223685562610626e-02 7.289470173418521881e-03 1.768543198704719543e-02 3.297134116291999817e-02 4.519204609096050262e-03 4.956351593136787415e-02 1.113952370360493660e-03 4.762653633952140808e-02 3.166564507409930229e-03 3.115375153720378876e-02 5.249636247754096985e-03 7.620837539434432983e-03 3.529264405369758606e-02 4.172210395336151123e-02 1.006865524686872959e-03 1.119106728583574295e-02 5.093429237604141235e-02 3.304794430732727051e-02 5.518422275781631470e-02 4.367874469608068466e-03 1.448968145996332169e-02 1.520443521440029144e-02 1.825664378702640533e-02 3.780644014477729797e-02 1.365916710346937180e-02 8.314595557749271393e-03 5.977849476039409637e-03 3.810359397903084755e-03 6.572778802365064621e-03 1.276026107370853424e-02 1.086272858083248138e-02 9.154521860182285309e-03 2.585420943796634674e-02 1.548112090677022934e-02 5.746570415794849396e-03 3.839274868369102478e-02 1.247050147503614426e-02 1.591185852885246277e-02 1.236999779939651489e-02 2.277535200119018555e-02 2.402664348483085632e-02 1.460362132638692856e-02 1.666123420000076294e-02 2.012715302407741547e-02 3.267152234911918640e-02 3.219670429825782776e-02 3.547882661223411560e-02 2.136581763625144958e-02 8.679618127644062042e-03
2.869156189262866974e-03 1.332071516662836075e-02 1.007581055164337158e-01 1.502683199942111969e-02 6.108245346695184708e-03 4.425235837697982788e-02 4.401394724845886230e-02 5.084549188613891602e-01 1.288983318954706192e-02 1.139949634671211243e-02 4.979857802391052246e-02 3.733050823211669922e-02 4.083496332168579102e-02 1.723219081759452820e-02 7.069937884807586670e-02 9.793069213628768921e-03 1.414712332189083099e-02 3.236200893297791481e-03 2.276170998811721802e-02 3.740340471267700195e-02 1.495046354830265045e-02 1.557021494954824448e-02 2.792032063007354736e-02 3.222628310322761536e-02 3.931226953864097595e-02 1.562834158539772034e-02 3.851597197353839874e-03 3.041827119886875153e-02 4.513260722160339355e-02 5.401692353188991547e-03 3.792240098118782043e-02 8.743850514292716980e-03 3.583105653524398804e-02 6.993772927671670914e-03 2.624229295179247856e-03 3.468480706214904785e-02 5.013651680201292038e-04 2.816895209252834320e-02 2.661770768463611603e-02 6.735090911388397217e-02 2.009957469999790192e-02 2.113707922399044037e-02 1.603148505091667175e-02 1.647524163126945496e-02 2.484560012817382812e-02 2.189274504780769348e-02 3.531945869326591492e-02 2.707016281783580780e-02 4.200227186083793640e-02 3.802990168333053589e-02 4.556517302989959717e-02 3.436747565865516663e-02 6.507444381713867188e-02 2.959440462291240692e-02 4.931660741567611694e-02 3.350469283759593964e-03 3.237462136894464493e-03 1.609999500215053558e-02 1.945836469531059265e-02 1.469762623310089111e-02 3.921585530042648315e-02 3.895732760429382324e-02 3.741205111145973206e-02 5.682677961885929108e-03 4.868722707033157349e-02 3.663409873843193054e-02 1.462828461080789566e-02 2.546134777367115021e-02 1.767735229805111885e-03 1.299311593174934387e-02 3.085746802389621735e-02 2.347603254020214081e-02 1.290216576308012009e-02 1.289498712867498398e-02 3.070856211706995964e-03 1.720261760056018829e-02 1.115925144404172897e-02 7.110205013304948807e-03 2.390993572771549225e-02 3.843114152550697327e-02 1.453457921743392944e-01 9.214570373296737671e-02 2.375249052420258522e-03 3.745989501476287842e-02 3.110512159764766693e-02 3.686090931296348572e-02 1.139208078384399414e-01 5.637834221124649048e-02 1.030100323259830475e-02 3.152035921812057495e-02 3.430281579494476318e-02 1.147551368921995163e-02 2.240649983286857605e-02 1.316323038190603256e-02 2.080408670008182526e-02 1.393517665565013885e-02 3.199335187673568726e-02 7.946502417325973511e-03 4.158125072717666626e-02 3.689032047986984253e-02 2.465516142547130585e-02 4.787433519959449768e-02 1.300720684230327606e-02 1.836515031754970551e-02 2.376599051058292389e-02 4.327944666147232056e-02 3.007918037474155426e-02 1.571525074541568756e-02 2.221966534852981567e-02 2.850647270679473877e-02 2.401073463261127472e-02 1.706551574170589447e-02 2.066983096301555634e-02 2.318330109119415283e-02 1.939734071493148804e-02 2.641901373863220215e-02
1.317942049354314804e-02 7.883303798735141754e-03 1.649947091937065125e-02 1.877584867179393768e-02 2.561794035136699677e-02 2.350990660488605499e-02 9.155251085758209229e-03 1.288983318954706192e-02 5.125551223754882812e-01 4.287126660346984863e-02 1.232545915991067886e-02 2.133661694824695587e-02 6.565790623426437378e-03 2.035839483141899109e-02 2.592927776277065277e-02 3.362561389803886414e-02 4.681716207414865494e-03 1.768699288368225098e-02 9.897892596200108528e-04 4.947954323142766953e-03 1.971918530762195587e-02 3.030940331518650055e-02 3.097075968980789185e-02 2.479568868875503540e-02 8.635911159217357635e-03 6.640821229666471481e-03 4.097706638276576996e-03 1.246269978582859039e-02 2.296474948525428772e-02 1.589014567434787750e-02 2.274391427636146545e-02 2.327519701793789864e-03 4.792149364948272705e-02 4.966194927692413330e-02 3.214163705706596375e-02 4.094770550727844238e-02 3.874353691935539246e-02 2.975351642817258835e-03 6.655802018940448761e-03 1.921274885535240173e-02 2.447822317481040955e-02 3.649687021970748901e-02 3.750253934413194656e-03 8.474412374198436737e-03 1.618861779570579529e-02 5.434025544673204422e-03 1.248097140341997147e-02 4.905368667095899582e-03 1.201892830431461334e-02 8.264141157269477844e-03 2.197462879121303558e-02 2.954096719622612000e-02 2.785523794591426849e-02 7.748259231448173523e-03 4.406396672129631042e-02 1.456256769597530365e-02 3.536518895998597145e-03 4.957438446581363678e-03 3.204924613237380981e-02 2.493092231452465057e-02 3.793945908546447754e-02 2.419629320502281189e-02 4.300384223461151123e-02 2.942278236150741577e-02 2.471729740500450134e-02 5.484363436698913574e-02 1.944936439394950867e-02 1.438994798809289932e-02 1.671586930751800537e-02 1.534200622700154781e-03 1.477876584976911545e-02 2.577006816864013672e-03 1.690170913934707642e-02 2.384949242696166039e-03 6.578912027180194855e-03 7.453042082488536835e-03 4.424220696091651917e-02 2.779994346201419830e-02 5.142189189791679382e-02 3.260373696684837341e-02 1.130366232246160507e-02 2.603413723409175873e-02 2.247169427573680878e-02 1.554737333208322525e-02 2.078450471162796021e-02 4.295065533369779587e-03 1.145015005022287369e-02 3.705130890011787415e-02 4.741224274039268494e-02 2.603650465607643127e-02 5.430321209132671356e-03 4.734476655721664429e-02 1.295735407620668411e-02 2.140089683234691620e-02 9.116744622588157654e-03 2.228057710453867912e-03 1.475240942090749741e-02 1.419111993163824081e-02 2.490024082362651825e-02 4.195042129140347242e-04 2.678922004997730255e-02 2.370122820138931274e-02 1.582991704344749451e-02 2.587630599737167358e-02 8.862474001944065094e-03 3.462045220658183098e-03 2.046131528913974762e-02 3.168521448969841003e-02 1.284074876457452774e-02 2.398448809981346130e-02 9.663688833825290203e-04 5.075963214039802551e-02 3.594036214053630829e-03 1.302016619592905045e-02 6.888381176395341754e-05 3.670315444469451904e-02
3.876689821481704712e-02 5.254880338907241821e-02 1.586675457656383514e-02 5.016021057963371277e-02 1.315739937126636505e-02 2.624073252081871033e-02 1.380357425659894943e-02 1.139949634671211243e-02 4.287126660346984863e-02 5.142357349395751953e-01 4.488906264305114746e-02 4.713876638561487198e-03 4.746549949049949646e-02 4.835154116153717041e-02 1.766693592071533203e-02 3.996083978563547134e-03 5.544691532850265503e-02 6.154683069325983524e-04 2.077093115076422691e-03 3.135573491454124451e-02 4.333772137761116028e-02 4.578744992613792419e-02 6.202044896781444550e-03 3.981082886457443237e-02 1.771694794297218323e-02 3.897843882441520691e-02 2.230317331850528717e-02 4.258165508508682251e-02 4.626876488327980042e-02 2.869961026590317488e-04 7.459213491529226303e-03 1.757480204105377197e-02 2.881266735494136810e-02 2.456493675708770752e-02 3.844914899673312902e-04 4.805940203368663788e-03 3.057220578193664551e-02 3.935794904828071594e-02 1.965259946882724762e-02 1.586394943296909332e-02 4.135311394929885864e-02 3.026921674609184265e-02 3.919295966625213623e-02 5.826008971780538559e-03 5.882147699594497681e-02 8.796399831771850586e-02 3.217237442731857300e-02 4.446996003389358521e-02 4.239511862397193909e-02 6.756266951560974121e-02 2.184746228158473969e-02 3.186935558915138245e-02 9.478878229856491089e-03 1.542903855443000793e-02 3.413296490907669067e-02 3.198958188295364380e-02 4.933615028858184814e-02 1.458214595913887024e-02 9.521687403321266174e-03 1.154306065291166306e-02 3.641589358448982239e-02 3.636512532830238342e-02 2.564086578786373138e-03 1.005693897604942322e-02 5.042455717921257019e-02 1.816901378333568573e-02 3.196166083216667175e-02 4.438812285661697388e-02 4.237885773181915283e-02 2.011301368474960327e-02 2.092646621167659760e-02 3.563547041267156601e-03 7.358478754758834839e-02 3.013598546385765076e-02 3.850088268518447876e-02 1.922353357076644897e-02 1.274493150413036346e-02 9.097449481487274170e-02 7.221063226461410522e-02 1.378187984228134155e-01 1.527117192745208740e-02 3.933328762650489807e-02 3.441063314676284790e-02 2.465753816068172455e-02 8.968746289610862732e-03 3.347297385334968567e-02 1.199173927307128906e-02 1.702858833596110344e-03 8.156753145158290863e-03 8.164459466934204102e-02 1.224108133465051651e-02 2.133679389953613281e-02 4.471587017178535461e-03 1.872580498456954956e-02 3.947876766324043274e-02 3.800443187355995178e-02 3.266116976737976074e-02 3.262911736965179443e-02 3.612329810857772827e-02 3.601298108696937561e-02 5.410951562225818634e-03 8.987735025584697723e-03 2.498275227844715118e-02 3.801285848021507263e-02 3.568213433027267456e-02 9.765845024958252907e-04 2.180480211973190308e-02 4.193885251879692078e-02 6.429661065340042114e-03 4.465404152870178223e-02 2.588119171559810638e-02 2.904252894222736359e-02 1.788946392480283976e-04 1.462149154394865036e-02 1.230622828006744385e-02 4.146374762058258057e-02
1.215243861079216003e-01 1.033915430307388306e-01 2.458473481237888336e-02 2.790509723126888275e-02 3.179565304890275002e-03 8.806644380092620850e-02 6.972336769104003906e-02 4.979857802391052246e-02 1.232545915991067886e-02 4.488906264305114746e-02 5.144132971763610840e-01 1.997265778481960297e-02 1.265824437141418457e-01 3.235395997762680054e-02 2.615389227867126465e-02 2.920497441664338112e-03 9.352302731713280082e-05 4.231418669223785400e-02 3.891230560839176178e-03 3.299273550510406494e-02 1.104309572838246822e-03 1.289580762386322021e-02 2.992737572640180588e-03 1.766540296375751495e-02 1.371954753994941711e-02 1.485437969677150249e-03 2.265403978526592255e-02 1.148673053830862045e-02 9.880612604320049286e-03 4.604671150445938110e-02 2.311856299638748169e-02 1.423001941293478012e-02 4.558838531374931335e-02 1.269711274653673172e-02 3.841821476817131042e-02 1.340788789093494415e-02 1.192536670714616776e-02 3.044210374355316162e-02 2.555262669920921326e-02 1.321453694254159927e-02 1.534313708543777466e-02 1.931953988969326019e-02 8.904024027287960052e-03 5.640592798590660095e-02 2.185426652431488037e-02 3.777263686060905457e-02 5.638791248202323914e-02 4.035292938351631165e-02 2.980814315378665924e-02 1.593480259180068970e-02 1.114917546510696411e-02 4.272031038999557495e-02 1.069489307701587677e-02 3.179003298282623291e-02 4.341162741184234619e-03 1.074481569230556488e-02 1.663606800138950348e-02 2.296997420489788055e-02 1.775625161826610565e-02 8.281710557639598846e-03 1.065148226916790009e-02 1.019988302141427994e-02 2.463871426880359650e-02 2.203629165887832642e-02 5.770280584692955017e-02 3.380813822150230408e-02 2.054196782410144806e-03 6.881552748382091522e-03 2.983412938192486763e-03 3.624198585748672485e-02 1.088429521769285202e-02 1.551787555217742920e-02 4.542491957545280457e-02 1.765688881278038025e-02 4.365971311926841736e-02 2.090356685221195221e-02 4.050338640809059143e-02 4.199939221143722534e-02 1.697526779025793076e-03 3.449169918894767761e-02 4.492724314332008362e-02 1.798702776432037354e-02 2.501013688743114471e-02 1.946809701621532440e-02 2.953928522765636444e-02 3.260291367769241333e-02 2.588582970201969147e-02 4.507998377084732056e-02 1.828103698790073395e-02 1.234268117696046829e-02 1.704802270978689194e-03 3.553291782736778259e-02 5.577955767512321472e-02 5.129501596093177795e-02 6.857594125904142857e-04 3.115320112556219101e-03 1.936056837439537048e-02 1.058979192748665810e-03 2.882559224963188171e-02 3.065836802124977112e-02 1.843935251235961914e-02 3.234307840466499329e-02 4.491679742932319641e-02 3.336430341005325317e-02 1.502101588994264603e-02 2.782384678721427917e-02 6.418163422495126724e-03 2.930183894932270050e-02 1.627879589796066284e-02 1.418432965874671936e-02 3.688538819551467896e-02 6.550045218318700790e-03 7.151194848120212555e-03 2.239101752638816833e-02 2.231244556605815887e-02 8.602369576692581177e-03
1.187503221444785595e-03 8.774389862082898617e-04 2.023779042065143585e-02 2.685531973838806152e-02 3.462946508079767227e-03 1.688674278557300568e-02 1.843099668622016907e-02 3.733050823211669922e-02 2.133661694824695587e-02 4.713876638561487198e-03 1.997265778481960297e-02 5.138499140739440918e-01 2.895334549248218536e-02 1.343959718942642212e-01 1.152949221432209015e-02 2.336425147950649261e-02 8.576345629990100861e-03 6.547879427671432495e-03 4.294515401124954224e-02 1.355740055441856384e-02 3.343668580055236816e-02 3.644557669758796692e-02 3.778471052646636963e-02 3.793337196111679077e-02 1.729681715369224548e-02 3.176575154066085815e-02 3.677665023133158684e-03 4.293331876397132874e-02 4.296268895268440247e-02 4.176495224237442017e-02 1.890365965664386749e-02 3.464441001415252686e-02 2.705798856914043427e-02 2.416332438588142395e-02 3.060033731162548065e-02 4.003641009330749512e-02 2.341843210160732269e-02 3.257169574499130249e-02 3.956231474876403809e-02 2.987739630043506622e-02 2.660649083554744720e-02 6.953966338187456131e-03 6.428127642720937729e-03 3.361697122454643250e-02 6.695306301116943359e-02 2.014048397541046143e-02 2.080456912517547607e-02 2.197595871984958649e-02 2.037383615970611572e-02 4.100089147686958313e-02 2.952250093221664429e-02 6.908642500638961792e-02 3.462279681116342545e-03 2.139270864427089691e-02 4.480616748332977295e-02 4.425312578678131104e-02 1.381457876414060593e-02 1.186332013458013535e-02 2.156508900225162506e-02 3.295852243900299072e-02 1.258525531738996506e-02 3.063400276005268097e-02 4.086999222636222839e-02 4.205165058374404907e-02 1.779455505311489105e-02 4.723189771175384521e-02 3.728169249370694160e-03 2.209603786468505859e-03 1.943270303308963776e-02 1.493835542351007462e-02 1.319649722427129745e-02 5.065744626335799694e-04 1.844961754977703094e-02 2.492418326437473297e-02 1.785681955516338348e-02 3.352308413013815880e-03 4.630000144243240356e-02 3.530208393931388855e-02 5.748149752616882324e-02 2.080860361456871033e-02 3.438964858651161194e-02 3.063675202429294586e-02 2.778829541057348251e-03 1.649026642553508282e-03 4.482766613364219666e-02 1.609070971608161926e-02 3.683986142277717590e-02 1.368597242981195450e-02 4.897637292742729187e-02 3.940260037779808044e-02 2.391717024147510529e-02 3.206191956996917725e-02 3.558041155338287354e-02 1.572128012776374817e-02 7.127013057470321655e-03 1.516714110039174557e-03 4.306251183152198792e-02 3.875486552715301514e-02 1.581058651208877563e-02 5.828512366861104965e-03 1.227650884538888931e-02 8.536492474377155304e-03 2.989438921213150024e-02 4.339503124356269836e-02 6.115579977631568909e-03 3.134377766400575638e-04 1.377525366842746735e-02 8.324971422553062439e-03 4.118017852306365967e-02 1.947919093072414398e-02 2.520840056240558624e-02 2.935615554451942444e-02 2.387652930337935686e-04 6.214621942490339279e-03 3.238081559538841248e-02 2.845733985304832458e-02
1.209588646888732910e-01 1.212856620550155640e-01 6.820908281952142715e-03 1.159257255494594574e-02 1.029083970934152603e-02 7.372613996267318726e-02 6.981800496578216553e-02 4.083496332168579102e-02 6.565790623426437378e-03 4.746549949049949646e-02 1.265824437141418457e-01 2.895334549248218536e-02 5.024477243423461914e-01 3.478290885686874390e-02 2.571141161024570465e-02 1.420732215046882629e-02 2.916222810745239258e-02 1.695545203983783722e-02 8.374066092073917389e-03 4.307672753930091858e-02 7.922846823930740356e-03 6.423530168831348419e-03 4.819784313440322876e-03 9.531705640256404877e-03 8.277165703475475311e-03 1.024054479785263538e-03 5.672433879226446152e-03 1.516121253371238708e-02 8.728415705263614655e-03 4.288224875926971436e-02 7.983131334185600281e-03 9.778354316949844360e-03 1.943302154541015625e-02 1.276377239264547825e-03 2.799734473228454590e-02 6.190042570233345032e-02 3.518369793891906738e-02 3.962470218539237976e-02 4.304997250437736511e-02 1.671260781586170197e-02 2.446827292442321777e-02 7.638897281140089035e-03 1.778964884579181671e-02 3.808079659938812256e-02 2.316338755190372467e-02 2.529044821858406067e-02 4.621168971061706543e-02 1.881850510835647583e-02 2.969386056065559387e-03 1.353170815855264664e-02 1.691202260553836823e-02 4.235062748193740845e-02 2.123718149960041046e-02 3.042618930339813232e-02 2.055852860212326050e-02 1.420067064464092255e-02 1.011541765183210373e-02 2.604174800217151642e-02 3.389412886463105679e-04 4.874121863394975662e-03 2.369489707052707672e-02 9.048603475093841553e-03 3.071479685604572296e-02 3.087701462209224701e-02 1.365176122635602951e-02 2.757767215371131897e-02 4.179432056844234467e-03 7.517495658248662949e-03 1.262707263231277466e-02 6.486088037490844727e-03 5.873193033039569855e-03 4.884248599410057068e-03 4.542943555861711502e-03 4.808509722352027893e-03 1.557413209229707718e-02 1.273852586746215820e-02 1.385085284709930420e-02 4.848424345254898071e-02 7.100599817931652069e-03 3.336696326732635498e-02 1.416963245719671249e-02 2.036680839955806732e-02 5.258190259337425232e-02 1.868359185755252838e-02 2.546630240976810455e-02 2.876436337828636169e-02 1.262756879441440105e-03 4.153254628181457520e-02 2.006982453167438507e-02 2.298875711858272552e-03 1.029754150658845901e-02 7.148379459977149963e-03 4.029857367277145386e-02 5.284797772765159607e-02 1.519376318901777267e-02 1.069960766471922398e-03 3.009996004402637482e-02 1.583629287779331207e-03 1.267912890762090683e-02 1.101919356733560562e-02 1.367173250764608383e-02 2.115668356418609619e-02 4.018907248973846436e-02 5.334819853305816650e-02 2.819087356328964233e-02 4.256485775113105774e-02 8.305654861032962799e-03 1.185244228690862656e-02 2.678624726831912994e-02 8.518435060977935791e-03 4.247147962450981140e-02 3.963518887758255005e-02 1.134821213781833649e-02 2.271100319921970367e-02 4.293987527489662170e-02 1.360751595348119736e-02
