4.796823561191558838e-01 1.171659976243972778e-01 1.833360642194747925e-02 4.045360535383224487e-02 1.789503917098045349e-02 8.063609153032302856e-02 1.023732498288154602e-01 4.407908022403717041e-02 6.305525545030832291e-03 5.345534067600965500e-03 1.218002364039421082e-01 4.545653611421585083e-02 9.231895953416824341e-02 4.893465340137481689e-02 8.873655460774898529e-03 3.012881241738796234e-02 5.375896394252777100e-02 3.281890600919723511e-02 2.425228990614414215e-02 4.755164310336112976e-02 4.859287664294242859e-02 1.526445429772138596e-02 3.343960642814636230e-02 1.887632161378860474e-02 1.062445156276226044e-02 4.408851265907287598e-02 2.229902334511280060e-02 1.936790719628334045e-02 7.490826770663261414e-03 1.375582534819841385e-02 1.654779911041259766e-02 2.770498953759670258e-02 3.779217973351478577e-02 1.087709143757820129e-02 2.335398830473423004e-02 5.238594859838485718e-02 3.985990583896636963e-02 4.500217363238334656e-02 1.883411221206188202e-02 2.400158904492855072e-02 2.425765246152877808e-02 5.226238444447517395e-02 1.162633392959833145e-02 2.955169789493083954e-02 1.724717952311038971e-02 4.698339849710464478e-02 5.009395629167556763e-02 7.817659527063369751e-02 2.349592559039592743e-02 1.648548617959022522e-02 1.804036833345890045e-02 1.193951349705457687e-02 2.836177498102188110e-02 1.273426506668329239e-02 2.197618596255779266e-02 2.083348110318183899e-02 4.949245136231184006e-03 6.250297155929729342e-05 6.922191008925437927e-03 2.606220543384552002e-02 3.700412064790725708e-02 2.970653958618640900e-02 2.862384915351867676e-02 1.731901429593563080e-02 7.721316814422607422e-02 4.074265062808990479e-02 2.791694365441799164e-02 1.998797059059143066e-02 1.395436935126781464e-02 2.309174463152885437e-02 3.520854935050010681e-02 1.555106509476900101e-02 4.143380373716354370e-02 5.101438611745834351e-02 2.175157330930233002e-02 2.211940474808216095e-03 3.202976286411285400e-02 4.219693690538406372e-02 1.973340846598148346e-02 5.820012651383876801e-03 3.920303285121917725e-02 3.488019481301307678e-02 1.404498517513275146e-02 2.616676129400730133e-02 1.005066186189651489e-02 2.176794968545436859e-02 4.139180481433868408e-02 1.039190404117107391e-02 1.629064977169036865e-02 7.874105125665664673e-03 3.524973243474960327e-02 6.062543764710426331e-02 3.082712180912494659e-02 1.011014077812433243e-02 1.053470373153686523e-02 8.077447302639484406e-03 3.371875733137130737e-02 6.858766078948974609e-03 1.449535880237817764e-02 2.529938332736492157e-02 1.919804513454437256e-02 2.854266390204429626e-02 1.869766414165496826e-02 1.108361408114433289e-02 5.126900225877761841e-02 2.096695825457572937e-02 3.930485248565673828e-02 3.809199109673500061e-02 2.661548182368278503e-02 4.168453067541122437e-02 5.110707134008407593e-04 4.054727405309677124e-02 4.747391119599342346e-02 2.548161707818508148e-02 3.684112429618835449e-02 3.281084820628166199e-02
1.171659976243972778e-01 4.649412333965301514e-01 3.345628501847386360e-03 5.561843514442443848e-03 7.498400751501321793e-03 6.562590599060058594e-02 9.117043763399124146e-02 4.605054110288619995e-02 1.630146428942680359e-02 1.475312374532222748e-02 8.725781738758087158e-02 3.100447356700897217e-02 1.176776215434074402e-01 2.975705824792385101e-02 1.260949578136205673e-02 4.472368955612182617e-02 1.590499654412269592e-02 5.490730330348014832e-02 7.438933971570804715e-05 4.662164952605962753e-03 2.254622988402843475e-02 7.022458314895629883e-02 2.239066176116466522e-02 2.446671016514301300e-02 5.534089356660842896e-02 9.687656536698341370e-03 3.630777820944786072e-02 1.235920190811157227e-02 4.817519709467887878e-02 4.733523819595575333e-03 3.064551576972007751e-02 1.428148336708545685e-02 3.789186850190162659e-02 1.890010386705398560e-02 2.482231706380844116e-03 3.347941860556602478e-02 7.662041578441858292e-03 2.291323058307170868e-02 9.255816228687763214e-03 6.434081122279167175e-03 8.758791227592155337e-05 3.229022957384586334e-03 6.858291570097208023e-03 2.076482959091663361e-02 1.813242444768548012e-03 3.962439671158790588e-02 4.712069407105445862e-02 6.613351404666900635e-02 2.286547608673572540e-02 3.257598727941513062e-02 9.088854305446147919e-03 2.685147151350975037e-02 1.627561450004577637e-02 3.100402886047959328e-03 4.981447011232376099e-02 2.585454145446419716e-03 2.552625024691224098e-03 1.778373494744300842e-02 8.686390705406665802e-03 4.558295011520385742e-02 3.929239138960838318e-02 3.184923157095909119e-02 3.829605132341384888e-02 3.740221634507179260e-02 4.944688081741333008e-02 1.761494576930999756e-02 3.992146998643875122e-02 2.409359067678451538e-02 3.255759924650192261e-02 5.168298259377479553e-02 5.121997371315956116e-02 1.042941492050886154e-02 2.643367275595664978e-02 5.075916275382041931e-02 2.360093640163540840e-03 2.157865650951862335e-02 3.885102644562721252e-02 2.519216388463973999e-02 2.352604083716869354e-02 1.990533061325550079e-02 3.868574276566505432e-02 4.652556404471397400e-02 9.226172231137752533e-03 3.796232491731643677e-02 3.350552171468734741e-02 2.501778304576873779e-02 4.234238713979721069e-02 2.512048371136188507e-02 1.016074884682893753e-02 5.621218588203191757e-03 1.215395797044038773e-02 3.479633480310440063e-02 3.804818168282508850e-02 9.976289235055446625e-03 3.890384361147880554e-02 1.255900785326957703e-02 4.353423416614532471e-02 2.529454790055751801e-02 5.695065483450889587e-02 1.738553121685981750e-02 1.685375533998012543e-02 2.202886715531349182e-02 2.569314837455749512e-02 2.172756381332874298e-02 3.693528473377227783e-02 2.867810614407062531e-02 4.607954248785972595e-02 4.161538928747177124e-02 4.531413316726684570e-02 4.542717710137367249e-02 1.160880457609891891e-02 2.896008826792240143e-02 1.906367205083370209e-02 4.267501353751868010e-04 8.113074116408824921e-03 3.231921419501304626e-02
1.833360642194747925e-02 3.345628501847386360e-03 4.366390705108642578e-01 1.695788465440273285e-02 9.546384215354919434e-03 2.329503744840621948e-02 3.398600593209266663e-02 1.385254710912704468e-01 2.743371762335300446e-02 1.496083941310644150e-02 6.380075123161077499e-03 1.003947388380765915e-02 4.658640176057815552e-02 2.662913128733634949e-02 6.374571472406387329e-03 1.346710883080959320e-02 1.751402206718921661e-02 5.343080963939428329e-03 3.479601070284843445e-02 4.845245555043220520e-02 4.722055792808532715e-02 7.134764641523361206e-02 2.697185054421424866e-02 3.153014183044433594e-02 7.993794977664947510e-03 3.261657431721687317e-02 1.933723874390125275e-02 2.066283673048019409e-02 1.857325620949268341e-02 3.878812072798609734e-03 4.122926667332649231e-02 9.414517320692539215e-03 1.624032855033874512e-02 3.577529266476631165e-02 3.666964918375015259e-02 2.233489789068698883e-02 1.704469881951808929e-02 4.369729384779930115e-02 2.672941796481609344e-02 3.554091602563858032e-02 3.085469268262386322e-02 6.120849866420030594e-03 4.895894601941108704e-02 9.282525628805160522e-02 4.015012457966804504e-02 3.512960672378540039e-02 1.459680730476975441e-03 1.325930003076791763e-03 4.260842129588127136e-02 3.879863396286964417e-02 2.423268556594848633e-02 8.097399026155471802e-03 8.723589591681957245e-03 9.676428511738777161e-03 2.881474047899246216e-02 2.249571308493614197e-02 4.789661150425672531e-03 3.279120719525963068e-04 5.058037862181663513e-02 3.121740929782390594e-02 1.024841424077749252e-02 4.766982048749923706e-03 3.814614936709403992e-02 2.163562551140785217e-02 4.272123333066701889e-03 3.078326582908630371e-03 4.363210499286651611e-02 2.916618995368480682e-02 6.216873414814472198e-03 1.013258751481771469e-02 1.285597030073404312e-02 5.098596587777137756e-02 4.069055989384651184e-02 2.443734556436538696e-02 3.294408693909645081e-02 1.620750129222869873e-02 2.106348052620887756e-02 2.010431699454784393e-02 2.561582066118717194e-02 1.294511463493108749e-02 7.857442647218704224e-02 2.523864433169364929e-02 1.964352704817429185e-04 3.195105865597724915e-02 2.519963309168815613e-02 2.557238005101680756e-02 4.630427062511444092e-02 4.536265134811401367e-02 1.071438286453485489e-02 3.056370839476585388e-02 4.450443014502525330e-02 4.380216076970100403e-02 4.901804029941558838e-02 1.429484691470861435e-02 2.537747472524642944e-02 1.685487292706966400e-02 3.815553337335586548e-02 2.412185072898864746e-02 4.460913687944412231e-02 3.106489218771457672e-02 3.703139489516615868e-03 1.342307217419147491e-02 2.211884967982769012e-02 4.013149440288543701e-02 4.590257257223129272e-02 1.599514111876487732e-02 2.072444558143615723e-02 2.038084529340267181e-02 4.535522311925888062e-02 4.281580075621604919e-02 1.676787249743938446e-02 6.021913141012191772e-02 4.800535738468170166e-02 4.146900027990341187e-02 6.958759622648358345e-04 3.389713540673255920e-02
4.045360535383224487e-02 5.561843514442443848e-03 1.695788465440273285e-02 4.505280852317810059e-01 6.330281496047973633e-02 5.214905738830566406e-02 3.436293825507164001e-02 3.769270703196525574e-02 2.751490473747253418e-02 7.354114670306444168e-03 2.317949943244457245e-02 1.727648824453353882e-02 3.178686648607254028e-02 1.635101623833179474e-02 8.717714808881282806e-03 2.773603983223438263e-02 3.075989149510860443e-02 1.580992713570594788e-02 3.304897993803024292e-02 3.364154323935508728e-02 1.025043241679668427e-02 1.750156097114086151e-02 1.602651923894882202e-02 1.250421907752752304e-02 4.321403335779905319e-03 3.676994144916534424e-02 1.265318715013563633e-03 2.956959418952465057e-02 2.366661652922630310e-02 1.073184702545404434e-02 4.436357691884040833e-02 5.020041391253471375e-02 1.708677411079406738e-02 1.676021888852119446e-02 3.781008720397949219e-02 1.806300878524780273e-02 1.319876685738563538e-02 1.285284012556076050e-02 9.459603577852249146e-02 4.669694695621728897e-03 2.471460588276386261e-02 5.866729840636253357e-02 1.887119002640247345e-02 3.429754078388214111e-02 1.304712053388357162e-02 9.643614292144775391e-03 3.907876461744308472e-02 5.045863240957260132e-02 1.159861497581005096e-02 2.648781426250934601e-02 2.738709934055805206e-02 2.342858118936419487e-03 2.651480771601200104e-02 1.634508743882179260e-02 1.926320954225957394e-03 1.366452034562826157e-02 4.989399015903472900e-02 7.902599871158599854e-03 3.680630773305892944e-02 3.475032374262809753e-02 3.879007324576377869e-02 4.531841725111007690e-02 5.856537446379661560e-02 4.723022133111953735e-02 1.937469094991683960e-02 7.494051009416580200e-03 1.753600314259529114e-02 1.975488848984241486e-02 4.365554451942443848e-02 1.736224070191383362e-02 5.508549883961677551e-02 3.609322383999824524e-02 7.648415863513946533e-02 4.075817018747329712e-02 3.532097861170768738e-02 2.302324958145618439e-02 1.646937802433967590e-02 3.602485731244087219e-02 2.445111237466335297e-02 2.449344471096992493e-02 4.513444751501083374e-02 1.092364778742194176e-03 4.727154504507780075e-03 1.509038079530000687e-02 4.047980532050132751e-02 5.420939251780509949e-02 5.340787023305892944e-02 2.413927204906940460e-02 4.254862666130065918e-02 2.845813706517219543e-02 1.848066807724535465e-03 5.626643542200326920e-03 2.830513566732406616e-02 3.424602001905441284e-02 1.268553547561168671e-02 2.007658965885639191e-02 4.112273827195167542e-02 1.454288233071565628e-02 2.114583179354667664e-02 5.572926253080368042e-02 9.305336512625217438e-03 1.366548426449298859e-02 7.688528858125209808e-04 4.531132429838180542e-02 2.413719333708286285e-02 4.525302443653345108e-03 3.726655989885330200e-02 5.204166844487190247e-02 1.334137748926877975e-02 1.835014671087265015e-02 2.082245983183383942e-02 5.426909308880567551e-03 2.696691779419779778e-03 3.708790615200996399e-02 9.817313402891159058e-03 2.378105558454990387e-02
1.789503917098045349e-02 7.498400751501321793e-03 9.546384215354919434e-03 6.330281496047973633e-02 4.399232566356658936e-01 4.536538571119308472e-02 3.557816147804260254e-03 1.617903076112270355e-02 8.951785857789218426e-04 4.996088147163391113e-02 3.324632125440984964e-04 2.195729315280914307e-02 1.327451970428228378e-02 6.773474160581827164e-03 2.102121897041797638e-02 5.820256192237138748e-03 4.452003631740808487e-03 2.532481029629707336e-02 5.264836177229881287e-02 2.688720636069774628e-02 2.564046066254377365e-03 3.243075311183929443e-02 9.169613942503929138e-03 3.564046323299407959e-02 4.392534494400024414e-02 2.981292456388473511e-02 2.037309482693672180e-02 4.553317278623580933e-02 1.024495693854987621e-03 2.537876367568969727e-02 2.824627608060836792e-02 5.437569320201873779e-02 3.422743408009409904e-03 2.119686082005500793e-02 4.320131242275238037e-02 2.696091495454311371e-02 6.598383188247680664e-04 1.163779664784669876e-02 5.268777906894683838e-02 1.132066547870635986e-01 8.058961480855941772e-02 3.098221868276596069e-02 3.841328248381614685e-02 1.959453895688056946e-02 4.211353510618209839e-02 9.119548834860324860e-03 1.039694179780781269e-03 7.569948676973581314e-03 1.637405250221490860e-03 3.097091056406497955e-02 2.814671257510781288e-03 1.717252656817436218e-02 9.969583712518215179e-03 3.248592466115951538e-02 1.877753064036369324e-02 4.578337073326110840e-02 8.151498623192310333e-03 2.637688536196947098e-03 3.987864032387733459e-02 3.032645210623741150e-02 4.196321219205856323e-02 4.726052284240722656e-02 6.859465036541223526e-03 1.715258695185184479e-02 1.337298541329801083e-03 2.720753476023674011e-02 4.104634374380111694e-02 4.577169194817543030e-02 1.453732326626777649e-02 1.014569401741027832e-02 6.255430728197097778e-02 4.538806527853012085e-02 3.488926589488983154e-02 2.863852307200431824e-02 9.034479409456253052e-02 3.564005345106124878e-02 4.652014002203941345e-02 2.809977624565362930e-03 1.962200924754142761e-02 3.665772965177893639e-03 2.477000653743743896e-02 5.995640065521001816e-03 6.943448679521679878e-04 1.623120903968811035e-02 4.732201993465423584e-02 4.075186699628829956e-02 1.610670424997806549e-02 4.183841496706008911e-02 3.140733018517494202e-02 2.585717476904392242e-02 2.954426035284996033e-02 4.551915626507252455e-04 2.447749115526676178e-02 1.857034862041473389e-02 1.207519136369228363e-02 2.059662714600563049e-02 3.295874223113059998e-02 1.806975156068801880e-02 2.489341050386428833e-02 3.363244608044624329e-02 3.711621090769767761e-02 4.796314984560012817e-02 4.397092759609222412e-02 1.992121525108814240e-02 7.226227968931198120e-02 4.590340331196784973e-02 3.569301962852478027e-02 4.039289429783821106e-02 2.258716709911823273e-02 2.806514501571655273e-02 2.635420486330986023e-02 1.183576975017786026e-02 1.994155719876289368e-02 2.228877134621143341e-02 6.125811953097581863e-03 2.731765806674957275e-02
8.063609153032302856e-02 6.562590599060058594e-02 2.329503744840621948e-02 5.214905738830566406e-02 4.536538571119308472e-02 4.560600817203521729e-01 1.212415099143981934e-01 2.255040220916271210e-02 2.081458084285259247e-02 2.040827088057994843e-02 5.806924030184745789e-02 1.512305065989494324e-02 5.778441578149795532e-02 9.707319550216197968e-03 4.205634444952011108e-02 1.053745392709970474e-02 4.280695691704750061e-02 1.581904711201786995e-03 1.442569307982921600e-02 2.078261785209178925e-02 2.277630846947431564e-03 1.318248640745878220e-02 1.750282756984233856e-02 5.715711507946252823e-03 5.282008647918701172e-02 6.889913347549736500e-04 1.615877635776996613e-02 4.815170913934707642e-02 1.350628025829792023e-02 1.028023939579725266e-02 3.810042142868041992e-02 2.760618552565574646e-02 3.116015717387199402e-02 6.032469496130943298e-02 2.108195610344409943e-02 1.801882497966289520e-02 3.102950006723403931e-02 2.636115625500679016e-02 4.302113875746726990e-02 5.401943624019622803e-02 1.868015527725219727e-02 5.012654513120651245e-02 3.058747574687004089e-02 5.551184341311454773e-02 2.611838839948177338e-02 2.630434697493910789e-03 8.253968507051467896e-02 7.496485486626625061e-03 1.209682668559253216e-03 5.256514251232147217e-02 3.120991401374340057e-02 2.963426150381565094e-02 1.656305789947509766e-02 3.867358202114701271e-03 1.196013018488883972e-02 2.773599326610565186e-02 2.327604591846466064e-02 2.745974250137805939e-02 1.467798464000225067e-02 6.240126211196184158e-03 7.004528306424617767e-04 4.217213392257690430e-02 1.077554468065500259e-02 2.108953148126602173e-02 2.676555141806602478e-02 1.175098214298486710e-02 4.371289908885955811e-02 4.037168994545936584e-02 2.904605120420455933e-02 2.113361097872257233e-02 5.535003915429115295e-02 2.304531075060367584e-02 1.512781018391251564e-03 1.723962463438510895e-02 1.000898797065019608e-02 1.882633566856384277e-02 2.289225347340106964e-02 3.206469118595123291e-02 1.767899654805660248e-02 3.025954589247703552e-02 3.567370399832725525e-02 2.213804796338081360e-02 1.006239373236894608e-02 2.867800742387771606e-02 2.963736280798912048e-02 9.823011932894587517e-04 3.301789518445730209e-03 4.143152013421058655e-02 4.041637107729911804e-02 1.080731209367513657e-02 5.001968890428543091e-02 4.583166912198066711e-02 6.088657677173614502e-02 3.349787369370460510e-02 3.052870370447635651e-02 9.592985734343528748e-03 2.460855059325695038e-03 3.645894676446914673e-02 1.368516823276877403e-03 4.176703840494155884e-02 1.030583772808313370e-02 4.993005469441413879e-02 4.804147779941558838e-02 1.951848901808261871e-02 3.176578506827354431e-02 3.538786619901657104e-02 1.224195677787065506e-02 3.634230047464370728e-02 1.881521753966808319e-02 1.339340303093194962e-02 5.864824354648590088e-02 2.964232489466667175e-02 3.002889268100261688e-02 2.593930810689926147e-02 2.358091622591018677e-02 3.602450340986251831e-02
1.023732498288154602e-01 9.117043763399124146e-02 3.398600593209266663e-02 3.436293825507164001e-02 3.557816147804260254e-03 1.212415099143981934e-01 4.694183170795440674e-01 1.045443117618560791e-02 1.925193890929222107e-02 1.037614420056343079e-02 9.279649704694747925e-02 2.774374000728130341e-02 7.285549491643905640e-02 2.791325189173221588e-02 4.352873191237449646e-02 3.794508799910545349e-02 2.605523355305194855e-02 1.024495344609022141e-02 2.365166880190372467e-02 2.942837029695510864e-02 9.632385335862636566e-03 4.051460884511470795e-03 5.062425043433904648e-03 1.596797816455364227e-02 5.243912711739540100e-02 6.110281217843294144e-03 8.460846729576587677e-03 3.637684136629104614e-02 5.073339492082595825e-02 2.879252098500728607e-02 2.436848916113376617e-02 9.072378277778625488e-03 2.251395769417285919e-02 4.074970260262489319e-02 1.875325292348861694e-02 3.646372631192207336e-02 3.597716242074966431e-02 4.241019953042268753e-03 4.055278748273849487e-02 3.082304634153842926e-02 2.746463380753993988e-02 4.444415215402841568e-03 1.626000180840492249e-02 2.314656041562557220e-02 1.426569186151027679e-02 4.495255649089813232e-02 7.493272423744201660e-02 7.034141570329666138e-02 1.608899235725402832e-02 5.498943477869033813e-02 3.487469255924224854e-02 3.441798686981201172e-02 4.651662427932024002e-03 2.866847906261682510e-03 1.019719615578651428e-02 4.276730865240097046e-02 8.192921057343482971e-03 5.414168350398540497e-03 5.754820536822080612e-03 1.818137615919113159e-02 7.728759199380874634e-03 3.033050708472728729e-02 1.566595956683158875e-02 3.094434365630149841e-02 6.209797039628028870e-02 3.881921246647834778e-02 5.852466821670532227e-02 2.497828565537929535e-02 4.047059267759323120e-02 4.675255343317985535e-02 5.780468136072158813e-02 1.210383418947458267e-02 1.776225864887237549e-02 2.378784678876399994e-02 2.043289365246891975e-03 4.253122955560684204e-03 9.902652353048324585e-03 1.095288153737783432e-02 2.780136885121464729e-03 4.007532820105552673e-02 1.756852678954601288e-02 2.455522492527961731e-02 9.463976137340068817e-03 1.826134626753628254e-03 3.610780835151672363e-02 8.000336587429046631e-03 8.328137919306755066e-03 1.206891797482967377e-02 5.092983692884445190e-02 1.115840300917625427e-02 1.947684958577156067e-02 3.416923433542251587e-02 1.601949706673622131e-02 2.928540343418717384e-03 9.904811158776283264e-03 2.142149955034255981e-03 2.742841467261314392e-02 4.672720655798912048e-02 4.040177166461944580e-02 8.679699152708053589e-03 1.437624823302030563e-02 4.416202008724212646e-02 4.446592926979064941e-02 1.158508099615573883e-02 2.084828726947307587e-02 3.577850013971328735e-02 2.257839776575565338e-03 5.129090324044227600e-02 2.761679328978061676e-02 5.427372828125953674e-02 4.284901171922683716e-02 4.953464120626449585e-02 2.103929780423641205e-02 4.250593855977058411e-02 2.334735356271266937e-02 1.475548557937145233e-02
4.407908022403717041e-02 4.605054110288619995e-02 1.385254710912704468e-01 3.769270703196525574e-02 1.617903076112270355e-02 2.255040220916271210e-02 1.045443117618560791e-02 4.447916746139526367e-01 2.149968221783638000e-02 3.959335759282112122e-02 3.213671967387199402e-02 1.055105123668909073e-02 4.711681511253118515e-03 1.888161525130271912e-02 8.962696790695190430e-02 4.514683783054351807e-02 3.252690285444259644e-02 3.373146173544228077e-04 1.524432934820652008e-02 4.825475439429283142e-02 2.143393829464912415e-02 1.467873342335224152e-02 3.795951977372169495e-02 1.169208344072103500e-02 1.203383598476648331e-02 1.130299270153045654e-02 4.338685888797044754e-03 2.329599112272262573e-02 4.604331031441688538e-02 1.060230750590562820e-02 3.875339776277542114e-02 9.076389484107494354e-03 3.276692703366279602e-03 4.716816544532775879e-02 3.615888953208923340e-02 4.808397963643074036e-03 2.396367117762565613e-02 8.624681271612644196e-03 2.951736561954021454e-02 1.590720936655998230e-02 2.555443719029426575e-02 2.113161981105804443e-02 3.537667682394385338e-03 6.762143224477767944e-02 1.056848093867301941e-02 7.960793562233448029e-03 6.571662146598100662e-03 6.335283629596233368e-03 1.461356226354837418e-02 3.667011857032775879e-02 1.776828058063983917e-02 1.729185506701469421e-02 2.723375149071216583e-02 5.446659633889794350e-04 2.186077646911144257e-02 2.860037237405776978e-02 2.677386067807674408e-02 1.073232106864452362e-02 1.802976243197917938e-02 4.039623960852622986e-02 1.526772230863571167e-02 2.363047562539577484e-02 7.173251826316118240e-03 2.883448265492916107e-02 3.295588865876197815e-02 1.270265970379114151e-02 4.490849096328020096e-03 4.472184553742408752e-02 3.334676846861839294e-02 3.430869430303573608e-02 2.482112310826778412e-02 3.463143110275268555e-02 4.262374341487884521e-02 2.494037896394729614e-02 1.627635210752487183e-02 5.025843530893325806e-02 3.164364770054817200e-02 2.759352140128612518e-02 2.188148442655801773e-03 8.379326201975345612e-03 1.598539203405380249e-01 4.119968414306640625e-02 2.510016039013862610e-02 4.741156101226806641e-02 2.224612794816493988e-02 1.331585552543401718e-02 3.230430930852890015e-02 4.513029474765062332e-03 1.830757781863212585e-02 5.358267109841108322e-03 3.069200180470943451e-02 2.539995498955249786e-02 4.548558220267295837e-02 3.817509114742279053e-02 1.873113028705120087e-02 2.626798674464225769e-02 7.943550497293472290e-02 1.073126913979649544e-03 1.030647195875644684e-02 7.294803392142057419e-03 1.584485359489917755e-02 5.876626446843147278e-02 2.722427435219287872e-02 1.667557470500469208e-02 2.240222878754138947e-02 5.219638347625732422e-02 1.255428232252597809e-02 3.824478387832641602e-02 2.671549841761589050e-02 4.982680827379226685e-02 4.167576506733894348e-02 4.876076430082321167e-02 2.239318750798702240e-02 9.344521909952163696e-03 4.232465103268623352e-02 1.935534738004207611e-02
6.305525545030832291e-03 1.630146428942680359e-02 2.743371762335300446e-02 2.751490473747253418e-02 8.951785857789218426e-04 2.081458084285259247e-02 1.925193890929222107e-02 2.149968221783638000e-02 4.693304896354675293e-01 9.874409437179565430e-02 5.135172978043556213e-03 3.405915573239326477e-02 1.213249843567609787e-02 2.268170472234487534e-03 1.409182004863396287e-04 5.397171154618263245e-02 3.175676614046096802e-02 9.088523685932159424e-02 2.875665016472339630e-02 2.550783194601535797e-02 3.663419932126998901e-02 4.295277968049049377e-02 3.798910230398178101e-02 3.155936300754547119e-02 5.213183164596557617e-02 2.108308486640453339e-02 2.468488737940788269e-02 1.367420610040426254e-02 2.089772932231426239e-02 9.171953424811363220e-03 2.136552706360816956e-02 4.590653814375400543e-03 8.216228336095809937e-03 1.926085166633129120e-02 3.673416376113891602e-02 5.269699171185493469e-02 1.260481774806976318e-02 3.030550852417945862e-02 1.785007491707801819e-02 3.307204693555831909e-02 3.234457969665527344e-02 2.334839664399623871e-03 3.555525839328765869e-02 4.029827192425727844e-02 4.968318715691566467e-02 4.233637079596519470e-02 4.498137626796960831e-03 5.306386388838291168e-03 2.191448817029595375e-03 3.259758651256561279e-02 5.746389273554086685e-03 4.256225377321243286e-02 3.760681673884391785e-02 7.657953538000583649e-03 8.258847147226333618e-02 3.762198612093925476e-02 3.735686093568801880e-02 9.661652147769927979e-03 3.247769549489021301e-02 7.884395308792591095e-04 6.742173433303833008e-02 5.822905153036117554e-02 1.977778226137161255e-02 1.634914614260196686e-02 2.022842410951852798e-03 1.594216329976916313e-03 3.741364553570747375e-02 4.346051439642906189e-02 5.335729196667671204e-02 3.057548310607671738e-04 5.907889083027839661e-02 7.404851168394088745e-02 4.577485844492912292e-02 4.265262186527252197e-02 4.310693964362144470e-02 6.265684217214584351e-02 1.359516531229019165e-01 4.837020859122276306e-02 6.783265620470046997e-02 3.935376182198524475e-02 4.057120904326438904e-02 2.865491248667240143e-02 1.165206078439950943e-02 1.465005334466695786e-02 5.917390435934066772e-02 3.418933227658271790e-02 2.885875478386878967e-02 5.262283235788345337e-02 5.006593838334083557e-02 2.506009861826896667e-02 3.672001883387565613e-02 1.818514056503772736e-02 3.067302168346941471e-04 2.192348055541515350e-02 2.074276469647884369e-02 2.160245180130004883e-02 3.318066895008087158e-02 7.702711969614028931e-02 1.293322350829839706e-02 3.672894090414047241e-02 2.394317276775836945e-02 2.502928674221038818e-02 4.551431164145469666e-02 2.281995676457881927e-02 1.476152520626783371e-02 2.905572950839996338e-02 3.046669624745845795e-02 2.360043674707412720e-02 2.342430502176284790e-02 5.318148806691169739e-02 3.031201288104057312e-02 2.876966819167137146e-02 4.694524407386779785e-02 5.373325943946838379e-02 4.018243867903947830e-03 3.131539747118949890e-02
5.345534067600965500e-03 1.475312374532222748e-02 1.496083941310644150e-02 7.354114670306444168e-03 4.996088147163391113e-02 2.040827088057994843e-02 1.037614420056343079e-02 3.959335759282112122e-02 9.874409437179565430e-02 4.489458799362182617e-01 1.091691758483648300e-02 3.627034369856119156e-03 1.887899823486804962e-02 4.658496007323265076e-02 1.381555479019880295e-02 4.165746271610260010e-02 1.451873127371072769e-02 1.007801592350006104e-01 6.591524183750152588e-02 4.413727298378944397e-02 5.618606228381395340e-03 1.047739572823047638e-02 1.866856589913368225e-02 6.171286106109619141e-02 1.956699043512344360e-02 1.073066424578428268e-02 1.826544478535652161e-02 8.427771180868148804e-02 1.998141966760158539e-02 4.145612008869647980e-03 2.632597088813781738e-02 2.914246357977390289e-02 7.304525468498468399e-03 3.175424784421920776e-02 1.117447577416896820e-02 4.106180276721715927e-03 8.964197710156440735e-03 3.339370014145970345e-03 2.570172399282455444e-02 5.281553417444229126e-02 1.990475878119468689e-02 4.863489791750907898e-02 1.788909919559955597e-02 2.062422595918178558e-02 4.493419080972671509e-02 2.544558234512805939e-02 1.278567872941493988e-02 2.928054332733154297e-02 4.959974437952041626e-02 2.903143689036369324e-02 2.955280989408493042e-02 3.588694334030151367e-02 3.792872652411460876e-02 1.684686541557312012e-02 2.604695735499262810e-03 3.575944900512695312e-02 1.287883520126342773e-02 6.316870916634798050e-03 1.288438029587268829e-02 4.933889489620923996e-03 5.196136608719825745e-02 2.593949995934963226e-02 2.302860282361507416e-02 1.858672313392162323e-02 1.233138889074325562e-02 2.897968888282775879e-02 4.985265433788299561e-02 1.272330246865749359e-02 6.061395630240440369e-02 1.497269142419099808e-02 5.775435268878936768e-02 3.631417406722903252e-03 3.474224731326103210e-02 2.313327603042125702e-02 1.258865348063409328e-03 9.655118919909000397e-03 5.673647299408912659e-02 1.286736875772476196e-01 2.553549967706203461e-02 9.943888336420059204e-02 2.604329772293567657e-02 9.666729718446731567e-03 4.644763842225074768e-02 5.759250000119209290e-02 3.944471478462219238e-02 6.127368193119764328e-03 4.200199246406555176e-02 2.726702764630317688e-02 7.411036174744367599e-03 6.629724800586700439e-02 4.114445671439170837e-02 6.070062052458524704e-03 3.760503977537155151e-02 3.088545240461826324e-02 3.170612826943397522e-02 5.081187933683395386e-03 3.213284909725189209e-02 1.406481896992772818e-04 4.771735891699790955e-02 3.141564130783081055e-02 1.724900864064693451e-02 4.181592259556055069e-03 1.857085525989532471e-02 2.721878932788968086e-03 2.280110493302345276e-02 3.595981281250715256e-03 4.674085415899753571e-03 2.096196869388222694e-03 4.312085732817649841e-02 2.719292230904102325e-02 2.077707275748252869e-02 3.037148341536521912e-02 4.283146408852189779e-04 5.349864065647125244e-02 2.411698549985885620e-02 4.878443107008934021e-02
1.218002364039421082e-01 8.725781738758087158e-02 6.380075123161077499e-03 2.317949943244457245e-02 3.324632125440984964e-04 5.806924030184745789e-02 9.279649704694747925e-02 3.213671967387199402e-02 5.135172978043556213e-03 1.091691758483648300e-02 4.782981276512145996e-01 2.928448468446731567e-02 8.702056109905242920e-02 3.921173140406608582e-02 1.993703655898571014e-02 4.304804280400276184e-02 4.284887760877609253e-02 3.432087600231170654e-02 3.559174388647079468e-02 3.217941895127296448e-02 5.075357109308242798e-02 1.750783994793891907e-02 4.304512590169906616e-02 1.319725904613733292e-02 9.948113001883029938e-03 3.170882910490036011e-02 3.049712441861629486e-02 3.417308628559112549e-02 3.032119572162628174e-02 1.449108682572841644e-02 2.771605551242828369e-02 2.537480369210243225e-02 5.375928804278373718e-02 6.595089565962553024e-03 2.197116240859031677e-02 4.033897444605827332e-02 3.366709128022193909e-02 3.468083217740058899e-02 9.413100779056549072e-03 2.125456370413303375e-02 2.308368496596813202e-02 4.139409959316253662e-02 5.904986173845827579e-04 2.944922633469104767e-02 1.618570461869239807e-02 2.736377902328968048e-02 5.015488341450691223e-02 7.999324053525924683e-02 3.450584784150123596e-02 4.113332368433475494e-03 4.560728743672370911e-02 3.933927975594997406e-03 3.582949936389923096e-02 4.873395897448062897e-03 2.863553725183010101e-02 4.903477802872657776e-02 1.574148423969745636e-02 2.776821330189704895e-02 1.400012709200382233e-02 1.770984940230846405e-02 1.035283878445625305e-02 5.118350964039564133e-04 5.723186768591403961e-03 4.132318310439586639e-03 9.061378240585327148e-02 4.610389098525047302e-02 1.244346052408218384e-02 3.455136343836784363e-02 1.453656330704689026e-02 9.955027140676975250e-03 3.604898927733302116e-03 1.466429606080055237e-02 3.805314749479293823e-02 4.135973379015922546e-02 2.037431672215461731e-02 5.843839608132839203e-03 3.978216648101806641e-02 4.742717742919921875e-02 1.022119726985692978e-02 2.597060985863208771e-02 2.263104170560836792e-02 5.292131751775741577e-02 6.423705257475376129e-03 3.964675590395927429e-02 6.702710874378681183e-03 3.702209889888763428e-02 2.937460690736770630e-02 3.008304629474878311e-03 1.157765742391347885e-02 4.371808469295501709e-02 4.622413218021392822e-02 6.624811887741088867e-02 2.581681311130523682e-02 2.845207042992115021e-02 3.291008062660694122e-03 5.670330720022320747e-04 8.254155516624450684e-03 5.240264814347028732e-03 4.746724385768175125e-03 2.997568808495998383e-02 4.191081388853490353e-04 3.458257392048835754e-02 5.509226769208908081e-02 1.343778241425752640e-02 5.468205735087394714e-02 1.311772316694259644e-02 1.210665702819824219e-02 4.404434561729431152e-02 3.943872824311256409e-02 2.760956063866615295e-02 2.382573485374450684e-02 4.403709247708320618e-02 3.493256866931915283e-02 8.065463975071907043e-03 2.240901999175548553e-02 4.499634727835655212e-02
4.545653611421585083e-02 3.100447356700897217e-02 1.003947388380765915e-02 1.727648824453353882e-02 2.195729315280914307e-02 1.512305065989494324e-02 2.774374000728130341e-02 1.055105123668909073e-02 3.405915573239326477e-02 3.627034369856119156e-03 2.928448468446731567e-02 4.399744868278503418e-01 4.010710865259170532e-02 1.970443278551101685e-01 1.985229784622788429e-03 2.332479134202003479e-02 2.969378791749477386e-02 6.792872445657849312e-04 3.941322863101959229e-02 3.224470466375350952e-02 3.923456743359565735e-02 1.691328361630439758e-02 3.668934106826782227e-02 2.173288352787494659e-02 2.349374815821647644e-02 3.666794672608375549e-02 6.955683697015047073e-03 4.626035224646329880e-03 8.625864982604980469e-02 3.153679892420768738e-02 7.479020953178405762e-02 2.662974782288074493e-02 2.159128710627555847e-02 1.584217511117458344e-02 2.188416756689548492e-02 8.126619458198547363e-02 3.066983446478843689e-02 4.381993785500526428e-03 5.156883504241704941e-03 8.638343773782253265e-03 4.855451360344886780e-02 3.687993437051773071e-02 1.348973158746957779e-02 6.566639989614486694e-03 7.206616550683975220e-02 4.480892792344093323e-02 1.312690973281860352e-02 1.893674954771995544e-02 3.635156154632568359e-02 4.020348191261291504e-02 2.043252624571323395e-02 3.086349181830883026e-02 3.151547163724899292e-02 2.687880210578441620e-02 4.186331480741500854e-02 4.415416345000267029e-02 1.001615170389413834e-02 7.957050204277038574e-02 4.424050450325012207e-02 1.769683510065078735e-02 1.074214093387126923e-02 9.234055876731872559e-03 2.424018312012776732e-04 1.554767321795225143e-02 2.436956763267517090e-02 3.185642708558589220e-05 3.228569403290748596e-02 4.070199653506278992e-02 3.477555001154541969e-03 5.847274512052536011e-02 3.867074102163314819e-02 1.987694948911666870e-02 1.453380566090345383e-02 2.200755663216114044e-02 2.730411477386951447e-02 9.079577401280403137e-03 2.909583039581775665e-02 1.115656085312366486e-02 5.440895259380340576e-02 4.983120784163475037e-02 2.115415781736373901e-02 3.726201504468917847e-02 1.191742159426212311e-02 1.659179106354713440e-02 2.314786397619172931e-04 4.881500080227851868e-02 3.780762897804379463e-03 4.038340225815773010e-02 7.210623938590288162e-03 3.296444937586784363e-02 2.544330060482025146e-02 9.202535264194011688e-03 2.158832922577857971e-02 5.355784203857183456e-03 3.871166554745286703e-04 3.294349834322929382e-02 4.979626089334487915e-02 5.234326794743537903e-02 2.393580600619316101e-02 5.010318383574485779e-02 2.944968640804290771e-02 1.753335818648338318e-02 9.641326032578945160e-03 6.404206156730651855e-02 1.294097676873207092e-02 3.908426687121391296e-02 3.537508659064769745e-03 4.053345695137977600e-02 2.305400185286998749e-02 3.311550617218017578e-02 2.438663505017757416e-02 3.571583703160285950e-02 4.842316731810569763e-02 3.083366714417934418e-02 3.353502601385116577e-02 1.384141156449913979e-03
9.231895953416824341e-02 1.176776215434074402e-01 4.658640176057815552e-02 3.178686648607254028e-02 1.327451970428228378e-02 5.778441578149795532e-02 7.285549491643905640e-02 4.711681511253118515e-03 1.213249843567609787e-02 1.887899823486804962e-02 8.702056109905242920e-02 4.010710865259170532e-02 4.714750647544860840e-01 4.149108007550239563e-02 1.083640754222869873e-02 4.560052230954170227e-02 8.257403969764709473e-03 2.036553248763084412e-02 7.928564213216304779e-03 4.169109091162681580e-02 5.090394988656044006e-04 8.907878398895263672e-02 9.425637312233448029e-03 5.791890434920787811e-03 2.694730274379253387e-02 3.632870735600590706e-03 2.793905511498451233e-02 3.909122571349143982e-02 3.446433320641517639e-02 4.264996200799942017e-02 2.916713245213031769e-02 1.602935045957565308e-02 3.887412324547767639e-02 1.713148318231105804e-02 2.014153869822621346e-03 2.372892759740352631e-02 3.557673469185829163e-02 1.532875373959541321e-02 3.228610754013061523e-02 1.693372614681720734e-02 5.517235025763511658e-02 5.582494661211967468e-03 2.648649923503398895e-02 5.828701891005039215e-03 3.121769800782203674e-02 3.967065364122390747e-02 5.489522218704223633e-02 7.703191787004470825e-02 2.531318739056587219e-02 1.602695137262344360e-02 1.654105819761753082e-02 1.617182418704032898e-02 7.252509705722332001e-03 3.030095621943473816e-02 3.005876578390598297e-02 2.248338423669338226e-03 6.245970260351896286e-03 5.892639048397541046e-03 1.545338891446590424e-02 4.934780299663543701e-02 2.487575821578502655e-02 4.031804949045181274e-02 2.048383466899394989e-02 1.463526301085948944e-02 5.613315850496292114e-02 8.048754930496215820e-02 1.885579153895378113e-02 8.851928636431694031e-03 4.690872132778167725e-02 5.029632151126861572e-02 2.491951733827590942e-02 4.778911173343658447e-02 2.403145283460617065e-02 2.304763346910476685e-02 5.252825096249580383e-03 7.919808849692344666e-04 3.573562204837799072e-02 4.126972705125808716e-02 5.734890233725309372e-03 1.292980834841728210e-02 2.016707696020603180e-02 4.449400678277015686e-02 2.487075328826904297e-02 4.081928357481956482e-02 4.746942594647407532e-02 4.339874535799026489e-02 1.621524989604949951e-02 2.392350323498249054e-02 2.016667835414409637e-02 1.210706029087305069e-02 2.418983168900012970e-02 3.109864890575408936e-02 2.423739805817604065e-02 2.607200108468532562e-02 1.187545340508222580e-02 1.053526904433965683e-02 9.006730280816555023e-03 3.271928429603576660e-02 4.985338822007179260e-02 2.124486677348613739e-02 2.477691508829593658e-02 2.634885348379611969e-02 1.073961332440376282e-02 1.502733957022428513e-02 4.693669453263282776e-02 1.173470262438058853e-02 6.300087552517652512e-03 3.213945403695106506e-02 1.228945702314376831e-02 2.157153561711311340e-02 1.158131286501884460e-02 4.307502880692481995e-02 5.849687382578849792e-02 4.652793332934379578e-02 3.908890113234519958e-02 8.047759765759110451e-04
