4.973870217800140381e-01 1.905775070190429688e-01 3.413743153214454651e-02 1.594269275665283203e-02 3.339205309748649597e-02 2.824221923947334290e-02 3.892440721392631531e-02 3.400688245892524719e-02 1.113103795796632767e-02 4.293628782033920288e-02 1.524413228034973145e-01 2.343303151428699493e-02 3.220078721642494202e-02 8.661828003823757172e-03 5.762995406985282898e-02 5.304069258272647858e-03 2.533778175711631775e-02 6.746043800376355648e-04 4.134169593453407288e-02 6.274668034166097641e-03 3.354742377996444702e-02 6.825339049100875854e-02 4.325840994715690613e-02 1.831761933863162994e-02 2.311674132943153381e-02 7.924190722405910492e-03 5.541042890399694443e-03 1.434108335524797440e-02 2.584078535437583923e-02 2.105193585157394409e-02 2.811978757381439209e-02 5.686748772859573364e-02 5.396866472437977791e-04 5.684673041105270386e-02 1.172542665153741837e-02 4.391406849026679993e-02 3.143571689724922180e-02 5.510575603693723679e-03 1.703123189508914948e-02 1.936185359954833984e-02 5.139044672250747681e-02 3.679132461547851562e-02 3.651668131351470947e-02 5.298877879977226257e-02 3.353313356637954712e-02 6.021934747695922852e-02 5.653414502739906311e-02 5.121382698416709900e-02 1.307920925319194794e-02 3.305693343281745911e-02 2.288125082850456238e-02 3.511317074298858643e-02 2.455019857734441757e-03 1.627740636467933655e-02 2.427533268928527832e-02 5.406958237290382385e-02 8.484539575874805450e-03 4.665982723236083984e-02 1.008810568600893021e-02 4.600073769688606262e-02 1.299192314036190510e-03 5.123196542263031006e-02 3.260400518774986267e-02 2.130949869751930237e-02 8.795994333922863007e-03 4.562076646834611893e-03 1.300221309065818787e-02 3.346122056245803833e-02 2.783469669520854950e-02 2.767499536275863647e-02 2.878510579466819763e-02 1.698509976267814636e-02 1.180630060844123363e-03 1.461469195783138275e-02 2.324058115482330322e-02 9.632182307541370392e-03 4.771651700139045715e-02 3.466060385107994080e-02 3.934476152062416077e-02 3.692977130413055420e-02 2.656216919422149658e-02 8.253390900790691376e-03 1.543120574206113815e-02 9.466304443776607513e-03 3.052126988768577576e-02 2.426234818994998932e-02 4.511932656168937683e-02 3.340441035106778145e-03 4.421888291835784912e-02 4.127081111073493958e-02 4.195738956332206726e-02 2.803726121783256531e-02 1.459224149584770203e-02 5.981460679322481155e-03 3.750686766579747200e-03 2.781072631478309631e-02 1.263022143393754959e-02 3.034571744501590729e-02 1.140196714550256729e-02 4.582114145159721375e-02 7.802636828273534775e-03 2.728390321135520935e-02 3.171107266098260880e-03 6.803476810455322266e-02 2.973926719278097153e-03 2.463743276894092560e-02 3.292251145467162132e-03 2.434020861983299255e-02 3.446275368332862854e-02 4.841502383351325989e-02 2.507116412743926048e-03 5.778229795396327972e-03 4.652761667966842651e-02 6.889266520738601685e-02 2.792211808264255524e-02 3.262697532773017883e-02
1.905775070190429688e-01 4.983694851398468018e-01 4.282896115910261869e-04 3.468183428049087524e-02 3.533436730504035950e-02 5.090011749416589737e-03 8.189022541046142578e-02 1.622873730957508087e-02 1.397036761045455933e-02 3.779751434922218323e-02 9.403373301029205322e-02 2.701547229662537575e-03 9.691056609153747559e-02 4.591076448559761047e-02 7.454776763916015625e-02 2.714097127318382263e-02 3.628012165427207947e-02 9.034178219735622406e-03 1.478296238929033279e-02 4.764110222458839417e-02 2.399596013128757477e-02 8.623697608709335327e-02 1.475141942501068115e-02 2.155968686565756798e-03 8.640860323794186115e-04 1.163533516228199005e-02 2.308371849358081818e-02 2.664295770227909088e-02 3.791517391800880432e-02 3.789574652910232544e-02 3.606038168072700500e-03 5.265672877430915833e-02 4.763269796967506409e-02 5.339511111378669739e-02 2.158150263130664825e-02 6.597918272018432617e-02 4.437882825732231140e-02 2.031824737787246704e-02 1.294128783047199249e-02 3.129376843571662903e-02 2.869235724210739136e-02 2.155553549528121948e-02 1.537332404404878616e-02 5.575597286224365234e-02 1.216492149978876114e-02 6.328362971544265747e-02 3.769153729081153870e-02 2.785208076238632202e-02 2.141645364463329315e-02 2.764269523322582245e-02 4.365453869104385376e-02 3.492928668856620789e-02 9.833971038460731506e-03 3.019603667780756950e-03 1.028858963400125504e-02 4.653376340866088867e-02 3.563617588952183723e-03 4.815208166837692261e-02 1.501455996185541153e-02 3.071384876966476440e-02 1.965544419363141060e-03 4.515643790364265442e-02 2.526230551302433014e-02 1.483814790844917297e-02 1.171994023025035858e-02 2.176669798791408539e-02 1.828167960047721863e-02 1.107232552021741867e-02 1.438781991600990295e-02 5.434441938996315002e-02 2.427547425031661987e-02 2.225185185670852661e-02 2.201144210994243622e-02 3.642275184392929077e-02 2.656425535678863525e-02 2.662677317857742310e-02 2.622548677027225494e-02 3.191301599144935608e-02 3.603400290012359619e-02 2.614653110504150391e-02 1.682686968706548214e-03 1.940548047423362732e-02 3.678540512919425964e-02 1.441759895533323288e-02 3.474882245063781738e-02 2.594510093331336975e-02 2.381735015660524368e-03 4.413253068923950195e-02 3.742872551083564758e-02 3.557753562927246094e-02 2.227809093892574310e-02 2.576719038188457489e-02 3.718974813818931580e-02 3.285327693447470665e-03 5.910817417316138744e-04 3.384486958384513855e-02 4.876340553164482117e-02 2.698904834687709808e-02 3.118946217000484467e-02 3.030224330723285675e-02 1.150035578757524490e-02 1.730591617524623871e-02 2.215386740863323212e-02 4.413039982318878174e-02 8.136431686580181122e-03 8.083214052021503448e-03 1.920031942427158356e-02 3.183927014470100403e-02 1.229669153690338135e-02 1.532632578164339066e-02 4.676684737205505371e-02 4.734528809785842896e-02 9.539649821817874908e-03 3.517272323369979858e-02 2.280159294605255127e-02 2.801404707133769989e-02
3.413743153214454651e-02 4.282896115910261869e-04 4.618468582630157471e-01 2.866220287978649139e-02 6.387886591255664825e-03 2.214093320071697235e-02 1.210259087383747101e-02 2.188409678637981415e-02 1.091890782117843628e-02 1.267737243324518204e-02 2.994296839460730553e-03 2.322057820856571198e-02 2.582342736423015594e-02 7.615189999341964722e-03 3.614590503275394440e-03 1.777194440364837646e-02 1.381114474497735500e-03 3.703525289893150330e-02 2.179657481610774994e-02 1.624817028641700745e-02 3.579149395227432251e-02 1.297050528228282928e-02 3.206092864274978638e-02 8.451982401311397552e-03 3.674403205513954163e-02 2.829906530678272247e-02 5.580836441367864609e-03 2.285624668002128601e-02 3.121718019247055054e-02 4.109623655676841736e-02 2.039005607366561890e-02 4.420007020235061646e-02 3.637757152318954468e-02 4.329662024974822998e-02 3.552053868770599365e-02 3.730840235948562622e-02 2.099124342203140259e-02 3.682579100131988525e-02 2.769893780350685120e-02 3.845915943384170532e-02 3.198346868157386780e-02 8.858683519065380096e-03 7.734833750873804092e-03 1.075481344014406204e-02 6.642173230648040771e-02 1.947510987520217896e-02 2.295639552175998688e-02 4.080080613493919373e-02 3.373742103576660156e-02 2.826375886797904968e-02 3.141143172979354858e-02 2.160438895225524902e-02 4.494388774037361145e-02 3.659702092409133911e-02 2.383067086338996887e-02 4.136339412070810795e-04 5.036524962633848190e-03 3.881298378109931946e-02 3.660234808921813965e-02 4.686412587761878967e-02 2.805097401142120361e-02 3.103498928248882294e-02 4.041466861963272095e-02 3.453386574983596802e-02 5.353234242647886276e-03 6.306221336126327515e-02 3.881713375449180603e-02 1.110542379319667816e-02 1.386026199907064438e-02 1.708389632403850555e-02 3.885594429448246956e-03 4.626249521970748901e-02 4.227713122963905334e-02 4.546648263931274414e-02 2.146894484758377075e-02 4.671431146562099457e-03 4.921134561300277710e-03 4.301747679710388184e-02 1.817198972275946289e-05 3.478657454252243042e-02 3.116546943783760071e-02 4.160593729466199875e-03 3.884201124310493469e-02 7.899652421474456787e-02 6.282120198011398315e-02 1.832386851310729980e-02 3.014890849590301514e-02 3.946268931031227112e-02 2.568325400352478027e-02 4.104578867554664612e-02 6.530315428972244263e-02 2.207575924694538116e-02 4.758461564779281616e-02 3.191391378641128540e-02 2.636701986193656921e-02 1.979586854577064514e-02 3.327364102005958557e-02 2.304369397461414337e-02 2.925706095993518829e-02 2.539644390344619751e-02 4.644400626420974731e-02 2.156270295381546021e-02 1.218514516949653625e-02 3.938718885183334351e-02 1.242273673415184021e-02 1.934508047997951508e-02 2.420398965477943420e-02 2.485918253660202026e-02 3.202756121754646301e-02 3.537300601601600647e-02 5.530419759452342987e-03 4.282136633992195129e-02 1.200556289404630661e-02 4.028617218136787415e-02 3.822046890854835510e-02 2.321802824735641479e-02
1.594269275665283203e-02 3.468183428049087524e-02 2.866220287978649139e-02 5.045403242111206055e-01 1.656497120857238770e-01 6.655219476670026779e-03 4.197724536061286926e-02 1.246210187673568726e-02 1.775293052196502686e-02 2.236863784492015839e-02 1.029311865568161011e-02 2.127631194889545441e-02 1.035536546260118484e-02 5.620912462472915649e-02 2.740248478949069977e-02 1.996003091335296631e-02 4.299209639430046082e-02 2.435062453150749207e-02 3.202939033508300781e-02 4.548062011599540710e-02 1.234976761043071747e-02 8.143619634211063385e-03 1.149348169565200806e-02 1.271399203687906265e-02 1.802299730479717255e-02 7.231067400425672531e-03 2.532522566616535187e-02 9.766139090061187744e-03 4.186592251062393188e-02 5.174033343791961670e-02 4.066277667880058289e-02 3.812564164400100708e-02 6.389877200126647949e-02 3.533397242426872253e-02 7.666287943720817566e-03 3.143591433763504028e-02 1.160742528736591339e-02 3.312341636046767235e-03 1.118892952799797058e-01 9.403999894857406616e-02 3.953765705227851868e-02 2.218686975538730621e-02 3.145661950111389160e-02 2.018297649919986725e-02 1.709164120256900787e-02 3.406424075365066528e-02 2.252531936392188072e-03 3.952753171324729919e-02 1.427519507706165314e-02 3.602933883666992188e-02 3.348519653081893921e-02 1.965615665540099144e-04 3.964739665389060974e-02 3.892261534929275513e-02 2.100653201341629028e-02 4.419697076082229614e-02 1.479738624766469002e-03 8.315202780067920685e-03 7.808956503868103027e-02 3.899613767862319946e-02 2.078115195035934448e-02 1.897992566227912903e-02 1.016847267746925354e-01 3.773817047476768494e-02 1.913941651582717896e-02 1.256761420518159866e-02 1.101168803870677948e-02 1.855866983532905579e-02 8.118927478790283203e-03 1.046424265950918198e-02 3.303152322769165039e-02 4.004824161529541016e-02 1.007004901766777039e-01 2.034560777246952057e-02 9.415136650204658508e-03 2.322298288345336914e-02 2.099092677235603333e-02 2.895688824355602264e-02 1.017652638256549835e-02 1.841954514384269714e-02 3.563702106475830078e-02 3.550704941153526306e-02 1.498793810606002808e-01 4.336926154792308807e-03 1.988855889067053795e-03 4.649690911173820496e-02 2.060151100158691406e-02 1.310166064649820328e-02 3.694406943395733833e-03 8.945825509727001190e-03 2.799785695970058441e-02 1.680382154881954193e-02 5.463229026645421982e-03 2.681433409452438354e-02 2.160555124282836914e-02 1.769807375967502594e-02 3.632776811718940735e-02 2.763055823743343353e-02 4.820775613188743591e-02 2.798120491206645966e-02 4.465786367654800415e-02 3.817790374159812927e-02 4.669886827468872070e-02 2.386894263327121735e-02 8.050582557916641235e-02 2.333030104637145996e-02 8.313597179949283600e-03 1.614373549818992615e-02 4.948553070425987244e-02 1.088163466192781925e-03 3.185317327734082937e-04 2.620798163115978241e-02 4.616280645132064819e-02 4.109613597393035889e-02 1.351649407297372818e-02 2.197305671870708466e-02
3.339205309748649597e-02 3.533436730504035950e-02 6.387886591255664825e-03 1.656497120857238770e-01 4.903128445148468018e-01 2.830828912556171417e-02 1.519244443625211716e-02 3.144182637333869934e-02 2.215206064283847809e-02 3.869947046041488647e-02 3.669418022036552429e-02 4.287718608975410461e-02 3.226553648710250854e-02 6.377600133419036865e-03 1.789114065468311310e-02 9.766055271029472351e-03 1.825588196516036987e-02 4.356954619288444519e-02 4.848640412092208862e-02 4.369382932782173157e-02 5.625443300232291222e-04 4.092790558934211731e-02 1.947565004229545593e-02 4.564072936773300171e-02 1.465388759970664978e-02 2.238404750823974609e-02 4.341108724474906921e-02 1.833062246441841125e-02 1.080186385661363602e-02 2.554877288639545441e-02 1.575605198740959167e-02 4.233305528759956360e-02 1.173845585435628891e-02 1.882403157651424408e-02 1.570554333738982677e-03 5.056225135922431946e-02 4.709227010607719421e-02 2.037576027214527130e-02 6.891103088855743408e-02 8.943582326173782349e-02 2.967662876471877098e-03 3.769691288471221924e-02 3.801902756094932556e-02 3.493260219693183899e-02 5.223065149039030075e-03 2.802196331322193146e-02 2.544900774955749512e-02 2.067359723150730133e-02 9.554082527756690979e-03 4.538682475686073303e-02 7.480350323021411896e-03 1.215983089059591293e-02 9.775682119652628899e-04 1.033686008304357529e-02 1.582759246230125427e-02 2.215672843158245087e-02 2.728197164833545685e-02 4.694188386201858521e-02 3.970921039581298828e-02 9.482159279286861420e-03 1.169161871075630188e-03 1.510363444685935974e-02 3.960417956113815308e-02 3.721533343195915222e-02 2.544915862381458282e-02 2.460912615060806274e-02 3.086095489561557770e-02 2.964024804532527924e-02 1.975090801715850830e-02 1.836287602782249451e-02 6.989769637584686279e-02 6.686522829113528132e-05 7.841920852661132812e-02 2.256514271721243858e-03 6.497424840927124023e-02 1.422926131635904312e-02 2.347518689930438995e-03 1.069457828998565674e-02 8.702306076884269714e-03 4.364556819200515747e-02 7.764049805700778961e-04 1.145902089774608612e-02 3.920275717973709106e-02 7.775618880987167358e-02 2.211027033627033234e-02 1.932230219244956970e-02 1.507414039224386215e-02 5.944198463112115860e-03 4.078134521842002869e-02 4.933887626975774765e-03 2.279249019920825958e-03 2.728881128132343292e-02 3.034301288425922394e-02 1.254457049071788788e-02 1.462806295603513718e-02 1.280518341809511185e-02 3.760067000985145569e-02 4.870109632611274719e-02 4.261339455842971802e-02 4.746663197875022888e-02 2.087653055787086487e-02 2.086194604635238647e-02 2.021823450922966003e-02 1.129006315022706985e-02 1.065718010067939758e-02 1.523569505661725998e-02 6.684899330139160156e-03 8.490849286317825317e-04 2.783436141908168793e-02 2.590424753725528717e-02 1.041642948985099792e-02 2.536064421292394400e-04 2.686839550733566284e-02 3.238791972398757935e-02 2.314863353967666626e-02 1.625240663997828960e-03
2.824221923947334290e-02 5.090011749416589737e-03 2.214093320071697235e-02 6.655219476670026779e-03 2.830828912556171417e-02 4.960611760616302490e-01 1.666087955236434937e-01 3.005027770996093750e-02 2.337273769080638885e-02 9.461412206292152405e-03 1.293038278818130493e-01 1.725779660046100616e-02 6.109281256794929504e-02 4.879777505993843079e-02 2.690182812511920929e-02 1.363293826580047607e-02 1.383177656680345535e-02 1.835854724049568176e-02 8.971047587692737579e-03 1.437720027752220631e-03 1.239797845482826233e-02 4.530753195285797119e-02 3.210585191845893860e-02 3.634613007307052612e-02 2.698005409911274910e-03 4.866125062108039856e-02 2.025654911994934082e-02 8.313998696394264698e-04 3.769664838910102844e-02 5.250863358378410339e-02 1.520140096545219421e-02 2.585365809500217438e-02 3.740016371011734009e-02 3.942485526204109192e-02 1.319497358053922653e-02 5.289109423756599426e-03 5.886686965823173523e-03 2.126888372004032135e-02 4.408692196011543274e-02 1.344318588962778449e-04 3.202790021896362305e-02 5.220311507582664490e-02 3.240185976028442383e-02 5.669038277119398117e-03 5.784777458757162094e-03 3.489236161112785339e-02 1.067571043968200684e-01 6.783993542194366455e-02 2.677093632519245148e-02 2.887443639338016510e-03 5.769633222371339798e-03 4.726879671216011047e-02 4.984773695468902588e-02 2.549643255770206451e-02 2.625227905809879303e-03 5.849192966707050800e-04 5.339549854397773743e-03 4.683166369795799255e-02 1.863514631986618042e-02 1.318039139732718468e-04 4.151092376559972763e-03 2.415622351691126823e-03 2.347028255462646484e-02 3.590811043977737427e-02 2.146760188043117523e-02 4.913627356290817261e-02 4.260086268186569214e-02 1.598297990858554840e-02 5.700970068573951721e-03 3.500593826174736023e-02 7.550172042101621628e-03 1.866647042334079742e-02 4.187782108783721924e-02 4.662004299461841583e-03 4.096912220120429993e-02 2.910928986966609955e-02 2.300024405121803284e-02 2.986979857087135315e-02 3.416441753506660461e-02 3.618714585900306702e-02 5.373654142022132874e-02 2.042435482144355774e-02 1.603381242603063583e-04 1.717787794768810272e-02 3.869547508656978607e-03 3.711871802806854248e-02 5.087515339255332947e-02 4.836340993642807007e-02 4.560145735740661621e-02 3.603686392307281494e-02 2.101207152009010315e-03 1.481656450778245926e-02 1.603941316716372967e-03 2.009904384613037109e-02 3.212060034275054932e-02 4.609585553407669067e-02 3.614233434200286865e-02 2.792198397219181061e-02 2.481666393578052521e-02 2.777552418410778046e-02 7.442064117640256882e-03 1.059252861887216568e-02 2.728000981733202934e-03 5.021026730537414551e-02 4.423824325203895569e-02 4.709625151008367538e-03 1.022856775671243668e-02 2.325949259102344513e-02 3.641208633780479431e-02 1.467172242701053619e-02 5.952605977654457092e-03 1.159638632088899612e-03 4.485220834612846375e-02 4.359700903296470642e-02 1.715968013741075993e-03 4.404062405228614807e-02
3.892440721392631531e-02 8.189022541046142578e-02 1.210259087383747101e-02 4.197724536061286926e-02 1.519244443625211716e-02 1.666087955236434937e-01 5.018447637557983398e-01 2.055210247635841370e-02 2.051024325191974640e-02 5.844078026711940765e-03 1.461060643196105957e-01 1.632007397711277008e-02 1.646955758333206177e-01 3.494502231478691101e-02 9.106849320232868195e-03 3.616893896833062172e-03 2.024322003126144409e-02 5.751554854214191437e-03 4.113433882594108582e-02 2.156939543783664703e-02 1.906293630599975586e-02 3.965967521071434021e-02 1.012692321091890335e-02 2.442542463541030884e-02 9.055344387888908386e-03 2.057958021759986877e-02 5.342890694737434387e-02 2.105764113366603851e-02 2.946645766496658325e-02 1.671132259070873260e-02 9.406065568327903748e-03 2.834519557654857635e-02 9.706358425319194794e-03 1.684802956879138947e-02 1.103846449404954910e-02 1.908025890588760376e-02 2.275501936674118042e-02 8.112481795251369476e-03 4.487979784607887268e-02 3.294175118207931519e-02 1.474904175847768784e-02 3.118976019322872162e-02 3.656884282827377319e-02 3.777645155787467957e-02 4.259507730603218079e-02 5.256583169102668762e-02 1.222445443272590637e-01 1.864099949598312378e-01 6.927877198904752731e-03 3.248021751642227173e-02 1.619163900613784790e-02 3.320360183715820312e-02 4.852674528956413269e-02 1.353040337562561035e-02 1.727187447249889374e-02 1.688218489289283752e-02 4.759904462844133377e-03 1.984047144651412964e-02 3.715201839804649353e-02 1.968304254114627838e-02 1.845864206552505493e-02 2.690123766660690308e-02 4.275910928845405579e-02 1.856245100498199463e-02 9.676485322415828705e-03 5.325587093830108643e-02 1.351557951420545578e-02 3.703268989920616150e-02 1.487772725522518158e-02 1.793930865824222565e-02 3.749815002083778381e-02 1.480519212782382965e-02 1.273517496883869171e-02 1.178755238652229309e-02 3.135431930422782898e-02 1.497030444443225861e-02 4.406823962926864624e-02 2.780596353113651276e-02 3.063385188579559326e-02 3.478666767477989197e-02 6.106884684413671494e-03 3.931458666920661926e-02 3.613495966419577599e-03 5.294444039463996887e-03 9.921962395310401917e-03 2.066475525498390198e-02 9.913329035043716431e-03 4.653666168451309204e-02 2.258339524269104004e-02 2.703633345663547516e-02 3.640088811516761780e-02 3.724382445216178894e-02 9.560742974281311035e-02 4.740697145462036133e-02 3.414094448089599609e-02 5.119962245225906372e-02 1.724568079225718975e-03 1.659641787409782410e-02 2.505223965272307396e-03 4.101905226707458496e-02 1.450103148818016052e-02 1.966113195521757007e-04 7.119020912796258926e-03 4.354471340775489807e-02 1.435205154120922089e-02 4.230434447526931763e-02 1.687565445899963379e-02 2.987233363091945648e-02 2.489102073013782501e-02 1.407781150192022324e-02 2.985188737511634827e-02 4.506307840347290039e-02 4.120156541466712952e-02 4.653639718890190125e-02 4.137387126684188843e-02 2.210394246503710747e-03
3.400688245892524719e-02 1.622873730957508087e-02 2.188409678637981415e-02 1.246210187673568726e-02 3.144182637333869934e-02 3.005027770996093750e-02 2.055210247635841370e-02 4.976144433021545410e-01 2.681721188127994537e-02 4.750620201230049133e-02 4.336167871952056885e-02 4.859529435634613037e-04 4.202627576887607574e-03 1.048401743173599243e-02 1.081896796822547913e-01 1.959687797352671623e-03 8.955077268183231354e-03 4.038629308342933655e-02 3.043420612812042236e-02 4.919926635921001434e-03 1.156520331278443336e-03 1.407760381698608398e-02 2.058099722489714622e-03 9.243143722414970398e-03 3.139886632561683655e-02 2.009707316756248474e-02 3.554757684469223022e-02 3.299568593502044678e-02 3.364508226513862610e-02 1.630870252847671509e-02 1.304830051958560944e-02 1.931465044617652893e-02 2.506211586296558380e-02 1.764197833836078644e-02 5.805989261716604233e-03 1.530035212635993958e-02 1.438840012997388840e-02 7.736466079950332642e-02 5.030372738838195801e-02 3.742750734090805054e-02 5.224321037530899048e-02 6.713970564305782318e-03 2.130241505801677704e-02 2.490913122892379761e-02 7.508191280066967010e-03 2.310014516115188599e-02 4.780747741460800171e-02 4.568098112940788269e-02 5.411143880337476730e-03 4.867415502667427063e-02 7.244669646024703979e-02 6.824654340744018555e-02 5.537762772291898727e-03 1.229512318968772888e-02 2.990221418440341949e-02 6.088633090257644653e-03 3.967437893152236938e-03 2.617666311562061310e-02 3.091057203710079193e-02 9.138233959674835205e-03 1.610758714377880096e-02 1.812965236604213715e-02 2.576075866818428040e-02 8.718584664165973663e-03 4.158245865255594254e-03 2.443160116672515869e-02 2.185270749032497406e-02 3.471224009990692139e-02 5.421665497124195099e-03 1.874962449073791504e-02 7.054497022181749344e-03 4.467009566724300385e-03 2.395063638687133789e-02 2.711458131670951843e-02 3.066999139264225960e-03 4.906607326120138168e-03 2.544061839580535889e-02 3.055501729249954224e-02 1.538362726569175720e-02 3.754667565226554871e-02 1.065493300557136536e-01 1.121709346771240234e-01 4.339201748371124268e-02 3.850910067558288574e-02 3.215907886624336243e-02 3.597545996308326721e-02 9.684904664754867554e-02 8.111773431301116943e-02 4.284781590104103088e-02 3.752464801073074341e-02 4.764901474118232727e-03 2.385602332651615143e-02 2.260224521160125732e-02 1.689121359959244728e-03 3.643635660409927368e-02 3.230708092451095581e-02 3.935460373759269714e-02 5.958043504506349564e-03 3.757561324164271355e-03 3.061022143810987473e-04 1.986243017017841339e-02 2.888660877943038940e-02 6.596417631953954697e-03 1.850168220698833466e-02 4.025358334183692932e-02 5.107051879167556763e-02 1.927016489207744598e-02 1.037617959082126617e-02 4.765837267041206360e-02 2.071505412459373474e-02 2.831209450960159302e-02 2.001126483082771301e-02 9.155076928436756134e-03 4.289780184626579285e-02 1.235430873930454254e-02 2.263952512294054031e-03
1.113103795796632767e-02 1.397036761045455933e-02 1.091890782117843628e-02 1.775293052196502686e-02 2.215206064283847809e-02 2.337273769080638885e-02 2.051024325191974640e-02 2.681721188127994537e-02 5.024985074996948242e-01 6.642959266901016235e-02 1.747452095150947571e-02 4.131374135613441467e-02 2.320556528866291046e-02 5.347688123583793640e-02 1.896215975284576416e-02 6.599161308258771896e-03 1.818870007991790771e-02 1.327603906393051147e-01 6.558200810104608536e-03 4.109874367713928223e-02 1.510765496641397476e-02 1.352410390973091125e-02 3.940695524215698242e-02 1.500894501805305481e-02 7.636384107172489166e-03 1.667817850830033422e-04 1.810662262141704559e-02 2.818233799189329147e-03 4.446338862180709839e-02 7.691342383623123169e-03 2.438995987176895142e-02 1.080194860696792603e-02 2.949925698339939117e-02 1.948088593780994415e-02 2.240302041172981262e-02 1.690961793065071106e-02 2.035797107964754105e-03 4.485959559679031372e-02 4.354451596736907959e-02 1.565643213689327240e-02 3.212969377636909485e-02 6.009655445814132690e-02 4.600052535533905029e-02 1.393297407776117325e-02 3.872729837894439697e-02 3.655629465356469154e-03 5.675132269971072674e-04 5.581011530011892319e-03 2.362732775509357452e-02 3.570909425616264343e-02 3.305219858884811401e-02 5.575259681791067123e-03 3.882717341184616089e-02 4.092307016253471375e-02 7.897762209177017212e-02 5.199231207370758057e-02 2.960653789341449738e-02 4.709524288773536682e-02 3.093733265995979309e-02 1.113644801080226898e-02 2.396914921700954437e-02 2.732167579233646393e-02 2.574262442067265511e-03 1.493989489972591400e-02 1.603459194302558899e-02 2.762369811534881592e-03 1.635609194636344910e-02 1.181517075747251511e-02 3.105582855641841888e-02 2.979251369833946228e-02 4.184788838028907776e-02 4.447916988283395767e-03 5.198908597230911255e-02 1.729387044906616211e-02 3.428177908062934875e-02 1.402469817548990250e-02 1.416318267583847046e-01 3.049089759588241577e-02 1.468206048011779785e-01 4.598828777670860291e-02 3.185956180095672607e-02 3.529196232557296753e-02 2.025353536009788513e-02 2.066846936941146851e-03 2.513755112886428833e-02 5.334218218922615051e-02 4.488131031394004822e-02 3.435143828392028809e-02 5.515895318239927292e-03 1.566386967897415161e-02 2.423208206892013550e-02 1.497659366577863693e-02 4.256284609436988831e-02 1.771068014204502106e-02 1.605711691081523895e-02 1.428822241723537445e-02 5.986241623759269714e-03 4.528600350022315979e-02 5.361728370189666748e-02 4.328522190917283297e-04 5.071700550615787506e-03 1.019963179714977741e-03 8.454540511593222618e-04 3.854772541671991348e-03 2.736971899867057800e-02 3.356881067156791687e-02 4.323648288846015930e-02 1.782247982919216156e-02 2.078890986740589142e-02 4.828239977359771729e-02 2.916768938302993774e-02 8.882544934749603271e-03 1.207227166742086411e-02 7.103335577994585037e-03 1.701226085424423218e-02 2.660537697374820709e-02
4.293628782033920288e-02 3.779751434922218323e-02 1.267737243324518204e-02 2.236863784492015839e-02 3.869947046041488647e-02 9.461412206292152405e-03 5.844078026711940765e-03 4.750620201230049133e-02 6.642959266901016235e-02 5.181390047073364258e-01 8.157130330801010132e-03 4.121999815106391907e-02 2.418778277933597565e-02 1.159914676100015640e-02 3.752687573432922363e-02 5.714368075132369995e-02 1.119479537010192871e-02 2.559711458161473274e-03 1.231086179614067078e-01 1.117828860878944397e-02 3.228491544723510742e-02 3.085654973983764648e-02 4.048107564449310303e-02 1.963994093239307404e-02 3.675142303109169006e-02 4.061861336231231689e-02 7.772369310259819031e-03 2.641092427074909210e-02 2.081840299069881439e-02 4.406179115176200867e-02 1.925327000208199024e-03 6.335940561257302761e-04 1.647206209599971771e-02 2.581354463472962379e-03 3.889073058962821960e-02 2.456621639430522919e-02 7.362657226622104645e-03 2.866817079484462738e-02 4.420921951532363892e-02 3.969613090157508850e-02 2.711587771773338318e-02 4.508704319596290588e-02 1.090209558606147766e-02 8.744369260966777802e-03 3.640107437968254089e-02 3.253267705440521240e-02 1.948398351669311523e-02 7.152424077503383160e-04 1.195978745818138123e-02 7.899707555770874023e-02 1.463674660772085190e-02 1.183570735156536102e-02 4.470024257898330688e-02 4.276526719331741333e-02 4.333940893411636353e-02 5.953043699264526367e-02 2.650997973978519440e-02 3.736985847353935242e-02 3.771445155143737793e-02 3.144774958491325378e-02 5.213562026619911194e-02 1.183951552957296371e-02 2.618113998323678970e-03 4.558942839503288269e-02 4.465137049555778503e-02 3.450529277324676514e-02 4.073610156774520874e-02 3.723758459091186523e-02 3.363354131579399109e-02 5.327472463250160217e-02 3.326716274023056030e-02 4.940725862979888916e-03 8.495876565575599670e-03 3.066871501505374908e-02 2.320563653483986855e-03 2.091095037758350372e-02 3.626527730375528336e-03 1.400504559278488159e-01 4.764193296432495117e-02 1.630597710609436035e-01 4.561196267604827881e-02 3.704031929373741150e-02 2.387863956391811371e-02 1.278313696384429932e-01 1.840294897556304932e-02 5.214135721325874329e-02 4.371904209256172180e-02 4.039025306701660156e-02 2.504016831517219543e-02 1.094627752900123596e-01 4.000581800937652588e-02 2.519753575325012207e-02 3.696077037602663040e-03 1.811465807259082794e-02 4.089052975177764893e-02 2.068104967474937439e-02 4.095856472849845886e-02 1.023211237043142319e-02 1.181550044566392899e-02 5.281852930784225464e-02 2.942773513495922089e-03 1.763025647960603237e-03 3.090978600084781647e-02 1.001457101665437222e-03 1.586010493338108063e-02 7.662151940166950226e-03 1.126632746309041977e-02 3.750770911574363708e-02 2.318979240953922272e-02 2.011151053011417389e-02 9.090204723179340363e-03 4.462151229381561279e-02 4.143086075782775879e-02 3.310424834489822388e-02 3.007067181169986725e-02 1.378408633172512054e-02
1.524413228034973145e-01 9.403373301029205322e-02 2.994296839460730553e-03 1.029311865568161011e-02 3.669418022036552429e-02 1.293038278818130493e-01 1.461060643196105957e-01 4.336167871952056885e-02 1.747452095150947571e-02 8.157130330801010132e-03 4.847330451011657715e-01 1.486788317561149597e-02 1.309072822332382202e-01 1.951161189936101437e-03 4.110882524400949478e-03 4.382236301898956299e-02 2.352836914360523224e-02 2.623879117891192436e-03 2.672287868335843086e-03 3.244662284851074219e-02 3.709518909454345703e-02 4.410376027226448059e-02 3.551681712269783020e-02 3.494024276733398438e-02 3.177636768668889999e-03 9.017309173941612244e-03 3.724858164787292480e-02 3.472457453608512878e-02 1.872003078460693359e-02 1.212023291736841202e-02 2.357734367251396179e-02 3.377419430762529373e-03 3.514841571450233459e-02 2.324483171105384827e-02 2.569104917347431183e-02 4.665519297122955322e-02 4.495027288794517517e-02 8.967106230556964874e-03 2.531138248741626740e-02 3.163148835301399231e-02 3.145125508308410645e-02 2.780162170529365540e-02 1.577761583030223846e-02 2.449600026011466980e-02 3.375351056456565857e-02 3.215050324797630310e-02 5.430120602250099182e-02 6.891163438558578491e-02 4.780917242169380188e-02 1.776685193181037903e-02 3.597825765609741211e-02 1.513411663472652435e-02 1.583906635642051697e-02 1.410169061273336411e-02 1.754304952919483185e-02 1.471733022481203079e-02 8.450362831354141235e-03 3.529042378067970276e-02 4.530835524201393127e-02 1.145196706056594849e-02 2.268146537244319916e-02 4.056625068187713623e-02 9.046372957527637482e-03 3.562274947762489319e-02 2.703386731445789337e-02 3.725898638367652893e-02 5.444678012281656265e-03 2.640499919652938843e-02 1.685778959654271603e-03 5.171092227101325989e-03 4.859425500035285950e-02 1.393099781125783920e-02 3.063650242984294891e-02 4.537892062216997147e-03 7.714973762631416321e-04 5.977560300379991531e-03 8.705823682248592377e-03 1.040404848754405975e-02 2.622696757316589355e-02 3.098588669672608376e-03 3.536764904856681824e-02 6.397725082933902740e-03 2.304296940565109253e-02 4.600374028086662292e-02 4.192889481782913208e-02 2.784898132085800171e-02 5.646304925903677940e-04 1.147894933819770813e-02 2.931627444922924042e-02 4.230522364377975464e-02 3.318661078810691833e-02 1.471031364053487778e-02 2.616153471171855927e-02 6.318246945738792419e-03 9.479346685111522675e-03 7.197801489382982254e-03 6.592549383640289307e-03 4.085950180888175964e-02 4.610149189829826355e-02 1.016366109251976013e-02 3.327069431543350220e-02 5.001557245850563049e-02 9.706852957606315613e-03 8.906593918800354004e-02 1.426457986235618591e-02 4.557308554649353027e-02 3.842756152153015137e-03 6.106405053287744522e-03 2.263247221708297729e-02 5.604015663266181946e-03 4.675095435231924057e-03 1.009372528642416000e-02 9.618005715310573578e-03 3.673366084694862366e-02 4.897095728665590286e-03 1.171876559965312481e-03
2.343303151428699493e-02 2.701547229662537575e-03 2.322057820856571198e-02 2.127631194889545441e-02 4.287718608975410461e-02 1.725779660046100616e-02 1.632007397711277008e-02 4.859529435634613037e-04 4.131374135613441467e-02 4.121999815106391907e-02 1.486788317561149597e-02 4.938580691814422607e-01 4.000519402325153351e-03 2.003542184829711914e-01 2.152091637253761292e-02 4.304269328713417053e-02 3.712590783834457397e-02 5.337933544069528580e-03 2.724972367286682129e-02 8.372873067855834961e-03 2.219168469309806824e-02 4.746654629707336426e-02 4.055410996079444885e-02 2.184995822608470917e-02 3.392704296857118607e-03 5.425483733415603638e-02 4.285012558102607727e-02 1.061853170394897461e-01 2.234618877992033958e-03 9.265556931495666504e-02 2.269389666616916656e-02 1.389948371797800064e-02 1.529498770833015442e-02 1.468869950622320175e-02 4.678087774664163589e-03 3.688826411962509155e-02 3.426330536603927612e-02 4.014077037572860718e-02 1.541086938232183456e-02 3.128188848495483398e-02 1.156677491962909698e-02 2.393743209540843964e-02 2.048446238040924072e-02 5.055288225412368774e-02 3.263660892844200134e-02 3.114107064902782440e-02 1.587008126080036163e-02 2.661548927426338196e-02 1.350807491689920425e-03 5.889131873846054077e-02 2.510318532586097717e-02 7.063734345138072968e-03 9.545115754008293152e-03 2.706770598888397217e-02 1.945713534951210022e-02 3.588068485260009766e-02 1.752592995762825012e-02 5.026290938258171082e-02 4.343397915363311768e-02 1.246829400770366192e-03 3.099807165563106537e-02 3.497440367937088013e-02 3.793166950345039368e-02 2.884330973029136658e-02 4.171065986156463623e-02 2.944224700331687927e-02 2.360189799219369888e-03 1.569023728370666504e-02 2.300344221293926239e-02 3.859000280499458313e-02 2.297481521964073181e-02 4.570371005684137344e-03 1.247983891516923904e-02 4.412138462066650391e-02 2.021083608269691467e-03 2.465058304369449615e-02 1.400020346045494080e-02 1.471169013530015945e-02 3.022101242095232010e-03 2.835483849048614502e-02 3.476905822753906250e-02 1.797865889966487885e-02 4.559233784675598145e-02 4.145174100995063782e-02 4.413090646266937256e-02 2.152120694518089294e-02 4.847652465105056763e-02 2.989643951877951622e-03 1.245735883712768555e-01 1.071841940283775330e-01 5.595937371253967285e-02 9.430197067558765411e-03 3.516803309321403503e-02 4.535675793886184692e-02 2.288566716015338898e-02 8.708993904292583466e-03 1.801337115466594696e-02 2.009068801999092102e-02 1.416675932705402374e-02 1.356235519051551819e-02 2.184525690972805023e-02 2.322711795568466187e-02 2.762429881840944290e-03 2.215458080172538757e-02 4.246545583009719849e-02 1.990623213350772858e-02 3.905213996767997742e-02 5.283577367663383484e-02 3.565263375639915466e-02 3.937204927206039429e-02 2.348792180418968201e-02 6.465148925781250000e-02 2.659388631582260132e-02 1.506753638386726379e-02 3.086634539067745209e-02 3.356584534049034119e-02
3.220078721642494202e-02 9.691056609153747559e-02 2.582342736423015594e-02 1.035536546260118484e-02 3.226553648710250854e-02 6.109281256794929504e-02 1.646955758333206177e-01 4.202627576887607574e-03 2.320556528866291046e-02 2.418778277933597565e-02 1.309072822332382202e-01 4.000519402325153351e-03 4.904985725879669189e-01 1.794957742094993591e-02 2.629354223608970642e-02 4.467960074543952942e-02 2.924669906497001648e-02 6.198110058903694153e-04 3.150189295411109924e-02 2.878458704799413681e-03 1.539648417383432388e-02 2.255774289369583130e-02 2.510100975632667542e-02 1.399611402302980423e-02 2.133614569902420044e-02 2.221615798771381378e-02 4.511019214987754822e-02 2.654435299336910248e-02 2.054212987422943115e-02 2.856519445776939392e-02 1.007237564772367477e-02 1.934752054512500763e-02 4.532271251082420349e-02 2.144673280417919159e-02 5.065133422613143921e-02 2.580171637237071991e-02 1.824040524661540985e-02 2.227420732378959656e-02 2.220213785767555237e-02 3.329974785447120667e-02 3.855702280998229980e-02 3.792444709688425064e-03 1.923086680471897125e-02 2.243498899042606354e-02 4.683501273393630981e-02 4.222080856561660767e-02 3.021224401891231537e-02 8.117113262414932251e-02 1.660967059433460236e-02 2.519537508487701416e-02 1.460080617107450962e-03 2.981034480035305023e-02 1.055543962866067886e-02 5.946754664182662964e-02 4.597434401512145996e-02 4.191369563341140747e-02 1.782080531120300293e-02 5.666666850447654724e-02 1.069220155477523804e-02 7.527964562177658081e-02 1.496798917651176453e-02 1.424153149127960205e-02 2.332503441721200943e-03 3.657338395714759827e-02 3.559042233973741531e-03 1.223787441849708557e-01 3.587692603468894958e-02 1.711920462548732758e-02 2.677039057016372681e-02 1.061994582414627075e-02 1.596190221607685089e-02 8.181607350707054138e-03 3.104281425476074219e-02 2.684703841805458069e-02 2.535750390961766243e-03 1.569030620157718658e-02 1.024016272276639938e-02 2.758214250206947327e-02 2.913107722997665405e-02 1.209296565502882004e-02 2.214217791333794594e-03 1.116434694267809391e-03 4.719929024577140808e-02 2.812833897769451141e-02 2.540837414562702179e-02 1.173824816942214966e-02 2.895372733473777771e-02 1.208028569817543030e-01 3.071907907724380493e-02 2.983837388455867767e-02 3.842343762516975403e-02 4.413744900375604630e-04 9.856881201267242432e-02 1.370289642363786697e-02 5.180130153894424438e-02 2.386454120278358459e-02 7.724226452410221100e-03 4.378838092088699341e-02 4.014779254794120789e-02 1.077376306056976318e-02 5.037349183112382889e-03 5.226062610745429993e-03 3.101119399070739746e-02 1.722634071484208107e-03 2.045909874141216278e-02 7.633830606937408447e-02 4.971890896558761597e-02 3.433570265769958496e-02 5.177414510399103165e-03 3.141182661056518555e-02 4.245789349079132080e-02 2.120494097471237183e-02 9.748177602887153625e-03 7.924737408757209778e-03 2.543422393500804901e-02 2.969786897301673889e-02
