5.392289757728576660e-01 2.116029709577560425e-01 2.175077982246875763e-02 3.909116983413696289e-02 5.005986243486404419e-02 8.668002486228942871e-02 4.865002632141113281e-02 4.156613722443580627e-03 6.655878853052854538e-03 3.867184743285179138e-03 1.497592497617006302e-02 3.877584636211395264e-02 5.692247673869132996e-02 3.183183027431368828e-03 2.397846803069114685e-02 1.645183004438877106e-02 3.550592809915542603e-02 6.842383882030844688e-04 2.838397026062011719e-02 1.530857291072607040e-02 8.165844716131687164e-03 2.594137564301490784e-02 4.854578524827957153e-02 4.759182408452033997e-02 4.024450108408927917e-02 3.955414146184921265e-02 1.604774221777915955e-02 8.641431480646133423e-02 6.158853694796562195e-02 7.353066653013229370e-02 5.937464907765388489e-02 1.418182509951293468e-03 2.636510133743286133e-02 1.067481469362974167e-02 4.182808846235275269e-02 5.303282290697097778e-02 3.233275562524795532e-02 1.745104044675827026e-02 1.881898194551467896e-02 4.239350929856300354e-02 1.316184550523757935e-02 4.364969581365585327e-02 1.300186733715236187e-03 4.317760095000267029e-02 3.494552150368690491e-02 7.478598505258560181e-03 2.603410277515649796e-03 1.480053737759590149e-02 2.068092487752437592e-02 6.502926349639892578e-03 2.062097378075122833e-02 2.592368610203266144e-02 5.327663570642471313e-02 3.731904178857803345e-02 4.060803726315498352e-02 1.434844080358743668e-02 5.200035870075225830e-02 1.306866202503442764e-02 4.755235090851783752e-02 2.668124251067638397e-02 2.287967503070831299e-02 2.706815674901008606e-02 1.939436420798301697e-02 3.472199663519859314e-02 7.871107757091522217e-02 2.050815708935260773e-02 1.882216893136501312e-02 1.594845816725865006e-04 2.377076633274555206e-02 3.465365618467330933e-02 2.953632734715938568e-02 2.798517979681491852e-02 3.415607288479804993e-02 4.873993247747421265e-02 1.534509100019931793e-02 4.398050531744956970e-02 1.265059877187013626e-02 3.386362269520759583e-02 1.901129446923732758e-02 2.511308901011943817e-02 6.794901192188262939e-02 8.589758537709712982e-03 1.522694900631904602e-02 2.322514308616518974e-03 2.730060555040836334e-02 4.669777676463127136e-02 1.695218123495578766e-02 1.155372057110071182e-02 2.631885185837745667e-02 1.847236976027488708e-02 1.090379059314727783e-02 2.076803706586360931e-02 1.603064499795436859e-02 2.353371679782867432e-02 1.065687183290719986e-02 6.433528382331132889e-03 3.094070591032505035e-02 2.702599018812179565e-02 3.371286392211914062e-02 4.107124730944633484e-02 2.794993855059146881e-02 3.677356243133544922e-02 1.897854357957839966e-02 2.054440788924694061e-02 3.290650993585586548e-02 4.104613140225410461e-02 2.255723811686038971e-02 3.945431858301162720e-02 3.868456184864044189e-02 4.665515385568141937e-03 1.459994167089462280e-02 1.432964298874139786e-02 3.875727206468582153e-02 4.332186654210090637e-02 2.498187683522701263e-02 2.324177511036396027e-02
2.116029709577560425e-01 5.396378636360168457e-01 2.900605462491512299e-02 1.489845104515552521e-02 2.480966411530971527e-02 7.852273434400558472e-02 7.744691334664821625e-03 2.061594091355800629e-02 1.031494420021772385e-02 3.377093374729156494e-02 2.636259421706199646e-02 4.244678840041160583e-02 1.019687503576278687e-01 1.500481646507978439e-02 1.435157936066389084e-02 6.097067380324006081e-04 2.697146497666835785e-02 3.586014360189437866e-02 2.644787076860666275e-03 4.850323870778083801e-02 3.678240254521369934e-02 6.703015533275902271e-04 1.261631119996309280e-02 2.028944715857505798e-02 1.207732036709785461e-02 2.840371057391166687e-02 1.038440596312284470e-02 8.358863741159439087e-02 5.716333165764808655e-02 8.085145056247711182e-02 2.145032025873661041e-02 1.088508125394582748e-02 2.477699331939220428e-02 3.360871225595474243e-02 3.605058416724205017e-02 4.116857424378395081e-02 3.242565691471099854e-02 3.917214646935462952e-02 1.914220862090587616e-02 8.262304589152336121e-03 2.794442325830459595e-02 3.237261623144149780e-02 3.811052010860294104e-04 3.952097613364458084e-03 1.694203913211822510e-02 3.414966166019439697e-02 1.562449522316455841e-02 6.561139598488807678e-03 3.721004351973533630e-02 2.869475074112415314e-02 3.538382798433303833e-02 5.268828943371772766e-02 4.743089899420738220e-02 4.814455658197402954e-02 4.127509426325559616e-03 1.717743836343288422e-02 5.572758242487907410e-02 4.514813423156738281e-02 4.453680664300918579e-02 1.225928496569395065e-02 3.173299599438905716e-03 6.388217676430940628e-03 2.418370172381401062e-02 4.137054085731506348e-02 6.555523723363876343e-02 3.403823077678680420e-02 4.379815235733985901e-02 3.822653368115425110e-02 3.580373246222734451e-03 3.910156339406967163e-02 4.105009138584136963e-03 2.496081963181495667e-02 3.103593178093433380e-02 4.587794095277786255e-02 2.266893349587917328e-02 4.257394745945930481e-02 8.981917053461074829e-03 1.046380028128623962e-02 3.960390761494636536e-02 3.623032569885253906e-02 4.992303252220153809e-02 1.458425074815750122e-02 4.822048544883728027e-02 2.107371389865875244e-02 3.342627733945846558e-02 1.014450215734541416e-03 2.334064431488513947e-02 1.835458213463425636e-03 1.081238407641649246e-02 4.325897619128227234e-02 6.871993653476238251e-03 3.167268633842468262e-02 3.181813284754753113e-02 4.000267479568719864e-03 3.344659926369786263e-04 3.011839836835861206e-02 2.973218075931072235e-02 2.646645531058311462e-02 1.634458452463150024e-02 1.836934313178062439e-02 1.356095541268587112e-02 2.190069295465946198e-02 3.934638109058141708e-03 5.002124235033988953e-03 2.325671724975109100e-02 3.601437434554100037e-02 1.129838917404413223e-02 8.196478709578514099e-03 5.811558663845062256e-02 3.917405381798744202e-02 6.159745156764984131e-03 1.663870550692081451e-02 2.124133706092834473e-02 2.212477289140224457e-02 6.036361679434776306e-02 1.053036469966173172e-02
2.175077982246875763e-02 2.900605462491512299e-02 5.252240300178527832e-01 2.044810168445110321e-02 1.552052609622478485e-02 2.320053614675998688e-02 3.214379027485847473e-02 1.052724346518516541e-01 2.469235658645629883e-02 3.200651332736015320e-02 1.266203913837671280e-02 2.896267175674438477e-02 9.499074891209602356e-03 3.386257588863372803e-02 3.927516285330057144e-03 8.137733675539493561e-03 3.027171641588211060e-02 3.537534177303314209e-02 3.610541671514511108e-02 7.006261148490011692e-04 4.936688113957643509e-03 3.712809458374977112e-02 4.863182082772254944e-03 1.989930897252634168e-04 1.947296969592571259e-02 3.952174913138151169e-03 4.331232607364654541e-02 4.633875098079442978e-03 7.760194595903158188e-03 2.424107678234577179e-02 1.230544759891927242e-03 4.621810466051101685e-02 3.846440091729164124e-02 1.066104788333177567e-02 1.818305999040603638e-02 3.145424416288733482e-03 4.269911907613277435e-03 1.016992479562759399e-01 4.448422789573669434e-02 7.291665533557534218e-04 1.070567518472671509e-01 2.382408268749713898e-02 1.272016484290361404e-02 2.362000197172164917e-02 4.546169657260179520e-03 3.844575211405754089e-02 1.146096922457218170e-02 1.944029144942760468e-02 2.767271734774112701e-02 1.481343619525432587e-02 5.537327844649553299e-03 3.776051476597785950e-02 3.942582383751869202e-02 2.777720242738723755e-02 2.907718904316425323e-02 3.302678838372230530e-02 2.534474059939384460e-02 3.294888511300086975e-02 6.477127783000469208e-03 4.703276231884956360e-02 9.791441261768341064e-03 9.638432413339614868e-03 2.529629506170749664e-02 2.090143971145153046e-02 3.267576918005943298e-02 1.500293728895485401e-03 1.057433336973190308e-02 1.179074216634035110e-02 2.666614390909671783e-02 3.178041428327560425e-02 3.048895299434661865e-02 5.649891216307878494e-03 4.522679001092910767e-02 5.862392019480466843e-03 3.575072437524795532e-02 1.724085398018360138e-02 3.276889771223068237e-02 3.035147860646247864e-02 5.511070135980844498e-03 1.041537802666425705e-02 1.081623882055282593e-01 4.839641228318214417e-02 2.723135054111480713e-02 1.590186730027198792e-02 6.514455191791057587e-03 2.363108284771442413e-02 1.288208458572626114e-02 2.150913514196872711e-02 2.327486686408519745e-02 2.668554708361625671e-02 2.924396470189094543e-02 3.395261615514755249e-02 9.916551411151885986e-03 1.688088290393352509e-02 6.370984017848968506e-03 2.249249070882797241e-02 5.417778715491294861e-02 4.671419039368629456e-02 3.361406503245234489e-03 4.326237831264734268e-03 2.376011572778224945e-02 2.550963312387466431e-02 5.923135578632354736e-02 2.797764912247657776e-02 3.848934918642044067e-02 4.531671106815338135e-02 8.493137545883655548e-03 2.134957909584045410e-02 6.099035032093524933e-03 2.350076287984848022e-02 2.550565823912620544e-02 8.488009870052337646e-02 6.344525609165430069e-03 4.495157918427139521e-05 3.175836056470870972e-02 9.097615256905555725e-03
3.909116983413696289e-02 1.489845104515552521e-02 2.044810168445110321e-02 5.591104626655578613e-01 6.362885236740112305e-02 1.169268158264458179e-03 2.441577427089214325e-02 7.674623280763626099e-03 1.103835925459861755e-02 3.402359783649444580e-02 1.892290078103542328e-02 1.047415751963853836e-02 7.655314635485410690e-03 3.519830107688903809e-02 1.148850284516811371e-02 3.112409962341189384e-03 5.668458528816699982e-03 2.719751931726932526e-02 1.503578294068574905e-02 5.224902182817459106e-02 4.441194608807563782e-02 3.494894504547119141e-02 2.794315107166767120e-02 3.344225883483886719e-02 2.507119253277778625e-02 3.784462809562683105e-02 4.285844787955284119e-02 8.637336082756519318e-03 4.497345164418220520e-02 7.227410242194309831e-05 4.034676402807235718e-02 1.907344907522201538e-02 8.294925093650817871e-03 4.559414833784103394e-02 2.234770171344280243e-02 1.431105192750692368e-02 1.902419887483119965e-02 8.865265175700187683e-03 6.100792437791824341e-03 2.959529124200344086e-02 2.234046719968318939e-02 1.677347114309668541e-03 1.461644098162651062e-02 4.871356487274169922e-02 7.160118315368890762e-03 2.782499976456165314e-02 4.040635749697685242e-02 1.242480520159006119e-02 7.978099747560918331e-04 6.110142171382904053e-02 3.344368934631347656e-02 3.699129074811935425e-02 3.963376954197883606e-02 2.838697656989097595e-02 3.854044945910573006e-03 1.865079067647457123e-02 3.348033130168914795e-02 1.383620314300060272e-02 1.447819825261831284e-02 2.094035968184471130e-03 2.523770555853843689e-02 2.023787051439285278e-02 2.654134295880794525e-02 6.010716781020164490e-03 1.013874169439077377e-02 1.744299940764904022e-02 2.647510729730129242e-02 4.606485739350318909e-02 1.472008880227804184e-02 1.378354243934154510e-02 2.072613872587680817e-02 1.015061140060424805e-02 4.718051478266716003e-02 3.104184055700898170e-03 3.003795072436332703e-02 4.986613988876342773e-03 1.004198007285594940e-02 1.234204275533556938e-03 1.150507759302854538e-02 6.598711758852005005e-02 1.544770319014787674e-02 1.845373958349227905e-02 2.013297379016876221e-02 3.397222841158509254e-03 7.516463287174701691e-03 2.320601977407932281e-02 1.013475283980369568e-02 3.620892530307173729e-04 2.042456762865185738e-03 2.814203314483165741e-02 2.260186010971665382e-03 1.201811060309410095e-02 5.878888186998665333e-04 2.654295600950717926e-02 7.745364680886268616e-03 2.224291115999221802e-02 3.346798196434974670e-02 7.738943168078549206e-06 7.968573831021785736e-03 2.512529492378234863e-02 1.768969744443893433e-02 6.938094738870859146e-03 3.055246174335479736e-02 4.132060334086418152e-03 2.587285079061985016e-02 3.389180451631546021e-02 1.359451189637184143e-02 2.193244919180870056e-02 1.253016479313373566e-02 2.301897294819355011e-02 1.857463829219341278e-02 3.693656763061881065e-03 7.853413000702857971e-03 4.668296501040458679e-02 1.651294901967048645e-02 1.506093982607126236e-02
5.005986243486404419e-02 2.480966411530971527e-02 1.552052609622478485e-02 6.362885236740112305e-02 5.529757738113403320e-01 1.792810484766960144e-02 1.361539773643016815e-02 5.403886083513498306e-03 2.028096094727516174e-02 4.574202001094818115e-03 2.001993916928768158e-02 2.529119327664375305e-02 8.970138616859912872e-03 5.232287570834159851e-02 7.468379568308591843e-03 2.279387228190898895e-02 1.178958686068654060e-03 2.502609975636005402e-02 5.227866768836975098e-02 3.032182343304157257e-02 3.610670194029808044e-02 2.182356640696525574e-02 3.453264012932777405e-02 2.280238643288612366e-02 1.601979508996009827e-02 2.415135689079761505e-02 2.329968102276325226e-02 8.393931202590465546e-03 1.689603738486766815e-02 2.747572492808103561e-03 1.120420917868614197e-02 1.288800686597824097e-02 1.515353564172983170e-02 2.334179356694221497e-02 7.754770573228597641e-03 1.502526551485061646e-02 1.438522525131702423e-02 2.111592888832092285e-02 1.655256934463977814e-02 2.683509327471256256e-02 2.834296040236949921e-02 6.357801612466573715e-03 1.280158106237649918e-02 3.310598433017730713e-02 5.043556913733482361e-03 3.535897005349397659e-03 3.080904483795166016e-02 1.679790019989013672e-02 8.398945443332195282e-03 1.780435815453529358e-02 2.295049652457237244e-02 3.400440514087677002e-02 1.105160545557737350e-02 1.379914395511150360e-02 5.546470638364553452e-03 5.452382378280162811e-03 3.603041917085647583e-02 3.467650339007377625e-02 1.676417700946331024e-02 1.994806528091430664e-02 3.842884674668312073e-03 4.492368921637535095e-02 3.030543774366378784e-02 8.508355356752872467e-03 8.064658381044864655e-03 7.610024884343147278e-03 3.269548341631889343e-02 4.463940858840942383e-02 1.350519596599042416e-04 2.417813241481781006e-02 2.373908646404743195e-02 9.451505029574036598e-04 2.315269969403743744e-02 2.235182560980319977e-02 3.099726885557174683e-02 1.701904833316802979e-02 6.306430324912071228e-03 2.618656493723392487e-03 6.728738662786781788e-04 4.361890896689146757e-04 1.484747231006622314e-02 3.939760103821754456e-02 4.849025234580039978e-02 4.153224453330039978e-02 8.626857772469520569e-03 5.348866805434226990e-02 2.146899886429309845e-02 5.867520812898874283e-03 4.699574410915374756e-02 2.192268520593643188e-02 1.921977289021015167e-02 1.922863884828984737e-03 1.223833241965621710e-04 1.250846218317747116e-02 1.603445410728454590e-02 4.343434795737266541e-02 1.493424456566572189e-02 6.243601441383361816e-03 2.680687047541141510e-02 3.237529471516609192e-02 9.851142764091491699e-03 5.105255637317895889e-03 4.318707063794136047e-02 2.232490340247750282e-03 1.427972875535488129e-02 2.250787243247032166e-02 2.590515185147523880e-03 2.610121108591556549e-02 1.482141576707363129e-02 3.268625587224960327e-02 2.398352511227130890e-02 1.377050019800662994e-02 3.046811372041702271e-02 3.127462789416313171e-02 6.054417230188846588e-03 3.672324866056442261e-02
8.668002486228942871e-02 7.852273434400558472e-02 2.320053614675998688e-02 1.169268158264458179e-03 1.792810484766960144e-02 5.428112149238586426e-01 6.977945566177368164e-02 1.083552837371826172e-02 8.293769322335720062e-03 4.130293056368827820e-02 3.797894343733787537e-02 3.278395533561706543e-02 6.093520671129226685e-02 1.153081376105546951e-02 1.853800751268863678e-02 3.224187344312667847e-02 3.195785358548164368e-02 2.325138048036023974e-04 2.437129244208335876e-02 2.981394901871681213e-02 5.929863080382347107e-02 1.764069078490138054e-03 2.292782301083207130e-04 4.678393248468637466e-03 3.064974211156368256e-02 5.515562370419502258e-03 2.017982117831707001e-02 5.217398703098297119e-02 7.537987828254699707e-02 5.513353273272514343e-02 3.807073831558227539e-02 4.421005770564079285e-02 4.669168218970298767e-02 6.415477488189935684e-03 1.638156129047274590e-03 2.440786361694335938e-02 1.651811646297574043e-03 1.833165809512138367e-02 2.540672756731510162e-02 2.606232278048992157e-02 4.051330313086509705e-02 1.613462227396667004e-03 9.548275265842676163e-04 1.718387752771377563e-02 8.444705046713352203e-03 6.768105085939168930e-04 4.038677737116813660e-02 1.517924666404724121e-02 7.210498442873358727e-04 8.628297597169876099e-03 2.334396168589591980e-02 1.881288737058639526e-02 1.351509243249893188e-02 2.583271358162164688e-03 5.140487477183341980e-02 1.996438251808285713e-03 3.620778769254684448e-02 1.737785898149013519e-02 3.008224256336688995e-02 4.753770679235458374e-02 1.832622289657592773e-02 2.807712182402610779e-02 2.399636991322040558e-02 4.634162783622741699e-02 4.933446645736694336e-02 9.333212859928607941e-03 2.450380660593509674e-02 5.471565946936607361e-02 2.280608192086219788e-02 5.244467407464981079e-02 4.452737420797348022e-02 8.427440188825130463e-03 2.393735572695732117e-02 4.795350506901741028e-02 4.697991907596588135e-02 2.176819369196891785e-02 1.540035381913185120e-02 1.618924364447593689e-02 1.014912128448486328e-02 2.430848218500614166e-02 1.508339960128068924e-02 2.184131927788257599e-02 1.830439269542694092e-02 4.172126203775405884e-02 1.860734634101390839e-02 2.623814344406127930e-02 1.655540242791175842e-02 2.669582888484001160e-02 3.129298239946365356e-02 3.163568302989006042e-02 2.613122947514057159e-02 1.136234495788812637e-02 4.919317737221717834e-02 3.828684985637664795e-02 2.481935173273086548e-02 1.181402336806058884e-02 1.409304514527320862e-02 2.702806331217288971e-02 5.614110454916954041e-02 1.815311238169670105e-02 1.586242206394672394e-02 5.182205233722925186e-03 8.477134397253394127e-04 4.359043389558792114e-02 1.890114508569240570e-02 7.049364503473043442e-03 9.521233849227428436e-03 2.329884283244609833e-02 3.612291067838668823e-02 5.126325041055679321e-02 2.090589329600334167e-02 7.168499752879142761e-03 1.367545500397682190e-02 1.859866268932819366e-02 9.600414894521236420e-03 3.271311149001121521e-02
4.865002632141113281e-02 7.744691334664821625e-03 3.214379027485847473e-02 2.441577427089214325e-02 1.361539773643016815e-02 6.977945566177368164e-02 5.437162518501281738e-01 2.616258710622787476e-02 6.336550693958997726e-03 4.978472366929054260e-03 9.617412462830543518e-03 8.477533236145973206e-03 4.174044728279113770e-02 2.112095989286899567e-02 1.053062174469232559e-02 6.740199867635965347e-03 1.894910074770450592e-02 1.013269741088151932e-02 3.677601367235183716e-02 3.614600747823715210e-02 2.394719049334526062e-02 2.689336612820625305e-02 2.459469810128211975e-02 1.723052375018596649e-02 1.267878804355859756e-02 3.051071241497993469e-02 4.792846739292144775e-03 1.263987272977828979e-02 1.264411141164600849e-03 2.090416289865970612e-02 3.575064241886138916e-02 4.202054813504219055e-03 5.100246146321296692e-02 5.933350324630737305e-02 4.253081977367401123e-02 2.389890328049659729e-02 4.597562551498413086e-02 5.975271575152873993e-03 2.913088724017143250e-02 1.899903081357479095e-02 1.408147998154163361e-02 5.418773740530014038e-02 1.729828864336013794e-02 4.644148424267768860e-02 5.156700313091278076e-02 8.737297356128692627e-02 5.774375051259994507e-02 9.166698157787322998e-02 4.463412612676620483e-02 6.190674379467964172e-03 1.647992059588432312e-02 1.204210706055164337e-02 3.675679117441177368e-02 3.370073437690734863e-02 1.561973989009857178e-02 2.851211838424205780e-02 4.556950181722640991e-02 4.030224308371543884e-02 2.638839185237884521e-02 3.424041206017136574e-03 4.299013316631317139e-02 1.905242726206779480e-02 4.035798832774162292e-02 3.087984956800937653e-02 4.927495867013931274e-02 2.499032951891422272e-02 4.394954070448875427e-02 2.453816309571266174e-02 4.040044732391834259e-03 2.713297121226787567e-02 1.973153278231620789e-02 2.034406922757625580e-02 5.177059397101402283e-02 2.421563304960727692e-02 2.043755911290645599e-02 8.487597107887268066e-03 6.368856411427259445e-04 3.301847353577613831e-02 5.447567626833915710e-02 3.566528484225273132e-02 1.080104243010282516e-02 1.026997528970241547e-02 1.614784263074398041e-02 5.923992954194545746e-03 2.345664426684379578e-02 3.807839378714561462e-02 2.605846384540200233e-04 5.610321089625358582e-02 8.884280920028686523e-03 2.611136063933372498e-02 4.115802794694900513e-02 4.916996881365776062e-02 6.521000526845455170e-03 3.097276017069816589e-02 9.294854244217276573e-04 3.439040109515190125e-02 1.381153799593448639e-02 2.321138605475425720e-02 3.007241711020469666e-02 2.894455567002296448e-02 4.264828935265541077e-02 8.134363219141960144e-03 4.930830001831054688e-02 2.038442716002464294e-02 2.866321057081222534e-02 3.918106108903884888e-02 3.002228215336799622e-02 1.607452146708965302e-02 1.962958369404077530e-03 1.570425741374492645e-02 3.327345475554466248e-02 3.003372810781002045e-02 2.375426003709435463e-03 1.310481317341327667e-02 7.536936551332473755e-02 8.125565946102142334e-02
4.156613722443580627e-03 2.061594091355800629e-02 1.052724346518516541e-01 7.674623280763626099e-03 5.403886083513498306e-03 1.083552837371826172e-02 2.616258710622787476e-02 5.485897064208984375e-01 8.367926813662052155e-03 1.424891687929630280e-02 1.525093894451856613e-02 1.203336566686630249e-02 1.628940738737583160e-02 1.369220577180385590e-02 6.349809467792510986e-02 4.053432866930961609e-02 2.838289737701416016e-02 2.114857174456119537e-02 9.317315998487174511e-04 2.485722489655017853e-02 2.720880322158336639e-02 3.137189522385597229e-02 1.042948220856487751e-03 1.649192161858081818e-02 1.157535612583160400e-02 1.299312990158796310e-02 9.204762987792491913e-03 1.369922887533903122e-02 3.206381574273109436e-02 1.526621729135513306e-02 5.071431770920753479e-02 5.344792082905769348e-02 4.111598711460828781e-03 1.124822534620761871e-02 7.450212258845567703e-03 4.870443791151046753e-02 6.308424472808837891e-02 8.168662898242473602e-03 4.107057675719261169e-02 3.666111826896667480e-02 5.112745240330696106e-02 1.508057862520217896e-02 3.843457438051700592e-03 1.383928675204515457e-02 2.625519409775733948e-02 3.666776791214942932e-02 1.280843093991279602e-02 2.650243975222110748e-02 4.257935658097267151e-02 4.105918109416961670e-02 2.955473400652408600e-02 1.874634623527526855e-02 1.999835669994354248e-02 7.956656627357006073e-03 4.057964310050010681e-02 2.116782590746879578e-02 5.009518191218376160e-02 3.611234575510025024e-02 3.952962160110473633e-02 2.270354144275188446e-02 4.727545380592346191e-02 4.619923233985900879e-02 1.254385337233543396e-02 4.025070741772651672e-02 2.207036875188350677e-02 2.157092653214931488e-02 3.018781135324388742e-04 2.033564075827598572e-02 3.677979856729507446e-02 2.289127558469772339e-02 4.372772946953773499e-02 5.673252511769533157e-03 2.472162432968616486e-02 1.672923564910888672e-02 3.526172041893005371e-02 2.411122433841228485e-03 1.995860040187835693e-02 4.467976093292236328e-02 3.090319037437438965e-02 4.079886153340339661e-02 1.296513974666595459e-01 4.234818369150161743e-02 2.598897553980350494e-03 1.038661878556013107e-02 1.015051966533064842e-03 4.719228018075227737e-03 5.440194904804229736e-02 2.086242660880088806e-02 2.685629203915596008e-02 2.681100927293300629e-02 3.673722036182880402e-03 3.318224335089325905e-03 1.764176413416862488e-02 1.065970119088888168e-02 4.194173961877822876e-02 9.161240421235561371e-03 1.448680553585290909e-02 1.974703278392553329e-03 2.293434180319309235e-02 4.007563367486000061e-02 3.221053630113601685e-02 2.613482438027858734e-02 3.412466123700141907e-02 7.715101819485425949e-03 3.810484334826469421e-02 1.840860769152641296e-02 4.624926298856735229e-02 8.918367326259613037e-03 1.000421959906816483e-02 8.265273645520210266e-03 2.456267550587654114e-02 3.930233791470527649e-02 1.463144645094871521e-02 1.602115295827388763e-02 2.198748290538787842e-02 1.378887984901666641e-02
6.655878853052854538e-03 1.031494420021772385e-02 2.469235658645629883e-02 1.103835925459861755e-02 2.028096094727516174e-02 8.293769322335720062e-03 6.336550693958997726e-03 8.367926813662052155e-03 5.527371168136596680e-01 2.405631169676780701e-02 3.245351091027259827e-02 3.399604558944702148e-02 3.431375697255134583e-02 1.077704969793558121e-02 4.839877411723136902e-02 1.869899965822696686e-02 8.978102356195449829e-03 5.398323759436607361e-02 9.820997714996337891e-03 4.443104565143585205e-02 7.152723614126443863e-03 4.395612329244613647e-02 2.293045446276664734e-02 3.873239457607269287e-02 3.341577947139739990e-02 5.618982017040252686e-02 2.258426323533058167e-02 4.740647971630096436e-02 4.061721637845039368e-02 1.375949848443269730e-02 3.094195388257503510e-02 2.096439339220523834e-02 6.620012689381837845e-03 3.058083914220333099e-02 4.323836416006088257e-03 4.395202174782752991e-02 1.088604610413312912e-02 4.410918429493904114e-02 1.878814399242401123e-02 4.413701966404914856e-02 9.128368459641933441e-03 2.277655340731143951e-02 3.903350606560707092e-02 1.478789187967777252e-02 1.813853904604911804e-02 3.805056330747902393e-04 1.932446472346782684e-02 1.893361099064350128e-02 6.486975401639938354e-02 4.871724173426628113e-02 1.042954064905643463e-02 1.451607793569564819e-02 2.227864041924476624e-02 2.420161850750446320e-02 7.912743091583251953e-02 9.928820654749870300e-03 4.609147086739540100e-03 3.567617153748869896e-03 1.889662817120552063e-02 2.496179379522800446e-02 3.717434778809547424e-02 1.861253008246421814e-02 1.731265219859778881e-03 2.202731324359774590e-03 9.738537482917308807e-03 4.351302608847618103e-02 2.987257018685340881e-02 6.759906653314828873e-03 5.401738360524177551e-02 9.813123382627964020e-03 2.741076610982418060e-02 4.721897840499877930e-02 7.546732667833566666e-03 7.477547042071819305e-03 2.194258943200111389e-02 5.242349207401275635e-02 5.719781294465065002e-02 4.574015364050865173e-02 4.785190150141716003e-02 1.849385537207126617e-02 2.054670266807079315e-02 7.558891549706459045e-03 1.663995347917079926e-02 6.128177978098392487e-03 2.926748059689998627e-02 2.144858986139297485e-02 5.623840913176536560e-02 2.078454941511154175e-02 3.707808256149291992e-02 2.042870782315731049e-02 1.745203509926795959e-02 1.017334870994091034e-02 2.417081221938133240e-02 2.442359738051891327e-02 8.901013992726802826e-03 4.916334152221679688e-02 4.584001749753952026e-02 4.878150671720504761e-02 4.590356722474098206e-03 4.844495281577110291e-02 8.433360606431961060e-03 4.231702163815498352e-02 4.183163866400718689e-02 1.474212296307086945e-02 2.311961725354194641e-02 4.441735520958900452e-02 6.837350316345691681e-03 4.299994185566902161e-02 4.574389010667800903e-02 2.583430521190166473e-02 4.741130024194717407e-02 3.564937412738800049e-02 3.293298557400703430e-02 3.659434244036674500e-02 1.102851517498493195e-02 3.428070619702339172e-02
3.867184743285179138e-03 3.377093374729156494e-02 3.200651332736015320e-02 3.402359783649444580e-02 4.574202001094818115e-03 4.130293056368827820e-02 4.978472366929054260e-03 1.424891687929630280e-02 2.405631169676780701e-02 5.524203181266784668e-01 7.688466459512710571e-03 2.328195981681346893e-02 2.473669825121760368e-03 4.198883101344108582e-02 4.409601166844367981e-02 5.178159102797508240e-02 4.772286396473646164e-03 1.332949846982955933e-02 8.861340582370758057e-02 1.296290941536426544e-02 3.949269652366638184e-03 3.854217380285263062e-02 1.222359295934438705e-02 3.007969819009304047e-02 3.726688027381896973e-02 4.546895250678062439e-02 3.011254221200942993e-02 5.647084116935729980e-02 2.301883511245250702e-02 5.965293943881988525e-02 1.786736771464347839e-02 2.147574163973331451e-02 4.067745432257652283e-02 3.566445037722587585e-02 4.313636198639869690e-02 4.096525255590677261e-03 1.419820915907621384e-02 2.295062132179737091e-02 1.296566706150770187e-02 2.339238300919532776e-02 2.175553701817989349e-02 1.266155298799276352e-02 3.012714348733425140e-02 7.583304308354854584e-03 3.801870718598365784e-02 5.606291070580482483e-02 2.057161554694175720e-02 2.600728720426559448e-02 3.230631723999977112e-02 9.845857322216033936e-02 2.877321559935808182e-03 3.342181071639060974e-02 1.507424167357385159e-03 1.126769278198480606e-02 2.711708098649978638e-02 9.862924367189407349e-02 5.304177477955818176e-02 2.853400632739067078e-02 7.159198634326457977e-03 3.077704273164272308e-02 3.377733007073402405e-02 3.702525794506072998e-02 2.747696824371814728e-02 5.796846747398376465e-02 4.762042313814163208e-02 2.938200533390045166e-02 3.693875297904014587e-02 5.339981056749820709e-03 3.925876691937446594e-02 5.970139056444168091e-02 2.803536131978034973e-02 3.898518532514572144e-02 5.175945162773132324e-02 4.826173931360244751e-02 1.658260449767112732e-02 5.826134979724884033e-02 6.477738171815872192e-02 5.320050567388534546e-02 6.032661534845829010e-03 1.094309315085411072e-01 3.311177715659141541e-02 2.852096036076545715e-02 1.207830384373664856e-02 7.641585916280746460e-02 2.245613839477300644e-03 4.835220798850059509e-02 3.683235496282577515e-02 3.484330326318740845e-02 6.184379570186138153e-03 4.806764423847198486e-03 9.276358410716056824e-03 1.994807273149490356e-03 1.374003291130065918e-02 4.023923538625240326e-03 3.957972303032875061e-02 1.505528227426111698e-03 6.355744600296020508e-02 2.176767587661743164e-02 3.938516974449157715e-02 6.892647594213485718e-03 1.220290455967187881e-02 2.619839087128639221e-02 4.921161383390426636e-02 1.526760682463645935e-02 2.263560146093368530e-02 7.947511970996856689e-03 4.984018206596374512e-02 1.078023947775363922e-02 1.314773224294185638e-02 3.961323201656341553e-02 5.300944671034812927e-02 5.683350935578346252e-02 4.887898266315460205e-02 1.923297904431819916e-02 6.400666316039860249e-04 9.366384707391262054e-03
1.497592497617006302e-02 2.636259421706199646e-02 1.266203913837671280e-02 1.892290078103542328e-02 2.001993916928768158e-02 3.797894343733787537e-02 9.617412462830543518e-03 1.525093894451856613e-02 3.245351091027259827e-02 7.688466459512710571e-03 5.454322695732116699e-01 1.569177769124507904e-02 7.733203470706939697e-02 1.991657307371497154e-03 1.226789690554141998e-02 1.334082894027233124e-02 2.747020125389099121e-02 5.394181702286005020e-03 1.757060177624225616e-02 1.947578415274620056e-02 6.178009789437055588e-03 8.525889366865158081e-03 4.644601792097091675e-02 4.195590689778327942e-02 4.540849011391401291e-03 1.034680008888244629e-02 1.200607791543006897e-02 4.789043962955474854e-02 3.657389432191848755e-02 1.114084105938673019e-02 3.172608837485313416e-02 4.968975111842155457e-02 2.269823662936687469e-02 1.013230439275503159e-02 4.451537877321243286e-02 1.369668357074260712e-02 2.364978380501270294e-02 1.975032314658164978e-02 3.821970149874687195e-02 4.627507552504539490e-02 4.871956631541252136e-02 2.725038491189479828e-02 4.545023664832115173e-02 1.919366791844367981e-02 2.653424628078937531e-02 3.692677710205316544e-03 1.230410300195217133e-02 9.366135927848517895e-04 2.317657880485057831e-02 3.265043720602989197e-02 2.419753931462764740e-02 2.953139506280422211e-02 6.408516317605972290e-03 1.584606431424617767e-02 1.068966183811426163e-02 2.338355593383312225e-02 4.299862682819366455e-02 1.402902696281671524e-02 2.821185439825057983e-02 1.532542705535888672e-02 1.520299352705478668e-02 2.954473160207271576e-02 3.079215995967388153e-02 2.900116518139839172e-02 4.025987163186073303e-02 3.370617330074310303e-02 1.654172199778258801e-03 2.357079833745956421e-02 5.958658643066883087e-03 3.685351461172103882e-02 1.029340643435716629e-02 1.795364916324615479e-02 3.380225738510489464e-03 1.341291703283786774e-02 2.411659806966781616e-02 1.770098321139812469e-02 3.958400338888168335e-02 1.741852425038814545e-02 1.905368268489837646e-02 2.904944680631160736e-02 2.352597564458847046e-02 3.588708862662315369e-02 1.901998370885848999e-02 1.074543409049510956e-02 5.707889422774314880e-02 4.565842077136039734e-02 8.058873936533927917e-03 1.398383639752864838e-02 1.473517250269651413e-02 5.384744144976139069e-03 2.594136260449886322e-02 3.983987495303153992e-02 3.276969539001584053e-03 3.451247140765190125e-02 1.682125497609376907e-03 2.400900423526763916e-02 6.359844468533992767e-03 1.841314136981964111e-02 4.086681641638278961e-03 4.931752756237983704e-02 1.662768982350826263e-02 1.061995048075914383e-02 1.544444914907217026e-02 5.070870276540517807e-03 1.979970932006835938e-02 3.666289150714874268e-02 1.896740309894084930e-02 1.057472359389066696e-02 1.719619706273078918e-02 1.394059043377637863e-02 3.598874062299728394e-02 7.876436226069927216e-03 1.866208761930465698e-02 1.278565265238285065e-02 9.736708365380764008e-03 1.115162763744592667e-02
3.877584636211395264e-02 4.244678840041160583e-02 2.896267175674438477e-02 1.047415751963853836e-02 2.529119327664375305e-02 3.278395533561706543e-02 8.477533236145973206e-03 1.203336566686630249e-02 3.399604558944702148e-02 2.328195981681346893e-02 1.569177769124507904e-02 5.575096011161804199e-01 1.192048564553260803e-02 1.062553673982620239e-01 1.089383941143751144e-02 4.316455498337745667e-02 3.606454655528068542e-02 3.810592740774154663e-02 4.527059791143983603e-04 1.153915934264659882e-02 2.497263997793197632e-02 4.621803015470504761e-02 4.586395248770713806e-02 2.840953692793846130e-02 2.143285237252712250e-02 6.773343309760093689e-03 5.141983553767204285e-02 6.698967516422271729e-02 3.914502635598182678e-02 6.600895524024963379e-02 2.697712741792201996e-02 1.255392376333475113e-02 2.852619625627994537e-02 7.535735610872507095e-03 3.852677345275878906e-02 5.001863464713096619e-03 2.406242489814758301e-02 3.822354227304458618e-02 1.882606931030750275e-02 5.001894757151603699e-02 5.900222808122634888e-03 4.647655878216028214e-03 1.283573452383279800e-02 1.849306188523769379e-02 9.751925244927406311e-03 2.807509899139404297e-02 6.219569128006696701e-03 4.535705596208572388e-02 5.428811162710189819e-02 5.994007363915443420e-02 6.553893536329269409e-02 5.279073864221572876e-02 4.619084298610687256e-02 3.031563386321067810e-02 5.401093140244483948e-02 2.386851608753204346e-02 3.795720636844635010e-03 1.042417436838150024e-02 5.343643948435783386e-02 4.493886977434158325e-02 2.010073885321617126e-02 2.972116321325302124e-02 8.151120506227016449e-03 1.513514085672795773e-03 2.602699026465415955e-02 4.375796299427747726e-03 5.522142723202705383e-02 5.114357918500900269e-02 1.830002525821328163e-03 4.070136323571205139e-02 2.844051271677017212e-02 1.435284130275249481e-02 1.126547623425722122e-02 5.753986537456512451e-02 3.902013972401618958e-02 2.184750139713287354e-02 4.848815128207206726e-02 2.652601979207247496e-04 1.148783718235790730e-03 1.995981484651565552e-02 1.640025526285171509e-02 1.070425729267299175e-03 4.277383163571357727e-02 4.381122440099716187e-02 4.448941722512245178e-02 1.098929066210985184e-02 2.862950600683689117e-02 8.596254512667655945e-03 8.112615346908569336e-02 4.828879237174987793e-02 5.409172549843788147e-02 2.174354530870914459e-02 5.330595374107360840e-02 2.853272948414087296e-03 1.393639296293258667e-02 4.237611964344978333e-02 3.252053633332252502e-02 2.703727036714553833e-02 1.818897202610969543e-02 1.425838004797697067e-02 3.808914124965667725e-02 5.420807749032974243e-02 3.186500072479248047e-02 7.379007060080766678e-03 1.372921839356422424e-02 7.836330682039260864e-03 7.362049072980880737e-03 3.518373891711235046e-02 4.359710589051246643e-02 5.086811259388923645e-02 4.860804881900548935e-03 4.629106726497411728e-03 1.340090204030275345e-02 3.588794916868209839e-02 4.499716684222221375e-02 1.973293535411357880e-02
5.692247673869132996e-02 1.019687503576278687e-01 9.499074891209602356e-03 7.655314635485410690e-03 8.970138616859912872e-03 6.093520671129226685e-02 4.174044728279113770e-02 1.628940738737583160e-02 3.431375697255134583e-02 2.473669825121760368e-03 7.733203470706939697e-02 1.192048564553260803e-02 5.457203984260559082e-01 4.397711530327796936e-02 1.293827226618304849e-04 1.364664494758471847e-04 1.219599042087793350e-02 1.085039321333169937e-02 4.226056486368179321e-02 4.051525890827178955e-02 3.985419869422912598e-02 3.404431045055389404e-02 4.604711383581161499e-02 5.909913405776023865e-02 3.141105920076370239e-02 5.036353319883346558e-02 4.204518720507621765e-02 2.373659238219261169e-02 4.989036917686462402e-02 1.738703344017267227e-03 1.916294731199741364e-02 5.241074785590171814e-02 1.650343765504658222e-03 1.872074604034423828e-02 3.170997276902198792e-02 1.696651801466941833e-02 3.792412753682583570e-04 2.990033850073814392e-02 1.601290702819824219e-02 5.334528163075447083e-02 2.158325724303722382e-02 5.150103475898504257e-03 6.056526675820350647e-03 3.644386678934097290e-02 9.771130979061126709e-03 1.636803615838289261e-03 1.878600195050239563e-02 2.592870406806468964e-02 3.136858344078063965e-02 4.344846308231353760e-02 8.522296557202935219e-04 1.908547244966030121e-02 9.617731906473636627e-03 1.114509534090757370e-02 1.698357425630092621e-02 1.372944936156272888e-02 1.815413311123847961e-02 9.015233255922794342e-03 2.097124699503183365e-03 2.548055723309516907e-02 4.284147173166275024e-03 4.131610319018363953e-02 1.375471334904432297e-02 2.104113437235355377e-02 2.158372662961483002e-02 2.710985578596591949e-02 3.493106737732887268e-02 1.074399333447217941e-02 1.940520666539669037e-02 1.986424252390861511e-02 9.437816217541694641e-03 1.035897992551326752e-02 6.180455442517995834e-03 3.513658419251441956e-02 2.702443674206733704e-02 1.696076802909374237e-02 3.532119840383529663e-02 2.197417616844177246e-02 1.352575980126857758e-02 4.958291351795196533e-02 2.200548164546489716e-02 1.769016496837139130e-02 3.170313313603401184e-02 3.957295417785644531e-02 4.005900770425796509e-02 4.748448729515075684e-02 5.414805840700864792e-03 2.046424709260463715e-02 2.599234133958816528e-02 1.554487273097038269e-02 5.377018451690673828e-02 1.089247316122055054e-02 2.006287500262260437e-02 2.558417990803718567e-02 3.037182241678237915e-02 3.445481881499290466e-02 2.275552786886692047e-02 9.672233834862709045e-03 9.017735719680786133e-03 2.893083728849887848e-03 2.664570510387420654e-02 5.590346409007906914e-04 4.158342257142066956e-02 2.004366368055343628e-02 3.219555364921689034e-03 2.693605795502662659e-02 3.207233548164367676e-02 8.289281278848648071e-03 2.044042944908142090e-02 4.085785895586013794e-02 4.931182786822319031e-02 1.764086447656154633e-02 3.548660501837730408e-02 3.369322419166564941e-02 6.998877506703138351e-03 3.237513452768325806e-02
