5.041288733482360840e-01 1.661871224641799927e-01 8.272926323115825653e-03 7.251912262290716171e-03 2.845930866897106171e-02 1.285268664360046387e-01 1.082756221294403076e-01 1.515404041856527328e-02 8.554732427000999451e-03 1.230902224779129028e-02 1.397827118635177612e-01 2.209523320198059082e-02 1.055022105574607849e-01 1.428578048944473267e-02 3.230527043342590332e-02 4.009263962507247925e-02 1.592903025448322296e-02 2.207591198384761810e-02 3.009331785142421722e-02 6.127818487584590912e-03 1.559013687074184418e-02 6.396457552909851074e-03 2.170668728649616241e-02 3.397579863667488098e-02 4.249368607997894287e-02 4.124759137630462646e-02 1.890739426016807556e-02 7.841059938073158264e-03 8.063074946403503418e-02 2.419117651879787445e-02 4.396804049611091614e-02 1.179374195635318756e-02 1.960016228258609772e-02 6.036105914972722530e-04 1.901258155703544617e-02 7.191846380010247231e-04 1.328622456640005112e-02 3.930179774761199951e-02 2.435663156211376190e-02 2.784170769155025482e-02 3.364868089556694031e-02 3.818840906023979187e-02 2.673524431884288788e-02 2.853121608495712280e-02 2.798793278634548187e-02 3.673327341675758362e-02 9.591104090213775635e-02 3.422780707478523254e-02 4.357128590345382690e-02 3.192361444234848022e-02 1.918425969779491425e-02 1.151644159108400345e-02 1.455509569495916367e-02 3.886105120182037354e-02 2.495845966041088104e-02 1.974081806838512421e-02 8.014703169465065002e-03 2.067567780613899231e-02 1.026388630270957947e-02 3.875318914651870728e-02 4.051524028182029724e-02 3.065867722034454346e-02 1.116289850324392319e-02 3.088338673114776611e-02 3.524633496999740601e-02 5.608284100890159607e-02 2.379477582871913910e-02 4.066636785864830017e-02 1.683626137673854828e-02 3.921007364988327026e-02 3.233486413955688477e-02 5.338891060091555119e-04 4.345479421317577362e-03 7.382417563349008560e-03 3.977150470018386841e-02 1.103616596083156765e-04 8.841256611049175262e-03 2.603405155241489410e-02 3.395967930555343628e-02 2.421589568257331848e-02 4.255929216742515564e-02 4.786228761076927185e-02 2.234001643955707550e-02 3.194401413202285767e-02 2.749252505600452423e-02 4.164123162627220154e-02 2.547172456979751587e-02 1.722999289631843567e-02 1.272379793226718903e-02 5.048784427344799042e-03 7.181967794895172119e-02 3.902074694633483887e-02 1.296047028154134750e-02 8.284894749522209167e-03 1.024439837783575058e-02 2.322144247591495514e-02 3.973507881164550781e-02 3.220554813742637634e-02 2.010864019393920898e-02 2.455269359052181244e-02 2.560507506132125854e-02 2.725951187312602997e-02 2.152724377810955048e-02 1.976419053971767426e-02 2.046724408864974976e-02 1.585585251450538635e-02 1.071505341678857803e-02 5.224123597145080566e-03 2.760475315153598785e-02 2.015996910631656647e-02 2.156689018011093140e-02 2.623038366436958313e-02 2.987527288496494293e-02 2.208279259502887726e-02 8.557341061532497406e-03 9.094466455280780792e-03
1.661871224641799927e-01 5.150699019432067871e-01 1.442972756922245026e-02 4.757184535264968872e-03 3.332185372710227966e-02 1.085340976715087891e-01 1.144985929131507874e-01 1.483479421585798264e-02 4.877627827227115631e-03 3.096195496618747711e-02 1.273238360881805420e-01 3.125464916229248047e-02 1.221172064542770386e-01 6.935219280421733856e-03 3.318388387560844421e-02 2.842714823782444000e-02 1.808874309062957764e-02 3.595344722270965576e-02 3.146505355834960938e-02 1.585103385150432587e-02 3.666015807539224625e-03 7.428918965160846710e-03 4.578989371657371521e-02 1.441155001521110535e-02 4.623736068606376648e-02 4.790176451206207275e-02 2.854911983013153076e-02 2.169747091829776764e-02 6.362463533878326416e-02 2.683104202151298523e-02 3.817261382937431335e-02 2.389953471720218658e-02 8.183639496564865112e-03 1.524272840470075607e-03 1.250311825424432755e-02 1.238572690635919571e-02 1.249403879046440125e-02 3.624946251511573792e-02 4.436665400862693787e-02 1.088618300855159760e-02 2.015215344727039337e-02 4.870330169796943665e-02 2.012666128575801849e-02 3.057619184255599976e-02 2.431794069707393646e-02 2.592078037559986115e-02 7.023436576128005981e-02 5.350989475846290588e-02 5.275779217481613159e-02 5.037898570299148560e-02 1.124562881886959076e-02 2.851321129128336906e-03 9.531465475447475910e-04 3.033398464322090149e-02 3.690772131085395813e-02 2.191451564431190491e-02 1.890660845674574375e-03 1.713335141539573669e-02 9.020320139825344086e-03 3.245845437049865723e-02 3.798003122210502625e-02 4.100086539983749390e-02 7.448123767971992493e-03 3.264439478516578674e-02 4.106782376766204834e-02 7.293517142534255981e-02 2.784220129251480103e-02 3.656088933348655701e-02 3.578501567244529724e-02 4.858407750725746155e-02 1.011333521455526352e-02 1.522910408675670624e-02 1.551113463938236237e-02 3.383380547165870667e-02 3.260725364089012146e-02 7.938653230667114258e-03 1.843922212719917297e-02 1.316221337765455246e-02 3.590227663516998291e-02 2.091697603464126587e-02 2.287246845662593842e-02 2.467605657875537872e-02 4.588229209184646606e-02 3.922843188047409058e-02 4.208924248814582825e-02 3.469458222389221191e-02 2.051785588264465332e-02 1.896349526941776276e-02 1.087162457406520844e-02 5.853466223925352097e-03 5.350983515381813049e-02 4.209980368614196777e-02 4.452968761324882507e-02 1.487304177135229111e-02 2.090202085673809052e-02 1.275790389627218246e-02 4.658367484807968140e-02 4.302910715341567993e-02 3.448746353387832642e-02 9.530287235975265503e-03 2.487940713763237000e-02 4.607651848345994949e-03 4.191427305340766907e-02 3.742251172661781311e-02 3.113844059407711029e-02 1.256767939776182175e-02 3.675157902762293816e-03 1.933821476995944977e-02 3.134642960503697395e-03 4.230026528239250183e-02 5.444454029202461243e-03 4.304790124297142029e-02 4.291473701596260071e-02 2.285632118582725525e-02 6.895450060255825520e-04 1.683849468827247620e-02
8.272926323115825653e-03 1.442972756922245026e-02 4.456023871898651123e-01 1.451278105378150940e-02 3.509870916604995728e-02 9.202801622450351715e-03 3.586566448211669922e-02 7.303086668252944946e-02 2.342567779123783112e-02 4.279449954628944397e-02 4.144733771681785583e-02 3.965288028120994568e-02 5.443124566227197647e-03 3.950096666812896729e-02 2.885455265641212463e-02 1.496724318712949753e-02 3.961674496531486511e-02 3.642967343330383301e-02 1.828647963702678680e-02 4.447129741311073303e-02 5.792278330773115158e-03 7.255056989379227161e-04 1.746685057878494263e-02 3.516741096973419189e-02 1.890841126441955566e-02 2.148288488388061523e-02 2.466219849884510040e-02 3.695848956704139709e-02 2.568606473505496979e-02 9.591352939605712891e-02 1.944964402355253696e-03 1.517877075821161270e-02 3.653939813375473022e-02 1.422459026798605919e-03 2.167452685534954071e-02 9.027513675391674042e-03 9.635424241423606873e-03 2.839998528361320496e-02 4.266693443059921265e-02 2.310897968709468842e-02 3.971239179372787476e-02 2.025452267844229937e-04 2.520782127976417542e-02 6.056459248065948486e-02 1.283831708133220673e-02 8.926613954827189445e-04 2.836734429001808167e-02 3.560547530651092529e-02 1.395324990153312683e-02 4.861276131123304367e-03 2.181880548596382141e-02 1.033230591565370560e-02 1.030061952769756317e-02 5.563334748148918152e-02 4.151895269751548767e-02 4.186719655990600586e-02 8.604001253843307495e-03 5.140800401568412781e-02 1.272891368716955185e-02 1.991480961441993713e-02 2.399111539125442505e-02 3.409215435385704041e-02 2.587745897471904755e-02 5.729947704821825027e-03 4.766140505671501160e-02 5.789665039628744125e-03 3.810263052582740784e-02 1.763946749269962311e-02 4.883782006800174713e-03 3.902346640825271606e-02 9.975530207157135010e-03 3.193031251430511475e-02 2.239923551678657532e-02 2.929571084678173065e-02 3.035024739801883698e-02 5.847789347171783447e-02 4.915033280849456787e-02 3.217693418264389038e-02 5.379522219300270081e-03 3.525532782077789307e-02 3.728158771991729736e-02 3.976983204483985901e-02 1.270877383649349213e-02 2.446141466498374939e-02 2.262988360598683357e-03 1.391422562301158905e-02 2.822761610150337219e-02 3.542805463075637817e-02 1.251906901597976685e-02 4.692311212420463562e-02 1.772064529359340668e-02 3.841108409687876701e-03 1.448536105453968048e-02 3.814756497740745544e-02 1.828211732208728790e-02 2.566441707313060760e-02 3.804007172584533691e-02 7.390844076871871948e-02 2.737617306411266327e-02 7.582027465105056763e-03 3.777295059990137815e-04 1.283402903936803341e-03 2.312103752046823502e-03 5.207615438848733902e-03 3.892667219042778015e-02 1.162445824593305588e-02 3.728232532739639282e-02 5.943776667118072510e-02 9.777811355888843536e-03 3.111238963901996613e-02 2.551567181944847107e-02 3.653197363018989563e-02 1.353085506707429886e-02 5.844031926244497299e-03 1.396340411156415939e-02 3.484238311648368835e-02
7.251912262290716171e-03 4.757184535264968872e-03 1.451278105378150940e-02 4.791381061077117920e-01 2.093518525362014771e-01 1.850931160151958466e-02 2.668580971658229828e-03 4.374858364462852478e-02 3.729536756873130798e-02 4.718462936580181122e-03 6.771230604499578476e-03 2.471082843840122223e-02 3.964519128203392029e-04 3.068520501255989075e-02 2.794750221073627472e-02 7.709821220487356186e-03 2.905151061713695526e-02 8.995893411338329315e-03 2.975292317569255829e-02 1.895540207624435425e-02 2.575763314962387085e-02 4.281044378876686096e-02 4.594925045967102051e-02 8.374320343136787415e-03 3.409291803836822510e-02 4.112786054611206055e-02 1.776865310966968536e-02 8.145398460328578949e-03 3.903633356094360352e-02 3.707811236381530762e-02 5.603861529380083084e-03 5.574032198637723923e-03 3.598731383681297302e-02 2.642272738739848137e-03 2.154495194554328918e-02 4.700676072388887405e-03 4.403173923492431641e-02 4.662501439452171326e-02 1.283940225839614868e-01 5.197624862194061279e-02 2.144661173224449158e-02 1.132123917341232300e-02 2.329478599131107330e-02 4.363651201128959656e-02 2.821979112923145294e-03 1.155661884695291519e-02 3.613552078604698181e-02 4.905818961560726166e-03 8.811713196337223053e-03 5.466965492814779282e-03 3.177035599946975708e-02 2.716956846415996552e-02 2.520599588751792908e-02 2.423430327326059341e-03 1.677832752466201782e-02 3.650669753551483154e-02 9.133832529187202454e-03 1.293616369366645813e-02 4.302752390503883362e-02 2.766952104866504669e-02 6.129977852106094360e-02 1.023415103554725647e-02 6.920202821493148804e-02 5.618765205144882202e-02 4.475104436278343201e-02 1.159063261002302170e-02 2.744015306234359741e-03 1.841702684760093689e-02 1.139853149652481079e-01 2.231786958873271942e-02 1.032297592610120773e-02 4.211166873574256897e-02 1.209244728088378906e-01 4.789312370121479034e-03 2.452792227268218994e-02 2.062988467514514923e-02 1.403402816504240036e-02 2.678200788795948029e-02 4.698837641626596451e-03 1.756634376943111420e-02 4.318943829275667667e-04 2.138846367597579956e-02 7.195268571376800537e-02 2.443444915115833282e-02 3.805478662252426147e-02 1.475904881954193115e-02 2.147269994020462036e-02 2.501691132783889771e-02 7.393486797809600830e-02 3.107728995382785797e-02 2.886681072413921356e-02 3.113553859293460846e-02 3.759204223752021790e-02 3.162108734250068665e-02 2.995737595483660698e-03 4.432287067174911499e-02 2.506496757268905640e-02 4.278107546269893646e-03 1.681667519733309746e-03 9.901338489726185799e-04 2.063752524554729462e-02 3.762640524655580521e-03 3.449990600347518921e-02 3.438030928373336792e-02 3.121051192283630371e-02 3.892098367214202881e-02 4.174882173538208008e-02 5.165425315499305725e-02 1.531621557660400867e-03 3.702326491475105286e-02 4.017806425690650940e-02 1.449683587998151779e-02 4.319659899920225143e-03 2.012648060917854309e-02 1.872821897268295288e-02 6.480094045400619507e-03
2.845930866897106171e-02 3.332185372710227966e-02 3.509870916604995728e-02 2.093518525362014771e-01 4.738769829273223877e-01 2.224829420447349548e-02 5.346990004181861877e-02 2.240253984928131104e-02 4.530486650764942169e-03 3.153355792164802551e-02 1.451247744262218475e-02 7.002376951277256012e-03 9.724473580718040466e-03 1.629406027495861053e-02 4.790544509887695312e-02 4.851860553026199341e-02 4.100443422794342041e-02 4.100458696484565735e-03 2.909776056185364723e-03 2.864721603691577911e-02 1.691498979926109314e-02 1.459528505802154541e-02 1.901276223361492157e-02 2.075114473700523376e-02 2.432758361101150513e-02 2.535957284271717072e-02 2.369889058172702789e-02 1.428870391100645065e-02 3.169187530875205994e-02 5.656179971992969513e-03 9.411745704710483551e-03 7.462223991751670837e-03 2.850336395204067230e-02 2.515995316207408905e-02 5.916381720453500748e-03 3.888679668307304382e-02 2.590781776234507561e-03 3.029070608317852020e-02 1.537646204233169556e-01 1.320209056138992310e-01 2.344846166670322418e-02 5.864780396223068237e-03 4.676001891493797302e-02 6.062529864721000195e-04 4.397869110107421875e-02 4.796415939927101135e-02 1.800654642283916473e-02 1.703965291380882263e-02 5.200728774070739746e-03 1.418061181902885437e-02 2.027467638254165649e-02 3.491858020424842834e-02 9.551889263093471527e-03 2.363247796893119812e-02 4.509861767292022705e-02 2.668035216629505157e-02 3.284623101353645325e-02 1.266652625054121017e-02 2.466344647109508514e-02 4.333700612187385559e-02 1.169948372989892960e-02 3.158799139782786369e-03 1.662296429276466370e-02 7.395996153354644775e-02 1.266484707593917847e-02 1.134480629116296768e-02 4.146146401762962341e-02 1.707325503230094910e-02 4.780351370573043823e-02 2.402173914015293121e-02 1.804319210350513458e-02 5.230372771620750427e-03 9.158034622669219971e-02 1.057676877826452255e-02 8.419653773307800293e-02 2.673535607755184174e-02 3.290605545043945312e-02 4.058251157402992249e-02 1.446068659424781799e-02 1.938956044614315033e-02 3.153311088681221008e-02 1.570721901953220367e-02 3.893620520830154419e-02 6.970721483230590820e-02 2.765198983252048492e-02 1.180308312177658081e-02 4.243342578411102295e-02 1.477191876620054245e-02 7.813424803316593170e-03 8.225397905334830284e-04 3.056821413338184357e-03 4.044938087463378906e-02 1.531884539872407913e-02 5.280718952417373657e-02 1.408512820489704609e-03 1.136578805744647980e-02 6.701306439936161041e-03 3.045296296477317810e-02 9.875478222966194153e-03 2.663994766771793365e-02 2.819451689720153809e-02 2.807184308767318726e-02 8.161128498613834381e-03 3.208125010132789612e-02 4.602890089154243469e-02 4.061201214790344238e-02 2.972184866666793823e-02 3.565214201807975769e-02 6.649896968156099319e-03 4.851565882563591003e-02 2.558074519038200378e-02 7.583340629935264587e-03 1.750678010284900665e-02 4.874876514077186584e-02 1.068579964339733124e-02 1.704723387956619263e-02
1.285268664360046387e-01 1.085340976715087891e-01 9.202801622450351715e-03 1.850931160151958466e-02 2.224829420447349548e-02 5.031405091285705566e-01 1.487080007791519165e-01 4.875469312537461519e-04 3.174937330186367035e-03 1.335476897656917572e-02 9.806413948535919189e-02 4.973486065864562988e-02 7.062062621116638184e-02 6.778482347726821899e-02 2.248694002628326416e-02 2.222194522619247437e-02 3.471146896481513977e-02 1.070985663682222366e-02 2.737885573878884315e-03 5.450914613902568817e-03 1.156994234770536423e-02 2.295198105275630951e-02 4.346631839871406555e-02 8.500315248966217041e-03 2.245319634675979614e-02 3.372385352849960327e-02 8.175393566489219666e-03 2.587681077420711517e-02 1.854389719665050507e-02 1.736198551952838898e-02 6.265196483582258224e-03 4.425944387912750244e-02 2.469576708972454071e-02 1.912784762680530548e-02 1.538728736340999603e-02 2.213322557508945465e-02 1.037441194057464600e-02 1.762070879340171814e-02 9.964006952941417694e-03 3.902873769402503967e-02 1.925682090222835541e-02 4.923442378640174866e-02 3.671752661466598511e-02 1.020932290703058243e-02 1.421192474663257599e-02 6.506223231554031372e-03 1.181014403700828552e-01 8.159860968589782715e-02 3.670782595872879028e-02 3.018475696444511414e-02 4.522246867418289185e-02 2.811034396290779114e-02 2.550933696329593658e-02 4.711824655532836914e-02 2.642186358571052551e-02 3.089118562638759613e-02 4.149039089679718018e-02 4.153405874967575073e-02 4.886369034647941589e-02 9.368007071316242218e-03 1.317810732871294022e-02 2.129510231316089630e-02 4.561955854296684265e-02 3.020282834768295288e-02 3.145093843340873718e-02 2.140864729881286621e-02 4.610798880457878113e-02 4.520412161946296692e-02 1.075685676187276840e-02 5.019495636224746704e-02 3.980004042387008667e-02 5.430987104773521423e-02 3.609234094619750977e-02 1.692992821335792542e-02 1.197413075715303421e-02 8.333595469594001770e-03 7.419435307383537292e-03 4.703615978360176086e-02 5.012850090861320496e-02 9.177488274872303009e-03 1.105797849595546722e-02 6.559781264513731003e-03 4.756578709930181503e-03 1.608998142182826996e-02 2.369316294789314270e-02 4.688997194170951843e-02 3.878317307680845261e-03 7.535731419920921326e-03 3.068270906805992126e-02 2.252416918054223061e-03 5.346989259123802185e-02 1.217520609498023987e-02 4.692019149661064148e-02 2.207247773185372353e-03 2.746653370559215546e-02 1.503692939877510071e-02 2.184062078595161438e-02 2.047140896320343018e-02 2.920032665133476257e-02 1.875536888837814331e-02 1.809043064713478088e-02 3.868311643600463867e-02 4.707357438746839762e-04 3.616702929139137268e-02 2.360956510528922081e-03 1.520358771085739136e-02 1.261312048882246017e-02 1.933479309082031250e-02 2.815474942326545715e-02 5.049463361501693726e-02 2.482581650838255882e-03 3.676668927073478699e-02 5.366133153438568115e-02 2.870320342481136322e-02 2.279060147702693939e-02 3.455724334344267845e-03
1.082756221294403076e-01 1.144985929131507874e-01 3.586566448211669922e-02 2.668580971658229828e-03 5.346990004181861877e-02 1.487080007791519165e-01 5.168367624282836914e-01 2.108843252062797546e-02 1.224882062524557114e-02 2.883421815931797028e-02 8.638678491115570068e-02 1.178188901394605637e-02 7.743867486715316772e-02 3.079973161220550537e-02 1.902652345597743988e-02 2.310972660779953003e-02 4.385704174637794495e-02 3.494575992226600647e-02 3.469792380928993225e-02 4.287534859031438828e-03 3.942137584090232849e-03 1.070205308496952057e-02 3.331506997346878052e-02 2.310695499181747437e-02 4.617533832788467407e-02 2.676082774996757507e-02 2.591288182884454727e-03 3.635251894593238831e-02 4.485955834388732910e-02 3.783600777387619019e-02 3.417697921395301819e-02 4.820666462182998657e-02 3.596562659367918968e-03 2.790229581296443939e-02 4.554292652755975723e-03 1.660560257732868195e-03 2.769557014107704163e-02 1.415424607694149017e-02 3.428443148732185364e-02 4.489461891353130341e-03 4.066737741231918335e-02 4.312014579772949219e-02 4.119824618101119995e-03 4.121055360883474350e-03 1.472211908549070358e-02 1.359151303768157959e-02 9.449591487646102905e-02 9.770548343658447266e-02 4.489560425281524658e-02 5.703973397612571716e-02 2.854534052312374115e-02 5.127896554768085480e-03 4.497041180729866028e-02 3.267769888043403625e-02 1.999153383076190948e-02 3.834627568721771240e-02 3.036648593842983246e-02 1.208504778333008289e-03 3.011130727827548981e-02 3.393894061446189880e-02 1.426783204078674316e-02 1.230988744646310806e-02 2.974181994795799255e-02 3.366736322641372681e-02 3.539108112454414368e-02 4.946077987551689148e-02 2.542953006923198700e-02 3.051129169762134552e-02 3.445360437035560608e-02 4.824899882078170776e-02 3.457645699381828308e-02 2.917781285941600800e-02 3.165275976061820984e-02 8.553073741495609283e-03 7.264122366905212402e-03 1.405641064047813416e-02 1.911670528352260590e-02 3.290591388940811157e-02 5.040114372968673706e-02 9.948493243427947164e-05 1.251053810119628906e-02 1.995842903852462769e-02 4.798972234129905701e-02 3.143724054098129272e-02 4.538950696587562561e-02 2.083678357303142548e-02 8.480251766741275787e-03 2.253993600606918335e-02 2.452467568218708038e-02 1.336126122623682022e-03 6.508681178092956543e-02 2.533957920968532562e-02 7.105735689401626587e-02 2.279607346281409264e-03 2.699482254683971405e-02 4.723513964563608170e-03 2.130722813308238983e-02 2.714663557708263397e-02 2.957667969167232513e-02 1.715528429485857487e-03 4.289995506405830383e-02 3.212688490748405457e-02 7.978420704603195190e-03 2.704907953739166260e-02 3.081546165049076080e-02 1.034818589687347412e-02 1.270174700766801834e-02 2.612640091683715582e-04 2.185496268793940544e-03 2.481511607766151428e-02 5.418396089226007462e-03 4.979948326945304871e-02 3.484854102134704590e-02 4.890264011919498444e-03 2.249484136700630188e-02 3.833224624395370483e-02
1.515404041856527328e-02 1.483479421585798264e-02 7.303086668252944946e-02 4.374858364462852478e-02 2.240253984928131104e-02 4.875469312537461519e-04 2.108843252062797546e-02 4.618758559226989746e-01 9.971773251891136169e-03 1.280148047953844070e-02 3.742791712284088135e-02 2.572587691247463226e-02 2.466087974607944489e-02 5.602978169918060303e-03 1.158342733979225159e-01 2.710506133735179901e-02 1.309560239315032959e-02 3.591461479663848877e-02 7.313123904168605804e-03 2.438183128833770752e-02 2.360715903341770172e-02 4.479066934436559677e-03 1.036002952605485916e-02 2.001623995602130890e-02 4.481728747487068176e-02 1.902453601360321045e-02 1.295434660278260708e-03 2.272531390190124512e-02 2.790804207324981689e-02 2.414790540933609009e-02 1.825325563549995422e-02 3.632669523358345032e-02 6.732551846653223038e-04 3.254333883523941040e-02 3.545854240655899048e-02 1.535964664071798325e-02 1.550998538732528687e-02 3.275074064731597900e-02 2.143771946430206299e-02 9.004092775285243988e-03 6.825161166489124298e-03 1.232650782912969589e-02 4.246210679411888123e-03 1.756684109568595886e-02 8.554856292903423309e-03 6.326454691588878632e-03 6.952200550585985184e-03 1.178786437958478928e-02 1.859542354941368103e-02 2.768766880035400391e-02 3.888686187565326691e-03 2.159347524866461754e-03 3.864001855254173279e-02 3.708435967564582825e-02 3.578181937336921692e-02 4.094198346138000488e-02 2.486492320895195007e-02 4.075111821293830872e-03 3.536851331591606140e-02 4.242772608995437622e-02 4.316633194684982300e-02 3.988703340291976929e-02 2.550042793154716492e-02 7.373531349003314972e-03 1.201164908707141876e-02 7.025337778031826019e-03 2.579214610159397125e-02 3.053238429129123688e-02 3.403285518288612366e-02 3.390307724475860596e-02 7.434762082993984222e-03 2.030764706432819366e-02 1.337048783898353577e-02 4.162578284740447998e-02 4.036720469594001770e-02 2.940639294683933258e-02 5.467830598354339600e-02 3.806467726826667786e-02 1.294045895338058472e-02 6.409771274775266647e-03 1.133455410599708557e-01 6.041504442691802979e-02 3.326394036412239075e-02 3.685302287340164185e-02 2.588537521660327911e-03 1.399875991046428680e-02 7.494109123945236206e-02 4.277796298265457153e-02 3.344183042645454407e-02 3.061815537512302399e-02 2.949726535007357597e-03 3.317939862608909607e-02 1.728067547082901001e-02 3.451114892959594727e-02 1.342830248177051544e-02 2.953373361378908157e-03 3.898647846654057503e-03 2.567577920854091644e-02 2.060930989682674408e-02 7.525789551436901093e-03 9.276008233428001404e-03 1.237210817635059357e-03 4.846870154142379761e-02 2.947732433676719666e-02 4.171131551265716553e-02 2.313840901479125023e-03 3.181898221373558044e-02 3.925308585166931152e-02 1.586186699569225311e-02 4.229101538658142090e-02 2.626984752714633942e-02 4.357758909463882446e-02 3.092002589255571365e-03 2.310508862137794495e-03 2.544246986508369446e-02 3.512953594326972961e-02
8.554732427000999451e-03 4.877627827227115631e-03 2.342567779123783112e-02 3.729536756873130798e-02 4.530486650764942169e-03 3.174937330186367035e-03 1.224882062524557114e-02 9.971773251891136169e-03 4.795199334621429443e-01 1.112536564469337463e-01 2.111781947314739227e-02 1.992967724800109863e-02 1.595940440893173218e-02 4.300643876194953918e-02 3.100995346903800964e-02 2.764750970527529716e-03 2.361773885786533356e-02 9.046972543001174927e-02 5.604526028037071228e-02 2.838292717933654785e-02 3.592073917388916016e-02 1.354777626693248749e-02 3.092632815241813660e-02 5.649501457810401917e-02 3.930217400193214417e-02 1.760064624249935150e-02 2.399137057363986969e-02 2.541291713714599609e-02 5.266324430704116821e-02 4.702616110444068909e-02 1.925993151962757111e-02 5.591335240751504898e-03 4.426318779587745667e-02 4.709395021200180054e-02 3.028406389057636261e-02 1.212048064917325974e-02 1.992441155016422272e-02 4.130328819155693054e-02 9.953177534043788910e-03 1.815457642078399658e-02 1.742879301309585571e-02 3.578883782029151917e-02 3.989514708518981934e-02 3.064530342817306519e-02 2.693201415240764618e-02 9.619858115911483765e-03 2.974052168428897858e-02 1.669192314147949219e-02 6.519716978073120117e-02 1.538286334834992886e-03 2.301651425659656525e-02 3.158071637153625488e-02 1.995631679892539978e-02 1.392262638546526432e-04 3.251943737268447876e-02 2.339867874979972839e-02 3.189201280474662781e-02 1.172726508229970932e-02 3.427272662520408630e-02 3.133735060691833496e-02 1.294527947902679443e-02 2.516360767185688019e-02 4.925755783915519714e-02 1.102756825275719166e-03 2.836145646870136261e-02 3.339625522494316101e-02 2.964348159730434418e-02 2.744314819574356079e-02 5.850372463464736938e-02 1.486991718411445618e-02 4.732738435268402100e-02 3.547735139727592468e-02 5.849140509963035583e-02 4.438489302992820740e-02 1.541776675730943680e-02 4.354281723499298096e-02 1.592427939176559448e-01 5.450678244233131409e-02 8.932348340749740601e-02 4.116737470030784607e-02 1.490314863622188568e-02 1.958132907748222351e-02 1.786125823855400085e-02 5.362560600042343140e-02 4.380233585834503174e-04 4.033289849758148193e-02 3.543835505843162537e-02 3.776914626359939575e-02 3.704817499965429306e-03 3.410010412335395813e-02 5.318227782845497131e-02 7.243132684379816055e-03 1.996637508273124695e-02 2.320997416973114014e-02 5.018831789493560791e-02 2.910969965159893036e-02 2.180595695972442627e-02 3.970049321651458740e-02 3.511254861950874329e-02 2.068612910807132721e-02 1.224604807794094086e-02 3.027240745723247528e-02 2.077522687613964081e-02 4.436612501740455627e-02 1.222275663167238235e-02 1.246319245547056198e-02 1.993875950574874878e-03 5.140148475766181946e-02 1.115165650844573975e-02 2.646133652888238430e-04 2.364039979875087738e-02 3.506623953580856323e-02 9.725382551550865173e-03 3.916974365711212158e-02 1.266167592257261276e-02 4.088883846998214722e-02
1.230902224779129028e-02 3.096195496618747711e-02 4.279449954628944397e-02 4.718462936580181122e-03 3.153355792164802551e-02 1.335476897656917572e-02 2.883421815931797028e-02 1.280148047953844070e-02 1.112536564469337463e-01 4.919801056385040283e-01 3.850674629211425781e-02 6.665771361440420151e-03 3.472261875867843628e-02 1.619592308998107910e-02 1.897973194718360901e-02 3.279771283268928528e-02 3.538435325026512146e-02 4.662696644663810730e-02 1.408144682645797729e-01 4.380748793482780457e-02 4.928620159626007080e-02 2.385666593909263611e-02 2.253972366452217102e-02 6.589802354574203491e-02 6.449649110436439514e-03 9.804488159716129303e-03 2.495964802801609039e-02 4.094929248094558716e-02 2.622309327125549316e-02 1.944442093372344971e-02 1.224381849169731140e-02 1.241174805909395218e-02 1.618527993559837341e-02 2.173376502469182014e-03 5.573415663093328476e-03 2.559795230627059937e-02 1.986925676465034485e-02 3.121617808938026428e-02 3.489504754543304443e-02 2.152081951498985291e-02 1.228596549481153488e-02 8.185955695807933807e-03 2.455775812268257141e-02 1.195274945348501205e-02 1.063134614378213882e-02 3.345838189125061035e-02 3.268673643469810486e-02 2.031676098704338074e-02 4.718664422398433089e-05 5.505220592021942139e-02 1.941827498376369476e-02 6.032463163137435913e-03 5.631574895232915878e-03 2.985708042979240417e-02 1.363920606672763824e-02 1.669952832162380219e-02 1.651157997548580170e-02 4.207869246602058411e-02 4.771133139729499817e-02 1.463791448622941971e-02 4.727955535054206848e-02 5.349129438400268555e-03 3.506078571081161499e-02 5.302215367555618286e-02 5.472649261355400085e-02 3.274536877870559692e-02 1.438520941883325577e-02 1.951954513788223267e-02 8.725610561668872833e-03 3.846154361963272095e-02 1.748008467257022858e-02 2.948427759110927582e-02 8.719653636217117310e-02 3.218843415379524231e-02 2.987358160316944122e-02 3.761164471507072449e-02 1.251976471394300461e-02 1.256460249423980713e-01 5.115264654159545898e-02 1.485012620687484741e-01 3.663691878318786621e-02 3.033621178474277258e-04 1.403348241001367569e-02 8.429475873708724976e-02 3.608393017202615738e-03 1.134859863668680191e-02 1.821166835725307465e-02 3.117416752502322197e-03 7.992287166416645050e-03 6.644794344902038574e-02 3.117153793573379517e-02 1.274253148585557938e-02 4.832714423537254333e-02 4.243280366063117981e-02 3.082756511867046356e-02 3.843223676085472107e-02 2.974886819720268250e-02 4.346166923642158508e-02 3.087051771581172943e-02 6.869459524750709534e-03 1.793269254267215729e-02 2.271013706922531128e-02 3.074950352311134338e-02 2.287816256284713745e-02 3.293535858392715454e-02 5.209063366055488586e-02 2.330239675939083099e-02 2.250724472105503082e-02 1.869841665029525757e-02 2.679003402590751648e-02 2.295598387718200684e-02 4.223613068461418152e-02 4.198872484266757965e-03 8.713660761713981628e-03 2.685759216547012329e-02 2.865754999220371246e-02
1.397827118635177612e-01 1.273238360881805420e-01 4.144733771681785583e-02 6.771230604499578476e-03 1.451247744262218475e-02 9.806413948535919189e-02 8.638678491115570068e-02 3.742791712284088135e-02 2.111781947314739227e-02 3.850674629211425781e-02 5.173792839050292969e-01 1.392984855920076370e-02 1.146763563156127930e-01 3.083484433591365814e-02 2.920167893171310425e-02 2.760063111782073975e-02 3.446482121944427490e-02 4.331140220165252686e-02 2.934028394520282745e-02 1.856465265154838562e-02 7.406841963529586792e-03 3.431514650583267212e-02 2.834744565188884735e-02 4.086769744753837585e-02 4.461723938584327698e-02 4.364632815122604370e-02 5.111674778163433075e-03 8.849450387060642242e-03 5.797648057341575623e-02 1.340879220515489578e-02 3.044077567756175995e-02 2.871014736592769623e-02 1.537370262667536736e-03 1.139363273978233337e-02 1.517327688634395599e-02 4.913955926895141602e-03 3.922710567712783813e-02 2.954296395182609558e-02 1.948802918195724487e-02 1.347044389694929123e-02 2.737059816718101501e-02 1.470560301095247269e-02 5.289796274155378342e-03 1.727567054331302643e-02 1.229538698680698872e-03 4.275665152817964554e-03 7.248187065124511719e-02 6.072593107819557190e-02 2.002393640577793121e-02 2.715889364480972290e-02 5.074749700725078583e-03 8.165936917066574097e-03 8.609624579548835754e-03 2.427553199231624603e-02 1.248057186603546143e-02 1.931764185428619385e-02 2.110140025615692139e-02 2.288298867642879486e-02 1.923652179539203644e-02 3.835101053118705750e-02 2.680188603699207306e-02 3.282837197184562683e-02 1.352554000914096832e-02 1.411902159452438354e-02 6.663643568754196167e-02 6.234140694141387939e-02 2.654491551220417023e-02 2.883767150342464447e-02 2.455641701817512512e-02 3.494014590978622437e-02 4.134116694331169128e-02 1.271625887602567673e-02 3.448981046676635742e-02 5.923518328927457333e-04 3.208421543240547180e-02 5.169849377125501633e-03 1.212713774293661118e-02 4.505383968353271484e-02 3.839356824755668640e-02 1.406504772603511810e-02 1.273842435330152512e-02 9.651844389736652374e-03 4.342433437705039978e-02 1.068576611578464508e-02 5.261904001235961914e-02 2.081332169473171234e-02 4.447380080819129944e-03 1.291348133236169815e-02 1.585577428340911865e-02 3.580797091126441956e-02 5.743522942066192627e-02 3.359845606610178947e-03 4.892206192016601562e-02 2.237919904291629791e-02 3.171766921877861023e-02 4.230456426739692688e-03 3.362261131405830383e-02 8.587297634221613407e-04 3.241765499114990234e-02 2.673052623867988586e-02 3.743749856948852539e-02 4.459720477461814880e-02 2.013726904988288879e-02 1.926294155418872833e-02 2.239471673965454102e-02 4.402887448668479919e-02 6.061341613531112671e-03 5.012608692049980164e-02 3.308359906077384949e-02 3.216584911569952965e-03 6.939693819731473923e-03 2.992708608508110046e-02 2.307765372097492218e-02 1.551483524963259697e-03 1.699727028608322144e-02 3.435042500495910645e-02
2.209523320198059082e-02 3.125464916229248047e-02 3.965288028120994568e-02 2.471082843840122223e-02 7.002376951277256012e-03 4.973486065864562988e-02 1.178188901394605637e-02 2.572587691247463226e-02 1.992967724800109863e-02 6.665771361440420151e-03 1.392984855920076370e-02 4.881564378738403320e-01 3.876028582453727722e-02 2.336919158697128296e-01 1.952841412276029587e-03 2.561919763684272766e-02 8.454735390841960907e-03 1.266218163073062897e-02 5.996314343065023422e-03 2.197186840930953622e-04 1.341293100267648697e-02 1.363641675561666489e-02 8.838193118572235107e-02 9.035535156726837158e-02 3.428424894809722900e-02 4.114456474781036377e-02 2.645614743232727051e-02 1.709238737821578979e-01 1.699126139283180237e-02 1.570512652397155762e-01 4.567847028374671936e-02 4.931309446692466736e-02 8.017831481993198395e-03 2.476503886282444000e-02 3.923648223280906677e-02 3.184385970234870911e-02 1.579852774739265442e-02 3.062594681978225708e-02 3.318513184785842896e-02 2.722737379372119904e-02 1.914705708622932434e-02 1.625678129494190216e-02 1.791573944501578808e-03 3.939798846840858459e-02 1.093588396906852722e-02 3.126231953501701355e-02 2.569926157593727112e-02 4.021315276622772217e-02 3.090530447661876678e-02 1.292923348955810070e-03 2.100617624819278717e-02 1.304410863667726517e-03 5.519747734069824219e-02 1.488767378032207489e-02 1.726252585649490356e-02 7.283631246536970139e-03 4.090932663530111313e-03 1.347996294498443604e-04 3.185458853840827942e-02 4.812130331993103027e-02 3.443126752972602844e-02 4.115061368793249130e-03 1.390937995165586472e-02 2.596311829984188080e-02 1.182900369167327881e-02 2.863976173102855682e-02 4.483351483941078186e-02 3.060214966535568237e-02 2.265760907903313637e-03 1.393746701069176197e-03 4.886969178915023804e-02 2.625995315611362457e-02 1.628840342164039612e-02 3.313219174742698669e-02 5.309431347995996475e-03 4.576384276151657104e-02 5.321533977985382080e-02 7.295954227447509766e-02 1.805499382317066193e-02 8.255416154861450195e-02 3.533506020903587341e-02 7.387362886220216751e-03 4.359792917966842651e-02 3.784881904721260071e-02 2.719648368656635284e-02 3.604714758694171906e-03 4.020259529352188110e-02 2.042740397155284882e-02 6.093233823776245117e-02 1.095150336623191833e-01 2.317148447036743164e-02 4.262620955705642700e-02 2.211286313831806183e-02 3.441590815782546997e-02 2.926122397184371948e-02 3.460712358355522156e-02 2.465829625725746155e-02 4.987722262740135193e-02 3.417330980300903320e-02 1.514557562768459320e-02 4.019941389560699463e-02 2.729986794292926788e-02 3.611092688515782356e-03 1.632083393633365631e-02 3.480623289942741394e-02 4.865013435482978821e-02 2.795341424643993378e-02 1.549310609698295593e-02 6.111917900852859020e-04 1.462343148887157440e-02 1.792042702436447144e-02 1.482008118182420731e-02 3.373094275593757629e-02 5.406996607780456543e-02 1.581040769815444946e-02 6.044241308700293303e-05
1.055022105574607849e-01 1.221172064542770386e-01 5.443124566227197647e-03 3.964519128203392029e-04 9.724473580718040466e-03 7.062062621116638184e-02 7.743867486715316772e-02 2.466087974607944489e-02 1.595940440893173218e-02 3.472261875867843628e-02 1.146763563156127930e-01 3.876028582453727722e-02 5.163788199424743652e-01 4.376776516437530518e-03 2.503235824406147003e-02 3.282925114035606384e-02 4.017498716711997986e-02 4.307205229997634888e-02 1.677465997636318207e-02 1.423034816980361938e-02 1.689647510647773743e-02 1.302697323262691498e-02 2.069223299622535706e-02 3.058745060116052628e-03 2.368044480681419373e-02 1.603781059384346008e-02 1.156453881412744522e-02 2.207718789577484131e-02 6.359944492578506470e-02 2.302063256502151489e-02 6.117991358041763306e-02 2.360565587878227234e-02 1.655122265219688416e-02 6.443048827350139618e-03 3.407056629657745361e-02 9.642452001571655273e-03 1.633157022297382355e-02 4.196093603968620300e-02 3.287731111049652100e-02 2.537161298096179962e-02 2.813731133937835693e-02 3.358523920178413391e-02 9.825452230870723724e-03 4.875319451093673706e-02 2.463528513908386230e-02 8.274518884718418121e-03 4.061954841017723083e-02 5.629164353013038635e-02 3.797180205583572388e-02 3.166871145367622375e-02 1.570824300870299339e-03 6.998662836849689484e-03 2.709777466952800751e-02 3.707135561853647232e-03 1.666218787431716919e-02 3.582120989449322224e-04 4.282514750957489014e-02 3.720838343724608421e-03 1.212962064892053604e-02 4.817786067724227905e-02 4.504388198256492615e-02 4.318368807435035706e-02 9.814433753490447998e-03 2.712603285908699036e-02 6.409215927124023438e-02 9.636025130748748779e-02 2.669008448719978333e-02 2.948092482984066010e-02 4.710330069065093994e-02 2.789808996021747589e-02 2.589003555476665497e-02 1.166574005037546158e-02 3.728948906064033508e-02 2.309100236743688583e-03 1.846987754106521606e-02 9.469183278270065784e-04 1.439506746828556061e-02 3.005002625286579132e-02 4.887794703245162964e-02 1.337011693976819515e-03 9.793872945010662079e-03 1.808945205993950367e-03 2.011370845139026642e-02 1.717667840421199799e-02 4.022547602653503418e-02 1.594697870314121246e-02 1.606345549225807190e-02 3.313868865370750427e-02 1.778943650424480438e-02 2.051133103668689728e-02 4.816231131553649902e-02 1.538948249071836472e-02 6.786599010229110718e-02 4.090204089879989624e-02 4.257490858435630798e-02 9.173158556222915649e-03 4.197634011507034302e-02 5.023428238928318024e-03 3.253603726625442505e-02 2.969190478324890137e-02 2.697305753827095032e-02 1.570654287934303284e-02 3.219291567802429199e-02 1.305770874023437500e-02 1.194662880152463913e-02 3.865385055541992188e-02 3.744124434888362885e-03 2.649019844830036163e-02 2.282800711691379547e-02 1.242232229560613632e-02 5.971418693661689758e-03 2.708888985216617584e-02 2.350858226418495178e-02 1.274961140006780624e-02 3.598565468564629555e-03 4.017233848571777344e-02
