6.535615324974060059e-01 5.888146534562110901e-02 1.762874238193035126e-02 2.531812526285648346e-03 3.633454907685518265e-03 7.400758564472198486e-02 6.409407407045364380e-02 2.092161960899829865e-02 1.260931417346000671e-02 1.089066080749034882e-02 5.908699706196784973e-02 1.631827908568084240e-03 5.196524411439895630e-02 9.413592051714658737e-04 7.901389151811599731e-03 1.234955713152885437e-02 6.063618697226047516e-03 1.204813364893198013e-02 3.040282055735588074e-02 1.610849797725677490e-02 1.840888150036334991e-02 3.277515619993209839e-02 5.632298067212104797e-03 8.193482644855976105e-03 2.556949155405163765e-03 1.924157328903675079e-02 2.912408299744129181e-02 1.261872984468936920e-02 6.076386570930480957e-02 8.132860064506530762e-03 4.737237468361854553e-02 2.252862416207790375e-02 1.484151650220155716e-02 2.055660076439380646e-02 3.616334497928619385e-02 3.653015941381454468e-03 7.384142372757196426e-03 2.631797455251216888e-03 1.675929129123687744e-02 1.871617161668837070e-03 5.100646056234836578e-03 1.751342974603176117e-02 4.453148576430976391e-04 2.855491265654563904e-02 1.998651213943958282e-02 3.231893479824066162e-02 7.262658327817916870e-02 6.218266114592552185e-02 1.939656957983970642e-02 2.787930425256490707e-03 6.320675369352102280e-03 1.250060554593801498e-02 2.610033191740512848e-02 3.524931892752647400e-02 8.251286111772060394e-03 1.698849909007549286e-02 5.079862661659717560e-03 4.343140404671430588e-03 2.506124414503574371e-02 3.139154240489006042e-02 4.099484067410230637e-03 1.839499920606613159e-02 3.795593231916427612e-02 2.716689556837081909e-02 3.067655116319656372e-02 1.652671396732330322e-02 1.381738670170307159e-02 1.136526372283697128e-02 2.467950060963630676e-02 2.140159904956817627e-02 3.379334881901741028e-02 3.138408064842224121e-02 7.337805349379777908e-03 4.816215950995683670e-03 9.838946163654327393e-03 1.877415738999843597e-02 1.843702793121337891e-02 1.326830685138702393e-02 9.794305078685283661e-03 3.311548382043838501e-02 2.048931457102298737e-02 1.549088116735219955e-02 1.232766779139637947e-03 1.367666199803352356e-02 1.218677498400211334e-02 2.868490852415561676e-02 7.441326975822448730e-03 1.280025579035282135e-03 4.279627464711666107e-03 1.082205772399902344e-02 7.684420049190521240e-02 2.680070511996746063e-02 6.062434241175651550e-02 2.210585586726665497e-02 1.359127648174762726e-02 1.701666624285280704e-03 2.967684296891093254e-03 3.145673871040344238e-02 4.153593443334102631e-03 6.586104165762662888e-03 2.337722852826118469e-02 1.630129665136337280e-02 9.241597726941108704e-03 1.370136160403490067e-02 4.801891744136810303e-02 4.510447755455970764e-02 2.249278128147125244e-02 7.836078293621540070e-03 3.588782250881195068e-02 8.252575062215328217e-03 8.480894379317760468e-03 7.813203264959156513e-04 9.964928962290287018e-03 1.191215217113494873e-02 3.645619377493858337e-02 1.661494374275207520e-02
5.888146534562110901e-02 6.531788110733032227e-01 5.450315307825803757e-03 2.029618015512824059e-03 5.232584662735462189e-03 5.608269944787025452e-02 6.104193255305290222e-02 9.082395583391189575e-03 7.610353641211986542e-03 7.454259786754846573e-03 4.783186689019203186e-02 1.669696159660816193e-02 5.024706944823265076e-02 1.148610468953847885e-02 1.621396467089653015e-02 4.318081773817539215e-03 9.232055163010954857e-05 9.158959612250328064e-03 2.593982405960559845e-02 2.177574671804904938e-02 1.787353865802288055e-02 3.145277500152587891e-02 8.045721799135208130e-03 5.302815698087215424e-03 1.675214804708957672e-02 1.738891564309597015e-02 2.463223040103912354e-02 7.303592748939990997e-03 3.833406046032905579e-02 1.087888143956661224e-02 5.073131620883941650e-02 1.894556544721126556e-02 1.146670710295438766e-02 1.270221080631017685e-02 2.886046655476093292e-02 1.647455646889284253e-04 4.682997314375825226e-05 3.101795446127653122e-03 1.009247452020645142e-02 4.523108713328838348e-03 8.524131961166858673e-03 1.458045281469821930e-02 1.435505691915750504e-03 1.791328378021717072e-02 4.064467176795005798e-02 4.339945688843727112e-02 5.650000274181365967e-02 6.427745521068572998e-02 1.346821803599596024e-02 3.315097652375698090e-03 1.087009068578481674e-02 1.889269053936004639e-02 2.041378431022167206e-02 2.028908394277095795e-02 3.070535371080040932e-03 1.406417693942785263e-02 1.681213080883026123e-02 7.106789271347224712e-04 1.406542770564556122e-02 1.510602049529552460e-02 2.139863325282931328e-03 1.490326970815658569e-02 2.812631987035274506e-02 2.037171274423599243e-02 2.177121676504611969e-02 1.975915767252445221e-02 2.262657508254051208e-02 1.024650316685438156e-02 1.336516533046960831e-02 6.890419404953718185e-03 2.429923228919506073e-02 2.661200240254402161e-02 5.597898736596107483e-03 1.679311133921146393e-02 8.714177645742893219e-03 1.878011785447597504e-02 1.243404485285282135e-02 1.099479850381612778e-02 2.955730818212032318e-02 3.636385127902030945e-02 1.022759452462196350e-02 1.050498243421316147e-02 1.942850067280232906e-03 1.307123433798551559e-02 9.511847048997879028e-03 3.339309990406036377e-02 1.098372414708137512e-02 9.377617388963699341e-03 3.582609444856643677e-02 9.846026077866554260e-03 5.670027434825897217e-02 1.773213595151901245e-02 6.515441089868545532e-02 2.439965680241584778e-02 1.445314381271600723e-02 6.950116716325283051e-03 1.857642270624637604e-02 2.280478179454803467e-02 4.103755112737417221e-03 6.450765300542116165e-03 1.440701074898242950e-02 8.621996268630027771e-03 2.280175872147083282e-02 7.085014134645462036e-03 4.138605669140815735e-02 3.374368697404861450e-02 1.177712809294462204e-02 4.546011623460799456e-04 2.521785534918308258e-02 4.275581799447536469e-03 5.609898827970027924e-03 8.842115290462970734e-03 1.704459823668003082e-02 1.906734518706798553e-02 2.757832594215869904e-02 2.554913237690925598e-02
1.762874238193035126e-02 5.450315307825803757e-03 6.400257349014282227e-01 9.827361209318041801e-04 1.493272022344172001e-03 3.859363868832588196e-02 3.992693871259689331e-02 9.089387208223342896e-02 1.877326890826225281e-02 2.188554406166076660e-02 4.088659305125474930e-03 1.580877974629402161e-02 7.113718893378973007e-03 2.481775358319282532e-02 4.616469517350196838e-02 2.755056601017713547e-03 8.676369674503803253e-03 2.434610202908515930e-02 1.705584861338138580e-02 2.969986060634255409e-03 1.654814183712005615e-02 2.891926281154155731e-02 2.966859377920627594e-02 1.970275305211544037e-02 1.991655153688043356e-04 8.152235299348831177e-03 2.090632915496826172e-02 2.588127367198467255e-02 1.294556912034749985e-02 1.118985097855329514e-02 2.197962999343872070e-02 9.951671585440635681e-03 1.014620065689086914e-02 1.197484903968870640e-03 8.494690991938114166e-03 1.810240186750888824e-02 2.020959369838237762e-02 2.030028030276298523e-02 2.199676446616649628e-02 2.855375781655311584e-02 2.285361289978027344e-02 1.935810409486293793e-02 3.203511238098144531e-02 8.440231531858444214e-02 6.987874861806631088e-03 1.419384498149156570e-04 1.434769388288259506e-02 2.870338223874568939e-02 1.214655814692378044e-03 3.239664062857627869e-02 3.055900521576404572e-02 2.972157299518585205e-02 2.559105493128299713e-02 2.046241983771324158e-02 3.753473749384284019e-03 3.011913411319255829e-02 1.161675713956356049e-02 1.299016457051038742e-02 3.018844313919544220e-02 1.715921238064765930e-02 9.101179428398609161e-03 2.764029195532202721e-03 4.805282806046307087e-04 4.828558303415775299e-03 1.108096074312925339e-02 3.339465707540512085e-03 9.724309667944908142e-03 3.046218119561672211e-02 1.564809493720531464e-02 3.093194961547851562e-02 8.753391914069652557e-03 2.190483547747135162e-02 1.356917619705200195e-02 3.612126410007476807e-02 2.318364102393388748e-03 3.246387094259262085e-02 1.431909110397100449e-02 1.596875488758087158e-02 2.143967198207974434e-03 3.507609665393829346e-02 9.748770296573638916e-02 9.838116168975830078e-02 7.116008084267377853e-03 6.276709958910942078e-03 2.874655835330486298e-02 2.567636780440807343e-02 5.747285857796669006e-02 5.133321508765220642e-02 3.043406270444393158e-02 4.001956433057785034e-02 3.974508866667747498e-02 1.811487227678298950e-02 3.430243954062461853e-02 1.414025761187076569e-02 4.574559628963470459e-03 3.479589009657502174e-03 2.811304852366447449e-02 3.206873312592506409e-02 1.988084986805915833e-02 2.904667146503925323e-02 5.593630485236644745e-03 6.294207647442817688e-03 4.445454850792884827e-02 3.505674004554748535e-02 5.756452679634094238e-03 1.042977534234523773e-02 3.881384385749697685e-03 1.792456023395061493e-03 1.258131675422191620e-02 6.438233889639377594e-03 2.566154859960079193e-02 2.818033099174499512e-02 2.752298489212989807e-02 2.937270142138004303e-02 1.775655150413513184e-02 1.434487942606210709e-02
2.531812526285648346e-03 2.029618015512824059e-03 9.827361209318041801e-04 6.380058526992797852e-01 1.075017973780632019e-01 9.275574237108230591e-03 1.684325560927391052e-02 1.913405768573284149e-02 8.660615421831607819e-03 1.581856422126293182e-02 2.114271977916359901e-03 1.718501374125480652e-02 8.341418579220771790e-04 2.837601862847805023e-02 1.833630912005901337e-02 1.286544091999530792e-02 1.867880485951900482e-02 1.177196111530065536e-02 2.625030279159545898e-02 1.911516860127449036e-02 1.615132763981819153e-02 5.094851832836866379e-03 1.022765319794416428e-02 2.670049108564853668e-02 1.094177272170782089e-02 3.141624853014945984e-03 9.271576069295406342e-03 1.851683948189020157e-03 7.741632289253175259e-04 5.495953373610973358e-03 1.639910601079463959e-02 9.496614336967468262e-03 3.183428570628166199e-02 6.715586408972740173e-03 2.636299934238195419e-03 6.926439236849546432e-04 6.052663549780845642e-03 1.120844017714262009e-02 5.377858132123947144e-02 4.647595062851905823e-02 3.349372744560241699e-02 5.864812992513179779e-03 2.135161869227886200e-02 2.370945364236831665e-02 4.486203193664550781e-02 4.157454520463943481e-02 1.931136101484298706e-02 2.542980946600437164e-02 1.942661590874195099e-02 2.641573734581470490e-02 3.038202179595828056e-03 8.943606168031692505e-03 1.770759746432304382e-02 1.141318585723638535e-02 1.444671582430601120e-02 1.219012681394815445e-02 1.693865517154335976e-03 3.277094336226582527e-03 5.205066874623298645e-03 1.553277391940355301e-02 2.149635367095470428e-02 3.211630508303642273e-02 2.490227343514561653e-03 4.254471277818083763e-04 1.442339853383600712e-03 3.037970326840877533e-02 1.925310492515563965e-02 8.636484853923320770e-03 2.982938848435878754e-02 3.432397916913032532e-02 3.253226727247238159e-02 2.671183645725250244e-02 7.736556977033615112e-02 3.449741005897521973e-02 7.535925507545471191e-02 4.743764293380081654e-04 2.055734954774379730e-02 3.190845018252730370e-04 2.479049190878868103e-02 1.604012213647365570e-02 2.553241886198520660e-02 5.410950630903244019e-03 5.324699729681015015e-02 3.546158596873283386e-02 7.144357077777385712e-03 2.740612812340259552e-02 2.716091927140951157e-03 1.671871170401573181e-02 4.034154117107391357e-02 2.586504071950912476e-02 5.537885706871747971e-03 2.430270425975322723e-02 2.085684239864349365e-02 3.904812037944793701e-02 1.195875462144613266e-02 5.058883689343929291e-03 2.299763076007366180e-02 1.122312620282173157e-02 4.463644581846892834e-04 1.072495989501476288e-02 1.008476875722408295e-02 8.095555240288376808e-04 1.657530106604099274e-02 1.446191128343343735e-02 1.295084133744239807e-02 1.314036548137664795e-02 1.375742256641387939e-02 1.014764420688152313e-02 1.092519029043614864e-03 4.058254137635231018e-02 3.811312466859817505e-02 3.774285316467285156e-02 4.609904717653989792e-03 1.924062147736549377e-02 2.983448468148708344e-02 1.141303870826959610e-02
3.633454907685518265e-03 5.232584662735462189e-03 1.493272022344172001e-03 1.075017973780632019e-01 6.333518624305725098e-01 9.699303656816482544e-03 1.491149421781301498e-02 2.305235527455806732e-02 1.275455113500356674e-02 8.679088205099105835e-03 1.304304925724864006e-03 2.291075512766838074e-02 1.161323767155408859e-02 2.992740459740161896e-02 2.390444837510585785e-02 2.650707773864269257e-02 3.346380218863487244e-02 1.496269367635250092e-02 1.262667402625083923e-02 3.773036971688270569e-02 1.660107821226119995e-02 3.874267451465129852e-03 5.429097451269626617e-03 1.542210765182971954e-02 3.523271530866622925e-02 1.140000531449913979e-03 9.687157347798347473e-03 9.075617417693138123e-03 9.138587862253189087e-03 1.217356976121664047e-02 1.270409440621733665e-03 1.952647604048252106e-02 2.032935991883277893e-02 1.897996477782726288e-02 5.267708562314510345e-03 1.072780229151248932e-02 5.196993704885244370e-03 2.368399873375892639e-03 6.741203367710113525e-02 5.793636292219161987e-02 2.273326739668846130e-02 1.003999542444944382e-02 6.981611717492341995e-03 1.856806501746177673e-02 3.523632138967514038e-02 2.612553350627422333e-02 2.156579867005348206e-02 2.520917169749736786e-02 3.826896101236343384e-02 1.062932610511779785e-02 4.814070183783769608e-03 2.306527690961956978e-03 6.613435223698616028e-03 2.468082495033740997e-02 3.270852938294410706e-02 3.015497466549277306e-03 2.449784986674785614e-02 7.995719090104103088e-03 4.466125741600990295e-03 6.037294398993253708e-03 2.934065414592623711e-03 3.122628666460514069e-02 1.905780099332332611e-02 8.050649426877498627e-03 3.778228070586919785e-03 2.333002351224422455e-02 3.531936183571815491e-02 4.701547324657440186e-03 3.646568953990936279e-02 3.571042045950889587e-02 3.881040215492248535e-02 2.396800741553306580e-02 7.040973007678985596e-02 3.273854777216911316e-02 6.712691485881805420e-02 7.300239987671375275e-03 3.083017840981483459e-02 1.160593796521425247e-02 3.295728191733360291e-02 2.156218886375427246e-02 2.848410420119762421e-02 6.043748930096626282e-03 3.710504993796348572e-02 2.305042557418346405e-02 2.976318262517452240e-02 3.268865495920181274e-02 3.051580628380179405e-03 9.016551077365875244e-03 3.280025720596313477e-02 3.145783394575119019e-02 1.577762328088283539e-02 1.860689930617809296e-02 1.341065112501382828e-02 4.099678620696067810e-02 1.596272364258766174e-02 1.088930200785398483e-02 2.244881540536880493e-02 6.852700375020503998e-03 1.738141663372516632e-02 1.305524446070194244e-02 2.231384441256523132e-02 8.086211979389190674e-03 2.210910618305206299e-02 1.468897890299558640e-02 5.502938758581876755e-03 1.365892589092254639e-02 2.918935567140579224e-02 2.637787908315658569e-02 1.436296571046113968e-02 2.892260067164897919e-02 2.783772349357604980e-02 3.001265600323677063e-02 8.545621298253536224e-03 2.427124790847301483e-02 2.042660303413867950e-02 1.703487150371074677e-02
7.400758564472198486e-02 5.608269944787025452e-02 3.859363868832588196e-02 9.275574237108230591e-03 9.699303656816482544e-03 6.467869281768798828e-01 1.020246595144271851e-01 3.086325339972972870e-02 7.794415578246116638e-03 7.155199069529771805e-03 4.025937244296073914e-02 4.586450383067131042e-02 3.345648571848869324e-02 3.819575160741806030e-02 7.429956458508968353e-03 1.846191287040710449e-02 1.695476844906806946e-02 4.363528452813625336e-03 2.245515584945678711e-02 1.578013645485043526e-03 7.106698118150234222e-03 6.044246256351470947e-03 1.191608048975467682e-02 6.050745956599712372e-03 6.108608096837997437e-03 1.813229732215404510e-02 7.927618920803070068e-03 3.637529537081718445e-02 3.154614940285682678e-02 1.918492838740348816e-02 2.376904338598251343e-02 2.411321736872196198e-02 3.645115718245506287e-02 1.903795450925827026e-02 3.452908620238304138e-02 5.669197067618370056e-03 2.222853712737560272e-03 1.942223682999610901e-02 3.565507009625434875e-02 1.874565519392490387e-02 2.459494769573211670e-02 1.405496522784233093e-02 4.552466329187154770e-03 3.031752258539199829e-02 2.142473123967647552e-02 1.060086302459239960e-03 1.064070090651512146e-01 9.396518021821975708e-02 2.503615431487560272e-02 3.348824800923466682e-03 8.201834745705127716e-03 2.802357776090502739e-03 2.821868844330310822e-02 4.183083027601242065e-02 1.127059012651443481e-02 1.712379977107048035e-02 2.467887476086616516e-03 1.174260023981332779e-02 3.995456174015998840e-02 3.975529223680496216e-02 1.458959840238094330e-02 3.362881764769554138e-02 1.837722957134246826e-02 4.023869708180427551e-02 9.060947224497795105e-03 2.372963819652795792e-03 1.684251008555293083e-03 4.344463814049959183e-03 2.430471777915954590e-02 1.484096283093094826e-03 3.069068305194377899e-02 1.692107133567333221e-02 6.428828928619623184e-03 2.008057758212089539e-02 1.370929554104804993e-02 2.296501770615577698e-02 1.278168335556983948e-02 1.388860400766134262e-02 2.640704251825809479e-02 2.170743234455585480e-02 3.200415149331092834e-02 3.426897525787353516e-02 2.797553548589348793e-03 6.791942752897739410e-03 4.015253856778144836e-02 1.487412676215171814e-02 8.979809470474720001e-03 1.413491461426019669e-02 4.705091193318367004e-02 2.033246494829654694e-02 8.087141811847686768e-02 3.690105862915515900e-03 7.099166512489318848e-02 1.078326677088625729e-04 1.564963907003402710e-02 1.650136313401162624e-03 8.331380784511566162e-03 2.582129463553428650e-02 5.409406148828566074e-04 4.366578999906778336e-03 2.683282829821109772e-02 1.857608370482921600e-02 2.233548648655414581e-02 1.889212056994438171e-02 2.654000744223594666e-02 3.167598694562911987e-02 2.279351837933063507e-02 1.150463894009590149e-02 3.024775162339210510e-02 2.471454069018363953e-02 2.964095398783683777e-02 1.645790971815586090e-02 5.553697701543569565e-03 3.888354403898119926e-03 3.126671910285949707e-02 1.667674630880355835e-03
6.409407407045364380e-02 6.104193255305290222e-02 3.992693871259689331e-02 1.684325560927391052e-02 1.491149421781301498e-02 1.020246595144271851e-01 6.484884619712829590e-01 2.972777932882308960e-02 3.038272843696177006e-04 7.411479600705206394e-04 3.440301120281219482e-02 2.912096865475177765e-02 3.255374357104301453e-02 2.850518375635147095e-02 1.040748320519924164e-02 1.205424312502145767e-02 1.150968018919229507e-02 4.180277697741985321e-03 2.286747656762599945e-02 9.969191625714302063e-03 8.698410354554653168e-03 4.979840479791164398e-03 8.351420052349567413e-03 6.536685395985841751e-03 1.137969177216291428e-02 1.754673570394515991e-02 9.564650245010852814e-03 1.985652744770050049e-02 2.847589924931526184e-02 8.517048321664333344e-03 3.630241751670837402e-02 3.069889172911643982e-02 3.639359399676322937e-02 1.430381555110216141e-02 3.979742154479026794e-02 5.496553611010313034e-03 4.541035159491002560e-04 1.081744022667407990e-02 3.819146752357482910e-02 2.029250934720039368e-02 1.466447766870260239e-02 6.155365146696567535e-03 9.761170484125614166e-03 3.981952369213104248e-02 1.481775287538766861e-02 1.466946909204125404e-03 1.028797477483749390e-01 1.114491298794746399e-01 2.151972986757755280e-02 8.176602423191070557e-03 8.713092654943466187e-03 5.550242494791746140e-04 3.409431874752044678e-02 4.106181114912033081e-02 6.118897348642349243e-03 1.228880695998668671e-02 1.994031108915805817e-02 1.165165100246667862e-02 4.230799153447151184e-02 3.588508069515228271e-02 1.803014986217021942e-02 3.234411403536796570e-02 1.479970850050449371e-02 4.066829755902290344e-02 4.556402564048767090e-03 6.708190776407718658e-03 1.238817442208528519e-02 3.945542499423027039e-03 1.072832290083169937e-02 1.189428754150867462e-02 1.653747260570526123e-02 1.989750750362873077e-02 8.050384931266307831e-03 2.016629837453365326e-02 1.368117611855268478e-02 1.450249366462230682e-02 8.251551771536469460e-04 3.866151440888643265e-03 1.183141674846410751e-02 2.692606486380100250e-02 2.725914493203163147e-02 3.710278868675231934e-02 8.678808808326721191e-03 5.192705895751714706e-03 1.465030387043952942e-02 2.479705773293972015e-02 1.161163393408060074e-02 1.375473663210868835e-02 1.996813528239727020e-02 1.897711679339408875e-02 7.568883895874023438e-02 7.383469492197036743e-03 8.705574274063110352e-02 6.368701811879873276e-03 2.108659781515598297e-02 5.544663406908512115e-03 5.468562245368957520e-03 7.350869476795196533e-03 4.490681923925876617e-03 1.119514089077711105e-02 2.141943201422691345e-02 1.049241330474615097e-02 1.741332560777664185e-02 2.567997435107827187e-03 2.319923602044582367e-02 3.940689191222190857e-02 1.653074473142623901e-02 1.872400380671024323e-02 1.984323933720588684e-02 2.314256317913532257e-02 1.970994845032691956e-02 4.847251810133457184e-03 1.042342482833191752e-04 7.536883465945720673e-03 3.485595062375068665e-02 3.672045189887285233e-03
2.092161960899829865e-02 9.082395583391189575e-03 9.089387208223342896e-02 1.913405768573284149e-02 2.305235527455806732e-02 3.086325339972972870e-02 2.972777932882308960e-02 6.466227769851684570e-01 1.724181137979030609e-02 3.571009263396263123e-02 8.695595897734165192e-03 1.916390843689441681e-02 2.901688916608691216e-03 2.419591508805751801e-02 6.899666786193847656e-02 7.772087585180997849e-03 1.261630002409219742e-02 1.170404627919197083e-02 1.100535970181226730e-03 5.802867934107780457e-03 3.021696582436561584e-02 1.660781167447566986e-02 3.275119885802268982e-02 3.022114001214504242e-02 3.566043218597769737e-03 8.874350227415561676e-03 3.466408699750900269e-03 2.862025424838066101e-02 3.651469200849533081e-02 1.400685217231512070e-02 2.864461205899715424e-02 1.221603620797395706e-02 1.917109638452529907e-02 1.469929609447717667e-02 2.537057921290397644e-02 2.343267388641834259e-02 1.828797161579132080e-02 1.850262098014354706e-02 3.802866116166114807e-02 3.739810734987258911e-02 2.621813677251338959e-02 1.898908801376819611e-02 3.639818727970123291e-02 7.456108927726745605e-02 7.778604514896869659e-03 6.086611188948154449e-03 1.551571488380432129e-02 3.266930580139160156e-02 1.565224491059780121e-02 3.392437472939491272e-02 2.755956351757049561e-02 3.257180005311965942e-02 2.900990471243858337e-02 3.712227195501327515e-02 1.554232835769653320e-02 2.931128256022930145e-02 2.190248295664787292e-02 8.909552358090877533e-03 3.182336315512657166e-02 2.597862295806407928e-02 2.537960186600685120e-02 1.941651105880737305e-02 6.097981706261634827e-03 1.568251289427280426e-02 9.231956675648689270e-03 2.410524059087038040e-03 1.645661704242229462e-02 2.014397457242012024e-02 1.889863051474094391e-02 1.737977564334869385e-02 2.439269050955772400e-02 3.881788253784179688e-02 1.116891391575336456e-02 1.098751835525035858e-02 9.943619370460510254e-04 1.823941431939601898e-02 9.136928245425224304e-03 2.688778378069400787e-02 4.181560594588518143e-03 2.773994579911231995e-02 9.402716159820556641e-02 9.111259132623672485e-02 1.131242141127586365e-02 1.544615719467401505e-03 3.229109197854995728e-02 4.228611290454864502e-02 5.264951661229133606e-02 4.354841262102127075e-02 1.771905086934566498e-02 3.583595529198646545e-02 2.659245952963829041e-02 2.453007921576499939e-02 3.284762054681777954e-02 2.315068617463111877e-02 2.475239895284175873e-02 1.003004144877195358e-02 1.591855660080909729e-02 1.015237066894769669e-02 1.350649725645780563e-02 1.868693903088569641e-02 1.291225315071642399e-03 1.565158483572304249e-03 1.116774510592222214e-02 2.160232514142990112e-03 5.102176684886217117e-03 2.040804922580718994e-02 6.341159343719482422e-03 1.638805121183395386e-02 7.011344190686941147e-03 1.736984029412269592e-02 2.728950977325439453e-02 1.975044235587120056e-02 3.055531531572341919e-02 3.732364624738693237e-02 3.091358207166194916e-02 2.969839610159397125e-02
1.260931417346000671e-02 7.610353641211986542e-03 1.877326890826225281e-02 8.660615421831607819e-03 1.275455113500356674e-02 7.794415578246116638e-03 3.038272843696177006e-04 1.724181137979030609e-02 6.555032134056091309e-01 2.274772711098194122e-02 2.068674191832542419e-02 4.655837547034025192e-03 1.353861577808856964e-02 1.427317387424409389e-03 1.837133429944515228e-02 2.847125194966793060e-02 2.426824718713760376e-02 2.417533472180366516e-02 1.025112718343734741e-02 1.614830270409584045e-02 2.340267412364482880e-03 1.684294454753398895e-02 2.858746983110904694e-02 1.963312551379203796e-02 1.783938892185688019e-02 8.849219419062137604e-03 2.591174468398094177e-02 3.435781225562095642e-03 9.845751337707042694e-03 1.359867025166749954e-02 6.503520999103784561e-03 5.466878879815340042e-03 2.716094627976417542e-02 9.457808919250965118e-03 3.276661038398742676e-02 1.144038420170545578e-02 1.901667751371860504e-02 3.132617846131324768e-02 2.559694927185773849e-03 1.639419607818126678e-02 2.256790176033973694e-02 4.833531752228736877e-02 8.978364057838916779e-03 5.370081402361392975e-03 4.409133922308683395e-03 1.031722873449325562e-03 4.443518351763486862e-03 4.872035235166549683e-03 3.404024988412857056e-02 1.916074194014072418e-03 3.782130405306816101e-02 2.535637468099594116e-02 4.184124618768692017e-02 2.727243863046169281e-02 3.312506154179573059e-02 6.583693902939558029e-03 2.237260714173316956e-02 5.663398653268814087e-03 2.938440814614295959e-02 3.465169668197631836e-02 6.662181578576564789e-03 1.823317073285579681e-02 4.605693370103836060e-02 3.609325736761093140e-02 2.281272597610950470e-02 2.598880045115947723e-02 2.991243731230497360e-03 4.021208267658948898e-03 5.220960080623626709e-02 1.945508085191249847e-02 4.568437486886978149e-02 1.719247922301292419e-02 9.380434639751911163e-03 1.038403133861720562e-03 9.101988747715950012e-03 3.328945720568299294e-03 7.035791128873825073e-02 3.906493633985519409e-02 1.666026934981346130e-02 2.237840741872787476e-02 2.820528112351894379e-02 3.122184053063392639e-02 2.011262066662311554e-02 1.189681701362133026e-02 4.012668970972299576e-03 5.528004374355077744e-03 2.294042706489562988e-02 2.399267442524433136e-02 9.166449890471994877e-04 1.656322367489337921e-02 1.175053138285875320e-02 1.294817775487899780e-02 2.814960433170199394e-03 1.806928962469100952e-02 9.450975805521011353e-03 8.162772865034639835e-04 8.659171871840953827e-03 5.918326321989297867e-03 4.525792226195335388e-02 3.974837437272071838e-02 1.257186289876699448e-02 2.102156542241573334e-02 2.395326830446720123e-02 1.601521857082843781e-02 4.176088795065879822e-02 3.365156427025794983e-02 3.815357759594917297e-02 2.186140604317188263e-02 2.921670675277709961e-02 9.706487879157066345e-03 1.119342539459466934e-02 1.225939579308032990e-02 2.828176878392696381e-02 1.035686116665601730e-02 1.375029701739549637e-02 3.437174856662750244e-02
1.089066080749034882e-02 7.454259786754846573e-03 2.188554406166076660e-02 1.581856422126293182e-02 8.679088205099105835e-03 7.155199069529771805e-03 7.411479600705206394e-04 3.571009263396263123e-02 2.274772711098194122e-02 6.566926240921020508e-01 1.553980167955160141e-02 7.861759513616561890e-03 1.132969930768013000e-02 1.393917761743068695e-02 2.714496292173862457e-02 2.156999520957469940e-02 3.409102559089660645e-02 6.545410491526126862e-03 1.986861042678356171e-02 8.423395454883575439e-03 1.448092423379421234e-02 1.844884082674980164e-02 2.768274769186973572e-02 3.550772368907928467e-02 1.979697309434413910e-02 1.173433032818138599e-03 3.506399318575859070e-02 3.339744289405643940e-04 9.874090552330017090e-03 2.743954304605722427e-03 1.712671131826937199e-03 2.104196511209011078e-02 4.823830351233482361e-02 4.037347156554460526e-03 1.996741257607936859e-02 1.797565259039402008e-02 7.248694542795419693e-03 2.628427371382713318e-02 3.383608907461166382e-02 2.113194763660430908e-02 2.225076034665107727e-02 1.384523790329694748e-02 4.351477697491645813e-02 1.272817235440015793e-02 1.009220536798238754e-02 1.951060630381107330e-02 7.468663621693849564e-03 1.474939781473949552e-04 2.691230271011590958e-03 4.409673437476158142e-02 2.236916869878768921e-02 2.574406191706657410e-02 4.551563411951065063e-02 2.980545535683631897e-02 5.732016172260046005e-03 5.108933150768280029e-02 2.701401337981224060e-02 2.932070288807153702e-03 4.383148252964019775e-02 2.637240849435329437e-02 2.235332503914833069e-02 3.709860146045684814e-03 4.253700748085975647e-02 2.685963921248912811e-02 2.528065070509910583e-02 1.611447520554065704e-02 1.104807574301958084e-02 1.530993077903985977e-02 3.792664036154747009e-02 1.755603402853012085e-02 4.724694043397903442e-02 1.288831327110528946e-02 5.610240041278302670e-04 1.116335298866033554e-02 3.941656090319156647e-03 1.250058505684137344e-02 2.480764873325824738e-02 5.106084048748016357e-02 2.051590196788311005e-02 3.827635571360588074e-02 3.402549028396606445e-02 3.990003094077110291e-02 1.168021280318498611e-02 1.740944944322109222e-02 4.754158202558755875e-03 3.074439056217670441e-02 2.884184010326862335e-02 2.550573647022247314e-02 4.940466489642858505e-03 2.364314161241054535e-02 9.340940974652767181e-03 1.097081881016492844e-02 7.886117236921563745e-05 1.254723407328128815e-02 6.515020038932561874e-03 4.793655592948198318e-03 1.622967794537544250e-02 4.614668432623147964e-03 2.189245820045471191e-02 3.138176351785659790e-02 1.807648874819278717e-02 5.914925131946802139e-03 2.321227639913558960e-02 1.147842034697532654e-02 3.901090100407600403e-02 1.427034568041563034e-02 2.654464356601238251e-02 3.147776424884796143e-02 2.913507865741848946e-03 8.756824769079685211e-03 6.017595063894987106e-03 1.320189144462347031e-02 1.324253156781196594e-02 2.850762009620666504e-02 9.599223732948303223e-03 1.425240095704793930e-02
5.908699706196784973e-02 4.783186689019203186e-02 4.088659305125474930e-03 2.114271977916359901e-03 1.304304925724864006e-03 4.025937244296073914e-02 3.440301120281219482e-02 8.695595897734165192e-03 2.068674191832542419e-02 1.553980167955160141e-02 6.553452610969543457e-01 1.390146743506193161e-02 5.618143081665039062e-02 1.118470355868339539e-02 2.046356536448001862e-02 1.552750263363122940e-02 8.708001114428043365e-03 2.852397970855236053e-02 4.266194626688957214e-02 1.295199524611234665e-02 1.407747808843851089e-02 4.681665450334548950e-02 1.466310117393732071e-02 1.412457227706909180e-02 3.096755594015121460e-03 2.000587806105613708e-02 5.391088500618934631e-02 1.411716081202030182e-02 7.108353823423385620e-02 1.532836351543664932e-02 4.361967369914054871e-02 1.899620890617370605e-02 7.977273315191268921e-03 2.566640824079513550e-02 2.713994495570659637e-02 5.497005302459001541e-03 5.095556378364562988e-03 1.852542906999588013e-02 1.582411490380764008e-02 5.788509733974933624e-03 1.899978518486022949e-02 2.348989620804786682e-02 5.987158045172691345e-03 9.596183896064758301e-03 3.748831897974014282e-02 3.663900867104530334e-02 4.393583908677101135e-02 3.182421997189521790e-02 1.749483682215213776e-02 1.145326998084783554e-02 2.327006682753562927e-02 2.242412976920604706e-02 1.258950494229793549e-02 2.898731082677841187e-02 7.191519252955913544e-03 2.681500650942325592e-02 1.866938546299934387e-02 5.283759906888008118e-03 1.050584297627210617e-02 2.116169035434722900e-02 4.768330603837966919e-03 2.120324224233627319e-02 1.134068053215742111e-02 1.870619319379329681e-02 4.965544864535331726e-02 3.117166087031364441e-02 1.234893780201673508e-02 1.821245253086090088e-02 2.946540899574756622e-02 3.890151157975196838e-02 4.122100770473480225e-02 2.810247242450714111e-02 2.079197205603122711e-02 6.185151636600494385e-03 2.147248014807701111e-02 1.235502213239669800e-02 3.092987462878227234e-02 2.249121107161045074e-02 2.060104534029960632e-02 2.487529627978801727e-02 3.265719627961516380e-03 5.724799353629350662e-03 2.055146358907222748e-02 2.728776633739471436e-02 6.491275969892740250e-03 2.511983923614025116e-02 2.607933990657329559e-02 1.992287300527095795e-02 2.240048162639141083e-02 2.056949958205223083e-02 6.674383580684661865e-02 5.075678601861000061e-02 4.130021482706069946e-02 3.358535096049308777e-02 1.899913512170314789e-02 1.446852833032608032e-02 5.192696116864681244e-03 2.688235975801944733e-02 1.732521690428256989e-02 2.373590692877769470e-02 1.758400723338127136e-02 2.187705598771572113e-02 6.306176539510488510e-03 1.223682519048452377e-02 3.032265789806842804e-02 3.853733465075492859e-02 1.566471718251705170e-02 2.008534409105777740e-02 3.104442916810512543e-02 2.367326291278004646e-03 8.349788840860128403e-04 1.330143306404352188e-03 1.602391526103019714e-02 1.175674516707658768e-02 3.145127370953559875e-02 1.552298944443464279e-02
1.631827908568084240e-03 1.669696159660816193e-02 1.580877974629402161e-02 1.718501374125480652e-02 2.291075512766838074e-02 4.586450383067131042e-02 2.912096865475177765e-02 1.916390843689441681e-02 4.655837547034025192e-03 7.861759513616561890e-03 1.390146743506193161e-02 6.612989306449890137e-01 2.370263077318668365e-02 1.100535392761230469e-01 3.830540552735328674e-02 1.001093816012144089e-02 2.014005370438098907e-02 1.073530036956071854e-02 1.803138293325901031e-02 9.122355841100215912e-03 6.513519212603569031e-03 4.370621964335441589e-02 4.535953328013420105e-02 3.103709779679775238e-02 7.567108608782291412e-03 1.240540947765111923e-02 1.109892269596457481e-03 6.556070595979690552e-02 1.729559339582920074e-02 4.554997757077217102e-02 3.819301351904869080e-02 2.446505799889564514e-02 1.298059057444334030e-02 3.036766126751899719e-02 2.127803489565849304e-02 2.438153512775897980e-02 2.322490699589252472e-02 1.164986286312341690e-02 2.637844532728195190e-02 2.951427549123764038e-02 4.119692835956811905e-03 1.800012588500976562e-02 2.061293274164199829e-02 1.296296482905745506e-03 1.092725247144699097e-01 9.662913531064987183e-02 3.074234910309314728e-02 8.695496246218681335e-03 1.588200405240058899e-02 2.313926443457603455e-02 2.910077571868896484e-02 5.506251752376556396e-02 3.116783872246742249e-02 2.896448597311973572e-02 1.056427601724863052e-02 1.751722022891044617e-02 5.853195674717426300e-03 1.557382196187973022e-02 1.827959902584552765e-02 2.555363252758979797e-02 2.863319776952266693e-02 4.071060568094253540e-02 6.129257380962371826e-03 1.908889412879943848e-02 2.989203110337257385e-02 1.721063442528247833e-02 1.533290278166532516e-02 1.201234757900238037e-03 1.044305157847702503e-03 1.313643343746662140e-02 2.328714588657021523e-03 2.279969491064548492e-02 6.891568657010793686e-03 3.096424415707588196e-02 1.291439402848482132e-02 2.758030779659748077e-02 6.743304431438446045e-03 6.251628510653972626e-03 9.130483865737915039e-02 6.556043028831481934e-02 1.148052327334880829e-02 7.771172095090150833e-03 2.399454452097415924e-02 7.532658055424690247e-03 5.553922802209854126e-02 4.825207963585853577e-02 4.140373691916465759e-02 3.424178436398506165e-02 1.028389036655426025e-01 6.073021516203880310e-02 1.029195822775363922e-02 2.740112319588661194e-02 1.094511523842811584e-02 2.521785907447338104e-02 2.417922765016555786e-02 2.339061163365840912e-02 2.168016694486141205e-02 1.987036876380443573e-02 7.263408042490482330e-03 1.290931459516286850e-02 3.250265493988990784e-02 4.279870912432670593e-02 2.989862486720085144e-02 3.034151718020439148e-02 2.692908048629760742e-02 3.790012001991271973e-02 3.579933941364288330e-02 3.405122458934783936e-02 2.663544751703739166e-02 2.509864233434200287e-02 1.504768617451190948e-02 3.338280366733670235e-03 4.569986835122108459e-02 5.287303030490875244e-02 8.941913023591041565e-03 1.755295321345329285e-02
5.196524411439895630e-02 5.024706944823265076e-02 7.113718893378973007e-03 8.341418579220771790e-04 1.161323767155408859e-02 3.345648571848869324e-02 3.255374357104301453e-02 2.901688916608691216e-03 1.353861577808856964e-02 1.132969930768013000e-02 5.618143081665039062e-02 2.370263077318668365e-02 6.544382572174072266e-01 1.668657734990119934e-02 2.405456267297267914e-02 6.597530096769332886e-03 5.016820505261421204e-04 2.735560201108455658e-02 4.012480750679969788e-02 2.530001103878021240e-02 2.412138134241104126e-02 4.326177760958671570e-02 1.001033838838338852e-02 8.362269960343837738e-03 1.786123402416706085e-02 2.015838399529457092e-02 4.439688473939895630e-02 1.253091543912887573e-02 4.766697064042091370e-02 1.778744719922542572e-02 5.721594765782356262e-02 2.064158953726291656e-02 4.397594602778553963e-04 2.111455425620079041e-02 1.995908282697200775e-02 6.044974550604820251e-03 5.142919719219207764e-03 4.739575088024139404e-03 8.645916357636451721e-03 2.209835220128297806e-03 1.736895553767681122e-02 1.235458720475435257e-02 1.338516478426754475e-03 6.002904265187680721e-04 4.875313863158226013e-02 4.677783325314521790e-02 2.927019819617271423e-02 3.105607070028781891e-02 1.262485049664974213e-02 5.247123073786497116e-03 9.365765377879142761e-03 1.497339084744453430e-02 1.861147582530975342e-02 1.600490696728229523e-02 8.245619013905525208e-03 1.927734911441802979e-02 1.251823268830776215e-02 3.209678689017891884e-03 4.894400481134653091e-03 7.364865858107805252e-03 2.853538841009140015e-03 1.946123689413070679e-02 1.472632773220539093e-02 1.154133677482604980e-02 3.317784145474433899e-02 3.405730053782463074e-02 2.228187397122383118e-02 1.810051314532756805e-02 1.914985850453376770e-02 9.886888787150382996e-03 3.195198625326156616e-02 3.518129512667655945e-02 1.352642476558685303e-02 1.046720799058675766e-02 1.768357679247856140e-02 2.195457555353641510e-02 2.047136425971984863e-02 1.427194196730852127e-02 3.181938081979751587e-02 2.774023450911045074e-02 4.289506003260612488e-03 1.059812866151332855e-02 1.748354919254779816e-02 2.680484019219875336e-02 1.294184941798448563e-02 3.153125941753387451e-02 2.030403912067413330e-02 2.372011169791221619e-02 4.148257151246070862e-02 2.235136367380619049e-02 4.253434389829635620e-02 3.175950050354003906e-02 4.665003344416618347e-02 3.205727785825729370e-02 7.819989696145057678e-03 7.279379758983850479e-03 2.076612226665019989e-02 3.126681223511695862e-02 3.769034985452890396e-03 7.499050814658403397e-03 1.888954266905784607e-02 1.624332182109355927e-02 2.019412070512771606e-02 8.679519407451152802e-03 3.046255372464656830e-02 2.830539271235466003e-02 2.332687377929687500e-02 5.059148650616407394e-03 3.320084512233734131e-02 1.420625019818544388e-02 1.548092579469084740e-03 8.633600547909736633e-03 1.278368476778268814e-02 1.262618694454431534e-02 2.638571523129940033e-02 1.758289895951747894e-02
