5.518473386764526367e-01 8.720798790454864502e-02 2.973802154883742332e-03 3.693163394927978516e-02 1.751955784857273102e-02 5.886301770806312561e-02 4.641121998429298401e-02 8.411528542637825012e-03 1.826793700456619263e-02 3.108812309801578522e-02 4.703599587082862854e-02 1.916857063770294189e-02 3.871077671647071838e-02 1.773954741656780243e-02 2.271319366991519928e-02 8.257364854216575623e-03 2.245145384222269058e-03 3.673302009701728821e-02 2.319453097879886627e-02 3.290262073278427124e-03 5.534787196666002274e-04 4.868266172707080841e-03 1.332212146371603012e-02 8.472980000078678131e-03 1.653029955923557281e-02 4.090501926839351654e-03 2.688819356262683868e-02 4.660671984311193228e-04 1.093428814783692360e-03 9.573969058692455292e-03 2.714482881128787994e-02 1.078754314221441746e-03 4.763614013791084290e-02 7.939027622342109680e-03 2.206235378980636597e-02 1.644626632332801819e-02 1.265940349549055099e-02 1.043033227324485779e-02 6.011341698467731476e-03 5.183923523873090744e-03 3.227743506431579590e-02 2.440606616437435150e-02 9.552494622766971588e-03 2.672933228313922882e-02 5.008105933666229248e-02 4.023204371333122253e-02 2.763178758323192596e-02 3.341162949800491333e-02 5.358156049624085426e-04 3.812514618039131165e-02 2.258237451314926147e-02 3.241782775148749352e-03 1.388662494719028473e-02 2.300831256434321404e-03 3.505919128656387329e-02 3.359067440032958984e-02 5.900558084249496460e-03 4.222209565341472626e-03 2.066228725016117096e-02 1.014114636927843094e-02 3.563027828931808472e-02 4.595825076103210449e-02 3.307450562715530396e-02 2.857871167361736298e-02 6.719778757542371750e-03 1.329888403415679932e-02 2.238438650965690613e-02 5.752676632255315781e-03 2.485807053744792938e-02 5.501484125852584839e-02 1.529922336339950562e-02 1.822412386536598206e-02 3.678765147924423218e-02 4.482559114694595337e-02 4.097638279199600220e-02 3.913359716534614563e-02 5.374727770686149597e-03 1.657285727560520172e-02 2.799469977617263794e-02 2.904019504785537720e-02 1.457322738133370876e-03 3.470171010121703148e-03 2.517525106668472290e-02 4.935677163302898407e-03 2.511908486485481262e-02 3.145149908959865570e-03 1.014713291078805923e-02 4.335606005042791367e-03 3.001223132014274597e-02 4.518589749932289124e-02 3.115442208945751190e-02 7.491318974643945694e-04 2.093119546771049500e-02 3.882459830492734909e-03 2.012168057262897491e-02 8.750610053539276123e-03 3.627841919660568237e-02 4.413010552525520325e-02 2.298805862665176392e-02 1.714859530329704285e-02 1.915408484637737274e-02 1.859147218056023121e-03 4.512154310941696167e-02 1.734181120991706848e-02 2.210501767694950104e-02 8.845131844282150269e-03 1.158718578517436981e-02 2.498873509466648102e-03 1.385246682912111282e-02 2.569070551544427872e-03 4.724737256765365601e-02 5.481224507093429565e-03 3.770105168223381042e-02 7.180743385106325150e-03 4.474161937832832336e-02 4.291171580553054810e-02
8.720798790454864502e-02 5.557398796081542969e-01 1.012184377759695053e-02 8.732398040592670441e-03 5.326605960726737976e-02 4.416127875447273254e-02 3.662273287773132324e-02 1.502037886530160904e-02 4.381005838513374329e-02 4.386921972036361694e-02 3.571891039609909058e-02 4.607535153627395630e-02 4.008463025093078613e-02 4.500782117247581482e-02 2.578261122107505798e-02 9.105978533625602722e-03 3.480894723907113075e-03 6.192659027874469757e-03 1.203853078186511993e-02 1.212434004992246628e-02 1.200294308364391327e-02 1.133126486092805862e-02 5.182438995689153671e-03 1.330923754721879959e-03 1.913507282733917236e-02 6.402220577001571655e-03 1.961918547749519348e-02 7.278176955878734589e-03 7.599192205816507339e-03 1.112474687397480011e-02 2.307526767253875732e-02 3.636377863585948944e-03 5.464918538928031921e-02 6.219790666364133358e-04 8.962363936007022858e-03 2.649427205324172974e-02 2.420956827700138092e-02 1.231927797198295593e-02 3.071645461022853851e-02 1.530943624675273895e-02 3.314911946654319763e-02 9.772999212145805359e-03 7.453385740518569946e-03 2.263395115733146667e-02 3.003199957311153412e-02 6.185353174805641174e-02 2.164400182664394379e-02 2.517182566225528717e-02 7.166573777794837952e-03 3.155911341309547424e-02 1.778251118957996368e-02 8.174132672138512135e-04 1.242117607034742832e-03 7.675049360841512680e-03 2.891062200069427490e-02 3.194134682416915894e-02 9.012550115585327148e-03 5.303812213242053986e-03 2.610173076391220093e-02 1.476021576672792435e-02 3.895805403590202332e-02 2.328127622604370117e-02 1.833716407418251038e-02 2.911905944347381592e-02 1.213097479194402695e-02 1.180720515549182892e-02 2.517350763082504272e-02 1.873377338051795959e-02 9.640584699809551239e-03 3.256763517856597900e-02 3.417666302993893623e-03 1.886701211333274841e-03 2.573070488870143890e-02 4.603124037384986877e-02 3.844788298010826111e-02 3.669421374797821045e-02 9.747852571308612823e-03 2.257199957966804504e-02 7.723350427113473415e-04 1.463023573160171509e-02 1.283840648829936981e-02 4.232635721564292908e-03 1.438695937395095825e-02 3.710630908608436584e-02 1.504007074981927872e-02 2.184958010911941528e-02 1.634211093187332153e-02 1.194764580577611923e-02 3.055149130523204803e-02 2.848647907376289368e-02 2.059454843401908875e-02 5.529617425054311752e-03 2.411852963268756866e-02 1.111498754471540451e-02 5.578606855124235153e-03 5.561128724366426468e-03 1.466571353375911713e-02 4.795958101749420166e-02 1.266383286565542221e-02 1.597235724329948425e-02 8.973515592515468597e-03 1.948748482391238213e-03 4.909517243504524231e-02 2.370212785899639130e-02 2.280458249151706696e-02 9.919669479131698608e-03 9.474853985011577606e-03 3.095334768295288086e-02 8.987086825072765350e-03 2.214812301099300385e-02 4.493195936083793640e-02 1.894912123680114746e-02 2.700574696063995361e-02 8.124554529786109924e-03 2.153764106333255768e-02 5.724341049790382385e-02
2.973802154883742332e-03 1.012184377759695053e-02 5.395038723945617676e-01 3.011105000041425228e-04 4.757381509989500046e-03 1.896839402616024017e-02 4.483952943701297045e-04 6.328342109918594360e-02 1.436125673353672028e-02 2.121298573911190033e-02 2.338484162464737892e-03 5.137930065393447876e-02 2.235208870843052864e-03 5.069304257631301880e-02 1.954910717904567719e-02 1.718754507601261139e-02 9.594324976205825806e-03 1.573138870298862457e-02 3.189366683363914490e-02 2.017023973166942596e-02 2.793355844914913177e-03 4.260313231498003006e-03 2.042146772146224976e-02 2.515446208417415619e-02 8.462715893983840942e-03 2.192720398306846619e-02 1.698926463723182678e-02 6.294640712440013885e-03 1.880584657192230225e-02 6.104483269155025482e-03 9.790349751710891724e-03 1.567238476127386093e-03 2.695835893973708153e-03 2.278603613376617432e-03 1.358323451131582260e-02 2.730792155489325523e-03 4.958318080753087997e-03 4.113401472568511963e-02 5.669401492923498154e-03 1.258491072803735733e-03 1.816133968532085419e-02 7.351366337388753891e-03 4.156373813748359680e-02 2.474616654217243195e-02 2.512212813599035144e-05 2.058713510632514954e-02 7.275811396539211273e-03 1.190805062651634216e-02 3.254731371998786926e-02 1.548415888100862503e-02 1.248263567686080933e-02 2.340411767363548279e-02 1.657727919518947601e-02 5.605002515949308872e-04 1.688029733486473560e-03 6.610320415347814560e-03 2.668606676161289215e-02 4.846198111772537231e-02 3.089958056807518005e-02 1.776450686156749725e-02 3.098304942250251770e-02 5.643165204674005508e-03 2.801971323788166046e-02 2.569392696022987366e-02 2.274356316775083542e-03 8.568896912038326263e-03 1.044587232172489166e-03 7.583592087030410767e-03 8.635508827865123749e-03 2.221855148673057556e-02 2.603645622730255127e-02 1.555907540023326874e-02 2.027519978582859039e-02 4.937164112925529480e-02 5.270864814519882202e-02 2.251660823822021484e-02 4.984997585415840149e-02 1.636335393413901329e-03 1.768519170582294464e-02 2.428139001131057739e-02 1.065612509846687317e-01 7.382144033908843994e-02 1.050397194921970367e-02 1.881161704659461975e-02 2.766822464764118195e-02 2.076983265578746796e-02 2.655374258756637573e-02 5.394035950303077698e-02 3.435939550399780273e-02 3.488617716357111931e-03 2.118411846458911896e-02 1.426956243813037872e-02 1.682958193123340607e-02 3.007047437131404877e-02 2.978768944740295410e-02 3.505120053887367249e-02 4.888369888067245483e-02 3.053878620266914368e-02 2.862594835460186005e-02 5.295739322900772095e-02 2.434623241424560547e-02 1.990828663110733032e-02 4.899625200778245926e-03 9.499028325080871582e-03 3.062218800187110901e-02 1.982599031180143356e-03 2.134928712621331215e-03 2.786948718130588531e-02 1.442337408661842346e-02 3.852562233805656433e-02 1.510524004697799683e-02 7.779058534651994705e-03 4.237212613224983215e-02 3.985003381967544556e-02 4.386033862829208374e-02 3.480805782601237297e-03
3.693163394927978516e-02 8.732398040592670441e-03 3.011105000041425228e-04 5.473800301551818848e-01 1.475673764944076538e-01 5.591189116239547729e-02 5.105652660131454468e-02 1.220420119352638721e-03 1.660037203691899776e-03 2.088641747832298279e-02 1.803043484687805176e-02 4.616028442978858948e-02 1.129568461328744888e-02 5.414806678891181946e-02 9.543884079903364182e-04 5.130983889102935791e-02 4.576785489916801453e-02 9.426584839820861816e-02 4.833497479557991028e-02 3.914721310138702393e-02 4.016387835144996643e-02 1.463170256465673447e-02 4.178492352366447449e-03 6.267324090003967285e-03 3.298087744042277336e-03 1.846088841557502747e-02 3.712288802489638329e-03 2.647160552442073822e-03 2.349267713725566864e-02 7.891616784036159515e-03 2.448989078402519226e-02 3.070091269910335541e-02 1.762604573741555214e-03 4.993100650608539581e-03 4.044273868203163147e-02 1.835556328296661377e-02 6.197105976752936840e-04 1.938047818839550018e-02 5.527688190340995789e-02 3.039558604359626770e-02 7.955295965075492859e-03 3.420457616448402405e-02 1.787367649376392365e-02 1.164806541055440903e-02 2.857885323464870453e-02 4.516860935837030411e-03 5.032376572489738464e-02 6.285033188760280609e-03 4.639632254838943481e-02 1.656100619584321976e-03 9.950684383511543274e-03 8.441705140285193920e-04 1.505792699754238129e-02 6.133718416094779968e-03 1.282864995300769806e-02 1.905379630625247955e-02 2.079226262867450714e-02 3.406629711389541626e-02 2.779444120824337006e-02 3.266612440347671509e-02 9.090326726436614990e-02 7.903186231851577759e-02 4.241028800606727600e-02 1.265007187612354755e-03 5.023124814033508301e-02 4.306306689977645874e-02 2.943611703813076019e-02 4.438728466629981995e-02 7.433322258293628693e-03 1.283282320946455002e-02 2.145098755136132240e-03 9.879623539745807648e-03 8.897869288921356201e-02 2.425471320748329163e-02 7.500536739826202393e-02 3.325839713215827942e-02 3.570990404114127159e-03 1.720631867647171021e-02 3.759534284472465515e-02 4.297788254916667938e-03 1.587142702192068100e-03 4.947431385517120361e-03 9.168828278779983521e-02 7.029003649950027466e-02 3.345092758536338806e-02 5.699818022549152374e-03 1.223455881699919701e-03 1.232284493744373322e-02 4.098592326045036316e-02 9.924612008035182953e-03 3.369969129562377930e-02 5.797062534838914871e-03 4.499016702175140381e-02 5.838359240442514420e-03 2.438857406377792358e-02 2.809234149754047394e-02 3.295444324612617493e-02 2.053915336728096008e-02 1.327891368418931961e-02 1.413085847161710262e-03 3.619716316461563110e-02 1.697795465588569641e-02 5.945769604295492172e-03 2.094279415905475616e-02 2.769930660724639893e-02 4.560363944619894028e-03 2.939865365624427795e-02 8.275450672954320908e-04 3.121479041874408722e-02 1.402452308684587479e-02 2.862335555255413055e-02 2.190445736050605774e-02 8.915178477764129639e-03 6.967107299715280533e-03 4.440535232424736023e-02 7.642672862857580185e-03
1.751955784857273102e-02 5.326605960726737976e-02 4.757381509989500046e-03 1.475673764944076538e-01 5.532148480415344238e-01 8.580227382481098175e-03 1.704818382859230042e-02 1.900176890194416046e-02 3.828743845224380493e-02 4.803586751222610474e-02 4.235206544399261475e-02 2.228272706270217896e-02 5.220121517777442932e-02 1.796548441052436829e-02 2.393498457968235016e-02 3.838236629962921143e-02 1.104449760168790817e-02 1.007917821407318115e-01 2.283112704753875732e-02 3.136258199810981750e-02 3.463613241910934448e-02 1.242365781217813492e-02 4.391681030392646790e-02 4.431502148509025574e-02 2.831209637224674225e-02 4.714190587401390076e-02 5.029150471091270447e-02 4.701685160398483276e-02 3.531934320926666260e-02 3.415200486779212952e-02 2.492059394717216492e-02 5.523919314146041870e-02 3.447891795076429844e-04 2.092605642974376678e-02 2.172675170004367828e-02 1.487883273512125015e-03 6.687861401587724686e-03 9.047468192875385284e-03 3.635695576667785645e-02 7.984067499637603760e-02 1.738594472408294678e-02 2.774300798773765564e-02 3.770032897591590881e-02 8.470735512673854828e-03 1.747659593820571899e-02 3.013745695352554321e-02 2.832322940230369568e-02 1.531728915870189667e-02 8.004806004464626312e-03 1.164064835757017136e-02 3.620320931077003479e-02 4.083946719765663147e-02 3.110931441187858582e-02 2.025954239070415497e-02 3.451627865433692932e-02 4.340177401900291443e-02 5.874880123883485794e-03 3.055040910840034485e-02 2.421001344919204712e-02 3.479342162609100342e-02 1.077335774898529053e-01 8.645789325237274170e-02 1.319594867527484894e-02 1.127125415951013565e-02 1.632055267691612244e-02 3.296487033367156982e-02 1.301474287174642086e-03 3.470719233155250549e-02 1.749107241630554199e-02 3.389333933591842651e-02 3.129264712333679199e-02 3.297248110175132751e-02 8.698714524507522583e-02 2.989922184497117996e-03 7.179369777441024780e-02 4.491212591528892517e-02 4.841735959053039551e-02 5.858900398015975952e-02 3.344532474875450134e-02 9.032584726810455322e-03 8.425727486610412598e-03 1.099832516047172248e-04 9.605085104703903198e-02 1.036596074700355530e-01 6.964948959648609161e-03 2.669980749487876892e-02 1.695152185857295990e-02 2.516961283981800079e-02 3.770209848880767822e-02 1.910521276295185089e-02 2.603977173566818237e-02 2.571006305515766144e-02 7.304928265511989594e-03 3.425517678260803223e-02 1.511770207434892654e-02 1.155911386013031006e-02 5.022213608026504517e-02 2.080255560576915741e-02 2.730433270335197449e-02 5.044923722743988037e-02 4.823715612292289734e-02 3.684680536389350891e-02 4.898568987846374512e-02 2.750481665134429932e-02 1.733419857919216156e-02 8.630832890048623085e-04 4.228322580456733704e-02 2.482390776276588440e-02 3.523111343383789062e-02 3.115625120699405670e-02 6.055470090359449387e-03 3.402633592486381531e-02 2.636245638132095337e-02 3.950208052992820740e-02 2.868582308292388916e-02 2.284660562872886658e-02
5.886301770806312561e-02 4.416127875447273254e-02 1.896839402616024017e-02 5.591189116239547729e-02 8.580227382481098175e-03 5.481344461441040039e-01 1.121731773018836975e-01 1.548415236175060272e-02 1.266821008175611496e-02 6.028241943567991257e-03 3.119314089417457581e-02 2.817190252244472504e-02 2.321976050734519958e-02 2.607288956642150879e-02 1.533124782145023346e-02 3.326543420553207397e-02 3.927081078290939331e-02 3.721700981259346008e-02 3.058196231722831726e-02 2.493649721145629883e-02 3.285975009202957153e-02 1.753498241305351257e-02 1.211955863982439041e-02 7.521285675466060638e-03 1.555219292640686035e-02 1.877619768492877483e-03 7.382099051028490067e-03 3.686834871768951416e-02 8.690166287124156952e-03 3.055114671587944031e-02 1.950365491211414337e-02 1.862955838441848755e-02 1.987628266215324402e-02 2.509113028645515442e-02 2.994542941451072693e-02 1.022309530526399612e-02 6.894130725413560867e-03 3.175115957856178284e-02 1.263298932462930679e-02 1.701148925349116325e-03 2.530215866863727570e-02 2.120568230748176575e-02 1.719336397945880890e-02 4.259312525391578674e-02 4.489394649863243103e-02 8.968252688646316528e-03 9.954847395420074463e-02 7.848741859197616577e-02 2.770469291135668755e-03 1.376129779964685440e-02 8.790141902863979340e-03 1.502796192653477192e-03 2.420325577259063721e-02 2.237050607800483704e-02 1.600452139973640442e-02 2.014124765992164612e-02 1.489960495382547379e-02 6.121268030256032944e-03 1.199320424348115921e-02 4.260380810592323542e-04 1.519413758069276810e-02 1.676896773278713226e-02 2.739513479173183441e-02 3.285580873489379883e-02 1.742847822606563568e-02 2.579738013446331024e-02 1.094377785921096802e-02 2.586242929100990295e-02 3.187812864780426025e-02 5.340584740042686462e-02 3.848359361290931702e-02 1.059628743678331375e-02 3.506405651569366455e-02 3.944136202335357666e-02 3.824613988399505615e-03 3.104813769459724426e-02 1.595671847462654114e-02 8.647366426885128021e-03 4.534325748682022095e-02 5.053455010056495667e-02 1.381910871714353561e-02 4.003861919045448303e-03 4.650140181183815002e-02 1.766337547451257706e-03 1.070881355553865433e-02 1.799478381872177124e-02 3.324003657326102257e-03 1.709367334842681885e-02 3.383653610944747925e-02 2.157175168395042419e-02 5.005168169736862183e-02 1.296118739992380142e-02 3.775728493928909302e-02 2.168715931475162506e-03 1.255136728286743164e-02 3.342384845018386841e-02 3.907380998134613037e-02 3.543139249086380005e-02 3.755185753107070923e-03 6.232312298379838467e-04 2.220200933516025543e-02 3.633494675159454346e-02 3.688481450080871582e-02 3.369414806365966797e-02 4.249569773674011230e-02 4.475761950016021729e-02 2.173461951315402985e-02 7.458318024873733521e-03 1.834106445312500000e-02 2.390566747635602951e-03 3.337408229708671570e-02 2.966465242207050323e-02 1.577758416533470154e-02 2.691152878105640411e-02 3.071610629558563232e-02 3.540156409144401550e-02
4.641121998429298401e-02 3.662273287773132324e-02 4.483952943701297045e-04 5.105652660131454468e-02 1.704818382859230042e-02 1.121731773018836975e-01 5.454026460647583008e-01 1.108565274626016617e-02 2.140338066965341568e-03 8.967593312263488770e-03 1.656503789126873016e-02 2.402293682098388672e-02 9.673802182078361511e-03 2.356845326721668243e-02 5.611171363852918148e-04 4.489482194185256958e-02 5.288765951991081238e-02 3.652185946702957153e-02 2.073286660015583038e-02 2.550039999186992645e-02 2.908492647111415863e-02 2.471128851175308228e-02 3.668875992298126221e-02 3.634190559387207031e-02 1.292159501463174820e-02 3.184424247592687607e-03 1.960685662925243378e-02 2.478132210671901703e-02 1.105581317096948624e-02 1.250318903475999832e-02 1.422247011214494705e-02 7.095956243574619293e-03 8.320289663970470428e-03 1.002634689211845398e-02 1.768846809864044189e-02 9.011903777718544006e-03 4.003643989562988281e-03 4.613780230283737183e-02 9.733264334499835968e-03 6.578602828085422516e-03 4.385380819439888000e-02 1.046770997345447540e-02 1.036891341209411621e-02 1.965476013720035553e-02 1.633983850479125977e-02 5.029832478612661362e-03 8.308059722185134888e-02 9.644346684217453003e-02 1.431394089013338089e-02 4.450753040146082640e-04 6.596685852855443954e-03 1.177274389192461967e-03 2.317417971789836884e-02 2.644033357501029968e-02 1.100300531834363937e-02 1.222987473011016846e-02 5.653712898492813110e-03 7.153216283768415451e-03 2.498426102101802826e-02 1.980225741863250732e-02 8.348133414983749390e-03 2.428801544010639191e-02 1.962045580148696899e-02 6.654613651335239410e-03 6.118643097579479218e-03 1.862076856195926666e-02 1.258245948702096939e-02 2.167384140193462372e-02 2.236361429095268250e-02 3.179048001766204834e-02 3.157613053917884827e-02 2.969292365014553070e-02 5.092048645019531250e-02 3.318971395492553711e-02 1.819191128015518188e-02 5.037873238325119019e-02 4.106211010366678238e-03 2.894544042646884918e-03 1.935203000903129578e-02 2.437383681535720825e-02 6.701291073113679886e-03 1.663085259497165680e-02 3.051399253308773041e-02 1.223090849816799164e-02 2.845233306288719177e-02 1.931114355102181435e-03 6.610726006329059601e-03 6.925633177161216736e-03 1.213008910417556763e-02 1.994466967880725861e-02 2.627291530370712280e-02 2.511594444513320923e-02 2.949725463986396790e-02 4.034546145703643560e-04 9.797533974051475525e-03 1.836657710373401642e-02 2.065115049481391907e-02 5.091351270675659180e-02 1.155324839055538177e-02 8.493088185787200928e-03 1.143086515367031097e-02 2.793390490114688873e-02 4.285570234060287476e-02 3.178161382675170898e-02 5.000969022512435913e-02 4.499838873744010925e-02 1.382054761052131653e-02 1.071371487341821194e-03 2.204125747084617615e-02 1.283222995698451996e-02 8.486422710120677948e-03 5.038189888000488281e-02 3.124185139313340187e-03 2.246230840682983398e-02 2.789750136435031891e-02 2.414252981543540955e-02
8.411528542637825012e-03 1.502037886530160904e-02 6.328342109918594360e-02 1.220420119352638721e-03 1.900176890194416046e-02 1.548415236175060272e-02 1.108565274626016617e-02 5.466603040695190430e-01 4.705435037612915039e-02 2.132177911698818207e-02 2.076001092791557312e-02 4.149569943547248840e-02 1.512028276920318604e-02 4.295310378074645996e-02 6.622390449047088623e-02 8.215830661356449127e-03 7.744548376649618149e-03 1.129108574241399765e-02 8.575631305575370789e-03 3.930432721972465515e-03 1.609190832823514938e-03 1.890003622975200415e-04 7.772497367113828659e-03 9.360626339912414551e-03 1.178221497684717178e-02 2.591164549812674522e-03 6.979735102504491806e-03 1.423945464193820953e-02 3.641844540834426880e-02 5.015579052269458771e-03 1.182762626558542252e-02 2.165736630558967590e-02 3.134267777204513550e-02 1.511152926832437515e-02 4.417889576870948076e-04 1.248390041291713715e-02 1.836223900318145752e-02 9.081623516976833344e-03 5.175498779863119125e-03 1.034127920866012573e-02 1.780605688691139221e-02 4.128047451376914978e-02 1.438947394490242004e-02 8.787302300333976746e-03 1.014631427824497223e-02 2.744223922491073608e-02 2.248155418783426285e-03 1.000800868496298790e-03 4.863551293965429068e-04 3.695028275251388550e-02 1.872348785400390625e-02 2.230471558868885040e-02 2.276279963552951813e-02 1.783762685954570770e-02 5.407912191003561020e-03 2.832476422190666199e-02 1.774470321834087372e-02 3.175003454089164734e-02 1.050937920808792114e-02 1.045576203614473343e-02 3.665029257535934448e-02 3.121273592114448547e-02 6.196040194481611252e-03 2.012280980125069618e-03 4.283074755221605301e-03 2.842098707333207130e-03 5.072643514722585678e-03 1.742080668918788433e-03 1.080891117453575134e-02 3.231815248727798462e-02 1.424393802881240845e-02 7.247195579111576080e-03 1.075002178549766541e-02 3.618313372135162354e-02 3.804870694875717163e-02 2.556722238659858704e-02 4.597683623433113098e-02 3.657606244087219238e-02 1.874261163175106049e-02 1.931750588119029999e-02 8.407257497310638428e-02 4.068231582641601562e-02 1.049652416259050369e-02 3.157851845026016235e-02 1.572005078196525574e-02 4.707608744502067566e-02 6.419039517641067505e-02 5.209352076053619385e-02 3.419782221317291260e-02 3.314371407032012939e-02 1.042979676276445389e-02 6.881227251142263412e-03 1.667783409357070923e-02 9.515844285488128662e-03 3.913454711437225342e-03 1.337579451501369476e-03 4.790269210934638977e-02 4.920962080359458923e-02 3.012469969689846039e-02 2.497353591024875641e-02 3.885320387780666351e-03 1.101368945091962814e-02 1.660813950002193451e-02 2.403131499886512756e-02 2.147995680570602417e-02 2.796755731105804443e-02 1.489516813308000565e-02 3.548548743128776550e-02 1.873528398573398590e-02 2.883077599108219147e-02 2.785200439393520355e-02 7.997004315257072449e-03 7.585415616631507874e-03 3.446934744715690613e-02 4.884795844554901123e-02 4.045363888144493103e-02
1.826793700456619263e-02 4.381005838513374329e-02 1.436125673353672028e-02 1.660037203691899776e-03 3.828743845224380493e-02 1.266821008175611496e-02 2.140338066965341568e-03 4.705435037612915039e-02 5.557804703712463379e-01 1.292238682508468628e-01 2.258318290114402771e-02 7.392460107803344727e-02 3.666992858052253723e-02 5.110523104667663574e-02 4.895748198032379150e-02 5.789199844002723694e-02 5.665585771203041077e-02 1.631329767405986786e-02 7.964362390339374542e-03 3.295015310868620872e-03 1.753087155520915985e-02 1.412733737379312515e-02 4.612400010228157043e-02 5.731962621212005615e-02 4.872643202543258667e-02 3.507909551262855530e-02 1.316312886774539948e-02 2.812855690717697144e-02 1.418268214911222458e-02 3.937172237783670425e-03 1.724406518042087555e-02 1.687071844935417175e-02 5.139928180142305791e-05 3.069882467389106750e-02 4.159616306424140930e-02 1.130452286452054977e-02 2.257039211690425873e-02 3.854035586118698120e-02 9.653573855757713318e-03 2.275114180520176888e-03 2.584993280470371246e-02 4.392555356025695801e-02 5.138073861598968506e-02 4.123355727642774582e-03 2.203287743031978607e-02 3.912846557796001434e-03 3.282231092453002930e-02 2.529137767851352692e-02 7.001149654388427734e-02 8.286265283823013306e-02 1.758169010281562805e-02 4.188293218612670898e-02 3.884638845920562744e-02 3.811696544289588928e-02 8.126597106456756592e-02 1.027286574244499207e-01 1.213483233004808426e-02 3.805512934923171997e-02 2.526056580245494843e-02 1.281747780740261078e-02 4.924924578517675400e-03 1.234075892716646194e-02 8.844108320772647858e-03 8.171876892447471619e-03 4.030448198318481445e-02 4.654869809746742249e-02 2.684220112860202789e-02 9.861061349511146545e-03 8.555981516838073730e-02 2.521490864455699921e-02 6.213895231485366821e-02 4.498120397329330444e-03 2.813163027167320251e-02 9.890773333609104156e-03 5.186326801776885986e-03 1.894873939454555511e-02 1.472214162349700928e-01 7.420170307159423828e-02 5.285278335213661194e-02 1.046547293663024902e-02 3.197650890797376633e-03 3.869257122278213501e-02 1.386907510459423065e-02 2.479009330272674561e-02 3.123650513589382172e-02 1.812624186277389526e-02 2.226962335407733917e-02 3.221797198057174683e-02 5.231661722064018250e-03 5.263759940862655640e-02 2.664610370993614197e-02 3.499171510338783264e-02 3.457417711615562439e-02 4.494662955403327942e-02 2.885559014976024628e-02 2.441074512898921967e-02 3.445458784699440002e-02 3.607001900672912598e-02 3.597768768668174744e-02 2.362010069191455841e-03 1.643022522330284119e-02 2.681989036500453949e-02 2.092270739376544952e-02 3.717936575412750244e-02 2.928065881133079529e-02 3.328689187765121460e-02 3.529956936836242676e-02 1.710417307913303375e-02 2.970562130212783813e-02 4.996090754866600037e-02 4.110054299235343933e-02 1.646400615572929382e-02 3.754831105470657349e-02 2.469844184815883636e-02 2.801851369440555573e-02 3.210163116455078125e-02
3.108812309801578522e-02 4.386921972036361694e-02 2.121298573911190033e-02 2.088641747832298279e-02 4.803586751222610474e-02 6.028241943567991257e-03 8.967593312263488770e-03 2.132177911698818207e-02 1.292238682508468628e-01 5.642942190170288086e-01 4.357432946562767029e-02 4.234157130122184753e-02 4.510547220706939697e-02 4.216601327061653137e-02 2.570721320807933807e-02 4.633883014321327209e-03 4.075370728969573975e-02 1.056429557502269745e-02 2.297213533893227577e-03 6.761545781046152115e-03 3.645958006381988525e-02 3.962799906730651855e-02 2.299662120640277863e-02 5.250643193721771240e-02 3.005183301866054535e-02 2.379984222352504730e-02 3.022132813930511475e-02 2.690106630325317383e-02 4.146772902458906174e-03 3.934186324477195740e-02 3.840158507227897644e-02 3.281192481517791748e-02 4.829924553632736206e-02 4.945170879364013672e-02 4.310351982712745667e-02 3.839251026511192322e-02 4.971331357955932617e-02 2.309634909033775330e-02 2.217426337301731110e-02 1.190229132771492004e-02 4.004049301147460938e-02 4.271642118692398071e-02 1.122666988521814346e-02 3.283644840121269226e-02 4.884592443704605103e-02 3.106939047574996948e-02 4.365812987089157104e-02 2.597750164568424225e-02 4.597947746515274048e-02 1.546412408351898193e-01 2.381928265094757080e-02 4.678984731435775757e-02 2.966335602104663849e-02 2.487866766750812531e-02 6.086687743663787842e-02 1.372042596340179443e-01 2.319075912237167358e-02 1.377136725932359695e-02 4.105508793145418167e-03 9.791553020477294922e-03 2.013925462961196899e-03 3.465817123651504517e-02 3.532687947154045105e-02 2.078691497445106506e-02 3.470612317323684692e-02 4.098261520266532898e-02 2.506137359887361526e-03 1.353276427835226059e-02 3.343777358531951904e-02 2.091819047927856445e-02 6.347183883190155029e-02 4.182945191860198975e-02 5.391785129904747009e-02 2.114593796432018280e-02 4.191971849650144577e-03 4.248745739459991455e-02 6.158696115016937256e-02 1.242808327078819275e-01 9.530859440565109253e-02 9.811876714229583740e-02 2.264734730124473572e-02 6.161504890769720078e-03 4.364159889519214630e-03 5.235492065548896790e-02 4.152788594365119934e-02 2.402449026703834534e-02 1.192519813776016235e-02 1.686131581664085388e-02 2.069286070764064789e-03 4.512344300746917725e-02 3.167946636676788330e-02 2.383335493505001068e-02 3.403241187334060669e-02 2.105306833982467651e-02 4.296717047691345215e-02 2.338833734393119812e-02 1.983173278858885169e-04 4.682831093668937683e-02 1.487235259264707565e-02 2.125827362760901451e-03 3.226523473858833313e-02 4.498437419533729553e-02 1.713826134800910950e-02 7.199750281870365143e-03 8.045053109526634216e-03 2.068652212619781494e-02 3.517847508192062378e-02 4.200333356857299805e-02 4.332270473241806030e-02 3.359634429216384888e-02 2.140719257295131683e-02 4.129316657781600952e-02 4.632285237312316895e-02 5.299737304449081421e-02 3.126857802271842957e-02 4.698421398643404245e-04
4.703599587082862854e-02 3.571891039609909058e-02 2.338484162464737892e-03 1.803043484687805176e-02 4.235206544399261475e-02 3.119314089417457581e-02 1.656503789126873016e-02 2.076001092791557312e-02 2.258318290114402771e-02 4.357432946562767029e-02 5.522353053092956543e-01 3.422719240188598633e-02 8.083067089319229126e-02 3.332322463393211365e-02 5.137474462389945984e-02 1.762411557137966156e-02 2.512100338935852051e-02 3.855306655168533325e-02 2.970480173826217651e-02 1.616567955352365971e-03 2.845729468390345573e-03 2.686661481857299805e-02 4.931860021315515041e-04 7.093878462910652161e-03 3.530539199709892273e-02 2.553196623921394348e-02 1.894844882190227509e-02 1.229157298803329468e-02 4.324483871459960938e-02 1.177453249692916870e-02 3.817226365208625793e-02 5.615320522338151932e-03 1.856615953147411346e-02 1.013161963783204556e-03 8.031102828681468964e-03 1.408048998564481735e-02 4.554222803562879562e-03 1.075856853276491165e-02 4.117193445563316345e-02 1.873060129582881927e-02 9.263087995350360870e-03 1.284941937774419785e-02 7.059037685394287109e-03 1.054608821868896484e-02 3.933606669306755066e-02 5.727539211511611938e-02 2.499129064381122589e-02 2.396661415696144104e-02 2.485356992110610008e-03 3.946126252412796021e-02 2.134700492024421692e-02 2.176867052912712097e-02 6.421218626201152802e-03 1.471857540309429169e-03 5.220342893153429031e-03 3.629318252205848694e-02 9.581560268998146057e-03 5.112162791192531586e-03 4.217476118355989456e-03 4.140480596106499434e-04 3.140304237604141235e-02 4.143423959612846375e-02 8.149215951561927795e-03 1.865963079035282135e-02 3.060366399586200714e-02 2.723452448844909668e-02 1.460910029709339142e-02 7.095677312463521957e-03 1.235923916101455688e-02 1.278964430093765259e-02 1.211096998304128647e-02 7.987124845385551453e-03 3.136803582310676575e-02 1.746447943150997162e-02 2.730979956686496735e-02 1.853278651833534241e-02 1.324411202222108841e-02 3.054065629839897156e-02 2.455248497426509857e-02 1.927445642650127411e-02 1.417890843003988266e-02 7.208959199488162994e-03 2.920260839164257050e-02 2.994261216372251511e-03 3.558479016646742821e-03 1.086016837507486343e-02 4.355894029140472412e-02 2.716182731091976166e-02 4.491311684250831604e-02 2.176896296441555023e-02 4.178911820054054260e-02 2.752020582556724548e-02 2.561599202454090118e-02 1.853385195136070251e-02 3.053772076964378357e-02 3.559970110654830933e-02 4.374762997031211853e-02 3.554434701800346375e-02 2.590902522206306458e-02 2.299368381500244141e-02 3.360664471983909607e-03 3.203392770956270397e-05 3.601991757750511169e-02 1.802856288850307465e-02 3.065943159162998199e-02 2.805222384631633759e-02 1.423640735447406769e-02 2.003508619964122772e-02 3.807635046541690826e-03 1.200831960886716843e-03 4.748525097966194153e-02 1.758210174739360809e-02 6.503827869892120361e-03 1.151294540613889694e-02 4.539503157138824463e-02 4.642975702881813049e-02
1.916857063770294189e-02 4.607535153627395630e-02 5.137930065393447876e-02 4.616028442978858948e-02 2.228272706270217896e-02 2.817190252244472504e-02 2.402293682098388672e-02 4.149569943547248840e-02 7.392460107803344727e-02 4.234157130122184753e-02 3.422719240188598633e-02 5.527731776237487793e-01 3.418639674782752991e-02 1.706222593784332275e-01 3.267078846693038940e-02 6.194385234266519547e-03 4.664471838623285294e-03 4.109716415405273438e-02 1.471815165132284164e-02 1.690235361456871033e-02 1.621679775416851044e-02 2.624005451798439026e-02 6.646446883678436279e-02 5.878850817680358887e-02 9.619491174817085266e-03 3.467637673020362854e-02 4.265039041638374329e-02 1.197911053895950317e-01 6.862012203782796860e-03 1.179928556084632874e-01 4.133212566375732422e-02 2.106433734297752380e-03 3.599822754040360451e-03 6.801690440624952316e-03 2.846037596464157104e-02 1.463342644274234772e-02 2.038171887397766113e-02 3.754403442144393921e-02 1.507357321679592133e-02 2.145956084132194519e-02 3.111637663096189499e-03 2.897229045629501343e-02 1.466035842895507812e-03 3.137870505452156067e-02 8.641208708286285400e-02 5.571421608328819275e-02 1.297152787446975708e-02 2.771105151623487473e-03 4.513324052095413208e-02 1.707538962364196777e-02 1.018493250012397766e-02 2.869407646358013153e-03 2.584652788937091827e-02 2.933401055634021759e-02 1.228339411318302155e-02 2.716449089348316193e-02 1.284684892743825912e-02 1.821461692452430725e-02 2.302280254662036896e-02 1.361791789531707764e-02 2.815638110041618347e-02 3.700243681669235229e-02 4.868895187973976135e-02 3.923833370208740234e-02 1.337818615138530731e-02 1.836230419576168060e-02 6.716585252434015274e-03 9.598825126886367798e-03 5.048737395554780960e-03 2.786152064800262451e-03 2.455575391650199890e-03 1.532771717756986618e-02 1.636753045022487640e-02 7.349993567913770676e-03 4.104094207286834717e-02 1.318284962326288223e-02 4.509371891617774963e-02 4.553695395588874817e-02 8.240219950675964355e-02 1.147344335913658142e-02 3.272966295480728149e-02 2.160237915813922882e-02 3.114435356110334396e-03 2.132850699126720428e-02 4.201573505997657776e-02 3.398698195815086365e-02 4.856533557176589966e-02 4.303734749555587769e-02 9.542872011661529541e-02 5.759685859084129333e-02 2.076343260705471039e-02 4.492852091789245605e-02 6.618844345211982727e-03 1.897334679961204529e-02 3.740189597010612488e-02 3.727711364626884460e-02 6.899959407746791840e-03 4.447505250573158264e-02 2.907861769199371338e-02 5.519207566976547241e-02 2.917768247425556183e-02 1.299083419144153595e-02 4.777235537767410278e-02 8.951775729656219482e-03 2.134891413152217865e-02 3.941470757126808167e-02 3.620508313179016113e-02 1.166984159499406815e-02 1.536740548908710480e-02 1.414780132472515106e-02 1.429024036042392254e-03 2.950281091034412384e-02 8.731971494853496552e-03 2.183415181934833527e-02 1.490435795858502388e-03 4.026830196380615234e-02
3.871077671647071838e-02 4.008463025093078613e-02 2.235208870843052864e-03 1.129568461328744888e-02 5.220121517777442932e-02 2.321976050734519958e-02 9.673802182078361511e-03 1.512028276920318604e-02 3.666992858052253723e-02 4.510547220706939697e-02 8.083067089319229126e-02 3.418639674782752991e-02 5.566861629486083984e-01 2.976685948669910431e-02 4.948909208178520203e-02 2.473607473075389862e-02 3.285621106624603271e-02 2.547061257064342499e-02 3.508571162819862366e-02 6.180841010063886642e-04 8.794855326414108276e-03 2.661310322582721710e-02 3.865242702886462212e-03 1.264407206326723099e-02 2.480071038007736206e-02 1.134986989200115204e-02 1.189660467207431793e-02 8.306602016091346741e-03 3.419623151421546936e-02 4.844338167458772659e-03 5.962073802947998047e-02 9.107684716582298279e-03 3.790760785341262817e-02 1.401447318494319916e-02 4.514791537076234818e-03 1.363640557974576950e-02 6.534717045724391937e-03 1.099545508623123169e-02 3.119657933712005615e-02 1.323535107076168060e-02 6.803004071116447449e-04 2.568557299673557281e-02 6.976324366405606270e-04 1.907087676227092743e-02 4.195652529597282410e-02 5.347211286425590515e-02 2.099677175283432007e-02 2.489136159420013428e-02 1.773202605545520782e-02 3.304657340049743652e-02 1.480656396597623825e-02 5.958271678537130356e-03 7.174418307840824127e-03 1.260419003665447235e-02 7.555061951279640198e-03 3.317284956574440002e-02 1.947464980185031891e-02 1.717512682080268860e-02 3.157948143780231476e-03 7.650529965758323669e-03 3.068008460104465485e-02 4.376447945833206177e-02 2.413019351661205292e-02 1.237024832516908646e-02 2.012289315462112427e-02 3.640101477503776550e-02 9.331742301583290100e-03 2.104650717228651047e-03 1.526644453406333923e-02 6.077602505683898926e-03 1.041807420551776886e-02 5.767979659140110016e-03 4.259206727147102356e-02 9.807392023503780365e-03 2.692678011953830719e-02 1.282768230885267258e-02 2.144327200949192047e-02 2.161238156259059906e-02 2.172019891440868378e-02 2.836347557604312897e-02 4.971310030668973923e-03 9.172770660370588303e-04 9.585861116647720337e-03 7.108991965651512146e-03 3.454414429143071175e-03 1.635910756886005402e-02 2.882074192166328430e-02 1.951734162867069244e-02 4.412342607975006104e-02 3.563417866826057434e-02 3.803017362952232361e-02 1.831001229584217072e-02 2.861081995069980621e-02 1.719513535499572754e-02 2.684599719941616058e-02 3.559575229883193970e-02 4.421830922365188599e-02 2.161678299307823181e-02 3.074606880545616150e-02 1.914038136601448059e-02 3.939259331673383713e-03 1.475732191465795040e-03 3.591740131378173828e-02 1.772884093225002289e-02 1.339612435549497604e-02 1.155048981308937073e-02 9.943797253072261810e-03 1.914239674806594849e-02 6.988367065787315369e-03 6.053141318261623383e-03 2.434283122420310974e-02 1.150510180741548538e-02 1.970412209630012512e-03 2.416425151750445366e-03 3.655449673533439636e-02 3.407960757613182068e-02
