4.869662225246429443e-01 6.249452382326126099e-02 9.152817539870738983e-03 1.469145715236663818e-02 2.609703503549098969e-02 1.013808101415634155e-01 7.214491069316864014e-02 2.193537354469299316e-02 2.594618313014507294e-02 7.870811969041824341e-03 6.953793764114379883e-02 4.008527472615242004e-02 4.236374050378799438e-02 9.514342062175273895e-03 2.132942900061607361e-02 2.396860718727111816e-02 2.886302536353468895e-03 2.211621217429637909e-02 7.439190987497568130e-03 1.941316202282905579e-02 2.748260460793972015e-02 2.560934424400329590e-02 2.064843103289604187e-02 3.680301085114479065e-02 3.844157606363296509e-02 7.193874102085828781e-03 2.705723047256469727e-03 5.284911394119262695e-02 1.731568574905395508e-02 3.675586357712745667e-02 3.569587692618370056e-02 5.315614491701126099e-02 1.639138348400592804e-02 4.568313807249069214e-02 2.248644595965743065e-03 7.268174551427364349e-03 2.032836666330695152e-03 5.033559352159500122e-02 2.597403712570667267e-02 1.548058353364467621e-02 2.970664948225021362e-02 2.735679037868976593e-02 1.363336388021707535e-02 9.645659592933952808e-04 9.927984327077865601e-03 4.227612167596817017e-02 6.203778088092803955e-02 1.449830364435911179e-02 1.167407911270856857e-02 1.245803758502006531e-02 2.245481684803962708e-02 3.738149302080273628e-03 1.422243751585483551e-02 5.322097986936569214e-02 1.629397459328174591e-02 2.714204043149948120e-02 1.700176112353801727e-02 3.416248830035328865e-03 6.618971470743417740e-03 2.407557331025600433e-02 1.962987706065177917e-03 4.238478466868400574e-02 8.232645690441131592e-03 2.135822735726833344e-02 2.139203483238816261e-03 5.184222385287284851e-02 4.849480930715799332e-03 9.538985323160886765e-04 2.340756915509700775e-02 3.007906489074230194e-02 2.964226901531219482e-02 4.684487357735633850e-02 3.269539773464202881e-02 4.081794619560241699e-02 8.668867871165275574e-03 2.369171380996704102e-02 1.830084621906280518e-02 2.667210996150970459e-02 4.089064151048660278e-02 3.567093610763549805e-02 1.055134460330009460e-02 8.176944218575954437e-03 1.784243062138557434e-02 7.445696275681257248e-03 1.501863915473222733e-02 3.404235094785690308e-02 1.774755306541919708e-02 1.958989724516868591e-02 8.463807404041290283e-03 1.876220293343067169e-02 2.829186432063579559e-02 2.840133151039481163e-03 3.650305094197392464e-03 3.445192053914070129e-02 3.050881624221801758e-02 4.146989434957504272e-02 2.808883413672447205e-02 5.477957427501678467e-02 3.337738290429115295e-02 2.025347203016281128e-02 3.886758908629417419e-02 3.754721581935882568e-02 3.056806698441505432e-02 1.157685299403965473e-03 2.485539391636848450e-02 1.752843149006366730e-02 3.719546273350715637e-02 1.478092558681964874e-02 2.112026698887348175e-02 1.291737332940101624e-02 2.102568559348583221e-02 4.844950139522552490e-02 3.405683673918247223e-03 1.242918428033590317e-03 1.310771889984607697e-02 4.921318963170051575e-03
6.249452382326126099e-02 4.940420985221862793e-01 7.684445008635520935e-04 1.220787130296230316e-02 2.742951922118663788e-02 7.466115802526473999e-02 9.167128801345825195e-02 3.259653598070144653e-02 3.786468505859375000e-02 4.401717334985733032e-03 5.691660195589065552e-02 1.011585816740989685e-03 8.821508288383483887e-02 1.974744163453578949e-02 2.676629461348056793e-02 2.658002264797687531e-02 1.622229255735874176e-02 3.555183485150337219e-02 3.429585322737693787e-02 4.225191473960876465e-02 7.277884986251592636e-03 6.093379110097885132e-03 3.982223570346832275e-02 1.913353055715560913e-02 1.290563493967056274e-02 1.428615301847457886e-02 2.844288386404514313e-02 1.897337147966027260e-03 7.606641855090856552e-03 4.172005131840705872e-02 2.750119008123874664e-02 1.075681950896978378e-02 2.417849609628319740e-03 1.725368550978600979e-03 2.481228858232498169e-02 1.818098593503236771e-03 4.510160069912672043e-03 3.541281819343566895e-02 9.369372390210628510e-03 1.803939789533615112e-02 3.307491540908813477e-02 9.432504884898662567e-03 3.660118207335472107e-02 3.861226513981819153e-02 1.739540696144104004e-02 8.702461607754230499e-03 5.118024349212646484e-02 8.179019391536712646e-02 3.572765737771987915e-02 2.356699481606483459e-02 1.988327130675315857e-02 1.949748396873474121e-02 1.581748016178607941e-03 4.237254336476325989e-02 3.513772785663604736e-02 2.685873024165630341e-02 1.540006324648857117e-02 1.880461908876895905e-02 1.007804926484823227e-02 2.196536026895046234e-02 5.407840013504028320e-03 2.126314677298069000e-02 1.668155658990144730e-03 1.284139812923967838e-03 5.614457186311483383e-03 4.335370659828186035e-02 3.507990762591362000e-02 5.267670005559921265e-02 1.922834478318691254e-02 2.219466492533683777e-02 1.403040532022714615e-02 7.671287283301353455e-03 4.174505174160003662e-02 3.311301395297050476e-02 2.347693592309951782e-02 4.257352650165557861e-02 3.287088498473167419e-02 5.459359847009181976e-03 2.882432192564010620e-02 1.013302057981491089e-02 1.053164247423410416e-02 1.978105492889881134e-02 4.159952979534864426e-03 3.493177890777587891e-02 5.005987361073493958e-02 3.078283928334712982e-02 8.874565362930297852e-03 3.497891128063201904e-02 2.996066026389598846e-02 1.236407738178968430e-02 4.764206707477569580e-02 2.537254802882671356e-02 6.821805983781814575e-02 1.432055421173572540e-02 2.830969169735908508e-02 1.071244850754737854e-02 3.472152352333068848e-02 4.466778412461280823e-02 2.480187639594078064e-02 2.698046155273914337e-02 1.916499063372612000e-02 8.900546468794345856e-03 2.633356675505638123e-02 2.525747753679752350e-02 2.158204466104507446e-02 9.626252576708793640e-03 1.665752567350864410e-02 1.466713380068540573e-02 1.563423871994018555e-02 1.307742483913898468e-02 2.458660118281841278e-02 5.202635377645492554e-02 1.851542666554450989e-02 3.042903728783130646e-02 3.016713075339794159e-02 1.188659295439720154e-02
9.152817539870738983e-03 7.684445008635520935e-04 4.881462156772613525e-01 9.362813085317611694e-03 7.729506585747003555e-03 1.325962226837873459e-02 7.450878154486417770e-03 4.677855223417282104e-02 8.991047739982604980e-03 2.219408378005027771e-02 1.651685568504035473e-03 2.165438979864120483e-02 1.866255141794681549e-02 1.087927073240280151e-02 4.084352776408195496e-02 8.289462886750698090e-03 2.928150352090597153e-03 1.168179698288440704e-02 5.979876965284347534e-03 1.132520474493503571e-02 3.743187710642814636e-02 7.443064451217651367e-02 2.051108703017234802e-02 2.883266098797321320e-02 4.076430201530456543e-02 1.720397174358367920e-02 3.354093804955482483e-02 1.181785203516483307e-02 2.572402171790599823e-02 3.847341984510421753e-02 4.077356681227684021e-02 7.028657477349042892e-03 7.747473660856485367e-03 3.397605195641517639e-02 2.048124931752681732e-02 2.247743494808673859e-02 1.050728000700473785e-02 1.503628119826316833e-02 2.344852685928344727e-02 2.728878147900104523e-02 3.519555926322937012e-02 3.174601495265960693e-02 3.709789365530014038e-02 5.493976920843124390e-02 2.836957201361656189e-02 1.783987879753112793e-02 9.614526294171810150e-03 4.220097512006759644e-02 5.579825025051832199e-03 9.591552428901195526e-03 3.625167533755302429e-02 3.217046707868576050e-02 8.697087760083377361e-04 9.089188650250434875e-03 8.967604488134384155e-03 1.025627274066209793e-02 3.994484432041645050e-03 2.479628194123506546e-03 1.467832480557262897e-03 2.243812941014766693e-02 4.072257503867149353e-02 3.524111956357955933e-02 5.962206050753593445e-03 1.235096529126167297e-02 2.100449753925204277e-03 1.324427127838134766e-02 1.339469011873006821e-02 1.486969366669654846e-02 4.708849824965000153e-03 3.330651298165321350e-02 4.341438412666320801e-03 1.355906482785940170e-02 1.682493719272315502e-03 3.531246259808540344e-02 3.350668819621205330e-03 2.973780035972595215e-02 2.999155223369598389e-02 3.597051650285720825e-02 5.723452661186456680e-03 1.634097844362258911e-02 5.180087313055992126e-02 7.502789050340652466e-02 4.256971552968025208e-02 1.757331006228923798e-02 2.471661381423473358e-02 9.746415540575981140e-03 3.420326486229896545e-02 6.749180704355239868e-02 8.062535896897315979e-03 7.064709905534982681e-03 3.503657132387161255e-02 1.711821742355823517e-02 3.944533318281173706e-02 5.787566676735877991e-02 3.519848734140396118e-02 3.027942590415477753e-02 2.059496752917766571e-02 2.031114883720874786e-02 4.051437601447105408e-02 3.600024431943893433e-02 1.231718622148036957e-02 8.324789814651012421e-03 6.488040555268526077e-03 3.903821483254432678e-02 3.888391889631748199e-03 2.938257297500967979e-03 3.539478778839111328e-02 1.156610669568181038e-03 7.733631413429975510e-03 1.770472270436584949e-03 1.910464279353618622e-02 4.715810064226388931e-03 1.902420260012149811e-02 3.604019060730934143e-02 4.810401238501071930e-03 1.483375672250986099e-03
1.469145715236663818e-02 1.220787130296230316e-02 9.362813085317611694e-03 4.950206875801086426e-01 1.809099614620208740e-01 1.073332037776708603e-03 1.571124419569969177e-02 4.527192935347557068e-02 2.877654694020748138e-02 2.234131563454866409e-03 3.422878682613372803e-02 2.647984772920608521e-03 3.804293647408485413e-02 1.669260300695896149e-02 5.072696879506111145e-02 2.781386021524667740e-03 1.989228092133998871e-02 7.082732021808624268e-02 6.302706152200698853e-02 1.491807028651237488e-02 1.288116350769996643e-02 1.214131340384483337e-02 1.328994892537593842e-02 2.692737150937318802e-03 1.725464314222335815e-02 1.036769151687622070e-02 1.551276072859764099e-02 4.581960290670394897e-02 3.379877191036939621e-03 1.517135743051767349e-02 5.381749942898750305e-03 5.270700156688690186e-02 7.191654760390520096e-03 1.806436851620674133e-02 4.561537131667137146e-02 1.867712102830410004e-02 4.296921938657760620e-02 3.366498742252588272e-03 1.224597617983818054e-01 9.973806142807006836e-02 9.395041503012180328e-03 2.209235541522502899e-02 1.133394706994295120e-02 1.285574305802583694e-02 3.560537844896316528e-02 1.118539553135633469e-02 3.905685245990753174e-02 2.267500013113021851e-02 3.017525596078485250e-04 1.870676316320896149e-02 1.313200127333402634e-02 1.539856311865150928e-03 4.151151329278945923e-02 3.174303844571113586e-02 1.134085375815629959e-02 1.063846889883279800e-02 4.804517142474651337e-03 3.434842824935913086e-02 3.144298866391181946e-02 8.476725779473781586e-04 8.356177806854248047e-02 1.071010306477546692e-01 4.835456609725952148e-02 1.565115340054035187e-02 2.377565391361713409e-02 3.405249491333961487e-02 3.425602568313479424e-03 2.986389677971601486e-03 2.343514934182167053e-02 1.891075749881565571e-03 1.862915791571140289e-02 2.111742459237575531e-02 1.013563424348831177e-01 2.421481069177389145e-03 6.968153268098831177e-02 2.987604774534702301e-02 1.040318422019481659e-02 2.146032080054283142e-02 2.599344402551651001e-02 6.319094914942979813e-03 2.735936827957630157e-02 2.880798093974590302e-02 7.953631132841110229e-02 8.774301409721374512e-02 1.406614761799573898e-02 3.193252906203269958e-02 3.173567727208137512e-02 2.361805923283100128e-02 3.439687937498092651e-02 3.176644444465637207e-02 1.189115084707736969e-02 4.815439693629741669e-03 3.159535676240921021e-02 1.519360579550266266e-02 2.679944969713687897e-02 3.986145555973052979e-02 3.309264138806611300e-04 2.468464523553848267e-02 3.678074851632118225e-02 2.884066849946975708e-02 4.656778648495674133e-02 1.347784511744976044e-02 1.346923783421516418e-02 2.508996240794658661e-02 4.395067319273948669e-02 6.050757598131895065e-03 1.447641756385564804e-02 3.677447885274887085e-02 2.720650844275951385e-02 2.542467601597309113e-02 2.156628109514713287e-02 1.651790365576744080e-02 3.510070592164993286e-02 2.947738207876682281e-02 2.814010716974735260e-02 1.619702577590942383e-02
2.609703503549098969e-02 2.742951922118663788e-02 7.729506585747003555e-03 1.809099614620208740e-01 4.976224899291992188e-01 4.870015196502208710e-03 2.803073637187480927e-02 4.353910684585571289e-02 1.924559846520423889e-02 6.723188329488039017e-03 3.786223754286766052e-02 1.339955069124698639e-02 4.129404202103614807e-02 3.221230581402778625e-02 3.750236704945564270e-02 5.177740473300218582e-03 5.881126271560788155e-04 6.253314018249511719e-02 5.668298527598381042e-02 3.777235280722379684e-03 3.992193564772605896e-02 6.944995839148759842e-03 2.230473421514034271e-02 1.680076308548450470e-02 1.914357393980026245e-02 1.562767289578914642e-02 1.778769120573997498e-02 4.461332038044929504e-02 1.135025918483734131e-02 2.342270687222480774e-02 1.589043438434600830e-02 4.813726991415023804e-02 6.097134202718734741e-03 1.322488300502300262e-02 4.933869838714599609e-02 9.117002598941326141e-03 3.685928881168365479e-02 1.187117211520671844e-02 1.299618929624557495e-01 1.163139492273330688e-01 1.612982712686061859e-02 1.915944181382656097e-02 2.571097202599048615e-02 1.780370436608791351e-02 3.294681385159492493e-02 1.059115212410688400e-02 2.699765376746654510e-02 3.155167028307914734e-02 7.008322980254888535e-03 2.309457957744598389e-02 3.137312596663832664e-03 3.414137521758675575e-03 4.861743375658988953e-02 1.746822521090507507e-02 2.474957704544067383e-02 2.579760970547795296e-03 9.609895758330821991e-03 4.967062175273895264e-02 5.144347250461578369e-02 2.687094360589981079e-02 7.095823436975479126e-02 9.460312128067016602e-02 4.188241064548492432e-02 3.582594171166419983e-02 1.706066168844699860e-02 2.263593859970569611e-02 5.216559860855340958e-03 5.180692765861749649e-03 1.214812602847814560e-02 6.779028335586190224e-04 1.248418912291526794e-02 2.682238444685935974e-02 9.951593726873397827e-02 2.734210342168807983e-03 9.294743835926055908e-02 2.515214495360851288e-02 8.212014217860996723e-04 1.024011615663766861e-02 3.046162799000740051e-02 2.272036485373973846e-02 1.725991070270538330e-02 1.920679584145545959e-02 7.425257563591003418e-02 1.043058708310127258e-01 2.252276614308357239e-02 3.090767748653888702e-02 2.195383608341217041e-02 1.010164059698581696e-02 4.848460201174020767e-03 1.102254539728164673e-02 2.290225587785243988e-03 1.727616530843079090e-03 2.305454574525356293e-02 1.646981388330459595e-02 4.453344270586967468e-02 5.270592123270034790e-02 7.672604639083147049e-03 2.647851407527923584e-02 2.452805452048778534e-02 3.602163866162300110e-02 2.868839167058467865e-02 8.454157970845699310e-03 1.028080098330974579e-02 8.197724819183349609e-03 3.196380659937858582e-02 9.838305413722991943e-03 2.258447557687759399e-02 2.448871918022632599e-02 4.954467341303825378e-02 1.481763087213039398e-02 2.363899908959865570e-02 2.734334766864776611e-02 3.067561239004135132e-02 3.441445156931877136e-02 3.050233796238899231e-02 6.612958386540412903e-04
1.013808101415634155e-01 7.466115802526473999e-02 1.325962226837873459e-02 1.073332037776708603e-03 4.870015196502208710e-03 4.789851009845733643e-01 1.309069693088531494e-01 4.058549180626869202e-03 3.630120679736137390e-02 2.527013607323169708e-02 6.482285261154174805e-02 8.835738152265548706e-02 4.644852876663208008e-02 3.531552478671073914e-02 1.361845619976520538e-02 3.783914446830749512e-02 2.803630568087100983e-02 3.170999139547348022e-02 4.193533677607774734e-03 3.625021502375602722e-02 6.646451540291309357e-03 2.017604419961571693e-03 3.695193678140640259e-02 2.690597251057624817e-02 1.507578603923320770e-02 8.947282098233699799e-03 8.252967149019241333e-03 3.456577658653259277e-02 4.903779365122318268e-03 1.957772858440876007e-02 1.469232235103845596e-02 3.111758269369602203e-02 2.294459380209445953e-02 5.794738419353961945e-03 2.154145913664251566e-04 5.677358247339725494e-03 2.518024062737822533e-03 4.076542332768440247e-02 9.740083478391170502e-03 6.974251475185155869e-03 3.202099725604057312e-02 1.997352018952369690e-02 7.888683117926120758e-03 1.503618434071540833e-02 8.823583833873271942e-03 4.533989354968070984e-02 6.796414405107498169e-02 7.088367640972137451e-02 3.212057799100875854e-02 9.204024448990821838e-03 1.269170735031366348e-02 6.495739798992872238e-03 1.484926469856873155e-04 2.692326344549655914e-02 3.210839629173278809e-02 2.017404697835445404e-02 1.074511278420686722e-02 1.630902057513594627e-03 5.936421221122145653e-04 6.177217699587345123e-03 7.929447107017040253e-03 3.631597757339477539e-02 5.648085498251020908e-04 9.416706161573529243e-04 1.717519917292520404e-04 2.408515475690364838e-02 2.955563738942146301e-02 5.015142261981964111e-02 4.481337219476699829e-02 1.645998470485210419e-02 6.900298874825239182e-03 3.921831399202346802e-02 3.843468055129051208e-02 2.742434106767177582e-02 3.443089872598648071e-02 2.606010250747203827e-02 3.672461956739425659e-02 8.255785331130027771e-03 3.575634583830833435e-02 1.801219023764133453e-02 4.269146826118230820e-03 9.065319783985614777e-03 1.018490176647901535e-02 2.607049606740474701e-02 3.437820449471473694e-02 1.000213305815123022e-04 8.547321893274784088e-03 3.783951746299862862e-03 3.747927257791161537e-03 3.756340965628623962e-02 3.565750271081924438e-02 1.536274142563343048e-02 1.838817447423934937e-02 1.341001596301794052e-02 1.148296520113945007e-02 1.599207706749439240e-02 3.246172145009040833e-02 4.971873387694358826e-02 5.305860657244920731e-03 9.352845139801502228e-03 2.988034114241600037e-02 2.230312488973140717e-02 2.020492963492870331e-02 3.272659378126263618e-03 3.798205032944679260e-02 4.144303966313600540e-03 1.193999312818050385e-02 1.969753205776214600e-02 1.532044168561697006e-02 1.004439964890480042e-02 5.521211773157119751e-03 4.614346474409103394e-02 4.917794140055775642e-04 5.209750961512327194e-03 5.052667111158370972e-03 1.622266508638858795e-02
7.214491069316864014e-02 9.167128801345825195e-02 7.450878154486417770e-03 1.571124419569969177e-02 2.803073637187480927e-02 1.309069693088531494e-01 4.790165722370147705e-01 5.396126769483089447e-03 2.668164856731891632e-02 3.258413448929786682e-02 4.722542315721511841e-02 7.336659729480743408e-02 6.888040900230407715e-02 9.109035879373550415e-02 1.885165274143218994e-02 4.151388630270957947e-02 2.411470934748649597e-02 3.043797798454761505e-02 3.320813924074172974e-02 2.535910159349441528e-02 3.162788227200508118e-02 6.180315976962447166e-04 1.922135427594184875e-02 1.367510296404361725e-02 1.233206782490015030e-02 3.842855617403984070e-02 1.219888124614953995e-02 3.928734734654426575e-02 5.310826003551483154e-03 1.523013692349195480e-02 1.892860978841781616e-02 3.323971852660179138e-02 3.375279903411865234e-02 1.857301034033298492e-02 2.302232431247830391e-03 1.716018840670585632e-02 3.134239837527275085e-02 1.844440586864948273e-02 4.677452147006988525e-03 2.892321441322565079e-03 2.576709166169166565e-02 2.218493446707725525e-02 4.025362804532051086e-02 3.575456514954566956e-02 2.282737754285335541e-02 1.289943326264619827e-02 3.497095778584480286e-02 1.495098769664764404e-01 3.881264850497245789e-02 4.641414061188697815e-02 2.338020689785480499e-02 3.858428075909614563e-02 2.371213771402835846e-02 9.490745142102241516e-03 3.376661613583564758e-02 1.228882931172847748e-02 1.141420565545558929e-02 6.386401131749153137e-03 1.318656746298074722e-02 1.488117128610610962e-02 6.702897138893604279e-03 3.077933937311172485e-02 2.892566286027431488e-02 2.923236042261123657e-02 1.675666077062487602e-03 1.969389989972114563e-02 4.433526098728179932e-02 9.460407309234142303e-03 4.584923386573791504e-03 2.509493613615632057e-03 3.865510225296020508e-02 2.462187223136425018e-02 1.835708133876323700e-02 2.004720084369182587e-02 2.308661304414272308e-02 4.335220903158187866e-02 3.459218714851886034e-04 3.955335170030593872e-02 2.473237551748752594e-02 3.055074997246265411e-02 7.862887345254421234e-03 1.304596103727817535e-02 2.708161016926169395e-03 3.967344760894775391e-02 1.960753463208675385e-02 4.617568850517272949e-02 4.090008791536092758e-03 1.074798591434955597e-02 9.127527475357055664e-03 4.081356525421142578e-02 1.803817786276340485e-02 2.517759241163730621e-02 4.944671690464019775e-02 3.724302724003791809e-02 1.248429622501134872e-02 5.722321569919586182e-03 3.216067701578140259e-02 4.584326967597007751e-02 2.168761333450675011e-03 2.306050807237625122e-02 4.049789160490036011e-02 1.641468703746795654e-02 3.982673864811658859e-03 6.103689782321453094e-03 5.463724583387374878e-02 2.330232039093971252e-02 8.116415119729936123e-04 2.657492086291313171e-02 3.865725593641400337e-03 1.354821026325225830e-02 7.738562766462564468e-03 4.934576898813247681e-02 3.952715918421745300e-02 3.090768307447433472e-02 1.517407409846782684e-02 2.645154297351837158e-02
2.193537354469299316e-02 3.259653598070144653e-02 4.677855223417282104e-02 4.527192935347557068e-02 4.353910684585571289e-02 4.058549180626869202e-03 5.396126769483089447e-03 4.964059293270111084e-01 3.988787531852722168e-02 1.532945688813924789e-02 2.298010326921939850e-02 3.024216368794441223e-02 3.654423356056213379e-02 4.327558353543281555e-02 5.122448503971099854e-02 5.353150889277458191e-03 7.117143832147121429e-03 3.535448759794235229e-02 1.187822408974170685e-02 2.359510399401187897e-02 1.275812927633523941e-02 2.811004407703876495e-02 2.140485495328903198e-02 2.729539014399051666e-02 4.160254076123237610e-02 5.207498092204332352e-03 1.940664835274219513e-02 1.342756021767854691e-02 3.485977277159690857e-02 1.713849790394306183e-02 2.876157872378826141e-02 1.592811010777950287e-02 2.006098628044128418e-02 3.463460877537727356e-02 3.191681951284408569e-02 1.020591240376234055e-02 1.932814484462141991e-03 1.479044929146766663e-02 4.592678695917129517e-02 6.053633987903594971e-03 9.281092323362827301e-03 2.085907757282257080e-02 3.502869233489036560e-02 7.737470441497862339e-04 3.434666246175765991e-02 3.869488835334777832e-02 9.440446272492408752e-03 2.046079561114311218e-02 1.597316935658454895e-02 5.109531804919242859e-03 2.526387199759483337e-02 2.821536362171173096e-02 2.038685977458953857e-02 4.722039774060249329e-02 1.186723075807094574e-02 2.822933252900838852e-03 1.593033410608768463e-02 2.043759264051914215e-02 2.496727183461189270e-02 4.001152515411376953e-02 1.597041822969913483e-02 4.023166373372077942e-02 1.980651542544364929e-02 1.802250556647777557e-02 1.680856657912954688e-04 1.345166191458702087e-02 1.316321454942226410e-02 2.619902603328227997e-02 3.256480267737060785e-04 4.170247167348861694e-02 1.964802294969558716e-02 2.716467529535293579e-02 9.596437215805053711e-03 3.722571209073066711e-02 7.971008308231830597e-03 2.527986094355583191e-02 2.535719797015190125e-02 1.481335051357746124e-02 2.525951154530048370e-02 9.433677420020103455e-03 4.662437736988067627e-02 4.959641769528388977e-02 4.069463163614273071e-02 1.387043949216604233e-02 2.034777216613292694e-02 1.166036911308765411e-02 3.316313773393630981e-02 4.600513353943824768e-02 8.283693343400955200e-03 2.357883378863334656e-02 3.826306900009512901e-03 1.522899232804775238e-02 4.287959600333124399e-04 6.623319350183010101e-03 3.300117701292037964e-02 3.416324034333229065e-02 3.202781826257705688e-02 2.007410116493701935e-02 1.302768476307392120e-02 2.529379352927207947e-02 3.628678619861602783e-02 2.836075425148010254e-02 2.212265133857727051e-02 4.491357505321502686e-02 1.317972503602504730e-02 3.173065930604934692e-02 1.361668691970407963e-03 4.462616518139839172e-03 8.772185072302818298e-03 2.022248227149248123e-03 1.227998640388250351e-02 3.425205126404762268e-02 3.468465758487582207e-03 3.382750973105430603e-02 2.300402522087097168e-02 1.571507751941680908e-02
2.594618313014507294e-02 3.786468505859375000e-02 8.991047739982604980e-03 2.877654694020748138e-02 1.924559846520423889e-02 3.630120679736137390e-02 2.668164856731891632e-02 3.988787531852722168e-02 4.960297644138336182e-01 1.100434139370918274e-01 1.193756610155105591e-02 7.689464371651411057e-03 4.045370221138000488e-02 1.294660568237304688e-02 3.579414263367652893e-02 4.447664134204387665e-03 4.124780744314193726e-02 2.024601399898529053e-02 4.465373232960700989e-02 9.395448490977287292e-03 2.333157509565353394e-02 9.302793070673942566e-03 8.259228430688381195e-03 3.117438638582825661e-03 4.039382562041282654e-02 1.698252372443675995e-02 2.814615145325660706e-02 3.104659728705883026e-02 9.648154373280704021e-04 4.189363867044448853e-02 6.396480649709701538e-02 3.952949866652488708e-02 3.532666340470314026e-02 6.490451283752918243e-03 1.772735267877578735e-02 3.301231889054179192e-03 3.131530806422233582e-02 1.584514044225215912e-02 2.221273258328437805e-02 2.932374738156795502e-02 3.397918120026588440e-02 1.483409851789474487e-01 6.190944090485572815e-02 8.776164613664150238e-03 8.476785570383071899e-02 4.573186859488487244e-02 3.969291597604751587e-02 2.404832653701305389e-02 1.815723069012165070e-02 4.195791110396385193e-02 1.389249879866838455e-02 3.207419812679290771e-02 3.117992915213108063e-02 3.009980916976928711e-02 3.145032003521919250e-02 3.459263592958450317e-02 1.353175379335880280e-02 7.960640825331211090e-03 3.277158364653587341e-02 2.429996989667415619e-02 3.486284986138343811e-02 1.198996417224407196e-02 3.943935036659240723e-02 2.900312840938568115e-02 1.936616934835910797e-02 2.148035354912281036e-02 4.114964604377746582e-02 1.176841557025909424e-02 8.202063292264938354e-02 1.751186139881610870e-02 4.900812730193138123e-02 3.472828073427081108e-03 4.764750972390174866e-02 2.002971433103084564e-02 3.925829008221626282e-02 3.048942983150482178e-02 2.082512378692626953e-01 1.485557258129119873e-01 1.630949229001998901e-02 5.094899982213973999e-02 2.290258370339870453e-02 1.320544444024562836e-02 2.805455215275287628e-02 1.368349976837635040e-02 1.184968743473291397e-02 2.745746076107025146e-02 3.692945092916488647e-02 9.513325057923793793e-03 2.787219360470771790e-02 1.380226749461144209e-04 2.133007533848285675e-02 3.249704837799072266e-02 1.269096042960882187e-02 2.248867973685264587e-02 1.182257942855358124e-02 2.901472710072994232e-02 5.717320367693901062e-03 4.235920496284961700e-03 1.524767428636550903e-01 1.186231225728988647e-01 3.446710482239723206e-02 4.044062644243240356e-02 6.473159417510032654e-03 1.113076508045196533e-02 2.231349796056747437e-02 2.462734282016754150e-02 1.226112362928688526e-03 2.781617082655429840e-02 2.696193568408489227e-02 3.408098593354225159e-02 2.216989360749721527e-02 2.928053773939609528e-02 2.005918323993682861e-02 3.656702861189842224e-02 2.996512874960899353e-02 1.440719980746507645e-02
7.870811969041824341e-03 4.401717334985733032e-03 2.219408378005027771e-02 2.234131563454866409e-03 6.723188329488039017e-03 2.527013607323169708e-02 3.258413448929786682e-02 1.532945688813924789e-02 1.100434139370918274e-01 4.756646454334259033e-01 1.049518678337335587e-02 2.041225135326385498e-02 6.336341146379709244e-03 1.476719789206981659e-02 1.251500332728028297e-03 4.323276504874229431e-02 3.566325455904006958e-02 4.970688372850418091e-02 6.889025121927261353e-02 1.101753488183021545e-02 2.611768990755081177e-02 1.838552393019199371e-02 9.921862510964274406e-04 2.211255580186843872e-02 3.519590944051742554e-02 3.602808341383934021e-02 1.412452664226293564e-02 1.251178421080112457e-02 1.944395899772644043e-02 1.592096127569675446e-02 2.103450149297714233e-02 2.966970205307006836e-02 1.388267520815134048e-02 3.657225146889686584e-02 2.981385961174964905e-02 2.890513837337493896e-02 1.249757688492536545e-02 3.674122318625450134e-02 1.131105888634920120e-02 3.355745226144790649e-02 3.140768408775329590e-02 4.868387058377265930e-02 9.230050444602966309e-02 4.085643589496612549e-02 1.018660888075828552e-02 3.791221976280212402e-02 8.749724365770816803e-03 1.785104721784591675e-02 3.876629844307899475e-02 5.328043922781944275e-02 4.093417897820472717e-02 2.379328943789005280e-02 2.317190729081630707e-02 2.439670264720916748e-02 1.017763540148735046e-01 9.571380913257598877e-02 4.163932800292968750e-02 2.972252108156681061e-02 3.278921591117978096e-03 1.884932257235050201e-02 7.538269739598035812e-03 4.301227629184722900e-02 1.625089533627033234e-02 3.541317582130432129e-02 2.357436157763004303e-02 3.982549160718917847e-02 2.975127473473548889e-02 3.533680737018585205e-02 6.307087093591690063e-02 2.441853284835815430e-02 8.482345938682556152e-02 9.730009362101554871e-03 4.159503802657127380e-02 2.138974703848361969e-02 1.869407296180725098e-02 3.695289418101310730e-02 5.470011010766029358e-02 1.425202488899230957e-01 7.656158506870269775e-02 1.309627890586853027e-01 1.451137010008096695e-02 3.127846866846084595e-02 2.770664170384407043e-02 5.213120579719543457e-02 4.615210741758346558e-02 1.528061809949576855e-03 8.876473642885684967e-03 3.353387489914894104e-02 3.864067420363426208e-02 2.196632511913776398e-02 3.360637649893760681e-02 3.171959891915321350e-02 6.344042718410491943e-03 3.717366233468055725e-02 4.610835388302803040e-02 3.607408702373504639e-02 2.302740514278411865e-02 3.356954827904701233e-02 7.487419992685317993e-02 6.232421845197677612e-02 1.156441681087017059e-02 7.185710594058036804e-03 8.446972817182540894e-03 1.842824369668960571e-02 2.500786818563938141e-02 2.576648443937301636e-02 7.000242825597524643e-03 3.697551041841506958e-02 2.521648257970809937e-02 4.988810047507286072e-02 1.431250199675559998e-02 3.375252708792686462e-02 1.141618564724922180e-02 2.711704932153224945e-02 1.606658287346363068e-02 6.704140454530715942e-03
6.953793764114379883e-02 5.691660195589065552e-02 1.651685568504035473e-03 3.422878682613372803e-02 3.786223754286766052e-02 6.482285261154174805e-02 4.722542315721511841e-02 2.298010326921939850e-02 1.193756610155105591e-02 1.049518678337335587e-02 4.965867102146148682e-01 8.863043971359729767e-03 5.121267959475517273e-02 3.914571553468704224e-02 1.806672662496566772e-02 1.509337592869997025e-02 9.122889488935470581e-03 2.437927573919296265e-02 2.686263760551810265e-03 3.646929189562797546e-02 3.820105269551277161e-02 1.401937101036310196e-02 9.296539239585399628e-03 3.855131566524505615e-02 3.519455716013908386e-02 3.442892059683799744e-02 4.222114570438861847e-03 5.247364751994609833e-03 1.543584931641817093e-02 8.013576269149780273e-03 1.002444699406623840e-02 1.263910159468650818e-02 7.624408230185508728e-03 3.650215640664100647e-02 1.538957282900810242e-02 1.473008072935044765e-03 2.947346307337284088e-03 2.546056360006332397e-02 2.758896537125110626e-02 8.632192388176918030e-03 8.270361460745334625e-03 4.643091186881065369e-02 2.346916124224662781e-02 4.025065805763006210e-03 7.187269628047943115e-03 3.313954919576644897e-02 5.912709236145019531e-02 1.252104062587022781e-02 1.341742090880870819e-02 7.314562797546386719e-03 1.384576316922903061e-02 2.539318287745118141e-03 1.919298246502876282e-02 3.067282214760780334e-02 8.979691192507743835e-03 3.216778114438056946e-02 1.654503680765628815e-02 2.434556605294346809e-03 1.268664654344320297e-02 1.582814194262027740e-02 5.924022756516933441e-03 4.332851245999336243e-02 1.070191618055105209e-02 7.457126630470156670e-04 2.787800133228302002e-02 2.589906938374042511e-02 1.762021146714687347e-02 9.023132151924073696e-04 3.883372247219085693e-02 7.793046068400144577e-03 1.484270580112934113e-02 5.393417086452245712e-03 3.156484290957450867e-02 1.915575936436653137e-02 1.590857654809951782e-02 2.812206558883190155e-02 1.864592730998992920e-02 2.456301264464855194e-02 4.125156626105308533e-02 3.460627794265747070e-02 1.623578369617462158e-02 1.142908353358507156e-02 3.535785526037216187e-02 1.794283092021942139e-02 1.460431888699531555e-02 4.895457532256841660e-03 2.102639153599739075e-02 2.291255630552768707e-02 3.472850099205970764e-02 1.195657998323440552e-03 4.152499511837959290e-02 1.159967761486768723e-02 4.364163614809513092e-03 1.820605620741844177e-02 4.064513742923736572e-02 3.327888250350952148e-02 1.572813093662261963e-02 3.681470453739166260e-02 4.288689419627189636e-02 3.905648738145828247e-02 1.994735188782215118e-02 2.779394015669822693e-02 1.369188074022531509e-02 4.741347208619117737e-02 9.737973101437091827e-03 1.544895395636558533e-02 1.174825150519609451e-02 6.191136315464973450e-03 2.827255055308341980e-02 2.896245568990707397e-02 8.862226270139217377e-03 1.495916955173015594e-02 8.342214860022068024e-03 1.998499967157840729e-02 1.144423265941441059e-03 2.899961918592453003e-02
4.008527472615242004e-02 1.011585816740989685e-03 2.165438979864120483e-02 2.647984772920608521e-03 1.339955069124698639e-02 8.835738152265548706e-02 7.336659729480743408e-02 3.024216368794441223e-02 7.689464371651411057e-03 2.041225135326385498e-02 8.863043971359729767e-03 4.742031395435333252e-01 1.760857366025447845e-02 3.204155266284942627e-01 3.459537774324417114e-02 1.142141968011856079e-02 2.148132584989070892e-02 4.515292122960090637e-03 1.121280342340469360e-02 9.038398042321205139e-03 4.783199634402990341e-03 1.029308885335922241e-02 6.600621342658996582e-02 7.948703318834304810e-02 1.483100187033414841e-02 2.862447872757911682e-03 4.343322652857750654e-04 6.813339889049530029e-02 3.473236411809921265e-02 1.183068156242370605e-01 8.551242761313915253e-03 1.360362209379673004e-02 6.144663318991661072e-03 2.033286541700363159e-02 1.423144829459488392e-03 1.381937973201274872e-02 3.018103167414665222e-02 2.967865951359272003e-02 4.796740598976612091e-03 3.532541915774345398e-02 1.556086819618940353e-02 2.896270249038934708e-03 4.609121941030025482e-03 2.178823389112949371e-02 2.428206428885459900e-02 3.640880435705184937e-02 3.904422046616673470e-03 6.890007853507995605e-02 3.492062911391258240e-02 3.332582488656044006e-02 3.954133763909339905e-02 5.644815415143966675e-02 1.486870739609003067e-02 3.616254776716232300e-02 2.376752719283103943e-02 1.613653264939785004e-02 2.849603071808815002e-02 4.137560725212097168e-02 2.740480378270149231e-02 3.279829025268554688e-02 1.981044188141822815e-02 9.291541762650012970e-03 2.151180990040302277e-02 1.930858008563518524e-02 3.750155493617057800e-02 1.459631696343421936e-02 3.325103223323822021e-02 1.878902129828929901e-02 3.707811236381530762e-02 1.726566813886165619e-02 3.820180427283048630e-03 9.588251821696758270e-03 2.041654288768768311e-02 1.651239767670631409e-02 1.430462393909692764e-02 2.772690169513225555e-02 3.115133754909038544e-02 3.183206543326377869e-02 1.984058879315853119e-02 2.917672321200370789e-02 3.320950269699096680e-02 3.637498244643211365e-02 2.153224125504493713e-02 3.571929037570953369e-02 1.872210018336772919e-02 3.009947575628757477e-02 3.660728782415390015e-02 2.904045954346656799e-02 6.841413676738739014e-02 1.070621088147163391e-01 2.811487764120101929e-02 3.482941165566444397e-02 1.279591000638902187e-03 1.305223908275365829e-02 2.247691154479980469e-04 1.763861440122127533e-02 1.279310788959264755e-02 1.877989852800965309e-03 4.461953043937683105e-02 5.063767731189727783e-02 3.475270047783851624e-02 2.346218191087245941e-02 2.853132039308547974e-02 2.595866657793521881e-02 5.128738470375537872e-03 1.154165598563849926e-03 2.486572973430156708e-02 1.621886715292930603e-02 3.739654645323753357e-02 3.867397829890251160e-02 1.611545495688915253e-02 3.054860979318618774e-02 1.597367413341999054e-02 2.991925738751888275e-02 2.433857321739196777e-02 1.306175291538238525e-01
4.236374050378799438e-02 8.821508288383483887e-02 1.866255141794681549e-02 3.804293647408485413e-02 4.129404202103614807e-02 4.644852876663208008e-02 6.888040900230407715e-02 3.654423356056213379e-02 4.045370221138000488e-02 6.336341146379709244e-03 5.121267959475517273e-02 1.760857366025447845e-02 4.947854280471801758e-01 6.334783509373664856e-03 2.971509471535682678e-02 2.563891001045703888e-02 1.965018548071384430e-02 4.068816453218460083e-02 4.204932227730751038e-02 4.117039591073989868e-02 1.274565793573856354e-02 8.396624587476253510e-03 3.825310990214347839e-02 2.439568191766738892e-02 1.632395014166831970e-02 1.342871575616300106e-03 2.201597206294536591e-02 3.095968067646026611e-02 1.642318442463874817e-03 1.502248086035251617e-02 2.780093997716903687e-02 8.385412511415779591e-04 3.783628344535827637e-03 9.653683751821517944e-03 2.218466252088546753e-02 6.726270657964050770e-04 6.770834792405366898e-03 2.506134100258350372e-02 2.309043891727924347e-02 1.373364869505167007e-02 2.040654420852661133e-02 1.630445942282676697e-02 1.832214184105396271e-02 2.589883841574192047e-02 1.475920993834733963e-02 6.390645634382963181e-03 4.525260627269744873e-02 7.373033463954925537e-02 3.362340480089187622e-02 1.864750124514102936e-02 1.780569367110729218e-02 2.972928248345851898e-02 4.685671534389257431e-03 3.455021604895591736e-02 3.158022463321685791e-02 2.773406915366649628e-02 6.494287401437759399e-03 1.163720432668924332e-02 1.960838999366387725e-04 3.013216890394687653e-02 6.454618182033300400e-03 2.155209891498088837e-02 9.652731940150260925e-03 1.215317752212285995e-03 1.123107131570577621e-02 6.025432795286178589e-02 3.728333115577697754e-02 4.067221656441688538e-02 1.331262057647109032e-03 3.004673495888710022e-02 2.806592918932437897e-02 2.563224174082279205e-02 2.634620852768421173e-02 3.767207637429237366e-02 2.187912538647651672e-02 4.873439669609069824e-02 2.471123263239860535e-02 6.244552787393331528e-03 2.594040893018245697e-02 9.895198978483676910e-03 1.715008355677127838e-02 4.102916270494461060e-02 1.601306349039077759e-02 3.556967526674270630e-02 4.832280427217483521e-02 2.412890642881393433e-02 1.221008691936731339e-02 6.157934665679931641e-02 4.174769669771194458e-02 3.081822022795677185e-02 4.490695148706436157e-02 1.793485693633556366e-02 7.319093495607376099e-02 1.050178054720163345e-02 2.851733751595020294e-02 1.495493808761239052e-03 3.398410975933074951e-02 3.859918192028999329e-02 3.227745741605758667e-02 3.304160758852958679e-02 9.997621964430436492e-05 1.438476960174739361e-03 2.720910869538784027e-02 4.387162253260612488e-02 1.131018716841936111e-02 3.700919216498732567e-03 4.446623474359512329e-02 1.097158808261156082e-02 1.584135740995407104e-02 7.990392856299877167e-03 2.495567314326763153e-02 3.734427690505981445e-02 3.496007248759269714e-02 9.760080836713314056e-03 3.647996857762336731e-02 2.067269012331962585e-02
