4.777280688285827637e-01 1.330500394105911255e-01 2.737839519977569580e-02 6.891035009175539017e-03 1.253927312791347504e-02 7.796704024076461792e-02 1.896369270980358124e-03 3.937277197837829590e-02 1.167698111385107040e-02 3.916608914732933044e-02 6.310270726680755615e-02 2.063762769103050232e-02 2.907183207571506500e-02 1.686199195683002472e-02 4.408062621951103210e-02 2.170208841562271118e-03 1.884525269269943237e-02 8.558684028685092926e-03 3.228925168514251709e-02 1.817525364458560944e-02 2.275742776691913605e-02 2.375786937773227692e-02 4.196946695446968079e-02 4.556229338049888611e-02 1.046371646225452423e-02 7.886319421231746674e-03 3.525338321924209595e-02 4.350937157869338989e-02 3.666775883175432682e-04 2.267460338771343231e-02 1.450822339393198490e-03 1.293298229575157166e-02 7.114809006452560425e-03 4.055833443999290466e-02 9.318854659795761108e-03 1.379540422931313515e-03 6.726688705384731293e-03 3.783719986677169800e-02 6.411115638911724091e-03 1.825816929340362549e-02 9.464524686336517334e-03 1.645857840776443481e-02 2.698380686342716217e-02 3.809534758329391479e-02 3.143252432346343994e-02 5.017428845167160034e-02 1.505598332732915878e-02 2.495370432734489441e-02 2.709522098302841187e-02 2.793929167091846466e-02 1.363942679017782211e-02 2.659461274743080139e-02 2.140918560326099396e-02 4.441695660352706909e-02 6.782106589525938034e-03 6.080830935388803482e-03 8.126536849886178970e-04 2.502631396055221558e-03 5.156832188367843628e-02 4.805556312203407288e-02 4.170490428805351257e-04 1.821170747280120850e-02 1.002537785097956657e-03 4.228593781590461731e-03 2.036829479038715363e-02 7.398335728794336319e-03 3.088914789259433746e-02 5.986526235938072205e-02 4.528962448239326477e-02 3.918866440653800964e-02 1.396716665476560593e-02 3.005458787083625793e-02 2.154049091041088104e-02 4.552255570888519287e-02 4.161341581493616104e-03 5.266187340021133423e-02 3.777375211939215660e-03 3.904361650347709656e-02 4.618497565388679504e-02 9.266819804906845093e-03 3.963872790336608887e-02 5.809779744595289230e-03 2.272775955498218536e-02 3.622883185744285583e-02 3.512648865580558777e-02 1.358777750283479691e-02 4.687242954969406128e-02 1.857623830437660217e-02 9.860125370323657990e-03 4.787884280085563660e-02 2.355915680527687073e-02 1.565244514495134354e-03 2.796318940818309784e-02 1.141209993511438370e-02 3.235736116766929626e-02 3.241606056690216064e-02 3.316963836550712585e-02 7.876580581068992615e-03 3.659696877002716064e-02 3.915665298700332642e-02 3.369837300851941109e-03 4.723014717455953360e-04 1.252333447337150574e-02 2.011437714099884033e-02 4.209816921502351761e-03 1.376245170831680298e-02 3.367037745192646980e-03 7.110356818884611130e-03 2.545902505517005920e-02 2.033250592648983002e-02 4.211678635329008102e-03 2.057329006493091583e-02 2.314358763396739960e-02 2.257048338651657104e-02 1.735148206353187561e-02 0.000000000000000000e+00
1.330500394105911255e-01 4.693741798400878906e-01 3.019272908568382263e-02 2.491983212530612946e-02 2.793239802122116089e-02 1.020653694868087769e-01 6.818004697561264038e-02 1.936310436576604843e-03 4.889988340437412262e-03 1.281597465276718140e-02 4.965958744287490845e-02 2.752130851149559021e-02 7.592814415693283081e-02 2.436303719878196716e-02 9.611479938030242920e-03 4.910752642899751663e-03 1.810087263584136963e-02 1.515630632638931274e-02 1.603217970114201307e-04 1.099437754601240158e-02 2.148644812405109406e-02 9.653760120272636414e-03 2.586006559431552887e-02 4.804644361138343811e-02 6.621129345148801804e-03 2.744945511221885681e-02 4.098176583647727966e-02 3.521424531936645508e-02 1.427934691309928894e-02 5.164459580555558205e-04 2.988468669354915619e-02 7.844287902116775513e-03 9.376355446875095367e-04 1.470619253814220428e-02 2.078288234770298004e-03 2.605798467993736267e-02 2.695433795452117920e-02 1.173128932714462280e-02 2.115315385162830353e-02 4.395718500018119812e-02 1.325855404138565063e-02 1.487360056489706039e-02 1.707288809120655060e-02 4.995055869221687317e-02 2.702562138438224792e-02 5.162743851542472839e-02 2.265732549130916595e-02 4.563960805535316467e-02 3.600462153553962708e-02 1.354022650048136711e-03 1.034099981188774109e-02 3.488981723785400391e-02 6.930893752723932266e-03 2.621010877192020416e-02 2.795206848531961441e-03 4.081972315907478333e-02 5.259604193270206451e-03 8.671793155372142792e-03 3.958822414278984070e-02 4.001629352569580078e-02 1.118725351989269257e-02 1.260045263916254044e-02 9.273595642298460007e-04 3.351930528879165649e-03 1.889865472912788391e-02 3.568496927618980408e-02 2.200256660580635071e-02 1.228684931993484497e-02 4.581594839692115784e-02 3.296195715665817261e-02 2.421110309660434723e-02 3.160218149423599243e-02 1.349534839391708374e-02 2.742793643847107887e-03 1.511747104814276099e-04 3.523262962698936462e-02 1.471760217100381851e-03 3.234492614865303040e-02 3.341017663478851318e-02 6.357938982546329498e-03 9.888687171041965485e-03 1.136547420173883438e-02 3.759942948818206787e-02 7.971243001520633698e-03 5.448757484555244446e-02 3.610439598560333252e-02 1.368113979697227478e-02 1.360443979501724243e-02 1.681090891361236572e-02 5.298997834324836731e-02 1.823368296027183533e-02 5.307890009135007858e-03 5.382379516959190369e-02 6.770253181457519531e-03 4.687431827187538147e-02 3.001535683870315552e-02 2.363407984375953674e-02 2.238420955836772919e-02 1.095908042043447495e-02 1.923301443457603455e-02 1.830670423805713654e-02 2.408574102446436882e-03 1.223266031593084335e-02 2.950585680082440376e-03 1.833399944007396698e-02 1.363512407988309860e-02 4.890342056751251221e-02 9.086879901587963104e-03 1.295843906700611115e-02 4.898020997643470764e-03 9.635864757001399994e-03 2.069778926670551300e-02 3.056018054485321045e-02 5.742151755839586258e-03 8.941723965108394623e-03 0.000000000000000000e+00
2.737839519977569580e-02 3.019272908568382263e-02 4.505533277988433838e-01 2.944391965866088867e-02 1.023292262107133865e-02 6.230200175195932388e-03 1.015798281878232956e-02 2.334342300891876221e-01 1.768970303237438202e-02 1.457787118852138519e-03 9.138168767094612122e-03 4.152100905776023865e-02 1.920202001929283142e-02 4.341292660683393478e-03 7.761814631521701813e-03 4.051655530929565430e-02 3.549569845199584961e-02 1.908389269374310970e-03 3.720434755086898804e-02 4.325067624449729919e-02 2.432165853679180145e-02 3.918547183275222778e-03 2.456969954073429108e-02 2.243483252823352814e-02 2.553890086710453033e-02 4.678627941757440567e-03 1.534127350896596909e-02 9.671564213931560516e-03 4.601452499628067017e-02 3.061376512050628662e-02 5.830977112054824829e-03 1.725106500089168549e-02 3.007648512721061707e-02 2.908164449036121368e-02 1.426685508340597153e-02 1.378434826619923115e-03 1.381124742329120636e-02 3.287440910935401917e-02 3.357409313321113586e-02 1.151093188673257828e-02 1.313970889896154404e-02 1.181191764771938324e-02 2.364422380924224854e-02 5.858960375189781189e-02 4.063738510012626648e-02 3.825042024254798889e-02 1.954822614789009094e-02 2.814035676419734955e-02 3.467846289277076721e-02 1.397782750427722931e-02 3.277970850467681885e-02 3.295512124896049500e-02 9.493682533502578735e-03 6.138693541288375854e-03 1.455500954762101173e-03 2.476527169346809387e-02 6.906677503138780594e-03 9.474070742726325989e-03 3.182350844144821167e-02 2.088518114760518074e-03 3.519163280725479126e-02 2.818264998495578766e-02 3.274045884609222412e-02 1.004548557102680206e-02 3.150407597422599792e-02 1.347725372761487961e-02 3.402434289455413818e-02 2.850695699453353882e-02 2.778939157724380493e-02 1.729786954820156097e-02 3.043387085199356079e-02 3.941019624471664429e-02 1.979092368856072426e-03 2.952301315963268280e-02 1.015821751207113266e-02 2.982259355485439301e-02 2.783966623246669769e-02 3.135289996862411499e-02 2.836472168564796448e-02 7.385645061731338501e-03 1.989612281322479248e-01 9.723999351263046265e-02 2.287402376532554626e-02 3.520242869853973389e-02 2.083272300660610199e-02 4.424994345754384995e-03 5.018755421042442322e-02 1.365372538566589355e-02 8.104131557047367096e-03 1.126242335885763168e-02 2.346005104482173920e-02 2.884394302964210510e-02 3.668685629963874817e-02 2.194924838840961456e-02 1.629523001611232758e-02 6.965373642742633820e-03 8.834510110318660736e-03 1.313151326030492783e-02 2.104110270738601685e-02 2.841645665466785431e-02 1.670426875352859497e-02 2.642599865794181824e-02 6.792424712330102921e-03 4.265206307172775269e-02 3.238840028643608093e-02 3.444486483931541443e-02 4.164917394518852234e-02 3.802248835563659668e-02 4.167081788182258606e-02 2.814555773511528969e-04 5.989039316773414612e-02 7.602659054100513458e-03 1.026322948746383190e-03 2.710841223597526550e-02 7.148031145334243774e-02 0.000000000000000000e+00
6.891035009175539017e-03 2.491983212530612946e-02 2.944391965866088867e-02 4.907835423946380615e-01 1.421546638011932373e-01 8.371948264539241791e-03 3.748797997832298279e-02 1.111431978642940521e-02 3.644748032093048096e-02 3.477188944816589355e-02 4.039296880364418030e-02 2.438698895275592804e-02 4.143940657377243042e-02 1.528846379369497299e-02 4.560783877968788147e-02 2.893321448937058449e-03 6.002936977893114090e-03 1.608468592166900635e-02 3.130921348929405212e-02 3.388911858201026917e-02 3.887055441737174988e-02 3.929524123668670654e-02 5.330403801053762436e-03 2.698373282328248024e-03 2.978173457086086273e-02 2.035575220361351967e-03 1.472961157560348511e-03 7.177396118640899658e-02 4.635686799883842468e-02 4.240561649203300476e-02 3.243109583854675293e-02 5.381150916218757629e-02 1.971567235887050629e-02 4.661507904529571533e-02 4.834593087434768677e-02 3.367545083165168762e-02 3.191242367029190063e-02 1.175890397280454636e-02 6.987480819225311279e-02 5.639180541038513184e-02 6.895130965858697891e-03 6.612895522266626358e-03 2.737865550443530083e-03 2.358695305883884430e-02 2.671173773705959320e-02 1.125865150243043900e-02 2.050420828163623810e-02 1.829169876873493195e-02 8.972345851361751556e-03 2.233808115124702454e-02 4.187822341918945312e-02 3.170920535922050476e-02 3.134872764348983765e-02 1.638917718082666397e-03 4.641503840684890747e-02 8.944428525865077972e-03 5.296230316162109375e-02 3.182084858417510986e-02 4.726779833436012268e-02 1.594195514917373657e-02 3.095903806388378143e-02 7.096124440431594849e-02 6.087203323841094971e-02 6.996268033981323242e-02 3.918934613466262817e-02 3.382528573274612427e-02 4.367602989077568054e-02 3.106006421148777008e-02 3.021552041172981262e-02 5.075354874134063721e-02 3.863324224948883057e-02 2.265420742332935333e-02 9.350048005580902100e-02 5.026948079466819763e-02 8.632610738277435303e-02 4.256099462509155273e-03 1.334774307906627655e-02 2.923809178173542023e-02 3.341748937964439392e-02 1.174774393439292908e-02 2.641316875815391541e-02 1.960435323417186737e-02 6.351637095212936401e-02 4.053024109452962875e-03 3.268922120332717896e-02 3.312514396384358406e-03 2.363706007599830627e-02 4.243170469999313354e-02 4.710403084754943848e-02 2.834485471248626709e-02 3.546994877979159355e-03 2.525132149457931519e-02 2.787317708134651184e-02 5.379844456911087036e-02 3.137560561299324036e-02 3.726411610841751099e-02 1.124956179410219193e-02 4.306168761104345322e-03 5.140981823205947876e-02 4.441640526056289673e-02 2.063990943133831024e-02 2.435119636356830597e-02 3.348983451724052429e-02 1.432686205953359604e-02 1.863147318363189697e-02 1.281771250069141388e-02 2.275897189974784851e-02 2.821900509297847748e-02 1.699762418866157532e-02 3.692913800477981567e-02 2.141998894512653351e-02 1.920672692358493805e-02 1.515774149447679520e-02 3.895619511604309082e-02 1.665817387402057648e-02 0.000000000000000000e+00
1.253927312791347504e-02 2.793239802122116089e-02 1.023292262107133865e-02 1.421546638011932373e-01 4.892347753047943115e-01 4.779497534036636353e-02 1.600968465209007263e-02 3.023983724415302277e-02 4.430690780282020569e-02 3.328244388103485107e-02 4.572575166821479797e-02 4.132293164730072021e-03 4.040830954909324646e-02 1.275358162820339203e-02 3.165721148252487183e-02 1.495021302253007889e-02 2.917629852890968323e-02 1.862660050392150879e-02 4.580884799361228943e-02 2.190950326621532440e-02 2.997138909995555878e-02 4.025490209460258484e-02 3.374310210347175598e-02 4.172700643539428711e-02 2.881121635437011719e-02 4.980694968253374100e-03 3.988431394100189209e-02 4.282735288143157959e-02 4.028955101966857910e-02 4.255730658769607544e-02 3.057951852679252625e-02 3.606820851564407349e-02 8.546282537281513214e-03 2.830010838806629181e-02 3.566503152251243591e-02 2.718416042625904083e-02 9.006059728562831879e-03 9.925486519932746887e-03 8.981782943010330200e-02 9.685280919075012207e-02 1.402864418923854828e-02 2.257396094501018524e-02 1.944873109459877014e-02 2.247690921649336815e-03 8.050664328038692474e-03 1.291545201092958450e-02 1.868462772108614445e-03 1.391251134919002652e-04 1.461621094495058060e-02 1.633027940988540649e-02 2.596714720129966736e-02 2.071517519652843475e-02 2.688173390924930573e-02 4.463088233023881912e-03 4.105541482567787170e-02 3.931403905153274536e-02 3.924752119928598404e-03 2.581009082496166229e-02 6.007212772965431213e-02 3.755715116858482361e-02 4.283182788640260696e-03 7.141301780939102173e-02 3.284166380763053894e-02 6.970668584108352661e-02 4.464192315936088562e-02 4.503367096185684204e-02 3.501165285706520081e-02 3.841183707118034363e-02 2.081601321697235107e-02 1.814854517579078674e-02 4.640037193894386292e-02 1.161096803843975067e-02 7.139717042446136475e-02 2.824611961841583252e-02 1.077507138252258301e-01 2.638546517118811607e-03 1.841504499316215515e-02 5.770886316895484924e-03 7.624046877026557922e-03 5.444576218724250793e-02 7.766769733279943466e-03 1.481106010032817721e-04 2.848119102418422699e-02 4.627595841884613037e-02 4.493390768766403198e-02 1.832812465727329254e-02 3.063491173088550568e-02 2.294221334159374237e-02 7.840042933821678162e-03 3.048407658934593201e-02 1.008182018995285034e-02 3.713171556591987610e-02 7.512166164815425873e-03 4.091013222932815552e-02 9.746367111802101135e-03 2.069954574108123779e-02 3.002042137086391449e-02 2.961621060967445374e-02 2.420308813452720642e-02 2.684696018695831299e-02 6.941787898540496826e-03 2.233693841844797134e-03 3.557822853326797485e-02 3.339330106973648071e-02 3.515201061964035034e-02 2.929912135004997253e-02 1.759726181626319885e-02 1.136675570160150528e-02 1.236897078342735767e-03 3.382358700037002563e-02 3.570351377129554749e-02 2.503657713532447815e-02 3.589154779911041260e-02 3.943084552884101868e-02 1.369756273925304413e-02 0.000000000000000000e+00
7.796704024076461792e-02 1.020653694868087769e-01 6.230200175195932388e-03 8.371948264539241791e-03 4.779497534036636353e-02 4.830713868141174316e-01 1.524184495210647583e-01 2.825075015425682068e-02 8.050565607845783234e-03 1.409801561385393143e-02 9.320170432329177856e-02 4.112003371119499207e-02 7.185269892215728760e-02 1.876677852123975754e-03 3.901003301143646240e-02 1.744522899389266968e-02 2.966377697885036469e-02 3.823797404766082764e-02 5.598695483058691025e-03 3.852465376257896423e-02 1.472567580640316010e-02 3.518662601709365845e-02 1.427220553159713745e-02 1.955287344753742218e-02 2.751420484855771065e-03 2.247146330773830414e-02 2.157463133335113525e-02 4.709576070308685303e-02 1.248459983617067337e-02 4.031676426529884338e-02 2.252434939146041870e-02 8.601985871791839600e-03 3.425071388483047485e-02 1.665160804986953735e-02 2.378081344068050385e-02 2.529669366776943207e-02 7.172008045017719269e-03 1.199943665415048599e-02 2.936542220413684845e-02 2.978113852441310883e-02 1.859509269706904888e-03 5.343956872820854187e-02 6.298934668302536011e-02 2.785471826791763306e-02 4.493948072195053101e-02 1.087588723748922348e-02 1.322842538356781006e-01 7.843744009733200073e-02 9.322760626673698425e-03 3.594665601849555969e-02 5.699296295642852783e-02 4.808704182505607605e-02 2.837247215211391449e-02 8.306578733026981354e-03 3.391078859567642212e-02 3.724924102425575256e-02 8.907265961170196533e-03 1.793942041695117950e-02 1.295790635049343109e-02 5.917061120271682739e-03 4.501838237047195435e-03 3.460684791207313538e-02 1.387647725641727448e-02 2.902104286476969719e-03 5.695306509733200073e-02 5.312954261898994446e-02 2.339541912078857422e-02 1.840223185718059540e-02 3.364095836877822876e-02 9.775533340871334076e-03 2.850848250091075897e-02 1.283368282020092010e-02 1.860246621072292328e-02 4.867926612496376038e-02 1.034077908843755722e-02 1.414203364402055740e-02 1.357089728116989136e-02 2.565863169729709625e-02 1.819557882845401764e-02 2.021886641159653664e-03 2.795904874801635742e-02 1.058846432715654373e-02 2.030757069587707520e-02 3.759413724765181541e-03 3.178835287690162659e-02 2.686736732721328735e-02 1.376152597367763519e-02 1.309209316968917847e-02 5.371814593672752380e-02 7.629292085766792297e-04 5.278261750936508179e-02 1.424181088805198669e-02 5.614475533366203308e-02 1.845583692193031311e-02 3.521532937884330750e-02 3.724241629242897034e-02 8.186451159417629242e-03 2.249514125287532806e-02 4.728063941001892090e-02 5.336546525359153748e-02 2.849731966853141785e-02 3.302539512515068054e-02 6.914666853845119476e-03 3.504342585802078247e-02 4.612316191196441650e-02 3.031048923730850220e-02 7.376657333225011826e-03 4.419587552547454834e-02 2.008637413382530212e-02 2.245884621515870094e-03 2.554630488157272339e-02 4.756674170494079590e-03 3.932625800371170044e-02 5.112465843558311462e-02 1.163594052195549011e-02 0.000000000000000000e+00
1.896369270980358124e-03 6.818004697561264038e-02 1.015798281878232956e-02 3.748797997832298279e-02 1.600968465209007263e-02 1.524184495210647583e-01 4.888755083084106445e-01 3.412413969635963440e-02 1.121680811047554016e-02 4.101322218775749207e-02 6.463997811079025269e-02 3.535624220967292786e-02 8.070715516805648804e-02 3.642658237367868423e-03 6.018903478980064392e-02 4.762194305658340454e-02 4.785545915365219116e-02 1.714910008013248444e-02 2.430627500871196389e-04 5.439355969429016113e-02 1.502073183655738831e-02 3.797616437077522278e-02 3.814753144979476929e-02 1.238039974123239517e-02 2.955667441710829735e-03 1.897954940795898438e-02 1.730534993112087250e-02 1.412754319608211517e-02 2.012954652309417725e-02 2.136366628110408783e-02 4.594956710934638977e-02 1.258751749992370605e-02 2.309032715857028961e-02 1.158103160560131073e-02 1.494218874722719193e-02 3.688838565722107887e-03 1.275341864675283432e-02 3.839147835969924927e-02 1.205297373235225677e-02 1.561922952532768250e-02 3.018122911453247070e-02 3.918945789337158203e-02 2.905412204563617706e-02 3.972402308136224747e-03 2.107465267181396484e-02 5.329161137342453003e-02 1.169020831584930420e-01 1.095948219299316406e-01 3.972936421632766724e-02 9.189408272504806519e-03 2.886990085244178772e-02 2.637332677841186523e-02 8.285259827971458435e-03 4.816029220819473267e-02 3.982999920845031738e-02 2.914319187402725220e-02 1.753417588770389557e-02 2.750026062130928040e-02 6.891743745654821396e-03 5.405047163367271423e-02 1.689863577485084534e-02 4.753054678440093994e-02 2.262322418391704559e-02 7.127345539629459381e-03 4.646134376525878906e-02 6.610018759965896606e-02 1.686279475688934326e-02 4.389658104628324509e-03 8.788261562585830688e-03 3.847842104732990265e-03 2.535936608910560608e-02 8.662196807563304901e-03 3.035531565546989441e-02 3.970097377896308899e-02 4.246091470122337341e-02 1.464617438614368439e-02 3.179836273193359375e-02 4.113071039319038391e-02 4.056499153375625610e-02 3.881470113992691040e-02 3.214825410395860672e-03 2.961001917719841003e-02 1.156138814985752106e-02 3.971077129244804382e-02 6.676388438791036606e-03 2.465208992362022400e-02 3.253712505102157593e-02 1.485877390950918198e-02 1.382672972977161407e-02 1.479600276798009872e-02 4.216085746884346008e-02 4.710796289145946503e-03 6.718476861715316772e-02 1.383812446147203445e-02 3.580938279628753662e-02 1.847936771810054779e-02 1.061454880982637405e-02 8.288675919175148010e-03 1.398711465299129486e-02 8.819713257253170013e-03 4.195962846279144287e-02 3.148015588521957397e-02 4.581615701317787170e-02 1.177647989243268967e-02 6.634617689996957779e-03 3.802563622593879700e-02 1.579211279749870300e-02 5.192797258496284485e-02 3.194697946310043335e-02 2.245878614485263824e-02 3.543341159820556641e-02 1.976965926587581635e-03 4.070457816123962402e-02 1.319197565317153931e-02 2.163575030863285065e-02 0.000000000000000000e+00
3.937277197837829590e-02 1.936310436576604843e-03 2.334342300891876221e-01 1.111431978642940521e-02 3.023983724415302277e-02 2.825075015425682068e-02 3.412413969635963440e-02 4.711172580718994141e-01 1.139053236693143845e-02 1.138329133391380310e-02 1.201002858579158783e-02 1.353335659950971603e-02 1.938803307712078094e-02 3.560676937922835350e-03 9.049336612224578857e-02 1.123839709907770157e-02 1.193190552294254303e-02 1.349113136529922485e-02 4.185947030782699585e-02 3.151114564388990402e-03 1.670975051820278168e-02 3.764153644442558289e-02 2.951906993985176086e-02 1.684243418276309967e-02 2.377487486228346825e-03 1.821141317486763000e-02 4.105058312416076660e-02 1.650525815784931183e-02 2.355545386672019958e-02 1.516421977430582047e-02 2.825408987700939178e-02 1.173732709139585495e-02 1.133782416582107544e-02 1.848426088690757751e-02 3.855033591389656067e-02 5.835022777318954468e-03 4.078277852386236191e-03 9.820569306612014771e-03 3.763125091791152954e-02 4.055372625589370728e-02 4.293372109532356262e-02 3.904306213371455669e-04 7.852049544453620911e-03 2.887909859418869019e-02 9.224903769791126251e-03 5.142685957252979279e-03 3.299239650368690491e-02 1.589073054492473602e-02 1.736616902053356171e-02 3.515826028888113797e-05 3.227428067475557327e-03 1.209936756640672684e-02 2.645547501742839813e-02 1.088045164942741394e-02 1.414523180574178696e-02 1.869060471653938293e-02 3.372123092412948608e-02 3.289081156253814697e-02 8.007032796740531921e-03 3.296488523483276367e-02 3.965594619512557983e-02 2.685178816318511963e-02 1.233974937349557877e-02 2.268279716372489929e-02 6.871923338621854782e-03 2.962271310389041901e-02 1.423110533505678177e-02 2.606713399291038513e-02 1.706112734973430634e-02 9.266993962228298187e-03 1.559346448630094528e-02 9.482073946855962276e-04 4.307882115244865417e-02 5.694938357919454575e-03 3.718070685863494873e-02 2.991444058716297150e-02 1.516621652990579605e-02 1.688833720982074738e-02 7.363398559391498566e-03 7.402285002171993256e-03 2.145178616046905518e-01 1.343774944543838501e-01 2.495822496712207794e-02 2.637180499732494354e-02 3.242700919508934021e-02 7.698061410337686539e-03 1.235203370451927185e-01 4.476842656731605530e-02 2.910046279430389404e-02 3.129564225673675537e-02 3.420148417353630066e-02 1.140945218503475189e-02 2.899459563195705414e-02 2.001468650996685028e-02 1.537852641195058823e-02 1.323114056140184402e-02 1.542767789214849472e-02 2.555021829903125763e-02 1.487450860440731049e-02 2.606591396033763885e-02 3.063951805233955383e-02 1.845560967922210693e-02 3.554318845272064209e-02 2.823507040739059448e-02 1.904501393437385559e-02 8.959149941802024841e-03 2.627620100975036621e-02 3.758850693702697754e-02 1.547228358685970306e-02 3.803399205207824707e-02 8.161176741123199463e-02 2.456670440733432770e-02 3.435615822672843933e-02 1.072351355105638504e-02 2.558010257780551910e-02 0.000000000000000000e+00
1.167698111385107040e-02 4.889988340437412262e-03 1.768970303237438202e-02 3.644748032093048096e-02 4.430690780282020569e-02 8.050565607845783234e-03 1.121680811047554016e-02 1.139053236693143845e-02 4.657968580722808838e-01 1.091345213353633881e-02 3.279219195246696472e-02 5.391144752502441406e-02 9.760244749486446381e-03 1.880634762346744537e-02 2.121074497699737549e-02 3.743829205632209778e-02 1.581731811165809631e-02 8.385246247053146362e-02 1.328676380217075348e-02 1.906255725771188736e-03 1.871788688004016876e-02 3.510888665914535522e-02 2.903419919312000275e-02 3.767916932702064514e-03 4.290207289159297943e-03 1.632745191454887390e-02 2.214982546865940094e-02 5.221904814243316650e-02 2.655142173171043396e-02 2.455251291394233704e-02 1.436148595530539751e-04 2.369313687086105347e-02 2.503842115402221680e-02 5.027902312576770782e-03 1.031685713678598404e-02 7.275588344782590866e-03 3.130719810724258423e-02 8.910899981856346130e-03 2.327735535800457001e-02 3.860660642385482788e-02 3.183089569211006165e-02 2.461150661110877991e-02 3.999946638941764832e-02 3.552127629518508911e-02 6.309150904417037964e-02 1.894352026283740997e-02 3.561048582196235657e-02 2.699801698327064514e-02 6.642057001590728760e-02 2.767785824835300446e-02 3.382337838411331177e-02 3.346153721213340759e-02 1.971787773072719574e-02 3.348539024591445923e-02 1.036870926618576050e-01 4.706217721104621887e-02 5.027396231889724731e-02 4.388376697897911072e-02 1.941865868866443634e-02 3.999205306172370911e-03 4.976191371679306030e-02 5.012265592813491821e-02 2.303264476358890533e-02 6.989720277488231659e-03 4.485742002725601196e-02 3.532335534691810608e-02 9.882153011858463287e-03 1.539099961519241333e-03 9.062983840703964233e-02 4.245899617671966553e-02 6.674938835203647614e-03 3.618978336453437805e-02 2.882147394120693207e-02 4.387240111827850342e-02 5.865413695573806763e-02 2.194873522967100143e-03 1.617028862237930298e-01 1.556209009140729904e-02 1.130133643746376038e-01 2.541137859225273132e-02 2.642258629202842712e-02 2.079360745847225189e-02 3.078558854758739471e-02 1.376469712704420090e-02 1.774035859853029251e-03 4.684259742498397827e-02 2.242745645344257355e-02 1.239779684692621231e-02 9.550175815820693970e-02 1.648593135178089142e-02 1.614372478798031807e-03 3.501360490918159485e-02 4.550696536898612976e-02 8.889052551239728928e-04 4.665991291403770447e-02 2.556017413735389709e-02 3.470558673143386841e-02 2.800285443663597107e-02 8.496951311826705933e-03 4.773692786693572998e-02 2.376987971365451813e-02 3.145513311028480530e-02 4.041117615997791290e-03 2.508922852575778961e-02 2.626613946631550789e-03 2.396973408758640289e-02 4.010934382677078247e-02 5.269724875688552856e-02 4.383638501167297363e-02 3.442311659455299377e-02 7.209945935755968094e-03 1.102805044502019882e-02 4.136525839567184448e-02 4.015614837408065796e-02 2.587573230266571045e-02 0.000000000000000000e+00
3.916608914732933044e-02 1.281597465276718140e-02 1.457787118852138519e-03 3.477188944816589355e-02 3.328244388103485107e-02 1.409801561385393143e-02 4.101322218775749207e-02 1.138329133391380310e-02 1.091345213353633881e-02 4.911095201969146729e-01 4.185980930924415588e-02 6.240407004952430725e-02 2.176280133426189423e-02 4.807059466838836670e-02 1.069626584649085999e-02 1.482851523905992508e-02 5.326228961348533630e-02 1.341373659670352936e-02 1.402257084846496582e-01 4.546767100691795349e-02 4.393547400832176208e-02 3.744732588529586792e-03 9.907787665724754333e-03 4.321167990565299988e-02 1.334126759320497513e-02 4.353683441877365112e-02 5.649298895150423050e-03 7.829962298274040222e-03 1.887900568544864655e-02 3.611868247389793396e-02 7.835933007299900055e-03 2.882277779281139374e-02 3.217599540948867798e-02 8.185199694707989693e-04 3.547113761305809021e-02 2.739095687866210938e-02 5.372225772589445114e-03 1.333887409418821335e-02 3.951099701225757599e-03 8.385355584323406219e-03 2.875886671245098114e-02 4.996438045054674149e-03 1.991075230762362480e-03 1.449602935463190079e-02 2.985356748104095459e-02 7.538527250289916992e-02 3.130420297384262085e-02 3.901315852999687195e-02 6.256555207073688507e-03 1.183911785483360291e-01 1.774063520133495331e-02 3.724581748247146606e-02 3.361716866493225098e-02 2.912099845707416534e-02 4.317734763026237488e-02 1.141389012336730957e-01 1.763727702200412750e-02 6.883463356643915176e-03 4.372081905603408813e-02 3.254329040646553040e-02 3.911848366260528564e-02 8.086415939033031464e-03 5.653292406350374222e-03 2.976909466087818146e-02 3.778319805860519409e-02 3.338158503174781799e-02 2.024617232382297516e-02 4.500198364257812500e-02 6.220028270035982132e-03 6.652627140283584595e-02 4.346543550491333008e-02 3.154907748103141785e-02 3.074940666556358337e-02 5.042217671871185303e-02 2.999352850019931793e-02 3.667870536446571350e-02 3.718300163745880127e-02 1.557878553867340088e-01 4.763307422399520874e-02 1.984469592571258545e-01 8.271848782896995544e-03 8.208793587982654572e-03 3.170022368431091309e-02 9.239681065082550049e-02 5.912979599088430405e-03 4.342759028077125549e-02 4.238992556929588318e-02 2.787006960716098547e-04 2.326157176867127419e-03 5.317252501845359802e-02 4.348676651716232300e-02 2.760898787528276443e-04 2.983079291880130768e-02 1.635630056262016296e-02 4.193445667624473572e-03 2.488025091588497162e-02 4.001551494002342224e-02 6.962544284760951996e-03 2.026835829019546509e-02 1.328692864626646042e-02 2.898680977523326874e-02 1.305957045406103134e-02 3.202775865793228149e-02 1.257301773875951767e-02 1.511473208665847778e-02 8.656468708068132401e-04 2.835265919566154480e-02 1.698475331068038940e-02 3.669185936450958252e-02 2.432847395539283752e-02 1.637757755815982819e-02 4.071403294801712036e-03 6.054665427654981613e-04 4.050498828291893005e-02 2.511941641569137573e-02 0.000000000000000000e+00
6.310270726680755615e-02 4.965958744287490845e-02 9.138168767094612122e-03 4.039296880364418030e-02 4.572575166821479797e-02 9.320170432329177856e-02 6.463997811079025269e-02 1.201002858579158783e-02 3.279219195246696472e-02 4.185980930924415588e-02 5.033987760543823242e-01 2.710357075557112694e-03 9.957457333803176880e-02 2.318347990512847900e-02 3.765172557905316353e-03 4.256888478994369507e-02 3.277907893061637878e-02 1.871857978403568268e-02 1.796242035925388336e-02 3.698859363794326782e-02 1.629456318914890289e-02 3.216889128088951111e-02 1.259202044457197189e-02 2.101776935160160065e-02 1.055974862538278103e-03 1.299971994012594223e-02 4.892004653811454773e-02 1.860257470980286598e-03 9.999369084835052490e-02 2.554040029644966125e-02 8.509883284568786621e-02 2.600220590829849243e-02 6.307523581199347973e-04 2.430209331214427948e-02 2.398594748228788376e-03 3.102805651724338531e-02 3.905590623617172241e-02 2.930158190429210663e-02 2.863373234868049622e-02 3.174611181020736694e-02 4.037671536207199097e-02 2.290214598178863525e-02 4.419122356921434402e-03 1.215504365973174572e-03 3.086748719215393066e-02 3.297923505306243896e-02 9.247080981731414795e-02 7.309137284755706787e-02 5.006303265690803528e-02 2.836601808667182922e-02 1.865956350229680538e-03 6.448133382946252823e-03 2.206589840352535248e-02 1.606112346053123474e-02 4.555626958608627319e-02 2.361812861636281013e-03 2.002804726362228394e-02 1.128931064158678055e-02 1.385802216827869415e-02 8.494449779391288757e-03 2.366348728537559509e-02 2.711206302046775818e-02 1.678617298603057861e-02 2.126869186758995056e-02 9.603898972272872925e-02 7.815267890691757202e-02 7.794761098921298981e-03 3.053930588066577911e-03 1.468818401917815208e-03 5.099374055862426758e-02 1.916578412055969238e-02 2.256093174219131470e-02 5.180763080716133118e-02 1.387955620884895325e-02 3.849055990576744080e-02 8.820901624858379364e-03 3.009310364723205566e-02 4.724565148353576660e-02 4.361404478549957275e-02 3.629523888230323792e-02 2.400611899793148041e-02 1.344876270741224289e-02 4.476795345544815063e-02 3.976465761661529541e-02 4.236520081758499146e-02 1.361909043043851852e-02 2.906672842800617218e-02 2.073541469871997833e-02 1.331362500786781311e-02 1.474051922559738159e-02 7.885857671499252319e-02 4.582871496677398682e-02 5.856141448020935059e-02 1.938402093946933746e-02 3.868229687213897705e-02 2.249287255108356476e-02 3.485872223973274231e-02 2.278171293437480927e-02 2.137261442840099335e-02 8.068892173469066620e-03 3.053485229611396790e-02 2.479177713394165039e-02 8.061929605901241302e-03 5.542908911593258381e-04 3.776820376515388489e-02 1.009368989616632462e-02 4.528917372226715088e-02 1.274575106799602509e-02 7.687204633839428425e-04 3.178693726658821106e-02 3.819877281785011292e-02 2.329364605247974396e-02 2.032106183469295502e-02 4.426348488777875900e-03 1.425519492477178574e-02 0.000000000000000000e+00
2.063762769103050232e-02 2.752130851149559021e-02 4.152100905776023865e-02 2.438698895275592804e-02 4.132293164730072021e-03 4.112003371119499207e-02 3.535624220967292786e-02 1.353335659950971603e-02 5.391144752502441406e-02 6.240407004952430725e-02 2.710357075557112694e-03 4.687550663948059082e-01 1.076723914593458176e-02 2.132249921560287476e-01 3.839097917079925537e-02 6.987162400037050247e-03 4.779016226530075073e-02 4.371171444654464722e-02 4.161173105239868164e-02 1.728596910834312439e-02 2.412953414022922516e-02 1.088093314319849014e-02 4.572132602334022522e-03 5.443987995386123657e-02 4.304654151201248169e-02 2.710591629147529602e-02 8.690061978995800018e-03 1.097898855805397034e-01 4.464689269661903381e-02 6.502743065357208252e-02 2.591234259307384491e-02 2.846376970410346985e-02 3.541691973805427551e-02 2.832603454589843750e-02 2.172974683344364166e-02 1.248604152351617813e-02 4.371160268783569336e-02 5.344717646948993206e-04 3.267065063118934631e-02 3.012284636497497559e-02 5.543507263064384460e-02 3.781178593635559082e-02 2.994942851364612579e-02 1.587927155196666718e-02 2.312549389898777008e-02 2.763443393632769585e-03 1.123238634318113327e-02 1.056695170700550079e-02 1.941755227744579315e-02 1.002510413527488708e-01 2.798960916697978973e-02 1.328657101839780807e-02 2.764490805566310883e-02 1.864292286336421967e-02 3.428164869546890259e-02 6.087130680680274963e-02 3.825999051332473755e-02 1.991101913154125214e-02 3.297872468829154968e-02 7.801893632858991623e-03 7.186488364823162556e-04 3.873455151915550232e-02 2.874512039124965668e-02 5.102134891785681248e-04 1.705031841993331909e-02 3.590325359255075455e-03 2.283508516848087311e-02 2.683429978787899017e-02 1.013785041868686676e-02 1.410677377134561539e-02 4.741714149713516235e-02 4.725655168294906616e-02 4.300238192081451416e-02 1.248285081237554550e-02 2.669461071491241455e-02 2.962672850117087364e-03 4.444347694516181946e-02 3.166969120502471924e-02 4.330753535032272339e-02 9.080667793750762939e-02 1.857973821461200714e-02 2.368423156440258026e-02 4.012105986475944519e-02 2.710617519915103912e-02 4.606442898511886597e-02 3.267694264650344849e-03 3.874472575262188911e-03 4.717968776822090149e-02 1.231611445546150208e-01 6.962143816053867340e-03 1.536739803850650787e-02 5.433592479676008224e-03 5.560274049639701843e-02 3.030840680003166199e-02 1.544014830142259598e-02 4.052091017365455627e-02 9.405172429978847504e-03 2.379768900573253632e-02 2.386979199945926666e-02 3.788222372531890869e-02 2.863331511616706848e-02 1.471686293371021748e-03 3.090767189860343933e-02 2.334923669695854187e-02 1.984082721173763275e-02 3.731169551610946655e-02 3.761414065957069397e-02 2.262841351330280304e-02 2.740476839244365692e-02 1.387621276080608368e-03 2.918740175664424896e-02 2.655872516334056854e-02 1.988743245601654053e-02 3.858111053705215454e-02 2.124685049057006836e-02 0.000000000000000000e+00
2.907183207571506500e-02 7.592814415693283081e-02 1.920202001929283142e-02 4.143940657377243042e-02 4.040830954909324646e-02 7.185269892215728760e-02 8.070715516805648804e-02 1.938803307712078094e-02 9.760244749486446381e-03 2.176280133426189423e-02 9.957457333803176880e-02 1.076723914593458176e-02 4.971749484539031982e-01 2.029092982411384583e-02 1.544272992759943008e-03 5.218970030546188354e-02 3.045188076794147491e-02 3.058343008160591125e-02 4.066227376461029053e-02 4.470080882310867310e-02 2.787327859550714493e-03 1.472794217988848686e-03 1.792792603373527527e-02 9.689788334071636200e-03 3.386586206033825874e-03 2.681324444711208344e-02 2.971952594816684723e-02 1.239448692649602890e-02 7.995431125164031982e-02 9.064340963959693909e-03 1.049460768699645996e-01 2.496127784252166748e-02 3.779432270675897598e-03 1.223803777247667313e-02 1.423261594027280807e-03 1.863343454897403717e-02 4.389124363660812378e-02 2.474341541528701782e-02 1.896453276276588440e-02 3.172586485743522644e-02 9.010693058371543884e-03 3.281996399164199829e-02 7.768106181174516678e-03 3.210646659135818481e-02 2.262005023658275604e-02 1.418277435004711151e-02 6.353396922349929810e-02 5.860037356615066528e-02 4.557148739695549011e-02 4.662274196743965149e-02 5.960792303085327148e-03 1.191977970302104950e-02 4.574541375041007996e-02 1.666049472987651825e-02 3.469741344451904297e-02 3.028451651334762573e-02 1.930297911167144775e-02 9.362928569316864014e-03 2.551322430372238159e-02 7.049694191664457321e-03 3.017690591514110565e-02 2.396710962057113647e-02 3.346532816067337990e-03 2.966700494289398193e-02 7.425712049007415771e-02 9.151231497526168823e-02 1.253029797226190567e-02 3.651670995168387890e-04 5.845643579959869385e-03 4.913304373621940613e-02 3.120168112218379974e-02 2.725347504019737244e-02 2.506402693688869476e-02 4.006502218544483185e-03 4.495487362146377563e-02 3.991248551756143570e-03 3.784680739045143127e-02 1.423729024827480316e-02 2.698662132024765015e-02 2.289167605340480804e-02 2.128320932388305664e-02 2.175886183977127075e-03 2.575357258319854736e-02 3.293235599994659424e-02 1.882589794695377350e-02 1.293185912072658539e-02 1.118211913853883743e-02 3.391389176249504089e-02 2.120246551930904388e-02 4.344266373664140701e-03 5.770868808031082153e-02 1.710243895649909973e-02 5.490092560648918152e-02 1.607923023402690887e-02 4.137230571359395981e-03 1.137617882341146469e-02 1.240816898643970490e-02 1.266033481806516647e-02 3.012146987020969391e-02 1.258017122745513916e-02 3.882949426770210266e-02 4.488721117377281189e-02 3.060714900493621826e-02 1.386010320857167244e-03 4.725976288318634033e-02 3.877746639773249626e-03 3.739836625754833221e-03 1.540838973596692085e-03 3.985925018787384033e-02 4.573098197579383850e-02 1.703816466033458710e-02 2.168340841308236122e-03 3.062660619616508484e-02 4.460871219635009766e-03 9.739200584590435028e-03 0.000000000000000000e+00
