5.156617760658264160e-01 1.350991278886795044e-01 6.092770956456661224e-03 5.103285983204841614e-02 2.405377477407455444e-02 6.975971162319183350e-02 6.207146495580673218e-02 4.473657906055450439e-02 3.152165189385414124e-02 2.221384085714817047e-02 1.422979831695556641e-01 5.719609558582305908e-02 9.834908694028854370e-02 5.808592960238456726e-02 1.036813668906688690e-02 2.389673609286546707e-03 1.476438436657190323e-02 8.211510139517486095e-04 1.717780530452728271e-02 2.702648937702178955e-02 1.853114925324916840e-02 3.392672538757324219e-02 3.338767215609550476e-02 3.868985176086425781e-02 2.924221009016036987e-02 4.364379215985536575e-03 3.540366142988204956e-02 3.379094228148460388e-02 2.101004868745803833e-02 2.130103856325149536e-02 3.086812607944011688e-02 1.885036751627922058e-02 2.763491868972778320e-02 2.905872650444507599e-02 3.099370002746582031e-02 2.289539668709039688e-03 4.334239056333899498e-04 1.691500470042228699e-02 8.066200651228427887e-03 3.512306138873100281e-02 1.725032739341259003e-02 7.489804178476333618e-03 3.034958057105541229e-02 1.644345931708812714e-02 3.125778213143348694e-02 9.289052337408065796e-03 7.685358822345733643e-02 2.271387912333011627e-02 2.209375379607081413e-03 5.201496183872222900e-02 2.427302487194538116e-02 2.182529121637344360e-02 4.942479729652404785e-02 1.427953038364648819e-02 1.065219636075198650e-03 3.804410621523857117e-02 4.335507750511169434e-02 4.564487934112548828e-02 7.358084432780742645e-03 1.633606478571891785e-02 2.010945044457912445e-02 3.937323391437530518e-02 1.814915100112557411e-03 1.320237573236227036e-02 2.844284474849700928e-02 2.962279506027698517e-02 1.936815865337848663e-02 2.714230678975582123e-02 5.369325634092092514e-03 7.831694674678146839e-04 2.745805867016315460e-02 4.715686291456222534e-02 2.941079437732696533e-02 4.880229011178016663e-03 5.616821814328432083e-03 3.685870021581649780e-02 3.669126192107796669e-03 4.365616478025913239e-04 1.688920892775058746e-02 3.481131745502352715e-03 2.089568786323070526e-02 4.812445957213640213e-03 6.195958121679723263e-04 2.402703091502189636e-02 4.297063872218132019e-02 2.943470142781734467e-03 8.491473854519426823e-04 2.839879319071769714e-02 3.013812378048896790e-02 2.051546471193432808e-03 5.737930163741111755e-02 3.493192046880722046e-02 3.343421965837478638e-02 3.131189569830894470e-02 6.475175730884075165e-03 1.664289645850658417e-02 2.339765778742730618e-04 1.903701946139335632e-02 3.077089227735996246e-02 1.465252134948968887e-02 3.865658491849899292e-02 1.870340667665004730e-02 1.097253174521028996e-03 1.044089626520872116e-02 2.965378575026988983e-02 2.632947266101837158e-02 1.154621224850416183e-02 2.463144622743129730e-02 5.642952397465705872e-03 1.924180611968040466e-02 4.339781776070594788e-02 2.656757645308971405e-02 8.313374593853950500e-03 5.243820697069168091e-02 1.341180223971605301e-02 3.958263993263244629e-02
1.350991278886795044e-01 5.131053924560546875e-01 2.518807724118232727e-02 2.855332754552364349e-02 5.231811106204986572e-02 5.001159384846687317e-02 6.025548279285430908e-02 5.081416293978691101e-02 4.086609929800033569e-02 1.900662854313850403e-02 1.244010254740715027e-01 4.319902881979942322e-02 1.112554892897605896e-01 5.611171200871467590e-02 2.117819711565971375e-02 1.026565302163362503e-02 6.338164210319519043e-03 4.422505386173725128e-03 4.449305124580860138e-03 4.010105878114700317e-02 1.139332260936498642e-02 3.672639280557632446e-02 3.283390402793884277e-02 3.958272188901901245e-02 1.202391460537910461e-02 8.960817009210586548e-03 1.604466885328292847e-02 1.057610288262367249e-02 3.220364451408386230e-02 5.091175902634859085e-03 2.756815776228904724e-02 8.683892898261547089e-03 1.285347249358892441e-02 1.202182658016681671e-02 4.379121959209442139e-02 9.988138452172279358e-03 4.722472745925188065e-03 2.678852342069149017e-02 4.402482882142066956e-03 4.126025363802909851e-02 2.261144481599330902e-02 1.941272057592868805e-02 1.283190771937370300e-02 7.706222590059041977e-03 1.895469240844249725e-02 3.942765295505523682e-03 6.962087005376815796e-02 3.710708767175674438e-02 2.422072738409042358e-02 2.801036834716796875e-02 8.862268179655075073e-03 3.686127439141273499e-02 1.843075640499591827e-02 4.845703078899532557e-04 4.503180738538503647e-03 5.291848629713058472e-02 3.316712006926536560e-02 2.920436114072799683e-02 4.769014660269021988e-03 1.639228686690330505e-02 2.634830772876739502e-02 2.583428658545017242e-02 3.280526027083396912e-02 9.582717902958393097e-03 2.248527482151985168e-02 4.878690466284751892e-02 5.325344949960708618e-02 3.603142104111611843e-04 1.690267957746982574e-02 1.849150285124778748e-02 3.204454854130744934e-02 4.635371640324592590e-02 2.768507041037082672e-02 8.981647901237010956e-03 4.007744416594505310e-02 2.130575291812419891e-02 2.814697287976741791e-02 8.335041813552379608e-03 7.404781877994537354e-03 1.342952623963356018e-02 1.359663251787424088e-02 5.515757016837596893e-03 1.324534043669700623e-02 2.259299904108047485e-02 2.897386625409126282e-02 2.235875092446804047e-02 1.054548844695091248e-02 1.004152558743953705e-02 3.686296194791793823e-02 5.871026776731014252e-03 9.196694195270538330e-02 3.695187345147132874e-02 5.715290084481239319e-02 2.271805889904499054e-02 9.310490451753139496e-03 1.735969446599483490e-02 3.396919346414506435e-04 7.106362842023372650e-03 3.803489357233047485e-02 1.618789136409759521e-02 2.587851136922836304e-02 1.530423946678638458e-02 1.751272240653634071e-03 9.867298416793346405e-03 2.678144909441471100e-02 3.133773803710937500e-02 2.751088701188564301e-02 2.280106768012046814e-02 8.140979334712028503e-03 1.904809288680553436e-02 4.464867338538169861e-02 1.415151078253984451e-02 4.237499460577964783e-02 4.446691647171974182e-02 2.120180428028106689e-02 1.612899079918861389e-02
6.092770956456661224e-03 2.518807724118232727e-02 4.825458824634552002e-01 1.219836529344320297e-02 3.042561188340187073e-02 1.483296137303113937e-02 1.152281556278467178e-02 1.388090699911117554e-01 3.620600327849388123e-02 7.098777685314416885e-03 7.758289109915494919e-03 1.598689705133438110e-02 2.266989089548587799e-02 2.581240236759185791e-02 3.664397820830345154e-02 4.107925295829772949e-02 4.657147079706192017e-02 4.141670465469360352e-02 3.999033942818641663e-03 1.761716557666659355e-03 3.537415713071823120e-02 5.077046528458595276e-02 2.413499727845191956e-02 3.535059094429016113e-02 6.214423570781946182e-03 1.311561674810945988e-03 3.732383716851472855e-03 2.208954654633998871e-02 1.726426184177398682e-02 7.188162300735712051e-03 7.970487698912620544e-03 9.284159168601036072e-03 2.845169976353645325e-02 4.181405995041131973e-03 3.476284071803092957e-02 4.828053340315818787e-02 1.398895401507616043e-02 9.829069022089242935e-04 3.500049188733100891e-02 4.209690541028976440e-02 2.604951150715351105e-02 8.561333641409873962e-03 1.473938394337892532e-02 1.261785533279180527e-02 2.684190124273300171e-02 2.326628752052783966e-02 1.585202850401401520e-02 9.393960237503051758e-03 3.429706022143363953e-02 3.620646521449089050e-02 8.324060472659766674e-04 7.950699073262512684e-04 2.984181605279445648e-02 1.667972281575202942e-02 1.295022852718830109e-02 2.259978838264942169e-02 1.368182525038719177e-02 1.535976119339466095e-02 5.491411685943603516e-02 3.614398837089538574e-02 4.314983636140823364e-02 1.828288845717906952e-02 4.245853424072265625e-02 4.251826554536819458e-02 4.293153434991836548e-02 1.911595650017261505e-02 3.199771279469132423e-03 2.502187155187129974e-02 3.182192891836166382e-02 2.341942628845572472e-03 7.965791970491409302e-03 3.602840751409530640e-02 8.036766201257705688e-03 2.658631280064582825e-02 1.790447160601615906e-02 2.894854173064231873e-02 2.919429168105125427e-02 1.732633076608181000e-02 3.838912025094032288e-02 4.339642822742462158e-02 1.336412727832794189e-01 1.004393547773361206e-01 4.173448681831359863e-02 1.419943408109247684e-03 3.760845167562365532e-03 9.682043455541133881e-03 4.879236966371536255e-02 7.236149162054061890e-02 1.288224570453166962e-02 4.191528633236885071e-02 9.073977358639240265e-03 3.554623201489448547e-02 6.951639428734779358e-03 3.363159298896789551e-02 2.074282802641391754e-02 3.132058680057525635e-02 3.384286165237426758e-02 3.144093975424766541e-02 1.040894910693168640e-02 1.584869809448719025e-02 1.957148127257823944e-02 1.862588524818420410e-02 4.372166097164154053e-02 2.397405169904232025e-02 3.868457302451133728e-02 1.221559196710586548e-02 3.561009187251329422e-03 2.296900004148483276e-02 6.619159597903490067e-03 1.556888688355684280e-02 3.714888170361518860e-02 2.718469128012657166e-02 1.171361771412193775e-03 2.844759449362754822e-02 4.173283651471138000e-02 2.848026528954505920e-02
5.103285983204841614e-02 2.855332754552364349e-02 1.219836529344320297e-02 5.069227218627929688e-01 1.604135334491729736e-01 4.626011475920677185e-02 4.381521791219711304e-02 1.634158007800579071e-02 3.886423259973526001e-02 1.102560851722955704e-02 2.643135935068130493e-02 1.529623102396726608e-02 4.069473221898078918e-02 3.645331785082817078e-02 1.955071277916431427e-02 1.882193796336650848e-02 2.022035233676433563e-02 5.623600445687770844e-03 2.728616259992122650e-02 1.747054047882556915e-02 2.885380387306213379e-02 5.202022194862365723e-02 6.185412639752030373e-04 4.348293412476778030e-03 4.190442711114883423e-02 3.438408672809600830e-02 1.444775797426700592e-02 5.857409443706274033e-03 2.045006304979324341e-02 4.009485710412263870e-04 3.689042851328849792e-02 4.228573292493820190e-02 3.414655849337577820e-02 4.128926992416381836e-02 2.975949086248874664e-02 4.814543947577476501e-02 1.731762476265430450e-02 2.285837568342685699e-02 5.707215517759323120e-02 4.789496213197708130e-02 2.120938338339328766e-02 2.168515138328075409e-02 4.178999364376068115e-02 4.603888466954231262e-02 5.773039069026708603e-03 3.124762699007987976e-02 3.719831258058547974e-02 2.661859430372714996e-02 3.235761821269989014e-02 1.160714216530323029e-02 4.237751662731170654e-02 1.753253675997257233e-02 1.311426609754562378e-02 1.431810553185641766e-03 2.469114260748028755e-03 4.739458113908767700e-02 5.877808481454849243e-02 2.709445357322692871e-02 4.693957976996898651e-03 5.408748239278793335e-02 6.616816669702529907e-02 5.837865639477968216e-03 7.004896551370620728e-02 1.704633794724941254e-02 9.471063502132892609e-03 5.198950320482254028e-02 1.197657361626625061e-02 1.197565812617540359e-02 1.526822987943887711e-02 3.015810996294021606e-02 2.053000777959823608e-02 1.922146975994110107e-02 1.318157166242599487e-01 6.257036235183477402e-03 1.242236793041229248e-01 1.978493481874465942e-02 4.370438307523727417e-02 5.395922064781188965e-02 1.123193278908729553e-02 2.074486762285232544e-02 4.643644392490386963e-02 4.867178574204444885e-02 8.926676958799362183e-02 5.051489174365997314e-02 1.423405297100543976e-02 6.364633142948150635e-02 1.296220067888498306e-02 2.106549218297004700e-02 4.008150845766067505e-02 2.355309203267097473e-02 1.384777389466762543e-02 1.837709359824657440e-02 2.595618367195129395e-02 3.352149948477745056e-02 3.920588642358779907e-03 7.558882352896034718e-04 1.347073540091514587e-02 2.507800422608852386e-02 2.551440894603729248e-02 2.420074492692947388e-02 4.025721177458763123e-02 4.577691480517387390e-02 1.962882839143276215e-02 1.630629040300846100e-02 4.915881156921386719e-02 2.934486372396349907e-03 4.454123973846435547e-02 6.848347932100296021e-02 4.179980978369712830e-02 5.683045461773872375e-02 3.286762908101081848e-02 2.291206084191799164e-02 1.870110444724559784e-02 3.137077018618583679e-02 9.583977982401847839e-03 7.017624564468860626e-03
2.405377477407455444e-02 5.231811106204986572e-02 3.042561188340187073e-02 1.604135334491729736e-01 4.992501735687255859e-01 1.237097568809986115e-02 1.513807196170091629e-02 9.987769648432731628e-03 3.202535584568977356e-02 4.548866301774978638e-02 4.515831544995307922e-02 1.098718587309122086e-02 4.016325622797012329e-02 2.490555308759212494e-02 9.733945131301879883e-03 1.171552389860153198e-02 6.293108221143484116e-03 4.117716476321220398e-02 3.119171597063541412e-02 1.698388345539569855e-02 3.257859032601118088e-03 1.545655820518732071e-02 4.852084070444107056e-02 2.681356295943260193e-02 2.478708140552043915e-02 1.316617429256439209e-02 7.027685176581144333e-03 2.220455789938569069e-03 3.219365607947111130e-03 1.788808964192867279e-02 2.501466870307922363e-02 5.270113050937652588e-02 3.944165538996458054e-03 4.594082012772560120e-02 4.858309030532836914e-02 3.137648850679397583e-02 4.048105329275131226e-02 1.799047808162868023e-03 3.716236352920532227e-02 4.420953243970870972e-02 1.462914794683456421e-02 1.512590982019901276e-02 4.917030408978462219e-02 4.384046792984008789e-02 5.070291459560394287e-02 2.116852905601263046e-03 5.088556557893753052e-03 5.387777090072631836e-02 4.552743211388587952e-02 1.672606915235519409e-02 1.978393457829952240e-02 4.683359339833259583e-02 1.152909547090530396e-02 2.190872468054294586e-02 2.321367850527167320e-03 4.199978336691856384e-02 1.440253574401140213e-02 2.293580025434494019e-02 2.748302370309829712e-02 3.164307773113250732e-02 7.536759972572326660e-02 9.355202317237854004e-03 6.014209240674972534e-02 1.170561835169792175e-02 7.405976648442447186e-04 4.205980338156223297e-03 1.523596700280904770e-02 1.600086130201816559e-02 3.841587901115417480e-02 1.340878847986459732e-02 6.328371353447437286e-03 2.548321895301342010e-02 9.295566380023956299e-02 4.357463121414184570e-02 1.091552451252937317e-01 4.373299703001976013e-02 6.753730773925781250e-02 2.436626516282558441e-02 3.073818236589431763e-02 4.031682014465332031e-02 4.288033023476600647e-02 3.062903694808483124e-02 9.927719831466674805e-02 1.736078597605228424e-02 3.167475759983062744e-02 2.033601514995098114e-02 3.473604097962379456e-02 4.754064977169036865e-02 3.125748410820960999e-02 2.910693548619747162e-02 1.566093415021896362e-03 8.812789805233478546e-03 8.166491985321044922e-03 2.329876646399497986e-02 5.257390905171632767e-03 2.583756484091281891e-02 3.028584271669387817e-02 1.260330341756343842e-02 2.344680204987525940e-02 3.168448433279991150e-02 4.614429920911788940e-02 4.337503015995025635e-02 2.071423642337322235e-02 1.940940879285335541e-02 7.749422802589833736e-04 2.964954636991024017e-02 3.828141838312149048e-02 6.879802793264389038e-02 3.095440380275249481e-02 1.073649153113365173e-02 7.974398322403430939e-03 2.027578465640544891e-02 2.819199115037918091e-02 3.230967372655868530e-02 3.344461694359779358e-02 8.336181752383708954e-03
6.975971162319183350e-02 5.001159384846687317e-02 1.483296137303113937e-02 4.626011475920677185e-02 1.237097568809986115e-02 5.124415159225463867e-01 1.342976093292236328e-01 3.278109058737754822e-02 4.604455083608627319e-02 4.698142781853675842e-02 6.954249739646911621e-02 6.644566357135772705e-02 6.354397535324096680e-02 7.327117770910263062e-02 2.578856050968170166e-02 8.679218590259552002e-03 2.749876864254474640e-02 1.512017659842967987e-02 2.335717156529426575e-02 3.030701912939548492e-02 2.364405989646911621e-02 6.545304320752620697e-03 7.327397819608449936e-03 1.276895496994256973e-02 2.393609099090099335e-02 4.244621843099594116e-02 2.644167840480804443e-02 3.188080713152885437e-02 2.984197810292243958e-02 4.295945167541503906e-02 1.267683040350675583e-02 4.296284168958663940e-02 2.852815203368663788e-02 1.556553877890110016e-02 8.428661152720451355e-03 4.526874795556068420e-02 2.310706302523612976e-02 2.129949629306793213e-02 7.555150892585515976e-03 2.398503385484218597e-02 4.940401390194892883e-02 3.085253573954105377e-02 5.259408056735992432e-02 1.852051354944705963e-02 3.393380343914031982e-02 1.462959498167037964e-02 1.086547300219535828e-01 7.114930450916290283e-02 2.020989917218685150e-02 2.322897501289844513e-02 3.698550537228584290e-02 1.206845603883266449e-02 1.951091364026069641e-02 4.227330535650253296e-02 3.399690613150596619e-02 5.703867413103580475e-03 9.359295479953289032e-03 1.129342895001173019e-02 2.353358268737792969e-02 2.732414007186889648e-02 3.886041417717933655e-02 3.091166913509368896e-02 1.365247089415788651e-02 3.671673685312271118e-02 3.848820924758911133e-02 4.971472173929214478e-02 4.732813686132431030e-02 3.034315817058086395e-02 3.089444478973746300e-03 9.341812692582607269e-03 5.207498092204332352e-03 2.739350683987140656e-02 2.097866497933864594e-02 2.830586396157741547e-03 8.197281509637832642e-03 1.825760491192340851e-02 6.416982971131801605e-03 1.668990030884742737e-02 2.170044183731079102e-02 3.916369751095771790e-02 4.029798135161399841e-02 1.011165324598550797e-02 5.302545148879289627e-03 2.291169390082359314e-02 4.390525072813034058e-02 2.880608895793557167e-03 1.640546694397926331e-02 2.152185328304767609e-02 4.291538521647453308e-02 4.794929549098014832e-02 2.904945053160190582e-02 4.756031557917594910e-02 2.666627801954746246e-02 3.927268087863922119e-02 3.842580690979957581e-02 2.563047595322132111e-02 1.910519413650035858e-02 1.722685410641133785e-03 4.731647670269012451e-02 1.946542970836162567e-02 3.406435623764991760e-02 1.161861978471279144e-02 2.629546262323856354e-02 7.535234559327363968e-03 3.693110495805740356e-02 4.784270003437995911e-02 4.574503377079963684e-02 3.298843279480934143e-02 4.861140996217727661e-02 1.461440348066389561e-03 8.289622142910957336e-03 5.912130698561668396e-03 4.122616723179817200e-02 1.170199457556009293e-02 5.354424938559532166e-02 1.189081650227308273e-02
6.207146495580673218e-02 6.025548279285430908e-02 1.152281556278467178e-02 4.381521791219711304e-02 1.513807196170091629e-02 1.342976093292236328e-01 5.198600888252258301e-01 2.436840161681175232e-02 3.567875176668167114e-02 5.110551789402961731e-02 6.052779406309127808e-02 4.887058213353157043e-02 7.720198482275009155e-02 6.867098063230514526e-02 4.237855970859527588e-02 6.817143410444259644e-03 1.782493293285369873e-02 5.268066655844449997e-03 5.266129039227962494e-03 4.025600478053092957e-02 1.788712479174137115e-02 1.737664104439318180e-03 5.517562851309776306e-03 1.291622780263423920e-02 3.118596039712429047e-02 1.554530579596757889e-02 4.219404608011245728e-02 4.463509656488895416e-03 7.947408594191074371e-03 1.716564968228340149e-02 4.629192501306533813e-02 2.870610542595386505e-02 1.390027906745672226e-02 1.065730210393667221e-02 1.002666540443897247e-02 3.706834465265274048e-02 2.676098607480525970e-02 1.661933399736881256e-02 4.083894193172454834e-02 1.636278070509433746e-02 3.941639512777328491e-02 1.073106471449136734e-02 2.685224451124668121e-02 3.062521107494831085e-02 1.118762046098709106e-02 1.385840401053428650e-02 9.925296157598495483e-02 9.410074353218078613e-02 2.339957049116492271e-03 4.771053045988082886e-02 3.499251604080200195e-02 2.049006335437297821e-02 1.327674021013081074e-03 2.620527520775794983e-02 2.077170088887214661e-02 2.232490107417106628e-02 9.402045980095863342e-03 2.486377954483032227e-03 2.831559255719184875e-02 2.308516763150691986e-02 5.524951219558715820e-02 5.514245480298995972e-02 1.161440368741750717e-02 4.883616790175437927e-02 2.236261032521724701e-02 1.513552851974964142e-02 4.960664734244346619e-02 2.567621693015098572e-02 6.058783270418643951e-03 1.139428745955228806e-02 1.361458096653223038e-02 1.034605503082275391e-02 4.483930766582489014e-02 1.255722995847463608e-02 2.361696772277355194e-02 1.989869400858879089e-03 2.846900140866637230e-03 4.473795183002948761e-03 5.247515812516212463e-02 1.005163881927728653e-02 4.392441734671592712e-02 6.751537788659334183e-03 2.183427661657333374e-02 2.511199191212654114e-02 3.932350501418113708e-02 1.363901072181761265e-03 2.063030190765857697e-02 1.267698593437671661e-02 2.058838307857513428e-02 5.740953981876373291e-02 3.221168881282210350e-03 3.878135979175567627e-02 4.813186824321746826e-02 2.653313241899013519e-02 4.495301470160484314e-02 4.171393811702728271e-02 1.931032910943031311e-02 1.575036346912384033e-02 2.087931148707866669e-02 7.498580962419509888e-03 4.712443426251411438e-02 2.791771548800170422e-04 2.628328278660774231e-02 1.487983483821153641e-02 3.975326567888259888e-02 3.245131671428680420e-02 4.890980198979377747e-02 4.450697451829910278e-03 4.487638175487518311e-02 2.178413048386573792e-02 1.430000178515911102e-02 1.499097514897584915e-02 3.983234614133834839e-02 5.814258009195327759e-03 2.939645573496818542e-02 6.292073056101799011e-03
4.473657906055450439e-02 5.081416293978691101e-02 1.388090699911117554e-01 1.634158007800579071e-02 9.987769648432731628e-03 3.278109058737754822e-02 2.436840161681175232e-02 4.866024851799011230e-01 3.395793028175830841e-04 1.218257658183574677e-02 3.798391669988632202e-02 2.662332728505134583e-02 4.283791035413742065e-02 3.733935579657554626e-02 1.123598292469978333e-01 1.690351963043212891e-02 1.155175641179084778e-02 3.914337232708930969e-02 2.135601267218589783e-02 2.219866961240768433e-02 3.691856190562248230e-02 1.712158322334289551e-02 3.817727847490459681e-04 1.380600687116384506e-02 3.852402046322822571e-02 2.032682765275239944e-03 6.098440382629632950e-03 7.163059432059526443e-03 1.248245127499103546e-02 4.245867952704429626e-02 5.355978012084960938e-02 2.656351402401924133e-02 4.008613899350166321e-02 4.808055236935615540e-02 1.494570076465606689e-02 3.531380742788314819e-02 2.085816860198974609e-02 1.646546460688114166e-02 2.374388091266155243e-02 1.749172993004322052e-02 3.017010353505611420e-02 2.806470915675163269e-02 2.471595443785190582e-02 4.630264267325401306e-02 5.356368608772754669e-03 1.028452906757593155e-02 2.956804260611534119e-02 5.914407595992088318e-02 1.755923777818679810e-02 4.313080385327339172e-02 6.600651144981384277e-02 2.749273180961608887e-02 1.799839548766613007e-02 3.564812941476702690e-03 2.443627454340457916e-02 3.788096830248832703e-02 4.413148015737533569e-02 2.175936661660671234e-02 1.149380332208238542e-04 1.244764588773250580e-02 4.103051871061325073e-02 9.012949652969837189e-03 8.554976433515548706e-03 2.031614771112799644e-03 2.312817610800266266e-02 2.585793659090995789e-02 2.198133617639541626e-03 4.922304302453994751e-02 2.873446792364120483e-02 2.663501352071762085e-02 2.551235817372798920e-02 2.039713039994239807e-02 2.234035357832908630e-02 4.322515334933996201e-03 2.601950056850910187e-02 1.872911490499973297e-02 2.244096808135509491e-02 1.434909272938966751e-02 3.018409200012683868e-02 7.788761984556913376e-03 1.309460401535034180e-01 1.034296974539756775e-01 8.697759360074996948e-03 3.773620352149009705e-02 1.958766020834445953e-02 4.564256221055984497e-02 1.149122864007949829e-01 6.463070213794708252e-02 1.751569099724292755e-02 9.203464724123477936e-03 4.119556862860918045e-03 2.867378527298569679e-03 3.302304446697235107e-02 3.705627471208572388e-02 1.297892350703477859e-02 2.538722194731235504e-02 1.343592442572116852e-02 1.032575313001871109e-02 3.505969420075416565e-02 1.860614493489265442e-02 2.809903956949710846e-02 1.143265049904584885e-02 1.935954089276492596e-03 5.239618476480245590e-03 3.691422939300537109e-02 4.767537117004394531e-02 1.477777585387229919e-02 3.462202847003936768e-02 2.803270146250724792e-02 1.813649758696556091e-02 1.463123830035328865e-03 9.431637823581695557e-03 5.347777158021926880e-03 3.189193829894065857e-02 7.669595070183277130e-04 1.286806724965572357e-02
3.152165189385414124e-02 4.086609929800033569e-02 3.620600327849388123e-02 3.886423259973526001e-02 3.202535584568977356e-02 4.604455083608627319e-02 3.567875176668167114e-02 3.395793028175830841e-04 5.151366591453552246e-01 1.037979125976562500e-01 1.747658662497997284e-02 1.549885957501828671e-03 3.739972412586212158e-02 1.745295897126197815e-02 4.219883307814598083e-02 5.849220603704452515e-02 5.392347648739814758e-02 3.714688867330551147e-02 2.575544640421867371e-02 4.716627672314643860e-02 2.100775763392448425e-02 3.935842961072921753e-02 4.132744297385215759e-02 3.498572856187820435e-02 3.928527235984802246e-02 3.316799923777580261e-02 2.127661928534507751e-02 5.679903924465179443e-02 1.979636726900935173e-03 2.177592553198337555e-02 3.228249261155724525e-03 7.366447825916111469e-04 1.474731508642435074e-02 2.912068273872137070e-03 1.132480520755052567e-02 1.235286705195903778e-02 2.098241634666919708e-02 2.161475643515586853e-02 1.355231273919343948e-02 4.987430572509765625e-02 3.559120744466781616e-02 1.281169336289167404e-02 5.648081656545400620e-03 3.483191831037402153e-03 3.997093811631202698e-02 4.161522537469863892e-02 2.960284613072872162e-02 4.009985178709030151e-02 4.093687981367111206e-02 3.315582498908042908e-02 6.671256385743618011e-03 4.077893681824207306e-03 5.206377059221267700e-02 3.211183473467826843e-02 2.833254449069499969e-02 4.601820185780525208e-02 1.584714092314243317e-02 6.512235384434461594e-03 2.308286353945732117e-02 7.017015595920383930e-04 1.108340639621019363e-02 1.939575746655464172e-02 2.896109782159328461e-02 4.000940918922424316e-02 3.262000158429145813e-02 1.088480371981859207e-02 4.902656003832817078e-02 4.945562034845352173e-02 8.419098705053329468e-02 1.929617114365100861e-02 8.448839187622070312e-02 3.022276610136032104e-02 4.140435904264450073e-02 2.961506694555282593e-02 3.769020363688468933e-02 1.693928241729736328e-02 9.866444766521453857e-02 9.360440820455551147e-02 6.753258407115936279e-02 6.057989224791526794e-02 2.030455321073532104e-02 1.879067160189151764e-02 3.306527808308601379e-02 3.523275628685951233e-02 4.627184942364692688e-02 1.632356457412242889e-02 8.621590211987495422e-03 4.463688936084508896e-03 5.416720733046531677e-02 9.720882400870323181e-03 2.768966741859912872e-02 3.501114249229431152e-02 2.413757517933845520e-02 4.866346344351768494e-02 1.386397611349821091e-02 1.939955167472362518e-02 1.784488372504711151e-02 1.677148602902889252e-02 4.559647664427757263e-02 3.300881758332252502e-02 2.306743338704109192e-02 3.489993396215140820e-04 2.907788939774036407e-02 3.810436278581619263e-02 6.174396839924156666e-04 3.993549942970275879e-02 1.204468961805105209e-02 2.880680561065673828e-02 1.026520272716879845e-03 1.157963275909423828e-02 1.168509945273399353e-02 3.313639014959335327e-02 3.070415370166301727e-02 4.403125494718551636e-02 3.116728551685810089e-02 2.613207884132862091e-02
2.221384085714817047e-02 1.900662854313850403e-02 7.098777685314416885e-03 1.102560851722955704e-02 4.548866301774978638e-02 4.698142781853675842e-02 5.110551789402961731e-02 1.218257658183574677e-02 1.037979125976562500e-01 5.169350504875183105e-01 1.823385973693802953e-04 5.084655806422233582e-02 4.267108812928199768e-02 5.387757439166307449e-03 4.864214360713958740e-02 6.740791723132133484e-04 3.515806049108505249e-02 5.737214535474777222e-02 7.316333800554275513e-02 4.635978117585182190e-02 2.202932536602020264e-02 2.758822031319141388e-02 2.542090788483619690e-02 6.146851554512977600e-02 3.887422755360603333e-02 4.190989583730697632e-02 8.763310499489307404e-03 1.339673902839422226e-02 3.424541279673576355e-02 2.395546063780784607e-02 3.419968485832214355e-02 3.866388229653239250e-03 1.433212868869304657e-02 1.065826602280139923e-02 9.680318762548267841e-04 1.698157191276550293e-02 9.221439249813556671e-03 1.221283897757530212e-02 2.613774966448545456e-03 3.560386365279555321e-03 3.596888482570648193e-02 3.583366796374320984e-02 2.321498095989227295e-02 1.947998441755771637e-02 3.338408842682838440e-02 5.963267013430595398e-02 3.729655221104621887e-02 3.731189668178558350e-02 1.946703717112541199e-02 8.155305683612823486e-02 1.717284135520458221e-02 2.680286765098571777e-02 3.132387995719909668e-02 3.401552885770797729e-02 2.216946147382259369e-02 9.375257790088653564e-02 1.510804053395986557e-02 4.918074980378150940e-02 5.410702899098396301e-03 2.225378714501857758e-02 3.381485119462013245e-02 4.429281130433082581e-02 4.400489479303359985e-02 3.049874864518642426e-02 1.497375965118408203e-02 4.735337570309638977e-03 4.637637361884117126e-02 3.071165643632411957e-02 6.616602651774883270e-03 9.099803864955902100e-03 6.712143868207931519e-02 3.579838667064905167e-03 3.631279990077018738e-02 2.297961153090000153e-02 5.068285018205642700e-02 4.264961555600166321e-02 1.575547154061496258e-03 1.252512335777282715e-01 4.736113920807838440e-02 1.096985787153244019e-01 3.655129671096801758e-02 2.868680283427238464e-02 8.724314160645008087e-03 8.327449858188629150e-02 3.566224873065948486e-02 4.364857077598571777e-02 1.156384591013193130e-02 5.266557261347770691e-02 2.348763495683670044e-02 9.695251472294330597e-03 1.723945699632167816e-02 3.790565207600593567e-02 7.149562705308198929e-03 1.665958762168884277e-02 3.387334570288658142e-02 3.695825859904289246e-02 1.281172968447208405e-02 1.732871867716312408e-02 1.001748815178871155e-02 1.843070983886718750e-02 2.312773652374744415e-02 2.003279514610767365e-03 2.395114675164222717e-02 3.783968091011047363e-02 4.773416742682456970e-02 3.058843500912189484e-02 9.367850609123706818e-03 2.334297262132167816e-02 1.318070571869611740e-02 6.984160863794386387e-04 3.303569741547107697e-03 4.183337837457656860e-02 3.662158548831939697e-02 5.344862863421440125e-02 9.827471338212490082e-03 1.404581591486930847e-02
1.422979831695556641e-01 1.244010254740715027e-01 7.758289109915494919e-03 2.643135935068130493e-02 4.515831544995307922e-02 6.954249739646911621e-02 6.052779406309127808e-02 3.798391669988632202e-02 1.747658662497997284e-02 1.823385973693802953e-04 5.100047588348388672e-01 2.962940558791160583e-02 1.355176717042922974e-01 3.654071688652038574e-02 3.663880750536918640e-02 1.494465104769915342e-04 9.664286859333515167e-03 2.176170609891414642e-02 2.233295468613505363e-03 2.686273120343685150e-02 1.684407889842987061e-02 6.151299923658370972e-02 3.689040243625640869e-02 4.660616442561149597e-02 1.101863477379083633e-02 1.023430190980434418e-02 3.036973066627979279e-02 2.303514396771788597e-03 1.307649910449981689e-02 1.742087490856647491e-02 2.025426179170608521e-02 1.155909430235624313e-02 3.142868727445602417e-02 2.487196773290634155e-02 2.770575322210788727e-02 2.583253011107444763e-02 1.019996218383312225e-02 3.449300304055213928e-02 3.006566315889358521e-02 4.179473221302032471e-02 6.410885136574506760e-03 6.921617314219474792e-03 9.568541310727596283e-03 1.046293228864669800e-02 3.290028125047683716e-02 2.032368071377277374e-02 8.803340792655944824e-02 1.733301766216754913e-02 3.119655186310410500e-03 2.118134498596191406e-02 2.974044904112815857e-02 2.185641042888164520e-02 3.484737500548362732e-02 4.560292139649391174e-02 8.318354375660419464e-03 4.521043971180915833e-02 3.421658650040626526e-02 4.581286385655403137e-02 2.671717666089534760e-02 1.376522518694400787e-02 4.754641652107238770e-02 4.317141696810722351e-02 3.591568395495414734e-02 2.693258784711360931e-02 2.200839295983314514e-02 2.131922543048858643e-02 3.397008031606674194e-02 1.970416493713855743e-02 1.739813573658466339e-02 2.135572955012321472e-02 3.547233715653419495e-02 3.119068779051303864e-02 4.296955093741416931e-02 4.005890805274248123e-03 1.585477590560913086e-02 3.939791023731231689e-02 6.651413161307573318e-03 1.582491770386695862e-02 4.174355417490005493e-03 7.461411296389997005e-04 3.438052954152226448e-03 1.593735441565513611e-02 2.916885726153850555e-02 3.066482767462730408e-02 2.763264440000057220e-02 1.524476613849401474e-02 4.402065649628639221e-02 4.507691040635108948e-02 9.267000481486320496e-03 3.413030505180358887e-02 6.629174202680587769e-02 1.997913233935832977e-03 3.367284312844276428e-02 9.246663190424442291e-03 1.685568317770957947e-02 3.572054579854011536e-02 1.745370100252330303e-03 2.961828373372554779e-02 4.350903630256652832e-02 1.778339035809040070e-02 4.083724692463874817e-02 2.757184952497482300e-02 1.188490632921457291e-02 2.171417325735092163e-02 2.410177700221538544e-02 1.282532885670661926e-02 8.218109607696533203e-03 4.541298002004623413e-02 2.541197091341018677e-02 4.638661444187164307e-02 4.447446018457412720e-02 3.892069682478904724e-02 2.581249736249446869e-02 2.363857068121433258e-02 3.492230549454689026e-03 3.163427487015724182e-02
5.719609558582305908e-02 4.319902881979942322e-02 1.598689705133438110e-02 1.529623102396726608e-02 1.098718587309122086e-02 6.644566357135772705e-02 4.887058213353157043e-02 2.662332728505134583e-02 1.549885957501828671e-03 5.084655806422233582e-02 2.962940558791160583e-02 5.118914246559143066e-01 1.598688401281833649e-02 1.391664594411849976e-01 2.529436023905873299e-03 2.532746642827987671e-02 2.413564920425415039e-02 1.748567633330821991e-02 5.095174163579940796e-02 2.757911384105682373e-02 2.889470942318439484e-02 3.940930217504501343e-02 5.779282376170158386e-02 4.556321352720260620e-02 1.933610439300537109e-02 2.664684131741523743e-02 8.209864608943462372e-03 9.967168420553207397e-02 2.178457565605640411e-02 9.683906286954879761e-02 2.236221916973590851e-02 6.214595958590507507e-02 1.737932860851287842e-02 4.625361785292625427e-02 1.239059865474700928e-02 1.286578085273504257e-02 2.276532910764217377e-02 1.122359838336706161e-02 2.652217820286750793e-02 1.969766058027744293e-02 3.168411180377006531e-02 2.778436057269573212e-03 5.655267462134361267e-02 2.731464430689811707e-02 3.921468928456306458e-02 4.258517641574144363e-03 4.150118306279182434e-02 1.255583483725786209e-03 4.073060676455497742e-02 1.250938698649406433e-02 2.550196088850498199e-02 3.361090272665023804e-02 4.609294608235359192e-02 4.543089121580123901e-02 1.636031456291675568e-02 7.186460308730602264e-03 4.294137656688690186e-02 3.467030450701713562e-02 2.717334032058715820e-02 2.350119687616825104e-02 4.641313850879669189e-02 4.513200372457504272e-02 5.281906947493553162e-02 1.734624430537223816e-02 2.206907793879508972e-02 3.556266054511070251e-02 2.264037262648344040e-03 4.023378342390060425e-02 4.089545831084251404e-02 2.602372504770755768e-02 3.922349959611892700e-02 3.940865024924278259e-02 2.002250403165817261e-02 3.481025248765945435e-02 2.296587824821472168e-02 4.738886281847953796e-02 3.890157490968704224e-02 1.735753379762172699e-02 3.429848700761795044e-02 4.846955835819244385e-02 1.747547090053558350e-02 1.990395039319992065e-02 1.275398861616849899e-02 1.794270612299442291e-02 6.833644118160009384e-03 4.502538219094276428e-02 1.371366996318101883e-02 2.054009959101676941e-02 2.223001234233379364e-02 2.156457118690013885e-02 9.570184163749217987e-03 3.148994222283363342e-02 6.623210385441780090e-03 3.208331763744354248e-02 1.100222952663898468e-02 3.185395523905754089e-02 2.654566429555416107e-02 1.790378987789154053e-02 2.879010699689388275e-02 1.397594343870878220e-02 3.620408475399017334e-02 1.901673711836338043e-02 2.967766951769590378e-03 3.365734126418828964e-03 3.503721952438354492e-02 2.167201600968837738e-02 2.685833536088466644e-02 9.260244667530059814e-03 2.804721146821975708e-02 1.195689477026462555e-02 2.399008348584175110e-02 2.677644602954387665e-02 1.922296732664108276e-02 2.609950862824916840e-02 1.211758982390165329e-02 2.859252132475376129e-02
9.834908694028854370e-02 1.112554892897605896e-01 2.266989089548587799e-02 4.069473221898078918e-02 4.016325622797012329e-02 6.354397535324096680e-02 7.720198482275009155e-02 4.283791035413742065e-02 3.739972412586212158e-02 4.267108812928199768e-02 1.355176717042922974e-01 1.598688401281833649e-02 5.120645761489868164e-01 2.229685336351394653e-02 4.048138856887817383e-02 1.405581738799810410e-02 3.952976781874895096e-03 1.654353924095630646e-02 5.101175047457218170e-03 2.826534025371074677e-02 1.131470501422882080e-02 6.437172740697860718e-02 8.864678442478179932e-03 1.514674816280603409e-02 1.250214781612157822e-02 9.083634940907359123e-04 8.641181513667106628e-03 4.996780771762132645e-03 3.612797707319259644e-02 5.802832543849945068e-03 4.177366197109222412e-02 4.175122827291488647e-03 2.305492199957370758e-02 4.780301824212074280e-03 4.294746741652488708e-02 5.536216776818037033e-03 4.462630022317171097e-03 1.550672389566898346e-02 3.563016653060913086e-02 4.463794082403182983e-02 3.924176469445228577e-02 2.835991419851779938e-02 9.890626184642314911e-03 4.958704579621553421e-03 1.028318051248788834e-02 5.158316809684038162e-03 7.765907049179077148e-02 4.236550256609916687e-02 2.388606965541839600e-02 3.801508620381355286e-02 1.367024146020412445e-02 2.783926203846931458e-02 3.825254365801811218e-02 3.483523800969123840e-02 4.943618085235357285e-03 2.419684082269668579e-02 1.177869457751512527e-02 2.452937141060829163e-02 3.117998875677585602e-02 8.534247055649757385e-03 4.079500213265419006e-02 3.683475777506828308e-02 3.012085333466529846e-02 1.679507270455360413e-02 3.196831047534942627e-02 1.684106327593326569e-02 4.006041586399078369e-02 1.742305792868137360e-02 1.786993071436882019e-02 2.989519154652953148e-03 4.708490148186683655e-02 4.098756983876228333e-02 4.158865660429000854e-02 1.703614369034767151e-02 1.099719479680061340e-02 1.404620055109262466e-02 3.961229696869850159e-03 7.123643532395362854e-03 1.056884974241256714e-02 5.963105708360671997e-03 9.983675554394721985e-03 1.731244148686528206e-03 2.629337832331657410e-02 2.464523166418075562e-02 2.496868930757045746e-02 1.845905440859496593e-03 2.961468510329723358e-02 4.455146566033363342e-02 2.042958885431289673e-02 4.232806339859962463e-02 4.741239547729492188e-02 6.774091627448797226e-03 3.592446818947792053e-02 2.551492117345333099e-02 4.428390413522720337e-02 3.099938854575157166e-02 3.034176304936408997e-02 8.127071894705295563e-03 1.464058458805084229e-02 1.213754713535308838e-02 4.543156176805496216e-02 1.922666095197200775e-02 1.867598481476306915e-02 7.855704985558986664e-03 3.717727959156036377e-02 7.625398226082324982e-03 4.315924644470214844e-02 4.063650220632553101e-02 5.089254304766654968e-02 3.962584957480430603e-02 2.076745033264160156e-02 1.329232100397348404e-02 3.928664326667785645e-02 6.243736948817968369e-03 3.021711250767111778e-03 4.545025154948234558e-02
