5.416346192359924316e-01 9.295450896024703979e-02 2.928196080029010773e-02 5.224978085607290268e-03 5.723118316382169724e-03 1.077047511935234070e-01 7.910355180501937866e-02 4.313919320702552795e-02 1.720442250370979309e-02 9.498622384853661060e-04 1.383271664381027222e-01 4.676994867622852325e-03 1.039857417345046997e-01 7.015734910964965820e-03 1.051588915288448334e-02 8.179709315299987793e-03 1.518626790493726730e-02 4.119170084595680237e-02 4.915576428174972534e-03 1.745450869202613831e-02 1.054013427346944809e-02 2.650734595954418182e-02 7.716799620538949966e-03 1.171496883034706116e-02 2.322971820831298828e-02 2.103921025991439819e-02 1.353830471634864807e-02 1.597646251320838928e-02 1.611120812594890594e-02 3.817624598741531372e-02 4.507413879036903381e-02 1.142020616680383682e-02 3.026399761438369751e-02 1.811708882451057434e-02 2.605530247092247009e-02 1.228000409901142120e-02 1.159818563610315323e-02 7.287149783223867416e-03 6.306522991508245468e-03 1.117350417189300060e-03 3.701834473758935928e-03 1.281694415956735611e-02 1.159895490854978561e-02 2.534221298992633820e-02 2.399698458611965179e-02 1.657181605696678162e-02 4.672331735491752625e-02 5.806755740195512772e-03 8.601990528404712677e-03 1.216068398207426071e-02 1.263589132577180862e-02 3.826188156381249428e-03 3.222366422414779663e-02 2.382026240229606628e-02 2.855559438467025757e-02 2.552777715027332306e-02 3.811230137944221497e-02 6.244859192520380020e-03 8.198479190468788147e-03 1.703853905200958252e-02 5.496889818459749222e-03 4.213770478963851929e-02 5.601125769317150116e-03 3.129917313344776630e-04 1.867226324975490570e-02 1.002025231719017029e-02 2.064923290163278580e-03 3.791929921135306358e-03 5.851646885275840759e-03 2.831845171749591827e-02 2.613554894924163818e-02 4.599515348672866821e-03 2.852512523531913757e-02 4.365879297256469727e-02 3.005320206284523010e-02 4.351785033941268921e-02 4.178916662931442261e-02 2.536306902766227722e-02 1.604308187961578369e-02 2.047539874911308289e-02 4.234048351645469666e-02 1.714941754471510649e-04 3.577164188027381897e-02 2.406899258494377136e-02 3.613638924434781075e-03 4.845975432544946671e-03 5.545663181692361832e-03 5.536756943911314011e-03 4.685731232166290283e-02 1.515017263591289520e-02 7.536425720900297165e-03 2.953048795461654663e-02 9.671639651060104370e-03 1.225272845476865768e-02 3.671266511082649231e-02 3.279067948460578918e-02 2.830836735665798187e-02 2.921582758426666260e-02 2.282346598803997040e-02 1.453022006899118423e-02 1.650637574493885040e-02 3.014279529452323914e-02 2.422189712524414062e-02 3.508059680461883545e-02 1.725907996296882629e-02 1.120163500308990479e-02 1.113699562847614288e-02 4.760522861033678055e-03 2.221001777797937393e-03 9.414916858077049255e-03 4.665001295506954193e-03 1.175006665289402008e-02 1.413206662982702255e-02 2.465177141129970551e-02 9.837979450821876526e-03 1.905907643958926201e-03
9.295450896024703979e-02 5.463489890098571777e-01 3.650524467229843140e-02 1.168028172105550766e-02 1.547277346253395081e-02 8.204162865877151489e-02 1.083386763930320740e-01 3.602249175310134888e-02 9.084770455956459045e-03 3.600966418161988258e-03 7.073576748371124268e-02 2.187877660617232323e-03 9.452732652425765991e-02 1.154590211808681488e-02 2.405122481286525726e-02 2.415226399898529053e-02 4.092435911297798157e-02 1.938493177294731140e-02 1.911355182528495789e-03 4.788920655846595764e-02 4.191673942841589451e-04 5.364157725125551224e-03 3.684182092547416687e-02 1.240421645343303680e-02 2.795940637588500977e-02 2.374725788831710815e-02 3.047534031793475151e-03 2.574233710765838623e-02 2.409034036099910736e-02 4.624375700950622559e-02 3.318483382463455200e-02 7.571746595203876495e-03 2.099125087261199951e-02 1.259473152458667755e-02 2.837489172816276550e-02 1.264519523829221725e-04 2.407769300043582916e-02 1.434164587408304214e-02 2.050156146287918091e-02 3.248640894889831543e-02 7.358638569712638855e-03 7.759845349937677383e-03 1.136769633740186691e-02 2.474798634648323059e-02 7.547073182649910450e-04 5.989175755530595779e-03 3.933921083807945251e-02 5.172267183661460876e-02 1.189015153795480728e-02 2.243466116487979889e-02 3.435491770505905151e-02 3.224687650799751282e-02 2.335945842787623405e-03 6.291114259511232376e-03 4.682866483926773071e-02 2.360859140753746033e-02 3.833584487438201904e-02 9.273883886635303497e-03 2.281622961163520813e-03 1.348937675356864929e-02 4.582761228084564209e-02 4.067399725317955017e-02 5.239910911768674850e-03 2.029542066156864166e-02 2.802974171936511993e-02 3.910045325756072998e-02 1.126193627715110779e-02 1.734250970184803009e-02 2.112580463290214539e-02 1.263604592531919479e-02 4.166445508599281311e-02 9.311584755778312683e-03 1.674054004251956940e-02 7.869311608374118805e-03 2.715121023356914520e-02 4.597518220543861389e-02 2.168904431164264679e-02 3.399209305644035339e-02 1.774463918991386890e-03 3.424522653222084045e-02 1.297252811491489410e-02 3.684233129024505615e-02 1.998246088624000549e-02 2.275074645876884460e-02 2.134233154356479645e-02 1.912082917988300323e-02 2.414661087095737457e-02 2.636975049972534180e-02 1.930946111679077148e-02 3.800005093216896057e-02 1.353187020868062973e-02 5.095844715833663940e-02 5.154839158058166504e-02 2.436192444292828441e-04 3.802463412284851074e-02 2.984449826180934906e-02 3.049696050584316254e-02 2.569698961451649666e-03 3.942868858575820923e-02 1.295768748968839645e-02 1.799052581191062927e-02 2.560551650822162628e-02 1.350350305438041687e-02 3.751625493168830872e-02 2.932740934193134308e-02 1.538328640162944794e-02 1.212948374450206757e-02 1.838767901062965393e-02 3.283938858658075333e-03 2.466655708849430084e-02 2.004246413707733154e-02 7.561780046671628952e-03 2.393418457359075546e-03 3.629938513040542603e-02 5.637284368276596069e-03 7.528544869273900986e-03
2.928196080029010773e-02 3.650524467229843140e-02 5.223552584648132324e-01 3.273729979991912842e-02 1.206070259213447571e-01 3.117522224783897400e-02 7.165322545915842056e-03 1.287372112274169922e-01 1.585423760116100311e-02 5.260969512164592743e-03 4.562465765047818422e-04 2.161450311541557312e-02 1.912139914929866791e-02 2.125719795003533363e-03 2.346455119550228119e-02 2.980094216763973236e-02 3.620626777410507202e-02 3.253682702779769897e-02 9.787718765437602997e-03 1.414999552071094513e-02 5.574172362685203552e-02 2.374999970197677612e-02 2.007273584604263306e-02 4.102196544408798218e-02 3.025167249143123627e-02 2.298256196081638336e-02 3.468597680330276489e-02 4.301951453089714050e-02 3.066579811275005341e-02 9.487834759056568146e-03 1.915023103356361389e-02 5.327055696398019791e-03 2.684907242655754089e-02 2.619515918195247650e-02 2.583465538918972015e-02 2.684487216174602509e-02 3.326921432744711637e-05 4.202974215149879456e-02 4.724576696753501892e-02 1.074426621198654175e-02 8.026538416743278503e-03 4.854100942611694336e-02 4.543929360806941986e-03 3.458786522969603539e-03 2.305374294519424438e-02 5.447325296700000763e-03 1.011135987937450409e-02 4.349721129983663559e-03 2.659290283918380737e-02 4.683603066951036453e-03 3.252970427274703979e-02 2.408632822334766388e-02 1.529001258313655853e-02 1.951461471617221832e-02 3.515108674764633179e-02 1.559168193489313126e-02 4.411366581916809082e-02 3.438944369554519653e-02 1.669075340032577515e-02 1.089403964579105377e-02 1.237174030393362045e-02 2.639275975525379181e-02 3.043372742831707001e-02 3.098019957542419434e-02 3.168041259050369263e-02 2.797295153141021729e-02 3.969504684209823608e-02 3.755334764719009399e-02 1.207931060343980789e-02 3.929152619093656540e-03 4.009943455457687378e-02 3.262968733906745911e-02 4.224495217204093933e-02 1.542247273027896881e-02 8.881529793143272400e-03 3.548221662640571594e-02 2.655819430947303772e-02 3.729584440588951111e-02 2.512370981276035309e-02 2.215039916336536407e-02 1.390460580587387085e-01 1.059096604585647583e-01 2.837586030364036560e-02 2.976671606302261353e-02 1.115705003030598164e-03 3.723626956343650818e-02 6.114934384822845459e-02 4.671959578990936279e-02 1.128845289349555969e-02 2.193230949342250824e-02 4.048347473144531250e-02 4.469126835465431213e-02 1.904876716434955597e-02 3.148793801665306091e-02 2.530053816735744476e-02 2.989183366298675537e-02 2.989785559475421906e-02 3.921404108405113220e-02 2.764987573027610779e-02 7.673687301576137543e-03 7.085097022354602814e-03 1.191137079149484634e-02 2.107155695557594299e-02 2.722534723579883575e-02 1.153358072042465210e-02 7.476649712771177292e-03 3.897766396403312683e-02 1.668382994830608368e-02 4.228873550891876221e-02 1.082460582256317139e-02 4.134637862443923950e-02 3.963363915681838989e-02 2.422282099723815918e-02 3.740815073251724243e-02 3.435854986310005188e-02 3.199224174022674561e-02
5.224978085607290268e-03 1.168028172105550766e-02 3.273729979991912842e-02 5.290396809577941895e-01 1.932550780475139618e-02 2.708496525883674622e-02 1.496493164449930191e-02 4.006500169634819031e-02 2.711445093154907227e-02 2.863061986863613129e-02 3.189443424344062805e-02 3.847681218758225441e-03 2.402360737323760986e-02 1.553187146782875061e-02 2.710787020623683929e-02 7.510085590183734894e-03 1.517005544155836105e-02 1.549564767628908157e-02 4.678015783429145813e-02 8.748021908104419708e-03 1.719592139124870300e-02 3.533911891281604767e-03 1.063723023980855942e-02 9.313627146184444427e-03 9.861566126346588135e-03 6.789920851588249207e-03 4.460155963897705078e-02 1.531992256641387939e-01 2.388248685747385025e-03 1.031116023659706116e-01 3.953931108117103577e-02 3.299841284751892090e-02 3.222592547535896301e-02 1.573282480239868164e-02 1.591050997376441956e-02 3.416210785508155823e-02 4.956925660371780396e-02 2.767594531178474426e-02 1.092354282736778259e-01 6.102011725306510925e-02 8.172657340764999390e-02 2.934266254305839539e-02 4.604340717196464539e-02 6.917466525919735432e-04 1.549260504543781281e-02 3.597604110836982727e-02 2.089595654979348183e-03 2.160915173590183258e-02 3.318797051906585693e-02 8.921093307435512543e-03 2.338138408958911896e-02 9.658287279307842255e-03 3.697121888399124146e-02 1.273738034069538116e-02 1.180996559560298920e-02 5.031486600637435913e-02 3.390608355402946472e-03 9.442640468478202820e-03 6.115575321018695831e-03 3.603196144104003906e-02 2.540414966642856598e-02 7.273375988006591797e-03 3.574601188302040100e-02 2.784733101725578308e-02 1.385541725903749466e-02 7.548599969595670700e-03 3.300823643803596497e-02 1.640494167804718018e-02 1.111172232776880264e-02 3.636912256479263306e-02 3.948435187339782715e-02 1.585126295685768127e-02 1.919495463371276855e-01 1.280397269874811172e-02 1.066299974918365479e-01 1.598362810909748077e-02 1.479043508879840374e-03 1.236134208738803864e-02 2.114897780120372772e-02 1.749456161633133888e-03 5.047903954982757568e-02 2.211099490523338318e-02 1.443642228841781616e-01 1.599445939064025879e-02 2.044371142983436584e-02 1.984433736652135849e-03 1.326458528637886047e-03 1.408359874039888382e-02 1.491740439087152481e-02 2.242523769382387400e-04 3.768889466300606728e-03 2.208198234438896179e-02 1.653673872351646423e-02 2.702462486922740936e-02 5.695106089115142822e-02 4.155626893043518066e-02 2.979308133944869041e-03 7.043741643428802490e-03 3.562440723180770874e-02 1.099844276905059814e-02 1.350187230855226517e-02 2.203706465661525726e-02 4.211491718888282776e-02 2.135045826435089111e-02 2.586653083562850952e-02 2.604254707694053650e-02 4.150799213675782084e-05 2.870601415634155273e-02 2.572706528007984161e-02 3.614575043320655823e-02 3.098496608436107635e-02 3.116998448967933655e-02 2.205338701605796814e-02 1.166326832026243210e-02 1.159481424838304520e-02 6.432104273699223995e-04
5.723118316382169724e-03 1.547277346253395081e-02 1.206070259213447571e-01 1.932550780475139618e-02 5.020052790641784668e-01 2.211605664342641830e-03 4.463219549506902695e-03 5.523057281970977783e-02 2.686994522809982300e-02 1.215468067675828934e-02 4.057184979319572449e-02 3.914530854672193527e-03 2.496135234832763672e-02 4.160151630640029907e-02 4.198820516467094421e-02 1.881424221210181713e-03 1.354226656258106232e-02 1.535258814692497253e-02 2.593803917989134789e-03 3.210746496915817261e-02 6.640017963945865631e-04 1.677042804658412933e-03 4.836137965321540833e-02 3.070127032697200775e-02 4.049978405237197876e-02 1.420506741851568222e-02 2.706438675522804260e-02 2.485011145472526550e-02 3.768404573202133179e-02 3.277004137635231018e-02 3.409883007407188416e-02 3.359233262017369270e-03 6.589987780898809433e-03 6.926164031028747559e-03 1.611204445362091064e-02 3.091653995215892792e-02 3.508464246988296509e-02 4.577363654971122742e-02 1.538098603487014771e-02 8.501549810171127319e-02 1.091462559998035431e-02 1.444936729967594147e-02 4.450944438576698303e-02 4.117279127240180969e-02 1.768204197287559509e-02 4.061750322580337524e-02 4.458880797028541565e-02 3.384763374924659729e-02 4.999156575649976730e-03 2.535547502338886261e-02 4.322351142764091492e-02 1.168859656900167465e-02 2.250533550977706909e-02 9.465111070312559605e-04 3.094634413719177246e-02 2.980212494730949402e-02 3.253081440925598145e-02 3.746681660413742065e-02 2.210143394768238068e-02 2.316408976912498474e-02 3.217883035540580750e-02 2.830336056649684906e-02 2.101336978375911713e-02 2.575212344527244568e-02 2.255826629698276520e-02 2.379776537418365479e-02 4.543666169047355652e-02 7.132353493943810463e-04 1.534553989768028259e-02 1.503355614840984344e-02 2.480595186352729797e-02 3.627333417534828186e-02 3.078513313084840775e-03 2.785868383944034576e-02 1.943526044487953186e-02 5.317731760442256927e-03 1.580664888024330139e-02 1.947386749088764191e-02 2.583195455372333527e-03 2.472369745373725891e-02 3.643546625971794128e-02 5.008787289261817932e-02 1.081454940140247345e-02 1.536458078771829605e-02 1.165999937802553177e-02 1.618430204689502716e-02 4.597920924425125122e-02 1.523054204881191254e-03 4.266213625669479370e-02 2.559052966535091400e-02 3.827176988124847412e-03 3.097248263657093048e-02 1.255300920456647873e-02 2.781065180897712708e-02 1.196650229394435883e-02 5.239391699433326721e-02 1.887515000998973846e-02 1.982420682907104492e-02 1.596826128661632538e-02 3.975446522235870361e-02 2.344639413058757782e-02 3.034768812358379364e-02 3.919250518083572388e-02 1.423881389200687408e-03 2.629831666126847267e-03 3.519853204488754272e-02 2.175627835094928741e-02 1.157120428979396820e-02 3.425833582878112793e-02 1.621465780772268772e-03 3.077351721003651619e-03 2.794747985899448395e-02 4.781539365649223328e-02 1.129108015447854996e-03 1.693771407008171082e-02 9.914545342326164246e-03
1.077047511935234070e-01 8.204162865877151489e-02 3.117522224783897400e-02 2.708496525883674622e-02 2.211605664342641830e-03 5.438856482505798340e-01 1.014046370983123779e-01 5.163861438632011414e-02 1.834810897707939148e-02 2.831449545919895172e-02 9.554933011531829834e-02 2.583968453109264374e-02 7.915166020393371582e-02 2.050073817372322083e-02 3.823645412921905518e-03 3.836197778582572937e-02 1.438921550288796425e-03 4.835173115134239197e-02 1.295094005763530731e-02 8.562920847907662392e-04 3.305971249938011169e-02 4.253362305462360382e-03 7.572985254228115082e-03 2.565035037696361542e-02 3.164796158671379089e-02 2.487585693597793579e-02 4.213386680930852890e-03 1.032440084964036942e-02 4.128904547542333603e-03 2.029887586832046509e-02 3.530699014663696289e-02 2.709948085248470306e-02 1.659911125898361206e-02 5.944344447925686836e-04 4.233193397521972656e-02 1.882128417491912842e-02 1.080852746963500977e-02 6.854262202978134155e-03 1.067933999001979828e-02 3.856887109577655792e-03 5.577734112739562988e-02 3.520530089735984802e-02 1.932579471031203866e-04 1.591804996132850647e-02 8.367056027054786682e-03 2.964805625379085541e-02 4.579950869083404541e-02 1.484432071447372437e-02 4.783202428370714188e-03 6.813354790210723877e-03 3.172025829553604126e-02 3.779025003314018250e-02 5.858887452632188797e-03 2.343301288783550262e-02 2.109074778854846954e-02 4.641343653202056885e-02 4.254273325204849243e-02 1.508320588618516922e-02 9.149723686277866364e-03 2.130419015884399414e-03 4.549801722168922424e-02 2.688687108457088470e-02 3.285051509737968445e-02 1.262710895389318466e-02 1.461377460509538651e-02 1.157861761748790741e-02 1.424254849553108215e-02 1.093946583569049835e-02 2.424200624227523804e-02 3.621552139520645142e-02 3.542688116431236267e-02 1.525048911571502686e-02 1.542222034186124802e-02 3.831500932574272156e-02 1.631714217364788055e-02 3.583490476012229919e-02 3.843504935503005981e-02 4.848671704530715942e-02 8.016054518520832062e-03 1.654782891273498535e-02 2.245168201625347137e-02 4.281057789921760559e-02 4.007467627525329590e-02 3.526046127080917358e-02 9.096102789044380188e-03 2.500302903354167938e-02 3.053406998515129089e-02 1.041518757119774818e-03 3.433171659708023071e-02 2.124979160726070404e-02 1.629484351724386215e-03 2.279747836291790009e-02 1.366343349218368530e-02 6.638044957071542740e-03 3.630681335926055908e-02 9.393752552568912506e-03 2.621675468981266022e-02 1.725650019943714142e-02 1.888643018901348114e-02 1.532426010817289352e-02 1.035343110561370850e-02 6.902318447828292847e-03 1.395538542419672012e-02 4.395707976073026657e-03 2.232688292860984802e-02 1.890621264465153217e-03 1.871807500720024109e-02 3.983433824032545090e-03 8.737887255847454071e-03 2.028136886656284332e-02 4.257278982549905777e-03 6.317191291600465775e-03 1.614413037896156311e-02 8.190282969735562801e-04 8.220518939197063446e-03 1.872901618480682373e-02
7.910355180501937866e-02 1.083386763930320740e-01 7.165322545915842056e-03 1.496493164449930191e-02 4.463219549506902695e-03 1.014046370983123779e-01 5.519790649414062500e-01 4.562561400234699249e-03 2.795456675812602043e-03 8.671073243021965027e-03 8.533840626478195190e-02 1.763382926583290100e-02 7.188706099987030029e-02 6.398147903382778168e-03 3.417792916297912598e-02 1.373281236737966537e-02 2.758609876036643982e-02 1.213167887181043625e-02 1.261114142835140228e-02 9.733423939906060696e-04 3.622825071215629578e-02 3.211607458069920540e-03 5.136589333415031433e-02 1.309864129871129990e-02 2.456764318048954010e-02 3.704917803406715393e-02 3.538922965526580811e-02 4.103099554777145386e-02 5.399504676461219788e-02 1.776793971657752991e-02 3.655630722641944885e-02 3.136804094538092613e-03 2.071772329509258270e-02 7.500757928937673569e-03 2.332117035984992981e-02 1.639054715633392334e-02 3.650467097759246826e-02 3.728521987795829773e-02 3.379513323307037354e-02 2.054423838853836060e-02 1.474240142852067947e-02 2.885616756975650787e-02 2.650975622236728668e-02 1.099139638245105743e-02 9.116397239267826080e-03 1.340363267809152603e-02 1.763693243265151978e-02 1.245255991816520691e-01 2.088754624128341675e-02 3.987938165664672852e-02 2.623992599546909332e-02 2.091263979673385620e-02 4.551352560520172119e-02 8.744422346353530884e-03 2.054532617330551147e-02 1.909156143665313721e-02 3.243067488074302673e-02 2.311190776526927948e-02 4.924792796373367310e-02 2.055819332599639893e-02 6.836602929979562759e-03 1.036817673593759537e-02 4.190805181860923767e-02 1.634051091969013214e-03 3.581172227859497070e-02 4.402928054332733154e-02 3.242554888129234314e-02 1.075122039765119553e-02 1.129946298897266388e-02 2.938976045697927475e-03 3.103081695735454559e-02 1.806927379220724106e-03 3.348031267523765564e-02 5.055560031905770302e-04 2.049392089247703552e-02 1.916055567562580109e-02 3.464480116963386536e-02 1.021935418248176575e-02 2.084466628730297089e-02 1.501332917541731149e-05 3.288440173491835594e-03 3.977498784661293030e-02 2.183039300143718719e-02 9.376833215355873108e-03 4.003849998116493225e-02 1.860321313142776489e-02 4.345227405428886414e-02 4.028816521167755127e-02 3.130049630999565125e-02 3.266236931085586548e-02 1.868362352252006531e-02 7.968576252460479736e-02 1.094367504119873047e-01 7.072506006807088852e-03 1.020262017846107483e-02 2.318723499774932861e-02 6.322093773633241653e-03 2.278423123061656952e-02 4.719114676117897034e-02 4.019429162144660950e-02 2.582547441124916077e-02 4.806208610534667969e-02 2.616421505808830261e-02 1.054152380675077438e-02 3.539174050092697144e-02 2.319765090942382812e-02 8.501198142766952515e-03 1.123209390789270401e-02 1.492487918585538864e-02 2.811480080708861351e-03 2.723451890051364899e-02 1.962763816118240356e-02 1.571431569755077362e-02 3.129835054278373718e-02 1.078599947504699230e-03 2.050099708139896393e-02
4.313919320702552795e-02 3.602249175310134888e-02 1.287372112274169922e-01 4.006500169634819031e-02 5.523057281970977783e-02 5.163861438632011414e-02 4.562561400234699249e-03 5.402094125747680664e-01 4.440138861536979675e-02 4.209112748503684998e-02 2.589653059840202332e-02 4.566340148448944092e-02 4.122079536318778992e-02 3.637162223458290100e-02 5.757725611329078674e-02 4.455650225281715393e-02 3.636968135833740234e-02 2.750196494162082672e-02 2.905395254492759705e-02 4.305911436676979065e-02 8.661192841827869415e-03 3.981546498835086823e-03 3.998566884547472000e-03 1.018289942294359207e-02 1.912527717649936676e-02 1.700798049569129944e-02 2.623501792550086975e-02 1.332048978656530380e-02 3.330232948064804077e-02 2.124134637415409088e-02 9.386740624904632568e-03 2.101300470530986786e-02 1.830632798373699188e-02 5.644928291440010071e-02 6.869884207844734192e-03 2.915967721492052078e-03 3.534973040223121643e-02 2.868940681219100952e-02 9.700006805360317230e-03 2.333195507526397705e-02 2.708953246474266052e-02 2.171025797724723816e-02 7.737500127404928207e-03 2.367764525115489960e-02 7.135755382478237152e-03 3.726416500285267830e-03 7.628629915416240692e-03 2.105658315122127533e-02 4.245739802718162537e-02 3.133000060915946960e-02 3.783157840371131897e-02 4.046492278575897217e-02 3.958296030759811401e-02 3.641164302825927734e-02 2.302035503089427948e-02 3.788174316287040710e-02 2.822308801114559174e-02 3.606366366147994995e-02 1.510281930677592754e-03 4.111480899155139923e-03 3.888197988271713257e-02 2.671848982572555542e-02 1.822195760905742645e-02 3.054472059011459351e-02 4.756718501448631287e-02 2.540512941777706146e-02 2.829506807029247284e-02 3.921054303646087646e-02 3.460782393813133240e-02 2.907422557473182678e-02 2.860692888498306274e-02 3.407678380608558655e-02 8.770070038735866547e-03 2.985904924571514130e-02 3.951983992010354996e-03 1.659495872445404530e-03 2.432713471353054047e-02 2.712147682905197144e-02 3.753418847918510437e-02 1.790531724691390991e-02 9.570478647947311401e-02 8.918736129999160767e-02 3.103574737906455994e-02 1.568042114377021790e-02 3.061648458242416382e-03 2.784620597958564758e-02 1.010685563087463379e-01 5.122225731611251831e-02 2.291883109137415886e-03 4.011479765176773071e-02 4.075039178133010864e-02 3.247619420289993286e-02 1.994983479380607605e-02 2.224242128431797028e-02 2.595180086791515350e-02 1.672313734889030457e-02 4.404900968074798584e-02 2.741433493793010712e-02 3.215236589312553406e-02 5.572959780693054199e-02 3.251523151993751526e-02 3.884242102503776550e-02 1.491636503487825394e-02 9.389434009790420532e-03 2.981663681566715240e-02 1.137720420956611633e-02 4.384477064013481140e-02 1.605189288966357708e-03 5.594597756862640381e-02 2.558958716690540314e-02 1.843816787004470825e-02 1.918184338137507439e-03 3.738837316632270813e-03 7.805004715919494629e-03 1.314920932054519653e-02 2.904918231070041656e-02
1.720442250370979309e-02 9.084770455956459045e-03 1.585423760116100311e-02 2.711445093154907227e-02 2.686994522809982300e-02 1.834810897707939148e-02 2.795456675812602043e-03 4.440138861536979675e-02 5.484131574630737305e-01 4.860527813434600830e-02 2.135985530912876129e-02 2.459250949323177338e-02 4.930056631565093994e-03 2.560554817318916321e-02 2.085295971482992172e-03 1.956509426236152649e-02 2.835587831214070320e-03 9.177065640687942505e-02 5.167745053768157959e-02 7.562029175460338593e-03 1.687217131257057190e-02 4.168704152107238770e-03 2.020925097167491913e-02 7.915671914815902710e-03 4.812778905034065247e-02 2.342189662158489227e-02 1.626672036945819855e-02 2.053432539105415344e-02 1.431779749691486359e-02 4.678254202008247375e-02 1.928076613694429398e-03 1.301462855190038681e-02 2.311238646507263184e-02 5.520915612578392029e-02 4.079159349203109741e-02 3.664198564365506172e-03 3.949955105781555176e-02 1.687872037291526794e-02 1.422002725303173065e-02 1.972671970725059509e-02 1.650184392929077148e-02 5.393368750810623169e-02 2.524749143049120903e-03 1.156906690448522568e-02 5.667527206242084503e-03 8.574044913984835148e-04 6.040581502020359039e-03 1.937339454889297485e-02 6.294295191764831543e-02 9.127694182097911835e-03 5.020605865865945816e-03 3.430783748626708984e-02 2.649713121354579926e-02 3.517632186412811279e-02 6.471673399209976196e-02 1.118691451847553253e-02 9.516350924968719482e-03 1.779612526297569275e-02 3.472971497103571892e-03 3.229724243283271790e-02 3.420090768486261368e-03 3.982482478022575378e-02 3.246094658970832825e-02 3.363445401191711426e-03 8.736656978726387024e-03 2.060363627970218658e-02 7.485930342227220535e-03 1.517876796424388885e-02 3.548730164766311646e-02 4.783128574490547180e-02 1.170359551906585693e-02 2.253929525613784790e-02 4.739272594451904297e-02 2.494060993194580078e-02 2.074040658771991730e-02 5.878370627760887146e-02 8.061765879392623901e-02 1.432652864605188370e-02 5.640592053532600403e-02 6.063123699277639389e-03 2.974654920399188995e-02 1.387345325201749802e-02 3.152230754494667053e-03 2.790669165551662445e-02 5.658898130059242249e-02 4.114825278520584106e-02 2.145525999367237091e-02 1.940746232867240906e-02 3.182424604892730713e-02 4.973730072379112244e-03 2.997136116027832031e-02 1.880086585879325867e-02 3.718097228556871414e-03 1.630863174796104431e-02 4.947955161333084106e-02 3.582763671875000000e-02 1.363751478493213654e-02 5.908657982945442200e-02 3.977444767951965332e-02 3.323006676509976387e-04 3.094635717570781708e-02 1.548783294856548309e-02 4.052275046706199646e-02 1.677748933434486389e-02 1.276692468672990799e-02 1.303957030177116394e-02 2.949168160557746887e-02 6.059680134057998657e-02 1.074652373790740967e-02 3.453032299876213074e-02 2.868953533470630646e-02 1.475568022578954697e-02 3.344423603266477585e-03 3.634103015065193176e-02 5.055230483412742615e-02 3.781956806778907776e-02
9.498622384853661060e-04 3.600966418161988258e-03 5.260969512164592743e-03 2.863061986863613129e-02 1.215468067675828934e-02 2.831449545919895172e-02 8.671073243021965027e-03 4.209112748503684998e-02 4.860527813434600830e-02 5.468099117279052734e-01 6.366947665810585022e-03 1.681330427527427673e-02 6.212130188941955566e-03 5.873797088861465454e-02 2.555457502603530884e-02 1.281885616481304169e-02 2.635039389133453369e-02 3.373368829488754272e-02 8.976121991872787476e-02 1.768332906067371368e-03 1.222239620983600616e-02 1.209131628274917603e-02 2.503793314099311829e-02 9.482203982770442963e-03 3.152093663811683655e-02 1.812095940113067627e-02 2.187861874699592590e-02 1.447492465376853943e-02 2.375618368387222290e-02 1.690449379384517670e-02 4.654564335942268372e-02 3.352988511323928833e-02 4.781842976808547974e-02 4.343499615788459778e-02 3.923902288079261780e-02 3.533497452735900879e-02 3.287945315241813660e-02 2.060292102396488190e-02 4.476908966898918152e-02 3.952579200267791748e-02 4.440332949161529541e-02 2.219517342746257782e-02 1.700525358319282532e-02 4.510210081934928894e-02 5.116648506373167038e-03 5.496051162481307983e-02 1.344203297048807144e-02 1.622829213738441467e-02 2.018749713897705078e-02 8.380372892133891582e-04 2.535377629101276398e-02 4.577706102281808853e-03 1.850085519254207611e-02 9.641253564041107893e-05 1.287366636097431183e-02 2.700093016028404236e-02 5.508057307451963425e-03 3.765225037932395935e-02 1.057849172502756119e-02 2.243822440505027771e-02 3.208692371845245361e-02 3.515158221125602722e-02 2.290354296565055847e-02 3.499209508299827576e-02 2.459670417010784149e-02 2.139486931264400482e-02 3.306881710886955261e-02 3.979681432247161865e-02 2.992162853479385376e-02 2.035400457680225372e-02 1.884950697422027588e-02 1.565654878504574299e-03 5.139899998903274536e-02 1.601158641278743744e-02 8.517228998243808746e-03 1.156248245388269424e-02 1.226509083062410355e-02 5.285583063960075378e-02 8.375911973416805267e-03 4.432865977287292480e-02 3.238486871123313904e-02 2.183185331523418427e-02 3.600276773795485497e-03 7.540095597505569458e-02 2.425903268158435822e-02 2.865863731130957603e-03 2.408897038549184799e-03 1.628137938678264618e-02 1.021959632635116577e-02 7.619680464267730713e-02 1.650781370699405670e-02 2.925158850848674774e-02 8.854525163769721985e-03 9.780218824744224548e-03 4.400167614221572876e-03 2.195490710437297821e-02 1.332894898951053619e-02 1.408064365386962891e-02 1.909984834492206573e-02 1.818544976413249969e-02 3.138747438788414001e-02 1.815154217183589935e-02 1.899931952357292175e-02 2.056374214589595795e-02 3.985170647501945496e-02 3.394145891070365906e-02 4.391457512974739075e-02 2.103481255471706390e-02 1.515989378094673157e-02 3.501463308930397034e-02 1.825425773859024048e-02 5.784932989627122879e-03 4.686784744262695312e-02 2.006448619067668915e-02 9.313848800957202911e-03 4.165916144847869873e-02
1.383271664381027222e-01 7.073576748371124268e-02 4.562465765047818422e-04 3.189443424344062805e-02 4.057184979319572449e-02 9.554933011531829834e-02 8.533840626478195190e-02 2.589653059840202332e-02 2.135985530912876129e-02 6.366947665810585022e-03 5.424548387527465820e-01 8.372170850634574890e-03 1.018364205956459045e-01 5.199663806706666946e-03 2.474168315529823303e-03 3.341176547110080719e-03 2.104678936302661896e-02 2.059748768806457520e-02 2.940665371716022491e-02 1.701964996755123138e-02 2.310508489608764648e-02 5.330234020948410034e-02 1.982662826776504517e-03 1.271839626133441925e-02 3.615432232618331909e-02 2.031194418668746948e-02 5.543183535337448120e-02 3.884982690215110779e-02 9.671579115092754364e-03 1.504522562026977539e-02 3.217294067144393921e-02 1.540138665586709976e-02 2.664327062666416168e-02 5.556781310588121414e-03 4.070791602134704590e-02 3.251584945246577263e-03 1.818359456956386566e-02 1.865641400218009949e-02 1.768041215837001801e-02 1.632398366928100586e-02 3.259887220337986946e-03 2.759348228573799133e-02 2.327102003619074821e-03 3.784717619419097900e-02 3.179040551185607910e-02 1.557067967951297760e-02 3.795964643359184265e-02 1.774336211383342743e-02 1.686263456940650940e-02 1.857610419392585754e-02 2.408419363200664520e-02 2.300345152616500854e-02 4.388743545860052109e-03 9.909034706652164459e-03 6.081046536564826965e-03 1.183508429676294327e-02 3.859126940369606018e-02 1.642441749572753906e-02 1.238126773387193680e-02 2.420494100078940392e-03 1.598460786044597626e-02 3.155146166682243347e-02 3.767127171158790588e-02 3.036718629300594330e-02 3.349234163761138916e-02 2.232089266180992126e-02 1.310833357274532318e-02 1.832248084247112274e-02 1.698731444776058197e-02 1.765580847859382629e-02 3.904993832111358643e-02 1.790771819651126862e-02 4.052731394767761230e-02 2.506997063755989075e-02 3.678820654749870300e-02 1.201719045639038086e-02 4.938757047057151794e-02 3.126512095332145691e-02 2.727952785789966583e-02 2.033142372965812683e-02 4.426075145602226257e-02 3.302691876888275146e-02 2.864119783043861389e-02 3.940818831324577332e-02 1.685988716781139374e-02 5.171157885342836380e-03 1.986307837069034576e-02 1.547537744045257568e-02 3.621763363480567932e-02 2.163743972778320312e-02 1.520039606839418411e-02 5.686442181468009949e-02 1.224455330520868301e-02 3.949654847383499146e-02 2.013044990599155426e-02 3.741785511374473572e-02 1.871915720403194427e-02 1.166424062103033066e-02 1.984601095318794250e-02 1.037898100912570953e-02 2.480498328804969788e-02 4.258629679679870605e-02 6.728140637278556824e-03 6.133387330919504166e-03 2.965789288282394409e-02 5.289862863719463348e-03 1.628668420016765594e-02 1.449823752045631409e-02 1.315333694219589233e-02 2.462048269808292389e-02 1.686485134996473789e-03 1.374197285622358322e-02 2.828742004930973053e-02 4.006135091185569763e-02 1.189536508172750473e-02 2.388758212327957153e-02
4.676994867622852325e-03 2.187877660617232323e-03 2.161450311541557312e-02 3.847681218758225441e-03 3.914530854672193527e-03 2.583968453109264374e-02 1.763382926583290100e-02 4.566340148448944092e-02 2.459250949323177338e-02 1.681330427527427673e-02 8.372170850634574890e-03 5.491581559181213379e-01 5.500424304045736790e-04 7.956239581108093262e-02 2.562182769179344177e-02 5.359190516173839569e-03 2.042743563652038574e-02 3.515851497650146484e-02 6.544004281749948859e-05 4.237082321196794510e-03 2.046181447803974152e-02 5.272018257528543472e-03 2.746945247054100037e-02 1.547748688608407974e-02 3.719295561313629150e-02 3.338547423481941223e-02 2.816376276314258575e-02 6.044159084558486938e-02 4.632729664444923401e-02 4.805970564484596252e-02 4.922733455896377563e-02 7.542195264250040054e-03 1.640470884740352631e-02 4.276714846491813660e-02 2.340069226920604706e-02 1.702472008764743805e-02 2.203387767076492310e-02 5.560994148254394531e-03 2.840870991349220276e-02 1.424021832644939423e-02 2.034730277955532074e-02 1.048801280558109283e-02 1.942685432732105255e-02 2.646123245358467102e-02 5.142033845186233521e-02 1.123650278896093369e-02 2.289114892482757568e-02 5.160841718316078186e-02 1.786825805902481079e-02 2.867711149156093597e-02 1.389158423990011215e-02 8.962654508650302887e-03 1.806458830833435059e-02 1.217911764979362488e-02 5.592280998826026917e-02 1.768579892814159393e-02 1.775810495018959045e-02 5.104424431920051575e-03 1.659270003437995911e-02 2.290380001068115234e-02 4.786655306816101074e-03 3.257180564105510712e-03 7.488728966563940048e-03 1.450678240507841110e-02 1.225895434617996216e-02 2.628006972372531891e-02 2.502855472266674042e-02 1.722901314496994019e-02 3.746750950813293457e-02 5.079312250018119812e-02 5.074151605367660522e-02 4.665680974721908569e-02 2.635838463902473450e-03 3.671472519636154175e-02 6.994229741394519806e-03 1.075332891196012497e-02 5.020091310143470764e-03 4.489982128143310547e-02 5.395814403891563416e-02 2.603677287697792053e-02 3.236015141010284424e-02 4.880149289965629578e-02 1.622482575476169586e-02 1.394184492528438568e-02 8.512863889336585999e-03 7.280558347702026367e-03 3.282214328646659851e-02 3.846393432468175888e-03 4.447376821190118790e-03 4.021963849663734436e-02 5.419482011348009109e-03 2.237797342240810394e-02 2.636537142097949982e-02 1.791021972894668579e-02 2.837849035859107971e-02 2.224133722484111786e-02 1.503895968198776245e-03 3.210162371397018433e-02 1.450887531973421574e-03 5.956608802080154419e-03 7.686399854719638824e-03 1.662483264226466417e-04 8.712047711014747620e-03 2.154389023780822754e-02 8.166032843291759491e-03 1.297342125326395035e-02 1.082297880202531815e-02 3.010562248528003693e-02 9.368047118186950684e-03 2.344337478280067444e-02 4.250445403158664703e-03 2.566454233601689339e-03 2.116976864635944366e-02 2.197179384529590607e-02 3.785189613699913025e-02 1.905870065093040466e-02
1.039857417345046997e-01 9.452732652425765991e-02 1.912139914929866791e-02 2.402360737323760986e-02 2.496135234832763672e-02 7.915166020393371582e-02 7.188706099987030029e-02 4.122079536318778992e-02 4.930056631565093994e-03 6.212130188941955566e-03 1.018364205956459045e-01 5.500424304045736790e-04 5.516425967216491699e-01 1.074715796858072281e-02 2.002897905185818672e-03 1.351404003798961639e-02 5.979032721370458603e-03 2.922252938151359558e-02 9.384702891111373901e-03 1.159982290118932724e-02 4.952519666403532028e-04 2.302092500030994415e-02 4.560607019811868668e-03 3.748218296095728874e-05 2.377946488559246063e-02 2.066440507769584656e-02 1.442497712559998035e-03 3.575460240244865417e-02 2.096412703394889832e-02 4.042109847068786621e-02 1.563443057239055634e-02 8.115570992231369019e-03 8.746641688048839569e-03 1.458987779915332794e-02 4.191718623042106628e-02 2.587817143648862839e-03 1.863786252215504646e-03 2.324493415653705597e-02 4.249144718050956726e-02 4.123990610241889954e-02 8.414609357714653015e-03 1.144266594201326370e-02 3.692832542583346367e-03 2.145765349268913269e-02 1.127760671079158783e-02 4.219502210617065430e-03 5.479898676276206970e-02 2.694192156195640564e-02 1.746011525392532349e-02 3.526525944471359253e-02 2.108611539006233215e-02 4.297222942113876343e-02 3.799142548814415932e-03 1.288098841905593872e-02 1.593902520835399628e-02 1.012361235916614532e-02 3.353782370686531067e-02 2.182803116738796234e-02 1.137944124639034271e-02 1.854952052235603333e-02 1.312275975942611694e-02 3.976911306381225586e-02 3.003740496933460236e-02 1.233795378357172012e-02 1.882928237318992615e-02 7.005859911441802979e-02 1.730426680296659470e-03 9.650878608226776123e-03 1.051320042461156845e-02 6.069461349397897720e-03 2.637996524572372437e-02 1.522179134190082550e-02 3.368282318115234375e-02 2.146532759070396423e-02 3.098785690963268280e-02 3.070994466543197632e-02 3.510983660817146301e-02 2.430950663983821869e-02 1.872191019356250763e-02 2.904358133673667908e-02 2.126987837255001068e-02 1.071167830377817154e-02 2.753161266446113586e-02 4.317134618759155273e-02 9.750385768711566925e-03 3.346279263496398926e-02 1.402463205158710480e-02 8.081374107860028744e-04 5.157298967242240906e-02 2.370721474289894104e-02 9.352222084999084473e-03 2.983244881033897400e-02 1.840469427406787872e-02 2.988285198807716370e-02 3.969302028417587280e-02 1.754998229444026947e-02 8.555634849471971393e-05 2.973689883947372437e-02 8.406691253185272217e-03 5.503223277628421783e-03 2.041553892195224762e-02 1.396082062274217606e-02 7.434661500155925751e-03 1.553432457149028778e-02 2.052607573568820953e-02 1.638016477227210999e-02 3.140026703476905823e-02 7.715256884694099426e-03 1.245218794792890549e-02 5.338888149708509445e-03 9.242204017937183380e-03 1.880725659430027008e-02 1.810171641409397125e-02 4.718199744820594788e-02 5.759430117905139923e-03 6.882005371153354645e-03
