5.183126330375671387e-01 1.367513686418533325e-01 3.497063182294368744e-03 3.807272389531135559e-02 2.443688549101352692e-02 1.060989573597908020e-01 8.603309094905853271e-02 3.139675408601760864e-02 4.340580105781555176e-02 5.920716561377048492e-03 1.025459468364715576e-01 4.622709378600120544e-02 1.167479306459426880e-01 3.969951719045639038e-02 3.090726211667060852e-02 4.113837331533432007e-02 2.802019752562046051e-02 5.172299221158027649e-02 1.554242148995399475e-02 3.319939225912094116e-02 1.898267865180969238e-02 9.601780213415622711e-03 3.205532580614089966e-02 4.576037824153900146e-02 1.253997161984443665e-02 4.756407067179679871e-02 1.443288661539554596e-02 4.161699116230010986e-02 2.507026307284832001e-03 1.740667410194873810e-02 7.511572539806365967e-02 2.939387224614620209e-03 1.177053991705179214e-02 3.473094850778579712e-02 5.899392813444137573e-02 3.608993068337440491e-02 7.329192885663360357e-05 4.879536107182502747e-02 3.427477926015853882e-02 4.232754558324813843e-02 1.245134323835372925e-02 7.671818137168884277e-03 5.473454017192125320e-03 1.489598490297794342e-02 2.893999451771378517e-03 1.892579533159732819e-02 8.098856359720230103e-02 4.535151645541191101e-02 2.746570482850074768e-02 8.053018711507320404e-03 1.904317468870431185e-04 3.642853721976280212e-02 4.953508824110031128e-02 4.169058427214622498e-02 1.238300185650587082e-02 1.037988625466823578e-02 3.541387850418686867e-04 9.950181469321250916e-03 4.160676524043083191e-02 2.358524501323699951e-02 4.294044524431228638e-02 1.357146352529525757e-02 8.205615915358066559e-03 2.468539215624332428e-02 6.853517610579729080e-03 2.764155156910419464e-02 1.119102165102958679e-02 3.057725541293621063e-02 2.884362183976918459e-04 6.209526211023330688e-02 1.312547456473112106e-02 5.710082873702049255e-02 2.824666351079940796e-02 3.159882128238677979e-02 3.008886985480785370e-02 5.453172698616981506e-02 2.833666466176509857e-02 4.298584163188934326e-02 2.475329115986824036e-02 1.868175342679023743e-02 3.189057111740112305e-02 5.659679323434829712e-02 7.439800538122653961e-03 3.363385039847344160e-04 3.658301755785942078e-02 2.168868295848369598e-02 2.599635906517505646e-02 1.505145989358425140e-02 2.222935855388641357e-02 2.610395476222038269e-02 4.464552178978919983e-02 2.846856415271759033e-02 6.905601918697357178e-02 2.097464166581630707e-02 3.380925627425312996e-03 1.430351007729768753e-02 1.196278259158134460e-02 3.296746639534831047e-03 2.111096167936921120e-03 3.745991736650466919e-02 3.834136575460433960e-02 3.948903083801269531e-02 2.099219523370265961e-02 1.399213168770074844e-02 2.999175107106566429e-03 4.000436514616012573e-02 4.118506796658039093e-03 2.385670877993106842e-02 3.106705844402313232e-02 1.863216795027256012e-02 1.786217465996742249e-02 3.525954112410545349e-02 2.636947855353355408e-02 1.467706635594367981e-02 1.391659025102853775e-02 2.841232903301715851e-02
1.367513686418533325e-01 5.081948637962341309e-01 1.343771908432245255e-02 8.691542781889438629e-03 1.097953505814075470e-02 8.779338747262954712e-02 1.111380904912948608e-01 4.491078108549118042e-02 4.245647042989730835e-02 1.727824285626411438e-02 7.376191020011901855e-02 4.678322002291679382e-02 1.046821549534797668e-01 6.184392049908638000e-02 2.427413128316402435e-02 2.923783473670482635e-02 2.075789496302604675e-02 4.902370274066925049e-02 2.618218585848808289e-02 2.917854860424995422e-02 4.124273255001753569e-04 1.157991006039083004e-03 1.782114151865243912e-03 3.869519010186195374e-02 5.141493864357471466e-03 5.007784441113471985e-02 1.927901431918144226e-02 1.146281789988279343e-02 3.290876001119613647e-02 1.629917509853839874e-02 6.754664331674575806e-02 4.327551648020744324e-02 4.364103451371192932e-02 2.234117873013019562e-02 3.733830526471138000e-02 2.056930772960186005e-02 2.672995999455451965e-02 1.734098605811595917e-02 4.274408519268035889e-02 3.458440769463777542e-03 3.549081832170486450e-02 1.037907972931861877e-02 6.779691204428672791e-03 2.861267514526844025e-02 3.297937288880348206e-02 1.016020216047763824e-02 8.754146844148635864e-02 5.089715868234634399e-02 4.106704890727996826e-02 8.013091050088405609e-03 1.061747502535581589e-02 1.078029721975326538e-02 5.361466482281684875e-02 3.544271364808082581e-02 1.293733716011047363e-02 1.655680313706398010e-02 1.167649962007999420e-02 1.958378404378890991e-02 8.796722628176212311e-03 3.046715445816516876e-02 7.085572462528944016e-03 1.207332871854305267e-02 2.679395547602325678e-04 1.309493929147720337e-02 1.865417696535587311e-02 2.033677883446216583e-03 7.299003656953573227e-03 3.238477557897567749e-02 1.379803381860256195e-02 4.607306420803070068e-02 3.460551379248499870e-03 5.099513754248619080e-02 4.434898495674133301e-03 3.194995597004890442e-02 4.326310474425554276e-03 3.942013159394264221e-02 2.148976922035217285e-02 4.509191587567329407e-02 1.168603729456663132e-02 4.850560799241065979e-02 4.990864917635917664e-02 4.586375877261161804e-02 1.627981103956699371e-02 9.243302047252655029e-03 5.760839674621820450e-03 5.089966952800750732e-02 2.371974848210811615e-02 1.563613116741180420e-02 1.913083344697952271e-02 1.296240952797234058e-03 3.162205591797828674e-02 2.204883377999067307e-03 6.203721836209297180e-02 9.858830599114298820e-04 2.406321436865255237e-04 2.521943673491477966e-02 4.109647590667009354e-03 4.451630171388387680e-03 2.649103989824652672e-03 1.268872898072004318e-02 1.004261523485183716e-02 5.110153928399085999e-02 3.327043727040290833e-02 3.008048795163631439e-02 1.418380439281463623e-02 4.764594137668609619e-02 3.036257810890674591e-02 2.230444177985191345e-02 3.341808542609214783e-02 5.205806810408830643e-03 1.456860918551683426e-03 2.372322045266628265e-02 5.454976111650466919e-02 1.976907812058925629e-02 2.809105440974235535e-02 8.066696464084088802e-04
3.497063182294368744e-03 1.343771908432245255e-02 4.831932187080383301e-01 5.080774053931236267e-02 4.002207145094871521e-02 3.756921505555510521e-03 5.117463879287242889e-03 1.434308439493179321e-01 1.305761281400918961e-02 7.544216234236955643e-03 2.802824415266513824e-02 9.436033666133880615e-03 6.797856651246547699e-03 3.310859203338623047e-02 1.490044314414262772e-02 1.661512628197669983e-02 7.129389327019453049e-03 2.348227612674236298e-02 1.200818084180355072e-02 2.968058921396732330e-02 1.983406953513622284e-02 3.505788370966911316e-02 4.295629262924194336e-02 6.946842186152935028e-03 3.466678783297538757e-02 4.478040710091590881e-02 5.563108995556831360e-02 3.830721974372863770e-02 1.411369536072015762e-02 1.734981313347816467e-02 4.598753154277801514e-02 2.345502004027366638e-02 1.753591373562812805e-02 4.623533040285110474e-02 2.999611757695674896e-02 4.679619520902633667e-02 4.131856933236122131e-02 7.060955278575420380e-03 3.565596416592597961e-02 1.330780331045389175e-02 3.766677528619766235e-02 3.332905471324920654e-02 8.057424798607826233e-03 4.420638084411621094e-02 1.371801365166902542e-02 1.961470814421772957e-03 1.335938088595867157e-02 3.853831067681312561e-02 3.917929530143737793e-02 2.043279819190502167e-02 3.764370828866958618e-02 6.519974209368228912e-03 4.148650169372558594e-02 2.012151293456554413e-02 1.872113719582557678e-02 4.173639416694641113e-02 3.276158124208450317e-02 2.893170714378356934e-02 4.171105474233627319e-02 4.193924739956855774e-02 1.287299860268831253e-02 5.085361003875732422e-02 1.701466739177703857e-02 1.762526482343673706e-02 3.853531554341316223e-02 4.759354144334793091e-02 4.465088248252868652e-03 1.219295058399438858e-02 7.199002895504236221e-03 2.622405439615249634e-02 2.007617615163326263e-02 1.927889138460159302e-02 2.513106353580951691e-02 9.422475472092628479e-03 1.365259662270545959e-02 1.767368614673614502e-02 2.764694392681121826e-02 4.196371883153915405e-02 2.257910557091236115e-02 2.975781261920928955e-02 1.511482894420623779e-01 9.047278761863708496e-02 3.352223336696624756e-02 2.157957293093204498e-02 1.976901106536388397e-02 2.447755448520183563e-02 7.844561338424682617e-02 5.536893010139465332e-02 6.485544727183878422e-04 5.031093209981918335e-02 5.363279208540916443e-02 2.994387969374656677e-02 3.785712411627173424e-03 4.276435822248458862e-03 3.509677574038505554e-02 7.701439782977104187e-03 1.907610334455966949e-02 4.713463783264160156e-02 3.168081864714622498e-02 2.490842714905738831e-02 3.884330019354820251e-02 1.464983541518449783e-02 2.042094012722373009e-03 3.034198423847556114e-03 4.009530320763587952e-02 3.382524475455284119e-02 3.183430433273315430e-02 2.174638397991657257e-02 3.117188997566699982e-02 1.233546715229749680e-02 2.057330869138240814e-02 1.719565317034721375e-02 4.823953658342361450e-02 1.215075328946113586e-02 3.154623508453369141e-02 2.896673046052455902e-02
3.807272389531135559e-02 8.691542781889438629e-03 5.080774053931236267e-02 4.873379766941070557e-01 1.847348064184188843e-01 1.375639531761407852e-02 7.366627454757690430e-03 3.829332813620567322e-02 4.515575617551803589e-02 3.503741696476936340e-02 1.661406480707228184e-03 3.074360638856887817e-02 3.716899082064628601e-02 5.633467808365821838e-02 2.397808432579040527e-02 2.418009564280509949e-02 5.425747111439704895e-02 8.438251679763197899e-04 1.926101185381412506e-02 2.400124445557594299e-02 1.378163602203130722e-02 3.735908120870590210e-02 2.198589779436588287e-02 3.448899835348129272e-02 1.218451466411352158e-02 1.508350716903805733e-03 2.248365990817546844e-02 6.116514280438423157e-02 1.249089185148477554e-02 1.324175670742988586e-02 2.085202559828758240e-02 1.172723527997732162e-02 2.670900430530309677e-03 1.542929001152515411e-02 2.100314199924468994e-02 2.236975170671939850e-02 3.043170459568500519e-02 3.571622073650360107e-02 9.743858128786087036e-02 1.264120936393737793e-01 4.147575795650482178e-02 2.166616357862949371e-02 4.259070381522178650e-02 2.168808504939079285e-02 1.865893416106700897e-02 3.753935173153877258e-02 4.109309241175651550e-02 3.380617126822471619e-02 2.747138217091560364e-02 1.812161691486835480e-02 3.031054511666297913e-02 3.356785699725151062e-02 3.034476423636078835e-03 2.145320363342761993e-02 2.312002703547477722e-02 1.461111288517713547e-02 2.681208774447441101e-02 1.762125524692237377e-03 2.392290625721216202e-03 9.497857536189258099e-04 3.430557623505592346e-02 3.016148880124092102e-02 1.669517345726490021e-02 2.510271593928337097e-02 8.765968494117259979e-03 9.046992287039756775e-03 1.146404258906841278e-02 2.106250450015068054e-02 1.715767756104469299e-02 2.489919029176235199e-02 1.972627505892887712e-04 2.772752568125724792e-02 2.014703005552291870e-01 1.101325638592243195e-02 1.653344556689262390e-02 3.185711801052093506e-02 4.143110662698745728e-02 2.972460538148880005e-02 1.832080259919166565e-02 6.337137520313262939e-02 2.904015034437179565e-02 2.681393548846244812e-02 1.168341338634490967e-01 1.393170375376939774e-02 3.308101370930671692e-02 2.231044135987758636e-02 3.411529585719108582e-02 3.901277855038642883e-02 2.534134313464164734e-03 4.104213044047355652e-02 2.136830985546112061e-02 5.217111483216285706e-02 3.246229514479637146e-02 2.694380283355712891e-02 3.422635048627853394e-02 3.299681842327117920e-02 4.486403614282608032e-02 7.366365753114223480e-03 4.229194484651088715e-03 1.481124758720397949e-02 2.867306396365165710e-02 4.139952361583709717e-02 4.429429396986961365e-02 5.968053359538316727e-03 7.756994664669036865e-02 1.136915199458599091e-02 2.619369328022003174e-02 5.326285958290100098e-03 1.584138534963130951e-02 1.930662617087364197e-02 3.327308595180511475e-02 3.237805142998695374e-02 2.809396013617515564e-02 2.439748868346214294e-02 2.988405758515000343e-04 2.301783487200737000e-02
2.443688549101352692e-02 1.097953505814075470e-02 4.002207145094871521e-02 1.847348064184188843e-01 4.874637424945831299e-01 1.081686187535524368e-02 3.212356567382812500e-02 4.553265497088432312e-02 6.018503918312489986e-04 1.202993188053369522e-02 2.504500746726989746e-02 3.843784332275390625e-02 2.459501288831233978e-02 1.023517642170190811e-02 1.136525813490152359e-02 1.900386624038219452e-02 4.754091426730155945e-02 3.173583745956420898e-02 1.566755026578903198e-02 2.001459710299968719e-02 5.450528115034103394e-03 8.547375909984111786e-03 1.005630660802125931e-02 2.119176089763641357e-02 3.273802995681762695e-02 4.264592006802558899e-02 5.707021337002515793e-03 3.635799884796142578e-02 5.000926181674003601e-02 2.658396027982234955e-02 1.529939286410808563e-02 1.822939701378345490e-02 9.387884289026260376e-03 3.863947093486785889e-02 1.761197112500667572e-02 2.057632664218544960e-03 4.256562516093254089e-02 7.635901682078838348e-03 3.145348653197288513e-02 1.680917292833328247e-01 1.164824515581130981e-02 2.656791545450687408e-02 3.943584486842155457e-02 3.075393103063106537e-02 6.609232630580663681e-03 2.842673659324645996e-02 3.686370700597763062e-02 3.704452887177467346e-02 3.714978229254484177e-03 1.741842553019523621e-02 3.997499123215675354e-02 3.495689481496810913e-02 9.839302860200405121e-03 5.624957755208015442e-02 2.391563542187213898e-02 1.443528104573488235e-02 2.163655335607472807e-05 2.267926000058650970e-02 1.290923729538917542e-02 1.679652743041515350e-02 1.471929345279932022e-02 1.549331354908645153e-03 3.380893263965845108e-03 2.393975481390953064e-02 2.595097059383988380e-03 2.282373234629631042e-02 3.830565512180328369e-02 3.244616463780403137e-02 4.504773765802383423e-02 2.456264570355415344e-02 1.504590827971696854e-02 1.387025788426399231e-02 1.595858931541442871e-01 6.774275004863739014e-02 1.854471564292907715e-01 1.030028332024812698e-02 3.746211528778076172e-02 3.303188085556030273e-02 3.995958250015974045e-03 8.210278302431106567e-02 7.218781393021345139e-03 1.043784245848655701e-02 5.080828070640563965e-02 9.224663674831390381e-02 3.753145039081573486e-02 1.700852625072002411e-02 1.531362882815301418e-03 4.587366804480552673e-02 2.836330421268939972e-02 4.084848240017890930e-02 2.049786038696765900e-02 1.694959704764187336e-03 4.635245725512504578e-02 2.591505460441112518e-02 3.235140582546591759e-03 2.575028687715530396e-03 4.300956788938492537e-04 5.266955122351646423e-03 3.300226107239723206e-02 3.504618629813194275e-02 3.266730904579162598e-02 1.861223392188549042e-02 3.635834902524948120e-02 7.962716743350028992e-03 1.957764476537704468e-02 2.668054774403572083e-02 1.340558286756277084e-02 4.120509140193462372e-03 3.890198841691017151e-02 7.781112799420952797e-04 1.665015146136283875e-02 6.760012358427047729e-03 1.326642930507659912e-02 4.274907056242227554e-03 8.015503175556659698e-03 1.536598335951566696e-02
1.060989573597908020e-01 8.779338747262954712e-02 3.756921505555510521e-03 1.375639531761407852e-02 1.081686187535524368e-02 5.108525156974792480e-01 1.420777738094329834e-01 4.369873553514480591e-02 1.999022252857685089e-02 2.995233051478862762e-02 5.979269742965698242e-02 1.364408060908317566e-02 6.481192260980606079e-02 3.682253137230873108e-02 4.263969138264656067e-02 2.753425948321819305e-02 1.998068951070308685e-02 3.456967824604362249e-04 3.449408710002899170e-02 4.056578502058982849e-02 3.194331750273704529e-02 3.510969132184982300e-02 1.543297991156578064e-02 3.834562376141548157e-02 6.386739201843738556e-03 4.091312736272811890e-02 1.808186993002891541e-02 2.481306903064250946e-02 3.593234717845916748e-02 4.259994253516197205e-02 3.525472059845924377e-02 1.252797059714794159e-02 1.419363450258970261e-02 5.297622829675674438e-02 1.046801824122667313e-02 1.507052313536405563e-02 5.526324361562728882e-02 4.007024317979812622e-02 2.792535116896033287e-03 1.542759686708450317e-02 1.131462492048740387e-02 1.725867018103599548e-02 7.887922227382659912e-03 5.039000418037176132e-03 4.446979146450757980e-04 5.285644903779029846e-02 1.115656271576881409e-01 7.812699675559997559e-02 2.381000109016895294e-02 6.461358629167079926e-03 2.714005112648010254e-02 4.831564798951148987e-02 1.192000508308410645e-02 2.239169925451278687e-02 1.157159730792045593e-02 2.021678350865840912e-02 1.127032004296779633e-02 2.892983378842473030e-03 1.850921101868152618e-02 2.099868655204772949e-02 5.871495231986045837e-02 1.548064686357975006e-02 1.036326400935649872e-03 5.309828557074069977e-03 4.481033235788345337e-02 1.500248350203037262e-02 4.566811490803956985e-03 4.509456455707550049e-02 1.490053161978721619e-02 1.369289308786392212e-02 2.159433625638484955e-02 2.407822757959365845e-02 7.617653813213109970e-03 8.665813133120536804e-03 1.440386194735765457e-02 9.000014513731002808e-03 2.850302122533321381e-02 4.642338305711746216e-02 3.936674818396568298e-02 2.931578084826469421e-03 9.070329368114471436e-03 2.112855575978755951e-02 4.122592508792877197e-02 1.412279251962900162e-02 5.704285576939582825e-02 8.477954193949699402e-03 2.036567591130733490e-02 5.186132341623306274e-02 1.568599976599216461e-02 8.733673021197319031e-03 1.953588426113128662e-02 6.007438898086547852e-02 6.347203254699707031e-02 3.142426162958145142e-02 4.514651000499725342e-02 1.348884496837854385e-02 2.522215433418750763e-02 3.878091694787144661e-03 1.829317025840282440e-02 4.033510386943817139e-02 3.251066058874130249e-02 4.032151028513908386e-02 6.520298775285482407e-03 4.666052386164665222e-02 2.455858513712882996e-02 2.205761708319187164e-02 3.767634183168411255e-02 2.531114779412746429e-02 3.227415308356285095e-02 5.674595385789871216e-02 3.129438683390617371e-02 2.428567223250865936e-02 7.562670856714248657e-03 1.770603656768798828e-02 7.402125280350446701e-03 3.498451039195060730e-02
8.603309094905853271e-02 1.111380904912948608e-01 5.117463879287242889e-03 7.366627454757690430e-03 3.212356567382812500e-02 1.420777738094329834e-01 5.160012245178222656e-01 2.717271260917186737e-02 1.612958312034606934e-02 3.940753638744354248e-02 6.607902795076370239e-02 3.840415738523006439e-03 9.592495858669281006e-02 6.982135772705078125e-02 1.142781809903681278e-03 4.151637107133865356e-02 4.721656069159507751e-02 6.584049202501773834e-03 6.069145165383815765e-03 4.092219844460487366e-02 3.332125023007392883e-02 4.457698762416839600e-02 2.525839954614639282e-02 4.207980632781982422e-02 4.551295656710863113e-03 4.108748957514762878e-02 1.540332473814487457e-02 6.994035560637712479e-03 2.184095978736877441e-02 3.992568701505661011e-02 3.097252175211906433e-02 3.430562093853950500e-02 3.728812187910079956e-02 1.060944888740777969e-02 1.348979771137237549e-02 3.958045318722724915e-02 2.143072895705699921e-02 3.729680180549621582e-02 1.680107973515987396e-02 2.706506475806236267e-02 2.302801236510276794e-02 3.738948330283164978e-02 1.035248767584562302e-02 2.169635891914367676e-02 4.501483216881752014e-02 7.917960733175277710e-02 1.292394399642944336e-01 1.188945695757865906e-01 4.268502071499824524e-02 2.124104835093021393e-02 4.341659322381019592e-02 4.519690200686454773e-02 4.183483868837356567e-02 2.637263014912605286e-02 3.660961613059043884e-02 4.664979875087738037e-03 3.340701386332511902e-02 1.993610337376594543e-02 2.585228998214006424e-03 4.011379182338714600e-02 5.449823290109634399e-02 7.534404285252094269e-03 5.882161669433116913e-03 9.612888097763061523e-03 9.923590347170829773e-03 1.338977180421352386e-02 1.199224777519702911e-02 4.087957739830017090e-02 1.597108133137226105e-02 3.114430233836174011e-02 2.339882217347621918e-02 1.920927315950393677e-02 2.085073292255401611e-02 6.636688485741615295e-03 2.112562023103237152e-02 1.813818118534982204e-03 9.584730491042137146e-03 2.119765058159828186e-02 4.593421518802642822e-02 2.219433337450027466e-02 9.710321202874183655e-03 3.045963868498802185e-02 3.417250514030456543e-02 3.382549434900283813e-02 2.299169544130563736e-03 5.463297944515943527e-03 4.775656759738922119e-02 2.842972241342067719e-02 2.361327176913619041e-03 3.924419358372688293e-02 6.135923415422439575e-02 4.045226424932479858e-02 1.021452769637107849e-01 2.483822405338287354e-02 2.715449221432209015e-02 9.713505394756793976e-03 1.327564939856529236e-02 1.470287516713142395e-02 2.752843871712684631e-02 2.041233703494071960e-02 4.379056394100189209e-02 4.502484574913978577e-02 2.589242532849311829e-02 2.931268513202667236e-02 1.929857023060321808e-02 3.551864251494407654e-02 2.268984448164701462e-03 1.101059839129447937e-02 7.694302592426538467e-03 8.568076416850090027e-03 7.233595941215753555e-03 3.474230319261550903e-02 1.862943731248378754e-02 7.743983063846826553e-03 3.189277276396751404e-02 2.616336196660995483e-02
3.139675408601760864e-02 4.491078108549118042e-02 1.434308439493179321e-01 3.829332813620567322e-02 4.553265497088432312e-02 4.369873553514480591e-02 2.717271260917186737e-02 4.841339588165283203e-01 1.054279040545225143e-02 1.975616998970508575e-02 4.911660030484199524e-02 1.158451195806264877e-02 8.466572500765323639e-03 2.149580977857112885e-02 9.727659821510314941e-02 2.936640195548534393e-02 4.208463244140148163e-03 2.159381983801722527e-03 3.471329109743237495e-03 1.756221614778041840e-02 4.968275316059589386e-03 1.254348736256361008e-02 5.633617285639047623e-03 5.062990239821374416e-04 3.985853120684623718e-02 3.824669867753982544e-02 4.189622029662132263e-02 6.605500727891921997e-02 1.307517103850841522e-02 5.956557113677263260e-03 5.138422921299934387e-02 3.590873628854751587e-02 1.889083720743656158e-02 2.242086641490459442e-02 6.484078709036111832e-03 1.480450946837663651e-02 3.428869321942329407e-02 5.057784542441368103e-02 4.542423877865076065e-03 3.041127137839794159e-02 3.782191500067710876e-02 2.734010480344295502e-02 3.534319624304771423e-02 2.469735220074653625e-02 7.349802181124687195e-03 2.643451280891895294e-02 2.700555138289928436e-02 3.543743630871176720e-03 9.425825439393520355e-03 2.891170792281627655e-02 8.762043900787830353e-03 2.669434808194637299e-02 1.176615338772535324e-02 1.677177660167217255e-02 4.606233537197113037e-02 3.732266137376427650e-03 4.648430645465850830e-02 7.403873838484287262e-03 2.153560519218444824e-02 9.029252454638481140e-03 2.994332835078239441e-02 4.831201583147048950e-02 1.316576171666383743e-02 3.080484271049499512e-02 1.234199479222297668e-02 2.580976113677024841e-03 2.750957384705543518e-02 1.282999292016029358e-02 1.320527307689189911e-02 1.086343731731176376e-02 1.047172117978334427e-02 1.218913868069648743e-02 2.073671482503414154e-02 1.983669213950634003e-02 6.102343089878559113e-03 1.551416981965303421e-02 2.468358725309371948e-03 1.427217945456504822e-02 3.221834078431129456e-03 6.079046986997127533e-03 1.376209855079650879e-01 8.702965080738067627e-02 1.281799748539924622e-02 1.140800677239894867e-02 2.603834494948387146e-02 2.715224400162696838e-02 9.080351889133453369e-02 8.596384525299072266e-02 1.892213895916938782e-02 2.748947590589523315e-03 9.296614676713943481e-03 2.063204348087310791e-02 9.221229702234268188e-03 1.248444058001041412e-02 3.867556527256965637e-02 3.740665689110755920e-02 1.391885243356227875e-02 8.942335844039916992e-03 2.189272269606590271e-02 4.172752425074577332e-02 4.197428002953529358e-03 3.386294469237327576e-02 1.507236342877149582e-02 1.064060349017381668e-02 4.233932495117187500e-02 4.104768484830856323e-02 8.334986865520477295e-03 1.605352200567722321e-02 1.139729097485542297e-02 3.673107177019119263e-02 4.766206257045269012e-03 4.346335679292678833e-02 2.119836769998073578e-02 3.417103365063667297e-02 2.559179067611694336e-02 2.505662664771080017e-02
4.340580105781555176e-02 4.245647042989730835e-02 1.305761281400918961e-02 4.515575617551803589e-02 6.018503918312489986e-04 1.999022252857685089e-02 1.612958312034606934e-02 1.054279040545225143e-02 5.071758627891540527e-01 4.163257405161857605e-02 3.701483085751533508e-02 3.352727741003036499e-02 2.254622988402843475e-02 4.441403225064277649e-02 5.022922530770301819e-02 1.280406117439270020e-02 1.814879290759563446e-02 6.516251713037490845e-02 5.230142176151275635e-02 2.982954308390617371e-02 1.146434061229228973e-02 2.631983160972595215e-02 3.111936897039413452e-02 1.045103836804628372e-02 3.061669878661632538e-02 8.221111260354518890e-03 2.587918937206268311e-02 4.518723115324974060e-03 2.642953023314476013e-02 2.227874938398599625e-03 5.391193553805351257e-02 6.238182540982961655e-04 1.148823928087949753e-02 2.688121423125267029e-02 2.937664277851581573e-02 6.210304796695709229e-02 3.985242452472448349e-03 1.231544371694326401e-02 3.291940689086914062e-02 1.437772880308330059e-03 1.086209784261882305e-03 7.488492131233215332e-02 4.664319567382335663e-03 2.571891807019710541e-02 6.787113845348358154e-03 2.159222215414047241e-02 1.092922780662775040e-02 8.351376280188560486e-03 5.927706137299537659e-02 1.483521773479878902e-03 1.576980017125606537e-02 2.535296976566314697e-02 5.059952288866043091e-02 8.364391513168811798e-03 6.895693391561508179e-02 1.220682729035615921e-02 3.085532784461975098e-02 3.411623649299144745e-03 4.220479726791381836e-02 3.990054503083229065e-02 4.265069961547851562e-02 3.101019002497196198e-02 2.817631699144840240e-02 2.243446744978427887e-02 4.302212595939636230e-02 4.196939244866371155e-02 6.388350576162338257e-02 1.175981946289539337e-02 4.836275056004524231e-02 5.931273335590958595e-04 2.296112291514873505e-02 1.265795808285474777e-02 2.122103003785014153e-03 1.452407613396644592e-02 3.772557154297828674e-02 3.933295980095863342e-02 1.176976636052131653e-01 1.743387617170810699e-02 8.695804327726364136e-02 2.145149558782577515e-02 1.564727723598480225e-02 1.666576042771339417e-02 7.198479026556015015e-02 4.139397665858268738e-02 1.134480908513069153e-02 1.106956228613853455e-02 2.963903918862342834e-02 2.144229225814342499e-02 5.250003933906555176e-02 5.231063440442085266e-02 2.942301332950592041e-03 3.935024887323379517e-02 1.438073720782995224e-02 1.891043223440647125e-02 5.891487002372741699e-02 3.483955562114715576e-02 9.401571936905384064e-03 1.921399869024753571e-02 3.871786221861839294e-02 1.234676130115985870e-02 5.885805003345012665e-03 6.615103222429752350e-03 4.342679679393768311e-02 2.634795382618904114e-02 4.150161147117614746e-02 3.196436539292335510e-02 4.643192142248153687e-02 4.828281328082084656e-02 1.230966858565807343e-02 3.930440917611122131e-02 3.204331267625093460e-03 2.741454169154167175e-02 8.187172934412956238e-03 2.275896444916725159e-02 3.114208346232771873e-03 5.265027284622192383e-03
5.920716561377048492e-03 1.727824285626411438e-02 7.544216234236955643e-03 3.503741696476936340e-02 1.202993188053369522e-02 2.995233051478862762e-02 3.940753638744354248e-02 1.975616998970508575e-02 4.163257405161857605e-02 5.124110579490661621e-01 3.702979534864425659e-02 5.949497222900390625e-02 7.413159590214490891e-03 1.566938869655132294e-02 4.316707700490951538e-02 6.353864818811416626e-02 4.766950383782386780e-02 3.824852034449577332e-02 1.280449237674474716e-02 2.159422077238559723e-02 1.339535415172576904e-02 3.872286528348922729e-02 3.894492983818054199e-02 4.834211990237236023e-02 2.388034947216510773e-03 3.989480435848236084e-02 4.408206045627593994e-02 3.859514370560646057e-02 1.759378239512443542e-02 3.602529689669609070e-02 1.630123821087181568e-03 4.157956317067146301e-02 2.659960649907588959e-02 9.890402667224407196e-03 2.573580481112003326e-02 2.327140420675277710e-03 2.070264518260955811e-02 9.024508297443389893e-03 1.128744147717952728e-02 3.234612196683883667e-02 4.139519482851028442e-02 1.503622159361839294e-02 1.999867614358663559e-03 6.112136878073215485e-03 6.762038450688123703e-03 4.545265436172485352e-02 1.617079251445829868e-03 2.046245936071500182e-04 2.284778282046318054e-02 6.867832690477371216e-02 2.460710704326629639e-02 3.068494237959384918e-02 5.892749875783920288e-02 3.771240357309579849e-03 4.326760303229093552e-03 6.405662000179290771e-02 3.124022856354713440e-03 3.368641808629035950e-02 3.754237666726112366e-02 2.832071296870708466e-02 3.701623901724815369e-02 1.447843015193939209e-02 1.171379256993532181e-02 5.636639427393674850e-03 4.321474209427833557e-02 5.006670206785202026e-02 2.356673358008265495e-03 4.363265261054039001e-02 4.607627168297767639e-02 4.710483178496360779e-02 7.658330351114273071e-02 1.806924119591712952e-02 5.114777758717536926e-02 5.449192598462104797e-02 1.866526156663894653e-02 3.841573779936879873e-04 3.135639429092407227e-02 1.006856486201286316e-01 4.386008903384208679e-02 5.381603911519050598e-02 4.037978942506015301e-05 3.679091855883598328e-02 2.211706340312957764e-02 8.501466363668441772e-03 5.615130066871643066e-02 2.203392609953880310e-02 3.490047529339790344e-02 3.596261888742446899e-02 2.320189960300922394e-02 4.105182364583015442e-02 2.439343743026256561e-02 2.626904752105474472e-03 4.791880026459693909e-03 1.239757612347602844e-02 2.833747770637273788e-03 1.603967696428298950e-02 1.269015390425920486e-02 3.796661645174026489e-02 5.391550250351428986e-03 4.489501565694808960e-02 6.519582821056246758e-04 1.047154143452644348e-02 4.942607134580612183e-02 1.639159210026264191e-02 1.753623783588409424e-02 2.012403123080730438e-02 1.331610511988401413e-02 3.384513035416603088e-02 3.485571965575218201e-02 3.545032069087028503e-02 1.419483404606580734e-02 3.884838521480560303e-02 4.174845293164253235e-02 5.724050477147102356e-02 1.504416204988956451e-02 1.267572306096553802e-02
1.025459468364715576e-01 7.376191020011901855e-02 2.802824415266513824e-02 1.661406480707228184e-03 2.504500746726989746e-02 5.979269742965698242e-02 6.607902795076370239e-02 4.911660030484199524e-02 3.701483085751533508e-02 3.702979534864425659e-02 5.204682350158691406e-01 2.276542410254478455e-02 1.080363914370536804e-01 2.328162081539630890e-02 4.693266749382019043e-02 3.023175708949565887e-02 4.751435015350580215e-03 2.543764561414718628e-02 2.015176974236965179e-02 3.153021633625030518e-02 1.193164940923452377e-02 3.664011508226394653e-02 3.997142240405082703e-02 4.484289512038230896e-02 1.271348819136619568e-02 1.787210698239505291e-03 3.884831443428993225e-02 2.019870281219482422e-02 5.906611680984497070e-02 1.647937484085559845e-02 8.445127308368682861e-02 5.158536881208419800e-02 2.544054202735424042e-02 1.307869423180818558e-02 1.742863468825817108e-02 2.572244592010974884e-02 2.688092738389968872e-02 5.051438882946968079e-02 3.986565396189689636e-02 1.794859394431114197e-02 4.447780374903231859e-04 5.116385594010353088e-02 7.961973547935485840e-03 3.534940257668495178e-02 1.132190786302089691e-02 1.994610391557216644e-02 7.362248003482818604e-02 6.181122735142707825e-02 1.808698289096355438e-02 2.177125774323940277e-02 1.478130370378494263e-02 4.975926876068115234e-02 3.255045413970947266e-02 7.897259667515754700e-03 2.903263270854949951e-02 4.736867174506187439e-02 3.078753501176834106e-02 1.225090492516756058e-02 1.889518275856971741e-02 4.997938871383666992e-03 6.387709174305200577e-03 5.371817201375961304e-02 4.949918016791343689e-02 3.774848580360412598e-02 6.801808625459671021e-02 7.916396111249923706e-02 2.201436832547187805e-02 3.312214836478233337e-02 1.949928142130374908e-02 1.117950864136219025e-02 2.413582988083362579e-02 2.197017427533864975e-03 4.717699438333511353e-02 2.382094413042068481e-02 2.769755944609642029e-02 3.782993927597999573e-02 4.352589324116706848e-02 1.501286681741476059e-02 1.287700049579143524e-02 1.023725606501102448e-02 4.069608449935913086e-02 2.522193361073732376e-03 9.069188497960567474e-03 3.624751791357994080e-02 2.540847845375537872e-02 4.119617864489555359e-02 1.374566461890935898e-02 2.911541378125548363e-03 1.584301143884658813e-02 1.034838333725929260e-02 8.277323842048645020e-02 5.206435918807983398e-02 5.846973508596420288e-02 1.951147429645061493e-02 4.863782305619679391e-05 9.479477070271968842e-03 4.887716472148895264e-02 1.738710515201091766e-02 1.138752978295087814e-02 1.751780882477760315e-02 8.619563654065132141e-03 1.622001174837350845e-03 6.032945588231086731e-02 2.719829976558685303e-02 2.672208286821842194e-02 1.160547882318496704e-02 8.057627826929092407e-03 3.783146291971206665e-02 3.319665789604187012e-02 1.521334704011678696e-02 2.758342400193214417e-02 2.285230904817581177e-02 1.644605305045843124e-03 2.376719377934932709e-02 3.113288991153240204e-02 3.687397390604019165e-02
4.622709378600120544e-02 4.678322002291679382e-02 9.436033666133880615e-03 3.074360638856887817e-02 3.843784332275390625e-02 1.364408060908317566e-02 3.840415738523006439e-03 1.158451195806264877e-02 3.352727741003036499e-02 5.949497222900390625e-02 2.276542410254478455e-02 4.999593496322631836e-01 4.292692616581916809e-02 1.765896081924438477e-01 2.966881170868873596e-02 3.156461939215660095e-02 1.970328390598297119e-02 6.277784705162048340e-04 3.861930593848228455e-02 5.193277075886726379e-02 1.524844206869602203e-02 4.262072592973709106e-02 5.730349197983741760e-02 3.155940398573875427e-02 5.406170748756267130e-05 4.149718955159187317e-02 2.920146286487579346e-02 4.069735854864120483e-02 4.685289226472377777e-03 2.888321503996849060e-02 3.853215835988521576e-03 4.278166964650154114e-02 2.384760975837707520e-02 1.745018176734447479e-02 4.121056199073791504e-02 1.926165632903575897e-02 2.677318826317787170e-02 2.349295280873775482e-02 1.512563228607177734e-02 1.745069399476051331e-02 3.851744905114173889e-02 5.326177924871444702e-02 1.986961578950285912e-03 3.525697439908981323e-02 1.728364527225494385e-01 1.942145079374313354e-02 7.227473892271518707e-03 2.336813509464263916e-02 4.277510568499565125e-03 4.171800985932350159e-02 3.559544309973716736e-02 3.194684628397226334e-03 4.122243449091911316e-02 3.786269202828407288e-02 4.343145340681076050e-02 2.617563866078853607e-02 2.952208183705806732e-02 3.524919738993048668e-03 4.495892301201820374e-02 4.082563892006874084e-02 1.756770350039005280e-02 1.046315394341945648e-02 5.867128260433673859e-03 6.240795366466045380e-03 4.408449679613113403e-02 5.119116604328155518e-02 2.484860084950923920e-02 9.497334249317646027e-03 3.353503346443176270e-02 3.511539846658706665e-02 1.606757752597332001e-02 4.829965159296989441e-02 1.257979404181241989e-02 2.712188661098480225e-02 2.892057970166206360e-02 1.868396252393722534e-02 2.799147740006446838e-02 5.187940597534179688e-02 1.146686896681785583e-01 3.815850988030433655e-02 3.010885603725910187e-02 3.466739133000373840e-02 2.551447041332721710e-02 5.122680217027664185e-02 3.062157519161701202e-02 4.870370496064424515e-03 2.630749344825744629e-02 4.023289680480957031e-02 3.211227804422378540e-02 2.057970687747001648e-02 1.753937266767024994e-02 2.961921691894531250e-02 1.278235018253326416e-02 4.724747315049171448e-02 2.922789752483367920e-02 1.200404670089483261e-02 3.494387865066528320e-02 4.267108067870140076e-02 1.275995094329118729e-02 2.554199099540710449e-02 3.993556275963783264e-02 8.612064644694328308e-03 8.235275745391845703e-03 4.002760723233222961e-02 2.259242814034223557e-03 3.963863477110862732e-02 3.916725516319274902e-02 7.839916273951530457e-03 3.174760565161705017e-02 4.696173965930938721e-02 2.777479775249958038e-02 1.678181439638137817e-02 4.366324841976165771e-02 2.050020918250083923e-02 2.573342621326446533e-02 2.933064103126525879e-02
1.167479306459426880e-01 1.046821549534797668e-01 6.797856651246547699e-03 3.716899082064628601e-02 2.459501288831233978e-02 6.481192260980606079e-02 9.592495858669281006e-02 8.466572500765323639e-03 2.254622988402843475e-02 7.413159590214490891e-03 1.080363914370536804e-01 4.292692616581916809e-02 5.246868133544921875e-01 5.518283694982528687e-02 6.156986579298973083e-02 7.640148047357797623e-03 7.603471633046865463e-03 2.573637850582599640e-02 1.310468651354312897e-02 5.840265192091464996e-03 1.994715444743633270e-02 3.957987576723098755e-02 2.732303552329540253e-02 2.472332492470741272e-02 1.027001813054084778e-02 1.773697324097156525e-02 2.579638920724391937e-02 2.641339786350727081e-03 5.301127210259437561e-02 4.971598833799362183e-02 9.245850145816802979e-02 5.523798987269401550e-03 3.747994545847177505e-03 4.571287427097558975e-03 1.563872024416923523e-02 2.231296710669994354e-02 1.185997202992439270e-02 3.406034782528877258e-02 2.847312577068805695e-02 1.657081767916679382e-02 3.382261469960212708e-02 4.256395623087882996e-02 2.162108663469552994e-03 1.465032901614904404e-02 3.873686119914054871e-02 1.097978278994560242e-02 9.412700682878494263e-02 6.719646602869033813e-02 5.007894337177276611e-02 2.614597044885158539e-02 2.769667282700538635e-02 4.692659527063369751e-02 1.673470437526702881e-02 3.414584323763847351e-02 2.294614166021347046e-02 3.387837111949920654e-02 4.938111826777458191e-02 3.254296630620956421e-02 5.780981853604316711e-02 1.787456497550010681e-02 1.420906558632850647e-02 3.737315535545349121e-02 6.020544841885566711e-02 5.325634405016899109e-02 5.898226797580718994e-02 8.064373582601547241e-02 2.798050455749034882e-02 2.414742670953273773e-02 2.189796417951583862e-02 7.411295082420110703e-03 1.263975980691611767e-03 2.113931067287921906e-02 1.247611548751592636e-02 4.121172055602073669e-02 3.603442758321762085e-02 4.952020570635795593e-02 4.513208940625190735e-02 2.863194234669208527e-02 6.661185179837048054e-04 1.518883276730775833e-02 4.673226922750473022e-02 1.122056413441896439e-02 1.316364668309688568e-02 4.581827204674482346e-03 1.785631477832794189e-02 2.524230070412158966e-02 1.566373556852340698e-02 3.401606529951095581e-02 6.371179968118667603e-02 3.140975162386894226e-02 5.297201126813888550e-02 6.395845860242843628e-02 7.385364919900894165e-02 4.436713084578514099e-02 2.112060785293579102e-02 1.317322254180908203e-03 4.244949296116828918e-02 2.054928429424762726e-02 1.083661802113056183e-02 2.704475261270999908e-02 3.129281103610992432e-03 1.817524246871471405e-02 3.006009943783283234e-02 7.272493094205856323e-03 3.661273047327995300e-02 3.037350066006183624e-02 5.803558509796857834e-03 5.569372698664665222e-02 4.289648681879043579e-02 1.151768676936626434e-02 3.074422851204872131e-02 2.423254400491714478e-02 1.697131805121898651e-02 2.117524668574333191e-02 3.746537491679191589e-02 2.493480406701564789e-02
