5.283553004264831543e-01 9.880664199590682983e-02 1.658881548792123795e-03 8.481589611619710922e-04 6.367696914821863174e-03 4.172380641102790833e-02 7.563125342130661011e-03 1.359914545901119709e-03 4.923530388623476028e-03 7.469615899026393890e-03 4.824282601475715637e-02 1.752391085028648376e-02 4.287730157375335693e-02 5.404115654528141022e-03 2.826168574392795563e-02 2.485224045813083649e-02 1.837925240397453308e-02 3.290172666311264038e-02 4.145710915327072144e-02 9.711126796901226044e-03 4.153005778789520264e-03 5.325786303728818893e-03 7.306015584617853165e-03 6.465379614382982254e-03 2.408591099083423615e-02 1.676948741078376770e-02 1.636311598122119904e-02 5.474791862070560455e-03 1.909877173602581024e-02 3.786402568221092224e-02 7.732886355370283127e-03 4.460874199867248535e-02 2.021914161741733551e-02 4.598829522728919983e-02 3.817804157733917236e-02 3.495253995060920715e-02 4.359484463930130005e-02 3.407537238672375679e-03 5.404374003410339355e-02 1.855087094008922577e-02 2.893187850713729858e-02 2.019152231514453888e-02 3.179906681180000305e-02 3.047141619026660919e-02 2.643574215471744537e-02 5.066995695233345032e-02 1.978406310081481934e-02 2.880896814167499542e-02 2.442598901689052582e-02 3.854662925004959106e-02 1.722250878810882568e-02 2.265195176005363464e-02 5.158748943358659744e-03 1.796318031847476959e-02 3.053885139524936676e-02 4.446546733379364014e-02 4.511298611760139465e-03 1.801468059420585632e-02 2.547670714557170868e-02 3.283275524154305458e-03 3.380788490176200867e-02 4.521440714597702026e-02 1.620393060147762299e-02 5.099958926439285278e-02 1.003153342753648758e-02 1.425348035991191864e-02 3.061434021219611168e-03 5.910140462219715118e-03 2.785818465054035187e-02 1.112831663340330124e-02 3.139968216419219971e-02 8.963896892964839935e-03 1.029592473059892654e-02 1.372952945530414581e-02 7.215776946395635605e-03 1.676017791032791138e-02 7.867930456995964050e-03 9.125407785177230835e-03 4.108343645930290222e-02 5.850462988018989563e-02 1.070367265492677689e-02 3.549433872103691101e-02 1.268613990396261215e-02 1.822743751108646393e-02 4.070467129349708557e-02 3.838722035288810730e-02 4.223256837576627731e-03 2.840835601091384888e-03 4.616765677928924561e-02 5.973887443542480469e-02 2.622326649725437164e-02 3.323591081425547600e-04 3.304036706686019897e-02 1.098163053393363953e-02 2.937945723533630371e-02 3.081238456070423126e-02 3.199829161167144775e-02 9.717224165797233582e-03 2.371815498918294907e-03 1.388736907392740250e-02 8.568275719881057739e-03 2.335223741829395294e-02 2.144392021000385284e-02 3.552912175655364990e-02 3.199324384331703186e-02 4.165981337428092957e-02 1.877557486295700073e-02 7.622467353940010071e-03 2.393701672554016113e-02 6.503818556666374207e-03 8.481025695800781250e-03 8.809357881546020508e-03 1.159440632909536362e-02 2.851673960685729980e-02 8.172277361154556274e-03 3.338836506009101868e-02
9.880664199590682983e-02 5.244685411453247070e-01 1.514438632875680923e-02 7.408989127725362778e-03 7.442612200975418091e-03 5.989932641386985779e-02 3.098692744970321655e-02 1.308543048799037933e-02 3.108744509518146515e-03 1.491454523056745529e-02 2.103958278894424438e-02 2.243921346962451935e-02 6.738380342721939087e-02 2.585241571068763733e-02 2.716850675642490387e-02 5.367569997906684875e-02 3.684401512145996094e-02 1.994165964424610138e-02 1.837580464780330658e-02 1.109459996223449707e-02 4.650545772165060043e-03 1.957282051444053650e-02 6.279213353991508484e-03 1.925531541928648949e-03 4.402287676930427551e-02 2.477507852017879486e-02 3.010387159883975983e-02 1.817847788333892822e-02 3.169198334217071533e-02 3.856148570775985718e-02 4.417968541383743286e-02 5.360548943281173706e-02 3.788051754236221313e-02 4.191541299223899841e-02 3.919994831085205078e-02 2.152192406356334686e-02 1.414295658469200134e-02 8.828099817037582397e-03 3.283545607700943947e-03 3.078762255609035492e-02 1.655878685414791107e-02 2.024509385228157043e-02 3.963175415992736816e-02 1.496394071727991104e-02 3.349814936518669128e-02 1.271097268909215927e-02 3.653699904680252075e-02 6.905292719602584839e-02 1.422709878534078598e-02 1.313664112240076065e-02 2.389073930680751801e-02 1.509614475071430206e-02 3.309165313839912415e-02 1.130912732332944870e-02 4.598285630345344543e-02 2.925275079905986786e-02 1.713902340270578861e-03 3.172105550765991211e-02 4.426723718643188477e-02 1.348911668173968792e-03 2.440213598310947418e-02 4.895302280783653259e-02 8.776736445724964142e-03 2.764708548784255981e-02 4.905946552753448486e-02 1.380297169089317322e-02 2.331709302961826324e-02 1.642794697545468807e-03 3.972839936614036560e-02 2.283338271081447601e-02 3.659838438034057617e-02 1.606964133679866791e-02 1.806394010782241821e-02 3.244157508015632629e-02 1.881580799818038940e-02 1.821233145892620087e-02 1.060707145370543003e-03 3.168056951835751534e-03 4.734196513891220093e-02 3.859386965632438660e-02 1.799628511071205139e-02 3.249652683734893799e-02 3.092519752681255341e-02 2.341678366065025330e-02 9.295119903981685638e-03 4.562114551663398743e-02 1.130377873778343201e-02 8.123620413243770599e-03 2.247803844511508942e-02 5.158528313040733337e-02 2.086142310872673988e-03 2.784125693142414093e-02 6.701626628637313843e-02 2.683480829000473022e-02 4.099604859948158264e-02 1.631081290543079376e-02 2.052542567253112793e-02 1.434595673345029354e-03 5.406134761869907379e-03 1.516011543571949005e-02 2.938460372388362885e-02 1.297311577945947647e-02 5.284937843680381775e-02 4.496441036462783813e-02 3.433339670300483704e-02 2.524765953421592712e-02 3.435949608683586121e-02 1.937190815806388855e-02 4.737039655447006226e-02 1.258400548249483109e-02 7.180750835686922073e-03 2.684376575052738190e-02 7.915873080492019653e-03 4.112108424305915833e-02 4.355329275131225586e-02 1.540457177907228470e-02
1.658881548792123795e-03 1.514438632875680923e-02 5.135630965232849121e-01 2.244816627353429794e-03 3.205452114343643188e-02 4.399099573493003845e-02 4.216719418764114380e-02 6.469399482011795044e-02 7.656260393559932709e-03 4.672651644796133041e-03 2.106454968452453613e-02 1.743490248918533325e-02 1.094709243625402451e-02 2.967427484691143036e-02 1.888719014823436737e-02 6.982757244259119034e-03 1.163727603852748871e-02 3.956136479973793030e-02 6.743401288986206055e-03 3.465550392866134644e-02 1.828593434765934944e-03 1.949711143970489502e-02 6.349113769829273224e-03 1.479926053434610367e-02 3.404976055026054382e-02 4.960943013429641724e-02 1.134292315691709518e-02 1.188228279352188110e-02 9.756462532095611095e-04 1.959585584700107574e-02 3.448323532938957214e-02 1.548392465338110924e-03 1.857794448733329773e-02 7.800641003996133804e-03 4.303056374192237854e-02 3.904317691922187805e-02 2.280691638588905334e-02 7.976898923516273499e-04 2.754059806466102600e-02 1.650284393690526485e-03 6.041216664016246796e-03 2.138509415090084076e-02 8.372658863663673401e-03 8.882940746843814850e-03 1.920855022035539150e-03 1.613567396998405457e-02 4.542938619852066040e-02 1.850732415914535522e-02 3.866332769393920898e-02 2.420884929597377777e-02 4.054178670048713684e-02 1.407898310571908951e-02 1.850821077823638916e-02 3.901272546499967575e-03 1.934338361024856567e-02 4.004500806331634521e-02 3.932896256446838379e-02 2.115146815776824951e-02 2.429149299860000610e-02 2.268139459192752838e-02 3.553595393896102905e-02 4.335517808794975281e-02 1.984968408942222595e-02 1.618587598204612732e-02 8.588311262428760529e-03 1.209726836532354355e-02 5.078039597719907761e-03 5.772071890532970428e-03 2.254643477499485016e-03 3.774304687976837158e-02 4.625075671356171370e-04 2.427194453775882721e-02 6.739281117916107178e-03 3.975580632686614990e-02 2.289233729243278503e-02 8.026853203773498535e-03 1.436959300190210342e-02 2.687409333884716034e-02 3.682164847850799561e-02 4.922836646437644958e-02 1.217515394091606140e-01 8.470368385314941406e-02 1.088407542556524277e-02 2.348157204687595367e-02 9.945590980350971222e-03 1.110107079148292542e-02 3.478718921542167664e-02 3.809617832303047180e-02 2.984468825161457062e-02 4.497494548559188843e-02 1.310553494840860367e-02 6.871044635772705078e-03 2.820488065481185913e-02 4.053484648466110229e-03 7.549002184532582760e-04 2.039582654833793640e-02 5.209718830883502960e-03 5.813846364617347717e-03 3.822964429855346680e-02 4.821852222084999084e-02 2.751721441745758057e-02 1.591250672936439514e-02 1.941177807748317719e-02 3.793454542756080627e-02 3.206355869770050049e-02 3.546978905797004700e-02 2.437211386859416962e-02 1.860814727842807770e-02 2.380541898310184479e-02 1.364769320935010910e-02 8.794996887445449829e-03 4.278093948960304260e-02 6.241099908947944641e-03 1.010581292212009430e-02 6.574673950672149658e-02 8.384375274181365967e-02
8.481589611619710922e-04 7.408989127725362778e-03 2.244816627353429794e-03 5.272517204284667969e-01 1.560904085636138916e-01 1.813371345633640885e-04 3.541778400540351868e-02 2.661547623574733734e-02 4.378395155072212219e-02 2.486955560743808746e-02 4.498159885406494141e-02 1.245896914042532444e-03 4.095331765711307526e-03 5.779727362096309662e-03 3.592127934098243713e-02 2.775784768164157867e-02 4.680506885051727295e-02 1.472890842705965042e-02 8.252619206905364990e-02 3.885957598686218262e-02 1.969098486006259918e-02 3.914793208241462708e-02 1.943580619990825653e-02 3.786983713507652283e-02 4.440544918179512024e-02 3.558630123734474182e-03 4.161768779158592224e-02 4.866348206996917725e-02 2.186596207320690155e-02 3.746394300833344460e-03 2.063613384962081909e-02 2.698576822876930237e-02 1.194586046040058136e-03 1.950304768979549408e-02 1.321699470281600952e-02 1.223496347665786743e-02 1.455042627640068531e-03 1.325789280235767365e-02 7.453197147697210312e-03 3.403378068469464779e-04 1.146595180034637451e-02 3.840882796794176102e-03 1.889411546289920807e-02 3.714568167924880981e-02 6.658743135631084442e-03 3.219765424728393555e-02 4.055924341082572937e-02 1.531824097037315369e-02 1.374377496540546417e-02 1.291874446906149387e-03 3.600583598017692566e-02 3.994151204824447632e-02 1.047045644372701645e-02 1.330335857346653938e-03 3.855159878730773926e-02 1.717006042599678040e-02 2.490592189133167267e-02 4.795291170012205839e-04 2.104670181870460510e-02 4.330036230385303497e-03 7.293911278247833252e-02 3.540329635143280029e-02 3.323285281658172607e-02 4.713465645909309387e-02 7.786478381603956223e-03 4.594116285443305969e-02 2.386190928518772125e-02 3.559304773807525635e-02 6.654473394155502319e-02 4.250311758369207382e-03 1.860494725406169891e-02 3.441039472818374634e-02 1.223286762833595276e-01 4.532892256975173950e-03 9.675031900405883789e-02 1.024525146931409836e-02 5.598624702543020248e-03 2.113211713731288910e-02 8.948510512709617615e-03 7.089583668857812881e-03 2.802924253046512604e-03 1.684687100350856781e-02 2.882034890353679657e-02 3.589126840233802795e-02 5.158019438385963440e-02 3.833080874755978584e-03 3.654070943593978882e-02 4.887052997946739197e-02 2.754670009016990662e-02 1.821060106158256531e-02 2.688884176313877106e-02 3.121609799563884735e-02 2.309205941855907440e-02 1.199129316955804825e-02 2.627679891884326935e-02 6.495629251003265381e-02 1.132177561521530151e-02 3.149086551275104284e-04 2.575086057186126709e-02 2.906372584402561188e-02 3.646505624055862427e-02 4.494711011648178101e-02 1.104074437171220779e-02 1.013196446001529694e-02 2.579581923782825470e-02 8.735143579542636871e-03 2.878504060208797455e-02 5.138532444834709167e-02 4.100069031119346619e-02 2.300556004047393799e-02 1.162977237254381180e-02 2.415099181234836578e-02 2.525012008845806122e-02 2.709398232400417328e-02 1.884041167795658112e-02 2.653160877525806427e-02
6.367696914821863174e-03 7.442612200975418091e-03 3.205452114343643188e-02 1.560904085636138916e-01 5.301321744918823242e-01 1.542007457464933395e-02 4.789576679468154907e-02 3.672207519412040710e-02 2.869167923927307129e-02 3.121571429073810577e-02 2.167843095958232880e-02 1.169618964195251465e-02 3.040139377117156982e-02 1.265394780784845352e-02 3.387629240751266479e-02 3.554639115463942289e-04 3.394731134176254272e-02 4.885774571448564529e-03 3.396422788500785828e-02 1.206749491393566132e-02 5.775810219347476959e-03 1.687246188521385193e-02 3.513099625706672668e-02 4.308683052659034729e-02 1.129311043769121170e-03 3.820117563009262085e-02 1.680666394531726837e-02 4.538944363594055176e-02 3.888000734150409698e-03 6.598605308681726456e-03 1.896550878882408142e-02 2.000640891492366791e-02 1.132682058960199356e-02 2.382610552012920380e-02 4.609060660004615784e-02 2.323739416897296906e-02 1.305312616750597954e-03 4.435601830482482910e-02 1.516398135572671890e-02 6.974922027438879013e-03 4.998222924768924713e-03 2.679240889847278595e-02 3.534919396042823792e-02 3.319635987281799316e-02 1.495538558810949326e-02 3.478796407580375671e-02 5.257203057408332825e-02 3.113313205540180206e-02 3.408532589673995972e-02 3.725340357050299644e-03 3.561742603778839111e-02 2.405293285846710205e-02 4.074202850461006165e-02 2.884936705231666565e-02 1.698300614953041077e-02 2.487409114837646484e-02 1.471720729023218155e-02 1.519976742565631866e-02 2.636519819498062134e-02 1.355597004294395447e-02 5.291782319545745850e-02 4.194675385951995850e-02 4.971063137054443359e-02 4.245068132877349854e-02 2.630331739783287048e-02 4.654275998473167419e-02 1.037692092359066010e-02 4.682377948483917862e-06 7.095456123352050781e-02 3.388508409261703491e-02 2.830858342349529266e-02 4.875810816884040833e-02 1.029618531465530396e-01 2.965816482901573181e-02 1.024494990706443787e-01 3.475063294172286987e-02 1.398374908603727818e-03 8.977071382105350494e-03 1.630795560777187347e-02 2.938732039183378220e-03 4.122717771679162979e-03 4.124674946069717407e-02 1.538392249494791031e-02 2.518969029188156128e-02 2.584489621222019196e-02 2.135979942977428436e-02 4.768981784582138062e-02 7.425397168844938278e-03 1.345545798540115356e-02 2.141504921019077301e-02 4.678665101528167725e-02 2.413235791027545929e-02 4.011365771293640137e-02 6.020805798470973969e-03 4.752320051193237305e-02 7.175780832767486572e-02 3.161679953336715698e-02 2.898899279534816742e-02 4.208568111062049866e-02 2.935563027858734131e-02 4.543007910251617432e-02 2.861715480685234070e-02 1.287396345287561417e-02 2.163342572748661041e-02 4.992853850126266479e-02 2.702903561294078827e-02 4.104188643395900726e-03 5.103620141744613647e-02 2.338623069226741791e-02 2.900473214685916901e-02 1.986393332481384277e-02 3.568472713232040405e-02 4.273501783609390259e-02 6.286634132266044617e-03 3.192374482750892639e-02 3.277160599827766418e-02
4.172380641102790833e-02 5.989932641386985779e-02 4.399099573493003845e-02 1.813371345633640885e-04 1.542007457464933395e-02 5.263878703117370605e-01 1.245392113924026489e-01 2.517910674214363098e-03 1.870739506557583809e-04 2.871833369135856628e-02 5.550948902964591980e-03 4.799471795558929443e-02 3.368945792317390442e-02 3.821556270122528076e-02 1.103772502392530441e-02 1.485755853354930878e-02 1.821279729483649135e-04 4.301707446575164795e-02 2.803768776357173920e-02 4.909113794565200806e-02 1.327261328697204590e-02 7.679806556552648544e-03 1.222421787679195404e-02 3.246374893933534622e-03 3.566069900989532471e-02 4.389198496937751770e-02 1.645391993224620819e-02 1.501732226461172104e-02 1.543326117098331451e-02 1.996051333844661713e-02 5.911773815751075745e-02 4.804618284106254578e-02 1.920972252264618874e-03 2.765531092882156372e-02 1.110507640987634659e-02 2.719945833086967468e-02 1.378334406763315201e-02 3.003698959946632385e-02 4.187932983040809631e-02 3.727315366268157959e-02 2.675516717135906219e-02 4.351947456598281860e-02 3.691241890192031860e-02 3.022799268364906311e-02 6.114895921200513840e-03 3.000820614397525787e-02 1.202292740345001221e-01 9.622775018215179443e-02 1.868080347776412964e-02 4.995506256818771362e-03 4.600577522069215775e-03 1.829688996076583862e-02 2.768982201814651489e-02 2.878740662708878517e-03 1.116017717868089676e-02 2.667673863470554352e-03 1.866506598889827728e-02 3.639043867588043213e-02 4.726300388574600220e-02 1.635404676198959351e-02 1.539290882647037506e-02 3.620162606239318848e-02 2.652580849826335907e-02 4.385501518845558167e-02 2.921749465167522430e-02 1.978333480656147003e-02 4.601291567087173462e-02 1.030977466143667698e-03 1.110587082803249359e-02 4.861659836024045944e-04 1.709748804569244385e-02 5.620318930596113205e-03 3.290804848074913025e-02 2.971777878701686859e-02 2.094234898686408997e-02 6.264666561037302017e-03 2.502910979092121124e-02 2.808248065412044525e-02 4.162470996379852295e-02 5.615006666630506516e-03 1.752352714538574219e-02 2.795194648206233978e-02 3.313615545630455017e-02 3.631936386227607727e-02 1.502910349518060684e-02 1.777441985905170441e-02 6.539637688547372818e-03 4.547213029582053423e-04 2.497754059731960297e-02 2.158985845744609833e-02 2.909259870648384094e-02 2.078315429389476776e-02 6.241652742028236389e-02 3.627090156078338623e-02 1.028470043092966080e-02 1.276918593794107437e-02 1.292061433196067810e-02 2.147673629224300385e-02 3.060862794518470764e-02 1.916654780507087708e-02 2.923597581684589386e-02 2.108531072735786438e-02 4.301435500383377075e-02 3.956567496061325073e-02 1.912802830338478088e-02 2.646726183593273163e-02 3.786926716566085815e-02 3.847023099660873413e-02 3.978227823972702026e-02 1.467148214578628540e-02 1.233435980975627899e-02 4.403698071837425232e-02 2.107265032827854156e-02 1.773190312087535858e-02 3.198438137769699097e-02 4.944631364196538925e-03
7.563125342130661011e-03 3.098692744970321655e-02 4.216719418764114380e-02 3.541778400540351868e-02 4.789576679468154907e-02 1.245392113924026489e-01 5.257543325424194336e-01 2.819012850522994995e-02 5.629185959696769714e-02 5.140980705618858337e-02 2.826763130724430084e-02 6.399832665920257568e-02 1.911211758852005005e-02 7.475241273641586304e-02 1.666785590350627899e-02 1.870040036737918854e-02 1.388722914271056652e-03 2.168855071067810059e-02 2.812289632856845856e-02 2.601815387606620789e-02 1.924186758697032928e-02 1.082059647887945175e-02 2.320417948067188263e-02 2.402285579591989517e-03 9.976054541766643524e-03 4.805143922567367554e-02 4.706529527902603149e-02 1.527333073318004608e-02 3.101259656250476837e-02 1.869582198560237885e-02 4.968915879726409912e-02 2.179333381354808807e-02 2.093262039124965668e-02 6.107148248702287674e-03 3.660741960629820824e-03 2.952161245048046112e-02 3.324581310153007507e-02 5.247535184025764465e-02 3.673046827316284180e-02 3.174838423728942871e-02 2.730923704802989960e-02 2.511802315711975098e-02 2.307267300784587860e-02 4.254782572388648987e-03 9.645459242165088654e-03 4.006214067339897156e-02 1.025730594992637634e-01 1.135323643684387207e-01 3.261917456984519958e-02 2.188384160399436951e-02 1.646856963634490967e-02 2.786959521472454071e-03 3.489608690142631531e-02 6.354326615110039711e-04 2.198997326195240021e-02 1.571514829993247986e-02 5.494712386280298233e-03 3.913310542702674866e-02 5.069839209318161011e-02 1.620958559215068817e-02 2.752161771059036255e-02 4.029382392764091492e-02 3.766874596476554871e-02 3.636897727847099304e-02 5.233109742403030396e-02 3.532632486894726753e-03 5.350892245769500732e-02 2.623447403311729431e-02 2.630826272070407867e-02 2.663281001150608063e-02 2.334075979888439178e-03 1.047893334180116653e-02 1.034648250788450241e-02 2.351215574890375137e-03 4.511355422437191010e-03 4.072452709078788757e-02 1.981609687209129333e-02 3.253582492470741272e-02 3.556865081191062927e-02 2.825098112225532532e-02 2.836646884679794312e-02 7.220927160233259201e-03 4.599499516189098358e-04 2.022428438067436218e-02 2.306774631142616272e-02 6.165157258510589600e-02 1.033665332943201065e-02 7.356334477663040161e-03 3.342857584357261658e-02 9.557937271893024445e-03 1.122477091848850250e-02 4.430557787418365479e-02 6.092949956655502319e-02 5.762341618537902832e-02 2.944694459438323975e-02 3.613433614373207092e-02 2.276089414954185486e-02 9.221956133842468262e-03 2.071904763579368591e-02 2.257921965792775154e-03 1.527616940438747406e-02 1.230251882225275040e-02 2.326290495693683624e-02 3.174157813191413879e-02 6.501475349068641663e-03 5.068419873714447021e-02 3.185162693262100220e-02 1.201732177287340164e-02 4.310869798064231873e-02 6.427299976348876953e-02 3.200370073318481445e-02 7.574478164315223694e-03 3.098295629024505615e-02 3.158155456185340881e-02 5.965505726635456085e-03 3.711487352848052979e-02
1.359914545901119709e-03 1.308543048799037933e-02 6.469399482011795044e-02 2.661547623574733734e-02 3.672207519412040710e-02 2.517910674214363098e-03 2.819012850522994995e-02 5.404354333877563477e-01 3.618007153272628784e-02 4.843857884407043457e-02 3.002147190272808075e-02 2.915403246879577637e-02 3.205718845129013062e-02 4.414295777678489685e-02 5.278835073113441467e-02 3.662786632776260376e-02 5.321083590388298035e-02 9.364032186567783356e-03 2.737382985651493073e-02 1.711744442582130432e-02 9.047646075487136841e-03 2.316115610301494598e-02 1.298301294445991516e-02 9.814228862524032593e-03 2.408981509506702423e-02 2.130612544715404510e-02 4.712109453976154327e-03 2.437198720872402191e-02 2.686682343482971191e-02 1.711104251444339752e-02 1.177803799510002136e-02 3.781545441597700119e-03 4.420817643404006958e-02 2.649910934269428253e-02 2.870352007448673248e-02 2.191729471087455750e-02 2.911215834319591522e-02 1.393901882693171501e-03 1.530064642429351807e-02 2.684806706383824348e-03 1.085026233340613544e-04 4.248547554016113281e-02 3.298193216323852539e-03 1.184812933206558228e-02 1.998177496716380119e-03 1.320646423846483231e-02 5.401034373790025711e-03 3.536852449178695679e-02 2.462199330329895020e-02 1.738913916051387787e-02 1.414589304476976395e-02 1.093617361038923264e-02 1.142764929682016373e-02 2.477315999567508698e-02 3.033183515071868896e-02 3.493118658661842346e-02 4.824911057949066162e-02 3.636155650019645691e-02 9.371139109134674072e-03 2.288422547280788422e-02 5.169018171727657318e-03 2.426811866462230682e-02 1.046777889132499695e-02 1.577222021296620369e-03 2.535092458128929138e-02 3.500774130225181580e-02 8.707952685654163361e-03 2.818826120346784592e-03 3.522695228457450867e-02 7.891178131103515625e-03 4.867193847894668579e-02 5.055141076445579529e-02 3.571575134992599487e-02 4.436838999390602112e-02 4.184678941965103149e-02 1.904970966279506683e-02 1.292519643902778625e-02 6.796684581786394119e-03 2.822415204718708992e-03 5.319193471223115921e-03 7.250127196311950684e-02 4.193561151623725891e-02 4.551219940185546875e-02 1.864010468125343323e-02 3.622981905937194824e-02 2.920533157885074615e-02 4.980951547622680664e-02 3.710930421948432922e-02 3.853878378868103027e-02 1.005492638796567917e-03 8.810805156826972961e-03 1.833615452051162720e-02 2.039828896522521973e-02 1.630409061908721924e-02 5.038352683186531067e-03 2.556708268821239471e-02 4.146244376897811890e-03 3.432303667068481445e-02 2.184179797768592834e-02 7.024103775620460510e-03 5.152116646058857441e-04 2.296279370784759521e-02 4.857457708567380905e-03 3.070849366486072540e-02 1.701041311025619507e-02 1.978380605578422546e-02 5.909590050578117371e-03 4.016784578561782837e-02 3.394875675439834595e-02 3.772002458572387695e-02 1.298526953905820847e-02 3.190327063202857971e-02 4.017136618494987488e-02 7.189685013145208359e-03 8.157385885715484619e-02 5.036632344126701355e-02
4.923530388623476028e-03 3.108744509518146515e-03 7.656260393559932709e-03 4.378395155072212219e-02 2.869167923927307129e-02 1.870739506557583809e-04 5.629185959696769714e-02 3.618007153272628784e-02 5.183284282684326172e-01 7.855121046304702759e-02 2.907262649387121201e-03 3.375529497861862183e-02 3.791799023747444153e-02 6.684842705726623535e-02 3.362757340073585510e-02 3.828512132167816162e-02 4.518880695104598999e-02 6.411246210336685181e-02 8.668383955955505371e-02 1.916226372122764587e-02 4.610683396458625793e-02 2.206033281981945038e-02 5.876666866242885590e-03 7.059109397232532501e-03 6.358406972140073776e-03 2.026516385376453400e-02 9.538473561406135559e-03 1.026342529803514481e-02 2.482854388654232025e-02 2.251415699720382690e-02 1.663543842732906342e-02 5.044227838516235352e-02 5.973340198397636414e-02 1.445009023882448673e-03 2.329033013666048646e-04 2.246881090104579926e-02 2.155906707048416138e-02 1.315689273178577423e-02 6.391934305429458618e-02 3.736973926424980164e-02 3.494023159146308899e-02 4.165315255522727966e-02 4.333883896470069885e-02 3.285349579527974129e-03 1.938879862427711487e-02 1.637462899088859558e-02 1.901438273489475250e-02 2.599699608981609344e-02 1.020945236086845398e-01 2.191430702805519104e-02 3.334453701972961426e-02 3.498351573944091797e-02 7.616686634719371796e-03 2.350446581840515137e-02 1.685331463813781738e-01 2.663849294185638428e-02 5.427530407905578613e-02 2.648507989943027496e-02 2.450306527316570282e-02 4.114341281820088625e-04 3.016400709748268127e-02 1.821839623153209686e-02 1.030047889798879623e-02 2.196582779288291931e-02 3.359418362379074097e-02 3.764471784234046936e-02 3.268156945705413818e-02 2.659430727362632751e-02 1.770883612334728241e-02 2.169954963028430939e-02 4.095087572932243347e-02 1.937019079923629761e-02 1.779974624514579773e-02 3.425268456339836121e-02 7.961109280586242676e-03 3.898351639509201050e-02 8.696208149194717407e-02 6.386249512434005737e-02 7.760370522737503052e-02 1.278042420744895935e-02 3.523748740553855896e-02 2.452408149838447571e-02 2.135800663381814957e-03 4.781943187117576599e-02 1.743178814649581909e-02 4.464774951338768005e-02 4.434600472450256348e-02 3.608335927128791809e-02 2.599359117448329926e-02 4.191879183053970337e-03 3.028759360313415527e-02 2.034702152013778687e-02 2.576103620231151581e-02 1.892191357910633087e-02 1.611092314124107361e-02 1.045171450823545456e-02 4.344617947936058044e-03 1.140124723315238953e-02 3.384750336408615112e-02 1.112192030996084213e-02 3.583648800849914551e-02 3.464163839817047119e-02 3.008713200688362122e-02 4.025188833475112915e-02 4.387345537543296814e-02 2.097119018435478210e-02 3.749059513211250305e-02 5.196183919906616211e-02 2.255096286535263062e-02 1.095747277140617371e-01 1.722195738693699241e-04 2.103784866631031036e-02 4.132653027772903442e-02 3.320698440074920654e-02 3.840246051549911499e-02 2.365743368864059448e-02
7.469615899026393890e-03 1.491454523056745529e-02 4.672651644796133041e-03 2.486955560743808746e-02 3.121571429073810577e-02 2.871833369135856628e-02 5.140980705618858337e-02 4.843857884407043457e-02 7.855121046304702759e-02 5.233893990516662598e-01 3.072295151650905609e-02 9.515972808003425598e-03 2.296200022101402283e-02 9.256492368876934052e-03 7.385330740362405777e-03 2.006332576274871826e-02 4.888881370425224304e-02 3.026639297604560852e-02 5.480756610631942749e-02 3.414076566696166992e-02 3.746478632092475891e-02 1.664049364626407623e-02 4.058562964200973511e-02 1.984146889299154282e-03 4.456322640180587769e-02 3.041956759989261627e-02 1.684572920203208923e-02 3.706127405166625977e-02 7.442722097039222717e-03 2.136829495429992676e-02 4.043607786297798157e-02 1.469369698315858841e-02 7.402228564023971558e-02 1.715406775474548340e-02 5.005393549799919128e-02 2.968165325000882149e-03 2.929674088954925537e-02 2.120144292712211609e-02 2.432340383529663086e-02 2.067384868860244751e-02 5.374788306653499603e-03 3.889502584934234619e-02 4.345380514860153198e-02 3.543157503008842468e-02 4.594165086746215820e-02 3.671431448310613632e-03 4.245669767260551453e-02 3.166447579860687256e-02 2.473801933228969574e-02 6.920964270830154419e-02 1.985995844006538391e-02 2.356567978858947754e-02 3.426342457532882690e-02 1.051811967045068741e-02 3.375672036781907082e-03 1.144364401698112488e-01 2.475252002477645874e-02 9.136671200394630432e-03 8.141191676259040833e-03 2.341654337942600250e-02 1.255636010318994522e-02 4.945391416549682617e-02 4.992827400565147400e-02 4.470621421933174133e-02 9.562423452734947205e-03 8.580337278544902802e-03 4.117453098297119141e-02 2.418668940663337708e-03 6.368435174226760864e-02 1.517264079302549362e-02 4.431037604808807373e-02 1.432296447455883026e-02 1.844995096325874329e-02 4.622432962059974670e-02 1.776439324021339417e-02 5.812721699476242065e-02 7.724036928266286850e-03 1.268162429332733154e-01 3.602392971515655518e-02 1.243545338511466980e-01 3.794457018375396729e-02 3.782200440764427185e-02 1.622002921067178249e-03 1.041887514293193817e-02 1.188917364925146103e-02 5.638861656188964844e-02 4.640055075287818909e-02 2.960469946265220642e-02 1.953701674938201904e-02 2.911407873034477234e-02 1.418124232441186905e-02 2.112143859267234802e-02 3.065946511924266815e-04 5.508177727460861206e-02 3.853680938482284546e-02 2.833228930830955505e-02 1.484517753124237061e-02 6.525383889675140381e-02 1.430469751358032227e-02 6.046277470886707306e-03 2.566028758883476257e-02 1.763758435845375061e-02 1.339290756732225418e-02 3.168585151433944702e-02 6.792769767343997955e-03 4.400758445262908936e-02 3.143070265650749207e-02 4.706396162509918213e-02 2.963070385158061981e-02 4.480144381523132324e-02 4.814068786799907684e-03 6.968218833208084106e-03 8.316299878060817719e-03 4.139703139662742615e-02 3.364837914705276489e-02 4.719902761280536652e-03
4.824282601475715637e-02 2.103958278894424438e-02 2.106454968452453613e-02 4.498159885406494141e-02 2.167843095958232880e-02 5.550948902964591980e-03 2.826763130724430084e-02 3.002147190272808075e-02 2.907262649387121201e-03 3.072295151650905609e-02 5.342404246330261230e-01 3.293491154909133911e-02 4.234220087528228760e-02 5.048396438360214233e-02 3.147452697157859802e-02 1.869792863726615906e-02 9.846331551671028137e-03 3.628541529178619385e-02 3.996675834059715271e-02 1.179717853665351868e-02 1.956032402813434601e-02 9.009489789605140686e-03 1.620008051395416260e-02 2.065984904766082764e-02 1.552834548056125641e-02 1.997206127271056175e-03 1.705855480395257473e-03 4.208357259631156921e-02 1.826948300004005432e-02 3.242669627070426941e-02 1.020431332290172577e-02 1.466854009777307510e-02 2.200939878821372986e-02 1.663845730945467949e-03 3.330079838633537292e-02 2.516509965062141418e-02 4.337436985224485397e-03 9.747780277393758297e-04 8.411267772316932678e-04 1.085811480879783630e-02 1.337730046361684799e-02 1.318411232205107808e-04 1.646801456809043884e-02 4.476088099181652069e-03 4.425172507762908936e-02 2.006723918020725250e-02 6.927348673343658447e-03 3.322859480977058411e-02 7.257298100739717484e-03 1.909546926617622375e-02 9.392019361257553101e-03 4.184002429246902466e-02 1.536738965660333633e-02 1.157356332987546921e-02 1.305334176868200302e-02 5.245493352413177490e-02 5.133689846843481064e-04 3.294823691248893738e-02 2.232236042618751526e-02 1.098289154469966888e-02 2.775697736069560051e-03 3.543322964105755091e-04 2.648169919848442078e-02 1.538854930549860001e-02 6.997928488999605179e-03 9.768722578883171082e-03 2.732733963057398796e-03 1.562055759131908417e-02 2.447515912353992462e-02 1.670812373049557209e-03 9.011137299239635468e-03 1.982883550226688385e-03 3.756162524223327637e-02 4.154747352004051208e-02 5.309298634529113770e-02 4.148340597748756409e-02 1.134631130844354630e-02 1.376204937696456909e-02 2.809953130781650543e-02 4.916278179734945297e-03 2.608051337301731110e-02 3.576956223696470261e-03 7.489819545298814774e-03 1.278637815266847610e-02 5.388399120420217514e-03 3.747325018048286438e-02 3.616205975413322449e-02 7.581848651170730591e-03 1.211314741522073746e-02 1.862728223204612732e-02 2.117326855659484863e-02 3.254736214876174927e-02 2.463746257126331329e-02 3.253548219799995422e-02 1.183375250548124313e-02 8.082800544798374176e-03 2.477702125906944275e-02 4.878123104572296143e-02 7.184844929724931717e-03 7.480759522877633572e-04 6.646744441241025925e-03 8.927349001169204712e-03 7.911959663033485413e-03 2.711416222155094147e-02 3.612517565488815308e-02 2.763927355408668518e-02 3.411730751395225525e-02 4.334163293242454529e-02 2.407563105225563049e-02 4.363847523927688599e-02 1.099127996712923050e-02 2.593131037428975105e-03 3.629615297541022301e-03 2.114287577569484711e-02 2.050794288516044617e-02 8.672324009239673615e-03
1.752391085028648376e-02 2.243921346962451935e-02 1.743490248918533325e-02 1.245896914042532444e-03 1.169618964195251465e-02 4.799471795558929443e-02 6.399832665920257568e-02 2.915403246879577637e-02 3.375529497861862183e-02 9.515972808003425598e-03 3.293491154909133911e-02 5.376191139221191406e-01 1.020806492306292057e-03 1.360286176204681396e-01 1.217534951865673065e-02 4.015396349132061005e-03 1.258141268044710159e-02 3.727973252534866333e-02 3.699966520071029663e-02 3.838843479752540588e-02 3.533601760864257812e-02 2.597893960773944855e-02 1.442875340580940247e-02 2.894752100110054016e-02 3.667259123176336288e-03 1.137782912701368332e-02 3.194483742117881775e-02 3.531363606452941895e-02 2.211772650480270386e-02 2.815786190330982208e-02 3.951882198452949524e-02 5.107019096612930298e-03 1.759836263954639435e-02 1.304341852664947510e-02 7.910219021141529083e-03 3.437908738851547241e-02 4.823764786124229431e-02 4.747894778847694397e-02 9.454634040594100952e-03 1.908701099455356598e-02 1.508255302906036377e-02 3.499672934412956238e-02 1.544772554188966751e-02 1.943683624267578125e-02 7.863908261060714722e-02 8.549840189516544342e-03 7.107659243047237396e-03 5.545317009091377258e-02 3.429637476801872253e-02 2.506912872195243835e-02 6.806229706853628159e-03 6.175461225211620331e-03 2.352813817560672760e-02 5.284452810883522034e-03 6.108770612627267838e-03 3.079876117408275604e-02 2.547985501587390900e-02 8.901169151067733765e-02 6.773381493985652924e-03 2.902349829673767090e-02 3.423142060637474060e-02 5.302212014794349670e-02 7.638244424015283585e-04 1.394317951053380966e-02 1.608840376138687134e-02 3.943607211112976074e-03 5.401551257818937302e-03 2.739548869431018829e-02 2.394322119653224945e-02 3.088622353971004486e-02 6.123290210962295532e-02 1.041146740317344666e-02 3.040125779807567596e-02 1.075900439172983170e-02 5.019954219460487366e-02 4.515516757965087891e-02 2.204384841024875641e-02 4.075995832681655884e-02 1.475556101649999619e-02 3.946070373058319092e-02 2.207492478191852570e-03 2.506670169532299042e-02 2.632659673690795898e-02 8.209883235394954681e-03 5.418861750513315201e-03 6.476971786469221115e-03 1.267705857753753662e-02 2.029912173748016357e-02 4.667130857706069946e-02 7.526630908250808716e-02 1.271774061024188995e-02 4.552558436989784241e-02 7.516623288393020630e-02 2.284256555140018463e-02 2.297779358923435211e-02 8.607839234173297882e-03 5.206063389778137207e-02 3.025531210005283356e-02 4.382767528295516968e-02 1.905877515673637390e-02 1.902698352932929993e-02 4.607776924967765808e-02 4.931551590561866760e-02 2.081369981169700623e-02 5.055350251495838165e-03 1.121322740800678730e-03 3.902106359601020813e-02 3.715638769790530205e-03 2.141458727419376373e-02 7.597921788692474365e-02 1.002388074994087219e-02 3.948919102549552917e-02 4.086774587631225586e-02 3.622208163142204285e-02 2.747119031846523285e-02 1.091881096363067627e-02
4.287730157375335693e-02 6.738380342721939087e-02 1.094709243625402451e-02 4.095331765711307526e-03 3.040139377117156982e-02 3.368945792317390442e-02 1.911211758852005005e-02 3.205718845129013062e-02 3.791799023747444153e-02 2.296200022101402283e-02 4.234220087528228760e-02 1.020806492306292057e-03 5.346347093582153320e-01 1.379575766623020172e-02 5.716345086693763733e-02 1.939407549798488617e-02 3.490552306175231934e-03 1.949862577021121979e-02 3.219989314675331116e-02 1.378808915615081787e-02 3.861863398924469948e-03 3.415295854210853577e-02 1.771475747227668762e-02 9.530394338071346283e-03 2.674910612404346466e-02 2.687253290787339211e-03 6.706902291625738144e-03 4.682890698313713074e-02 8.991838432848453522e-03 3.620077297091484070e-02 6.152350455522537231e-02 2.066716551780700684e-02 3.840400278568267822e-02 2.029686933383345604e-03 4.886364191770553589e-02 2.515489794313907623e-02 1.607775129377841949e-02 1.713788881897926331e-02 4.449846222996711731e-02 3.447734564542770386e-02 6.467143073678016663e-03 9.970976971089839935e-03 2.185382694005966187e-02 5.592585355043411255e-02 4.060471057891845703e-02 3.798127919435501099e-02 3.003150969743728638e-02 3.835939615964889526e-02 2.814369043335318565e-03 1.462890952825546265e-02 1.635532081127166748e-02 1.747453026473522186e-02 1.314028166234493256e-02 2.985647320747375488e-02 3.172420710325241089e-02 5.134160071611404419e-02 1.651044189929962158e-02 1.424537971615791321e-02 2.277030050754547119e-02 2.213218808174133301e-02 2.934263087809085846e-02 1.275543030351400375e-02 4.504374787211418152e-02 3.609384223818778992e-02 6.223461590707302094e-03 4.482134804129600525e-02 1.117944344878196716e-02 3.168041817843914032e-03 1.506549865007400513e-02 7.142911665141582489e-03 1.124524604529142380e-02 1.280560903251171112e-02 1.131947711110115051e-02 1.364639494568109512e-02 2.671382203698158264e-02 3.311614692211151123e-02 1.602856256067752838e-02 8.052353747189044952e-03 4.031454678624868393e-03 1.765242591500282288e-02 1.421550009399652481e-02 8.930958807468414307e-03 1.476754341274499893e-02 3.280878439545631409e-02 4.644800350069999695e-02 3.396661952137947083e-02 2.329460717737674713e-02 3.211145102977752686e-02 4.188883677124977112e-02 2.465189993381500244e-02 6.538710091263055801e-03 6.414965726435184479e-03 2.722756937146186829e-02 1.934050954878330231e-02 5.064576491713523865e-02 3.035187348723411560e-02 2.157607674598693848e-02 3.174412623047828674e-02 3.621580544859170914e-03 1.295300386846065521e-02 1.007096469402313232e-02 1.851901598274707794e-02 1.415892504155635834e-02 2.602329291403293610e-02 2.439896203577518463e-02 1.602499373257160187e-02 6.504210177809000015e-03 3.265600278973579407e-02 2.862258115783333778e-03 1.621653698384761810e-02 7.004651706665754318e-03 3.738062456250190735e-03 1.292568817734718323e-02 1.991070248186588287e-02 1.294171158224344254e-02 2.075992524623870850e-02
