4.279036819934844971e-01 1.639305353164672852e-01 2.974206767976284027e-02 4.575812816619873047e-02 2.755624009296298027e-03 1.717234253883361816e-01 5.725831538438796997e-02 1.095700822770595551e-02 2.199829742312431335e-02 3.615768253803253174e-02 6.437485665082931519e-02 3.030260279774665833e-02 3.472535684704780579e-02 3.008310124278068542e-02 1.299087796360254288e-02 3.636989742517471313e-03 1.153444498777389526e-02 1.114108320325613022e-02 2.334165014326572418e-02 1.325954333879053593e-03 3.550751134753227234e-02 1.624165847897529602e-02 2.343111671507358551e-02 1.718615996651351452e-03 3.543722210451960564e-03 5.863073281943798065e-03 2.471208572387695312e-03 3.883697837591171265e-02 1.052386984229087830e-01 8.719302713871002197e-03 2.683703415095806122e-02 1.118520740419626236e-03 1.739398948848247528e-02 2.553872019052505493e-02 2.456505037844181061e-02 2.824134752154350281e-02 2.399861626327037811e-02 7.405726704746484756e-03 9.564585983753204346e-03 4.106894880533218384e-02 5.688369739800691605e-03 2.642483450472354889e-02 4.631014913320541382e-02 4.704562015831470490e-03 2.274210378527641296e-02 2.559699118137359619e-02 1.551582068204879761e-01 1.222042087465524673e-02 2.887804806232452393e-02 1.143229892477393150e-03 3.049846738576889038e-02 2.382340654730796814e-02 2.052567899227142334e-02 1.299231499433517456e-02 3.652510419487953186e-02 1.068584900349378586e-02 6.572672631591558456e-03 3.998770937323570251e-02 2.234431356191635132e-02 2.726012282073497772e-02 4.835246503353118896e-02 4.461688920855522156e-03 1.801328547298908234e-02 5.946467164903879166e-03 4.071848466992378235e-02 1.479954179376363754e-02 2.748375758528709412e-02 1.352765876799821854e-02 4.910256247967481613e-03 2.586289867758750916e-02 4.658806137740612030e-03 3.235713578760623932e-03 3.614144772291183472e-02 4.343186318874359131e-02 3.449901193380355835e-02 2.985405735671520233e-02 4.832866042852401733e-02 3.479416668415069580e-02 1.034503616392612457e-02 4.438769072294235229e-02 2.282908931374549866e-02 7.879913784563541412e-03 3.640975058078765869e-02 4.165704175829887390e-02 4.019612818956375122e-02 2.891721762716770172e-02 2.082957141101360321e-02 2.092750743031501770e-02 1.810070127248764038e-02 4.642494954168796539e-03 1.388552039861679077e-01 7.760401815176010132e-03 1.355200540274381638e-02 4.714937880635261536e-02 2.503114938735961914e-02 2.442866936326026917e-02 4.851148277521133423e-02 2.009984105825424194e-02 2.521777898073196411e-02 4.044761508703231812e-02 4.198593273758888245e-02 1.113251433707773685e-03 2.645839378237724304e-02 4.445682745426893234e-03 3.416893258690834045e-02 1.712950132787227631e-02 6.631496828049421310e-03 7.242989959195256233e-04 1.797082275152206421e-02 1.536106038838624954e-02 3.295517340302467346e-02 3.735138848423957825e-02 5.293578654527664185e-02 2.962131053209304810e-02 1.794009469449520111e-03 1.697416417300701141e-02
1.639305353164672852e-01 4.334688186645507812e-01 3.964732959866523743e-02 5.864410474896430969e-02 3.923399001359939575e-02 1.418428421020507812e-01 1.130738630890846252e-01 9.041883982717990875e-03 6.783102452754974365e-02 4.502743855118751526e-02 1.155431754887104034e-02 5.367617309093475342e-02 5.778381600975990295e-02 6.111505627632141113e-02 2.787150908261537552e-03 1.973996125161647797e-02 8.979355916380882263e-03 2.456362731754779816e-02 1.060518436133861542e-02 3.755125775933265686e-02 2.302477322518825531e-02 2.584425732493400574e-02 4.914977401494979858e-02 4.990145564079284668e-03 6.431370042264461517e-03 1.457897294312715530e-02 4.462941363453865051e-02 4.085779562592506409e-02 1.261746585369110107e-01 2.113752067089080811e-02 2.947226911783218384e-02 2.114644832909107208e-02 2.410808391869068146e-02 1.996638067066669464e-02 5.907437205314636230e-02 3.499848023056983948e-02 4.180180653929710388e-02 3.656476037576794624e-03 5.265156738460063934e-03 2.086760103702545166e-02 3.636199608445167542e-02 1.573081500828266144e-02 7.383505580946803093e-04 2.663157507777214050e-02 4.700470343232154846e-02 1.253760326653718948e-02 1.175263151526451111e-01 6.335563957691192627e-02 3.099722554907202721e-03 1.513645052909851074e-02 3.815587982535362244e-02 2.637770958244800568e-02 4.161182418465614319e-02 3.248188644647598267e-03 2.392077073454856873e-02 3.444930166006088257e-02 1.221658196300268173e-03 8.366502821445465088e-03 3.932745009660720825e-02 4.440812394022941589e-02 3.423796221613883972e-02 9.205398382619023323e-04 7.771702483296394348e-03 3.729381784796714783e-02 6.189678329974412918e-03 3.806971758604049683e-02 1.210683863610029221e-02 1.676872745156288147e-02 3.975082561373710632e-02 5.251138936728239059e-03 9.768739109858870506e-04 2.506898343563079834e-02 3.053134121000766754e-02 4.336528480052947998e-02 8.211107924580574036e-03 2.616385743021965027e-02 3.251309320330619812e-02 4.296926036477088928e-02 4.942072555422782898e-03 3.988784272223711014e-03 3.296236321330070496e-02 3.187362849712371826e-02 1.069423183798789978e-02 1.146845892071723938e-02 3.213689476251602173e-02 2.156558260321617126e-02 3.774858266115188599e-02 1.989709772169589996e-02 2.572190482169389725e-03 5.039234086871147156e-02 1.490413695573806763e-01 2.818217687308788300e-02 1.539337565191090107e-03 2.834496088325977325e-02 3.037021309137344360e-02 3.065719828009605408e-02 4.774438589811325073e-02 1.948959752917289734e-02 1.263668481260538101e-02 2.160623669624328613e-02 4.138997197151184082e-02 3.544586477801203728e-03 1.117926649749279022e-02 1.491825189441442490e-02 2.293780632317066193e-02 6.820680573582649231e-03 2.601806074380874634e-02 2.399205230176448822e-02 2.547353040426969528e-03 8.039025589823722839e-03 3.730063140392303467e-02 6.557595450431108475e-03 3.619587793946266174e-02 3.048541024327278137e-03 1.685519143939018250e-02 1.773896813392639160e-02
2.974206767976284027e-02 3.964732959866523743e-02 4.211120307445526123e-01 1.517698355019092560e-02 3.848330676555633545e-02 3.768569976091384888e-02 2.702993340790271759e-02 1.643835157155990601e-01 5.840635392814874649e-03 5.230718292295932770e-03 1.386253349483013153e-02 2.746812999248504639e-02 1.747320778667926788e-02 6.490443833172321320e-03 7.211717963218688965e-02 2.020135754719376564e-03 2.074317075312137604e-02 4.114133119583129883e-02 2.263806760311126709e-02 7.341616787016391754e-03 2.019735611975193024e-02 5.362406745553016663e-02 1.789820939302444458e-02 4.328127577900886536e-02 2.356040524318814278e-03 1.672056317329406738e-02 9.059660136699676514e-03 3.156494721770286560e-02 4.498875513672828674e-02 3.168116509914398193e-02 2.552239224314689636e-02 6.536388397216796875e-02 1.751085929572582245e-02 3.362162411212921143e-02 4.363175481557846069e-03 3.832414513453841209e-03 9.330334141850471497e-03 3.984040766954421997e-02 2.681969106197357178e-02 3.828661888837814331e-02 4.452833905816078186e-02 2.898159064352512360e-02 3.168161585927009583e-02 4.376128315925598145e-02 3.316963091492652893e-02 1.666593551635742188e-02 1.568410731852054596e-02 3.762176260352134705e-02 2.713502012193202972e-02 7.603327976539731026e-04 7.414615829475224018e-04 2.302491851150989532e-02 1.719643175601959229e-02 2.386708371341228485e-02 3.413105756044387817e-02 1.272362889721989632e-03 1.371285598725080490e-02 7.999432855285704136e-04 6.635232269763946533e-02 1.345931459218263626e-02 6.820888258516788483e-03 4.018261283636093140e-02 4.532257467508316040e-02 1.715441234409809113e-02 1.175377517938613892e-03 1.476510521024465561e-02 1.910212449729442596e-02 3.708621114492416382e-02 4.007090628147125244e-02 3.986357524991035461e-02 1.859709993004798889e-02 1.941683888435363770e-02 9.485312737524509430e-03 4.490159451961517334e-02 4.522886499762535095e-02 2.249262062832713127e-03 1.442970894277095795e-02 4.607320949435234070e-02 6.245907861739397049e-03 1.078936271369457245e-02 1.688817739486694336e-01 1.568958163261413574e-01 1.752749644219875336e-02 3.107524244114756584e-03 2.189584821462631226e-02 5.365355755202472210e-04 1.202562451362609863e-01 8.786109834909439087e-02 4.482058063149452209e-02 3.313919529318809509e-02 3.982146456837654114e-02 1.563388854265213013e-02 2.119084447622299194e-02 1.812730357050895691e-02 3.939651325345039368e-02 8.184674195945262909e-03 4.413282126188278198e-02 3.583749011158943176e-02 2.717475639656186104e-03 6.770746316760778427e-03 2.005102112889289856e-02 3.192567080259323120e-02 3.725920245051383972e-02 5.057134851813316345e-02 1.270195003598928452e-02 9.255416691303253174e-03 2.712204866111278534e-02 3.278489038348197937e-02 2.054502256214618683e-02 4.323722422122955322e-02 1.038443669676780701e-02 2.214129641652107239e-02 1.694403588771820068e-02 1.054652594029903412e-02 2.762533538043498993e-02 2.944369427859783173e-02
4.575812816619873047e-02 5.864410474896430969e-02 1.517698355019092560e-02 4.139813780784606934e-01 1.947793737053871155e-02 1.310094352811574936e-02 5.419758381322026253e-04 2.758284844458103180e-02 6.647279486060142517e-03 4.677107185125350952e-02 4.914963990449905396e-02 3.186672180891036987e-02 9.630572050809860229e-03 1.766357384622097015e-02 2.909831237047910690e-03 4.255612939596176147e-02 5.051957070827484131e-02 1.942518539726734161e-02 3.084236942231655121e-02 2.935485728085041046e-02 3.573357686400413513e-02 3.083117306232452393e-02 2.128711529076099396e-02 1.984306611120700836e-02 5.279032513499259949e-02 2.490486018359661102e-03 1.306620612740516663e-02 5.026587098836898804e-02 8.850322104990482330e-03 1.323387119919061661e-02 6.298150867223739624e-02 2.977267466485500336e-02 2.402953244745731354e-02 5.969032645225524902e-02 9.707964025437831879e-03 4.390137270092964172e-03 4.327496513724327087e-02 2.285396680235862732e-02 1.895258873701095581e-01 1.447474509477615356e-01 1.515629515051841736e-02 5.494241043925285339e-02 2.255025506019592285e-02 4.746923595666885376e-02 3.077026829123497009e-02 2.730399183928966522e-02 2.401560731232166290e-02 3.271381556987762451e-02 1.013433746993541718e-02 4.817470535635948181e-02 4.424484074115753174e-02 4.891097173094749451e-02 3.892213106155395508e-02 2.033587917685508728e-02 1.059991307556629181e-02 1.749295555055141449e-02 4.624173790216445923e-02 4.179136082530021667e-02 3.836102038621902466e-02 2.077283337712287903e-02 5.714194104075431824e-02 2.280540764331817627e-02 4.117467999458312988e-02 2.101339213550090790e-02 3.955632448196411133e-02 2.207226678729057312e-02 4.083468113094568253e-03 2.969609014689922333e-02 5.020499229431152344e-03 2.464026026427745819e-02 1.599639281630516052e-02 1.662317290902137756e-02 1.217021141201257706e-02 1.920793764293193817e-02 3.462012857198715210e-02 4.720287024974822998e-02 6.622924655675888062e-02 2.719834912568330765e-03 4.187073931097984314e-02 5.197401717305183411e-02 9.386985562741756439e-03 1.315689459443092346e-02 1.012879703193902969e-02 5.288219079375267029e-02 2.016613818705081940e-02 2.235711924731731415e-02 4.665484651923179626e-02 2.668103389441967010e-02 2.522125095129013062e-02 4.625231772661209106e-02 2.003640402108430862e-03 3.507734043523669243e-03 1.934316009283065796e-02 3.710327669978141785e-02 6.437997519969940186e-02 2.330060489475727081e-02 4.913946986198425293e-02 1.191809587180614471e-02 2.980807051062583923e-02 1.652563922107219696e-02 3.765194863080978394e-02 3.913614526391029358e-02 1.605066098272800446e-02 4.064903128892183304e-03 2.988616935908794403e-02 4.612218588590621948e-02 2.971587516367435455e-02 2.016932331025600433e-02 1.879516057670116425e-02 1.051221322268247604e-02 1.422571018338203430e-02 2.848914079368114471e-02 2.007564157247543335e-02 1.987504959106445312e-02 3.945174440741539001e-02 5.964066367596387863e-03
2.755624009296298027e-03 3.923399001359939575e-02 3.848330676555633545e-02 1.947793737053871155e-02 4.035260081291198730e-01 4.825801588594913483e-03 6.054205368855036795e-05 2.523556351661682129e-03 2.262655831873416901e-02 3.915225341916084290e-02 2.681675180792808533e-02 3.060074336826801300e-02 1.903224363923072815e-02 4.075640439987182617e-02 2.019229531288146973e-02 6.247982010245323181e-02 2.682449296116828918e-02 1.602173782885074615e-02 5.845008417963981628e-02 2.338494919240474701e-02 7.507926970720291138e-02 3.754362091422080994e-02 4.401169717311859131e-02 4.931977018713951111e-03 3.173474222421646118e-02 1.937560178339481354e-02 4.864280112087726593e-03 1.248811557888984680e-02 4.463821649551391602e-02 3.328725695610046387e-02 3.455369174480438232e-02 4.742228984832763672e-02 2.036926895380020142e-02 9.265602380037307739e-02 2.223707549273967743e-02 3.994791582226753235e-02 1.799228042364120483e-02 2.169044129550457001e-02 4.585148021578788757e-02 7.778879255056381226e-02 6.327085196971893311e-02 3.632114734500646591e-03 4.485053941607475281e-02 6.382332742214202881e-02 4.686210677027702332e-02 6.695984397083520889e-03 1.629930734634399414e-02 2.728238329291343689e-02 1.572172902524471283e-02 2.322687394917011261e-02 3.386645019054412842e-02 4.113326221704483032e-02 2.678256668150424957e-02 3.828370198607444763e-02 4.661001265048980713e-02 1.013794727623462677e-02 2.527107857167720795e-02 1.427770499140024185e-02 5.823346786201000214e-03 4.110613465309143066e-02 5.305554252117872238e-03 3.770514577627182007e-02 1.522677578032016754e-02 2.731421776115894318e-02 9.412834420800209045e-03 1.339862588793039322e-02 3.185207396745681763e-02 4.907784238457679749e-02 1.145279780030250549e-02 4.673010110855102539e-02 1.992771402001380920e-02 3.167429566383361816e-02 2.472312375903129578e-02 4.315638542175292969e-02 1.808345504105091095e-02 3.959462046623229980e-02 2.005546912550926208e-02 2.616114169359207153e-02 3.372431546449661255e-02 4.875814914703369141e-02 3.519962355494499207e-02 3.943717107176780701e-02 6.300633773207664490e-03 4.670028388500213623e-02 2.281474322080612183e-02 3.776362165808677673e-02 1.007856242358684540e-02 3.496152162551879883e-02 1.149733737111091614e-02 1.282026432454586029e-02 2.415359206497669220e-02 6.519181188195943832e-04 2.021452598273754120e-02 4.289562627673149109e-02 4.896067455410957336e-02 1.098555997014045715e-01 3.943119570612907410e-02 2.836755104362964630e-02 1.731652207672595978e-02 2.253297530114650726e-02 2.201543934643268585e-02 8.244960010051727295e-02 2.457295078784227371e-03 2.018833346664905548e-02 8.347754925489425659e-02 3.345519676804542542e-02 2.089858986437320709e-02 4.741152003407478333e-02 1.034470368176698685e-02 2.656408213078975677e-02 8.108968846499919891e-03 2.706684917211532593e-02 4.081575572490692139e-02 3.594159334897994995e-02 2.913996204733848572e-02 4.774348810315132141e-03
1.717234253883361816e-01 1.418428421020507812e-01 3.768569976091384888e-02 1.310094352811574936e-02 4.825801588594913483e-03 4.334844350814819336e-01 1.125936508178710938e-01 7.638107053935527802e-03 1.011215150356292725e-02 7.330259541049599648e-04 1.798624359071254730e-02 1.789927668869495392e-02 7.406785618513822556e-03 5.446860939264297485e-02 4.283678904175758362e-02 5.160067230463027954e-04 2.547281235456466675e-02 2.583071961998939514e-02 1.264129579067230225e-02 2.147279120981693268e-02 4.615129902958869934e-02 2.809650450944900513e-02 3.699047490954399109e-02 1.480196695774793625e-02 2.487445436418056488e-02 3.900456801056861877e-02 2.042763493955135345e-02 1.445491891354322433e-02 7.068184763193130493e-02 1.051659855875186622e-04 1.920355670154094696e-02 1.064296439290046692e-02 1.119140814989805222e-02 3.214699029922485352e-02 2.581359446048736572e-02 4.305346310138702393e-02 2.971659600734710693e-02 2.196018956601619720e-02 1.591079868376255035e-02 1.270054932683706284e-02 1.029282063245773315e-02 1.879726187326014042e-03 3.665349259972572327e-02 3.321271389722824097e-03 1.569158770143985748e-02 1.150477956980466843e-02 1.802305579185485840e-01 3.976074233651161194e-02 5.886947736144065857e-03 1.427475456148386002e-02 4.938645660877227783e-02 1.945940405130386353e-02 1.540268305689096451e-02 1.636813022196292877e-02 1.831903681159019470e-02 1.641814410686492920e-02 1.338213868439197540e-02 3.049669787287712097e-02 1.871136389672756195e-02 4.662139713764190674e-02 3.602617979049682617e-02 2.385789155960083008e-02 2.916711382567882538e-03 2.816430479288101196e-02 6.997640710324048996e-03 1.338066998869180679e-02 2.639359049499034882e-02 8.176244795322418213e-03 1.722755283117294312e-02 6.545754149556159973e-03 9.284363128244876862e-03 1.466311980038881302e-02 2.754403837025165558e-02 1.166592631489038467e-02 2.099510980769991875e-03 1.987115480005741119e-02 2.723625116050243378e-02 2.312740683555603027e-02 4.322201479226350784e-03 1.774151436984539032e-02 1.176259852945804596e-02 2.256325259804725647e-02 3.083467483520507812e-02 4.430335320648737252e-05 3.594591468572616577e-02 6.690023583360016346e-04 4.402296245098114014e-02 4.172971099615097046e-02 6.753470283001661301e-03 3.259798884391784668e-02 1.599123030900955200e-01 6.119927274994552135e-04 5.003723315894603729e-03 3.521930053830146790e-02 9.791934862732887268e-03 4.137599840760231018e-02 2.650795131921768188e-02 6.018010433763265610e-03 3.144340217113494873e-02 1.557042635977268219e-02 2.957519702613353729e-02 7.051822263747453690e-03 1.413244102150201797e-02 2.089020796120166779e-02 2.170240506529808044e-02 1.143544167280197144e-02 2.658407390117645264e-02 1.148819644004106522e-02 7.857371121644973755e-03 4.080778732895851135e-02 2.864120341837406158e-02 2.818247675895690918e-02 5.452462658286094666e-02 4.482766613364219666e-02 6.623532623052597046e-03 1.249692030251026154e-02
5.725831538438796997e-02 1.130738630890846252e-01 2.702993340790271759e-02 5.419758381322026253e-04 6.054205368855036795e-05 1.125936508178710938e-01 4.407775998115539551e-01 4.071763250976800919e-03 4.064642265439033508e-02 2.034012414515018463e-02 8.149848319590091705e-03 1.227696705609560013e-02 2.912146737799048424e-03 1.107895672321319580e-01 3.971058875322341919e-02 4.812350869178771973e-02 4.298277944326400757e-02 2.917164936661720276e-02 4.611322656273841858e-02 3.720161691308021545e-02 4.330218210816383362e-02 4.776786267757415771e-02 1.964662410318851471e-02 3.218418359756469727e-02 3.583293408155441284e-02 1.233711838722229004e-02 3.882399201393127441e-02 4.431868717074394226e-02 1.054778788238763809e-02 8.339826948940753937e-03 5.407024919986724854e-02 8.247163146734237671e-03 3.632705286145210266e-02 9.926517494022846222e-03 1.837294548749923706e-02 5.033927783370018005e-02 2.293852344155311584e-02 3.925761952996253967e-02 8.537286892533302307e-03 6.249920465052127838e-03 2.198936603963375092e-02 2.133710496127605438e-02 4.564946517348289490e-03 9.293075650930404663e-03 1.410601940006017685e-02 9.759932756423950195e-02 1.043738275766372681e-01 1.277385503053665161e-01 2.576439082622528076e-02 3.186013177037239075e-02 5.815120413899421692e-03 2.264010161161422729e-02 4.497204720973968506e-02 4.830894991755485535e-02 5.056148767471313477e-02 2.578849531710147858e-02 1.203623320907354355e-02 1.035917550325393677e-03 4.537846148014068604e-02 3.349517658352851868e-02 2.700556302443146706e-03 8.501335047185420990e-03 4.528780654072761536e-02 1.303838193416595459e-02 3.190856054425239563e-02 3.466399386525154114e-02 4.536908119916915894e-03 2.262061648070812225e-02 1.312792208045721054e-02 2.335298806428909302e-02 4.693605471402406693e-03 1.783752813935279846e-02 3.613097220659255981e-02 3.094900399446487427e-02 3.842093050479888916e-02 2.829409949481487274e-02 1.286320481449365616e-02 2.467947080731391907e-02 5.693702027201652527e-02 2.675214549526572227e-03 3.266315907239913940e-02 3.125284612178802490e-02 3.508285060524940491e-02 3.043035231530666351e-02 8.488709107041358948e-03 3.923567011952400208e-02 4.320983588695526123e-02 4.207000881433486938e-02 2.770281769335269928e-02 1.283593475818634033e-02 1.279767602682113647e-01 1.609721453860402107e-03 1.429219264537096024e-02 4.267986863851547241e-02 3.398762643337249756e-02 1.944817020557820797e-03 2.820937149226665497e-02 4.008852690458297729e-02 3.794318810105323792e-02 5.089874938130378723e-02 3.562908852472901344e-03 3.528284654021263123e-02 8.953753858804702759e-03 4.211115464568138123e-02 4.246649146080017090e-02 4.438963904976844788e-02 3.703415393829345703e-02 3.421890083700418472e-03 2.158844657242298126e-02 4.874019324779510498e-02 2.287799492478370667e-02 3.239992633461952209e-02 1.134195458143949509e-02 3.123207576572895050e-02 7.446810137480497360e-03 5.935183260589838028e-03
1.095700822770595551e-02 9.041883982717990875e-03 1.643835157155990601e-01 2.758284844458103180e-02 2.523556351661682129e-03 7.638107053935527802e-03 4.071763250976800919e-03 4.215557873249053955e-01 3.127521276473999023e-02 2.041171304881572723e-02 3.628098592162132263e-02 1.649528741836547852e-02 2.713781222701072693e-02 1.007889490574598312e-02 1.108489632606506348e-01 4.280672594904899597e-02 1.484665670432150364e-03 1.076386310160160065e-02 6.760668754577636719e-02 3.105822391808032990e-02 1.466690190136432648e-02 2.921447716653347015e-02 2.065725624561309814e-02 2.101300843060016632e-02 8.225190453231334686e-03 4.622755944728851318e-02 8.331893943250179291e-03 2.344970218837261200e-02 4.817606881260871887e-02 8.698997087776660919e-03 8.258273825049400330e-03 6.211901083588600159e-03 2.716565504670143127e-02 3.611119464039802551e-02 2.278969250619411469e-02 4.728578403592109680e-02 8.138269186019897461e-03 3.460812941193580627e-02 1.189765334129333496e-02 1.807069033384323120e-02 3.170877927914261818e-03 2.677396312355995178e-02 2.920204028487205505e-02 5.464870482683181763e-03 5.087898299098014832e-02 5.070876330137252808e-03 5.761380307376384735e-03 1.544909086078405380e-02 3.870997950434684753e-02 1.735169440507888794e-02 5.021434277296066284e-02 2.320384234189987183e-02 3.867455571889877319e-02 2.574552223086357117e-02 4.327859356999397278e-02 1.489025354385375977e-02 3.162198886275291443e-02 1.777943782508373260e-02 6.395117938518524170e-02 2.429499477148056030e-02 1.782444864511489868e-02 3.135392814874649048e-02 3.025150671601295471e-02 2.691970020532608032e-02 1.384829171001911163e-03 3.746456466615200043e-03 2.588038705289363861e-02 3.026580438017845154e-02 2.033026143908500671e-02 2.739641070365905762e-02 5.016110464930534363e-02 2.194129116833209991e-02 2.761753462255001068e-02 3.100974857807159424e-02 2.799141220748424530e-02 3.452090546488761902e-02 5.079778656363487244e-02 4.261718690395355225e-02 1.382351759821176529e-02 2.056685462594032288e-02 1.571405380964279175e-01 9.449389576911926270e-02 7.302432321012020111e-03 6.479894276708364487e-03 6.213903892785310745e-03 2.978949993848800659e-02 1.231093406677246094e-01 8.434292674064636230e-02 1.425879821181297302e-02 8.449031971395015717e-03 7.373920176178216934e-03 2.532645687460899353e-02 3.102574124932289124e-02 4.695710260421037674e-03 6.933945696800947189e-03 1.310697174631059170e-03 5.202511698007583618e-02 3.957422822713851929e-02 8.332360535860061646e-03 1.298125553876161575e-02 5.534476786851882935e-02 1.873902510851621628e-03 1.494581461884081364e-03 4.690663143992424011e-02 1.515189465135335922e-02 2.216843701899051666e-02 2.532346406951546669e-03 3.927035257220268250e-02 1.286716945469379425e-02 1.531696133315563202e-02 3.354676067829132080e-02 3.261773660778999329e-02 4.469522833824157715e-02 3.566196560859680176e-02 2.016524411737918854e-02 1.959591917693614960e-02
2.199829742312431335e-02 6.783102452754974365e-02 5.840635392814874649e-03 6.647279486060142517e-03 2.262655831873416901e-02 1.011215150356292725e-02 4.064642265439033508e-02 3.127521276473999023e-02 4.189707636833190918e-01 4.958892241120338440e-03 4.146673530340194702e-02 5.292749404907226562e-02 1.906534470617771149e-02 3.130273520946502686e-02 4.304259642958641052e-02 2.051673643290996552e-02 4.164357483386993408e-02 1.335868537425994873e-01 4.789377097040414810e-03 3.373992443084716797e-02 4.547156020998954773e-02 4.633948951959609985e-02 2.780125709250569344e-03 1.012733206152915955e-02 5.099141597747802734e-02 5.087772384285926819e-02 2.730671130120754242e-02 1.330055296421051025e-01 3.672664240002632141e-02 1.061614826321601868e-01 5.487899482250213623e-02 2.285277284681797028e-02 1.458497811108827591e-02 3.549414454028010368e-03 3.368795663118362427e-02 5.693130660802125931e-03 2.247269079089164734e-02 5.056318268179893494e-02 3.970393911004066467e-02 5.823839083313941956e-02 2.248718030750751495e-02 2.087367884814739227e-02 1.777355186641216278e-02 2.944489941000938416e-03 1.318811532109975815e-02 2.296978980302810669e-02 3.986819460988044739e-02 4.289903677999973297e-03 1.656375080347061157e-02 3.122472763061523438e-02 4.319365695118904114e-02 4.097075015306472778e-02 2.001780644059181213e-02 5.199741572141647339e-02 2.750474773347377777e-02 3.537533059716224670e-02 2.657946385443210602e-02 4.723043739795684814e-02 3.894228488206863403e-02 4.621310904622077942e-02 1.619089022278785706e-02 2.798338234424591064e-02 3.271272778511047363e-02 2.898457273840904236e-02 7.116741966456174850e-03 2.338263578712940216e-02 4.905486106872558594e-02 4.774153232574462891e-02 2.534369751811027527e-02 1.729765534400939941e-02 1.299355644732713699e-02 9.261460974812507629e-03 3.621435537934303284e-02 1.516597252339124680e-02 8.770079002715647221e-04 2.831221371889114380e-02 1.433899700641632080e-01 9.752192348241806030e-02 2.774236910045146942e-02 5.974143743515014648e-02 4.238570109009742737e-03 3.929599374532699585e-02 8.272691816091537476e-02 7.765255123376846313e-02 1.379683241248130798e-02 1.074064429849386215e-02 3.592078760266304016e-02 2.660885825753211975e-02 8.882221765816211700e-03 2.647759392857551575e-02 1.786475186236202717e-03 3.115898184478282928e-02 1.154698338359594345e-02 2.375614084303379059e-02 2.307501807808876038e-02 4.186677187681198120e-02 2.897986397147178650e-02 4.972816631197929382e-02 3.380808606743812561e-02 3.714758902788162231e-02 4.690936952829360962e-02 5.200209468603134155e-02 4.105024039745330811e-03 4.303083941340446472e-02 9.036138653755187988e-03 3.088857419788837433e-02 2.166341291740536690e-03 7.750468794256448746e-03 2.430957555770874023e-02 4.853236675262451172e-02 2.139082923531532288e-02 2.469433471560478210e-03 4.644432291388511658e-02 3.232647106051445007e-02 2.023497363552451134e-03 3.559452667832374573e-02
3.615768253803253174e-02 4.502743855118751526e-02 5.230718292295932770e-03 4.677107185125350952e-02 3.915225341916084290e-02 7.330259541049599648e-04 2.034012414515018463e-02 2.041171304881572723e-02 4.958892241120338440e-03 3.987393081188201904e-01 2.884011343121528625e-02 6.155679002404212952e-02 2.453286014497280121e-02 4.369341209530830383e-02 3.283383697271347046e-02 6.403322517871856689e-02 1.443312317132949829e-02 5.268707405775785446e-03 2.896576188504695892e-02 4.156393185257911682e-02 8.346705581061542034e-04 3.021106822416186333e-03 7.205748464912176132e-03 4.151291027665138245e-02 4.450995847582817078e-02 4.264369606971740723e-02 1.428013667464256287e-02 5.148945748805999756e-02 2.360148727893829346e-02 3.130958229303359985e-02 6.656981073319911957e-03 3.566774353384971619e-02 2.810557000339031219e-02 4.773655906319618225e-02 3.149950504302978516e-02 7.265241816639900208e-03 3.378650546073913574e-02 2.898394688963890076e-02 3.956741187721490860e-03 2.805179730057716370e-02 4.105758666992187500e-02 3.528251312673091888e-03 4.449682310223579407e-02 4.036581143736839294e-02 1.402455102652311325e-02 7.587172836065292358e-02 5.980646703392267227e-03 2.666332758963108063e-02 3.995919972658157349e-02 1.320705562829971313e-01 5.124241579324007034e-03 5.447465181350708008e-02 1.000933721661567688e-02 3.812711685895919800e-02 2.521347813308238983e-02 5.425416678190231323e-02 3.306180611252784729e-02 1.383318454027175903e-01 9.224720299243927002e-03 4.584208503365516663e-02 1.093418919481337070e-03 4.486425966024398804e-02 1.443303935229778290e-02 1.214849669486284256e-02 3.632898628711700439e-02 3.909838199615478516e-02 1.248927693814039230e-02 3.603762388229370117e-02 3.398575261235237122e-02 1.634095422923564911e-02 4.904939979314804077e-02 4.800111800432205200e-02 4.319156054407358170e-03 3.876159340143203735e-02 4.231886565685272217e-02 1.515382435172796249e-02 3.577117994427680969e-02 1.097981706261634827e-01 4.449217393994331360e-02 2.667402662336826324e-02 1.916345953941345215e-02 1.973943226039409637e-02 6.559358444064855576e-03 6.535353511571884155e-02 2.754221204668283463e-03 2.676039561629295349e-02 3.031860291957855225e-02 1.049881707876920700e-02 3.386120498180389404e-02 2.393050305545330048e-02 1.979907043278217316e-02 5.003210622817277908e-03 3.551597148180007935e-02 4.495964199304580688e-02 4.898118972778320312e-02 2.303859964013099670e-02 4.870481789112091064e-02 1.109001506119966507e-02 2.610339969396591187e-02 3.997786343097686768e-02 4.517619311809539795e-02 4.287984967231750488e-02 2.511972747743129730e-02 2.688909508287906647e-02 1.431178487837314606e-02 4.143607988953590393e-02 7.536104880273342133e-03 3.408025018870830536e-03 2.819917164742946625e-02 3.259556135162711143e-03 2.461464516818523407e-02 1.881461776793003082e-02 2.887413138523697853e-03 5.664915777742862701e-03 4.269995260983705521e-03 1.190178748220205307e-02
6.437485665082931519e-02 1.155431754887104034e-02 1.386253349483013153e-02 4.914963990449905396e-02 2.681675180792808533e-02 1.798624359071254730e-02 8.149848319590091705e-03 3.628098592162132263e-02 4.146673530340194702e-02 2.884011343121528625e-02 4.175472259521484375e-01 1.843867823481559753e-02 6.169558316469192505e-02 1.175433397293090820e-02 6.283383816480636597e-02 2.573766186833381653e-02 3.469884023070335388e-02 1.838083378970623016e-03 3.357967734336853027e-02 2.915694564580917358e-02 3.675459697842597961e-02 5.060499534010887146e-02 4.624266922473907471e-02 4.256433621048927307e-02 1.552203297615051270e-02 3.148655965924263000e-02 7.853771746158599854e-02 5.198172852396965027e-02 2.635558135807514191e-03 1.119792368263006210e-02 3.392906486988067627e-02 9.607032872736454010e-03 4.344876855611801147e-02 1.301152631640434265e-02 3.735884279012680054e-02 9.242074936628341675e-02 4.419546574354171753e-02 9.492306038737297058e-03 1.331395749002695084e-02 2.359004877507686615e-02 1.414786465466022491e-02 1.448754966259002686e-02 1.572806574404239655e-02 2.739659510552883148e-02 9.224272798746824265e-04 4.559057578444480896e-02 1.911619119346141815e-02 3.470667079091072083e-02 2.712274156510829926e-02 3.167454153299331665e-02 8.122740313410758972e-03 8.524186909198760986e-03 4.906739573925733566e-03 1.433763070963323116e-03 7.821798324584960938e-03 1.928105205297470093e-02 2.168569900095462799e-02 2.495224401354789734e-02 5.385679006576538086e-02 2.911454811692237854e-02 2.474382147192955017e-02 2.792689017951488495e-02 3.958004713058471680e-02 5.232354253530502319e-02 6.770683079957962036e-02 2.212926372885704041e-02 4.060410335659980774e-02 3.162370994687080383e-02 9.040612727403640747e-03 7.596907764673233032e-02 2.780400961637496948e-02 3.493951808195561171e-04 2.248252555727958679e-02 4.719255119562149048e-02 2.811695635318756104e-02 6.481206975877285004e-03 3.322487697005271912e-02 3.705680370330810547e-02 3.487238287925720215e-02 3.771647438406944275e-02 2.004624344408512115e-02 5.782917514443397522e-02 3.013763949275016785e-02 1.557932607829570770e-02 2.975790016353130341e-02 3.567869961261749268e-02 1.041607279330492020e-02 1.089720055460929871e-02 3.515767678618431091e-02 9.919805452227592468e-03 3.956892993301153183e-03 7.098034024238586426e-02 3.372003510594367981e-02 5.636401474475860596e-02 3.445550799369812012e-02 8.355881087481975555e-03 4.233066458255052567e-03 2.481724508106708527e-02 1.675568334758281708e-02 2.482271986082196236e-03 1.848893612623214722e-02 4.626354202628135681e-02 1.041327510029077530e-02 8.523882366716861725e-03 1.137436600401997566e-03 3.118874505162239075e-02 7.301419973373413086e-03 1.939060352742671967e-02 2.543700300157070160e-02 1.832845620810985565e-02 3.621415421366691589e-02 3.174557909369468689e-02 4.661555215716362000e-02 4.493916407227516174e-02 5.995614454150199890e-02 1.616259105503559113e-02
3.030260279774665833e-02 5.367617309093475342e-02 2.746812999248504639e-02 3.186672180891036987e-02 3.060074336826801300e-02 1.789927668869495392e-02 1.227696705609560013e-02 1.649528741836547852e-02 5.292749404907226562e-02 6.155679002404212952e-02 1.843867823481559753e-02 4.197805225849151611e-01 6.014288961887359619e-02 9.838310629129409790e-02 8.955543860793113708e-03 3.716905042529106140e-02 4.090064764022827148e-02 1.184819824993610382e-02 4.283807054162025452e-02 8.584546740166842937e-04 1.160421688109636307e-02 2.517311461269855499e-02 1.167607530951499939e-01 4.328081384301185608e-02 8.266128599643707275e-03 5.522848293185234070e-02 1.119865570217370987e-02 5.411996692419052124e-02 5.520254001021385193e-02 2.230833284556865692e-02 4.087704047560691833e-02 3.463632985949516296e-02 3.282546624541282654e-02 1.181525923311710358e-02 1.873079314827919006e-02 4.704060778021812439e-02 1.285517867654561996e-02 1.140184584073722363e-03 8.038030005991458893e-03 4.735601320862770081e-02 4.277689754962921143e-02 2.190126292407512665e-02 8.256247267127037048e-03 9.067093953490257263e-03 6.601451337337493896e-02 3.933850675821304321e-02 8.705840446054935455e-03 1.827331632375717163e-02 4.351754859089851379e-02 4.445301741361618042e-02 4.406969249248504639e-02 5.728844925761222839e-02 3.604797646403312683e-03 1.748728565871715546e-02 1.379826385527849197e-02 2.338664792478084564e-02 4.823717474937438965e-02 3.798737598117440939e-04 1.082771690562367439e-03 1.506920345127582550e-02 5.207711830735206604e-02 1.043550856411457062e-02 4.502344410866498947e-03 4.643661901354789734e-02 8.359161205589771271e-03 2.751399576663970947e-02 2.133903652429580688e-02 3.219590336084365845e-02 4.857485741376876831e-02 2.416798379272222519e-03 4.682798683643341064e-02 5.976396054029464722e-02 9.290669113397598267e-03 1.878035068511962891e-02 3.136396780610084534e-02 9.172257967293262482e-03 1.235807687044143677e-02 5.489992350339889526e-02 3.529676422476768494e-02 1.785836555063724518e-02 3.881296142935752869e-02 4.961251467466354370e-02 2.801360189914703369e-02 3.277385979890823364e-02 5.040489137172698975e-02 4.459761828184127808e-02 2.181872725486755371e-03 2.232922427356243134e-02 6.465431302785873413e-02 2.727398648858070374e-02 3.060459159314632416e-03 2.626643702387809753e-02 2.842522226274013519e-02 3.844424709677696228e-02 2.085067890584468842e-02 1.428525242954492569e-02 3.615670278668403625e-02 4.364136606454849243e-02 1.539299730211496353e-02 6.565261632204055786e-02 3.001062013208866119e-02 1.674469932913780212e-02 5.876335781067609787e-03 3.929819539189338684e-02 2.706179395318031311e-03 2.677507232874631882e-03 5.685672629624605179e-03 1.938380859792232513e-02 1.581082493066787720e-02 2.311068214476108551e-02 3.456568345427513123e-02 1.226876210421323776e-02 1.490603014826774597e-02 4.944024980068206787e-02 3.266019001603126526e-02 2.629278926178812981e-03
3.472535684704780579e-02 5.778381600975990295e-02 1.747320778667926788e-02 9.630572050809860229e-03 1.903224363923072815e-02 7.406785618513822556e-03 2.912146737799048424e-03 2.713781222701072693e-02 1.906534470617771149e-02 2.453286014497280121e-02 6.169558316469192505e-02 6.014288961887359619e-02 4.193866252899169922e-01 1.132431789301335812e-03 2.609392255544662476e-02 4.809254780411720276e-02 2.067676931619644165e-02 5.776995792984962463e-02 2.053565904498100281e-02 5.837993230670690536e-03 2.129875123500823975e-02 1.256489474326372147e-02 4.574650374706834555e-04 2.232896536588668823e-02 7.524584070779383183e-04 4.819578677415847778e-02 2.154159173369407654e-02 1.955621317028999329e-02 7.347708195447921753e-02 4.770432040095329285e-02 1.223728293552994728e-03 3.377227112650871277e-02 2.113370224833488464e-02 2.809689939022064209e-02 9.429275989532470703e-03 2.360065653920173645e-02 2.499493537470698357e-03 8.622412569820880890e-03 2.598827891051769257e-02 7.404171861708164215e-03 4.758371040225028992e-02 2.968013519421219826e-03 3.524268791079521179e-02 3.747552633285522461e-03 3.945149481296539307e-02 3.875224664807319641e-02 3.184245526790618896e-02 2.381974831223487854e-02 9.074012632481753826e-05 3.839579597115516663e-02 4.202802479267120361e-02 3.461382538080215454e-02 6.990297697484493256e-03 4.494099318981170654e-02 4.390518739819526672e-02 3.395748138427734375e-02 1.499711535871028900e-02 5.505130812525749207e-02 1.281915977597236633e-02 5.561041831970214844e-02 2.920470573008060455e-02 2.620417252182960510e-02 5.638076458126306534e-03 6.522588431835174561e-03 6.193966418504714966e-02 6.799045950174331665e-02 3.398117795586585999e-02 2.738513238728046417e-02 2.934004645794630051e-03 1.185880880802869797e-02 1.718546636402606964e-02 4.151690378785133362e-02 1.052613463252782822e-02 2.830071002244949341e-02 1.576742716133594513e-02 3.231466561555862427e-02 1.016818545758724213e-02 3.069014288485050201e-02 1.091226097196340561e-02 1.890448108315467834e-02 1.371103338897228241e-02 1.322436798363924026e-02 4.436496272683143616e-02 1.448574103415012360e-02 3.248658031225204468e-03 3.016877733170986176e-02 1.537917996756732464e-03 4.530831053853034973e-02 3.142919391393661499e-02 4.115819931030273438e-02 4.513356368988752365e-03 7.986777462065219879e-03 1.116848550736904144e-02 2.759546041488647461e-02 3.720516711473464966e-02 2.293249778449535370e-02 4.685897845774888992e-03 5.870014429092407227e-02 3.139221575111150742e-03 2.771556563675403595e-02 1.107058301568031311e-02 5.151299387216567993e-02 4.080372396856546402e-03 4.852453619241714478e-02 9.202618151903152466e-03 2.286269515752792358e-02 2.043392695486545563e-02 1.589451683685183525e-03 1.241817045956850052e-02 1.724111661314964294e-02 5.369064165279269218e-04 5.109106376767158508e-02 4.868488293141126633e-03 4.007389303296804428e-03 2.028394117951393127e-02 1.293034013360738754e-02
