3.979417085647583008e-01 3.894225507974624634e-02 2.590629504993557930e-03 7.442242465913295746e-03 5.170179903507232666e-02 9.033648297190666199e-03 7.714402396231889725e-03 1.616001687943935394e-02 1.585334911942481995e-02 1.131737511605024338e-02 1.277425885200500488e-01 4.221215471625328064e-02 4.169611260294914246e-02 1.143468637019395828e-02 5.461002141237258911e-02 1.106183882802724838e-02 4.383796080946922302e-02 2.883871085941791534e-03 4.431485384702682495e-02 3.392724692821502686e-02 5.745892599225044250e-02 8.716077543795108795e-03 9.398870170116424561e-03 3.863947000354528427e-03 8.313802070915699005e-03 2.461284166201949120e-03 4.815994948148727417e-02 1.502970326691865921e-02 4.460492357611656189e-02 4.633689299225807190e-02 1.919408678077161312e-04 1.620727218687534332e-02 7.287478446960449219e-02 3.645272552967071533e-02 2.185082063078880310e-02 4.907179996371269226e-02 3.636590763926506042e-02 4.433774948120117188e-02 4.560866393148899078e-03 7.587906718254089355e-02 8.425023406744003296e-03 2.439342625439167023e-02 3.094966523349285126e-02 4.107784479856491089e-02 2.898949943482875824e-02 3.705871850252151489e-02 3.295034542679786682e-02 6.554089486598968506e-02 5.463057756423950195e-02 1.681137457489967346e-02 1.841281913220882416e-02 4.493762925267219543e-02 2.041228301823139191e-02 1.178899966180324554e-02 7.499644998461008072e-03 3.546763584017753601e-02 3.585288301110267639e-02 1.193117164075374603e-02 3.858369588851928711e-02 4.544370621442794800e-02 4.039133712649345398e-02 1.814016699790954590e-02 9.632141329348087311e-03 1.135914213955402374e-02 5.678628757596015930e-02 1.186997443437576294e-02 4.568456858396530151e-02 2.532913116738200188e-03 4.907497670501470566e-03 2.425543405115604401e-02 1.177289150655269623e-02 3.360891342163085938e-02 1.690477877855300903e-02 1.944833062589168549e-02 8.891390636563301086e-03 9.375794616062194109e-05 5.060924589633941650e-02 4.113006871193647385e-03 4.131790716201066971e-03 7.498082518577575684e-02 3.016254305839538574e-02 1.114526111632585526e-02 1.426963042467832565e-02 1.319104898720979691e-02 1.513194106519222260e-02 4.163993522524833679e-02 2.819192036986351013e-02 6.559698376804590225e-03 2.848298521712422371e-03 4.851758107542991638e-02 4.412169381976127625e-02 1.281471271067857742e-02 5.469585210084915161e-02 3.059761971235275269e-02 2.060624770820140839e-02 1.785282604396343231e-02 3.656299784779548645e-02 2.494079817552119493e-04 1.178414933383464813e-02 2.338110096752643585e-02 8.079112507402896881e-03 4.922490101307630539e-03 2.747364342212677002e-02 4.505714401602745056e-02 3.598511964082717896e-02 1.846482232213020325e-02 4.516640678048133850e-02 2.122799493372440338e-02 4.144435375928878784e-02 5.187476053833961487e-02 7.441895455121994019e-02 2.575673162937164307e-02 7.526184897869825363e-03 1.153475791215896606e-02 2.402258478105068207e-02 2.720490656793117523e-02
3.894225507974624634e-02 3.890479207038879395e-01 2.310279523953795433e-03 2.116250246763229370e-02 1.896746642887592316e-02 1.977437548339366913e-02 4.644725099205970764e-02 7.863318175077438354e-02 1.795313134789466858e-02 1.693893969058990479e-02 4.497141391038894653e-02 2.228535152971744537e-02 1.070535331964492798e-01 1.386279985308647156e-02 2.755625545978546143e-02 1.065996661782264709e-02 1.067124959081411362e-02 5.273599643260240555e-03 8.675413206219673157e-03 3.236538916826248169e-02 2.983377873897552490e-02 5.189765989780426025e-02 4.596870020031929016e-02 6.543779280036687851e-03 1.851677335798740387e-02 2.148244297131896019e-03 8.072023838758468628e-02 2.975240163505077362e-02 7.400128990411758423e-03 3.460815176367759705e-02 9.445054456591606140e-03 3.529262915253639221e-02 4.605124518275260925e-02 1.114693935960531235e-02 4.528094455599784851e-02 3.803031146526336670e-02 1.453743223100900650e-02 3.457593172788619995e-02 1.006680354475975037e-02 1.058387011289596558e-02 3.420569375157356262e-02 4.983592033386230469e-02 1.292455475777387619e-02 1.208067219704389572e-02 1.841979287564754486e-02 2.641560882329940796e-02 3.142388304695487022e-03 1.618078723549842834e-02 8.907121606171131134e-03 1.308911386877298355e-02 1.376227103173732758e-02 2.000403776764869690e-02 4.666176810860633850e-02 2.283463813364505768e-02 3.521919623017311096e-02 2.886021509766578674e-02 1.581829972565174103e-02 4.852453991770744324e-02 4.182225838303565979e-02 2.367091132327914238e-03 1.800337433815002441e-02 9.988714940845966339e-03 5.109967291355133057e-02 4.536855965852737427e-02 6.917343474924564362e-03 9.576033800840377808e-03 3.839356079697608948e-02 2.299470640718936920e-02 6.722588837146759033e-02 3.853339701890945435e-02 8.579617738723754883e-02 3.491407632827758789e-02 6.749781779944896698e-03 4.911388736218214035e-03 4.392339661717414856e-02 2.658470161259174347e-02 1.087032724171876907e-02 2.449831552803516388e-02 8.742951788008213043e-03 1.278618909418582916e-02 3.827851638197898865e-02 2.059841761365532875e-03 8.891430497169494629e-02 2.826667018234729767e-02 4.357904940843582153e-02 1.591544784605503082e-02 2.617703378200531006e-02 4.890307172900065780e-05 1.846691966056823730e-02 2.251211553812026978e-02 4.029966145753860474e-02 5.008052289485931396e-02 2.212217636406421661e-02 4.890492558479309082e-02 5.081846192479133606e-02 2.112342044711112976e-02 6.460689008235931396e-02 3.233948349952697754e-02 1.783054322004318237e-02 4.130998626351356506e-02 2.096928469836711884e-02 2.670717798173427582e-02 2.444093674421310425e-02 1.571402326226234436e-02 5.911048129200935364e-02 1.799905113875865936e-02 2.103843353688716888e-02 2.821197360754013062e-02 4.142139852046966553e-02 5.543231591582298279e-02 2.173245139420032501e-02 2.156252786517143250e-02 2.667106315493583679e-02 4.810854792594909668e-02 7.158059161156415939e-03 3.345530852675437927e-02
2.590629504993557930e-03 2.310279523953795433e-03 3.910512030124664307e-01 2.865175902843475342e-02 4.633994773030281067e-02 4.009791463613510132e-02 1.062289928086102009e-03 1.823908984661102295e-01 5.610215011984109879e-03 3.618464618921279907e-02 5.009229294955730438e-03 2.528881095349788666e-02 2.702442370355129242e-02 1.274366676807403564e-02 3.599111363291740417e-02 4.430147632956504822e-02 2.618972025811672211e-02 9.896724484860897064e-03 3.812579438090324402e-02 2.468519285321235657e-02 1.511923968791961670e-02 4.408385604619979858e-02 3.209622809663414955e-03 4.096805118024349213e-03 4.847799718845635653e-04 4.977537319064140320e-02 3.940315544605255127e-02 8.594571612775325775e-03 3.389050811529159546e-02 2.436544932425022125e-02 3.174826875329017639e-02 5.858001857995986938e-02 4.690349102020263672e-02 1.576727256178855896e-02 3.985399752855300903e-02 3.713127225637435913e-02 1.233938336372375488e-02 2.916547283530235291e-02 7.569594774395227432e-03 1.461716252379119396e-03 2.936020493507385254e-02 2.572320401668548584e-02 3.589762374758720398e-02 1.625558175146579742e-02 2.710644155740737915e-02 4.133301973342895508e-02 7.074619061313569546e-04 4.437930136919021606e-02 3.320774435997009277e-02 8.714325726032257080e-03 1.974842883646488190e-02 5.174368992447853088e-02 4.081564396619796753e-02 3.022814728319644928e-02 4.105406627058982849e-02 6.343845278024673462e-02 2.789231715723872185e-03 2.497520484030246735e-02 2.293376624584197998e-02 1.012371387332677841e-03 2.231981232762336731e-02 3.096011094748973846e-02 1.479746121913194656e-02 1.455200742930173874e-02 3.645539283752441406e-02 3.972161561250686646e-02 7.188399322330951691e-03 3.495221585035324097e-02 3.295097500085830688e-02 2.250795951113104820e-03 1.005236338824033737e-02 3.728410601615905762e-02 3.261559456586837769e-02 4.779133200645446777e-02 1.984722353518009186e-02 2.702811546623706818e-02 3.844646736979484558e-02 3.844593465328216553e-02 1.890288107097148895e-02 2.951767668128013611e-02 1.997843198478221893e-02 4.576034471392631531e-02 4.181168973445892334e-02 4.227297753095626831e-02 1.188990846276283264e-02 3.147335723042488098e-02 2.463576570153236389e-02 4.126017540693283081e-02 2.747999876737594604e-02 1.789554022252559662e-02 2.158367447555065155e-02 3.766445070505142212e-02 1.393029186874628067e-02 3.210230916738510132e-02 8.111770451068878174e-02 1.426135469228029251e-02 1.388706173747777939e-02 1.958332583308219910e-02 2.626016922295093536e-02 4.147278144955635071e-02 1.987372525036334991e-02 3.147910535335540771e-02 4.207687452435493469e-02 7.411594851873815060e-04 3.903338685631752014e-02 4.361177608370780945e-02 2.133494243025779724e-03 6.026218831539154053e-02 3.136858344078063965e-02 3.583328798413276672e-03 3.834247961640357971e-02 1.995543017983436584e-02 4.738654196262359619e-02 3.387610614299774170e-02 3.998431935906410217e-02 6.491224281489849091e-03
7.442242465913295746e-03 2.116250246763229370e-02 2.865175902843475342e-02 3.806602954864501953e-01 6.254005245864391327e-03 1.158331613987684250e-02 4.001470282673835754e-02 2.339662052690982819e-03 3.235111013054847717e-02 3.074887394905090332e-02 7.438176125288009644e-02 2.913588471710681915e-02 7.939538918435573578e-03 4.625319316983222961e-02 4.589954763650894165e-02 8.678966201841831207e-03 2.934128791093826294e-02 6.536948494613170624e-03 4.595061764121055603e-02 2.611751109361648560e-02 3.029467910528182983e-02 6.260441150516271591e-04 3.329590335488319397e-02 2.536456286907196045e-02 1.296115200966596603e-02 2.099940739572048187e-02 4.056164249777793884e-02 3.007570048794150352e-03 3.863032162189483643e-02 5.092837382107973099e-03 1.718734577298164368e-02 2.659803628921508789e-02 9.077360853552818298e-03 1.535827387124300003e-02 5.486267153173685074e-03 2.540105953812599182e-02 5.054291337728500366e-02 2.767346054315567017e-02 4.166585206985473633e-02 6.055662874132394791e-03 4.090604186058044434e-02 1.591034978628158569e-02 4.802213236689567566e-02 5.111733451485633850e-03 1.605536229908466339e-02 3.130873665213584900e-02 8.063991554081439972e-03 3.946549817919731140e-02 5.469612777233123779e-03 5.370085127651691437e-03 5.514190997928380966e-03 9.168441407382488251e-03 1.150024705566465855e-03 3.582821413874626160e-02 4.571955651044845581e-02 2.485727891325950623e-02 1.637564972043037415e-02 2.072811685502529144e-02 9.919392876327037811e-03 3.783795982599258423e-02 2.293148078024387360e-02 1.832781732082366943e-02 1.930488646030426025e-02 4.342561960220336914e-02 5.028400942683219910e-02 3.961598500609397888e-02 2.182083262596279383e-04 1.001938898116350174e-02 7.606821507215499878e-02 4.333189222961664200e-03 2.176999486982822418e-02 3.500586748123168945e-02 7.617024332284927368e-02 1.457838527858257294e-02 4.974887520074844360e-02 4.336559213697910309e-03 1.561087556183338165e-02 1.855828426778316498e-02 6.874435581266880035e-03 1.485400274395942688e-02 2.920901216566562653e-02 3.350528329610824585e-02 9.590369649231433868e-03 5.701693519949913025e-02 3.925690427422523499e-02 3.075799671933054924e-03 2.963362634181976318e-02 2.592763304710388184e-02 2.916919440031051636e-02 2.424093149602413177e-02 1.957080140709877014e-02 2.106795646250247955e-02 1.568387076258659363e-02 2.110208012163639069e-02 4.064618051052093506e-02 3.649848699569702148e-02 6.809638813138008118e-03 4.052487760782241821e-02 3.702561184763908386e-02 2.657949365675449371e-02 9.649921208620071411e-03 3.834697604179382324e-02 3.123379312455654144e-02 4.195070266723632812e-02 5.477291066199541092e-03 8.574765175580978394e-03 8.561770431697368622e-03 5.275621265172958374e-02 1.084330724552273750e-03 3.451981022953987122e-02 4.012069851160049438e-02 2.754842303693294525e-02 4.914111644029617310e-02 4.381072893738746643e-02 8.035854436457157135e-03 1.995427766814827919e-03
5.170179903507232666e-02 1.896746642887592316e-02 4.633994773030281067e-02 6.254005245864391327e-03 3.715022802352905273e-01 2.060155197978019714e-02 5.064295139163732529e-03 1.577600650489330292e-02 1.996880397200584412e-02 3.230055794119834900e-02 5.349711701273918152e-02 3.080429695546627045e-02 2.062754891812801361e-02 3.579965606331825256e-02 4.624031484127044678e-02 2.583903260529041290e-02 3.045125864446163177e-02 2.831156924366950989e-02 3.939868882298469543e-02 2.377909049391746521e-02 4.015002865344285965e-03 5.936871096491813660e-02 2.017453312873840332e-03 5.187289044260978699e-02 3.070169128477573395e-02 2.470847405493259430e-02 4.684109240770339966e-02 1.208315789699554443e-02 3.151429118588566780e-03 9.173651225864887238e-03 3.162442892789840698e-02 2.565389685332775116e-02 2.332595363259315491e-02 2.046814933419227600e-02 2.966834045946598053e-02 2.164991339668631554e-03 2.153326384723186493e-02 3.916567191481590271e-02 2.966646477580070496e-02 9.810155257582664490e-03 1.755147799849510193e-02 1.997456140816211700e-02 7.195747457444667816e-03 2.293229661881923676e-02 1.127311587333679199e-02 4.385623708367347717e-02 2.788234688341617584e-02 3.266942873597145081e-02 3.719313442707061768e-02 9.622352197766304016e-03 1.111805718392133713e-02 3.203397244215011597e-02 3.832406550645828247e-02 1.726899668574333191e-02 2.652098052203655243e-02 3.965891897678375244e-02 2.617244236171245575e-02 3.761462122201919556e-02 3.354480862617492676e-02 3.882188722491264343e-02 8.332619443535804749e-03 3.055568970739841461e-02 2.305812202394008636e-02 8.594795130193233490e-03 1.855537854135036469e-02 1.749446429312229156e-02 4.521810635924339294e-02 4.579284042119979858e-02 4.193138703703880310e-02 1.026298664510250092e-02 3.829621151089668274e-02 4.391863942146301270e-02 3.819694370031356812e-02 9.041634388267993927e-03 1.339493412524461746e-02 4.365877062082290649e-02 7.502681575715541840e-03 1.804744638502597809e-02 9.887306019663810730e-03 4.435396939516067505e-02 2.956593036651611328e-02 1.986156962811946869e-02 6.939616799354553223e-02 2.761652506887912750e-02 3.812098130583763123e-02 4.669704008847475052e-03 3.337598592042922974e-02 3.721410781145095825e-02 4.465823993086814880e-02 2.035823091864585876e-02 4.136091843247413635e-02 4.634308069944381714e-02 1.099480781704187393e-02 3.119231574237346649e-02 1.646462641656398773e-02 1.225678715854883194e-02 3.644018247723579407e-02 6.505731027573347092e-03 3.091326542198657990e-02 1.347723230719566345e-02 3.152912110090255737e-02 8.209384046494960785e-03 4.944354668259620667e-02 3.531962633132934570e-02 3.452582284808158875e-02 2.006382681429386139e-02 2.351217530667781830e-02 2.863373979926109314e-02 2.715060301125049591e-02 3.081540949642658234e-02 3.919126465916633606e-02 1.379340514540672302e-02 3.040241450071334839e-02 2.101977914571762085e-02 4.229135811328887939e-03 3.998917341232299805e-02
9.033648297190666199e-03 1.977437548339366913e-02 4.009791463613510132e-02 1.158331613987684250e-02 2.060155197978019714e-02 3.985350131988525391e-01 1.133324354887008667e-01 3.920278511941432953e-03 8.942962158471345901e-04 1.300529669970273972e-02 7.976980879902839661e-03 4.156226292252540588e-02 2.646030485630035400e-02 3.258430957794189453e-02 1.077426318079233170e-02 2.817679196596145630e-02 4.637383297085762024e-02 4.760939255356788635e-02 2.987870946526527405e-02 6.010172516107559204e-02 3.272337093949317932e-02 6.046390905976295471e-02 4.208122193813323975e-02 1.474407874047756195e-02 1.336629409343004227e-02 3.263194113969802856e-02 2.510334737598896027e-02 5.395608395338058472e-02 7.686197757720947266e-02 1.377817336469888687e-02 2.285495027899742126e-02 4.636048898100852966e-02 4.786019772291183472e-02 3.423671051859855652e-02 2.548797987401485443e-02 3.796739131212234497e-02 1.037912629544734955e-02 3.451932594180107117e-02 6.612676661461591721e-03 4.185060411691665649e-02 4.793912544846534729e-02 1.226057019084692001e-02 1.855492033064365387e-02 2.352252230048179626e-02 5.006337165832519531e-02 1.696415245532989502e-02 1.092816814780235291e-01 4.521953314542770386e-02 7.013565860688686371e-03 4.936354607343673706e-02 3.240607678890228271e-02 5.600135773420333862e-02 2.912468090653419495e-02 1.814114116132259369e-02 3.703827783465385437e-02 1.576723344624042511e-02 1.552299410104751587e-02 5.143694207072257996e-02 4.448454827070236206e-02 3.237071633338928223e-02 2.795320749282836914e-02 8.701383322477340698e-02 1.251941174268722534e-02 3.860729932785034180e-02 4.356299713253974915e-02 4.786135256290435791e-02 3.380183130502700806e-02 2.259779535233974457e-02 2.788656018674373627e-02 4.843049868941307068e-02 2.696721069514751434e-02 4.131080117076635361e-03 1.686275191605091095e-02 3.499856591224670410e-02 2.560117840766906738e-02 2.590058604255318642e-03 1.960263960063457489e-02 2.689696848392486572e-02 3.132702782750129700e-02 2.386335842311382294e-02 1.424492616206407547e-02 2.675744332373142242e-02 2.965267933905124664e-02 8.297687023878097534e-02 9.588867425918579102e-03 2.437567152082920074e-02 5.226255953311920166e-02 4.176069796085357666e-02 1.741460897028446198e-02 2.969570085406303406e-02 6.623966246843338013e-02 8.310834877192974091e-03 2.252910099923610687e-02 3.584826737642288208e-02 3.660230711102485657e-02 2.383486181497573853e-02 3.051928058266639709e-02 1.609185338020324707e-02 1.475264411419630051e-02 8.179371245205402374e-03 5.128893628716468811e-02 4.965897276997566223e-02 2.820575423538684845e-02 1.693277433514595032e-02 4.690350964665412903e-02 2.323230728507041931e-02 4.344157129526138306e-02 2.699347771704196930e-02 2.541625872254371643e-02 1.574783399701118469e-02 1.587345451116561890e-02 1.230776682496070862e-02 2.137284958735108376e-03 9.124535135924816132e-03 1.016803830862045288e-01 9.752319008111953735e-02
7.714402396231889725e-03 4.644725099205970764e-02 1.062289928086102009e-03 4.001470282673835754e-02 5.064295139163732529e-03 1.133324354887008667e-01 4.037154018878936768e-01 2.449653297662734985e-02 4.190592467784881592e-02 5.514647066593170166e-02 4.551863670349121094e-02 3.781188279390335083e-03 1.185906864702701569e-02 4.599540494382381439e-03 3.541800752282142639e-02 3.557752445340156555e-02 2.611910179257392883e-02 2.885474450886249542e-02 6.789851468056440353e-03 6.737388670444488525e-02 4.571967944502830505e-02 5.222745984792709351e-02 3.504810109734535217e-02 4.811524599790573120e-02 1.743649691343307495e-02 2.155513036996126175e-03 2.958456613123416901e-02 4.393314570188522339e-02 2.481256239116191864e-02 7.251418195664882660e-03 5.351743847131729126e-02 4.614534229040145874e-02 2.840886451303958893e-02 4.247574508190155029e-02 8.951323106884956360e-03 1.053903761203400791e-04 1.890626922249794006e-02 6.622739136219024658e-03 4.004773497581481934e-02 2.368047460913658142e-02 4.268493130803108215e-02 4.573053866624832153e-02 1.415435690432786942e-02 1.346505619585514069e-02 6.100045051425695419e-03 9.130878024734556675e-04 1.607536338269710541e-02 1.845660507678985596e-01 8.956999517977237701e-03 2.080846205353736877e-02 2.769336290657520294e-02 1.814250275492668152e-02 6.760503631085157394e-03 9.310060180723667145e-03 2.691285125911235809e-02 3.671848773956298828e-02 2.906197495758533478e-02 4.230522364377975464e-02 3.681207820773124695e-02 3.472186252474784851e-02 3.689194843173027039e-02 1.712849549949169159e-02 5.838933587074279785e-02 4.147567786276340485e-03 5.858295783400535583e-02 3.157756105065345764e-02 4.263726621866226196e-02 3.261271864175796509e-02 3.305697441101074219e-02 1.138492822647094727e-01 2.395660430192947388e-02 1.408731751143932343e-02 2.707870863378047943e-02 5.783614888787269592e-02 2.028255909681320190e-02 1.015816349536180496e-02 1.301022619009017944e-02 3.628993779420852661e-02 3.231911733746528625e-02 6.101774517446756363e-03 2.371868304908275604e-02 4.401424154639244080e-02 1.509518735110759735e-02 1.315485220402479172e-02 1.390066184103488922e-02 2.227750793099403381e-02 4.959859326481819153e-02 2.203040383756160736e-02 9.039150178432464600e-02 5.112866405397653580e-03 6.707075238227844238e-02 9.195981547236442566e-03 1.575546897947788239e-02 3.504512086510658264e-02 2.989935316145420074e-02 3.131829202175140381e-02 1.722336560487747192e-02 1.055013667792081833e-02 8.300684392452239990e-03 2.826445177197456360e-02 2.362043969333171844e-02 9.901181329041719437e-04 2.146476414054632187e-03 2.632802724838256836e-02 7.452526129782199860e-03 5.164862796664237976e-02 4.483789578080177307e-02 4.788760095834732056e-02 3.054969199001789093e-02 1.638031005859375000e-02 1.341418642550706863e-02 4.771210998296737671e-02 3.117232955992221832e-02 8.828137069940567017e-03 3.541623800992965698e-02 4.288075119256973267e-02
1.616001687943935394e-02 7.863318175077438354e-02 1.823908984661102295e-01 2.339662052690982819e-03 1.577600650489330292e-02 3.920278511941432953e-03 2.449653297662734985e-02 4.027219116687774658e-01 4.557291790843009949e-02 3.313129022717475891e-02 8.388924412429332733e-03 2.394171990454196930e-02 2.153568528592586517e-02 3.148541972041130066e-02 6.326947361230850220e-02 9.851057082414627075e-03 2.414695220068097115e-03 3.838204592466354370e-02 3.530793264508247375e-02 3.100099973380565643e-02 3.354915231466293335e-02 4.671098291873931885e-02 4.902812186628580093e-03 2.849779650568962097e-02 2.398742921650409698e-02 2.739502117037773132e-02 8.640382438898086548e-03 2.605169638991355896e-02 2.995705790817737579e-02 3.297389298677444458e-02 2.296197414398193359e-02 2.777938917279243469e-02 1.683237962424755096e-02 1.956595107913017273e-02 1.248504151590168476e-03 1.532777398824691772e-02 2.534549916163086891e-03 2.783873118460178375e-02 5.324744433164596558e-02 3.867815434932708740e-02 1.749853789806365967e-02 1.923679746687412262e-02 2.173320204019546509e-02 4.011423792690038681e-03 2.413035929203033447e-02 4.006545245647430420e-02 3.566672652959823608e-02 1.524014119058847427e-02 3.234194219112396240e-02 4.649064689874649048e-02 7.200800348073244095e-03 1.998834311962127686e-02 4.560173675417900085e-02 3.620773181319236755e-02 1.088302303105592728e-02 2.367042563855648041e-02 2.450979687273502350e-02 4.814729839563369751e-02 5.596834700554609299e-03 2.187542244791984558e-02 2.572913840413093567e-02 4.095702618360519409e-02 6.238039117306470871e-03 6.264653056859970093e-03 5.637090653181076050e-04 2.048858907073736191e-03 2.398368343710899353e-02 5.701334029436111450e-02 5.011800676584243774e-02 1.564870029687881470e-02 6.721621379256248474e-03 2.344432659447193146e-02 4.891671985387802124e-02 1.279336214065551758e-02 1.577083393931388855e-02 1.739465259015560150e-02 5.053440108895301819e-03 1.322831679135560989e-02 4.925507679581642151e-02 2.567841112613677979e-02 7.417429238557815552e-02 9.695886075496673584e-02 3.467947989702224731e-02 6.120352074503898621e-03 1.252967957407236099e-02 2.929658256471157074e-02 5.734078958630561829e-02 2.442907728254795074e-02 3.866690769791603088e-02 3.560635820031166077e-02 2.827793732285499573e-02 4.204760119318962097e-02 3.189077973365783691e-02 1.888443902134895325e-02 4.357580468058586121e-02 3.798826783895492554e-02 2.046750672161579132e-02 1.490321359597146511e-03 1.548153348267078400e-02 1.427229028195142746e-02 1.926651597023010254e-02 3.871684521436691284e-02 1.713839010335505009e-03 6.557006388902664185e-02 3.040026314556598663e-02 3.987008705735206604e-02 7.414926588535308838e-02 4.763063415884971619e-02 3.771150857210159302e-02 3.828098252415657043e-02 4.143439605832099915e-02 3.053889796137809753e-02 4.604121204465627670e-03 7.087619043886661530e-03 2.930520335212349892e-03 5.267983768135309219e-03
1.585334911942481995e-02 1.795313134789466858e-02 5.610215011984109879e-03 3.235111013054847717e-02 1.996880397200584412e-02 8.942962158471345901e-04 4.190592467784881592e-02 4.557291790843009949e-02 4.090187251567840576e-01 2.194659970700740814e-02 2.199563756585121155e-02 1.538239791989326477e-02 3.906196681782603264e-03 3.137103840708732605e-02 3.516484051942825317e-02 3.030525520443916321e-02 4.422601684927940369e-02 2.878907136619091034e-02 3.057413920760154724e-02 2.724599093198776245e-02 8.415525080636143684e-04 4.970058798789978027e-02 3.579566627740859985e-02 5.644382908940315247e-02 3.335539624094963074e-02 3.222076594829559326e-02 1.205847039818763733e-02 2.680073864758014679e-02 3.957851231098175049e-02 1.691216602921485901e-02 3.109837882220745087e-02 3.563783317804336548e-02 3.516155853867530823e-02 2.257711626589298248e-02 1.732050627470016479e-02 5.285234656184911728e-03 3.159228712320327759e-02 6.565799564123153687e-02 2.171757817268371582e-02 6.796027999371290207e-03 1.952392607927322388e-02 3.330265730619430542e-02 3.811561036854982376e-03 1.036996953189373016e-02 5.311707034707069397e-02 2.302912063896656036e-02 5.725480988621711731e-02 1.438949350267648697e-02 2.822325564920902252e-02 4.288170486688613892e-02 3.161989385262131691e-03 2.071265131235122681e-02 5.418787896633148193e-02 1.354742702096700668e-02 1.077939048409461975e-01 4.362789914011955261e-02 6.839544326066970825e-02 5.364669486880302429e-03 3.355541452765464783e-02 9.025258943438529968e-03 9.967857971787452698e-03 3.819238394498825073e-02 4.710298404097557068e-02 4.575910046696662903e-02 1.014361903071403503e-02 4.030516371130943298e-03 4.078105464577674866e-02 3.569252043962478638e-02 7.287418842315673828e-02 4.140178859233856201e-02 2.531498298048973083e-02 4.508510231971740723e-02 4.343772307038307190e-02 7.105654478073120117e-02 2.917738258838653564e-02 7.533990591764450073e-02 1.347865462303161621e-01 1.451246906071901321e-03 7.643586397171020508e-02 6.933478172868490219e-03 7.010649424046278000e-03 2.914088033139705658e-02 7.967846840620040894e-02 2.880514599382877350e-02 3.023031726479530334e-02 1.689155027270317078e-02 4.816184937953948975e-02 2.268333360552787781e-02 1.021322011947631836e-01 3.322840109467506409e-02 1.898721046745777130e-02 2.279454376548528671e-03 2.432384528219699860e-02 1.838818565011024475e-02 1.838348060846328735e-02 3.008498810231685638e-02 1.255765929818153381e-02 2.471174113452434540e-02 4.149800539016723633e-02 3.723126277327537537e-02 3.191271051764488220e-02 4.453840479254722595e-02 2.737754210829734802e-02 2.742149680852890015e-02 6.709861569106578827e-03 5.659466609358787537e-02 4.296338930726051331e-02 3.600466251373291016e-02 3.875153884291648865e-02 5.108444392681121826e-02 1.068021054379642010e-03 5.248397588729858398e-02 4.227620735764503479e-02 5.425048246979713440e-02 1.971651241183280945e-02 3.914676606655120850e-02
1.131737511605024338e-02 1.693893969058990479e-02 3.618464618921279907e-02 3.074887394905090332e-02 3.230055794119834900e-02 1.300529669970273972e-02 5.514647066593170166e-02 3.313129022717475891e-02 2.194659970700740814e-02 3.977686762809753418e-01 1.531343627721071243e-02 4.813180863857269287e-02 2.166444621980190277e-02 1.485410612076520920e-02 5.272924154996871948e-02 6.253673881292343140e-02 1.090027857571840286e-02 1.803152263164520264e-02 7.154025137424468994e-02 3.770982846617698669e-03 1.247550547122955322e-02 2.449368499219417572e-02 4.856756702065467834e-02 9.818304330110549927e-03 4.507300327531993389e-04 5.050382018089294434e-02 1.997484453022480011e-02 3.928045183420181274e-02 4.851388558745384216e-02 4.767440259456634521e-02 2.401358261704444885e-02 2.856507897377014160e-02 1.214022934436798096e-02 2.193944901227951050e-02 5.645260587334632874e-02 5.319779366254806519e-02 4.287195205688476562e-02 6.310962885618209839e-02 4.258987307548522949e-02 1.130212377756834030e-02 5.313530564308166504e-02 4.172145947813987732e-02 8.916366496123373508e-04 4.648295789957046509e-02 1.751155778765678406e-02 2.024330571293830872e-02 9.556435048580169678e-03 9.167256066575646400e-04 6.856351625174283981e-03 4.330147057771682739e-03 4.306332394480705261e-02 2.267694473266601562e-02 4.510929435491561890e-02 2.452324144542217255e-02 4.232564941048622131e-02 3.067046217620372772e-02 2.712975814938545227e-02 3.479555621743202209e-02 1.691525429487228394e-02 3.541265428066253662e-02 4.183593671768903732e-03 4.475622251629829407e-02 1.963760703802108765e-02 2.356659621000289917e-02 1.844133995473384857e-02 1.525018922984600067e-02 9.785383008420467377e-04 6.358865648508071899e-03 2.007580175995826721e-02 3.212489932775497437e-02 2.393914200365543365e-02 2.643736265599727631e-02 4.867380484938621521e-02 4.804894700646400452e-02 8.201122283935546875e-03 3.500972315669059753e-02 2.237491309642791748e-02 1.081226021051406860e-01 1.760671474039554596e-02 6.525032967329025269e-02 9.850612841546535492e-03 2.398855984210968018e-02 4.722157493233680725e-03 7.579140365123748779e-02 1.746672950685024261e-02 4.495431855320930481e-02 4.839727282524108887e-02 8.648158982396125793e-03 4.513012990355491638e-02 1.271257996559143066e-01 1.269232481718063354e-02 3.080191463232040405e-02 5.262108519673347473e-02 2.162778936326503754e-02 1.714552380144596100e-02 1.012848131358623505e-02 5.758149176836013794e-02 2.422937192022800446e-03 2.515340968966484070e-02 5.037191789597272873e-03 5.651736259460449219e-02 4.093751683831214905e-02 2.829474024474620819e-02 4.411012306809425354e-02 4.677481949329376221e-02 5.473014339804649353e-02 3.184470161795616150e-02 1.356869284063577652e-02 1.090083178132772446e-02 3.684172406792640686e-02 4.812417924404144287e-02 3.604626655578613281e-02 2.826157212257385254e-02 1.802291348576545715e-02 2.727578766644001007e-02 2.673853561282157898e-02
1.277425885200500488e-01 4.497141391038894653e-02 5.009229294955730438e-03 7.438176125288009644e-02 5.349711701273918152e-02 7.976980879902839661e-03 4.551863670349121094e-02 8.388924412429332733e-03 2.199563756585121155e-02 1.531343627721071243e-02 4.020678699016571045e-01 4.047040641307830811e-02 6.903204321861267090e-02 3.804095089435577393e-02 1.726252958178520203e-02 1.035049185156822205e-02 3.349203616380691528e-02 2.242039516568183899e-02 1.276399940252304077e-02 2.184531651437282562e-02 2.071391791105270386e-02 1.832059957087039948e-02 4.699321463704109192e-02 1.684823445975780487e-02 2.500766515731811523e-02 2.382492832839488983e-02 3.693070495501160622e-03 5.250668525695800781e-02 4.803290218114852905e-02 3.764031827449798584e-02 2.330456487834453583e-02 1.924810186028480530e-02 4.393346980214118958e-02 2.646138658747076988e-03 6.541500333696603775e-03 2.797229215502738953e-02 3.353421017527580261e-02 4.838591068983078003e-02 1.923844777047634125e-02 2.213420905172824860e-02 3.461685776710510254e-02 1.799209415912628174e-02 1.478239987045526505e-02 4.559425264596939087e-02 2.551160380244255066e-02 3.797688335180282593e-02 3.388540074229240417e-02 5.889556836336851120e-03 2.439570962451398373e-04 2.895925007760524750e-02 7.697747088968753815e-03 2.982966834679245949e-03 4.442171379923820496e-02 3.291221708059310913e-02 4.566588252782821655e-02 9.760756045579910278e-03 3.067347221076488495e-02 1.296205539256334305e-02 4.129778593778610229e-02 8.227819576859474182e-03 3.279872983694076538e-02 1.435414794832468033e-02 4.754234477877616882e-02 7.706545758992433548e-03 4.048097133636474609e-02 2.501786453649401665e-03 1.465269550681114197e-02 8.789425715804100037e-03 2.818946912884712219e-02 1.480235077906399965e-04 3.820838779211044312e-02 4.826992750167846680e-02 2.871224470436573029e-02 4.707508906722068787e-02 2.264307625591754913e-02 3.800897672772407532e-02 3.915958106517791748e-02 1.341537851840257645e-02 1.970529183745384216e-02 4.983309656381607056e-02 1.833902113139629364e-02 1.030498184263706207e-02 3.741623600944876671e-03 4.232740961015224457e-03 1.897500269114971161e-02 3.803262487053871155e-02 8.702765218913555145e-03 2.201527543365955353e-02 2.960114739835262299e-02 9.789259172976016998e-03 8.199719712138175964e-03 3.302792087197303772e-02 7.596727926284074783e-03 2.089791372418403625e-02 3.072232566773891449e-02 1.422008592635393143e-02 4.653095081448554993e-02 3.716984018683433533e-02 1.010179799050092697e-02 1.895327679812908173e-02 1.988118700683116913e-02 1.329279411584138870e-02 3.642502799630165100e-02 2.452034875750541687e-02 5.002336576581001282e-03 4.027162864804267883e-02 1.856991276144981384e-02 4.747401922941207886e-02 3.283381462097167969e-02 1.214700564742088318e-02 1.246639527380466461e-02 3.191148396581411362e-03 3.085079789161682129e-02 4.958642274141311646e-02 4.475444182753562927e-02 2.659751474857330322e-02
4.221215471625328064e-02 2.228535152971744537e-02 2.528881095349788666e-02 2.913588471710681915e-02 3.080429695546627045e-02 4.156226292252540588e-02 3.781188279390335083e-03 2.394171990454196930e-02 1.538239791989326477e-02 4.813180863857269287e-02 4.047040641307830811e-02 3.984249830245971680e-01 2.498122118413448334e-02 9.635627269744873047e-02 3.752084448933601379e-02 3.168526664376258850e-02 4.725795984268188477e-02 4.286357015371322632e-02 2.746568061411380768e-02 2.104976028203964233e-02 2.692893147468566895e-02 3.837516997009515762e-03 5.491738393902778625e-02 1.717254891991615295e-02 3.550026565790176392e-02 1.256122719496488571e-02 4.689048603177070618e-02 4.403724893927574158e-02 3.422630950808525085e-02 9.041382372379302979e-02 3.861938836053013802e-03 7.138702087104320526e-03 1.718998141586780548e-02 4.937346652150154114e-02 1.542704831808805466e-02 2.555025368928909302e-02 1.716084592044353485e-02 3.053640201687812805e-02 2.584225125610828400e-02 3.422125056385993958e-02 5.693675205111503601e-02 1.079495809972286224e-02 3.674509748816490173e-02 9.156782925128936768e-02 1.417334228754043579e-01 9.991311281919479370e-02 4.310750961303710938e-02 1.760497130453586578e-02 1.197547465562820435e-02 1.416532415896654129e-02 4.251034930348396301e-03 2.086962107568979263e-03 1.104048732668161392e-02 3.682589158415794373e-02 4.500943422317504883e-02 2.795751579105854034e-02 1.067387592047452927e-02 3.819919750094413757e-02 4.375322908163070679e-02 2.512195706367492676e-02 5.199357494711875916e-02 8.739903569221496582e-04 3.907681908458471298e-03 3.544757515192031860e-02 5.995794758200645447e-02 3.981369361281394958e-02 4.352096095681190491e-02 2.287081070244312286e-02 2.620430663228034973e-02 9.062377735972404480e-03 3.262123838067054749e-02 2.687899209558963776e-02 3.896100819110870361e-02 9.473981335759162903e-03 1.933129131793975830e-02 5.198556184768676758e-02 8.685591071844100952e-02 9.458050131797790527e-03 2.406282117590308189e-03 1.306737586855888367e-02 2.798956260085105896e-02 1.111464016139507294e-02 1.576691120862960815e-02 5.101868882775306702e-03 5.081835389137268066e-02 1.242186059243977070e-03 5.883345752954483032e-02 3.460223227739334106e-02 6.891079992055892944e-02 5.080414563417434692e-02 2.501978911459445953e-02 1.602060347795486450e-02 2.050971426069736481e-02 1.200057007372379303e-02 1.118697226047515869e-02 3.181209787726402283e-02 3.400983288884162903e-02 3.007864113897085190e-03 3.223450854420661926e-02 5.177357234060764313e-03 4.290105402469635010e-02 1.006110198795795441e-02 8.112609386444091797e-03 2.459487132728099823e-02 2.304560504853725433e-02 5.004957690834999084e-02 2.496822923421859741e-02 5.210458766669034958e-03 4.466514289379119873e-02 2.016998268663883209e-02 6.094620004296302795e-02 3.258250281214714050e-02 3.002598509192466736e-02 1.779199810698628426e-03 7.694892119616270065e-03 4.113658517599105835e-02
4.169611260294914246e-02 1.070535331964492798e-01 2.702442370355129242e-02 7.939538918435573578e-03 2.062754891812801361e-02 2.646030485630035400e-02 1.185906864702701569e-02 2.153568528592586517e-02 3.906196681782603264e-03 2.166444621980190277e-02 6.903204321861267090e-02 2.498122118413448334e-02 4.015978574752807617e-01 1.103369519114494324e-02 2.745238831266760826e-03 1.187096466310322285e-03 3.790160268545150757e-02 1.700416579842567444e-02 7.805255055427551270e-02 4.201903939247131348e-02 2.895581722259521484e-02 9.245687164366245270e-03 3.784690052270889282e-02 5.306310951709747314e-02 4.461449757218360901e-02 2.950293943285942078e-02 5.292559973895549774e-03 1.358902663923799992e-03 2.393591590225696564e-02 1.706474646925926208e-02 4.453988373279571533e-02 4.794283304363489151e-03 2.023468166589736938e-02 2.309708297252655029e-02 2.367526292800903320e-03 3.637057170271873474e-02 4.337473213672637939e-02 1.139913802035152912e-03 4.057473037391901016e-03 4.840154200792312622e-02 4.866728559136390686e-02 5.129047855734825134e-02 5.252045113593339920e-03 4.175484180450439453e-02 8.883813396096229553e-03 3.525178134441375732e-02 1.529069989919662476e-02 4.570623114705085754e-02 8.580082096159458160e-03 4.169456660747528076e-02 3.404728369787335396e-03 1.003449596464633942e-02 1.316898269578814507e-03 1.985647343099117279e-02 4.240363836288452148e-02 3.445626469328999519e-03 2.036152407526969910e-02 4.294855147600173950e-02 7.747797667980194092e-02 2.130986005067825317e-02 2.190523408353328705e-02 6.803191453218460083e-02 3.888073563575744629e-02 3.147651627659797668e-02 7.150026503950357437e-04 6.304852664470672607e-02 1.312719564884901047e-02 1.298298221081495285e-02 6.469744443893432617e-02 2.349019050598144531e-03 1.023182272911071777e-01 4.378237947821617126e-02 3.441748768091201782e-02 1.184979826211929321e-02 5.111525207757949829e-02 2.576396986842155457e-02 1.604711823165416718e-02 4.060384631156921387e-02 1.682113669812679291e-02 2.472456544637680054e-03 4.821463301777839661e-02 3.136840462684631348e-02 2.539060078561306000e-02 8.604384027421474457e-03 4.204790666699409485e-02 7.256104145199060440e-03 3.276307135820388794e-02 1.809274964034557343e-02 2.775655500590801239e-02 1.538805663585662842e-02 3.535016672685742378e-03 2.845207042992115021e-02 2.415106073021888733e-02 2.065394446253776550e-02 4.166773706674575806e-02 4.999575763940811157e-02 4.031647369265556335e-02 3.250698000192642212e-02 4.924788326025009155e-02 5.045414343476295471e-02 2.189748734235763550e-02 4.640000686049461365e-02 5.831457208842039108e-03 1.581363938748836517e-02 1.333603728562593460e-02 4.999357461929321289e-02 3.967760875821113586e-02 2.942994423210620880e-02 6.625990499742329121e-04 2.611927501857280731e-02 1.847949251532554626e-02 3.714894503355026245e-02 4.140421748161315918e-02 5.215173214673995972e-02 1.981408707797527313e-02 1.216419157572090626e-03
