5.259064435958862305e-01 1.117735207080841064e-01 3.497337456792593002e-03 1.342680212110280991e-02 1.792324148118495941e-02 7.625818252563476562e-02 8.456330746412277222e-02 1.900417730212211609e-02 1.845893450081348419e-02 7.394620217382907867e-03 9.609483182430267334e-02 1.312019489705562592e-02 8.838631212711334229e-02 1.213558390736579895e-02 1.746836351230740547e-03 1.427847240120172501e-02 6.808117963373661041e-03 2.637083642184734344e-02 2.578984759747982025e-02 2.412069961428642273e-02 1.821403391659259796e-03 1.408101338893175125e-02 3.058946505188941956e-02 3.149742260575294495e-02 6.957025732845067978e-03 2.485168352723121643e-02 2.484648674726486206e-02 4.348479211330413818e-02 6.703440845012664795e-02 3.173416852951049805e-02 5.570535734295845032e-02 5.168018396943807602e-03 4.808298125863075256e-02 1.689065061509609222e-02 2.768511325120925903e-02 3.281316161155700684e-02 3.964605182409286499e-02 1.806014799512922764e-03 1.898086629807949066e-02 2.591525018215179443e-02 3.768962249159812927e-02 3.050543554127216339e-02 3.989370539784431458e-02 1.900737173855304718e-02 5.704179406166076660e-03 1.792953815311193466e-03 8.144108206033706665e-02 6.662566214799880981e-02 1.226577349007129669e-02 3.808131441473960876e-02 4.570741951465606689e-02 1.638968847692012787e-02 1.588770747184753418e-02 2.513665333390235901e-02 3.312144055962562561e-02 3.227292001247406006e-02 2.030861377716064453e-02 3.589985519647598267e-02 4.374117124825716019e-03 1.990574412047863007e-02 3.164042904973030090e-02 4.014905542135238647e-02 4.092056304216384888e-02 2.323891222476959229e-02 1.362422015517950058e-02 9.035225026309490204e-03 3.109598532319068909e-02 1.421745587140321732e-02 3.583841398358345032e-02 3.933165594935417175e-02 3.119362704455852509e-02 3.386353328824043274e-02 2.807317115366458893e-02 5.180577933788299561e-02 2.469365671277046204e-02 3.244873508810997009e-02 9.683076292276382446e-03 4.263145383447408676e-03 1.834543189033865929e-03 9.052794426679611206e-03 2.746387617662549019e-03 3.245624713599681854e-03 4.257771372795104980e-02 6.991172675043344498e-03 3.276872215792536736e-03 7.818336598575115204e-04 1.187236048281192780e-02 1.710519008338451385e-02 3.736641258001327515e-02 2.084454335272312164e-02 6.689864397048950195e-02 1.372397132217884064e-02 6.365410238504409790e-02 1.746662147343158722e-02 4.815036058425903320e-02 1.299369800835847855e-02 1.610008440911769867e-02 3.500250726938247681e-02 9.938059374690055847e-03 3.055310994386672974e-02 2.910832688212394714e-02 4.506007209420204163e-02 1.504364423453807831e-02 2.705411612987518311e-02 4.128171596676111221e-03 4.113585688173770905e-03 3.267074003815650940e-02 3.572349995374679565e-02 3.201375901699066162e-02 9.661341086030006409e-03 2.351579628884792328e-02 2.514847740530967712e-02 2.895948477089405060e-02 2.337701432406902313e-02 6.041874177753925323e-03 1.301507581956684589e-03
1.117735207080841064e-01 5.252895355224609375e-01 1.570653053931891918e-03 3.049843385815620422e-02 3.497294709086418152e-02 7.304315268993377686e-02 8.331531286239624023e-02 1.759307272732257843e-02 1.259790733456611633e-02 6.214195396751165390e-03 8.104719966650009155e-02 2.476483350619673729e-03 9.799823164939880371e-02 4.346179775893688202e-03 4.563109483569860458e-03 1.013585180044174194e-02 3.589520696550607681e-03 2.211802452802658081e-02 3.965866193175315857e-02 7.574732881039381027e-03 2.218571864068508148e-02 2.933350205421447754e-02 1.693895831704139709e-02 2.094854414463043213e-02 1.761031453497707844e-03 2.432578988373279572e-02 1.609235256910324097e-02 4.407962784171104431e-02 5.933366343379020691e-02 5.229146033525466919e-02 5.257697403430938721e-02 8.634751662611961365e-03 3.985856100916862488e-02 1.129064988344907761e-02 2.775911055505275726e-02 3.603862598538398743e-02 4.465673491358757019e-02 7.580798584967851639e-03 3.959407657384872437e-02 1.341003086417913437e-02 2.948400005698204041e-02 1.833399944007396698e-02 3.154679760336875916e-02 2.844254777301102877e-04 7.349166553467512131e-03 5.458709318190813065e-03 7.107206434011459351e-02 6.923107802867889404e-02 4.328145086765289307e-02 1.824545487761497498e-02 4.269386082887649536e-02 2.037440985441207886e-02 8.905534632503986359e-03 2.454197779297828674e-02 2.116981334984302521e-02 1.214586663991212845e-02 3.234018385410308838e-02 1.641747355461120605e-02 7.547350833192467690e-04 1.248934119939804077e-02 4.576364532113075256e-02 3.263059258460998535e-02 4.531627520918846130e-02 2.777695097029209137e-02 2.142935991287231445e-02 1.860833726823329926e-03 1.757312007248401642e-02 4.730334039777517319e-03 4.416408017277717590e-02 3.125183284282684326e-02 2.854122593998908997e-02 4.971828684210777283e-02 2.485440112650394440e-02 4.069980233907699585e-02 1.913547702133655548e-02 4.679149761795997620e-02 1.721260882914066315e-02 1.284282002598047256e-02 3.453135956078767776e-03 9.390098042786121368e-03 7.677951827645301819e-03 1.492282748222351074e-02 3.497048839926719666e-02 1.462581101804971695e-02 5.478948820382356644e-03 5.123855546116828918e-03 1.674576848745346069e-02 9.318473748862743378e-03 4.319858923554420471e-02 9.682618081569671631e-03 5.064456909894943237e-02 1.726264506578445435e-02 6.886892020702362061e-02 1.180188916623592377e-02 4.634223878383636475e-02 3.401828231289982796e-03 3.089414164423942566e-02 4.035469889640808105e-02 2.116590924561023712e-02 9.021836332976818085e-03 3.476211056113243103e-02 3.096446022391319275e-02 1.296408753842115402e-02 2.709260582923889160e-02 3.032121807336807251e-03 8.711799047887325287e-03 1.799965277314186096e-02 4.437189176678657532e-02 1.473420020192861557e-02 1.418026257306337357e-02 1.983681134879589081e-02 2.269609831273555756e-02 3.133370354771614075e-02 2.101180888712406158e-02 2.419580519199371338e-02 1.047653239220380783e-02
3.497337456792593002e-03 1.570653053931891918e-03 5.151179432868957520e-01 1.704641431570053101e-02 4.425827041268348694e-02 4.149695113301277161e-02 2.245064452290534973e-02 4.535649716854095459e-02 1.461025048047304153e-02 1.742217130959033966e-02 3.017142647877335548e-03 3.019048646092414856e-02 1.189366821199655533e-02 2.281208150088787079e-02 1.669405214488506317e-02 1.327892648987472057e-03 6.818681024014949799e-03 5.583549500443041325e-04 1.857942342758178711e-02 2.129293046891689301e-02 3.321298584342002869e-02 3.438964486122131348e-02 1.070595905184745789e-02 6.821346469223499298e-03 4.154676198959350586e-02 2.411201968789100647e-02 1.136237848550081253e-02 3.494802862405776978e-02 2.021571417571976781e-04 4.287421330809593201e-02 5.683448034687899053e-05 5.424512550234794617e-03 1.110362540930509567e-02 1.726110931485891342e-03 4.227205738425254822e-02 3.491444140672683716e-02 3.339923545718193054e-02 1.762512139976024628e-02 4.229494929313659668e-02 1.822472922503948212e-02 6.251912564039230347e-02 1.776618883013725281e-02 4.694855213165283203e-02 8.801040053367614746e-02 1.969568617641925812e-02 4.697527363896369934e-02 3.311233222484588623e-02 3.074388951063156128e-02 3.652462735772132874e-02 2.140335552394390106e-02 2.114267833530902863e-02 2.635676041245460510e-02 3.670924156904220581e-02 1.422291528433561325e-02 4.466607049107551575e-02 8.552309125661849976e-03 6.343815941363573074e-03 4.739754833281040192e-03 4.934315383434295654e-02 2.270700596272945404e-02 1.711053401231765747e-02 1.889849640429019928e-02 1.824722625315189362e-02 2.669422142207622528e-02 4.154694080352783203e-02 2.740535140037536621e-02 5.038418993353843689e-02 1.847068592905998230e-02 3.108153864741325378e-02 4.883847385644912720e-02 1.842738827690482140e-03 3.817983716726303101e-02 2.736832760274410248e-02 1.863709092140197754e-02 2.446575276553630829e-02 3.983585909008979797e-02 4.027706384658813477e-02 3.138253232464194298e-03 3.097629174590110779e-02 1.295480784028768539e-02 6.186625361442565918e-02 7.305450737476348877e-02 9.611069224774837494e-03 2.840076759457588196e-02 3.672292083501815796e-02 5.246799439191818237e-02 3.760236129164695740e-02 6.534760445356369019e-02 2.685562940314412117e-03 9.633940644562244415e-03 2.798286266624927521e-03 9.961647912859916687e-03 2.021975629031658173e-02 2.370390109717845917e-02 2.264978550374507904e-02 1.410435215802863240e-04 3.343711048364639282e-02 3.530958667397499084e-02 4.200901836156845093e-02 4.025002941489219666e-02 1.527464576065540314e-02 1.543009467422962189e-02 1.050202548503875732e-02 2.011300064623355865e-02 5.312457215040922165e-03 2.289284206926822662e-02 6.413533817976713181e-03 2.507232315838336945e-02 1.370240468531847000e-02 1.371770631521940231e-02 4.081455245614051819e-02 2.858038060367107391e-02 1.244137156754732132e-02 2.834489569067955017e-02 1.446863636374473572e-02 4.350822418928146362e-02
1.342680212110280991e-02 3.049843385815620422e-02 1.704641431570053101e-02 5.107975006103515625e-01 1.911141425371170044e-01 2.328675612807273865e-02 1.936199888586997986e-02 4.082272574305534363e-02 2.508595772087574005e-02 1.531611196696758270e-02 2.202615141868591309e-02 5.714465398341417313e-03 3.595304116606712341e-02 2.727510221302509308e-02 2.416449831798672676e-03 1.623975485563278198e-02 8.381149731576442719e-03 6.256151199340820312e-02 2.706692740321159363e-02 4.061907902359962463e-02 3.800791222602128983e-03 5.231905728578567505e-03 2.015487104654312134e-02 9.610770503059029579e-04 4.283648356795310974e-02 4.039946943521499634e-03 9.675812907516956329e-03 2.769339084625244141e-02 2.470013499259948730e-02 4.587356373667716980e-02 2.168495208024978638e-02 7.240021135658025742e-03 5.162336677312850952e-02 4.849929362535476685e-02 7.478748448193073273e-03 2.681705169379711151e-02 9.442154318094253540e-03 2.037397213280200958e-02 4.934507235884666443e-02 8.543763309717178345e-02 2.861942350864410400e-02 2.888089790940284729e-02 3.387916833162307739e-02 1.238222047686576843e-02 2.660092338919639587e-02 3.155526472255587578e-03 3.581748902797698975e-02 2.084719762206077576e-02 2.784269489347934723e-02 2.205050177872180939e-02 1.281927805393934250e-02 3.079710155725479126e-02 2.178716845810413361e-02 9.129965677857398987e-03 1.974709099158644676e-03 3.864032030105590820e-02 2.272322401404380798e-02 4.356968030333518982e-02 1.007606741040945053e-02 3.951421380043029785e-02 4.969674628227949142e-03 1.959528028964996338e-02 8.315033465623855591e-02 2.325617149472236633e-02 5.491408053785562515e-03 2.229525009170174599e-03 3.514751046895980835e-02 3.385071083903312683e-02 4.163245111703872681e-02 7.951929233968257904e-03 1.872271671891212463e-02 3.647067397832870483e-02 1.048439964652061462e-01 1.240131072700023651e-02 9.245600551366806030e-02 3.380949422717094421e-02 4.780421033501625061e-02 1.194284670054912567e-02 1.407775841653347015e-02 4.200179129838943481e-02 4.095423221588134766e-02 2.878956496715545654e-02 7.661966234445571899e-02 1.217496301978826523e-02 6.272901780903339386e-03 3.355510532855987549e-03 1.667689345777034760e-02 1.675277389585971832e-02 3.106157062575221062e-03 3.245532140135765076e-02 2.865708060562610626e-02 2.049245685338973999e-02 1.954811252653598785e-02 2.676257304847240448e-02 3.030853159725666046e-02 3.708951408043503761e-03 1.694228500127792358e-02 2.760071121156215668e-02 1.471059955656528473e-02 4.913844540715217590e-02 1.683080196380615234e-02 1.121965609490871429e-02 3.868867084383964539e-02 4.388946667313575745e-02 6.642200797796249390e-02 6.485833227634429932e-02 4.005941003561019897e-02 1.120724808424711227e-02 2.312934212386608124e-02 6.441784556955099106e-03 7.107931654900312424e-03 5.967651493847370148e-03 2.202920056879520416e-02 4.464051499962806702e-02 1.427757437340915203e-03 1.563627086579799652e-02
1.792324148118495941e-02 3.497294709086418152e-02 4.425827041268348694e-02 1.911141425371170044e-01 5.068548917770385742e-01 1.245221402496099472e-02 2.270029112696647644e-02 9.766432456672191620e-03 8.892765268683433533e-03 4.344600811600685120e-02 2.298637852072715759e-02 1.675015501677989960e-02 4.043085873126983643e-02 4.785321652889251709e-03 5.272447597235441208e-03 6.801835447549819946e-02 7.303023338317871094e-02 6.570487469434738159e-02 3.742210566997528076e-02 3.242245316505432129e-02 3.600125014781951904e-02 6.709523033350706100e-03 3.426992893218994141e-02 2.925071120262145996e-02 1.539146341383457184e-02 2.050232328474521637e-02 2.291338331997394562e-02 2.456226013600826263e-02 4.298382997512817383e-02 2.272661589086055756e-02 1.265169400721788406e-02 3.118164651095867157e-02 4.965817555785179138e-02 2.305524237453937531e-02 2.672215551137924194e-02 3.640849143266677856e-02 2.695978619158267975e-03 2.213570848107337952e-02 8.656970411539077759e-02 1.772972196340560913e-01 2.990637905895709991e-02 4.019286483526229858e-02 7.713593076914548874e-03 2.747849561274051666e-02 3.461156785488128662e-02 1.249601040035486221e-02 2.895907673519104719e-04 4.421754274517297745e-03 2.784402854740619659e-02 4.455327987670898438e-02 2.604428865015506744e-02 3.492902591824531555e-02 4.059610422700643539e-03 8.522206917405128479e-03 2.907490357756614685e-02 2.637148275971412659e-02 1.324926316738128662e-02 2.590806223452091217e-02 2.028366550803184509e-02 3.136511147022247314e-02 2.593975327908992767e-02 4.622643068432807922e-02 8.964149653911590576e-02 2.679777517914772034e-02 1.018291804939508438e-02 3.302650898694992065e-02 5.297438241541385651e-03 3.221426904201507568e-02 3.624156489968299866e-02 1.111985743045806885e-02 1.923404633998870850e-02 1.105129905045032501e-02 9.222996979951858521e-02 3.559782728552818298e-02 1.204830110073089600e-01 5.934245884418487549e-03 7.725445553660392761e-03 2.138884551823139191e-02 2.756264247000217438e-02 3.054604167118668556e-03 4.034234583377838135e-02 1.370952837169170380e-02 7.432515919208526611e-02 4.517656192183494568e-02 1.900398544967174530e-02 1.966216228902339935e-02 1.914735510945320129e-02 2.992793917655944824e-02 9.452351368963718414e-03 2.990025468170642853e-02 2.679014950990676880e-02 4.626897163689136505e-03 2.981528453528881073e-02 3.739463537931442261e-02 1.399946305900812149e-02 3.453252092003822327e-02 2.782816998660564423e-02 1.117735076695680618e-02 3.398925065994262695e-02 4.355224967002868652e-02 3.366180136799812317e-02 2.186544425785541534e-02 3.283383091911673546e-03 5.827830173075199127e-03 4.043370112776756287e-02 6.270575523376464844e-02 4.198762774467468262e-02 4.581911489367485046e-02 1.064442284405231476e-02 2.860650792717933655e-02 3.848514705896377563e-02 4.759693518280982971e-02 9.973141364753246307e-03 9.457061067223548889e-03 3.727912530303001404e-02 1.335219200700521469e-02
7.625818252563476562e-02 7.304315268993377686e-02 4.149695113301277161e-02 2.328675612807273865e-02 1.245221402496099472e-02 5.234278440475463867e-01 1.150052994489669800e-01 9.211904369294643402e-03 3.531042113900184631e-02 3.000108338892459869e-02 4.946159571409225464e-02 6.919561326503753662e-02 3.916401788592338562e-02 5.183631926774978638e-02 4.377181455492973328e-02 4.447769373655319214e-02 4.540187865495681763e-02 6.959719583392143250e-03 4.055681079626083374e-02 8.522319607436656952e-03 1.510533038526773453e-02 1.452804170548915863e-02 1.467723213136196136e-02 4.522027447819709778e-03 2.205055020749568939e-02 1.711324043571949005e-02 4.376044962555170059e-03 4.325677827000617981e-02 2.749713137745857239e-02 3.950164094567298889e-02 1.695867255330085754e-02 2.578686736524105072e-02 2.232340723276138306e-02 3.869809210300445557e-02 3.926629200577735901e-02 1.182747073471546173e-02 1.437342027202248573e-03 1.792675815522670746e-02 4.590531066060066223e-02 1.660480163991451263e-02 2.787823416292667389e-02 9.562157094478607178e-03 1.090417895466089249e-02 3.304675966501235962e-02 5.340961739420890808e-02 4.163897037506103516e-02 8.202224224805831909e-02 7.603012770414352417e-02 3.096809610724449158e-02 1.883739139884710312e-03 1.786973676644265652e-03 2.392832748591899872e-02 6.638913764618337154e-04 1.583830569870769978e-03 4.021918028593063354e-02 1.903162896633148193e-02 9.285591542720794678e-03 2.016666904091835022e-02 5.141390487551689148e-03 1.078903768211603165e-02 2.733306773006916046e-02 6.355303805321455002e-03 2.947624772787094116e-02 1.428926829248666763e-02 2.888198196887969971e-02 4.888357594609260559e-02 3.811966162174940109e-03 1.950323022902011871e-02 4.379157349467277527e-02 1.609968766570091248e-02 3.555823117494583130e-02 3.976406157016754150e-02 2.152929641306400299e-02 6.293213926255702972e-03 4.731338471174240112e-02 4.018119350075721741e-02 5.091509781777858734e-03 5.280364304780960083e-02 3.590026125311851501e-02 2.971121296286582947e-02 2.892520092427730560e-02 4.812009632587432861e-02 1.612090691924095154e-02 1.376821100711822510e-02 7.581587880849838257e-03 9.297505021095275879e-03 2.470077015459537506e-02 2.997438609600067139e-02 3.666731342673301697e-02 4.245385155081748962e-02 4.394179955124855042e-02 2.885820157825946808e-02 4.670504108071327209e-02 2.772803045809268951e-02 5.172918085008859634e-03 8.115516975522041321e-03 3.339051082730293274e-02 2.802081219851970673e-02 5.339351668953895569e-02 1.458542328327894211e-02 4.362848401069641113e-02 4.763492196798324585e-02 1.534775178879499435e-02 2.481497824192047119e-02 2.487738616764545441e-02 2.721662260591983795e-02 1.910106651484966278e-02 1.229510083794593811e-02 4.523929953575134277e-02 2.994259074330329895e-02 4.211717844009399414e-02 4.593141749501228333e-02 2.041175588965415955e-02 2.361080236732959747e-02 2.269020676612854004e-02 1.325563527643680573e-02
8.456330746412277222e-02 8.331531286239624023e-02 2.245064452290534973e-02 1.936199888586997986e-02 2.270029112696647644e-02 1.150052994489669800e-01 5.316551923751831055e-01 8.954877965152263641e-03 3.341759368777275085e-02 4.185686632990837097e-02 5.840778350830078125e-02 4.767390713095664978e-02 6.336655467748641968e-02 4.655589908361434937e-02 2.137867361307144165e-02 3.158294036984443665e-02 2.824018150568008423e-02 5.549090914428234100e-03 5.318513140082359314e-03 2.464119810611009598e-03 1.906751282513141632e-02 1.058344379998743534e-03 3.712782869115471840e-03 8.470105007290840149e-03 9.964838391169905663e-04 2.658918499946594238e-02 5.969235207885503769e-03 1.463293284177780151e-02 3.608914464712142944e-02 1.872354932129383087e-02 4.311037063598632812e-02 8.131551556289196014e-03 2.049392648041248322e-02 1.197095308452844620e-02 3.151162341237068176e-02 9.576408192515373230e-03 2.417255938053131104e-02 2.088911272585391998e-02 3.572010621428489685e-02 1.408122829161584377e-03 3.596310690045356750e-02 1.970832981169223785e-02 1.344377081841230392e-02 4.115667566657066345e-02 4.860825836658477783e-02 4.051076993346214294e-02 1.010056212544441223e-01 1.005334779620170593e-01 1.103955414146184921e-02 4.267156869173049927e-02 1.696460507810115814e-02 1.177650969475507736e-02 9.522653417661786079e-04 1.391535717993974686e-02 4.473701119422912598e-02 3.622195869684219360e-02 2.700949274003505707e-02 4.487969636102207005e-05 1.178103848360478878e-03 7.537180092185735703e-03 2.063935995101928711e-02 1.646485179662704468e-02 2.978452667593955994e-02 2.952772937715053558e-02 3.291640803217887878e-02 2.110019139945507050e-02 3.982108552008867264e-03 1.944627426564693451e-02 3.678403422236442566e-02 1.064348127692937851e-02 3.906805440783500671e-02 4.064234718680381775e-02 2.917547710239887238e-03 7.662637624889612198e-03 4.289877042174339294e-02 4.965738952159881592e-02 1.729758642613887787e-02 4.223542660474777222e-02 3.307897225022315979e-02 7.491869386285543442e-03 2.543853782117366791e-02 2.838976122438907623e-02 3.099338710308074951e-02 3.429744765162467957e-02 1.328373141586780548e-02 1.975440606474876404e-02 2.427233941853046417e-02 2.192931994795799255e-02 3.828078880906105042e-02 1.129294559359550476e-02 6.375782936811447144e-02 4.585730656981468201e-02 7.903309911489486694e-02 3.082484938204288483e-02 3.219258040189743042e-02 4.110302776098251343e-02 2.945138141512870789e-02 4.102955013513565063e-02 2.587966062128543854e-02 7.712238933891057968e-03 2.570243366062641144e-02 5.929212644696235657e-02 2.944074384868144989e-02 4.025590419769287109e-02 1.633512601256370544e-02 2.642515301704406738e-02 3.194445744156837463e-02 3.111278824508190155e-02 3.662468120455741882e-02 1.197902113199234009e-02 3.998263925313949585e-02 4.759245738387107849e-02 2.080894540995359421e-03 8.479520678520202637e-03 1.185582485049962997e-02 5.831268499605357647e-04
1.900417730212211609e-02 1.759307272732257843e-02 4.535649716854095459e-02 4.082272574305534363e-02 9.766432456672191620e-03 9.211904369294643402e-03 8.954877965152263641e-03 5.028881430625915527e-01 1.349301659502089024e-03 1.015476533211767673e-03 3.738579899072647095e-02 1.066737156361341476e-02 5.564599484205245972e-02 5.128844175487756729e-03 9.644517302513122559e-02 4.051073919981718063e-03 1.044388115406036377e-02 3.450749069452285767e-02 1.319928281009197235e-02 3.964265435934066772e-02 3.791324049234390259e-02 3.366749733686447144e-02 3.294656053185462952e-02 3.126503899693489075e-02 4.474927484989166260e-02 4.911211133003234863e-02 3.105163387954235077e-02 3.755181282758712769e-02 8.204027108149603009e-05 1.555345579981803894e-02 1.028617471456527710e-02 5.035728681832551956e-03 2.645717374980449677e-02 1.836919970810413361e-02 7.030816748738288879e-03 1.411832589656114578e-02 6.035687401890754700e-03 3.938355296850204468e-02 9.659266099333763123e-03 1.332454499788582325e-03 9.964341297745704651e-03 1.132617704570293427e-02 2.067848574370145798e-03 9.523564018309116364e-03 3.774558380246162415e-02 4.054393246769905090e-02 1.378238108009099960e-02 1.180330850183963776e-02 3.036932274699211121e-02 2.464510314166545868e-02 2.764654159545898438e-02 3.953086677938699722e-03 2.556067518889904022e-02 3.992481902241706848e-02 3.230268880724906921e-02 3.562104329466819763e-02 1.041087089106440544e-03 3.072019899263978004e-03 5.310546606779098511e-03 2.683202736079692841e-02 3.040088340640068054e-02 2.823396399617195129e-02 4.311475157737731934e-02 2.201812341809272766e-03 2.198855951428413391e-02 1.746944338083267212e-02 2.177544310688972473e-02 1.561751123517751694e-02 3.940261900424957275e-02 3.101577609777450562e-02 3.176645562052726746e-02 3.985043987631797791e-02 4.229412414133548737e-03 3.033340163528919220e-02 2.682147547602653503e-02 1.495312433689832687e-02 4.609285295009613037e-02 1.422498282045125961e-02 3.386269509792327881e-02 1.360016758553683758e-03 5.858013778924942017e-02 7.561349868774414062e-02 1.683586835861206055e-02 1.905104704201221466e-02 5.390780791640281677e-02 3.827901184558868408e-02 6.798464059829711914e-02 7.386118173599243164e-02 2.576201036572456360e-02 8.452839218080043793e-03 5.994917824864387512e-03 1.119368476793169975e-03 8.388003916479647160e-04 7.609259802848100662e-03 4.372990876436233521e-02 4.005457833409309387e-02 3.281983360648155212e-02 2.694504521787166595e-02 3.724314272403717041e-02 2.158733457326889038e-02 2.035353891551494598e-02 4.224810004234313965e-02 1.762745156884193420e-02 1.726946420967578888e-02 3.624523058533668518e-02 4.751579370349645615e-03 1.229607500135898590e-03 2.349813468754291534e-02 3.973467275500297546e-02 1.669028773903846741e-02 1.510526798665523529e-02 2.211040444672107697e-02 1.792302355170249939e-02 1.060714758932590485e-02 2.955350466072559357e-02 1.161474268883466721e-02
1.845893450081348419e-02 1.259790733456611633e-02 1.461025048047304153e-02 2.508595772087574005e-02 8.892765268683433533e-03 3.531042113900184631e-02 3.341759368777275085e-02 1.349301659502089024e-03 5.160606503486633301e-01 1.452021747827529907e-01 1.016442477703094482e-02 1.482841838151216507e-02 2.650545164942741394e-02 8.619211614131927490e-03 7.373860105872154236e-03 3.014338947832584381e-02 1.803217828273773193e-02 5.818093195557594299e-02 5.313804000616073608e-02 4.264794662594795227e-02 2.243703790009021759e-02 2.926553040742874146e-02 5.652443505823612213e-03 2.505993470549583435e-02 4.649236053228378296e-02 5.023378878831863403e-03 3.314709290862083435e-02 3.885672986507415771e-02 1.901902956888079643e-03 3.850081935524940491e-02 1.297325734049081802e-02 1.510486286133527756e-02 3.295621834695339203e-03 9.793316014111042023e-03 1.237795408815145493e-02 4.419505223631858826e-02 4.550341516733169556e-02 1.532072015106678009e-02 3.644122276455163956e-03 1.399403321556746960e-03 3.519622609019279480e-03 3.718869062140583992e-03 3.331169486045837402e-02 1.996016129851341248e-02 2.851198799908161163e-02 1.471106149256229401e-02 3.230745345354080200e-02 3.226740658283233643e-02 4.084267467260360718e-02 2.133613638579845428e-02 1.088103558868169785e-02 3.995563462376594543e-02 4.840563982725143433e-03 1.613254100084304810e-02 6.082565709948539734e-02 5.250946804881095886e-02 2.485947683453559875e-02 6.730892509222030640e-02 4.603905603289604187e-03 1.896887458860874176e-02 9.944001585245132446e-02 8.688608556985855103e-02 8.943977765738964081e-03 2.162724034860730171e-03 2.291575632989406586e-02 1.604638434946537018e-02 1.684182323515415192e-02 2.867343090474605560e-02 6.760827451944351196e-02 2.930428460240364075e-02 6.296304613351821899e-02 2.307577803730964661e-02 4.045332595705986023e-02 1.790951564908027649e-02 1.593968458473682404e-02 4.000695794820785522e-02 1.296327710151672363e-01 1.116049885749816895e-01 2.993131056427955627e-02 9.405852854251861572e-02 4.533126950263977051e-02 3.687613084912300110e-02 2.915458753705024719e-02 2.851992286741733551e-02 3.292627260088920593e-02 2.813715860247612000e-02 3.264825791120529175e-02 2.864975482225418091e-02 4.701001942157745361e-02 8.099249005317687988e-02 1.618561148643493652e-02 1.539724506437778473e-02 1.242229249328374863e-02 3.902888670563697815e-02 1.278863474726676941e-02 1.757693476974964142e-02 2.755542472004890442e-02 3.469551354646682739e-02 3.011709637939929962e-02 3.717073425650596619e-02 5.285419058054685593e-03 4.929910600185394287e-02 2.095943316817283630e-02 2.226734720170497894e-02 1.270414423197507858e-02 3.723580762743949890e-02 3.391190990805625916e-02 2.380026970058679581e-03 3.774140402674674988e-02 6.974225398153066635e-03 2.562905475497245789e-02 1.933861337602138519e-02 4.015682637691497803e-02 3.667574748396873474e-02 6.156266201287508011e-03 3.234462067484855652e-02
7.394620217382907867e-03 6.214195396751165390e-03 1.742217130959033966e-02 1.531611196696758270e-02 4.344600811600685120e-02 3.000108338892459869e-02 4.185686632990837097e-02 1.015476533211767673e-03 1.452021747827529907e-01 5.149894356727600098e-01 1.905050687491893768e-02 5.242931470274925232e-02 8.561997674405574799e-03 5.021511577069759369e-03 4.287022352218627930e-02 2.484935335814952850e-02 2.029021270573139191e-02 9.916156530380249023e-03 1.067703887820243835e-01 2.910678461194038391e-02 3.494525328278541565e-02 1.999367028474807739e-02 2.177300397306680679e-03 4.189502820372581482e-02 2.909376099705696106e-02 9.571771137416362762e-03 2.414852380752563477e-02 1.190368458628654480e-02 9.432493709027767181e-03 4.609889350831508636e-03 1.036003977060317993e-02 1.955293864011764526e-02 5.346710793673992157e-03 6.955216522328555584e-04 1.683493703603744507e-02 4.499846696853637695e-02 4.335193708539009094e-02 1.527150347828865051e-02 2.906395122408866882e-02 1.930300518870353699e-02 1.696346909739077091e-03 1.014101225882768631e-02 6.791435647755861282e-03 2.527512796223163605e-02 1.087505184113979340e-02 1.507548801600933075e-02 4.245754331350326538e-02 4.574704542756080627e-02 2.038761787116527557e-02 1.015355810523033142e-01 3.350888192653656006e-02 4.424910247325897217e-02 1.715435995720326900e-03 1.005916483700275421e-02 8.260688744485378265e-03 1.127377897500991821e-01 4.474336653947830200e-02 5.991062149405479431e-02 1.496253721415996552e-02 1.004520524293184280e-02 2.408376522362232208e-02 9.312495589256286621e-02 1.223527360707521439e-02 4.954504966735839844e-02 1.712532830424606800e-03 1.921342313289642334e-02 2.623749710619449615e-02 2.755193039774894714e-02 1.431918423622846603e-02 9.986357763409614563e-04 6.550379097461700439e-02 7.722283247858285904e-03 1.092972699552774429e-02 9.696014225482940674e-03 1.300939917564392090e-02 2.678216621279716492e-02 5.301162973046302795e-02 1.496765464544296265e-01 3.080222941935062408e-02 1.470227837562561035e-01 2.410643734037876129e-02 1.369730848819017410e-02 2.506273798644542694e-03 1.285160053521394730e-02 4.595666006207466125e-02 1.673272810876369476e-02 1.260625850409269333e-02 3.874823451042175293e-02 2.052086032927036285e-02 9.775093942880630493e-02 5.577859003096818924e-03 3.022470977157354355e-03 2.156946575269103050e-03 4.122134298086166382e-02 3.021252714097499847e-02 8.723087608814239502e-03 4.247220233082771301e-02 3.979794681072235107e-02 1.411186344921588898e-02 1.062414981424808502e-02 3.526320308446884155e-02 8.046995848417282104e-03 1.557327993214130402e-02 3.704205900430679321e-02 1.850035600364208221e-02 3.640253329649567604e-03 1.427449379116296768e-02 2.467321418225765228e-02 1.778848282992839813e-02 7.490268908441066742e-03 1.449941284954547882e-02 3.652535378932952881e-03 3.512930870056152344e-02 4.951190575957298279e-02 3.967520967125892639e-02 3.937171772122383118e-02
9.609483182430267334e-02 8.104719966650009155e-02 3.017142647877335548e-03 2.202615141868591309e-02 2.298637852072715759e-02 4.946159571409225464e-02 5.840778350830078125e-02 3.738579899072647095e-02 1.016442477703094482e-02 1.905050687491893768e-02 5.207244157791137695e-01 2.541805617511272430e-02 1.002025604248046875e-01 3.033727779984474182e-02 2.529676072299480438e-02 3.701408579945564270e-02 2.674934081733226776e-02 1.371375191956758499e-02 1.975150778889656067e-02 4.201806150376796722e-03 4.896441008895635605e-03 4.850942268967628479e-02 1.572048291563987732e-02 2.628875710070133209e-02 1.188422320410609245e-03 1.548864040523767471e-02 4.234099388122558594e-02 7.670174818485975266e-03 6.954582035541534424e-02 3.130882233381271362e-02 2.761005237698554993e-02 1.532896421849727631e-04 2.655856125056743622e-02 5.879814852960407734e-04 4.148317128419876099e-02 9.013305418193340302e-03 1.397262327373027802e-02 2.188888564705848694e-02 2.117249369621276855e-02 2.647761441767215729e-02 1.523666456341743469e-02 2.932000532746315002e-02 3.083835914731025696e-02 3.471102681942284107e-04 1.381815969944000244e-02 1.026772428303956985e-02 6.281487643718719482e-02 4.828461632132530212e-02 3.070720657706260681e-02 4.340035095810890198e-02 4.072970896959304810e-02 1.568619720637798309e-02 1.723407302051782608e-03 7.463358808308839798e-03 3.637793660163879395e-02 3.784414380788803101e-02 2.682259120047092438e-02 6.772548891603946686e-03 5.315513815730810165e-03 4.909220151603221893e-03 1.462118700146675110e-02 3.877150267362594604e-02 2.213389240205287933e-02 2.659749984741210938e-02 1.712803915143013000e-02 3.052501007914543152e-02 1.200002804398536682e-02 1.292882859706878662e-02 8.137688040733337402e-03 1.410293858498334885e-02 4.188371077179908752e-02 3.449209034442901611e-02 2.551848813891410828e-02 2.134295366704463959e-02 1.909470534883439541e-03 1.216221880167722702e-02 5.117669701576232910e-02 1.834685169160366058e-02 1.716030202805995941e-02 1.148474682122468948e-02 3.755536396056413651e-03 5.241350736469030380e-03 2.305293455719947815e-02 3.003003075718879700e-02 3.385791787877678871e-03 1.816741935908794403e-02 2.566060051321983337e-02 7.361299823969602585e-03 1.132147759199142456e-02 3.134560585021972656e-02 4.674629494547843933e-02 1.136619225144386292e-02 1.883782446384429932e-02 5.853682756423950195e-03 4.282303154468536377e-02 3.368879854679107666e-02 1.591749675571918488e-02 1.755779050290584564e-02 4.359677899628877640e-03 2.019953168928623199e-02 4.144463315606117249e-02 2.377575635910034180e-02 1.518023945391178131e-02 9.469476528465747833e-03 6.759958341717720032e-03 1.319573074579238892e-02 3.946347534656524658e-02 4.907010495662689209e-02 7.887096144258975983e-03 6.590945180505514145e-03 7.194465491920709610e-03 2.026643417775630951e-02 1.999391801655292511e-02 2.130039222538471222e-02 1.436275895684957504e-02 2.843691781163215637e-02
1.312019489705562592e-02 2.476483350619673729e-03 3.019048646092414856e-02 5.714465398341417313e-03 1.675015501677989960e-02 6.919561326503753662e-02 4.767390713095664978e-02 1.066737156361341476e-02 1.482841838151216507e-02 5.242931470274925232e-02 2.541805617511272430e-02 5.175001621246337891e-01 2.226839400827884674e-02 1.375532299280166626e-01 2.619681507349014282e-02 5.197638645768165588e-02 4.949123412370681763e-02 2.495621889829635620e-02 3.414889052510261536e-02 4.421364143490791321e-02 3.516198135912418365e-03 1.541009824723005295e-02 1.235692482441663742e-02 2.935183234512805939e-02 1.995160244405269623e-02 4.063698276877403259e-02 8.008079603314399719e-04 1.473653763532638550e-01 7.347987499088048935e-03 1.503495275974273682e-01 4.898426122963428497e-03 3.296610713005065918e-02 1.335268281400203705e-02 2.675433643162250519e-02 3.471086919307708740e-02 1.933616772294044495e-02 5.243220925331115723e-02 1.352063380181789398e-02 2.702846378087997437e-02 4.072985053062438965e-02 3.898994624614715576e-02 3.465602919459342957e-02 2.362787537276744843e-02 4.283049702644348145e-02 8.546501398086547852e-02 4.686331748962402344e-02 3.864229097962379456e-02 2.879065275192260742e-02 5.759763717651367188e-02 1.118052098900079727e-02 4.309438169002532959e-03 1.303063519299030304e-02 3.754661185666918755e-03 3.295314311981201172e-02 4.755845293402671814e-03 2.536069601774215698e-02 2.462192997336387634e-02 7.881542667746543884e-03 4.082798957824707031e-03 1.623435504734516144e-02 4.156711325049400330e-02 1.770220510661602020e-02 1.126210670918226242e-02 1.882174052298069000e-02 7.736200932413339615e-03 2.739681676030158997e-02 5.920583009719848633e-02 4.824907332658767700e-02 2.421241812407970428e-02 2.999393269419670105e-02 1.624345965683460236e-02 4.905550181865692139e-02 5.603256076574325562e-02 2.484702318906784058e-02 3.609427064657211304e-02 1.467272732406854630e-02 1.263172458857297897e-02 2.306676656007766724e-02 6.679315865039825439e-02 3.724686801433563232e-02 2.270948141813278198e-02 3.546036034822463989e-02 4.769603535532951355e-02 3.263801708817481995e-02 1.344946026802062988e-02 4.964195564389228821e-02 2.027262002229690552e-03 2.015502192080020905e-02 6.891095638275146484e-02 2.118060365319252014e-02 4.089135676622390747e-02 1.503748819231987000e-02 4.404628649353981018e-03 3.728335723280906677e-02 2.844903245568275452e-02 3.817635774612426758e-02 2.606149204075336456e-02 2.757278969511389732e-03 3.252851217985153198e-02 4.140962287783622742e-02 2.058947831392288208e-02 5.926930345594882965e-03 5.885035730898380280e-03 3.405245020985603333e-02 4.980692174285650253e-03 3.012887760996818542e-02 2.698528207838535309e-02 2.801642380654811859e-02 3.223965317010879517e-02 1.159088127315044403e-02 2.660338999703526497e-03 3.201637044548988342e-02 4.167650826275348663e-03 4.917850252240896225e-03 3.250770270824432373e-02 4.588472365867346525e-04
8.838631212711334229e-02 9.799823164939880371e-02 1.189366821199655533e-02 3.595304116606712341e-02 4.043085873126983643e-02 3.916401788592338562e-02 6.336655467748641968e-02 5.564599484205245972e-02 2.650545164942741394e-02 8.561997674405574799e-03 1.002025604248046875e-01 2.226839400827884674e-02 5.251938700675964355e-01 1.814576610922813416e-02 8.821066468954086304e-02 6.410080939531326294e-03 5.164736066944897175e-04 3.189662843942642212e-02 2.661114849615842104e-04 3.184844925999641418e-02 6.821830756962299347e-03 7.517667114734649658e-02 2.745451591908931732e-02 4.034300521016120911e-02 2.297292836010456085e-02 2.047189697623252869e-02 5.181018635630607605e-02 2.092688344419002533e-02 7.911692559719085693e-02 4.348304495215415955e-02 9.009683132171630859e-02 2.249528840184211731e-02 1.491207536309957504e-02 8.175731636583805084e-03 2.516543120145797729e-02 1.202295534312725067e-02 2.817246131598949432e-02 2.389138244325295091e-04 8.362236432731151581e-03 3.564075753092765808e-02 5.920387338846921921e-03 3.677241504192352295e-02 4.640451073646545410e-02 7.133964449167251587e-03 3.281921520829200745e-02 3.643929585814476013e-02 6.754921376705169678e-02 6.989294290542602539e-02 6.523063872009515762e-03 2.411800995469093323e-02 4.440871253609657288e-02 2.387039922177791595e-02 6.615624763071537018e-03 1.068630069494247437e-02 1.032049860805273056e-02 5.918578710407018661e-03 3.950376808643341064e-02 1.449930015951395035e-02 8.676432189531624317e-04 1.587124168872833252e-02 1.128838630393147469e-03 3.925681486725807190e-02 2.368768863379955292e-02 2.361554093658924103e-02 3.973181825131177902e-03 7.211074978113174438e-02 3.990905731916427612e-02 2.577392384409904480e-02 3.185053169727325439e-02 3.591779991984367371e-02 3.861495479941368103e-02 1.552761625498533249e-02 1.785849034786224365e-02 3.790452703833580017e-02 1.514063775539398193e-02 1.431845687329769135e-02 2.494855597615242004e-02 3.236201405525207520e-02 5.121149495244026184e-02 3.180590271949768066e-02 6.931823445484042168e-04 2.140515483915805817e-03 3.932736814022064209e-02 1.556359883397817612e-02 5.558582022786140442e-03 3.608356788754463196e-02 2.081603184342384338e-02 2.883693948388099670e-02 1.890925504267215729e-02 2.663907827809453011e-03 4.730384424328804016e-02 2.142084063962101936e-03 7.521795481443405151e-02 2.755337208509445190e-02 3.338898718357086182e-02 1.245028525590896606e-02 4.568285495042800903e-02 1.487909071147441864e-02 1.010956056416034698e-02 1.992159336805343628e-02 2.783000655472278595e-02 4.224030300974845886e-02 3.578640520572662354e-02 2.129292115569114685e-02 2.741349488496780396e-02 3.764489293098449707e-02 4.024538770318031311e-02 5.176385119557380676e-02 2.486093528568744659e-02 3.325427649542689323e-03 3.982533514499664307e-02 1.491406373679637909e-02 5.290143191814422607e-02 4.818785935640335083e-02 3.410423174500465393e-02 3.755126520991325378e-02
