5.347611308097839355e-01 1.711952239274978638e-01 3.314543142914772034e-02 8.950704708695411682e-03 4.411806538701057434e-02 8.618768304586410522e-02 8.396545797586441040e-02 1.764153316617012024e-02 3.989626839756965637e-02 4.323142394423484802e-02 1.497776061296463013e-01 2.237231284379959106e-02 1.239562779664993286e-01 2.726668305695056915e-02 5.119238421320915222e-02 1.086940802633762360e-02 3.560388088226318359e-02 1.974063552916049957e-02 2.982865273952484131e-02 1.649881899356842041e-02 9.884714148938655853e-03 1.337115373462438583e-02 6.829419173300266266e-03 3.662975504994392395e-02 1.730549149215221405e-02 3.979160683229565620e-04 4.289416596293449402e-02 1.623362302780151367e-02 1.106516830623149872e-02 8.732515387237071991e-03 1.380322873592376709e-02 3.194880671799182892e-03 2.758706361055374146e-02 4.356508143246173859e-03 4.491112381219863892e-02 2.619216963648796082e-02 9.307712316513061523e-03 1.656856946647167206e-02 3.329249843955039978e-02 3.055468387901782990e-02 3.130452707409858704e-02 6.792058236896991730e-03 2.454329468309879303e-02 3.680653497576713562e-02 2.414546720683574677e-02 1.661842688918113708e-02 7.306211441755294800e-02 7.007063180208206177e-02 6.573788356035947800e-03 3.827124834060668945e-02 1.095255650579929352e-02 2.848607255145907402e-03 3.573734685778617859e-02 2.301422879099845886e-02 4.992296919226646423e-02 3.422758728265762329e-02 3.303566202521324158e-02 1.426959503442049026e-02 2.557278238236904144e-02 1.678160950541496277e-02 1.909244991838932037e-02 1.538385823369026184e-02 3.326132148504257202e-02 8.575663901865482330e-03 3.765957430005073547e-02 8.134583476930856705e-04 1.040349155664443970e-02 2.286237850785255432e-02 1.541626174002885818e-02 1.939673908054828644e-02 3.386111557483673096e-02 9.146885946393013000e-03 1.947306841611862183e-02 4.540710151195526123e-02 3.656765073537826538e-02 2.264613751322031021e-03 4.377171397209167480e-02 3.216864913702011108e-02 5.407185293734073639e-03 3.905483707785606384e-02 3.726855292916297913e-02 1.138486713171005249e-02 3.727073594927787781e-02 1.647730916738510132e-02 2.996835298836231232e-02 1.364484429359436035e-02 2.208147756755352020e-02 3.402592986822128296e-02 4.562064260244369507e-02 2.269231714308261871e-03 1.002468690276145935e-01 1.796974800527095795e-02 9.605025500059127808e-02 3.151990473270416260e-02 4.449640959501266479e-02 1.791529171168804169e-02 2.701242826879024506e-02 2.433258853852748871e-02 1.850578002631664276e-02 9.371050982736051083e-04 2.027101442217826843e-02 1.140803098678588867e-02 3.621292114257812500e-02 1.721873134374618530e-02 3.060099855065345764e-02 4.083497822284698486e-02 4.064039140939712524e-02 4.366542771458625793e-02 1.612804271280765533e-02 2.592373080551624298e-02 4.486055299639701843e-02 4.219292476773262024e-02 1.595338806509971619e-02 1.947172358632087708e-02 4.671228677034378052e-02 4.164963960647583008e-02
1.711952239274978638e-01 5.386376380920410156e-01 1.755369827151298523e-02 1.760825887322425842e-02 2.747604623436927795e-03 1.212925836443901062e-01 1.216014400124549866e-01 2.651667222380638123e-02 4.301406443119049072e-02 2.574382163584232330e-02 1.507203131914138794e-01 1.389154512435197830e-02 1.571784913539886475e-01 4.302580282092094421e-02 1.929501816630363464e-02 3.211334347724914551e-02 3.720841556787490845e-02 3.579601272940635681e-02 2.605346217751502991e-02 2.468865364789962769e-02 3.096892684698104858e-02 2.607017382979393005e-02 1.536023337393999100e-02 2.640447206795215607e-02 2.469695731997489929e-02 2.112673036754131317e-02 3.063395246863365173e-02 3.983171656727790833e-02 2.101947367191314697e-02 2.743523381650447845e-02 3.384808078408241272e-02 1.540627516806125641e-02 4.274388402700424194e-02 4.894679877907037735e-03 3.468086570501327515e-02 4.334442317485809326e-02 1.366638205945491791e-02 4.421897605061531067e-02 7.390777580440044403e-03 9.094728156924247742e-03 1.672341674566268921e-02 3.698248788714408875e-02 9.052245877683162689e-03 2.963467314839363098e-02 8.913745172321796417e-03 2.759807044640183449e-03 9.850256890058517456e-02 9.179919958114624023e-02 3.447483107447624207e-02 1.857955753803253174e-02 1.551696006208658218e-02 1.030518952757120132e-02 2.095514675602316856e-03 2.714691497385501862e-02 6.622875109314918518e-03 2.090485580265522003e-02 3.413184732198715210e-02 1.017826050519943237e-02 4.638769477605819702e-02 3.559519723057746887e-02 3.113647550344467163e-02 1.142608746886253357e-02 4.134564846754074097e-02 2.185085229575634003e-02 4.084951803088188171e-02 1.994123682379722595e-02 6.866845302283763885e-03 1.849275268614292145e-02 2.171913348138332367e-02 1.083088107407093048e-02 2.319516241550445557e-02 2.706473460420966148e-03 2.587187476456165314e-02 1.462631858885288239e-02 2.995623834431171417e-02 7.388549391180276871e-03 4.498105496168136597e-02 1.377365272492170334e-02 8.880107663571834564e-03 4.633977264165878296e-02 3.513940609991550446e-03 4.305112734436988831e-02 1.630553230643272400e-02 7.033167406916618347e-03 1.747339405119419098e-02 3.941576927900314331e-03 2.711292169988155365e-02 3.960861638188362122e-02 2.986812777817249298e-02 1.448670215904712677e-02 7.153160870075225830e-02 1.690529659390449524e-02 9.642449021339416504e-02 4.515548422932624817e-02 2.800179459154605865e-02 2.312092343345284462e-03 4.803096875548362732e-03 3.109244629740715027e-03 1.865128055214881897e-02 1.513858791440725327e-02 2.602127008140087128e-02 8.656645659357309341e-04 3.951342403888702393e-02 1.784900017082691193e-02 3.559834137558937073e-02 3.676261752843856812e-02 3.367218188941478729e-03 4.643001034855842590e-02 3.592322766780853271e-02 1.544090546667575836e-02 2.399560064077377319e-02 1.285073161125183105e-02 2.633534837514162064e-03 1.063726190477609634e-02 5.692059546709060669e-02 4.123054386582225561e-04
3.314543142914772034e-02 1.755369827151298523e-02 4.710230529308319092e-01 3.157324856147170067e-03 2.672557719051837921e-02 2.302642166614532471e-02 2.885587513446807861e-02 8.744566887617111206e-02 2.199606038630008698e-02 2.505175769329071045e-02 1.480444893240928650e-02 2.655205875635147095e-02 5.435758503153920174e-04 1.938382908701896667e-02 5.544702056795358658e-03 1.504376530647277832e-02 3.046320751309394836e-02 3.715862706303596497e-02 3.681113198399543762e-02 2.003584802150726318e-02 2.186151966452598572e-02 2.164640650153160095e-02 3.466412425041198730e-02 8.867751806974411011e-03 2.492682449519634247e-02 1.383718941360712051e-02 4.240077733993530273e-02 6.712519563734531403e-03 5.246292054653167725e-02 1.288824900984764099e-02 6.963661289773881435e-04 1.333295274525880814e-02 8.609707583673298359e-04 3.342039138078689575e-02 1.334473304450511932e-02 5.236245226114988327e-03 3.899860754609107971e-02 2.698568813502788544e-02 6.484086811542510986e-02 2.679295837879180908e-02 4.287154972553253174e-02 3.574185073375701904e-02 1.913405768573284149e-02 4.656606540083885193e-02 2.198485285043716431e-02 3.949183598160743713e-02 2.332456968724727631e-02 6.882509682327508926e-03 1.745744794607162476e-02 2.464696019887924194e-02 2.864309214055538177e-02 8.335530757904052734e-03 3.541244938969612122e-02 3.722139820456504822e-02 3.772972524166107178e-02 5.563914030790328979e-02 3.632661700248718262e-02 1.752948574721813202e-02 3.778823837637901306e-02 1.787367276847362518e-02 2.923148684203624725e-02 8.737644180655479431e-03 3.945946320891380310e-02 4.188651591539382935e-02 1.449529547244310379e-02 4.605598002672195435e-02 2.030530199408531189e-02 2.012041583657264709e-02 2.453501895070075989e-02 4.302460327744483948e-02 1.637062616646289825e-02 4.904132336378097534e-03 2.088783867657184601e-02 1.700424030423164368e-02 1.990345306694507599e-02 9.495351463556289673e-03 3.434759378433227539e-02 4.097740165889263153e-03 1.997616700828075409e-02 2.270639128983020782e-02 3.431875631213188171e-02 1.378260087221860886e-02 1.850704476237297058e-02 2.199837565422058105e-02 1.455102488398551941e-02 4.028156399726867676e-02 9.234212921001017094e-04 6.092295050621032715e-03 1.871816813945770264e-02 1.169369742274284363e-02 9.911833330988883972e-03 4.223489016294479370e-02 7.047854363918304443e-02 5.025171488523483276e-02 5.189086659811437130e-04 3.747759014368057251e-02 3.351384773850440979e-02 2.766492217779159546e-02 3.950966522097587585e-02 4.602947738021612167e-03 2.600290114060044289e-03 7.276894990354776382e-03 4.318594560027122498e-02 5.046506971120834351e-02 1.881551928818225861e-02 2.454968728125095367e-02 2.954826131463050842e-02 2.754836343228816986e-02 1.521079055964946747e-02 5.429542437195777893e-02 1.687293313443660736e-02 5.142441019415855408e-02 1.521840970963239670e-02 1.020463556051254272e-02 1.151088997721672058e-02 3.721916675567626953e-02
8.950704708695411682e-03 1.760825887322425842e-02 3.157324856147170067e-03 4.976270198822021484e-01 2.073139995336532593e-01 1.885711029171943665e-02 2.127539739012718201e-02 3.356484696269035339e-02 2.130429726094007492e-03 6.998973339796066284e-02 3.025418519973754883e-02 2.572106570005416870e-02 4.149091243743896484e-02 1.001062616705894470e-02 2.360871247947216034e-02 3.596954420208930969e-02 2.259439416229724884e-02 2.875810302793979645e-02 1.431121584028005600e-02 6.881719920784235001e-03 4.673181101679801941e-02 2.237473672721534967e-04 2.665029838681221008e-02 4.306962073314934969e-04 4.203619435429573059e-02 8.001303300261497498e-03 8.343749679625034332e-03 3.728371858596801758e-02 1.797229796648025513e-02 2.327391318976879120e-02 4.074842482805252075e-02 3.233898431062698364e-02 3.898859024047851562e-03 1.131079345941543579e-02 2.514218911528587341e-02 4.087349399924278259e-02 4.057795181870460510e-02 2.461454086005687714e-02 8.366257697343826294e-02 3.865086659789085388e-02 6.968335248529911041e-03 2.649591676890850067e-02 3.898008912801742554e-02 2.801703847944736481e-02 3.472693637013435364e-02 6.221048068255186081e-03 3.307180479168891907e-02 5.811290815472602844e-03 4.427630081772804260e-02 2.776368893682956696e-02 4.054373875260353088e-02 2.556348219513893127e-02 6.879283115267753601e-03 4.180935397744178772e-02 2.461393177509307861e-02 1.815275102853775024e-02 1.071893330663442612e-02 4.517387598752975464e-02 3.812784561887383461e-04 1.785540580749511719e-02 1.657003536820411682e-02 1.177800819277763367e-02 3.374254703521728516e-02 3.830054774880409241e-02 4.094233363866806030e-02 2.741615474224090576e-02 1.082509849220514297e-02 3.795530414208769798e-03 3.868616744875907898e-02 1.028722058981657028e-02 5.126680061221122742e-02 2.592381648719310760e-02 1.310418546199798584e-01 3.491687402129173279e-02 1.081304326653480530e-01 2.649790979921817780e-02 3.637522831559181213e-02 6.583371013402938843e-02 2.060132659971714020e-02 2.769370004534721375e-02 2.324591949582099915e-02 2.740564197301864624e-02 8.491341024637222290e-02 2.717784792184829712e-02 2.811468765139579773e-02 6.702743470668792725e-02 1.015288289636373520e-02 9.639042429625988007e-03 3.664724528789520264e-02 1.905045472085475922e-02 1.478377077728509903e-02 3.419456630945205688e-02 5.053237080574035645e-03 4.737427516374737024e-04 2.963691391050815582e-02 2.290812321007251740e-02 1.558266486972570419e-02 1.095725409686565399e-02 2.751465421169996262e-03 4.195637628436088562e-02 2.785460464656352997e-02 2.153048291802406311e-02 3.713828325271606445e-02 1.018847804516553879e-02 1.092166523449122906e-03 2.242843247950077057e-02 2.161762118339538574e-02 3.436957299709320068e-02 1.731359586119651794e-02 3.184539079666137695e-02 1.908827945590019226e-02 3.329547122120857239e-03 3.109918348491191864e-02 4.248002171516418457e-02 2.323623001575469971e-02 1.944650895893573761e-02
4.411806538701057434e-02 2.747604623436927795e-03 2.672557719051837921e-02 2.073139995336532593e-01 4.983905851840972900e-01 1.420775800943374634e-02 4.027091898024082184e-03 2.491296082735061646e-02 1.386387739330530167e-02 3.227020427584648132e-02 2.241419255733489990e-02 1.383247971534729004e-02 1.486563682556152344e-02 5.984515417367219925e-03 3.715162351727485657e-02 2.978393808007240295e-02 4.176344349980354309e-02 3.487452119588851929e-02 2.888138219714164734e-02 3.786779195070266724e-02 1.979332230985164642e-02 1.071103615686297417e-03 4.048091173171997070e-02 2.596647106111049652e-02 1.965830102562904358e-02 2.642401866614818573e-02 1.555589679628610611e-02 5.824763793498277664e-04 1.419185381382703781e-02 4.059031233191490173e-02 5.286666750907897949e-02 1.152468658983707428e-02 4.852395504713058472e-02 1.762913353741168976e-02 3.846837952733039856e-02 2.149872016161680222e-03 3.577087819576263428e-02 3.807234019041061401e-02 8.479967713356018066e-02 1.223224103450775146e-01 3.809611126780509949e-02 7.086482364684343338e-04 4.358505830168724060e-02 4.360083490610122681e-03 2.178813889622688293e-02 2.812605723738670349e-02 2.091516926884651184e-02 2.964470721781253815e-02 3.010288253426551819e-02 2.360873669385910034e-02 1.039881352335214615e-02 4.268404468894004822e-02 1.938106492161750793e-02 2.042142674326896667e-02 1.640040986239910126e-02 2.176128886640071869e-02 4.416980221867561340e-02 4.718369618058204651e-02 4.935817793011665344e-02 4.824545234441757202e-02 4.637714102864265442e-02 3.359609469771385193e-02 1.073012873530387878e-02 3.111902624368667603e-02 4.157993197441101074e-02 2.420206554234027863e-02 2.174854464828968048e-02 1.823592372238636017e-02 4.466485977172851562e-02 1.592255756258964539e-02 3.305473551154136658e-02 1.971745397895574570e-03 3.784431144595146179e-02 4.460664466023445129e-03 1.148710399866104126e-01 1.500360085628926754e-03 2.713873982429504395e-02 2.194975875318050385e-02 4.476748034358024597e-02 2.643401268869638443e-03 3.590705245733261108e-02 2.186552993953227997e-02 4.847241565585136414e-02 3.762413561344146729e-02 3.497620299458503723e-02 1.077959965914487839e-02 1.505701523274183273e-02 6.795142311602830887e-03 2.440709620714187622e-02 3.665541857481002808e-02 3.005589544773101807e-02 1.224817428737878799e-02 1.600391231477260590e-02 1.090514846146106720e-02 1.102520525455474854e-02 4.257135093212127686e-02 2.512783743441104889e-02 1.381162181496620178e-02 2.358769439160823822e-02 1.871856075013056397e-04 3.895453363656997681e-02 1.586448214948177338e-02 2.666030079126358032e-03 1.509023457765579224e-02 2.908765524625778198e-02 3.882277011871337891e-02 3.228617459535598755e-02 4.473641142249107361e-02 7.383489981293678284e-03 5.273316055536270142e-02 3.026137687265872955e-02 5.201681703329086304e-02 4.175356298219412565e-04 2.024290710687637329e-02 7.968787848949432373e-02 2.326630614697933197e-02
8.618768304586410522e-02 1.212925836443901062e-01 2.302642166614532471e-02 1.885711029171943665e-02 1.420775800943374634e-02 5.374791622161865234e-01 1.479076743125915527e-01 8.586994372308254242e-03 1.803382299840450287e-02 1.080353837460279465e-02 9.208806604146957397e-02 6.978103518486022949e-02 8.336672186851501465e-02 6.186674907803535461e-02 4.064789414405822754e-02 5.251105903880670667e-05 1.376069802790880203e-02 2.458452014252543449e-03 1.022438053041696548e-03 7.172556594014167786e-03 8.952315896749496460e-03 2.477808855473995209e-02 7.749117445200681686e-03 7.794483099132776260e-03 1.002035755664110184e-02 3.269077837467193604e-02 4.100656509399414062e-02 1.816383376717567444e-02 2.756419964134693146e-02 6.758498493582010269e-04 1.835130341351032257e-02 3.482888266444206238e-02 2.637636847794055939e-02 1.436042599380016327e-02 4.828887805342674255e-02 2.635287493467330933e-02 4.587276279926300049e-02 4.138252511620521545e-02 2.506946399807929993e-02 3.638410568237304688e-02 5.230062641203403473e-03 2.064017020165920258e-02 1.705427467823028564e-02 2.967850305140018463e-03 4.058763384819030762e-02 5.475904792547225952e-03 1.279816776514053345e-01 7.584280520677566528e-02 3.963029384613037109e-02 3.336333110928535461e-02 5.606929957866668701e-02 4.414237290620803833e-02 1.286898367106914520e-02 1.666564866900444031e-02 4.455291479825973511e-02 3.457399830222129822e-02 1.263915188610553741e-02 1.274384441785514355e-03 4.670258611440658569e-02 4.179241880774497986e-02 3.919135034084320068e-02 8.029048331081867218e-03 5.151299387216567993e-02 2.337267436087131500e-02 2.825283072888851166e-02 4.092314280569553375e-03 3.413379937410354614e-02 3.216548636555671692e-02 1.694643683731555939e-02 3.660524636507034302e-02 5.929893348366022110e-03 1.347099989652633667e-02 3.575161471962928772e-02 7.426447700709104538e-04 3.020761720836162567e-02 3.215580945834517479e-03 1.697153225541114807e-02 6.240791641175746918e-03 1.532905083149671555e-02 2.822563424706459045e-02 2.760120667517185211e-02 1.369302254170179367e-02 2.775431610643863678e-02 2.786248177289962769e-02 1.549354102462530136e-02 2.125061489641666412e-02 5.024641286581754684e-03 4.332675412297248840e-02 1.405977830290794373e-02 4.516563564538955688e-02 8.400113321840763092e-03 1.468077115714550018e-02 3.020934015512466431e-02 5.127269774675369263e-02 4.613583907485008240e-02 3.068449348211288452e-02 1.469178497791290283e-02 1.694104447960853577e-02 2.967938035726547241e-02 2.029174380004405975e-02 3.686294332146644592e-02 3.727307915687561035e-02 4.150213673710823059e-02 4.611970111727714539e-02 1.839378662407398224e-02 3.605229407548904419e-02 1.974151283502578735e-02 2.540329471230506897e-02 2.990706078708171844e-02 1.317721605300903320e-02 6.063453387469053268e-03 3.514431184157729149e-03 3.459466621279716492e-02 2.854345738887786865e-02 2.996486239135265350e-02 6.865275558084249496e-03
8.396545797586441040e-02 1.216014400124549866e-01 2.885587513446807861e-02 2.127539739012718201e-02 4.027091898024082184e-03 1.479076743125915527e-01 5.400933027267456055e-01 9.691925719380378723e-03 3.523047640919685364e-02 1.684632897377014160e-02 9.482743591070175171e-02 2.879067510366439819e-02 8.237943798303604126e-02 6.216860935091972351e-02 9.041913785040378571e-03 3.658666089177131653e-02 2.493821829557418823e-02 1.317433640360832214e-02 2.137730643153190613e-02 5.189570132642984390e-03 4.352903366088867188e-02 4.839892312884330750e-02 2.445638924837112427e-02 1.307310909032821655e-02 4.332741722464561462e-02 4.496192932128906250e-02 1.429203152656555176e-02 3.303863480687141418e-02 5.117233470082283020e-02 3.150901943445205688e-02 2.856501610949635506e-03 2.865430898964405060e-02 4.263619426637887955e-03 1.465914119035005569e-02 8.349662646651268005e-03 7.956985384225845337e-03 4.601508751511573792e-02 1.947218924760818481e-02 2.328959107398986816e-02 1.921677030622959137e-02 5.612023547291755676e-02 3.662796318531036377e-02 1.505349949002265930e-02 8.667821064591407776e-03 6.068561598658561707e-02 6.049583666026592255e-03 1.481450945138931274e-01 1.134171560406684875e-01 1.800499111413955688e-02 1.172319240868091583e-02 3.918490558862686157e-02 2.712018787860870361e-02 3.316301153972744942e-03 7.900055497884750366e-03 1.899928320199251175e-03 4.177927225828170776e-02 5.022179707884788513e-02 3.850242495536804199e-02 1.607738249003887177e-02 3.773874789476394653e-02 1.885934919118881226e-02 1.167447399348020554e-02 1.356420572847127914e-02 9.273242205381393433e-03 3.158534318208694458e-02 1.381120178848505020e-02 3.946405835449695587e-03 2.373794093728065491e-02 4.752975329756736755e-02 4.353556409478187561e-02 3.549251332879066467e-02 1.379367988556623459e-02 2.379816211760044098e-02 1.490883994847536087e-02 2.573711425065994263e-02 1.732545346021652222e-02 5.208980664610862732e-02 2.578872442245483398e-02 6.010198500007390976e-03 2.467529103159904480e-02 1.331480313092470169e-02 3.754101693630218506e-02 1.031418051570653915e-02 3.751384094357490540e-02 1.275727525353431702e-02 1.612546294927597046e-02 5.321418121457099915e-02 1.830722391605377197e-02 3.748657181859016418e-02 1.758833229541778564e-02 5.200614780187606812e-02 5.767283146269619465e-04 7.109456509351730347e-02 4.290379211306571960e-02 4.462922737002372742e-02 4.747732728719711304e-02 4.655673354864120483e-02 2.820485737174749374e-03 9.733232669532299042e-03 4.291177261620759964e-03 3.490103781223297119e-02 3.160349652171134949e-02 1.834777556359767914e-02 2.195546962320804596e-02 7.704073097556829453e-03 5.934190005064010620e-03 2.959308959543704987e-02 1.005507074296474457e-02 4.374269023537635803e-02 2.364903455600142479e-03 1.897960901260375977e-02 2.051679044961929321e-02 2.511607669293880463e-02 1.494424883276224136e-02 1.506350561976432800e-02 5.542336031794548035e-03
1.764153316617012024e-02 2.651667222380638123e-02 8.744566887617111206e-02 3.356484696269035339e-02 2.491296082735061646e-02 8.586994372308254242e-03 9.691925719380378723e-03 4.681555628776550293e-01 3.114078566431999207e-02 4.174695350229740143e-03 1.169174350798130035e-02 1.963877677917480469e-02 3.409158438444137573e-02 3.705807402729988098e-02 8.444336801767349243e-02 9.794657118618488312e-03 3.889846382662653923e-03 1.710928417742252350e-02 1.938209496438503265e-02 1.426270604133605957e-02 3.404652327299118042e-02 7.566950283944606781e-03 1.780947111546993256e-02 2.431858703494071960e-02 9.016051888465881348e-03 4.310598969459533691e-02 4.177776351571083069e-02 8.447566069662570953e-03 1.827651076018810272e-02 3.456287086009979248e-02 1.772691309452056885e-02 1.199967693537473679e-02 1.499260589480400085e-02 1.959055289626121521e-02 6.824289448559284210e-03 1.677156239748001099e-02 2.750091254711151123e-02 3.957751020789146423e-02 2.202221006155014038e-02 3.856384661048650742e-03 2.666668780148029327e-02 1.247857045382261276e-02 1.615274697542190552e-02 5.429963581264019012e-03 1.707284897565841675e-02 2.775601297616958618e-02 2.212716266512870789e-02 3.999907895922660828e-02 1.076457370072603226e-02 2.919854409992694855e-02 2.778424881398677826e-02 4.443462472409009933e-03 2.720495685935020447e-02 1.653573941439390182e-03 4.603153793141245842e-04 3.292868658900260925e-02 3.111462295055389404e-02 2.015431411564350128e-02 1.039027981460094452e-02 1.129277423024177551e-02 2.869152091443538666e-02 4.881352651864290237e-03 7.436780724674463272e-03 1.218304876238107681e-02 2.623708918690681458e-02 3.977507352828979492e-03 1.676289550960063934e-02 2.548016421496868134e-02 8.191145025193691254e-03 2.667779475450515747e-02 6.046912632882595062e-03 1.720112375915050507e-02 4.124990850687026978e-02 6.460321135818958282e-03 1.980388304218649864e-03 3.137270733714103699e-02 7.642341661266982555e-04 2.354464493691921234e-02 1.995174400508403778e-02 4.389544017612934113e-03 4.961620271205902100e-02 1.100167632102966309e-02 8.686025626957416534e-03 9.195918217301368713e-03 1.208829972892999649e-02 2.632376179099082947e-02 7.715796679258346558e-02 4.750173538923263550e-02 4.116920381784439087e-02 2.721942216157913208e-02 3.081287629902362823e-02 2.979233302175998688e-02 1.239423733204603195e-02 1.600521267391741276e-03 6.578113883733749390e-03 1.634060591459274292e-02 7.566699292510747910e-03 3.242711722850799561e-02 3.610043972730636597e-02 3.705046698451042175e-02 6.976461503654718399e-03 1.331948023289442062e-02 5.788437649607658386e-02 4.034104198217391968e-02 3.438934311270713806e-02 1.838771440088748932e-02 2.657935395836830139e-02 2.261451818048954010e-02 2.862265519797801971e-02 4.057316109538078308e-02 3.721094224601984024e-03 1.905297860503196716e-02 3.959341347217559814e-02 3.580650687217712402e-02 3.157924488186836243e-02 4.957784712314605713e-02
3.989626839756965637e-02 4.301406443119049072e-02 2.199606038630008698e-02 2.130429726094007492e-03 1.386387739330530167e-02 1.803382299840450287e-02 3.523047640919685364e-02 3.114078566431999207e-02 5.147486329078674316e-01 9.438549727201461792e-02 1.638290844857692719e-02 4.304419085383415222e-02 3.219919651746749878e-02 2.765349112451076508e-02 2.914365381002426147e-02 3.424743562936782837e-02 5.286478251218795776e-02 3.015474416315555573e-02 3.320556506514549255e-02 5.104591324925422668e-02 5.619634315371513367e-02 3.270605206489562988e-02 4.753543063998222351e-02 8.645354956388473511e-02 3.685309737920761108e-02 1.393906213343143463e-02 1.924881525337696075e-02 1.356130465865135193e-02 1.985022798180580139e-02 2.603328786790370941e-02 5.198045982979238033e-04 1.225118711590766907e-02 5.296622589230537415e-02 1.510147284716367722e-02 3.471612930297851562e-02 3.002181276679039001e-02 4.377805814146995544e-02 3.477454185485839844e-03 1.625923067331314087e-02 6.961527746170759201e-03 1.565902493894100189e-02 1.923850551247596741e-02 1.345946826040744781e-02 2.363338693976402283e-02 6.182827055454254150e-02 2.702878229320049286e-02 3.458637744188308716e-02 1.446052640676498413e-02 1.486955676227807999e-02 1.615591160953044891e-02 7.365737110376358032e-03 2.206262201070785522e-02 3.152668103575706482e-02 4.407155513763427734e-02 4.977949336171150208e-02 2.908425964415073395e-02 1.365285087376832962e-02 1.806973107159137726e-02 3.126020357012748718e-02 2.058122865855693817e-02 1.544033642858266830e-02 2.999460697174072266e-02 6.587066221982240677e-03 3.358179703354835510e-02 1.388028822839260101e-02 2.233939804136753082e-02 2.280236780643463135e-02 4.153849184513092041e-02 7.180698961019515991e-02 3.612475842237472534e-02 4.314935207366943359e-02 1.985201425850391388e-02 2.298403903841972351e-02 1.939510740339756012e-02 3.746337443590164185e-02 3.357885172590613365e-03 1.151067316532135010e-01 1.218786239624023438e-01 1.319437026977539062e-01 2.680509537458419800e-02 2.583382464945316315e-02 1.987243443727493286e-02 5.731397494673728943e-02 1.244875602424144745e-02 7.185775786638259888e-03 7.448239717632532120e-03 1.227300055325031281e-02 3.978000208735466003e-02 6.727769225835800171e-02 3.692439757287502289e-03 2.171254716813564301e-02 3.067933581769466400e-02 4.091836884617805481e-02 1.193835213780403137e-02 5.523541942238807678e-03 5.651575513184070587e-03 2.669113315641880035e-02 1.638163812458515167e-02 5.360792856663465500e-03 3.735646232962608337e-02 2.302205562591552734e-02 4.626373201608657837e-02 3.244067355990409851e-02 1.664734445512294769e-02 1.229413319379091263e-02 4.410046339035034180e-02 3.173734620213508606e-02 4.255358874797821045e-02 4.120370745658874512e-02 1.835765130817890167e-02 2.620844170451164246e-02 4.067010432481765747e-02 1.132690533995628357e-02 8.097258978523313999e-05 2.034957986325025558e-03 9.527186863124370575e-03
4.323142394423484802e-02 2.574382163584232330e-02 2.505175769329071045e-02 6.998973339796066284e-02 3.227020427584648132e-02 1.080353837460279465e-02 1.684632897377014160e-02 4.174695350229740143e-03 9.438549727201461792e-02 5.257198214530944824e-01 2.907049097120761871e-02 5.728126317262649536e-02 4.737831279635429382e-02 2.195842750370502472e-02 1.286312658339738846e-02 8.331321179866790771e-03 5.642310157418251038e-02 1.144249737262725830e-02 9.319411590695381165e-03 3.963263705372810364e-02 3.963827714323997498e-02 1.517056021839380264e-02 2.530803345143795013e-02 7.756732404232025146e-02 5.172880366444587708e-02 4.320232570171356201e-02 2.140815369784832001e-02 2.079166658222675323e-02 3.049870394170284271e-02 4.185928776860237122e-02 3.766351193189620972e-02 3.446000069379806519e-02 3.804867155849933624e-03 1.150983478873968124e-02 2.381879091262817383e-02 4.485485260374844074e-04 3.436178714036941528e-02 1.113848388195037842e-02 1.501058321446180344e-02 2.818739414215087891e-02 3.940379247069358826e-02 2.183530852198600769e-02 3.011620789766311646e-02 7.814180105924606323e-03 2.208014950156211853e-02 3.884091228246688843e-02 4.286977462470531464e-03 2.221453003585338593e-02 4.164582863450050354e-02 1.227555423974990845e-01 1.111096143722534180e-02 2.170828171074390411e-02 2.437828481197357178e-02 2.268804237246513367e-02 3.301327303051948547e-02 1.194402649998664856e-01 1.709860563278198242e-02 1.106480043381452560e-02 2.235455438494682312e-02 4.364088177680969238e-02 5.924708768725395203e-02 3.167366236448287964e-02 5.379007756710052490e-02 4.507101327180862427e-02 9.497107006609439850e-03 1.444143336266279221e-02 4.405604675412178040e-02 4.965041577816009521e-02 1.675982773303985596e-02 3.430105000734329224e-02 6.800297647714614868e-02 1.405247673392295837e-02 2.296519465744495392e-02 3.205182775855064392e-02 4.603964462876319885e-02 4.621904343366622925e-03 6.410625064745545387e-04 1.554634124040603638e-01 3.425680845975875854e-02 1.419899761676788330e-01 3.212374076247215271e-02 1.984717696905136108e-02 3.792157024145126343e-02 5.004356149584054947e-03 5.425413325428962708e-02 5.784218758344650269e-02 4.604171216487884521e-02 3.952673636376857758e-03 3.331711143255233765e-02 3.611636906862258911e-02 1.644894294440746307e-02 4.682923853397369385e-02 1.932621188461780548e-02 3.431146033108234406e-03 1.405712589621543884e-02 1.952853519469499588e-03 2.466294169425964355e-02 1.536887604743242264e-02 2.709841541945934296e-02 6.730452179908752441e-02 2.613223530352115631e-02 5.367597099393606186e-03 3.156238421797752380e-02 1.906072162091732025e-02 3.025547228753566742e-02 3.264545276761054993e-02 1.665720628807321191e-05 1.240353193134069443e-02 1.370902359485626221e-02 1.166503876447677612e-02 3.905534744262695312e-02 1.420281361788511276e-02 2.907540835440158844e-02 2.210565097630023956e-02 1.615835470147430897e-03 2.603409998118877411e-02
1.497776061296463013e-01 1.507203131914138794e-01 1.480444893240928650e-02 3.025418519973754883e-02 2.241419255733489990e-02 9.208806604146957397e-02 9.482743591070175171e-02 1.169174350798130035e-02 1.638290844857692719e-02 2.907049097120761871e-02 5.405238866806030273e-01 4.332112614065408707e-03 1.551525592803955078e-01 1.400789362378418446e-03 5.148721858859062195e-03 7.671085186302661896e-03 1.811479032039642334e-02 2.011466585099697113e-02 2.911778166890144348e-02 4.084417596459388733e-02 3.936225548386573792e-02 4.717614874243736267e-02 2.465073391795158386e-02 3.224219754338264465e-02 2.422327920794487000e-02 4.523358121514320374e-02 5.013301968574523926e-03 2.739025279879570007e-02 5.179641768336296082e-03 2.531359158456325531e-02 4.167576134204864502e-02 3.409210359677672386e-03 3.341857716441154480e-02 3.178237238898873329e-03 4.470442235469818115e-02 3.984874486923217773e-02 4.108486324548721313e-02 1.641910173930227757e-03 2.276248298585414886e-02 1.534673944115638733e-02 3.372479602694511414e-02 5.012029781937599182e-03 8.957727695815265179e-04 1.343344803899526596e-02 3.978070244193077087e-02 1.205880288034677505e-02 9.975440055131912231e-02 5.946048721671104431e-02 4.628245532512664795e-02 1.843729056417942047e-02 8.872804231941699982e-03 1.316549349576234818e-02 3.998934850096702576e-02 1.795536279678344727e-02 1.108102407306432724e-02 2.491906099021434784e-02 3.197967261075973511e-02 4.282126668840646744e-03 2.191113308072090149e-03 6.429583765566349030e-03 3.856122121214866638e-02 3.589361906051635742e-02 2.966959215700626373e-02 4.390837624669075012e-02 7.966061681509017944e-02 5.922697857022285461e-02 1.865798141807317734e-03 6.029113661497831345e-03 2.246581017971038818e-02 3.373840823769569397e-02 2.816293016076087952e-02 5.563984438776969910e-02 4.400902613997459412e-02 1.378358434885740280e-02 3.554517403244972229e-02 5.504051595926284790e-02 2.711332216858863831e-02 8.500159718096256256e-03 5.016717128455638885e-03 3.232416883111000061e-02 2.045570686459541321e-02 1.957371598109602928e-03 2.347085066139698029e-02 4.469890147447586060e-03 4.087725654244422913e-02 1.701561734080314636e-02 1.958170346915721893e-02 3.661858849227428436e-03 4.226822406053543091e-02 3.048211894929409027e-02 7.508741319179534912e-02 8.765543252229690552e-02 7.174042612314224243e-02 3.055582009255886078e-02 2.221517078578472137e-02 1.585139520466327667e-02 3.846168145537376404e-02 2.100200392305850983e-02 2.205782197415828705e-02 1.180655602365732193e-02 2.549390494823455811e-02 3.618752956390380859e-02 3.827038779854774475e-02 2.364120073616504669e-02 3.575560078024864197e-02 3.662630915641784668e-02 1.822827570140361786e-02 2.797996997833251953e-02 3.441167250275611877e-02 3.744536638259887695e-02 8.174107410013675690e-03 3.337901085615158081e-02 2.019110135734081268e-02 1.040737610310316086e-02 1.051808823831379414e-03 1.044966280460357666e-02
2.237231284379959106e-02 1.389154512435197830e-02 2.655205875635147095e-02 2.572106570005416870e-02 1.383247971534729004e-02 6.978103518486022949e-02 2.879067510366439819e-02 1.963877677917480469e-02 4.304419085383415222e-02 5.728126317262649536e-02 4.332112614065408707e-03 5.184224247932434082e-01 2.944726310670375824e-02 1.043417304754257202e-01 3.252133354544639587e-02 9.229782968759536743e-03 1.765221916139125824e-02 3.239315375685691833e-02 4.027604591101408005e-03 1.756971143186092377e-02 2.305491268634796143e-02 2.728102356195449829e-02 4.639019072055816650e-02 1.086381264030933380e-02 1.544484682381153107e-02 2.605554461479187012e-02 2.591359056532382965e-02 1.086128056049346924e-01 2.859178371727466583e-02 6.691633164882659912e-02 9.881410747766494751e-03 7.462636101990938187e-03 2.164878509938716888e-02 2.307745628058910370e-02 1.288628205657005310e-02 3.611270571127533913e-03 3.217720659449696541e-03 2.529571298509836197e-03 2.950747497379779816e-02 3.238633647561073303e-02 5.769738182425498962e-02 1.141530182212591171e-02 2.152780443429946899e-02 4.577606543898582458e-02 6.437712907791137695e-02 6.238039955496788025e-02 6.265732925385236740e-03 2.028049714863300323e-02 9.845835156738758087e-03 3.691715374588966370e-02 2.378737367689609528e-02 3.167798742651939392e-02 4.148859903216362000e-02 4.141166433691978455e-02 2.705618552863597870e-02 4.877135530114173889e-02 2.372660860419273376e-02 2.779698744416236877e-02 9.364002384245395660e-03 3.830774128437042236e-02 6.365637760609388351e-03 1.284841354936361313e-02 1.047756802290678024e-02 1.878584921360015869e-02 2.417745068669319153e-02 3.557681292295455933e-02 3.682793304324150085e-02 3.578063100576400757e-02 6.646516849286854267e-04 2.746511250734329224e-02 1.161677110940217972e-02 3.195451572537422180e-02 1.393330283463001251e-02 6.911620497703552246e-03 2.062889747321605682e-02 3.744275122880935669e-02 4.341300204396247864e-02 2.547454275190830231e-02 4.434887692332267761e-02 2.182864956557750702e-02 1.967130973935127258e-02 4.410362988710403442e-02 4.146467149257659912e-02 3.785430639982223511e-02 1.985046081244945526e-02 5.762781202793121338e-02 4.316336940973997116e-03 2.864756435155868530e-02 6.844450533390045166e-02 1.070169080048799515e-02 1.350995432585477829e-02 2.449133992195129395e-02 2.418310847133398056e-03 5.657689645886421204e-03 1.441619917750358582e-02 2.405900694429874420e-02 1.391618791967630386e-02 3.638394176959991455e-02 4.081160295754671097e-03 2.351324632763862610e-02 1.525301206856966019e-02 2.033770270645618439e-02 4.185704141855239868e-02 4.271380975842475891e-02 5.540104582905769348e-02 2.215987816452980042e-02 8.113672956824302673e-03 3.263419866561889648e-02 2.055542357265949249e-02 1.000360958278179169e-02 4.970235750079154968e-02 4.733618721365928650e-02 2.781868353486061096e-02 1.056552026420831680e-02 3.647962957620620728e-02 2.035000175237655640e-02
1.239562779664993286e-01 1.571784913539886475e-01 5.435758503153920174e-04 4.149091243743896484e-02 1.486563682556152344e-02 8.336672186851501465e-02 8.237943798303604126e-02 3.409158438444137573e-02 3.219919651746749878e-02 4.737831279635429382e-02 1.551525592803955078e-01 2.944726310670375824e-02 5.385400652885437012e-01 8.400690741837024689e-03 2.333131060004234314e-02 4.174858331680297852e-02 3.292909637093544006e-02 3.731856867671012878e-02 3.773116320371627808e-02 3.569093719124794006e-02 2.969146892428398132e-02 6.397543102502822876e-02 4.156225174665451050e-02 3.380766883492469788e-02 3.588698804378509521e-02 4.015636444091796875e-02 1.301049347966909409e-02 3.859118744730949402e-02 1.316670968662947416e-04 1.451307348906993866e-02 1.098923981189727783e-01 3.329506143927574158e-02 4.040184989571571350e-02 2.253449335694313049e-02 3.934989869594573975e-02 4.087915271520614624e-02 1.569207385182380676e-02 2.501561678946018219e-02 2.392469719052314758e-02 2.733075059950351715e-02 8.473412133753299713e-03 3.633715957403182983e-02 1.331449858844280243e-02 2.147092856466770172e-02 1.276140753179788589e-02 4.301805049180984497e-02 8.989001065492630005e-02 6.302002072334289551e-02 4.493465647101402283e-02 7.418310735374689102e-03 1.877254992723464966e-02 2.687323372811079025e-03 1.642457582056522369e-02 3.654336929321289062e-02 2.829177305102348328e-03 7.007713429629802704e-03 2.002104371786117554e-02 1.002390217036008835e-02 4.633109085261821747e-03 1.908689178526401520e-02 8.706155233085155487e-03 4.579226672649383545e-02 2.753815986216068268e-02 4.085267335176467896e-02 6.805244088172912598e-02 8.639197051525115967e-02 8.509363047778606415e-03 3.022326622158288956e-03 3.150656819343566895e-02 4.378359019756317139e-02 2.659445069730281830e-02 5.463191866874694824e-02 3.426268696784973145e-03 4.680495336651802063e-02 3.516743704676628113e-02 5.730522796511650085e-02 2.026029117405414581e-02 4.021408408880233765e-02 4.950693622231483459e-02 2.265313267707824707e-02 3.825110569596290588e-02 3.593295812606811523e-02 3.735917806625366211e-02 1.559995766729116440e-02 1.174718514084815979e-02 1.478463876992464066e-02 3.281016275286674500e-02 3.375496948137879372e-03 2.148384787142276764e-02 4.393821582198143005e-02 4.935989901423454285e-02 6.900414079427719116e-02 7.941333204507827759e-02 1.478633750230073929e-02 2.494656294584274292e-02 4.577973391860723495e-03 4.169321805238723755e-02 2.775586210191249847e-02 9.590801782906055450e-03 9.636559523642063141e-03 3.093876130878925323e-02 2.796273306012153625e-02 3.398978710174560547e-02 2.718906663358211517e-02 2.885149046778678894e-02 3.363600373268127441e-02 2.551062963902950287e-02 2.907738089561462402e-02 3.569223731756210327e-02 7.183130364865064621e-04 6.414059083908796310e-03 1.750360056757926941e-02 2.657077042385935783e-03 2.296866290271282196e-02 1.087753009051084518e-02 3.181115910410881042e-02
