5.282300114631652832e-01 2.022163271903991699e-01 1.742023043334484100e-02 2.296121232211589813e-02 2.206522412598133087e-02 7.366450130939483643e-02 1.100978069007396698e-02 3.260355070233345032e-02 1.964557915925979614e-03 7.224352657794952393e-02 1.185080111026763916e-01 5.873344372957944870e-03 8.460483700037002563e-02 3.738104924559593201e-02 3.412126377224922180e-02 1.206897944211959839e-02 4.524372518062591553e-02 7.911694794893264771e-02 5.967633426189422607e-02 2.780358679592609406e-02 1.215976942330598831e-02 2.548138238489627838e-02 1.077555306255817413e-02 3.216786682605743408e-02 7.267958950251340866e-03 1.407331670634448528e-03 7.845721207559108734e-03 1.594060100615024567e-02 4.460058733820915222e-02 2.786912024021148682e-03 3.643210977315902710e-02 3.279720619320869446e-02 3.271697089076042175e-02 4.552117735147476196e-02 4.485034197568893433e-02 1.164547866210341454e-03 7.554468698799610138e-03 2.264789491891860962e-02 1.253417599946260452e-02 3.371641412377357483e-02 3.200931474566459656e-02 3.873405605554580688e-02 7.911548018455505371e-03 1.963539980351924896e-02 2.679004520177841187e-02 1.398578099906444550e-02 3.848267719149589539e-02 1.688747294247150421e-02 4.015002027153968811e-02 2.497392334043979645e-02 1.790861599147319794e-02 2.428751252591609955e-02 3.690613061189651489e-02 2.479344420135021210e-02 4.418109357357025146e-02 1.728436537086963654e-02 8.180062286555767059e-03 7.653184235095977783e-03 1.661009341478347778e-02 1.191437337547540665e-02 4.079781845211982727e-02 2.724082209169864655e-02 4.604097828269004822e-02 2.723367884755134583e-02 1.374386809766292572e-02 2.070568501949310303e-02 3.961399942636489868e-02 1.413815934211015701e-02 1.171250827610492706e-02 5.462733283638954163e-02 2.125185541808605194e-02 1.746355369687080383e-02 3.847800940275192261e-02 3.735247626900672913e-02 2.227719873189926147e-02 1.300989277660846710e-02 2.953668311238288879e-02 7.285135984420776367e-02 2.698153629899024963e-02 5.978232994675636292e-02 3.895012289285659790e-02 2.088258741423487663e-03 1.605911552906036377e-02 3.392337588593363762e-03 7.657968904823064804e-03 7.395741064101457596e-03 4.177380725741386414e-02 1.720923371613025665e-02 1.032095868140459061e-02 4.460047557950019836e-02 3.914347290992736816e-02 1.228000782430171967e-02 1.837646774947643280e-02 7.108328398317098618e-03 3.606708720326423645e-02 2.206354960799217224e-02 2.973614959046244621e-03 1.398671045899391174e-02 2.042069286108016968e-02 1.079879421740770340e-02 3.278243914246559143e-02 2.952239103615283966e-02 3.887060657143592834e-02 4.440675303339958191e-02 3.297104313969612122e-02 1.746208779513835907e-02 2.891242504119873047e-02 2.201868779957294464e-02 9.320959448814392090e-03 3.859495371580123901e-02 3.217559307813644409e-02 1.227295119315385818e-02 3.264668211340904236e-02 4.610128700733184814e-03 4.836128558963537216e-03 1.888808235526084900e-02
2.022163271903991699e-01 5.200327634811401367e-01 8.583897724747657776e-03 3.619359806180000305e-02 1.330357417464256287e-02 1.507703810930252075e-01 1.348755806684494019e-01 5.649109929800033569e-02 2.024214528501033783e-02 7.518805097788572311e-03 1.044282019138336182e-01 3.108125738799571991e-02 1.129536703228950500e-01 3.777571395039558411e-02 2.862538583576679230e-02 3.958575893193483353e-03 5.445544142276048660e-03 6.280210614204406738e-02 1.564056426286697388e-02 9.645219892263412476e-03 1.981678791344165802e-02 3.939744457602500916e-02 1.755910180509090424e-02 2.891115099191665649e-02 1.107448339462280273e-02 2.660718001425266266e-02 1.122354157269001007e-02 6.154343951493501663e-03 2.208092249929904938e-02 3.059917874634265900e-02 2.488887868821620941e-02 2.040951885282993317e-02 3.627664595842361450e-02 1.779788546264171600e-02 1.690139807760715485e-02 4.799488466233015060e-03 3.237565606832504272e-02 2.164271846413612366e-02 2.277401648461818695e-02 3.516402468085289001e-02 2.514101378619670868e-02 2.703975699841976166e-02 2.397152828052639961e-03 1.652608253061771393e-02 3.792284522205591202e-03 2.218780666589736938e-02 4.477174207568168640e-02 9.817455895245075226e-03 1.512325182557106018e-02 3.074896149337291718e-02 3.002879582345485687e-02 2.706566639244556427e-02 5.720655899494886398e-03 1.557742711156606674e-03 2.624725177884101868e-02 3.568355366587638855e-02 2.404685504734516144e-02 2.910101786255836487e-02 3.377345949411392212e-02 1.552761159837245941e-02 5.851186811923980713e-02 9.651967324316501617e-03 1.473034359514713287e-02 1.677900925278663635e-02 1.201181858777999878e-02 2.942910417914390564e-02 2.497649006545543671e-02 1.614087261259555817e-02 5.513886362314224243e-02 3.526093065738677979e-02 1.894813403487205505e-02 1.129964292049407959e-01 3.354702517390251160e-02 3.259379044175148010e-02 3.063719347119331360e-02 3.394280746579170227e-02 1.372363232076168060e-02 3.169426694512367249e-02 6.750883068889379501e-03 9.942464530467987061e-03 3.485999070107936859e-03 4.363948106765747070e-02 3.529945015907287598e-02 2.860231883823871613e-02 9.287944063544273376e-03 3.468028455972671509e-02 3.520517051219940186e-02 3.162955865263938904e-03 2.888344600796699524e-02 3.544352203607559204e-02 2.098508179187774658e-02 2.071749418973922729e-02 8.563436567783355713e-03 2.226417511701583862e-02 2.567383833229541779e-02 3.231809660792350769e-02 4.113723337650299072e-02 5.617586150765419006e-02 3.527054563164710999e-02 9.961324743926525116e-03 2.884268015623092651e-02 2.857013605535030365e-02 8.774991147220134735e-03 1.380242966115474701e-02 3.140501305460929871e-02 1.194506417959928513e-02 7.957601919770240784e-04 4.315092414617538452e-02 1.813870854675769806e-02 3.236494213342666626e-02 2.475376613438129425e-02 1.314367074519395828e-02 1.014798041433095932e-02 1.260187104344367981e-02 8.297915756702423096e-02 6.116972491145133972e-02
1.742023043334484100e-02 8.583897724747657776e-03 4.896902740001678467e-01 1.272593438625335693e-02 2.151338569819927216e-02 2.112949080765247345e-02 8.656389079988002777e-03 1.168902143836021423e-01 3.405671939253807068e-02 5.296785384416580200e-03 2.750099636614322662e-02 2.457377559039741755e-04 2.892373502254486084e-02 1.662653055973351002e-03 4.310162737965583801e-03 5.866352468729019165e-02 5.050875246524810791e-02 1.012054178863763809e-02 2.836173586547374725e-02 3.128971531987190247e-02 1.281433273106813431e-02 1.356599573045969009e-02 1.257638912647962570e-02 1.811239123344421387e-02 1.059283781796693802e-02 3.139416873455047607e-02 3.293313086032867432e-02 7.609047461301088333e-03 5.834396928548812866e-03 5.402313172817230225e-02 1.687386445701122284e-02 1.741213165223598480e-02 2.082518301904201508e-02 2.632761187851428986e-02 2.338078775210306048e-04 7.327117957174777985e-03 6.881313864141702652e-03 2.434931136667728424e-02 2.731246501207351685e-02 1.664629951119422913e-02 1.440392807126045227e-02 3.582923114299774170e-02 1.254093367606401443e-02 9.687893092632293701e-02 2.093389164656400681e-03 1.120162475854158401e-02 1.195914857089519501e-02 2.517262287437915802e-02 2.866426296532154083e-02 6.527969148010015488e-03 2.280326932668685913e-02 2.117564203217625618e-03 1.517716213129460812e-03 6.057742051780223846e-03 1.167929545044898987e-02 1.407735329121351242e-02 1.116162724792957306e-02 2.815605886280536652e-02 6.292696110904216766e-03 1.674179732799530029e-02 3.146116435527801514e-02 2.520044147968292236e-02 1.930171996355056763e-02 1.096032280474901199e-02 1.590183004736900330e-02 1.747668720781803131e-03 4.214704409241676331e-02 2.671865746378898621e-02 5.785190965980291367e-03 1.720079407095909119e-02 3.148202598094940186e-02 4.385378584265708923e-02 4.516580700874328613e-02 2.198394946753978729e-02 3.490842878818511963e-02 2.785377949476242065e-02 1.498121209442615509e-02 1.477947179228067398e-02 1.475926488637924194e-02 1.214354485273361206e-02 1.742604821920394897e-01 6.499232351779937744e-02 5.075514782220125198e-03 1.658247970044612885e-02 1.575079374015331268e-02 1.867843046784400940e-02 1.083910465240478516e-02 3.366151126101613045e-03 7.349268533289432526e-03 1.172571722418069839e-02 4.749487154185771942e-03 7.264744024723768234e-03 2.908892557024955750e-02 4.731989465653896332e-03 9.852764196693897247e-03 1.317397970706224442e-02 2.925867214798927307e-02 1.573132164776325226e-02 3.560290485620498657e-02 2.551858872175216675e-02 3.708535060286521912e-02 3.153211995959281921e-02 2.452256344258785248e-02 6.306825205683708191e-03 1.685453765094280243e-02 2.441393211483955383e-02 1.549587026238441467e-02 2.860502339899539948e-02 2.407342381775379181e-02 1.890111714601516724e-02 5.211538076400756836e-02 2.703557163476943970e-02 3.458483517169952393e-02 1.497443392872810364e-02 3.275875374674797058e-02 3.923957049846649170e-02
2.296121232211589813e-02 3.619359806180000305e-02 1.272593438625335693e-02 5.219959020614624023e-01 5.757185816764831543e-02 2.533133327960968018e-02 5.311535205692052841e-03 4.263259470462799072e-02 2.838562056422233582e-02 2.807660214602947235e-02 8.420986123383045197e-03 1.159666571766138077e-02 2.622154355049133301e-02 4.691360145807266235e-02 5.183506757020950317e-02 2.455659583210945129e-02 2.563259378075599670e-02 1.275445986539125443e-02 8.333761361427605152e-04 1.316028088331222534e-02 1.137001719325780869e-02 2.333584055304527283e-02 1.125816162675619125e-02 8.175357244908809662e-03 2.691636979579925537e-02 3.828998282551765442e-02 2.759739756584167480e-02 3.436991572380065918e-02 2.266388619318604469e-03 3.003918565809726715e-02 4.373456910252571106e-02 2.359678782522678375e-02 1.124658063054084778e-02 3.781938925385475159e-02 1.546328049153089523e-02 2.628829888999462128e-02 1.999434269964694977e-02 4.772464558482170105e-02 7.599407434463500977e-02 2.195315435528755188e-02 1.177923288196325302e-02 8.272081613540649414e-03 6.303662899881601334e-03 2.133613079786300659e-02 2.483762986958026886e-02 2.368214912712574005e-02 3.308177739381790161e-02 2.146592922508716583e-02 2.362352237105369568e-02 1.313183456659317017e-02 2.814328111708164215e-02 1.807320304214954376e-02 5.282369442284107208e-03 1.392447203397750854e-02 5.195221398025751114e-03 1.011027954518795013e-02 4.872361198067665100e-02 2.391739375889301300e-02 7.090074941515922546e-03 1.010533142834901810e-02 4.285344853997230530e-03 1.926318742334842682e-02 3.915778547525405884e-02 2.077799662947654724e-02 5.599425174295902252e-03 3.387659671716392040e-04 2.112386189401149750e-02 1.116827968508005142e-02 2.397189103066921234e-02 4.518237709999084473e-02 1.991760358214378357e-02 2.591005759313702583e-03 8.182056993246078491e-02 1.770483516156673431e-02 6.392343342304229736e-02 2.271847613155841827e-02 1.356590259820222855e-02 2.918660081923007965e-02 4.651582334190607071e-03 1.141786668449640274e-02 2.638735994696617126e-02 1.619296963326632977e-03 5.290274322032928467e-02 3.378378972411155701e-02 2.035128697752952576e-02 4.080864600837230682e-03 2.676198258996009827e-02 2.675642631947994232e-02 2.335522323846817017e-02 3.479298204183578491e-02 3.073611110448837280e-02 2.412264980375766754e-02 4.883938468992710114e-03 4.234532639384269714e-02 3.895631805062294006e-02 2.872958593070507050e-02 4.465676844120025635e-02 3.540132194757461548e-02 4.534048587083816528e-02 1.023578643798828125e-02 7.441259920597076416e-03 2.554896473884582520e-02 2.389377355575561523e-02 3.389804065227508545e-02 8.682101964950561523e-03 7.305506151169538498e-03 1.947093941271305084e-02 1.960518071427941322e-03 8.621077053248882294e-03 1.504442188888788223e-02 1.575874350965023041e-02 2.217859774827957153e-02 3.070922009646892548e-02 1.769234612584114075e-02 1.172432489693164825e-02 1.294890535064041615e-03
2.206522412598133087e-02 1.330357417464256287e-02 2.151338569819927216e-02 5.757185816764831543e-02 5.188598632812500000e-01 1.896563358604907990e-02 3.680136427283287048e-02 4.040945693850517273e-02 3.818485140800476074e-02 1.353414915502071381e-02 4.554710909724235535e-02 2.693063206970691681e-02 2.694718539714813232e-02 2.400504425168037415e-02 4.517356678843498230e-02 5.194733664393424988e-02 7.073818147182464600e-02 1.774352416396141052e-02 1.554330717772245407e-02 1.149922492913901806e-03 7.344603072851896286e-03 1.732954382896423340e-02 9.035223163664340973e-03 2.840789221227169037e-02 4.267403855919837952e-03 1.556418836116790771e-02 4.157664626836776733e-02 4.234427586197853088e-02 2.593364007771015167e-02 3.022834286093711853e-02 3.271378949284553528e-02 1.195904216729104519e-03 9.279050864279270172e-04 3.155113011598587036e-02 1.846206560730934143e-02 3.229507803916931152e-02 5.437468737363815308e-02 2.706916630268096924e-02 3.930412232875823975e-02 8.080735057592391968e-02 4.501808434724807739e-02 3.506854176521301270e-02 1.214017812162637711e-02 1.332040410488843918e-02 3.183067962527275085e-02 4.027987015433609486e-04 1.582217402756214142e-02 1.296483445912599564e-02 3.989753127098083496e-02 9.148092009127140045e-03 3.926059231162071228e-02 1.854316331446170807e-02 1.616517454385757446e-02 1.594621315598487854e-02 4.828755557537078857e-02 9.597548283636569977e-03 1.169122755527496338e-02 1.956557296216487885e-02 2.777814306318759918e-02 1.546373032033443451e-02 1.264242827892303467e-02 3.454159200191497803e-02 3.110638447105884552e-02 6.592602934688329697e-03 1.254929136484861374e-02 7.741061039268970490e-03 5.337676033377647400e-03 5.311746615916490555e-03 3.714643791317939758e-02 3.975217230618000031e-03 2.517961338162422180e-02 1.573348604142665863e-02 4.275180399417877197e-02 8.008630946278572083e-03 7.325766235589981079e-02 2.097668312489986420e-02 2.605073899030685425e-02 1.193530950695276260e-02 1.249209418892860413e-02 3.619046881794929504e-02 2.517067827284336090e-02 3.445916576310992241e-03 1.369989477097988129e-02 2.244706824421882629e-02 3.146278113126754761e-02 1.735526882112026215e-02 7.713850121945142746e-03 1.717841252684593201e-03 2.236413583159446716e-02 4.061106219887733459e-02 6.534768268465995789e-03 5.217633952270261943e-05 4.556949716061353683e-04 1.227768417447805405e-02 4.297663643956184387e-02 8.513085544109344482e-02 5.964125739410519600e-04 3.593556210398674011e-02 4.992820695042610168e-02 9.722666814923286438e-03 1.797163486480712891e-02 2.793876221403479576e-03 1.792294904589653015e-03 1.384113822132349014e-02 1.110637653619050980e-02 1.340676005929708481e-02 1.035783719271421432e-02 1.083581987768411636e-02 1.160823553800582886e-02 5.636997055262327194e-03 4.021279141306877136e-02 2.113751322031021118e-02 1.868157181888818741e-03 1.275097578763961792e-02 7.794155739247798920e-03 4.138870164752006531e-02
7.366450130939483643e-02 1.507703810930252075e-01 2.112949080765247345e-02 2.533133327960968018e-02 1.896563358604907990e-02 5.228220224380493164e-01 2.435207664966583252e-01 3.919409960508346558e-02 7.067214697599411011e-03 2.719269879162311554e-02 4.499836266040802002e-02 9.273706935346126556e-03 2.131199929863214493e-03 5.248966440558433533e-02 4.267494007945060730e-02 8.763764053583145142e-03 2.135191857814788818e-02 3.083491511642932892e-02 3.154864534735679626e-02 2.975074201822280884e-02 2.811239473521709442e-02 1.855168258771300316e-03 4.209842532873153687e-02 1.138053089380264282e-02 3.843772038817405701e-02 2.091398648917675018e-02 6.590716657228767872e-04 3.028913214802742004e-02 3.495809808373451233e-02 3.015446290373802185e-02 1.925608143210411072e-02 1.711042411625385284e-02 1.312933210283517838e-02 2.130637690424919128e-02 3.875697031617164612e-02 3.137014806270599365e-02 2.507593482732772827e-02 4.149983078241348267e-02 4.007826000452041626e-02 8.096077479422092438e-03 2.453708322718739510e-03 4.624509252607822418e-03 9.660121984779834747e-03 9.094781242311000824e-03 4.216799885034561157e-02 1.517750788480043411e-02 1.252045035362243652e-01 5.423239991068840027e-02 3.131059184670448303e-02 4.481154680252075195e-02 4.554467275738716125e-03 2.766402810811996460e-02 1.066228374838829041e-02 1.475312374532222748e-02 2.031262591481208801e-02 4.296547546982765198e-02 1.060891197994351387e-03 1.416765246540307999e-02 4.175843670964241028e-02 2.082591317594051361e-02 1.396442949771881104e-02 1.238965429365634918e-02 1.755159907042980194e-02 4.619072657078504562e-03 1.620583049952983856e-02 1.052384637296199799e-02 3.462754189968109131e-02 3.220883756875991821e-02 3.869328647851943970e-02 4.034165292978286743e-02 4.600125178694725037e-02 9.367421269416809082e-02 1.832723803818225861e-02 1.932687126100063324e-02 1.413056440651416779e-02 7.344997953623533249e-03 6.490355590358376503e-04 1.154626160860061646e-02 1.877609267830848694e-02 3.061258979141712189e-02 3.315295279026031494e-02 2.304808422923088074e-02 3.257488831877708435e-02 9.053517132997512817e-03 1.868150569498538971e-02 1.926569640636444092e-02 3.378349356353282928e-03 4.539628699421882629e-02 4.997546784579753876e-03 3.945576399564743042e-02 2.233191020786762238e-02 3.238975256681442261e-02 1.462329085916280746e-02 2.545091323554515839e-02 1.491978950798511505e-02 5.219704937189817429e-03 8.217222988605499268e-03 5.671264231204986572e-02 3.723719157278537750e-03 3.190671652555465698e-02 2.985021099448204041e-02 2.089629322290420532e-02 9.380168281495571136e-03 1.813936606049537659e-02 3.311515226960182190e-02 2.214917913079261780e-02 5.360471550375223160e-03 1.281966175884008408e-02 2.653703093528747559e-02 6.588243879377841949e-03 1.034893211908638477e-03 1.002699602395296097e-02 3.061696514487266541e-02 2.293802984058856964e-02 7.151718437671661377e-02 1.869499497115612030e-02
1.100978069007396698e-02 1.348755806684494019e-01 8.656389079988002777e-03 5.311535205692052841e-03 3.680136427283287048e-02 2.435207664966583252e-01 5.312446951866149902e-01 2.855218388140201569e-02 2.321998775005340576e-02 3.189866244792938232e-02 2.925720065832138062e-02 2.403230592608451843e-02 3.272244939580559731e-04 1.198760941624641418e-01 4.517231881618499756e-02 3.367790207266807556e-02 1.913854270242154598e-03 3.056459827348589897e-03 4.002290964126586914e-02 3.331455867737531662e-03 2.333258092403411865e-02 7.425807416439056396e-03 2.312940545380115509e-02 3.432890633121132851e-03 1.877116784453392029e-02 3.276456519961357117e-02 3.038416989147663116e-02 9.403522126376628876e-03 3.969940915703773499e-02 1.672759279608726501e-02 2.660796232521533966e-02 4.097353667020797729e-02 3.504770994186401367e-02 3.157424926757812500e-02 1.509217054262990132e-05 3.153254091739654541e-02 5.022734869271516800e-03 4.025033861398696899e-02 8.365273475646972656e-03 3.014654666185379028e-02 1.477358490228652954e-02 4.020411148667335510e-02 1.809105090796947479e-02 2.851855196058750153e-02 3.838210552930831909e-02 1.959097199141979218e-02 1.164320409297943115e-01 1.020279005169868469e-01 3.184781223535537720e-02 5.060557276010513306e-02 6.827220786362886429e-03 3.112583234906196594e-02 2.495718188583850861e-02 2.251262031495571136e-02 1.621911115944385529e-02 4.952541366219520569e-02 1.839180849492549896e-02 1.814715936779975891e-02 2.849522791802883148e-02 1.904249750077724457e-02 3.063193149864673615e-02 4.128115251660346985e-02 3.955375775694847107e-02 3.514836309477686882e-03 1.365229487419128418e-02 1.600337587296962738e-02 2.555551938712596893e-02 1.916424557566642761e-02 3.226301074028015137e-02 5.184447765350341797e-02 2.359440550208091736e-02 9.058757126331329346e-02 1.010873075574636459e-02 2.699594013392925262e-02 2.063772175461053848e-03 1.190640591084957123e-02 2.303643897175788879e-02 4.170894250273704529e-02 3.483762964606285095e-02 3.785420994972810149e-05 3.076592087745666504e-02 2.426381595432758331e-02 3.357092663645744324e-02 8.028317242860794067e-03 2.366451546549797058e-02 4.395118355751037598e-02 1.698601990938186646e-02 4.396807029843330383e-02 3.365612775087356567e-02 3.457392379641532898e-02 4.317910596728324890e-02 4.021640121936798096e-02 6.046403199434280396e-02 3.463995084166526794e-02 1.849585957825183868e-02 2.774872072041034698e-02 1.311398390680551529e-02 8.565789461135864258e-02 1.446652412414550781e-02 3.077303245663642883e-02 2.230978384613990784e-02 2.321427129209041595e-02 1.351063232868909836e-02 9.051164612174034119e-03 1.429874915629625320e-02 4.034842550754547119e-02 3.161129355430603027e-02 1.928301714360713959e-02 1.301906886510550976e-03 1.747497171163558960e-02 2.708726562559604645e-02 5.689386744052171707e-03 2.046979777514934540e-02 2.288080938160419464e-02 3.723524510860443115e-02 1.391704566776752472e-02
3.260355070233345032e-02 5.649109929800033569e-02 1.168902143836021423e-01 4.263259470462799072e-02 4.040945693850517273e-02 3.919409960508346558e-02 2.855218388140201569e-02 5.162477493286132812e-01 3.803670033812522888e-02 1.255769841372966766e-02 2.589554339647293091e-02 1.912216190248727798e-03 1.883282326161861420e-02 1.617670245468616486e-02 4.899682104587554932e-02 1.428892556577920914e-02 2.146489359438419342e-02 1.350983232259750366e-02 4.984572529792785645e-02 2.627250179648399353e-02 4.376246780157089233e-02 2.643172070384025574e-02 2.129739709198474884e-02 1.052873209118843079e-02 1.212312560528516769e-02 7.099023554474115372e-03 5.234967917203903198e-03 3.834387660026550293e-02 1.572006382048130035e-02 2.805197052657604218e-02 4.214675165712833405e-03 1.621056161820888519e-02 2.146143838763237000e-02 2.896054461598396301e-02 3.873295336961746216e-02 3.045793250203132629e-02 4.281225427985191345e-02 3.155700117349624634e-02 4.653485864400863647e-02 6.631665397435426712e-03 6.283818185329437256e-02 6.153000518679618835e-03 5.378037691116333008e-03 6.049740687012672424e-02 1.929788850247859955e-02 1.073173806071281433e-02 1.042498927563428879e-02 4.195544123649597168e-02 1.504779327660799026e-02 4.168266896158456802e-03 1.016674377024173737e-02 5.674111191183328629e-03 2.863554283976554871e-02 2.391930483281612396e-02 2.844654954969882965e-02 1.059652492403984070e-02 6.422632373869419098e-03 3.003032505512237549e-02 3.901993855834007263e-02 7.489447947591543198e-03 4.430109262466430664e-02 1.571246236562728882e-02 1.555384788662195206e-02 2.849524281919002533e-02 1.163694891147315502e-03 2.428050711750984192e-02 3.118792735040187836e-02 2.377378568053245544e-02 1.234240178018808365e-02 2.708432823419570923e-02 3.649919480085372925e-02 5.033451691269874573e-02 3.734095022082328796e-02 8.700372651219367981e-03 2.712574601173400879e-02 1.931819505989551544e-02 3.076656349003314972e-02 1.109365187585353851e-02 2.550422027707099915e-02 1.518186088651418686e-02 8.776528388261795044e-02 5.464673042297363281e-02 7.583991624414920807e-03 2.163921669125556946e-02 6.922452710568904877e-03 1.337902061641216278e-02 2.969030104577541351e-02 5.072486028075218201e-02 1.191655639559030533e-02 3.672593832015991211e-02 4.651783034205436707e-03 2.066665887832641602e-02 2.231119200587272644e-02 1.624696142971515656e-02 2.424708567559719086e-02 2.597875194624066353e-03 3.672178089618682861e-02 4.639114253222942352e-03 1.837198808789253235e-02 3.082485496997833252e-02 1.638609170913696289e-02 1.113270409405231476e-03 4.657675698399543762e-02 3.014926239848136902e-02 1.350842323154211044e-02 9.879985824227333069e-03 5.180632229894399643e-03 1.987747475504875183e-02 2.720847725868225098e-02 1.710358075797557831e-02 8.851841092109680176e-02 4.251265153288841248e-02 9.410950355231761932e-03 5.809800699353218079e-03 4.120428487658500671e-02 3.703396767377853394e-02
1.964557915925979614e-03 2.024214528501033783e-02 3.405671939253807068e-02 2.838562056422233582e-02 3.818485140800476074e-02 7.067214697599411011e-03 2.321998775005340576e-02 3.803670033812522888e-02 5.412817597389221191e-01 1.383944787085056305e-02 2.618511766195297241e-02 4.494729265570640564e-02 1.610163785517215729e-02 7.327963598072528839e-03 5.364655703306198120e-02 4.196950420737266541e-02 5.336791276931762695e-02 3.018686734139919281e-02 2.242363058030605316e-02 9.856320917606353760e-03 3.386304015293717384e-03 5.765674635767936707e-02 4.009903222322463989e-02 3.895072266459465027e-02 1.580637693405151367e-02 1.522018108516931534e-02 1.491833012551069260e-02 3.902348875999450684e-02 4.736645147204399109e-03 2.021944336593151093e-02 7.189698051661252975e-03 3.977640718221664429e-02 2.321936376392841339e-02 2.788781421259045601e-03 3.374081477522850037e-02 4.467529058456420898e-02 2.738649956881999969e-02 2.649695798754692078e-02 3.924944996833801270e-02 3.687844052910804749e-02 2.263475209474563599e-03 2.151839435100555420e-02 1.664478331804275513e-02 2.274554781615734100e-02 1.121277082711458206e-02 2.864095196127891541e-02 5.596960708498954773e-02 5.455240607261657715e-02 2.971193566918373108e-02 1.713615469634532928e-02 2.741467766463756561e-02 4.062251374125480652e-02 6.719563156366348267e-03 1.055066101253032684e-02 4.644351080060005188e-02 4.652282223105430603e-03 2.824511937797069550e-02 2.173801138997077942e-02 7.191679906100034714e-04 4.100805148482322693e-02 4.905958473682403564e-02 3.341435641050338745e-02 5.023139994591474533e-03 1.280937064439058304e-02 2.876266464591026306e-02 3.859722986817359924e-02 3.158836439251899719e-02 5.450668558478355408e-02 3.234068304300308228e-02 2.124072052538394928e-02 1.210373546928167343e-02 3.537670150399208069e-02 3.142995992675423622e-03 2.647942490875720978e-02 1.949580572545528412e-02 5.085744336247444153e-02 1.159904077649116516e-01 4.201743751764297485e-02 3.266768530011177063e-02 6.625817157328128815e-03 1.656493544578552246e-02 7.982289418578147888e-03 6.849690526723861694e-02 2.158484235405921936e-02 3.486953303217887878e-02 2.229093806818127632e-03 4.534796625375747681e-02 1.731293089687824249e-02 6.396609544754028320e-02 1.613436080515384674e-02 4.644587635993957520e-02 7.735328283160924911e-03 4.255907237529754639e-02 4.478991404175758362e-02 2.112296409904956818e-02 2.094143256545066833e-02 4.886855930089950562e-02 7.263073325157165527e-02 4.006865620613098145e-02 4.302350804209709167e-02 3.499208390712738037e-02 3.775938227772712708e-02 3.681017085909843445e-02 5.082761123776435852e-02 1.200824696570634842e-02 2.216805517673492432e-02 1.647019572556018829e-02 7.361775729805231094e-03 3.640966117382049561e-02 5.641981586813926697e-02 1.796308159828186035e-02 1.002763863652944565e-02 4.057006165385246277e-02 4.577383771538734436e-02 2.574661560356616974e-02 1.558612566441297531e-03
7.224352657794952393e-02 7.518805097788572311e-03 5.296785384416580200e-03 2.807660214602947235e-02 1.353414915502071381e-02 2.719269879162311554e-02 3.189866244792938232e-02 1.255769841372966766e-02 1.383944787085056305e-02 5.312532782554626465e-01 2.224929817020893097e-02 5.044838786125183105e-02 5.105867609381675720e-02 3.416834026575088501e-02 3.596195578575134277e-02 6.599294487386941910e-03 8.437508344650268555e-02 1.033759763231500983e-04 1.057524159550666809e-01 3.645060583949089050e-02 4.078376665711402893e-02 3.381971642374992371e-02 6.899615749716758728e-03 1.468947622925043106e-03 4.246956110000610352e-02 2.280184999108314514e-02 8.840299211442470551e-03 6.131745129823684692e-02 1.694500818848609924e-02 3.957998007535934448e-02 1.172648835927248001e-02 2.033730037510395050e-02 1.387224532663822174e-02 2.379245311021804810e-02 4.357107356190681458e-02 3.802158683538436890e-02 2.467199228703975677e-02 3.207491338253021240e-02 8.963320287875831127e-04 3.663005679845809937e-02 1.675728592090308666e-03 4.461409524083137512e-02 4.943135753273963928e-02 3.044718690216541290e-02 1.043273881077766418e-02 3.400700539350509644e-02 1.051600463688373566e-02 4.156057164072990417e-02 3.663531318306922913e-02 2.085258066654205322e-02 1.488144788891077042e-02 6.646346300840377808e-03 3.387026488780975342e-02 9.470066986978054047e-03 2.577628009021282196e-02 1.475485879927873611e-02 1.755472645163536072e-02 4.991261661052703857e-02 1.774558611214160919e-02 3.658745065331459045e-02 1.158423628658056259e-02 4.195551946759223938e-02 1.952280476689338684e-02 3.843682259321212769e-02 4.359254613518714905e-02 2.300985157489776611e-02 3.327751159667968750e-02 3.013687953352928162e-02 3.715827316045761108e-02 6.492871046066284180e-02 1.098532378673553467e-01 1.938720420002937317e-02 3.014465235173702240e-02 6.637758016586303711e-02 2.416344173252582550e-02 1.720952428877353668e-02 4.251000285148620605e-02 1.929368227720260620e-01 8.754740469157695770e-03 1.186061874032020569e-01 1.794741488993167877e-02 2.665766701102256775e-02 1.737206988036632538e-02 1.141673177480697632e-01 2.973686344921588898e-02 9.398666210472583771e-03 3.940587490797042847e-02 1.519033964723348618e-02 3.718003630638122559e-02 1.259762793779373169e-01 3.133531287312507629e-02 1.871060952544212341e-02 3.283129632472991943e-02 5.022830143570899963e-02 3.077195584774017334e-02 6.680007558315992355e-03 3.184556961059570312e-02 4.849488660693168640e-02 3.015927737578749657e-03 3.439394291490316391e-03 1.076006796211004257e-02 9.287951514124870300e-03 4.436891525983810425e-02 3.627607971429824829e-02 1.717713288962841034e-02 4.669535905122756958e-03 3.873203322291374207e-02 3.817862644791603088e-02 3.157379850745201111e-02 3.226585313677787781e-02 1.874047331511974335e-02 1.835274137556552887e-02 3.419253975152969360e-02 4.013734310865402222e-02 2.080019749701023102e-02 2.312210202217102051e-02
1.185080111026763916e-01 1.044282019138336182e-01 2.750099636614322662e-02 8.420986123383045197e-03 4.554710909724235535e-02 4.499836266040802002e-02 2.925720065832138062e-02 2.589554339647293091e-02 2.618511766195297241e-02 2.224929817020893097e-02 5.244250893592834473e-01 5.004107486456632614e-03 1.700428724288940430e-01 5.930224899202585220e-03 2.681035781279206276e-03 4.189372702967375517e-04 2.071113884449005127e-02 5.471342802047729492e-02 1.050981506705284119e-02 1.310467440634965897e-02 7.534238975495100021e-03 2.491542324423789978e-02 3.493550419807434082e-02 1.993294619023799896e-02 7.424774579703807831e-03 3.163747489452362061e-02 1.984955742955207825e-02 1.099515706300735474e-02 2.843458205461502075e-02 7.124445401132106781e-03 1.948899962007999420e-02 4.424215480685234070e-02 1.668662019073963165e-02 4.770678654313087463e-02 1.321552414447069168e-02 1.406163256615400314e-02 1.003382820636034012e-02 3.022465668618679047e-02 2.330256253480911255e-02 4.043889790773391724e-02 1.104374416172504425e-02 3.548205643892288208e-02 1.162216183729469776e-03 2.566015906631946564e-02 6.243612151592969894e-03 5.769507959485054016e-03 1.707783900201320648e-02 4.342679306864738464e-02 3.249439597129821777e-02 1.655369251966476440e-02 2.190372906625270844e-02 2.928292565047740936e-02 1.146992854773998260e-02 1.002504304051399231e-02 3.853869438171386719e-02 1.818505302071571350e-02 1.554660219699144363e-02 8.536175824701786041e-03 1.641141250729560852e-02 1.605589315295219421e-02 4.088208079338073730e-02 4.130358994007110596e-02 1.237895246595144272e-02 2.592199854552745819e-02 5.635357648134231567e-02 5.064199864864349365e-02 4.564893245697021484e-02 4.424740374088287354e-02 3.262873366475105286e-02 7.519758772104978561e-03 3.446048125624656677e-03 6.844507530331611633e-03 3.209587559103965759e-02 3.949879202991724014e-03 2.882974222302436829e-02 1.235637068748474121e-02 6.457315385341644287e-02 3.840217739343643188e-02 3.342107683420181274e-02 5.419720895588397980e-03 2.606449276208877563e-02 4.614133760333061218e-02 7.901506870985031128e-02 3.194152563810348511e-02 1.808600500226020813e-02 2.054259553551673889e-02 2.388606313616037369e-03 1.185912359505891800e-02 2.603383734822273254e-02 4.364337772130966187e-02 7.133085746318101883e-03 1.941452547907829285e-02 5.857003852725028992e-04 4.578465968370437622e-02 1.565010659396648407e-02 1.268425956368446350e-02 3.516909107565879822e-02 4.287909250706434250e-03 4.384310171008110046e-02 1.093153376132249832e-02 1.512782461941242218e-02 8.079109713435173035e-03 3.200701996684074402e-02 3.614851832389831543e-02 6.519226590171456337e-04 1.329158805310726166e-02 3.851074725389480591e-02 5.057195201516151428e-02 1.522613689303398132e-02 2.508076373487710953e-03 3.590759262442588806e-02 3.590361773967742920e-02 2.384020201861858368e-02 5.367135629057884216e-03 2.772022597491741180e-02 9.967005811631679535e-03
5.873344372957944870e-03 3.108125738799571991e-02 2.457377559039741755e-04 1.159666571766138077e-02 2.693063206970691681e-02 9.273706935346126556e-03 2.403230592608451843e-02 1.912216190248727798e-03 4.494729265570640564e-02 5.044838786125183105e-02 5.004107486456632614e-03 5.280053019523620605e-01 1.911287382245063782e-02 1.187052801251411438e-01 5.294284969568252563e-02 3.232972696423530579e-02 2.154420688748359680e-02 3.598483651876449585e-02 1.092330887913703918e-01 4.943521320819854736e-02 3.527688980102539062e-02 3.078216128051280975e-02 1.495629549026489258e-02 3.120156750082969666e-02 4.879492521286010742e-02 3.535096347332000732e-02 3.463121829554438591e-04 8.152259886264801025e-02 2.800730615854263306e-02 5.275044590234756470e-02 4.816919192671775818e-02 2.625833824276924133e-02 1.107017975300550461e-02 3.256098926067352295e-02 4.593349061906337738e-03 3.502956824377179146e-03 2.041968703269958496e-02 1.114449091255664825e-02 2.690120134502649307e-03 4.121876787394285202e-03 2.331163175404071808e-02 4.990646615624427795e-02 3.028976544737815857e-02 5.367043986916542053e-02 2.938522212207317352e-02 5.964064225554466248e-02 3.545810654759407043e-02 3.950847312808036804e-02 5.206761881709098816e-02 1.694690249860286713e-02 6.731959059834480286e-03 1.721325214020907879e-03 1.222172565758228302e-02 7.792397402226924896e-03 1.737347804009914398e-02 4.296634288039058447e-04 9.343356639146804810e-02 1.067714416421949863e-03 1.027925685048103333e-02 1.972856372594833374e-02 2.245589718222618103e-02 5.719356983900070190e-02 4.144632816314697266e-02 1.832215301692485809e-02 4.007421806454658508e-02 1.565460860729217529e-02 3.543720766901969910e-02 5.065971985459327698e-02 3.488578274846076965e-02 6.366245448589324951e-03 3.419425338506698608e-02 3.603829443454742432e-02 4.594932124018669128e-02 3.094274178147315979e-02 4.800915776286274195e-04 5.498958006501197815e-02 6.108615174889564514e-02 3.576820716261863708e-02 1.043896470218896866e-02 5.491003021597862244e-02 7.573423441499471664e-03 5.325866863131523132e-03 1.645981217734515667e-03 5.724834278225898743e-02 3.103488869965076447e-02 5.870362371206283569e-02 3.639072924852371216e-02 4.100300371646881104e-02 3.677891567349433899e-02 2.336639538407325745e-02 5.221889913082122803e-02 6.187931448221206665e-02 4.975567758083343506e-02 2.768035978078842163e-02 3.382485732436180115e-02 1.123760920017957687e-02 5.951149016618728638e-02 3.136092424392700195e-02 4.632396623492240906e-02 1.028890628367662430e-02 1.736221648752689362e-02 3.404348343610763550e-02 1.969942636787891388e-02 8.571046404540538788e-03 4.993481189012527466e-02 3.406697511672973633e-02 3.616854175925254822e-02 3.443201258778572083e-02 3.907967358827590942e-02 2.745418250560760498e-02 3.209516406059265137e-02 3.195330500602722168e-02 1.387573033571243286e-02 7.028413470834493637e-03 1.860930211842060089e-02 1.351288333535194397e-02
8.460483700037002563e-02 1.129536703228950500e-01 2.892373502254486084e-02 2.622154355049133301e-02 2.694718539714813232e-02 2.131199929863214493e-03 3.272244939580559731e-04 1.883282326161861420e-02 1.610163785517215729e-02 5.105867609381675720e-02 1.700428724288940430e-01 1.911287382245063782e-02 5.294244289398193359e-01 1.923688128590583801e-02 1.995141245424747467e-02 2.188475988805294037e-02 3.457875922322273254e-02 4.267436265945434570e-02 2.279577404260635376e-02 6.638358812779188156e-03 9.337607771158218384e-03 2.183159813284873962e-02 2.556465007364749908e-02 9.002233855426311493e-03 2.866820245981216431e-02 3.326932340860366821e-02 3.234060853719711304e-02 2.768011949956417084e-02 4.578938707709312439e-03 4.275650903582572937e-02 1.518376637250185013e-02 4.764872044324874878e-02 3.064966388046741486e-02 5.233582481741905212e-02 4.413247108459472656e-02 2.459422871470451355e-02 2.317603304982185364e-02 4.646078497171401978e-02 2.491459436714649200e-02 4.477807506918907166e-02 4.203857481479644775e-02 3.124133683741092682e-02 1.112430077046155930e-02 1.046968507580459118e-03 1.216091332025825977e-03 1.423809304833412170e-02 2.228649519383907318e-02 5.172469839453697205e-02 2.746054902672767639e-02 1.902233436703681946e-02 2.696252055466175079e-02 3.291756287217140198e-02 2.652824856340885162e-03 3.092329390347003937e-02 3.157791122794151306e-02 1.109585445374250412e-02 1.318113133311271667e-02 1.659148954786360264e-03 4.932075738906860352e-02 4.050945863127708435e-02 1.978091150522232056e-02 4.475737735629081726e-02 2.011922188103199005e-02 3.754357621073722839e-02 3.984988108277320862e-02 4.691499844193458557e-02 5.086396262049674988e-02 3.745285794138908386e-02 5.168395861983299255e-02 3.567847236990928650e-02 7.324601057916879654e-03 5.617848597466945648e-03 2.494873665273189545e-02 2.297647669911384583e-02 1.264645811170339584e-02 3.510047122836112976e-02 4.431142657995223999e-02 9.588225744664669037e-03 6.063074804842472076e-03 3.452363237738609314e-02 6.970433983951807022e-03 4.234302416443824768e-02 5.574397742748260498e-02 2.969685941934585571e-02 3.964961320161819458e-02 1.784549094736576080e-02 7.041803200991125777e-06 2.906857430934906006e-02 3.166568651795387268e-02 3.208568692207336426e-02 9.219563566148281097e-03 1.265579089522361755e-02 2.003949694335460663e-02 4.487147554755210876e-02 2.277057617902755737e-02 2.219664677977561951e-02 1.444845553487539291e-02 9.043887257575988770e-03 2.158274874091148376e-02 3.211670741438865662e-02 3.913981840014457703e-02 1.212714426219463348e-02 1.481282990425825119e-02 3.233614191412925720e-02 5.119712557643651962e-03 1.302964519709348679e-02 3.478360176086425781e-02 2.606679126620292664e-02 2.163083292543888092e-02 4.906840622425079346e-03 3.635398298501968384e-02 3.122364915907382965e-02 4.394558072090148926e-02 2.213673666119575500e-03 3.471073508262634277e-02 4.176751151680946350e-02
