5.080417394638061523e-01 1.730265468358993530e-01 2.296834997832775116e-02 5.580642819404602051e-02 1.938423141837120056e-02 1.621659100055694580e-01 1.374309360980987549e-01 1.844780519604682922e-02 3.918782621622085571e-02 4.347233474254608154e-02 1.384740322828292847e-01 5.176012963056564331e-02 1.205929294228553772e-01 2.964863553643226624e-02 2.805890701711177826e-02 4.900631681084632874e-02 3.408041968941688538e-02 6.861914880573749542e-03 7.564034312963485718e-04 3.983131423592567444e-02 3.216507658362388611e-02 4.017787054181098938e-03 1.887871511280536652e-02 4.230481013655662537e-02 3.883307799696922302e-02 8.055040612816810608e-03 1.927419193089008331e-02 3.161897882819175720e-02 4.089060798287391663e-02 2.240645885467529297e-02 2.579900436103343964e-02 2.044059336185455322e-03 3.456420078873634338e-02 2.300423383712768555e-02 2.289565838873386383e-02 3.672095248475670815e-03 4.026109818369150162e-03 2.516319230198860168e-02 9.697387926280498505e-03 1.833051629364490509e-02 2.435659989714622498e-02 9.664388373494148254e-03 8.136120624840259552e-03 2.563562616705894470e-02 2.247026277473196387e-04 2.155463211238384247e-02 1.227843910455703735e-01 9.096711128950119019e-02 2.536304481327533722e-02 2.880846895277500153e-02 6.689533125609159470e-03 2.045715227723121643e-02 2.811033651232719421e-02 2.556606568396091461e-02 4.863415379077196121e-03 2.028257818892598152e-03 2.224121987819671631e-02 1.431853324174880981e-02 2.581006661057472229e-02 2.420136891305446625e-02 2.051851898431777954e-02 3.566757217049598694e-02 2.771361544728279114e-02 4.926192760467529297e-02 1.395196095108985901e-02 1.017759926617145538e-02 4.895225167274475098e-02 3.333645313978195190e-02 3.778361901640892029e-02 5.265236645936965942e-02 2.651099674403667450e-02 2.625702135264873505e-02 1.076284702867269516e-02 1.617497764527797699e-02 3.273918107151985168e-02 7.464183960109949112e-03 1.827759295701980591e-02 1.022687274962663651e-02 2.289458177983760834e-02 5.070513114333152771e-03 3.958097472786903381e-02 2.148348465561866760e-02 2.343519032001495361e-02 2.259262278676033020e-02 3.642810136079788208e-02 1.385410968214273453e-02 2.904370054602622986e-02 2.614608034491539001e-02 7.723635062575340271e-03 1.159169618040323257e-02 6.788815557956695557e-02 1.177926361560821533e-02 3.511667251586914062e-02 4.848289303481578827e-03 8.600967936217784882e-03 4.356798529624938965e-02 9.902873076498508453e-03 3.504676278680562973e-03 1.408103294670581818e-02 2.574458718299865723e-02 1.209484227001667023e-02 2.881005965173244476e-02 2.138645574450492859e-02 2.815438248217105865e-02 9.043028578162193298e-03 2.980804629623889923e-02 2.090871334075927734e-02 3.952666372060775757e-02 2.900381945073604584e-02 2.362612821161746979e-02 1.816179975867271423e-02 1.048299297690391541e-02 4.306587856262922287e-03 1.689382083714008331e-02 3.134403750300407410e-02 4.004439711570739746e-02
1.730265468358993530e-01 5.070948600769042969e-01 2.713722921907901764e-02 4.411378875374794006e-02 2.627699077129364014e-02 1.361518651247024536e-01 1.344510018825531006e-01 3.465607762336730957e-02 1.819174364209175110e-02 2.885849960148334503e-02 1.417956501245498657e-01 3.237529471516609192e-02 1.355242878198623657e-01 3.142665326595306396e-02 2.990031801164150238e-02 5.221267044544219971e-02 3.459858894348144531e-02 9.027130901813507080e-03 1.343453861773014069e-02 2.847030758857727051e-02 3.243250399827957153e-02 2.682407572865486145e-02 2.809634990990161896e-02 2.003451064229011536e-02 2.893091551959514618e-02 6.061541847884654999e-03 3.268219530582427979e-02 2.826208993792533875e-02 5.828554183244705200e-02 2.488226816058158875e-02 4.247456043958663940e-02 1.824699924327433109e-03 2.639383077621459961e-02 2.501683309674263000e-02 1.784712262451648712e-02 1.437398791313171387e-02 1.881232112646102905e-02 3.395355120301246643e-02 7.577555254101753235e-03 8.314508944749832153e-03 3.874542191624641418e-02 2.796942926943302155e-02 1.323293801397085190e-02 3.494034707546234131e-02 3.355866670608520508e-02 1.238360628485679626e-02 1.078382655978202820e-01 7.636120170354843140e-02 4.103729873895645142e-02 4.256666079163551331e-02 1.042401231825351715e-02 1.485315337777137756e-02 1.481960900127887726e-02 2.012378722429275513e-02 2.584359236061573029e-02 1.864028512500226498e-03 1.120456028729677200e-02 2.400135807693004608e-02 3.216403536498546600e-03 2.275122702121734619e-02 6.695302436128258705e-04 1.384598668664693832e-02 2.621073462069034576e-02 2.168861404061317444e-02 3.443404566496610641e-04 3.573164809495210648e-03 4.696191474795341492e-02 4.703530669212341309e-02 2.886895090341567993e-02 4.848041757941246033e-02 2.139550074934959412e-02 1.302346307784318924e-02 2.204437274485826492e-03 3.661340475082397461e-02 2.449468150734901428e-02 1.505097094923257828e-02 4.797765240073204041e-02 4.384475573897361755e-02 1.151814311742782593e-02 1.488276850432157516e-02 1.389820780605077744e-02 4.093973711133003235e-02 3.021186450496315956e-03 4.265472665429115295e-02 5.401227995753288269e-02 1.147786248475313187e-02 4.368820413947105408e-02 2.628690935671329498e-02 4.912509117275476456e-03 3.071837313473224640e-02 7.176273316144943237e-02 3.902113065123558044e-02 3.318525850772857666e-02 1.782160438597202301e-02 6.546299438923597336e-03 4.234164953231811523e-02 1.025650370866060257e-02 2.455754205584526062e-02 2.265826985239982605e-02 1.693323813378810883e-02 1.495976746082305908e-02 2.122008055448532104e-02 2.278364263474941254e-02 3.384846076369285583e-02 1.944594085216522217e-02 1.575410552322864532e-02 2.217068523168563843e-02 2.747325599193572998e-02 3.145736455917358398e-02 3.601562930271029472e-03 5.448840092867612839e-03 2.705438248813152313e-02 1.517489552497863770e-02 3.532800450921058655e-02 4.848518595099449158e-02 4.600106179714202881e-02
2.296834997832775116e-02 2.713722921907901764e-02 4.730511307716369629e-01 3.254653140902519226e-02 3.290587663650512695e-02 1.001120265573263168e-02 2.746368385851383209e-02 1.418754607439041138e-01 4.498955328017473221e-03 4.676029831171035767e-02 1.359164435416460037e-02 3.671966493129730225e-02 3.060283139348030090e-03 2.289405278861522675e-02 1.392223220318555832e-02 1.843874779297038913e-04 9.376558475196361542e-03 5.738146603107452393e-02 1.080395746976137161e-02 2.776453830301761627e-02 3.940873965620994568e-02 1.928448490798473358e-02 2.288902364671230316e-02 4.644864797592163086e-02 3.535962849855422974e-02 2.952064760029315948e-02 6.915623694658279419e-02 4.244517069309949875e-03 3.958960995078086853e-02 2.813735045492649078e-02 2.922314219176769257e-02 3.548976778984069824e-02 4.682891443371772766e-02 3.617220744490623474e-02 3.770161420106887817e-02 2.209630981087684631e-02 2.225663885474205017e-02 5.098868906497955322e-02 6.404950749129056931e-03 2.628040872514247894e-02 3.876325907185673714e-03 3.139378875494003296e-02 3.535398980602622032e-03 1.062294617295265198e-01 2.642371319234371185e-02 3.682373091578483582e-02 9.813762269914150238e-03 1.160292979329824448e-02 3.199738264083862305e-02 2.685520984232425690e-02 2.997145056724548340e-02 4.371313750743865967e-02 2.209111303091049194e-02 6.025047041475772858e-03 6.258888170123100281e-04 9.645185491535812616e-05 4.693882167339324951e-02 2.145092934370040894e-02 6.668770220130681992e-03 4.121328238397836685e-03 4.857050627470016479e-02 4.646395519375801086e-02 4.481796175241470337e-03 2.833175286650657654e-02 3.413164243102073669e-02 9.521055035293102264e-03 3.885082155466079712e-02 2.817770279943943024e-02 5.111052095890045166e-02 2.211518585681915283e-02 3.936325758695602417e-02 1.456756144762039185e-03 2.403488568961620331e-02 2.547155320644378662e-02 2.097667381167411804e-02 2.664647065103054047e-02 3.546657413244247437e-02 2.037856727838516235e-02 1.576540805399417877e-02 2.270941250026226044e-02 1.206396967172622681e-01 9.411782026290893555e-02 2.251571603119373322e-02 4.171783104538917542e-02 1.762096956372261047e-02 2.585366368293762207e-03 1.312862150371074677e-03 7.155617349781095982e-04 3.865637630224227905e-02 4.518342018127441406e-02 1.277997042052447796e-03 1.906006969511508942e-02 3.785205632448196411e-02 1.176719181239604950e-02 1.538292318582534790e-02 4.426048323512077332e-02 2.512060292065143585e-02 7.087249774485826492e-03 1.783975027501583099e-02 4.531183838844299316e-02 1.489439886063337326e-02 1.444261055439710617e-02 7.522049825638532639e-03 1.746573299169540405e-02 1.185484509915113449e-02 1.746479608118534088e-02 2.603782340884208679e-02 2.143827453255653381e-02 4.787493497133255005e-02 8.149387314915657043e-03 3.881736472249031067e-02 3.416990488767623901e-02 3.228877857327461243e-02 2.908739075064659119e-02 1.371333561837673187e-02 2.593293786048889160e-02
5.580642819404602051e-02 4.411378875374794006e-02 3.254653140902519226e-02 4.520427286624908447e-01 1.781779676675796509e-01 6.641046702861785889e-02 6.089830771088600159e-02 5.305862214299850166e-05 1.820845529437065125e-02 1.331398147158324718e-03 2.661072649061679840e-02 5.082082934677600861e-03 1.110893115401268005e-02 1.465506665408611298e-02 7.631607353687286377e-03 2.244059555232524872e-02 4.998253658413887024e-02 2.617130614817142487e-02 4.317316412925720215e-02 4.185118898749351501e-02 4.223686456680297852e-02 4.056234285235404968e-02 4.389441013336181641e-02 2.006128430366516113e-02 4.038711637258529663e-02 1.751138456165790558e-02 2.106451056897640228e-02 1.205066125839948654e-02 2.543868869543075562e-02 1.527954172343015671e-02 4.966178908944129944e-02 3.303479030728340149e-02 2.689307741820812225e-02 1.655742153525352478e-02 1.583794946782290936e-03 2.549998834729194641e-02 5.934162996709346771e-03 2.791515924036502838e-02 4.226895398460328579e-04 3.486203029751777649e-02 4.055198282003402710e-02 3.660026937723159790e-02 2.510716579854488373e-02 3.433205652981996536e-03 2.175967954099178314e-02 1.206785161048173904e-02 5.908584222197532654e-02 5.723834410309791565e-02 3.733344748616218567e-02 3.602520748972892761e-02 3.910611569881439209e-02 2.570081315934658051e-02 9.419744834303855896e-03 4.758219700306653976e-03 7.071143016219139099e-03 6.873366422951221466e-03 9.447642369195818901e-04 3.192526847124099731e-02 3.292337432503700256e-02 1.892201788723468781e-02 9.929205290973186493e-03 2.780175954103469849e-02 1.893066242337226868e-02 3.666074573993682861e-02 3.503577038645744324e-02 3.981626406311988831e-02 1.345135178416967392e-02 9.918508119881153107e-03 4.145013634115457535e-03 3.995522484183311462e-02 3.113168291747570038e-03 2.539158239960670471e-02 1.022935286164283752e-02 1.774941943585872650e-02 8.714434690773487091e-03 3.567957133054733276e-02 6.407026201486587524e-02 1.639775373041629791e-02 3.461723774671554565e-02 4.941017180681228638e-02 3.611540189012885094e-03 2.674827538430690765e-02 4.192665219306945801e-02 1.499774958938360214e-02 4.281303845345973969e-03 3.477382659912109375e-02 1.516206748783588409e-02 1.498152315616607666e-02 5.183271691203117371e-02 1.202839426696300507e-02 4.570933058857917786e-02 1.314983423799276352e-02 1.299334689974784851e-02 2.712021954357624054e-02 4.001197963953018188e-02 8.372055366635322571e-03 3.003609552979469299e-02 3.371502831578254700e-02 2.182771079242229462e-02 1.225125323981046677e-02 1.950562349520623684e-03 4.497553408145904541e-02 2.274086698889732361e-02 1.128415297716856003e-02 2.627855911850929260e-02 1.505420263856649399e-02 7.702033501118421555e-03 1.850143820047378540e-02 3.499715775251388550e-02 1.661876216530799866e-02 3.313739970326423645e-02 4.011663794517517090e-02 3.776970133185386658e-02 2.730919048190116882e-02 1.559904031455516815e-02 1.286967936903238297e-02
1.938423141837120056e-02 2.627699077129364014e-02 3.290587663650512695e-02 1.781779676675796509e-01 4.663099348545074463e-01 3.824279457330703735e-02 2.802363596856594086e-02 1.200564391911029816e-02 2.086827717721462250e-02 4.482848197221755981e-02 4.937889054417610168e-03 3.089621663093566895e-02 1.533409487456083298e-02 4.647948220372200012e-02 1.179832848720252514e-03 5.762733519077301025e-02 5.911666434258222580e-03 1.850027777254581451e-02 8.016487583518028259e-03 1.153916213661432266e-02 2.030291780829429626e-02 5.479886662214994431e-03 4.463793337345123291e-02 5.509393662214279175e-02 1.572245359420776367e-02 1.843666285276412964e-02 3.335094079375267029e-02 4.421421512961387634e-02 2.919094078242778778e-02 2.428369037806987762e-02 3.910528868436813354e-02 2.937524579465389252e-02 7.497259415686130524e-03 9.548111818730831146e-03 4.883090499788522720e-03 3.674888610839843750e-02 3.185546770691871643e-02 1.794036291539669037e-02 1.171752437949180603e-01 1.460616588592529297e-01 4.255602136254310608e-03 4.117968305945396423e-02 9.876668918877840042e-04 2.447514608502388000e-02 4.784996062517166138e-02 4.153513163328170776e-02 1.304115261882543564e-02 1.335194800049066544e-03 8.203325793147087097e-03 2.225364744663238525e-02 2.452855557203292847e-02 1.071480847895145416e-02 4.894603788852691650e-02 3.793108090758323669e-02 1.152622234076261520e-02 8.198908530175685883e-03 2.536430209875106812e-02 1.410326082259416580e-02 3.593909740447998047e-02 5.167957767844200134e-02 1.491035521030426025e-02 9.539483115077018738e-03 2.655093185603618622e-02 1.440455019474029541e-02 3.187785297632217407e-02 1.902255602180957794e-02 1.380604039877653122e-02 2.249084226787090302e-02 5.119713488966226578e-03 3.316167742013931274e-02 4.747122153639793396e-02 2.283342927694320679e-02 8.350493758916854858e-02 1.053738500922918320e-02 9.383140504360198975e-02 2.813514135777950287e-02 3.814442455768585205e-02 7.115386892110109329e-03 1.989597640931606293e-02 5.021246150135993958e-03 2.490177750587463379e-02 1.435795053839683533e-02 9.348563849925994873e-02 6.014481559395790100e-02 1.427426468580961227e-03 4.402971267700195312e-02 1.652692444622516632e-02 1.695903949439525604e-02 4.767546057701110840e-02 2.464211732149124146e-02 1.668979413807392120e-02 6.968509987927973270e-04 4.214719682931900024e-02 4.940659552812576294e-02 2.821014262735843658e-02 4.411008581519126892e-02 1.630759984254837036e-02 2.464514411985874176e-02 2.213652012869715691e-03 3.756256774067878723e-02 4.481190443038940430e-02 4.182633943855762482e-03 1.557511929422616959e-02 8.257287554442882538e-03 2.369797090068459511e-03 3.241445496678352356e-02 2.190645039081573486e-02 3.049319982528686523e-02 4.231628775596618652e-02 3.016282431781291962e-02 3.849821537733078003e-02 2.222983725368976593e-02 1.897615008056163788e-02 1.637568324804306030e-02 1.138766016811132431e-02 2.555103600025177002e-02
1.621659100055694580e-01 1.361518651247024536e-01 1.001120265573263168e-02 6.641046702861785889e-02 3.824279457330703735e-02 5.024884939193725586e-01 1.767554581165313721e-01 7.437232881784439087e-03 3.975328430533409119e-02 4.248155653476715088e-02 9.501971304416656494e-02 1.256589498370885849e-02 9.492975473403930664e-02 2.919639833271503448e-02 4.203603789210319519e-02 5.429923161864280701e-02 4.871576651930809021e-02 3.604081273078918457e-02 1.206720340996980667e-02 3.457543626427650452e-02 2.910857275128364563e-02 3.773332759737968445e-02 4.433001577854156494e-02 2.221130579710006714e-02 3.058188781142234802e-02 4.178127273917198181e-02 6.435072049498558044e-03 2.009764686226844788e-02 6.516887806355953217e-03 1.715253107249736786e-02 2.017917297780513763e-02 3.464229870587587357e-03 1.502819918096065521e-02 1.780676469206809998e-02 4.280460625886917114e-02 1.307795848697423935e-02 3.005399927496910095e-02 1.720361225306987762e-02 1.581668294966220856e-02 1.518961507827043533e-02 1.680107042193412781e-02 2.052239142358303070e-03 5.939707159996032715e-03 1.031408086419105530e-02 1.290967129170894623e-02 1.087506115436553955e-02 1.427282840013504028e-01 1.007517650723457336e-01 1.275637070648372173e-03 1.678102090954780579e-02 1.484844833612442017e-02 1.429268531501293182e-02 2.233738265931606293e-02 3.007369302213191986e-02 1.912094419822096825e-03 2.636415883898735046e-02 3.271410241723060608e-02 4.547479376196861267e-02 8.253451436758041382e-03 1.980266906321048737e-02 6.741522345691919327e-03 5.608362331986427307e-02 4.659908264875411987e-02 2.080175466835498810e-02 5.001221783459186554e-03 1.264436077326536179e-02 4.912674427032470703e-02 2.485684305429458618e-02 4.749857261776924133e-02 3.594924509525299072e-02 5.842605605721473694e-03 2.979247458279132843e-02 3.306107223033905029e-02 1.571593619883060455e-02 4.186532646417617798e-02 4.176711663603782654e-02 5.511816125363111496e-03 1.980606094002723694e-02 1.455878186970949173e-02 2.148462645709514618e-02 3.315258771181106567e-02 2.090539969503879547e-02 4.148705303668975830e-02 1.288714166730642319e-02 3.884011134505271912e-02 1.345089171081781387e-02 2.816455438733100891e-02 2.170442976057529449e-02 4.724562168121337891e-03 1.900992728769779205e-02 5.677034333348274231e-02 4.194838926196098328e-02 2.627008594572544098e-02 2.380448393523693085e-02 2.045523608103394508e-03 2.549923025071620941e-02 3.187789022922515869e-02 2.035490423440933228e-02 4.405996575951576233e-02 1.060406770557165146e-02 1.321851555258035660e-02 2.183749713003635406e-02 1.482935622334480286e-02 1.011486444622278214e-02 1.837498322129249573e-02 3.275854140520095825e-02 6.531387567520141602e-03 5.567543208599090576e-02 3.729197010397911072e-02 2.673093415796756744e-02 2.044175751507282257e-02 1.220606267452239990e-02 1.043657492846250534e-02 1.052759308367967606e-02 3.773819282650947571e-02 4.417271353304386139e-03
1.374309360980987549e-01 1.344510018825531006e-01 2.746368385851383209e-02 6.089830771088600159e-02 2.802363596856594086e-02 1.767554581165313721e-01 5.134119987487792969e-01 3.157054632902145386e-02 1.949803531169891357e-02 4.097177088260650635e-02 1.045704856514930725e-01 9.240022860467433929e-03 1.101239025592803955e-01 4.053026437759399414e-02 2.028555795550346375e-02 1.872200332581996918e-02 2.284833602607250214e-02 3.067570365965366364e-02 3.131300909444689751e-03 2.617891691625118256e-02 4.660294204950332642e-02 5.122332274913787842e-02 4.767142236232757568e-02 3.403800725936889648e-02 1.475854963064193726e-02 4.306372627615928650e-02 1.885614916682243347e-02 9.781009517610073090e-03 1.337117236107587814e-02 4.151708632707595825e-02 1.076067704707384109e-02 2.680232375860214233e-02 7.399672176688909531e-03 3.663593903183937073e-02 3.116123005747795105e-02 1.492795161902904510e-02 3.086337819695472717e-02 1.553854439407587051e-02 1.661497051827609539e-03 7.161632180213928223e-03 1.155940070748329163e-02 1.091563957743346691e-03 6.372642703354358673e-03 2.812614850699901581e-02 2.129566855728626251e-02 9.873396717011928558e-03 1.416594535112380981e-01 1.219345927238464355e-01 2.920340187847614288e-02 2.740534953773021698e-02 3.680524602532386780e-02 9.930208325386047363e-03 2.373963966965675354e-02 3.481534868478775024e-02 3.326919674873352051e-02 1.957282796502113342e-02 2.513938397169113159e-02 3.208223730325698853e-02 1.042429078370332718e-02 3.504398092627525330e-02 2.039111778140068054e-02 2.978903055191040039e-02 3.357618674635887146e-02 4.427466914057731628e-02 2.280582673847675323e-02 2.356453426182270050e-02 2.804303355515003204e-02 4.929110407829284668e-02 9.148563258349895477e-03 3.776671737432479858e-02 8.439792320132255554e-03 4.370786994695663452e-02 3.256847709417343140e-02 3.057850059121847153e-03 3.432838618755340576e-02 2.630075067281723022e-02 2.061435766518115997e-02 3.313336987048387527e-03 2.569470182061195374e-02 7.351830136030912399e-03 3.312229365110397339e-02 1.276482548564672470e-02 4.394320026040077209e-02 1.401258911937475204e-02 1.870395801961421967e-02 1.686638221144676208e-02 2.440185844898223877e-02 2.632024139165878296e-02 1.854593865573406219e-02 3.737585991621017456e-02 7.863479107618331909e-02 3.287181630730628967e-02 6.158653274178504944e-02 2.095498330891132355e-02 2.053011581301689148e-02 1.088581606745719910e-02 3.582623973488807678e-02 6.329200230538845062e-03 3.810473158955574036e-02 1.606722734868526459e-02 2.529830113053321838e-02 8.407758432440459728e-04 1.744133606553077698e-02 4.805981181561946869e-03 1.794107444584369659e-02 3.532498329877853394e-02 8.302640169858932495e-03 2.279198169708251953e-02 2.089032903313636780e-02 2.291190670803189278e-03 7.277679629623889923e-03 2.369653992354869843e-02 2.506577409803867340e-02 2.620294690132141113e-03 3.893594071269035339e-02 2.203430607914924622e-02
1.844780519604682922e-02 3.465607762336730957e-02 1.418754607439041138e-01 5.305862214299850166e-05 1.200564391911029816e-02 7.437232881784439087e-03 3.157054632902145386e-02 4.929281473159790039e-01 1.521594263613224030e-02 3.211716189980506897e-02 7.363648153841495514e-03 3.304367139935493469e-02 1.192763634026050568e-02 3.931462415494024754e-04 7.291935384273529053e-02 9.889348875731229782e-04 2.586529217660427094e-02 5.176254082471132278e-03 1.037441566586494446e-02 3.352011367678642273e-02 4.420625045895576477e-02 2.651858888566493988e-02 2.203987725079059601e-02 4.392687976360321045e-02 1.372814923524856567e-02 4.014822840690612793e-02 4.848331212997436523e-02 3.873831126838922501e-03 2.470420300960540771e-02 3.196009621024131775e-02 4.158679023385047913e-02 3.048936836421489716e-02 2.637319825589656830e-02 2.397754788398742676e-02 3.115239366888999939e-02 2.222453616559505463e-02 2.635716274380683899e-02 5.646136030554771423e-02 9.292808361351490021e-03 2.113577350974082947e-02 2.711333148181438446e-02 9.515980258584022522e-03 4.767467454075813293e-02 7.840295881032943726e-02 4.983862163498997688e-04 4.000619053840637207e-02 5.869697779417037964e-04 4.570212960243225098e-02 2.884276024997234344e-02 1.399843208491802216e-02 6.975568085908889771e-02 5.484349653124809265e-02 2.142511308193206787e-02 2.562880702316761017e-02 1.700169034302234650e-02 2.532751299440860748e-02 2.638071402907371521e-02 3.555789217352867126e-02 1.391961472108960152e-03 2.047295123338699341e-02 3.586788661777973175e-03 3.217225149273872375e-02 3.796941414475440979e-02 5.917323287576436996e-03 2.190539054572582245e-02 3.423648700118064880e-02 2.224039286375045776e-02 4.519634321331977844e-02 4.331352934241294861e-02 3.649755194783210754e-02 3.366827592253684998e-02 8.354548364877700806e-03 1.770135387778282166e-02 9.073168970644474030e-03 4.372525960206985474e-02 6.593897473067045212e-03 4.323855042457580566e-02 2.026795037090778351e-02 1.286014332436025143e-03 4.495398700237274170e-02 1.323965191841125488e-01 1.427707821130752563e-01 4.705695807933807373e-02 2.822230011224746704e-02 2.811119705438613892e-02 3.153273090720176697e-02 6.091382354497909546e-02 5.696367472410202026e-02 2.480102516710758209e-02 2.169442735612392426e-02 1.273690373636782169e-03 1.153703406453132629e-02 3.445103764533996582e-02 2.047593006864190102e-03 2.538605220615863800e-02 4.743654280900955200e-02 2.003925479948520660e-02 2.634858712553977966e-02 9.723813273012638092e-03 7.491285912692546844e-03 9.854203090071678162e-03 1.042197365313768387e-02 2.993694972246885300e-03 2.917916886508464813e-02 1.619567349553108215e-02 1.809125952422618866e-02 2.058888785541057587e-02 1.896190270781517029e-02 1.149383746087551117e-02 3.799676150083541870e-02 3.453850746154785156e-02 5.446224287152290344e-02 1.752399280667304993e-02 4.491318762302398682e-02 4.405228421092033386e-02 2.991910651326179504e-02
3.918782621622085571e-02 1.819174364209175110e-02 4.498955328017473221e-03 1.820845529437065125e-02 2.086827717721462250e-02 3.975328430533409119e-02 1.949803531169891357e-02 1.521594263613224030e-02 4.628502130508422852e-01 2.344083413481712341e-02 3.407028317451477051e-02 9.561095386743545532e-03 3.565410897135734558e-02 4.683330655097961426e-02 2.323688194155693054e-02 6.816959381103515625e-02 3.653151541948318481e-02 3.719889745116233826e-02 2.181565202772617340e-02 4.546893015503883362e-02 6.381597835570573807e-03 4.349608439952135086e-03 2.797931618988513947e-02 2.651871554553508759e-02 2.954349853098392487e-02 2.883861772716045380e-02 2.347448654472827911e-02 2.114747650921344757e-02 4.062283784151077271e-02 3.655213862657546997e-02 2.238104678690433502e-02 3.901403397321701050e-02 1.787061616778373718e-02 2.834197133779525757e-02 1.832292787730693817e-02 5.434942431747913361e-03 3.209123760461807251e-02 9.835542179644107819e-03 5.673125013709068298e-02 1.913948915898799896e-02 2.402002923190593719e-02 3.908656537532806396e-02 3.074376471340656281e-02 8.351484313607215881e-03 5.176100134849548340e-02 8.306599222123622894e-03 1.110751461237668991e-02 7.480354979634284973e-03 5.204222351312637329e-02 4.826080799102783203e-02 9.540381841361522675e-03 1.446433924138545990e-02 4.253346845507621765e-02 3.751670196652412415e-02 2.494661882519721985e-02 1.929708197712898254e-02 9.108237922191619873e-03 3.594778478145599365e-02 3.969440609216690063e-02 2.869380079209804535e-02 1.948760449886322021e-02 8.246134966611862183e-03 5.518979392945766449e-03 4.262253642082214355e-02 2.564533054828643799e-02 7.481830194592475891e-03 2.144984714686870575e-02 8.098777383565902710e-03 7.693086564540863037e-02 4.299455136060714722e-02 2.278217859566211700e-02 3.227749094367027283e-02 1.192066725343465805e-02 2.585169859230518341e-02 5.359341576695442200e-02 1.533406227827072144e-02 1.840241253376007080e-01 3.355881571769714355e-02 4.932712763547897339e-02 1.259303651750087738e-02 1.862574182450771332e-02 2.902480401098728180e-02 9.373918920755386353e-02 7.856409996747970581e-02 2.232011966407299042e-02 4.989127442240715027e-02 1.606995798647403717e-02 1.529706269502639771e-02 8.279737830162048340e-02 6.174647132866084576e-04 2.829001098871231079e-02 5.299082398414611816e-02 2.972062677145004272e-02 1.923440583050251007e-02 2.108602784574031830e-02 3.456468507647514343e-02 1.767572760581970215e-02 1.598686911165714264e-02 6.462426483631134033e-02 1.435854006558656693e-02 2.525468356907367706e-03 2.826859429478645325e-02 4.557071998715400696e-02 2.996907196938991547e-02 3.290025889873504639e-02 3.816017508506774902e-02 4.716478660702705383e-02 8.869060315191745758e-03 4.220680333673954010e-03 7.967571169137954712e-02 4.334470629692077637e-02 4.365037754178047180e-02 4.122221376746892929e-03 3.927949815988540649e-02 1.093874964863061905e-02 2.654500305652618408e-02
4.347233474254608154e-02 2.885849960148334503e-02 4.676029831171035767e-02 1.331398147158324718e-03 4.482848197221755981e-02 4.248155653476715088e-02 4.097177088260650635e-02 3.211716189980506897e-02 2.344083413481712341e-02 4.687151014804840088e-01 2.198856510221958160e-02 1.044867094606161118e-02 2.233646437525749207e-02 5.773979797959327698e-02 8.048008196055889130e-03 1.617253758013248444e-02 6.774635612964630127e-02 6.406628061085939407e-03 8.196447789669036865e-02 1.782472617924213409e-02 6.827397271990776062e-03 6.850570440292358398e-02 1.497310865670442581e-02 5.454791337251663208e-02 8.619737811386585236e-03 5.483609065413475037e-02 2.121637761592864990e-02 9.981161914765834808e-03 2.536014653742313385e-02 8.052593097090721130e-03 4.515677690505981445e-03 2.387444116175174713e-02 2.091579884290695190e-02 1.035208627581596375e-02 1.482294779270887375e-02 2.697028592228889465e-02 2.455016598105430603e-02 5.475493613630533218e-03 1.474577654153108597e-02 2.311035059392452240e-02 2.638897299766540527e-02 1.782124489545822144e-02 1.920975930988788605e-02 2.930698730051517487e-02 1.236802246421575546e-02 4.518904536962509155e-02 6.361494772136211395e-03 4.651698842644691467e-02 7.577921263873577118e-03 8.436181396245956421e-02 3.711850568652153015e-02 5.838706716895103455e-02 4.987238720059394836e-02 4.948498681187629700e-02 6.653552502393722534e-02 8.208408951759338379e-02 3.100599534809589386e-02 2.863072231411933899e-02 2.322163805365562439e-02 2.357747405767440796e-02 1.576350629329681396e-02 3.237088397145271301e-02 3.063763678073883057e-02 4.188737273216247559e-02 3.627351671457290649e-02 3.965070471167564392e-02 3.258679062128067017e-02 5.384730175137519836e-03 4.285794217139482498e-03 2.025276795029640198e-02 3.694809228181838989e-02 2.850331738591194153e-02 3.911264240741729736e-02 3.314543142914772034e-02 1.408076193183660507e-02 1.623000600375235081e-03 1.842887885868549347e-02 1.793641299009323120e-01 2.204731851816177368e-02 9.709922969341278076e-02 3.430419787764549255e-02 1.450833980925381184e-03 4.860016331076622009e-02 4.079357162117958069e-02 5.671334639191627502e-02 4.380906373262405396e-02 4.308166913688182831e-03 3.170127794146537781e-02 6.434161216020584106e-02 1.588654518127441406e-02 2.765247039496898651e-02 9.829397313296794891e-03 1.684916205704212189e-02 8.776954375207424164e-03 4.139981791377067566e-02 1.923339813947677612e-02 2.027106098830699921e-02 1.025765319354832172e-03 5.133807426318526268e-04 5.154699459671974182e-02 3.994727134704589844e-02 1.572563871741294861e-02 3.719301521778106689e-02 1.199188176542520523e-02 1.878447830677032471e-02 3.481151536107063293e-02 2.448613755404949188e-02 2.948377467691898346e-02 2.368131093680858612e-02 7.237942190840840340e-04 2.631583996117115021e-02 5.420320201665163040e-03 3.362892568111419678e-02 1.727495342493057251e-02 1.707653142511844635e-02 3.360055387020111084e-03
1.384740322828292847e-01 1.417956501245498657e-01 1.359164435416460037e-02 2.661072649061679840e-02 4.937889054417610168e-03 9.501971304416656494e-02 1.045704856514930725e-01 7.363648153841495514e-03 3.407028317451477051e-02 2.198856510221958160e-02 5.177158713340759277e-01 5.315110459923744202e-02 1.486426144838333130e-01 3.269692882895469666e-02 1.661157980561256409e-02 2.590676583349704742e-02 1.986364461481571198e-02 6.139270029962062836e-03 1.092822570353746414e-02 4.415148124098777771e-02 3.276408091187477112e-02 1.474390644580125809e-02 1.701509580016136169e-02 3.270133957266807556e-02 2.993272803723812103e-02 1.529331132769584656e-02 6.374017335474491119e-03 3.205707296729087830e-02 9.674298763275146484e-02 1.258901599794626236e-02 8.195303380489349365e-02 1.542482525110244751e-02 3.172722458839416504e-02 3.749830648303031921e-02 1.441683620214462280e-02 3.008848754689097404e-03 1.367341727018356323e-02 3.452337905764579773e-02 6.511969491839408875e-03 1.563369110226631165e-02 4.047418013215065002e-02 2.917811833322048187e-02 2.377982623875141144e-02 6.894668098539113998e-03 3.767937421798706055e-02 1.454632845707237720e-03 1.239777207374572754e-01 9.177757799625396729e-02 2.106700465083122253e-02 4.092743247747421265e-02 4.523131251335144043e-02 4.319931846112012863e-03 3.765631094574928284e-02 2.349287085235118866e-02 2.057339623570442200e-02 3.302422910928726196e-02 1.245664898306131363e-03 2.444375492632389069e-02 4.651038721203804016e-02 4.067720472812652588e-02 2.584850415587425232e-02 2.774073369801044464e-02 2.874105609953403473e-02 5.954985041171312332e-03 8.442708849906921387e-02 3.714389353990554810e-02 4.559479653835296631e-02 4.453578591346740723e-02 2.404374442994594574e-02 1.243665930815041065e-03 2.597278542816638947e-02 3.914048522710800171e-02 2.641832269728183746e-02 8.480559103190898895e-03 1.608902239240705967e-04 2.338417433202266693e-02 1.625726185739040375e-02 3.766428213566541672e-03 5.333926528692245483e-03 3.259778255596756935e-03 1.582535915076732635e-02 9.470900520682334900e-03 2.221058122813701630e-03 2.760700136423110962e-02 2.760013379156589508e-02 1.379276439547538757e-02 2.412316389381885529e-03 4.741485044360160828e-02 2.889711968600749969e-02 2.107733674347400665e-02 1.101282760500907898e-01 4.170432314276695251e-02 6.732276827096939087e-02 1.751951873302459717e-02 9.160252287983894348e-03 1.738790422677993774e-02 5.072052031755447388e-02 1.432297751307487488e-02 2.361675538122653961e-02 1.050862250849604607e-03 3.029228933155536652e-02 2.457596734166145325e-02 4.251354187726974487e-02 4.330806806683540344e-02 2.315611764788627625e-02 3.425400331616401672e-02 2.387326024472713470e-02 2.010299637913703918e-02 1.473354082554578781e-02 7.534658536314964294e-03 4.119523987174034119e-02 2.583121694624423981e-02 1.907441182993352413e-03 1.791567727923393250e-02 4.281346686184406281e-03 2.638363838195800781e-02
5.176012963056564331e-02 3.237529471516609192e-02 3.671966493129730225e-02 5.082082934677600861e-03 3.089621663093566895e-02 1.256589498370885849e-02 9.240022860467433929e-03 3.304367139935493469e-02 9.561095386743545532e-03 1.044867094606161118e-02 5.315110459923744202e-02 4.614666700363159180e-01 3.962013125419616699e-02 2.155571430921554565e-01 1.278856862336397171e-02 2.028012275695800781e-02 4.261377453804016113e-02 5.151595175266265869e-02 4.805572330951690674e-02 4.931895062327384949e-02 2.334196120500564575e-02 1.541114132851362228e-02 3.361386060714721680e-02 1.469587627798318863e-02 5.403902009129524231e-02 1.896409690380096436e-02 2.259016595780849457e-02 5.639630183577537537e-02 1.782639138400554657e-02 9.020809829235076904e-02 1.846783608198165894e-02 2.985595352947711945e-02 3.503678599372506142e-03 3.501687943935394287e-02 4.265281930565834045e-02 2.949222456663846970e-03 2.312310971319675446e-02 2.283368818461894989e-02 1.006021350622177124e-02 4.481795243918895721e-03 5.321630463004112244e-02 4.666640423238277435e-03 3.283218666911125183e-02 3.534678369760513306e-02 4.049104452133178711e-02 4.944165237247943878e-03 3.915757872164249420e-03 1.632167771458625793e-02 3.488362953066825867e-02 4.244824126362800598e-02 2.100924402475357056e-02 3.019400686025619507e-02 9.261469356715679169e-03 2.379281818866729736e-02 2.546269446611404419e-02 4.421464353799819946e-02 2.138901874423027039e-02 5.295566096901893616e-02 1.199154066853225231e-04 6.430552341043949127e-03 4.415990039706230164e-02 1.039963681250810623e-03 4.052322357892990112e-02 3.311347961425781250e-02 9.369588457047939301e-03 4.464639723300933838e-02 4.318944364786148071e-02 4.280154779553413391e-02 3.952449187636375427e-02 5.206560716032981873e-03 1.479297876358032227e-02 1.131496112793684006e-02 1.773580163717269897e-02 1.488875318318605423e-02 1.011914666742086411e-02 5.394883453845977783e-03 2.535604499280452728e-02 1.479422301054000854e-02 1.017914898693561554e-02 1.515382062643766403e-02 1.405715662986040115e-02 3.473988035693764687e-03 3.801788762211799622e-02 9.824174456298351288e-03 6.016037426888942719e-03 8.296960033476352692e-03 2.733949804678559303e-03 4.978527128696441650e-02 1.501175854355096817e-02 1.902787759900093079e-02 1.531148795038461685e-02 2.873115614056587219e-02 1.380241475999355316e-02 8.325812406837940216e-03 2.518207952380180359e-02 2.008567191660404205e-02 1.342255994677543640e-02 2.869850769639015198e-02 1.233395840972661972e-02 2.961125597357749939e-02 3.892200067639350891e-02 4.044577106833457947e-02 1.456045266240835190e-02 4.205994680523872375e-02 1.083525083959102631e-02 2.371403388679027557e-03 3.323446586728096008e-02 1.562877930700778961e-02 4.432335123419761658e-02 1.084254961460828781e-02 2.386183477938175201e-02 2.583271265029907227e-02 5.520323291420936584e-02 3.179714828729629517e-02 1.453301217406988144e-02 2.992196753621101379e-02
1.205929294228553772e-01 1.355242878198623657e-01 3.060283139348030090e-03 1.110893115401268005e-02 1.533409487456083298e-02 9.492975473403930664e-02 1.101239025592803955e-01 1.192763634026050568e-02 3.565410897135734558e-02 2.233646437525749207e-02 1.486426144838333130e-01 3.962013125419616699e-02 5.167677402496337891e-01 1.892938651144504547e-02 4.460513591766357422e-02 1.737888902425765991e-02 1.786311343312263489e-02 4.108641296625137329e-02 1.835370995104312897e-02 4.607234150171279907e-03 5.070835351943969727e-03 5.285063292831182480e-03 1.147609017789363861e-02 3.215935826301574707e-02 4.749273881316184998e-03 4.173835366964340210e-02 1.277115009725093842e-02 2.835204266011714935e-02 8.472583442926406860e-02 1.672468334436416626e-02 8.115038275718688965e-02 4.837725311517715454e-02 3.038451448082923889e-02 2.892978675663471222e-02 4.523162788245826960e-04 1.981336064636707306e-02 2.458736114203929901e-02 3.394766524434089661e-02 2.331456169486045837e-02 1.693741977214813232e-02 3.259270638227462769e-02 1.312979590147733688e-02 8.938191458582878113e-03 3.243783488869667053e-02 1.205008476972579956e-02 2.380754984915256500e-02 1.122441366314888000e-01 9.058648347854614258e-02 3.564697457477450371e-03 4.745983704924583435e-02 4.305313900113105774e-02 3.148802090436220169e-03 2.609845623373985291e-02 1.854398287832736969e-02 3.391651809215545654e-02 3.322121500968933105e-02 2.391091361641883850e-02 4.109052941203117371e-02 2.308764494955539703e-02 3.385902568697929382e-02 3.763056010939180851e-04 2.584413811564445496e-02 1.816995255649089813e-02 1.028126571327447891e-02 7.216657698154449463e-02 5.541194602847099304e-02 1.452061254531145096e-02 1.071304269134998322e-02 1.722729392349720001e-02 7.470496930181980133e-03 3.804905340075492859e-02 2.978119812905788422e-02 1.529298257082700729e-02 6.061944179236888885e-03 7.160517387092113495e-03 7.734782993793487549e-03 3.222920373082160950e-02 1.935888454318046570e-02 1.029921346344053745e-03 2.176471427083015442e-02 4.712134972214698792e-02 7.766953669488430023e-03 1.700819237157702446e-03 3.142778947949409485e-02 3.894518013112246990e-04 3.024012967944145203e-02 3.948932141065597534e-02 4.310569539666175842e-02 5.203086137771606445e-02 4.428038001060485840e-02 1.051260754466056824e-01 1.829193346202373505e-02 6.487302482128143311e-02 1.322821434587240219e-02 1.009551901370286942e-02 3.242746368050575256e-02 4.913772270083427429e-02 8.080945350229740143e-03 5.999237764626741409e-03 1.071297936141490936e-02 1.922375336289405823e-02 1.759288087487220764e-02 4.194741323590278625e-02 3.575881198048591614e-02 2.268651314079761505e-02 2.443845756351947784e-02 2.795879729092121124e-02 3.129041939973831177e-02 8.221871219575405121e-03 1.183652691543102264e-02 2.726746909320354462e-02 1.436634361743927002e-02 1.260534673929214478e-02 1.550552155822515488e-02 2.339111454784870148e-02 1.767399907112121582e-02
