5.393536686897277832e-01 1.227001696825027466e-01 3.520502150058746338e-02 2.365965396165847778e-02 2.264494076371192932e-02 1.502691656351089478e-01 1.090737059712409973e-01 1.633068546652793884e-02 1.468961942009627819e-03 1.753147318959236145e-02 9.665188193321228027e-02 4.579394683241844177e-02 6.911526620388031006e-02 2.655662968754768372e-02 2.178735099732875824e-02 1.580691523849964142e-02 8.819314651191234589e-03 1.786814071238040924e-02 3.649258241057395935e-02 6.191504653543233871e-03 7.829044014215469360e-03 4.212726652622222900e-02 4.220490530133247375e-02 3.402165696024894714e-02 1.714917086064815521e-02 2.812105603516101837e-02 2.503492636606097221e-03 6.379961967468261719e-02 8.585210889577865601e-03 5.236158892512321472e-02 3.807490319013595581e-02 2.617890946567058563e-02 2.356068417429924011e-02 3.202686086297035217e-02 2.939780242741107941e-02 1.555447280406951904e-02 1.922451891005039215e-03 1.008828729391098022e-02 3.159658983349800110e-02 4.252665489912033081e-02 1.138319727033376694e-02 9.724945412017405033e-04 1.257648039609193802e-02 1.172305922955274582e-02 4.833028838038444519e-02 2.398840337991714478e-02 6.648493558168411255e-02 1.653496548533439636e-02 1.916718296706676483e-02 3.066314384341239929e-02 5.782951600849628448e-03 8.449327200651168823e-03 8.681095787324011326e-04 1.758010243065655231e-03 2.396727353334426880e-02 4.880887269973754883e-02 6.188824307173490524e-03 2.270574122667312622e-02 5.660538561642169952e-03 2.456342335790395737e-03 2.293235063552856445e-02 3.952409327030181885e-02 8.874502964317798615e-03 4.393685609102249146e-02 1.385346334427595139e-02 7.509770803153514862e-03 2.477062121033668518e-02 2.733393944799900055e-02 3.914527967572212219e-02 1.626543141901493073e-02 1.700997352600097656e-02 3.402424231171607971e-02 1.954070106148719788e-02 3.620745614171028137e-02 3.617158858105540276e-03 4.000264778733253479e-02 4.074328392744064331e-02 2.029854338616132736e-03 6.617951672524213791e-03 1.769847609102725983e-02 7.798914797604084015e-03 5.718520376831293106e-03 3.169159963726997375e-02 4.141828045248985291e-02 6.659922190010547638e-03 6.719107739627361298e-03 2.028064988553524017e-02 1.461458485573530197e-02 3.605521470308303833e-02 1.363577973097562790e-02 5.824876204133033752e-02 3.644201438874006271e-03 6.650667171925306320e-03 6.520276889204978943e-03 1.352600753307342529e-02 2.081975340843200684e-02 1.811280101537704468e-02 1.539702620357275009e-02 8.249820210039615631e-03 3.326899604871869087e-03 1.633417792618274689e-03 1.029146369546651840e-02 5.854968447238206863e-03 5.853387527167797089e-03 1.525986846536397934e-02 6.950817536562681198e-03 4.734129644930362701e-03 1.619634591042995453e-02 1.413076464086771011e-02 3.643336147069931030e-02 6.887932308018207550e-03 3.633751766756176949e-03 1.293129660189151764e-02 3.160889074206352234e-02 2.250741235911846161e-02 1.349715609103441238e-02
1.227001696825027466e-01 5.423491001129150391e-01 2.398188784718513489e-02 1.603008434176445007e-02 1.262771617621183395e-02 8.873427659273147583e-02 9.726142138242721558e-02 1.237748749554157257e-02 6.182492710649967194e-03 1.388515811413526535e-02 6.615801155567169189e-02 2.169609069824218750e-02 6.404055655002593994e-02 2.417224459350109100e-02 1.528471987694501877e-02 1.148416288197040558e-02 3.616262692958116531e-03 3.732781624421477318e-03 2.010872401297092438e-02 2.889159368351101875e-03 8.168482221662998199e-03 2.396905981004238129e-02 2.967006713151931763e-02 1.988648623228073120e-02 9.556828066706657410e-03 1.634733751416206360e-02 5.148977506905794144e-03 2.903999388217926025e-02 5.364787764847278595e-03 2.706554345786571503e-02 2.825007215142250061e-02 1.282272301614284515e-02 1.856555975973606110e-02 1.876640692353248596e-02 2.209620550274848938e-02 2.642251364886760712e-02 1.121605373919010162e-02 3.981824032962322235e-03 2.111241221427917480e-02 3.429150581359863281e-02 1.010072045028209686e-02 2.062091603875160217e-02 6.204113829880952835e-03 1.282730232924222946e-02 4.157416895031929016e-02 1.110339909791946411e-02 2.880705520510673523e-02 1.009171828627586365e-02 2.693533524870872498e-02 1.368115842342376709e-02 2.330351620912551880e-02 1.125282701104879379e-02 6.414139177650213242e-03 5.146801471710205078e-03 1.346614956855773926e-02 2.279439754784107208e-02 3.702448913827538490e-03 1.665897294878959656e-02 3.146861447021365166e-03 1.532677910290658474e-03 1.647555641829967499e-02 2.898586727678775787e-02 1.278148777782917023e-02 4.185695201158523560e-02 1.707702758722007275e-03 6.043348927050828934e-03 3.610045881941914558e-03 2.265243418514728546e-02 4.058599844574928284e-02 1.269244216382503510e-02 2.161509729921817780e-02 2.350348234176635742e-02 1.397293433547019958e-02 2.188229747116565704e-02 5.752407596446573734e-04 2.541990391910076141e-02 3.597369045019149780e-02 2.186617068946361542e-02 1.319797337055206299e-02 3.550769388675689697e-02 9.641871787607669830e-03 6.899584550410509109e-03 2.540376596152782440e-02 4.027246311306953430e-02 2.976447530090808868e-02 9.615668095648288727e-03 1.282917056232690811e-02 1.413534115999937057e-02 2.435772679746150970e-02 1.545235747471451759e-03 3.273934870958328247e-02 1.060942467302083969e-02 1.077315118163824081e-02 6.066873203963041306e-03 1.667549833655357361e-02 1.136569958180189133e-02 3.749036404769867659e-04 1.179531402885913849e-02 3.787156566977500916e-02 3.126752376556396484e-02 1.485923584550619125e-02 5.837637931108474731e-03 1.451069954782724380e-03 1.269213156774640083e-03 1.032252702862024307e-02 3.660175018012523651e-03 1.819610781967639923e-02 2.330002188682556152e-02 2.990678418427705765e-03 3.152344003319740295e-02 3.397248452529311180e-03 1.322773285210132599e-03 2.374394424259662628e-02 2.993489615619182587e-02 3.189506381750106812e-02 2.216767333447933197e-02
3.520502150058746338e-02 2.398188784718513489e-02 5.069585442543029785e-01 9.079232811927795410e-03 2.969342283904552460e-02 1.786651089787483215e-02 1.583567261695861816e-02 9.423737972974777222e-02 1.593171432614326477e-02 2.615724690258502960e-02 4.070997610688209534e-02 1.805721782147884369e-02 2.637547813355922699e-02 3.238003700971603394e-02 3.241109475493431091e-02 1.237190980464220047e-02 7.159405853599309921e-03 2.892868593335151672e-02 3.171145170927047729e-02 1.412066351622343063e-02 6.629156880080699921e-03 1.140337809920310974e-02 3.048674389719963074e-02 1.620746590197086334e-02 1.452201418578624725e-02 8.984767831861972809e-03 9.186059236526489258e-03 6.569105666130781174e-03 8.477820083498954773e-03 7.358913775533437729e-03 4.343827068805694580e-02 1.368351280689239502e-02 5.337081849575042725e-02 2.322210557758808136e-02 7.334597874432802200e-03 1.835567491070833057e-05 1.358203589916229248e-04 1.303204707801342010e-02 2.675947919487953186e-02 2.847912907600402832e-02 2.366364933550357819e-03 5.515694618225097656e-03 3.223231807351112366e-02 5.387176945805549622e-02 7.224939763545989990e-04 2.376888692378997803e-02 1.380707882344722748e-02 2.279230579733848572e-02 8.716369047760963440e-03 1.870805956423282623e-02 1.863507437519729137e-03 2.222899347543716431e-02 4.891790449619293213e-03 5.479954648762941360e-03 2.075997740030288696e-02 1.981750130653381348e-02 1.877178251743316650e-02 1.910529658198356628e-02 4.448974039405584335e-03 1.716089434921741486e-03 9.277648292481899261e-03 2.727720513939857483e-02 2.658629417419433594e-02 1.311668753623962402e-02 1.944894529879093170e-02 2.792232297360897064e-02 8.000278845429420471e-03 3.821636736392974854e-02 2.679869532585144043e-02 4.110406618565320969e-03 7.310195360332727432e-03 1.612164266407489777e-02 1.060686446726322174e-02 5.486654117703437805e-03 3.071638755500316620e-03 5.224647466093301773e-03 1.723759621381759644e-02 1.648675836622714996e-02 1.061030197888612747e-02 2.705876901745796204e-02 9.482929855585098267e-02 6.800687313079833984e-02 3.038880787789821625e-02 3.193474141880869865e-03 3.267813101410865784e-02 3.297848254442214966e-02 2.041357755661010742e-02 2.552879508584737778e-03 1.652824878692626953e-02 4.571502562612295151e-03 1.767000555992126465e-02 3.703796770423650742e-03 1.930441823787987232e-03 2.133247442543506622e-02 1.243121270090341568e-02 3.184889443218708038e-03 1.957014389336109161e-02 1.044314261525869370e-02 2.691497653722763062e-02 2.372191846370697021e-02 4.467148333787918091e-03 5.606924649327993393e-03 2.170487865805625916e-02 5.001029931008815765e-03 6.485788151621818542e-03 9.706233977340161800e-04 2.416596375405788422e-02 8.713726885616779327e-03 3.808916546404361725e-03 2.959311194717884064e-02 1.634184084832668304e-02 1.862066052854061127e-02 1.738386414945125580e-02 3.311213478446006775e-02 3.478223085403442383e-02 2.948400378227233887e-02
2.365965396165847778e-02 1.603008434176445007e-02 9.079232811927795410e-03 5.334388017654418945e-01 1.527445018291473389e-01 5.727150943130254745e-03 2.166048251092433929e-02 5.040470510721206665e-02 2.718488499522209167e-02 1.751109398901462555e-02 1.722362823784351349e-02 1.034067384898662567e-02 1.419476699084043503e-02 1.092829555273056030e-02 3.461448848247528076e-02 8.716444484889507294e-03 1.037114206701517105e-02 2.759934589266777039e-02 7.654616981744766235e-02 1.083517353981733322e-02 8.009378798305988312e-03 3.613378852605819702e-02 2.163607813417911530e-02 2.961311116814613342e-02 4.600739106535911560e-03 1.514628878794610500e-03 3.932245075702667236e-02 3.874814137816429138e-02 1.385183911770582199e-02 3.080188482999801636e-02 7.112008519470691681e-03 3.175315633416175842e-02 1.472037192434072495e-02 2.790544182062149048e-02 5.242363549768924713e-03 1.686602458357810974e-02 1.740061328746378422e-03 1.016217097640037537e-02 1.011884659528732300e-01 9.671613574028015137e-02 1.988234743475914001e-02 1.178440079092979431e-02 6.444392725825309753e-03 4.245693609118461609e-02 2.467272616922855377e-02 2.145795896649360657e-02 5.266176536679267883e-02 9.082405827939510345e-03 1.914569362998008728e-02 1.623823121190071106e-02 3.088059648871421814e-02 2.349374443292617798e-02 2.598697505891323090e-02 5.599724128842353821e-03 8.838588371872901917e-03 2.242978662252426147e-02 2.585056982934474945e-02 5.508722271770238876e-03 2.643371000885963440e-02 1.472652610391378403e-02 4.131622985005378723e-02 3.014977276325225830e-02 9.381173178553581238e-03 1.124094519764184952e-02 2.184838987886905670e-03 5.858363583683967590e-03 1.607041247189044952e-02 1.682096906006336212e-02 1.271389424800872803e-03 3.402993828058242798e-02 2.132599474862217903e-03 1.558064715936779976e-03 7.413224130868911743e-02 1.242498867213726044e-03 2.081324718892574310e-02 2.376266755163669586e-02 1.208446547389030457e-02 8.588200435042381287e-03 2.191924117505550385e-02 1.669067330658435822e-02 4.182207211852073669e-02 2.554606832563877106e-02 9.440588951110839844e-02 1.026151403784751892e-01 2.662680484354496002e-02 2.016325853765010834e-02 1.588553190231323242e-02 1.548363454639911652e-02 5.610241554677486420e-03 6.717277225106954575e-03 1.480961963534355164e-02 1.744371466338634491e-02 1.184604503214359283e-02 2.643368905410170555e-03 2.247281372547149658e-03 1.588121871463954449e-03 8.218806236982345581e-03 1.944990269839763641e-02 1.147721149027347565e-02 7.045365404337644577e-03 1.898634806275367737e-02 2.556126751005649567e-02 1.561970356851816177e-02 1.288267434574663639e-03 8.396509103477001190e-03 1.008183602243661880e-02 4.453887417912483215e-02 2.111220918595790863e-02 4.933922365307807922e-02 9.957585483789443970e-03 2.336148358881473541e-02 2.007229439914226532e-02 2.744441479444503784e-02 2.776794880628585815e-02 3.617777302861213684e-02 2.512103877961635590e-02
2.264494076371192932e-02 1.262771617621183395e-02 2.969342283904552460e-02 1.527445018291473389e-01 5.377714037895202637e-01 2.222024649381637573e-02 2.044537570327520370e-03 3.522253409028053284e-02 2.386160381138324738e-02 7.203780114650726318e-03 9.963577613234519958e-03 4.396560415625572205e-02 6.828892044723033905e-03 4.150028689764440060e-04 1.059202570468187332e-02 3.016105480492115021e-02 1.155486796051263809e-02 2.117930911481380463e-02 9.056152403354644775e-02 1.083203032612800598e-02 1.122504123486578465e-03 1.725219748914241791e-02 8.277932181954383850e-03 3.518594428896903992e-02 6.334360688924789429e-03 6.747771985828876495e-04 3.421816974878311157e-02 1.500969007611274719e-02 1.632150076329708099e-02 4.446648526936769485e-03 3.524429164826869965e-03 2.478037402033805847e-02 1.364751439541578293e-02 1.989081129431724548e-02 1.042773388326168060e-02 2.206636220216751099e-02 1.695659710094332695e-03 8.877657353878021240e-03 7.922071218490600586e-02 8.437269926071166992e-02 2.132190391421318054e-02 3.221937641501426697e-02 3.054980374872684479e-02 3.897346928715705872e-02 2.414682693779468536e-02 2.493424527347087860e-02 1.879402063786983490e-02 1.586635597050189972e-02 2.095505222678184509e-02 1.741268858313560486e-02 1.957711949944496155e-02 2.063070796430110931e-02 2.655931003391742706e-02 1.231938507407903671e-02 2.556895604357123375e-03 1.046348013915121555e-03 5.364788696169853210e-03 6.910311058163642883e-03 2.199767343699932098e-02 7.336610928177833557e-03 1.883419975638389587e-02 3.619983792304992676e-02 2.629736904054880142e-03 8.303347975015640259e-03 4.627388902008533478e-03 1.576472306624054909e-03 2.592878229916095734e-02 2.562416531145572662e-02 2.855057455599308014e-02 2.779599092900753021e-02 3.536716476082801819e-02 4.145603626966476440e-03 3.114362619817256927e-02 4.385166335850954056e-03 1.620248518884181976e-02 1.188636850565671921e-02 3.113245218992233276e-02 2.049161493778228760e-02 1.255299709737300873e-02 5.496425088495016098e-03 3.305435553193092346e-02 1.902425661683082581e-02 7.021128386259078979e-02 1.050383970141410828e-01 3.237002762034535408e-03 4.082329105585813522e-03 1.095900032669305801e-02 8.281283080577850342e-03 1.229801867157220840e-02 4.395640455186367035e-03 9.679278358817100525e-03 1.458784099668264389e-02 1.589091029018163681e-03 1.212179660797119141e-03 6.956752389669418335e-03 1.501574763096868992e-03 1.957042841240763664e-03 2.573389373719692230e-02 2.246857248246669769e-02 2.400874346494674683e-02 1.531605329364538193e-02 1.656782068312168121e-02 1.352533418685197830e-02 5.454553291201591492e-03 3.949352540075778961e-03 1.128797233104705811e-02 3.010826557874679565e-02 1.682368293404579163e-02 3.191171959042549133e-02 2.664112020283937454e-03 2.970420755445957184e-02 2.047913521528244019e-02 1.630667597055435181e-02 3.278739284723997116e-03 4.757422208786010742e-02 3.028618730604648590e-02
1.502691656351089478e-01 8.873427659273147583e-02 1.786651089787483215e-02 5.727150943130254745e-03 2.222024649381637573e-02 5.348931550979614258e-01 2.347495406866073608e-01 2.898143976926803589e-02 3.557012230157852173e-02 6.446801871061325073e-02 4.554985836148262024e-02 1.143456399440765381e-01 1.514978893101215363e-02 3.583539277315139771e-02 3.395889326930046082e-02 4.109347239136695862e-03 1.462055463343858719e-02 2.133123576641082764e-03 1.976356655359268188e-02 4.351888783276081085e-03 7.480781059712171555e-03 4.380942787975072861e-03 2.111766301095485687e-02 1.962028630077838898e-02 2.962269261479377747e-02 5.940594710409641266e-03 1.550791040062904358e-02 7.187061756849288940e-02 2.509980462491512299e-02 4.972562566399574280e-02 3.304230794310569763e-02 2.589353173971176147e-02 2.430348657071590424e-02 1.120837125927209854e-02 1.379028242081403732e-02 2.722910977900028229e-02 3.040183708071708679e-02 3.469224274158477783e-02 3.639723733067512512e-02 1.227264385670423508e-02 3.537591546773910522e-02 2.075115405023097992e-02 1.623190194368362427e-02 2.185078337788581848e-02 1.365784183144569397e-02 1.891910843551158905e-02 2.003684639930725098e-01 1.587907224893569946e-02 3.322448208928108215e-02 2.032083226367831230e-03 2.400727570056915283e-02 3.546516969799995422e-02 2.537704631686210632e-02 3.359391167759895325e-02 3.214571624994277954e-03 3.906849771738052368e-02 6.230934057384729385e-03 2.136872522532939911e-02 1.524779386818408966e-02 2.804149687290191650e-02 3.506013005971908569e-02 5.784793291240930557e-03 2.239138819277286530e-02 2.509541111066937447e-03 1.636704429984092712e-02 4.180452972650527954e-02 5.797804798930883408e-03 3.210436180233955383e-02 1.174162607640028000e-02 9.022252634167671204e-03 3.034906229004263878e-03 1.434335391968488693e-02 1.970415003597736359e-02 1.082445867359638214e-02 2.495122700929641724e-02 9.202512912452220917e-03 1.508720684796571732e-02 1.163630466908216476e-02 3.014298388734459877e-03 5.357124656438827515e-02 3.607176244258880615e-02 2.723549492657184601e-02 5.553547292947769165e-03 9.970935061573982239e-03 1.044752635061740875e-02 3.217070922255516052e-02 1.290770713239908218e-02 2.275504171848297119e-02 3.461123630404472351e-02 1.303425244987010956e-02 5.967198312282562256e-02 2.631755918264389038e-02 3.374241292476654053e-02 3.170123323798179626e-02 2.980514988303184509e-02 2.320559578947722912e-04 4.069504328072071075e-03 2.672144398093223572e-02 3.780219703912734985e-02 2.677382156252861023e-02 1.355694979429244995e-02 4.400111269205808640e-03 1.338827051222324371e-02 1.836190558969974518e-02 2.337780781090259552e-02 1.947755739092826843e-02 3.204146865755319595e-03 3.206764906644821167e-02 3.939684014767408371e-03 3.233174607157707214e-02 3.069678135216236115e-02 3.307632729411125183e-02 2.916450053453445435e-02 1.946776360273361206e-02 2.564243599772453308e-02 6.917863152921199799e-03
1.090737059712409973e-01 9.726142138242721558e-02 1.583567261695861816e-02 2.166048251092433929e-02 2.044537570327520370e-03 2.347495406866073608e-01 5.584664940834045410e-01 3.262399137020111084e-02 2.181897126138210297e-02 3.075003065168857574e-02 5.232801288366317749e-02 6.482284516096115112e-02 4.937676712870597839e-02 7.067970931529998779e-02 3.413767740130424500e-02 1.498911902308464050e-02 2.361074835062026978e-02 2.384530007839202881e-02 2.301353588700294495e-02 3.663896769285202026e-02 3.762730211019515991e-02 8.071150630712509155e-03 6.098991259932518005e-03 2.026773616671562195e-02 1.909305714070796967e-02 4.603290464729070663e-03 2.727941237390041351e-02 8.039895445108413696e-03 2.526848763227462769e-02 1.610384695231914520e-02 3.289421088993549347e-03 2.333277463912963867e-02 2.229793928563594818e-02 5.186954513192176819e-04 1.476073637604713440e-03 3.246644884347915649e-02 3.657022863626480103e-02 7.254830095916986465e-03 1.816549338400363922e-02 2.303601987659931183e-02 1.963111758232116699e-02 2.562953624874353409e-03 3.460031002759933472e-02 3.197155194357037544e-03 5.249629914760589600e-02 6.812395155429840088e-02 2.094083577394485474e-01 1.676498502492904663e-01 8.544891141355037689e-03 3.167598694562911987e-02 1.079223770648241043e-02 2.582621946930885315e-02 2.371292561292648315e-02 3.357294574379920959e-02 5.395425483584403992e-03 2.342796511948108673e-02 3.890748322010040283e-02 3.871935606002807617e-02 2.627650834619998932e-02 2.856734395027160645e-02 2.532175928354263306e-02 1.344133913516998291e-02 3.518679738044738770e-02 8.818644098937511444e-03 1.062118331901729107e-03 8.611592347733676434e-04 3.958375751972198486e-02 3.275300189852714539e-02 9.081555181182920933e-04 3.440316393971443176e-02 4.631938412785530090e-03 3.500512987375259399e-02 3.533423691987991333e-02 1.471670810133218765e-02 1.932055130600929260e-02 3.151535987854003906e-02 2.542130649089813232e-02 1.436281483620405197e-03 7.043106481432914734e-03 6.242597941309213638e-03 1.481968909502029419e-02 3.052455000579357147e-02 3.576236963272094727e-02 2.283495105803012848e-02 9.326597675681114197e-03 2.070466056466102600e-02 2.013920992612838745e-02 1.054337434470653534e-02 2.282718569040298462e-02 6.224702298641204834e-02 1.251562535762786865e-01 3.061514906585216522e-02 8.518730849027633667e-02 1.178501825779676437e-02 3.243566676974296570e-02 2.082942286506295204e-03 3.366570547223091125e-02 9.792644530534744263e-03 1.729806326329708099e-02 6.471910979598760605e-03 3.647010028362274170e-02 2.463774569332599640e-02 3.611065447330474854e-02 5.778030492365360260e-03 1.039208658039569855e-02 1.580847427248954773e-02 1.336375810205936432e-02 2.095240913331508636e-02 7.638400886207818985e-03 2.286491170525550842e-02 2.079138159751892090e-02 2.598609775304794312e-02 1.311465632170438766e-02 2.776201255619525909e-02 1.049206312745809555e-02 3.925204649567604065e-02
1.633068546652793884e-02 1.237748749554157257e-02 9.423737972974777222e-02 5.040470510721206665e-02 3.522253409028053284e-02 2.898143976926803589e-02 3.262399137020111084e-02 5.402552485466003418e-01 3.575842455029487610e-02 1.149331033229827881e-02 5.696697160601615906e-03 2.139519527554512024e-02 1.690687425434589386e-02 3.079432435333728790e-02 4.798121750354766846e-02 2.470466494560241699e-02 1.978854276239871979e-02 5.492028780281543732e-03 1.404501497745513916e-02 2.930477075278759003e-02 6.767809391021728516e-03 1.874263398349285126e-02 5.737368017435073853e-03 3.235770622268319130e-03 1.831070869229733944e-03 3.591279266402125359e-03 9.227410890161991119e-03 1.929039321839809418e-02 2.415647543966770172e-02 1.518189674243330956e-03 3.616767702624201775e-03 1.345855183899402618e-02 1.502584852278232574e-02 1.973324827849864960e-02 2.711670473217964172e-03 5.240967497229576111e-03 3.048289800062775612e-03 9.320692159235477448e-03 1.778461970388889313e-02 1.739105023443698883e-02 4.727663472294807434e-03 7.425990421324968338e-03 6.585952360183000565e-03 1.806168630719184875e-02 5.785484798252582550e-03 2.560930699110031128e-02 1.028222613967955112e-03 6.786013022065162659e-03 2.879517897963523865e-02 1.425863709300756454e-03 2.868378162384033203e-02 2.476125210523605347e-02 9.149233810603618622e-03 7.589914021082222462e-04 3.390925005078315735e-02 1.075633242726325989e-02 1.648808270692825317e-02 8.658493869006633759e-03 1.463809516280889511e-03 8.927727118134498596e-03 1.057215221226215363e-02 3.877830225974321365e-03 3.090740554034709930e-02 3.604022786021232605e-02 2.229312434792518616e-02 1.503007579594850540e-02 4.059443995356559753e-02 2.035238407552242279e-02 1.501189172267913818e-02 4.161532036960124969e-03 4.343582317233085632e-02 1.023857574909925461e-02 1.224597101099789143e-03 5.183816887438297272e-03 2.198075130581855774e-02 3.744664136320352554e-04 3.351448476314544678e-02 5.515795666724443436e-03 2.509463950991630554e-02 2.167931944131851196e-02 6.766197830438613892e-02 4.711297526955604553e-02 1.881812885403633118e-02 1.004195678979158401e-02 3.825520724058151245e-02 3.687901189550757408e-03 2.107351459562778473e-02 1.359259430319070816e-02 3.128483146429061890e-02 2.115751057863235474e-02 3.569677472114562988e-02 1.465132459998130798e-02 2.774202823638916016e-02 1.430489402264356613e-02 1.340099051594734192e-02 1.087797712534666061e-02 8.879699744284152985e-03 2.350969938561320305e-03 2.478472888469696045e-04 5.341709591448307037e-03 1.281027588993310928e-02 1.476639136672019958e-02 4.234272986650466919e-03 4.708306805696338415e-04 3.458098508417606354e-03 3.474788507446646690e-03 8.893266320228576660e-03 2.694492973387241364e-02 1.839116588234901428e-02 2.710675075650215149e-02 1.275917980819940567e-02 7.556442171335220337e-03 1.429747883230447769e-02 3.020663931965827942e-02 2.139175496995449066e-02 2.514633908867835999e-02
1.468961942009627819e-03 6.182492710649967194e-03 1.593171432614326477e-02 2.718488499522209167e-02 2.386160381138324738e-02 3.557012230157852173e-02 2.181897126138210297e-02 3.575842455029487610e-02 5.510293841361999512e-01 1.312408447265625000e-01 2.653157711029052734e-02 3.502745553851127625e-02 3.578937426209449768e-02 3.295260667800903320e-02 8.903935668058693409e-04 1.124129816889762878e-02 1.583223231136798859e-02 5.654255859553813934e-03 3.258999902755022049e-03 2.127980068325996399e-02 6.537435576319694519e-03 1.574912108480930328e-02 4.496692493557929993e-02 4.637514054775238037e-02 5.057313665747642517e-02 1.469745114445686340e-02 1.722551137208938599e-02 2.076603844761848450e-02 2.373358234763145447e-02 2.194605767726898193e-02 3.569652885198593140e-02 3.969956189393997192e-02 2.567141503095626831e-02 2.956837788224220276e-02 4.584176931530237198e-03 1.415567379444837570e-02 3.540033847093582153e-02 1.233034208416938782e-02 2.904810011386871338e-02 1.112518738955259323e-02 1.568665355443954468e-02 7.526298612356185913e-02 3.912450000643730164e-02 6.692299153655767441e-03 3.366695716977119446e-02 3.343647718429565430e-02 9.214079938828945160e-03 1.915893517434597015e-02 4.894994944334030151e-02 4.558994900435209274e-03 2.684054151177406311e-02 1.631498150527477264e-02 5.777855869382619858e-03 3.786631568800657988e-04 8.732152730226516724e-02 8.098497055470943451e-04 2.277785167098045349e-02 3.705440834164619446e-02 2.897176891565322876e-03 6.812027655541896820e-03 3.225079178810119629e-02 2.388753741979598999e-02 3.553595021367073059e-02 3.177928738296031952e-03 2.120100334286689758e-02 2.272193320095539093e-02 4.261193424463272095e-02 3.485557436943054199e-02 5.539526417851448059e-02 2.701924927532672882e-02 5.893497541546821594e-02 3.137876093387603760e-02 2.418006770312786102e-03 2.982588112354278564e-02 1.261418592184782028e-02 1.978739723563194275e-02 1.159412413835525513e-01 1.012911796569824219e-01 1.008111611008644104e-01 3.279718011617660522e-02 2.402163110673427582e-02 1.598926819860935211e-02 3.414050489664077759e-02 2.215800434350967407e-02 3.385737910866737366e-02 1.554371416568756104e-02 8.536122739315032959e-03 1.326723396778106689e-02 1.679015532135963440e-02 5.599926412105560303e-02 2.005945891141891479e-02 1.171072572469711304e-02 6.892387755215167999e-03 3.380976244807243347e-02 4.050532355904579163e-02 1.537544187158346176e-02 1.177753787487745285e-03 2.953687123954296112e-02 5.513710528612136841e-02 6.577547639608383179e-02 3.970698267221450806e-02 3.158085048198699951e-02 1.511820312589406967e-02 3.177762404084205627e-02 9.663567878305912018e-03 5.345312878489494324e-03 8.710270747542381287e-03 1.698263734579086304e-02 2.568187378346920013e-02 2.243169210851192474e-02 2.518695546314120293e-03 1.026651263236999512e-02 1.693408004939556122e-02 8.932234719395637512e-03 3.495864197611808777e-02 1.525865308940410614e-02
1.753147318959236145e-02 1.388515811413526535e-02 2.615724690258502960e-02 1.751109398901462555e-02 7.203780114650726318e-03 6.446801871061325073e-02 3.075003065168857574e-02 1.149331033229827881e-02 1.312408447265625000e-01 5.516102910041809082e-01 3.026106767356395721e-02 2.933474630117416382e-02 2.023163251578807831e-02 1.734228618443012238e-02 3.183896467089653015e-02 4.950913717038929462e-04 4.314203560352325439e-02 1.598698645830154419e-02 7.483050227165222168e-02 3.102000057697296143e-02 1.141258887946605682e-02 1.295301876962184906e-02 3.500204533338546753e-02 4.189640283584594727e-02 2.159052528440952301e-02 2.589043788611888885e-02 2.461716346442699432e-02 3.060899488627910614e-02 2.076926454901695251e-02 3.142334148287773132e-02 5.271296016871929169e-03 1.964950002729892731e-02 2.937981113791465759e-02 3.253439068794250488e-02 2.659593150019645691e-02 3.581932932138442993e-02 1.392132136970758438e-02 2.890775166451931000e-02 3.117999760434031487e-03 2.451152913272380829e-02 3.432041779160499573e-02 4.469069093465805054e-02 2.479574270546436310e-02 1.150869671255350113e-02 7.321732846321538091e-05 3.698886930942535400e-02 1.370495557785034180e-02 2.190299332141876221e-02 2.597554773092269897e-02 5.266486853361129761e-02 2.172463107854127884e-03 1.137112340074963868e-04 2.961073070764541626e-02 3.419177234172821045e-02 4.224376752972602844e-02 7.266476005315780640e-02 2.378487959504127502e-02 5.885431077331304550e-03 1.403108239173889160e-02 2.361388318240642548e-02 4.612842574715614319e-02 7.609629072248935699e-03 3.243689611554145813e-02 4.920707549899816513e-03 2.973138540983200073e-02 3.541317209601402283e-02 5.136322602629661560e-02 2.735365182161331177e-02 3.318158909678459167e-03 5.312312860041856766e-03 1.602486334741115570e-02 2.363826520740985870e-02 1.216960791498422623e-02 4.128581378608942032e-03 1.882226765155792236e-02 2.955307997763156891e-02 3.990655019879341125e-02 1.251353770494461060e-01 5.804744362831115723e-02 1.487394124269485474e-01 2.094567753374576569e-02 1.721369661390781403e-02 3.909165784716606140e-02 3.597857430577278137e-02 2.895682677626609802e-02 3.947993740439414978e-02 2.968110516667366028e-02 3.423820808529853821e-02 4.992029443383216858e-02 9.482206404209136963e-02 2.604027278721332550e-02 3.199465945363044739e-02 2.212367020547389984e-02 3.859597817063331604e-02 1.642791181802749634e-02 2.694189921021461487e-02 2.059960179030895233e-02 2.657760679721832275e-02 4.981824755668640137e-02 6.447908282279968262e-02 2.559646219015121460e-02 1.499436795711517334e-02 2.678543701767921448e-02 2.666843123733997345e-02 3.908147290349006653e-02 3.460941463708877563e-02 2.656167559325695038e-02 1.423430629074573517e-02 2.142152003943920135e-02 1.809429936110973358e-02 3.199321404099464417e-02 3.848049044609069824e-02 7.952119922265410423e-04 2.045839326456189156e-03 9.696239605545997620e-03 3.096845187246799469e-02
9.665188193321228027e-02 6.615801155567169189e-02 4.070997610688209534e-02 1.722362823784351349e-02 9.963577613234519958e-03 4.554985836148262024e-02 5.232801288366317749e-02 5.696697160601615906e-03 2.653157711029052734e-02 3.026106767356395721e-02 5.461522936820983887e-01 6.798879709094762802e-03 5.199279636144638062e-02 1.041876152157783508e-02 8.644323796033859253e-03 3.926771227270364761e-03 6.936692167073488235e-03 1.675990824878681451e-05 8.081475272774696350e-03 6.270490586757659912e-03 2.516479231417179108e-02 2.314179576933383942e-02 4.221654310822486877e-02 3.410045802593231201e-02 1.616745628416538239e-02 1.590146124362945557e-02 1.105263736099004745e-02 1.622729003429412842e-02 2.323601022362709045e-02 2.038261480629444122e-02 8.419325575232505798e-03 1.440079323947429657e-02 1.797240786254405975e-02 2.116659469902515411e-02 1.821641996502876282e-02 1.940709538757801056e-03 7.578374817967414856e-03 5.586847197264432907e-03 5.772363860160112381e-03 1.719054393470287323e-02 5.026518832892179489e-03 1.902236416935920715e-02 3.234610334038734436e-02 1.206674054265022278e-02 2.357477787882089615e-03 9.194128215312957764e-03 4.676640778779983521e-02 9.563706815242767334e-03 3.406401723623275757e-02 5.696180276572704315e-03 6.704523228108882904e-03 1.555999275296926498e-02 7.835383526980876923e-03 3.706700867041945457e-03 1.962252333760261536e-02 1.730631478130817413e-02 7.529849652200937271e-03 2.714215079322457314e-03 9.998939931392669678e-03 2.097232732921838760e-03 2.280735597014427185e-02 1.790460757911205292e-02 6.112349685281515121e-03 1.619075238704681396e-02 2.498463355004787445e-02 1.616654731333255768e-02 3.724260255694389343e-02 3.474038466811180115e-02 3.051260113716125488e-02 7.529180147685110569e-04 1.735835336148738861e-02 1.499282009899616241e-02 4.822224378585815430e-03 2.142584323883056641e-02 4.168676096014678478e-04 2.633145451545715332e-02 3.727094084024429321e-02 2.682807855308055878e-02 2.487606741487979889e-02 2.698427252471446991e-02 1.647123321890830994e-02 1.304832287132740021e-02 3.554461896419525146e-02 4.037240147590637207e-02 3.285735845565795898e-02 1.570384204387664795e-02 1.369495876133441925e-02 1.298348419368267059e-02 4.772891290485858917e-03 1.150018814951181412e-02 4.753176867961883545e-02 9.685202501714229584e-03 3.287319792434573174e-03 1.192317064851522446e-02 3.281685989350080490e-03 1.609572954475879669e-02 9.127910248935222626e-03 1.192097086459398270e-02 2.209124341607093811e-02 1.497123017907142639e-02 5.275276489555835724e-03 9.456457570195198059e-03 7.801505271345376968e-03 2.606966067105531693e-03 3.564415266737341881e-03 2.548429882153868675e-03 3.787167137488722801e-03 6.604126188904047012e-03 1.058918237686157227e-02 9.875955060124397278e-03 9.067721664905548096e-03 1.212424132972955704e-02 1.033630501478910446e-02 1.842541247606277466e-02 9.254230186343193054e-03 9.555885568261146545e-03
4.579394683241844177e-02 2.169609069824218750e-02 1.805721782147884369e-02 1.034067384898662567e-02 4.396560415625572205e-02 1.143456399440765381e-01 6.482284516096115112e-02 2.139519527554512024e-02 3.502745553851127625e-02 2.933474630117416382e-02 6.798879709094762802e-03 5.508217811584472656e-01 2.411790192127227783e-02 2.065389603376388550e-01 2.868114598095417023e-02 2.292592637240886688e-02 5.128346383571624756e-03 5.745886359363794327e-03 2.138573862612247467e-02 1.896694116294384003e-02 2.753541618585586548e-02 3.755197301506996155e-02 3.338597714900970459e-02 2.525346539914608002e-02 2.897219546139240265e-02 1.529116183519363403e-02 1.519985869526863098e-02 1.589960902929306030e-01 6.499015726149082184e-03 1.613207012414932251e-01 7.206981536000967026e-03 2.453689835965633392e-02 2.116606384515762329e-02 2.692107483744621277e-02 2.290765196084976196e-02 6.876096129417419434e-03 3.527485206723213196e-02 3.534717112779617310e-02 7.146152202039957047e-03 9.025016799569129944e-03 2.462687157094478607e-02 3.198615461587905884e-02 1.235208194702863693e-02 3.409595787525177002e-02 9.933799505233764648e-02 5.757685750722885132e-02 4.911094158887863159e-02 5.636774934828281403e-03 1.159358769655227661e-02 1.641905982978641987e-03 6.021326873451471329e-03 5.174137279391288757e-02 1.226355601102113724e-02 1.385815627872943878e-02 2.773422375321388245e-02 1.965445280075073242e-02 2.089272253215312958e-02 3.130839392542839050e-02 3.686375543475151062e-02 2.809751592576503754e-02 2.874254062771797180e-02 4.062475170940160751e-03 1.498906221240758896e-02 2.443582005798816681e-02 2.572895027697086334e-02 3.398463875055313110e-02 2.904708497226238251e-02 3.635133057832717896e-02 2.471501752734184265e-02 3.356228023767471313e-02 2.925786375999450684e-02 1.289447303861379623e-02 1.840576902031898499e-02 2.149265818297863007e-02 2.535833418369293213e-02 3.120390884578227997e-02 1.248499471694231033e-02 4.791489243507385254e-02 4.906632006168365479e-02 3.375499323010444641e-02 2.418806403875350952e-02 2.722964249551296234e-02 3.445165976881980896e-02 7.872450351715087891e-02 6.065950263291597366e-03 2.010398544371128082e-02 2.762841805815696716e-02 3.353509679436683655e-02 1.624545007944107056e-01 3.472941741347312927e-02 6.370615214109420776e-02 2.502900362014770508e-02 9.476528503000736237e-03 3.252976760268211365e-02 2.776599302887916565e-02 4.136505071073770523e-03 2.303126035258173943e-03 8.020095527172088623e-03 7.211145129986107349e-04 4.218648374080657959e-02 3.144670277833938599e-02 3.570786118507385254e-02 2.710969932377338409e-02 3.549405559897422791e-02 3.698155283927917480e-02 1.723544672131538391e-02 1.459981407970190048e-02 3.348643332719802856e-02 2.633418515324592590e-02 1.263053994625806808e-02 1.566649973392486572e-02 1.814943924546241760e-02 3.374870494008064270e-02 6.472693290561437607e-03 1.793614774942398071e-02 3.278256161138415337e-03
6.911526620388031006e-02 6.404055655002593994e-02 2.637547813355922699e-02 1.419476699084043503e-02 6.828892044723033905e-03 1.514978893101215363e-02 4.937676712870597839e-02 1.690687425434589386e-02 3.578937426209449768e-02 2.023163251578807831e-02 5.199279636144638062e-02 2.411790192127227783e-02 5.548457503318786621e-01 4.307648167014122009e-03 1.159793417900800705e-02 1.106578111648559570e-02 8.509695529937744141e-03 4.213916603475809097e-03 3.877242561429738998e-03 1.662074960768222809e-02 1.237727887928485870e-02 2.187540940940380096e-02 2.520056255161762238e-02 1.837328448891639709e-02 1.534138154238462448e-02 1.680523157119750977e-02 5.121027585119009018e-03 1.815621508285403252e-03 9.045211598277091980e-03 2.498262794688344002e-03 7.602162193506956100e-03 8.617442101240158081e-03 1.170119270682334900e-02 1.259475760161876678e-02 1.961684226989746094e-02 1.858201692812144756e-03 1.517708296887576580e-03 4.653422802221029997e-04 5.715941078960895538e-03 3.636776236817240715e-03 6.172287277877330780e-03 3.724352270364761353e-02 2.887643128633499146e-02 6.329742725938558578e-03 2.418349497020244598e-02 9.285234846174716949e-03 3.101747424807399511e-04 2.725627273321151733e-03 3.027744032442569733e-02 1.329719834029674530e-02 1.854717358946800232e-02 3.007310442626476288e-03 4.855514038354158401e-03 2.642914419993758202e-03 1.822779700160026550e-02 6.553282029926776886e-03 1.073586009442806244e-02 1.098222285509109497e-02 7.960528135299682617e-03 2.853944431990385056e-03 1.357508730143308640e-02 1.605198532342910767e-02 1.535335741937160492e-02 2.965518273413181305e-02 9.690293110907077789e-03 1.695667020976543427e-02 4.029393941164016724e-02 4.485630989074707031e-02 3.364956378936767578e-02 3.014931222423911095e-03 1.498133596032857895e-02 1.596523798070847988e-03 6.660866201855242252e-04 7.233151234686374664e-03 4.846957046538591385e-03 4.610529635101556778e-03 3.996505215764045715e-02 3.618236631155014038e-02 2.895665168762207031e-02 9.304841980338096619e-03 2.839229768142104149e-03 1.290525775402784348e-02 2.218636125326156616e-02 2.687252312898635864e-02 2.752191387116909027e-02 1.545437698950991035e-04 1.026096660643815994e-02 2.182235941290855408e-02 1.564322225749492645e-02 8.355438709259033203e-03 2.700170967727899551e-03 1.186714071081951261e-04 8.714558556675910950e-03 1.686452701687812805e-02 1.597555726766586304e-02 5.076087545603513718e-04 5.728184711188077927e-03 1.773328403942286968e-03 3.500800952315330505e-02 4.109200835227966309e-02 6.347725633531808853e-03 1.432712771929800510e-03 3.308292245492339134e-03 3.763407934457063675e-03 8.249056525528430939e-03 2.473595784977078438e-03 6.577479653060436249e-03 1.386090461164712906e-02 3.276233619544655085e-04 1.336767524480819702e-02 5.154123995453119278e-03 4.167913459241390228e-03 3.030069358646869659e-02 1.578410901129245758e-02 1.710462756454944611e-02 9.164763614535331726e-03
