4.609238803386688232e-01 1.559564173221588135e-01 3.453342989087104797e-02 1.691941544413566589e-02 1.998148113489151001e-02 7.150256633758544922e-02 1.118025332689285278e-01 6.948842201381921768e-03 2.189678139984607697e-02 4.931567981839179993e-02 1.447257101535797119e-01 5.116464942693710327e-02 1.142422035336494446e-01 4.301733523607254028e-02 6.213503703474998474e-02 3.639652207493782043e-02 4.179207235574722290e-02 2.469551516696810722e-03 3.720332682132720947e-02 3.143120929598808289e-02 2.487782947719097137e-02 1.118523720651865005e-02 2.871270105242729187e-02 3.571607172489166260e-02 3.593162074685096741e-02 2.708582021296024323e-02 3.085976839065551758e-02 3.187714377418160439e-03 8.075334131717681885e-02 3.619743278250098228e-03 2.865161374211311340e-02 1.866108551621437073e-02 1.915061473846435547e-02 7.217681501060724258e-03 2.103918604552745819e-02 1.657694950699806213e-02 9.358941577374935150e-03 3.438255190849304199e-02 1.241633202880620956e-02 5.059859529137611389e-02 4.358669742941856384e-02 4.311071336269378662e-02 2.593469619750976562e-02 4.374512063805013895e-04 4.231508646626025438e-04 2.338011376559734344e-02 8.673318475484848022e-02 4.200955107808113098e-02 2.911340072751045227e-02 1.900077238678932190e-02 1.320564746856689453e-02 2.399434335529804230e-02 4.831513762474060059e-02 2.624420635402202606e-02 7.063441909849643707e-03 1.415985636413097382e-02 3.948209434747695923e-02 2.721202932298183441e-02 2.664879709482192993e-02 3.952208161354064941e-02 1.354277320206165314e-02 2.766299061477184296e-02 4.049667716026306152e-02 3.003734722733497620e-02 3.845485299825668335e-02 5.198176950216293335e-02 4.298456385731697083e-02 4.270339850336313248e-03 1.270136516541242599e-02 2.339685894548892975e-02 4.719036817550659180e-02 3.035636618733406067e-02 1.166850235313177109e-02 5.233987420797348022e-02 6.506540812551975250e-03 3.370751440525054932e-02 1.959349401295185089e-02 2.837741933763027191e-02 2.184628974646329880e-03 1.946285367012023926e-02 3.917291015386581421e-02 1.758014224469661713e-02 2.026833221316337585e-02 2.011097781360149384e-02 5.077658221125602722e-03 1.215004827827215195e-02 1.454675570130348206e-02 2.969618886709213257e-02 3.899990394711494446e-02 4.010179545730352402e-03 7.117354124784469604e-02 3.419128432869911194e-02 1.155747100710868835e-02 1.431514788419008255e-02 1.179520227015018463e-02 4.238185938447713852e-03 5.107445269823074341e-02 8.006786927580833435e-03 4.877205938100814819e-02 5.454299971461296082e-03 8.647737093269824982e-03 1.594666205346584320e-02 1.215901877731084824e-02 5.036375299096107483e-02 4.371948912739753723e-02 2.737577818334102631e-02 1.188082620501518250e-02 3.157486766576766968e-02 1.868234388530254364e-02 4.426264762878417969e-02 2.378175780177116394e-02 4.029327630996704102e-02 4.371847212314605713e-02 4.307702928781509399e-02 2.237942442297935486e-02 2.914312295615673065e-02
1.559564173221588135e-01 4.571927785873413086e-01 1.024763006716966629e-02 1.833286322653293610e-02 2.397079765796661377e-02 9.223726391792297363e-02 1.266357749700546265e-01 3.536314703524112701e-03 3.532246127724647522e-02 1.724984496831893921e-02 1.503611803054809570e-01 4.251305758953094482e-02 1.538364440202713013e-01 7.088548503816127777e-03 5.242387950420379639e-02 2.505075186491012573e-02 2.301201224327087402e-02 3.120402991771697998e-02 1.998506858944892883e-02 5.567358806729316711e-02 2.614418044686317444e-02 2.206876315176486969e-02 3.343624994158744812e-02 1.271114870905876160e-02 1.619810983538627625e-02 3.507054224610328674e-02 2.772515825927257538e-02 2.643303479999303818e-03 6.919903308153152466e-02 5.543116852641105652e-02 2.474113181233406067e-02 1.942568644881248474e-02 2.773135900497436523e-02 7.901174016296863556e-03 2.647008560597896576e-02 2.415371127426624298e-02 3.872192930430173874e-03 2.067338442429900169e-03 4.226037487387657166e-02 3.337750211358070374e-02 3.560684248805046082e-02 2.501005679368972778e-02 1.031841058284044266e-02 3.971635550260543823e-02 8.901372551918029785e-03 1.912639662623405457e-02 9.261537343263626099e-02 2.094408497214317322e-02 3.026554174721240997e-02 2.400847710669040680e-02 1.076629664748907089e-02 1.355477888137102127e-02 2.484582737088203430e-02 1.288884319365024567e-02 2.662929520010948181e-02 1.690907031297683716e-02 1.612555049359798431e-02 3.508606180548667908e-02 1.713775843381881714e-02 6.934282369911670685e-03 6.952683441340923309e-03 3.042616508901119232e-02 3.360507264733314514e-02 2.286040224134922028e-02 4.239142406731843948e-03 4.506121948361396790e-02 4.712431505322456360e-02 8.462565019726753235e-03 2.360679954290390015e-02 3.072780929505825043e-02 4.046605154871940613e-02 1.846351474523544312e-02 1.552539598196744919e-02 3.990454226732254028e-02 2.162012457847595215e-02 5.853414535522460938e-02 2.496863948181271553e-03 4.434346035122871399e-02 3.522470942698419094e-04 1.474398933351039886e-02 3.455597907304763794e-02 1.613128744065761566e-02 3.572520241141319275e-02 2.354835160076618195e-02 2.341984584927558899e-02 5.497612059116363525e-02 3.166649118065834045e-02 3.947564214468002319e-02 1.884546875953674316e-02 1.729129254817962646e-02 7.038155943155288696e-02 1.793600386008620262e-03 7.619027514010667801e-03 9.452079422771930695e-03 4.288700874894857407e-03 1.433793641626834869e-02 5.151258781552314758e-02 1.857429184019565582e-02 4.634721204638481140e-02 3.013317473232746124e-02 3.160870447754859924e-02 2.080018864944577217e-03 1.960707828402519226e-02 4.591264575719833374e-02 2.554488135501742363e-03 1.500017102807760239e-02 3.598104789853096008e-02 5.291117820888757706e-03 9.078065864741802216e-03 3.421523049473762512e-02 7.030542939901351929e-03 4.219491779804229736e-02 2.356731332838535309e-02 3.334245085716247559e-02 1.686830632388591766e-02 6.289304234087467194e-03
3.453342989087104797e-02 1.024763006716966629e-02 4.312028586864471436e-01 3.227847814559936523e-02 2.997820265591144562e-02 4.539602249860763550e-02 2.041073702275753021e-02 1.582745313644409180e-01 1.398937869817018509e-02 1.989263296127319336e-02 2.979695610702037811e-02 3.543111681938171387e-02 2.316518872976303101e-02 4.995904862880706787e-02 5.172365810722112656e-03 1.243280433118343353e-02 4.424008727073669434e-02 5.046585947275161743e-02 2.039439044892787933e-02 3.779079020023345947e-02 3.535827249288558960e-02 4.888398689217865467e-04 2.104888111352920532e-02 2.206516079604625702e-02 1.293998491019010544e-02 4.449828714132308960e-02 7.501795887947082520e-02 1.359193865209817886e-02 2.931619063019752502e-02 2.232014201581478119e-02 7.050749380141496658e-03 3.198429010808467865e-03 9.992680512368679047e-03 2.069639414548873901e-02 4.845204949378967285e-02 5.092187970876693726e-02 1.807726337574422359e-03 1.774778962135314941e-02 2.474626712501049042e-02 3.566350042819976807e-02 7.350158412009477615e-03 3.749427199363708496e-02 4.362563043832778931e-02 9.444112330675125122e-02 2.860131487250328064e-02 2.665914362296462059e-03 5.000408366322517395e-02 3.754232451319694519e-02 2.390439808368682861e-02 3.170180693268775940e-02 1.297023426741361618e-02 3.107474558055400848e-02 1.260447199456393719e-03 1.439719181507825851e-02 1.234130188822746277e-02 4.220359027385711670e-02 2.673739567399024963e-02 4.811890050768852234e-02 2.333591133356094360e-02 6.444603204727172852e-02 2.791002392768859863e-02 5.041719228029251099e-02 4.167546704411506653e-02 7.390581071376800537e-03 3.488489193841814995e-03 1.183996256440877914e-02 1.125086750835180283e-02 2.624309621751308441e-02 1.145890448242425919e-02 1.196196116507053375e-02 7.317229639738798141e-03 4.395396262407302856e-02 5.579905211925506592e-02 3.443867340683937073e-02 4.361003637313842773e-03 4.955894500017166138e-02 3.836885094642639160e-02 4.223200306296348572e-02 3.281132131814956665e-02 4.692887421697378159e-03 1.193257868289947510e-01 9.234267473220825195e-02 3.608388453722000122e-02 9.646893478929996490e-03 4.123751446604728699e-02 2.223843149840831757e-02 1.309611182659864426e-02 2.646021172404289246e-02 4.571951180696487427e-02 9.569406509399414062e-03 4.687522724270820618e-02 1.145810168236494064e-02 1.990549825131893158e-02 1.278810203075408936e-02 4.492985084652900696e-02 7.690547965466976166e-03 4.321044683456420898e-02 4.140926524996757507e-02 5.398404784500598907e-03 4.393171146512031555e-02 4.757038131356239319e-02 4.896036908030509949e-02 3.068410791456699371e-03 3.987584263086318970e-02 6.891596131026744843e-04 2.499810885637998581e-03 5.616442766040563583e-03 2.748456038534641266e-02 4.007257521152496338e-03 5.740918219089508057e-02 1.545952912420034409e-02 7.902394980192184448e-03 6.117927841842174530e-03 2.880823612213134766e-02 1.666008308529853821e-02 4.847108200192451477e-02
1.691941544413566589e-02 1.833286322653293610e-02 3.227847814559936523e-02 4.368548393249511719e-01 7.577533274888992310e-02 5.072497576475143433e-02 1.155391335487365723e-02 2.505717240273952484e-02 7.666215766221284866e-03 3.339211642742156982e-02 6.873265374451875687e-03 7.446960080415010452e-03 2.550632879137992859e-02 2.655240008607506752e-03 2.578578144311904907e-02 1.456752978265285492e-02 5.886213388293981552e-03 1.694951020181179047e-02 4.355676844716072083e-02 9.870615787804126740e-03 3.056566044688224792e-02 7.098647765815258026e-03 5.388336256146430969e-02 4.831839352846145630e-03 7.780950516462326050e-03 2.002028003334999084e-02 4.826962575316429138e-02 2.738814800977706909e-02 6.402187515050172806e-03 4.807580634951591492e-02 3.148188581690192223e-03 4.818073660135269165e-02 1.511469483375549316e-02 5.486174952238798141e-03 2.425968647003173828e-02 6.180099211633205414e-03 5.147023499011993408e-02 1.286470238119363785e-02 2.889882773160934448e-02 2.081040479242801666e-02 1.302720792591571808e-02 3.851646929979324341e-02 2.299713902175426483e-02 3.504683449864387512e-02 2.892530895769596100e-02 3.432970121502876282e-02 7.516696583479642868e-03 4.148564487695693970e-02 3.131279721856117249e-02 2.870603837072849274e-02 4.909540712833404541e-02 4.423521086573600769e-02 8.403261192142963409e-03 2.016630023717880249e-02 4.027587547898292542e-02 1.627307943999767303e-02 2.884601242840290070e-02 5.645267292857170105e-02 5.305806919932365417e-02 2.453669533133506775e-02 4.613513872027397156e-02 1.833609130699187517e-04 6.570765282958745956e-03 1.373233925551176071e-02 4.765428137034177780e-03 1.183503656648099422e-03 2.970686741173267365e-02 4.105062037706375122e-02 8.769448846578598022e-03 2.597648184746503830e-03 2.859306894242763519e-02 3.015176765620708466e-02 1.344229280948638916e-01 1.644861511886119843e-02 6.366652250289916992e-02 2.430666983127593994e-02 4.101920872926712036e-02 2.224106714129447937e-02 2.057493850588798523e-02 2.026498317718505859e-02 5.064784362912178040e-02 3.113438934087753296e-02 1.114644035696983337e-01 4.906370490789413452e-02 3.760392963886260986e-02 6.587455281987786293e-04 4.165301844477653503e-02 3.185756504535675049e-02 8.580341935157775879e-03 4.728647693991661072e-02 7.372605148702859879e-03 1.600364968180656433e-02 4.450767859816551208e-02 5.394098907709121704e-02 7.515157107263803482e-03 2.686071582138538361e-02 6.046367064118385315e-02 3.670768812298774719e-02 2.706523612141609192e-02 2.373014949262142181e-02 3.458222001791000366e-02 2.461628243327140808e-02 3.000674210488796234e-02 3.530360758304595947e-02 2.524198777973651886e-02 1.050627790391445160e-03 2.048422209918498993e-02 3.332800790667533875e-02 4.881165456026792526e-03 4.197033587843179703e-03 1.348846312612295151e-02 3.447715193033218384e-02 1.691836491227149963e-02 4.367407038807868958e-02 4.892479255795478821e-02 2.269482053816318512e-02
1.998148113489151001e-02 2.397079765796661377e-02 2.997820265591144562e-02 7.577533274888992310e-02 4.406337141990661621e-01 4.783316329121589661e-02 3.880121558904647827e-02 4.848403856158256531e-02 1.274019759148359299e-02 3.601885586977005005e-02 3.109673224389553070e-02 4.527134075760841370e-02 3.927914425730705261e-02 4.147101566195487976e-02 4.796596709638834000e-03 1.657645404338836670e-02 3.968333452939987183e-02 2.730750292539596558e-02 3.310408815741539001e-02 4.840680956840515137e-02 4.038688540458679199e-02 1.809054240584373474e-02 3.363759815692901611e-02 2.260352671146392822e-02 2.963849902153015137e-02 3.140974417328834534e-02 2.581847459077835083e-02 1.353489886969327927e-02 9.466254152357578278e-03 9.259795479010790586e-05 4.815883003175258636e-03 4.868864268064498901e-02 4.681496322154998779e-02 1.272891089320182800e-02 1.789037510752677917e-02 5.597138032317161560e-02 3.811019659042358398e-02 5.853980034589767456e-02 6.954746693372726440e-02 7.265316694974899292e-02 6.287670228630304337e-03 1.905630575492978096e-03 5.577933788299560547e-02 1.637315005064010620e-02 1.525649987161159515e-02 5.419857054948806763e-02 2.224155142903327942e-02 2.840418182313442230e-02 8.115793578326702118e-03 1.851337589323520660e-02 4.039430245757102966e-02 1.932514132931828499e-03 3.365205135196447372e-03 1.042418275028467178e-02 1.239643339067697525e-02 1.410867366939783096e-02 2.872680500149726868e-02 3.839540854096412659e-02 9.223951958119869232e-03 2.221158891916275024e-02 2.390202367678284645e-03 4.365483671426773071e-02 1.443336717784404755e-02 1.485202554613351822e-02 6.802023388445377350e-03 1.630055531859397888e-02 4.383883439004421234e-03 1.008683000691235065e-03 4.827717319130897522e-02 1.247499417513608932e-02 1.812153495848178864e-02 1.549170631915330887e-02 5.709717422723770142e-02 1.611292944289743900e-03 1.022455617785453796e-01 1.291244663298130035e-02 2.639798261225223541e-02 1.805960573256015778e-02 4.223426058888435364e-02 3.851893544197082520e-02 4.136395081877708435e-02 4.641858488321304321e-02 7.037132233381271362e-02 1.162991002202033997e-01 2.649698639288544655e-03 1.409597508609294891e-02 1.562895812094211578e-02 7.430719211697578430e-03 1.839690841734409332e-02 5.261304602026939392e-02 2.622321434319019318e-02 2.478797920048236847e-02 2.201319485902786255e-02 2.222900651395320892e-02 6.141543388366699219e-02 4.046986624598503113e-02 1.355464383959770203e-02 1.389750250382348895e-04 1.369089540094137192e-02 1.424505561590194702e-02 6.386772543191909790e-02 9.058647789061069489e-03 1.013716217130422592e-02 3.742130100727081299e-02 5.470233783125877380e-02 3.494634851813316345e-02 9.554074704647064209e-02 1.125667616724967957e-02 3.236629813909530640e-02 3.128205984830856323e-02 2.929350174963474274e-02 2.116497792303562164e-02 3.021864034235477448e-02 1.081856433302164078e-02 1.533311139792203903e-02 5.207575485110282898e-02
7.150256633758544922e-02 9.223726391792297363e-02 4.539602249860763550e-02 5.072497576475143433e-02 4.783316329121589661e-02 4.344845414161682129e-01 1.207292973995208740e-01 4.495577141642570496e-02 2.017664164304733276e-02 8.246755227446556091e-03 5.827853083610534668e-02 3.751527145504951477e-02 8.647277951240539551e-02 1.283614709973335266e-02 4.203139990568161011e-02 3.562824800610542297e-02 1.290579530177637935e-04 3.808105364441871643e-02 1.330809760838747025e-02 9.265672415494918823e-03 1.476844493299722672e-02 2.796811610460281372e-02 1.781233586370944977e-02 1.919270120561122894e-02 3.686011210083961487e-02 2.608230337500572205e-03 3.753989562392234802e-02 3.052203543484210968e-02 4.100133851170539856e-02 1.905553042888641357e-02 4.928180947899818420e-03 4.816332086920738220e-02 4.660575464367866516e-02 3.002433292567729950e-02 4.245317727327346802e-02 4.446922242641448975e-02 1.504656579345464706e-02 2.232093177735805511e-02 1.576430164277553558e-02 9.880782105028629303e-03 8.546098135411739349e-03 1.320070959627628326e-02 8.817020803689956665e-03 7.188824936747550964e-03 2.435073442757129669e-02 3.963121026754379272e-02 1.494851708412170410e-01 5.363533273339271545e-02 1.450331974774599075e-02 3.140372689813375473e-03 4.461234807968139648e-02 2.298874966800212860e-02 1.667631044983863831e-02 3.099153190851211548e-02 3.831140324473381042e-02 3.350327536463737488e-02 2.849587937816977501e-03 8.168715052306652069e-03 1.350894011557102203e-02 3.142289817333221436e-02 4.996011778712272644e-02 3.073043748736381531e-02 1.010574959218502045e-02 4.161232709884643555e-02 5.248247832059860229e-02 2.679933048784732819e-02 2.685791580006480217e-03 3.388718888163566589e-02 3.114464506506919861e-02 5.353589728474617004e-02 3.972001001238822937e-02 5.400767549872398376e-02 2.284316159784793854e-02 2.384169399738311768e-02 4.318428784608840942e-02 4.467354342341423035e-02 2.049704268574714661e-02 1.879470073617994785e-03 4.280110076069831848e-02 9.720155969262123108e-03 3.675387799739837646e-02 4.407731071114540100e-02 1.668449677526950836e-02 1.333376578986644745e-02 2.167279459536075592e-02 2.860636077821254730e-02 4.062517546117305756e-03 1.833174005150794983e-02 2.983294799923896790e-02 3.845810890197753906e-02 5.027027800679206848e-02 3.356493543833494186e-03 5.971111729741096497e-02 2.347428351640701294e-02 6.849426310509443283e-03 2.141697704792022705e-02 1.045042532496154308e-03 3.687592968344688416e-02 9.939515590667724609e-02 8.721184916794300079e-03 4.731269553303718567e-02 8.705083280801773071e-03 3.704254701733589172e-02 1.547967456281185150e-02 2.627486921846866608e-02 6.298703956417739391e-04 3.869743645191192627e-02 4.282737150788307190e-02 8.968756534159183502e-03 1.206417288631200790e-02 3.679687902331352234e-02 3.274079412221908569e-02 5.519053712487220764e-02 3.287555277347564697e-02 2.396693453192710876e-03 3.226265311241149902e-02
1.118025332689285278e-01 1.266357749700546265e-01 2.041073702275753021e-02 1.155391335487365723e-02 3.880121558904647827e-02 1.207292973995208740e-01 4.608280062675476074e-01 4.524530470371246338e-02 4.474374279379844666e-02 2.703974023461341858e-02 1.279027014970779419e-01 4.517227411270141602e-02 8.212530612945556641e-02 1.934851147234439850e-02 2.188708819448947906e-02 3.469507768750190735e-02 9.707499295473098755e-03 7.278800942003726959e-03 4.994308203458786011e-02 9.348453022539615631e-03 7.658910006284713745e-03 1.249503402505069971e-04 4.583086818456649780e-02 4.184663295745849609e-02 1.237182226032018661e-02 9.344144724309444427e-03 2.903485856950283051e-02 4.055592045187950134e-02 5.371559783816337585e-02 3.485234454274177551e-02 1.671805279329419136e-03 3.457256592810153961e-03 1.003775000572204590e-02 6.765521597117185593e-03 1.483090128749608994e-02 9.262501262128353119e-03 1.138319354504346848e-02 1.103150937706232071e-02 4.619359597563743591e-02 3.294185921549797058e-02 9.736788459122180939e-03 4.619757086038589478e-02 5.071954429149627686e-02 1.633351785130798817e-03 1.465370412915945053e-02 1.347429025918245316e-02 1.309689581394195557e-01 1.349554359912872314e-01 5.219791829586029053e-02 2.766442298889160156e-02 2.707493305206298828e-02 3.418023884296417236e-02 4.319264367222785950e-02 1.506697479635477066e-02 2.733859466388821602e-03 1.677133550401777029e-04 2.344637410715222359e-03 1.503533311188220978e-02 5.032277107238769531e-02 3.406655043363571167e-02 3.723932057619094849e-02 7.700496818870306015e-03 3.999692946672439575e-02 1.812145672738552094e-02 4.849786683917045593e-02 9.005914628505706787e-02 5.504875443875789642e-04 3.947746381163597107e-02 1.469435915350914001e-02 5.764693021774291992e-02 2.229315228760242462e-02 4.438056051731109619e-02 3.123375214636325836e-02 2.576522342860698700e-02 3.190128132700920105e-02 1.210512779653072357e-02 4.269492346793413162e-03 1.859701983630657196e-02 1.366123650223016739e-02 4.686124250292778015e-02 3.336532413959503174e-02 9.662591619417071342e-04 4.834923148155212402e-02 5.253000929951667786e-02 4.044289514422416687e-02 3.565634042024612427e-02 1.331711770035326481e-03 2.536561712622642517e-02 2.298565767705440521e-02 5.079884454607963562e-02 5.377555266022682190e-02 4.349822923541069031e-02 2.792954817414283752e-02 5.234833434224128723e-02 5.147206410765647888e-02 3.413117304444313049e-02 1.171965245157480240e-02 7.603476289659738541e-03 6.810041517019271851e-02 3.613858297467231750e-02 5.316812172532081604e-02 5.295588169246912003e-03 2.897645346820354462e-02 3.095712698996067047e-02 2.299230918288230896e-02 8.936253376305103302e-03 4.034666344523429871e-02 4.424643516540527344e-02 3.092439845204353333e-02 2.208924293518066406e-02 7.719153538346290588e-03 4.786575958132743835e-02 1.343290205113589764e-03 1.191117614507675171e-02 2.289856085553765297e-03 2.422747015953063965e-02
6.948842201381921768e-03 3.536314703524112701e-03 1.582745313644409180e-01 2.505717240273952484e-02 4.848403856158256531e-02 4.495577141642570496e-02 4.524530470371246338e-02 4.301886260509490967e-01 1.923098042607307434e-02 2.721476368606090546e-02 2.847388945519924164e-02 3.003946505486965179e-02 5.562549456954002380e-02 3.531944938004016876e-03 3.255777060985565186e-02 1.010235678404569626e-02 3.776370361447334290e-02 1.558178849518299103e-02 4.535917658358812332e-03 2.225678227841854095e-02 4.982177168130874634e-02 8.969881571829319000e-03 2.182344347238540649e-02 4.187463968992233276e-02 1.351685356348752975e-02 3.926501795649528503e-02 4.088329151272773743e-03 2.574709057807922363e-02 6.535392720252275467e-03 1.477416511625051498e-02 4.586623981595039368e-02 4.882868751883506775e-02 1.787697151303291321e-02 2.802225016057491302e-02 2.172640990465879440e-03 2.167355455458164215e-02 3.274729475378990173e-02 5.592244118452072144e-02 3.602607548236846924e-02 5.020195990800857544e-02 1.307184901088476181e-02 1.967920176684856415e-02 2.829170972108840942e-02 8.724796772003173828e-02 3.151611308567225933e-04 4.532856121659278870e-02 4.227659106254577637e-02 3.271701186895370483e-02 2.191244997084140778e-02 4.237709194421768188e-02 4.108924046158790588e-02 1.270513422787189484e-02 2.459989115595817566e-02 1.463104039430618286e-02 4.253523051738739014e-02 2.592200413346290588e-02 5.822398699820041656e-03 2.605820074677467346e-02 2.658144198358058929e-02 2.631469815969467163e-02 3.435566276311874390e-02 6.606036331504583359e-03 2.392985485494136810e-02 1.362842414528131485e-02 2.634944207966327667e-02 3.786337375640869141e-02 5.380610818974673748e-04 1.905002072453498840e-02 1.676872186362743378e-02 9.677515365183353424e-03 3.000440262258052826e-02 1.900033652782440186e-02 1.975106820464134216e-02 2.413956262171268463e-02 1.287447870709002018e-03 2.750953659415245056e-02 3.866511583328247070e-02 4.175649955868721008e-02 4.154743626713752747e-03 5.146344006061553955e-02 1.864560693502426147e-01 1.157619208097457886e-01 5.243088677525520325e-02 3.391053527593612671e-02 2.251841686666011810e-02 3.913411870598793030e-02 8.844002336263656616e-02 4.701656475663185120e-02 1.850423030555248260e-02 1.440539676696062088e-02 2.146318182349205017e-02 1.477885711938142776e-02 1.558192539960145950e-02 3.017670707777142525e-03 4.463196173310279846e-02 2.525767497718334198e-02 3.775328770279884338e-02 8.817484602332115173e-03 2.124106278643012047e-03 4.253949038684368134e-03 2.641080645844340324e-03 1.268342137336730957e-02 9.057850576937198639e-03 1.945248618721961975e-02 2.139328420162200928e-02 2.762613818049430847e-02 1.338559389114379883e-02 9.545035660266876221e-03 4.517876077443361282e-03 2.823263639584183693e-03 2.604299783706665039e-02 3.275239467620849609e-02 1.699483953416347504e-02 3.969096392393112183e-02 3.884872049093246460e-02 7.152736932039260864e-02
2.189678139984607697e-02 3.532246127724647522e-02 1.398937869817018509e-02 7.666215766221284866e-03 1.274019759148359299e-02 2.017664164304733276e-02 4.474374279379844666e-02 1.923098042607307434e-02 4.251414537429809570e-01 1.112638041377067566e-01 5.174677446484565735e-02 4.556830972433090210e-02 1.518278568983078003e-02 3.180937469005584717e-02 6.175826117396354675e-02 2.463184483349323273e-02 4.379175603389739990e-02 7.603824883699417114e-02 4.823649674654006958e-02 2.799274958670139313e-02 1.651312597095966339e-02 1.327628968283534050e-03 3.004467673599720001e-02 1.765736192464828491e-02 7.184906397014856339e-03 4.291809350252151489e-02 2.985496260225772858e-02 2.665574476122856140e-02 3.088235482573509216e-02 4.367797449231147766e-02 5.818150565028190613e-02 5.062821507453918457e-02 1.006783545017242432e-02 2.355539053678512573e-02 1.233697123825550079e-02 3.039235435426235199e-02 4.327692836523056030e-02 3.573253005743026733e-02 7.016586605459451675e-03 4.999412596225738525e-02 3.609261941164731979e-03 2.561782253906130791e-03 3.554789721965789795e-02 2.755540609359741211e-02 5.352394655346870422e-02 2.792448550462722778e-02 7.030743639916181564e-03 3.393936157226562500e-02 4.047149792313575745e-02 5.367389693856239319e-02 2.812065370380878448e-02 5.204662214964628220e-03 1.444738730788230896e-02 3.966675698757171631e-02 2.229581400752067566e-02 4.805417358875274658e-02 4.033230990171432495e-02 6.155819166451692581e-03 1.158228144049644470e-02 1.051582675427198410e-02 9.517617523670196533e-03 3.977250307798385620e-02 5.373388063162565231e-03 1.654750853776931763e-02 3.574864938855171204e-02 3.057793155312538147e-02 2.169571816921234131e-02 6.095236632972955704e-03 8.834469318389892578e-02 7.588070817291736603e-03 4.138418659567832947e-02 4.356940463185310364e-02 2.662076614797115326e-02 2.700118161737918854e-02 3.122675791382789612e-02 7.999284192919731140e-03 1.191494688391685486e-01 4.500795039348304272e-04 6.609230488538742065e-02 1.787655241787433624e-02 3.233327344059944153e-02 1.625149324536323547e-02 3.580443933606147766e-02 5.238151550292968750e-02 2.494611591100692749e-02 4.048643261194229126e-02 2.043909020721912384e-02 8.015479892492294312e-03 9.589367359876632690e-02 4.278621077537536621e-02 6.483998149633407593e-02 4.470465704798698425e-02 2.385443821549415588e-02 2.126908116042613983e-02 4.965600743889808655e-02 3.644611313939094543e-02 3.621845319867134094e-02 4.469915106892585754e-02 2.101226150989532471e-02 8.069721050560474396e-03 4.155029077082872391e-03 4.393082112073898315e-02 4.444127529859542847e-02 2.139241620898246765e-02 6.133260950446128845e-02 8.628185838460922241e-03 3.169742971658706665e-02 1.409869082272052765e-02 4.581797495484352112e-02 1.536147668957710266e-02 3.747555613517761230e-02 4.964501783251762390e-02 1.866749487817287445e-02 4.673666134476661682e-02 1.296007446944713593e-02 3.622499853372573853e-02
4.931567981839179993e-02 1.724984496831893921e-02 1.989263296127319336e-02 3.339211642742156982e-02 3.601885586977005005e-02 8.246755227446556091e-03 2.703974023461341858e-02 2.721476368606090546e-02 1.112638041377067566e-01 4.250825941562652588e-01 4.384914878755807877e-03 2.564342878758907318e-02 6.521000526845455170e-03 2.926987409591674805e-02 9.617497213184833527e-03 4.664973914623260498e-02 2.915305458009243011e-02 3.470040112733840942e-02 6.269455701112747192e-02 1.050933264195919037e-02 6.995415687561035156e-02 9.610455483198165894e-03 9.586647152900695801e-02 8.967681787908077240e-03 9.526265785098075867e-03 1.550622167997062206e-03 1.800654083490371704e-02 3.932605683803558350e-02 3.632376715540885925e-02 2.194894850254058838e-02 2.695361338555812836e-02 4.226876050233840942e-02 1.394880469888448715e-02 8.979056961834430695e-03 1.753793284296989441e-02 1.945027336478233337e-02 4.708494246006011963e-02 1.445039734244346619e-02 3.712016716599464417e-02 5.713949352502822876e-02 3.781090304255485535e-02 3.401932865381240845e-02 5.497080832719802856e-02 3.933196887373924255e-02 2.804939262568950653e-02 3.136269748210906982e-02 3.282036259770393372e-02 2.955908700823783875e-02 3.495940566062927246e-02 4.573780670762062073e-02 8.584639988839626312e-03 1.966912765055894852e-03 1.638711243867874146e-02 4.339152202010154724e-02 3.825415298342704773e-02 1.509254705160856247e-02 4.039455950260162354e-02 8.654357865452766418e-03 2.140208380296826363e-03 1.599089987576007843e-02 4.948586970567703247e-02 1.839397847652435303e-02 3.936019260436296463e-03 5.238784477114677429e-02 3.137508034706115723e-02 4.642817750573158264e-02 3.714105859398841858e-02 2.610613778233528137e-02 1.553936116397380829e-02 1.221571490168571472e-02 3.668909519910812378e-02 1.041391515173017979e-03 3.583917859941720963e-03 3.054106794297695160e-02 3.556761145591735840e-02 4.676857031881809235e-03 2.379099093377590179e-02 1.429436206817626953e-01 1.623531058430671692e-02 3.753968700766563416e-02 4.468665644526481628e-02 3.475862741470336914e-02 3.572885692119598389e-02 3.282371908426284790e-02 5.055959895253181458e-02 3.954798355698585510e-02 3.108294308185577393e-02 3.229249268770217896e-02 1.974147930741310120e-02 6.358606368303298950e-02 1.159196346998214722e-02 5.256778374314308167e-02 2.749093994498252869e-02 5.068760737776756287e-02 4.764273390173912048e-02 5.018203984946012497e-03 6.784791499376296997e-02 2.343652211129665375e-02 2.073249081149697304e-03 3.920340165495872498e-02 4.280722513794898987e-02 4.707263037562370300e-02 4.150997102260589600e-02 2.659391378983855247e-03 4.152337834239006042e-02 3.520462289452552795e-02 4.924864694476127625e-02 5.062624439597129822e-02 2.282907441258430481e-02 2.732315100729465485e-02 2.486368454992771149e-02 4.416231065988540649e-02 3.581923246383666992e-02 2.402255497872829437e-02 9.178407490253448486e-03 2.027724869549274445e-02
1.447257101535797119e-01 1.503611803054809570e-01 2.979695610702037811e-02 6.873265374451875687e-03 3.109673224389553070e-02 5.827853083610534668e-02 1.279027014970779419e-01 2.847388945519924164e-02 5.174677446484565735e-02 4.384914878755807877e-03 4.522078037261962891e-01 4.618249461054801941e-02 1.261280328035354614e-01 2.109165489673614502e-02 6.068271026015281677e-02 1.661982573568820953e-02 3.324426338076591492e-02 7.782405737088993192e-05 4.642038419842720032e-02 2.432052232325077057e-02 2.018152177333831787e-02 2.763217501342296600e-02 2.072423323988914490e-02 2.134542912244796753e-02 2.905054762959480286e-02 2.250149287283420563e-02 8.274036459624767303e-03 9.515339508652687073e-03 5.598189681768417358e-02 7.024028804153203964e-03 3.137759864330291748e-02 2.305709011852741241e-02 4.805152863264083862e-02 1.613187603652477264e-02 1.656801812350749969e-02 2.788722328841686249e-02 2.505894564092159271e-02 3.192071989178657532e-02 3.641346096992492676e-02 4.332131892442703247e-02 2.457933686673641205e-02 2.511912398040294647e-02 3.700808435678482056e-02 1.161508820950984955e-02 1.000132691115140915e-02 1.839224621653556824e-02 4.489259049296379089e-02 4.932862147688865662e-02 2.205752395093441010e-02 1.635704189538955688e-02 2.740777097642421722e-03 1.216684840619564056e-02 4.060177616338478401e-06 3.585228696465492249e-02 6.762360222637653351e-03 1.421280438080430031e-03 3.054190054535865784e-02 4.420351609587669373e-02 2.622233470901846886e-03 3.098181635141372681e-02 3.279270976781845093e-02 4.032744467258453369e-02 1.648180000483989716e-02 2.917541936039924622e-02 3.619327023625373840e-02 1.142564415931701660e-02 2.164812199771404266e-02 3.211202472448348999e-02 1.606963761150836945e-02 2.768106199800968170e-02 2.406189590692520142e-02 3.025635378435254097e-03 5.417395848780870438e-03 3.168053179979324341e-02 1.197110395878553391e-02 1.923895254731178284e-02 4.998678714036941528e-02 4.169376567006111145e-02 4.075712058693170547e-03 3.011871501803398132e-02 3.122128546237945557e-02 1.978222280740737915e-02 4.737495258450508118e-02 4.099528491497039795e-02 2.165682055056095123e-02 3.287973348051309586e-03 8.195010013878345490e-03 3.228054195642471313e-02 3.988001123070716858e-02 2.717873826622962952e-02 6.739916652441024780e-02 3.956071659922599792e-02 1.852446608245372772e-02 6.014312151819467545e-03 6.457607727497816086e-03 1.759218424558639526e-02 3.267490537837147713e-03 1.328404154628515244e-02 5.280445143580436707e-02 9.946990758180618286e-03 6.704107392579317093e-03 2.975795045495033264e-02 4.192043095827102661e-02 4.019628837704658508e-02 3.751020506024360657e-02 2.126720547676086426e-02 5.619099363684654236e-02 1.245271880179643631e-02 4.420012235641479492e-03 2.564612962305545807e-02 2.290028333663940430e-02 1.870387978851795197e-02 5.224307999014854431e-02 3.817543387413024902e-02 2.841403475031256676e-03 7.246117573231458664e-03
5.116464942693710327e-02 4.251305758953094482e-02 3.543111681938171387e-02 7.446960080415010452e-03 4.527134075760841370e-02 3.751527145504951477e-02 4.517227411270141602e-02 3.003946505486965179e-02 4.556830972433090210e-02 2.564342878758907318e-02 4.618249461054801941e-02 4.213775694370269775e-01 4.794238880276679993e-02 1.841461807489395142e-01 1.273746043443679810e-02 8.945722947828471661e-04 2.169866301119327545e-02 1.015261095017194748e-02 4.908724501729011536e-02 2.482448145747184753e-02 2.580902352929115295e-02 4.316603019833564758e-02 1.542839128524065018e-02 1.352453231811523438e-02 7.966007106006145477e-03 2.478463342413306236e-03 1.828048564493656158e-02 4.684133827686309814e-02 2.899809554219245911e-02 2.462658099830150604e-02 6.423876434564590454e-02 4.863976035267114639e-03 3.007953800261020660e-02 3.089182823896408081e-02 2.016376517713069916e-02 3.182126209139823914e-02 7.899442687630653381e-03 4.199371114373207092e-02 5.799987167119979858e-02 1.988976635038852692e-02 5.536405369639396667e-02 1.234983839094638824e-02 5.386175215244293213e-02 1.007786206901073456e-02 1.474351808428764343e-02 4.656131193041801453e-02 2.893744595348834991e-02 3.600400313735008240e-02 4.382592812180519104e-02 6.014975951984524727e-04 4.419075697660446167e-02 4.649217426776885986e-02 2.072747796773910522e-02 1.444770209491252899e-02 5.377153400331735611e-03 4.088529944419860840e-02 6.039455905556678772e-02 1.809756830334663391e-02 5.171230807900428772e-02 6.086964160203933716e-02 4.418645519763231277e-03 5.423878133296966553e-02 1.592090848134830594e-04 2.221015095710754395e-02 3.198852762579917908e-02 3.823515400290489197e-02 2.934393286705017090e-02 1.327518466860055923e-02 2.011162601411342621e-02 8.421377860940992832e-04 4.323129833210259676e-04 1.660540886223316193e-02 3.747206553816795349e-02 4.945277795195579529e-02 1.372782886028289795e-02 2.609361708164215088e-02 1.685989409452304244e-04 1.272902009077370167e-03 2.234600670635700226e-02 1.766588725149631500e-02 9.408660233020782471e-03 1.995875500142574310e-02 5.673541128635406494e-02 2.273973450064659119e-02 5.974449962377548218e-02 2.710295282304286957e-02 2.155729383230209351e-02 2.124232240021228790e-02 9.175346046686172485e-02 6.060183793306350708e-02 2.286539971828460693e-02 7.816412486135959625e-03 6.735165603458881378e-03 2.174310572445392609e-02 3.911550343036651611e-02 9.586107917129993439e-03 7.485484238713979721e-03 7.505336776375770569e-03 1.419631019234657288e-02 9.770942851901054382e-03 3.270172700285911560e-02 4.986239597201347351e-03 4.841868206858634949e-02 2.440356463193893433e-02 3.373991232365369797e-03 2.221289649605751038e-02 4.705466330051422119e-02 4.129235818982124329e-02 2.707394771277904510e-02 2.870162576436996460e-02 2.614426612854003906e-02 3.721233806572854519e-04 1.720321178436279297e-02 1.252356730401515961e-02 4.187843576073646545e-02 3.147197142243385315e-02
1.142422035336494446e-01 1.538364440202713013e-01 2.316518872976303101e-02 2.550632879137992859e-02 3.927914425730705261e-02 8.647277951240539551e-02 8.212530612945556641e-02 5.562549456954002380e-02 1.518278568983078003e-02 6.521000526845455170e-03 1.261280328035354614e-01 4.794238880276679993e-02 4.587252438068389893e-01 3.516887873411178589e-02 2.427958510816097260e-02 2.754273591563105583e-03 4.438918083906173706e-03 3.089801780879497528e-02 2.023665979504585266e-02 1.301771588623523712e-02 4.926834255456924438e-02 2.363677509129047394e-02 4.468442872166633606e-02 1.911636255681514740e-02 5.100780352950096130e-02 3.101366199553012848e-02 4.948415607213973999e-02 4.523852095007896423e-02 6.776224076747894287e-02 5.796768236905336380e-03 5.420732870697975159e-02 3.036484587937593460e-03 1.096624135971069336e-02 1.188457943499088287e-03 2.192545682191848755e-02 8.648620918393135071e-03 3.010077774524688721e-02 4.127237014472484589e-03 4.385162144899368286e-02 5.057086050510406494e-02 1.903505623340606689e-02 4.541013389825820923e-02 5.609839782118797302e-02 1.251638284884393215e-03 1.666288450360298157e-02 2.080567926168441772e-02 8.939370512962341309e-02 1.382037531584501266e-02 4.541758075356483459e-02 2.076112478971481323e-02 3.181178867816925049e-02 4.752258583903312683e-02 9.380230680108070374e-03 2.202620357275009155e-02 4.228427261114120483e-02 1.463830377906560898e-02 1.879002340137958527e-02 2.065726928412914276e-02 6.085643079131841660e-03 3.413639590144157410e-02 2.337697334587574005e-02 4.628798738121986389e-02 2.253347262740135193e-02 3.998151794075965881e-02 7.722926326096057892e-03 3.324730321764945984e-02 4.225386306643486023e-02 2.611104771494865417e-02 1.423407439142465591e-02 3.382249921560287476e-02 3.548766253516077995e-03 3.196855634450912476e-02 2.088933996856212616e-02 3.209955245256423950e-02 4.651021584868431091e-02 1.279451791197061539e-02 2.512292470782995224e-03 5.461887922137975693e-03 1.051098853349685669e-02 5.614302586764097214e-03 3.542034700512886047e-02 5.270278081297874451e-02 4.758663475513458252e-02 2.283028885722160339e-02 3.434797748923301697e-02 4.613288119435310364e-02 3.662092844024300575e-03 3.439563885331153870e-02 2.193189039826393127e-02 2.582413516938686371e-02 5.457562953233718872e-02 6.812992040067911148e-03 5.422219634056091309e-02 3.751569241285324097e-02 1.935882493853569031e-03 3.726647421717643738e-02 2.743664570152759552e-02 3.587384708225727081e-03 5.212595686316490173e-02 8.345476351678371429e-03 6.127168890088796616e-03 5.515480041503906250e-02 3.046439588069915771e-02 1.942029921337962151e-03 4.202545061707496643e-02 5.558093637228012085e-02 3.613762184977531433e-02 4.419681057333946228e-02 1.543041039258241653e-02 3.368157148361206055e-02 4.845128208398818970e-02 7.848281413316726685e-03 1.851933635771274567e-02 3.920118324458599091e-03 3.482315316796302795e-02 2.517179585993289948e-02
