4.719752669334411621e-01 2.029541581869125366e-01 1.771940849721431732e-02 3.208273276686668396e-02 3.262764215469360352e-02 6.457060575485229492e-02 3.628412634134292603e-02 2.882877551019191742e-02 2.975456789135932922e-02 1.214853487908840179e-03 1.225958839058876038e-01 9.749679593369364738e-04 9.638643264770507812e-02 4.987795371562242508e-03 3.398574143648147583e-02 4.779269918799400330e-02 5.571706965565681458e-02 7.046652957797050476e-03 1.402042340487241745e-02 4.207707196474075317e-02 7.834377698600292206e-03 1.473882887512445450e-02 7.184634450823068619e-04 1.424378063529729843e-02 2.047512494027614594e-02 2.328322455286979675e-02 2.685839869081974030e-02 5.342267919331789017e-03 3.152683842927217484e-03 2.117545343935489655e-02 2.161091193556785583e-02 3.464756533503532410e-02 1.137468032538890839e-02 4.520754516124725342e-02 1.285709720104932785e-02 4.099590331315994263e-02 3.129699081182479858e-02 1.199280843138694763e-02 3.163636103272438049e-02 5.228882655501365662e-03 2.107221074402332306e-02 3.783411532640457153e-02 4.844489693641662598e-02 3.764844313263893127e-02 2.074181474745273590e-02 1.090757269412279129e-02 3.163927793502807617e-02 2.277768217027187347e-02 2.070933207869529724e-02 5.047232378274202347e-03 1.597647368907928467e-02 9.078683331608772278e-03 2.938404865562915802e-02 2.538628317415714264e-02 4.233013466000556946e-02 5.971673876047134399e-02 2.933707274496555328e-02 2.902673743665218353e-02 4.559121653437614441e-02 3.835958987474441528e-02 1.107238978147506714e-02 6.003095768392086029e-03 3.654484078288078308e-02 4.180657863616943359e-02 5.444930400699377060e-03 2.395593561232089996e-02 3.022911027073860168e-02 2.920231968164443970e-02 4.604414477944374084e-02 5.083760991692543030e-02 4.169449210166931152e-02 1.170886401087045670e-02 2.386549860239028931e-02 2.066241810098290443e-03 3.188712149858474731e-02 2.768604643642902374e-02 3.286369889974594116e-02 2.903092652559280396e-03 8.945667184889316559e-03 2.945768088102340698e-02 1.372374128550291061e-02 5.506562441587448120e-02 6.045890040695667267e-03 3.269436210393905640e-02 1.998188160359859467e-02 1.411583553999662399e-02 5.133929476141929626e-02 1.369676459580659866e-02 3.491310402750968933e-02 3.772605210542678833e-02 2.703745849430561066e-02 2.381896041333675385e-02 4.163425788283348083e-02 1.873381622135639191e-02 4.181359708309173584e-02 3.474866971373558044e-02 3.230066224932670593e-02 2.425902709364891052e-02 4.950294643640518188e-02 4.732473939657211304e-02 3.870998322963714600e-02 4.451816529035568237e-02 5.122118629515171051e-03 4.179883375763893127e-02 4.181747138500213623e-02 2.795285778120160103e-03 1.344552170485258102e-02 8.646199479699134827e-03 4.399678111076354980e-02 1.196354045532643795e-03 1.592188701033592224e-02 2.543986402451992035e-02 1.630500145256519318e-02 4.712982103228569031e-03 1.076224166899919510e-02 3.032739832997322083e-02
2.029541581869125366e-01 4.697987437248229980e-01 5.837408360093832016e-03 1.765353418886661530e-02 1.519745215773582458e-02 9.275989979505538940e-02 9.571599215269088745e-02 1.192126981914043427e-02 4.740937054157257080e-02 9.073072113096714020e-03 1.020630002021789551e-01 4.618293140083551407e-03 9.765797108411788940e-02 3.617498278617858887e-02 1.025203056633472443e-02 2.704443596303462982e-02 2.669093571603298187e-02 3.246295824646949768e-02 4.295128583908081055e-02 2.827486582100391388e-02 1.577052869834005833e-03 3.788067400455474854e-02 2.803691430017352104e-03 9.222846478223800659e-03 3.880018368363380432e-02 4.501404240727424622e-02 3.291733935475349426e-02 1.110519398935139179e-03 3.411195054650306702e-02 1.825786940753459930e-02 4.446045309305191040e-02 4.534465819597244263e-02 3.216739371418952942e-02 3.970518708229064941e-02 3.449429944157600403e-02 2.161626890301704407e-02 6.831753998994827271e-03 1.234186533838510513e-02 2.763583697378635406e-02 1.976143196225166321e-02 1.657632738351821899e-02 1.827615313231945038e-03 2.080896496772766113e-02 6.084335222840309143e-02 2.954077161848545074e-02 4.052059724926948547e-03 9.136031381785869598e-03 2.175091952085494995e-02 1.465011853724718094e-02 3.461292013525962830e-03 2.045473828911781311e-02 1.112859696149826050e-02 6.218017544597387314e-03 1.281975302845239639e-02 2.236387692391872406e-03 1.868117600679397583e-02 9.311617352068424225e-03 2.302009053528308868e-02 3.138040378689765930e-02 2.381867729127407074e-02 4.466442763805389404e-02 4.488690197467803955e-02 1.029753684997558594e-02 1.031459961086511612e-02 1.171799935400485992e-02 3.986969590187072754e-02 4.851047694683074951e-02 2.147644571959972382e-02 4.799873381853103638e-02 1.039450895041227341e-02 3.482986241579055786e-02 3.721612691879272461e-02 1.992088742554187775e-02 1.603905297815799713e-02 5.174892395734786987e-02 1.064146216958761215e-02 4.106421023607254028e-02 3.914480656385421753e-02 1.829734770581126213e-03 8.646805770695209503e-03 6.911717355251312256e-03 3.006026148796081543e-02 2.213856671005487442e-03 8.086292073130607605e-03 2.209613285958766937e-02 2.676635235548019409e-02 1.616139151155948639e-02 1.072319783270359039e-02 3.783117234706878662e-02 6.834266334772109985e-02 3.743650764226913452e-02 9.208197705447673798e-03 5.267157405614852905e-02 3.808604925870895386e-02 2.459955215454101562e-02 3.583524376153945923e-02 7.661991752684116364e-03 2.272925153374671936e-02 4.265391454100608826e-02 4.409157112240791321e-02 3.192567825317382812e-02 3.615432977676391602e-02 2.177448477596044540e-03 3.277176618576049805e-02 2.441707625985145569e-02 8.398645557463169098e-03 3.427588939666748047e-02 1.047602947801351547e-02 2.781638689339160919e-02 1.493604108691215515e-02 1.218011253513395786e-03 5.039734765887260437e-03 3.431009501218795776e-02 3.916103392839431763e-02 7.674860302358865738e-03 5.721282958984375000e-02
1.771940849721431732e-02 5.837408360093832016e-03 4.537786245346069336e-01 2.329557947814464569e-02 2.714987844228744507e-02 2.931841276586055756e-02 3.111415915191173553e-02 1.153267920017242432e-01 4.520400241017341614e-02 1.534568052738904953e-02 2.008016034960746765e-02 1.204680884256958961e-03 1.621410623192787170e-02 4.561687260866165161e-02 5.042118206620216370e-02 9.490609169006347656e-03 8.546056225895881653e-03 4.525109194219112396e-03 5.217674002051353455e-02 2.726695500314235687e-02 1.277790963649749756e-02 3.565457835793495178e-02 3.107185848057270050e-02 2.649457752704620361e-02 3.977380692958831787e-03 1.097978278994560242e-02 2.982577122747898102e-02 4.054175689816474915e-02 3.126163035631179810e-02 2.118488587439060211e-02 8.587423944845795631e-04 1.031738519668579102e-02 2.331636473536491394e-02 5.359013564884662628e-03 3.959123417735099792e-02 6.143519422039389610e-04 2.758981194347143173e-03 4.359204322099685669e-02 9.932002983987331390e-03 2.895700559020042419e-02 3.496823459863662720e-02 2.002808079123497009e-02 8.750438690185546875e-02 6.045873742550611496e-03 3.682930022478103638e-02 3.978164121508598328e-02 1.493375515565276146e-03 3.504469990730285645e-02 2.495762705802917480e-02 3.278275579214096069e-02 2.418666705489158630e-02 1.515115873189643025e-04 6.201420910656452179e-04 3.094377741217613220e-02 1.902129687368869781e-02 1.855736225843429565e-02 8.104965090751647949e-04 7.151100784540176392e-03 1.870605722069740295e-02 1.892562955617904663e-02 2.207861468195915222e-02 3.358506783843040466e-02 3.375655040144920349e-02 2.062136866152286530e-02 1.730071008205413818e-02 1.028381939977407455e-02 4.998629540205001831e-02 3.406696766614913940e-02 1.912163197994232178e-02 4.085048288106918335e-02 2.596460469067096710e-02 2.670235931873321533e-02 4.205084592103958130e-02 4.612893983721733093e-02 3.598593920469284058e-02 5.138228088617324829e-02 2.162108756601810455e-02 4.020006209611892700e-02 4.194137454032897949e-02 3.910795599222183228e-02 1.639237850904464722e-01 6.346237659454345703e-02 1.588205993175506592e-02 1.979802764253690839e-04 2.617257647216320038e-02 4.033423215150833130e-02 3.340083360671997070e-02 3.128161281347274780e-02 2.805986255407333374e-02 3.143178299069404602e-02 4.102331772446632385e-02 4.260374233126640320e-03 1.339627616107463837e-02 3.142993152141571045e-02 3.789659962058067322e-02 5.420152097940444946e-03 5.425194650888442993e-02 4.645694419741630554e-02 5.081237480044364929e-02 3.156700357794761658e-02 7.525276858359575272e-03 4.425103962421417236e-02 1.656752824783325195e-02 3.201068937778472900e-02 2.603522129356861115e-02 3.141093254089355469e-02 1.046726293861865997e-02 4.503760952502489090e-03 4.340208694338798523e-02 1.035824511200189590e-02 8.157170563936233521e-02 9.353195875883102417e-02 3.668085858225822449e-02 4.533650726079940796e-02 4.706794396042823792e-02 5.944766849279403687e-02
3.208273276686668396e-02 1.765353418886661530e-02 2.329557947814464569e-02 4.470378458499908447e-01 1.314782798290252686e-01 2.625333378091454506e-03 4.963972792029380798e-02 3.206818178296089172e-02 1.591195538640022278e-02 3.508141264319419861e-02 1.927311532199382782e-02 2.861555479466915131e-02 1.810235087759792805e-03 5.776903126388788223e-03 1.612235791981220245e-02 4.375993739813566208e-03 1.862600445747375488e-02 2.923498116433620453e-02 2.315458655357360840e-02 3.621417656540870667e-02 8.037833869457244873e-02 1.216746866703033447e-02 4.655137192457914352e-03 3.494857519399374723e-04 6.556760054081678391e-03 3.182788193225860596e-02 6.543936207890510559e-03 1.426150370389223099e-02 2.843167260289192200e-02 1.606854796409606934e-02 4.235378000885248184e-03 2.785644307732582092e-02 9.801290929317474365e-03 1.407821476459503174e-02 2.008321322500705719e-02 4.302797466516494751e-02 4.583496227860450745e-02 2.986009977757930756e-02 6.980343908071517944e-02 1.711599156260490417e-02 2.095105499029159546e-02 3.940819576382637024e-02 4.773845151066780090e-02 1.681692665442824364e-03 3.871159628033638000e-03 7.000276818871498108e-03 3.199053183197975159e-02 2.165690809488296509e-02 1.169469906017184258e-03 9.237634018063545227e-03 4.614752833731472492e-04 2.485059015452861786e-02 1.012305729091167450e-02 6.401429418474435806e-03 1.370043866336345673e-02 1.388274133205413818e-02 2.023331634700298309e-02 3.380707278847694397e-02 4.432884976267814636e-02 1.859690994024276733e-02 1.579086296260356903e-02 5.052881315350532532e-02 3.055120632052421570e-02 4.123283550143241882e-02 3.405000269412994385e-02 4.306923970580101013e-02 5.421596113592386246e-03 4.882173985242843628e-02 3.168728202581405640e-02 1.512655895203351974e-02 2.736202068626880646e-02 6.403927691280841827e-04 1.468789279460906982e-01 2.805491164326667786e-02 4.937871173024177551e-02 4.203034564852714539e-02 1.970404572784900665e-02 3.285486996173858643e-02 4.455808177590370178e-02 9.426875039935112000e-03 4.523034766316413879e-02 1.199838519096374512e-02 7.461410015821456909e-02 1.463695894926786423e-02 1.101132575422525406e-02 4.577312245965003967e-02 1.759646111167967319e-03 7.110008597373962402e-02 2.138827182352542877e-02 5.078697204589843750e-02 2.044916525483131409e-02 8.179307915270328522e-03 6.133720278739929199e-03 2.119876816868782043e-02 4.407401010394096375e-02 4.169240593910217285e-02 6.780964322388172150e-03 3.916054591536521912e-02 3.223930671811103821e-02 1.884483918547630310e-02 3.567526489496231079e-02 1.091063208878040314e-02 2.629085071384906769e-02 2.050089277327060699e-02 4.365405067801475525e-02 9.840411134064197540e-03 4.383155703544616699e-02 3.617039322853088379e-02 5.479051615111529827e-04 9.094883687794208527e-03 2.702475711703300476e-02 9.815688244998455048e-04 2.073448337614536285e-02 1.134905032813549042e-02 2.560191787779331207e-03 2.419613860547542572e-02
3.262764215469360352e-02 1.519745215773582458e-02 2.714987844228744507e-02 1.314782798290252686e-01 4.589062035083770752e-01 4.804776050150394440e-03 4.529657959938049316e-02 3.488130122423171997e-02 6.005147099494934082e-02 2.033351548016071320e-02 4.003931581974029541e-02 8.052361197769641876e-03 2.118653431534767151e-02 1.432562014088034630e-03 1.736690849065780640e-02 5.576717108488082886e-02 2.562296763062477112e-02 2.207331359386444092e-02 2.225109562277793884e-02 2.770240418612957001e-02 1.555219851434230804e-02 2.313482575118541718e-02 3.694488853216171265e-02 2.977148629724979401e-02 8.920195512473583221e-03 1.259655458852648735e-03 7.031329907476902008e-03 4.372203722596168518e-02 5.531882401555776596e-03 3.252100944519042969e-02 2.498619072139263153e-02 4.202860966324806213e-02 4.288974031805992126e-02 5.721289291977882385e-02 2.580105094239115715e-03 3.565074130892753601e-02 4.407953470945358276e-02 2.867340110242366791e-02 8.221805840730667114e-02 9.373819828033447266e-02 9.233405813574790955e-03 3.513654228299856186e-03 3.253104537725448608e-02 1.916751451790332794e-02 2.948415279388427734e-02 4.644752945750951767e-03 3.830534592270851135e-02 2.989324554800987244e-02 4.504016786813735962e-02 2.843252941966056824e-02 2.501687221229076385e-02 1.907116360962390900e-02 4.937565419822931290e-03 1.974715478718280792e-02 3.782121464610099792e-02 1.166586205363273621e-02 2.657316997647285461e-02 2.827562578022480011e-02 3.692908585071563721e-02 1.481611747294664383e-02 3.521732240915298462e-02 1.042793616652488708e-01 2.207790128886699677e-02 1.416237466037273407e-02 2.801070362329483032e-02 1.790617592632770538e-02 3.450495749711990356e-02 9.262699633836746216e-03 1.749698817729949951e-02 2.375071682035923004e-02 1.132862176746129990e-02 1.742837391793727875e-02 1.019288003444671631e-01 5.698675289750099182e-02 8.751176297664642334e-02 3.345127776265144348e-02 3.249637037515640259e-02 7.696748711168766022e-03 3.765590954571962357e-03 4.778374359011650085e-02 1.144869346171617508e-02 1.551292464137077332e-02 5.821596831083297729e-02 9.972869604825973511e-02 3.204032313078641891e-03 4.140444099903106689e-02 4.053024947643280029e-02 2.951203100383281708e-02 9.307982400059700012e-03 5.682434421032667160e-03 4.466003924608230591e-02 1.762567274272441864e-02 2.328809723258018494e-02 1.996474340558052063e-02 2.228108234703540802e-02 7.618925720453262329e-02 9.720914065837860107e-03 2.024185471236705780e-02 2.441079542040824890e-02 2.409561164677143097e-02 4.527722299098968506e-02 3.177287988364696503e-03 1.800887100398540497e-02 8.094438351690769196e-03 4.774937406182289124e-02 4.699721559882164001e-02 5.341267213225364685e-03 4.533651098608970642e-02 1.495749037712812424e-02 4.245705902576446533e-02 2.137006074190139771e-02 3.045468591153621674e-02 1.433725561946630478e-02 3.474318608641624451e-02 6.856473162770271301e-03 3.788238391280174255e-02
6.457060575485229492e-02 9.275989979505538940e-02 2.931841276586055756e-02 2.625333378091454506e-03 4.804776050150394440e-03 4.729394018650054932e-01 1.698388606309890747e-01 4.668540880084037781e-02 5.211896263062953949e-03 1.098463032394647598e-02 7.983435690402984619e-02 5.999689921736717224e-02 9.567547589540481567e-02 8.202040195465087891e-02 8.806294761598110199e-03 1.509605720639228821e-02 7.035914342850446701e-03 1.150678936392068863e-02 5.056591331958770752e-02 8.436605334281921387e-03 4.901311360299587250e-03 5.041505210101604462e-03 3.660783171653747559e-02 2.999805472791194916e-02 2.614307031035423279e-02 3.026655316352844238e-02 2.349527552723884583e-02 1.663045398890972137e-02 5.213156342506408691e-02 5.287988111376762390e-03 3.191962093114852905e-02 2.234344743192195892e-02 4.019008483737707138e-03 1.389292441308498383e-02 4.836660623550415039e-02 2.172903344035148621e-02 1.978388987481594086e-02 1.202950067818164825e-02 1.582600921392440796e-02 5.156483384780585766e-04 3.756604716181755066e-02 4.185716388747096062e-04 7.614928763359785080e-03 4.479531198740005493e-02 2.280515059828758240e-02 1.884686574339866638e-02 6.088869273662567139e-02 7.591348886489868164e-02 5.305733159184455872e-02 2.877319417893886566e-02 2.527772262692451477e-02 2.746275067329406738e-02 2.266735024750232697e-02 7.344376761466264725e-03 4.991922527551651001e-02 3.203391656279563904e-02 2.929863892495632172e-02 7.542803883552551270e-03 1.549198199063539505e-02 2.028418472036719322e-03 1.428971718996763229e-02 2.464995160698890686e-02 2.244771458208560944e-02 2.724342793226242065e-02 5.166906490921974182e-02 3.478934522718191147e-03 2.829891070723533630e-02 3.952069953083992004e-02 1.051333919167518616e-02 3.007361292839050293e-02 1.648805849254131317e-02 3.586081042885780334e-02 3.953068703413009644e-02 3.946938738226890564e-02 4.139866307377815247e-02 3.078057989478111267e-02 1.185693778097629547e-02 6.517051719129085541e-03 2.888131886720657349e-02 1.705828355625271797e-03 4.489507898688316345e-02 4.689418897032737732e-02 1.565123721957206726e-02 2.912410534918308258e-02 2.993400394916534424e-02 4.447765648365020752e-02 2.810008451342582703e-02 1.481660921126604080e-02 3.650584071874618530e-02 1.926950551569461823e-02 3.283378481864929199e-02 8.539315313100814819e-04 1.930230669677257538e-02 1.524166110903024673e-02 3.709806501865386963e-02 1.912024617195129395e-02 1.048795692622661591e-02 4.484535381197929382e-02 5.806201137602329254e-03 1.287955138832330704e-02 1.994555070996284485e-02 9.863212704658508301e-03 3.931564465165138245e-02 1.264287438243627548e-02 4.654025658965110779e-02 2.093968912959098816e-02 3.077179566025733948e-02 1.295131165534257889e-02 8.031517267227172852e-03 5.769515782594680786e-02 2.237675152719020844e-02 8.875859901309013367e-03 2.155974134802818298e-02 1.329767704010009766e-02 2.349961549043655396e-02 4.576832987368106842e-03
3.628412634134292603e-02 9.571599215269088745e-02 3.111415915191173553e-02 4.963972792029380798e-02 4.529657959938049316e-02 1.698388606309890747e-01 4.764035046100616455e-01 4.179126396775245667e-02 1.146806971519254148e-04 2.940801717340946198e-02 4.894676804542541504e-02 4.166365042328834534e-02 6.959273666143417358e-02 5.146313831210136414e-02 5.291912704706192017e-02 3.560208901762962341e-02 2.894151024520397186e-02 2.929263375699520111e-02 1.954872347414493561e-02 4.788061231374740601e-02 3.848464787006378174e-02 3.833296895027160645e-02 1.732729747891426086e-02 1.263696700334548950e-03 2.299706637859344482e-02 1.840951479971408844e-02 1.748838275671005249e-02 3.258436336182057858e-04 5.679132044315338135e-02 1.614249311387538910e-02 2.886676043272018433e-02 3.810853883624076843e-02 1.044116821140050888e-02 3.912706300616264343e-02 2.698882296681404114e-02 2.727884985506534576e-02 1.182159222662448883e-02 2.061864733695983887e-02 8.708755485713481903e-04 1.284622214734554291e-02 3.384137526154518127e-02 1.123723667114973068e-02 1.853166380897164345e-03 5.175264552235603333e-02 1.326448749750852585e-02 2.369249984622001648e-02 6.680331379175186157e-02 1.228430569171905518e-01 5.674666911363601685e-02 2.193239517509937286e-02 2.796042535919696093e-04 9.397350950166583061e-04 3.306518122553825378e-02 1.539479847997426987e-02 2.972360141575336456e-02 5.803749337792396545e-02 5.190024152398109436e-02 1.022571930661797523e-03 8.640185929834842682e-03 3.641983726993203163e-03 2.091371919959783554e-03 2.153933048248291016e-03 5.616227537393569946e-02 2.378060854971408844e-02 4.138416051864624023e-02 1.661307178437709808e-02 4.478275775909423828e-02 4.632728639990091324e-03 5.306667648255825043e-03 4.236441105604171753e-03 9.025872685015201569e-03 2.720463089644908905e-02 1.247656531631946564e-02 3.772053867578506470e-02 7.325387559831142426e-03 5.955596920102834702e-03 4.310585558414459229e-03 5.314357113093137741e-04 4.550072178244590759e-02 5.191288888454437256e-02 3.093532845377922058e-02 1.397549081593751907e-02 3.781159222126007080e-02 6.192190200090408325e-02 1.588469557464122772e-02 4.860516265034675598e-02 4.416982457041740417e-02 4.888497665524482727e-02 5.527900904417037964e-02 7.731334306299686432e-03 3.028507903218269348e-02 2.167297899723052979e-02 2.364517189562320709e-02 5.381245166063308716e-03 8.474085479974746704e-03 4.281296581029891968e-02 3.751128539443016052e-02 8.649931289255619049e-03 2.194587700068950653e-02 7.979242131114006042e-03 3.233198821544647217e-02 9.003515355288982391e-03 2.498994581401348114e-02 2.158330520614981651e-03 4.492367058992385864e-02 3.877427056431770325e-02 1.965164765715599060e-02 2.553889900445938110e-02 1.311538647860288620e-02 3.830013051629066467e-02 9.416367975063621998e-04 8.343038149178028107e-03 2.620198391377925873e-02 2.180009707808494568e-02 6.186057813465595245e-03 5.148270726203918457e-02
2.882877551019191742e-02 1.192126981914043427e-02 1.153267920017242432e-01 3.206818178296089172e-02 3.488130122423171997e-02 4.668540880084037781e-02 4.179126396775245667e-02 4.760401546955108643e-01 4.849804099649190903e-03 9.494536207057535648e-04 4.908306058496236801e-03 4.496272187680006027e-03 4.114384949207305908e-02 3.662924841046333313e-02 8.887911587953567505e-02 3.171994537115097046e-02 4.441018775105476379e-02 2.445054985582828522e-02 7.014451082795858383e-03 4.316255450248718262e-03 7.335816044360399246e-03 2.030147239565849304e-03 2.867484837770462036e-02 1.788747869431972504e-02 2.447289228439331055e-02 7.650997955352067947e-03 6.352371070533990860e-03 3.222638741135597229e-02 9.205944836139678955e-03 3.095218853559345007e-04 4.032595455646514893e-02 4.569536074995994568e-02 3.859563032165169716e-03 4.032832384109497070e-02 2.860453166067600250e-02 2.932232618331909180e-02 2.302802167832851410e-02 5.127181764692068100e-03 1.415983587503433228e-02 3.589846938848495483e-02 9.767892770469188690e-03 2.314398996531963348e-02 4.151872172951698303e-02 1.417991518974304199e-02 2.549786120653152466e-02 4.361051693558692932e-02 8.769871783442795277e-04 5.064860731363296509e-02 3.129509836435317993e-02 2.320054220035672188e-03 8.829045295715332031e-02 1.056150645017623901e-01 2.118092728778719902e-03 3.180398198310285807e-05 3.026917390525341034e-02 8.725452236831188202e-03 3.544123098254203796e-02 3.638258203864097595e-02 2.589236572384834290e-02 8.505632169544696808e-03 3.337502479553222656e-02 3.784142434597015381e-02 7.499597035348415375e-03 1.174989994615316391e-02 4.548835381865501404e-02 4.819958657026290894e-02 7.528318092226982117e-03 1.595707982778549194e-02 3.758069500327110291e-02 4.718046262860298157e-02 5.082873161882162094e-03 2.379333414137363434e-02 4.387607052922248840e-02 2.222819253802299500e-02 3.758037835359573364e-02 9.147028322331607342e-04 2.224787324666976929e-02 2.306753210723400116e-02 3.820987045764923096e-02 1.062022149562835693e-02 2.145961672067642212e-01 1.154036223888397217e-01 1.187583617866039276e-02 5.528040230274200439e-03 2.961328998208045959e-02 3.123310860246419907e-03 1.342738866806030273e-01 1.044946629554033279e-02 4.019325971603393555e-02 1.893552951514720917e-02 3.643591701984405518e-02 1.500365440733730793e-03 7.764423266053199768e-03 1.267911214381456375e-02 2.161083370447158813e-02 2.575920708477497101e-02 3.044464811682701111e-02 3.892579348757863045e-03 4.216127097606658936e-02 7.876648753881454468e-02 3.816577047109603882e-02 8.731127716600894928e-03 1.375232241116464138e-03 2.244197390973567963e-02 2.849771268665790558e-02 4.782054573297500610e-02 4.299725871533155441e-03 1.909804344177246094e-02 6.640791427344083786e-03 2.910115942358970642e-02 4.306325223296880722e-03 7.444572634994983673e-03 1.046111341565847397e-02 4.141171276569366455e-02 4.827053099870681763e-02 1.794578507542610168e-02
2.975456789135932922e-02 4.740937054157257080e-02 4.520400241017341614e-02 1.591195538640022278e-02 6.005147099494934082e-02 5.211896263062953949e-03 1.146806971519254148e-04 4.849804099649190903e-03 4.528987705707550049e-01 2.037090249359607697e-02 6.687349174171686172e-03 7.935010828077793121e-03 4.178142175078392029e-03 2.879839390516281128e-02 2.682727389037609100e-02 5.094411596655845642e-02 4.645883571356534958e-03 1.117644309997558594e-01 9.577974677085876465e-03 5.229631788097321987e-04 3.063410148024559021e-02 1.946089044213294983e-02 1.750245317816734314e-02 1.189086306840181351e-02 2.865794813260436058e-03 1.327766943722963333e-02 2.392813190817832947e-02 1.253880001604557037e-02 4.283839836716651917e-02 3.325072349980473518e-03 2.327344566583633423e-02 2.743178233504295349e-02 3.844864293932914734e-02 5.899625644087791443e-02 4.333324264734983444e-03 2.271617576479911804e-02 3.191795200109481812e-02 2.234752057120203972e-03 5.652846768498420715e-02 6.245410069823265076e-02 4.765004664659500122e-02 4.147192090749740601e-02 2.019582688808441162e-02 2.162232622504234314e-02 2.019895240664482117e-02 7.471120916306972504e-03 5.371280014514923096e-02 1.550397742539644241e-02 4.091092268936336040e-04 5.020472779870033264e-02 2.990356180816888809e-03 5.200837738811969757e-03 4.948189482092857361e-03 1.461417227983474731e-02 1.208165287971496582e-02 3.821726515889167786e-02 7.128927856683731079e-03 9.888591244816780090e-03 1.336353737860918045e-02 4.141710698604583740e-02 2.717817761003971100e-02 3.150563454255461693e-03 4.249971732497215271e-02 2.210907638072967529e-02 3.596473857760429382e-02 4.575139656662940979e-02 2.630851976573467255e-02 1.244430337101221085e-02 3.290105983614921570e-02 4.465820267796516418e-02 1.446013152599334717e-02 8.001252263784408569e-02 1.022681966423988342e-02 2.734205313026905060e-02 1.280258875340223312e-02 3.691000118851661682e-02 2.109055221080780029e-01 3.067065728828310966e-03 6.000994890928268433e-02 4.281372949481010437e-02 1.132935378700494766e-02 1.554838009178638458e-02 3.940443694591522217e-02 2.731420472264289856e-02 1.479112543165683746e-02 4.716824367642402649e-02 2.511769719421863556e-02 8.336943574249744415e-03 3.290230873972177505e-03 3.698837757110595703e-02 1.038368046283721924e-02 2.833755686879158020e-02 1.800594734959304333e-03 9.477226994931697845e-03 2.716878987848758698e-02 1.647318899631500244e-02 3.990750759840011597e-02 1.889039389789104462e-02 5.501883104443550110e-02 1.691050641238689423e-02 3.097037784755229950e-02 1.680401526391506195e-02 2.047191374003887177e-02 3.199125453829765320e-02 2.466687746345996857e-02 4.096350446343421936e-02 8.692855015397071838e-03 1.180896814912557602e-02 1.281803008168935776e-02 5.036687850952148438e-02 6.231890246272087097e-02 2.445106953382492065e-02 8.416220545768737793e-03 4.690960422158241272e-02 3.027681261301040649e-03 9.783366695046424866e-03
1.214853487908840179e-03 9.073072113096714020e-03 1.534568052738904953e-02 3.508141264319419861e-02 2.033351548016071320e-02 1.098463032394647598e-02 2.940801717340946198e-02 9.494536207057535648e-04 2.037090249359607697e-02 4.655453860759735107e-01 1.568697579205036163e-02 4.372469708323478699e-02 1.940480060875415802e-02 2.770216949284076691e-02 1.069703232496976852e-02 2.555341343395411968e-04 3.078036941587924957e-03 3.538439422845840454e-02 4.545103386044502258e-02 4.422167688608169556e-02 4.087794572114944458e-02 2.584516443312168121e-02 1.921799778938293457e-02 4.460285976529121399e-02 2.887501567602157593e-02 2.723701298236846924e-02 2.344084717333316803e-02 5.898758769035339355e-02 4.316477850079536438e-02 3.674224391579627991e-02 2.823950350284576416e-02 5.196071229875087738e-03 7.000104989856481552e-03 1.035877782851457596e-02 2.375031076371669769e-02 4.368363693356513977e-02 9.750881232321262360e-03 1.745890080928802490e-02 4.103882983326911926e-02 4.888045135885477066e-03 4.023240506649017334e-02 4.594358056783676147e-02 2.210347540676593781e-02 1.442698016762733459e-02 1.845618151128292084e-02 5.196048691868782043e-02 3.881094232201576233e-02 1.312824548222124577e-03 1.828770525753498077e-02 6.044550612568855286e-02 3.023733384907245636e-02 1.109495759010314941e-02 3.555090725421905518e-02 3.028806857764720917e-02 1.504456903785467148e-02 4.033912345767021179e-02 4.745187610387802124e-02 5.019467696547508240e-02 1.765834540128707886e-02 3.865905106067657471e-02 5.706324800848960876e-02 1.390494313091039658e-02 9.587552398443222046e-03 3.360859409440308809e-04 4.070706199854612350e-03 4.331440478563308716e-02 2.516603842377662659e-02 4.759571701288223267e-02 1.732739037834107876e-03 4.678195714950561523e-02 6.377937644720077515e-02 2.976558543741703033e-02 4.701270163059234619e-02 2.846840210258960724e-02 5.488644540309906006e-02 1.971460692584514618e-02 1.192480139434337616e-02 1.017228737473487854e-01 4.270439594984054565e-02 5.898671597242355347e-02 9.090999141335487366e-03 1.522441627457737923e-03 1.973345316946506500e-02 3.593070060014724731e-02 4.979775846004486084e-02 8.687893860042095184e-03 1.293458417057991028e-02 8.156171999871730804e-03 2.337898500263690948e-02 4.763993993401527405e-02 6.218995153903961182e-02 2.914242446422576904e-02 3.059853799641132355e-02 2.676722407341003418e-02 5.013990029692649841e-02 1.833315566182136536e-02 1.272054016590118408e-02 2.775663696229457855e-02 5.467167869210243225e-02 1.258318591862916946e-02 4.462149366736412048e-02 1.905981451272964478e-02 5.105552449822425842e-02 5.546665284782648087e-03 9.548476897180080414e-03 1.650418154895305634e-02 4.188559204339981079e-02 5.041888356208801270e-02 1.383211836218833923e-02 9.653890505433082581e-03 1.809991151094436646e-02 3.838037699460983276e-02 3.625661507248878479e-02 7.484940346330404282e-03 3.886612504720687866e-02 6.582548376172780991e-03
1.225958839058876038e-01 1.020630002021789551e-01 2.008016034960746765e-02 1.927311532199382782e-02 4.003931581974029541e-02 7.983435690402984619e-02 4.894676804542541504e-02 4.908306058496236801e-03 6.687349174171686172e-03 1.568697579205036163e-02 4.839197993278503418e-01 4.717775061726570129e-02 1.215484887361526489e-01 4.764349013566970825e-02 3.953191451728343964e-03 1.544437650591135025e-02 4.341705143451690674e-02 4.315949231386184692e-02 1.158007513731718063e-02 4.723155871033668518e-02 3.563505597412586212e-03 4.781644418835639954e-02 2.894387021660804749e-02 3.251960128545761108e-02 4.781517386436462402e-02 3.070348314940929413e-02 4.709450155496597290e-02 3.482083266135305166e-04 5.399360880255699158e-02 1.699084183201193810e-03 4.476994276046752930e-02 2.181322872638702393e-02 5.125319585204124451e-02 1.669568009674549103e-02 3.356773778796195984e-02 1.673705875873565674e-02 2.584137767553329468e-02 5.403615161776542664e-02 2.497761277481913567e-03 4.512209072709083557e-02 4.823989793658256531e-02 3.590578213334083557e-02 3.679422661662101746e-02 6.425373256206512451e-02 2.920571714639663696e-02 2.730692364275455475e-02 7.180093973875045776e-02 1.260250713676214218e-02 3.173553943634033203e-02 1.566985063254833221e-02 2.059186995029449463e-02 2.627805247902870178e-02 1.551568415015935898e-02 1.167700346559286118e-02 9.625572711229324341e-03 4.287630319595336914e-03 3.724496811628341675e-02 3.722167760133743286e-02 3.681167215108871460e-02 1.951628923416137695e-02 2.146106399595737457e-02 4.398095235228538513e-02 1.020458620041608810e-02 2.630605548620223999e-02 3.340171650052070618e-02 2.508245781064033508e-02 4.046103358268737793e-02 3.986464068293571472e-02 1.437309291213750839e-02 2.522299624979496002e-02 5.098708346486091614e-02 1.540931966155767441e-02 4.821849241852760315e-02 4.006841033697128296e-02 4.531759768724441528e-02 4.033307731151580811e-02 1.606217771768569946e-02 2.582024317234754562e-03 4.193586856126785278e-02 5.383046343922615051e-02 4.349012393504381180e-03 4.124550148844718933e-02 2.671353053301572800e-03 2.802156656980514526e-02 6.832181941717863083e-03 2.749587781727313995e-02 4.916136711835861206e-02 1.059588417410850525e-02 5.230767652392387390e-03 2.126254886388778687e-02 4.912197962403297424e-02 3.729131072759628296e-03 1.790270395576953888e-02 2.957271784543991089e-02 1.522568799555301666e-02 3.965532779693603516e-02 1.764870807528495789e-02 8.494526147842407227e-03 3.964274004101753235e-02 5.602124705910682678e-02 6.270607467740774155e-03 1.012524869292974472e-02 2.459150552749633789e-02 4.239173233509063721e-02 3.472569212317466736e-02 1.679624430835247040e-02 2.275923080742359161e-02 5.568451434373855591e-02 2.395773306488990784e-02 3.353229910135269165e-02 1.665571355260908604e-03 1.164473127573728561e-02 2.495969645678997040e-02 4.702825844287872314e-02 3.468338027596473694e-02 1.442532986402511597e-02
9.749679593369364738e-04 4.618293140083551407e-03 1.204680884256958961e-03 2.861555479466915131e-02 8.052361197769641876e-03 5.999689921736717224e-02 4.166365042328834534e-02 4.496272187680006027e-03 7.935010828077793121e-03 4.372469708323478699e-02 4.717775061726570129e-02 4.823798537254333496e-01 4.652302339673042297e-02 1.215750575065612793e-01 2.110817097127437592e-02 1.169980689883232117e-02 1.594528742134571075e-02 2.143060602247714996e-02 1.014840882271528244e-02 5.224307626485824585e-02 3.307633101940155029e-02 4.996519908308982849e-02 5.850496515631675720e-02 6.594316661357879639e-02 4.303534701466560364e-02 3.286002948880195618e-02 5.052230507135391235e-02 8.283023536205291748e-02 1.113813370466232300e-02 8.574811369180679321e-02 5.531126633286476135e-03 2.820986509323120117e-02 2.036235481500625610e-02 2.930341660976409912e-02 2.907633036375045776e-02 4.430532082915306091e-02 4.765847325325012207e-02 3.593836352229118347e-02 2.559867128729820251e-02 3.774658218026161194e-02 7.864831015467643738e-03 9.411202045157551765e-04 1.617376692593097687e-02 3.457221318967640400e-04 7.548836618661880493e-02 5.958175286650657654e-03 2.345533482730388641e-02 2.460443181917071342e-03 3.797157108783721924e-02 5.421310663223266602e-02 5.073364451527595520e-02 6.152669712901115417e-02 5.599837284535169601e-03 1.047639176249504089e-02 3.576579689979553223e-02 5.633043870329856873e-02 2.415619418025016785e-02 5.492961779236793518e-02 2.593525312840938568e-02 5.358238704502582550e-03 2.939199283719062805e-02 9.234623983502388000e-03 2.979627251625061035e-02 1.294697541743516922e-02 5.396201740950345993e-03 2.852032706141471863e-02 4.597188159823417664e-02 2.344608120620250702e-02 5.703677982091903687e-02 2.723033353686332703e-02 2.951105125248432159e-02 1.378697995096445084e-02 2.909499779343605042e-02 6.611290387809276581e-03 8.309992961585521698e-03 5.014418810606002808e-02 3.222949802875518799e-02 6.773778051137924194e-02 3.506078151986002922e-03 3.574610874056816101e-02 7.361333351582288742e-03 6.195240654051303864e-03 3.619544208049774170e-02 2.875472884625196457e-03 7.458234671503305435e-03 2.502572908997535706e-02 1.082607079297304153e-02 3.828817745670676231e-03 4.841651767492294312e-02 3.009251318871974945e-02 1.077527832239866257e-02 3.953786566853523254e-02 2.568929269909858704e-02 1.616010814905166626e-02 1.423718407750129700e-02 3.788376227021217346e-02 1.950663328170776367e-02 1.658002473413944244e-02 1.765947230160236359e-02 5.223776027560234070e-02 3.954292461276054382e-02 2.810254320502281189e-02 2.625338360667228699e-02 3.258235007524490356e-02 1.737269759178161621e-02 1.349303033202886581e-02 2.903633005917072296e-02 1.356817688792943954e-02 5.082773044705390930e-02 3.501436859369277954e-02 5.122642964124679565e-02 6.517276633530855179e-03 2.158218808472156525e-02 1.910622790455818176e-02 4.342141002416610718e-02 5.460171028971672058e-03
9.638643264770507812e-02 9.765797108411788940e-02 1.621410623192787170e-02 1.810235087759792805e-03 2.118653431534767151e-02 9.567547589540481567e-02 6.959273666143417358e-02 4.114384949207305908e-02 4.178142175078392029e-03 1.940480060875415802e-02 1.215484887361526489e-01 4.652302339673042297e-02 4.879487156867980957e-01 5.231637880206108093e-02 1.292510423809289932e-02 5.539032071828842163e-02 4.917916655540466309e-02 2.514611370861530304e-02 1.325825415551662445e-02 4.301676154136657715e-02 2.429392561316490173e-02 1.922865770757198334e-02 3.677237778902053833e-03 7.760744541883468628e-03 4.795794561505317688e-02 5.078485264675691724e-05 4.597047716379165649e-02 4.392113164067268372e-02 1.259720139205455780e-02 4.225988313555717468e-02 3.894076868891716003e-02 5.373442918062210083e-02 4.021778330206871033e-02 4.594727233052253723e-02 3.622746840119361877e-02 3.666008636355400085e-02 4.500562697649002075e-02 4.841200634837150574e-02 1.719363592565059662e-02 1.447944063693284988e-02 4.479581862688064575e-02 2.198856696486473083e-02 1.293418928980827332e-02 4.871777445077896118e-02 3.310437873005867004e-02 1.464608707465231419e-03 2.584279328584671021e-02 2.367725223302841187e-02 1.785777881741523743e-02 1.148418243974447250e-02 7.529851864092051983e-04 8.547633187845349312e-04 5.552098900079727173e-02 5.095959082245826721e-02 2.102370560169219971e-02 9.667954407632350922e-03 3.278637304902076721e-02 2.565868198871612549e-02 6.831170618534088135e-02 8.134973049163818359e-02 3.931074962019920349e-02 5.103840306401252747e-02 1.378236990422010422e-02 2.024344401434063911e-03 3.672979399561882019e-02 7.417300343513488770e-02 4.023777320981025696e-02 4.905947297811508179e-02 5.144123733043670654e-02 3.520094603300094604e-02 3.957128524780273438e-02 1.171301770955324173e-02 3.365373238921165466e-02 2.830902859568595886e-02 3.876946121454238892e-02 4.071258753538131714e-02 4.676141776144504547e-03 2.085630409419536591e-02 5.381541326642036438e-03 3.941659629344940186e-02 3.317850455641746521e-02 5.110746994614601135e-02 1.089099142700433731e-02 4.502399638295173645e-02 1.239883713424205780e-02 6.203333759913221002e-05 4.499214887619018555e-02 1.167762558907270432e-02 5.980641767382621765e-02 4.655759036540985107e-02 2.823650836944580078e-03 2.041973639279603958e-03 3.501855954527854919e-02 4.813360795378684998e-02 3.094540163874626160e-02 1.171638537198305130e-02 1.917243702337145805e-03 3.417794778943061829e-02 3.535834699869155884e-02 5.413046479225158691e-02 3.995275869965553284e-02 3.288664296269416809e-02 2.697308920323848724e-02 4.607706516981124878e-02 4.979407787322998047e-02 2.962459577247500420e-03 2.808750420808792114e-02 2.464618906378746033e-02 3.673049435019493103e-02 2.319734729826450348e-02 1.138257794082164764e-02 3.422021120786666870e-02 2.440999075770378113e-02 4.403663426637649536e-02 1.125213596969842911e-02 1.481187937315553427e-04
