4.696974754333496094e-01 1.972276270389556885e-01 1.067453529685735703e-02 3.528541699051856995e-02 2.875121543183922768e-03 1.454657018184661865e-01 9.560548514127731323e-02 3.990997746586799622e-02 3.128426894545555115e-02 1.392303500324487686e-02 1.538805365562438965e-01 4.611993674188852310e-03 1.389233469963073730e-01 5.205931887030601501e-02 2.580909617245197296e-02 3.297381801530718803e-03 6.162273697555065155e-03 2.512285113334655762e-02 1.653738506138324738e-02 2.865121327340602875e-02 1.515905186533927917e-02 1.416043564677238464e-02 1.767051592469215393e-02 2.885699272155761719e-02 8.929561590775847435e-05 3.184251859784126282e-02 4.513540118932723999e-02 3.916043788194656372e-02 9.009954519569873810e-03 2.285935170948505402e-02 1.876142062246799469e-02 1.047436054795980453e-02 3.017353452742099762e-02 4.542513191699981689e-02 3.266239911317825317e-02 2.220867574214935303e-02 4.264120757579803467e-02 4.737039282917976379e-02 1.751345768570899963e-02 3.291560336947441101e-02 4.198645427823066711e-02 2.859907597303390503e-02 8.681328035891056061e-03 1.662168651819229126e-02 6.399314384907484055e-03 4.313419386744499207e-02 1.028349474072456360e-01 6.884811073541641235e-02 5.921395495533943176e-03 3.898162161931395531e-03 8.738883771002292633e-03 2.411182783544063568e-02 4.440234601497650146e-02 1.962795108556747437e-02 4.393050447106361389e-02 7.665259763598442078e-03 3.951772302389144897e-02 3.405762463808059692e-02 3.286945447325706482e-02 2.301404951140284538e-03 3.181082010269165039e-02 4.622764140367507935e-02 2.064894326031208038e-02 5.289476364850997925e-02 1.887674629688262939e-02 3.231712430715560913e-02 5.663709342479705811e-02 1.132961921393871307e-02 2.709491876885294914e-03 2.957098558545112610e-02 5.117055401206016541e-02 4.208007454872131348e-02 1.210994925349950790e-02 2.748828940093517303e-02 4.358270391821861267e-02 1.776808500289916992e-02 1.413646433502435684e-02 3.786753863096237183e-02 4.623858258128166199e-02 1.921613328158855438e-02 1.400740910321474075e-02 4.941167309880256653e-02 1.786645129323005676e-02 2.719943411648273468e-02 1.332579739391803741e-02 1.522731967270374298e-02 3.508478030562400818e-02 2.243602834641933441e-02 1.247155480086803436e-02 1.064900122582912445e-02 7.371830940246582031e-02 3.030683100223541260e-02 5.743656307458877563e-02 1.435608416795730591e-02 4.152909677941352129e-04 6.895665545016527176e-03 2.780768647789955139e-02 2.435076981782913208e-02 4.760139808058738708e-02 3.101001121103763580e-02 6.120309117250144482e-04 2.582895196974277496e-02 1.792540401220321655e-02 3.815454617142677307e-02 1.255937758833169937e-02 1.688401401042938232e-02 2.195195853710174561e-02 5.288261920213699341e-02 3.320845216512680054e-02 4.493977129459381104e-02 1.275270432233810425e-02 2.416394092142581940e-02 1.605039113201200962e-03 1.987513341009616852e-02 2.236998640000820160e-02 2.583622466772794724e-03
1.972276270389556885e-01 4.687122404575347900e-01 2.155463444069027901e-03 3.114133141934871674e-02 5.930901039391756058e-03 8.792834728956222534e-02 7.630753517150878906e-02 1.403364539146423340e-02 1.867528259754180908e-02 7.092673331499099731e-03 1.290989816188812256e-01 3.148248186334967613e-03 1.411082297563552856e-01 3.997609764337539673e-02 3.448927775025367737e-02 4.710715729743242264e-03 1.419840147718787193e-03 3.502012789249420166e-02 4.956055060029029846e-02 2.421116083860397339e-02 1.877553574740886688e-02 1.913790218532085419e-02 3.444777801632881165e-02 3.734720870852470398e-03 1.255489699542522430e-02 1.239217258989810944e-02 4.796310514211654663e-02 2.566678635776042938e-02 4.976896569132804871e-02 1.867251656949520111e-02 3.261929377913475037e-02 2.745612896978855133e-02 5.403395742177963257e-02 2.600370906293392181e-02 3.070257417857646942e-02 3.075976669788360596e-02 3.436150774359703064e-02 4.623104259371757507e-02 3.307800367474555969e-02 3.673920407891273499e-02 2.880829013884067535e-02 1.547065004706382751e-02 1.491991896182298660e-02 3.411937132477760315e-02 1.758803054690361023e-02 8.410056121647357941e-03 7.599145919084548950e-02 7.213844358921051025e-02 2.502362243831157684e-02 2.369519323110580444e-02 1.190760172903537750e-03 8.604929782450199127e-03 1.530459150671958923e-02 2.133844885975122452e-03 1.867980696260929108e-02 2.537321299314498901e-02 2.936695516109466553e-02 3.294390067458152771e-02 5.477148666977882385e-02 5.524638295173645020e-02 4.177884384989738464e-02 3.918613865971565247e-02 4.803328588604927063e-02 4.279842600226402283e-02 5.831692740321159363e-02 6.364797800779342651e-02 4.747298359870910645e-02 9.799012914299964905e-03 3.913264721632003784e-02 3.638692945241928101e-02 2.899944968521595001e-02 4.794624075293540955e-02 5.001793801784515381e-02 4.639096185564994812e-02 2.056227065622806549e-02 1.793434098362922668e-02 2.257128059864044189e-02 4.543238505721092224e-02 1.988048665225505829e-02 6.578131113201379776e-03 6.008118391036987305e-03 1.870963349938392639e-02 1.241543330252170563e-02 2.670061076059937477e-03 1.865073223598301411e-03 3.273530676960945129e-02 1.661075279116630554e-02 1.516521442681550980e-02 1.082902587950229645e-02 2.313716895878314972e-02 6.636957824230194092e-02 3.294141963124275208e-03 7.153832912445068359e-02 3.583272546529769897e-02 1.688435114920139313e-02 1.772282272577285767e-02 1.736888289451599121e-02 4.179384559392929077e-02 3.728491812944412231e-02 2.441751025617122650e-02 3.432612121105194092e-02 3.120452910661697388e-02 3.315068036317825317e-02 4.431660100817680359e-02 1.589026302099227905e-02 2.850007824599742889e-02 7.834182120859622955e-03 1.513174548745155334e-02 3.409832343459129333e-02 2.223811345174908638e-03 2.303477376699447632e-04 4.129953216761350632e-03 1.173099596053361893e-02 2.354889176785945892e-03 2.033210918307304382e-02 1.263633649796247482e-02
1.067453529685735703e-02 2.155463444069027901e-03 4.176141619682312012e-01 3.392852097749710083e-02 2.714511379599571228e-02 3.454810008406639099e-03 3.660894185304641724e-02 5.134868249297142029e-02 4.308927804231643677e-02 7.506491150707006454e-03 1.344894897192716599e-02 1.093979086726903915e-02 3.335579065605998039e-03 1.691983453929424286e-02 4.437051340937614441e-02 1.993342768400907516e-03 3.914746921509504318e-03 3.718897327780723572e-02 5.228433012962341309e-02 1.170408912003040314e-02 2.958004130050539970e-03 2.928097732365131378e-02 3.580744192004203796e-02 1.496247295290231705e-02 2.565142698585987091e-02 4.751724191009998322e-03 1.758622005581855774e-02 1.360847894102334976e-02 2.433557435870170593e-02 2.188500948250293732e-02 3.690705448389053345e-02 3.849675878882408142e-02 5.059768911451101303e-03 4.378805682063102722e-02 4.967727884650230408e-02 4.607039317488670349e-02 3.848479688167572021e-02 4.105636104941368103e-02 4.023010283708572388e-02 3.399552032351493835e-02 4.701258614659309387e-02 2.979990094900131226e-02 8.271983824670314789e-03 3.480622544884681702e-02 7.180950138717889786e-03 3.566577285528182983e-02 2.674096822738647461e-02 3.436038270592689514e-02 4.840058274567127228e-03 2.227419614791870117e-02 3.031206317245960236e-02 1.331167388707399368e-02 1.851254259236156940e-03 2.168596349656581879e-02 1.027406658977270126e-02 1.264404039829969406e-02 2.458562143146991730e-02 1.259808242321014404e-02 1.403536088764667511e-02 9.714439511299133301e-03 8.633563295006752014e-03 2.754629962146282196e-02 4.122435301542282104e-02 4.444467648863792419e-02 2.873452752828598022e-02 3.308930248022079468e-02 7.645640522241592407e-03 3.848765743896365166e-03 4.613700881600379944e-02 1.596483984030783176e-03 4.883488267660140991e-02 4.591289535164833069e-02 4.891726188361644745e-03 7.303485646843910217e-03 6.118637509644031525e-03 1.722902804613113403e-02 1.005365047603845596e-02 4.804063588380813599e-03 4.424862563610076904e-02 1.220147404819726944e-02 1.268532574176788330e-01 5.089390650391578674e-02 1.722967438399791718e-02 3.664818825200200081e-03 6.643589120358228683e-03 2.014485932886600494e-02 4.298953339457511902e-02 4.547085985541343689e-02 2.521874010562896729e-02 1.565804891288280487e-02 4.525553062558174133e-02 6.530376616865396500e-03 2.295586746186017990e-03 4.646999761462211609e-02 1.798622496426105499e-02 4.473780747503042221e-03 1.696240529417991638e-02 2.547121793031692505e-02 8.612032979726791382e-03 1.454481505788862705e-03 4.196222871541976929e-02 4.127680137753486633e-02 4.774816706776618958e-02 2.188395336270332336e-02 2.314515149919316173e-04 3.160137683153152466e-02 7.378729525953531265e-03 1.584723405539989471e-02 3.921441361308097839e-02 1.990953087806701660e-02 8.561670780181884766e-03 3.853621659800410271e-03 1.256470568478107452e-03 1.455218438059091568e-02 1.537122298032045364e-02 6.414146628230810165e-03
3.528541699051856995e-02 3.114133141934871674e-02 3.392852097749710083e-02 4.548712372779846191e-01 1.417919695377349854e-01 1.298538967967033386e-02 1.177021116018295288e-02 4.296118766069412231e-02 6.605682428926229477e-03 1.015284191817045212e-02 2.214950136840343475e-02 8.005336858332157135e-03 5.100167542695999146e-02 3.152957884594798088e-03 1.672527007758617401e-02 2.942603640258312225e-02 4.581121727824211121e-02 3.863184899091720581e-02 3.244524449110031128e-02 8.563215844333171844e-03 1.521696895360946655e-02 3.078105300664901733e-02 5.409148056060075760e-03 5.322287324815988541e-03 2.825147472321987152e-02 3.906660526990890503e-02 3.241886571049690247e-02 2.462298795580863953e-02 8.371115662157535553e-03 2.479758812114596367e-03 3.735637292265892029e-02 1.257026474922895432e-02 4.568176716566085815e-02 3.998266160488128662e-02 8.063567802309989929e-03 2.828037925064563751e-02 1.280866935849189758e-02 1.766764372587203979e-02 1.805899739265441895e-01 1.543390899896621704e-01 2.368194237351417542e-02 6.915901787579059601e-03 1.546947984024882317e-03 3.230878710746765137e-02 1.038000360131263733e-02 1.202688086777925491e-02 1.958158053457736969e-02 2.564508654177188873e-02 2.926533482968807220e-02 8.153280243277549744e-03 3.984366077929735184e-03 3.741974756121635437e-02 2.985990233719348907e-02 1.057119760662317276e-02 2.136338129639625549e-02 3.176018595695495605e-03 2.404242753982543945e-02 7.825986482203006744e-03 6.132086738944053650e-02 4.925764724612236023e-02 4.481897503137588501e-02 1.930453255772590637e-02 3.024235740303993225e-02 1.694989041425287724e-03 8.662916719913482666e-03 1.092645153403282166e-02 5.115990992635488510e-03 4.310481715947389603e-03 1.328327599912881851e-02 4.735457897186279297e-02 1.033283118158578873e-02 5.220314115285873413e-02 1.021429300308227539e-01 3.789212927222251892e-02 1.049083694815635681e-01 2.344089187681674957e-02 5.549642816185951233e-02 3.814841061830520630e-02 3.331090509891510010e-02 2.372747100889682770e-02 2.270255424082279205e-02 2.832480333745479584e-02 1.289786100387573242e-01 2.471171133220195770e-02 1.827890239655971527e-02 7.763720117509365082e-03 4.658140242099761963e-02 1.053103804588317871e-02 5.074693262577056885e-02 3.702853247523307800e-02 1.894030161201953888e-02 2.973716892302036285e-02 1.154324505478143692e-02 1.123075932264328003e-02 1.771365851163864136e-02 3.644063323736190796e-02 2.801069431006908417e-02 3.035478666424751282e-02 3.724990040063858032e-02 3.273751214146614075e-02 3.508555516600608826e-02 2.490993216633796692e-02 2.597266808152198792e-02 7.593963295221328735e-03 6.958680599927902222e-02 1.082850806415081024e-02 3.757472708821296692e-02 1.601868309080600739e-02 2.261327952146530151e-02 5.143336206674575806e-02 2.113061398267745972e-02 3.380613343324512243e-04 3.252112492918968201e-02 1.012149173766374588e-02 1.425226684659719467e-02 3.227460756897926331e-02
2.875121543183922768e-03 5.930901039391756058e-03 2.714511379599571228e-02 1.417919695377349854e-01 4.391527771949768066e-01 4.632765799760818481e-02 5.144546926021575928e-02 6.295016501098871231e-03 7.515177130699157715e-03 4.205459356307983398e-02 2.246289327740669250e-02 3.205909952521324158e-02 3.509450703859329224e-03 3.367941454052925110e-02 1.529388222843408585e-02 1.317604072391986847e-02 3.893761709332466125e-02 2.150182984769344330e-02 1.889883540570735931e-02 1.828350499272346497e-02 2.670953795313835144e-02 3.973403200507164001e-02 2.518906071782112122e-02 4.879958555102348328e-02 2.729789167642593384e-02 2.213132195174694061e-02 2.706224657595157623e-02 3.492475254461169243e-03 2.192323654890060425e-02 2.564612403512001038e-02 2.910642512142658234e-02 3.989040106534957886e-02 1.494371332228183746e-02 8.034544065594673157e-03 1.424882654100656509e-02 9.999840985983610153e-04 1.187671907246112823e-02 4.673611372709274292e-02 1.112712472677230835e-01 2.024559229612350464e-01 3.621593862771987915e-02 4.217483103275299072e-03 1.123216282576322556e-02 3.585911542177200317e-02 4.458386078476905823e-02 1.330186333507299423e-02 4.412993416190147400e-02 3.064076788723468781e-02 1.025148760527372360e-02 3.660370782017707825e-02 3.948739916086196899e-02 2.728069201111793518e-03 3.554413342499174178e-05 1.799013093113899231e-02 1.671398431062698364e-02 2.445335313677787781e-02 3.348156809806823730e-02 3.275769948959350586e-02 1.062844879925251007e-02 9.768298827111721039e-03 2.518119476735591888e-02 3.064620681107044220e-02 1.323071494698524475e-02 1.569459959864616394e-02 2.140930481255054474e-02 3.697902336716651917e-02 2.217876026406884193e-03 2.353466115891933441e-03 4.348234459757804871e-02 2.609847672283649445e-02 2.735400572419166565e-02 4.917377978563308716e-02 3.592398483306169510e-03 2.715006098151206970e-02 8.342884480953216553e-02 3.172869235277175903e-02 6.199141964316368103e-03 2.307798340916633606e-02 5.597548186779022217e-02 3.444811329245567322e-02 1.066922023892402649e-02 3.140667080879211426e-02 7.720368355512619019e-02 1.106863915920257568e-01 2.580226585268974304e-02 8.369846269488334656e-03 2.556744404137134552e-02 1.690597273409366608e-02 2.756617963314056396e-02 2.395495213568210602e-02 2.189869619905948639e-02 4.367376491427421570e-02 5.005266144871711731e-02 5.153092555701732635e-03 2.697813883423805237e-02 3.112145233899354935e-03 3.087838995270431042e-04 4.040384292602539062e-02 2.837638743221759796e-02 1.010634843260049820e-02 2.712534368038177490e-02 1.590456254780292511e-02 1.168165355920791626e-02 1.850192435085773468e-02 1.164206955581903458e-02 1.527471095323562622e-02 2.675194852054119110e-02 3.434828668832778931e-02 2.135926159098744392e-03 5.793733987957239151e-03 2.783919125795364380e-02 4.459891468286514282e-02 1.985058002173900604e-02 3.019407391548156738e-02 2.611972950398921967e-02 2.198914624750614166e-02
1.454657018184661865e-01 8.792834728956222534e-02 3.454810008406639099e-03 1.298538967967033386e-02 4.632765799760818481e-02 4.666200280189514160e-01 1.532621532678604126e-01 7.368160411715507507e-03 3.666685521602630615e-02 3.666432574391365051e-02 9.662245959043502808e-02 6.190392747521400452e-02 8.705191314220428467e-02 3.411395847797393799e-02 3.573163971304893494e-02 1.860753260552883148e-02 4.726143181324005127e-02 3.378377854824066162e-02 1.235586963593959808e-02 4.963245615363121033e-02 2.720084972679615021e-02 1.038848888128995895e-02 5.100908130407333374e-02 2.469947561621665955e-02 5.616827402263879776e-03 3.034211508929729462e-02 7.557666860520839691e-03 7.087252568453550339e-03 3.195704147219657898e-02 1.239319448359310627e-03 5.576437711715698242e-02 4.877157136797904968e-02 2.874640934169292450e-02 1.006810832768678665e-02 2.766248397529125214e-02 1.680255495011806488e-02 3.952614590525627136e-02 4.307527840137481689e-02 3.686697455123066902e-03 3.891889378428459167e-02 1.550605404190719128e-03 3.775240853428840637e-02 5.651358142495155334e-02 1.380030065774917603e-02 9.456234984099864960e-03 5.479499325156211853e-02 1.386703550815582275e-01 8.894322067499160767e-02 1.092778053134679794e-03 2.042241860181093216e-03 1.637033373117446899e-02 3.925393894314765930e-02 9.255544282495975494e-03 1.255361456423997879e-02 5.163032095879316330e-03 4.848711658269166946e-03 2.630550414323806763e-03 1.926910318434238434e-02 2.896795049309730530e-02 4.703436791896820068e-02 2.434856444597244263e-02 1.604525372385978699e-02 1.913455873727798462e-02 1.195205841213464737e-02 5.410579219460487366e-02 4.910124465823173523e-02 1.957411691546440125e-02 1.769847609102725983e-02 4.318047687411308289e-02 1.493445597589015961e-02 2.740882150828838348e-02 3.420579060912132263e-02 4.797520488500595093e-02 3.208281099796295166e-02 4.838901013135910034e-02 1.641610823571681976e-02 4.712170362472534180e-02 3.940610215067863464e-02 2.581335417926311493e-02 2.110174298286437988e-02 1.157227810472249985e-02 5.641056597232818604e-02 4.699711222201585770e-03 2.129923738539218903e-02 3.960474207997322083e-02 4.919953271746635437e-02 1.116734743118286133e-02 3.966904431581497192e-02 3.379973769187927246e-02 1.406768895685672760e-02 5.970649793744087219e-02 2.254910394549369812e-02 7.589937001466751099e-02 2.559874020516872406e-02 3.231162205338478088e-02 2.546034939587116241e-02 2.677395567297935486e-02 2.709009917452931404e-03 1.787671633064746857e-02 3.598524630069732666e-02 3.992939367890357971e-02 1.658072322607040405e-02 4.060489311814308167e-02 3.918712213635444641e-02 2.166496589779853821e-02 4.789400100708007812e-02 1.795632578432559967e-02 4.951304290443658829e-04 2.049961872398853302e-02 4.058889672160148621e-02 1.818861812353134155e-02 1.623454317450523376e-02 1.676108501851558685e-02 5.615190416574478149e-02 1.194744464010000229e-02 1.798034645617008209e-02
9.560548514127731323e-02 7.630753517150878906e-02 3.660894185304641724e-02 1.177021116018295288e-02 5.144546926021575928e-02 1.532621532678604126e-01 4.746921658515930176e-01 1.542533934116363525e-02 1.692997477948665619e-02 5.354215949773788452e-02 1.027147173881530762e-01 2.376202307641506195e-02 1.012610569596290588e-01 3.048690967261791229e-02 4.795845225453376770e-02 4.416659474372863770e-02 4.711629077792167664e-02 4.879967868328094482e-02 5.148065742105245590e-03 2.810142748057842255e-02 2.139463461935520172e-02 3.218930214643478394e-02 8.878847584128379822e-03 2.704973332583904266e-02 2.459607832133769989e-02 4.275993630290031433e-02 5.023375619202852249e-03 6.698578945361077785e-04 2.823018096387386322e-02 2.135764248669147491e-02 2.988753281533718109e-02 1.442411169409751892e-02 2.946115471422672272e-02 7.127293385565280914e-03 2.662041038274765015e-02 6.604765541851520538e-03 4.528067260980606079e-02 3.907972574234008789e-02 9.672254323959350586e-03 1.105803251266479492e-02 1.032667467370629311e-03 5.665173754096031189e-02 4.185220226645469666e-02 2.563038840889930725e-02 2.573256194591522217e-02 1.105081103742122650e-02 1.333040595054626465e-01 1.001842841506004333e-01 2.591228112578392029e-02 2.065965160727500916e-02 3.693602234125137329e-02 4.372730478644371033e-02 1.908679679036140442e-02 2.143120765686035156e-02 6.196760659804567695e-05 1.983545348048210144e-02 1.621977612376213074e-02 5.490948259830474854e-02 4.537377506494522095e-02 2.553863264620304108e-02 1.493314374238252640e-02 1.565177738666534424e-02 5.265038926154375076e-03 2.533669350668787956e-03 2.435027062892913818e-02 2.168090455234050751e-02 8.099658414721488953e-03 2.424278482794761658e-02 4.951787646859884262e-03 3.466419503092765808e-02 4.083079285919666290e-03 2.387357316911220551e-02 1.541147567331790924e-02 3.837960213422775269e-02 2.965715527534484863e-02 4.371094703674316406e-02 3.034774214029312134e-03 1.320758368819952011e-02 4.647184908390045166e-02 1.467265374958515167e-02 4.100334830582141876e-03 4.922817647457122803e-02 2.165888622403144836e-02 3.735306113958358765e-02 1.850008405745029449e-02 2.305551990866661072e-02 3.816646710038185120e-02 6.492391228675842285e-02 2.661372534930706024e-02 7.307794410735368729e-03 6.096122413873672485e-02 1.040689367800951004e-02 6.124214455485343933e-02 5.371117964386940002e-03 3.405123203992843628e-02 2.180708199739456177e-02 1.700582914054393768e-02 7.331378757953643799e-03 2.670473605394363403e-02 2.239073254168033600e-02 3.913508355617523193e-02 3.971463069319725037e-02 4.595623165369033813e-02 3.156037628650665283e-02 1.164570078253746033e-02 2.520933561027050018e-02 3.699802234768867493e-02 2.356659621000289917e-02 2.653763256967067719e-02 4.141530022025108337e-02 2.308206818997859955e-02 2.125590294599533081e-02 1.993165351450443268e-03 1.107676979154348373e-02 1.496263686567544937e-02 1.678100042045116425e-02
3.990997746586799622e-02 1.403364539146423340e-02 5.134868249297142029e-02 4.296118766069412231e-02 6.295016501098871231e-03 7.368160411715507507e-03 1.542533934116363525e-02 4.210895597934722900e-01 3.882206976413726807e-02 3.268787264823913574e-02 1.995257474482059479e-02 3.192267939448356628e-02 5.387158133089542389e-03 2.487205434590578079e-03 7.719601690769195557e-02 2.587404102087020874e-02 3.812129050493240356e-02 5.587391927838325500e-02 5.749271437525749207e-02 2.408826164901256561e-02 4.997215233743190765e-03 2.304324135184288025e-02 2.663085237145423889e-02 1.931176520884037018e-04 1.720538176596164703e-02 6.394074298441410065e-03 1.300542522221803665e-02 1.483648177236318588e-02 1.019763201475143433e-02 2.482686191797256470e-03 3.053653240203857422e-02 1.873571239411830902e-02 2.729554474353790283e-02 1.252773124724626541e-02 9.808843955397605896e-03 3.604863211512565613e-02 8.713865652680397034e-03 3.222813457250595093e-02 7.489891257137060165e-03 4.130335897207260132e-02 1.795989461243152618e-02 2.607671171426773071e-02 1.804581470787525177e-02 3.828832134604454041e-02 3.122524358332157135e-02 3.668621554970741272e-02 4.027415439486503601e-02 1.402391120791435242e-02 1.277780998498201370e-02 4.006547480821609497e-02 8.297441527247428894e-03 4.993947688490152359e-03 6.453672051429748535e-02 6.579693406820297241e-02 1.035482436418533325e-02 1.973290462046861649e-03 3.133469074964523315e-02 7.022189442068338394e-03 3.964511677622795105e-02 2.059711143374443054e-02 3.247438743710517883e-02 2.828313410282135010e-02 2.687405049800872803e-02 5.746394395828247070e-03 9.031196124851703644e-03 1.006641145795583725e-02 9.536538273096084595e-03 3.798000887036323547e-02 1.406273711472749710e-02 2.527849283069372177e-03 1.189839839935302734e-02 7.000936660915613174e-03 4.406011477112770081e-02 2.885279618203639984e-02 2.439077384769916534e-02 4.708297550678253174e-03 2.962945029139518738e-02 3.058466501533985138e-02 3.734731674194335938e-02 2.151980251073837280e-02 1.915864795446395874e-01 9.152872860431671143e-02 7.612281944602727890e-03 1.513631176203489304e-02 3.655886277556419373e-02 1.672893646173179150e-03 1.024154946208000183e-01 9.520985186100006104e-02 6.006141006946563721e-02 2.745254896581172943e-02 1.627453602850437164e-02 3.841718286275863647e-02 1.356592774391174316e-02 2.383840084075927734e-02 9.662317112088203430e-03 3.002393804490566254e-02 2.567444182932376862e-02 1.249722205102443695e-02 6.790478713810443878e-03 3.392544388771057129e-02 1.691064611077308655e-02 2.505372092127799988e-02 1.179951615631580353e-02 3.627518191933631897e-02 1.803856901824474335e-02 3.044649213552474976e-02 3.240247070789337158e-02 3.806585818529129028e-02 1.846699789166450500e-02 4.230992868542671204e-02 1.744039729237556458e-02 1.220632903277873993e-02 6.926991511136293411e-03 1.129598263651132584e-02 3.315275907516479492e-02 2.274656295776367188e-02
3.128426894545555115e-02 1.867528259754180908e-02 4.308927804231643677e-02 6.605682428926229477e-03 7.515177130699157715e-03 3.666685521602630615e-02 1.692997477948665619e-02 3.882206976413726807e-02 4.377400875091552734e-01 7.839142531156539917e-02 2.190136909484863281e-02 4.894493613392114639e-03 1.874272897839546204e-02 7.520788349211215973e-03 3.096026554703712463e-02 1.309679355472326279e-02 5.941589549183845520e-02 9.206628426909446716e-03 5.436165630817413330e-02 9.997799992561340332e-03 2.942998334765434265e-02 1.202327664941549301e-02 2.625296823680400848e-02 2.174836024641990662e-02 2.698815800249576569e-02 1.183626241981983185e-02 4.788453504443168640e-02 7.085255533456802368e-02 1.131919119507074356e-02 5.232655629515647888e-02 2.984602237120270729e-03 3.948328271508216858e-02 5.349986255168914795e-03 3.092992305755615234e-02 4.540340229868888855e-02 1.826377213001251221e-02 4.445261508226394653e-02 1.581103727221488953e-02 5.466530472040176392e-02 7.317577302455902100e-02 2.953929454088211060e-02 4.921204224228858948e-02 5.746112763881683350e-02 2.352683991193771362e-02 2.875286899507045746e-02 4.559706896543502808e-02 1.579702459275722504e-02 3.062856569886207581e-02 5.575975775718688965e-02 1.178822200745344162e-02 4.109303280711174011e-02 3.545163944363594055e-02 3.033133223652839661e-02 4.155326634645462036e-02 9.754627197980880737e-02 3.083370067179203033e-02 2.513132989406585693e-02 4.951162263751029968e-02 7.743095047771930695e-03 1.990723423659801483e-02 5.721484124660491943e-02 5.213298648595809937e-02 1.273384597152471542e-02 2.348883822560310364e-02 5.393523257225751877e-03 4.100133851170539856e-02 1.869856938719749451e-02 2.837112173438072205e-02 7.297944277524948120e-02 3.198714554309844971e-02 3.349926695227622986e-02 4.404385015368461609e-02 1.329144276678562164e-02 4.502363502979278564e-03 1.072222087532281876e-02 3.857851028442382812e-02 1.709278225898742676e-01 6.840840727090835571e-02 5.183305963873863220e-02 5.469700694084167480e-02 1.232531294226646423e-02 7.635571993887424469e-03 4.957477748394012451e-02 1.955585088580846786e-03 5.004606768488883972e-02 2.633895538747310638e-02 2.021995140239596367e-03 1.087636966258287430e-02 1.806401461362838745e-02 4.403367638587951660e-02 3.456454724073410034e-02 7.801685482263565063e-03 2.723209932446479797e-02 4.150932282209396362e-02 2.703864360228180885e-03 7.577227428555488586e-03 6.007599644362926483e-03 3.481030464172363281e-02 3.256929293274879456e-02 2.619871310889720917e-02 6.552425678819417953e-03 5.329465027898550034e-03 4.238869622349739075e-02 4.783080145716667175e-02 8.207694627344608307e-03 2.515131421387195587e-02 4.672128334641456604e-02 5.228708311915397644e-02 1.593301445245742798e-02 3.973284736275672913e-02 4.748707264661788940e-02 3.849628940224647522e-02 1.290019787847995758e-02 4.121906310319900513e-02 9.266730397939682007e-03 1.806156523525714874e-02
1.392303500324487686e-02 7.092673331499099731e-03 7.506491150707006454e-03 1.015284191817045212e-02 4.205459356307983398e-02 3.666432574391365051e-02 5.354215949773788452e-02 3.268787264823913574e-02 7.839142531156539917e-02 4.658373892307281494e-01 1.138816028833389282e-02 3.667601943016052246e-02 4.130379110574722290e-02 5.516492202877998352e-02 4.129609093070030212e-02 1.225555129349231720e-02 1.520837657153606415e-02 1.863882504403591156e-02 3.785121068358421326e-02 3.504371270537376404e-02 3.103129751980304718e-02 4.863961413502693176e-02 3.844330087304115295e-02 4.854172468185424805e-02 1.041626743972301483e-02 1.269658794626593590e-03 6.730408873409032822e-03 7.529880106449127197e-02 3.348689898848533630e-02 3.119372576475143433e-02 4.095220565795898438e-02 2.441688440740108490e-02 1.200962439179420471e-02 2.072808146476745605e-02 4.105424880981445312e-02 1.156489923596382141e-02 6.903846561908721924e-02 3.458189219236373901e-02 1.394939329475164413e-02 5.080473143607378006e-03 2.717674151062965393e-02 5.215979181230068207e-03 3.975501284003257751e-03 1.621611998416483402e-03 4.316174238920211792e-02 2.723217755556106567e-02 3.842376917600631714e-02 3.254420682787895203e-02 9.838580153882503510e-03 9.832593053579330444e-02 1.123343408107757568e-02 2.250027656555175781e-02 2.984951995313167572e-02 1.526996213942766190e-02 3.465138003230094910e-02 8.787716925144195557e-02 3.569446876645088196e-02 2.157049486413598061e-03 1.411476917564868927e-02 2.794296666979789734e-02 4.060195386409759521e-02 1.146039180457592010e-02 4.475899785757064819e-02 2.057270519435405731e-02 9.575730189681053162e-03 3.151690587401390076e-02 2.646102011203765869e-02 3.540651872754096985e-02 2.571737021207809448e-02 5.960809811949729919e-02 4.504157602787017822e-02 2.068379893898963928e-02 2.601682022213935852e-02 4.329534992575645447e-02 5.609818175435066223e-02 2.556658349931240082e-02 3.969655930995941162e-02 1.348148286342620850e-01 3.401873633265495300e-02 1.077484637498855591e-01 3.818191215395927429e-02 8.608960546553134918e-03 3.586554527282714844e-02 1.083995997905731201e-01 1.044269744306802750e-02 6.355649977922439575e-02 3.635816276073455811e-03 4.805492237210273743e-02 1.745856925845146179e-02 9.032923728227615356e-02 1.055258978158235550e-02 3.557877149432897568e-03 3.915384411811828613e-02 2.185261435806751251e-02 2.245780080556869507e-02 2.347674965858459473e-02 2.203728817403316498e-02 7.306281477212905884e-03 5.257149459794163704e-04 1.671538129448890686e-02 4.532364383339881897e-02 3.329847007989883423e-02 4.351767897605895996e-02 1.764926500618457794e-02 6.039018277078866959e-03 1.190286362543702126e-03 3.723742812871932983e-02 9.575247764587402344e-03 1.910278201103210449e-02 3.147614374756813049e-02 3.732306137681007385e-02 4.328880086541175842e-02 1.919549144804477692e-02 3.523405175656080246e-03 3.660977631807327271e-02 1.044005714356899261e-02
1.538805365562438965e-01 1.290989816188812256e-01 1.344894897192716599e-02 2.214950136840343475e-02 2.246289327740669250e-02 9.662245959043502808e-02 1.027147173881530762e-01 1.995257474482059479e-02 2.190136909484863281e-02 1.138816028833389282e-02 4.655619561672210693e-01 1.118163764476776123e-02 1.642596125602722168e-01 3.581792861223220825e-02 1.794113218784332275e-02 1.623187772929668427e-02 1.279023103415966034e-02 3.414401784539222717e-02 5.821682047098875046e-03 3.079373389482498169e-02 2.595385909080505371e-02 2.964978292584419250e-02 3.212615475058555603e-02 4.264458268880844116e-02 1.715509407222270966e-02 5.033868923783302307e-02 2.384059689939022064e-02 3.436683490872383118e-02 3.114021755754947662e-02 2.682100981473922729e-02 2.661134488880634308e-02 1.598476618528366089e-02 3.957864642143249512e-02 3.455513622611761093e-03 3.576141595840454102e-02 2.512317709624767303e-02 3.595674410462379456e-02 9.692100808024406433e-03 5.062132608145475388e-03 1.712515950202941895e-02 2.493288554251194000e-02 3.761426359415054321e-02 1.572579517960548401e-02 1.672636345028877258e-02 2.688708901405334473e-02 4.915383644402027130e-03 1.131758689880371094e-01 7.965254038572311401e-02 2.317007072269916534e-02 2.294741757214069366e-02 3.920373320579528809e-02 1.220436487346887589e-02 2.962506748735904694e-02 3.802749887108802795e-02 1.701044663786888123e-02 4.255247302353382111e-03 3.694846481084823608e-02 1.020636293105781078e-03 2.003224939107894897e-02 2.562686614692211151e-02 3.242347761988639832e-02 1.879711076617240906e-02 1.635278388857841492e-02 4.051988571882247925e-02 5.744535848498344421e-02 3.921038284897804260e-02 1.610958017408847809e-02 7.145604467950761318e-04 2.874938398599624634e-02 2.202109433710575104e-02 3.573517547920346260e-03 4.756303131580352783e-02 3.312983363866806030e-02 7.276095449924468994e-03 1.097979303449392319e-02 1.365370396524667740e-02 3.736774995923042297e-02 9.584043174982070923e-03 3.891329094767570496e-02 2.300702035427093506e-03 3.246138617396354675e-02 6.782942800782620907e-04 2.811849676072597504e-02 3.057608567178249359e-02 2.712644822895526886e-02 4.122824594378471375e-02 1.086125709116458893e-02 3.235783427953720093e-02 2.315954491496086121e-02 1.257467456161975861e-02 5.789935216307640076e-02 1.584138954058289528e-04 4.115435108542442322e-02 7.024258840829133987e-03 3.974433988332748413e-02 3.885580971837043762e-02 3.064965084195137024e-02 1.847750879824161530e-02 2.648845082148909569e-03 1.615505851805210114e-02 4.877377301454544067e-03 1.615558401681482792e-03 2.397038275375962257e-03 4.677449166774749756e-02 2.047231793403625488e-02 3.222258994355797768e-03 2.413203381001949310e-02 5.584721639752388000e-02 1.921813748776912689e-02 5.169061943888664246e-02 1.352134626358747482e-02 2.888473682105541229e-02 2.108855731785297394e-02 2.139735594391822815e-02 7.162682246416807175e-03 5.261191725730895996e-02
4.611993674188852310e-03 3.148248186334967613e-03 1.093979086726903915e-02 8.005336858332157135e-03 3.205909952521324158e-02 6.190392747521400452e-02 2.376202307641506195e-02 3.192267939448356628e-02 4.894493613392114639e-03 3.667601943016052246e-02 1.118163764476776123e-02 4.366981089115142822e-01 1.356815546751022339e-02 1.223234981298446655e-01 4.227005690336227417e-02 2.174413204193115234e-02 5.002595111727714539e-02 2.497553080320358276e-02 6.453891098499298096e-02 3.924793004989624023e-02 2.262794785201549530e-02 1.763943023979663849e-02 3.377237543463706970e-02 3.075330890715122223e-02 1.722575724124908447e-02 1.166763156652450562e-02 8.728846907615661621e-03 7.077762484550476074e-02 4.777207970619201660e-02 1.093223970383405685e-02 4.793987050652503967e-02 7.719373330473899841e-03 3.844535350799560547e-02 2.100212126970291138e-02 1.646488904953002930e-02 1.605604030191898346e-02 2.486700750887393951e-02 2.541860006749629974e-02 6.105681415647268295e-03 2.984896861016750336e-02 3.985713701695203781e-03 2.784162759780883789e-02 1.803297363221645355e-02 2.170011959969997406e-02 9.641372412443161011e-02 2.070098184049129486e-03 2.243952080607414246e-02 2.271654829382896423e-02 1.465031132102012634e-02 3.458184748888015747e-02 1.608998514711856842e-02 5.098257586359977722e-02 1.519184210337698460e-03 4.359827563166618347e-02 2.021114341914653778e-02 2.513412199914455414e-02 4.681993275880813599e-02 5.673570930957794189e-02 9.270353242754936218e-03 2.728520892560482025e-02 2.313964255154132843e-02 6.127518042922019958e-02 1.760296523571014404e-02 3.868570923805236816e-02 5.364250019192695618e-02 4.948227480053901672e-02 1.230770442634820938e-02 2.433360787108540535e-04 1.641815528273582458e-02 1.247475389391183853e-02 5.223526433110237122e-02 1.653328165411949158e-02 2.550946734845638275e-02 3.954397141933441162e-02 6.161550525575876236e-03 2.586221788078546524e-03 2.983325347304344177e-02 5.720010027289390564e-02 4.724037274718284607e-02 2.183564938604831696e-02 1.709334366023540497e-02 1.059430837631225586e-02 3.311156854033470154e-02 2.482037991285324097e-02 6.395862251520156860e-02 8.704586885869503021e-03 2.959077432751655579e-02 2.546273358166217804e-02 5.235512927174568176e-02 1.436855457723140717e-02 4.269144684076309204e-02 1.479566376656293869e-02 8.389434218406677246e-02 2.466448210179805756e-02 8.815236506052315235e-04 1.619686186313629150e-02 3.332256525754928589e-02 5.406119860708713531e-03 5.032109469175338745e-02 2.850814536213874817e-02 3.107786551117897034e-02 3.822170570492744446e-02 1.620087213814258575e-02 1.607555523514747620e-02 6.589569617062807083e-03 4.172911494970321655e-02 1.282367017120122910e-02 1.237904559820890427e-02 1.522271521389484406e-02 1.332918275147676468e-02 2.039455994963645935e-02 2.707107365131378174e-02 1.074283942580223083e-02 1.568300649523735046e-02 1.094878930598497391e-02 4.155868664383888245e-02
1.389233469963073730e-01 1.411082297563552856e-01 3.335579065605998039e-03 5.100167542695999146e-02 3.509450703859329224e-03 8.705191314220428467e-02 1.012610569596290588e-01 5.387158133089542389e-03 1.874272897839546204e-02 4.130379110574722290e-02 1.642596125602722168e-01 1.356815546751022339e-02 4.810351729393005371e-01 2.758155018091201782e-02 4.095038399100303650e-02 1.914232224225997925e-02 2.063533524051308632e-03 4.384383093565702438e-03 4.415058717131614685e-02 1.421633642166852951e-02 3.546388074755668640e-02 2.816765010356903076e-02 4.362227767705917358e-02 3.313483297824859619e-02 3.281835466623306274e-02 3.390415757894515991e-02 3.555867448449134827e-02 1.999827101826667786e-02 2.429106459021568298e-02 1.131290942430496216e-02 4.259745404124259949e-02 3.495155647397041321e-02 6.046007387340068817e-03 2.277002483606338501e-02 4.052449762821197510e-02 2.080626785755157471e-02 4.122927412390708923e-02 3.032248467206954956e-02 5.685987416654825211e-03 2.319239825010299683e-02 1.472651306539773941e-02 2.340335771441459656e-02 7.473130244761705399e-03 3.807266429066658020e-02 1.878948882222175598e-02 4.524648655205965042e-03 1.125733926892280579e-01 1.013467386364936829e-01 2.619145996868610382e-02 4.012606292963027954e-02 4.552260506898164749e-03 1.276006083935499191e-02 5.394465103745460510e-02 2.509020641446113586e-02 2.926166914403438568e-02 2.285805530846118927e-02 1.674102991819381714e-02 3.330712392926216125e-02 5.061597563326358795e-03 2.224460057914257050e-02 1.330993138253688812e-02 4.600836709141731262e-02 4.505259171128273010e-02 4.108899459242820740e-02 4.889468476176261902e-02 6.695342808961868286e-02 1.516859419643878937e-02 5.285085644572973251e-03 3.388363495469093323e-02 2.834814786911010742e-02 2.888903953135013580e-02 3.073376044631004333e-02 3.303248807787895203e-02 2.247345075011253357e-02 2.990493550896644592e-02 2.042536437511444092e-02 4.441240057349205017e-02 1.804606430232524872e-02 1.657974533736705780e-02 4.479544609785079956e-02 3.469421342015266418e-02 2.470614574849605560e-02 9.351172484457492828e-04 3.541923686861991882e-02 3.713185340166091919e-02 3.371333330869674683e-02 7.710642181336879730e-03 2.419501170516014099e-02 4.620413482189178467e-02 3.755472227931022644e-02 8.750411868095397949e-02 1.485332753509283066e-02 6.828455626964569092e-02 5.095043033361434937e-02 3.693899512290954590e-02 3.703606501221656799e-02 1.927443780004978180e-02 1.550341956317424774e-02 2.281812718138098717e-03 6.626544054597616196e-03 1.357630826532840729e-02 3.327311947941780090e-02 1.115601416677236557e-02 4.478022828698158264e-02 2.281001769006252289e-02 2.979284897446632385e-02 2.378742396831512451e-02 5.167876929044723511e-02 2.965907566249370575e-02 1.153026148676872253e-02 4.299862682819366455e-02 2.650174498558044434e-02 1.974868588149547577e-02 1.906466670334339142e-02 1.133390050381422043e-02 2.808156237006187439e-02
