4.285305440425872803e-01 1.743345111608505249e-01 1.110309734940528870e-02 3.125631436705589294e-02 1.259705238044261932e-02 2.481020987033843994e-02 2.670986345037817955e-03 1.219959463924169540e-03 1.388224121183156967e-02 8.552792482078075409e-03 3.482820838689804077e-02 2.272974886000156403e-02 3.483833372592926025e-02 4.850542545318603516e-02 7.128597795963287354e-02 1.714394055306911469e-02 3.322880342602729797e-02 6.864113733172416687e-03 3.686567023396492004e-02 2.999172359704971313e-02 2.554820105433464050e-02 8.159565180540084839e-02 3.882490331307053566e-03 4.551589023321866989e-03 2.688625641167163849e-02 3.989362716674804688e-02 5.778279900550842285e-02 3.820728743448853493e-03 5.902166012674570084e-03 3.203831985592842102e-02 1.955290697515010834e-02 3.904864192008972168e-02 4.613918717950582504e-03 2.185692824423313141e-02 2.384955622255802155e-02 1.774936355650424957e-02 8.052813820540904999e-03 9.276526980102062225e-03 8.333858102560043335e-03 4.240754060447216034e-03 6.124601885676383972e-02 4.169369861483573914e-02 2.173057943582534790e-02 2.353456430137157440e-02 1.918598450720310211e-02 1.434308569878339767e-02 1.905956119298934937e-02 4.074794705957174301e-03 3.322293981909751892e-02 4.636723548173904419e-02 1.051879022270441055e-02 1.584249432198703289e-03 3.079368546605110168e-02 6.875235587358474731e-03 1.522319391369819641e-02 3.350273892283439636e-02 1.909335330128669739e-02 3.920337557792663574e-02 6.045733578503131866e-03 5.050121620297431946e-02 1.756992191076278687e-02 2.456178329885005951e-02 2.526834374293684959e-03 1.572878845036029816e-02 3.780502453446388245e-02 3.608968108892440796e-02 4.478957876563072205e-02 5.982312187552452087e-02 1.432667858898639679e-02 1.470305677503347397e-02 3.189129382371902466e-02 2.285192720592021942e-02 1.692685484886169434e-02 2.306310646235942841e-02 2.746151201426982880e-02 2.104688808321952820e-02 1.192328054457902908e-02 3.492351993918418884e-02 3.821112215518951416e-02 5.177829414606094360e-02 3.395725786685943604e-02 1.186730712652206421e-02 3.801927343010902405e-02 4.495996609330177307e-02 1.791037060320377350e-02 2.496935427188873291e-02 1.283354870975017548e-02 5.199429765343666077e-02 3.631682321429252625e-02 5.257708951830863953e-02 4.191320855170488358e-03 2.598788775503635406e-02 1.127755269408226013e-02 8.639972656965255737e-03 1.291316002607345581e-02 2.289535477757453918e-02 4.510882869362831116e-02 3.974223881959915161e-02 3.768572583794593811e-02 3.951644897460937500e-02 3.584736213088035583e-02 3.196205198764801025e-02 5.219043791294097900e-02 2.334161661565303802e-02 6.383681466104462743e-05 4.437303915619850159e-02 2.363133057951927185e-02 1.162784174084663391e-03 1.145837362855672836e-02 2.842297777533531189e-02 4.843853786587715149e-02 4.606303200125694275e-02 2.179717831313610077e-02 3.143274784088134766e-02 2.450482361018657684e-02 1.643478497862815857e-02
1.743345111608505249e-01 4.347204566001892090e-01 2.221690258011221886e-03 3.340995684266090393e-02 1.504856068640947342e-02 3.114061616361141205e-02 2.015465870499610901e-02 5.101622268557548523e-02 4.299387708306312561e-02 1.643838331801816821e-04 3.847369179129600525e-02 4.029960185289382935e-02 6.769550591707229614e-02 4.457366093993186951e-02 5.783816426992416382e-02 2.095682546496391296e-02 3.362862765789031982e-02 7.389649283140897751e-03 4.101216793060302734e-02 3.769726306200027466e-02 3.498183563351631165e-03 5.089656263589859009e-02 2.847124449908733368e-02 2.736706519499421120e-03 1.945311203598976135e-02 1.520749181509017944e-02 3.894670517183840275e-04 9.620567783713340759e-03 2.199808508157730103e-02 1.904613897204399109e-02 2.146033197641372681e-02 3.939257934689521790e-02 2.995190024375915527e-02 1.472945604473352432e-02 1.526040490716695786e-02 1.047010906040668488e-02 4.665102809667587280e-02 2.458468265831470490e-02 2.637122292071580887e-03 3.910226374864578247e-02 2.038181386888027191e-02 3.338371217250823975e-02 4.244262725114822388e-02 8.893845602869987488e-03 1.962767168879508972e-02 1.714160479605197906e-02 2.962713316082954407e-02 4.224782064557075500e-02 1.522136759012937546e-02 3.058908693492412567e-02 2.096236497163772583e-02 6.110677961260080338e-03 3.735617920756340027e-02 2.007155679166316986e-02 2.992263995110988617e-02 5.083115771412849426e-02 4.256634786725044250e-02 6.831354927271604538e-03 2.616516128182411194e-02 3.391725942492485046e-02 2.282298170030117035e-02 3.352508321404457092e-02 3.204666310921311378e-03 2.986991219222545624e-02 1.705025508999824524e-02 1.797005883418023586e-03 6.574318557977676392e-02 3.784915804862976074e-02 5.042859911918640137e-02 2.420601435005664825e-03 2.227460592985153198e-02 1.277510821819305420e-02 1.116230338811874390e-02 7.881776429712772369e-03 4.662195593118667603e-02 2.665754593908786774e-02 4.183457791805267334e-02 3.734778612852096558e-03 2.968628332018852234e-02 1.534384023398160934e-02 4.344744607806205750e-02 9.021841920912265778e-03 2.477684244513511658e-02 3.673474490642547607e-02 4.917648807168006897e-02 1.816603913903236389e-02 1.482277270406484604e-02 4.981670901179313660e-02 3.469184413552284241e-02 3.378714993596076965e-02 4.940367303788661957e-03 4.908088594675064087e-02 3.787828236818313599e-02 1.911782473325729370e-02 4.421130567789077759e-02 2.158076874911785126e-02 4.181952774524688721e-02 2.809903398156166077e-02 2.247138507664203644e-02 4.850268363952636719e-02 2.347737550735473633e-02 1.783647201955318451e-02 4.653818905353546143e-02 2.976854331791400909e-02 1.845538802444934845e-02 5.098327994346618652e-03 3.441891074180603027e-02 3.727324074134230614e-03 1.443737279623746872e-02 7.906454615294933319e-03 3.086598590016365051e-03 1.344796828925609589e-02 2.356908656656742096e-02 4.758950322866439819e-03 1.579677127301692963e-02 4.753461107611656189e-03
1.110309734940528870e-02 2.221690258011221886e-03 3.986407518386840820e-01 2.481290698051452637e-02 3.665654733777046204e-02 1.792113482952117920e-02 3.681442514061927795e-02 8.465013653039932251e-02 5.031622573733329773e-02 1.186052523553371429e-02 8.553446270525455475e-03 4.305105656385421753e-02 6.546115502715110779e-03 2.391929551959037781e-02 3.453287854790687561e-02 2.431898936629295349e-02 4.073558375239372253e-02 3.619648888707160950e-02 4.619980603456497192e-02 3.857081755995750427e-02 4.840822517871856689e-02 3.195136412978172302e-02 3.518270328640937805e-02 2.043369226157665253e-02 2.045660465955734253e-02 2.866233885288238525e-02 3.238341584801673889e-02 2.477738820016384125e-02 1.107554510235786438e-02 1.297301519662141800e-02 7.905865088105201721e-03 4.119766131043434143e-02 1.684074848890304565e-02 1.009601727128028870e-02 3.149529173970222473e-02 4.279376566410064697e-02 4.449073970317840576e-02 4.925807006657123566e-03 7.048277556896209717e-02 5.528144072741270065e-03 4.377240780740976334e-03 1.775331981480121613e-02 3.201205655932426453e-02 5.065375566482543945e-02 5.418092384934425354e-02 5.211517214775085449e-03 4.398734122514724731e-02 1.809809170663356781e-02 2.260616421699523926e-02 1.206884440034627914e-02 2.596775256097316742e-02 3.932371735572814941e-02 6.045348942279815674e-03 4.179351963102817535e-03 4.223791882395744324e-02 1.836904324591159821e-02 2.097246237099170685e-02 3.400498256087303162e-02 4.209472984075546265e-02 1.678632758557796478e-02 3.120362386107444763e-02 7.795968092978000641e-03 2.406906336545944214e-02 1.617704890668392181e-02 2.674353308975696564e-02 2.316785976290702820e-03 2.971426816657185555e-03 1.647081598639488220e-02 3.823454678058624268e-02 2.265048585832118988e-02 1.038178522139787674e-02 2.536392584443092346e-02 3.364369645714759827e-02 1.391973346471786499e-03 1.095088571310043335e-02 2.668588422238826752e-02 6.525859236717224121e-02 6.292875856161117554e-02 1.703938469290733337e-02 5.292856949381530285e-04 4.875840991735458374e-02 8.899546414613723755e-02 4.390835762023925781e-02 1.802703179419040680e-02 2.556344494223594666e-02 2.199218608438968658e-02 3.994792699813842773e-02 6.722079589962959290e-03 1.583353430032730103e-02 4.081195220351219177e-02 5.565840285271406174e-03 4.381060972809791565e-02 8.254760876297950745e-03 2.964948117733001709e-02 2.554031834006309509e-02 1.019442733377218246e-02 3.306069225072860718e-02 1.831185072660446167e-02 2.063833177089691162e-02 1.676481775939464569e-02 1.208619959652423859e-02 1.419504452496767044e-02 2.695847675204277039e-02 5.909988190978765488e-03 2.575154416263103485e-02 6.100156903266906738e-02 3.154239058494567871e-02 3.939991444349288940e-02 5.206509307026863098e-02 1.276979874819517136e-02 3.901115804910659790e-02 1.124263834208250046e-02 5.463948473334312439e-02 4.207315389066934586e-03 3.444712609052658081e-02 1.476871315389871597e-03
3.125631436705589294e-02 3.340995684266090393e-02 2.481290698051452637e-02 4.400710761547088623e-01 8.120617270469665527e-02 3.250077366828918457e-03 1.738683134317398071e-02 4.898944124579429626e-02 3.979747742414474487e-02 3.255456313490867615e-02 1.942294090986251831e-02 1.623342558741569519e-02 1.673483103513717651e-02 1.315273158252239227e-02 4.130890592932701111e-02 1.375604793429374695e-02 3.653063252568244934e-02 1.901393756270408630e-02 5.745688453316688538e-02 1.841177232563495636e-02 8.803536184132099152e-03 4.255139827728271484e-02 3.885545209050178528e-02 7.056956645101308823e-03 2.985065244138240814e-02 3.820186480879783630e-02 3.119390085339546204e-02 5.295565724372863770e-02 2.892627753317356110e-02 5.424501374363899231e-02 1.206140592694282532e-02 1.022033393383026123e-02 5.817911121994256973e-03 2.825932949781417847e-02 3.767794463783502579e-03 5.231918767094612122e-02 3.567799180746078491e-02 3.205439075827598572e-02 9.274145215749740601e-02 2.331913262605667114e-02 3.233211860060691833e-02 9.054861031472682953e-03 2.239983342587947845e-02 2.792187966406345367e-02 4.478418081998825073e-02 2.441138960421085358e-02 1.270630490034818649e-02 6.139088887721300125e-03 7.479915022850036621e-02 4.528729617595672607e-02 5.892345309257507324e-02 4.013281315565109253e-02 5.388249456882476807e-02 1.995274238288402557e-02 4.894214123487472534e-02 1.506788842380046844e-02 4.857966676354408264e-02 4.752404615283012390e-02 5.188623443245887756e-02 2.365370467305183411e-02 4.562789574265480042e-02 5.296349897980690002e-02 1.612746529281139374e-02 1.393381599336862564e-02 3.284895792603492737e-02 2.705926075577735901e-02 3.936004638671875000e-02 5.435815826058387756e-02 2.088870620355010033e-03 1.432130392640829086e-02 1.474721939302980900e-03 4.941251501441001892e-02 1.168841794133186340e-01 2.894914150238037109e-02 9.722712635993957520e-02 3.187638893723487854e-02 1.097198110073804855e-02 1.232653390616178513e-02 2.522260695695877075e-02 3.528945520520210266e-02 1.705592870712280273e-02 2.703864313662052155e-02 7.217498123645782471e-02 2.701787650585174561e-02 6.053414940834045410e-02 3.561139851808547974e-02 6.154308095574378967e-02 8.799694478511810303e-03 6.768524181097745895e-03 3.351427614688873291e-02 1.940427534282207489e-02 4.350596573203802109e-03 3.676116000860929489e-03 2.810268104076385498e-02 2.592437155544757843e-02 1.084947586059570312e-02 2.367733605206012726e-02 3.809332847595214844e-03 3.909918304998427629e-04 2.518683671951293945e-02 2.668510889634490013e-03 3.933421894907951355e-02 5.918323993682861328e-02 3.892470523715019226e-02 2.210439741611480713e-02 6.974262068979442120e-04 3.290745988488197327e-02 4.252036660909652710e-02 5.766374059021472931e-03 3.403649106621742249e-02 8.769508451223373413e-03 3.654633089900016785e-02 2.279510162770748138e-02 2.233587391674518585e-02 2.327102422714233398e-02 1.843974925577640533e-02
1.259705238044261932e-02 1.504856068640947342e-02 3.665654733777046204e-02 8.120617270469665527e-02 4.312769472599029541e-01 5.027504265308380127e-02 3.453195095062255859e-02 2.093984931707382202e-02 1.934034749865531921e-02 4.137486219406127930e-03 1.826545782387256622e-02 2.001501619815826416e-02 2.106994390487670898e-02 7.055844366550445557e-02 2.095686970278620720e-03 1.924893120303750038e-03 4.654481634497642517e-02 2.830324694514274597e-02 4.323838651180267334e-02 1.496183220297098160e-03 5.242357496172189713e-03 2.742119319736957550e-02 3.722900524735450745e-02 2.901810221374034882e-02 1.657790504395961761e-03 2.618506178259849548e-02 7.608107756823301315e-03 3.193678334355354309e-02 3.623869270086288452e-03 6.398395448923110962e-02 1.632268354296684265e-02 3.543770685791969299e-02 2.793175727128982544e-02 1.477067824453115463e-02 5.013890936970710754e-02 8.319376967847347260e-03 4.011656716465950012e-02 2.686414867639541626e-03 6.339247524738311768e-02 1.436151862144470215e-01 2.323958091437816620e-02 9.945968631654977798e-04 2.372966893017292023e-02 4.285800084471702576e-02 2.564172027632594109e-03 1.321436185389757156e-02 3.765346109867095947e-02 2.105700597167015076e-02 5.205347202718257904e-03 5.159713700413703918e-02 4.137322306632995605e-02 2.699625678360462189e-02 1.247802656143903732e-02 5.367508158087730408e-02 4.173456877470016479e-02 1.910226419568061829e-02 3.259301558136940002e-02 1.334678009152412415e-02 2.303629182279109955e-02 3.306874632835388184e-02 5.196864530444145203e-02 5.606148019433021545e-02 6.946417503058910370e-03 5.015078466385602951e-03 2.099329605698585510e-02 1.424792781472206116e-02 1.424619648605585098e-02 2.319013141095638275e-02 5.209882557392120361e-02 3.260172903537750244e-02 5.434099584817886353e-02 5.696614272892475128e-03 3.113736212253570557e-02 4.665538668632507324e-02 1.145090982317924500e-01 7.104090880602598190e-03 3.200942650437355042e-02 2.501213923096656799e-02 3.055065311491489410e-02 4.090495407581329346e-02 1.933225803077220917e-02 4.220324754714965820e-02 7.344882190227508545e-02 1.324889957904815674e-01 3.012907505035400391e-02 8.255131542682647705e-03 3.989472240209579468e-02 3.166434541344642639e-02 4.553837701678276062e-02 5.805915221571922302e-02 4.879617691040039062e-02 4.519867897033691406e-02 2.695884741842746735e-02 4.011821746826171875e-02 3.499386832118034363e-02 4.050402715802192688e-02 3.879087045788764954e-02 3.764596953988075256e-02 1.708943024277687073e-02 2.039165422320365906e-02 2.297521801665425301e-03 3.253284469246864319e-02 3.820831328630447388e-02 1.013469416648149490e-02 6.282459199428558350e-02 5.574120674282312393e-03 3.896627202630043030e-02 4.168372601270675659e-02 2.299703285098075867e-02 1.140903914347290993e-03 3.851701691746711731e-02 2.034984715282917023e-02 2.688323147594928741e-02 2.678234130144119263e-02 2.965380437672138214e-02 3.400776907801628113e-02
2.481020987033843994e-02 3.114061616361141205e-02 1.792113482952117920e-02 3.250077366828918457e-03 5.027504265308380127e-02 4.568898975849151611e-01 9.081129729747772217e-02 4.941426217555999756e-02 4.268525540828704834e-02 2.792637422680854797e-02 6.266782432794570923e-02 8.295322768390178680e-03 5.547704920172691345e-02 2.672324888408184052e-02 1.172649022191762924e-02 8.999761193990707397e-03 1.617311313748359680e-02 3.256834112107753754e-03 3.110206685960292816e-02 1.921647414565086365e-02 1.867343671619892120e-02 5.097178742289543152e-03 3.159746527671813965e-02 4.601208120584487915e-02 1.051828498020768166e-03 3.262224793434143066e-02 5.243235453963279724e-02 1.221995614469051361e-02 3.049266524612903595e-02 4.125063866376876831e-02 3.539530187845230103e-02 1.994006521999835968e-02 4.764899145811796188e-03 3.376838564872741699e-02 1.445456221699714661e-02 3.155304118990898132e-02 2.431344240903854370e-02 1.812393218278884888e-02 4.828611854463815689e-03 3.078406304121017456e-02 2.393700368702411652e-02 1.040293835103511810e-03 6.113746669143438339e-03 2.528559416532516479e-02 2.043265290558338165e-02 3.134357929229736328e-02 9.742173552513122559e-02 3.721664845943450928e-02 6.647428032010793686e-03 1.746944524347782135e-02 2.464565262198448181e-02 4.554393235594034195e-03 1.372539345175027847e-02 3.770095482468605042e-02 3.353277221322059631e-02 2.444775216281414032e-02 2.381987124681472778e-02 2.070426195859909058e-02 1.095948088914155960e-02 4.959187284111976624e-02 3.479809686541557312e-02 1.159482076764106750e-02 3.392689675092697144e-02 3.280041739344596863e-03 3.177226334810256958e-02 7.389280200004577637e-02 2.884713187813758850e-02 1.246739830821752548e-02 1.651578396558761597e-02 2.687750943005084991e-02 2.599169500172138214e-03 1.702580228447914124e-02 3.344072774052619934e-02 3.397941589355468750e-02 4.947055131196975708e-02 3.912831842899322510e-02 3.220881894230842590e-02 4.523648414760828018e-03 3.286760300397872925e-02 3.236877545714378357e-02 1.554392091929912567e-02 4.306369647383689880e-02 1.728125102818012238e-02 9.149577468633651733e-03 2.217792160809040070e-02 2.516741305589675903e-02 2.038464508950710297e-02 3.589963167905807495e-02 1.942122355103492737e-02 4.882961884140968323e-02 4.557205364108085632e-02 7.410208228975534439e-03 3.216627612709999084e-02 7.834309339523315430e-02 4.207171127200126648e-02 1.603648625314235687e-02 1.324060745537281036e-02 3.284458816051483154e-02 4.241402819752693176e-02 2.931072004139423370e-02 2.977669239044189453e-02 4.343118891119956970e-02 4.282830283045768738e-02 3.489868342876434326e-02 4.515251144766807556e-02 1.638000085949897766e-02 1.025285758078098297e-02 2.195387892425060272e-02 1.988517306745052338e-02 3.697818517684936523e-02 3.959964215755462646e-02 2.274651825428009033e-02 8.839314803481101990e-03 1.915223896503448486e-02 3.874188987538218498e-03 1.078054402023553848e-02
2.670986345037817955e-03 2.015465870499610901e-02 3.681442514061927795e-02 1.738683134317398071e-02 3.453195095062255859e-02 9.081129729747772217e-02 4.594911336898803711e-01 3.240889683365821838e-02 4.414318501949310303e-02 2.624417096376419067e-02 7.035057991743087769e-02 3.438844345510005951e-03 2.372887916862964630e-02 3.385305870324373245e-03 7.316910661756992340e-03 3.248393163084983826e-02 6.577810738235712051e-03 8.648270741105079651e-03 2.824052423238754272e-02 4.043388180434703827e-03 1.218961406266316772e-04 4.666844755411148071e-02 4.434527456760406494e-02 4.401848092675209045e-02 3.160087391734123230e-02 2.741531655192375183e-02 1.310445275157690048e-02 1.147010270506143570e-02 8.022581040859222412e-02 4.681131616234779358e-02 8.431822061538696289e-03 4.095596075057983398e-02 2.960569597780704498e-02 3.728291019797325134e-02 4.483657702803611755e-02 4.791864007711410522e-02 1.709304004907608032e-02 3.038868121802806854e-02 1.536102127283811569e-02 2.888975292444229126e-02 6.616786587983369827e-03 2.024828083813190460e-02 6.120149511843919754e-03 4.001706372946500778e-03 6.494955741800367832e-04 1.836964674293994904e-02 7.521435618400573730e-02 9.709932655096054077e-02 1.074765250086784363e-02 2.042527496814727783e-02 1.990872807800769806e-02 4.816974978893995285e-03 3.615289460867643356e-03 1.053902506828308105e-02 2.092366851866245270e-02 3.348254039883613586e-02 2.930952608585357666e-02 1.056401710957288742e-02 1.321176066994667053e-02 4.375730082392692566e-02 9.670572355389595032e-03 6.434628739953041077e-03 1.261346135288476944e-02 8.030087687075138092e-03 6.343145668506622314e-02 4.629145190119743347e-02 1.319111045449972153e-02 1.805653795599937439e-02 3.287843614816665649e-02 3.481833636760711670e-02 5.839306861162185669e-03 4.386861622333526611e-02 6.258614361286163330e-02 5.191836506128311157e-02 5.363376438617706299e-02 8.250840008258819580e-03 3.105148673057556152e-02 2.070837654173374176e-02 2.903115935623645782e-02 3.455093130469322205e-02 2.422357536852359772e-02 4.221650958061218262e-02 2.143831457942724228e-03 8.723123464733362198e-04 3.093216568231582642e-03 3.229299932718276978e-02 3.517420589923858643e-02 8.671410381793975830e-03 4.813317209482192993e-02 1.920728012919425964e-02 3.741780668497085571e-02 2.205742150545120239e-02 8.944499492645263672e-02 5.408211424946784973e-02 2.643272839486598969e-02 4.319592937827110291e-02 1.131324446760118008e-03 1.539651118218898773e-02 4.758542776107788086e-02 3.646685928106307983e-02 2.037377841770648956e-02 5.111669003963470459e-02 5.255754571408033371e-03 4.823057353496551514e-02 3.585012629628181458e-02 8.582900278270244598e-03 2.260445244610309601e-02 5.257956311106681824e-02 1.445664837956428528e-02 6.762733217328786850e-03 4.058526083827018738e-02 1.309692207723855972e-02 6.813503801822662354e-03 2.041375450789928436e-02 3.197012469172477722e-02 3.425427153706550598e-02
1.219959463924169540e-03 5.101622268557548523e-02 8.465013653039932251e-02 4.898944124579429626e-02 2.093984931707382202e-02 4.941426217555999756e-02 3.240889683365821838e-02 4.386919140815734863e-01 4.381611198186874390e-02 2.245531603693962097e-02 3.449565544724464417e-02 3.882147371768951416e-03 3.945859894156455994e-02 1.287100091576576233e-02 6.400654464960098267e-02 4.092978313565254211e-02 3.336362540721893311e-02 2.524099871516227722e-02 6.449858099222183228e-02 5.248828092589974403e-04 7.217161357402801514e-02 1.984606310725212097e-02 1.944645307958126068e-02 1.029239222407341003e-02 2.814964577555656433e-02 4.022170230746269226e-02 1.183291431516408920e-02 8.530638180673122406e-03 2.525095082819461823e-02 2.602520585060119629e-02 5.033540353178977966e-02 4.551909223664551973e-04 2.957690507173538208e-02 4.269494116306304932e-02 4.996857792139053345e-02 9.262149035930633545e-02 8.141969889402389526e-02 3.686323389410972595e-02 3.330296138301491737e-03 8.157646283507347107e-03 2.598009631037712097e-02 9.897507727146148682e-03 3.544522821903228760e-02 5.645140539854764938e-03 1.457795850001275539e-03 4.642671346664428711e-02 2.732811495661735535e-02 7.221472449600696564e-03 7.500630803406238556e-03 3.251227736473083496e-02 2.674283087253570557e-02 6.106457859277725220e-02 5.570774897933006287e-02 3.890414664056152105e-04 1.205181982368230820e-02 5.384242534637451172e-02 1.748003624379634857e-02 1.645807735621929169e-02 6.609320640563964844e-02 3.685867413878440857e-02 2.656358294188976288e-02 4.404492676258087158e-02 2.422098442912101746e-02 4.358430206775665283e-02 3.305513411760330200e-02 2.888272330164909363e-02 9.140817448496818542e-03 1.230038516223430634e-02 2.426901645958423615e-02 1.496834959834814072e-02 3.797717764973640442e-02 3.519261255860328674e-02 3.677285462617874146e-02 5.107090342789888382e-03 7.624885998666286469e-03 2.025488764047622681e-02 5.493647605180740356e-02 1.211387198418378830e-02 5.754778534173965454e-02 2.543832175433635712e-02 7.639978080987930298e-02 7.611453533172607422e-02 7.186238653957843781e-03 2.211381122469902039e-02 2.059005387127399445e-02 5.187106505036354065e-02 5.583861470222473145e-02 3.837106050923466682e-03 1.276893075555562973e-02 1.995646208524703979e-02 2.797271870076656342e-02 2.021905593574047089e-02 3.403334692120552063e-02 4.901289567351341248e-02 8.793816715478897095e-02 3.369761258363723755e-02 3.873160108923912048e-02 4.452457651495933533e-02 6.495655328035354614e-02 1.830604858696460724e-02 3.397857025265693665e-02 2.595208585262298584e-02 5.568163841962814331e-02 4.109420627355575562e-02 1.364284753799438477e-02 3.317156434059143066e-02 5.561053403653204441e-04 6.169214472174644470e-02 1.287475787103176117e-02 4.225064069032669067e-02 3.948440775275230408e-03 3.489557653665542603e-02 4.714712873101234436e-02 1.391326542943716049e-02 1.105162780731916428e-02 4.291910678148269653e-02
1.388224121183156967e-02 4.299387708306312561e-02 5.031622573733329773e-02 3.979747742414474487e-02 1.934034749865531921e-02 4.268525540828704834e-02 4.414318501949310303e-02 4.381611198186874390e-02 4.369555115699768066e-01 4.619440063834190369e-02 3.841891139745712280e-02 3.447981178760528564e-02 4.207713901996612549e-02 1.794832199811935425e-02 4.252363462001085281e-03 1.511765830218791962e-02 2.152282185852527618e-02 8.551178127527236938e-02 5.590904504060745239e-02 2.464408800005912781e-02 2.639061585068702698e-02 3.889602050185203552e-02 4.444674402475357056e-02 4.629756137728691101e-02 2.831757627427577972e-02 2.656420134007930756e-02 3.050429280847311020e-03 5.920197349041700363e-03 4.249310120940208435e-02 8.208981715142726898e-03 3.323160111904144287e-02 3.961392864584922791e-02 5.399745330214500427e-02 9.380455128848552704e-03 2.530100941658020020e-02 2.887614816427230835e-02 5.245350301265716553e-02 5.886498373001813889e-03 5.995911732316017151e-02 3.612272813916206360e-02 1.005482301115989685e-02 2.230319008231163025e-02 2.083872631192207336e-02 3.674108162522315979e-02 3.636696934700012207e-02 4.723189398646354675e-03 2.228240482509136200e-02 8.363476954400539398e-03 1.933248247951269150e-03 3.300005104392766953e-03 2.097912132740020752e-02 1.148696523159742355e-02 2.904089167714118958e-02 2.879721671342849731e-02 9.657984226942062378e-02 4.235372319817543030e-02 3.626362234354019165e-02 4.674510657787322998e-02 4.685563221573829651e-02 3.679879242554306984e-03 4.517290368676185608e-02 4.449766594916582108e-03 6.198646500706672668e-02 2.015992067754268646e-02 1.493041310459375381e-02 4.753732681274414062e-02 8.752779103815555573e-03 5.526080261915922165e-03 2.510767616331577301e-02 1.044174563139677048e-02 2.718282863497734070e-02 4.942290857434272766e-02 4.245580360293388367e-02 1.781659084372222424e-03 1.958992332220077515e-02 4.623593762516975403e-02 1.599172204732894897e-01 5.539920181035995483e-02 9.321061521768569946e-02 2.460588514804840088e-02 2.872424758970737457e-02 2.661289088428020477e-02 2.591611072421073914e-02 6.936157587915658951e-03 4.731456749141216278e-03 1.868161931633949280e-02 3.470191359519958496e-02 1.136297080665826797e-02 9.356427937746047974e-02 2.395721524953842163e-02 9.224422276020050049e-03 2.590330690145492554e-02 2.856517396867275238e-02 3.486969275400042534e-03 5.291653797030448914e-02 1.488958112895488739e-02 4.243543371558189392e-02 8.932122588157653809e-02 1.210634130984544754e-02 1.678624935448169708e-02 2.515469864010810852e-02 3.898041695356369019e-02 5.034850165247917175e-02 2.490318752825260162e-02 4.557386413216590881e-02 4.718719795346260071e-02 4.526900127530097961e-02 3.998343273997306824e-02 2.657703496515750885e-02 3.292011842131614685e-02 4.943323321640491486e-03 1.960418745875358582e-02 1.839122548699378967e-02 5.561923980712890625e-02 3.894500434398651123e-02 2.311568520963191986e-02
8.552792482078075409e-03 1.643838331801816821e-04 1.186052523553371429e-02 3.255456313490867615e-02 4.137486219406127930e-03 2.792637422680854797e-02 2.624417096376419067e-02 2.245531603693962097e-02 4.619440063834190369e-02 4.383723139762878418e-01 5.231533572077751160e-02 1.964286714792251587e-02 5.227582156658172607e-02 5.694020539522171021e-02 3.080091439187526703e-02 4.882841557264328003e-02 4.598101973533630371e-02 2.640393003821372986e-02 1.262497529387474060e-02 2.112155593931674957e-02 2.186384284868836403e-03 2.136604860424995422e-02 5.250617489218711853e-02 7.582551334053277969e-03 2.249087765812873840e-02 3.140840306878089905e-02 9.392793290317058563e-03 1.276731584221124649e-02 6.779863033443689346e-03 1.803033798933029175e-02 5.563874542713165283e-02 3.398244455456733704e-02 3.851341456174850464e-02 5.170290917158126831e-02 4.149265959858894348e-02 3.668497502803802490e-02 2.430720068514347076e-02 3.587149083614349365e-02 4.387183487415313721e-02 2.754830941557884216e-02 1.414315868169069290e-02 1.546306442469358444e-02 8.499352261424064636e-04 1.646030810661613941e-03 5.092055536806583405e-03 1.807218231260776520e-02 1.906968653202056885e-02 3.346443921327590942e-02 3.139486070722341537e-03 1.018724441528320312e-01 1.948563265614211559e-03 2.192648500204086304e-02 2.573168603703379631e-03 4.222470894455909729e-02 2.277674153447151184e-03 9.125637263059616089e-02 2.596546895802021027e-02 2.815164159983396530e-03 2.038211002945899963e-02 3.635850176215171814e-02 1.417511259205639362e-03 2.168197557330131531e-02 2.908523567020893097e-02 5.345727875828742981e-02 4.926452040672302246e-02 4.312416538596153259e-02 4.033865407109260559e-03 3.488827496767044067e-02 1.310903113335371017e-02 1.627859100699424744e-02 5.412115529179573059e-02 4.243541881442070007e-02 8.403022773563861847e-03 2.672306029126048088e-03 2.399504184722900391e-02 4.133566841483116150e-02 1.242589484900236130e-02 1.070731133222579956e-01 3.057874552905559540e-02 1.012650281190872192e-01 2.896632067859172821e-02 2.570531889796257019e-02 5.351469665765762329e-02 1.492740307003259659e-02 1.558071561157703400e-02 9.591160714626312256e-02 2.799882739782333374e-02 5.226251110434532166e-02 2.111359685659408569e-02 1.106103509664535522e-01 1.365946419537067413e-02 7.665582001209259033e-03 7.965640979818999767e-04 1.299808826297521591e-02 4.026989266276359558e-02 1.602616719901561737e-02 3.779174387454986572e-02 3.576640784740447998e-02 2.702800184488296509e-02 1.394112221896648407e-02 1.790796220302581787e-02 4.164355248212814331e-02 3.791915997862815857e-02 3.088760748505592346e-02 3.280284814536571503e-03 3.684400580823421478e-03 2.195350266993045807e-02 1.226032245904207230e-02 1.794977672398090363e-02 2.360256202518939972e-02 7.439016830176115036e-03 8.382138796150684357e-03 3.650601580739021301e-02 3.846710082143545151e-03 2.974148653447628021e-02 1.365582272410392761e-02
3.482820838689804077e-02 3.847369179129600525e-02 8.553446270525455475e-03 1.942294090986251831e-02 1.826545782387256622e-02 6.266782432794570923e-02 7.035057991743087769e-02 3.449565544724464417e-02 3.841891139745712280e-02 5.231533572077751160e-02 4.693045020103454590e-01 3.445544093847274780e-02 6.873812526464462280e-02 4.222290217876434326e-02 8.634986355900764465e-03 9.990880265831947327e-03 2.048311010003089905e-02 1.428539492189884186e-02 3.835444897413253784e-02 1.105092000216245651e-03 1.945590227842330933e-02 8.583825081586837769e-03 2.325031906366348267e-02 3.493170067667961121e-02 2.918290160596370697e-02 2.633783034980297089e-02 5.023975390940904617e-04 3.996308892965316772e-02 5.730053409934043884e-02 1.266581565141677856e-02 2.440444380044937134e-02 3.001529164612293243e-02 2.458390966057777405e-02 3.087822720408439636e-02 4.054304957389831543e-02 2.451831847429275513e-02 5.362123250961303711e-02 4.492160677909851074e-02 4.026904702186584473e-02 4.607117269188165665e-03 2.291867323219776154e-02 2.217258512973785400e-02 2.990287542343139648e-02 9.820092469453811646e-03 5.477393046021461487e-03 1.165235135704278946e-02 5.791132524609565735e-02 5.038992315530776978e-02 5.513063631951808929e-03 7.953699678182601929e-03 2.218258008360862732e-02 2.950499579310417175e-02 3.589544445276260376e-02 4.590743687003850937e-03 5.047311633825302124e-02 2.034944482147693634e-02 5.295944586396217346e-02 2.796063758432865143e-02 4.770242422819137573e-02 4.369734320789575577e-03 5.156802386045455933e-02 2.319401130080223083e-02 3.320335596799850464e-02 4.429464787244796753e-02 7.270249724388122559e-02 7.152394205331802368e-02 2.361601451411843300e-03 1.167282368987798691e-02 5.659406259655952454e-02 1.218350138515233994e-02 4.765137284994125366e-02 3.342914953827857971e-02 1.944641768932342529e-02 3.303670138120651245e-02 4.609401896595954895e-02 4.632655531167984009e-03 1.797799579799175262e-02 2.109865844249725342e-02 1.467934250831604004e-02 3.905041888356208801e-02 2.871934883296489716e-02 5.073270946741104126e-02 1.123926229774951935e-02 3.557023778557777405e-02 2.005363255739212036e-02 1.139364787377417088e-03 2.391295880079269409e-02 4.655319079756736755e-02 2.875712327659130096e-02 7.543691899627447128e-04 6.052781641483306885e-02 6.328850518912076950e-03 4.665622115135192871e-02 5.354179069399833679e-02 3.563299775123596191e-02 4.366228356957435608e-02 4.944214969873428345e-02 3.091173432767391205e-02 3.740923013538122177e-03 6.638815160840749741e-03 1.110283751040697098e-02 7.944598793983459473e-03 2.088439092040061951e-02 2.699297294020652771e-02 5.885170539841055870e-04 2.867680229246616364e-02 1.059647370129823685e-02 3.228060528635978699e-02 4.833646118640899658e-02 2.536342665553092957e-02 4.207256808876991272e-02 4.639613628387451172e-02 3.333257883787155151e-02 6.186530925333499908e-03 9.930507279932498932e-03 3.999428823590278625e-02
2.272974886000156403e-02 4.029960185289382935e-02 4.305105656385421753e-02 1.623342558741569519e-02 2.001501619815826416e-02 8.295322768390178680e-03 3.438844345510005951e-03 3.882147371768951416e-03 3.447981178760528564e-02 1.964286714792251587e-02 3.445544093847274780e-02 4.505023956298828125e-01 3.980862721800804138e-02 1.455318927764892578e-01 2.549102716147899628e-02 3.986148536205291748e-02 4.308606963604688644e-03 1.873235218226909637e-03 6.186468154191970825e-02 4.731597751379013062e-02 1.013339124619960785e-02 2.448596991598606110e-02 6.614968925714492798e-02 5.013787001371383667e-02 2.502831257879734039e-02 7.397812791168689728e-03 1.256979256868362427e-02 1.232444867491722107e-01 5.791646987199783325e-02 5.131331831216812134e-02 5.093291401863098145e-02 3.810354322195053101e-02 1.546166464686393738e-02 4.878615587949752808e-02 5.615988001227378845e-02 1.316378172487020493e-02 3.901075571775436401e-02 2.287333272397518158e-02 1.242728345096111298e-02 1.034156419336795807e-02 3.688899055123329163e-02 1.694410294294357300e-02 2.747795369941741228e-04 2.935922890901565552e-02 6.918894499540328979e-02 2.992855384945869446e-02 6.365099921822547913e-03 4.866579920053482056e-02 5.997340008616447449e-02 3.225938230752944946e-02 2.982518449425697327e-02 2.214455418288707733e-02 5.037531256675720215e-02 1.739818602800369263e-02 6.052736192941665649e-02 2.981965616345405579e-02 4.833543300628662109e-02 2.105193957686424255e-02 2.587518282234668732e-02 2.738204970955848694e-02 6.122624501585960388e-02 1.033221036195755005e-01 3.727260231971740723e-02 4.340837150812149048e-02 1.931652612984180450e-02 1.034991722553968430e-02 3.139147534966468811e-02 2.494818717241287231e-02 4.856189340353012085e-02 2.967211045324802399e-02 6.821393966674804688e-02 4.516983404755592346e-02 1.255980227142572403e-02 3.187206387519836426e-02 2.040540799498558044e-03 4.990190640091896057e-02 5.451279506087303162e-02 3.266324847936630249e-02 5.486591905355453491e-02 4.161095246672630310e-02 4.158890247344970703e-02 5.319317430257797241e-02 7.600496523082256317e-03 5.421607568860054016e-02 3.031032346189022064e-02 8.265643380582332611e-03 3.676252206787467003e-03 2.882208861410617828e-02 5.773468315601348877e-02 9.321329183876514435e-03 2.636677771806716919e-02 2.588393539190292358e-02 1.800125278532505035e-02 1.455835066735744476e-02 2.342952881008386612e-03 1.234591379761695862e-02 2.954272367060184479e-02 3.808906301856040955e-02 2.536741783842444420e-03 1.183748524636030197e-02 2.464866638183593750e-02 4.221522435545921326e-02 5.434254556894302368e-02 8.654857985675334930e-03 3.532766550779342651e-02 3.220754861831665039e-02 9.563515894114971161e-03 6.342022679746150970e-03 1.465502288192510605e-02 5.124432966113090515e-02 5.318605154752731323e-02 2.535302937030792236e-02 8.371007628738880157e-03 9.605457074940204620e-03 4.483405500650405884e-02 4.242591559886932373e-03
3.483833372592926025e-02 6.769550591707229614e-02 6.546115502715110779e-03 1.673483103513717651e-02 2.106994390487670898e-02 5.547704920172691345e-02 2.372887916862964630e-02 3.945859894156455994e-02 4.207713901996612549e-02 5.227582156658172607e-02 6.873812526464462280e-02 3.980862721800804138e-02 4.569465816020965576e-01 4.893158003687858582e-02 2.887067385017871857e-03 1.475505623966455460e-02 2.292632823809981346e-03 1.531831827014684677e-02 4.581503570079803467e-02 1.193009410053491592e-02 1.282730326056480408e-02 3.041733801364898682e-02 4.633427038788795471e-02 3.095280751585960388e-02 1.831815391778945923e-02 2.702248655259609222e-02 5.270744860172271729e-02 3.584295883774757385e-02 7.760466076433658600e-03 4.200652707368135452e-03 8.127769827842712402e-02 5.187404155731201172e-02 4.118516296148300171e-02 3.081324137747287750e-02 4.143249243497848511e-02 4.670427739620208740e-02 4.449155926704406738e-02 4.447427578270435333e-03 1.902659237384796143e-02 4.055906087160110474e-03 1.451863348484039307e-02 3.194951917976140976e-03 2.135308645665645599e-02 2.238666266202926636e-02 3.335079178214073181e-03 7.365112658590078354e-03 6.234421953558921814e-02 3.017332637682557106e-03 5.838064942508935928e-03 2.166575565934181213e-02 2.717020921409130096e-02 2.560173347592353821e-02 1.433110609650611877e-02 3.235425427556037903e-02 4.378611966967582703e-02 4.099378362298011780e-03 2.425694279372692108e-02 2.654453925788402557e-02 3.924344107508659363e-02 6.681039812974631786e-04 5.016232654452323914e-02 3.155247494578361511e-02 2.480151131749153137e-03 3.927023336291313171e-02 2.246119268238544464e-02 8.257536590099334717e-02 1.064899750053882599e-02 1.270230486989021301e-02 5.163444951176643372e-02 2.008560672402381897e-02 2.191482856869697571e-02 2.232101187109947205e-02 2.593220584094524384e-02 7.312324363738298416e-03 3.976703807711601257e-02 4.789775237441062927e-02 2.355982176959514618e-02 4.795675724744796753e-02 3.387335687875747681e-02 1.846241392195224762e-02 4.919474199414253235e-02 1.935783773660659790e-02 3.679173067212104797e-02 1.976569928228855133e-02 1.829679869115352631e-02 2.660399768501520157e-03 8.381452411413192749e-03 5.141301080584526062e-02 4.611503332853317261e-02 2.642845362424850464e-02 6.023145467042922974e-02 8.861521491780877113e-04 8.937941864132881165e-03 3.177661821246147156e-02 3.050171770155429840e-02 1.565494108945131302e-03 1.763392984867095947e-02 3.546686843037605286e-02 9.837340563535690308e-03 2.156380191445350647e-02 2.263979427516460419e-02 1.824733451940119267e-03 1.278681028634309769e-02 5.778286606073379517e-03 7.865345105528831482e-03 8.540651760995388031e-03 3.015000559389591217e-02 4.118810966610908508e-02 2.962042205035686493e-02 4.624060913920402527e-02 2.680925838649272919e-02 3.199728578329086304e-02 2.797160856425762177e-02 7.003850769251585007e-03 1.483370363712310791e-02 2.572185173630714417e-02
