4.897001385688781738e-01 8.273484557867050171e-02 2.331994706764817238e-03 4.567160271108150482e-03 5.910317413508892059e-03 9.722694009542465210e-02 5.772955343127250671e-02 3.060919046401977539e-02 3.584269434213638306e-02 3.314517065882682800e-02 1.105761080980300903e-01 3.435202874243259430e-03 8.108046650886535645e-02 1.993846893310546875e-02 2.253350056707859039e-02 4.323276132345199585e-02 3.761456906795501709e-02 1.169184409081935883e-02 6.872586440294981003e-03 1.049065263941884041e-03 3.806887427344918251e-03 8.291594684123992920e-03 2.198697812855243683e-02 5.234773829579353333e-02 9.289411827921867371e-03 2.500058896839618683e-02 1.331719476729631424e-02 2.729044109582901001e-02 3.715217858552932739e-02 8.045255206525325775e-03 3.336184099316596985e-02 4.378800746053457260e-03 5.651730671525001526e-02 3.051663225051015615e-04 1.755454344674944878e-03 4.035320878028869629e-02 3.034437261521816254e-02 2.139320597052574158e-02 9.385488927364349365e-03 3.657995536923408508e-02 2.135674282908439636e-02 2.847523801028728485e-02 3.069454059004783630e-02 2.590679563581943512e-02 5.104259029030799866e-02 2.062665857374668121e-02 1.053113937377929688e-01 4.486361145973205566e-02 1.288771862164139748e-03 2.850009873509407043e-02 4.197370633482933044e-02 2.302366122603416443e-02 2.600551024079322815e-02 5.303403362631797791e-03 8.917361497879028320e-03 3.417421132326126099e-02 2.225003950297832489e-02 4.534590616822242737e-02 3.157451050356030464e-03 7.172188721597194672e-03 9.466905612498521805e-04 8.457114920020103455e-03 9.003117156680673361e-05 1.522853597998619080e-02 5.261789634823799133e-02 6.806010752916336060e-02 2.182565443217754364e-02 1.928220503032207489e-02 4.110858961939811707e-02 3.265853226184844971e-02 4.158105328679084778e-02 4.241555184125900269e-02 3.086315095424652100e-02 4.672961775213479996e-03 2.042959257960319519e-02 3.967238217592239380e-02 2.849614713340997696e-03 1.502265315502882004e-02 3.145661205053329468e-02 2.339631132781505585e-02 2.720659412443637848e-02 1.159482169896364212e-03 4.339522868394851685e-02 1.181756239384412766e-02 2.176060527563095093e-02 2.991005405783653259e-02 2.857360988855361938e-02 8.778951596468687057e-04 1.871376996859908104e-03 2.408934570848941803e-02 9.641489386558532715e-02 4.124746844172477722e-02 3.083587437868118286e-02 6.347334384918212891e-02 3.568685427308082581e-02 8.896383456885814667e-03 7.011940702795982361e-03 2.173447137465700507e-05 1.754787564277648926e-02 2.367839030921459198e-02 3.867695853114128113e-02 2.064830437302589417e-02 4.055574536323547363e-02 3.515075519680976868e-02 2.380165085196495056e-02 1.670811139047145844e-02 1.776563376188278198e-02 1.060961466282606125e-02 1.772747561335563660e-02 1.461255736649036407e-02 1.720838807523250580e-02 1.730526238679885864e-02 4.056657478213310242e-02 3.931415081024169922e-02 1.491964049637317657e-02 2.480104006826877594e-02
8.273484557867050171e-02 4.829135835170745850e-01 2.828778699040412903e-02 2.887115813791751862e-02 4.656514897942543030e-02 7.983747124671936035e-02 9.340883046388626099e-02 1.594809070229530334e-02 2.664338052272796631e-02 1.444924506358802319e-03 4.651331901550292969e-02 2.581766061484813690e-02 1.055492237210273743e-01 8.632906712591648102e-03 3.846991062164306641e-02 3.462005779147148132e-02 2.058009244501590729e-02 9.532655589282512665e-03 4.298434033989906311e-02 2.427002042531967163e-02 6.663058884441852570e-03 1.465465407818555832e-02 3.170053660869598389e-02 4.037447646260261536e-02 2.563375979661941528e-02 1.253959722816944122e-02 3.767838329076766968e-02 3.809829801321029663e-02 2.020920254290103912e-02 2.096605487167835236e-02 4.772819951176643372e-02 1.361548900604248047e-02 3.405389189720153809e-02 1.065022498369216919e-02 6.412241142243146896e-03 2.364055253565311432e-02 2.370588295161724091e-02 2.232903847470879555e-03 5.155018530786037445e-03 3.885161876678466797e-02 1.961443200707435608e-02 9.404124692082405090e-03 1.351013034582138062e-02 2.917776256799697876e-02 1.978985965251922607e-02 4.233304038643836975e-02 5.380526185035705566e-02 6.044903770089149475e-02 2.262072637677192688e-03 9.333127178251743317e-03 1.701058447360992432e-02 7.884724065661430359e-03 5.685075372457504272e-02 1.078001689165830612e-02 1.429199986159801483e-02 8.179803378880023956e-03 4.530446603894233704e-02 4.680982232093811035e-02 5.772415548563003540e-03 2.391960658133029938e-02 7.294520270079374313e-03 2.216516621410846710e-02 3.306454792618751526e-02 1.574218086898326874e-02 4.032123088836669922e-02 4.669743776321411133e-02 1.963611133396625519e-02 2.202275767922401428e-02 3.772157058119773865e-02 5.167786777019500732e-02 4.286539554595947266e-02 5.196401104331016541e-02 4.623014852404594421e-02 1.600980199873447418e-02 2.159152366220951080e-02 4.527991637587547302e-02 3.199228271842002869e-02 2.574766241014003754e-02 4.782336950302124023e-02 9.409321937710046768e-04 5.015182867646217346e-02 3.243082389235496521e-02 4.459458589553833008e-02 3.413384407758712769e-02 2.036307565867900848e-02 3.319085761904716492e-02 3.625593706965446472e-02 2.479323593433946371e-04 3.559055924415588379e-02 5.225039552897214890e-03 5.460954830050468445e-02 5.059518665075302124e-02 7.836773246526718140e-02 5.961104482412338257e-02 3.721106797456741333e-02 1.650224253535270691e-02 2.110178768634796143e-02 3.797313943505287170e-02 5.574753042310476303e-03 1.309824921190738678e-02 1.410478912293910980e-02 1.636836864054203033e-02 4.569000564515590668e-03 2.587650716304779053e-02 1.920515857636928558e-02 3.515684232115745544e-02 2.832112647593021393e-02 4.875628743320703506e-03 8.427927969023585320e-04 2.035924606025218964e-02 5.714087747037410736e-03 3.551886603236198425e-02 4.316148813813924789e-03 2.072552591562271118e-02 3.909930214285850525e-02 3.660495579242706299e-02
2.331994706764817238e-03 2.828778699040412903e-02 4.497285783290863037e-01 5.762938782572746277e-02 2.638798207044601440e-02 2.949502132833003998e-02 3.468238934874534607e-02 1.438318490982055664e-01 1.056758128106594086e-02 4.111557209398597479e-04 2.406412921845912933e-02 1.877125538885593414e-02 4.074007645249366760e-02 3.749411553144454956e-02 6.237518042325973511e-02 4.661755636334419250e-02 8.851227350533008575e-03 2.356971427798271179e-02 1.431309059262275696e-02 1.823166757822036743e-02 2.367943897843360901e-02 4.182753618806600571e-03 8.019599132239818573e-03 2.385593205690383911e-02 3.326665982604026794e-02 1.985530182719230652e-02 2.637687884271144867e-02 3.597962483763694763e-02 1.245202217251062393e-02 6.451488472521305084e-03 4.349208250641822815e-02 4.217747598886489868e-02 1.192880049347877502e-02 4.363380745053291321e-02 4.439937416464090347e-03 3.807042166590690613e-02 4.619238898158073425e-02 3.322643041610717773e-02 6.110065430402755737e-02 2.032477222383022308e-02 2.288369648158550262e-02 3.242254257202148438e-02 3.623728826642036438e-02 9.671122767031192780e-03 1.408429816365242004e-02 4.352897405624389648e-02 2.233512140810489655e-02 3.566242009401321411e-02 4.345024377107620239e-02 1.039541605859994888e-02 4.825439676642417908e-02 1.256074849516153336e-02 3.863716730847954750e-03 5.505905672907829285e-02 1.888043247163295746e-02 2.071548439562320709e-02 3.547871485352516174e-02 4.798343405127525330e-02 2.064044773578643799e-02 4.873390123248100281e-02 3.337457031011581421e-02 2.283845096826553345e-02 8.030033670365810394e-03 9.052987210452556610e-03 3.732469305396080017e-02 3.913016617298126221e-02 1.022205129265785217e-02 4.706623731181025505e-04 1.427666842937469482e-02 1.174364145845174789e-02 1.214697211980819702e-02 4.259887710213661194e-02 2.642642240971326828e-03 1.583904586732387543e-02 2.315675280988216400e-02 6.879404932260513306e-02 4.284650459885597229e-02 1.088717207312583923e-02 2.323211374459788203e-04 6.168068945407867432e-02 3.894042922183871269e-03 5.936902388930320740e-02 2.486528642475605011e-02 1.818811707198619843e-02 1.995607465505599976e-02 1.029278617352247238e-02 2.066335268318653107e-02 2.206824906170368195e-02 1.056503877043724060e-02 1.336818654090166092e-02 1.480304356664419174e-02 3.660155460238456726e-02 3.351961076259613037e-02 7.240049308165907860e-04 4.502270370721817017e-02 2.996423654258251190e-02 1.112880092114210129e-02 4.270513355731964111e-02 2.574681863188743591e-02 2.260589227080345154e-02 4.476833716034889221e-02 4.608956724405288696e-02 2.085390314459800720e-02 1.459075603634119034e-02 4.245326295495033264e-02 8.577842265367507935e-03 1.449656859040260315e-02 6.718321237713098526e-03 4.113694187253713608e-03 9.772995486855506897e-03 4.349561035633087158e-02 1.132589299231767654e-03 4.591372981667518616e-02 6.695604324340820312e-02 4.354672506451606750e-03 1.070746779441833496e-02
4.567160271108150482e-03 2.887115813791751862e-02 5.762938782572746277e-02 4.249074161052703857e-01 6.376931816339492798e-02 2.511586993932723999e-02 4.467175807803869247e-03 1.457183738239109516e-03 8.423805236816406250e-03 1.952030882239341736e-02 2.988962270319461823e-02 9.030834771692752838e-03 1.349875610321760178e-02 4.654090851545333862e-03 4.682546854019165039e-02 5.850596935488283634e-04 7.312321569770574570e-03 1.126985345035791397e-02 2.292451821267604828e-02 3.593725711107254028e-02 1.988160796463489532e-02 7.594654336571693420e-03 1.314511150121688843e-02 2.931788098067045212e-03 2.209219522774219513e-02 2.574028633534908295e-02 2.004887210205197334e-03 3.644609078764915466e-02 1.999338157474994659e-02 1.017326838336884975e-03 2.335989288985729218e-02 5.061565432697534561e-03 3.092855215072631836e-02 8.566313423216342926e-03 1.948707923293113708e-02 4.820814356207847595e-03 1.588292606174945831e-02 1.638102345168590546e-02 5.527348071336746216e-02 1.042382493615150452e-01 2.417539618909358978e-02 3.479379042983055115e-02 3.094422817230224609e-02 3.542084619402885437e-02 4.358499776571989059e-03 1.977795548737049103e-02 1.270979456603527069e-02 2.568490803241729736e-02 3.227779269218444824e-02 2.306063473224639893e-02 1.996765844523906708e-03 3.655391559004783630e-02 4.003100469708442688e-02 3.745409892871975899e-03 2.355286478996276855e-02 2.893474185839295387e-03 8.410369977355003357e-03 1.291508413851261139e-02 3.557289019227027893e-02 2.203380502760410309e-02 3.090717829763889313e-02 1.338557805866003036e-02 1.706427708268165588e-02 1.200740691274404526e-02 1.070934347808361053e-02 2.073683030903339386e-02 3.418671339750289917e-02 1.297692395746707916e-02 5.031558871269226074e-02 2.552271122112870216e-03 3.858250007033348083e-02 4.811721853911876678e-03 3.193676471710205078e-02 2.941584214568138123e-02 1.779077388346195221e-02 1.718415319919586182e-02 4.452496021986007690e-02 1.392069738358259201e-02 9.901250712573528290e-03 2.483437769114971161e-02 1.188415568321943283e-02 9.276730939745903015e-03 1.970367738977074623e-03 1.161269936710596085e-02 1.240062527358531952e-02 3.795192018151283264e-02 5.158138927072286606e-03 1.012479048222303391e-02 9.701006114482879639e-03 1.523992046713829041e-02 1.405510958284139633e-02 2.308035455644130707e-02 3.548693656921386719e-02 1.061478164047002792e-02 1.149882227182388306e-01 6.900028139352798462e-02 2.410047873854637146e-02 2.788423374295234680e-02 4.610307142138481140e-02 3.048794157803058624e-02 5.238912254571914673e-02 6.375071406364440918e-02 2.515774033963680267e-02 2.559954300522804260e-02 2.917607128620147705e-02 3.766920417547225952e-02 2.163314260542392731e-02 3.285624831914901733e-02 8.507283776998519897e-02 1.100235059857368469e-02 2.197850123047828674e-02 1.287629548460245132e-02 1.999716646969318390e-02 3.199409320950508118e-02 4.215463250875473022e-02 2.554251253604888916e-02
5.910317413508892059e-03 4.656514897942543030e-02 2.638798207044601440e-02 6.376931816339492798e-02 4.316362142562866211e-01 3.015251830220222473e-02 2.010321617126464844e-02 5.977441556751728058e-03 1.024700887501239777e-02 5.866148858331143856e-04 1.954523846507072449e-02 3.065458126366138458e-02 1.063761301338672638e-02 4.214847087860107422e-02 4.125151783227920532e-03 8.215630427002906799e-03 7.860112003982067108e-03 4.195942601654678583e-04 6.273639202117919922e-02 2.299408614635467529e-02 2.018934302031993866e-02 1.686982624232769012e-02 2.531422767788171768e-03 1.180554740130901337e-02 3.127878531813621521e-02 3.600129857659339905e-02 4.061130434274673462e-02 2.018100768327713013e-02 6.157864816486835480e-03 6.667155306786298752e-03 4.165874049067497253e-02 4.941269755363464355e-03 1.477467012591660023e-03 1.701809652149677277e-02 2.155211009085178375e-02 1.391342375427484512e-02 3.695634752511978149e-02 3.075885120779275894e-03 6.096865609288215637e-02 1.807871013879776001e-01 1.120616588741540909e-02 4.467438161373138428e-02 2.519446052610874176e-02 2.254516817629337311e-02 3.573930263519287109e-02 1.520008035004138947e-02 7.640176452696323395e-03 5.013033747673034668e-02 9.017731063067913055e-03 3.161098808050155640e-02 7.210089359432458878e-03 2.022879384458065033e-02 3.747164830565452576e-02 3.305080905556678772e-02 4.374483134597539902e-03 2.751508029177784920e-03 1.405049767345190048e-02 4.498482495546340942e-02 3.346807137131690979e-02 2.957324264571070671e-03 2.027614274993538857e-03 1.672121137380599976e-02 3.531693667173385620e-02 1.198937278240919113e-02 6.259018089622259140e-03 1.620520092546939850e-02 6.593601312488317490e-03 3.679942712187767029e-02 2.119348384439945221e-02 3.499718732200562954e-04 3.717110306024551392e-02 2.761121653020381927e-02 4.868069291114807129e-02 2.942297793924808502e-02 2.033620141446590424e-02 3.532759845256805420e-02 2.960010804235935211e-02 2.603945694863796234e-02 2.285857871174812317e-02 1.930012553930282593e-02 2.682693116366863251e-02 1.124902069568634033e-02 1.967494934797286987e-02 8.494897931814193726e-02 3.954568132758140564e-02 1.745523698627948761e-02 2.477982454001903534e-02 1.394065190106630325e-02 7.512145675718784332e-04 2.122640423476696014e-02 6.701323203742504120e-03 6.119193043559789658e-03 1.033137179911136627e-02 5.639618728309869766e-03 2.581726387143135071e-02 3.755482658743858337e-02 2.561933593824505806e-03 3.486272320151329041e-02 1.603282801806926727e-02 1.131192408502101898e-02 3.052642755210399628e-02 2.440015668980777264e-04 3.464070707559585571e-02 3.086723573505878448e-02 3.105748072266578674e-02 1.499890349805355072e-02 3.059574961662292480e-02 4.800031706690788269e-02 2.146841399371623993e-02 8.947651833295822144e-03 2.087078802287578583e-02 3.233630955219268799e-02 2.608479931950569153e-02 1.881124568171799183e-03 9.859849698841571808e-03 3.962828218936920166e-02
9.722694009542465210e-02 7.983747124671936035e-02 2.949502132833003998e-02 2.511586993932723999e-02 3.015251830220222473e-02 4.844371080398559570e-01 8.933334797620773315e-02 1.873942837119102478e-02 2.750809118151664734e-02 2.899034507572650909e-02 8.657544106245040894e-02 5.302264913916587830e-02 7.142515480518341064e-02 5.333195999264717102e-02 1.997836120426654816e-02 4.567247349768877029e-03 2.965636784210801125e-03 8.979239501059055328e-03 2.398783713579177856e-02 2.983067650347948074e-03 3.654206404462456703e-03 3.632024303078651428e-02 5.077912658452987671e-02 4.417051374912261963e-02 1.314871944487094879e-02 2.455711923539638519e-02 1.310407929122447968e-02 2.887714467942714691e-02 3.696978464722633362e-02 5.449484288692474365e-02 1.089379750192165375e-02 1.800029724836349487e-02 5.340306088328361511e-02 9.196154773235321045e-03 3.303835634142160416e-03 2.137109823524951935e-02 1.907079276861622930e-04 1.325882505625486374e-02 9.998491732403635979e-04 2.794412337243556976e-02 4.059389978647232056e-02 9.773384779691696167e-03 4.560708999633789062e-03 1.753282919526100159e-02 8.948243921622633934e-04 1.383247971534729004e-02 1.145590394735336304e-01 2.811777964234352112e-02 6.513806991279125214e-03 1.511320937424898148e-02 1.502404455095529556e-02 3.452832577750086784e-03 3.066857159137725830e-02 3.839654475450515747e-02 1.282708998769521713e-02 4.181639757007360458e-03 1.426698174327611923e-03 6.833680905401706696e-03 1.596070080995559692e-02 3.601015731692314148e-02 1.790762506425380707e-02 5.104757845401763916e-03 5.363038275390863419e-03 2.904104627668857574e-02 3.690663725137710571e-02 5.164068937301635742e-02 2.056187577545642853e-02 2.056122384965419769e-02 2.428727783262729645e-02 3.053013421595096588e-02 2.778522297739982605e-02 4.410671815276145935e-02 1.512759458273649216e-02 2.370735444128513336e-02 3.326724097132682800e-02 2.333187125623226166e-02 3.309977054595947266e-02 2.183153852820396423e-02 6.095646414905786514e-03 4.812956601381301880e-02 5.841338634490966797e-02 2.202424034476280212e-02 3.309400053694844246e-03 2.908502705395221710e-02 2.229712344706058502e-02 3.340288996696472168e-02 1.644271425902843475e-02 4.180665593594312668e-03 7.733016740530729294e-03 3.939144313335418701e-02 6.814205646514892578e-02 3.780844435095787048e-02 1.633547432720661163e-02 2.752498723566532135e-02 1.177437044680118561e-02 2.849867194890975952e-02 5.384965240955352783e-02 3.905830159783363342e-02 2.642498910427093506e-02 1.620866358280181885e-02 5.175109207630157471e-02 2.844367176294326782e-02 4.460677504539489746e-02 4.953769966959953308e-02 1.481982134282588959e-02 2.769783511757850647e-02 6.896925624459981918e-03 2.963395975530147552e-02 1.005675178021192551e-02 5.028743296861648560e-02 1.601328328251838684e-02 3.035313636064529419e-02 1.734219864010810852e-02 4.050050675868988037e-02 1.310461852699518204e-02 1.961423270404338837e-02
5.772955343127250671e-02 9.340883046388626099e-02 3.468238934874534607e-02 4.467175807803869247e-03 2.010321617126464844e-02 8.933334797620773315e-02 4.865694344043731689e-01 2.645062468945980072e-02 3.437427803874015808e-02 1.155985868535935879e-03 8.342321217060089111e-02 4.114711657166481018e-02 6.206579506397247314e-02 1.267335191369056702e-02 4.518729075789451599e-02 4.520720243453979492e-02 4.576116055250167847e-02 2.999573200941085815e-02 2.706861309707164764e-02 3.088408522307872772e-02 1.529305987060070038e-02 3.781456127762794495e-02 2.201572991907596588e-02 5.095900595188140869e-02 2.735149487853050232e-02 1.872189901769161224e-02 4.984695464372634888e-02 3.128676488995552063e-02 5.073697865009307861e-02 1.746586337685585022e-02 2.366154268383979797e-02 1.207236666232347488e-02 3.142809122800827026e-02 1.168419793248176575e-02 2.562057692557573318e-03 4.532394930720329285e-02 2.408938854932785034e-02 1.536386273801326752e-02 1.202730648219585419e-02 9.030488319694995880e-03 1.090696733444929123e-02 3.441831097006797791e-02 9.933767840266227722e-03 4.380024503916501999e-03 4.133032262325286865e-02 6.925812922418117523e-03 4.141015186905860901e-02 1.346090286970138550e-01 1.571855880320072174e-02 3.016116656363010406e-02 1.524398289620876312e-02 2.451408095657825470e-02 3.621856868267059326e-02 5.606704577803611755e-02 3.606931492686271667e-02 4.230153560638427734e-02 1.078747957944869995e-02 5.383153259754180908e-02 1.545097306370735168e-02 2.625697851181030273e-02 5.333928391337394714e-02 2.330944500863552094e-02 3.154308348894119263e-02 1.811490394175052643e-02 6.024978309869766235e-02 4.601009562611579895e-02 2.863532863557338715e-02 4.185776039958000183e-02 2.942371368408203125e-02 1.261196658015251160e-02 8.988968096673488617e-03 3.872276470065116882e-02 1.061614137142896652e-02 5.064225941896438599e-02 3.840370103716850281e-02 3.417205763980746269e-03 3.404773771762847900e-03 1.132805366069078445e-02 1.030656509101390839e-02 2.603960223495960236e-02 5.557520687580108643e-02 4.647702723741531372e-02 7.115419954061508179e-03 4.389110207557678223e-02 3.616266697645187378e-02 3.042834624648094177e-02 3.543292358517646790e-02 1.978745125234127045e-02 2.465448528528213501e-02 4.556358605623245239e-02 9.433710016310214996e-03 8.438389748334884644e-02 9.198485314846038818e-02 5.136221647262573242e-03 3.682525455951690674e-02 1.674050465226173401e-02 1.241011079400777817e-02 4.278234764933586121e-02 1.171403285115957260e-02 1.746612414717674255e-02 3.216942772269248962e-02 5.131170153617858887e-02 1.689677312970161438e-02 3.284104540944099426e-02 3.182303160429000854e-02 3.553041443228721619e-02 2.887092903256416321e-02 1.131960004568099976e-02 5.486189038492739201e-04 9.169477969408035278e-03 3.371011931449174881e-03 2.761907875537872314e-02 2.188090607523918152e-02 3.184442222118377686e-02 1.514941826462745667e-02 1.026657223701477051e-02
3.060919046401977539e-02 1.594809070229530334e-02 1.438318490982055664e-01 1.457183738239109516e-03 5.977441556751728058e-03 1.873942837119102478e-02 2.645062468945980072e-02 4.599078297615051270e-01 4.299707710742950439e-02 4.442035034298896790e-02 2.221201173961162567e-02 6.963558495044708252e-02 9.008885361254215240e-03 2.523692883551120758e-02 3.849738463759422302e-02 2.780202589929103851e-02 4.164878651499748230e-02 2.692609559744596481e-03 3.787031769752502441e-02 2.024018578231334686e-02 4.086231067776679993e-02 1.854109764099121094e-02 5.890463013201951981e-03 1.128230243921279907e-03 4.815007001161575317e-02 2.319091185927391052e-02 2.303895354270935059e-02 7.375534623861312866e-03 1.513364445418119431e-02 3.700943663716316223e-02 4.281896725296974182e-02 3.184158727526664734e-02 6.720871198922395706e-03 2.414429932832717896e-02 3.174072830006480217e-03 3.717081621289253235e-02 1.600463315844535828e-02 1.591747812926769257e-02 1.131512597203254700e-01 1.743935234844684601e-02 6.578957661986351013e-03 4.912567883729934692e-02 3.874649107456207275e-02 2.580936625599861145e-02 6.408582627773284912e-02 4.586112499237060547e-02 1.983997970819473267e-02 4.305633530020713806e-02 7.861784659326076508e-03 4.207398742437362671e-02 7.679481059312820435e-02 7.908429205417633057e-02 1.376018859446048737e-03 2.255192399024963379e-02 2.808810770511627197e-02 3.899974003434181213e-02 4.906362155452370644e-04 2.995554916560649872e-02 4.689069930464029312e-03 2.937851659953594208e-02 3.829099610447883606e-02 4.121150448918342590e-02 2.252905629575252533e-02 1.542468648403882980e-02 4.095680266618728638e-02 3.619968891143798828e-02 1.781275495886802673e-02 9.738059714436531067e-03 4.247904568910598755e-02 6.432211026549339294e-03 3.594406321644783020e-02 4.289176780730485916e-03 6.901146844029426575e-03 3.493113070726394653e-02 3.365863487124443054e-02 4.050909727811813354e-02 3.153337538242340088e-02 4.318179935216903687e-02 2.915174700319766998e-02 2.310151606798171997e-02 6.697701662778854370e-02 1.497507244348526001e-01 1.480672694742679596e-02 1.788082346320152283e-02 1.716062612831592560e-02 1.710355165414512157e-03 1.144488807767629623e-02 2.359986677765846252e-02 1.542287762276828289e-03 4.381290823221206665e-02 3.498613834381103516e-02 1.789950579404830933e-02 1.935693807899951935e-02 4.461221024394035339e-02 3.844801336526870728e-02 3.368700295686721802e-02 4.659180715680122375e-02 3.667670069262385368e-03 1.583314128220081329e-02 6.870134384371340275e-04 6.837559398263692856e-03 7.786048226989805698e-04 9.966713376343250275e-03 1.346485130488872528e-02 9.200475178658962250e-03 3.550944617018103600e-03 1.813224516808986664e-03 2.472304925322532654e-02 6.344004999846220016e-03 4.506919533014297485e-02 1.499861665070056915e-02 3.511216957122087479e-03 4.753702133893966675e-02 6.045905128121376038e-02 1.115319319069385529e-02 3.908274229615926743e-03
3.584269434213638306e-02 2.664338052272796631e-02 1.056758128106594086e-02 8.423805236816406250e-03 1.024700887501239777e-02 2.750809118151664734e-02 3.437427803874015808e-02 4.299707710742950439e-02 4.421598017215728760e-01 4.631324857473373413e-02 2.894604206085205078e-02 2.156870625913143158e-02 1.875107549130916595e-02 1.499587483704090118e-02 1.762945763766765594e-02 9.710355103015899658e-02 2.642402239143848419e-02 5.303536728024482727e-02 5.969421193003654480e-02 2.375699765980243683e-02 2.854926511645317078e-02 3.895294293761253357e-02 1.861711405217647552e-02 1.935730129480361938e-02 3.142732009291648865e-02 1.879735663533210754e-02 5.131099000573158264e-02 3.189636021852493286e-02 1.008592173457145691e-02 4.553113877773284912e-02 5.040525645017623901e-02 3.524093702435493469e-02 1.234072539955377579e-02 4.391269758343696594e-02 2.940729446709156036e-02 3.248598799109458923e-02 2.667333558201789856e-02 2.688423730432987213e-02 3.849770501255989075e-02 4.982794076204299927e-02 1.548555586487054825e-02 5.625771358609199524e-02 9.232040029019117355e-04 3.287509828805923462e-02 2.581593953073024750e-02 4.649011418223381042e-02 2.391321212053298950e-02 1.828332431614398956e-02 3.143130987882614136e-02 1.114202104508876801e-02 2.117887139320373535e-02 1.819127821363508701e-03 1.372586190700531006e-02 2.780097536742687225e-02 4.624842107295989990e-02 7.328223437070846558e-02 3.436988964676856995e-02 6.539120525121688843e-02 4.291428998112678528e-02 7.681878283619880676e-03 5.094855651259422302e-02 4.727840423583984375e-02 7.664229720830917358e-02 1.744781062006950378e-02 2.022431977093219757e-02 4.667251836508512497e-03 1.973284641280770302e-03 1.802926510572433472e-02 2.445008791983127594e-02 8.176242001354694366e-03 3.739940468221902847e-03 2.655510976910591125e-02 3.052610903978347778e-02 4.019543062895536423e-03 2.478238567709922791e-02 1.319166272878646851e-02 8.041092753410339355e-02 1.663094758987426758e-02 1.777966693043708801e-02 1.186173185706138611e-01 2.811380475759506226e-02 2.419625408947467804e-03 6.829848513007164001e-03 1.475154142826795578e-02 2.677294053137302399e-02 1.270689186640083790e-03 3.619498386979103088e-02 2.014799974858760834e-02 3.531615808606147766e-02 5.004247650504112244e-02 2.897789515554904938e-02 1.022458169609308243e-02 3.707094863057136536e-02 2.355057001113891602e-02 4.819277301430702209e-02 1.206184737384319305e-02 1.970450021326541901e-02 6.225819513201713562e-02 3.286628425121307373e-02 3.293388336896896362e-02 4.528531804680824280e-02 2.875580266118049622e-02 1.267550885677337646e-02 1.529374159872531891e-02 1.144378073513507843e-02 2.544135972857475281e-02 2.256066072732210159e-03 8.476856164634227753e-03 6.485041230916976929e-04 2.492297440767288208e-02 2.787294238805770874e-02 2.147090435028076172e-02 4.939508810639381409e-02 3.080017864704132080e-02 3.350613638758659363e-02 6.830386351794004440e-03
3.314517065882682800e-02 1.444924506358802319e-03 4.111557209398597479e-04 1.952030882239341736e-02 5.866148858331143856e-04 2.899034507572650909e-02 1.155985868535935879e-03 4.442035034298896790e-02 4.631324857473373413e-02 4.674735665321350098e-01 2.485474944114685059e-02 1.473568938672542572e-02 2.728262217715382576e-03 5.600380897521972656e-02 6.747376639395952225e-03 2.108890004456043243e-02 2.819233387708663940e-02 7.751905824989080429e-03 1.231832280755043030e-01 1.886428333818912506e-02 1.068609114736318588e-02 3.228556364774703979e-02 4.050653800368309021e-02 3.292448818683624268e-02 1.538387406617403030e-02 2.673230133950710297e-02 4.218675568699836731e-02 2.951783314347267151e-02 9.477611631155014038e-03 2.575143054127693176e-02 4.875077307224273682e-02 4.901949316263198853e-02 2.619845606386661530e-02 2.849390171468257904e-02 5.935898050665855408e-02 1.857236586511135101e-02 1.379628293216228485e-02 1.105970423668622971e-02 1.999531872570514679e-03 1.200520712882280350e-02 2.426232583820819855e-02 9.253260679543018341e-03 1.076432131230831146e-02 1.902250945568084717e-02 1.422420609742403030e-02 4.313571006059646606e-02 4.204715660307556391e-04 2.052618749439716339e-02 4.491139948368072510e-02 5.266370624303817749e-02 1.992836780846118927e-02 1.343162450939416885e-02 4.282924812287092209e-03 4.696515575051307678e-02 3.516627848148345947e-02 9.525865316390991211e-02 4.718690365552902222e-02 3.838527714833617210e-03 5.315247550606727600e-02 1.525811105966567993e-02 4.946325346827507019e-02 1.039873901754617691e-02 1.423617359250783920e-02 2.516546659171581268e-02 1.658997125923633575e-02 3.063588030636310577e-02 1.938598230481147766e-02 1.077609416097402573e-02 5.413312837481498718e-02 4.405983164906501770e-02 4.167122766375541687e-03 1.651785150170326233e-02 8.734688907861709595e-02 2.774981595575809479e-02 3.028258308768272400e-02 1.406299765221774578e-03 1.651716046035289764e-02 5.565347522497177124e-02 5.278194695711135864e-02 1.174130886793136597e-01 5.330987274646759033e-03 1.699093542993068695e-02 1.649780385196208954e-02 6.844078749418258667e-02 4.222975671291351318e-02 4.173470661044120789e-02 3.768213465809822083e-02 5.202090740203857422e-02 2.815542276948690414e-03 2.171087451279163361e-02 4.377650097012519836e-02 5.004181340336799622e-02 4.876147955656051636e-02 4.035504534840583801e-02 2.513245120644569397e-02 4.478373005986213684e-02 2.461830526590347290e-02 4.187484830617904663e-02 2.486915700137615204e-02 1.137389056384563446e-02 2.469304762780666351e-02 2.290778048336505890e-02 4.299317300319671631e-02 4.114517942070960999e-02 4.857690259814262390e-02 4.625629261136054993e-02 3.452432900667190552e-02 2.069275267422199249e-02 2.020687330514192581e-03 1.559604611247777939e-02 3.403589129447937012e-02 3.756703436374664307e-02 3.265588730573654175e-02 4.330711811780929565e-02 2.290088310837745667e-02 2.202557399868965149e-02
1.105761080980300903e-01 4.651331901550292969e-02 2.406412921845912933e-02 2.988962270319461823e-02 1.954523846507072449e-02 8.657544106245040894e-02 8.342321217060089111e-02 2.221201173961162567e-02 2.894604206085205078e-02 2.485474944114685059e-02 4.977120757102966309e-01 3.506225347518920898e-02 6.557619571685791016e-02 4.006632044911384583e-02 3.184070438146591187e-02 2.953261323273181915e-02 2.466178871691226959e-02 4.235877096652984619e-02 4.287289083003997803e-02 1.171085610985755920e-02 1.039234269410371780e-02 4.202615004032850266e-03 3.370506688952445984e-02 3.485768288373947144e-02 7.094646338373422623e-03 2.662896737456321716e-02 1.689660549163818359e-02 1.705293543636798859e-02 6.530541926622390747e-02 6.434895098209381104e-03 1.254119910299777985e-02 1.445724721997976303e-02 3.333840519189834595e-02 1.043603755533695221e-02 5.659193731844425201e-03 4.658723250031471252e-02 4.027053341269493103e-02 3.970273211598396301e-02 3.357293829321861267e-02 1.362610515207052231e-02 5.317984148859977722e-03 4.184357449412345886e-02 3.671787679195404053e-02 3.268900141119956970e-02 5.082526057958602905e-02 2.598943933844566345e-02 7.647354900836944580e-02 7.463987171649932861e-02 1.530704554170370102e-02 1.514428015798330307e-02 3.573203459382057190e-02 5.458281561732292175e-02 2.560884505510330200e-02 2.275549434125423431e-02 4.372927360236644745e-03 2.968135289847850800e-02 1.213952433317899704e-02 1.353325787931680679e-02 1.395188504830002785e-03 8.440352976322174072e-03 2.762288786470890045e-02 2.152742585167288780e-03 3.117673471570014954e-02 1.322315447032451630e-02 6.393975019454956055e-02 6.840880960226058960e-02 2.062734588980674744e-02 1.544115599244832993e-02 4.258394613862037659e-02 3.046294208616018295e-03 3.336245566606521606e-02 1.010005827993154526e-02 1.575504988431930542e-02 2.174163237214088440e-02 3.359847143292427063e-02 4.145908728241920471e-02 3.028399311006069183e-02 6.067168898880481720e-03 2.045069634914398193e-02 4.145421087741851807e-02 2.289777994155883789e-02 2.737031504511833191e-02 1.078465580940246582e-02 1.768494769930839539e-02 3.775902464985847473e-02 3.549148514866828918e-02 2.732421271502971649e-02 2.203245460987091064e-02 1.529749203473329544e-02 3.248379752039909363e-02 9.557200223207473755e-02 6.824129819869995117e-02 3.845617175102233887e-02 3.625599294900894165e-02 3.817731887102127075e-02 3.742096479982137680e-03 8.029152522794902325e-04 2.301732450723648071e-02 2.919768542051315308e-02 2.794903516769409180e-02 4.273023456335067749e-02 1.397531107068061829e-02 4.290420189499855042e-02 4.554686695337295532e-02 9.248651564121246338e-03 1.742252521216869354e-02 5.074363201856613159e-03 5.015524569898843765e-03 5.150071345269680023e-03 5.922000855207443237e-03 3.619952499866485596e-02 2.330573089420795441e-02 4.911234974861145020e-02 2.470449358224868774e-02 5.110149271786212921e-03 3.966714069247245789e-02
3.435202874243259430e-03 2.581766061484813690e-02 1.877125538885593414e-02 9.030834771692752838e-03 3.065458126366138458e-02 5.302264913916587830e-02 4.114711657166481018e-02 6.963558495044708252e-02 2.156870625913143158e-02 1.473568938672542572e-02 3.506225347518920898e-02 4.749974906444549561e-01 3.437295183539390564e-02 2.059062719345092773e-01 2.408419921994209290e-02 3.597632423043251038e-02 3.250826895236968994e-02 7.328228652477264404e-02 3.524701297283172607e-02 1.456420868635177612e-03 2.900630421936511993e-02 2.295804396271705627e-02 8.111055009067058563e-03 1.562207005918025970e-02 8.565032854676246643e-03 5.547191575169563293e-02 4.028097167611122131e-02 7.676876336336135864e-02 3.621837124228477478e-02 1.172074601054191589e-01 1.064744219183921814e-02 3.503262251615524292e-02 2.979810722172260284e-02 4.635520279407501221e-02 5.504483357071876526e-03 9.402997238794341683e-05 4.781771451234817505e-02 2.262090332806110382e-02 2.213829755783081055e-02 3.572705760598182678e-02 4.393891990184783936e-02 1.340373605489730835e-02 1.703597977757453918e-02 3.316574543714523315e-02 6.084763258695602417e-02 3.699449822306632996e-02 2.002666145563125610e-02 3.333768993616104126e-02 3.038421832025051117e-02 6.907126866281032562e-03 4.845106974244117737e-02 3.042591176927089691e-02 2.381084300577640533e-02 5.920896306633949280e-03 5.918136332184076309e-03 2.772791311144828796e-02 5.294295493513345718e-03 9.412379562854766846e-02 1.091680303215980530e-02 2.308831177651882172e-02 3.866295889019966125e-02 5.480806902050971985e-02 4.214810207486152649e-02 4.077004641294479370e-02 5.246718227863311768e-02 5.263160541653633118e-02 5.598064139485359192e-02 2.536855638027191162e-02 5.530869960784912109e-02 3.685226291418075562e-02 3.501606360077857971e-02 4.025383293628692627e-02 1.787058450281620026e-02 2.013757266104221344e-02 4.042233526706695557e-02 5.826462060213088989e-03 4.413330927491188049e-02 7.768675684928894043e-02 3.606527671217918396e-02 4.869467020034790039e-02 4.547328222543001175e-03 9.378742426633834839e-03 2.317612431943416595e-02 3.046640381217002869e-02 3.281575068831443787e-02 2.367603406310081482e-02 1.500945165753364563e-02 2.243005670607089996e-02 4.472813755273818970e-02 5.220637470483779907e-02 3.269087523221969604e-02 1.647184230387210846e-02 2.389037050306797028e-02 3.322780132293701172e-02 6.992020644247531891e-03 3.779211267828941345e-02 9.135150909423828125e-02 5.620983242988586426e-02 3.589213639497756958e-02 3.019639663398265839e-02 3.230170160531997681e-02 2.179220691323280334e-02 4.156259074807167053e-02 2.707440964877605438e-02 2.482776716351509094e-02 6.964306976442458108e-06 1.830828376114368439e-02 2.542536146938800812e-02 1.663059927523136139e-02 2.208954468369483948e-02 5.103537440299987793e-02 5.602965597063302994e-03 1.522212103009223938e-02 2.906010858714580536e-02 4.359899088740348816e-02 2.728442288935184479e-02
8.108046650886535645e-02 1.055492237210273743e-01 4.074007645249366760e-02 1.349875610321760178e-02 1.063761301338672638e-02 7.142515480518341064e-02 6.206579506397247314e-02 9.008885361254215240e-03 1.875107549130916595e-02 2.728262217715382576e-03 6.557619571685791016e-02 3.437295183539390564e-02 4.911611378192901611e-01 3.850612044334411621e-02 9.794606827199459076e-03 3.511748090386390686e-02 3.473528847098350525e-02 2.814036235213279724e-02 4.473153129220008850e-02 3.282720223069190979e-02 1.495240163058042526e-02 1.036092918366193771e-02 4.932654649019241333e-02 4.335847496986389160e-02 2.493067178875207901e-03 3.676303895190358162e-03 4.022431373596191406e-02 1.602526288479566574e-03 6.402826402336359024e-03 2.051956951618194580e-02 6.453367322683334351e-02 7.897764444351196289e-03 2.755389735102653503e-02 2.967536216601729393e-03 8.989611640572547913e-03 1.203490048646926880e-02 1.247414201498031616e-02 2.251290902495384216e-02 3.284956887364387512e-02 3.054061904549598694e-02 3.134376183152198792e-02 2.480455487966537476e-02 9.369972161948680878e-03 3.570515289902687073e-02 3.088980168104171753e-02 1.064866967499256134e-02 7.519093900918960571e-02 4.997048899531364441e-02 2.635552547872066498e-03 3.484969958662986755e-03 2.521975338459014893e-02 1.260551437735557556e-02 5.412560328841209412e-02 2.322557382285594940e-02 1.878901757299900055e-02 1.807471504434943199e-03 2.276782691478729248e-02 5.162179097533226013e-02 1.875491067767143250e-02 2.663231687620282173e-03 5.726976320147514343e-03 2.732393797487020493e-03 3.800936043262481689e-02 1.053415983915328979e-02 4.312896355986595154e-02 7.265924662351608276e-02 1.631926000118255615e-02 1.652336912229657173e-03 2.099827118217945099e-02 5.897615477442741394e-02 2.550180442631244659e-02 5.481576547026634216e-02 2.584709413349628448e-02 1.445137523114681244e-02 3.043232299387454987e-02 4.602944478392601013e-02 4.173559322953224182e-02 4.660586267709732056e-02 9.610764682292938232e-03 1.890704594552516937e-02 3.001109324395656586e-02 2.502345852553844452e-02 4.204097017645835876e-02 1.241598650813102722e-02 1.796106807887554169e-02 5.847598239779472351e-02 2.880783565342426300e-02 3.336009383201599121e-02 3.514337539672851562e-02 1.682639308273792267e-02 3.693288657814264297e-03 3.329965844750404358e-02 5.489234998822212219e-02 6.752389669418334961e-02 3.196731954813003540e-02 2.381162904202938080e-02 3.234538435935974121e-02 3.751454502344131470e-02 2.719733119010925293e-02 5.093967076390981674e-03 2.065246179699897766e-02 2.119784941896796227e-03 3.594120964407920837e-02 1.057900302112102509e-02 8.609011769294738770e-03 3.615258261561393738e-02 1.013854984194040298e-02 3.164854645729064941e-02 1.595832966268062592e-02 3.415013430640101433e-03 1.754104532301425934e-02 3.494574688374996185e-03 2.030718885362148285e-02 2.880072221159934998e-02 2.013148553669452667e-02 3.258040919899940491e-02
