4.817228615283966064e-01 1.583830714225769043e-01 2.350621297955513000e-02 4.658766090869903564e-02 9.830708615481853485e-03 1.190151274204254150e-01 4.738673940300941467e-02 2.403997350484132767e-03 1.893852092325687408e-02 4.282565321773290634e-03 1.081026718020439148e-01 4.414388537406921387e-02 7.148211356252431870e-03 3.107494860887527466e-02 1.699996180832386017e-02 4.210234060883522034e-02 2.152534946799278259e-02 2.251914935186505318e-03 3.778365254402160645e-02 5.298963561654090881e-02 8.261705189943313599e-02 3.162816911935806274e-02 2.996868826448917389e-02 2.704195491969585419e-02 1.727967709302902222e-02 4.461048915982246399e-02 1.152528636157512665e-02 3.775304183363914490e-02 1.455881539732217789e-02 2.691455557942390442e-02 5.898907408118247986e-02 3.426999971270561218e-02 5.756602622568607330e-03 4.493655264377593994e-02 4.081333056092262268e-02 4.042900726199150085e-02 4.717907682061195374e-02 5.070056766271591187e-02 6.271634716540575027e-03 4.357071220874786377e-02 1.306126080453395844e-02 2.698400616645812988e-02 4.958898946642875671e-02 2.731369063258171082e-02 4.971376806497573853e-02 4.255712032318115234e-03 6.961352378129959106e-02 2.208648063242435455e-02 3.624223917722702026e-02 3.670767694711685181e-02 1.035549957305192947e-02 3.471112868282943964e-04 4.281688481569290161e-02 1.160016097128391266e-02 2.323039993643760681e-02 2.837031520903110504e-02 9.142868220806121826e-03 3.968817740678787231e-02 1.919117011129856110e-02 4.356703162193298340e-02 4.468089342117309570e-02 4.700207151472568512e-03 7.113531231880187988e-03 1.241689547896385193e-02 2.001745626330375671e-02 1.850670389831066132e-02 3.688929602503776550e-02 9.556517936289310455e-03 2.446839958429336548e-02 2.801683172583580017e-02 1.084344554692506790e-02 3.402134031057357788e-02 1.400989759713411331e-02 2.516497857868671417e-02 3.442677855491638184e-02 9.235134348273277283e-03 1.110103726387023926e-02 4.896896425634622574e-04 1.794790476560592651e-02 1.878179982304573059e-02 1.955643296241760254e-02 3.999598696827888489e-02 4.114928469061851501e-02 1.287308055907487869e-02 1.330906897783279419e-02 3.095358237624168396e-02 5.513637792319059372e-03 4.901656135916709900e-02 2.806622534990310669e-02 2.602252736687660217e-02 4.290750715881586075e-03 2.932319976389408112e-02 5.362876504659652710e-02 2.721706777811050415e-02 4.758163820952177048e-03 2.880195342004299164e-02 3.951570391654968262e-02 1.213655527681112289e-02 2.780389040708541870e-02 2.984228730201721191e-02 3.793204948306083679e-02 3.141630068421363831e-02 5.925394594669342041e-02 1.968504860997200012e-02 3.068883903324604034e-02 3.149623796343803406e-02 3.223628550767898560e-02 5.719034746289253235e-02 4.355235770344734192e-02 7.792414724826812744e-02 2.670437470078468323e-02 2.550140023231506348e-02 2.438155189156532288e-02 3.112195699941366911e-04 4.283929243683815002e-02 3.094211779534816742e-02
1.583830714225769043e-01 4.777131974697113037e-01 1.379221910610795021e-03 1.275406405329704285e-02 2.446448244154453278e-02 3.568925708532333374e-02 8.846154808998107910e-02 8.929129689931869507e-03 6.000332999974489212e-03 4.690638557076454163e-02 1.121822595596313477e-01 1.556598395109176636e-02 1.503157764673233032e-01 3.299693390727043152e-02 1.979300379753112793e-02 1.346816215664148331e-02 7.518081110902130604e-04 1.659758947789669037e-02 4.651421308517456055e-02 4.216892179101705551e-03 1.717487908899784088e-02 2.927548484876751900e-03 3.653406631201505661e-03 3.181073069572448730e-02 2.444692142307758331e-02 3.551202267408370972e-02 2.434038557112216949e-02 3.832027688622474670e-02 2.963859401643276215e-02 1.433754339814186096e-02 5.783272441476583481e-03 9.686114266514778137e-03 3.031022101640701294e-02 2.594528719782829285e-02 2.474704571068286896e-02 3.016314096748828888e-02 6.283994764089584351e-03 1.615627296268939972e-02 3.817434981465339661e-02 7.858889177441596985e-03 3.955768421292304993e-02 6.147916428744792938e-03 1.138385385274887085e-02 4.443557001650333405e-03 3.803192824125289917e-02 1.440938655287027359e-02 2.073263749480247498e-02 1.910782232880592346e-02 3.657970950007438660e-02 4.334964603185653687e-02 9.275335818529129028e-03 1.227376516908407211e-02 1.979879848659038544e-02 3.499966114759445190e-02 3.241889178752899170e-02 2.413703873753547668e-02 4.446686059236526489e-02 1.940189860761165619e-02 1.470491383224725723e-02 7.859254255890846252e-03 3.104353696107864380e-02 3.151795268058776855e-02 2.327956818044185638e-02 4.038549214601516724e-02 2.194787561893463135e-02 2.633277885615825653e-02 2.974017057567834854e-03 1.828154921531677246e-02 5.129775032401084900e-03 3.327714279294013977e-02 1.201762352138757706e-02 4.070893302559852600e-02 1.500467117875814438e-02 5.164369940757751465e-03 2.565189730376005173e-03 1.136856898665428162e-02 3.651570156216621399e-02 3.146983683109283447e-02 4.060831665992736816e-02 3.428711323067545891e-03 2.484041498973965645e-03 1.540634687989950180e-02 1.870105043053627014e-02 1.194716617465019226e-02 3.913909196853637695e-02 9.534901939332485199e-03 1.416980195790529251e-02 4.302142187952995300e-02 4.130935296416282654e-02 5.964449141174554825e-03 9.180118329823017120e-03 1.950670406222343445e-02 4.025014117360115051e-02 4.464175179600715637e-02 1.305601838976144791e-02 3.874887246638536453e-03 1.268804538995027542e-02 2.659868821501731873e-02 2.567605581134557724e-03 7.127744145691394806e-03 2.382568456232547760e-02 3.032939508557319641e-03 2.046096697449684143e-02 1.114723738282918930e-02 4.529040306806564331e-02 2.051275037229061127e-02 3.686633333563804626e-02 2.041673986241221428e-03 2.511620521545410156e-02 2.262785099446773529e-02 3.021951951086521149e-02 2.278789505362510681e-02 7.330389693379402161e-03 4.333076067268848419e-03 7.058159448206424713e-03 7.983789779245853424e-03
2.350621297955513000e-02 1.379221910610795021e-03 4.689209759235382080e-01 2.346491441130638123e-02 1.365851797163486481e-02 2.220421656966209412e-02 3.962693363428115845e-02 7.395193725824356079e-02 7.589678745716810226e-03 3.735951706767082214e-02 3.975057974457740784e-02 3.692502900958061218e-02 3.063815645873546600e-02 4.527650773525238037e-02 3.400209918618202209e-02 1.136786118149757385e-02 1.798157766461372375e-02 9.171545505523681641e-03 4.199112579226493835e-02 3.548949956893920898e-02 1.785190962255001068e-02 5.306553211994469166e-04 2.317479625344276428e-02 6.722129415720701218e-03 2.971463277935981750e-02 6.080337800085544586e-03 6.905443966388702393e-03 3.678416088223457336e-02 3.713800758123397827e-02 3.309664502739906311e-02 3.845691680908203125e-02 1.982940547168254852e-02 2.879351563751697540e-02 1.742398738861083984e-02 1.425983617082238197e-03 1.751391589641571045e-02 9.121428243815898895e-03 5.205846205353736877e-02 1.057863514870405197e-02 8.674064651131629944e-03 1.246975548565387726e-02 2.818819507956504822e-02 2.706003375351428986e-03 8.707407861948013306e-02 2.295383438467979431e-02 1.134814508259296417e-02 3.018000535666942596e-02 6.830864120274782181e-03 3.824133798480033875e-02 7.855121046304702759e-03 2.725331112742424011e-02 2.678312547504901886e-02 2.313682623207569122e-02 1.505259703844785690e-02 2.908849157392978668e-02 4.375277087092399597e-02 3.821812197566032410e-02 4.677997529506683350e-02 2.564897574484348297e-02 3.751016454771161079e-03 2.987323142588138580e-02 2.344503253698348999e-02 2.755349874496459961e-02 2.137187495827674866e-02 1.201358065009117126e-02 1.176179293543100357e-02 3.073070384562015533e-02 5.324814096093177795e-02 3.490023687481880188e-02 9.930243715643882751e-03 3.750220313668251038e-02 1.690214127302169800e-02 3.192070173099637032e-03 2.575506828725337982e-02 4.477735608816146851e-02 2.253588475286960602e-02 1.149208284914493561e-02 1.968429982662200928e-02 3.613296896219253540e-02 1.293220184743404388e-02 6.874828040599822998e-02 4.440036602318286896e-03 2.682922407984733582e-02 1.919854618608951569e-02 2.487694099545478821e-02 1.383821200579404831e-02 8.378557860851287842e-03 7.854469120502471924e-03 4.207754682283848524e-04 2.753023873083293438e-04 1.340510696172714233e-02 1.774754002690315247e-02 5.357163958251476288e-03 3.413391066715121269e-03 1.084270328283309937e-02 1.167161203920841217e-02 2.627067035064101219e-03 1.965776458382606506e-02 5.433669779449701309e-03 7.293626549653708935e-04 2.432597987353801727e-02 1.001469790935516357e-02 7.026258856058120728e-03 1.416452042758464813e-02 2.351511828601360321e-02 8.335795253515243530e-03 7.694263756275177002e-02 1.041417662054300308e-02 3.023098409175872803e-02 2.576119825243949890e-02 1.235316973179578781e-02 2.415861934423446655e-02 1.772050186991691589e-02 9.896010160446166992e-04 1.209787209518253803e-03 4.556769877672195435e-02
4.658766090869903564e-02 1.275406405329704285e-02 2.346491441130638123e-02 5.011866092681884766e-01 2.449246495962142944e-02 4.357888177037239075e-02 5.820214748382568359e-02 2.191830612719058990e-02 5.553482100367546082e-02 4.527676850557327271e-02 8.899793610908091068e-04 5.236524622887372971e-03 3.427748382091522217e-02 2.528725937008857727e-02 7.993423379957675934e-03 5.675814673304557800e-02 4.261950030922889709e-02 3.676662221550941467e-02 3.692435100674629211e-02 4.140210337936878204e-03 6.374972872436046600e-03 3.610111027956008911e-02 2.261714078485965729e-02 3.267133980989456177e-02 3.033625660464167595e-03 4.036860913038253784e-02 4.763822630047798157e-02 3.692004829645156860e-03 1.367846038192510605e-02 3.874017298221588135e-02 3.004226088523864746e-02 5.366956815123558044e-02 7.999259978532791138e-03 4.630228132009506226e-02 8.870989084243774414e-03 8.972831070423126221e-03 5.594799667596817017e-02 3.759591653943061829e-02 6.012034136801958084e-03 5.768589302897453308e-02 4.101248830556869507e-02 3.063463605940341949e-02 1.276613213121891022e-02 4.760797601193189621e-03 2.679323777556419373e-02 3.061140887439250946e-02 3.142789751291275024e-02 2.304645068943500519e-02 1.983674801886081696e-02 6.605865806341171265e-02 5.464064422994852066e-03 1.255367882549762726e-02 2.484408393502235413e-02 3.329408541321754456e-02 5.810153111815452576e-02 6.476800888776779175e-02 1.171447802335023880e-02 1.424062065780162811e-02 1.313247065991163254e-02 5.212542414665222168e-02 4.571206495165824890e-02 2.962669730186462402e-02 2.929256670176982880e-02 5.669339001178741455e-02 1.642874628305435181e-02 1.825821213424205780e-02 1.286952756345272064e-02 1.946347765624523163e-02 6.928458809852600098e-02 2.532360330224037170e-02 4.773736745119094849e-02 2.289687655866146088e-02 1.100239828228950500e-01 3.668443113565444946e-02 6.395018100738525391e-02 5.282280500978231430e-03 3.792743384838104248e-02 3.144314512610435486e-02 3.642433136701583862e-02 1.772225834429264069e-02 7.137808017432689667e-03 3.420126810669898987e-02 5.690739676356315613e-02 3.080404363572597504e-02 1.175397727638483047e-02 2.853219583630561829e-02 1.866952632553875446e-03 1.023383159190416336e-02 6.357816606760025024e-02 3.332770243287086487e-02 3.787393122911453247e-02 6.226032041013240814e-03 1.182757318019866943e-02 1.696780510246753693e-02 1.205564662814140320e-02 1.816086843609809875e-02 2.343639172613620758e-02 1.255641877651214600e-02 6.717502139508724213e-03 1.500116568058729172e-02 4.528969526290893555e-02 5.649585276842117310e-02 2.687097340822219849e-02 2.094324305653572083e-02 2.262894436717033386e-02 3.109884448349475861e-02 3.637659549713134766e-02 5.170096457004547119e-02 5.040544643998146057e-02 5.430627614259719849e-02 5.159707739949226379e-02 7.005501538515090942e-03 2.117662318050861359e-02 4.698098823428153992e-02 3.842711821198463440e-02 2.535767480731010437e-02
9.830708615481853485e-03 2.446448244154453278e-02 1.365851797163486481e-02 2.449246495962142944e-02 4.858132302761077881e-01 8.004834875464439392e-03 1.968629844486713409e-02 1.703229267150163651e-03 4.896403290331363678e-03 1.088319066911935806e-02 2.976699732244014740e-02 6.248728837817907333e-03 4.259087145328521729e-03 3.334131464362144470e-02 1.864593289792537689e-02 1.958894543349742889e-02 4.376341775059700012e-02 4.429423436522483826e-02 6.130304187536239624e-02 3.000176139175891876e-02 5.194751173257827759e-02 2.810888923704624176e-02 2.697046659886837006e-02 6.796211935579776764e-03 3.361261636018753052e-02 3.696096315979957581e-02 2.538205869495868683e-02 2.250703796744346619e-02 2.084315754473209381e-03 2.003262750804424286e-02 8.696402423083782196e-03 3.325086832046508789e-02 5.246159154921770096e-03 1.852253079414367676e-02 5.035280063748359680e-02 1.072955690324306488e-02 1.535149011760950089e-02 1.245175115764141083e-02 2.582094166427850723e-03 4.738463833928108215e-02 2.076673321425914764e-02 2.316880738362669945e-03 4.659194871783256531e-02 9.097440168261528015e-03 3.505241125822067261e-02 4.928870126605033875e-03 3.680181875824928284e-02 3.489883849397301674e-03 4.645833978429436684e-04 2.201939187943935394e-02 3.927224874496459961e-02 8.927534334361553192e-03 4.863207787275314331e-02 1.227351650595664978e-02 1.728670112788677216e-02 4.381018225103616714e-03 2.530147694051265717e-02 4.212388768792152405e-02 1.481925323605537415e-02 3.486776724457740784e-02 5.307282134890556335e-02 3.790037333965301514e-02 1.236575935035943985e-02 1.409233175218105316e-02 1.953182369470596313e-02 3.930443897843360901e-03 3.503156080842018127e-02 4.468887299299240112e-02 1.698809675872325897e-02 6.999345961958169937e-03 6.717091798782348633e-02 2.290373295545578003e-02 3.081411682069301605e-02 3.678461909294128418e-02 8.957614004611968994e-02 1.600296609103679657e-02 3.068420849740505219e-02 1.702358573675155640e-02 1.907873782329261303e-03 3.747493401169776917e-02 2.821070514619350433e-02 3.408809378743171692e-02 4.170320555567741394e-02 2.937172353267669678e-02 5.754115059971809387e-03 4.061133041977882385e-02 1.940101385116577148e-02 1.962241902947425842e-02 4.396260157227516174e-02 5.758807994425296783e-03 1.263836957514286041e-02 4.751045629382133484e-02 2.773523330688476562e-02 3.879772499203681946e-02 4.041836783289909363e-02 7.497008144855499268e-02 3.636059165000915527e-02 4.088144376873970032e-02 3.347966820001602173e-02 9.589473716914653778e-03 4.269136860966682434e-02 2.670304290950298309e-02 2.736961282789707184e-02 3.910294920206069946e-02 3.347693011164665222e-02 1.623123139142990112e-02 6.892868876457214355e-02 1.181222684681415558e-02 2.627686783671379089e-02 3.862587735056877136e-02 2.374825067818164825e-02 4.648077115416526794e-02 2.154931426048278809e-02 2.919272519648075104e-02 9.400270879268646240e-03 1.910819858312606812e-02
1.190151274204254150e-01 3.568925708532333374e-02 2.220421656966209412e-02 4.357888177037239075e-02 8.004834875464439392e-03 4.845656454563140869e-01 1.672332882881164551e-01 1.434873323887586594e-02 4.338184371590614319e-02 2.357679978013038635e-02 3.874955326318740845e-02 4.195540025830268860e-02 2.992708608508110046e-02 5.121161043643951416e-02 3.135704994201660156e-02 1.838293485343456268e-02 1.701827533543109894e-02 4.597021639347076416e-02 5.571255460381507874e-02 1.646732538938522339e-02 8.620595932006835938e-02 3.333965316414833069e-02 1.151001895777881145e-03 3.839531680569052696e-03 4.739790409803390503e-02 7.940331846475601196e-02 2.431200584396719933e-03 3.331936523318290710e-02 6.184345856308937073e-02 2.708895690739154816e-02 1.030598487704992294e-02 1.475369744002819061e-02 7.700192276388406754e-03 4.096404463052749634e-02 1.562090124934911728e-02 3.740103170275688171e-02 8.574486710131168365e-03 1.628014608286321163e-03 3.201759234070777893e-02 1.672397740185260773e-02 4.728310741484165192e-03 3.053598850965499878e-02 3.984275087714195251e-02 6.808149814605712891e-02 1.377277076244354248e-02 4.440408200025558472e-02 1.188459470868110657e-01 3.940172959119081497e-03 6.164512597024440765e-03 4.043215140700340271e-02 2.620000019669532776e-02 4.231338575482368469e-02 2.505725808441638947e-02 6.638179998844861984e-03 9.590486995875835419e-03 3.655048087239265442e-02 3.781731799244880676e-02 5.727700889110565186e-02 1.933519355952739716e-02 1.183384750038385391e-02 2.559042302891612053e-03 1.313796453177928925e-02 1.034581847488880157e-02 1.105184201151132584e-02 4.747781204059720039e-04 1.153226476162672043e-02 3.759614378213882446e-02 5.416196957230567932e-02 1.367430295795202255e-02 2.782743610441684723e-02 4.433095082640647888e-02 2.452022209763526917e-02 2.362672239542007446e-02 8.257174864411354065e-03 3.322778269648551941e-02 4.650072380900382996e-02 1.381461415439844131e-02 1.898934878408908844e-02 1.228316500782966614e-02 1.602231338620185852e-02 5.580467358231544495e-02 7.676900364458560944e-03 3.274894133210182190e-02 3.995364531874656677e-03 1.628021150827407837e-02 1.228645071387290955e-02 3.938863519579172134e-03 5.465967580676078796e-02 1.967548392713069916e-02 1.364250946789979935e-02 3.541750088334083557e-02 2.567431889474391937e-02 4.572972655296325684e-02 2.565275318920612335e-02 4.297870025038719177e-02 7.650744635611772537e-03 4.582101851701736450e-02 3.047989308834075928e-02 3.744056448340415955e-02 3.830515593290328979e-02 2.147309249266982079e-03 1.095570158213376999e-02 4.298144206404685974e-02 3.057185187935829163e-02 3.115455806255340576e-02 2.692211233079433441e-02 1.511642429977655411e-02 1.950350776314735413e-02 3.782325610518455505e-02 1.780274510383605957e-02 2.736988477408885956e-02 3.280056640505790710e-02 2.264696732163429260e-02 1.460468163713812828e-03 2.409823704510927200e-03 3.049406036734580994e-02
4.738673940300941467e-02 8.846154808998107910e-02 3.962693363428115845e-02 5.820214748382568359e-02 1.968629844486713409e-02 1.672332882881164551e-01 4.896529316902160645e-01 3.816797956824302673e-02 1.625885441899299622e-02 1.034972723573446274e-02 9.105297923088073730e-02 4.465725645422935486e-02 5.921262130141258240e-02 3.237462416291236877e-02 1.667019352316856384e-02 2.534533850848674774e-02 2.980098314583301544e-02 2.074327506124973297e-02 2.451206371188163757e-02 5.090472102165222168e-02 5.518392845988273621e-02 8.848907782521564513e-06 1.912922412157058716e-02 1.663156040012836456e-02 6.246086955070495605e-02 3.250409383326768875e-03 1.853751949965953827e-02 4.872396588325500488e-02 4.869884345680475235e-03 2.323141694068908691e-02 6.466861814260482788e-03 2.972496114671230316e-02 2.506786026060581207e-03 3.012682078406214714e-03 2.326371520757675171e-02 3.323549404740333557e-03 3.636770322918891907e-02 2.983636967837810516e-02 2.675535529851913452e-02 1.883497461676597595e-02 8.326504379510879517e-03 2.444898895919322968e-02 1.036070007830858231e-02 2.797841839492321014e-02 4.480896145105361938e-02 2.203892543911933899e-02 1.199800297617912292e-01 1.173417940735816956e-01 5.369319021701812744e-02 3.728174138814210892e-03 2.427035197615623474e-02 1.167457550764083862e-02 1.437095087021589279e-02 4.629413038492202759e-02 5.334741901606321335e-03 6.342979613691568375e-03 2.461037784814834595e-02 2.415324188768863678e-02 4.460751637816429138e-02 2.691520005464553833e-02 2.786685898900032043e-02 3.427898744121193886e-03 2.879632264375686646e-02 5.991521291434764862e-03 5.081513524055480957e-02 3.332281112670898438e-02 1.403362583369016647e-02 1.099283341318368912e-03 2.996375039219856262e-02 1.285842526704072952e-02 4.881966393440961838e-03 9.193657897412776947e-03 1.243389025330543518e-02 3.036966547369956970e-02 3.902965458109974861e-03 8.297294378280639648e-03 8.255841210484504700e-03 1.612846553325653076e-02 2.003948576748371124e-02 1.117812655866146088e-02 8.105223998427391052e-03 2.502760477364063263e-02 1.986243762075901031e-02 1.549570541828870773e-02 4.650121554732322693e-03 2.367520146071910858e-02 5.008792504668235779e-02 4.335911571979522705e-02 4.487137123942375183e-02 2.921752166002988815e-03 9.038908407092094421e-03 3.832904249429702759e-02 2.149890735745429993e-02 3.961827233433723450e-02 1.787689328193664551e-02 5.022174492478370667e-02 4.247316345572471619e-02 2.870140038430690765e-02 2.675005048513412476e-02 1.322208903729915619e-03 4.803860187530517578e-02 4.944430664181709290e-02 4.078331217169761658e-02 9.789491072297096252e-03 4.092573374509811401e-02 2.316224761307239532e-02 3.729646280407905579e-02 1.311224047094583511e-02 3.751006722450256348e-02 1.195782981812953949e-02 4.558318853378295898e-02 3.583484143018722534e-02 9.257545461878180504e-04 3.557149693369865417e-02 3.768723690882325172e-03 2.117419056594371796e-02
2.403997350484132767e-03 8.929129689931869507e-03 7.395193725824356079e-02 2.191830612719058990e-02 1.703229267150163651e-03 1.434873323887586594e-02 3.816797956824302673e-02 5.004637241363525391e-01 2.187222801148891449e-02 3.207975625991821289e-02 2.073703333735466003e-02 7.357030175626277924e-03 1.816622540354728699e-02 2.147040516138076782e-02 8.554244786500930786e-02 5.791588872671127319e-02 3.906983509659767151e-02 3.480145707726478577e-02 9.832915849983692169e-03 1.342509128153324127e-02 1.521038636565208435e-02 3.780212253332138062e-02 3.786651045083999634e-02 1.968750916421413422e-02 1.214632205665111542e-02 9.246551431715488434e-03 4.054212942719459534e-03 1.466929167509078979e-02 3.968892246484756470e-02 1.724051870405673981e-02 2.336951903998851776e-02 1.533345971256494522e-02 3.373352438211441040e-02 2.612523920834064484e-02 4.535244405269622803e-02 6.147049367427825928e-03 1.828554458916187286e-02 5.887839943170547485e-02 1.983224786818027496e-02 2.765963785350322723e-02 1.676871068775653839e-02 2.680912613868713379e-02 2.313185296952724457e-02 2.448030188679695129e-02 3.813735209405422211e-03 4.972000140696763992e-03 1.061051432043313980e-02 3.786050016060471535e-03 2.154992334544658661e-02 3.493009880185127258e-02 1.494207046926021576e-02 1.510713715106248856e-02 2.458293363451957703e-02 6.355801131576299667e-03 2.355795819312334061e-03 3.751282021403312683e-02 3.838876634836196899e-02 4.208385944366455078e-03 5.524901673197746277e-03 1.489507267251610756e-03 5.746311042457818985e-03 1.420864718966186047e-03 4.154567420482635498e-02 2.499177865684032440e-02 2.252824790775775909e-02 7.853937335312366486e-03 9.335314854979515076e-03 3.826009482145309448e-02 3.345656022429466248e-02 5.057886242866516113e-03 1.467696111649274826e-02 1.672194339334964752e-02 1.892081112600862980e-03 1.521378569304943085e-02 8.711655624210834503e-03 3.789661917835474014e-03 2.285358309745788574e-02 5.164659023284912109e-02 5.289944633841514587e-02 2.868864312767982483e-02 7.407090067863464355e-02 3.882721439003944397e-02 1.969781145453453064e-02 2.438863553106784821e-02 1.643369533121585846e-02 2.453571744263172150e-02 6.537929922342300415e-02 6.225028261542320251e-02 4.526638239622116089e-02 8.827004581689834595e-03 6.616015452891588211e-03 1.468905364163219929e-03 1.762567274272441864e-02 5.296609923243522644e-02 1.739482767879962921e-02 3.478017449378967285e-02 2.229865640401840210e-02 1.178274210542440414e-02 3.725679591298103333e-02 5.049047246575355530e-02 1.817550137639045715e-02 1.015319488942623138e-02 7.133278995752334595e-03 3.896366804838180542e-02 4.672534763813018799e-02 2.537114545702934265e-02 7.343276869505643845e-03 1.683781668543815613e-02 3.694219514727592468e-02 5.297751704347319901e-05 3.132090717554092407e-02 1.146382372826337814e-02 4.734364151954650879e-02 4.126950725913047791e-02 3.730282559990882874e-02 2.977549843490123749e-02
1.893852092325687408e-02 6.000332999974489212e-03 7.589678745716810226e-03 5.553482100367546082e-02 4.896403290331363678e-03 4.338184371590614319e-02 1.625885441899299622e-02 2.187222801148891449e-02 4.907664358615875244e-01 2.346099540591239929e-02 4.111481830477714539e-02 5.535608902573585510e-02 1.770844496786594391e-02 4.489551857113838196e-02 2.645385265350341797e-02 1.851997151970863342e-02 6.512546911835670471e-03 5.877713859081268311e-02 5.371286999434232712e-03 2.352929860353469849e-02 7.838061079382896423e-03 3.535021841526031494e-02 4.502955824136734009e-02 4.708292335271835327e-02 1.060884539037942886e-02 4.474986717104911804e-02 1.579224132001399994e-02 1.005607191473245621e-02 9.144512936472892761e-03 1.275994069874286652e-02 1.823151856660842896e-02 2.720097079873085022e-02 2.120811492204666138e-02 3.449667245149612427e-02 1.561436429619789124e-02 4.007795825600624084e-02 1.024429406970739365e-02 3.722520917654037476e-02 3.727424889802932739e-02 2.961620315909385681e-02 3.292467817664146423e-02 9.227398037910461426e-02 2.327246591448783875e-02 1.834926754236221313e-02 7.335427682846784592e-03 4.930847510695457458e-02 3.164840117096900940e-02 9.602063335478305817e-03 7.935795187950134277e-02 1.771813258528709412e-02 5.600071325898170471e-02 1.472094655036926270e-02 2.616509981453418732e-02 4.088793322443962097e-02 1.259397417306900024e-01 2.751233428716659546e-02 7.403932511806488037e-02 1.509197615087032318e-02 2.324452809989452362e-02 4.476741328835487366e-02 3.572643920779228210e-02 4.388966038823127747e-02 3.969785943627357483e-02 3.179598599672317505e-02 9.685388649813830853e-04 8.269680663943290710e-03 3.863037750124931335e-02 5.162236467003822327e-02 5.360226333141326904e-02 2.718243934214115143e-02 2.244481584057211876e-03 3.837120532989501953e-02 8.655373007059097290e-03 2.210962399840354919e-02 4.000160470604896545e-02 1.640503667294979095e-02 1.930886805057525635e-01 5.327119678258895874e-02 1.230855956673622131e-01 4.982902109622955322e-02 2.454027719795703888e-02 3.486186265945434570e-02 7.672861218452453613e-02 2.654831856489181519e-02 6.790919601917266846e-02 1.834810152649879456e-02 1.028986740857362747e-02 3.358189389109611511e-02 5.220526456832885742e-02 4.613094031810760498e-03 1.081523578613996506e-02 1.594507321715354919e-02 1.106208842247724533e-02 3.066636621952056885e-02 4.357792064547538757e-02 2.331090718507766724e-02 5.916315596550703049e-03 3.363602608442306519e-02 7.486624177545309067e-03 2.100885845720767975e-02 8.228110149502754211e-03 2.706275507807731628e-02 1.073940936475992203e-02 2.955536171793937683e-02 3.442689031362533569e-02 4.049731045961380005e-02 3.247118368744850159e-02 2.400923892855644226e-02 2.886065281927585602e-02 4.373263195157051086e-02 3.029040060937404633e-02 2.319424040615558624e-02 2.460134914144873619e-03 1.171907689422369003e-02 8.360567502677440643e-03 3.057397156953811646e-02
4.282565321773290634e-03 4.690638557076454163e-02 3.735951706767082214e-02 4.527676850557327271e-02 1.088319066911935806e-02 2.357679978013038635e-02 1.034972723573446274e-02 3.207975625991821289e-02 2.346099540591239929e-02 5.033777356147766113e-01 2.344646304845809937e-02 2.265450917184352875e-02 2.506180433556437492e-03 7.377415150403976440e-02 3.715203702449798584e-02 5.284378305077552795e-02 4.447475075721740723e-03 9.660289622843265533e-03 5.814585089683532715e-02 2.565973624587059021e-02 1.616863650269806385e-03 1.980536850169301033e-03 1.611226238310337067e-02 3.843633830547332764e-02 1.387432334013283253e-03 4.502584692090749741e-03 2.250164188444614410e-02 4.276233725249767303e-03 4.843133315443992615e-02 2.809167094528675079e-02 1.317864656448364258e-02 6.237441208213567734e-03 3.194282948970794678e-02 2.887253649532794952e-03 1.049428433179855347e-02 3.517477959394454956e-02 5.243181064724922180e-02 2.942236140370368958e-02 5.121142044663429260e-02 2.735982090234756470e-02 4.037871584296226501e-02 3.281323611736297607e-02 9.731026948429644108e-04 3.539514914155006409e-02 2.722708974033594131e-03 5.523995310068130493e-02 3.518462646752595901e-03 1.136014889925718307e-02 1.616349443793296814e-02 9.071318805217742920e-02 5.165527388453483582e-02 2.177026495337486267e-02 3.292985260486602783e-02 3.883842378854751587e-02 4.692692309617996216e-02 8.621960878372192383e-02 4.803073033690452576e-02 6.605585105717182159e-03 2.403010427951812744e-02 3.143807873129844666e-02 5.078390985727310181e-02 1.253664668183773756e-04 2.554417587816715240e-02 1.514072809368371964e-02 1.173025369644165039e-02 8.886718191206455231e-03 2.201361395418643951e-02 2.657810412347316742e-02 4.535119049251079559e-03 2.291437424719333649e-02 4.564166069030761719e-02 4.114729538559913635e-02 2.017472498118877411e-02 2.186126261949539185e-02 3.048990853130817413e-03 2.904158458113670349e-02 4.406365752220153809e-02 1.421230584383010864e-01 1.524667721241712570e-02 1.206393912434577942e-01 4.844985157251358032e-02 1.321274794463533908e-06 1.093472633510828018e-02 1.072881147265434265e-01 1.001825369894504547e-02 6.391897052526473999e-02 5.061858519911766052e-02 2.832757495343685150e-02 1.395789254456758499e-02 6.348796654492616653e-03 1.813047798350453377e-03 1.080344244837760925e-02 6.787175312638282776e-03 2.836712077260017395e-02 4.676622897386550903e-02 1.027233805507421494e-02 4.863223806023597717e-02 3.732220083475112915e-02 2.220419608056545258e-02 1.789515092968940735e-02 4.164379090070724487e-03 6.840280722826719284e-03 1.371548604220151901e-02 5.045155435800552368e-02 3.847025707364082336e-02 3.670017793774604797e-02 1.202777680009603500e-02 4.926546011120080948e-03 6.696500349789857864e-03 1.001139450818300247e-02 8.216812275350093842e-03 4.460022971034049988e-02 4.667458310723304749e-02 8.195939473807811737e-03 4.053081944584846497e-02 4.485185444355010986e-02
1.081026718020439148e-01 1.121822595596313477e-01 3.975057974457740784e-02 8.899793610908091068e-04 2.976699732244014740e-02 3.874955326318740845e-02 9.105297923088073730e-02 2.073703333735466003e-02 4.111481830477714539e-02 2.344646304845809937e-02 4.929915368556976318e-01 9.987655095756053925e-03 1.068041697144508362e-01 3.168085590004920959e-02 3.538492321968078613e-02 4.498333483934402466e-02 4.170662537217140198e-02 4.559052735567092896e-02 2.410410158336162567e-02 5.743043869733810425e-02 1.743728294968605042e-02 1.590331271290779114e-02 7.544478401541709900e-03 1.827147230505943298e-02 3.492531180381774902e-02 2.968025021255016327e-02 1.046961825340986252e-02 3.019903786480426788e-02 2.574076503515243530e-02 4.066982306540012360e-03 3.113939054310321808e-02 4.958277568221092224e-03 6.914932164363563061e-04 1.722780056297779083e-02 2.964951796457171440e-03 3.182272613048553467e-02 1.936223544180393219e-02 1.225781720131635666e-02 3.131148964166641235e-02 2.116328105330467224e-02 4.308212082833051682e-03 7.395546883344650269e-02 1.091111823916435242e-02 5.345371086150407791e-03 7.347827311605215073e-03 4.998739063739776611e-02 7.816221565008163452e-02 1.226169988512992859e-02 1.411992125213146210e-02 4.790982976555824280e-02 2.832867950201034546e-02 3.281635418534278870e-02 4.088612273335456848e-02 2.203652635216712952e-02 4.386662691831588745e-02 2.763438783586025238e-02 3.384103998541831970e-02 1.242903154343366623e-02 1.247968059033155441e-02 2.599039860069751740e-02 1.302335225045681000e-02 3.713797777891159058e-02 1.680077798664569855e-02 2.897056750953197479e-02 2.193693816661834717e-02 3.560251370072364807e-02 1.157664973288774490e-02 2.306382544338703156e-02 4.674273356795310974e-02 2.152717113494873047e-02 2.941013313829898834e-02 9.744568727910518646e-03 1.385879353620111942e-03 1.538721960969269276e-03 1.490952633321285248e-02 3.841783106327056885e-02 3.910324349999427795e-02 1.027769502252340317e-02 3.153901919722557068e-02 5.131560377776622772e-03 8.256067521870136261e-03 5.595081299543380737e-02 2.441447973251342773e-02 1.994938403367996216e-02 2.698224224150180817e-02 1.919454522430896759e-02 5.318504571914672852e-02 1.319994311779737473e-02 3.706074506044387817e-02 2.573488513007760048e-03 1.126107294112443924e-02 2.164001762866973877e-02 4.404694214463233948e-02 4.967780038714408875e-02 4.730919003486633301e-02 3.506927564740180969e-02 9.888574481010437012e-03 3.503371402621269226e-02 2.201879583299160004e-02 1.688697002828121185e-02 6.012927275151014328e-03 9.743497706949710846e-03 3.427036106586456299e-03 1.475483551621437073e-02 1.590433414094150066e-03 3.334938362240791321e-02 4.810729250311851501e-02 1.164750289171934128e-02 2.350128255784511566e-02 5.561791732907295227e-02 2.572326175868511200e-02 5.599366035312414169e-03 3.263148292899131775e-02 4.855874180793762207e-02 1.666799187660217285e-02 3.194437921047210693e-02
4.414388537406921387e-02 1.556598395109176636e-02 3.692502900958061218e-02 5.236524622887372971e-03 6.248728837817907333e-03 4.195540025830268860e-02 4.465725645422935486e-02 7.357030175626277924e-03 5.535608902573585510e-02 2.265450917184352875e-02 9.987655095756053925e-03 5.015788078308105469e-01 4.188895982224494219e-04 1.379271894693374634e-01 6.763807963579893112e-03 1.015666872262954712e-02 1.419777236878871918e-02 1.236496120691299438e-02 4.399946704506874084e-02 3.276735544204711914e-02 3.346585109829902649e-02 1.517302077263593674e-02 1.132416911423206329e-02 2.685141190886497498e-02 3.540502116084098816e-02 1.689787022769451141e-02 2.101904340088367462e-02 1.066496372222900391e-01 3.395714238286018372e-02 1.117393150925636292e-01 1.074600685387849808e-02 1.757625676691532135e-02 1.876527443528175354e-02 4.851183295249938965e-02 3.593666851520538330e-02 5.730845499783754349e-03 2.430635318160057068e-02 4.429086670279502869e-02 2.667168446350842714e-04 1.725028082728385925e-02 1.266765221953392029e-02 1.761917769908905029e-02 4.402025789022445679e-02 2.203988842666149139e-02 6.879037618637084961e-02 6.449317932128906250e-02 2.020624466240406036e-02 4.225218668580055237e-02 9.946488775312900543e-03 3.718635067343711853e-02 2.711346838623285294e-03 1.214758679270744324e-02 2.369527332484722137e-02 1.779783330857753754e-02 3.470025025308132172e-03 2.944834157824516296e-02 1.826976798474788666e-02 5.823468789458274841e-02 7.761847227811813354e-04 9.799201972782611847e-03 3.268487006425857544e-02 1.882518641650676727e-02 1.769826002418994904e-02 3.514860570430755615e-02 2.273576892912387848e-02 4.524904489517211914e-02 5.945465061813592911e-03 9.132266044616699219e-03 7.607617881149053574e-04 1.577157154679298401e-02 6.648755073547363281e-02 3.929085657000541687e-02 3.240429982542991638e-02 1.233978569507598877e-02 3.302845731377601624e-02 2.466998808085918427e-02 3.784699738025665283e-02 2.793342992663383484e-02 3.534233942627906799e-02 8.058142848312854767e-03 2.242508708150126040e-05 2.209352562204003334e-03 2.822264470160007477e-02 1.451469026505947113e-02 8.455160073935985565e-03 5.585514008998870850e-02 1.842453144490718842e-02 1.319346949458122253e-02 2.280706726014614105e-02 9.884130954742431641e-02 4.646032582968473434e-03 5.973670631647109985e-03 1.670530810952186584e-02 5.737320706248283386e-02 1.149452757090330124e-02 1.431294158101081848e-02 3.925962373614311218e-02 6.485311314463615417e-03 4.681921377778053284e-02 5.022991448640823364e-02 2.408509328961372375e-02 2.490582317113876343e-02 2.580963261425495148e-02 7.823685184121131897e-03 2.794942446053028107e-02 1.149544771760702133e-02 3.087091445922851562e-02 1.381579786539077759e-02 6.757268216460943222e-03 7.524265674874186516e-04 2.082212455570697784e-02 3.035880625247955322e-02 2.289598248898983002e-02 3.025479242205619812e-02 7.874977774918079376e-03 3.962938860058784485e-02
7.148211356252431870e-03 1.503157764673233032e-01 3.063815645873546600e-02 3.427748382091522217e-02 4.259087145328521729e-03 2.992708608508110046e-02 5.921262130141258240e-02 1.816622540354728699e-02 1.770844496786594391e-02 2.506180433556437492e-03 1.068041697144508362e-01 4.188895982224494219e-04 4.899699091911315918e-01 3.731236606836318970e-02 4.305410757660865784e-02 4.582032933831214905e-02 2.267161756753921509e-02 2.269078232347965240e-02 2.099929377436637878e-02 5.142651498317718506e-02 2.752392366528511047e-02 6.613551173359155655e-03 8.136729709804058075e-03 2.753684110939502716e-02 1.912944205105304718e-02 2.305708639323711395e-02 3.687017783522605896e-02 4.666481167078018188e-02 2.620602771639823914e-02 1.319224480539560318e-03 4.607297852635383606e-02 3.073455952107906342e-02 2.357143722474575043e-02 2.253283560276031494e-02 8.939225226640701294e-04 1.952637732028961182e-02 1.833407208323478699e-02 8.449216373264789581e-03 5.244227871298789978e-02 2.761703357100486755e-02 1.471174135804176331e-02 6.236113607883453369e-03 2.040715888142585754e-02 2.806131541728973389e-02 2.922735735774040222e-02 4.640585929155349731e-02 2.982184104621410370e-02 5.149601027369499207e-02 6.329837255179882050e-03 2.943809889256954193e-02 1.670747809112071991e-02 1.537376176565885544e-02 1.999668590724468231e-02 1.322087948210537434e-03 3.009550645947456360e-02 4.392836987972259521e-02 3.396461531519889832e-02 4.950707033276557922e-02 3.312427783384919167e-03 9.994889609515666962e-03 4.817583598196506500e-03 4.353922978043556213e-02 1.279493141919374466e-02 3.124301321804523468e-03 2.459080517292022705e-02 1.067212074995040894e-01 1.673492044210433960e-02 2.760238200426101685e-02 4.779318720102310181e-02 4.180524125695228577e-02 3.028978034853935242e-02 4.024405032396316528e-02 2.295698970556259155e-02 2.988748438656330109e-02 1.717784442007541656e-02 4.203019663691520691e-02 4.356447607278823853e-02 4.141270369291305542e-02 1.681987545453011990e-03 2.950374595820903778e-02 2.527209185063838959e-02 2.960709668695926666e-02 4.595845565199851990e-02 4.185992479324340820e-02 2.111691050231456757e-02 3.824414685368537903e-02 8.044501766562461853e-03 2.281895466148853302e-02 3.695492446422576904e-02 1.601049676537513733e-03 3.818755596876144409e-02 8.624491281807422638e-03 2.059039659798145294e-02 2.280243299901485443e-02 3.002878092229366302e-02 2.292714826762676239e-02 7.863884791731834412e-03 2.726841345429420471e-02 1.534656807780265808e-02 1.211893092840909958e-02 4.389641806483268738e-03 1.316273398697376251e-02 1.256594806909561157e-02 7.435608189553022385e-03 1.857536844909191132e-02 1.905618980526924133e-02 2.197974547743797302e-02 1.485918741673231125e-02 2.014702931046485901e-02 7.178585510700941086e-03 3.821222111582756042e-02 1.459432207047939301e-02 3.053797991015017033e-04 4.500925540924072266e-02 2.937029115855693817e-02 2.390472777187824249e-02
