5.917937755584716797e-01 3.747966513037681580e-02 3.240315243601799011e-02 1.276813261210918427e-02 2.121852338314056396e-02 4.895697161555290222e-02 4.651431366801261902e-02 2.649420872330665588e-02 3.766880184412002563e-02 4.435123503208160400e-02 4.173952341079711914e-02 3.845420107245445251e-02 4.499984905123710632e-02 1.645257137715816498e-02 1.500857528299093246e-02 7.920337375253438950e-04 1.554136350750923157e-02 3.904428705573081970e-02 2.618310786783695221e-02 4.070827271789312363e-03 1.476484700106084347e-03 1.007737684994935989e-02 2.327896654605865479e-03 7.734040264040231705e-03 1.103802490979433060e-02 5.804781801998615265e-03 1.147720497101545334e-02 4.865454509854316711e-03 1.755800843238830566e-02 7.787315640598535538e-03 7.994187064468860626e-03 1.964671770110726357e-03 7.754812249913811684e-04 4.927803762257099152e-03 5.351203493773937225e-03 1.108684763312339783e-02 4.849842283874750137e-03 6.533182226121425629e-03 3.361335024237632751e-02 9.681846015155315399e-03 8.280528709292411804e-03 4.363215412013232708e-04 1.265080273151397705e-02 4.124892875552177429e-02 1.971582509577274323e-02 1.941658323630690575e-03 5.104588717222213745e-02 2.671957574784755707e-02 2.924143045675009489e-04 1.399165578186511993e-02 2.163078449666500092e-02 1.450100354850292206e-02 1.199653139337897301e-03 2.204577066004276276e-02 1.218129321932792664e-02 1.049260701984167099e-02 1.024918723851442337e-02 3.024631552398204803e-02 8.418077602982521057e-03 1.612986624240875244e-02 7.441186811774969101e-03 1.396713219583034515e-02 2.300110878422856331e-03 2.023172378540039062e-02 8.957764133810997009e-03 1.712988130748271942e-02 1.043367758393287659e-02 1.580220274627208710e-02 1.943085715174674988e-02 6.541278213262557983e-03 2.356823161244392395e-02 8.246243000030517578e-03 6.187036633491516113e-03 1.573420874774456024e-02 4.814586136490106583e-03 4.565950017422437668e-03 1.646518334746360779e-02 3.111236356198787689e-02 4.112687706947326660e-02 3.425199910998344421e-02 3.702523186802864075e-02 4.308551922440528870e-02 3.136372193694114685e-03 2.091002464294433594e-02 1.672210544347763062e-02 1.806322857737541199e-02 4.992834292352199554e-03 1.251772325485944748e-02 3.086702525615692139e-02 3.278323262929916382e-02 2.405448444187641144e-02 5.325546488165855408e-03 2.352008596062660217e-03 5.765201523900032043e-03 1.453373767435550690e-02 3.110927715897560120e-02 8.442964404821395874e-03 1.649265363812446594e-02 4.859369073528796434e-04 1.053929445333778858e-03 6.635949481278657913e-03 5.167730618268251419e-03 5.102744325995445251e-03 1.098807342350482941e-02 1.401596469804644585e-03 7.764694746583700180e-03 1.349953934550285339e-02 7.707916200160980225e-03 1.247300824616104364e-04 2.690272219479084015e-02 4.608375206589698792e-02 7.376738823950290680e-03 4.309884738177061081e-03 1.117450650781393051e-02 4.231226816773414612e-02 1.180427055805921555e-02
3.747966513037681580e-02 5.905392169952392578e-01 2.923303283751010895e-02 5.744392983615398407e-03 1.001214236021041870e-02 3.853998705744743347e-02 4.911863431334495544e-02 3.939808905124664307e-02 4.533985629677772522e-02 4.391575977206230164e-02 1.748361624777317047e-02 3.397399187088012695e-02 4.354258999228477478e-02 4.246453288942575455e-03 2.904079854488372803e-02 1.501667778939008713e-02 1.303577423095703125e-02 4.827872291207313538e-02 9.192627854645252228e-03 4.267025273293256760e-03 1.284663216210901737e-03 5.824494641274213791e-03 2.122403867542743683e-02 2.401104755699634552e-02 2.246087789535522461e-02 2.324070781469345093e-02 4.057556390762329102e-02 4.753792285919189453e-02 1.266997214406728745e-02 3.031297586858272552e-02 7.602878380566835403e-03 2.691832371056079865e-03 5.260315258055925369e-03 5.764967296272516251e-03 1.064835954457521439e-02 5.094206891953945160e-03 2.243062946945428848e-03 6.570780649781227112e-03 2.644811570644378662e-02 2.297625876963138580e-02 1.375796925276517868e-02 6.253886036574840546e-03 1.582014374434947968e-02 7.604476995766162872e-03 9.843658190220594406e-04 5.617668386548757553e-03 3.438723832368850708e-02 2.149435877799987793e-02 1.351836882531642914e-02 7.044549565762281418e-03 7.736194878816604614e-03 4.356032703071832657e-03 1.682688482105731964e-02 3.893311694264411926e-02 6.411679554730653763e-03 4.854667931795120239e-03 1.013120077550411224e-02 7.798860315233469009e-03 3.476913087069988251e-03 6.085682194679975510e-03 9.358897805213928223e-03 1.425680425018072128e-02 1.265691965818405151e-02 4.695611074566841125e-03 2.310583181679248810e-02 5.301114171743392944e-03 1.410855166614055634e-02 1.173621322959661484e-02 5.671254824846982956e-03 3.484908491373062134e-02 3.021313808858394623e-03 2.745781652629375458e-02 8.335018530488014221e-03 1.121890172362327576e-02 1.260033622384071350e-02 1.342966780066490173e-02 2.394970320165157318e-02 3.664100915193557739e-02 4.192349314689636230e-02 3.986178711056709290e-02 3.227733075618743896e-02 2.958642132580280304e-02 6.467178463935852051e-03 1.977433077991008759e-02 2.027454599738121033e-02 2.142440341413021088e-02 1.293520350009202957e-02 2.424070052802562714e-02 2.473066933453083038e-02 4.235119372606277466e-02 9.699998423457145691e-03 3.131094947457313538e-02 9.002584032714366913e-03 3.617596626281738281e-02 2.020415477454662323e-02 2.520333230495452881e-02 2.091607544571161270e-03 1.627515815198421478e-02 6.077410187572240829e-03 8.875763975083827972e-03 9.505189023911952972e-03 1.206264831125736237e-02 2.017682045698165894e-02 1.593186147511005402e-02 1.062999013811349869e-02 5.440209992229938507e-03 1.182768959552049637e-02 1.963115297257900238e-02 8.531528525054454803e-03 1.336066611111164093e-02 3.744343295693397522e-02 8.438060060143470764e-03 8.267070166766643524e-03 1.498660631477832794e-02 1.186513062566518784e-02 4.314006865024566650e-02
3.240315243601799011e-02 2.923303283751010895e-02 5.576192736625671387e-01 2.735691331326961517e-02 6.567643582820892334e-02 1.238642726093530655e-02 3.845994919538497925e-02 9.904577396810054779e-03 3.301217406988143921e-02 6.846661213785409927e-03 6.166622042655944824e-03 3.444527834653854370e-02 1.561188884079456329e-02 2.865889808163046837e-03 3.350380063056945801e-02 1.396193914115428925e-02 6.090900395065546036e-03 3.512768307700753212e-03 5.715097766369581223e-03 3.653835505247116089e-02 1.439998298883438110e-02 3.580801561474800110e-02 8.911490440368652344e-03 7.080231793224811554e-03 9.897229028865695000e-04 2.006777562201023102e-02 1.228372287005186081e-02 2.773744426667690277e-02 9.151269478024914861e-05 2.684389799833297729e-02 1.216392684727907181e-02 1.518138218671083450e-02 4.075691103935241699e-03 1.903602667152881622e-02 3.115074895322322845e-02 4.057179018855094910e-02 4.024310782551765442e-02 1.404858194291591644e-02 1.135467924177646637e-02 8.632224984467029572e-03 1.594410464167594910e-02 1.413247082382440567e-02 1.131625380367040634e-02 7.000798359513282776e-04 3.696524351835250854e-02 1.278661220567300916e-04 1.385463494807481766e-02 2.854950353503227234e-02 3.716151043772697449e-02 3.256463259458541870e-02 1.929441466927528381e-02 1.781059801578521729e-02 3.799768909811973572e-02 1.303845457732677460e-02 3.118356131017208099e-02 1.155164092779159546e-02 1.029291376471519470e-02 4.658773913979530334e-02 3.181287646293640137e-02 1.241762936115264893e-02 1.116011757403612137e-02 1.924345642328262329e-02 4.342275857925415039e-02 6.153124943375587463e-02 8.489113301038742065e-03 2.635847218334674835e-02 1.221033185720443726e-02 1.862844079732894897e-02 6.811203435063362122e-03 2.780139818787574768e-02 1.402201503515243530e-02 3.610582277178764343e-02 1.295154076069593430e-02 3.398287296295166016e-02 6.520840339362621307e-03 9.769004536792635918e-04 1.520386338233947754e-02 3.756104037165641785e-02 5.768998991698026657e-03 1.698951050639152527e-02 8.232567459344863892e-02 1.033954843878746033e-01 2.584501355886459351e-02 1.549017801880836487e-02 9.254525415599346161e-03 1.274284161627292633e-02 6.657823920249938965e-03 2.611989527940750122e-02 7.295806705951690674e-02 7.041774690151214600e-02 6.141034420579671860e-03 2.159144496545195580e-03 1.675908267498016357e-02 1.374655519612133503e-03 4.012925550341606140e-02 1.185241970233619213e-03 4.910498112440109253e-02 3.560088202357292175e-02 3.809757158160209656e-02 3.197874873876571655e-02 3.166276589035987854e-02 3.214840218424797058e-02 8.971838280558586121e-03 3.011345490813255310e-02 2.194527909159660339e-02 3.360351920127868652e-02 4.008240997791290283e-02 2.779318206012248993e-02 1.436696015298366547e-02 7.250113785266876221e-02 1.487927976995706558e-03 7.741337642073631287e-03 1.458842493593692780e-02 1.542960014194250107e-02 3.085446543991565704e-02 2.086982503533363342e-02
1.276813261210918427e-02 5.744392983615398407e-03 2.735691331326961517e-02 5.922062993049621582e-01 4.577231407165527344e-02 1.148144656326621771e-04 4.187046084553003311e-03 4.597954079508781433e-02 1.398369297385215759e-02 2.054632268846035004e-02 4.958808794617652893e-02 1.291818544268608093e-02 2.734243310987949371e-02 1.398156862705945969e-02 2.673639915883541107e-02 2.917896956205368042e-02 5.743001238442957401e-04 2.833591774106025696e-02 3.757152333855628967e-02 4.409255459904670715e-02 1.977603696286678314e-02 3.977904096245765686e-02 5.124242044985294342e-03 2.439553150907158852e-03 1.840178482234477997e-02 1.691777445375919342e-02 1.203270908445119858e-02 1.783894561231136322e-02 3.347377479076385498e-02 2.388618513941764832e-02 5.037373676896095276e-02 3.672475740313529968e-02 2.283913269639015198e-02 3.841514512896537781e-02 2.875125594437122345e-02 1.937900297343730927e-02 2.107763662934303284e-03 2.736865542829036713e-02 4.327640403062105179e-03 3.370095416903495789e-02 1.208268757909536362e-02 9.488587384112179279e-04 1.819232245907187462e-03 2.377657033503055573e-02 2.901712246239185333e-02 1.614684797823429108e-02 4.873003065586090088e-02 3.636356443166732788e-02 2.445882558822631836e-02 2.674029581248760223e-02 1.496768090873956680e-02 1.153889228589832783e-03 3.399549424648284912e-02 2.877345867455005646e-02 1.297024451196193695e-02 2.034796029329299927e-02 4.230560362339019775e-02 4.213954508304595947e-02 2.181170322000980377e-02 3.152509778738021851e-02 3.235747292637825012e-02 3.708629682660102844e-02 4.081537574529647827e-02 4.081989079713821411e-02 4.892635717988014221e-02 1.520664617419242859e-02 2.498876117169857025e-02 2.586073428392410278e-02 4.671387746930122375e-02 1.523659005761146545e-02 3.898286819458007812e-02 1.668002270162105560e-02 4.916360229253768921e-02 1.550669688731431961e-02 1.908874139189720154e-02 2.357651293277740479e-02 1.497732568532228470e-02 8.542669005692005157e-03 7.333054672926664352e-03 3.395233675837516785e-02 5.602435767650604248e-02 4.374568909406661987e-02 1.878612674772739410e-02 8.067623712122440338e-03 1.809405162930488586e-03 1.548120845109224319e-02 7.916655391454696655e-03 1.407692767679691315e-02 4.960243031382560730e-02 1.180041953921318054e-02 3.168111667037010193e-02 3.384630382061004639e-02 3.478274121880531311e-02 1.328290672972798347e-03 4.385523498058319092e-03 1.399861183017492294e-02 1.466316729784011841e-02 2.043027989566326141e-02 6.043498404324054718e-03 1.421991828829050064e-02 3.325599804520606995e-02 4.300432279706001282e-02 1.696748845279216766e-02 8.841947652399539948e-03 4.565924778580665588e-02 4.402621462941169739e-02 4.950965568423271179e-02 1.126636657863855362e-02 1.788213104009628296e-02 2.813008800148963928e-02 7.133354898542165756e-03 8.973965421319007874e-03 2.964551560580730438e-03 6.964256055653095245e-03 1.504092570394277573e-02 1.963512785732746124e-02
2.121852338314056396e-02 1.001214236021041870e-02 6.567643582820892334e-02 4.577231407165527344e-02 5.856832265853881836e-01 2.685181982815265656e-02 2.612105384469032288e-02 3.173929825425148010e-02 1.104637514799833298e-02 1.291088014841079712e-02 4.799280315637588501e-02 2.692838199436664581e-02 4.772491753101348877e-02 1.804650574922561646e-02 3.684585541486740112e-02 1.472919806838035583e-02 1.977891661226749420e-03 1.077739242464303970e-02 3.984289616346359253e-02 3.872692584991455078e-02 2.977696619927883148e-02 4.011344537138938904e-02 1.503452309407293797e-03 3.251513699069619179e-03 1.008064486086368561e-02 1.789057441055774689e-02 4.066973924636840820e-02 2.045973390340805054e-02 4.185409843921661377e-02 1.089741475880146027e-02 4.001316055655479431e-02 3.839008882641792297e-02 5.257633049041032791e-03 3.924584388732910156e-02 3.863690420985221863e-02 2.399832196533679962e-02 3.377534914761781693e-03 4.490723367780447006e-03 3.673994913697242737e-02 9.481315501034259796e-03 4.349442664533853531e-03 1.877299137413501740e-02 9.444775059819221497e-03 1.658360846340656281e-02 1.550439931452274323e-02 1.464787870645523071e-03 4.877005890011787415e-02 3.552925214171409607e-02 2.130793407559394836e-02 1.200369931757450104e-02 2.618569880723953247e-02 2.894694358110427856e-02 3.428394347429275513e-02 1.694716140627861023e-02 8.367118425667285919e-03 2.536199614405632019e-02 1.303059607744216919e-02 3.764965012669563293e-02 8.449652232229709625e-03 3.474608436226844788e-02 1.719880290329456329e-02 3.017872013151645660e-02 1.042927894741296768e-02 5.844784155488014221e-02 4.695018380880355835e-02 2.272938750684261322e-02 2.077850513160228729e-02 2.196854725480079651e-02 2.346248365938663483e-02 1.531158201396465302e-02 4.179197549819946289e-02 2.848411351442337036e-02 8.507304824888706207e-03 3.457093238830566406e-02 3.820664435625076294e-02 3.810553252696990967e-02 3.353426232933998108e-02 3.836954012513160706e-02 9.827171452343463898e-03 3.040656819939613342e-02 5.263688787817955017e-02 4.305907338857650757e-02 7.426405791193246841e-03 4.628117009997367859e-02 4.542110022157430649e-03 2.229692041873931885e-02 1.771618612110614777e-02 2.555353380739688873e-02 3.184928745031356812e-02 2.689188532531261444e-02 3.877484053373336792e-02 2.693462930619716644e-02 3.288656845688819885e-02 3.147871047258377075e-02 1.151582505553960800e-02 2.886460348963737488e-02 1.569060049951076508e-02 2.777755446732044220e-02 8.351895958185195923e-03 1.001563854515552521e-02 1.309300214052200317e-02 2.339529059827327728e-02 2.829432254657149315e-03 3.016353398561477661e-02 1.347288023680448532e-02 3.438967838883399963e-02 3.111434355378150940e-02 2.021746244281530380e-03 3.163119778037071228e-02 1.860890723764896393e-02 2.601862512528896332e-02 1.049036066979169846e-02 2.539850829634815454e-04 1.415003649890422821e-02 4.405635222792625427e-02 1.081624161452054977e-02
4.895697161555290222e-02 3.853998705744743347e-02 1.238642726093530655e-02 1.148144656326621771e-04 2.685181982815265656e-02 5.750209093093872070e-01 7.999475300312042236e-02 1.987741142511367798e-02 2.396876923739910126e-02 1.486230362206697464e-02 2.606946416199207306e-02 2.677861042320728302e-02 5.795859545469284058e-02 2.746050246059894562e-02 4.032139480113983154e-02 3.926251549273729324e-03 3.485724329948425293e-02 2.667517960071563721e-02 3.313656151294708252e-02 2.094913739711046219e-03 3.810825524851679802e-03 1.911319675855338573e-03 1.057936996221542358e-02 6.200554780662059784e-03 1.101145427674055099e-02 1.344309840351343155e-02 1.137660443782806396e-02 1.115306001156568527e-02 1.451111491769552231e-02 1.245994400233030319e-02 1.110724546015262604e-02 1.473764050751924515e-02 2.540583023801445961e-03 2.315510809421539307e-02 2.157256193459033966e-02 5.083451978862285614e-03 1.161060202866792679e-02 5.385341122746467590e-03 3.410343825817108154e-02 1.876677758991718292e-02 8.970883209258317947e-04 7.164146285504102707e-03 1.785313896834850311e-02 1.628682599402964115e-03 3.424389660358428955e-02 1.027100533246994019e-02 5.662731453776359558e-02 2.383458800613880157e-02 2.288528159260749817e-02 1.563348248600959778e-02 4.456788767129182816e-03 1.052816980518400669e-03 3.475945815443992615e-02 4.080693796277046204e-02 1.408181339502334595e-02 4.382777027785778046e-03 1.308787986636161804e-02 1.115385256707668304e-02 3.497865051031112671e-02 2.044625207781791687e-02 1.037006964907050133e-03 1.141198910772800446e-02 4.641180858016014099e-03 3.141196072101593018e-02 1.667873002588748932e-03 1.933270134031772614e-02 5.104470998048782349e-03 2.014059340581297874e-03 1.937427371740341187e-02 3.462350741028785706e-02 2.225584909319877625e-02 1.974280923604965210e-02 1.003632787615060806e-02 3.053200244903564453e-02 1.747476868331432343e-02 5.863544065505266190e-03 2.114054001867771149e-02 2.014142274856567383e-02 2.707361476495862007e-03 2.685429714620113373e-02 4.139815643429756165e-02 1.917523704469203949e-02 2.009739167988300323e-02 2.014694362878799438e-02 1.349582895636558533e-02 2.856097929179668427e-02 2.336207777261734009e-02 1.367608923465013504e-02 2.782977372407913208e-02 7.837363518774509430e-03 1.070465892553329468e-02 4.283830057829618454e-03 3.301616758108139038e-03 2.977528423070907593e-02 1.524384133517742157e-02 2.629315294325351715e-02 3.939660266041755676e-02 2.791447099298238754e-03 1.317082642344757915e-04 2.193659078329801559e-03 5.328595638275146484e-03 1.317980140447616577e-02 1.357452105730772018e-02 2.355850301682949066e-03 4.547158256173133850e-02 4.118829220533370972e-02 1.442067418247461319e-02 4.465186502784490585e-03 2.733580209314823151e-02 8.663704618811607361e-03 2.223342843353748322e-02 2.520954702049493790e-03 8.097544312477111816e-03 2.006082097068428993e-03 3.077296726405620575e-02 8.473594672977924347e-03
4.651431366801261902e-02 4.911863431334495544e-02 3.845994919538497925e-02 4.187046084553003311e-03 2.612105384469032288e-02 7.999475300312042236e-02 5.832346677780151367e-01 2.552095986902713776e-02 2.967005036771297455e-02 1.881079399026930332e-03 3.359745815396308899e-02 6.116220727562904358e-03 6.484498828649520874e-02 2.589154243469238281e-02 4.662870615720748901e-02 5.536137148737907410e-03 3.329156711697578430e-02 1.809391565620899200e-02 2.157493308186531067e-02 1.363604702055454254e-02 1.683292910456657410e-02 5.726359318941831589e-03 1.269392855465412140e-02 1.656314730644226074e-02 1.737745478749275208e-02 9.202345274388790131e-03 3.480059653520584106e-02 2.199575491249561310e-02 1.800054311752319336e-02 2.550211548805236816e-02 1.691224612295627594e-02 1.317459507845342159e-03 2.466942369937896729e-02 1.935167936608195305e-03 3.068652376532554626e-02 8.989097550511360168e-03 2.601751498878002167e-02 3.182489424943923950e-03 3.265734016895294189e-02 2.451945282518863678e-02 1.098766736686229706e-02 8.111734874546527863e-03 1.292703766375780106e-02 2.710171975195407867e-02 4.433239251375198364e-02 2.943875454366207123e-02 4.927217960357666016e-02 1.674964837729930878e-02 3.392416983842849731e-02 1.279673539102077484e-02 4.261388443410396576e-03 3.216816345229744911e-03 3.172351419925689697e-02 4.680390283465385437e-02 1.892280532047152519e-03 9.169862605631351471e-03 4.662544932216405869e-03 1.429199241101741791e-02 7.051770109683275223e-03 4.497534828260540962e-04 6.633053533732891083e-03 2.114156633615493774e-02 1.048368401825428009e-02 3.421921283006668091e-02 9.576745331287384033e-03 1.373549550771713257e-02 1.311172824352979660e-02 1.059495657682418823e-02 2.354137971997261047e-02 4.255634918808937073e-02 3.199450671672821045e-02 2.145128883421421051e-02 1.083844713866710663e-02 2.001686021685600281e-02 1.049780379980802536e-02 6.029786076396703720e-03 2.150442451238632202e-02 1.826433278620243073e-02 1.567638106644153595e-02 4.509589634835720062e-03 4.363346099853515625e-02 2.772955410182476044e-02 3.354907501488924026e-03 4.642669577151536942e-03 4.390879068523645401e-03 1.416338142007589340e-02 1.653947122395038605e-02 6.570652127265930176e-03 4.330775141716003418e-02 1.253488287329673767e-02 5.548431538045406342e-03 2.663328126072883606e-02 1.259715296328067780e-02 1.220300327986478806e-03 3.417320549488067627e-02 3.546966239809989929e-02 2.900338917970657349e-02 6.791261490434408188e-03 6.967146415263414383e-03 1.405379385687410831e-03 4.181571770459413528e-03 7.460514549165964127e-03 2.070291712880134583e-02 1.333561260253190994e-02 2.800434082746505737e-02 2.043787948787212372e-02 5.838776007294654846e-03 3.232836490496993065e-03 2.493747882544994354e-02 7.342389319092035294e-03 4.119030386209487915e-02 9.084311313927173615e-04 1.409634854644536972e-02 1.313709281384944916e-02 3.144659474492073059e-02 2.709997445344924927e-02
2.649420872330665588e-02 3.939808905124664307e-02 9.904577396810054779e-03 4.597954079508781433e-02 3.173929825425148010e-02 1.987741142511367798e-02 2.552095986902713776e-02 5.634903311729431152e-01 2.145087812095880508e-03 1.438384875655174255e-02 3.396647050976753235e-02 4.087388888001441956e-02 8.359724306501448154e-04 3.700954094529151917e-02 5.496806651353836060e-02 2.328509092330932617e-02 4.205461125820875168e-03 4.210561513900756836e-02 1.882818900048732758e-02 5.027047358453273773e-03 3.010949678719043732e-02 4.194632917642593384e-02 2.490914613008499146e-02 3.380553424358367920e-02 4.020703583955764771e-02 1.634308695793151855e-02 1.564640179276466370e-02 2.492896094918251038e-02 1.330193225294351578e-02 1.483064983040094376e-02 3.516850620508193970e-02 1.390307676047086716e-02 7.535915356129407883e-04 7.793053053319454193e-03 1.161068025976419449e-02 8.822958916425704956e-03 9.020026773214340210e-03 4.282493516802787781e-02 3.342309221625328064e-02 1.739098504185676575e-02 3.675064444541931152e-02 3.764925524592399597e-02 1.037372741848230362e-02 8.280511200428009033e-02 5.019667372107505798e-02 7.354419678449630737e-03 1.274410169571638107e-02 2.570032328367233276e-02 3.985825926065444946e-02 2.728042006492614746e-02 2.066090703010559082e-02 2.011679112911224365e-02 8.637788705527782440e-03 1.865179976448416710e-03 1.814404129981994629e-02 9.222230874001979828e-03 5.738376174122095108e-03 3.252481296658515930e-02 4.647949337959289551e-02 3.038223274052143097e-02 1.911947131156921387e-02 6.430739536881446838e-03 2.854353934526443481e-02 2.697289735078811646e-02 1.552093122154474258e-02 2.101171202957630157e-02 3.377316519618034363e-02 4.942046850919723511e-02 1.007070671766996384e-02 2.270480990409851074e-02 2.601934038102626801e-02 3.722885996103286743e-02 2.727641724050045013e-02 3.103693760931491852e-02 4.229257814586162567e-03 1.134508289396762848e-02 2.261119335889816284e-02 2.242421917617321014e-02 1.992974616587162018e-02 1.270081568509340286e-02 1.051445603370666504e-01 8.318754285573959351e-02 1.755293644964694977e-02 8.254686743021011353e-02 4.014910385012626648e-02 2.013796567916870117e-02 4.201522469520568848e-02 4.022232815623283386e-02 1.602311618626117706e-02 1.285069622099399567e-02 1.482957415282726288e-02 2.257568016648292542e-02 9.249164722859859467e-03 3.883764892816543579e-02 4.659621918108314276e-04 3.659712523221969604e-02 2.600277960300445557e-02 1.399488281458616257e-02 2.887620031833648682e-02 4.122077673673629761e-02 3.350430727005004883e-02 1.285132113844156265e-02 7.032756693661212921e-04 2.336881496012210846e-02 5.162791907787322998e-02 4.786652699112892151e-02 1.388804707676172256e-02 2.985339611768722534e-02 3.900096565485000610e-02 2.563856309279799461e-03 2.221008203923702240e-02 2.473984472453594208e-02 4.076791927218437195e-02 3.778637945652008057e-02 8.496356196701526642e-03 8.901544846594333649e-03
3.766880184412002563e-02 4.533985629677772522e-02 3.301217406988143921e-02 1.398369297385215759e-02 1.104637514799833298e-02 2.396876923739910126e-02 2.967005036771297455e-02 2.145087812095880508e-03 5.855830907821655273e-01 7.603961974382400513e-02 4.128561541438102722e-02 8.939612656831741333e-02 2.275057695806026459e-02 5.584621801972389221e-02 1.867118850350379944e-02 3.830221667885780334e-02 3.226074576377868652e-02 2.340233698487281799e-02 4.141213372349739075e-02 2.912752144038677216e-02 2.243177592754364014e-02 2.994306385517120361e-02 5.452656187117099762e-03 1.213034149259328842e-02 2.173531241714954376e-02 4.382222890853881836e-02 3.690901026129722595e-02 7.559783756732940674e-02 2.082369290292263031e-02 2.795316278934478760e-02 8.867315948009490967e-03 2.452995255589485168e-02 2.637455798685550690e-02 3.869751095771789551e-02 2.486943034455180168e-03 1.938337809406220913e-03 3.532606363296508789e-02 1.095044706016778946e-02 9.642128832638263702e-03 3.140281140804290771e-02 4.492448642849922180e-02 1.132676936686038971e-02 4.694360122084617615e-02 2.831311523914337158e-02 6.034058332443237305e-02 3.691318631172180176e-02 2.859080769121646881e-02 3.069513291120529175e-02 3.095720708370208740e-02 9.053630754351615906e-03 1.458935718983411789e-02 3.294102475047111511e-02 1.057843398302793503e-02 4.253869503736495972e-02 2.636114135384559631e-03 8.208164013922214508e-03 2.945176698267459869e-02 1.930759102106094360e-02 2.579318918287754059e-02 9.684489108622074127e-03 1.603859290480613708e-02 2.852363884449005127e-02 4.058801010251045227e-02 1.549783977679908276e-03 2.978996559977531433e-02 4.260488227009773254e-02 2.427040040493011475e-02 1.668232306838035583e-02 2.196644991636276245e-02 3.913737088441848755e-02 3.035921230912208557e-02 4.289078712463378906e-02 3.196293860673904419e-02 2.208712510764598846e-02 3.005402162671089172e-02 3.867879044264554977e-03 1.103541180491447449e-01 1.052466705441474915e-01 8.398953825235366821e-02 5.434997007250785828e-02 2.681319601833820343e-02 3.347257524728775024e-02 3.593535721302032471e-02 3.849106281995773315e-02 1.301535870879888535e-03 1.750391721725463867e-02 1.752630621194839478e-02 3.153254510834813118e-03 4.364759474992752075e-02 1.948590017855167389e-02 3.318546339869499207e-02 1.492723589763045311e-03 2.175452746450901031e-02 1.632263511419296265e-02 2.581407502293586731e-02 1.078192982822656631e-02 2.381691709160804749e-02 1.546861976385116577e-02 1.175405830144882202e-02 5.300036631524562836e-03 3.586766496300697327e-02 3.469265252351760864e-02 3.398525342345237732e-02 2.679561823606491089e-02 1.625074632465839386e-02 3.382791206240653992e-02 1.543644000776112080e-03 1.007315982133150101e-02 7.728495635092258453e-03 2.445539459586143494e-03 4.606819711625576019e-03 4.228954389691352844e-02 3.123624250292778015e-02 2.846630476415157318e-02 2.368129044771194458e-02 3.884819895029067993e-02
4.435123503208160400e-02 4.391575977206230164e-02 6.846661213785409927e-03 2.054632268846035004e-02 1.291088014841079712e-02 1.486230362206697464e-02 1.881079399026930332e-03 1.438384875655174255e-02 7.603961974382400513e-02 5.970605611801147461e-01 4.607236385345458984e-02 6.148497760295867920e-02 4.097314551472663879e-02 5.722219496965408325e-02 4.131556674838066101e-02 1.779144071042537689e-02 5.570609122514724731e-02 6.399793177843093872e-02 1.172943562269210815e-01 2.654356509447097778e-02 1.836119964718818665e-02 9.160903282463550568e-03 8.567478507757186890e-03 2.330321818590164185e-03 3.290137648582458496e-02 3.885220736265182495e-02 2.721738629043102264e-02 4.773859865963459015e-03 4.894372075796127319e-03 2.771539054811000824e-02 1.772124879062175751e-02 4.761430993676185608e-02 2.267578616738319397e-03 4.004972428083419800e-02 5.064099654555320740e-02 2.968315035104751587e-02 1.976119913160800934e-02 2.520438656210899353e-02 9.547251276671886444e-03 2.502551302313804626e-02 3.715862706303596497e-02 1.080385036766529083e-02 3.738922998309135437e-02 2.601952850818634033e-02 8.665236830711364746e-02 8.289849013090133667e-02 3.960883244872093201e-02 2.298427186906337738e-02 5.234555806964635849e-03 4.077214747667312622e-02 3.105943836271762848e-02 4.617937281727790833e-02 1.632884517312049866e-02 7.773828692734241486e-03 3.762423619627952576e-02 3.613112121820449829e-02 1.834543235599994659e-02 1.296902727335691452e-02 3.147414419800043106e-03 3.194218501448631287e-02 3.406618162989616394e-02 2.002417668700218201e-02 2.094412967562675476e-02 4.765759035944938660e-02 1.450902596116065979e-02 3.214055672287940979e-02 3.653269261121749878e-02 3.237106651067733765e-02 2.175009064376354218e-02 1.649671792984008789e-02 3.142679110169410706e-02 9.093613363802433014e-03 4.811931774020195007e-02 3.037727624177932739e-02 4.143941402435302734e-02 8.324719034135341644e-03 4.820273071527481079e-02 9.612193703651428223e-02 1.016366481781005859e-01 1.016404554247856140e-01 1.008857041597366333e-02 2.443822659552097321e-02 4.156200215220451355e-02 1.013811081647872925e-01 1.459680870175361633e-02 8.080157451331615448e-03 1.418346259742975235e-02 1.934346184134483337e-02 3.174634650349617004e-02 7.431308925151824951e-02 1.369723957031965256e-02 2.611097134649753571e-02 1.384164113551378250e-02 2.122349664568901062e-02 4.115140438079833984e-02 2.316637896001338959e-02 6.290233880281448364e-02 3.891242435202002525e-03 4.614784568548202515e-02 2.681273780763149261e-02 3.769265860319137573e-02 2.261255867779254913e-02 3.817749023437500000e-02 2.879846096038818359e-02 1.751348003745079041e-02 8.129646070301532745e-03 1.126147923059761524e-03 6.643685628660023212e-04 1.829722523689270020e-02 3.019744902849197388e-02 1.281445939093828201e-02 4.627808928489685059e-02 1.572072692215442657e-02 1.059400849044322968e-02 4.412929061800241470e-03 2.695904672145843506e-02
4.173952341079711914e-02 1.748361624777317047e-02 6.166622042655944824e-03 4.958808794617652893e-02 4.799280315637588501e-02 2.606946416199207306e-02 3.359745815396308899e-02 3.396647050976753235e-02 4.128561541438102722e-02 4.607236385345458984e-02 5.927694439888000488e-01 3.712863475084304810e-02 4.218704998493194580e-02 4.097365215420722961e-02 2.215655334293842316e-02 2.274811081588268280e-02 3.751150891184806824e-02 2.205007150769233704e-02 3.836047276854515076e-02 2.252195775508880615e-02 1.135156676173210144e-02 2.015569806098937988e-02 1.145533844828605652e-02 2.490625483915209770e-03 6.522530689835548401e-03 1.709980517625808716e-02 1.132988487370312214e-03 7.484825793653726578e-03 1.770430058240890503e-02 1.602964103221893311e-02 8.264424279332160950e-03 2.139008976519107819e-02 1.660923101007938385e-02 2.497421391308307648e-02 2.323054894804954529e-02 4.817455774173140526e-04 6.846191361546516418e-03 7.978208013810217381e-04 1.333094574511051178e-02 1.360344979912042618e-02 5.446688737720251083e-03 6.540717440657317638e-04 3.202023683115839958e-03 8.582743816077709198e-03 2.563748508691787720e-02 1.966578187420964241e-03 4.330415651202201843e-02 1.796865276992321014e-02 4.433676134794950485e-03 4.049483686685562134e-03 2.125626057386398315e-02 2.271035686135292053e-02 4.540402442216873169e-03 1.426903903484344482e-02 3.006151877343654633e-02 2.121656201779842377e-02 2.883066982030868530e-02 4.564221948385238647e-02 3.052167780697345734e-02 1.919849030673503876e-02 1.617182977497577667e-02 2.444007992744445801e-02 3.593689948320388794e-02 4.648688063025474548e-02 2.041785977780818939e-02 1.410521101206541061e-02 1.767411455512046814e-02 2.109115757048130035e-02 3.557813167572021484e-02 6.122955121099948883e-03 4.749837517738342285e-02 4.340976942330598831e-03 3.281670436263084412e-02 1.147189084440469742e-02 3.683157265186309814e-02 2.759241499006748199e-02 2.197059802711009979e-02 3.273599222302436829e-02 4.587218165397644043e-02 3.667183965444564819e-02 1.429336704313755035e-02 1.888988725841045380e-02 4.976786207407712936e-03 1.518929935991764069e-02 9.296815842390060425e-03 1.395551720634102821e-03 2.227456681430339813e-02 1.354541908949613571e-02 2.965478226542472839e-03 5.000340752303600311e-03 2.098711580038070679e-02 1.267691794782876968e-02 4.869442433118820190e-03 1.727064698934555054e-02 1.325003523379564285e-02 1.420189510099589825e-03 2.214906923472881317e-02 3.715846315026283264e-02 1.096169929951429367e-03 1.436377409845590591e-03 2.045589499175548553e-02 2.027359418570995331e-02 7.713348139077425003e-03 2.339003980159759521e-02 2.851143293082714081e-02 5.545231048017740250e-03 2.530548535287380219e-02 1.398280612193048000e-03 2.881156839430332184e-02 3.366937860846519470e-02 2.278228849172592163e-02 1.532060001045465469e-02 8.047234266996383667e-03 5.775154568254947662e-03 2.501866407692432404e-02 3.012016415596008301e-02
3.845420107245445251e-02 3.397399187088012695e-02 3.444527834653854370e-02 1.291818544268608093e-02 2.692838199436664581e-02 2.677861042320728302e-02 6.116220727562904358e-03 4.087388888001441956e-02 8.939612656831741333e-02 6.148497760295867920e-02 3.712863475084304810e-02 5.867017507553100586e-01 2.402287907898426056e-02 1.038419157266616821e-01 2.130154334008693695e-02 1.911948807537555695e-02 2.176731824874877930e-02 4.360175132751464844e-02 1.316921692341566086e-02 2.844468690454959869e-02 2.765386924147605896e-02 2.278091572225093842e-02 3.651309013366699219e-02 3.332862863317131996e-03 3.927766159176826477e-02 4.292729869484901428e-02 1.918801479041576385e-02 6.134696304798126221e-02 2.244584634900093079e-02 5.270925164222717285e-02 1.007508300244808197e-02 4.372943565249443054e-02 3.566365316510200500e-02 3.611592575907707214e-02 2.789600752294063568e-02 1.759273698553442955e-03 1.727136783301830292e-02 8.291952311992645264e-03 3.712915256619453430e-02 2.238070406019687653e-02 4.241869226098060608e-02 2.629456482827663422e-02 4.473198205232620239e-02 2.407578378915786743e-02 5.261608213186264038e-02 4.288285225629806519e-02 4.262547194957733154e-02 4.920199140906333923e-02 2.189393155276775360e-02 1.074806507676839828e-02 1.009603496640920639e-02 2.720595337450504303e-02 9.948267601430416107e-03 1.073190569877624512e-02 2.990996930748224258e-03 1.839002035558223724e-02 3.930699080228805542e-02 4.187040030956268311e-02 1.220303121954202652e-02 3.182893618941307068e-02 4.531735088676214218e-03 7.936953566968441010e-03 2.320464700460433960e-02 2.820339053869247437e-02 6.632329896092414856e-03 2.858350425958633423e-02 3.417564556002616882e-02 1.964920386672019958e-02 2.801897469907999039e-03 2.025753259658813477e-02 6.812566425651311874e-04 1.130232680588960648e-02 3.947388008236885071e-02 1.184115093201398849e-02 3.402699530124664307e-02 1.936183869838714600e-02 6.260086596012115479e-02 6.738740950822830200e-02 7.375932484865188599e-02 6.819544732570648193e-02 1.703068986535072327e-02 2.294884249567985535e-02 4.182969033718109131e-02 1.649394817650318146e-02 1.728966645896434784e-02 1.503946725279092789e-02 3.406517673283815384e-03 8.752147667109966278e-03 5.137184262275695801e-02 6.563769280910491943e-02 2.530496940016746521e-02 4.355676937848329544e-03 3.985954448580741882e-03 4.195942357182502747e-02 9.929025545716285706e-03 1.358784036710858345e-03 2.275056950747966766e-02 1.653703488409519196e-02 3.215789049863815308e-02 3.007116168737411499e-02 3.601337969303131104e-02 2.215640805661678314e-02 2.923603355884552002e-02 3.137815371155738831e-02 4.596181213855743408e-03 2.878780849277973175e-02 1.926159951835870743e-03 7.115263957530260086e-03 1.571651548147201538e-02 7.584458217024803162e-03 1.615152135491371155e-02 4.205232113599777222e-02 2.849268913269042969e-02 2.688495069742202759e-02 9.506146423518657684e-03 4.823187738656997681e-02
4.499984905123710632e-02 4.354258999228477478e-02 1.561188884079456329e-02 2.734243310987949371e-02 4.772491753101348877e-02 5.795859545469284058e-02 6.484498828649520874e-02 8.359724306501448154e-04 2.275057695806026459e-02 4.097314551472663879e-02 4.218704998493194580e-02 2.402287907898426056e-02 5.847512483596801758e-01 9.394881315529346466e-03 7.618082454428076744e-04 8.409895934164524078e-03 1.669985614717006683e-02 3.234225884079933167e-02 4.003595560789108276e-02 1.904366165399551392e-02 1.255268137902021408e-02 6.514355074614286423e-03 2.130277687683701515e-03 6.988111883401870728e-03 1.000019256025552750e-02 8.180931210517883301e-03 3.981308266520500183e-02 1.176857016980648041e-02 8.706790395081043243e-03 2.522360719740390778e-02 2.720952266827225685e-03 9.027061052620410919e-03 1.582955941557884216e-02 1.387136243283748627e-02 2.522872388362884521e-02 7.334806490689516068e-03 2.705554943531751633e-03 5.809594411402940750e-03 1.385223027318716049e-02 1.845573633909225464e-02 8.596320636570453644e-03 5.245576146990060806e-03 1.609692815691232681e-03 2.624906599521636963e-02 3.041050024330615997e-02 7.165807764977216721e-03 5.736834555864334106e-02 1.569872163236141205e-02 2.826767228543758392e-02 1.415005978196859360e-02 5.632647313177585602e-03 7.159385364502668381e-03 6.047998089343309402e-03 2.323965169489383698e-02 2.347767585888504982e-03 7.097338326275348663e-03 1.625236682593822479e-02 4.748185351490974426e-02 2.123504132032394409e-02 1.700269989669322968e-02 7.050738669931888580e-03 1.814438030123710632e-02 2.476637810468673706e-02 3.529793769121170044e-02 1.063171401619911194e-02 2.315080165863037109e-02 1.009212993085384369e-02 1.267269719392061234e-02 1.525279507040977478e-02 3.159860894083976746e-02 1.985498331487178802e-02 2.248318865895271301e-02 1.907915621995925903e-02 3.576330374926328659e-03 2.064567804336547852e-02 2.871491387486457825e-02 2.138112299144268036e-02 4.152648150920867920e-02 8.891033008694648743e-03 4.714995250105857849e-02 3.385385265573859215e-03 1.938673295080661774e-02 3.422435745596885681e-02 1.836190745234489441e-02 9.065311169251799583e-04 1.463072933256626129e-02 1.016845740377902985e-02 4.165985621511936188e-03 1.361624617129564285e-02 2.316774427890777588e-02 1.860238239169120789e-02 2.525548078119754791e-02 7.500491105020046234e-03 1.116779353469610214e-02 9.837201796472072601e-03 8.108644746243953705e-03 2.831484936177730560e-02 3.779773414134979248e-02 3.032738342881202698e-03 7.767564617097377777e-03 4.469511564821004868e-03 7.224833127111196518e-03 3.183544427156448364e-02 3.736612945795059204e-02 1.846153405494987965e-03 3.430092474445700645e-03 5.261235055513679981e-04 6.338742561638355255e-03 4.728535655885934830e-03 1.587502099573612213e-02 3.225113824009895325e-02 1.314764097332954407e-02 7.853935472667217255e-03 4.395414143800735474e-03 3.336051478981971741e-02 3.697370737791061401e-02
