5.110223293304443359e-01 7.965850830078125000e-02 1.461579580791294575e-03 1.667785085737705231e-02 4.944046493619680405e-03 4.975329712033271790e-02 4.461225122213363647e-02 1.931586419232189655e-03 3.988658264279365540e-02 2.830990415532141924e-04 6.992217898368835449e-02 1.633503125049173832e-03 5.176776647567749023e-02 1.912896707653999329e-02 1.458610035479068756e-02 5.444179847836494446e-02 4.554645717144012451e-02 3.459157049655914307e-02 3.134192898869514465e-03 1.417651399970054626e-02 2.478822134435176849e-02 2.696059644222259521e-02 1.694607548415660858e-02 1.955378241837024689e-02 2.423980087041854858e-02 1.552684232592582703e-02 6.130967289209365845e-03 1.905380003154277802e-02 1.716613210737705231e-02 3.293454647064208984e-02 9.859045036137104034e-03 3.914242610335350037e-02 3.135130181908607483e-02 2.716663107275962830e-02 1.786191761493682861e-02 3.702221810817718506e-02 3.710619732737541199e-02 1.213546260260045528e-03 1.564526557922363281e-02 2.881877124309539795e-03 7.008440792560577393e-03 3.006538562476634979e-02 2.014459110796451569e-03 2.012110128998756409e-02 1.477983873337507248e-02 1.977888308465480804e-02 2.995082549750804901e-02 3.420322388410568237e-02 4.419197142124176025e-02 1.584738492965698242e-02 2.917026355862617493e-02 1.529543567448854446e-02 1.656130142509937286e-02 1.174738979898393154e-03 4.492920637130737305e-02 6.482190452516078949e-03 8.195934817194938660e-03 2.796920016407966614e-03 6.708791479468345642e-03 1.567761413753032684e-02 3.680389374494552612e-02 1.145570306107401848e-03 2.618473209440708160e-02 2.384868264198303223e-02 2.172214910387992859e-02 2.822349406778812408e-02 3.551909700036048889e-02 1.996099762618541718e-02 1.661065034568309784e-02 4.760731477290391922e-03 2.863515727221965790e-02 6.362796993926167488e-04 1.511079166084527969e-02 2.832361264154314995e-03 9.059661999344825745e-03 2.183175273239612579e-02 4.247401282191276550e-02 9.547685272991657257e-03 2.713482826948165894e-02 2.064165659248828888e-02 3.433888487052172422e-04 2.621171437203884125e-02 1.651172153651714325e-02 3.337701549753546715e-03 6.625262554734945297e-03 1.574014499783515930e-02 1.008975412696599960e-02 8.017648011445999146e-03 6.305388174951076508e-03 2.485606074333190918e-02 1.526276953518390656e-02 1.420804299414157867e-02 1.302666775882244110e-02 3.041925607249140739e-03 3.964419662952423096e-02 1.428297441452741623e-02 7.547642569988965988e-03 2.334252372384071350e-02 2.350860089063644409e-02 1.235841587185859680e-02 2.663773111999034882e-02 1.412954181432723999e-02 1.012368872761726379e-02 1.412684796378016472e-03 2.714864537119865417e-02 2.775639761239290237e-03 9.074535220861434937e-03 3.363846242427825928e-02 2.755137626081705093e-03 6.157224997878074646e-03 1.469696592539548874e-02 1.169680763268843293e-04 3.706782683730125427e-02 5.550613626837730408e-03 9.583823382854461670e-03 2.719529345631599426e-02
7.965850830078125000e-02 5.065668821334838867e-01 4.481619398575276136e-04 5.369330756366252899e-03 1.595978252589702606e-02 5.343504250049591064e-02 5.354694649577140808e-02 1.892549451440572739e-03 4.978554323315620422e-02 6.664969259873032570e-04 6.260397285223007202e-02 2.461700467392802238e-03 5.952826142311096191e-02 2.988929860293865204e-02 5.068553611636161804e-03 4.510850831866264343e-02 3.171074762940406799e-02 2.161256782710552216e-02 1.760897599160671234e-02 1.788305118680000305e-02 2.207257412374019623e-02 2.705083601176738739e-02 6.908919895067811012e-04 1.020668912678956985e-02 1.361595280468463898e-02 7.762695197016000748e-03 2.200405113399028778e-03 1.336182095110416412e-02 1.760902255773544312e-02 2.497339434921741486e-02 7.605854887515306473e-03 4.046275839209556580e-02 4.105440899729728699e-02 2.227232791483402252e-02 1.149490568786859512e-02 3.416582569479942322e-02 3.584719076752662659e-02 8.463646285235881805e-03 2.084411866962909698e-02 6.813410203903913498e-03 1.547779981046915054e-02 3.514275699853897095e-02 6.351492833346128464e-03 9.968245401978492737e-03 1.689049974083900452e-02 1.724814623594284058e-02 2.425622940063476562e-02 3.696861490607261658e-02 4.236147180199623108e-02 3.451865399256348610e-03 2.766976132988929749e-02 1.867414638400077820e-02 3.283664584159851074e-02 2.709796419367194176e-03 4.659610614180564880e-02 4.780816845595836639e-03 3.795524826273322105e-03 5.135633982717990875e-03 2.335316687822341919e-02 1.766619458794593811e-02 3.198584541678428650e-02 7.934759370982646942e-03 2.691796794533729553e-02 3.503291681408882141e-02 2.255742438137531281e-02 2.137868478894233704e-02 3.717575967311859131e-02 1.695339754223823547e-02 2.188508212566375732e-02 1.311459345743060112e-03 3.152435645461082458e-02 8.158549666404724121e-03 1.474936492741107941e-02 3.872114233672618866e-03 2.810252830386161804e-03 1.580202393233776093e-02 4.779125377535820007e-02 7.729013916105031967e-03 3.384112939238548279e-02 2.245475538074970245e-02 6.080124527215957642e-03 2.967200614511966705e-02 2.534662559628486633e-02 1.038008928298950195e-02 3.139403881505131721e-03 1.890773139894008636e-02 2.469635102897882462e-03 3.436776809394359589e-03 1.408176962286233902e-02 2.414906211197376251e-02 2.405610866844654083e-02 6.740306038409471512e-03 1.924411579966545105e-02 3.756816266104578972e-03 4.413757473230361938e-02 5.164088681340217590e-03 2.501214330550283194e-04 1.520808972418308258e-02 1.987037621438503265e-02 3.254545619711279869e-03 1.218651607632637024e-02 5.109456833451986313e-03 1.298724557273089886e-03 9.579938836395740509e-03 5.729080643504858017e-03 2.518974652048200369e-04 1.064278837293386459e-02 4.028244316577911377e-02 9.153795428574085236e-03 4.831499420106410980e-03 3.553598653525114059e-04 9.163632988929748535e-03 4.357836022973060608e-02 1.084946678020060062e-03 1.831492967903614044e-02 3.029298223555088043e-02
1.461579580791294575e-03 4.481619398575276136e-04 4.676412642002105713e-01 1.956803753273561597e-04 8.719802717678248882e-04 7.818701677024364471e-03 2.586159622296690941e-03 9.590837359428405762e-02 1.044784393161535263e-02 6.755223497748374939e-03 2.243895828723907471e-02 3.168382123112678528e-02 1.583443023264408112e-02 1.833603903651237488e-02 3.901505470275878906e-02 6.292894016951322556e-03 2.551407320424914360e-03 2.727596461772918701e-02 2.018253132700920105e-02 6.296249106526374817e-03 1.175399404019117355e-02 5.491696298122406006e-03 2.326326211914420128e-04 3.859937936067581177e-02 3.972953557968139648e-02 3.148235380649566650e-02 3.261919831857085228e-03 8.150249719619750977e-03 2.737837203312665224e-04 8.296413347125053406e-03 1.891378127038478851e-02 1.067377161234617233e-02 1.936074160039424896e-02 1.709731109440326691e-02 3.353081271052360535e-02 1.726833730936050415e-02 2.668805047869682312e-02 1.751334592700004578e-02 3.805770725011825562e-02 8.760833181440830231e-03 3.787365183234214783e-02 4.289883188903331757e-03 5.205102264881134033e-03 3.830948472023010254e-02 7.283126004040241241e-03 4.655680153518915176e-03 4.702705517411231995e-02 7.722160778939723969e-03 5.009786412119865417e-02 8.546748198568820953e-03 8.895728737115859985e-03 1.433329377323389053e-02 2.108158729970455170e-02 2.951635234057903290e-02 7.170835137367248535e-02 1.436190307140350342e-02 3.383309394121170044e-02 2.817947603762149811e-02 2.333285100758075714e-02 7.452340424060821533e-02 1.068475190550088882e-02 8.924293331801891327e-03 8.040677756071090698e-02 4.562648758292198181e-02 8.210315369069576263e-03 1.853017136454582214e-02 2.269722148776054382e-02 3.032393380999565125e-02 1.762687973678112030e-02 1.153431273996829987e-02 3.369011217728257179e-03 3.688284754753112793e-02 3.507911041378974915e-02 6.412218324840068817e-03 2.360200695693492889e-02 2.616056427359580994e-02 3.645132994279265404e-03 3.206478431820869446e-02 3.353845328092575073e-02 9.871493093669414520e-03 8.043024688959121704e-02 1.115456297993659973e-01 4.771999549120664597e-03 1.892985403537750244e-02 2.243501693010330200e-02 3.536259755492210388e-02 5.243272520601749420e-03 5.886612460017204285e-02 1.016082800924777985e-02 1.335511263459920883e-02 4.120539128780364990e-02 4.626210778951644897e-02 2.646957524120807648e-02 1.356734801083803177e-02 6.331378128379583359e-03 4.968705587089061737e-03 1.653792895376682281e-02 4.038510471582412720e-02 4.048467800021171570e-02 3.196950629353523254e-02 3.020892292261123657e-02 3.217675909399986267e-02 4.810092970728874207e-02 8.972367271780967712e-03 1.055605243891477585e-02 4.764768108725547791e-02 5.938359070569276810e-03 3.114670142531394958e-02 3.504337510094046593e-03 1.326855458319187164e-02 2.435572817921638489e-02 2.137846685945987701e-02 1.893799751996994019e-02 2.282542549073696136e-02 1.699804328382015228e-02 2.503921650350093842e-02
1.667785085737705231e-02 5.369330756366252899e-03 1.956803753273561597e-04 4.860952496528625488e-01 1.643763482570648193e-01 5.063613504171371460e-02 3.398945182561874390e-02 1.718893460929393768e-02 2.698073536157608032e-02 4.691048711538314819e-02 6.804183591157197952e-03 1.246438082307577133e-02 1.229984685778617859e-02 1.098813675343990326e-02 1.331802364438772202e-02 7.980349473655223846e-03 7.521309424191713333e-03 7.967747747898101807e-02 1.052716281265020370e-02 7.778959814459085464e-03 1.306602265685796738e-02 2.302091754972934723e-02 4.606309905648231506e-02 4.281572997570037842e-02 3.503220155835151672e-02 4.808108508586883545e-02 2.280920976772904396e-03 2.822976326569914818e-03 3.664983808994293213e-02 2.271694876253604889e-02 6.372957490384578705e-03 9.197595529258251190e-03 2.618622966110706329e-02 2.743617631494998932e-02 2.223263029009103775e-03 2.439664490520954132e-02 3.823033999651670456e-03 1.593945734202861786e-02 7.238838076591491699e-02 1.234884560108184814e-01 1.257991325110197067e-02 7.606554776430130005e-03 7.908397237770259380e-04 1.312024705111980438e-02 3.307750821113586426e-02 2.143156714737415314e-02 2.021537348628044128e-02 1.643444225192070007e-02 2.059887722134590149e-02 1.558732893317937851e-02 2.431841334328055382e-03 1.061039417982101440e-02 3.038318827748298645e-02 3.134999424219131470e-02 4.613264277577400208e-02 1.971331425011157990e-02 8.948665112257003784e-03 4.570230469107627869e-02 1.388175692409276962e-02 8.148422348313033581e-04 4.808286670595407486e-03 5.888215079903602600e-02 2.604772895574569702e-02 2.443690784275531769e-02 2.480480447411537170e-02 4.590280354022979736e-02 1.399286929517984390e-02 1.425053575076162815e-03 2.193436212837696075e-02 3.714514151215553284e-02 2.507549524307250977e-02 3.100651316344738007e-02 1.298308372497558594e-01 1.044057402759790421e-02 5.882102996110916138e-02 1.526171900331974030e-02 3.268108516931533813e-02 2.013893239200115204e-02 2.425654046237468719e-02 5.655137449502944946e-02 2.018554881215095520e-02 6.502652913331985474e-02 1.375271528959274292e-01 7.155175507068634033e-02 2.116681542247533798e-03 3.040186129510402679e-02 4.906140733510255814e-03 1.548768137581646442e-03 3.073626011610031128e-02 2.110833302140235901e-02 2.460695616900920868e-02 1.176076661795377731e-02 4.633962363004684448e-02 4.154906794428825378e-02 2.928905934095382690e-02 8.672322146594524384e-03 4.509754478931427002e-03 4.221232235431671143e-02 2.087677642703056335e-02 2.809836715459823608e-02 2.322571910917758942e-02 3.794655948877334595e-02 3.058022260665893555e-02 2.277946285903453827e-02 2.903051301836967468e-02 3.957309573888778687e-02 5.887483712285757065e-04 7.218027487397193909e-03 2.704896964132785797e-03 9.779521496966481209e-04 9.172630496323108673e-03 7.445799565175548196e-05 1.411070302128791809e-02 2.363625355064868927e-02 1.521628815680742264e-02 3.811061754822731018e-02
4.944046493619680405e-03 1.595978252589702606e-02 8.719802717678248882e-04 1.643763482570648193e-01 5.120841860771179199e-01 3.148356918245553970e-03 1.081666792742908001e-03 3.599761752411723137e-03 4.737989231944084167e-02 1.167943142354488373e-02 9.196058847010135651e-03 1.380293071269989014e-02 7.713299710303544998e-03 2.533526346087455750e-02 2.253409847617149353e-02 8.214202709496021271e-03 4.134651273488998413e-02 3.675637021660804749e-02 7.378064841032028198e-02 4.902509972453117371e-03 2.405352517962455750e-02 2.591780759394168854e-02 4.282375425100326538e-02 1.348184421658515930e-02 8.571303915232419968e-04 4.113912954926490784e-02 3.822820633649826050e-02 2.073514042422175407e-03 7.807509973645210266e-03 2.692444995045661926e-02 2.473878115415573120e-02 3.306688368320465088e-02 3.806528076529502869e-02 3.082838281989097595e-02 3.989163786172866821e-02 1.107695102691650391e-01 6.204118020832538605e-03 8.937279693782329559e-03 1.223261356353759766e-01 1.765229552984237671e-01 2.100945217534899712e-03 8.168829604983329773e-03 2.936020866036415100e-02 3.281700983643531799e-02 7.913116365671157837e-03 4.717201367020606995e-02 2.979932352900505066e-03 1.663974300026893616e-02 2.136517502367496490e-02 4.511985462158918381e-03 1.395247038453817368e-02 3.813144937157630920e-02 4.462758451700210571e-02 1.382576581090688705e-02 2.061900682747364044e-02 2.622173051349818707e-04 4.456428810954093933e-02 1.579649932682514191e-02 1.891602762043476105e-02 3.193364292383193970e-02 4.879093915224075317e-02 6.015740707516670227e-02 4.932208359241485596e-02 4.462818801403045654e-02 2.255844511091709137e-02 1.529247965663671494e-02 1.138720475137233734e-02 3.304961323738098145e-02 2.043198607861995697e-02 4.002515226602554321e-02 1.941674202680587769e-02 3.838101401925086975e-02 1.439658850431442261e-01 1.880301721394062042e-02 1.845998317003250122e-01 3.306255862116813660e-02 1.160807721316814423e-02 2.456637099385261536e-02 1.835933700203895569e-02 1.430788077414035797e-02 3.754145931452512741e-03 2.154708141461014748e-03 8.933290839195251465e-02 1.697293221950531006e-01 3.263900056481361389e-02 2.069398947060108185e-02 1.563748717308044434e-02 3.566372394561767578e-02 3.472141921520233154e-02 3.002288937568664551e-02 3.318716213107109070e-02 3.474109619855880737e-02 4.177077487111091614e-02 2.710021473467350006e-02 2.635526843369007111e-02 3.109051100909709930e-02 3.301883116364479065e-02 6.060889922082424164e-03 6.604933645576238632e-03 5.792866460978984833e-03 2.752302959561347961e-02 1.332666724920272827e-02 1.395619474351406097e-02 1.063146721571683884e-02 2.716185338795185089e-02 2.160153165459632874e-02 3.300037980079650879e-02 3.883718326687812805e-02 1.128169125877320766e-03 1.834212569519877434e-03 3.491998463869094849e-02 2.599366568028926849e-02 9.568216046318411827e-04 2.724710479378700256e-02 3.624706342816352844e-02 3.116997145116329193e-02
4.975329712033271790e-02 5.343504250049591064e-02 7.818701677024364471e-03 5.063613504171371460e-02 3.148356918245553970e-03 5.100961923599243164e-01 6.208915263414382935e-02 5.969760473817586899e-03 2.355911582708358765e-02 2.982156816869974136e-03 4.082087799906730652e-02 1.221086364239454269e-02 2.889556065201759338e-02 2.825732715427875519e-02 1.574428193271160126e-02 4.308170825242996216e-02 3.994576632976531982e-02 4.225202649831771851e-02 1.146389916539192200e-02 4.440044239163398743e-02 1.448857225477695465e-02 4.628373775631189346e-03 1.465708250179886818e-03 1.899243332445621490e-02 3.723929077386856079e-02 1.350371912121772766e-02 1.168800634332001209e-03 6.544955540448427200e-03 1.518705394119024277e-02 1.088840421289205551e-02 7.752168457955121994e-03 4.772033914923667908e-02 2.403527498245239258e-02 2.019790187478065491e-02 6.225789897143840790e-03 2.114825695753097534e-02 3.013283573091030121e-02 1.711594499647617340e-02 1.346583757549524307e-02 2.394878678023815155e-02 3.068617358803749084e-02 1.525317039340734482e-02 1.087878644466400146e-02 2.227228134870529175e-03 3.116793558001518250e-02 1.167006045579910278e-02 5.414917692542076111e-02 4.482492059469223022e-02 3.892233595252037048e-02 1.220342516899108887e-02 1.336322631686925888e-02 5.782941356301307678e-03 4.130402207374572754e-02 1.357565727084875107e-02 5.102416127920150757e-02 1.563205756247043610e-02 2.009334787726402283e-02 2.350130304694175720e-02 1.791785843670368195e-02 7.803354412317276001e-03 2.062174864113330841e-02 2.654887503013014793e-03 1.886282674968242645e-02 3.535458445549011230e-02 1.806348003447055817e-02 1.824228651821613312e-02 3.023889660835266113e-02 2.235019952058792114e-02 1.234311237931251526e-02 3.156020306050777435e-03 3.292183205485343933e-02 4.684422456193715334e-04 1.480505894869565964e-02 5.082701332867145538e-03 1.163671072572469711e-02 2.533228695392608643e-02 2.941410802304744720e-02 5.061379168182611465e-03 8.963817730545997620e-03 4.012484569102525711e-03 3.723503323271870613e-03 4.874216392636299133e-03 3.784285858273506165e-02 1.472118869423866272e-02 3.417466767132282257e-03 2.950776740908622742e-02 1.440159510821104050e-02 1.766663044691085815e-02 1.541868876665830612e-02 1.844861730933189392e-02 2.520739659667015076e-02 1.097534899599850178e-03 3.730861097574234009e-02 3.950776997953653336e-03 1.994758658111095428e-02 1.643907465040683746e-02 3.480257699266076088e-03 1.898420602083206177e-02 1.921792328357696533e-02 4.008665680885314941e-03 2.554622665047645569e-02 3.100923448801040649e-02 1.242251484654843807e-03 1.634555682539939880e-02 1.722142659127712250e-02 3.592577204108238220e-02 2.652758359909057617e-02 1.328672375530004501e-02 2.816679328680038452e-02 4.360709805041551590e-03 2.532777842134237289e-03 7.846736349165439606e-03 1.201002299785614014e-02 4.491178784519433975e-03 4.524039104580879211e-02 2.710812352597713470e-02
4.461225122213363647e-02 5.354694649577140808e-02 2.586159622296690941e-03 3.398945182561874390e-02 1.081666792742908001e-03 6.208915263414382935e-02 5.065951347351074219e-01 1.164627168327569962e-02 4.033847898244857788e-02 5.130948033183813095e-03 3.546739369630813599e-02 7.845176383852958679e-03 3.691120073199272156e-02 2.200908027589321136e-02 2.539992798119783401e-03 3.151336312294006348e-02 3.761765733361244202e-02 2.002244628965854645e-02 1.551899500191211700e-02 2.282367460429668427e-02 3.355318307876586914e-02 1.003799028694629669e-02 1.577481860294938087e-03 1.292692404240369797e-02 2.059232816100120544e-02 2.055829204618930817e-02 2.962012076750397682e-03 1.757331192493438721e-02 1.907827518880367279e-02 3.881727531552314758e-02 1.748857647180557251e-02 3.379239886999130249e-02 2.544762939214706421e-02 2.426422573626041412e-02 1.296488940715789795e-02 1.109853107482194901e-02 5.440158769488334656e-02 1.597736962139606476e-02 1.196358725428581238e-02 4.625656001735478640e-04 2.101183123886585236e-02 2.545297332108020782e-02 2.554351091384887695e-02 4.416456249600742012e-06 2.130072936415672302e-02 1.508503686636686325e-02 5.313749611377716064e-02 7.501289248466491699e-02 2.434525452554225922e-02 5.144833121448755264e-03 1.632775925099849701e-02 7.540299557149410248e-03 4.165269434452056885e-02 2.470921725034713745e-02 4.294283688068389893e-02 1.988080097362399101e-03 5.403858609497547150e-03 1.301064807921648026e-02 1.388602796941995621e-02 1.631076820194721222e-02 4.046085476875305176e-02 1.205913629382848740e-02 2.511792071163654327e-02 4.227084293961524963e-02 2.529811300337314606e-02 4.582974314689636230e-02 2.848194167017936707e-02 3.685168921947479248e-02 2.069865912199020386e-02 5.772311706095933914e-03 4.117549210786819458e-02 1.015673205256462097e-02 1.541474927216768265e-02 7.337739691138267517e-03 8.015832863748073578e-04 1.239329669624567032e-02 4.106432944536209106e-02 4.562569316476583481e-03 2.913348749279975891e-02 3.802737593650817871e-02 8.000988513231277466e-03 2.961724437773227692e-02 1.127957180142402649e-02 1.591362059116363525e-02 1.544461399316787720e-02 6.449172273278236389e-03 5.539061501622200012e-03 3.198425751179456711e-03 2.345883846282958984e-02 2.140136063098907471e-02 4.838426411151885986e-02 5.199649836868047714e-03 5.649464577436447144e-02 1.041918620467185974e-02 5.685893818736076355e-03 1.666361652314662933e-02 1.454019825905561447e-02 9.864754974842071533e-04 4.523626528680324554e-03 1.310433144681155682e-03 4.007422924041748047e-02 9.139139205217361450e-03 1.513721304945647717e-03 2.846645005047321320e-02 1.782540790736675262e-02 7.475398480892181396e-03 2.542176656424999237e-02 4.486707970499992371e-02 1.196454651653766632e-02 1.784091815352439880e-02 1.128187403082847595e-02 6.704906933009624481e-03 2.497538737952709198e-02 1.370426081120967865e-02 4.007248580455780029e-02 1.319796126335859299e-02
1.931586419232189655e-03 1.892549451440572739e-03 9.590837359428405762e-02 1.718893460929393768e-02 3.599761752411723137e-03 5.969760473817586899e-03 1.164627168327569962e-02 4.951719045639038086e-01 3.910760954022407532e-02 4.263656958937644958e-02 1.255288906395435333e-02 4.843807779252529144e-03 2.440042048692703247e-02 1.101162377744913101e-02 3.978399187326431274e-02 3.546080738306045532e-02 2.914103306829929352e-02 3.406769409775733948e-02 1.843973621726036072e-02 2.791040018200874329e-02 1.407115161418914795e-02 1.364726014435291290e-02 1.242425059899687767e-03 8.780015632510185242e-03 2.063814178109169006e-02 3.090995550155639648e-02 6.119531113654375076e-03 2.036665007472038269e-02 6.943359971046447754e-03 1.556817162781953812e-02 7.707575336098670959e-03 3.178297355771064758e-02 2.388031035661697388e-02 2.061274833977222443e-02 9.341310709714889526e-03 1.737127080559730530e-02 3.357390407472848892e-03 7.356387563049793243e-03 1.685749739408493042e-04 3.244859725236892700e-02 7.785238325595855713e-03 2.145659364759922028e-02 3.287279605865478516e-02 2.442794665694236755e-02 1.387449540197849274e-02 1.495892275124788284e-02 1.107365451753139496e-02 4.931035917252302170e-03 2.513091079890727997e-02 4.486990720033645630e-02 4.804413020610809326e-02 1.639661937952041626e-02 8.625327609479427338e-03 4.140062723308801651e-03 7.607070263475179672e-03 3.480837866663932800e-02 3.941276296973228455e-02 3.596432134509086609e-02 9.011155343614518642e-04 9.048731066286563873e-03 3.693350031971931458e-02 1.044097356498241425e-02 3.413926437497138977e-02 3.752613067626953125e-02 7.633117027580738068e-03 2.834721095860004425e-02 1.610650494694709778e-02 5.594261921942234039e-03 4.819015413522720337e-02 3.166488604620099068e-03 1.854609698057174683e-02 9.301267564296722412e-03 1.547397859394550323e-02 8.742597885429859161e-03 2.697542309761047363e-03 6.402707193046808243e-03 3.709735721349716187e-02 1.541322446428239346e-03 5.215115379542112350e-03 3.753798082470893860e-02 8.893593400716781616e-02 8.820052444934844971e-02 2.091845683753490448e-02 4.112295061349868774e-02 1.601678878068923950e-02 2.734073437750339508e-02 3.276994451880455017e-02 3.412130102515220642e-02 4.395522922277450562e-02 4.890584573149681091e-02 1.408307813107967377e-02 9.745425544679164886e-03 4.570377059280872345e-03 1.990103162825107574e-02 2.472549490630626678e-02 4.158012568950653076e-02 7.492672652006149292e-03 1.668979041278362274e-02 2.125021442770957947e-02 3.175192698836326599e-02 1.519657857716083527e-02 2.308048773556947708e-03 1.449065655469894409e-02 6.563835195265710354e-04 3.959755972027778625e-02 5.474564619362354279e-03 1.132653839886188507e-02 4.497309029102325439e-02 5.769998300820589066e-03 1.122916210442781448e-02 4.592358309309929609e-04 7.250566035509109497e-03 5.996827967464923859e-03 1.159878261387348175e-02 2.527991682291030884e-02 2.063654176890850067e-02
3.988658264279365540e-02 4.978554323315620422e-02 1.044784393161535263e-02 2.698073536157608032e-02 4.737989231944084167e-02 2.355911582708358765e-02 4.033847898244857788e-02 3.910760954022407532e-02 5.060170888900756836e-01 3.991484269499778748e-02 2.378153987228870392e-02 5.247200280427932739e-02 4.372022300958633423e-02 2.241790993139147758e-03 1.703989133238792419e-02 3.558477759361267090e-02 3.690147027373313904e-02 9.428853541612625122e-02 1.499746926128864288e-03 4.167311266064643860e-02 2.647429332137107849e-02 3.053600713610649109e-02 5.154410377144813538e-02 1.686396449804306030e-02 2.827837690711021423e-02 1.671874197199940681e-03 1.465875841677188873e-02 7.006052136421203613e-02 2.125434111803770065e-03 3.772192448377609253e-02 2.295752614736557007e-02 1.306163147091865540e-03 1.040827855467796326e-02 4.231536015868186951e-02 4.933251813054084778e-02 1.044322177767753601e-02 1.705408794805407524e-04 5.699506029486656189e-03 5.175825208425521851e-03 6.519175134599208832e-03 6.869481410831212997e-03 2.953171171247959137e-02 2.854144386947154999e-02 1.965630240738391876e-02 7.410795986652374268e-02 1.640768139623105526e-03 3.583681304007768631e-03 4.265142604708671570e-02 3.895371034741401672e-02 4.471034929156303406e-02 4.907400906085968018e-02 4.511535912752151489e-02 3.062223270535469055e-02 2.046426525339484215e-03 6.285505741834640503e-02 3.418293595314025879e-02 2.886197762563824654e-03 3.070496255531907082e-03 4.225810617208480835e-02 3.936522698495537043e-04 7.039372343569993973e-03 2.717382833361625671e-02 2.404255419969558716e-02 1.970655284821987152e-03 3.568865731358528137e-02 3.075749054551124573e-02 3.452560678124427795e-02 1.535779610276222229e-02 8.151762932538986206e-02 2.917419746518135071e-02 3.153929114341735840e-02 1.536042708903551102e-02 2.617547288537025452e-02 2.912409789860248566e-02 1.472695451229810715e-02 3.069650009274482727e-02 1.725979000329971313e-01 3.724380582571029663e-02 1.282356828451156616e-01 2.958399243652820587e-02 4.214996099472045898e-02 3.903703391551971436e-02 8.470654487609863281e-02 4.824931733310222626e-03 1.611443981528282166e-02 7.766413502395153046e-03 2.829596213996410370e-02 1.999365538358688354e-02 4.059967398643493652e-02 1.714680157601833344e-02 1.169023662805557251e-02 4.000759869813919067e-02 1.548083964735269547e-02 1.659364439547061920e-02 6.140128243714570999e-03 1.216127909719944000e-02 3.797931713052093983e-04 1.792492158710956573e-02 1.778800226747989655e-02 3.974410146474838257e-02 4.150758031755685806e-03 4.960449412465095520e-02 2.280107140541076660e-02 3.012624382972717285e-02 1.656466163694858551e-02 7.182028889656066895e-02 1.751570589840412140e-02 3.429760411381721497e-02 3.333020210266113281e-02 2.119056880474090576e-02 3.670005872845649719e-02 9.016559459269046783e-03 2.998221106827259064e-02 4.555239528417587280e-02 9.702333249151706696e-03 1.797349192202091217e-02
2.830990415532141924e-04 6.664969259873032570e-04 6.755223497748374939e-03 4.691048711538314819e-02 1.167943142354488373e-02 2.982156816869974136e-03 5.130948033183813095e-03 4.263656958937644958e-02 3.991484269499778748e-02 5.032877326011657715e-01 1.738348277285695076e-03 2.412697486579418182e-02 2.547740470618009567e-03 2.615364827215671539e-02 3.793155029416084290e-02 8.098478429019451141e-03 4.959656856954097748e-03 4.480511322617530823e-02 1.987191475927829742e-02 2.173002064228057861e-02 2.983493544161319733e-02 4.210652038455009460e-02 7.324513513594865799e-03 2.051842585206031799e-02 3.767119348049163818e-02 7.563987281173467636e-03 3.396797925233840942e-02 1.402081269770860672e-02 4.369553551077842712e-02 2.587480470538139343e-02 3.595103695988655090e-02 5.596314091235399246e-03 3.318608179688453674e-02 9.171052835881710052e-03 4.378840699791908264e-02 3.147573769092559814e-02 3.421941772103309631e-02 2.615201659500598907e-02 4.152021184563636780e-02 1.031138747930526733e-02 2.365779876708984375e-02 5.661004409193992615e-02 3.832094743847846985e-02 1.287364400923252106e-02 4.373081773519515991e-02 3.737180307507514954e-02 3.782805055379867554e-02 1.358224730938673019e-02 4.114130046218633652e-03 1.213595047593116760e-01 1.987102441489696503e-02 1.606045104563236237e-02 2.485690452158451080e-02 4.566933214664459229e-02 4.550419002771377563e-02 1.256942152976989746e-01 2.380473166704177856e-02 8.193406276404857635e-03 1.912014186382293701e-02 5.139524582773447037e-03 2.034304477274417877e-02 5.772874504327774048e-02 2.511790953576564789e-02 5.202741175889968872e-02 5.075816065073013306e-02 1.274789497256278992e-02 4.953263327479362488e-02 5.399907380342483521e-02 2.496846020221710205e-03 4.425987601280212402e-02 6.356077641248703003e-02 1.807817630469799042e-02 2.086774073541164398e-02 4.436742141842842102e-02 1.786969043314456940e-02 1.227835286408662796e-02 2.714065089821815491e-02 8.182955533266067505e-02 2.284870855510234833e-02 1.069000959396362305e-01 3.141474723815917969e-02 7.114791311323642731e-03 4.684766754508018494e-02 2.042208611965179443e-02 2.627820894122123718e-02 4.476279020309448242e-02 3.282319754362106323e-02 5.355533584952354431e-02 1.411860901862382889e-02 5.097172409296035767e-02 7.653872948139905930e-03 4.458873346447944641e-02 1.376153063029050827e-02 1.789609342813491821e-02 2.276566997170448303e-02 4.203640390187501907e-03 3.684492036700248718e-02 3.391306102275848389e-02 1.461133547127246857e-02 4.629079252481460571e-03 3.169678896665573120e-02 2.603499591350555420e-02 1.941787451505661011e-02 2.143785124644637108e-03 2.216729521751403809e-02 2.105903066694736481e-02 2.952361479401588440e-02 1.359043829143047333e-02 4.290834441781044006e-02 3.554628416895866394e-02 3.226384520530700684e-02 4.630990698933601379e-02 9.902488440275192261e-03 2.553248405456542969e-02 4.425499215722084045e-02 2.226474694907665253e-03
6.992217898368835449e-02 6.260397285223007202e-02 2.243895828723907471e-02 6.804183591157197952e-03 9.196058847010135651e-03 4.082087799906730652e-02 3.546739369630813599e-02 1.255288906395435333e-02 2.378153987228870392e-02 1.738348277285695076e-03 5.111144185066223145e-01 8.510760962963104248e-03 5.285406485199928284e-02 1.025701593607664108e-02 2.227266505360603333e-02 5.412649735808372498e-02 4.872037470340728760e-02 3.264250606298446655e-02 7.078017573803663254e-03 1.068429555743932724e-02 1.802715845406055450e-02 2.062389627099037170e-02 2.695101313292980194e-02 3.330688178539276123e-02 2.251556888222694397e-02 1.290684938430786133e-02 1.292498200200498104e-03 2.271785028278827667e-02 2.997370669618248940e-03 4.958183690905570984e-02 7.984823547303676605e-03 3.028243035078048706e-02 1.525236666202545166e-02 2.565453946590423584e-02 1.694473321549594402e-03 1.742358133196830750e-02 2.203606255352497101e-02 7.484632544219493866e-03 1.386647392064332962e-02 2.270611189305782318e-02 1.024988759309053421e-02 3.529687970876693726e-02 1.436605025082826614e-02 1.597226597368717194e-02 1.188440714031457901e-02 1.734283007681369781e-02 3.547646477818489075e-02 3.605191037058830261e-02 3.720752522349357605e-02 3.029996529221534729e-03 3.390322625637054443e-02 2.231047488749027252e-02 4.018954001367092133e-03 3.872213885188102722e-03 4.860677197575569153e-02 4.747708590002730489e-05 3.351603634655475616e-03 8.070687763392925262e-03 4.552610684186220169e-03 1.082773599773645401e-02 4.511583968997001648e-02 1.898326911032199860e-03 4.175920039415359497e-04 2.243056707084178925e-02 2.862184308469295502e-02 3.823783248662948608e-02 3.808877244591712952e-02 2.401108108460903168e-02 3.246885491535067558e-03 1.324379444122314453e-02 1.746470667421817780e-02 4.175416193902492523e-03 1.358291134238243103e-02 7.273897528648376465e-03 1.312852744013071060e-02 2.621870301663875580e-02 2.032281085848808289e-02 4.364405758678913116e-03 1.534014195203781128e-02 2.035555243492126465e-02 5.563508253544569016e-03 2.024851553142070770e-02 5.168281495571136475e-03 5.664788186550140381e-03 1.356140337884426117e-02 1.299171615391969681e-02 9.066549129784107208e-03 1.223263982683420181e-02 5.415293853729963303e-03 1.037456002086400986e-02 1.973715797066688538e-02 1.549291331321001053e-02 2.063073217868804932e-02 2.301846398040652275e-03 2.780529297888278961e-02 3.620012849569320679e-02 7.468668743968009949e-03 1.893664337694644928e-02 1.476036012172698975e-02 1.593761146068572998e-02 2.361711487174034119e-02 3.510370478034019470e-02 4.050272516906261444e-03 1.607772149145603180e-02 3.449127450585365295e-02 4.912659060209989548e-03 5.371462088078260422e-03 4.874141886830329895e-02 1.491314824670553207e-02 3.740884712897241116e-04 4.354763776063919067e-03 2.470731036737561226e-03 3.622594848275184631e-02 2.107356674969196320e-03 2.147712185978889465e-02 1.315591204911470413e-02
1.633503125049173832e-03 2.461700467392802238e-03 3.168382123112678528e-02 1.246438082307577133e-02 1.380293071269989014e-02 1.221086364239454269e-02 7.845176383852958679e-03 4.843807779252529144e-03 5.247200280427932739e-02 2.412697486579418182e-02 8.510760962963104248e-03 5.059457421302795410e-01 7.967025972902774811e-03 9.471632540225982666e-02 1.145545765757560730e-02 7.771981880068778992e-03 1.262831874191761017e-02 1.195154339075088501e-02 2.466663904488086700e-02 9.495631791651248932e-03 5.697902757674455643e-03 2.222385816276073456e-02 5.777780339121818542e-02 2.510633878409862518e-02 2.479870431125164032e-02 2.342778630554676056e-02 8.828563615679740906e-03 1.226598247885704041e-01 4.426510073244571686e-03 1.127833127975463867e-01 5.726006347686052322e-04 9.296936914324760437e-03 7.252412382513284683e-03 3.838515141978859901e-03 1.496809162199497223e-02 1.897921971976757050e-02 2.703059650957584381e-02 2.037495374679565430e-02 4.450293630361557007e-02 3.065773285925388336e-02 2.591852098703384399e-02 1.288352441042661667e-02 6.013692822307348251e-03 1.801482774317264557e-02 3.447595238685607910e-02 5.835119634866714478e-02 5.204664915800094604e-02 4.029444977641105652e-02 4.980414733290672302e-02 2.294023148715496063e-02 1.291074976325035095e-02 5.451963748782873154e-03 1.462396793067455292e-02 2.398868091404438019e-02 3.143544122576713562e-02 4.585115984082221985e-02 1.151509024202823639e-02 4.946104716509580612e-03 9.796345606446266174e-03 2.771003171801567078e-02 1.877553015947341919e-02 1.213555876165628433e-02 1.657171733677387238e-02 3.100073337554931641e-02 1.275657210499048233e-02 3.559518977999687195e-02 7.378120906651020050e-03 2.488490194082260132e-02 2.549299038946628571e-02 3.789767622947692871e-02 4.932787735015153885e-03 2.422215230762958527e-02 9.243324398994445801e-03 3.836627677083015442e-02 5.776374135166406631e-03 3.990898281335830688e-02 5.048957094550132751e-02 2.450837381184101105e-02 5.205477029085159302e-02 2.438488230109214783e-02 1.389228086918592453e-02 2.873242832720279694e-02 1.119444333016872406e-02 2.145401574671268463e-02 2.804644219577312469e-02 5.108811426907777786e-03 1.381591311655938625e-03 8.368798531591892242e-03 7.199679315090179443e-02 4.343032091856002808e-02 1.870079338550567627e-02 2.451516501605510712e-02 3.565594553947448730e-02 2.788056060671806335e-02 3.566373884677886963e-02 6.928818183951079845e-04 3.270279988646507263e-02 3.279399871826171875e-02 2.849557809531688690e-02 1.858852989971637726e-02 1.542999036610126495e-02 3.396145254373550415e-02 2.579870074987411499e-02 1.535136718302965164e-02 2.516077086329460144e-02 8.542226627469062805e-03 1.985302753746509552e-02 2.243437804281711578e-02 3.345010057091712952e-02 4.740085825324058533e-02 1.641005836427211761e-02 4.182967677479609847e-05 3.459690138697624207e-02 1.050879992544651031e-02 5.853488575667142868e-03 2.152460627257823944e-02
5.176776647567749023e-02 5.952826142311096191e-02 1.583443023264408112e-02 1.229984685778617859e-02 7.713299710303544998e-03 2.889556065201759338e-02 3.691120073199272156e-02 2.440042048692703247e-02 4.372022300958633423e-02 2.547740470618009567e-03 5.285406485199928284e-02 7.967025972902774811e-03 5.109174251556396484e-01 8.274643914774060249e-04 2.092252299189567566e-02 3.557889908552169800e-02 3.304275870323181152e-02 3.293508663773536682e-02 1.294393371790647507e-02 1.456296630203723907e-02 2.551781572401523590e-02 1.891934685409069061e-02 1.349559752270579338e-03 5.259489174932241440e-03 4.025242291390895844e-03 9.766087867319583893e-03 7.507755071856081486e-04 1.526272483170032501e-02 1.013010460883378983e-02 2.319362387061119080e-02 1.930905622430145741e-03 1.418733038008213043e-02 1.743340864777565002e-02 1.471781358122825623e-02 4.715851508080959320e-03 3.070103749632835388e-02 2.785747498273849487e-02 7.553833071142435074e-03 2.267159521579742432e-03 6.466399878263473511e-03 5.314808338880538940e-03 3.416550159454345703e-02 2.739344164729118347e-02 2.285070344805717468e-02 1.474667061120271683e-02 1.784346066415309906e-02 2.197271399199962616e-02 4.507373645901679993e-02 3.361902013421058655e-02 1.104365754872560501e-02 1.220238674432039261e-02 1.340861711651086807e-02 1.916336268186569214e-02 1.099443901330232620e-02 5.019116774201393127e-02 6.062433589249849319e-03 2.859086729586124420e-03 4.788178484886884689e-03 1.701674982905387878e-02 5.218570120632648468e-03 4.623783007264137268e-02 1.261368207633495331e-02 3.174658119678497314e-02 4.361277818679809570e-02 1.078870147466659546e-02 3.098038770258426666e-02 2.205471880733966827e-02 2.069130353629589081e-02 1.466043479740619659e-02 5.312075372785329819e-03 1.850899867713451385e-02 6.824188400059938431e-03 2.170448191463947296e-03 4.549014382064342499e-03 2.112325513735413551e-03 1.157185435295104980e-02 4.173617064952850342e-02 2.701102290302515030e-03 3.756705299019813538e-02 3.235255926847457886e-02 4.277913365513086319e-03 1.642428524792194366e-02 3.621385246515274048e-02 1.253336109220981598e-02 2.073393017053604126e-02 1.122746989130973816e-02 5.217937286943197250e-03 1.707873307168483734e-02 1.986458711326122284e-02 1.235238462686538696e-02 1.371174491941928864e-02 2.204526826972141862e-04 3.450288996100425720e-02 7.845770567655563354e-03 2.596465311944484711e-02 1.291560195386409760e-02 3.948358818888664246e-03 2.915980294346809387e-03 1.200716570019721985e-02 9.913906687870621681e-04 1.142030302435159683e-02 5.792242940515279770e-03 3.482240717858076096e-03 1.325418148189783096e-02 4.047138243913650513e-02 1.223780401051044464e-02 1.935169287025928497e-02 3.598649799823760986e-02 9.165751747786998749e-03 9.424274903722107410e-04 8.375467732548713684e-03 2.128245541825890541e-03 3.898384422063827515e-02 6.238813512027263641e-03 9.938866831362247467e-03 1.849123276770114899e-02
