6.175317764282226562e-01 5.149895325303077698e-02 5.013398476876318455e-04 2.225519716739654541e-02 7.973041385412216187e-03 4.276707395911216736e-02 3.064707666635513306e-02 1.015370432287454605e-02 2.955572307109832764e-02 2.713567577302455902e-02 4.343608766794204712e-02 1.763486489653587341e-02 3.407146781682968140e-02 1.981123164296150208e-02 1.906322687864303589e-02 3.103485889732837677e-02 2.747727558016777039e-02 2.158423326909542084e-02 3.198506310582160950e-02 1.148968469351530075e-02 8.162235841155052185e-03 8.502286858856678009e-03 1.822661422193050385e-02 2.099548280239105225e-02 2.792787039652466774e-03 3.865672508254647255e-03 1.781034283339977264e-03 3.158540651202201843e-02 6.106643378734588623e-02 2.804068103432655334e-02 3.088574111461639404e-02 9.068118408322334290e-03 4.509581718593835831e-03 7.347534876316785812e-03 1.009402703493833542e-02 1.465320773422718048e-02 2.021369710564613342e-02 1.102218031883239746e-02 1.532503683120012283e-02 1.915162242949008942e-02 8.521236479282379150e-03 2.574924379587173462e-02 1.887855306267738342e-02 2.284117229282855988e-02 8.525967597961425781e-03 1.374396681785583496e-02 3.620838373899459839e-02 2.672856487333774567e-02 2.587946876883506775e-02 1.439086534082889557e-02 3.019102616235613823e-03 9.594664908945560455e-03 1.696953177452087402e-02 3.335062786936759949e-02 2.257768251001834869e-02 1.737704128026962280e-02 6.868817843496799469e-03 1.632902026176452637e-02 5.829306785017251968e-03 2.202319167554378510e-02 1.638399250805377960e-02 1.714728027582168579e-02 3.212800482288002968e-03 2.300325594842433929e-02 1.137258764356374741e-02 1.643466576933860779e-02 7.466552779078483582e-03 9.357848204672336578e-03 1.992257311940193176e-02 1.176239270716905594e-02 1.575275138020515442e-02 7.799850427545607090e-04 2.340032905340194702e-02 4.920401610434055328e-03 2.446238417178392410e-03 2.184207364916801453e-02 1.615424454212188721e-02 1.683105342090129852e-02 2.978253550827503204e-02 2.637170441448688507e-02 2.170591615140438080e-03 1.033929176628589630e-02 1.079382561147212982e-02 3.485678508877754211e-02 2.126956917345523834e-02 9.136498905718326569e-03 5.228925962001085281e-03 1.879695802927017212e-03 2.943598665297031403e-02 4.123424366116523743e-02 2.579637058079242706e-02 8.166786283254623413e-03 9.178216569125652313e-03 3.724835813045501709e-03 2.497963607311248779e-02 2.426042594015598297e-02 4.730144888162612915e-02 2.779304236173629761e-02 1.170543767511844635e-02 1.009163912385702133e-02 1.043554022908210754e-02 1.401150505989789963e-02 3.918185830116271973e-02 2.343220263719558716e-02 2.975539071485400200e-03 6.034204270690679550e-03 1.612085034139454365e-03 2.653219271451234818e-03 6.285666022449731827e-03 1.149409078061580658e-02 2.537599531933665276e-03 1.094887778162956238e-02 1.047269068658351898e-02 9.799848310649394989e-03 1.360182277858257294e-02 2.579145878553390503e-02
5.149895325303077698e-02 6.168160438537597656e-01 2.022088132798671722e-02 4.390693083405494690e-02 1.350141968578100204e-02 3.688747435808181763e-02 3.458514809608459473e-02 1.644985051825642586e-03 2.683003991842269897e-02 2.444846928119659424e-02 3.461426496505737305e-02 1.002738624811172485e-02 4.690112173557281494e-02 1.882337406277656555e-02 3.117967955768108368e-02 2.014380693435668945e-02 1.150290761142969131e-02 2.992760017514228821e-02 9.552244096994400024e-03 6.002757698297500610e-03 6.448025349527597427e-03 9.345883503556251526e-03 3.305065212771296501e-03 5.597706884145736694e-03 5.655036307871341705e-03 9.695487096905708313e-03 1.560854446142911911e-02 8.253484964370727539e-03 1.144240304711274803e-04 4.051696509122848511e-03 2.241094410419464111e-02 9.444346651434898376e-03 9.762357920408248901e-03 2.026108268182724714e-04 1.250517833977937698e-02 6.388609297573566437e-03 1.199905294924974442e-02 1.339794415980577469e-02 8.598049171268939972e-04 7.219141814857721329e-03 2.504452317953109741e-02 2.596560306847095490e-02 9.810260497033596039e-03 2.586485072970390320e-02 1.161102112382650375e-02 4.820658825337886810e-03 2.572966925799846649e-02 3.064109757542610168e-02 2.332524582743644714e-02 1.544096600264310837e-02 3.785324515774846077e-03 4.431721288710832596e-03 1.456854119896888733e-02 1.616038195788860321e-02 3.026744909584522247e-02 1.875121891498565674e-02 1.564313843846321106e-02 2.389306202530860901e-03 1.003462448716163635e-02 1.389550045132637024e-02 3.255001455545425415e-02 1.985711231827735901e-02 1.538508106023073196e-02 2.561444230377674103e-02 6.892969366163015366e-03 1.100259833037853241e-02 3.402351867407560349e-03 6.373558659106492996e-03 1.505470648407936096e-02 8.255334571003913879e-03 7.146300747990608215e-03 1.574292406439781189e-02 3.556207194924354553e-02 2.896455489099025726e-02 1.185926236212253571e-02 4.108187556266784668e-02 1.842204853892326355e-02 1.610265113413333893e-02 2.384374476969242096e-02 2.683711238205432892e-02 1.286358572542667389e-02 5.946183810010552406e-04 1.622187718749046326e-02 3.451132774353027344e-02 1.541784126311540604e-02 9.061799384653568268e-03 6.873013917356729507e-03 1.089114416390657425e-02 3.946286812424659729e-02 2.262566611170768738e-02 2.616957575082778931e-02 1.114280894398689270e-02 2.513889223337173462e-02 1.560218515805900097e-03 4.853065125644207001e-03 3.098168643191456795e-03 6.000893190503120422e-03 1.722622849047183990e-02 1.515628676861524582e-02 1.203959062695503235e-02 5.244857165962457657e-03 6.308505311608314514e-03 1.202636025846004486e-02 1.611798070371150970e-04 3.000161796808242798e-02 2.954474650323390961e-03 2.954077441245317459e-03 1.896532811224460602e-02 3.036414505913853645e-03 1.079750340431928635e-02 7.502681110054254532e-03 1.904154941439628601e-02 9.685501456260681152e-03 6.950211245566606522e-03 4.118613526225090027e-02 5.640609655529260635e-03
5.013398476876318455e-04 2.022088132798671722e-02 5.761079192161560059e-01 2.712521888315677643e-02 3.585151955485343933e-02 1.717564091086387634e-02 1.163600012660026550e-02 1.496139913797378540e-01 1.553606521338224411e-02 5.632746033370494843e-03 1.293880492448806763e-02 6.699695717543363571e-03 1.517609879374504089e-02 6.850129459053277969e-03 4.197908192873001099e-02 4.107430577278137207e-03 3.769162867683917284e-05 3.609782084822654724e-02 9.507705690339207649e-04 6.167950108647346497e-03 3.581943362951278687e-02 5.077875219285488129e-03 3.891230374574661255e-02 3.655717149376869202e-02 1.772835478186607361e-02 3.141392767429351807e-02 1.704921759665012360e-02 2.384422533214092255e-02 7.525860797613859177e-03 9.478391148149967194e-03 1.054200227372348309e-03 2.941117994487285614e-02 5.104143172502517700e-03 1.508515886962413788e-02 2.957638353109359741e-02 2.457067184150218964e-02 2.379568293690681458e-02 1.194537896662950516e-02 3.213572502136230469e-02 1.241958979517221451e-02 3.461660072207450867e-02 1.483285799622535706e-02 4.387946799397468567e-03 2.140616625547409058e-02 1.385882380418479443e-03 1.489294786006212234e-02 1.994038373231887817e-02 6.498635280877351761e-03 2.066833525896072388e-02 3.558326140046119690e-02 3.793700411915779114e-02 3.922289237380027771e-02 3.200067207217216492e-02 1.149123627692461014e-02 1.375389285385608673e-03 2.467580325901508331e-02 3.625945746898651123e-02 1.437092386186122894e-02 4.008636623620986938e-02 2.617773786187171936e-02 1.264068949967622757e-02 3.678662236779928207e-03 1.706555951386690140e-03 1.232852973043918610e-02 2.508065104484558105e-02 4.603836685419082642e-03 3.505011647939682007e-02 3.347105160355567932e-02 2.427784167230129242e-02 1.697444356977939606e-02 2.371090650558471680e-02 1.083035394549369812e-02 2.981091849505901337e-02 3.504364565014839172e-02 2.038151957094669342e-02 2.219999954104423523e-02 3.987917304039001465e-02 1.914637349545955658e-02 3.625568374991416931e-02 1.762446202337741852e-02 8.817756921052932739e-02 4.019999131560325623e-02 3.477180376648902893e-02 2.885060943663120270e-02 7.534695905633270741e-04 9.410795755684375763e-03 4.267856851220130920e-02 1.930488087236881256e-02 1.645516417920589447e-02 1.055645383894443512e-02 1.425889669917523861e-03 2.451261132955551147e-02 2.048631571233272552e-02 8.411076851189136505e-03 2.539104968309402466e-02 1.821331679821014404e-02 2.224874310195446014e-02 1.920522749423980713e-02 4.704104270786046982e-03 2.796404995024204254e-03 3.373166546225547791e-02 2.994118630886077881e-02 3.559238836169242859e-02 1.303741708397865295e-02 8.313566213473677635e-04 3.909943252801895142e-02 5.845825187861919403e-03 2.258614078164100647e-02 1.889650151133537292e-02 3.248129412531852722e-02 1.798020862042903900e-02 5.026001483201980591e-03 1.076737418770790100e-02 3.317779628559947014e-03 2.878701128065586090e-02 2.254585176706314087e-02
2.225519716739654541e-02 4.390693083405494690e-02 2.712521888315677643e-02 6.076415777206420898e-01 1.488652825355529785e-01 2.179134264588356018e-02 4.599783197045326233e-02 2.251043915748596191e-02 1.023939903825521469e-02 1.986013539135456085e-02 1.579145714640617371e-02 3.752180607989430428e-03 1.695950888097286224e-02 1.725382544100284576e-02 2.194854803383350372e-02 3.349657729268074036e-02 5.305144563317298889e-02 1.060569062829017639e-01 1.151378825306892395e-01 1.761016249656677246e-02 2.656985889188945293e-04 3.743632882833480835e-02 5.053260922431945801e-02 1.403501257300376892e-02 1.878299564123153687e-02 3.047753497958183289e-02 3.374737128615379333e-02 8.613071404397487640e-03 2.706015296280384064e-02 4.014799778815358877e-04 2.360892482101917267e-03 7.369428407400846481e-03 1.578727620653808117e-03 1.581165380775928497e-02 3.381885960698127747e-02 1.081098243594169617e-02 8.184483274817466736e-03 2.660131640732288361e-02 9.033279865980148315e-02 3.171131014823913574e-02 1.262467820197343826e-02 2.770957536995410919e-02 2.547465264797210693e-02 2.385221980512142181e-02 4.120565950870513916e-02 2.647607959806919098e-02 3.779743984341621399e-02 2.738567814230918884e-02 1.248270459473133087e-02 1.798657584004104137e-03 2.178823575377464294e-02 2.534985542297363281e-02 7.753095589578151703e-03 3.610540879890322685e-03 3.904861211776733398e-02 1.629856228828430176e-02 1.483078114688396454e-02 8.644748479127883911e-03 2.513199858367443085e-02 8.212359622120857239e-03 3.650858625769615173e-02 4.649400711059570312e-02 1.716319099068641663e-02 4.557546600699424744e-02 5.915249697864055634e-03 5.003189202398061752e-03 2.789801917970180511e-03 1.890933886170387268e-02 1.678838767111301422e-02 2.716097421944141388e-02 1.842968747951090336e-03 2.460613846778869629e-02 1.080913469195365906e-01 3.817131742835044861e-02 7.292304933071136475e-02 4.402298014611005783e-03 1.364053506404161453e-02 3.094814252108335495e-03 2.939196862280368805e-02 2.765282429754734039e-02 1.020751707255840302e-02 1.613903045654296875e-02 1.116577237844467163e-01 8.839777112007141113e-02 1.601257361471652985e-02 3.950639814138412476e-02 2.663157321512699127e-02 7.574979215860366821e-03 4.561358317732810974e-02 2.075491659343242645e-02 3.001202130690217018e-03 3.436885401606559753e-02 2.871271222829818726e-03 3.447664529085159302e-02 7.290476001799106598e-03 1.075515709817409515e-02 1.214627642184495926e-02 4.549076780676841736e-02 2.253966219723224640e-02 1.103723980486392975e-02 2.201204933226108551e-02 2.615403942763805389e-02 1.414213143289089203e-02 4.247536137700080872e-02 2.248023450374603271e-02 4.406161233782768250e-02 2.114622853696346283e-02 3.244624286890029907e-02 8.879141882061958313e-03 4.594375379383563995e-03 2.351796865696087480e-04 9.158303029835224152e-03 3.225124673917889595e-03 9.311530739068984985e-03 2.724041230976581573e-02 3.272446617484092712e-02
7.973041385412216187e-03 1.350141968578100204e-02 3.585151955485343933e-02 1.488652825355529785e-01 6.125403046607971191e-01 3.970671445131301880e-03 1.817393675446510315e-02 1.023945957422256470e-02 1.845941692590713501e-02 1.135358400642871857e-02 4.949674475938081741e-03 2.184034325182437897e-03 1.332956249825656414e-03 2.741950750350952148e-02 7.286621257662773132e-03 2.376457303762435913e-02 4.616952314972877502e-02 9.167276322841644287e-02 9.308773279190063477e-02 3.337932378053665161e-02 2.804667688906192780e-02 2.290814556181430817e-02 1.162090897560119629e-02 3.295895084738731384e-02 3.112957999110221863e-02 3.906435519456863403e-02 7.948778569698333740e-03 1.130581367760896683e-02 4.766299948096275330e-02 2.345208637416362762e-02 9.914664551615715027e-03 4.101125523447990417e-02 1.763525232672691345e-02 3.574198111891746521e-02 4.512604698538780212e-02 3.136205673217773438e-02 3.304405510425567627e-02 9.310540743172168732e-03 8.576492965221405029e-02 5.929445847868919373e-02 1.771742291748523712e-02 2.497203648090362549e-02 3.183550387620925903e-02 2.449494041502475739e-02 9.536711499094963074e-03 1.950753480195999146e-02 2.712947316467761993e-03 2.801529190037399530e-04 3.719735890626907349e-02 3.666033968329429626e-02 8.869522251188755035e-03 2.547201293054968119e-04 8.372351294383406639e-05 2.293390594422817230e-02 3.359872847795486450e-02 3.330082073807716370e-02 5.803415924310684204e-02 1.235284004360437393e-02 5.703342612832784653e-03 2.254390716552734375e-02 7.588379830121994019e-02 6.846331059932708740e-02 1.859011128544807434e-02 2.545313723385334015e-02 1.580236479640007019e-03 7.565317209810018539e-03 3.705731406807899475e-02 2.871306426823139191e-02 1.203105712193064392e-04 4.442864283919334412e-02 2.049370855093002319e-02 7.923670345917344093e-04 7.705610990524291992e-02 3.360414505004882812e-02 6.241140887141227722e-02 3.202586201950907707e-03 4.148670006543397903e-03 1.353508885949850082e-02 3.789774375036358833e-03 2.749823592603206635e-02 2.041508443653583527e-02 9.559017606079578400e-03 9.621272981166839600e-02 7.754598557949066162e-02 1.439594104886054993e-02 1.589589938521385193e-02 5.660036578774452209e-03 4.877780098468065262e-03 2.775599434971809387e-02 3.667144803330302238e-03 1.756872422993183136e-02 4.715126752853393555e-02 4.172567278146743774e-03 2.144585363566875458e-02 2.045303396880626678e-02 1.226298883557319641e-02 2.923295833170413971e-02 1.069207955151796341e-02 2.582519873976707458e-02 3.511982038617134094e-02 3.339409455657005310e-02 2.512471377849578857e-02 4.283742234110832214e-02 7.213807664811611176e-03 2.878227038308978081e-03 4.516853950917720795e-03 7.673568325117230415e-04 3.726145997643470764e-02 2.126275934278964996e-02 5.441251676529645920e-03 1.876973547041416168e-02 2.561078406870365143e-02 3.323156386613845825e-02 3.623542562127113342e-02 6.907817907631397247e-03 3.082793764770030975e-02
4.276707395911216736e-02 3.688747435808181763e-02 1.717564091086387634e-02 2.179134264588356018e-02 3.970671445131301880e-03 6.150577068328857422e-01 6.268401443958282471e-02 5.236911587417125702e-03 7.352494285441935062e-04 6.058651953935623169e-03 2.749599330127239227e-02 3.843569755554199219e-02 2.803416550159454346e-02 3.250420466065406799e-02 1.831968873739242554e-02 4.740632604807615280e-03 3.671237966045737267e-03 9.209536947309970856e-03 2.052754163742065430e-02 2.004351234063506126e-03 5.977370892651379108e-04 4.946256987750530243e-03 4.286580719053745270e-03 5.672466941177845001e-03 1.060163229703903198e-02 1.589018292725086212e-02 5.771789001300930977e-04 2.497903816401958466e-02 2.694077789783477783e-02 2.886150963604450226e-02 3.118969686329364777e-02 3.631343320012092590e-02 3.376951813697814941e-02 2.680961973965167999e-02 1.447232812643051147e-02 1.653422601521015167e-02 8.698007091879844666e-03 5.972543265670537949e-03 4.882082343101501465e-03 2.197431027889251709e-02 7.353026885539293289e-04 2.558264881372451782e-02 2.062918245792388916e-02 1.333199255168437958e-02 4.123051650822162628e-03 9.281221777200698853e-03 7.171414792537689209e-02 4.496089741587638855e-02 3.079502657055854797e-02 4.032837226986885071e-03 1.262337807565927505e-02 1.027433853596448898e-02 2.441595774143934250e-03 2.385606756433844566e-03 2.767629176378250122e-02 2.152200229465961456e-02 8.793532848358154297e-03 1.369716506451368332e-02 5.239642225205898285e-03 1.286122482270002365e-02 4.192132130265235901e-02 3.230650350451469421e-02 3.818250820040702820e-02 3.916355967521667480e-02 6.026070332154631615e-04 9.541945531964302063e-03 1.550156716257333755e-02 1.133556757122278214e-02 3.608208848163485527e-03 9.975996799767017365e-03 5.476767197251319885e-03 3.017855575308203697e-03 2.129806764423847198e-02 6.427378393709659576e-03 3.771404270082712173e-03 1.267151627689599991e-02 4.188887309283018112e-03 7.839763537049293518e-03 2.187998779118061066e-02 7.522998843342065811e-03 8.338380604982376099e-03 3.921989351511001587e-03 1.062788721174001694e-02 3.673940431326627731e-03 3.116686828434467316e-02 2.288102172315120697e-02 3.205068875104188919e-03 4.279328975826501846e-03 1.133464649319648743e-02 1.878124289214611053e-02 4.753518104553222656e-02 4.440892022103071213e-03 2.910526096820831299e-02 4.034843295812606812e-03 1.335348468273878098e-02 2.326674759387969971e-02 3.222578391432762146e-02 1.488910336047410965e-02 2.341603860259056091e-02 2.736351825296878815e-02 2.451212517917156219e-02 2.431333251297473907e-02 2.827363461256027222e-02 1.954243145883083344e-02 5.154251307249069214e-02 2.449398860335350037e-02 3.064989484846591949e-02 2.708411403000354767e-02 3.064528666436672211e-02 9.231226518750190735e-03 4.446686245501041412e-03 6.416002725018188357e-05 1.912289857864379883e-02 1.676715444773435593e-03 4.098230600357055664e-02 2.900262176990509033e-02
3.064707666635513306e-02 3.458514809608459473e-02 1.163600012660026550e-02 4.599783197045326233e-02 1.817393675446510315e-02 6.268401443958282471e-02 6.186524033546447754e-01 1.138136442750692368e-02 9.033685550093650818e-03 2.222084067761898041e-02 2.006608434021472931e-02 1.358271297067403793e-02 2.663518674671649933e-02 2.857403457164764404e-02 1.005383953452110291e-02 3.335604909807443619e-03 3.562848083674907684e-03 1.856326498091220856e-02 3.989741206169128418e-03 8.333835750818252563e-03 3.135936334729194641e-03 7.124827709048986435e-03 9.108820930123329163e-03 1.356598641723394394e-02 1.269703637808561325e-02 3.281020000576972961e-02 9.226993657648563385e-03 5.575471092015504837e-03 1.575957983732223511e-02 1.090877503156661987e-02 2.230260334908962250e-02 1.788886263966560364e-02 3.832126408815383911e-02 3.678467124700546265e-03 3.976827114820480347e-02 4.528300836682319641e-03 1.740201190114021301e-02 1.892185886390507221e-03 7.443400565534830093e-03 1.980209723114967346e-02 2.584530040621757507e-03 1.306297164410352707e-02 9.168160147964954376e-03 3.090475313365459442e-02 1.630448922514915466e-02 1.773689873516559601e-02 5.414748191833496094e-02 5.010335519909858704e-02 3.680294752120971680e-02 5.229084752500057220e-03 1.967818103730678558e-02 2.040342055261135101e-02 1.626988127827644348e-02 1.016736845485866070e-03 4.908132553100585938e-02 3.704682365059852600e-02 3.441110998392105103e-02 4.576772823929786682e-02 1.190314721316099167e-02 1.785800792276859283e-02 1.270550861954689026e-02 4.458391666412353516e-02 3.670988976955413818e-02 4.744083061814308167e-02 3.329950617626309395e-03 1.163746323436498642e-02 6.300956476479768753e-03 3.239566227421164513e-03 2.417341805994510651e-02 6.489502731710672379e-03 1.215369161218404770e-02 4.531753715127706528e-03 3.322501853108406067e-02 1.385933812707662582e-02 1.878710277378559113e-02 1.096422504633665085e-02 8.564026094973087311e-03 1.622073352336883545e-02 2.436106791719794273e-03 2.490713633596897125e-02 2.174696326255798340e-02 4.853266291320323944e-03 4.598474770318716764e-04 1.623285003006458282e-02 2.181023173034191132e-02 8.905442664399743080e-04 4.856054671108722687e-03 1.778461271896958351e-03 1.905110105872154236e-02 1.175604201853275299e-02 2.582347951829433441e-02 2.435674890875816345e-03 3.331978246569633484e-02 3.776070894673466682e-03 1.626211404800415039e-02 5.194544326514005661e-03 1.890406943857669830e-02 2.613862045109272003e-02 1.084390562027692795e-02 1.131763309240341187e-02 1.184749137610197067e-02 6.368321832269430161e-03 2.053735591471195221e-02 2.223128825426101685e-02 5.047068372368812561e-02 2.687686681747436523e-02 1.256060507148504257e-02 3.702532872557640076e-02 1.009884290397167206e-02 5.554378032684326172e-03 4.931923002004623413e-03 8.164511527866125107e-04 8.193886838853359222e-03 5.846980493515729904e-03 2.375363372266292572e-02 2.627924457192420959e-02
1.015370432287454605e-02 1.644985051825642586e-03 1.496139913797378540e-01 2.251043915748596191e-02 1.023945957422256470e-02 5.236911587417125702e-03 1.138136442750692368e-02 5.963073372840881348e-01 1.680840551853179932e-02 3.766309469938278198e-02 3.218385204672813416e-02 4.374597594141960144e-02 2.987698093056678772e-02 3.232663497328758240e-02 8.412009477615356445e-02 3.214643150568008423e-02 2.479221858084201813e-02 4.269104450941085815e-02 2.423489093780517578e-02 3.433451289311051369e-03 1.694477163255214691e-02 1.377230510115623474e-02 1.265982445329427719e-02 1.429808977991342545e-02 2.284900657832622528e-02 1.762687810696661472e-03 6.910808850079774857e-03 1.520048733800649643e-02 3.105068765580654144e-02 1.188122760504484177e-02 1.788854040205478668e-02 8.562183007597923279e-03 2.789015695452690125e-02 4.334547556936740875e-03 4.766512289643287659e-02 6.706489715725183487e-03 2.853641984984278679e-03 2.493929490447044373e-02 4.719880595803260803e-02 1.343238633126020432e-02 6.717244163155555725e-03 2.733954414725303650e-02 2.180465869605541229e-02 8.410954847931861877e-03 3.183440491557121277e-02 3.590993955731391907e-02 4.226973396725952625e-05 2.120842970907688141e-02 3.325184062123298645e-02 1.617490872740745544e-02 1.963223516941070557e-02 7.270069792866706848e-03 6.457310914993286133e-02 6.906767934560775757e-02 2.443831413984298706e-02 5.828537046909332275e-03 1.589352078735828400e-02 4.235699400305747986e-02 1.310458406805992126e-02 6.204368546605110168e-02 2.201556786894798279e-02 3.015563264489173889e-02 3.944100067019462585e-02 1.780223660171031952e-02 2.699987031519412994e-02 3.567989915609359741e-02 1.731201633810997009e-02 3.019259124994277954e-02 1.814048178493976593e-02 3.283854201436042786e-02 8.051714859902858734e-03 2.201208285987377167e-02 3.188597783446311951e-02 2.937451750040054321e-02 3.711226209998130798e-02 3.739890456199645996e-02 3.310287371277809143e-02 2.679637074470520020e-02 9.073973633348941803e-03 3.426430746912956238e-02 1.667317450046539307e-01 8.152304589748382568e-02 5.456916187540628016e-05 2.813476882874965668e-02 3.757008165121078491e-02 1.464010030031204224e-02 7.858291268348693848e-02 3.730510175228118896e-02 1.433562836609780788e-03 3.695492073893547058e-02 7.757223676890134811e-03 2.081032097339630127e-02 1.824660971760749817e-02 6.673749070614576340e-03 4.693903028964996338e-03 1.997585408389568329e-02 1.335769798606634140e-02 4.025321081280708313e-02 2.613162994384765625e-02 1.217602659016847610e-02 1.525865495204925537e-02 3.197848424315452576e-02 1.273486483842134476e-02 2.955636940896511078e-02 2.937901206314563751e-02 2.211629413068294525e-02 2.194830402731895447e-02 5.578164756298065186e-02 9.415837936103343964e-03 2.954157628118991852e-02 2.763042412698268890e-02 2.551413886249065399e-02 2.500702813267707825e-02 2.504486963152885437e-02 4.909289255738258362e-02 1.670237979851663113e-03
2.955572307109832764e-02 2.683003991842269897e-02 1.553606521338224411e-02 1.023939903825521469e-02 1.845941692590713501e-02 7.352494285441935062e-04 9.033685550093650818e-03 1.680840551853179932e-02 6.184351444244384766e-01 5.341145023703575134e-02 3.236588835716247559e-02 3.318106755614280701e-02 2.797161228954792023e-02 2.621005522087216377e-03 3.584482520818710327e-02 6.730271875858306885e-02 5.378074571490287781e-02 3.074099123477935791e-02 1.391523890197277069e-02 2.507864125072956085e-02 1.885488815605640411e-02 2.888381294906139374e-02 3.150223195552825928e-02 3.261112421751022339e-02 3.205421939492225647e-02 4.573762789368629456e-02 1.164063904434442520e-02 3.302268916741013527e-03 4.142516106367111206e-02 1.653306931257247925e-02 8.196389302611351013e-03 2.582320757210254669e-02 2.703817561268806458e-02 4.081645607948303223e-02 2.712527662515640259e-02 3.176417946815490723e-02 4.893202334642410278e-02 2.631474984809756279e-03 4.527664929628372192e-02 3.498066961765289307e-02 1.369503210298717022e-03 2.738064527511596680e-02 1.341153401881456375e-02 3.632651269435882568e-02 1.864104904234409332e-02 2.704609744250774384e-02 8.871935307979583740e-03 9.244200773537158966e-03 2.443586476147174835e-02 1.218460034579038620e-02 7.969421334564685822e-03 1.390837784856557846e-02 4.570730403065681458e-02 3.698153421282768250e-03 9.250435233116149902e-02 1.643032021820545197e-02 7.057172711938619614e-03 2.023451216518878937e-02 3.409178182482719421e-02 3.463362902402877808e-02 5.283127352595329285e-02 9.563138708472251892e-03 7.184157148003578186e-03 1.333326660096645355e-02 2.483066916465759277e-02 2.993302233517169952e-02 4.131157323718070984e-02 4.105382785201072693e-02 8.277839422225952148e-02 2.383281709626317024e-03 4.926551505923271179e-02 1.669298857450485229e-02 1.640963833779096603e-03 2.189998980611562729e-03 1.639497652649879456e-02 2.234604023396968842e-02 1.043656840920448303e-01 5.260744318366050720e-02 1.171463262289762497e-02 2.375937765464186668e-03 3.394200280308723450e-02 2.284277603030204773e-02 2.699921652674674988e-02 7.388914003968238831e-03 1.948255114257335663e-02 3.923716396093368530e-02 2.127329632639884949e-02 1.773398369550704956e-02 7.044406980276107788e-02 4.891942813992500305e-02 6.101950537413358688e-03 1.040382590144872665e-02 1.475695427507162094e-02 9.079802548512816429e-04 2.406518347561359406e-02 9.535548277199268341e-03 8.072162978351116180e-03 2.466084994375705719e-02 2.942354604601860046e-02 1.148392260074615479e-02 4.121811315417289734e-02 4.516973719000816345e-02 1.004173769615590572e-03 8.387377485632896423e-03 3.417519107460975647e-02 3.309036418795585632e-02 4.388421773910522461e-02 6.033882964402437210e-03 4.199891537427902222e-02 2.240171656012535095e-02 2.363271266222000122e-02 1.461722608655691147e-02 2.093285322189331055e-02 8.095283992588520050e-03 7.226431276649236679e-03 1.267581153661012650e-02
2.713567577302455902e-02 2.444846928119659424e-02 5.632746033370494843e-03 1.986013539135456085e-02 1.135358400642871857e-02 6.058651953935623169e-03 2.222084067761898041e-02 3.766309469938278198e-02 5.341145023703575134e-02 6.139902472496032715e-01 2.460662648081779480e-02 4.690939560532569885e-03 1.859958656132221222e-02 1.401264593005180359e-02 2.468769252300262451e-02 3.958090394735336304e-02 4.355634376406669617e-02 2.324652113020420074e-02 8.777602016925811768e-02 6.753365509212017059e-03 7.010100409388542175e-03 1.187167968600988388e-02 1.506664790213108063e-02 2.475696243345737457e-02 1.492801494896411896e-02 4.812090843915939331e-02 1.992258988320827484e-02 2.315424196422100067e-02 4.054632410407066345e-02 1.592405326664447784e-02 6.464968901127576828e-03 1.333090011030435562e-02 3.541785106062889099e-02 7.228284142911434174e-03 4.555955901741981506e-02 1.778838783502578735e-02 2.082546241581439972e-02 1.662864722311496735e-02 4.511604830622673035e-02 4.694585502147674561e-02 1.221101614646613598e-03 1.562677510082721710e-02 2.691834699362516403e-03 3.408443927764892578e-02 7.728106807917356491e-03 1.251531485468149185e-02 2.784801181405782700e-03 9.092467837035655975e-03 2.136011980473995209e-02 4.928340762853622437e-02 1.934048347175121307e-02 3.160893917083740234e-02 5.485695786774158478e-03 9.782945737242698669e-03 5.659271497279405594e-03 9.365200821775943041e-05 4.498737305402755737e-02 4.599885642528533936e-02 2.418202906847000122e-02 2.873624674975872040e-02 1.764704287052154541e-02 9.054753929376602173e-03 2.678934670984745026e-02 2.597326599061489105e-02 2.564010024070739746e-02 1.965333521366119385e-02 1.318595372140407562e-02 1.856132782995700836e-02 2.059311419725418091e-02 3.769256547093391418e-02 2.881189621984958649e-02 1.806674897670745850e-02 4.339903965592384338e-02 4.054195433855056763e-02 3.493210673332214355e-02 9.877236559987068176e-03 3.486909344792366028e-02 8.542784303426742554e-02 2.388541027903556824e-02 6.522961705923080444e-02 4.104347899556159973e-02 5.105930380523204803e-03 1.484278962016105652e-02 1.808010973036289215e-03 1.075739040970802307e-02 2.823926275596022606e-03 2.444092556834220886e-02 1.023997273296117783e-02 2.973804250359535217e-02 6.451116502285003662e-02 2.090596407651901245e-02 4.700698889791965485e-03 4.609373398125171661e-03 1.241284701973199844e-02 6.005479488521814346e-03 1.304654590785503387e-02 8.038772502914071083e-04 5.444787908345460892e-03 9.817822836339473724e-03 9.855394251644611359e-03 3.007894381880760193e-02 2.533363550901412964e-02 9.511068463325500488e-03 1.409814343787729740e-03 3.235488757491111755e-02 3.196438401937484741e-02 3.752315789461135864e-02 3.653195872902870178e-02 2.974949218332767487e-02 1.914177089929580688e-02 3.284674137830734253e-02 1.855175010859966278e-02 1.379829365760087967e-02 2.987478114664554596e-02 4.165010992437601089e-03 6.255219224840402603e-03
4.343608766794204712e-02 3.461426496505737305e-02 1.293880492448806763e-02 1.579145714640617371e-02 4.949674475938081741e-03 2.749599330127239227e-02 2.006608434021472931e-02 3.218385204672813416e-02 3.236588835716247559e-02 2.460662648081779480e-02 6.242645978927612305e-01 2.111208252608776093e-02 4.527482017874717712e-02 1.287309359759092331e-02 4.459253326058387756e-02 3.691023588180541992e-02 2.443357370793819427e-02 1.122177205979824066e-02 3.676110133528709412e-02 4.677783232182264328e-03 1.625335030257701874e-02 3.232536464929580688e-02 2.885175496339797974e-02 2.675184793770313263e-02 1.092305965721607208e-02 1.341387163847684860e-02 2.006474696099758148e-02 3.416864573955535889e-02 4.962739348411560059e-02 2.119604498147964478e-02 2.492054365575313568e-02 1.676232554018497467e-02 3.063692478463053703e-03 1.096582412719726562e-02 5.672384984791278839e-03 1.677095144987106323e-02 4.578169900923967361e-03 4.005878698080778122e-03 4.607300274074077606e-03 5.387772805988788605e-03 2.583705354481935501e-03 2.834458835422992706e-02 1.985886879265308380e-02 1.735702343285083771e-02 3.772784257307648659e-04 1.391639560461044312e-02 2.196062356233596802e-02 1.734055951237678528e-02 3.282724693417549133e-02 8.100296836346387863e-04 3.086791001260280609e-02 2.252919599413871765e-02 6.356066092848777771e-03 2.171766757965087891e-02 3.177041560411453247e-02 7.923598401248455048e-03 3.629979211837053299e-03 5.136078689247369766e-03 3.673442406579852104e-03 2.884038724005222321e-02 3.164792433381080627e-02 1.450373441912233829e-03 2.255916967988014221e-02 1.164075452834367752e-02 3.543636947870254517e-02 3.340530768036842346e-02 9.607498534023761749e-03 8.761254721321165562e-04 2.639118209481239319e-02 8.295409381389617920e-03 1.118665933609008789e-02 1.530655426904559135e-03 4.717298969626426697e-02 1.521130761830136180e-04 2.650864049792289734e-02 6.726235616952180862e-03 2.680719271302223206e-02 1.579373888671398163e-02 2.129175700247287750e-02 2.069616876542568207e-02 2.145491726696491241e-02 1.428653602488338947e-03 4.542386624962091446e-03 5.795032251626253128e-03 2.369466982781887054e-02 1.601458899676799774e-02 2.945859357714653015e-02 1.828844472765922546e-02 4.489433020353317261e-02 2.848040126264095306e-02 2.128977142274379730e-02 2.363937348127365112e-02 8.913396857678890228e-03 1.724232360720634460e-02 2.335139177739620209e-02 1.043163426220417023e-02 1.338599715381860733e-02 1.144484896212816238e-02 2.124059759080410004e-02 1.843222230672836304e-02 9.915361180901527405e-03 5.294066853821277618e-03 1.431655045598745346e-02 3.506361739709973335e-03 8.346362970769405365e-03 1.267221663147211075e-02 2.772599272429943085e-02 9.469714947044849396e-03 1.356535311788320541e-02 2.637415379285812378e-02 1.070648082531988621e-03 9.857372380793094635e-03 1.968778297305107117e-02 1.296530291438102722e-02 4.337399080395698547e-02 4.622380807995796204e-02
1.763486489653587341e-02 1.002738624811172485e-02 6.699695717543363571e-03 3.752180607989430428e-03 2.184034325182437897e-03 3.843569755554199219e-02 1.358271297067403793e-02 4.374597594141960144e-02 3.318106755614280701e-02 4.690939560532569885e-03 2.111208252608776093e-02 6.239169239997863770e-01 6.489353254437446594e-04 1.118553504347801208e-01 1.479260530322790146e-02 2.290693111717700958e-02 1.574255898594856262e-02 3.611484169960021973e-02 3.787004202604293823e-02 3.265118226408958435e-02 2.909080870449542999e-02 3.378900513052940369e-02 2.988068945705890656e-02 1.776598207652568817e-02 2.570110373198986053e-02 2.703517861664295197e-02 3.994738683104515076e-02 1.105997636914253235e-01 5.100286006927490234e-02 1.111901924014091492e-01 1.671959296800196171e-03 6.746650207787752151e-03 4.354164376854896545e-02 1.033101044595241547e-02 2.053524926304817200e-02 4.553133249282836914e-02 3.821775689721107483e-02 2.588745951652526855e-02 1.596114225685596466e-02 2.213932387530803680e-02 1.096694357693195343e-02 2.773376740515232086e-02 5.014715716242790222e-02 2.704596891999244690e-02 9.184250608086585999e-03 2.472766861319541931e-02 7.587266154587268829e-03 4.500477574765682220e-03 2.922611683607101440e-02 4.045769199728965759e-02 2.159249596297740936e-02 3.331730514764785767e-02 8.630246855318546295e-03 1.349341683089733124e-02 4.153933003544807434e-02 1.093347184360027313e-02 2.591311745345592499e-02 3.421092033386230469e-02 9.359414689242839813e-03 1.112608797848224640e-02 4.497088864445686340e-02 1.166692189872264862e-02 1.527346088550984859e-03 1.944732666015625000e-02 1.485709752887487411e-02 9.850810281932353973e-03 1.826262660324573517e-02 3.116447106003761292e-02 6.133148446679115295e-02 1.959821768105030060e-02 5.805362761020660400e-02 1.763900369405746460e-02 5.474704504013061523e-02 1.493387972004711628e-03 4.820579290390014648e-02 1.999985106522217393e-04 5.623432248830795288e-02 3.460554778575897217e-02 2.855489030480384827e-02 4.085069522261619568e-02 4.241304099559783936e-02 2.363182604312896729e-03 1.962805911898612976e-02 1.784634776413440704e-02 4.703496769070625305e-02 3.955173119902610779e-02 1.754986867308616638e-02 1.055802684277296066e-02 9.076088666915893555e-02 7.065025717020034790e-02 2.596690878272056580e-02 3.835974633693695068e-02 2.123659104108810425e-02 3.338682651519775391e-02 4.387599974870681763e-02 3.500132262706756592e-02 1.584194786846637726e-02 1.498516066931188107e-03 3.481629863381385803e-02 4.551157727837562561e-02 1.431194972246885300e-02 1.374121755361557007e-02 2.855121565517038107e-04 1.013715285807847977e-02 1.577625796198844910e-02 4.644976928830146790e-02 1.457768678665161133e-02 2.730690687894821167e-02 2.319939434528350830e-03 1.463132095523178577e-03 8.857949636876583099e-03 1.401086151599884033e-02 4.265592619776725769e-02 2.062697149813175201e-02 3.817098960280418396e-02 6.724077463150024414e-02
3.407146781682968140e-02 4.690112173557281494e-02 1.517609879374504089e-02 1.695950888097286224e-02 1.332956249825656414e-03 2.803416550159454346e-02 2.663518674671649933e-02 2.987698093056678772e-02 2.797161228954792023e-02 1.859958656132221222e-02 4.527482017874717712e-02 6.489353254437446594e-04 6.236419677734375000e-01 1.410083938390016556e-02 4.571580514311790466e-02 2.649047970771789551e-02 2.201308310031890869e-02 1.376010198146104813e-02 4.465902224183082581e-02 1.148253958672285080e-02 2.411234565079212189e-02 3.039734996855258942e-02 8.854421786963939667e-03 1.014319621026515961e-02 2.195640653371810913e-02 3.089831210672855377e-02 5.579169839620590210e-03 7.520805578678846359e-03 2.550484985113143921e-02 3.152517369017004967e-03 3.837281093001365662e-02 2.336012572050094604e-02 1.497325766831636429e-02 1.562166586518287659e-02 4.998591262847185135e-03 1.706922799348831177e-02 7.783609908074140549e-03 4.396080505102872849e-03 3.719044616445899010e-03 3.430734795983880758e-04 1.620572991669178009e-02 2.138043008744716644e-02 1.005267351865768433e-02 3.485615551471710205e-02 8.325219154357910156e-03 1.007060054689645767e-03 2.101790718734264374e-02 2.485324256122112274e-02 3.709628805518150330e-02 1.099486928433179855e-02 1.419472415000200272e-02 1.032495498657226562e-02 6.775904446840286255e-03 1.351579278707504272e-02 3.857621178030967712e-02 1.744453422725200653e-02 1.318095810711383820e-02 8.600953035056591034e-03 5.556840915232896805e-03 2.399752102792263031e-02 4.530739784240722656e-02 4.318440798670053482e-03 2.400909364223480225e-02 6.858378648757934570e-03 2.151251956820487976e-02 3.397055715322494507e-02 1.915406808257102966e-02 1.011132169514894485e-02 2.086372487246990204e-02 8.791803382337093353e-03 9.154016152024269104e-03 3.399839391931891441e-03 4.598960652947425842e-02 1.998613961040973663e-02 2.706726267933845520e-02 2.029111422598361969e-02 1.745974272489547729e-02 1.292665489017963409e-02 1.292790379375219345e-02 1.231010723859071732e-02 1.242131646722555161e-02 1.219754014164209366e-02 8.922473643906414509e-04 5.314294714480638504e-03 2.484336309134960175e-02 6.208163686096668243e-03 2.423219196498394012e-02 2.823160216212272644e-02 4.268974810838699341e-02 1.759220287203788757e-02 2.353727072477340698e-02 1.487958990037441254e-02 2.289090119302272797e-02 1.627456396818161011e-02 2.393546700477600098e-02 1.497210934758186340e-02 2.341707440791651607e-04 1.274776738137006760e-02 1.648472622036933899e-02 1.302618626505136490e-02 1.198689080774784088e-02 1.019832864403724670e-02 3.134192200377583504e-03 4.063852597028017044e-03 2.476373873651027679e-02 8.452871697954833508e-04 3.365964442491531372e-02 2.867762697860598564e-03 2.108064852654933929e-02 2.723503671586513519e-02 5.215601064264774323e-03 7.803112268447875977e-03 1.584955491125583649e-02 9.009147994220256805e-03 4.064338281750679016e-02 2.403472736477851868e-02
