4.338551163673400879e-01 1.835878044366836548e-01 1.233892701566219330e-02 1.735281199216842651e-02 3.836396336555480957e-02 1.109287589788436890e-01 1.898852922022342682e-02 2.064291201531887054e-02 5.156638845801353455e-02 5.430712830275297165e-03 5.433006957173347473e-02 2.338345535099506378e-02 1.095484662801027298e-02 2.656672149896621704e-02 4.243771731853485107e-02 5.129349417984485626e-03 3.624169901013374329e-02 1.609420962631702423e-02 9.595439769327640533e-03 4.115818440914154053e-02 3.326178714632987976e-02 3.263504058122634888e-02 6.137481704354286194e-02 3.272833302617073059e-02 1.635000295937061310e-02 2.867749519646167755e-02 3.727020323276519775e-02 4.800561815500259399e-02 2.286637946963310242e-02 3.117700666189193726e-02 5.885279178619384766e-02 2.525513991713523865e-03 1.500561181455850601e-02 1.729205250740051270e-02 2.987831830978393555e-02 2.612795867025852203e-02 1.255310885608196259e-02 5.096095055341720581e-02 1.637564413249492645e-02 1.067932113073766232e-03 3.635488823056221008e-02 2.977523766458034515e-02 9.997796267271041870e-03 7.408597972244024277e-03 6.849400233477354050e-03 1.732344552874565125e-02 3.933748975396156311e-02 1.363080646842718124e-02 4.330951720476150513e-02 3.139712288975715637e-02 2.441583760082721710e-02 3.333654254674911499e-02 3.178818151354789734e-02 1.685216207988560200e-03 2.893600240349769592e-02 4.809186980128288269e-02 1.506673637777566910e-02 1.549203600734472275e-02 2.068349905312061310e-02 1.988225989043712616e-02 1.268450450152158737e-02 2.757117152214050293e-03 1.291236840188503265e-02 4.058152809739112854e-02 2.662851288914680481e-02 3.464183583855628967e-02 1.796621945686638355e-03 4.758592322468757629e-02 6.283054593950510025e-03 1.362238079309463501e-03 2.209266833961009979e-02 2.418463863432407379e-02 2.752867341041564941e-02 5.170663353055715561e-03 1.815582439303398132e-02 1.286336407065391541e-02 1.026472658850252628e-03 2.628448419272899628e-02 8.087850175797939301e-03 4.490112140774726868e-02 4.015245661139488220e-02 2.500398643314838409e-02 1.663376204669475555e-02 2.099574916064739227e-02 2.489776525180786848e-04 8.959892205893993378e-03 3.644400089979171753e-02 4.017283208668231964e-03 3.090723603963851929e-02 4.473220556974411011e-02 3.880493342876434326e-02 2.193215303122997284e-02 3.417203947901725769e-02 6.254483945667743683e-03 9.208333678543567657e-03 3.540307283401489258e-02 1.607158407568931580e-02 2.904667891561985016e-02 4.349188413470983505e-03 2.218992449343204498e-02 1.022254861891269684e-02 1.587196439504623413e-02 2.105803461745381355e-03 1.197327114641666412e-02 3.180945292115211487e-02 3.002295270562171936e-02 1.454926468431949615e-02 4.556185379624366760e-02 3.015819378197193146e-02 3.956176340579986572e-03 2.303020283579826355e-02 1.027192454785108566e-02 3.837282210588455200e-02 7.073638588190078735e-02 4.586835578083992004e-02 5.123253166675567627e-02
1.835878044366836548e-01 4.390838444232940674e-01 4.266236443072557449e-03 9.429563768208026886e-03 3.523731231689453125e-02 9.171047806739807129e-02 3.356035426259040833e-02 3.427943214774131775e-02 1.500901766121387482e-02 2.802479080855846405e-02 6.199808418750762939e-02 4.421148449182510376e-02 7.629418373107910156e-02 8.237936347723007202e-02 1.779687032103538513e-02 7.913370616734027863e-03 1.312593743205070496e-02 2.270789816975593567e-02 1.054841931909322739e-02 4.065878689289093018e-02 3.518420830368995667e-02 2.650909312069416046e-02 1.898917369544506073e-02 2.418307401239871979e-02 4.134308546781539917e-02 2.881834283471107483e-02 9.218280203640460968e-03 2.870202437043190002e-02 4.574625752866268158e-03 1.998662762343883514e-02 3.896772861480712891e-02 2.067692205309867859e-02 1.832490204833447933e-03 3.940545022487640381e-02 5.385095626115798950e-02 2.034006826579570770e-02 3.047981299459934235e-02 5.510913953185081482e-02 1.646461896598339081e-03 8.720558136701583862e-03 2.193870395421981812e-02 2.154375799000263214e-02 7.454411243088543415e-04 4.272775724530220032e-02 3.730928152799606323e-02 7.423498202115297318e-03 1.557320356369018555e-02 1.123150344938039780e-02 3.558473289012908936e-02 4.912270233035087585e-03 6.019528210163116455e-02 5.021483451128005981e-02 3.069879859685897827e-02 4.840969666838645935e-02 3.635681234300136566e-03 2.912908419966697693e-02 1.043697446584701538e-02 3.211265802383422852e-02 2.101172134280204773e-02 7.153984904289245605e-02 1.672131754457950592e-02 1.988273346796631813e-03 4.018238559365272522e-02 3.312276676297187805e-02 3.136521205306053162e-02 3.492404520511627197e-02 3.372588753700256348e-02 1.848858967423439026e-02 1.676219515502452850e-02 1.142185367643833160e-02 9.974733926355838776e-03 2.661445550620555878e-02 1.553964987397193909e-02 4.233079403638839722e-02 1.067872042767703533e-03 3.591886907815933228e-02 7.547492161393165588e-03 5.175935849547386169e-02 4.288756474852561951e-02 2.434925921261310577e-02 2.331952750682830811e-02 4.826185852289199829e-02 3.874732926487922668e-02 3.645371645689010620e-02 2.692701295018196106e-02 2.354844938963651657e-03 2.367629110813140869e-02 4.475647211074829102e-02 9.458879940211772919e-03 4.177757352590560913e-02 2.075470611453056335e-02 1.632948406040668488e-02 2.947397902607917786e-02 5.126532632857561111e-04 1.167387701570987701e-02 2.094636671245098114e-02 3.589255735278129578e-02 4.193843808025121689e-03 3.315977007150650024e-02 1.265130378305912018e-02 4.460745304822921753e-02 3.944922611117362976e-02 1.266751438379287720e-02 2.439635433256626129e-02 8.372035808861255646e-03 2.813817746937274933e-02 2.633550576865673065e-02 4.383106529712677002e-02 2.621992304921150208e-02 1.439818646758794785e-02 4.642145708203315735e-03 1.863959804177284241e-02 6.037804298102855682e-03 6.795082986354827881e-02 1.203058939427137375e-02 4.898375645279884338e-02
1.233892701566219330e-02 4.266236443072557449e-03 4.242287576198577881e-01 6.034484133124351501e-03 1.412036083638668060e-02 2.864506468176841736e-02 4.514591395854949951e-02 7.837930321693420410e-02 2.474801801145076752e-02 1.666368450969457626e-03 3.234348446130752563e-02 3.467159718275070190e-02 2.876058965921401978e-02 1.299509219825267792e-02 6.502515170723199844e-03 3.081691823899745941e-02 3.020318597555160522e-02 2.929993532598018646e-02 3.798044100403785706e-02 2.273022010922431946e-02 4.381605610251426697e-02 2.535585500299930573e-02 8.445866405963897705e-02 1.868711551651358604e-03 8.366340771317481995e-03 3.456987440586090088e-02 2.380246296525001526e-02 3.206216171383857727e-02 1.826727762818336487e-02 6.325573660433292389e-03 1.345696952193975449e-02 2.453998290002346039e-02 2.631643554195761681e-03 9.138882160186767578e-03 1.431539282202720642e-02 8.750522509217262268e-03 5.765996174886822701e-04 2.988171763718128204e-03 2.153937332332134247e-02 2.627718076109886169e-02 6.187840830534696579e-03 5.769890546798706055e-02 2.954252623021602631e-02 3.881490090861916542e-03 1.241461373865604401e-02 2.520605921745300293e-02 9.607895277440547943e-03 4.779258742928504944e-02 3.069963771849870682e-03 3.803924471139907837e-02 9.519590437412261963e-02 1.303941570222377777e-02 2.270573750138282776e-02 2.511373721063137054e-02 3.758593276143074036e-02 4.011771827936172485e-02 5.337509885430335999e-02 2.578576095402240753e-02 3.968956694006919861e-02 4.045224189758300781e-02 5.647940095514059067e-03 3.358635678887367249e-02 3.813312947750091553e-02 1.392871700227260590e-02 2.423647791147232056e-02 1.732553914189338684e-02 7.226207293570041656e-03 4.282887652516365051e-02 1.736098784022033215e-03 2.285678125917911530e-02 1.790700294077396393e-02 2.519314549863338470e-02 1.487257797271013260e-02 3.784018009901046753e-02 2.781666256487369537e-02 1.372155267745256424e-02 3.275123983621597290e-02 5.752582103013992310e-03 8.852237835526466370e-03 5.127675365656614304e-03 2.060547620058059692e-01 8.271740376949310303e-02 6.019816733896732330e-03 1.038869470357894897e-02 3.711040318012237549e-02 2.147312974557280540e-03 2.936526201665401459e-03 2.234214916825294495e-02 2.924100495874881744e-03 2.649763785302639008e-02 2.817451581358909607e-02 5.647901911288499832e-03 4.364151135087013245e-02 1.535127870738506317e-03 2.226364985108375549e-02 1.923948153853416443e-02 4.577813670039176941e-02 3.123901411890983582e-02 5.638413876295089722e-02 5.282496660947799683e-02 1.959543675184249878e-02 2.040198445320129395e-02 4.711686074733734131e-02 2.089029923081398010e-02 2.582584694027900696e-02 1.464050449430942535e-02 7.031695917248725891e-03 2.833830937743186951e-02 2.184290066361427307e-02 1.786576001904904842e-03 3.072118014097213745e-02 3.837368218228220940e-03 3.645690903067588806e-02 5.221084505319595337e-02 6.961017847061157227e-03 1.168392878025770187e-02
1.735281199216842651e-02 9.429563768208026886e-03 6.034484133124351501e-03 4.324188232421875000e-01 2.000479251146316528e-01 4.925243556499481201e-02 1.473652385175228119e-02 9.508535265922546387e-03 1.933626085519790649e-02 4.002112150192260742e-02 1.119807641953229904e-02 1.788407936692237854e-02 4.204565659165382385e-02 4.489590972661972046e-02 1.300098001956939697e-02 3.653986752033233643e-02 1.587482355535030365e-02 4.074331745505332947e-02 9.029165841639041901e-03 1.057721395045518875e-02 4.516108334064483643e-02 1.278199348598718643e-02 4.720409400761127472e-03 1.464166119694709778e-02 2.837006002664566040e-02 1.828490197658538818e-02 7.463979534804821014e-03 3.863920643925666809e-02 5.518200248479843140e-02 4.591187089681625366e-02 2.058681473135948181e-02 1.266064960509538651e-02 5.521472170948982239e-02 2.116726338863372803e-02 1.257300842553377151e-03 7.283105049282312393e-03 1.227748487144708633e-02 4.034459590911865234e-03 6.721033900976181030e-02 4.583620652556419373e-02 3.669820725917816162e-02 3.908155951648950577e-03 2.776609547436237335e-02 1.027881540358066559e-02 1.272490248084068298e-02 4.762073606252670288e-02 2.614088729023933411e-02 3.130289539694786072e-02 6.161687523126602173e-02 3.411096334457397461e-02 2.454947680234909058e-02 2.445849403738975525e-02 1.855533197522163391e-02 1.330651436001062393e-02 5.239359661936759949e-02 4.507581889629364014e-02 1.998150488361716270e-03 1.921156607568264008e-02 1.140910014510154724e-02 2.712678862735629082e-03 3.887723758816719055e-02 3.865873813629150391e-02 6.178357452154159546e-02 1.103286910802125931e-02 4.295787587761878967e-02 3.705726563930511475e-02 3.592063114047050476e-02 3.969544544816017151e-02 4.914126172661781311e-02 2.022390067577362061e-02 3.906432539224624634e-02 2.492517465725541115e-03 3.284326940774917603e-02 4.187694936990737915e-02 3.061467316001653671e-03 3.792759962379932404e-03 1.228905189782381058e-02 3.930183500051498413e-02 7.854430377483367920e-02 1.177966967225074768e-02 7.445296272635459900e-03 3.856075927615165710e-02 1.916217617690563202e-02 7.289797998964786530e-03 1.960309222340583801e-03 4.710696637630462646e-02 1.555248978547751904e-03 5.416873097419738770e-02 6.184451282024383545e-02 2.334453910589218140e-02 3.738868981599807739e-02 2.191000431776046753e-02 3.740844503045082092e-02 1.458433549851179123e-02 3.577184630557894707e-03 6.521278060972690582e-03 7.789153023622930050e-04 3.107677679508924484e-03 1.103088911622762680e-02 4.623955860733985901e-02 4.586821421980857849e-02 3.139232099056243896e-02 3.447302430868148804e-02 2.162413112819194794e-02 8.377843914786353707e-05 2.849288284778594971e-03 3.303844109177589417e-02 6.115959212183952332e-02 3.116752207279205322e-02 1.447345595806837082e-03 4.584699869155883789e-02 3.149231523275375366e-02 2.636947110295295715e-02 4.744403995573520660e-03 3.069914691150188446e-02 1.007449813187122345e-03
3.836396336555480957e-02 3.523731231689453125e-02 1.412036083638668060e-02 2.000479251146316528e-01 4.341820776462554932e-01 4.593538492918014526e-02 2.401396259665489197e-02 2.624592930078506470e-02 1.845362968742847443e-02 1.373395672999322414e-03 2.866575680673122406e-02 4.283093661069869995e-02 2.139534987509250641e-02 5.327434744685888290e-03 3.155077248811721802e-02 5.080395564436912537e-02 3.679607808589935303e-02 3.099918551743030548e-02 3.860977292060852051e-02 3.398425132036209106e-02 1.740935072302818298e-02 8.874270133674144745e-04 1.093850750476121902e-02 1.241908781230449677e-02 2.523148059844970703e-02 5.254366435110569000e-03 4.339348152279853821e-02 2.763210609555244446e-02 1.351552642881870270e-02 7.264574524015188217e-03 1.338391751050949097e-02 7.117852568626403809e-03 2.417206764221191406e-02 2.135823853313922882e-02 1.006850320845842361e-02 1.161745376884937286e-02 1.410392671823501587e-02 2.782561257481575012e-02 2.163573168218135834e-02 7.176154851913452148e-02 3.857029974460601807e-02 1.226213853806257248e-02 3.558757528662681580e-02 9.782615117728710175e-03 3.643112257122993469e-02 1.297146081924438477e-02 5.062911286950111389e-02 5.359411612153053284e-02 5.253355950117111206e-02 3.716906160116195679e-02 3.815379366278648376e-02 1.769673894159495831e-03 4.229322820901870728e-02 2.848621457815170288e-02 3.303518891334533691e-02 2.556035108864307404e-02 6.250622123479843140e-02 2.572034113109111786e-02 2.446586266160011292e-02 2.981990575790405273e-02 1.549253053963184357e-02 4.820622503757476807e-02 1.773823797702789307e-02 1.500011235475540161e-02 4.532666876912117004e-03 8.198122493922710419e-03 3.995446488261222839e-02 1.224438101053237915e-02 4.201887920498847961e-02 4.143638908863067627e-02 2.300946786999702454e-02 2.905572764575481415e-02 5.045852810144424438e-02 1.533619221299886703e-02 9.013923257589340210e-02 2.588616311550140381e-02 5.330231506377458572e-03 2.987814880907535553e-02 5.430801585316658020e-02 3.358021378517150879e-02 2.627743780612945557e-02 1.915627531707286835e-02 3.721884265542030334e-02 2.569519169628620148e-02 2.652315236628055573e-02 4.405440762639045715e-02 2.713823877274990082e-02 4.672867944464087486e-04 9.824416600167751312e-03 3.897047415375709534e-02 3.734248457476496696e-03 4.676522687077522278e-02 2.967355027794837952e-02 1.653761230409145355e-02 2.339496836066246033e-02 6.620630621910095215e-02 3.045022953301668167e-03 1.860768184997141361e-03 3.730703843757510185e-03 5.359898786991834641e-04 2.282901667058467865e-02 1.863514073193073273e-02 4.280230402946472168e-02 2.958225551992654800e-03 2.134573459625244141e-02 1.575257442891597748e-02 3.345279255881905556e-03 3.210199624300003052e-02 2.894922532141208649e-02 2.218106761574745178e-03 3.814389556646347046e-02 4.770035296678543091e-02 2.341393008828163147e-02 1.945670880377292633e-02 9.840496629476547241e-02 3.972405940294265747e-02
1.109287589788436890e-01 9.171047806739807129e-02 2.864506468176841736e-02 4.925243556499481201e-02 4.593538492918014526e-02 4.545148313045501709e-01 1.115651279687881470e-01 2.232732810080051422e-02 6.892852950841188431e-03 8.083677850663661957e-03 5.099108070135116577e-02 1.242488622665405273e-02 5.269595608115196228e-02 4.557598382234573364e-02 2.011273801326751709e-02 1.791186747141182423e-03 4.571802541613578796e-02 2.102256380021572113e-02 4.854280874133110046e-02 1.503559853881597519e-02 1.313828490674495697e-02 3.630894422531127930e-02 3.443733975291252136e-02 2.980736643075942993e-02 4.180741962045431137e-03 1.282825786620378494e-02 2.177678234875202179e-02 2.431501820683479309e-02 1.336152385920286179e-02 1.181875821202993393e-02 7.913337089121341705e-03 4.917931929230690002e-02 3.485399112105369568e-02 2.120579779148101807e-02 1.761882565915584564e-02 4.954425990581512451e-02 3.402038291096687317e-02 1.479299040511250496e-03 5.655749235302209854e-03 4.694928880780935287e-03 3.148176893591880798e-02 3.094071522355079651e-02 2.893022075295448303e-02 1.512089278548955917e-02 4.316683486104011536e-02 6.859430577605962753e-03 1.179787442088127136e-01 8.847873657941818237e-02 4.249224066734313965e-02 3.430829197168350220e-02 2.529809623956680298e-02 8.016484789550304413e-03 1.970109902322292328e-02 3.485989570617675781e-02 7.033101283013820648e-03 1.884237676858901978e-02 3.534821420907974243e-02 2.887951582670211792e-02 6.961772684007883072e-03 2.849739789962768555e-02 2.313205786049365997e-02 3.929849714040756226e-02 1.330167241394519806e-02 4.185685515403747559e-02 1.899487152695655823e-02 3.148945420980453491e-02 2.944820746779441833e-02 1.705934479832649231e-02 3.642319887876510620e-02 1.271004974842071533e-02 1.395309995859861374e-02 5.602276697754859924e-02 3.992715105414390564e-02 3.939318284392356873e-02 3.005223721265792847e-02 5.566964298486709595e-02 3.945068269968032837e-02 4.601466062013059855e-04 2.368756756186485291e-02 2.933825738728046417e-02 4.428276047110557556e-02 2.161412127315998077e-02 3.366335853934288025e-02 3.887159749865531921e-03 6.937172729521989822e-04 1.422841008752584457e-02 6.905058398842811584e-03 1.344080455601215363e-02 2.510702237486839294e-03 2.922812104225158691e-02 3.023420274257659912e-02 6.267474591732025146e-02 3.053309954702854156e-02 3.439092263579368591e-02 3.683536872267723083e-02 4.017551615834236145e-02 1.270034816116094589e-02 2.109512127935886383e-02 4.628051072359085083e-02 3.486543893814086914e-02 1.501544378697872162e-02 2.790287544485181570e-04 2.922042272984981537e-03 2.827220596373081207e-03 1.871817559003829956e-02 4.263100400567054749e-02 3.158078994601964951e-03 1.249479129910469055e-02 3.043989650905132294e-02 4.252561181783676147e-02 2.301356196403503418e-02 3.915449604392051697e-02 3.078122250735759735e-02 3.006674535572528839e-02 1.019347738474607468e-02 1.857078634202480316e-02
1.898852922022342682e-02 3.356035426259040833e-02 4.514591395854949951e-02 1.473652385175228119e-02 2.401396259665489197e-02 1.115651279687881470e-01 4.575577378273010254e-01 1.885905861854553223e-02 5.478922277688980103e-03 4.334296286106109619e-02 5.319611355662345886e-02 5.648442357778549194e-02 4.318544268608093262e-02 8.298049680888652802e-03 2.925566956400871277e-02 1.182181062176823616e-03 2.102120593190193176e-02 5.149225518107414246e-02 4.255513101816177368e-02 4.833980463445186615e-03 1.949633844196796417e-02 4.281548410654067993e-02 2.115944400429725647e-02 9.161476977169513702e-03 2.518559619784355164e-02 4.021893814206123352e-02 1.744620152749121189e-03 2.619122155010700226e-02 2.242787927389144897e-02 1.424793340265750885e-02 2.787285111844539642e-02 3.652107343077659607e-02 3.214235603809356689e-02 5.997540894895792007e-03 1.706002466380596161e-02 3.736069053411483765e-02 4.637295752763748169e-02 1.506159268319606781e-02 5.023507401347160339e-03 2.987621352076530457e-02 8.907075971364974976e-03 3.623865172266960144e-02 3.578215837478637695e-02 5.178424529731273651e-03 4.222791269421577454e-02 1.711446791887283325e-02 1.021561250090599060e-01 1.254125237464904785e-01 2.643188647925853729e-02 2.682515047490596771e-02 1.915117725729942322e-02 9.778555482625961304e-03 4.507048055529594421e-02 5.306397750973701477e-02 5.577627569437026978e-02 3.937538340687751770e-02 1.759911142289638519e-02 1.161570847034454346e-02 6.461271084845066071e-03 2.591041382402181625e-03 3.360131010413169861e-02 8.610939607024192810e-03 3.937388584017753601e-02 8.603757247328758240e-03 1.277646422386169434e-02 2.177108451724052429e-02 2.272254973649978638e-02 4.079280421137809753e-03 7.068112492561340332e-03 1.721159182488918304e-02 2.442784421145915985e-02 2.803006581962108612e-02 6.205487996339797974e-03 1.730266213417053223e-02 3.283937647938728333e-02 2.857025153934955597e-02 4.177672043442726135e-02 3.648493811488151550e-02 1.458118390291929245e-02 3.383895382285118103e-02 1.695649325847625732e-02 2.403200231492519379e-02 2.851610071957111359e-02 5.095228552818298340e-03 1.294338423758745193e-02 4.092007502913475037e-02 9.030000306665897369e-03 1.418900676071643829e-02 1.549913268536329269e-02 1.531640812754631042e-02 3.360594809055328369e-02 4.354558512568473816e-02 5.487116053700447083e-02 2.015725895762443542e-02 2.903877571225166321e-02 3.149138018488883972e-02 5.875906907021999359e-03 3.512374311685562134e-02 2.921256795525550842e-02 2.286229655146598816e-02 1.350174541585147381e-03 5.680602043867111206e-03 9.001439320854842663e-04 2.191734500229358673e-03 2.497112751007080078e-02 3.938618302345275879e-02 1.370145659893751144e-02 6.814886350184679031e-03 1.058646105229854584e-02 6.128878891468048096e-02 2.509332261979579926e-02 3.390093520283699036e-02 4.187405854463577271e-02 6.556513719260692596e-03 5.427012685686349869e-03 3.174949437379837036e-02
2.064291201531887054e-02 3.427943214774131775e-02 7.837930321693420410e-02 9.508535265922546387e-03 2.624592930078506470e-02 2.232732810080051422e-02 1.885905861854553223e-02 4.367136657238006592e-01 2.329011075198650360e-02 1.354715414345264435e-02 2.258164063096046448e-02 2.467618323862552643e-03 2.509261853992938995e-02 3.114175051450729370e-02 7.623776793479919434e-02 4.876028746366500854e-03 9.441108442842960358e-03 1.902720704674720764e-02 1.275481842458248138e-02 1.631612773053348064e-03 1.638122089207172394e-02 1.747959479689598083e-02 4.831450060009956360e-03 3.955525532364845276e-02 2.765807881951332092e-02 3.414976596832275391e-02 8.970473892986774445e-03 2.075318712741136551e-03 3.840977326035499573e-03 2.041242830455303192e-02 1.190991885960102081e-02 4.399097524583339691e-03 3.721414133906364441e-02 5.871760193258523941e-03 2.687334828078746796e-02 1.026404206641018391e-03 4.744469374418258667e-02 2.440877072513103485e-02 3.425897657871246338e-02 2.867196872830390930e-02 5.237056408077478409e-03 1.588924787938594818e-02 3.011445142328739166e-02 5.699672736227512360e-03 2.762438543140888214e-02 5.370136350393295288e-03 1.145647373050451279e-02 2.591503970324993134e-02 1.557311881333589554e-02 1.928745768964290619e-02 1.812244579195976257e-02 4.201100673526525497e-03 9.111312218010425568e-03 2.518335916101932526e-02 3.775002434849739075e-02 4.782552644610404968e-02 1.853567734360694885e-02 3.250141069293022156e-02 2.520505897700786591e-02 1.419817749410867691e-02 6.138056144118309021e-02 1.587596721947193146e-03 3.438694775104522705e-02 3.296832740306854248e-02 1.336030941456556320e-02 3.150413685943931341e-04 1.242085732519626617e-02 4.723627492785453796e-02 1.060111448168754578e-02 3.835484758019447327e-02 3.111702576279640198e-02 4.673178121447563171e-02 2.132388390600681305e-02 4.652990773320198059e-02 3.755967691540718079e-02 4.546621069312095642e-02 1.930245012044906616e-02 1.848635030910372734e-03 1.940646208822727203e-02 3.237852826714515686e-02 6.733715534210205078e-02 1.581418514251708984e-02 2.069835551083087921e-02 3.018058463931083679e-02 3.464854881167411804e-02 2.490412443876266479e-02 1.023013815283775330e-01 5.967983976006507874e-02 4.202856495976448059e-02 6.368936039507389069e-03 1.729399338364601135e-02 3.093297826126217842e-03 3.441535308957099915e-02 8.672420866787433624e-03 5.010881274938583374e-02 4.057200998067855835e-02 3.837110847234725952e-02 2.994880266487598419e-02 2.422024682164192200e-02 3.464247658848762512e-02 4.993949551135301590e-03 2.984782308340072632e-02 1.321946084499359131e-02 4.966862034052610397e-03 2.484557218849658966e-02 2.611530572175979614e-02 2.989966049790382385e-02 4.417026415467262268e-02 1.616824045777320862e-02 1.208860659971833229e-03 9.139942005276679993e-03 2.035381970927119255e-03 4.152330011129379272e-02 3.366221860051155090e-02 2.055444754660129547e-03 2.449999563395977020e-02
5.156638845801353455e-02 1.500901766121387482e-02 2.474801801145076752e-02 1.933626085519790649e-02 1.845362968742847443e-02 6.892852950841188431e-03 5.478922277688980103e-03 2.329011075198650360e-02 4.468421041965484619e-01 8.447638247162103653e-04 1.125433389097452164e-02 9.604609571397304535e-03 9.973106905817985535e-03 1.560159958899021149e-02 3.722343221306800842e-02 1.647748053073883057e-03 2.713748253881931305e-02 5.687959492206573486e-02 3.419899940490722656e-02 1.824666745960712433e-02 7.193879690021276474e-03 2.570645883679389954e-03 3.658736497163772583e-02 1.704165525734424591e-02 1.071451697498559952e-04 1.157267671078443527e-02 5.075175315141677856e-02 1.592107117176055908e-02 5.153127387166023254e-02 5.632767081260681152e-02 2.006253972649574280e-02 5.200995132327079773e-02 2.094473689794540405e-02 1.657797209918498993e-02 5.929556488990783691e-02 5.018922686576843262e-02 2.477271109819412231e-02 5.047432705760002136e-02 2.420777268707752228e-02 4.587178304791450500e-02 4.805520921945571899e-02 1.155228260904550552e-02 2.838609553873538971e-02 3.022946231067180634e-02 1.152869313955307007e-01 5.729735270142555237e-02 6.765879690647125244e-03 1.325698662549257278e-02 2.612536028027534485e-02 6.364495493471622467e-03 1.239260844886302948e-02 2.881251089274883270e-02 3.946249559521675110e-02 1.906627602875232697e-02 8.349992334842681885e-02 5.885468795895576477e-02 2.735183574259281158e-02 4.991482198238372803e-02 1.888144016265869141e-02 7.659101858735084534e-03 5.481510423123836517e-03 3.300590813159942627e-02 3.151714056730270386e-02 3.241613134741783142e-02 7.118823123164474964e-05 1.654863543808460236e-02 2.806264907121658325e-02 3.790137171745300293e-02 1.699114032089710236e-02 1.004057656973600388e-02 4.668248072266578674e-02 2.083492837846279144e-02 9.185756207443773746e-04 3.220811486244201660e-02 4.367290809750556946e-02 9.083500131964683533e-03 7.910837978124618530e-02 5.725204944610595703e-02 1.090625002980232239e-01 5.896504595875740051e-02 1.480957865715026855e-02 4.602699354290962219e-02 2.131580840796232224e-03 1.455511525273323059e-02 4.204383119940757751e-02 5.247408524155616760e-02 1.651492528617382050e-02 5.485695973038673401e-02 9.568791091442108154e-02 1.522574108093976974e-02 3.594956547021865845e-02 1.187144313007593155e-02 1.290798187255859375e-02 5.173124372959136963e-02 2.900382131338119507e-02 5.024223402142524719e-02 8.820420131087303162e-03 4.794396832585334778e-02 5.727516021579504013e-03 1.437175180763006210e-02 5.141654517501592636e-03 1.015485543757677078e-02 1.098313182592391968e-02 2.852976880967617035e-02 4.955589398741722107e-02 8.385067339986562729e-04 1.905251666903495789e-02 4.343878477811813354e-03 1.659343205392360687e-02 7.529836148023605347e-03 4.838603362441062927e-02 1.305075455456972122e-02 2.481544762849807739e-02 7.851582951843738556e-03 5.732622928917407990e-03 4.480471462011337280e-02
5.430712830275297165e-03 2.802479080855846405e-02 1.666368450969457626e-03 4.002112150192260742e-02 1.373395672999322414e-03 8.083677850663661957e-03 4.334296286106109619e-02 1.354715414345264435e-02 8.447638247162103653e-04 4.357956647872924805e-01 2.550274133682250977e-02 5.319203436374664307e-02 1.753571070730686188e-02 5.510063841938972473e-02 3.288369253277778625e-02 4.225556179881095886e-02 4.738052189350128174e-02 6.053139269351959229e-02 5.028577148914337158e-02 3.089203266426920891e-03 3.690678626298904419e-02 2.739285118877887726e-02 4.208242893218994141e-02 8.530992083251476288e-03 1.480156648904085159e-02 2.263533137738704681e-02 1.808238402009010315e-02 4.156676679849624634e-02 7.341975811868906021e-03 7.043756544589996338e-02 1.052675489336252213e-02 4.099595919251441956e-02 2.501193620264530182e-02 1.642714254558086395e-03 4.369845986366271973e-02 4.423734918236732483e-02 4.682329669594764709e-02 9.324304759502410889e-03 1.013161381706595421e-03 3.736153990030288696e-02 1.330210268497467041e-02 3.523912280797958374e-02 3.812756761908531189e-02 1.771434396505355835e-02 3.280964447185397148e-04 9.161023795604705811e-02 3.178490325808525085e-02 5.121656134724617004e-02 4.270161967724561691e-03 4.270165786147117615e-02 4.035248607397079468e-02 3.393132239580154419e-02 4.596067592501640320e-02 5.204168148338794708e-03 3.151129558682441711e-02 1.986793614923954010e-02 4.927691444754600525e-02 2.584899216890335083e-02 3.203603625297546387e-02 2.710557018872350454e-04 1.768255047500133514e-02 3.331800922751426697e-02 4.227094724774360657e-02 1.026321202516555786e-02 4.171572625637054443e-02 4.834195598959922791e-02 3.505410254001617432e-02 3.933750838041305542e-02 3.494159504771232605e-02 9.560934267938137054e-03 5.421864800155162811e-03 3.468063473701477051e-02 3.370015695691108704e-02 4.500681534409523010e-03 3.238257020711898804e-02 1.998708955943584442e-02 4.130529984831809998e-02 1.027315407991409302e-01 4.990910645574331284e-03 1.080191060900688171e-01 3.307345509529113770e-02 4.080060496926307678e-02 1.685284078121185303e-02 7.978694140911102295e-02 7.824502885341644287e-03 4.534908011555671692e-02 2.998797781765460968e-02 4.447602201253175735e-03 3.932130709290504456e-02 5.922389402985572815e-02 3.700466826558113098e-02 3.598009049892425537e-02 3.157505393028259277e-02 4.962613061070442200e-02 2.947306632995605469e-02 9.344285354018211365e-03 1.860057562589645386e-02 2.216708101332187653e-02 5.455634091049432755e-03 3.230538591742515564e-02 4.307097569108009338e-02 2.399564720690250397e-02 1.975690945982933044e-02 3.790521621704101562e-02 3.389015421271324158e-02 5.006527062505483627e-03 2.482393756508827209e-02 5.350135266780853271e-03 1.989146135747432709e-02 1.853750459849834442e-02 3.564697923138737679e-03 5.316868796944618225e-02 2.779884263873100281e-02 2.086313674226403236e-03 2.352639287710189819e-02 2.957327058538794518e-03
5.433006957173347473e-02 6.199808418750762939e-02 3.234348446130752563e-02 1.119807641953229904e-02 2.866575680673122406e-02 5.099108070135116577e-02 5.319611355662345886e-02 2.258164063096046448e-02 1.125433389097452164e-02 2.550274133682250977e-02 4.697522222995758057e-01 1.353250537067651749e-02 6.443339586257934570e-02 1.931292354129254818e-03 5.918096750974655151e-02 2.230718918144702911e-02 1.646768115460872650e-02 2.048243395984172821e-02 2.454071678221225739e-02 5.361141171306371689e-03 1.507255993783473969e-02 3.834197297692298889e-02 3.374490141868591309e-02 3.811860457062721252e-02 2.086002752184867859e-02 2.475059824064373970e-03 2.487984485924243927e-02 3.391622006893157959e-02 6.464083492755889893e-02 4.994498565793037415e-02 3.565434366464614868e-02 4.623545333743095398e-02 4.955602064728736877e-02 1.624937728047370911e-02 1.018359139561653137e-02 1.180359814316034317e-02 4.397033154964447021e-02 1.974343694746494293e-02 2.994663082063198090e-02 5.153321474790573120e-02 9.249606169760227203e-03 4.903440177440643311e-02 1.537604164332151413e-02 1.942382194101810455e-02 3.118912130594253540e-02 2.890178933739662170e-02 4.475288093090057373e-02 3.332085534930229187e-02 5.164746195077896118e-02 1.989571191370487213e-02 5.176422744989395142e-02 8.718674071133136749e-03 2.025895193219184875e-02 1.597619988024234772e-02 1.191881857812404633e-02 2.481658942997455597e-02 3.036812320351600647e-02 4.990452527999877930e-02 1.708196289837360382e-02 3.008956275880336761e-02 3.622886026278138161e-03 2.837999351322650909e-02 1.856462680734694004e-03 2.843193709850311279e-02 4.361858218908309937e-02 3.345631808042526245e-02 1.668014191091060638e-02 2.741876756772398949e-03 5.501142144203186035e-02 1.489192713052034378e-03 5.368265509605407715e-02 1.329497061669826508e-02 2.787416242063045502e-02 1.068479381501674652e-02 6.375390570610761642e-03 1.670019514858722687e-02 3.317200765013694763e-02 2.842345647513866425e-02 3.299566730856895447e-02 8.305259980261325836e-03 1.668887771666049957e-02 3.147353976964950562e-02 3.377953171730041504e-02 3.559135645627975464e-02 4.579111188650131226e-02 4.144788160920143127e-02 5.604622885584831238e-02 5.433821678161621094e-02 2.981616929173469543e-02 1.395804248750209808e-02 1.814402267336845398e-02 3.445365652441978455e-02 2.031587064266204834e-02 1.566917635500431061e-02 4.205198585987091064e-02 2.407361380755901337e-02 2.463388256728649139e-03 8.093403652310371399e-03 4.454541206359863281e-02 3.128977864980697632e-02 1.041177473962306976e-02 7.206293288618326187e-03 1.586980652064085007e-03 1.119156926870346069e-02 2.579080499708652496e-02 6.019967608153820038e-03 1.125633250921964645e-02 4.157438874244689941e-02 1.460200175642967224e-02 1.714565604925155640e-02 1.054301392287015915e-02 1.455513481050729752e-02 5.821987520903348923e-03 3.310770541429519653e-02 1.442738622426986694e-02 1.721395552158355713e-02
2.338345535099506378e-02 4.421148449182510376e-02 3.467159718275070190e-02 1.788407936692237854e-02 4.283093661069869995e-02 1.242488622665405273e-02 5.648442357778549194e-02 2.467618323862552643e-03 9.604609571397304535e-03 5.319203436374664307e-02 1.353250537067651749e-02 4.534723460674285889e-01 1.190638868138194084e-03 1.534050554037094116e-01 1.782941259443759918e-02 5.342432111501693726e-02 3.078059107065200806e-02 5.373606458306312561e-02 1.444225927116349339e-05 4.389716312289237976e-03 8.046243456192314625e-04 5.290009826421737671e-02 1.811435446143150330e-02 6.245048716664314270e-03 1.572148688137531281e-02 1.087853033095598221e-02 2.958898432552814484e-02 1.221298724412918091e-01 3.287433064542710781e-04 1.083759069442749023e-01 3.602882474660873413e-02 1.136545278131961823e-02 4.175084084272384644e-02 1.119252946227788925e-02 2.846040017902851105e-02 1.780093647539615631e-02 9.266853332519531250e-03 1.879852148704230785e-03 3.045146167278289795e-02 1.408735848963260651e-02 1.784558594226837158e-02 4.852034151554107666e-03 2.022209390997886658e-02 2.375438436865806580e-02 8.693647384643554688e-02 1.075375676155090332e-01 5.291539058089256287e-02 3.677729144692420959e-02 1.827280595898628235e-02 4.842184949666261673e-03 4.672148078680038452e-02 4.416441172361373901e-02 4.234076291322708130e-02 4.181852936744689941e-02 4.738857503980398178e-03 5.236686207354068756e-03 3.818238154053688049e-02 1.470719743520021439e-02 3.930460289120674133e-02 9.269846603274345398e-03 2.147521264851093292e-02 2.191323041915893555e-02 4.535056278109550476e-02 1.393401646055281162e-03 3.340375795960426331e-02 1.112443022429943085e-02 1.016900409013032913e-02 5.982607137411832809e-03 5.500613152980804443e-02 5.234272684901952744e-03 2.102206274867057800e-02 2.088869549334049225e-02 5.170739814639091492e-02 2.863664180040359497e-02 3.816369920969009399e-02 3.025196958333253860e-03 1.138306967914104462e-02 8.030245453119277954e-02 1.763686165213584900e-02 8.090605959296226501e-03 3.582551330327987671e-02 1.741110906004905701e-02 3.529908508062362671e-02 4.877597093582153320e-02 5.314605683088302612e-02 3.647095710039138794e-02 1.363113243132829666e-02 2.920253202319145203e-03 3.627399355173110962e-02 7.657534442842006683e-03 3.596080234274268150e-03 3.577825054526329041e-02 7.701516151428222656e-03 2.303709089756011963e-02 8.366880565881729126e-02 3.562002629041671753e-02 1.133689191192388535e-03 3.870539367198944092e-02 2.847694233059883118e-02 1.087128464132547379e-02 2.327819354832172394e-02 1.191732101142406464e-02 2.584720589220523834e-02 2.736053615808486938e-02 3.083770349621772766e-02 3.676876658573746681e-04 2.951559610664844513e-02 3.102744929492473602e-02 3.359042108058929443e-03 3.805352002382278442e-02 1.399487350136041641e-02 1.564883068203926086e-02 4.580542817711830139e-02 9.004029445350170135e-03 4.592963308095932007e-02 1.630178652703762054e-03
1.095484662801027298e-02 7.629418373107910156e-02 2.876058965921401978e-02 4.204565659165382385e-02 2.139534987509250641e-02 5.269595608115196228e-02 4.318544268608093262e-02 2.509261853992938995e-02 9.973106905817985535e-03 1.753571070730686188e-02 6.443339586257934570e-02 1.190638868138194084e-03 4.618509411811828613e-01 3.642025962471961975e-02 2.415009774267673492e-02 3.184596449136734009e-02 2.458516322076320648e-02 5.518198944628238678e-03 1.715504564344882965e-02 5.029879510402679443e-03 2.605792321264743805e-02 2.233779244124889374e-02 2.473886497318744659e-02 1.608851179480552673e-02 7.436410523951053619e-03 1.229998562484979630e-02 2.244534157216548920e-02 2.202136628329753876e-02 2.839351072907447815e-02 2.065020427107810974e-02 3.760258853435516357e-02 1.643436215817928314e-02 2.901980467140674591e-02 9.032423608005046844e-03 4.920087754726409912e-03 4.386781156063079834e-02 5.116208270192146301e-02 7.274076808243989944e-03 2.155406028032302856e-02 2.685386687517166138e-02 3.577516227960586548e-02 3.959825262427330017e-02 8.599532768130302429e-03 1.261192653328180313e-02 6.004977226257324219e-02 2.927758358418941498e-02 3.392926231026649475e-02 2.064660005271434784e-02 4.033226519823074341e-02 8.398107253015041351e-03 5.734157934784889221e-02 2.125164726749062538e-03 1.441916683688759804e-03 4.322563484311103821e-02 1.454937923699617386e-02 3.157265251502394676e-03 2.428111433982849121e-02 5.140184983611106873e-02 1.464501954615116119e-02 2.231849543750286102e-02 2.223196811974048615e-02 3.900828212499618530e-02 1.767439767718315125e-02 8.279892615973949432e-03 2.883919887244701385e-02 3.849431499838829041e-02 2.688205055892467499e-02 2.722054906189441681e-02 6.027708202600479126e-02 2.552522905170917511e-02 2.394857630133628845e-02 4.270480945706367493e-02 3.398463502526283264e-02 6.413369625806808472e-02 6.290435325354337692e-03 5.182517692446708679e-02 3.050550445914268494e-02 1.311652828007936478e-03 1.850728504359722137e-02 5.548943579196929932e-02 2.194410935044288635e-02 4.206090793013572693e-02 4.224339500069618225e-02 3.746889904141426086e-02 4.193092510104179382e-02 4.124075546860694885e-02 2.570095844566822052e-02 5.236096680164337158e-02 6.532338447868824005e-03 3.601293265819549561e-02 8.340777712874114513e-04 2.751666679978370667e-02 1.578680425882339478e-02 7.383642252534627914e-03 1.291680894792079926e-02 3.419544175267219543e-02 1.884171366691589355e-02 1.708066905848681927e-03 1.719458959996700287e-02 3.671211749315261841e-02 3.268303722143173218e-02 1.196141913533210754e-02 7.253224961459636688e-03 2.489728620275855064e-03 1.198682002723217010e-02 7.351746316999197006e-03 4.182734712958335876e-02 3.611656650900840759e-02 1.217222865670919418e-02 2.059776522219181061e-02 8.952220901846885681e-03 1.950624026358127594e-02 1.146345492452383041e-02 3.368555381894111633e-02 2.060776948928833008e-02 2.453813701868057251e-02
