4.839822053909301758e-01 1.418516337871551514e-01 1.223096158355474472e-02 2.097412385046482086e-02 1.265962235629558563e-02 1.397868394851684570e-01 8.832219988107681274e-02 4.065202921628952026e-02 1.408661436289548874e-02 1.063173543661832809e-02 1.490174531936645508e-01 2.482408098876476288e-02 1.348404139280319214e-01 1.950499950908124447e-03 5.391352623701095581e-02 4.483003169298171997e-02 1.825093477964401245e-02 4.121732339262962341e-02 1.649147644639015198e-02 2.342863194644451141e-02 9.584975196048617363e-04 4.483398422598838806e-02 1.204906264320015907e-03 3.807273926213383675e-03 9.434345178306102753e-03 2.801976725459098816e-02 3.004803694784641266e-02 5.657725967466831207e-03 6.016779690980911255e-03 7.116007618606090546e-03 3.348964080214500427e-02 1.761913485825061798e-02 8.097529411315917969e-03 1.675056107342243195e-02 1.151160523295402527e-02 1.180067472159862518e-02 4.103257507085800171e-02 3.564193844795227051e-02 6.270167883485555649e-03 1.745861256495118141e-03 4.445990547537803650e-02 3.660347312688827515e-02 4.786373302340507507e-02 6.177878007292747498e-03 4.535866528749465942e-02 4.833655431866645813e-02 1.206792667508125305e-01 5.881486088037490845e-02 3.035282343626022339e-02 4.855778813362121582e-02 6.088619120419025421e-03 1.472912076860666275e-02 4.903848469257354736e-02 1.039274688810110092e-02 3.218933567404747009e-02 1.576605997979640961e-02 1.409986871294677258e-03 1.237801741808652878e-02 4.782965034246444702e-02 4.675813764333724976e-02 5.344320088624954224e-03 5.170193966478109360e-03 9.791705757379531860e-03 2.239876985549926758e-02 6.597931962460279465e-03 2.055023610591888428e-02 4.551806952804327011e-03 2.088761143386363983e-02 1.332982629537582397e-02 5.535323638468980789e-03 1.064939424395561218e-02 4.068677872419357300e-02 2.221165923401713371e-03 2.672742586582899094e-03 6.206558318808674812e-04 1.417660736478865147e-03 2.300013042986392975e-02 9.916693903505802155e-03 1.653255149722099304e-02 1.372019760310649872e-02 2.836275286972522736e-02 1.139502786099910736e-02 1.883061975240707397e-02 3.817884624004364014e-02 3.397545218467712402e-02 1.625242456793785095e-02 1.637617126107215881e-02 2.148395963013172150e-02 2.379460446536540985e-02 3.470530733466148376e-02 3.478301316499710083e-02 2.585665881633758545e-02 1.832405338063836098e-03 3.950632736086845398e-02 1.107957214117050171e-02 1.449953857809305191e-02 1.249756198376417160e-02 3.387497272342443466e-03 3.651443496346473694e-02 3.335404396057128906e-02 3.408379852771759033e-02 3.330483287572860718e-02 3.957936167716979980e-02 3.259216248989105225e-02 3.956185653805732727e-03 2.816550433635711670e-02 2.602829784154891968e-02 1.067290268838405609e-02 3.041266649961471558e-02 2.992082200944423676e-02 5.784341320395469666e-02 3.442326188087463379e-02 3.972590714693069458e-02 3.805319778621196747e-03 3.285706043243408203e-02 5.820028949528932571e-03
1.418516337871551514e-01 4.824763536453247070e-01 1.433864049613475800e-02 2.452961355447769165e-02 1.379297464154660702e-03 1.316082924604415894e-01 1.147514730691909790e-01 4.480100050568580627e-02 6.734098773449659348e-03 6.161242257803678513e-03 1.248085722327232361e-01 3.376446664333343506e-02 1.350666582584381104e-01 3.741040080785751343e-02 2.236182801425457001e-02 2.592189610004425049e-02 1.393958227708935738e-03 1.491185929626226425e-02 1.585676148533821106e-02 9.724173694849014282e-03 2.884988300502300262e-02 8.067172020673751831e-02 1.129559706896543503e-02 2.055976726114749908e-02 1.877913065254688263e-02 3.525918349623680115e-02 5.193450674414634705e-02 9.334158152341842651e-03 2.431919425725936890e-02 2.101650834083557129e-02 5.039453506469726562e-02 2.050136402249336243e-02 1.953128026798367500e-03 3.048013150691986084e-02 1.890938263386487961e-03 9.532062336802482605e-03 2.457498013973236084e-02 5.378149822354316711e-02 2.071774506475776434e-04 8.942110463976860046e-03 3.577641397714614868e-02 3.363858908414840698e-02 3.806331008672714233e-02 2.631820365786552429e-02 1.910945773124694824e-02 2.452024258673191071e-02 1.000540852546691895e-01 6.820335239171981812e-02 3.483508527278900146e-02 4.671971499919891357e-02 6.929438677616417408e-04 1.487984880805015564e-02 3.682557865977287292e-02 8.762556128203868866e-03 1.982986181974411011e-02 4.092113114893436432e-03 8.658324368298053741e-03 2.280507609248161316e-02 3.368950262665748596e-02 2.484413422644138336e-02 2.789299190044403076e-02 1.399898435920476913e-02 2.136519411578774452e-03 1.684918440878391266e-02 6.931971292942762375e-03 3.930907323956489563e-02 9.666692465543746948e-03 3.698103129863739014e-02 5.719184409826993942e-03 1.627247221767902374e-02 1.074126642197370529e-02 1.344820135273039341e-03 3.099576570093631744e-03 2.204808034002780914e-02 2.481303876265883446e-03 9.915081784129142761e-03 3.624882083386182785e-03 1.048883702605962753e-02 2.522468939423561096e-02 3.915049880743026733e-02 4.136662185192108154e-02 3.165521100163459778e-02 4.228495061397552490e-02 2.826876938343048096e-02 1.152108889073133469e-02 4.356941953301429749e-02 5.356716457754373550e-03 1.966598257422447205e-02 2.529714955016970634e-03 1.203440688550472260e-02 2.850145660340785980e-02 4.352865740656852722e-02 2.633537724614143372e-02 1.665567513555288315e-03 4.370527714490890503e-02 2.232099883258342743e-02 2.937338128685951233e-02 1.438685599714517593e-02 4.131902009248733521e-02 3.333823010325431824e-02 3.062992170453071594e-02 2.990700863301753998e-02 4.784135520458221436e-02 3.295302391052246094e-02 1.460971496999263763e-02 2.878605574369430542e-02 2.821220830082893372e-02 2.356137381866574287e-03 1.649780198931694031e-02 1.134418323636054993e-02 3.514133766293525696e-02 3.916793316602706909e-02 3.458644449710845947e-02 1.485790405422449112e-02 5.167448893189430237e-03 2.405195264145731926e-03
1.223096158355474472e-02 1.433864049613475800e-02 4.204432666301727295e-01 2.489175880327820778e-03 1.756619662046432495e-03 4.598605260252952576e-02 3.664025291800498962e-02 9.884559363126754761e-02 2.863278053700923920e-02 2.710638381540775299e-02 3.809415176510810852e-02 1.257753814570605755e-03 6.868901546113193035e-04 1.734305359423160553e-02 1.569917611777782440e-02 1.597784087061882019e-02 3.350149095058441162e-02 6.883763242512941360e-03 2.106296271085739136e-02 1.337063778191804886e-02 2.770150080323219299e-02 5.180444568395614624e-02 1.493313163518905640e-02 3.106391988694667816e-03 4.795699939131736755e-02 2.732308767735958099e-02 6.411370635032653809e-02 3.946956619620323181e-02 3.404198214411735535e-02 2.823284827172756195e-02 1.981704868376255035e-02 2.786425687372684479e-02 1.449604146182537079e-02 2.209926489740610123e-03 6.680792663246393204e-03 4.093081131577491760e-02 7.796237245202064514e-03 3.125734254717826843e-02 2.681556390598416328e-03 1.289893500506877899e-02 3.070577979087829590e-02 2.864384837448596954e-02 3.032088652253150940e-02 1.075817346572875977e-01 2.219722978770732880e-02 3.283698856830596924e-02 9.466417133808135986e-03 2.678026817739009857e-02 4.668216779828071594e-02 1.860759779810905457e-02 2.604226022958755493e-02 5.058792605996131897e-02 3.235749900341033936e-02 3.925527632236480713e-02 4.250852725817821920e-05 1.038823626004159451e-03 5.982414819300174713e-03 4.109792411327362061e-03 1.044297125190496445e-02 1.749981380999088287e-02 3.543546050786972046e-02 3.979785469709895551e-05 7.705520838499069214e-02 1.840548031032085419e-02 4.407345131039619446e-02 1.945574395358562469e-02 4.973440244793891907e-02 3.852769965305924416e-03 2.525817416608333588e-02 4.817282408475875854e-02 5.405870615504682064e-04 3.523711860179901123e-02 1.519641000777482986e-02 3.225349262356758118e-02 3.847939195111393929e-03 2.922689355909824371e-02 2.748849242925643921e-02 1.909336820244789124e-02 9.178592823445796967e-03 2.554416097700595856e-02 9.582010656595230103e-02 2.778474299702793360e-04 9.230414405465126038e-03 1.227818895131349564e-03 2.942231483757495880e-02 4.247123748064041138e-02 2.587191015481948853e-02 8.846348151564598083e-03 1.163174957036972046e-02 4.203803092241287231e-02 3.083069622516632080e-02 4.730344936251640320e-02 3.242317959666252136e-02 3.447787463665008545e-02 1.713014021515846252e-02 2.667280845344066620e-02 9.024058468639850616e-03 2.465745061635971069e-02 1.101864688098430634e-02 2.516349032521247864e-02 3.628531098365783691e-02 4.533347859978675842e-02 9.376328438520431519e-03 1.205807086080312729e-02 4.025501757860183716e-02 1.330748945474624634e-02 1.093662157654762268e-02 4.156455770134925842e-02 4.356986656785011292e-02 1.533736567944288254e-02 3.017557412385940552e-02 2.013807371258735657e-02 2.781213074922561646e-02 1.686417125165462494e-02 2.434292249381542206e-02 3.171756491065025330e-02
2.097412385046482086e-02 2.452961355447769165e-02 2.489175880327820778e-03 4.641597568988800049e-01 7.097232155501842499e-03 3.686741739511489868e-02 4.100392013788223267e-02 1.137069799005985260e-02 4.091056436300277710e-02 2.195399254560470581e-02 2.783959731459617615e-02 3.058289177715778351e-02 7.540008518844842911e-03 3.115192521363496780e-03 1.547501189634203911e-03 2.778604999184608459e-02 5.877907946705818176e-02 5.121037364006042480e-02 5.885116383433341980e-02 5.322747305035591125e-02 4.357657209038734436e-02 6.161298602819442749e-02 3.352471813559532166e-02 2.812496200203895569e-02 5.226569995284080505e-02 3.243580460548400879e-02 4.993589967489242554e-02 6.808772683143615723e-02 1.068469951860606670e-03 8.305352181196212769e-02 1.863608509302139282e-02 1.795212621800601482e-03 3.109599696472287178e-03 1.542088016867637634e-02 5.134373903274536133e-03 3.554879873991012573e-02 3.464895859360694885e-02 1.833722367882728577e-02 4.336884245276451111e-02 1.507822889834642410e-02 2.871529199182987213e-02 2.252822555601596832e-02 4.225284978747367859e-02 2.954996377229690552e-02 4.408456012606620789e-02 5.031533911824226379e-02 1.250670757144689560e-02 1.625662297010421753e-02 4.887386783957481384e-02 1.206659153103828430e-02 3.506186231970787048e-02 2.231392450630664825e-02 1.435820944607257843e-02 3.851174190640449524e-02 1.594238914549350739e-02 2.037578821182250977e-02 3.485939651727676392e-02 4.805762693285942078e-02 1.810419559478759766e-02 2.373027382418513298e-03 2.961932867765426636e-02 4.382363054901361465e-03 2.945226803421974182e-02 1.762340590357780457e-02 1.600346714258193970e-02 6.084027886390686035e-02 4.823365062475204468e-02 5.022152513265609741e-02 1.725109666585922241e-02 3.988032042980194092e-02 2.503697946667671204e-02 1.598832197487354279e-02 8.422049134969711304e-02 4.866452515125274658e-02 3.546534478664398193e-02 4.607789218425750732e-02 3.673238679766654968e-02 1.340253930538892746e-02 3.990434482693672180e-02 2.335913293063640594e-02 3.427600313443690538e-05 3.784566745162010193e-02 5.055615678429603577e-02 2.714057825505733490e-02 8.580168709158897400e-03 4.084607586264610291e-03 8.375150151550769806e-03 1.284420024603605270e-02 5.877878144383430481e-02 3.924022987484931946e-02 3.621685504913330078e-02 4.789256677031517029e-02 1.277699042111635208e-02 2.807640284299850464e-02 8.286116644740104675e-03 5.329528450965881348e-02 1.243719365447759628e-02 1.805311813950538635e-02 4.404777288436889648e-02 1.586968824267387390e-02 3.164141625165939331e-02 4.280258715152740479e-02 2.414830587804317474e-02 5.366502329707145691e-02 7.345735561102628708e-03 6.693774834275245667e-03 3.932840749621391296e-02 3.642216906882822514e-04 2.363466657698154449e-02 3.723357804119586945e-03 1.428345404565334320e-02 6.470065098255872726e-03 3.222895413637161255e-02 1.872561755590140820e-03 5.745464470237493515e-03 2.032143436372280121e-02
1.265962235629558563e-02 1.379297464154660702e-03 1.756619662046432495e-03 7.097232155501842499e-03 4.600085020065307617e-01 1.576011627912521362e-02 4.094219580292701721e-02 3.917046263813972473e-02 3.614288941025733948e-02 2.372527122497558594e-02 3.259149566292762756e-02 2.279486320912837982e-02 1.631806790828704834e-02 2.723675407469272614e-02 3.723545745015144348e-02 1.397859025746583939e-02 4.935700818896293640e-02 1.350395828485488892e-01 1.549252867698669434e-01 1.527388859540224075e-02 4.276030138134956360e-02 2.116779237985610962e-02 4.615858197212219238e-02 1.871708594262599945e-02 2.095611765980720520e-03 5.135019123554229736e-02 3.082686290144920349e-02 3.426575288176536560e-02 1.494823605753481388e-03 4.231899976730346680e-02 3.458410501480102539e-02 3.948373720049858093e-02 2.043684758245944977e-02 3.229667618870735168e-02 1.804012432694435120e-02 1.933459565043449402e-02 2.212343551218509674e-02 3.582269325852394104e-02 2.627449296414852142e-02 1.027936488389968872e-01 4.721470177173614502e-02 3.147459775209426880e-02 2.140669897198677063e-02 2.108955383300781250e-02 1.804431900382041931e-02 1.134443841874599457e-02 3.883095830678939819e-02 3.794533759355545044e-02 4.152873903512954712e-02 3.705020621418952942e-02 1.879455894231796265e-02 2.844273578375577927e-03 4.340627789497375488e-02 1.366241928189992905e-02 3.113534860312938690e-02 4.761994350701570511e-03 1.122128870338201523e-02 2.748305164277553558e-02 3.693063557147979736e-02 3.246639668941497803e-02 2.839351445436477661e-02 1.071376800537109375e-01 2.345574786886572838e-03 5.105653032660484314e-02 4.675963148474693298e-02 1.380835659801959991e-02 2.748458087444305420e-02 3.579902648925781250e-02 6.018308177590370178e-02 4.297254234552383423e-02 1.875786297023296356e-02 1.852272450923919678e-02 2.877024747431278229e-02 2.479207143187522888e-02 9.849793463945388794e-02 2.543497364968061447e-03 2.181744016706943512e-02 2.963748015463352203e-02 4.153180867433547974e-02 1.322084106504917145e-03 2.992657385766506195e-02 6.084974482655525208e-02 7.813663780689239502e-02 1.608458608388900757e-01 3.165249945595860481e-04 3.428269550204277039e-02 3.287301957607269287e-02 3.925218060612678528e-02 2.157101221382617950e-02 3.705874457955360413e-02 4.347915202379226685e-02 1.756745390594005585e-02 4.544638097286224365e-02 6.078989710658788681e-03 3.183977305889129639e-02 2.348517067730426788e-02 7.618055213242769241e-03 2.055911906063556671e-02 4.217321798205375671e-02 1.047211326658725739e-02 9.957656264305114746e-03 6.704253144562244415e-03 3.457642346620559692e-02 9.054409340023994446e-03 6.966999731957912445e-03 3.617912903428077698e-02 2.033892832696437836e-02 2.537399716675281525e-02 2.359351515769958496e-02 5.095160007476806641e-02 2.850537002086639404e-02 2.856360189616680145e-02 1.182835455983877182e-02 2.299493644386529922e-03 3.986588679254055023e-03 9.864295832812786102e-03
1.397868394851684570e-01 1.316082924604415894e-01 4.598605260252952576e-02 3.686741739511489868e-02 1.576011627912521362e-02 4.873420596122741699e-01 1.509600728750228882e-01 1.137453597038984299e-02 3.269110992550849915e-02 2.694129198789596558e-02 1.345719844102859497e-01 5.209138616919517517e-02 1.250059306621551514e-01 4.093614220619201660e-02 2.602831833064556122e-02 4.167874902486801147e-02 1.557873934507369995e-02 3.303622081875801086e-02 4.024179652333259583e-03 4.879691638052463531e-03 2.959420531988143921e-02 4.020571708679199219e-02 3.771766647696495056e-02 2.861157245934009552e-02 2.003981545567512512e-02 4.486995562911033630e-02 1.070363167673349380e-02 3.706768853589892387e-03 4.414112120866775513e-02 6.713782437145709991e-03 1.460145972669124603e-02 2.140966989099979401e-02 4.988403525203466415e-03 2.133739180862903595e-02 6.698298268020153046e-03 4.041129350662231445e-02 3.276610001921653748e-02 2.564565464854240417e-02 9.627736173570156097e-03 7.052218425087630749e-04 4.929427057504653931e-02 3.813604265451431274e-02 3.764796629548072815e-02 1.757862046360969543e-02 2.745260484516620636e-02 3.055803105235099792e-02 1.483316570520401001e-01 7.680971175432205200e-02 7.245257496833801270e-03 3.111696429550647736e-02 1.159805990755558014e-02 1.822711899876594543e-02 1.908716745674610138e-03 6.048204749822616577e-02 2.556942403316497803e-02 9.931132197380065918e-03 2.367497794330120087e-02 1.145101711153984070e-02 2.551711862906813622e-03 6.513413973152637482e-03 1.912310346961021423e-02 3.114108927547931671e-02 6.811715866206213832e-05 2.627582661807537079e-02 3.338168561458587646e-02 1.487596426159143448e-02 1.089219655841588974e-02 3.149110451340675354e-02 2.368472144007682800e-02 1.022247970104217529e-02 2.157330326735973358e-02 4.272889718413352966e-02 7.562759798020124435e-03 1.861652918159961700e-02 1.172464713454246521e-02 1.899605803191661835e-02 3.722978010773658752e-02 1.494757086038589478e-02 1.229789108037948608e-02 1.983295567333698273e-02 1.254178490489721298e-02 1.976758800446987152e-02 3.037093556486070156e-04 4.842564836144447327e-02 6.904327776283025742e-03 3.230927139520645142e-02 4.377851635217666626e-02 4.425195232033729553e-02 2.384405210614204407e-02 3.579951450228691101e-02 3.735452145338058472e-02 6.689888983964920044e-02 1.497925538569688797e-02 3.262392431497573853e-02 1.987991109490394592e-02 6.959635065868496895e-04 4.470521584153175354e-02 2.147601172327995300e-02 1.900438778102397919e-02 3.957517445087432861e-02 3.904446214437484741e-02 4.671923816204071045e-02 3.000700846314430237e-02 2.320483513176441193e-02 6.782306823879480362e-03 2.898138202726840973e-02 3.749681264162063599e-02 2.370233461260795593e-02 3.639075160026550293e-02 3.276373445987701416e-02 2.521444670855998993e-02 4.281449317932128906e-02 4.300858825445175171e-02 1.703189872205257416e-02 3.619900345802307129e-02 3.171072527766227722e-02
8.832219988107681274e-02 1.147514730691909790e-01 3.664025291800498962e-02 4.100392013788223267e-02 4.094219580292701721e-02 1.509600728750228882e-01 4.773292839527130127e-01 7.112285587936639786e-03 3.450740501284599304e-02 7.169228047132492065e-03 1.116482093930244446e-01 4.812217131257057190e-02 9.969706088304519653e-02 1.152999885380268097e-02 9.245944209396839142e-03 3.745787218213081360e-02 4.338681697845458984e-02 1.820737123489379883e-02 4.314263910055160522e-02 1.751508191227912903e-02 3.751162439584732056e-02 2.671803161501884460e-02 4.021429643034934998e-02 3.595884516835212708e-02 9.249837137758731842e-03 4.656274616718292236e-02 1.003360282629728317e-02 2.392123453319072723e-03 4.248594492673873901e-02 8.547939360141754150e-03 4.764528200030326843e-02 1.811758428812026978e-02 1.928466372191905975e-02 1.685693860054016113e-02 7.776832673698663712e-03 4.390855506062507629e-02 3.572910279035568237e-02 3.373764827847480774e-02 3.694111946970224380e-03 2.358331158757209778e-02 4.963519796729087830e-02 3.104567527770996094e-02 4.548756778240203857e-02 7.389838807284832001e-03 5.208858847618103027e-02 3.326299786567687988e-02 1.064222604036331177e-01 1.224192604422569275e-01 5.253966432064771652e-03 2.808097051456570625e-03 1.831783726811408997e-02 3.607120306696742773e-04 7.743974216282367706e-03 3.610206767916679382e-02 3.092345036566257477e-02 1.706049032509326935e-02 2.137543819844722748e-02 6.034550070762634277e-02 1.543546910397708416e-03 3.600560361519455910e-03 1.757678762078285217e-02 1.788813737221062183e-03 1.728660613298416138e-02 5.703548435121774673e-03 1.282799988985061646e-02 3.467510268092155457e-02 1.675974205136299133e-02 3.155814483761787415e-02 1.635396294295787811e-02 4.041663184762001038e-02 4.605548747349530458e-04 9.810660034418106079e-03 4.193948954343795776e-02 4.537280276417732239e-02 1.856127567589282990e-02 1.067050173878669739e-02 9.701823815703392029e-03 2.433111332356929779e-02 5.329901352524757385e-02 2.311653085052967072e-02 9.755327366292476654e-03 2.901235222816467285e-02 1.818035612814128399e-03 1.594213582575321198e-02 3.690075594931840897e-03 2.241269312798976898e-02 5.332073569297790527e-02 4.210563749074935913e-02 2.946472167968750000e-02 2.694839052855968475e-02 1.597671769559383392e-02 7.152805477380752563e-02 8.229743689298629761e-02 2.566693350672721863e-02 1.303219795227050781e-02 1.510877627879381180e-03 8.751898072659969330e-03 1.769652403891086578e-02 3.721654042601585388e-02 3.929480165243148804e-02 2.391522005200386047e-02 2.861882746219635010e-02 3.712769225239753723e-02 3.974414616823196411e-02 6.262083072215318680e-03 4.104309901595115662e-02 2.366588078439235687e-02 1.790251699276268482e-03 4.267463460564613342e-02 3.634826093912124634e-02 5.748500116169452667e-03 2.805300615727901459e-02 2.387536875903606415e-02 2.655342780053615570e-02 2.157297544181346893e-02 3.847165033221244812e-02
4.065202921628952026e-02 4.480100050568580627e-02 9.884559363126754761e-02 1.137069799005985260e-02 3.917046263813972473e-02 1.137453597038984299e-02 7.112285587936639786e-03 4.554226398468017578e-01 8.246360346674919128e-03 3.386301919817924500e-02 7.534319534897804260e-03 4.233866557478904724e-02 5.065246671438217163e-02 4.350955411791801453e-02 1.042408794164657593e-01 6.033381447196006775e-03 5.043552722781896591e-03 9.993963874876499176e-03 1.440572366118431091e-02 1.577262580394744873e-02 4.512049257755279541e-03 3.742233663797378540e-02 8.020876906812191010e-03 8.639749139547348022e-03 1.251395232975482941e-02 1.659883372485637665e-02 8.547400124371051788e-03 7.941631600260734558e-03 2.390153333544731140e-02 6.304652430117130280e-03 1.253018714487552643e-02 3.180828690528869629e-02 4.201063886284828186e-02 3.188922069966793060e-03 1.112583931535482407e-02 1.361338235437870026e-02 2.010652609169483185e-02 4.410625435411930084e-03 4.651258233934640884e-03 7.982956245541572571e-03 6.675102747976779938e-03 1.443353481590747833e-02 9.688370628282427788e-04 1.802053675055503845e-02 1.685759797692298889e-02 9.664254263043403625e-03 3.543734923005104065e-02 1.965976320207118988e-02 7.799431681632995605e-03 5.159232020378112793e-02 3.376359492540359497e-02 6.840331014245748520e-03 5.571449548006057739e-02 8.705735206604003906e-03 3.849259344860911369e-03 1.993360742926597595e-02 7.688035722821950912e-03 8.554848842322826385e-03 9.631605818867683411e-03 4.190259054303169250e-02 4.624424502253532410e-02 5.326742306351661682e-02 4.857694730162620544e-02 3.001847118139266968e-02 2.136369422078132629e-02 2.597773633897304535e-02 3.837076015770435333e-03 9.346998296678066254e-03 3.428312018513679504e-03 1.401231903582811356e-02 1.305835973471403122e-02 9.834057651460170746e-03 1.314699929207563400e-02 2.249489538371562958e-03 4.424824193120002747e-02 5.265202745795249939e-02 7.558978628367185593e-03 3.390547633171081543e-02 4.367764666676521301e-02 3.260397166013717651e-02 1.324685811996459961e-01 8.444048464298248291e-02 4.741961508989334106e-02 6.437649484723806381e-03 4.735341761261224747e-03 5.867192149162292480e-02 6.130652874708175659e-02 5.089783668518066406e-02 2.607855759561061859e-02 5.559582635760307312e-02 1.642017439007759094e-02 2.353599295020103455e-02 5.059873312711715698e-02 1.607082970440387726e-02 4.393009841442108154e-02 7.487933617085218430e-03 1.480924664065241814e-03 1.204302441328763962e-02 1.868316158652305603e-02 3.508916590362787247e-03 8.820755407214164734e-03 2.105613052845001221e-02 3.323868289589881897e-02 1.054401323199272156e-02 4.841830208897590637e-02 1.598500460386276245e-02 3.137706592679023743e-02 5.989434663206338882e-03 1.447793096303939819e-03 4.754900000989437103e-03 3.629949688911437988e-02 4.082767292857170105e-02 2.971360646188259125e-02 1.480753626674413681e-02 4.797709733247756958e-02 2.278290688991546631e-02
1.408661436289548874e-02 6.734098773449659348e-03 2.863278053700923920e-02 4.091056436300277710e-02 3.614288941025733948e-02 3.269110992550849915e-02 3.450740501284599304e-02 8.246360346674919128e-03 4.645727574825286865e-01 8.832523226737976074e-02 4.518283996731042862e-03 2.675097435712814331e-02 1.518368907272815704e-02 2.686386741697788239e-02 3.368616849184036255e-02 1.292865071445703506e-02 9.492355398833751678e-03 2.345013990998268127e-02 4.066729918122291565e-02 5.025087296962738037e-02 8.238077163696289062e-03 2.427280694246292114e-02 8.596160262823104858e-02 5.097150057554244995e-02 5.205835029482841492e-02 3.975664824247360229e-02 1.005996949970722198e-02 8.456249721348285675e-03 4.222838953137397766e-02 5.094892531633377075e-02 3.427640348672866821e-02 4.239194095134735107e-03 2.943408489227294922e-02 5.773700773715972900e-02 5.030644312500953674e-02 4.268903657793998718e-02 1.381352078169584274e-02 4.603928700089454651e-02 3.035777807235717773e-02 4.249691963195800781e-02 1.796915382146835327e-02 9.069477207958698273e-03 4.407705366611480713e-02 7.766467332839965820e-02 3.603867813944816589e-02 4.453772306442260742e-02 1.459020655602216721e-02 4.542937129735946655e-02 2.384054102003574371e-02 2.558732219040393829e-02 3.126079589128494263e-02 9.672546875663101673e-04 1.233007106930017471e-02 4.167845472693443298e-02 1.143780127167701721e-01 4.393263533711433411e-02 6.154216080904006958e-02 1.165697613032534719e-04 7.437153253704309464e-03 4.647796973586082458e-03 6.213739886879920959e-02 1.581515371799468994e-02 6.890150159597396851e-02 4.251235164701938629e-03 3.729714825749397278e-02 2.054080367088317871e-02 4.360482096672058105e-02 5.386619642376899719e-02 3.178410977125167847e-02 6.949051283299922943e-03 1.961872912943363190e-02 5.109406262636184692e-02 6.054043397307395935e-02 2.101147733628749847e-02 5.206490680575370789e-02 4.306181147694587708e-02 1.614487618207931519e-01 2.621877938508987427e-02 5.410682410001754761e-02 3.639896959066390991e-02 4.758150503039360046e-02 1.511968020349740982e-02 6.252107676118612289e-03 3.007862716913223267e-02 5.821987520903348923e-03 3.190409019589424133e-02 5.149058997631072998e-02 5.693447962403297424e-02 8.879354223608970642e-03 5.374587699770927429e-02 4.208843410015106201e-02 3.094163164496421814e-02 5.357510223984718323e-02 1.532336045056581497e-02 5.802928283810615540e-02 3.127028048038482666e-02 8.280338719487190247e-03 5.569998174905776978e-02 2.429554797708988190e-02 2.291921712458133698e-02 1.897748373448848724e-02 2.725957892835140228e-02 1.887595094740390778e-02 9.221667423844337463e-03 2.713605947792530060e-02 2.705072797834873199e-02 4.408017918467521667e-02 5.234894156455993652e-02 4.917309060692787170e-02 4.157811030745506287e-02 2.759186550974845886e-02 4.818168655037879944e-02 3.225012868642807007e-02 3.739789128303527832e-02 5.056989192962646484e-02 1.204574573785066605e-02
1.063173543661832809e-02 6.161242257803678513e-03 2.710638381540775299e-02 2.195399254560470581e-02 2.372527122497558594e-02 2.694129198789596558e-02 7.169228047132492065e-03 3.386301919817924500e-02 8.832523226737976074e-02 4.433097541332244873e-01 1.865963265299797058e-02 9.001766331493854523e-03 2.613668702542781830e-02 2.437454415485262871e-03 4.266790114343166351e-03 2.176610752940177917e-02 4.961861670017242432e-02 3.425170481204986572e-02 7.898432016372680664e-02 2.234577946364879608e-02 4.323260113596916199e-02 3.209704766049981117e-03 2.874450199306011200e-02 8.370775729417800903e-02 1.434422098100185394e-02 3.881583362817764282e-02 9.654618799686431885e-03 1.289899740368127823e-02 4.497888311743736267e-02 1.796993799507617950e-02 2.411132864654064178e-02 7.071027532219886780e-03 4.766364768147468567e-02 1.294428575783967972e-02 4.262123629450798035e-02 2.592399157583713531e-02 8.393013849854469299e-03 1.233483490068465471e-04 3.415867686271667480e-02 3.975547477602958679e-02 3.525847941637039185e-02 5.583590827882289886e-03 3.598252683877944946e-02 7.520493585616350174e-03 3.107265010476112366e-02 1.251981686800718307e-02 1.054649148136377335e-02 4.613930359482765198e-02 4.292594268918037415e-02 9.005011618137359619e-02 2.539086900651454926e-02 6.830691825598478317e-03 2.062818268314003944e-03 1.120384968817234039e-02 2.547608502209186554e-02 3.806102275848388672e-02 2.235933393239974976e-02 4.049765691161155701e-02 2.184907346963882446e-02 4.157375916838645935e-02 3.634307533502578735e-02 2.830274216830730438e-02 2.399127371609210968e-02 1.898846030235290527e-02 1.114897429943084717e-02 3.938207402825355530e-02 3.535342961549758911e-02 4.695256799459457397e-02 3.654810041189193726e-02 1.251055765897035599e-02 3.772523999214172363e-02 1.360217109322547913e-02 3.850002586841583252e-02 5.241125822067260742e-03 4.133157432079315186e-02 3.196411952376365662e-02 3.919320181012153625e-03 1.206813305616378784e-01 4.114663228392601013e-02 1.025755032896995544e-01 1.074927207082509995e-02 2.497722208499908447e-02 1.861803419888019562e-02 7.907738536596298218e-02 1.376890391111373901e-02 4.468071460723876953e-02 2.993159368634223938e-02 3.010100685060024261e-02 2.307158522307872772e-02 2.961871586740016937e-02 1.635574363172054291e-02 4.250519350171089172e-02 2.612235397100448608e-02 1.804937422275543213e-02 3.697603195905685425e-02 2.594935335218906403e-02 3.087536618113517761e-02 3.695943206548690796e-02 1.920899748802185059e-02 9.654571302235126495e-03 7.583665137644857168e-06 4.071875661611557007e-02 3.257847204804420471e-02 1.637660712003707886e-02 1.540241111069917679e-02 2.327053621411323547e-02 2.325223013758659363e-02 5.397142469882965088e-02 1.631834171712398529e-02 1.083990838378667831e-02 5.324144661426544189e-02 4.622508306056261063e-03 2.150453813374042511e-02 4.852308332920074463e-02 2.411375939846038818e-02 3.561272472143173218e-02
1.490174531936645508e-01 1.248085722327232361e-01 3.809415176510810852e-02 2.783959731459617615e-02 3.259149566292762756e-02 1.345719844102859497e-01 1.116482093930244446e-01 7.534319534897804260e-03 4.518283996731042862e-03 1.865963265299797058e-02 4.905380904674530029e-01 8.286844007670879364e-03 1.338461935520172119e-01 8.960571722127497196e-04 5.731876939535140991e-02 3.438694030046463013e-02 3.594457730650901794e-02 1.108044479042291641e-02 5.233402922749519348e-02 1.472540479153394699e-02 2.726807631552219391e-02 7.751704752445220947e-02 6.965745240449905396e-03 7.877565920352935791e-03 9.523624554276466370e-03 3.945548832416534424e-02 4.993449524044990540e-02 1.376377884298563004e-02 2.350012026727199554e-02 1.092359516769647598e-02 6.020186468958854675e-02 3.315831720829010010e-02 8.129206486046314240e-03 2.071845345199108124e-02 3.021410433575510979e-03 3.202823176980018616e-02 4.296662285923957825e-02 2.754329517483711243e-02 4.820929840207099915e-03 6.404099054634571075e-03 4.594471305608749390e-02 3.105817548930644989e-02 3.810073807835578918e-02 4.121960699558258057e-02 3.061281517148017883e-02 3.554571419954299927e-02 1.281801015138626099e-01 8.538667857646942139e-02 3.896161913871765137e-02 4.339965432882308960e-02 3.115996485576033592e-03 1.323797460645437241e-02 3.299774602055549622e-02 1.356642227619886398e-02 1.960800215601921082e-02 1.351536251604557037e-03 6.553791929036378860e-03 3.813217335846275091e-04 2.455505728721618652e-02 8.382984437048435211e-03 3.263591323047876358e-03 1.027552131563425064e-02 4.343720152974128723e-02 2.442042529582977295e-02 3.887398540973663330e-02 4.092350229620933533e-02 1.775519922375679016e-02 3.849409148097038269e-02 1.391572877764701843e-02 3.421988338232040405e-02 2.193238586187362671e-02 3.962533548474311829e-02 1.437511178664863110e-03 1.722695305943489075e-02 1.790960505604743958e-02 1.039465144276618958e-02 7.975344546139240265e-03 1.279756333678960800e-02 7.932025939226150513e-03 3.936927393078804016e-02 3.541427431628108025e-03 2.736811339855194092e-02 2.468555700033903122e-03 2.034847810864448547e-02 3.609777241945266724e-02 2.622825838625431061e-02 2.736948989331722260e-02 2.812729217112064362e-02 2.444493398070335388e-02 1.126026082783937454e-02 2.153197117149829865e-02 7.539398223161697388e-02 3.214378654956817627e-02 3.260933607816696167e-02 6.328075192868709564e-03 9.626558050513267517e-03 2.004790119826793671e-02 6.485510151833295822e-03 2.977040782570838928e-02 4.785805568099021912e-02 3.054552897810935974e-02 3.636608645319938660e-02 4.851540923118591309e-02 3.968830406665802002e-02 2.290568314492702484e-02 1.537082437425851822e-02 3.513133525848388672e-02 6.540160626173019409e-03 3.279686346650123596e-02 1.319931354373693466e-02 3.008068911731243134e-02 3.068205155432224274e-02 2.816679328680038452e-02 1.173121482133865356e-02 2.167801000177860260e-02 1.500813756138086319e-02
2.482408098876476288e-02 3.376446664333343506e-02 1.257753814570605755e-03 3.058289177715778351e-02 2.279486320912837982e-02 5.209138616919517517e-02 4.812217131257057190e-02 4.233866557478904724e-02 2.675097435712814331e-02 9.001766331493854523e-03 8.286844007670879364e-03 4.567717909812927246e-01 7.063049357384443283e-03 1.872856020927429199e-01 1.257560215890407562e-02 1.742605119943618774e-02 1.325301080942153931e-02 5.162050016224384308e-03 3.445210307836532593e-02 4.130007699131965637e-02 2.390172099694609642e-03 8.717108517885208130e-03 3.176521509885787964e-02 5.071688909083604813e-03 1.479175686836242676e-02 3.831922635436058044e-02 8.493692614138126373e-03 1.260451376438140869e-01 1.891169138252735138e-02 1.023724079132080078e-01 2.227122709155082703e-02 3.858762560412287712e-03 7.448786403983831406e-03 7.682570721954107285e-03 4.413481429219245911e-02 1.928047835826873779e-02 3.212982788681983948e-03 4.033476486802101135e-02 2.298290282487869263e-02 1.035253424197435379e-02 2.436160109937191010e-02 3.695244714617729187e-02 3.587640076875686646e-02 5.014180019497871399e-02 1.992386393249034882e-02 3.316832939162850380e-03 1.094543002545833588e-02 1.950651779770851135e-02 4.854022338986396790e-02 1.973672769963741302e-03 1.545952726155519485e-02 2.005574107170104980e-02 1.140960119664669037e-02 1.058270502835512161e-02 9.027501568198204041e-03 4.910227656364440918e-02 9.158140048384666443e-03 1.872903294861316681e-02 3.729170933365821838e-02 1.143585518002510071e-02 4.674058035016059875e-02 8.603637106716632843e-03 3.645445033907890320e-02 3.159335348755121231e-03 2.947132289409637451e-02 2.155312895774841309e-02 1.982655748724937439e-02 4.263181239366531372e-02 4.474177956581115723e-03 5.319705605506896973e-02 3.717534989118576050e-02 4.005410894751548767e-02 1.922027952969074249e-02 3.267620876431465149e-02 5.426388978958129883e-02 4.755656048655509949e-02 1.326530985534191132e-02 4.612633213400840759e-02 3.057206608355045319e-02 3.903283551335334778e-02 3.785900771617889404e-02 2.163637243211269379e-02 4.722561687231063843e-02 8.444224298000335693e-02 1.890082284808158875e-02 3.490201383829116821e-02 2.044111117720603943e-02 1.726792007684707642e-02 1.019256561994552612e-01 5.187649652361869812e-02 2.642609924077987671e-02 1.412832643836736679e-02 8.006596937775611877e-03 4.210770595818758011e-03 5.498263984918594360e-02 4.774007014930248260e-03 9.905098937451839447e-03 5.256450921297073364e-02 8.855511434376239777e-03 7.262245286256074905e-03 1.232592947781085968e-02 1.482776459306478500e-02 1.206722948700189590e-02 8.030673488974571228e-03 3.800408914685249329e-02 3.516498487442731857e-03 1.063618529587984085e-02 3.038635104894638062e-02 3.632402047514915466e-02 8.169370703399181366e-03 5.870620906352996826e-02 8.353111147880554199e-02 4.403483867645263672e-02 2.697416208684444427e-02 1.199945528060197830e-02 2.974489331245422363e-02
1.348404139280319214e-01 1.350666582584381104e-01 6.868901546113193035e-04 7.540008518844842911e-03 1.631806790828704834e-02 1.250059306621551514e-01 9.969706088304519653e-02 5.065246671438217163e-02 1.518368907272815704e-02 2.613668702542781830e-02 1.338461935520172119e-01 7.063049357384443283e-03 4.890424907207489014e-01 6.855603307485580444e-03 2.106073312461376190e-02 4.882608726620674133e-02 2.859964594244956970e-02 3.915691003203392029e-02 1.567971333861351013e-02 1.625585183501243591e-02 1.631287485361099243e-02 7.199214398860931396e-02 1.559515949338674545e-03 1.480845734477043152e-02 2.420154400169849396e-03 1.642941869795322418e-02 2.547215297818183899e-02 8.279547095298767090e-03 8.155723917298018932e-04 1.387035939842462540e-02 2.097650803625583649e-02 3.062656149268150330e-02 2.293306402862071991e-03 1.263983640819787979e-02 6.118321325629949570e-03 4.428653046488761902e-02 3.661878407001495361e-02 1.429967395961284637e-02 5.341581068933010101e-03 3.393590683117508888e-03 5.467908829450607300e-02 3.606491535902023315e-02 3.959750384092330933e-02 2.496802993118762970e-02 1.658835448324680328e-02 3.749728575348854065e-02 1.218041181564331055e-01 9.013447165489196777e-02 3.231805935502052307e-02 4.738151654601097107e-02 2.290396764874458313e-02 8.245608769357204437e-03 5.129871889948844910e-02 2.304398454725742340e-03 2.299137972295284271e-02 8.920869790017604828e-03 1.795627363026142120e-02 3.018746897578239441e-02 7.328958716243505478e-03 1.577542349696159363e-02 5.700578913092613220e-03 2.239473629742860794e-03 3.797625191509723663e-03 1.815530471503734589e-03 2.106576040387153625e-02 6.156671419739723206e-02 2.442681603133678436e-02 3.329952433705329895e-02 1.170984189957380295e-02 1.357283350080251694e-02 2.292696200311183929e-02 3.170623257756233215e-02 2.382447011768817902e-03 2.181339077651500702e-02 5.123930051922798157e-03 8.682725019752979279e-03 1.055326499044895172e-02 1.848373375833034515e-02 4.843809176236391068e-03 2.867968752980232239e-02 4.229919984936714172e-02 2.920833043754100800e-02 2.356220223009586334e-02 5.158038437366485596e-02 2.936291694641113281e-02 4.189485311508178711e-02 9.762748377397656441e-04 1.655914261937141418e-02 1.573928818106651306e-02 2.021996304392814636e-02 6.205710233189165592e-04 3.399237617850303650e-02 5.367223173379898071e-02 3.072662651538848877e-02 6.987924221903085709e-03 1.153358072042465210e-02 2.086357772350311279e-02 3.267051652073860168e-03 4.698897898197174072e-02 4.940788447856903076e-02 4.637293517589569092e-02 3.795976936817169189e-02 3.968250006437301636e-02 4.583617299795150757e-02 8.677138015627861023e-03 1.791843958199024200e-02 4.021421074867248535e-02 4.743770696222782135e-03 1.249071024358272552e-02 3.105275798588991165e-03 3.816221281886100769e-02 1.720887422561645508e-02 3.559769690036773682e-02 7.818575017154216766e-03 8.998840115964412689e-03 4.425897728651762009e-03
