4.822681546211242676e-01 1.398060172796249390e-01 3.236679360270500183e-02 1.787746697664260864e-02 9.419573470950126648e-03 1.616416126489639282e-01 1.281693577766418457e-01 8.341353386640548706e-03 2.332907542586326599e-02 2.647158503532409668e-02 8.576723188161849976e-02 5.421058088541030884e-02 9.808865189552307129e-02 1.655736751854419708e-02 1.660816557705402374e-02 3.740707412362098694e-02 6.463171541690826416e-02 7.350996136665344238e-03 5.117998924106359482e-03 3.212073817849159241e-02 9.420252405107021332e-03 3.394222259521484375e-02 1.633254438638687134e-02 2.921057678759098053e-02 4.329470917582511902e-02 1.065081264823675156e-02 2.003717236220836639e-02 2.104485966265201569e-02 6.332119554281234741e-02 3.683301061391830444e-02 3.918618336319923401e-02 3.168919309973716736e-02 1.479807402938604355e-02 2.012677490711212158e-02 1.284220162779092789e-02 3.570282459259033203e-02 2.597934752702713013e-02 3.025824949145317078e-02 1.851893588900566101e-02 8.379948558285832405e-04 6.065226159989833832e-03 5.141125991940498352e-03 5.789155606180429459e-03 1.774610392749309540e-02 2.962813898921012878e-02 2.488397061824798584e-02 8.564855903387069702e-02 4.874577745795249939e-03 2.314345445483922958e-03 7.343616336584091187e-03 4.802232235670089722e-02 4.108037054538726807e-02 1.384147070348262787e-02 6.095758173614740372e-03 9.037822601385414600e-04 4.762397706508636475e-02 3.636421635746955872e-02 9.769730269908905029e-03 4.608760646078735590e-04 4.048420581966638565e-03 9.234655648469924927e-03 3.803488239645957947e-02 6.732136476784944534e-03 1.860990375280380249e-02 2.341628819704055786e-02 1.338643766939640045e-02 1.733242906630039215e-02 4.209363088011741638e-02 2.341545931994915009e-02 3.592861443758010864e-02 1.294889766722917557e-02 4.094114061444997787e-03 1.357655134052038193e-02 4.118425771594047546e-02 2.860591630451381207e-04 4.216819629073143005e-02 3.852528333663940430e-02 5.206506699323654175e-03 4.475941136479377747e-02 1.197639759629964828e-02 1.651825755834579468e-02 1.678980328142642975e-02 2.712489105761051178e-02 1.302318554371595383e-02 2.516096271574497223e-02 8.756319060921669006e-03 4.148002713918685913e-02 5.476511642336845398e-02 3.216399624943733215e-02 2.225721068680286407e-02 1.186672691255807877e-02 1.818548515439033508e-02 4.580651223659515381e-02 1.599054038524627686e-02 4.029120877385139465e-02 2.140898257493972778e-02 2.753992192447185516e-02 3.803729265928268433e-02 3.789984062314033508e-02 4.968427121639251709e-02 4.513556882739067078e-02 4.030204936861991882e-02 1.793735288083553314e-02 3.963241353631019592e-03 4.710998386144638062e-02 4.021539818495512009e-03 3.650714084506034851e-02 2.827335335314273834e-02 3.481633961200714111e-02 7.829030044376850128e-03 2.952623879536986351e-03 2.258101291954517365e-02 2.589150331914424896e-02 2.180280350148677826e-02 3.112435713410377502e-02 2.624611929059028625e-02
1.398060172796249390e-01 4.831874370574951172e-01 4.249329119920730591e-02 8.087966591119766235e-03 7.908602245151996613e-03 1.233223080635070801e-01 1.211714595556259155e-01 3.187514841556549072e-02 4.860547930002212524e-02 4.135271906852722168e-02 8.538578450679779053e-02 5.869007855653762817e-02 1.114596500992774963e-01 7.020279765129089355e-03 1.402932102791965008e-03 4.635748919099569321e-03 3.003501147031784058e-02 2.081559039652347565e-02 6.314419442787766457e-04 3.886066004633903503e-02 4.302932415157556534e-03 2.833892591297626495e-02 5.447645671665668488e-03 1.218117401003837585e-02 1.802931912243366241e-02 1.666369102895259857e-02 1.029555033892393112e-02 6.645618472248315811e-03 4.446506127715110779e-02 3.484065085649490356e-02 1.174216624349355698e-02 6.505193188786506653e-03 2.385211875662207603e-03 1.484224200248718262e-02 1.000187266618013382e-02 2.101996913552284241e-02 2.965113520622253418e-02 5.357857048511505127e-02 4.220743849873542786e-02 1.502164173871278763e-02 2.563509857282042503e-03 2.601884119212627411e-02 3.912529721856117249e-02 3.807653486728668213e-02 1.510907337069511414e-02 1.340274419635534286e-02 7.087567448616027832e-02 3.335043042898178101e-02 2.225346677005290985e-02 2.343044616281986237e-03 4.893977940082550049e-02 2.350403741002082825e-02 2.408670028671622276e-03 3.628462320193648338e-03 1.139266509562730789e-02 5.043495073914527893e-02 2.671082131564617157e-02 2.476706402376294136e-03 9.502369910478591919e-03 1.189517881721258163e-02 1.893129013478755951e-02 1.372296363115310669e-02 3.479482978582382202e-02 1.658824644982814789e-02 2.693088958039879799e-03 3.791457414627075195e-02 3.693985939025878906e-02 2.529951930046081543e-02 1.459557004272937775e-02 3.554952889680862427e-02 2.155010029673576355e-02 3.178536891937255859e-03 4.397705197334289551e-02 2.634967118501663208e-02 2.384798228740692139e-02 1.189852040261030197e-02 2.802238613367080688e-02 9.838171303272247314e-03 2.661725878715515137e-02 3.255882859230041504e-02 5.985338939353823662e-04 1.740114390850067139e-02 2.802779898047447205e-02 2.077813073992729187e-02 4.442379623651504517e-02 2.265558810904622078e-03 3.266667574644088745e-02 5.591104179620742798e-02 1.876042783260345459e-02 2.544880378991365433e-03 8.145245723426342010e-03 1.744138635694980621e-02 3.435780480504035950e-02 2.080714516341686249e-02 4.596096649765968323e-02 8.339251391589641571e-03 2.799142897129058838e-02 6.164111196994781494e-03 4.489696770906448364e-02 3.931670635938644409e-02 3.407272323966026306e-02 4.365003854036331177e-02 2.151942066848278046e-02 1.093252655118703842e-02 3.701719269156455994e-02 8.423026651144027710e-03 4.205052927136421204e-02 3.916424512863159180e-02 3.492609038949012756e-02 1.937990821897983551e-02 8.210932835936546326e-03 2.904571220278739929e-02 1.664972305297851562e-02 8.295028470456600189e-03 1.564784720540046692e-02 1.608241163194179535e-02
3.236679360270500183e-02 4.249329119920730591e-02 4.456948637962341309e-01 1.311628986150026321e-02 3.497964888811111450e-02 4.934426397085189819e-02 3.167154639959335327e-02 1.668386608362197876e-01 2.501690946519374847e-02 1.604328677058219910e-02 4.597843810915946960e-02 1.142656896263360977e-02 2.915581502020359039e-02 9.635236114263534546e-03 8.946862071752548218e-02 2.618994191288948059e-02 2.248563105240464211e-03 2.145533077418804169e-02 1.521133165806531906e-02 7.981741800904273987e-03 1.544817001558840275e-03 1.871566288173198700e-02 1.516672503203153610e-02 1.478115376085042953e-02 2.797488309442996979e-02 8.341399021446704865e-03 9.056367911398410797e-03 2.297725714743137360e-02 4.780148155987262726e-03 4.213907569646835327e-02 2.075796760618686676e-02 2.492768689990043640e-02 3.878103569149971008e-02 4.210756346583366394e-02 1.063297092914581299e-01 1.091985683888196945e-02 4.324383661150932312e-02 2.082247287034988403e-02 1.926908455789089203e-02 2.821724303066730499e-02 2.968528121709823608e-02 4.449127987027168274e-02 2.190585248172283173e-02 1.548244524747133255e-02 4.410300403833389282e-02 7.370328065007925034e-03 1.519769616425037384e-02 2.605229243636131287e-02 7.161163259297609329e-03 2.419833466410636902e-02 4.778172879014164209e-04 1.768183428794145584e-03 3.562188148498535156e-02 9.746513329446315765e-03 3.066729195415973663e-02 3.941802680492401123e-02 2.164861559867858887e-02 1.155394874513149261e-02 4.257980734109878540e-02 2.928566932678222656e-02 4.452470690011978149e-02 1.371951680630445480e-02 1.553558185696601868e-02 3.252792358398437500e-02 3.559644520282745361e-02 2.732411399483680725e-02 1.177037507295608521e-02 3.286640718579292297e-02 2.131709642708301544e-02 2.897050976753234863e-02 6.826378870755434036e-03 3.877206519246101379e-02 4.028164315968751907e-03 4.016146808862686157e-02 4.847189120482653379e-04 4.282456822693347931e-03 3.163799643516540527e-02 1.505704410374164581e-02 1.954362541437149048e-02 3.096082061529159546e-02 2.252385169267654419e-01 3.823844343423843384e-02 2.581726387143135071e-02 1.239179540425539017e-02 4.260122030973434448e-02 1.653633639216423035e-02 1.171159073710441589e-01 3.154761716723442078e-02 2.416887693107128143e-02 3.128533437848091125e-02 7.752255350351333618e-02 3.101233858615159988e-03 3.269231691956520081e-02 1.366834994405508041e-02 4.072937741875648499e-02 3.307587653398513794e-02 2.132678404450416565e-02 1.256443094462156296e-02 2.789614489302039146e-03 1.468320190906524658e-02 4.173319414258003235e-02 1.936923339962959290e-02 3.890249133110046387e-02 4.815815389156341553e-02 2.239849790930747986e-02 4.233894124627113342e-02 2.428084984421730042e-02 2.255898900330066681e-02 1.662221970036625862e-03 1.933360705152153969e-03 5.012183263897895813e-02 7.619839627295732498e-03 1.526724174618721008e-02 1.072692871093750000e-02 3.137385845184326172e-02 5.819610133767127991e-02
1.787746697664260864e-02 8.087966591119766235e-03 1.311628986150026321e-02 4.606027603149414062e-01 2.107561379671096802e-01 1.391496416181325912e-02 3.036190522834658623e-03 1.646844670176506042e-02 1.782297156751155853e-02 7.163777202367782593e-02 2.331357076764106750e-02 1.188932824879884720e-02 4.905666410923004150e-02 5.499141290783882141e-03 1.109047327190637589e-02 2.207345329225063324e-02 6.010298151522874832e-03 6.757070869207382202e-02 1.572655513882637024e-02 2.875036001205444336e-02 8.901533670723438263e-03 2.412245236337184906e-02 4.743073135614395142e-02 2.146424353122711182e-02 4.034755006432533264e-02 3.925188630819320679e-02 2.470595575869083405e-02 2.306339889764785767e-02 1.809171028435230255e-02 2.334983460605144501e-02 5.839546024799346924e-02 5.746410228312015533e-03 4.802206531167030334e-02 1.565841585397720337e-02 1.569284871220588684e-02 3.788096830248832703e-02 2.884742058813571930e-02 4.153594840317964554e-03 5.236286297440528870e-02 4.375761374831199646e-02 3.896926715970039368e-02 1.902391389012336731e-02 3.639200702309608459e-02 4.939317237585783005e-03 9.906147606670856476e-04 7.691829232499003410e-04 3.690437600016593933e-02 4.055380821228027344e-02 5.715240165591239929e-02 4.662802442908287048e-02 3.182911872863769531e-02 8.994219242595136166e-04 1.149300206452608109e-02 1.379607524722814560e-02 3.943280503153800964e-02 1.978765986859798431e-02 3.757484629750251770e-02 1.687455922365188599e-02 6.570585817098617554e-02 3.016751818358898163e-02 4.731220379471778870e-02 5.250285938382148743e-02 3.907356783747673035e-02 1.487048063427209854e-02 5.963464733213186264e-03 3.954672068357467651e-02 4.843186214566230774e-02 1.357220485806465149e-02 3.588648885488510132e-02 3.848891332745552063e-02 5.695046484470367432e-02 3.722361288964748383e-03 1.207981929183006287e-01 4.043520614504814148e-02 6.581939756870269775e-02 1.612615212798118591e-02 5.603624507784843445e-02 3.860710561275482178e-02 3.392891213297843933e-02 3.035048022866249084e-02 3.717406466603279114e-02 4.645206779241561890e-02 1.819154806435108185e-02 2.982044126838445663e-03 4.130912199616432190e-02 5.474710371345281601e-03 4.552568122744560242e-02 3.108911216259002686e-02 6.969944573938846588e-03 2.597826719284057617e-02 6.030994001775979996e-03 2.772458083927631378e-02 4.036763682961463928e-02 4.364020004868507385e-02 2.712397836148738861e-02 3.201869130134582520e-02 4.482436180114746094e-02 5.391275137662887573e-02 2.185343205928802490e-02 2.542022615671157837e-02 6.284065544605255127e-03 3.414020314812660217e-02 4.818474128842353821e-02 2.147217048332095146e-03 4.441757127642631531e-02 6.054230034351348877e-03 1.142772100865840912e-02 3.767318651080131531e-02 1.458263117820024490e-02 3.464456275105476379e-02 1.318725105375051498e-02 5.824624095112085342e-03 3.187658265233039856e-02 2.492989040911197662e-02 4.001837968826293945e-02 1.820437982678413391e-02
9.419573470950126648e-03 7.908602245151996613e-03 3.497964888811111450e-02 2.107561379671096802e-01 4.641669988632202148e-01 7.939201779663562775e-03 1.167203206568956375e-02 3.438583109527826309e-03 3.591373935341835022e-02 3.363020345568656921e-02 1.701984368264675140e-02 2.665437571704387665e-02 2.502168901264667511e-02 2.311124280095100403e-02 1.558836270123720169e-02 2.407341822981834412e-02 6.119592580944299698e-03 5.535069853067398071e-02 4.207989946007728577e-02 2.772365137934684753e-02 1.920962147414684296e-02 4.268081486225128174e-02 5.226603709161281586e-03 3.070627152919769287e-02 5.157051235437393188e-02 4.518708959221839905e-02 2.335173450410366058e-02 2.615140005946159363e-02 3.020359575748443604e-02 4.346687928773462772e-04 4.622729867696762085e-02 1.717614568769931793e-02 9.377866052091121674e-03 4.219925776124000549e-02 1.475191209465265274e-02 5.005657672882080078e-02 1.764319278299808502e-02 2.701643295586109161e-02 7.632648199796676636e-02 7.485022395849227905e-02 2.512189932167530060e-02 3.001043200492858887e-02 2.188067324459552765e-02 4.235193878412246704e-02 4.988144710659980774e-02 7.711466867476701736e-03 2.714772336184978485e-02 3.368989005684852600e-02 5.548804625868797302e-02 5.561613012105226517e-03 2.081955224275588989e-02 1.891590096056461334e-02 5.161000043153762817e-02 2.856712043285369873e-02 3.794203698635101318e-02 7.343379314988851547e-03 4.916588217020034790e-02 3.860615193843841553e-03 2.982430718839168549e-02 4.786378145217895508e-02 3.773763775825500488e-02 7.300969958305358887e-02 4.708885028958320618e-02 7.948316633701324463e-03 7.462937850505113602e-03 3.205944597721099854e-02 4.234160110354423523e-02 2.073272317647933960e-02 2.292966842651367188e-02 3.901718556880950928e-02 7.519844174385070801e-02 1.385870389640331268e-02 5.980277433991432190e-02 1.415083091706037521e-02 7.693614810705184937e-02 1.319407299160957336e-02 2.641195990145206451e-02 2.125965198501944542e-03 2.595756761729717255e-02 5.181305482983589172e-02 2.801465988159179688e-02 3.748135641217231750e-02 3.269134089350700378e-02 4.363456368446350098e-02 5.388293787837028503e-02 6.887855939567089081e-03 4.885096848011016846e-02 4.151913151144981384e-02 1.232095248997211456e-02 8.011288009583950043e-04 1.330581214278936386e-02 5.121716856956481934e-02 3.835354372859001160e-02 1.698979921638965607e-02 4.242264851927757263e-02 3.619911894202232361e-02 4.621766507625579834e-02 5.612936988472938538e-02 1.098818797618150711e-02 1.467667426913976669e-02 9.742553345859050751e-03 4.832465201616287231e-02 3.688278049230575562e-02 1.509395800530910492e-02 3.949952498078346252e-02 2.529584057629108429e-02 1.027021743357181549e-02 3.215994220227003098e-03 3.948681429028511047e-02 9.184420108795166016e-03 2.487619966268539429e-02 1.954811625182628632e-03 3.464324772357940674e-02 4.791948571801185608e-02 5.125543847680091858e-02 1.414680946618318558e-02
1.616416126489639282e-01 1.233223080635070801e-01 4.934426397085189819e-02 1.391496416181325912e-02 7.939201779663562775e-03 4.751944839954376221e-01 1.693282127380371094e-01 1.016034930944442749e-02 1.615109480917453766e-02 1.285870093852281570e-02 6.533794850111007690e-02 1.970756985247135162e-02 8.150357007980346680e-02 4.177511110901832581e-02 1.200177986174821854e-02 5.186400562524795532e-02 8.152809739112854004e-02 1.813310012221336365e-02 2.194668399170041084e-03 4.329386353492736816e-02 3.191184718161821365e-03 1.407642010599374771e-02 1.022534631192684174e-02 4.491868894547224045e-03 1.778751797974109650e-02 2.051221951842308044e-02 4.730015061795711517e-03 5.583284422755241394e-02 2.420460339635610580e-03 1.882733590900897980e-02 2.756142243742942810e-02 3.964487463235855103e-02 3.133649751543998718e-02 4.435824602842330933e-02 4.430871829390525818e-02 1.028759963810443878e-02 3.477524034678936005e-03 4.312297329306602478e-02 3.056673519313335419e-02 1.819423399865627289e-02 7.407250348478555679e-03 5.368787422776222229e-02 7.837162353098392487e-03 2.706094458699226379e-02 6.180677562952041626e-03 4.680898413062095642e-02 1.106869950890541077e-01 1.965050026774406433e-02 4.063036665320396423e-02 5.941817909479141235e-02 1.651575788855552673e-02 2.298552729189395905e-02 3.055207431316375732e-03 1.422717701643705368e-03 5.205836892127990723e-02 1.916916295886039734e-02 5.918399896472692490e-03 6.417410075664520264e-02 4.336442053318023682e-02 2.097693830728530884e-02 3.118073381483554840e-02 5.031013116240501404e-02 1.838185638189315796e-02 1.898883469402790070e-02 5.971721187233924866e-02 2.431754581630229950e-02 2.714565023779869080e-02 3.312779963016510010e-02 4.243651777505874634e-02 2.960668411105871201e-03 1.560152624733746052e-03 4.905667155981063843e-02 2.938246820122003555e-03 1.523874700069427490e-02 3.002419881522655487e-02 6.589467637240886688e-03 2.530942112207412720e-02 1.231707632541656494e-02 1.362917944788932800e-02 5.572380963712930679e-03 1.659739576280117035e-02 3.556276485323905945e-02 4.179430752992630005e-02 4.371643066406250000e-03 4.256828874349594116e-02 4.093838483095169067e-02 3.468084335327148438e-02 7.932718098163604736e-02 2.384130842983722687e-02 4.451967403292655945e-02 2.451996318995952606e-02 6.035456433892250061e-02 2.789721125736832619e-03 3.264486417174339294e-02 4.313120245933532715e-02 3.926882147789001465e-02 4.003664851188659668e-02 3.780690208077430725e-02 3.080992028117179871e-02 8.471171371638774872e-03 1.434166170656681061e-02 3.668114915490150452e-02 4.213874787092208862e-02 2.107059583067893982e-02 3.606451302766799927e-02 1.780645572580397129e-03 1.400175411254167557e-02 4.709628224372863770e-02 1.755100488662719727e-02 2.793700667098164558e-03 5.075256805866956711e-03 1.368334330618381500e-02 2.448155358433723450e-02 3.873075917363166809e-02 3.763767192140221596e-03 1.409495621919631958e-02
1.281693577766418457e-01 1.211714595556259155e-01 3.167154639959335327e-02 3.036190522834658623e-03 1.167203206568956375e-02 1.693282127380371094e-01 4.836217164993286133e-01 4.639401286840438843e-02 2.789915725588798523e-02 1.366981863975524902e-02 7.264441996812820435e-02 5.041314661502838135e-02 8.555231988430023193e-02 3.590788925066590309e-03 2.179025858640670776e-02 7.382011506706476212e-03 4.698418825864791870e-02 1.805144548416137695e-02 2.335583604872226715e-02 4.064161702990531921e-02 4.012985154986381531e-03 1.504731364548206329e-02 1.168517846963368356e-04 3.715075785294175148e-03 3.789414837956428528e-02 9.260361082851886749e-03 1.918258704245090485e-02 7.665495388209819794e-03 5.807225406169891357e-02 5.568311363458633423e-02 4.171331971883773804e-02 2.870349213480949402e-02 4.425930976867675781e-02 4.161529242992401123e-02 1.607006415724754333e-02 2.238714881241321564e-02 1.572291739284992218e-02 4.461692646145820618e-02 3.537571802735328674e-02 1.193889603018760681e-02 8.009990560822188854e-04 5.549286678433418274e-02 2.920635975897312164e-02 2.165348827838897705e-02 3.508456423878669739e-02 1.955568790435791016e-02 1.319576501846313477e-01 1.090585738420486450e-01 2.200687117874622345e-02 1.942750252783298492e-02 1.789701730012893677e-02 3.249667584896087646e-03 3.815020900219678879e-03 1.201825123280286789e-02 1.593285612761974335e-02 2.265387400984764099e-02 1.699094288051128387e-02 3.160983696579933167e-02 3.844693070277571678e-03 3.704858198761940002e-02 1.835383847355842590e-02 1.250390149652957916e-02 3.180059790611267090e-02 2.512476593255996704e-02 1.745278574526309967e-02 1.846531219780445099e-02 1.920194737613201141e-02 3.754130750894546509e-02 1.841501891613006592e-02 3.497492149472236633e-02 2.960306406021118164e-02 2.315892465412616730e-02 6.027892231941223145e-03 4.024727270007133484e-02 4.068650305271148682e-02 3.484935313463211060e-02 1.543765235692262650e-02 1.466594543308019638e-02 1.554855238646268845e-02 1.949638710357248783e-03 7.025928236544132233e-03 9.452585130929946899e-03 4.716562107205390930e-02 2.893475070595741272e-02 4.626018926501274109e-02 2.922432310879230499e-02 1.907810685224831104e-03 4.386771842837333679e-02 2.672054991126060486e-02 9.969441220164299011e-03 1.222705841064453125e-02 3.291071206331253052e-02 3.045323304831981659e-02 1.195248309522867203e-02 2.723356895148754120e-02 6.686867214739322662e-03 2.950130775570869446e-02 3.585004061460494995e-02 2.352526411414146423e-02 1.428493857383728027e-02 4.683952033519744873e-02 3.229845315217971802e-02 4.459316283464431763e-02 5.300160031765699387e-03 9.313235059380531311e-03 4.245119169354438782e-02 2.803786098957061768e-02 4.203658550977706909e-02 3.676453232765197754e-02 1.708004251122474670e-02 8.984916843473911285e-03 2.778836898505687714e-02 1.011941675096750259e-02 1.913276500999927521e-02 2.823453582823276520e-02 8.661058731377124786e-03
8.341353386640548706e-03 3.187514841556549072e-02 1.668386608362197876e-01 1.646844670176506042e-02 3.438583109527826309e-03 1.016034930944442749e-02 4.639401286840438843e-02 4.662820100784301758e-01 2.507769502699375153e-02 3.227422758936882019e-02 2.284073270857334137e-02 3.869892284274101257e-02 2.459831163287162781e-02 4.211592604406177998e-04 1.157607212662696838e-01 3.499551117420196533e-02 2.401606738567352295e-02 3.929127752780914307e-02 4.611784219741821289e-02 2.700214460492134094e-02 6.958296056836843491e-03 2.757787704467773438e-02 1.946754753589630127e-02 4.469124600291252136e-03 4.514987394213676453e-02 1.153740938752889633e-02 1.714673824608325958e-02 2.338775247335433960e-02 2.844652719795703888e-02 1.428826991468667984e-02 3.794648870825767517e-02 5.002869875170290470e-04 1.490266993641853333e-02 4.426394030451774597e-02 4.858064651489257812e-02 7.574382703751325607e-03 1.520661078393459320e-02 3.574216738343238831e-03 3.572717308998107910e-02 2.633253170643001795e-04 2.300351671874523163e-02 3.824149072170257568e-02 1.343621592968702316e-02 4.272660240530967712e-02 5.486018583178520203e-02 4.033850505948066711e-02 1.865695975720882416e-02 1.830925233662128448e-02 1.365696452558040619e-02 2.095629833638668060e-02 4.473051056265830994e-02 5.157627537846565247e-02 1.598424743860960007e-03 2.500437013804912567e-02 3.909527789801359177e-03 2.185130678117275238e-02 4.538916051387786865e-02 3.975297138094902039e-02 4.421515762805938721e-02 8.077526092529296875e-02 1.079246029257774353e-02 6.719404336763545871e-05 1.864649169147014618e-02 1.676641963422298431e-02 1.434688828885555267e-02 1.420786976814270020e-02 2.478272840380668640e-02 4.240212589502334595e-02 3.798701614141464233e-02 3.631088137626647949e-02 1.636411063373088837e-02 4.381275922060012817e-02 2.035948261618614197e-02 9.749129094416275620e-05 1.827870123088359833e-02 3.206245601177215576e-02 4.037475958466529846e-02 3.340597450733184814e-02 6.550962105393409729e-03 3.779937699437141418e-02 2.119568288326263428e-01 1.270494759082794189e-01 3.785603120923042297e-02 1.987047120928764343e-02 3.494264185428619385e-02 3.330304101109504700e-02 1.295779645442962646e-01 9.805806726217269897e-02 2.343961410224437714e-02 7.203515619039535522e-03 6.623480468988418579e-03 9.599853074178099632e-04 1.534657645970582962e-02 4.040690511465072632e-02 3.675723820924758911e-02 1.702000387012958527e-02 2.809064649045467377e-02 6.825145799666643143e-03 3.457460552453994751e-02 3.844806225970387459e-03 4.499802162172272801e-05 1.176611147820949554e-02 2.509098500013351440e-02 2.112993784248828888e-02 1.533409114927053452e-02 3.437718003988265991e-02 8.315153419971466064e-03 3.339783474802970886e-02 2.853847481310367584e-02 3.320676088333129883e-02 1.689797791186720133e-04 7.273820228874683380e-03 6.946112029254436493e-03 1.513658277690410614e-02 1.956145279109477997e-02 1.363274082541465759e-02
2.332907542586326599e-02 4.860547930002212524e-02 2.501690946519374847e-02 1.782297156751155853e-02 3.591373935341835022e-02 1.615109480917453766e-02 2.789915725588798523e-02 2.507769502699375153e-02 4.539840519428253174e-01 4.617994185537099838e-03 1.146011147648096085e-02 1.872615190222859383e-03 8.104008622467517853e-03 3.805018961429595947e-02 8.990147034637629986e-04 1.038744114339351654e-02 5.610467866063117981e-02 5.486343987286090851e-03 4.592638835310935974e-02 6.795448251068592072e-03 1.762618497014045715e-02 7.236918900161981583e-03 2.228526212275028229e-02 2.051660791039466858e-02 3.958779852837324142e-03 5.712121352553367615e-02 6.809822469949722290e-02 2.400482818484306335e-02 7.535327225923538208e-03 2.735165692865848541e-02 4.737130925059318542e-02 1.822320744395256042e-02 1.280956342816352844e-02 9.739127941429615021e-03 6.169289117678999901e-04 2.447817102074623108e-02 1.659977994859218597e-02 1.986007019877433777e-02 1.184586086310446262e-03 1.049003936350345612e-02 3.546684235334396362e-02 7.357216626405715942e-02 4.470584169030189514e-02 2.945938520133495331e-02 2.898172242566943169e-03 2.074157819151878357e-02 2.862241677939891815e-02 6.402314454317092896e-02 3.429710119962692261e-02 2.634168975055217743e-02 5.019230768084526062e-02 3.097230382263660431e-02 4.849546775221824646e-02 1.201317296363413334e-03 3.385269641876220703e-02 4.952988028526306152e-02 4.918892402201890945e-03 2.337210439145565033e-02 4.662169516086578369e-02 3.589489310979843140e-02 3.409362956881523132e-02 4.848323017358779907e-02 4.977656155824661255e-02 8.095400407910346985e-03 1.270842086523771286e-02 2.798374369740486145e-02 1.920941658318042755e-02 1.438620267435908318e-03 8.638926595449447632e-02 3.234183043241500854e-02 4.701915383338928223e-02 1.040347386151552200e-02 5.892431735992431641e-02 3.304636478424072266e-02 2.943913266062736511e-02 4.532061144709587097e-02 9.441206604242324829e-02 4.963494464755058289e-02 8.096972852945327759e-02 3.058463148772716522e-02 2.848226949572563171e-02 2.777111530303955078e-02 3.961923718452453613e-02 8.472041226923465729e-03 4.046148434281349182e-02 2.713266294449567795e-03 5.324103683233261108e-02 1.077160518616437912e-02 9.232810884714126587e-02 4.748720303177833557e-02 4.462130740284919739e-02 4.598771780729293823e-02 8.485007286071777344e-02 1.149725168943405151e-02 4.961618036031723022e-02 4.070105031132698059e-02 4.880665335804224014e-03 2.055538631975650787e-02 2.495272457599639893e-02 3.018002025783061981e-02 1.009453646838665009e-02 3.310588747262954712e-02 3.164615714922547340e-03 3.143987804651260376e-02 5.887227598577737808e-03 1.320411078631877899e-02 2.674188278615474701e-02 4.396104440093040466e-02 8.959556929767131805e-03 1.067528268322348595e-03 3.927867487072944641e-02 2.473180182278156281e-02 2.054316690191626549e-03 3.236814960837364197e-02 2.610649354755878448e-02 2.841815724968910217e-02
2.647158503532409668e-02 4.135271906852722168e-02 1.604328677058219910e-02 7.163777202367782593e-02 3.363020345568656921e-02 1.285870093852281570e-02 1.366981863975524902e-02 3.227422758936882019e-02 4.617994185537099838e-03 4.601727426052093506e-01 4.770945012569427490e-02 4.585795104503631592e-02 4.012899845838546753e-02 2.749332226812839508e-03 4.219818487763404846e-02 1.552884373813867569e-02 5.229602381587028503e-02 2.544523961842060089e-02 2.296646591275930405e-03 1.405220427841413766e-05 3.455777093768119812e-02 1.706991810351610184e-03 2.388947643339633942e-02 1.308928895741701126e-02 1.329321786761283875e-02 1.784278452396392822e-02 4.467435926198959351e-02 4.243034496903419495e-02 3.795696794986724854e-02 1.366812642663717270e-02 1.447319332510232925e-02 2.293987013399600983e-02 3.114842437207698822e-02 2.221932075917720795e-02 4.716490581631660461e-02 1.645186729729175568e-02 2.333388663828372955e-02 5.188962817192077637e-02 1.343393791466951370e-02 3.814722225069999695e-02 1.403672806918621063e-02 3.094404190778732300e-02 4.865494742989540100e-02 3.220640122890472412e-03 1.591185294091701508e-02 8.141466416418552399e-03 4.230796545743942261e-02 2.579355984926223755e-02 2.564515173435211182e-02 3.437486663460731506e-02 4.422673583030700684e-02 3.574653714895248413e-02 8.728429675102233887e-03 2.953299134969711304e-02 8.659872226417064667e-03 3.286233544349670410e-02 1.426694262772798538e-02 6.777657661586999893e-03 3.799489885568618774e-02 6.463577970862388611e-03 7.546144723892211914e-02 9.804850444197654724e-03 2.730090916156768799e-02 4.369153827428817749e-02 1.625456474721431732e-02 4.871626198291778564e-02 4.030905663967132568e-02 3.282364830374717712e-02 1.364085543900728226e-02 3.118083067238330841e-02 2.169276587665081024e-02 2.398553863167762756e-02 7.109641283750534058e-02 6.026886776089668274e-02 3.779903426766395569e-02 4.320937395095825195e-02 6.761326640844345093e-02 2.001310288906097412e-01 1.403689291328191757e-02 1.409679055213928223e-01 3.498156368732452393e-02 2.242915518581867218e-02 3.715338557958602905e-02 2.339600212872028351e-02 2.489421749487519264e-03 6.084450797061435878e-05 1.868992461822926998e-03 2.284547546878457069e-03 6.866211071610450745e-03 3.094555065035820007e-02 4.680314287543296814e-02 6.989949848502874374e-03 3.955760225653648376e-02 3.160114865750074387e-03 1.142569351941347122e-02 1.433036848902702332e-02 3.733104467391967773e-02 1.344386022537946701e-02 1.286036148667335510e-02 5.305520817637443542e-02 3.315749112516641617e-03 1.311233732849359512e-02 3.614779189229011536e-02 2.590226754546165466e-02 4.438523203134536743e-03 2.650538831949234009e-02 3.235587477684020996e-02 1.534957159310579300e-02 4.612047597765922546e-02 3.837691247463226318e-02 1.049994956701993942e-02 5.260265246033668518e-02 2.564945816993713379e-02 3.248093649744987488e-02 4.919297527521848679e-03 1.924307458102703094e-02
8.576723188161849976e-02 8.538578450679779053e-02 4.597843810915946960e-02 2.331357076764106750e-02 1.701984368264675140e-02 6.533794850111007690e-02 7.264441996812820435e-02 2.284073270857334137e-02 1.146011147648096085e-02 4.770945012569427490e-02 4.893826842308044434e-01 1.170365232974290848e-02 9.770021587610244751e-02 3.225081041455268860e-02 2.493982389569282532e-02 9.863842278718948364e-03 7.067377213388681412e-03 1.007746718823909760e-02 5.390037316828966141e-03 9.240145795047283173e-03 3.186084702610969543e-02 3.337309928610920906e-03 2.645988948643207550e-02 3.336478769779205322e-02 3.662698343396186829e-02 5.419949069619178772e-02 3.972355648875236511e-02 8.067908696830272675e-03 7.852005772292613983e-03 2.257318235933780670e-02 1.761627197265625000e-02 4.429664462804794312e-02 4.573429748415946960e-02 3.399308025836944580e-02 3.783501312136650085e-02 3.782768175005912781e-02 2.145966514945030212e-02 1.036290731281042099e-02 9.239898063242435455e-03 2.205206267535686493e-02 3.252245485782623291e-02 5.113744642585515976e-03 4.486579447984695435e-03 1.839410141110420227e-02 3.280407190322875977e-02 1.475207321345806122e-02 6.324546039104461670e-02 1.525507681071758270e-02 1.578004844486713409e-02 4.695136845111846924e-02 1.623593457043170929e-02 3.158144652843475342e-02 4.312175884842872620e-02 1.136886607855558395e-02 1.975714974105358124e-02 1.190502289682626724e-02 3.565076366066932678e-02 2.277947962284088135e-02 2.859502844512462616e-02 5.414047278463840485e-03 2.990331128239631653e-02 7.406039629131555557e-03 2.767704799771308899e-02 5.390266701579093933e-02 5.212017521262168884e-02 5.843625962734222412e-02 2.735055983066558838e-02 2.349330671131610870e-02 2.937159314751625061e-02 3.257198492065072060e-03 3.141772001981735229e-02 1.379079464823007584e-02 3.904671594500541687e-02 2.608568221330642700e-02 3.511858358979225159e-02 2.773846499621868134e-02 1.798452809453010559e-02 2.574874274432659149e-02 4.411829169839620590e-03 2.007128298282623291e-02 9.637712500989437103e-03 2.456171996891498566e-02 4.253117367625236511e-03 3.661622060462832451e-03 2.908186614513397217e-02 3.686637431383132935e-02 4.811841621994972229e-02 4.986457526683807373e-02 4.415962100028991699e-02 1.035360619425773621e-02 1.045757625252008438e-02 5.847032368183135986e-02 4.769707471132278442e-02 1.397849339991807938e-02 3.718339605256915092e-03 2.654466591775417328e-02 1.140271406620740891e-02 5.508740246295928955e-02 2.841331250965595245e-02 2.667979151010513306e-02 9.577071294188499451e-03 9.137722663581371307e-03 5.901013035327196121e-03 3.078455105423927307e-03 1.402936968952417374e-02 4.892536252737045288e-02 2.585380524396896362e-02 6.041749380528926849e-03 1.455603819340467453e-02 4.375354200601577759e-02 1.921076141297817230e-02 2.224422991275787354e-02 2.783454582095146179e-02 4.167854785919189453e-02 3.043095581233501434e-02 7.046701852232217789e-03
5.421058088541030884e-02 5.869007855653762817e-02 1.142656896263360977e-02 1.188932824879884720e-02 2.665437571704387665e-02 1.970756985247135162e-02 5.041314661502838135e-02 3.869892284274101257e-02 1.872615190222859383e-03 4.585795104503631592e-02 1.170365232974290848e-02 4.536139369010925293e-01 9.579190984368324280e-03 1.353280395269393921e-01 4.121460393071174622e-02 4.057545214891433716e-03 7.725262083113193512e-03 4.910696670413017273e-02 5.337681248784065247e-02 3.540666773915290833e-02 3.234212473034858704e-02 2.537665143609046936e-02 6.267644464969635010e-02 2.051777951419353485e-02 4.778327792882919312e-02 2.433018386363983154e-02 4.277399182319641113e-02 1.227748990058898926e-01 2.522919885814189911e-02 5.599153041839599609e-02 5.253313109278678894e-02 3.080817684531211853e-02 1.534780208021402359e-02 4.622703418135643005e-02 3.821313008666038513e-02 1.762625575065612793e-02 1.889023557305335999e-02 2.884867973625659943e-02 3.397314622998237610e-02 3.166990354657173157e-02 4.630516842007637024e-02 4.032237827777862549e-02 7.386524695903062820e-03 2.378206513822078705e-02 3.008137270808219910e-02 4.861658439040184021e-02 1.653235405683517456e-02 1.476377528160810471e-02 4.864943027496337891e-02 1.862871646881103516e-02 1.402327977120876312e-02 2.992681786417961121e-02 6.233867630362510681e-02 2.803314477205276489e-02 3.995772823691368103e-02 1.030100695788860321e-02 2.084195613861083984e-02 2.966209687292575836e-02 2.016266621649265289e-02 3.588526695966720581e-02 3.631518781185150146e-02 6.869584321975708008e-02 4.213190637528896332e-03 5.573739297688007355e-03 2.369955740869045258e-02 2.478299848735332489e-02 3.895194083452224731e-02 2.272657677531242371e-02 1.043632655637338758e-04 2.048721909523010254e-02 5.939835682511329651e-02 4.141200333833694458e-02 1.604279503226280212e-02 3.626058110967278481e-03 4.237927123904228210e-02 1.611946709454059601e-02 4.966450110077857971e-02 3.420819714665412903e-02 3.927768021821975708e-02 5.372501909732818604e-03 9.565227665007114410e-03 1.159784942865371704e-02 3.693654760718345642e-02 2.815430797636508942e-02 2.362365275621414185e-02 3.588574007153511047e-02 7.460623164661228657e-04 2.352850325405597687e-02 3.419999405741691589e-02 4.518523812294006348e-02 2.070177905261516571e-02 2.898045256733894348e-02 1.349600311368703842e-02 2.957898937165737152e-02 5.879180040210485458e-03 2.479557879269123077e-03 3.899243846535682678e-02 3.427980467677116394e-02 7.059746887534856796e-03 2.554630860686302185e-02 1.368956081569194794e-02 1.133516617119312286e-02 4.107381403446197510e-02 2.599105052649974823e-02 2.632663957774639130e-02 3.957177326083183289e-02 2.046225778758525848e-02 9.585571475327014923e-03 2.373908413574099541e-03 2.749169617891311646e-02 4.863627254962921143e-02 4.602228850126266479e-02 3.492605686187744141e-02 4.383742064237594604e-02 4.717826470732688904e-02 2.764164004474878311e-03
9.808865189552307129e-02 1.114596500992774963e-01 2.915581502020359039e-02 4.905666410923004150e-02 2.502168901264667511e-02 8.150357007980346680e-02 8.555231988430023193e-02 2.459831163287162781e-02 8.104008622467517853e-03 4.012899845838546753e-02 9.770021587610244751e-02 9.579190984368324280e-03 4.902547299861907959e-01 3.371922671794891357e-02 3.789346292614936829e-02 1.825720816850662231e-02 1.565383863635361195e-03 6.780773401260375977e-03 9.540124796330928802e-03 2.316616242751479149e-03 2.731962129473686218e-02 3.264394029974937439e-02 2.004143223166465759e-02 2.971870452165603638e-02 4.395959898829460144e-02 5.082753300666809082e-02 5.000808462500572205e-02 8.359946310520172119e-03 1.654333621263504028e-02 2.809513546526432037e-02 5.827837157994508743e-03 4.428670555353164673e-02 4.455320164561271667e-02 3.416508063673973083e-02 1.489330828189849854e-02 3.936083987355232239e-02 1.883664540946483612e-02 1.654768921434879303e-02 1.024552620947360992e-02 2.537824958562850952e-02 3.316883370280265808e-02 8.686304208822548389e-04 1.609021425247192383e-02 5.591132678091526031e-03 4.971099644899368286e-02 2.393002359895035625e-04 6.525028496980667114e-02 1.547175273299217224e-02 3.238678723573684692e-02 3.178006783127784729e-02 2.135078981518745422e-02 2.266358584165573120e-02 3.709902614355087280e-02 3.434040024876594543e-02 2.805307880043983459e-02 4.155147448182106018e-02 3.527112305164337158e-02 1.021673809736967087e-02 7.729258853942155838e-03 1.664797402918338776e-02 2.769851125776767731e-02 6.032901350408792496e-03 2.393722906708717346e-02 4.465625062584877014e-02 2.504620514810085297e-02 5.720444396138191223e-02 3.653055429458618164e-02 3.022599779069423676e-02 2.489219047129154205e-02 3.129658475518226624e-02 1.647011563181877136e-02 5.904490593820810318e-03 4.385454952716827393e-02 3.428273275494575500e-02 1.587485894560813904e-02 2.610058523714542389e-02 3.996721934527158737e-03 8.047596551477909088e-03 5.162158049643039703e-03 1.183550804853439331e-02 2.099988423287868500e-02 3.007898293435573578e-02 1.161069888621568680e-02 1.683148369193077087e-02 4.297434911131858826e-02 9.986494667828083038e-03 6.177391484379768372e-02 6.496670842170715332e-02 3.514068573713302612e-02 2.741774544119834900e-02 1.164529193192720413e-02 2.518859133124351501e-02 4.464108869433403015e-02 3.400623798370361328e-02 1.551975030452013016e-02 7.681474089622497559e-03 3.491045907139778137e-02 4.147061333060264587e-02 2.995150163769721985e-03 1.563924364745616913e-02 2.703448571264743805e-02 1.986888382816687226e-04 1.865773834288120270e-02 2.734836190938949585e-03 4.019391536712646484e-02 4.427874460816383362e-02 3.268148377537727356e-02 3.785857930779457092e-02 1.871277950704097748e-02 1.439003646373748779e-02 1.651600003242492676e-02 3.067257255315780640e-02 4.164541512727737427e-02 3.835712373256683350e-02 3.762333840131759644e-02 5.122286267578601837e-03
