4.863504767417907715e-01 1.746039837598800659e-01 2.053099218755960464e-03 8.887758478522300720e-03 3.598947077989578247e-02 9.268620610237121582e-02 4.276141524314880371e-02 4.607073217630386353e-02 2.526635862886905670e-02 5.003563710488379002e-04 1.682238131761550903e-01 8.368326351046562195e-03 1.170345693826675415e-01 3.263159096240997314e-02 4.098644480109214783e-02 2.577837742865085602e-02 3.266304964199662209e-03 3.857963904738426208e-02 5.304102599620819092e-02 1.153418514877557755e-02 1.442842464894056320e-02 4.245061799883842468e-02 2.389573492109775543e-02 2.225540950894355774e-02 4.757043439894914627e-03 2.084608003497123718e-02 2.216247096657752991e-02 9.818486869335174561e-04 3.877582773566246033e-02 4.576729610562324524e-02 3.253323584794998169e-02 2.955672331154346466e-02 5.100600793957710266e-02 1.964832097291946411e-02 2.322488836944103241e-02 1.808909885585308075e-02 9.674465283751487732e-03 7.565301377326250076e-03 3.310177847743034363e-02 4.493030905723571777e-02 2.146273851394653320e-02 2.173263020813465118e-02 3.035575896501541138e-02 3.110858984291553497e-02 2.743133157491683960e-02 3.685604780912399292e-02 8.907562494277954102e-02 3.620690107345581055e-02 2.287057973444461823e-02 2.220460213720798492e-02 3.581899031996726990e-02 6.162965670228004456e-03 2.598535455763339996e-02 2.571849524974822998e-02 4.387633875012397766e-02 3.670496866106987000e-02 1.922547258436679840e-02 4.121193662285804749e-02 4.684957675635814667e-03 3.124509006738662720e-02 3.964829072356224060e-02 2.765052951872348785e-03 8.027913421392440796e-02 5.485648289322853088e-03 2.850137092173099518e-02 3.841172158718109131e-02 2.609170041978359222e-02 2.630245126783847809e-02 1.086987741291522980e-02 4.518274590373039246e-02 2.003153227269649506e-02 1.581637933850288391e-02 6.939949933439493179e-03 4.931818321347236633e-02 7.564373314380645752e-03 3.489499166607856750e-02 4.395671933889389038e-02 1.236435025930404663e-02 4.040484875440597534e-02 2.383659221231937408e-02 2.063152007758617401e-02 2.328205108642578125e-02 2.269715815782546997e-02 1.975408010184764862e-02 4.375051707029342651e-03 3.558774664998054504e-02 3.843757149297744036e-04 3.697277279570698738e-03 2.523040398955345154e-02 6.400709389708936214e-04 2.028818475082516670e-03 2.295611985027790070e-02 4.300690069794654846e-02 1.958995126187801361e-02 1.689820550382137299e-02 4.103336855769157410e-02 1.164332963526248932e-02 2.451089024543762207e-02 1.075504440814256668e-02 2.786965109407901764e-02 5.285046994686126709e-02 5.384027957916259766e-02 1.617377437651157379e-02 2.466290257871150970e-02 3.287826851010322571e-02 4.758334904909133911e-02 1.204973552376031876e-02 8.534882799722254276e-04 8.492821827530860901e-03 3.930348157882690430e-02 3.718263283371925354e-02 3.527968004345893860e-02 3.205662965774536133e-02 4.941957816481590271e-02 2.256025187671184540e-02 2.327797561883926392e-02
1.746039837598800659e-01 4.809758067131042480e-01 1.255903393030166626e-02 1.887705922126770020e-02 1.318790577352046967e-02 6.628032028675079346e-02 8.609099686145782471e-02 3.691776469349861145e-02 3.525741025805473328e-02 1.084044389426708221e-02 1.414933204650878906e-01 4.506281763315200806e-02 1.601611226797103882e-01 3.865355253219604492e-02 2.329512126743793488e-02 3.828153386712074280e-02 2.566155605018138885e-02 3.539637103676795959e-02 3.028062358498573303e-02 4.162053577601909637e-03 1.931693963706493378e-02 1.810698397457599640e-02 2.043802663683891296e-02 3.400102630257606506e-02 2.890232764184474945e-02 2.207616344094276428e-03 4.055208340287208557e-02 6.300315726548433304e-03 4.463798180222511292e-02 1.317785214632749557e-02 4.342570528388023376e-02 1.927049271762371063e-02 3.096980601549148560e-02 2.528500929474830627e-02 8.742515929043292999e-03 3.779459046199917793e-03 2.700401470065116882e-02 1.316128997132182121e-03 3.347743040649220347e-05 1.796980574727058411e-02 2.905638143420219421e-02 3.412340581417083740e-02 4.305933788418769836e-02 1.147851999849081039e-02 3.319032862782478333e-02 3.274320438504219055e-02 3.738261759281158447e-02 1.304883044213056564e-02 2.490661293268203735e-02 4.758042749017477036e-03 3.768349438905715942e-02 1.454159710556268692e-02 3.037840500473976135e-02 3.499225899577140808e-02 3.184256330132484436e-02 3.634963184595108032e-02 3.037394396960735321e-02 4.216185957193374634e-02 7.418392226099967957e-03 4.719141125679016113e-02 3.917912021279335022e-02 1.216707658022642136e-02 7.893856673035770655e-05 3.601911291480064392e-02 5.061593651771545410e-02 9.271663613617420197e-03 2.573799155652523041e-02 2.639590390026569366e-02 3.476744517683982849e-02 4.559518396854400635e-02 2.803409239277243614e-03 2.841307222843170166e-02 8.142084814608097076e-03 3.989268466830253601e-02 4.004056751728057861e-02 1.666816882789134979e-02 2.456716448068618774e-02 2.589834295213222504e-02 1.909469068050384521e-02 1.730395480990409851e-02 2.589505724608898163e-02 3.285964950919151306e-02 1.229734066873788834e-02 1.724237925373017788e-03 9.860285557806491852e-03 5.931663792580366135e-03 2.408021315932273865e-02 1.289605535566806793e-02 4.340376332402229309e-02 9.767416864633560181e-03 2.861814200878143311e-02 1.112794736400246620e-03 2.750977687537670135e-02 4.269167408347129822e-02 1.874306239187717438e-02 1.742080040276050568e-02 2.087743021547794342e-02 3.440219676122069359e-03 1.328213885426521301e-02 1.935830898582935333e-02 3.956456482410430908e-02 3.618495538830757141e-02 1.896113157272338867e-02 1.097508706152439117e-02 1.082911808043718338e-02 4.661792889237403870e-02 3.521654009819030762e-02 7.021010969765484333e-04 1.302220486104488373e-02 2.414149232208728790e-02 1.936663500964641571e-02 3.112046979367733002e-02 3.532424196600914001e-02 2.990289591252803802e-02 8.585334755480289459e-03 1.413739845156669617e-02
2.053099218755960464e-03 1.255903393030166626e-02 4.618198275566101074e-01 5.709540098905563354e-03 2.562032453715801239e-02 2.363861538469791412e-02 1.102854404598474503e-02 1.560118142515420914e-02 1.571133546531200409e-02 8.492808789014816284e-03 2.975429035723209381e-02 5.832512397319078445e-03 2.478838153183460236e-02 1.567746698856353760e-02 1.802718825638294220e-02 4.548956826329231262e-02 1.269474253058433533e-02 4.844315350055694580e-02 2.716450765728950500e-02 3.971632570028305054e-02 3.114052116870880127e-02 5.766312032938003540e-02 8.496079593896865845e-03 1.184601522982120514e-02 3.382889181375503540e-02 1.820302195847034454e-02 7.227028254419565201e-03 1.731641404330730438e-02 2.616103971377015114e-03 2.316760271787643433e-02 2.449890598654747009e-03 3.463739063590764999e-03 3.956566378474235535e-02 2.886652387678623199e-02 1.764370128512382507e-02 1.905301352962851524e-03 2.454937994480133057e-02 4.161392524838447571e-02 1.073903217911720276e-02 4.809176921844482422e-02 9.403516538441181183e-03 1.950696855783462524e-02 1.602560468018054962e-02 7.505173236131668091e-02 4.214503616094589233e-02 4.860661283601075411e-04 4.214466363191604614e-02 3.701703250408172607e-02 9.850355796515941620e-03 3.945480287075042725e-02 3.187231719493865967e-02 4.441816359758377075e-02 4.322558641433715820e-02 4.392705485224723816e-02 4.464178532361984253e-02 1.794979674741625786e-03 3.677368536591529846e-02 1.257572229951620102e-02 1.555702369660139084e-02 4.245847836136817932e-02 3.115249983966350555e-02 2.739738114178180695e-02 2.073577418923377991e-02 9.733394719660282135e-03 2.948317863047122955e-02 3.104030853137373924e-03 2.111832983791828156e-02 1.694576814770698547e-02 2.721542865037918091e-02 3.861502930521965027e-02 4.114915803074836731e-02 4.423855617642402649e-02 2.811461500823497772e-02 2.092286199331283569e-02 2.383712679147720337e-02 1.720542833209037781e-02 3.521217033267021179e-02 1.467412337660789490e-03 1.479539927095174789e-02 2.003778330981731415e-02 4.472390282899141312e-03 4.361310601234436035e-02 3.755990788340568542e-02 5.296134203672409058e-02 1.948869973421096802e-02 1.619293168187141418e-02 1.108451467007398605e-02 2.854215912520885468e-03 2.003719657659530640e-02 1.709681749343872070e-02 1.722029782831668854e-02 2.177337370812892914e-02 2.577201835811138153e-02 2.771645039319992065e-02 3.177899867296218872e-02 3.779903426766395569e-02 2.342661283910274506e-02 3.141140192747116089e-02 2.085968106985092163e-02 1.941946521401405334e-02 1.164618134498596191e-02 4.672256484627723694e-02 2.924301289021968842e-02 8.096178644336760044e-04 1.256665680557489395e-02 1.536481175571680069e-02 2.105380408465862274e-02 4.052194952964782715e-02 3.668716549873352051e-02 1.922234706580638885e-02 1.182791683822870255e-02 2.537476457655429840e-02 2.558281272649765015e-02 2.065703459084033966e-02 3.475346788763999939e-02 3.972643613815307617e-02
8.887758478522300720e-03 1.887705922126770020e-02 5.709540098905563354e-03 4.913831353187561035e-01 9.252891689538955688e-02 1.879980042576789856e-02 2.992659574374556541e-03 3.710566787049174309e-03 1.505691930651664734e-02 8.757198229432106018e-03 4.612113162875175476e-02 3.117343410849571228e-02 5.466285627335309982e-03 7.209979929029941559e-03 2.417948655784130096e-02 4.064176464453339577e-04 2.535939775407314301e-02 3.915071859955787659e-02 1.529803383164107800e-03 3.673411905765533447e-02 4.463777318596839905e-02 5.255103111267089844e-02 7.345255464315414429e-03 2.961351536214351654e-02 4.919895529747009277e-02 1.751978509128093719e-02 2.775679808109998703e-03 4.387461394071578979e-02 7.956589572131633759e-03 2.872541174292564392e-02 1.750905811786651611e-02 3.941049799323081970e-02 6.353402137756347656e-02 5.806381627917289734e-02 8.990555256605148315e-02 1.126341288909316063e-03 3.905759751796722412e-02 2.217188291251659393e-02 1.400251388549804688e-01 5.496311187744140625e-02 3.213990479707717896e-02 4.390084370970726013e-02 1.800731942057609558e-02 2.148449234664440155e-02 4.172352328896522522e-02 2.008845284581184387e-02 1.995093561708927155e-02 3.063818626105785370e-02 3.539253957569599152e-03 2.744662761688232422e-02 4.320723190903663635e-02 1.148441899567842484e-02 5.022561550140380859e-02 2.214316837489604950e-02 1.159619987010955811e-01 3.252547606825828552e-02 1.888598501682281494e-02 4.617859423160552979e-02 5.070176720619201660e-02 3.320821747183799744e-02 2.925649471580982208e-02 1.256767567247152328e-02 2.077685482800006866e-02 5.229675397276878357e-02 3.728153556585311890e-02 2.448498085141181946e-02 5.186979100108146667e-02 1.256144419312477112e-02 2.967859432101249695e-02 1.443422120064496994e-02 2.396002225577831268e-02 3.463137149810791016e-02 5.900910124182701111e-02 1.623577252030372620e-02 4.197481274604797363e-02 1.020511053502559662e-02 2.004148624837398529e-02 1.294488925486803055e-02 4.642504081130027771e-02 4.384720697999000549e-02 2.106385864317417145e-02 4.197629541158676147e-02 8.526802062988281250e-02 2.946753427386283875e-02 3.111651912331581116e-02 1.628290303051471710e-02 8.480956777930259705e-03 6.067796493880450726e-04 1.533693261444568634e-02 7.086053956300020218e-04 1.726995781064033508e-02 4.540023207664489746e-02 1.687014242634177208e-03 1.039758417755365372e-02 4.069658741354942322e-02 3.573015704751014709e-02 4.144860059022903442e-02 8.687378722243010998e-04 6.394864059984683990e-03 1.416830904781818390e-02 2.049669809639453888e-02 3.063942771404981613e-03 4.660601913928985596e-02 2.345971018075942993e-02 2.066611312329769135e-02 2.909508533775806427e-02 1.412045676261186600e-02 4.011324141174554825e-03 2.351668663322925568e-02 4.235487058758735657e-02 3.304374963045120239e-02 1.657237298786640167e-03 4.230057075619697571e-02 4.075460880994796753e-02 6.784038245677947998e-02 1.846309937536716461e-02
3.598947077989578247e-02 1.318790577352046967e-02 2.562032453715801239e-02 9.252891689538955688e-02 4.747112393379211426e-01 2.802398800849914551e-02 4.328072816133499146e-02 1.920860074460506439e-02 4.680144041776657104e-02 2.709393203258514404e-02 2.044542133808135986e-02 2.719620056450366974e-02 8.333622477948665619e-03 1.487648207694292068e-02 1.944976672530174255e-02 4.248823225498199463e-02 4.263737425208091736e-02 3.588413447141647339e-02 2.106919884681701660e-02 2.928394265472888947e-02 3.619726002216339111e-02 3.748765960335731506e-02 4.801837354898452759e-02 4.886207729578018188e-02 3.640267252922058105e-02 7.949374616146087646e-03 4.085545241832733154e-02 5.729406257160007954e-04 1.852601394057273865e-02 3.277380019426345825e-02 3.041181713342666626e-02 1.812489330768585205e-02 4.776645824313163757e-02 1.828663796186447144e-02 6.841816008090972900e-02 1.089663710445165634e-02 3.855784237384796143e-02 4.006123915314674377e-02 8.582879602909088135e-02 7.669407129287719727e-02 6.710421293973922729e-02 1.081257686018943787e-02 8.028229931369423866e-04 2.927901409566402435e-02 1.423638965934514999e-02 1.650965586304664612e-02 4.421140998601913452e-02 4.397875443100929260e-02 1.954626105725765228e-02 3.509715571999549866e-02 8.693793416023254395e-02 7.087919861078262329e-02 4.001136496663093567e-02 3.895355761051177979e-02 4.973646253347396851e-02 1.438868325203657150e-02 3.390127792954444885e-02 1.572050340473651886e-02 4.991578403860330582e-03 2.271602861583232880e-02 1.314623281359672546e-02 2.415548823773860931e-02 1.234711427241563797e-02 4.413367435336112976e-02 1.821901416406035423e-03 7.558198645710945129e-03 7.982441224157810211e-03 3.745983541011810303e-02 1.276853214949369431e-02 5.170006304979324341e-03 1.940311305224895477e-02 1.225507538765668869e-02 3.407659009099006653e-02 3.239805996417999268e-02 1.073336824774742126e-01 3.752278536558151245e-02 1.791543909348547459e-03 3.963197767734527588e-02 4.050507023930549622e-02 4.850034136325120926e-03 3.690391406416893005e-02 5.293696373701095581e-02 3.743364661931991577e-02 5.336350202560424805e-02 2.716479264199733734e-02 4.179475083947181702e-02 2.074837312102317810e-02 9.320698678493499756e-03 3.118622489273548126e-02 2.960399910807609558e-02 5.685464479029178619e-03 4.911784827709197998e-02 2.441535703837871552e-03 3.826954215764999390e-02 2.895347075536847115e-03 3.724912181496620178e-02 9.018013253808021545e-03 1.717311702668666840e-02 3.283018618822097778e-02 1.169372163712978363e-02 4.021130129694938660e-02 3.024265542626380920e-02 8.688988164067268372e-03 1.401118095964193344e-02 1.992131024599075317e-02 2.561799995601177216e-02 3.265286237001419067e-02 2.923872508108615875e-02 4.624579846858978271e-02 2.414426393806934357e-02 4.065835103392601013e-02 1.164409518241882324e-02 4.994042590260505676e-02 7.361867930740118027e-03 5.842223763465881348e-02 6.282871216535568237e-02
9.268620610237121582e-02 6.628032028675079346e-02 2.363861538469791412e-02 1.879980042576789856e-02 2.802398800849914551e-02 4.839827418327331543e-01 1.309275478124618530e-01 6.614530459046363831e-03 2.587422728538513184e-02 1.394239516230300069e-04 2.772145904600620270e-02 4.922813735902309418e-03 1.938177272677421570e-02 6.650543957948684692e-02 2.075379528105258942e-02 4.491667449474334717e-02 4.262610524892807007e-02 4.694390669465065002e-02 1.336578838527202606e-02 3.067223820835351944e-03 4.864092916250228882e-02 1.163254724815487862e-03 1.649852842092514038e-03 3.736223280429840088e-02 4.980671778321266174e-02 3.912034630775451660e-02 4.962453246116638184e-02 5.920592695474624634e-02 4.256726708263158798e-03 3.339323028922080994e-02 2.422102913260459900e-02 1.269494835287332535e-02 1.246257312595844269e-02 2.630352042615413666e-03 1.945394091308116913e-02 3.089160844683647156e-02 1.883002370595932007e-02 3.451827913522720337e-02 1.702805981040000916e-02 1.147090923041105270e-02 3.106722794473171234e-02 3.400285169482231140e-02 3.528750315308570862e-02 2.073201350867748260e-02 1.072343252599239349e-02 5.403342470526695251e-02 1.530819833278656006e-01 3.207528963685035706e-02 1.882459968328475952e-03 1.978145353496074677e-02 7.458556443452835083e-03 4.718333482742309570e-02 9.521307423710823059e-03 6.066805496811866760e-02 3.475062176585197449e-02 3.217573976144194603e-04 4.432948306202888489e-02 6.758081261068582535e-03 1.619515381753444672e-02 3.150090575218200684e-02 2.794187143445014954e-02 5.383492913097143173e-03 3.352374536916613579e-03 2.901837043464183807e-02 2.235577412648126483e-04 3.000590950250625610e-02 5.711013451218605042e-02 5.505791679024696350e-02 2.820223569869995117e-03 2.533040242269635201e-03 1.316220150329172611e-03 2.018298767507076263e-02 1.236580871045589447e-02 3.474761545658111572e-02 1.300656143575906754e-02 4.893867671489715576e-02 3.337751701474189758e-02 1.201084256172180176e-02 2.748945914208889008e-02 3.206091374158859253e-02 1.145626604557037354e-02 4.872094374150037766e-03 3.529768437147140503e-02 1.049841288477182388e-02 4.992415383458137512e-02 1.199797354638576508e-02 7.814894430339336395e-03 4.335762187838554382e-02 3.535949066281318665e-02 8.124959655106067657e-03 2.635485865175724030e-02 5.217982083559036255e-02 2.367709763348102570e-02 7.448499673046171665e-04 1.366315409541130066e-02 7.370932027697563171e-03 5.588598083704710007e-03 4.680569842457771301e-02 1.944059133529663086e-02 1.475293003022670746e-02 5.165904760360717773e-02 4.385466501116752625e-02 1.689059659838676453e-02 2.644979767501354218e-02 4.174456000328063965e-03 2.323075383901596069e-02 1.414544787257909775e-02 5.417113751173019409e-02 3.073099814355373383e-02 4.550052061676979065e-02 2.815169468522071838e-02 1.729339733719825745e-02 2.834883518517017365e-02 3.669792041182518005e-02 4.482884332537651062e-02 1.838967390358448029e-02
4.276141524314880371e-02 8.609099686145782471e-02 1.102854404598474503e-02 2.992659574374556541e-03 4.328072816133499146e-02 1.309275478124618530e-01 4.830352365970611572e-01 2.361577562987804413e-02 8.673577569425106049e-03 9.541488834656774998e-04 8.386033773422241211e-02 3.504024446010589600e-02 4.110082611441612244e-02 6.939443945884704590e-02 2.160897850990295410e-02 1.246246322989463806e-02 8.118683472275733948e-03 2.700674813240766525e-03 2.565234526991844177e-02 2.712885290384292603e-02 4.343722760677337646e-02 1.402072235941886902e-02 5.350254941731691360e-03 2.047317475080490112e-02 9.717145003378391266e-03 5.416930466890335083e-02 4.082452505826950073e-02 1.287532970309257507e-02 4.342725872993469238e-02 2.185770077630877495e-03 5.305976048111915588e-02 3.906766697764396667e-02 2.600785531103610992e-02 1.330188754945993423e-02 4.629843682050704956e-02 2.741551212966442108e-02 6.781330332159996033e-03 1.252766512334346771e-02 2.062390744686126709e-02 4.632237553596496582e-02 4.164629802107810974e-02 4.394451901316642761e-02 4.783345386385917664e-02 5.211427807807922363e-03 1.442370563745498657e-02 2.530591376125812531e-02 1.083736717700958252e-01 1.105160787701606750e-01 1.315984781831502914e-02 1.254911068826913834e-02 1.674165390431880951e-02 3.069385699927806854e-02 4.649781808257102966e-02 2.283694222569465637e-03 1.841904781758785248e-02 3.038609772920608521e-02 5.819426104426383972e-02 1.646545715630054474e-02 1.701605506241321564e-02 2.229340001940727234e-02 3.098060376942157745e-02 6.321670487523078918e-03 2.645475789904594421e-02 3.007000545039772987e-03 5.022588372230529785e-02 1.016978919506072998e-02 3.268854320049285889e-02 5.279698967933654785e-02 4.685170948505401611e-02 5.789197608828544617e-02 1.699490100145339966e-02 7.921142131090164185e-02 1.679113134741783142e-02 4.215785115957260132e-02 7.547969929873943329e-03 2.300065010786056519e-02 1.643774285912513733e-02 6.964542903006076813e-03 1.902788318693637848e-02 5.265036970376968384e-02 4.004303482361137867e-04 2.488991431891918182e-02 2.542312815785408020e-02 4.875874612480401993e-03 2.483482286334037781e-02 2.426888979971408844e-02 1.963917538523674011e-02 5.155974999070167542e-02 1.941436715424060822e-02 2.164516039192676544e-02 1.146556716412305832e-02 9.285204112529754639e-03 4.836208000779151917e-02 7.978686131536960602e-03 3.360835835337638855e-04 3.982279822230339050e-02 2.985947020351886749e-02 7.528437767177820206e-03 1.649724505841732025e-02 1.140942680649459362e-03 4.060604423284530640e-02 2.564192004501819611e-02 3.609520569443702698e-02 3.465856239199638367e-02 2.125369152054190636e-03 6.296470761299133301e-03 2.798764966428279877e-02 5.127405747771263123e-02 4.887915775179862976e-02 1.331924088299274445e-02 4.460202157497406006e-02 1.033043721690773964e-03 5.281089618802070618e-02 3.015825524926185608e-02 2.195029146969318390e-02 7.606081780977547169e-04
4.607073217630386353e-02 3.691776469349861145e-02 1.560118142515420914e-02 3.710566787049174309e-03 1.920860074460506439e-02 6.614530459046363831e-03 2.361577562987804413e-02 4.740865826606750488e-01 1.161258667707443237e-02 2.666047774255275726e-02 1.014068908989429474e-02 7.275576144456863403e-02 2.534711966291069984e-04 3.542605321854352951e-03 7.910658419132232666e-02 3.004725091159343719e-02 3.722512349486351013e-02 1.169758755713701248e-02 2.846868149936199188e-02 2.088945917785167694e-02 1.635600440204143524e-02 2.391849271953105927e-02 3.313610563054680824e-03 4.145737364888191223e-02 1.794316433370113373e-02 2.219190821051597595e-03 2.763446886092424393e-03 3.933395445346832275e-02 4.465225711464881897e-02 1.204518880695104599e-02 4.394479095935821533e-03 2.062155865132808685e-02 2.633647248148918152e-02 3.124911151826381683e-02 3.014759905636310577e-02 1.811575144529342651e-02 9.230824187397956848e-03 1.466434169560670853e-02 2.446815185248851776e-02 1.951093785464763641e-02 4.093552753329277039e-02 1.376383192837238312e-02 1.255068276077508926e-02 8.165960013866424561e-02 4.944068938493728638e-02 4.237465187907218933e-02 5.212153308093547821e-03 5.517870187759399414e-02 3.987760841846466064e-02 4.498211294412612915e-02 2.901406399905681610e-02 3.227475285530090332e-02 4.104987531900405884e-02 3.485319390892982483e-02 1.924553327262401581e-02 3.096835874021053314e-02 5.422661826014518738e-02 3.288177028298377991e-02 1.565122045576572418e-02 4.689043760299682617e-02 3.741485998034477234e-02 1.015890762209892273e-02 3.724556043744087219e-02 4.580301791429519653e-02 3.194173052906990051e-02 4.893351718783378601e-02 1.528842095285654068e-02 6.012638099491596222e-03 4.210003465414047241e-02 1.405846211127936840e-03 3.369890525937080383e-02 1.954270526766777039e-02 3.920203819870948792e-02 2.252837456762790680e-02 2.841764315962791443e-02 3.110133856534957886e-02 1.698723807930946350e-02 3.365374356508255005e-02 4.269789438694715500e-03 1.850645244121551514e-02 8.663499355316162109e-02 1.473190914839506149e-02 1.930156163871288300e-02 1.123333349823951721e-02 1.574967987835407257e-03 3.252667561173439026e-02 3.790273517370223999e-02 1.294836495071649551e-02 1.042973343282938004e-02 3.178284317255020142e-02 1.352469902485609055e-02 1.501134783029556274e-02 6.170061416923999786e-03 3.368579968810081482e-02 1.650677993893623352e-02 3.076280467212200165e-03 7.154461927711963654e-03 3.731280192732810974e-02 2.700624056160449982e-02 3.360195085406303406e-02 1.194235216826200485e-02 4.896309226751327515e-03 4.694177187047898769e-04 1.286955457180738449e-02 9.032711386680603027e-03 1.504070684313774109e-02 3.870989009737968445e-02 3.810482099652290344e-02 2.303360402584075928e-02 2.870414406061172485e-03 5.762914195656776428e-02 4.137830063700675964e-02 4.211089108139276505e-03 1.752844825387001038e-02 3.552800044417381287e-02 4.559870436787605286e-02
2.526635862886905670e-02 3.525741025805473328e-02 1.571133546531200409e-02 1.505691930651664734e-02 4.680144041776657104e-02 2.587422728538513184e-02 8.673577569425106049e-03 1.161258667707443237e-02 4.899673759937286377e-01 6.084299832582473755e-02 4.051185771822929382e-02 8.146177046000957489e-03 3.526726737618446350e-02 6.897900602780282497e-04 2.852568402886390686e-02 2.250006794929504395e-02 1.875898428261280060e-02 8.001957088708877563e-02 1.850798493251204491e-03 5.086354538798332214e-02 4.853797703981399536e-02 1.625867374241352081e-02 3.552436828613281250e-02 3.311584517359733582e-02 3.367181122303009033e-02 3.174044191837310791e-02 1.355757005512714386e-02 2.600124105811119080e-03 9.255940094590187073e-03 9.904677979648113251e-03 4.362984001636505127e-02 7.100399234332144260e-04 5.509201437234878540e-02 2.203642018139362335e-02 3.635959699749946594e-02 4.873710218816995621e-03 1.420915964990854263e-02 7.588555105030536652e-03 2.057385072112083435e-02 2.711987681686878204e-02 3.227273374795913696e-02 1.174406381323933601e-03 4.757879767566919327e-03 1.245543640106916428e-02 2.743256837129592896e-02 1.401634700596332550e-02 3.696410730481147766e-02 3.283515945076942444e-02 2.483633160591125488e-02 1.817581802606582642e-02 5.758736655116081238e-02 3.078105859458446503e-02 2.474096789956092834e-02 2.041774243116378784e-02 3.625232353806495667e-02 3.959581255912780762e-02 1.854190044105052948e-02 3.057495690882205963e-03 3.259501978754997253e-02 4.324059467762708664e-03 1.049535349011421204e-02 6.574235390871763229e-03 4.215720668435096741e-02 5.125211179256439209e-02 4.793391004204750061e-02 3.496431559324264526e-02 1.670955680310726166e-02 2.696615643799304962e-03 4.821341857314109802e-02 3.572508692741394043e-02 1.323733851313591003e-02 1.661045663058757782e-02 5.143595114350318909e-02 1.759098283946514130e-02 3.989880904555320740e-02 1.288259588181972504e-02 1.203382164239883423e-01 6.637855619192123413e-02 5.354927107691764832e-02 2.837039344012737274e-02 2.880153944715857506e-03 2.284552669152617455e-03 2.190750092267990112e-02 2.675715647637844086e-02 6.540904752910137177e-03 2.290345728397369385e-02 2.688796073198318481e-02 3.198604285717010498e-02 2.838304825127124786e-02 3.377213329076766968e-02 4.769944399595260620e-02 1.906813867390155792e-02 3.406326286494731903e-03 2.510302141308784485e-02 3.497339412569999695e-02 1.360095478594303131e-02 3.012401424348354340e-02 1.017333939671516418e-02 3.024543449282646179e-02 2.095126919448375702e-02 1.385342236608266830e-02 1.651975326240062714e-02 2.488243766129016876e-02 2.009441331028938293e-02 2.421617694199085236e-02 1.105829793959856033e-02 2.238236740231513977e-02 5.548805370926856995e-02 1.480882056057453156e-02 3.230651840567588806e-02 1.096217427402734756e-02 2.865800447762012482e-02 7.693907711654901505e-03 4.986847285181283951e-03 3.599724033847451210e-03 1.419503893703222275e-02
5.003563710488379002e-04 1.084044389426708221e-02 8.492808789014816284e-03 8.757198229432106018e-03 2.709393203258514404e-02 1.394239516230300069e-04 9.541488834656774998e-04 2.666047774255275726e-02 6.084299832582473755e-02 5.043143033981323242e-01 6.532267201691865921e-03 1.617014780640602112e-02 4.703656304627656937e-03 6.364412605762481689e-02 1.492903102189302444e-02 2.288757637143135071e-02 2.951663732528686523e-02 4.407785460352897644e-02 3.252895176410675049e-02 5.402426049113273621e-02 3.769841790199279785e-02 3.676789347082376480e-03 2.520104870200157166e-02 5.265699699521064758e-02 7.548660505563020706e-03 7.222485146485269070e-04 2.263762988150119781e-02 3.380624949932098389e-02 1.860088296234607697e-02 3.150471299886703491e-02 2.654708921909332275e-02 5.535242380574345589e-04 4.528118297457695007e-02 4.019880725536495447e-04 3.351621702313423157e-02 2.599919773638248444e-02 7.973416708409786224e-03 1.259896997362375259e-02 5.073838401585817337e-03 2.920053340494632721e-02 4.030933231115341187e-02 8.232026360929012299e-03 9.389401413500308990e-03 6.684035179205238819e-04 1.118698250502347946e-02 2.238094806671142578e-02 3.044863231480121613e-02 3.349953517317771912e-02 2.396278455853462219e-02 3.978342190384864807e-02 2.085938863456249237e-02 5.773062584921717644e-04 2.754717133939266205e-02 1.340717729181051254e-02 4.723799601197242737e-02 1.152557041496038437e-02 5.442285537719726562e-02 6.770286709070205688e-03 1.824168488383293152e-02 1.020714547485113144e-02 3.127504512667655945e-02 1.222565677016973495e-02 1.546601857990026474e-02 5.516181886196136475e-02 4.846242070198059082e-02 4.382430762052536011e-02 2.403381653130054474e-02 3.976160194724798203e-03 5.002134479582309723e-03 3.048601932823657990e-02 1.459599286317825317e-02 4.472525045275688171e-02 3.792854398488998413e-02 2.839340269565582275e-02 2.455608546733856201e-02 2.618798986077308655e-02 2.880739793181419373e-02 8.455214649438858032e-02 3.729803115129470825e-02 6.181883439421653748e-02 2.213169261813163757e-02 8.717919699847698212e-03 5.576580762863159180e-02 5.763295665383338928e-02 1.626885309815406799e-02 3.236165642738342285e-02 2.132396772503852844e-02 1.316269394010305405e-02 4.706789553165435791e-02 3.314815834164619446e-02 4.156611114740371704e-02 2.123455330729484558e-02 3.544685989618301392e-02 1.551145315170288086e-02 1.290025468915700912e-02 2.941041439771652222e-02 3.582556545734405518e-02 5.345954373478889465e-02 1.853212714195251465e-02 3.155823796987533569e-02 2.484702505171298981e-02 2.978685125708580017e-02 2.635743841528892517e-02 2.884780615568161011e-02 5.322049371898174286e-03 4.645555838942527771e-02 2.946310676634311676e-02 3.903795778751373291e-02 2.244607359170913696e-02 3.921034559607505798e-02 1.215738616883754730e-02 5.927485227584838867e-02 5.254251882433891296e-04 6.357478909194469452e-03 1.269026193767786026e-02 4.674492776393890381e-02
1.682238131761550903e-01 1.414933204650878906e-01 2.975429035723209381e-02 4.612113162875175476e-02 2.044542133808135986e-02 2.772145904600620270e-02 8.386033773422241211e-02 1.014068908989429474e-02 4.051185771822929382e-02 6.532267201691865921e-03 4.877654314041137695e-01 4.606181755661964417e-02 1.435531079769134521e-01 3.983202949166297913e-02 4.257396981120109558e-02 2.732854150235652924e-02 5.100727081298828125e-02 2.531461941543966532e-04 4.873973131179809570e-02 5.203336477279663086e-02 1.788710802793502808e-02 4.391087964177131653e-02 1.072955410927534103e-02 1.317041087895631790e-02 3.907031938433647156e-02 1.687963493168354034e-02 1.603310741484165192e-02 3.712539747357368469e-02 1.103270892053842545e-02 2.946573868393898010e-02 2.812017500400543213e-02 5.457975901663303375e-03 4.971099086105823517e-03 2.468632906675338745e-02 3.880037367343902588e-02 4.884571302682161331e-03 6.441482342779636383e-03 3.174236044287681580e-02 2.137693017721176147e-02 4.210890829563140869e-02 2.528430894017219543e-03 1.924089342355728149e-02 4.937471821904182434e-02 3.855143859982490540e-02 4.535284638404846191e-02 4.410210251808166504e-02 6.479793787002563477e-02 6.612117588520050049e-02 1.178930886089801788e-02 3.634586557745933533e-02 4.180897399783134460e-02 1.078140176832675934e-02 2.665334753692150116e-02 5.690293852239847183e-03 3.810589015483856201e-02 1.439366675913333893e-02 1.632436923682689667e-02 3.251031786203384399e-02 1.562320161610841751e-02 1.304443459957838058e-02 3.202304244041442871e-02 2.724648267030715942e-02 7.086072862148284912e-02 3.174051269888877869e-02 5.622468888759613037e-02 4.809399321675300598e-02 2.170075103640556335e-02 1.199342589825391769e-02 2.991120703518390656e-02 7.005432154983282089e-03 4.075181856751441956e-02 1.967243850231170654e-02 4.785326495766639709e-02 3.371601179242134094e-02 1.393476384691894054e-03 5.767934024333953857e-03 2.165799215435981750e-02 2.764618769288063049e-02 1.564556499943137169e-03 2.454959787428379059e-02 7.976695895195007324e-03 2.432336099445819855e-02 4.988876730203628540e-02 5.299560260027647018e-03 5.291939899325370789e-02 2.606615796685218811e-02 3.453109040856361389e-02 1.623925007879734039e-02 3.930129110813140869e-02 3.217063099145889282e-02 3.662727400660514832e-02 5.817564576864242554e-02 5.844878032803535461e-02 4.351541399955749512e-02 2.692358940839767456e-02 2.945941686630249023e-02 3.318507969379425049e-02 2.916527166962623596e-02 1.064423751085996628e-02 6.241702474653720856e-03 1.055513508617877960e-02 7.589479209855198860e-04 7.296419236809015274e-03 9.940863586962223053e-03 1.510548591613769531e-02 3.635375201702117920e-02 1.589816063642501831e-02 3.105205541942268610e-04 3.362715244293212891e-02 2.487264573574066162e-02 1.425993535667657852e-02 4.004942998290061951e-02 4.850082099437713623e-02 1.569921732880175114e-03 2.185328491032123566e-02 3.838107734918594360e-02
8.368326351046562195e-03 4.506281763315200806e-02 5.832512397319078445e-03 3.117343410849571228e-02 2.719620056450366974e-02 4.922813735902309418e-03 3.504024446010589600e-02 7.275576144456863403e-02 8.146177046000957489e-03 1.617014780640602112e-02 4.606181755661964417e-02 4.746665358543395996e-01 3.529969230294227600e-02 1.700296550989151001e-01 1.109225396066904068e-02 4.202448949217796326e-02 2.781873196363449097e-02 3.313866630196571350e-02 2.144262567162513733e-02 3.325911983847618103e-02 3.865635022521018982e-02 1.391209941357374191e-02 4.571705684065818787e-02 2.485391451045870781e-03 4.362501204013824463e-02 4.391543194651603699e-02 1.151606347411870956e-02 8.725479990243911743e-02 7.022211328148841858e-03 1.023323312401771545e-01 6.786594539880752563e-02 3.172840923070907593e-02 3.153029456734657288e-02 4.947135597467422485e-02 3.877617046236991882e-02 1.188455056399106979e-02 7.678243331611156464e-03 6.009699776768684387e-03 1.721632108092308044e-02 1.275084540247917175e-02 1.214902754873037338e-02 2.275633811950683594e-02 4.202781990170478821e-02 4.990427941083908081e-02 8.637353032827377319e-02 1.509673800319433212e-02 3.679410740733146667e-02 3.906084224581718445e-02 1.421662047505378723e-02 1.384141854941844940e-02 4.818994179368019104e-02 3.070749156177043915e-02 4.241247475147247314e-02 6.402069237083196640e-03 4.230614751577377319e-02 1.348683983087539673e-02 4.586856230162084103e-04 3.209684044122695923e-02 3.703762590885162354e-02 1.997469365596771240e-02 7.139718625694513321e-03 6.584566086530685425e-02 3.568678721785545349e-02 9.727154858410358429e-03 1.558878738433122635e-02 4.241517558693885803e-02 1.102701853960752487e-02 3.624664992094039917e-02 1.645868085324764252e-02 1.698136329650878906e-02 1.901600137352943420e-02 1.881732791662216187e-02 2.125172875821590424e-02 3.202700242400169373e-02 3.334475308656692505e-02 5.754530895501375198e-03 2.727120928466320038e-02 2.087167277932167053e-02 9.862165898084640503e-02 4.490160942077636719e-02 6.774754263460636139e-03 2.997812442481517792e-02 4.976673424243927002e-02 7.375332992523908615e-03 4.835822433233261108e-02 4.707713052630424500e-02 3.696930035948753357e-02 2.622288838028907776e-02 2.087155543267726898e-02 4.315804224461317062e-03 7.741061504930257797e-03 1.751307770609855652e-02 3.113189898431301117e-02 5.755593627691268921e-02 3.473053500056266785e-02 1.306551322340965271e-02 1.366967614740133286e-02 4.532554000616073608e-02 4.163631796836853027e-02 3.359102085232734680e-02 2.006075344979763031e-02 3.866151720285415649e-02 1.663397252559661865e-02 4.950175434350967407e-02 1.794875599443912506e-02 4.667504504323005676e-02 4.179245792329311371e-03 4.044457897543907166e-02 2.958262525498867035e-02 7.559631485491991043e-03 1.608168333768844604e-02 1.332536246627569199e-02 7.745681330561637878e-03 1.793425157666206360e-02 2.566699683666229248e-02 1.348245050758123398e-02
1.170345693826675415e-01 1.601611226797103882e-01 2.478838153183460236e-02 5.466285627335309982e-03 8.333622477948665619e-03 1.938177272677421570e-02 4.110082611441612244e-02 2.534711966291069984e-04 3.526726737618446350e-02 4.703656304627656937e-03 1.435531079769134521e-01 3.529969230294227600e-02 4.833787381649017334e-01 2.515871450304985046e-02 4.642581194639205933e-02 4.145225137472152710e-02 5.857665091753005981e-03 1.139148697257041931e-02 3.288616240024566650e-02 4.709584638476371765e-02 2.117233909666538239e-02 3.155718371272087097e-02 5.363941937685012817e-02 2.086064964532852173e-02 3.501083701848983765e-02 1.427769602742046118e-04 1.887170411646366119e-02 3.867313638329505920e-02 5.714759603142738342e-02 2.325990609824657440e-02 1.374502778053283691e-01 3.235676139593124390e-02 3.085562400519847870e-02 7.577878423035144806e-03 3.414439037442207336e-02 4.198937490582466125e-02 1.209781505167484283e-02 5.055166408419609070e-02 1.566784642636775970e-02 1.380449905991554260e-02 2.516435459256172180e-02 1.400855369865894318e-02 3.080276399850845337e-02 4.898114129900932312e-02 4.193754121661186218e-02 1.216616854071617126e-02 2.684722840785980225e-02 6.652590632438659668e-02 2.190536819398403168e-02 3.062126599252223969e-02 4.145824909210205078e-02 2.807037672027945518e-03 2.853750251233577728e-02 2.160531096160411835e-02 8.038869127631187439e-03 1.794253103435039520e-02 8.076362311840057373e-03 3.676519170403480530e-02 2.989841857925057411e-03 3.834011405706405640e-02 1.766420528292655945e-02 1.093207392841577530e-02 3.516278043389320374e-02 2.157686650753021240e-02 7.096680253744125366e-02 1.019937768578529358e-01 3.735483065247535706e-02 3.342692926526069641e-02 1.852065138518810272e-02 1.071951445192098618e-02 4.109756648540496826e-02 2.696556597948074341e-02 1.253560185432434082e-02 3.230198472738265991e-02 2.739668078720569611e-02 2.489267662167549133e-02 4.814160056412220001e-03 1.575023680925369263e-02 3.292544186115264893e-02 1.652280986309051514e-02 6.559549365192651749e-04 1.504314877092838287e-02 1.022433955222368240e-02 3.467620909214019775e-02 3.164162114262580872e-02 2.172667719423770905e-02 4.573536664247512817e-02 8.578989654779434204e-02 4.867793619632720947e-02 3.987918049097061157e-02 2.451924979686737061e-02 2.855654992163181305e-02 2.996132336556911469e-02 1.711467280983924866e-02 4.808023571968078613e-03 1.003142911940813065e-02 1.252918317914009094e-02 3.841042891144752502e-02 3.903556149452924728e-03 8.049213327467441559e-03 1.041342131793498993e-02 1.493139285594224930e-02 3.065508417785167694e-02 2.506525628268718719e-02 3.475097194314002991e-02 6.742683239281177521e-03 9.445898467674851418e-04 3.293323516845703125e-02 3.055601380765438080e-02 5.860113352537155151e-02 4.946987703442573547e-02 3.607635572552680969e-02 4.558597132563591003e-02 1.263011619448661804e-02 1.121760532259941101e-02 3.559532389044761658e-02
