5.993093848228454590e-01 1.858136206865310669e-01 5.986697506159543991e-04 6.173965986818075180e-03 6.469002459198236465e-03 1.361330002546310425e-01 9.593795239925384521e-02 1.981184445321559906e-02 2.916546538472175598e-02 8.590877987444400787e-03 2.101769149303436279e-01 4.730734974145889282e-03 1.411951035261154175e-01 2.163141593337059021e-02 3.913271054625511169e-02 1.808619312942028046e-02 3.741477802395820618e-02 3.795154392719268799e-03 6.563592702150344849e-02 1.713511161506175995e-02 3.939291462302207947e-02 2.061138162389397621e-03 3.568398579955101013e-02 3.819729387760162354e-02 2.847431600093841553e-02 3.622822090983390808e-02 3.377606719732284546e-02 4.202636331319808960e-02 3.155474364757537842e-02 4.756624251604080200e-02 3.352161124348640442e-02 3.034782968461513519e-02 3.766331449151039124e-02 2.384971641004085541e-02 3.870077803730964661e-02 7.284362218342721462e-04 5.614964291453361511e-03 3.206774964928627014e-02 3.917477652430534363e-02 2.880272641777992249e-02 4.339000955224037170e-02 2.745391800999641418e-02 1.460456848144531250e-02 1.654775813221931458e-02 7.722155656665563583e-03 2.423196658492088318e-02 9.729851037263870239e-02 4.995400086045265198e-02 5.215291865170001984e-03 1.008838228881359100e-02 9.611862711608409882e-03 6.885382812470197678e-03 4.424301907420158386e-03 3.209268674254417419e-03 4.258450120687484741e-03 1.107989531010389328e-02 6.717688869684934616e-03 1.266091410070657730e-02 1.530035026371479034e-02 3.106804564595222473e-02 1.063413172960281372e-02 3.197760507464408875e-02 1.922815293073654175e-02 2.175507694482803345e-02 2.045569010078907013e-02 3.299643844366073608e-02 3.277159482240676880e-02 1.828225143253803253e-02 2.605170197784900665e-02 1.800421252846717834e-02 1.363031659275293350e-02 1.163868606090545654e-02 9.990124963223934174e-03 1.927545294165611267e-02 1.501956023275852203e-02 2.285485900938510895e-02 2.345407754182815552e-02 1.989971287548542023e-02 1.393773127347230911e-02 1.013458054512739182e-02 3.792893141508102417e-02 3.673085570335388184e-02 1.255562156438827515e-02 1.746893860399723053e-02 2.058814652264118195e-02 2.438726462423801422e-02 3.468073531985282898e-02 4.122617840766906738e-02 1.310092280618846416e-03 1.035049185156822205e-02 3.488362953066825867e-02 8.927419781684875488e-03 1.857230998575687408e-02 6.092547904700040817e-03 3.588296100497245789e-02 3.173698857426643372e-02 1.591900177299976349e-02 3.308674693107604980e-02 1.034563314169645309e-02 1.299332082271575928e-02 2.238822169601917267e-02 9.460354223847389221e-03 1.124936155974864960e-02 2.719076164066791534e-02 2.570669725537300110e-02 3.861694782972335815e-02 2.863516099750995636e-02 1.416228711605072021e-02 4.495578352361917496e-03 2.695989329367876053e-03 2.210560813546180725e-02 1.567040011286735535e-02 2.241879701614379883e-04 3.953243605792522430e-03 5.271569639444351196e-02 1.987415924668312073e-02
1.858136206865310669e-01 5.993114709854125977e-01 2.235469408333301544e-02 3.097113221883773804e-03 3.765602828934788704e-03 1.029169484972953796e-01 9.434687346220016479e-02 1.131729129701852798e-02 1.210725400596857071e-02 7.380138617008924484e-03 1.863154023885726929e-01 3.091760352253913879e-02 1.562092155218124390e-01 6.049187853932380676e-03 3.557681664824485779e-02 4.609702900052070618e-02 3.019491769373416901e-02 9.329964406788349152e-03 5.354433879256248474e-02 1.967030204832553864e-02 4.539190605282783508e-02 1.510318741202354431e-02 2.550457604229450226e-02 2.565468475222587585e-02 2.308656461536884308e-02 3.137563169002532959e-02 1.343754865229129791e-02 2.263773605227470398e-02 4.971826449036598206e-03 3.505520522594451904e-02 5.958528723567724228e-03 2.399689517915248871e-02 2.873613499104976654e-02 3.276573866605758667e-02 4.301648214459419250e-02 3.837183816358447075e-03 1.113931182771921158e-02 1.961261406540870667e-02 3.717334941029548645e-02 2.032840251922607422e-02 4.545720666646957397e-02 5.240351893007755280e-03 5.838697310537099838e-03 1.400560606271028519e-02 1.778820715844631195e-02 3.906702995300292969e-02 8.870455622673034668e-02 5.911877006292343140e-02 1.041823183186352253e-03 1.037223730236291885e-02 1.808788441121578217e-02 3.038673661649227142e-02 9.326861239969730377e-03 6.857251748442649841e-03 4.182742268312722445e-04 6.837729830294847488e-03 3.973883576691150665e-03 2.705372171476483345e-03 1.376516651362180710e-02 3.098164685070514679e-02 5.611891392618417740e-03 2.156998962163925171e-02 3.269889205694198608e-02 1.259017363190650940e-02 7.973265019245445728e-04 1.690202741883695126e-03 2.335457690060138702e-02 2.748818323016166687e-02 1.215330790728330612e-02 8.956008590757846832e-03 2.949649351648986340e-04 5.950793623924255371e-03 9.633228182792663574e-03 1.018266193568706512e-02 6.483204197138547897e-03 1.141684502363204956e-02 7.746184710413217545e-03 3.903664881363511086e-03 4.054751712828874588e-03 8.951005525887012482e-03 4.419188201427459717e-02 2.691161260008811951e-02 9.174614213407039642e-03 2.191646583378314972e-02 2.968429354950785637e-03 8.457004441879689693e-04 3.313319385051727295e-02 3.001319617033004761e-02 1.539572840556502342e-03 3.749702125787734985e-03 6.196115538477897644e-02 1.757054217159748077e-02 4.432232305407524109e-02 6.028544157743453979e-03 2.213109098374843597e-02 4.086142405867576599e-02 8.440767414867877960e-03 1.509742438793182373e-02 1.225229725241661072e-02 1.225591264665126801e-02 2.786934375762939453e-02 6.675498560070991516e-03 3.684318624436855316e-03 8.197071962058544159e-03 2.664819546043872833e-02 3.313502669334411621e-02 3.374673798680305481e-02 1.135038677603006363e-02 1.251933164894580841e-03 4.059765953570604324e-03 7.389312610030174255e-03 2.638024091720581055e-02 8.202408440411090851e-03 4.898208193480968475e-03 1.191169209778308868e-02 5.197272077202796936e-02
5.986697506159543991e-04 2.235469408333301544e-02 5.568003654479980469e-01 1.174833346158266068e-02 8.502078242599964142e-03 1.614039391279220581e-02 2.001169510185718536e-02 1.015655249357223511e-01 3.429948538541793823e-02 2.003867179155349731e-02 2.027613855898380280e-02 2.753254957497119904e-02 3.886873275041580200e-02 3.749024122953414917e-02 2.055074553936719894e-03 3.346646949648857117e-02 3.733689710497856140e-02 4.794567357748746872e-03 1.064187102019786835e-02 1.446407102048397064e-02 3.390497714281082153e-02 9.322567842900753021e-03 9.181612171232700348e-03 3.526113182306289673e-02 2.862487174570560455e-02 4.634779412299394608e-03 1.453990023583173752e-02 3.675436601042747498e-03 4.985761269927024841e-02 1.697125658392906189e-02 6.344226747751235962e-02 8.880725130438804626e-03 3.079051338136196136e-02 3.826996544376015663e-03 4.674350097775459290e-02 3.831629827618598938e-02 4.384590685367584229e-02 3.619513707235455513e-03 1.317578833550214767e-02 5.789277609437704086e-03 2.920678444206714630e-02 1.865827292203903198e-02 2.673406898975372314e-02 5.434812605381011963e-02 2.879093587398529053e-02 3.539237752556800842e-02 1.015597116202116013e-02 2.490895427763462067e-02 1.873961463570594788e-02 7.078144233673810959e-03 5.724720656871795654e-03 1.177891809493303299e-02 8.801022777333855629e-04 1.845369674265384674e-02 7.793207187205553055e-03 9.656627662479877472e-03 2.736038900911808014e-02 3.284064307808876038e-02 3.951107338070869446e-02 5.510934814810752869e-02 3.067134507000446320e-02 1.310219336301088333e-02 4.484510049223899841e-03 3.348883241415023804e-02 1.045486191287636757e-03 4.813430132344365120e-04 1.480867434293031693e-02 1.859989762306213379e-02 6.525095552206039429e-03 2.807088755071163177e-02 3.920916095376014709e-02 6.187972612679004669e-03 5.603164900094270706e-03 2.806188166141510010e-02 2.860557101666927338e-02 4.834735766053199768e-03 2.248566970229148865e-02 4.348096437752246857e-03 1.240880228579044342e-02 2.872959524393081665e-02 1.235161498188972473e-01 8.593546599149703979e-02 4.239924624562263489e-02 1.807449012994766235e-02 3.647325187921524048e-02 1.448977459222078323e-02 1.413193438202142715e-02 4.593209177255630493e-02 2.238180488348007202e-02 1.318917050957679749e-02 4.596079513430595398e-02 4.545671865344047546e-02 5.167048797011375427e-02 7.640074472874403000e-03 1.103113684803247452e-02 5.927340593189001083e-03 3.700835257768630981e-02 1.869691163301467896e-02 1.294641941785812378e-02 3.570851311087608337e-02 3.256772086024284363e-02 4.569709708448499441e-04 2.725084195844829082e-04 9.717213921248912811e-03 1.490670535713434219e-02 2.234651707112789154e-02 2.066331729292869568e-02 2.522573061287403107e-02 7.377831730991601944e-03 7.653751876205205917e-03 6.770826410502195358e-03 2.551762387156486511e-02 2.484859153628349304e-02 3.172708302736282349e-02 9.347793646156787872e-03 3.723412286490201950e-03
6.173965986818075180e-03 3.097113221883773804e-03 1.174833346158266068e-02 5.871329903602600098e-01 1.197346895933151245e-01 9.045807644724845886e-03 1.840092125348746777e-03 5.354689434170722961e-03 8.760164491832256317e-03 4.030485823750495911e-02 3.290669992566108704e-03 2.589976787567138672e-02 2.352132648229598999e-02 4.561065882444381714e-02 1.020082645118236542e-02 6.279679015278816223e-03 1.002349331974983215e-02 2.888654358685016632e-02 2.442298922687768936e-03 2.538066171109676361e-02 1.675912737846374512e-02 3.727246366906911135e-04 3.078190051019191742e-02 4.219227656722068787e-02 3.899160772562026978e-02 1.926784403622150421e-02 6.911963224411010742e-03 2.367459051311016083e-02 1.286253333091735840e-02 1.775183132849633694e-03 1.079455297440290451e-02 4.307998344302177429e-02 4.462616518139839172e-02 2.081120572984218597e-02 1.121575478464365005e-03 2.726071514189243317e-02 4.360706359148025513e-02 9.118507616221904755e-03 4.099517688155174255e-02 3.626952692866325378e-02 2.238377369940280914e-02 4.873999394476413727e-03 6.756796967238187790e-03 2.480205334722995758e-02 3.090896457433700562e-02 1.687487959861755371e-02 4.467207565903663635e-02 4.037253558635711670e-02 3.167672455310821533e-02 2.156687714159488678e-02 2.998023107647895813e-02 1.722824946045875549e-02 4.067931696772575378e-02 3.406025096774101257e-02 9.202381595969200134e-03 5.051226168870925903e-02 1.705385372042655945e-02 3.217891557142138481e-03 3.706318885087966919e-02 3.254611045122146606e-02 7.014120370149612427e-02 2.117241173982620239e-02 2.937542647123336792e-02 1.753253675997257233e-02 3.305264282971620560e-03 7.585332263261079788e-03 2.326936274766921997e-02 3.465661406517028809e-02 4.967632144689559937e-02 1.158359274268150330e-02 3.766242787241935730e-02 2.985783107578754425e-02 1.103368625044822693e-01 9.399633854627609253e-03 6.853874027729034424e-02 4.012990370392799377e-02 2.307584136724472046e-02 4.383365157991647720e-03 2.499288320541381836e-02 5.156162753701210022e-02 1.775378547608852386e-02 2.429355168715119362e-03 3.376487269997596741e-02 7.131281774491071701e-03 3.115452453494071960e-02 3.399910777807235718e-02 1.652940735220909119e-02 1.099228858947753906e-02 2.250107936561107635e-02 1.335728727281093597e-02 2.442820928990840912e-02 2.445125021040439606e-03 2.582604624330997467e-02 2.507852762937545776e-02 3.051265701651573181e-02 1.100551895797252655e-02 3.307694569230079651e-02 2.146229147911071777e-02 4.306525457650423050e-03 6.937082391232252121e-03 2.567679807543754578e-02 2.205165848135948181e-02 2.777372486889362335e-02 6.674304604530334473e-03 2.317328937351703644e-02 2.411397546529769897e-02 1.599764078855514526e-02 2.252595685422420502e-02 9.924892336130142212e-03 8.951611816883087158e-04 1.821977831423282623e-02 5.272886529564857483e-02 2.993716672062873840e-02 1.997839426621794701e-03 4.345532134175300598e-02 5.617477465420961380e-03
6.469002459198236465e-03 3.765602828934788704e-03 8.502078242599964142e-03 1.197346895933151245e-01 5.821110010147094727e-01 1.118278596550226212e-02 1.542236935347318649e-02 3.488069772720336914e-02 1.274094171822071075e-02 1.369351986795663834e-03 7.567648310214281082e-03 3.952369093894958496e-02 3.725162521004676819e-02 3.784456849098205566e-02 2.636619284749031067e-02 7.890431210398674011e-03 2.244569920003414154e-02 1.609202846884727478e-02 3.998532146215438843e-02 2.392615936696529388e-02 2.736227400600910187e-02 4.696855321526527405e-03 2.561650238931179047e-02 4.523675143718719482e-02 3.016536869108676910e-02 3.353287652134895325e-02 5.216835997998714447e-03 2.121889032423496246e-02 4.591522738337516785e-03 2.281759679317474365e-02 6.610358250327408314e-04 3.868818283081054688e-02 1.924096606671810150e-03 3.668118268251419067e-02 1.198392547667026520e-02 5.164769012480974197e-03 1.371690724045038223e-02 4.585858434438705444e-02 4.144386574625968933e-02 5.134397372603416443e-02 8.082171902060508728e-03 1.153885386884212494e-02 1.710344920866191387e-03 1.275997236371040344e-02 3.730152547359466553e-02 1.524293422698974609e-02 4.443547129631042480e-02 3.690634667873382568e-02 1.312081422656774521e-02 1.468462962657213211e-02 2.250665426254272461e-02 1.214073225855827332e-02 3.491539508104324341e-02 4.603528603911399841e-02 6.473510991781949997e-03 1.946026831865310669e-02 2.058923942968249321e-03 8.785580284893512726e-03 1.421785273123532534e-04 2.382787689566612244e-02 2.149118669331073761e-02 3.130507469177246094e-02 2.022882923483848572e-02 1.824464835226535797e-02 2.862638607621192932e-02 1.676697749644517899e-03 3.242224082350730896e-02 2.526640705764293671e-02 3.282093629240989685e-02 2.087017148733139038e-02 4.385213181376457214e-02 1.075680553913116455e-02 5.198012292385101318e-02 2.509407512843608856e-02 5.492191389203071594e-02 3.215394169092178345e-02 2.442170120775699615e-02 2.074794657528400421e-02 2.620887570083141327e-02 3.064892999827861786e-02 3.619415313005447388e-02 2.000699564814567566e-02 4.120380152016878128e-03 3.206650912761688232e-02 3.831485286355018616e-02 3.654658794403076172e-02 1.970166154205799103e-02 3.205521032214164734e-02 7.239499595016241074e-03 7.937589660286903381e-03 3.877980401739478111e-03 1.804737932980060577e-02 4.471302404999732971e-02 1.089458633214235306e-02 1.143935788422822952e-02 1.003321539610624313e-02 1.261509489268064499e-02 1.641380786895751953e-02 1.216650381684303284e-02 1.170097384601831436e-02 1.675716601312160492e-02 1.157530397176742554e-02 1.173357665538787842e-02 2.203946234658360481e-03 9.044808335602283478e-03 4.591864533722400665e-03 1.155627612024545670e-02 2.160068042576313019e-02 1.027483260259032249e-03 1.361004728823900223e-02 4.444046644493937492e-04 9.494522586464881897e-03 2.732009626924991608e-02 2.677912591025233269e-03 4.717719554901123047e-02 1.665969751775264740e-02
1.361330002546310425e-01 1.029169484972953796e-01 1.614039391279220581e-02 9.045807644724845886e-03 1.118278596550226212e-02 5.922806262969970703e-01 1.925233900547027588e-01 2.221841830760240555e-03 2.861768752336502075e-02 2.387483976781368256e-02 1.804465353488922119e-01 2.933532744646072388e-02 1.126671731472015381e-01 1.613784022629261017e-02 3.143038228154182434e-02 3.141341498121619225e-03 1.907050609588623047e-02 2.820353256538510323e-03 1.223582215607166290e-02 5.715682636946439743e-03 7.772990036755800247e-03 9.860645048320293427e-03 4.314592853188514709e-02 4.008227959275245667e-02 3.446058928966522217e-02 3.140628337860107422e-02 6.271559745073318481e-03 3.874040022492408752e-02 3.561177477240562439e-02 2.646768465638160706e-02 5.947205238044261932e-03 1.743796281516551971e-02 1.025272998958826065e-02 4.084195196628570557e-02 1.701851561665534973e-02 2.511833794414997101e-03 1.492031570523977280e-02 3.514665411785244942e-03 3.629223257303237915e-02 1.042612269520759583e-02 4.123766440898180008e-03 3.372510522603988647e-02 2.665049396455287933e-02 3.455666359513998032e-03 3.286641731392592192e-04 3.488194197416305542e-02 1.169234812259674072e-01 7.594267278909683228e-02 1.870806887745857239e-02 2.363380044698715210e-02 6.692954152822494507e-02 4.374340549111366272e-02 4.094305261969566345e-02 2.375572174787521362e-02 3.064422495663166046e-02 4.321990162134170532e-02 2.544509433209896088e-02 1.806751452386379242e-02 1.796915754675865173e-02 2.449169009923934937e-02 3.277905285358428955e-02 2.036106539890170097e-03 3.498002141714096069e-02 2.167718857526779175e-02 1.062028668820858002e-02 2.038555918261408806e-03 4.803993739187717438e-03 3.270085668191313744e-03 3.962586075067520142e-02 1.813596300780773163e-02 1.242958568036556244e-02 1.193721406161785126e-02 1.909277215600013733e-02 1.434356626123189926e-02 2.032339572906494141e-02 2.240556105971336365e-02 2.445647120475769043e-02 8.411305025219917297e-03 4.356753081083297729e-03 2.075139433145523071e-02 7.307953666895627975e-03 2.367492020130157471e-02 3.189836442470550537e-02 1.911366009153425694e-03 1.803933456540107727e-02 1.870633289217948914e-02 2.266634814441204071e-02 3.476202115416526794e-02 2.960063703358173370e-02 9.235952049493789673e-03 5.604305863380432129e-02 2.819409035146236420e-02 3.522551059722900391e-02 2.837430872023105621e-02 3.012267313897609711e-02 2.061172388494014740e-03 6.091029848903417587e-03 2.501817606389522552e-02 3.199308738112449646e-02 5.897252820432186127e-03 4.167881235480308533e-02 5.107374861836433411e-03 1.195624750107526779e-02 1.728529296815395355e-02 3.235221281647682190e-02 3.170970082283020020e-02 4.151532799005508423e-02 1.601380179636180401e-03 3.473514690995216370e-02 1.651837490499019623e-02 5.456997081637382507e-03 3.521079942584037781e-02 1.818202994763851166e-02 9.374448098242282867e-03 5.138823017477989197e-02 5.141735076904296875e-03
9.593795239925384521e-02 9.434687346220016479e-02 2.001169510185718536e-02 1.840092125348746777e-03 1.542236935347318649e-02 1.925233900547027588e-01 5.960646867752075195e-01 1.121554407291114330e-03 8.329235948622226715e-03 1.081815361976623535e-02 1.346834897994995117e-01 6.460292264819145203e-03 1.223023980855941772e-01 3.877376392483711243e-02 2.813532575964927673e-02 1.306857541203498840e-02 3.663738816976547241e-02 2.343299798667430878e-02 9.914340451359748840e-03 5.107678472995758057e-03 9.846560657024383545e-03 7.814355194568634033e-03 2.866067923605442047e-02 4.199527949094772339e-02 2.658743225038051605e-02 9.917539544403553009e-03 3.315019980072975159e-02 1.790803484618663788e-02 5.333828553557395935e-02 1.831833086907863617e-02 1.937911473214626312e-02 6.751235574483871460e-03 4.078952968120574951e-02 8.964194916188716888e-03 4.345570504665374756e-02 9.921484626829624176e-03 5.218076985329389572e-03 2.432508161291480064e-03 3.066561557352542877e-02 2.107910066843032837e-02 2.909738197922706604e-02 2.877116017043590546e-02 7.484319619834423065e-03 1.075111329555511475e-02 4.604851081967353821e-02 1.865210570394992828e-02 1.395647078752517700e-01 1.757364273071289062e-01 6.306746043264865875e-03 4.566126968711614609e-03 3.045738674700260162e-02 9.670661762356758118e-03 3.909613564610481262e-02 2.695726789534091949e-02 2.571708289906382561e-03 3.909123316407203674e-02 1.853844150900840759e-02 1.099306903779506683e-02 8.111715316772460938e-03 2.175799943506717682e-02 2.559145167469978333e-02 1.203963626176118851e-02 2.444736473262310028e-02 1.198513619601726532e-02 4.583857208490371704e-02 3.661558777093887329e-02 1.917553879320621490e-02 1.047115679830312729e-02 8.829356171190738678e-03 4.473899956792593002e-03 4.777350928634405136e-03 2.078607212752103806e-03 1.224798616021871567e-02 1.139689423143863678e-02 1.590948365628719330e-02 3.665851196274161339e-03 1.038847398012876511e-02 1.814330555498600006e-02 1.411871518939733505e-02 1.612898148596286774e-02 2.840328775346279144e-02 7.383050397038459778e-03 3.629188239574432373e-02 1.387620996683835983e-02 9.501722641289234161e-03 1.668721064925193787e-02 1.618617773056030273e-02 3.336924314498901367e-02 1.278548222035169601e-02 7.548146415501832962e-03 6.421230267733335495e-03 3.759478777647018433e-02 4.396548494696617126e-02 2.613906562328338623e-02 2.714631892740726471e-02 2.582279592752456665e-02 1.654403097927570343e-02 2.086055837571620941e-02 3.012014366686344147e-02 2.225467003881931305e-02 3.910726681351661682e-02 1.713081449270248413e-02 3.701359033584594727e-02 5.513292737305164337e-03 1.654036156833171844e-02 3.745235875248908997e-02 3.360854089260101318e-02 1.211010757833719254e-02 2.711394801735877991e-02 2.657983568497002125e-04 8.089531213045120239e-03 1.919869333505630493e-02 1.224138960242271423e-02 1.138208340853452682e-02 1.101357303559780121e-02 2.610356733202934265e-02
1.981184445321559906e-02 1.131729129701852798e-02 1.015655249357223511e-01 5.354689434170722961e-03 3.488069772720336914e-02 2.221841830760240555e-03 1.121554407291114330e-03 5.859386920928955078e-01 2.024002838879823685e-03 1.549404766410589218e-02 2.566775865852832794e-02 3.656462207436561584e-02 9.773300262168049812e-04 4.319721087813377380e-02 7.835691422224044800e-02 4.418368265032768250e-02 3.643529862165451050e-02 1.819437742233276367e-02 5.317462235689163208e-02 8.407069370150566101e-03 5.599386058747768402e-04 2.813370525836944580e-02 2.241433225572109222e-02 1.655970327556133270e-02 4.043038189411163330e-02 2.924117632210254669e-02 8.906172588467597961e-03 7.727948017418384552e-03 1.724345027469098568e-03 1.168451053672470152e-04 3.148030024021863937e-03 4.876100271940231323e-02 2.482871152460575104e-02 4.311235621571540833e-02 3.536537755280733109e-03 1.161599904298782349e-02 1.734188757836818695e-02 7.126495242118835449e-02 1.848361082375049591e-02 3.764348104596138000e-02 7.021553069353103638e-02 9.092429652810096741e-03 3.742612316273152828e-04 2.097905613481998444e-02 1.331873424351215363e-02 3.108387580141425133e-03 3.761930018663406372e-02 2.294259145855903625e-02 3.761362284421920776e-02 4.750757664442062378e-02 2.243530191481113434e-02 1.622064597904682159e-02 1.493415515869855881e-02 1.766570284962654114e-02 1.378529891371726990e-02 2.278242073953151703e-02 8.527286263415589929e-05 1.545083336532115936e-02 2.000864408910274506e-02 4.012414719909429550e-03 3.553796559572219849e-03 4.076803475618362427e-02 1.668686605989933014e-02 1.207242254167795181e-02 4.617393389344215393e-02 1.411736570298671722e-02 3.642394021153450012e-02 2.298572845757007599e-02 6.023774622008204460e-04 1.138914376497268677e-02 1.672244817018508911e-02 6.630017422139644623e-03 1.052571181207895279e-02 1.025159470736980438e-02 2.198200300335884094e-02 5.617424030788242817e-04 1.156522543169558048e-03 1.282978616654872894e-02 2.475963905453681946e-03 1.901015266776084900e-02 7.825399935245513916e-02 6.014771759510040283e-02 1.272507198154926300e-02 3.787731006741523743e-02 1.805477961897850037e-02 2.791796065866947174e-02 4.599794372916221619e-02 6.786487251520156860e-02 4.528469871729612350e-03 2.986551495268940926e-03 3.223230317234992981e-02 3.392767533659934998e-02 1.682752370834350586e-02 1.022176817059516907e-02 3.165555419400334358e-03 4.318139050155878067e-03 1.090907678008079529e-02 1.473232917487621307e-02 8.319025859236717224e-03 6.999259814620018005e-03 2.620894461870193481e-02 1.203442458063364029e-02 1.714257232379168272e-04 3.650478087365627289e-03 8.260468021035194397e-03 8.314235135912895203e-03 1.089285686612129211e-02 6.723692175000905991e-03 2.288796380162239075e-02 1.125202886760234833e-02 7.143361028283834457e-03 1.358127873390913010e-02 1.592898741364479065e-02 6.324031855911016464e-03 1.129166688770055771e-02 1.233788859099149704e-02
2.916546538472175598e-02 1.210725400596857071e-02 3.429948538541793823e-02 8.760164491832256317e-03 1.274094171822071075e-02 2.861768752336502075e-02 8.329235948622226715e-03 2.024002838879823685e-03 5.987097024917602539e-01 6.411996483802795410e-02 2.196329273283481598e-02 3.442993760108947754e-02 2.640795893967151642e-02 1.633999310433864594e-02 9.963867254555225372e-03 1.217331178486347198e-02 1.963944523595273495e-04 7.192965596914291382e-02 1.635740511119365692e-02 3.119962289929389954e-02 1.153313089162111282e-02 1.300741545855998993e-02 7.361145108006894588e-04 2.085987105965614319e-02 3.666393086314201355e-02 3.838325664401054382e-02 2.134304493665695190e-03 2.919747866690158844e-02 3.238314762711524963e-02 1.415456924587488174e-02 3.884230926632881165e-02 3.925260528922080994e-02 1.867515034973621368e-02 1.413828507065773010e-02 3.096322156488895416e-02 1.219902094453573227e-02 2.988260798156261444e-02 2.646481990814208984e-02 1.548888720571994781e-02 5.987843964248895645e-03 2.780567668378353119e-02 2.957405708730220795e-02 3.068087808787822723e-02 1.148475427180528641e-02 1.945173554122447968e-02 4.659281671047210693e-02 1.217244192957878113e-02 5.537813995033502579e-03 1.272771786898374557e-02 3.117579035460948944e-02 3.482783585786819458e-02 1.943424344062805176e-02 4.099150747060775757e-02 2.254394441843032837e-02 6.837704777717590332e-02 1.211611926555633545e-02 3.529278188943862915e-02 1.215992681682109833e-02 1.881289295852184296e-02 3.427685052156448364e-02 2.196229435503482819e-02 7.827710360288619995e-03 5.262389313429594040e-03 1.521691214293241501e-02 8.323197253048419952e-03 3.515383973717689514e-02 1.237200014293193817e-02 3.582366183400154114e-02 7.536853104829788208e-02 1.875713653862476349e-02 4.618993401527404785e-02 5.013061314821243286e-02 2.401100657880306244e-02 1.901729404926300049e-02 1.032425742596387863e-02 5.616113170981407166e-02 1.064127311110496521e-01 5.497894063591957092e-02 3.849235177040100098e-02 7.292751688510179520e-03 9.240341372787952423e-03 1.632037758827209473e-02 5.789253860712051392e-02 1.971936039626598358e-02 3.843212500214576721e-02 2.831133082509040833e-02 2.442847751080989838e-02 3.122738562524318695e-02 1.009631678462028503e-01 4.073494672775268555e-02 3.321915492415428162e-02 1.951295533217489719e-03 1.332002598792314529e-02 2.964069135487079620e-02 3.884548787027597427e-03 2.573967538774013519e-02 3.489212319254875183e-02 2.786318957805633545e-02 1.797857321798801422e-02 2.326659485697746277e-02 3.304427489638328552e-02 3.578003495931625366e-02 8.789226412773132324e-03 5.021537095308303833e-02 4.211586713790893555e-02 2.676220610737800598e-02 7.584724109619855881e-03 4.151981323957443237e-03 4.083335772156715393e-02 2.081680670380592346e-02 4.645573347806930542e-02 1.608660258352756500e-02 2.241786569356918335e-02 4.007988423109054565e-02 2.297214698046445847e-03 4.150556400418281555e-02
8.590877987444400787e-03 7.380138617008924484e-03 2.003867179155349731e-02 4.030485823750495911e-02 1.369351986795663834e-03 2.387483976781368256e-02 1.081815361976623535e-02 1.549404766410589218e-02 6.411996483802795410e-02 5.939952731132507324e-01 8.126406930387020111e-03 4.782961681485176086e-03 4.767200909554958344e-03 3.758737817406654358e-02 4.406797699630260468e-03 1.276085060089826584e-02 2.561792731285095215e-02 5.207373574376106262e-02 5.797655880451202393e-02 4.543603211641311646e-02 1.833365671336650848e-02 1.710044033825397491e-02 3.430792316794395447e-02 4.432303830981254578e-02 2.574635483324527740e-02 9.381467476487159729e-03 1.620298251509666443e-02 7.146370597183704376e-03 3.873619437217712402e-02 2.533695101737976074e-02 3.838183358311653137e-02 4.189650341868400574e-02 4.010570049285888672e-02 1.824808120727539062e-02 3.945774585008621216e-02 1.032291166484355927e-02 2.505739778280258179e-02 6.620038184337317944e-04 5.319718271493911743e-03 3.658668324351310730e-02 6.336135789752006531e-03 7.262926083058118820e-03 6.243954994715750217e-04 4.616257268935441971e-03 4.299378767609596252e-02 1.662090793251991272e-02 1.685711555182933807e-02 2.247967943549156189e-02 4.024536162614822388e-02 2.187600731849670410e-02 1.005069352686405182e-02 9.000966325402259827e-03 2.505221217870712280e-02 4.133447632193565369e-02 4.075169190764427185e-02 4.207032918930053711e-02 3.510702028870582581e-02 1.388789806514978409e-02 2.449328638613224030e-02 3.792866319417953491e-02 4.851318523287773132e-02 2.362477220594882965e-02 4.416782036423683167e-02 1.264304667711257935e-02 3.393747657537460327e-02 2.171027474105358124e-02 3.324377164244651794e-02 3.153662756085395813e-02 1.429938524961471558e-02 3.694188967347145081e-02 5.139295756816864014e-02 1.701219193637371063e-02 4.892964661121368408e-02 4.894198104739189148e-02 2.613402344286441803e-02 2.827081084251403809e-02 2.057893574237823486e-02 9.730240702629089355e-02 2.050924673676490784e-02 1.032853499054908752e-01 1.001743599772453308e-02 6.954148877412080765e-03 2.739985287189483643e-02 1.035945340991020203e-01 4.748949408531188965e-02 1.738962903618812561e-02 1.247208192944526672e-02 3.800896182656288147e-02 3.774130716919898987e-02 9.307017922401428223e-02 3.464155271649360657e-02 3.988836891949176788e-03 4.106213897466659546e-02 3.801471367478370667e-02 1.661755889654159546e-02 7.024090737104415894e-03 2.575614489614963531e-02 5.280624702572822571e-02 1.971370540559291840e-02 1.456253230571746826e-03 2.872873470187187195e-02 9.518516249954700470e-03 2.549654431641101837e-02 5.446814745664596558e-02 3.773497790098190308e-02 1.099122315645217896e-02 2.845861762762069702e-02 2.214500494301319122e-02 1.056041009724140167e-02 6.542636081576347351e-03 1.302543003112077713e-02 5.328632146120071411e-02 2.619284205138683319e-02 3.778012469410896301e-02 1.292303297668695450e-02 2.996943518519401550e-02
2.101769149303436279e-01 1.863154023885726929e-01 2.027613855898380280e-02 3.290669992566108704e-03 7.567648310214281082e-03 1.804465353488922119e-01 1.346834897994995117e-01 2.566775865852832794e-02 2.196329273283481598e-02 8.126406930387020111e-03 6.029336452484130859e-01 5.454460624605417252e-03 2.236858457326889038e-01 3.175703575834631920e-03 9.613107889890670776e-03 2.781999669969081879e-02 3.441629186272621155e-02 6.266136188060045242e-03 4.473467916250228882e-02 2.371071837842464447e-02 1.595158502459526062e-02 2.941855415701866150e-02 2.054628171026706696e-02 2.821762673556804657e-02 2.162905223667621613e-02 2.848086878657341003e-02 2.367579191923141479e-02 6.898659630678594112e-04 4.609040170907974243e-02 9.482475928962230682e-03 3.933538496494293213e-02 2.080374956130981445e-02 3.123986348509788513e-02 5.074747372418642044e-03 3.905590251088142395e-02 1.939124614000320435e-02 2.648794651031494141e-02 2.410598658025264740e-02 1.184414047747850418e-02 2.794713340699672699e-02 1.093939784914255142e-02 7.394716609269380569e-03 7.405926007777452469e-03 1.838739775121212006e-02 2.897929586470127106e-02 6.950251758098602295e-03 1.373732537031173706e-01 9.212506562471389771e-02 1.687163487076759338e-02 2.348722424358129501e-03 1.836084760725498199e-02 3.058171086013317108e-02 7.017019204795360565e-03 1.204012296511791646e-04 1.053778454661369324e-03 3.577911108732223511e-02 7.540958933532238007e-03 1.570179127156734467e-02 2.264117263257503510e-02 2.023005299270153046e-02 2.830957807600498199e-02 1.625766791403293610e-02 5.530530586838722229e-03 1.193390041589736938e-02 2.069031819701194763e-02 6.156824156641960144e-02 3.364712744951248169e-02 3.706238418817520142e-02 9.095826186239719391e-03 1.718286424875259399e-02 2.687694504857063293e-03 3.709898097440600395e-03 2.140627987682819366e-02 6.615072488784790039e-03 8.558771573007106781e-03 1.475815381854772568e-02 2.374083735048770905e-02 1.308219879865646362e-02 3.062200173735618591e-02 5.931953433901071548e-03 1.879564486443996429e-02 2.742977999150753021e-02 1.986328279599547386e-03 1.849520392715930939e-02 2.901448309421539307e-02 2.006317116320133209e-02 1.706240582279860973e-03 5.397012457251548767e-03 1.544005936011672020e-03 4.597872961312532425e-03 1.398987323045730591e-02 2.375709637999534607e-02 2.579861879348754883e-02 3.279320895671844482e-02 7.494946010410785675e-03 2.249892987310886383e-02 2.190107479691505432e-02 1.501033082604408264e-02 3.378140181303024292e-02 3.274598345160484314e-02 1.446760632097721100e-02 3.082788735628128052e-02 3.038561716675758362e-02 4.949199501425027847e-03 2.585709281265735626e-02 8.567815646529197693e-03 2.954069897532463074e-02 2.322196774184703827e-02 1.846338622272014618e-02 2.218622714281082153e-02 8.223202079534530640e-03 2.485732734203338623e-02 1.455857325345277786e-02 2.489253133535385132e-02 9.562679566442966461e-03 3.128738328814506531e-02
4.730734974145889282e-03 3.091760352253913879e-02 2.753254957497119904e-02 2.589976787567138672e-02 3.952369093894958496e-02 2.933532744646072388e-02 6.460292264819145203e-03 3.656462207436561584e-02 3.442993760108947754e-02 4.782961681485176086e-03 5.454460624605417252e-03 5.880984663963317871e-01 6.324047595262527466e-02 1.561727076768875122e-01 3.733456507325172424e-02 2.630753908306360245e-03 2.498679794371128082e-03 2.470557391643524170e-02 1.372516900300979614e-02 2.527112513780593872e-02 2.885625697672367096e-02 5.557477101683616638e-02 4.472910240292549133e-02 2.915978059172630310e-02 1.054394152015447617e-02 3.038290888071060181e-02 5.057714879512786865e-02 8.045272529125213623e-02 5.961931869387626648e-02 6.373904645442962646e-02 7.236675173044204712e-02 3.510862588882446289e-02 1.251624431461095810e-02 4.480964317917823792e-02 6.646774243563413620e-03 1.132995449006557465e-02 9.029292501509189606e-03 2.871343120932579041e-02 2.259033732116222382e-03 4.292549192905426025e-02 4.106146749109029770e-03 4.230445250868797302e-02 2.941034920513629913e-02 2.845728211104869843e-02 4.467162117362022400e-02 2.902252972126007080e-02 4.609112069010734558e-02 4.158210754394531250e-02 6.495028734207153320e-03 3.696389123797416687e-02 7.948280312120914459e-03 1.535856444388628006e-02 3.948211204260587692e-03 1.345961913466453552e-02 4.006329458206892014e-03 1.536631677299737930e-02 5.217220634222030640e-02 5.609184876084327698e-02 3.326421976089477539e-02 4.491640254855155945e-03 7.845865562558174133e-03 1.928874291479587555e-02 1.663409918546676636e-02 1.964447088539600372e-03 4.399851709604263306e-02 1.716801151633262634e-02 2.841043844819068909e-02 3.990351781249046326e-02 1.554535329341888428e-02 1.608425006270408630e-02 1.469982508569955826e-02 3.322937525808811188e-03 2.866512537002563477e-02 1.430896576493978500e-02 3.464261535555124283e-03 1.325401570647954941e-02 3.327279165387153625e-02 1.942151039838790894e-02 3.199698985554277897e-04 3.851018100976943970e-02 2.182683721184730530e-02 2.436949126422405243e-02 5.824517924338579178e-03 2.258991263806819916e-02 2.557441778481006622e-02 2.243952453136444092e-02 4.043638240545988083e-03 4.493829980492591858e-02 6.028483808040618896e-02 3.651746362447738647e-02 5.838395655155181885e-02 1.127385441213846207e-02 2.495124749839305878e-02 1.800680719316005707e-02 3.570383787155151367e-02 4.494542628526687622e-02 1.202039793133735657e-02 3.160285064950585365e-03 3.215251863002777100e-02 2.938213199377059937e-02 2.250020205974578857e-02 3.659943491220474243e-02 4.538131505250930786e-02 5.025251209735870361e-02 7.461976259946823120e-03 8.007461205124855042e-03 6.507408805191516876e-03 3.898365888744592667e-03 2.068137750029563904e-02 2.775000035762786865e-02 6.832030601799488068e-03 6.323016714304685593e-04 1.262943074107170105e-02 2.600451372563838959e-02 5.818254780024290085e-03 3.423909842967987061e-02
1.411951035261154175e-01 1.562092155218124390e-01 3.886873275041580200e-02 2.352132648229598999e-02 3.725162521004676819e-02 1.126671731472015381e-01 1.223023980855941772e-01 9.773300262168049812e-04 2.640795893967151642e-02 4.767200909554958344e-03 2.236858457326889038e-01 6.324047595262527466e-02 6.028767228126525879e-01 4.606057330965995789e-02 3.276233375072479248e-02 1.875814399681985378e-03 8.677904494106769562e-03 4.033290594816207886e-02 2.755211666226387024e-02 9.981619659811258316e-04 2.507698722183704376e-02 5.814771633595228195e-03 4.482664167881011963e-02 3.766145929694175720e-02 2.479648962616920471e-02 2.513485588133335114e-02 7.115912623703479767e-03 3.713792189955711365e-03 2.160323224961757660e-02 3.370099875610321760e-04 5.446838587522506714e-02 5.925592035055160522e-03 1.210672967135906219e-02 2.896202728152275085e-02 5.133375059813261032e-03 5.149289965629577637e-02 5.012492090463638306e-02 3.113707294687628746e-03 6.926092784851789474e-03 1.463484577834606171e-02 4.328274354338645935e-02 4.390477761626243591e-02 4.290773719549179077e-02 2.701377309858798981e-02 3.144785016775131226e-02 2.080917917191982269e-02 1.257177442312240601e-01 1.266453713178634644e-01 1.169855333864688873e-02 3.049371391534805298e-02 3.125044703483581543e-02 3.188549773767590523e-03 5.256900563836097717e-03 3.243121551349759102e-03 4.123170673847198486e-02 1.552610285580158234e-02 1.307279709726572037e-02 2.042086236178874969e-02 3.104436211287975311e-02 1.265515293926000595e-02 1.138747669756412506e-02 3.189013525843620300e-02 1.925802975893020630e-02 4.327890276908874512e-02 3.623237367719411850e-03 1.171026080846786499e-01 1.853979006409645081e-02 9.291390888392925262e-04 4.445248842239379883e-02 3.723117709159851074e-02 2.846369147300720215e-02 3.871289268136024475e-02 2.376608364284038544e-02 4.304301738739013672e-02 4.523781687021255493e-02 2.888582088053226471e-02 3.259351477026939392e-02 1.702151447534561157e-02 3.344580903649330139e-02 2.733073942363262177e-02 1.152469776570796967e-02 3.605191037058830261e-02 1.892898045480251312e-02 2.209166623651981354e-02 9.515687823295593262e-03 2.975545078516006470e-02 9.607426822185516357e-03 4.982725903391838074e-02 1.562754809856414795e-02 6.971212569624185562e-03 4.537158459424972534e-02 1.866457751020789146e-03 5.467457696795463562e-02 3.363152034580707550e-03 3.441603854298591614e-02 4.267395008355379105e-03 5.062647908926010132e-02 2.211209386587142944e-02 1.186280883848667145e-02 2.751800231635570526e-02 7.240280392579734325e-04 2.108046971261501312e-02 2.832517772912979126e-02 4.108911380171775818e-02 5.755512975156307220e-03 3.089604433625936508e-03 1.491749659180641174e-02 3.383419290184974670e-02 1.254895702004432678e-02 4.259955510497093201e-02 4.368362575769424438e-02 9.517938829958438873e-03 3.265110775828361511e-02 3.592199832201004028e-02 3.596298396587371826e-02 3.430748125538229942e-03
