5.411344766616821289e-01 9.821260720491409302e-02 2.091080509126186371e-02 4.467067122459411621e-02 2.754311636090278625e-02 1.045021042227745056e-01 9.212782233953475952e-02 6.336727179586887360e-03 5.309681291691958904e-04 1.526786480098962784e-02 9.970019757747650146e-02 4.066105186939239502e-02 8.365210890769958496e-02 5.018898751586675644e-03 4.284468293190002441e-02 3.588027507066726685e-02 3.499733656644821167e-02 4.348667711019515991e-02 1.865799725055694580e-02 2.533941157162189484e-02 4.165316000580787659e-02 4.618452116847038269e-02 8.963954634964466095e-03 1.528889220207929611e-02 3.851631656289100647e-02 3.032745420932769775e-02 1.750683644786477089e-03 1.926761120557785034e-02 4.042305797338485718e-02 2.210667170584201813e-02 1.918237656354904175e-02 7.747822906821966171e-03 2.625230699777603149e-02 3.220381215214729309e-03 2.742956392467021942e-02 1.633067149668931961e-04 2.840978279709815979e-02 3.954137209802865982e-03 1.800431311130523682e-02 7.539329584687948227e-03 6.384159903973340988e-03 1.104415208101272583e-02 6.944259628653526306e-03 4.582641273736953735e-02 2.025660686194896698e-02 2.601501904428005219e-02 8.809655159711837769e-02 5.129786208271980286e-02 2.292889542877674103e-02 1.154505275189876556e-02 3.284543380141258240e-02 3.773001581430435181e-02 1.393766980618238449e-02 9.008205495774745941e-03 1.796955429017543793e-02 3.830730542540550232e-02 3.312349319458007812e-02 4.258404299616813660e-02 1.186144654639065266e-03 5.301879718899726868e-03 3.261183947324752808e-02 1.940952613949775696e-02 4.062653332948684692e-02 1.026151888072490692e-02 3.388107195496559143e-02 3.715863823890686035e-02 2.844153717160224915e-02 4.426563531160354614e-02 3.168290108442306519e-02 1.736438833177089691e-02 1.386119145900011063e-02 3.560266271233558655e-02 9.950016625225543976e-03 2.776529081165790558e-02 1.350095309317111969e-02 2.547493577003479004e-02 1.046548783779144287e-02 1.790693961083889008e-02 4.301390796899795532e-02 4.495964385569095612e-03 2.154592238366603851e-02 4.360549151897430420e-02 2.478084154427051544e-02 3.603514656424522400e-02 3.199836984276771545e-02 3.868620842695236206e-02 2.500713989138603210e-02 1.201374921947717667e-02 1.770702376961708069e-02 5.024918913841247559e-02 3.937280178070068359e-02 1.001712959259748459e-02 2.559673227369785309e-02 8.293776772916316986e-03 3.783039748668670654e-02 3.294400498270988464e-02 1.852520368993282318e-02 3.593847155570983887e-02 7.743034977465867996e-03 3.760774433612823486e-02 1.576187647879123688e-02 2.762474492192268372e-02 4.071423783898353577e-02 3.762381151318550110e-02 4.726227745413780212e-02 4.271870478987693787e-02 3.997214138507843018e-03 8.250362239778041840e-03 3.699509426951408386e-02 4.372983425855636597e-02 1.795795001089572906e-02 2.537095360457897186e-02 9.042073972523212433e-03 4.237393382936716080e-03 1.108603272587060928e-02 7.453705649822950363e-03
9.821260720491409302e-02 5.410156846046447754e-01 4.029073193669319153e-02 3.440314531326293945e-02 4.024059325456619263e-02 9.021253138780593872e-02 1.112105622887611389e-01 9.557480923831462860e-03 1.895910128951072693e-02 2.319310791790485382e-02 8.900760114192962646e-02 3.522243723273277283e-02 1.057341396808624268e-01 1.567258872091770172e-02 2.001811377704143524e-02 2.152795158326625824e-02 1.570757105946540833e-02 2.482868917286396027e-02 8.225338533520698547e-03 4.355887323617935181e-02 3.972585871815681458e-02 2.730697579681873322e-02 4.632376600056886673e-03 1.295977458357810974e-02 3.140801936388015747e-02 3.341854363679885864e-02 3.226618468761444092e-02 6.091102492064237595e-03 7.102015614509582520e-02 5.668310914188623428e-03 6.401202827692031860e-02 1.800017803907394409e-02 3.200262039899826050e-02 2.117555029690265656e-02 3.523658215999603271e-02 1.594068831764161587e-03 2.336587198078632355e-02 1.184373907744884491e-02 2.929985336959362030e-02 1.448386721312999725e-02 7.219981402158737183e-03 4.398691281676292419e-02 1.372508145868778229e-02 3.535417839884757996e-02 3.508884087204933167e-02 1.525687333196401596e-02 9.169945865869522095e-02 8.494212478399276733e-02 3.881149226799607277e-03 3.178799897432327271e-02 2.592644281685352325e-02 1.717858202755451202e-02 3.091272339224815369e-02 1.999818533658981323e-02 2.255539968609809875e-02 3.316699713468551636e-02 1.957060582935810089e-02 4.361455142498016357e-02 6.116372998803853989e-03 2.283258829265832901e-03 1.828310638666152954e-02 1.234492287039756775e-02 3.096661344170570374e-02 1.262630242854356766e-02 3.432593867182731628e-02 6.739959120750427246e-02 6.691481394227594137e-05 3.541933372616767883e-02 3.857715800404548645e-02 6.974251009523868561e-03 1.858403161168098450e-02 5.970503203570842743e-03 3.664383548311889172e-04 1.252423878759145737e-02 9.678382775746285915e-04 4.105861298739910126e-03 1.498901547165587544e-04 1.690904423594474792e-02 1.315992046147584915e-02 1.880340464413166046e-02 4.126219823956489563e-02 4.755991324782371521e-02 2.963734045624732971e-02 3.884102031588554382e-02 1.615223847329616547e-02 2.512574568390846252e-02 1.172517985105514526e-02 2.368197031319141388e-02 3.795284032821655273e-02 5.016821995377540588e-02 4.673548415303230286e-02 2.095210738480091095e-02 6.551813334226608276e-02 1.547799911350011826e-02 3.372085839509963989e-02 3.041575849056243896e-02 1.741154305636882782e-02 1.058695092797279358e-02 1.551566296257078648e-03 3.073786199092864990e-02 2.081715688109397888e-02 1.742185465991497040e-02 3.651151433587074280e-02 4.049342870712280273e-02 3.212758898735046387e-02 4.057049006223678589e-02 1.172302290797233582e-02 1.757227629423141479e-02 3.235043957829475403e-02 3.267000243067741394e-02 8.095517754554748535e-03 2.788239344954490662e-02 4.581231251358985901e-02 1.600361987948417664e-02 2.288691885769367218e-02 2.031759545207023621e-02
2.091080509126186371e-02 4.029073193669319153e-02 5.000651478767395020e-01 2.376305498182773590e-02 6.456168368458747864e-03 3.412142163142561913e-03 1.914902590215206146e-02 1.157526373863220215e-01 5.887350440025329590e-02 3.328251838684082031e-02 2.073755860328674316e-02 4.495486244559288025e-02 4.687340557575225830e-02 2.771296724677085876e-02 5.518269538879394531e-02 7.398513145744800568e-03 1.938581652939319611e-02 2.033392339944839478e-02 7.128830999135971069e-03 1.851384155452251434e-02 2.095440635457634926e-03 3.794597834348678589e-02 1.688870228826999664e-02 6.995954550802707672e-03 2.294184640049934387e-02 4.454751964658498764e-03 3.584926947951316833e-02 8.037643507122993469e-03 3.386864066123962402e-02 1.866641640663146973e-02 2.410283125936985016e-02 4.805910959839820862e-02 3.294084221124649048e-02 4.419179167598485947e-03 4.896661266684532166e-02 3.669847175478935242e-02 3.157179057598114014e-02 1.913851127028465271e-02 7.998601533472537994e-03 3.226184844970703125e-02 2.545381151139736176e-02 2.917581610381603241e-02 1.236359868198633194e-02 6.633637100458145142e-02 2.494840696454048157e-02 1.348481886088848114e-02 1.371923834085464478e-02 7.599938660860061646e-03 1.105740386992692947e-02 2.978896908462047577e-02 3.962593153119087219e-03 1.046466175466775894e-03 7.369508501142263412e-03 3.213629499077796936e-02 1.031822524964809418e-02 5.195229873061180115e-02 1.810447499155998230e-02 2.523183077573776245e-02 9.769491851329803467e-03 3.537567332386970520e-02 4.766225069761276245e-02 5.367563571780920029e-03 4.877620935440063477e-02 3.198030171915888786e-03 2.392594888806343079e-02 2.865952067077159882e-02 1.488030189648270607e-03 3.222982212901115417e-02 3.144169598817825317e-02 1.573456265032291412e-02 2.322942717000842094e-03 5.025673191994428635e-03 3.680952265858650208e-02 1.400039624422788620e-02 4.521003738045692444e-02 4.455288872122764587e-03 6.485325284302234650e-03 1.169694494456052780e-02 5.391814559698104858e-02 4.169696010649204254e-03 1.415669918060302734e-01 8.334933221340179443e-02 2.955531515181064606e-02 2.995351888239383698e-02 1.690080622211098671e-03 3.533384576439857483e-02 4.137862846255302429e-02 4.432928934693336487e-02 2.799909189343452454e-02 1.352498494088649750e-02 1.132708624936640263e-03 2.401600405573844910e-02 2.597265876829624176e-02 6.473944988101720810e-03 3.700764849781990051e-02 1.076516602188348770e-02 4.835314303636550903e-02 1.932082138955593109e-02 3.673782944679260254e-02 4.116966389119625092e-03 1.359212026000022888e-02 1.807083841413259506e-03 5.139362998306751251e-03 4.426143318414688110e-02 1.873962022364139557e-02 3.807030618190765381e-02 3.838303685188293457e-02 2.733012102544307709e-02 5.172676756046712399e-04 3.817030042409896851e-02 2.637134864926338196e-02 2.763271331787109375e-02 2.475024200975894928e-02 1.525439135730266571e-02 6.982419639825820923e-03 1.197297964245080948e-02
4.467067122459411621e-02 3.440314531326293945e-02 2.376305498182773590e-02 5.200254321098327637e-01 1.554848849773406982e-01 3.271110728383064270e-02 2.376202493906021118e-02 3.327603265643119812e-02 7.071646396070718765e-03 4.425010457634925842e-02 2.131314203143119812e-02 2.768883481621742249e-02 1.980651728808879852e-02 5.743972584605216980e-02 4.883302375674247742e-02 4.475782811641693115e-02 5.231967940926551819e-02 1.602713949978351593e-02 4.756268486380577087e-02 4.198423773050308228e-02 3.993431106209754944e-02 2.953733131289482117e-02 8.085466921329498291e-03 2.558772824704647064e-02 1.230068271979689598e-03 4.993805661797523499e-02 5.565360933542251587e-02 1.152981072664260864e-02 3.581345826387405396e-02 2.531247213482856750e-02 2.320347726345062256e-02 4.876348003745079041e-02 1.077171135693788528e-02 1.925175823271274567e-02 1.666731014847755432e-02 2.806402044370770454e-03 3.895922750234603882e-02 1.318852324038743973e-02 1.611330658197402954e-01 1.371052712202072144e-01 2.950549311935901642e-02 1.753824949264526367e-02 4.369815811514854431e-02 2.868027985095977783e-02 2.494261972606182098e-02 2.200687304139137268e-02 3.286952897906303406e-02 5.328720435500144958e-03 2.538504265248775482e-02 5.552166607230901718e-03 4.501727595925331116e-02 3.800176782533526421e-03 9.575476869940757751e-03 1.484259264543652534e-03 2.615960687398910522e-02 3.319138661026954651e-02 1.602895744144916534e-02 6.534646265208721161e-03 1.204435527324676514e-02 8.619037456810474396e-03 1.496366970241069794e-02 2.238491550087928772e-02 6.860512308776378632e-03 5.154030397534370422e-02 4.337171837687492371e-02 2.496735006570816040e-02 3.018363006412982941e-02 9.741012938320636749e-03 3.522569313645362854e-02 2.818744443356990814e-02 1.228731777518987656e-02 4.373841453343629837e-03 7.793536782264709473e-02 3.637485206127166748e-02 2.662147209048271179e-02 3.727897256612777710e-02 3.922683745622634888e-02 3.397886455059051514e-02 2.410532161593437195e-02 1.541861519217491150e-02 2.771315164864063263e-02 3.524021804332733154e-02 3.845118731260299683e-02 1.093266718089580536e-02 1.408919226378202438e-02 3.373187035322189331e-02 1.522735226899385452e-02 1.952987909317016602e-02 1.504319952800869942e-03 1.265789102762937546e-02 4.012704640626907349e-02 3.094737045466899872e-02 5.957817193120718002e-03 4.957802128046751022e-03 5.151965841650962830e-02 2.637540921568870544e-02 5.281023215502500534e-03 2.212681248784065247e-02 4.053504206240177155e-03 3.727412596344947815e-02 4.947867244482040405e-03 2.021910250186920166e-02 4.292672127485275269e-02 8.454907685518264771e-03 2.042554691433906555e-02 2.733741700649261475e-02 2.081662230193614960e-02 5.725616589188575745e-02 3.835458680987358093e-02 8.443597704172134399e-02 3.949026390910148621e-02 1.122818212024867535e-03 2.918956615030765533e-02 2.709199488162994385e-02 1.845943555235862732e-02 3.533302247524261475e-02
2.754311636090278625e-02 4.024059325456619263e-02 6.456168368458747864e-03 1.554848849773406982e-01 5.197880268096923828e-01 3.261251375079154968e-02 3.791942074894905090e-02 2.381415292620658875e-02 7.881878875195980072e-03 5.232888832688331604e-02 3.262928500771522522e-02 1.243872847408056259e-02 3.277571499347686768e-02 2.949636057019233704e-02 1.630102843046188354e-02 5.008701235055923462e-02 4.609078913927078247e-02 3.322570770978927612e-02 2.246448211371898651e-02 7.919799536466598511e-03 2.659373730421066284e-02 2.891673333942890167e-02 6.298115476965904236e-03 1.614686287939548492e-02 1.008309517055749893e-02 4.572391137480735779e-02 7.828007452189922333e-03 2.876705257222056389e-03 3.718633204698562622e-02 1.428608130663633347e-02 1.436748076230287552e-02 2.271832711994647980e-02 2.929435484111309052e-02 2.296175062656402588e-02 4.890353605151176453e-02 2.665833570063114166e-03 3.100444562733173370e-02 3.057993389666080475e-02 1.219510510563850403e-01 1.602860689163208008e-01 2.457024343311786652e-02 7.868554443120956421e-03 7.972672581672668457e-03 1.153646502643823624e-02 2.788780815899372101e-02 3.308835998177528381e-02 3.650330379605293274e-02 1.545346435159444809e-02 3.124988265335559845e-02 2.944866137113422155e-04 3.554064035415649414e-02 3.971241880208253860e-03 6.316879298537969589e-03 1.291395816951990128e-02 1.136488048359751701e-03 5.668506398797035217e-02 1.552989799529314041e-02 3.995881881564855576e-03 7.980824448168277740e-03 1.463564764708280563e-02 8.381752297282218933e-03 4.441246762871742249e-02 4.774680361151695251e-03 2.045801840722560883e-02 3.213142603635787964e-02 4.215726628899574280e-02 1.209215447306632996e-02 2.581821195781230927e-02 2.517062798142433167e-02 5.123117007315158844e-03 5.618928465992212296e-03 2.178580872714519501e-02 4.527813568711280823e-02 8.233880996704101562e-02 4.289195314049720764e-02 7.129030674695968628e-02 4.077337309718132019e-02 4.583442583680152893e-02 1.720919646322727203e-02 5.468913353979587555e-03 2.384484373033046722e-02 2.917567268013954163e-02 2.655035816133022308e-02 1.240095938555896282e-03 2.255498617887496948e-02 4.419256001710891724e-02 2.857160009443759918e-02 4.249402135610580444e-02 1.693530753254890442e-02 8.968540467321872711e-03 3.796460106968879700e-02 3.393270075321197510e-02 1.959765702486038208e-02 4.596838355064392090e-02 4.513959959149360657e-02 3.072153590619564056e-02 3.730939328670501709e-02 4.421472176909446716e-02 4.375603457447141409e-04 3.540479764342308044e-02 6.658584810793399811e-03 3.848890960216522217e-02 2.671970799565315247e-02 1.633734256029129028e-02 6.455150432884693146e-03 8.506359532475471497e-03 1.924913749098777771e-02 4.945398494601249695e-02 3.545970097184181213e-02 8.201093226671218872e-02 5.373515654355287552e-03 2.395371161401271820e-02 1.812332496047019958e-02 1.061523333191871643e-02 4.968908801674842834e-02 5.016255751252174377e-02
1.045021042227745056e-01 9.021253138780593872e-02 3.412142163142561913e-03 3.271110728383064270e-02 3.261251375079154968e-02 5.368967652320861816e-01 1.108477264642715454e-01 4.859322216361761093e-03 4.360282048583030701e-02 9.371897205710411072e-03 1.060738638043403625e-01 3.467728197574615479e-02 7.866127789020538330e-02 5.132824648171663284e-03 3.752111643552780151e-02 7.123491726815700531e-03 1.110783033072948456e-02 3.742590174078941345e-02 2.647220715880393982e-02 2.408616617321968079e-02 3.974984213709831238e-02 4.568355157971382141e-02 8.880781941115856171e-03 7.859701290726661682e-03 3.561340272426605225e-02 2.360966056585311890e-02 1.134210638701915741e-02 1.321184728294610977e-02 1.241223234683275223e-02 1.155821979045867920e-02 1.453928742557764053e-02 9.760699234902858734e-03 1.820634119212627411e-02 1.522386330179870129e-03 2.533763833343982697e-02 3.215068578720092773e-02 3.565860539674758911e-02 8.259868249297142029e-03 2.926420979201793671e-02 2.048635215032845736e-04 1.755442470312118530e-02 1.272528339177370071e-02 2.205502614378929138e-02 2.636598981916904449e-02 2.094059437513351440e-02 3.138969838619232178e-02 1.068177744746208191e-01 4.723507538437843323e-02 3.995279222726821899e-02 4.720724187791347504e-03 8.343089371919631958e-03 3.312605991959571838e-02 2.107784897089004517e-02 2.039574086666107178e-02 2.425348572432994843e-02 2.183580398559570312e-02 2.355128340423107147e-02 4.439598694443702698e-02 1.030974369496107101e-02 6.124382838606834412e-03 2.181157935410737991e-03 1.349743455648422241e-02 1.868782192468643188e-02 5.966224707663059235e-03 5.513590574264526367e-02 5.501715838909149170e-02 3.818093985319137573e-02 3.553958982229232788e-02 3.182383254170417786e-02 3.860840573906898499e-02 7.031152490526437759e-03 4.194064065814018250e-02 2.019529044628143311e-02 2.367326989769935608e-02 1.573316380381584167e-02 2.276576496660709381e-02 1.746867597103118896e-02 1.596613414585590363e-02 2.395671047270298004e-02 3.606427926570177078e-03 2.127367071807384491e-02 3.544912859797477722e-02 2.057719789445400238e-02 2.720404230058193207e-02 3.416338935494422913e-02 3.470380231738090515e-02 1.854759268462657928e-02 2.776056341826915741e-02 8.329567499458789825e-03 3.960041701793670654e-02 1.632862724363803864e-02 2.120079845190048218e-02 2.568938210606575012e-02 7.206944748759269714e-03 3.283743187785148621e-02 3.471041843295097351e-02 1.245483197271823883e-02 3.550938144326210022e-02 4.026818275451660156e-02 1.933622360229492188e-02 3.810962289571762085e-02 4.294732213020324707e-02 5.047388374805450439e-02 3.867492079734802246e-02 4.996452480554580688e-02 4.931295663118362427e-02 2.681243047118186951e-02 2.025856077671051025e-02 4.825109615921974182e-03 4.227771982550621033e-02 8.966937894001603127e-04 1.252758409827947617e-02 1.645667105913162231e-02 4.332545213401317596e-03 8.481058292090892792e-03 2.043680474162101746e-02
9.212782233953475952e-02 1.112105622887611389e-01 1.914902590215206146e-02 2.376202493906021118e-02 3.791942074894905090e-02 1.108477264642715454e-01 5.456795692443847656e-01 1.137304492294788361e-02 8.004210889339447021e-03 1.033506472595036030e-03 9.454439580440521240e-02 4.052340611815452576e-02 9.053575247526168823e-02 1.515771728008985519e-02 2.648232690989971161e-02 7.634437177330255508e-03 7.160830311477184296e-03 3.579732775688171387e-02 1.761114597320556641e-02 3.857129439711570740e-02 3.028263896703720093e-02 3.225729241967201233e-02 3.484755987301468849e-03 1.277180574834346771e-02 4.011321067810058594e-02 3.476965427398681641e-02 4.654894582927227020e-03 4.391237162053585052e-03 4.713263735175132751e-02 9.084928780794143677e-03 2.903895452618598938e-02 1.805121265351772308e-02 2.646750956773757935e-02 1.010672887787222862e-03 3.576353192329406738e-02 2.243528887629508972e-02 4.873520135879516602e-02 4.701495170593261719e-03 3.833790868520736694e-02 1.949320547282695770e-02 7.325297221541404724e-03 1.167540904134511948e-02 8.882705122232437134e-03 2.618047222495079041e-02 8.811440318822860718e-03 4.048944264650344849e-02 1.070125699043273926e-01 8.250727504491806030e-02 1.826909370720386505e-02 5.950728897005319595e-03 1.008934248238801956e-02 4.915520921349525452e-02 2.206351421773433685e-02 2.486373111605644226e-02 3.094333782792091370e-02 2.679361402988433838e-02 1.401656772941350937e-02 3.792330995202064514e-02 9.390912950038909912e-03 3.389581106603145599e-03 2.140400465577840805e-03 1.660744659602642059e-02 3.330495581030845642e-02 1.715038716793060303e-02 5.658163875341415405e-02 7.142731547355651855e-02 2.351198345422744751e-02 2.429423108696937561e-02 3.579175472259521484e-02 3.645885735750198364e-02 4.520318936556577682e-03 3.848233819007873535e-02 1.592341251671314240e-02 1.522090192884206772e-02 1.395073346793651581e-02 8.616975508630275726e-03 2.485703444108366966e-03 8.189906366169452667e-03 4.410512000322341919e-02 2.335495315492153168e-03 3.048689477145671844e-02 4.194245859980583191e-02 1.248858217149972916e-02 1.266897842288017273e-02 2.883100882172584534e-02 3.150979802012443542e-02 8.095238357782363892e-03 3.612955659627914429e-02 1.864218525588512421e-02 3.667071089148521423e-02 4.458195343613624573e-02 9.404635988175868988e-03 6.041690334677696228e-02 1.677764346823096275e-03 2.935295738279819489e-02 3.717678040266036987e-02 1.490205712616443634e-02 2.262308262288570404e-02 1.452009007334709167e-02 4.416079446673393250e-02 3.790614008903503418e-02 4.562257602810859680e-02 4.217937216162681580e-02 3.810510411858558655e-02 3.888585045933723450e-02 4.968470335006713867e-02 2.453139238059520721e-02 2.225506119430065155e-02 1.629075407981872559e-02 4.207829385995864868e-02 6.119032856076955795e-03 1.461319439113140106e-02 1.197963580489158630e-02 1.036252477206289768e-03 5.225827917456626892e-03 1.171122398227453232e-02
6.336727179586887360e-03 9.557480923831462860e-03 1.157526373863220215e-01 3.327603265643119812e-02 2.381415292620658875e-02 4.859322216361761093e-03 1.137304492294788361e-02 5.214411616325378418e-01 1.037256512790918350e-02 2.947279484942555428e-03 1.580126956105232239e-02 9.185410104691982269e-03 2.632558159530162811e-02 6.003214512020349503e-03 8.886346966028213501e-02 5.352537706494331360e-02 5.569782853126525879e-02 8.223040960729122162e-03 1.468214578926563263e-02 3.176176548004150391e-02 3.870646283030509949e-02 4.430188983678817749e-02 3.938757255673408508e-02 4.611093178391456604e-02 4.472969099879264832e-02 1.194043201394379139e-03 8.272903971374034882e-03 4.024913068860769272e-03 3.166423365473747253e-02 9.092658758163452148e-03 1.372661814093589783e-02 1.137446518987417221e-02 2.383733913302421570e-02 2.336401306092739105e-02 6.041480693966150284e-03 2.026562578976154327e-02 5.948887672275304794e-03 1.019158959388732910e-02 2.279084548354148865e-02 3.830246999859809875e-02 4.741721227765083313e-02 3.164110705256462097e-02 3.208613488823175430e-03 7.657834887504577637e-02 3.079005330801010132e-02 3.661623224616050720e-02 6.310701835900545120e-03 1.756956614553928375e-02 2.833619341254234314e-02 3.656643256545066833e-02 4.331605508923530579e-02 4.363137483596801758e-02 1.321068033576011658e-02 2.098788134753704071e-02 3.882010281085968018e-02 1.036307122558355331e-02 3.332003206014633179e-02 1.210762187838554382e-02 3.662263602018356323e-02 2.841083332896232605e-02 6.705055013298988342e-03 4.422897845506668091e-02 1.871763542294502258e-02 1.808501780033111572e-02 5.772123113274574280e-03 9.393736720085144043e-03 2.004374749958515167e-02 1.416391227394342422e-02 2.805206924676895142e-02 3.351153060793876648e-02 6.206558551639318466e-03 3.152165189385414124e-02 2.213397622108459473e-02 1.407598983496427536e-02 3.739074990153312683e-02 5.198767408728599548e-02 4.436985403299331665e-02 4.146244749426841736e-02 6.247796583920717239e-03 2.279095351696014404e-02 1.313943415880203247e-01 1.111777648329734802e-01 2.693180926144123077e-03 4.451555199921131134e-03 2.898223698139190674e-02 2.646221034228801727e-02 5.884580686688423157e-02 9.389548748731613159e-02 1.603453792631626129e-02 1.348917651921510696e-02 4.227214492857456207e-03 1.253563538193702698e-02 8.242089301347732544e-03 3.552048280835151672e-02 2.731811068952083588e-02 3.366943448781967163e-02 1.773159578442573547e-02 3.754344210028648376e-02 1.553153526037931442e-02 3.987073153257369995e-02 2.878165431320667267e-02 1.486640051007270813e-02 3.844634164124727249e-03 3.564287722110748291e-02 2.284122817218303680e-02 1.887584291398525238e-02 1.170820463448762894e-02 4.728835192508995533e-04 3.060696087777614594e-02 1.613946259021759033e-02 5.500784143805503845e-02 2.372789382934570312e-02 2.895977348089218140e-02 1.118111796677112579e-02 6.213094573467969894e-03 2.552447095513343811e-02
5.309681291691958904e-04 1.895910128951072693e-02 5.887350440025329590e-02 7.071646396070718765e-03 7.881878875195980072e-03 4.360282048583030701e-02 8.004210889339447021e-03 1.037256512790918350e-02 4.923739433288574219e-01 9.539517574012279510e-03 1.286603976041078568e-02 1.037711929529905319e-02 1.767555950209498405e-03 4.629204049706459045e-02 4.102095589041709900e-02 5.103165283799171448e-02 5.304905027151107788e-02 4.306931793689727783e-02 4.540120810270309448e-02 4.244609177112579346e-02 2.484976779669523239e-03 2.044546976685523987e-02 9.364137426018714905e-03 3.542208671569824219e-02 7.917113602161407471e-03 3.021000651642680168e-03 9.410706348717212677e-03 2.330542914569377899e-02 2.241424843668937683e-02 3.347314894199371338e-02 3.466201201081275940e-02 4.194489121437072754e-02 6.737066060304641724e-02 3.629011660814285278e-02 3.581494837999343872e-02 3.681605309247970581e-02 3.742697834968566895e-02 5.177863640710711479e-04 2.900128625333309174e-02 1.852110587060451508e-02 1.292374543845653534e-02 8.574951440095901489e-02 1.241351570934057236e-02 7.823990657925605774e-03 1.229848340153694153e-02 2.704910188913345337e-02 4.475759714841842651e-02 6.929457187652587891e-03 8.392971009016036987e-02 4.966380074620246887e-02 2.482555247843265533e-02 1.124995201826095581e-02 5.963838193565607071e-03 2.207454759627580643e-03 4.645490553230047226e-03 9.085563011467456818e-03 3.442621231079101562e-02 7.272650836966931820e-04 1.952733844518661499e-02 2.210681326687335968e-03 8.322241902351379395e-02 4.168612882494926453e-02 4.673501476645469666e-02 6.100197881460189819e-02 3.308270126581192017e-02 4.269948229193687439e-02 4.458348080515861511e-02 3.511192649602890015e-02 1.448252703994512558e-03 4.477233067154884338e-02 8.283499628305435181e-04 1.290281862020492554e-02 3.112750127911567688e-02 1.784245856106281281e-02 1.160096004605293274e-02 3.130984306335449219e-02 5.378631874918937683e-02 7.766810711473226547e-03 1.081062406301498413e-01 1.724709384143352509e-02 1.211722381412982941e-02 2.204747870564460754e-02 1.686717197299003601e-02 7.127924263477325439e-02 5.701251327991485596e-03 3.326052799820899963e-02 4.850573837757110596e-02 3.030938282608985901e-02 6.418070290237665176e-03 3.346875309944152832e-02 6.861572037450969219e-04 2.664229273796081543e-02 3.329501673579216003e-02 4.605499096214771271e-03 1.822203397750854492e-02 4.477174021303653717e-03 1.741666346788406372e-02 3.761702403426170349e-02 6.068179756402969360e-02 3.292994946241378784e-02 3.276897966861724854e-02 1.107295695692300797e-02 3.542665019631385803e-02 2.126639336347579956e-02 4.958130046725273132e-02 3.657234832644462585e-02 5.363581329584121704e-02 5.912617594003677368e-02 2.966716885566711426e-02 1.843741163611412048e-02 1.661955565214157104e-02 1.885135471820831299e-02 3.124139644205570221e-02 1.836950331926345825e-02 3.887584805488586426e-02 4.597825929522514343e-02
1.526786480098962784e-02 2.319310791790485382e-02 3.328251838684082031e-02 4.425010457634925842e-02 5.232888832688331604e-02 9.371897205710411072e-03 1.033506472595036030e-03 2.947279484942555428e-03 9.539517574012279510e-03 5.077440142631530762e-01 9.448582306504249573e-03 3.221529722213745117e-02 1.918353512883186340e-02 5.460685491561889648e-02 2.218576148152351379e-02 4.735850915312767029e-02 4.417761415243148804e-02 4.220655187964439392e-02 1.260685920715332031e-01 1.488672336563467979e-03 2.243905887007713318e-02 4.778185393661260605e-03 4.103917628526687622e-02 2.577079832553863525e-02 5.027944967150688171e-02 5.011956766247749329e-02 1.491341367363929749e-02 4.007193446159362793e-02 4.574910551309585571e-02 9.947943501174449921e-03 3.945472836494445801e-02 5.616764351725578308e-02 3.651090338826179504e-02 2.371921669691801071e-03 7.281077560037374496e-03 5.515961721539497375e-02 2.826295234262943268e-02 1.424095872789621353e-02 1.403194013983011246e-02 2.257398329675197601e-02 5.377232097089290619e-03 3.007112629711627960e-02 5.443535745143890381e-02 1.319897733628749847e-02 2.902402915060520172e-02 1.138434931635856628e-01 2.094424795359373093e-03 2.337884157896041870e-02 4.173477366566658020e-02 1.082278788089752197e-01 2.580485306680202484e-03 2.801631018519401550e-02 8.519100956618785858e-03 3.439722582697868347e-02 4.479772411286830902e-03 3.495954908430576324e-03 4.519222769886255264e-03 1.337198074907064438e-02 1.380143780261278152e-02 4.830231517553329468e-02 4.227082058787345886e-02 5.336483195424079895e-02 4.874163120985031128e-02 9.166866540908813477e-03 4.035397619009017944e-02 4.280724376440048218e-02 3.326128795742988586e-02 3.749530389904975891e-02 3.117716871201992035e-02 3.790579363703727722e-02 1.701802387833595276e-02 2.349398098886013031e-03 1.234736014157533646e-02 1.378006860613822937e-02 1.818626374006271362e-02 1.264459660887951031e-05 3.497641906142234802e-02 6.550902128219604492e-02 3.182884678244590759e-02 1.287667751312255859e-01 1.157801249064505100e-03 1.438990887254476547e-02 4.582374240271747112e-04 2.799699455499649048e-02 3.422192111611366272e-02 6.968224048614501953e-02 2.614570967853069305e-02 1.827797852456569672e-02 4.963349178433418274e-02 4.332522675395011902e-02 1.689643133431673050e-03 2.627895958721637726e-02 4.069199413061141968e-02 2.693011239171028137e-02 4.458371177315711975e-02 1.558571588248014450e-02 6.865891627967357635e-03 9.670181199908256531e-03 1.866578310728073120e-02 4.602100327610969543e-02 1.049619447439908981e-02 1.140861026942729950e-02 2.510182745754718781e-02 2.623903937637805939e-02 3.463601320981979370e-02 3.287211805582046509e-02 4.633377492427825928e-02 4.129180684685707092e-02 2.757991850376129150e-02 4.509280435740947723e-03 1.057656109333038330e-02 9.757333435118198395e-03 6.475006230175495148e-03 3.832723572850227356e-02 4.458256065845489502e-03 1.308223791420459747e-02
9.970019757747650146e-02 8.900760114192962646e-02 2.073755860328674316e-02 2.131314203143119812e-02 3.262928500771522522e-02 1.060738638043403625e-01 9.454439580440521240e-02 1.580126956105232239e-02 1.286603976041078568e-02 9.448582306504249573e-03 5.447573065757751465e-01 1.333938632160425186e-02 9.354154020547866821e-02 1.133354008197784424e-02 3.748257458209991455e-02 2.831708267331123352e-02 3.281909227371215820e-02 3.909396752715110779e-02 7.317850831896066666e-03 4.123288765549659729e-02 4.076144099235534668e-02 4.856890067458152771e-02 8.580502122640609741e-03 5.657796747982501984e-03 4.013837501406669617e-02 4.435452446341514587e-02 6.140556186437606812e-03 1.374344108626246452e-03 6.196941807866096497e-02 2.769052982330322266e-03 3.420822694897651672e-02 4.429139196872711182e-03 3.231696039438247681e-02 5.012114066630601883e-03 2.755596116185188293e-02 8.229435421526432037e-03 3.460418432950973511e-02 1.520339492708444595e-02 3.863578289747238159e-02 2.803423069417476654e-02 2.032033167779445648e-02 1.825973019003868103e-02 3.405507653951644897e-03 2.395009808242321014e-02 6.448448169976472855e-03 3.346444293856620789e-02 9.886624664068222046e-02 6.854087859392166138e-02 2.139467187225818634e-02 2.203725464642047882e-02 7.330591790378093719e-03 4.397420957684516907e-02 1.843045465648174286e-02 1.302049867808818817e-02 2.718923613429069519e-02 3.874411433935165405e-02 1.047017984092235565e-02 2.140919305384159088e-02 9.159157052636146545e-03 4.717750998679548502e-04 1.357750315219163895e-02 1.190706435590982437e-02 3.920694068074226379e-02 2.437831088900566101e-02 6.676004827022552490e-02 6.401439011096954346e-02 2.964314259588718414e-02 3.320772945880889893e-02 3.448116034269332886e-02 2.172925323247909546e-02 7.230193819850683212e-03 3.572752699255943298e-02 6.047590170055627823e-03 5.067618098109960556e-03 3.476509125903248787e-03 4.757704213261604309e-03 3.921411931514739990e-03 6.329445168375968933e-03 3.376355022192001343e-02 1.048595365136861801e-02 2.718525007367134094e-02 4.386526718735694885e-02 8.335721213370561600e-04 3.907360509037971497e-02 2.994540892541408539e-02 1.671802997589111328e-02 2.596398256719112396e-02 2.957898750901222229e-02 3.296442329883575439e-02 2.774825319647789001e-02 4.683586955070495605e-02 2.412513270974159241e-02 4.517100378870964050e-02 5.208869464695453644e-03 3.931723162531852722e-02 2.556334622204303741e-02 4.646653309464454651e-03 1.255959365516901016e-02 2.264905488118529320e-03 4.440442472696304321e-02 1.551235746592283249e-02 2.802365086972713470e-02 3.523940965533256531e-02 3.085830435156822205e-02 4.702350497245788574e-02 4.547952115535736084e-02 5.337737966328859329e-03 2.880137227475643158e-02 4.442809522151947021e-02 3.786503151059150696e-02 3.066146560013294220e-02 3.061930648982524872e-02 2.412002766504883766e-03 7.223444525152444839e-03 1.390823745168745518e-03 9.562114253640174866e-03
4.066105186939239502e-02 3.522243723273277283e-02 4.495486244559288025e-02 2.768883481621742249e-02 1.243872847408056259e-02 3.467728197574615479e-02 4.052340611815452576e-02 9.185410104691982269e-03 1.037711929529905319e-02 3.221529722213745117e-02 1.333938632160425186e-02 5.098427534103393555e-01 1.402676012367010117e-02 1.354515403509140015e-01 1.170664187520742416e-02 2.049501985311508179e-02 2.826316282153129578e-02 7.149749994277954102e-02 6.359850615262985229e-02 3.340173512697219849e-02 4.104948416352272034e-02 2.169491536915302277e-02 4.007073119282722473e-02 8.572943508625030518e-03 4.108096659183502197e-02 3.112265840172767639e-02 3.225721418857574463e-02 7.619899511337280273e-02 8.563042501918971539e-04 8.169727772474288940e-02 3.166593145579099655e-03 1.280412636697292328e-02 3.888152912259101868e-02 2.231574244797229767e-02 1.147910393774509430e-02 1.442803477402776480e-04 9.296872653067111969e-03 5.690621212124824524e-02 3.565945103764533997e-02 2.714056172408163548e-04 8.404940366744995117e-03 2.366150729358196259e-02 1.528357900679111481e-02 1.780290715396404266e-02 8.402752690017223358e-03 3.497161343693733215e-02 4.890655633062124252e-03 1.853529177606105804e-02 3.731543896719813347e-03 2.460860274732112885e-02 1.550299394875764847e-02 4.091777279973030090e-02 3.829125082120299339e-03 9.769828058779239655e-03 3.412836790084838867e-02 5.921739619225263596e-03 2.319428138434886932e-02 3.879851102828979492e-02 1.966617628931999207e-02 1.938146655447781086e-03 8.857384324073791504e-03 4.280447959899902344e-02 4.309097304940223694e-02 6.475029047578573227e-03 6.067977752536535263e-03 1.127527561038732529e-02 3.434455767273902893e-02 3.545115515589714050e-02 5.312922596931457520e-02 3.107007592916488647e-02 3.778732195496559143e-02 8.737952448427677155e-03 1.355422567576169968e-02 4.423281550407409668e-02 1.137711200863122940e-02 1.222303323447704315e-02 2.575395163148641586e-03 1.129527110606431961e-02 6.333607248961925507e-03 4.929075017571449280e-02 3.652849048376083374e-02 2.355546317994594574e-02 2.832646667957305908e-02 1.477244496345520020e-02 4.949935153126716614e-02 1.863492466509342194e-02 1.834030821919441223e-02 9.081246331334114075e-03 7.972504198551177979e-02 7.111004739999771118e-02 3.428111597895622253e-02 4.982108622789382935e-02 1.215237099677324295e-02 4.418057948350906372e-02 5.057371221482753754e-03 1.251140329986810684e-02 2.199199981987476349e-02 1.401889836415648460e-03 6.562361959367990494e-03 2.269676886498928070e-02 2.602987922728061676e-02 4.079598933458328247e-02 4.130592104047536850e-03 1.547303143888711929e-02 4.977761581540107727e-02 1.981915906071662903e-02 2.899718098342418671e-02 1.135447155684232712e-02 4.040663316845893860e-02 4.490833729505538940e-02 1.807792298495769501e-02 3.431538119912147522e-02 4.075559228658676147e-02 8.681878447532653809e-03 4.433554038405418396e-02 4.893701896071434021e-02
8.365210890769958496e-02 1.057341396808624268e-01 4.687340557575225830e-02 1.980651728808879852e-02 3.277571499347686768e-02 7.866127789020538330e-02 9.053575247526168823e-02 2.632558159530162811e-02 1.767555950209498405e-03 1.918353512883186340e-02 9.354154020547866821e-02 1.402676012367010117e-02 5.436296463012695312e-01 4.884829744696617126e-03 2.797776274383068085e-02 2.982416190207004547e-02 2.824478596448898315e-02 1.659348234534263611e-02 1.440840493887662888e-02 3.039567545056343079e-02 3.572557121515274048e-02 4.766016826033592224e-02 4.253007471561431885e-03 1.378878671675920486e-02 4.457794874906539917e-02 4.457225650548934937e-02 3.355795051902532578e-03 2.451698994264006615e-03 6.542077660560607910e-02 7.516259327530860901e-03 6.951187551021575928e-02 2.111962065100669861e-02 2.855672873556613922e-02 2.631132677197456360e-02 2.505057491362094879e-02 1.162547059357166290e-02 2.721171267330646515e-02 1.281803939491510391e-03 2.806595526635646820e-02 3.473221883177757263e-02 1.160859502851963043e-02 2.538064308464527130e-02 9.210440912283957005e-04 3.770154342055320740e-02 1.106749475002288818e-02 4.082190245389938354e-02 8.102136850357055664e-02 7.009385526180267334e-02 8.373137563467025757e-03 3.892620652914047241e-02 1.479991711676120758e-02 5.156473815441131592e-02 2.466357313096523285e-02 2.022834122180938721e-02 1.854036003351211548e-02 2.457258105278015137e-02 1.116444449871778488e-02 1.779062673449516296e-02 7.194225210696458817e-03 7.397345267236232758e-03 9.674527682363986969e-03 2.654938958585262299e-03 2.348533272743225098e-02 2.490547858178615570e-02 4.718557372689247131e-02 8.591152727603912354e-02 1.676052063703536987e-02 4.318547248840332031e-02 4.049686715006828308e-02 2.787479665130376816e-03 1.748626492917537689e-02 4.855858907103538513e-02 3.180494997650384903e-03 9.062577970325946808e-03 1.643862947821617126e-02 1.850379817187786102e-02 1.097690407186746597e-02 1.723662950098514557e-02 4.566663876175880432e-02 1.484352443367242813e-02 4.581350088119506836e-02 4.824488610029220581e-02 2.358977124094963074e-02 3.175299242138862610e-02 3.790719434618949890e-02 2.780546806752681732e-02 2.175633097067475319e-03 2.814476191997528076e-02 4.887430928647518158e-03 2.987905219197273254e-02 3.618999570608139038e-02 5.650235339999198914e-03 4.839461296796798706e-02 1.780451275408267975e-02 2.489996887743473053e-02 3.805698826909065247e-02 1.854821294546127319e-02 2.351455390453338623e-02 9.112630970776081085e-03 4.529244080185890198e-02 2.872617170214653015e-02 2.733246982097625732e-02 3.657089918851852417e-02 4.116616770625114441e-02 4.805118590593338013e-02 4.148823767900466919e-02 1.871352456510066986e-02 4.406910017132759094e-02 2.860324643552303314e-02 4.391738399863243103e-02 1.310428231954574585e-02 2.315009757876396179e-02 1.289993617683649063e-02 2.159038791432976723e-03 5.470294505357742310e-03 3.192128497175872326e-05
