5.694674849510192871e-01 1.520655304193496704e-01 1.317320764064788818e-02 2.798168547451496124e-02 4.021642729640007019e-03 1.347897052764892578e-01 7.388912141323089600e-02 4.056857898831367493e-02 2.120204828679561615e-02 7.127848453819751740e-03 1.103812679648399353e-01 2.707199752330780029e-02 7.646478712558746338e-02 2.218033559620380402e-02 2.691080607473850250e-02 6.092430558055639267e-03 2.308982424437999725e-02 3.674716129899024963e-02 3.198813274502754211e-02 6.069132126867771149e-03 9.918403811752796173e-04 3.622877597808837891e-02 7.003583479672670364e-03 6.609974429011344910e-03 1.657979749143123627e-02 2.900750190019607544e-02 2.741131931543350220e-02 3.322607662994414568e-04 1.861656643450260162e-02 2.415802702307701111e-02 1.936206035315990448e-02 9.239362552762031555e-03 4.201041534543037415e-02 1.688778400421142578e-02 4.384770989418029785e-02 8.643031120300292969e-03 1.857163198292255402e-02 1.338370516896247864e-02 7.430827710777521133e-03 1.178241986781358719e-02 2.837598882615566254e-02 1.660707965493202209e-02 8.991840295493602753e-03 3.698307648301124573e-02 3.789204359054565430e-02 4.716102406382560730e-02 9.410879015922546387e-02 4.591707512736320496e-02 3.782269731163978577e-02 2.819278836250305176e-02 4.761965572834014893e-02 8.682655170559883118e-03 1.001738943159580231e-02 9.629230014979839325e-03 1.925978437066078186e-02 1.625344040803611279e-03 8.458737283945083618e-03 4.568367078900337219e-02 1.757239736616611481e-02 6.785656791180372238e-03 6.769010331481695175e-03 2.580465050414204597e-03 2.145132236182689667e-02 3.035617433488368988e-02 1.050781644880771637e-02 1.072791870683431625e-02 5.271579604595899582e-03 6.505032069981098175e-03 1.463893800973892212e-02 8.012472651898860931e-03 3.613836690783500671e-02 6.265292904572561383e-05 4.118337109684944153e-02 5.555420648306608200e-03 3.616219013929367065e-02 1.253744959831237793e-02 4.907929804176092148e-03 2.197492681443691254e-02 1.409418135881423950e-02 1.729468069970607758e-02 2.397943288087844849e-02 4.423679038882255554e-02 8.105766959488391876e-03 2.845766488462686539e-03 3.089839965105056763e-02 4.549494013190269470e-02 2.177514694631099701e-02 2.304341644048690796e-02 4.453741014003753662e-03 1.562917418777942657e-02 3.839406371116638184e-02 3.734121099114418030e-03 1.411256380379199982e-02 7.184347603470087051e-03 4.412709549069404602e-02 4.376579448580741882e-02 2.569769695401191711e-02 4.335900023579597473e-02 1.734053716063499451e-03 2.292368188500404358e-02 1.525487005710601807e-02 4.898664075881242752e-03 2.345400862395763397e-02 4.431620240211486816e-02 8.113140240311622620e-03 3.245944902300834656e-02 2.750922366976737976e-02 3.032008931040763855e-02 2.270778454840183258e-02 4.378747940063476562e-02 3.585975989699363708e-02 3.575557097792625427e-02 2.589312847703695297e-03 3.106294758617877960e-02 2.710885927081108093e-02 2.725205942988395691e-02
1.520655304193496704e-01 5.690808296203613281e-01 2.386532956734299660e-03 1.629514433443546295e-02 1.477325800806283951e-02 1.339921206235885620e-01 1.092210188508033752e-01 3.872488811612129211e-02 1.808192208409309387e-02 2.537385188043117523e-02 8.953369408845901489e-02 3.300600126385688782e-02 8.614300191402435303e-02 5.398583784699440002e-02 2.394859120249748230e-02 1.348113920539617538e-02 1.465827506035566330e-02 3.015941008925437927e-02 4.517686739563941956e-02 3.092424711212515831e-03 1.438623439753428102e-04 3.537189215421676636e-02 2.745740488171577454e-02 2.120314165949821472e-02 1.035788189619779587e-02 1.797345280647277832e-02 1.581167802214622498e-02 1.129075326025485992e-02 8.606646209955215454e-03 2.696046605706214905e-02 1.355483848601579666e-02 4.373188596218824387e-03 3.961116448044776917e-02 1.044957805424928665e-02 3.867636620998382568e-02 6.747310049831867218e-03 1.150722987949848175e-02 1.431725453585386276e-02 2.924648672342300415e-02 3.497250750660896301e-02 2.432280033826828003e-02 9.948668070137500763e-03 2.167393220588564873e-03 2.611308358609676361e-02 2.298084273934364319e-02 3.613254753872752190e-03 9.576076269149780273e-02 6.144807487726211548e-02 1.311229169368743896e-02 2.397868223488330841e-02 1.465335302054882050e-02 2.931898646056652069e-02 1.173547934740781784e-03 2.197693288326263428e-02 3.029720857739448547e-03 7.355346810072660446e-03 2.968819625675678253e-02 2.265864424407482147e-02 1.941447332501411438e-02 5.139386747032403946e-03 1.409359090030193329e-02 1.733417622745037079e-02 3.113039955496788025e-02 2.278384193778038025e-02 9.621996432542800903e-03 5.095349624752998352e-03 9.352114284411072731e-04 1.104865130037069321e-02 9.688630700111389160e-03 1.407309435307979584e-02 9.156284853816032410e-03 1.695791818201541901e-02 9.230408817529678345e-03 7.060333155095577240e-03 1.841494068503379822e-02 1.222394494106993079e-04 2.247798815369606018e-02 4.972670692950487137e-03 3.514662012457847595e-02 1.226137764751911163e-02 2.230996824800968170e-02 3.512194752693176270e-02 2.674690820276737213e-02 1.468767505139112473e-02 1.489274017512798309e-02 2.424885332584381104e-02 2.882640622556209564e-02 1.339614298194646835e-02 9.553533978760242462e-03 1.938218250870704651e-02 2.242636680603027344e-02 1.698563108220696449e-03 2.698240801692008972e-02 1.432954706251621246e-02 2.429943159222602844e-02 3.770665079355239868e-02 1.187489461153745651e-02 3.166391700506210327e-02 1.041846070438623428e-02 2.333850599825382233e-02 9.693996980786323547e-03 1.732276566326618195e-02 9.089128114283084869e-03 2.614910155534744263e-02 2.521945163607597351e-02 3.541664406657218933e-02 4.731684923171997070e-02 4.461996257305145264e-02 2.920855395495891571e-02 4.884466901421546936e-02 3.565426450222730637e-03 4.697812348604202271e-02 5.703857168555259705e-03 7.653431966900825500e-03 1.535346964374184608e-03 1.772621460258960724e-02
1.317320764064788818e-02 2.386532956734299660e-03 5.284246206283569336e-01 3.240907564759254456e-02 2.519068308174610138e-02 6.224365904927253723e-02 2.997191622853279114e-02 1.419460326433181763e-01 7.617049850523471832e-03 3.174621984362602234e-02 3.773609548807144165e-02 2.644839137792587280e-02 2.842111513018608093e-02 9.918489493429660797e-03 2.144066616892814636e-02 2.745034918189048767e-02 1.644723862409591675e-02 1.701138727366924286e-02 1.587462797760963440e-02 2.688073366880416870e-02 1.193751581013202667e-02 3.155742213129997253e-02 1.721530035138130188e-02 2.740843594074249268e-02 2.360653504729270935e-02 1.949998736381530762e-02 8.013035170733928680e-03 5.126545578241348267e-02 1.291135605424642563e-02 6.103156134486198425e-03 3.125036135315895081e-02 3.919494152069091797e-02 1.685624197125434875e-02 2.578669786453247070e-02 2.296195831149816513e-03 2.033705450594425201e-02 3.997354954481124878e-02 2.383363060653209686e-02 3.392270952463150024e-02 3.645360469818115234e-02 4.807219374924898148e-04 4.213070031255483627e-03 1.063601952046155930e-02 6.855566799640655518e-02 1.088072173297405243e-02 9.113822132349014282e-03 3.951426595449447632e-02 1.581181399524211884e-02 1.767112687230110168e-02 4.332285746932029724e-02 4.912399128079414368e-02 6.696189939975738525e-02 2.784131793305277824e-04 2.131235972046852112e-02 4.468065686523914337e-03 9.528744965791702271e-03 1.861171796917915344e-03 1.418105792254209518e-03 2.156271599233150482e-03 2.635531127452850342e-02 2.058837562799453735e-03 1.843342371284961700e-02 1.460493169724941254e-02 8.495272486470639706e-04 3.373984247446060181e-02 3.437994420528411865e-02 1.577817834913730621e-02 5.011485889554023743e-03 1.872227527201175690e-02 2.757498761638998985e-03 1.887461915612220764e-02 8.846491575241088867e-03 1.661406829953193665e-02 1.268510986119508743e-02 2.040708065032958984e-02 4.126805439591407776e-02 7.630147505551576614e-03 1.749882102012634277e-02 1.817046292126178741e-02 1.836954057216644287e-02 1.386446207761764526e-01 3.639141097664833069e-02 1.348811201751232147e-02 8.447907865047454834e-03 2.188972011208534241e-02 2.683631703257560730e-02 3.996713086962699890e-02 4.383223131299018860e-02 1.849609240889549255e-02 8.253382518887519836e-03 1.212977454997599125e-03 1.762915402650833130e-02 9.417594992555677891e-04 1.305134966969490051e-02 1.794480159878730774e-02 5.916445050388574600e-03 3.023817390203475952e-02 5.759644880890846252e-02 5.324456095695495605e-02 3.849042579531669617e-02 2.255585230886936188e-02 1.151295192539691925e-02 1.532151177525520325e-02 2.130758948624134064e-02 7.154242135584354401e-03 1.239628903567790985e-02 2.102319523692131042e-02 9.253970347344875336e-04 2.561335824429988861e-02 1.058517862111330032e-02 1.636527851223945618e-02 4.775159060955047607e-02 8.272256236523389816e-04 2.415283955633640289e-02 1.555883791297674179e-02 4.206600040197372437e-02
2.798168547451496124e-02 1.629514433443546295e-02 3.240907564759254456e-02 5.667517185211181641e-01 1.438112407922744751e-01 4.217652138322591782e-03 4.336175043135881424e-03 9.294580086134374142e-04 2.121409401297569275e-02 2.951517887413501740e-02 1.343182940036058426e-02 1.247017458081245422e-02 6.817973917350172997e-04 1.773319765925407410e-02 1.915301755070686340e-02 4.234261438250541687e-02 2.747515402734279633e-02 5.062493681907653809e-02 2.227373421192169189e-02 3.642458468675613403e-02 6.067322101444005966e-03 3.715195460245013237e-03 7.142374757677316666e-03 3.907621651887893677e-02 3.459356725215911865e-02 1.627699239179491997e-03 8.069097995758056641e-03 2.150987461209297180e-02 3.518665954470634460e-02 5.823640618473291397e-03 1.495304144918918610e-02 4.723568633198738098e-02 1.643375493586063385e-02 4.640005156397819519e-02 1.618639566004276276e-02 4.541647061705589294e-02 5.315880849957466125e-02 3.644409356638789177e-03 4.229687899351119995e-02 4.419988393783569336e-02 4.615883342921733856e-03 6.354487966746091843e-03 4.474378656595945358e-03 5.016053095459938049e-03 9.903588332235813141e-03 4.858496831730008125e-04 2.243030816316604614e-02 2.774700149893760681e-02 2.790350839495658875e-02 1.847863383591175079e-02 2.095075137913227081e-02 2.154589816927909851e-02 3.730733646079897881e-03 4.731750581413507462e-03 2.484242198988795280e-03 2.505441941320896149e-02 2.985437400639057159e-02 2.724152430891990662e-02 1.634046994149684906e-02 5.009731743484735489e-03 1.193432416766881943e-02 5.155124701559543610e-03 2.322262339293956757e-02 1.816348545253276825e-02 3.177547361701726913e-03 7.003257051110267639e-03 2.762159332633018494e-02 1.234998181462287903e-02 3.846665844321250916e-02 3.341364488005638123e-02 5.070577561855316162e-02 2.347718179225921631e-02 1.294019222259521484e-01 3.869854845106601715e-03 1.016592755913734436e-01 3.630524128675460815e-02 3.108464740216732025e-02 2.380119636654853821e-02 2.002287283539772034e-02 4.372186493128538132e-03 2.719254232943058014e-02 1.376357022672891617e-02 8.757880330085754395e-02 3.000274859368801117e-02 4.008216038346290588e-02 3.932104259729385376e-02 6.678305100649595261e-03 3.686334937810897827e-02 2.923696115612983704e-02 3.965458599850535393e-04 4.785997048020362854e-02 1.890200562775135040e-02 4.409151524305343628e-02 3.285882994532585144e-02 3.308316692709922791e-02 2.235960774123668671e-02 4.106358438730239868e-02 2.633822336792945862e-02 4.287645593285560608e-02 3.099931217730045319e-02 3.621880710124969482e-02 2.773101255297660828e-02 4.587313532829284668e-02 2.660279348492622375e-02 1.309617515653371811e-02 1.599910296499729156e-02 1.948081143200397491e-02 4.836610518395900726e-03 5.150705575942993164e-03 5.565559491515159607e-03 3.659308701753616333e-02 1.885221712291240692e-02 2.240703068673610687e-02 1.822467334568500519e-02 3.468861686997115612e-04 5.659489892423152924e-03
4.021642729640007019e-03 1.477325800806283951e-02 2.519068308174610138e-02 1.438112407922744751e-01 5.710887312889099121e-01 1.889088749885559082e-02 6.708582397550344467e-03 9.196381142828613520e-05 2.324609458446502686e-02 2.637971751391887665e-02 2.337054349482059479e-03 6.627266760915517807e-03 1.266093691810965538e-03 1.616722159087657928e-02 2.162493020296096802e-02 4.536131024360656738e-02 3.682386502623558044e-02 5.068728700280189514e-02 4.273870214819908142e-02 3.662984073162078857e-02 2.103574341163039207e-03 8.953449316322803497e-03 2.442429400980472565e-02 4.822923615574836731e-02 2.089720405638217926e-02 1.693413592875003815e-02 6.126125808805227280e-04 1.372975017875432968e-02 2.101485431194305420e-02 1.530971471220254898e-02 2.838677726686000824e-03 3.435489162802696228e-02 1.431167498230934143e-02 2.036486566066741943e-02 3.533696988597512245e-03 3.838918358087539673e-02 3.062568791210651398e-02 1.447721756994724274e-02 4.946123063564300537e-02 4.965122044086456299e-02 1.306116115301847458e-02 8.304089307785034180e-03 1.592385210096836090e-02 3.612301126122474670e-02 1.394579000771045685e-02 3.841607598587870598e-03 5.970716010779142380e-03 1.613323017954826355e-02 2.532302029430866241e-02 5.555985029786825180e-03 7.457848172634840012e-03 4.373976495116949081e-03 2.823932282626628876e-02 2.758225426077842712e-02 4.663364496082067490e-03 7.148209493607282639e-03 9.955448098480701447e-03 3.733384236693382263e-02 7.226964808069169521e-04 3.498481586575508118e-03 8.058822713792324066e-03 9.640534408390522003e-03 1.247060205787420273e-02 2.538573695346713066e-03 1.733507029712200165e-02 9.632658213376998901e-03 2.829716727137565613e-02 3.779628314077854156e-03 3.611684544011950493e-03 4.100589454174041748e-02 2.057251706719398499e-02 3.281392157077789307e-02 1.034817099571228027e-01 1.164119876921176910e-02 1.016200631856918335e-01 4.154784604907035828e-02 7.121511269360780716e-03 4.234445746988058090e-03 1.110217627137899399e-02 4.416616261005401611e-02 1.904590986669063568e-02 1.243315264582633972e-02 9.038397669792175293e-02 4.727905988693237305e-02 2.935639582574367523e-02 1.187428645789623260e-02 1.765434979461133480e-03 3.485036268830299377e-02 1.400470733642578125e-02 1.711605116724967957e-02 3.511143103241920471e-02 1.845313608646392822e-02 2.864767238497734070e-02 3.079836815595626831e-02 5.296047031879425049e-02 5.261030420660972595e-02 3.679451718926429749e-02 2.308547310531139374e-02 4.533747956156730652e-02 3.653717786073684692e-02 3.367397189140319824e-02 2.974280901253223419e-02 3.749905526638031006e-02 1.616674661636352539e-02 3.018429968506097794e-03 3.666638955473899841e-02 3.693037107586860657e-02 1.345230825245380402e-02 4.197310190647840500e-03 2.505596727132797241e-03 3.754673153162002563e-02 1.456425816286355257e-04 1.852789707481861115e-02 1.597784832119941711e-02 1.790496171452105045e-03 3.934038802981376648e-02
1.347897052764892578e-01 1.339921206235885620e-01 6.224365904927253723e-02 4.217652138322591782e-03 1.889088749885559082e-02 5.621595382690429688e-01 1.549555957317352295e-01 8.443207480013370514e-03 7.584794075228273869e-04 3.556115180253982544e-02 7.544326782226562500e-02 4.583080857992172241e-02 3.814449906349182129e-02 6.105241551995277405e-02 1.256013289093971252e-02 1.597860269248485565e-02 2.111377567052841187e-02 2.992805093526840210e-02 2.513146400451660156e-02 2.351242117583751678e-02 1.651214808225631714e-02 3.406935930252075195e-02 6.986239925026893616e-03 1.657869853079319000e-02 1.778181456029415131e-02 2.962847985327243805e-02 2.660636045038700104e-02 4.382198210805654526e-03 3.232142701745033264e-02 2.300248295068740845e-02 3.938250243663787842e-02 3.569110762327909470e-03 1.115294918417930603e-02 1.628464646637439728e-02 1.217119675129652023e-02 3.085453435778617859e-02 1.973143592476844788e-02 5.137941800057888031e-03 2.857343293726444244e-02 2.426633238792419434e-02 4.519351944327354431e-02 4.362899437546730042e-02 2.634142711758613586e-02 3.335819020867347717e-02 4.126095771789550781e-02 1.271485164761543274e-02 1.287602484226226807e-01 5.616825446486473083e-02 8.524074219167232513e-03 2.985605038702487946e-03 1.824364811182022095e-02 5.093853455036878586e-03 2.805814892053604126e-02 2.404840476810932159e-02 4.420480690896511078e-03 5.230951122939586639e-03 4.995238035917282104e-03 1.069002319127321243e-02 3.933715820312500000e-02 7.717219181358814240e-03 3.288764879107475281e-02 2.710104547441005707e-02 2.491770777851343155e-03 1.357829105108976364e-02 4.358768835663795471e-02 2.209191583096981049e-02 1.299901399761438370e-02 1.391995418816804886e-02 2.108851075172424316e-02 3.812841372564435005e-03 2.405112981796264648e-02 2.208829158917069435e-03 2.545744646340608597e-03 2.361679682508111000e-03 1.640195772051811218e-02 5.229737143963575363e-03 2.486518397927284241e-02 1.666701771318912506e-02 1.047032047063112259e-02 1.210177876055240631e-02 1.243372913450002670e-02 3.516800701618194580e-02 5.974670406430959702e-03 3.868442773818969727e-02 1.862536184489727020e-02 7.130695041269063950e-03 5.294851213693618774e-02 3.121233172714710236e-02 1.085884682834148407e-02 7.802163064479827881e-02 2.417972544208168983e-03 4.462177865207195282e-03 1.747998222708702087e-02 3.186667338013648987e-02 3.245542198419570923e-02 2.623881958425045013e-02 2.181309275329113007e-03 3.406065702438354492e-02 3.712667524814605713e-02 4.616938903927803040e-02 3.367069363594055176e-02 1.877157390117645264e-02 1.633436605334281921e-02 3.416900336742401123e-02 1.613743975758552551e-02 2.567880414426326752e-02 2.415535040199756622e-02 1.409367751330137253e-02 1.375015545636415482e-02 3.460198640823364258e-02 1.059882342815399170e-02 3.657788410782814026e-02 9.645568206906318665e-03 4.098464176058769226e-02 2.267758175730705261e-02 3.844356164336204529e-02
7.388912141323089600e-02 1.092210188508033752e-01 2.997191622853279114e-02 4.336175043135881424e-03 6.708582397550344467e-03 1.549555957317352295e-01 5.715712904930114746e-01 2.386141754686832428e-02 1.944506168365478516e-02 3.836316522210836411e-03 2.691568806767463684e-02 3.704154863953590393e-02 3.236320614814758301e-02 6.974096596240997314e-02 2.394489943981170654e-02 7.395740132778882980e-03 2.097086794674396515e-02 3.339064307510852814e-03 3.483669459819793701e-02 2.494638785719871521e-02 1.231778971850872040e-02 1.719830371439456940e-02 2.264844998717308044e-02 9.194980375468730927e-03 1.827103830873966217e-02 1.384749822318553925e-02 1.062089460901916027e-03 1.565258763730525970e-02 3.123736381530761719e-02 1.040205080062150955e-02 1.361915655434131622e-02 1.591396890580654144e-02 3.575131297111511230e-02 3.919149457942694426e-04 2.665647491812705994e-02 1.893448270857334137e-02 4.376198630779981613e-03 1.171254646033048630e-02 2.845562808215618134e-02 2.911834232509136200e-02 3.366238996386528015e-02 4.028126224875450134e-02 1.219389587640762329e-02 3.975847736001014709e-03 1.498724613338708878e-02 3.419050946831703186e-02 1.312643736600875854e-01 1.028695479035377502e-01 1.283278036862611771e-02 3.615766472648829222e-04 2.270242758095264435e-02 1.401968672871589661e-02 4.012853279709815979e-02 2.864683978259563446e-02 3.131438046693801880e-02 4.013258032500743866e-03 1.269101351499557495e-02 7.222809363156557083e-03 2.263726852834224701e-02 2.395784296095371246e-02 1.796708814799785614e-02 5.048190802335739136e-02 3.713185712695121765e-02 3.472622856497764587e-02 2.378439344465732574e-02 6.946782115846872330e-03 2.316642738878726959e-02 8.634687401354312897e-03 8.126899600028991699e-03 1.630628481507301331e-02 1.879499410279095173e-03 6.951576564460992813e-03 1.032270677387714386e-02 1.172507274895906448e-02 4.779847338795661926e-03 2.497056685388088226e-02 2.970210090279579163e-02 2.439136244356632233e-02 3.274103254079818726e-02 1.005409006029367447e-02 2.807185426354408264e-02 2.354275062680244446e-02 1.646226644515991211e-02 3.311335295438766479e-02 2.206085063517093658e-02 7.948518730700016022e-03 3.799160197377204895e-02 1.329572498798370361e-02 7.304237689822912216e-03 4.082642123103141785e-02 2.373160049319267273e-02 4.087279667146503925e-04 5.364383384585380554e-02 1.466793939471244812e-03 1.306889113038778305e-02 3.406036272644996643e-02 6.815282162278890610e-03 4.079024121165275574e-02 3.710420429706573486e-02 3.208155557513237000e-02 9.541844949126243591e-03 1.586405374109745026e-02 2.610995434224605560e-03 3.450483828783035278e-02 2.971768751740455627e-02 3.853684663772583008e-02 2.240248396992683411e-02 4.131153598427772522e-02 1.446160487830638885e-02 3.570801019668579102e-02 1.217968529090285301e-03 4.085365682840347290e-02 1.813640072941780090e-02 1.831133104860782623e-02 9.977848269045352936e-03 4.017213732004165649e-02
4.056857898831367493e-02 3.872488811612129211e-02 1.419460326433181763e-01 9.294580086134374142e-04 9.196381142828613520e-05 8.443207480013370514e-03 2.386141754686832428e-02 5.459752082824707031e-01 1.088732760399580002e-02 5.293395835906267166e-03 3.713603690266609192e-02 7.117893081158399582e-03 9.494245052337646484e-03 3.353416547179222107e-02 7.590135931968688965e-02 3.170762211084365845e-02 3.364757820963859558e-02 1.378384791314601898e-02 1.365538500249385834e-02 1.842120476067066193e-02 4.371602460741996765e-02 1.638485305011272430e-02 3.549114335328340530e-04 5.316579248756170273e-03 5.104096233844757080e-02 2.330170385539531708e-02 3.457909822463989258e-02 4.704226739704608917e-03 3.796058520674705505e-02 2.484804950654506683e-02 1.166118588298559189e-02 1.261431025341153145e-03 8.786593563854694366e-03 8.814048022031784058e-03 1.545295957475900650e-02 2.876736456528306007e-03 9.680419228971004486e-03 4.257059469819068909e-02 1.836719550192356110e-02 3.655902668833732605e-02 3.296026214957237244e-02 2.175066992640495300e-02 1.064446661621332169e-02 5.923047196120023727e-03 2.752370573580265045e-02 7.388637401163578033e-03 2.153267338871955872e-02 4.579411819577217102e-03 8.971650153398513794e-03 2.908892929553985596e-03 3.043265827000141144e-02 1.066040061414241791e-02 2.417136356234550476e-02 7.061178330332040787e-04 5.403742659837007523e-03 1.090525090694427490e-02 4.070596024394035339e-02 1.378052285872399807e-03 3.676143661141395569e-02 2.311774343252182007e-02 4.813163541257381439e-03 5.443174857646226883e-03 1.060969475656747818e-02 5.293983500450849533e-03 8.576166816055774689e-03 1.426152139902114868e-02 6.215131841599941254e-03 1.345120556652545929e-02 9.933863766491413116e-04 3.043833002448081970e-02 2.660877769812941551e-03 1.595868356525897980e-02 1.534670311957597733e-02 1.739958487451076508e-02 1.146456412971019745e-02 2.889664471149444580e-02 1.653102040290832520e-02 1.344842184334993362e-02 1.173211541026830673e-02 3.227085247635841370e-02 1.316607892513275146e-01 4.227469861507415771e-02 8.430592715740203857e-03 1.282635983079671860e-02 1.872155349701642990e-03 6.579264532774686813e-03 7.015580683946609497e-02 3.339784219861030579e-02 1.502776890993118286e-02 8.042426779866218567e-03 2.940287627279758453e-02 2.378948964178562164e-02 1.058472413569688797e-02 4.007817059755325317e-02 5.654351785778999329e-02 4.365994036197662354e-02 2.822471037507057190e-02 3.854468837380409241e-02 3.284744173288345337e-02 1.888906024396419525e-02 6.070158444344997406e-03 1.790258102118968964e-02 4.443197324872016907e-02 2.915958687663078308e-02 1.189256086945533752e-02 2.270975522696971893e-02 1.098687481135129929e-02 9.917618008330464363e-04 9.590818546712398529e-03 1.160534657537937164e-02 3.258057683706283569e-02 2.998989820480346680e-02 1.311022229492664337e-02 4.690342582762241364e-03 3.353908285498619080e-02 2.536571212112903595e-02
2.120204828679561615e-02 1.808192208409309387e-02 7.617049850523471832e-03 2.121409401297569275e-02 2.324609458446502686e-02 7.584794075228273869e-04 1.944506168365478516e-02 1.088732760399580002e-02 5.653716325759887695e-01 5.195287987589836121e-02 2.431193180382251740e-02 2.745521999895572662e-02 2.607585117220878601e-02 1.190112903714179993e-03 1.033785846084356308e-02 2.068199031054973602e-02 2.320891944691538811e-03 7.608785480260848999e-02 7.507718633860349655e-03 4.010506719350814819e-02 3.788730502128601074e-02 1.208196859806776047e-02 1.124118547886610031e-02 3.855777438730001450e-03 4.237775504589080811e-02 3.889135643839836121e-02 5.785770714282989502e-03 1.659407466650009155e-02 4.149622749537229538e-03 2.243491075932979584e-02 3.567976411432027817e-03 1.256648544222116470e-02 2.234978973865509033e-02 1.603289321064949036e-02 3.963837400078773499e-02 4.306229203939437866e-02 4.988099262118339539e-02 1.272770110517740250e-02 6.950926966965198517e-03 3.804596140980720520e-03 6.928247748874127865e-04 1.077486015856266022e-02 1.683443225920200348e-02 2.448617853224277496e-02 5.147150903940200806e-02 3.494212403893470764e-03 2.258773148059844971e-02 3.472140803933143616e-02 2.312843315303325653e-02 1.375513616949319839e-02 1.423159241676330566e-02 2.099955454468727112e-02 3.621787950396537781e-02 3.260599449276924133e-02 7.109041512012481689e-02 3.121395362541079521e-03 2.951284311711788177e-02 2.842219546437263489e-02 2.606496959924697876e-02 3.577472642064094543e-02 2.014560624957084656e-02 3.528490290045738220e-02 2.594043500721454620e-02 3.314605355262756348e-02 3.890809044241905212e-02 2.138590998947620392e-02 4.336701333522796631e-02 4.956796765327453613e-02 3.826893866062164307e-02 4.011473804712295532e-02 9.795950725674629211e-03 2.279587276279926300e-02 4.210277693346142769e-04 1.359212584793567657e-02 6.783879362046718597e-04 1.228237058967351913e-02 1.234041973948478699e-01 4.486505687236785889e-02 7.835426181554794312e-02 4.655161127448081970e-02 1.881747134029865265e-02 1.679660752415657043e-02 6.774867326021194458e-02 4.431575164198875427e-02 7.035458926111459732e-03 1.131434645503759384e-02 3.162662312388420105e-02 1.928428933024406433e-02 5.396440997719764709e-02 4.077159240841865540e-02 1.722759008407592773e-02 3.683738783001899719e-02 2.228641323745250702e-02 5.754423909820616245e-04 1.815439574420452118e-02 2.114421501755714417e-02 3.444723261054605246e-04 4.700433835387229919e-02 7.093415129929780960e-03 2.914440119639039040e-03 2.683852333575487137e-03 1.147229131311178207e-02 1.357939373701810837e-02 1.029996201395988464e-02 2.471926622092723846e-02 2.232906036078929901e-02 1.452272664755582809e-02 8.775524795055389404e-03 1.169647672213613987e-03 1.742586307227611542e-02 4.269699100404977798e-03 2.922918833792209625e-02 4.306102171540260315e-02 2.974447421729564667e-02 4.587815329432487488e-02 1.229340117424726486e-02
7.127848453819751740e-03 2.537385188043117523e-02 3.174621984362602234e-02 2.951517887413501740e-02 2.637971751391887665e-02 3.556115180253982544e-02 3.836316522210836411e-03 5.293395835906267166e-03 5.195287987589836121e-02 5.619323849678039551e-01 1.247663609683513641e-02 2.337197773158550262e-02 2.281684800982475281e-02 3.214502334594726562e-02 4.633876495063304901e-03 1.651635207235813141e-02 3.938508406281471252e-02 1.674555987119674683e-02 8.602114766836166382e-02 7.445625378750264645e-04 4.680398106575012207e-02 2.263028547167778015e-02 1.598545932210981846e-04 6.035234406590461731e-02 2.600284107029438019e-02 4.228917881846427917e-02 2.858479274436831474e-04 4.955889657139778137e-02 4.395169392228126526e-02 4.029176756739616394e-02 2.732403762638568878e-02 8.849803358316421509e-03 3.414234891533851624e-02 6.293217185884714127e-03 2.628854662179946899e-02 4.562277346849441528e-02 2.847312949597835541e-02 1.767197065055370331e-02 4.065467417240142822e-02 3.225483745336532593e-02 9.870396926999092102e-03 1.117209345102310181e-02 1.590909995138645172e-02 2.708615921437740326e-02 2.492507733404636383e-02 2.368022315204143524e-02 4.364379495382308960e-02 4.492323379963636398e-03 1.747223176062107086e-02 4.370559379458427429e-02 4.050609841942787170e-02 4.485819488763809204e-02 1.508641149848699570e-02 3.834298625588417053e-02 3.355208039283752441e-02 5.104916915297508240e-02 4.025618359446525574e-02 3.950952365994453430e-02 4.716784134507179260e-02 2.946575172245502472e-02 2.850259467959403992e-02 2.864330448210239410e-02 1.061951927840709686e-02 2.153130434453487396e-02 3.041150048375129700e-02 1.997069641947746277e-02 9.212522767484188080e-03 2.846523560583591461e-02 3.093555942177772522e-02 2.090503275394439697e-02 4.218008741736412048e-02 2.675189264118671417e-02 1.442954875528812408e-02 6.457799114286899567e-03 3.327435627579689026e-02 5.968817044049501419e-03 1.471521053463220596e-02 1.384815722703933716e-01 1.462277607060968876e-03 8.770266175270080566e-02 3.186101838946342468e-02 5.175197497010231018e-03 5.241795442998409271e-03 6.692728400230407715e-02 3.354396671056747437e-03 4.237204790115356445e-02 1.125249359756708145e-02 1.497463905252516270e-03 1.374350395053625107e-02 1.224482897669076920e-02 3.872822271659970284e-03 1.255918032256886363e-04 1.456076093018054962e-02 1.876663416624069214e-03 3.643916919827461243e-02 2.571989968419075012e-02 1.920529082417488098e-02 5.851319525390863419e-03 1.415146421641111374e-02 3.945061564445495605e-02 2.189355716109275818e-02 1.037175953388214111e-02 5.698271561414003372e-03 6.723054684698581696e-03 2.203882485628128052e-02 2.252349071204662323e-02 7.113864179700613022e-03 3.722036257386207581e-02 5.808467176393605769e-05 2.832289319485425949e-03 2.206496894359588623e-03 7.232008967548608780e-03 2.136011840775609016e-03 1.637149415910243988e-02 4.208777844905853271e-02 5.264899227768182755e-03
1.103812679648399353e-01 8.953369408845901489e-02 3.773609548807144165e-02 1.343182940036058426e-02 2.337054349482059479e-03 7.544326782226562500e-02 2.691568806767463684e-02 3.713603690266609192e-02 2.431193180382251740e-02 1.247663609683513641e-02 5.682611465454101562e-01 3.913156222552061081e-03 6.769858300685882568e-02 1.762723363935947418e-02 1.877965591847896576e-02 1.963997259736061096e-02 5.121022695675492287e-04 2.691303752362728119e-02 2.850833348929882050e-02 7.228789385408163071e-03 1.348171965219080448e-03 6.183116883039474487e-02 1.632554642856121063e-02 2.857685647904872894e-02 1.555518899112939835e-02 2.981424145400524139e-02 4.955533146858215332e-02 1.988812908530235291e-02 5.183551460504531860e-02 1.770546659827232361e-02 5.614051595330238342e-02 2.357438020408153534e-02 4.319966956973075867e-02 2.282333746552467346e-02 4.383081570267677307e-02 2.355707995593547821e-02 1.812422461807727814e-02 1.794703770428895950e-03 1.424521673470735550e-02 1.784438267350196838e-02 1.964477449655532837e-02 1.346578355878591537e-03 8.131269365549087524e-03 3.957715258002281189e-02 1.818388886749744415e-02 2.163142897188663483e-02 5.347947403788566589e-02 2.413624897599220276e-02 3.128433600068092346e-02 2.850442193448543549e-02 2.402798831462860107e-02 4.262103885412216187e-02 5.480623804032802582e-03 1.168728433549404144e-02 2.905832417309284210e-02 1.162485778331756592e-02 3.852713853120803833e-04 3.451624512672424316e-02 7.052996661514043808e-03 9.821021929383277893e-03 1.700173504650592804e-02 1.016966346651315689e-02 1.375824026763439178e-02 2.996929548680782318e-02 4.047570005059242249e-02 4.429156705737113953e-02 6.270216312259435654e-03 6.656267214566469193e-03 4.923378583043813705e-04 1.097362861037254333e-02 1.710685901343822479e-02 7.966207340359687805e-03 7.517967373132705688e-03 1.048714295029640198e-02 7.627457380294799805e-03 1.896701008081436157e-02 1.663935184478759766e-02 6.809625774621963501e-03 3.921425715088844299e-02 8.367789909243583679e-03 2.551954425871372223e-02 2.474986203014850616e-02 1.497226394712924957e-02 1.481056958436965942e-02 1.094585377722978592e-02 4.411916434764862061e-02 8.235658518970012665e-03 1.179062668234109879e-02 2.383729442954063416e-02 3.592766821384429932e-02 5.208687856793403625e-02 3.491462394595146179e-02 2.675026841461658478e-02 2.677684277296066284e-02 2.896875515580177307e-02 3.659417480230331421e-02 1.442621741443872452e-02 7.068821694701910019e-03 1.287503866478800774e-03 1.399248000234365463e-02 2.493715286254882812e-02 7.608554791659116745e-03 1.555915549397468567e-02 1.710230112075805664e-02 1.687215827405452728e-02 3.860004246234893799e-02 1.289492193609476089e-02 2.758674696087837219e-02 2.469258382916450500e-02 1.910598203539848328e-02 1.067810598760843277e-02 1.854817569255828857e-02 1.312159840017557144e-02 1.642228849232196808e-02 1.113963127136230469e-02 3.248765598982572556e-03
2.707199752330780029e-02 3.300600126385688782e-02 2.644839137792587280e-02 1.247017458081245422e-02 6.627266760915517807e-03 4.583080857992172241e-02 3.704154863953590393e-02 7.117893081158399582e-03 2.745521999895572662e-02 2.337197773158550262e-02 3.913156222552061081e-03 5.772774219512939453e-01 7.222970481961965561e-03 2.547113299369812012e-01 1.436281134374439716e-03 1.880158111453056335e-02 2.936034090816974640e-02 3.559925407171249390e-02 4.249214660376310349e-03 3.002707101404666901e-02 2.362617477774620056e-02 2.220260724425315857e-02 6.761830300092697144e-02 2.262539602816104889e-02 3.413642197847366333e-02 5.817624740302562714e-03 1.505085546523332596e-02 2.017848491668701172e-01 3.400326520204544067e-02 2.266782671213150024e-01 1.715130358934402466e-02 4.712120071053504944e-02 2.940982207655906677e-02 1.756154745817184448e-02 3.446065529715269804e-04 4.308734089136123657e-03 1.242972258478403091e-02 2.172689884901046753e-02 2.404538542032241821e-02 3.230696916580200195e-02 2.914891578257083893e-03 3.378155454993247986e-02 4.550219327211380005e-02 3.082590736448764801e-02 1.060608327388763428e-01 1.433483231812715530e-02 2.373806666582822800e-03 1.761477091349661350e-03 2.809608168900012970e-02 1.457906421273946762e-02 1.137383840978145599e-02 2.060703746974468231e-02 2.580589987337589264e-02 6.092584226280450821e-03 9.663597680628299713e-03 2.360287867486476898e-02 4.220528155565261841e-02 1.611983589828014374e-02 1.466245390474796295e-02 2.892405167222023010e-02 4.006692394614219666e-02 4.084692802280187607e-03 6.333933211863040924e-03 7.262666244059801102e-03 1.668809354305267334e-02 3.563430160284042358e-02 2.159012295305728912e-02 2.771721221506595612e-02 1.802765950560569763e-02 2.439112775027751923e-02 9.849272668361663818e-03 1.066522905603051186e-03 3.382502496242523193e-02 1.393779646605253220e-02 2.457036636769771576e-02 2.533872053027153015e-02 4.935042932629585266e-02 8.619895204901695251e-03 1.524147018790245056e-02 3.358875866979360580e-03 2.880477905273437500e-02 9.520176798105239868e-03 4.122386127710342407e-02 3.696416690945625305e-02 4.248763248324394226e-02 3.419102355837821960e-02 4.195511713624000549e-02 2.227197028696537018e-02 1.620353907346725464e-01 5.343501269817352295e-02 1.339276321232318878e-03 2.774043753743171692e-02 2.840949967503547668e-02 8.213934488594532013e-03 1.802402175962924957e-02 1.223409269005060196e-02 1.997873885557055473e-03 4.756258800625801086e-02 4.084254056215286255e-02 1.503773499280214310e-02 2.639074809849262238e-02 7.603089325129985809e-03 1.394729781895875931e-02 1.510875299572944641e-03 6.721899379044771194e-03 2.294812817126512527e-03 2.644227817654609680e-02 3.477678447961807251e-02 2.545928955078125000e-02 3.601100668311119080e-02 8.116985671222209930e-03 5.062932614237070084e-03 3.210002556443214417e-02 3.477447479963302612e-02 3.405687585473060608e-02 2.363856765441596508e-04
7.646478712558746338e-02 8.614300191402435303e-02 2.842111513018608093e-02 6.817973917350172997e-04 1.266093691810965538e-03 3.814449906349182129e-02 3.236320614814758301e-02 9.494245052337646484e-03 2.607585117220878601e-02 2.281684800982475281e-02 6.769858300685882568e-02 7.222970481961965561e-03 5.764534473419189453e-01 1.621919870376586914e-02 4.469493404030799866e-02 1.090332679450511932e-02 5.685871001332998276e-03 2.646149508655071259e-02 1.672469824552536011e-02 6.681300699710845947e-03 1.337831281125545502e-02 3.257898986339569092e-02 2.573032677173614502e-02 1.721643842756748199e-02 2.625153027474880219e-02 2.112738043069839478e-02 1.887406036257743835e-02 1.931778341531753540e-02 2.798519842326641083e-02 9.543988853693008423e-03 3.752063959836959839e-02 1.499771978706121445e-02 2.922728657722473145e-02 1.834406703710556030e-02 3.720262646675109863e-02 1.481392420828342438e-02 3.929927945137023926e-03 9.147663600742816925e-03 2.625299245119094849e-02 1.745014637708663940e-02 1.572390785440802574e-03 6.478494498878717422e-03 8.524106815457344055e-03 6.757302675396203995e-03 3.292306140065193176e-02 1.679931394755840302e-02 3.979755938053131104e-02 2.483484894037246704e-02 7.613881025463342667e-03 2.723030745983123779e-02 7.969125173985958099e-03 1.913869939744472504e-02 1.627429272048175335e-03 1.852286630310118198e-03 3.946641925722360611e-03 6.801739335060119629e-03 1.763008348643779755e-02 1.523798448033630848e-03 4.918370395898818970e-03 8.195870555937290192e-03 1.336326077580451965e-02 3.803877159953117371e-03 4.232540726661682129e-02 5.036546662449836731e-02 1.261164993047714233e-02 3.051166608929634094e-02 1.040581241250038147e-02 7.128964643925428391e-03 1.245347131043672562e-02 6.741296965628862381e-03 5.170012358576059341e-03 1.773960702121257782e-02 1.586358644999563694e-03 1.490951748564839363e-03 1.107138209044933319e-02 1.117202453315258026e-02 1.968846656382083893e-02 3.363816998898983002e-03 3.550346195697784424e-02 4.619640111923217773e-02 3.918681759387254715e-03 3.506031353026628494e-04 2.550653927028179169e-02 1.537203509360551834e-02 1.181037817150354385e-02 2.513882331550121307e-02 4.722789395600557327e-03 1.938837207853794098e-02 2.091826312243938446e-02 2.354976953938603401e-03 1.936347596347332001e-02 6.829462479799985886e-03 2.003859169781208038e-02 7.840402424335479736e-03 4.621557891368865967e-03 1.196240540593862534e-02 1.653521135449409485e-02 1.199435628950595856e-02 2.032058313488960266e-02 2.488162368535995483e-02 1.529500260949134827e-02 1.456066593527793884e-02 2.626924216747283936e-02 1.286877132952213287e-02 1.867524906992912292e-02 3.235565871000289917e-02 2.346977032721042633e-02 2.833215706050395966e-02 2.500618994235992432e-02 1.412989385426044464e-02 3.910786006599664688e-03 2.154360897839069366e-02 2.828229218721389771e-03 9.351581335067749023e-03 4.029086790978908539e-03 1.865080557763576508e-02
