4.909560382366180420e-01 1.386014074087142944e-01 3.732619062066078186e-02 5.150234326720237732e-02 2.003878913819789886e-02 1.342099159955978394e-01 7.944144308567047119e-02 2.490559220314025879e-02 2.182582207024097443e-02 7.961311377584934235e-03 8.729401975870132446e-02 3.120830282568931580e-02 5.870472639799118042e-02 5.014636740088462830e-02 1.943687442690134048e-03 1.003854908049106598e-02 1.213269960135221481e-02 2.604557946324348450e-02 3.095306642353534698e-02 5.463013425469398499e-03 2.032310515642166138e-02 5.095189064741134644e-02 2.210956625640392303e-02 2.536221174523234367e-03 3.180517628788948059e-02 2.635903656482696533e-02 6.450015120208263397e-03 9.287605993449687958e-03 2.526068128645420074e-02 3.863715752959251404e-02 2.995873242616653442e-02 2.356830955250188708e-04 3.226666152477264404e-02 2.587175928056240082e-02 4.610671475529670715e-02 4.663381353020668030e-02 4.769644141197204590e-02 1.503442227840423584e-02 3.096945211291313171e-02 7.529970724135637283e-03 1.178995240479707718e-02 2.030509524047374725e-02 7.807161891832947731e-04 1.141572464257478714e-02 4.910755529999732971e-02 4.409235715866088867e-02 8.741120994091033936e-02 1.977268140763044357e-03 3.772812709212303162e-02 4.818697273731231689e-02 2.777332253754138947e-02 2.077016280964016914e-03 7.283520419150590897e-03 3.204924240708351135e-02 3.990236669778823853e-02 4.852207750082015991e-02 3.038425184786319733e-02 2.684852480888366699e-02 1.248808111995458603e-02 4.607130959630012512e-02 3.137402608990669250e-02 2.066703327000141144e-02 4.347397014498710632e-02 5.038267001509666443e-02 2.639237418770790100e-02 1.407545432448387146e-02 4.019836708903312683e-02 3.021363914012908936e-02 7.374270935542881489e-04 1.190584525465965271e-02 1.944213733077049255e-02 4.981933906674385071e-02 5.415750667452812195e-03 7.860437966883182526e-03 2.943057194352149963e-02 4.068747162818908691e-03 2.233551256358623505e-02 1.552965678274631500e-02 3.986675001215189695e-04 2.043233998119831085e-02 2.787253074347972870e-02 3.217269852757453918e-02 2.731441333889961243e-02 1.791931502521038055e-02 5.938467569649219513e-03 2.748709172010421753e-02 6.056853756308555603e-02 2.094993740320205688e-02 3.174788877367973328e-02 2.807187614962458611e-03 2.196740731596946716e-02 4.097079485654830933e-02 3.051685169339179993e-03 5.554765090346336365e-02 3.939796239137649536e-02 1.118684932589530945e-02 1.774944132193922997e-03 4.779078811407089233e-02 3.886454552412033081e-02 1.643638359382748604e-03 2.420922741293907166e-02 4.342845827341079712e-02 4.459683597087860107e-02 3.944715857505798340e-02 1.692559383809566498e-02 1.569487154483795166e-02 4.207922518253326416e-02 5.408291704952716827e-03 3.005303815007209778e-02 3.289078362286090851e-03 1.044995337724685669e-02 5.476466938853263855e-02 3.104475513100624084e-02 1.940314657986164093e-02 3.133005648851394653e-02 8.826229721307754517e-03
1.386014074087142944e-01 4.965258240699768066e-01 6.849705707281827927e-03 1.308846659958362579e-02 3.840468591079115868e-03 1.395370811223983765e-01 1.176082715392112732e-01 1.458678022027015686e-02 1.841208664700388908e-03 3.167481860145926476e-03 8.305377513170242310e-02 3.550845757126808167e-02 7.296082377433776855e-02 3.410300239920616150e-02 4.781297408044338226e-03 3.903675824403762817e-03 8.523034863173961639e-03 3.601555898785591125e-02 1.296742260456085205e-02 4.805794917047023773e-03 1.540370192378759384e-02 8.088243339443579316e-05 5.117492005228996277e-02 2.894406672567129135e-03 1.917701587080955505e-02 3.838157653808593750e-02 5.279031116515398026e-03 2.223181165754795074e-02 2.334610000252723694e-02 2.323354128748178482e-03 9.288221597671508789e-03 4.096883907914161682e-02 1.289859879761934280e-02 7.374866399914026260e-03 1.484314911067485809e-02 1.366981863975524902e-02 2.116247266530990601e-02 2.072740532457828522e-02 1.255894429050385952e-03 4.979885369539260864e-02 2.556439302861690521e-02 5.734315887093544006e-02 4.137087240815162659e-02 3.697548061609268188e-02 4.471547529101371765e-02 3.931744024157524109e-02 8.795874565839767456e-02 4.107889905571937561e-02 1.800115033984184265e-02 2.009759336942806840e-04 9.130963124334812164e-03 2.180410362780094147e-02 2.099390886723995209e-02 2.657414972782135010e-02 4.432697594165802002e-02 3.106443956494331360e-02 3.400638699531555176e-02 3.582457453012466431e-02 1.806136965751647949e-02 4.548824578523635864e-02 1.091070380061864853e-02 5.077790096402168274e-02 5.087487027049064636e-02 2.709566429257392883e-02 4.854696244001388550e-02 1.782873272895812988e-02 2.020181901752948761e-02 5.379388108849525452e-03 6.484606768935918808e-03 1.992557756602764130e-02 3.306219726800918579e-02 5.262144282460212708e-02 3.658558707684278488e-03 2.457768889144062996e-03 8.019212633371353149e-03 6.770609412342309952e-03 1.241353154182434082e-02 2.750284504145383835e-03 8.495699614286422729e-03 2.212689444422721863e-02 1.440373063087463379e-02 1.926382817327976227e-02 2.823070995509624481e-02 3.649970889091491699e-02 2.540639974176883698e-02 2.400567568838596344e-02 3.787072375416755676e-02 1.714420132339000702e-02 1.695116236805915833e-02 2.500391192734241486e-02 1.091109868139028549e-02 7.747288048267364502e-02 1.697625964879989624e-02 3.534490615129470825e-02 4.816193878650665283e-02 4.192284867167472839e-02 1.822346076369285583e-02 1.941239275038242340e-02 9.843995794653892517e-03 2.294304221868515015e-02 8.901772089302539825e-03 1.108846813440322876e-02 4.910333082079887390e-04 2.466522157192230225e-02 2.189151011407375336e-03 4.157841578125953674e-02 1.323348190635442734e-02 2.566635794937610626e-02 2.488026581704616547e-02 1.305374968796968460e-02 9.925738908350467682e-03 3.684569522738456726e-02 4.743465036153793335e-02 2.315785735845565796e-02 3.282273933291435242e-02 4.029899463057518005e-02
3.732619062066078186e-02 6.849705707281827927e-03 4.713992774486541748e-01 2.580375969409942627e-02 1.632228679955005646e-02 3.144916146993637085e-02 4.623794183135032654e-02 1.237169131636619568e-01 1.972104050219058990e-02 2.529202215373516083e-02 1.335506048053503036e-02 3.726597130298614502e-02 3.774422034621238708e-02 1.668312470428645611e-04 4.114037007093429565e-02 4.475521668791770935e-02 3.235050663352012634e-02 3.765403479337692261e-02 3.515632450580596924e-02 2.721042744815349579e-02 8.834363892674446106e-03 1.644753268919885159e-03 4.608529806137084961e-02 3.096517547965049744e-02 3.909997269511222839e-02 1.272704452276229858e-02 1.564581133425235748e-02 1.975049637258052826e-02 4.284925013780593872e-02 3.829039260745048523e-02 6.123039405792951584e-03 4.169106110930442810e-02 2.392882294952869415e-02 4.072001948952674866e-02 2.004068717360496521e-02 6.006237491965293884e-02 1.178183406591415405e-02 5.712218210101127625e-02 1.239642594009637833e-02 2.012887038290500641e-02 8.066726475954055786e-02 4.939740896224975586e-02 2.054738253355026245e-02 7.892301678657531738e-02 2.362387068569660187e-02 6.439908593893051147e-02 5.765548557974398136e-04 2.795652020722627640e-03 2.127515152096748352e-02 1.046428922563791275e-02 3.431646153330802917e-02 1.522048190236091614e-02 1.251884829252958298e-02 3.426201874390244484e-03 2.228897064924240112e-02 2.823463641107082367e-02 2.165849879384040833e-02 6.368131376802921295e-03 1.107033342123031616e-02 1.193821663036942482e-03 3.732448443770408630e-02 8.316829800605773926e-03 2.502746693789958954e-02 3.384213522076606750e-02 9.660269133746623993e-03 2.686819434165954590e-02 4.033612459897994995e-02 5.640312563627958298e-03 1.586245023645460606e-03 1.187639124691486359e-02 4.318343102931976318e-02 3.276890143752098083e-02 2.571699954569339752e-02 2.264668978750705719e-02 1.171578653156757355e-02 3.691469505429267883e-02 2.721419557929039001e-02 3.235051408410072327e-02 3.140856698155403137e-02 2.932386286556720734e-02 3.418615460395812988e-02 3.943133354187011719e-02 3.597100079059600830e-02 2.052920497953891754e-02 2.491593733429908752e-02 2.238628081977367401e-02 8.138805627822875977e-03 4.941176157444715500e-03 4.493325576186180115e-02 4.379657912068068981e-04 1.829168642871081829e-03 2.857083640992641449e-02 2.927302196621894836e-02 5.489291250705718994e-02 4.282269254326820374e-02 3.173763304948806763e-02 2.797702513635158539e-02 5.057752132415771484e-03 4.420950543135404587e-03 7.735338062047958374e-03 1.770821772515773773e-02 9.824017994105815887e-03 1.236545480787754059e-02 1.904782280325889587e-02 4.265988990664482117e-02 4.333795607089996338e-02 5.914384499192237854e-02 4.591180756688117981e-02 3.124038130044937134e-02 2.455852180719375610e-02 1.301041543483734131e-01 8.067538589239120483e-02 4.892224818468093872e-02 1.375581976026296616e-02 2.747927047312259674e-02 1.810898631811141968e-02
5.150234326720237732e-02 1.308846659958362579e-02 2.580375969409942627e-02 4.867103397846221924e-01 6.760385632514953613e-02 7.771959993988275528e-03 2.417901158332824707e-02 1.893628947436809540e-02 5.014877021312713623e-02 1.445522066205739975e-02 9.483015164732933044e-03 3.282781690359115601e-02 1.283820997923612595e-02 2.153029106557369232e-02 1.169640803709626198e-03 1.710680127143859863e-02 1.014928426593542099e-02 2.173177897930145264e-03 8.718973957002162933e-03 2.275587618350982666e-02 4.463747516274452209e-02 1.725708320736885071e-02 2.925606630742549896e-02 3.850712254643440247e-02 5.166899412870407104e-03 4.493054747581481934e-02 2.697980031371116638e-02 6.719324737787246704e-02 1.957471109926700592e-02 6.434011459350585938e-02 5.657513812184333801e-02 3.706365125253796577e-03 1.660543610341846943e-03 2.505085431039333344e-02 2.094070613384246826e-02 1.651370897889137268e-02 3.215086832642555237e-02 2.386861108243465424e-02 1.107368990778923035e-02 6.494387635029852390e-04 1.536452677100896835e-02 4.429892636835575104e-03 9.686493314802646637e-03 1.833306811749935150e-02 5.729131028056144714e-02 9.175787679851055145e-03 5.107221659272909164e-03 7.643287535756826401e-03 3.203810378909111023e-02 2.784968353807926178e-02 2.139752730727195740e-02 4.901216179132461548e-02 9.960809722542762756e-03 1.342356111854314804e-02 5.517839454114437103e-04 3.850243613123893738e-02 1.924832351505756378e-02 3.578044474124908447e-02 2.244736626744270325e-02 3.446668153628706932e-03 4.845370724797248840e-02 1.421336643397808075e-02 6.869052350521087646e-02 2.142616920173168182e-02 6.512758135795593262e-02 4.174220934510231018e-02 1.426103059202432632e-03 4.395090788602828979e-02 1.154215075075626373e-02 4.081573337316513062e-02 1.150727923959493637e-02 2.490872517228126526e-02 7.321320474147796631e-02 1.783920451998710632e-02 2.779961749911308289e-02 4.630492255091667175e-02 2.520822547376155853e-02 5.638229101896286011e-02 1.214438769966363907e-02 4.723780229687690735e-02 1.461229193955659866e-02 3.729309886693954468e-02 2.761466614902019501e-02 5.669371783733367920e-02 1.966716535389423370e-02 4.833839833736419678e-02 1.013513840734958649e-02 8.137702010571956635e-03 1.409685332328081131e-02 3.982893377542495728e-02 1.994330994784832001e-02 2.818068303167819977e-02 2.887704595923423767e-02 1.454659085720777512e-02 1.619099825620651245e-02 9.808320552110671997e-03 3.810493275523185730e-02 3.346096351742744446e-02 3.842928260564804077e-02 9.979334659874439240e-03 5.190467461943626404e-02 2.120349556207656860e-02 5.823258310556411743e-02 1.753141544759273529e-02 1.758329453878104687e-03 4.364850744605064392e-02 4.315583035349845886e-02 8.072470873594284058e-02 1.027711853384971619e-02 5.013429373502731323e-02 3.764626756310462952e-02 1.092494186013936996e-02 1.457909960299730301e-02 3.996439650654792786e-02 3.673223080113530159e-03 5.164176598191261292e-02
2.003878913819789886e-02 3.840468591079115868e-03 1.632228679955005646e-02 6.760385632514953613e-02 4.861622750759124756e-01 1.538813300430774689e-02 3.646735474467277527e-02 3.420583903789520264e-02 4.042594879865646362e-02 2.836157195270061493e-02 3.439698740839958191e-02 5.569006316363811493e-03 1.697235181927680969e-02 3.030874393880367279e-02 2.216681838035583496e-02 6.090074405074119568e-02 7.237459719181060791e-02 2.160582132637500763e-02 2.993317879736423492e-02 3.533397614955902100e-02 3.631527349352836609e-02 1.000995840877294540e-02 4.806606844067573547e-02 4.793959110975265503e-02 3.195831086486577988e-03 2.172083221375942230e-02 7.741093169897794724e-03 1.782094500958919525e-02 7.461411878466606140e-03 6.698370724916458130e-02 4.055606946349143982e-02 5.794442445039749146e-02 6.752352695912122726e-03 6.476658396422863007e-03 3.855738416314125061e-02 1.852643862366676331e-02 1.837722607888281345e-03 4.456593468785285950e-02 4.341109469532966614e-02 4.705961421132087708e-02 3.598243743181228638e-02 4.714228678494691849e-03 4.118245560675859451e-03 1.193047408014535904e-02 2.707747370004653931e-02 2.558203600347042084e-02 2.029349654912948608e-02 2.849062345921993256e-02 6.520265713334083557e-03 2.078161202371120453e-02 2.808671258389949799e-02 5.188109725713729858e-02 5.133100599050521851e-02 3.172925859689712524e-02 2.111337706446647644e-02 4.466377571225166321e-02 3.213153034448623657e-02 4.253721609711647034e-02 4.650271311402320862e-02 3.613496199250221252e-02 3.591386601328849792e-02 1.749555394053459167e-02 9.233831614255905151e-02 7.393300533294677734e-02 3.947974741458892822e-02 2.718069218099117279e-02 8.167373947799205780e-03 2.434179373085498810e-02 3.790400922298431396e-02 3.836603462696075439e-02 6.340115517377853394e-02 4.185829311609268188e-02 1.716599799692630768e-02 6.687173247337341309e-02 3.371578408405184746e-03 2.286351285874843597e-02 5.934736132621765137e-02 2.448522113263607025e-02 3.723155707120895386e-02 5.043053627014160156e-02 1.888967305421829224e-02 5.656018387526273727e-03 7.696944288909435272e-03 5.699445493519306183e-03 7.283344864845275879e-03 4.412094876170158386e-02 1.222921721637248993e-02 1.245559006929397583e-02 1.050514355301856995e-02 2.373114414513111115e-02 5.022031441330909729e-02 4.654205217957496643e-02 5.550628900527954102e-02 4.899316001683473587e-03 2.493417635560035706e-02 2.410816028714179993e-02 6.062163412570953369e-02 5.342405661940574646e-02 2.275982173159718513e-03 1.599422469735145569e-02 6.195879541337490082e-03 3.402088955044746399e-02 1.688177511096000671e-02 4.598527029156684875e-02 2.438180893659591675e-02 2.311256527900695801e-02 1.867484301328659058e-02 3.530546277761459351e-02 4.817716777324676514e-02 1.184007152915000916e-02 1.778166333679109812e-04 2.336650341749191284e-02 6.417872849851846695e-03 4.424635693430900574e-02 1.480443403124809265e-02 4.232649505138397217e-02
1.342099159955978394e-01 1.395370811223983765e-01 3.144916146993637085e-02 7.771959993988275528e-03 1.538813300430774689e-02 4.950701892375946045e-01 1.580433696508407593e-01 9.286252898164093494e-04 5.182701162993907928e-03 1.121766027063131332e-02 7.453659921884536743e-02 2.169749885797500610e-02 7.570287585258483887e-02 1.048129796981811523e-02 6.666981149464845657e-03 2.765053138136863708e-02 3.625906631350517273e-02 1.507399138063192368e-02 5.080826207995414734e-02 4.394399933516979218e-03 3.647178784012794495e-02 1.926901005208492279e-02 4.779029637575149536e-02 5.561006069183349609e-02 2.207810617983341217e-02 3.624166920781135559e-02 1.124110724776983261e-02 1.112867891788482666e-02 1.839618431404232979e-03 1.662678830325603485e-02 2.542033977806568146e-02 5.008840188384056091e-02 3.865544870495796204e-02 4.802655894309282303e-03 4.447448626160621643e-02 2.394647710025310516e-02 5.598726682364940643e-03 1.957321353256702423e-02 1.912637613713741302e-02 3.579502180218696594e-02 4.475750029087066650e-02 8.845345117151737213e-03 1.485877484083175659e-02 3.341316059231758118e-02 2.026787400245666504e-02 1.136724837124347687e-02 1.291394531726837158e-01 4.237833619117736816e-02 4.053038358688354492e-02 2.608047798275947571e-03 1.883257739245891571e-02 2.735771611332893372e-02 3.559422120451927185e-02 4.596307501196861267e-02 1.129836309701204300e-02 3.479725867509841919e-02 9.258583188056945801e-03 2.131104283034801483e-02 4.212777689099311829e-02 1.739796251058578491e-02 4.845143109560012817e-02 2.119029872119426727e-03 3.187200427055358887e-02 2.355259843170642853e-02 1.540916971862316132e-02 1.686066947877407074e-02 2.517347969114780426e-02 1.794564351439476013e-02 2.675611712038516998e-02 1.370950043201446533e-02 2.671210654079914093e-02 1.025501266121864319e-02 2.391664870083332062e-02 3.067950345575809479e-02 2.865891531109809875e-02 1.583802886307239532e-02 3.338166326284408569e-02 4.059386253356933594e-02 1.215794216841459274e-02 4.457801952958106995e-02 1.424720417708158493e-02 1.495887245982885361e-02 5.294718965888023376e-02 1.736895926296710968e-02 3.030201606452465057e-02 3.469761088490486145e-02 1.465218421071767807e-02 4.039742983877658844e-03 1.589592313393950462e-03 4.200560599565505981e-02 4.616905003786087036e-03 5.161677673459053040e-02 1.341821160167455673e-02 3.190315142273902893e-02 3.443384170532226562e-02 2.874405123293399811e-02 3.513855487108230591e-02 2.127454616129398346e-02 3.748994693160057068e-02 2.758982777595520020e-02 2.581493183970451355e-02 2.114300802350044250e-02 1.421333942562341690e-02 1.122839166782796383e-03 2.369175851345062256e-02 4.752646666020154953e-03 1.150983665138483047e-02 3.151166439056396484e-02 2.231747657060623169e-02 5.022682249546051025e-02 2.467092499136924744e-02 1.287487801164388657e-02 2.301051653921604156e-02 5.624078912660479546e-04 8.511659689247608185e-03 3.062201663851737976e-02
7.944144308567047119e-02 1.176082715392112732e-01 4.623794183135032654e-02 2.417901158332824707e-02 3.646735474467277527e-02 1.580433696508407593e-01 4.969929456710815430e-01 5.034255981445312500e-02 4.433740861713886261e-03 4.493181128054857254e-03 5.961663275957107544e-02 2.985189110040664673e-02 7.851325720548629761e-02 1.015269663184881210e-02 1.371279917657375336e-02 2.974860928952693939e-02 3.874324262142181396e-02 2.810538560152053833e-02 7.071828935295343399e-03 2.196439728140830994e-02 2.724481932818889618e-02 2.831045910716056824e-02 2.186308056116104126e-02 3.558317944407463074e-02 9.550323709845542908e-03 6.237003952264785767e-03 4.369883984327316284e-02 2.367902547121047974e-02 2.639667829498648643e-03 3.004108741879463196e-02 8.380091749131679535e-03 1.697568595409393311e-02 2.823323942720890045e-02 1.934172585606575012e-02 3.909876570105552673e-02 3.569797426462173462e-02 2.537126094102859497e-02 4.260503873229026794e-02 3.727551549673080444e-02 4.639783874154090881e-03 2.347678178921341896e-03 1.559333782643079758e-02 2.893983200192451477e-02 1.764781400561332703e-02 1.847125776112079620e-02 4.415165167301893234e-03 1.330827176570892334e-01 1.050387471914291382e-01 3.244907036423683167e-02 4.272867739200592041e-02 3.858307749032974243e-02 7.801787462085485458e-03 2.789332531392574310e-02 3.953035548329353333e-02 4.587774723768234253e-02 3.380333073437213898e-03 1.562957838177680969e-02 2.515921741724014282e-02 4.433747753500938416e-02 2.488446794450283051e-02 1.432881504297256470e-02 3.715069591999053955e-02 1.106558047467842698e-04 1.050659734755754471e-02 1.679998263716697693e-02 8.329779841005802155e-03 1.073324773460626602e-02 1.828700676560401917e-02 6.193044595420360565e-03 3.716454282402992249e-02 1.362595334649085999e-02 3.101164475083351135e-03 3.384200390428304672e-03 3.152275830507278442e-02 9.703873656690120697e-03 1.938814669847488403e-02 5.122962594032287598e-02 4.310980811715126038e-02 5.610337946563959122e-03 3.466966375708580017e-02 5.393675062805414200e-03 2.959214150905609131e-02 5.332085862755775452e-02 5.023128539323806763e-02 3.387013822793960571e-02 4.141468554735183716e-02 6.213453132659196854e-03 1.503928750753402710e-02 1.282050274312496185e-02 4.049825947731733322e-03 2.311777696013450623e-02 4.255910962820053101e-02 6.605807691812515259e-02 3.434523567557334900e-02 5.537278484553098679e-03 4.486390948295593262e-02 8.293442428112030029e-03 2.262934856116771698e-02 3.630632534623146057e-02 5.525058601051568985e-03 1.718599908053874969e-02 2.575049735605716705e-02 1.665011979639530182e-02 2.887452766299247742e-02 1.610040199011564255e-03 9.389712475240230560e-03 5.060021951794624329e-02 2.146570570766925812e-02 4.818914085626602173e-02 5.616933852434158325e-02 4.459470137953758240e-02 1.398922223597764969e-02 2.229465916752815247e-02 6.898534018546342850e-03 1.732723438180983067e-03 4.096403717994689941e-02
2.490559220314025879e-02 1.458678022027015686e-02 1.237169131636619568e-01 1.893628947436809540e-02 3.420583903789520264e-02 9.286252898164093494e-04 5.034255981445312500e-02 4.868334531784057617e-01 4.798945505172014236e-03 2.790756896138191223e-02 1.552711613476276398e-02 5.332296714186668396e-02 5.235965177416801453e-02 2.880654856562614441e-02 2.980834618210792542e-02 4.660618677735328674e-02 3.040722571313381195e-03 7.235583849251270294e-03 3.868303261697292328e-03 3.839126601815223694e-02 5.318717658519744873e-02 3.689397126436233521e-02 4.679052531719207764e-02 3.204622864723205566e-02 7.977888919413089752e-03 1.951102167367935181e-02 1.198189053684473038e-02 2.467322163283824921e-02 6.060414598323404789e-04 4.529586806893348694e-02 5.178602039813995361e-02 2.437264658510684967e-02 1.397429034113883972e-02 2.884153462946414948e-02 4.273809120059013367e-02 1.807294227182865143e-02 3.200877830386161804e-02 3.643973032012581825e-03 2.797585539519786835e-02 1.192179042845964432e-02 2.673745900392532349e-02 5.570972710847854614e-02 5.224737152457237244e-02 7.297103852033615112e-02 1.266732253134250641e-02 4.638509079813957214e-02 8.753749541938304901e-03 2.815808542072772980e-02 2.810523845255374908e-02 7.034647278487682343e-03 9.269416332244873047e-03 2.576963603496551514e-02 3.005420789122581482e-03 3.633734583854675293e-02 4.207092896103858948e-02 4.144936054944992065e-02 1.274960377486422658e-04 4.686225578188896179e-02 3.456092963460832834e-04 1.804623939096927643e-02 9.584986837580800056e-04 2.106528170406818390e-02 4.669781029224395752e-02 4.892822727560997009e-02 4.633666016161441803e-03 3.523789346218109131e-02 2.566378749907016754e-02 1.299584936350584030e-02 1.336546894162893295e-02 2.786702290177345276e-02 1.774989999830722809e-02 5.626627430319786072e-02 4.937491938471794128e-02 1.984163746237754822e-02 5.684835463762283325e-02 4.325050488114356995e-02 2.695676684379577637e-02 2.021807432174682617e-02 2.252639271318912506e-02 3.900689538568258286e-03 1.013881415128707886e-01 9.149857610464096069e-02 3.343474492430686951e-02 3.082702751271426678e-04 9.180798195302486420e-03 2.713009901344776154e-02 6.513260304927825928e-02 3.301455080509185791e-02 2.403988502919673920e-02 2.490282431244850159e-02 1.076412852853536606e-02 3.091252595186233521e-02 3.510825335979461670e-02 4.747753590345382690e-02 2.267859503626823425e-02 4.711520671844482422e-02 3.052295558154582977e-02 5.297468975186347961e-03 8.559767156839370728e-03 4.128007218241691589e-02 4.504616558551788330e-02 2.779671736061573029e-02 2.627442590892314911e-03 2.695659920573234558e-02 1.535343937575817108e-03 1.591143943369388580e-02 4.975373391062021255e-03 1.690084673464298248e-02 1.327195577323436737e-02 5.366615951061248779e-03 7.243342697620391846e-02 3.047945722937583923e-02 4.389892145991325378e-02 2.445280924439430237e-02 7.724783848971128464e-03 3.171320632100105286e-02
2.182582207024097443e-02 1.841208664700388908e-03 1.972104050219058990e-02 5.014877021312713623e-02 4.042594879865646362e-02 5.182701162993907928e-03 4.433740861713886261e-03 4.798945505172014236e-03 4.900188744068145752e-01 3.410473838448524475e-02 2.487004175782203674e-02 7.934117689728736877e-03 1.068725436925888062e-02 3.874142467975616455e-02 2.188730612397193909e-02 3.452025353908538818e-02 2.536219358444213867e-02 9.020963311195373535e-02 2.022081427276134491e-02 1.898826286196708679e-02 3.146987780928611755e-02 5.322393029928207397e-02 1.762675866484642029e-02 1.671462669037282467e-03 2.637744136154651642e-02 4.188719019293785095e-02 6.215325370430946350e-02 4.102495685219764709e-02 1.708919554948806763e-02 5.299571901559829712e-02 4.490429535508155823e-03 3.488617390394210815e-02 2.599163912236690521e-02 1.972129382193088531e-02 4.363494738936424255e-02 4.965072870254516602e-02 9.034135378897190094e-03 1.037137862294912338e-02 5.194173753261566162e-02 3.408796340227127075e-02 9.033664129674434662e-03 2.952862717211246490e-02 3.695106133818626404e-02 3.006676584482192993e-02 1.852520927786827087e-02 2.843313850462436676e-02 1.149968709796667099e-03 3.249356150627136230e-02 3.760085627436637878e-02 1.167301833629608154e-02 2.958920411765575409e-02 1.225323299877345562e-03 5.890331789851188660e-02 2.205063216388225555e-02 1.902687922120094299e-02 3.675708721857517958e-04 1.679659076035022736e-02 4.766047373414039612e-02 9.082999080419540405e-03 3.800925100222229958e-03 5.616537854075431824e-02 7.397918030619621277e-03 1.936737075448036194e-02 4.598147794604301453e-02 2.622793801128864288e-02 3.469479084014892578e-02 1.852992735803127289e-02 1.640388928353786469e-02 4.200014099478721619e-02 1.761906594038009644e-02 3.008612804114818573e-02 5.590083450078964233e-02 3.632981702685356140e-02 5.258264765143394470e-02 6.427650805562734604e-03 2.695248275995254517e-02 1.171033978462219238e-01 5.730649828910827637e-02 7.746037095785140991e-02 1.610882207751274109e-02 4.379905015230178833e-02 4.648092761635780334e-02 1.022283583879470825e-01 2.258292771875858307e-02 4.754066839814186096e-02 3.516578301787376404e-02 9.680462069809436798e-03 2.201480790972709656e-02 2.793166600167751312e-02 2.754969149827957153e-02 5.455509573221206665e-02 2.486700564622879028e-02 1.394720003008842468e-02 3.860371187329292297e-02 2.348344214260578156e-02 2.916279248893260956e-02 5.121601745486259460e-02 4.847970232367515564e-02 1.609992049634456635e-02 1.691382750868797302e-02 2.031055465340614319e-02 7.916344329714775085e-03 2.199014090001583099e-02 1.998851634562015533e-02 5.650676786899566650e-03 5.295847076922655106e-03 5.529465898871421814e-02 1.810300908982753754e-02 5.506312008947134018e-03 1.871190965175628662e-02 8.651710115373134613e-03 1.570522971451282501e-02 4.659050330519676208e-02 9.663149714469909668e-03 4.560908419080078602e-04 4.376877844333648682e-02
7.961311377584934235e-03 3.167481860145926476e-03 2.529202215373516083e-02 1.445522066205739975e-02 2.836157195270061493e-02 1.121766027063131332e-02 4.493181128054857254e-03 2.790756896138191223e-02 3.410473838448524475e-02 4.909163415431976318e-01 4.215403273701667786e-02 3.837160766124725342e-02 5.273162573575973511e-02 2.392162801697850227e-03 1.103415247052907944e-02 2.600081637501716614e-02 3.764746338129043579e-02 6.596490740776062012e-02 7.316078245639801025e-02 1.297658216208219528e-02 3.826643899083137512e-02 2.092949114739894867e-02 3.540779650211334229e-02 6.559121538884937763e-04 2.814407832920551300e-02 4.143857583403587341e-02 1.179491635411977768e-02 3.846043348312377930e-02 3.086804971098899841e-02 1.775089465081691742e-02 3.674390539526939392e-02 8.617235347628593445e-03 7.947549223899841309e-03 4.944880306720733643e-02 1.529254764318466187e-02 2.713345177471637726e-02 3.671018406748771667e-02 4.078420996665954590e-02 1.271237730979919434e-01 8.524140715599060059e-02 1.813770458102226257e-02 2.176383323967456818e-02 4.269735515117645264e-02 5.054077133536338806e-02 6.232996471226215363e-03 3.873952198773622513e-03 1.504882704466581345e-02 8.194424211978912354e-03 5.410748068243265152e-03 4.553316906094551086e-02 3.065094165503978729e-02 1.965270005166530609e-02 1.899714954197406769e-02 1.657906174659729004e-02 3.144535422325134277e-02 1.336666755378246307e-02 3.462813049554824829e-02 3.834538906812667847e-02 4.459140822291374207e-02 2.626150660216808319e-02 4.496620222926139832e-02 1.441630255430936813e-02 1.357828825712203979e-02 3.399194777011871338e-02 6.205850094556808472e-02 5.051911994814872742e-02 2.296077832579612732e-02 4.748630523681640625e-02 3.391435369849205017e-02 4.295986145734786987e-02 4.909308999776840210e-02 2.162539400160312653e-02 4.397259652614593506e-02 1.516949199140071869e-02 4.145922139286994934e-02 6.219844892621040344e-02 3.619369119405746460e-02 8.756905049085617065e-02 2.723746560513973236e-02 8.075267821550369263e-02 2.130183577537536621e-02 2.980015799403190613e-02 3.971398249268531799e-02 6.109487637877464294e-02 2.446891926229000092e-02 2.372557111084461212e-02 4.376577213406562805e-02 6.047811359167098999e-03 1.944976300001144409e-02 3.649308159947395325e-02 2.120247809216380119e-03 3.217739611864089966e-02 3.167549520730972290e-02 3.283240273594856262e-02 2.021291851997375488e-02 8.119744248688220978e-03 3.642965108156204224e-02 4.974232986569404602e-02 5.457187816500663757e-02 9.813252836465835571e-03 1.983161643147468567e-02 7.360947784036397934e-04 5.454375967383384705e-02 5.847101099789142609e-03 1.125605194829404354e-03 2.924741059541702271e-02 6.848787888884544373e-03 3.016384504735469818e-02 4.334774613380432129e-02 4.276236146688461304e-02 3.984917700290679932e-02 1.797395199537277222e-02 5.595725495368242264e-03 3.596974909305572510e-02 9.647932834923267365e-03 6.180188432335853577e-02
8.729401975870132446e-02 8.305377513170242310e-02 1.335506048053503036e-02 9.483015164732933044e-03 3.439698740839958191e-02 7.453659921884536743e-02 5.961663275957107544e-02 1.552711613476276398e-02 2.487004175782203674e-02 4.215403273701667786e-02 5.019012093544006348e-01 3.751004859805107117e-02 8.828732371330261230e-02 5.393087491393089294e-02 1.271192822605371475e-02 2.636583894491195679e-02 5.243908148258924484e-03 2.688008919358253479e-02 4.431712999939918518e-02 2.391919726505875587e-03 4.061256535351276398e-03 1.247352268546819687e-02 2.189786359667778015e-02 3.863905370235443115e-02 8.024726994335651398e-03 1.428823452442884445e-02 1.687989011406898499e-02 1.935648382641375065e-03 5.192912742495536804e-02 4.084575921297073364e-02 4.184520617127418518e-02 7.468601106666028500e-04 5.993579979985952377e-04 2.853425592184066772e-02 3.086790256202220917e-02 1.622436381876468658e-02 3.873991547152400017e-03 9.741645306348800659e-03 4.774047434329986572e-02 3.779653459787368774e-02 8.608641219325363636e-04 3.482636064291000366e-02 5.228648707270622253e-02 3.043229877948760986e-02 2.187648974359035492e-02 2.164237760007381439e-02 6.584080308675765991e-02 1.818670146167278290e-02 2.847009710967540741e-02 1.171694137156009674e-02 4.784925654530525208e-02 1.351567916572093964e-02 4.079547151923179626e-02 4.816230386495590210e-03 2.599332295358181000e-02 3.270460758358240128e-03 4.952226579189300537e-02 1.299464050680398941e-02 2.604259550571441650e-02 4.888638388365507126e-03 3.315792977809906006e-02 3.729732707142829895e-02 1.813608221709728241e-02 4.183508455753326416e-02 6.467901915311813354e-02 4.594666510820388794e-02 2.331274590687826276e-04 1.148890623881015927e-05 2.303500473499298096e-02 3.416877239942550659e-02 2.719204872846603394e-02 3.556958958506584167e-02 3.805379569530487061e-02 4.717364534735679626e-02 4.392584040760993958e-02 7.529187016189098358e-03 1.851869188249111176e-02 6.453310139477252960e-03 6.255366839468479156e-03 2.594651468098163605e-02 3.408988937735557556e-02 1.372356992214918137e-02 9.285665117204189301e-03 4.543161951005458832e-03 1.871855184435844421e-02 4.516328498721122742e-02 2.820147015154361725e-02 3.251360729336738586e-02 4.558138921856880188e-02 5.088504869490861893e-03 1.631787419319152832e-02 6.655093282461166382e-02 3.825999051332473755e-02 1.360747311264276505e-02 3.940802812576293945e-02 4.019286017864942551e-03 4.559559002518653870e-02 4.433298017829656601e-03 2.814355492591857910e-02 6.908782757818698883e-03 2.418344095349311829e-02 1.402742811478674412e-03 1.387133542448282242e-02 5.395365878939628601e-02 1.516178064048290253e-02 2.659436874091625214e-02 5.432418733835220337e-02 2.057506516575813293e-02 3.398349974304437637e-03 1.343859359622001648e-03 2.155846357345581055e-02 7.859059609472751617e-03 3.105781413614749908e-02 1.900510862469673157e-03 3.246174007654190063e-02 1.244870014488697052e-02
3.120830282568931580e-02 3.550845757126808167e-02 3.726597130298614502e-02 3.282781690359115601e-02 5.569006316363811493e-03 2.169749885797500610e-02 2.985189110040664673e-02 5.332296714186668396e-02 7.934117689728736877e-03 3.837160766124725342e-02 3.751004859805107117e-02 4.924536347389221191e-01 5.295440182089805603e-02 1.126778051257133484e-01 6.584347691386938095e-03 1.545164268463850021e-03 2.469004690647125244e-02 1.095729786902666092e-02 8.254785090684890747e-02 3.114823810756206512e-02 3.008496016263961792e-02 9.230461902916431427e-03 6.483196467161178589e-02 3.706609085202217102e-02 3.177525103092193604e-02 3.658011928200721741e-02 4.231955483555793762e-02 4.156155139207839966e-02 4.056368768215179443e-02 4.634183645248413086e-02 7.394972443580627441e-02 1.381257316097617149e-03 3.016549162566661835e-02 4.630766063928604126e-02 4.020179435610771179e-02 2.171467803418636322e-02 2.316086366772651672e-02 4.217527434229850769e-02 2.324772998690605164e-02 2.362670749425888062e-02 4.853753000497817993e-02 3.160869330167770386e-02 5.147984251379966736e-02 6.911948788911104202e-03 2.683147229254245758e-02 9.449475444853305817e-03 2.952566370368003845e-02 6.647183001041412354e-02 2.156244590878486633e-02 2.130537468474358320e-04 8.364866673946380615e-02 7.151675224304199219e-02 1.911351829767227173e-02 2.965911105275154114e-02 1.336843997705727816e-04 2.753385901451110840e-02 2.624615468084812164e-02 3.571735322475433350e-02 3.164883330464363098e-02 6.880569271743297577e-03 1.223552320152521133e-02 4.469369724392890930e-02 1.833118870854377747e-02 4.418671503663063049e-02 2.524745836853981018e-02 3.134751692414283752e-02 5.029916763305664062e-02 5.221037566661834717e-02 4.475875571370124817e-02 8.524679578840732574e-03 2.223725058138370514e-02 3.348612785339355469e-02 5.646183341741561890e-02 1.746412180364131927e-02 2.192260231822729111e-03 2.879177033901214600e-02 3.020614571869373322e-02 1.015917677432298660e-02 3.161760419607162476e-02 3.085342980921268463e-02 1.164263673126697540e-02 3.771812096238136292e-02 6.047068908810615540e-02 3.666321560740470886e-02 4.788215458393096924e-02 4.521363601088523865e-02 2.079119160771369934e-02 2.610545232892036438e-02 4.899147897958755493e-02 4.574391990900039673e-02 5.937365442514419556e-02 2.447020448744297028e-02 4.580498486757278442e-02 9.402846917510032654e-03 3.621388971805572510e-02 9.207233786582946777e-03 2.401579357683658600e-02 5.247326940298080444e-02 5.338005721569061279e-02 3.418799117207527161e-02 3.053764998912811279e-02 4.069066047668457031e-02 1.338570471853017807e-02 3.022986836731433868e-02 4.896549973636865616e-03 1.108707580715417862e-02 1.997459214180707932e-03 5.009328573942184448e-02 2.984693273901939392e-02 9.114757925271987915e-02 5.373691022396087646e-02 2.879757992923259735e-02 1.632144674658775330e-03 2.505121566355228424e-02 1.722540333867073059e-02 7.941115647554397583e-03
5.870472639799118042e-02 7.296082377433776855e-02 3.774422034621238708e-02 1.283820997923612595e-02 1.697235181927680969e-02 7.570287585258483887e-02 7.851325720548629761e-02 5.235965177416801453e-02 1.068725436925888062e-02 5.273162573575973511e-02 8.828732371330261230e-02 5.295440182089805603e-02 4.969579875469207764e-01 3.281634068116545677e-03 1.048321556299924850e-02 1.953124813735485077e-02 2.639811858534812927e-02 3.160976618528366089e-02 2.389730885624885559e-02 1.363248564302921295e-02 3.052054531872272491e-02 2.001027762889862061e-02 5.766436923295259476e-03 6.590532511472702026e-02 1.946282759308815002e-02 4.153072461485862732e-02 2.383427508175373077e-02 3.004847839474678040e-02 4.437324590981006622e-03 3.373436629772186279e-02 3.303785994648933411e-02 1.944748312234878540e-02 7.999627850949764252e-04 5.386029928922653198e-02 4.817751049995422363e-02 1.210721489042043686e-02 1.813236996531486511e-02 2.019992331042885780e-03 2.770734764635562897e-02 3.778159618377685547e-02 5.171806365251541138e-02 3.619839251041412354e-02 5.527583137154579163e-02 4.118763655424118042e-02 1.114109437912702560e-02 2.784355357289314270e-02 6.035571172833442688e-02 3.034029528498649597e-02 4.909670911729335785e-03 1.345460955053567886e-02 1.418861653655767441e-02 4.898240044713020325e-02 3.462387993931770325e-02 1.092465966939926147e-02 5.291181057691574097e-02 1.961324177682399750e-02 3.080608323216438293e-03 3.487586230039596558e-02 2.263002470135688782e-02 1.231175661087036133e-02 1.957880333065986633e-02 5.314265191555023193e-02 2.637716475874185562e-03 1.960951834917068481e-03 3.296690806746482849e-02 4.134683310985565186e-02 2.005850709974765778e-02 2.825593017041683197e-02 6.596407387405633926e-03 2.774022705852985382e-02 1.165221352130174637e-02 1.283962745219469070e-02 2.278487198054790497e-02 7.988992147147655487e-03 5.262396857142448425e-02 1.711037009954452515e-02 8.761817589402198792e-03 1.401894446462392807e-02 6.616812665015459061e-03 4.124990478157997131e-02 3.179672360420227051e-02 1.201276946812868118e-02 9.668237529695034027e-03 9.495629929006099701e-03 4.477538540959358215e-02 4.315316304564476013e-02 1.173725072294473648e-02 5.499805510044097900e-02 3.243554383516311646e-02 2.402634732425212860e-02 3.607246279716491699e-02 2.362021245062351227e-02 3.068138286471366882e-02 3.900019079446792603e-02 5.665713548660278320e-02 1.396437268704175949e-02 4.019619151949882507e-02 1.643410511314868927e-02 7.277416298165917397e-04 1.525822188705205917e-02 2.345920912921428680e-02 1.443740352988243103e-02 6.197830196470022202e-03 5.175661295652389526e-02 1.398667227476835251e-02 2.440568245947360992e-02 8.441957645118236542e-03 5.704731494188308716e-02 6.192822474986314774e-04 2.295528165996074677e-02 1.827744953334331512e-02 5.477305129170417786e-02 1.799679920077323914e-02 2.669944986701011658e-02 3.798346593976020813e-02 9.467629715800285339e-03
