4.992709159851074219e-01 1.867915987968444824e-01 4.283170402050018311e-02 1.251935120671987534e-02 2.963609807193279266e-02 8.111330866813659668e-02 6.999632716178894043e-02 1.037395838648080826e-02 2.450230717658996582e-02 8.323933929204940796e-03 1.538525223731994629e-01 3.810586035251617432e-02 1.399423778057098389e-01 8.555931970477104187e-03 5.618816986680030823e-02 1.123344898223876953e-02 2.086126478388905525e-03 3.005553781986236572e-02 2.289572358131408691e-02 3.875361755490303040e-02 3.749781101942062378e-02 4.943244624882936478e-03 4.977940581738948822e-03 1.360359368845820427e-03 7.720002438873052597e-03 3.587818890810012817e-02 4.573455080389976501e-03 2.442838251590728760e-02 1.720222790027037263e-04 2.415899746119976044e-02 1.949603483080863953e-02 2.804580889642238617e-02 4.927778244018554688e-02 2.942458540201187134e-02 3.274191915988922119e-02 2.521480619907379150e-02 1.025270391255617142e-02 1.377021707594394684e-02 5.196392536163330078e-03 3.673153370618820190e-02 2.195546776056289673e-02 8.787139318883419037e-03 2.818219549953937531e-02 4.118530452251434326e-02 9.592557325959205627e-03 1.500661950558423996e-02 7.731036096811294556e-02 3.592437505722045898e-02 2.706853859126567841e-02 2.208417467772960663e-02 4.276864975690841675e-02 2.947134152054786682e-02 3.025363571941852570e-02 1.057778764516115189e-02 2.640403993427753448e-02 8.689796552062034607e-03 6.077604833990335464e-03 2.029257826507091522e-03 2.889639884233474731e-02 2.318640798330307007e-02 3.496918827295303345e-02 3.768899664282798767e-02 3.730385215021669865e-04 3.131761401891708374e-02 2.869242429733276367e-02 9.018278680741786957e-03 4.241641238331794739e-02 3.363939374685287476e-02 1.812886446714401245e-03 1.974397338926792145e-02 7.866775617003440857e-03 9.425006806850433350e-03 2.193609066307544708e-02 3.937908262014389038e-02 1.199926715344190598e-02 3.574213385581970215e-02 1.690421253442764282e-02 6.804657750762999058e-04 1.332415640354156494e-02 2.692185807973146439e-03 7.792678661644458771e-03 3.073509037494659424e-02 1.507778465747833252e-02 1.994510926306247711e-02 4.398087039589881897e-02 1.074150577187538147e-02 2.248196676373481750e-02 3.842677921056747437e-02 3.139055520296096802e-02 3.569746389985084534e-02 4.419431462883949280e-02 4.530538991093635559e-02 8.369540795683860779e-03 2.986133098602294922e-03 2.804301120340824127e-02 2.236646227538585663e-02 2.886786498129367828e-02 2.523649483919143677e-02 7.343405857682228088e-03 6.712544709444046021e-03 4.272489342838525772e-03 2.747678896412253380e-03 3.513968735933303833e-02 2.799218520522117615e-02 2.331462688744068146e-02 3.077511116862297058e-02 2.684948407113552094e-02 5.054044071584939957e-03 4.321926087141036987e-02 5.336484313011169434e-02 2.229115180671215057e-02 2.507722191512584686e-02 2.347759669646620750e-03 2.645815536379814148e-02 5.589123815298080444e-02 1.739596575498580933e-02
1.867915987968444824e-01 4.993019104003906250e-01 2.775626257061958313e-02 1.186371035873889923e-02 8.551444858312606812e-03 7.982914894819259644e-02 8.417672663927078247e-02 3.460015868768095970e-03 6.376269739121198654e-03 7.874067872762680054e-03 1.276104450225830078e-01 3.255742043256759644e-02 1.448195576667785645e-01 7.016598712652921677e-03 4.513606429100036621e-02 8.667681366205215454e-03 1.211653556674718857e-02 1.996194571256637573e-02 1.307968981564044952e-02 4.305614158511161804e-02 3.790354728698730469e-02 1.862567849457263947e-02 2.163580618798732758e-02 1.352945901453495026e-02 1.393567118793725967e-02 3.830879181623458862e-02 1.533761853352189064e-03 2.144499495625495911e-02 1.323483698070049286e-02 1.204707543365657330e-03 3.400126844644546509e-02 2.294409647583961487e-02 5.389171093702316284e-02 3.271473944187164307e-02 4.341061785817146301e-02 6.855179090052843094e-03 1.850838400423526764e-02 1.283436082303524017e-02 1.224836055189371109e-02 3.826395794749259949e-02 9.406312368810176849e-03 5.288571119308471680e-03 2.837783843278884888e-02 4.317950457334518433e-02 8.913387544453144073e-03 3.695568302646279335e-03 6.681785732507705688e-02 4.462369158864021301e-02 2.915977314114570618e-02 2.537337876856327057e-02 2.706613577902317047e-02 3.863982856273651123e-02 1.344120688736438751e-02 2.641221741214394569e-03 1.659017801284790039e-02 1.643497613258659840e-03 1.242441777139902115e-02 1.789964549243450165e-02 9.866806678473949432e-03 3.738135565072298050e-03 3.630207106471061707e-02 2.626504190266132355e-02 1.652449928224086761e-02 1.803778856992721558e-02 2.201578766107559204e-02 1.981130614876747131e-02 4.888470470905303955e-02 3.704083710908889771e-02 3.879998577758669853e-03 1.891477406024932861e-02 8.693286217749118805e-03 6.490669213235378265e-03 2.152233943343162537e-02 3.164558485150337219e-02 1.277169305831193924e-02 3.830373659729957581e-02 1.938751898705959320e-02 8.789164945483207703e-03 2.443691156804561615e-02 2.557205408811569214e-02 5.105122458189725876e-03 1.652279868721961975e-02 2.089714631438255310e-03 7.277974393218755722e-03 4.198310151696205139e-02 1.193574350327253342e-02 2.272523194551467896e-02 5.128768086433410645e-02 1.996717602014541626e-02 3.439908847212791443e-02 4.043366387486457825e-02 2.097491361200809479e-02 1.453693583607673645e-02 2.165558282285928726e-03 3.513733670115470886e-02 1.647491194307804108e-02 3.778441995382308960e-02 4.351428244262933731e-03 2.945203334093093872e-03 6.345922593027353287e-03 9.637784212827682495e-03 1.501540187746286392e-02 3.296545147895812988e-02 4.371012374758720398e-02 3.431328758597373962e-02 4.379383102059364319e-02 2.717603370547294617e-02 8.762925863265991211e-03 2.755760587751865387e-02 5.422884970903396606e-02 2.104039862751960754e-02 2.279740385711193085e-02 2.622182015329599380e-03 2.993677556514739990e-02 5.327251926064491272e-02 1.346630789339542389e-02
4.283170402050018311e-02 2.775626257061958313e-02 4.549448788166046143e-01 2.516821213066577911e-02 3.911738842725753784e-02 1.217601355165243149e-02 1.158540509641170502e-02 6.440150085836648941e-03 2.224276028573513031e-02 4.487667232751846313e-02 2.733724750578403473e-02 6.989582628011703491e-02 4.393023625016212463e-02 2.924278005957603455e-02 1.395899895578622818e-02 5.132633727043867111e-03 3.158635646104812622e-02 7.982191629707813263e-03 7.466806471347808838e-02 1.936131529510021210e-02 2.178599126636981964e-02 2.599926479160785675e-02 1.396520063281059265e-03 1.837952993810176849e-02 1.511336769908666611e-02 2.554435469210147858e-02 3.899712488055229187e-02 4.355653375387191772e-02 3.802257031202316284e-02 1.122874114662408829e-02 1.075415499508380890e-02 3.528374433517456055e-02 3.312957286834716797e-02 2.316912636160850525e-02 9.530976414680480957e-03 2.835663594305515289e-02 1.408695615828037262e-02 3.663672134280204773e-02 3.185506910085678101e-02 1.968414522707462311e-02 4.707549139857292175e-02 2.910442417487502098e-04 3.549280762672424316e-02 1.197093054652214050e-01 1.953098922967910767e-02 2.400431595742702484e-02 3.807619214057922363e-02 1.529004704207181931e-02 1.035251561552286148e-02 6.246295943856239319e-02 1.993238180875778198e-02 2.293724566698074341e-02 1.213881745934486389e-02 2.855614572763442993e-02 2.431862987577915192e-02 1.255476381629705429e-02 2.256850153207778931e-02 3.640764625743031502e-03 1.998455449938774109e-02 2.370530925691127777e-02 2.190364338457584381e-02 2.311160415410995483e-02 2.555316686630249023e-02 4.833602812141180038e-03 1.385319605469703674e-02 3.279134631156921387e-02 3.565414994955062866e-02 4.054195061326026917e-02 2.551841363310813904e-02 2.921083569526672363e-02 5.536118894815444946e-02 3.043513372540473938e-02 2.873638086020946503e-02 2.987871132791042328e-02 4.057373444084078074e-04 2.559585124254226685e-02 4.431785643100738525e-02 8.018644526600837708e-03 1.031240262091159821e-02 2.197412587702274323e-02 1.089941933751106262e-01 6.498156487941741943e-02 2.946741320192813873e-02 4.534372419584542513e-05 1.835611416026949883e-03 3.436103835701942444e-02 2.524638362228870392e-02 3.938008844852447510e-02 8.318218897329643369e-05 1.769015216268599033e-03 2.774877287447452545e-02 1.267917454242706299e-02 1.008110865950584412e-02 5.164692993275821209e-04 5.764333400293253362e-05 7.771465461701154709e-03 7.054809015244245529e-03 3.358113393187522888e-02 1.522745098918676376e-02 2.331803180277347565e-02 2.226254437118768692e-03 1.774529367685317993e-02 3.788436204195022583e-02 3.504062443971633911e-02 2.346050168853253126e-04 1.310555730015039444e-02 3.073186986148357391e-02 3.921832516789436340e-02 6.685555912554264069e-03 2.406893298029899597e-02 3.045538626611232758e-02 2.286957204341888428e-02 3.103342838585376740e-02 2.181098563596606255e-03 1.078034378588199615e-02 7.695411890745162964e-02
1.251935120671987534e-02 1.186371035873889923e-02 2.516821213066577911e-02 4.931530952453613281e-01 1.299530118703842163e-01 8.804908953607082367e-03 8.277746848762035370e-03 3.089165873825550079e-02 1.658626459538936615e-02 2.187547273933887482e-02 1.353551726788282394e-02 9.176000021398067474e-03 2.582606859505176544e-02 1.218953356146812439e-02 6.268461700528860092e-03 2.510568685829639435e-02 4.765497148036956787e-02 4.652825370430946350e-02 1.091945171356201172e-02 1.461763214319944382e-02 1.820665225386619568e-02 3.579060733318328857e-02 3.414937108755111694e-02 3.946464881300926208e-02 2.863498032093048096e-02 2.291589230298995972e-02 2.138100750744342804e-02 2.915447764098644257e-02 3.838964551687240601e-02 2.037103846669197083e-02 3.098963759839534760e-02 1.806330867111682892e-02 3.098113089799880981e-02 2.296240627765655518e-02 1.612105965614318848e-02 3.622979670763015747e-02 1.877564191818237305e-02 4.570348560810089111e-02 8.175652474164962769e-02 4.392771050333976746e-02 2.088549174368381500e-02 3.413207828998565674e-02 2.264541760087013245e-02 3.839980438351631165e-02 5.315971793606877327e-04 4.609476309269666672e-03 3.520812373608350754e-03 1.571254245936870575e-02 2.762599661946296692e-02 4.623414576053619385e-02 1.556225400418043137e-02 3.235433623194694519e-02 3.804670274257659912e-02 1.585086807608604431e-02 4.428390413522720337e-02 1.199359726160764694e-02 1.730986498296260834e-02 3.998552914708852768e-03 9.534843266010284424e-03 3.312126919627189636e-02 1.105414479970932007e-01 3.099486976861953735e-02 3.849592804908752441e-02 4.006725212093442678e-04 5.013281479477882385e-02 2.718350104987621307e-02 4.352538962848484516e-04 4.795709159225225449e-03 4.032517597079277039e-02 2.710686251521110535e-02 4.334760829806327820e-02 3.527396172285079956e-02 1.254530549049377441e-01 3.341566398739814758e-02 5.919235944747924805e-02 9.329139254987239838e-03 1.175361778587102890e-02 4.346174374222755432e-02 5.587686784565448761e-03 2.674619480967521667e-02 1.500312890857458115e-02 1.775632845237851143e-03 6.625989824533462524e-02 1.934020034968852997e-02 3.022486343979835510e-02 5.354691296815872192e-02 5.124102160334587097e-02 3.418897092342376709e-02 5.238133016973733902e-03 4.471198841929435730e-02 3.258320689201354980e-02 3.419050946831703186e-02 3.060381114482879639e-02 3.885924816131591797e-02 6.455589551478624344e-03 1.506650261580944061e-02 4.948372225044295192e-05 2.593917399644851685e-02 1.228519435971975327e-02 2.091030403971672058e-02 3.548112511634826660e-02 3.177129849791526794e-02 1.039711013436317444e-02 2.662629261612892151e-02 6.333519704639911652e-03 1.444368902593851089e-02 3.017812408506870270e-02 1.600664691068232059e-03 3.782634809613227844e-02 1.880752108991146088e-02 4.016944020986557007e-02 6.806998047977685928e-03 2.683229558169841766e-02 1.639528316445648670e-03 1.763552427291870117e-02 4.695633426308631897e-02
2.963609807193279266e-02 8.551444858312606812e-03 3.911738842725753784e-02 1.299530118703842163e-01 4.996877610683441162e-01 6.739959586411714554e-03 3.290807595476508141e-03 8.659069426357746124e-03 1.218834333121776581e-02 5.046935379505157471e-02 1.599923521280288696e-02 3.081099689006805420e-02 1.760237966664135456e-03 1.320692535955458879e-04 3.994094952940940857e-02 2.245910279452800751e-02 3.078827820718288422e-02 5.564713478088378906e-02 5.005494505167007446e-02 1.200518105179071426e-02 1.326781511306762695e-02 3.149522840976715088e-02 4.501678049564361572e-02 4.939037561416625977e-02 1.217484660446643829e-02 8.441298268735408783e-03 1.788951642811298370e-02 3.878950327634811401e-02 2.713752537965774536e-02 5.669064819812774658e-03 4.109291359782218933e-02 1.169699896126985550e-02 2.374030649662017822e-02 9.423249401152133942e-03 2.363013662397861481e-02 4.508707672357559204e-02 8.605913259088993073e-03 3.293311968445777893e-02 6.818343698978424072e-02 7.045812904834747314e-02 1.836704276502132416e-02 1.144182775169610977e-02 2.557790651917457581e-02 3.236927837133407593e-02 2.020432427525520325e-02 9.067662991583347321e-03 2.772952429950237274e-02 2.152127400040626526e-02 1.084924116730690002e-02 4.095526784658432007e-02 2.507211826741695404e-02 2.135778591036796570e-02 3.416828811168670654e-02 7.405367679893970490e-03 1.341784372925758362e-02 3.348882123827934265e-02 1.933643408119678497e-02 4.663610830903053284e-03 4.338408634066581726e-02 2.474871277809143066e-02 6.274893879890441895e-02 4.358548671007156372e-02 5.401686951518058777e-02 2.898784354329109192e-02 2.508479356765747070e-02 3.733147680759429932e-02 4.754910245537757874e-03 8.004388655535876751e-05 1.704214140772819519e-03 4.249063879251480103e-02 2.870647795498371124e-02 2.514369040727615356e-02 1.019294708967208862e-01 4.055381938815116882e-02 7.042358070611953735e-02 1.833604834973812103e-02 1.352109666913747787e-02 1.461084932088851929e-02 4.529025871306657791e-03 7.190132047981023788e-03 3.713111951947212219e-02 2.031070413067936897e-03 8.313587307929992676e-02 5.312919244170188904e-02 4.370406642556190491e-02 5.768689885735511780e-02 3.231401368975639343e-02 3.919587656855583191e-02 3.325814381241798401e-02 2.068118751049041748e-02 4.536729678511619568e-02 2.059402503073215485e-02 2.404743991792201996e-02 5.404173396527767181e-03 1.597922109067440033e-02 3.324017301201820374e-02 1.532806782051920891e-03 3.141942247748374939e-02 7.359869778156280518e-03 2.362541621550917625e-03 2.390464022755622864e-02 3.764663590118288994e-03 3.869896987453103065e-03 2.185803465545177460e-02 2.369514480233192444e-02 2.204033732414245605e-02 7.765483111143112183e-03 2.524019964039325714e-02 2.544556371867656708e-02 1.077057910151779652e-03 2.611439302563667297e-02 1.739734224975109100e-02 1.342378929257392883e-02 1.310350839048624039e-02 1.473676413297653198e-02 4.016076400876045227e-02
8.111330866813659668e-02 7.982914894819259644e-02 1.217601355165243149e-02 8.804908953607082367e-03 6.739959586411714554e-03 5.112085938453674316e-01 1.300726234912872314e-01 1.015134528279304504e-02 4.213328659534454346e-02 1.117729861289262772e-02 8.884513378143310547e-02 3.798821568489074707e-02 7.823377847671508789e-02 6.372792273759841919e-02 5.072060972452163696e-03 2.345964498817920685e-02 2.170448750257492065e-02 1.137250382453203201e-02 1.368149090558290482e-02 3.825082909315824509e-03 2.066799439489841461e-02 1.567704603075981140e-02 4.621101915836334229e-02 3.528320416808128357e-02 1.762127317488193512e-02 1.779498718678951263e-02 3.853008151054382324e-02 3.622592613101005554e-02 2.925599366426467896e-02 3.957539424300193787e-02 7.055893074721097946e-03 4.543299291981384158e-05 1.845562458038330078e-02 3.593174275010824203e-03 2.372337877750396729e-02 5.011475831270217896e-02 3.754006326198577881e-02 1.801637187600135803e-02 1.115002669394016266e-02 5.119089968502521515e-03 6.037809699773788452e-02 3.363700211048126221e-02 4.031068086624145508e-02 2.073811925947666168e-02 3.506175801157951355e-02 2.736871130764484406e-02 1.046705469489097595e-01 7.973756641149520874e-02 1.031901780515909195e-02 4.982455447316169739e-02 9.406305849552154541e-03 5.929275415837764740e-03 4.830706492066383362e-02 2.913772128522396088e-02 7.863596081733703613e-03 2.084036730229854584e-02 3.757167235016822815e-02 6.187137588858604431e-02 1.120584271848201752e-02 2.077571675181388855e-02 4.234151914715766907e-03 1.524898968636989594e-02 4.558448493480682373e-02 3.770238533616065979e-02 2.847596444189548492e-02 3.637244179844856262e-02 4.134892951697111130e-03 4.092103336006402969e-03 2.770915627479553223e-02 4.779885709285736084e-02 1.364502590149641037e-02 2.945739962160587311e-02 1.730981399305164814e-03 4.748472571372985840e-02 1.227440312504768372e-02 5.238378798821941018e-05 4.385236650705337524e-02 4.223428666591644287e-02 4.612941667437553406e-02 3.322722017765045166e-02 1.964038982987403870e-02 1.226226799190044403e-02 2.015005797147750854e-02 2.852064557373523712e-02 3.274131566286087036e-02 1.336734369397163391e-02 1.773947291076183319e-02 2.156328782439231873e-02 1.015894394367933273e-02 1.515267975628376007e-02 2.339002862572669983e-02 1.120013091713190079e-02 3.815408423542976379e-02 4.884150251746177673e-02 2.044270373880863190e-02 2.022599428892135620e-02 2.518058381974697113e-02 1.944427192211151123e-02 3.696069121360778809e-02 2.416782453656196594e-02 1.908720843493938446e-02 3.818346187472343445e-02 2.269883081316947937e-02 3.311715275049209595e-02 1.560200355015695095e-03 3.870786726474761963e-02 4.116429761052131653e-02 2.302708104252815247e-02 3.425860777497291565e-02 2.139432914555072784e-02 5.458043422549962997e-03 1.766284182667732239e-02 4.352401569485664368e-02 2.636137977242469788e-02 3.433459624648094177e-02 3.312679007649421692e-03
6.999632716178894043e-02 8.417672663927078247e-02 1.158540509641170502e-02 8.277746848762035370e-03 3.290807595476508141e-03 1.300726234912872314e-01 5.128371715545654297e-01 1.245471183210611343e-02 2.301916852593421936e-02 1.286806911230087280e-02 8.117909729480743408e-02 1.981226727366447449e-02 8.420729637145996094e-02 5.216744914650917053e-02 2.782278507947921753e-02 3.377036377787590027e-02 2.795344032347202301e-02 4.217817448079586029e-03 1.931135356426239014e-02 5.089905112981796265e-03 3.418187052011489868e-02 9.665134362876415253e-03 4.727965220808982849e-02 4.139854758977890015e-02 1.631870493292808533e-02 2.273865230381488800e-02 3.315434977412223816e-02 2.092375420033931732e-02 3.070607036352157593e-02 2.463058009743690491e-02 1.387712452560663223e-02 5.593114532530307770e-03 3.983423113822937012e-03 8.085498586297035217e-03 1.872463710606098175e-02 5.222593992948532104e-02 4.628038033843040466e-02 1.900747418403625488e-02 9.095512330532073975e-03 2.943830913864076138e-04 5.291724577546119690e-02 3.948333859443664551e-02 3.931746259331703186e-02 1.312270667403936386e-02 3.655534982681274414e-02 2.859390154480934143e-02 1.032897084951400757e-01 9.074267745018005371e-02 2.644688077270984650e-02 5.369209498167037964e-02 6.264454219490289688e-03 3.380042035132646561e-03 4.447494074702262878e-02 3.304629772901535034e-02 7.593007758259773254e-03 3.342401981353759766e-02 3.701571002602577209e-02 6.010855361819267273e-02 1.958274655044078827e-02 3.360180184245109558e-02 7.031329441815614700e-03 1.759861409664154053e-02 5.937932431697845459e-02 4.431332647800445557e-02 2.454151026904582977e-02 4.066064208745956421e-02 3.257014788687229156e-03 4.105111584067344666e-03 1.945161260664463043e-02 5.237568542361259460e-02 1.165621634572744370e-02 2.702105790376663208e-02 4.266054369509220123e-03 3.894589096307754517e-02 2.663981169462203979e-03 1.501873694360256195e-02 3.548284620046615601e-02 3.702183440327644348e-02 3.342105075716972351e-02 4.459230974316596985e-02 1.797333359718322754e-02 5.711128003895282745e-03 2.296200580894947052e-02 1.607664860785007477e-02 3.994140028953552246e-02 1.907765120267868042e-02 9.528898634016513824e-03 2.420513704419136047e-02 9.779955260455608368e-03 1.606065779924392700e-02 3.113492392003536224e-02 2.514243684709072113e-02 5.246201902627944946e-02 5.875205993652343750e-02 8.361014537513256073e-03 1.695723645389080048e-02 2.135772816836833954e-02 3.659085556864738464e-02 4.508288204669952393e-02 2.731857076287269592e-02 2.134651690721511841e-02 4.513086751103401184e-02 3.417946398258209229e-02 2.000183798372745514e-02 8.944817818701267242e-03 2.507612481713294983e-02 4.298831894993782043e-02 1.300000119954347610e-02 3.769407048821449280e-02 1.679961197078227997e-02 6.883491296321153641e-03 4.277023673057556152e-02 4.338945820927619934e-02 2.270051091909408569e-02 3.229179233312606812e-02 1.793830282986164093e-02
1.037395838648080826e-02 3.460015868768095970e-03 6.440150085836648941e-03 3.089165873825550079e-02 8.659069426357746124e-03 1.015134528279304504e-02 1.245471183210611343e-02 4.673141837120056152e-01 3.562101721763610840e-02 8.703591302037239075e-03 4.010051861405372620e-02 5.681415088474750519e-03 2.717989310622215271e-02 7.247789297252893448e-03 3.215837478637695312e-02 1.420907955616712570e-02 2.268216758966445923e-02 3.128293901681900024e-02 5.539866164326667786e-03 1.756937243044376373e-03 5.975765734910964966e-02 3.302919492125511169e-02 3.757943632081151009e-03 4.134654067456722260e-03 1.312062144279479980e-02 9.623358026146888733e-03 3.429307416081428528e-02 3.445167839527130127e-02 4.145440831780433655e-02 3.016948327422142029e-02 2.370939403772354126e-02 1.552973128855228424e-02 3.606552258133888245e-02 1.147308852523565292e-02 1.891996711492538452e-02 3.320753946900367737e-02 2.263967692852020264e-02 4.852480068802833557e-02 1.407442241907119751e-02 4.060245305299758911e-02 3.318970277905464172e-02 2.147893421351909637e-02 2.632813155651092529e-02 5.792460404336452484e-03 1.844889298081398010e-02 1.827240921556949615e-02 2.528450265526771545e-02 2.185448259115219116e-02 3.361409157514572144e-02 1.773588918149471283e-02 1.485079992562532425e-02 3.623658046126365662e-02 2.833509631454944611e-02 4.112298041582107544e-02 3.171014040708541870e-02 3.792603733018040657e-03 2.069220691919326782e-02 2.680872380733489990e-02 2.252524718642234802e-02 6.153171416372060776e-03 2.054917253553867340e-02 1.088318414986133575e-02 4.659079015254974365e-02 2.460153959691524506e-02 4.345504939556121826e-02 5.872903391718864441e-02 9.671436622738838196e-03 5.036957189440727234e-02 8.250388316810131073e-03 2.298451401293277740e-02 2.580065838992595673e-02 3.220336511731147766e-02 8.323997026309370995e-04 2.263263426721096039e-02 2.705941721796989441e-02 1.650950312614440918e-02 4.039654508233070374e-02 1.253092661499977112e-02 1.971422880887985229e-02 2.577570267021656036e-02 1.212322041392326355e-01 1.141681447625160217e-01 1.651481166481971741e-02 2.565054222941398621e-02 2.659608237445354462e-02 3.689008206129074097e-02 8.192296326160430908e-02 4.516287893056869507e-02 2.547386102378368378e-02 8.758633397519588470e-03 3.610862419009208679e-02 1.141313742846250534e-02 9.728721342980861664e-03 6.393011062755249441e-06 1.034924294799566269e-03 2.991098538041114807e-02 7.491589058190584183e-03 2.689736522734165192e-02 3.999359160661697388e-02 3.664964064955711365e-02 2.210754156112670898e-02 5.536727840080857277e-04 2.480274997651576996e-02 2.216480486094951630e-02 1.081014052033424377e-02 4.305275902152061462e-02 6.778721231967210770e-03 1.925280317664146423e-02 4.037362337112426758e-02 3.098927624523639679e-02 9.121978655457496643e-03 9.491102769970893860e-03 4.735043272376060486e-02 2.394029684364795685e-02 1.839171280153095722e-03 2.664412558078765869e-02
2.450230717658996582e-02 6.376269739121198654e-03 2.224276028573513031e-02 1.658626459538936615e-02 1.218834333121776581e-02 4.213328659534454346e-02 2.301916852593421936e-02 3.562101721763610840e-02 4.861197769641876221e-01 8.627386391162872314e-02 2.125199884176254272e-02 2.663382887840270996e-02 2.380415797233581543e-02 4.548225179314613342e-02 8.513431996107101440e-03 3.893189504742622375e-02 5.426189303398132324e-02 8.164992928504943848e-02 3.028818406164646149e-03 5.041192471981048584e-02 2.468740008771419525e-02 1.043256954289972782e-03 1.878879033029079437e-02 4.737949743866920471e-02 3.559310361742973328e-02 3.610749915242195129e-02 8.619342697784304619e-04 5.921432003378868103e-02 1.080449018627405167e-02 5.163711681962013245e-02 2.907486259937286377e-02 2.537438645958900452e-02 2.976887859404087067e-02 4.492104426026344299e-02 3.314566984772682190e-02 4.082823917269706726e-02 1.019102288410067558e-03 4.840610176324844360e-02 2.091786824166774750e-02 5.208140937611460686e-04 8.322237059473991394e-03 1.977434381842613220e-03 3.400659887120127678e-03 2.986030839383602142e-02 5.977397039532661438e-02 2.949365787208080292e-02 1.191928610205650330e-02 2.249600924551486969e-02 6.215854547917842865e-03 2.436387725174427032e-02 9.515342302620410919e-03 2.438782714307308197e-02 4.146710038185119629e-02 2.906464971601963043e-02 9.907541424036026001e-02 8.380705490708351135e-03 4.318021237850189209e-03 2.041276171803474426e-02 2.889625914394855499e-02 3.590402379631996155e-02 2.200888656079769135e-02 1.033839397132396698e-02 2.010162919759750366e-02 6.363875698298215866e-03 1.752596907317638397e-02 4.359023179858922958e-03 3.970927000045776367e-02 3.356322273612022400e-02 2.572326920926570892e-02 9.850802831351757050e-03 6.102078128606081009e-03 4.484559874981641769e-03 5.895362235605716705e-03 3.210850059986114502e-02 3.213940188288688660e-02 4.792776331305503845e-02 1.110872551798820496e-01 3.330585360527038574e-02 1.092797070741653442e-01 1.377741154283285141e-02 6.965371780097484589e-03 1.123009994626045227e-02 1.025094091892242432e-01 8.255750685930252075e-02 2.224609814584255219e-02 3.371378034353256226e-02 3.991730511188507080e-02 2.358293719589710236e-02 5.000186711549758911e-02 4.877923801541328430e-02 4.555817693471908569e-02 2.623317204415798187e-02 1.648396253585815430e-02 9.138059685938060284e-04 4.590150713920593262e-02 1.115042995661497116e-02 7.342502009123563766e-03 5.789131298661231995e-02 9.647671133279800415e-03 1.138743292540311813e-02 2.327422238886356354e-02 4.548783227801322937e-02 5.353222601115703583e-03 7.897052913904190063e-03 2.984118647873401642e-02 4.824515059590339661e-02 4.168550297617912292e-02 4.066228866577148438e-02 8.503183722496032715e-03 2.061102166771888733e-02 4.151676222681999207e-02 2.878673560917377472e-02 1.037660427391529083e-02 2.280195057392120361e-02 2.394829876720905304e-02 3.887116676196455956e-03
8.323933929204940796e-03 7.874067872762680054e-03 4.487667232751846313e-02 2.187547273933887482e-02 5.046935379505157471e-02 1.117729861289262772e-02 1.286806911230087280e-02 8.703591302037239075e-03 8.627386391162872314e-02 4.946314990520477295e-01 1.369413570500910282e-03 3.241800144314765930e-02 3.570550354197621346e-03 2.779940702021121979e-02 1.823695749044418335e-02 3.302055597305297852e-02 2.839855104684829712e-02 6.158706732094287872e-03 9.951998293399810791e-02 4.679941013455390930e-02 5.624639242887496948e-02 2.253956906497478485e-02 7.207961753010749817e-03 7.791455835103988647e-02 3.790259361267089844e-02 1.638484559953212738e-02 8.034734986722469330e-03 5.133110284805297852e-02 1.936894655227661133e-02 4.454195871949195862e-02 2.406615577638149261e-02 4.321552440524101257e-02 2.764236181974411011e-02 3.168269619345664978e-02 2.849072031676769257e-02 7.284546270966529846e-03 4.224123433232307434e-02 5.876049771904945374e-02 7.814536802470684052e-03 2.894975058734416962e-02 4.793155938386917114e-02 1.128753647208213806e-02 8.471034467220306396e-03 9.490637108683586121e-03 4.143621027469635010e-02 2.335266396403312683e-02 4.616263322532176971e-03 1.916787959635257721e-02 2.222257293760776520e-02 1.291662752628326416e-01 9.890132583677768707e-03 1.548459753394126892e-02 4.477900266647338867e-02 2.000136487185955048e-02 9.094113484025001526e-03 1.412203460931777954e-01 2.992335520684719086e-02 2.406296320259571075e-02 2.653796970844268799e-02 1.685982942581176758e-02 4.229908064007759094e-02 3.279633447527885437e-02 4.111969843506813049e-02 4.510711133480072021e-02 4.616132751107215881e-02 2.166176401078701019e-02 3.445939347147941589e-02 4.308421164751052856e-03 1.373206079006195068e-02 1.112830359488725662e-02 6.956379860639572144e-02 2.990960888564586639e-02 1.724377647042274475e-02 6.121062859892845154e-02 1.941229589283466339e-02 4.693341907113790512e-03 3.166158124804496765e-02 1.232855618000030518e-01 5.993403866887092590e-02 2.015373706817626953e-01 1.425926573574542999e-02 1.318310014903545380e-02 2.816747315227985382e-02 1.204898431897163391e-01 4.939685016870498657e-02 2.744910120964050293e-02 1.690353080630302429e-02 2.458552084863185883e-02 2.090115286409854889e-02 5.036790296435356140e-02 1.285170577466487885e-02 3.487084759399294853e-03 2.581724897027015686e-02 1.644547283649444580e-02 1.568035781383514404e-02 4.117371514439582825e-02 3.808940201997756958e-02 5.010694637894630432e-02 1.042227819561958313e-02 3.434761613607406616e-02 2.596338279545307159e-02 1.204028259962797165e-02 3.144632652401924133e-02 1.125120185315608978e-02 2.179247513413429260e-02 2.597322128713130951e-02 2.752644568681716919e-02 1.332844980061054230e-02 1.134970318526029587e-02 7.605414371937513351e-03 3.284319117665290833e-02 4.678381606936454773e-02 3.089795075356960297e-02 4.486177489161491394e-02 3.965213149785995483e-02 2.996843867003917694e-02
1.538525223731994629e-01 1.276104450225830078e-01 2.733724750578403473e-02 1.353551726788282394e-02 1.599923521280288696e-02 8.884513378143310547e-02 8.117909729480743408e-02 4.010051861405372620e-02 2.125199884176254272e-02 1.369413570500910282e-03 5.085421204566955566e-01 2.737924642860889435e-02 1.460426002740859985e-01 1.362323015928268433e-02 6.565070897340774536e-02 2.045949362218379974e-02 2.432290464639663696e-02 3.354318812489509583e-02 1.882258104160428047e-03 3.054309077560901642e-02 3.708780929446220398e-02 1.795940916053950787e-03 2.241068892180919647e-02 3.767787292599678040e-02 3.971705213189125061e-02 4.558539390563964844e-02 1.299310475587844849e-03 2.925067581236362457e-02 1.592661999166011810e-02 4.360057041049003601e-02 7.299015764147043228e-03 5.826148390769958496e-02 3.171378374099731445e-02 4.907741770148277283e-02 1.731759309768676758e-02 9.410513564944267273e-03 3.630663501098752022e-03 2.717933617532253265e-02 5.466653965413570404e-03 3.012593835592269897e-02 2.032565418630838394e-03 1.062647625803947449e-02 2.031576633453369141e-02 6.787664256989955902e-03 1.246658526360988617e-02 2.466033957898616791e-02 8.993107825517654419e-02 2.812723629176616669e-02 1.719518750905990601e-02 4.175757989287376404e-03 3.807333856821060181e-02 1.771194301545619965e-02 1.129244174808263779e-02 3.269257396459579468e-02 1.793274469673633575e-02 8.018617518246173859e-03 5.087965633720159531e-03 3.644278645515441895e-02 2.880750456824898720e-03 1.457251422107219696e-02 4.997033998370170593e-02 2.987524121999740601e-02 1.687312615104019642e-04 2.195102721452713013e-02 7.980760931968688965e-02 5.548366159200668335e-02 5.356680229306221008e-02 3.567614033818244934e-02 5.962933413684368134e-03 1.850477047264575958e-02 9.826302528381347656e-03 1.645781099796295166e-02 7.057667709887027740e-03 4.199611023068428040e-02 4.538261331617832184e-03 5.007803812623023987e-02 4.542711749672889709e-02 1.821673288941383362e-02 8.106342516839504242e-03 2.754463069140911102e-02 7.586141582578420639e-03 9.454107843339443207e-03 6.019926164299249649e-03 5.708566401153802872e-03 2.968512289226055145e-02 1.534365233965218067e-03 6.427340209484100342e-02 5.939075723290443420e-02 3.336774557828903198e-02 4.022435843944549561e-02 3.396459296345710754e-02 7.683826982975006104e-02 4.089852329343557358e-03 1.670931279659271240e-02 3.904026746749877930e-02 3.414295613765716553e-02 1.392698194831609726e-02 1.287080906331539154e-02 9.995671920478343964e-03 1.023423857986927032e-02 3.215589746832847595e-02 3.825234621763229370e-02 4.377510026097297668e-02 5.230768397450447083e-02 3.567503392696380615e-02 2.090805955231189728e-02 9.596176445484161377e-03 1.957760751247406006e-02 1.468920055776834488e-02 2.776084840297698975e-02 2.710052952170372009e-02 2.634488232433795929e-02 9.674540720880031586e-03 1.205043401569128036e-02 3.210889408364892006e-03 9.405197575688362122e-03
3.810586035251617432e-02 3.255742043256759644e-02 6.989582628011703491e-02 9.176000021398067474e-03 3.081099689006805420e-02 3.798821568489074707e-02 1.981226727366447449e-02 5.681415088474750519e-03 2.663382887840270996e-02 3.241800144314765930e-02 2.737924642860889435e-02 4.953429698944091797e-01 5.189621448516845703e-02 1.447008103132247925e-01 4.291084036231040955e-02 2.733573690056800842e-02 3.262044489383697510e-02 3.245523571968078613e-02 3.837904706597328186e-02 4.123146459460258484e-02 6.298469379544258118e-03 1.204645819962024689e-02 1.855508238077163696e-02 9.779594838619232178e-03 2.474711462855339050e-02 3.250804543495178223e-02 2.080841548740863800e-02 1.723044663667678833e-01 9.804212022572755814e-04 1.523529440164566040e-01 3.440389037132263184e-02 1.419980730861425400e-02 3.782755136489868164e-02 4.047839436680078506e-03 5.084225442260503769e-03 3.338339552283287048e-02 4.805441200733184814e-02 1.866397447884082794e-02 4.554169252514839172e-03 1.076498255133628845e-02 3.741554915904998779e-02 5.433740094304084778e-03 2.877420932054519653e-02 2.594071254134178162e-02 8.206345140933990479e-02 3.757720813155174255e-02 1.393506675958633423e-02 1.869656611233949661e-03 1.683706976473331451e-02 1.108546927571296692e-02 1.802115351893007755e-03 4.156177456025034189e-04 3.958195075392723083e-02 1.423729769885540009e-02 4.518925398588180542e-02 3.058842383325099945e-02 2.238075807690620422e-02 1.610279269516468048e-02 4.971634224057197571e-02 2.893277630209922791e-02 6.609666347503662109e-02 5.422545596957206726e-02 2.815458737313747406e-02 4.369895905256271362e-02 2.538211829960346222e-02 4.429088532924652100e-02 2.064425498247146606e-02 2.826580964028835297e-02 2.022028900682926178e-02 3.615632187575101852e-03 2.227851934731006622e-02 2.341928146779537201e-02 9.527016431093215942e-03 2.143032476305961609e-02 1.674585160799324512e-03 3.425974398851394653e-02 7.261112332344055176e-03 7.117725908756256104e-03 6.582675129175186157e-02 4.377409070730209351e-02 2.979956567287445068e-02 1.094368007034063339e-02 5.112294107675552368e-02 1.765323430299758911e-02 5.013512074947357178e-02 3.338548541069030762e-02 3.512420877814292908e-02 4.435319080948829651e-02 3.307388350367546082e-02 5.320871621370315552e-02 7.816640660166740417e-03 6.374342367053031921e-03 1.332748308777809143e-02 1.873393892310559750e-03 7.516778539866209030e-03 1.313340757042169571e-02 9.883275255560874939e-03 4.201243817806243896e-02 2.485664561390876770e-02 4.044555127620697021e-02 2.926179766654968262e-02 2.869218960404396057e-02 4.324012622237205505e-02 5.235383287072181702e-03 2.762283012270927429e-02 1.508752722293138504e-02 2.348562888801097870e-02 2.223889715969562531e-02 8.816723711788654327e-03 1.671384274959564209e-02 9.191443212330341339e-03 3.655448928475379944e-02 1.362763717770576477e-02 2.667086198925971985e-02 3.882410004734992981e-03 2.496700361371040344e-02
1.399423778057098389e-01 1.448195576667785645e-01 4.393023625016212463e-02 2.582606859505176544e-02 1.760237966664135456e-03 7.823377847671508789e-02 8.420729637145996094e-02 2.717989310622215271e-02 2.380415797233581543e-02 3.570550354197621346e-03 1.460426002740859985e-01 5.189621448516845703e-02 5.136319398880004883e-01 5.467120092362165451e-03 5.545569583773612976e-02 2.744446508586406708e-02 3.158996626734733582e-02 4.184892866760492325e-03 1.943139359354972839e-02 3.814858943223953247e-02 3.210708126425743103e-02 1.023628842085599899e-02 2.546413987874984741e-02 2.328700758516788483e-02 1.512616965919733047e-02 3.115958161652088165e-02 6.648082751780748367e-03 4.608850553631782532e-02 3.359906747937202454e-02 1.070307381451129913e-02 6.564813666045665741e-03 2.169920131564140320e-02 4.046335071325302124e-02 1.957025751471519470e-02 3.759552910923957825e-02 2.835759148001670837e-02 1.124302018433809280e-02 3.488358343020081520e-04 1.264263223856687546e-02 3.723244741559028625e-02 1.655753119848668575e-03 1.375616155564785004e-02 4.976680874824523926e-02 3.153431415557861328e-02 2.360936254262924194e-03 1.763629913330078125e-02 8.639412373304367065e-02 5.421884730458259583e-02 8.225612342357635498e-03 2.364967204630374908e-02 3.619456291198730469e-02 3.392518684267997742e-02 1.081217359751462936e-02 4.931221250444650650e-03 1.642491668462753296e-02 1.591362059116363525e-02 6.570142228156328201e-03 4.696280509233474731e-02 6.548831705003976822e-03 1.708898507058620453e-02 9.395448490977287292e-03 1.334661804139614105e-02 2.364270016551017761e-02 3.836293518543243408e-02 7.358404994010925293e-02 6.399258226156234741e-02 3.779550269246101379e-02 1.838092505931854248e-02 6.698928773403167725e-03 8.593077771365642548e-03 4.971004091203212738e-03 3.403381630778312683e-02 9.721110574901103973e-03 1.738228835165500641e-02 4.025768954306840897e-03 2.975679375231266022e-02 1.446780469268560410e-02 1.357955858111381531e-02 1.736269518733024597e-02 4.214442893862724304e-02 1.388518372550606728e-03 4.062365368008613586e-02 2.049863710999488831e-02 5.069910548627376556e-03 3.299512714147567749e-02 5.085506476461887360e-03 2.719264477491378784e-02 4.647965356707572937e-02 3.829229250550270081e-02 2.155468054115772247e-02 6.283686310052871704e-02 3.637311980128288269e-02 2.850743196904659271e-02 1.052864640951156616e-02 3.325433284044265747e-02 2.649086341261863708e-02 3.742352128028869629e-02 6.332719232887029648e-03 2.721418254077434540e-02 2.563914842903614044e-02 1.283584255725145340e-02 2.326054684817790985e-02 3.816535323858261108e-02 5.429848283529281616e-02 4.802710562944412231e-02 4.835388064384460449e-02 1.961418427526950836e-02 1.584552414715290070e-02 3.161745518445968628e-02 3.387813270092010498e-02 2.491921372711658478e-02 3.133869916200637817e-02 1.646574400365352631e-02 4.139946028590202332e-02 8.233253611251711845e-04 1.089715119451284409e-02
