7.329706847667694092e-02 1.187708750367164612e-01 1.484298706054687500e-02 3.773038089275360107e-02 2.489103749394416809e-02 9.112788736820220947e-02 4.610873758792877197e-02 1.413699332624673843e-02 5.706038326025009155e-02 3.976116701960563660e-02 9.651975333690643311e-02 3.232613950967788696e-02 1.248512491583824158e-01 1.795163378119468689e-02 2.940762601792812347e-02 1.266148686408996582e-02 8.352809236384928226e-04 3.589731454849243164e-02 4.085833579301834106e-02 1.455829944461584091e-02 6.178376823663711548e-02 1.046230364590883255e-02 1.195394527167081833e-02 3.369550034403800964e-02 3.415861399844288826e-03 7.188395597040653229e-03 5.436030216515064240e-03 1.950783538632094860e-03 4.087248817086219788e-02 5.243781954050064087e-03 1.496607717126607895e-02 3.235782682895660400e-02 1.108448579907417297e-02 2.429185062646865845e-02 2.174384705722332001e-02 3.740525618195533752e-02 1.326498296111822128e-02 2.026463113725185394e-02 2.369338646531105042e-02 2.398422732949256897e-02 4.181742295622825623e-02 2.683168463408946991e-02 3.396599739789962769e-02 2.137021161615848541e-02 3.002763725817203522e-02 1.959602907299995422e-02 6.390073895454406738e-02 2.208389155566692352e-02 2.248815959319472313e-03 3.613388538360595703e-02 2.775038825348019600e-03 1.139243482612073421e-03 1.881550624966621399e-02 1.820934936404228210e-02 6.697586178779602051e-02 7.649107370525598526e-03 2.354757860302925110e-02 3.278394043445587158e-02 2.757320553064346313e-02 4.297420382499694824e-02 1.916531100869178772e-02 1.829854585230350494e-02 2.022526785731315613e-02 2.371349604800343513e-03 1.437011547386646271e-02 6.793638318777084351e-02 1.348736975342035294e-02 1.591487973928451538e-02 1.470518205314874649e-02 7.630368322134017944e-02 6.813420914113521576e-03 4.092834889888763428e-02 4.419047757983207703e-02 1.273267995566129684e-02 7.619785610586404800e-03 5.018027499318122864e-02 1.427795551717281342e-02 6.030957400798797607e-02 5.357342585921287537e-02 1.389950048178434372e-02 1.853719167411327362e-02 6.134299188852310181e-02 2.027065679430961609e-02 3.011158294975757599e-02 5.926648154854774475e-03 1.511440932517871261e-04 4.723241087049245834e-03 6.622518412768840790e-03 4.474687576293945312e-02 1.743660122156143188e-02 6.028580665588378906e-02 3.989087045192718506e-02 3.164520021528005600e-03 5.122046172618865967e-02 1.185131072998046875e-02 5.436723679304122925e-02 7.102858275175094604e-02 2.396911010146141052e-02 1.914764381945133209e-02 1.318556815385818481e-02 3.628190979361534119e-02 4.069316387176513672e-02 2.251333184540271759e-02 2.566319890320301056e-03 1.515897829085588455e-02 2.994934283196926117e-02 2.892818860709667206e-02 4.123695194721221924e-02 3.554645180702209473e-02 8.674556389451026917e-03 1.856478862464427948e-02 7.198058068752288818e-02 4.171042144298553467e-02 3.294070810079574585e-02 2.707426808774471283e-02 3.966864198446273804e-02
1.187708750367164612e-01 7.526274025440216064e-02 3.527341783046722412e-02 1.346086710691452026e-02 4.969745501875877380e-02 8.058928698301315308e-02 5.111861974000930786e-02 1.394674181938171387e-02 6.266568601131439209e-02 4.174572229385375977e-02 8.879450708627700806e-02 8.266715332865715027e-03 9.288422763347625732e-02 2.720524091273546219e-03 2.832594886422157288e-02 3.519436344504356384e-03 5.625956691801548004e-03 2.565464377403259277e-02 5.057386588305234909e-03 1.699779741466045380e-02 6.102287024259567261e-02 3.477904573082923889e-02 5.021786782890558243e-03 1.977908052504062653e-02 1.587802730500698090e-02 1.549737248569726944e-02 2.847653254866600037e-02 1.131267845630645752e-02 4.143137857317924500e-02 7.826079614460468292e-03 5.167286098003387451e-02 1.093443296849727631e-02 4.795444756746292114e-02 3.644870594143867493e-02 1.658664667047560215e-03 3.680589795112609863e-02 2.312316745519638062e-02 7.350570056587457657e-03 6.411076989024877548e-03 2.897342853248119354e-02 9.549539536237716675e-03 1.655073277652263641e-02 4.234972596168518066e-02 3.256932273507118225e-02 4.078342393040657043e-02 4.215934127569198608e-02 5.158387124538421631e-02 8.954664692282676697e-03 2.256343606859445572e-03 8.229982107877731323e-03 6.728021427989006042e-03 1.102146692574024200e-02 6.036771461367607117e-02 1.089751254767179489e-02 7.336575537919998169e-02 3.474592790007591248e-02 3.587457537651062012e-02 4.376925900578498840e-02 2.520770207047462463e-02 2.370742149651050568e-03 4.964498430490493774e-02 1.676174998283386230e-02 4.199109226465225220e-02 3.525234758853912354e-02 4.477318376302719116e-02 4.521838854998350143e-03 1.886685937643051147e-02 1.005316060036420822e-02 1.267487183213233948e-03 8.395700156688690186e-02 2.570566348731517792e-02 7.163586094975471497e-03 1.202855817973613739e-02 3.860127413645386696e-03 1.913210749626159668e-02 3.257773444056510925e-02 3.194394707679748535e-02 6.492657214403152466e-02 3.642481565475463867e-02 3.683673590421676636e-02 2.337872795760631561e-02 3.620807453989982605e-02 9.441367350518703461e-03 3.647965146228671074e-03 4.565060138702392578e-02 4.410979896783828735e-02 2.632959932088851929e-02 2.350069768726825714e-02 3.897184878587722778e-02 1.222864631563425064e-02 3.895334154367446899e-02 7.720225304365158081e-02 4.728488624095916748e-02 6.789080798625946045e-03 7.298258692026138306e-02 3.493597730994224548e-02 4.056821390986442566e-02 2.238474041223526001e-02 9.324874728918075562e-03 3.549828659743070602e-03 4.351632297039031982e-02 3.138350695371627808e-02 2.774920128285884857e-02 4.618341568857431412e-03 2.474860474467277527e-02 1.984626799821853638e-02 1.872033439576625824e-02 2.999233826994895935e-02 1.025475095957517624e-02 2.939544850960373878e-03 5.668407306075096130e-02 5.035922367824241519e-05 2.633240073919296265e-02 3.966898657381534576e-03 1.470327656716108322e-02 2.986400946974754333e-02
1.484298706054687500e-02 3.527341783046722412e-02 6.016809493303298950e-02 1.225016452372074127e-02 3.039616718888282776e-02 1.823737844824790955e-02 1.947005628608167171e-03 1.519817262887954712e-01 5.041899904608726501e-02 1.588061801157891750e-03 1.416912302374839783e-02 5.544601473957300186e-03 1.434205565601587296e-02 3.607668331824243069e-04 8.547732234001159668e-02 5.647315643727779388e-03 1.123656751587986946e-03 1.829436607658863068e-02 2.221206203103065491e-02 3.222465515136718750e-02 6.199371814727783203e-02 5.734277889132499695e-02 3.046180494129657745e-02 1.294604316353797913e-02 4.424507264047861099e-03 3.618358448147773743e-02 2.047615498304367065e-02 3.739962726831436157e-02 2.921091392636299133e-03 3.408677875995635986e-02 7.664125412702560425e-03 2.523084543645381927e-02 5.155912041664123535e-02 1.191777922213077545e-02 4.775333218276500702e-03 6.278787553310394287e-02 4.498145356774330139e-02 2.315183542668819427e-02 1.561625394970178604e-02 1.773953437805175781e-02 6.922310590744018555e-02 1.905180327594280243e-02 3.337083756923675537e-02 2.289879471063613892e-01 3.246139362454414368e-02 5.732001736760139465e-03 2.125872066244482994e-03 6.968228612095117569e-03 1.221375167369842529e-02 2.137974463403224945e-02 1.000027265399694443e-02 1.171469688415527344e-03 3.142238035798072815e-02 5.075458809733390808e-02 1.534294569864869118e-03 4.981447383761405945e-02 1.785448938608169556e-02 1.186971552670001984e-02 3.750295564532279968e-02 6.369772553443908691e-02 6.592950224876403809e-02 1.113799307495355606e-02 2.036487124860286713e-02 4.977063275873661041e-03 1.523627806454896927e-02 4.046253487467765808e-02 4.642162472009658813e-02 3.825942799448966980e-02 5.807607993483543396e-02 4.889900237321853638e-02 7.311917841434478760e-02 2.970700711011886597e-02 3.522587567567825317e-02 1.836047274991869926e-03 4.361578822135925293e-02 9.480096399784088135e-02 4.148236289620399475e-02 2.607425116002559662e-02 4.620936512947082520e-02 2.613979391753673553e-02 6.168989092111587524e-02 4.944715648889541626e-02 5.344229191541671753e-02 3.745431452989578247e-02 4.549825564026832581e-03 3.265248984098434448e-02 2.229109033942222595e-02 5.882247537374496460e-02 1.060928553342819214e-01 2.960560098290443420e-02 6.524748168885707855e-04 1.936799846589565277e-03 1.355161145329475403e-02 4.480202682316303253e-03 4.446785897016525269e-02 4.450887441635131836e-02 4.770051315426826477e-02 2.254044078290462494e-02 2.126923762261867523e-02 3.987644799053668976e-03 9.521870873868465424e-03 1.353903487324714661e-02 1.169253233820199966e-02 3.609040006995201111e-02 4.698786884546279907e-02 4.071184247732162476e-02 8.650603890419006348e-02 2.050059475004673004e-02 8.008126914501190186e-02 4.124674201011657715e-02 2.413541637361049652e-02 5.886195227503776550e-02 1.329360064119100571e-02 3.627975285053253174e-02 1.216529868543148041e-03 4.240376502275466919e-02
3.773038089275360107e-02 1.346086710691452026e-02 1.225016452372074127e-02 6.439667940139770508e-02 6.379110366106033325e-02 2.572142332792282104e-02 3.677774593234062195e-02 2.216992154717445374e-02 4.775299876928329468e-02 6.163847446441650391e-02 3.550700470805168152e-02 5.306323617696762085e-02 1.136615499854087830e-02 6.089980900287628174e-02 1.684250310063362122e-03 2.522499999031424522e-03 5.599626456387341022e-04 5.695764347910881042e-02 2.687459625303745270e-02 3.745412454009056091e-02 2.792499586939811707e-02 1.920156553387641907e-02 5.689274403266608715e-04 2.697609364986419678e-02 5.064233765006065369e-02 4.380869865417480469e-02 5.340642761439085007e-03 6.077729538083076477e-02 7.802692055702209473e-02 7.062534987926483154e-02 4.285169765353202820e-02 5.425960198044776917e-02 1.555321514606475830e-01 3.120757872238755226e-03 2.357905730605125427e-02 2.012391388416290283e-02 5.141517031006515026e-04 2.806023880839347839e-02 2.415753901004791260e-02 5.097503960132598877e-02 2.079209126532077789e-02 5.616643279790878296e-02 3.879854455590248108e-02 2.654455229640007019e-02 3.343156725168228149e-02 1.556871533393859863e-01 2.059145830571651459e-03 5.014999303966760635e-03 7.989946007728576660e-02 1.372749218717217445e-03 2.243219874799251556e-03 2.544394694268703461e-03 4.556862637400627136e-02 5.638052150607109070e-02 3.547884151339530945e-02 1.455933898687362671e-01 6.831549573689699173e-03 9.802734479308128357e-03 2.950442954897880554e-02 4.322893917560577393e-03 5.108090490102767944e-02 6.366999447345733643e-02 2.481275983154773712e-02 1.568791829049587250e-02 2.533205039799213409e-02 7.757489569485187531e-03 4.498944804072380066e-02 3.815728798508644104e-02 4.800536110997200012e-02 5.301908031105995178e-02 4.001155123114585876e-02 4.204876348376274109e-02 3.454650938510894775e-01 4.955843463540077209e-02 1.354741156101226807e-01 4.278205335140228271e-02 3.101317957043647766e-02 4.363793507218360901e-02 4.338112846016883850e-02 8.735742419958114624e-02 8.184891194105148315e-03 1.526655443012714386e-02 5.218263715505599976e-02 3.961659595370292664e-02 3.329165652394294739e-02 5.198405310511589050e-02 1.304903649725019932e-03 2.566757611930370331e-03 3.600073978304862976e-02 3.567686304450035095e-03 4.693027120083570480e-03 1.741091907024383545e-02 1.115274615585803986e-03 3.819635137915611267e-02 3.477114811539649963e-02 9.081200696527957916e-03 4.397591203451156616e-02 6.308221817016601562e-02 3.616667538881301880e-02 2.129423618316650391e-02 2.927833236753940582e-02 2.796241641044616699e-02 3.088597580790519714e-02 1.164631266146898270e-02 6.158752366900444031e-02 2.437580563127994537e-02 1.754809543490409851e-02 4.580415785312652588e-02 4.262979142367839813e-03 7.984077557921409607e-03 3.804960986599326134e-03 2.125307358801364899e-02 7.830637693405151367e-02 2.068850584328174591e-02 7.964865863323211670e-02 3.665671870112419128e-02
2.489103749394416809e-02 4.969745501875877380e-02 3.039616718888282776e-02 6.379110366106033325e-02 2.474091388285160065e-02 7.748845033347606659e-03 2.103751059621572495e-03 3.539865836501121521e-02 4.346834868192672729e-02 1.893359422683715820e-02 3.364373929798603058e-03 4.670967906713485718e-02 8.474294096231460571e-03 8.725063502788543701e-02 1.121498760767281055e-03 3.929940611124038696e-02 5.118164420127868652e-02 6.577382236719131470e-02 7.033917307853698730e-02 1.179562285542488098e-01 2.857535332441329956e-02 3.517334535717964172e-02 2.042577136307954788e-03 9.743894450366497040e-03 3.104566596448421478e-02 2.162409573793411255e-02 1.778996735811233521e-02 4.615993797779083252e-02 7.372907362878322601e-03 6.061471067368984222e-03 4.343882575631141663e-02 2.011867240071296692e-02 1.958180591464042664e-02 1.791267283260822296e-02 4.369821026921272278e-02 1.316611375659704208e-02 3.633370250463485718e-02 6.234677508473396301e-02 5.595992878079414368e-02 1.309312433004379272e-01 3.640075027942657471e-02 2.009298838675022125e-02 1.896482892334461212e-02 3.296510875225067139e-02 3.963987156748771667e-02 1.096798256039619446e-01 4.956123977899551392e-02 9.661564230918884277e-02 1.762771978974342346e-02 8.619646541774272919e-03 4.703170061111450195e-02 5.463518947362899780e-02 3.185014799237251282e-02 5.794845893979072571e-02 3.272530063986778259e-02 3.764077275991439819e-02 8.058333396911621094e-02 1.811849325895309448e-02 2.563787996768951416e-02 4.507719725370407104e-02 6.056172028183937073e-02 1.845934428274631500e-02 1.368155796080827713e-02 1.046548318117856979e-02 1.097193267196416855e-02 5.270761539577506483e-05 7.919037342071533203e-02 5.847300216555595398e-02 4.131810367107391357e-02 2.485174313187599182e-02 6.158893555402755737e-02 5.810261145234107971e-02 7.225239276885986328e-02 4.734004661440849304e-02 3.067114651203155518e-01 2.982979081571102142e-02 2.784970588982105255e-02 7.505492307245731354e-03 5.648279190063476562e-02 3.540010005235671997e-02 2.943349443376064301e-02 4.061686247587203979e-02 3.379443287849426270e-02 2.431604415178298950e-01 2.525906637310981750e-02 3.716188669204711914e-02 3.107273369096219540e-04 4.475123807787895203e-02 3.764386475086212158e-02 3.795745596289634705e-02 4.344976320862770081e-02 5.312771350145339966e-02 2.175949979573488235e-03 2.172865439206361771e-03 8.899600245058536530e-03 1.127749234437942505e-01 2.848182618618011475e-02 8.214149624109268188e-02 4.603142663836479187e-02 3.603236377239227295e-02 5.812809988856315613e-02 7.764711044728755951e-03 2.005649730563163757e-02 2.757852664217352867e-03 2.845989167690277100e-02 8.724024146795272827e-02 2.385663613677024841e-02 5.258790031075477600e-02 4.774253815412521362e-02 1.649795100092887878e-02 4.642309248447418213e-02 8.016175590455532074e-03 1.262521836906671524e-02 4.605905339121818542e-02 1.321453368291258812e-03 1.055083889514207840e-02
9.112788736820220947e-02 8.058928698301315308e-02 1.823737844824790955e-02 2.572142332792282104e-02 7.748845033347606659e-03 8.513167500495910645e-02 9.013655036687850952e-02 2.237019874155521393e-02 8.313364349305629730e-03 2.636823244392871857e-02 7.360955327749252319e-02 6.799087673425674438e-02 6.721023470163345337e-02 4.478996619582176208e-02 2.447653748095035553e-02 1.783104985952377319e-02 1.432885299436748028e-03 6.257642060518264771e-03 1.215717196464538574e-02 7.517427671700716019e-03 6.270977202802896500e-03 2.784898690879344940e-02 8.081828244030475616e-03 5.319839343428611755e-03 4.213592037558555603e-03 2.798118442296981812e-02 3.012177161872386932e-02 5.925911664962768555e-02 5.599626339972019196e-03 5.338725820183753967e-02 1.438920618966221809e-03 2.759188599884510040e-02 6.597723346203565598e-03 2.377586625516414642e-02 3.450750373303890228e-03 7.437683641910552979e-03 1.646195910871028900e-02 6.799079012125730515e-03 1.302149426192045212e-02 2.821416035294532776e-02 3.339888527989387512e-02 2.484290674328804016e-02 1.614293083548545837e-02 1.458558160811662674e-02 4.095297772437334061e-04 5.707292817533016205e-03 7.407511770725250244e-02 1.090618316084146500e-02 5.911823734641075134e-02 3.442377084866166115e-03 2.743573300540447235e-02 2.958195842802524567e-02 3.462187480181455612e-03 4.689992219209671021e-02 7.356771826744079590e-02 2.162825502455234528e-02 3.309379890561103821e-02 3.402471914887428284e-02 6.758391391485929489e-03 4.280265793204307556e-02 6.580519676208496094e-02 3.320792317390441895e-02 1.905127801001071930e-02 2.796480990946292877e-02 2.924668788909912109e-02 2.383143268525600433e-02 1.663747429847717285e-02 4.091277252882719040e-03 6.796310842037200928e-02 3.803997486829757690e-02 8.124274015426635742e-02 1.309283636510372162e-02 2.193509042263031006e-02 3.968201950192451477e-02 3.394492715597152710e-02 5.632315576076507568e-02 3.632856532931327820e-02 1.464657951146364212e-02 5.132910236716270447e-02 4.815949499607086182e-02 2.118517830967903137e-02 1.057355850934982300e-02 8.150502108037471771e-03 1.714725978672504425e-02 5.060412455350160599e-03 5.422258004546165466e-02 3.125075250864028931e-02 9.147414006292819977e-03 5.188494920730590820e-02 4.128242284059524536e-02 1.542608253657817841e-02 6.357763707637786865e-02 2.272018790245056152e-02 2.668194705620408058e-03 2.564684674143791199e-02 1.273198984563350677e-02 9.359205141663551331e-03 2.994804270565509796e-02 5.172893404960632324e-02 6.768039893358945847e-03 1.041750889271497726e-02 5.324171856045722961e-02 2.828519232571125031e-02 3.741768002510070801e-02 1.074889674782752991e-02 5.286803096532821655e-02 5.678500048816204071e-03 2.988706529140472412e-02 2.837996743619441986e-02 5.932912463322281837e-04 3.259108588099479675e-02 8.905960246920585632e-03 2.642086148262023926e-02 9.291249327361583710e-03 4.671720042824745178e-02 4.639679193496704102e-02
4.610873758792877197e-02 5.111861974000930786e-02 1.947005628608167171e-03 3.677774593234062195e-02 2.103751059621572495e-03 9.013655036687850952e-02 8.008918911218643188e-02 2.516052313148975372e-02 1.960938982665538788e-02 1.395366620272397995e-02 6.029754504561424255e-02 1.967837847769260406e-02 4.169897176325321198e-03 3.313986584544181824e-02 1.686322130262851715e-02 3.387944400310516357e-02 1.315057184547185898e-02 3.637160407379269600e-03 3.050955384969711304e-02 5.187717732042074203e-03 6.315870559774339199e-04 1.051487587392330170e-02 2.773534692823886871e-02 2.047404274344444275e-02 1.790101639926433563e-02 1.423835288733243942e-02 7.927682250738143921e-02 3.964350000023841858e-02 7.146200537681579590e-02 9.563170373439788818e-03 2.148707630112767220e-03 1.010185480117797852e-02 2.615577075630426407e-03 3.071413747966289520e-02 4.406546242535114288e-03 3.726762719452381134e-03 2.205407992005348206e-02 1.555580366402864456e-02 1.380262989550828934e-02 7.373565342277288437e-03 2.520166570320725441e-03 4.496555775403976440e-02 3.980228304862976074e-02 5.818925332278013229e-03 2.013905718922615051e-02 1.829804666340351105e-02 5.466831475496292114e-02 1.121177449822425842e-01 2.407359704375267029e-02 3.740608692169189453e-02 4.754262417554855347e-02 2.607333660125732422e-02 3.246387094259262085e-02 9.061913937330245972e-03 3.684323281049728394e-02 7.536588236689567566e-03 4.186408594250679016e-02 3.664329275488853455e-02 1.648857817053794861e-02 2.117322199046611786e-02 4.263877123594284058e-02 2.007673121988773346e-02 2.708880603313446045e-02 2.220270782709121704e-02 5.798047035932540894e-02 1.998937875032424927e-02 1.884098164737224579e-02 8.971583447419106960e-04 1.707447506487369537e-02 4.624997451901435852e-02 5.608213599771261215e-03 4.296099022030830383e-02 3.041571751236915588e-02 2.917363017331808805e-04 8.018854074180126190e-03 3.762672841548919678e-02 2.067188732326030731e-02 2.833912335336208344e-02 2.624332718551158905e-02 5.785669758915901184e-02 5.696251988410949707e-02 4.309734329581260681e-02 2.246234193444252014e-02 2.578972838819026947e-02 2.164603443816304207e-03 6.193466857075691223e-02 1.954457908868789673e-02 8.964729495346546173e-04 4.466616548597812653e-03 3.232531994581222534e-02 2.098244987428188324e-02 4.374578967690467834e-02 4.633849486708641052e-02 8.156326948665082455e-04 5.830959975719451904e-02 7.688963320106267929e-03 6.507983803749084473e-02 2.262515760958194733e-02 2.239012904465198517e-02 4.786539822816848755e-02 2.298361063003540039e-02 4.089642316102981567e-02 3.817816078662872314e-02 1.015327218919992447e-02 3.044819226488471031e-03 3.744369000196456909e-02 1.338847354054450989e-02 1.627555675804615021e-02 1.132232509553432465e-02 6.714656483381986618e-03 4.979934170842170715e-02 3.247421607375144958e-02 4.620523750782012939e-02 3.551165759563446045e-02 7.968478836119174957e-03 8.928155526518821716e-03
1.413699332624673843e-02 1.394674181938171387e-02 1.519817262887954712e-01 2.216992154717445374e-02 3.539865836501121521e-02 2.237019874155521393e-02 2.516052313148975372e-02 4.655447974801063538e-02 4.834327474236488342e-02 4.752153158187866211e-02 7.906548678874969482e-03 8.460048586130142212e-03 5.609838664531707764e-02 1.756923738867044449e-03 1.247197017073631287e-01 4.258649423718452454e-02 9.539122693240642548e-04 3.012259490787982941e-02 5.363150686025619507e-02 6.216358020901679993e-02 2.654047496616840363e-02 3.530796989798545837e-02 1.211841963231563568e-02 5.564291030168533325e-03 1.806972362101078033e-02 1.137296110391616821e-02 1.866209553554654121e-03 3.859161166474223137e-03 4.615513235330581665e-02 1.227094791829586029e-02 2.862229384481906891e-02 1.470593083649873734e-02 8.893299847841262817e-03 3.723191795870661736e-03 3.523373603820800781e-02 3.676972910761833191e-02 2.250201813876628876e-02 2.733490429818630219e-02 1.125438045710325241e-02 1.523939333856105804e-02 3.832735121250152588e-02 8.114204742014408112e-03 1.210532058030366898e-02 4.033245891332626343e-02 5.228264257311820984e-03 4.949835687875747681e-02 1.552242971956729889e-02 1.956949941813945770e-02 1.974008791148662567e-02 4.747794475406408310e-03 3.951447829604148865e-02 3.089899010956287384e-02 6.167984567582607269e-03 4.140905663371086121e-02 5.577949061989784241e-02 1.206751633435487747e-02 2.324322238564491272e-02 1.201792992651462555e-02 3.599130082875490189e-03 4.294161126017570496e-02 3.679874911904335022e-02 2.719977125525474548e-02 1.633655652403831482e-02 2.396920882165431976e-02 3.960288316011428833e-02 3.538967296481132507e-02 8.998611941933631897e-03 2.542209066450595856e-02 9.811768308281898499e-03 1.636204309761524200e-02 1.909503526985645294e-02 2.498161420226097107e-02 2.722665667533874512e-03 7.324171066284179688e-02 2.167010866105556488e-02 4.502218589186668396e-02 5.884414538741111755e-03 4.394218267407268286e-04 7.547924667596817017e-02 9.625956416130065918e-03 1.194400340318679810e-01 9.301707148551940918e-02 5.730735510587692261e-02 1.299175806343555450e-02 6.115691503509879112e-04 6.021868810057640076e-02 5.838779360055923462e-02 5.503757670521736145e-02 4.010806977748870850e-02 1.921084150671958923e-02 1.767063885927200317e-02 1.334592793136835098e-02 3.232113271951675415e-02 2.451126836240291595e-02 1.584163494408130646e-02 2.844954282045364380e-02 1.251155138015747070e-02 2.733968757092952728e-02 1.184410043060779572e-02 1.029701344668865204e-02 5.656220484524965286e-03 3.963122144341468811e-02 5.398858711123466492e-02 5.781610496342182159e-03 9.239998180419206619e-04 1.484991889446973801e-02 6.541743874549865723e-02 8.128156885504722595e-03 6.179692596197128296e-02 1.489702612161636353e-02 1.144747529178857803e-02 2.707579173147678375e-02 2.584780333563685417e-03 2.096466161310672760e-02 4.801348596811294556e-02 7.968800142407417297e-03
5.706038326025009155e-02 6.266568601131439209e-02 5.041899904608726501e-02 4.775299876928329468e-02 4.346834868192672729e-02 8.313364349305629730e-03 1.960938982665538788e-02 4.834327474236488342e-02 1.165494099259376526e-01 4.502966627478599548e-02 4.354327917098999023e-02 4.653161019086837769e-02 9.401109814643859863e-02 2.267730236053466797e-02 1.965082064270973206e-02 1.876604929566383362e-02 3.579666372388601303e-03 1.110663414001464844e-01 2.463202178478240967e-02 3.020555526018142700e-02 5.712372064590454102e-02 2.249418757855892181e-02 1.023245230317115784e-01 4.457537084817886353e-02 1.675412617623806000e-02 9.530644863843917847e-03 1.212291046977043152e-02 5.238141492009162903e-02 3.138953819870948792e-02 1.000426709651947021e-02 1.986631192266941071e-02 3.349274769425392151e-02 2.860673330724239349e-02 1.340466588735580444e-01 1.725932350382208824e-03 5.910991504788398743e-02 4.008448496460914612e-02 1.702878065407276154e-02 1.833765208721160889e-02 3.297186270356178284e-02 2.798144938424229622e-03 1.529822777956724167e-02 9.170019626617431641e-02 2.359302714467048645e-02 2.974438108503818512e-02 3.184461221098899841e-02 6.280580908060073853e-02 1.834467612206935883e-02 6.142044067382812500e-02 7.321578264236450195e-02 5.593600496649742126e-02 1.854784786701202393e-02 4.210734739899635315e-02 3.535710275173187256e-02 7.084372639656066895e-02 1.509703230112791061e-02 4.736279603093862534e-03 1.876010792329907417e-03 6.050229445099830627e-02 2.967704832553863525e-02 7.810019701719284058e-02 3.859058022499084473e-02 2.248064801096916199e-02 2.574578858911991119e-02 3.290210664272308350e-02 3.298052400350570679e-02 3.251725062727928162e-02 3.457983583211898804e-02 8.693624287843704224e-02 5.777959153056144714e-02 6.617401260882616043e-03 1.778814792633056641e-01 9.490285068750381470e-02 2.451620437204837799e-02 4.341090098023414612e-02 1.057437732815742493e-01 3.266120553016662598e-01 4.701929911971092224e-02 1.643940955400466919e-01 7.333394140005111694e-02 4.308437183499336243e-02 3.291277587413787842e-02 1.508944332599639893e-01 9.249787777662277222e-03 8.831678889691829681e-03 4.413805436342954636e-03 4.717893525958061218e-02 1.675899513065814972e-02 1.146533191204071045e-01 2.869206108152866364e-02 3.293780982494354248e-02 9.898775257170200348e-03 2.986836060881614685e-02 5.902970209717750549e-03 4.607884958386421204e-02 7.845899462699890137e-02 4.873129725456237793e-02 6.635481119155883789e-02 5.344015359878540039e-02 6.163478828966617584e-03 1.257376745343208313e-02 1.199139002710580826e-02 2.062033861875534058e-02 2.860875055193901062e-02 2.015290595591068268e-02 2.758524008095264435e-02 3.788816928863525391e-02 3.021864593029022217e-02 3.565106890164315701e-04 3.945719916373491287e-03 2.670582011342048645e-02 1.422826573252677917e-02 2.116598375141620636e-02 8.995465934276580811e-02 8.369284681975841522e-03 8.079527318477630615e-02
3.976116701960563660e-02 4.174572229385375977e-02 1.588061801157891750e-03 6.163847446441650391e-02 1.893359422683715820e-02 2.636823244392871857e-02 1.395366620272397995e-02 4.752153158187866211e-02 4.502966627478599548e-02 9.822117537260055542e-02 1.823271811008453369e-02 3.729338198900222778e-02 5.710195284336805344e-03 4.789378866553306580e-02 4.413586109876632690e-02 2.294529695063829422e-03 1.020937338471412659e-01 4.262771084904670715e-02 1.448222547769546509e-01 4.320876300334930420e-02 8.799775503575801849e-03 2.450024522840976715e-02 3.028782317414879799e-03 1.078462824225425720e-01 4.537042230367660522e-02 2.090108115226030350e-03 2.947676554322242737e-02 2.166536636650562286e-02 1.551949232816696167e-02 3.123851679265499115e-02 3.976020589470863342e-02 5.587034858763217926e-03 6.126825511455535889e-02 3.547861054539680481e-02 1.707163453102111816e-02 1.076419092714786530e-02 6.708776950836181641e-02 1.781224645674228668e-02 2.803033404052257538e-02 1.349464524537324905e-02 2.833136543631553650e-02 4.527397826313972473e-02 2.898346446454524994e-02 5.713009275496006012e-03 3.871148079633712769e-02 2.194752916693687439e-02 3.715763613581657410e-02 3.335409238934516907e-02 2.005130797624588013e-02 7.286354899406433105e-02 4.957984387874603271e-02 5.544489994645118713e-02 3.710447624325752258e-02 2.483557723462581635e-02 1.219149772077798843e-02 9.794264286756515503e-02 1.212906092405319214e-03 3.223676979541778564e-02 4.967327788472175598e-02 4.017834737896919250e-02 3.877377137541770935e-02 3.133912011981010437e-02 1.092277988791465759e-01 1.815113238990306854e-02 1.825697161257266998e-02 2.604148909449577332e-02 4.483509063720703125e-02 6.396125257015228271e-02 4.460608214139938354e-02 3.873512148857116699e-02 8.674805983901023865e-03 4.820014815777540207e-03 3.937723860144615173e-02 1.036896333098411560e-01 5.391748994588851929e-02 5.865016952157020569e-02 4.338912293314933777e-02 1.706094741821289062e-01 5.307500064373016357e-02 8.821842819452285767e-02 4.541654139757156372e-02 1.018978096544742584e-02 8.783281594514846802e-02 1.271065473556518555e-01 4.245711117982864380e-02 2.458181232213973999e-03 3.306191042065620422e-02 2.129430323839187622e-02 4.780093953013420105e-02 1.107590794563293457e-01 2.360476180911064148e-02 4.166491329669952393e-02 6.945701315999031067e-04 2.505537308752536774e-02 1.181157492101192474e-02 6.983867287635803223e-02 8.329445868730545044e-02 2.651880308985710144e-02 1.385570690035820007e-02 6.870297947898507118e-04 2.504578977823257446e-02 1.324595324695110321e-02 1.303219050168991089e-02 3.210858628153800964e-02 3.833642229437828064e-02 2.391169965267181396e-02 4.311158135533332825e-02 4.351453483104705811e-02 1.239957381039857864e-02 4.484008997678756714e-02 1.589871756732463837e-02 1.507466193288564682e-02 4.276281967759132385e-02 1.032946165651082993e-02 1.382254995405673981e-02 1.014721915125846863e-01
9.651975333690643311e-02 8.879450708627700806e-02 1.416912302374839783e-02 3.550700470805168152e-02 3.364373929798603058e-03 7.360955327749252319e-02 6.029754504561424255e-02 7.906548678874969482e-03 4.354327917098999023e-02 1.823271811008453369e-02 7.394130527973175049e-02 1.082691270858049393e-02 7.615146040916442871e-02 1.170384790748357773e-02 3.073893114924430847e-02 7.230973336845636368e-03 6.342369597405195236e-03 9.617802686989307404e-03 2.579902112483978271e-02 1.375398971140384674e-02 4.870761930942535400e-02 1.976613141596317291e-02 3.054961189627647400e-02 1.788175478577613831e-02 2.775229327380657196e-02 1.452454924583435059e-02 7.047432009130716324e-03 1.100882887840270996e-02 3.732757270336151123e-02 2.345578372478485107e-02 1.892358623445034027e-02 1.161350868642330170e-02 1.099359244108200073e-02 2.271624654531478882e-02 1.869213208556175232e-02 4.414833709597587585e-02 2.319669723510742188e-02 8.340069092810153961e-03 1.955115050077438354e-02 1.291777659207582474e-02 2.412256981187965721e-05 3.202671185135841370e-02 3.481886535882949829e-02 1.400422398000955582e-02 4.959929361939430237e-02 1.616170257329940796e-02 4.702198505401611328e-02 2.121696993708610535e-02 1.464381068944931030e-02 2.199672907590866089e-02 4.861318040639162064e-03 8.787557482719421387e-03 2.538679726421833038e-02 1.913866028189659119e-03 3.360343864187598228e-03 4.253234714269638062e-03 3.311230684630572796e-04 5.559482611715793610e-03 7.613075897097587585e-03 6.797864101827144623e-03 2.643418870866298676e-02 5.203469097614288330e-02 5.141492001712322235e-03 1.966210268437862396e-02 7.064171135425567627e-02 4.353956133127212524e-02 3.536190092563629150e-02 1.571254245936870575e-02 8.129839785397052765e-03 6.230076774954795837e-02 8.686112239956855774e-03 4.704358056187629700e-03 2.126769535243511200e-02 2.303498610854148865e-02 3.237359970808029175e-02 4.297377914190292358e-02 3.341673640534281731e-03 1.121137524023652077e-03 2.235158160328865051e-02 2.992772124707698822e-02 2.316632866859436035e-02 2.582782134413719177e-02 4.085097927600145340e-03 2.942984923720359802e-03 3.173014149069786072e-02 2.260970138013362885e-02 2.032362855970859528e-02 1.155792735517024994e-02 2.670043148100376129e-02 1.645031757652759552e-02 4.009445756673812866e-02 4.325245320796966553e-02 2.645284123718738556e-02 1.424479065462946892e-03 1.541655324399471283e-02 3.586056083440780640e-02 4.877653345465660095e-02 4.175493493676185608e-03 2.032445743680000305e-02 1.158842165023088455e-02 5.898498371243476868e-02 5.664474517107009888e-02 2.945893071591854095e-02 7.410526275634765625e-03 9.811060735955834389e-04 2.479259669780731201e-02 1.541035622358322144e-02 1.354812644422054291e-03 3.140180185437202454e-02 2.422879217192530632e-03 2.812488563358783722e-02 5.615485459566116333e-02 3.094322048127651215e-02 1.541438512504100800e-02 1.549888867884874344e-02 4.198151640594005585e-03
3.232613950967788696e-02 8.266715332865715027e-03 5.544601473957300186e-03 5.306323617696762085e-02 4.670967906713485718e-02 6.799087673425674438e-02 1.967837847769260406e-02 8.460048586130142212e-03 4.653161019086837769e-02 3.729338198900222778e-02 1.082691270858049393e-02 1.310024410486221313e-01 3.842028090730309486e-03 1.786925941705703735e-01 1.322538126260042191e-02 3.389544039964675903e-02 4.326340556144714355e-02 5.597976222634315491e-02 5.580890178680419922e-02 1.305172219872474670e-02 3.131027147173881531e-02 2.657406032085418701e-02 1.023784726858139038e-01 7.026840001344680786e-02 4.527083411812782288e-02 2.593226917088031769e-02 8.535131928510963917e-05 7.686519622802734375e-02 4.739806428551673889e-02 9.711642563343048096e-02 4.256376624107360840e-02 2.745388075709342957e-02 2.673035673797130585e-02 3.201724588871002197e-02 2.687537111341953278e-02 7.651741150766611099e-03 1.909496448934078217e-02 1.594596356153488159e-02 1.644507981836795807e-02 2.723526442423462868e-03 2.676914073526859283e-02 2.409772574901580811e-02 1.264491677284240723e-02 7.326635997742414474e-03 1.254253238439559937e-01 6.845220178365707397e-02 6.119322031736373901e-02 6.557723879814147949e-02 6.086717918515205383e-02 9.086117148399353027e-02 2.005290985107421875e-02 8.187566883862018585e-03 2.309171296656131744e-02 2.750931121408939362e-02 3.578546270728111267e-02 3.921087458729743958e-02 1.546179223805665970e-02 3.236143663525581360e-02 7.063305377960205078e-02 2.861528098583221436e-02 2.207052707672119141e-02 8.614350110292434692e-02 4.422974213957786560e-02 3.667169949039816856e-03 1.538198813796043396e-02 3.353578213136643171e-04 9.477241896092891693e-03 4.188792034983634949e-02 5.555712431669235229e-02 4.421509429812431335e-02 4.644566029310226440e-02 6.585285812616348267e-02 8.171733468770980835e-02 4.494928289204835892e-03 5.151642020791769028e-03 3.117464296519756317e-02 3.831896930932998657e-02 7.275336980819702148e-02 1.653777551837265491e-03 1.290574111044406891e-02 5.017268471419811249e-03 6.811127811670303345e-02 2.716827020049095154e-02 2.302734367549419403e-02 6.718850880861282349e-02 7.123617082834243774e-02 3.121830336749553680e-02 6.212341412901878357e-02 6.443517655134201050e-02 5.703011527657508850e-02 1.126412395387887955e-02 2.884482219815254211e-02 2.778956852853298187e-02 5.272206291556358337e-02 4.147941246628761292e-02 6.076812278479337692e-03 6.070560216903686523e-02 8.836189284920692444e-03 2.786684595048427582e-02 3.240030631422996521e-02 8.241351693868637085e-03 5.710598826408386230e-02 4.035644978284835815e-02 3.515147417783737183e-02 2.850368060171604156e-02 1.332983933389186859e-02 7.546016480773687363e-03 4.857532680034637451e-02 1.435686927288770676e-02 1.161783467978239059e-02 4.031306132674217224e-02 3.421291336417198181e-02 4.577624797821044922e-02 1.026793033815920353e-03 6.256638467311859131e-02 3.114251047372817993e-02
1.248512491583824158e-01 9.288422763347625732e-02 1.434205565601587296e-02 1.136615499854087830e-02 8.474294096231460571e-03 6.721023470163345337e-02 4.169897176325321198e-03 5.609838664531707764e-02 9.401109814643859863e-02 5.710195284336805344e-03 7.615146040916442871e-02 3.842028090730309486e-03 7.629059255123138428e-02 3.839477896690368652e-02 7.344176620244979858e-02 1.170514803379774094e-02 4.447742179036140442e-02 1.620347425341606140e-02 9.401625022292137146e-03 1.778822951018810272e-02 7.422824949026107788e-02 5.147206783294677734e-02 4.466393962502479553e-03 1.554291043430566788e-02 2.231808006763458252e-02 1.388528756797313690e-02 4.530242830514907837e-02 2.248904667794704437e-02 5.686762183904647827e-02 3.639717400074005127e-02 1.718896091915667057e-03 3.585205227136611938e-02 3.324351459741592407e-02 4.706487804651260376e-02 3.474538773298263550e-02 6.329340487718582153e-02 3.609384596347808838e-02 1.780150271952152252e-02 1.634444296360015869e-02 2.264910936355590820e-02 4.537366330623626709e-02 2.001752704381942749e-02 4.023627564311027527e-02 4.706015437841415405e-02 3.467671200633049011e-02 5.282576661556959152e-03 6.769820302724838257e-02 1.987125910818576813e-02 2.774396724998950958e-02 2.552267350256443024e-02 2.294076792895793915e-02 5.401490628719329834e-02 3.074631793424487114e-03 1.456148084253072739e-02 2.666391432285308838e-02 6.098639685660600662e-03 2.072630636394023895e-02 2.343831583857536316e-03 4.383893683552742004e-02 4.807876050472259521e-02 3.078994713723659515e-02 5.844043917022645473e-04 3.595659509301185608e-02 4.692570492625236511e-02 8.048580493777990341e-04 7.783866673707962036e-02 7.373260799795389175e-03 1.257064193487167358e-02 5.719054024666547775e-03 8.954644203186035156e-02 1.835991046391427517e-03 3.228646144270896912e-02 6.512676365673542023e-03 4.482092335820198059e-02 7.789456285536289215e-03 8.469756692647933960e-03 2.335592173039913177e-02 4.531855136156082153e-02 1.898290403187274933e-02 4.565332457423210144e-02 2.550016716122627258e-02 8.016939391382038593e-04 1.515230163931846619e-02 1.882738806307315826e-02 8.218837901949882507e-03 4.699401184916496277e-02 3.047517314553260803e-02 5.030292272567749023e-02 3.587223216891288757e-02 2.124645374715328217e-02 3.132212534546852112e-02 3.528201207518577576e-02 8.694223128259181976e-03 3.706047311425209045e-02 1.925173681229352951e-03 4.142568260431289673e-02 3.994020074605941772e-02 3.790916875004768372e-02 1.294552907347679138e-02 1.415514200925827026e-02 4.738131538033485413e-02 4.537770152091979980e-02 8.213276974856853485e-03 5.277533549815416336e-03 2.635464258491992950e-02 3.523355722427368164e-02 4.414795339107513428e-02 5.540617927908897400e-02 3.157090395689010620e-02 1.438506226986646652e-02 1.022099144756793976e-02 5.812481045722961426e-03 3.411668539047241211e-02 5.625117570161819458e-02 4.616691730916500092e-03 2.463862672448158264e-02
