1.932099647819995880e-02 2.706817984580993652e-01 1.936105638742446899e-02 3.208988904953002930e-02 4.054044559597969055e-02 1.369028985500335693e-01 3.778804838657379150e-02 2.862226590514183044e-02 1.745747961103916168e-02 5.265732482075691223e-02 1.240111812949180603e-01 3.332337131723761559e-03 7.416998594999313354e-02 4.436815157532691956e-02 8.237488567829132080e-03 2.791956067085266113e-02 2.072488330304622650e-02 2.725670114159584045e-02 4.114907234907150269e-02 6.921991705894470215e-03 3.327287361025810242e-02 2.423518151044845581e-02 7.027237210422754288e-03 6.073115393519401550e-03 5.433699116110801697e-02 8.331922814249992371e-03 1.891204901039600372e-02 1.379435416311025620e-02 7.764098793268203735e-02 1.338768377900123596e-02 8.091079071164131165e-03 2.775547327473759651e-03 2.046841010451316833e-02 3.771371766924858093e-02 2.209675870835781097e-02 3.598907217383384705e-02 6.536132423207163811e-04 4.554586485028266907e-03 2.974664233624935150e-02 3.457331657409667969e-02 3.986526280641555786e-02 2.299316227436065674e-02 1.602580770850181580e-02 1.743940822780132294e-02 6.000485271215438843e-02 2.847341261804103851e-02 4.887298494577407837e-02 1.353871729224920273e-02 5.624677520245313644e-03 3.199004754424095154e-02 2.963875420391559601e-02 5.826639756560325623e-02 2.103655785322189331e-02 2.242152020335197449e-02 2.492460608482360840e-02 2.934412471950054169e-02 1.955668814480304718e-02 4.986239969730377197e-02 2.989091165363788605e-02 3.248763829469680786e-02 1.346594002097845078e-02 1.789289340376853943e-02 1.026148069649934769e-02 1.063763350248336792e-02 4.317538347095251083e-03 2.355075441300868988e-03 8.302059955894947052e-03 2.566590718924999237e-02 2.435146644711494446e-02 5.080844089388847351e-02 3.256131708621978760e-02 8.694739080965518951e-03 2.970417961478233337e-02 5.177552253007888794e-02 2.589798718690872192e-02 2.386923006270080805e-04 1.407398842275142670e-02 1.825360208749771118e-02 3.273217007517814636e-02 5.789030808955430984e-03 1.211922382935881615e-03 7.878700643777847290e-02 4.541196674108505249e-02 9.044472128152847290e-02 3.532869368791580200e-02 3.141627833247184753e-02 2.634417265653610229e-03 6.504264660179615021e-03 2.500049583613872528e-02 3.254491835832595825e-02 6.672427803277969360e-02 4.345912858843803406e-02 1.668699551373720169e-04 4.141460731625556946e-02 3.985295444726943970e-02 5.248584970831871033e-02 1.067199371755123138e-02 8.299958892166614532e-03 1.132679451256990433e-02 3.711879625916481018e-02 3.045370802283287048e-02 1.151042990386486053e-02 2.814218401908874512e-02 9.356757625937461853e-03 1.557835657149553299e-02 4.658067226409912109e-02 3.370509296655654907e-02 6.715872883796691895e-02 1.723540388047695160e-02 2.025185339152812958e-02 1.632549241185188293e-02 2.047342807054519653e-02 1.103570405393838882e-02 4.640798084437847137e-03 3.471487015485763550e-02 1.595813222229480743e-02
2.706817984580993652e-01 4.219872504472732544e-02 4.174081608653068542e-02 2.254481799900531769e-02 3.030872158706188202e-02 1.431547701358795166e-01 6.316898018121719360e-02 6.078286841511726379e-02 1.867483370006084442e-02 4.108640551567077637e-02 6.332601606845855713e-02 3.258554264903068542e-02 5.647755041718482971e-02 4.966200888156890869e-02 3.431786969304084778e-02 1.901009865105152130e-02 2.703673206269741058e-02 1.806144788861274719e-02 7.063698954880237579e-03 4.010141268372535706e-02 1.698335073888301849e-02 2.307420037686824799e-02 1.064074691385030746e-03 4.765864461660385132e-03 5.716977268457412720e-02 4.338466562330722809e-03 4.938269406557083130e-02 6.069047749042510986e-02 4.892788082361221313e-02 2.238962426781654358e-02 3.244310244917869568e-02 2.727362699806690216e-02 3.919101727660745382e-04 6.244562193751335144e-02 4.449926491361111403e-04 6.047929450869560242e-02 2.452756837010383606e-02 2.979291894007474184e-04 1.678087562322616577e-02 2.687293104827404022e-03 3.024090081453323364e-03 3.512450261041522026e-03 5.687080696225166321e-02 1.959489285945892334e-02 4.487586265895515680e-04 1.623999886214733124e-02 2.062582224607467651e-02 4.882323741912841797e-02 7.395675778388977051e-02 4.580101370811462402e-02 1.317658368498086929e-02 2.390764839947223663e-02 3.691552579402923584e-02 1.006812229752540588e-02 3.071250766515731812e-02 6.926503032445907593e-03 5.941182374954223633e-02 7.762189954519271851e-03 2.180769108235836029e-02 2.668748609721660614e-02 5.331147462129592896e-03 1.156246103346347809e-02 6.687636673450469971e-02 9.934056550264358521e-02 8.960688137449324131e-04 1.566991209983825684e-02 1.315359026193618774e-02 3.909336868673563004e-03 3.240064159035682678e-02 2.001740783452987671e-02 4.423035681247711182e-02 4.623669385910034180e-02 1.843347563408315182e-03 6.832726299762725830e-02 1.352751511149108410e-03 2.705469541251659393e-02 4.193492233753204346e-02 8.299726992845535278e-03 1.126035116612911224e-02 5.342471227049827576e-02 1.654665544629096985e-02 2.539426833391189575e-02 4.197695851325988770e-02 4.280752502381801605e-03 9.489341638982295990e-03 3.046665340662002563e-02 3.666371479630470276e-02 3.174818307161331177e-02 5.308241397142410278e-02 2.940504439175128937e-02 4.278164729475975037e-02 5.016157869249582291e-03 3.046979196369647980e-02 3.991434723138809204e-02 5.952595919370651245e-02 8.071522414684295654e-02 2.933789230883121490e-02 9.867457672953605652e-03 3.186267241835594177e-02 2.892836183309555054e-02 1.233484223484992981e-02 2.849899046123027802e-02 2.187210135161876678e-02 7.987537421286106110e-03 2.720744535326957703e-02 2.380673401057720184e-02 1.174770444631576538e-01 9.903580881655216217e-03 5.355092510581016541e-02 2.934714220464229584e-02 3.328409418463706970e-02 3.454743325710296631e-02 3.270084969699382782e-03 1.866795006208121777e-03 2.001072093844413757e-02 1.511353161185979843e-02
1.936105638742446899e-02 4.174081608653068542e-02 2.723439782857894897e-02 2.120808698236942291e-02 1.224770490080118179e-02 3.266568481922149658e-02 7.075246539898216724e-04 2.535760700702667236e-01 2.525367029011249542e-02 1.203196402639150620e-02 4.536385182291269302e-03 6.702310591936111450e-02 3.079833928495645523e-03 6.382489204406738281e-02 8.903803676366806030e-02 1.140024140477180481e-02 1.329118851572275162e-02 2.335472963750362396e-02 8.719013072550296783e-03 1.695669256150722504e-02 3.612474724650382996e-02 1.587513461709022522e-02 3.606864437460899353e-02 1.147772883996367455e-03 2.332270331680774689e-02 3.370359167456626892e-02 4.773968365043401718e-03 4.262073338031768799e-02 1.889956369996070862e-02 5.265491828322410583e-02 4.457517340779304504e-02 2.517514489591121674e-02 3.588880971074104309e-02 2.260584570467472076e-02 1.973007619380950928e-02 2.000791952013969421e-02 3.317899256944656372e-02 6.514389067888259888e-02 5.227905232459306717e-03 7.025179918855428696e-03 4.775743000209331512e-04 2.224979363381862640e-02 3.187879920005798340e-02 9.845010004937648773e-03 2.964163897559046745e-03 1.723560877144336700e-02 2.687964402139186859e-02 4.270527511835098267e-02 7.793242484331130981e-02 3.416375815868377686e-02 1.151094026863574982e-02 9.512967430055141449e-03 7.034007459878921509e-02 3.518766537308692932e-02 3.169758617877960205e-02 6.106053479015827179e-03 3.010143712162971497e-02 4.807825386524200439e-02 2.262098714709281921e-03 2.031978964805603027e-02 8.940136060118675232e-03 4.950577393174171448e-02 4.810361191630363464e-03 4.988271370530128479e-02 3.979227319359779358e-02 3.941362258046865463e-03 4.146537557244300842e-02 2.811034396290779114e-02 2.912103570997714996e-02 4.457619413733482361e-02 4.783869907259941101e-02 1.488105207681655884e-02 1.788948476314544678e-02 2.030280418694019318e-02 2.071959897875785828e-02 1.406095828860998154e-02 6.485204212367534637e-03 1.787659712135791779e-02 1.035356428474187851e-02 2.402648329734802246e-02 2.213657498359680176e-01 1.365655511617660522e-01 1.148829981684684753e-02 3.111241199076175690e-02 2.273703180253505707e-02 1.504033524543046951e-02 2.201053313910961151e-02 8.905774354934692383e-02 1.874893903732299805e-02 7.445390336215496063e-03 4.557142034173011780e-02 3.436041623353958130e-02 2.521385625004768372e-02 2.711588330566883087e-02 9.191877394914627075e-02 1.008792743086814880e-01 9.047353267669677734e-02 1.783335953950881958e-02 6.136867683380842209e-03 5.360210314393043518e-02 2.956579625606536865e-02 3.132478520274162292e-02 3.280782327055931091e-02 5.405801348388195038e-03 2.544095739722251892e-03 9.478331543505191803e-03 1.257423032075166702e-02 7.813330739736557007e-02 4.033097624778747559e-02 5.752618238329887390e-02 4.900019243359565735e-02 4.330024495720863342e-02 5.148237571120262146e-02 1.626976393163204193e-02 3.395043313503265381e-02 4.325688257813453674e-02
3.208988904953002930e-02 2.254481799900531769e-02 2.120808698236942291e-02 1.088332608342170715e-01 2.353668063879013062e-01 9.683598764240741730e-03 3.464595228433609009e-02 1.128260698169469833e-02 1.472737290896475315e-03 5.260695144534111023e-02 9.535754099488258362e-03 1.176266372203826904e-02 2.546206302940845490e-02 6.054733879864215851e-03 8.828419260680675507e-03 1.332343183457851410e-02 3.497160226106643677e-02 6.686285138130187988e-02 1.097367405891418457e-01 5.471034906804561615e-03 5.827384535223245621e-03 1.371185411699116230e-03 4.569064825773239136e-03 7.513368502259254456e-03 1.458779326640069485e-03 7.634216453880071640e-03 8.563568699173629284e-04 5.441544344648718834e-04 2.950376458466053009e-02 9.501133114099502563e-03 2.392952330410480499e-03 4.837936721742153168e-03 4.497367516160011292e-02 2.902948297560214996e-02 1.074099913239479065e-02 1.505187246948480606e-02 5.949695128947496414e-03 2.098212391138076782e-02 7.213992625474929810e-02 3.661181032657623291e-02 2.580872178077697754e-02 2.691841870546340942e-02 3.656094521284103394e-02 4.810927063226699829e-02 3.095028363168239594e-02 4.001235961914062500e-02 1.410506106913089752e-02 5.861079785972833633e-03 4.363272711634635925e-02 2.567332610487937927e-02 3.940685093402862549e-02 2.782690152525901794e-02 1.496514678001403809e-02 4.323368426412343979e-03 4.401106853038072586e-03 9.241281077265739441e-03 2.248320542275905609e-02 2.791863121092319489e-02 8.407204411923885345e-03 1.853195950388908386e-02 2.726615592837333679e-02 7.978264242410659790e-03 9.095572680234909058e-02 1.464410312473773956e-02 2.127081714570522308e-02 2.322558313608169556e-02 2.944177575409412384e-02 1.280690659768879414e-03 5.874131992459297180e-02 4.101165756583213806e-02 3.881679102778434753e-02 2.096003107726573944e-02 1.825494021177291870e-01 1.471356302499771118e-02 1.489284336566925049e-01 5.042087286710739136e-02 1.280833873897790909e-02 5.333707854151725769e-02 9.746823459863662720e-02 3.836186230182647705e-02 6.369595881551504135e-03 1.931372657418251038e-02 1.733346283435821533e-01 2.843965403735637665e-02 9.162747301161289215e-03 2.736723795533180237e-02 1.898055337369441986e-02 1.903579011559486389e-02 1.635917276144027710e-02 4.385281726717948914e-02 1.605158112943172455e-02 2.428421378135681152e-02 1.056556217372417450e-02 6.895857397466897964e-03 7.163334637880325317e-02 2.233633212745189667e-02 1.148004084825515747e-02 2.958941459655761719e-02 2.875975100323557854e-03 3.150394186377525330e-02 2.547913230955600739e-02 9.735760278999805450e-03 5.490817502140998840e-02 6.899776402860879898e-03 3.740539774298667908e-02 4.293372482061386108e-02 7.341347634792327881e-02 1.356180906295776367e-01 1.339365635067224503e-02 6.081855390220880508e-03 3.466061502695083618e-02 2.960071340203285217e-02 8.696874603629112244e-03 4.263689275830984116e-03 7.426817435771226883e-03 1.652283035218715668e-02
4.054044559597969055e-02 3.030872158706188202e-02 1.224770490080118179e-02 2.353668063879013062e-01 1.340810060501098633e-01 3.735305508598685265e-03 1.149649638682603836e-02 7.750699296593666077e-04 5.119783803820610046e-03 1.318212226033210754e-02 3.794957697391510010e-02 4.787878319621086121e-02 6.530896294862031937e-03 1.987970992922782898e-02 5.525069776922464371e-03 5.367335677146911621e-02 4.740738496184349060e-02 2.661380171775817871e-02 4.250399768352508545e-02 2.006867900490760803e-02 1.659304462373256683e-02 1.882958225905895233e-02 3.169653192162513733e-02 3.709829226136207581e-02 1.552016660571098328e-02 1.577803120017051697e-02 1.770574972033500671e-02 2.424326911568641663e-02 3.745006769895553589e-02 7.238288875669240952e-03 2.953434363007545471e-03 5.009962990880012512e-02 5.653210356831550598e-02 1.055892650038003922e-02 8.787709288299083710e-03 2.187792910262942314e-03 2.750912122428417206e-02 4.813244193792343140e-02 6.912232190370559692e-02 9.081460535526275635e-02 4.694412648677825928e-02 2.345149172469973564e-03 4.857962951064109802e-02 4.858371242880821228e-02 1.876893267035484314e-02 4.535122215747833252e-02 1.341054216027259827e-02 1.733393222093582153e-02 6.756128743290901184e-03 3.168743848800659180e-02 6.735441833734512329e-02 2.260171435773372650e-02 1.520828902721405029e-02 4.245394840836524963e-02 4.397502914071083069e-02 4.370547458529472351e-02 4.022185131907463074e-02 2.394414320588111877e-02 1.077241264283657074e-02 1.574304513633251190e-02 1.182902487926185131e-03 2.152326516807079315e-02 5.882227048277854919e-02 2.391661889851093292e-02 2.208973839879035950e-02 9.224599227309226990e-03 2.073590643703937531e-02 1.989499107003211975e-02 9.791228920221328735e-02 2.236447297036647797e-03 3.953068330883979797e-02 4.099284112453460693e-02 1.736264675855636597e-01 3.542012348771095276e-02 1.783568561077117920e-01 1.339665800333023071e-02 3.831142187118530273e-02 2.891381457448005676e-02 6.505788862705230713e-02 1.051476504653692245e-02 4.326469823718070984e-02 8.905590511858463287e-03 1.495319008827209473e-01 7.508400082588195801e-02 4.274134524166584015e-03 1.592942513525485992e-02 2.611341886222362518e-02 1.192998955957591534e-03 3.935539349913597107e-02 3.174014389514923096e-02 1.392478868365287781e-02 4.367329925298690796e-02 1.469655986875295639e-02 1.297361310571432114e-02 9.646616876125335693e-02 7.029975950717926025e-02 5.191442742943763733e-02 3.413500264286994934e-02 2.147904224693775177e-02 1.407065079547464848e-03 8.660484105348587036e-02 1.332644559442996979e-02 2.427977323532104492e-02 3.361375257372856140e-02 4.666062071919441223e-02 8.124934881925582886e-02 6.121438369154930115e-02 8.024779707193374634e-02 6.436357647180557251e-02 1.692628115415573120e-02 9.175973944365978241e-03 1.823966391384601593e-02 3.655148670077323914e-02 3.482136875391006470e-02 6.878378242254257202e-02 2.159786969423294067e-02
1.369028985500335693e-01 1.431547701358795166e-01 3.266568481922149658e-02 9.683598764240741730e-03 3.735305508598685265e-03 4.077039659023284912e-02 1.760977953672409058e-01 5.576419085264205933e-02 6.254092603921890259e-02 8.083398640155792236e-02 6.445905566215515137e-02 2.008467540144920349e-02 6.381139904260635376e-02 3.296167403459548950e-02 1.667040400207042694e-02 4.996795207262039185e-03 2.535242401063442230e-02 3.530131652951240540e-03 1.323577854782342911e-02 1.336190849542617798e-02 2.848364040255546570e-02 8.595791296102106571e-04 3.011958207935094833e-03 2.702816016972064972e-02 5.465939640998840332e-03 6.411871314048767090e-02 2.983666583895683289e-02 3.789424896240234375e-02 4.060498997569084167e-02 1.572849787771701813e-02 5.015157908201217651e-02 3.415922448039054871e-02 1.922032330185174942e-03 3.842605277895927429e-02 4.172017332166433334e-03 1.755752786993980408e-02 2.381583116948604584e-02 3.366267075762152672e-03 3.275192901492118835e-02 3.485188935883343220e-04 6.543717812746763229e-03 7.218848168849945068e-02 1.877582445740699768e-02 3.725587204098701477e-02 7.769995136186480522e-04 6.866301596164703369e-02 1.627867519855499268e-01 3.723586350679397583e-02 8.812994509935379028e-02 6.151457130908966064e-02 1.252196636050939560e-02 1.060517411679029465e-02 1.352387387305498123e-02 1.025889883749186993e-03 1.625667675398290157e-03 2.175898663699626923e-02 8.013579249382019043e-02 2.470020018517971039e-02 1.263030059635639191e-02 1.148568745702505112e-02 4.326039180159568787e-02 2.133784443140029907e-02 4.443997144699096680e-02 1.460217498242855072e-02 5.359191447496414185e-03 2.741523459553718567e-02 1.711053773760795593e-02 4.297368228435516357e-02 4.969166591763496399e-03 1.626544632017612457e-02 5.679994449019432068e-02 9.782763198018074036e-03 1.724525541067123413e-02 8.726610802114009857e-03 1.996252685785293579e-02 4.033280070871114731e-03 1.200525276362895966e-02 2.053659968078136444e-02 1.223077997565269470e-02 5.761066451668739319e-02 2.254849672317504883e-02 1.262909919023513794e-02 1.289608236402273178e-02 8.320693857967853546e-03 8.801957592368125916e-03 3.883473947644233704e-02 6.320495158433914185e-03 3.095923364162445068e-02 1.580983214080333710e-02 1.786552928388118744e-02 3.977911174297332764e-02 1.567482948303222656e-02 2.624452300369739532e-02 2.984244190156459808e-02 1.358611695468425751e-02 3.245273977518081665e-02 1.517849136143922806e-02 1.992089115083217621e-02 1.245623081922531128e-02 8.058170787990093231e-03 3.977139294147491455e-02 6.275437772274017334e-02 4.135936871170997620e-02 2.082577720284461975e-02 1.435814518481492996e-02 1.717336475849151611e-02 3.378904238343238831e-02 1.586624793708324432e-02 3.669498115777969360e-02 5.142321810126304626e-03 1.733443513512611389e-02 1.014519631862640381e-01 5.643306765705347061e-03 4.519075155258178711e-03 2.376048080623149872e-02 3.979280591011047363e-02
3.778804838657379150e-02 6.316898018121719360e-02 7.075246539898216724e-04 3.464595228433609009e-02 1.149649638682603836e-02 1.760977953672409058e-01 1.758504658937454224e-02 4.596468061208724976e-02 2.958272024989128113e-02 3.340896591544151306e-02 2.183253318071365356e-02 4.805118218064308167e-02 2.222746983170509338e-02 4.817989654839038849e-03 1.143027748912572861e-02 2.072490938007831573e-02 2.284428291022777557e-02 9.989352896809577942e-03 3.968150168657302856e-02 1.427200157195329666e-02 2.620712481439113617e-02 1.803304441273212433e-02 1.009022444486618042e-02 8.759515359997749329e-03 3.273666650056838989e-02 2.821750007569789886e-03 3.337511152494698763e-04 6.483856122940778732e-03 4.255850985646247864e-02 2.340070717036724091e-02 1.909621059894561768e-02 1.601823978126049042e-02 3.232539072632789612e-02 3.950370848178863525e-02 4.089081659913063049e-03 5.104731768369674683e-02 2.972503751516342163e-02 9.391213767230510712e-03 5.470056203193962574e-04 1.373962033540010452e-02 3.586902469396591187e-02 2.519684284925460815e-02 8.197137154638767242e-03 9.131531231105327606e-03 4.050996527075767517e-02 1.953664002940058708e-03 1.073233559727668762e-01 1.288188695907592773e-01 1.922369189560413361e-02 3.647194430232048035e-02 6.042821332812309265e-02 3.656342253088951111e-02 2.197604626417160034e-02 5.646169185638427734e-02 3.178969025611877441e-03 2.623612619936466217e-02 1.365350745618343353e-02 1.938058994710445404e-03 2.513615181669592857e-03 2.570659294724464417e-02 2.652264200150966644e-02 5.383367091417312622e-02 3.161722421646118164e-02 2.734269760549068451e-02 1.135296095162630081e-02 2.381987497210502625e-02 2.061345428228378296e-02 1.378742884844541550e-02 6.931186653673648834e-03 1.383566996082663536e-03 1.865431986516341567e-04 3.513218462467193604e-02 9.919189615175127983e-04 3.040682757273316383e-03 1.846349984407424927e-02 1.664302125573158264e-02 1.484121195971965790e-02 3.046908415853977203e-02 9.419245645403862000e-03 6.480258703231811523e-02 2.316473051905632019e-02 4.408833757042884827e-02 4.592886939644813538e-02 1.101284194737672806e-02 2.748875319957733154e-02 5.772745236754417419e-02 1.427416782826185226e-02 3.478279802948236465e-03 4.170151427388191223e-02 3.214148804545402527e-02 5.261237174272537231e-02 1.822771318256855011e-02 7.543843239545822144e-02 2.955084899440407753e-03 4.022609500680118799e-04 7.343407254666090012e-03 8.801563642919063568e-03 2.084524184465408325e-02 2.859146893024444580e-02 1.773785613477230072e-02 2.309903211425989866e-04 1.267719082534313202e-02 1.340507529675960541e-03 1.927321963012218475e-02 6.054261233657598495e-03 3.616733476519584656e-02 5.228978352533886209e-07 1.246001664549112320e-02 4.391538724303245544e-02 1.217213179916143417e-02 4.409590270370244980e-03 1.297466550022363663e-02 4.399203229695558548e-03 1.004489371553063393e-03 3.275835141539573669e-02 1.348617020994424820e-02
2.862226590514183044e-02 6.078286841511726379e-02 2.535760700702667236e-01 1.128260698169469833e-02 7.750699296593666077e-04 5.576419085264205933e-02 4.596468061208724976e-02 9.653324261307716370e-03 1.677729748189449310e-02 4.165817797183990479e-02 5.686252936720848083e-02 1.545882690697908401e-02 5.137952044606208801e-03 1.090490538626909256e-02 9.547161310911178589e-02 1.201822189614176750e-03 2.220156043767929077e-02 1.992583461105823517e-02 2.456738986074924469e-02 1.975727267563343048e-02 4.959360882639884949e-02 1.231506583280861378e-03 3.114377334713935852e-02 7.469181902706623077e-03 5.192680284380912781e-02 7.870503515005111694e-02 3.470554575324058533e-02 3.766851127147674561e-02 5.570518225431442261e-02 4.268981143832206726e-02 4.672360792756080627e-02 5.762381013482809067e-03 3.714808076620101929e-02 3.625687677413225174e-03 6.418638397008180618e-03 6.390842143446207047e-03 2.149138413369655609e-02 3.602384775876998901e-02 1.324581075459718704e-02 2.127292007207870483e-02 7.273789960891008377e-03 2.942348457872867584e-02 1.794884353876113892e-02 1.578981638886034489e-03 9.415930509567260742e-02 3.766582906246185303e-02 4.956931620836257935e-02 3.389847278594970703e-02 2.665174566209316254e-02 4.415486752986907959e-02 2.606577426195144653e-02 2.167900465428829193e-02 7.257147133350372314e-02 1.135087478905916214e-02 3.611625730991363525e-02 2.316324785351753235e-02 6.010049954056739807e-02 4.788682237267494202e-02 9.623616002500057220e-03 6.693575531244277954e-02 7.858339697122573853e-03 3.167341277003288269e-02 2.380824461579322815e-02 1.025108341127634048e-02 2.122963033616542816e-02 1.011731196194887161e-02 7.564437575638294220e-03 4.518431145697832108e-03 1.373883523046970367e-02 1.453477051109075546e-02 3.246996924281120300e-02 4.441957455128431320e-03 3.610253916122019291e-04 2.326976880431175232e-02 9.052723646163940430e-03 3.791279718279838562e-02 3.447435097768902779e-03 3.673177585005760193e-02 4.766305536031723022e-02 5.231107026338577271e-02 2.205167412757873535e-01 1.567024439573287964e-01 4.699277132749557495e-02 2.637636102735996246e-02 3.745827451348304749e-02 2.616677992045879364e-02 8.893296122550964355e-02 1.042306423187255859e-01 1.217795070260763168e-02 1.811319589614868164e-02 3.723473474383354187e-02 1.241262815892696381e-02 1.365249510854482651e-02 1.968190446496009827e-02 5.717819929122924805e-02 6.098546460270881653e-02 3.271892666816711426e-02 2.259120158851146698e-02 6.690441165119409561e-03 4.225730895996093750e-03 5.492453277111053467e-02 8.990167081356048584e-02 5.046351999044418335e-02 1.648933999240398407e-02 9.221108630299568176e-03 2.863944508135318756e-02 8.039240539073944092e-02 5.380585789680480957e-02 4.268499091267585754e-02 2.859569853171706200e-03 3.179696388542652130e-03 4.236251488327980042e-02 1.868131756782531738e-02 4.401536658406257629e-02 2.590506896376609802e-02 4.400207661092281342e-03
1.745747961103916168e-02 1.867483370006084442e-02 2.525367029011249542e-02 1.472737290896475315e-03 5.119783803820610046e-03 6.254092603921890259e-02 2.958272024989128113e-02 1.677729748189449310e-02 2.054715529084205627e-02 1.687473058700561523e-01 2.374500036239624023e-02 6.204370036721229553e-02 9.475809521973133087e-03 2.410779893398284912e-02 3.310352563858032227e-02 4.772288352251052856e-02 1.887651160359382629e-02 5.287390947341918945e-02 1.422183308750391006e-02 7.904968410730361938e-02 3.817659243941307068e-02 1.516513433307409286e-02 9.629032015800476074e-02 4.800872504711151123e-02 4.740753024816513062e-02 1.007727161049842834e-02 2.187810279428958893e-02 5.235003307461738586e-02 1.258986722677946091e-02 7.639729976654052734e-02 6.600407510995864868e-02 3.389692306518554688e-02 1.685838401317596436e-02 1.983511447906494141e-02 9.948420524597167969e-02 3.217559680342674255e-02 5.275697633624076843e-02 2.336252480745315552e-02 4.912042524665594101e-03 1.425019744783639908e-02 2.091768011450767517e-02 1.103504449129104614e-01 4.847186151891946793e-03 6.811267882585525513e-02 1.203453615307807922e-01 2.900945395231246948e-02 2.269741334021091461e-02 2.066163904964923859e-02 2.294395305216312408e-02 6.771712005138397217e-02 4.138192161917686462e-02 3.266606107354164124e-02 6.843300908803939819e-02 9.992376435548067093e-04 1.225785017013549805e-01 8.204980194568634033e-02 3.708574175834655762e-02 5.103826895356178284e-02 7.526590954512357712e-03 2.989781089127063751e-02 9.777615964412689209e-02 1.420553475618362427e-01 1.877587288618087769e-02 3.284395486116409302e-02 1.597010879777371883e-03 2.798570506274700165e-02 3.516327589750289917e-02 3.715351596474647522e-02 8.206756412982940674e-02 1.598767563700675964e-02 2.075999975204467773e-02 8.356306701898574829e-02 1.359091419726610184e-02 8.010557293891906738e-02 1.335144508630037308e-02 8.431910723447799683e-02 2.330318540334701538e-01 1.730215698480606079e-01 8.637905120849609375e-02 6.386805325746536255e-03 3.796194493770599365e-02 1.031758170574903488e-02 2.726761624217033386e-02 3.823748230934143066e-02 5.431810021400451660e-02 4.710016399621963501e-02 4.271114245057106018e-02 2.227488718926906586e-02 4.347229376435279846e-02 6.805176287889480591e-02 3.459069877862930298e-02 3.537772968411445618e-02 4.287995770573616028e-02 2.195724286139011383e-02 8.374420925974845886e-03 4.281461238861083984e-02 4.143521562218666077e-02 7.837016880512237549e-02 3.835769742727279663e-02 2.763705700635910034e-02 2.470724657177925110e-02 1.461584493517875671e-02 3.158798441290855408e-02 6.779676768928766251e-03 4.520608112215995789e-02 2.702191099524497986e-02 9.959070943295955658e-03 3.910868987441062927e-02 2.742418274283409119e-02 5.430595017969608307e-03 3.038006089627742767e-02 3.832685574889183044e-02 5.186209082603454590e-02 4.168752115219831467e-03 5.889385472983121872e-03 4.621819406747817993e-02
5.265732482075691223e-02 4.108640551567077637e-02 1.203196402639150620e-02 5.260695144534111023e-02 1.318212226033210754e-02 8.083398640155792236e-02 3.340896591544151306e-02 4.165817797183990479e-02 1.687473058700561523e-01 5.223178490996360779e-02 2.116943150758743286e-02 5.772291496396064758e-02 2.894249744713306427e-02 3.320075199007987976e-02 9.118050336837768555e-03 7.276650518178939819e-02 8.904571086168289185e-02 6.136518437415361404e-03 4.196028783917427063e-02 1.449058298021554947e-02 3.451463999226689339e-03 2.834284864366054535e-02 3.836732357740402222e-03 7.817547768354415894e-02 2.052671648561954498e-02 2.386516332626342773e-02 1.414814032614231110e-02 2.042668126523494720e-02 3.429906815290451050e-02 5.106653273105621338e-02 4.091400280594825745e-02 1.443232223391532898e-02 3.703231737017631531e-02 1.061778329312801361e-02 2.296481467783451080e-02 3.019263781607151031e-02 6.498055160045623779e-02 2.360318321734666824e-03 5.630743689835071564e-03 4.775275662541389465e-02 3.476674109697341919e-02 3.360319510102272034e-02 2.201179042458534241e-02 1.234174054116010666e-02 6.037671118974685669e-02 1.093924865126609802e-01 3.212282434105873108e-02 3.252639621496200562e-02 8.075975626707077026e-02 1.062425971031188965e-01 3.034998476505279541e-02 9.438125416636466980e-03 3.996252268552780151e-02 2.941598370671272278e-02 6.060458347201347351e-02 1.864603310823440552e-01 1.197308208793401718e-02 2.018160559237003326e-02 9.975412860512733459e-03 4.473777487874031067e-02 1.034629642963409424e-01 5.815735831856727600e-02 7.253054645843803883e-04 8.396829478442668915e-03 4.819071665406227112e-02 4.261722043156623840e-02 3.769751265645027161e-02 1.861849240958690643e-02 1.173421740531921387e-01 9.801533073186874390e-02 7.897867262363433838e-02 7.695203647017478943e-03 6.221659481525421143e-02 2.890094928443431854e-02 3.193809092044830322e-02 5.626076459884643555e-02 2.301307767629623413e-02 2.736087739467620850e-01 5.140951834619045258e-03 1.736508309841156006e-01 6.051602587103843689e-02 1.609794609248638153e-02 7.893853634595870972e-02 9.603147208690643311e-02 2.995366044342517853e-02 4.632361978292465210e-02 2.624413697049021721e-03 9.417827241122722626e-03 1.146345958113670349e-02 1.178283095359802246e-01 4.551352001726627350e-03 4.137537255883216858e-02 2.035994082689285278e-02 2.737330831587314606e-02 4.815851524472236633e-02 9.579759091138839722e-03 2.698330022394657135e-02 5.978768318891525269e-02 4.983549192547798157e-02 5.978563427925109863e-02 2.514933235943317413e-03 3.566803177818655968e-03 3.714922070503234863e-02 4.952574893832206726e-02 1.990411989390850067e-02 7.610167958773672581e-04 4.712407290935516357e-02 2.778255147859454155e-03 3.128796815872192383e-02 2.351175434887409210e-02 2.900146134197711945e-02 4.391949996352195740e-02 1.375844702124595642e-03 2.083809301257133484e-02 2.461817674338817596e-02 2.519160881638526917e-02
1.240111812949180603e-01 6.332601606845855713e-02 4.536385182291269302e-03 9.535754099488258362e-03 3.794957697391510010e-02 6.445905566215515137e-02 2.183253318071365356e-02 5.686252936720848083e-02 2.374500036239624023e-02 2.116943150758743286e-02 3.888867562636733055e-03 4.101005196571350098e-02 8.726029843091964722e-02 1.593575812876224518e-02 7.761370390653610229e-02 4.226535558700561523e-02 6.050101295113563538e-02 5.024231597781181335e-02 8.986879140138626099e-03 3.158795833587646484e-02 2.575021237134933472e-02 3.623075038194656372e-02 1.296967733651399612e-02 1.220053527504205704e-02 3.095948696136474609e-02 1.197924558073282242e-02 2.790513262152671814e-02 4.232889506965875626e-03 4.980127140879631042e-02 4.013156890869140625e-02 2.199524454772472382e-02 1.499306038022041321e-02 1.753096282482147217e-02 2.262063138186931610e-02 1.911056227982044220e-02 1.436196547001600266e-02 1.343794353306293488e-02 1.378458552062511444e-02 3.485092427581548691e-03 2.900221385061740875e-03 2.953816018998622894e-02 6.749070435762405396e-02 5.890277680009603500e-03 2.450625039637088776e-02 5.557476542890071869e-03 8.008573204278945923e-03 4.620310291647911072e-02 1.802458614110946655e-02 1.135365385562181473e-02 6.425041356123983860e-04 2.899788320064544678e-02 3.097865357995033264e-02 5.416225269436836243e-02 2.417910844087600708e-03 2.478383295238018036e-02 6.478335708379745483e-03 1.086320914328098297e-02 2.272920683026313782e-02 2.800918743014335632e-02 1.394599908962845802e-03 4.534063115715980530e-02 3.429424762725830078e-02 4.312753677368164062e-03 1.484677754342556000e-02 3.605512902140617371e-02 2.538561262190341949e-02 1.093733240850269794e-03 4.433692619204521179e-02 2.676007524132728577e-02 1.234825514256954193e-02 1.926509104669094086e-02 1.846637018024921417e-02 1.080899406224489212e-02 4.417232703417539597e-03 1.037825178354978561e-02 1.640713773667812347e-02 2.181251067668199539e-03 4.452177137136459351e-02 5.860417708754539490e-02 4.191967472434043884e-02 1.320653501898050308e-02 2.912235073745250702e-02 3.084773011505603790e-02 4.872454330325126648e-03 4.677927494049072266e-02 1.721851900219917297e-02 5.598622560501098633e-02 2.317741885781288147e-02 8.447944186627864838e-03 1.613372750580310822e-02 5.197007209062576294e-02 3.920286148786544800e-02 1.444748137146234512e-02 1.482217479497194290e-02 5.008827149868011475e-02 8.080960251390933990e-03 1.755687780678272247e-02 2.139231190085411072e-02 5.188208539038896561e-03 1.584005169570446014e-02 8.725401945412158966e-03 1.235687639564275742e-03 1.960248313844203949e-02 2.273256145417690277e-02 3.720130771398544312e-02 1.186205074191093445e-03 4.707808792591094971e-02 1.304394844919443130e-02 3.023399738594889641e-03 8.118875324726104736e-02 4.040640965104103088e-02 2.110331505537033081e-02 1.350118778645992279e-02 1.831844076514244080e-02 1.011232030577957630e-03 1.104491762816905975e-02
3.332337131723761559e-03 3.258554264903068542e-02 6.702310591936111450e-02 1.176266372203826904e-02 4.787878319621086121e-02 2.008467540144920349e-02 4.805118218064308167e-02 1.545882690697908401e-02 6.204370036721229553e-02 5.772291496396064758e-02 4.101005196571350098e-02 4.030770063400268555e-02 1.827483437955379486e-02 2.838826775550842285e-01 2.205164358019828796e-02 1.061300467699766159e-02 7.553695887327194214e-02 3.817429393529891968e-02 1.033098474144935608e-01 8.575525134801864624e-02 1.401722989976406097e-02 2.408854477107524872e-02 2.273539081215858459e-03 6.094474345445632935e-02 5.423181131482124329e-02 8.757391571998596191e-02 3.058414347469806671e-02 1.570179611444473267e-01 5.437392741441726685e-03 1.502724289894104004e-01 9.719961322844028473e-03 3.567300736904144287e-02 2.005788311362266541e-02 8.559064939618110657e-03 4.891612380743026733e-02 2.440087124705314636e-02 1.505102310329675674e-02 1.458484586328268051e-02 5.684838071465492249e-02 1.663358882069587708e-02 6.379510462284088135e-02 3.902401402592658997e-02 6.381906569004058838e-02 2.698445320129394531e-02 6.634470820426940918e-02 4.441251605749130249e-02 3.444466367363929749e-02 6.167789548635482788e-02 5.510340258479118347e-02 4.018019139766693115e-02 3.679682686924934387e-02 8.537378907203674316e-02 1.535938959568738937e-02 5.458909273147583008e-02 9.728075563907623291e-02 9.321812540292739868e-02 1.213287487626075745e-01 5.445927008986473083e-02 9.903180412948131561e-03 3.905224800109863281e-02 3.988657146692276001e-02 7.104251533746719360e-02 9.204511530697345734e-03 3.196991514414548874e-03 3.675447776913642883e-02 1.982569135725498199e-02 7.953247427940368652e-02 1.823777705430984497e-02 8.354913443326950073e-02 2.877259068191051483e-02 6.198826432228088379e-02 4.926076531410217285e-02 4.377070814371109009e-02 3.232812881469726562e-02 3.313256055116653442e-02 5.165158212184906006e-02 6.917253136634826660e-02 1.160622201859951019e-02 5.416379775851964951e-03 2.220980077981948853e-02 5.457459948956966400e-03 2.622559480369091034e-02 2.912595123052597046e-02 8.362127840518951416e-02 4.698480665683746338e-02 4.503677412867546082e-02 5.637088045477867126e-02 3.492735698819160461e-02 1.072963848710060120e-01 1.305843051522970200e-02 2.727384120225906372e-02 3.166547045111656189e-03 2.063212171196937561e-02 1.918396912515163422e-02 8.645061403512954712e-02 7.264817506074905396e-02 4.024104773998260498e-02 2.271126583218574524e-02 2.650310285389423370e-02 9.761101566255092621e-03 3.107737377285957336e-02 3.461964055895805359e-02 3.124589845538139343e-02 5.982584133744239807e-02 3.068229928612709045e-02 2.979825367219746113e-04 5.622989311814308167e-02 3.158257342875003815e-03 4.642134904861450195e-02 2.161862514913082123e-02 1.669108122587203979e-02 3.411217033863067627e-02 3.522522002458572388e-02 2.978751622140407562e-02 2.570563694462180138e-03 2.552764676511287689e-02
7.416998594999313354e-02 5.647755041718482971e-02 3.079833928495645523e-03 2.546206302940845490e-02 6.530896294862031937e-03 6.381139904260635376e-02 2.222746983170509338e-02 5.137952044606208801e-03 9.475809521973133087e-03 2.894249744713306427e-02 8.726029843091964722e-02 1.827483437955379486e-02 1.634692773222923279e-02 2.031860128045082092e-02 1.019563898444175720e-01 3.152385354042053223e-02 1.655753515660762787e-02 4.063214175403118134e-03 2.982864342629909515e-02 2.048820070922374725e-02 2.337522618472576141e-02 4.799138382077217102e-02 3.352548182010650635e-02 6.845590192824602127e-03 5.380562320351600647e-02 1.876677386462688446e-02 1.931084506213665009e-02 4.329010471701622009e-02 2.804820798337459564e-02 2.066873013973236084e-02 2.541263028979301453e-02 2.223320305347442627e-02 1.106942724436521530e-02 2.900685369968414307e-02 2.759448252618312836e-02 3.958221152424812317e-02 1.920000836253166199e-02 1.683188229799270630e-02 2.426417730748653412e-02 8.437539450824260712e-03 3.989274799823760986e-02 6.369441282004117966e-03 7.198525592684745789e-03 3.504698723554611206e-02 2.887460961937904358e-02 1.592910033650696278e-03 4.058807715773582458e-02 3.214910393580794334e-03 1.867735385894775391e-02 1.612566970288753510e-02 2.384250052273273468e-02 6.632363423705101013e-03 3.380849584937095642e-02 1.415902096778154373e-02 9.386796504259109497e-03 2.749606594443321228e-02 2.214788272976875305e-02 7.324811071157455444e-03 6.618880433961749077e-05 1.471750810742378235e-02 4.319814220070838928e-02 1.606828905642032623e-02 2.403306402266025543e-02 3.272053226828575134e-02 1.664306037127971649e-02 2.821127325296401978e-02 1.576554775238037109e-02 4.354737326502799988e-02 2.740643545985221863e-02 1.550534460693597794e-02 2.798894979059696198e-02 2.486357931047677994e-03 1.685436069965362549e-02 3.410619124770164490e-02 2.318294486030936241e-03 4.226820170879364014e-02 1.998226344585418701e-02 3.315488621592521667e-02 9.943147189915180206e-03 2.170467376708984375e-02 1.272486872039735317e-03 3.340924158692359924e-02 2.567310258746147156e-02 1.242579333484172821e-02 2.911866456270217896e-02 1.829244941473007202e-02 5.165502801537513733e-02 4.530693963170051575e-02 1.981239300221204758e-03 1.272543519735336304e-02 4.093354195356369019e-02 3.542030602693557739e-02 2.014491148293018341e-02 3.411321714520454407e-02 1.097244117408990860e-02 2.794138155877590179e-02 3.599383682012557983e-02 3.138260217383503914e-05 1.073228660970926285e-02 2.550436649471521378e-03 5.355340894311666489e-03 3.369330614805221558e-02 4.613617900758981705e-03 2.069758810102939606e-02 2.134816534817218781e-02 3.328100964426994324e-02 2.101332694292068481e-02 1.035839505493640900e-02 1.647656783461570740e-02 4.102493450045585632e-02 4.650224745273590088e-02 1.630507223308086395e-02 2.458843775093555450e-02 1.740826107561588287e-02 1.642660051584243774e-02 1.384063344448804855e-02
