5.299632251262664795e-02 2.942444682121276855e-01 1.619486697018146515e-02 4.245089832693338394e-03 2.368244528770446777e-02 1.681224405765533447e-01 3.633328527212142944e-02 2.343990281224250793e-02 1.651819050312042236e-02 6.282697618007659912e-02 1.835782378911972046e-01 1.940729795023798943e-03 3.692920878529548645e-02 1.131455227732658386e-02 4.939599893987178802e-03 2.036097086966037750e-02 6.124288775026798248e-03 1.021577194333076477e-01 4.593740031123161316e-02 5.678500607609748840e-02 7.679429836571216583e-03 6.575877219438552856e-02 3.239466249942779541e-02 4.495565220713615417e-02 4.693777486681938171e-02 3.490075096487998962e-02 4.778457339853048325e-03 9.743427485227584839e-02 9.930406510829925537e-02 7.998479902744293213e-02 1.289270967245101929e-01 4.470038786530494690e-02 9.818464517593383789e-03 1.122241001576185226e-02 6.606344878673553467e-02 1.212777383625507355e-02 6.845408678054809570e-02 1.613928563892841339e-02 2.330745011568069458e-02 6.888018455356359482e-03 4.873987659811973572e-02 3.901847451925277710e-02 6.631318014115095139e-03 7.391908764839172363e-02 3.274634480476379395e-02 4.258091095834970474e-03 8.466173708438873291e-02 1.167431194335222244e-02 1.798333786427974701e-02 2.776258438825607300e-02 1.509926095604896545e-02 3.642007708549499512e-02 7.458245754241943359e-02 6.289187818765640259e-02 5.080158263444900513e-02 1.548312790691852570e-02 6.371803581714630127e-02 4.279039055109024048e-02 6.312505155801773071e-02 7.536351680755615234e-02 6.136185675859451294e-02 5.591572076082229614e-02 2.545926161110401154e-02 3.996901214122772217e-02 6.071820110082626343e-02 7.545588165521621704e-02 1.596688851714134216e-02 3.574137762188911438e-02 5.875658988952636719e-02 9.107977151870727539e-02 8.047886192798614502e-03 4.661925602704286575e-03 1.625052653253078461e-02 1.090685464441776276e-02 5.554254353046417236e-02 1.507833041250705719e-02 2.063696505501866341e-03 1.306773349642753601e-02 9.427441284060478210e-03 4.068991169333457947e-02 6.999891716986894608e-03 3.413426876068115234e-02 1.154717057943344116e-01 7.326335459947586060e-02 4.977599158883094788e-02 5.928494036197662354e-03 6.156445946544408798e-03 4.066644236445426941e-02 4.798493534326553345e-02 3.216222673654556274e-02 8.352506160736083984e-02 4.071693401783704758e-03 1.699190586805343628e-02 2.793033607304096222e-02 6.085520982742309570e-02 2.239274093881249428e-03 1.996622979640960693e-02 2.015037694945931435e-03 2.208482474088668823e-04 4.682060971390455961e-04 3.038928098976612091e-02 8.599345386028289795e-02 2.325933799147605896e-02 2.972130291163921356e-02 1.376864407211542130e-02 5.016348883509635925e-02 5.887468811124563217e-03 6.417716294527053833e-02 8.781928569078445435e-03 2.797017991542816162e-02 3.510149195790290833e-02 2.692185156047344208e-02 1.340688206255435944e-03 3.228511661291122437e-02 5.763970781117677689e-03 4.674888774752616882e-02
2.942444682121276855e-01 3.835976496338844299e-02 5.645918659865856171e-03 3.176124021410942078e-02 4.777181893587112427e-02 7.422761409543454647e-04 6.365119665861129761e-02 6.653647404164075851e-03 7.987563312053680420e-02 1.133268326520919800e-02 9.250044822692871094e-02 2.745061879977583885e-03 1.495389938354492188e-01 7.102613151073455811e-02 9.846481261774897575e-04 3.191362600773572922e-03 2.677373215556144714e-02 1.623025350272655487e-02 8.472543209791183472e-03 2.175229787826538086e-02 8.177119307219982147e-03 2.782998792827129364e-02 3.479418158531188965e-02 3.891015052795410156e-02 2.539403364062309265e-02 5.275662615895271301e-02 2.086450718343257904e-02 4.093877226114273071e-02 1.198104768991470337e-02 6.611358374357223511e-02 9.311939775943756104e-02 4.907970130443572998e-02 3.840177506208419800e-02 2.444922458380460739e-03 4.743534699082374573e-02 1.316363513469696045e-01 2.375002205371856689e-02 5.712308920919895172e-03 5.354581773281097412e-02 1.613914733752608299e-03 1.352384872734546661e-02 5.242601782083511353e-02 1.461515016853809357e-02 2.425883337855339050e-02 1.927302777767181396e-02 2.167142927646636963e-02 7.594678550958633423e-02 1.281397603452205658e-02 2.495306171476840973e-02 3.646441921591758728e-02 2.931083180010318756e-02 5.230338871479034424e-02 7.790400087833404541e-02 6.410697940737009048e-03 1.340998895466327667e-02 3.716830164194107056e-02 2.570210397243499756e-02 7.028985023498535156e-02 4.827108979225158691e-02 8.552256040275096893e-03 1.113663800060749054e-02 6.132638081908226013e-02 3.597062826156616211e-02 2.103073149919509888e-02 4.748077318072319031e-02 6.871335953474044800e-02 6.770685315132141113e-02 5.556753370910882950e-03 1.474803080782294273e-03 3.318383544683456421e-02 8.412078022956848145e-03 1.297511905431747437e-02 5.067523941397666931e-02 1.286265067756175995e-02 2.990036271512508392e-02 4.530653357505798340e-02 9.089833498001098633e-02 1.983645185828208923e-02 3.573074936866760254e-02 1.197842322289943695e-02 1.496431417763233185e-02 4.943127930164337158e-02 3.818503022193908691e-02 3.450824320316314697e-02 1.116447709500789642e-02 2.231475431472063065e-03 5.833517760038375854e-02 1.482709590345621109e-02 9.300181642174720764e-03 1.976681873202323914e-02 1.040485966950654984e-02 3.220172598958015442e-02 6.743658334016799927e-02 7.340159500017762184e-04 6.021552905440330505e-02 5.161861330270767212e-02 6.857244297862052917e-03 4.838635772466659546e-02 2.227251604199409485e-02 1.277863234281539917e-02 1.407196000218391418e-02 1.346157863736152649e-03 2.617211081087589264e-02 5.161163583397865295e-02 1.574815623462200165e-02 2.949293144047260284e-02 5.108628422021865845e-02 3.720121085643768311e-02 2.984289266169071198e-02 5.830503627657890320e-02 5.543048679828643799e-02 2.815083600580692291e-03 3.321094810962677002e-02 4.303077701479196548e-03 1.986309885978698730e-02 3.670137748122215271e-02
1.619486697018146515e-02 5.645918659865856171e-03 4.778110980987548828e-02 7.000177633017301559e-03 1.388564519584178925e-02 4.990385100245475769e-02 3.750869259238243103e-02 1.859289854764938354e-01 3.665233775973320007e-02 3.209859877824783325e-02 5.636522546410560608e-02 2.431018091738224030e-02 9.040351724252104759e-04 3.975797817111015320e-02 1.497516315430402756e-02 1.925772242248058319e-02 4.787633940577507019e-02 2.310242876410484314e-02 2.535716257989406586e-02 5.498499423265457153e-02 8.739938586950302124e-02 4.033722355961799622e-02 5.236592516303062439e-02 9.331931173801422119e-02 2.277660369873046875e-02 2.275799587368965149e-02 4.972417280077934265e-02 1.568790152668952942e-02 2.908195182681083679e-02 5.717791500501334667e-04 1.646357402205467224e-02 1.590846222825348377e-03 4.073722288012504578e-02 4.247083142399787903e-02 4.971789568662643433e-02 5.404671654105186462e-03 5.119325220584869385e-02 1.263528317213058472e-02 9.790833108127117157e-03 1.197377312928438187e-02 3.439078107476234436e-02 1.351895555853843689e-02 3.076046146452426910e-02 8.883096277713775635e-03 2.884303918108344078e-03 4.360580816864967346e-02 4.967634379863739014e-02 6.812603678554296494e-03 5.120066553354263306e-02 9.692460298538208008e-03 2.599071897566318512e-02 4.839701112359762192e-03 5.171151459217071533e-02 4.331972822546958923e-02 3.007018938660621643e-02 1.378358621150255203e-02 5.544761195778846741e-03 1.166609697975218296e-03 8.957201987504959106e-02 3.066404350101947784e-02 3.288903832435607910e-02 2.839894965291023254e-02 1.710883527994155884e-02 1.069070305675268173e-02 5.071998760104179382e-02 7.152722682803869247e-03 4.007298871874809265e-02 6.446956843137741089e-02 2.046843431890010834e-02 3.235089406371116638e-02 3.230596706271171570e-02 1.231714617460966110e-02 4.665153974201530218e-04 7.351765036582946777e-02 1.720257475972175598e-02 1.191124226897954941e-02 4.581681638956069946e-02 3.852131962776184082e-02 9.564302861690521240e-03 3.857837244868278503e-02 2.365258932113647461e-01 1.389762461185455322e-01 3.461507335305213928e-02 2.163443248718976974e-03 4.857209697365760803e-02 8.084607124328613281e-02 6.336168944835662842e-02 7.886115461587905884e-02 2.185338735580444336e-02 2.692585065960884094e-02 1.306341588497161865e-02 4.684317857027053833e-03 2.312748134136199951e-02 1.128916162997484207e-02 2.487464249134063721e-02 1.954371482133865356e-02 5.924487113952636719e-02 2.226846851408481598e-02 6.189617887139320374e-02 8.790389448404312134e-02 4.849347285926342010e-03 7.149894535541534424e-02 3.264097496867179871e-02 6.544105708599090576e-02 3.469035401940345764e-02 3.504202887415885925e-02 5.778226256370544434e-02 4.422878101468086243e-02 2.594504132866859436e-02 1.887038350105285645e-02 2.279661968350410461e-02 5.985595658421516418e-02 2.072063833475112915e-02 2.116567268967628479e-02 7.523469626903533936e-02 5.283448845148086548e-02
4.245089832693338394e-03 3.176124021410942078e-02 7.000177633017301559e-03 1.025564372539520264e-01 1.745578497648239136e-01 5.390556901693344116e-02 1.238362677395343781e-02 3.589981421828269958e-02 7.356684654951095581e-02 3.623589873313903809e-02 3.199411183595657349e-02 3.779019787907600403e-02 6.257331930100917816e-03 1.276323571801185608e-02 5.275839008390903473e-03 1.404032018035650253e-02 2.199815399944782257e-02 7.273758947849273682e-02 2.251463755965232849e-02 4.279011115431785583e-02 5.509432777762413025e-02 8.201375603675842285e-03 2.325742132961750031e-02 6.006224825978279114e-02 1.875867135822772980e-02 2.987358719110488892e-02 6.036642938852310181e-03 7.149295508861541748e-02 7.606849074363708496e-02 2.969798259437084198e-02 5.008453968912363052e-03 1.179854571819305420e-02 5.721442401409149170e-02 8.178885327652096748e-04 6.205622921697795391e-04 2.486653067171573639e-02 2.931850962340831757e-02 7.393743097782135010e-02 1.515638679265975952e-01 1.101241484284400940e-01 3.578073531389236450e-02 5.854649469256401062e-02 5.069881677627563477e-03 6.214432045817375183e-02 3.338521718978881836e-02 8.435598760843276978e-02 1.929084397852420807e-02 2.981274016201496124e-02 7.127755135297775269e-02 2.212790399789810181e-02 2.091951481997966766e-02 2.719482872635126114e-03 1.666462235152721405e-02 3.945506643503904343e-03 5.535164847970008850e-02 4.006783477962017059e-03 1.420489232987165451e-02 3.939665481448173523e-02 5.980186909437179565e-02 1.878876052796840668e-02 5.921487510204315186e-02 1.975108869373798370e-02 1.187879592180252075e-01 4.797748476266860962e-02 2.752165310084819794e-02 2.381059713661670685e-02 4.415751248598098755e-02 1.888264901936054230e-02 5.241044983267784119e-02 2.550155390053987503e-03 6.226126477122306824e-02 1.398240681737661362e-02 1.468260735273361206e-01 2.280069515109062195e-03 7.716356962919235229e-02 2.136618271470069885e-02 7.002965360879898071e-02 1.737519726157188416e-02 5.277920141816139221e-02 4.860786348581314087e-02 2.167371287941932678e-02 8.752332068979740143e-03 9.786074608564376831e-02 1.096133217215538025e-01 5.438980180770158768e-03 1.465941965579986572e-02 3.527196869254112244e-02 1.310573890805244446e-02 6.907647475600242615e-03 2.815366908907890320e-02 1.749173738062381744e-02 1.856080256402492523e-02 1.384504418820142746e-02 1.729093678295612335e-02 1.257427185773849487e-01 3.665794432163238525e-02 3.719081357121467590e-02 3.921984508633613586e-02 1.120653375983238220e-02 1.727837836369872093e-03 4.026079550385475159e-02 1.807759515941143036e-02 3.661905229091644287e-02 7.722004782408475876e-03 4.656047374010086060e-02 5.701791122555732727e-02 6.006932258605957031e-02 5.132580548524856567e-02 5.126609653234481812e-02 3.808962181210517883e-02 5.551588255912065506e-04 6.258440017700195312e-02 7.387693505734205246e-03 1.113010011613368988e-02 5.567159131169319153e-02 1.259849965572357178e-02
2.368244528770446777e-02 4.777181893587112427e-02 1.388564519584178925e-02 1.745578497648239136e-01 7.273942232131958008e-02 3.186171874403953552e-02 1.541644521057605743e-02 4.780194535851478577e-02 4.476037248969078064e-02 7.767504546791315079e-03 1.431055553257465363e-02 2.950842259451746941e-03 6.355921179056167603e-02 8.423135615885257721e-03 1.385418139398097992e-02 3.472807258367538452e-02 6.890809535980224609e-02 1.164461951702833176e-02 5.378881096839904785e-02 8.870511315762996674e-03 3.939852863550186157e-02 1.759272534400224686e-03 4.146117344498634338e-02 5.579769238829612732e-02 1.661307923495769501e-02 7.292254827916622162e-03 4.038386419415473938e-02 5.767624359577894211e-03 1.501459162682294846e-02 5.032917018979787827e-03 3.954125568270683289e-02 6.072903517633676529e-03 3.767767921090126038e-03 1.263789925724267960e-02 3.899702802300453186e-02 4.074589163064956665e-02 4.584371577948331833e-03 1.255797967314720154e-02 1.450684219598770142e-01 2.148914188146591187e-01 1.295792963355779648e-02 3.370170667767524719e-02 2.299289405345916748e-02 2.329672873020172119e-02 9.196361154317855835e-02 4.659731313586235046e-02 1.817853935062885284e-02 2.539793029427528381e-02 1.827094517648220062e-02 2.305355109274387360e-02 7.975854724645614624e-02 7.215654850006103516e-02 6.678909808397293091e-02 1.114117912948131561e-02 2.727733738720417023e-02 8.302196860313415527e-02 3.844653069972991943e-02 2.100186049938201904e-02 3.460268303751945496e-02 9.648474864661693573e-03 1.611440442502498627e-02 1.011870056390762329e-01 3.198519349098205566e-02 3.777921944856643677e-02 2.052228152751922607e-02 2.211270481348037720e-02 2.357674948871135712e-02 1.471995934844017029e-02 6.324994564056396484e-02 6.512257456779479980e-02 1.764167286455631256e-02 2.945449762046337128e-02 7.999945431947708130e-02 2.977490052580833435e-02 7.112029939889907837e-02 5.253448709845542908e-02 6.241595000028610229e-02 3.734609484672546387e-02 5.386278405785560608e-02 6.209946423768997192e-02 1.689672586508095264e-03 5.614798888564109802e-02 1.459599584341049194e-01 1.117949411273002625e-01 7.378099951893091202e-03 2.585581690073013306e-02 1.606969721615314484e-02 4.398021847009658813e-03 3.477131575345993042e-02 3.732867538928985596e-02 1.010859105736017227e-02 3.631682693958282471e-02 1.568808220326900482e-02 2.108788676559925079e-02 1.341503299772739410e-02 1.719198189675807953e-02 2.591237798333168030e-02 3.719908744096755981e-02 6.606648210436105728e-03 2.246017754077911377e-02 5.563684552907943726e-02 2.826900919899344444e-03 3.609837219119071960e-02 4.601405933499336243e-03 1.557129807770252228e-02 4.545901902019977570e-03 3.269993886351585388e-02 2.730119228363037109e-02 4.475305974483489990e-02 4.135911539196968079e-02 1.200612261891365051e-02 4.453474283218383789e-02 3.622502461075782776e-02 1.573638059198856354e-02 5.351845547556877136e-02 3.377195075154304504e-02
1.681224405765533447e-01 7.422761409543454647e-04 4.990385100245475769e-02 5.390556901693344116e-02 3.186171874403953552e-02 1.049835607409477234e-01 3.458529114723205566e-01 4.181895405054092407e-02 3.700479492545127869e-02 4.332636296749114990e-02 1.197601631283760071e-01 1.270157843828201294e-01 6.750667840242385864e-02 9.396024048328399658e-02 1.357031147927045822e-02 4.787816852331161499e-02 2.305025793612003326e-02 7.501836866140365601e-02 5.392635706812143326e-03 4.292548075318336487e-02 3.746096044778823853e-02 3.071682062000036240e-03 4.697798937559127808e-02 2.330828830599784851e-02 6.120197009295225143e-03 3.239945322275161743e-02 2.111179940402507782e-02 8.578852564096450806e-02 3.742916882038116455e-02 9.509389102458953857e-02 6.127055734395980835e-03 4.437407106161117554e-02 1.364025101065635681e-02 1.259167026728391647e-02 1.985769532620906830e-02 1.392916962504386902e-02 4.131304472684860229e-02 4.805738478899002075e-02 1.430502627044916153e-02 1.082546729594469070e-02 5.164891853928565979e-02 1.596988551318645477e-02 3.387387841939926147e-02 1.559838056564331055e-01 4.099837690591812134e-02 6.405255943536758423e-02 1.125446110963821411e-01 1.038487721234560013e-02 6.310494244098663330e-02 7.784888893365859985e-02 2.835646830499172211e-02 2.835206873714923859e-02 6.438029557466506958e-02 8.616904728114604950e-03 3.858349472284317017e-02 7.580640912055969238e-02 3.336434066295623779e-02 1.783414185047149658e-02 1.337188202887773514e-02 2.079993486404418945e-02 1.211237069219350815e-02 4.851182550191879272e-02 4.362576827406883240e-02 4.432821273803710938e-02 6.321588531136512756e-03 5.735231097787618637e-03 1.821918529458343983e-03 3.488448634743690491e-02 6.452383100986480713e-02 4.826434422284364700e-03 5.611868947744369507e-02 5.320956115610897541e-04 1.858351752161979675e-02 3.120012953877449036e-02 3.333055973052978516e-02 2.189450524747371674e-02 5.146492645144462585e-02 6.532852351665496826e-02 3.844431042671203613e-02 2.987763471901416779e-02 1.446708198636770248e-02 9.417946636676788330e-02 6.250778585672378540e-02 3.508991003036499023e-02 4.560478031635284424e-02 2.415318973362445831e-02 1.717088744044303894e-02 8.878739178180694580e-02 8.341930061578750610e-02 9.627001709304749966e-04 1.037219688296318054e-01 3.270536288619041443e-02 5.420252308249473572e-02 9.151639416813850403e-03 4.892119020223617554e-02 8.813786506652832031e-02 5.405573919415473938e-02 4.608482867479324341e-02 3.261095378547906876e-03 5.471510812640190125e-02 8.646935224533081055e-03 2.590727619826793671e-02 2.507828176021575928e-02 3.056431375443935394e-02 1.750954613089561462e-02 2.839157544076442719e-02 2.064298838376998901e-02 1.920571550726890564e-02 8.366326801478862762e-03 4.611379408743232489e-04 7.614712417125701904e-02 8.348334580659866333e-02 5.518970079720020294e-03 8.259625174105167389e-03 4.960542544722557068e-02 2.170923538506031036e-02
3.633328527212142944e-02 6.365119665861129761e-02 3.750869259238243103e-02 1.238362677395343781e-02 1.541644521057605743e-02 3.458529114723205566e-01 1.053751036524772644e-01 6.638669222593307495e-02 1.033330801874399185e-02 2.606273628771305084e-02 1.511063277721405029e-01 6.253539025783538818e-02 1.594154983758926392e-01 1.231695935130119324e-01 4.842995852231979370e-02 1.644472591578960419e-02 6.604521721601486206e-02 9.620555490255355835e-02 5.821361765265464783e-02 5.191061645746231079e-02 7.008270174264907837e-02 1.361497305333614349e-02 6.515156477689743042e-02 3.889886429533362389e-03 2.542578801512718201e-02 2.240401506423950195e-02 3.826928511261940002e-02 6.183022633194923401e-02 4.195133969187736511e-02 1.653275452554225922e-02 3.908169269561767578e-02 5.026860907673835754e-02 6.627237051725387573e-02 1.720832102000713348e-02 4.477945715188980103e-02 6.778664141893386841e-02 7.224499247968196869e-03 3.762000054121017456e-02 1.957913115620613098e-02 8.769512176513671875e-03 1.131427660584449768e-01 1.235586032271385193e-02 1.101849228143692017e-02 8.439373224973678589e-02 4.674312192946672440e-03 6.202628836035728455e-02 1.145971268415451050e-01 1.984035670757293701e-01 3.016419336199760437e-02 1.415951736271381378e-02 4.956192523241043091e-02 7.801336795091629028e-02 6.385597586631774902e-02 2.646598406136035919e-02 8.075283467769622803e-02 7.845988124608993530e-02 1.063759699463844299e-01 3.005886450409889221e-02 1.531806681305170059e-02 1.429326832294464111e-02 8.936458081007003784e-02 8.828908205032348633e-02 1.866177469491958618e-02 3.297994658350944519e-02 2.291110530495643616e-02 6.384957581758499146e-02 1.975508034229278564e-02 4.147911444306373596e-03 5.803967639803886414e-02 6.183908879756927490e-02 2.185271121561527252e-02 3.605632809922099113e-03 5.789206922054290771e-02 2.074260823428630829e-02 5.321139469742774963e-02 3.495405614376068115e-02 4.086392000317573547e-02 9.140737354755401611e-03 5.219018459320068359e-02 4.187077656388282776e-02 6.403393112123012543e-03 4.851190000772476196e-02 3.580851480364799500e-02 2.971068769693374634e-02 1.878924481570720673e-02 2.654211036860942841e-02 2.661571651697158813e-02 7.458907365798950195e-02 1.488681975752115250e-02 8.662396669387817383e-02 6.509077548980712891e-02 2.181704901158809662e-02 4.830153286457061768e-02 2.722552279010415077e-03 7.037559151649475098e-02 6.247194111347198486e-02 1.280166860669851303e-02 2.344224415719509125e-02 4.482826963067054749e-02 4.703265801072120667e-02 2.988387085497379303e-02 4.039833322167396545e-02 7.688996382057666779e-03 2.141039259731769562e-02 3.447533026337623596e-02 5.591326951980590820e-02 3.326084464788436890e-02 1.455433107912540436e-02 2.360333129763603210e-02 1.837897859513759613e-02 7.604959607124328613e-02 3.455869480967521667e-02 8.334981277585029602e-03 8.996991673484444618e-04 1.135613098740577698e-01 5.868503823876380920e-02
2.343990281224250793e-02 6.653647404164075851e-03 1.859289854764938354e-01 3.589981421828269958e-02 4.780194535851478577e-02 4.181895405054092407e-02 6.638669222593307495e-02 1.382381021976470947e-01 5.887641012668609619e-02 2.061117626726627350e-02 8.139460347592830658e-03 2.957221493124961853e-02 9.713716059923171997e-02 1.297181658446788788e-02 1.799142211675643921e-01 1.770894415676593781e-02 1.455437112599611282e-02 3.216795250773429871e-02 4.738688096404075623e-02 1.763870380818843842e-02 1.077605504542589188e-02 1.178333535790443420e-02 3.150217235088348389e-02 2.200286462903022766e-02 1.088034082204103470e-02 7.523723412305116653e-03 2.550656907260417938e-03 3.583309426903724670e-02 2.508656121790409088e-02 2.265860326588153839e-02 2.285921713337302208e-03 2.031937986612319946e-02 1.313993241637945175e-02 3.020927868783473969e-02 1.602688431739807129e-02 6.167240813374519348e-02 1.073883771896362305e-01 2.826022356748580933e-02 2.754884958267211914e-02 1.191646326333284378e-02 3.726467862725257874e-02 5.446599051356315613e-02 3.128792857751250267e-03 3.522213548421859741e-02 2.961872890591621399e-02 2.009348757565021515e-02 1.041243225336074829e-02 9.400729089975357056e-03 8.036252856254577637e-02 3.612587973475456238e-02 3.374776616692543030e-02 3.785713762044906616e-02 5.508073046803474426e-02 5.530127789825201035e-03 1.151368245482444763e-01 4.360874369740486145e-02 1.972831040620803833e-02 4.900437220931053162e-02 9.671264886856079102e-02 1.520396769046783447e-02 5.582085624337196350e-02 4.778980836272239685e-02 6.196012720465660095e-03 2.471408806741237640e-04 1.850030384957790375e-02 1.414208393543958664e-02 1.146764867007732391e-02 2.217897400259971619e-02 1.050968654453754425e-02 3.060073964297771454e-02 1.978095434606075287e-02 1.570713333785533905e-02 1.041137147694826126e-02 2.862687781453132629e-02 4.119920544326305389e-03 2.052666805684566498e-02 3.253957256674766541e-02 4.813082981854677200e-03 3.694385290145874023e-03 2.099491655826568604e-02 2.634341716766357422e-01 1.588292121887207031e-01 1.925810240209102631e-02 4.020474478602409363e-02 5.234378576278686523e-02 8.545965887606143951e-03 1.791952401399612427e-01 1.197161376476287842e-01 8.914080448448657990e-03 3.424262627959251404e-02 2.285444363951683044e-02 7.533910218626260757e-03 3.731936216354370117e-02 5.000282078981399536e-03 1.986880227923393250e-02 2.341943979263305664e-02 4.513204470276832581e-02 2.557617612183094025e-02 4.897427931427955627e-02 2.644095942378044128e-02 1.530914381146430969e-02 5.544016882777214050e-02 4.132755845785140991e-02 1.256816554814577103e-02 3.969219978898763657e-03 1.464862655848264694e-02 1.493294956162571907e-03 6.128988787531852722e-02 1.858821883797645569e-02 1.372523605823516846e-02 1.790019683539867401e-02 5.681848153471946716e-03 3.416848927736282349e-02 2.288311347365379333e-02 3.192175552248954773e-02 4.090826958417892456e-03
1.651819050312042236e-02 7.987563312053680420e-02 3.665233775973320007e-02 7.356684654951095581e-02 4.476037248969078064e-02 3.700479492545127869e-02 1.033330801874399185e-02 5.887641012668609619e-02 1.033383011817932129e-01 6.571636348962783813e-02 3.674120828509330750e-02 3.354578465223312378e-02 2.238743565976619720e-02 6.536176800727844238e-02 2.320441044867038727e-02 7.611895352602005005e-02 4.356045275926589966e-02 8.204723149538040161e-02 4.101793747395277023e-03 4.915618803352117538e-03 6.313151679933071136e-03 5.070724524557590485e-03 3.061299957334995270e-02 6.039944943040609360e-03 7.480400614440441132e-03 3.167004510760307312e-02 3.957410156726837158e-02 6.286591291427612305e-02 2.148265205323696136e-02 3.717159107327461243e-02 1.942474953830242157e-02 2.019360475242137909e-02 6.523080170154571533e-02 3.077437728643417358e-02 2.341098479519132525e-05 2.812034823000431061e-02 3.491917997598648071e-02 7.973872125148773193e-03 3.518174961209297180e-02 5.041416361927986145e-02 2.045711688697338104e-02 9.076097607612609863e-02 2.827870659530162811e-02 6.313636898994445801e-03 8.557160198688507080e-02 2.755014970898628235e-02 5.869998410344123840e-02 9.514615871012210846e-03 1.262572109699249268e-01 5.119786038994789124e-02 4.766134545207023621e-02 4.231998696923255920e-02 8.659666031599044800e-02 8.231551386415958405e-03 1.498437225818634033e-01 7.202138658612966537e-03 4.685921967029571533e-02 5.402993410825729370e-02 1.628635823726654053e-02 5.552168935537338257e-02 1.064115762710571289e-01 3.705419227480888367e-02 2.900950051844120026e-02 5.432658642530441284e-02 1.513431128114461899e-02 5.721784662455320358e-03 5.584991304203867912e-04 1.170562393963336945e-02 3.403184562921524048e-02 4.145980626344680786e-02 7.423715665936470032e-03 4.801942035555839539e-02 2.505464665591716766e-02 3.795539587736129761e-02 1.181089412420988083e-02 4.217754676938056946e-02 1.740104854106903076e-01 9.192363917827606201e-02 1.472305953502655029e-01 3.450035303831100464e-02 3.707251977175474167e-03 4.316433146595954895e-02 3.469083085656166077e-02 1.494151819497346878e-02 2.913238015025854111e-03 9.909099899232387543e-03 5.642437189817428589e-02 7.969721220433712006e-03 5.198788642883300781e-02 4.703707993030548096e-02 7.181876804679632187e-03 1.518992055207490921e-02 1.216775923967361450e-02 2.769224159419536591e-02 1.766017824411392212e-02 2.352731302380561829e-02 3.558522462844848633e-02 2.538836561143398285e-02 1.697941869497299194e-02 3.131070360541343689e-02 4.727934673428535461e-02 2.617304772138595581e-02 5.473888944834470749e-03 5.312545225024223328e-02 2.398920617997646332e-02 3.017654269933700562e-02 1.405338873155415058e-03 7.428482174873352051e-02 3.209369024261832237e-04 3.786487272009253502e-03 7.216357439756393433e-02 2.357210032641887665e-02 1.740132272243499756e-02 1.478468906134366989e-02 2.027101069688796997e-02 2.091989107429981232e-02
6.282697618007659912e-02 1.133268326520919800e-02 3.209859877824783325e-02 3.623589873313903809e-02 7.767504546791315079e-03 4.332636296749114990e-02 2.606273628771305084e-02 2.061117626726627350e-02 6.571636348962783813e-02 9.179458022117614746e-02 5.344415083527565002e-02 7.881917804479598999e-02 2.386306179687380791e-03 6.466099619865417480e-02 4.180860519409179688e-02 3.989781811833381653e-02 1.771521009504795074e-02 7.037720206426456571e-05 1.234205737709999084e-01 5.538864061236381531e-02 6.077581271529197693e-02 2.323062717914581299e-02 8.254178799688816071e-03 1.046045403927564621e-02 3.117358870804309845e-02 2.803184092044830322e-02 2.011744119226932526e-02 3.818166628479957581e-02 8.048176765441894531e-03 5.320294946432113647e-02 1.559493411332368851e-02 1.269559189677238464e-02 4.375535249710083008e-02 8.320942521095275879e-03 3.703914210200309753e-02 1.663154363632202148e-02 1.197951845824718475e-02 3.217501938343048096e-02 1.002045464701950550e-03 2.528198761865496635e-03 2.877179160714149475e-02 9.377943351864814758e-03 2.643012627959251404e-02 1.638810709118843079e-02 5.676915124058723450e-02 1.395235955715179443e-01 5.528153851628303528e-03 8.610336482524871826e-02 4.872659593820571899e-02 1.426621973514556885e-01 6.920193787664175034e-03 3.982197493314743042e-02 2.410758286714553833e-02 2.148028649389743805e-02 2.645850740373134613e-02 1.008148267865180969e-01 1.535185705870389938e-02 3.095463477075099945e-02 5.552024580538272858e-03 4.622707888484001160e-02 3.338627517223358154e-02 1.836974639445543289e-03 1.000417247414588928e-01 3.496710583567619324e-02 6.944133341312408447e-02 4.234611243009567261e-02 8.625994622707366943e-02 4.924625158309936523e-02 1.649646461009979248e-02 6.633070111274719238e-02 6.573754549026489258e-02 1.965275406837463379e-02 2.630853466689586639e-02 4.946964234113693237e-02 2.689675986766815186e-02 1.335859298706054688e-02 9.103859961032867432e-02 1.867509484291076660e-01 6.437978893518447876e-02 1.455029994249343872e-01 1.531652454286813736e-02 4.880857095122337341e-02 4.337761178612709045e-02 5.616859719157218933e-02 4.684639349579811096e-02 6.005376949906349182e-02 2.903722226619720459e-03 5.577851831912994385e-02 3.992760553956031799e-02 2.328124828636646271e-02 3.025050275027751923e-02 5.822672694921493530e-02 3.586038015782833099e-03 4.205552861094474792e-02 5.589158460497856140e-02 2.170522138476371765e-02 2.126939222216606140e-02 8.984044194221496582e-03 4.632933530956506729e-03 6.513948552310466766e-03 2.314217388629913330e-02 2.118954434990882874e-02 2.755272947251796722e-02 6.281957030296325684e-02 4.959145188331604004e-02 4.713292233645915985e-03 4.001161456108093262e-02 4.993195831775665283e-02 5.306633189320564270e-02 6.543997675180435181e-02 1.346142962574958801e-02 1.314417272806167603e-02 2.341962419450283051e-02 4.775964468717575073e-02 2.897850610315799713e-02 1.185142900794744492e-02
1.835782378911972046e-01 9.250044822692871094e-02 5.636522546410560608e-02 3.199411183595657349e-02 1.431055553257465363e-02 1.197601631283760071e-01 1.511063277721405029e-01 8.139460347592830658e-03 3.674120828509330750e-02 5.344415083527565002e-02 2.956405095756053925e-02 2.588900923728942871e-02 2.421350628137588501e-01 1.856018975377082825e-02 1.234419457614421844e-02 5.817119777202606201e-02 2.256547845900058746e-02 1.197315845638513565e-02 3.256661351770162582e-03 7.461373507976531982e-02 5.393246561288833618e-02 3.062664158642292023e-02 9.852416813373565674e-03 8.847570978105068207e-03 5.834273993968963623e-02 3.323155688121914864e-04 2.447268553078174591e-02 7.254437077790498734e-03 6.559759378433227539e-03 2.794995903968811035e-02 6.068831309676170349e-02 4.189162701368331909e-02 2.230375772342085838e-03 6.711669731885194778e-03 6.536047905683517456e-02 8.600238710641860962e-03 2.464210987091064453e-02 3.925536572933197021e-02 3.752656280994415283e-02 5.480644851922988892e-02 3.433120250701904297e-02 1.663058064877986908e-02 1.111242827028036118e-02 2.994986064732074738e-02 3.135827183723449707e-02 3.197078127413988113e-03 2.941237762570381165e-02 5.576718226075172424e-02 5.032591056078672409e-03 3.233829280361533165e-03 3.573287650942802429e-02 6.721968762576580048e-03 2.193122357130050659e-02 1.660441607236862183e-02 3.015181608498096466e-02 2.522152662277221680e-02 9.668986895121634007e-04 1.995513588190078735e-02 2.020474337041378021e-02 5.328443646430969238e-02 1.599792018532752991e-02 1.456207223236560822e-02 4.837192222476005554e-02 7.763666659593582153e-02 4.678456485271453857e-02 5.082336440682411194e-02 2.890605479478836060e-02 5.105282738804817200e-02 3.772681951522827148e-02 1.013893783092498779e-01 2.792506478726863861e-02 3.937846794724464417e-02 3.414387255907058716e-02 4.242416471242904663e-02 5.789368227124214172e-02 1.144287269562482834e-02 2.481556311249732971e-02 1.693012565374374390e-02 3.435394540429115295e-02 5.957727506756782532e-02 3.126742318272590637e-02 1.979352161288261414e-02 7.026309520006179810e-02 3.613859415054321289e-02 4.525775089859962463e-03 3.401555120944976807e-02 3.538134694099426270e-02 1.640146784484386444e-02 2.852797694504261017e-02 4.700491577386856079e-02 3.307336010038852692e-03 2.534702606499195099e-02 4.386607557535171509e-02 1.435150275938212872e-03 4.126388207077980042e-02 2.650263719260692596e-02 3.802012279629707336e-02 1.381078083068132401e-02 3.195754811167716980e-02 1.189875695854425430e-02 3.734029829502105713e-02 8.862997405230998993e-03 2.252962999045848846e-02 1.721003279089927673e-02 4.825548827648162842e-02 7.101671397686004639e-02 3.878606483340263367e-02 1.671930961310863495e-02 5.872341990470886230e-02 1.931697688996791840e-02 1.379671692848205566e-02 8.412522822618484497e-02 2.258642204105854034e-02 2.909072488546371460e-02 3.745178878307342529e-02 3.907461091876029968e-02
1.940729795023798943e-03 2.745061879977583885e-03 2.431018091738224030e-02 3.779019787907600403e-02 2.950842259451746941e-03 1.270157843828201294e-01 6.253539025783538818e-02 2.957221493124961853e-02 3.354578465223312378e-02 7.881917804479598999e-02 2.588900923728942871e-02 1.340003460645675659e-01 4.752825945615768433e-02 2.333156168460845947e-01 1.115885563194751740e-02 3.910134360194206238e-02 1.647624373435974121e-02 3.999152407050132751e-02 4.001441970467567444e-02 3.238861262798309326e-02 1.684645190834999084e-02 3.607761813327670097e-03 1.216278076171875000e-01 7.490555197000503540e-02 2.489591948688030243e-02 4.220454394817352295e-02 5.074755847454071045e-02 1.413760781288146973e-01 6.015970930457115173e-02 1.208894476294517517e-01 3.545553237199783325e-02 2.521718479692935944e-02 4.442319646477699280e-02 6.815532594919204712e-02 3.711890429258346558e-02 8.460668474435806274e-02 8.164104819297790527e-02 1.848059147596359253e-02 4.038619808852672577e-03 3.219514712691307068e-02 5.742312967777252197e-02 6.450240314006805420e-02 4.376198630779981613e-04 3.134472295641899109e-02 9.418962895870208740e-02 5.591465532779693604e-02 1.669494807720184326e-01 4.811238497495651245e-02 3.212837874889373779e-02 9.182962030172348022e-02 2.370223402976989746e-02 5.964227952063083649e-03 3.534720465540885925e-02 3.955257311463356018e-02 2.864847145974636078e-02 6.777805089950561523e-02 8.924620598554611206e-02 5.550213530659675598e-02 8.072896860539913177e-03 1.228789053857326508e-02 6.343111395835876465e-02 1.644892431795597076e-02 4.201303794980049133e-02 3.007099218666553497e-02 2.242800220847129822e-02 1.028161123394966125e-02 2.408352680504322052e-02 6.700256466865539551e-02 4.400770645588636398e-03 2.015277557075023651e-02 4.638320766389369965e-03 7.144626230001449585e-02 2.508882433176040649e-02 5.732792988419532776e-02 1.601821184158325195e-02 3.195708617568016052e-02 7.602877169847488403e-02 1.487601269036531448e-02 2.503293007612228394e-02 2.580204233527183533e-02 7.322769612073898315e-03 1.168433343991637230e-03 2.585019171237945557e-02 5.836544558405876160e-03 1.113060163334012032e-03 4.016252607107162476e-02 6.831515580415725708e-03 5.776018649339675903e-02 2.362516941502690315e-03 5.800481513142585754e-02 8.030436187982559204e-02 6.618929654359817505e-02 4.756461456418037415e-02 9.634671732783317566e-03 3.241048008203506470e-02 3.415647195652127266e-03 2.721137832850217819e-03 3.680289164185523987e-02 1.145556219853460789e-03 2.208621799945831299e-02 1.850179978646337986e-03 2.969268523156642914e-02 4.032628238201141357e-02 3.474334627389907837e-02 2.754445746541023254e-02 3.151996433734893799e-02 4.536215215921401978e-02 1.206469070166349411e-02 4.020391777157783508e-02 3.017401508986949921e-02 3.689215704798698425e-02 7.412779331207275391e-02 3.870738670229911804e-02 1.159513485617935658e-03 6.669031083583831787e-02 4.281940311193466187e-02
3.692920878529548645e-02 1.495389938354492188e-01 9.040351724252104759e-04 6.257331930100917816e-03 6.355921179056167603e-02 6.750667840242385864e-02 1.594154983758926392e-01 9.713716059923171997e-02 2.238743565976619720e-02 2.386306179687380791e-03 2.421350628137588501e-01 4.752825945615768433e-02 3.509285300970077515e-02 4.342045262455940247e-02 1.233484968543052673e-01 4.817340150475502014e-02 3.376661613583564758e-02 5.030849948525428772e-02 2.125197555869817734e-03 4.726197198033332825e-02 4.918533936142921448e-02 2.799694053828716278e-02 2.454920858144760132e-02 3.446142375469207764e-02 3.996286913752555847e-02 4.808509722352027893e-02 2.837349288165569305e-02 6.818617135286331177e-02 1.149668637663125992e-02 3.847404196858406067e-02 1.769624836742877960e-02 4.065704718232154846e-02 1.063417643308639526e-01 4.750112071633338928e-02 5.561896041035652161e-02 3.197660297155380249e-02 2.606492117047309875e-02 3.228746727108955383e-02 2.909002825617790222e-02 3.683881834149360657e-02 4.527693241834640503e-02 5.978656932711601257e-02 3.408572077751159668e-02 1.247970480471849442e-02 6.375991553068161011e-02 5.816435813903808594e-02 2.092701615765690804e-03 2.760246163234114647e-03 1.936509273946285248e-02 2.669111359864473343e-03 4.927048459649085999e-02 5.713863670825958252e-02 1.618341729044914246e-02 5.823194235563278198e-02 7.757757604122161865e-02 1.092152111232280731e-02 7.017231732606887817e-02 1.624809019267559052e-02 8.158175647258758545e-02 6.014986895024776459e-03 5.773641169071197510e-02 2.949828514829277992e-03 5.270042456686496735e-03 2.757929824292659760e-02 4.468246921896934509e-02 1.985567249357700348e-02 4.151903092861175537e-02 1.752875186502933502e-02 2.329765073955059052e-02 2.388078719377517700e-02 4.347999393939971924e-02 4.853269550949335098e-03 2.997677400708198547e-02 2.984359860420227051e-02 1.992627047002315521e-02 2.063607238233089447e-02 2.734017558395862579e-02 1.455506030470132828e-02 1.824522018432617188e-02 5.522170662879943848e-02 9.185268729925155640e-02 5.059377104043960571e-02 5.792043730616569519e-02 1.685868133790791035e-03 4.816114902496337891e-02 2.208992838859558105e-02 9.712749719619750977e-02 5.794922634959220886e-02 9.320990182459354401e-03 2.015127241611480713e-02 5.801175907254219055e-02 1.435628719627857208e-02 2.865340188145637512e-02 4.629707336425781250e-02 1.556248217821121216e-01 1.165490504354238510e-02 3.063988871872425079e-02 9.708270430564880371e-03 5.373585224151611328e-02 2.056139707565307617e-02 2.426536753773689270e-03 1.708123087882995605e-02 4.752359911799430847e-02 3.197986166924238205e-03 2.126157842576503754e-02 2.731601707637310028e-02 4.505371674895286560e-02 8.261936716735363007e-03 6.764078140258789062e-02 5.911510437726974487e-02 6.012804806232452393e-02 2.372602932155132294e-02 2.716132253408432007e-02 5.046260729432106018e-02 3.781341761350631714e-02 1.994719170033931732e-02
