1.653777658939361572e-01 2.303637415170669556e-01 8.890034630894660950e-03 5.655432865023612976e-02 5.139411427080631256e-03 1.517800539731979370e-01 6.612136960029602051e-02 2.623029798269271851e-02 2.665475942194461823e-02 1.027301233261823654e-02 1.325849145650863647e-01 2.054473012685775757e-02 1.193280816078186035e-01 1.221621222794055939e-02 8.696822077035903931e-02 2.132156305015087128e-02 1.816180534660816193e-02 2.960467152297496796e-02 3.609955683350563049e-02 1.890285871922969818e-02 2.898164652287960052e-02 1.811431348323822021e-02 4.277236014604568481e-02 3.081389004364609718e-03 3.153883665800094604e-02 6.041828077286481857e-03 9.114728309214115143e-03 1.781833544373512268e-02 1.211511995643377304e-02 1.683411188423633575e-02 2.717505954205989838e-02 4.826883226633071899e-02 2.355144172906875610e-02 9.245617315173149109e-03 9.754265658557415009e-03 1.173054128885269165e-01 5.965347960591316223e-02 6.252519320696592331e-03 3.146374225616455078e-02 1.285914797335863113e-03 2.943067811429500580e-02 1.783033832907676697e-02 1.901410147547721863e-02 2.235478535294532776e-02 3.512383904308080673e-03 2.096954174339771271e-02 7.230233401060104370e-02 5.379007011651992798e-02 5.523526109755039215e-03 3.366153314709663391e-02 7.251850795000791550e-03 4.911203403025865555e-03 1.302450150251388550e-02 1.710858941078186035e-02 6.530857179313898087e-03 8.147042244672775269e-02 5.794189404696226120e-03 3.049387363716959953e-03 1.393431331962347031e-02 7.024964690208435059e-02 4.467538557946681976e-03 3.709461167454719543e-02 1.722318120300769806e-03 2.378702722489833832e-02 2.916334010660648346e-02 2.316474914550781250e-02 3.631876036524772644e-02 2.280191751196980476e-03 3.113630600273609161e-02 3.835952281951904297e-02 1.352371461689472198e-02 3.836163505911827087e-02 1.689321710728108883e-03 4.024227336049079895e-02 4.132225364446640015e-02 6.859004031866788864e-03 2.631576498970389366e-03 1.196221914142370224e-02 6.973832845687866211e-03 2.247425541281700134e-02 6.408508867025375366e-02 3.753195051103830338e-03 4.438441619277000427e-02 4.703696444630622864e-02 9.718663990497589111e-03 2.511970512568950653e-02 3.623522818088531494e-02 3.382564708590507507e-02 2.328489348292350769e-02 3.221811726689338684e-02 2.587745897471904755e-02 1.384020224213600159e-02 2.955732867121696472e-02 6.137740798294544220e-03 4.003246873617172241e-02 4.856512532569468021e-04 2.956899628043174744e-02 5.732531193643808365e-03 1.246178057044744492e-02 2.061643451452255249e-02 7.704354356974363327e-04 1.106713619083166122e-02 1.210250146687030792e-02 4.463153705000877380e-02 6.456474214792251587e-02 1.645264774560928345e-02 7.350392173975706100e-03 7.218026556074619293e-03 3.063827985897660255e-03 4.650668799877166748e-02 9.606363251805305481e-03 5.191813036799430847e-02 3.761627152562141418e-02 3.396141529083251953e-02 1.519863307476043701e-02 1.825617812573909760e-02
2.303637415170669556e-01 1.724427938461303711e-01 3.994145244359970093e-02 2.851132070645689964e-03 5.479970015585422516e-03 1.354403495788574219e-01 1.040039137005805969e-01 9.668843820691108704e-03 1.090279500931501389e-02 1.336874440312385559e-02 9.468201547861099243e-02 5.134672671556472778e-02 2.004637569189071655e-01 1.285877951886504889e-04 3.566845506429672241e-02 4.509517922997474670e-02 4.057054594159126282e-02 1.334203220903873444e-02 3.744502365589141846e-02 1.023043412715196609e-03 1.594200357794761658e-02 5.406139884144067764e-03 2.116466872394084930e-02 3.030209615826606750e-02 7.254535332322120667e-03 8.814954198896884918e-03 3.898182418197393417e-03 7.221232168376445770e-03 7.271655648946762085e-02 1.529059093445539474e-02 4.371010139584541321e-02 4.543761909008026123e-02 3.847168991342186928e-03 1.014882232993841171e-02 3.348414972424507141e-02 1.190924793481826782e-01 7.106156647205352783e-02 3.717270120978355408e-02 8.399046957492828369e-03 9.457903914153575897e-03 1.915364153683185577e-02 4.036980867385864258e-02 2.214958891272544861e-02 4.045528918504714966e-02 5.992243811488151550e-02 2.996164560317993164e-02 1.458228658884763718e-02 4.094329103827476501e-02 2.556690201163291931e-02 3.812051191926002502e-02 1.249521388672292233e-03 1.601967960596084595e-02 8.564290590584278107e-03 2.858278807252645493e-03 1.560154091566801071e-02 1.936568878591060638e-02 4.934681951999664307e-02 3.283680975437164307e-02 2.186874672770500183e-02 5.338225886225700378e-02 2.361752092838287354e-02 9.101199917495250702e-03 4.115100577473640442e-02 1.758108660578727722e-02 5.003293603658676147e-02 8.059157431125640869e-02 2.097626030445098877e-02 9.557402692735195160e-03 4.357092082500457764e-02 2.220983617007732391e-02 3.368647396564483643e-02 5.084426328539848328e-02 1.423413772135972977e-02 2.982484735548496246e-02 4.041407257318496704e-02 6.314707454293966293e-03 2.620987035334110260e-02 4.638526588678359985e-02 6.127593293786048889e-02 5.431524291634559631e-02 1.187443509697914124e-01 9.948111837729811668e-04 6.155035924166440964e-03 9.937638416886329651e-03 3.570015728473663330e-02 4.968893900513648987e-02 6.859913468360900879e-02 2.327768504619598389e-02 1.299228332936763763e-02 7.565626408904790878e-03 4.380061849951744080e-02 5.875415168702602386e-03 4.032773897051811218e-03 5.528083071112632751e-02 2.430692315101623535e-02 2.179451845586299896e-02 2.976139949169009924e-04 1.432652305811643600e-02 2.581642568111419678e-02 5.287955515086650848e-03 1.802684925496578217e-02 5.249287467449903488e-03 1.963425986468791962e-02 3.757338970899581909e-03 4.713463783264160156e-02 1.120777148753404617e-02 4.037450253963470459e-02 1.130701974034309387e-02 6.261531263589859009e-03 3.898902237415313721e-02 3.492594696581363678e-03 5.450372584164142609e-03 3.631250560283660889e-02 2.550053223967552185e-02 1.799996383488178253e-02 1.375175430439412594e-03
8.890034630894660950e-03 3.994145244359970093e-02 5.077958479523658752e-02 4.260532557964324951e-02 3.615511208772659302e-02 3.664889838546514511e-03 1.275677885860204697e-02 1.962654441595077515e-01 2.389862900599837303e-03 9.896637871861457825e-03 3.550004214048385620e-03 2.817751141265034676e-03 4.673586040735244751e-02 2.286945655941963196e-02 5.309374630451202393e-02 6.684093968942761421e-04 4.899821244180202484e-03 7.524789869785308838e-02 5.165491625666618347e-02 7.439814042299985886e-03 7.751967292279005051e-03 2.659088186919689178e-02 2.148154564201831818e-02 1.620148494839668274e-02 1.034017466008663177e-02 1.976229250431060791e-03 1.411445066332817078e-02 2.298783324658870697e-02 2.484510093927383423e-02 2.405607327818870544e-02 3.903197497129440308e-02 3.651293693110346794e-03 8.292216807603836060e-03 3.221798315644264221e-02 2.203085832297801971e-02 3.569159284234046936e-02 7.837081793695688248e-04 2.819352783262729645e-02 6.912477314472198486e-02 6.146667897701263428e-02 5.647249519824981689e-03 6.665849685668945312e-02 3.243416920304298401e-02 2.229836955666542053e-02 7.511916104704141617e-03 1.092144660651683807e-02 9.654712630435824394e-04 1.482929475605487823e-02 3.371890634298324585e-02 4.503367841243743896e-02 4.366275668144226074e-02 1.421092916280031204e-02 1.252202223986387253e-02 1.896538957953453064e-02 9.478758089244365692e-03 3.774335607886314392e-02 7.272784598171710968e-03 9.584816172719001770e-03 1.165899913758039474e-02 1.835975237190723419e-02 2.818094380199909210e-02 7.181136170402169228e-04 4.755965620279312134e-02 3.201453387737274170e-02 3.506009280681610107e-02 1.767624542117118835e-02 4.299217090010643005e-02 4.465530626475811005e-03 6.190948560833930969e-02 6.216657906770706177e-02 5.829454213380813599e-02 8.077010512351989746e-02 1.965864934027194977e-02 4.820780828595161438e-02 1.697796047665178776e-03 1.587648876011371613e-02 2.899974351748824120e-03 1.647303812205791473e-02 4.651446640491485596e-02 8.936829119920730591e-02 2.974123954772949219e-01 1.687352955341339111e-01 1.570730702951550484e-03 1.088624075055122375e-02 7.019727490842342377e-03 4.813291504979133606e-02 1.061551868915557861e-01 8.782552927732467651e-02 3.210608288645744324e-02 3.373478353023529053e-02 1.607684046030044556e-02 5.180848017334938049e-02 1.148253679275512695e-02 5.788080394268035889e-02 7.400386780500411987e-02 8.621851913630962372e-03 4.510737489908933640e-03 1.479661650955677032e-02 8.730105310678482056e-02 9.157850593328475952e-02 7.208893657661974430e-04 4.571363702416419983e-02 4.764298722147941589e-02 3.501223400235176086e-02 2.117388695478439331e-02 5.989195033907890320e-02 3.751094639301300049e-02 2.059654332697391510e-02 2.360779792070388794e-02 1.111978292465209961e-02 1.425704360008239746e-02 2.386768534779548645e-02 3.635151311755180359e-02 9.332571178674697876e-03 9.283706545829772949e-02 4.639013111591339111e-02
5.655432865023612976e-02 2.851132070645689964e-03 4.260532557964324951e-02 1.165634114295244217e-02 2.265180647373199463e-01 3.051039576530456543e-02 5.861452780663967133e-03 5.269438773393630981e-02 1.660036295652389526e-02 7.759712636470794678e-02 6.704011932015419006e-03 1.545048318803310394e-02 5.052781105041503906e-02 7.130452431738376617e-04 9.165889932774007320e-04 4.080514609813690186e-02 1.244329754263162613e-02 4.050030559301376343e-02 4.898769408464431763e-02 3.086465783417224884e-02 4.485926032066345215e-02 2.015225589275360107e-02 5.684693530201911926e-02 6.905657798051834106e-02 3.604986472055315971e-03 5.712377279996871948e-02 5.018929764628410339e-02 6.169958040118217468e-02 2.290930412709712982e-02 3.678517788648605347e-02 4.125338420271873474e-02 7.497181184589862823e-03 3.267991915345191956e-02 1.598041970282793045e-03 2.991076931357383728e-02 2.120872586965560913e-02 2.957823313772678375e-02 1.232056133449077606e-02 1.306543201208114624e-01 2.231640070676803589e-01 7.984506338834762573e-02 6.310125812888145447e-03 3.409526869654655457e-02 2.815038338303565979e-02 1.586196385324001312e-02 4.699923470616340637e-02 3.381090238690376282e-02 9.941887110471725464e-04 4.099130630493164062e-02 3.342388942837715149e-02 5.908540263772010803e-02 3.685914352536201477e-02 3.433350473642349243e-02 5.452755838632583618e-02 2.101938426494598389e-02 5.677676200866699219e-02 3.675251826643943787e-02 5.757320299744606018e-02 3.419715538620948792e-02 6.125064939260482788e-02 6.228399649262428284e-02 5.268362909555435181e-02 1.310089416801929474e-02 8.850026875734329224e-03 4.137264937162399292e-02 3.070919029414653778e-02 2.449035644531250000e-02 5.339830648154020309e-03 7.846754789352416992e-02 4.457466304302215576e-02 1.947386935353279114e-02 4.720882326364517212e-02 9.510190039873123169e-02 3.541677445173263550e-02 5.000837519764900208e-02 8.935307711362838745e-02 1.756616681814193726e-02 4.305985942482948303e-02 5.974233523011207581e-02 1.826811023056507111e-02 3.885297104716300964e-02 4.040047992020845413e-03 2.950294129550457001e-02 3.045197762548923492e-02 2.311096526682376862e-02 4.452899843454360962e-02 3.221169486641883850e-02 7.531508803367614746e-02 2.597421035170555115e-02 1.585354469716548920e-02 3.073199465870857239e-02 4.286671802401542664e-02 8.226327598094940186e-03 7.422627508640289307e-02 1.069380640983581543e-01 1.066508069634437561e-01 6.353452801704406738e-03 1.260663568973541260e-02 1.467299368232488632e-02 3.328974917531013489e-02 4.201655462384223938e-02 1.124537549912929535e-02 5.369148403406143188e-02 8.811254054307937622e-03 1.598234288394451141e-02 6.504127383232116699e-02 4.591197893023490906e-02 8.682452142238616943e-02 4.788040742278099060e-02 1.167460996657609940e-02 2.754868939518928528e-02 6.221545860171318054e-02 5.936850793659687042e-03 6.599334627389907837e-02 4.701323807239532471e-03 3.254676610231399536e-02
5.139411427080631256e-03 5.479970015585422516e-03 3.615511208772659302e-02 2.265180647373199463e-01 1.117737405002117157e-02 3.695214865729212761e-03 1.952645555138587952e-02 4.799650982022285461e-02 4.826975241303443909e-02 5.811830237507820129e-02 2.992710657417774200e-02 1.057703327387571335e-02 7.260267622768878937e-03 4.164678603410720825e-02 4.336298257112503052e-02 9.831456094980239868e-02 4.471102729439735413e-02 3.575844690203666687e-03 6.399711221456527710e-02 2.419040165841579437e-02 3.505020961165428162e-02 4.512248188257217407e-02 2.171187289059162140e-02 6.390087306499481201e-03 1.217821147292852402e-02 1.201795786619186401e-02 4.615426063537597656e-02 5.734333768486976624e-02 6.477310787886381149e-03 7.554759830236434937e-02 4.638559184968471527e-03 5.164481233805418015e-03 1.060048863291740417e-01 6.536268442869186401e-02 5.745900049805641174e-02 3.998960927128791809e-02 1.195376273244619370e-02 2.372055314481258392e-02 6.225131079554557800e-02 3.131053745746612549e-01 4.433502256870269775e-02 2.979348786175251007e-02 4.756053164601325989e-02 1.910832943394780159e-03 8.677139878273010254e-03 9.481679648160934448e-03 1.906619779765605927e-02 4.127850756049156189e-02 7.791018486022949219e-02 3.472292795777320862e-02 6.463865283876657486e-03 1.242319121956825256e-02 2.528663910925388336e-02 4.196276143193244934e-02 1.808456517755985260e-02 2.055691368877887726e-02 5.541254580020904541e-02 5.638270080089569092e-02 4.756300523877143860e-02 8.858817629516124725e-03 4.723059758543968201e-02 1.226087193936109543e-02 4.345041140913963318e-02 3.438246995210647583e-02 4.764713719487190247e-02 1.211067289113998413e-02 2.447173371911048889e-02 2.031290158629417419e-02 3.642572835087776184e-02 4.905543103814125061e-02 4.847930744290351868e-02 2.459752932190895081e-02 5.148857086896896362e-02 5.418219789862632751e-02 2.097862958908081055e-02 4.052234441041946411e-02 8.090975135564804077e-02 2.955292165279388428e-02 1.693391241133213043e-02 4.329023417085409164e-03 2.160637406632304192e-03 5.362407863140106201e-02 3.470767289400100708e-02 3.563000634312629700e-02 3.035558573901653290e-02 1.800618879497051239e-02 4.496604576706886292e-02 1.324186474084854126e-02 7.228131592273712158e-02 2.159200143069028854e-03 4.260091111063957214e-03 1.380652654916048050e-02 4.440355300903320312e-02 5.641969386488199234e-03 1.165469810366630554e-01 1.753937751054763794e-01 6.846954114735126495e-03 5.269104149192571640e-04 5.119017511606216431e-02 3.177973628044128418e-02 6.104154884815216064e-02 4.389854520559310913e-02 2.505159378051757812e-02 1.107326708734035492e-02 2.516342513263225555e-02 6.694595515727996826e-02 1.409360393881797791e-02 1.512933056801557541e-02 3.980675712227821350e-02 3.123198822140693665e-02 4.394999891519546509e-02 4.612549394369125366e-02 1.511385571211576462e-02 3.377552703022956848e-02 2.141960337758064270e-02 9.035528055392205715e-04
1.517800539731979370e-01 1.354403495788574219e-01 3.664889838546514511e-03 3.051039576530456543e-02 3.695214865729212761e-03 1.222269311547279358e-01 1.706471294164657593e-01 1.760238409042358398e-02 1.135205850005149841e-02 3.149349614977836609e-02 1.119839325547218323e-01 1.315052714198827744e-02 9.294060617685317993e-02 1.032641064375638962e-02 2.814904041588306427e-02 7.115785498172044754e-03 1.255622878670692444e-02 5.096578970551490784e-02 4.486622288823127747e-02 2.188714453950524330e-03 1.891214586794376373e-02 1.324690412729978561e-02 2.445931173861026764e-02 2.863110043108463287e-02 4.051341116428375244e-02 2.909774193540215492e-03 3.282500058412551880e-02 6.056063249707221985e-02 3.057772479951381683e-02 9.246869012713432312e-03 8.552100509405136108e-02 2.891563437879085541e-02 1.821172609925270081e-02 1.343819964677095413e-02 1.991157419979572296e-02 1.758553087711334229e-02 5.671869963407516479e-03 1.279059424996376038e-02 5.180458351969718933e-02 1.330539677292108536e-02 3.246745839715003967e-02 1.451576221734285355e-02 9.075901471078395844e-03 4.541524127125740051e-02 5.392001010477542877e-03 6.905851885676383972e-03 1.379657983779907227e-01 7.739986479282379150e-02 1.707434467971324921e-02 1.395817846059799194e-02 1.962455362081527710e-02 2.572869136929512024e-02 5.149672273546457291e-03 4.197377129457890987e-04 1.014084927737712860e-02 3.277819603681564331e-02 7.601365912705659866e-03 4.410502314567565918e-02 9.110388346016407013e-03 6.059381365776062012e-02 4.881597589701414108e-03 5.448435898870229721e-03 1.448744325898587704e-03 9.080283343791961670e-03 2.339710714295506477e-03 2.004464343190193176e-02 4.067138954997062683e-02 3.549003601074218750e-02 3.290210291743278503e-02 1.840874925255775452e-02 3.269078582525253296e-02 7.528528571128845215e-03 1.150244660675525665e-02 2.467198669910430908e-02 2.619585394859313965e-02 2.009006217122077942e-02 2.140927687287330627e-02 2.030770480632781982e-02 1.164300832897424698e-02 3.501582145690917969e-02 7.857703603804111481e-03 2.449177205562591553e-02 1.460565160959959030e-02 2.147782407701015472e-02 5.722909048199653625e-02 4.366923496127128601e-02 4.125505685806274414e-02 4.074106737971305847e-02 4.369295388460159302e-02 4.356988146901130676e-02 2.994311414659023285e-02 2.616360411047935486e-02 2.114584483206272125e-02 2.252404019236564636e-02 5.547633045352995396e-04 1.778732240200042725e-02 1.224537566304206848e-02 1.121496222913265228e-02 2.187687158584594727e-02 2.066002599895000458e-02 4.787467420101165771e-02 1.126154419034719467e-02 7.762786466628313065e-03 1.814799569547176361e-02 4.071363061666488647e-02 6.802684813737869263e-02 4.309806972742080688e-02 2.507415367290377617e-03 1.452649943530559540e-02 3.233189135789871216e-02 4.372906684875488281e-02 6.246070191264152527e-02 9.993268176913261414e-03 2.955818735063076019e-02 7.049578707665205002e-04 5.855571106076240540e-02
6.612136960029602051e-02 1.040039137005805969e-01 1.275677885860204697e-02 5.861452780663967133e-03 1.952645555138587952e-02 1.706471294164657593e-01 1.185955330729484558e-01 5.560941249132156372e-02 3.004807047545909882e-02 8.803145028650760651e-03 8.076034486293792725e-02 5.593913793563842773e-02 9.469386190176010132e-02 3.734084963798522949e-02 6.238923966884613037e-02 2.873817924410104752e-03 2.258808119222521782e-03 6.146934255957603455e-02 4.255552217364311218e-02 1.422087661921977997e-02 1.010578474961221218e-03 1.748803630471229553e-02 6.577191874384880066e-03 1.071396097540855408e-02 9.396651759743690491e-03 2.335158875212073326e-03 2.253108657896518707e-02 5.108027160167694092e-02 1.117774954764172435e-04 8.974817581474781036e-03 4.501411691308021545e-03 9.539365768432617188e-03 5.246900022029876709e-02 2.353582903742790222e-02 2.321582846343517303e-02 4.125173762440681458e-02 5.359864328056573868e-03 1.556179369799792767e-03 7.609501015394926071e-03 3.037380240857601166e-02 2.001534681767225266e-03 1.592883467674255371e-02 1.333110127598047256e-02 1.900664716958999634e-02 8.634836412966251373e-03 3.837073966860771179e-02 1.041695997118949890e-01 8.921180665493011475e-02 1.657036691904067993e-02 4.705541208386421204e-02 4.102616105228662491e-03 3.662801906466484070e-02 2.149875462055206299e-02 1.200684066861867905e-02 3.609197959303855896e-02 1.727783493697643280e-02 8.807144127786159515e-03 3.536163643002510071e-02 2.204628475010395050e-02 5.132286250591278076e-02 1.199652533978223801e-02 3.164709487464278936e-04 3.625318780541419983e-02 1.528479252010583878e-02 1.319020520895719528e-03 1.669166795909404755e-02 2.417979948222637177e-02 2.206954918801784515e-02 1.078361924737691879e-02 3.359767049551010132e-02 1.234924700111150742e-02 3.794928640127182007e-02 2.428516186773777008e-02 1.007842272520065308e-02 1.750032790005207062e-02 3.800253197550773621e-02 2.285888977348804474e-02 8.622655295766890049e-04 3.133486583828926086e-02 2.678608521819114685e-02 8.731744019314646721e-04 7.062888471409678459e-04 3.626746311783790588e-02 2.089424431324005127e-02 4.677153751254081726e-02 2.435891143977642059e-02 1.829947228543460369e-03 9.592242538928985596e-03 2.027346380054950714e-02 1.751666516065597534e-02 2.853824011981487274e-02 1.005016174167394638e-02 5.658962298184633255e-03 4.898759350180625916e-02 2.218629233539104462e-02 3.723061829805374146e-02 8.031944744288921356e-03 1.119707524776458740e-02 4.298148676753044128e-03 2.332836203277111053e-02 2.796598523855209351e-02 3.117902437224984169e-03 1.881458982825279236e-02 6.761717610061168671e-03 2.504174225032329559e-02 5.183035135269165039e-02 6.839876621961593628e-02 2.598571591079235077e-02 1.511859148740768433e-02 2.968854643404483795e-02 2.258936315774917603e-02 6.325417011976242065e-02 3.727686032652854919e-02 5.194764584302902222e-02 9.372170083224773407e-03 6.758930534124374390e-02
2.623029798269271851e-02 9.668843820691108704e-03 1.962654441595077515e-01 5.269438773393630981e-02 4.799650982022285461e-02 1.760238409042358398e-02 5.560941249132156372e-02 3.025194816291332245e-02 3.240292519330978394e-02 3.437160328030586243e-02 7.441848982125520706e-03 3.229773417115211487e-02 7.519721984863281250e-03 1.697266474366188049e-02 1.184982582926750183e-01 2.204414084553718567e-02 2.460012957453727722e-02 3.047859296202659607e-02 1.494316384196281433e-02 5.808781459927558899e-02 3.083454631268978119e-02 1.062059495598077774e-02 1.056612003594636917e-02 8.206616155803203583e-03 1.364958472549915314e-02 2.474212832748889923e-02 2.245836704969406128e-02 2.826259098947048187e-02 3.783027827739715576e-02 4.140694066882133484e-02 2.335548959672451019e-02 2.219580113887786865e-02 4.542877525091171265e-02 2.465668693184852600e-02 8.866012841463088989e-02 1.700808852910995483e-02 7.921162061393260956e-03 4.998363927006721497e-02 3.886031359434127808e-02 5.689285695552825928e-02 9.497036226093769073e-03 4.394359886646270752e-02 7.016217708587646484e-02 4.102324321866035461e-02 3.794029727578163147e-02 1.507883053272962570e-02 2.181683853268623352e-02 4.639868810772895813e-02 3.393852710723876953e-02 3.887332603335380554e-02 3.428892791271209717e-02 2.062900364398956299e-02 6.065562367439270020e-02 2.106754109263420105e-02 5.705264583230018616e-02 6.854753941297531128e-02 2.863922156393527985e-02 4.195148497819900513e-02 2.961833216249942780e-02 4.254100471735000610e-02 3.146953135728836060e-02 5.658029019832611084e-02 5.883917328901588917e-04 6.117995083332061768e-02 1.613673754036426544e-02 5.796709284186363220e-02 2.266943082213401794e-02 2.328582666814327240e-02 3.431980311870574951e-02 3.601850196719169617e-02 2.890680544078350067e-02 3.932807222008705139e-02 1.119488291442394257e-02 2.548704110085964203e-02 2.528396807610988617e-02 1.287333015352487564e-02 3.123889863491058350e-02 8.543088915757834911e-04 4.087322950363159180e-02 7.847534120082855225e-02 1.812679320573806763e-01 1.021222770214080811e-01 1.768280193209648132e-02 3.465256839990615845e-02 7.643604651093482971e-03 2.369963936507701874e-02 8.861397206783294678e-02 5.545995756983757019e-02 1.523333508521318436e-02 1.358709204941987991e-02 2.755325660109519958e-02 6.291605532169342041e-02 1.377569977194070816e-02 3.297460451722145081e-02 7.282405626028776169e-03 3.071660920977592468e-02 3.359012305736541748e-02 6.943058688193559647e-03 7.122904527932405472e-03 5.233037844300270081e-02 4.245190322399139404e-02 6.355808675289154053e-02 2.366499742493033409e-03 5.625925958156585693e-02 5.860333517193794250e-02 3.177282586693763733e-02 1.096135587431490421e-03 9.135557711124420166e-02 3.754590824246406555e-02 5.475115776062011719e-02 7.608724385499954224e-02 5.123972147703170776e-02 5.750568117946386337e-03 4.510613158345222473e-02 6.216703727841377258e-02 6.404223293066024780e-02
2.665475942194461823e-02 1.090279500931501389e-02 2.389862900599837303e-03 1.660036295652389526e-02 4.826975241303443909e-02 1.135205850005149841e-02 3.004807047545909882e-02 3.240292519330978394e-02 1.000847574323415756e-02 1.118410527706146240e-01 2.191253565251827240e-02 2.579240314662456512e-02 2.122152596712112427e-02 7.145588286221027374e-03 2.879630029201507568e-02 4.996031522750854492e-02 2.263564616441726685e-02 4.724798724055290222e-02 3.010156564414501190e-03 1.176855713129043579e-02 1.420665625482797623e-02 9.749448858201503754e-03 3.431664779782295227e-02 8.251458406448364258e-03 4.413811862468719482e-02 6.168633699417114258e-02 8.490327745676040649e-04 6.909920275211334229e-02 1.427654270082712173e-02 5.732331890612840652e-03 4.817001521587371826e-02 5.803531408309936523e-02 8.557409979403018951e-03 1.320599671453237534e-02 6.234918721020221710e-03 1.805640757083892822e-02 1.946876943111419678e-02 5.050992593169212341e-02 3.767808899283409119e-02 1.894575543701648712e-02 2.530201151967048645e-02 1.196741387248039246e-01 1.243133656680583954e-02 3.431978821754455566e-02 9.199024736881256104e-02 1.924926787614822388e-02 1.205090619623661041e-02 1.622674241662025452e-02 8.812995254993438721e-02 4.140733182430267334e-02 3.708220273256301880e-02 2.169441618025302887e-02 3.421301394701004028e-02 2.025581663474440575e-03 8.289241045713424683e-02 3.943088278174400330e-02 2.180541865527629852e-03 5.039733275771141052e-02 3.341636853292584419e-03 2.285455167293548584e-02 5.378032475709915161e-02 3.974122554063796997e-02 1.173892803490161896e-02 7.458377629518508911e-02 2.194603905081748962e-02 6.437788158655166626e-02 8.923539891839027405e-03 4.442952945828437805e-02 7.184482365846633911e-02 7.769066840410232544e-02 3.202064428478479385e-03 8.292365074157714844e-02 1.199195533990859985e-02 9.113859385251998901e-03 3.549383580684661865e-02 7.332645356655120850e-02 1.911763846874237061e-01 1.271153055131435394e-02 3.944517672061920166e-02 5.421214178204536438e-02 1.771422661840915680e-02 5.407860130071640015e-02 1.082786545157432556e-01 7.272682338953018188e-02 2.767167985439300537e-03 9.709371253848075867e-03 3.336372599005699158e-02 7.913415879011154175e-02 2.115924209356307983e-01 8.554473519325256348e-02 8.396260440349578857e-03 1.709714531898498535e-02 4.207392409443855286e-02 5.002019554376602173e-02 3.869964927434921265e-02 5.949910357594490051e-02 4.097750410437583923e-02 3.652980923652648926e-02 9.625666588544845581e-02 5.343275889754295349e-02 1.826551742851734161e-02 7.358532864600419998e-03 5.597650632262229919e-02 9.242642554454505444e-04 2.165698073804378510e-02 5.335041508078575134e-02 2.513079158961772919e-02 2.248684503138065338e-02 3.579910844564437866e-02 3.420115634799003601e-02 1.038819700479507446e-01 4.762226343154907227e-02 6.213994324207305908e-02 2.951655350625514984e-02 5.321669951081275940e-02 8.866242133080959320e-03
1.027301233261823654e-02 1.336874440312385559e-02 9.896637871861457825e-03 7.759712636470794678e-02 5.811830237507820129e-02 3.149349614977836609e-02 8.803145028650760651e-03 3.437160328030586243e-02 1.118410527706146240e-01 9.331574663519859314e-03 1.626807823777198792e-02 5.903373286128044128e-02 2.355169737711548805e-03 9.408054500818252563e-02 3.698945976793766022e-03 6.372667849063873291e-02 4.128413647413253784e-02 1.793725788593292236e-02 1.436106115579605103e-01 2.748060412704944611e-02 4.933797568082809448e-02 5.994387436658143997e-03 9.639994800090789795e-02 2.308689616620540619e-02 5.960595607757568359e-02 6.119354441761970520e-02 1.293486636132001877e-02 5.264650285243988037e-02 1.283313799649477005e-02 1.813304424285888672e-02 1.707008108496665955e-02 6.013334169983863831e-02 5.354918912053108215e-02 1.006871555000543594e-02 8.688839152455329895e-03 1.437348430044949055e-03 3.857506811618804932e-02 1.343594776699319482e-04 9.426898509263992310e-02 3.436964005231857300e-02 2.392485924065113068e-02 3.786704689264297485e-02 2.447849884629249573e-02 4.685548599809408188e-03 2.534330636262893677e-02 8.127472549676895142e-02 2.958629652857780457e-02 1.577044092118740082e-02 6.552530080080032349e-02 1.223224103450775146e-01 1.316836383193731308e-02 5.592356249690055847e-02 9.898077696561813354e-03 2.589850500226020813e-02 7.906316220760345459e-02 8.402402698993682861e-02 6.037652865052223206e-02 4.586485028266906738e-02 9.070969186723232269e-03 1.545255817472934723e-02 4.641966521739959717e-02 5.770743265748023987e-02 4.236422479152679443e-02 2.899052575230598450e-02 2.320582792162895203e-02 2.092388831079006195e-02 3.743028640747070312e-02 3.916246816515922546e-02 2.023238502442836761e-02 2.289725816808640957e-04 6.285673379898071289e-02 5.075589194893836975e-02 8.435353636741638184e-02 4.639624152332544327e-03 2.242989279329776764e-02 1.116216834634542465e-02 1.790892099961638451e-03 2.053102850914001465e-01 1.177273504436016083e-02 1.121221575886011124e-02 4.133664444088935852e-02 2.301159128546714783e-02 6.307844817638397217e-02 1.670152992010116577e-01 8.163151890039443970e-02 3.107268922030925751e-02 4.617522284388542175e-02 2.640114864334464073e-03 5.140542984008789062e-02 1.133985221385955811e-01 2.341047488152980804e-02 1.720391027629375458e-02 4.686797410249710083e-02 5.271990224719047546e-02 4.896847903728485107e-02 2.826779708266258240e-02 2.401437424123287201e-02 2.310537546873092651e-02 3.284375742077827454e-02 2.178150042891502380e-02 5.377329420298337936e-03 3.021801449358463287e-02 1.022589504718780518e-01 5.035323277115821838e-02 5.147576332092285156e-02 3.269113972783088684e-02 6.183132901787757874e-02 2.131758071482181549e-02 4.699528217315673828e-02 4.808072000741958618e-02 3.047770075500011444e-02 3.705828636884689331e-02 1.242629904299974442e-02 7.459235191345214844e-02 7.412524521350860596e-02 1.364031154662370682e-02
1.325849145650863647e-01 9.468201547861099243e-02 3.550004214048385620e-03 6.704011932015419006e-03 2.992710657417774200e-02 1.119839325547218323e-01 8.076034486293792725e-02 7.441848982125520706e-03 2.191253565251827240e-02 1.626807823777198792e-02 1.197208687663078308e-01 3.412173315882682800e-02 9.578808397054672241e-02 3.669140161946415901e-03 1.877371594309806824e-02 2.539058215916156769e-02 1.163438893854618073e-02 2.223575487732887268e-02 2.305178350070491433e-04 2.084174752235412598e-02 7.997218519449234009e-03 5.288327485322952271e-02 3.289106534793972969e-03 2.438693540170788765e-03 3.720777342095971107e-03 2.230457589030265808e-02 3.119848296046257019e-02 4.115685820579528809e-02 3.290161862969398499e-02 5.624093115329742432e-02 5.530154798179864883e-03 9.569451212882995605e-03 6.267387419939041138e-03 1.312109269201755524e-02 2.971224486827850342e-02 4.844006896018981934e-02 5.503172054886817932e-03 8.773941546678543091e-03 3.230506554245948792e-02 9.027560241520404816e-03 6.667027715593576431e-03 2.500178525224328041e-03 4.969125613570213318e-02 3.466655313968658447e-02 5.723893269896507263e-02 3.860826045274734497e-02 7.104787230491638184e-02 4.911341145634651184e-02 3.463807748630642891e-03 2.619876898825168610e-02 9.853670373558998108e-03 5.444177985191345215e-02 1.028612349182367325e-02 3.366129007190465927e-03 1.487697474658489227e-02 1.293480396270751953e-02 3.371249884366989136e-03 7.167653646320104599e-03 1.068593654781579971e-02 4.699873924255371094e-02 7.455263752490282059e-03 1.677666790783405304e-02 5.921070650219917297e-02 3.065493516623973846e-02 4.594938457012176514e-02 5.266368389129638672e-03 4.667960107326507568e-02 4.210145212709903717e-03 3.297534072771668434e-03 5.673291627317667007e-03 6.699915509670972824e-03 4.638226330280303955e-02 1.165420562028884888e-02 1.018022466450929642e-02 2.613190747797489166e-02 5.778210237622261047e-03 1.000877376645803452e-02 9.147991426289081573e-03 8.035401813685894012e-03 7.134482264518737793e-03 2.185453660786151886e-02 2.797753363847732544e-02 6.746452301740646362e-03 1.326063927263021469e-02 1.210228074342012405e-02 2.937796898186206818e-02 7.025044877082109451e-03 1.494591310620307922e-02 1.274844352155923843e-02 1.189019251614809036e-02 2.412429265677928925e-02 5.938094481825828552e-02 3.944824449717998505e-03 1.563247875310480595e-03 3.344631521031260490e-03 2.510161837562918663e-03 9.082903154194355011e-03 2.137928735464811325e-03 1.048457226715981960e-03 1.383985485881567001e-02 1.698629930615425110e-02 1.632750034332275391e-02 4.716179799288511276e-03 3.140096738934516907e-02 2.835579402744770050e-02 4.047082364559173584e-02 1.181055419147014618e-02 5.523527041077613831e-02 3.791426122188568115e-02 2.598365023732185364e-02 1.016297098249197006e-02 1.984383165836334229e-02 4.871844500303268433e-02 4.481225088238716125e-02 2.820735238492488861e-02 3.903193399310112000e-02
2.054473012685775757e-02 5.134672671556472778e-02 2.817751141265034676e-03 1.545048318803310394e-02 1.057703327387571335e-02 1.315052714198827744e-02 5.593913793563842773e-02 3.229773417115211487e-02 2.579240314662456512e-02 5.903373286128044128e-02 3.412173315882682800e-02 7.262578234076499939e-03 6.995225697755813599e-02 2.483009099960327148e-01 6.743351696059107780e-04 3.551654890179634094e-02 6.350398994982242584e-03 4.503608122467994690e-02 2.141141146421432495e-02 9.675087407231330872e-03 1.531784702092409134e-02 1.891148649156093597e-02 1.036838293075561523e-01 5.849667266011238098e-02 2.616396546363830566e-02 4.498272016644477844e-02 2.651249244809150696e-02 8.814674615859985352e-02 7.631108164787292480e-02 8.243703097105026245e-02 7.740214467048645020e-02 5.700246617197990417e-02 3.840717673301696777e-02 9.394643828272819519e-03 3.030141070485115051e-02 2.838834747672080994e-02 6.293591111898422241e-02 7.310126093216240406e-04 1.279216725379228592e-03 3.545306995511054993e-02 9.747670032083988190e-03 3.223156556487083435e-02 3.091568499803543091e-02 8.098798803985118866e-03 7.483293116092681885e-02 4.520522058010101318e-02 3.666383773088455200e-02 7.287429273128509521e-02 2.497657015919685364e-02 2.841029316186904907e-02 5.821433290839195251e-02 7.076769322156906128e-02 3.127626329660415649e-02 5.161096900701522827e-02 4.642409086227416992e-02 4.826501477509737015e-03 1.514430809766054153e-02 1.582363247871398926e-02 5.111789330840110779e-02 2.039923798292875290e-03 3.536523727234452963e-04 7.274904847145080566e-02 7.172448188066482544e-02 5.173973739147186279e-02 8.121432363986968994e-02 1.618928462266921997e-02 2.604249678552150726e-02 5.512126535177230835e-02 6.092300638556480408e-02 1.800849661231040955e-02 1.399788446724414825e-02 3.612888231873512268e-02 1.657443866133689880e-02 3.159423917531967163e-02 1.172945601865649223e-03 4.783757030963897705e-02 7.155556231737136841e-02 1.067809239029884338e-01 5.558755248785018921e-03 2.689630724489688873e-02 5.580352153629064560e-03 3.163019567728042603e-02 6.794960051774978638e-02 3.246762603521347046e-02 2.522206492722034454e-02 7.056238502264022827e-02 5.909422179684042931e-05 2.828021533787250519e-03 8.597619831562042236e-02 1.115973591804504395e-01 8.134167641401290894e-02 1.026249583810567856e-02 1.048118923790752888e-03 4.102057218551635742e-02 1.380564086139202118e-02 8.014734834432601929e-03 7.493943721055984497e-02 6.073521822690963745e-02 3.046610858291387558e-03 1.369342673569917679e-02 5.284736305475234985e-02 1.088249459862709045e-01 4.777907207608222961e-02 1.123829558491706848e-02 3.307373449206352234e-02 2.050605602562427521e-02 4.437808319926261902e-02 4.111532121896743774e-02 6.430196762084960938e-02 1.954636164009571075e-02 7.610669732093811035e-02 1.395361572504043579e-01 2.143108053132891655e-03 3.866011276841163635e-03 4.418677464127540588e-02 1.186547335237264633e-02
1.193280816078186035e-01 2.004637569189071655e-01 4.673586040735244751e-02 5.052781105041503906e-02 7.260267622768878937e-03 9.294060617685317993e-02 9.469386190176010132e-02 7.519721984863281250e-03 2.122152596712112427e-02 2.355169737711548805e-03 9.578808397054672241e-02 6.995225697755813599e-02 1.600466966629028320e-01 2.162287943065166473e-02 7.119014114141464233e-02 2.674204111099243164e-02 1.502085942775011063e-02 2.298462763428688049e-02 4.878283292055130005e-02 3.151680156588554382e-02 1.867297803983092308e-03 5.620373412966728210e-02 1.923102326691150665e-02 3.650125116109848022e-02 1.105948910117149353e-02 9.547596797347068787e-03 2.538856491446495056e-02 3.398807346820831299e-02 2.664365619421005249e-02 1.536574028432369232e-02 1.991827599704265594e-02 3.872263059020042419e-02 2.625317079946398735e-03 3.644941374659538269e-02 1.006631180644035339e-03 2.802681876346468925e-03 5.754666030406951904e-02 5.879562348127365112e-03 1.265252102166414261e-02 4.729422274976968765e-03 3.294420614838600159e-02 1.647822745144367218e-02 2.222219109535217285e-02 1.338336896151304245e-02 2.128257974982261658e-02 1.478897593915462494e-02 9.503245353698730469e-03 5.912405624985694885e-02 1.230289600789546967e-02 3.143928945064544678e-03 2.476194314658641815e-02 5.220093950629234314e-02 3.101727180182933807e-02 5.142744630575180054e-02 2.581167966127395630e-02 1.237970404326915741e-02 7.356824818998575211e-03 2.278536930680274963e-02 3.916443139314651489e-02 3.348467126488685608e-02 8.762159384787082672e-03 4.363040905445814133e-03 6.704358384013175964e-04 6.445215549319982529e-03 2.468060515820980072e-02 6.043849885463714600e-02 1.910240203142166138e-02 2.291294187307357788e-02 7.756470236927270889e-03 1.689232140779495239e-02 2.952771494165062904e-03 6.424562633037567139e-02 3.512585908174514771e-02 3.342412412166595459e-02 3.393160412088036537e-03 2.576472004875540733e-03 4.236205294728279114e-02 2.618083916604518890e-02 4.915360733866691589e-02 5.313148722052574158e-02 3.484858199954032898e-02 9.255383163690567017e-03 2.040861360728740692e-02 5.305876955389976501e-03 4.621710255742073059e-02 3.355171158909797668e-02 7.180242333561182022e-03 5.833701416850090027e-02 3.478536754846572876e-02 7.614831440150737762e-03 4.211405292153358459e-02 2.590226754546165466e-02 1.405291073024272919e-02 8.299595117568969727e-02 2.791663073003292084e-02 1.384956482797861099e-02 3.210128098726272583e-02 2.539075911045074463e-02 2.975193550810217857e-03 4.066453780978918076e-03 9.816105477511882782e-03 8.375111967325210571e-03 1.535439048893749714e-03 3.438572585582733154e-02 4.170203208923339844e-02 2.255442179739475250e-02 1.829948276281356812e-03 7.109940797090530396e-02 3.551708906888961792e-02 3.665135055780410767e-02 4.178222268819808960e-02 1.105517800897359848e-02 1.296262443065643311e-02 1.298783067613840103e-02 6.102220620959997177e-03 5.326534807682037354e-02
