3.554128110408782959e-02 2.337217330932617188e-01 3.709964221343398094e-03 7.767951488494873047e-02 2.675414783880114555e-03 2.453321218490600586e-02 7.607838511466979980e-02 5.854016542434692383e-02 5.471781268715858459e-02 9.019071608781814575e-02 1.416890919208526611e-01 2.215537242591381073e-02 1.159542053937911987e-01 2.195441536605358124e-02 2.069431357085704803e-02 2.788253314793109894e-02 3.416904434561729431e-02 2.339836768805980682e-02 5.915808724239468575e-04 3.823028504848480225e-02 3.459643572568893433e-02 3.023494593799114227e-02 1.309163402765989304e-02 3.341628611087799072e-02 1.593246683478355408e-02 2.251523919403553009e-02 2.649395354092121124e-02 3.568410873413085938e-02 1.342948526144027710e-02 1.172490301541984081e-03 6.821039319038391113e-02 3.013085760176181793e-02 3.107812255620956421e-02 4.543375968933105469e-02 4.428150877356529236e-02 5.103223025798797607e-02 2.894233167171478271e-02 2.479066699743270874e-02 2.690299600362777710e-02 2.247861213982105255e-02 6.034033000469207764e-02 4.956839233636856079e-02 4.853146150708198547e-02 3.709545731544494629e-02 3.946037217974662781e-02 4.851533100008964539e-02 7.548438012599945068e-02 3.641911968588829041e-02 2.842872776091098785e-02 7.824724912643432617e-02 4.970346018671989441e-02 4.075115174055099487e-02 6.926660984754562378e-02 2.718368172645568848e-02 3.195817023515701294e-02 4.690432548522949219e-02 2.478037588298320770e-02 4.434839263558387756e-02 4.132381081581115723e-02 2.426717430353164673e-02 7.449998520314693451e-03 1.434077712474390864e-04 1.894976943731307983e-02 4.427407309412956238e-02 4.983520135283470154e-03 1.159857492893934250e-03 2.324190549552440643e-02 3.035474196076393127e-02 3.565363958477973938e-02 3.861867263913154602e-02 1.735304109752178192e-02 7.420231401920318604e-02 4.384639114141464233e-02 2.551501803100109100e-02 1.704736985266208649e-02 2.190427388995885849e-03 2.766804955899715424e-02 1.230743154883384705e-02 5.365705490112304688e-02 8.823417127132415771e-02 5.141723155975341797e-02 7.898250967264175415e-02 6.918045133352279663e-02 7.135416567325592041e-02 4.423737898468971252e-02 4.843799863010644913e-03 3.111676312983036041e-02 1.307722122874110937e-04 5.369552876800298691e-03 5.261439457535743713e-02 3.835933655500411987e-02 2.178113348782062531e-02 2.020132727921009064e-02 2.951158210635185242e-02 2.328709885478019714e-02 1.957760006189346313e-02 2.740637399256229401e-02 2.023644000291824341e-02 3.002308495342731476e-02 5.565278232097625732e-02 2.104397490620613098e-02 3.821919858455657959e-02 4.702217504382133484e-02 9.317127987742424011e-03 1.812711590901017189e-03 2.345793135464191437e-02 3.902936354279518127e-02 9.431470185518264771e-03 3.110420424491167068e-03 3.054622560739517212e-02 1.096022897399961948e-03 7.471808232367038727e-03 7.343993335962295532e-02 3.251956775784492493e-02 3.259727731347084045e-02 5.430972203612327576e-03
2.337217330932617188e-01 3.454548865556716919e-02 5.300541967153549194e-02 4.888006672263145447e-02 5.641356110572814941e-02 3.164498507976531982e-02 1.576531529426574707e-01 3.675041347742080688e-02 4.977149516344070435e-02 3.109494969248771667e-02 7.521949708461761475e-02 2.062147110700607300e-02 1.179070472717285156e-01 5.033055692911148071e-02 1.859291084110736847e-02 2.133255451917648315e-02 2.016321383416652679e-02 4.024307057261466980e-02 2.869439078494906425e-03 5.655954778194427490e-02 5.363741423934698105e-03 1.472128834575414658e-02 5.091521143913269043e-02 8.099859114736318588e-04 8.467632345855236053e-03 1.397353596985340118e-02 2.840815670788288116e-02 5.430066958069801331e-03 1.078990288078784943e-02 3.586903680115938187e-03 5.346364527940750122e-02 5.131012573838233948e-02 3.855648636817932129e-02 4.910885170102119446e-02 2.542961202561855316e-02 5.942868068814277649e-02 2.263798937201499939e-02 3.720943629741668701e-02 2.973538590595126152e-03 4.761133342981338501e-02 2.392469532787799835e-02 6.561458110809326172e-03 3.295667842030525208e-02 1.051590517163276672e-01 1.341593172401189804e-02 7.046874612569808960e-02 1.060376223176717758e-02 5.292569473385810852e-02 2.280702069401741028e-02 5.057315155863761902e-02 1.981675997376441956e-02 7.098288089036941528e-02 6.567006558179855347e-02 1.791673898696899414e-02 1.845833659172058105e-02 2.440965618006885052e-04 1.791779138147830963e-02 4.200615361332893372e-02 8.129822462797164917e-02 2.596129290759563446e-02 4.171480238437652588e-02 3.148851171135902405e-02 3.796270117163658142e-02 2.982587926089763641e-02 2.221221849322319031e-02 5.377261899411678314e-03 1.500756479799747467e-02 4.486625641584396362e-02 3.659101948142051697e-02 3.703137626871466637e-03 8.464526385068893433e-03 2.572199515998363495e-02 2.640344575047492981e-02 3.091340698301792145e-02 1.082754507660865784e-02 4.883946105837821960e-02 2.562526054680347443e-02 3.902517259120941162e-03 1.583153381943702698e-02 1.028056442737579346e-01 2.476714737713336945e-02 3.163657616823911667e-03 2.326333150267601013e-02 1.650566607713699341e-02 4.949194565415382385e-02 6.944337487220764160e-02 4.495286941528320312e-02 2.537179179489612579e-02 3.594740107655525208e-02 4.235081747174263000e-02 1.924718543887138367e-02 4.052171483635902405e-02 5.485848337411880493e-02 4.451644420623779297e-02 2.791600115597248077e-02 2.858756482601165771e-02 2.108154632151126862e-02 6.336647085845470428e-03 7.124288473278284073e-03 4.473564028739929199e-02 3.216335549950599670e-02 1.843991316854953766e-02 1.218846067786216736e-02 3.156750649213790894e-02 8.997436612844467163e-03 4.392291884869337082e-03 1.096657514572143555e-01 1.784152537584304810e-02 4.167854040861129761e-02 3.884388133883476257e-02 1.642346940934658051e-02 2.688772231340408325e-02 1.433184556663036346e-02 3.280143439769744873e-02 5.397642403841018677e-02 3.888725861907005310e-02
3.709964221343398094e-03 5.300541967153549194e-02 5.694483965635299683e-02 3.625665605068206787e-02 2.657595789059996605e-03 3.016018122434616089e-02 2.183494158089160919e-02 1.195077374577522278e-01 3.447838127613067627e-02 2.140063326805830002e-03 3.119498491287231445e-02 3.460487350821495056e-02 2.521033212542533875e-02 3.101915866136550903e-02 2.177343703806400299e-02 6.306296586990356445e-02 1.133987009525299072e-01 7.102099061012268066e-02 5.078234523534774780e-02 1.394690945744514465e-02 6.747882813215255737e-02 1.244479697197675705e-02 1.858314126729965210e-02 5.901225283741950989e-02 2.378000132739543915e-02 3.065660828724503517e-03 1.631180872209370136e-03 1.822061277925968170e-02 5.151523277163505554e-02 9.377423673868179321e-03 5.276405066251754761e-02 2.290346287190914154e-02 4.275686666369438171e-02 5.187716707587242126e-02 1.556297298520803452e-02 4.347090423107147217e-02 7.082091178745031357e-03 1.103890687227249146e-02 4.595522582530975342e-02 1.766588538885116577e-02 5.872885510325431824e-02 5.037834495306015015e-02 4.060280043631792068e-03 1.720860451459884644e-01 7.937647402286529541e-02 1.431638654321432114e-02 3.560592606663703918e-02 4.027922451496124268e-02 4.295209422707557678e-02 5.549806728959083557e-02 2.622559666633605957e-02 5.127493757754564285e-03 4.454867169260978699e-02 6.519353389739990234e-02 6.345011293888092041e-02 2.842705231159925461e-03 5.668641999363899231e-02 2.956216223537921906e-02 5.760789848864078522e-03 4.026144742965698242e-03 4.391095135360956192e-03 2.738827653229236603e-02 1.520126406103372574e-02 2.418790478259325027e-03 8.124460279941558838e-02 6.308614462614059448e-02 6.081751734018325806e-02 5.420077592134475708e-02 4.403665289282798767e-02 3.502752631902694702e-02 1.364749670028686523e-02 8.490365743637084961e-02 3.304170817136764526e-02 5.968616530299186707e-02 6.056041270494461060e-02 2.542854286730289459e-02 6.673423945903778076e-02 1.847283728420734406e-02 6.185654178261756897e-02 5.747061222791671753e-03 1.653293371200561523e-01 1.294097602367401123e-01 1.335620693862438202e-02 6.441049277782440186e-02 5.004035681486129761e-02 1.753819547593593597e-02 1.720536686480045319e-02 9.287303313612937927e-03 2.600572071969509125e-02 5.411709472537040710e-02 3.357741981744766235e-02 1.070166751742362976e-02 2.832932770252227783e-02 1.962804608047008514e-02 6.376783549785614014e-02 5.447166971862316132e-03 6.396607309579849243e-02 8.171282708644866943e-02 1.500498037785291672e-02 7.648760080337524414e-02 3.505312139168381691e-03 2.019502595067024231e-02 2.338872663676738739e-02 8.941124379634857178e-02 7.195376604795455933e-02 3.448151797056198120e-02 5.732982233166694641e-02 4.936759173870086670e-02 4.233039915561676025e-02 4.330382123589515686e-02 4.722383618354797363e-02 3.429126366972923279e-02 2.217401936650276184e-02 3.639953583478927612e-02 8.333289623260498047e-02 9.348306804895401001e-02
7.767951488494873047e-02 4.888006672263145447e-02 3.625665605068206787e-02 8.635578677058219910e-03 1.358539015054702759e-01 5.569242686033248901e-02 1.973789557814598083e-02 1.318492088466882706e-02 2.418580651283264160e-02 4.817508533596992493e-02 2.211114205420017242e-02 3.495015576481819153e-02 3.656243905425071716e-02 5.263543501496315002e-02 1.131049450486898422e-02 2.855761535465717316e-02 3.746293112635612488e-02 7.072065025568008423e-02 5.450541526079177856e-02 3.711099550127983093e-02 1.533672120422124863e-02 2.715335041284561157e-02 1.362802181392908096e-02 4.608397837728261948e-03 8.798864670097827911e-03 1.601856318302452564e-03 3.780458867549896240e-02 1.085059437900781631e-02 4.623765870928764343e-02 2.968849148601293564e-03 4.085811227560043335e-02 2.629893831908702850e-02 3.790666535496711731e-02 1.179784187115728855e-03 1.418761559762060642e-03 4.837135318666696548e-03 3.589084744453430176e-02 3.779062628746032715e-02 4.834217578172683716e-02 5.420741066336631775e-02 5.806550011038780212e-02 6.029355339705944061e-03 3.035889938473701477e-02 2.769968239590525627e-03 2.030203491449356079e-02 6.177468225359916687e-02 5.895384401082992554e-02 9.738538414239883423e-03 8.957391604781150818e-03 6.643574684858322144e-02 4.480278119444847107e-02 2.162429131567478180e-02 2.755621913820505142e-03 7.469849195331335068e-03 7.159309834241867065e-02 2.135898545384407043e-02 7.894941419363021851e-02 1.581951393745839596e-03 4.294811561703681946e-02 2.064345590770244598e-02 4.297265410423278809e-02 5.459637194871902466e-02 3.152009472250938416e-02 2.047467231750488281e-02 8.300188183784484863e-02 4.838902503252029419e-02 1.220896933227777481e-02 4.310537129640579224e-03 2.844448760151863098e-02 8.511978201568126678e-03 4.830067977309226990e-02 4.834268707782030106e-03 1.172777190804481506e-01 8.777789771556854248e-03 8.018131554126739502e-02 9.653677116148173809e-04 3.027014806866645813e-02 4.387014359235763550e-02 4.310130700469017029e-02 6.973093003034591675e-02 2.718905732035636902e-02 7.032437622547149658e-02 1.389249414205551147e-01 5.229614302515983582e-02 6.560263689607381821e-03 4.058543220162391663e-02 3.408535569906234741e-02 4.625330492854118347e-02 1.197300851345062256e-02 2.438659965991973877e-02 7.556419819593429565e-03 2.030783519148826599e-02 1.739625260233879089e-02 2.455388940870761871e-02 9.361684322357177734e-03 7.877381518483161926e-03 6.214105337858200073e-02 7.361207902431488037e-02 9.825394488871097565e-03 2.843177132308483124e-02 3.265162929892539978e-02 2.413213253021240234e-02 2.347446605563163757e-02 1.514163333922624588e-02 4.944175481796264648e-02 8.945909212343394756e-04 1.226111967116594315e-02 8.042477071285247803e-02 4.493368789553642273e-02 1.295358967036008835e-02 3.841012716293334961e-02 1.171410642564296722e-02 1.029289606958627701e-02 5.095456540584564209e-02 2.228888310492038727e-02 5.884725134819746017e-03
2.675414783880114555e-03 5.641356110572814941e-02 2.657595789059996605e-03 1.358539015054702759e-01 9.494543075561523438e-03 1.944961212575435638e-02 3.449824452400207520e-02 1.150724291801452637e-02 4.931201785802841187e-02 1.330746337771415710e-02 1.426805928349494934e-02 5.686735734343528748e-03 1.624893955886363983e-02 3.235257044434547424e-02 3.156730532646179199e-02 3.105321153998374939e-02 4.563457891345024109e-02 4.812432453036308289e-02 6.078716740012168884e-02 1.197631121613085270e-03 8.468316867947578430e-03 9.922145865857601166e-03 1.872417330741882324e-02 6.058909744024276733e-02 3.269878402352333069e-02 8.536805957555770874e-02 1.850487664341926575e-02 3.075886890292167664e-02 1.472858898341655731e-02 1.211898028850555420e-02 8.829698897898197174e-03 5.323087424039840698e-02 2.630340121686458588e-02 5.358184874057769775e-02 3.825531527400016785e-02 1.474340911954641342e-02 2.009851485490798950e-02 2.064953092485666275e-03 8.484599739313125610e-02 9.657832980155944824e-02 5.357256904244422913e-02 4.385085031390190125e-02 3.540705144405364990e-02 6.964605301618576050e-02 1.725436747074127197e-02 7.169452495872974396e-03 1.778265275061130524e-02 3.030195645987987518e-02 5.488698370754718781e-03 8.316595107316970825e-03 8.792868256568908691e-02 3.058729134500026703e-02 2.758269757032394409e-02 1.578206382691860199e-02 5.778803955763578415e-03 5.668069934472441673e-04 5.177294462919235229e-02 4.106796812266111374e-03 1.507586333900690079e-02 9.056759066879749298e-03 2.267769351601600647e-02 2.705652825534343719e-02 4.703230783343315125e-02 6.490634381771087646e-02 2.669563330709934235e-02 7.622834295034408569e-03 3.391561657190322876e-02 2.637858560774475336e-04 2.876418177038431168e-03 5.776679143309593201e-02 1.646518707275390625e-02 2.854259498417377472e-02 1.248604357242584229e-01 2.771046571433544159e-02 1.658178418874740601e-01 1.394176855683326721e-02 2.394938841462135315e-02 5.088083562441170216e-04 4.491546005010604858e-02 1.439387723803520203e-02 4.454876109957695007e-02 3.836164623498916626e-02 7.137060165405273438e-02 1.268287189304828644e-02 3.334659337997436523e-02 1.810174807906150818e-02 2.089340053498744965e-02 4.925298690795898438e-02 5.691513046622276306e-02 1.009480468928813934e-02 9.598059579730033875e-03 1.247377321124076843e-02 3.966693580150604248e-02 2.741453796625137329e-02 7.068300247192382812e-02 1.740374043583869934e-02 3.694804385304450989e-02 5.129592865705490112e-02 1.470487378537654877e-02 1.415278576314449310e-02 2.810156671330332756e-03 1.448772940784692764e-02 6.583284586668014526e-02 1.129166572354733944e-03 1.657009497284889221e-02 3.572001308202743530e-02 4.160442203283309937e-02 7.594413310289382935e-02 2.499105595052242279e-02 1.541660726070404053e-02 3.248604759573936462e-02 2.139778994023799896e-02 4.078623652458190918e-02 3.721924126148223877e-02 3.548622876405715942e-02 6.695895642042160034e-02
2.453321218490600586e-02 3.164498507976531982e-02 3.016018122434616089e-02 5.569242686033248901e-02 1.944961212575435638e-02 5.708462558686733246e-03 1.497438549995422363e-01 2.130795270204544067e-02 2.390736015513539314e-03 2.076799608767032623e-02 2.168229408562183380e-02 1.453286111354827881e-01 2.448202855885028839e-02 1.034195050597190857e-01 3.018744289875030518e-02 6.843482144176959991e-03 9.312296658754348755e-02 3.719254955649375916e-02 6.871575862169265747e-02 4.624453932046890259e-02 4.020959138870239258e-02 2.269804477691650391e-02 1.151481717824935913e-01 3.412820398807525635e-02 1.562422700226306915e-02 1.174624543637037277e-02 3.124037943780422211e-02 1.071540489792823792e-01 7.231494039297103882e-02 5.902838334441184998e-02 5.653403326869010925e-02 8.827953785657882690e-02 3.522635251283645630e-02 2.161619625985622406e-02 3.933964297175407410e-02 1.153815630823373795e-02 3.327508643269538879e-02 1.701188506558537483e-03 7.255171984434127808e-02 7.649662345647811890e-02 5.077341571450233459e-02 3.006285056471824646e-02 5.256386473774909973e-02 9.569007903337478638e-03 6.012605130672454834e-02 1.548622036352753639e-03 9.109636396169662476e-02 1.244349107146263123e-01 5.498609691858291626e-02 2.536869421601295471e-02 4.215792566537857056e-02 9.596475400030612946e-03 5.109293386340141296e-03 5.099753849208354950e-03 3.804907947778701782e-02 1.130434051156044006e-01 5.484756827354431152e-02 2.842248603701591492e-02 2.237216755747795105e-02 2.046285569667816162e-02 9.434982202947139740e-03 8.620642870664596558e-02 1.769459433853626251e-02 2.059528604149818420e-02 3.949424251914024353e-02 6.047020480036735535e-02 1.584953442215919495e-02 8.327751420438289642e-03 2.139797806739807129e-02 2.811400964856147766e-02 1.853126138448715210e-01 1.902897097170352936e-02 3.951248154044151306e-02 1.408385671675205231e-02 3.415789455175399780e-02 1.505153253674507141e-02 3.916264697909355164e-02 3.537699580192565918e-02 5.557511746883392334e-02 4.901792481541633606e-02 5.636324174702167511e-03 3.804242610931396484e-02 4.867551848292350769e-02 6.344845145940780640e-02 4.550666362047195435e-02 2.047643210971727967e-04 1.240215077996253967e-02 3.596822172403335571e-02 1.656046952120959759e-03 5.270254239439964294e-02 4.492715001106262207e-02 2.437137626111507416e-02 7.297209650278091431e-02 3.383475914597511292e-02 3.618131205439567566e-02 3.800190240144729614e-02 4.036262631416320801e-03 9.971765801310539246e-03 3.114369697868824005e-02 3.262030333280563354e-02 2.367427013814449310e-02 3.886651247739791870e-02 3.737109526991844177e-02 6.059311702847480774e-02 2.055971883237361908e-02 4.208957031369209290e-02 4.759726673364639282e-02 3.102644346654415131e-02 2.070042490959167480e-02 4.650946334004402161e-02 1.272069197148084641e-02 2.746884711086750031e-02 2.073993533849716187e-02 2.161384746432304382e-02 4.714913293719291687e-02 3.847934305667877197e-02
7.607838511466979980e-02 1.576531529426574707e-01 2.183494158089160919e-02 1.973789557814598083e-02 3.449824452400207520e-02 1.497438549995422363e-01 4.856366664171218872e-02 9.495886042714118958e-03 5.309648439288139343e-02 5.809929966926574707e-02 3.486444428563117981e-02 5.466695129871368408e-02 5.724718049168586731e-02 5.174346640706062317e-02 4.372131824493408203e-02 2.446357393637299538e-03 1.616981439292430878e-02 1.589052565395832062e-02 5.548764020204544067e-02 2.225780114531517029e-02 4.514181613922119141e-02 4.966012760996818542e-02 2.725376188755035400e-02 5.277517065405845642e-02 1.555530726909637451e-02 2.747268415987491608e-02 1.384593360126018524e-02 2.231266582384705544e-03 3.245686739683151245e-02 5.267297383397817612e-04 4.412832856178283691e-02 6.917180959135293961e-03 9.710783138871192932e-03 5.763242486864328384e-03 1.866494305431842804e-02 2.359297312796115875e-02 6.053224205970764160e-02 6.096860393881797791e-02 8.461060933768749237e-03 1.618951931595802307e-02 1.021512411534786224e-02 3.909089416265487671e-02 5.393174663186073303e-02 3.782003000378608704e-02 1.668653078377246857e-02 2.017908543348312378e-02 5.544993653893470764e-02 1.139471754431724548e-01 4.926188662648200989e-02 1.200932264328002930e-01 2.162331342697143555e-02 3.406936675310134888e-02 5.903656035661697388e-02 4.307951405644416809e-02 3.900466114282608032e-02 2.929808758199214935e-02 3.599198535084724426e-02 7.929183542728424072e-03 5.556344613432884216e-02 1.938977278769016266e-02 3.894370421767234802e-02 2.149092033505439758e-02 6.426141131669282913e-03 5.969287827610969543e-03 6.352534517645835876e-03 1.596566103398799896e-02 8.109794929623603821e-03 4.378730896860361099e-03 3.226038068532943726e-02 5.841516423970460892e-03 5.220815166831016541e-02 5.412304028868675232e-02 1.828626170754432678e-02 3.698466718196868896e-02 3.487139940261840820e-02 2.069675829261541367e-03 1.268426701426506042e-02 5.317071452736854553e-03 6.083960179239511490e-03 2.290487289428710938e-02 6.285530328750610352e-02 5.492440983653068542e-02 3.248667716979980469e-02 1.179877296090126038e-02 4.054188728332519531e-02 2.749423310160636902e-02 3.706291550770401955e-03 9.142492711544036865e-02 6.015333160758018494e-02 6.276818364858627319e-02 5.474945902824401855e-02 3.589930385351181030e-02 5.476956814527511597e-02 1.202970044687390327e-03 1.303841825574636459e-02 6.240566074848175049e-02 1.817375794053077698e-02 2.692352049052715302e-02 2.923922985792160034e-02 2.629161998629570007e-02 2.822354249656200409e-02 2.490334585309028625e-02 1.089907437562942505e-02 1.877992786467075348e-02 6.973695009946823120e-02 3.747028112411499023e-02 2.608174085617065430e-02 5.587426858255639672e-05 3.302326193079352379e-03 7.150665856897830963e-03 8.452931046485900879e-02 2.962938044220209122e-03 1.249546371400356293e-02 1.630697771906852722e-02 7.698124740272760391e-03 4.880355298519134521e-02
5.854016542434692383e-02 3.675041347742080688e-02 1.195077374577522278e-01 1.318492088466882706e-02 1.150724291801452637e-02 2.130795270204544067e-02 9.495886042714118958e-03 3.830015286803245544e-02 2.225332334637641907e-02 2.525936067104339600e-02 2.328463457524776459e-02 2.152360975742340088e-02 2.193687297403812408e-02 1.069549005478620529e-02 1.303780823945999146e-01 5.248823203146457672e-03 4.469134658575057983e-02 1.409842539578676224e-02 8.403588086366653442e-03 1.629434339702129364e-02 6.471086293458938599e-02 3.831827268004417419e-02 9.608428925275802612e-03 3.299481701105833054e-03 2.120740897953510284e-02 3.804818540811538696e-02 2.185400016605854034e-02 2.182553056627511978e-03 9.566147811710834503e-03 4.005041439086198807e-03 3.427464514970779419e-02 3.286304324865341187e-02 6.941667944192886353e-02 5.190704017877578735e-03 8.887231349945068359e-03 1.205368805676698685e-02 7.385281380265951157e-03 3.820948535576462746e-03 6.783475168049335480e-03 3.894847258925437927e-02 1.611232943832874298e-02 4.492548853158950806e-02 1.085478067398071289e-02 3.495211713016033173e-03 5.659962072968482971e-03 2.021963708102703094e-02 3.668601624667644501e-03 1.962134800851345062e-02 9.388767648488283157e-04 2.859299071133136749e-02 4.583253711462020874e-02 5.903881415724754333e-02 3.583034873008728027e-02 5.272262729704380035e-03 4.911145567893981934e-02 3.236108273267745972e-02 7.354679703712463379e-02 4.661415237933397293e-03 1.083958428353071213e-02 8.068446069955825806e-02 3.347228839993476868e-02 2.654911391437053680e-02 8.004083065316081047e-04 1.267458219081163406e-02 9.625413455069065094e-03 3.168994188308715820e-02 4.203776770737022161e-04 1.275590155273675919e-02 1.307627465575933456e-02 2.755476534366607666e-02 5.102453753352165222e-02 2.714184671640396118e-02 4.702514503151178360e-03 1.622410863637924194e-02 2.469634450972080231e-02 1.730016991496086121e-02 5.919905379414558411e-02 3.772313892841339111e-02 1.034385804086923599e-02 1.966208033263683319e-02 1.104694530367851257e-01 1.786930710077285767e-01 2.338836528360843658e-02 3.462062031030654907e-02 4.972798377275466919e-02 2.051163651049137115e-02 7.701130956411361694e-02 9.212463349103927612e-02 9.329427778720855713e-02 3.970524668693542480e-02 1.542923878878355026e-02 3.423391655087471008e-02 3.446313738822937012e-02 1.328464504331350327e-02 4.043058305978775024e-02 4.043079912662506104e-02 2.498993836343288422e-02 5.422170832753181458e-02 4.583455622196197510e-02 1.694975607097148895e-02 1.016984973102807999e-02 4.453598707914352417e-02 9.551318362355232239e-03 4.987877234816551208e-02 1.423782017081975937e-02 3.868097439408302307e-02 5.785088613629341125e-02 1.905491808429360390e-03 7.556077837944030762e-02 1.411852985620498657e-02 1.322973612695932388e-02 3.999578207731246948e-02 3.542210208252072334e-03 4.812354594469070435e-02 7.888022065162658691e-02 3.071717731654644012e-02
5.471781268715858459e-02 4.977149516344070435e-02 3.447838127613067627e-02 2.418580651283264160e-02 4.931201785802841187e-02 2.390736015513539314e-03 5.309648439288139343e-02 2.225332334637641907e-02 2.983346348628401756e-03 1.208998709917068481e-01 5.477353930473327637e-02 5.781175941228866577e-02 5.837276205420494080e-02 5.366201326251029968e-02 5.233704298734664917e-02 7.727228105068206787e-02 5.205758381634950638e-03 1.454507410526275635e-01 6.843139231204986572e-02 5.217013508081436157e-02 2.657380700111389160e-02 1.688544452190399170e-02 9.627220034599304199e-02 2.149187959730625153e-03 3.338252380490303040e-02 7.015162706375122070e-02 3.286500647664070129e-02 1.874612458050251007e-02 1.155862957239151001e-02 2.496458031237125397e-02 2.487885206937789917e-02 1.446682214736938477e-01 5.379717797040939331e-02 6.500353664159774780e-02 6.299912184476852417e-02 1.830666698515415192e-02 3.694764897227287292e-02 1.897123642265796661e-02 6.148073356598615646e-03 3.850113973021507263e-02 4.713458940386772156e-02 3.712602332234382629e-02 1.427730638533830643e-02 2.882639504969120026e-02 1.082983613014221191e-02 3.222576901316642761e-02 8.987443521618843079e-03 2.918280847370624542e-02 8.773715049028396606e-02 1.562633365392684937e-02 6.094987317919731140e-02 2.852333895862102509e-02 6.323806196451187134e-02 2.046844363212585449e-02 6.012149155139923096e-02 6.291522085666656494e-02 5.825748201459646225e-03 2.842329442501068115e-02 4.832980688661336899e-03 3.839772567152976990e-02 3.834280371665954590e-02 1.874079555273056030e-02 8.977133780717849731e-02 4.692138731479644775e-02 9.041354060173034668e-03 2.307056635618209839e-02 4.836837295442819595e-03 2.794350124895572662e-02 8.971298485994338989e-02 3.500253707170486450e-02 3.831745684146881104e-02 3.377822414040565491e-02 7.858903706073760986e-02 1.675772480666637421e-02 1.054100766777992249e-01 4.815971851348876953e-02 2.836210429668426514e-01 3.359162062406539917e-02 2.739406749606132507e-02 3.058487363159656525e-02 3.600797802209854126e-02 7.266012253239750862e-04 2.342622168362140656e-02 8.066276460886001587e-02 2.235921658575534821e-02 4.963997378945350647e-02 9.628250263631343842e-04 1.341997087001800537e-02 1.777832657098770142e-01 3.743394464254379272e-02 5.826372653245925903e-02 1.204561628401279449e-02 1.058431621640920639e-02 1.432265155017375946e-02 9.083346463739871979e-03 1.181985251605510712e-02 3.724621981382369995e-02 4.648159444332122803e-02 2.318687923252582550e-02 1.479462534189224243e-02 2.068377658724784851e-02 4.830373078584671021e-02 5.743091553449630737e-02 6.515926122665405273e-02 9.236869215965270996e-02 4.405928403139114380e-02 1.959100738167762756e-02 9.871686808764934540e-03 2.442831173539161682e-02 4.553797096014022827e-02 6.692789029330015182e-04 2.238949202001094818e-02 9.299310855567455292e-03 2.642718888819217682e-02 8.730616420507431030e-02 2.448992058634757996e-02
9.019071608781814575e-02 3.109494969248771667e-02 2.140063326805830002e-03 4.817508533596992493e-02 1.330746337771415710e-02 2.076799608767032623e-02 5.809929966926574707e-02 2.525936067104339600e-02 1.208998709917068481e-01 7.163406349718570709e-03 1.264533959329128265e-02 1.017273031175136566e-02 2.819281630218029022e-02 7.173581421375274658e-02 4.104807600378990173e-02 1.246796362102031708e-02 2.365511469542980194e-02 6.284204125404357910e-02 2.173601463437080383e-02 9.295657277107238770e-03 1.433409191668033600e-02 4.419275373220443726e-02 6.319283694028854370e-02 9.272818267345428467e-02 2.121172286570072174e-02 5.680581927299499512e-02 4.056568443775177002e-02 7.793407142162322998e-02 2.957807667553424835e-02 3.326013684272766113e-02 4.868661239743232727e-02 1.257186476141214371e-02 2.016872400417923927e-03 9.421946480870246887e-03 1.749986596405506134e-02 5.135446041822433472e-02 2.518418803811073303e-02 5.013775080442428589e-02 1.207084022462368011e-02 6.221931055188179016e-02 1.812134496867656708e-02 2.725223451852798462e-02 4.893295466899871826e-02 5.117803439497947693e-02 3.471717983484268188e-02 5.235780775547027588e-02 1.668071374297142029e-02 3.001228533685207367e-02 4.466345161199569702e-02 1.778163909912109375e-01 8.584799244999885559e-03 6.109020859003067017e-02 4.653120413422584534e-02 3.692749887704849243e-03 2.694999612867832184e-02 8.872758597135543823e-02 2.208413556218147278e-02 2.240008115768432617e-02 3.533947095274925232e-02 5.146844685077667236e-02 1.409566123038530350e-02 8.175845444202423096e-02 4.988389089703559875e-02 3.536776348482817411e-04 6.204483099281787872e-03 5.588300060480833054e-03 3.113568015396595001e-02 2.298780716955661774e-02 3.641262277960777283e-02 4.051978141069412231e-02 4.886756092309951782e-02 5.529781803488731384e-02 9.742540121078491211e-02 4.524671286344528198e-02 7.946784794330596924e-02 2.810661122202873230e-02 5.519183352589607239e-02 1.165382191538810730e-01 1.558501180261373520e-02 1.169930025935173035e-01 6.990709900856018066e-02 2.048361487686634064e-02 3.524281457066535950e-02 8.343622088432312012e-02 5.398441851139068604e-02 4.296070337295532227e-02 4.467806220054626465e-02 4.883676767349243164e-02 3.253665938973426819e-02 3.296851739287376404e-02 1.238388475030660629e-02 2.526852488517761230e-02 2.970039844512939453e-03 4.647520929574966431e-02 3.878754377365112305e-02 2.006351016461849213e-02 9.044182300567626953e-02 4.421636462211608887e-03 2.369898930191993713e-02 2.053903415799140930e-02 2.707125095184892416e-04 1.258061267435550690e-02 2.181773819029331207e-02 2.985367551445960999e-02 5.360888317227363586e-02 1.116527151316404343e-02 1.698201522231101990e-02 7.495553791522979736e-02 1.558490190654993057e-02 1.154817640781402588e-02 3.481658175587654114e-02 2.585166320204734802e-02 3.965832293033599854e-02 5.683358293026685715e-03 5.096001550555229187e-02 3.163366392254829407e-02
1.416890919208526611e-01 7.521949708461761475e-02 3.119498491287231445e-02 2.211114205420017242e-02 1.426805928349494934e-02 2.168229408562183380e-02 3.486444428563117981e-02 2.328463457524776459e-02 5.477353930473327637e-02 1.264533959329128265e-02 2.243946865200996399e-02 2.314484864473342896e-02 1.083311736583709717e-01 4.617705568671226501e-02 3.949837014079093933e-02 1.200692635029554367e-02 3.714952850714325905e-03 3.827707096934318542e-02 4.845590516924858093e-02 3.472458943724632263e-02 4.337086156010627747e-02 8.610349148511886597e-02 1.103434618562459946e-02 3.629427403211593628e-02 1.647909544408321381e-02 7.629389408975839615e-03 4.112000390887260437e-02 1.108571607619524002e-02 2.407342754304409027e-02 1.983324065804481506e-02 6.603635847568511963e-02 4.875376448035240173e-02 4.320896696299314499e-03 3.024144656956195831e-02 2.796528278850018978e-04 3.445874899625778198e-02 8.979441598057746887e-03 4.172902926802635193e-02 3.812370076775550842e-02 1.263315603137016296e-02 6.549673154950141907e-03 7.260366342961788177e-03 4.284609574824571609e-03 5.346894636750221252e-02 1.099345460534095764e-02 1.866089738905429840e-02 7.971651107072830200e-02 3.588738664984703064e-02 7.876935601234436035e-02 4.095571860671043396e-02 3.720735013484954834e-02 2.858194522559642792e-02 5.957080423831939697e-02 2.422848343849182129e-02 1.817645318806171417e-02 5.961398407816886902e-02 5.863852798938751221e-02 5.388065706938505173e-03 8.248990401625633240e-03 8.167074411176145077e-04 1.639773510396480560e-02 1.205501426011323929e-02 3.751339018344879150e-02 2.244428731501102448e-03 2.647131681442260742e-02 5.070350319147109985e-02 1.856270618736743927e-02 4.239526763558387756e-02 2.286710217595100403e-02 4.906436428427696228e-02 3.757784143090248108e-02 6.354441493749618530e-02 1.295514684170484543e-02 8.858620189130306244e-03 5.449084565043449402e-03 7.617117464542388916e-02 2.744826488196849823e-03 1.315335184335708618e-02 3.467388916760683060e-03 5.202566459774971008e-02 1.961235329508781433e-02 2.928353846073150635e-02 1.377045921981334686e-02 1.877757906913757324e-02 3.738427534699440002e-02 3.573732823133468628e-02 5.037559941411018372e-02 1.508494559675455093e-02 5.887950956821441650e-02 2.830469049513339996e-02 7.092054188251495361e-02 5.858388915657997131e-02 4.589268192648887634e-02 5.940126627683639526e-02 1.019796915352344513e-02 4.614988341927528381e-02 1.380658335983753204e-02 3.998053818941116333e-02 1.577804097905755043e-03 6.694460171274840832e-04 4.369559697806835175e-03 9.655393660068511963e-03 1.863353513181209564e-02 3.828159719705581665e-02 1.689600013196468353e-02 9.471828816458582878e-04 1.131861843168735504e-02 4.177221283316612244e-02 2.454313263297080994e-02 6.387723609805107117e-03 1.979154534637928009e-03 1.154576707631349564e-02 4.249293729662895203e-02 1.800440996885299683e-02 4.640310537070035934e-03 3.727722167968750000e-02
2.215537242591381073e-02 2.062147110700607300e-02 3.460487350821495056e-02 3.495015576481819153e-02 5.686735734343528748e-03 1.453286111354827881e-01 5.466695129871368408e-02 2.152360975742340088e-02 5.781175941228866577e-02 1.017273031175136566e-02 2.314484864473342896e-02 6.834362633526325226e-03 2.262002229690551758e-02 1.478144228458404541e-01 1.777348108589649200e-02 9.628372499719262123e-04 1.668438687920570374e-02 1.342920400202274323e-02 7.290244847536087036e-02 3.271732479333877563e-02 4.268469661474227905e-02 7.047199644148349762e-03 1.271529793739318848e-01 3.926335275173187256e-02 5.183600634336471558e-02 7.600258290767669678e-02 1.320749404840171337e-03 1.618517488241195679e-01 1.410770043730735779e-02 1.078399121761322021e-01 2.544266171753406525e-02 3.645140677690505981e-02 1.334464875981211662e-03 7.571379095315933228e-02 9.925259277224540710e-03 1.605048403143882751e-02 1.793442666530609131e-02 1.409999653697013855e-02 3.195580467581748962e-02 5.519317928701639175e-03 1.926870085299015045e-02 4.041543230414390564e-02 5.260936915874481201e-03 2.973913215100765228e-02 1.372850500047206879e-02 2.665103878825902939e-03 3.434046730399131775e-02 1.132485084235668182e-02 3.547804057598114014e-02 1.274061482399702072e-02 3.008492849767208099e-02 5.528927966952323914e-02 1.324879750609397888e-02 2.774408459663391113e-02 3.209297358989715576e-02 2.167980372905731201e-02 2.603453025221824646e-02 1.205700100399553776e-03 2.390590868890285492e-02 1.585481874644756317e-02 2.958565019071102142e-02 8.919350057840347290e-02 4.248083010315895081e-02 3.726424649357795715e-02 2.477033808827400208e-02 2.900016680359840393e-02 3.066871687769889832e-02 1.093990169465541840e-02 1.380973216146230698e-02 3.749747574329376221e-02 2.588350698351860046e-02 7.254539988934993744e-03 6.153823807835578918e-03 3.346022916957736015e-03 4.209374263882637024e-02 1.912095770239830017e-02 6.474716961383819580e-02 3.047491423785686493e-02 1.682624034583568573e-02 1.312341075390577316e-02 6.513149943202733994e-03 8.948300033807754517e-03 2.692658081650733948e-02 6.543844193220138550e-02 7.891969755291938782e-03 1.274688541889190674e-02 9.849644266068935394e-03 3.629134967923164368e-03 1.364546865224838257e-01 1.061956305056810379e-02 7.187456637620925903e-02 4.779936280101537704e-03 4.133155196905136108e-02 2.935000136494636536e-02 8.079416118562221527e-03 5.343348719179630280e-03 8.060042560100555420e-02 1.736740581691265106e-02 1.111989375203847885e-02 5.101957544684410095e-02 1.162697374820709229e-02 2.938092313706874847e-02 9.194088727235794067e-02 5.540545284748077393e-02 3.059721179306507111e-02 3.296600282192230225e-02 1.718640886247158051e-02 7.033410482108592987e-03 1.145270187407732010e-02 6.159344688057899475e-02 4.003300890326499939e-02 9.362406097352504730e-03 3.509543463587760925e-02 1.340886205434799194e-02 1.654960960149765015e-02 3.847759962081909180e-02
1.159542053937911987e-01 1.179070472717285156e-01 2.521033212542533875e-02 3.656243905425071716e-02 1.624893955886363983e-02 2.448202855885028839e-02 5.724718049168586731e-02 2.193687297403812408e-02 5.837276205420494080e-02 2.819281630218029022e-02 1.083311736583709717e-01 2.262002229690551758e-02 8.608300238847732544e-03 2.032475080341100693e-03 5.273157358169555664e-02 1.768918335437774658e-02 2.026690356433391571e-02 2.346111834049224854e-02 4.214387387037277222e-02 5.199230741709470749e-03 2.895461954176425934e-02 7.419107109308242798e-02 3.806529939174652100e-02 1.770215295255184174e-02 4.047504067420959473e-02 1.978445053100585938e-02 1.008623186498880386e-02 5.927616730332374573e-03 4.809505306184291840e-03 1.023059524595737457e-02 7.567765563726425171e-02 3.648915886878967285e-02 1.365908421576023102e-03 2.569525130093097687e-02 4.199847113341093063e-03 1.776081975549459457e-03 9.937363676726818085e-03 3.443999588489532471e-02 2.779788337647914886e-02 3.060257807374000549e-02 1.193680893629789352e-02 1.774391345679759979e-02 5.432890611700713634e-04 6.221641972661018372e-02 1.037730835378170013e-02 2.033447846770286560e-03 5.583107843995094299e-02 4.580637440085411072e-02 1.974426675587892532e-03 3.232813999056816101e-02 8.696277509443461895e-04 2.295954152941703796e-02 2.504179067909717560e-02 2.147886902093887329e-03 2.039992623031139374e-02 2.509558573365211487e-02 3.108966350555419922e-02 2.089941874146461487e-02 3.120990283787250519e-02 2.885981812141835690e-04 1.194652356207370758e-02 2.109205350279808044e-02 4.109941795468330383e-02 1.395785622298717499e-02 1.686733402311801910e-02 4.452296346426010132e-02 3.207450360059738159e-02 2.596982754766941071e-02 5.148843675851821899e-02 1.176527328789234161e-02 5.228605587035417557e-03 5.517397448420524597e-02 6.002671644091606140e-02 2.015427686274051666e-02 2.019800059497356415e-02 4.749326780438423157e-02 4.076637327671051025e-02 4.823078215122222900e-02 3.221480175852775574e-02 6.179207190871238708e-02 7.551860064268112183e-03 6.688237190246582031e-02 2.494941465556621552e-02 3.119389759376645088e-03 8.612567558884620667e-03 2.916621230542659760e-02 3.163015469908714294e-02 7.399729453027248383e-03 3.038172051310539246e-02 1.780096790753304958e-03 2.369369752705097198e-02 3.533270210027694702e-02 2.094420231878757477e-02 5.075388029217720032e-02 1.698944345116615295e-02 3.575415536761283875e-02 4.506544023752212524e-02 1.593714812770485878e-03 4.057993367314338684e-02 1.918968744575977325e-03 2.500788681209087372e-02 2.369071543216705322e-02 3.814812377095222473e-02 3.872876614332199097e-02 7.659499533474445343e-03 2.222418785095214844e-02 4.944674298167228699e-02 3.106314316391944885e-02 3.712090849876403809e-02 6.794253364205360413e-03 7.726402580738067627e-02 3.635982284322381020e-04 4.181290417909622192e-02 2.844398841261863708e-02 8.077542297542095184e-03 5.871055647730827332e-02
