1.083947718143463135e-01 2.228798270225524902e-01 5.518273450434207916e-03 1.802033185958862305e-02 1.292744651436805725e-02 2.121587991714477539e-01 1.592432260513305664e-01 1.685516536235809326e-02 1.862962730228900909e-02 2.346520870923995972e-02 1.957350522279739380e-01 1.520466618239879608e-02 1.058659404516220093e-01 9.262310341000556946e-03 2.405360899865627289e-02 2.920734696090221405e-02 1.111670061945915222e-01 4.638291522860527039e-02 5.692271981388330460e-03 1.906621456146240234e-02 4.820202291011810303e-02 9.045137465000152588e-02 5.361559242010116577e-02 6.838357448577880859e-02 1.772561110556125641e-02 4.005907475948333740e-02 4.133133962750434875e-02 2.962638158351182938e-03 5.623254179954528809e-02 1.691472367383539677e-03 7.345310598611831665e-02 5.459298565983772278e-02 9.312983602285385132e-04 3.648084029555320740e-02 4.153133183717727661e-02 5.445093847811222076e-03 3.037667274475097656e-02 1.891721040010452271e-03 4.262822866439819336e-02 5.100831016898155212e-02 1.305801142007112503e-02 7.535769138485193253e-03 2.613256685435771942e-02 3.651943802833557129e-02 3.644516691565513611e-02 4.097287729382514954e-02 8.567978441715240479e-02 1.607037335634231567e-02 2.396796829998493195e-02 3.500693291425704956e-02 4.194945842027664185e-02 1.961492188274860382e-02 3.102066460996866226e-03 3.570533171296119690e-02 3.156497376039624214e-03 1.817327365279197693e-02 8.883861824870109558e-03 9.767018258571624756e-02 2.645595185458660126e-02 1.196499168872833252e-02 2.703981101512908936e-02 3.887511417269706726e-02 1.997450366616249084e-02 5.838293116539716721e-03 2.111711539328098297e-02 2.803642710205167532e-04 2.448251657187938690e-02 1.829249225556850433e-02 3.875386714935302734e-02 1.102255843579769135e-02 4.515631124377250671e-02 5.225556343793869019e-02 1.402456685900688171e-02 2.618139795958995819e-02 6.607613712549209595e-02 3.426672145724296570e-02 4.059740155935287476e-02 1.655678264796733856e-02 5.501690320670604706e-03 5.959570407867431641e-03 1.840103417634963989e-02 2.992160804569721222e-02 4.534096270799636841e-02 1.413171848980709910e-04 1.242675539106130600e-02 2.634526928886771202e-03 2.412226982414722443e-02 2.084874548017978668e-02 1.534889452159404755e-02 7.690840866416692734e-03 1.135061495006084442e-02 5.836526863276958466e-03 3.417122364044189453e-02 6.162658706307411194e-02 2.841755922418087721e-04 1.055820565670728683e-02 8.442252129316329956e-02 1.002605422399938107e-04 2.485430799424648285e-02 6.455321796238422394e-03 1.538885757327079773e-02 1.405385881662368774e-02 2.487196959555149078e-02 3.103978186845779419e-02 7.561086863279342651e-02 9.213808923959732056e-02 3.663752228021621704e-02 6.471104919910430908e-02 3.577854717150330544e-03 6.091243121773004532e-03 3.928233869373798370e-03 1.535313483327627182e-02 1.564876176416873932e-02 7.915656082332134247e-03 5.014637485146522522e-02 7.265690714120864868e-02
2.228798270225524902e-01 1.028579026460647583e-01 1.980679109692573547e-02 1.014149188995361328e-02 5.540188029408454895e-02 1.083409488201141357e-01 1.890612393617630005e-01 2.924138680100440979e-03 3.118952549993991852e-02 1.156048383563756943e-02 1.680338531732559204e-01 6.999941170215606689e-02 1.656503081321716309e-01 4.086371511220932007e-02 2.337044337764382362e-03 1.021360233426094055e-02 5.689663346856832504e-03 8.123247884213924408e-03 7.190307136625051498e-03 3.280364349484443665e-02 1.016656242427416146e-04 3.073902800679206848e-02 2.825291268527507782e-02 1.890555210411548615e-02 1.381415035575628281e-02 1.012006681412458420e-02 6.014190614223480225e-02 1.465905085206031799e-02 6.633557379245758057e-03 1.338555011898279190e-02 2.918074280023574829e-02 1.708581484854221344e-02 2.598917670547962189e-02 2.379324845969676971e-02 1.388701377436518669e-03 2.882587164640426636e-02 1.402079965919256210e-02 3.392736986279487610e-02 1.228871755301952362e-02 2.289050491526722908e-03 5.635595694184303284e-02 1.754654571413993835e-02 2.319055423140525818e-02 8.739014156162738800e-04 4.526525363326072693e-02 4.695520177483558655e-02 4.653340950608253479e-02 3.569222614169120789e-02 3.352345153689384460e-02 1.131049823015928268e-02 9.832720272243022919e-03 4.648381099104881287e-02 1.656072027981281281e-02 1.659909822046756744e-02 7.768727373331785202e-03 3.901482094079256058e-03 4.543672129511833191e-02 2.581610344350337982e-02 6.533323321491479874e-03 6.123280152678489685e-02 9.868332184851169586e-03 4.982076119631528854e-03 3.669405821710824966e-03 7.149355951696634293e-04 4.895364865660667419e-02 3.224422782659530640e-02 3.989704698324203491e-02 5.396432708948850632e-03 3.442892432212829590e-02 1.796172745525836945e-02 3.665449470281600952e-02 3.501329571008682251e-02 2.202296257019042969e-02 4.463212564587593079e-02 4.306003823876380920e-02 4.776014015078544617e-02 4.237802699208259583e-03 5.183454602956771851e-02 4.050080850720405579e-02 1.521859783679246902e-02 1.524346042424440384e-02 2.819083165377378464e-04 3.450056537985801697e-02 2.515675872564315796e-02 2.904125675559043884e-02 2.121938392519950867e-02 1.319221127778291702e-02 7.789496798068284988e-03 8.527607657015323639e-03 3.000025171786546707e-03 2.140828408300876617e-02 3.541411459445953369e-02 1.483556721359491348e-02 8.679539710283279419e-02 1.182425767183303833e-02 2.559250965714454651e-02 3.197803720831871033e-02 1.663383655250072479e-02 9.383104741573333740e-03 6.642481312155723572e-03 2.536650747060775757e-02 2.037547901272773743e-02 2.073760703206062317e-02 2.367132715880870819e-02 6.883626803755760193e-03 8.317611180245876312e-03 1.447741407901048660e-02 6.595463305711746216e-02 2.908368036150932312e-02 4.278752952814102173e-03 5.570705514401197433e-03 1.499851059634238482e-04 4.023724421858787537e-02 3.035740181803703308e-02 2.187846601009368896e-02 1.133748330175876617e-02
5.518273450434207916e-03 1.980679109692573547e-02 4.501046985387802124e-02 5.809615179896354675e-02 2.554069831967353821e-02 3.828743100166320801e-02 5.219313129782676697e-02 2.128868252038955688e-01 3.422083333134651184e-02 1.035668537952005863e-03 1.527449954301118851e-02 4.169531911611557007e-02 5.339189618825912476e-02 7.821482606232166290e-03 3.423395007848739624e-02 4.536221921443939209e-02 3.815894201397895813e-02 7.032608240842819214e-02 2.172617986798286438e-02 1.979685947299003601e-02 4.924714565277099609e-02 3.743648529052734375e-02 4.212010651826858521e-02 7.989605073817074299e-04 6.903278082609176636e-02 2.430971153080463409e-02 3.303856030106544495e-02 3.488718718290328979e-02 3.665196523070335388e-02 6.323069334030151367e-02 7.934924960136413574e-02 2.570263110101222992e-02 7.497062906622886658e-03 1.133624929934740067e-02 1.366172172129154205e-02 6.553944200277328491e-02 2.526158094406127930e-02 3.773043677210807800e-02 1.049929931759834290e-01 4.465207085013389587e-02 7.185633480548858643e-02 3.882478550076484680e-02 1.146146561950445175e-02 5.237910151481628418e-02 1.518890354782342911e-02 1.989563752431422472e-04 2.889878675341606140e-02 1.019968744367361069e-02 2.249511890113353729e-02 6.911548320204019547e-03 5.416759476065635681e-02 3.234197199344635010e-02 4.948613420128822327e-02 7.563296705484390259e-03 1.192877814173698425e-02 2.343918196856975555e-02 5.995219573378562927e-02 7.868909277021884918e-03 4.866349697113037109e-02 4.790299013257026672e-02 2.091482281684875488e-03 8.314016275107860565e-03 6.380462646484375000e-02 3.646257333457469940e-03 4.404665157198905945e-02 4.923569411039352417e-02 5.237699951976537704e-03 1.271100435405969620e-02 2.731436677277088165e-02 3.410303592681884766e-02 2.239757304778322577e-04 6.975445430725812912e-03 1.194656491279602051e-01 4.427978768944740295e-03 2.931998576968908310e-03 3.966065868735313416e-02 1.615637913346290588e-03 7.642264012247323990e-03 1.772968657314777374e-02 6.604404654353857040e-03 2.422206103801727295e-01 1.354648619890213013e-01 4.752943664789199829e-02 1.899923197925090790e-02 4.339261353015899658e-02 1.438716542907059193e-03 3.757421672344207764e-02 1.563935428857803345e-01 4.261028766632080078e-02 1.460423227399587631e-02 2.922539785504341125e-02 3.656910359859466553e-02 5.372910294681787491e-03 2.534813620150089264e-02 3.210171684622764587e-02 1.301473677158355713e-01 3.209311887621879578e-02 7.221498340368270874e-02 2.938141406048089266e-04 2.589577622711658478e-02 6.045502144843339920e-03 4.749790579080581665e-02 2.194358222186565399e-02 1.382011268287897110e-02 5.322043225169181824e-02 7.509013637900352478e-03 6.968042254447937012e-02 6.169441714882850647e-02 3.220415487885475159e-02 4.376527294516563416e-02 2.512612566351890564e-02 6.526857614517211914e-02 3.032028302550315857e-02 8.153085596859455109e-03 3.706045821309089661e-02 3.145373985171318054e-02
1.802033185958862305e-02 1.014149188995361328e-02 5.809615179896354675e-02 6.400285661220550537e-02 1.610938012599945068e-01 2.960923686623573303e-02 7.914412766695022583e-03 5.528079718351364136e-02 3.666728362441062927e-02 4.275305569171905518e-02 2.592875622212886810e-02 5.249672010540962219e-02 3.165573254227638245e-02 7.472303230315446854e-03 6.744673103094100952e-02 5.721380934119224548e-02 5.582742020487785339e-02 5.767672508955001831e-02 6.146942079067230225e-02 4.428856819868087769e-02 1.969999074935913086e-02 3.038943686988204718e-04 8.836055546998977661e-02 3.298124670982360840e-02 1.307578757405281067e-02 5.844694375991821289e-02 1.377403084188699722e-02 9.250541776418685913e-02 3.579611890017986298e-03 3.260630741715431213e-02 1.360032521188259125e-02 6.563147995620965958e-03 3.138830512762069702e-02 1.246525440365076065e-02 5.401614680886268616e-02 1.095711439847946167e-02 5.673108622431755066e-03 2.446943521499633789e-02 1.522832512855529785e-01 9.242839366197586060e-02 3.689030185341835022e-02 1.932674646377563477e-02 7.544466108083724976e-02 1.168289482593536377e-01 3.285012906417250633e-03 5.400141328573226929e-02 2.264469303190708160e-02 2.290115319192409515e-02 6.006835773587226868e-02 2.451104298233985901e-02 1.699970476329326630e-02 7.858756929636001587e-03 4.565796256065368652e-02 4.165992140769958496e-02 4.991291090846061707e-03 7.721913512796163559e-03 6.476530432701110840e-02 1.992540992796421051e-02 2.639891207218170166e-02 9.143622219562530518e-02 7.551198452711105347e-02 7.366849575191736221e-03 6.309275329113006592e-02 3.475220175459980965e-03 4.513247683644294739e-02 3.248828276991844177e-02 5.923386290669441223e-02 6.492437422275543213e-02 4.082779958844184875e-02 2.442484535276889801e-02 7.128942757844924927e-02 6.456992123275995255e-03 2.554847300052642822e-01 8.736533671617507935e-02 1.503453999757766724e-01 3.216151148080825806e-02 3.783003985881805420e-02 3.731692582368850708e-02 2.223309129476547241e-02 4.971642419695854187e-02 3.732246905565261841e-02 3.337132930755615234e-02 1.334440261125564575e-01 7.500600069761276245e-02 3.789680078625679016e-02 9.100943803787231445e-02 4.861441440880298615e-03 7.147326599806547165e-03 2.699692174792289734e-02 3.265016525983810425e-02 4.799578804522752762e-03 2.764825709164142609e-02 4.342117905616760254e-02 3.557149693369865417e-02 1.125450655817985535e-01 9.081624448299407959e-02 2.066197246313095093e-02 3.458221256732940674e-02 2.456406317651271820e-02 6.728305947035551071e-03 1.780488714575767517e-02 5.444556102156639099e-02 4.517272487282752991e-02 2.668129280209541321e-02 2.984922006726264954e-02 2.093926966190338135e-01 2.680651284754276276e-02 6.580152362585067749e-02 7.266753911972045898e-02 6.396927684545516968e-02 1.863768137991428375e-02 7.565722800791263580e-03 1.368517242372035980e-02 1.175378635525703430e-01 1.576503738760948181e-02 2.706415206193923950e-02
1.292744651436805725e-02 5.540188029408454895e-02 2.554069831967353821e-02 1.610938012599945068e-01 4.013426229357719421e-02 1.213144883513450623e-01 1.219989359378814697e-02 6.975774466991424561e-02 2.445553801953792572e-02 1.663218485191464424e-03 1.616665162146091461e-02 6.872725207358598709e-03 2.657835558056831360e-02 5.044592544436454773e-02 1.139317452907562256e-02 4.609854519367218018e-02 2.980130724608898163e-02 1.883351802825927734e-02 3.822453087195754051e-03 1.497797854244709015e-02 1.717113889753818512e-03 5.266859754920005798e-02 5.273919552564620972e-03 4.454014077782630920e-02 3.530391678214073181e-02 7.371258735656738281e-02 2.410180680453777313e-02 5.058367922902107239e-02 6.615630351006984711e-03 2.311782166361808777e-02 1.436442043632268906e-02 1.214378979057073593e-02 2.787998132407665253e-02 4.637267068028450012e-02 7.372228801250457764e-02 3.485904633998870850e-02 3.362306160852313042e-03 1.544592902064323425e-02 1.308628022670745850e-01 2.708292305469512939e-01 2.288872189819812775e-02 7.564806845039129257e-03 3.223424032330513000e-02 2.046395093202590942e-02 1.607522554695606232e-02 2.189083397388458252e-02 4.735637083649635315e-02 3.516227938234806061e-03 1.779995299875736237e-02 7.127905730158090591e-03 3.732790704816579819e-03 5.148796364665031433e-02 3.623951599001884460e-02 1.804920658469200134e-02 2.201579324901103973e-02 5.475183203816413879e-02 2.516075596213340759e-02 2.632284909486770630e-02 1.444382406771183014e-02 9.493849240243434906e-03 7.478637993335723877e-02 6.476142909377813339e-03 3.539261594414710999e-02 5.963559076189994812e-02 3.426692262291908264e-02 1.887864992022514343e-02 1.640077866613864899e-02 4.024200141429901123e-02 3.728182986378669739e-02 4.897821694612503052e-03 6.228903681039810181e-02 2.707579359412193298e-02 1.076229810714721680e-01 1.469063013792037964e-02 2.142748236656188965e-01 4.638926684856414795e-02 2.569587668403983116e-03 7.954781875014305115e-03 6.070119887590408325e-02 6.956466287374496460e-02 3.170251473784446716e-02 3.649359941482543945e-02 4.714991524815559387e-02 1.665338426828384399e-01 1.014454383403062820e-02 8.718850091099739075e-03 4.789635166525840759e-02 1.823333464562892914e-02 3.964296728372573853e-02 6.162051483988761902e-02 2.277575060725212097e-02 3.345552086830139160e-02 1.851583085954189301e-02 3.455979377031326294e-02 4.127822443842887878e-02 6.338325142860412598e-02 7.073589600622653961e-03 6.361936219036579132e-03 5.278857424855232239e-02 3.988474979996681213e-02 4.653493314981460571e-02 5.903312563896179199e-02 8.017052896320819855e-03 9.275867603719234467e-03 4.827312752604484558e-02 6.197886168956756592e-02 3.502344712615013123e-02 3.336940333247184753e-02 6.873079575598239899e-03 2.980494126677513123e-02 3.210733085870742798e-02 5.250651855021715164e-03 4.670166224241256714e-02 2.587698772549629211e-02 6.885351240634918213e-02 3.642675280570983887e-02
2.121587991714477539e-01 1.083409488201141357e-01 3.828743100166320801e-02 2.960923686623573303e-02 1.213144883513450623e-01 4.798144102096557617e-02 2.025679647922515869e-01 2.135140448808670044e-02 4.892940446734428406e-02 4.990971088409423828e-02 2.816677279770374298e-02 3.066012635827064514e-02 3.232106938958168030e-02 3.753332421183586121e-02 4.602256417274475098e-02 4.614014178514480591e-02 2.143162488937377930e-02 7.859703898429870605e-02 3.254595026373863220e-02 3.261411935091018677e-02 4.654638469219207764e-02 5.866058543324470520e-02 7.576804142445325851e-03 3.544688224792480469e-02 4.004217218607664108e-03 1.956722699105739594e-02 3.896318143233656883e-03 2.889971435070037842e-02 7.900741696357727051e-02 1.445371657609939575e-02 9.949895739555358887e-02 6.280652247369289398e-03 4.628109186887741089e-02 4.476292803883552551e-02 3.498230129480361938e-02 2.781723439693450928e-02 3.063778765499591827e-02 5.107824131846427917e-02 2.780552953481674194e-02 5.787873268127441406e-02 3.229605779051780701e-02 1.421373337507247925e-02 6.965520442463457584e-04 1.033258661627769470e-01 6.379552185535430908e-02 1.676096208393573761e-02 1.389800664037466049e-02 1.795976422727108002e-02 2.206202037632465363e-02 2.089766599237918854e-02 1.358280982822179794e-02 2.840331196784973145e-02 7.232642173767089844e-02 1.528619416058063507e-02 4.669973626732826233e-02 4.727017506957054138e-02 7.742607593536376953e-02 7.559334486722946167e-02 6.631163507699966431e-02 1.204344537109136581e-02 6.191023811697959900e-02 1.584586128592491150e-02 2.637943811714649200e-02 2.359689772129058838e-02 1.015734523534774780e-01 1.911214366555213928e-02 3.155035525560379028e-02 2.866532281041145325e-02 3.034354932606220245e-02 2.190171182155609131e-02 2.800605632364749908e-02 6.315269321203231812e-02 2.860508672893047333e-02 3.219861909747123718e-02 3.979404643177986145e-02 8.538466691970825195e-02 3.418273478746414185e-02 3.843266889452934265e-02 3.525889292359352112e-02 2.683976665139198303e-02 4.934980720281600952e-02 1.107982248067855835e-01 9.321811795234680176e-02 2.745563350617885590e-02 5.529590696096420288e-02 6.387183070182800293e-02 5.781579762697219849e-02 2.150291390717029572e-02 5.500809103250503540e-02 2.449098415672779083e-02 4.659249261021614075e-02 9.756504558026790619e-03 7.435885816812515259e-02 6.893967837095260620e-02 7.191931456327438354e-02 5.335916206240653992e-02 1.134645473212003708e-02 4.882394522428512573e-02 1.058554276823997498e-02 2.578363195061683655e-02 3.851307788863778114e-03 1.932373829185962677e-02 5.899591371417045593e-03 6.768521666526794434e-02 1.791160088032484055e-03 2.469264203682541847e-03 7.025201618671417236e-02 2.608469128608703613e-02 6.722234655171632767e-03 6.856520473957061768e-02 6.649933755397796631e-02 4.899031296372413635e-02 4.895387589931488037e-02 5.457887891680002213e-03 2.782136946916580200e-02 3.505861386656761169e-02
1.592432260513305664e-01 1.890612393617630005e-01 5.219313129782676697e-02 7.914412766695022583e-03 1.219989359378814697e-02 2.025679647922515869e-01 3.335290029644966125e-02 2.549137361347675323e-02 5.443925037980079651e-02 5.627595260739326477e-02 9.154150635004043579e-02 2.908554300665855408e-02 7.667840272188186646e-02 2.023433893918991089e-02 8.692854084074497223e-03 7.467668503522872925e-02 3.732936829328536987e-02 6.940343976020812988e-02 2.281046845018863678e-02 4.482391104102134705e-02 1.809363253414630890e-02 1.308043138124048710e-03 2.134432829916477203e-02 4.239461943507194519e-02 1.090730726718902588e-02 5.633063265122473240e-04 6.068088114261627197e-02 4.408112727105617523e-03 6.119436118751764297e-03 4.478012770414352417e-02 3.156499937176704407e-02 2.007444761693477631e-02 8.742550760507583618e-02 1.917147636413574219e-02 9.201354347169399261e-03 1.141726318746805191e-02 2.654939703643321991e-02 6.810261867940425873e-03 2.233782783150672913e-02 4.821000248193740845e-02 3.163487836718559265e-02 1.438733097165822983e-02 4.666640609502792358e-02 3.812156245112419128e-02 6.131789647042751312e-03 3.743878751993179321e-02 1.872743293642997742e-02 1.832369831390678883e-03 2.257251879200339317e-03 1.778788981027901173e-03 6.449606269598007202e-02 6.510230712592601776e-03 2.983361668884754181e-02 1.496877521276473999e-02 4.086471721529960632e-02 1.478619314730167389e-02 1.277781184762716293e-02 5.866210162639617920e-02 1.845417357981204987e-02 4.184586554765701294e-02 2.080866694450378418e-02 2.707236818969249725e-02 2.464172616600990295e-02 3.982162848114967346e-02 1.941407658159732819e-02 5.296837911009788513e-02 2.751562744379043579e-02 9.119986556470394135e-03 2.319964393973350525e-02 2.537983842194080353e-02 2.977388910949230194e-02 6.115462258458137512e-02 4.138181731104850769e-02 6.360229849815368652e-02 7.992782443761825562e-02 2.038353495299816132e-02 8.410180918872356415e-03 6.913377344608306885e-02 6.144008040428161621e-02 1.461966987699270248e-02 1.813242584466934204e-02 1.262047290802001953e-01 8.398094028234481812e-02 3.078359551727771759e-02 4.970541596412658691e-02 6.448346376419067383e-02 5.540663376450538635e-02 4.342617467045783997e-02 9.191705286502838135e-02 1.175631210207939148e-02 8.234180510044097900e-02 2.686415798962116241e-02 5.217790976166725159e-02 2.350599877536296844e-02 1.470306981354951859e-02 8.277284912765026093e-03 7.148603349924087524e-02 1.181344781070947647e-02 1.772807352244853973e-02 2.543077617883682251e-02 2.422117814421653748e-02 1.320552732795476913e-02 4.060049355030059814e-02 1.330769807100296021e-02 6.181874126195907593e-02 6.993743777275085449e-02 3.483938798308372498e-02 3.066916950047016144e-02 1.779091358184814453e-02 4.918630793690681458e-02 2.925211098045110703e-03 3.155972436070442200e-02 3.382946550846099854e-02 5.235321819782257080e-02 5.902616679668426514e-02 2.254642313346266747e-03
1.685516536235809326e-02 2.924138680100440979e-03 2.128868252038955688e-01 5.528079718351364136e-02 6.975774466991424561e-02 2.135140448808670044e-02 2.549137361347675323e-02 1.163491308689117432e-01 2.996882190927863121e-03 6.802093237638473511e-02 1.394939515739679337e-02 3.235275670886039734e-02 2.173596061766147614e-02 1.231969799846410751e-02 1.620374321937561035e-01 1.020423322916030884e-02 1.280735060572624207e-02 1.408510096371173859e-02 2.225163951516151428e-02 4.767994582653045654e-02 4.658884182572364807e-02 4.216663166880607605e-02 2.288928441703319550e-02 3.358153626322746277e-02 5.663530901074409485e-04 2.180389501154422760e-02 3.890461847186088562e-02 3.032266907393932343e-02 3.016965696588158607e-03 8.651986718177795410e-03 1.193647272884845734e-02 5.090049281716346741e-02 4.982187971472740173e-02 1.344104763120412827e-02 5.164745822548866272e-02 4.977071285247802734e-02 3.437029197812080383e-02 5.263778194785118103e-02 4.093790054321289062e-02 1.141304969787597656e-01 1.656549051403999329e-02 3.274183347821235657e-02 4.172557219862937927e-02 5.316704139113426208e-02 1.582084782421588898e-02 2.881148830056190491e-03 3.495835140347480774e-02 1.833308860659599304e-02 1.432562526315450668e-02 1.075453357771039009e-03 6.165468599647283554e-03 2.970319986343383789e-02 4.932944104075431824e-02 1.624982245266437531e-02 3.121022135019302368e-02 3.002427145838737488e-02 1.415822282433509827e-02 3.091521561145782471e-03 3.452568873763084412e-02 1.121390517801046371e-02 3.954099863767623901e-02 3.359974175691604614e-02 3.155899792909622192e-02 1.294906018301844597e-03 1.100165676325559616e-02 1.657069660723209381e-02 6.193834543228149414e-02 1.979264989495277405e-02 1.005844213068485260e-02 4.131484031677246094e-02 2.463538898155093193e-03 5.643478780984878540e-02 6.115554645657539368e-02 3.434755653142929077e-02 2.733654156327247620e-02 4.337720572948455811e-02 4.572342336177825928e-02 2.238334389403462410e-03 1.507784053683280945e-02 4.584121704101562500e-02 2.278418689966201782e-01 1.499930918216705322e-01 6.510699167847633362e-03 6.314674019813537598e-02 2.519356086850166321e-02 1.865284517407417297e-02 1.407261341810226440e-01 1.930529326200485229e-01 6.840916723012924194e-02 1.602664031088352203e-02 2.519486285746097565e-02 2.177587524056434631e-02 8.129740133881568909e-03 6.002678349614143372e-02 2.035281434655189514e-02 9.776961058378219604e-02 2.871982753276824951e-02 4.623997211456298828e-02 2.837574854493141174e-02 2.179984934628009796e-02 6.142242252826690674e-02 2.490632422268390656e-02 4.449787363409996033e-02 4.708558320999145508e-03 5.170063674449920654e-02 1.772697828710079193e-02 3.449075669050216675e-02 3.802239662036299706e-03 8.670045994222164154e-03 4.783664271235466003e-02 4.699097014963626862e-03 1.718617603182792664e-02 3.356429189443588257e-02 2.793851681053638458e-02 6.131231039762496948e-02 5.489807575941085815e-03
1.862962730228900909e-02 3.118952549993991852e-02 3.422083333134651184e-02 3.666728362441062927e-02 2.445553801953792572e-02 4.892940446734428406e-02 5.443925037980079651e-02 2.996882190927863121e-03 6.161159276962280273e-02 8.039711415767669678e-02 5.501999519765377045e-03 1.050870418548583984e-01 6.088654696941375732e-02 4.394996166229248047e-02 1.361899822950363159e-01 4.646050557494163513e-02 5.403180420398712158e-02 1.267432272434234619e-01 5.836514383554458618e-02 1.904692314565181732e-02 3.633263520896434784e-03 5.524207837879657745e-03 6.987240910530090332e-02 4.162516072392463684e-02 5.366293713450431824e-02 5.215360224246978760e-02 3.602283447980880737e-02 7.780916988849639893e-02 2.714211493730545044e-02 1.617626659572124481e-02 9.494984522461891174e-03 5.341695621609687805e-02 4.286878928542137146e-02 8.459481410682201385e-03 1.474096532911062241e-02 1.447543222457170486e-02 4.134751856327056885e-03 5.050846934318542480e-02 1.181551963090896606e-01 6.464100629091262817e-02 5.598915740847587585e-02 1.102419272065162659e-01 5.261688027530908585e-03 1.432117912918329239e-02 3.932036831974983215e-02 3.707605972886085510e-02 7.171672582626342773e-02 9.466897463425993919e-04 1.209008991718292236e-01 8.678186684846878052e-03 3.803383931517601013e-02 2.927923388779163361e-02 8.541962131857872009e-03 3.443727269768714905e-03 4.201148077845573425e-02 5.029783025383949280e-02 8.139336854219436646e-02 8.016519993543624878e-02 3.749812394380569458e-02 1.933863013982772827e-02 1.827896386384963989e-02 3.997290879487991333e-02 2.863783761858940125e-02 5.350693315267562866e-02 2.824763022363185883e-02 6.125864572823047638e-03 5.693997070193290710e-02 5.662862211465835571e-02 1.339229494333267212e-01 1.309895049780607224e-02 3.214797750115394592e-02 7.354278862476348877e-02 1.498307660222053528e-02 2.961792051792144775e-02 1.507512629032135010e-01 4.275837168097496033e-02 2.040557712316513062e-01 1.726995036005973816e-02 1.314711272716522217e-01 6.011516228318214417e-02 6.305432319641113281e-02 8.326421678066253662e-02 8.611312508583068848e-02 6.939050555229187012e-02 2.030808106064796448e-02 2.479265071451663971e-02 1.433126721531152725e-02 2.488513663411140442e-02 7.673299312591552734e-02 3.312007337808609009e-02 2.740424871444702148e-02 6.679215282201766968e-02 3.281318768858909607e-02 5.279334262013435364e-02 5.510681867599487305e-02 5.486709997057914734e-02 3.156913816928863525e-02 3.472365811467170715e-02 3.354257717728614807e-02 4.468302428722381592e-02 1.603272370994091034e-02 8.345981128513813019e-03 3.960362076759338379e-02 1.804938539862632751e-02 2.779320999979972839e-02 3.255259245634078979e-02 2.394532784819602966e-02 3.684869781136512756e-02 6.305650621652603149e-02 2.060599252581596375e-02 4.111402481794357300e-02 7.630493957549333572e-03 3.445848822593688965e-02 3.080285713076591492e-02 4.775064066052436829e-02 7.320042699575424194e-03
2.346520870923995972e-02 1.156048383563756943e-02 1.035668537952005863e-03 4.275305569171905518e-02 1.663218485191464424e-03 4.990971088409423828e-02 5.627595260739326477e-02 6.802093237638473511e-02 8.039711415767669678e-02 9.350156038999557495e-02 2.863665856420993805e-02 6.017804145812988281e-03 9.576170705258846283e-03 7.130683958530426025e-02 7.610812783241271973e-02 3.860936686396598816e-02 1.014119666069746017e-02 3.890487551689147949e-02 1.226014941930770874e-01 9.293888695538043976e-03 2.819621749222278595e-02 1.410591602325439453e-02 2.528513083234429359e-03 8.766793459653854370e-02 5.737928673624992371e-03 6.565317511558532715e-02 8.300396613776683807e-03 1.605929806828498840e-02 5.712317768484354019e-03 5.537711456418037415e-02 1.205323357135057449e-02 4.811898246407508850e-02 1.849290565587580204e-03 1.717919483780860901e-02 6.169502064585685730e-02 2.546379528939723969e-02 3.949173539876937866e-02 2.360186353325843811e-02 3.734322264790534973e-02 5.045250430703163147e-02 3.564314916729927063e-02 3.602735698223114014e-02 4.660290852189064026e-02 1.487067993730306625e-02 1.173685025423765182e-02 8.260221034288406372e-02 2.785957045853137970e-02 1.067207008600234985e-02 1.875580288469791412e-02 1.281906813383102417e-01 3.623986989259719849e-02 5.185965821146965027e-02 1.680682040750980377e-02 3.039085492491722107e-02 1.297254581004381180e-02 5.775184184312820435e-02 2.633862430229783058e-03 1.198250278830528259e-01 8.053502999246120453e-03 3.340200707316398621e-02 4.431129246950149536e-02 1.759494654834270477e-02 3.405092284083366394e-02 3.950556274503469467e-03 1.726336218416690826e-02 1.595373824238777161e-02 3.340777754783630371e-02 2.956841327250003815e-02 9.224561601877212524e-02 9.298148006200790405e-02 1.049040183424949646e-01 4.615399986505508423e-02 6.379339843988418579e-02 4.338330030441284180e-02 4.270465672016143799e-02 5.059531424194574356e-03 1.040092948824167252e-02 1.864882111549377441e-01 2.490017190575599670e-02 1.285737156867980957e-01 3.007026761770248413e-02 7.378738373517990112e-02 3.706780448555946350e-02 5.519190803170204163e-02 3.986631706357002258e-02 2.337221242487430573e-02 2.508601173758506775e-02 5.609638243913650513e-02 4.288780316710472107e-02 1.272166073322296143e-01 3.349893912672996521e-02 4.896651208400726318e-02 1.129855867475271225e-02 5.650535598397254944e-02 4.120368976145982742e-03 1.559075171826407313e-04 2.474648645147681236e-03 3.628902137279510498e-02 1.727830804884433746e-02 3.414662554860115051e-02 5.178507789969444275e-02 5.658046156167984009e-02 1.814006827771663666e-02 5.571771413087844849e-03 2.610799856483936310e-02 4.840102512389421463e-03 6.092931702733039856e-02 5.429233610630035400e-02 5.758396163582801819e-02 4.530876502394676208e-02 3.008983656764030457e-02 3.270941972732543945e-02 1.773709990084171295e-02 5.359474942088127136e-02 1.712121814489364624e-02 8.744364604353904724e-03
1.957350522279739380e-01 1.680338531732559204e-01 1.527449954301118851e-02 2.592875622212886810e-02 1.616665162146091461e-02 2.816677279770374298e-02 9.154150635004043579e-02 1.394939515739679337e-02 5.501999519765377045e-03 2.863665856420993805e-02 1.115189269185066223e-01 8.322928845882415771e-02 1.517486721277236938e-01 6.400229036808013916e-02 1.663976721465587616e-02 2.437080256640911102e-02 3.247501328587532043e-02 2.649327926337718964e-02 3.584443777799606323e-02 1.768835447728633881e-02 5.149868316948413849e-03 1.016000881791114807e-01 1.129038725048303604e-02 6.897701323032379150e-02 2.025447553023695946e-03 1.135665085166692734e-02 2.032858878374099731e-02 2.350760437548160553e-02 1.829985529184341431e-02 3.915407881140708923e-02 1.392907276749610901e-02 3.693524980917572975e-03 1.589406467974185944e-02 2.296566590666770935e-02 1.320246234536170959e-02 2.497548237442970276e-03 3.307293355464935303e-02 1.734083890914916992e-02 1.551629323512315750e-02 2.152800152543932199e-04 5.093210563063621521e-02 2.321288175880908966e-02 3.465329110622406006e-02 4.284163564443588257e-02 3.162822872400283813e-02 4.471747949719429016e-02 8.923809975385665894e-02 2.499887160956859589e-02 3.962663933634757996e-02 2.938052080571651459e-02 4.237346723675727844e-02 4.101304337382316589e-03 9.013064205646514893e-03 3.834626823663711548e-02 2.733642468228936195e-03 2.581458911299705505e-02 1.866488531231880188e-02 6.388320028781890869e-02 1.671698503196239471e-02 3.021232225000858307e-02 1.138358784373849630e-04 2.980840764939785004e-02 2.525873109698295593e-02 4.105605185031890869e-02 1.038672849535942078e-01 6.401493400335311890e-02 1.170248538255691528e-02 1.091397739946842194e-02 1.442736666649580002e-02 2.169374190270900726e-02 3.172357752919197083e-02 8.345431648194789886e-03 2.696632582228630781e-04 3.868490457534790039e-02 3.557218611240386963e-02 1.262157410383224487e-02 3.365948563441634178e-03 1.496472954750061035e-02 2.188941091299057007e-02 3.354735299944877625e-02 2.520522847771644592e-02 3.925290703773498535e-02 5.713977850973606110e-03 4.405116662383079529e-02 4.426938947290182114e-03 9.250058792531490326e-03 1.667788065969944000e-02 1.212428137660026550e-02 1.970753073692321777e-02 4.623979702591896057e-02 6.512372940778732300e-02 9.304071217775344849e-02 9.185887873172760010e-03 6.581038236618041992e-02 1.922242715954780579e-02 8.503030054271221161e-03 4.304225742816925049e-02 3.087978065013885498e-02 4.107204452157020569e-02 3.307865408714860678e-04 4.015509411692619324e-02 4.651161842048168182e-03 9.542589075863361359e-03 1.820341311395168304e-02 2.521058544516563416e-02 3.514262847602367401e-03 2.061497420072555542e-02 2.476205490529537201e-02 4.348248615860939026e-02 9.753043949604034424e-02 2.438459731638431549e-02 2.911703288555145264e-02 2.724420279264450073e-02 2.101843990385532379e-02 5.308059602975845337e-02 1.811940222978591919e-03
1.520466618239879608e-02 6.999941170215606689e-02 4.169531911611557007e-02 5.249672010540962219e-02 6.872725207358598709e-03 3.066012635827064514e-02 2.908554300665855408e-02 3.235275670886039734e-02 1.050870418548583984e-01 6.017804145812988281e-03 8.322928845882415771e-02 9.912849962711334229e-02 9.470259398221969604e-02 3.045514225959777832e-01 4.292825236916542053e-02 2.808404341340065002e-02 4.695556126534938812e-03 1.011809036135673523e-01 1.257029362022876740e-02 4.171077162027359009e-02 1.957210525870323181e-02 2.016657963395118713e-02 5.950620397925376892e-02 8.466716110706329346e-02 3.549310937523841858e-02 5.717986822128295898e-02 4.463477432727813721e-02 1.079396381974220276e-01 1.369967684149742126e-02 1.679788082838058472e-01 2.538794465363025665e-02 2.812333172187209129e-03 4.326321929693222046e-02 3.518995642662048340e-02 1.143090613186359406e-02 2.310829982161521912e-02 1.162681635469198227e-02 1.212320942431688309e-02 1.621980220079421997e-02 1.299816668033599854e-01 1.566920429468154907e-03 5.274726077914237976e-03 1.504661794751882553e-02 4.855741560459136963e-02 1.783823519945144653e-01 9.065070003271102905e-02 1.777444221079349518e-02 5.718724429607391357e-02 6.383815407752990723e-02 4.903703927993774414e-02 1.004314608871936798e-02 1.313097402453422546e-02 5.067107453942298889e-02 3.239034116268157959e-02 5.675074085593223572e-02 1.105519197881221771e-02 5.626518651843070984e-02 6.424951832741498947e-03 3.037273325026035309e-02 3.656341880559921265e-02 2.260497026145458221e-02 5.664125829935073853e-02 5.547244474291801453e-02 1.404974330216646194e-02 2.372171171009540558e-02 1.544887106865644455e-02 5.456840619444847107e-02 3.859698399901390076e-02 8.321005851030349731e-03 2.607935853302478790e-02 7.693152129650115967e-02 5.330940335988998413e-02 3.989658132195472717e-02 1.104961894452571869e-02 2.574292384088039398e-02 5.333149805665016174e-02 8.833938091993331909e-02 6.467462982982397079e-03 8.350209891796112061e-02 2.825109288096427917e-02 2.090734243392944336e-02 1.390170305967330933e-02 3.507336229085922241e-02 2.969544380903244019e-02 6.656464189291000366e-02 1.443800237029790878e-02 2.291577309370040894e-02 1.705565862357616425e-02 1.259506046772003174e-01 3.464398905634880066e-02 1.820252835750579834e-02 3.739511221647262573e-02 1.599426567554473877e-02 4.073323309421539307e-02 1.269934233278036118e-02 2.919200807809829712e-02 2.563650719821453094e-03 5.073553323745727539e-02 3.451016172766685486e-02 5.624426901340484619e-02 5.384394899010658264e-03 1.456492673605680466e-02 1.351921353489160538e-02 5.030217394232749939e-02 9.183540008962154388e-03 4.660422448068857193e-03 4.723102971911430359e-02 9.051848202943801880e-03 4.631586838513612747e-03 2.349328994750976562e-02 6.603590212762355804e-03 4.104166105389595032e-02 1.889759302139282227e-02 4.301971197128295898e-02 3.516553202643990517e-03 7.602545619010925293e-02
1.058659404516220093e-01 1.656503081321716309e-01 5.339189618825912476e-02 3.165573254227638245e-02 2.657835558056831360e-02 3.232106938958168030e-02 7.667840272188186646e-02 2.173596061766147614e-02 6.088654696941375732e-02 9.576170705258846283e-03 1.517486721277236938e-01 9.470259398221969604e-02 1.078705787658691406e-01 3.497048094868659973e-02 3.174211457371711731e-02 2.862848527729511261e-02 4.742222651839256287e-02 1.515678036957979202e-02 2.158037573099136353e-02 4.222288355231285095e-02 2.817119285464286804e-02 5.719992145895957947e-02 1.257953885942697525e-02 5.828654021024703979e-02 6.097550038248300552e-03 1.214764895848929882e-03 3.801376000046730042e-02 3.087638644501566887e-03 9.870996698737144470e-03 1.547855883836746216e-02 2.563136629760265350e-02 6.886491924524307251e-02 3.648246079683303833e-02 4.336534440517425537e-02 6.271286401897668839e-03 1.324130874127149582e-02 5.231668800115585327e-02 5.160476267337799072e-02 9.660109877586364746e-03 6.586105376482009888e-02 7.546074222773313522e-03 3.746946342289447784e-03 8.437248878180980682e-03 1.490425877273082733e-02 4.691423103213310242e-02 4.689537733793258667e-02 5.213388428092002869e-02 2.940695732831954956e-02 3.232071176171302795e-02 1.879775663837790489e-03 3.506368771195411682e-02 3.570939972996711731e-02 1.300088874995708466e-02 3.913154453039169312e-02 7.985790260136127472e-03 3.839698806405067444e-02 5.833462625741958618e-02 2.214295044541358948e-02 3.484005108475685120e-02 1.532128360122442245e-02 7.854788564145565033e-03 1.450507901608943939e-02 3.745378181338310242e-02 6.944711785763502121e-04 8.559055626392364502e-02 8.463080227375030518e-02 4.402023926377296448e-02 9.253946132957935333e-03 4.240947589278221130e-02 4.120887070894241333e-02 1.699305430520325899e-04 2.799869701266288757e-02 3.485036315396428108e-03 4.861010238528251648e-02 6.946132332086563110e-02 4.243468865752220154e-02 2.581116557121276855e-02 1.606762222945690155e-02 4.558570683002471924e-02 1.123351231217384338e-02 1.849619857966899872e-02 1.158693898469209671e-02 1.837551780045032501e-02 2.029873616993427277e-02 1.848209090530872345e-02 6.936546415090560913e-04 1.346223615109920502e-02 3.014671988785266876e-02 5.469352006912231445e-02 2.577722258865833282e-02 4.604649916291236877e-02 4.309133812785148621e-02 1.908672414720058441e-02 8.804699033498764038e-02 5.057033523917198181e-02 4.167149588465690613e-02 5.071870051324367523e-03 2.476385422050952911e-02 4.477757215499877930e-02 2.494227699935436249e-02 1.092940848320722580e-02 7.452276069670915604e-03 1.181885227560997009e-02 1.007984858006238937e-02 3.818798065185546875e-02 3.125020116567611694e-02 1.683628000319004059e-02 4.080948233604431152e-02 2.059382386505603790e-03 6.510169059038162231e-02 1.339036505669355392e-02 1.085915951989591122e-03 2.252415195107460022e-02 1.267268136143684387e-02 2.639971859753131866e-02 4.957458749413490295e-02
