2.094613462686538696e-01 2.886220216751098633e-01 2.592786587774753571e-02 2.950006537139415741e-02 3.756533935666084290e-02 1.944220066070556641e-01 8.791185170412063599e-02 1.057390123605728149e-02 9.204366244375705719e-03 2.986327372491359711e-02 3.652660921216011047e-02 4.485006257891654968e-02 7.571057230234146118e-02 2.443650923669338226e-02 1.473781373351812363e-02 3.032808750867843628e-02 7.895473390817642212e-02 2.244818583130836487e-02 3.576960414648056030e-02 1.997450552880764008e-02 2.211600169539451599e-02 3.410996124148368835e-02 5.463594943284988403e-02 3.920424729585647583e-02 1.469071581959724426e-02 1.675437018275260925e-02 6.112023815512657166e-02 1.780793815851211548e-02 3.918839618563652039e-02 1.510113757103681564e-02 3.307901322841644287e-02 2.615970559418201447e-02 3.423890098929405212e-02 2.759444341063499451e-02 3.085364587604999542e-02 3.675955231301486492e-04 4.139072820544242859e-02 4.414837807416915894e-02 4.150807484984397888e-02 2.893560566008090973e-02 3.522268682718276978e-02 5.578688532114028931e-02 3.567135334014892578e-02 6.802394986152648926e-03 9.401792660355567932e-03 1.570390723645687103e-02 8.519916236400604248e-02 4.079649224877357483e-02 3.209409862756729126e-02 2.345764450728893280e-02 6.923624314367771149e-03 3.569555282592773438e-02 3.356515988707542419e-02 3.401868790388107300e-02 5.408646911382675171e-02 2.756383270025253296e-02 8.990365080535411835e-03 2.434817515313625336e-02 5.614074878394603729e-03 3.183909505605697632e-02 4.733430221676826477e-02 5.992227792739868164e-02 3.906264156103134155e-02 2.566984482109546661e-02 9.702098555862903595e-03 1.698951702564954758e-03 4.100295901298522949e-02 1.151136867702007294e-02 1.258307974785566330e-02 3.703116253018379211e-02 1.002458333969116211e-01 6.710236519575119019e-02 3.435662016272544861e-02 4.387414827942848206e-02 4.000160843133926392e-03 5.630303174257278442e-02 7.696336135268211365e-03 3.914055600762367249e-02 7.828923873603343964e-03 5.192995071411132812e-02 1.694582030177116394e-02 3.231796622276306152e-02 1.927610673010349274e-02 7.459936197847127914e-03 7.027927786111831665e-02 3.582463413476943970e-02 4.115819558501243591e-02 4.870292264968156815e-03 9.658624418079853058e-03 1.704769954085350037e-02 3.554831445217132568e-02 2.963041886687278748e-02 3.383400384336709976e-03 1.555595267564058304e-02 1.555965933948755264e-02 1.116013526916503906e-02 2.265841141343116760e-02 3.966700285673141479e-02 2.983956784009933472e-02 2.637802856042981148e-03 8.974792063236236572e-02 1.699591055512428284e-02 1.396333519369363785e-02 1.434617210179567337e-03 1.588615216314792633e-02 4.979629442095756531e-02 1.537730358541011810e-02 2.064855024218559265e-02 5.721675232052803040e-03 4.496376961469650269e-02 1.657990925014019012e-02 5.929646641016006470e-02 4.832603037357330322e-03 4.999394714832305908e-02 4.666057229042053223e-02 1.261243876069784164e-02
2.886220216751098633e-01 2.864676415920257568e-01 2.825334295630455017e-02 1.492983847856521606e-02 2.209536731243133545e-02 1.947944611310958862e-01 1.494332551956176758e-01 7.641313597559928894e-03 2.381446538493037224e-03 1.932929456233978271e-02 7.421626150608062744e-02 3.599888831377029419e-02 1.426073312759399414e-01 5.725503340363502502e-02 1.835593953728675842e-02 3.854407463222742081e-03 1.459615072235465050e-03 3.969382494688034058e-03 1.491563301533460617e-02 1.749618537724018097e-02 4.509289935231208801e-02 1.349116582423448563e-02 4.501671716570854187e-02 4.843642562627792358e-02 1.305008336203172803e-04 4.703778773546218872e-03 3.327269852161407471e-02 3.051836788654327393e-02 2.082788571715354919e-02 9.168788790702819824e-03 2.942920289933681488e-02 1.039146166294813156e-02 7.578559964895248413e-02 4.391083866357803345e-02 1.977480947971343994e-02 3.347624093294143677e-02 2.469947002828121185e-02 4.452706128358840942e-02 4.154426045715808868e-03 4.889679327607154846e-02 5.523451045155525208e-02 2.173256501555442810e-02 3.231150656938552856e-02 1.323222741484642029e-02 7.253446150571107864e-03 3.807862848043441772e-02 1.111666709184646606e-01 8.589740097522735596e-02 3.964573889970779419e-02 2.568543516099452972e-02 5.566240847110748291e-02 2.168751135468482971e-02 3.016971051692962646e-02 2.160556614398956299e-02 1.245718542486429214e-02 2.743185497820377350e-02 4.955125972628593445e-02 6.067807320505380630e-03 9.422054514288902283e-03 2.546220272779464722e-02 1.716385968029499054e-02 4.434647969901561737e-03 1.266366895288228989e-02 1.753463037312030792e-02 4.696006886661052704e-03 7.166012190282344818e-03 3.834501281380653381e-02 4.771868884563446045e-02 1.761941006407141685e-03 2.492011711001396179e-02 1.291771233081817627e-02 1.859764754772186279e-02 1.002894807606935501e-02 1.538233831524848938e-02 1.775955595076084137e-02 2.725900337100028992e-02 2.652583271265029907e-02 1.002152077853679657e-02 2.976167015731334686e-02 8.503221720457077026e-02 1.788618229329586029e-02 4.077287390828132629e-02 1.083656772971153259e-02 1.145458966493606567e-02 8.354407548904418945e-02 4.855873435735702515e-02 3.354731202125549316e-02 1.312786713242530823e-02 1.107683870941400528e-03 2.309111133217811584e-02 1.515367254614830017e-02 2.682303823530673981e-02 4.609345272183418274e-02 7.927116937935352325e-03 3.724969923496246338e-02 3.865130711346864700e-03 4.665215313434600830e-02 1.147546712309122086e-02 3.142700344324111938e-02 4.014218226075172424e-02 7.464317232370376587e-02 1.360674016177654266e-02 2.216134406626224518e-02 2.385757490992546082e-02 2.097638789564371109e-03 2.542012371122837067e-02 1.159789972007274628e-02 3.738643974065780640e-02 2.977835200726985931e-02 1.430439949035644531e-02 3.319411352276802063e-02 5.787402391433715820e-02 2.105286344885826111e-02 4.922114685177803040e-02 4.556351155042648315e-02 1.148167531937360764e-02
2.592786587774753571e-02 2.825334295630455017e-02 5.021839216351509094e-02 2.141176164150238037e-02 1.289710961282253265e-02 9.133869782090187073e-03 2.790803089737892151e-03 1.181310340762138367e-01 1.169286901131272316e-03 1.738435029983520508e-02 8.705407381057739258e-03 8.530008792877197266e-02 6.979652494192123413e-02 2.988213114440441132e-02 2.457942441105842590e-02 2.358350716531276703e-02 3.505785763263702393e-02 5.558324977755546570e-03 1.124519482254981995e-02 4.765428602695465088e-03 5.889870226383209229e-02 6.071505136787891388e-03 8.456158451735973358e-03 1.389770489186048508e-02 6.682104896754026413e-03 2.074739150702953339e-02 1.446259673684835434e-02 6.457286886870861053e-03 4.683801531791687012e-02 2.740844711661338806e-02 4.404808953404426575e-02 3.311381116509437561e-02 1.236569508910179138e-02 1.533351745456457138e-02 7.355977594852447510e-02 1.098595559597015381e-03 2.521197497844696045e-02 3.479951620101928711e-02 2.022893866524100304e-03 1.998456194996833801e-03 6.914830207824707031e-02 1.651241071522235870e-02 1.648010802455246449e-03 6.225210055708885193e-02 2.723466604948043823e-02 1.563315279781818390e-02 3.269927576184272766e-02 3.047076798975467682e-02 3.889238461852073669e-02 2.395147085189819336e-02 1.345275994390249252e-02 6.478097755461931229e-03 1.751659251749515533e-02 1.913891360163688660e-02 1.566091366112232208e-02 2.785153687000274658e-02 1.661482080817222595e-02 2.605703845620155334e-02 2.367830276489257812e-02 2.503116615116596222e-02 2.248558215796947479e-03 2.857141196727752686e-02 1.171249523758888245e-02 2.061523310840129852e-02 1.003961358219385147e-02 6.444230210036039352e-03 3.312169387936592102e-02 3.642571344971656799e-02 3.012544848024845123e-02 2.248128131031990051e-02 5.376231297850608826e-02 5.368998274207115173e-02 3.168176393955945969e-03 1.206720154732465744e-02 4.657856374979019165e-02 3.565849736332893372e-02 1.283711288124322891e-02 1.397294085472822189e-02 3.213644027709960938e-02 1.297087594866752625e-02 9.148386865854263306e-02 4.683746770024299622e-02 8.408470079302787781e-03 3.643156960606575012e-02 3.380312398076057434e-02 2.038019476458430290e-03 1.708336174488067627e-02 8.125197491608560085e-04 3.060907125473022461e-03 3.769100876525044441e-03 3.125213831663131714e-02 1.071922481060028076e-02 5.808373540639877319e-02 1.789965108036994934e-02 8.668567240238189697e-02 9.260939061641693115e-02 1.147173065692186356e-02 3.451278666034340858e-03 5.168272554874420166e-02 2.583345212042331696e-02 4.585023969411849976e-02 6.227851379662752151e-03 2.846986986696720123e-02 9.847289882600307465e-03 4.957678262144327164e-03 1.841081865131855011e-02 2.551275864243507385e-02 2.530615311115980148e-03 5.646798294037580490e-03 6.236917153000831604e-02 3.052170574665069580e-02 1.148344799876213074e-01 1.718568056821823120e-02 1.901352033019065857e-02 4.483387246727943420e-02 1.067906897515058517e-02
2.950006537139415741e-02 1.492983847856521606e-02 2.141176164150238037e-02 1.985304355621337891e-01 1.358095556497573853e-01 2.710044756531715393e-02 1.379499584436416626e-02 5.823956802487373352e-03 3.387055918574333191e-02 5.184068903326988220e-02 1.176651683636009693e-03 4.579990170896053314e-03 5.113469902426004410e-03 3.236165642738342285e-02 2.245376817882061005e-02 8.601952344179153442e-03 3.136185230687260628e-03 9.368412196636199951e-02 7.910545170307159424e-02 2.300120890140533447e-02 2.668681368231773376e-02 1.164001598954200745e-02 2.606923319399356842e-02 3.473055362701416016e-02 1.678935624659061432e-02 1.013255026191473007e-02 9.485090151429176331e-03 7.061560451984405518e-02 1.692831330001354218e-02 7.116550952196121216e-02 2.692841552197933197e-02 3.657891228795051575e-02 3.099197149276733398e-02 2.928987611085176468e-03 9.055435657501220703e-03 3.581294557079672813e-03 4.997652140446007252e-04 1.138019841164350510e-02 1.084405258297920227e-01 6.359981000423431396e-02 1.592317223548889160e-02 1.484130695462226868e-02 2.369604445993900299e-02 3.077437542378902435e-02 8.382857777178287506e-03 1.085981726646423340e-02 3.550774604082107544e-02 2.568411082029342651e-02 5.633642524480819702e-02 3.800882771611213684e-02 2.555389516055583954e-02 2.171459794044494629e-02 5.584473907947540283e-02 2.624143473803997040e-02 4.149712994694709778e-02 3.627019375562667847e-02 4.787588492035865784e-02 1.330968178808689117e-02 1.769162528216838837e-02 9.852358140051364899e-03 4.311127588152885437e-02 1.019721012562513351e-02 7.154458016157150269e-02 3.313439711928367615e-02 4.470358602702617645e-03 1.043046079576015472e-02 1.857687719166278839e-02 1.060850545763969421e-02 4.511282779276371002e-03 2.714695408940315247e-02 4.299664404243230820e-03 6.295360624790191650e-03 1.423712968826293945e-01 3.771508485078811646e-02 1.062687262892723083e-01 1.698464038781821728e-03 4.730289336293935776e-03 1.149957813322544098e-02 5.180986225605010986e-02 4.981615021824836731e-02 3.287937119603157043e-02 5.981528200209140778e-03 8.093927055597305298e-02 3.391433274373412132e-03 1.447560265660285950e-02 5.210854858160018921e-02 8.903535082936286926e-03 1.916028413688763976e-04 8.311665058135986328e-02 6.962275505065917969e-02 4.693944007158279419e-02 2.028488088399171829e-03 2.300787158310413361e-02 3.725749207660555840e-03 6.744500994682312012e-02 1.237787492573261261e-02 6.711497157812118530e-02 1.759487017989158630e-02 2.317329123616218567e-02 9.675231762230396271e-03 2.388777211308479309e-03 1.991367200389504433e-03 5.267667397856712341e-02 3.480685129761695862e-02 1.825159229338169098e-02 5.662073194980621338e-02 2.566081471741199493e-02 2.652203105390071869e-02 2.750429697334766388e-02 2.149465866386890411e-02 7.678302936255931854e-04 2.051715739071369171e-02 2.827675268054008484e-02 4.464692622423171997e-02 3.145688679069280624e-03 3.328312188386917114e-03
3.756533935666084290e-02 2.209536731243133545e-02 1.289710961282253265e-02 1.358095556497573853e-01 1.743788272142410278e-01 1.198866683989763260e-02 1.416610088199377060e-02 3.773168474435806274e-02 8.111173287034034729e-03 2.536785556003451347e-03 2.172701992094516754e-03 3.557879972504451871e-05 1.024019066244363785e-02 1.495455764234066010e-02 1.809418387711048126e-02 7.396406494081020355e-03 3.551737591624259949e-02 8.770753443241119385e-02 1.159795448184013367e-01 2.897348068654537201e-02 3.760557249188423157e-02 1.724221743643283844e-02 5.933667067438364029e-03 1.196273230016231537e-02 1.814371161162853241e-02 6.817868910729885101e-03 1.286390889436006546e-02 2.896659262478351593e-02 2.317209914326667786e-02 4.567426443099975586e-02 1.609556376934051514e-02 3.059160150587558746e-02 3.561824094504117966e-03 2.517779543995857239e-02 1.906036958098411560e-02 4.139525070786476135e-02 1.811835169792175293e-02 2.094241231679916382e-02 6.876920908689498901e-02 7.041891664266586304e-02 1.172180846333503723e-02 3.231561556458473206e-02 3.179478691890835762e-03 1.919629611074924469e-02 2.058205008506774902e-02 4.081765934824943542e-02 1.295139431022107601e-03 1.696739159524440765e-02 5.529882386326789856e-02 4.681238159537315369e-02 3.306218609213829041e-02 8.482004515826702118e-03 4.095788300037384033e-02 3.560545668005943298e-02 5.212441831827163696e-02 5.861340090632438660e-02 6.570318713784217834e-03 1.918854936957359314e-02 3.652674332261085510e-02 1.066699158400297165e-02 1.728394813835620880e-02 3.491348028182983398e-02 4.940902069211006165e-02 2.666336297988891602e-02 9.791134856641292572e-03 5.950141698122024536e-03 3.647909685969352722e-02 1.296734809875488281e-02 1.231806445866823196e-02 1.189451781101524830e-03 3.699724748730659485e-02 1.835550740361213684e-02 8.349678665399551392e-02 2.141529694199562073e-03 1.076721921563148499e-01 2.758627571165561676e-02 8.844033814966678619e-03 1.519857719540596008e-02 6.083737313747406006e-02 6.322721485048532486e-03 1.037500519305467606e-02 1.675602979958057404e-02 1.003104001283645630e-01 8.168479800224304199e-02 1.099518500268459320e-02 3.838401287794113159e-02 3.212096635252237320e-03 2.409315481781959534e-02 7.063925731927156448e-03 5.251785367727279663e-02 4.145364742726087570e-03 1.706096343696117401e-02 2.857628092169761658e-02 8.613853715360164642e-03 4.096029698848724365e-02 5.154002085328102112e-02 2.488945424556732178e-02 2.445899881422519684e-03 1.449613552540540695e-02 1.209036330692470074e-03 3.982487693428993225e-02 4.094330593943595886e-02 6.385416490957140923e-04 2.688889019191265106e-02 3.963779658079147339e-03 4.349099099636077881e-02 1.703493483364582062e-02 5.083924159407615662e-03 3.615454584360122681e-02 7.118217763490974903e-04 5.846409127116203308e-03 2.244253642857074738e-02 5.491587333381175995e-03 2.274722093716263771e-03 2.807160466909408569e-02 3.700672462582588196e-02
1.944220066070556641e-01 1.947944611310958862e-01 9.133869782090187073e-03 2.710044756531715393e-02 1.198866683989763260e-02 3.124773204326629639e-01 1.867259293794631958e-01 5.627334583550691605e-03 7.348947227001190186e-03 9.383623488247394562e-03 9.357561171054840088e-02 6.466458737850189209e-02 1.200782731175422668e-01 6.532978266477584839e-02 1.355191133916378021e-02 3.496092185378074646e-02 1.755150966346263885e-02 4.633849952369928360e-03 4.449959378689527512e-03 2.592553757131099701e-02 3.039789758622646332e-02 1.459205802530050278e-02 5.624365527182817459e-03 1.283247396349906921e-02 1.709078438580036163e-02 8.556692861020565033e-03 3.494476154446601868e-02 4.624484479427337646e-02 2.503296919167041779e-02 3.154234960675239563e-02 4.501846618950366974e-03 5.995341110974550247e-03 5.675174761563539505e-03 2.433875203132629395e-02 9.665761142969131470e-03 6.641047541052103043e-03 3.910959884524345398e-02 2.731416374444961548e-02 3.064381703734397888e-02 4.525614902377128601e-02 2.982670627534389496e-02 1.425532717257738113e-02 4.055571183562278748e-02 1.978760212659835815e-02 2.077579870820045471e-02 2.381387911736965179e-02 1.715114712715148926e-01 1.137750819325447083e-01 6.546418182551860809e-03 3.906809259206056595e-03 4.252766072750091553e-02 1.980970613658428192e-02 4.894872009754180908e-02 4.143691435456275940e-02 4.065649583935737610e-02 4.137197136878967285e-02 2.158066444098949432e-02 3.582980111241340637e-02 4.559629783034324646e-02 2.877205237746238708e-02 3.950167074799537659e-02 8.422987302765250206e-04 7.653641980141401291e-03 4.123767092823982239e-02 4.854846745729446411e-02 6.531918048858642578e-02 2.530667232349514961e-03 4.415258392691612244e-02 1.125970575958490372e-02 1.329054031521081924e-02 2.024447359144687653e-02 2.889079786837100983e-02 8.389279246330261230e-03 1.640271954238414764e-02 9.274113923311233521e-03 2.101437561213970184e-02 6.876352708786725998e-03 7.841369137167930603e-03 1.919223461300134659e-03 3.343257680535316467e-02 3.597114980220794678e-02 3.759609768167138100e-03 2.661023661494255066e-02 7.629293017089366913e-03 4.002497997134923935e-03 4.673058539628982544e-02 4.905530065298080444e-02 4.543483257293701172e-02 7.052888162434101105e-03 2.789270319044589996e-02 6.768016517162322998e-02 8.943715132772922516e-03 2.744559198617935181e-02 1.459564734250307083e-02 1.654538442380726337e-03 1.349772908724844456e-03 1.232951413840055466e-02 3.197891637682914734e-02 4.509599506855010986e-02 4.728095233440399170e-02 5.881826952099800110e-02 2.388048171997070312e-02 3.722359612584114075e-02 1.756055280566215515e-02 1.265216432511806488e-02 8.662603050470352173e-02 1.324489712715148926e-02 4.335634782910346985e-02 8.165705017745494843e-03 3.367860615253448486e-02 4.863631445914506912e-03 3.642588155344128609e-03 1.197451353073120117e-02 1.912372373044490814e-02 3.027071943506598473e-03 3.744860587175935507e-04
8.791185170412063599e-02 1.494332551956176758e-01 2.790803089737892151e-03 1.379499584436416626e-02 1.416610088199377060e-02 1.867259293794631958e-01 3.073617517948150635e-01 2.266583591699600220e-02 7.761216722428798676e-03 1.211559120565652847e-02 1.074569895863533020e-01 7.400914281606674194e-02 1.418255120515823364e-01 1.166968569159507751e-01 3.935723751783370972e-02 3.791184397414326668e-03 1.928710006177425385e-02 1.697699044598266482e-04 3.751731943339109421e-03 1.569257350638508797e-03 4.390813782811164856e-02 1.415816694498062134e-02 4.359437897801399231e-02 2.389552257955074310e-02 9.713955223560333252e-04 4.138045012950897217e-02 4.581775981932878494e-03 3.553450107574462891e-02 3.946903627365827560e-03 5.311187356710433960e-02 4.763541743159294128e-02 8.387384936213493347e-03 1.028608530759811401e-02 1.384199596941471100e-03 1.641965098679065704e-02 2.382375113666057587e-02 4.052526876330375671e-02 5.506058037281036377e-02 4.126216098666191101e-02 2.962237223982810974e-02 2.166994661092758179e-02 5.544583499431610107e-02 5.644236225634813309e-04 1.946744881570339203e-02 1.411530654877424240e-02 1.050608977675437927e-02 1.604706943035125732e-01 1.407669484615325928e-01 1.701578684151172638e-02 1.103489287197589874e-02 3.242593258619308472e-02 7.731308043003082275e-02 8.003028482198715210e-02 6.820056587457656860e-02 2.909102663397789001e-02 1.632021181285381317e-02 2.692287601530551910e-02 1.399736013263463974e-02 8.117209374904632568e-02 4.145523533225059509e-02 4.449082911014556885e-02 2.875507622957229614e-02 6.806533783674240112e-03 3.084831684827804565e-02 6.300928443670272827e-02 5.816814675927162170e-02 2.363928221166133881e-02 2.211088128387928009e-02 3.360392153263092041e-02 8.815546520054340363e-03 2.191507071256637573e-02 1.770550198853015900e-02 1.630757004022598267e-02 6.379681639373302460e-03 1.499360776506364346e-03 2.276629209518432617e-02 4.088508710265159607e-02 1.718248240649700165e-02 3.725478798151016235e-02 1.332343905232846737e-03 4.306724667549133301e-02 9.603041224181652069e-03 2.787579968571662903e-02 1.251870649866759777e-03 5.394339933991432190e-02 1.890983060002326965e-02 5.011396110057830811e-02 7.494146376848220825e-02 1.016365364193916321e-02 1.823734492063522339e-02 6.756649911403656006e-02 8.126869797706604004e-03 4.834856837987899780e-02 2.174061723053455353e-02 6.009394302964210510e-03 7.515513803809881210e-03 9.228377602994441986e-03 3.223926946520805359e-02 7.206911593675613403e-02 5.782031267881393433e-02 2.337042242288589478e-02 1.698589511215686798e-02 1.223607547581195831e-02 8.639632724225521088e-03 3.498879028484225273e-03 4.611909389495849609e-02 1.439461833797395229e-03 3.625321388244628906e-02 1.437278930097818375e-02 5.629115924239158630e-02 2.405522949993610382e-02 3.930950909852981567e-02 7.306381594389677048e-03 2.658522874116897583e-02 4.574100300669670105e-02 3.874389920383691788e-03
1.057390123605728149e-02 7.641313597559928894e-03 1.181310340762138367e-01 5.823956802487373352e-03 3.773168474435806274e-02 5.627334583550691605e-03 2.266583591699600220e-02 1.386764049530029297e-01 2.019000798463821411e-02 2.432877896353602409e-03 3.110689856112003326e-02 1.999409170821309090e-03 5.440548434853553772e-02 4.570604860782623291e-02 6.620163470506668091e-02 6.028197240084409714e-04 1.668014936149120331e-02 2.038739249110221863e-02 1.003802195191383362e-02 8.207598701119422913e-03 2.760018780827522278e-02 3.113890811800956726e-02 1.962350867688655853e-02 2.096956782042980194e-02 4.212808981537818909e-02 1.542288064956665039e-02 4.952839016914367676e-02 8.781841956079006195e-03 3.514723852276802063e-02 4.191290121525526047e-03 9.787105955183506012e-03 1.595395058393478394e-02 5.236992985010147095e-02 6.046462804079055786e-02 4.947486147284507751e-02 6.975337862968444824e-02 1.027339026331901550e-01 1.875716843642294407e-04 3.243894129991531372e-02 3.551024571061134338e-02 2.899063937366008759e-02 3.420582786202430725e-02 1.279209554195404053e-02 6.363321840763092041e-02 3.119929879903793335e-02 3.599182888865470886e-02 2.320711873471736908e-02 1.490201521664857864e-02 4.596870765089988708e-02 1.063248235732316971e-02 2.676548063755035400e-02 2.318657189607620239e-02 4.972136765718460083e-02 4.630186781287193298e-02 2.365987515076994896e-03 3.517019748687744141e-02 3.542234748601913452e-02 2.686313726007938385e-02 1.077404059469699860e-02 2.707162685692310333e-02 1.671428233385086060e-02 3.838839381933212280e-02 2.421018294990062714e-02 8.395222947001457214e-03 8.425662294030189514e-03 1.401759125292301178e-02 2.412730641663074493e-02 1.706815883517265320e-02 3.490587696433067322e-03 5.073773115873336792e-02 4.090011864900588989e-02 2.555389888584613800e-02 9.382954798638820648e-03 3.779701143503189087e-02 2.273873984813690186e-02 2.277309074997901917e-02 1.699425466358661652e-02 1.941910944879055023e-02 2.580609358847141266e-02 1.964527182281017303e-02 1.647071242332458496e-01 9.679806232452392578e-02 2.857327053789049387e-04 2.317821979522705078e-02 1.618089154362678528e-02 2.680026367306709290e-02 8.273619413375854492e-02 5.195934325456619263e-02 2.517002075910568237e-02 1.578469411469995975e-03 2.135009318590164185e-02 4.459357261657714844e-02 1.020605582743883133e-02 2.327054552733898163e-02 1.426897570490837097e-02 1.480279769748449326e-02 2.283605188131332397e-02 1.554827904328703880e-03 4.357175156474113464e-02 1.521036215126514435e-02 3.388927131891250610e-02 2.376285614445805550e-03 1.558738644234836102e-03 7.956934161484241486e-03 7.048023864626884460e-03 2.254909649491310120e-02 3.338796785101294518e-03 4.123465716838836670e-02 6.871646270155906677e-03 2.777587436139583588e-02 1.174174621701240540e-02 5.800801143050193787e-02 2.741313725709915161e-02 2.523761801421642303e-02 1.191011909395456314e-02 8.814638480544090271e-03
9.204366244375705719e-03 2.381446538493037224e-03 1.169286901131272316e-03 3.387055918574333191e-02 8.111173287034034729e-03 7.348947227001190186e-03 7.761216722428798676e-03 2.019000798463821411e-02 1.604815423488616943e-01 9.028653055429458618e-02 2.190406061708927155e-02 5.856091901659965515e-02 6.458432879298925400e-03 3.882874920964241028e-02 1.389025524258613586e-02 4.388834536075592041e-02 5.396273452788591385e-03 2.832343429327011108e-02 1.325747556984424591e-02 2.428054250776767731e-02 1.400351058691740036e-02 8.391628041863441467e-03 6.959431618452072144e-02 5.770887434482574463e-02 1.221748162060976028e-02 2.431851066648960114e-02 6.556244939565658569e-02 1.087090652436017990e-02 1.071328297257423401e-02 4.654205217957496643e-02 5.130198225378990173e-02 4.767442867159843445e-02 1.293400186114013195e-03 2.041577128693461418e-03 7.909127511084079742e-03 6.191550567746162415e-02 3.266861662268638611e-02 9.350296109914779663e-03 1.660725567489862442e-03 1.727039366960525513e-02 3.280417248606681824e-02 1.652845926582813263e-02 3.953905252274125814e-04 4.774409905076026917e-02 1.277700997889041901e-02 5.233859410509467125e-04 2.183150034397840500e-03 1.700736465863883495e-03 8.084881305694580078e-02 3.625664860010147095e-02 2.109521767124533653e-03 9.501921012997627258e-03 9.399022907018661499e-03 3.255384415388107300e-02 1.029783114790916443e-01 1.622036844491958618e-02 2.576206997036933899e-02 2.427267655730247498e-02 7.073996239341795444e-04 2.339304657652974129e-03 3.456941992044448853e-02 1.195282023400068283e-02 3.581808134913444519e-02 1.999714784324169159e-02 1.697133667767047882e-02 6.972146686166524887e-03 9.430984966456890106e-03 3.385350340977311134e-03 5.681609734892845154e-02 2.718820422887802124e-02 4.357390105724334717e-03 8.871683478355407715e-02 2.398509904742240906e-02 3.009417653083801270e-02 1.805579289793968201e-02 9.391399472951889038e-02 1.000421717762947083e-01 4.347493499517440796e-02 4.305913299322128296e-02 5.166488513350486755e-02 1.093924744054675102e-03 4.817090462893247604e-03 3.432032093405723572e-02 6.072922050952911377e-02 9.083911776542663574e-03 1.731669716536998749e-02 1.928535662591457367e-02 1.158744096755981445e-02 5.651730578392744064e-03 6.068480014801025391e-02 4.919402301311492920e-03 7.564385421574115753e-03 3.291675588116049767e-03 3.190161287784576416e-02 6.101344153285026550e-02 2.120736241340637207e-02 3.969177976250648499e-02 6.666567921638488770e-02 5.092849209904670715e-02 4.079217836260795593e-02 1.688401401042938232e-02 2.815984562039375305e-02 2.385021932423114777e-02 4.796951543539762497e-03 1.274118199944496155e-03 2.458234876394271851e-02 2.236313372850418091e-02 8.335115388035774231e-03 2.727315947413444519e-02 2.700578421354293823e-03 1.704458147287368774e-02 3.255814313888549805e-02 2.696677809581160545e-03 4.256965219974517822e-02 1.640907302498817444e-02 1.124654244631528854e-02
2.986327372491359711e-02 1.932929456233978271e-02 1.738435029983520508e-02 5.184068903326988220e-02 2.536785556003451347e-03 9.383623488247394562e-03 1.211559120565652847e-02 2.432877896353602409e-03 9.028653055429458618e-02 1.888564229011535645e-01 1.362296380102634430e-02 3.457806631922721863e-02 2.187991328537464142e-02 6.468313932418823242e-02 2.258548513054847717e-02 5.025463551282882690e-02 5.388198420405387878e-02 4.409707617014646530e-04 6.755730509757995605e-02 1.501698046922683716e-02 8.113096468150615692e-03 1.017568446695804596e-02 2.872249111533164978e-02 6.091185659170150757e-02 1.682795002125203609e-03 1.677696406841278076e-02 1.632393337786197662e-02 5.539353936910629272e-03 1.846755109727382660e-02 5.481186136603355408e-02 1.563565060496330261e-02 3.458021674305200577e-03 2.789874188601970673e-02 5.059814080595970154e-02 2.117047645151615143e-02 2.800826542079448700e-02 3.530740365386009216e-02 2.574386447668075562e-02 9.932203218340873718e-03 1.312692184001207352e-02 1.707898080348968506e-02 2.757861278951168060e-02 1.597127132117748260e-02 1.051277946680784225e-02 1.974427513778209686e-02 6.848781555891036987e-02 5.621234886348247528e-03 1.682708784937858582e-02 1.892673783004283905e-02 1.235055103898048401e-01 2.428630925714969635e-02 2.215465158224105835e-02 2.092441357672214508e-02 4.525129869580268860e-02 1.008089259266853333e-02 7.677792105823755264e-03 4.126371443271636963e-02 4.226078744977712631e-03 1.845298521220684052e-02 1.168911624699831009e-02 1.484133861958980560e-02 4.064673185348510742e-02 2.673912560567259789e-03 5.471156165003776550e-02 1.275598257780075073e-02 4.480598960071802139e-03 3.245965018868446350e-02 3.472522599622607231e-03 4.517496377229690552e-02 7.843955606222152710e-02 4.066060855984687805e-02 2.798324637115001678e-02 3.759622573852539062e-02 1.011512130498886108e-01 2.525355294346809387e-02 1.778045855462551117e-02 2.446793764829635620e-02 9.023301303386688232e-02 4.387905076146125793e-02 1.846414506435394287e-01 1.783315092325210571e-02 2.121661789715290070e-02 2.569638425484299660e-03 1.027577444911003113e-01 4.773481935262680054e-02 3.755559772253036499e-02 2.036715112626552582e-02 1.492904964834451675e-03 3.074884787201881409e-02 6.268382072448730469e-03 1.924347691237926483e-02 5.778557620942592621e-03 3.245291113853454590e-02 9.671701118350028992e-03 3.155030310153961182e-02 3.096472285687923431e-02 3.858777135610580444e-02 2.523059258237481117e-03 2.996591664850711823e-02 4.887243360280990601e-02 2.585151232779026031e-02 1.092083938419818878e-02 1.027400503517128527e-04 3.713009878993034363e-02 2.351691760122776031e-02 6.553497165441513062e-02 1.378199923783540726e-02 1.431261468678712845e-02 8.721752092242240906e-03 3.041793219745159149e-02 5.249108653515577316e-03 1.072437223047018051e-02 3.877293691039085388e-02 1.710330718196928501e-03 1.441326737403869629e-02 4.231123998761177063e-02
3.652660921216011047e-02 7.421626150608062744e-02 8.705407381057739258e-03 1.176651683636009693e-03 2.172701992094516754e-03 9.357561171054840088e-02 1.074569895863533020e-01 3.110689856112003326e-02 2.190406061708927155e-02 1.362296380102634430e-02 2.178136706352233887e-01 6.612708419561386108e-02 1.462851762771606445e-01 4.044051840901374817e-02 3.899922966957092285e-02 4.331502423156052828e-04 1.481068506836891174e-02 3.045024536550045013e-02 5.092850700020790100e-02 1.443908922374248505e-02 4.684488847851753235e-02 5.521230399608612061e-02 1.615878939628601074e-02 2.845239453017711639e-02 5.310425534844398499e-03 1.797749195247888565e-03 2.310796082019805908e-02 3.855220600962638855e-02 5.266736075282096863e-02 3.440141305327415466e-02 8.008643239736557007e-02 7.527831941843032837e-02 3.156182914972305298e-02 6.970573961734771729e-02 3.898049518465995789e-02 2.827627398073673248e-02 6.586646288633346558e-02 3.507415577769279480e-02 1.058562938123941422e-02 8.754437789320945740e-03 1.175451185554265976e-02 9.324331767857074738e-03 4.795461520552635193e-02 3.411069512367248535e-02 6.228941679000854492e-02 2.587972767651081085e-02 1.047512516379356384e-01 6.788931787014007568e-02 1.912731863558292389e-02 1.726016588509082794e-02 1.763998158276081085e-02 6.609618198126554489e-03 3.188256919384002686e-02 3.589130192995071411e-02 4.849763587117195129e-03 3.217270597815513611e-02 5.655267462134361267e-02 3.268556296825408936e-02 4.600637778639793396e-02 1.975635811686515808e-02 4.116643965244293213e-02 5.109215900301933289e-02 1.338625233620405197e-02 1.246631611138582230e-02 5.291264504194259644e-02 4.691118001937866211e-02 5.304608121514320374e-02 6.072047725319862366e-02 3.282997757196426392e-02 3.161485493183135986e-02 1.078572124242782593e-02 8.361408486962318420e-03 3.059505298733711243e-02 2.272303216159343719e-02 1.340186595916748047e-02 1.033702492713928223e-02 1.263750251382589340e-02 1.603203453123569489e-02 2.647521905601024628e-02 1.390331331640481949e-02 1.700123585760593414e-02 2.584441099315881729e-03 4.357789084315299988e-02 6.715551018714904785e-02 3.530685231089591980e-02 5.145217478275299072e-02 4.595455154776573181e-02 2.059588208794593811e-02 6.229558214545249939e-02 5.120538920164108276e-02 3.336999192833900452e-02 5.404917150735855103e-02 1.974522136151790619e-02 2.568411268293857574e-02 4.978808388113975525e-02 5.077909305691719055e-02 3.544046357274055481e-02 9.754904545843601227e-03 7.197347283363342285e-02 6.176685541868209839e-02 6.919120252132415771e-02 1.042269822210073471e-02 1.157283040811307728e-04 1.937696151435375214e-02 4.446349292993545532e-02 6.857183296233415604e-03 1.799169369041919708e-02 1.042819954454898834e-02 2.244290336966514587e-02 4.766479879617691040e-02 1.294176746159791946e-02 3.606623783707618713e-02 5.238171666860580444e-02 1.314652524888515472e-02 1.097012311220169067e-02 1.298465393483638763e-02
4.485006257891654968e-02 3.599888831377029419e-02 8.530008792877197266e-02 4.579990170896053314e-03 3.557879972504451871e-05 6.466458737850189209e-02 7.400914281606674194e-02 1.999409170821309090e-03 5.856091901659965515e-02 3.457806631922721863e-02 6.612708419561386108e-02 1.636396795511245728e-01 2.279750071465969086e-03 2.490730285644531250e-01 2.364546991884708405e-02 1.304560992866754532e-02 1.329611521214246750e-02 3.621818125247955322e-02 2.874291036278009415e-03 4.215160384774208069e-02 2.586962468922138214e-02 2.432848559692502022e-03 1.232218667864799500e-01 8.263558149337768555e-02 3.877427801489830017e-02 5.086343735456466675e-02 1.272388920187950134e-02 1.658702194690704346e-01 2.354329638183116913e-02 1.771151721477508545e-01 2.456672117114067078e-02 4.560295026749372482e-03 1.254636608064174652e-02 5.240426957607269287e-02 1.268500555306673050e-02 1.898659206926822662e-02 3.674007207155227661e-02 2.164731360971927643e-02 2.717689611017704010e-02 5.146512761712074280e-03 3.558542579412460327e-02 3.665529936552047729e-02 4.844564199447631836e-02 1.424894034862518311e-01 6.734956800937652588e-02 2.784326113760471344e-02 2.514003962278366089e-02 2.399260550737380981e-02 2.421002602204680443e-03 8.852246217429637909e-03 5.101457610726356506e-02 7.259794324636459351e-02 5.123018845915794373e-02 5.185746774077415466e-02 5.990045890212059021e-02 2.647881163284182549e-03 1.244668196886777878e-02 2.639398165047168732e-02 1.532592438161373138e-02 4.976379685103893280e-03 7.693365961313247681e-02 1.897804252803325653e-02 4.514484666287899017e-03 3.822663426399230957e-02 2.640134654939174652e-02 2.078326791524887085e-02 2.091779746115207672e-02 1.215579919517040253e-03 7.160321809351444244e-03 1.362794265151023865e-02 4.788338392972946167e-02 3.667090460658073425e-02 7.717217318713665009e-03 1.851753890514373779e-02 9.948683902621269226e-03 5.481156334280967712e-02 3.626662492752075195e-02 9.375966154038906097e-03 2.557440102100372314e-02 5.951226875185966492e-02 9.911241941154003143e-03 2.193783596158027649e-02 1.001073420047760010e-02 1.145471073687076569e-02 3.007360361516475677e-02 2.819583378732204437e-02 6.409303843975067139e-02 1.416598353534936905e-02 6.268964707851409912e-02 9.270560741424560547e-02 4.932901263236999512e-02 9.750135242938995361e-03 7.850302755832672119e-02 1.180140767246484756e-02 5.918783135712146759e-03 3.110575117170810699e-02 2.186360582709312439e-02 8.270232938230037689e-03 3.302416205406188965e-02 5.409603565931320190e-02 9.550997056066989899e-03 2.572280168533325195e-02 2.822561189532279968e-02 3.906144062057137489e-03 8.472248911857604980e-03 3.722536563873291016e-02 3.369751945137977600e-02 3.264687955379486084e-02 3.128003329038619995e-02 4.785382375121116638e-02 4.093405976891517639e-02 3.070732019841670990e-02 2.237587422132492065e-02 3.247411176562309265e-02 1.655082963407039642e-02 5.508988630026578903e-03
7.571057230234146118e-02 1.426073312759399414e-01 6.979652494192123413e-02 5.113469902426004410e-03 1.024019066244363785e-02 1.200782731175422668e-01 1.418255120515823364e-01 5.440548434853553772e-02 6.458432879298925400e-03 2.187991328537464142e-02 1.462851762771606445e-01 2.279750071465969086e-03 2.735822796821594238e-01 1.203086599707603455e-02 6.582600623369216919e-02 8.620145730674266815e-03 8.760501630604267120e-03 1.372737903147935867e-02 1.543200854212045670e-02 4.956571012735366821e-02 5.779573693871498108e-02 6.197008863091468811e-02 5.552529546548612416e-05 1.272662729024887085e-02 3.412997582927346230e-03 1.007932983338832855e-02 6.064987275749444962e-03 9.694959037005901337e-03 2.933205477893352509e-02 8.507273159921169281e-03 8.702373504638671875e-02 5.250577256083488464e-02 7.618698477745056152e-02 4.570666328072547913e-02 2.390580624341964722e-02 8.587530814111232758e-03 7.490259408950805664e-02 6.834859400987625122e-02 5.728262010961771011e-03 2.432069368660449982e-02 3.841016441583633423e-03 5.408085137605667114e-02 6.664636731147766113e-02 1.581567805260419846e-03 9.104360640048980713e-02 4.228929802775382996e-02 1.161536201834678650e-01 7.638016343116760254e-02 3.105061501264572144e-02 1.263358630239963531e-02 4.054190218448638916e-02 3.339073434472084045e-02 5.636448413133621216e-02 6.702794879674911499e-02 1.854372955858707428e-02 2.633519703522324562e-03 3.817317634820938110e-02 7.036491762846708298e-03 5.753548443317413330e-02 3.088746219873428345e-02 1.934518106281757355e-02 8.789476938545703888e-03 1.349723525345325470e-02 2.892078831791877747e-02 4.048063978552818298e-02 3.702121600508689880e-02 2.657703123986721039e-02 5.867741256952285767e-02 1.635948754847049713e-02 6.250130012631416321e-03 2.024358138442039490e-02 2.921960083767771721e-03 7.463589310646057129e-03 5.438468419015407562e-03 7.907079532742500305e-03 1.737071434035897255e-03 2.843649685382843018e-02 1.073102653026580811e-02 3.970720991492271423e-02 3.837188705801963806e-02 2.469558268785476685e-02 6.245958153158426285e-03 1.886113733053207397e-02 2.194525115191936493e-02 2.177487360313534737e-03 1.614524237811565399e-02 3.033949807286262512e-02 2.413540706038475037e-02 4.117807745933532715e-02 3.685427084565162659e-02 1.673642545938491821e-02 5.045548081398010254e-02 2.594706416130065918e-02 2.628428116440773010e-02 2.902791090309619904e-02 1.672149635851383209e-02 4.135416354984045029e-03 1.589295640587806702e-02 1.212536473758518696e-03 2.619399502873420715e-02 1.236798334866762161e-02 1.773425936698913574e-02 4.290289431810379028e-02 4.742034897208213806e-02 3.420943766832351685e-02 8.887645788490772247e-03 2.070506289601325989e-02 1.031894702464342117e-02 6.253288127481937408e-03 2.459612302482128143e-02 1.034754887223243713e-02 5.934969987720251083e-03 1.496863830834627151e-02 7.286498695611953735e-02 1.955742016434669495e-03 1.114765647798776627e-02
