1.195811778306961060e-01 2.305494099855422974e-01 2.477361448109149933e-02 2.530209533870220184e-02 5.179516971111297607e-02 1.465466916561126709e-01 1.047701090574264526e-01 2.141609974205493927e-02 1.432806812226772308e-02 1.614123582839965820e-02 9.876953810453414917e-02 5.685468786396086216e-04 1.336413621902465820e-01 2.351472154259681702e-02 5.613892525434494019e-02 3.039593622088432312e-02 1.036669127643108368e-02 4.497873596847057343e-03 4.492146521806716919e-02 2.473103255033493042e-02 4.841847345232963562e-03 5.231214314699172974e-02 1.504151802510023117e-02 7.880711928009986877e-03 4.154761508107185364e-02 1.765775308012962341e-02 3.152511548250913620e-03 3.725845739245414734e-02 5.716941505670547485e-02 8.062536828219890594e-03 3.918449580669403076e-02 1.838463358581066132e-02 6.163238361477851868e-02 6.882082205265760422e-03 8.941541309468448162e-04 1.368039101362228394e-02 5.065586883574724197e-03 2.623480744659900665e-02 9.512835182249546051e-03 2.368023060262203217e-02 3.241280838847160339e-02 1.404066104441881180e-02 1.960163377225399017e-02 3.057470358908176422e-02 1.323984712362289429e-01 4.241586849093437195e-02 8.725561201572418213e-02 4.025249183177947998e-02 5.878399591892957687e-03 6.263251416385173798e-03 2.249862067401409149e-02 3.196953982114791870e-02 5.040037911385297775e-03 2.137942612171173096e-02 3.037562966346740723e-02 1.367367058992385864e-02 4.412475042045116425e-03 3.157898783683776855e-02 3.177854418754577637e-02 1.489377673715353012e-02 9.541988372802734375e-03 2.455440349876880646e-02 4.300275072455406189e-02 4.662844166159629822e-02 4.570527747273445129e-02 6.078193336725234985e-02 3.852323070168495178e-02 5.201821681112051010e-03 1.070543378591537476e-02 3.868948668241500854e-02 1.901369914412498474e-02 5.414758995175361633e-02 1.461801119148731232e-03 2.069588936865329742e-02 2.294995635747909546e-02 3.567164391279220581e-02 2.682926692068576813e-02 2.996841073036193848e-02 4.949983954429626465e-02 2.301261015236377716e-02 2.780960686504840851e-02 5.427565053105354309e-02 2.781681902706623077e-02 2.549146115779876709e-02 7.773631718009710312e-03 2.400200348347425461e-03 4.461923986673355103e-02 1.204822491854429245e-02 9.119530208408832550e-03 4.661726579070091248e-02 6.467604637145996094e-02 5.464777350425720215e-03 1.011944748461246490e-02 1.074626855552196503e-02 5.291623249650001526e-02 9.666146710515022278e-03 6.267005112022161484e-03 2.253716066479682922e-02 4.178512096405029297e-02 4.339809529483318329e-03 4.684219136834144592e-02 4.386551305651664734e-02 2.561406418681144714e-02 9.216403588652610779e-03 4.730714950710535049e-03 2.726437151432037354e-02 2.651934325695037842e-02 4.351413995027542114e-02 1.803414151072502136e-02 4.262324050068855286e-02 4.691425338387489319e-02 1.094480976462364197e-02 8.167994208633899689e-03 1.574506983160972595e-02 7.772240042686462402e-02 2.059595659375190735e-02
2.305494099855422974e-01 1.193658038973808289e-01 3.515182435512542725e-02 4.195911344140768051e-03 4.931615293025970459e-02 1.575613766908645630e-01 1.386099010705947876e-01 4.069265909492969513e-03 1.180660352110862732e-02 1.777109317481517792e-02 8.320376276969909668e-02 1.698387786746025085e-02 1.391546875238418579e-01 2.856298163533210754e-02 6.421206891536712646e-02 2.381587028503417969e-02 1.445983629673719406e-02 4.736360535025596619e-02 4.006846249103546143e-02 2.843654341995716095e-02 2.682916820049285889e-04 6.599151343107223511e-02 2.831635624170303345e-02 4.096217826008796692e-02 4.959589615464210510e-02 2.901835739612579346e-02 3.917500376701354980e-02 9.460172615945339203e-03 9.674471616744995117e-02 1.068524178117513657e-02 1.182646956294775009e-02 3.468736540526151657e-03 6.982282549142837524e-02 8.233260363340377808e-03 5.477720871567726135e-03 1.294769626110792160e-02 2.316077984869480133e-02 2.957540936768054962e-02 1.860819011926651001e-02 1.786424405872821808e-02 2.809902094304561615e-02 1.737019419670104980e-02 4.123095422983169556e-02 9.520003572106361389e-03 6.233111768960952759e-02 4.340612888336181641e-02 9.661534428596496582e-02 5.426717549562454224e-02 1.418459322303533554e-02 8.455428294837474823e-03 4.193583130836486816e-02 1.762853562831878662e-02 1.318366732448339462e-02 5.259119439870119095e-03 8.420461090281605721e-04 4.174247849732637405e-03 3.696452453732490540e-02 2.565735849202610552e-05 2.338637225329875946e-02 5.755558609962463379e-03 2.154532633721828461e-02 1.231263275258243084e-03 1.553464448079466820e-03 5.107920244336128235e-02 1.043431833386421204e-02 4.887474328279495239e-02 1.308955368585884571e-03 1.578993350267410278e-02 1.054827403277158737e-02 6.170709431171417236e-02 1.494998484849929810e-02 4.486787319183349609e-02 3.374937921762466431e-03 5.170898977667093277e-03 1.120929047465324402e-02 1.173164416104555130e-02 2.359196916222572327e-02 3.542698174715042114e-02 1.491412799805402756e-02 3.090711869299411774e-02 1.565718464553356171e-02 3.807951882481575012e-02 1.532193552702665329e-02 5.837567732669413090e-04 1.347407931461930275e-03 2.385513298213481903e-02 1.668105088174343109e-02 1.718193665146827698e-02 2.745808847248554230e-02 4.115746542811393738e-02 4.254967719316482544e-02 9.110712446272373199e-03 1.254108455032110214e-02 3.192672971636056900e-03 2.796073630452156067e-02 6.421403493732213974e-03 2.176607027649879456e-02 1.613855920732021332e-02 1.063756830990314484e-02 2.065211534500122070e-02 2.197464555501937866e-02 5.485701374709606171e-03 9.558350779116153717e-03 3.215830773115158081e-02 2.185554243624210358e-02 4.561877623200416565e-02 1.391866058111190796e-02 2.184560056775808334e-03 6.190304644405841827e-03 2.935142070055007935e-02 1.140452735126018524e-02 1.739503256976604462e-02 7.767829229123890400e-04 2.290161140263080597e-02 4.621299728751182556e-02 4.160643555223941803e-03
2.477361448109149933e-02 3.515182435512542725e-02 3.836974874138832092e-02 3.987619653344154358e-02 2.268720045685768127e-02 4.005500674247741699e-02 2.488034404814243317e-02 2.289735972881317139e-01 3.471079841256141663e-02 2.299517579376697540e-02 3.114930354058742523e-02 1.437263004481792450e-02 4.610201716423034668e-02 5.764569155871868134e-03 5.423225462436676025e-02 3.730605542659759521e-02 1.709435135126113892e-02 2.228694781661033630e-02 3.662125021219253540e-02 1.502796658314764500e-03 1.514171250164508820e-02 3.623283654451370239e-02 2.668645232915878296e-02 3.010163316503167152e-03 1.127914525568485260e-02 5.482739955186843872e-02 2.094252035021781921e-02 8.684040047228336334e-03 1.693413592875003815e-03 1.473816856741905212e-02 7.001856714487075806e-02 1.545955240726470947e-02 2.206036448478698730e-02 1.481506414711475372e-02 7.656946033239364624e-02 4.594105482101440430e-02 2.561989612877368927e-02 8.482711762189865112e-02 4.840054363012313843e-02 5.441194027662277222e-02 4.351814463734626770e-02 7.358651608228683472e-03 1.573322154581546783e-02 1.390584856271743774e-01 3.572262823581695557e-02 2.330163680016994476e-02 1.953499577939510345e-02 9.128067642450332642e-03 1.350913010537624359e-02 9.464149363338947296e-03 2.259428426623344421e-02 4.499527439475059509e-02 1.121714594773948193e-03 3.129786252975463867e-02 2.690890058875083923e-02 1.643859222531318665e-02 9.496074169874191284e-03 9.409309364855289459e-03 7.630636449903249741e-03 6.663628667593002319e-02 3.004321083426475525e-02 1.743282005190849304e-02 3.303475305438041687e-02 4.091348126530647278e-02 3.865210339426994324e-02 5.281431600451469421e-02 7.426840718835592270e-03 1.444464363157749176e-02 8.285931497812271118e-02 9.924928843975067139e-02 8.574742823839187622e-02 1.248450670391321182e-02 7.764086872339248657e-02 3.344384580850601196e-02 8.960250765085220337e-02 7.609757035970687866e-02 8.442332036793231964e-03 2.185137011110782623e-02 4.135990887880325317e-02 5.691041424870491028e-02 1.937675774097442627e-01 3.766477480530738831e-02 6.491763889789581299e-02 2.224597893655300140e-02 1.905371062457561493e-02 1.126709021627902985e-02 3.085978701710700989e-02 6.908421963453292847e-02 6.422436237335205078e-02 4.804095625877380371e-02 2.209338545799255371e-02 4.839870706200599670e-02 3.671705722808837891e-02 6.279696710407733917e-03 3.682696074247360229e-02 5.472410842776298523e-02 4.000674188137054443e-02 4.266906157135963440e-02 5.142916366457939148e-02 3.325460478663444519e-02 7.546219229698181152e-02 2.495408244431018829e-02 1.545238541439175606e-03 4.706224054098129272e-02 3.724747151136398315e-02 6.509601324796676636e-02 4.481778293848037720e-02 3.503450751304626465e-02 1.887512020766735077e-02 2.192836627364158630e-02 2.826852910220623016e-02 4.139737412333488464e-02 1.836623996496200562e-02 2.880529873073101044e-02 4.966065287590026855e-02 7.895888760685920715e-03
2.530209533870220184e-02 4.195911344140768051e-03 3.987619653344154358e-02 2.305237948894500732e-02 2.188453227281570435e-01 2.166516892611980438e-02 2.733881026506423950e-02 7.025930099189281464e-03 6.468442734330892563e-04 5.639527365565299988e-02 1.056149322539567947e-02 2.150323614478111267e-02 4.489104729145765305e-03 8.866311050951480865e-03 2.322393655776977539e-02 3.001642227172851562e-02 7.722158730030059814e-02 2.700738981366157532e-02 2.761867083609104156e-02 3.311751037836074829e-02 3.755637677386403084e-03 6.210470199584960938e-02 1.091854423284530640e-01 9.445492923259735107e-02 8.578019216656684875e-03 9.069538861513137817e-02 3.453591838479042053e-02 2.147080935537815094e-02 1.564533077180385590e-02 1.471401657909154892e-02 5.017229169607162476e-02 2.282130531966686249e-02 1.532164867967367172e-02 7.749758660793304443e-02 3.318957239389419556e-02 4.620221629738807678e-02 1.107205972075462341e-01 2.379054389894008636e-02 1.052887886762619019e-01 3.954729810357093811e-02 2.622330375015735626e-02 2.061058580875396729e-02 4.622482508420944214e-02 5.487406998872756958e-02 3.569830581545829773e-02 4.593788832426071167e-02 2.722637355327606201e-02 1.088414713740348816e-02 1.827873848378658295e-02 2.121784345945343375e-04 1.918323338031768799e-02 3.996645659208297729e-02 4.582627862691879272e-02 5.972100794315338135e-02 2.830591984093189240e-02 7.990323356352746487e-04 1.510156132280826569e-02 3.719140216708183289e-02 3.711762279272079468e-02 4.795978963375091553e-02 3.114165551960468292e-02 1.519638672471046448e-02 1.090718135237693787e-01 4.567931592464447021e-02 3.033824265003204346e-03 2.961253980174660683e-03 3.831663727760314941e-02 4.492785781621932983e-03 4.779390059411525726e-03 7.088658213615417480e-02 9.387874603271484375e-02 4.516621679067611694e-02 2.034760713577270508e-01 4.337854916229844093e-04 3.024885989725589752e-02 8.071698248386383057e-03 5.439288541674613953e-02 2.794035896658897400e-02 3.038542531430721283e-02 4.461524635553359985e-02 6.808741390705108643e-02 1.250369660556316376e-02 5.157281085848808289e-02 4.534754902124404907e-02 2.687769383192062378e-02 8.773997426033020020e-02 4.785970970988273621e-02 3.647385910153388977e-02 1.248553581535816193e-02 9.263307601213455200e-02 4.177513532340526581e-03 7.153631001710891724e-02 8.539795875549316406e-03 3.579384088516235352e-02 5.263739824295043945e-02 2.690006792545318604e-02 6.956881261430680752e-04 3.028583712875843048e-02 8.130912482738494873e-02 5.269293487071990967e-02 1.324845571070909500e-02 1.755645498633384705e-02 1.218740362673997879e-02 5.483664572238922119e-03 1.507341954857110977e-02 6.013751029968261719e-02 4.912745207548141479e-02 1.627035811543464661e-02 6.011976674199104309e-02 2.404133602976799011e-02 1.919232308864593506e-03 5.137497186660766602e-02 9.013273753225803375e-03 2.235942892730236053e-02 3.362021641805768013e-03 1.625925153493881226e-01
5.179516971111297607e-02 4.931615293025970459e-02 2.268720045685768127e-02 2.188453227281570435e-01 8.868221193552017212e-03 3.579821065068244934e-02 3.201514855027198792e-02 5.485651269555091858e-02 2.690070681273937225e-02 5.305108055472373962e-02 4.581260436680167913e-04 5.560442432761192322e-02 4.288497194647789001e-02 4.585036542266607285e-03 5.230583995580673218e-02 8.815664052963256836e-02 6.129835918545722961e-02 3.539444878697395325e-02 3.847408294677734375e-02 4.795960709452629089e-02 7.318655960261821747e-03 3.513310104608535767e-03 3.408447839319705963e-03 1.731274649500846863e-02 1.989752799272537231e-02 9.219047613441944122e-03 3.647866845130920410e-02 3.869503363966941833e-02 5.567437782883644104e-02 4.068911075592041016e-02 4.771308228373527527e-02 2.709075622260570526e-02 2.712790854275226593e-02 6.344649940729141235e-02 6.693395227193832397e-02 5.003609880805015564e-02 7.537190616130828857e-02 4.548629373311996460e-02 7.621154934167861938e-02 1.716056466102600098e-01 5.110926553606987000e-02 3.939393162727355957e-02 1.676306314766407013e-02 6.984601169824600220e-02 4.717431217432022095e-02 5.017331987619400024e-02 2.271875925362110138e-02 3.014899976551532745e-02 3.551647439599037170e-02 1.144477259367704391e-02 3.079746477305889130e-02 3.605937957763671875e-02 1.519882120192050934e-03 1.114790290594100952e-01 6.833752989768981934e-02 8.970912545919418335e-02 1.014794502407312393e-02 3.845413029193878174e-02 3.687113896012306213e-02 4.076554998755455017e-02 1.610378362238407135e-02 9.154237806797027588e-02 9.527816623449325562e-02 1.839514449238777161e-02 1.360244862735271454e-02 7.954940944910049438e-02 3.524127230048179626e-02 4.339563846588134766e-02 3.072695620357990265e-02 2.061992697417736053e-02 4.005386680364608765e-02 3.990520257502794266e-03 8.085991442203521729e-02 6.603395938873291016e-02 7.404910027980804443e-02 2.122224494814872742e-02 4.743088502436876297e-04 6.428592652082443237e-02 1.142493821680545807e-02 7.450713217258453369e-02 7.992217317223548889e-03 2.374663390219211578e-02 5.913263652473688126e-03 1.127588674426078796e-01 3.664117678999900818e-02 5.519377440214157104e-02 4.687971249222755432e-02 6.548973917961120605e-02 8.114683628082275391e-02 3.241110220551490784e-02 2.871182980015873909e-03 2.521790191531181335e-02 1.833301596343517303e-02 3.220190480351448059e-02 1.526527479290962219e-02 5.411114078015089035e-03 1.824187114834785461e-02 1.140819024294614792e-02 2.706881053745746613e-02 6.936989258974790573e-03 2.415104024112224579e-02 6.155973672866821289e-02 3.193842619657516479e-02 2.400174550712108612e-02 6.725212186574935913e-02 2.911595441401004791e-02 4.978326335549354553e-02 1.271337419748306274e-01 8.763018995523452759e-02 7.134607434272766113e-02 5.661529302597045898e-02 3.429514914751052856e-02 3.311722725629806519e-02 1.058173924684524536e-01 9.852991439402103424e-03 7.383091002702713013e-02
1.465466916561126709e-01 1.575613766908645630e-01 4.005500674247741699e-02 2.166516892611980438e-02 3.579821065068244934e-02 9.501149505376815796e-02 1.700566858053207397e-01 5.059632658958435059e-02 4.357866197824478149e-02 5.991886369884014130e-03 1.061486825346946716e-01 1.044768244028091431e-01 9.004932641983032227e-02 8.223615586757659912e-02 1.559683959931135178e-02 2.921842038631439209e-02 2.542217448353767395e-02 4.667934775352478027e-02 2.751051820814609528e-02 1.564197428524494171e-02 2.978208474814891815e-02 2.493054419755935669e-02 2.499349601566791534e-02 3.961329534649848938e-02 1.766107790172100067e-02 1.108886860311031342e-02 6.288079544901847839e-03 6.196308508515357971e-02 4.932432994246482849e-02 4.558033868670463562e-02 6.689427793025970459e-02 5.941520445048809052e-03 1.369995065033435822e-02 2.424927987158298492e-02 6.142722442746162415e-03 1.515827607363462448e-02 1.152628194540739059e-02 5.633070319890975952e-02 4.858873318880796432e-03 2.255848795175552368e-02 1.155307982116937637e-02 2.407127805054187775e-02 5.233971402049064636e-02 6.627740710973739624e-02 1.632706634700298309e-02 3.456095233559608459e-02 1.093332543969154358e-01 6.157754734158515930e-02 3.650848194956779480e-02 4.417514801025390625e-02 8.825979195535182953e-03 3.485876321792602539e-02 3.193734213709831238e-03 7.789613679051399231e-03 3.787982044741511345e-03 1.757370680570602417e-02 1.068671408575028181e-04 2.224918827414512634e-02 9.661064483225345612e-03 1.701174117624759674e-02 3.291995078325271606e-02 2.728801220655441284e-02 4.055817797780036926e-02 3.299587965011596680e-02 9.535300545394420624e-03 4.660779237747192383e-02 1.308071427047252655e-02 3.408687189221382141e-02 6.088301539421081543e-03 1.167865586467087269e-03 1.621787552721798420e-03 1.006056182086467743e-02 3.020295128226280212e-02 1.582428812980651855e-02 2.084027975797653198e-02 2.654868550598621368e-02 4.024747386574745178e-02 4.424617625772953033e-03 8.036001585423946381e-03 3.120843507349491119e-02 6.994146970100700855e-04 2.396171912550926208e-02 2.467017807066440582e-02 5.200196802616119385e-02 1.334705203771591187e-02 3.065497055649757385e-02 3.537493944168090820e-02 5.399839952588081360e-02 6.362232565879821777e-02 2.165488153696060181e-02 3.323623386677354574e-04 2.451212517917156219e-02 1.622265763580799103e-02 3.250671317800879478e-03 7.534795906394720078e-03 6.133131217211484909e-03 4.664158448576927185e-02 5.887018144130706787e-02 2.814981387928128242e-03 3.576333820819854736e-02 5.179839953780174255e-02 1.019936613738536835e-02 6.402474641799926758e-02 2.262323722243309021e-02 3.932392597198486328e-02 4.447955265641212463e-02 1.848437264561653137e-02 4.517951235175132751e-02 4.732124879956245422e-02 5.865050107240676880e-02 1.805546320974826813e-02 1.487740036100149155e-02 9.353729896247386932e-03 6.056608166545629501e-03 5.139112472534179688e-03 4.237905517220497131e-02
1.047701090574264526e-01 1.386099010705947876e-01 2.488034404814243317e-02 2.733881026506423950e-02 3.201514855027198792e-02 1.700566858053207397e-01 7.892933487892150879e-02 4.650411009788513184e-02 6.311993929557502270e-04 2.290746942162513733e-02 1.267139613628387451e-01 5.119064450263977051e-02 7.438288629055023193e-02 6.678501516580581665e-02 1.776133477687835693e-02 1.138711534440517426e-02 5.620345938950777054e-03 7.673770654946565628e-03 1.014287583529949188e-02 3.304518759250640869e-02 1.349838171154260635e-02 7.722039520740509033e-02 2.002518624067306519e-02 4.001900181174278259e-02 6.393079180270433426e-03 1.423802133649587631e-02 6.287254393100738525e-02 4.980085045099258423e-02 3.035549446940422058e-02 1.694298535585403442e-02 2.972238510847091675e-02 2.074250392615795135e-02 1.838470250368118286e-02 2.134027518332004547e-02 9.908435167744755745e-04 2.706984244287014008e-02 2.052673138678073883e-02 7.387114223092794418e-03 6.209158152341842651e-02 9.816051460802555084e-03 3.252793848514556885e-02 2.527801133692264557e-02 5.657674744725227356e-02 3.118029050529003143e-02 4.601767659187316895e-02 6.631988286972045898e-02 9.210807830095291138e-02 1.372645646333694458e-01 1.085657905787229538e-02 2.527830377221107483e-02 1.589246280491352081e-02 1.751309260725975037e-03 8.803102187812328339e-03 3.373748436570167542e-02 1.655528903938829899e-03 1.161257550120353699e-02 2.115203067660331726e-03 2.290804870426654816e-02 3.650212660431861877e-02 1.573010906577110291e-02 5.481292679905891418e-02 1.006308384239673615e-02 3.230112779419869184e-04 7.334086298942565918e-02 6.322465837001800537e-03 3.822737187147140503e-02 1.633817143738269806e-02 3.778144018724560738e-03 2.035426162183284760e-02 5.287590250372886658e-02 9.197320789098739624e-03 5.626851320266723633e-02 2.072605863213539124e-02 4.127316921949386597e-02 8.081170730292797089e-03 2.508421987295150757e-02 7.870809175074100494e-03 1.948067732155323029e-02 2.097441628575325012e-02 5.379762500524520874e-02 6.198582798242568970e-02 2.795036695897579193e-02 1.849658042192459106e-02 2.122371643781661987e-02 3.232100280001759529e-04 9.394777007400989532e-03 6.484176963567733765e-03 3.447029367089271545e-02 4.787370935082435608e-02 3.113484941422939301e-02 6.775274872779846191e-03 2.362152002751827240e-02 3.883859841153025627e-03 3.842725604772567749e-02 6.489026546478271484e-02 7.619608193635940552e-02 5.153714865446090698e-02 5.790337175130844116e-02 6.523014977574348450e-03 2.285381080582737923e-03 3.114873357117176056e-02 3.800545260310173035e-02 2.914702147245407104e-02 2.925435453653335571e-02 1.519467122852802277e-02 2.007798850536346436e-02 2.934498339891433716e-02 3.067748993635177612e-02 6.886078044772148132e-03 6.206892803311347961e-02 1.392736379057168961e-02 8.803270757198333740e-03 3.670085221529006958e-02 2.522458881139755249e-02 4.312905669212341309e-02 1.234891451895236969e-02
2.141609974205493927e-02 4.069265909492969513e-03 2.289735972881317139e-01 7.025930099189281464e-03 5.485651269555091858e-02 5.059632658958435059e-02 4.650411009788513184e-02 3.935554996132850647e-02 3.552391380071640015e-02 3.056494519114494324e-02 4.832321032881736755e-02 3.819916024804115295e-02 2.109090983867645264e-02 1.218924019485712051e-02 4.468588903546333313e-02 1.844122819602489471e-02 1.103166118264198303e-02 8.110643178224563599e-02 5.332388449460268021e-03 3.116674907505512238e-02 5.953469127416610718e-02 5.237485840916633606e-02 3.676489740610122681e-02 2.295717783272266388e-02 1.523576863110065460e-02 1.918005757033824921e-02 6.070016324520111084e-02 3.951041027903556824e-02 1.723772659897804260e-02 2.707621082663536072e-02 3.857596591114997864e-02 1.537497341632843018e-02 3.835370391607284546e-02 5.645632371306419373e-02 1.998105272650718689e-02 6.744329631328582764e-02 6.769078969955444336e-02 1.179049834609031677e-01 6.203974783420562744e-02 3.710990771651268005e-03 6.738541275262832642e-02 4.639942944049835205e-02 1.408950239419937134e-02 1.608231663703918457e-02 3.065406717360019684e-02 4.316618200391530991e-03 7.147067785263061523e-02 4.554854705929756165e-02 5.069811642169952393e-02 1.565418206155300140e-02 1.384634617716073990e-02 7.324400357902050018e-04 2.658738009631633759e-02 1.849815808236598969e-02 1.418593892594799399e-04 4.649084992706775665e-03 1.529935933649539948e-02 1.292159222066402435e-02 4.182513803243637085e-02 4.107389226555824280e-02 1.409000996500253677e-02 2.451961673796176910e-02 4.436444491147994995e-02 9.461192414164543152e-03 7.264072075486183167e-03 6.953977048397064209e-02 4.180989414453506470e-02 5.729304999113082886e-02 7.727608084678649902e-02 6.039050058461725712e-04 4.087129235267639160e-02 4.433635156601667404e-03 3.708780929446220398e-02 4.236204549670219421e-02 5.336510390043258667e-02 2.621344849467277527e-02 3.597763925790786743e-02 1.978262513875961304e-02 2.114585787057876587e-02 6.475011259317398071e-02 1.874676644802093506e-01 1.330317109823226929e-01 3.996995836496353149e-02 2.580648101866245270e-02 5.853326991200447083e-02 6.258857250213623047e-02 1.126693040132522583e-01 5.578290671110153198e-02 1.576987281441688538e-02 5.419421195983886719e-02 1.051442697644233704e-02 3.476283326745033264e-02 4.013385996222496033e-02 2.459737239405512810e-03 2.177568618208169937e-03 3.051633574068546295e-02 1.918293535709381104e-02 1.522957067936658859e-02 4.629556555300951004e-03 6.360507011413574219e-02 9.210827201604843140e-02 5.566412210464477539e-02 3.929806873202323914e-03 2.150424011051654816e-02 5.925654992461204529e-02 1.103076967410743237e-03 5.082474648952484131e-02 4.396129027009010315e-02 6.100355461239814758e-02 4.963691160082817078e-02 2.994093485176563263e-02 4.648376256227493286e-02 1.001166831701993942e-02 7.912524044513702393e-02 2.885228395462036133e-02 1.565748639404773712e-02
1.432806812226772308e-02 1.180660352110862732e-02 3.471079841256141663e-02 6.468442734330892563e-04 2.690070681273937225e-02 4.357866197824478149e-02 6.311993929557502270e-04 3.552391380071640015e-02 4.061289131641387939e-02 7.200807332992553711e-02 4.116239491850137711e-03 1.705228537321090698e-02 4.902403336018323898e-03 1.111632212996482849e-02 1.253477111458778381e-02 8.565206080675125122e-02 3.603229997679591179e-03 3.027025377377867699e-03 4.948863759636878967e-03 1.611382886767387390e-02 1.095400098711252213e-02 1.023034099489450455e-02 8.563584834337234497e-02 6.597124785184860229e-02 2.468249760568141937e-02 2.522685565054416656e-02 5.159098189324140549e-03 2.192500606179237366e-02 3.817389532923698425e-02 2.732091397047042847e-02 2.602116204798221588e-02 7.107057422399520874e-02 1.093800459057092667e-02 4.488229285925626755e-03 7.055132836103439331e-02 1.364552788436412811e-02 1.852578483521938324e-02 8.480997756123542786e-03 1.604384183883666992e-02 1.606586761772632599e-02 3.912254795432090759e-02 2.090825699269771576e-03 5.184069741517305374e-03 2.244853973388671875e-02 3.918482922017574310e-03 3.072020597755908966e-03 1.837255060672760010e-02 3.540143370628356934e-02 1.290872395038604736e-01 3.827661275863647461e-02 6.897659599781036377e-02 4.702942073345184326e-02 1.546814199537038803e-02 5.132962390780448914e-02 1.541877835988998413e-01 9.221929125487804413e-03 4.546822234988212585e-02 4.967474192380905151e-02 3.038572892546653748e-02 3.208650974556803703e-03 1.206862628459930420e-01 5.339302867650985718e-02 3.042567707598209381e-02 2.151338942348957062e-02 1.016275212168693542e-02 4.143758863210678101e-02 3.147486597299575806e-02 2.847574464976787567e-02 1.206521838903427124e-01 3.603176772594451904e-02 7.456635683774948120e-02 1.008242890238761902e-01 2.738014981150627136e-02 4.897103086113929749e-02 4.844816029071807861e-02 9.112433344125747681e-02 1.895776838064193726e-01 4.378968104720115662e-02 9.658888727426528931e-02 1.820468157529830933e-02 9.671950712800025940e-03 2.833918109536170959e-02 1.885860413312911987e-02 1.245856471359729767e-02 3.058716841042041779e-02 1.791999302804470062e-02 5.147246643900871277e-03 3.152132406830787659e-02 1.069075148552656174e-02 2.718217857182025909e-02 4.891691356897354126e-02 2.648057416081428528e-02 7.755532395094633102e-03 9.786348789930343628e-03 8.052071183919906616e-02 2.102918736636638641e-02 2.979224547743797302e-02 1.070217266678810120e-01 2.493465784937143326e-03 4.202803596854209900e-02 2.145558781921863556e-02 7.383320014923810959e-03 4.331674426794052124e-02 5.286594107747077942e-02 3.070226125419139862e-02 6.432972848415374756e-02 1.156731508672237396e-02 5.853566899895668030e-02 1.142667513340711594e-02 7.728169672191143036e-03 1.792993396520614624e-02 2.265193313360214233e-02 7.440202869474887848e-03 8.855941891670227051e-02 5.309933423995971680e-02 5.432329699397087097e-02
1.614123582839965820e-02 1.777109317481517792e-02 2.299517579376697540e-02 5.639527365565299988e-02 5.305108055472373962e-02 5.991886369884014130e-03 2.290746942162513733e-02 3.056494519114494324e-02 7.200807332992553711e-02 3.062600083649158478e-02 7.338452618569135666e-03 2.083032950758934021e-02 6.374243646860122681e-03 9.588301926851272583e-02 2.298007160425186157e-02 1.431039720773696899e-02 4.436298459768295288e-02 1.667524687945842743e-02 1.011303961277008057e-01 4.069011285901069641e-02 2.178064733743667603e-02 3.559547662734985352e-02 1.445385254919528961e-02 1.021713316440582275e-01 8.344235830008983612e-03 2.550307847559452057e-02 3.280184790492057800e-02 3.894390910863876343e-02 4.313460737466812134e-02 4.330787435173988342e-02 6.033398956060409546e-02 1.239558495581150055e-02 2.631670609116554260e-02 2.209411375224590302e-02 1.038999762386083603e-02 3.345058858394622803e-02 3.898747637867927551e-02 7.322209421545267105e-05 3.774093464016914368e-02 1.612447388470172882e-02 8.756067603826522827e-02 3.157319128513336182e-02 9.984248317778110504e-03 1.191958971321582794e-02 1.375779788941144943e-02 3.454147372394800186e-04 3.031777404248714447e-02 5.322208628058433533e-02 1.138567272573709488e-02 5.669657886028289795e-02 4.543338436633348465e-03 5.715923849493265152e-03 3.517796285450458527e-03 3.442160412669181824e-02 4.534824402071535587e-04 9.560879319906234741e-02 5.126661807298660278e-02 1.252046227455139160e-01 1.853933744132518768e-02 1.331776962615549564e-03 2.685867436230182648e-02 4.614153876900672913e-02 1.460298802703619003e-02 4.649742972105741501e-03 3.472692519426345825e-02 3.628137707710266113e-02 4.241633042693138123e-02 3.279573097825050354e-02 4.199063405394554138e-02 4.648731276392936707e-02 1.201102510094642639e-01 7.103971205651760101e-03 5.876678600907325745e-02 2.590077184140682220e-02 6.671634316444396973e-02 6.341483443975448608e-02 3.504942357540130615e-02 2.091206759214401245e-01 8.641172945499420166e-02 6.389886885881423950e-02 3.926157578825950623e-02 3.085334226489067078e-02 9.018521755933761597e-02 9.620666503906250000e-02 5.072001367807388306e-02 1.103885024785995483e-01 8.353142067790031433e-03 1.437538769096136093e-02 4.415371641516685486e-02 2.470888197422027588e-02 2.262581326067447662e-02 3.968058526515960693e-02 3.570111468434333801e-02 5.256671458482742310e-02 4.606845229864120483e-02 4.391989484429359436e-02 5.934680998325347900e-02 9.619058668613433838e-02 3.968189284205436707e-02 5.197129398584365845e-02 3.648426011204719543e-02 6.514004897326231003e-03 3.402392566204071045e-02 1.143320426344871521e-01 1.664403825998306274e-02 1.400086563080549240e-02 4.569679498672485352e-02 4.262290149927139282e-02 3.964623436331748962e-02 4.264291375875473022e-02 3.215163946151733398e-02 6.824888288974761963e-02 3.387707844376564026e-02 4.491580184549093246e-03 3.323392942547798157e-02 3.023281320929527283e-02
9.876953810453414917e-02 8.320376276969909668e-02 3.114930354058742523e-02 1.056149322539567947e-02 4.581260436680167913e-04 1.061486825346946716e-01 1.267139613628387451e-01 4.832321032881736755e-02 4.116239491850137711e-03 7.338452618569135666e-03 7.498107105493545532e-02 5.016124993562698364e-02 8.819783478975296021e-02 2.044347859919071198e-02 5.347267538309097290e-02 2.507550525479018688e-04 8.796730078756809235e-03 5.103536322712898254e-02 3.739978373050689697e-02 5.261014401912689209e-02 3.937208279967308044e-02 3.869986534118652344e-02 3.399432823061943054e-02 1.824629865586757660e-02 1.076401863247156143e-02 4.938932135701179504e-02 1.234912220388650894e-02 7.743430789560079575e-03 1.985859125852584839e-02 1.157785765826702118e-02 6.729267537593841553e-02 2.814714424312114716e-02 3.834465518593788147e-02 3.843871504068374634e-02 5.224512889981269836e-02 1.940622925758361816e-02 7.599919568747282028e-03 2.492767199873924255e-02 2.642331272363662720e-02 4.361639171838760376e-02 4.185954853892326355e-02 2.419717982411384583e-02 6.890780478715896606e-02 9.864653460681438446e-03 1.161102205514907837e-02 2.480754069983959198e-02 6.948895007371902466e-02 3.372777998447418213e-02 7.849225774407386780e-03 3.832419961690902710e-02 1.410984341055154800e-02 2.696794457733631134e-02 2.173675596714019775e-02 5.744748283177614212e-03 2.220326475799083710e-02 1.152771431952714920e-02 2.784339245408773422e-03 3.819410502910614014e-02 3.358774259686470032e-02 1.391278579831123352e-02 2.142468474630732089e-05 1.125790551304817200e-02 2.468063961714506149e-03 4.624015092849731445e-02 1.874150894582271576e-02 4.723736271262168884e-02 3.489379957318305969e-02 1.150950323790311813e-02 9.075116366147994995e-03 8.080276101827621460e-02 1.022389065474271774e-02 1.722218096256256104e-02 9.524445980787277222e-03 5.076833814382553101e-02 1.167801581323146820e-02 1.814448391087353230e-03 1.655543781816959381e-02 4.943891987204551697e-02 5.236773565411567688e-02 1.308865658938884735e-02 8.217744529247283936e-03 3.336846083402633667e-02 3.770922496914863586e-02 3.382715210318565369e-02 4.615217074751853943e-02 1.954794116318225861e-02 9.650419652462005615e-02 3.381093963980674744e-02 2.071996033191680908e-02 1.190864248201251030e-03 3.451393544673919678e-02 5.747328326106071472e-02 2.811020240187644958e-02 3.774520754814147949e-02 8.255822584033012390e-03 2.328758127987384796e-02 6.396183278411626816e-03 7.567842304706573486e-02 1.382799702696502209e-03 8.733245544135570526e-03 1.429385971277952194e-02 2.665221225470304489e-03 6.516423076391220093e-03 1.485659647732973099e-02 1.134460978209972382e-02 4.443154856562614441e-02 6.682558357715606689e-02 2.348861657083034515e-02 2.480099536478519440e-02 6.065633520483970642e-02 1.706210896372795105e-03 4.420057684183120728e-02 2.878345316275954247e-03 2.019349671900272369e-02 5.646509677171707153e-02 6.066483631730079651e-02
5.685468786396086216e-04 1.698387786746025085e-02 1.437263004481792450e-02 2.150323614478111267e-02 5.560442432761192322e-02 1.044768244028091431e-01 5.119064450263977051e-02 3.819916024804115295e-02 1.705228537321090698e-02 2.083032950758934021e-02 5.016124993562698364e-02 2.322298102080821991e-02 7.200695574283599854e-03 2.791414856910705566e-01 4.733054712414741516e-02 8.752788417041301727e-03 4.407550767064094543e-02 2.296471269801259041e-03 1.082655740901827812e-03 2.639329759404063225e-03 3.200804814696311951e-02 1.608817256055772305e-03 5.111939832568168640e-02 1.916219363920390606e-03 5.158449057489633560e-03 3.679465129971504211e-02 1.661220751702785492e-02 1.766869127750396729e-01 1.544463913887739182e-03 1.353130787611007690e-01 4.210794344544410706e-02 3.456864040344953537e-03 5.517430603504180908e-02 2.063776925206184387e-02 5.585882440209388733e-02 4.590572416782379150e-02 1.304578781127929688e-02 1.975195296108722687e-02 4.424274340271949768e-02 1.786298817023634911e-03 2.121288329362869263e-02 3.760248795151710510e-02 1.345574557781219482e-01 1.089108362793922424e-01 3.745987266302108765e-02 1.404052693396806717e-02 3.899266570806503296e-02 3.950046002864837646e-02 3.099691495299339294e-02 1.180748362094163895e-02 1.647339900955557823e-03 4.055065568536520004e-03 2.244577743113040924e-02 3.974470868706703186e-02 1.434585731476545334e-02 1.623561978340148926e-02 7.282070815563201904e-02 2.973444946110248566e-02 3.974795714020729065e-02 3.955740015953779221e-03 6.797521840780973434e-03 6.397523730993270874e-02 4.832165315747261047e-02 6.822574418038129807e-03 1.162363588809967041e-02 4.860872030258178711e-02 7.738298270851373672e-03 1.108582597225904465e-02 4.488816857337951660e-02 1.519135572016239166e-02 5.496080592274665833e-02 2.600252069532871246e-02 6.172831356525421143e-02 5.463659297674894333e-03 8.502796292304992676e-03 2.730788290500640869e-02 1.050750240683555603e-01 7.875982671976089478e-02 6.960491836071014404e-02 1.817554421722888947e-02 1.215556170791387558e-02 6.740173790603876114e-03 9.279133379459381104e-02 4.749488458037376404e-02 5.126837268471717834e-02 3.248368203639984131e-02 5.062102898955345154e-02 4.399641603231430054e-02 1.590712070465087891e-01 4.081482812762260437e-02 3.482332825660705566e-02 5.547941103577613831e-02 2.098709158599376678e-02 3.582318499684333801e-02 3.455718979239463806e-03 2.865194156765937805e-02 2.409080974757671356e-02 4.340958222746849060e-02 5.491405352950096130e-02 1.659840904176235199e-02 2.693153917789459229e-02 3.421030193567276001e-02 3.553996235132217407e-02 2.833153307437896729e-02 7.045044004917144775e-02 5.649239569902420044e-02 3.216444700956344604e-02 7.625922560691833496e-03 3.764455020427703857e-02 2.507488243281841278e-02 2.531504817306995392e-02 7.436896860599517822e-02 4.069851711392402649e-02 9.962739795446395874e-02 6.635265797376632690e-02 1.218955591320991516e-01
1.336413621902465820e-01 1.391546875238418579e-01 4.610201716423034668e-02 4.489104729145765305e-03 4.288497194647789001e-02 9.004932641983032227e-02 7.438288629055023193e-02 2.109090983867645264e-02 4.902403336018323898e-03 6.374243646860122681e-03 8.819783478975296021e-02 7.200695574283599854e-03 1.251996308565139771e-01 8.179123396985232830e-04 7.237549871206283569e-02 1.216571591794490814e-02 8.741765283048152924e-03 6.936979480087757111e-03 2.071566320955753326e-02 1.760591380298137665e-02 5.429217126220464706e-04 9.411815553903579712e-02 3.700908040627837181e-03 2.351575240027159452e-04 2.650535106658935547e-02 3.386742994189262390e-02 2.981871180236339569e-02 3.472972288727760315e-02 6.691119074821472168e-02 2.096486045047640800e-03 3.673798218369483948e-02 2.880084887146949768e-02 3.154279431328177452e-03 3.408795967698097229e-02 2.799604833126068115e-02 2.504899911582469940e-02 1.663396134972572327e-02 2.085878327488899231e-02 2.403175830841064453e-02 7.064457982778549194e-03 3.524560481309890747e-02 6.190648768097162247e-03 3.724518045783042908e-02 4.943722859025001526e-02 7.402814179658889771e-02 8.699543029069900513e-02 8.320219814777374268e-02 7.382253557443618774e-02 4.343566298484802246e-02 1.761401258409023285e-02 2.440756373107433319e-02 1.195432338863611221e-02 2.363781258463859558e-02 9.070063242688775063e-04 3.979022055864334106e-02 1.756501384079456329e-02 8.605713956058025360e-03 1.549679040908813477e-02 4.560576006770133972e-02 1.290874835103750229e-02 3.014850243926048279e-02 1.636163890361785889e-02 7.375198416411876678e-03 1.862577907741069794e-02 7.393776904791593552e-03 1.049065887928009033e-01 1.217323355376720428e-02 3.649806231260299683e-02 1.105403155088424683e-02 5.777300894260406494e-02 8.203664910979568958e-04 1.457129511982202530e-02 1.842497265897691250e-03 4.245593026280403137e-02 1.165387965738773346e-02 2.981197461485862732e-02 1.619467698037624359e-02 1.894070766866207123e-02 4.596042260527610779e-02 1.349403755739331245e-03 2.424537949264049530e-02 4.006326943635940552e-02 4.775623232126235962e-02 1.755641587078571320e-02 2.557260170578956604e-02 1.214488781988620758e-02 4.376672208309173584e-02 2.557809092104434967e-02 2.699460834264755249e-02 2.376323938369750977e-02 7.423521578311920166e-02 4.842645674943923950e-02 1.861610449850559235e-02 5.480446293950080872e-02 2.545937523245811462e-02 1.007658801972866058e-02 3.466724604368209839e-02 5.299748387187719345e-03 8.198412135243415833e-03 4.691078793257474899e-03 4.346869513392448425e-02 4.803713411092758179e-02 3.084607422351837158e-02 6.285387277603149414e-02 1.925477199256420135e-02 1.157201454043388367e-02 2.192897535860538483e-02 6.825227290391921997e-02 5.018059164285659790e-03 1.617634203284978867e-03 2.498753741383552551e-02 1.887279562652111053e-02 4.173589870333671570e-02 2.004910446703433990e-02 3.958332538604736328e-02 3.342165052890777588e-02
