3.791712224483489990e-04 1.251603066921234131e-01 3.325373865664005280e-03 1.935263909399509430e-02 2.997007407248020172e-02 7.749608159065246582e-02 1.566057652235031128e-02 4.291557415854185820e-04 5.712535604834556580e-02 1.046259142458438873e-02 1.211178302764892578e-01 4.594089090824127197e-02 8.335715532302856445e-02 7.909567095339298248e-03 3.612739266827702522e-03 1.817461475729942322e-02 6.268002558499574661e-03 1.788521534763276577e-03 2.042513340711593628e-03 3.105556406080722809e-02 2.894336543977260590e-02 2.024926245212554932e-02 1.604001782834529877e-02 4.658009111881256104e-02 3.790563717484474182e-02 1.121835038065910339e-02 3.124034963548183441e-02 7.984001189470291138e-02 3.795443475246429443e-02 4.556674510240554810e-02 1.280845026485621929e-03 1.478775870054960251e-02 7.716631982475519180e-03 2.695651724934577942e-03 5.154810100793838501e-02 2.676672674715518951e-02 3.975599259138107300e-02 2.692847326397895813e-02 1.992142014205455780e-02 1.118344720453023911e-02 5.085346847772598267e-02 4.662065953016281128e-02 4.557560384273529053e-02 4.599362984299659729e-02 4.558891057968139648e-02 4.076989740133285522e-02 6.725640036165714264e-03 1.488143578171730042e-02 4.154597409069538116e-03 1.818147115409374237e-02 1.047992985695600510e-02 8.620630018413066864e-03 5.183637887239456177e-02 6.163465976715087891e-02 2.582912147045135498e-02 3.180708736181259155e-02 3.376486897468566895e-02 2.200904302299022675e-02 5.869173258543014526e-02 3.776830621063709259e-03 1.319874357432126999e-02 3.885853290557861328e-02 3.465963155031204224e-02 5.172034353017807007e-02 1.478631980717182159e-02 2.705890685319900513e-02 7.451861351728439331e-02 3.405934199690818787e-02 4.602421447634696960e-02 2.723254822194576263e-02 2.106572501361370087e-02 2.446136251091957092e-02 2.620007656514644623e-02 1.093635149300098419e-02 3.160958737134933472e-02 1.428000163286924362e-03 6.349939107894897461e-02 1.147178094834089279e-02 3.991393744945526123e-02 6.056256219744682312e-02 1.197228021919727325e-02 3.019245341420173645e-02 3.976525738835334778e-02 4.128064215183258057e-02 1.718633435666561127e-02 4.450406506657600403e-02 2.153694443404674530e-02 4.139968380331993103e-02 3.455000370740890503e-02 8.500082418322563171e-03 3.458364401012659073e-03 2.078728191554546356e-02 2.251869998872280121e-02 4.882707446813583374e-02 5.852958559989929199e-02 5.481210071593523026e-03 3.792946040630340576e-02 2.460006799083203077e-04 6.444188300520181656e-03 1.754845492541790009e-02 1.715825125575065613e-02 3.637182712554931641e-02 2.567211911082267761e-02 1.027535530738532543e-03 3.013286180794239044e-02 7.690695114433765411e-03 1.885665953159332275e-02 2.686263993382453918e-02 2.416805550456047058e-02 8.375756442546844482e-02 2.164829894900321960e-02 3.650708869099617004e-02 2.630593627691268921e-02 2.016960270702838898e-02 6.797561794519424438e-02 1.368758548051118851e-02
1.251603066921234131e-01 9.792076423764228821e-03 2.087938971817493439e-02 4.202824085950851440e-02 3.745808824896812439e-02 5.759462714195251465e-02 6.420076638460159302e-02 1.139776315540075302e-02 3.825720772147178650e-02 2.006040327250957489e-02 6.996688991785049438e-02 3.101889230310916901e-02 9.199292212724685669e-02 8.209504187107086182e-03 2.586540207266807556e-02 2.579731307923793793e-02 2.984797023236751556e-02 2.413318306207656860e-02 2.746404148638248444e-02 2.682508714497089386e-02 4.405744001269340515e-02 1.668306253850460052e-02 4.769250750541687012e-02 5.215456709265708923e-02 3.400579467415809631e-02 4.136156663298606873e-02 1.306422520428895950e-02 3.464937955141067505e-02 2.621752396225929260e-02 2.771377936005592346e-02 7.123292982578277588e-02 3.707071393728256226e-02 5.243292544037103653e-03 8.231705985963344574e-03 3.829485503956675529e-03 1.735563017427921295e-02 4.527814686298370361e-02 2.027150057256221771e-02 6.211451254785060883e-03 2.770354971289634705e-03 7.829510606825351715e-03 1.286006160080432892e-02 1.173028349876403809e-02 4.672719538211822510e-02 2.667167223989963531e-02 6.720565259456634521e-03 1.303329225629568100e-02 4.670548811554908752e-02 9.777545928955078125e-03 1.994879171252250671e-02 1.450330577790737152e-02 2.771601453423500061e-02 9.287163615226745605e-03 2.609847113490104675e-02 9.900208562612533569e-03 2.647315384820103645e-03 3.729790449142456055e-02 8.049479685723781586e-03 1.642372086644172668e-02 1.837942283600568771e-03 3.347233682870864868e-02 5.409119650721549988e-03 1.421890780329704285e-02 9.322926402091979980e-03 2.169397659599781036e-03 2.634049393236637115e-02 5.284876376390457153e-02 3.058222122490406036e-02 2.830610238015651703e-02 1.229327637702226639e-02 7.427549920976161957e-03 1.267240475863218307e-02 1.529566105455160141e-02 4.828966222703456879e-03 3.129339590668678284e-02 2.094584889709949493e-02 4.162673279643058777e-02 3.112240321934223175e-02 3.899346664547920227e-02 4.484385624527931213e-02 2.508519217371940613e-02 4.836584907025098801e-03 4.973420407623052597e-03 1.978383585810661316e-02 1.641408540308475494e-02 3.005318157374858856e-02 1.468999125063419342e-02 2.369647845625877380e-02 5.523231253027915955e-02 4.789334163069725037e-02 2.163149230182170868e-02 3.262076294049620628e-03 4.290454089641571045e-02 8.196527138352394104e-03 6.817509420216083527e-04 2.192542422562837601e-03 9.889289736747741699e-03 3.498253878206014633e-03 3.620754927396774292e-02 8.399252779781818390e-03 1.655840873718261719e-02 1.398066245019435883e-02 3.657735139131546021e-02 2.452273480594158173e-02 3.301683813333511353e-02 4.430173709988594055e-02 1.199892722070217133e-02 3.554514795541763306e-02 9.362149052321910858e-03 2.920745499432086945e-02 6.584131624549627304e-04 1.362483715638518333e-03 2.943357080221176147e-02 1.085448078811168671e-02 5.648931115865707397e-02 4.348692297935485840e-02
3.325373865664005280e-03 2.087938971817493439e-02 2.981201000511646271e-02 7.637419039383530617e-04 3.580965474247932434e-02 1.708335988223552704e-02 5.447873845696449280e-03 1.266423016786575317e-01 5.392920598387718201e-02 5.164471454918384552e-03 6.319401320070028305e-03 4.628673195838928223e-02 3.888883069157600403e-02 6.939313560724258423e-02 3.683372214436531067e-02 4.196113348007202148e-02 3.844115883111953735e-02 1.477274578064680099e-02 5.212647374719381332e-03 2.143997140228748322e-02 6.438060663640499115e-04 1.411623787134885788e-02 2.651617117226123810e-02 1.768704876303672791e-02 2.849495783448219299e-02 1.938434317708015442e-02 5.337720736861228943e-03 1.732915639877319336e-02 5.498576909303665161e-03 4.879202321171760559e-02 3.253170475363731384e-02 1.644773408770561218e-02 4.959344118833541870e-02 5.111825186759233475e-03 5.022788420319557190e-03 3.075741417706012726e-02 1.762730418704450130e-03 3.952405601739883423e-02 2.105293981730937958e-02 1.364795397967100143e-02 4.290710762143135071e-02 4.097346961498260498e-02 1.143821282312273979e-03 6.130024045705795288e-02 4.430866101756691933e-05 1.042539067566394806e-02 8.286897093057632446e-02 1.442518178373575211e-02 2.945647016167640686e-02 1.773214712738990784e-02 8.903672918677330017e-03 1.292170491069555283e-02 4.759040474891662598e-02 2.822128124535083771e-02 5.429806560277938843e-02 3.613949194550514221e-02 2.722636424005031586e-02 2.099555544555187225e-02 3.565977886319160461e-02 4.180226102471351624e-02 6.627373397350311279e-03 4.588152095675468445e-02 9.942446835339069366e-03 6.297401152551174164e-03 2.162100374698638916e-02 3.925704956054687500e-02 1.036337297409772873e-02 2.941194921731948853e-03 1.529099140316247940e-02 4.383288696408271790e-02 1.234505698084831238e-02 3.997075185179710388e-02 3.453315421938896179e-02 1.491256896406412125e-02 5.491354689002037048e-02 2.805298566818237305e-02 5.452666804194450378e-02 2.595545351505279541e-02 1.525607611984014511e-02 6.680987775325775146e-02 1.409484744071960449e-01 1.424466818571090698e-01 8.695299737155437469e-03 2.220571972429752350e-02 4.782203584909439087e-03 4.159238561987876892e-02 4.657715093344449997e-03 1.859166286885738373e-02 2.318657562136650085e-02 7.672722637653350830e-02 7.979810237884521484e-02 2.618519123643636703e-03 1.306976079940795898e-01 3.893038257956504822e-02 2.052458003163337708e-02 2.029144763946533203e-02 2.779199928045272827e-02 5.902551114559173584e-02 1.732405833899974823e-02 1.550648454576730728e-02 1.837815344333648682e-02 1.841698400676250458e-02 1.374697312712669373e-02 2.920931763947010040e-02 2.173890732228755951e-02 1.818981394171714783e-02 5.563331767916679382e-03 4.867090657353401184e-02 9.271808713674545288e-02 1.481726579368114471e-02 2.712822519242763519e-02 4.796309769153594971e-02 3.084459155797958374e-02 4.630777984857559204e-02 3.837335482239723206e-02 2.578968647867441177e-03
1.935263909399509430e-02 4.202824085950851440e-02 7.637419039383530617e-04 5.249285604804754257e-03 3.269167542457580566e-01 5.844427645206451416e-02 9.731766767799854279e-03 3.974670544266700745e-02 6.219766288995742798e-02 8.829104900360107422e-02 1.276291534304618835e-02 2.706232480704784393e-03 4.482029750943183899e-02 4.654150456190109253e-02 4.479364678263664246e-02 6.059219315648078918e-02 5.630020424723625183e-02 2.217417955398559570e-02 5.625369772315025330e-02 1.796556636691093445e-02 2.095376327633857727e-02 3.845077008008956909e-02 3.937651589512825012e-02 1.439629355445504189e-03 3.036379348486661911e-03 1.916935667395591736e-02 1.750233024358749390e-02 5.380595568567514420e-03 1.068078428506851196e-01 1.781699061393737793e-02 2.628064714372158051e-03 1.438358612358570099e-02 4.001870751380920410e-02 3.109536692500114441e-02 8.579991757869720459e-03 2.587160095572471619e-02 2.155737951397895813e-02 1.551466062664985657e-02 1.347855031490325928e-01 1.087488904595375061e-01 2.707742154598236084e-02 5.528232827782630920e-02 1.118244305253028870e-01 1.291141472756862640e-02 4.155211895704269409e-02 6.230401620268821716e-02 4.944489151239395142e-02 6.178613007068634033e-02 2.322252839803695679e-02 3.425181284546852112e-02 5.036492645740509033e-02 4.845447372645139694e-03 1.193307060748338699e-02 3.871835395693778992e-02 4.666118416935205460e-03 6.393339019268751144e-03 1.453253347426652908e-02 1.866832934319972992e-02 1.498605404049158096e-02 1.407280284911394119e-02 2.396333962678909302e-02 3.638274222612380981e-02 4.248292371630668640e-02 1.862133853137493134e-02 4.986009001731872559e-02 4.655323177576065063e-02 3.290912508964538574e-02 4.174064472317695618e-02 7.938654720783233643e-02 4.523950815200805664e-02 2.290917374193668365e-02 4.845523461699485779e-02 1.764299124479293823e-01 2.928098663687705994e-02 2.911955118179321289e-02 1.841814722865819931e-03 7.385450601577758789e-02 3.944009914994239807e-02 5.104391649365425110e-02 1.241337228566408157e-02 1.258661597967147827e-02 3.484873846173286438e-02 5.667033046483993530e-02 4.184588789939880371e-02 5.028813704848289490e-02 2.069521695375442505e-02 3.619571030139923096e-02 2.484615333378314972e-02 5.080832168459892273e-02 4.818532615900039673e-02 7.501921057701110840e-02 1.999247632920742035e-02 5.670683085918426514e-02 5.133347958326339722e-02 1.014532335102558136e-02 1.067456696182489395e-02 3.825449198484420776e-02 4.277516901493072510e-02 2.494675479829311371e-02 3.769070655107498169e-02 2.553236670792102814e-02 2.866855449974536896e-02 5.518757551908493042e-02 6.049245595932006836e-02 3.236532211303710938e-02 2.507467009127140045e-02 2.606952004134654999e-02 2.185217663645744324e-02 4.259150847792625427e-02 3.361326456069946289e-02 1.388301700353622437e-02 3.608721494674682617e-02 2.886375412344932556e-02 5.690185725688934326e-02 4.015523940324783325e-02 4.080337285995483398e-02
2.997007407248020172e-02 3.745808824896812439e-02 3.580965474247932434e-02 3.269167542457580566e-01 3.321406431496143341e-03 4.873418807983398438e-02 2.990277251228690147e-03 2.812959067523479462e-02 9.874588809907436371e-03 2.156962640583515167e-02 1.157116796821355820e-02 2.485565096139907837e-02 8.121560327708721161e-03 6.922577321529388428e-02 7.098211348056793213e-02 3.987830597907304764e-03 2.650212263688445091e-04 4.677194729447364807e-02 7.882093638181686401e-02 4.491765424609184265e-02 1.580125652253627777e-02 3.333621472120285034e-02 3.458916395902633667e-02 5.865960195660591125e-02 5.272781476378440857e-03 1.732343621551990509e-02 1.946718059480190277e-02 2.029327489435672760e-02 5.993247777223587036e-02 6.680892780423164368e-03 1.247276458889245987e-02 2.280695922672748566e-02 3.643035143613815308e-02 2.493268623948097229e-02 2.505066432058811188e-02 4.984470829367637634e-02 2.153045311570167542e-02 2.235409431159496307e-02 1.285665631294250488e-01 8.784285187721252441e-02 2.460694499313831329e-02 1.003380212932825089e-02 5.024819821119308472e-02 2.475637197494506836e-02 6.959879770874977112e-03 1.076885089278221130e-01 2.817060612142086029e-02 7.131032645702362061e-02 8.043065667152404785e-03 4.066463187336921692e-02 5.451526120305061340e-02 3.642625734210014343e-02 1.385474763810634613e-02 3.416894236579537392e-03 6.358402781188488007e-03 8.179116994142532349e-03 1.600185758434236050e-03 6.306858360767364502e-02 5.062845349311828613e-02 8.418465033173561096e-03 4.458924010396003723e-02 2.029522322118282318e-02 2.168899634853005409e-03 8.013303158804774284e-04 5.186365917325019836e-02 3.567418456077575684e-02 1.912389881908893585e-02 1.182351261377334595e-02 5.484787002205848694e-02 2.398946508765220642e-02 5.291446670889854431e-02 4.015712812542915344e-02 1.232363954186439514e-01 5.498185288161039352e-03 7.649043947458267212e-02 9.242558851838111877e-03 5.308262631297111511e-02 3.775228932499885559e-02 3.704100102186203003e-02 3.747407719492912292e-02 4.799981042742729187e-02 3.127622976899147034e-02 7.232511416077613831e-03 1.008601486682891846e-02 1.609798893332481384e-02 1.106481812894344330e-02 7.011670619249343872e-02 2.855708822607994080e-02 8.793011307716369629e-03 1.389243453741073608e-02 3.976561594754457474e-03 1.493738871067762375e-02 6.779763847589492798e-02 3.490854799747467041e-02 3.325742110610008240e-02 3.024326637387275696e-02 4.529987648129463196e-02 4.041117057204246521e-02 2.652674727141857147e-02 1.202174741774797440e-02 8.483709767460823059e-03 1.227307226508855820e-02 1.728230714797973633e-02 1.795016787946224213e-02 3.107492625713348389e-02 1.698940061032772064e-02 3.418937325477600098e-02 1.951672323048114777e-02 2.250779792666435242e-02 9.320505894720554352e-03 4.197280853986740112e-03 3.989224880933761597e-02 1.966628804802894592e-02 5.675732716917991638e-02 4.458295553922653198e-02 5.463704094290733337e-02
7.749608159065246582e-02 5.759462714195251465e-02 1.708335988223552704e-02 5.844427645206451416e-02 4.873418807983398438e-02 7.782659493386745453e-03 1.669313162565231323e-01 1.647218875586986542e-02 3.309756889939308167e-02 7.921577990055084229e-02 7.889302074909210205e-02 1.204755809158086777e-02 6.629032641649246216e-02 5.822423473000526428e-02 3.968644887208938599e-02 5.133340135216712952e-02 1.738141477108001709e-02 7.408498972654342651e-02 7.776548713445663452e-02 5.116902291774749756e-02 2.160759828984737396e-02 3.288516402244567871e-02 6.943226791918277740e-03 5.907098948955535889e-02 1.079944334924221039e-02 2.992026507854461670e-02 2.326679602265357971e-02 3.174049034714698792e-02 1.555376034229993820e-02 2.600892074406147003e-02 2.636178769171237946e-02 3.898469731211662292e-02 8.464903384447097778e-02 1.285773236304521561e-02 6.018800660967826843e-02 1.834085583686828613e-02 1.907837204635143280e-02 1.120287552475929260e-02 2.407105872407555580e-03 2.399262040853500366e-02 3.451545909047126770e-02 1.652717962861061096e-02 4.313467442989349365e-02 2.202182635664939880e-02 6.602808088064193726e-02 5.881467834115028381e-02 2.252069413661956787e-01 5.689513310790061951e-02 2.681411243975162506e-02 6.124731898307800293e-02 4.044776782393455505e-02 3.879730403423309326e-02 7.167703658342361450e-02 5.710013210773468018e-02 1.192845031619071960e-02 4.143653437495231628e-02 3.512758761644363403e-02 2.671134099364280701e-02 1.175474748015403748e-02 2.322195796296000481e-03 7.915463298559188843e-02 3.351321443915367126e-02 6.087154895067214966e-02 2.549557760357856750e-02 1.881051622331142426e-02 4.449253156781196594e-02 2.369262650609016418e-02 2.423995919525623322e-02 4.976925253868103027e-02 1.218424364924430847e-02 2.247529290616512299e-02 2.403719350695610046e-02 6.328193098306655884e-02 1.094267005100846291e-03 1.419071760028600693e-02 2.008076757192611694e-02 3.028382733464241028e-02 4.393951501697301865e-03 5.408528819680213928e-02 4.661794006824493408e-02 5.406202748417854309e-03 1.241333037614822388e-02 5.687183514237403870e-02 1.027924474328756332e-02 3.101881779730319977e-02 2.335185930132865906e-02 5.048384889960289001e-02 1.768535119481384754e-03 1.690548844635486603e-03 7.129570841789245605e-02 1.112869754433631897e-02 1.235680468380451202e-02 5.439889430999755859e-02 1.896600984036922455e-02 3.213968873023986816e-02 2.113306336104869843e-02 1.498243212699890137e-02 8.694527670741081238e-03 5.485741794109344482e-02 2.274035103619098663e-02 5.392279848456382751e-02 5.850001052021980286e-02 1.461155805736780167e-02 1.843617483973503113e-02 1.165972673334181309e-03 6.372246425598859787e-03 1.247334852814674377e-02 6.003975123167037964e-02 1.949561201035976410e-02 2.117283269762992859e-02 2.132321335375308990e-02 1.113689318299293518e-02 1.462961267679929733e-02 3.920143470168113708e-02 3.341091051697731018e-02 3.074550628662109375e-02
1.566057652235031128e-02 6.420076638460159302e-02 5.447873845696449280e-03 9.731766767799854279e-03 2.990277251228690147e-03 1.669313162565231323e-01 3.386985883116722107e-02 7.841765880584716797e-02 9.067088365554809570e-03 8.724855259060859680e-03 4.812238365411758423e-02 6.017614156007766724e-02 7.973518967628479004e-02 1.492345184087753296e-01 7.768399268388748169e-02 2.236552909016609192e-02 2.048400603234767914e-02 1.355054555460810661e-03 3.898467496037483215e-02 7.685145363211631775e-03 2.319220639765262604e-02 1.968827657401561737e-02 9.836714714765548706e-02 6.277337670326232910e-02 2.320521138608455658e-02 2.342017367482185364e-02 2.767123654484748840e-02 1.380134839564561844e-02 4.406560678035020828e-03 3.146339207887649536e-02 9.806538932025432587e-03 1.075009815394878387e-02 2.601587586104869843e-02 2.079100348055362701e-02 5.478462576866149902e-02 4.293886478990316391e-03 8.517615497112274170e-03 3.244092315435409546e-02 1.816900260746479034e-02 4.722759593278169632e-03 1.732384040951728821e-02 4.414458572864532471e-02 5.226998403668403625e-02 2.251522429287433624e-02 5.430737044662237167e-03 2.082517184317111969e-02 2.637544870376586914e-01 1.962751299142837524e-01 1.883018016815185547e-02 3.845667839050292969e-02 2.137378416955471039e-02 9.453371167182922363e-02 2.287882752716541290e-02 2.772765792906284332e-02 4.135087877511978149e-02 3.938783705234527588e-02 5.103172734379768372e-02 6.578865647315979004e-02 5.797773972153663635e-02 3.731684014201164246e-02 3.756727650761604309e-02 9.944318793714046478e-03 1.257938332855701447e-02 2.309555560350418091e-02 3.279801458120346069e-02 5.714923888444900513e-02 8.156857453286647797e-03 6.255668401718139648e-02 3.195601701736450195e-02 3.069736808538436890e-02 1.817465387284755707e-02 2.484904602169990540e-02 5.056228861212730408e-02 1.300505548715591431e-02 2.715103328227996826e-02 9.762044996023178101e-03 6.138262804597616196e-03 5.847409740090370178e-02 1.035798713564872742e-01 5.397526174783706665e-02 1.789078302681446075e-02 4.597131535410881042e-02 5.344220250844955444e-02 2.709961868822574615e-02 1.114724054932594299e-01 2.999125234782695770e-02 3.579071909189224243e-02 4.499134048819541931e-02 2.975675649940967560e-02 1.937915384769439697e-02 4.836921021342277527e-02 4.739641398191452026e-02 7.582331448793411255e-02 6.187984719872474670e-03 2.149095386266708374e-02 1.425886875949800014e-03 5.023920536041259766e-02 9.623404592275619507e-03 1.562821120023727417e-02 3.382688760757446289e-02 5.404413118958473206e-02 2.558641834184527397e-03 1.230694260448217392e-02 8.536607027053833008e-03 4.607867449522018433e-02 6.404485553503036499e-02 7.114659994840621948e-02 7.003550976514816284e-02 5.785240791738033295e-03 6.291445344686508179e-03 1.489538466557860374e-03 6.214939989149570465e-03 1.642438024282455444e-02 4.195746500045061111e-03 3.045425936579704285e-02 1.608584262430667877e-02
4.291557415854185820e-04 1.139776315540075302e-02 1.266423016786575317e-01 3.974670544266700745e-02 2.812959067523479462e-02 1.647218875586986542e-02 7.841765880584716797e-02 1.219940930604934692e-02 1.243000775575637817e-01 1.260662972927093506e-01 8.369654417037963867e-03 1.428054124116897583e-01 8.025967516005039215e-03 6.873662024736404419e-02 2.004858404397964478e-01 1.735145226120948792e-02 2.226733416318893433e-02 7.827175781130790710e-03 9.433019906282424927e-03 4.994927719235420227e-02 2.324340306222438812e-02 4.946475103497505188e-02 1.662478409707546234e-02 1.292206696234643459e-03 3.731721267104148865e-02 2.274259924888610840e-02 5.163207184523344040e-03 3.912615031003952026e-02 6.069668754935264587e-02 8.146994747221469879e-03 1.476344093680381775e-02 5.932744126766920090e-03 1.255212444812059402e-02 6.675816141068935394e-03 3.961013630032539368e-02 3.179894015192985535e-02 6.080607417970895767e-03 3.874322026968002319e-02 5.722598731517791748e-02 2.364289946854114532e-02 4.175934568047523499e-02 3.487094864249229431e-02 4.498133808374404907e-02 5.286787077784538269e-02 1.900184527039527893e-02 6.315655075013637543e-03 6.395637243986129761e-02 1.236181855201721191e-01 5.885516107082366943e-02 3.717579692602157593e-02 1.011613477021455765e-02 6.057886779308319092e-02 4.564356058835983276e-02 1.960127800703048706e-02 3.447591885924339294e-02 2.230407902970910072e-03 3.507299721240997314e-02 1.643699407577514648e-02 9.046419523656368256e-03 5.466043949127197266e-03 1.757156848907470703e-02 7.645301520824432373e-02 3.938826918601989746e-02 3.130595013499259949e-02 6.708314642310142517e-03 1.063224021345376968e-02 4.713475704193115234e-02 2.124962024390697479e-02 3.398659825325012207e-02 3.177873045206069946e-02 4.045378882437944412e-03 1.817660173401236534e-03 5.092410370707511902e-02 4.196359217166900635e-02 2.921745181083679199e-02 3.352148085832595825e-02 2.688633278012275696e-02 2.063760161399841309e-02 7.892977446317672729e-02 3.280139714479446411e-02 1.573746353387832642e-01 1.007565930485725403e-01 6.107959896326065063e-03 8.603853173553943634e-03 1.572983711957931519e-02 6.911088712513446808e-03 1.183952242136001587e-01 8.129663765430450439e-02 4.415972158312797546e-02 1.076081953942775726e-02 6.511304527521133423e-03 4.874505475163459778e-02 7.253984361886978149e-02 4.163311421871185303e-02 3.613433241844177246e-02 6.377173587679862976e-03 8.368275314569473267e-02 1.800478808581829071e-02 2.080490067601203918e-02 6.108232308179140091e-03 1.651817560195922852e-02 1.484005618840456009e-02 2.941395156085491180e-02 1.836375915445387363e-03 2.463052747771143913e-03 5.127329379320144653e-02 4.517468065023422241e-02 3.750219568610191345e-02 2.513564005494117737e-02 2.242321707308292389e-02 2.484451793134212494e-02 7.851895876228809357e-03 4.009064659476280212e-02 2.719321288168430328e-03 5.596335045993328094e-03 2.693469263613224030e-02
5.712535604834556580e-02 3.825720772147178650e-02 5.392920598387718201e-02 6.219766288995742798e-02 9.874588809907436371e-03 3.309756889939308167e-02 9.067088365554809570e-03 1.243000775575637817e-01 6.781490147113800049e-02 2.075165808200836182e-01 3.483059629797935486e-02 2.189606241881847382e-02 2.289899811148643494e-02 1.310305856168270111e-02 1.080352738499641418e-01 3.009959869086742401e-02 4.795761033892631531e-02 1.293838322162628174e-01 5.701893940567970276e-02 1.893560960888862610e-02 4.839417338371276855e-02 2.361572842346504331e-04 2.528445795178413391e-02 8.199710398912429810e-02 1.269224192947149277e-02 2.779751643538475037e-02 2.376834116876125336e-02 1.731953583657741547e-02 1.276209205389022827e-02 2.776805125176906586e-02 2.816771715879440308e-02 3.534288704395294189e-02 7.523908279836177826e-03 2.940994314849376678e-02 3.777713701128959656e-02 4.004429653286933899e-02 1.705246418714523315e-02 9.506808593869209290e-03 2.125467406585812569e-03 4.375914577394723892e-03 3.458941727876663208e-02 3.753504529595375061e-02 5.871403962373733521e-02 1.382327172905206680e-02 9.052944183349609375e-02 7.655294239521026611e-02 3.734685108065605164e-02 1.576351560652256012e-02 1.075146123766899109e-01 2.948759309947490692e-02 1.509276963770389557e-02 4.848213866353034973e-02 2.208841033279895782e-02 4.154579341411590576e-02 1.575317233800888062e-01 1.234241500496864319e-01 5.227263085544109344e-03 3.028483130037784576e-02 1.228571776300668716e-02 2.841813303530216217e-02 2.072005718946456909e-02 1.429532654583454132e-03 1.393525488674640656e-02 2.669183723628520966e-02 1.742550916969776154e-02 3.130900487303733826e-02 2.005799859762191772e-02 4.552521277219057083e-04 1.124538131989538670e-03 4.689683206379413605e-03 8.754479885101318359e-02 8.813179098069667816e-03 1.361953616142272949e-01 2.960903756320476532e-02 3.618952259421348572e-02 2.268898673355579376e-02 2.321015894412994385e-01 7.111233472824096680e-02 1.214698776602745056e-01 6.854029744863510132e-02 5.705654621124267578e-03 4.525022208690643311e-02 7.292589545249938965e-02 5.910046771168708801e-02 6.409356743097305298e-02 1.053360551595687866e-01 1.038420572876930237e-01 2.873274683952331543e-02 6.973799318075180054e-02 1.281106565147638321e-02 2.934608422219753265e-02 7.210989715531468391e-04 1.882791519165039062e-02 3.253619000315666199e-02 4.955328628420829773e-02 5.002091825008392334e-02 1.285961270332336426e-02 1.534281414933502674e-03 5.862726271152496338e-02 2.849204093217849731e-02 7.977653294801712036e-03 2.578558865934610367e-03 2.843759953975677490e-03 1.757237128913402557e-02 6.944338232278823853e-02 1.404790859669446945e-02 6.752433255314826965e-03 1.203655544668436050e-02 1.416386477649211884e-02 1.486510504037141800e-03 1.755239628255367279e-02 1.544824801385402679e-02 1.004293933510780334e-02 2.588979527354240417e-02 7.190088741481304169e-03 4.322475753724575043e-03
1.046259142458438873e-02 2.006040327250957489e-02 5.164471454918384552e-03 8.829104900360107422e-02 2.156962640583515167e-02 7.921577990055084229e-02 8.724855259060859680e-03 1.260662972927093506e-01 2.075165808200836182e-01 1.078869998455047607e-01 9.167888201773166656e-03 3.976588323712348938e-02 5.457928031682968140e-02 4.288535565137863159e-02 7.368393242359161377e-02 5.097547173500061035e-02 1.089471578598022461e-01 4.143892973661422729e-02 1.844225525856018066e-01 4.482432082295417786e-02 4.356221482157707214e-02 2.505582198500633240e-02 5.984389409422874451e-02 1.107636839151382446e-01 5.445986613631248474e-02 3.717445209622383118e-02 1.669912599027156830e-02 3.773039206862449646e-02 3.099888190627098083e-02 4.620056226849555969e-02 4.445618763566017151e-02 2.104440145194530487e-02 6.160409376025199890e-02 1.899069547653198242e-02 2.655746415257453918e-02 3.777017700485885143e-04 2.652911655604839325e-02 1.978955790400505066e-02 1.365923206321895123e-03 1.120396703481674194e-02 3.578176256269216537e-04 3.316353261470794678e-02 4.433763027191162109e-02 2.236624807119369507e-02 7.406505197286605835e-02 4.195411130785942078e-02 9.628404676914215088e-02 3.895960375666618347e-02 1.251281332224607468e-02 1.234203856438398361e-02 2.177802287042140961e-02 5.575353279709815979e-02 3.468572394922375679e-03 2.410103939473628998e-02 4.144792258739471436e-02 5.258827283978462219e-02 6.173336133360862732e-02 8.736840635538101196e-02 6.063065491616725922e-03 4.061434790492057800e-02 3.334798663854598999e-02 8.304633945226669312e-02 1.956058404175564647e-04 8.905512280762195587e-03 3.000397235155105591e-02 3.450311720371246338e-02 2.934209071099758148e-02 5.834651365876197815e-02 2.593988738954067230e-02 5.902000237256288528e-03 6.579659879207611084e-02 9.086448699235916138e-03 8.349223062396049500e-03 3.255814081057906151e-03 7.269453257322311401e-03 3.138974308967590332e-02 9.032265096902847290e-02 1.876133233308792114e-01 5.071076750755310059e-02 2.321870774030685425e-01 2.124623581767082214e-02 7.487028092145919800e-02 3.138063475489616394e-02 9.053075313568115234e-02 6.701127439737319946e-02 4.314260929822921753e-02 5.911974236369132996e-02 2.819919027388095856e-02 1.107120960950851440e-01 4.849972575902938843e-02 3.242043778300285339e-02 1.815761439502239227e-02 5.092087760567665100e-02 1.968039199709892273e-02 3.757319226861000061e-02 9.092986583709716797e-03 9.408527985215187073e-03 5.704612005501985550e-03 1.033355295658111572e-02 6.716672796756029129e-03 5.468171462416648865e-02 5.876937508583068848e-02 3.442734479904174805e-02 4.845038428902626038e-02 1.330057345330715179e-02 2.331807464361190796e-02 1.479504629969596863e-02 6.454241275787353516e-02 1.648077182471752167e-02 7.154832128435373306e-03 6.815216504037380219e-03 2.947090193629264832e-03 1.165038999170064926e-02 8.361195772886276245e-02 1.704051531851291656e-02 3.470898792147636414e-02
1.211178302764892578e-01 6.996688991785049438e-02 6.319401320070028305e-03 1.276291534304618835e-02 1.157116796821355820e-02 7.889302074909210205e-02 4.812238365411758423e-02 8.369654417037963867e-03 3.483059629797935486e-02 9.167888201773166656e-03 1.708738505840301514e-02 1.598904025740921497e-03 8.618071675300598145e-02 1.276385318487882614e-02 9.343743324279785156e-03 5.095406994223594666e-02 6.148827821016311646e-02 1.778782811015844345e-03 2.207015082240104675e-02 4.233178682625293732e-03 6.364630907773971558e-02 2.290621586143970490e-02 3.438808768987655640e-02 2.402565255761146545e-02 5.429321154952049255e-02 7.283674180507659912e-02 3.378472849726676941e-02 2.804558724164962769e-02 4.555936157703399658e-02 1.202104799449443817e-02 6.307457108050584793e-03 1.983679085969924927e-02 3.791210427880287170e-02 3.126882761716842651e-02 8.145520463585853577e-03 4.903964698314666748e-03 1.736280694603919983e-02 5.325461551547050476e-02 2.888980787247419357e-03 2.711057895794510841e-03 3.840262442827224731e-02 3.178847953677177429e-02 1.153901778161525726e-02 1.491925306618213654e-02 2.286951243877410889e-02 1.853593066334724426e-02 4.393863677978515625e-02 1.111333351582288742e-02 1.959070563316345215e-02 2.614394389092922211e-02 9.773852303624153137e-03 1.750289089977741241e-02 2.545312792062759399e-02 1.375042484141886234e-03 2.806173264980316162e-02 9.189979173243045807e-03 4.281396791338920593e-02 1.651063677854835987e-03 8.403690904378890991e-02 4.763728647958487272e-04 7.718678563833236694e-02 4.377563297748565674e-02 5.432373378425836563e-03 2.631906792521476746e-02 1.037610620260238647e-01 6.605140119791030884e-02 1.018619397655129433e-03 3.308202326297760010e-02 4.226362705230712891e-02 1.507286448031663895e-02 7.571887224912643433e-03 7.407341618090867996e-03 1.454810029827058315e-03 1.052086148411035538e-02 2.196867251768708229e-03 1.303506176918745041e-02 3.591303154826164246e-02 2.232621191069483757e-03 2.979280427098274231e-02 3.476515412330627441e-02 1.304601784795522690e-02 3.399934852495789528e-03 3.275031968951225281e-02 3.278122842311859131e-02 1.242750696837902069e-02 5.910108238458633423e-02 3.325335681438446045e-02 9.023002348840236664e-03 2.546950615942478180e-02 6.748241186141967773e-02 1.403069403022527695e-02 3.131088800728321075e-03 3.269921615719795227e-02 8.770952932536602020e-03 3.484676778316497803e-02 1.423746254295110703e-02 6.525084376335144043e-03 2.089558728039264679e-02 1.036482024937868118e-02 7.116105407476425171e-03 7.198695559054613113e-03 2.228738367557525635e-02 2.126372605562210083e-02 2.731570741161704063e-03 9.092190302908420563e-03 1.302820909768342972e-02 2.335858717560768127e-02 2.388128545135259628e-03 2.234864048659801483e-02 5.869787186384201050e-02 9.559640660881996155e-03 1.780574582517147064e-02 1.872610487043857574e-02 9.836276061832904816e-03 4.939851909875869751e-02 6.529434118419885635e-03
4.594089090824127197e-02 3.101889230310916901e-02 4.628673195838928223e-02 2.706232480704784393e-03 2.485565096139907837e-02 1.204755809158086777e-02 6.017614156007766724e-02 1.428054124116897583e-01 2.189606241881847382e-02 3.976588323712348938e-02 1.598904025740921497e-03 1.758044771850109100e-02 3.780892863869667053e-02 2.710748314857482910e-01 4.663671925663948059e-02 2.398111100774258375e-04 4.800591990351676941e-02 3.389735519886016846e-02 8.360049687325954437e-03 1.423251796950353310e-05 3.223489969968795776e-02 9.444238245487213135e-02 4.491575062274932861e-02 7.448025979101657867e-03 1.858367398381233215e-02 1.978187449276447296e-02 5.489098653197288513e-02 8.519992232322692871e-02 2.053123898804187775e-02 8.650118857622146606e-02 5.492671579122543335e-02 6.784973666071891785e-03 9.772558696568012238e-03 2.470459789037704468e-02 3.213570639491081238e-02 4.103165119886398315e-02 5.899157002568244934e-02 3.896332904696464539e-02 2.560543082654476166e-02 1.148266997188329697e-02 3.642690554261207581e-02 6.406072527170181274e-02 1.015043109655380249e-01 5.833539366722106934e-02 5.662086186930537224e-04 6.154042854905128479e-02 4.460794478654861450e-02 9.299694001674652100e-02 4.283778369426727295e-02 4.854644648730754852e-03 1.004772782325744629e-01 5.903971195220947266e-02 5.589941889047622681e-02 2.108835615217685699e-02 2.621753327548503876e-02 2.039467729628086090e-02 4.040891677141189575e-02 8.136132359504699707e-02 6.628703325986862183e-02 6.386077404022216797e-02 3.054584190249443054e-02 2.641645818948745728e-02 6.068669632077217102e-02 1.283477619290351868e-02 4.916150122880935669e-02 6.309389322996139526e-02 1.899789832532405853e-02 1.664242707192897797e-02 7.435693405568599701e-03 6.387715227901935577e-03 5.596898961812257767e-03 4.739126190543174744e-02 5.518563464283943176e-02 6.315760314464569092e-03 5.241759121417999268e-02 4.759158194065093994e-02 5.024687945842742920e-02 7.798650860786437988e-02 3.286628052592277527e-02 5.262417718768119812e-02 2.545346692204475403e-02 6.657450646162033081e-02 7.643629610538482666e-02 4.975349828600883484e-02 6.036620959639549255e-02 5.757470428943634033e-02 3.256253153085708618e-02 6.308700423687696457e-03 3.946776315569877625e-02 6.446813791990280151e-02 6.965576112270355225e-02 5.100282281637191772e-02 3.572718054056167603e-02 6.569196283817291260e-02 5.649900436401367188e-02 5.739599838852882385e-02 5.718964338302612305e-02 4.672077484428882599e-03 9.461428038775920868e-03 5.887279659509658813e-02 3.693956509232521057e-02 2.878481708467006683e-02 5.671456083655357361e-02 4.109844565391540527e-02 2.693279646337032318e-02 1.572532393038272858e-02 3.497705608606338501e-02 1.752872951328754425e-02 3.490621020318940282e-05 6.333015859127044678e-02 4.030763357877731323e-02 8.750648237764835358e-03 4.892898350954055786e-02 7.103054970502853394e-02 1.455913949757814407e-02 5.404282733798027039e-02
8.335715532302856445e-02 9.199292212724685669e-02 3.888883069157600403e-02 4.482029750943183899e-02 8.121560327708721161e-03 6.629032641649246216e-02 7.973518967628479004e-02 8.025967516005039215e-03 2.289899811148643494e-02 5.457928031682968140e-02 8.618071675300598145e-02 3.780892863869667053e-02 2.626339846756309271e-04 1.181918289512395859e-02 2.086537331342697144e-02 1.021966431289911270e-02 3.295913105830550194e-03 5.219777673482894897e-02 3.501756489276885986e-02 2.085866779088973999e-02 3.390168026089668274e-02 3.207235783338546753e-02 2.034036070108413696e-02 4.774014651775360107e-02 8.775109425187110901e-03 1.612838171422481537e-02 3.129363432526588440e-02 7.795990910381078720e-03 7.146867364645004272e-02 3.560630604624748230e-02 6.647951900959014893e-02 3.758835420012474060e-02 2.150720730423927307e-02 1.089794468134641647e-02 2.540379762649536133e-02 4.724669829010963440e-02 2.763171121478080750e-02 6.947174202650785446e-03 9.255177341401576996e-03 2.695676870644092560e-03 3.424496203660964966e-02 1.697020232677459717e-02 1.200501900166273117e-02 2.505927346646785736e-02 1.970911957323551178e-02 2.231650240719318390e-02 5.294257309287786484e-03 2.886005118489265442e-02 3.491007164120674133e-02 8.102814666926860809e-03 3.132979571819305420e-02 4.498638212680816650e-02 9.963557124137878418e-03 5.963124334812164307e-02 9.893434122204780579e-03 2.599642612040042877e-02 7.788797840476036072e-03 6.112936418503522873e-03 5.879141855984926224e-03 6.735073029994964600e-02 1.240392331965267658e-03 3.336995840072631836e-03 1.709542796015739441e-02 5.698705557733774185e-03 1.961847767233848572e-02 5.219570547342300415e-02 7.825528271496295929e-03 1.290615834295749664e-02 1.318565290421247482e-02 1.879105716943740845e-02 1.847653184086084366e-03 2.823898009955883026e-02 1.285260892473161221e-03 1.516587939113378525e-02 7.410326972603797913e-03 2.103364095091819763e-02 6.515737622976303101e-02 1.328718662261962891e-02 4.138269578106701374e-04 9.260761551558971405e-03 2.445143647491931915e-02 6.446505337953567505e-02 1.309209037572145462e-03 1.950848847627639771e-02 5.825338140130043030e-02 3.558881580829620361e-03 1.251111086457967758e-02 6.280524283647537231e-02 1.491832546889781952e-02 4.872857406735420227e-02 1.061839610338211060e-02 1.765419356524944305e-02 5.227994546294212341e-02 4.395845904946327209e-02 2.113515511155128479e-02 6.986138969659805298e-02 5.244531109929084778e-02 7.088180631399154663e-02 2.041751146316528320e-02 3.571459650993347168e-02 1.912620477378368378e-02 3.991482313722372055e-03 2.759126387536525726e-02 2.489647455513477325e-02 1.150430832058191299e-02 4.754232987761497498e-02 9.612152352929115295e-03 1.717713475227355957e-02 2.441473118960857391e-02 2.071133255958557129e-02 6.799213588237762451e-03 1.226774696260690689e-02 3.512967750430107117e-02 4.065696615725755692e-03 4.004198685288429260e-02 7.080240175127983093e-03
