9.066936373710632324e-02 1.323047578334808350e-01 3.696776181459426880e-02 8.852325379848480225e-02 5.321656167507171631e-02 1.680046170949935913e-01 4.564704746007919312e-02 8.711830014362931252e-05 1.344147603958845139e-03 4.945707041770219803e-03 1.269452571868896484e-01 5.574161186814308167e-02 6.342617422342300415e-02 1.659667491912841797e-02 9.007102926261723042e-04 2.907342463731765747e-02 5.131075531244277954e-02 2.030806243419647217e-01 8.557166159152984619e-02 6.222224608063697815e-02 5.598921701312065125e-02 6.748557090759277344e-02 1.929306238889694214e-02 7.423190027475357056e-02 4.140033945441246033e-02 1.156857144087553024e-02 2.087568677961826324e-02 2.120534144341945648e-02 7.789108157157897949e-02 2.186314522987231612e-04 4.082989320158958435e-02 3.745496645569801331e-02 1.393221784383058548e-02 8.354587852954864502e-02 2.303627878427505493e-02 1.675822772085666656e-02 1.118132192641496658e-02 5.114553868770599365e-02 9.058918803930282593e-02 1.545375883579254150e-01 8.158594369888305664e-03 6.289600860327482224e-03 3.026319202035665512e-03 3.114203736186027527e-02 1.417056750506162643e-02 3.644391894340515137e-03 1.348712388426065445e-02 4.104660451412200928e-02 3.308778628706932068e-02 6.583087146282196045e-02 1.884287409484386444e-02 2.098208852112293243e-02 4.279660061001777649e-02 5.709801241755485535e-02 3.717127442359924316e-02 7.990952581167221069e-02 4.974314942955970764e-02 3.261329233646392822e-02 3.589457273483276367e-02 1.170199923217296600e-02 1.501621119678020477e-02 3.149637207388877869e-02 2.377154305577278137e-02 1.436703256331384182e-03 2.844249131157994270e-03 3.242563456296920776e-02 8.545498549938201904e-02 6.399218738079071045e-02 5.460980162024497986e-02 1.680978573858737946e-02 6.865867972373962402e-02 2.303114160895347595e-03 5.644708499312400818e-02 5.568518768996000290e-03 3.826626762747764587e-02 3.440374135971069336e-02 6.101638078689575195e-02 4.231169447302818298e-02 1.795512624084949493e-02 3.662401810288429260e-02 3.578231111168861389e-02 1.721616834402084351e-02 1.151690855622291565e-01 7.636744529008865356e-02 2.310780249536037445e-02 8.319684863090515137e-02 3.571367356926202774e-03 2.338923746719956398e-03 1.578280702233314514e-02 5.499899387359619141e-02 8.013133704662322998e-02 4.971238598227500916e-02 6.475923955440521240e-02 5.429744720458984375e-02 2.455042488873004913e-02 5.911597982048988342e-03 4.540190845727920532e-02 7.738186419010162354e-02 2.056294865906238556e-02 3.169102966785430908e-02 4.363181442022323608e-02 6.891176104545593262e-02 1.048488821834325790e-02 5.156677216291427612e-02 4.725762177258729935e-03 1.412754692137241364e-02 1.849339529871940613e-02 5.407195165753364563e-02 4.365346953272819519e-02 8.822793513536453247e-02 1.105556543916463852e-02 7.895385473966598511e-02 1.993697136640548706e-02 4.372672364115715027e-02 6.174628809094429016e-02 2.063790149986743927e-02
1.323047578334808350e-01 8.658065646886825562e-02 1.225629821419715881e-02 2.083437889814376831e-02 8.742725849151611328e-02 1.323058307170867920e-01 1.180512234568595886e-01 1.074555888772010803e-02 1.586431637406349182e-02 1.651281863451004028e-02 1.583769023418426514e-01 2.023458480834960938e-02 1.245630905032157898e-01 5.602671951055526733e-02 6.368115544319152832e-03 2.783192787319421768e-03 1.613547466695308685e-02 7.553921639919281006e-02 4.781584069132804871e-02 6.105441600084304810e-02 2.338437549769878387e-02 7.228916883468627930e-02 7.040509581565856934e-02 8.250439167022705078e-02 1.150417886674404144e-02 4.911664873361587524e-02 4.364119470119476318e-02 3.746377537027001381e-03 6.096237152814865112e-02 1.913401298224925995e-02 1.941901259124279022e-02 3.932408615946769714e-02 1.632578484714031219e-02 3.337353095412254333e-02 7.133910804986953735e-02 2.121261321008205414e-02 5.937989801168441772e-03 2.771088480949401855e-02 1.139764767140150070e-02 6.873911619186401367e-02 3.673536702990531921e-03 4.333381354808807373e-02 3.441010788083076477e-02 2.060572057962417603e-02 6.560746580362319946e-02 2.696899883449077606e-02 1.105362027883529663e-01 8.872954547405242920e-02 3.057891316711902618e-02 1.453155558556318283e-02 2.545709721744060516e-02 4.589717835187911987e-02 8.703765459358692169e-03 3.670238703489303589e-02 3.125624358654022217e-02 8.661257475614547729e-02 5.634349584579467773e-02 1.469733286648988724e-02 2.341778203845024109e-02 1.266434043645858765e-02 6.995962560176849365e-02 2.263020910322666168e-02 3.891550377011299133e-02 1.651060208678245544e-02 5.741498246788978577e-02 1.423560269176959991e-02 3.052984923124313354e-02 5.658218264579772949e-02 2.387782325968146324e-03 4.740541428327560425e-02 1.542427390813827515e-02 7.931274361908435822e-03 2.066904492676258087e-02 7.066150195896625519e-03 5.279447883367538452e-02 1.064904313534498215e-02 3.666719421744346619e-02 4.521803930401802063e-02 1.344303134828805923e-02 2.683438942767679691e-04 9.784734807908535004e-03 4.640838876366615295e-02 3.370059654116630554e-03 2.219955250620841980e-02 3.652776405215263367e-02 4.327279329299926758e-02 7.822868973016738892e-02 4.746519401669502258e-02 4.590866714715957642e-02 5.411703512072563171e-02 3.730739280581474304e-02 2.826290391385555267e-02 5.951116234064102173e-02 3.807293623685836792e-02 5.009624641388654709e-03 4.362720996141433716e-02 9.292977862060070038e-03 1.361810136586427689e-02 1.825126074254512787e-02 6.604057271033525467e-03 1.668801903724670410e-02 4.926959052681922913e-02 3.625751705840229988e-03 6.120820064097642899e-03 2.646318869665265083e-03 1.695873774588108063e-02 3.678092360496520996e-02 2.907686494290828705e-02 3.808611258864402771e-02 7.313580065965652466e-02 1.411817595362663269e-02 4.342710226774215698e-02 6.845751404762268066e-02 5.903986096382141113e-02 1.166012510657310486e-02 3.332250565290451050e-02
3.696776181459426880e-02 1.225629821419715881e-02 7.521100342273712158e-02 5.784719064831733704e-02 5.738097056746482849e-02 6.505339592695236206e-02 3.566170483827590942e-02 1.102521568536758423e-01 6.366600282490253448e-03 6.734927743673324585e-02 2.503883093595504761e-02 1.035692095756530762e-01 1.024964544922113419e-02 8.505367487668991089e-02 6.063631922006607056e-02 3.315344825387001038e-02 2.254156023263931274e-02 4.531087353825569153e-02 1.761367544531822205e-03 6.577565521001815796e-02 5.078100413084030151e-02 2.941460721194744110e-02 2.442680485546588898e-02 3.641489893198013306e-03 5.082788690924644470e-02 1.321601867675781250e-02 2.913395687937736511e-02 1.670685037970542908e-02 5.578839033842086792e-02 3.072441555559635162e-02 3.256795182824134827e-02 1.623860932886600494e-02 8.910537697374820709e-03 1.183463842608034611e-03 2.559702284634113312e-02 8.958723396062850952e-02 4.796185716986656189e-02 2.494381368160247803e-02 3.823797404766082764e-02 3.926558792591094971e-02 5.054529756307601929e-02 1.950045116245746613e-02 1.131135001778602600e-01 7.171410322189331055e-02 1.913204207085072994e-03 3.814335912466049194e-02 3.356703557074069977e-03 3.768065944314002991e-02 1.124658528715372086e-02 5.393034219741821289e-02 7.247272413223981857e-03 8.497177809476852417e-02 3.224909678101539612e-02 4.074383154511451721e-02 1.183504983782768250e-02 1.111352909356355667e-02 4.505477845668792725e-02 3.090913966298103333e-02 8.076447248458862305e-02 4.286628216505050659e-02 6.673376262187957764e-02 5.072006955742835999e-02 3.797109797596931458e-02 4.930152744054794312e-02 3.494187444448471069e-02 3.296923590824007988e-03 3.346180915832519531e-02 1.675051264464855194e-02 1.088996697217226028e-02 5.305156111717224121e-03 2.626465260982513428e-02 3.447300987318158150e-03 8.659624308347702026e-02 4.441772028803825378e-02 9.232091717422008514e-03 1.031734608113765717e-02 1.055833846330642700e-01 3.914450109004974365e-02 1.462447363883256912e-02 4.843210335820913315e-03 1.605018675327301025e-01 1.082839369773864746e-01 1.387002971023321152e-02 2.175736799836158752e-02 5.957491695880889893e-03 6.182777509093284607e-02 1.116624008864164352e-02 5.103290453553199768e-02 1.797647215425968170e-02 4.172534123063087463e-02 3.413327736780047417e-03 4.565216950140893459e-04 2.487774007022380829e-02 4.048369824886322021e-03 8.435186930000782013e-03 5.836857855319976807e-02 4.327444359660148621e-02 1.344483625143766403e-02 1.239336933940649033e-02 2.332334965467453003e-02 1.086513325572013855e-02 3.288100659847259521e-02 1.493560057133436203e-02 2.928365021944046021e-02 5.386210978031158447e-02 3.222959861159324646e-02 1.842233911156654358e-02 2.174053079215809703e-04 4.875106364488601685e-02 3.920507803559303284e-02 1.938499137759208679e-02 1.033303048461675644e-02 7.156024873256683350e-02 7.583879679441452026e-02 5.744586139917373657e-02 1.982670091092586517e-02
8.852325379848480225e-02 2.083437889814376831e-02 5.784719064831733704e-02 9.828224033117294312e-02 1.633767038583755493e-01 1.264742575585842133e-02 3.217162936925888062e-02 4.305544868111610413e-02 5.053024366497993469e-02 1.961711794137954712e-02 6.477148085832595825e-02 3.441215306520462036e-02 3.999898210167884827e-02 6.592271476984024048e-02 4.138557985424995422e-02 3.655267879366874695e-03 1.687459088861942291e-02 2.158617042005062103e-02 4.733603075146675110e-02 4.448528960347175598e-02 5.559523403644561768e-02 1.592848822474479675e-02 8.237460255622863770e-02 6.416227668523788452e-02 1.294658426195383072e-02 8.326151221990585327e-02 6.409835815429687500e-02 1.314336527138948441e-02 3.962754830718040466e-02 2.749197185039520264e-02 1.133417058736085892e-02 1.129161566495895386e-01 8.047762513160705566e-02 8.225433528423309326e-02 2.706852974370121956e-03 2.703310549259185791e-02 7.729988545179367065e-02 8.145811967551708221e-03 5.777695029973983765e-02 6.780468672513961792e-02 3.837719559669494629e-02 1.828504912555217743e-02 4.947486892342567444e-02 1.723985932767391205e-02 3.250424563884735107e-02 1.936331205070018768e-02 5.452679842710494995e-02 2.633251063525676727e-02 8.495052158832550049e-02 9.614724549464881420e-04 2.067739516496658325e-02 5.666162353008985519e-03 4.377382621169090271e-02 5.663741379976272583e-03 5.687400698661804199e-02 5.773575231432914734e-02 6.077643483877182007e-02 1.324546989053487778e-02 9.444067254662513733e-03 2.272599190473556519e-02 1.140485778450965881e-01 3.316400200128555298e-02 1.083325147628784180e-01 3.429857641458511353e-02 3.564421832561492920e-02 2.982638403773307800e-02 3.336091339588165283e-02 2.726743556559085846e-02 4.814184457063674927e-02 2.397690713405609131e-02 8.370828814804553986e-03 1.913197152316570282e-02 1.598032712936401367e-01 3.123825043439865112e-02 2.020239233970642090e-01 3.872587531805038452e-02 1.403743326663970947e-01 6.820134073495864868e-02 7.565750926733016968e-02 1.666810177266597748e-02 1.952685229480266571e-02 3.578964248299598694e-02 7.350396364927291870e-02 5.327856168150901794e-02 3.159415721893310547e-02 8.019636571407318115e-02 3.183332458138465881e-02 7.842347025871276855e-03 1.545020788908004761e-01 2.253178507089614868e-02 5.383398011326789856e-02 2.352746203541755676e-02 1.742728613317012787e-02 4.232212156057357788e-02 6.721193343400955200e-02 9.028661879710853100e-04 1.365929935127496719e-02 6.261256337165832520e-02 4.761784803122282028e-04 2.942552044987678528e-02 1.889609359204769135e-02 4.375210776925086975e-02 1.376461237668991089e-02 3.821065649390220642e-02 6.569505482912063599e-02 2.832210622727870941e-02 7.421386241912841797e-02 6.962003558874130249e-02 5.310051515698432922e-02 1.772152446210384369e-02 1.047970075160264969e-02 5.498747341334819794e-03 5.223407596349716187e-02 3.005750244483351707e-03 4.534360021352767944e-02 5.409148987382650375e-03
5.321656167507171631e-02 8.742725849151611328e-02 5.738097056746482849e-02 1.633767038583755493e-01 8.354108780622482300e-02 2.044277265667915344e-02 3.704328089952468872e-02 4.194386675953865051e-02 6.462194491177797318e-03 1.066228933632373810e-02 4.140723496675491333e-02 1.160485111176967621e-02 2.174625918269157410e-02 4.537736997008323669e-02 5.591884627938270569e-02 6.660385429859161377e-02 4.091974720358848572e-02 2.097661793231964111e-02 1.486437674611806870e-02 4.990062490105628967e-02 5.549812316894531250e-02 6.177513301372528076e-02 7.975163310766220093e-02 7.352107763290405273e-02 2.469686046242713928e-02 4.012210294604301453e-02 6.536381784826517105e-03 2.483782544732093811e-02 2.572134695947170258e-02 1.320446841418743134e-02 2.832638472318649292e-02 8.804129809141159058e-02 1.820545457303524017e-02 6.319943815469741821e-02 7.824970409274101257e-03 2.547081001102924347e-02 4.058239236474037170e-02 3.649408370256423950e-02 6.558407843112945557e-02 3.960976749658584595e-02 4.085938632488250732e-02 1.689038798213005066e-02 1.647377759218215942e-02 2.426310814917087555e-02 4.468915984034538269e-02 7.980354130268096924e-03 3.910741209983825684e-02 5.263801291584968567e-02 5.247495695948600769e-02 3.175126761198043823e-02 2.445721067488193512e-02 3.893057256937026978e-02 5.564844980835914612e-02 3.435670956969261169e-02 1.780405454337596893e-02 2.662189677357673645e-02 4.208423942327499390e-02 3.894425928592681885e-02 1.611559651792049408e-03 5.464266985654830933e-02 5.821145139634609222e-03 6.484711915254592896e-02 9.032914787530899048e-02 5.370876565575599670e-02 5.018111318349838257e-03 6.016338989138603210e-02 3.863599151372909546e-02 2.914534509181976318e-02 9.540605545043945312e-02 6.221181154251098633e-02 5.352773144841194153e-02 4.311230033636093140e-02 1.674850354902446270e-03 2.495609223842620850e-02 1.668759137392044067e-01 2.968844771385192871e-02 3.840721445158123970e-03 6.149955093860626221e-02 2.232463564723730087e-03 7.569348812103271484e-02 4.417066648602485657e-02 5.119721218943595886e-02 4.922198504209518433e-02 5.705459974706172943e-03 2.657418139278888702e-03 5.709012225270271301e-02 1.618401892483234406e-02 1.839715428650379181e-02 8.587523549795150757e-02 1.757595688104629517e-02 5.672627687454223633e-02 2.205683663487434387e-02 7.628964260220527649e-03 7.632139325141906738e-02 4.054282233119010925e-02 3.444965183734893799e-02 8.881077170372009277e-03 1.750848605297505856e-03 2.103293128311634064e-02 6.475493777543306351e-03 1.605641469359397888e-02 5.626222264254465699e-05 1.102539449930191040e-01 7.237797975540161133e-02 3.136011585593223572e-02 3.681848198175430298e-02 1.212866697460412979e-02 4.078165069222450256e-02 5.968266725540161133e-02 1.013764813542366028e-01 1.444671954959630966e-02 4.761533811688423157e-02 2.724467776715755463e-02 2.539002895355224609e-02 1.238812506198883057e-01 2.070280537009239197e-02
1.680046170949935913e-01 1.323058307170867920e-01 6.505339592695236206e-02 1.264742575585842133e-02 2.044277265667915344e-02 8.104811608791351318e-02 1.032687872648239136e-01 1.533111557364463806e-02 6.286117434501647949e-02 3.244084864854812622e-02 6.196512281894683838e-02 4.848359525203704834e-02 1.002396792173385620e-01 3.960381820797920227e-02 4.567725991364568472e-04 1.012730319052934647e-02 7.286487147212028503e-03 1.251824498176574707e-01 9.909513406455516815e-03 1.364554613828659058e-01 6.794791668653488159e-03 9.114592336118221283e-03 4.240671917796134949e-02 9.206196293234825134e-03 4.146785475313663483e-03 1.130587235093116760e-02 3.757688775658607483e-02 6.030639633536338806e-02 2.731731906533241272e-02 4.538362845778465271e-02 9.130346775054931641e-02 4.125032573938369751e-03 3.569586202502250671e-02 1.826826483011245728e-02 2.699035406112670898e-02 2.902704477310180664e-02 4.131428897380828857e-02 3.032345697283744812e-02 5.765662342309951782e-02 4.059796407818794250e-02 2.685739845037460327e-02 4.018607735633850098e-02 6.165513396263122559e-02 1.429366879165172577e-02 2.479293569922447205e-02 2.025119587779045105e-02 7.244596630334854126e-02 2.220810949802398682e-02 6.931821350008249283e-03 4.170466214418411255e-03 4.932524263858795166e-02 1.762624084949493408e-02 2.593381330370903015e-02 3.897025436162948608e-02 2.604633383452892303e-02 3.139783069491386414e-02 1.225916086696088314e-03 6.657232344150543213e-02 1.017226278781890869e-02 6.097905337810516357e-02 3.622200340032577515e-02 1.805320568382740021e-02 6.266669183969497681e-02 3.005173616111278534e-02 1.344075612723827362e-02 1.307647954672574997e-02 5.349479988217353821e-02 2.268139459192752838e-02 4.347778484225273132e-02 2.762183174490928650e-02 8.252578787505626678e-03 4.612254910171031952e-03 1.836912706494331360e-02 1.986757107079029083e-02 3.464603424072265625e-02 3.438220545649528503e-02 1.350355148315429688e-02 2.977327385451644659e-04 3.562674298882484436e-02 2.977110445499420166e-02 5.594369024038314819e-02 7.163912802934646606e-02 7.626541703939437866e-02 2.697346918284893036e-02 4.382267966866493225e-02 7.993016391992568970e-02 1.182436477392911911e-02 5.960612744092941284e-02 2.926185540854930878e-02 7.439924776554107666e-02 6.088467314839363098e-02 2.098684757947921753e-02 6.355875730514526367e-02 4.635000601410865784e-02 5.017279088497161865e-02 1.975247077643871307e-02 2.864173054695129395e-02 6.903907656669616699e-02 5.456163547933101654e-03 4.663052409887313843e-02 3.018643520772457123e-02 3.379993885755538940e-02 8.195024915039539337e-03 7.192326337099075317e-02 4.927156493067741394e-02 2.740200236439704895e-02 1.969028078019618988e-02 2.388804219663143158e-02 7.265027612447738647e-02 1.968261972069740295e-02 9.200686588883399963e-03 4.339089617133140564e-02 2.578965574502944946e-02 9.712845087051391602e-03 3.160087019205093384e-02 5.906092748045921326e-02
4.564704746007919312e-02 1.180512234568595886e-01 3.566170483827590942e-02 3.217162936925888062e-02 3.704328089952468872e-02 1.032687872648239136e-01 8.581683039665222168e-02 5.484209954738616943e-02 3.101026080548763275e-02 1.155585609376430511e-02 7.739970833063125610e-02 4.631357267498970032e-02 8.274252712726593018e-02 6.818609684705734253e-02 4.381846636533737183e-02 7.322629680857062340e-04 1.498221047222614288e-02 3.023327887058258057e-02 8.300191722810268402e-03 7.736720144748687744e-02 2.020621858537197113e-02 7.148624956607818604e-02 3.427660837769508362e-02 4.567105695605278015e-02 3.667176514863967896e-02 5.617620423436164856e-02 3.583820909261703491e-02 6.712637841701507568e-03 4.523145779967308044e-02 1.167124416679143906e-02 1.750804111361503601e-02 1.921028457581996918e-02 6.554394494742155075e-03 5.181629955768585205e-02 1.895908825099468231e-02 1.352473534643650055e-02 6.391943246126174927e-02 1.402558572590351105e-02 4.008227959275245667e-03 1.779249496757984161e-02 1.154921203851699829e-02 3.069233708083629608e-02 5.717286467552185059e-02 4.332272335886955261e-02 3.369946405291557312e-02 5.633699521422386169e-02 8.979541808366775513e-02 1.001243442296981812e-01 9.199680760502815247e-03 4.849842190742492676e-02 2.951226569712162018e-02 1.968296431005001068e-02 4.009269922971725464e-02 7.580341305583715439e-03 1.657016947865486145e-02 2.371693588793277740e-02 1.551213487982749939e-02 5.519113317131996155e-02 7.720367610454559326e-02 2.096632262691855431e-03 9.855053387582302094e-03 1.744401082396507263e-02 2.651096135377883911e-02 5.576112866401672363e-02 3.429852053523063660e-02 2.388849109411239624e-02 8.040069602429866791e-03 3.376274928450584412e-02 2.161746099591255188e-02 1.375015638768672943e-02 3.609361127018928528e-02 2.755124494433403015e-02 3.165355697274208069e-02 2.373721636831760406e-02 5.521136149764060974e-02 2.148824185132980347e-02 6.024438142776489258e-02 1.346542965620756149e-02 2.483324334025382996e-02 1.554665714502334595e-02 5.564268678426742554e-02 3.019477799534797668e-02 1.639550738036632538e-02 2.812058106064796448e-02 4.385706037282943726e-02 3.347905352711677551e-02 4.794348031282424927e-02 5.383431538939476013e-02 5.314903333783149719e-02 6.054238975048065186e-02 2.413615956902503967e-02 1.162696722894906998e-02 5.366422608494758606e-02 6.959292571991682053e-03 3.764330968260765076e-02 7.845845818519592285e-02 3.815863281488418579e-02 5.658944323658943176e-02 3.995097801089286804e-02 3.141385689377784729e-02 1.796519011259078979e-02 3.146567940711975098e-02 5.538791790604591370e-02 7.226542104035615921e-03 1.252709625987336040e-04 3.881525620818138123e-02 6.860063411295413971e-03 1.086006592959165573e-02 3.701880574226379395e-03 2.970155887305736542e-02 3.310689702630043030e-02 3.174268640577793121e-03 5.140352249145507812e-02 2.067284472286701202e-02 1.650537177920341492e-02 1.275630202144384384e-02
8.711830014362931252e-05 1.074555888772010803e-02 1.102521568536758423e-01 4.305544868111610413e-02 4.194386675953865051e-02 1.533111557364463806e-02 5.484209954738616943e-02 6.281798332929611206e-02 6.077081896364688873e-03 1.126904413104057312e-02 4.873779788613319397e-02 8.457651734352111816e-02 4.482149332761764526e-02 6.187149882316589355e-02 8.519228547811508179e-02 3.326303511857986450e-02 1.119294017553329468e-02 3.633080422878265381e-02 2.796473540365695953e-02 6.099776551127433777e-02 4.958589002490043640e-02 3.735280130058526993e-03 3.295395523309707642e-02 4.602004587650299072e-02 2.116993255913257599e-02 6.989596039056777954e-02 2.141522429883480072e-02 4.499435424804687500e-02 3.368390724062919617e-02 2.451653033494949341e-02 5.299067869782447815e-02 2.750287950038909912e-02 8.770393207669258118e-03 4.007088718935847282e-04 6.376925855875015259e-03 3.371625393629074097e-02 2.087616734206676483e-02 3.418362885713577271e-02 7.511313306167721748e-04 4.909476265311241150e-03 6.660237442702054977e-03 1.252558827400207520e-02 7.301940768957138062e-02 5.422159098088741302e-03 9.827847592532634735e-03 6.678166240453720093e-02 1.167854177765548229e-03 8.337459713220596313e-02 1.059202104806900024e-01 1.058343984186649323e-02 6.048680841922760010e-02 2.340717613697052002e-02 5.594316124916076660e-02 1.058584451675415039e-02 5.550899729132652283e-02 6.754060275852680206e-03 9.798736311495304108e-03 4.297584667801856995e-02 3.443078324198722839e-02 1.114792469888925552e-02 1.161020155996084213e-02 5.371863767504692078e-02 8.654179051518440247e-03 3.830215707421302795e-02 2.308730594813823700e-02 6.528618745505809784e-03 1.233626902103424072e-02 5.596814677119255066e-03 3.896031528711318970e-02 1.248223055154085159e-02 6.643851101398468018e-02 4.727467149496078491e-02 4.582626745104789734e-02 4.581563174724578857e-02 2.118439599871635437e-02 3.209775313735008240e-02 6.775854527950286865e-02 3.952289000153541565e-02 5.982847511768341064e-02 1.147545967251062393e-02 1.962691098451614380e-01 7.879549264907836914e-02 4.769759997725486755e-02 5.507637932896614075e-02 4.761065915226936340e-02 1.500001922249794006e-02 8.131565898656845093e-02 7.856158167123794556e-02 4.798551090061664581e-04 3.464807942509651184e-02 5.751485377550125122e-02 5.401032790541648865e-02 1.388610526919364929e-02 9.530076757073402405e-03 5.713928863406181335e-02 8.449668996036052704e-03 4.916929174214601517e-03 1.269054971635341644e-02 5.973097309470176697e-02 4.588509723544120789e-02 2.849822677671909332e-02 2.825118601322174072e-03 4.325521364808082581e-02 2.724589221179485321e-02 1.480214577168226242e-02 1.555772870779037476e-02 1.679443567991256714e-02 4.660305753350257874e-02 7.080868352204561234e-03 1.077207736670970917e-02 3.407954052090644836e-02 5.733215808868408203e-02 1.619056053459644318e-02 5.501790344715118408e-02 5.164127051830291748e-02 2.586521394550800323e-02
1.344147603958845139e-03 1.586431637406349182e-02 6.366600282490253448e-03 5.053024366497993469e-02 6.462194491177797318e-03 6.286117434501647949e-02 3.101026080548763275e-02 6.077081896364688873e-03 4.580307379364967346e-02 6.978177279233932495e-02 4.297216981649398804e-02 4.353632777929306030e-02 6.244790740311145782e-03 1.038793623447418213e-01 7.219756394624710083e-02 1.036975383758544922e-01 1.040861457586288452e-01 6.526149064302444458e-02 8.502255380153656006e-02 1.399374753236770630e-02 3.303927183151245117e-02 7.741279155015945435e-02 1.904818974435329437e-02 4.068529605865478516e-02 1.076192036271095276e-01 1.914593763649463654e-02 5.743037164211273193e-02 6.149121094495058060e-03 4.187836870551109314e-02 3.222418576478958130e-02 1.352182310074567795e-02 1.162162330001592636e-02 6.583987176418304443e-02 2.895989455282688141e-02 9.636516124010086060e-02 8.816974237561225891e-03 6.896073371171951294e-02 2.956928685307502747e-02 8.918605744838714600e-02 2.937397360801696777e-02 3.006888553500175476e-03 1.045828238129615784e-01 2.204284537583589554e-03 4.375239089131355286e-02 3.184933215379714966e-02 4.821971803903579712e-02 4.355570301413536072e-02 1.218284107744693756e-02 4.064818471670150757e-02 6.876867264509201050e-02 3.502780199050903320e-02 3.419704735279083252e-02 3.415509825572371483e-03 4.116211552172899246e-03 8.022628724575042725e-03 5.547409504652023315e-02 3.649905323982238770e-02 5.452235788106918335e-02 4.083352908492088318e-02 9.032298810780048370e-03 3.275631740689277649e-02 2.850730344653129578e-02 1.432606484740972519e-02 3.383254259824752808e-02 5.064786225557327271e-02 9.913854300975799561e-03 4.787840321660041809e-02 5.240752175450325012e-02 6.935613229870796204e-03 2.349332906305789948e-02 4.452172294259071350e-02 8.952685445547103882e-02 8.328942954540252686e-02 2.605835720896720886e-02 5.896427109837532043e-02 2.226718887686729431e-02 1.835765838623046875e-01 7.867899537086486816e-02 1.431766003370285034e-01 1.837998069822788239e-02 1.318597141653299332e-02 5.848025158047676086e-02 1.774671673774719238e-01 7.445351220667362213e-03 2.858322486281394958e-02 1.849048770964145660e-02 8.284713141620159149e-03 1.164312381297349930e-02 1.283638272434473038e-02 4.259597882628440857e-02 1.508730649948120117e-02 2.588841691613197327e-02 9.005882591009140015e-02 4.127762746065855026e-03 1.607745140790939331e-02 1.096776947379112244e-01 8.707386255264282227e-02 2.033513411879539490e-02 1.342679141089320183e-03 3.783374279737472534e-02 1.512832590378820896e-03 3.868018090724945068e-02 6.408993154764175415e-02 2.772781439125537872e-02 2.275169361382722855e-03 1.886323280632495880e-02 3.248834982514381409e-02 4.590484127402305603e-02 5.807111039757728577e-02 1.096356078051030636e-03 6.196841970086097717e-02 5.284147709608078003e-02 2.030021714745089412e-04 9.393330663442611694e-03 6.360323727130889893e-02 1.706168800592422485e-02
4.945707041770219803e-03 1.651281863451004028e-02 6.734927743673324585e-02 1.961711794137954712e-02 1.066228933632373810e-02 3.244084864854812622e-02 1.155585609376430511e-02 1.126904413104057312e-02 6.978177279233932495e-02 8.882047235965728760e-02 3.391738981008529663e-02 4.273000173270702362e-03 5.072234198451042175e-02 1.473698299378156662e-02 4.885394498705863953e-02 1.422678027302026749e-02 8.495764806866645813e-03 3.874498233199119568e-02 6.304954737424850464e-02 4.272781312465667725e-02 3.022598475217819214e-02 2.226033061742782593e-02 3.819172084331512451e-02 4.426171258091926575e-02 4.201299161650240421e-04 1.126346457749605179e-02 1.001771632581949234e-02 3.662997391074895859e-03 4.005359858274459839e-02 5.510230734944343567e-02 5.309428088366985321e-03 3.091282583773136139e-02 3.726427629590034485e-02 8.227750658988952637e-02 1.807253062725067139e-02 7.407677918672561646e-02 6.381739675998687744e-02 9.950934909284114838e-03 1.179043054580688477e-01 8.901996165513992310e-02 2.592196129262447357e-02 5.430557951331138611e-02 4.292732849717140198e-02 3.335523232817649841e-02 3.144353255629539490e-02 2.975837141275405884e-02 4.123777523636817932e-02 5.009702965617179871e-02 4.927936568856239319e-02 2.076473459601402283e-02 7.533269468694925308e-03 1.158708333969116211e-02 7.665964961051940918e-02 3.086380474269390106e-02 1.339321956038475037e-02 1.691169454716145992e-03 1.068926975131034851e-02 2.367269806563854218e-02 5.742765218019485474e-02 1.978934369981288910e-02 1.103488262742757797e-02 2.505813539028167725e-02 8.459564298391342163e-02 6.150015071034431458e-02 5.790515989065170288e-02 3.407861664891242981e-02 4.219464957714080811e-02 3.306869789958000183e-02 1.889929547905921936e-02 3.419859334826469421e-02 1.153946388512849808e-02 1.732717454433441162e-02 8.137017488479614258e-02 4.592262580990791321e-02 3.646874334663152695e-03 1.350200362503528595e-02 2.162479609251022339e-02 7.461238652467727661e-02 5.108790006488561630e-03 8.487194776535034180e-02 2.648895047605037689e-02 3.083592839539051056e-02 1.966485753655433655e-02 7.970152795314788818e-02 1.738562248647212982e-03 8.357025682926177979e-02 4.802155122160911560e-02 4.156753420829772949e-03 5.058784410357475281e-02 3.536514937877655029e-02 1.624961569905281067e-02 2.267130464315414429e-02 7.397654652595520020e-02 2.856494858860969543e-03 9.025647491216659546e-02 5.308157205581665039e-02 3.584460169076919556e-02 2.417248673737049103e-02 4.206614196300506592e-02 3.677564114332199097e-02 3.204978629946708679e-02 5.370465572923421860e-03 4.482076317071914673e-02 7.212948799133300781e-02 7.457568775862455368e-03 8.270946331322193146e-03 1.874683797359466553e-02 2.079355716705322266e-02 4.555764421820640564e-02 4.276243969798088074e-02 4.056495963595807552e-04 5.144816357642412186e-03 2.402806840837001801e-02 2.943499200046062469e-02 1.113519724458456039e-02 6.376259028911590576e-02
1.269452571868896484e-01 1.583769023418426514e-01 2.503883093595504761e-02 6.477148085832595825e-02 4.140723496675491333e-02 6.196512281894683838e-02 7.739970833063125610e-02 4.873779788613319397e-02 4.297216981649398804e-02 3.391738981008529663e-02 7.991727441549301147e-02 5.353992804884910583e-02 1.334083676338195801e-01 1.542014535516500473e-02 1.068368740379810333e-02 5.627144873142242432e-02 4.210545867681503296e-02 7.001802325248718262e-02 1.804156787693500519e-02 1.931181550025939941e-02 3.589355200529098511e-02 7.402347400784492493e-03 9.482285939157009125e-03 1.296012313105165958e-03 1.921228319406509399e-02 5.278325825929641724e-02 3.615560010075569153e-02 4.221723228693008423e-02 3.618659824132919312e-02 4.798860102891921997e-02 4.713790491223335266e-02 4.643355496227741241e-03 7.028988003730773926e-02 8.633180707693099976e-02 6.124971434473991394e-02 2.323991060256958008e-02 9.891629219055175781e-03 2.601647749543190002e-02 6.527278572320938110e-03 1.231760457158088684e-01 4.737177118659019470e-02 1.519832760095596313e-02 3.174965083599090576e-02 2.637519687414169312e-02 2.112218365073204041e-02 3.126376867294311523e-02 6.182009354233741760e-02 1.470023673027753830e-02 6.712255999445915222e-04 5.748810246586799622e-02 2.128281444311141968e-02 1.891498453915119171e-03 1.534928660839796066e-02 3.102686023339629173e-03 5.397445708513259888e-02 2.159332856535911560e-02 7.493966817855834961e-02 2.481427416205406189e-02 4.099541809409856796e-03 8.185136131942272186e-03 5.673968791961669922e-02 3.867490217089653015e-02 7.862194627523422241e-02 9.501422196626663208e-02 1.131188496947288513e-01 5.139756575226783752e-02 1.473853923380374908e-02 1.569650880992412567e-02 8.318354375660419464e-03 1.143633201718330383e-02 6.468071043491363525e-02 1.934051141142845154e-02 2.320054545998573303e-02 5.254461430013179779e-03 2.324210479855537415e-02 1.732680387794971466e-02 3.985353279858827591e-03 4.250727593898773193e-02 5.535409972071647644e-02 4.483614466153085232e-04 1.214499864727258682e-02 9.144374169409275055e-03 1.481209695339202881e-02 1.780655607581138611e-02 4.933100193738937378e-02 9.834538213908672333e-03 7.018771022558212280e-02 5.328128114342689514e-02 3.132935613393783569e-03 2.363318577408790588e-02 3.232210874557495117e-02 1.010175645351409912e-01 6.536212563514709473e-02 2.719925343990325928e-02 5.796111654490232468e-03 3.061736002564430237e-02 7.859575562179088593e-03 2.669554576277732849e-02 1.911648921668529510e-02 6.133818998932838440e-02 5.653494503349065781e-03 9.543512016534805298e-02 2.333638817071914673e-02 1.360361278057098389e-01 7.070964667946100235e-03 3.641796996816992760e-03 1.546193100512027740e-02 7.760394364595413208e-02 5.781712010502815247e-02 5.298450589179992676e-02 2.740151248872280121e-02 6.869923323392868042e-02 4.584106430411338806e-02 4.223533347249031067e-02 4.209956154227256775e-02 1.975902356207370758e-02
5.574161186814308167e-02 2.023458480834960938e-02 1.035692095756530762e-01 3.441215306520462036e-02 1.160485111176967621e-02 4.848359525203704834e-02 4.631357267498970032e-02 8.457651734352111816e-02 4.353632777929306030e-02 4.273000173270702362e-03 5.353992804884910583e-02 8.399441093206405640e-02 1.948793604969978333e-02 1.214249730110168457e-01 6.476365774869918823e-02 1.921775005757808685e-02 1.850690320134162903e-02 2.541908249258995056e-02 3.365076147019863129e-03 9.324228391051292419e-03 4.927739500999450684e-03 4.465729370713233948e-02 4.438088461756706238e-02 1.242847181856632233e-02 3.563462942838668823e-02 5.920121818780899048e-02 2.746270783245563507e-02 1.152533814311027527e-01 3.691395744681358337e-02 1.312719732522964478e-01 4.406369756907224655e-03 4.130506515502929688e-02 2.121481299400329590e-02 5.586491152644157410e-02 1.724014244973659515e-02 2.673461101949214935e-02 1.367239747196435928e-02 5.363860726356506348e-02 8.525721728801727295e-03 2.890832535922527313e-02 3.874124586582183838e-02 3.505050670355558395e-03 3.805123642086982727e-02 7.536624372005462646e-02 2.600241266191005707e-02 2.802648232318460941e-04 4.774088412523269653e-02 6.174078956246376038e-02 3.767690807580947876e-02 2.037599496543407440e-02 1.098179910331964493e-02 5.663621053099632263e-02 1.072323042899370193e-02 2.213527448475360870e-02 8.826038241386413574e-02 2.737796306610107422e-02 3.636873140931129456e-02 7.723629474639892578e-02 5.575587972998619080e-03 3.960187546908855438e-03 8.029039949178695679e-02 1.499088667333126068e-02 5.358879268169403076e-02 4.831409826874732971e-02 3.808829188346862793e-02 4.281588643789291382e-02 5.687790457159280777e-03 2.366745844483375549e-02 5.940140783786773682e-02 3.930793702602386475e-02 7.899739779531955719e-03 2.615541592240333557e-02 4.715771228075027466e-02 1.234375499188899994e-02 3.768907114863395691e-02 1.062215957790613174e-02 9.444505907595157623e-03 1.950847916305065155e-02 1.563150621950626373e-02 4.980121925473213196e-02 6.788058578968048096e-02 7.384584844112396240e-02 5.836264789104461670e-02 2.687413804233074188e-02 3.647408634424209595e-02 5.810041446238756180e-03 2.208599261939525604e-02 4.352962225675582886e-02 2.193858288228511810e-02 2.749112993478775024e-02 4.866940900683403015e-02 6.617157720029354095e-03 6.582544650882482529e-03 9.772415272891521454e-03 7.230029907077550888e-03 2.039987593889236450e-02 1.786675117909908295e-02 1.780653931200504303e-02 2.778023853898048401e-02 3.985808789730072021e-02 2.912803180515766144e-02 5.370843037962913513e-02 6.375908851623535156e-02 1.929804682731628418e-02 2.889322489500045776e-02 1.242759637534618378e-03 1.032325811684131622e-02 1.100584026426076889e-02 5.303656682372093201e-02 2.506065368652343750e-02 2.418096642941236496e-03 2.601337991654872894e-02 2.163914777338504791e-02 5.980244278907775879e-02 5.941134077147580683e-05 5.602918565273284912e-02
6.342617422342300415e-02 1.245630905032157898e-01 1.024964544922113419e-02 3.999898210167884827e-02 2.174625918269157410e-02 1.002396792173385620e-01 8.274252712726593018e-02 4.482149332761764526e-02 6.244790740311145782e-03 5.072234198451042175e-02 1.334083676338195801e-01 1.948793604969978333e-02 9.038786590099334717e-02 2.419496141374111176e-02 5.544200167059898376e-02 1.749716885387897491e-02 3.359537199139595032e-02 6.868907064199447632e-02 9.939663112163543701e-03 8.312178775668144226e-03 3.298939671367406845e-03 4.951314069330692291e-03 6.311275064945220947e-02 3.148282319307327271e-02 1.489839516580104828e-02 3.171604825183749199e-03 3.822814673185348511e-02 6.082241982221603394e-02 5.818600207567214966e-02 5.962425097823143005e-02 5.807246267795562744e-02 1.375288143754005432e-02 2.369604073464870453e-02 1.784506603144109249e-03 4.600004851818084717e-02 2.199806272983551025e-02 2.377870120108127594e-02 4.170034453272819519e-02 1.636699587106704712e-02 5.371775105595588684e-02 1.748112775385379791e-02 1.398917753249406815e-02 6.524592638015747070e-02 1.829314231872558594e-02 5.015540495514869690e-02 3.805473446846008301e-02 3.623310476541519165e-02 5.919977650046348572e-02 2.240486815571784973e-02 2.695782668888568878e-02 2.627259492874145508e-02 2.055633626878261566e-02 3.576089069247245789e-02 6.241105962544679642e-03 1.981392875313758850e-02 2.360710315406322479e-02 4.953344166278839111e-02 1.199096161872148514e-02 2.107053622603416443e-02 4.549711570143699646e-02 3.672317788004875183e-02 2.112377993762493134e-02 4.047819226980209351e-02 7.346536964178085327e-02 6.346118450164794922e-02 9.123562276363372803e-02 1.673316955566406250e-02 3.451148793101310730e-02 5.958319827914237976e-02 8.989965543150901794e-03 3.378739580512046814e-02 3.649720549583435059e-02 4.175088368356227875e-03 1.551537960767745972e-02 4.007651470601558685e-03 1.836200430989265442e-02 5.994942784309387207e-02 2.765391208231449127e-02 3.639794886112213135e-02 4.494000971317291260e-02 4.753755405545234680e-02 6.001523882150650024e-02 2.873615175485610962e-02 2.121335081756114960e-02 1.924382150173187256e-02 3.867875551804900169e-03 9.957138448953628540e-02 9.255690872669219971e-02 9.172759205102920532e-02 7.178983092308044434e-02 7.438912242650985718e-02 2.073089778423309326e-02 8.857320994138717651e-03 2.954847179353237152e-03 7.368153333663940430e-02 1.069669798016548157e-01 5.101048573851585388e-02 2.009668946266174316e-02 1.802992261946201324e-02 4.151208326220512390e-02 8.970642462372779846e-03 8.731536567211151123e-03 6.900092959403991699e-02 5.546615272760391235e-02 3.795877099037170410e-02 1.534216012805700302e-02 4.952105507254600525e-02 5.762884765863418579e-02 5.039820820093154907e-02 1.609496027231216431e-02 4.724735021591186523e-02 5.959367752075195312e-02 1.719329319894313812e-02 3.137099323794245720e-03 5.855117738246917725e-02 6.109869107604026794e-02
