2.151940613985061646e-01 2.592875361442565918e-01 4.166635498404502869e-02 1.070581190288066864e-02 2.603376843035221100e-02 1.282658725976943970e-01 1.105861067771911621e-01 1.193889696151018143e-02 4.176229704171419144e-03 1.644241251051425934e-02 2.180675566196441650e-01 2.307832799851894379e-02 1.686637997627258301e-01 2.388056740164756775e-02 1.973344758152961731e-02 3.003754094243049622e-02 5.835199728608131409e-02 2.549206092953681946e-02 6.977657321840524673e-04 1.257409341633319855e-03 4.032701626420021057e-02 1.265498436987400055e-02 2.475068531930446625e-02 1.995177380740642548e-02 2.363278158009052277e-02 3.314515948295593262e-02 3.487815335392951965e-02 5.556016694754362106e-04 1.905549783259630203e-03 1.848597452044487000e-02 4.420810937881469727e-02 5.461977422237396240e-02 5.007467046380043030e-02 4.337199404835700989e-02 1.005606632679700851e-02 1.934450585395097733e-03 3.821981325745582581e-02 3.210855182260274887e-03 3.963527083396911621e-02 7.029257714748382568e-03 4.589764028787612915e-02 4.950587078928947449e-02 3.560426458716392517e-02 5.434872955083847046e-02 2.450590580701828003e-02 3.326014056801795959e-02 1.672089844942092896e-01 3.670939803123474121e-02 9.186897426843643188e-03 1.898718625307083130e-02 9.746785275638103485e-03 1.814557984471321106e-02 1.032285019755363464e-02 1.081183925271034241e-02 3.900379315018653870e-02 3.380550444126129150e-02 2.049322240054607391e-02 1.883421279489994049e-02 2.135745249688625336e-03 5.146659910678863525e-03 1.712576299905776978e-02 2.221912331879138947e-02 2.776817418634891510e-02 1.610349677503108978e-02 1.739712245762348175e-02 3.523930534720420837e-02 3.358522057533264160e-02 1.177854556590318680e-02 9.840475395321846008e-03 3.484888235107064247e-03 1.656307466328144073e-02 2.347085624933242798e-02 1.707875914871692657e-02 2.714115194976329803e-03 2.588624920463189483e-05 3.105793148279190063e-02 2.849313663318753242e-03 2.248673141002655029e-02 4.069359973073005676e-02 1.375203020870685577e-02 2.695361338555812836e-02 8.957608602941036224e-03 2.365141548216342926e-02 1.703380420804023743e-02 2.504742518067359924e-02 3.265292569994926453e-02 2.371785789728164673e-02 2.259171195328235626e-02 2.859254740178585052e-02 6.158465519547462463e-02 2.434292621910572052e-02 1.082259695976972580e-02 3.025644645094871521e-02 4.924051091074943542e-02 5.861216224730014801e-03 4.454651474952697754e-02 1.091099344193935394e-02 7.121989130973815918e-02 3.940340131521224976e-02 7.984191179275512695e-03 1.533368695527315140e-02 4.802656258107163012e-05 1.285378006286919117e-03 2.566186524927616119e-02 2.355345711112022400e-02 2.218672633171081543e-02 1.046544313430786133e-02 1.278101094067096710e-02 3.191640600562095642e-02 1.536725903861224651e-03 4.102051630616188049e-02 1.407332811504602432e-02 3.164908289909362793e-02 3.405271098017692566e-02 4.911929368972778320e-02 1.629564166069030762e-02
2.592875361442565918e-01 1.924809366464614868e-01 4.843269288539886475e-02 1.118801534175872803e-03 2.450064942240715027e-02 1.224939525127410889e-01 1.488550305366516113e-01 7.422195281833410263e-03 2.986709773540496826e-02 9.562371298670768738e-03 1.747773885726928711e-01 1.691054180264472961e-02 1.678028702735900879e-01 3.445664187893271446e-04 2.254355512559413910e-02 1.609086617827415466e-02 9.851871058344841003e-03 2.400907687842845917e-02 5.208452697843313217e-03 2.006961219012737274e-02 4.908730462193489075e-02 1.337660942226648331e-04 8.530087769031524658e-03 2.120191417634487152e-02 1.083159819245338440e-02 1.683633960783481598e-02 4.120995104312896729e-02 2.247695252299308777e-02 4.805082455277442932e-02 3.895637392997741699e-02 1.307799201458692551e-02 6.755021959543228149e-02 2.942613884806632996e-02 6.022697314620018005e-02 2.850160188972949982e-02 2.449746429920196533e-02 4.405105859041213989e-02 1.636998169124126434e-02 3.510100394487380981e-02 7.068427745252847672e-03 9.675970301032066345e-03 2.770799770951271057e-02 1.291365642100572586e-02 2.252746745944023132e-02 3.475788980722427368e-02 8.165894076228141785e-03 1.388266831636428833e-01 2.109696622937917709e-03 5.125875025987625122e-02 2.983700297772884369e-02 4.313729703426361084e-02 4.811781272292137146e-02 9.346944279968738556e-03 3.454909659922122955e-03 7.194607052952051163e-03 4.005176946520805359e-02 4.746973142027854919e-02 2.542628161609172821e-02 3.056256845593452454e-02 1.059190556406974792e-02 9.102406911551952362e-03 2.107234671711921692e-02 6.182486191391944885e-02 4.386646673083305359e-02 2.642028965055942535e-02 3.168614814057946205e-03 7.737082988023757935e-02 1.911284774541854858e-02 7.386546116322278976e-03 1.917572878301143646e-02 1.037373393774032593e-02 2.781842648983001709e-02 1.257583964616060257e-02 3.137574298307299614e-03 1.631010510027408600e-02 2.456415444612503052e-03 1.736036315560340881e-02 1.945085078477859497e-02 2.780865877866744995e-03 8.910564705729484558e-03 4.261936247348785400e-02 9.530331939458847046e-03 6.774517707526683807e-03 3.156772255897521973e-02 2.841134369373321533e-02 3.510711714625358582e-02 3.940735477954149246e-03 2.226106822490692139e-02 1.726851239800453186e-02 3.487225249409675598e-02 2.077661082148551941e-02 4.609920084476470947e-02 7.095562759786844254e-03 6.156516447663307190e-02 1.119165495038032532e-02 5.529995635151863098e-02 8.558773435652256012e-03 2.443847991526126862e-02 1.299719419330358505e-02 1.720780134201049805e-02 1.897061988711357117e-02 1.337220519781112671e-02 7.203588262200355530e-03 2.214289829134941101e-02 1.094982307404279709e-02 3.183526545763015747e-02 1.088140998035669327e-02 6.563291698694229126e-02 2.992750331759452820e-02 6.520184129476547241e-02 6.514998525381088257e-02 5.127970501780509949e-02 9.510886855423450470e-03 3.803662955760955811e-02 1.760868169367313385e-02 5.942059680819511414e-03
4.166635498404502869e-02 4.843269288539886475e-02 4.061312600970268250e-02 2.712415345013141632e-02 2.369008958339691162e-02 9.633177891373634338e-03 5.132398754358291626e-02 1.367840766906738281e-01 3.776920959353446960e-02 6.966888904571533203e-03 1.154766902327537537e-01 3.730116412043571472e-02 1.385156530886888504e-02 4.531648382544517517e-02 7.426622509956359863e-02 3.207338601350784302e-02 4.308843240141868591e-02 1.764255389571189880e-02 5.536125227808952332e-02 1.148313377052545547e-02 2.079799398779869080e-02 4.489665152505040169e-04 1.598039455711841583e-02 4.032549262046813965e-02 1.996070332825183868e-02 6.265321746468544006e-03 7.350361905992031097e-03 1.218776311725378036e-02 2.729286439716815948e-02 2.450340613722801208e-02 7.454906404018402100e-02 2.235303260385990143e-02 1.271368376910686493e-02 1.227751187980175018e-02 2.351788338273763657e-03 1.443800749257206917e-03 2.186597511172294617e-02 3.022370301187038422e-02 2.184746973216533661e-02 2.883336972445249557e-03 4.730760306119918823e-02 5.980408750474452972e-03 1.946391351521015167e-02 7.518251240253448486e-02 1.761102676391601562e-02 7.674134336411952972e-03 5.215571820735931396e-02 1.217117458581924438e-01 3.534860443323850632e-03 1.690622229943983257e-05 1.346974866464734077e-03 9.294224902987480164e-03 5.643349513411521912e-02 1.253657229244709015e-02 4.891721904277801514e-02 4.108614812139421701e-04 1.558927632868289948e-02 1.540327444672584534e-02 5.321952700614929199e-02 4.086313396692276001e-02 3.112519718706607819e-02 3.487955033779144287e-02 2.414354681968688965e-02 8.942205458879470825e-02 4.173075314611196518e-03 4.144552722573280334e-02 2.110330387949943542e-02 6.021158304065465927e-03 7.410195469856262207e-02 1.457593310624361038e-02 3.986965492367744446e-02 1.390117779374122620e-02 1.204872876405715942e-02 7.387261092662811279e-02 3.398562595248222351e-02 2.383624017238616943e-02 1.126408344134688377e-03 3.094527311623096466e-02 2.869754470884799957e-02 2.493118681013584137e-02 1.478456258773803711e-01 8.737315982580184937e-02 1.000090967863798141e-02 2.866261079907417297e-02 5.446363706141710281e-03 4.280279856175184250e-03 3.956311568617820740e-02 6.263263523578643799e-02 4.459813935682177544e-04 3.570604324340820312e-02 3.002123162150382996e-02 1.739380694925785065e-02 5.963781103491783142e-02 2.546832337975502014e-02 6.282841414213180542e-02 5.406540259718894958e-02 2.521918527781963348e-02 5.720742978155612946e-03 1.752469129860401154e-02 1.639653742313385010e-02 1.438626274466514587e-02 5.065132398158311844e-03 9.956618770956993103e-03 9.024083614349365234e-03 4.860040172934532166e-02 2.478690445423126221e-02 3.981536254286766052e-02 5.097863264381885529e-03 8.242735639214515686e-04 2.450834726914763451e-03 6.084200367331504822e-02 4.413793608546257019e-02 1.557646226137876511e-02 3.329169470816850662e-03 7.858841679990291595e-03 1.386450603604316711e-02
1.070581190288066864e-02 1.118801534175872803e-03 2.712415345013141632e-02 6.363651156425476074e-02 1.674355268478393555e-01 1.492699515074491501e-02 1.044626405928283930e-04 3.554551303386688232e-02 3.501605242490768433e-03 5.749183893203735352e-02 4.114511981606483459e-02 3.265579044818878174e-02 2.444495446979999542e-02 6.761493161320686340e-03 3.637989982962608337e-02 1.308590359985828400e-02 3.632483258843421936e-02 1.953941211104393005e-02 4.429505765438079834e-02 7.740940898656845093e-03 3.909504041075706482e-02 3.987487405538558960e-02 6.441788375377655029e-02 3.843893855810165405e-02 7.803580723702907562e-03 2.020650543272495270e-02 1.676961965858936310e-02 8.323963731527328491e-02 1.199923641979694366e-02 5.527729168534278870e-02 2.743511088192462921e-02 5.208711605519056320e-03 9.750098921358585358e-03 1.545893400907516479e-02 4.279313236474990845e-02 3.395938314497470856e-03 5.441697314381599426e-03 6.975673884153366089e-02 1.334731578826904297e-01 4.560542851686477661e-02 1.326647587120532990e-02 1.053399173542857170e-03 2.403995208442211151e-02 3.216560930013656616e-02 3.169952658936381340e-03 4.810153320431709290e-02 2.610995247960090637e-02 3.034623898565769196e-02 2.258536592125892639e-02 7.241939008235931396e-02 8.303633891046047211e-03 1.932976767420768738e-02 2.917589806020259857e-02 4.281390458345413208e-02 3.064358420670032501e-02 6.575202196836471558e-02 2.596504054963588715e-02 1.325337029993534088e-02 4.001305904239416122e-03 4.425159096717834473e-02 3.553466126322746277e-02 1.984624750912189484e-02 2.866864763200283051e-02 1.573506556451320648e-02 9.775172919034957886e-03 2.899946644902229309e-03 3.602589666843414307e-02 4.416858404874801636e-02 3.973633795976638794e-02 1.885381876491010189e-03 4.039721563458442688e-03 3.556271269917488098e-02 8.935664594173431396e-02 5.354420468211174011e-02 3.012313693761825562e-02 1.638564094901084900e-02 2.096256241202354431e-02 2.603503316640853882e-02 1.086902152746915817e-02 1.461553853005170822e-02 3.000080585479736328e-02 5.295758321881294250e-02 6.939497590065002441e-02 2.814557775855064392e-02 5.090928636491298676e-03 4.403594415634870529e-03 6.882075965404510498e-02 9.601797792129218578e-04 6.357146054506301880e-02 5.493775010108947754e-02 1.211150176823139191e-02 7.221134006977081299e-02 4.613909125328063965e-02 4.595416784286499023e-02 1.139485090970993042e-02 1.744589535519480705e-03 7.391533255577087402e-02 2.455954998731613159e-02 1.319520920515060425e-02 2.931627817451953888e-02 4.406142979860305786e-02 4.828738793730735779e-02 2.003713324666023254e-02 9.953290224075317383e-03 2.165067940950393677e-02 2.579687908291816711e-02 9.382454678416252136e-03 2.755881287157535553e-02 3.869532421231269836e-02 3.034216538071632385e-02 2.025546133518218994e-02 1.307170372456312180e-02 1.857512071728706360e-02 9.834511001827195287e-05 1.335864886641502380e-02 1.433449052274227142e-02
2.603376843035221100e-02 2.450064942240715027e-02 2.369008958339691162e-02 1.674355268478393555e-01 1.066302508115768433e-01 1.485590450465679169e-02 6.206759251654148102e-03 5.110246315598487854e-02 2.942044287919998169e-02 1.220056787133216858e-02 1.364677958190441132e-02 9.034121409058570862e-03 1.075712032616138458e-02 2.071092370897531509e-03 2.640242315828800201e-02 2.218070626258850098e-02 4.165932163596153259e-02 1.942750811576843262e-02 9.368008375167846680e-02 2.008678577840328217e-02 5.219510570168495178e-02 6.263145059347152710e-02 1.456142030656337738e-02 2.536268346011638641e-02 3.346338868141174316e-03 2.237509936094284058e-02 4.394774883985519409e-02 3.056993149220943451e-02 3.081177175045013428e-02 2.036049589514732361e-02 1.302539743483066559e-02 1.518437929917126894e-04 2.000673115253448486e-02 5.694997683167457581e-02 2.150201611220836639e-02 2.292264625430107117e-02 2.911263518035411835e-02 4.428661987185478210e-02 4.936993494629859924e-02 4.778711497783660889e-02 7.942185737192630768e-03 1.863127015531063080e-02 3.774311859160661697e-03 2.181408740580081940e-02 3.226183727383613586e-02 1.127364486455917358e-02 2.859475836157798767e-02 4.289051517844200134e-03 2.278634114190936089e-03 1.938312663696706295e-03 3.620688617229461670e-02 3.722868114709854126e-02 4.845695942640304565e-02 1.160694379359483719e-02 3.475063666701316833e-02 2.760495617985725403e-02 1.350263599306344986e-02 7.610994856804609299e-03 3.646776080131530762e-02 3.079691529273986816e-02 5.299119278788566589e-02 7.265261560678482056e-02 6.641939398832619190e-04 1.739204302430152893e-02 3.851055353879928589e-02 4.594420082867145538e-03 4.635872691869735718e-02 5.820991471409797668e-02 1.961025781929492950e-02 2.525563910603523254e-02 1.874168775975704193e-02 1.503301504999399185e-02 5.564875900745391846e-02 2.017125114798545837e-02 5.561443045735359192e-02 2.722903713583946228e-02 2.171904779970645905e-02 2.308828989043831825e-03 1.322421710938215256e-02 6.776927970349788666e-03 3.796921344473958015e-03 1.360024884343147278e-02 4.309889674186706543e-02 7.998394221067428589e-02 8.977103978395462036e-03 9.287238121032714844e-03 3.767500445246696472e-02 1.773297600448131561e-02 1.656948775053024292e-02 2.991719171404838562e-02 1.187640242278575897e-02 1.960110478103160858e-02 2.734131552278995514e-02 2.276198938488960266e-02 4.362962394952774048e-02 7.229695096611976624e-03 1.765584759414196014e-02 7.920154370367527008e-03 4.170178249478340149e-02 1.817824319005012512e-02 1.820642687380313873e-02 3.152918815612792969e-02 2.414769306778907776e-02 3.931381925940513611e-02 1.864852011203765869e-02 2.116868644952774048e-02 2.489818260073661804e-02 4.131185263395309448e-02 1.101885549724102020e-02 6.483729183673858643e-02 1.247880049049854279e-02 1.040822919458150864e-02 3.238774836063385010e-02 5.723684560507535934e-03 2.986693382263183594e-02 2.540552988648414612e-02
1.282658725976943970e-01 1.224939525127410889e-01 9.633177891373634338e-03 1.492699515074491501e-02 1.485590450465679169e-02 1.719882786273956299e-01 2.207068502902984619e-01 4.344795271754264832e-02 3.214577212929725647e-02 2.203910239040851593e-02 7.532391697168350220e-02 8.008632063865661621e-02 4.294690489768981934e-02 9.576281160116195679e-02 7.438544183969497681e-02 1.275876257568597794e-02 1.254957355558872223e-02 6.980727892369031906e-03 5.775076337158679962e-03 6.030016578733921051e-03 6.130157038569450378e-02 4.499249905347824097e-02 9.166181087493896484e-03 4.142452031373977661e-02 1.890525221824645996e-02 5.721310153603553772e-03 1.472867373377084732e-02 8.180327713489532471e-03 2.729177847504615784e-02 2.556642517447471619e-03 4.881606251001358032e-02 7.873164489865303040e-03 3.396795690059661865e-02 3.888027509674429893e-03 2.032766817137598991e-03 2.205793187022209167e-02 2.155134826898574829e-02 4.104754701256752014e-02 1.175422314554452896e-02 2.145542763173580170e-02 5.272959172725677490e-02 3.937586210668087006e-03 2.853805199265480042e-02 4.648611694574356079e-02 4.167645052075386047e-02 2.593893557786941528e-02 1.981088668107986450e-01 6.020065024495124817e-02 5.235695466399192810e-02 1.201940933242440224e-03 4.568018019199371338e-03 6.415868550539016724e-02 4.167401790618896484e-02 3.442412475124001503e-03 4.037696123123168945e-02 1.571598113514482975e-03 9.085370111279189587e-04 4.193103685975074768e-02 1.952739059925079346e-02 2.885869704186916351e-02 3.818724944721907377e-04 2.752231433987617493e-02 2.673018723726272583e-02 2.426431328058242798e-02 4.239610582590103149e-02 3.572560846805572510e-02 2.975461445748806000e-02 1.261278614401817322e-02 1.204371452331542969e-02 2.481868304312229156e-02 1.583177712745964527e-03 3.287515044212341309e-02 1.208540424704551697e-02 6.138569675385951996e-03 2.381429821252822876e-02 1.066463440656661987e-02 1.126674469560384750e-02 2.824650518596172333e-02 4.876349121332168579e-03 4.344408586621284485e-02 3.222208470106124878e-02 5.590804503299295902e-04 5.542566999793052673e-03 2.306550368666648865e-02 3.316967934370040894e-02 3.462765365839004517e-02 3.014212416019290686e-04 2.854359336197376251e-02 2.902161143720149994e-02 2.440815418958663940e-02 4.840521141886711121e-02 1.468885317444801331e-02 3.538911044597625732e-02 1.393636409193277359e-02 4.462563246488571167e-02 4.399434849619865417e-02 3.383963555097579956e-02 7.439489662647247314e-02 2.390753105282783508e-02 2.731517516076564789e-02 8.348439820110797882e-03 3.133471682667732239e-02 1.836124248802661896e-02 6.928987801074981689e-03 4.165926948189735413e-02 8.736777119338512421e-03 4.183390736579895020e-02 1.624149270355701447e-02 7.230802904814481735e-03 3.077740408480167389e-02 4.765464458614587784e-03 1.720992475748062134e-02 4.299116134643554688e-02 1.460834965109825134e-02 1.852572150528430939e-02 1.016408763825893402e-02
1.105861067771911621e-01 1.488550305366516113e-01 5.132398754358291626e-02 1.044626405928283930e-04 6.206759251654148102e-03 2.207068502902984619e-01 2.082306891679763794e-01 3.797755017876625061e-02 9.716284461319446564e-03 1.412760186940431595e-02 9.060778468847274780e-02 2.366497181355953217e-02 1.020219624042510986e-01 2.836253680288791656e-02 7.388509064912796021e-02 2.634065225720405579e-02 3.564828634262084961e-02 2.243726328015327454e-02 3.673361241817474365e-02 2.980570495128631592e-02 5.477687343955039978e-02 4.744324833154678345e-02 6.881147623062133789e-03 1.438616216182708740e-02 8.813365362584590912e-03 1.520200166851282120e-02 3.458919003605842590e-02 2.525262720882892609e-02 4.188121855258941650e-02 1.167047396302223206e-02 4.515503067523241043e-03 2.608071267604827881e-02 7.906864630058407784e-04 4.223340190947055817e-03 1.745394244790077209e-02 2.312958426773548126e-02 4.753336310386657715e-02 2.119927230523899198e-04 7.421983778476715088e-02 4.631794989109039307e-02 2.004005014896392822e-02 4.748449847102165222e-02 3.149899467825889587e-02 5.092092603445053101e-02 2.365288510918617249e-02 4.231952503323554993e-02 1.774391233921051025e-01 2.270625084638595581e-01 2.767734974622726440e-02 7.941271178424358368e-03 8.715549483895301819e-03 3.087471984326839447e-02 1.954517327249050140e-02 3.772975504398345947e-02 1.132693979889154434e-02 2.944806963205337524e-02 1.680308580398559570e-02 2.507651515770703554e-04 1.593146473169326782e-02 1.450773235410451889e-02 5.740783642977476120e-03 1.190364919602870941e-02 2.682112529873847961e-02 1.412808429449796677e-02 1.786039583384990692e-02 3.393470123410224915e-02 2.754186466336250305e-02 1.943736150860786438e-02 2.866579219698905945e-03 9.219243377447128296e-02 3.885771334171295166e-02 2.693897858262062073e-02 2.733607590198516846e-02 4.601030796766281128e-02 2.212982653873041272e-04 7.875521667301654816e-03 3.132745996117591858e-02 3.787954896688461304e-02 5.419592186808586121e-02 9.382544457912445068e-02 4.915402084589004517e-02 2.219215221703052521e-02 2.048170007765293121e-02 9.739720262587070465e-03 2.339237369596958160e-03 5.038890056312084198e-03 3.186649177223443985e-03 3.630534047260880470e-03 1.906783320009708405e-02 2.576023899018764496e-02 2.661538682878017426e-02 4.436286538839340210e-02 6.793691962957382202e-02 3.706467524170875549e-02 4.158652946352958679e-02 7.908210158348083496e-02 2.299791201949119568e-02 3.788758069276809692e-02 1.027354598045349121e-02 1.366975717246532440e-03 1.624121703207492828e-02 4.362027160823345184e-03 2.586274035274982452e-02 5.812166631221771240e-02 2.283872105181217194e-02 3.431699424982070923e-02 2.470925636589527130e-02 2.485465025529265404e-03 3.262403607368469238e-02 3.309397771954536438e-02 2.016579528572037816e-04 1.623922772705554962e-02 5.536428838968276978e-02 3.559262491762638092e-03 4.325675591826438904e-02 3.244645148515701294e-02
1.193889696151018143e-02 7.422195281833410263e-03 1.367840766906738281e-01 3.554551303386688232e-02 5.110246315598487854e-02 4.344795271754264832e-02 3.797755017876625061e-02 1.497960239648818970e-01 5.020475015044212341e-03 4.354990087449550629e-03 3.664039447903633118e-02 4.324429668486118317e-03 5.797555297613143921e-02 1.987179275602102280e-03 1.503241807222366333e-01 2.384771220386028290e-02 2.577871084213256836e-02 3.803598135709762573e-02 2.463060244917869568e-02 3.186582401394844055e-02 4.951582103967666626e-02 8.597199618816375732e-02 3.123471140861511230e-02 3.681417927145957947e-02 3.252651542425155640e-02 9.298750199377536774e-03 6.611143797636032104e-02 3.485843911767005920e-02 5.853718146681785583e-02 6.140810251235961914e-02 1.395710092037916183e-02 2.551563642919063568e-02 1.215541642159223557e-02 3.446831554174423218e-02 2.226437628269195557e-02 1.743476092815399170e-02 1.097701117396354675e-02 1.851891353726387024e-02 4.323590546846389771e-02 3.778117895126342773e-02 1.045748870819807053e-02 3.064750880002975464e-02 3.300046548247337341e-02 5.884811654686927795e-02 5.543714389204978943e-02 2.025897242128849030e-02 3.863612422719597816e-03 3.220617398619651794e-02 5.706200841814279556e-03 2.198375575244426727e-02 1.004467383027076721e-01 3.153685852885246277e-02 2.044047415256500244e-02 6.219342723488807678e-02 8.210245519876480103e-02 1.688597537577152252e-02 3.612207621335983276e-02 5.612417589873075485e-03 5.676992610096931458e-02 2.968043088912963867e-02 7.066611945629119873e-02 5.155885964632034302e-02 2.880676090717315674e-02 7.520835101604461670e-02 6.331027485430240631e-03 3.790174424648284912e-02 4.713628906756639481e-03 3.125080466270446777e-02 2.328934334218502045e-02 5.186970904469490051e-02 3.437330573797225952e-02 4.919149354100227356e-02 8.001193404197692871e-03 5.747345089912414551e-02 9.925464168190956116e-03 7.511781528592109680e-03 2.120631746947765350e-02 1.224102731794118881e-02 1.236443128436803818e-02 1.116625280701555312e-04 1.513644605875015259e-01 1.553512960672378540e-01 2.060466259717941284e-02 4.057922959327697754e-02 2.863176539540290833e-02 1.775253476807847619e-04 1.534000635147094727e-01 1.193451061844825745e-01 2.311255410313606262e-02 3.522231429815292358e-02 3.081265464425086975e-02 3.177000582218170166e-02 2.930122986435890198e-02 2.673259563744068146e-02 7.590493187308311462e-03 2.330128103494644165e-02 7.336945738643407822e-03 6.058754026889801025e-02 2.552033960819244385e-02 1.751301065087318420e-02 2.094462886452674866e-02 1.926095411181449890e-02 9.203648194670677185e-03 5.045744404196739197e-02 2.961300779134035110e-03 2.958104014396667480e-02 5.186023935675621033e-02 1.720305444905534387e-04 4.082130268216133118e-03 1.553532574325799942e-02 4.088920727372169495e-02 1.729423180222511292e-02 3.230726346373558044e-03 2.956447564065456390e-02 2.154527418315410614e-02 6.585642695426940918e-03
4.176229704171419144e-03 2.986709773540496826e-02 3.776920959353446960e-02 3.501605242490768433e-03 2.942044287919998169e-02 3.214577212929725647e-02 9.716284461319446564e-03 5.020475015044212341e-03 9.800336509943008423e-02 8.732643723487854004e-02 1.877289032563567162e-03 5.589267238974571228e-02 1.890703663229942322e-02 6.171009037643671036e-03 9.482106193900108337e-03 3.315938264131546021e-02 2.688696235418319702e-02 6.776772439479827881e-02 8.422261103987693787e-03 7.395807188004255295e-03 5.934026464819908142e-02 3.286263719201087952e-02 6.561060994863510132e-02 3.033317439258098602e-02 4.926276952028274536e-02 5.663968157023191452e-03 3.232672438025474548e-02 2.866892842575907707e-03 1.284809876233339310e-02 6.418320816010236740e-03 1.877514459192752838e-02 7.274559885263442993e-02 1.709501491859555244e-03 1.528947148472070694e-02 2.396393194794654846e-02 4.260666668415069580e-02 5.420920439064502716e-03 5.455796048045158386e-02 1.833530515432357788e-02 4.294447600841522217e-02 4.790928587317466736e-02 1.922998204827308655e-02 1.540413033217191696e-02 2.132360450923442841e-02 1.400980912148952484e-02 2.564669772982597351e-02 1.206795219331979752e-02 4.477266222238540649e-02 7.102609425783157349e-02 1.068694517016410828e-02 5.146270617842674255e-02 3.049731627106666565e-02 1.965947914868593216e-03 3.455663472414016724e-02 1.170920655131340027e-01 1.360542140901088715e-02 1.023667585104703903e-02 2.311081439256668091e-02 3.621363313868641853e-03 2.948844991624355316e-02 4.876178130507469177e-02 6.116636563092470169e-03 3.022270463407039642e-02 1.655053463764488697e-03 6.895414087921380997e-03 2.828351967036724091e-02 2.072918973863124847e-02 5.250262469053268433e-02 8.239778131246566772e-02 5.138665810227394104e-02 3.704448416829109192e-02 1.472335867583751678e-02 3.238384053111076355e-02 6.720260530710220337e-02 1.900754868984222412e-02 4.719718173146247864e-02 1.972846090793609619e-01 1.348982751369476318e-01 7.180055975914001465e-02 2.228862605988979340e-02 5.289375316351652145e-03 1.310141943395137787e-02 2.695377171039581299e-02 2.558107674121856689e-02 7.196759432554244995e-02 5.157049745321273804e-02 5.753520131111145020e-02 3.998824581503868103e-02 6.289634108543395996e-02 3.912214934825897217e-02 2.430473454296588898e-02 7.867626845836639404e-03 2.061433158814907074e-03 3.252227604389190674e-02 5.078371241688728333e-02 5.890933796763420105e-02 4.126168787479400635e-02 2.416438795626163483e-02 7.934622466564178467e-02 9.384823031723499298e-03 2.574553340673446655e-02 6.864991039037704468e-02 5.420571938157081604e-02 7.428275048732757568e-02 2.382097952067852020e-02 5.082682147622108459e-02 1.427984517067670822e-02 4.317222163081169128e-02 2.667337656021118164e-02 1.233099028468132019e-02 2.497017942368984222e-02 6.575243175029754639e-02 2.662343531847000122e-02 5.112304911017417908e-02 4.347083717584609985e-02 3.108600527048110962e-02
1.644241251051425934e-02 9.562371298670768738e-03 6.966888904571533203e-03 5.749183893203735352e-02 1.220056787133216858e-02 2.203910239040851593e-02 1.412760186940431595e-02 4.354990087449550629e-03 8.732643723487854004e-02 1.092905476689338684e-01 3.618222475051879883e-02 2.007275633513927460e-02 2.304166927933692932e-02 4.412256926298141479e-02 2.677963115274906158e-03 4.356353357434272766e-02 6.818949431180953979e-02 2.938991412520408630e-02 8.877884596586227417e-02 3.877109661698341370e-02 1.134894602000713348e-02 3.423804417252540588e-03 5.224477965384721756e-03 4.916985705494880676e-02 2.795012295246124268e-02 8.634808473289012909e-03 2.543996833264827728e-02 2.202994376420974731e-02 2.945367945358157158e-03 6.910081207752227783e-02 4.377212375402450562e-03 1.901152543723583221e-02 4.051788896322250366e-02 3.568273037672042847e-02 1.461006328463554382e-02 5.738614127039909363e-02 1.008904911577701569e-02 3.567084297537803650e-02 1.784521387889981270e-03 2.787920087575912476e-02 8.524145931005477905e-02 8.078564889729022980e-03 1.905372599139809608e-03 3.841960430145263672e-02 2.292929962277412415e-02 2.758543193340301514e-02 1.702803932130336761e-02 1.016779057681560516e-02 4.069603234529495239e-02 8.084554225206375122e-02 5.588378012180328369e-02 3.426164761185646057e-02 1.905997842550277710e-02 1.400603912770748138e-02 5.517103150486946106e-02 1.090671494603157043e-01 4.815791174769401550e-02 6.045959889888763428e-02 3.025841899216175079e-03 2.765362896025180817e-02 1.578603126108646393e-02 3.273087739944458008e-02 7.630911469459533691e-02 4.045775160193443298e-02 8.486843435093760490e-04 2.728200983256101608e-03 1.835544593632221222e-02 6.567417830228805542e-02 1.770740933716297150e-02 1.154289301484823227e-02 6.601178646087646484e-02 9.795808233320713043e-03 1.977905444800853729e-02 2.547585405409336090e-02 5.031380057334899902e-02 4.284375347197055817e-03 4.142307490110397339e-02 1.627706438302993774e-01 9.008618444204330444e-02 1.557371169328689575e-01 3.196713281795382500e-03 7.048868574202060699e-03 1.618497446179389954e-02 6.324192136526107788e-02 7.052839547395706177e-02 4.300251230597496033e-02 2.852532081305980682e-02 3.969762846827507019e-02 8.878528326749801636e-02 4.676590487360954285e-02 1.242883969098329544e-02 1.978273317217826843e-02 1.140687055885791779e-02 1.071911118924617767e-02 3.950371593236923218e-02 4.134831577539443970e-02 6.061466410756111145e-03 5.892847850918769836e-02 2.122800424695014954e-02 7.815211266279220581e-02 4.636041447520256042e-02 1.324908714741468430e-02 1.324840448796749115e-02 2.276842296123504639e-02 3.150503337383270264e-02 3.925565630197525024e-02 1.680920086801052094e-02 8.746252395212650299e-03 2.505114488303661346e-02 6.091560795903205872e-02 8.022936992347240448e-03 4.747167229652404785e-02 3.543924167752265930e-02 2.926518581807613373e-02 2.761615626513957977e-02 7.644868455827236176e-03
2.180675566196441650e-01 1.747773885726928711e-01 1.154766902327537537e-01 4.114511981606483459e-02 1.364677958190441132e-02 7.532391697168350220e-02 9.060778468847274780e-02 3.664039447903633118e-02 1.877289032563567162e-03 3.618222475051879883e-02 2.124674469232559204e-01 3.638925030827522278e-02 2.410063743591308594e-01 3.570159152150154114e-02 4.531453922390937805e-02 1.966730691492557526e-02 8.900573477149009705e-03 4.432865232229232788e-02 3.737228736281394958e-02 1.551137957721948624e-02 2.920501306653022766e-02 2.577873319387435913e-02 2.072117105126380920e-02 1.613662764430046082e-02 1.612199097871780396e-02 2.179686725139617920e-02 2.469403669238090515e-02 3.854469954967498779e-02 1.683386042714118958e-02 3.700269013643264771e-02 3.972635045647621155e-02 4.548216611146926880e-02 1.705540157854557037e-02 2.340533770620822906e-02 3.088391013443470001e-02 4.873281344771385193e-02 1.057823002338409424e-02 4.142541065812110901e-02 2.127631101757287979e-03 5.206710845232009888e-02 7.930180989205837250e-03 3.898266330361366272e-02 6.254673004150390625e-02 7.334453612565994263e-02 7.129012607038021088e-03 5.582920275628566742e-03 1.135367006063461304e-01 2.085276320576667786e-02 9.210430085659027100e-03 1.610213145613670349e-02 4.117901623249053955e-02 2.786850929260253906e-02 1.094601582735776901e-02 3.155107423663139343e-02 7.086457684636116028e-03 2.884356491267681122e-02 5.171232298016548157e-02 3.408559784293174744e-02 3.820934519171714783e-02 1.010906603187322617e-02 2.171394228935241699e-02 2.004897221922874451e-03 2.126337960362434387e-02 7.618650794029235840e-03 6.487832963466644287e-02 7.370478659868240356e-02 3.990431874990463257e-02 4.446250852197408676e-03 1.983238756656646729e-02 2.765671350061893463e-02 6.666984874755144119e-03 5.138460546731948853e-02 2.449733577668666840e-02 1.929380930960178375e-03 7.407661527395248413e-03 5.168026313185691833e-02 4.700797726400196552e-04 1.156964711844921112e-02 1.071353536099195480e-02 4.756127297878265381e-02 3.502806648612022400e-03 1.374714821577072144e-02 3.369627520442008972e-02 2.548114396631717682e-02 1.568828523159027100e-02 3.203520923852920532e-02 9.891932457685470581e-02 4.539899528026580811e-02 5.205967277288436890e-02 4.057655856013298035e-02 2.555911615490913391e-02 6.007749587297439575e-02 4.304612055420875549e-02 3.979630395770072937e-02 1.086515281349420547e-02 1.584100723266601562e-02 2.356721088290214539e-02 1.665823161602020264e-02 3.356472030282020569e-02 5.786345340311527252e-03 6.199849303811788559e-03 2.986503206193447113e-02 4.080383107066154480e-02 1.311728172004222870e-02 2.361630462110042572e-02 3.038570471107959747e-02 1.518204994499683380e-02 4.835592582821846008e-02 2.309034205973148346e-02 3.748175501823425293e-02 1.596103538759052753e-03 2.100267633795738220e-02 4.305056110024452209e-02 2.171550132334232330e-02 2.511605434119701385e-02 6.430779397487640381e-02
2.307832799851894379e-02 1.691054180264472961e-02 3.730116412043571472e-02 3.265579044818878174e-02 9.034121409058570862e-03 8.008632063865661621e-02 2.366497181355953217e-02 4.324429668486118317e-03 5.589267238974571228e-02 2.007275633513927460e-02 3.638925030827522278e-02 1.388604342937469482e-01 2.289613708853721619e-02 2.481030225753784180e-01 2.106371708214282990e-02 5.801252648234367371e-02 5.738814547657966614e-02 5.937761161476373672e-03 3.286270890384912491e-03 1.581444777548313141e-02 2.294613420963287354e-02 5.762377753853797913e-02 9.175471961498260498e-02 4.454306885600090027e-02 1.456939708441495895e-02 1.105213165283203125e-02 2.788346633315086365e-02 1.449361145496368408e-01 5.005941167473793030e-02 1.638250052928924561e-01 1.300059724599123001e-02 3.990940004587173462e-02 2.443829737603664398e-02 4.621917381882667542e-02 3.982215747237205505e-02 3.854465484619140625e-02 3.417012840509414673e-02 3.113466314971446991e-02 1.989781297743320465e-02 5.566100031137466431e-02 7.450144737958908081e-03 3.808849677443504333e-02 1.223201281391084194e-03 5.993773415684700012e-02 1.340839862823486328e-01 4.047416523098945618e-02 6.510166916996240616e-03 7.705108728259801865e-03 5.597952008247375488e-02 4.604606330394744873e-02 1.014646291732788086e-01 1.025561764836311340e-01 6.652342155575752258e-03 2.002472057938575745e-02 2.207937184721231461e-03 1.704288646578788757e-03 6.731607951223850250e-03 5.042466893792152405e-02 3.395343944430351257e-02 3.887174278497695923e-02 1.746173016726970673e-02 1.197713077999651432e-03 1.380055304616689682e-02 6.787879858165979385e-03 5.964562296867370605e-03 1.555680204182863235e-02 3.313384018838405609e-03 1.753480732440948486e-02 3.980460017919540405e-02 4.745580255985260010e-02 3.300725668668746948e-02 4.392976686358451843e-02 6.235301122069358826e-02 3.776744008064270020e-03 4.715818166732788086e-02 7.904705591499805450e-03 6.926959007978439331e-02 3.739348053932189941e-02 3.549200296401977539e-02 7.908815890550613403e-02 4.072020575404167175e-02 1.354826427996158600e-02 2.442359365522861481e-02 2.590370550751686096e-02 4.482374712824821472e-02 2.641679719090461731e-02 1.052708085626363754e-02 7.249077898450195789e-04 6.526162475347518921e-02 6.266816705465316772e-02 1.663997769355773926e-02 7.412517070770263672e-02 4.589799046516418457e-02 6.167099345475435257e-03 5.644723773002624512e-02 8.250012993812561035e-02 2.169803157448768616e-02 5.239307414740324020e-03 2.709381841123104095e-02 6.649517267942428589e-02 3.752362355589866638e-02 5.215470492839813232e-02 1.593176648020744324e-02 2.271301113069057465e-02 3.935221582651138306e-02 2.746844291687011719e-02 6.239753216505050659e-02 1.753089763224124908e-02 1.216551847755908966e-02 3.315113252028822899e-03 9.108525700867176056e-03 5.883563682436943054e-02 1.152614597231149673e-03 2.740972861647605896e-02 1.548972912132740021e-02 4.056963324546813965e-02
1.686637997627258301e-01 1.678028702735900879e-01 1.385156530886888504e-02 2.444495446979999542e-02 1.075712032616138458e-02 4.294690489768981934e-02 1.020219624042510986e-01 5.797555297613143921e-02 1.890703663229942322e-02 2.304166927933692932e-02 2.410063743591308594e-01 2.289613708853721619e-02 1.951923519372940063e-01 3.834426403045654297e-02 1.932109519839286804e-02 5.613940302282571793e-03 8.955628611147403717e-03 2.417563833296298981e-02 1.342627219855785370e-02 3.355739638209342957e-02 4.056836292147636414e-02 4.126146063208580017e-02 9.944974444806575775e-03 3.482832014560699463e-02 6.193537730723619461e-03 4.982735030353069305e-03 3.733368963003158569e-02 2.667932771146297455e-02 3.199990093708038330e-02 2.578976377844810486e-02 2.700789645314216614e-02 2.204668521881103516e-02 3.033783286809921265e-02 1.223633345216512680e-02 3.470288217067718506e-02 8.270608261227607727e-03 2.285324409604072571e-02 1.910530962049961090e-02 4.209167137742042542e-02 5.009149014949798584e-02 2.333106100559234619e-02 4.820525273680686951e-02 8.488225191831588745e-02 7.198275625705718994e-02 2.321483753621578217e-02 4.382093437016010284e-03 7.780496031045913696e-02 2.855905890464782715e-02 8.636780083179473877e-03 1.800419203937053680e-02 4.380645602941513062e-02 2.372709475457668304e-02 3.670309856534004211e-02 3.693383187055587769e-02 2.519458299502730370e-03 2.159680612385272980e-02 5.330621823668479919e-02 5.582186952233314514e-02 2.560724690556526184e-02 2.433913387358188629e-02 2.190272323787212372e-02 1.668419688940048218e-02 7.177816005423665047e-04 3.708945959806442261e-02 5.447388067841529846e-02 9.522370249032974243e-02 1.691181026399135590e-02 4.160172119736671448e-02 1.274459622800350189e-02 1.621131040155887604e-02 8.895829087123274803e-04 1.393519900739192963e-02 3.828960284590721130e-02 9.903023019433021545e-03 1.505692955106496811e-02 1.729652099311351776e-02 1.029033306986093521e-02 3.461076319217681885e-02 3.984585776925086975e-02 6.476197391748428345e-03 7.002651691436767578e-02 3.070849925279617310e-02 8.103741332888603210e-03 2.164838090538978577e-02 6.004088371992111206e-02 1.516375411301851273e-02 2.078935876488685608e-02 6.781144440174102783e-02 5.318915098905563354e-02 6.680022925138473511e-02 1.178985927253961563e-02 6.699838489294052124e-02 1.649249158799648285e-02 5.493733100593090057e-03 2.349332720041275024e-02 2.627831418067216873e-03 3.229738026857376099e-02 2.769322134554386139e-02 4.971715807914733887e-02 2.999523095786571503e-02 1.126019936054944992e-02 5.840479396283626556e-03 8.432412147521972656e-02 3.635965660214424133e-02 4.270901903510093689e-02 4.853836447000503540e-02 1.056324318051338196e-02 2.280815504491329193e-02 3.334778174757957458e-02 2.141518518328666687e-02 2.197118103504180908e-02 2.557179890573024750e-02 1.559796277433633804e-02 2.285922877490520477e-02 1.930201798677444458e-02 1.357516553252935410e-02
