6.014866009354591370e-02 7.232516258955001831e-02 4.679513163864612579e-03 3.718559816479682922e-02 4.590232297778129578e-02 1.127410680055618286e-01 2.614591503515839577e-03 6.187481340020895004e-03 2.641794458031654358e-02 4.171615839004516602e-02 1.702368259429931641e-01 3.051209961995482445e-03 7.535314559936523438e-02 2.264011465013027191e-02 1.698127388954162598e-02 5.048538371920585632e-02 3.997998684644699097e-02 4.152995068579912186e-03 3.932916000485420227e-02 2.913958020508289337e-02 3.258525580167770386e-02 6.228608265519142151e-02 6.647634319961071014e-03 2.966370899230241776e-03 2.840932458639144897e-02 2.388493902981281281e-02 1.837168820202350616e-02 1.392047479748725891e-02 2.722646109759807587e-02 6.421867012977600098e-02 1.864774525165557861e-02 3.583383187651634216e-02 6.485366821289062500e-02 2.133067930117249489e-03 6.048854440450668335e-03 6.420520599931478500e-03 2.301847748458385468e-02 3.128255775664001703e-04 2.835943922400474548e-02 2.061891742050647736e-02 1.126938126981258392e-02 2.063345164060592651e-02 3.279244527220726013e-02 3.757487609982490540e-02 1.453088875859975815e-02 1.450017187744379044e-02 9.487166255712509155e-02 1.469518151134252548e-02 6.218083575367927551e-02 7.868858054280281067e-03 1.584368199110031128e-02 4.236031696200370789e-02 3.770050406455993652e-02 1.812654174864292145e-02 2.266959846019744873e-02 6.180685013532638550e-02 1.262413151562213898e-02 3.094246424734592438e-02 6.074193865060806274e-02 1.402918528765439987e-02 8.145128376781940460e-03 4.077172838151454926e-03 5.037776753306388855e-02 5.581911653280258179e-02 1.797756366431713104e-02 2.379076741635799408e-02 2.728401869535446167e-02 3.856269642710685730e-02 2.316910959780216217e-02 3.451390191912651062e-02 1.603820733726024628e-02 2.067490853369235992e-02 2.629965171217918396e-02 2.958242222666740417e-02 3.580578044056892395e-02 2.908977679908275604e-02 2.048502303659915924e-02 8.025711402297019958e-03 5.747948959469795227e-02 3.939731046557426453e-02 1.062767114490270615e-02 3.700767830014228821e-02 1.238152501173317432e-03 1.308720652014017105e-02 5.712477490305900574e-02 2.769480645656585693e-02 4.201306961476802826e-03 3.771031647920608521e-02 5.244396999478340149e-02 7.882914692163467407e-02 5.120879784226417542e-02 5.522577464580535889e-02 1.177686732262372971e-02 4.322998225688934326e-02 1.238060742616653442e-02 3.899116441607475281e-02 3.098401054739952087e-02 3.358856588602066040e-02 4.266518726944923401e-02 1.601170934736728668e-02 1.275788713246583939e-02 1.371049694716930389e-02 7.163198199123144150e-03 3.653463348746299744e-02 4.305126518011093140e-02 5.614778026938438416e-02 1.443429198116064072e-02 3.370347619056701660e-02 1.766790263354778290e-02 5.139332497492432594e-04 3.495387034490704536e-03 8.085324428975582123e-03 1.608356460928916931e-02 1.671126671135425568e-02 1.056930422782897949e-02 4.980430379509925842e-02
7.232516258955001831e-02 7.714154571294784546e-02 1.087769283913075924e-03 1.249453276395797729e-01 5.209996923804283142e-02 6.992372870445251465e-02 1.064524725079536438e-01 3.592620417475700378e-02 1.671595498919487000e-02 4.716663062572479248e-02 5.701272189617156982e-02 3.687731549143791199e-02 1.413281112909317017e-01 6.561823189258575439e-02 5.699374526739120483e-02 2.387758577242493629e-03 1.159502938389778137e-02 1.798007823526859283e-02 1.529272552579641342e-02 6.704828143119812012e-02 1.693585701286792755e-02 4.276723787188529968e-02 3.616227954626083374e-02 1.845531980507075787e-03 2.953288331627845764e-02 3.121290123090147972e-03 8.157674223184585571e-03 6.014329195022583008e-02 3.867090493440628052e-02 4.492683336138725281e-02 6.203627958893775940e-02 3.367871046066284180e-02 9.044534526765346527e-03 2.770702727138996124e-02 3.110573254525661469e-02 1.532233133912086487e-02 1.447357144206762314e-02 4.153823480010032654e-02 1.688394509255886078e-02 1.511703152209520340e-02 2.539844252169132233e-02 1.655462756752967834e-02 2.566008083522319794e-02 2.454518899321556091e-02 3.579388558864593506e-02 3.476123511791229248e-02 6.766518205404281616e-02 1.135342419147491455e-01 4.893200471997261047e-02 5.271887406706809998e-02 2.445623837411403656e-02 1.374581828713417053e-02 1.591179333627223969e-02 9.604927152395248413e-03 2.987316809594631195e-02 6.283728871494531631e-03 6.236437708139419556e-02 2.379951998591423035e-02 2.016633749008178711e-03 2.945381030440330505e-02 5.088792741298675537e-02 2.221082895994186401e-02 1.969120278954505920e-02 1.455814298242330551e-02 1.580006070435047150e-02 1.405631098896265030e-02 1.784512586891651154e-02 7.450490724295377731e-03 2.730200998485088348e-02 4.086434841156005859e-03 3.330199420452117920e-02 4.632182419300079346e-02 1.329063903540372849e-02 5.144472047686576843e-02 9.165830910205841064e-03 1.704512350261211395e-02 1.763751544058322906e-02 3.582016006112098694e-02 1.417947653681039810e-02 1.298291701823472977e-02 1.413039717590436339e-04 3.649345831945538521e-03 2.258846163749694824e-02 2.435555122792720795e-02 9.513530880212783813e-03 1.298468932509422302e-02 7.803401909768581390e-03 3.216912224888801575e-02 3.391354903578758240e-02 2.647537924349308014e-02 1.744999177753925323e-02 4.491080716252326965e-02 2.021676860749721527e-02 2.476671524345874786e-02 4.328531026840209961e-02 9.288632310926914215e-03 1.003170013427734375e-02 1.876806281507015228e-02 2.019146084785461426e-02 4.534973949193954468e-02 2.987433224916458130e-02 5.753207486122846603e-03 3.532104566693305969e-02 5.488473176956176758e-02 9.362120181322097778e-04 5.387548822909593582e-03 1.541678234934806824e-02 3.931062668561935425e-02 6.788262724876403809e-02 7.324719335883855820e-03 6.015513464808464050e-02 1.201095804572105408e-02 2.592439949512481689e-02 4.652239847928285599e-03 4.139547422528266907e-02 3.447944670915603638e-02
4.679513163864612579e-03 1.087769283913075924e-03 8.638629689812660217e-03 2.084357477724552155e-02 3.661273419857025146e-02 1.441895123571157455e-02 3.212638944387435913e-02 2.138692140579223633e-01 2.589295059442520142e-02 3.048169612884521484e-02 1.037869974970817566e-02 5.364879500120878220e-03 1.699737459421157837e-02 2.631912007927894592e-02 3.899272531270980835e-03 5.873270332813262939e-02 6.075036711990833282e-03 6.294063478708267212e-02 6.056835874915122986e-02 4.786995798349380493e-02 3.442337736487388611e-02 1.960172317922115326e-02 1.971470750868320465e-02 1.745895855128765106e-02 1.045376621186733246e-02 1.924794353544712067e-02 1.469627674669027328e-02 3.545063734054565430e-02 3.365523740649223328e-02 4.849191289395093918e-03 9.746778756380081177e-02 6.939093768596649170e-02 1.238107308745384216e-02 1.558055635541677475e-02 1.468941476196050644e-02 3.970310837030410767e-02 4.376718029379844666e-02 7.513549178838729858e-02 7.387995719909667969e-02 6.191636994481086731e-02 7.278882712125778198e-02 6.941507011651992798e-02 2.512374147772789001e-02 2.187212370336055756e-02 6.055678706616163254e-03 9.878270793706178665e-04 1.349703222513198853e-02 3.527462854981422424e-02 5.592381116002798080e-03 3.954093158245086670e-02 8.386182785034179688e-02 8.486527949571609497e-02 4.277669638395309448e-02 2.887021563947200775e-02 1.742392592132091522e-02 1.751997508108615875e-02 5.702133104205131531e-02 3.105236217379570007e-02 6.009048596024513245e-02 4.072773829102516174e-02 5.050959996879100800e-03 4.779289290308952332e-02 2.442419156432151794e-02 1.838628947734832764e-02 3.372484445571899414e-02 1.068449206650257111e-02 6.981183309108018875e-03 2.521002665162086487e-02 2.034737356007099152e-02 8.247597143054008484e-04 2.782960049808025360e-02 1.508862245827913284e-02 8.462374098598957062e-03 5.073826387524604797e-02 4.391242563724517822e-02 1.078842580318450928e-02 3.778809681534767151e-02 1.022591721266508102e-02 2.078853175044059753e-02 2.579019963741302490e-02 1.515380740165710449e-01 2.102974057197570801e-01 1.579429954290390015e-02 3.012715466320514679e-02 1.529210433363914490e-02 1.729992777109146118e-02 3.490821644663810730e-02 5.013820528984069824e-02 1.005103811621665955e-02 1.899260468780994415e-02 2.735416218638420105e-02 8.863314986228942871e-03 9.469856508076190948e-03 1.123557891696691513e-02 2.813217230141162872e-02 1.536539639346301556e-03 6.653538346290588379e-02 2.333525940775871277e-02 4.156973585486412048e-02 2.671171538531780243e-02 3.085059486329555511e-02 5.048219114542007446e-02 2.877809479832649231e-02 6.679564714431762695e-02 1.140232831239700317e-01 1.972101815044879913e-02 5.690992996096611023e-02 3.075382905080914497e-03 7.321630604565143585e-03 2.937706187367439270e-02 4.063945263624191284e-02 2.873263135552406311e-02 3.999635577201843262e-02 4.704794660210609436e-02 6.121657043695449829e-02 3.590597584843635559e-02
3.718559816479682922e-02 1.249453276395797729e-01 2.084357477724552155e-02 2.935560792684555054e-02 2.821706831455230713e-01 7.247009780257940292e-03 8.197398483753204346e-02 1.509708166122436523e-02 3.275704383850097656e-02 5.620684102177619934e-02 3.016642667353153229e-02 4.739352688193321228e-02 8.730459213256835938e-02 2.890861220657825470e-02 3.951567411422729492e-02 4.128917679190635681e-02 6.293757259845733643e-02 1.030591968446969986e-02 4.828775301575660706e-03 3.043746948242187500e-02 3.936928510665893555e-02 1.430890150368213654e-02 2.326613664627075195e-02 2.312908880412578583e-02 5.176463723182678223e-02 3.418577834963798523e-02 5.064357072114944458e-03 6.277424097061157227e-02 4.604228585958480835e-02 6.160795316100120544e-02 2.321347407996654510e-02 3.154534474015235901e-02 7.437343150377273560e-02 8.393855392932891846e-02 8.106269687414169312e-02 2.724323607981204987e-02 6.769864261150360107e-02 1.295390538871288300e-02 3.420722903683781624e-03 6.700847297906875610e-02 3.728808835148811340e-02 9.345055557787418365e-03 4.306503385305404663e-02 2.308392338454723358e-02 5.644428730010986328e-02 2.098843269050121307e-02 6.263180077075958252e-02 9.116783738136291504e-02 4.692074656486511230e-02 7.425189763307571411e-02 5.144599452614784241e-02 4.978656396269798279e-02 9.244091808795928955e-03 6.114805489778518677e-02 4.525291547179222107e-02 1.026520971208810806e-02 7.804939057677984238e-03 5.763734132051467896e-02 9.017602540552616119e-03 3.032885491847991943e-02 2.182024531066417694e-02 9.361148625612258911e-02 9.585308842360973358e-03 6.027389690279960632e-02 6.092241033911705017e-02 1.013161242008209229e-02 1.630023680627346039e-02 2.944183349609375000e-02 3.065024130046367645e-02 4.836262762546539307e-02 3.934526816010475159e-03 3.016131184995174408e-02 2.107526510953903198e-01 3.692885162308812141e-03 1.450791358947753906e-01 4.359303042292594910e-02 7.340367883443832397e-02 1.544370315968990326e-02 4.158400371670722961e-02 1.204371005296707153e-01 2.008415199816226959e-02 8.558965288102626801e-03 4.864237084984779358e-02 3.241376020014286041e-03 2.144767716526985168e-02 9.527102112770080566e-02 2.637187764048576355e-02 4.035893455147743225e-02 3.204994276165962219e-02 7.939168810844421387e-02 5.426618084311485291e-02 6.543874740600585938e-02 1.973337680101394653e-02 1.941225118935108185e-02 3.150860220193862915e-02 7.341545075178146362e-03 8.272209204733371735e-03 2.824317291378974915e-02 4.222774412482976913e-03 4.921368137001991272e-02 5.370797589421272278e-02 1.949006691575050354e-02 1.993908546864986420e-02 9.535359218716621399e-03 3.736923635005950928e-02 3.121378598734736443e-03 3.623137949034571648e-03 1.113023702055215836e-02 3.084548003971576691e-02 5.461341515183448792e-02 2.967680990695953369e-02 6.924999412149190903e-03 1.132533513009548187e-02 1.197400316596031189e-02 8.949179202318191528e-03 3.094227053225040436e-02
4.590232297778129578e-02 5.209996923804283142e-02 3.661273419857025146e-02 2.821706831455230713e-01 2.949505485594272614e-02 2.048232272500172257e-04 5.857488512992858887e-02 1.104612555354833603e-02 3.236259520053863525e-02 5.555346608161926270e-02 1.455953251570463181e-02 4.779745638370513916e-02 5.230678245425224304e-03 4.772263765335083008e-02 2.293834090232849121e-02 2.553878165781497955e-02 1.763158105313777924e-02 3.571015968918800354e-02 1.122033149003982544e-01 1.501914951950311661e-02 9.097271598875522614e-03 2.566991001367568970e-02 3.119916841387748718e-02 4.765910282731056213e-02 2.173549495637416840e-02 3.577013500034809113e-03 2.472383342683315277e-02 3.246327489614486694e-02 3.464324027299880981e-02 4.899764433503150940e-02 1.720739342272281647e-02 4.767343029379844666e-02 1.528560998849570751e-03 1.467460393905639648e-02 4.012860730290412903e-02 3.559857234358787537e-02 2.670166455209255219e-02 3.672574460506439209e-02 6.261279433965682983e-02 3.344020247459411621e-02 8.703283965587615967e-03 1.934150792658329010e-02 7.664266042411327362e-03 3.884834796190261841e-02 6.147689372301101685e-02 4.257601872086524963e-02 9.960902854800224304e-03 1.283371122553944588e-03 7.002457976341247559e-03 6.499470770359039307e-02 7.859344594180583954e-03 5.323490127921104431e-02 2.637562528252601624e-02 3.349248692393302917e-02 2.619820088148117065e-02 6.712156534194946289e-02 1.062486506998538971e-02 3.694411367177963257e-02 5.082728341221809387e-02 4.839742556214332581e-03 6.136538460850715637e-03 2.128017880022525787e-02 1.198493316769599915e-02 4.159970581531524658e-02 2.292459830641746521e-02 2.855711383745074272e-03 3.561548516154289246e-02 4.637241829186677933e-03 1.164755225181579590e-02 2.294853143393993378e-02 6.396989524364471436e-02 7.989050447940826416e-02 1.553594022989273071e-01 1.778158918023109436e-02 1.816466748714447021e-01 5.904330313205718994e-02 4.601573199033737183e-02 9.089108556509017944e-02 2.781156450510025024e-02 5.112326145172119141e-02 3.925150260329246521e-02 2.428244985640048981e-02 3.982491046190261841e-02 5.907123908400535583e-03 2.982073649764060974e-02 5.329482629895210266e-02 3.357139602303504944e-02 4.671868809964507818e-04 4.826122149825096130e-02 8.134098351001739502e-02 1.707187853753566742e-02 2.010262012481689453e-02 2.098064636811614037e-03 6.634006649255752563e-02 9.161458350718021393e-03 1.921596005558967590e-02 3.468994423747062683e-02 1.396525837481021881e-02 1.297974679619073868e-02 3.841105499304831028e-04 3.895431756973266602e-02 3.118029050529003143e-02 4.228410124778747559e-02 4.614798352122306824e-02 8.481157943606376648e-03 3.951641172170639038e-02 1.863799756392836571e-03 1.469106762669980526e-03 5.784052237868309021e-02 2.980034984648227692e-02 1.478187739849090576e-02 2.474898099899291992e-02 2.892960980534553528e-02 1.503224670886993408e-02 1.816795393824577332e-02 2.980831637978553772e-02
1.127410680055618286e-01 6.992372870445251465e-02 1.441895123571157455e-02 7.247009780257940292e-03 2.048232272500172257e-04 5.803321674466133118e-02 1.203641742467880249e-01 1.238692738115787506e-02 3.487292304635047913e-02 1.087617408484220505e-02 1.017776504158973694e-01 8.583546429872512817e-02 4.369669035077095032e-02 5.578329786658287048e-02 3.371084108948707581e-02 3.123142570257186890e-02 4.343681037425994873e-02 2.530571259558200836e-02 2.350053284317255020e-03 4.162199422717094421e-02 4.230887070298194885e-02 4.341479018330574036e-02 3.179165720939636230e-02 3.508684411644935608e-02 2.632792107760906219e-02 3.183275833725929260e-02 2.206037752330303192e-02 6.956426799297332764e-02 6.724015623331069946e-02 3.307325392961502075e-02 8.678990602493286133e-02 8.850576356053352356e-03 3.675056854262948036e-03 3.305773483589291573e-03 5.871202051639556885e-02 2.411094680428504944e-02 5.337565392255783081e-02 1.714158058166503906e-02 3.083284199237823486e-02 6.813564803451299667e-03 6.624528020620346069e-02 2.878573164343833923e-02 1.200972963124513626e-02 7.557311095297336578e-03 1.631236635148525238e-02 5.700318887829780579e-02 1.249114796519279480e-01 3.842240548692643642e-04 5.417585000395774841e-02 2.333680167794227600e-02 1.484076213091611862e-02 1.407685782760381699e-02 2.474557142704725266e-03 1.413130108267068863e-02 5.715138837695121765e-02 4.657579585909843445e-02 1.283865794539451599e-02 3.236160427331924438e-02 2.930249087512493134e-02 6.544212251901626587e-02 7.506211847066879272e-02 8.558424189686775208e-03 2.033696509897708893e-02 2.261524647474288940e-02 4.155966639518737793e-02 1.166473887860774994e-02 2.180889062583446503e-02 1.802807091735303402e-03 1.043935306370258331e-02 4.673528671264648438e-02 3.569234395399689674e-03 4.217011481523513794e-02 1.446019392460584641e-02 2.607289142906665802e-02 1.193510368466377258e-02 2.533995918929576874e-02 2.472340874373912811e-02 3.841033577919006348e-02 3.119838796555995941e-02 4.484562948346138000e-02 6.286714691668748856e-03 1.620594557607546449e-04 3.862289711833000183e-02 1.049626432359218597e-02 7.469426840543746948e-02 7.071869913488626480e-04 1.602114178240299225e-02 7.963146083056926727e-03 4.256776720285415649e-02 8.525430224835872650e-03 7.058194372802972794e-03 1.578241027891635895e-02 4.561867192387580872e-02 1.289031188935041428e-02 1.427309028804302216e-02 1.043350063264369965e-02 1.525196060538291931e-02 4.293565824627876282e-02 9.373568929731845856e-03 3.710303455591201782e-03 3.369574621319770813e-02 5.831291899085044861e-03 1.473720301873981953e-03 3.382586687803268433e-02 1.846821792423725128e-02 1.539450790733098984e-02 5.979832261800765991e-03 1.819361746311187744e-02 1.879459246993064880e-02 8.706376701593399048e-02 1.417123619467020035e-02 2.069446491077542305e-03 2.524012327194213867e-02 7.975885644555091858e-03 2.459534211084246635e-03 3.530085831880569458e-02
2.614591503515839577e-03 1.064524725079536438e-01 3.212638944387435913e-02 8.197398483753204346e-02 5.857488512992858887e-02 1.203641742467880249e-01 5.267089605331420898e-02 1.387147884815931320e-02 8.656938560307025909e-03 2.877252362668514252e-02 3.007162548601627350e-02 5.005972832441329956e-02 6.503117084503173828e-02 6.697855144739151001e-02 5.812871083617210388e-02 3.098545037209987640e-02 1.831581257283687592e-02 5.744834616780281067e-02 5.154905840754508972e-02 2.465515770018100739e-02 8.026191033422946930e-03 2.606343664228916168e-02 2.803420880809426308e-03 5.434435606002807617e-02 2.734091505408287048e-02 4.562452901154756546e-03 8.638343773782253265e-03 2.259388566017150879e-02 8.835504204034805298e-02 2.074268646538257599e-02 7.859014719724655151e-02 5.047630518674850464e-02 3.411953151226043701e-02 2.513840980827808380e-02 2.296293154358863831e-02 7.084324210882186890e-02 2.767979539930820465e-02 5.261131003499031067e-02 3.140146657824516296e-02 6.359685957431793213e-02 7.249353453516960144e-03 3.795184195041656494e-02 1.151540037244558334e-02 2.585964649915695190e-02 4.432931914925575256e-02 4.291605670005083084e-03 1.146776899695396423e-01 1.457556486129760742e-01 4.968819022178649902e-02 3.157880902290344238e-02 1.267707208171486855e-03 3.261405974626541138e-02 3.106709104031324387e-03 1.136077567934989929e-02 7.865121960639953613e-02 7.247039582580327988e-03 7.958902418613433838e-02 2.811465598642826080e-02 1.942282728850841522e-02 5.692623555660247803e-02 8.774293959140777588e-02 1.669691316783428192e-02 6.870623910799622536e-04 2.277869172394275665e-02 3.201467171311378479e-02 3.334797220304608345e-03 2.488234778866171837e-03 7.665520068258047104e-03 4.309657961130142212e-02 2.367359586060047150e-02 7.912368164397776127e-04 3.910302370786666870e-02 2.067842707037925720e-02 3.933921083807945251e-02 4.596050083637237549e-02 1.142203900963068008e-02 2.824152261018753052e-02 5.130324885249137878e-02 1.428499165922403336e-02 5.476730316877365112e-02 1.887202076613903046e-02 1.281000114977359772e-02 3.368662670254707336e-02 8.438496291637420654e-02 1.948232948780059814e-02 2.550331689417362213e-02 1.306535210460424423e-02 2.072317153215408325e-02 1.890212297439575195e-02 5.198250990360975266e-03 3.007756173610687256e-02 5.090134683996438980e-03 2.938317321240901947e-02 2.391630224883556366e-02 3.923787921667098999e-02 4.027812927961349487e-02 2.227617427706718445e-02 7.886981964111328125e-02 4.896193742752075195e-02 3.660804778337478638e-02 4.658641759306192398e-03 1.627759635448455811e-02 4.343736451119184494e-03 7.298537343740463257e-02 5.628518294543027878e-03 1.990085467696189880e-02 1.190754119306802750e-02 7.208362687379121780e-03 2.716083638370037079e-02 7.588783651590347290e-02 1.727097667753696442e-02 4.147385805845260620e-02 3.006393648684024811e-02 1.714378781616687775e-02 7.289145141839981079e-03 1.170775666832923889e-02
6.187481340020895004e-03 3.592620417475700378e-02 2.138692140579223633e-01 1.509708166122436523e-02 1.104612555354833603e-02 1.238692738115787506e-02 1.387147884815931320e-02 7.990707643330097198e-03 9.626648388803005219e-03 4.702675715088844299e-02 2.099932730197906494e-02 2.509097382426261902e-02 7.287001702934503555e-03 6.054238229990005493e-02 9.264745563268661499e-02 5.761414766311645508e-02 2.631154470145702362e-02 3.883780445903539658e-04 5.818342790007591248e-03 9.551654756069183350e-02 3.591772541403770447e-02 7.274097297340631485e-03 5.957801267504692078e-02 1.644416339695453644e-02 1.588685903698205948e-03 3.796697035431861877e-02 4.158923029899597168e-02 2.668797038495540619e-02 2.689784206449985504e-02 2.765025012195110321e-02 3.769604489207267761e-02 3.976583108305931091e-02 1.254092529416084290e-02 2.148167788982391357e-02 8.651860407553613186e-04 4.994592443108558655e-02 2.055250667035579681e-02 2.296725474298000336e-02 7.570109516382217407e-02 1.004485972225666046e-02 4.560787230730056763e-02 1.133754197508096695e-02 2.764210104942321777e-02 7.442603819072246552e-03 4.109771922230720520e-02 2.461244165897369385e-02 3.350663185119628906e-02 2.998885465785861015e-03 5.578046292066574097e-02 3.097060322761535645e-02 1.050320267677307129e-01 6.590548902750015259e-02 1.196690350770950317e-01 4.738807305693626404e-02 2.632455900311470032e-02 2.136736176908016205e-02 2.717163413763046265e-02 2.656494081020355225e-02 8.713316172361373901e-03 8.082492649555206299e-02 7.234583050012588501e-02 1.184817589819431305e-02 2.012947015464305878e-02 5.729162320494651794e-02 1.146461628377437592e-02 2.895182743668556213e-02 5.310450866818428040e-02 7.310452871024608612e-03 6.405345629900693893e-04 1.005746424198150635e-03 1.372349448502063751e-02 8.986662141978740692e-03 2.370026521384716034e-02 4.318682476878166199e-03 4.346823692321777344e-02 2.522067539393901825e-02 8.011031895875930786e-03 1.670835912227630615e-02 1.849817112088203430e-02 1.355743780732154846e-02 1.324784457683563232e-01 1.409115940332412720e-01 3.367596771568059921e-03 1.969911530613899231e-02 7.405846845358610153e-03 5.271355062723159790e-02 7.716817408800125122e-02 3.219869732856750488e-02 3.426153212785720825e-02 2.814056351780891418e-03 1.174687594175338745e-02 2.284336090087890625e-02 2.384779416024684906e-02 7.953942753374576569e-03 5.914836749434471130e-02 5.316787213087081909e-02 3.444193676114082336e-02 1.561302319169044495e-02 5.564852058887481689e-02 3.215198963880538940e-02 4.709057882428169250e-02 4.036233201622962952e-02 2.806876786053180695e-02 4.222569614648818970e-02 9.689900279045104980e-02 3.242672607302665710e-02 1.746017485857009888e-02 1.664034463465213776e-02 1.375380158424377441e-02 3.939562290906906128e-02 1.982298865914344788e-02 1.146185211837291718e-02 5.527045205235481262e-02 2.744250930845737457e-02 8.609790354967117310e-03 5.203026905655860901e-02
2.641794458031654358e-02 1.671595498919487000e-02 2.589295059442520142e-02 3.275704383850097656e-02 3.236259520053863525e-02 3.487292304635047913e-02 8.656938560307025909e-03 9.626648388803005219e-03 3.763480111956596375e-03 1.266175210475921631e-01 7.773530669510364532e-03 3.900815546512603760e-02 1.772605255246162415e-02 2.361922338604927063e-02 3.171451389789581299e-02 3.200384974479675293e-02 1.316775660961866379e-02 1.424069702625274658e-01 1.676522754132747650e-02 4.933778941631317139e-02 1.573268696665763855e-02 1.236358378082513809e-02 4.239500034600496292e-03 4.819661751389503479e-02 1.594788581132888794e-02 5.198964104056358337e-02 1.874302513897418976e-02 4.842897132039070129e-02 6.877055391669273376e-03 3.859053552150726318e-02 2.715528570115566254e-02 8.152099326252937317e-03 9.717690758407115936e-03 6.531596183776855469e-02 4.223923012614250183e-02 2.840190194547176361e-02 1.148346625268459320e-02 2.073869854211807251e-02 6.533529609441757202e-02 7.819301635026931763e-02 3.492864593863487244e-02 1.273899674415588379e-01 1.386126689612865448e-02 2.097698859870433807e-02 4.004033282399177551e-02 1.410130597651004791e-02 1.646860968321561813e-03 2.668791823089122772e-02 4.383111000061035156e-02 2.374866046011447906e-02 2.251113951206207275e-02 5.556485056877136230e-02 6.410190369933843613e-03 1.444492395967245102e-02 1.078117564320564270e-01 2.363015525043010712e-02 3.359514474868774414e-02 1.599171757698059082e-02 1.829389296472072601e-02 1.140291453339159489e-03 7.422929629683494568e-03 2.851808909326791763e-03 2.913860604166984558e-02 2.078101411461830139e-02 2.042836882174015045e-02 6.219961494207382202e-02 6.929011549800634384e-03 5.714070051908493042e-02 7.035350054502487183e-02 2.331651747226715088e-02 3.476014733314514160e-02 6.646174192428588867e-02 3.934169653803110123e-03 3.193170763552188873e-03 1.352409552782773972e-02 2.644481323659420013e-02 1.721886992454528809e-01 7.375049591064453125e-02 4.626147076487541199e-02 1.627442426979541779e-02 1.033188495784997940e-02 4.198279231786727905e-02 5.158354341983795166e-02 1.602434553205966949e-02 9.075322002172470093e-02 3.098898194730281830e-02 3.085033968091011047e-02 5.141158401966094971e-02 1.245605852454900742e-02 4.718021955341100693e-03 2.964312909170985222e-03 9.989324957132339478e-03 3.765854984521865845e-02 1.058297883719205856e-02 2.203446580097079277e-03 8.038320578634738922e-03 3.378216549754142761e-02 7.427868247032165527e-02 4.988563433289527893e-02 4.714325070381164551e-02 2.492729760706424713e-02 1.226371526718139648e-02 8.999349549412727356e-03 1.580183394253253937e-03 5.681418627500534058e-02 5.550167988985776901e-04 4.616455733776092529e-02 5.874161049723625183e-02 3.786486387252807617e-02 5.661448463797569275e-03 1.801913604140281677e-02 3.124420344829559326e-02 6.085911020636558533e-02 1.738453656435012817e-02 3.229550272226333618e-02 4.011345654726028442e-02
4.171615839004516602e-02 4.716663062572479248e-02 3.048169612884521484e-02 5.620684102177619934e-02 5.555346608161926270e-02 1.087617408484220505e-02 2.877252362668514252e-02 4.702675715088844299e-02 1.266175210475921631e-01 2.546320110559463501e-02 2.856778912246227264e-02 5.963821709156036377e-02 3.932620212435722351e-02 5.557820945978164673e-02 1.777981058694422245e-03 8.345530927181243896e-02 8.753999322652816772e-02 2.433796972036361694e-02 4.305947944521903992e-02 6.054063513875007629e-02 1.095025520771741867e-02 2.919512800872325897e-02 1.129385642707347870e-02 6.637371331453323364e-02 2.277186326682567596e-02 3.560832887887954712e-02 2.975077182054519653e-02 5.067156627774238586e-02 9.135082364082336426e-03 3.625580668449401855e-02 3.795118629932403564e-02 1.658134721219539642e-02 2.704692818224430084e-02 7.109197229146957397e-02 2.873356640338897705e-02 9.022132493555545807e-03 8.524206466972827911e-03 2.305655926465988159e-02 2.176253311336040497e-02 5.362138617783784866e-03 8.299170993268489838e-03 1.207862123847007751e-01 7.240842096507549286e-04 2.800202183425426483e-02 2.892449870705604553e-02 7.358050439506769180e-03 5.886220838874578476e-03 1.605007424950599670e-02 2.485394710674881935e-03 1.510642617940902710e-01 5.951318144798278809e-02 1.464606449007987976e-02 2.193547971546649933e-02 5.186217278242111206e-02 8.535964787006378174e-02 9.276701509952545166e-02 4.055398702621459961e-02 1.985367201268672943e-02 5.635379999876022339e-02 6.035807076841592789e-03 1.129111368209123611e-02 5.372250080108642578e-02 3.509210795164108276e-02 2.572064846754074097e-02 7.671426516026258469e-03 1.113192923367023468e-02 4.246388003230094910e-02 5.379992350935935974e-02 1.575354300439357758e-02 6.765233725309371948e-02 6.233955547213554382e-02 7.655465044081211090e-03 3.785196691751480103e-02 5.401750653982162476e-02 8.044879883527755737e-02 6.763067841529846191e-02 7.699327077716588974e-03 1.055819317698478699e-01 7.326703052967786789e-03 2.303931564092636108e-01 2.588943392038345337e-02 4.607121646404266357e-02 6.020575761795043945e-02 1.260519176721572876e-01 7.586676627397537231e-02 3.331083431839942932e-02 5.228586122393608093e-02 2.948592975735664368e-02 3.046242706477642059e-02 8.006154745817184448e-02 2.416445501148700714e-02 5.486701149493455887e-03 4.789355210959911346e-03 5.565301328897476196e-02 3.337857779115438461e-04 6.109997630119323730e-02 6.490781903266906738e-02 4.960773885250091553e-02 3.381603211164474487e-02 5.777311697602272034e-02 4.916810616850852966e-02 6.329433619976043701e-02 5.944645032286643982e-03 8.698261342942714691e-03 6.300212442874908447e-02 4.179722443222999573e-02 6.128496676683425903e-02 4.284203797578811646e-02 9.134016931056976318e-03 2.787225507199764252e-02 1.949111185967922211e-02 3.215921670198440552e-02 3.026426769793033600e-02 4.311492294073104858e-02 1.501956721767783165e-03 4.169232398271560669e-02
1.702368259429931641e-01 5.701272189617156982e-02 1.037869974970817566e-02 3.016642667353153229e-02 1.455953251570463181e-02 1.017776504158973694e-01 3.007162548601627350e-02 2.099932730197906494e-02 7.773530669510364532e-03 2.856778912246227264e-02 9.037651121616363525e-02 2.230109460651874542e-02 8.178198337554931641e-02 3.969967737793922424e-02 2.363904751837253571e-02 3.978305310010910034e-02 3.779095783829689026e-02 7.971221581101417542e-03 8.493113331496715546e-03 1.673014834523200989e-02 1.169806905090808868e-02 4.184203967452049255e-02 7.841390906833112240e-04 4.803905729204416275e-03 5.773071199655532837e-02 1.111444924026727676e-02 2.820704830810427666e-03 3.755597164854407310e-03 6.444265693426132202e-02 4.796566814184188843e-02 5.019759386777877808e-02 1.789989508688449860e-02 3.553780540823936462e-02 2.651578979566693306e-03 7.800284307450056076e-03 9.970403276383876801e-03 3.499823808670043945e-02 6.657881313003599644e-04 2.001804672181606293e-02 6.484429817646741867e-03 4.501246381551027298e-03 9.554918855428695679e-03 4.747409746050834656e-02 3.795792162418365479e-02 4.257632885128259659e-03 1.774871908128261566e-02 9.427477419376373291e-02 4.696775693446397781e-03 5.819451063871383667e-02 2.141606062650680542e-02 2.065664157271385193e-02 1.806288771331310272e-02 2.346792072057723999e-02 1.300745643675327301e-02 4.945011809468269348e-02 5.041773989796638489e-02 4.328148812055587769e-02 3.219281509518623352e-02 8.087836205959320068e-02 4.351380094885826111e-02 7.944716489873826504e-04 1.591933146119117737e-02 7.463596761226654053e-03 2.088792063295841217e-02 3.299624472856521606e-02 5.232476815581321716e-02 3.166156634688377380e-02 4.116342216730117798e-02 1.624811813235282898e-02 1.934268325567245483e-02 6.482778582721948624e-03 9.687090059742331505e-04 2.134828083217144012e-02 1.347627677023410797e-02 2.803473360836505890e-02 1.254107151180505753e-02 3.835163637995719910e-02 7.061970420181751251e-03 6.121015921235084534e-02 2.463747560977935791e-02 1.628908142447471619e-02 9.745417162775993347e-03 8.570260368287563324e-03 1.566849090158939362e-02 5.244924873113632202e-02 9.758380241692066193e-03 5.273520946502685547e-02 2.955190138891339302e-03 1.538591086864471436e-02 4.037280008196830750e-02 4.479986801743507385e-02 3.097372129559516907e-02 2.087228186428546906e-02 3.436776250600814819e-02 2.470390498638153076e-02 1.043349318206310272e-02 2.924761734902858734e-02 4.405566956847906113e-03 2.255927771329879761e-02 2.592132240533828735e-02 1.294048270210623741e-03 1.994701661169528961e-02 9.456356056034564972e-03 3.418902680277824402e-02 3.110017813742160797e-02 1.524897012859582901e-02 1.549993455410003662e-02 6.000877171754837036e-02 2.687191218137741089e-02 3.095084428787231445e-02 7.242186693474650383e-04 8.535427972674369812e-03 1.101621706038713455e-02 3.652755916118621826e-02 2.263223752379417419e-02 5.823522806167602539e-02
3.051209961995482445e-03 3.687731549143791199e-02 5.364879500120878220e-03 4.739352688193321228e-02 4.779745638370513916e-02 8.583546429872512817e-02 5.005972832441329956e-02 2.509097382426261902e-02 3.900815546512603760e-02 5.963821709156036377e-02 2.230109460651874542e-02 4.719878546893596649e-03 1.402148604393005371e-02 2.373537719249725342e-01 3.211655467748641968e-02 7.172600366175174713e-03 1.631123386323451996e-02 8.282979950308799744e-03 6.090007256716489792e-03 1.861654035747051239e-02 9.409176185727119446e-03 1.864964328706264496e-02 6.665337830781936646e-02 3.270507231354713440e-02 1.078278385102748871e-02 1.179344672709703445e-02 7.029987871646881104e-03 1.347352564334869385e-01 4.606940224766731262e-02 1.338741183280944824e-01 5.610862001776695251e-02 2.893906459212303162e-02 2.582507394254207611e-02 1.996411083382554352e-05 3.179277479648590088e-02 1.840768568217754364e-02 5.002573132514953613e-02 2.427606843411922455e-02 3.421944857109338045e-04 1.897096820175647736e-02 3.879129141569137573e-02 1.728887856006622314e-02 1.137893926352262497e-02 4.386176168918609619e-02 4.681900888681411743e-02 5.370606854557991028e-02 4.719934239983558655e-02 7.883770391345024109e-03 3.741147369146347046e-02 8.032777160406112671e-02 3.972137719392776489e-02 3.174318373203277588e-02 1.711846888065338135e-02 3.014626912772655487e-02 2.704016864299774170e-02 4.011217877268791199e-02 3.593995049595832825e-02 4.868085682392120361e-02 2.608696557581424713e-02 3.293478116393089294e-02 1.368023268878459930e-02 1.245765853673219681e-02 1.931254006922245026e-02 5.092463269829750061e-02 3.909863904118537903e-02 1.640699617564678192e-02 5.586057435721158981e-03 1.737748272716999054e-02 2.491840533912181854e-02 4.370798822492361069e-03 2.759909071028232574e-02 5.213093012571334839e-02 7.546131312847137451e-02 5.095330998301506042e-03 3.590098023414611816e-02 5.225970409810543060e-03 7.848943769931793213e-02 5.192572996020317078e-02 3.332731872797012329e-02 2.560843713581562042e-02 3.520710766315460205e-02 2.296637976542115211e-03 7.175692170858383179e-02 1.376000419259071350e-02 3.077522106468677521e-02 6.381615530699491501e-03 2.311785891652107239e-02 1.452887523919343948e-02 1.005122065544128418e-01 1.721413992345333099e-02 3.829252719879150391e-02 2.622818946838378906e-02 3.314282000064849854e-02 3.491131588816642761e-02 4.580219462513923645e-02 2.837067656219005585e-02 1.574296131730079651e-02 1.338147209025919437e-03 3.860519034788012505e-03 5.113108456134796143e-02 3.849460184574127197e-02 2.312557213008403778e-02 2.025176770985126495e-02 1.332891918718814850e-02 6.463295221328735352e-02 5.781864374876022339e-02 1.088819466531276703e-02 1.760852709412574768e-02 3.433134034276008606e-02 3.103410266339778900e-02 3.800136735662817955e-03 1.063668541610240936e-02 2.389911748468875885e-02 3.248874098062515259e-02 3.381838649511337280e-02 8.720157295465469360e-02
7.535314559936523438e-02 1.413281112909317017e-01 1.699737459421157837e-02 8.730459213256835938e-02 5.230678245425224304e-03 4.369669035077095032e-02 6.503117084503173828e-02 7.287001702934503555e-03 1.772605255246162415e-02 3.932620212435722351e-02 8.178198337554931641e-02 1.402148604393005371e-02 1.124810874462127686e-01 2.759348787367343903e-02 2.446381375193595886e-02 2.213294431567192078e-02 1.456080097705125809e-02 6.544397771358489990e-02 1.039149332791566849e-02 3.675165027379989624e-02 6.057912111282348633e-02 5.521257221698760986e-02 3.018417861312627792e-03 1.387578621506690979e-02 1.527464389801025391e-02 4.335426259785890579e-03 7.002153899520635605e-03 4.090549051761627197e-02 5.445278808474540710e-02 3.110853023827075958e-02 1.463058497756719589e-02 3.376312181353569031e-02 6.610733456909656525e-03 1.708396896719932556e-02 5.473953858017921448e-02 2.758235111832618713e-02 1.904890686273574829e-02 1.641467027366161346e-02 1.013728044927120209e-02 3.306792303919792175e-02 3.211740031838417053e-02 1.613319106400012970e-02 7.380883675068616867e-03 5.229683592915534973e-02 3.741889446973800659e-02 4.144764691591262817e-02 5.073171854019165039e-02 9.060778468847274780e-02 1.774661242961883545e-02 2.544574066996574402e-02 1.402719225734472275e-02 1.373542472720146179e-02 2.831861376762390137e-02 1.331934705376625061e-02 5.616297200322151184e-02 2.138491533696651459e-02 1.041737385094165802e-02 2.010450512170791626e-02 7.687019184231758118e-03 3.008146770298480988e-02 3.895785426720976830e-03 2.268557809293270111e-02 1.433333754539489746e-02 3.115556202828884125e-02 1.161849498748779297e-02 9.076770395040512085e-02 4.798689484596252441e-02 2.111582271754741669e-02 6.097313016653060913e-03 8.720246143639087677e-03 2.263193204998970032e-02 9.922446683049201965e-03 7.235507946461439133e-03 1.918425410985946655e-02 1.443180907517671585e-02 1.088718138635158539e-02 3.736186772584915161e-02 7.646900601685047150e-03 1.751466467976570129e-02 6.016815314069390297e-04 7.389094680547714233e-04 8.281772024929523468e-03 4.937623743899166584e-04 9.717510081827640533e-03 2.902823314070701599e-02 4.151167720556259155e-02 5.095260962843894958e-02 6.615663319826126099e-02 4.245883598923683167e-02 2.091730944812297821e-02 4.364874586462974548e-02 6.731267273426055908e-02 3.359452262520790100e-02 6.374544650316238403e-02 3.357287496328353882e-02 1.342245563864707947e-02 3.776293015107512474e-03 7.324400544166564941e-02 3.336720168590545654e-02 3.492286894470453262e-03 1.158028095960617065e-02 4.300343990325927734e-02 7.119206711649894714e-03 4.103184118866920471e-02 1.521538104861974716e-02 3.956678882241249084e-02 3.159355372190475464e-02 1.491662207990884781e-02 2.861227281391620636e-02 2.884095348417758942e-02 3.966224566102027893e-02 8.583133108913898468e-03 2.793882600963115692e-02 1.548954896861687303e-04 1.407181192189455032e-02 2.601024508476257324e-02
