1.748017221689224243e-01 2.167087793350219727e-01 4.587075114250183105e-02 2.313123829662799835e-02 3.199106454849243164e-02 2.039150148630142212e-01 8.167862147092819214e-02 5.455553159117698669e-02 4.469178617000579834e-02 3.954131156206130981e-02 1.489633470773696899e-01 5.174207035452127457e-03 2.779332920908927917e-02 9.499934501945972443e-03 1.861672103404998779e-02 6.017732899636030197e-03 2.698399312794208527e-02 7.531235367059707642e-02 4.209916293621063232e-02 2.184303104877471924e-02 2.952912077307701111e-02 7.720033824443817139e-02 2.789590321481227875e-02 2.571823261678218842e-02 2.774067036807537079e-02 3.462202474474906921e-02 3.457706794142723083e-02 3.438212722539901733e-02 6.839757412672042847e-02 9.085850906558334827e-04 4.367906227707862854e-02 7.467666175216436386e-03 2.527025341987609863e-02 1.355714257806539536e-02 3.342089802026748657e-02 2.623097412288188934e-02 5.468278657644987106e-03 6.487742811441421509e-02 2.979926206171512604e-02 3.136029001325368881e-03 5.659012123942375183e-02 4.420443251729011536e-02 4.019461572170257568e-02 5.008191615343093872e-02 1.516609340906143188e-01 6.125353276729583740e-02 7.983558624982833862e-02 9.422203898429870605e-02 7.429854013025760651e-03 2.914361283183097839e-02 2.406962774693965912e-02 8.754415437579154968e-03 8.659552782773971558e-03 4.026442475151270628e-04 3.876743093132972717e-02 2.960589015856385231e-03 6.196895241737365723e-02 5.922568216919898987e-02 3.573172580217942595e-05 2.983242087066173553e-02 1.894492097198963165e-02 7.010588422417640686e-03 1.102516427636146545e-02 2.266318351030349731e-02 1.321277022361755371e-02 4.074683785438537598e-02 3.222607821226119995e-02 2.218969725072383881e-02 7.697451859712600708e-03 6.628680042922496796e-03 1.240030210465192795e-02 2.605526149272918701e-02 1.215531397610902786e-02 9.660944342613220215e-03 3.131913021206855774e-02 7.336713373661041260e-02 5.505332723259925842e-02 4.247891157865524292e-02 7.614817470312118530e-02 5.199789628386497498e-02 6.540877744555473328e-03 2.672075666487216949e-02 5.082563310861587524e-02 5.239069461822509766e-02 2.571337856352329254e-02 1.438271906226873398e-02 5.313906073570251465e-02 4.094704613089561462e-02 1.095111295580863953e-01 1.058273687958717346e-01 3.424382768571376801e-03 2.350312657654285431e-02 3.008340718224644661e-04 3.513826057314872742e-02 2.783197164535522461e-02 4.670385271310806274e-02 6.272890418767929077e-02 5.502087622880935669e-02 4.612280055880546570e-02 1.206846255809068680e-02 4.971079528331756592e-02 9.043600410223007202e-02 9.697169996798038483e-03 5.413630232214927673e-02 8.133051916956901550e-03 2.185393124818801880e-02 4.230788722634315491e-02 5.912030488252639771e-02 4.325316473841667175e-02 4.556601494550704956e-02 8.776801405474543571e-04 1.940342970192432404e-02 6.900940090417861938e-02 1.697398256510496140e-03 1.113486662507057190e-02 8.241712301969528198e-02
2.167087793350219727e-01 1.714266985654830933e-01 1.001841276884078979e-01 9.511318989098072052e-03 8.458252251148223877e-02 1.896035969257354736e-01 1.407517343759536743e-01 1.655777357518672943e-02 7.349474728107452393e-02 5.236590746790170670e-03 9.534641355276107788e-02 2.352814888581633568e-03 2.007667869329452515e-01 2.260013669729232788e-02 2.332204766571521759e-02 2.879997901618480682e-02 3.571446612477302551e-02 4.749841988086700439e-02 1.402020547538995743e-02 2.477249130606651306e-02 7.001594640314579010e-03 2.695321477949619293e-02 2.868571691215038300e-02 2.615099400281906128e-02 2.784812636673450470e-02 1.433201692998409271e-02 1.089171878993511200e-02 7.676324993371963501e-02 1.585761085152626038e-02 6.925109028816223145e-02 2.381498180329799652e-02 3.231693059206008911e-03 3.176386281847953796e-02 4.112324677407741547e-03 5.178605392575263977e-02 2.437666291370987892e-03 8.493793196976184845e-03 4.827889800071716309e-02 8.108502626419067383e-02 2.282446483150124550e-03 1.173143275082111359e-02 2.649843692779541016e-02 2.704063989222049713e-02 1.011260878294706345e-02 1.277922093868255615e-01 5.793150514364242554e-02 3.203774616122245789e-02 5.961668863892555237e-02 1.125121023505926132e-02 4.679961502552032471e-02 2.746902965009212494e-02 2.806122228503227234e-02 4.570712521672248840e-02 5.174035951495170593e-02 3.670316189527511597e-02 5.408468469977378845e-02 4.654665291309356689e-02 5.014354735612869263e-02 2.680701762437820435e-02 9.542209096252918243e-03 2.630663290619850159e-02 2.035865746438503265e-02 4.681282117962837219e-02 1.241837907582521439e-02 5.075618624687194824e-02 1.260841079056262970e-02 1.513683982193470001e-02 4.027488082647323608e-02 2.424707077443599701e-02 2.495000138878822327e-02 3.209530189633369446e-02 1.427402067929506302e-02 2.286742627620697021e-02 4.632693901658058167e-02 5.000901967287063599e-02 5.889194831252098083e-02 4.521242156624794006e-02 7.083297520875930786e-02 2.040601149201393127e-02 3.259543702006340027e-02 5.841346457600593567e-03 2.904710359871387482e-02 2.329277433454990387e-02 5.662393942475318909e-02 4.884865600615739822e-03 4.873324558138847351e-02 9.389061597175896168e-04 1.775896176695823669e-02 5.346312746405601501e-02 3.146460652351379395e-02 4.918425902724266052e-02 4.484102129936218262e-02 2.740831486880779266e-02 2.943399176001548767e-02 3.693232312798500061e-02 4.458258673548698425e-02 2.336415834724903107e-02 6.095830723643302917e-02 2.540568634867668152e-02 4.253633320331573486e-03 3.869446367025375366e-02 6.793505698442459106e-02 5.355443060398101807e-02 8.566855452954769135e-03 2.902650507166981697e-03 2.073226124048233032e-02 1.816215366125106812e-02 9.367661550641059875e-03 6.429168581962585449e-02 3.091947734355926514e-02 2.078243158757686615e-02 1.171916374005377293e-03 7.708198972977697849e-04 2.289529703557491302e-02 2.572517842054367065e-02 7.253764569759368896e-02
4.587075114250183105e-02 1.001841276884078979e-01 6.003059074282646179e-02 3.644116595387458801e-02 3.738173097372055054e-02 1.265528518706560135e-02 6.000569462776184082e-02 2.143041491508483887e-01 5.036025866866111755e-02 5.545269697904586792e-02 5.210483074188232422e-02 5.611653625965118408e-02 9.892015904188156128e-02 2.966528199613094330e-02 1.029160339385271072e-02 3.455366566777229309e-02 1.172312907874584198e-02 4.668601322919130325e-03 4.993055015802383423e-03 3.415384143590927124e-02 2.491188468411564827e-03 6.159709021449089050e-02 5.708712339401245117e-02 2.334334887564182281e-02 3.726839320734143257e-03 6.753098964691162109e-02 1.601803931407630444e-03 4.063297435641288757e-02 1.449837116524577141e-03 4.026628285646438599e-02 1.021180599927902222e-01 2.776438370347023010e-02 3.727614507079124451e-02 3.922555968165397644e-02 3.023678064346313477e-02 1.217087078839540482e-02 1.557393115945160389e-03 6.466993689537048340e-02 3.941855579614639282e-02 5.685418378561735153e-03 1.757545210421085358e-02 3.935368731617927551e-02 2.018857188522815704e-02 4.967210814356803894e-02 6.130178924649953842e-03 4.089604690670967102e-02 1.750928908586502075e-02 4.258947446942329407e-02 4.621401056647300720e-02 5.476124584674835205e-03 2.160397730767726898e-02 5.862378329038619995e-02 2.343346364796161652e-02 8.090223185718059540e-03 4.737164080142974854e-02 3.348756581544876099e-02 4.959968850016593933e-03 4.463531449437141418e-02 7.311334833502769470e-03 2.556063700467348099e-03 6.258661299943923950e-02 1.995000801980495453e-02 2.393922582268714905e-02 4.943355545401573181e-02 3.811269626021385193e-02 1.453433278948068619e-02 3.992268443107604980e-02 2.015928912442177534e-04 6.202483549714088440e-02 4.493533074855804443e-02 1.367309875786304474e-02 8.789334446191787720e-02 4.007147625088691711e-02 1.052069477736949921e-02 3.077783249318599701e-02 1.073180735111236572e-01 3.140599280595779419e-02 1.141586247831583023e-02 5.503613874316215515e-02 3.392040356993675232e-02 7.853726297616958618e-02 4.750090464949607849e-02 3.536356613039970398e-02 4.330361634492874146e-02 6.569612771272659302e-02 2.690277434885501862e-02 1.094480976462364197e-01 3.368622064590454102e-02 4.166635125875473022e-02 3.081930987536907196e-02 5.874120444059371948e-02 1.776856556534767151e-02 8.887744508683681488e-03 1.763906329870223999e-02 7.224252820014953613e-02 1.722050085663795471e-02 3.535416722297668457e-02 1.172600463032722473e-01 1.532365940511226654e-02 1.925295102410018444e-03 1.115662418305873871e-02 4.757919535040855408e-02 7.159354537725448608e-02 6.676906719803810120e-03 1.772602275013923645e-02 1.877086423337459564e-02 5.598985403776168823e-02 1.939868554472923279e-02 5.303135514259338379e-02 1.153186559677124023e-01 5.698139965534210205e-02 6.537886708974838257e-02 7.309018820524215698e-02 3.799595870077610016e-03 3.421872854232788086e-02 6.743907928466796875e-02
2.313123829662799835e-02 9.511318989098072052e-03 3.644116595387458801e-02 1.215126514434814453e-01 2.568532228469848633e-01 3.504026308655738831e-02 4.554319754242897034e-02 6.135742296464741230e-05 7.620668411254882812e-02 1.864321716129779816e-02 7.777900993824005127e-02 6.149324122816324234e-03 3.033258020877838135e-02 5.069070681929588318e-02 9.906779974699020386e-03 3.546272963285446167e-02 3.346099704504013062e-02 3.577765822410583496e-02 6.538777053356170654e-02 3.628845140337944031e-02 3.778301179409027100e-04 5.455652624368667603e-02 6.220950558781623840e-02 3.197108581662178040e-02 2.162028104066848755e-02 6.969885528087615967e-02 3.573597222566604614e-02 1.991244265809655190e-03 1.762321591377258301e-02 4.280564561486244202e-02 5.749761313199996948e-02 1.534269098192453384e-02 1.229245215654373169e-02 2.122300863265991211e-02 6.628338247537612915e-03 5.997345596551895142e-02 2.159709669649600983e-02 5.599645152688026428e-02 1.592779345810413361e-02 3.082774206995964050e-02 3.652022033929824829e-02 3.665731847286224365e-02 4.274223465472459793e-03 1.649914868175983429e-02 3.494880720973014832e-02 1.440730527974665165e-03 1.394983567297458649e-02 4.363640025258064270e-02 1.072647795081138611e-01 2.838188037276268005e-02 2.066962607204914093e-02 3.359504044055938721e-02 2.181287668645381927e-02 1.630414091050624847e-02 3.894724324345588684e-02 3.719946369528770447e-02 3.140822798013687134e-02 2.979915402829647064e-02 5.418967455625534058e-02 2.613039128482341766e-02 3.583137318491935730e-02 5.036004818975925446e-03 8.480963855981826782e-02 2.283402159810066223e-02 2.073753066360950470e-02 3.293095901608467102e-02 1.876734569668769836e-02 1.779354526661336422e-03 1.821978203952312469e-02 2.669679746031761169e-02 2.123290672898292542e-02 6.455775350332260132e-02 2.050797343254089355e-01 2.903653122484683990e-02 1.401004791259765625e-01 4.868196696043014526e-02 1.745061948895454407e-02 7.630635797977447510e-02 8.515504747629165649e-02 9.656155854463577271e-02 2.533594146370887756e-02 2.124208956956863403e-02 8.741293102502822876e-02 8.675666898488998413e-02 1.512029673904180527e-02 2.209053747355937958e-02 4.070597887039184570e-02 4.043957684189081192e-03 8.443064242601394653e-02 7.204332202672958374e-02 1.840267889201641083e-02 1.961492747068405151e-02 1.405810005962848663e-02 5.923348478972911835e-03 3.639974072575569153e-02 2.031384035944938660e-02 2.784259058535099030e-02 1.278117019683122635e-02 3.342399373650550842e-02 4.639924690127372742e-02 3.883018717169761658e-02 8.508956059813499451e-03 2.909659408032894135e-02 1.775853917934000492e-03 4.374781623482704163e-02 1.190908532589673996e-02 9.419858455657958984e-02 2.839351445436477661e-02 7.570690661668777466e-02 3.757828101515769958e-02 9.880035184323787689e-03 2.088021673262119293e-02 3.347418457269668579e-02 3.897623717784881592e-02 3.382322937250137329e-02 6.425423547625541687e-03
3.199106454849243164e-02 8.458252251148223877e-02 3.738173097372055054e-02 2.568532228469848633e-01 1.005461215972900391e-01 3.282242268323898315e-02 1.380490418523550034e-02 2.120978198945522308e-02 2.325253933668136597e-02 5.506470799446105957e-02 7.169174402952194214e-02 2.948068454861640930e-02 1.596998274326324463e-01 5.731266364455223083e-02 2.104984968900680542e-02 2.029629051685333252e-02 4.275147989392280579e-02 2.570249373093247414e-03 1.553605217486619949e-02 4.308582097291946411e-02 6.328807771205902100e-02 3.070805966854095459e-02 2.362137660384178162e-02 3.596631810069084167e-02 5.023727938532829285e-02 1.826716586947441101e-02 7.092912495136260986e-02 6.966640800237655640e-02 8.632850833237171173e-03 4.864000901579856873e-02 8.551596105098724365e-02 3.031952865421772003e-02 1.127029862254858017e-02 4.405049607157707214e-02 5.017278715968132019e-02 6.917742639780044556e-02 4.417095705866813660e-02 1.034698262810707092e-01 7.551117986440658569e-02 4.778989590704441071e-03 3.198282793164253235e-02 4.557456076145172119e-02 2.240256173536181450e-03 1.647866703569889069e-02 4.763722047209739685e-02 2.939388854429125786e-03 5.247312784194946289e-02 2.894882671535015106e-02 1.542915403842926025e-02 8.540518581867218018e-03 3.458105772733688354e-02 3.331721946597099304e-02 5.178442224860191345e-02 3.623050078749656677e-02 5.569897219538688660e-02 1.009507197886705399e-02 1.892520114779472351e-02 1.092655770480632782e-02 1.577067887410521507e-03 2.814648486673831940e-02 1.450769044458866119e-02 7.506737112998962402e-02 1.114376038312911987e-01 6.574743986129760742e-02 4.277630150318145752e-02 6.442768871784210205e-02 7.326215039938688278e-03 3.873077407479286194e-02 4.509725421667098999e-02 6.291805207729339600e-02 6.315243989229202271e-02 3.156390786170959473e-02 8.689242601394653320e-02 7.479790598154067993e-02 1.145410090684890747e-01 7.478327304124832153e-02 1.341964770108461380e-02 6.254623085260391235e-02 1.160115748643875122e-01 2.827964723110198975e-02 4.266881197690963745e-02 4.971307516098022461e-02 3.574849665164947510e-02 1.548394858837127686e-01 4.073496093042194843e-04 5.596780031919479370e-02 4.520902410149574280e-02 9.928086772561073303e-03 8.069722354412078857e-02 4.821981303393840790e-03 8.281396329402923584e-02 5.328955873847007751e-02 3.318351879715919495e-02 5.359659716486930847e-02 1.017599087208509445e-02 8.495175093412399292e-02 4.279560595750808716e-02 5.745045840740203857e-03 4.643913358449935913e-02 1.349380519241094589e-02 3.620557114481925964e-02 2.436624094843864441e-02 5.788959562778472900e-02 3.314384492114186287e-03 2.861553337424993515e-03 3.596468269824981689e-02 1.342555433511734009e-01 4.546705633401870728e-02 2.151164971292018890e-02 2.312538586556911469e-02 4.957472905516624451e-02 2.772263251245021820e-02 2.320868335664272308e-02 5.212102830410003662e-02 1.179793551564216614e-01 2.099148184061050415e-02
2.039150148630142212e-01 1.896035969257354736e-01 1.265528518706560135e-02 3.504026308655738831e-02 3.282242268323898315e-02 1.636425703763961792e-01 2.307105064392089844e-01 4.419384524226188660e-02 4.810595139861106873e-02 5.014821887016296387e-02 6.015080586075782776e-02 1.991472020745277405e-02 2.530410513281822205e-02 5.629343539476394653e-02 1.348523073829710484e-04 5.233263224363327026e-02 6.602942943572998047e-02 4.372533783316612244e-02 8.206100761890411377e-02 2.973125874996185303e-02 2.950784564018249512e-02 5.242111533880233765e-02 1.382944826036691666e-02 2.316398732364177704e-02 1.351839769631624222e-02 7.932616770267486572e-02 3.160864347591996193e-03 2.785176038742065430e-02 5.065838247537612915e-02 2.242303453385829926e-02 2.941814064979553223e-02 1.478842739015817642e-02 5.773018673062324524e-02 2.421208284795284271e-02 3.292519599199295044e-02 1.821225136518478394e-02 6.249930709600448608e-03 1.280062948353588581e-03 5.549039691686630249e-02 6.203820928931236267e-03 2.391698537394404411e-03 1.220977306365966797e-02 4.115832224488258362e-02 8.584721013903617859e-03 7.315625250339508057e-02 3.919557109475135803e-02 1.643800586462020874e-01 3.740126732736825943e-03 6.982527673244476318e-02 3.949728794395923615e-03 1.150641217827796936e-02 1.750315539538860321e-02 8.334693498909473419e-03 3.043574513867497444e-03 4.874324053525924683e-02 3.670527040958404541e-02 5.019122734665870667e-02 3.926711529493331909e-02 6.477284431457519531e-02 2.466692589223384857e-02 5.910809338092803955e-02 6.706008315086364746e-02 1.121066045016050339e-02 4.709826037287712097e-02 3.709276765584945679e-02 4.890698567032814026e-02 3.772508585825562477e-03 4.160222038626670837e-02 3.813157230615615845e-02 1.549389213323593140e-02 2.903858758509159088e-02 2.739464864134788513e-02 5.178738385438919067e-03 3.119197860360145569e-02 6.369113456457853317e-03 2.750371769070625305e-02 3.239583969116210938e-02 3.768355771899223328e-02 2.642651554197072983e-03 3.179112076759338379e-02 3.738506883382797241e-02 3.848344832658767700e-02 2.673025429248809814e-02 5.583501979708671570e-02 1.757046394050121307e-02 7.650177925825119019e-02 9.943326935172080994e-03 8.686544373631477356e-03 1.142062470316886902e-01 7.066629827022552490e-02 2.279060706496238708e-02 4.966446012258529663e-02 3.136965679004788399e-03 3.015540726482868195e-02 6.103929877281188965e-02 8.286952227354049683e-02 1.256784982979297638e-02 5.654854699969291687e-02 2.472804486751556396e-02 1.267047598958015442e-02 6.976985023356974125e-04 6.472899764776229858e-02 2.847454696893692017e-02 2.096116915345191956e-02 4.414692148566246033e-02 5.966195464134216309e-02 3.205342963337898254e-02 5.352959036827087402e-03 1.184045821428298950e-01 7.494870573282241821e-02 1.058146450668573380e-02 6.027665920555591583e-03 1.146430298686027527e-01 1.751053496263921261e-03 4.598897695541381836e-02 2.712238021194934845e-02
8.167862147092819214e-02 1.407517343759536743e-01 6.000569462776184082e-02 4.554319754242897034e-02 1.380490418523550034e-02 2.307105064392089844e-01 1.542265862226486206e-01 8.453243970870971680e-02 8.559237234294414520e-03 1.973005943000316620e-02 2.395146712660789490e-02 4.726014286279678345e-02 1.115558147430419922e-01 6.043098866939544678e-02 3.056639432907104492e-02 4.030847176909446716e-02 3.548150509595870972e-02 2.867607027292251587e-02 8.053949102759361267e-03 6.898780912160873413e-02 7.854178547859191895e-04 3.045173734426498413e-02 4.127225652337074280e-02 1.104031037539243698e-02 4.178764671087265015e-02 1.630657725036144257e-02 1.104946277337148786e-04 1.395684480667114258e-02 3.652672842144966125e-02 6.679169833660125732e-02 2.161274477839469910e-02 3.916581347584724426e-02 2.919717878103256226e-02 5.789171159267425537e-02 5.478898063302040100e-02 9.437209926545619965e-03 4.592727497220039368e-02 3.202041611075401306e-02 2.542099170386791229e-02 2.812037989497184753e-02 4.659333825111389160e-02 1.530546136200428009e-02 3.766185045242309570e-02 4.620581120252609253e-02 1.770796813070774078e-02 1.053355634212493896e-02 2.047863453626632690e-01 2.477917373180389404e-01 4.056065157055854797e-02 5.937871988862752914e-03 3.020092472434043884e-02 4.044648725539445877e-03 1.271722838282585144e-02 4.188993945717811584e-02 1.661561254877597094e-04 4.653482697904109955e-03 2.727658674120903015e-02 4.834259301424026489e-02 4.079119861125946045e-02 1.035184413194656372e-02 1.541982777416706085e-02 7.525890320539474487e-02 9.302385151386260986e-02 2.832281030714511871e-02 3.956058621406555176e-02 1.386205852031707764e-02 3.316694125533103943e-02 3.051436506211757660e-02 2.141682058572769165e-02 5.093237012624740601e-02 2.413191273808479309e-02 2.439316734671592712e-02 3.702187910676002502e-02 1.662087254226207733e-02 2.415560930967330933e-02 1.880969852209091187e-02 1.764876767992973328e-02 1.174631714820861816e-02 3.358978405594825745e-02 1.370551902800798416e-02 1.647838274948298931e-03 2.562258951365947723e-02 2.881362475454807281e-02 6.281955540180206299e-02 5.329629871994256973e-03 9.844503551721572876e-02 1.559494622051715851e-02 1.546519156545400620e-02 7.835064083337783813e-02 2.605750970542430878e-02 1.706357486546039581e-02 4.402222856879234314e-02 8.027748018503189087e-02 7.068266160786151886e-03 3.250733390450477600e-02 4.882044717669487000e-02 1.229898072779178619e-02 9.588640183210372925e-03 9.427700191736221313e-03 1.950482837855815887e-02 1.846897415816783905e-02 6.115797907114028931e-02 9.101312607526779175e-03 1.799306459724903107e-02 1.095969229936599731e-02 8.534668013453483582e-03 2.642723359167575836e-02 1.146980375051498413e-02 4.434341564774513245e-02 6.741566210985183716e-02 1.935116946697235107e-02 1.786653138697147369e-02 3.110968135297298431e-02 7.794012781232595444e-03 2.181114628911018372e-02 6.017953902482986450e-02
5.455553159117698669e-02 1.655777357518672943e-02 2.143041491508483887e-01 6.135742296464741230e-05 2.120978198945522308e-02 4.419384524226188660e-02 8.453243970870971680e-02 6.765758991241455078e-02 1.393424160778522491e-02 5.519079510122537613e-03 1.793454401195049286e-02 4.089327901601791382e-02 2.700609341263771057e-02 2.240808680653572083e-02 1.567165255546569824e-01 1.343283918686211109e-03 6.051853997632861137e-04 7.128246594220399857e-03 2.158430777490139008e-02 2.107724733650684357e-02 1.934412121772766113e-02 2.297411672770977020e-03 5.029103532433509827e-02 4.814286157488822937e-02 2.134439349174499512e-02 1.582754403352737427e-02 4.996225610375404358e-02 3.616665676236152649e-02 2.772858366370201111e-02 7.252853363752365112e-03 5.499289836734533310e-03 4.041701089590787888e-03 1.630065403878688812e-02 6.550134159624576569e-03 2.594925276935100555e-02 9.015352115966379642e-04 3.151749819517135620e-02 4.245765879750251770e-02 3.484538942575454712e-02 1.586888357996940613e-02 1.719771698117256165e-02 7.133651990443468094e-03 2.085661748424172401e-03 2.526902221143245697e-02 5.807204172015190125e-02 2.055827341973781586e-02 9.660300798714160919e-03 1.600346527993679047e-02 3.458959609270095825e-02 4.293942451477050781e-02 5.241333320736885071e-02 3.195761516690254211e-02 4.007330164313316345e-02 3.855426609516143799e-02 1.559853903017938137e-03 3.915063664317131042e-02 2.890291623771190643e-03 1.960752718150615692e-02 3.821697458624839783e-02 3.633043542504310608e-02 1.859608478844165802e-02 2.032830147072672844e-03 3.937109932303428650e-02 4.306307062506675720e-02 4.611553624272346497e-02 2.718984149396419525e-02 1.902521401643753052e-02 3.632246050983667374e-03 3.489107266068458557e-02 6.019508838653564453e-02 7.818209007382392883e-03 2.933506621047854424e-03 3.545120358467102051e-02 4.873124416917562485e-04 1.720295473933219910e-02 2.527582645416259766e-02 1.214619912207126617e-02 1.096226461231708527e-02 4.731053020805120468e-03 2.027053758502006531e-02 1.817273199558258057e-01 1.249330192804336548e-01 3.549649193882942200e-02 2.229454461485147476e-03 9.625765681266784668e-02 1.311771222390234470e-03 1.230748444795608521e-01 4.553295671939849854e-02 3.776852739974856377e-03 3.477754443883895874e-02 4.965335503220558167e-02 2.304017916321754456e-02 4.915137588977813721e-02 5.077242851257324219e-03 7.010297477245330811e-02 8.789296448230743408e-02 4.190522432327270508e-02 6.847652047872543335e-02 1.942384289577603340e-03 4.248698824085295200e-04 4.730047285556793213e-02 3.304907679557800293e-02 5.062507465481758118e-02 3.015305288136005402e-02 3.733387216925621033e-02 3.724554181098937988e-02 7.644589245319366455e-02 6.033111736178398132e-02 2.919835783541202545e-02 2.263461798429489136e-02 3.831933811306953430e-02 1.664124894887208939e-03 6.059445440769195557e-02 1.335283834487199783e-02 2.382044121623039246e-02 3.951292019337415695e-03
4.469178617000579834e-02 7.349474728107452393e-02 5.036025866866111755e-02 7.620668411254882812e-02 2.325253933668136597e-02 4.810595139861106873e-02 8.559237234294414520e-03 1.393424160778522491e-02 8.416653424501419067e-02 2.500154264271259308e-02 7.965412922203540802e-03 4.076257348060607910e-02 5.333834141492843628e-02 1.234420202672481537e-02 3.120029345154762268e-02 1.359451469033956528e-02 2.972486242651939392e-02 1.772535890340805054e-01 3.436932712793350220e-02 3.435010788962244987e-03 1.831091195344924927e-02 5.527628585696220398e-02 2.751338109374046326e-02 3.090624697506427765e-02 1.816432923078536987e-02 1.212353236041963100e-03 1.092315837740898132e-02 9.273549541831016541e-03 2.371990121901035309e-02 3.037815354764461517e-02 1.872227340936660767e-02 2.062718942761421204e-02 9.722484275698661804e-03 6.312280427664518356e-03 2.102102153003215790e-02 4.116251319646835327e-02 1.852955110371112823e-02 2.510356158018112183e-02 3.230796754360198975e-02 5.066294968128204346e-02 1.528764888644218445e-02 5.288404598832130432e-02 3.086518310010433197e-02 1.310992427170276642e-02 3.905966877937316895e-03 5.915646255016326904e-02 4.800054430961608887e-02 3.285179380327463150e-03 8.063399046659469604e-02 3.211123868823051453e-02 4.034173116087913513e-02 2.825271897017955780e-02 2.015431784093379974e-02 9.764170274138450623e-03 1.090193390846252441e-01 2.613748237490653992e-02 2.226523868739604950e-02 2.476624213159084320e-03 2.334450604394078255e-03 3.472836920991539955e-03 4.577756673097610474e-02 4.393536597490310669e-03 6.399942561984062195e-03 1.030695065855979919e-02 2.942586131393909454e-02 2.921205200254917145e-02 8.766100741922855377e-03 4.454832524061203003e-02 4.414575174450874329e-02 1.121696364134550095e-02 2.431615069508552551e-02 1.530507579445838928e-02 2.033338183537125587e-03 5.213412642478942871e-02 9.620736353099346161e-03 4.753740131855010986e-02 9.302689880132675171e-02 4.499934613704681396e-03 1.425361484289169312e-01 4.618389904499053955e-02 2.739207819104194641e-03 2.357716904953122139e-03 5.649131536483764648e-02 1.744150184094905853e-02 5.605532228946685791e-02 4.371753334999084473e-02 1.178781781345605850e-02 5.567524582147598267e-02 2.595778554677963257e-02 5.576486233621835709e-03 2.712008170783519745e-02 3.973955661058425903e-02 3.619419410824775696e-02 2.127720229327678680e-02 3.093835897743701935e-02 2.456979453563690186e-02 2.136901393532752991e-02 5.687157437205314636e-02 2.669517509639263153e-02 9.033663198351860046e-03 3.489350527524948120e-02 4.543068353086709976e-03 3.178429976105690002e-02 4.039460048079490662e-02 3.901883028447628021e-03 4.731710255146026611e-02 2.611696347594261169e-02 3.923645243048667908e-02 4.556050896644592285e-02 4.965883865952491760e-02 3.113178163766860962e-02 2.956172637641429901e-02 5.287979729473590851e-03 6.903691217303276062e-03 1.437521539628505707e-02 2.631217427551746368e-02
3.954131156206130981e-02 5.236590746790170670e-03 5.545269697904586792e-02 1.864321716129779816e-02 5.506470799446105957e-02 5.014821887016296387e-02 1.973005943000316620e-02 5.519079510122537613e-03 2.500154264271259308e-02 1.650865674018859863e-01 7.424657233059406281e-03 5.988315120339393616e-02 4.115358367562294006e-02 7.482289802283048630e-03 2.326444163918495178e-02 4.932277277112007141e-02 4.275247454643249512e-02 4.912644252181053162e-02 7.006809860467910767e-02 7.092389743775129318e-03 5.502825230360031128e-02 4.975734278559684753e-02 1.147855073213577271e-02 1.144317165017127991e-01 2.819707803428173065e-02 3.864615410566329956e-02 3.582238033413887024e-02 3.055922314524650574e-02 1.205216441303491592e-02 4.110865667462348938e-02 7.873689755797386169e-03 2.959571406245231628e-02 1.684591919183731079e-02 4.060355713590979576e-04 1.933965459465980530e-02 3.025943413376808167e-02 1.081846933811903000e-02 4.548542946577072144e-02 4.450952634215354919e-02 1.642664708197116852e-02 3.274564817547798157e-02 4.721569828689098358e-03 3.832681104540824890e-02 6.359033286571502686e-02 2.079062350094318390e-02 7.494595646858215332e-02 2.789208665490150452e-02 7.827362976968288422e-03 3.917206451296806335e-02 1.231715455651283264e-01 3.025023080408573151e-02 3.990451619029045105e-02 2.701054513454437256e-02 6.170010566711425781e-02 8.882078342139720917e-03 1.133706420660018921e-01 8.557119220495223999e-02 1.734027862548828125e-01 2.161252871155738831e-02 2.140290103852748871e-02 7.178863044828176498e-03 1.578477025032043457e-02 1.247769743204116821e-01 4.525129869580268860e-02 1.413153950124979019e-02 1.544418651610612869e-02 6.027644127607345581e-02 6.500526517629623413e-02 2.618817426264286041e-02 5.303938314318656921e-02 8.953253179788589478e-02 2.504020929336547852e-02 3.073807433247566223e-02 9.414764121174812317e-03 1.651229709386825562e-02 7.713231258094310760e-03 2.292796596884727478e-02 1.385389119386672974e-01 6.422428041696548462e-02 1.620457172393798828e-01 1.847115345299243927e-02 1.087185181677341461e-02 4.052238166332244873e-02 3.413955494761466980e-02 5.354654043912887573e-02 1.167465746402740479e-01 2.974287793040275574e-02 2.702147699892520905e-02 9.974806010723114014e-02 4.253769293427467346e-02 1.157972868531942368e-02 2.999169379472732544e-02 2.605864591896533966e-02 3.087577410042285919e-02 8.105254173278808594e-02 5.957024171948432922e-02 5.575188994407653809e-02 6.471533328294754028e-03 9.184144437313079834e-03 4.600270837545394897e-02 3.795813024044036865e-02 4.792697727680206299e-02 4.831577837467193604e-02 1.678607240319252014e-02 4.971606656908988953e-02 1.604404672980308533e-02 2.719268202781677246e-02 1.588591001927852631e-02 8.414454758167266846e-02 2.664323337376117706e-02 1.587109081447124481e-02 5.904060089960694313e-04 4.269333183765411377e-02 5.606547370553016663e-02 5.443847551941871643e-02 8.801063522696495056e-03
1.489633470773696899e-01 9.534641355276107788e-02 5.210483074188232422e-02 7.777900993824005127e-02 7.169174402952194214e-02 6.015080586075782776e-02 2.395146712660789490e-02 1.793454401195049286e-02 7.965412922203540802e-03 7.424657233059406281e-03 1.335475891828536987e-01 5.997049808502197266e-02 1.364323645830154419e-01 1.489306893199682236e-02 9.494301863014698029e-03 1.491493452340364456e-02 1.310870237648487091e-02 2.161300741136074066e-02 5.873838439583778381e-02 1.274913549423217773e-03 2.223068103194236755e-02 3.128935396671295166e-02 2.893328666687011719e-03 3.058791160583496094e-03 6.542553193867206573e-03 2.172988839447498322e-02 6.548932194709777832e-02 4.144934564828872681e-02 5.984606593847274780e-02 3.648952022194862366e-02 6.243539974093437195e-02 1.049913931638002396e-02 5.294941831380128860e-03 1.208697794936597347e-03 1.195133291184902191e-02 1.867880485951900482e-02 3.704681294038891792e-03 1.177218277007341385e-02 4.815948754549026489e-02 5.800066515803337097e-02 2.626018598675727844e-02 1.833500154316425323e-02 1.520230527967214584e-02 1.109017580747604370e-01 6.452979147434234619e-02 2.588735707104206085e-02 1.079256683588027954e-01 2.425294183194637299e-02 1.341362483799457550e-02 5.889575555920600891e-02 1.742726378142833710e-02 1.955172233283519745e-02 5.521827191114425659e-02 2.606983110308647156e-02 3.967045992612838745e-02 6.240799278020858765e-02 6.759929656982421875e-02 2.266879752278327942e-02 2.883006585761904716e-03 5.654721055179834366e-03 3.322678850963711739e-03 1.054914551787078381e-03 2.784564159810543060e-02 9.327255189418792725e-03 7.180319726467132568e-02 1.656730473041534424e-02 2.625916898250579834e-02 2.222792617976665497e-02 1.386662852019071579e-02 4.893167689442634583e-02 6.000121682882308960e-02 4.298722371459007263e-02 2.078296616673469543e-02 5.761118605732917786e-03 8.696995675563812256e-03 5.875768512487411499e-02 1.451055891811847687e-02 4.813322424888610840e-02 1.642644219100475311e-02 3.959195688366889954e-02 5.155351758003234863e-02 2.439061924815177917e-02 1.864237710833549500e-02 6.309616565704345703e-02 3.055465221405029297e-02 1.975104771554470062e-02 4.406914114952087402e-02 3.362844511866569519e-02 9.185487031936645508e-02 3.703033924102783203e-02 8.181535452604293823e-02 4.921463504433631897e-02 1.052527502179145813e-02 5.656081810593605042e-02 3.471520915627479553e-02 4.224932193756103516e-02 1.544375438243150711e-02 1.744960062205791473e-02 3.517324477434158325e-02 3.467984125018119812e-02 1.896770484745502472e-02 2.957807108759880066e-02 1.322685368359088898e-02 1.855089701712131500e-02 5.205446481704711914e-02 4.537393525242805481e-02 4.331151023507118225e-02 3.169877082109451294e-02 7.926008850336074829e-02 3.771564364433288574e-02 3.567317035049200058e-04 1.294636260718107224e-02 2.847716026008129120e-02 5.423737224191427231e-03 6.835366785526275635e-02 1.072059785656165332e-05
5.174207035452127457e-03 2.352814888581633568e-03 5.611653625965118408e-02 6.149324122816324234e-03 2.948068454861640930e-02 1.991472020745277405e-02 4.726014286279678345e-02 4.089327901601791382e-02 4.076257348060607910e-02 5.988315120339393616e-02 5.997049808502197266e-02 9.267972409725189209e-02 4.265801608562469482e-02 2.311113029718399048e-01 7.247661240398883820e-03 1.319068018347024918e-02 6.080226739868521690e-04 7.581172138452529907e-02 5.150639265775680542e-02 1.710780896246433258e-02 2.510049194097518921e-02 5.568497814238071442e-03 3.254068270325660706e-02 5.103739723563194275e-02 4.250589385628700256e-02 2.270732820034027100e-02 2.873786352574825287e-02 9.586440771818161011e-02 2.151932008564472198e-02 2.458004653453826904e-02 1.799149997532367706e-02 5.571880843490362167e-03 1.284579373896121979e-02 1.672261022031307220e-02 5.888837575912475586e-02 2.557747624814510345e-02 2.617165446281433105e-04 5.853416863828897476e-03 7.414976507425308228e-02 3.573105484247207642e-02 4.685387387871742249e-02 9.145577438175678253e-03 1.658434979617595673e-02 3.244398534297943115e-02 5.263605620712041855e-03 5.054017901420593262e-02 7.809268683195114136e-02 1.369133591651916504e-01 2.704891562461853027e-02 4.083321616053581238e-02 6.968572735786437988e-02 3.518561273813247681e-02 4.068672657012939453e-02 6.918100407347083092e-04 5.122794583439826965e-02 4.336901381611824036e-02 2.268090471625328064e-02 4.011791944503784180e-02 9.678308665752410889e-02 8.943796157836914062e-02 4.548431187868118286e-02 2.240539342164993286e-02 1.367542892694473267e-02 2.259163558483123779e-02 8.225616998970508575e-03 5.820141360163688660e-02 3.746730461716651917e-02 1.837195083498954773e-02 1.305074896663427353e-02 4.859494790434837341e-02 3.365283086895942688e-02 4.665288329124450684e-02 1.383156632073223591e-03 7.828437536954879761e-02 2.075678296387195587e-02 1.385874673724174500e-02 4.258583113551139832e-02 2.648642519488930702e-03 8.377952128648757935e-02 1.961933262646198273e-02 2.511173114180564880e-02 5.949272308498620987e-03 2.162150666117668152e-02 7.407373050227761269e-04 3.609632700681686401e-02 2.602333389222621918e-02 1.633748970925807953e-02 1.156457234174013138e-02 3.676821291446685791e-02 3.209770843386650085e-02 1.757100597023963928e-02 6.128893047571182251e-02 2.369116991758346558e-02 3.497655689716339111e-02 1.654132828116416931e-02 4.911745339632034302e-02 5.611723288893699646e-02 8.762700855731964111e-02 2.948520705103874207e-03 1.469416171312332153e-02 3.349057212471961975e-02 1.007697079330682755e-02 2.530146948993206024e-02 9.908235631883144379e-03 5.235368758440017700e-02 3.556878492236137390e-02 1.808003056794404984e-03 1.125458721071481705e-02 4.533211234956979752e-03 9.882153011858463287e-03 3.739889338612556458e-02 3.232107311487197876e-02 5.091212317347526550e-02 2.839164575561881065e-03 1.831122301518917084e-02 6.461428850889205933e-02
2.779332920908927917e-02 2.007667869329452515e-01 9.892015904188156128e-02 3.033258020877838135e-02 1.596998274326324463e-01 2.530410513281822205e-02 1.115558147430419922e-01 2.700609341263771057e-02 5.333834141492843628e-02 4.115358367562294006e-02 1.364323645830154419e-01 4.265801608562469482e-02 1.862446367740631104e-01 1.032004579901695251e-01 1.776768639683723450e-02 2.985760569572448730e-02 5.437840241938829422e-03 1.089582778513431549e-02 3.902026638388633728e-02 1.201161090284585953e-02 5.144895520061254501e-03 2.554468251764774323e-02 8.883821777999401093e-03 9.952948428690433502e-03 2.193355374038219452e-02 4.377045109868049622e-02 3.867942467331886292e-02 9.492395073175430298e-02 3.455786406993865967e-02 1.070868000388145447e-01 2.460430935025215149e-02 1.895545609295368195e-02 5.730305239558219910e-02 2.471041120588779449e-02 7.864831387996673584e-02 1.902537979185581207e-02 3.608164563775062561e-02 2.761549875140190125e-02 1.145014353096485138e-02 3.667151182889938354e-02 3.772990778088569641e-02 2.312968857586383820e-02 5.040432512760162354e-02 2.713562175631523132e-02 5.231257900595664978e-02 3.567044064402580261e-02 8.941032737493515015e-02 1.378334164619445801e-01 2.848936803638935089e-02 4.969857260584831238e-02 5.964412167668342590e-02 7.327492535114288330e-02 3.711709752678871155e-02 5.553063377737998962e-02 4.223211854696273804e-02 2.027165610343217850e-03 6.689236313104629517e-02 6.774719804525375366e-02 1.662966422736644745e-02 1.127484720200300217e-02 2.577279321849346161e-02 3.244787454605102539e-02 1.615897715091705322e-01 1.188039556145668030e-01 4.831321164965629578e-02 1.060981601476669312e-01 8.047060109674930573e-03 2.274292707443237305e-02 4.774915520101785660e-03 2.971127256751060486e-02 3.284897282719612122e-02 9.506833553314208984e-02 6.294074654579162598e-02 5.536222457885742188e-02 2.330495789647102356e-02 4.568606242537498474e-02 3.345750272274017334e-02 1.108499802649021149e-02 1.803905516862869263e-02 3.204664215445518494e-02 3.364733234047889709e-02 4.576037754304707050e-04 2.691699564456939697e-02 2.223442122340202332e-02 2.338585630059242249e-02 4.292006790637969971e-02 2.894413284957408905e-02 3.622961789369583130e-02 5.236050486564636230e-02 3.033814951777458191e-02 2.471524348948150873e-04 1.574568822979927063e-02 3.034816309809684753e-02 8.088431507349014282e-02 4.458897188305854797e-02 1.795143354684114456e-03 2.082761563360691071e-02 4.386990796774625778e-03 1.928249374032020569e-02 1.211388385854661465e-03 5.440929089672863483e-04 3.305817954242229462e-03 6.646501366049051285e-03 1.815166696906089783e-02 4.810466989874839783e-02 2.140091918408870697e-02 4.201579838991165161e-02 2.708494290709495544e-02 1.223760247230529785e-01 4.752440005540847778e-02 1.015311665832996368e-02 8.466301485896110535e-03 6.537701003253459930e-03 1.789369387552142143e-03 4.563459008932113647e-02 8.583891205489635468e-03
