1.295855492353439331e-01 2.120160311460494995e-01 1.409856881946325302e-02 3.378516063094139099e-02 1.530342735350131989e-02 1.268170922994613647e-01 9.674564749002456665e-02 4.709615930914878845e-02 5.728396400809288025e-02 2.253969199955463409e-02 1.435389518737792969e-01 1.291071996092796326e-02 1.104037016630172729e-01 1.968136290088295937e-03 5.755881965160369873e-02 4.837439209222793579e-02 3.658442944288253784e-02 3.111696615815162659e-02 2.495902776718139648e-02 5.975123960524797440e-03 8.236531168222427368e-03 3.131648525595664978e-02 5.229826550930738449e-03 1.201517879962921143e-03 9.137896820902824402e-03 7.270251400768756866e-03 3.158095479011535645e-02 2.648510225117206573e-02 9.866929613053798676e-03 1.549231447279453278e-02 5.267667397856712341e-02 3.023569658398628235e-02 5.879881232976913452e-02 1.278123538941144943e-02 1.386633515357971191e-02 5.527234170585870743e-03 2.814593166112899780e-02 4.202848672866821289e-02 4.418487846851348877e-02 3.858414292335510254e-02 3.431414440274238586e-02 2.378278411924839020e-02 1.891050138510763645e-03 4.327212274074554443e-02 2.334958873689174652e-02 4.421377554535865784e-02 5.822871997952461243e-02 1.749188266694545746e-02 9.068414568901062012e-03 6.983188446611166000e-03 5.173189938068389893e-02 2.419532462954521179e-02 3.336235880851745605e-02 7.414448540657758713e-03 5.099769216030836105e-03 6.550731603056192398e-03 7.937238551676273346e-03 1.750952005386352539e-02 4.028273001313209534e-02 4.541920498013496399e-02 9.678527712821960449e-03 3.157255798578262329e-02 2.909314585849642754e-03 1.786117209121584892e-03 2.275579795241355896e-02 1.447317376732826233e-02 1.102005876600742340e-02 2.301751449704170227e-02 4.845562949776649475e-02 3.514876822009682655e-03 3.466043248772621155e-02 6.133859232068061829e-02 9.340798715129494667e-04 4.397166520357131958e-02 1.654948852956295013e-02 5.906030163168907166e-02 4.637040663510560989e-03 1.569952350109815598e-03 1.011787727475166321e-02 6.457163952291011810e-03 1.947366446256637573e-02 2.504198811948299408e-02 1.053607463836669922e-02 3.208793327212333679e-02 3.349062055349349976e-02 2.251696027815341949e-02 5.742670618928968906e-04 3.064500633627176285e-03 2.099482342600822449e-02 3.736891970038414001e-02 5.252312496304512024e-02 4.902952164411544800e-02 8.487542718648910522e-02 3.335996344685554504e-02 2.165881171822547913e-02 2.665714919567108154e-02 3.330303728580474854e-02 3.757826611399650574e-02 6.853035185486078262e-03 1.120583713054656982e-02 4.224232584238052368e-02 1.499464176595211029e-02 1.164693385362625122e-02 6.975029408931732178e-02 5.613004043698310852e-02 1.142200361937284470e-02 2.233230043202638626e-03 1.856744289398193359e-02 2.630569972097873688e-03 5.399644374847412109e-02 7.401544600725173950e-02 1.995807141065597534e-02 2.403123863041400909e-02 1.414067111909389496e-02 4.009323939681053162e-02 6.490063387900590897e-03
2.120160311460494995e-01 1.148435771465301514e-01 3.272497653961181641e-02 5.330657586455345154e-02 1.436237897723913193e-02 9.696605056524276733e-02 9.120822697877883911e-02 4.774097353219985962e-02 1.276147365570068359e-02 2.907506562769412994e-02 1.188375130295753479e-01 5.747210700064897537e-03 1.544533073902130127e-01 4.960186779499053955e-02 6.983330100774765015e-02 3.004542179405689240e-02 4.470291896723210812e-04 4.902888461947441101e-02 3.717238083481788635e-02 3.230432793498039246e-02 3.221093118190765381e-02 3.872407972812652588e-02 8.802602067589759827e-03 1.970801502466201782e-03 2.665353007614612579e-02 2.779259532690048218e-02 2.048647031188011169e-02 5.479077622294425964e-02 2.132281102240085602e-02 6.129405647516250610e-02 5.604998767375946045e-02 2.651947364211082458e-02 8.329410105943679810e-02 2.725693956017494202e-02 1.782897859811782837e-02 8.842706680297851562e-03 1.277728122659027576e-03 1.593161374330520630e-02 4.811548441648483276e-02 4.497782792896032333e-03 2.995661459863185883e-02 2.675645798444747925e-02 4.234589170664548874e-03 1.062941364943981171e-02 2.390517108142375946e-02 2.152114920318126678e-02 1.451959600672125816e-03 2.142168767750263214e-02 8.766883052885532379e-03 3.213931620121002197e-02 4.108537361025810242e-02 2.743356116116046906e-02 3.872448345646262169e-03 1.782754436135292053e-02 7.265502586960792542e-03 3.209382295608520508e-02 2.581908181309700012e-02 1.483294367790222168e-02 2.728037536144256592e-02 4.736926779150962830e-02 4.179739858955144882e-03 1.699258200824260712e-02 4.468567669391632080e-02 3.602029010653495789e-02 1.227299869060516357e-02 2.632273919880390167e-02 1.094868406653404236e-02 3.268049331381917000e-03 3.667424898594617844e-03 1.324674207717180252e-02 5.379245616495609283e-03 1.338065322488546371e-02 3.276143921539187431e-03 7.744735106825828552e-03 1.459693070501089096e-02 7.472255267202854156e-03 7.255330216139554977e-03 9.383481740951538086e-02 6.525653600692749023e-02 1.714272052049636841e-02 2.225302904844284058e-02 4.588727653026580811e-02 3.557888418436050415e-02 3.634709492325782776e-02 5.482801795005798340e-02 3.546502813696861267e-02 3.318516165018081665e-02 3.768041729927062988e-02 8.726900443434715271e-03 2.804755046963691711e-02 6.508827209472656250e-02 1.374699641019105911e-02 5.712531134486198425e-02 1.515898015350103378e-02 1.207185536623001099e-02 2.965880185365676880e-02 4.143273457884788513e-03 1.009164098650217056e-02 8.050756528973579407e-03 1.809458062052726746e-02 4.918925836682319641e-02 2.923171268776059151e-03 8.794981986284255981e-03 5.833803117275238037e-02 3.174393624067306519e-02 1.271097082644701004e-02 4.121630266308784485e-02 1.874209940433502197e-02 1.505464967340230942e-02 1.773600839078426361e-02 5.899963527917861938e-02 6.440918659791350365e-04 3.448959067463874817e-02 6.608726456761360168e-03 2.115646842867136002e-03 1.103505142964422703e-03
1.409856881946325302e-02 3.272497653961181641e-02 1.026440877467393875e-02 1.310654915869235992e-02 8.570724725723266602e-02 5.154492333531379700e-03 2.357113920152187347e-02 2.534344196319580078e-01 7.041247095912694931e-03 6.775140645913779736e-04 3.350164368748664856e-02 9.063455276191234589e-03 5.101175606250762939e-02 4.521783068776130676e-02 7.237930595874786377e-02 2.887149155139923096e-02 3.001514635980129242e-02 1.719326712191104889e-02 1.439878065139055252e-02 8.809600956737995148e-03 6.756116449832916260e-02 3.176395595073699951e-02 2.742526680231094360e-02 4.188890382647514343e-02 6.734455935657024384e-03 8.640238083899021149e-03 7.863018661737442017e-03 3.337037516757845879e-03 4.249211028218269348e-02 1.225743535906076431e-02 5.020332708954811096e-02 3.962204232811927795e-02 1.183735020458698273e-02 6.947297602891921997e-02 1.922028325498104095e-02 2.094136551022529602e-02 2.537209307774901390e-03 9.519216418266296387e-02 1.087585836648941040e-02 2.085626870393753052e-02 3.952464088797569275e-02 3.985457867383956909e-02 2.716831117868423462e-02 1.681161075830459595e-01 5.014135967940092087e-03 5.920675769448280334e-02 2.220515534281730652e-02 3.622735291719436646e-02 4.495436325669288635e-02 2.865729853510856628e-02 7.314853370189666748e-02 1.618576422333717346e-02 4.832643643021583557e-02 2.196975983679294586e-02 2.042532898485660553e-02 4.379653371870517731e-03 2.749644033610820770e-02 1.392099075019359589e-02 6.378933787345886230e-02 1.155360369011759758e-03 2.814902178943157196e-02 7.798868417739868164e-02 2.040638029575347900e-02 3.269402310252189636e-03 4.126776382327079773e-02 3.813896700739860535e-02 4.802330583333969116e-02 9.170074947178363800e-03 2.413168922066688538e-02 2.579023130238056183e-04 2.853175159543752670e-03 3.157104924321174622e-02 1.376131735742092133e-02 5.442168191075325012e-02 1.456262264400720596e-02 4.451990593224763870e-03 4.105661809444427490e-02 8.579009026288986206e-02 2.998683787882328033e-02 1.422209385782480240e-02 1.933512240648269653e-01 1.196525022387504578e-01 5.421504005789756775e-02 2.240266650915145874e-02 4.740433767437934875e-03 4.009366407990455627e-02 2.126564830541610718e-02 4.784863442182540894e-02 4.616553336381912231e-02 5.275402218103408813e-02 1.587863662280142307e-03 3.964645788073539734e-02 4.128903895616531372e-02 3.156483918428421021e-02 3.399046137928962708e-02 5.944925546646118164e-02 4.947359114885330200e-02 1.735628768801689148e-02 2.994135208427906036e-02 2.080174349248409271e-02 8.791900239884853363e-03 3.282854333519935608e-02 2.837524563074111938e-02 5.128576979041099548e-02 3.858184441924095154e-02 7.433728873729705811e-02 2.047118498012423515e-03 4.314070567488670349e-02 3.871542587876319885e-02 2.615642175078392029e-02 5.385426431894302368e-02 4.061478376388549805e-02 1.237253099679946899e-02 1.501548453234136105e-03 4.379273205995559692e-02 3.731154277920722961e-02
3.378516063094139099e-02 5.330657586455345154e-02 1.310654915869235992e-02 4.817451909184455872e-02 1.589838266372680664e-01 7.487430702894926071e-03 9.722306393086910248e-03 1.631946861743927002e-02 4.607419669628143311e-02 2.167060784995555878e-02 4.094653576612472534e-02 3.435813635587692261e-02 1.811198890209197998e-02 3.801151365041732788e-02 3.998272120952606201e-02 1.070064958184957504e-02 1.556120067834854126e-02 5.160655081272125244e-02 1.423465181142091751e-02 5.074881389737129211e-02 6.343856453895568848e-03 4.651147872209548950e-03 3.762857615947723389e-02 3.180875256657600403e-02 1.006749575026333332e-03 4.260577633976936340e-02 1.137203816324472427e-02 6.061153858900070190e-02 5.990610271692276001e-02 6.426337361335754395e-02 1.536178681999444962e-02 1.275485474616289139e-02 1.596526429057121277e-02 3.576032817363739014e-02 1.049268897622823715e-02 2.911257371306419373e-02 2.317984029650688171e-02 2.955988049507141113e-02 1.807508640922605991e-03 2.255925536155700684e-02 4.752552136778831482e-02 6.006730720400810242e-02 6.578031182289123535e-02 3.468420729041099548e-02 6.594260782003402710e-02 2.143845893442630768e-02 2.183755300939083099e-02 1.067118160426616669e-02 7.393762469291687012e-02 4.170880466699600220e-02 2.647849963977932930e-03 1.400285959243774414e-02 5.580163560807704926e-03 5.076802894473075867e-02 3.006130270659923553e-02 2.862105146050453186e-02 4.841222986578941345e-02 4.277838021516799927e-02 7.925488986074924469e-03 4.211652651429176331e-02 1.288072671741247177e-02 1.892068050801753998e-02 4.659613966941833496e-02 4.439406841993331909e-02 5.921141803264617920e-02 2.696961350739002228e-02 5.647362023591995239e-02 2.708268910646438599e-02 4.223393648862838745e-02 1.621995121240615845e-02 2.646738849580287933e-02 4.526653885841369629e-02 2.362120300531387329e-01 1.603557541966438293e-02 1.786590069532394409e-01 1.113726757466793060e-02 4.637236520648002625e-02 6.097637861967086792e-02 4.406529664993286133e-02 2.777123358100652695e-03 2.076494740322232246e-03 3.449334576725959778e-02 9.182473272085189819e-02 4.154790192842483521e-02 6.110451184213161469e-03 8.163252845406532288e-03 3.626488381996750832e-03 4.513533320277929306e-03 7.360989600419998169e-02 9.114451706409454346e-02 2.206950820982456207e-02 6.713967304676771164e-03 2.536766044795513153e-02 1.790684834122657776e-02 1.596948504447937012e-02 6.629463285207748413e-03 7.071145623922348022e-02 4.836277663707733154e-02 7.595442235469818115e-03 1.045323188009206206e-05 2.249925211071968079e-02 3.345806151628494263e-02 2.343482337892055511e-02 8.794048801064491272e-03 5.973612423986196518e-03 1.818495616316795349e-02 3.632926568388938904e-02 6.057156622409820557e-02 3.502544015645980835e-02 4.109957069158554077e-02 1.094487681984901428e-01 1.489087659865617752e-02 5.676914006471633911e-02 4.640487208962440491e-02 2.635055780410766602e-02 7.355508394539356232e-03
1.530342735350131989e-02 1.436237897723913193e-02 8.570724725723266602e-02 1.589838266372680664e-01 4.434861987829208374e-02 3.422709181904792786e-03 1.588787883520126343e-02 3.723667934536933899e-02 2.168756350874900818e-02 3.380963206291198730e-02 5.154019221663475037e-02 8.096068166196346283e-03 3.238606452941894531e-02 1.129330508410930634e-02 4.681472480297088623e-02 1.828230102546513081e-03 1.527550630271434784e-02 2.152909152209758759e-02 3.920637443661689758e-02 4.399840161204338074e-02 4.894026741385459900e-02 2.314149215817451477e-02 1.180180720984935760e-02 6.342107662931084633e-04 1.633964665234088898e-02 5.551475565880537033e-03 2.100824192166328430e-02 4.234454408288002014e-02 2.374293282628059387e-02 5.664027109742164612e-02 2.747035026550292969e-02 1.360557973384857178e-02 1.367825269699096680e-02 1.509560458362102509e-02 6.078480277210474014e-03 1.551288086920976639e-02 5.680342391133308411e-02 4.055785015225410461e-02 6.024980172514915466e-02 5.741776153445243835e-02 7.711783982813358307e-03 6.030273810029029846e-02 5.247280374169349670e-02 2.043982781469821930e-02 2.340515609830617905e-03 1.063591986894607544e-02 1.387968775816261768e-03 3.762120008468627930e-02 4.025755450129508972e-02 1.512471865862607956e-02 6.462080404162406921e-03 1.065713725984096527e-02 7.239736150950193405e-03 4.236406646668910980e-03 2.319427393376827240e-02 4.743713140487670898e-02 4.046394675970077515e-02 3.338495269417762756e-02 1.744266599416732788e-02 5.156220868229866028e-02 3.673784807324409485e-02 3.767845034599304199e-02 5.252873059362173080e-03 2.866386994719505310e-02 4.066505283117294312e-02 2.124562859535217285e-02 2.137800678610801697e-02 6.548644043505191803e-03 1.009293738752603531e-02 6.036527454853057861e-03 3.874295204877853394e-02 2.970975264906883240e-02 1.737224012613296509e-01 2.744828909635543823e-02 1.845707446336746216e-01 1.672147028148174286e-02 3.971378505229949951e-02 5.877572298049926758e-02 2.946548163890838623e-02 4.322410374879837036e-02 2.852492220699787140e-02 7.638688385486602783e-02 2.747632190585136414e-02 3.786750510334968567e-02 1.643278636038303375e-02 1.822934113442897797e-02 2.249817922711372375e-02 2.794228866696357727e-02 7.319123949855566025e-03 1.711613833904266357e-01 4.348673683125525713e-04 2.868263237178325653e-02 3.101190738379955292e-02 4.308649897575378418e-02 4.583620000630617142e-03 4.338583350181579590e-02 1.020968519151210785e-02 2.422461472451686859e-02 5.284923245199024677e-04 2.600867301225662231e-03 2.344309911131858826e-02 2.906708791851997375e-02 3.690888173878192902e-03 3.051626868546009064e-02 8.428249508142471313e-03 7.063081115484237671e-02 5.166139826178550720e-02 2.474121376872062683e-02 3.354375809431076050e-02 5.565507803112268448e-03 1.052980720996856689e-01 3.070786781609058380e-02 4.048502817749977112e-02 1.374000869691371918e-02 5.587775260210037231e-02 3.228521347045898438e-02
1.268170922994613647e-01 9.696605056524276733e-02 5.154492333531379700e-03 7.487430702894926071e-03 3.422709181904792786e-03 1.392717510461807251e-01 2.148195356130599976e-01 3.150802850723266602e-02 9.121808398049324751e-05 2.491430751979351044e-02 1.380703747272491455e-01 2.190442569553852081e-02 9.054277837276458740e-02 6.705651432275772095e-02 4.318497702479362488e-02 2.486669644713401794e-02 2.415023511275649071e-03 7.975722663104534149e-03 4.202782735228538513e-02 1.091685239225625992e-02 1.496396679431200027e-02 1.991550438106060028e-02 3.341634571552276611e-02 7.706559449434280396e-02 7.423516828566789627e-03 1.735837943851947784e-02 1.000327244400978088e-02 4.308992996811866760e-03 4.208669811487197876e-02 5.458461865782737732e-02 7.204999029636383057e-02 1.395905576646327972e-02 2.288701944053173065e-02 2.005399577319622040e-02 3.067718259990215302e-02 1.363626029342412949e-02 2.897709608078002930e-02 2.421914786100387573e-02 5.435607582330703735e-02 4.836243391036987305e-02 2.283241413533687592e-02 3.219188004732131958e-02 3.695560619235038757e-02 6.209736689925193787e-02 6.360507756471633911e-02 3.485599905252456665e-02 1.622071415185928345e-01 7.164929062128067017e-02 3.971582278609275818e-02 1.620002463459968567e-02 3.134892508387565613e-02 4.067652858793735504e-03 2.448428422212600708e-02 2.524245344102382660e-02 2.795981243252754211e-02 1.599041186273097992e-02 6.304126977920532227e-02 3.536701574921607971e-02 4.414605721831321716e-02 4.117259010672569275e-02 3.174906596541404724e-02 4.684014618396759033e-02 4.480902478098869324e-02 3.786273300647735596e-02 1.023885328322649002e-02 4.178340360522270203e-02 1.865064911544322968e-02 2.778561320155858994e-03 2.230611443519592285e-02 1.982665993273258209e-02 3.826314583420753479e-02 5.983522534370422363e-02 2.091878280043601990e-02 8.879458904266357422e-02 1.286969520151615143e-02 3.537565469741821289e-02 1.911918818950653076e-02 4.756535869091749191e-03 6.669259816408157349e-02 2.049138955771923065e-02 5.251865088939666748e-02 1.852196268737316132e-02 4.710414446890354156e-03 1.234024181030690670e-03 3.370897145941853523e-03 5.904788523912429810e-02 8.888550847768783569e-02 7.494322955608367920e-02 7.109361886978149414e-02 6.482874602079391479e-02 2.685197396203875542e-03 8.878604276105761528e-04 1.512558478862047195e-02 8.264537900686264038e-03 2.056947210803627968e-03 3.230011835694313049e-02 5.086608976125717163e-02 5.832077190279960632e-02 2.335870824754238129e-02 1.414255821146070957e-03 3.429896384477615356e-02 1.226223446428775787e-02 6.243367865681648254e-02 3.216820210218429565e-02 2.867080457508563995e-02 3.104870021343231201e-02 1.228269562125205994e-02 2.310592494904994965e-02 9.194188751280307770e-03 1.966260187327861786e-02 4.552243277430534363e-02 5.397494882345199585e-02 1.015632227063179016e-02 1.392338657751679420e-03 2.335952036082744598e-02 1.469747722148895264e-02
9.674564749002456665e-02 9.120822697877883911e-02 2.357113920152187347e-02 9.722306393086910248e-03 1.588787883520126343e-02 2.148195356130599976e-01 1.890833824872970581e-01 3.843574970960617065e-02 1.687473151832818985e-03 2.348959073424339294e-02 1.018019244074821472e-01 6.722249835729598999e-02 8.539600670337677002e-02 7.275705784559249878e-02 2.816271781921386719e-02 1.208024192601442337e-02 1.335421893600141630e-05 1.303755096159875393e-03 1.311087794601917267e-02 1.545485854148864746e-02 3.038670402020215988e-04 2.467442303895950317e-02 4.177060723304748535e-02 6.365466862916946411e-02 1.659640925936400890e-03 4.301405698060989380e-02 2.877355087548494339e-03 7.715354859828948975e-02 3.666372597217559814e-02 4.123086575418710709e-03 5.682605132460594177e-02 8.259075693786144257e-03 3.780260309576988220e-02 5.838710814714431763e-03 3.222503140568733215e-02 3.039816766977310181e-02 5.164929199963808060e-03 8.454707264900207520e-02 4.162492230534553528e-02 4.369499906897544861e-02 3.731217235326766968e-02 1.629743911325931549e-02 6.313618272542953491e-02 4.890152439475059509e-02 3.218854218721389771e-02 2.914766408503055573e-02 1.682788133621215820e-01 1.209909096360206604e-01 1.327090151607990265e-02 1.393019407987594604e-02 6.670302245765924454e-03 3.938529267907142639e-02 8.947458118200302124e-03 2.773527242243289948e-02 3.002861049026250839e-03 7.703340798616409302e-02 9.112510085105895996e-02 6.654907763004302979e-02 3.274951502680778503e-02 4.039916675537824631e-04 5.313840880990028381e-02 2.033711411058902740e-02 6.104930862784385681e-02 4.948942735791206360e-02 1.151589583605527878e-02 7.182887941598892212e-02 1.076410897076129913e-02 4.512520041316747665e-03 3.175745485350489616e-03 1.978853251785039902e-03 4.832595214247703552e-02 1.792784035205841064e-02 3.550268337130546570e-02 2.329857088625431061e-02 4.190708976238965988e-03 2.569481544196605682e-02 2.073128335177898407e-02 6.381033454090356827e-03 6.489785760641098022e-02 5.646222084760665894e-02 1.973088830709457397e-03 3.442849218845367432e-02 2.004235796630382538e-02 9.847961366176605225e-03 1.559503935277462006e-02 4.796617850661277771e-02 3.207691386342048645e-02 9.954072535037994385e-03 6.215829029679298401e-02 3.331360965967178345e-02 3.917840868234634399e-02 4.900451283901929855e-03 4.590376839041709900e-02 1.502592000178992748e-03 2.387000620365142822e-02 2.928819879889488220e-02 3.003080002963542938e-02 2.185870893299579620e-02 1.649194583296775818e-02 2.713471651077270508e-02 3.359225392341613770e-02 1.613178290426731110e-02 3.230194374918937683e-02 5.932235345244407654e-02 1.831243000924587250e-02 7.293773815035820007e-03 2.052857168018817902e-02 1.128936558961868286e-02 1.585798105224967003e-03 7.281945645809173584e-02 1.576375216245651245e-02 6.382308155298233032e-02 2.599519677460193634e-03 9.531145915389060974e-03 4.713224247097969055e-02 1.207752060145139694e-02
4.709615930914878845e-02 4.774097353219985962e-02 2.534344196319580078e-01 1.631946861743927002e-02 3.723667934536933899e-02 3.150802850723266602e-02 3.843574970960617065e-02 3.957132995128631592e-02 4.350876808166503906e-02 3.493947163224220276e-02 2.995816431939601898e-02 3.235833719372749329e-02 3.337774425745010376e-02 3.932640329003334045e-02 1.688037067651748657e-01 1.196102052927017212e-02 4.307721927762031555e-02 6.962873972952365875e-03 1.381749287247657776e-02 2.632169611752033234e-02 4.467935487627983093e-02 2.479113079607486725e-02 1.510172151029109955e-02 2.608907781541347504e-02 3.774930164217948914e-02 2.544801309704780579e-02 1.308150030672550201e-02 1.279567833989858627e-02 2.230855869129300117e-03 6.299001630395650864e-03 5.435666069388389587e-02 5.896887183189392090e-02 4.929525032639503479e-02 3.657611832022666931e-02 4.103564843535423279e-02 5.409444496035575867e-02 1.071563735604286194e-02 4.989767074584960938e-02 4.875451326370239258e-02 1.271729636937379837e-02 5.648479796946048737e-03 1.093163248151540756e-02 1.407647784799337387e-02 5.343621596693992615e-02 5.173971876502037048e-02 5.617508664727210999e-03 2.722574165090918541e-03 1.651016622781753540e-02 2.945304848253726959e-02 1.042113546282052994e-02 3.694494441151618958e-02 2.262588031589984894e-02 5.565320700407028198e-02 3.976650163531303406e-02 1.098734978586435318e-02 1.565673202276229858e-02 1.332040037959814072e-02 9.740150533616542816e-03 5.226150527596473694e-02 2.135933563113212585e-02 1.434937119483947754e-02 4.999687895178794861e-02 4.195489734411239624e-02 2.473667263984680176e-02 6.756903976202011108e-02 1.291539799422025681e-02 2.156325802206993103e-02 4.498548340052366257e-03 1.416247244924306870e-02 5.462451372295618057e-03 2.940332633443176746e-04 2.823844924569129944e-02 2.758660167455673218e-02 7.440180983394384384e-03 6.039452180266380310e-02 3.490141406655311584e-02 1.235702261328697205e-02 4.725731909275054932e-03 7.469547446817159653e-03 7.786061614751815796e-03 1.831394135951995850e-01 1.101165637373924255e-01 6.934282928705215454e-02 8.189651370048522949e-02 5.912182107567787170e-02 3.925560042262077332e-02 2.003520578145980835e-01 1.061930730938911438e-01 1.806735247373580933e-02 8.230084553360939026e-03 2.818215824663639069e-02 1.239607948809862137e-02 3.729665279388427734e-02 4.239437635987997055e-03 2.946871891617774963e-02 1.289390306919813156e-02 2.526016719639301300e-02 7.393069565296173096e-03 5.816693417727947235e-03 1.428071875125169754e-03 2.937362901866436005e-02 4.877871368080377579e-03 2.133323810994625092e-02 3.113793767988681793e-02 1.030490249395370483e-01 4.615220800042152405e-02 6.494218856096267700e-02 4.674704372882843018e-02 2.682373486459255219e-02 2.398312650620937347e-02 6.927347183227539062e-02 8.795913308858871460e-02 1.961848512291908264e-02 1.330076623708009720e-02 1.098237186670303345e-02 3.557243943214416504e-02
5.728396400809288025e-02 1.276147365570068359e-02 7.041247095912694931e-03 4.607419669628143311e-02 2.168756350874900818e-02 9.121808398049324751e-05 1.687473151832818985e-03 4.350876808166503906e-02 4.034656658768653870e-02 9.613753110170364380e-02 4.757418856024742126e-02 5.023014172911643982e-02 4.715135321021080017e-02 4.431938380002975464e-02 2.502034418284893036e-02 6.822337955236434937e-02 8.333391696214675903e-02 1.210306361317634583e-01 5.715525522828102112e-02 2.209969051182270050e-02 5.458070710301399231e-02 1.084426324814558029e-02 8.064224570989608765e-02 5.118989199399948120e-02 2.179088914999738336e-04 2.044016122817993164e-02 4.809840023517608643e-02 4.903432354331016541e-02 1.313988771289587021e-02 1.378175918944180012e-03 3.590434417128562927e-02 3.578254953026771545e-02 3.424437018111348152e-03 2.961181476712226868e-02 2.426153369015082717e-04 1.799862831830978394e-02 3.226131945848464966e-02 5.091413483023643494e-02 4.310347139835357666e-02 7.318200077861547470e-03 2.755765430629253387e-02 1.295621413737535477e-02 4.533355124294757843e-03 3.318944573402404785e-02 1.406508218497037888e-02 4.340882413089275360e-03 5.975728482007980347e-02 4.895693808794021606e-02 7.570127397775650024e-02 2.016183547675609589e-02 1.432034652680158615e-02 1.300992793403565884e-03 1.720482297241687775e-02 1.465841475874185562e-02 9.984821826219558716e-02 1.353150000795722008e-03 7.249120622873306274e-02 2.754623629152774811e-02 2.558494359254837036e-02 1.352469529956579208e-02 2.305580116808414459e-02 4.539216682314872742e-02 1.222789660096168518e-02 1.460593077354133129e-03 4.829928278923034668e-03 4.355472698807716370e-02 1.105305738747119904e-02 6.737675983458757401e-03 6.959991902112960815e-02 8.958898484706878662e-03 2.821220783516764641e-03 2.286407165229320526e-02 3.983785957098007202e-02 2.197400294244289398e-02 4.554878920316696167e-02 3.846801444888114929e-02 2.105701863765716553e-01 8.522379398345947266e-02 3.992577642202377319e-02 1.898744143545627594e-02 2.682277373969554901e-02 2.821257105097174644e-03 6.100028753280639648e-02 6.373254954814910889e-02 3.784578293561935425e-02 1.533073838800191879e-02 5.903404206037521362e-02 4.559688270092010498e-02 1.863292455673217773e-01 1.657102815806865692e-02 1.915756613016128540e-02 1.241841632872819901e-02 1.827879250049591064e-02 1.981810480356216431e-02 1.510163024067878723e-02 1.996347866952419281e-02 1.379829924553632736e-02 1.895351149141788483e-02 4.667491838335990906e-02 6.429569423198699951e-02 1.517327595502138138e-02 1.310008391737937927e-02 2.162634767591953278e-02 1.787633402273058891e-03 3.051713109016418457e-02 3.962535411119461060e-02 1.762630604207515717e-02 5.645802617073059082e-02 1.591052114963531494e-02 6.655421853065490723e-02 7.441862486302852631e-03 2.874824032187461853e-02 4.323443397879600525e-02 1.158338040113449097e-02 2.187324501574039459e-02 5.814589187502861023e-02
2.253969199955463409e-02 2.907506562769412994e-02 6.775140645913779736e-04 2.167060784995555878e-02 3.380963206291198730e-02 2.491430751979351044e-02 2.348959073424339294e-02 3.493947163224220276e-02 9.613753110170364380e-02 5.778860673308372498e-02 5.160370841622352600e-03 6.127315387129783630e-02 7.091229199431836605e-04 2.554791420698165894e-02 3.216179832816123962e-02 1.783100701868534088e-02 4.805147647857666016e-02 3.934954106807708740e-02 5.138812959194183350e-02 1.346940267831087112e-02 6.506749242544174194e-02 4.327519331127405167e-03 5.748151615262031555e-02 5.148668959736824036e-02 3.758875280618667603e-02 3.119050338864326477e-02 2.539774589240550995e-02 2.648778818547725677e-02 1.189836300909519196e-02 2.090829238295555115e-02 1.056618336588144302e-02 2.726729214191436768e-02 5.166520178318023682e-02 1.997863128781318665e-02 1.580356433987617493e-02 2.722841221839189529e-03 1.940743625164031982e-02 3.115825727581977844e-02 1.391965709626674652e-02 1.361331320367753506e-03 4.084691032767295837e-02 2.004338428378105164e-02 2.949507907032966614e-02 1.618661731481552124e-02 3.737495094537734985e-02 9.213439375162124634e-02 1.063738018274307251e-02 1.866392605006694794e-02 5.239493679255247116e-03 8.009719848632812500e-02 1.842601411044597626e-02 4.766407422721385956e-03 2.595843560993671417e-02 2.426202408969402313e-02 3.769018873572349548e-02 9.031594544649124146e-02 9.700162336230278015e-03 5.041034519672393799e-02 2.812682464718818665e-02 5.179836973547935486e-02 4.489181935787200928e-02 6.611960474401712418e-03 2.910792129114270210e-03 3.977926913648843765e-03 2.554289065301418304e-02 2.777518518269062042e-02 6.083223037421703339e-03 2.056965418159961700e-02 4.860292002558708191e-02 2.227141894400119781e-02 8.352955430746078491e-02 6.632243096828460693e-02 5.304971709847450256e-02 7.475372403860092163e-02 2.486876584589481354e-02 2.215092070400714874e-02 3.155196830630302429e-02 1.366556137800216675e-01 3.275364264845848083e-02 1.397563964128494263e-01 2.394428104162216187e-02 3.090622089803218842e-02 1.170325558632612228e-02 5.648944526910781860e-02 2.103006467223167419e-02 2.500357106328010559e-02 3.714056685566902161e-02 1.618565246462821960e-02 1.670582965016365051e-02 1.542557626962661743e-01 4.368686303496360779e-02 3.364569973200559616e-03 2.651499211788177490e-02 3.067037463188171387e-02 1.876314170658588409e-02 9.500761516392230988e-03 2.467229776084423065e-02 3.106563724577426910e-02 2.610857365652918816e-03 1.320791244506835938e-02 1.656956970691680908e-02 1.927282102406024933e-02 4.156335443258285522e-02 3.380331397056579590e-02 2.559516765177249908e-02 4.730084165930747986e-02 2.245740219950675964e-02 3.863971680402755737e-02 1.360303442925214767e-02 1.849652081727981567e-02 2.417541667819023132e-02 1.204563584178686142e-02 1.849278807640075684e-02 6.954025011509656906e-03 2.664940431714057922e-03 6.585279107093811035e-02
1.435389518737792969e-01 1.188375130295753479e-01 3.350164368748664856e-02 4.094653576612472534e-02 5.154019221663475037e-02 1.380703747272491455e-01 1.018019244074821472e-01 2.995816431939601898e-02 4.757418856024742126e-02 5.160370841622352600e-03 1.365308761596679688e-01 2.229949831962585449e-02 1.543167084455490112e-01 3.152046352624893188e-02 4.483907297253608704e-02 5.348486592993140221e-04 5.765816196799278259e-03 7.840319536626338959e-03 2.519930247217416763e-03 4.067983478307723999e-02 5.776860751211643219e-03 7.389758247882127762e-03 4.562776908278465271e-02 3.686248138546943665e-02 1.285719312727451324e-02 4.900050908327102661e-02 1.274113729596138000e-02 7.713413983583450317e-02 5.358615890145301819e-02 5.140545964241027832e-02 6.669292226433753967e-03 4.180437698960304260e-02 2.361062541604042053e-02 7.322065532207489014e-03 2.339509315788745880e-02 2.142327092587947845e-02 9.016997180879116058e-03 1.854932866990566254e-02 1.823098585009574890e-02 6.023211777210235596e-02 3.094851784408092499e-02 9.274806827306747437e-03 2.337174303829669952e-02 1.478346530348062515e-02 2.254320867359638214e-02 9.133083745837211609e-03 2.445355989038944244e-02 2.180656604468822479e-02 1.282190624624490738e-02 1.635012961924076080e-02 3.133467584848403931e-02 5.095318891108036041e-03 8.633747696876525879e-03 5.188175942748785019e-03 1.650955341756343842e-02 2.755785547196865082e-02 2.832098305225372314e-02 6.399835646152496338e-02 2.251698821783065796e-02 4.614352434873580933e-02 4.923817235976457596e-03 2.728429436683654785e-02 4.814399778842926025e-02 4.371343646198511124e-03 9.843157976865768433e-02 6.408265233039855957e-02 2.744138054549694061e-02 1.921276998473331332e-04 5.560251418501138687e-03 1.124488841742277145e-02 3.801527246832847595e-02 6.831448525190353394e-02 4.702127724885940552e-02 2.559145167469978333e-02 2.095540799200534821e-02 7.136572152376174927e-02 4.721791297197341919e-02 3.664134768769145012e-03 7.914035581052303314e-03 4.009854421019554138e-02 3.151384368538856506e-02 3.491749241948127747e-02 6.991850212216377258e-03 1.968284510076045990e-02 9.844972752034664154e-03 7.636003196239471436e-03 4.159991443157196045e-02 2.424733154475688934e-02 2.933328785002231598e-02 5.029105022549629211e-02 4.307642951607704163e-02 3.308449685573577881e-02 4.058364778757095337e-02 4.371761810034513474e-03 1.347235310822725296e-02 8.538183756172657013e-03 4.148584976792335510e-02 7.430428266525268555e-02 1.718701794743537903e-02 3.028953820466995239e-02 3.616710752248764038e-02 1.504638977348804474e-02 1.810648664832115173e-02 6.585791707038879395e-02 1.574600301682949066e-02 2.857522666454315186e-02 1.506312470883131027e-02 1.478538475930690765e-02 1.106343232095241547e-02 3.404204174876213074e-02 9.713304787874221802e-02 2.245569601655006409e-02 1.449800841510295868e-02 2.904627704992890358e-03 5.235892906785011292e-02 2.771780453622341156e-02
1.291071996092796326e-02 5.747210700064897537e-03 9.063455276191234589e-03 3.435813635587692261e-02 8.096068166196346283e-03 2.190442569553852081e-02 6.722249835729598999e-02 3.235833719372749329e-02 5.023014172911643982e-02 6.127315387129783630e-02 2.229949831962585449e-02 1.813469082117080688e-02 3.223435580730438232e-02 3.710886836051940918e-01 1.886414550244808197e-02 6.447277218103408813e-02 3.261768817901611328e-02 5.115850269794464111e-02 2.615273557603359222e-02 1.906407997012138367e-02 2.844195999205112457e-02 6.502505857497453690e-03 5.974613875150680542e-02 3.706606104969978333e-02 4.682075604796409607e-02 5.736150220036506653e-02 2.327881939709186554e-02 1.250854432582855225e-01 1.418840512633323669e-02 1.298409998416900635e-01 2.430746704339981079e-02 2.229110896587371826e-02 5.481500551104545593e-02 2.377091348171234131e-02 1.018275390379130840e-03 4.459350183606147766e-02 2.368893474340438843e-03 1.278824545443058014e-02 7.039069663733243942e-03 1.518570631742477417e-02 3.069151192903518677e-02 5.285191349685192108e-03 2.192270942032337189e-02 3.056542761623859406e-02 1.027233675122261047e-01 1.346709951758384705e-02 2.632785402238368988e-02 3.886054083704948425e-02 2.554223872721195221e-02 6.912269443273544312e-02 4.877307917922735214e-03 1.463840901851654053e-02 1.314195524901151657e-02 7.885268889367580414e-03 1.078552305698394775e-01 7.731934636831283569e-02 3.178270533680915833e-02 1.215033885091543198e-02 4.084331914782524109e-02 3.880301117897033691e-02 7.589390128850936890e-02 2.393803000450134277e-02 2.472302503883838654e-02 2.743912488222122192e-02 3.023244254291057587e-02 1.657100580632686615e-02 2.993091568350791931e-02 4.521268978714942932e-02 3.307870402932167053e-02 1.061519142240285873e-02 4.707740992307662964e-02 2.895936777349561453e-04 1.941442303359508514e-02 1.308775693178176880e-01 9.329491294920444489e-03 2.685305662453174591e-02 6.378983706235885620e-02 5.274472013115882874e-02 2.901115454733371735e-02 1.724067144095897675e-02 3.444182872772216797e-02 2.263107523322105408e-02 4.357196763157844543e-02 1.036979909986257553e-02 1.520048826932907104e-02 2.558477967977523804e-02 4.926166031509637833e-03 4.066523630172014236e-03 7.405618205666542053e-03 4.998725652694702148e-02 5.579375848174095154e-02 5.526903644204139709e-02 2.076933626085519791e-03 1.520658005028963089e-02 1.015574857592582703e-02 2.111651748418807983e-02 6.398455239832401276e-03 4.452830553054809570e-02 3.588436543941497803e-02 5.257627740502357483e-02 2.490445785224437714e-02 2.900666370987892151e-02 2.401632443070411682e-02 3.235547617077827454e-02 1.016418039798736572e-01 3.774188086390495300e-02 3.263952583074569702e-02 5.038724746555089951e-03 2.207936020568013191e-03 1.083684060722589493e-02 5.181383341550827026e-02 1.149945892393589020e-02 9.465689654462039471e-04 5.200951825827360153e-03 5.782638117671012878e-02 4.401062801480293274e-02
1.104037016630172729e-01 1.544533073902130127e-01 5.101175606250762939e-02 1.811198890209197998e-02 3.238606452941894531e-02 9.054277837276458740e-02 8.539600670337677002e-02 3.337774425745010376e-02 4.715135321021080017e-02 7.091229199431836605e-04 1.543167084455490112e-01 3.223435580730438232e-02 1.100475341081619263e-01 3.253522515296936035e-02 7.760704308748245239e-02 8.388716727495193481e-03 7.899165153503417969e-03 1.085027121007442474e-02 1.061055622994899750e-02 3.412262350320816040e-02 9.598407894372940063e-03 3.840275108814239502e-02 1.997795887291431427e-03 1.107548177242279053e-02 2.410223335027694702e-02 3.232011198997497559e-02 1.229440979659557343e-02 2.458645030856132507e-03 1.461421884596347809e-02 9.211388533003628254e-05 3.751633316278457642e-02 3.542962670326232910e-02 6.630197167396545410e-02 9.959501912817358971e-04 2.513549290597438812e-03 8.300416171550750732e-03 1.058859378099441528e-02 2.305626310408115387e-02 4.690748453140258789e-02 3.782005608081817627e-02 1.268101576715707779e-02 2.343585714697837830e-02 4.153129085898399353e-02 3.435011208057403564e-02 4.721309244632720947e-02 3.607304394245147705e-02 2.520114742219448090e-02 6.896088831126689911e-03 9.805813431739807129e-03 1.541881822049617767e-02 5.690225213766098022e-02 4.416177049279212952e-02 1.851040124893188477e-02 2.212481806054711342e-03 9.608945809304714203e-03 1.173516735434532166e-02 5.235191807150840759e-02 5.086809024214744568e-02 5.855792760848999023e-02 3.212592378258705139e-02 1.345069985836744308e-02 3.148671239614486694e-02 3.561204671859741211e-02 2.786602824926376343e-02 1.439825259149074554e-02 5.909124016761779785e-02 2.978698536753654480e-02 2.075365372002124786e-02 9.836675599217414856e-04 8.646827191114425659e-03 1.327803451567888260e-02 6.684459280222654343e-03 3.934277594089508057e-02 3.955432772636413574e-02 2.025186270475387573e-02 1.184706203639507294e-02 3.478234261274337769e-02 1.227791514247655869e-02 6.051302328705787659e-02 4.547949880361557007e-02 5.771861970424652100e-02 6.258911639451980591e-02 9.899710305035114288e-03 4.229322075843811035e-02 3.737727552652359009e-02 3.026420995593070984e-02 3.887660428881645203e-02 4.465679824352264404e-02 7.943189702928066254e-03 4.460460320115089417e-02 9.159586578607559204e-02 7.437020074576139450e-03 6.795592606067657471e-02 2.153325080871582031e-02 1.889483630657196045e-02 5.569245200604200363e-03 2.380375564098358154e-02 2.910740440711379051e-03 3.719070553779602051e-02 3.570667281746864319e-02 4.582927748560905457e-02 1.275227591395378113e-02 8.038567379117012024e-03 4.929558560252189636e-02 4.299445450305938721e-02 2.858912199735641479e-02 1.548434048891067505e-02 1.609422639012336731e-02 2.731670439243316650e-02 1.208104658871889114e-02 7.461756467819213867e-02 5.575445666909217834e-02 1.532008219510316849e-02 1.359971426427364349e-02 4.655816778540611267e-02 2.747816033661365509e-03
