7.802223414182662964e-02 2.223838567733764648e-01 3.465453907847404480e-02 2.511031366884708405e-02 7.100280839949846268e-03 1.431600451469421387e-01 2.163553237915039062e-02 1.414540223777294159e-02 1.401477213948965073e-02 5.419998243451118469e-02 1.701072752475738525e-01 3.154235705733299255e-02 9.341280907392501831e-02 9.746924974024295807e-03 2.162997610867023468e-02 2.983612939715385437e-02 3.437027707695960999e-02 1.901142299175262451e-02 5.182729288935661316e-02 6.473014131188392639e-03 5.511102080345153809e-02 3.132001031190156937e-03 4.140580445528030396e-02 2.388566732406616211e-02 1.146871410310268402e-02 2.040534839034080505e-02 1.897458545863628387e-02 2.074352651834487915e-02 1.987453550100326538e-02 1.527222339063882828e-02 3.294466435909271240e-02 1.558996364474296570e-02 1.646836660802364349e-02 2.060602977871894836e-02 3.378412500023841858e-02 3.133371844887733459e-02 7.681601215153932571e-03 1.489080488681793213e-02 3.997984749730676413e-04 1.665928028523921967e-02 2.302019856870174408e-02 3.977108001708984375e-02 4.689391702413558960e-02 8.541370183229446411e-02 2.246567420661449432e-02 1.996024139225482941e-02 1.711563556455075741e-03 5.267874337732791901e-03 1.432989630848169327e-02 4.367836937308311462e-02 4.442871734499931335e-02 4.745805636048316956e-02 2.795643405988812447e-03 4.086440056562423706e-02 4.905990790575742722e-03 9.557885117828845978e-03 1.380510348826646805e-02 1.187737751752138138e-02 1.369335572235286236e-03 4.196208342909812927e-02 2.736924216151237488e-02 1.565180346369743347e-02 1.213870663195848465e-02 1.062339264899492264e-02 6.738123297691345215e-02 6.433004140853881836e-02 8.790507912635803223e-03 7.636951282620429993e-03 4.465196281671524048e-02 1.169636286795139313e-02 2.521469071507453918e-02 5.037346854805946350e-02 5.446304008364677429e-02 1.198361162096261978e-02 4.985265433788299561e-02 4.760414361953735352e-02 4.653568565845489502e-02 7.673687301576137543e-03 6.519443541765213013e-02 6.887894868850708008e-02 3.599387779831886292e-02 8.341900072991847992e-03 2.095700986683368683e-02 1.019787788391113281e-02 1.194167044013738632e-02 1.727470196783542633e-02 3.932991996407508850e-02 3.889622539281845093e-02 5.571031942963600159e-02 1.321181887760758400e-03 6.708143046125769615e-04 4.059449210762977600e-02 2.812866680324077606e-02 4.100646823644638062e-02 2.376063540577888489e-02 8.476207032799720764e-03 5.112941563129425049e-02 1.486787572503089905e-02 6.811958737671375275e-03 3.196469321846961975e-02 3.584881871938705444e-02 2.066128328442573547e-02 5.306563526391983032e-02 3.478496894240379333e-02 3.213859349489212036e-02 2.414239570498466492e-02 1.548178866505622864e-02 1.702759228646755219e-02 6.221853941679000854e-02 1.458479836583137512e-02 4.249949753284454346e-02 1.418101135641336441e-03 1.973201334476470947e-02 3.948273137211799622e-02 6.223021540790796280e-03 3.941765427589416504e-02
2.223838567733764648e-01 8.270240575075149536e-02 5.351323634386062622e-02 2.144840778782963753e-03 2.580585889518260956e-02 7.920300215482711792e-02 6.465117633342742920e-02 3.077604249119758606e-02 9.092012420296669006e-03 2.765166386961936951e-02 9.671440720558166504e-02 1.292226463556289673e-02 1.179336160421371460e-01 1.471213400363922119e-01 4.435670748353004456e-02 7.564987987279891968e-03 4.225001484155654907e-02 3.982590883970260620e-02 4.807353764772415161e-02 5.944717302918434143e-02 2.843439951539039612e-02 3.114078938961029053e-02 5.471678823232650757e-02 1.830554381012916565e-02 2.348706312477588654e-02 2.952640131115913391e-02 3.414707956835627556e-03 1.880765520036220551e-02 7.883592694997787476e-02 1.744584552943706512e-02 8.242323249578475952e-02 3.231799602508544922e-02 2.066476270556449890e-03 3.143777325749397278e-02 1.792329922318458557e-02 1.261978503316640854e-02 4.596498794853687286e-03 2.231369726359844208e-02 3.809723304584622383e-03 3.609083592891693115e-02 5.192393064498901367e-02 2.278870157897472382e-02 2.366483956575393677e-02 9.796376526355743408e-02 5.058721173554658890e-03 7.988427579402923584e-02 8.904823102056980133e-03 2.641938999295234680e-02 6.146815046668052673e-02 2.438885718584060669e-02 5.354437604546546936e-02 2.698835358023643494e-02 2.671670727431774139e-02 5.870371591299772263e-03 2.634994126856327057e-02 3.274213057011365891e-03 2.562364563345909119e-03 7.980345934629440308e-02 1.786973886191844940e-02 8.095034956932067871e-02 6.241400539875030518e-02 2.901749871671199799e-02 3.376519307494163513e-02 1.915289461612701416e-02 5.163673684000968933e-02 8.947604149580001831e-02 1.842249557375907898e-02 1.264516077935695648e-02 6.048814859241247177e-03 1.532666198909282684e-02 1.375068537890911102e-02 1.788559183478355408e-02 2.017646096646785736e-02 6.006673444062471390e-03 9.848916903138160706e-03 1.049506105482578278e-02 1.518865115940570831e-02 4.641556739807128906e-02 7.795310765504837036e-02 3.908640518784523010e-02 3.343516588211059570e-02 2.973007597029209137e-02 5.550546571612358093e-02 2.975920960307121277e-02 4.663158208131790161e-03 1.148803904652595520e-02 1.134326029568910599e-02 4.197071865200996399e-02 9.471733123064041138e-03 3.276869654655456543e-02 3.727969154715538025e-02 5.969775374978780746e-03 8.248888701200485229e-02 7.115332409739494324e-03 1.363249402493238449e-02 2.494258247315883636e-02 3.210918232798576355e-02 1.785418204963207245e-02 1.858890615403652191e-02 2.058167755603790283e-02 2.456922270357608795e-02 3.001240268349647522e-02 1.436432916671037674e-02 4.150578379631042480e-02 3.936196491122245789e-02 1.195046212524175644e-02 6.363024562597274780e-02 2.090449258685112000e-02 1.770283840596675873e-02 3.857725858688354492e-02 6.176987662911415100e-02 4.805402830243110657e-02 3.819219395518302917e-02 4.823262244462966919e-02 2.194327861070632935e-02 9.549232199788093567e-03
3.465453907847404480e-02 5.351323634386062622e-02 4.405065625905990601e-02 1.686990799498744309e-05 2.260154671967029572e-02 2.573353610932826996e-02 6.217561196535825729e-03 1.530626565217971802e-01 4.631155170500278473e-03 4.780898988246917725e-02 1.735525578260421753e-02 3.204931318759918213e-02 5.323851015418767929e-03 1.680971495807170868e-02 6.695298105478286743e-02 1.352881919592618942e-02 9.231913834810256958e-03 3.717814013361930847e-02 4.285589326173067093e-03 6.767366081476211548e-02 2.801577188074588776e-02 2.446473445161245763e-05 6.705440580844879150e-02 2.644836902618408203e-02 7.729978114366531372e-02 2.354281954467296600e-02 4.640254005789756775e-02 1.404271088540554047e-02 1.900932006537914276e-02 1.297439727932214737e-02 6.943342089653015137e-02 5.970032140612602234e-02 1.801346987485885620e-02 5.005943588912487030e-03 2.712424471974372864e-02 3.702171519398689270e-02 5.156632512807846069e-02 8.192238211631774902e-02 2.705342695116996765e-02 6.634761393070220947e-02 6.633823737502098083e-03 2.038948237895965576e-02 2.656220458447933197e-03 1.253452152013778687e-01 5.254107713699340820e-02 9.790080785751342773e-02 6.250428408384323120e-02 1.506558386608958244e-03 4.694500565528869629e-02 4.386945627629756927e-03 4.775769077241420746e-03 1.600457169115543365e-02 3.131483495235443115e-02 6.291041523218154907e-02 4.197053238749504089e-02 7.985679432749748230e-03 3.229054436087608337e-02 4.094262421131134033e-02 2.185965888202190399e-02 3.644540905952453613e-03 3.023909870535135269e-03 1.741179078817367554e-02 1.309450156986713409e-02 7.886489853262901306e-03 1.778818480670452118e-02 7.153867278248071671e-03 1.785682328045368195e-02 6.551041454076766968e-02 1.017470099031925201e-02 4.171898961067199707e-02 2.399176359176635742e-02 2.919720951467752457e-03 3.180460631847381592e-02 3.334208577871322632e-02 5.327390390448272228e-04 1.573704928159713745e-02 1.613167300820350647e-02 3.806955879554152489e-03 6.688341498374938965e-02 3.075678646564483643e-02 2.501691579818725586e-01 7.876965403556823730e-02 2.162090316414833069e-02 3.453268483281135559e-02 1.039093080908060074e-02 3.706217929720878601e-02 5.105855315923690796e-02 6.937324651516973972e-04 3.860526531934738159e-02 2.077008597552776337e-02 4.449741542339324951e-02 7.803016901016235352e-02 2.349908277392387390e-02 2.222352102398872375e-02 1.041111648082733154e-01 3.397840633988380432e-02 4.968425631523132324e-02 3.170328214764595032e-02 5.388376489281654358e-02 8.630290627479553223e-03 2.191152190789580345e-03 8.022452890872955322e-02 3.650731965899467468e-02 6.292321532964706421e-02 4.859037231653928757e-03 6.230221316218376160e-02 4.035232588648796082e-02 1.203030068427324295e-02 3.395340591669082642e-02 3.662252426147460938e-02 1.621525734663009644e-02 5.173515528440475464e-02 3.457276523113250732e-02 4.717332497239112854e-02 3.827864676713943481e-02 9.937145747244358063e-03
2.511031366884708405e-02 2.144840778782963753e-03 1.686990799498744309e-05 6.751534342765808105e-02 1.716180890798568726e-01 2.851648814976215363e-02 1.517278049141168594e-02 7.715343683958053589e-02 7.123015355318784714e-03 2.703514881432056427e-03 1.830032677389681339e-03 4.281708598136901855e-02 2.457719109952449799e-02 5.086266249418258667e-02 1.580992713570594788e-03 3.596435766667127609e-03 5.526692047715187073e-02 5.598787218332290649e-03 7.045520842075347900e-02 1.560526085086166859e-03 2.033900842070579529e-02 8.739505894482135773e-03 2.268365817144513130e-03 1.208186522126197815e-02 4.863062500953674316e-02 3.212203457951545715e-02 1.308868266642093658e-02 3.312152251601219177e-02 2.168906480073928833e-02 5.135381966829299927e-02 6.188767030835151672e-03 2.063101716339588165e-02 4.926648363471031189e-02 5.862229038029909134e-03 5.160221084952354431e-02 2.063605748116970062e-02 3.656736016273498535e-02 4.226617142558097839e-02 6.879742443561553955e-02 2.134048752486705780e-02 4.413076862692832947e-02 1.710326969623565674e-02 2.952867560088634491e-02 4.476049542427062988e-02 1.147800683975219727e-02 2.451563253998756409e-02 1.354255713522434235e-02 1.600631326436996460e-02 1.491222344338893890e-02 1.363868266344070435e-02 1.690977811813354492e-02 4.434885457158088684e-02 1.657273247838020325e-02 5.576498433947563171e-02 1.835328899323940277e-02 5.664556846022605896e-02 2.959075756371021271e-02 5.248451489023864269e-04 7.251854240894317627e-02 4.164467565715312958e-03 2.399742044508457184e-02 4.646660294383764267e-03 1.192595511674880981e-01 8.085681498050689697e-02 5.928484257310628891e-03 5.776789411902427673e-02 3.317322582006454468e-02 2.824768610298633575e-02 3.417254239320755005e-02 2.022763155400753021e-02 3.674498992040753365e-03 3.635820373892784119e-02 1.430066078901290894e-01 3.094714134931564331e-02 4.760850220918655396e-02 4.711083322763442993e-02 4.009360820055007935e-02 2.337408065795898438e-02 2.529257908463478088e-02 3.616577014327049255e-02 4.915784299373626709e-02 1.319173909723758698e-02 3.453376889228820801e-02 1.502932421863079071e-02 2.385889552533626556e-02 2.709749713540077209e-02 4.350820556282997131e-03 1.924091018736362457e-02 3.536259755492210388e-02 2.761920355260372162e-02 3.130850847810506821e-03 4.668269678950309753e-02 1.033445075154304504e-02 3.979534283280372620e-02 6.097292155027389526e-02 4.759559407830238342e-02 5.256194993853569031e-02 2.639895677566528320e-02 9.571148082613945007e-03 5.200602486729621887e-02 6.931503117084503174e-02 2.344755455851554871e-02 1.662802509963512421e-02 2.586004510521888733e-02 6.906379479914903641e-03 5.595971271395683289e-02 3.507413342595100403e-02 3.341963887214660645e-02 4.175985231995582581e-02 2.118492871522903442e-02 5.009781941771507263e-02 3.568176180124282837e-02 3.426250815391540527e-02 5.759400781244039536e-03 8.170489221811294556e-03 3.155797347426414490e-02
7.100280839949846268e-03 2.580585889518260956e-02 2.260154671967029572e-02 1.716180890798568726e-01 6.150079891085624695e-02 1.991503126919269562e-02 2.854920551180839539e-02 5.694901570677757263e-03 1.059377845376729965e-02 3.595478460192680359e-02 2.106491848826408386e-02 1.717079803347587585e-02 2.098779194056987762e-02 4.161310940980911255e-02 3.201418742537498474e-02 4.237930104136466980e-02 4.672578722238540649e-02 7.722631841897964478e-02 2.878349646925926208e-02 1.057555247098207474e-02 4.173623397946357727e-02 2.400705777108669281e-02 1.646577194333076477e-02 2.243182435631752014e-02 2.324641495943069458e-02 1.616592868231236935e-03 2.750383131206035614e-02 1.731203403323888779e-03 5.031614005565643311e-02 1.968943397514522076e-04 7.617185823619365692e-03 4.768805112689733505e-03 3.962367307394742966e-03 5.108727887272834778e-02 4.619344323873519897e-02 1.640472561120986938e-02 8.813657611608505249e-02 1.429046597331762314e-02 3.545594215393066406e-02 1.031077802181243896e-01 2.111525041982531548e-03 2.157012745738029480e-02 1.965674944221973419e-02 1.182490587234497070e-02 3.201754018664360046e-02 3.439255431294441223e-02 5.915241688489913940e-02 6.663893908262252808e-02 3.512945026159286499e-03 6.028765067458152771e-02 4.384855926036834717e-02 1.151673868298530579e-02 2.455218695104122162e-02 5.510716140270233154e-02 4.513959400355815887e-03 3.815337549895048141e-03 1.204886380583047867e-02 2.736910805106163025e-02 3.389996662735939026e-02 2.691256441175937653e-02 7.661676034331321716e-03 6.798053532838821411e-02 4.914677143096923828e-02 1.917992904782295227e-02 1.243881974369287491e-02 4.539157450199127197e-02 2.342353761196136475e-02 3.149917721748352051e-02 1.576069742441177368e-02 1.238603144884109497e-02 3.992800042033195496e-02 1.571205793879926205e-03 1.089842021465301514e-01 1.328244898468255997e-02 9.421549737453460693e-02 7.242933381348848343e-03 3.967248275876045227e-02 2.505475096404552460e-02 5.134266242384910583e-02 4.402174428105354309e-02 4.780170507729053497e-03 1.574196293950080872e-02 3.674731776118278503e-02 6.296297162771224976e-02 4.904009867459535599e-03 4.486846737563610077e-03 2.322900108993053436e-02 3.140896558761596680e-02 2.279581036418676376e-03 1.030732225626707077e-02 1.206576591357588768e-03 8.515077643096446991e-03 4.974519368261098862e-03 4.790993873029947281e-03 6.278374046087265015e-02 9.580436162650585175e-03 3.282124921679496765e-02 5.006478633731603622e-03 2.021697536110877991e-02 1.952107809484004974e-02 9.123884141445159912e-02 6.466777063906192780e-03 9.231646545231342316e-03 1.662459038197994232e-02 3.089920617640018463e-03 2.008320577442646027e-02 4.758275672793388367e-02 1.611026190221309662e-02 8.611546945758163929e-04 1.064185518771409988e-02 3.811647370457649231e-02 8.913509547710418701e-03 5.850734654814004898e-03 4.699559137225151062e-02 2.420838223770260811e-03 1.033251080662012100e-02
1.431600451469421387e-01 7.920300215482711792e-02 2.573353610932826996e-02 2.851648814976215363e-02 1.991503126919269562e-02 1.023718491196632385e-01 1.175710707902908325e-01 3.296605870127677917e-02 2.883152477443218231e-02 1.425008755177259445e-02 1.008497774600982666e-01 3.877523541450500488e-02 4.789476096630096436e-02 1.522892247885465622e-02 2.173193544149398804e-02 6.694856286048889160e-02 3.009786456823348999e-02 1.720579457469284534e-03 4.920727759599685669e-02 5.385140702128410339e-02 1.170952431857585907e-02 2.708918228745460510e-02 4.282385110855102539e-03 5.418042093515396118e-02 1.806645840406417847e-02 3.149284049868583679e-02 1.598737575113773346e-02 8.758319891057908535e-04 6.401121616363525391e-02 2.140293642878532410e-02 3.816067427396774292e-02 2.538576349616050720e-02 3.320923075079917908e-02 5.135089159011840820e-02 3.675038367509841919e-02 4.884910956025123596e-02 2.126693539321422577e-02 1.265294570475816727e-02 3.269827738404273987e-02 2.244598045945167542e-02 3.410255163908004761e-02 1.346347760409116745e-02 1.569762267172336578e-02 6.824220530688762665e-03 3.236335143446922302e-02 5.253723636269569397e-02 1.171400472521781921e-01 6.597743928432464600e-02 2.300360240042209625e-02 5.772159993648529053e-02 4.100960493087768555e-02 3.032416850328445435e-02 5.575845390558242798e-02 5.654830858111381531e-02 4.360588267445564270e-02 4.901214689016342163e-02 9.993749670684337616e-03 3.517446666955947876e-02 2.844787575304508209e-02 1.226300653070211411e-02 3.536595031619071960e-02 8.713471889495849609e-02 1.590117998421192169e-02 2.905198931694030762e-02 3.781245648860931396e-02 5.187680572271347046e-02 2.510192338377237320e-03 2.607973525300621986e-03 4.632326215505599976e-02 3.766390681266784668e-02 1.181895285844802856e-02 1.971329003572463989e-02 5.611582472920417786e-02 5.216901376843452454e-02 3.823962435126304626e-02 3.730311989784240723e-02 3.100710175931453705e-02 1.881106011569499969e-02 1.445723976939916611e-02 7.384397089481353760e-02 8.887343108654022217e-03 2.098500169813632965e-02 1.650732010602951050e-02 2.000348456203937531e-02 1.099797617644071579e-02 1.831968687474727631e-02 1.390957552939653397e-02 3.858931086142547429e-05 5.534621328115463257e-02 3.250782191753387451e-02 1.697266940027475357e-03 3.596448898315429688e-02 6.836346350610256195e-03 1.114159356802701950e-02 3.323546797037124634e-02 4.636000841856002808e-02 3.586334735155105591e-02 5.032924562692642212e-02 4.074598662555217743e-03 5.128703545778989792e-03 8.388217538595199585e-03 4.679277539253234863e-02 2.260763756930828094e-02 2.774229831993579865e-02 7.578207552433013916e-02 3.841445595026016235e-02 4.634298384189605713e-02 6.025785580277442932e-02 4.569490626454353333e-02 3.964456543326377869e-02 1.703074760735034943e-02 6.992721464484930038e-04 1.757006626576185226e-03 2.289128862321376801e-02 1.298214029520750046e-02 2.528709731996059418e-02
2.163553237915039062e-02 6.465117633342742920e-02 6.217561196535825729e-03 1.517278049141168594e-02 2.854920551180839539e-02 1.175710707902908325e-01 9.203793853521347046e-02 3.221375867724418640e-03 2.445379458367824554e-02 3.271992132067680359e-02 5.843721702694892883e-02 5.150447832420468330e-04 6.281611323356628418e-02 7.151073217391967773e-02 3.731697425246238708e-02 4.036974906921386719e-02 7.370909210294485092e-03 3.128219023346900940e-02 4.604062531143426895e-03 3.226158022880554199e-02 3.806519880890846252e-02 5.355594679713249207e-02 1.177673786878585815e-02 5.115422606468200684e-02 1.004649605602025986e-02 1.725784316658973694e-02 3.269347175955772400e-02 3.639802709221839905e-02 3.120658360421657562e-02 8.939038962125778198e-03 4.897163808345794678e-02 1.069311285391449928e-03 2.832204103469848633e-02 2.640377916395664215e-02 3.446015343070030212e-02 1.001505460590124130e-02 3.845055028796195984e-02 7.127912715077400208e-03 1.450876612216234207e-02 3.968982398509979248e-02 5.298275034874677658e-03 1.125939656049013138e-02 1.154729258269071579e-02 1.692426856607198715e-03 5.933761969208717346e-02 4.632930457592010498e-02 1.538971960544586182e-01 1.396622061729431152e-01 3.493606299161911011e-02 7.285752799361944199e-03 7.876922376453876495e-03 2.348938258364796638e-03 2.553015248849987984e-03 6.018020212650299072e-03 3.912161290645599365e-02 3.966998774558305740e-03 2.028723433613777161e-02 1.380987931042909622e-02 2.369740977883338928e-02 3.376564383506774902e-02 5.255989730358123779e-02 6.710667908191680908e-02 2.210831269621849060e-02 1.303526479750871658e-02 3.371892031282186508e-03 3.376032784581184387e-02 5.044747889041900635e-02 2.178944461047649384e-02 2.595608308911323547e-02 5.931448936462402344e-02 1.446167193353176117e-02 3.001353144645690918e-02 9.869058616459369659e-03 3.807725012302398682e-02 3.493409603834152222e-02 2.777866646647453308e-02 1.931134797632694244e-02 3.687731921672821045e-03 1.962206140160560608e-02 6.439876556396484375e-02 4.446338862180709839e-03 5.121339112520217896e-03 2.623571082949638367e-02 2.145945653319358826e-02 1.641817018389701843e-02 1.124252658337354660e-02 1.536571606993675232e-02 2.880841493606567383e-03 6.376139819622039795e-02 5.457596108317375183e-02 9.797306358814239502e-02 3.892491012811660767e-02 8.247291296720504761e-02 7.565168291330337524e-02 6.487731635570526123e-02 6.530015915632247925e-02 4.130877088755369186e-03 2.265881560742855072e-02 2.147498913109302521e-02 8.240780793130397797e-03 2.713794074952602386e-02 3.353765234351158142e-02 2.412474900484085083e-02 3.891713172197341919e-02 1.980547234416007996e-02 3.570022806525230408e-02 5.043855682015419006e-02 5.041775107383728027e-02 3.586229309439659119e-02 1.910863071680068970e-02 2.121509052813053131e-02 2.327915653586387634e-02 1.552428584545850754e-02 2.363035082817077637e-02 7.533255964517593384e-02 6.712879985570907593e-03
1.414540223777294159e-02 3.077604249119758606e-02 1.530626565217971802e-01 7.715343683958053589e-02 5.694901570677757263e-03 3.296605870127677917e-02 3.221375867724418640e-03 2.042135745286941528e-01 7.513987831771373749e-03 2.961851656436920166e-03 1.663030683994293213e-02 3.025893680751323700e-02 1.176316104829311371e-02 3.764754161238670349e-02 1.302141696214675903e-01 1.717173121869564056e-02 3.825403749942779541e-02 3.899019584059715271e-02 1.284475065767765045e-02 3.800463303923606873e-02 8.580768480896949768e-03 8.642188459634780884e-02 2.329933270812034607e-02 2.638197131454944611e-02 1.697644032537937164e-02 3.950997442007064819e-02 1.058590505272150040e-02 5.699394270777702332e-02 2.158810198307037354e-02 3.658325597643852234e-02 1.555603276938199997e-02 2.375509962439537048e-02 5.925462767481803894e-02 1.996934600174427032e-02 1.262375526130199432e-02 6.554877758026123047e-02 4.031216725707054138e-02 2.834451198577880859e-02 4.003063216805458069e-02 3.728825226426124573e-02 3.105102293193340302e-02 9.462158195674419403e-03 8.174072019755840302e-03 9.889753535389900208e-03 4.199405759572982788e-02 4.059128835797309875e-02 1.506915222853422165e-02 2.431460469961166382e-02 2.016085013747215271e-02 2.241659350693225861e-02 5.533746629953384399e-02 4.589062556624412537e-02 7.974835485219955444e-02 7.787647098302841187e-02 6.682228296995162964e-03 1.777148060500621796e-02 2.433093450963497162e-02 2.837572433054447174e-02 5.166300758719444275e-02 6.858213804662227631e-03 5.701404996216297150e-03 2.395455539226531982e-02 2.999665029346942902e-02 1.477640308439731598e-02 1.409572735428810120e-02 7.692882325500249863e-03 2.926225960254669189e-02 4.297591745853424072e-02 6.965608336031436920e-03 2.263914793729782104e-02 2.534359320998191833e-02 4.170388355851173401e-02 8.193082176148891449e-04 6.851105950772762299e-03 3.546347469091415405e-02 3.599496930837631226e-02 1.674076914787292480e-02 3.110848739743232727e-02 3.571095177903771400e-03 6.197133567184209824e-03 3.354237079620361328e-01 1.748720854520797729e-01 2.516869083046913147e-02 3.478680271655321121e-03 3.264712635427713394e-03 3.376309573650360107e-02 2.530570030212402344e-01 7.384940236806869507e-02 1.333164423704147339e-02 3.316629678010940552e-02 2.510623540729284286e-03 3.454177826642990112e-02 2.774356678128242493e-02 4.145937412977218628e-02 3.597028926014900208e-02 1.379395369440317154e-02 4.873685166239738464e-02 1.191917527467012405e-02 1.114084268920123577e-03 2.962461439892649651e-04 4.451973363757133484e-02 1.642457768321037292e-02 3.290116786956787109e-02 1.652389951050281525e-02 2.384559810161590576e-02 3.502096049487590790e-03 2.180709689855575562e-02 3.264132887125015259e-02 6.501863151788711548e-02 1.084714289754629135e-02 8.500717580318450928e-03 2.307179383933544159e-02 3.405693173408508301e-02 9.488892741501331329e-03 9.904001653194427490e-02 6.940221041440963745e-02
1.401477213948965073e-02 9.092012420296669006e-03 4.631155170500278473e-03 7.123015355318784714e-03 1.059377845376729965e-02 2.883152477443218231e-02 2.445379458367824554e-02 7.513987831771373749e-03 5.525782704353332520e-02 6.724786013364791870e-02 1.809285394847393036e-02 6.088541075587272644e-02 4.009868204593658447e-02 4.654226824641227722e-02 5.900298710912466049e-03 2.538888342678546906e-02 1.295000663958489895e-03 8.534611761569976807e-02 1.508866250514984131e-02 4.585041105747222900e-02 2.289579017087817192e-03 1.117038726806640625e-02 1.376141048967838287e-02 2.340168226510286331e-03 1.336523704230785370e-02 1.419032178819179535e-02 2.034539729356765747e-02 3.362435847520828247e-02 3.040285315364599228e-03 5.202118307352066040e-02 4.512614384293556213e-02 4.687002301216125488e-02 6.461796164512634277e-02 1.243510376662015915e-02 1.047790981829166412e-02 4.804333671927452087e-02 1.801295904442667961e-03 5.251520872116088867e-02 2.082188241183757782e-02 4.763816669583320618e-02 6.221376731991767883e-02 6.045771762728691101e-02 1.349912583827972412e-02 6.677593104541301727e-03 4.404961317777633667e-02 2.401205897331237793e-02 2.376660518348217010e-02 8.945183828473091125e-03 2.337888441979885101e-02 5.788339301943778992e-03 9.750137105584144592e-03 2.939285710453987122e-02 1.641063392162322998e-02 2.267036214470863342e-02 4.676638171076774597e-02 1.131598744541406631e-02 3.905894979834556580e-02 3.476065769791603088e-02 2.574955672025680542e-02 1.872798614203929901e-02 2.451298572123050690e-02 2.261386252939701080e-02 6.707647815346717834e-03 1.898593828082084656e-02 2.874787524342536926e-02 3.352731093764305115e-02 8.226885460317134857e-03 1.982457004487514496e-02 1.442451961338520050e-02 1.853215694427490234e-02 8.087828755378723145e-03 1.692781597375869751e-02 1.201694365590810776e-03 3.842888632789254189e-03 3.472512587904930115e-02 3.757569706067442894e-03 7.433291524648666382e-02 6.793508678674697876e-02 8.138759434223175049e-02 8.671284466981887817e-02 2.443056367337703705e-02 3.103175945580005646e-02 6.389997899532318115e-02 8.691415190696716309e-03 3.230522153899073601e-03 1.858788356184959412e-02 7.791190873831510544e-03 2.495631203055381775e-02 1.248181890696287155e-02 3.258299827575683594e-02 2.252054959535598755e-02 4.006403905805200338e-04 1.689410768449306488e-02 2.152708329958841205e-04 2.955804392695426941e-02 3.874355927109718323e-02 3.041782788932323456e-02 2.397725172340869904e-02 4.548047482967376709e-02 4.203891754150390625e-02 2.081401832401752472e-02 8.169700391590595245e-03 3.992374986410140991e-02 3.205136582255363464e-02 2.899274695664644241e-04 2.886123955249786377e-02 4.059859737753868103e-02 4.910964518785476685e-03 4.272525385022163391e-02 3.641548007726669312e-02 2.824346162378787994e-02 2.550829015672206879e-02 3.234433755278587341e-02 1.451230049133300781e-02 1.027681492269039154e-02 2.116353809833526611e-02
5.419998243451118469e-02 2.765166386961936951e-02 4.780898988246917725e-02 2.703514881432056427e-03 3.595478460192680359e-02 1.425008755177259445e-02 3.271992132067680359e-02 2.961851656436920166e-03 6.724786013364791870e-02 1.077659949660301208e-01 2.299140579998493195e-02 3.042023442685604095e-02 4.611589759588241577e-02 6.707224249839782715e-02 5.018193740397691727e-03 2.285905368626117706e-02 7.657280564308166504e-02 5.973138660192489624e-02 1.341533511877059937e-01 4.022599384188652039e-02 6.828759610652923584e-02 3.562406823039054871e-02 1.951807364821434021e-02 1.025282293558120728e-01 1.532753929495811462e-02 3.091220371425151825e-02 3.802333376370370388e-04 3.841448575258255005e-02 4.956158250570297241e-02 8.942523971199989319e-03 3.122271783649921417e-02 3.143821656703948975e-02 3.105218522250652313e-02 7.984776794910430908e-02 3.560271114110946655e-03 6.086089834570884705e-02 4.401772096753120422e-02 1.893666014075279236e-02 3.193474188446998596e-02 9.861011989414691925e-03 2.554407343268394470e-02 3.140805289149284363e-02 4.608870670199394226e-02 3.356679808348417282e-04 3.026337549090385437e-02 4.496290907263755798e-02 1.062604691833257675e-02 9.423944167792797089e-03 5.877828691154718399e-03 9.933630377054214478e-02 2.888960577547550201e-02 2.086618449538946152e-03 2.685018815100193024e-02 6.008232757449150085e-02 1.577830687165260315e-02 1.051277294754981995e-01 2.402447350323200226e-02 3.455751016736030579e-02 2.204077318310737610e-02 7.270835805684328079e-03 5.791297182440757751e-02 4.081803560256958008e-02 1.417819317430257797e-02 5.470327101647853851e-03 1.593781821429729462e-02 8.118978701531887054e-03 4.663899168372154236e-02 2.120652608573436737e-02 5.074938386678695679e-02 3.292011469602584839e-02 5.195300281047821045e-02 2.644914388656616211e-02 2.968078292906284332e-02 1.881268061697483063e-02 5.298673734068870544e-02 5.407901108264923096e-02 6.679481267929077148e-02 1.018345504999160767e-01 5.502262711524963379e-02 1.385789513587951660e-01 3.213690221309661865e-02 3.079753369092941284e-02 1.834542490541934967e-02 6.370800733566284180e-02 1.326616201549768448e-02 2.492693066596984863e-02 1.379094552248716354e-02 5.480441823601722717e-02 5.583624541759490967e-02 1.116137057542800903e-01 2.163168415427207947e-02 4.883855208754539490e-02 7.260173093527555466e-03 4.653513431549072266e-02 4.782661423087120056e-02 3.007045015692710876e-02 1.270147506147623062e-02 4.304247349500656128e-02 8.496148511767387390e-03 4.684354364871978760e-02 1.268547493964433670e-02 7.226529717445373535e-02 9.309145621955394745e-03 3.208377584815025330e-02 9.145423769950866699e-03 4.488747194409370422e-02 8.775369264185428619e-03 3.986342251300811768e-02 9.382902830839157104e-02 1.273901760578155518e-02 2.571194991469383240e-02 5.922894179821014404e-02 4.395773634314537048e-02 5.587632954120635986e-02 2.355996705591678619e-02 3.221523948013782501e-03
1.701072752475738525e-01 9.671440720558166504e-02 1.735525578260421753e-02 1.830032677389681339e-03 2.106491848826408386e-02 1.008497774600982666e-01 5.843721702694892883e-02 1.663030683994293213e-02 1.809285394847393036e-02 2.299140579998493195e-02 9.370256215333938599e-02 1.020404510200023651e-02 1.124236211180686951e-01 7.386201992630958557e-03 6.251613143831491470e-03 3.000213392078876495e-02 2.761256508529186249e-02 1.116430014371871948e-02 4.353437107056379318e-03 1.545677520334720612e-02 3.094635345041751862e-02 7.617237418889999390e-02 2.804240025579929352e-02 2.733941189944744110e-03 5.450975149869918823e-02 2.214492484927177429e-02 9.796016849577426910e-03 4.117470607161521912e-02 6.640616059303283691e-02 3.477597609162330627e-02 4.095745459198951721e-02 5.562345031648874283e-03 5.670152022503316402e-04 2.313613146543502808e-02 8.071078627835959196e-05 3.690434992313385010e-02 4.963646829128265381e-02 2.311801724135875702e-02 2.094235271215438843e-02 1.478090300224721432e-03 1.713770069181919098e-02 5.016349628567695618e-02 3.412862867116928101e-02 8.145034313201904297e-03 2.313688397407531738e-02 2.759589068591594696e-02 9.259345382452011108e-02 6.472487002611160278e-02 3.749913722276687622e-02 4.166780784726142883e-02 2.987307310104370117e-02 1.846714504063129425e-02 8.168186992406845093e-03 2.850064076483249664e-02 1.530615612864494324e-03 1.351890712976455688e-02 3.936008736491203308e-02 5.724555999040603638e-02 3.673613071441650391e-02 1.797456853091716766e-02 5.550104193389415741e-03 1.808768953196704388e-03 2.136616222560405731e-02 2.064348571002483368e-02 7.230823487043380737e-02 2.180969901382923126e-02 1.467386353760957718e-02 1.527871284633874893e-02 1.841093599796295166e-02 7.606770098209381104e-02 3.476311918348073959e-03 4.044470936059951782e-02 3.868895769119262695e-02 1.774090528488159180e-02 1.804392598569393158e-02 1.077914796769618988e-02 1.108845416456460953e-02 2.091090753674507141e-02 3.543126955628395081e-02 2.424260415136814117e-02 1.091982237994670868e-02 3.201814740896224976e-02 3.986019641160964966e-03 1.394355576485395432e-02 2.814381010830402374e-02 4.782449454069137573e-02 3.311004117131233215e-02 1.488628704100847244e-02 2.193553745746612549e-02 7.353126257658004761e-02 2.532771602272987366e-02 9.747894853353500366e-02 2.690444327890872955e-02 2.974528446793556213e-02 9.234537370502948761e-03 2.356706885620951653e-03 2.285926975309848785e-02 1.535403355956077576e-02 1.995842158794403076e-02 1.782662235200405121e-02 4.595913738012313843e-02 1.342922262847423553e-02 3.030316904187202454e-02 1.153830206021666527e-03 2.259310893714427948e-02 1.731545850634574890e-02 4.175652191042900085e-02 9.801874868571758270e-03 7.624744437634944916e-03 1.283394359052181244e-02 3.093487396836280823e-02 3.590859100222587585e-02 2.903321385383605957e-02 3.182709217071533203e-02 2.731766551733016968e-02 6.566592305898666382e-02
3.154235705733299255e-02 1.292226463556289673e-02 3.204931318759918213e-02 4.281708598136901855e-02 1.717079803347587585e-02 3.877523541450500488e-02 5.150447832420468330e-04 3.025893680751323700e-02 6.088541075587272644e-02 3.042023442685604095e-02 1.020404510200023651e-02 1.121779233217239380e-01 4.174936562776565552e-03 2.412520349025726318e-01 4.399479925632476807e-02 6.272574514150619507e-02 5.412381142377853394e-02 4.349584132432937622e-02 1.051540020853281021e-02 5.306032299995422363e-02 1.021023094654083252e-01 1.533017214387655258e-02 9.021128714084625244e-02 1.034258157014846802e-01 6.740806996822357178e-02 3.490443155169487000e-02 1.695647463202476501e-02 1.053253561258316040e-01 2.913556061685085297e-02 1.078835353255271912e-01 4.589416459202766418e-02 5.510159954428672791e-02 8.262259885668754578e-03 6.291624903678894043e-02 2.713436447083950043e-02 1.710276491940021515e-02 7.194433361291885376e-03 2.341291122138500214e-02 5.453045293688774109e-02 6.236404925584793091e-02 3.811616823077201843e-02 4.876257851719856262e-02 5.653625354170799255e-02 4.390557855367660522e-02 6.761516630649566650e-02 2.979978919029235840e-02 1.419636886566877365e-02 7.891797460615634918e-03 3.376683592796325684e-02 5.702829360961914062e-02 5.293289572000503540e-02 3.793652355670928955e-02 3.323480114340782166e-02 1.175622642040252686e-02 3.180718049407005310e-02 1.577675901353359222e-02 4.071767255663871765e-02 6.524462997913360596e-02 4.806039109826087952e-02 5.591015517711639404e-02 1.933836750686168671e-02 9.009000658988952637e-02 1.566161960363388062e-02 6.934775412082672119e-02 1.420916616916656494e-02 3.124378621578216553e-02 2.036537975072860718e-02 6.632701307535171509e-02 4.286372661590576172e-02 5.006884224712848663e-03 9.513485245406627655e-03 3.318152576684951782e-02 5.747781693935394287e-02 1.161635294556617737e-02 1.197398547083139420e-02 4.871393367648124695e-02 5.849229171872138977e-02 5.613230168819427490e-02 4.913064837455749512e-02 4.175065830349922180e-02 1.289282180368900299e-02 1.477992068976163864e-02 7.601677440106868744e-03 3.568207146599888802e-03 1.858329400420188904e-03 6.143272668123245239e-02 1.948066987097263336e-02 2.675663121044635773e-02 6.514716893434524536e-02 4.478109627962112427e-02 4.998518526554107666e-02 4.076945036649703979e-02 4.070760682225227356e-02 1.336336974054574966e-02 1.870443113148212433e-02 2.877648733556270599e-02 7.648313883692026138e-03 2.488886564970016479e-02 2.636126242578029633e-02 5.253076553344726562e-03 4.964643344283103943e-02 5.184876546263694763e-02 3.997277468442916870e-02 3.908894211053848267e-02 4.068041220307350159e-02 4.602574557065963745e-02 3.594281524419784546e-02 5.232745781540870667e-03 7.496002316474914551e-02 3.902386873960494995e-02 2.768450602889060974e-02 9.142599999904632568e-02 3.723869100213050842e-03 1.224240195006132126e-02 2.972478605806827545e-02 3.668426303192973137e-03
9.341280907392501831e-02 1.179336160421371460e-01 5.323851015418767929e-03 2.457719109952449799e-02 2.098779194056987762e-02 4.789476096630096436e-02 6.281611323356628418e-02 1.176316104829311371e-02 4.009868204593658447e-02 4.611589759588241577e-02 1.124236211180686951e-01 4.174936562776565552e-03 1.320327520370483398e-01 7.946550846099853516e-02 4.461640492081642151e-02 3.741420432925224304e-02 2.585798269137740135e-03 2.614759840071201324e-02 2.675556950271129608e-02 1.619784347712993622e-02 3.418325632810592651e-02 4.919759184122085571e-02 2.026443555951118469e-02 2.080060914158821106e-02 8.877371437847614288e-03 9.879886172711849213e-03 3.572448855265974998e-03 3.075250238180160522e-02 8.632642775774002075e-02 2.410000562667846680e-02 9.018339961767196655e-02 2.854981832206249237e-02 2.662156894803047180e-02 3.455422446131706238e-02 6.257510976865887642e-04 4.788078367710113525e-02 6.111416965723037720e-02 2.810974605381488800e-02 4.582865536212921143e-02 2.791469171643257141e-02 1.044683437794446945e-02 1.629546657204627991e-02 6.583066657185554504e-03 2.865272201597690582e-02 8.574528992176055908e-02 9.493666887283325195e-02 6.108905375003814697e-02 1.002651453018188477e-01 3.232762962579727173e-02 4.823945462703704834e-02 8.768036030232906342e-03 4.407566040754318237e-02 3.029949776828289032e-02 2.318764477968215942e-02 9.973836131393909454e-03 3.410536795854568481e-02 4.314852878451347351e-02 1.462880289182066917e-03 4.633664502762258053e-04 4.259233176708221436e-02 2.130449377000331879e-02 3.274082019925117493e-02 4.182735458016395569e-02 4.815902188420295715e-02 8.238769322633743286e-02 9.446696192026138306e-02 3.806554153561592102e-02 2.479838766157627106e-02 3.721745312213897705e-02 7.369674742221832275e-02 2.664000354707241058e-02 4.406753182411193848e-02 3.426639735698699951e-02 6.898833066225051880e-02 4.003383964300155640e-02 3.229510039091110229e-02 3.101589530706405640e-02 2.821704372763633728e-02 3.693946078419685364e-02 4.809964820742607117e-02 1.876445487141609192e-02 4.300047177821397781e-03 3.180836141109466553e-02 3.312259539961814880e-02 1.756864413619041443e-02 1.687342859804630280e-02 3.237901255488395691e-02 4.500108212232589722e-02 2.659602090716362000e-02 4.711285606026649475e-02 7.613760977983474731e-02 7.270389050245285034e-02 8.581488579511642456e-02 6.026363372802734375e-02 2.331361733376979828e-02 3.656022250652313232e-02 6.858569569885730743e-03 1.244393549859523773e-02 1.732015423476696014e-02 2.467743679881095886e-02 1.982766576111316681e-02 3.340514749288558960e-02 3.144763782620429993e-02 2.265016175806522369e-02 3.715807199478149414e-02 1.517096534371376038e-02 2.965146675705909729e-02 3.956305608153343201e-02 4.070499911904335022e-02 3.434026241302490234e-02 3.495718352496623993e-03 7.965249009430408478e-03 5.198128893971443176e-02 1.960753463208675385e-02 1.689455099403858185e-02 8.747112005949020386e-03
