1.769634783267974854e-01 9.842491149902343750e-02 9.636964648962020874e-03 1.979122310876846313e-02 4.284437745809555054e-03 9.215439110994338989e-02 7.490086555480957031e-02 1.329767983406782150e-02 1.240015588700771332e-02 2.550343284383416176e-03 7.809232175350189209e-02 2.497352845966815948e-02 5.956770107150077820e-02 2.646403014659881592e-02 1.003302074968814850e-02 3.105017822235822678e-03 3.607918552006594837e-05 1.067628338932991028e-02 5.724876187741756439e-03 1.569400541484355927e-02 1.687757857143878937e-02 4.165670834481716156e-03 1.810405775904655457e-02 1.215547788888216019e-02 2.521751821041107178e-02 1.041638012975454330e-02 2.479431964457035065e-02 3.485357388854026794e-02 3.212562529370188713e-03 3.119730763137340546e-02 6.050072843208909035e-04 2.574037015438079834e-02 2.824657782912254333e-02 2.649729372933506966e-03 1.569045707583427429e-03 3.369642421603202820e-02 2.725812606513500214e-02 2.432234212756156921e-02 1.323956064879894257e-02 3.907861560583114624e-02 9.232528507709503174e-03 1.758513040840625763e-02 1.517768949270248413e-03 3.313538432121276855e-02 9.948966326192021370e-04 4.688315559178590775e-03 6.031547114253044128e-02 3.271572664380073547e-02 2.046894282102584839e-02 2.578717423602938652e-03 1.312606409192085266e-02 3.989554010331630707e-03 2.110829949378967285e-02 8.198084309697151184e-03 2.550914650782942772e-03 1.343210600316524506e-02 5.751897580921649933e-03 9.720729431137442589e-04 2.979515492916107178e-02 7.702194154262542725e-03 1.028170716017484665e-02 4.029359261039644480e-04 1.077326294034719467e-02 2.008222276344895363e-03 2.287789247930049896e-03 2.138683944940567017e-02 2.520880475640296936e-02 2.113379165530204773e-02 4.241639282554388046e-03 1.384150981903076172e-02 1.079140789806842804e-02 9.339048527181148529e-03 6.927705369889736176e-03 1.549199689179658890e-03 4.878169856965541840e-03 3.457632288336753845e-02 6.054336554370820522e-04 5.402460694313049316e-03 2.553989179432392120e-03 1.593580096960067749e-02 8.053146302700042725e-03 2.374538406729698181e-02 8.472996763885021210e-03 2.555300854146480560e-02 1.753426529467105865e-02 1.037899684160947800e-02 1.526278792880475521e-03 2.977496571838855743e-02 1.180781703442335129e-02 6.459148600697517395e-03 3.354584798216819763e-02 1.286604814231395721e-02 2.440588921308517456e-02 2.624258399009704590e-02 3.643600211944431067e-04 9.348533116281032562e-03 2.837192500010132790e-03 1.522768475115299225e-02 1.141759660094976425e-02 1.003338396549224854e-02 1.995098963379859924e-02 9.040725417435169220e-03 7.060461794026196003e-04 1.619398407638072968e-02 3.175388649106025696e-02 6.064538378268480301e-03 1.157867535948753357e-02 1.056295540183782578e-02 7.698034867644309998e-03 2.481997478753328323e-03 5.101871211081743240e-03 1.157802250236272812e-02 1.748371310532093048e-02 4.238647874444723129e-03 2.119676582515239716e-02 8.288873941637575626e-04
9.842491149902343750e-02 1.799618750810623169e-01 1.414068229496479034e-02 4.536352306604385376e-02 5.441221874207258224e-03 8.858811855316162109e-02 8.803025633096694946e-02 1.124467421323060989e-02 1.968980766832828522e-03 9.468606673181056976e-03 6.823735684156417847e-02 2.506678178906440735e-02 7.383734732866287231e-02 2.798205800354480743e-02 1.014164090156555176e-02 8.868185686878859997e-04 5.990851204842329025e-03 7.611742708832025528e-03 2.664298284798860550e-03 2.039508335292339325e-02 1.672712527215480804e-02 1.510322932153940201e-02 2.257718890905380249e-02 1.612792350351810455e-02 2.081266418099403381e-02 9.025397710502147675e-03 8.027891628444194794e-03 3.412213921546936035e-02 2.257115393877029419e-02 3.022429719567298889e-02 1.103634946048259735e-02 2.411880157887935638e-02 2.117239125072956085e-02 1.341468188911676407e-02 8.772916160523891449e-03 4.225589707493782043e-02 4.463168978691101074e-02 2.711356617510318756e-03 7.469733245670795441e-03 2.367343753576278687e-02 4.410581197589635849e-03 8.672996424138545990e-03 8.284012787044048309e-03 1.932158321142196655e-02 1.076758559793233871e-02 5.198471248149871826e-03 4.872576519846916199e-02 4.159113019704818726e-02 1.541662961244583130e-02 7.474884390830993652e-03 4.675043281167745590e-03 3.488310030661523342e-04 3.418888151645660400e-02 1.851163059473037720e-02 7.255382835865020752e-03 9.979347698390483856e-03 2.714104019105434418e-03 2.928894013166427612e-03 4.702126607298851013e-02 2.752013504505157471e-02 5.616591777652502060e-03 8.344869129359722137e-03 3.785387380048632622e-03 2.794833295047283173e-02 1.175202336162328720e-02 3.600024804472923279e-02 1.831948198378086090e-02 8.340458385646343231e-03 6.885349750518798828e-03 2.363922074437141418e-02 9.349022991955280304e-03 3.770213574171066284e-03 1.539900526404380798e-02 6.868905853480100632e-03 4.357535857707262039e-03 2.692260406911373138e-02 5.274904891848564148e-03 1.629756204783916473e-02 1.819479803089052439e-05 9.067258797585964203e-03 1.065978594124317169e-02 2.229118905961513519e-02 6.004330236464738846e-03 2.903401665389537811e-02 1.599568873643875122e-02 8.256280794739723206e-03 2.624778775498270988e-03 2.733423560857772827e-02 1.468595303595066071e-02 1.114846859127283096e-02 1.608201302587985992e-02 8.948985487222671509e-03 2.834108471870422363e-02 2.203764952719211578e-02 1.068851538002490997e-02 6.916868500411510468e-03 2.002354152500629425e-02 7.765256334096193314e-03 1.001815311610698700e-02 8.958996273577213287e-03 1.648364029824733734e-02 2.448782138526439667e-02 8.258514106273651123e-03 8.863752707839012146e-03 4.425441473722457886e-02 1.258942950516939163e-02 1.402123458683490753e-02 3.091559931635856628e-02 1.621618866920471191e-02 6.909855175763368607e-03 2.836159989237785339e-02 4.206443671137094498e-03 7.174190133810043335e-03 1.200586836785078049e-02 2.060175873339176178e-03 2.206442877650260925e-03
9.636964648962020874e-03 1.414068229496479034e-02 2.376715093851089478e-01 3.989651799201965332e-02 1.867391169071197510e-02 3.215257078409194946e-02 5.239683017134666443e-02 1.787293404340744019e-01 2.370793558657169342e-02 1.705904863774776459e-02 1.976035349071025848e-02 7.989765144884586334e-03 3.940158709883689880e-02 1.929312385618686676e-02 1.967206597328186035e-02 2.167369797825813293e-02 2.301651798188686371e-02 9.416226297616958618e-02 2.424997743219137192e-03 3.131756931543350220e-02 2.485329098999500275e-02 3.686241433024406433e-02 1.675992831587791443e-02 2.389297075569629669e-02 4.188606142997741699e-02 5.501267313957214355e-02 5.667286366224288940e-02 3.949919249862432480e-03 2.227843180298805237e-02 1.493991166353225708e-02 7.885084487497806549e-03 4.353503510355949402e-02 1.405421923846006393e-02 4.575411602854728699e-02 7.619836181402206421e-02 5.411818996071815491e-02 1.182142086327075958e-02 4.329433664679527283e-03 1.044330224394798279e-01 3.342639654874801636e-02 6.787022110074758530e-03 3.573255985975265503e-02 5.108888447284698486e-02 3.607407510280609131e-01 1.256344746798276901e-02 3.450013464316725731e-03 1.902552880346775055e-02 2.304571121931076050e-02 1.097132544964551926e-02 3.549087420105934143e-02 7.139978557825088501e-02 5.506597086787223816e-02 1.360830664634704590e-02 6.012449413537979126e-02 5.603929236531257629e-02 4.467520117759704590e-02 2.974884957075119019e-02 2.972670644521713257e-02 5.593540519475936890e-02 6.548263132572174072e-02 7.545992732048034668e-02 2.271031215786933899e-02 4.769729077816009521e-02 8.275510743260383606e-03 3.743781149387359619e-02 5.328918993473052979e-02 3.146924450993537903e-02 5.269144475460052490e-02 3.108383156359195709e-02 5.557626113295555115e-02 1.747758314013481140e-02 7.031590491533279419e-02 3.458465635776519775e-02 5.129364784806966782e-03 2.874236367642879486e-02 1.026054695248603821e-01 2.110117673873901367e-02 1.596533320844173431e-02 2.207453735172748566e-02 6.283410824835300446e-03 3.630964457988739014e-01 2.693175897002220154e-02 5.643498525023460388e-02 4.102332890033721924e-02 1.090899948030710220e-02 3.783216699957847595e-02 7.387360092252492905e-03 9.124704636633396149e-03 1.077890116721391678e-02 4.945405945181846619e-02 4.984160512685775757e-02 6.383096426725387573e-02 1.318118721246719360e-02 2.322532609105110168e-02 2.089956402778625488e-02 4.493104293942451477e-02 3.748708218336105347e-02 9.598960727453231812e-02 2.361621707677841187e-02 3.610703349113464355e-02 6.855536997318267822e-02 4.146420955657958984e-02 7.544965483248233795e-03 1.064909324049949646e-01 4.039449617266654968e-02 1.945419050753116608e-02 8.540291339159011841e-03 6.603553146123886108e-02 4.281462356448173523e-02 6.185536272823810577e-03 3.115476295351982117e-02 7.556594908237457275e-03 1.146862632595002651e-03 1.230819150805473328e-02 7.910805940628051758e-02 6.562261376529932022e-03
1.979122310876846313e-02 4.536352306604385376e-02 3.989651799201965332e-02 1.799833923578262329e-01 1.655241250991821289e-01 3.055923804640769958e-02 3.890209645032882690e-02 4.223319143056869507e-02 1.118176989257335663e-02 4.491984378546476364e-03 3.404322080314159393e-03 2.390010748058557510e-03 1.457399874925613403e-02 4.288263153284788132e-03 5.917588248848915100e-03 1.875017397105693817e-02 2.328127436339855194e-02 5.088577419519424438e-02 4.181018844246864319e-02 4.469628911465406418e-03 2.980071306228637695e-02 5.926148965954780579e-03 5.167996045202016830e-03 2.435201313346624374e-03 1.260364335030317307e-02 1.161724794656038284e-02 2.326764166355133057e-02 8.761128410696983337e-03 5.103075876832008362e-02 5.674224812537431717e-03 4.454247653484344482e-03 1.027519581839442253e-03 1.727020251564681530e-03 1.230122148990631104e-02 1.119915954768657684e-02 2.738268114626407623e-02 3.395032882690429688e-02 2.441444620490074158e-02 4.799502342939376831e-02 4.558392614126205444e-02 5.367714539170265198e-02 1.294614188373088837e-02 1.818736828863620758e-02 4.997251555323600769e-02 3.642333671450614929e-02 4.030944779515266418e-02 1.518058357760310173e-03 7.907044142484664917e-03 1.604868448339402676e-03 1.376379840075969696e-02 1.395819615572690964e-02 1.642834953963756561e-02 1.866574026644229889e-02 2.165935561060905457e-02 1.940211630426347256e-03 1.958790980279445648e-02 2.280110493302345276e-02 1.533177960664033890e-02 3.198327613063156605e-04 4.301946144551038742e-03 2.985305897891521454e-02 3.782903403043746948e-02 1.786592416465282440e-02 1.278513949364423752e-02 7.480190135538578033e-03 1.610911451280117035e-02 1.757349935360252857e-03 1.584606012329459190e-03 1.521053817123174667e-02 6.176420301198959351e-02 8.292946964502334595e-03 3.395032137632369995e-02 1.296461969614028931e-01 2.601447515189647675e-03 9.864907711744308472e-02 1.089390367269515991e-03 1.171347778290510178e-02 2.575512044131755829e-02 1.169058587402105331e-02 5.542440339922904968e-03 1.778555102646350861e-02 1.254288479685783386e-02 7.781333476305007935e-02 6.505689024925231934e-02 8.205028250813484192e-03 1.342475786805152893e-02 1.375625189393758774e-02 2.255589328706264496e-02 6.924772635102272034e-03 4.757703747600317001e-03 2.413786575198173523e-02 4.235155507922172546e-02 2.382525429129600525e-02 1.441122312098741531e-02 3.227941691875457764e-02 1.540239062160253525e-02 5.710606649518013000e-02 2.745550684630870819e-02 2.312607131898403168e-03 4.388690460473299026e-03 1.795306685380637646e-03 3.673957660794258118e-03 5.989180877804756165e-03 3.587897121906280518e-02 3.463267534971237183e-02 5.012394394725561142e-03 3.855264186859130859e-02 4.127493500709533691e-02 3.768446855247020721e-03 2.105511911213397980e-02 4.181960597634315491e-02 3.950066119432449341e-02 2.635452337563037872e-02 2.836913429200649261e-02 2.856944873929023743e-02 1.394730433821678162e-02
4.284437745809555054e-03 5.441221874207258224e-03 1.867391169071197510e-02 1.655241250991821289e-01 2.557817399501800537e-01 7.007843232713639736e-04 1.085359416902065277e-02 4.772882536053657532e-02 1.774724945425987244e-02 9.567702189087867737e-03 1.066164392977952957e-02 1.272304332815110683e-03 1.104469131678342819e-02 7.707835640758275986e-03 9.414162486791610718e-03 2.666158974170684814e-02 3.197616338729858398e-02 6.591281294822692871e-02 9.580042213201522827e-02 4.928951151669025421e-03 1.907368563115596771e-02 1.081379037350416183e-02 1.296033803373575211e-02 6.777392234653234482e-03 2.004029415547847748e-02 4.307375848293304443e-02 2.418207190930843353e-02 2.182721160352230072e-02 4.133778065443038940e-02 3.077888162806630135e-03 4.836839064955711365e-02 1.261699199676513672e-02 6.628154963254928589e-02 1.160202454775571823e-02 6.275247037410736084e-02 2.193524874746799469e-02 2.555086463689804077e-02 1.585399918258190155e-02 7.115925103425979614e-02 1.339306533336639404e-01 4.262010380625724792e-02 1.634207181632518768e-02 6.883943919092416763e-03 4.911751952022314072e-03 7.626262493431568146e-03 1.213454827666282654e-02 4.756807815283536911e-03 1.097642537206411362e-02 2.429646998643875122e-02 1.508163381367921829e-02 1.784238778054714203e-02 3.780725225806236267e-02 6.197952479124069214e-02 2.855780720710754395e-02 2.444107457995414734e-02 2.188517525792121887e-02 3.551581129431724548e-02 3.955576196312904358e-02 1.789233181625604630e-03 3.161365911364555359e-02 1.701486110687255859e-02 9.775058925151824951e-02 7.479240000247955322e-02 1.187313646078109741e-01 2.911968529224395752e-02 6.031712517142295837e-02 4.453547298908233643e-03 1.371941063553094864e-02 2.343179285526275635e-02 4.481854289770126343e-02 3.009702637791633606e-02 5.680875107645988464e-02 1.188748553395271301e-01 9.756711870431900024e-02 1.434956192970275879e-01 9.732418507337570190e-02 1.515281479805707932e-02 1.523853279650211334e-03 4.234784748405218124e-03 4.323851026128977537e-04 1.658792421221733093e-02 1.895764283835887909e-02 1.243380382657051086e-01 2.208456397056579590e-01 2.901552710682153702e-03 5.662880837917327881e-03 2.852029865607619286e-03 2.623098529875278473e-02 3.177893906831741333e-02 2.459831722080707550e-02 3.105640970170497894e-02 1.515034819021821022e-03 2.586233802139759064e-02 1.155238412320613861e-02 3.800252825021743774e-02 8.345628157258033752e-03 1.850926503539085388e-02 1.375528890639543533e-02 1.814659498631954193e-02 1.786752790212631226e-02 3.614311292767524719e-02 3.741906583309173584e-02 3.607551753520965576e-02 3.815298900008201599e-02 2.963226288557052612e-02 1.509175598621368408e-01 1.198817323893308640e-02 1.243564207106828690e-02 8.034286089241504669e-03 5.668489634990692139e-02 1.706915721297264099e-02 4.111851379275321960e-02 1.401769369840621948e-02 1.024685613811016083e-02 1.157321631908416748e-01 6.784277502447366714e-03
9.215439110994338989e-02 8.858811855316162109e-02 3.215257078409194946e-02 3.055923804640769958e-02 7.007843232713639736e-04 1.805079579353332520e-01 1.091312468051910400e-01 2.914368920028209686e-02 3.180604055523872375e-02 1.057065837085247040e-02 6.585144251585006714e-02 4.391665756702423096e-02 5.850297212600708008e-02 4.196781292557716370e-02 1.760747469961643219e-02 1.142162643373012543e-02 9.845073334872722626e-03 1.506154425442218781e-02 3.999888896942138672e-03 1.265120320022106171e-02 1.320968195796012878e-02 9.136383421719074249e-03 3.268330916762351990e-02 2.224332280457019806e-02 1.370706222951412201e-02 6.187186227180063725e-04 1.011464931070804596e-02 4.741059988737106323e-02 2.980643883347511292e-02 3.534388914704322815e-02 5.780367646366357803e-03 1.463295798748731613e-02 1.081694010645151138e-02 2.732128137722611427e-03 2.039434947073459625e-02 2.874098159372806549e-02 2.213996089994907379e-02 6.602312438189983368e-03 1.803401112556457520e-02 4.097897559404373169e-02 2.567746443673968315e-03 1.346062216907739639e-02 7.089903112500905991e-03 4.233772866427898407e-03 7.756695616990327835e-03 3.594759618863463402e-03 8.800119906663894653e-02 4.883277043700218201e-02 6.613964680582284927e-03 9.152094833552837372e-03 2.222416922450065613e-03 1.249697641469538212e-03 2.687884494662284851e-02 1.267192699015140533e-02 8.044860325753688812e-03 2.328708395361900330e-02 2.368341898545622826e-03 8.297907188534736633e-03 2.536529302597045898e-02 1.687689311802387238e-02 4.772669635713100433e-03 1.331422757357358932e-02 2.544808574020862579e-02 1.616619341075420380e-02 7.018695119768381119e-03 1.675636135041713715e-02 6.919961422681808472e-03 8.879534900188446045e-03 8.163192251231521368e-05 7.088124752044677734e-03 1.010870188474655151e-02 9.918575175106525421e-03 1.037912629544734955e-02 1.029428560286760330e-02 7.013381458818912506e-03 4.733526147902011871e-04 1.523336861282587051e-02 5.176392383873462677e-03 1.135335583239793777e-02 3.275518538430333138e-03 3.104659914970397949e-02 2.290307730436325073e-02 9.090834297239780426e-03 8.192618377506732941e-03 2.000178210437297821e-02 3.138541942462325096e-04 5.656676366925239563e-03 2.612130716443061829e-02 4.579126089811325073e-02 2.455984987318515778e-02 2.936976402997970581e-02 5.052220541983842850e-03 3.302525356411933899e-02 2.061204425990581512e-02 3.737570485100150108e-03 7.286419626325368881e-03 1.540409121662378311e-02 6.919793668203055859e-04 1.280488912016153336e-02 7.858349941670894623e-03 3.064154181629419327e-03 3.858937183395028114e-03 5.711158737540245056e-03 2.327982708811759949e-02 9.097042493522167206e-03 9.256564080715179443e-03 4.576060455292463303e-03 4.994771257042884827e-02 6.613202858716249466e-03 1.062266901135444641e-02 2.544555813074111938e-02 1.460970472544431686e-02 9.321352466940879822e-03 2.022398635745048523e-03 1.676787249743938446e-02 3.972755745053291321e-03
7.490086555480957031e-02 8.803025633096694946e-02 5.239683017134666443e-02 3.890209645032882690e-02 1.085359416902065277e-02 1.091312468051910400e-01 1.867017149925231934e-01 4.208558425307273865e-02 2.507567033171653748e-02 1.033489871770143509e-02 6.228468194603919983e-02 3.709115460515022278e-02 6.084338948130607605e-02 4.013626277446746826e-02 2.371674031019210815e-02 3.516993718221783638e-03 1.388818491250276566e-03 1.127224043011665344e-02 1.203185785561800003e-02 1.421787310391664505e-02 1.836588978767395020e-02 1.802494376897811890e-02 3.074207715690135956e-02 2.806941233575344086e-02 1.835970766842365265e-02 9.660345502197742462e-03 3.340072231367230415e-03 4.330316931009292603e-02 2.402776852250099182e-02 3.327304124832153320e-02 9.122929535806179047e-03 1.857460848987102509e-02 1.784107089042663574e-02 7.339563686400651932e-03 1.604188606142997742e-02 3.056508861482143402e-02 2.234482765197753906e-02 3.489364404231309891e-03 2.284268848598003387e-02 3.626300394535064697e-02 1.838014810346066952e-03 6.803596857935190201e-03 5.886337021365761757e-04 2.817446924746036530e-02 4.413064103573560715e-03 6.580805871635675430e-03 8.215038478374481201e-02 7.099630683660507202e-02 4.733998328447341919e-03 9.341147379018366337e-04 1.150345616042613983e-02 1.179969776421785355e-02 1.074964832514524460e-02 1.090671680867671967e-02 9.566655382513999939e-03 1.388088427484035492e-02 2.762002404779195786e-03 4.102351609617471695e-03 2.695530187338590622e-03 1.314976438879966736e-02 8.363693021237850189e-03 7.185454480350017548e-03 2.951492182910442352e-02 8.973400690592825413e-04 4.507986363023519516e-03 2.492294088006019592e-02 8.623701520264148712e-03 1.185527257621288300e-02 2.603828208521008492e-03 5.988530348986387253e-03 6.433301139622926712e-03 5.567276850342750549e-03 1.281440909951925278e-02 2.616452751681208611e-03 1.491400506347417831e-02 3.518270968925207853e-04 9.304021485149860382e-03 6.681274389848113060e-04 3.348035272210836411e-03 7.025520317256450653e-03 3.822075203061103821e-02 2.340545132756233215e-02 4.096352960914373398e-03 9.604459046386182308e-04 1.180090196430683136e-02 3.832790767773985863e-03 6.389910820871591568e-03 2.294685691595077515e-02 3.218283504247665405e-02 2.777386642992496490e-02 3.278559446334838867e-02 4.852473270148038864e-03 4.596304893493652344e-02 2.528667822480201721e-02 2.415850758552551270e-03 1.316546183079481125e-02 3.798189014196395874e-02 3.997070342302322388e-02 9.054421447217464447e-03 4.934476688504219055e-03 1.581968244863674045e-04 1.221098791575059295e-04 1.168427243828773499e-02 7.715926971286535263e-03 2.300022169947624207e-02 1.544298487715423107e-03 1.928141154348850250e-02 5.600312724709510803e-02 7.342910859733819962e-03 1.735916361212730408e-02 2.737785223871469498e-03 3.142503323033452034e-03 1.893563545309007168e-03 1.465733628720045090e-02 1.223561726510524750e-02 5.527220200747251511e-03
1.329767983406782150e-02 1.124467421323060989e-02 1.787293404340744019e-01 4.223319143056869507e-02 4.772882536053657532e-02 2.914368920028209686e-02 4.208558425307273865e-02 2.117888331413269043e-01 1.505287457257509232e-02 2.876780368387699127e-02 2.506699971854686737e-02 9.827643632888793945e-03 3.709053248167037964e-02 1.119699794799089432e-02 9.603679925203323364e-02 2.068749890895560384e-04 2.291799610247835517e-04 4.425207525491714478e-02 1.444808556698262691e-03 4.106092266738414764e-03 1.369265280663967133e-02 6.371204555034637451e-02 7.370015140622854233e-03 7.137282285839319229e-03 3.018685802817344666e-02 2.600761502981185913e-02 6.918966770172119141e-03 5.018754396587610245e-03 3.740335255861282349e-02 1.450325269252061844e-02 1.947065815329551697e-02 1.204456435516476631e-03 1.293994300067424774e-02 9.368702769279479980e-03 1.157112140208482742e-02 1.896269060671329498e-02 4.624591674655675888e-04 1.229354087263345718e-02 2.356487093493342400e-03 1.109442207962274551e-03 5.007572937756776810e-03 1.140468008816242218e-02 2.382285334169864655e-02 7.212282717227935791e-02 1.047086715698242188e-02 4.203304182738065720e-03 5.425133556127548218e-02 4.404067248106002808e-02 4.719093907624483109e-03 4.484497476369142532e-03 5.732623115181922913e-02 3.396633639931678772e-02 8.714099414646625519e-03 2.225696854293346405e-02 8.757462725043296814e-03 5.146141629666090012e-03 9.839004836976528168e-03 1.724477484822273254e-02 1.126756053417921066e-02 3.005672618746757507e-02 2.367805130779743195e-02 9.173369966447353363e-03 1.449042465537786484e-02 3.433857578784227371e-03 7.760705891996622086e-03 6.041273940354585648e-03 2.210508473217487335e-02 2.601241320371627808e-02 2.183272317051887512e-02 3.892876207828521729e-02 2.596492879092693329e-02 2.660788409411907196e-02 2.654700167477130890e-02 9.192848578095436096e-03 3.748448938131332397e-02 1.168428082019090652e-02 2.318471670150756836e-03 7.042049895972013474e-03 5.211689975112676620e-03 9.459442459046840668e-03 2.409341186285018921e-01 1.090774014592170715e-01 2.952048555016517639e-02 1.423808932304382324e-02 3.686032956466078758e-03 1.847817003726959229e-02 1.218557730317115784e-01 2.445759810507297516e-02 4.026782233268022537e-03 2.299598976969718933e-02 5.555067211389541626e-02 4.426206648349761963e-02 3.721401467919349670e-02 3.641870990395545959e-02 1.016773842275142670e-02 2.368104644119739532e-02 1.626076735556125641e-02 1.846422255039215088e-02 1.851421222090721130e-02 2.084307372570037842e-02 2.935628965497016907e-02 3.711682930588722229e-02 1.525868754833936691e-02 5.392343178391456604e-02 2.454627119004726410e-02 7.221017964184284210e-03 1.394974184222519398e-03 1.540705654770135880e-02 4.576657956931740046e-04 7.976603694260120392e-03 3.772595524787902832e-02 5.555987358093261719e-02 8.088996633887290955e-03 2.852513222023844719e-03 5.450776219367980957e-02 5.027430132031440735e-03
1.240015588700771332e-02 1.968980766832828522e-03 2.370793558657169342e-02 1.118176989257335663e-02 1.774724945425987244e-02 3.180604055523872375e-02 2.507567033171653748e-02 1.505287457257509232e-02 1.918633729219436646e-01 5.161167308688163757e-02 4.348397720605134964e-03 3.861517831683158875e-02 3.031900152564048767e-03 3.374418988823890686e-02 6.243425305001437664e-04 1.868501119315624237e-02 1.366901677101850510e-02 2.694240584969520569e-02 8.120011538267135620e-03 9.835457429289817810e-03 9.359155083075165749e-04 1.486327499151229858e-02 3.812155872583389282e-02 3.381676971912384033e-02 1.100710872560739517e-02 2.530702156946063042e-03 5.794102326035499573e-03 2.404422126710414886e-02 4.062942694872617722e-03 1.443792693316936493e-02 6.398280966095626354e-04 8.366643305635079741e-05 4.025120753794908524e-03 7.944107986986637115e-03 4.024684894829988480e-03 5.186121445149183273e-03 1.982270041480660439e-03 2.808191580697894096e-03 1.440656092017889023e-02 3.055181168019771576e-02 3.335616365075111389e-02 4.564247280359268188e-02 3.369420021772384644e-02 2.957529388368129730e-02 3.096922300755977631e-02 2.344068512320518494e-02 2.626516856253147125e-02 2.036952041089534760e-02 3.709816187620162964e-02 2.586228772997856140e-02 1.603984460234642029e-02 2.520050294697284698e-02 3.437607362866401672e-02 3.784993290901184082e-02 2.953501231968402863e-02 1.254169922322034836e-02 9.007195010781288147e-03 5.696485284715890884e-03 1.758776605129241943e-02 1.196575909852981567e-02 1.685447245836257935e-02 2.366869710385799408e-03 1.806488819420337677e-02 2.425489015877246857e-03 5.339131224900484085e-03 5.289153195917606354e-03 7.739792577922344208e-03 7.814866490662097931e-03 3.749039769172668457e-02 7.074690423905849457e-03 2.362993918359279633e-02 1.313355937600135803e-02 6.305385380983352661e-03 1.192379044368863106e-03 1.578452065587043762e-02 1.055523171089589596e-03 6.847535818815231323e-02 5.433747172355651855e-02 3.753431513905525208e-02 2.701031602919101715e-02 8.055934449657797813e-04 2.911979565396904945e-03 3.585626929998397827e-02 1.606022939085960388e-02 2.153663896024227142e-02 1.490705087780952454e-02 3.219435689970850945e-03 6.198689807206392288e-03 5.007474869489669800e-02 3.205076232552528381e-02 1.771889999508857727e-02 1.347146462649106979e-02 8.813505992293357849e-03 4.673432093113660812e-03 3.844165708869695663e-03 2.076762029901146889e-03 2.525539137423038483e-02 3.919471800327301025e-02 3.782051429152488708e-02 2.883572503924369812e-02 4.669605288654565811e-03 1.394623308442533016e-03 3.117437881883233786e-04 1.420927699655294418e-02 2.419286407530307770e-03 2.776872366666793823e-02 1.089053228497505188e-02 7.570298854261636734e-03 9.226141497492790222e-03 1.172854658216238022e-02 4.041660949587821960e-02 4.847426339983940125e-02 1.941747032105922699e-02 2.241757325828075409e-02 6.470844964496791363e-04 1.078473031520843506e-02
2.550343284383416176e-03 9.468606673181056976e-03 1.705904863774776459e-02 4.491984378546476364e-03 9.567702189087867737e-03 1.057065837085247040e-02 1.033489871770143509e-02 2.876780368387699127e-02 5.161167308688163757e-02 1.871852278709411621e-01 1.674272865056991577e-02 9.475085884332656860e-03 1.047656685113906860e-02 1.695766672492027283e-02 2.210399508476257324e-02 6.094675511121749878e-03 1.940452307462692261e-02 1.969342492520809174e-02 3.986735269427299500e-02 1.752026291796937585e-04 6.588887423276901245e-03 4.123875871300697327e-03 1.577825099229812622e-02 2.793094702064990997e-02 5.976430606096982956e-03 1.004394516348838806e-02 8.147395215928554535e-03 2.166122896596789360e-03 3.050994360819458961e-03 5.767531227320432663e-03 6.334678735584020615e-03 1.131146680563688278e-02 7.413476705551147461e-03 2.219902910292148590e-02 3.849514061585068703e-03 4.073625896126031876e-03 7.009242661297321320e-03 5.085421144030988216e-04 2.646155282855033875e-02 9.039248339831829071e-03 1.201668009161949158e-02 2.981579117476940155e-02 3.555840253829956055e-02 2.088839560747146606e-02 1.605470478534698486e-02 2.061557769775390625e-02 1.639616861939430237e-02 5.006684456020593643e-03 3.106029704213142395e-02 6.307121366262435913e-02 4.039903171360492706e-03 1.590176299214363098e-02 2.496276982128620148e-02 5.173451825976371765e-02 3.878294676542282104e-02 6.764510273933410645e-02 9.940993040800094604e-03 1.810226775705814362e-02 3.102366998791694641e-02 2.056034468114376068e-02 2.231656573712825775e-02 2.895409800112247467e-02 1.664824900217354298e-03 9.797535836696624756e-03 3.942419774830341339e-03 5.223272833973169327e-03 1.759156771004199982e-02 4.589000251144170761e-03 2.869595587253570557e-02 1.205428037792444229e-02 4.218570142984390259e-02 4.889984615147113800e-03 7.819858379662036896e-03 2.506108768284320831e-02 2.139596641063690186e-02 4.024692811071872711e-03 2.915907464921474457e-02 6.379732489585876465e-02 1.672305166721343994e-02 5.000391229987144470e-02 2.049980248557403684e-04 4.857835359871387482e-03 2.252585068345069885e-02 6.256785243749618530e-03 1.167905051261186600e-02 3.483781963586807251e-02 2.074753679335117340e-02 1.768181659281253815e-02 1.929189078509807587e-02 4.730585590004920959e-02 1.698509231209754944e-02 4.637887235730886459e-03 7.015627808868885040e-03 3.683060349430888891e-04 6.030669435858726501e-03 1.905309781432151794e-02 3.176655247807502747e-02 3.142444789409637451e-02 2.090976014733314514e-02 2.523862197995185852e-02 8.700043508724775165e-06 1.577157713472843170e-02 1.672926731407642365e-02 8.527452126145362854e-03 3.043000772595405579e-02 4.266303777694702148e-02 1.417127810418605804e-02 5.635522305965423584e-03 1.214202400296926498e-02 3.462485037744045258e-04 2.866097539663314819e-02 1.839681901037693024e-02 1.114487275481224060e-02 2.118319831788539886e-02 3.058636561036109924e-03 1.543157850392162800e-03
7.809232175350189209e-02 6.823735684156417847e-02 1.976035349071025848e-02 3.404322080314159393e-03 1.066164392977952957e-02 6.585144251585006714e-02 6.228468194603919983e-02 2.506699971854686737e-02 4.348397720605134964e-03 1.674272865056991577e-02 1.748115718364715576e-01 1.890984922647476196e-02 8.117536455392837524e-02 2.040039375424385071e-02 4.518508911132812500e-02 1.629610918462276459e-02 1.207670755684375763e-02 1.014464162290096283e-02 1.287539256736636162e-03 3.109036246314644814e-03 5.823315121233463287e-03 3.980059549212455750e-02 1.844208128750324249e-02 1.025210134685039520e-02 1.368074771016836166e-02 1.379930973052978516e-02 1.734717562794685364e-02 2.171942032873630524e-02 1.689566485583782196e-02 1.956424303352832794e-02 2.292509377002716064e-02 1.478292699903249741e-02 6.651117932051420212e-03 1.983057335019111633e-02 1.836982183158397675e-02 1.793475076556205750e-02 1.096599269658327103e-02 9.410369209945201874e-03 1.787289604544639587e-02 2.343779616057872772e-02 2.745658159255981445e-02 1.509694266133010387e-04 5.124016199260950089e-03 2.617981284856796265e-03 2.161956951022148132e-02 1.759465970098972321e-02 3.867869079113006592e-02 2.361839637160301208e-02 2.131584845483303070e-02 8.168502710759639740e-03 8.631798438727855682e-03 1.158824376761913300e-02 3.883169963955879211e-02 2.122426638379693031e-03 1.559434831142425537e-02 3.376228734850883484e-02 1.071665436029434204e-02 1.314582303166389465e-02 4.116117954254150391e-02 5.586563609540462494e-03 1.140116807073354721e-02 4.811296239495277405e-03 2.552136592566967010e-02 1.034317072480916977e-02 4.386283457279205322e-02 1.672120392322540283e-02 1.454760879278182983e-02 7.242173422127962112e-03 8.839815855026245117e-03 6.269992329180240631e-03 3.127831732854247093e-03 8.543693460524082184e-03 1.571778953075408936e-02 9.474009275436401367e-03 1.492477115243673325e-02 9.993820451200008392e-03 9.165475494228303432e-04 6.462073884904384613e-03 1.482836157083511353e-02 3.582440689206123352e-02 1.839828491210937500e-02 7.150737801566720009e-04 1.212038041558116674e-04 3.240858903154730797e-03 8.126283995807170868e-03 1.220862008631229401e-02 5.706334859132766724e-02 3.383253514766693115e-02 7.113370578736066818e-03 9.933474473655223846e-03 2.372835762798786163e-02 5.248098075389862061e-02 2.309649251401424408e-02 2.146363072097301483e-02 6.808904465287923813e-03 5.523780360817909241e-03 3.277134895324707031e-02 9.951169602572917938e-03 7.061159703880548477e-03 4.734523594379425049e-03 3.195527708157896996e-03 1.259942911565303802e-02 1.469198148697614670e-02 1.960059255361557007e-02 1.172832399606704712e-02 2.029611496254801750e-03 1.184462662786245346e-02 1.018096134066581726e-02 5.724087357521057129e-03 1.907207816839218140e-02 6.897979881614446640e-03 2.245170995593070984e-02 8.277101442217826843e-03 2.493400871753692627e-02 2.626547031104564667e-02 2.546610077843070030e-03
2.497352845966815948e-02 2.506678178906440735e-02 7.989765144884586334e-03 2.390010748058557510e-03 1.272304332815110683e-03 4.391665756702423096e-02 3.709115460515022278e-02 9.827643632888793945e-03 3.861517831683158875e-02 9.475085884332656860e-03 1.890984922647476196e-02 1.921389847993850708e-01 1.429340895265340805e-02 6.081057339906692505e-02 1.403846312314271927e-02 2.126281149685382843e-02 1.468363124877214432e-02 9.985620155930519104e-03 2.739899093285202980e-03 2.962635597214102745e-03 2.173742046579718590e-03 1.164404442533850670e-03 3.719370812177658081e-02 2.486620098352432251e-02 7.504004752263426781e-04 4.870627541095018387e-03 6.554184947162866592e-03 4.388086497783660889e-02 7.138026412576436996e-03 3.712697327136993408e-02 1.114229299128055573e-02 2.465921454131603241e-03 1.392050326103344560e-04 7.183659356087446213e-03 1.841259561479091644e-02 1.961612515151500702e-02 1.220685150474309921e-02 1.789734140038490295e-02 2.528389217332005501e-03 2.818858018144965172e-03 1.727980189025402069e-02 1.967410370707511902e-02 1.314155664294958115e-02 7.953765802085399628e-03 4.019721597433090210e-02 3.072761557996273041e-02 3.692042082548141479e-02 3.181139752268791199e-02 3.989120014011859894e-03 1.275123655796051025e-02 3.645082190632820129e-02 3.742074966430664062e-02 1.300060306675732136e-03 8.827027864754199982e-03 8.250434882938861847e-03 1.500374730676412582e-02 2.275594323873519897e-02 2.263342216610908508e-02 1.207904238253831863e-02 9.419729933142662048e-03 5.485289730131626129e-04 1.280034985393285751e-02 1.620931178331375122e-02 3.477582708001136780e-02 7.390563841909170151e-03 4.289911594241857529e-03 6.285969633609056473e-03 5.497579462826251984e-03 1.538168638944625854e-02 4.953866824507713318e-03 8.514797315001487732e-03 7.337117567658424377e-04 2.346491627395153046e-02 8.445839397609233856e-03 2.052417956292629242e-02 4.072146955877542496e-03 4.304355382919311523e-02 2.602978795766830444e-02 3.784891217947006226e-02 1.116948109120130539e-02 1.809605979360640049e-03 1.298801042139530182e-02 2.115214988589286804e-02 1.274162903428077698e-02 1.554238423705101013e-02 2.401558216661214828e-03 9.987728670239448547e-03 1.144724781624972820e-03 5.648293718695640564e-02 3.822337463498115540e-02 2.676786296069622040e-02 3.152760677039623260e-03 3.180113062262535095e-02 4.520750604569911957e-03 1.470211148262023926e-02 2.402750542387366295e-03 2.092804759740829468e-02 5.955748725682497025e-03 2.013551443815231323e-02 1.760448701679706573e-02 1.211470225825905800e-03 3.645706688985228539e-03 8.934210054576396942e-03 4.219384398311376572e-03 8.116885088384151459e-03 2.140958048403263092e-02 2.847251109778881073e-02 3.326626028865575790e-03 1.493654586374759674e-02 1.606767065823078156e-02 7.768169511109590530e-03 1.969008892774581909e-02 1.775985024869441986e-02 1.275322679430246353e-02 4.838700406253337860e-03 3.412413597106933594e-02
5.956770107150077820e-02 7.383734732866287231e-02 3.940158709883689880e-02 1.457399874925613403e-02 1.104469131678342819e-02 5.850297212600708008e-02 6.084338948130607605e-02 3.709053248167037964e-02 3.031900152564048767e-03 1.047656685113906860e-02 8.117536455392837524e-02 1.429340895265340805e-02 1.918460279703140259e-01 1.781944558024406433e-02 4.506559669971466064e-02 7.859022356569766998e-03 1.514298608526587486e-03 1.312531810253858566e-02 9.605525061488151550e-03 2.668186323717236519e-03 5.455066915601491928e-03 4.756349325180053711e-02 1.432679034769535065e-02 1.243907492607831955e-02 9.943168610334396362e-03 4.513082094490528107e-03 1.919062435626983643e-02 1.753138191998004913e-02 7.102353498339653015e-03 2.093927934765815735e-02 2.504131756722927094e-02 1.758152432739734650e-02 1.646112417802214622e-03 2.204320393502712250e-02 1.083342824131250381e-02 2.327989228069782257e-02 2.804581448435783386e-02 1.571424305438995361e-03 1.685849623754620552e-03 9.561941027641296387e-03 2.074150182306766510e-02 3.659131238237023354e-03 3.221053862944245338e-03 2.696828730404376984e-02 1.666344143450260162e-02 1.244047656655311584e-02 2.780710533261299133e-02 2.119991742074489594e-02 1.612600497901439667e-02 2.648168243467807770e-03 5.784014705568552017e-03 6.299869623035192490e-03 4.354844614863395691e-02 1.313046645373106003e-02 2.097433619201183319e-02 2.259776368737220764e-02 3.505314467474818230e-03 9.691906161606311798e-03 5.078712478280067444e-02 2.849536761641502380e-02 1.528629194945096970e-02 1.870346069335937500e-02 1.874370872974395752e-02 2.812573499977588654e-02 2.408233657479286194e-02 3.757557645440101624e-02 1.047480478882789612e-02 1.985477050766348839e-03 4.975185263901948929e-03 9.433139115571975708e-03 7.546641398221254349e-03 1.921336539089679718e-02 5.669276695698499680e-03 3.431710973381996155e-02 7.537384983152151108e-03 1.292057149112224579e-02 8.554695174098014832e-03 2.765462268143892288e-03 4.535002168267965317e-03 1.147100422531366348e-02 3.453265875577926636e-02 2.390809357166290283e-02 9.535556309856474400e-04 4.045668989419937134e-03 2.124037593603134155e-03 3.152254037559032440e-03 4.102446511387825012e-02 4.566166177392005920e-02 7.316972594708204269e-03 6.248413119465112686e-03 8.529870770871639252e-03 2.885552681982517242e-02 8.475897833704948425e-03 3.691246360540390015e-02 1.506708122178679332e-05 3.168250666931271553e-03 2.867113612592220306e-02 2.504249848425388336e-02 4.588343668729066849e-03 3.005840582773089409e-03 5.653683561831712723e-03 1.975832507014274597e-02 8.006062358617782593e-03 9.915176779031753540e-03 2.597731910645961761e-02 5.334169603884220123e-03 1.093116123229265213e-02 1.374745462089776993e-02 7.243700325489044189e-03 1.199352368712425232e-02 1.959042623639106750e-02 4.663640260696411133e-02 4.540162626653909683e-03 1.214071083813905716e-02 6.177605595439672470e-03 1.445856690406799316e-02
