1.353967636823654175e-01 1.536293327808380127e-01 3.203956177458167076e-03 8.598655462265014648e-03 1.691231504082679749e-02 1.168823316693305969e-01 1.295504420995712280e-01 8.199524134397506714e-03 1.036770921200513840e-02 6.536791473627090454e-02 1.908583194017410278e-01 2.321052737534046173e-02 1.748530119657516479e-01 2.482433430850505829e-02 5.388544872403144836e-02 3.526375221554189920e-04 1.331344805657863617e-02 3.304321318864822388e-02 2.241948805749416351e-02 1.788078434765338898e-02 2.880996325984597206e-03 8.435609936714172363e-02 1.336804870516061783e-02 2.987652458250522614e-02 4.504252690821886063e-03 4.563216120004653931e-02 6.586362421512603760e-02 5.496114608831703663e-04 2.894535474479198456e-02 9.631215594708919525e-03 2.064532414078712463e-02 2.035887353122234344e-02 4.145129118114709854e-03 1.304429676383733749e-02 1.321418397128582001e-02 1.656829193234443665e-02 6.305178627371788025e-03 3.243320807814598083e-02 1.208668295294046402e-02 1.326297596096992493e-02 2.123120613396167755e-02 2.104694489389657974e-03 4.783063754439353943e-02 5.836009047925472260e-03 1.841788925230503082e-02 2.107867598533630371e-02 4.308636114001274109e-02 5.729873105883598328e-02 8.929563686251640320e-03 1.387338619679212570e-02 3.024099208414554596e-02 3.350336104631423950e-02 5.135580152273178101e-02 3.757241740822792053e-02 2.371127717196941376e-02 3.214996308088302612e-02 5.144175607711076736e-03 6.633197516202926636e-02 3.370331972837448120e-02 1.085174456238746643e-02 8.750582113862037659e-03 4.286641627550125122e-02 2.536420151591300964e-02 1.299148984253406525e-02 4.594988003373146057e-02 3.273911774158477783e-02 4.443463683128356934e-02 3.019188903272151947e-02 6.982048042118549347e-03 3.488124534487724304e-02 2.495553717017173767e-02 3.763614594936370850e-02 1.389234885573387146e-02 2.992330305278301239e-02 2.509641274809837341e-02 5.993535742163658142e-02 1.154148671776056290e-02 1.253113429993391037e-02 1.846462301909923553e-02 4.806644469499588013e-02 3.653205186128616333e-02 6.778236012905836105e-03 1.023779695970006287e-04 2.899968996644020081e-03 1.323028281331062317e-02 7.052476052194833755e-03 5.608427803963422775e-03 2.727084420621395111e-02 9.769351221621036530e-03 1.549590192735195160e-02 4.608335345983505249e-02 3.593892976641654968e-02 6.570100039243698120e-02 1.290031056851148605e-02 2.545744366943836212e-02 3.324763104319572449e-02 1.479270588606595993e-02 6.360573321580886841e-02 1.717397384345531464e-02 1.228590589016675949e-02 1.196954748593270779e-03 2.417073026299476624e-02 6.203561089932918549e-03 6.682005478069186211e-04 4.593145567923784256e-03 3.626556321978569031e-02 7.043780758976936340e-03 2.873004414141178131e-02 6.179893761873245239e-02 3.600320219993591309e-02 1.664044917561113834e-03 2.422926761209964752e-02 6.898408755660057068e-03 9.770334698259830475e-03 4.148120805621147156e-02 1.536990422755479813e-02
1.536293327808380127e-01 1.084446683526039124e-01 4.399337619543075562e-02 3.031147178262472153e-03 2.681695669889450073e-02 6.085105985403060913e-02 1.028254926204681396e-01 3.929709643125534058e-02 2.941666869446635246e-03 1.325978338718414307e-02 1.171526238322257996e-01 1.902305893599987030e-02 1.287812590599060059e-01 5.049728322774171829e-03 4.517376795411109924e-02 3.740091621875762939e-02 4.327295348048210144e-02 4.588709026575088501e-02 8.705015294253826141e-03 4.977419599890708923e-02 5.088300630450248718e-02 2.401819918304681778e-03 3.042051009833812714e-02 9.155431762337684631e-03 2.971990406513214111e-02 2.869604900479316711e-02 4.934948310256004333e-02 3.231325745582580566e-02 5.114544183015823364e-03 7.562477258034050465e-04 2.685772627592086792e-02 1.897509582340717316e-02 5.152127891778945923e-02 3.212190419435501099e-02 4.182386025786399841e-02 4.227064549922943115e-03 3.662651777267456055e-02 1.772025413811206818e-02 1.399881765246391296e-02 2.322431886568665504e-03 5.439798813313245773e-03 3.512853384017944336e-02 4.618875682353973389e-02 3.600306063890457153e-02 1.368398405611515045e-02 6.876934785395860672e-03 3.947109729051589966e-02 6.461159884929656982e-02 3.317501395940780640e-02 2.072579413652420044e-02 4.840939119458198547e-02 2.555627562105655670e-02 2.243888750672340393e-02 2.369220741093158722e-02 6.108244508504867554e-02 2.319419011473655701e-02 2.837474225088953972e-03 2.688670344650745392e-02 4.272447526454925537e-02 2.122524939477443695e-02 2.103664912283420563e-02 1.348469126969575882e-02 4.123729094862937927e-02 8.307922631502151489e-03 2.473291382193565369e-02 9.626287035644054413e-03 9.834795258939266205e-03 1.055182516574859619e-02 4.374821111559867859e-02 2.006646245718002319e-02 1.320834923535585403e-02 4.104701057076454163e-02 7.355432957410812378e-03 2.207442000508308411e-02 2.106012217700481415e-02 5.146435275673866272e-02 3.682149806991219521e-03 4.044508188962936401e-02 2.165647782385349274e-02 3.129743039608001709e-02 2.375542931258678436e-02 2.657742239534854889e-02 1.834466005675494671e-03 2.497612871229648590e-02 4.215885698795318604e-02 3.882469981908798218e-02 2.143715694546699524e-02 5.793108604848384857e-03 6.024666875600814819e-02 2.481145784258842468e-02 4.602890089154243469e-02 6.609322037547826767e-03 5.133112892508506775e-02 1.271248608827590942e-02 1.422609947621822357e-02 7.055050134658813477e-02 3.018668852746486664e-02 2.530019963160157204e-03 6.100138649344444275e-02 2.880291081964969635e-02 5.711680278182029724e-02 1.907480508089065552e-02 2.037956006824970245e-02 3.889274224638938904e-02 1.547199673950672150e-02 2.429580502212047577e-02 1.324859727174043655e-02 5.980219691991806030e-02 4.693134501576423645e-02 7.746961712837219238e-02 1.081065274775028229e-02 3.207258880138397217e-03 2.036361396312713623e-02 1.743825711309909821e-02 1.248261798173189163e-02 2.434196509420871735e-02
3.203956177458167076e-03 4.399337619543075562e-02 1.294792536646127701e-02 2.979053184390068054e-02 2.032493054866790771e-02 2.268002554774284363e-02 1.100993249565362930e-03 1.958597153425216675e-01 1.083843708038330078e-01 2.031191252171993256e-02 2.630379609763622284e-02 7.790833711624145508e-02 2.003790065646171570e-02 7.826542854309082031e-02 7.163948565721511841e-02 3.449523821473121643e-02 1.528173685073852539e-02 5.915308743715286255e-02 3.089659847319126129e-02 8.346569724380970001e-03 2.935785055160522461e-02 2.333376370370388031e-02 1.426355820149183273e-02 6.608371436595916748e-02 1.059151440858840942e-02 6.627304945141077042e-03 1.552255079150199890e-02 3.625553101301193237e-02 2.017354033887386322e-02 6.229001097381114960e-03 2.435310184955596924e-02 2.666660584509372711e-02 3.284364566206932068e-02 5.824723094701766968e-02 2.160792611539363861e-02 1.307579223066568375e-02 5.997461825609207153e-02 2.462814189493656158e-02 1.679985970258712769e-02 3.384796530008316040e-02 1.181230247020721436e-01 3.177467361092567444e-02 1.449300721287727356e-02 6.772212684154510498e-02 1.503027789294719696e-02 1.354159601032733917e-02 1.439350843429565430e-02 8.196842973120510578e-04 3.563968092203140259e-02 3.026990219950675964e-02 1.905915141105651855e-02 7.889679819345474243e-02 2.480049431324005127e-02 8.765048347413539886e-03 7.607600651681423187e-03 3.790865838527679443e-02 1.514590065926313400e-02 4.091932252049446106e-02 4.281165450811386108e-02 4.191175103187561035e-02 4.419835656881332397e-02 3.499269485473632812e-02 1.234709657728672028e-02 1.910192519426345825e-02 1.473809126764535904e-02 5.577321350574493408e-02 3.270927071571350098e-02 4.076845943927764893e-02 2.560212044045329094e-03 7.724887132644653320e-02 4.502096772193908691e-02 1.057499740272760391e-02 9.623961523175239563e-03 6.397712975740432739e-02 5.777519568800926208e-02 3.257889999076724052e-03 3.844534233212471008e-02 4.771094396710395813e-02 7.498127967119216919e-02 2.612268738448619843e-02 8.830627799034118652e-02 1.734396070241928101e-01 7.887469977140426636e-02 1.025626435875892639e-02 1.129030715674161911e-02 3.546122089028358459e-02 5.284503847360610962e-02 5.731413513422012329e-02 1.140015479177236557e-02 7.291965931653976440e-02 8.392444998025894165e-02 2.617629431188106537e-02 1.912898942828178406e-02 3.822429850697517395e-02 9.298831224441528320e-03 4.329253360629081726e-02 1.732039451599121094e-02 5.171563476324081421e-02 7.276138663291931152e-02 4.451334848999977112e-02 1.312636397778987885e-02 8.975531160831451416e-02 6.031348183751106262e-02 2.600260265171527863e-02 7.649096101522445679e-02 2.549533965066075325e-03 5.209189280867576599e-02 1.877651736140251160e-02 6.051535159349441528e-02 5.297585204243659973e-02 4.074400663375854492e-02 4.344600439071655273e-02 6.664769351482391357e-02 9.221278131008148193e-03 1.210570894181728363e-02 2.251909486949443817e-02
8.598655462265014648e-03 3.031147178262472153e-03 2.979053184390068054e-02 9.575946629047393799e-02 2.306577265262603760e-01 3.336967527866363525e-02 1.153648458421230316e-02 6.923398468643426895e-03 3.357182815670967102e-02 2.490571141242980957e-02 2.724407799541950226e-02 4.034508019685745239e-03 2.457028068602085114e-02 3.272365033626556396e-02 4.618660360574722290e-02 1.456617470830678940e-02 1.020893827080726624e-02 8.061423897743225098e-02 1.113801300525665283e-01 1.291024964302778244e-02 4.096068069338798523e-02 4.084236547350883484e-02 3.605084493756294250e-02 5.406979843974113464e-02 6.046083569526672363e-02 4.255986958742141724e-02 3.532185405492782593e-02 1.693211868405342102e-02 5.887374747544527054e-03 7.749615237116813660e-03 4.086286574602127075e-02 1.368281804025173187e-02 3.390127792954444885e-02 2.555584348738193512e-02 1.908169873058795929e-02 3.459504991769790649e-02 3.575648367404937744e-02 2.936842478811740875e-02 2.756216749548912048e-02 1.064757108688354492e-01 6.427694112062454224e-02 4.476983100175857544e-03 2.481046877801418304e-02 6.066451221704483032e-02 4.275333136320114136e-02 2.471474744379520416e-02 6.660976447165012360e-03 6.444280967116355896e-03 3.331324458122253418e-02 6.133946776390075684e-02 2.787035889923572540e-02 5.057756230235099792e-02 2.045605704188346863e-02 2.417657338082790375e-02 2.770519116893410683e-03 7.698253542184829712e-02 6.786137819290161133e-02 4.819404706358909607e-02 4.308350384235382080e-03 2.218121290206909180e-02 1.014795079827308655e-01 7.095552235841751099e-02 4.400935024023056030e-02 2.839596942067146301e-02 4.525459930300712585e-02 4.785580560564994812e-02 1.108439937233924866e-01 3.155589569360017776e-03 2.055039256811141968e-02 1.825181767344474792e-02 2.864263078663498163e-04 7.459583226591348648e-03 1.325945407152175903e-01 5.883741006255149841e-02 1.501483619213104248e-01 3.554272279143333435e-02 2.478762343525886536e-02 5.214868113398551941e-03 7.344567216932773590e-03 4.367319494485855103e-02 1.702997274696826935e-02 3.878200426697731018e-02 9.274268895387649536e-02 6.397954374551773071e-02 2.133626304566860199e-02 1.640581898391246796e-02 4.337599035352468491e-03 5.177854746580123901e-02 2.096377126872539520e-02 2.237335778772830963e-02 3.754469007253646851e-02 8.881245553493499756e-02 2.277824655175209045e-02 2.738612145185470581e-02 3.262713551521301270e-02 3.683006390929222107e-03 2.616233937442302704e-02 6.718464940786361694e-02 3.817353397607803345e-02 2.783866971731185913e-02 7.825003936886787415e-03 3.538828715682029724e-02 2.440363913774490356e-02 5.931338667869567871e-02 7.241964805871248245e-03 4.598895087838172913e-02 1.233657170087099075e-02 2.093676850199699402e-02 4.497005790472030640e-02 1.922640949487686157e-02 2.158294804394245148e-02 3.141378611326217651e-02 5.303317680954933167e-02 1.827760227024555206e-02 1.315564662218093872e-02 2.033874392509460449e-02
1.691231504082679749e-02 2.681695669889450073e-02 2.032493054866790771e-02 2.306577265262603760e-01 6.734609603881835938e-02 3.017914108932018280e-02 5.007435684092342854e-04 1.885891705751419067e-02 2.975924126803874969e-02 1.004191115498542786e-01 2.717937715351581573e-02 5.297138541936874390e-02 8.398922160267829895e-03 3.542867954820394516e-03 1.502207759767770767e-02 4.954268038272857666e-02 9.138332679867744446e-03 3.581968694925308228e-02 4.961621388792991638e-02 4.179987311363220215e-02 1.240894943475723267e-02 1.149982679635286331e-02 3.639635397121310234e-03 3.089817240834236145e-02 5.014034360647201538e-02 4.068129882216453552e-02 1.088227052241563797e-02 4.605768993496894836e-02 5.396137014031410217e-02 5.059885606169700623e-02 5.127878859639167786e-03 1.491052447818219662e-03 7.577820215374231339e-03 2.199453487992286682e-02 6.800043862313032150e-03 3.385920822620391846e-02 2.518078871071338654e-02 1.130863092839717865e-02 3.023343347012996674e-02 8.500271290540695190e-02 6.488175690174102783e-02 1.442419644445180893e-02 1.758240163326263428e-02 7.176496088504791260e-02 1.559181045740842819e-02 2.657080302014946938e-03 1.677996292710304260e-02 2.207288704812526703e-02 1.636730507016181946e-02 3.879305720329284668e-02 2.543573081493377686e-02 4.428832232952117920e-02 1.364742405712604523e-02 2.242429740726947784e-02 2.939913608133792877e-02 8.259545266628265381e-02 1.488232333213090897e-02 5.535248294472694397e-02 4.831621423363685608e-02 5.092351138591766357e-02 9.377736598253250122e-02 8.541240543127059937e-02 2.126561664044857025e-02 4.238585010170936584e-02 2.841359470039606094e-03 5.500937998294830322e-02 9.950838238000869751e-02 2.346858941018581390e-02 2.813114412128925323e-02 3.417032584547996521e-02 4.885799437761306763e-02 2.182030305266380310e-02 1.161585152149200439e-01 8.915003389120101929e-02 1.512367129325866699e-01 4.010307416319847107e-02 2.673025801777839661e-02 4.976775497198104858e-02 6.911579985171556473e-03 1.035084202885627747e-01 1.699185930192470551e-02 1.267922203987836838e-02 5.956591665744781494e-02 9.791181981563568115e-02 1.449843030422925949e-02 2.676670253276824951e-02 4.443705454468727112e-02 2.007553912699222565e-02 3.714149445295333862e-02 4.334087669849395752e-02 1.748213544487953186e-02 7.032510638236999512e-02 1.523180282674729824e-03 2.019979245960712433e-02 6.394137442111968994e-02 2.057311311364173889e-02 7.774759829044342041e-02 6.052560731768608093e-02 5.786022543907165527e-02 9.191654622554779053e-02 3.411519899964332581e-02 3.546789288520812988e-02 2.049494162201881409e-02 4.537323862314224243e-02 3.864062577486038208e-02 6.369469314813613892e-02 1.111436169594526291e-02 1.274774409830570221e-02 3.141438355669379234e-03 2.163083851337432861e-02 6.052851211279630661e-03 8.848167024552822113e-03 2.475332282483577728e-02 5.768239032477140427e-03 2.525353059172630310e-02 2.544746547937393188e-02
1.168823316693305969e-01 6.085105985403060913e-02 2.268002554774284363e-02 3.336967527866363525e-02 3.017914108932018280e-02 1.118165478110313416e-01 1.392203718423843384e-01 1.594742387533187866e-02 2.759836427867412567e-02 3.788351640105247498e-02 1.178336590528488159e-01 5.011472105979919434e-02 9.050833433866500854e-02 7.549619674682617188e-02 2.005459181964397430e-02 4.068947210907936096e-02 5.629667639732360840e-02 1.264258474111557007e-02 5.227298662066459656e-02 2.538628503680229187e-02 9.485987015068531036e-03 1.571727357804775238e-02 4.440331831574440002e-03 4.723925888538360596e-02 8.985427208244800568e-03 2.236323989927768707e-02 1.564388722181320190e-02 9.983319789171218872e-03 3.631700575351715088e-02 4.141660034656524658e-02 8.661922998726367950e-03 7.447192817926406860e-02 2.539461851119995117e-02 4.046151041984558105e-02 2.517451159656047821e-02 3.421907126903533936e-02 5.637431889772415161e-02 2.284677512943744659e-02 3.444094210863113403e-02 3.977582091465592384e-04 1.280794292688369751e-02 2.332798205316066742e-03 3.372799372300505638e-03 2.621629834175109863e-02 3.538345918059349060e-02 1.298069767653942108e-02 1.020323634147644043e-01 8.797541260719299316e-02 4.094035550951957703e-02 3.108087927103042603e-02 2.066733082756400108e-03 4.581620171666145325e-02 4.142497479915618896e-02 1.662799529731273651e-02 2.479505492374300957e-03 5.375980213284492493e-02 2.202754607424139977e-03 1.506409980356693268e-02 3.069203533232212067e-02 2.830863185226917267e-02 1.394648291170597076e-02 2.121890895068645477e-02 1.642222329974174500e-02 3.580129891633987427e-02 4.425124824047088623e-02 3.020710684359073639e-02 1.059666834771633148e-02 9.276179596781730652e-03 9.008917957544326782e-03 4.773705080151557922e-02 2.805718779563903809e-02 5.145967751741409302e-02 3.767882287502288818e-02 6.133724004030227661e-02 1.006580702960491180e-02 5.033480376005172729e-02 2.323426119983196259e-02 1.280314475297927856e-02 2.426499314606189728e-02 1.688941568136215210e-02 5.829183384776115417e-03 4.217147827148437500e-02 5.946850404143333435e-02 2.000893466174602509e-02 2.300932072103023529e-02 1.976978778839111328e-02 2.199750766158103943e-02 8.137142285704612732e-03 4.204522818326950073e-02 3.915105015039443970e-03 6.997500546276569366e-03 5.065863020718097687e-03 3.865999402478337288e-03 2.487025968730449677e-02 3.574027121067047119e-02 8.768835105001926422e-03 2.917286381125450134e-02 5.340207740664482117e-02 1.658059656620025635e-02 9.088545106351375580e-03 3.513568267226219177e-02 3.643118217587471008e-02 1.145946234464645386e-02 4.406541585922241211e-02 1.117388717830181122e-02 1.235317625105381012e-02 1.381091214716434479e-02 4.412544425576925278e-03 1.028214767575263977e-01 2.454137802124023438e-02 4.166737571358680725e-02 2.217612043023109436e-02 9.057605639100074768e-03 9.947588667273521423e-03 1.762509159743785858e-02 2.386439964175224304e-02
1.295504420995712280e-01 1.028254926204681396e-01 1.100993249565362930e-03 1.153648458421230316e-02 5.007435684092342854e-04 1.392203718423843384e-01 1.542804390192031860e-01 4.380136728286743164e-03 5.036579072475433350e-02 2.496589347720146179e-02 9.959239512681961060e-02 3.912986069917678833e-02 9.223610907793045044e-02 2.079279720783233643e-02 2.578226104378700256e-02 6.297191232442855835e-02 4.111084714531898499e-02 4.917980358004570007e-02 2.761179953813552856e-02 3.463292866945266724e-02 3.505767881870269775e-02 3.303828090429306030e-02 8.816295303404331207e-03 5.058360286056995392e-03 1.058644428849220276e-02 5.323182418942451477e-02 5.220077931880950928e-02 5.856466293334960938e-02 1.102236751466989517e-02 7.290136534720659256e-03 1.924272440373897552e-02 5.053729191422462463e-02 8.105923421680927277e-03 4.450833424925804138e-02 4.671885631978511810e-03 1.079191733151674271e-02 4.669722169637680054e-02 3.154926002025604248e-02 2.384685166180133820e-02 5.055888742208480835e-02 1.858582906424999237e-02 2.691053785383701324e-02 2.632815204560756683e-02 6.886090151965618134e-03 3.176097199320793152e-02 1.414518337696790695e-03 9.516123682260513306e-02 1.177145689725875854e-01 2.608568221330642700e-02 3.091102465987205505e-02 3.067854419350624084e-02 3.794135898351669312e-02 5.033774301409721375e-02 4.315831884741783142e-02 4.869239404797554016e-02 1.234799716621637344e-02 2.959600649774074554e-02 3.559722099453210831e-04 7.965685799717903137e-03 9.826760739088058472e-03 2.691260538995265961e-02 1.796822063624858856e-02 1.022340077906847000e-02 5.708016455173492432e-02 2.186783030629158020e-02 2.743898518383502960e-02 2.012739656493067741e-03 1.472450979053974152e-02 2.358114533126354218e-02 6.427436321973800659e-02 7.576037663966417313e-03 2.400950714945793152e-02 5.568076297640800476e-02 9.358282387256622314e-02 3.060126118361949921e-02 5.140929669141769409e-02 1.257171668112277985e-02 4.809491802006959915e-03 1.835954189300537109e-02 3.201230987906455994e-02 1.202944107353687286e-02 4.359681531786918640e-02 4.253806546330451965e-03 3.280922770500183105e-02 2.842463180422782898e-02 6.267890421440824866e-05 3.229903429746627808e-02 2.099102549254894257e-02 2.382860146462917328e-02 3.658627718687057495e-02 1.527902111411094666e-02 1.976731047034263611e-02 2.878251858055591583e-02 3.796859830617904663e-02 2.811813913285732269e-02 4.051789641380310059e-02 1.602672040462493896e-02 3.187934309244155884e-02 2.035235613584518433e-02 2.589746436569839716e-04 4.334021732211112976e-02 6.287732720375061035e-02 3.022602573037147522e-02 3.560308739542961121e-02 4.229960218071937561e-02 4.337993264198303223e-02 1.425170432776212692e-02 5.298804864287376404e-02 1.937130279839038849e-02 4.301621019840240479e-02 2.121447399258613586e-02 2.019237726926803589e-02 4.022116307169198990e-03 2.427044510841369629e-02 1.075099129229784012e-02 2.424462512135505676e-02
8.199524134397506714e-03 3.929709643125534058e-02 1.958597153425216675e-01 6.923398468643426895e-03 1.885891705751419067e-02 1.594742387533187866e-02 4.380136728286743164e-03 4.625255987048149109e-02 4.686410352587699890e-02 4.363746941089630127e-02 1.624421402812004089e-02 6.837626569904386997e-04 6.083169952034950256e-03 2.538983523845672607e-02 2.888727560639381409e-02 1.013106200844049454e-02 1.018912624567747116e-02 4.400141164660453796e-02 1.948820054531097412e-02 1.935280859470367432e-02 4.160729050636291504e-02 1.888160477392375469e-04 4.337004572153091431e-02 5.851406231522560120e-02 3.828194690868258476e-03 3.021863102912902832e-02 4.373733326792716980e-02 1.985772280022501945e-03 2.346338890492916107e-02 2.253114059567451477e-02 2.276178263127803802e-02 1.529081445187330246e-02 5.106144584715366364e-03 6.090513430535793304e-03 6.385974586009979248e-03 2.281020395457744598e-02 2.299903333187103271e-02 7.285890728235244751e-02 2.631687559187412262e-02 7.726327329874038696e-02 5.447912961244583130e-02 5.910770595073699951e-02 2.717402018606662750e-02 1.306118071079254150e-01 2.042655646800994873e-02 5.800675228238105774e-02 4.385675489902496338e-02 5.197702441364526749e-03 1.195362210273742676e-02 4.068547487258911133e-02 3.200693428516387939e-02 6.797949969768524170e-02 2.533963322639465332e-02 4.151784256100654602e-02 1.862547360360622406e-02 5.547472834587097168e-02 4.968474432826042175e-02 5.892788991332054138e-02 2.369131892919540405e-02 3.784196742344647646e-04 2.328870072960853577e-02 7.121140137314796448e-03 6.305402610450983047e-03 2.996722422540187836e-02 3.031212138012051582e-03 1.311850175261497498e-02 1.558471936732530594e-02 1.458252500742673874e-02 3.919418435543775558e-03 2.776864543557167053e-02 4.853938519954681396e-02 1.069151423871517181e-02 5.255584139376878738e-03 5.798988044261932373e-02 3.431029990315437317e-02 1.733561605215072632e-02 7.862745970487594604e-02 1.407123729586601257e-02 5.184411257505416870e-02 1.210964005440473557e-02 1.090970858931541443e-01 7.457512617111206055e-02 1.192520279437303543e-02 4.852149635553359985e-02 2.509987726807594299e-02 1.085584685206413269e-01 4.903739318251609802e-02 3.136426582932472229e-02 3.851656615734100342e-02 3.191050514578819275e-02 3.367946296930313110e-02 8.258731104433536530e-03 4.521774500608444214e-02 2.215246669948101044e-02 1.191043853759765625e-02 5.446950439363718033e-03 1.979783177375793457e-02 1.613890379667282104e-02 1.779614365659654140e-03 1.898900605738162994e-02 1.785531453788280487e-02 3.752588108181953430e-02 7.945785298943519592e-03 2.981352619826793671e-03 4.312935099005699158e-02 1.579744927585124969e-02 1.966324448585510254e-02 3.594540059566497803e-02 6.086245179176330566e-03 2.344432659447193146e-02 2.282430185005068779e-03 1.747185550630092621e-02 4.130865633487701416e-02 5.693211033940315247e-02 5.633601546287536621e-02 6.230419501662254333e-02
1.036770921200513840e-02 2.941666869446635246e-03 1.083843708038330078e-01 3.357182815670967102e-02 2.975924126803874969e-02 2.759836427867412567e-02 5.036579072475433350e-02 4.686410352587699890e-02 4.685359820723533630e-02 1.075851842761039734e-01 1.657484332099556923e-03 7.828628271818161011e-02 7.151374220848083496e-02 6.161471363157033920e-03 9.577295184135437012e-02 4.618041589856147766e-02 1.299218926578760147e-02 1.768789887428283691e-01 1.578056137077510357e-03 8.639598265290260315e-03 4.835479706525802612e-02 4.593064263463020325e-02 9.613890945911407471e-02 1.076488345861434937e-01 4.290916956961154938e-03 4.491744935512542725e-02 2.772198058664798737e-02 3.172045946121215820e-02 9.775968641042709351e-02 3.894511982798576355e-02 5.301351100206375122e-02 2.646536566317081451e-02 4.241648688912391663e-02 2.951425872743129730e-02 4.495650157332420349e-02 7.513595372438430786e-02 3.417464718222618103e-02 6.415632087737321854e-03 3.004069207236170769e-03 2.079810202121734619e-02 4.027890786528587341e-02 1.117414329200983047e-03 4.754538089036941528e-02 1.904145255684852600e-02 4.701583459973335266e-02 3.387319296598434448e-02 3.276525298133492470e-03 5.273946002125740051e-02 1.072421949356794357e-02 4.374416172504425049e-02 9.459044784307479858e-03 2.150524407625198364e-02 4.982578009366989136e-02 2.035764902830123901e-01 6.767991930246353149e-02 8.438616245985031128e-02 3.848637640476226807e-02 1.050972752273082733e-02 3.049945831298828125e-02 4.238846525549888611e-02 4.802724346518516541e-02 9.495368227362632751e-03 5.049490556120872498e-02 1.198931038379669189e-02 3.272028639912605286e-02 3.191417828202247620e-02 4.021629318594932556e-02 4.372989013791084290e-02 3.933131694793701172e-02 7.795769721269607544e-02 1.467476412653923035e-02 1.513735577464103699e-02 2.035739133134484291e-03 5.490268394351005554e-02 4.553662240505218506e-02 4.100191220641136169e-02 1.946538984775543213e-01 1.078134328126907349e-01 1.086148917675018311e-01 8.359272778034210205e-02 5.114522948861122131e-02 6.909117102622985840e-02 5.537265911698341370e-02 3.473051637411117554e-02 3.181111440062522888e-02 1.240788213908672333e-02 3.381159901618957520e-02 3.736505052074790001e-03 8.705882728099822998e-02 3.299913369119167328e-03 3.451559320092201233e-02 1.331747975200414658e-02 2.077741920948028564e-02 6.801369041204452515e-02 9.141035377979278564e-03 2.197054028511047363e-02 3.006040677428245544e-02 7.291889935731887817e-02 4.516966175287961960e-03 5.281966924667358398e-02 4.876190796494483948e-03 3.385089337825775146e-02 2.284435927867889404e-02 4.861750453710556030e-02 4.653661511838436127e-03 6.349570117890834808e-03 5.860129371285438538e-02 5.109009798616170883e-03 3.913212195038795471e-02 1.956255175173282623e-02 1.140796393156051636e-02 3.255166113376617432e-03 6.380469352006912231e-02 6.701958365738391876e-03 5.814621970057487488e-02 1.589334104210138321e-03
6.536791473627090454e-02 1.325978338718414307e-02 2.031191252171993256e-02 2.490571141242980957e-02 1.004191115498542786e-01 3.788351640105247498e-02 2.496589347720146179e-02 4.363746941089630127e-02 1.075851842761039734e-01 9.391075372695922852e-02 1.752058044075965881e-02 5.679570510983467102e-02 3.704804927110671997e-02 4.897827282547950745e-03 2.812340855598449707e-02 1.863632537424564362e-02 5.990511178970336914e-02 5.640931427478790283e-02 8.576757460832595825e-02 2.214333787560462952e-02 2.942453138530254364e-02 1.504974346607923508e-02 4.857743158936500549e-02 1.235227733850479126e-01 2.042208611965179443e-02 4.776669200509786606e-03 6.304304301738739014e-02 3.983312845230102539e-02 2.268960326910018921e-02 1.619798876345157623e-02 2.033872902393341064e-02 1.284799724817276001e-02 2.910120785236358643e-02 5.859662778675556183e-03 8.125236257910728455e-03 1.144288387149572372e-02 2.951465919613838196e-02 7.960081845521926880e-02 4.810827970504760742e-02 1.257455628365278244e-02 7.896800525486469269e-03 1.583336852490901947e-02 3.998189792037010193e-02 4.952706396579742432e-03 3.377958014607429504e-02 1.326897889375686646e-01 2.908897213637828827e-02 4.424221441149711609e-02 2.655803412199020386e-02 1.628725230693817139e-01 3.354211151599884033e-02 5.054363608360290527e-02 3.382325917482376099e-02 5.012480169534683228e-02 1.308314781635999680e-02 9.911400079727172852e-02 6.271270662546157837e-02 1.833025738596916199e-02 2.713038027286529541e-02 6.838505715131759644e-02 1.272059511393308640e-02 9.405562654137611389e-03 1.654527150094509125e-02 6.091453135013580322e-02 4.307328164577484131e-02 2.521166391670703888e-02 5.536424368619918823e-02 5.712771043181419373e-02 6.099176127463579178e-03 1.458699442446231842e-02 3.803641721606254578e-02 4.414891824126243591e-02 3.217919915914535522e-02 3.426756709814071655e-02 2.748091891407966614e-02 3.506312891840934753e-02 4.433225095272064209e-02 2.170679271221160889e-01 4.551196843385696411e-02 2.402114719152450562e-01 5.289564654231071472e-02 2.744915708899497986e-02 7.584520429372787476e-02 2.855634689331054688e-02 2.845039777457714081e-02 4.565032944083213806e-02 1.067412924021482468e-02 3.042702935636043549e-02 6.023941561579704285e-02 1.100697368383407593e-01 1.007978431880474091e-02 8.268909156322479248e-02 7.339785993099212646e-02 4.454004392027854919e-02 3.844719380140304565e-02 2.678506262600421906e-02 1.024018675088882446e-01 4.360299557447433472e-02 7.861954718828201294e-02 6.860192120075225830e-02 3.437874093651771545e-02 4.490378871560096741e-02 1.683395169675350189e-02 5.431530252099037170e-02 5.910743772983551025e-02 2.770036272704601288e-02 6.675780750811100006e-03 6.514314562082290649e-02 9.992715716361999512e-02 4.537179321050643921e-02 4.332850687205791473e-03 7.345046848058700562e-03 3.629176318645477295e-02 1.649893261492252350e-02 1.135223358869552612e-02 1.609899103641510010e-02
1.908583194017410278e-01 1.171526238322257996e-01 2.630379609763622284e-02 2.724407799541950226e-02 2.717937715351581573e-02 1.178336590528488159e-01 9.959239512681961060e-02 1.624421402812004089e-02 1.657484332099556923e-03 1.752058044075965881e-02 1.139277294278144836e-01 6.927276495844125748e-03 1.703046113252639771e-01 5.638119298964738846e-03 7.214432582259178162e-03 5.440197885036468506e-02 1.460601948201656342e-02 3.055518306791782379e-02 4.368447884917259216e-02 9.112558327615261078e-03 6.366931833326816559e-03 1.684734411537647247e-02 1.193207036703824997e-02 5.266208201646804810e-02 6.879284512251615524e-03 1.662193238735198975e-02 5.627512186765670776e-02 3.512286394834518433e-02 5.520044267177581787e-02 1.184539683163166046e-02 6.580490618944168091e-02 3.460758179426193237e-02 5.440917238593101501e-02 2.870430005714297295e-03 5.602187942713499069e-03 4.527118802070617676e-02 3.038996644318103790e-02 2.840728498995304108e-02 5.130784958600997925e-02 3.015897795557975769e-02 1.345653203316032887e-03 2.384192682802677155e-02 4.530773032456636429e-03 3.914391249418258667e-02 2.902942523360252380e-02 1.485526561737060547e-02 5.457040295004844666e-02 4.613504931330680847e-02 5.062408000230789185e-02 4.665695875883102417e-02 1.570322923362255096e-02 2.293335832655429840e-02 8.759908378124237061e-03 3.564739227294921875e-02 3.237390145659446716e-02 1.732770167291164398e-02 3.342128545045852661e-02 1.221409905701875687e-02 8.489569649100303650e-03 5.895697697997093201e-02 6.682581733912229538e-03 2.322890050709247589e-02 4.486183077096939087e-02 1.956980116665363312e-02 7.251363247632980347e-02 3.495249897241592407e-02 1.289199851453304291e-02 1.829192042350769043e-02 1.361613813787698746e-02 1.455173548310995102e-02 4.671483486890792847e-02 6.438922882080078125e-02 4.398860968649387360e-03 2.458756975829601288e-02 1.468764990568161011e-02 3.277660533785820007e-02 4.912629351019859314e-02 2.500304020941257477e-02 3.086959011852741241e-02 1.081007812172174454e-02 5.982612445950508118e-02 2.905327826738357544e-02 8.713222108781337738e-03 5.685227457433938980e-03 1.626627636142075062e-04 3.951792791485786438e-02 7.846907526254653931e-02 4.479616880416870117e-02 1.413285639137029648e-02 4.667010903358459473e-02 2.006691321730613708e-02 4.753956571221351624e-02 2.450800687074661255e-02 4.774442315101623535e-02 5.269581079483032227e-02 5.310260131955146790e-02 3.231540694832801819e-02 3.783537074923515320e-02 2.695076726377010345e-02 3.801178187131881714e-02 2.657577628269791603e-03 2.042334340512752533e-02 3.659943118691444397e-02 1.660930365324020386e-02 2.785608358681201935e-02 4.508377239108085632e-02 3.237596526741981506e-02 1.152510382235050201e-02 5.736262351274490356e-02 2.773927524685859680e-02 2.785662002861499786e-02 2.290604636073112488e-03 5.360960960388183594e-02 4.390614479780197144e-02 4.239103291183710098e-03 1.482654176652431488e-02
2.321052737534046173e-02 1.902305893599987030e-02 7.790833711624145508e-02 4.034508019685745239e-03 5.297138541936874390e-02 5.011472105979919434e-02 3.912986069917678833e-02 6.837626569904386997e-04 7.828628271818161011e-02 5.679570510983467102e-02 6.927276495844125748e-03 8.084395527839660645e-02 3.454517945647239685e-02 1.436914503574371338e-01 6.200997158885002136e-02 1.210620068013668060e-02 4.490724578499794006e-02 3.745618462562561035e-02 8.431500941514968872e-02 6.754356902092695236e-03 2.429070323705673218e-02 6.215143203735351562e-02 7.046835124492645264e-02 3.258805721998214722e-02 2.421765215694904327e-02 3.942147642374038696e-02 1.530467998236417770e-02 4.950699955224990845e-02 3.500906005501747131e-02 2.177885919809341431e-02 2.784664183855056763e-02 1.529264170676469803e-02 4.853621125221252441e-02 3.756233304738998413e-02 2.431845478713512421e-02 2.378461882472038269e-02 6.508573424071073532e-03 6.695058941841125488e-02 2.737661451101303101e-02 4.535131528973579407e-02 3.013898245990276337e-02 7.107373792678117752e-03 8.875436149537563324e-03 4.395607858896255493e-02 9.603011608123779297e-02 4.089454654604196548e-03 1.685474812984466553e-02 7.541414350271224976e-02 4.706587642431259155e-02 8.347632829099893570e-04 6.665010005235671997e-02 5.122040584683418274e-02 4.623707849532365799e-03 2.520386362448334694e-03 6.060174107551574707e-02 3.620205074548721313e-02 8.329237997531890869e-02 7.302750647068023682e-02 6.960760802030563354e-03 1.107964664697647095e-02 8.232430554926395416e-03 3.228649869561195374e-02 6.291694473475217819e-03 5.997705273330211639e-03 5.121598765254020691e-02 4.147170111536979675e-02 2.758311852812767029e-02 3.327766433358192444e-02 5.915412679314613342e-02 1.516569964587688446e-02 4.060921818017959595e-02 3.260809695348143578e-03 4.262210801243782043e-02 6.520114839076995850e-02 1.596160605549812317e-02 1.761931180953979492e-02 8.138751983642578125e-02 4.558252170681953430e-03 5.176533758640289307e-02 3.760921210050582886e-02 3.927189973182976246e-04 6.444424390792846680e-02 4.175853729248046875e-02 4.555438458919525146e-02 3.264214145019650459e-03 2.187197841703891754e-02 2.385113574564456940e-02 1.092064846307039261e-02 1.254162937402725220e-01 5.475770309567451477e-02 5.404090881347656250e-02 5.188706144690513611e-02 4.632664844393730164e-02 3.417022153735160828e-02 9.136975742876529694e-03 1.039634179323911667e-02 4.270355682820081711e-03 5.832893401384353638e-02 9.149058721959590912e-03 3.101722523570060730e-02 4.646956548094749451e-02 1.559138111770153046e-02 3.368535079061985016e-03 3.375434875488281250e-02 4.357947781682014465e-02 3.797246515750885010e-02 1.939285546541213989e-02 3.923899680376052856e-02 3.975263237953186035e-02 1.108489930629730225e-02 2.203501947224140167e-02 2.653351239860057831e-02 1.372542174067348242e-04 1.041394285857677460e-02 8.109303191304206848e-03 2.129697985947132111e-02
1.748530119657516479e-01 1.287812590599060059e-01 2.003790065646171570e-02 2.457028068602085114e-02 8.398922160267829895e-03 9.050833433866500854e-02 9.223610907793045044e-02 6.083169952034950256e-03 7.151374220848083496e-02 3.704804927110671997e-02 1.703046113252639771e-01 3.454517945647239685e-02 1.007137224078178406e-01 8.781405165791511536e-03 4.752575978636741638e-02 2.926565147936344147e-02 1.283004600554704666e-02 2.093511261045932770e-02 5.049712583422660828e-02 6.727917119860649109e-03 5.268821120262145996e-02 3.062580246478319168e-03 8.964583394117653370e-04 2.487524785101413727e-02 9.260823018848896027e-03 7.181087974458932877e-03 3.147590532898902893e-02 1.873090118169784546e-02 1.485113520175218582e-02 2.162368595600128174e-02 5.144378170371055603e-02 3.122775815427303314e-02 4.729996994137763977e-02 1.711209490895271301e-02 2.001871913671493530e-02 3.756205365061759949e-02 1.144882477819919586e-02 1.399639155715703964e-02 4.672269895672798157e-02 3.842529281973838806e-02 8.890736848115921021e-03 2.100964309647679329e-03 2.489934489130973816e-02 1.365485251881182194e-03 7.224953174591064453e-02 6.046773120760917664e-02 3.881372511386871338e-02 4.368757829070091248e-02 3.771342337131500244e-02 1.357021182775497437e-02 1.325619313865900040e-02 1.392702665179967880e-02 2.425397187471389771e-02 5.672076717019081116e-02 3.052418120205402374e-02 2.089176140725612640e-02 2.543473057448863983e-02 2.870574779808521271e-02 1.067287568002939224e-02 4.225433990359306335e-02 3.145964443683624268e-02 2.509878762066364288e-02 4.541544988751411438e-02 3.699602559208869934e-02 9.344422072172164917e-02 6.503643840551376343e-02 2.108414098620414734e-02 7.732999511063098907e-04 8.828186546452343464e-04 4.079064819961786270e-03 6.298928707838058472e-02 6.882005929946899414e-02 2.386647101957350969e-04 1.277129352092742920e-02 1.075383462011814117e-02 4.454432427883148193e-02 8.697054348886013031e-03 1.175090819597244263e-01 7.139991968870162964e-02 9.866106510162353516e-02 1.156177558004856110e-02 2.960196323692798615e-02 8.660461753606796265e-02 5.551820620894432068e-02 2.967906743288040161e-02 1.719046384096145630e-02 3.527656197547912598e-02 9.944747202098369598e-03 1.553770247846841812e-02 2.697461098432540894e-02 6.347755435854196548e-03 1.154851168394088745e-02 2.313954010605812073e-02 2.291472256183624268e-02 2.844151668250560760e-02 2.741982974112033844e-02 2.691051736474037170e-02 2.169361151754856110e-02 2.109828032553195953e-02 3.260879218578338623e-02 3.176296874880790710e-02 2.365020662546157837e-02 2.803417155519127846e-03 3.068443760275840759e-02 6.868869066238403320e-03 1.925971941091120243e-03 6.485836952924728394e-02 3.823170438408851624e-02 1.280061062425374985e-02 3.767809644341468811e-02 2.495864592492580414e-02 1.936154626309871674e-02 2.460809424519538879e-02 3.036263026297092438e-02 4.188207909464836121e-02 2.916782686952501535e-04
