1.838860362768173218e-01 2.912420332431793213e-01 1.320528425276279449e-02 1.634782925248146057e-02 1.287115179002285004e-02 2.265343070030212402e-01 1.403439193964004517e-01 1.942618936300277710e-02 1.325346343219280243e-02 2.961548976600170135e-02 1.906751543283462524e-01 4.667396470904350281e-02 1.819840222597122192e-01 5.752708390355110168e-02 2.763454616069793701e-02 4.161734133958816528e-02 1.800901815295219421e-02 1.471188664436340332e-02 3.367664664983749390e-02 3.063996508717536926e-02 3.599021211266517639e-02 3.523388132452964783e-02 2.077123522758483887e-02 1.678370870649814606e-03 3.399911522865295410e-02 2.673967368900775909e-02 6.326042860746383667e-02 3.861064463853836060e-02 3.767946327570825815e-04 3.159346524626016617e-03 2.681791083887219429e-03 4.494759067893028259e-02 1.229415088891983032e-02 2.070087566971778870e-02 2.362628653645515442e-02 2.056224085390567780e-02 4.946573451161384583e-02 6.597705185413360596e-02 6.005857605487108231e-03 8.329231292009353638e-03 2.810352295637130737e-02 2.740319445729255676e-02 1.594888605177402496e-02 4.785750526934862137e-03 4.452411457896232605e-02 3.145740181207656860e-02 9.725283086299896240e-02 5.875553563237190247e-02 8.512718486599624157e-04 3.262515366077423096e-02 1.032257103361189365e-03 4.377347230911254883e-02 5.702233314514160156e-02 1.591994799673557281e-02 2.410668320953845978e-02 8.544719778001308441e-03 2.073873952031135559e-02 5.629303399473428726e-03 5.928990244865417480e-02 2.645388804376125336e-02 6.249965634196996689e-03 3.710171952843666077e-02 3.543232753872871399e-02 2.144237793982028961e-02 1.787198148667812347e-02 8.494243770837783813e-02 3.101475071161985397e-03 4.146906733512878418e-02 1.080561894923448563e-02 5.456017330288887024e-02 8.148336783051490784e-03 1.169937942177057266e-02 3.904965147376060486e-02 1.078603230416774750e-02 1.887588016688823700e-02 3.737589344382286072e-02 1.152497716248035431e-02 2.036378532648086548e-02 4.678016528487205505e-02 5.893591046333312988e-02 1.227314118295907974e-02 2.932598628103733063e-02 4.457068443298339844e-02 3.204179182648658752e-02 4.957635421305894852e-03 8.644578978419303894e-03 2.844929136335849762e-02 6.858141720294952393e-02 1.597985439002513885e-02 6.810212880373001099e-02 2.665536245331168175e-03 1.038471120409667492e-03 7.004120387136936188e-03 2.316510677337646484e-02 4.819496069103479385e-03 1.228795200586318970e-02 4.124890640377998352e-02 1.886819116771221161e-02 8.706111460924148560e-03 1.752987504005432129e-02 1.432503387331962585e-02 3.822188824415206909e-02 1.328906416893005371e-02 4.573699831962585449e-02 3.171793743968009949e-02 2.922120969742536545e-03 7.367552723735570908e-03 1.913007348775863647e-02 1.713537052273750305e-02 1.224895589984953403e-03 4.467507079243659973e-02 4.588859900832176208e-02 4.331741109490394592e-02 5.442853085696697235e-03 1.603797823190689087e-02 9.192159771919250488e-02
2.912420332431793213e-01 1.911219060420989990e-01 2.802097983658313751e-02 2.157609723508358002e-02 3.924792632460594177e-02 1.798758804798126221e-01 1.253895014524459839e-01 2.442325931042432785e-03 2.730862610042095184e-02 7.449940312653779984e-03 1.579247117042541504e-01 5.461351945996284485e-03 1.674739122390747070e-01 4.736917838454246521e-02 5.293047800660133362e-02 9.428224526345729828e-03 1.877619512379169464e-02 2.749645896255970001e-02 1.530425064265727997e-02 3.447758778929710388e-02 1.424606330692768097e-02 3.436846891418099403e-03 1.215902157127857208e-02 1.361383311450481415e-02 2.722335234284400940e-02 1.705101877450942993e-02 6.974188238382339478e-02 2.220932394266128540e-02 2.557475818321108818e-03 1.375665049999952316e-02 2.899880520999431610e-02 3.638810291886329651e-02 2.497064508497714996e-02 1.772570237517356873e-02 3.544633090496063232e-02 2.785706333816051483e-02 3.469604998826980591e-02 1.343442685902118683e-02 1.764724589884281158e-02 3.991224337369203568e-03 1.676984690129756927e-02 3.911436349153518677e-02 3.975751623511314392e-02 2.085116319358348846e-02 1.421259716153144836e-02 1.766635850071907043e-02 9.132502973079681396e-02 5.424104258418083191e-02 2.457420900464057922e-02 8.873406797647476196e-03 4.075758159160614014e-02 4.454602301120758057e-02 3.861304000020027161e-02 1.802124269306659698e-02 1.572988345287740231e-03 3.113131783902645111e-02 2.688519656658172607e-02 2.538736909627914429e-02 5.843948945403099060e-02 1.868646405637264252e-02 1.226964034140110016e-02 1.441958919167518616e-02 2.691028639674186707e-03 3.535434836521744728e-03 1.292174030095338821e-02 8.474393188953399658e-02 3.531464934349060059e-02 8.446020074188709259e-03 2.699216268956661224e-02 9.959456656360998750e-05 3.792578727006912231e-02 4.297977685928344727e-02 3.423765674233436584e-02 1.105963718146085739e-02 8.934297598898410797e-03 1.309636980295181274e-02 4.608582705259323120e-02 4.704349115490913391e-02 3.214855864644050598e-02 5.589640885591506958e-02 1.241013128310441971e-02 3.118619509041309357e-02 9.077298454940319061e-03 2.953247539699077606e-02 4.855833947658538818e-03 4.586776718497276306e-03 1.927786692976951599e-02 4.471120610833168030e-02 2.420773170888423920e-02 8.617604523897171021e-02 1.181364804506301880e-02 1.943602412939071655e-02 6.005816161632537842e-03 1.836274005472660065e-02 1.764021813869476318e-02 7.257019169628620148e-03 5.453153979033231735e-03 4.948377981781959534e-02 8.681601844727993011e-03 3.128191456198692322e-02 2.594799734652042389e-02 1.431868597865104675e-02 4.184065014123916626e-02 6.949931848794221878e-03 2.212873660027980804e-03 1.366214593872427940e-03 4.036391526460647583e-02 2.655331045389175415e-03 7.353102322667837143e-03 1.541007310152053833e-02 2.319352235645055771e-03 1.622022874653339386e-02 4.529142007231712341e-02 5.284669343382120132e-03 4.525448381900787354e-02 1.342055574059486389e-02
1.320528425276279449e-02 2.802097983658313751e-02 4.854765534400939941e-02 1.402881927788257599e-02 1.832400448620319366e-02 2.597912959754467010e-02 6.378355901688337326e-03 2.048602700233459473e-01 2.138923294842243195e-02 9.119844064116477966e-03 2.048634365200996399e-02 2.293172851204872131e-02 4.202070459723472595e-02 8.193080313503742218e-03 3.405205532908439636e-02 1.250820700079202652e-02 9.913085028529167175e-03 5.521051958203315735e-02 1.255000289529561996e-02 6.762683391571044922e-03 1.860345155000686646e-02 6.108855828642845154e-02 1.959689892828464508e-02 9.519118815660476685e-03 9.521847590804100037e-03 3.363002091646194458e-02 5.725328996777534485e-02 2.759190462529659271e-02 3.237495571374893188e-02 4.088599234819412231e-02 3.051493875682353973e-02 1.915724948048591614e-02 4.100989177823066711e-02 1.909427158534526825e-02 4.002117738127708435e-02 2.698273584246635437e-02 1.029613986611366272e-02 1.966707035899162292e-02 7.914329320192337036e-02 5.160737410187721252e-02 4.114656150341033936e-02 5.549512058496475220e-02 4.076309502124786377e-02 6.129631027579307556e-02 7.047956751193851233e-05 1.098380889743566513e-02 1.027651038020849228e-02 3.341363370418548584e-02 3.572091087698936462e-02 3.040363639593124390e-02 3.443809226155281067e-02 1.923630014061927795e-02 5.004077218472957611e-03 2.154838293790817261e-02 3.871210152283310890e-03 2.266648784279823303e-02 2.360983751714229584e-02 1.124425511807203293e-02 5.357529968023300171e-02 6.337353494018316269e-03 4.209570214152336121e-02 4.456871375441551208e-02 1.175187714397907257e-02 4.497080668807029724e-02 5.349615216255187988e-02 5.965925753116607666e-03 2.503810822963714600e-02 1.789444312453269958e-02 1.413585711270570755e-02 5.027253553271293640e-02 1.750368741340935230e-03 2.761721424758434296e-02 8.399286889471113682e-04 2.709496580064296722e-02 3.237847983837127686e-02 3.209174424409866333e-02 8.396060205996036530e-03 4.944521561264991760e-02 1.331624668091535568e-02 3.197021409869194031e-02 1.514267027378082275e-01 9.094681590795516968e-02 9.139513596892356873e-03 1.438071206212043762e-02 9.888833388686180115e-03 9.039823897182941437e-03 6.209541112184524536e-03 5.961650609970092773e-02 3.952190652489662170e-02 9.190157987177371979e-03 2.029804699122905731e-02 2.408759668469429016e-03 4.549632966518402100e-02 5.096570774912834167e-02 3.968587890267372131e-02 4.635983204934746027e-04 9.546987712383270264e-03 3.016844205558300018e-02 3.171508014202117920e-02 1.478462386876344681e-02 8.222362026572227478e-03 4.541305452585220337e-02 4.118610173463821411e-02 3.259928524494171143e-02 2.119194529950618744e-02 1.971665211021900177e-02 3.045619651675224304e-02 4.093847703188657761e-03 3.092433325946331024e-03 2.246676012873649597e-02 2.123671211302280426e-02 4.220014438033103943e-02 3.441004082560539246e-02 3.223670879378914833e-03 1.549156010150909424e-02 2.430533058941364288e-03
1.634782925248146057e-02 2.157609723508358002e-02 1.402881927788257599e-02 2.126041501760482788e-01 2.716177701950073242e-01 1.854811049997806549e-02 3.710411861538887024e-02 8.741100318729877472e-03 1.463088952004909515e-02 2.871578559279441833e-02 4.250154271721839905e-02 9.475992992520332336e-03 3.311431035399436951e-02 1.025345548987388611e-01 3.985912725329399109e-02 4.129518195986747742e-02 1.908652670681476593e-02 1.453320086002349854e-01 1.657783389091491699e-01 1.822727359831333160e-02 1.073362398892641068e-02 5.804144963622093201e-02 1.602579839527606964e-02 9.862328879535198212e-03 1.028658729046583176e-02 3.488861024379730225e-02 2.460458688437938690e-02 6.571216881275177002e-02 3.452662378549575806e-02 7.491012662649154663e-02 6.340877152979373932e-03 3.598298877477645874e-02 7.320324331521987915e-02 2.935654111206531525e-02 3.113259561359882355e-02 3.111701272428035736e-02 6.854153703898191452e-03 1.330382656306028366e-02 1.013550236821174622e-01 2.883332967758178711e-02 1.050069741904735565e-02 8.208483457565307617e-03 9.393708407878875732e-02 5.344733968377113342e-02 7.598334550857543945e-02 6.272127479314804077e-02 7.336935028433799744e-03 2.985023707151412964e-02 2.539006527513265610e-03 1.830427348613739014e-02 2.875104546546936035e-02 4.117056354880332947e-02 2.407185733318328857e-02 1.037620287388563156e-02 2.386012114584445953e-02 7.310160435736179352e-03 3.067169524729251862e-02 4.832595214247703552e-02 1.866664364933967590e-02 3.686607116833329201e-03 9.535080939531326294e-02 3.017941862344741821e-02 7.265291363000869751e-02 4.428119957447052002e-02 2.827781625092029572e-02 7.859090343117713928e-03 2.337648347020149231e-02 1.122472900897264481e-02 2.819624356925487518e-02 5.786347668617963791e-03 2.573480270802974701e-02 4.498020187020301819e-02 2.376831322908401489e-01 1.572310109622776508e-03 2.027085274457931519e-01 2.807407453656196594e-02 2.796628512442111969e-02 3.219068795442581177e-02 2.526689134538173676e-02 5.420417338609695435e-02 1.409439649432897568e-02 3.992005717009305954e-03 1.507925838232040405e-01 1.054152846336364746e-01 1.051477249711751938e-02 2.770013734698295593e-02 3.493963181972503662e-02 3.196525201201438904e-02 3.775560855865478516e-02 7.087054196745157242e-03 4.040665924549102783e-02 3.494566306471824646e-02 5.141370743513107300e-02 7.601997815072536469e-03 9.935987181961536407e-03 6.672544870525598526e-03 5.734941922128200531e-03 8.188746124505996704e-02 3.219753876328468323e-02 3.168039023876190186e-03 5.935458466410636902e-02 1.456813421100378036e-02 5.763344466686248779e-03 5.535120144486427307e-02 2.178578265011310577e-02 1.346143055707216263e-02 5.400435626506805420e-02 1.184908673167228699e-02 1.487484853714704514e-02 1.090127415955066681e-02 5.829956755042076111e-02 3.102616593241691589e-02 9.629343636333942413e-03 2.508509904146194458e-03 7.143662124872207642e-02 1.763663999736309052e-02
1.287115179002285004e-02 3.924792632460594177e-02 1.832400448620319366e-02 2.716177701950073242e-01 1.983118206262588501e-01 9.221332147717475891e-03 2.625029720366001129e-02 1.648467779159545898e-02 4.447464272379875183e-02 3.292066045105457306e-03 1.474699378013610840e-02 4.161929339170455933e-02 3.192473202943801880e-02 8.426608890295028687e-02 9.948031045496463776e-03 8.436348289251327515e-03 3.584307804703712463e-02 1.018448248505592346e-01 1.278680711984634399e-01 2.946726791560649872e-02 3.390933573246002197e-02 3.936483338475227356e-02 4.581074789166450500e-02 4.738434776663780212e-02 2.835842780768871307e-02 8.734962902963161469e-03 1.344543066807091236e-03 2.564168348908424377e-02 7.587989419698715210e-02 6.819956749677658081e-02 3.821769356727600098e-02 6.394996307790279388e-03 9.512662887573242188e-03 2.404807135462760925e-02 6.460545957088470459e-02 3.822515904903411865e-02 5.257733166217803955e-02 2.331935614347457886e-02 6.786110997200012207e-02 2.723655104637145996e-02 1.088619697839021683e-02 4.795682430267333984e-02 3.313866257667541504e-02 1.097514573484659195e-02 5.013412609696388245e-02 7.935354858636856079e-02 1.155553199350833893e-02 4.790677875280380249e-02 4.786098748445510864e-02 1.429777778685092926e-02 1.210668496787548065e-02 1.466619689017534256e-02 1.275530643761157990e-02 1.941885612905025482e-02 1.023200899362564087e-02 2.877243049442768097e-02 2.145431376993656158e-02 2.683693543076515198e-02 5.169971659779548645e-02 1.232578046619892120e-02 1.269009057432413101e-02 1.770099252462387085e-02 6.135183572769165039e-02 3.711761161684989929e-02 2.232455275952816010e-02 1.546370983123779297e-02 3.278924897313117981e-02 1.994253322482109070e-02 2.061620913445949554e-02 2.956217853352427483e-03 4.743520170450210571e-02 5.079622194170951843e-02 1.323035657405853271e-01 2.107081748545169830e-02 1.866315752267837524e-01 3.568398579955101013e-02 1.426215376704931259e-02 2.900845557451248169e-02 4.366656392812728882e-02 2.657768502831459045e-02 1.690951734781265259e-02 3.747072443366050720e-02 1.302030235528945923e-01 1.867566257715225220e-01 9.680167585611343384e-02 6.199079379439353943e-02 8.102212101221084595e-03 2.770707756280899048e-02 7.558960467576980591e-02 3.870315104722976685e-02 3.687123581767082214e-02 2.986049465835094452e-02 4.209550563246011734e-03 2.246371586807072163e-04 5.957785248756408691e-02 3.198768571019172668e-02 4.289618134498596191e-02 6.370363384485244751e-02 8.632065728306770325e-04 3.939289599657058716e-02 3.092011064291000366e-02 1.589696668088436127e-02 1.509870775043964386e-02 4.133430123329162598e-02 3.117447346448898315e-02 2.185064740478992462e-02 5.825895350426435471e-03 2.512967912480235100e-03 2.806099131703376770e-02 2.844015695154666901e-02 2.465767785906791687e-02 1.759412512183189392e-02 1.721724052913486958e-03 4.544556885957717896e-02 2.879772149026393890e-02 3.532405197620391846e-02
2.265343070030212402e-01 1.798758804798126221e-01 2.597912959754467010e-02 1.854811049997806549e-02 9.221332147717475891e-03 1.419971436262130737e-01 2.108571976423263550e-01 4.512751474976539612e-02 1.119672320783138275e-02 8.257279405370354652e-04 7.509015500545501709e-02 9.712786227464675903e-02 6.127916648983955383e-02 3.818983212113380432e-02 1.365047134459018707e-02 1.916057430207729340e-02 1.118002738803625107e-02 1.420280709862709045e-02 1.618011295795440674e-02 1.835183799266815186e-02 2.150148712098598480e-02 6.649231165647506714e-02 3.091247566044330597e-02 1.238145306706428528e-02 1.433420367538928986e-02 2.121840044856071472e-02 4.500083252787590027e-02 1.254407502710819244e-02 5.984785407781600952e-02 3.725078329443931580e-02 6.708648055791854858e-03 2.125778002664446831e-03 2.028173580765724182e-02 3.836182132363319397e-02 3.093329071998596191e-02 1.179652847349643707e-02 1.433988567441701889e-02 2.738406695425510406e-02 1.799852028489112854e-02 2.842490933835506439e-02 2.621321752667427063e-02 1.543376408517360687e-02 4.161779582500457764e-02 7.574320584535598755e-02 1.298365276306867599e-02 2.394580282270908356e-02 1.088993921875953674e-01 6.190525740385055542e-02 3.694966807961463928e-02 1.318991836160421371e-02 3.483230248093605042e-02 2.881350368261337280e-02 4.999862052500247955e-03 1.469049416482448578e-02 1.218122988939285278e-02 5.418053362518548965e-03 4.194086941424757242e-04 4.340585321187973022e-03 9.986894205212593079e-03 1.303418353199958801e-02 4.864234011620283127e-03 2.583662047982215881e-02 1.551197376102209091e-02 6.864102557301521301e-03 1.320827193558216095e-02 4.580104723572731018e-02 4.290369339287281036e-03 2.265312895178794861e-02 4.794800654053688049e-03 5.065870657563209534e-02 7.962447591125965118e-03 4.250144958496093750e-02 2.172944135963916779e-02 1.884309388697147369e-02 1.156143099069595337e-02 1.174278557300567627e-02 1.537800021469593048e-02 2.719810418784618378e-02 4.643904790282249451e-02 8.602347970008850098e-02 4.281549528241157532e-02 5.493033677339553833e-02 5.269829556345939636e-02 4.452492110431194305e-03 2.765858918428421021e-02 3.037966974079608917e-02 5.226900801062583923e-03 5.054825916886329651e-02 4.795219004154205322e-02 2.134734578430652618e-02 4.363309592008590698e-02 3.462824225425720215e-02 1.355905365198850632e-02 1.081951428204774857e-02 3.861049190163612366e-02 1.749392785131931305e-02 3.503014799207448959e-03 3.154329606331884861e-04 1.119949109852313995e-02 3.666793555021286011e-02 1.591757126152515411e-02 4.902115091681480408e-03 2.306389063596725464e-02 1.430780999362468719e-02 3.581406548619270325e-02 3.442762792110443115e-02 8.010532706975936890e-03 1.333861984312534332e-02 1.641109399497509003e-02 7.162208855152130127e-02 4.860183969140052795e-02 1.080074068158864975e-02 1.341371610760688782e-02 6.512917578220367432e-02 1.037482768297195435e-01 5.489193648099899292e-02
1.403439193964004517e-01 1.253895014524459839e-01 6.378355901688337326e-03 3.710411861538887024e-02 2.625029720366001129e-02 2.108571976423263550e-01 1.163149178028106689e-01 5.792738124728202820e-02 1.719136908650398254e-02 1.098342053592205048e-02 2.270071581006050110e-02 3.517657518386840820e-03 2.374470047652721405e-02 4.890810698270797729e-02 4.528135806322097778e-02 1.520387455821037292e-02 1.769906468689441681e-02 4.818252346012741327e-04 2.679715119302272797e-02 2.132013440132141113e-03 2.381834574043750763e-02 1.900533400475978851e-02 8.830936625599861145e-03 8.393744355998933315e-04 6.760529242455959320e-03 8.911708369851112366e-03 4.911297559738159180e-02 1.453660149127244949e-02 4.383950680494308472e-02 1.726952567696571350e-02 4.158797860145568848e-02 9.863986633718013763e-03 1.425417698919773102e-02 3.691168874502182007e-02 1.429079845547676086e-02 1.020627329126000404e-03 1.439938554540276527e-03 3.432228416204452515e-02 1.421585772186517715e-02 9.960787370800971985e-03 3.725096210837364197e-02 1.259864680469036102e-02 6.415730342268943787e-03 6.415542215108871460e-02 9.170058183372020721e-03 2.890693210065364838e-02 9.892728179693222046e-02 1.200780197978019714e-01 1.559091079980134964e-02 2.795674651861190796e-02 3.781459107995033264e-02 2.436176687479019165e-02 3.408947959542274475e-02 1.692556403577327728e-02 1.129828300327062607e-02 3.064913302659988403e-02 3.744631633162498474e-02 2.490837499499320984e-02 5.857663694769144058e-03 1.218539313413202763e-03 2.180457860231399536e-02 3.033993765711784363e-02 2.551365830004215240e-02 2.627359516918659210e-02 5.656276643276214600e-02 4.975960589945316315e-03 1.166864950209856033e-02 2.761491015553474426e-02 9.931550361216068268e-03 2.232225798070430756e-02 1.045690942555665970e-02 3.032771125435829163e-02 1.281759794801473618e-02 4.525281488895416260e-03 1.970662176609039307e-02 2.081772312521934509e-02 2.258317917585372925e-02 1.924191042780876160e-02 4.306432232260704041e-02 3.026269003748893738e-02 3.126426413655281067e-02 3.191550821065902710e-02 3.100345283746719360e-02 3.505448997020721436e-02 7.546728011220693588e-03 1.840661838650703430e-02 7.068084087222814560e-04 5.169236287474632263e-02 1.109629776328802109e-02 8.068312890827655792e-03 3.881905972957611084e-02 3.706727176904678345e-02 5.781807750463485718e-02 5.709248594939708710e-03 1.960629969835281372e-02 8.116113953292369843e-03 4.092999268323183060e-03 3.720446676015853882e-02 1.231807563453912735e-02 1.636315882205963135e-02 1.176264509558677673e-02 5.738810868933796883e-04 9.120698086917400360e-04 4.430179297924041748e-02 2.409534528851509094e-02 1.704975403845310211e-02 2.093879319727420807e-02 4.621040821075439453e-02 3.126010298728942871e-02 1.604931987822055817e-02 3.420909866690635681e-02 2.339963801205158234e-02 4.847037140280008316e-03 3.749243170022964478e-02 6.245282292366027832e-02 5.396812036633491516e-02
1.942618936300277710e-02 2.442325931042432785e-03 2.048602700233459473e-01 8.741100318729877472e-03 1.648467779159545898e-02 4.512751474976539612e-02 5.792738124728202820e-02 7.975761592388153076e-02 4.090110585093498230e-02 3.516490012407302856e-02 7.554640527814626694e-03 1.993544772267341614e-02 3.065894916653633118e-02 6.550748646259307861e-02 5.313681811094284058e-02 1.278645731508731842e-02 6.295184139162302017e-03 3.675248473882675171e-02 7.823769003152847290e-03 3.914991766214370728e-02 1.242709439247846603e-02 2.376826293766498566e-02 9.802239947021007538e-04 1.234069466590881348e-02 7.303802762180566788e-03 3.276474308222532272e-03 2.952431887388229370e-02 8.413807954639196396e-04 9.606100618839263916e-03 7.949486025609076023e-04 2.612947719171643257e-03 3.710741875693202019e-03 1.369249261915683746e-02 5.577102419920265675e-04 2.250225469470024109e-02 6.025125086307525635e-02 3.971421346068382263e-02 1.075322274118661880e-02 3.168228641152381897e-02 4.965543374419212341e-02 1.198880933225154877e-02 1.325383968651294708e-02 2.849838882684707642e-02 5.984802264720201492e-03 5.393996089696884155e-02 1.969218626618385315e-02 1.616340875625610352e-02 3.331536799669265747e-02 1.461935322731733322e-02 1.601963490247726440e-02 6.643380969762802124e-02 6.798698008060455322e-02 1.912490278482437134e-02 5.952561274170875549e-03 3.811790049076080322e-02 5.888184998184442520e-03 4.749840591102838516e-03 6.772679742425680161e-03 2.672111243009567261e-02 2.519138529896736145e-02 4.523670300841331482e-03 4.431569948792457581e-02 1.892228797078132629e-02 3.701693564653396606e-02 4.594437405467033386e-02 3.283934667706489563e-02 1.600314490497112274e-02 2.531513944268226624e-02 9.338081814348697662e-03 3.041804581880569458e-02 3.141842037439346313e-02 4.106018692255020142e-02 7.358540780842304230e-03 9.467377327382564545e-03 1.943736337125301361e-02 2.690845541656017303e-02 7.996696978807449341e-03 5.150281824171543121e-03 2.855258621275424957e-02 4.858318716287612915e-03 1.403256952762603760e-01 1.194706931710243225e-01 4.138267785310745239e-02 1.369634643197059631e-02 5.596816912293434143e-02 5.808560177683830261e-02 4.543684422969818115e-02 1.104234457015991211e-01 3.986873105168342590e-02 1.028047315776348114e-02 2.424842491745948792e-02 3.173328191041946411e-02 1.036353781819343567e-02 1.613694988191127777e-02 5.708355456590652466e-03 9.976556524634361267e-03 7.316051516681909561e-03 8.208001032471656799e-03 3.115069121122360229e-02 1.921612769365310669e-02 2.580025000497698784e-03 3.067377209663391113e-02 5.455258302390575409e-03 2.569854073226451874e-02 3.901005536317825317e-02 5.431898403912782669e-03 3.203205019235610962e-02 7.372135296463966370e-03 1.071725739166140556e-03 2.474463358521461487e-02 1.859362609684467316e-02 2.857472188770771027e-02 2.990943007171154022e-02 3.018296509981155396e-02 1.363154686987400055e-02 1.398512441664934158e-02
1.325346343219280243e-02 2.730862610042095184e-02 2.138923294842243195e-02 1.463088952004909515e-02 4.447464272379875183e-02 1.119672320783138275e-02 1.719136908650398254e-02 4.090110585093498230e-02 9.726202487945556641e-02 5.925536900758743286e-02 2.740265242755413055e-02 6.926368921995162964e-02 3.261616826057434082e-02 2.999585308134555817e-02 3.052279353141784668e-02 7.090457249432802200e-03 3.762403503060340881e-03 1.430504471063613892e-01 3.544504195451736450e-02 4.644526168704032898e-03 8.718171156942844391e-04 1.284439209848642349e-02 3.962984681129455566e-02 3.167491033673286438e-02 9.035574039444327354e-04 4.417736548930406570e-03 1.243621762841939926e-02 4.075447097420692444e-02 2.714437665417790413e-03 5.618494376540184021e-02 6.418155878782272339e-02 1.865335367619991302e-02 3.515600925311446190e-03 1.171048264950513840e-02 2.140986174345016479e-02 1.862555393017828465e-03 2.333795884624123573e-03 1.031428016722202301e-02 4.620345775038003922e-03 5.205154791474342346e-02 6.741253193467855453e-03 2.009206637740135193e-02 3.668664256110787392e-03 3.169435262680053711e-02 6.627225875854492188e-02 8.281490206718444824e-02 6.917453836649656296e-03 1.101268082857131958e-02 4.030870273709297180e-02 1.431788783520460129e-02 1.187827787362039089e-03 1.626243628561496735e-02 3.211290016770362854e-02 1.810364425182342529e-02 5.027713254094123840e-02 1.600536890327930450e-02 2.618218213319778442e-02 8.682295447215437889e-04 2.625207230448722839e-02 1.450271811336278915e-02 5.341213196516036987e-02 3.108942694962024689e-02 3.955895826220512390e-02 2.601306140422821045e-02 4.401482269167900085e-02 3.106694202870130539e-03 1.083808206021785736e-02 1.196396630257368088e-02 3.548640012741088867e-02 2.185331843793392181e-02 2.357540465891361237e-02 6.157180294394493103e-02 2.455994859337806702e-02 3.922972083091735840e-02 1.676713116466999054e-02 5.315231159329414368e-02 9.923993051052093506e-02 6.342871487140655518e-02 8.656374365091323853e-02 4.423750564455986023e-02 3.950831480324268341e-03 1.142411027103662491e-03 4.067437723278999329e-02 7.177144289016723633e-03 8.948771283030509949e-04 8.482345379889011383e-03 2.473959326744079590e-02 1.776623539626598358e-02 4.808822274208068848e-02 1.456591580063104630e-02 6.277422606945037842e-02 4.775076359510421753e-02 1.873686909675598145e-02 2.908357046544551849e-02 2.833309397101402283e-02 4.466728772968053818e-03 3.536073863506317139e-02 6.652610842138528824e-03 6.774290464818477631e-03 8.012204780243337154e-04 7.118358742445707321e-03 2.601064741611480713e-02 3.057573176920413971e-02 2.911903336644172668e-02 2.240512752905488014e-03 2.263107523322105408e-02 1.070146169513463974e-02 5.310298129916191101e-02 1.329503394663333893e-02 3.244788199663162231e-02 7.587952539324760437e-03 2.401019260287284851e-02 2.147879637777805328e-02 3.729144344106316566e-03 1.942813396453857422e-02 5.295073986053466797e-02
2.961548976600170135e-02 7.449940312653779984e-03 9.119844064116477966e-03 2.871578559279441833e-02 3.292066045105457306e-03 8.257279405370354652e-04 1.098342053592205048e-02 3.516490012407302856e-02 5.925536900758743286e-02 1.230920553207397461e-01 3.308536484837532043e-02 2.030018717050552368e-03 3.436602279543876648e-02 5.702224373817443848e-02 2.481191186234354973e-03 9.580162353813648224e-03 2.947502024471759796e-02 3.974717110395431519e-02 6.972985714673995972e-02 3.471126547083258629e-03 3.342160955071449280e-02 1.099568139761686325e-02 1.426005549728870392e-02 4.029562696814537048e-02 2.420089207589626312e-02 5.049657821655273438e-02 2.296882495284080505e-02 6.209954619407653809e-02 7.518193684518337250e-03 4.451230168342590332e-02 4.389496520161628723e-02 7.604983635246753693e-03 2.039282210171222687e-02 5.894252285361289978e-02 2.959431707859039307e-02 3.641621023416519165e-02 2.924158470705151558e-03 1.044356916099786758e-02 2.803584327921271324e-03 1.182814501225948334e-02 2.195001393556594849e-02 2.018509991466999054e-02 2.253982238471508026e-02 4.672840982675552368e-02 5.523242801427841187e-02 4.285490885376930237e-02 1.575898379087448120e-02 3.769089281558990479e-02 4.231178387999534607e-02 1.056246757507324219e-01 1.182420458644628525e-02 8.496771566569805145e-03 3.112867660820484161e-02 1.585595309734344482e-02 2.723323926329612732e-02 1.332266628742218018e-01 5.487021524459123611e-03 8.117235451936721802e-02 2.879766002297401428e-02 5.260174628347158432e-03 1.214449014514684677e-02 5.810758844017982483e-02 2.131257206201553345e-02 2.973302081227302551e-02 2.175575308501720428e-02 2.430122159421443939e-02 5.392769351601600647e-03 3.523044288158416748e-02 4.895826801657676697e-03 4.350098222494125366e-02 8.011712878942489624e-02 9.618881158530712128e-03 2.922634594142436981e-02 4.310349375009536743e-02 5.370707251131534576e-03 5.200990941375494003e-03 2.609555982053279877e-02 1.140225678682327271e-01 1.638353988528251648e-02 1.082344651222229004e-01 4.915825650095939636e-02 4.558432381600141525e-03 5.023052543401718140e-02 6.119681522250175476e-02 2.437607757747173309e-02 3.398400917649269104e-02 7.341662887483835220e-03 2.252729609608650208e-02 3.703202679753303528e-02 5.492337420582771301e-02 3.813478350639343262e-02 4.920037463307380676e-02 4.226687923073768616e-02 1.551676169037818909e-02 3.223296487703919411e-03 7.810200564563274384e-03 6.982368975877761841e-02 2.395346015691757202e-02 1.903776312246918678e-03 4.042145237326622009e-02 3.653646446764469147e-03 2.438681386411190033e-02 1.189531013369560242e-02 3.413392975926399231e-02 3.190860897302627563e-02 2.650762675330042839e-03 1.472428790293633938e-03 6.806451827287673950e-03 3.025367669761180878e-02 6.073049455881118774e-02 3.607631847262382507e-02 8.660173974931240082e-03 3.657505288720130920e-02 9.744906798005104065e-03 3.253640234470367432e-02 4.157705605030059814e-02
1.906751543283462524e-01 1.579247117042541504e-01 2.048634365200996399e-02 4.250154271721839905e-02 1.474699378013610840e-02 7.509015500545501709e-02 2.270071581006050110e-02 7.554640527814626694e-03 2.740265242755413055e-02 3.308536484837532043e-02 1.658056676387786865e-01 4.002001881599426270e-02 2.253421396017074585e-01 8.932878822088241577e-02 1.733253523707389832e-02 8.831751765683293343e-04 3.266120702028274536e-02 5.047675967216491699e-02 2.904539927840232849e-02 2.922971360385417938e-02 6.204360164701938629e-03 1.220931559801101685e-01 2.073180489242076874e-02 4.846657067537307739e-02 2.535573206841945648e-02 3.935112804174423218e-02 1.449515949934720993e-02 2.731924690306186676e-02 5.250255391001701355e-02 3.394588083028793335e-02 7.390148192644119263e-02 3.234124556183815002e-02 2.569057792425155640e-02 2.616099640727043152e-02 9.704892523586750031e-03 2.133882604539394379e-02 2.079131640493869781e-02 9.995197877287864685e-03 1.097453013062477112e-02 2.565801329910755157e-02 1.608855836093425751e-02 9.236677736043930054e-02 6.263339519500732422e-02 3.682478144764900208e-02 3.639961034059524536e-02 6.932716816663742065e-03 5.141102522611618042e-02 5.526868160814046860e-03 1.957599259912967682e-02 2.868574112653732300e-02 3.000736422836780548e-02 3.767418116331100464e-02 6.168587878346443176e-02 1.538448501378297806e-03 1.082567498087882996e-02 2.601108700037002563e-02 1.325810211710631847e-03 4.220636095851659775e-03 4.142756387591362000e-02 1.888552494347095490e-02 8.222592063248157501e-03 2.332078479230403900e-02 2.821136638522148132e-02 7.908144965767860413e-03 2.951915189623832703e-02 1.499557048082351685e-01 4.541055485606193542e-02 4.181557893753051758e-02 8.315338054671883583e-04 3.800364211201667786e-04 3.554892167448997498e-02 4.178437218070030212e-02 3.805309161543846130e-02 2.851162478327751160e-02 1.971428282558917999e-02 3.793590143322944641e-02 2.204301953315734863e-02 4.518603533506393433e-02 4.048620536923408508e-02 1.605752110481262207e-02 6.450898945331573486e-03 2.955024875700473785e-02 3.201498091220855713e-02 1.546045206487178802e-02 2.475225739181041718e-02 4.421435296535491943e-02 2.950196154415607452e-02 4.831818863749504089e-02 4.979514516890048981e-03 3.397467732429504395e-02 6.152070313692092896e-02 5.732437595725059509e-02 6.965000182390213013e-03 5.607397854328155518e-02 3.452125564217567444e-02 4.906149581074714661e-03 2.635920047760009766e-02 3.605589643120765686e-02 2.628340851515531540e-03 1.637428812682628632e-02 1.977364718914031982e-02 3.045078366994857788e-02 1.706649549305438995e-02 5.263405293226242065e-02 3.008135221898555756e-02 3.237736877053976059e-03 3.328622505068778992e-02 3.595583513379096985e-02 2.094289986416697502e-03 4.656221345067024231e-02 6.556279025971889496e-03 2.388399560004472733e-03 1.008503884077072144e-02 9.125037491321563721e-02 6.292720884084701538e-02 3.290995210409164429e-02
4.667396470904350281e-02 5.461351945996284485e-03 2.293172851204872131e-02 9.475992992520332336e-03 4.161929339170455933e-02 9.712786227464675903e-02 3.517657518386840820e-03 1.993544772267341614e-02 6.926368921995162964e-02 2.030018717050552368e-03 4.002001881599426270e-02 1.828568726778030396e-01 3.337441012263298035e-02 2.786802351474761963e-01 2.862568385899066925e-02 4.505988955497741699e-02 7.545746862888336182e-03 7.462538033723831177e-02 1.171241607517004013e-02 2.844420447945594788e-02 1.909100823104381561e-02 2.014288306236267090e-02 5.307528376579284668e-02 3.694016113877296448e-02 1.445125974714756012e-02 1.793102920055389404e-02 2.614003419876098633e-02 1.316149383783340454e-01 1.473960746079683304e-02 1.558949947357177734e-01 1.887349225580692291e-02 6.427572574466466904e-03 2.616763301193714142e-02 1.998953334987163544e-02 4.848594218492507935e-02 2.964864298701286316e-02 1.442091912031173706e-02 3.070677816867828369e-02 2.307428233325481415e-02 3.841628506779670715e-02 3.554176306352019310e-03 1.871118322014808655e-02 4.359394684433937073e-02 2.710496634244918823e-02 1.541402786970138550e-01 2.799722366034984589e-02 5.533618386834859848e-03 4.562207311391830444e-02 2.066616527736186981e-02 3.069701604545116425e-02 2.462168782949447632e-02 7.455140817910432816e-03 4.596767202019691467e-02 1.261538919061422348e-02 1.396937761455774307e-02 3.751289099454879761e-02 2.899294346570968628e-02 9.879276156425476074e-03 4.024439677596092224e-02 2.092872560024261475e-02 2.253998303785920143e-03 4.655527323484420776e-02 8.608593046665191650e-02 1.968430355191230774e-02 1.072263568639755249e-01 8.878433704376220703e-02 1.161199342459440231e-02 1.019362453371286392e-02 1.206482201814651489e-02 4.007151350378990173e-02 2.294173091650009155e-02 3.937131166458129883e-02 5.722563713788986206e-03 1.198055781424045563e-02 4.733890295028686523e-02 5.984359607100486755e-02 6.044194847345352173e-02 2.104497142136096954e-02 8.441057056188583374e-02 2.236723527312278748e-02 3.053578920662403107e-02 4.703958705067634583e-02 2.768988721072673798e-02 4.702175781130790710e-02 5.281959474086761475e-02 6.328533589839935303e-02 2.177388407289981842e-02 4.347953945398330688e-02 8.295281231403350830e-02 4.132732283324003220e-03 5.374058336019515991e-02 6.758730113506317139e-02 4.556514322757720947e-02 7.398705184459686279e-02 1.111530326306819916e-02 2.316577546298503876e-02 7.162765599787235260e-03 7.230912148952484131e-02 2.810268849134445190e-02 3.083833493292331696e-02 1.739427447319030762e-02 3.109694831073284149e-02 3.112782165408134460e-02 9.217163175344467163e-02 1.575695723295211792e-02 2.303382568061351776e-02 2.418669126927852631e-02 6.799082271754741669e-03 8.363648317754268646e-03 1.598411123268306255e-03 3.129437565803527832e-02 4.217680916190147400e-02 5.685187131166458130e-02 2.271224558353424072e-02 5.598416924476623535e-02 3.255742788314819336e-02
1.819840222597122192e-01 1.674739122390747070e-01 4.202070459723472595e-02 3.311431035399436951e-02 3.192473202943801880e-02 6.127916648983955383e-02 2.374470047652721405e-02 3.065894916653633118e-02 3.261616826057434082e-02 3.436602279543876648e-02 2.253421396017074585e-01 3.337441012263298035e-02 1.799708157777786255e-01 6.537479162216186523e-02 2.826231159269809723e-02 3.030602633953094482e-02 4.397302493453025818e-02 3.546581044793128967e-02 3.569927439093589783e-02 2.541444730013608932e-03 9.382582269608974457e-03 9.505904465913772583e-02 2.480363100767135620e-02 3.813714906573295593e-02 3.244591504335403442e-02 2.720805583521723747e-03 2.374494262039661407e-02 1.363646052777767181e-02 4.252517968416213989e-02 9.673777036368846893e-03 1.000129729509353638e-01 4.439008235931396484e-02 2.027227915823459625e-02 4.742327332496643066e-02 2.198268100619316101e-02 3.660571947693824768e-02 3.652569605037570000e-03 3.845825092867016792e-03 3.126988932490348816e-02 4.250061884522438049e-02 6.305708549916744232e-03 2.689809352159500122e-02 5.791513249278068542e-03 1.536724343895912170e-02 1.089656073600053787e-02 4.537542909383773804e-02 6.944900006055831909e-02 1.327097974717617035e-02 6.130692549049854279e-03 4.533141851425170898e-02 5.285036936402320862e-02 6.625356618314981461e-03 8.417521603405475616e-03 3.657018765807151794e-03 4.777802154421806335e-02 1.378593407571315765e-02 2.026394754648208618e-02 2.625335194170475006e-02 2.804976422339677811e-03 2.832631580531597137e-02 1.170435827225446701e-02 3.150236979126930237e-02 2.092469949275255203e-03 1.369701046496629715e-02 5.535429809242486954e-03 1.582251042127609253e-01 2.306950464844703674e-02 1.599667780101299286e-02 5.832089856266975403e-02 1.835470274090766907e-02 5.511792376637458801e-02 3.178918734192848206e-02 2.726667933166027069e-02 4.294376447796821594e-02 8.401605300605297089e-03 1.740421168506145477e-02 3.618922829627990723e-02 4.156866669654846191e-02 3.407786786556243896e-02 3.584298491477966309e-02 5.374205112457275391e-02 9.111028164625167847e-03 3.767748549580574036e-02 9.451678954064846039e-03 3.467609360814094543e-02 1.692423224449157715e-02 4.446794465184211731e-02 1.427338570356369019e-01 2.589139714837074280e-02 8.608955144882202148e-02 3.450250253081321716e-02 3.502735868096351624e-02 3.714295104146003723e-03 1.132702231407165527e-01 3.768936544656753540e-02 3.162395674735307693e-03 2.641044557094573975e-02 1.810059067793190479e-03 1.431648060679435730e-02 4.322252701967954636e-03 3.083461895585060120e-02 9.528741356916725636e-04 5.188947077840566635e-03 5.173591524362564087e-02 1.294763851910829544e-02 7.171961665153503418e-02 1.323738973587751389e-02 9.956654161214828491e-03 1.108564436435699463e-02 1.522001344710588455e-02 5.444128066301345825e-02 4.908468201756477356e-02 5.645848438143730164e-02 4.859373904764652252e-03 2.504730597138404846e-02 3.787668887525796890e-03
