8.423488587141036987e-02 1.840980947017669678e-01 4.088172689080238342e-02 6.083733588457107544e-02 2.195233106613159180e-02 9.862906485795974731e-02 1.399664580821990967e-01 2.002452267333865166e-03 2.557150786742568016e-03 9.327401965856552124e-02 1.110638454556465149e-01 1.114401221275329590e-02 6.299390643835067749e-02 7.668728008866310120e-03 5.311555787920951843e-02 3.358875960111618042e-02 3.494060412049293518e-02 3.750146180391311646e-02 1.858652010560035706e-02 7.393325213342905045e-03 5.408239737153053284e-02 6.916635669767856598e-03 2.303427830338478088e-02 6.379675120115280151e-02 2.232371643185615540e-02 2.265679091215133667e-02 4.815601930022239685e-02 3.990974649786949158e-02 1.302107702940702438e-02 3.009446710348129272e-02 1.204654667526483536e-02 1.255710236728191376e-02 6.480070762336254120e-03 2.471239119768142700e-02 1.121148350648581982e-03 4.665607586503028870e-02 5.114819854497909546e-02 2.056470699608325958e-02 1.119623798877000809e-02 6.138383597135543823e-02 8.010663092136383057e-02 9.383616968989372253e-03 3.304161876440048218e-02 4.157659411430358887e-02 6.444268673658370972e-02 3.305161744356155396e-02 5.225317180156707764e-02 1.324766408652067184e-02 2.474687062203884125e-03 1.009251829236745834e-02 4.997358657419681549e-03 5.248380359262228012e-03 5.707881599664688110e-02 6.890785694122314453e-02 2.286306023597717285e-02 2.649904126883484423e-05 7.667961996048688889e-03 3.987127542495727539e-02 1.602917211130261421e-03 1.554378587752580643e-02 1.539735822007060051e-03 3.387968614697456360e-02 7.752783596515655518e-02 2.427439577877521515e-02 1.892410777509212494e-02 1.998304389417171478e-02 2.429051510989665985e-02 2.335196919739246368e-02 1.159872859716415405e-02 6.489001214504241943e-02 1.215820759534835815e-02 5.549724772572517395e-02 4.464498162269592285e-02 5.978449247777462006e-03 5.443201400339603424e-03 3.914437443017959595e-02 1.230292581021785736e-02 3.721420839428901672e-02 7.006243616342544556e-02 4.579925909638404846e-02 2.524901926517486572e-02 2.996761165559291840e-02 2.190318517386913300e-02 2.091777510941028595e-02 3.693206980824470520e-02 5.891986191272735596e-02 6.159043312072753906e-02 2.700809948146343231e-02 8.080431260168552399e-03 6.185916438698768616e-02 1.178868673741817474e-02 2.318413369357585907e-02 5.302340164780616760e-02 2.921914309263229370e-02 1.945231109857559204e-02 1.728916168212890625e-02 9.077531285583972931e-03 5.972678773105144501e-03 1.584250293672084808e-02 2.504195645451545715e-02 4.066109657287597656e-02 3.354070708155632019e-02 5.438209977000951767e-03 9.694397449493408203e-03 1.853405870497226715e-02 5.649473518133163452e-02 4.672564193606376648e-02 1.694678887724876404e-02 1.275880355387926102e-02 2.618576399981975555e-02 5.086165666580200195e-02 3.170829266309738159e-02 4.240956902503967285e-02 1.792830973863601685e-02 4.692056402564048767e-02 1.905211247503757477e-02
1.840980947017669678e-01 7.980519533157348633e-02 8.166022598743438721e-03 1.274048350751399994e-02 3.263953328132629395e-02 6.491816788911819458e-02 1.242517456412315369e-01 2.180692926049232483e-02 1.372043229639530182e-02 7.684282958507537842e-02 7.969126850366592407e-02 9.584389626979827881e-03 1.201698258519172668e-01 6.903626490384340286e-04 3.590139001607894897e-02 4.454682767391204834e-02 2.452862216159701347e-03 7.107810117304325104e-03 7.882869802415370941e-03 4.828603938221931458e-03 3.678472340106964111e-02 4.019582271575927734e-02 5.742527078837156296e-03 5.310041457414627075e-02 4.511914402246475220e-02 1.725956052541732788e-02 7.295691221952438354e-02 5.885022506117820740e-02 4.125861451029777527e-02 7.486323267221450806e-02 2.660356275737285614e-02 5.162922292947769165e-02 1.808237284421920776e-02 4.753408581018447876e-02 1.665185205638408661e-02 5.050700902938842773e-02 1.049294834956526756e-03 4.326469730585813522e-03 1.827889680862426758e-02 4.443834349513053894e-02 4.099316522479057312e-02 4.822657629847526550e-02 5.314885452389717102e-02 8.362023159861564636e-03 9.473008662462234497e-02 1.667586155235767365e-02 6.480562686920166016e-02 1.251293160021305084e-02 6.233245879411697388e-02 1.416039094328880310e-02 1.009722054004669189e-02 5.650547519326210022e-02 5.240093544125556946e-02 6.519961357116699219e-02 7.373627275228500366e-02 3.798277676105499268e-02 6.981270387768745422e-03 2.349492348730564117e-02 3.459132090210914612e-02 1.570913940668106079e-02 4.592474922537803650e-02 6.810289621353149414e-02 2.426640130579471588e-02 3.742149844765663147e-02 6.736115552484989166e-03 2.863900549709796906e-02 2.102475799620151520e-02 7.326059043407440186e-03 5.570973083376884460e-02 6.629148125648498535e-02 3.872074931859970093e-02 5.238432437181472778e-02 1.374281477183103561e-02 1.914193481206893921e-02 5.150387436151504517e-02 5.798401311039924622e-02 4.828592389822006226e-02 5.092072859406471252e-02 2.120576612651348114e-02 5.075585469603538513e-02 3.520473092794418335e-02 9.450755082070827484e-03 5.114078521728515625e-02 1.071232650429010391e-02 4.874036461114883423e-02 2.093959972262382507e-02 4.598329961299896240e-02 1.512347161769866943e-02 4.308808222413063049e-02 3.171285986900329590e-02 1.496932096779346466e-02 6.119338050484657288e-02 5.894410610198974609e-02 3.446641936898231506e-02 3.699096292257308960e-02 3.125144168734550476e-02 1.222806796431541443e-02 7.225489709526300430e-03 2.853161282837390900e-02 1.911464147269725800e-02 2.006731554865837097e-02 1.827299012802541256e-03 3.913374990224838257e-02 7.595248520374298096e-02 2.154769748449325562e-02 8.703445084393024445e-03 2.674354054033756256e-02 2.403348498046398163e-02 2.608162164688110352e-02 1.383452676236629486e-02 4.018114879727363586e-02 1.854255422949790955e-02 6.369760259985923767e-03 3.073938749730587006e-02 3.340525552630424500e-02 3.303883969783782959e-02
4.088172689080238342e-02 8.166022598743438721e-03 5.422179773449897766e-02 1.277494728565216064e-01 7.329383492469787598e-02 1.987522281706333160e-02 4.037014394998550415e-02 5.076283216476440430e-02 1.136032864451408386e-01 4.115526564419269562e-03 1.502025779336690903e-02 7.026175409555435181e-02 2.984692342579364777e-02 5.038311332464218140e-02 7.469595968723297119e-02 5.253277719020843506e-03 1.011133939027786255e-02 6.793919950723648071e-02 4.633479565382003784e-02 2.725684829056262970e-02 4.576034471392631531e-02 8.458227664232254028e-02 3.318355884402990341e-03 1.597985811531543732e-02 2.894710749387741089e-02 5.770858377218246460e-02 4.030958190560340881e-02 2.100545540452003479e-02 2.079679444432258606e-02 3.981078788638114929e-02 1.600651536136865616e-03 3.320011496543884277e-02 2.238627709448337555e-02 1.447660010308027267e-02 5.084491148591041565e-02 2.055538818240165710e-02 1.291969558224081993e-03 2.885676547884941101e-02 3.729071468114852905e-02 3.354791924357414246e-02 3.460707142949104309e-02 5.841192603111267090e-02 2.331397961825132370e-03 6.095662713050842285e-02 1.311061680316925049e-01 1.875436864793300629e-02 1.216524001210927963e-02 3.355618193745613098e-02 6.775594502687454224e-02 4.235732555389404297e-02 3.796841204166412354e-02 4.358941689133644104e-02 9.008029848337173462e-02 8.254448324441909790e-02 5.670465156435966492e-02 3.400297462940216064e-02 3.279814496636390686e-03 7.964009791612625122e-02 3.583050891757011414e-02 5.481142178177833557e-02 2.358270622789859772e-02 3.555878624320030212e-02 2.516747638583183289e-02 6.317430175840854645e-03 1.495368313044309616e-02 6.113607063889503479e-02 6.546105444431304932e-02 2.091055363416671753e-02 2.137910760939121246e-02 6.306124478578567505e-02 1.089847926050424576e-02 2.045966684818267822e-02 3.817065432667732239e-02 1.332927308976650238e-02 3.935578837990760803e-02 2.156905271112918854e-02 5.292595550417900085e-02 5.011709034442901611e-02 1.355775296688079834e-01 5.040144547820091248e-02 1.509127169847488403e-01 7.951857894659042358e-02 7.448253035545349121e-02 5.210857838392257690e-02 5.805208534002304077e-02 3.056495450437068939e-02 2.429197542369365692e-02 4.540329053997993469e-02 4.500425234436988831e-02 3.630160167813301086e-02 2.237885445356369019e-02 7.163620740175247192e-02 2.568258345127105713e-02 3.636954352259635925e-02 3.263472020626068115e-02 3.165728971362113953e-02 5.822384729981422424e-02 9.008010476827621460e-02 3.793414682149887085e-02 1.440134178847074509e-02 4.720601812005043030e-02 3.774989023804664612e-02 1.863808557391166687e-02 1.224505156278610229e-01 2.801228687167167664e-02 7.809753529727458954e-03 2.508843317627906799e-02 7.476265076547861099e-03 4.781062155961990356e-02 4.129053652286529541e-02 1.618904247879981995e-02 3.633958473801612854e-02 5.245410278439521790e-02 2.700505405664443970e-02 5.981909856200218201e-02 3.902518376708030701e-02
6.083733588457107544e-02 1.274048350751399994e-02 1.277494728565216064e-01 6.979703903198242188e-02 1.250911802053451538e-01 2.285481244325637817e-02 4.577043280005455017e-02 4.149475693702697754e-02 3.370953723788261414e-02 8.349015563726425171e-02 2.288728021085262299e-02 5.725750699639320374e-03 2.053310861811041832e-03 8.243168890476226807e-02 5.866894498467445374e-02 2.500054985284805298e-02 5.287386104464530945e-02 5.203198641538619995e-02 2.051405422389507294e-02 1.644052937626838684e-02 3.049786016345024109e-02 1.812474243342876434e-02 9.771840646862983704e-03 1.972100697457790375e-02 2.436289563775062561e-02 6.170830130577087402e-02 2.462541125714778900e-02 3.217594325542449951e-02 2.036126703023910522e-02 3.775739669799804688e-02 1.127194147557020187e-02 5.856020748615264893e-02 2.417641878128051758e-02 4.186160117387771606e-02 8.920895867049694061e-03 1.912609674036502838e-02 7.850619964301586151e-03 1.494342111982405186e-03 5.807311832904815674e-02 3.506198152899742126e-02 4.571736976504325867e-02 2.742194198071956635e-02 2.723408397287130356e-03 2.510259859263896942e-02 5.670852959156036377e-03 1.756254211068153381e-02 5.205472186207771301e-02 1.121919695287942886e-02 6.492027640342712402e-02 1.420025993138551712e-02 2.250146307051181793e-02 2.504418045282363892e-02 3.415812924504280090e-02 5.091974977403879166e-03 8.225408382713794708e-04 3.859513252973556519e-02 4.872557893395423889e-02 6.478335708379745483e-02 4.396787285804748535e-02 2.955866511911153793e-03 6.704579293727874756e-02 6.097073480486869812e-02 1.211632788181304932e-01 1.554465014487504959e-02 1.543611637316644192e-03 4.151981696486473083e-02 3.369052708148956299e-02 3.134116157889366150e-02 1.210368797183036804e-02 2.587122656404972076e-02 2.548244036734104156e-02 8.295704424381256104e-02 1.536357700824737549e-01 5.571264028549194336e-02 8.503637462854385376e-02 2.876443788409233093e-02 6.563309580087661743e-02 4.335165768861770630e-02 3.023929707705974579e-02 1.110838800668716431e-01 7.337173912674188614e-03 4.194199293851852417e-02 2.808334678411483765e-02 5.138026922941207886e-02 1.215707976371049881e-02 6.681334227323532104e-03 6.974084302783012390e-03 4.695177823305130005e-02 7.093043625354766846e-02 2.877726219594478607e-02 3.930963575839996338e-02 8.702049031853675842e-03 4.013549908995628357e-02 1.895964704453945160e-02 3.826960455626249313e-03 4.005084745585918427e-03 2.448374405503273010e-03 1.003119815140962601e-02 1.192660420201718807e-03 1.188565697520971298e-02 6.350294686853885651e-03 3.400544077157974243e-02 1.255453377962112427e-02 1.656097359955310822e-02 1.222337782382965088e-02 1.127778552472591400e-02 5.610575433820486069e-03 6.665743887424468994e-02 5.267151072621345520e-02 3.849734365940093994e-02 4.393956437706947327e-02 2.291328832507133484e-02 4.995398595929145813e-02 1.698619127273559570e-02 6.805498898029327393e-02 5.296807736158370972e-02
2.195233106613159180e-02 3.263953328132629395e-02 7.329383492469787598e-02 1.250911802053451538e-01 8.705444633960723877e-02 4.373749718070030212e-02 5.068602785468101501e-02 4.758393019437789917e-02 1.097986027598381042e-01 8.936180733144283295e-03 2.637200243771076202e-02 7.422256749123334885e-03 3.147574141621589661e-02 2.510343492031097412e-02 3.843619674444198608e-02 5.739901587367057800e-02 8.462728932499885559e-03 1.421247608959674835e-02 6.054964661598205566e-02 3.811688348650932312e-02 2.244299091398715973e-02 4.663747735321521759e-03 3.977487236261367798e-02 4.286909475922584534e-02 3.634481132030487061e-02 6.206474499776959419e-04 2.121677435934543610e-02 6.279125809669494629e-02 9.485527127981185913e-02 9.304593503475189209e-02 2.029454521834850311e-02 1.022630650550127029e-02 2.599961124360561371e-03 1.882724114693701267e-03 3.687787428498268127e-02 1.396092958748340607e-02 4.561343416571617126e-02 2.156133018434047699e-02 2.186540327966213226e-02 4.433554783463478088e-02 2.682572929188609123e-03 8.959401398897171021e-03 6.957345176488161087e-04 1.165472785942256451e-03 6.079262122511863708e-02 2.570488303899765015e-02 2.609042264521121979e-02 1.194176264107227325e-02 7.388195395469665527e-02 2.686994150280952454e-02 1.289530284702777863e-02 9.257635101675987244e-03 4.317382723093032837e-02 8.559307456016540527e-02 7.582398504018783569e-02 6.309428252279758453e-03 3.192396834492683411e-02 1.467755436897277832e-02 1.764644868671894073e-02 2.685096859931945801e-02 7.599439937621355057e-03 3.038762882351875305e-02 1.153509784489870071e-02 2.361939987167716026e-03 1.620404981076717377e-02 2.779578976333141327e-02 3.635087609291076660e-02 4.325195774435997009e-02 6.867575645446777344e-02 1.946802251040935516e-02 5.774902552366256714e-02 7.937486469745635986e-02 9.624701738357543945e-02 1.949742808938026428e-02 1.195144578814506531e-01 3.552546724677085876e-02 3.135195001959800720e-02 3.175858780741691589e-02 1.944852992892265320e-03 1.390101737342774868e-03 1.978394202888011932e-02 4.045901447534561157e-02 3.581339493393898010e-02 5.491835623979568481e-02 8.991747163236141205e-04 1.650592684745788574e-02 4.048094525933265686e-02 1.220191363245248795e-02 5.264291912317276001e-02 3.458460420370101929e-02 4.628571122884750366e-02 5.977817811071872711e-03 2.032697387039661407e-02 9.542952291667461395e-03 9.637963026762008667e-03 5.463079735636711121e-02 3.792500123381614685e-02 8.138530701398849487e-02 2.790219150483608246e-03 1.147374976426362991e-02 2.422683872282505035e-02 2.869977802038192749e-02 6.026803515851497650e-03 1.158298179507255554e-02 3.588271513581275940e-02 2.709985151886940002e-02 3.814966231584548950e-02 4.962268099188804626e-02 2.939983829855918884e-02 7.939612120389938354e-02 7.113924622535705566e-02 3.634367138147354126e-03 4.611392319202423096e-02 2.260245569050312042e-02 1.404153462499380112e-02 4.969885572791099548e-02
9.862906485795974731e-02 6.491816788911819458e-02 1.987522281706333160e-02 2.285481244325637817e-02 4.373749718070030212e-02 1.612943857908248901e-01 2.293226420879364014e-01 6.224108114838600159e-02 5.438106507062911987e-02 8.825649507343769073e-03 7.316798716783523560e-02 4.719807207584381104e-02 4.282587394118309021e-02 3.358190879225730896e-02 4.890353977680206299e-02 4.309517890214920044e-02 1.113892285502515733e-04 4.711574688553810120e-02 6.522214412689208984e-02 2.380208112299442291e-02 1.255809888243675232e-02 6.436428427696228027e-02 1.209807023406028748e-02 5.059433355927467346e-02 2.671742625534534454e-02 1.898159459233283997e-02 8.041963726282119751e-02 7.662159856408834457e-03 3.491380810737609863e-02 2.725156396627426147e-02 5.708869546651840210e-02 2.016337029635906219e-02 3.335004672408103943e-02 4.042983520776033401e-03 3.049503639340400696e-02 3.117761388421058655e-02 4.500976577401161194e-02 1.950933225452899933e-02 1.660805381834506989e-02 3.400681540369987488e-02 1.008989363908767700e-01 5.158757325261831284e-03 3.174465522170066833e-02 3.479961305856704712e-02 5.659516155719757080e-02 1.397001929581165314e-02 1.733226776123046875e-01 8.461964875459671021e-02 1.858800463378429413e-02 4.164317250251770020e-02 2.490280941128730774e-02 7.296490017324686050e-03 4.150844737887382507e-02 3.130024299025535583e-02 2.122129686176776886e-02 2.500925771892070770e-02 1.594274677336215973e-02 8.785517886281013489e-03 4.505753517150878906e-02 2.650667913258075714e-02 3.912134096026420593e-02 4.370785877108573914e-02 5.292246118187904358e-03 2.510413527488708496e-02 2.753374911844730377e-02 4.536841064691543579e-02 2.260001376271247864e-02 2.272832393646240234e-02 3.796019405126571655e-02 8.275115489959716797e-02 9.807962924242019653e-04 1.594602875411510468e-02 2.975089661777019501e-02 5.495448783040046692e-02 8.358895778656005859e-03 5.199806019663810730e-02 6.154453149065375328e-04 4.428085684776306152e-02 2.819756418466567993e-02 3.500469774007797241e-02 7.803000509738922119e-02 6.507378816604614258e-02 1.154828816652297974e-02 4.560265690088272095e-02 8.399974554777145386e-03 2.189397811889648438e-02 3.852727636694908142e-02 6.025656312704086304e-02 4.913702607154846191e-02 9.698046743869781494e-02 5.323809385299682617e-02 1.111944019794464111e-01 4.789808765053749084e-03 5.895253852941095829e-04 5.022536963224411011e-02 4.335805773735046387e-03 7.173616439104080200e-02 5.117020383477210999e-02 3.256322816014289856e-03 1.142734475433826447e-02 2.338347956538200378e-02 1.166373863816261292e-02 1.176116429269313812e-02 4.020369797945022583e-02 2.202085161115974188e-04 1.012552231550216675e-01 5.044383183121681213e-02 1.673226058483123779e-02 8.670908864587545395e-04 4.779056180268526077e-03 3.436057642102241516e-02 2.815118059515953064e-02 3.020136058330535889e-02 2.506879717111587524e-02 8.184569329023361206e-02 1.144061684608459473e-01
1.399664580821990967e-01 1.242517456412315369e-01 4.037014394998550415e-02 4.577043280005455017e-02 5.068602785468101501e-02 2.293226420879364014e-01 1.607951223850250244e-01 8.867910131812095642e-03 9.734132327139377594e-03 1.002158597111701965e-02 9.597358852624893188e-02 3.235979378223419189e-02 7.903162389993667603e-02 2.421435527503490448e-02 9.785120375454425812e-03 7.217383384704589844e-02 3.422032669186592102e-02 2.715856302529573441e-03 5.583667382597923279e-02 1.214141212403774261e-02 3.152639139443635941e-03 3.387761488556861877e-02 7.923403754830360413e-03 1.004477497190237045e-02 1.571108773350715637e-02 2.942398190498352051e-02 4.685573279857635498e-02 7.573054730892181396e-02 2.165017067454755306e-04 6.581778824329376221e-02 5.608155205845832825e-02 5.003982782363891602e-02 5.027656443417072296e-03 4.635436832904815674e-02 1.107556652277708054e-02 4.607691243290901184e-02 3.613280877470970154e-02 5.644779652357101440e-02 1.533443480730056763e-02 4.502827301621437073e-02 4.077523201704025269e-02 1.758176460862159729e-02 3.328613191843032837e-02 4.091536253690719604e-02 7.837363332509994507e-02 7.852087728679180145e-03 1.792937517166137695e-01 1.163879185914993286e-01 1.755767129361629486e-02 1.913891918957233429e-02 5.632691085338592529e-03 5.421852110885083675e-04 3.185166046023368835e-02 3.074275515973567963e-02 1.348807942122220993e-03 1.208751462399959564e-02 1.110646128654479980e-02 1.013357471674680710e-02 4.894590005278587341e-02 1.069183461368083954e-02 1.407226547598838806e-02 3.602040186524391174e-02 2.881882525980472565e-02 2.031029434874653816e-03 3.538066521286964417e-02 8.034375309944152832e-02 9.055879898369312286e-03 2.018446847796440125e-02 3.114831401035189629e-03 3.696352988481521606e-02 8.621578104794025421e-03 6.835952401161193848e-03 2.136337198317050934e-02 1.273334398865699768e-02 3.840934485197067261e-02 3.719949722290039062e-02 1.167349750176072121e-03 2.540487982332706451e-02 1.849574735388159752e-03 5.014217644929885864e-02 6.254409998655319214e-02 4.128992930054664612e-02 3.477795794606208801e-02 6.138402596116065979e-02 2.301574312150478363e-02 9.552278555929660797e-03 2.608141861855983734e-02 7.468923181295394897e-02 1.217058859765529633e-02 8.134409785270690918e-02 4.660164937376976013e-02 4.033893346786499023e-02 3.734201565384864807e-02 5.074512585997581482e-02 1.742878183722496033e-02 1.782066561281681061e-02 4.105605557560920715e-02 3.563064336776733398e-02 3.517433628439903259e-02 3.107827901840209961e-02 2.095995284616947174e-02 1.974025554955005646e-02 6.119042634963989258e-03 3.757622838020324707e-02 4.302639514207839966e-03 8.680770546197891235e-02 6.245948001742362976e-02 2.999339252710342407e-02 1.452704053372144699e-02 1.549586094915866852e-02 1.368659920990467072e-02 6.864214688539505005e-02 2.886551246047019958e-02 2.316871285438537598e-02 5.779387801885604858e-02 7.331819087266921997e-02
2.002452267333865166e-03 2.180692926049232483e-02 5.076283216476440430e-02 4.149475693702697754e-02 4.758393019437789917e-02 6.224108114838600159e-02 8.867910131812095642e-03 3.981161117553710938e-02 4.630905017256736755e-02 1.549328793771564960e-03 2.412843145430088043e-02 4.667517170310020447e-02 5.688815377652645111e-03 1.476353034377098083e-02 9.485598653554916382e-02 5.490230023860931396e-02 5.273764207959175110e-02 3.511014580726623535e-02 4.937778785824775696e-02 6.257112324237823486e-02 7.247740402817726135e-03 1.647313870489597321e-02 1.397559326142072678e-02 4.329079296439886093e-03 2.279851958155632019e-02 6.900600623339414597e-03 2.715754881501197815e-02 8.416758477687835693e-02 4.467856138944625854e-02 1.545378379523754120e-02 3.557676076889038086e-02 3.729516267776489258e-02 1.145968493074178696e-02 5.145212635397911072e-02 4.854264110326766968e-02 2.631663344800472260e-02 2.936229109764099121e-02 2.875570021569728851e-02 6.236988119781017303e-03 3.692923486232757568e-02 5.742806568741798401e-02 2.777416445314884186e-02 3.473160788416862488e-03 5.228348542004823685e-03 1.744368486106395721e-02 4.936933889985084534e-02 2.532327920198440552e-02 2.501695603132247925e-02 4.658214747905731201e-03 5.026158178225159645e-04 4.235160350799560547e-02 1.754538156092166901e-02 2.181701734662055969e-02 3.974716644734144211e-03 9.054658934473991394e-03 2.561735920608043671e-03 5.265571642667055130e-03 1.032475009560585022e-02 2.163552865386009216e-02 3.526272624731063843e-02 1.415819022804498672e-02 5.243673920631408691e-02 1.223608944565057755e-02 1.886870525777339935e-02 5.355929490178823471e-03 3.228017315268516541e-02 1.624598354101181030e-02 2.423611469566822052e-02 2.877174690365791321e-02 4.212377127259969711e-03 3.112306259572505951e-02 2.085869014263153076e-02 2.240371145308017731e-02 9.813108481466770172e-03 6.900520995259284973e-03 5.547200888395309448e-02 2.839968912303447723e-02 5.003613233566284180e-02 5.359081551432609558e-02 4.055247828364372253e-02 1.722809523344039917e-01 1.255374401807785034e-01 1.097943168133497238e-03 4.483363404870033264e-02 7.832675427198410034e-02 9.812559932470321655e-02 1.495755314826965332e-01 3.346678242087364197e-02 7.718481123447418213e-02 2.458723634481430054e-02 4.172724485397338867e-02 8.747898042201995850e-03 2.688226103782653809e-02 4.847332835197448730e-02 7.421894371509552002e-02 4.882613720837980509e-04 5.288976058363914490e-02 5.393885448575019836e-02 3.380459500476717949e-03 1.659771800041198730e-02 1.296514086425304413e-02 3.958172351121902466e-02 1.571923680603504181e-02 2.416891977190971375e-02 5.984864383935928345e-02 8.069356530904769897e-02 5.676168203353881836e-02 3.551519766915589571e-04 2.791974321007728577e-02 4.126996174454689026e-02 1.170885050669312477e-03 6.497441977262496948e-02 2.268974855542182922e-02 4.605006054043769836e-02 2.027947641909122467e-02 1.505836006253957748e-02
2.557150786742568016e-03 1.372043229639530182e-02 1.136032864451408386e-01 3.370953723788261414e-02 1.097986027598381042e-01 5.438106507062911987e-02 9.734132327139377594e-03 4.630905017256736755e-02 1.273532807826995850e-01 1.060031428933143616e-01 6.221992429345846176e-03 3.570985794067382812e-02 2.228729426860809326e-02 3.441865090280771255e-03 3.935623541474342346e-02 6.865161657333374023e-02 2.372916601598262787e-02 9.240503609180450439e-02 4.719521477818489075e-02 4.679929092526435852e-02 7.301470264792442322e-03 1.955111138522624969e-02 3.545005619525909424e-02 1.876854896545410156e-02 5.400730296969413757e-02 1.479583606123924255e-02 4.522075876593589783e-02 1.138610020279884338e-01 4.092064499855041504e-02 1.663885563611984253e-01 9.900870732963085175e-03 1.522110309451818466e-02 2.054992504417896271e-02 3.252146393060684204e-02 5.029977764934301376e-03 2.753829210996627808e-02 3.685187548398971558e-02 4.156503453850746155e-02 7.115676254034042358e-02 6.284572929143905640e-02 1.023410912603139877e-02 2.298606559634208679e-02 4.185622557997703552e-02 1.617529056966304779e-02 1.766056753695011139e-02 3.263531997799873352e-02 4.735229536890983582e-02 2.557093463838100433e-02 9.685270488262176514e-02 4.770237207412719727e-02 2.695599570870399475e-02 3.928754106163978577e-02 7.761141285300254822e-03 4.670481011271476746e-02 9.734079241752624512e-02 2.950415760278701782e-02 7.607683073729276657e-04 6.925090216100215912e-03 5.066218227148056030e-02 9.293547831475734711e-03 9.820337407290935516e-03 2.854430675506591797e-02 1.819349266588687897e-02 2.546790987253189087e-02 2.526699751615524292e-02 1.213935762643814087e-02 5.915235355496406555e-02 4.908874630928039551e-03 8.712738007307052612e-02 4.087513312697410583e-03 3.429399058222770691e-02 1.018629893660545349e-01 6.343699246644973755e-02 1.633977866731584072e-03 9.572048485279083252e-02 8.485290408134460449e-02 2.165545821189880371e-01 9.098082780838012695e-02 2.303752452135086060e-01 1.896291784942150116e-02 1.582733169198036194e-02 2.370509319007396698e-02 1.061275824904441833e-01 3.441724926233291626e-02 1.663654111325740814e-03 7.768726348876953125e-02 2.461645519360899925e-03 6.405207514762878418e-02 2.014862932264804840e-02 1.117267012596130371e-01 3.245553746819496155e-02 8.023349568247795105e-03 1.564401946961879730e-02 1.698379069566726685e-01 2.377092838287353516e-02 3.343199193477630615e-02 4.316338151693344116e-02 2.547251433134078979e-02 8.000606670975685120e-03 3.522944077849388123e-02 5.130017921328544617e-02 2.977140806615352631e-02 3.232000395655632019e-02 1.483857166022062302e-02 4.920900613069534302e-02 3.913484141230583191e-02 9.888939559459686279e-03 2.308703027665615082e-02 1.497885677963495255e-02 1.943315565586090088e-02 3.285418078303337097e-02 3.858121484518051147e-02 3.915761131793260574e-03 5.345628038048744202e-02 6.721582263708114624e-02 3.214622288942337036e-02
9.327401965856552124e-02 7.684282958507537842e-02 4.115526564419269562e-03 8.349015563726425171e-02 8.936180733144283295e-03 8.825649507343769073e-03 1.002158597111701965e-02 1.549328793771564960e-03 1.060031428933143616e-01 1.845745891332626343e-01 3.528626635670661926e-03 2.213316410779953003e-02 1.005328027531504631e-03 1.314001716673374176e-02 3.721744194626808167e-02 6.226528901606798172e-03 1.189815625548362732e-01 1.963723264634609222e-02 1.079335287213325500e-01 5.288384482264518738e-02 3.699932992458343506e-02 6.628663837909698486e-02 3.996101766824722290e-02 1.149189546704292297e-01 3.090686351060867310e-02 5.189331620931625366e-02 1.869683712720870972e-02 9.654162079095840454e-02 1.893974840641021729e-02 7.952106744050979614e-02 2.894217893481254578e-02 4.758429247885942459e-03 1.328904926776885986e-02 8.729931898415088654e-03 1.403469243086874485e-03 1.599882729351520538e-02 3.435408696532249451e-02 4.254941269755363464e-02 8.625000715255737305e-03 6.452868133783340454e-02 4.353569447994232178e-02 3.657890111207962036e-02 1.534422393888235092e-02 2.700722776353359222e-02 1.966919563710689545e-02 4.284921288490295410e-02 6.979232188314199448e-03 3.440934419631958008e-02 3.471024334430694580e-02 9.918033331632614136e-02 1.822782121598720551e-02 2.820642478764057159e-02 4.192809760570526123e-02 3.481506556272506714e-02 9.046419523656368256e-03 7.740764319896697998e-02 2.672627754509449005e-02 1.340694446116685867e-02 2.924651652574539185e-02 3.711893036961555481e-02 2.076170966029167175e-02 5.965871363878250122e-02 6.335004419088363647e-02 7.189157605171203613e-02 5.393154453486204147e-03 4.190159961581230164e-02 2.545309811830520630e-02 1.951323263347148895e-02 1.073352154344320297e-02 1.266949474811553955e-01 7.591922581195831299e-02 1.786679401993751526e-02 1.103539764881134033e-01 5.964721366763114929e-02 5.961214005947113037e-02 3.162176534533500671e-02 1.399052981287240982e-02 1.852270960807800293e-01 9.636732935905456543e-02 1.403568983078002930e-01 5.327400192618370056e-02 5.453518591821193695e-03 3.119258582592010498e-02 1.000503897666931152e-01 4.963681474328041077e-02 3.478719666600227356e-02 3.167093917727470398e-02 2.654969878494739532e-02 2.706263773143291473e-02 1.370700001716613770e-01 2.154037170112133026e-02 2.805607952177524567e-02 4.534827917814254761e-02 6.280554831027984619e-02 3.767459839582443237e-02 1.467331219464540482e-02 3.547324240207672119e-02 5.104804411530494690e-02 4.411372542381286621e-02 1.871112501248717308e-03 1.937479339540004730e-02 4.362972080707550049e-02 3.888682648539543152e-02 2.285401150584220886e-02 1.830789633095264435e-02 4.938206821680068970e-02 2.381175383925437927e-02 1.126903109252452850e-02 3.681561723351478577e-02 1.795504614710807800e-02 2.321817353367805481e-02 4.341326653957366943e-02 1.294132415205240250e-02 3.066821768879890442e-02 5.193114047870039940e-04 2.335364557802677155e-02
1.110638454556465149e-01 7.969126850366592407e-02 1.502025779336690903e-02 2.288728021085262299e-02 2.637200243771076202e-02 7.316798716783523560e-02 9.597358852624893188e-02 2.412843145430088043e-02 6.221992429345846176e-03 3.528626635670661926e-03 1.219012886285781860e-01 1.770246960222721100e-02 1.709028482437133789e-01 3.787703812122344971e-02 2.253958582878112793e-02 2.450451441109180450e-02 1.703817024827003479e-02 3.894866677001118660e-03 5.129547789692878723e-02 3.372266143560409546e-02 4.300802946090698242e-03 4.964356124401092529e-02 2.672281861305236816e-02 3.938205912709236145e-02 2.091591246426105499e-03 3.908785991370677948e-03 3.686636313796043396e-02 2.390176057815551758e-02 1.782534993253648281e-03 3.106478229165077209e-02 6.742012221366167068e-03 7.347978651523590088e-03 2.182223834097385406e-03 2.553660981357097626e-02 3.265247121453285217e-02 3.028587810695171356e-02 7.235188037157058716e-02 5.885033868253231049e-03 3.762644901871681213e-02 3.798864036798477173e-02 1.340020215138792992e-03 2.049156464636325836e-02 3.456907346844673157e-02 2.905705757439136505e-02 2.376523427665233612e-02 6.085496023297309875e-02 1.368312984704971313e-01 1.286457628011703491e-01 2.453529275953769684e-02 5.659794062376022339e-02 3.742896392941474915e-02 5.286572128534317017e-02 3.839081618934869766e-04 5.834019277244806290e-03 7.367874030023813248e-03 3.633163869380950928e-02 2.153909066691994667e-03 5.010584741830825806e-02 5.274528171867132187e-03 2.711017802357673645e-02 2.235542237758636475e-02 6.208568811416625977e-03 2.954900637269020081e-02 2.711845003068447113e-02 8.798999339342117310e-02 7.156430184841156006e-02 7.605666294693946838e-03 1.585835590958595276e-02 5.595175549387931824e-03 4.582775011658668518e-02 2.039726357907056808e-03 4.957840777933597565e-03 6.577676627784967422e-03 2.694690227508544922e-02 3.245206177234649658e-02 1.790294796228408813e-02 2.777287736535072327e-02 3.330615907907485962e-02 4.784767329692840576e-02 1.242122612893581390e-02 2.740903943777084351e-02 6.033187266439199448e-03 2.979186922311782837e-02 2.471890673041343689e-02 1.179014611989259720e-02 2.045454084873199463e-02 1.625098101794719696e-02 4.264813289046287537e-02 1.290191523730754852e-02 1.540305837988853455e-02 1.205735839903354645e-02 1.324527710676193237e-01 2.717762812972068787e-02 3.230796428397297859e-03 1.311777345836162567e-02 2.708395384252071381e-02 1.139019895344972610e-02 9.859812445938587189e-03 2.475341409444808960e-02 3.960968926548957825e-02 1.698819734156131744e-02 3.131771693006157875e-03 2.619238011538982391e-02 3.857597708702087402e-02 7.597451098263263702e-03 2.990447171032428741e-02 5.785497371107339859e-03 1.511037070304155350e-02 7.893615402281284332e-03 1.670755445957183838e-02 1.557153929024934769e-02 5.743837356567382812e-02 3.304056823253631592e-02 9.312521666288375854e-03 2.529116347432136536e-02 2.093927189707756042e-02
1.114401221275329590e-02 9.584389626979827881e-03 7.026175409555435181e-02 5.725750699639320374e-03 7.422256749123334885e-03 4.719807207584381104e-02 3.235979378223419189e-02 4.667517170310020447e-02 3.570985794067382812e-02 2.213316410779953003e-02 1.770246960222721100e-02 1.101208627223968506e-01 1.690226048231124878e-02 2.089889943599700928e-01 1.604499109089374542e-02 7.308286428451538086e-02 4.943989217281341553e-02 5.967336520552635193e-02 1.010711491107940674e-01 8.269200916402041912e-04 4.051027074456214905e-02 1.435743737965822220e-02 4.493179917335510254e-02 5.879771709442138672e-02 1.931474171578884125e-02 4.688873887062072754e-02 1.703091897070407867e-02 5.531683564186096191e-02 1.907998695969581604e-02 3.771323338150978088e-02 9.090965241193771362e-02 9.366968646645545959e-03 3.979047015309333801e-02 9.428625926375389099e-03 2.473483094945549965e-03 1.281803008168935776e-02 1.195006910711526871e-02 4.734096676111221313e-02 6.721265614032745361e-02 7.056609541177749634e-02 3.154000267386436462e-02 2.525054477155208588e-02 7.622159086167812347e-03 2.379874140024185181e-02 2.228581905364990234e-01 2.601987123489379883e-02 5.250993743538856506e-02 3.088286705315113068e-02 3.999102860689163208e-02 6.159957870841026306e-02 3.391457721590995789e-02 7.225160021334886551e-03 6.213666871190071106e-02 1.284226588904857635e-02 3.017229493707418442e-03 3.582413494586944580e-02 4.177340306341648102e-03 5.233747884631156921e-02 4.615467414259910583e-02 2.373803174123167992e-03 3.452926874160766602e-02 1.186742074787616730e-02 1.085813716053962708e-02 6.047932431101799011e-02 4.003981128334999084e-02 2.690092846751213074e-02 3.560305386781692505e-02 2.531939186155796051e-02 1.157261990010738373e-02 4.308662191033363342e-02 4.902646690607070923e-02 1.071971282362937927e-02 1.034307107329368591e-02 1.336081884801387787e-02 3.721287474036216736e-03 5.273772869259119034e-03 5.615529045462608337e-02 4.938891902565956116e-02 6.941527873277664185e-02 2.306810393929481506e-02 3.891380131244659424e-02 4.836824536323547363e-02 3.514404222369194031e-02 6.593487411737442017e-02 4.682547226548194885e-02 4.085805639624595642e-02 1.741527579724788666e-02 8.443530648946762085e-03 4.971291497349739075e-02 7.543380558490753174e-02 1.678661070764064789e-02 1.577059272676706314e-03 3.294923156499862671e-02 4.508204292505979538e-03 1.324843149632215500e-02 9.090279787778854370e-02 1.242148596793413162e-02 7.013338804244995117e-02 1.095286570489406586e-04 7.816983386874198914e-03 1.313227927312254906e-03 3.828698396682739258e-02 3.069166466593742371e-02 7.605902384966611862e-03 1.712103746831417084e-02 2.326105907559394836e-02 1.867486536502838135e-02 1.055667921900749207e-02 3.832563012838363647e-02 4.995256289839744568e-02 9.828035719692707062e-03 5.450714379549026489e-02 2.888647466897964478e-02 4.126898571848869324e-02 2.529496140778064728e-02 4.683147370815277100e-02
6.299390643835067749e-02 1.201698258519172668e-01 2.984692342579364777e-02 2.053310861811041832e-03 3.147574141621589661e-02 4.282587394118309021e-02 7.903162389993667603e-02 5.688815377652645111e-03 2.228729426860809326e-02 1.005328027531504631e-03 1.709028482437133789e-01 1.690226048231124878e-02 1.224192380905151367e-01 5.825719237327575684e-02 6.814302504062652588e-02 3.517837077379226685e-02 3.081862628459930420e-02 1.661650463938713074e-02 4.472721368074417114e-02 2.215334773063659668e-02 2.781573310494422913e-02 4.539688304066658020e-02 3.029439970850944519e-02 2.507379092276096344e-02 7.216479629278182983e-03 2.581041492521762848e-02 3.459290787577629089e-02 4.000836610794067383e-02 2.337542921304702759e-02 1.196940522640943527e-02 1.005450356751680374e-02 4.550922603812068701e-04 6.517017260193824768e-03 2.108991518616676331e-02 2.168012969195842743e-02 4.457217454910278320e-02 8.224486559629440308e-02 2.309325523674488068e-02 4.313467442989349365e-02 1.057469099760055542e-02 1.281513739377260208e-02 2.120058983564376831e-02 2.876632101833820343e-02 4.884583875536918640e-02 3.252915665507316589e-02 2.498973906040191650e-02 9.679904580116271973e-02 1.578420102596282959e-01 2.087862789630889893e-02 4.795062541961669922e-02 5.017627403140068054e-02 4.171790927648544312e-02 4.080712795257568359e-02 5.052364617586135864e-02 1.571490895003080368e-03 2.217390201985836029e-02 3.228699043393135071e-02 2.751319203525781631e-03 5.674116685986518860e-02 3.953862190246582031e-02 3.131954465061426163e-03 5.179123487323522568e-03 7.183145731687545776e-03 9.294521063566207886e-03 7.782453298568725586e-02 9.037872403860092163e-02 1.927318051457405090e-03 2.559715649113059044e-03 1.099844835698604584e-02 5.185929685831069946e-02 1.385304331779479980e-02 3.299859538674354553e-02 6.134832277894020081e-03 8.402285166084766388e-03 5.407880991697311401e-02 1.861519180238246918e-02 5.228422582149505615e-03 2.273767627775669098e-02 2.540388144552707672e-02 2.755113504827022552e-02 3.738060221076011658e-02 9.268444031476974487e-03 2.501463703811168671e-02 1.862017816165462136e-04 7.081917021423578262e-03 4.538527689874172211e-03 3.227430582046508789e-02 4.588344693183898926e-02 1.972138881683349609e-03 6.173060974106192589e-04 1.871887827292084694e-03 1.282557994127273560e-01 2.625250630080699921e-02 4.947019740939140320e-02 4.308480769395828247e-02 3.399645909667015076e-02 2.887045219540596008e-02 3.974985703825950623e-02 9.467572905123233795e-03 3.545846790075302124e-02 2.507954370230436325e-03 2.137405797839164734e-02 1.921845413744449615e-02 1.491512637585401535e-03 1.827382855117321014e-02 6.750452332198619843e-03 1.319290883839130402e-02 2.956034615635871887e-02 2.118291333317756653e-02 5.368081852793693542e-02 1.625595614314079285e-02 1.039923802018165588e-01 9.069498628377914429e-03 3.218505531549453735e-02 1.245231181383132935e-02 1.395866088569164276e-02
