2.536540329456329346e-01 3.139483332633972168e-01 3.381766006350517273e-02 3.936086595058441162e-02 1.956840232014656067e-02 2.143354564905166626e-01 8.859030902385711670e-02 4.203539341688156128e-02 1.095013134181499481e-02 9.961795061826705933e-03 2.311808615922927856e-01 3.227122873067855835e-02 1.787229180335998535e-01 7.476452272385358810e-03 9.124622493982315063e-02 8.875577710568904877e-03 3.080504760146141052e-02 4.485566169023513794e-02 5.736405029892921448e-02 3.560008108615875244e-02 2.890528179705142975e-02 2.662013471126556396e-02 2.496073208749294281e-02 4.798131436109542847e-02 1.374513003975152969e-02 6.464451551437377930e-02 1.590915769338607788e-02 7.644055783748626709e-02 7.602992653846740723e-02 2.177543565630912781e-02 6.509292125701904297e-02 1.844744756817817688e-02 4.327940754592418671e-03 8.314567059278488159e-02 3.811229765415191650e-02 1.437248475849628448e-02 1.393551845103502274e-02 8.636166341602802277e-03 1.227545458823442459e-02 1.944330148398876190e-02 1.394077762961387634e-02 1.520998589694499969e-02 1.415702048689126968e-02 3.275154391303658485e-03 1.033670175820589066e-02 4.796173889189958572e-03 1.666502356529235840e-01 3.010125085711479187e-02 1.576657593250274658e-02 4.459537938237190247e-02 1.865129545331001282e-02 1.218447461724281311e-02 3.907404839992523193e-02 1.741338707506656647e-02 3.660044865682721138e-03 4.323098063468933105e-02 3.474845737218856812e-02 2.923022583127021790e-02 2.227425761520862579e-02 2.177281491458415985e-02 2.750856569036841393e-03 2.881613932549953461e-02 8.027448318898677826e-03 1.733006327413022518e-03 2.162596397101879120e-02 3.440310060977935791e-02 9.802428074181079865e-03 4.658623039722442627e-02 2.377265691757202148e-02 1.244338415563106537e-02 1.075858157128095627e-02 3.052309714257717133e-02 5.173275992274284363e-02 1.754280179738998413e-02 1.361396908760070801e-02 5.646110977977514267e-03 5.136342346668243408e-02 4.087091365363448858e-04 5.008256062865257263e-02 1.484404597431421280e-02 1.153744873590767384e-03 2.836946398019790649e-03 2.451598085463047028e-02 3.158428519964218140e-02 2.406498650088906288e-03 1.617543632164597511e-03 2.527901530265808105e-02 3.970113769173622131e-02 5.215795338153839111e-02 7.996028661727905273e-02 4.613110423088073730e-02 1.235769595950841904e-03 5.477835237979888916e-02 2.138221077620983124e-02 3.708842769265174866e-02 1.586971431970596313e-01 4.548429697751998901e-02 1.396189816296100616e-02 5.957687273621559143e-03 2.388160303235054016e-02 7.867798209190368652e-03 1.637068577110767365e-02 2.171018533408641815e-02 2.179053425788879395e-02 3.923310711979866028e-02 1.549139712005853653e-02 1.811773329973220825e-02 8.293217397294938564e-04 2.385409362614154816e-02 4.077546298503875732e-02 2.791517786681652069e-02 2.034427225589752197e-02 4.487405996769666672e-03 3.667380288243293762e-02 5.512829124927520752e-02 6.815902143716812134e-02
3.139483332633972168e-01 2.405938208103179932e-01 4.503270983695983887e-02 8.181316778063774109e-03 7.048533763736486435e-03 2.049542516469955444e-01 1.371879726648330688e-01 4.224800318479537964e-02 4.128209780901670456e-03 1.365117641398683190e-04 2.132918834686279297e-01 2.113008126616477966e-02 2.206611186265945435e-01 1.469686813652515411e-02 5.819692835211753845e-02 4.435279592871665955e-02 1.053452026098966599e-02 2.309189736843109131e-02 3.139635547995567322e-02 3.970179706811904907e-02 1.510388310998678207e-02 2.400449290871620178e-02 1.264973077923059464e-02 1.483154110610485077e-02 8.541038259863853455e-03 2.613764721900224686e-03 2.927958406507968903e-02 6.606995314359664917e-02 3.804650902748107910e-02 4.778606817126274109e-02 2.624494582414627075e-02 2.226503379642963409e-02 3.945306316018104553e-02 1.773845590651035309e-02 3.283318877220153809e-02 2.192056365311145782e-02 2.858236432075500488e-02 6.459945812821388245e-03 4.437268152832984924e-02 2.558829076588153839e-02 2.997259423136711121e-02 2.855384163558483124e-02 3.017298644408583641e-03 3.772330656647682190e-02 6.025377660989761353e-02 1.605276390910148621e-02 1.227710098028182983e-01 2.743258886039257050e-02 1.476859790273010731e-03 1.708078943192958832e-02 1.462704502046108246e-02 3.048458881676197052e-02 1.414291746914386749e-02 1.007571071386337280e-02 1.820516027510166168e-02 3.832741081714630127e-02 5.074729025363922119e-02 6.460475735366344452e-03 2.120668813586235046e-02 1.207462139427661896e-02 2.796769887208938599e-02 2.021940238773822784e-02 4.910132265649735928e-04 3.939337655901908875e-02 1.053215563297271729e-02 6.846635043621063232e-02 1.750776171684265137e-02 4.560170322656631470e-02 7.536340970546007156e-03 3.026096522808074951e-02 3.291150555014610291e-02 1.596357114613056183e-02 4.631508141756057739e-02 1.958982832729816437e-02 7.772805541753768921e-02 5.230994150042533875e-02 3.406598418951034546e-02 4.974666517227888107e-03 6.567782163619995117e-02 3.432273864746093750e-02 1.947780698537826538e-02 7.984471507370471954e-03 2.886115573346614838e-02 4.296282678842544556e-02 1.374243106693029404e-02 1.732905022799968719e-02 1.270349323749542236e-02 4.854272678494453430e-02 3.671654686331748962e-02 8.328431844711303711e-02 3.415878117084503174e-02 2.682672254741191864e-02 5.168520286679267883e-02 1.339841447770595551e-02 3.780190646648406982e-02 1.153350919485092163e-01 1.050474494695663452e-02 5.248171463608741760e-02 1.810314506292343140e-02 9.165204130113124847e-03 9.891345165669918060e-03 3.362188488245010376e-02 1.293247286230325699e-02 1.588623505085706711e-03 1.583771593868732452e-02 2.930816262960433960e-03 2.413989789783954620e-02 2.248429879546165466e-02 2.575653977692127228e-02 1.477060280740261078e-02 8.166705258190631866e-03 3.610862046480178833e-02 7.792131602764129639e-02 2.932051755487918854e-02 5.355958268046379089e-02 1.475179940462112427e-02
3.381766006350517273e-02 4.503270983695983887e-02 1.120849549770355225e-01 1.871334202587604523e-02 5.687252618372440338e-03 2.131142280995845795e-02 5.358078330755233765e-02 1.864688694477081299e-01 2.617840096354484558e-02 4.516690224409103394e-02 7.218311727046966553e-02 2.963686361908912659e-02 3.199565457180142403e-03 5.259595811367034912e-02 2.210169564932584763e-03 2.680970914661884308e-02 1.024234760552644730e-02 9.033360332250595093e-02 6.207427009940147400e-03 1.180618349462747574e-02 1.638328249100595713e-04 1.219798065721988678e-02 6.459753215312957764e-02 2.274395711719989777e-02 3.685826063156127930e-02 4.518848657608032227e-02 4.061375185847282410e-02 5.281216278672218323e-02 3.547376021742820740e-03 1.010080054402351379e-02 3.262918815016746521e-02 1.114023290574550629e-02 1.081670168787240982e-02 3.127565234899520874e-02 4.138017073273658752e-02 9.523822925984859467e-03 1.134585496038198471e-02 5.532359704375267029e-02 2.260145545005798340e-02 3.337233886122703552e-02 1.879840716719627380e-02 1.709943450987339020e-02 2.222504001110792160e-03 5.827944353222846985e-02 1.871229708194732666e-02 7.326876278966665268e-03 2.625169791281223297e-02 3.038996644318103790e-02 1.496227830648422241e-02 4.233885183930397034e-02 2.237023040652275085e-02 9.996365755796432495e-03 1.616130955517292023e-02 7.986149750649929047e-03 5.062260851263999939e-02 5.650584120303392410e-03 5.218354053795337677e-03 3.525513783097267151e-02 8.453828841447830200e-02 3.767433390021324158e-02 1.163625996559858322e-02 3.694526851177215576e-02 4.374038055539131165e-02 1.972032897174358368e-02 6.457502488046884537e-03 1.004109857603907585e-03 3.350848332047462463e-02 2.734381332993507385e-02 1.681634597480297089e-02 2.970175584778189659e-03 2.548679895699024200e-02 2.334930561482906342e-02 1.725499518215656281e-02 4.270049557089805603e-02 3.140700981020927429e-02 5.021382123231887817e-02 2.521442808210849762e-02 5.183120816946029663e-02 2.913923235610127449e-03 8.063175715506076813e-03 1.328136622905731201e-01 8.199387788772583008e-02 6.553837656974792480e-02 1.108712796121835709e-02 7.689211517572402954e-03 2.009440399706363678e-02 2.717767469584941864e-02 3.600711375474929810e-02 4.365015774965286255e-02 2.893473766744136810e-02 4.226071387529373169e-02 2.050893008708953857e-02 5.273375660181045532e-02 7.821219041943550110e-03 2.621881663799285889e-02 3.870915621519088745e-02 1.367585174739360809e-02 4.321663454174995422e-02 1.570366136729717255e-02 4.869405925273895264e-02 3.340895753353834152e-03 4.411556199193000793e-02 3.467987105250358582e-02 3.838893491774797440e-03 2.800494059920310974e-02 5.810029059648513794e-02 4.434287175536155701e-02 3.093678876757621765e-02 8.914889395236968994e-02 3.778673335909843445e-02 2.627705223858356476e-02 2.670293906703591347e-04 3.315627202391624451e-02 3.362608142197132111e-03 2.107942418660968542e-04 1.780932955443859100e-02
3.936086595058441162e-02 8.181316778063774109e-03 1.871334202587604523e-02 1.985470950603485107e-01 1.661876589059829712e-01 3.021034598350524902e-02 1.552648842334747314e-02 3.088795393705368042e-02 2.698932029306888580e-02 7.793550845235586166e-03 4.774799570441246033e-03 1.293207518756389618e-02 1.264307554811239243e-02 3.297298774123191833e-02 1.524491421878337860e-02 1.805212534964084625e-02 1.062504388391971588e-02 4.734138771891593933e-02 6.962931249290704727e-03 4.818724002689123154e-03 1.890151575207710266e-02 1.615247689187526703e-02 3.677532821893692017e-02 4.626299813389778137e-02 2.341374009847640991e-02 6.539768219226971269e-05 1.807640120387077332e-02 1.525056082755327225e-02 1.456214021891355515e-02 1.158012263476848602e-02 6.197256222367286682e-02 3.980467468500137329e-02 1.310507580637931824e-02 8.151475340127944946e-03 2.337733050808310509e-03 5.461402237415313721e-02 9.522646665573120117e-03 2.906748838722705841e-02 1.711353957653045654e-01 1.030357703566551208e-01 8.918339386582374573e-03 3.561521694064140320e-02 4.619142413139343262e-02 6.614543031901121140e-03 2.117305248975753784e-02 4.423955455422401428e-02 2.523913979530334473e-02 1.142603158950805664e-02 2.105935849249362946e-02 1.914856838993728161e-03 1.572629623115062714e-02 3.908797167241573334e-03 2.209849655628204346e-02 3.075949475169181824e-02 6.978390738368034363e-03 2.901423722505569458e-02 2.723078988492488861e-02 2.096462761983275414e-03 4.796274751424789429e-02 2.499772235751152039e-02 4.827184602618217468e-03 9.155781939625740051e-03 4.323361814022064209e-02 6.018032319843769073e-03 5.472829565405845642e-02 2.702632453292608261e-03 3.474240656942129135e-03 2.717608958482742310e-02 2.106376923620700836e-02 2.316884463652968407e-03 4.384296387434005737e-02 3.850573673844337463e-02 2.009002566337585449e-01 3.269248455762863159e-02 1.050255894660949707e-01 4.334023222327232361e-02 8.132455870509147644e-03 1.918086083605885506e-03 3.654526174068450928e-02 9.573026560246944427e-03 1.888042315840721130e-02 7.481004111468791962e-03 1.066649779677391052e-01 1.916048862040042877e-02 1.004644576460123062e-02 1.795340143144130707e-02 2.204740606248378754e-02 6.022862717509269714e-02 3.834760934114456177e-02 4.451275616884231567e-02 5.400164425373077393e-02 5.886644590646028519e-03 3.736163675785064697e-02 3.789766132831573486e-02 9.702989459037780762e-02 2.893939241766929626e-02 5.358813330531120300e-02 6.563740968704223633e-02 8.082711137831211090e-03 2.325727976858615875e-02 5.347350146621465683e-03 6.636445876210927963e-03 4.359223321080207825e-02 3.192726150155067444e-02 4.399181157350540161e-02 1.894912123680114746e-02 2.178773097693920135e-02 2.079106122255325317e-02 6.817367859184741974e-03 2.810950390994548798e-02 1.962899230420589447e-02 1.931652612984180450e-02 6.317886989563703537e-03 1.333260722458362579e-02 2.916169166564941406e-02 9.331448003649711609e-03
1.956840232014656067e-02 7.048533763736486435e-03 5.687252618372440338e-03 1.661876589059829712e-01 2.155753076076507568e-01 6.568310316652059555e-03 4.940477013587951660e-02 3.749283775687217712e-02 4.484613891690969467e-03 3.169866104144603014e-04 4.178594332188367844e-03 2.191822417080402374e-02 5.823082849383354187e-02 3.257840871810913086e-02 1.829052530229091644e-02 3.052100352942943573e-02 2.370679751038551331e-02 3.828957676887512207e-02 1.376256998628377914e-02 1.317425165325403214e-02 1.226695161312818527e-02 2.683744207024574280e-02 1.375438552349805832e-02 1.496340800076723099e-02 3.718570619821548462e-02 7.212889380753040314e-03 3.548967093229293823e-02 3.285748511552810669e-02 1.671423017978668213e-02 1.414431910961866379e-02 5.250063911080360413e-02 4.369502514600753784e-02 4.291588068008422852e-02 3.667543083429336548e-02 4.493664577603340149e-02 4.028268530964851379e-02 2.072141505777835846e-02 2.113784477114677429e-02 1.336240768432617188e-01 1.147081479430198669e-01 1.400604471564292908e-02 3.567349538207054138e-02 4.024422168731689453e-02 4.151542857289314270e-02 3.171437419950962067e-03 1.732284761965274811e-02 7.004785817116498947e-03 2.872668579220771790e-02 2.911642193794250488e-02 7.919912226498126984e-03 6.079728715121746063e-03 3.155439393594861031e-03 2.541714906692504883e-02 4.479812830686569214e-02 2.115821652114391327e-02 5.395330488681793213e-03 1.296571269631385803e-02 6.019688770174980164e-02 4.499631468206644058e-03 6.390453130006790161e-02 6.243006326258182526e-03 4.008455201983451843e-02 3.044827608391642570e-04 3.269341588020324707e-02 3.766533359885215759e-02 5.490737035870552063e-02 2.393752895295619965e-02 1.958597823977470398e-02 2.803089842200279236e-02 1.898153132060542703e-04 5.588541924953460693e-02 3.160065412521362305e-02 1.268582046031951904e-01 6.323420675471425056e-04 1.228029504418373108e-01 6.787410471588373184e-03 1.617517136037349701e-02 1.326916366815567017e-02 5.950463470071554184e-03 6.911431904882192612e-03 4.105038568377494812e-02 2.812049724161624908e-02 8.574698120355606079e-02 4.382016882300376892e-02 3.779591526836156845e-03 8.748577907681465149e-03 1.630351506173610687e-02 2.420555055141448975e-02 1.777089014649391174e-02 3.372588381171226501e-02 1.542035583406686783e-02 3.208068956155329943e-04 3.265207633376121521e-02 4.420162737369537354e-02 6.724368035793304443e-02 2.389897964894771576e-02 2.978394553065299988e-02 3.888440132141113281e-02 6.746562663465738297e-03 8.025407791137695312e-03 2.421557717025279999e-02 2.228653430938720703e-02 3.686203062534332275e-02 2.443009056150913239e-02 3.357262536883354187e-02 7.099409401416778564e-02 2.738238498568534851e-02 1.863650977611541748e-02 6.798635236918926239e-03 2.428945526480674744e-02 7.858717814087867737e-03 1.375809777528047562e-02 2.001972123980522156e-02 6.408780813217163086e-03 8.832326158881187439e-03 1.838289760053157806e-02
2.143354564905166626e-01 2.049542516469955444e-01 2.131142280995845795e-02 3.021034598350524902e-02 6.568310316652059555e-03 2.343473881483078003e-01 2.254017442464828491e-01 7.431304454803466797e-02 2.990232314914464951e-03 3.098907880485057831e-02 1.175145059823989868e-01 9.202425181865692139e-02 8.314420282840728760e-02 9.310688078403472900e-02 9.104412049055099487e-03 2.057461068034172058e-02 2.777509018778800964e-02 4.784537479281425476e-02 3.461870178580284119e-02 1.928701251745223999e-02 3.255781531333923340e-02 3.894522413611412048e-02 3.624095022678375244e-02 1.362497825175523758e-02 2.570308744907379150e-03 2.258587256073951721e-02 4.339375533163547516e-03 9.769128262996673584e-02 1.215048506855964661e-02 1.359081417322158813e-01 1.304135750979185104e-02 3.499978035688400269e-02 4.263585805892944336e-02 7.728261873126029968e-03 1.139213051646947861e-02 5.940682720392942429e-03 1.558483857661485672e-02 2.196607924997806549e-02 9.776378422975540161e-02 2.936725504696369171e-03 4.449570551514625549e-03 3.612917289137840271e-02 1.129365153610706329e-02 5.636921152472496033e-02 8.951041963882744312e-04 8.539062738418579102e-02 2.045608311891555786e-01 5.128207430243492126e-02 4.615577310323715210e-02 2.971001341938972473e-02 3.779564052820205688e-02 4.367702826857566833e-02 2.794845215976238251e-02 2.014141529798507690e-02 3.351214528083801270e-02 4.837437346577644348e-02 6.947137298993766308e-04 1.911544241011142731e-02 2.269857749342918396e-02 5.155156552791595459e-02 6.005758419632911682e-02 4.868058953434228897e-03 4.100436344742774963e-02 3.424336388707160950e-02 4.913819581270217896e-02 5.201506242156028748e-02 3.064761124551296234e-02 7.865927368402481079e-02 4.980958625674247742e-02 9.043326601386070251e-03 2.680537104606628418e-02 5.413712188601493835e-02 5.085428431630134583e-02 3.160311281681060791e-02 4.444510862231254578e-02 3.050832450389862061e-02 5.240791290998458862e-02 1.190332230180501938e-02 1.460206788033246994e-02 1.090274304151535034e-01 1.141354441642761230e-02 4.599806666374206543e-02 6.791573483496904373e-03 1.773690991103649139e-02 2.527673728764057159e-03 2.954709716141223907e-02 4.236969724297523499e-02 5.235879868268966675e-02 6.465072184801101685e-02 9.430111199617385864e-02 3.898689150810241699e-02 1.958791352808475494e-02 2.410789765417575836e-02 4.197920113801956177e-02 3.272148896940052509e-04 5.023166164755821228e-02 2.411616034805774689e-02 9.016978554427623749e-03 3.872387483716011047e-02 4.337744414806365967e-02 8.843110874295234680e-03 6.867664307355880737e-02 2.279899269342422485e-02 1.195250730961561203e-02 3.591092303395271301e-02 4.389963299036026001e-02 7.164591457694768906e-03 3.406750783324241638e-02 3.171366453170776367e-02 3.977759182453155518e-02 1.983284018933773041e-02 1.238618697971105576e-02 3.401869162917137146e-02 1.603922434151172638e-02 1.663994975388050079e-02 2.743291668593883514e-02
8.859030902385711670e-02 1.371879726648330688e-01 5.358078330755233765e-02 1.552648842334747314e-02 4.940477013587951660e-02 2.254017442464828491e-01 2.225651293992996216e-01 2.318304404616355896e-02 3.334541618824005127e-02 9.128226339817047119e-02 9.230691939592361450e-02 1.712298020720481873e-02 8.935901522636413574e-02 8.794054388999938965e-02 3.692215308547019958e-02 5.899626296013593674e-03 4.164331406354904175e-02 3.534638788551092148e-03 1.072537675499916077e-01 2.304108254611492157e-02 4.343613237142562866e-02 3.197725117206573486e-02 4.072964191436767578e-03 2.077665738761425018e-02 2.698915638029575348e-02 1.570230349898338318e-02 2.527931332588195801e-02 1.444907020777463913e-02 5.051922425627708435e-02 6.455562263727188110e-02 2.105558477342128754e-02 1.609549857676029205e-02 4.835611954331398010e-02 2.704435214400291443e-02 3.837750479578971863e-02 2.376725524663925171e-02 7.456427440047264099e-03 4.635663703083992004e-02 7.596122473478317261e-02 3.459770232439041138e-02 1.300287712365388870e-02 4.434826970100402832e-02 3.164539113640785217e-02 8.076543919742107391e-03 3.123793564736843109e-02 1.324781961739063263e-02 1.481452733278274536e-01 1.283570080995559692e-01 3.718707337975502014e-02 4.936286131851375103e-05 1.314317062497138977e-02 3.132187062874436378e-03 1.798753999173641205e-02 1.345845032483339310e-02 5.393493175506591797e-02 7.735948264598846436e-02 1.195512525737285614e-02 7.305579632520675659e-02 3.599770367145538330e-02 6.086178869009017944e-02 6.873800605535507202e-02 6.149843335151672363e-03 4.600080102682113647e-02 3.700231388211250305e-02 8.202357217669487000e-03 5.390743911266326904e-02 9.954423457384109497e-02 7.240556180477142334e-02 4.162414744496345520e-02 6.028499454259872437e-02 2.265993691980838776e-02 6.415687501430511475e-02 5.131223797798156738e-02 8.429596573114395142e-02 6.117685511708259583e-02 1.993772760033607483e-02 4.369646310806274414e-02 5.698471516370773315e-02 5.116309039294719696e-03 4.748282022774219513e-03 6.465987302362918854e-03 4.042854532599449158e-02 4.607903584837913513e-02 4.076206311583518982e-02 2.817995846271514893e-03 4.157460480928421021e-02 5.393903702497482300e-02 6.116490066051483154e-02 4.321569949388504028e-02 1.295167356729507446e-01 1.507389172911643982e-02 4.168869927525520325e-02 1.788710616528987885e-02 5.181198194622993469e-02 1.902502961456775665e-02 3.784880787134170532e-02 7.533574826084077358e-04 5.511365830898284912e-03 1.441608183085918427e-02 3.933425620198249817e-02 3.402701346203684807e-03 1.826466061174869537e-02 5.832049250602722168e-02 5.626900494098663330e-02 7.482636719942092896e-03 6.200228631496429443e-02 1.902187988162040710e-02 2.601449750363826752e-02 5.338666960597038269e-03 7.030954211950302124e-02 7.797241210937500000e-03 3.492103517055511475e-02 1.593128964304924011e-02 2.828132547438144684e-02 1.791674643754959106e-02 7.629062980413436890e-02
4.203539341688156128e-02 4.224800318479537964e-02 1.864688694477081299e-01 3.088795393705368042e-02 3.749283775687217712e-02 7.431304454803466797e-02 2.318304404616355896e-02 1.322486549615859985e-01 3.384999185800552368e-02 1.270864252001047134e-02 4.849396273493766785e-02 2.608023583889007568e-02 3.262621583417057991e-03 2.203815616667270660e-02 1.481595486402511597e-01 3.613019734621047974e-02 1.678901538252830505e-02 9.063050150871276855e-02 6.366465706378221512e-03 4.930422082543373108e-02 4.566051438450813293e-02 7.106940448284149170e-02 2.534046396613121033e-02 5.518237128853797913e-03 7.147050462663173676e-03 4.560304060578346252e-02 3.288291022181510925e-02 4.651682823896408081e-02 2.695517800748348236e-02 1.447486318647861481e-02 1.762582734227180481e-02 3.946607932448387146e-02 2.849664539098739624e-02 1.398361288011074066e-03 6.004813127219676971e-03 6.092020124197006226e-02 9.591343253850936890e-02 7.480698823928833008e-02 2.246454171836376190e-02 8.353302255272865295e-03 1.500769704580307007e-02 3.601354360580444336e-02 4.407025407999753952e-03 9.713470935821533203e-03 1.743632741272449493e-02 1.808414980769157410e-02 3.602544218301773071e-02 2.353616058826446533e-02 6.629536394029855728e-03 6.160165183246135712e-03 4.502952098846435547e-02 3.465686365962028503e-02 2.922737598419189453e-02 2.600987069308757782e-02 2.123418077826499939e-02 1.506839785724878311e-02 3.923918586224317551e-03 3.006418235599994659e-02 6.696465425193309784e-03 7.950753904879093170e-03 2.691197581589221954e-02 4.757869988679885864e-02 2.458285912871360779e-02 3.388814162462949753e-03 4.754479601979255676e-02 4.325250908732414246e-02 5.402702093124389648e-02 3.319039568305015564e-02 4.109918698668479919e-02 2.473703399300575256e-02 4.756163060665130615e-02 1.570626161992549896e-02 1.477742753922939301e-02 6.171725690364837646e-02 6.186604127287864685e-02 6.498400866985321045e-02 1.512598805129528046e-02 2.209552563726902008e-02 3.590821102261543274e-02 4.182999581098556519e-02 2.114809453487396240e-01 1.270416676998138428e-01 8.960250020027160645e-02 8.348139002919197083e-03 3.429698944091796875e-02 3.585126623511314392e-02 1.347083300352096558e-01 3.067221492528915405e-02 5.024969577789306641e-02 1.032445859163999557e-02 3.474843874573707581e-02 1.760231144726276398e-02 3.329164907336235046e-02 1.288276258856058121e-02 1.649014465510845184e-02 6.049886578693985939e-04 1.446598558686673641e-03 4.200690612196922302e-02 1.280766911804676056e-02 6.776440143585205078e-02 3.526753513142466545e-03 7.776629924774169922e-02 3.332965448498725891e-02 2.880636230111122131e-02 6.309499591588973999e-02 7.052560895681381226e-02 7.770597934722900391e-03 3.238298743963241577e-02 1.055379062891006470e-01 2.543726749718189240e-02 2.440331503748893738e-02 1.124064810574054718e-02 7.703337818384170532e-02 6.836123019456863403e-02 3.143215551972389221e-02 1.563770783832296729e-04
1.095013134181499481e-02 4.128209780901670456e-03 2.617840096354484558e-02 2.698932029306888580e-02 4.484613891690969467e-03 2.990232314914464951e-03 3.334541618824005127e-02 3.384999185800552368e-02 1.480659246444702148e-01 8.243239670991897583e-02 5.836499854922294617e-03 7.478306442499160767e-02 2.736983634531497955e-02 7.899696938693523407e-03 8.972137421369552612e-02 1.934551633894443512e-02 1.841194345615804195e-03 1.158760264515876770e-01 1.625196635723114014e-02 2.355294674634933472e-02 3.251000866293907166e-02 2.449875138700008392e-02 1.907864399254322052e-02 9.122572839260101318e-03 1.912376377731561661e-03 5.181172862648963928e-03 1.635050773620605469e-02 4.618789255619049072e-02 6.656104698777198792e-03 7.321023941040039062e-02 4.716852679848670959e-02 2.086313068866729736e-02 3.138480475172400475e-03 4.802342131733894348e-02 2.560781687498092651e-02 4.211505129933357239e-02 9.621911449357867241e-04 1.027070544660091400e-02 4.528735205531120300e-02 3.142128884792327881e-02 1.566543988883495331e-02 5.781789869070053101e-02 5.125878844410181046e-03 3.237751498818397522e-02 1.615745574235916138e-02 6.028275564312934875e-02 7.994570583105087280e-02 5.684231221675872803e-02 1.259983479976654053e-01 3.396733105182647705e-02 4.418797418475151062e-02 6.198988761752843857e-03 5.564559623599052429e-02 5.038517992943525314e-03 1.118485704064369202e-01 4.621318355202674866e-02 3.424832969903945923e-02 2.992384321987628937e-02 4.217208921909332275e-02 4.412391781806945801e-02 5.028297752141952515e-02 3.098754445090889931e-03 1.322549767792224884e-02 5.525375716388225555e-03 3.234360134229063988e-03 4.846855625510215759e-02 4.330134391784667969e-02 4.653476923704147339e-02 5.396390333771705627e-02 1.095153205096721649e-02 1.977922581136226654e-02 3.959181904792785645e-02 4.759486764669418335e-02 4.285262152552604675e-02 4.139458760619163513e-02 2.971133217215538025e-02 1.911377757787704468e-01 1.206178367137908936e-01 2.307342924177646637e-02 2.381348796188831329e-02 1.781375706195831299e-02 1.574326306581497192e-02 6.300663203001022339e-02 4.329005628824234009e-02 4.977246001362800598e-02 3.257697820663452148e-02 1.371371652930974960e-02 1.241708826273679733e-02 1.099958345293998718e-01 5.773136764764785767e-02 9.087970107793807983e-02 3.126206621527671814e-02 3.534109890460968018e-02 1.430816855281591415e-02 6.330384314060211182e-02 4.786428809165954590e-02 2.290264889597892761e-02 3.790290653705596924e-02 7.278595864772796631e-02 5.065713822841644287e-02 6.898494437336921692e-03 1.573672867380082607e-03 4.832427948713302612e-03 2.029124833643436432e-02 2.941904123872518539e-03 6.175667047500610352e-02 5.460519716143608093e-02 2.449052594602108002e-02 2.298819832503795624e-02 3.548751026391983032e-02 2.996277250349521637e-02 1.139995642006397247e-02 2.992178127169609070e-02 1.273299846798181534e-02 2.514050342142581940e-02 7.199449837207794189e-02
9.961795061826705933e-03 1.365117641398683190e-04 4.516690224409103394e-02 7.793550845235586166e-03 3.169866104144603014e-04 3.098907880485057831e-02 9.128226339817047119e-02 1.270864252001047134e-02 8.243239670991897583e-02 1.536654084920883179e-01 3.781566047109663486e-04 2.432110346853733063e-02 3.332927590236067772e-03 6.450275331735610962e-02 1.401405222713947296e-02 1.072165556252002716e-02 2.178563177585601807e-02 3.087486885488033295e-02 8.603516966104507446e-02 2.163853496313095093e-02 3.459004312753677368e-02 3.728606551885604858e-02 3.220504894852638245e-02 5.202222615480422974e-02 4.937148187309503555e-03 9.809118695557117462e-03 4.722158983349800110e-02 5.435883998870849609e-02 1.316675543785095215e-02 4.303020983934402466e-02 3.169199451804161072e-02 5.194446071982383728e-02 2.991032786667346954e-02 8.162152022123336792e-03 7.708881981670856476e-03 2.709349431097507477e-02 3.115145489573478699e-02 2.315442450344562531e-02 4.603569209575653076e-02 8.609108626842498779e-03 4.168472718447446823e-03 1.447343733161687851e-03 7.547827437520027161e-03 1.388074830174446106e-02 5.479685217142105103e-02 1.999584957957267761e-02 2.986430376768112183e-02 3.355678543448448181e-02 1.209284085780382156e-02 1.573954671621322632e-01 4.757123813033103943e-02 6.219269335269927979e-02 1.191316265612840652e-02 1.891158148646354675e-02 1.880627474747598171e-03 1.099978163838386536e-01 4.445349052548408508e-02 1.809186115860939026e-02 6.698352750390768051e-03 2.835537493228912354e-02 4.362458735704421997e-02 7.024413440376520157e-03 6.584620475769042969e-02 2.827177755534648895e-02 5.915744230151176453e-02 2.632802166044712067e-02 8.165412582457065582e-03 3.775170817971229553e-02 3.617516160011291504e-02 3.277355432510375977e-02 5.772689357399940491e-02 1.250474248081445694e-02 6.017873436212539673e-02 3.004381433129310608e-02 3.995170444250106812e-02 1.888490095734596252e-02 2.170799300074577332e-02 1.422934383153915405e-01 8.183401077985763550e-03 9.542933106422424316e-02 1.080629322677850723e-02 2.680494822561740875e-02 2.061687968671321869e-02 1.025011986494064331e-01 6.353405769914388657e-03 3.034653142094612122e-02 3.814956173300743103e-02 9.951600804924964905e-03 3.482046350836753845e-02 1.179203614592552185e-01 6.400769948959350586e-02 2.403217367827892303e-02 2.925461158156394958e-02 1.831000484526157379e-02 7.153337821364402771e-03 2.199035882949829102e-02 1.777408272027969360e-02 5.967214703559875488e-02 6.596676539629697800e-03 2.317878045141696930e-02 3.678127657622098923e-03 1.474339142441749573e-02 4.349387809634208679e-02 2.961742691695690155e-02 9.661734104156494141e-03 2.702654525637626648e-02 1.619496010243892670e-02 5.974642187356948853e-02 1.216542907059192657e-02 2.681301720440387726e-02 3.947570547461509705e-02 4.202453419566154480e-03 1.700796745717525482e-02 2.166874706745147705e-02 7.506380323320627213e-03 5.902550742030143738e-02
2.311808615922927856e-01 2.132918834686279297e-01 7.218311727046966553e-02 4.774799570441246033e-03 4.178594332188367844e-03 1.175145059823989868e-01 9.230691939592361450e-02 4.849396273493766785e-02 5.836499854922294617e-03 3.781566047109663486e-04 2.260071486234664917e-01 3.214858099818229675e-02 1.823830157518386841e-01 5.955585092306137085e-02 3.639820497483015060e-03 1.444196235388517380e-02 6.704760598950088024e-04 3.306555096060037613e-03 2.394595183432102203e-02 1.835869811475276947e-02 2.889771945774555206e-02 7.241512835025787354e-02 3.721674904227256775e-02 1.744432747364044189e-02 8.051577024161815643e-03 3.078021295368671417e-02 6.326435506343841553e-02 5.306184664368629456e-02 7.942989468574523926e-02 6.994588673114776611e-02 6.976563483476638794e-02 3.478719294071197510e-02 1.257727667689323425e-02 1.442353054881095886e-02 2.241654135286808014e-02 3.220012411475181580e-02 1.010253094136714935e-02 4.001915454864501953e-03 2.394890785217285156e-02 5.045092105865478516e-02 8.482482284307479858e-03 5.499583855271339417e-02 1.602732576429843903e-02 3.887269273400306702e-02 1.141935400664806366e-02 5.378464981913566589e-02 1.541496068239212036e-01 4.240301623940467834e-02 3.680450096726417542e-02 1.990034990012645721e-02 5.058025009930133820e-03 2.478303574025630951e-02 1.102889142930507660e-02 3.638656809926033020e-02 4.872021079063415527e-02 1.815830729901790619e-02 1.625124551355838776e-02 2.752716466784477234e-02 4.342965316027402878e-03 3.826095536351203918e-02 5.281285569071769714e-02 1.932359673082828522e-02 2.227829769253730774e-02 5.399150401353836060e-02 6.003615260124206543e-02 5.139011889696121216e-02 4.987042024731636047e-02 5.528003349900245667e-02 2.145050466060638428e-02 1.607498899102210999e-02 5.363333225250244141e-02 2.833473263308405876e-04 1.605043932795524597e-02 1.090815663337707520e-02 1.640669815242290497e-02 1.272886898368597031e-02 7.596302777528762817e-03 3.398110717535018921e-02 5.261487886309623718e-02 3.506968915462493896e-02 5.390624515712261200e-03 3.543398156762123108e-02 5.859336815774440765e-04 1.848755776882171631e-02 1.302426774054765701e-02 3.134565427899360657e-02 9.498786181211471558e-03 4.490497335791587830e-02 9.905111044645309448e-03 4.216518625617027283e-02 1.101859435439109802e-01 7.797750085592269897e-02 4.531328752636909485e-02 1.721432246267795563e-02 3.176776319742202759e-02 1.959584839642047882e-02 1.498693972826004028e-02 9.737494401633739471e-03 3.181683132424950600e-03 1.989434007555246353e-03 4.505741223692893982e-02 1.558147743344306946e-02 3.508684923872351646e-03 1.881478587165474892e-03 3.869934752583503723e-02 4.163618758320808411e-02 1.976986229419708252e-02 5.706760287284851074e-02 2.190873026847839355e-02 2.804953418672084808e-02 5.112701095640659332e-03 4.755106940865516663e-02 3.753019496798515320e-02 1.150929648429155350e-02 2.633804269134998322e-02 5.369869247078895569e-02
3.227122873067855835e-02 2.113008126616477966e-02 2.963686361908912659e-02 1.293207518756389618e-02 2.191822417080402374e-02 9.202425181865692139e-02 1.712298020720481873e-02 2.608023583889007568e-02 7.478306442499160767e-02 2.432110346853733063e-02 3.214858099818229675e-02 2.105865031480789185e-01 3.979805484414100647e-02 2.222942411899566650e-01 8.756617456674575806e-02 8.852775208652019501e-03 2.660067565739154816e-02 3.881830349564552307e-02 4.718177020549774170e-02 8.707347325980663300e-03 4.400349035859107971e-02 2.007445320487022400e-02 6.689341738820075989e-03 4.964914172887802124e-02 3.056453913450241089e-02 5.068646743893623352e-02 1.758092641830444336e-02 2.018664926290512085e-01 2.374574355781078339e-02 1.341269910335540771e-01 4.661308601498603821e-02 2.529894746840000153e-02 3.557707741856575012e-02 2.116512972861528397e-03 2.972238324582576752e-02 4.491201043128967285e-02 3.240341320633888245e-02 1.410308480262756348e-02 3.679146245121955872e-02 1.140968501567840576e-02 1.173483021557331085e-02 3.519573807716369629e-02 4.661615565419197083e-02 1.346137840300798416e-02 1.518711745738983154e-01 9.528138488531112671e-02 4.075653478503227234e-02 3.021335043013095856e-02 8.563140034675598145e-02 7.907823473215103149e-02 7.378415670245885849e-03 8.707101643085479736e-02 2.608273737132549286e-02 1.968979090452194214e-02 2.441774681210517883e-02 4.494427517056465149e-02 4.453941434621810913e-02 4.990645870566368103e-02 2.140528522431850433e-02 2.972889132797718048e-02 9.146261028945446014e-03 1.823156699538230896e-02 3.995533566921949387e-03 4.979324340820312500e-02 3.994369879364967346e-03 5.690161138772964478e-03 2.908771857619285583e-02 2.716606110334396362e-02 3.498773276805877686e-02 7.916511036455631256e-03 4.388561099767684937e-02 1.333066448569297791e-02 6.485607475042343140e-02 1.744896918535232544e-02 2.099905349314212799e-02 2.696126326918601990e-02 6.613121181726455688e-02 5.706956237554550171e-02 8.700089901685714722e-02 3.524729609489440918e-02 1.685844361782073975e-02 2.310993149876594543e-03 2.559789270162582397e-02 7.093775272369384766e-02 4.812946915626525879e-02 5.389764532446861267e-02 1.529744267463684082e-02 1.916192821227014065e-03 1.346006989479064941e-01 2.042569592595100403e-02 1.389333046972751617e-03 9.845067979767918587e-04 4.270317032933235168e-02 3.293004631996154785e-02 9.315757080912590027e-03 4.371601622551679611e-03 1.895921118557453156e-02 1.569111272692680359e-02 6.763480603694915771e-02 2.886832132935523987e-02 1.898463256657123566e-02 2.905884198844432831e-02 3.240140154957771301e-02 6.923011504113674164e-03 3.552835434675216675e-02 7.424867898225784302e-02 3.125401213765144348e-02 3.560997545719146729e-02 1.256338227540254593e-02 2.338590472936630249e-02 2.844653651118278503e-02 8.754219114780426025e-02 5.015830695629119873e-02 6.780587881803512573e-02 6.241802871227264404e-02 2.529248036444187164e-02
1.787229180335998535e-01 2.206611186265945435e-01 3.199565457180142403e-03 1.264307554811239243e-02 5.823082849383354187e-02 8.314420282840728760e-02 8.935901522636413574e-02 3.262621583417057991e-03 2.736983634531497955e-02 3.332927590236067772e-03 1.823830157518386841e-01 3.979805484414100647e-02 1.718361824750900269e-01 8.044502139091491699e-02 1.143836453557014465e-01 2.627340704202651978e-02 4.713828861713409424e-02 5.269305035471916199e-02 7.423988729715347290e-02 5.831907317042350769e-02 4.626742005348205566e-02 4.828414320945739746e-02 1.733775995671749115e-02 2.055642893537878990e-03 3.459078073501586914e-02 2.966066636145114899e-02 6.038927659392356873e-02 1.386440917849540710e-02 3.265655040740966797e-02 3.598113730549812317e-02 6.526884157210588455e-03 1.960196904838085175e-02 3.341058967635035515e-03 1.251711975783109665e-02 2.861928567290306091e-02 3.736679628491401672e-02 4.023860208690166473e-03 4.548669978976249695e-02 6.247854232788085938e-02 7.888185977935791016e-02 1.061211712658405304e-02 4.346495959907770157e-03 3.544081375002861023e-02 2.690082602202892303e-02 4.815846309065818787e-02 7.782699912786483765e-02 9.951963275671005249e-02 9.477796964347362518e-03 4.648997262120246887e-02 2.900100313127040863e-02 3.023255802690982819e-02 2.320479787886142731e-02 3.023704700171947479e-02 7.839645259082317352e-03 4.485202953219413757e-03 4.827167838811874390e-02 6.015459820628166199e-02 1.820880360901355743e-02 1.356483437120914459e-02 4.755060002207756042e-02 4.934229329228401184e-02 1.316767092794179916e-02 2.437504567205905914e-02 2.835213951766490936e-02 2.094358392059803009e-02 1.081342622637748718e-01 3.256818652153015137e-02 2.338941954076290131e-02 5.694432184100151062e-02 2.273640362545847893e-03 1.738451980054378510e-02 5.366612598299980164e-02 2.468474023044109344e-02 3.653872525319457054e-03 5.636432766914367676e-02 4.730632994323968887e-03 9.203159715980291367e-04 1.561875455081462860e-02 4.786591976881027222e-02 8.185490965843200684e-03 2.661071158945560455e-02 1.982968067750334740e-03 7.090021856129169464e-03 3.600997850298881531e-02 3.770881518721580505e-02 6.684037391096353531e-03 2.671144530177116394e-02 7.631912827491760254e-02 4.704156145453453064e-02 7.631584256887435913e-02 3.432444110512733459e-02 1.057832315564155579e-02 6.541526317596435547e-02 6.355015188455581665e-02 2.288825437426567078e-02 5.638721957802772522e-02 3.375963121652603149e-02 5.287347361445426941e-02 9.815529920160770416e-03 2.434306219220161438e-02 2.854616194963455200e-02 4.737700801342725754e-03 4.563127085566520691e-02 4.086567834019660950e-02 1.451839972287416458e-02 2.472238987684249878e-02 1.334796939045190811e-02 4.630530253052711487e-02 2.519198693335056305e-02 4.033819958567619324e-02 2.197717316448688507e-02 4.672542586922645569e-02 9.843809530138969421e-03 2.870370075106620789e-02 3.002914413809776306e-02 6.306126713752746582e-02
