1.022203341126441956e-01 2.182131260633468628e-01 2.009209245443344116e-02 8.076372556388378143e-03 4.525493457913398743e-02 2.306589186191558838e-01 1.467769742012023926e-01 5.635464563965797424e-03 4.016745090484619141e-02 1.702202111482620239e-02 1.843440085649490356e-01 2.895521698519587517e-03 1.682641208171844482e-01 5.892862379550933838e-02 3.517182171344757080e-02 7.359733805060386658e-03 2.887376397848129272e-02 5.319758132100105286e-02 2.932963892817497253e-02 8.013765327632427216e-03 2.413119375705718994e-02 7.565581798553466797e-02 1.085220836102962494e-02 1.586883910931646824e-03 1.260795909911394119e-02 2.404260635375976562e-02 1.588224060833454132e-02 3.017739020287990570e-02 6.931245326995849609e-02 2.876197360455989838e-02 4.450087249279022217e-02 2.963852509856224060e-02 4.271263629198074341e-02 5.145816877484321594e-02 6.363192945718765259e-02 2.854565344750881195e-02 4.133810847997665405e-02 2.094270847737789154e-02 2.851706929504871368e-02 1.516048051416873932e-02 2.825422957539558411e-02 2.359663881361484528e-02 4.736724309623241425e-03 2.716866787523031235e-03 3.566351160407066345e-02 3.094295039772987366e-02 5.117683112621307373e-02 6.722891330718994141e-02 3.222823888063430786e-02 7.709303172305226326e-04 2.283098921179771423e-02 3.009772114455699921e-02 2.347177127376198769e-03 4.118513315916061401e-03 4.943851754069328308e-02 9.572173468768596649e-03 1.430068258196115494e-02 4.312704876065254211e-02 3.108314611017704010e-02 2.027366310358047485e-02 8.826318196952342987e-03 2.733368799090385437e-02 3.863953053951263428e-02 4.315679520368576050e-02 1.753911934792995453e-02 2.221235074102878571e-02 3.241686150431632996e-02 4.758933559060096741e-03 4.478965699672698975e-02 3.283691033720970154e-02 1.643079519271850586e-02 3.327403962612152100e-02 2.623938582837581635e-02 5.632091313600540161e-02 2.600931329652667046e-04 1.936635747551918030e-02 6.588143855333328247e-02 1.868543401360511780e-02 6.271501071751117706e-03 9.221766144037246704e-03 1.369581185281276703e-02 2.411160618066787720e-02 4.773992300033569336e-02 4.901861399412155151e-02 1.518474519252777100e-02 1.679543033242225647e-02 4.564356058835983276e-03 4.129668697714805603e-02 4.387111589312553406e-02 1.899603568017482758e-02 3.066272661089897156e-02 3.629967942833900452e-02 6.464524567127227783e-02 2.621395140886306763e-02 5.971563607454299927e-02 3.446257486939430237e-02 1.059241779148578644e-02 2.791441790759563446e-02 2.737751044332981110e-02 4.763331729918718338e-03 3.872394561767578125e-02 7.138536777347326279e-03 1.288995891809463501e-02 3.588723018765449524e-02 9.363504359498620033e-04 3.325767815113067627e-02 1.057850476354360580e-02 8.959256857633590698e-02 2.103196270763874054e-02 3.149837022647261620e-03 7.128525525331497192e-02 2.091762376949191093e-03 1.764724403619766235e-02 2.760836295783519745e-02 4.724156111478805542e-02 1.954070292413234711e-02
2.182131260633468628e-01 6.316042691469192505e-02 1.231974549591541290e-02 1.804344914853572845e-02 2.167688868939876556e-02 1.255165040493011475e-01 1.873237937688827515e-01 3.456912189722061157e-02 7.601408753544092178e-03 1.420400105416774750e-02 1.296129971742630005e-01 5.807789508253335953e-03 1.707599461078643799e-01 4.448366351425647736e-03 1.250960230827331543e-01 2.901626378297805786e-02 4.284102097153663635e-02 2.580543607473373413e-02 5.795911327004432678e-02 4.317383468151092529e-02 3.945919871330261230e-02 7.611481845378875732e-02 7.963196374475955963e-03 2.180755691369995475e-04 4.379013553261756897e-02 2.149005606770515442e-02 2.627306990325450897e-02 8.526159450411796570e-03 6.118014920502901077e-03 5.718611646443605423e-03 1.465604547411203384e-02 3.826845064759254456e-02 1.594649627804756165e-02 3.290516510605812073e-02 5.383510515093803406e-02 3.145494312047958374e-02 4.382925108075141907e-02 1.284503377974033356e-02 2.090306766331195831e-02 7.458495348691940308e-02 5.035929754376411438e-02 3.088886477053165436e-02 2.647336386144161224e-02 8.473723195493221283e-03 2.987912856042385101e-02 2.935947291553020477e-02 5.653317272663116455e-02 1.307858526706695557e-02 7.691303733736276627e-03 1.897707395255565643e-02 1.744750328361988068e-02 7.017880678176879883e-02 1.259229052811861038e-02 2.563869580626487732e-02 1.733732596039772034e-02 2.443760819733142853e-02 4.900182131677865982e-03 8.106925524771213531e-03 4.152302071452140808e-02 3.904769662767648697e-03 5.205301567912101746e-02 1.067768502980470657e-02 1.929692551493644714e-02 4.247478768229484558e-02 6.589344143867492676e-02 6.335587799549102783e-02 2.254923060536384583e-02 2.807242423295974731e-02 4.095670953392982483e-02 4.127110913395881653e-02 1.660215482115745544e-02 4.173380881547927856e-02 3.448703885078430176e-02 4.676413256675004959e-03 5.590568110346794128e-02 2.373080514371395111e-02 4.816294461488723755e-02 7.780651096254587173e-03 2.989240456372499466e-03 1.685661450028419495e-02 1.344689750112593174e-03 1.369163766503334045e-02 2.802296355366706848e-02 1.113290246576070786e-02 1.494811289012432098e-02 3.370647132396697998e-02 5.414656177163124084e-02 3.670677542686462402e-02 2.070442959666252136e-02 2.630640566349029541e-02 3.945849835872650146e-02 6.831557303667068481e-02 1.808196306228637695e-02 2.262891503050923347e-03 2.196376584470272064e-02 3.130583465099334717e-02 1.025473698973655701e-02 1.482019107788801193e-02 4.286826029419898987e-02 3.709555044770240784e-02 5.701648443937301636e-02 4.535557702183723450e-02 2.716474793851375580e-02 2.812406048178672791e-02 2.802388556301593781e-02 1.270931493490934372e-02 3.635905310511589050e-02 5.229120329022407532e-02 1.138324756175279617e-02 2.650332450866699219e-02 8.329356461763381958e-02 2.560647204518318176e-02 1.065377425402402878e-02 1.284589525312185287e-03 2.490896545350551605e-02 4.398103803396224976e-02
2.009209245443344116e-02 1.231974549591541290e-02 5.862328782677650452e-02 3.874019533395767212e-02 4.088813066482543945e-02 3.709615767002105713e-02 6.087252497673034668e-02 3.053570687770843506e-01 1.756660267710685730e-02 3.285626694560050964e-02 2.566935308277606964e-02 2.742687053978443146e-02 4.730684682726860046e-02 6.609007716178894043e-02 1.299570128321647644e-02 6.255427002906799316e-02 2.374898269772529602e-02 1.032660342752933502e-02 2.359173446893692017e-02 5.324763711541891098e-03 3.406685963273048401e-02 1.484922599047422409e-02 6.911268574185669422e-04 9.137513116002082825e-03 2.049589715898036957e-02 1.357410009950399399e-02 5.334936454892158508e-02 3.377217426896095276e-02 3.327470272779464722e-02 6.336571648716926575e-03 2.347635850310325623e-02 2.034746855497360229e-02 7.765810936689376831e-03 1.273031998425722122e-02 5.184825509786605835e-02 2.419435046613216400e-02 6.989358365535736084e-02 3.443228313699364662e-03 2.964847162365913391e-02 4.654932394623756409e-02 8.879885822534561157e-02 5.835838243365287781e-02 2.984586358070373535e-02 1.001757606863975525e-01 4.193839151412248611e-03 1.873195171356201172e-02 7.471834775060415268e-03 1.101302728056907654e-02 1.896191015839576721e-02 3.179914876818656921e-02 1.744542084634304047e-02 1.645868062041699886e-03 1.912094838917255402e-02 5.451152101159095764e-02 3.052064962685108185e-02 6.545451469719409943e-03 1.739012822508811951e-02 1.192642655223608017e-02 1.156956516206264496e-02 1.611156761646270752e-02 1.215084921568632126e-02 1.460624951869249344e-02 9.556338191032409668e-03 4.393396154046058655e-02 2.751017548143863678e-02 5.202537029981613159e-02 6.329951342195272446e-03 1.938739209435880184e-03 4.534880444407463074e-02 8.652044460177421570e-03 5.164156854152679443e-02 8.347781002521514893e-02 3.573027206584811211e-03 7.116171717643737793e-02 3.408398106694221497e-02 5.766077712178230286e-02 1.813180558383464813e-02 7.064793258905410767e-02 3.651073575019836426e-02 1.626975648105144501e-02 2.906222939491271973e-01 1.200519427657127380e-01 4.495612531900405884e-02 4.808828234672546387e-02 2.093444205820560455e-02 2.108319196850061417e-03 9.479644149541854858e-02 6.327699869871139526e-02 4.322120547294616699e-02 2.642044052481651306e-02 2.176057547330856323e-02 4.814437031745910645e-02 5.448039155453443527e-03 4.294937103986740112e-02 4.015737399458885193e-02 9.131615608930587769e-02 3.262734785676002502e-02 6.458438932895660400e-02 9.883849881589412689e-03 1.703072711825370789e-02 6.771802902221679688e-02 4.179729893803596497e-02 2.433341927826404572e-02 7.274306565523147583e-02 3.137377556413412094e-03 1.643304526805877686e-02 8.139758557081222534e-02 6.339904665946960449e-02 7.836273871362209320e-03 2.896303485613316298e-04 1.019258573651313782e-01 6.110932305455207825e-02 2.479250356554985046e-02 1.209343131631612778e-02 6.973191350698471069e-02 4.711716249585151672e-02
8.076372556388378143e-03 1.804344914853572845e-02 3.874019533395767212e-02 4.809077456593513489e-02 1.807306855916976929e-01 2.193894982337951660e-02 3.426263481378555298e-02 1.292961742728948593e-02 3.029643930494785309e-02 5.030391365289688110e-02 1.431749481707811356e-02 4.453771281987428665e-03 5.877183750271797180e-02 6.364941596984863281e-02 5.419059842824935913e-02 5.135526135563850403e-02 6.305920425802469254e-03 1.012744102627038956e-02 3.455507382750511169e-02 5.948005709797143936e-03 2.267768047749996185e-02 5.948733072727918625e-03 8.192245848476886749e-03 2.943838760256767273e-02 2.937637828290462494e-02 4.538404196500778198e-02 5.304551450535655022e-04 2.601424977183341980e-02 2.596905454993247986e-03 3.759763762354850769e-02 5.069761723279953003e-02 6.682397425174713135e-02 1.462150644510984421e-02 3.146175667643547058e-02 2.429361827671527863e-02 1.019267439842224121e-01 1.367313321679830551e-03 3.473467007279396057e-02 4.745370149612426758e-02 5.879136174917221069e-02 1.231616130098700523e-03 2.385062864050269127e-03 1.970269903540611267e-02 4.143925756216049194e-02 7.142871618270874023e-02 4.662613570690155029e-02 3.414070233702659607e-02 4.134828224778175354e-02 1.098807901144027710e-02 3.220141679048538208e-02 3.756173327565193176e-02 2.517688460648059845e-02 2.012198045849800110e-02 1.784618571400642395e-02 7.107741385698318481e-02 7.289688289165496826e-02 4.969820752739906311e-02 1.224157493561506271e-02 3.114137612283229828e-02 8.034916967153549194e-02 2.328123897314071655e-02 4.998736456036567688e-02 1.911170035600662231e-02 6.526702642440795898e-02 3.615763410925865173e-02 1.114193536341190338e-02 4.848729819059371948e-03 3.309959545731544495e-02 6.879553198814392090e-02 3.629231452941894531e-02 3.274162858724594116e-02 3.852235898375511169e-02 2.201815694570541382e-01 5.550516396760940552e-02 1.227864101529121399e-01 2.456421731039881706e-03 4.037660732865333557e-02 8.776586502790451050e-03 4.249935224652290344e-02 6.307401508092880249e-02 8.673213422298431396e-03 1.850343309342861176e-02 7.108908891677856445e-02 8.287900686264038086e-02 5.158200860023498535e-03 6.101828813552856445e-02 3.546767309308052063e-02 3.567571938037872314e-02 8.114053867757320404e-03 3.700114041566848755e-02 1.854699105024337769e-02 3.779906546697020531e-03 4.580250941216945648e-03 3.448459133505821228e-02 2.743054740130901337e-02 4.229465499520301819e-02 2.636576443910598755e-02 1.653810776770114899e-02 2.050892682746052742e-03 4.489995073527097702e-03 5.872292071580886841e-02 1.177836116403341293e-02 1.477009244263172150e-02 5.180391669273376465e-02 1.440871041268110275e-02 1.040056813508272171e-02 3.322762623429298401e-02 4.386790841817855835e-02 7.458495907485485077e-03 3.847379470244050026e-03 2.617337182164192200e-02 7.806111872196197510e-02 1.382335205562412739e-03 4.450451210141181946e-02 6.105499342083930969e-03 1.531562767922878265e-02
4.525493457913398743e-02 2.167688868939876556e-02 4.088813066482543945e-02 1.807306855916976929e-01 6.934718787670135498e-02 4.578414186835289001e-02 3.444692492485046387e-02 1.076851226389408112e-02 1.665534265339374542e-02 9.822185151278972626e-03 2.106483839452266693e-02 3.797673806548118591e-02 1.087863650172948837e-02 1.706043630838394165e-02 2.145189419388771057e-02 3.699428215622901917e-02 2.144555933773517609e-02 2.900827676057815552e-02 4.181379079818725586e-02 3.321610763669013977e-02 2.322266809642314911e-03 2.884685248136520386e-02 1.068489905446767807e-02 6.683965027332305908e-02 8.610782213509082794e-03 7.849666289985179901e-03 5.827067419886589050e-03 5.094557255506515503e-02 1.198288146406412125e-02 3.205604478716850281e-02 6.560745090246200562e-02 3.763807192444801331e-02 5.861365422606468201e-02 2.499695867300033569e-02 4.659498110413551331e-02 9.062135964632034302e-02 4.176002368330955505e-02 1.146031636744737625e-02 1.639138907194137573e-01 1.714805662631988525e-01 5.096383392810821533e-03 1.890423009172081947e-03 2.687750756740570068e-02 2.748600952327251434e-02 2.417936176061630249e-02 7.425342686474323273e-03 3.605633601546287537e-02 5.932854115962982178e-02 8.535047061741352081e-03 8.253275416791439056e-03 1.586030982434749603e-02 2.346550300717353821e-02 8.224228397011756897e-03 2.942574024200439453e-02 6.523124128580093384e-02 4.596342518925666809e-02 3.198373690247535706e-02 2.065573818981647491e-03 9.433708153665065765e-03 4.786805436015129089e-02 3.351957723498344421e-02 1.296717859804630280e-02 1.984547637403011322e-02 1.052972022444009781e-02 5.957609973847866058e-03 3.633217513561248779e-02 3.138196095824241638e-02 2.031091414391994476e-02 1.807564124464988708e-02 2.486949600279331207e-02 5.014023743569850922e-03 4.326390847563743591e-02 7.511589676141738892e-02 1.782492548227310181e-02 1.752818077802658081e-01 3.016638569533824921e-03 2.612371230497956276e-03 2.828920632600784302e-02 4.026939347386360168e-02 2.912425994873046875e-02 3.410594165325164795e-02 5.950681865215301514e-02 8.115554600954055786e-02 1.641958504915237427e-01 8.265272527933120728e-02 8.449480868875980377e-03 5.012511461973190308e-02 1.687548868358135223e-02 6.172245834022760391e-03 1.518881996162235737e-03 3.559286147356033325e-02 3.668514639139175415e-02 3.878134861588478088e-02 5.149104073643684387e-02 2.540343999862670898e-02 2.672236226499080658e-02 6.811758968979120255e-03 1.224671490490436554e-02 2.338029630482196808e-02 2.473624050617218018e-02 5.421594902873039246e-02 3.293509781360626221e-02 1.983786001801490784e-03 4.026661440730094910e-02 9.486421011388301849e-03 6.914178375154733658e-03 4.031804576516151428e-02 9.266700595617294312e-03 9.187487885355949402e-03 1.504460070282220840e-02 1.302396506071090698e-02 2.115567959845066071e-02 2.945233881473541260e-02 5.281010642647743225e-03 5.585670471191406250e-02 1.260748319327831268e-02
2.306589186191558838e-01 1.255165040493011475e-01 3.709615767002105713e-02 2.193894982337951660e-02 4.578414186835289001e-02 8.253285288810729980e-02 2.864452600479125977e-01 2.245287038385868073e-02 3.992697596549987793e-02 6.253087520599365234e-02 1.689583808183670044e-01 1.285689473152160645e-01 1.280319690704345703e-01 3.190616890788078308e-02 3.169669583439826965e-02 1.375668216496706009e-02 3.462724387645721436e-02 4.677213728427886963e-02 3.409051895141601562e-02 1.124020107090473175e-02 3.927738219499588013e-02 1.418237201869487762e-02 1.419588364660739899e-02 4.161531571298837662e-03 2.088290452957153320e-02 1.752796024084091187e-02 5.221336707472801208e-02 6.697962991893291473e-03 2.888857573270797729e-02 8.246763795614242554e-02 1.336252875626087189e-02 8.415605872869491577e-03 3.805103152990341187e-02 7.435257732868194580e-02 5.021291435696184635e-04 3.070245124399662018e-02 5.082792416214942932e-02 3.220729529857635498e-02 5.669821798801422119e-02 3.953931480646133423e-02 3.073008963838219643e-03 3.164670243859291077e-02 9.798135608434677124e-03 6.349736452102661133e-02 4.543162882328033447e-02 1.387902256101369858e-02 1.165053769946098328e-01 7.859454303979873657e-02 5.568143725395202637e-02 8.052515983581542969e-02 1.802979968488216400e-02 1.036585960537195206e-02 8.188499137759208679e-03 3.518303856253623962e-02 3.226637840270996094e-02 1.233065128326416016e-02 2.659063413739204407e-02 2.806507796049118042e-02 2.360675670206546783e-02 2.546319365501403809e-02 2.498508244752883911e-02 8.066097274422645569e-03 2.022581361234188080e-02 5.931542813777923584e-02 2.725045941770076752e-02 5.090428888797760010e-02 1.641492545604705811e-02 2.592319250106811523e-02 3.637958317995071411e-02 9.947829693555831909e-02 9.510671719908714294e-03 4.646552726626396179e-02 3.810563683509826660e-02 1.063525304198265076e-02 9.452695026993751526e-03 5.319279432296752930e-02 6.593095511198043823e-02 1.178049016743898392e-02 5.071663297712802887e-03 1.464796159416437149e-02 4.561402276158332825e-02 1.767371036112308502e-02 3.637725487351417542e-02 1.227693399414420128e-03 4.207636043429374695e-02 7.595909759402275085e-03 5.515680834650993347e-02 4.229659214615821838e-02 4.299663007259368896e-02 1.509134471416473389e-02 7.744661998003721237e-03 6.848549842834472656e-02 1.025167182087898254e-01 9.727967553772032261e-04 1.203484460711479187e-02 1.013675611466169357e-02 1.409978023730218410e-03 5.805753171443939209e-02 1.228049048222601414e-03 1.408547069877386093e-02 4.226761683821678162e-02 3.892803192138671875e-02 5.870262160897254944e-02 5.730155855417251587e-03 4.862392321228981018e-02 1.808336563408374786e-02 3.569276258349418640e-02 1.009243503212928772e-01 3.459820989519357681e-03 1.066864281892776489e-02 7.360000163316726685e-02 5.700081586837768555e-02 2.357008494436740875e-02 3.090440668165683746e-02 2.777928486466407776e-02 5.858806893229484558e-02
1.467769742012023926e-01 1.873237937688827515e-01 6.087252497673034668e-02 3.426263481378555298e-02 3.444692492485046387e-02 2.864452600479125977e-01 5.709764733910560608e-02 5.478058010339736938e-04 3.137648454867303371e-04 4.158037900924682617e-02 1.083274036645889282e-01 1.417220085859298706e-01 9.624718129634857178e-02 1.364755928516387939e-01 2.325340174138545990e-02 3.811027854681015015e-02 5.296287313103675842e-02 3.028806671500205994e-02 7.241304963827133179e-02 2.217894606292247772e-02 5.008367355912923813e-03 1.527121989056468010e-03 1.653870567679405212e-02 3.086969256401062012e-02 1.922072842717170715e-02 3.593178465962409973e-02 3.792935982346534729e-02 3.091276809573173523e-02 3.909566253423690796e-02 6.542772054672241211e-02 4.140397906303405762e-02 1.677205413579940796e-02 2.930836193263530731e-02 1.862158626317977905e-02 1.765482500195503235e-02 2.355477586388587952e-02 4.319972172379493713e-02 2.465028688311576843e-02 3.938638791441917419e-02 9.348284453153610229e-02 4.068356752395629883e-02 3.224592283368110657e-02 1.852759346365928650e-02 3.692520037293434143e-02 5.845362786203622818e-03 1.558980718255043030e-02 1.693143099546432495e-01 7.107916474342346191e-02 2.601625584065914154e-02 6.110119447112083435e-02 1.514401845633983612e-02 7.718994468450546265e-02 3.954224288463592529e-02 4.723488166928291321e-02 2.530499175190925598e-02 3.474520146846771240e-02 1.863979967311024666e-03 7.252332568168640137e-02 1.781445741653442383e-02 8.877470344305038452e-02 1.749126473441720009e-03 2.737440913915634155e-02 2.559600770473480225e-02 6.490232795476913452e-02 2.331391588086262345e-04 3.978343307971954346e-02 3.772196546196937561e-02 6.857355590909719467e-03 4.564391821622848511e-02 8.985809236764907837e-02 4.922429099678993225e-02 7.359442114830017090e-02 7.586129009723663330e-02 4.982563480734825134e-02 3.815416991710662842e-02 3.562319278717041016e-02 4.754051100462675095e-03 8.468070998787879944e-03 1.171251665800809860e-02 7.287159562110900879e-02 2.902179397642612457e-02 2.258262597024440765e-02 3.423743695020675659e-02 3.783017769455909729e-02 8.973329328000545502e-03 3.419050946831703186e-02 5.086798965930938721e-02 2.396852150559425354e-02 8.232065476477146149e-03 6.960081309080123901e-02 4.912313446402549744e-02 4.577985033392906189e-03 1.060778181999921799e-02 3.855734691023826599e-02 2.182052284479141235e-02 6.080388650298118591e-02 9.070115163922309875e-03 4.834793135523796082e-02 9.716193308122456074e-04 3.517503291368484497e-02 1.646075956523418427e-02 4.215710610151290894e-02 4.608291015028953552e-02 1.799005456268787384e-02 2.429846487939357758e-02 3.487338498234748840e-02 1.640723552554845810e-03 4.280263558030128479e-02 2.696015313267707825e-02 2.981700235977768898e-03 5.193396657705307007e-02 1.611185818910598755e-02 5.313760042190551758e-02 6.403755396604537964e-03 2.517360076308250427e-02 4.835174232721328735e-02
5.635464563965797424e-03 3.456912189722061157e-02 3.053570687770843506e-01 1.292961742728948593e-02 1.076851226389408112e-02 2.245287038385868073e-02 5.478058010339736938e-04 2.521673217415809631e-02 1.262667309492826462e-02 1.782059110701084137e-02 1.948236301541328430e-02 3.612927347421646118e-02 4.310581833124160767e-02 3.397681564092636108e-02 8.162008970975875854e-02 4.948040843009948730e-02 8.778192102909088135e-03 2.820136584341526031e-02 1.274028513580560684e-02 1.015194505453109741e-01 1.400311198085546494e-02 2.153855562210083008e-02 3.365563601255416870e-02 2.877800492569804192e-03 1.958976499736309052e-03 4.213482141494750977e-02 7.435370981693267822e-02 2.644042484462261200e-02 4.528868943452835083e-02 5.329277738928794861e-02 3.821498528122901917e-02 7.527668494731187820e-03 9.902338683605194092e-02 1.131306774914264679e-02 1.226657186634838581e-03 4.237603023648262024e-02 1.217811182141304016e-01 6.405968219041824341e-03 1.245111227035522461e-02 4.433057457208633423e-02 5.329768359661102295e-02 8.757320232689380646e-03 9.615886956453323364e-03 2.369399741291999817e-02 1.788438484072685242e-02 4.465017840266227722e-02 2.834735065698623657e-02 1.387475058436393738e-02 3.031819500029087067e-02 7.418442517518997192e-02 8.659376762807369232e-03 4.701717570424079895e-02 9.032605215907096863e-03 3.289085254073143005e-02 4.678291454911231995e-02 5.365822091698646545e-02 2.279779408127069473e-03 5.676668137311935425e-02 9.627554565668106079e-02 7.651264220476150513e-02 5.339713534340262413e-04 3.898350056260824203e-03 2.660931833088397980e-02 3.869957476854324341e-02 4.266521893441677094e-03 4.715706035494804382e-02 2.486811578273773193e-02 3.567130118608474731e-02 4.107032716274261475e-02 8.127288892865180969e-03 3.857027366757392883e-02 1.093070395290851593e-02 2.848466858267784119e-03 1.301788352429866791e-02 5.137132480740547180e-03 3.629156947135925293e-02 1.322295889258384705e-02 4.362344369292259216e-02 2.309495024383068085e-02 3.037437982857227325e-02 1.365735083818435669e-01 9.210028499364852905e-02 6.795831769704818726e-02 8.194223046302795410e-03 4.479747638106346130e-02 1.094649732112884521e-02 1.119635328650474548e-01 6.969308108091354370e-02 2.704932726919651031e-02 6.932812929153442383e-02 2.315336838364601135e-02 8.009129017591476440e-02 4.880004748702049255e-02 5.756428092718124390e-02 7.012939453125000000e-02 1.194510515779256821e-02 1.976295933127403259e-02 1.541448640637099743e-03 1.552446931600570679e-02 3.171611204743385315e-02 1.598479226231575012e-02 8.661940693855285645e-03 5.374651402235031128e-02 3.341631218791007996e-02 1.448526792228221893e-02 5.233837664127349854e-02 1.479499507695436478e-02 7.056374847888946533e-02 4.577746242284774780e-02 1.482020039111375809e-02 7.511621713638305664e-02 1.970302499830722809e-02 1.507272664457559586e-02 3.468597307801246643e-02 5.206943303346633911e-02 5.638999864459037781e-02
4.016745090484619141e-02 7.601408753544092178e-03 1.756660267710685730e-02 3.029643930494785309e-02 1.665534265339374542e-02 3.992697596549987793e-02 3.137648454867303371e-04 1.262667309492826462e-02 7.536547631025314331e-02 9.231232106685638428e-02 2.036195807158946991e-02 5.637643858790397644e-02 2.137303166091442108e-02 2.863122709095478058e-02 3.362215310335159302e-02 3.846234828233718872e-02 4.251574352383613586e-02 8.258859813213348389e-02 7.991892099380493164e-02 2.306302450597286224e-02 3.287606686353683472e-02 4.280413314700126648e-02 8.926302194595336914e-02 7.320061326026916504e-02 1.452842261642217636e-02 2.966647967696189880e-02 1.038451772183179855e-02 4.465340450406074524e-02 2.866526320576667786e-02 5.812398344278335571e-02 5.273143202066421509e-02 7.891618460416793823e-02 4.900748282670974731e-02 1.418218482285737991e-03 4.430944100022315979e-02 9.801357984542846680e-03 9.150251746177673340e-02 1.772148907184600830e-02 4.530653730034828186e-02 3.257922083139419556e-02 1.359386369585990906e-02 1.027018427848815918e-01 3.224502876400947571e-02 1.623312756419181824e-02 6.217397376894950867e-02 4.795727133750915527e-02 1.545764971524477005e-03 1.505820266902446747e-02 9.202196449041366577e-02 4.029438272118568420e-02 5.129903927445411682e-02 3.875648602843284607e-02 2.596894651651382446e-02 5.791739746928215027e-02 1.076674386858940125e-01 3.569842502474784851e-02 5.058125406503677368e-02 5.526642873883247375e-02 3.428838402032852173e-02 3.501954302191734314e-02 5.861367657780647278e-02 7.790382951498031616e-03 1.068553607910871506e-02 3.160709515213966370e-02 2.570092119276523590e-02 1.159192435443401337e-02 6.750484555959701538e-02 1.891243085265159607e-02 7.698155194520950317e-02 3.484759107232093811e-02 2.922431332990527153e-03 2.056986093521118164e-02 2.574590593576431274e-02 7.570715993642807007e-02 3.857838734984397888e-02 5.126552656292915344e-02 1.266925036907196045e-01 1.934713125228881836e-02 7.620257884263992310e-02 6.980822235345840454e-02 3.121807239949703217e-02 2.417101711034774780e-02 1.113431062549352646e-02 6.002518534660339355e-02 3.398351371288299561e-02 4.038506653159856796e-03 5.487634986639022827e-02 5.314535647630691528e-02 4.944025538861751556e-03 4.990717023611068726e-02 3.609843552112579346e-02 3.302732110023498535e-02 3.087113238871097565e-02 4.453776404261589050e-02 1.099485717713832855e-02 4.397225007414817810e-02 8.452289551496505737e-02 2.250270731747150421e-02 9.890710562467575073e-02 9.287875890731811523e-02 5.617302283644676208e-02 5.110988020896911621e-02 1.761604286730289459e-02 2.163317240774631500e-02 3.867162019014358521e-02 5.961995571851730347e-02 5.392773821949958801e-02 2.197768539190292358e-02 1.524855941534042358e-02 7.258521392941474915e-03 2.981613203883171082e-02 1.619086973369121552e-02 5.052317678928375244e-02 7.309277355670928955e-02 4.651260096579790115e-03 2.843452384695410728e-03
1.702202111482620239e-02 1.420400105416774750e-02 3.285626694560050964e-02 5.030391365289688110e-02 9.822185151278972626e-03 6.253087520599365234e-02 4.158037900924682617e-02 1.782059110701084137e-02 9.231232106685638428e-02 7.392236590385437012e-02 1.180193759500980377e-02 1.479691173881292343e-02 5.429442506283521652e-03 1.173434499651193619e-02 1.293161418288946152e-02 2.889475785195827484e-02 9.218272566795349121e-02 3.893759846687316895e-02 6.842549145221710205e-02 4.597410932183265686e-02 2.530053257942199707e-02 6.031395122408866882e-02 6.500135362148284912e-02 1.092677712440490723e-01 2.718575857579708099e-02 4.043980687856674194e-02 5.670119449496269226e-02 1.669060252606868744e-02 5.353482905775308609e-03 7.384373992681503296e-02 1.199159072712063789e-03 1.730429381132125854e-02 1.180826220661401749e-02 4.605528712272644043e-02 1.580833457410335541e-02 1.687887869775295258e-02 6.814660970121622086e-03 3.589724376797676086e-02 4.707508906722068787e-02 3.638515993952751160e-02 3.784046042710542679e-03 2.290859818458557129e-02 4.024336859583854675e-02 2.881288155913352966e-02 1.757636480033397675e-02 1.456021447665989399e-03 7.335484772920608521e-02 3.543834760785102844e-02 4.398865159600973129e-03 1.737829856574535370e-02 1.143943797796964645e-02 3.193194791674613953e-02 1.440024934709072113e-03 1.455298904329538345e-02 6.378754507750272751e-03 1.311281323432922363e-01 3.368210792541503906e-02 2.189828641712665558e-02 1.479040272533893585e-02 4.739617556333541870e-02 7.663711160421371460e-02 6.211964786052703857e-02 6.971662491559982300e-02 4.523910954594612122e-02 4.303775727748870850e-02 1.352931000292301178e-02 4.166559129953384399e-02 4.829001773032359779e-05 6.831809133291244507e-02 8.053297176957130432e-03 1.422073543071746826e-01 2.157755941152572632e-02 1.305880397558212280e-02 2.117399312555789948e-02 2.322572469711303711e-02 4.488354921340942383e-02 7.622027397155761719e-02 2.139143645763397217e-01 1.093498617410659790e-02 1.597067117691040039e-01 1.965405233204364777e-02 6.709889043122529984e-03 4.674060270190238953e-02 2.186721563339233398e-02 1.651624031364917755e-02 3.817302733659744263e-02 3.220816329121589661e-02 3.682836890220642090e-02 2.266012132167816162e-02 9.128969907760620117e-02 1.993186399340629578e-02 2.522252313792705536e-02 7.014989852905273438e-02 3.925572149455547333e-03 6.730844615958631039e-04 2.598898112773895264e-02 6.733295321464538574e-02 2.876176498830318451e-02 6.050331890583038330e-02 6.387415528297424316e-02 3.934550657868385315e-02 2.763740532100200653e-02 1.793780922889709473e-02 1.236287504434585571e-02 3.524544835090637207e-02 1.504946150816977024e-03 5.296896398067474365e-02 9.956312132999300957e-04 2.939967252314090729e-02 5.969104543328285217e-02 1.864737016148865223e-03 1.919782347977161407e-02 4.237983003258705139e-02 6.384528428316116333e-02 9.820829331874847412e-02 1.246917806565761566e-02
1.843440085649490356e-01 1.296129971742630005e-01 2.566935308277606964e-02 1.431749481707811356e-02 2.106483839452266693e-02 1.689583808183670044e-01 1.083274036645889282e-01 1.948236301541328430e-02 2.036195807158946991e-02 1.180193759500980377e-02 8.124696463346481323e-02 6.363994628190994263e-02 1.976882368326187134e-01 4.376871138811111450e-02 2.327592298388481140e-02 1.219085184857249260e-03 8.116318495012819767e-04 3.227484226226806641e-02 5.850159004330635071e-02 1.100459974259138107e-02 1.440890692174434662e-02 5.540852993726730347e-02 2.290539816021919250e-02 6.705264677293598652e-04 3.067133203148841858e-02 6.264443695545196533e-02 5.301030352711677551e-02 2.641911990940570831e-02 1.830880716443061829e-02 5.630857869982719421e-02 5.971593409776687622e-02 2.989149652421474457e-02 1.122141722589731216e-02 2.509432472288608551e-02 7.343566045165061951e-03 6.143311038613319397e-03 2.343841828405857086e-03 3.764431551098823547e-02 3.082283074036240578e-04 7.760134525597095490e-03 4.260344803333282471e-02 4.101092368364334106e-02 1.970141381025314331e-02 3.587554022669792175e-02 4.039210453629493713e-02 4.226197674870491028e-02 5.689616501331329346e-02 2.315531857311725616e-02 1.144558470696210861e-02 2.277638949453830719e-02 2.749880030751228333e-02 3.813022747635841370e-03 3.584335371851921082e-02 2.531059144530445337e-04 1.392886042594909668e-02 2.667663432657718658e-02 3.249083459377288818e-02 4.414469376206398010e-02 1.399737200699746609e-03 3.819465637207031250e-02 3.370170248672366142e-03 1.056134048849344254e-02 4.281386360526084900e-02 1.002469193190336227e-02 1.732002012431621552e-02 8.388024568557739258e-02 1.013842504471540451e-02 1.325673330575227737e-02 5.816177278757095337e-02 8.932705968618392944e-02 4.666162282228469849e-02 4.918555915355682373e-02 1.457100082188844681e-02 2.667238190770149231e-02 6.775667890906333923e-03 7.010523974895477295e-02 4.267233982682228088e-02 2.090133726596832275e-02 7.486906368285417557e-03 1.625458709895610809e-02 4.029797017574310303e-02 5.691919475793838501e-02 5.195987969636917114e-02 2.018941007554531097e-02 3.222107514739036560e-02 5.944016203284263611e-02 8.354625664651393890e-03 2.265314571559429169e-03 7.036989182233810425e-02 6.170786917209625244e-02 7.849460467696189880e-03 1.457709819078445435e-02 7.761880010366439819e-02 3.544985875487327576e-02 1.551525574177503586e-02 7.814369164407253265e-03 1.221840456128120422e-02 4.901894927024841309e-02 3.747835382819175720e-02 1.708953641355037689e-02 3.022044710814952850e-02 3.579733520746231079e-02 7.957535795867443085e-03 2.471538074314594269e-02 5.230114795267581940e-03 1.268854644149541855e-02 2.223347499966621399e-02 2.048262767493724823e-02 2.771334350109100342e-02 5.058956891298294067e-02 6.307492405176162720e-02 1.234312914311885834e-02 2.454265207052230835e-02 2.049802243709564209e-02 4.224795382469892502e-03 1.685756072402000427e-02
2.895521698519587517e-03 5.807789508253335953e-03 2.742687053978443146e-02 4.453771281987428665e-03 3.797673806548118591e-02 1.285689473152160645e-01 1.417220085859298706e-01 3.612927347421646118e-02 5.637643858790397644e-02 1.479691173881292343e-02 6.363994628190994263e-02 3.538504987955093384e-02 4.503686726093292236e-02 3.336316943168640137e-01 1.532953791320323944e-02 3.520807251334190369e-02 2.895348519086837769e-02 7.081359624862670898e-02 9.568402916193008423e-02 3.556920588016510010e-02 2.112755551934242249e-02 9.197719395160675049e-03 6.635067611932754517e-02 2.868640422821044922e-02 1.026800572872161865e-01 6.600840389728546143e-02 4.205396398901939392e-02 1.695015430450439453e-01 6.686078011989593506e-02 1.206834167242050171e-01 5.661807209253311157e-02 3.739558532834053040e-02 9.244143962860107422e-03 7.214283943176269531e-02 2.490805275738239288e-02 2.435692586004734039e-02 5.031505972146987915e-02 2.850026264786720276e-02 9.534680843353271484e-02 2.817395888268947601e-02 2.383948303759098053e-02 7.232874631881713867e-02 6.821914017200469971e-02 3.520008921623229980e-02 1.067817360162734985e-01 8.176415413618087769e-02 4.991282522678375244e-02 7.196058519184589386e-03 1.288846693933010101e-02 5.349385738372802734e-02 2.515962906181812286e-02 6.307902932167053223e-02 3.585778176784515381e-02 3.754401952028274536e-02 2.629020065069198608e-02 3.603577241301536560e-02 5.255991220474243164e-02 2.452470920979976654e-02 1.629226654767990112e-02 5.758815258741378784e-02 7.832823693752288818e-02 8.298491686582565308e-02 4.174328350927680731e-04 1.228280086070299149e-02 3.401669673621654510e-03 9.190703928470611572e-02 5.733812600374221802e-02 3.996131941676139832e-02 7.709905505180358887e-03 1.103224512189626694e-02 3.196035698056221008e-02 2.727969363331794739e-02 1.132356189191341400e-02 6.218241527676582336e-03 3.225725889205932617e-02 3.542481362819671631e-02 4.411507770419120789e-02 2.988930232822895050e-02 5.993622168898582458e-02 2.535282820463180542e-02 1.576253795064985752e-03 2.904529497027397156e-02 4.181016609072685242e-02 5.352449789643287659e-02 1.239033043384552002e-02 8.797086030244827271e-02 5.374122783541679382e-02 2.316233143210411072e-02 1.264952272176742554e-01 1.147630438208580017e-01 3.548279032111167908e-02 5.435479059815406799e-02 1.171493064612150192e-02 1.595171727240085602e-02 5.448520928621292114e-02 1.582388952374458313e-02 7.046333700418472290e-02 5.366679746657609940e-03 1.067029591649770737e-02 5.632338300347328186e-02 1.373159885406494141e-02 9.742090478539466858e-03 2.132943645119667053e-02 3.954729437828063965e-02 9.139723144471645355e-03 1.746016182005405426e-02 2.016929723322391510e-02 2.367167919874191284e-02 2.050338126718997955e-02 2.407486736774444580e-02 1.788866892457008362e-02 2.025274559855461121e-02 4.405611380934715271e-02 3.249219805002212524e-02 1.651673577725887299e-02 3.929117694497108459e-02
1.682641208171844482e-01 1.707599461078643799e-01 4.730684682726860046e-02 5.877183750271797180e-02 1.087863650172948837e-02 1.280319690704345703e-01 9.624718129634857178e-02 4.310581833124160767e-02 2.137303166091442108e-02 5.429442506283521652e-03 1.976882368326187134e-01 4.503686726093292236e-02 8.916033804416656494e-02 6.157574430108070374e-02 4.439529404044151306e-02 1.749512925744056702e-02 1.407410297542810440e-02 6.586472038179636002e-03 1.065436229109764099e-01 1.882624230347573757e-03 1.170023716986179352e-02 7.668984681367874146e-02 3.003250434994697571e-02 1.433090586215257645e-02 3.630752861499786377e-02 4.756210371851921082e-03 6.812312453985214233e-02 3.316391259431838989e-02 1.312438026070594788e-02 8.896159008145332336e-03 8.941340446472167969e-02 3.402750939130783081e-02 2.127286233007907867e-02 1.973806135356426239e-02 6.560629844898357987e-05 1.617934182286262512e-02 3.063574992120265961e-02 2.194505557417869568e-02 7.082707714289426804e-03 2.606042847037315369e-02 1.313801971264183521e-03 4.757434129714965820e-02 1.390265766531229019e-02 8.835034817457199097e-02 3.513201698660850525e-02 2.078409539535641670e-03 3.670659661293029785e-02 1.032122876495122910e-02 8.017718791961669922e-03 1.833294518291950226e-02 7.752712350338697433e-03 5.644296109676361084e-02 3.890919685363769531e-02 2.916661649942398071e-02 1.378977391868829727e-02 1.830129325389862061e-02 1.103652548044919968e-02 2.247630245983600616e-02 4.591854289174079895e-02 6.430923938751220703e-02 5.966268363408744335e-04 5.218038707971572876e-02 3.584091365337371826e-02 3.792668506503105164e-02 8.478268980979919434e-02 1.138044148683547974e-01 1.406000554561614990e-02 1.309124194085597992e-02 5.019304156303405762e-02 7.730621844530105591e-02 1.700948737561702728e-02 4.874070733785629272e-02 5.868108943104743958e-02 4.777830839157104492e-02 2.634724974632263184e-02 3.210491687059402466e-02 4.011745005846023560e-02 1.446910668164491653e-02 2.799466624855995178e-02 5.500075221061706543e-02 3.898147121071815491e-02 5.073025356978178024e-03 2.572529576718807220e-02 3.323033917695283890e-03 2.993117785081267357e-03 1.841866411268711090e-02 7.361502852290868759e-03 3.901186585426330566e-02 4.370680451393127441e-02 1.781271211802959442e-02 2.751456387341022491e-02 6.239107251167297363e-02 8.333592116832733154e-02 3.865357488393783569e-02 5.192361027002334595e-02 4.619824513792991638e-02 2.050881832838058472e-02 3.449386358261108398e-02 4.224287346005439758e-02 1.626810990273952484e-02 5.823075398802757263e-02 1.872950792312622070e-02 2.657288685441017151e-03 4.229488782584667206e-03 2.110818028450012207e-02 1.531229633837938309e-02 4.509545490145683289e-02 2.043834328651428223e-02 3.385129151865839958e-03 8.056710660457611084e-02 3.187464177608489990e-02 1.642385683953762054e-02 2.543626120314002037e-03 8.754007518291473389e-03 5.200242623686790466e-02 6.622705608606338501e-02
