1.265920996665954590e-01 2.278518974781036377e-01 5.806840490549802780e-03 3.986202180385589600e-02 4.416996613144874573e-02 1.146830245852470398e-01 1.781826019287109375e-01 9.537279605865478516e-03 1.550755929201841354e-02 1.503456942737102509e-02 1.948583722114562988e-01 3.363456809893250465e-03 1.576727330684661865e-01 2.644708193838596344e-02 6.136848777532577515e-02 3.650764748454093933e-02 3.530392795801162720e-02 2.575349435210227966e-02 2.443851158022880554e-02 5.653424188494682312e-02 6.373015046119689941e-02 2.929933741688728333e-02 1.333461259491741657e-03 2.809631871059536934e-03 3.347277268767356873e-02 2.048520930111408234e-02 3.410730138421058655e-02 1.741020940244197845e-02 6.259748712182044983e-03 1.387292612344026566e-02 1.265878695994615555e-02 1.176364906132221222e-02 1.986291958019137383e-03 4.031345248222351074e-03 2.019053138792514801e-02 3.228437528014183044e-02 2.654553391039371490e-02 7.209186255931854248e-02 2.987829595804214478e-02 3.026853129267692566e-02 1.653150655329227448e-02 3.631999716162681580e-02 6.892850622534751892e-03 4.414658248424530029e-02 2.081249840557575226e-02 7.163400202989578247e-02 4.044773057103157043e-03 4.436149448156356812e-02 2.726710215210914612e-02 1.716295070946216583e-02 1.901062950491905212e-02 6.735869497060775757e-02 2.678209543228149414e-02 3.284473344683647156e-02 2.172988280653953552e-02 4.832813888788223267e-02 1.417709421366453171e-02 4.203706979751586914e-02 3.350299317389726639e-03 1.613385602831840515e-02 2.832845412194728851e-02 1.717155613005161285e-02 3.550196811556816101e-02 4.950223863124847412e-02 5.249644070863723755e-02 6.893563270568847656e-02 3.755433484911918640e-02 3.116301493719220161e-03 2.742826379835605621e-02 6.450779736042022705e-02 5.063775461167097092e-03 4.943773522973060608e-02 2.741062827408313751e-02 2.914836804848164320e-04 5.654450971633195877e-03 1.684240251779556274e-02 2.037594094872474670e-02 5.001054331660270691e-02 3.815827518701553345e-02 1.692979410290718079e-02 4.025198891758918762e-02 2.477330528199672699e-02 2.096613496541976929e-02 2.422808296978473663e-02 2.871313877403736115e-02 3.402570262551307678e-02 5.819815769791603088e-02 4.161509871482849121e-02 6.480982992798089981e-03 3.602205216884613037e-02 4.575433209538459778e-02 5.362230166792869568e-02 5.725142732262611389e-02 6.535847485065460205e-02 1.329023018479347229e-02 1.393418107181787491e-02 3.097165189683437347e-02 2.325184643268585205e-03 2.218457683920860291e-02 1.036592479795217514e-02 3.256975486874580383e-02 1.338984072208404541e-02 2.679884992539882660e-02 3.605952113866806030e-02 1.149195898324251175e-02 2.589026000350713730e-03 6.605390459299087524e-02 4.038939997553825378e-02 1.234694011509418488e-02 6.539382785558700562e-02 3.904109820723533630e-02 1.059537380933761597e-02 2.924331836402416229e-02 3.442255035042762756e-02 2.633720263838768005e-02 2.086895331740379333e-02
2.278518974781036377e-01 1.039220690727233887e-01 2.407647902145981789e-03 5.618530139327049255e-02 4.808592423796653748e-02 7.290325313806533813e-02 1.697098761796951294e-01 1.800090819597244263e-02 1.490281708538532257e-02 4.210660979151725769e-02 1.326120048761367798e-01 4.035911988466978073e-03 1.431203931570053101e-01 2.660544216632843018e-02 6.064317189157009125e-03 4.038331285119056702e-02 2.945462986826896667e-02 3.665447235107421875e-02 3.671000525355339050e-02 6.127741560339927673e-02 2.401461638510227203e-02 4.494035616517066956e-02 3.563266247510910034e-03 1.443160115741193295e-03 3.643270581960678101e-02 2.716654539108276367e-02 6.714193616062402725e-03 2.547679282724857330e-02 2.635186910629272461e-02 1.914419047534465790e-02 5.053114518523216248e-02 1.238676253706216812e-02 3.874594811350107193e-03 1.268972363322973251e-02 3.735561296343803406e-02 6.323847174644470215e-02 5.563089996576309204e-02 7.100498676300048828e-02 4.789446294307708740e-02 7.240910083055496216e-02 3.300111042335629463e-03 4.809359833598136902e-02 6.711606867611408234e-03 1.252222806215286255e-02 5.845193751156330109e-03 6.616911292076110840e-02 2.762296982109546661e-02 2.965075336396694183e-02 4.541322588920593262e-02 2.598024159669876099e-02 5.053767934441566467e-02 6.146511808037757874e-02 3.974944353103637695e-02 8.426195126958191395e-04 3.672349825501441956e-02 3.835287317633628845e-02 2.996527776122093201e-02 3.410981595516204834e-02 5.093314498662948608e-02 2.767590247094631195e-02 2.064713276922702789e-02 8.093644864857196808e-03 2.134670130908489227e-02 2.020345069468021393e-02 8.035760372877120972e-03 6.848949193954467773e-02 5.391745641827583313e-02 1.010813377797603607e-02 2.275623753666877747e-02 5.301700532436370850e-02 1.507426332682371140e-02 2.721540071070194244e-02 1.245226524770259857e-02 2.169507555663585663e-02 2.853245288133621216e-02 3.420105576515197754e-02 1.398017164319753647e-02 1.990029774606227875e-02 3.684677416458725929e-03 5.660114064812660217e-02 2.265840210020542145e-02 2.081265859305858612e-02 4.786132834851741791e-03 2.118569985032081604e-02 1.128030288964509964e-02 4.444856662303209305e-03 1.672549638897180557e-03 1.031539030373096466e-02 1.770496717654168606e-03 3.483187034726142883e-02 5.199453234672546387e-02 9.270732849836349487e-02 7.218144088983535767e-02 6.551980227231979370e-02 3.641368076205253601e-02 6.859232485294342041e-02 3.336680307984352112e-02 1.174534019082784653e-02 3.208816051483154297e-02 7.656437344849109650e-03 5.568769201636314392e-02 2.595650730654597282e-03 3.036623448133468628e-02 2.059115096926689148e-02 7.761539425700902939e-03 1.393652800470590591e-02 9.526706486940383911e-02 5.056780949234962463e-02 5.695007368922233582e-02 6.852232664823532104e-02 4.261311143636703491e-02 7.499644998461008072e-03 2.514500729739665985e-02 1.403743401169776917e-02 1.248206011950969696e-02 1.199582777917385101e-02
5.806840490549802780e-03 2.407647902145981789e-03 2.522738464176654816e-02 1.051213368773460388e-01 1.466385368257761002e-02 1.937277242541313171e-02 2.821070887148380280e-02 3.231670856475830078e-01 3.410020470619201660e-02 5.034578591585159302e-02 3.320967778563499451e-02 5.983008816838264465e-02 5.799373984336853027e-02 1.747549627907574177e-03 8.176892995834350586e-02 3.845325857400894165e-02 2.157409302890300751e-02 3.048805147409439087e-02 6.577152293175458908e-03 3.668081760406494141e-02 1.568927429616451263e-02 1.653536409139633179e-02 1.563899032771587372e-02 4.615765810012817383e-02 6.256701890379190445e-04 5.953765660524368286e-02 4.988946393132209778e-02 1.831414178013801575e-03 8.421850204467773438e-02 5.588573869317770004e-03 1.384677141904830933e-01 1.483931951224803925e-02 3.726259572431445122e-03 4.340969026088714600e-02 5.444857291877269745e-03 2.816163375973701477e-02 1.861303485929965973e-02 4.392490908503532410e-02 6.250442564487457275e-02 4.229026660323143005e-02 6.424584984779357910e-02 5.700878426432609558e-02 5.450778827071189880e-02 7.134946063160896301e-04 4.650319740176200867e-02 4.529321566224098206e-03 4.060041531920433044e-02 4.890203010290861130e-03 4.968826472759246826e-02 8.564168587327003479e-03 3.044028021395206451e-02 4.347811453044414520e-03 5.113866925239562988e-02 3.740648552775382996e-02 5.089376121759414673e-02 2.308522164821624756e-02 3.266669437289237976e-02 1.208548173308372498e-01 1.277634799480438232e-01 1.684987172484397888e-02 3.915461152791976929e-02 1.432369370013475418e-02 8.646681904792785645e-02 2.684587240219116211e-02 6.878246366977691650e-02 2.275468781590461731e-02 1.608761027455329895e-02 1.933335326611995697e-02 4.208547249436378479e-02 2.368596382439136505e-02 4.435066878795623779e-02 4.040983971208333969e-03 2.488487027585506439e-02 2.896070294082164764e-02 1.269121933728456497e-02 1.812253519892692566e-02 2.393395826220512390e-02 6.739228265359997749e-04 1.609189785085618496e-03 3.124825097620487213e-02 2.447545230388641357e-01 8.427904918789863586e-03 3.030091337859630585e-02 4.214826598763465881e-02 1.084201335906982422e-01 7.494074851274490356e-02 4.101049154996871948e-03 4.656532034277915955e-02 1.551222149282693863e-02 2.854553796350955963e-02 6.083593145012855530e-02 5.368412658572196960e-02 7.537526637315750122e-02 1.065757498145103455e-02 3.705015406012535095e-02 6.309336423873901367e-02 1.015815977007150650e-02 6.641822867095470428e-03 3.706618398427963257e-02 3.052705898880958557e-02 7.918478222563862801e-04 8.188236504793167114e-03 4.320677742362022400e-02 8.854284882545471191e-03 2.151749469339847565e-02 3.696238622069358826e-02 6.962540792301297188e-04 4.272798076272010803e-02 6.699802726507186890e-02 4.943040758371353149e-02 3.818274708464741707e-03 2.832495607435703278e-02 5.035803094506263733e-02 3.518860042095184326e-02 8.372913114726543427e-03 9.842920117080211639e-03
3.986202180385589600e-02 5.618530139327049255e-02 1.051213368773460388e-01 2.009246870875358582e-02 1.116615608334541321e-01 7.746985554695129395e-02 1.310702040791511536e-02 5.076715257018804550e-03 2.888598479330539703e-02 1.646587066352367401e-02 3.165751323103904724e-02 7.859467528760433197e-03 6.369768083095550537e-02 2.334464341402053833e-02 3.737748041749000549e-02 5.848693847656250000e-02 4.908720031380653381e-03 7.263388484716415405e-02 5.593090876936912537e-02 2.662409469485282898e-02 5.662355106323957443e-03 1.104313042014837265e-02 9.116205386817455292e-03 1.809552125632762909e-02 9.110270068049430847e-03 1.422202680259943008e-02 1.524200569838285446e-02 5.139262229204177856e-02 8.243397623300552368e-02 1.695264689624309540e-02 4.686795920133590698e-02 5.737593024969100952e-02 1.905176788568496704e-02 4.376001283526420593e-02 2.926684170961380005e-02 2.969690784811973572e-02 3.655993193387985229e-02 1.183910574764013290e-02 1.736485362052917480e-01 9.629360586404800415e-02 2.507676929235458374e-02 3.969643265008926392e-02 9.411489218473434448e-02 1.062415726482868195e-02 3.764783591032028198e-02 1.623840257525444031e-02 4.469813406467437744e-02 5.493239033967256546e-03 2.762461081147193909e-03 1.812510751187801361e-02 2.750301174819469452e-02 1.646876521408557892e-02 2.579095400869846344e-02 3.947005048394203186e-02 1.799405179917812347e-02 2.577069588005542755e-02 3.210846707224845886e-02 2.446182817220687866e-02 1.796164549887180328e-02 1.455184910446405411e-02 1.046895515173673630e-02 4.652111232280731201e-02 5.483437329530715942e-02 6.680117547512054443e-02 8.010169491171836853e-03 3.373206034302711487e-02 8.680121041834354401e-03 1.586400344967842102e-02 2.080769836902618408e-02 4.191534593701362610e-02 2.598568797111511230e-02 4.267153888940811157e-02 3.413420170545578003e-02 2.889027819037437439e-03 7.654218375682830811e-02 1.678473316133022308e-02 9.558686986565589905e-03 2.816002070903778076e-02 2.438671886920928955e-02 2.859304193407297134e-03 6.773404777050018311e-02 2.652667928487062454e-03 9.728246927261352539e-02 2.678681723773479462e-02 1.428928505629301071e-02 5.039228592067956924e-03 7.461921311914920807e-03 3.477758914232254028e-02 4.874612390995025635e-02 5.531683936715126038e-02 2.033748477697372437e-02 4.679828509688377380e-02 5.051369778811931610e-03 3.995617851614952087e-02 1.009238436818122864e-01 5.173681303858757019e-03 7.869374938309192657e-03 3.387655317783355713e-02 4.683986306190490723e-02 2.309591509401798248e-02 2.372171543538570404e-02 3.786063939332962036e-02 3.032439574599266052e-02 1.427827682346105576e-02 7.328078150749206543e-02 5.137860402464866638e-02 5.266614630818367004e-02 3.254048526287078857e-02 5.853936448693275452e-02 1.223658770322799683e-02 6.493102759122848511e-02 3.726494684815406799e-02 4.065057635307312012e-02 1.195781230926513672e-01 5.392475984990596771e-03 4.053525626659393311e-02
4.416996613144874573e-02 4.808592423796653748e-02 1.466385368257761002e-02 1.116615608334541321e-01 2.790199778974056244e-02 2.833356149494647980e-02 4.926430061459541321e-02 3.869206830859184265e-02 2.230635844171047211e-02 5.411226768046617508e-03 4.657908529043197632e-02 7.876894623041152954e-02 3.502774238586425781e-02 1.369130983948707581e-02 2.301334589719772339e-02 1.991565153002738953e-02 3.374818339943885803e-02 7.815147750079631805e-03 2.538451692089438438e-03 1.320740301162004471e-02 5.217051506042480469e-02 7.231302093714475632e-03 2.448783814907073975e-02 4.642736539244651794e-02 1.271065976470708847e-02 4.099809005856513977e-02 5.167541280388832092e-02 6.117076054215431213e-02 6.401289254426956177e-03 3.657319396734237671e-02 5.297137051820755005e-02 1.829827949404716492e-02 6.499108858406543732e-03 1.519856788218021393e-02 7.927338592708110809e-03 2.397286891937255859e-02 1.091664540581405163e-03 4.232784733176231384e-02 6.168950349092483521e-02 9.397350251674652100e-02 3.195258602499961853e-02 5.717042833566665649e-03 2.993469312787055969e-02 7.966887205839157104e-02 5.364578217267990112e-02 2.777674235403537750e-02 5.043171811848878860e-03 3.488218784332275391e-02 5.325503274798393250e-02 2.234542043879628181e-03 3.933642432093620300e-02 3.223006054759025574e-02 7.403844594955444336e-02 6.311015784740447998e-02 4.089605435729026794e-02 2.863851934671401978e-02 1.341201551258563995e-02 2.550938725471496582e-02 4.953090567141771317e-03 4.755475558340549469e-03 1.738945837132632732e-03 9.116343222558498383e-03 3.131003305315971375e-02 1.482257433235645294e-02 1.781857945024967194e-02 4.262872412800788879e-02 8.149370551109313965e-03 1.036858838051557541e-02 4.188091680407524109e-02 1.321901101619005203e-03 1.057996880263090134e-02 3.676626458764076233e-02 6.535141728818416595e-03 2.128587476909160614e-02 1.381417922675609589e-02 7.547126733697950840e-04 1.265595573931932449e-02 1.298690680414438248e-03 1.349293626844882965e-02 4.428602382540702820e-02 3.803216293454170227e-02 4.243689775466918945e-02 9.826211631298065186e-02 1.384629774838685989e-02 1.444086711853742599e-02 1.120204571634531021e-02 2.680580690503120422e-02 5.813371390104293823e-02 3.634897992014884949e-02 5.983478855341672897e-03 1.402094215154647827e-02 6.440879311412572861e-03 2.910022810101509094e-02 4.899704828858375549e-03 1.391522884368896484e-01 1.193933337926864624e-01 4.672389850020408630e-02 8.185607194900512695e-02 2.357383631169795990e-02 8.023102767765522003e-03 6.922653317451477051e-02 7.650031894445419312e-02 2.122825756669044495e-02 8.306628465652465820e-02 5.293739587068557739e-02 7.039926201105117798e-02 4.621408134698867798e-02 2.446850063279271126e-03 1.028060540556907654e-01 1.043083239346742630e-02 4.653779044747352600e-02 2.154548279941082001e-02 7.855681702494621277e-03 2.599710412323474884e-02 5.382320284843444824e-02 7.850173115730285645e-02
1.146830245852470398e-01 7.290325313806533813e-02 1.937277242541313171e-02 7.746985554695129395e-02 2.833356149494647980e-02 1.356634348630905151e-01 3.327819108963012695e-01 8.906282484531402588e-03 1.449778117239475250e-02 6.794658111175522208e-05 1.118423268198966980e-01 4.071263968944549561e-02 1.295766830444335938e-01 1.592948473989963531e-02 1.675103418529033661e-02 1.493298821151256561e-02 3.851493075489997864e-02 3.814698196947574615e-03 1.400042138993740082e-02 6.243161112070083618e-02 1.290134806185960770e-02 5.009127408266067505e-02 7.875850424170494080e-03 1.594162546098232269e-02 3.772325441241264343e-02 5.314915440976619720e-03 3.009444335475564003e-03 2.657512389123439789e-02 4.020012915134429932e-03 1.685086288489401340e-03 3.936698660254478455e-03 3.137817233800888062e-02 3.480742871761322021e-02 6.503917276859283447e-03 4.010663181543350220e-02 2.833792753517627716e-02 9.466823190450668335e-03 4.816178604960441589e-02 1.496923714876174927e-02 4.919460415840148926e-02 6.024412065744400024e-02 8.033618330955505371e-03 6.714667379856109619e-02 4.296780005097389221e-02 1.520313788205385208e-02 4.638129472732543945e-02 2.563139498233795166e-01 1.443238407373428345e-01 1.751722767949104309e-02 2.223348803818225861e-02 9.682323783636093140e-03 3.476861491799354553e-02 3.674739226698875427e-02 3.790129348635673523e-02 5.722480360418558121e-03 3.846105933189392090e-02 4.096258059144020081e-02 2.040213905274868011e-02 3.644376993179321289e-02 2.490504644811153412e-02 2.948377281427383423e-02 2.642029710114002228e-02 9.469144046306610107e-03 1.250119879841804504e-02 5.042572692036628723e-02 2.904619835317134857e-02 3.297115117311477661e-02 5.887662991881370544e-03 1.697494089603424072e-02 6.557982414960861206e-02 3.796208184212446213e-03 3.045756183564662933e-02 7.072424516081809998e-03 3.599205240607261658e-02 1.920375786721706390e-02 6.498996634036302567e-03 1.115232054144144058e-02 2.235650829970836639e-02 2.229255810379981995e-02 5.972849670797586441e-03 4.466208443045616150e-02 3.059313073754310608e-02 7.552811410278081894e-03 1.166658289730548859e-02 7.404403295367956161e-03 9.164238348603248596e-03 7.538828253746032715e-02 3.503951057791709900e-02 4.120618849992752075e-02 2.013523690402507782e-02 2.287250943481922150e-03 8.238653652369976044e-03 5.626454483717679977e-03 6.014183908700942993e-02 5.848973523825407028e-03 4.921427369117736816e-02 5.706795025616884232e-03 9.498955681920051575e-03 1.707136444747447968e-02 1.327570807188749313e-02 4.702325910329818726e-02 2.587183937430381775e-02 2.369381673634052277e-02 1.352446805685758591e-02 2.273622713983058929e-02 2.516394853591918945e-02 5.719931051135063171e-02 4.321221634745597839e-02 4.106223210692405701e-02 3.949724137783050537e-02 3.376497700810432434e-02 4.556980729103088379e-02 1.738832704722881317e-02 1.670234277844429016e-02 6.201510131359100342e-02 6.740861106663942337e-03
1.781826019287109375e-01 1.697098761796951294e-01 2.821070887148380280e-02 1.310702040791511536e-02 4.926430061459541321e-02 3.327819108963012695e-01 1.706312000751495361e-01 1.861457899212837219e-02 2.045985311269760132e-02 2.595646306872367859e-03 1.542928963899612427e-01 1.576516404747962952e-02 1.593703329563140869e-01 4.525988176465034485e-02 6.750325858592987061e-02 7.191051263362169266e-03 4.550714418292045593e-02 2.683843299746513367e-02 1.723773777484893799e-02 1.535962056368589401e-02 3.284386359155178070e-03 4.069919139146804810e-02 4.147086758166551590e-03 4.533987864851951599e-02 1.986750774085521698e-02 7.524659857153892517e-03 3.670612722635269165e-02 3.155782446265220642e-02 3.032452240586280823e-02 4.327892884612083435e-02 5.197671800851821899e-02 1.987274363636970520e-02 9.151855483651161194e-03 7.296795025467872620e-03 5.470735952258110046e-02 6.683869659900665283e-02 3.089259937405586243e-02 2.257930859923362732e-02 5.975429899990558624e-03 6.949543952941894531e-02 4.704454913735389709e-02 6.079254299402236938e-02 7.319995667785406113e-03 5.724011454731225967e-03 5.750774289481341839e-04 2.422625757753849030e-02 2.064669728279113770e-01 1.658941656351089478e-01 5.709972977638244629e-02 1.801170594990253448e-02 3.019632957875728607e-02 3.527031280100345612e-03 1.152553223073482513e-02 7.866818457841873169e-03 3.943157568573951721e-02 4.409687966108322144e-02 4.170496761798858643e-02 9.363400749862194061e-03 4.572818800806999207e-02 3.041356056928634644e-02 9.571240283548831940e-03 3.242469206452369690e-02 3.489679098129272461e-02 3.375865519046783447e-02 3.859572112560272217e-02 6.122317537665367126e-02 4.385924711823463440e-02 2.503668516874313354e-02 2.060733269900083542e-03 1.811359450221061707e-02 4.302155692130327225e-03 1.939034264069050550e-04 2.514024451375007629e-02 2.323999069631099701e-02 2.532454207539558411e-02 2.672336529940366745e-03 4.587007686495780945e-03 2.410111203789710999e-02 1.597122102975845337e-02 1.525731571018695831e-02 2.639065496623516083e-02 1.941886544227600098e-02 1.671799086034297943e-02 1.557933050207793713e-03 2.794945240020751953e-02 1.612745225429534912e-02 3.415908198803663254e-03 4.679180309176445007e-02 1.960978284478187561e-02 3.892929479479789734e-02 7.788184564560651779e-03 1.167791988700628281e-02 5.742901191115379333e-02 8.612087927758693695e-03 2.039840258657932281e-02 2.390835061669349670e-02 1.842902600765228271e-02 2.307001687586307526e-02 7.861087098717689514e-03 7.485962123610079288e-05 3.793988376855850220e-02 2.270452305674552917e-02 3.562377067282795906e-03 8.683297783136367798e-03 5.843870341777801514e-03 4.348919913172721863e-02 1.622982323169708252e-02 3.197450563311576843e-02 1.308765821158885956e-02 3.193846344947814941e-02 2.857010066509246826e-02 2.222991734743118286e-02 5.013357475399971008e-02 3.855741582810878754e-03 3.525132313370704651e-02 1.878851279616355896e-02
9.537279605865478516e-03 1.800090819597244263e-02 3.231670856475830078e-01 5.076715257018804550e-03 3.869206830859184265e-02 8.906282484531402588e-03 1.861457899212837219e-02 4.458535090088844299e-02 8.759490214288234711e-03 2.212503924965858459e-02 1.795256696641445160e-02 2.987358346581459045e-02 2.612431906163692474e-02 4.940812289714813232e-02 9.921987354755401611e-02 6.093763280659914017e-03 3.981488291174173355e-03 1.552849076688289642e-02 5.330538004636764526e-02 5.185074731707572937e-02 1.454266440123319626e-02 2.611902169883251190e-02 3.995009697973728180e-03 2.710418961942195892e-02 1.364238001406192780e-02 5.333898123353719711e-03 4.886162281036376953e-02 1.545253098011016846e-01 4.695734381675720215e-02 7.515957951545715332e-02 6.263973563909530640e-02 8.106765896081924438e-02 1.747762551531195641e-03 3.418763168156147003e-03 1.651229709386825562e-02 4.190400242805480957e-02 3.724767640233039856e-02 1.370407361537218094e-02 2.817673236131668091e-02 2.294338308274745941e-02 9.050220251083374023e-05 3.444887697696685791e-02 1.000187080353498459e-02 3.439695760607719421e-02 4.243285581469535828e-02 6.819000095129013062e-02 2.410497749224305153e-03 4.743179678916931152e-02 9.514772146940231323e-02 1.400979887694120407e-02 8.589614182710647583e-02 6.822145730257034302e-02 2.751203440129756927e-02 1.213879976421594620e-02 6.411158014088869095e-03 2.837223187088966370e-02 1.296837232075631618e-03 9.748775511980056763e-03 5.074689909815788269e-02 1.385560957714915276e-03 1.008392963558435440e-02 2.124310284852981567e-02 2.114730887115001678e-02 3.589898347854614258e-02 1.591827953234314919e-03 1.534489449113607407e-02 5.591613240540027618e-03 4.383017495274543762e-02 8.423947729170322418e-03 8.894378319382667542e-03 1.084349025040864944e-02 3.468748927116394043e-02 3.325198590755462646e-02 1.510911528021097183e-02 2.100535668432712555e-02 1.282942481338977814e-02 4.106796812266111374e-03 6.189570296555757523e-03 7.892647758126258850e-03 3.165054693818092346e-02 1.341550499200820923e-01 6.586162745952606201e-02 8.480163663625717163e-02 6.025307253003120422e-02 7.036316394805908203e-02 2.003115043044090271e-02 9.402339160442352295e-02 1.161139011383056641e-01 1.886452548205852509e-02 2.739535458385944366e-02 2.089990861713886261e-02 2.340612560510635376e-02 1.840080320835113525e-02 2.799203619360923767e-02 5.140158534049987793e-02 2.790729515254497528e-02 3.950243815779685974e-02 4.729324206709861755e-02 2.487374842166900635e-02 1.454293075948953629e-02 5.554438102990388870e-04 1.590735465288162231e-02 4.047774244099855423e-03 1.577601023018360138e-02 5.632784590125083923e-02 2.882824651896953583e-02 3.299086913466453552e-02 2.698519080877304077e-02 4.971271380782127380e-02 4.009988531470298767e-02 5.460726469755172729e-02 1.252791937440633774e-02 4.556868970394134521e-02 4.665861278772354126e-02 1.283284872770309448e-01 2.543251216411590576e-02
1.550755929201841354e-02 1.490281708538532257e-02 3.410020470619201660e-02 2.888598479330539703e-02 2.230635844171047211e-02 1.449778117239475250e-02 2.045985311269760132e-02 8.759490214288234711e-03 1.077709197998046875e-01 2.195948362350463867e-02 2.906934171915054321e-02 1.055184453725814819e-01 2.373465895652770996e-02 3.349663689732551575e-02 1.149897743016481400e-02 6.116625294089317322e-02 4.961641132831573486e-02 5.337442830204963684e-02 9.841382503509521484e-03 1.982750371098518372e-02 3.321859240531921387e-02 2.633771859109401703e-03 7.475968450307846069e-02 3.006294555962085724e-02 4.907179996371269226e-02 1.948872208595275879e-02 2.768976613879203796e-02 1.345167518593370914e-03 6.010469049215316772e-03 7.132230699062347412e-02 3.026767633855342865e-02 4.078594222664833069e-02 4.080013185739517212e-02 2.636165171861648560e-02 5.001381039619445801e-02 3.853521542623639107e-03 2.662131749093532562e-02 1.751540112309157848e-03 2.256573550403118134e-02 2.865013480186462402e-02 9.413778781890869141e-03 2.486174739897251129e-02 4.913451150059700012e-02 1.561125041916966438e-03 2.963632345199584961e-02 2.827580086886882782e-02 4.946717992424964905e-02 5.550159513950347900e-02 3.642364218831062317e-02 2.438859269022941589e-02 2.822570875287055969e-02 3.820778429508209229e-02 2.126971259713172913e-02 4.385919496417045593e-02 1.027613058686256409e-01 5.332071706652641296e-02 1.044549942016601562e-01 6.207575555890798569e-03 1.256765890866518021e-02 4.752007126808166504e-02 3.809688985347747803e-02 1.079668011516332626e-02 1.341222785413265228e-02 4.443427920341491699e-02 2.438955195248126984e-02 5.999600887298583984e-02 2.879997156560420990e-02 4.214403033256530762e-02 6.172371655702590942e-02 4.978949576616287231e-02 2.851411327719688416e-02 7.747232168912887573e-02 1.308825216256082058e-03 1.179224718362092972e-02 8.612152189016342163e-03 6.683723628520965576e-02 1.526548117399215698e-01 2.216115966439247131e-02 4.309411719441413879e-02 2.873838879168033600e-02 1.792299002408981323e-02 2.151851356029510498e-02 6.748524308204650879e-02 4.684308171272277832e-02 8.719369769096374512e-03 6.110935285687446594e-02 3.193695098161697388e-03 7.160159293562173843e-03 8.889571577310562134e-02 6.860276684165000916e-03 7.422903436236083508e-04 4.639137908816337585e-02 2.435258124023675919e-03 2.511790581047534943e-02 5.537726730108261108e-02 3.600163757801055908e-02 2.791975811123847961e-02 6.617964059114456177e-02 1.580232754349708557e-02 1.961471885442733765e-02 7.534634321928024292e-02 4.378505423665046692e-02 1.570520550012588501e-02 4.906959459185600281e-02 3.730640746653079987e-03 6.813460960984230042e-03 4.605791345238685608e-02 3.738532215356826782e-02 3.361023962497711182e-02 6.015371531248092651e-03 4.173071682453155518e-02 4.366934299468994141e-02 2.641599997878074646e-02 7.802483439445495605e-02 2.337105385959148407e-02 1.660478860139846802e-02
1.503456942737102509e-02 4.210660979151725769e-02 5.034578591585159302e-02 1.646587066352367401e-02 5.411226768046617508e-03 6.794658111175522208e-05 2.595646306872367859e-03 2.212503924965858459e-02 2.195948362350463867e-02 1.087052747607231140e-01 4.698872566223144531e-02 3.367180004715919495e-02 3.016586974263191223e-02 1.583714596927165985e-02 3.347316384315490723e-02 1.141078677028417587e-02 3.322565183043479919e-02 3.521629795432090759e-02 1.356271058320999146e-01 4.469925537705421448e-02 7.055870443582534790e-02 9.070863947272300720e-03 6.918211281299591064e-02 7.471522688865661621e-02 9.696117602288722992e-03 1.007824316620826721e-01 3.625824674963951111e-02 4.607566632330417633e-03 2.384295314550399780e-02 2.276068367063999176e-02 3.259512782096862793e-02 4.519444331526756287e-02 7.195015996694564819e-02 8.207663893699645996e-02 4.859628900885581970e-02 2.188662439584732056e-02 3.930003568530082703e-02 3.549588099122047424e-02 2.310414426028728485e-02 1.216190308332443237e-02 1.281119789928197861e-02 6.389718037098646164e-03 4.724469035863876343e-02 4.831048659980297089e-03 5.024715512990951538e-02 5.356239154934883118e-02 6.301457062363624573e-03 1.971337758004665375e-02 4.102426022291183472e-02 1.178700029850006104e-01 4.196179658174514771e-02 4.435734823346138000e-03 1.524811331182718277e-02 3.248913586139678955e-02 3.504700958728790283e-02 1.231180578470230103e-01 6.358832865953445435e-02 7.502598315477371216e-02 1.102350652217864990e-04 1.638086698949337006e-02 1.326686423271894455e-02 4.890381172299385071e-02 7.627739105373620987e-04 1.862533390522003174e-02 8.268466219305992126e-03 6.982721388339996338e-03 6.423604488372802734e-02 8.964721113443374634e-02 4.853614047169685364e-02 1.333407461643218994e-01 5.868973955512046814e-02 1.558231189846992493e-03 6.645911931991577148e-02 5.751004070043563843e-02 2.080480940639972687e-02 2.127481251955032349e-02 7.139328867197036743e-02 1.434732973575592041e-01 1.880836486816406250e-02 1.954422295093536377e-01 3.211665665730834007e-03 5.886846780776977539e-02 3.335186094045639038e-02 1.287806183099746704e-01 4.057873412966728210e-02 9.201654791831970215e-02 1.906511140987277031e-03 2.006915770471096039e-02 8.991903625428676605e-03 5.898791179060935974e-02 3.664176911115646362e-02 3.051426075398921967e-02 1.310413144528865814e-02 3.583526238799095154e-02 1.474569085985422134e-02 2.388968691229820251e-02 5.390024930238723755e-02 2.565711271017789841e-03 5.963753908872604370e-02 4.725736007094383240e-02 2.894285367801785469e-03 5.688238516449928284e-02 1.621151715517044067e-02 9.194852318614721298e-04 3.454376943409442902e-03 3.672549873590469360e-02 1.768618449568748474e-02 5.147408321499824524e-02 1.028547156602144241e-02 6.544919684529304504e-03 3.949170559644699097e-02 2.963146567344665527e-02 1.278846152126789093e-02 2.240861393511295319e-02 2.999358437955379486e-02 6.014866754412651062e-02
1.948583722114562988e-01 1.326120048761367798e-01 3.320967778563499451e-02 3.165751323103904724e-02 4.657908529043197632e-02 1.118423268198966980e-01 1.542928963899612427e-01 1.795256696641445160e-02 2.906934171915054321e-02 4.698872566223144531e-02 1.232755109667778015e-01 8.006199449300765991e-02 2.050573080778121948e-01 6.652018427848815918e-02 1.067597940564155579e-01 1.482965331524610519e-02 1.975964009761810303e-02 1.872316934168338776e-02 2.924096770584583282e-04 3.587356954813003540e-02 7.211383432149887085e-02 9.702762961387634277e-02 2.332482673227787018e-02 3.289248421788215637e-02 3.467069566249847412e-02 2.359432913362979889e-02 7.159350812435150146e-02 2.100377529859542847e-02 1.548896450549364090e-02 4.081016033887863159e-02 3.613814339041709900e-02 2.781752869486808777e-02 3.964196890592575073e-02 2.470802515745162964e-02 1.622044853866100311e-02 4.261118825525045395e-03 5.230703577399253845e-02 1.743718609213829041e-02 2.804314345121383667e-02 3.172763623297214508e-03 5.621262826025485992e-03 1.942744478583335876e-02 4.986520111560821533e-02 6.711613386869430542e-02 3.771819174289703369e-02 3.789656981825828552e-02 3.817895427346229553e-02 2.993319183588027954e-02 4.915230674669146538e-04 7.812213152647018433e-02 6.472620647400617599e-03 1.635662466287612915e-02 1.332675293087959290e-02 1.654573716223239899e-02 4.840928688645362854e-02 1.968481950461864471e-02 3.382137045264244080e-02 3.712813928723335266e-02 1.960627734661102295e-02 5.482062324881553650e-02 3.501116298139095306e-04 8.001728914678096771e-03 6.203833036124706268e-03 3.867893293499946594e-02 1.430051214993000031e-02 1.117429882287979126e-02 8.976582466857507825e-05 1.100857392884790897e-03 1.888309046626091003e-02 9.743395261466503143e-03 1.144525711424648762e-03 8.451733738183975220e-02 2.156426012516021729e-02 2.173212543129920959e-02 2.560543641448020935e-02 4.878432303667068481e-02 5.012997984886169434e-02 8.679822087287902832e-03 2.820589020848274231e-02 5.581263080239295959e-02 3.605256229639053345e-02 7.358808815479278564e-02 2.331115119159221649e-02 1.745432801544666290e-02 8.771399967372417450e-03 2.409728057682514191e-02 1.085512340068817139e-01 7.704515755176544189e-02 2.714774943888187408e-02 5.071571469306945801e-02 1.962414011359214783e-02 8.083131164312362671e-02 6.119683384895324707e-02 1.598732732236385345e-02 4.523003846406936646e-02 6.452791858464479446e-03 2.041869051754474640e-02 5.202393513172864914e-03 6.034334655851125717e-04 1.613586209714412689e-02 3.977949544787406921e-02 5.226674955338239670e-03 8.299144357442855835e-02 2.575423382222652435e-02 2.549916133284568787e-02 2.012202702462673187e-02 3.794282674789428711e-02 4.084389191120862961e-03 2.372602745890617371e-02 1.918016560375690460e-02 4.099761694669723511e-02 5.367402359843254089e-02 1.936628366820514202e-03 1.454476639628410339e-02 5.098858103156089783e-02 6.002950482070446014e-03
3.363456809893250465e-03 4.035911988466978073e-03 5.983008816838264465e-02 7.859467528760433197e-03 7.876894623041152954e-02 4.071263968944549561e-02 1.576516404747962952e-02 2.987358346581459045e-02 1.055184453725814819e-01 3.367180004715919495e-02 8.006199449300765991e-02 8.986319601535797119e-02 1.466861460357904434e-02 2.379433512687683105e-01 1.066832337528467178e-02 6.478744745254516602e-02 2.424050867557525635e-02 2.385147847235202789e-02 7.784025277942419052e-03 2.693810127675533295e-02 4.326060041785240173e-02 4.282478243112564087e-02 1.549506634473800659e-01 1.447317097336053848e-02 1.053959131240844727e-02 4.145133867859840393e-02 3.235339827369898558e-04 1.363522261381149292e-01 3.789831697940826416e-02 1.045823395252227783e-01 3.685998730361461639e-03 2.023853920400142670e-02 2.563361451029777527e-02 2.454457618296146393e-02 4.169286042451858521e-02 1.580102741718292236e-02 2.557567134499549866e-02 1.687433919869363308e-03 6.594979017972946167e-02 2.531145885586738586e-02 4.164264723658561707e-02 2.480521053075790405e-02 4.741760343313217163e-02 3.695610910654067993e-03 1.252370178699493408e-01 7.202991098165512085e-02 2.813317812979221344e-02 4.624816775321960449e-02 5.433743447065353394e-02 7.200885564088821411e-02 1.054654084146022797e-02 3.482741490006446838e-02 1.152549963444471359e-02 8.725713705644011497e-04 2.638143487274646759e-03 3.663648292422294617e-02 1.464647427201271057e-02 7.383635640144348145e-02 4.948952794075012207e-02 8.912850717024412006e-06 9.226614981889724731e-02 9.279238432645797729e-02 6.203369796276092529e-02 5.806463956832885742e-02 4.414037987589836121e-02 2.113115228712558746e-02 2.131079323589801788e-03 3.222263976931571960e-02 5.347507447004318237e-02 7.172944396734237671e-02 3.573063388466835022e-02 3.797340393066406250e-02 7.556764036417007446e-02 2.886962518095970154e-02 4.346635192632675171e-02 4.517574608325958252e-02 1.200828030705451965e-01 4.522724077105522156e-02 8.324757963418960571e-02 2.012994326651096344e-02 4.885582625865936279e-02 7.136211730539798737e-03 2.219239063560962677e-02 6.952081620693206787e-02 6.866732146590948105e-04 7.428594864904880524e-03 2.673161588609218597e-02 3.604412823915481567e-02 5.821508169174194336e-02 4.201304912567138672e-02 1.039311960339546204e-01 1.061178147792816162e-01 6.268067657947540283e-02 1.550693064928054810e-02 7.546222209930419922e-02 2.721425890922546387e-02 7.864791154861450195e-02 6.606943160295486450e-02 1.495121419429779053e-02 4.659610241651535034e-02 1.470757275819778442e-02 4.071179311722517014e-03 7.875008881092071533e-02 3.567261248826980591e-02 2.019839547574520111e-02 5.313615128397941589e-02 5.191340297460556030e-02 4.602529481053352356e-02 3.255422413349151611e-02 2.548609301447868347e-02 4.426494613289833069e-02 2.498129848390817642e-03 5.912237334996461868e-03 3.353938832879066467e-02 6.848435103893280029e-02 3.547749668359756470e-02
1.576727330684661865e-01 1.431203931570053101e-01 5.799373984336853027e-02 6.369768083095550537e-02 3.502774238586425781e-02 1.295766830444335938e-01 1.593703329563140869e-01 2.612431906163692474e-02 2.373465895652770996e-02 3.016586974263191223e-02 2.050573080778121948e-01 1.466861460357904434e-02 1.172892823815345764e-01 2.926058880984783173e-02 1.027321740984916687e-01 4.244474228471517563e-03 3.764872625470161438e-02 8.422530256211757660e-03 4.710211604833602905e-02 5.479182302951812744e-02 7.324804365634918213e-02 1.175426095724105835e-01 3.220992907881736755e-02 7.398850470781326294e-02 2.823672443628311157e-02 1.333473622798919678e-02 4.571684822440147400e-02 2.326472429558634758e-03 9.747534990310668945e-03 1.883018948137760162e-02 9.494079276919364929e-03 5.362432822585105896e-02 2.903886511921882629e-02 1.392424944788217545e-02 1.595911756157875061e-02 1.404996216297149658e-02 3.508692141622304916e-03 4.383194819092750549e-02 5.892829969525337219e-03 4.802456498146057129e-02 2.687206305563449860e-02 2.649764344096183777e-02 2.986950241029262543e-02 6.679492071270942688e-03 1.503742579370737076e-02 6.039381027221679688e-02 8.196273446083068848e-02 4.565633460879325867e-02 3.770417347550392151e-02 4.235267639160156250e-02 3.635141253471374512e-02 6.811286322772502899e-03 2.192202955484390259e-02 2.477850951254367828e-02 1.540299504995346069e-03 1.538829691708087921e-02 1.682675629854202271e-02 3.267094492912292480e-02 4.122680053114891052e-03 1.770214177668094635e-02 2.054252848029136658e-02 1.890376210212707520e-02 5.076962709426879883e-02 7.540380582213401794e-03 1.404106733389198780e-03 9.761037677526473999e-02 1.404701732099056244e-02 1.940377987921237946e-02 3.291561454534530640e-02 1.261947862803936005e-02 2.775451284833252430e-04 8.970693452283740044e-04 2.686376450583338737e-03 2.907727658748626709e-02 2.970097027719020844e-02 1.698641665279865265e-02 3.277368843555450439e-02 9.942947886884212494e-03 1.964776962995529175e-02 3.563345596194267273e-02 7.105623930692672729e-02 5.118872970342636108e-02 4.547330364584922791e-02 2.004763856530189514e-02 1.949906721711158752e-02 2.103648707270622253e-02 5.266623944044113159e-02 6.086673587560653687e-02 9.577180258929729462e-03 4.507907107472419739e-02 4.299181327223777771e-02 3.464247658848762512e-02 6.545171607285737991e-03 2.677610144019126892e-02 1.164514012634754181e-02 8.438542863586917520e-05 3.492645174264907837e-02 2.831908874213695526e-02 3.726894780993461609e-02 4.190552234649658203e-02 2.282411791384220123e-02 1.411683950573205948e-02 2.590825036168098450e-02 1.367449294775724411e-02 4.678958281874656677e-02 2.953315898776054382e-02 9.506134316325187683e-03 1.236149575561285019e-02 2.356183901429176331e-02 7.821597158908843994e-03 6.855346262454986572e-02 4.583898186683654785e-02 3.220092132687568665e-02 4.218851774930953979e-02 3.375684469938278198e-02 1.479225233197212219e-02
