1.639163643121719360e-01 8.688423782587051392e-02 1.812911650631576777e-04 1.199930626899003983e-02 1.446261163800954819e-02 3.252260759472846985e-02 2.058505453169345856e-02 4.554601013660430908e-02 1.573420129716396332e-02 1.184613443911075592e-02 6.971012055873870850e-02 3.284387663006782532e-02 7.476910948753356934e-02 1.800308562815189362e-02 5.017474666237831116e-02 5.421156994998455048e-03 5.926060490310192108e-03 7.946707308292388916e-03 5.648141354322433472e-02 1.124356780201196671e-02 1.782893203198909760e-02 3.171564266085624695e-02 2.305364422500133514e-02 1.478780806064605713e-02 1.420966000296175480e-03 2.363285981118679047e-03 1.495089661329984665e-02 1.867896690964698792e-02 4.775424674153327942e-02 1.697336696088314056e-02 4.652858152985572815e-02 1.603397168219089508e-02 1.358393300324678421e-02 4.505286924540996552e-03 3.062776057049632072e-03 1.893417723476886749e-02 1.248263753950595856e-02 7.757687009871006012e-03 7.522174622863531113e-03 2.216951223090291023e-03 2.381682023406028748e-02 1.392214465886354446e-02 1.989786326885223389e-02 1.762591674923896790e-02 1.081822323612868786e-03 5.443256348371505737e-03 2.093805186450481415e-02 1.012076344341039658e-02 4.312085919082164764e-03 1.908543333411216736e-02 1.169385667890310287e-02 8.786369115114212036e-03 1.717974059283733368e-02 3.030198439955711365e-02 4.134941846132278442e-03 8.651628158986568451e-03 8.773144334554672241e-03 1.307572145015001297e-02 8.673273259773850441e-04 1.286568213254213333e-02 4.268339276313781738e-02 1.607737317681312561e-02 8.517728187143802643e-03 1.745479553937911987e-02 3.390581905841827393e-02 3.620021045207977295e-02 1.403483748435974121e-02 1.163630466908216476e-02 2.224636636674404144e-02 3.371790423989295959e-02 3.325283061712980270e-03 2.835325710475444794e-02 1.198715716600418091e-02 7.316467817872762680e-03 1.933214138261973858e-03 1.631093211472034454e-02 1.000115461647510529e-02 8.311056299135088921e-04 3.431716235354542732e-03 1.552813965827226639e-02 5.256462842226028442e-03 3.545979037880897522e-02 2.378394594416022301e-03 9.794487617909908295e-03 1.294909883290529251e-02 1.437904685735702515e-02 2.264995500445365906e-02 3.431358560919761658e-02 3.107504174113273621e-02 1.151744462549686432e-02 4.250378161668777466e-02 3.216529265046119690e-02 1.861989498138427734e-02 3.668135404586791992e-02 2.383847534656524658e-02 1.868267357349395752e-02 6.133351475000381470e-03 8.086487650871276855e-03 9.642188437283039093e-03 5.306843668222427368e-03 5.649218801409006119e-04 1.224322151392698288e-02 1.431508269160985947e-02 2.709314040839672089e-02 1.520934328436851501e-02 1.234375312924385071e-02 4.043995961546897888e-02 2.874562516808509827e-03 7.604783400893211365e-03 1.328966114670038223e-02 1.247412618249654770e-02 1.226450875401496887e-02 1.140782376751303673e-03 1.145057380199432373e-03 3.379183635115623474e-02 3.786230832338333130e-02
8.688423782587051392e-02 1.566543728113174438e-01 1.737648807466030121e-02 1.243651565164327621e-02 1.712299510836601257e-02 4.577476531267166138e-02 3.279243782162666321e-02 5.980085954070091248e-02 1.032017543911933899e-02 2.312796004116535187e-02 7.616145163774490356e-02 1.689903996884822845e-02 9.049063175916671753e-02 1.709445193409919739e-02 4.023457691073417664e-02 7.617756724357604980e-03 7.106225471943616867e-03 1.886598882265388966e-03 5.398268625140190125e-02 2.291341871023178101e-02 1.516161952167749405e-02 3.332432359457015991e-02 2.094248682260513306e-02 1.616638340055942535e-02 1.040073856711387634e-02 1.506903572590090334e-05 1.252073701471090317e-02 2.180958399549126625e-03 4.041767120361328125e-02 3.564964514225721359e-03 4.717267304658889771e-02 1.706057414412498474e-02 2.191958203911781311e-02 1.100368518382310867e-02 5.936982110142707825e-03 1.054860837757587433e-02 1.182517688721418381e-02 3.937923535704612732e-02 1.311075990088284016e-03 1.624288968741893768e-03 1.581836724653840065e-03 1.184829045087099075e-02 3.492261096835136414e-02 1.532542239874601364e-02 1.930508576333522797e-02 7.355124223977327347e-03 3.868303075432777405e-02 2.333271130919456482e-02 3.741061547771096230e-03 1.125616673380136490e-02 1.596739888191223145e-02 6.099985446780920029e-03 2.194145508110523224e-02 3.073490038514137268e-02 1.684749964624643326e-03 1.620842143893241882e-02 7.511953008361160755e-04 2.063947916030883789e-02 3.679993376135826111e-02 1.400533504784107208e-02 5.239105969667434692e-02 3.599978238344192505e-02 1.662690378725528717e-02 2.225962467491626740e-02 2.710360661149024963e-02 3.533237800002098083e-02 3.079643286764621735e-02 1.018831972032785416e-02 5.431927740573883057e-03 2.278847061097621918e-02 2.047000080347061157e-02 1.193386223167181015e-02 6.257853470742702484e-03 4.317418206483125687e-04 1.708145439624786377e-02 3.687336295843124390e-02 6.955985445529222488e-03 1.279301795875653625e-04 5.108200712129473686e-04 4.283129796385765076e-02 2.728322520852088928e-03 3.584126010537147522e-02 1.919446699321269989e-02 6.017026677727699280e-02 3.072510845959186554e-02 8.195324800908565521e-03 2.803283557295799255e-02 4.366223886609077454e-02 1.026824675500392914e-02 1.039230264723300934e-02 5.114062130451202393e-02 3.030699677765369415e-02 3.455199301242828369e-02 3.372677788138389587e-02 3.297663852572441101e-02 2.662874013185501099e-02 2.040246874094009399e-02 4.983415082097053528e-02 7.998448796570301056e-03 2.764535835012793541e-03 3.871368477120995522e-03 2.552805282175540924e-02 3.256032243371009827e-02 5.047725513577461243e-03 1.149671617895364761e-03 4.663882032036781311e-02 3.571963682770729065e-02 5.290485918521881104e-03 2.278393693268299103e-02 2.220198279246687889e-03 9.377261623740196228e-03 2.230321802198886871e-02 6.943002808839082718e-03 3.378511406481266022e-03 2.350777201354503632e-02 3.344741463661193848e-02
1.812911650631576777e-04 1.737648807466030121e-02 1.321345567703247070e-01 3.739123046398162842e-02 7.795779500156641006e-03 2.277696505188941956e-02 2.341922605410218239e-03 5.011757463216781616e-02 8.046629838645458221e-03 1.616060361266136169e-02 2.090639621019363403e-02 2.152159996330738068e-02 8.747511543333530426e-03 4.797070473432540894e-02 2.900506369769573212e-02 1.462446525692939758e-03 1.217238605022430420e-02 1.294372528791427612e-01 6.970450282096862793e-02 3.914654627442359924e-02 3.605137392878532410e-02 4.511584341526031494e-02 2.316949330270290375e-02 2.337266132235527039e-02 4.467137157917022705e-02 2.913363277912139893e-02 3.303800523281097412e-02 6.419552024453878403e-03 3.616115823388099670e-02 9.631826542317867279e-03 5.083794891834259033e-02 2.098182402551174164e-02 6.243475154042243958e-02 9.333337657153606415e-04 4.524991288781166077e-02 4.537008702754974365e-03 2.510054968297481537e-03 5.710098147392272949e-02 2.294874191284179688e-02 3.063838928937911987e-02 4.350295290350914001e-02 2.985417284071445465e-02 7.521495223045349121e-03 9.105580300092697144e-02 4.961407557129859924e-02 1.268268562853336334e-02 5.869643297046422958e-03 3.163273679092526436e-03 2.761996164917945862e-02 1.369871478527784348e-02 3.492787107825279236e-02 5.863209441304206848e-02 2.766847843304276466e-03 1.268120948225259781e-02 1.470836158841848373e-02 2.275302819907665253e-02 1.772912219166755676e-02 2.215254120528697968e-02 2.449117787182331085e-02 5.274638999253511429e-03 3.412866219878196716e-02 6.587779521942138672e-02 9.685131162405014038e-02 1.034564897418022156e-02 6.722802668809890747e-02 1.386248692870140076e-02 4.202799405902624130e-03 3.106912784278392792e-02 1.272718980908393860e-02 2.069443278014659882e-02 2.908354252576828003e-02 2.961199730634689331e-02 8.617683313786983490e-03 3.311687614768743515e-03 6.743974983692169189e-03 1.064815372228622437e-02 1.273507904261350632e-02 7.696900051087141037e-03 1.713472884148359299e-03 3.624287620186805725e-02 2.119108885526657104e-01 1.088536232709884644e-01 2.895314432680606842e-02 1.730744168162345886e-02 4.760946612805128098e-03 2.356887981295585632e-02 2.006854116916656494e-02 2.096325159072875977e-02 1.085447520017623901e-02 2.040250413119792938e-02 8.805867284536361694e-03 2.954067289829254150e-02 3.514120820909738541e-03 3.361827880144119263e-02 3.369474783539772034e-02 8.591293357312679291e-03 1.773790270090103149e-02 1.380412280559539795e-02 4.002299532294273376e-02 4.590743035078048706e-02 1.471566036343574524e-02 4.571696743369102478e-02 4.439933970570564270e-02 5.051919288234785199e-05 2.314646542072296143e-02 2.473321184515953064e-02 1.404270995408296585e-02 6.010999530553817749e-02 1.191653497517108917e-02 1.425377558916807175e-02 1.773601584136486053e-02 2.670720964670181274e-02 1.601903140544891357e-02 4.032630473375320435e-02 5.710794404149055481e-02 6.340121477842330933e-02
1.199930626899003983e-02 1.243651565164327621e-02 3.739123046398162842e-02 1.914224773645401001e-01 1.984233558177947998e-01 6.357872858643531799e-03 3.416552022099494934e-02 3.252280503511428833e-02 2.138210693374276161e-03 6.237973645329475403e-02 9.520964813418686390e-04 1.100294198840856552e-02 3.544662147760391235e-02 1.719409786164760590e-02 3.919636458158493042e-02 7.890643924474716187e-02 2.080565504729747772e-02 1.568440496921539307e-01 1.456047594547271729e-02 6.027350947260856628e-02 1.066774246282875538e-03 5.004811566323041916e-03 2.963396534323692322e-02 3.101317398250102997e-02 2.575668971985578537e-03 4.793115332722663879e-02 1.496292185038328171e-02 6.227815523743629456e-03 5.073531717061996460e-02 1.067430526018142700e-02 1.610819483175873756e-03 9.563168510794639587e-03 5.954936146736145020e-02 1.179000176489353180e-02 6.187282875180244446e-02 1.452974416315555573e-02 5.342693999409675598e-03 2.157588722184300423e-03 2.546971440315246582e-01 1.390788108110427856e-01 6.087025161832571030e-03 4.037550464272499084e-02 2.311324235051870346e-03 3.731051459908485413e-02 5.919927358627319336e-02 5.828189663589000702e-03 1.644791290163993835e-02 4.803672805428504944e-02 4.541116952896118164e-02 4.383133351802825928e-02 7.324368506669998169e-02 5.202216096222400665e-03 6.656059529632329941e-03 9.799475781619548798e-03 5.933388322591781616e-02 1.709009520709514618e-02 1.608823426067829132e-02 2.448431961238384247e-02 4.620778933167457581e-02 9.671391919255256653e-03 4.684210941195487976e-02 1.553712040185928345e-02 9.189406782388687134e-02 9.103360027074813843e-02 1.786284334957599640e-02 9.193767793476581573e-03 3.646532073616981506e-02 6.471129017882049084e-04 3.106275387108325958e-02 3.171215578913688660e-02 1.973440684378147125e-02 4.846448544412851334e-03 2.874029800295829773e-02 8.751408196985721588e-03 1.536255180835723877e-01 1.650747098028659821e-02 8.801194839179515839e-03 7.138835266232490540e-03 1.172038726508617401e-02 2.923555485904216766e-02 2.087195403873920441e-02 6.160750053822994232e-04 6.143210828304290771e-02 7.229642570018768311e-02 9.059754665940999985e-04 3.684477880597114563e-02 1.829883549362421036e-03 2.394760772585868835e-02 3.478193283081054688e-02 8.415278978645801544e-03 3.829294443130493164e-02 3.538249060511589050e-03 5.818880721926689148e-02 4.068894777446985245e-03 7.693828642368316650e-02 1.793481409549713135e-02 1.955262757837772369e-02 7.548011094331741333e-02 5.798146594315767288e-03 2.074107294902205467e-03 1.795392297208309174e-02 2.531209774315357208e-02 6.560313981026411057e-03 7.391700986772775650e-03 4.825704172253608704e-02 1.312352437525987625e-02 3.140914067625999451e-02 9.763498790562152863e-03 3.515346348285675049e-02 2.591341920197010040e-02 3.791125118732452393e-02 2.183149755001068115e-02 4.288479313254356384e-02 1.069492008537054062e-02 1.547596883028745651e-02 3.312563523650169373e-02
1.446261163800954819e-02 1.712299510836601257e-02 7.795779500156641006e-03 1.984233558177947998e-01 1.551767140626907349e-01 2.289942465722560883e-02 3.430427610874176025e-02 4.563876986503601074e-02 1.156387291848659515e-02 1.829900313168764114e-03 1.976190879940986633e-02 1.141485292464494705e-02 1.206590700894594193e-02 6.403809413313865662e-03 1.140747405588626862e-02 5.654852464795112610e-02 5.464190617203712463e-02 3.979228436946868896e-02 2.440658211708068848e-02 1.593240723013877869e-02 1.091577392071485519e-02 2.293749153614044189e-02 1.215598173439502716e-02 2.710727415978908539e-02 7.422913913615047932e-04 4.438590630888938904e-02 3.499282896518707275e-02 2.092768903821706772e-03 5.314182490110397339e-03 3.655431419610977173e-02 3.827306209132075310e-04 5.456672981381416321e-03 1.607897877693176270e-02 5.672324448823928833e-03 9.271192364394664764e-03 2.276373654603958130e-02 6.079920567572116852e-03 2.597003011032938957e-03 1.402609944343566895e-01 2.113618403673171997e-01 3.034551255404949188e-02 1.960489526391029358e-02 3.571437206119298935e-03 3.785357996821403503e-02 2.992651425302028656e-03 1.030415855348110199e-02 5.409077554941177368e-02 4.380287230014801025e-02 1.079610735177993774e-02 5.540296901017427444e-03 3.781758993864059448e-02 1.156211132183670998e-03 7.652882020920515060e-03 1.550697814673185349e-02 4.234106745570898056e-03 7.364721037447452545e-03 4.489223472774028778e-03 1.260813791304826736e-02 3.231150284409523010e-02 1.347335707396268845e-02 2.619904838502407074e-02 2.075487980619072914e-03 2.202818356454372406e-02 1.507659722119569778e-02 1.870610564947128296e-02 1.469044573605060577e-02 1.190627180039882660e-02 5.186561122536659241e-02 1.504311896860599518e-02 3.810919076204299927e-02 9.259658865630626678e-03 1.750808209180831909e-02 2.279122546315193176e-02 1.934076659381389618e-02 1.139847114682197571e-01 2.294150553643703461e-02 6.168168969452381134e-03 1.593288965523242950e-02 9.630877524614334106e-03 1.047283690422773361e-02 9.167651645839214325e-03 1.860754750669002533e-02 3.368404880166053772e-02 4.403275623917579651e-02 6.229213997721672058e-02 1.922333054244518280e-02 1.427347492426633835e-02 9.936289861798286438e-03 2.761140838265419006e-02 4.867801442742347717e-02 5.113757401704788208e-02 2.274058945477008820e-02 4.649740085005760193e-02 9.833185933530330658e-03 4.424713924527168274e-02 2.993346750736236572e-02 5.302182212471961975e-02 1.531982421875000000e-02 1.986042363569140434e-03 1.724671386182308197e-02 4.495810717344284058e-03 1.634928048588335514e-03 4.380732402205467224e-02 1.149450056254863739e-02 3.835176676511764526e-02 3.949918597936630249e-02 2.128117717802524567e-02 3.483597934246063232e-02 5.428368225693702698e-02 3.880942612886428833e-02 3.870236501097679138e-02 8.245838433504104614e-02 1.343476306647062302e-02 1.224495749920606613e-02 4.995521530508995056e-02 4.469436034560203552e-02
3.252260759472846985e-02 4.577476531267166138e-02 2.277696505188941956e-02 6.357872858643531799e-03 2.289942465722560883e-02 1.576962620019912720e-01 1.358233541250228882e-01 7.597982417792081833e-03 1.878337189555168152e-02 2.726708911359310150e-02 2.565316855907440186e-02 4.388121142983436584e-02 4.381080716848373413e-02 5.311525613069534302e-02 4.775356873869895935e-02 1.304674521088600159e-02 2.391814440488815308e-02 1.541728246957063675e-02 9.223388769896700978e-05 1.102572400122880936e-02 3.169830888509750366e-02 2.182649262249469757e-02 4.002510756254196167e-02 4.033638536930084229e-02 8.246975950896739960e-03 2.578533254563808441e-02 4.605375695973634720e-03 1.844491064548492432e-02 9.032349102199077606e-03 3.079708293080329895e-02 1.082925777882337570e-02 1.595593616366386414e-02 5.322275683283805847e-03 4.481327161192893982e-02 7.111636921763420105e-03 1.305854227393865585e-02 8.172213099896907806e-03 1.053070090711116791e-02 2.106997556984424591e-02 1.790948398411273956e-02 8.593473583459854126e-03 6.324699614197015762e-03 2.191227860748767853e-02 3.869933262467384338e-02 1.224717684090137482e-02 1.688020129222422838e-04 1.054995432496070862e-01 9.788455069065093994e-02 5.446267314255237579e-03 1.543385349214076996e-02 1.396500691771507263e-02 1.908771879971027374e-02 5.276277661323547363e-03 1.843235106207430363e-03 2.012042887508869171e-02 2.002877928316593170e-02 3.857393749058246613e-03 1.606099866330623627e-02 2.814503852277994156e-03 2.671092003583908081e-02 3.660366171970963478e-03 4.229366034269332886e-02 1.165181677788496017e-02 1.824471727013587952e-02 5.830168956890702248e-04 6.321789231151342392e-03 2.605372108519077301e-02 1.506193727254867554e-02 8.963371627032756805e-03 2.333459677174687386e-03 7.083323784172534943e-03 4.150214605033397675e-03 4.067456722259521484e-02 1.892106421291828156e-02 3.255701810121536255e-02 1.633093133568763733e-02 1.084482949227094650e-02 3.440873697400093079e-02 2.868879586458206177e-03 2.095445990562438965e-02 5.903502460569143295e-03 1.716312137432396412e-03 2.785847894847393036e-02 2.677663788199424744e-02 4.685083869844675064e-03 1.629468426108360291e-02 2.598262391984462738e-02 2.963197790086269379e-02 3.797909617424011230e-02 7.204243913292884827e-03 3.667700663208961487e-02 2.468998171389102936e-02 5.486711487174034119e-02 2.329322695732116699e-02 2.164638787508010864e-02 3.412442281842231750e-02 1.642779074609279633e-02 2.300127223134040833e-02 2.030368521809577942e-02 3.050498664379119873e-02 3.194203972816467285e-02 2.627619309350848198e-03 3.133966773748397827e-02 7.610026746988296509e-03 1.058786921203136444e-02 1.327356789261102676e-02 4.333853349089622498e-02 3.750954568386077881e-02 2.572683058679103851e-02 2.100277505815029144e-02 4.533698782324790955e-03 5.111064761877059937e-03 8.268109522759914398e-03 1.177776698023080826e-02 2.977835945785045624e-02 2.802139706909656525e-02
2.058505453169345856e-02 3.279243782162666321e-02 2.341922605410218239e-03 3.416552022099494934e-02 3.430427610874176025e-02 1.358233541250228882e-01 1.537452936172485352e-01 8.351747877895832062e-03 1.800147444009780884e-02 3.299000859260559082e-02 1.681432686746120453e-02 3.698251023888587952e-02 2.644519321620464325e-02 5.226810276508331299e-02 1.842931099236011505e-02 1.643112115561962128e-02 2.488877438008785248e-02 1.855255477130413055e-02 8.260242611868306994e-05 1.262736972421407700e-02 3.224004432559013367e-02 1.895355433225631714e-02 4.860652610659599304e-02 5.483520403504371643e-02 1.530566718429327011e-02 1.996066048741340637e-02 1.301635429263114929e-02 8.859038352966308594e-03 2.488787984475493431e-03 2.704920433461666107e-02 1.927625760436058044e-02 2.644555643200874329e-02 7.639932446181774139e-03 4.374828562140464783e-02 2.719463314861059189e-03 1.436028908938169479e-02 1.284801959991455078e-02 2.102963859215378761e-03 3.439389541745185852e-02 4.268068075180053711e-02 8.314546197652816772e-03 8.090090006589889526e-03 1.727002486586570740e-02 2.309079281985759735e-02 1.231967564672231674e-02 2.924109343439340591e-03 1.193581148982048035e-01 1.435507535934448242e-01 1.003144122660160065e-02 9.102466516196727753e-03 3.003475069999694824e-02 1.875758543610572815e-02 8.441378362476825714e-03 5.291624460369348526e-03 2.756570838391780853e-02 2.993731573224067688e-02 9.441287256777286530e-03 1.765948720276355743e-02 3.133791498839855194e-03 3.633795678615570068e-02 2.395494282245635986e-02 1.986067369580268860e-02 1.439784560352563858e-02 7.513709366321563721e-03 6.828470621258020401e-03 1.424178760498762131e-02 1.213393267244100571e-02 1.458271057344973087e-03 7.933391025289893150e-04 5.936307366937398911e-03 2.756042638793587685e-03 5.174797261133790016e-04 6.339078396558761597e-02 6.546897348016500473e-03 4.264957271516323090e-03 2.358780987560749054e-02 2.946498803794384003e-03 3.779659792780876160e-02 6.430494133383035660e-03 2.681456133723258972e-02 5.709314718842506409e-03 1.271581370383501053e-02 2.843074873089790344e-02 1.537287142127752304e-02 2.246144460514187813e-03 2.491056360304355621e-02 1.362426020205020905e-02 1.696457527577877045e-02 3.300158306956291199e-03 3.813855350017547607e-02 4.854398220777511597e-02 2.781512029469013214e-02 8.286545425653457642e-02 2.915263734757900238e-02 3.450711816549301147e-02 6.207774579524993896e-02 2.240768261253833771e-02 6.463080178946256638e-03 9.746288880705833435e-03 1.087332610040903091e-02 3.862196207046508789e-02 9.834902361035346985e-03 4.579703789204359055e-03 5.645442288368940353e-03 1.128115411847829819e-02 2.457698434591293335e-02 4.294380545616149902e-02 4.449841752648353577e-02 4.396753385663032532e-02 3.048158809542655945e-02 1.027267705649137497e-02 3.680531168356537819e-03 1.240881625562906265e-02 2.031745947897434235e-02 1.317089889198541641e-02 9.778435342013835907e-03
4.554601013660430908e-02 5.980085954070091248e-02 5.011757463216781616e-02 3.252280503511428833e-02 4.563876986503601074e-02 7.597982417792081833e-03 8.351747877895832062e-03 1.270530372858047485e-01 1.892274804413318634e-02 7.881933450698852539e-02 6.475348025560379028e-02 3.465654794126749039e-03 8.046833425760269165e-02 1.402184600010514259e-03 9.261433780193328857e-02 3.849690034985542297e-02 2.757769450545310974e-02 1.090413611382246017e-02 1.906793564558029175e-02 6.469188723713159561e-03 2.306312508881092072e-02 1.261764019727706909e-02 2.763567306101322174e-02 2.655105106532573700e-02 1.017665676772594452e-02 1.999301463365554810e-02 1.412670826539397240e-03 2.744557103142142296e-03 1.074675191193819046e-02 1.884794607758522034e-02 3.676823526620864868e-02 1.501658279448747635e-02 1.055043004453182220e-02 2.184928581118583679e-02 2.132699592038989067e-03 6.388308946043252945e-03 1.766847213730216026e-03 3.533035516738891602e-02 1.116171944886445999e-02 1.839830912649631500e-02 1.610148325562477112e-02 6.844609975814819336e-03 2.420867234468460083e-02 1.469743065536022186e-02 5.620663613080978394e-02 2.944725379347801208e-02 3.080680267885327339e-03 2.422597463009878993e-04 1.201934088021516800e-02 3.359037637710571289e-02 2.237496431916952133e-03 4.246076568961143494e-03 8.038794249296188354e-02 2.643706277012825012e-02 2.922785095870494843e-02 7.477300823666155338e-04 1.759034581482410431e-02 1.417535543441772461e-02 1.082492172718048096e-01 6.059991195797920227e-02 1.061280351132154465e-02 1.626364514231681824e-02 1.853426545858383179e-02 4.166516941040754318e-03 4.116507770959287882e-04 2.445386163890361786e-02 4.510180559009313583e-03 3.735422715544700623e-02 6.333333440124988556e-03 2.716453559696674347e-02 1.104865130037069321e-02 3.113332903012633324e-03 1.006278116255998611e-02 1.980831660330295563e-02 2.767236717045307159e-02 2.387232816545292735e-04 8.114889264106750488e-03 3.632667288184165955e-02 8.161856792867183685e-03 3.553299233317375183e-02 1.326684504747390747e-01 1.016466990113258362e-01 2.677417732775211334e-02 4.133570939302444458e-02 1.491929288022220135e-03 9.529184550046920776e-03 8.263031393289566040e-02 4.979243874549865723e-02 5.930616334080696106e-02 3.641891852021217346e-02 3.763767331838607788e-02 3.456917824223637581e-03 9.838403202593326569e-03 1.049099373631179333e-03 8.079300634562969208e-03 1.433940790593624115e-02 2.283616736531257629e-02 6.826355308294296265e-02 2.769001759588718414e-03 1.490856520831584930e-02 2.118811011314392090e-02 7.799047976732254028e-03 1.135752722620964050e-02 2.550858445465564728e-02 6.394778192043304443e-02 4.620455950498580933e-02 4.368056077510118484e-03 2.420634403824806213e-02 8.913146331906318665e-03 1.686373539268970490e-02 1.617842353880405426e-02 2.586217597126960754e-02 1.152523327618837357e-02 4.196221940219402313e-03 2.632251381874084473e-02 1.573322713375091553e-02
1.573420129716396332e-02 1.032017543911933899e-02 8.046629838645458221e-03 2.138210693374276161e-03 1.156387291848659515e-02 1.878337189555168152e-02 1.800147444009780884e-02 1.892274804413318634e-02 1.589411199092864990e-01 1.042037606239318848e-01 2.280087210237979889e-03 5.580247193574905396e-02 6.186408456414937973e-03 2.461387217044830322e-02 4.264375194907188416e-02 5.255937203764915466e-02 5.899433046579360962e-02 8.173994719982147217e-02 2.723766863346099854e-02 9.840139187872409821e-03 1.967033371329307556e-02 1.434305869042873383e-02 1.948908343911170959e-02 1.159468479454517365e-02 1.107605919241905212e-02 8.754655573284253478e-05 2.574766799807548523e-02 9.686967357993125916e-03 1.520314067602157593e-02 7.627525366842746735e-03 3.367245942354202271e-02 4.219340160489082336e-02 2.689399756491184235e-03 2.526265010237693787e-02 4.074905009474605322e-04 2.207916928455233574e-03 1.306410692632198334e-02 1.681304164230823517e-02 9.164109826087951660e-03 4.907261207699775696e-02 2.267297171056270599e-02 6.822845339775085449e-02 7.034423295408487320e-03 6.112311035394668579e-02 7.134666084311902523e-04 1.700087450444698334e-02 8.713443763554096222e-03 1.736945100128650665e-02 4.191482067108154297e-02 1.522160228341817856e-02 3.824324579909443855e-03 1.441226713359355927e-02 4.246198758482933044e-02 6.503586657345294952e-03 4.700648039579391479e-02 6.480702012777328491e-02 1.829623617231845856e-02 2.517275512218475342e-02 7.964446209371089935e-03 1.712220488116145134e-03 2.038900041952729225e-03 3.873294219374656677e-02 4.616623371839523315e-02 2.567758318036794662e-03 6.902832072228193283e-03 6.506990175694227219e-03 2.187133021652698517e-02 1.314541790634393692e-02 1.027454063296318054e-01 2.046458795666694641e-02 9.585293382406234741e-02 2.211453020572662354e-02 3.330459818243980408e-02 4.175351932644844055e-02 6.266929209232330322e-02 5.570783279836177826e-03 1.023312285542488098e-01 8.686400204896926880e-02 6.909489631652832031e-03 7.266495376825332642e-02 3.707780316472053528e-02 1.599669083952903748e-02 4.819295555353164673e-02 1.576341874897480011e-02 2.756579220294952393e-02 3.292405232787132263e-02 2.596982382237911224e-02 6.605904549360275269e-03 6.178227066993713379e-02 6.835986673831939697e-02 7.762893568724393845e-03 6.156109739094972610e-03 2.537988359108567238e-03 1.532338093966245651e-02 1.775339059531688690e-02 2.884653629735112190e-03 5.893017724156379700e-02 3.229252249002456665e-02 2.216812223196029663e-02 1.041020918637514114e-02 2.281305938959121704e-02 4.196304455399513245e-02 4.090556502342224121e-02 1.292106322944164276e-02 3.548697009682655334e-02 5.250849574804306030e-02 1.494853291660547256e-02 1.148934010416269302e-02 3.358645364642143250e-02 1.234736479818820953e-02 1.803432591259479523e-02 1.505826413631439209e-02 3.036361187696456909e-02 1.142192725092172623e-02 7.000966928899288177e-03 9.437125176191329956e-03
1.184613443911075592e-02 2.312796004116535187e-02 1.616060361266136169e-02 6.237973645329475403e-02 1.829900313168764114e-03 2.726708911359310150e-02 3.299000859260559082e-02 7.881933450698852539e-02 1.042037606239318848e-01 1.576583087444305420e-01 1.106690242886543274e-02 1.743197627365589142e-02 2.646403945982456207e-02 3.399473428726196289e-02 1.666437648236751556e-02 3.052859799936413765e-03 4.408872872591018677e-02 5.145377665758132935e-02 2.957227081060409546e-02 1.305191428400576115e-03 9.505128255113959312e-04 6.233196705579757690e-03 3.319755941629409790e-02 5.450076982378959656e-02 2.019162755459547043e-03 2.314646355807781219e-02 3.343255026265978813e-03 6.769080180674791336e-03 2.040057256817817688e-02 9.358474984765052795e-03 1.513684447854757309e-02 3.459607064723968506e-02 2.416512370109558105e-02 1.907536759972572327e-02 1.752508059144020081e-02 6.898449733853340149e-03 2.105637453496456146e-02 3.484897315502166748e-02 1.803864911198616028e-02 1.851503737270832062e-02 4.516719281673431396e-02 2.698391862213611603e-02 2.307976223528385162e-02 2.218304947018623352e-02 4.294561594724655151e-02 7.479528337717056274e-02 1.486716140061616898e-02 2.923004142940044403e-02 5.248497799038887024e-02 6.357915699481964111e-02 1.284564752131700516e-02 4.354629199951887131e-03 1.931773312389850616e-02 7.457723375409841537e-03 1.888472586870193481e-02 8.722288906574249268e-02 3.282621502876281738e-02 2.815376035869121552e-02 3.746554255485534668e-02 1.784521900117397308e-02 4.377150908112525940e-02 5.109191872179508209e-03 2.106626518070697784e-02 1.935616746777668595e-04 3.219347447156906128e-02 1.280329655855894089e-02 2.212076075375080109e-02 7.417276035994291306e-03 6.998152285814285278e-02 3.272250294685363770e-02 1.090510562062263489e-01 3.504248335957527161e-03 2.767234295606613159e-02 1.241815555840730667e-02 1.733508519828319550e-02 2.661665342748165131e-02 3.772838786244392395e-02 1.557939350605010986e-01 2.368742041289806366e-02 1.590778827667236328e-01 3.094318322837352753e-02 3.127854783087968826e-03 3.710311651229858398e-02 7.495239377021789551e-02 3.723702952265739441e-02 4.152800887823104858e-02 2.120069973170757294e-02 1.920069567859172821e-02 4.879434406757354736e-02 6.863179802894592285e-02 6.995393778197467327e-04 3.292358014732599258e-03 9.199790656566619873e-03 4.995946306735277176e-03 6.496209651231765747e-03 2.869056910276412964e-02 3.077215142548084259e-02 5.133747681975364685e-02 3.642841055989265442e-02 4.112724587321281433e-02 1.318115834146738052e-02 2.290772274136543274e-03 1.531647797673940659e-02 2.165056951344013214e-02 3.203037660568952560e-03 5.588769167661666870e-02 3.756474005058407784e-03 5.508043244481086731e-02 2.455680258572101593e-02 9.585986117599532008e-05 2.960393019020557404e-02 3.229869902133941650e-02 6.013151258230209351e-03 6.947736255824565887e-03 1.842744275927543640e-02 2.414087206125259399e-02
6.971012055873870850e-02 7.616145163774490356e-02 2.090639621019363403e-02 9.520964813418686390e-04 1.976190879940986633e-02 2.565316855907440186e-02 1.681432686746120453e-02 6.475348025560379028e-02 2.280087210237979889e-03 1.106690242886543274e-02 1.606616824865341187e-01 2.870587632060050964e-02 9.076774120330810547e-02 1.250118762254714966e-02 5.658409744501113892e-02 5.816579796373844147e-03 2.278922358527779579e-03 2.866127155721187592e-02 2.019110508263111115e-02 7.288636639714241028e-03 9.058615192770957947e-03 4.063687846064567566e-02 1.145672891288995743e-02 1.215177867561578751e-02 5.456741899251937866e-03 9.240064769983291626e-03 2.205738797783851624e-02 5.690940655767917633e-03 6.401412934064865112e-02 6.622719578444957733e-03 5.639035627245903015e-02 1.850282587110996246e-02 3.007067367434501648e-02 8.383568376302719116e-03 1.791826914995908737e-03 2.321434207260608673e-03 2.921632025390863419e-03 1.530223712325096130e-02 3.260844945907592773e-02 1.081558223813772202e-02 1.115568634122610092e-02 1.096983812749385834e-02 1.478184573352336884e-02 2.855701744556427002e-02 9.634773246943950653e-03 5.008230451494455338e-03 2.422162331640720367e-02 1.627399236895143986e-03 2.992561459541320801e-02 2.173562906682491302e-02 2.533266320824623108e-02 2.347869426012039185e-02 2.554456703364849091e-02 2.545186877250671387e-02 2.241064421832561493e-02 4.388186614960432053e-03 7.132819155231118202e-04 1.970689976587891579e-03 2.007404156029224396e-02 1.302536483854055405e-02 4.086873307824134827e-02 1.556028262712061405e-03 2.976669743657112122e-02 2.592789568006992340e-02 4.392622038722038269e-02 3.263340145349502563e-02 1.961936056613922119e-02 1.899516955018043518e-02 1.504830271005630493e-02 2.576708979904651642e-02 3.264876315370202065e-03 3.268255293369293213e-02 2.266808785498142242e-02 2.633409807458519936e-03 2.119494602084159851e-02 9.373336099088191986e-03 4.814632702618837357e-03 3.596128895878791809e-03 1.851931959390640259e-02 5.908711813390254974e-03 2.256092056632041931e-02 5.724518001079559326e-02 1.237696269527077675e-03 3.762531280517578125e-02 2.379790693521499634e-02 2.022442407906055450e-02 3.985928744077682495e-02 3.415284305810928345e-02 4.558308050036430359e-03 1.202255138196051121e-03 4.245068505406379700e-02 3.327930346131324768e-02 1.626357436180114746e-02 3.027572482824325562e-02 1.436835341155529022e-02 1.511865109205245972e-02 6.136734969913959503e-03 4.790437873452901840e-03 1.123887952417135239e-02 6.486559286713600159e-03 2.125930506736040115e-03 1.237194146960973740e-02 2.604852430522441864e-02 1.387756131589412689e-02 6.287620961666107178e-02 1.582292653620243073e-02 2.735806256532669067e-02 1.032594963908195496e-02 1.183090033009648323e-03 2.081362530589103699e-02 2.313740178942680359e-02 1.365910097956657410e-02 1.484228670597076416e-02 3.180776548106223345e-04 1.102725582313723862e-04 2.666378952562808990e-02
3.284387663006782532e-02 1.689903996884822845e-02 2.152159996330738068e-02 1.100294198840856552e-02 1.141485292464494705e-02 4.388121142983436584e-02 3.698251023888587952e-02 3.465654794126749039e-03 5.580247193574905396e-02 1.743197627365589142e-02 2.870587632060050964e-02 1.513736248016357422e-01 2.058044821023941040e-02 1.036187633872032166e-01 1.937328837811946869e-02 5.774156656116247177e-03 6.863719318062067032e-03 2.324157394468784332e-03 2.936413325369358063e-02 1.759877614676952362e-02 5.068302620202302933e-03 8.211192674934864044e-03 5.645436048507690430e-02 4.152899608016014099e-02 9.064535843208432198e-04 6.458288524299860001e-03 1.533546578139066696e-02 6.336221843957901001e-02 3.092058934271335602e-02 6.516643613576889038e-02 2.075971849262714386e-02 2.076828852295875549e-02 1.328482758253812790e-02 3.510302864015102386e-03 9.272769093513488770e-03 1.795890368521213531e-02 1.607327163219451904e-02 1.234064344316720963e-02 5.687270313501358032e-03 4.049945622682571411e-02 1.122498419135808945e-02 1.637043082155287266e-03 8.207959122955799103e-03 6.098139565438032150e-03 6.154654920101165771e-02 4.746723547577857971e-02 3.278012946248054504e-02 2.631321921944618225e-02 1.609698869287967682e-02 4.918586090207099915e-02 7.562169805169105530e-03 3.794580325484275818e-02 1.067440584301948547e-02 2.912732027471065521e-02 9.120622649788856506e-03 5.453743971884250641e-03 1.289060711860656738e-02 1.495552714914083481e-02 4.091062396764755249e-02 4.909987095743417740e-03 2.253305166959762573e-03 1.171107753179967403e-03 5.309925414621829987e-03 1.086301752366125584e-03 1.639541354961693287e-03 8.457740768790245056e-03 1.594268530607223511e-02 2.633728319779038429e-03 1.195124629884958267e-02 1.844524405896663666e-02 8.969577960669994354e-03 3.431985154747962952e-02 1.441952306777238846e-02 2.089109970256686211e-03 5.327871069312095642e-03 7.642177864909172058e-03 1.459365617483854294e-02 2.217446081340312958e-02 5.996429920196533203e-02 5.083862319588661194e-02 1.991416327655315399e-02 8.848318830132484436e-03 6.784955970942974091e-03 5.633741989731788635e-02 1.708386838436126709e-02 1.113364379853010178e-02 3.778301877900958061e-03 7.533107418566942215e-03 8.422303944826126099e-02 6.721374392509460449e-02 1.446091011166572571e-02 4.420455545186996460e-03 5.266145337373018265e-03 1.805750094354152679e-02 3.913033753633499146e-03 1.561281923204660416e-02 4.016377776861190796e-02 3.048634715378284454e-02 3.485278924927115440e-03 2.610665513202548027e-03 3.345522796735167503e-03 7.776161190122365952e-03 7.531186565756797791e-03 2.489748876541852951e-03 1.643026247620582581e-02 3.197672078385949135e-03 3.270712681114673615e-03 1.317831687629222870e-02 1.627338863909244537e-02 2.041699597612023354e-03 1.058559957891702652e-02 1.465064100921154022e-02 1.059660129249095917e-02 9.036226198077201843e-03 3.187321498990058899e-02 1.469415379688143730e-03
7.476910948753356934e-02 9.049063175916671753e-02 8.747511543333530426e-03 3.544662147760391235e-02 1.206590700894594193e-02 4.381080716848373413e-02 2.644519321620464325e-02 8.046833425760269165e-02 6.186408456414937973e-03 2.646403945982456207e-02 9.076774120330810547e-02 2.058044821023941040e-02 1.623937338590621948e-01 2.120843157172203064e-02 7.622945308685302734e-02 1.755124889314174652e-02 1.702279201708734035e-03 3.039585053920745850e-02 8.814193308353424072e-03 5.534869153052568436e-03 9.972001425921916962e-03 3.467125445604324341e-02 1.277748774737119675e-02 1.368397194892168045e-02 9.824875742197036743e-03 2.291955519467592239e-03 2.558722347021102905e-02 1.772637479007244110e-02 4.027924314141273499e-02 1.129823457449674606e-02 6.103176623582839966e-02 1.863697916269302368e-02 2.423569187521934509e-02 3.258877433836460114e-03 4.723977763205766678e-04 1.335238688625395298e-03 1.981061359401792288e-05 1.553692668676376343e-02 2.097369916737079620e-02 1.446738559752702713e-02 1.627119630575180054e-02 6.546762771904468536e-03 2.872175537049770355e-02 7.651401683688163757e-03 4.344728309661149979e-03 1.507529243826866150e-02 3.172441571950912476e-02 7.557500503025949001e-04 4.552714060992002487e-03 1.485769823193550110e-02 1.159993186593055725e-02 2.155619487166404724e-02 1.499229203909635544e-02 1.301752775907516479e-02 2.891815826296806335e-02 8.104862645268440247e-03 9.045602753758430481e-03 3.522908315062522888e-03 3.382221981883049011e-02 1.798965595662593842e-02 2.925834618508815765e-02 3.161199390888214111e-02 5.370944272726774216e-03 2.277491148561239243e-03 3.518773242831230164e-02 4.075868055224418640e-02 8.565152995288372040e-03 1.767662167549133301e-02 1.215625437907874584e-03 1.864058710634708405e-02 1.606185920536518097e-02 2.786670066416263580e-02 1.271198224276304245e-02 3.213283605873584747e-03 2.935739234089851379e-02 7.126807468011975288e-04 1.106238085776567459e-02 8.894835598766803741e-03 2.663163235411047935e-03 1.819116994738578796e-02 1.864823698997497559e-02 5.373315140604972839e-02 7.150761783123016357e-03 6.312927603721618652e-02 2.457055635750293732e-02 2.439686097204685211e-02 4.301859438419342041e-02 5.260286480188369751e-02 5.302830599248409271e-03 7.985844276845455170e-03 3.222309052944183350e-02 2.979888208210468292e-02 8.155326358973979950e-03 3.398008272051811218e-02 9.338227100670337677e-03 1.290533598512411118e-02 4.280439112335443497e-03 2.863923832774162292e-02 7.614071480929851532e-03 1.711113564670085907e-02 3.179541788995265961e-03 2.726378850638866425e-02 1.253964193165302277e-02 3.590041026473045349e-02 4.062330722808837891e-02 2.831853367388248444e-02 6.809585727751255035e-03 6.856315303593873978e-04 2.001115353778004646e-03 2.744763344526290894e-02 1.233067130669951439e-03 3.059932496398687363e-03 4.072007257491350174e-03 3.557448973879218102e-03 6.478795781731605530e-03 1.350202690809965134e-02
