4.333984851837158203e-02 2.125921994447708130e-01 5.052206572145223618e-03 2.869837917387485504e-02 3.445726633071899414e-02 6.365249305963516235e-02 8.654553443193435669e-02 3.311784565448760986e-02 5.054301582276821136e-03 1.809957064688205719e-02 8.022143691778182983e-02 1.544945035129785538e-02 1.651130616664886475e-02 1.382803637534379959e-02 5.128011852502822876e-02 1.488731824792921543e-03 8.509156294167041779e-03 5.324431881308555603e-02 2.060570195317268372e-02 1.959898322820663452e-02 8.015793748199939728e-03 3.456960991024971008e-02 6.998651474714279175e-02 4.470219835638999939e-02 1.828882656991481781e-02 3.552593290805816650e-02 6.014882121235132217e-03 1.334193977527320385e-03 7.817357778549194336e-02 8.030559867620468140e-03 3.465360030531883240e-02 2.304553799331188202e-02 1.580752804875373840e-02 2.568104676902294159e-02 2.442533895373344421e-02 5.947620607912540436e-03 1.981358975172042847e-02 1.700348034501075745e-02 2.133403718471527100e-02 2.553471596911549568e-03 5.776511505246162415e-02 2.645179629325866699e-02 3.256650269031524658e-02 5.775500088930130005e-02 5.949591100215911865e-02 2.724336646497249603e-02 2.313519082963466644e-02 1.524024643003940582e-02 2.299113944172859192e-02 2.474118210375308990e-02 8.967576548457145691e-03 1.638454385101795197e-02 4.708066582679748535e-03 1.341450214385986328e-02 4.247706010937690735e-02 2.539818361401557922e-02 1.596849225461483002e-02 2.922891639173030853e-02 3.287543356418609619e-02 3.116586594842374325e-05 1.160297356545925140e-02 5.304447188973426819e-02 3.640272840857505798e-02 6.456961482763290405e-02 8.487625978887081146e-03 4.462251905351877213e-03 5.085944756865501404e-02 7.756718900054693222e-03 4.946584627032279968e-02 7.376276422291994095e-03 3.399408236145973206e-02 3.340923786163330078e-02 6.391626596450805664e-02 1.417351607233285904e-02 8.159532397985458374e-02 2.669500559568405151e-02 1.570972241461277008e-02 1.940605044364929199e-02 2.707375027239322662e-02 4.823074117302894592e-02 1.171541400253772736e-02 3.368853777647018433e-02 5.359593406319618225e-02 2.848616801202297211e-02 9.759790450334548950e-02 9.682384133338928223e-02 3.470046445727348328e-02 4.746726155281066895e-02 1.310059428215026855e-02 2.069417573511600494e-02 2.570316381752490997e-02 2.675224281847476959e-02 1.772362738847732544e-02 1.937351375818252563e-02 2.388029359281063080e-02 1.003667712211608887e-02 4.619073122739791870e-02 5.318497493863105774e-02 1.869454421103000641e-02 3.194115683436393738e-02 4.551116377115249634e-02 3.668152913451194763e-02 7.261273264884948730e-02 3.077498637139797211e-02 3.714243695139884949e-02 3.819070290774106979e-03 6.085544824600219727e-03 2.521764859557151794e-02 1.120534446090459824e-02 4.151910543441772461e-02 4.871920868754386902e-02 2.788548730313777924e-02 1.883576042018830776e-03 6.015300005674362183e-02 2.645973861217498779e-02 2.315603382885456085e-02
2.125921994447708130e-01 4.362513497471809387e-02 4.061122611165046692e-02 7.745763752609491348e-03 4.414943978190422058e-03 1.957258442416787148e-03 7.855951786041259766e-02 8.035094477236270905e-03 2.836139174178242683e-05 1.665330678224563599e-02 5.776957422494888306e-02 1.738921552896499634e-02 5.364735051989555359e-02 3.135919570922851562e-02 5.822100490331649780e-02 1.275276183150708675e-03 8.319930173456668854e-03 5.923730507493019104e-02 1.512464042752981186e-02 2.083570510149002075e-02 1.768824271857738495e-02 2.938655018806457520e-02 1.616069115698337555e-02 1.371333259157836437e-03 1.360576506704092026e-02 1.963788084685802460e-02 6.654179305769503117e-04 5.498970672488212585e-02 8.535470813512802124e-02 1.213542371988296509e-02 1.102215796709060669e-02 4.805650189518928528e-02 2.137886360287666321e-02 1.739702187478542328e-02 2.267672307789325714e-02 4.142296034842729568e-03 2.147710137069225311e-02 1.957273855805397034e-02 2.403528802096843719e-02 1.864361576735973358e-02 6.627072393894195557e-02 1.464634668081998825e-02 5.974604934453964233e-02 1.269546151161193848e-01 7.140416651964187622e-02 1.419665757566690445e-02 9.374484419822692871e-03 2.273599058389663696e-02 6.919299811124801636e-02 1.283226738451048732e-04 1.156602334231138229e-02 1.365047879517078400e-02 5.444609560072422028e-03 3.644145652651786804e-02 3.516048192977905273e-02 8.583142422139644623e-03 4.616613686084747314e-02 5.671418458223342896e-02 4.307572171092033386e-02 6.260355003178119659e-03 1.116162980906665325e-03 1.208803616464138031e-02 3.807500703260302544e-03 1.004977268166840076e-03 1.797991432249546051e-02 3.819995373487472534e-02 6.904922425746917725e-03 3.284872323274612427e-02 3.869969397783279419e-02 2.465205080807209015e-02 2.446001581847667694e-02 4.942263290286064148e-02 4.094392061233520508e-02 6.835286039859056473e-03 1.876216009259223938e-02 7.388994842767715454e-02 1.276584621518850327e-02 2.815007790923118591e-02 6.250460445880889893e-02 5.795025080442428589e-02 6.933761388063430786e-02 3.506363555788993835e-02 2.729718573391437531e-02 2.996670268476009369e-02 7.151658087968826294e-02 1.094629764556884766e-01 2.338508889079093933e-02 2.292198315262794495e-02 2.564324438571929932e-02 3.911618515849113464e-02 6.134536582976579666e-03 2.994223311543464661e-02 5.384925380349159241e-02 3.541263565421104431e-02 1.315492112189531326e-02 3.146341443061828613e-02 2.540554665029048920e-02 1.180156990885734558e-01 2.988424967043101788e-04 1.291604712605476379e-03 9.786347858607769012e-03 9.696128545328974724e-04 4.833068326115608215e-02 5.101466923952102661e-02 1.205729693174362183e-02 4.103197529911994934e-02 4.568543285131454468e-02 1.709864474833011627e-02 4.590841010212898254e-03 2.846924401819705963e-02 6.005339697003364563e-02 5.036270618438720703e-02 1.054334361106157303e-02 4.614809527993202209e-03 2.156308852136135101e-02 3.243315592408180237e-02
5.052206572145223618e-03 4.061122611165046692e-02 5.431767553091049194e-03 5.136017687618732452e-03 1.561997178941965103e-02 2.710291184484958649e-02 1.984348520636558533e-02 3.772733733057975769e-02 1.136643812060356140e-02 4.350860603153705597e-03 4.223789554089307785e-03 1.386940758675336838e-02 1.995346881449222565e-02 1.212466321885585785e-02 4.205621778964996338e-02 2.357264421880245209e-02 4.964254796504974365e-02 4.771346226334571838e-02 3.713112324476242065e-02 5.922747310250997543e-03 3.965471312403678894e-02 2.355271577835083008e-02 3.296815231442451477e-02 6.645695772022008896e-03 6.334534287452697754e-02 5.844013765454292297e-02 1.079698838293552399e-02 6.056259572505950928e-02 1.723827794194221497e-02 1.266816630959510803e-02 8.375416509807109833e-03 2.939229644834995270e-02 2.300773188471794128e-02 6.388447433710098267e-02 4.248089343309402466e-02 4.194658994674682617e-02 8.213556557893753052e-02 6.543554365634918213e-03 5.267543345689773560e-02 1.295948028564453125e-02 5.931865423917770386e-02 4.656800627708435059e-02 3.384531661868095398e-02 4.728039354085922241e-02 2.878302522003650665e-02 4.581490904092788696e-02 2.139301784336566925e-02 1.935887522995471954e-02 2.691593766212463379e-02 2.746921777725219727e-02 6.535090040415525436e-03 1.617804984562098980e-03 2.670769579708576202e-02 9.437360800802707672e-03 3.398208320140838623e-02 2.785659953951835632e-02 1.602633483707904816e-02 2.344420552253723145e-02 2.494587562978267670e-02 2.822884591296315193e-03 4.211433604359626770e-02 6.617845594882965088e-02 5.910291150212287903e-02 1.715253223665058613e-03 1.117348764091730118e-02 8.274145424365997314e-03 9.043171256780624390e-02 1.691848188638687134e-01 1.611826196312904358e-02 4.142224416136741638e-02 6.871074438095092773e-03 4.189537838101387024e-02 3.578344359993934631e-02 5.462970212101936340e-02 2.730048075318336487e-02 5.963808670639991760e-02 1.731406524777412415e-02 2.438803948462009430e-02 9.878220409154891968e-02 2.848620712757110596e-02 1.593288630247116089e-01 1.487914659082889557e-02 2.883942238986492157e-02 4.515499994158744812e-02 5.905642360448837280e-02 7.764752954244613647e-02 4.423137754201889038e-02 6.453732401132583618e-02 2.557355538010597229e-02 2.310562506318092346e-02 2.677734382450580597e-02 6.135991588234901428e-02 1.240019500255584717e-02 2.520528808236122131e-02 6.307696551084518433e-02 6.486158072948455811e-02 1.600927673280239105e-02 6.751339416950941086e-03 7.370190229266881943e-03 3.950485587120056152e-02 4.730583727359771729e-02 6.614058464765548706e-02 3.031276864930987358e-03 7.268225401639938354e-02 3.431306779384613037e-02 1.721372269093990326e-02 2.195213735103607178e-02 3.239015489816665649e-02 5.760793015360832214e-02 6.239012815058231354e-03 1.683985255658626556e-02 6.433534622192382812e-02 7.015998661518096924e-02 5.430134013295173645e-02 3.897477174177765846e-03 9.010698646306991577e-02
2.869837917387485504e-02 7.745763752609491348e-03 5.136017687618732452e-03 6.304389983415603638e-02 1.302263736724853516e-01 1.301535032689571381e-02 1.665921695530414581e-02 8.607567287981510162e-03 2.099849842488765717e-02 4.892918094992637634e-02 3.842061758041381836e-02 8.767412044107913971e-03 2.231699787080287933e-02 3.002420999109745026e-02 4.447534680366516113e-02 4.729198291897773743e-02 4.757411032915115356e-02 3.384134173393249512e-02 1.085183117538690567e-02 4.139099270105361938e-02 6.653198972344398499e-03 1.294777635484933853e-02 3.278698772192001343e-02 4.106014966964721680e-02 5.321053415536880493e-02 2.983930055052042007e-03 6.676487158983945847e-03 5.899579823017120361e-02 1.959607377648353577e-02 7.628702372312545776e-02 4.277848452329635620e-02 1.528325118124485016e-02 4.571307078003883362e-02 1.681377924978733063e-02 4.467273131012916565e-02 3.987775370478630066e-02 2.767223399132490158e-03 6.346594542264938354e-03 7.595229893922805786e-02 6.466008722782135010e-02 4.655167926102876663e-03 2.341728098690509796e-02 3.957401216030120850e-02 4.451973736286163330e-02 4.946288838982582092e-02 3.220820054411888123e-02 1.401284709572792053e-02 3.821554034948348999e-02 6.480974704027175903e-02 2.868414297699928284e-02 1.554565224796533585e-02 1.371271070092916489e-02 2.014040946960449219e-02 6.166360806673765182e-03 4.732901602983474731e-02 7.257336284965276718e-03 5.918880179524421692e-02 1.883023232221603394e-02 2.850551716983318329e-02 1.213890220969915390e-02 6.322352588176727295e-02 2.393817901611328125e-02 4.168909043073654175e-02 7.605928927659988403e-02 2.606633491814136505e-02 2.507975511252880096e-02 5.134027078747749329e-02 1.447672210633754730e-02 6.730727851390838623e-02 3.442047536373138428e-02 2.164145931601524353e-02 4.390835389494895935e-02 1.515868008136749268e-01 2.594933845102787018e-02 9.472868591547012329e-02 8.479231968522071838e-03 3.483194857835769653e-02 1.150588225573301315e-02 1.189088728278875351e-02 2.912099659442901611e-02 7.107361452654004097e-04 1.741238310933113098e-02 9.641447104513645172e-03 7.543962914496660233e-03 1.853839866816997528e-02 6.184938549995422363e-02 7.855276577174663544e-03 4.153031331952661276e-04 3.055023215711116791e-02 3.597577288746833801e-02 2.559509361162781715e-03 2.629108540713787079e-02 4.008363187313079834e-02 1.796554215252399445e-02 4.691037535667419434e-02 4.353458061814308167e-02 3.458471223711967468e-02 3.672044724225997925e-02 8.903822861611843109e-03 1.040868367999792099e-02 2.274682559072971344e-02 1.600823923945426941e-02 4.597743228077888489e-02 3.054811991751194000e-02 2.267790213227272034e-02 1.175361126661300659e-02 2.876310376450419426e-03 6.635379046201705933e-02 1.282669231295585632e-02 6.608223170042037964e-02 1.752982288599014282e-02 1.775169931352138519e-02 6.621535122394561768e-02 5.490381643176078796e-02 9.402401745319366455e-03 8.234987966716289520e-03
3.445726633071899414e-02 4.414943978190422058e-03 1.561997178941965103e-02 1.302263736724853516e-01 3.323547914624214172e-02 1.813437230885028839e-02 3.441164037212729454e-03 2.417687326669692993e-03 7.809776812791824341e-02 8.256583474576473236e-03 2.671199105679988861e-02 2.491580508649349213e-02 8.112085983157157898e-03 1.349727436900138855e-02 9.653139859437942505e-03 4.564496874809265137e-02 3.617532085627317429e-03 2.572425082325935364e-02 2.351799421012401581e-02 1.859994232654571533e-02 1.174806989729404449e-02 4.374108836054801941e-02 1.431479235179722309e-03 2.619157731533050537e-02 2.052029035985469818e-02 7.224818691611289978e-03 4.271074756979942322e-02 4.132206365466117859e-02 3.187016397714614868e-02 5.044481158256530762e-02 3.028211928904056549e-02 5.971565097570419312e-02 4.805554822087287903e-02 3.606148436665534973e-02 3.886248171329498291e-02 2.549065090715885162e-02 2.466979064047336578e-02 9.840721031650900841e-04 1.130397990345954895e-01 1.378074884414672852e-01 2.503270749002695084e-03 3.767135366797447205e-02 3.827290236949920654e-02 5.790816619992256165e-02 3.338322788476943970e-02 3.815947473049163818e-02 1.676465757191181183e-02 2.513222629204392433e-03 5.845874547958374023e-02 2.954017370939254761e-02 4.540418460965156555e-02 4.888544976711273193e-02 2.335071004927158356e-02 4.966853186488151550e-02 3.787146881222724915e-02 9.983107447624206543e-03 5.460950732231140137e-02 3.914182260632514954e-02 2.233501337468624115e-02 2.064671367406845093e-02 1.522276178002357483e-02 1.395197585225105286e-02 7.525791227817535400e-02 2.070541493594646454e-02 8.812126703560352325e-03 1.096066832542419434e-02 2.463252469897270203e-02 7.093674503266811371e-03 3.331349045038223267e-02 2.763617783784866333e-02 1.555038336664438248e-02 5.433423817157745361e-02 9.383226931095123291e-02 1.974100014194846153e-03 1.365302950143814087e-01 2.042250335216522217e-02 6.496217846870422363e-02 4.086669906973838806e-02 2.031543664634227753e-02 3.844566643238067627e-02 4.596025496721267700e-02 4.896495491266250610e-02 1.045089913532137871e-03 1.701871119439601898e-02 1.028308458626270294e-02 2.931934967637062073e-02 1.674867980182170868e-02 1.190827414393424988e-02 5.578140262514352798e-03 4.741600900888442993e-02 4.265535622835159302e-02 1.380690955556929111e-03 9.037012234330177307e-03 2.849713666364550591e-03 4.561623558402061462e-02 3.231835085898637772e-03 2.808189485222101212e-03 5.929277837276458740e-02 2.031104080379009247e-02 3.744044806808233261e-03 3.370840102434158325e-02 1.020893361419439316e-02 4.190449044108390808e-02 4.903129860758781433e-02 1.953902281820774078e-02 1.870944909751415253e-02 1.894965395331382751e-02 1.375418808311223984e-02 5.130733177065849304e-02 3.685379773378372192e-02 5.979260802268981934e-02 2.318778634071350098e-02 6.418604403734207153e-02 3.063685633242130280e-02 1.573399454355239868e-02 6.052501033991575241e-03
6.365249305963516235e-02 1.957258442416787148e-03 2.710291184484958649e-02 1.301535032689571381e-02 1.813437230885028839e-02 8.051086962223052979e-02 9.942439198493957520e-02 3.192036598920822144e-02 9.100272436626255512e-04 3.923666477203369141e-02 6.002025678753852844e-02 5.801619961857795715e-02 1.646021753549575806e-02 5.188124254345893860e-02 2.628619596362113953e-02 2.756914310157299042e-02 1.927613513544201851e-03 3.034447319805622101e-02 2.595769055187702179e-02 2.918163686990737915e-02 1.170949637889862061e-02 2.662808261811733246e-02 2.865709550678730011e-02 1.361873839050531387e-02 3.857525438070297241e-02 2.990617603063583374e-02 1.972516812384128571e-02 5.618791282176971436e-02 3.603967651724815369e-02 1.458749291487038136e-03 5.464492831379175186e-03 4.354194551706314087e-02 6.134357769042253494e-03 3.916671127080917358e-02 1.873699761927127838e-02 2.445468306541442871e-02 5.480160936713218689e-02 2.346048131585121155e-03 1.920762285590171814e-02 3.545741364359855652e-02 1.322147436439990997e-02 3.782465308904647827e-02 5.925834178924560547e-02 4.677550122141838074e-02 5.800477787852287292e-02 3.694982081651687622e-02 1.261995136737823486e-01 6.718009710311889648e-02 4.901469871401786804e-02 3.502776101231575012e-02 1.933254487812519073e-02 7.873329333961009979e-03 1.325913518667221069e-02 1.079838164150714874e-02 4.273936897516250610e-02 3.537423163652420044e-02 2.686435543000698090e-02 1.143751014024019241e-02 2.498731017112731934e-02 1.193681918084621429e-02 2.380923926830291748e-02 3.407642245292663574e-02 2.226986177265644073e-02 2.237359248101711273e-02 1.217275392264127731e-03 2.741295029409229755e-04 4.825989902019500732e-02 5.108237732201814651e-03 2.737217210233211517e-02 4.331661388278007507e-02 3.321251133456826210e-03 9.080163203179836273e-03 6.367228459566831589e-03 4.776480421423912048e-02 3.669587895274162292e-02 4.924351722002029419e-02 3.576217452064156532e-03 9.069011546671390533e-03 7.695183157920837402e-03 4.463639110326766968e-02 7.893569767475128174e-02 3.408186137676239014e-02 3.534033428877592087e-03 3.807749599218368530e-02 6.357158720493316650e-02 2.839160524308681488e-02 1.464172452688217163e-02 6.212568376213312149e-03 9.108716249465942383e-02 6.116289272904396057e-02 8.309601992368698120e-02 4.777234047651290894e-02 2.886414341628551483e-02 1.654520258307456970e-02 2.627580240368843079e-02 2.087428420782089233e-02 3.600255027413368225e-02 2.130044251680374146e-02 6.332202348858118057e-03 3.559739142656326294e-02 7.796241343021392822e-02 2.378431335091590881e-02 1.434724964201450348e-02 2.049291320145130157e-02 4.708202555775642395e-03 5.140035226941108704e-02 7.348252087831497192e-02 2.334613725543022156e-02 2.062899526208639145e-03 1.516608987003564835e-02 1.918480545282363892e-02 5.812672432512044907e-03 1.809227652847766876e-02 4.536089673638343811e-02 1.879625581204891205e-02 3.517841547727584839e-02
8.654553443193435669e-02 7.855951786041259766e-02 1.984348520636558533e-02 1.665921695530414581e-02 3.441164037212729454e-03 9.942439198493957520e-02 9.392651170492172241e-02 2.815916389226913452e-02 1.395513676106929779e-02 1.970066130161285400e-02 6.024813652038574219e-02 5.170962214469909668e-02 4.290977120399475098e-02 5.311514064669609070e-02 4.446979984641075134e-02 1.754781045019626617e-02 1.689106971025466919e-02 1.918071793625131249e-04 5.104089621454477310e-03 3.326987102627754211e-02 2.410193346440792084e-02 3.052068501710891724e-02 8.382624015212059021e-03 3.584286943078041077e-02 5.578883737325668335e-02 5.633073672652244568e-02 2.568875811994075775e-02 1.397411338984966278e-02 3.578886389732360840e-03 1.063905004411935806e-02 2.180030569434165955e-02 5.784474685788154602e-02 1.761509664356708527e-02 6.257817894220352173e-02 1.626828126609325409e-02 4.715835675597190857e-02 1.187431905418634415e-02 1.740474812686443329e-02 1.060468843206763268e-03 2.379863709211349487e-02 3.427755832672119141e-02 1.708529889583587646e-02 4.931583255529403687e-02 3.409697115421295166e-02 6.558550149202346802e-02 6.262497603893280029e-02 9.170325845479965210e-02 7.073679566383361816e-02 2.132401429116725922e-02 9.739786386489868164e-03 3.777257353067398071e-02 3.800614923238754272e-02 5.501003470271825790e-03 5.378508009016513824e-03 1.972567290067672729e-02 3.202641010284423828e-02 2.615728043019771576e-02 6.910439115017652512e-03 1.367531809955835342e-02 1.694363309070467949e-03 2.606962434947490692e-02 1.743757724761962891e-02 1.558631099760532379e-02 5.199836450628936291e-04 4.190266598016023636e-03 1.849405467510223389e-02 5.419406294822692871e-02 1.404316071420907974e-02 4.572018515318632126e-03 3.472616523504257202e-02 1.816808618605136871e-02 1.758855651132762432e-03 1.242235535755753517e-03 3.156448528170585632e-02 3.814415633678436279e-02 2.887158468365669250e-02 4.176154732704162598e-03 1.689283549785614014e-02 8.325532078742980957e-03 3.218734636902809143e-02 4.605652391910552979e-02 2.584186382591724396e-02 2.443834207952022552e-03 1.452127099037170410e-02 6.807539612054824829e-02 2.689632028341293335e-02 1.090568955987691879e-02 9.868514724075794220e-03 4.782627522945404053e-02 3.722955659031867981e-02 2.990500256419181824e-02 3.476205840706825256e-02 4.312546178698539734e-02 2.113012969493865967e-02 4.260647576302289963e-03 2.161457203328609467e-02 2.690399624407291412e-02 5.793247744441032410e-02 3.423161432147026062e-02 2.010419964790344238e-02 5.554876849055290222e-02 1.755376905202865601e-02 1.976224593818187714e-02 5.132687836885452271e-02 2.683877572417259216e-02 7.909031584858894348e-03 5.669210478663444519e-02 3.768718987703323364e-02 2.205065637826919556e-02 1.392447389662265778e-02 5.261860415339469910e-02 1.978289894759654999e-02 7.008914370089769363e-03 2.563103847205638885e-02 2.028086036443710327e-02 3.062196075916290283e-02
3.311784565448760986e-02 8.035094477236270905e-03 3.772733733057975769e-02 8.607567287981510162e-03 2.417687326669692993e-03 3.192036598920822144e-02 2.815916389226913452e-02 3.298428282141685486e-02 2.275344729423522949e-02 3.553248569369316101e-02 3.988588601350784302e-02 1.414667163044214249e-02 4.363786801695823669e-02 2.708369120955467224e-02 7.060991972684860229e-02 6.122684571892023087e-03 3.272059187293052673e-02 7.231966406106948853e-02 3.074041754007339478e-02 1.715285144746303558e-02 2.311043627560138702e-02 2.452046901453286409e-04 1.273151254281401634e-03 1.575128734111785889e-02 3.507587313652038574e-02 5.451866984367370605e-02 6.781487911939620972e-02 4.712346941232681274e-02 2.398291788995265961e-02 7.621794939041137695e-03 5.663499981164932251e-02 1.444285083562135696e-02 4.911914840340614319e-02 1.221382431685924530e-02 4.948772117495536804e-02 5.864987894892692566e-02 3.622556105256080627e-02 2.116969088092446327e-03 3.258424252271652222e-02 4.450151324272155762e-02 5.530314520001411438e-02 7.032111752778291702e-03 3.799004480242729187e-02 2.324654906988143921e-02 2.167584188282489777e-02 1.545681036077439785e-03 1.430062670260667801e-02 1.534439064562320709e-02 8.387817442417144775e-02 9.064538031816482544e-02 4.385092481970787048e-02 1.662078313529491425e-02 2.948428131639957428e-02 3.366871969774365425e-03 8.938595652580261230e-02 9.535425156354904175e-02 2.366359904408454895e-02 5.838644574396312237e-04 1.426656264811754227e-02 5.162639915943145752e-02 8.101479709148406982e-02 1.651541888713836670e-02 1.101433038711547852e-01 2.464296482503414154e-02 1.438666135072708130e-03 1.719164662063121796e-02 3.306843340396881104e-02 4.514982551336288452e-02 4.171203821897506714e-02 2.815796434879302979e-02 2.691172249615192413e-02 2.507227100431919098e-02 9.033562615513801575e-03 3.709651157259941101e-02 7.420551776885986328e-02 3.598217293620109558e-02 3.579107671976089478e-02 2.368810586631298065e-02 9.789603762328624725e-03 1.156168989837169647e-02 2.462585866451263428e-01 1.937238126993179321e-01 3.576755989342927933e-03 5.795350763946771622e-03 1.847371831536293030e-02 1.956827566027641296e-02 7.299313694238662720e-02 6.100099533796310425e-02 2.379948459565639496e-02 5.039680004119873047e-02 1.519487705081701279e-02 2.162961103022098541e-02 2.126936055719852448e-02 8.961963467299938202e-03 3.127508237957954407e-02 4.530962184071540833e-02 5.337576568126678467e-02 2.926529943943023682e-02 2.769689634442329407e-02 3.128210827708244324e-02 2.095005474984645844e-03 2.058167383074760437e-02 5.048050358891487122e-02 1.222705561667680740e-02 3.466821834444999695e-02 8.508914615958929062e-04 5.413999408483505249e-02 2.598189376294612885e-02 6.656084954738616943e-02 4.146049171686172485e-02 4.475077986717224121e-02 9.551965631544589996e-03 5.299481004476547241e-02 1.757708564400672913e-02 1.626452617347240448e-02 6.136701628565788269e-02
5.054301582276821136e-03 2.836139174178242683e-05 1.136643812060356140e-02 2.099849842488765717e-02 7.809776812791824341e-02 9.100272436626255512e-04 1.395513676106929779e-02 2.275344729423522949e-02 7.783370465040206909e-02 8.171416074037551880e-02 1.156576909124851227e-02 2.608120813965797424e-02 2.235445193946361542e-02 5.820795893669128418e-02 5.553200095891952515e-02 6.276459246873855591e-02 3.138361498713493347e-02 1.217607185244560242e-01 2.196469716727733612e-02 3.347001224756240845e-02 5.691614001989364624e-02 1.132683921605348587e-02 4.702661186456680298e-02 7.007982581853866577e-02 8.478207141160964966e-02 4.719797521829605103e-02 3.831130638718605042e-02 3.307371959090232849e-02 5.325014889240264893e-02 4.035222157835960388e-02 3.930066525936126709e-02 2.784932777285575867e-02 1.486153900623321533e-02 7.416346669197082520e-02 1.756866089999675751e-02 8.428423851728439331e-02 2.792614139616489410e-02 2.820579335093498230e-02 5.221199244260787964e-03 9.022706747055053711e-02 3.360490081831812859e-03 1.659507490694522858e-02 3.796181082725524902e-02 9.023097902536392212e-02 4.577768966555595398e-02 1.915390789508819580e-02 2.818298991769552231e-03 1.722594350576400757e-02 2.113558948040008545e-01 5.710693448781967163e-02 2.076848596334457397e-02 4.875477775931358337e-02 4.135522060096263885e-03 6.665173172950744629e-02 7.295574247837066650e-02 7.330287992954254150e-02 3.028442710638046265e-02 9.552439302206039429e-02 6.836415734142065048e-03 2.222002856433391571e-02 2.637838013470172882e-02 7.682763785123825073e-02 1.439902279525995255e-02 5.684011429548263550e-02 3.201821073889732361e-02 1.859493670053780079e-03 2.374175377190113068e-02 2.334026060998439789e-02 5.816912278532981873e-02 7.337607443332672119e-02 2.943410910665988922e-02 1.445817202329635620e-01 4.208235442638397217e-02 8.533898741006851196e-03 5.452251434326171875e-02 1.356617361307144165e-01 2.013225704431533813e-01 6.957386434078216553e-02 7.396277505904436111e-03 7.662457227706909180e-02 1.153034251183271408e-02 6.002263352274894714e-02 6.002486869692802429e-02 1.111491117626428604e-02 6.495989114046096802e-02 7.394066196866333485e-04 2.863635122776031494e-02 7.032386213541030884e-02 1.573115587234497070e-02 7.129151839762926102e-03 6.073853373527526855e-02 3.992554545402526855e-02 1.361665665172040462e-03 5.522843450307846069e-02 4.387916997075080872e-02 1.959064789116382599e-02 6.671025604009628296e-02 5.985528230667114258e-02 5.024551227688789368e-02 4.575721919536590576e-02 3.917915280908346176e-03 1.441416796296834946e-02 2.947623468935489655e-02 6.488452665507793427e-03 5.317315459251403809e-02 3.963534533977508545e-02 4.022400081157684326e-02 1.088560675270855427e-03 1.997478306293487549e-02 2.137990295886993408e-02 5.123669281601905823e-03 3.672747313976287842e-02 4.627780988812446594e-02 7.465233094990253448e-03 5.527585372328758240e-02 1.247655367478728294e-03
1.809957064688205719e-02 1.665330678224563599e-02 4.350860603153705597e-03 4.892918094992637634e-02 8.256583474576473236e-03 3.923666477203369141e-02 1.970066130161285400e-02 3.553248569369316101e-02 8.171416074037551880e-02 7.590121775865554810e-02 4.160159826278686523e-02 3.026038035750389099e-02 8.570090867578983307e-03 6.010337173938751221e-02 1.729437708854675293e-02 5.770490691065788269e-02 3.819008544087409973e-02 6.626021116971969604e-02 1.123141124844551086e-01 1.820703223347663879e-02 8.781804144382476807e-02 6.338238716125488281e-02 3.497077524662017822e-02 1.681246981024742126e-02 1.623656414449214935e-02 8.053953945636749268e-02 6.547218561172485352e-02 9.631225466728210449e-02 2.384705469012260437e-02 1.102027371525764465e-01 3.074674494564533234e-02 3.977918252348899841e-02 2.689772658050060272e-02 2.161712013185024261e-02 5.890137050300836563e-03 4.963034763932228088e-02 2.042853739112615585e-03 1.173375453799962997e-02 4.456143826246261597e-02 3.305910155177116394e-02 2.074533142149448395e-02 2.359573915600776672e-02 5.938286706805229187e-02 4.530280083417892456e-02 2.809246815741062164e-02 2.102758735418319702e-02 5.115394294261932373e-02 5.321330949664115906e-02 1.572850719094276428e-02 1.761581748723983765e-01 5.437777563929557800e-02 6.633795052766799927e-02 4.359972849488258362e-02 4.207774065434932709e-03 1.522187143564224243e-02 5.405336618423461914e-02 7.176606357097625732e-02 8.054711669683456421e-02 4.745620302855968475e-03 4.294405877590179443e-02 6.320387870073318481e-02 5.542096868157386780e-02 6.944715976715087891e-02 5.351710133254528046e-04 2.040915936231613159e-02 4.297412186861038208e-02 8.434063056483864784e-04 1.581868343055248260e-02 5.785328894853591919e-02 6.261195987462997437e-02 1.718536019325256348e-02 4.220652580261230469e-02 8.710868656635284424e-02 7.545206695795059204e-02 1.924876822158694267e-03 5.004950985312461853e-02 6.044033914804458618e-02 1.843199133872985840e-01 5.143342539668083191e-02 1.331076025962829590e-01 2.000240609049797058e-02 6.355579942464828491e-03 1.508023887872695923e-01 1.664436757564544678e-01 2.355981804430484772e-02 5.194372683763504028e-02 3.872753679752349854e-02 7.427959702908992767e-03 1.189906708896160126e-02 3.518604789860546589e-04 1.584136672317981720e-02 4.020384326577186584e-02 3.595012053847312927e-02 2.237930335104465485e-02 1.646197773516178131e-02 6.235885247588157654e-02 1.245071664452552795e-01 1.440072245895862579e-02 3.090622089803218842e-02 1.905656233429908752e-02 4.414131119847297668e-02 1.829514838755130768e-02 7.516623288393020630e-02 4.160986468195915222e-02 8.468437194824218750e-02 1.588503643870353699e-02 1.209044829010963440e-02 7.115699350833892822e-02 6.129371933639049530e-03 4.985402524471282959e-02 4.418423771858215332e-02 2.160776872187852859e-03 5.637636408209800720e-02 3.588012233376502991e-02 5.997120402753353119e-03 2.888344414532184601e-02
8.022143691778182983e-02 5.776957422494888306e-02 4.223789554089307785e-03 3.842061758041381836e-02 2.671199105679988861e-02 6.002025678753852844e-02 6.024813652038574219e-02 3.988588601350784302e-02 1.156576909124851227e-02 4.160159826278686523e-02 6.197546049952507019e-02 1.971773244440555573e-02 5.715938657522201538e-02 1.421929337084293365e-02 5.747893825173377991e-02 1.597580127418041229e-02 8.557801134884357452e-03 2.092933654785156250e-02 1.379759330302476883e-02 1.099898107349872589e-02 6.621877662837505341e-03 2.640500664710998535e-02 9.708965197205543518e-03 1.604735292494297028e-02 2.912564203143119812e-02 2.662424556910991669e-02 1.402823533862829208e-02 7.542312145233154297e-03 7.761551067233085632e-03 8.131594397127628326e-03 1.470689289271831512e-02 3.030968084931373596e-02 1.350309234112501144e-02 3.803347051143646240e-02 5.609855055809020996e-03 4.932418093085289001e-02 3.072105161845684052e-02 2.444523386657238007e-02 2.328516170382499695e-02 3.317949175834655762e-02 3.629403188824653625e-02 3.405447304248809814e-02 5.080822482705116272e-02 9.696525521576404572e-04 2.155446214601397514e-03 1.601097919046878815e-02 5.541849136352539062e-02 2.277634851634502411e-02 2.859403006732463837e-02 5.068954452872276306e-02 3.937277011573314667e-03 1.441282965242862701e-02 4.028852656483650208e-02 2.992245182394981384e-02 2.754642814397811890e-02 1.015919260680675507e-03 2.867692895233631134e-02 1.395900826901197433e-02 4.375953227281570435e-02 3.675314784049987793e-02 2.033415809273719788e-02 6.826840806752443314e-03 5.146896000951528549e-03 1.927091274410486221e-03 3.414807096123695374e-02 2.557572908699512482e-02 5.115362256765365601e-02 3.819430619478225708e-02 2.092825993895530701e-02 1.772535406053066254e-02 2.687612548470497131e-03 9.790758602321147919e-03 2.065743319690227509e-02 1.254068047273904085e-04 4.002834483981132507e-02 2.509319165255874395e-04 1.549029164016246796e-02 8.633219636976718903e-03 6.009384058415889740e-03 1.495706755667924881e-02 2.044798992574214935e-02 1.719422452151775360e-02 7.148111704736948013e-03 1.996588334441184998e-02 5.741691589355468750e-02 3.901815786957740784e-02 5.079810321331024170e-02 1.488379109650850296e-02 7.324220240116119385e-02 1.670603267848491669e-02 1.749013923108577728e-02 6.188643351197242737e-02 7.875259965658187866e-03 1.427647937089204788e-02 2.559883520007133484e-02 1.990169472992420197e-02 6.154465023428201675e-03 1.581815443933010101e-02 2.567426674067974091e-02 2.030581049621105194e-02 1.448459830135107040e-02 3.990023955702781677e-02 1.657131686806678772e-02 2.125528082251548767e-02 3.360022976994514465e-02 6.283167749643325806e-02 3.725676238536834717e-02 1.864667236804962158e-02 3.610552847385406494e-02 9.806872345507144928e-03 2.944569475948810577e-02 4.104686900973320007e-03 3.248507902026176453e-02 1.078169420361518860e-02 1.042955555021762848e-02 3.188020735979080200e-02
1.544945035129785538e-02 1.738921552896499634e-02 1.386940758675336838e-02 8.767412044107913971e-03 2.491580508649349213e-02 5.801619961857795715e-02 5.170962214469909668e-02 1.414667163044214249e-02 2.608120813965797424e-02 3.026038035750389099e-02 1.971773244440555573e-02 6.123690307140350342e-02 1.120322383940219879e-03 2.302700132131576538e-01 4.918031021952629089e-02 2.838140353560447693e-03 3.312144055962562561e-02 1.703069731593132019e-02 7.038941979408264160e-02 3.824638202786445618e-02 1.062518078833818436e-02 1.146095152944326401e-02 5.374392494559288025e-02 2.087986562401056290e-03 1.191998738795518875e-02 1.407204894348978996e-03 8.135735057294368744e-03 1.276102513074874878e-01 2.327024703845381737e-03 1.365352869033813477e-01 1.146091334521770477e-02 1.045897603034973145e-02 5.124906543642282486e-03 4.551983624696731567e-02 4.519370384514331818e-03 1.961601898074150085e-02 1.054323166608810425e-01 3.905065730214118958e-02 1.552719995379447937e-02 2.413112297654151917e-02 2.693014405667781830e-02 1.822419650852680206e-02 2.398267574608325958e-02 2.057238295674324036e-02 1.443349421024322510e-01 7.810916006565093994e-02 5.946400389075279236e-02 2.698399871587753296e-02 8.988922834396362305e-02 1.570786349475383759e-02 2.172060869634151459e-02 7.609742227941751480e-03 2.504802796465810388e-05 1.982842758297920227e-02 2.576713915914297104e-03 3.590034693479537964e-02 2.178084477782249451e-02 6.717181950807571411e-02 1.528042601421475410e-03 6.315170787274837494e-03 4.103148728609085083e-02 5.910288169980049133e-02 2.248400077223777771e-02 7.519520353525876999e-03 3.847613930702209473e-02 2.832736447453498840e-02 3.704345226287841797e-02 3.293777629733085632e-02 1.605160906910896301e-02 4.410839453339576721e-02 3.402819111943244934e-02 6.139150634407997131e-02 4.519911482930183411e-02 4.476721957325935364e-02 8.188489079475402832e-02 2.416339889168739319e-02 6.962578743696212769e-02 2.094000205397605896e-02 2.246968261897563934e-02 6.161537021398544312e-03 5.293528363108634949e-02 1.384353358298540115e-02 7.255013287067413330e-02 8.623844012618064880e-03 2.274108864367008209e-02 3.316319733858108521e-02 1.292436011135578156e-02 7.841489277780056000e-03 6.565137952566146851e-02 7.898699492216110229e-02 9.665704518556594849e-02 4.849256947636604309e-02 4.392725229263305664e-02 2.274815738201141357e-02 1.446800213307142258e-02 5.188556760549545288e-02 7.182016968727111816e-02 5.569560453295707703e-02 2.618912607431411743e-02 2.176707983016967773e-02 2.384025044739246368e-02 4.955866560339927673e-02 7.146064937114715576e-02 1.555915642529726028e-02 3.564682975411415100e-02 2.550213411450386047e-02 2.729681879281997681e-02 1.314491685479879379e-02 4.479282349348068237e-02 2.171778678894042969e-02 6.938743591308593750e-02 1.649335026741027832e-02 5.002940446138381958e-02 1.018973998725414276e-02 2.032412216067314148e-02 8.147911168634891510e-03
1.651130616664886475e-02 5.364735051989555359e-02 1.995346881449222565e-02 2.231699787080287933e-02 8.112085983157157898e-03 1.646021753549575806e-02 4.290977120399475098e-02 4.363786801695823669e-02 2.235445193946361542e-02 8.570090867578983307e-03 5.715938657522201538e-02 1.120322383940219879e-03 5.394123494625091553e-02 2.382548153400421143e-02 6.109099090099334717e-02 2.432934567332267761e-02 8.786283433437347412e-03 4.596441984176635742e-02 1.592694967985153198e-02 7.547857239842414856e-03 4.785069078207015991e-02 3.143326193094253540e-02 5.581849813461303711e-02 4.643840715289115906e-02 2.429470792412757874e-02 2.476422488689422607e-02 1.552128884941339493e-02 4.114074632525444031e-02 2.504628524184226990e-02 2.308883704245090485e-02 6.689359992742538452e-02 5.233655683696269989e-03 1.631139591336250305e-02 2.637312002480030060e-02 2.629183465614914894e-03 2.383215539157390594e-02 1.377983571728691459e-04 4.021132364869117737e-02 2.276167087256908417e-02 5.121216177940368652e-02 5.064100399613380432e-02 3.925042226910591125e-03 3.416068153455853462e-03 2.968426560983061790e-03 8.049069344997406006e-02 2.750972099602222443e-02 2.805649302899837494e-02 3.012578561902046204e-02 4.169401898980140686e-02 1.083665154874324799e-02 2.661047875881195068e-02 3.205857798457145691e-02 2.695617265999317169e-02 4.811475425958633423e-02 1.894341036677360535e-02 1.536886859685182571e-02 1.702204346656799316e-02 1.508585177361965179e-02 2.907579950988292694e-02 1.830402389168739319e-02 3.540894016623497009e-02 1.584572345018386841e-02 1.583409868180751801e-02 4.783993214368820190e-02 4.143915325403213501e-02 5.572817102074623108e-02 4.534113034605979919e-02 6.988571584224700928e-02 2.841764688491821289e-02 1.880258880555629730e-02 6.042064051143825054e-04 1.633081212639808655e-02 1.230504456907510757e-02 5.122802034020423889e-02 7.460194639861583710e-03 1.199379749596118927e-02 2.296151593327522278e-02 3.545014187693595886e-02 5.263071879744529724e-02 2.436585724353790283e-02 4.519606754183769226e-02 2.673062309622764587e-02 4.541553929448127747e-02 1.531986054033041000e-02 5.460000410676002502e-02 3.845024108886718750e-02 4.306650906801223755e-02 4.459891095757484436e-02 4.970901831984519958e-02 2.346437610685825348e-02 1.614497043192386627e-02 1.970775425434112549e-02 2.652232535183429718e-02 3.377308696508407593e-02 2.230638638138771057e-02 9.994854219257831573e-03 1.439607609063386917e-02 2.454757050145417452e-04 1.335821393877267838e-02 2.213907893747091293e-03 9.420809336006641388e-03 2.605371177196502686e-02 9.439224377274513245e-03 1.847158931195735931e-02 2.853779494762420654e-02 3.803057596087455750e-02 2.395839802920818329e-02 1.981371641159057617e-02 2.189670223742723465e-03 1.506748888641595840e-02 2.001729793846607208e-02 7.163816597312688828e-03 2.186012081801891327e-02 3.378550335764884949e-02 9.283144026994705200e-03 2.547265775501728058e-02
