3.927127420902252197e-01 1.253976672887802124e-01 2.155570778995752335e-03 1.328472606837749481e-02 1.418371498584747314e-02 9.864152222871780396e-02 9.286109358072280884e-02 2.736930549144744873e-02 7.952678948640823364e-03 2.362944418564438820e-03 1.716312915086746216e-01 2.424250706098973751e-04 1.126889809966087341e-01 9.748828015290200710e-04 2.439583279192447662e-02 1.722228713333606720e-02 5.866831634193658829e-03 3.545468440279364586e-03 1.374319195747375488e-02 1.711652055382728577e-02 1.016895845532417297e-02 2.213998138904571533e-02 3.454679623246192932e-02 4.306304454803466797e-02 2.086456865072250366e-03 3.912918036803603172e-04 3.266901150345802307e-02 7.864440791308879852e-03 7.404477894306182861e-02 1.213460229337215424e-02 8.483002893626689911e-03 3.149302210658788681e-05 1.979222754016518593e-03 4.656726494431495667e-03 3.577610943466424942e-03 2.493276447057723999e-02 1.740222051739692688e-02 2.252351120114326477e-02 1.544175390154123306e-02 2.671745419502258301e-02 2.095242217183113098e-02 1.486349850893020630e-02 1.660706242546439171e-03 2.529786899685859680e-02 2.479399926960468292e-02 2.243175171315670013e-02 1.294947415590286255e-01 9.862595796585083008e-02 1.606003567576408386e-02 1.006701216101646423e-02 2.103337086737155914e-02 2.004167472478002310e-04 2.035018429160118103e-02 4.588840529322624207e-03 1.844698213972151279e-03 3.106226213276386261e-02 2.958013489842414856e-02 7.813183474354445934e-04 9.892721660435199738e-03 1.547857932746410370e-02 6.166648119688034058e-03 2.147649414837360382e-02 4.665923304855823517e-03 2.232322096824645996e-02 6.524771451950073242e-02 4.975633695721626282e-02 7.076343521475791931e-03 2.238640096038579941e-03 5.318738520145416260e-03 1.363050937652587891e-02 8.636105805635452271e-03 3.411906654946506023e-04 5.151908844709396362e-04 2.817089669406414032e-03 6.511768791824579239e-03 1.171571854501962662e-02 5.369370337575674057e-03 1.399191794916987419e-03 1.188978366553783417e-02 2.220812998712062836e-02 2.034127339720726013e-02 1.799678616225719452e-02 4.038291051983833313e-03 1.668072305619716644e-02 1.559211965650320053e-02 2.276952378451824188e-02 2.354959398508071899e-02 3.399496898055076599e-02 4.255054146051406860e-02 5.154639016836881638e-03 9.072272479534149170e-02 3.853936120867729187e-02 6.609293818473815918e-02 5.442327260971069336e-02 1.208615489304065704e-02 2.903251349925994873e-02 1.365869864821434021e-02 5.050075054168701172e-02 1.784907095134258270e-02 2.355783991515636444e-02 3.384428331628441811e-03 4.479303024709224701e-03 3.713794285431504250e-03 2.189199440181255341e-02 7.187551818788051605e-03 2.712461864575743675e-03 5.408852174878120422e-02 8.487924002110958099e-03 1.081448048353195190e-02 1.371304597705602646e-02 7.536905817687511444e-03 7.134255021810531616e-03 1.946430839598178864e-02 4.927513073198497295e-04 4.008195549249649048e-02 5.725389812141656876e-03
1.253976672887802124e-01 3.602471053600311279e-01 3.763074753805994987e-03 5.695285275578498840e-03 2.241710200905799866e-02 6.343840062618255615e-02 7.957508414983749390e-02 1.893937401473522186e-02 3.013251163065433502e-02 2.182419179007411003e-03 1.019391044974327087e-01 1.354496111162006855e-03 1.163932457566261292e-01 1.724101603031158447e-02 7.492292672395706177e-03 1.932420767843723297e-03 2.488073427230119705e-03 1.414215541444718838e-03 7.843082770705223083e-03 3.332093730568885803e-02 3.586864471435546875e-02 2.136420272290706635e-02 2.798347920179367065e-02 2.110966295003890991e-02 2.859729528427124023e-02 1.170592475682497025e-02 8.871662430465221405e-03 9.328377433121204376e-03 5.387181043624877930e-02 3.646787256002426147e-02 1.742782071232795715e-02 7.634654641151428223e-03 1.815483160316944122e-02 1.172643620520830154e-02 2.461714856326580048e-02 9.441649541258811951e-03 9.688754566013813019e-03 4.693373572081327438e-03 1.997616328299045563e-02 3.542849421501159668e-02 6.435886491090059280e-03 3.060107352212071419e-03 8.673448115587234497e-03 7.262703031301498413e-03 1.377532724291086197e-03 1.186489593237638474e-02 9.159378707408905029e-02 8.243965357542037964e-02 8.452535606920719147e-03 2.556104212999343872e-02 1.087432028725743294e-03 1.645444310270249844e-03 1.013759244233369827e-02 2.279422432184219360e-02 1.319663506001234055e-02 2.690391056239604950e-02 2.359199710190296173e-02 2.615526132285594940e-02 6.986086722463369370e-03 3.194651380181312561e-02 1.182646676898002625e-02 1.109894178807735443e-02 1.867282204329967499e-02 2.324637462152168155e-04 3.681318089365959167e-02 5.870621651411056519e-02 1.129445247352123260e-02 2.116500958800315857e-02 5.565779283642768860e-03 2.460735850036144257e-02 1.009858306497335434e-02 1.454404834657907486e-02 3.648787504062056541e-03 2.546980977058410645e-02 1.107042375952005386e-02 8.854778570821508765e-05 1.349800918251276016e-02 3.078001318499445915e-03 1.979033276438713074e-02 1.312663313001394272e-02 8.045722730457782745e-03 4.386370535939931870e-03 1.921987044624984264e-03 1.390497782267630100e-03 7.143474649637937546e-03 7.147230207920074463e-03 3.951905760914087296e-03 3.230264782905578613e-02 1.695654913783073425e-02 1.441212370991706848e-02 7.333979755640029907e-02 1.104806084185838699e-02 6.914104521274566650e-02 5.961816385388374329e-02 1.185578200966119766e-02 3.682357817888259888e-02 6.067967624403536320e-04 1.666959747672080994e-02 2.522152476012706757e-02 1.993838138878345490e-02 8.264602161943912506e-03 1.004431396722793579e-02 1.632775180041790009e-02 2.576330117881298065e-02 1.751582510769367218e-02 6.673873285762965679e-04 2.997245267033576965e-02 5.950639955699443817e-03 7.175129372626543045e-03 1.276741735637187958e-02 8.343890309333801270e-03 1.800085231661796570e-02 2.384110726416110992e-02 1.592816971242427826e-02 2.680538035929203033e-02 4.811854567378759384e-03
2.155570778995752335e-03 3.763074753805994987e-03 2.801824212074279785e-01 6.766320439055562019e-04 1.467934716492891312e-02 4.342684149742126465e-02 3.095370344817638397e-02 1.247662752866744995e-01 1.483060792088508606e-02 1.962874829769134521e-02 5.971973761916160583e-02 1.400482933968305588e-02 4.435001313686370850e-02 4.530746024101972580e-03 4.450438544154167175e-02 1.942212320864200592e-02 2.997405827045440674e-02 1.146577764302492142e-02 1.314723282121121883e-03 3.729072213172912598e-02 2.494624815881252289e-03 4.670453071594238281e-02 1.226969901472330093e-02 4.888879600912332535e-03 1.609787344932556152e-02 4.810810554772615433e-03 4.771279171109199524e-02 1.290650456212460995e-03 1.301248464733362198e-02 6.459165364503860474e-03 1.081309560686349869e-02 3.612350672483444214e-02 1.323993690311908722e-02 1.195270102471113205e-03 2.417199686169624329e-02 4.091713950037956238e-02 1.458910293877124786e-02 5.782847758382558823e-03 1.006391178816556931e-02 5.478119105100631714e-02 1.775731332600116730e-02 1.616131328046321869e-02 1.710485666990280151e-02 5.280572175979614258e-02 1.210923027247190475e-02 2.330485032871365547e-03 3.020331729203462601e-03 1.342382188886404037e-02 2.486286126077175140e-02 7.160123437643051147e-03 3.874511644244194031e-02 5.697624385356903076e-02 3.363593295216560364e-02 3.901255130767822266e-02 8.014427497982978821e-03 9.693678468465805054e-03 3.136672452092170715e-02 2.000158652663230896e-02 8.788288384675979614e-02 5.165922641754150391e-02 8.624881505966186523e-03 4.896048922091722488e-03 7.570276502519845963e-03 2.956603467464447021e-02 2.012417279183864594e-02 1.969066914170980453e-03 1.689458847977221012e-03 1.175517961382865906e-02 1.372495759278535843e-02 1.243523973971605301e-02 7.357703521847724915e-03 1.059859804809093475e-02 1.970289833843708038e-02 5.513494368642568588e-03 1.458784844726324081e-02 3.127416968345642090e-02 3.330950066447257996e-02 6.222091149538755417e-03 3.597962483763694763e-02 5.070580169558525085e-02 1.939401328563690186e-01 2.139857858419418335e-01 5.522150080651044846e-03 2.094892226159572601e-02 5.666529387235641479e-02 4.527659714221954346e-02 3.663747757673263550e-02 3.988180309534072876e-02 7.062981277704238892e-02 4.857137799263000488e-02 8.930663578212261200e-03 5.193814262747764587e-02 2.016011998057365417e-02 3.862754907459020615e-03 6.129080057144165039e-02 1.106583178043365479e-01 4.700663965195417404e-03 5.078862234950065613e-02 4.165231436491012573e-02 2.120872773230075836e-02 6.099117174744606018e-02 4.579253494739532471e-02 1.242631766945123672e-02 3.418313711881637573e-02 3.132210299372673035e-02 2.656450867652893066e-02 5.835074931383132935e-03 4.440218210220336914e-02 3.681680187582969666e-02 1.067157741636037827e-02 2.091663144528865814e-02 3.459817916154861450e-02 1.412353944033384323e-02 2.235634438693523407e-02 3.210833668708801270e-02 7.071800529956817627e-02
1.328472606837749481e-02 5.695285275578498840e-03 6.766320439055562019e-04 3.676175475120544434e-01 1.625125110149383545e-01 6.613558158278465271e-03 9.985566139221191406e-03 1.972933998331427574e-03 1.246250979602336884e-02 4.018747061491012573e-02 1.603136025369167328e-02 1.339486986398696899e-02 1.112484093755483627e-02 7.933727465569972992e-03 1.887675374746322632e-02 5.414278712123632431e-03 1.424968615174293518e-02 8.416237682104110718e-02 5.689409002661705017e-02 2.055875770747661591e-02 2.444012649357318878e-02 5.081958603113889694e-03 1.448045112192630768e-02 1.226383028551936150e-03 2.113456465303897858e-02 2.099636197090148926e-02 7.934672757983207703e-03 3.179735271260142326e-03 5.052187014371156693e-03 3.165067872032523155e-03 9.221405489370226860e-04 7.706826552748680115e-03 1.523126568645238876e-02 2.354728756472468376e-03 3.525657951831817627e-02 9.130695980275049806e-05 2.262702444568276405e-03 2.120852284133434296e-02 2.504796721041202545e-02 6.947886943817138672e-02 3.536592703312635422e-04 4.042508080601692200e-02 1.425112877041101456e-02 1.361461076885461807e-02 1.411385647952556610e-02 3.124027745798230171e-03 3.811346367001533508e-02 7.611252367496490479e-03 9.401990100741386414e-03 6.333608180284500122e-03 3.002520836889743805e-02 6.345250178128480911e-03 4.127170424908399582e-03 3.388599306344985962e-02 1.877667196094989777e-02 2.247971110045909882e-02 3.276816010475158691e-02 1.049313228577375412e-02 3.293947502970695496e-02 3.480419516563415527e-02 4.361811280250549316e-02 4.121139273047447205e-02 4.373033717274665833e-02 2.389164408668875694e-03 8.329192060045897961e-04 1.703684963285923004e-02 4.298238828778266907e-02 2.511101588606834412e-02 9.218904189765453339e-03 1.812734641134738922e-02 6.116789299994707108e-03 1.792787201702594757e-02 8.859509229660034180e-02 1.666227728128433228e-02 7.103092968463897705e-02 1.284284144639968872e-02 4.940385930240154266e-03 2.390603348612785339e-02 1.836988329887390137e-02 2.234118245542049408e-02 2.008780837059020996e-03 1.968826865777373314e-03 1.217468455433845520e-01 1.154862940311431885e-01 4.806701466441154480e-02 1.355203334242105484e-02 2.751418389379978180e-03 1.511154137551784515e-02 1.746474951505661011e-02 1.149871270172297955e-03 1.514357235282659531e-02 2.025211229920387268e-02 9.127629920840263367e-03 3.998658503405749798e-04 3.522497788071632385e-02 2.644350379705429077e-02 1.974561437964439392e-02 1.298157684504985809e-02 2.368614543229341507e-03 2.617639722302556038e-03 2.190906368196010590e-02 3.437274834141135216e-03 2.193663828074932098e-02 4.124407656490802765e-03 2.385284937918186188e-02 1.695620454847812653e-02 4.215084388852119446e-02 5.397947132587432861e-02 1.522114127874374390e-02 3.399892896413803101e-02 1.173343043774366379e-02 1.341256574960425496e-04 3.834215179085731506e-02 9.734459221363067627e-03 1.022264361381530762e-02 4.202482104301452637e-02
1.418371498584747314e-02 2.241710200905799866e-02 1.467934716492891312e-02 1.625125110149383545e-01 3.496974110603332520e-01 8.915979415178298950e-03 1.447437051683664322e-02 2.831890713423490524e-03 2.036582306027412415e-02 2.148923650383949280e-02 5.636484362185001373e-03 1.908743288367986679e-03 3.827058710157871246e-03 1.340649649500846863e-02 1.344308629631996155e-02 1.143047027289867401e-02 2.277084812521934509e-02 6.659687310457229614e-02 7.575320452451705933e-02 1.552463136613368988e-02 2.059791795909404755e-02 6.882593967020511627e-03 3.012315370142459869e-02 7.423019502311944962e-03 1.434895303100347519e-02 2.455780096352100372e-02 2.681115455925464630e-02 1.093796337954699993e-03 8.386294357478618622e-03 9.955700486898422241e-03 1.564865559339523315e-02 1.947172218933701515e-03 1.153590809553861618e-02 5.128536839038133621e-03 2.471168711781501770e-02 8.641304448246955872e-03 4.746661521494388580e-03 1.632340997457504272e-02 2.825870364904403687e-02 8.517553657293319702e-02 1.123180240392684937e-02 3.044603578746318817e-02 3.026915341615676880e-02 2.356477640569210052e-02 3.298188373446464539e-02 6.200172007083892822e-03 1.830369979143142700e-02 1.351025234907865524e-02 9.680631337687373161e-04 2.586871758103370667e-02 2.566916868090629578e-02 1.855323091149330139e-02 1.659040898084640503e-02 1.334346737712621689e-02 2.414273330941796303e-03 6.816796958446502686e-03 2.632328681647777557e-02 1.215193606913089752e-02 3.153761103749275208e-02 3.931577503681182861e-02 2.314044907689094543e-02 5.491159483790397644e-02 2.961047366261482239e-02 1.996120437979698181e-02 1.061476650647819042e-03 1.565528474748134613e-02 3.347055613994598389e-02 2.700324542820453644e-02 9.336387738585472107e-03 1.826476491987705231e-02 9.405620396137237549e-03 1.226427033543586731e-02 7.795949280261993408e-02 1.957856863737106323e-02 7.361110299825668335e-02 1.037656329572200775e-02 2.649756707251071930e-02 1.206120010465383530e-02 2.405664511024951935e-02 4.878069739788770676e-03 1.553703006356954575e-02 2.569298446178436279e-02 1.163172647356987000e-01 1.459980159997940063e-01 4.948691651225090027e-02 3.427536785602569580e-02 2.093826187774538994e-03 4.749664105474948883e-03 1.680257357656955719e-02 1.859925687313079834e-02 2.314130030572414398e-02 1.328432280570268631e-02 2.375061623752117157e-02 1.205973606556653976e-02 2.603361569344997406e-02 1.167472358793020248e-02 1.157837733626365662e-02 2.812268398702144623e-02 4.812979605048894882e-03 1.544897537678480148e-02 2.108688279986381531e-02 4.403204191476106644e-03 1.784059032797813416e-02 1.133547630161046982e-02 1.375047396868467331e-02 1.461812481284141541e-02 1.322399242781102657e-03 5.350716412067413330e-02 5.041343625634908676e-03 2.233727648854255676e-02 1.036290638148784637e-02 1.772748120129108429e-02 4.482988268136978149e-02 2.209931425750255585e-02 2.424885891377925873e-02 3.351313993334770203e-02
9.864152222871780396e-02 6.343840062618255615e-02 4.342684149742126465e-02 6.613558158278465271e-03 8.915979415178298950e-03 3.988707661628723145e-01 1.272262632846832275e-01 8.470576256513595581e-03 3.000340051949024200e-02 2.398541942238807678e-02 7.406020164489746094e-02 9.145107865333557129e-02 5.021046474575996399e-02 8.751240372657775879e-02 1.577888429164886475e-02 1.154370489530265331e-03 4.636371508240699768e-03 5.039171664975583553e-04 7.423597387969493866e-03 7.898830808699131012e-03 3.848728723824024200e-03 1.599979586899280548e-02 4.862251225858926773e-03 6.020780419930815697e-04 1.301240455359220505e-02 5.590458866208791733e-03 2.197755128145217896e-02 5.095324292778968811e-02 1.505755446851253510e-02 6.253430992364883423e-02 3.386557567864656448e-03 2.072281949222087860e-02 7.543383166193962097e-03 2.560611115768551826e-03 1.973659917712211609e-02 1.351408939808607101e-02 3.209563717246055603e-02 9.035142138600349426e-03 2.932407334446907043e-02 2.685638889670372009e-02 1.751233637332916260e-02 2.205627411603927612e-02 1.653315499424934387e-03 8.442361839115619659e-03 5.377708375453948975e-02 5.413878709077835083e-02 1.542141884565353394e-01 1.022508144378662109e-01 4.439153149724006653e-02 1.209130417555570602e-02 6.104864296503365040e-04 3.132904320955276489e-02 1.865329965949058533e-02 1.029579248279333115e-02 3.597452491521835327e-02 1.477963849902153015e-02 5.400764755904674530e-03 9.781043976545333862e-03 1.014298060908913612e-03 1.413995027542114258e-02 1.892730710096657276e-03 7.333568064495921135e-04 1.678977161645889282e-02 1.682106591761112213e-02 2.650287374854087830e-02 1.629036478698253632e-02 1.685674116015434265e-02 1.126965228468179703e-02 1.042745821177959442e-02 9.006359614431858063e-03 9.660363197326660156e-03 1.421523187309503555e-02 3.220176789909601212e-03 7.141283247619867325e-03 8.763792924582958221e-03 2.295939018949866295e-03 3.136368468403816223e-02 2.265116386115550995e-02 4.487112537026405334e-02 1.572672091424465179e-02 3.127124533057212830e-02 3.412672877311706543e-02 4.302815999835729599e-03 2.788467332720756531e-03 1.570051349699497223e-02 1.476755947805941105e-03 1.057963352650403976e-02 2.018491551280021667e-02 2.821366675198078156e-02 5.438085272908210754e-02 5.994228273630142212e-02 3.813040966633707285e-04 5.932845175266265869e-02 2.130076102912425995e-02 2.062984183430671692e-02 6.594115495681762695e-02 1.651331037282943726e-02 2.796318754553794861e-02 7.541489321738481522e-03 9.340113028883934021e-03 8.314570412039756775e-03 4.474179295357316732e-04 4.515573754906654358e-02 6.333414930850267410e-03 1.038575172424316406e-02 2.722433768212795258e-03 2.010909654200077057e-02 1.030316390097141266e-02 1.310309115797281265e-02 1.473701372742652893e-02 1.159631554037332535e-02 1.650351844727993011e-02 1.115212403237819672e-02 9.027499705553054810e-03 3.867367282509803772e-02 2.847156673669815063e-02
9.286109358072280884e-02 7.957508414983749390e-02 3.095370344817638397e-02 9.985566139221191406e-03 1.447437051683664322e-02 1.272262632846832275e-01 4.066271185874938965e-01 2.493419218808412552e-03 2.078352030366659164e-03 1.237145997583866119e-02 9.784265607595443726e-02 4.899366572499275208e-02 7.202081382274627686e-02 8.145480602979660034e-02 9.282498620450496674e-03 2.245727553963661194e-02 1.637217402458190918e-02 2.870894968509674072e-03 2.167213009670376778e-03 3.219253150746226311e-03 1.441695448011159897e-02 2.940994501113891602e-02 1.205659657716751099e-02 8.666675537824630737e-03 3.568845568224787712e-03 7.397872395813465118e-03 1.281470619142055511e-02 2.183491736650466919e-02 1.335511729121208191e-02 3.426550701260566711e-02 6.493696477264165878e-03 1.459568180143833160e-02 2.120669698342680931e-03 8.140537887811660767e-03 2.716636052355170250e-03 2.721232175827026367e-02 5.977310240268707275e-03 6.137502379715442657e-03 5.190520547330379486e-03 7.081939838826656342e-03 4.820622503757476807e-03 4.599643871188163757e-02 5.538698285818099976e-03 1.243632845580577850e-02 6.941504031419754028e-02 8.261345326900482178e-02 1.592777669429779053e-01 1.320988237857818604e-01 1.663091778755187988e-02 1.662447000853717327e-03 8.708950190339237452e-06 2.742458134889602661e-02 3.515232726931571960e-02 1.406915602274239063e-03 1.821665652096271515e-02 1.856968179345130920e-02 1.862257253378629684e-03 8.990786969661712646e-03 3.083765273913741112e-03 1.539205666631460190e-02 7.335500326007604599e-03 3.191347001120448112e-03 9.741422836668789387e-04 2.548514679074287415e-02 3.486890345811843872e-02 3.891436755657196045e-02 6.484347395598888397e-03 1.107868179678916931e-02 1.879312656819820404e-02 1.419225125573575497e-03 1.992629095911979675e-02 7.834458723664283752e-03 2.553025819361209869e-02 6.436270195990800858e-03 1.203020010143518448e-02 4.925492219626903534e-03 2.352518588304519653e-02 8.419718593358993530e-03 2.623507380485534668e-02 1.696639880537986755e-02 4.421214759349822998e-02 4.428788647055625916e-02 1.252522040158510208e-02 2.152536995708942413e-02 3.562718629837036133e-02 3.867135196924209595e-02 2.706871367990970612e-02 2.999406494200229645e-02 1.720651797950267792e-02 2.393046393990516663e-02 6.322535872459411621e-02 2.175725996494293213e-02 8.434809744358062744e-02 4.529360681772232056e-02 4.853023961186408997e-02 1.931874454021453857e-02 9.325935505330562592e-03 2.817017026245594025e-02 1.458709943108260632e-03 1.290056016296148300e-02 7.848836481571197510e-03 7.502420805394649506e-03 2.464315667748451233e-02 2.505941549316048622e-03 3.987022489309310913e-02 1.851843111217021942e-02 1.188761275261640549e-02 1.748892292380332947e-02 1.162856165319681168e-02 2.670125802978873253e-03 1.303090807050466537e-02 1.173432264477014542e-02 5.180727457627654076e-04 8.830382488667964935e-03 3.157719597220420837e-02 1.041304413229227066e-02
2.736930549144744873e-02 1.893937401473522186e-02 1.247662752866744995e-01 1.972933998331427574e-03 2.831890713423490524e-03 8.470576256513595581e-03 2.493419218808412552e-03 2.928186655044555664e-01 1.008040737360715866e-02 3.932415693998336792e-02 2.162055112421512604e-02 2.901341579854488373e-02 3.322676569223403931e-02 4.818780347704887390e-02 9.499594569206237793e-02 2.099488489329814911e-02 4.407224431633949280e-02 8.146792650222778320e-03 1.535345613956451416e-02 3.052659146487712860e-02 7.725389674305915833e-03 6.455194950103759766e-02 2.189250662922859192e-02 1.949612051248550415e-02 3.267166018486022949e-02 1.061912346631288528e-02 2.569190226495265961e-02 7.059329189360141754e-03 5.791701003909111023e-02 7.617606781423091888e-03 4.246245697140693665e-02 3.238702937960624695e-02 2.954367175698280334e-02 2.324943925486877561e-04 3.833194822072982788e-02 5.002829432487487793e-02 6.769477576017379761e-02 3.982267342507839203e-03 9.964033961296081543e-03 2.718021348118782043e-02 2.746175602078437805e-02 1.695622503757476807e-02 5.540432780981063843e-02 2.701977454125881195e-02 2.794548496603965759e-02 5.601173639297485352e-02 1.802417077124118805e-02 1.902615302242338657e-03 2.402179315686225891e-02 4.096899647265672684e-03 2.793394401669502258e-02 3.213480859994888306e-02 3.699555248022079468e-02 1.348471455276012421e-02 5.479662213474512100e-03 2.092242985963821411e-02 3.264101222157478333e-02 1.328082056716084480e-03 4.516055062413215637e-02 3.560828790068626404e-02 8.689773268997669220e-03 1.342339534312486649e-02 4.050530493259429932e-02 4.803598858416080475e-04 4.353139176964759827e-02 1.358503382652997971e-02 3.155115246772766113e-02 4.117345437407493591e-03 1.789369434118270874e-02 2.058933489024639130e-02 4.774542897939682007e-02 2.341651730239391327e-02 1.100194081664085388e-02 3.606387600302696228e-02 2.632016129791736603e-02 1.009599119424819946e-02 2.002014964818954468e-02 3.904470801353454590e-02 2.500131027773022652e-03 1.683595590293407440e-02 1.518369615077972412e-01 9.052105993032455444e-02 1.211788132786750793e-02 1.727280020713806152e-02 8.361196378245949745e-04 3.790876269340515137e-02 7.865624129772186279e-02 9.823970496654510498e-02 3.656369820237159729e-02 4.605080001056194305e-03 1.908180117607116699e-02 1.717689447104930878e-02 9.413832798600196838e-03 1.045605819672346115e-02 3.156315535306930542e-03 1.489467360079288483e-02 3.061318211257457733e-02 4.094759002327919006e-03 4.937809891998767853e-03 4.465427715331315994e-03 1.977361825993284583e-04 1.604219339787960052e-02 1.308420673012733459e-02 1.999842375516891479e-02 5.541725456714630127e-02 3.507694695144891739e-03 1.089476328343153000e-02 1.070493366569280624e-02 5.150287225842475891e-02 1.890628412365913391e-02 3.880345448851585388e-02 3.384326025843620300e-02 7.861899794079363346e-04 3.893252834677696228e-02 1.435505785048007965e-02 8.362811803817749023e-02
7.952678948640823364e-03 3.013251163065433502e-02 1.483060792088508606e-02 1.246250979602336884e-02 2.036582306027412415e-02 3.000340051949024200e-02 2.078352030366659164e-03 1.008040737360715866e-02 3.394480347633361816e-01 1.252909749746322632e-01 1.738829538226127625e-02 6.156296283006668091e-02 1.694958843290805817e-02 2.593120932579040527e-02 9.992442093789577484e-03 3.170688822865486145e-02 3.860184922814369202e-02 5.373975262045860291e-02 4.166400805115699768e-02 4.186149686574935913e-02 2.101961290463805199e-03 3.341239690780639648e-02 4.684982448816299438e-02 1.545199379324913025e-02 2.282098494470119476e-02 5.058811511844396591e-03 3.374646976590156555e-02 5.308419093489646912e-02 3.506706794723868370e-03 1.298484113067388535e-02 1.566548645496368408e-02 3.067732974886894226e-02 1.068582758307456970e-02 2.823828347027301788e-02 2.702883630990982056e-02 8.161243167705833912e-04 4.776850342750549316e-02 3.395533934235572815e-02 5.060447379946708679e-03 1.377617847174406052e-02 1.949658989906311035e-02 1.031261011958122253e-01 4.597053676843643188e-02 2.733827009797096252e-02 4.289327771402895451e-04 4.079344868659973145e-02 2.845253329724073410e-03 2.131232526153326035e-03 1.140602976083755493e-01 1.916389213874936104e-03 4.789890721440315247e-03 4.494354873895645142e-02 3.519937023520469666e-02 4.895028471946716309e-02 1.614439487457275391e-01 3.903009369969367981e-02 5.182563513517379761e-02 1.484156772494316101e-02 1.978863216936588287e-02 2.953038737177848816e-02 3.229141980409622192e-02 9.714616462588310242e-03 3.676276654005050659e-02 1.772463694214820862e-02 1.013316866010427475e-02 1.619812217541038990e-03 5.317045375704765320e-03 1.764070987701416016e-02 1.157933771610260010e-01 2.297629974782466888e-02 4.262405633926391602e-02 3.417883813381195068e-02 4.829586949199438095e-03 1.359460526145994663e-03 2.870918437838554382e-02 7.513638585805892944e-02 2.463802099227905273e-01 5.615873262286186218e-02 7.071443647146224976e-02 2.523831464350223541e-02 2.765575610101222992e-02 4.231457784771919250e-02 4.744404554367065430e-02 2.154101990163326263e-02 1.706407591700553894e-02 7.208412513136863708e-03 1.374948490411043167e-02 2.597543038427829742e-02 1.056837886571884155e-01 3.554046526551246643e-02 1.708977110683917999e-02 2.048468217253684998e-03 5.923757795244455338e-03 6.945173721760511398e-03 3.460356593132019043e-02 7.982571609318256378e-03 2.180551923811435699e-02 8.449506759643554688e-02 5.474717542529106140e-02 2.332677692174911499e-02 3.553254064172506332e-03 1.536907744593918324e-03 7.631837390363216400e-03 9.797279722988605499e-03 2.946797572076320648e-02 3.793632611632347107e-02 1.121552381664514542e-02 4.841138422489166260e-02 5.104294978082180023e-03 1.217467151582241058e-02 1.993232220411300659e-02 1.107936073094606400e-02 3.313443437218666077e-02 4.302820190787315369e-02 3.586285933852195740e-02 1.548182033002376556e-02
2.362944418564438820e-03 2.182419179007411003e-03 1.962874829769134521e-02 4.018747061491012573e-02 2.148923650383949280e-02 2.398541942238807678e-02 1.237145997583866119e-02 3.932415693998336792e-02 1.252909749746322632e-01 3.201134204864501953e-01 3.959302604198455811e-02 1.638420671224594116e-02 3.243770077824592590e-02 6.989999860525131226e-02 8.841584436595439911e-03 8.625134825706481934e-02 9.218690544366836548e-02 2.973002940416336060e-02 1.347237378358840942e-01 1.460225507616996765e-02 2.011891826987266541e-02 3.256123512983322144e-02 5.955445021390914917e-02 1.069209724664688110e-01 8.349377661943435669e-03 3.693187981843948364e-02 1.784479618072509766e-02 2.034449391067028046e-02 1.058501470834016800e-02 1.851172186434268951e-02 5.268303304910659790e-02 1.033030264079570770e-02 1.313919480890035629e-02 5.877662450075149536e-02 4.820115282200276852e-04 5.133463535457849503e-03 1.675590127706527710e-02 1.917584612965583801e-02 4.213727265596389771e-02 3.742712363600730896e-02 1.045234315097332001e-02 2.707307599484920502e-02 2.127178385853767395e-02 9.526830166578292847e-03 6.093253940343856812e-02 3.488295897841453552e-02 2.963982755318284035e-03 5.877411924302577972e-03 2.314557321369647980e-02 7.231271266937255859e-02 1.865869015455245972e-02 5.041135475039482117e-03 2.966149523854255676e-02 7.802898529917001724e-03 1.587357744574546814e-02 7.159613072872161865e-02 1.611856184899806976e-02 3.536661714315414429e-02 1.134290266782045364e-02 1.010785717517137527e-02 1.416019746102392673e-03 3.899065032601356506e-02 3.679579868912696838e-02 1.198842842131853104e-02 3.250093385577201843e-02 2.492120675742626190e-02 1.931242644786834717e-02 5.938165821135044098e-03 4.791936278343200684e-02 4.074988141655921936e-02 7.282581180334091187e-02 3.446138696745038033e-03 2.681868337094783783e-02 2.491277642548084259e-02 3.402927517890930176e-02 1.739008165895938873e-02 4.078953340649604797e-02 1.289316266775131226e-01 6.757519394159317017e-02 1.056425943970680237e-01 2.788611873984336853e-02 2.219170890748500824e-02 2.870148792862892151e-02 7.322115451097488403e-02 8.052215911448001862e-03 4.167949035763740540e-02 2.707319101318717003e-03 2.481145039200782776e-02 3.130187466740608215e-02 8.074158430099487305e-02 8.309942786581814289e-04 4.848944954574108124e-03 2.403124049305915833e-02 1.668261177837848663e-02 3.345671668648719788e-02 4.860802367329597473e-02 8.159093558788299561e-03 3.493801457807421684e-03 5.195727106183767319e-03 1.296925038332119584e-04 9.149432880803942680e-04 3.044287674129009247e-02 9.006168693304061890e-03 1.313364785164594650e-02 1.296099368482828140e-02 3.499759733676910400e-02 4.011592641472816467e-02 3.280264884233474731e-02 6.995945237576961517e-03 1.778883393853902817e-03 8.638122380943968892e-05 4.080818034708499908e-03 2.429424040019512177e-02 3.927136212587356567e-02 5.985035374760627747e-02 3.088159672915935516e-02
1.716312915086746216e-01 1.019391044974327087e-01 5.971973761916160583e-02 1.603136025369167328e-02 5.636484362185001373e-03 7.406020164489746094e-02 9.784265607595443726e-02 2.162055112421512604e-02 1.738829538226127625e-02 3.959302604198455811e-02 3.895670771598815918e-01 1.933819800615310669e-02 1.364333331584930420e-01 3.085558069869875908e-03 3.225253522396087646e-02 1.234686654061079025e-02 1.078106090426445007e-02 9.838513098657131195e-03 3.685572650283575058e-03 2.678982540965080261e-02 1.805027201771736145e-02 1.221643909811973572e-01 4.627716168761253357e-02 3.771807253360748291e-02 2.933137677609920502e-02 1.667132787406444550e-02 5.457822978496551514e-02 3.944860026240348816e-02 7.514943182468414307e-02 2.471882477402687073e-02 1.829376444220542908e-02 4.755379632115364075e-02 1.556540932506322861e-02 9.395252913236618042e-03 1.688583195209503174e-02 2.636624127626419067e-02 3.497438132762908936e-02 9.455751627683639526e-03 1.391403563320636749e-02 2.989182621240615845e-02 3.377401735633611679e-03 2.187120355665683746e-02 2.776082791388034821e-02 1.453166920691728592e-02 1.609680615365505219e-02 5.611895769834518433e-02 1.601472198963165283e-01 1.022093892097473145e-01 1.894607208669185638e-02 4.791495203971862793e-02 2.501585893332958221e-02 1.095429528504610062e-02 6.095505133271217346e-02 2.312599308788776398e-02 2.022744715213775635e-02 3.062001802027225494e-02 3.835795680060982704e-03 3.320851828902959824e-03 7.061777170747518539e-03 1.773502491414546967e-02 1.175569923361763358e-04 7.896147668361663818e-03 1.649947278201580048e-02 1.524658966809511185e-02 1.265357732772827148e-01 6.660631299018859863e-02 1.445793174207210541e-02 7.254923228174448013e-03 3.121670335531234741e-02 1.438762526959180832e-02 3.014302253723144531e-02 1.125329546630382538e-02 5.525804124772548676e-03 2.316538803279399872e-02 2.067377977073192596e-02 2.014882676303386688e-02 2.097453922033309937e-02 2.592953853309154510e-02 2.242950722575187683e-02 1.412848662585020065e-02 2.657008729875087738e-02 4.456006363034248352e-02 5.983555223792791367e-03 1.638438738882541656e-02 5.694456025958061218e-02 2.534642070531845093e-02 5.942516773939132690e-02 5.382624804042279720e-04 4.348576068878173828e-02 2.868611179292201996e-02 8.713656663894653320e-02 1.070564240217208862e-01 8.199182152748107910e-02 1.241214573383331299e-02 2.638368867337703705e-02 4.416438937187194824e-02 2.709536114707589149e-03 2.914682263508439064e-03 2.919070050120353699e-02 4.251230508089065552e-02 2.093606628477573395e-02 2.571380464360117912e-03 1.186030637472867966e-02 2.374950237572193146e-02 3.339982032775878906e-02 3.275311319157481194e-03 2.327182330191135406e-02 1.979358680546283722e-02 4.530623927712440491e-02 2.113840170204639435e-02 1.934577524662017822e-02 2.434057556092739105e-02 5.715160816907882690e-02 3.854326903820037842e-02 4.657372459769248962e-02 2.590966969728469849e-02
2.424250706098973751e-04 1.354496111162006855e-03 1.400482933968305588e-02 1.339486986398696899e-02 1.908743288367986679e-03 9.145107865333557129e-02 4.899366572499275208e-02 2.901341579854488373e-02 6.156296283006668091e-02 1.638420671224594116e-02 1.933819800615310669e-02 3.605875372886657715e-01 1.635205373167991638e-02 2.013677656650543213e-01 7.479913067072629929e-03 6.007180083543062210e-03 2.869868837296962738e-02 1.396633405238389969e-02 2.534650964662432671e-03 2.724155092437285930e-05 1.080524642020463943e-03 3.756101429462432861e-02 4.715659469366073608e-02 2.958477847278118134e-02 3.212892916053533554e-03 6.885586772114038467e-03 2.064797841012477875e-02 1.345514506101608276e-01 6.204388290643692017e-02 1.334286481142044067e-01 5.073732882738113403e-02 1.236475945916026831e-04 1.727256737649440765e-02 5.777957849204540253e-03 1.995609886944293976e-02 2.313342411071062088e-03 3.096735477447509766e-02 9.239982813596725464e-03 3.508310765027999878e-02 5.218345299363136292e-02 2.894855849444866180e-02 9.235557168722152710e-03 1.914019696414470673e-02 2.339527569711208344e-02 8.379669487476348877e-02 5.974352359771728516e-02 7.175817340612411499e-02 1.301858015358448029e-02 1.582415588200092316e-02 4.567450657486915588e-02 4.934677109122276306e-02 3.415773436427116394e-02 1.853964105248451233e-02 1.758083142340183258e-02 5.073942244052886963e-02 4.198041185736656189e-02 7.142852526158094406e-03 2.167982421815395355e-02 8.899779058992862701e-04 1.182997785508632660e-02 1.377287693321704865e-02 3.505365550518035889e-02 1.864049956202507019e-02 2.885270863771438599e-02 1.207587867975234985e-02 2.143855951726436615e-02 3.470833180472254753e-03 1.856921799480915070e-02 2.636005729436874390e-02 4.617366474121809006e-03 2.663614042103290558e-02 3.612121567130088806e-02 4.811874590814113617e-03 7.864143699407577515e-04 1.077018864452838898e-02 6.714238785207271576e-03 1.001651883125305176e-01 6.485477089881896973e-02 4.807260632514953613e-02 3.205560892820358276e-02 9.792472701519727707e-04 2.711747772991657257e-02 3.735669888556003571e-03 7.044395431876182556e-03 1.087651029229164124e-02 2.662488818168640137e-02 1.430721208453178406e-02 1.081638876348733902e-02 2.651171199977397919e-02 6.084869429469108582e-02 2.057146467268466949e-02 2.661779895424842834e-02 1.119751395890489221e-04 2.780630998313426971e-02 3.168975561857223511e-02 2.266896516084671021e-02 4.108619689941406250e-02 2.344736829400062561e-02 2.401656657457351685e-02 3.922441974282264709e-02 2.009242773056030273e-02 9.222119115293025970e-03 5.964409932494163513e-02 4.394002258777618408e-02 1.933745108544826508e-02 6.883670575916767120e-03 3.526109457015991211e-02 9.158738888800144196e-03 3.187610581517219543e-02 1.287724357098340988e-02 3.667461872100830078e-02 4.946751520037651062e-02 3.243071585893630981e-02 2.382399048656225204e-03 4.898430407047271729e-02 5.707879737019538879e-02
1.126889809966087341e-01 1.163932457566261292e-01 4.435001313686370850e-02 1.112484093755483627e-02 3.827058710157871246e-03 5.021046474575996399e-02 7.202081382274627686e-02 3.322676569223403931e-02 1.694958843290805817e-02 3.243770077824592590e-02 1.364333331584930420e-01 1.635205373167991638e-02 3.901247680187225342e-01 2.934798784554004669e-02 4.877880588173866272e-02 1.977425813674926758e-02 1.025695167481899261e-02 2.052318677306175232e-02 1.514963991940021515e-02 3.671295195817947388e-02 1.328625809401273727e-02 6.553813070058822632e-02 5.792540684342384338e-02 4.839615896344184875e-02 3.811438381671905518e-02 4.993991460651159286e-03 3.466494008898735046e-02 2.302737347781658173e-02 6.412197649478912354e-02 3.347134962677955627e-02 5.660904105752706528e-03 4.291614051908254623e-03 3.472534939646720886e-02 1.116788759827613831e-02 1.823150739073753357e-02 4.651640728116035461e-02 3.613646700978279114e-02 1.004134025424718857e-02 9.203277528285980225e-03 2.715359814465045929e-02 1.812711916863918304e-02 3.321573883295059204e-02 6.343836896121501923e-03 1.368430070579051971e-02 1.911336928606033325e-02 4.084346443414688110e-02 1.065962761640548706e-01 8.433125913143157959e-02 2.688620798289775848e-02 4.081014543771743774e-03 2.772583626210689545e-02 1.104666944593191147e-02 1.409352384507656097e-02 5.212311819195747375e-02 2.353751659393310547e-02 8.825134485960006714e-03 2.132434397935867310e-02 5.932856816798448563e-03 3.484549373388290405e-02 5.975191667675971985e-02 2.507041441276669502e-03 8.382584899663925171e-03 2.103292383253574371e-02 6.128347944468259811e-03 5.757092311978340149e-02 9.310229867696762085e-02 6.921503692865371704e-03 2.280640501339803450e-06 2.926789224147796631e-02 3.653535991907119751e-02 5.040848162025213242e-03 1.035656241583637893e-04 5.407733842730522156e-03 2.120045572519302368e-02 8.675772696733474731e-03 2.442216686904430389e-02 4.370763897895812988e-02 1.061428058892488480e-02 4.946941509842872620e-02 2.991357073187828064e-02 1.813229173421859741e-02 1.365416124463081360e-02 1.629087701439857483e-02 5.657001864165067673e-03 5.852568894624710083e-02 5.446641519665718079e-02 1.773409196175634861e-03 6.659617274999618530e-02 8.569987490773200989e-03 3.998498432338237762e-03 7.164733856916427612e-02 3.816547617316246033e-02 5.933248624205589294e-02 8.277423679828643799e-02 4.329906031489372253e-02 1.985886134207248688e-03 7.270265836268663406e-03 2.441366203129291534e-02 3.387784957885742188e-02 1.365286577492952347e-02 4.620612412691116333e-02 2.458434551954269409e-02 1.123687997460365295e-02 2.466585952788591385e-03 6.072828173637390137e-02 2.364481613039970398e-02 7.834225147962570190e-02 4.091321025043725967e-03 2.593327686190605164e-02 1.256347168236970901e-02 2.023239806294441223e-02 2.858210541307926178e-02 2.112001739442348480e-02 1.067786943167448044e-03 2.628059498965740204e-02 3.479541093111038208e-02
