9.368077665567398071e-02 1.610113829374313354e-01 2.284803055226802826e-02 2.758298814296722412e-02 1.196995284408330917e-02 1.024327352643013000e-01 1.022546961903572083e-01 4.411282017827033997e-03 1.886884681880474091e-02 3.384663164615631104e-02 1.235961914062500000e-01 3.003866970539093018e-02 1.006968617439270020e-01 4.129771515727043152e-02 4.388463124632835388e-02 2.818845026195049286e-02 1.999167911708354950e-02 3.856343217194080353e-03 3.737269341945648193e-02 3.493508324027061462e-02 4.474195092916488647e-02 2.858190797269344330e-02 1.126098632812500000e-02 3.062098985537886620e-04 2.604042366147041321e-02 5.458731949329376221e-02 4.413570743054151535e-03 1.250872667878866196e-02 8.873409591615200043e-03 1.709562353789806366e-02 1.210696622729301453e-02 1.696502231061458588e-02 7.261604536324739456e-03 7.803624612279236317e-04 9.151825681328773499e-03 1.758791506290435791e-02 1.306008920073509216e-02 1.737234182655811310e-02 2.933693677186965942e-02 9.772510966286063194e-04 9.961033239960670471e-03 6.710059940814971924e-03 5.449239164590835571e-03 1.317836437374353409e-02 4.787879809737205505e-02 4.178689792752265930e-03 8.562975376844406128e-02 6.779959425330162048e-03 4.338997974991798401e-02 2.959550917148590088e-02 1.928382925689220428e-02 8.887695148587226868e-03 3.291407227516174316e-02 3.707314282655715942e-02 1.272474974393844604e-02 1.065337437466951087e-05 2.645516768097877502e-03 1.904432289302349091e-02 3.225765004754066467e-02 1.100265979766845703e-02 1.842108555138111115e-02 2.447688020765781403e-02 9.409571997821331024e-03 1.520124915987253189e-02 5.174073576927185059e-02 2.347550354897975922e-02 1.454105414450168610e-02 3.953425958752632141e-02 1.077928021550178528e-02 1.161671429872512817e-02 1.649640616960823536e-03 2.060774527490139008e-02 5.377248674631118774e-02 2.221816685050725937e-03 4.624512419104576111e-02 1.431838329881429672e-02 3.411661833524703979e-02 1.627141237258911133e-02 1.286006625741720200e-02 6.172024086117744446e-02 3.290090337395668030e-02 2.811612002551555634e-02 8.398367790505290031e-04 3.848446300253272057e-03 2.689868025481700897e-02 5.365872010588645935e-02 2.896039001643657684e-02 2.063051424920558929e-02 1.922115311026573181e-02 8.165243081748485565e-03 1.194257754832506180e-02 2.778079733252525330e-02 7.881473749876022339e-03 3.923187404870986938e-02 1.352647785097360611e-02 1.396942138671875000e-02 3.736272454261779785e-02 6.760933436453342438e-03 1.757139340043067932e-02 1.233515888452529907e-02 5.730329081416130066e-03 4.054851364344358444e-03 3.183750063180923462e-02 5.044030956923961639e-03 2.617085352540016174e-02 7.355717942118644714e-03 1.250849571079015732e-02 4.795825108885765076e-02 2.511204034090042114e-02 6.599746644496917725e-02 1.324399467557668686e-02 7.799653336405754089e-03 1.292191538959741592e-02 3.508361522108316422e-03 8.026488125324249268e-03 1.487882900983095169e-02
1.610113829374313354e-01 1.007686927914619446e-01 3.308732435107231140e-02 2.484206482768058777e-02 3.073639795184135437e-02 1.052631810307502747e-01 1.341859102249145508e-01 2.888126857578754425e-02 1.410131808370351791e-02 4.595769196748733521e-02 1.386943012475967407e-01 2.162643894553184509e-02 1.143469214439392090e-01 3.861458599567413330e-02 3.720461204648017883e-02 1.072477735579013824e-02 1.051922608166933060e-02 1.073027029633522034e-02 3.511701524257659912e-02 2.963459677994251251e-02 3.041316941380500793e-02 3.639708831906318665e-02 1.693532103672623634e-03 5.071068881079554558e-04 3.108677826821804047e-02 4.062851145863533020e-02 6.700616795569658279e-03 4.784885328263044357e-03 4.317629616707563400e-03 4.533824976533651352e-03 2.355299517512321472e-02 1.880001043900847435e-03 2.855014055967330933e-03 3.374246507883071899e-02 9.349333122372627258e-03 4.496872797608375549e-02 2.874374948441982269e-02 1.045841607265174389e-03 6.026273127645254135e-03 6.263644434511661530e-03 1.099325716495513916e-02 4.284962080419063568e-03 1.924980059266090393e-02 2.279190719127655029e-02 2.867849916219711304e-02 2.615695819258689880e-02 9.501896053552627563e-02 3.334220871329307556e-02 2.186665683984756470e-02 9.605466388165950775e-03 4.182186350226402283e-02 1.686477102339267731e-02 2.332184836268424988e-02 2.721066959202289581e-02 1.955039612948894501e-02 2.083881944417953491e-02 4.801913164556026459e-03 1.523027382791042328e-02 1.665788516402244568e-02 8.586665615439414978e-03 3.379296045750379562e-03 3.887327760457992554e-02 4.956738092005252838e-03 2.945800684392452240e-02 4.918510094285011292e-02 1.826708205044269562e-02 4.496618639677762985e-03 3.261739388108253479e-02 5.649430211633443832e-03 1.620126073248684406e-03 6.674427073448896408e-03 3.964139614254236221e-03 3.217696398496627808e-02 2.566845156252384186e-03 1.549582462757825851e-02 3.190558403730392456e-02 1.676725968718528748e-02 1.792515255510807037e-02 1.244157832115888596e-02 2.936969324946403503e-02 4.124876484274864197e-02 6.588143762201070786e-03 9.646059013903141022e-03 2.788865379989147186e-02 1.367279235273599625e-02 2.790316380560398102e-02 9.837220422923564911e-03 2.134832926094532013e-02 3.641146793961524963e-02 5.316928960382938385e-03 1.324542518705129623e-02 3.572100028395652771e-02 1.095308735966682434e-02 3.276115655899047852e-02 1.118295174092054367e-02 2.567807212471961975e-02 2.943263761699199677e-02 2.697263658046722412e-02 2.949017100036144257e-03 8.422702550888061523e-03 2.870048955082893372e-02 2.521332167088985443e-02 1.358252018690109253e-02 1.218309532850980759e-02 3.033657558262348175e-02 2.682021632790565491e-02 1.412647310644388199e-02 4.013105854392051697e-02 1.459209900349378586e-02 6.248848512768745422e-02 8.394375443458557129e-03 1.110833231359720230e-02 2.080956846475601196e-02 7.269712630659341812e-03 6.192504079081118107e-04 2.054021134972572327e-02
2.284803055226802826e-02 3.308732435107231140e-02 3.159177303314208984e-02 3.812124207615852356e-02 5.196722596883773804e-02 9.709019213914871216e-03 1.209563948214054108e-02 5.224126949906349182e-02 2.346371673047542572e-02 3.594209998846054077e-02 2.866913378238677979e-02 2.632946148514747620e-02 1.891298592090606689e-02 8.837644942104816437e-03 8.340405300259590149e-03 4.058003053069114685e-02 3.934610262513160706e-02 7.935515168355777860e-05 1.554175512865185738e-03 1.732044667005538940e-02 1.755117066204547882e-02 1.006004679948091507e-02 2.490646205842494965e-02 3.979693166911602020e-03 1.315549854189157486e-02 4.580505192279815674e-02 6.430226378142833710e-03 2.182525210082530975e-02 6.130696274340152740e-03 8.388992398977279663e-03 7.661473006010055542e-03 6.108549889177083969e-03 3.448091074824333191e-02 2.312593720853328705e-02 2.920045703649520874e-02 2.955308742821216583e-02 2.553896792232990265e-02 2.452684752643108368e-02 2.316868677735328674e-02 3.079269826412200928e-02 1.157323364168405533e-02 1.722113043069839478e-02 4.289269447326660156e-02 1.432942003011703491e-01 1.830183528363704681e-02 2.141033671796321869e-02 4.729954060167074203e-03 1.910422369837760925e-02 4.964380338788032532e-02 2.681515924632549286e-02 2.050430141389369965e-02 1.385893952101469040e-02 2.329989895224571228e-02 8.531764894723892212e-02 5.653533153235912323e-03 2.899953164160251617e-02 3.922552615404129028e-02 2.943888120353221893e-02 7.951219379901885986e-02 5.783133953809738159e-02 8.579101413488388062e-03 7.800745777785778046e-03 1.953735772985965014e-04 2.555873058736324310e-02 4.950153175741434097e-03 7.811065763235092163e-03 5.782473366707563400e-03 5.846166517585515976e-03 1.945950277149677277e-02 2.161989733576774597e-02 2.495571505278348923e-03 2.531170845031738281e-02 1.313738084718352184e-05 2.689786814153194427e-02 6.134975235909223557e-03 2.207230776548385620e-02 3.310986235737800598e-02 3.424853831529617310e-02 5.672514438629150391e-02 3.925824165344238281e-02 1.967134028673171997e-01 2.113675326108932495e-01 1.035191817209124565e-04 5.810397118330001831e-02 1.022385782562196255e-03 5.051799491047859192e-02 6.833612918853759766e-02 1.392650417983531952e-03 3.484880551695823669e-02 1.652329601347446442e-02 1.445370912551879883e-02 1.549299899488687515e-02 3.789340704679489136e-02 2.931410633027553558e-02 5.528274923563003540e-03 4.077537357807159424e-02 3.932986408472061157e-02 2.279134467244148254e-02 7.879869639873504639e-02 3.107393532991409302e-02 5.862185731530189514e-03 1.707867160439491272e-02 1.649179309606552124e-02 3.378405421972274780e-02 2.804640494287014008e-02 9.563452005386352539e-02 1.827203854918479919e-02 5.385399237275123596e-02 1.487974915653467178e-02 1.301294192671775818e-02 2.239706739783287048e-02 5.249468609690666199e-03 4.872962832450866699e-02 9.713364415802061558e-04 1.962022669613361359e-02 3.253241255879402161e-02
2.758298814296722412e-02 2.484206482768058777e-02 3.812124207615852356e-02 1.190185621380805969e-01 1.287475526332855225e-01 3.030310571193695068e-02 6.007656455039978027e-02 2.342909201979637146e-02 4.914920404553413391e-02 7.679337263107299805e-02 2.885808423161506653e-02 1.533318194560706615e-03 3.278530016541481018e-02 4.700323194265365601e-02 1.236990466713905334e-02 1.075295452028512955e-02 2.224429696798324585e-02 7.428468763828277588e-02 3.508365154266357422e-02 1.643822412006556988e-03 3.225724771618843079e-02 3.891646047122776508e-04 4.149584472179412842e-02 6.668092310428619385e-02 1.544321607798337936e-02 2.447581849992275238e-02 1.914679445326328278e-02 1.675882376730442047e-02 2.600376680493354797e-02 1.676018722355365753e-02 2.990100719034671783e-02 2.797247283160686493e-02 5.752079561352729797e-02 1.927117630839347839e-02 2.330755814909934998e-03 4.220169037580490112e-02 8.994285017251968384e-03 1.021440792828798294e-02 2.469475418329238892e-01 1.088327690958976746e-01 3.892722725868225098e-02 5.884255096316337585e-02 3.242978593334555626e-03 3.528566285967826843e-02 3.585008159279823303e-02 2.186353085562586784e-03 5.298060923814773560e-02 5.060382187366485596e-03 3.385666385293006897e-02 4.711525514721870422e-02 2.061536349356174469e-02 9.551618248224258423e-03 3.390328213572502136e-02 4.393811896443367004e-02 5.540399625897407532e-02 5.130574479699134827e-02 6.204971671104431152e-02 4.807570576667785645e-02 1.147133443737402558e-04 1.498849131166934967e-02 1.336591988801956177e-01 2.453477820381522179e-03 8.017955720424652100e-02 2.458400279283523560e-02 1.124039292335510254e-02 2.362685650587081909e-02 3.006603382527828217e-02 1.171855162829160690e-02 2.103477716445922852e-02 4.165292717516422272e-03 4.082554485648870468e-03 4.401196539402008057e-02 6.551146507263183594e-02 3.453862154856324196e-03 4.099392145872116089e-02 3.450446948409080505e-02 8.546956814825534821e-03 3.563209623098373413e-02 1.049373112618923187e-02 7.816850207746028900e-03 1.345107704401016235e-02 4.646308720111846924e-03 1.321249902248382568e-01 6.080198287963867188e-02 2.656763885170221329e-03 2.987474016845226288e-02 8.450166322290897369e-03 5.325835081748664379e-04 5.360150244086980820e-03 8.609971962869167328e-03 4.687276668846607208e-03 2.155115455389022827e-02 2.496408764272928238e-03 1.953117735683917999e-02 7.327367365360260010e-02 1.123632770031690598e-02 1.198778487741947174e-02 1.753376424312591553e-02 3.866199031472206116e-02 4.417847841978073120e-02 5.286156386137008667e-02 2.478143014013767242e-02 1.204719953238964081e-02 4.048901144415140152e-03 5.539076030254364014e-02 2.220786176621913910e-02 3.560512140393257141e-02 4.548785090446472168e-02 7.732817530632019043e-02 2.332204766571521759e-02 2.737076021730899811e-03 2.721404656767845154e-02 1.805551699362695217e-03 3.216146677732467651e-02 1.687982492148876190e-02 2.759856171905994415e-02
1.196995284408330917e-02 3.073639795184135437e-02 5.196722596883773804e-02 1.287475526332855225e-01 8.808054774999618530e-02 2.203023433685302734e-02 1.628022454679012299e-02 3.416207432746887207e-02 1.180899678729474545e-03 1.276003383100032806e-02 1.918702200055122375e-02 7.301368284970521927e-03 2.393382415175437927e-02 1.689497940242290497e-02 1.198111101984977722e-02 4.644199833273887634e-02 1.630534976720809937e-02 3.802563250064849854e-02 3.704965859651565552e-02 1.343330368399620056e-02 2.328926138579845428e-02 3.998467698693275452e-02 2.632384002208709717e-02 3.009058907628059387e-02 4.080526996403932571e-03 9.641651995480060577e-03 4.902041982859373093e-03 1.411209348589181900e-02 2.028660289943218231e-02 9.429614990949630737e-03 2.665668353438377380e-02 2.362736873328685760e-02 8.886215090751647949e-02 6.425944715738296509e-02 3.842024877667427063e-02 5.447357892990112305e-02 5.255179479718208313e-03 3.498937189579010010e-02 1.236463636159896851e-01 1.339911520481109619e-01 5.869162734597921371e-03 3.070312552154064178e-02 2.434481494128704071e-02 2.747192047536373138e-02 1.891378313302993774e-02 2.605266682803630829e-02 6.885591894388198853e-02 6.481404602527618408e-02 8.399155735969543457e-02 4.587441682815551758e-02 6.162809580564498901e-02 2.935142954811453819e-03 1.510604843497276306e-02 8.864571899175643921e-02 1.199093740433454514e-02 8.350996673107147217e-02 7.301950454711914062e-02 6.693659722805023193e-02 9.963673539459705353e-03 7.417489588260650635e-02 3.004845045506954193e-02 3.185733035206794739e-02 2.747126109898090363e-02 6.275541335344314575e-02 1.860932633280754089e-02 1.452514156699180603e-02 1.063330005854368210e-02 2.219206653535366058e-02 4.655750934034585953e-03 1.737890951335430145e-02 2.878286875784397125e-02 1.560471137054264545e-03 8.600959926843643188e-02 9.791957214474678040e-03 1.126726716756820679e-01 1.514128223061561584e-02 3.759534796699881554e-03 1.253033336251974106e-02 6.838865112513303757e-03 2.485563606023788452e-02 5.093415081501007080e-02 3.130590543150901794e-02 7.718844711780548096e-02 1.522182375192642212e-01 1.864136196672916412e-02 1.301968004554510117e-02 5.222776159644126892e-02 1.895663328468799591e-02 2.574538439512252808e-02 4.104258120059967041e-02 2.074873447418212891e-02 3.381368145346641541e-02 3.082098439335823059e-02 3.322783857583999634e-02 5.228449031710624695e-02 2.686798386275768280e-02 4.321271553635597229e-02 4.519632551819086075e-03 6.104216352105140686e-02 5.092108994722366333e-02 3.134675696492195129e-02 7.104003801941871643e-03 4.295593500137329102e-02 6.825406104326248169e-02 4.290102422237396240e-02 5.369714647531509399e-02 1.589910127222537994e-02 4.452086053788661957e-03 5.365859344601631165e-02 3.280301392078399658e-02 4.789414815604686737e-03 2.213943982496857643e-03 4.631753638386726379e-02 8.716561133041977882e-04 4.096735641360282898e-02 7.078813016414642334e-02
1.024327352643013000e-01 1.052631810307502747e-01 9.709019213914871216e-03 3.030310571193695068e-02 2.203023433685302734e-02 9.487657994031906128e-02 1.683301031589508057e-01 2.976433932781219482e-02 2.774962224066257477e-02 5.764955654740333557e-02 8.695504069328308105e-02 5.901468172669410706e-02 8.823151141405105591e-02 4.963745176792144775e-02 1.810765010304749012e-03 2.848536334931850433e-02 8.844683878123760223e-03 3.792989626526832581e-02 1.720411330461502075e-02 5.668917670845985413e-03 3.895407170057296753e-02 5.910922773182392120e-03 3.993065655231475830e-02 6.196795776486396790e-02 3.488053381443023682e-02 2.392939105629920959e-02 1.288401801139116287e-02 9.656353294849395752e-02 1.621694304049015045e-02 7.479702681303024292e-02 5.932685919106006622e-03 2.166923135519027710e-02 1.732465252280235291e-02 3.067980147898197174e-02 9.333478286862373352e-03 4.877093888353556395e-04 8.005774579942226410e-03 2.180324168875813484e-03 4.640168324112892151e-02 5.116125568747520447e-03 5.034869909286499023e-02 1.747201941907405853e-02 6.933440919965505600e-03 1.753509230911731720e-02 2.331306412816047668e-02 1.778695173561573029e-02 1.275721490383148193e-01 3.491453826427459717e-02 1.696959324181079865e-02 6.975594162940979004e-02 1.003655791282653809e-02 1.409284584224224091e-02 1.817834749817848206e-02 9.282855316996574402e-03 6.685481406748294830e-03 3.240311890840530396e-02 3.448606655001640320e-02 2.618990652263164520e-02 1.816261000931262970e-02 2.190123312175273895e-02 3.835835307836532593e-02 1.924321614205837250e-02 4.983905237168073654e-04 1.861960743553936481e-03 1.413135416805744171e-02 2.827278152108192444e-02 3.272883966565132141e-02 5.817971006035804749e-02 2.964465692639350891e-02 4.494011402130126953e-02 1.289688423275947571e-02 3.124373219907283783e-02 3.493611514568328857e-02 4.499749839305877686e-02 2.050482481718063354e-02 1.797808893024921417e-02 5.596930533647537231e-02 2.134927548468112946e-02 3.398345410823822021e-02 7.905833423137664795e-02 2.040212973952293396e-02 4.494211077690124512e-02 2.940582670271396637e-02 1.938331685960292816e-02 9.083619341254234314e-03 1.051242835819721222e-02 5.076243076473474503e-03 2.267231792211532593e-02 2.552386187016963959e-02 4.375116899609565735e-03 1.651289686560630798e-02 1.675945706665515900e-03 2.903168462216854095e-02 1.175717730075120926e-02 1.616598851978778839e-02 2.018236787989735603e-03 1.472221265430562198e-05 2.032159455120563507e-02 4.511919245123863220e-02 1.180707290768623352e-02 1.825524726882576942e-03 2.068236656486988068e-02 5.274306982755661011e-02 2.685735560953617096e-02 2.899568341672420502e-02 2.163681946694850922e-02 3.114460036158561707e-02 3.244303166866302490e-02 6.539400201290845871e-03 1.759078539907932281e-02 1.257734932005405426e-02 3.746454045176506042e-02 1.654560677707195282e-03 1.449977164156734943e-03 8.877670625224709511e-04 2.307328954339027405e-02
1.022546961903572083e-01 1.341859102249145508e-01 1.209563948214054108e-02 6.007656455039978027e-02 1.628022454679012299e-02 1.683301031589508057e-01 1.123292967677116394e-01 1.822846569120883942e-02 2.959713898599147797e-02 3.204442560672760010e-03 1.321409046649932861e-01 3.439654409885406494e-02 1.314706951379776001e-01 7.121337205171585083e-02 2.288695983588695526e-02 6.688585039228200912e-03 1.647720299661159515e-02 2.924575842916965485e-02 4.975182935595512390e-02 4.479908570647239685e-02 2.367432462051510811e-03 3.847799450159072876e-02 3.404403105378150940e-02 5.729689076542854309e-02 6.489176303148269653e-02 4.268841817975044250e-02 4.957229830324649811e-03 2.954240515828132629e-02 4.841782525181770325e-02 3.154676407575607300e-02 4.388958215713500977e-02 4.906079918146133423e-02 8.933264762163162231e-04 4.740336537361145020e-02 4.271500557661056519e-02 8.940771222114562988e-03 9.755387902259826660e-03 2.006549388170242310e-02 3.438947955146431923e-03 4.792861267924308777e-02 2.211429551243782043e-02 3.714816644787788391e-02 3.746959939599037170e-02 3.782794624567031860e-02 4.654705151915550232e-02 1.738691702485084534e-02 1.527025401592254639e-01 7.708980143070220947e-02 1.994807086884975433e-02 1.480765268206596375e-02 3.625739738345146179e-02 1.417713053524494171e-02 6.876786053180694580e-02 5.228221043944358826e-02 1.402939669787883759e-02 1.438623107969760895e-02 1.249300222843885422e-02 2.431295439600944519e-02 3.237142413854598999e-02 4.641507565975189209e-02 1.036805287003517151e-02 4.893023869954049587e-04 4.249899648129940033e-03 4.437866806983947754e-02 1.988388411700725555e-02 1.781289465725421906e-02 4.831231757998466492e-02 6.049665808677673340e-02 2.789220213890075684e-02 3.854952007532119751e-02 1.643231883645057678e-02 2.925857529044151306e-02 1.713759265840053558e-02 3.231978043913841248e-02 1.678147912025451660e-02 3.588484227657318115e-02 1.138867251574993134e-02 3.658207366243004799e-03 4.090010188519954681e-03 7.007010281085968018e-02 9.319507516920566559e-03 4.225317016243934631e-02 4.105030093342065811e-03 5.086413025856018066e-02 3.083692677319049835e-02 5.496462062001228333e-02 1.647248282097280025e-03 1.128145493566989899e-02 2.162559144198894501e-02 1.136548933573067188e-03 6.811266648583114147e-04 2.191180549561977386e-02 7.551893591880798340e-02 2.121680974960327148e-02 3.690584003925323486e-02 6.998636759817600250e-03 3.549823164939880371e-02 1.344633009284734726e-02 8.284848183393478394e-03 3.730606660246849060e-02 2.084434777498245239e-02 1.436508633196353912e-02 8.778260089457035065e-03 3.710616379976272583e-02 5.646780878305435181e-02 3.708302229642868042e-02 1.365886162966489792e-02 2.751563303172588348e-02 5.180838331580162048e-02 7.307613122975453734e-05 3.911510482430458069e-02 1.458975579589605331e-02 1.779968850314617157e-02 4.678074643015861511e-02 1.499279635027050972e-03 3.934587165713310242e-02
4.411282017827033997e-03 2.888126857578754425e-02 5.224126949906349182e-02 2.342909201979637146e-02 3.416207432746887207e-02 2.976433932781219482e-02 1.822846569120883942e-02 2.314806915819644928e-02 1.415525469928979874e-02 4.700867924839258194e-03 1.044534146785736084e-02 1.642327569425106049e-02 1.969141885638237000e-02 3.340005874633789062e-02 8.372242748737335205e-02 6.919811666011810303e-02 6.250216811895370483e-02 9.668789803981781006e-03 2.208322286605834961e-03 1.068381033837795258e-02 5.547240376472473145e-02 5.438444018363952637e-02 1.913829334080219269e-02 1.840377599000930786e-02 4.445937462151050568e-03 5.577802076004445553e-04 1.390840113162994385e-02 2.765358798205852509e-02 2.560241520404815674e-02 1.047069486230611801e-02 2.301151677966117859e-02 1.155999023467302322e-02 4.319584742188453674e-02 6.230948492884635925e-03 4.739291034638881683e-04 1.172228977084159851e-01 5.164786800742149353e-02 3.669890388846397400e-02 8.811411261558532715e-02 5.626253411173820496e-02 1.318017207086086273e-02 2.250154688954353333e-02 3.108611144125461578e-02 1.135020330548286438e-02 5.331124179065227509e-03 9.625286911614239216e-04 3.412083536386489868e-02 6.159305572509765625e-03 1.571173407137393951e-02 3.294040216132998466e-03 3.639160469174385071e-02 2.053670771420001984e-02 2.333141118288040161e-02 6.103537976741790771e-02 3.725415468215942383e-02 3.177782520651817322e-03 2.610568143427371979e-02 6.862074602395296097e-03 8.612750098109245300e-03 4.368792846798896790e-02 3.637850657105445862e-02 3.487203642725944519e-02 3.733592107892036438e-02 1.324620656669139862e-02 1.881220750510692596e-02 4.429080709815025330e-02 1.299317739903926849e-02 8.100064471364021301e-03 2.743548341095447540e-02 1.324321143329143524e-02 2.522890269756317139e-02 3.144143614917993546e-03 3.792655840516090393e-02 1.386993844062089920e-02 3.313600644469261169e-02 7.833156734704971313e-03 5.190170835703611374e-03 3.390418738126754761e-02 3.671399131417274475e-02 4.577808454632759094e-02 5.770493298768997192e-02 4.216493666172027588e-02 3.399612009525299072e-02 4.896818194538354874e-03 9.198809973895549774e-03 2.197525277733802795e-02 5.640541762113571167e-02 8.421495556831359863e-02 1.318239886313676834e-02 1.623532176017761230e-02 1.231211423873901367e-02 3.615196049213409424e-02 9.966338984668254852e-03 3.023093938827514648e-02 1.998740248382091522e-02 3.045659698545932770e-02 2.034684829413890839e-02 1.017041690647602081e-02 4.304859042167663574e-02 1.450857240706682205e-02 3.979009017348289490e-02 5.640039965510368347e-02 1.802244223654270172e-02 8.695197291672229767e-03 4.297060891985893250e-02 5.089728161692619324e-03 1.621705479919910431e-02 4.477258771657943726e-02 2.350061573088169098e-02 4.181764274835586548e-02 4.150608927011489868e-02 1.254469156265258789e-02 2.510308101773262024e-02 4.150016233325004578e-03 5.843913182616233826e-02 1.166079379618167877e-02
1.886884681880474091e-02 1.410131808370351791e-02 2.346371673047542572e-02 4.914920404553413391e-02 1.180899678729474545e-03 2.774962224066257477e-02 2.959713898599147797e-02 1.415525469928979874e-02 4.435449838638305664e-02 1.050986945629119873e-01 1.855237223207950592e-02 2.896729670464992523e-02 2.911980962380766869e-03 9.808799251914024353e-03 3.770095109939575195e-02 4.097218438982963562e-02 1.253974769497290254e-04 1.026163250207901001e-02 6.544940173625946045e-02 3.535748273134231567e-02 3.475189954042434692e-02 3.435979597270488739e-04 4.208682850003242493e-02 3.211050108075141907e-02 6.236344203352928162e-02 6.086898595094680786e-02 2.074497938156127930e-02 1.103906705975532532e-02 2.344271354377269745e-02 2.632198855280876160e-02 2.964388579130172729e-02 8.759318292140960693e-02 2.412608265876770020e-02 7.116077840328216553e-02 1.007092650979757309e-02 3.953103721141815186e-02 1.316301058977842331e-02 3.064954653382301331e-02 5.909612774848937988e-02 6.330427527427673340e-02 1.811705529689788818e-02 7.863231748342514038e-02 5.453598126769065857e-02 3.882687911391258240e-02 2.618462778627872467e-02 9.508558548986911774e-03 4.605761170387268066e-02 3.200016170740127563e-02 1.359422951936721802e-01 3.854722529649734497e-02 7.175567746162414551e-02 5.979162827134132385e-02 4.663330689072608948e-02 1.303696539252996445e-02 1.576659530401229858e-01 5.921326205134391785e-02 4.375723376870155334e-02 3.287718445062637329e-02 3.775946423411369324e-02 4.159172240179032087e-04 4.307515546679496765e-02 4.015342146158218384e-02 6.385397911071777344e-02 4.794854670763015747e-02 2.650460414588451385e-02 2.329389750957489014e-02 1.823665201663970947e-02 5.363798514008522034e-02 8.948259800672531128e-02 3.762800619006156921e-02 1.036794669926166534e-02 7.135879993438720703e-02 1.022490113973617554e-02 4.019559547305107117e-02 2.426279522478580475e-02 6.148753315210342407e-02 1.759799867868423462e-01 4.655124247074127197e-02 2.871957421302795410e-02 1.441393140703439713e-02 1.051464583724737167e-02 8.275477215647697449e-03 8.457832038402557373e-02 3.251268342137336731e-02 1.041657291352748871e-02 7.349394727498292923e-03 1.006982196122407913e-02 2.344964817166328430e-02 8.395233005285263062e-02 7.836627215147018433e-02 3.637314587831497192e-02 3.548981249332427979e-02 8.907419629395008087e-03 7.318527251482009888e-02 2.542318031191825867e-02 2.157719619572162628e-02 3.560334071516990662e-02 1.191894337534904480e-01 1.540083736181259155e-01 6.556849926710128784e-02 2.032101340591907501e-02 4.015538841485977173e-02 4.963201656937599182e-02 2.380679070483893156e-04 7.493080943822860718e-02 1.262021344155073166e-02 5.430063232779502869e-02 1.330438721925020218e-02 5.881603434681892395e-02 2.425767853856086731e-02 3.282208368182182312e-02 7.569180801510810852e-03 2.821111306548118591e-02 3.490238264203071594e-02 4.620891436934471130e-02 4.688793420791625977e-02
3.384663164615631104e-02 4.595769196748733521e-02 3.594209998846054077e-02 7.679337263107299805e-02 1.276003383100032806e-02 5.764955654740333557e-02 3.204442560672760010e-03 4.700867924839258194e-03 1.050986945629119873e-01 8.259279280900955200e-02 5.559564009308815002e-02 5.437734723091125488e-02 8.131458424031734467e-03 3.244158625602722168e-02 5.721186101436614990e-02 5.007792264223098755e-02 2.835844270884990692e-02 4.934669472277164459e-03 2.203067094087600708e-01 1.632092893123626709e-02 8.370362222194671631e-02 9.179238229990005493e-03 2.684692107141017914e-02 2.079603970050811768e-01 3.083632327616214752e-02 2.160912007093429565e-02 2.835018560290336609e-02 2.702001482248306274e-02 7.940896786749362946e-03 1.057372055947780609e-02 3.148382529616355896e-02 9.177000075578689575e-02 5.624432861804962158e-02 3.210441395640373230e-02 8.618050813674926758e-02 1.848710817284882069e-03 6.909651216119527817e-03 1.841647922992706299e-02 4.794260114431381226e-02 6.226227059960365295e-02 6.940711755305528641e-03 1.084268093109130859e-02 1.476460229605436325e-02 3.793075308203697205e-02 4.206947237253189087e-02 9.174533188343048096e-02 1.355034019798040390e-02 6.476211827248334885e-03 5.806783214211463928e-02 1.428939551115036011e-01 7.694867905229330063e-03 2.475245669484138489e-02 7.123309373855590820e-02 5.443059280514717102e-02 9.106073528528213501e-02 1.510155797004699707e-01 1.474703289568424225e-02 5.786958336830139160e-02 3.552377969026565552e-02 6.729961186647415161e-02 1.005537286400794983e-01 7.002929598093032837e-02 7.079683244228363037e-02 4.156444221735000610e-03 2.936740778386592865e-02 3.032859601080417633e-02 1.073550712317228317e-02 4.229797050356864929e-02 1.170521229505538940e-02 9.563801437616348267e-02 1.220484077930450439e-01 2.454406768083572388e-02 3.047139197587966919e-02 9.117677807807922363e-02 2.536210790276527405e-02 1.169216819107532501e-02 1.000240817666053772e-02 1.178102642297744751e-01 1.381306326948106289e-03 1.764467954635620117e-01 1.570091769099235535e-02 2.712268754839897156e-02 6.151827052235603333e-02 1.305547505617141724e-01 4.219040274620056152e-03 2.173260971903800964e-02 5.290283821523189545e-03 4.158945754170417786e-02 8.046807348728179932e-02 6.148577481508255005e-02 2.974172309041023254e-02 8.415358141064643860e-03 3.062306344509124756e-02 1.216783374547958374e-02 6.115158647298812866e-02 3.482375293970108032e-02 9.735068678855895996e-02 4.336591437458992004e-02 2.677039429545402527e-02 4.541076719760894775e-02 3.420791774988174438e-02 4.970151558518409729e-02 4.884460940957069397e-02 3.484484553337097168e-02 2.910362556576728821e-02 3.728557378053665161e-02 2.512333169579505920e-02 2.056968212127685547e-02 4.065917432308197021e-02 6.507676094770431519e-02 6.112797558307647705e-02 1.785927824676036835e-02 3.765448182821273804e-02 6.231529265642166138e-02 7.029461208730936050e-03 2.838663291186094284e-03
1.235961914062500000e-01 1.386943012475967407e-01 2.866913378238677979e-02 2.885808423161506653e-02 1.918702200055122375e-02 8.695504069328308105e-02 1.321409046649932861e-01 1.044534146785736084e-02 1.855237223207950592e-02 5.559564009308815002e-02 1.058973968029022217e-01 1.478180475533008575e-02 1.215346008539199829e-01 2.530102059245109558e-02 3.999043628573417664e-02 9.783320128917694092e-04 5.573147907853126526e-03 2.007342875003814697e-03 3.040586598217487335e-02 3.013595938682556152e-02 1.680599339306354523e-02 3.552703931927680969e-02 1.093148905783891678e-02 3.639758331701159477e-03 3.177217021584510803e-02 4.947827756404876709e-02 5.834935232996940613e-03 9.249350987374782562e-03 1.658939640037715435e-03 4.122210084460675716e-04 7.464225403964519501e-03 9.236309677362442017e-03 2.702689915895462036e-02 5.093174986541271210e-03 2.752320142462849617e-03 1.888275891542434692e-02 2.946692705154418945e-02 7.531347218900918961e-04 6.975840777158737183e-03 5.252668634057044983e-03 2.217476069927215576e-02 8.099383674561977386e-03 4.619122482836246490e-03 2.906415797770023346e-02 2.319264784455299377e-02 1.112843863666057587e-02 1.045090407133102417e-01 2.812688238918781281e-02 1.040263380855321884e-02 1.763815991580486298e-03 1.523655559867620468e-02 7.570445537567138672e-03 1.835555210709571838e-02 3.103824332356452942e-02 4.304731264710426331e-02 6.884132977575063705e-03 1.023243460804224014e-02 1.621575647732242942e-04 2.949043177068233490e-02 1.866175234317779541e-02 1.759205013513565063e-02 2.340525761246681213e-02 7.164473645389080048e-03 2.035990171134471893e-02 6.763262301683425903e-02 3.764787688851356506e-02 1.275936607271432877e-02 2.962171472609043121e-02 9.700772352516651154e-03 1.158832479268312454e-02 3.925388213247060776e-03 6.997767370194196701e-03 4.976259544491767883e-03 1.608584262430667877e-02 1.049943850375711918e-03 3.850716352462768555e-02 8.299901150166988373e-03 3.354996070265769958e-02 3.799004852771759033e-02 6.052054092288017273e-02 3.603351488709449768e-02 1.037498563528060913e-02 8.170673623681068420e-03 1.521783135831356049e-02 1.834908872842788696e-02 4.520323127508163452e-03 4.387143254280090332e-02 4.803975299000740051e-02 2.245211042463779449e-02 4.880367778241634369e-03 2.417671494185924530e-02 4.707152023911476135e-02 2.296726964414119720e-02 4.605413228273391724e-02 1.375757064670324326e-02 3.475696593523025513e-02 2.539422363042831421e-02 2.617672551423311234e-03 1.837771199643611908e-02 2.958127669990062714e-02 5.739512853324413300e-03 2.383740385994315147e-03 2.201641723513603210e-02 3.087784349918365479e-02 1.020672544836997986e-02 3.671133890748023987e-02 1.812984794378280640e-02 4.588578268885612488e-02 9.067424573004245758e-03 8.598623424768447876e-02 1.219643186777830124e-02 1.055425684899091721e-02 2.147931605577468872e-02 9.327568113803863525e-03 1.740180305205285549e-04 1.369064953178167343e-02
3.003866970539093018e-02 2.162643894553184509e-02 2.632946148514747620e-02 1.533318194560706615e-03 7.301368284970521927e-03 5.901468172669410706e-02 3.439654409885406494e-02 1.642327569425106049e-02 2.896729670464992523e-02 5.437734723091125488e-02 1.478180475533008575e-02 8.976799249649047852e-02 1.218041311949491501e-02 1.531239449977874756e-01 3.966670110821723938e-02 2.340612001717090607e-03 1.376505824737250805e-03 1.289649680256843567e-02 2.108155936002731323e-02 9.566590189933776855e-03 3.380988538265228271e-02 2.494312357157468796e-04 9.114154428243637085e-02 5.979079380631446838e-02 2.182160690426826477e-02 7.227915525436401367e-02 1.012169988825917244e-03 1.184186935424804688e-01 1.742033846676349640e-02 9.421415627002716064e-02 7.178273517638444901e-03 2.192679047584533691e-02 4.883253946900367737e-03 2.414835989475250244e-02 3.446457535028457642e-02 2.767074294388294220e-02 1.210811734199523926e-02 1.069391891360282898e-02 7.881351746618747711e-03 4.104464780539274216e-03 3.734007477760314941e-03 4.067464545369148254e-02 1.104349736124277115e-02 2.539844065904617310e-02 6.757407635450363159e-02 1.497490797191858292e-02 2.091605449095368385e-03 4.802281502634286880e-03 2.286437526345252991e-02 1.219599507749080658e-02 3.253171965479850769e-02 2.709532529115676880e-02 1.247915532439947128e-02 2.620912715792655945e-02 4.687304422259330750e-02 1.594072021543979645e-02 3.745792806148529053e-02 2.181718684732913971e-02 1.264390768483281136e-03 8.262071758508682251e-03 4.773630946874618530e-02 3.362249955534934998e-02 1.267879083752632141e-02 6.044632941484451294e-02 3.398484783247113228e-03 3.611864894628524780e-02 4.033563286066055298e-02 1.712772995233535767e-02 1.412449404597282410e-02 2.403492853045463562e-02 2.259423397481441498e-02 1.720464229583740234e-02 3.565719351172447205e-02 4.184795171022415161e-02 4.128652811050415039e-02 2.935565449297428131e-02 1.855520717799663544e-02 2.889277786016464233e-02 2.965198457241058350e-02 1.612997427582740784e-02 2.116608247160911560e-02 4.492830485105514526e-03 9.901875630021095276e-03 1.947329007089138031e-02 5.130870267748832703e-02 4.221998155117034912e-02 1.062002591788768768e-02 1.448623090982437134e-02 1.024866178631782532e-01 9.000784158706665039e-02 2.216266281902790070e-02 9.335855953395366669e-03 2.944756112992763519e-02 1.121239364147186279e-02 1.056945789605379105e-02 4.063239693641662598e-02 4.442425444722175598e-03 3.999517858028411865e-02 4.127928055822849274e-03 3.390721231698989868e-02 1.743271388113498688e-02 3.022566810250282288e-02 1.835661008954048157e-02 2.248783782124519348e-02 2.596119232475757599e-02 7.682841271162033081e-03 2.045375294983386993e-02 1.230174582451581955e-02 4.607040435075759888e-02 2.832522429525852203e-02 4.370478168129920959e-02 1.959342882037162781e-02 4.330696538090705872e-03 2.697666548192501068e-02 1.050206646323204041e-02 1.557276467792689800e-03
1.006968617439270020e-01 1.143469214439392090e-01 1.891298592090606689e-02 3.278530016541481018e-02 2.393382415175437927e-02 8.823151141405105591e-02 1.314706951379776001e-01 1.969141885638237000e-02 2.911980962380766869e-03 8.131458424031734467e-03 1.215346008539199829e-01 1.218041311949491501e-02 9.722010791301727295e-02 3.640916943550109863e-02 4.319479316473007202e-02 1.626343932002782822e-03 8.558360859751701355e-03 3.426037356257438660e-02 9.179989807307720184e-03 6.801591068506240845e-02 2.745662443339824677e-02 5.130317807197570801e-02 2.957698889076709747e-02 2.225153334438800812e-02 5.714973062276840210e-02 3.188102692365646362e-02 2.103119716048240662e-02 1.849945262074470520e-02 2.394931577146053314e-02 5.167944356799125671e-03 2.227164059877395630e-02 1.065156701952219009e-02 1.767042651772499084e-02 6.916865240782499313e-03 8.140443824231624603e-03 4.730074666440486908e-03 2.860389836132526398e-02 2.043691463768482208e-02 3.774805692955851555e-03 8.292305283248424530e-03 1.763565093278884888e-02 6.346496753394603729e-03 1.832489296793937683e-02 2.530584670603275299e-02 5.160011351108551025e-02 4.061629623174667358e-02 7.832347601652145386e-02 3.250871226191520691e-02 1.756266131997108459e-02 5.021941848099231720e-03 1.384528353810310364e-03 2.260868437588214874e-02 4.760006070137023926e-02 2.497250214219093323e-02 3.448052331805229187e-02 4.218285903334617615e-03 2.632590197026729584e-02 1.705632545053958893e-02 6.781263649463653564e-02 5.802307277917861938e-02 1.297715399414300919e-02 7.943309843540191650e-03 1.076113246381282806e-02 2.371227741241455078e-02 6.702633202075958252e-02 5.520404130220413208e-02 1.246771542355418205e-03 3.944212943315505981e-02 8.355794474482536316e-03 7.271836511790752411e-03 7.980073802173137665e-03 8.743177168071269989e-03 5.076427478343248367e-03 2.200856804847717285e-02 1.814790628850460052e-02 4.738701879978179932e-02 5.994874052703380585e-03 6.377944257110357285e-03 3.202536329627037048e-02 6.949788890779018402e-03 1.500270422548055649e-02 1.785158179700374603e-02 6.796348374336957932e-03 5.543445702642202377e-03 2.927771070972084999e-03 1.325605530291795731e-02 4.361650347709655762e-02 6.188591569662094116e-02 7.456099148839712143e-03 1.557624991983175278e-02 7.714125327765941620e-03 3.930478543043136597e-02 2.054517157375812531e-02 4.769721999764442444e-02 5.888980813324451447e-03 2.349998801946640015e-03 6.339148385450243950e-04 1.264532655477523804e-02 1.420052442699670792e-02 1.569001376628875732e-02 1.319499872624874115e-02 4.116655793040990829e-03 1.086807623505592346e-02 2.143239043653011322e-02 6.676177680492401123e-02 2.966038137674331665e-02 2.308765985071659088e-02 2.448202809318900108e-03 1.420708280056715012e-02 4.515869170427322388e-02 5.862703081220388412e-03 3.483469039201736450e-02 5.335694644600152969e-03 2.031829766929149628e-02 1.861142739653587341e-02 4.310166463255882263e-03
