9.712860733270645142e-02 4.032326042652130127e-01 3.531305491924285889e-02 1.089654956012964249e-02 1.202044486999511719e-01 1.282445937395095825e-01 1.083910018205642700e-01 5.159335583448410034e-02 4.360053315758705139e-02 1.442342437803745270e-02 7.267758995294570923e-02 1.007058005779981613e-02 3.201695904135704041e-02 2.553256042301654816e-02 1.433036010712385178e-02 2.111572213470935822e-02 1.874991692602634430e-02 8.988601155579090118e-03 5.079860240221023560e-02 5.245169252157211304e-02 4.113848134875297546e-02 4.571638256311416626e-02 3.202906250953674316e-02 6.276415660977363586e-03 4.849037155508995056e-02 1.941712200641632080e-02 2.025531232357025146e-02 3.633014392107725143e-03 1.501700282096862793e-02 4.348728805780410767e-02 5.858322978019714355e-02 3.646628558635711670e-02 4.932637140154838562e-02 2.036654762923717499e-02 4.333713650703430176e-02 7.979775778949260712e-03 4.842823371291160583e-03 3.202412975952029228e-03 1.715825498104095459e-02 4.996459558606147766e-02 6.709802895784378052e-02 3.726299852132797241e-02 4.195173829793930054e-02 9.797614067792892456e-02 2.027224376797676086e-02 2.137169055640697479e-02 1.405574977397918701e-01 3.291562199592590332e-02 1.973759382963180542e-02 1.193219572305679321e-01 2.972634974867105484e-03 9.682809561491012573e-02 5.135164037346839905e-02 3.248877078294754028e-02 6.190458312630653381e-03 3.057168796658515930e-02 9.275706112384796143e-02 1.387180387973785400e-01 2.192439138889312744e-02 4.746881127357482910e-02 1.580217108130455017e-02 3.670484200119972229e-02 4.923171363770961761e-03 4.170760884881019592e-02 6.009137257933616638e-02 3.312876075506210327e-02 6.968303769826889038e-02 3.875399008393287659e-02 1.199136953800916672e-02 2.721087075769901276e-02 3.441025316715240479e-02 2.792808040976524353e-02 3.137861937284469604e-02 2.598976157605648041e-02 5.830893293023109436e-02 7.672967389225959778e-03 1.196804922074079514e-02 1.370768714696168900e-02 6.017470732331275940e-02 4.217158537358045578e-03 3.985047712922096252e-02 1.078092213720083237e-02 2.055456861853599548e-02 2.111042663455009460e-02 1.398390084505081177e-01 1.397059857845306396e-01 2.433732338249683380e-02 2.836607955396175385e-02 6.072829291224479675e-02 4.405346512794494629e-02 1.523886620998382568e-02 4.584543779492378235e-02 4.476594552397727966e-02 5.060023069381713867e-02 1.039153616875410080e-02 4.088518396019935608e-02 2.114390768110752106e-02 4.598574712872505188e-02 2.950172871351242065e-02 3.729244321584701538e-02 4.917373508214950562e-02 1.651417836546897888e-02 4.596906900405883789e-02 1.516726333647966385e-03 4.800671339035034180e-02 6.259993463754653931e-02 3.466332703828811646e-02 4.541774839162826538e-02 1.195058599114418030e-02 6.182962656021118164e-02 9.745624265633523464e-04 2.823367947712540627e-03 1.677802205085754395e-02 3.546347841620445251e-02 4.683171212673187256e-02 7.027513813227415085e-03
4.032326042652130127e-01 8.188197016716003418e-02 4.096572753041982651e-03 2.447878383100032806e-02 9.982702881097793579e-02 8.142254501581192017e-02 9.570647776126861572e-02 1.410265685990452766e-03 2.128540351986885071e-02 2.383707091212272644e-02 3.417394310235977173e-02 1.086846832185983658e-02 2.770943939685821533e-02 3.130051121115684509e-02 2.369756437838077545e-02 9.504196234047412872e-03 1.355608366429805756e-02 4.230545088648796082e-02 5.743140727281570435e-02 5.121271684765815735e-02 4.333975538611412048e-02 1.288970839232206345e-02 1.460902392864227295e-02 1.285827439278364182e-02 4.381426423788070679e-02 2.650197409093379974e-02 1.364733092486858368e-02 3.992583975195884705e-02 4.277267679572105408e-02 5.280892364680767059e-03 6.836325675249099731e-02 2.889995463192462921e-03 1.343264337629079819e-02 1.573743112385272980e-02 4.592799022793769836e-02 2.381801232695579529e-02 5.583244375884532928e-03 2.482886426150798798e-02 1.162473112344741821e-02 5.769272800534963608e-03 2.405719086527824402e-02 8.983670920133590698e-02 1.477960776537656784e-02 8.955951780080795288e-02 2.271594665944576263e-02 2.295398525893688202e-02 9.205305576324462891e-02 4.307702928781509399e-02 2.321116160601377487e-03 3.701553121209144592e-02 5.465372814796864986e-04 4.695752635598182678e-02 5.888394266366958618e-02 4.709672927856445312e-02 1.316792983561754227e-02 1.300962083041667938e-02 2.568369172513484955e-02 8.732446283102035522e-02 3.069732524454593658e-02 5.903404578566551208e-02 2.503230608999729156e-02 1.598337665200233459e-02 4.486192483454942703e-03 4.340829327702522278e-02 6.223290786147117615e-02 1.186836883425712585e-02 6.001386791467666626e-02 3.387334570288658142e-02 4.338099807500839233e-02 2.833451144397258759e-02 3.134389966726303101e-02 1.691935397684574127e-02 1.302889827638864517e-02 1.215771492570638657e-02 4.576795175671577454e-02 2.253374271094799042e-02 9.917384944856166840e-03 3.653258457779884338e-02 8.365333825349807739e-02 1.568897813558578491e-02 2.040139771997928619e-02 1.008453872054815292e-02 2.465625107288360596e-02 3.764314204454421997e-02 1.393614560365676880e-01 1.492972373962402344e-01 2.047630958259105682e-02 2.637252770364284515e-02 2.221953589469194412e-03 1.146855764091014862e-02 1.687840186059474945e-02 2.751681953668594360e-02 1.702181808650493622e-02 3.017639555037021637e-02 5.248866509646177292e-03 5.109842121601104736e-02 2.179360017180442810e-02 1.557068713009357452e-02 2.416676841676235199e-02 2.871992066502571106e-02 7.297888398170471191e-03 1.439557503908872604e-02 2.077657170593738556e-02 2.074874464597087353e-05 1.462739892303943634e-02 4.475969821214675903e-02 8.910934627056121826e-02 5.769806355237960815e-02 6.825333833694458008e-02 2.231626026332378387e-02 6.668451707810163498e-03 1.569932559505105019e-03 1.194037776440382004e-02 5.333229899406433105e-02 2.342148870229721069e-02 4.854815080761909485e-02
3.531305491924285889e-02 4.096572753041982651e-03 1.822636090219020844e-02 1.466343365609645844e-02 3.399365348741412163e-03 3.510874882340431213e-02 2.251185849308967590e-02 1.309990137815475464e-01 6.560649257153272629e-03 3.704736009240150452e-02 3.470581397414207458e-02 5.280840024352073669e-02 2.101875282824039459e-02 7.558613270521163940e-02 1.219265069812536240e-02 3.465620428323745728e-02 6.318426690995693207e-03 1.592089422047138214e-02 9.508644789457321167e-02 4.809513047803193331e-04 3.055513091385364532e-02 1.281427405774593353e-02 2.191172447055578232e-03 1.855823094956576824e-03 2.923068776726722717e-02 7.073038816452026367e-02 3.460878739133477211e-03 3.391641750931739807e-02 1.729094982147216797e-02 6.792017724364995956e-03 5.590486153960227966e-02 1.838115416467189789e-02 4.170939698815345764e-02 5.224878713488578796e-02 5.615627393126487732e-03 4.217026010155677795e-02 6.894015520811080933e-02 2.486763149499893188e-02 4.717115685343742371e-02 1.016598660498857498e-02 1.112151611596345901e-02 4.295841604471206665e-02 3.112877160310745239e-02 1.924586296081542969e-02 3.465585038065910339e-02 6.601053755730390549e-03 3.312247991561889648e-02 2.157986909151077271e-02 1.465693023055791855e-02 2.910421229898929596e-02 2.504749596118927002e-02 3.183854743838310242e-02 1.784685812890529633e-02 1.910436153411865234e-02 2.306257933378219604e-02 2.665657736361026764e-02 4.894875921308994293e-03 4.683892428874969482e-02 2.884249575436115265e-02 3.657511621713638306e-02 2.638993225991725922e-02 4.648219421505928040e-02 1.147037744522094727e-02 3.265494108200073242e-02 4.938407242298126221e-02 2.180724777281284332e-02 1.288385689258575439e-02 4.342947900295257568e-02 4.151686653494834900e-02 3.146124258637428284e-02 1.083458680659532547e-02 2.137774042785167694e-02 3.707691654562950134e-02 5.173348821699619293e-03 2.167076244950294495e-02 1.051232814788818359e-01 2.284329570829868317e-02 2.725386060774326324e-02 4.302022978663444519e-02 6.185293942689895630e-02 1.476826071739196777e-01 1.009308695793151855e-01 2.882103063166141510e-02 6.358878221362829208e-03 9.794569574296474457e-03 6.417400203645229340e-03 5.546144768595695496e-02 8.484709262847900391e-02 4.174794629216194153e-02 4.977280646562576294e-02 6.577238440513610840e-02 2.821850031614303589e-02 6.490606814622879028e-03 3.660310059785842896e-02 4.298786818981170654e-02 1.346526388078927994e-02 6.210232153534889221e-02 6.522996723651885986e-02 2.579540573060512543e-02 1.420607324689626694e-02 4.391461238265037537e-02 5.926897376775741577e-02 3.976168856024742126e-02 2.028536982834339142e-02 2.607796806842088699e-03 2.202566899359226227e-02 1.568385772407054901e-02 1.542652584612369537e-02 2.665468677878379822e-02 2.662128768861293793e-02 1.424689777195453644e-02 2.422947436571121216e-02 7.392507791519165039e-02 5.333182401955127716e-03 8.686736971139907837e-02 5.264906957745552063e-02
1.089654956012964249e-02 2.447878383100032806e-02 1.466343365609645844e-02 8.905554562807083130e-02 1.749058812856674194e-01 2.283728681504726410e-02 1.514032296836376190e-02 3.302039112895727158e-03 1.643075607717037201e-02 1.315089873969554901e-02 3.049423359334468842e-02 1.867536082863807678e-02 1.774620264768600464e-02 2.359952311962842941e-03 3.529164567589759827e-02 6.012133881449699402e-02 6.145768566057085991e-04 2.752905245870351791e-03 4.080577567219734192e-02 1.077550277113914490e-01 1.897975057363510132e-02 3.932112082839012146e-02 5.090869218111038208e-02 6.815806031227111816e-02 1.699074544012546539e-02 3.554687276482582092e-02 7.486168033210560679e-05 4.629794508218765259e-02 2.612277120351791382e-02 2.521147578954696655e-02 4.444615170359611511e-02 4.986921325325965881e-03 6.238159537315368652e-02 3.853118792176246643e-02 1.286177802830934525e-02 3.230725228786468506e-02 1.463466696441173553e-02 1.262086443603038788e-02 9.870626777410507202e-02 9.447138756513595581e-02 4.549188539385795593e-02 1.226841751486063004e-02 5.350579693913459778e-02 1.850197277963161469e-02 5.282686278223991394e-02 3.781166300177574158e-02 1.062845345586538315e-02 2.177374903112649918e-03 2.871583402156829834e-02 3.921996802091598511e-02 1.985054090619087219e-02 1.631326973438262939e-02 3.026117570698261261e-03 6.432472728192806244e-03 3.931428492069244385e-02 2.472460642457008362e-02 7.766347378492355347e-02 1.904729008674621582e-02 2.060611732304096222e-02 1.049139257520437241e-02 1.158177629113197327e-01 5.919134616851806641e-02 3.463878110051155090e-02 1.933359168469905853e-02 4.677184298634529114e-02 2.722643315792083740e-02 3.957654908299446106e-02 3.573552891612052917e-02 7.566537708044052124e-02 4.320765379816293716e-03 6.342016905546188354e-02 1.598549634218215942e-02 1.633617430925369263e-01 1.381989661604166031e-02 6.576392799615859985e-02 3.277397900819778442e-02 7.508870959281921387e-02 2.862451970577239990e-02 5.261192098259925842e-02 7.557089626789093018e-02 5.232254261500202119e-05 1.564397290349006653e-02 1.241488084197044373e-01 5.949769169092178345e-02 1.513413968496024609e-03 1.176451053470373154e-02 1.057779230177402496e-02 2.401325292885303497e-02 2.488143555819988251e-02 6.924373656511306763e-02 4.250788316130638123e-02 3.848129510879516602e-02 5.895008333027362823e-03 2.962816134095191956e-02 2.351419068872928619e-03 3.049985319375991821e-02 4.241294041275978088e-02 4.282633587718009949e-02 2.233784645795822144e-02 2.668606489896774292e-02 4.297066945582628250e-03 1.821924373507499695e-02 1.065085176378488541e-02 4.455147683620452881e-02 3.636918962001800537e-02 4.941865056753158569e-02 4.467112376005388796e-05 1.102321818470954895e-01 9.091885760426521301e-03 1.272774636745452881e-01 1.933411322534084320e-02 3.257419541478157043e-02 1.685361750423908234e-02 3.060762770473957062e-02 1.864017732441425323e-02 1.151884812861680984e-02
1.202044486999511719e-01 9.982702881097793579e-02 3.399365348741412163e-03 1.749058812856674194e-01 1.231722459197044373e-01 5.178500711917877197e-02 3.031509742140769958e-02 6.801679730415344238e-03 4.037413373589515686e-02 9.841676801443099976e-03 2.952805720269680023e-03 2.833572402596473694e-02 4.842368513345718384e-02 5.265744403004646301e-02 3.324792906641960144e-02 5.466983467340469360e-02 1.179080270230770111e-02 5.833551287651062012e-02 1.751079857349395752e-01 5.710870772600173950e-02 6.567613687366247177e-03 7.635398069396615028e-04 6.850918382406234741e-02 1.639030128717422485e-02 2.800476970151066780e-03 6.281185895204544067e-02 1.774576259776949883e-03 7.617227733135223389e-02 6.617334671318531036e-03 9.665840864181518555e-02 4.343381524085998535e-02 4.100063815712928772e-02 6.261780112981796265e-02 5.112223327159881592e-02 8.694380521774291992e-02 8.894007652997970581e-03 3.330451669171452522e-03 7.472005207091569901e-03 9.281852096319198608e-02 1.576579213142395020e-01 1.167010664939880371e-01 3.817570209503173828e-02 6.170786544680595398e-02 1.666507273912429810e-01 9.049522131681442261e-02 5.571150220930576324e-03 9.044026955962181091e-03 1.923605985939502716e-02 7.861061953008174896e-03 6.343343853950500488e-02 6.909826397895812988e-02 2.746667340397834778e-02 3.041805140674114227e-02 3.416312485933303833e-02 5.625599995255470276e-02 3.161147609353065491e-02 7.938639819622039795e-02 5.229554697871208191e-02 1.604841835796833038e-02 3.887397050857543945e-02 6.229763105511665344e-02 2.471134252846240997e-02 6.752719730138778687e-02 4.586786404252052307e-02 3.944211639463901520e-03 2.096615731716156006e-02 2.071081474423408508e-02 1.569332554936408997e-02 1.955815032124519348e-02 2.419931814074516296e-02 5.216329544782638550e-02 1.138744875788688660e-02 8.163805305957794189e-02 5.839520599693059921e-03 5.102458968758583069e-02 3.059509210288524628e-02 9.208901319652795792e-04 1.740639284253120422e-02 2.972070593386888504e-03 3.011213615536689758e-02 3.408852964639663696e-02 1.352773047983646393e-02 1.615265011787414551e-01 1.968875676393508911e-01 4.055659845471382141e-02 4.686436429619789124e-02 2.291163243353366852e-02 3.134746477007865906e-02 4.949275869876146317e-03 4.716568440198898315e-02 4.993973672389984131e-02 3.183388710021972656e-02 1.779376529157161713e-02 2.777435816824436188e-02 2.091354876756668091e-02 2.664747461676597595e-02 5.352279171347618103e-02 4.735526815056800842e-02 1.890809088945388794e-02 1.371184363961219788e-02 1.874492131173610687e-02 2.914852276444435120e-02 2.749479934573173523e-02 7.458969950675964355e-02 3.556645009666681290e-03 1.294723618775606155e-02 4.936009645462036133e-02 1.123437955975532532e-01 2.814310230314731598e-02 3.954763337969779968e-02 4.515510052442550659e-02 1.084019988775253296e-02 7.961010123835876584e-05 3.328093513846397400e-02 7.032090425491333008e-02 2.838458493351936340e-02
1.282445937395095825e-01 8.142254501581192017e-02 3.510874882340431213e-02 2.283728681504726410e-02 5.178500711917877197e-02 6.286806613206863403e-02 1.381499320268630981e-01 4.203959554433822632e-02 8.033011108636856079e-02 3.050478547811508179e-02 7.837659865617752075e-02 1.093679293990135193e-01 9.985727071762084961e-02 4.353608563542366028e-02 7.006869651377201080e-03 2.065530605614185333e-02 3.850639984011650085e-02 3.398679569363594055e-02 2.046788809821009636e-03 1.929398998618125916e-02 5.301891267299652100e-02 2.501919399946928024e-03 5.889059975743293762e-02 3.102964721620082855e-03 2.772732451558113098e-02 3.101045265793800354e-02 1.136082690209150314e-02 8.248093654401600361e-04 2.361092250794172287e-03 8.513323962688446045e-03 7.393155246973037720e-02 1.429637800902128220e-02 2.006818540394306183e-02 1.182109676301479340e-02 4.320760257542133331e-03 1.201106142252683640e-02 5.588368512690067291e-03 2.374392375349998474e-02 1.437289547175168991e-02 1.978027867153286934e-03 1.559549756348133087e-02 1.797923818230628967e-02 6.167833693325519562e-03 5.310462415218353271e-02 7.300316542387008667e-02 2.405144833028316498e-02 1.511389464139938354e-01 1.019918546080589294e-01 1.494311029091477394e-03 5.438058078289031982e-02 1.175384782254695892e-02 3.104406222701072693e-02 1.835140585899353027e-02 1.187526993453502655e-02 1.731310226023197174e-02 3.367811813950538635e-02 6.031624507158994675e-03 1.352214720100164413e-02 9.006710723042488098e-03 1.938567683100700378e-02 5.310108885169029236e-02 4.611223936080932617e-02 2.649069763720035553e-02 8.411204442381858826e-03 1.517138350754976273e-02 3.266572207212448120e-02 8.136196061968803406e-03 1.849975436925888062e-02 9.319714270532131195e-03 1.020693220198154449e-02 1.199066825211048126e-02 1.103729382157325745e-02 1.984527334570884705e-02 4.664335772395133972e-02 1.651969924569129944e-02 1.559252385050058365e-02 9.486396797001361847e-03 1.513802353292703629e-02 1.231709271669387817e-01 5.041256174445152283e-02 2.149588242173194885e-02 5.419130437076091766e-03 3.253743797540664673e-02 2.897862158715724945e-02 1.073652878403663635e-02 3.121299669146537781e-02 2.020888030529022217e-03 2.249584347009658813e-02 4.309390485286712646e-02 3.954790905117988586e-02 8.752062916755676270e-02 7.907201535999774933e-03 6.537129729986190796e-02 4.173087421804666519e-03 4.523037001490592957e-03 3.830372169613838196e-02 2.464897185564041138e-02 1.351862959563732147e-02 4.180472344160079956e-02 8.826785720884799957e-03 1.737343729473650455e-03 6.458900403231382370e-03 8.922872133553028107e-03 1.141402032226324081e-02 3.346260869875550270e-03 1.941655576229095459e-02 2.147948555648326874e-02 2.625266788527369499e-03 1.827884837985038757e-02 6.142139062285423279e-02 7.871679030358791351e-03 6.628927774727344513e-03 2.015898749232292175e-02 8.336119353771209717e-03 3.682402521371841431e-02 2.757355570793151855e-03
1.083910018205642700e-01 9.570647776126861572e-02 2.251185849308967590e-02 1.514032296836376190e-02 3.031509742140769958e-02 1.381499320268630981e-01 7.766734808683395386e-02 1.705947890877723694e-02 6.073902547359466553e-02 2.262885868549346924e-02 7.276239991188049316e-02 2.048378996551036835e-02 8.319579064846038818e-02 4.621719010174274445e-03 5.042175762355327606e-03 3.411539271473884583e-02 4.072332754731178284e-02 2.417426742613315582e-02 2.736578136682510376e-02 4.856947436928749084e-02 1.724672503769397736e-02 3.031881712377071381e-02 1.737114414572715759e-02 2.801680192351341248e-02 8.173733018338680267e-03 5.028089880943298340e-02 4.046538099646568298e-02 8.546783030033111572e-02 8.845629170536994934e-03 6.520223617553710938e-02 3.053372353315353394e-02 4.659169819205999374e-03 2.355629811063408852e-03 6.422699894756078720e-03 3.082776255905628204e-02 1.344859693199396133e-02 2.600892633199691772e-02 1.671949401497840881e-02 1.326936297118663788e-02 1.179490387439727783e-01 1.885222271084785461e-02 1.743911392986774445e-02 1.569630950689315796e-02 2.023367770016193390e-02 4.282074049115180969e-02 4.378923028707504272e-02 1.295666992664337158e-01 1.527872234582901001e-01 5.894991755485534668e-02 5.006390623748302460e-03 3.266564011573791504e-02 4.617878422141075134e-02 7.135287160053849220e-04 2.548711001873016357e-02 3.487909585237503052e-02 1.021894719451665878e-02 6.602437794208526611e-02 5.399253591895103455e-02 4.059402272105216980e-04 1.488346490077674389e-03 1.686459407210350037e-02 2.376625081524252892e-03 1.438028272241353989e-02 2.810459351167082787e-03 4.232640936970710754e-02 3.251116722822189331e-02 5.317210778594017029e-02 4.214409366250038147e-02 4.307531192898750305e-02 2.427585795521736145e-02 3.018213622272014618e-02 7.230168674141168594e-03 5.029137805104255676e-02 6.802587211132049561e-02 5.192270129919052124e-02 3.668318688869476318e-02 5.318134278059005737e-02 2.072315290570259094e-02 4.600648768246173859e-03 8.980177342891693115e-03 4.879644839093089104e-04 9.202108718454837799e-03 8.475637994706630707e-03 4.672494903206825256e-02 5.663293227553367615e-02 1.486848946660757065e-02 4.331491515040397644e-02 4.241811856627464294e-02 4.897905886173248291e-02 2.224492840468883514e-02 4.691682755947113037e-02 4.547730833292007446e-02 6.764556467533111572e-02 2.884947322309017181e-02 4.105521738529205322e-02 8.009538985788822174e-03 2.511364780366420746e-02 1.499409973621368408e-02 5.139027163386344910e-02 1.517753582447767258e-02 4.195274040102958679e-02 4.707368835806846619e-02 2.202860452234745026e-02 2.913069166243076324e-02 6.894988007843494415e-03 2.869766950607299805e-02 1.903929561376571655e-02 1.080320496112108231e-02 5.023925006389617920e-02 5.680790171027183533e-02 1.939935237169265747e-02 4.053245857357978821e-02 4.438148066401481628e-02 6.385629624128341675e-02 2.982653491199016571e-02 5.254314094781875610e-02
5.159335583448410034e-02 1.410265685990452766e-03 1.309990137815475464e-01 3.302039112895727158e-03 6.801679730415344238e-03 4.203959554433822632e-02 1.705947890877723694e-02 4.349664971232414246e-02 3.792008012533187866e-02 4.700587689876556396e-02 1.313645020127296448e-02 6.211231648921966553e-02 2.607762254774570465e-02 5.107595399022102356e-02 6.489898264408111572e-02 1.946582645177841187e-02 2.115530334413051605e-02 6.303352117538452148e-02 3.485461324453353882e-02 4.122620820999145508e-02 9.527135640382766724e-02 6.217868253588676453e-02 3.068769350647926331e-03 2.239603083580732346e-03 3.735090419650077820e-02 2.105519361793994904e-02 3.428914025425910950e-02 5.427182838320732117e-02 3.347563371062278748e-02 2.991857938468456268e-02 2.047106809914112091e-02 4.237184301018714905e-02 2.186745591461658478e-02 2.850232087075710297e-02 4.691654816269874573e-02 6.644298136234283447e-02 5.227367952466011047e-02 1.256170403212308884e-02 5.778805352747440338e-03 4.907033871859312057e-03 3.442788124084472656e-02 1.077374909073114395e-02 4.772958159446716309e-02 5.112461000680923462e-02 3.009719029068946838e-02 4.576349258422851562e-02 4.868163168430328369e-02 7.229919079691171646e-03 8.003766089677810669e-02 4.901496320962905884e-02 7.441956549882888794e-02 5.628628283739089966e-02 2.865140326321125031e-02 7.334861904382705688e-03 9.284900128841400146e-02 5.404318869113922119e-02 7.195802032947540283e-02 5.366609245538711548e-02 7.481228560209274292e-02 5.480437725782394409e-02 4.933040961623191833e-02 6.829972565174102783e-02 6.005659699440002441e-02 1.473055337555706501e-03 6.787766702473163605e-03 3.572587668895721436e-02 8.780031464993953705e-03 2.035443298518657684e-02 2.797663584351539612e-02 2.538038790225982666e-02 3.124869242310523987e-02 5.565511062741279602e-02 4.282720386981964111e-02 2.795814769342541695e-03 5.242834240198135376e-02 4.423450678586959839e-02 3.630639240145683289e-02 3.889608895406126976e-03 1.786651462316513062e-02 6.465928256511688232e-02 1.435864418745040894e-01 9.850282967090606689e-02 2.998710237443447113e-02 5.074984207749366760e-02 6.391362845897674561e-02 2.503192611038684845e-02 9.644827246665954590e-02 9.392342716455459595e-02 7.847085595130920410e-03 4.293787758797407150e-03 3.385361284017562866e-02 5.787359923124313354e-02 5.615055188536643982e-02 4.209417477250099182e-02 1.790416240692138672e-02 4.160671494901180267e-03 8.803886175155639648e-02 1.206202208995819092e-01 3.728923853486776352e-03 9.762284345924854279e-03 6.685305852442979813e-03 3.372694551944732666e-02 3.576754126697778702e-03 6.518977135419845581e-02 2.666243910789489746e-02 4.614118486642837524e-02 1.418417878448963165e-02 9.478083997964859009e-02 2.783248387277126312e-02 5.143822636455297470e-04 6.495038419961929321e-02 8.938172459602355957e-02 1.924037933349609375e-02 1.754836738109588623e-02 1.491439789533615112e-01 1.322450116276741028e-02
4.360053315758705139e-02 2.128540351986885071e-02 6.560649257153272629e-03 1.643075607717037201e-02 4.037413373589515686e-02 8.033011108636856079e-02 6.073902547359466553e-02 3.792008012533187866e-02 5.573282763361930847e-02 6.477687507867813110e-02 5.674003437161445618e-02 4.880277812480926514e-02 4.230310674756765366e-03 9.082183986902236938e-02 2.208105660974979401e-02 5.718899518251419067e-02 3.879292681813240051e-02 1.451020389795303345e-01 6.654213368892669678e-02 5.264810845255851746e-02 1.368114724755287170e-02 4.215681552886962891e-02 8.660602569580078125e-02 9.814470075070858002e-03 3.258753195405006409e-02 4.130038991570472717e-02 7.853216491639614105e-03 7.204248756170272827e-02 1.872367039322853088e-02 3.727116808295249939e-02 3.107719495892524719e-02 3.422685712575912476e-02 8.952178806066513062e-02 4.053791984915733337e-02 1.746908575296401978e-02 6.030330806970596313e-02 8.601858280599117279e-04 1.536345668137073517e-02 3.137424960732460022e-02 5.744056031107902527e-02 2.997262589633464813e-02 4.467907920479774475e-02 7.791030406951904297e-02 5.667030438780784607e-02 7.790085673332214355e-02 2.007271349430084229e-02 4.781441390514373779e-02 3.694258257746696472e-02 1.174157857894897461e-02 3.814753890037536621e-02 3.394061699509620667e-02 6.854487955570220947e-02 2.705262228846549988e-02 3.387644886970520020e-02 4.273898527026176453e-02 3.381045535206794739e-02 6.912790983915328979e-02 2.574084512889385223e-02 8.429878391325473785e-03 1.654750667512416840e-02 8.517524600028991699e-02 1.655378751456737518e-02 7.497163116931915283e-02 4.320494085550308228e-02 2.359634265303611755e-02 1.510609593242406845e-02 3.238367289304733276e-02 1.303504221141338348e-02 2.353989332914352417e-02 2.359289117157459259e-02 1.191345602273941040e-01 3.757784515619277954e-02 9.681699424982070923e-02 2.056231955066323280e-03 2.137608826160430908e-02 3.761341422796249390e-02 1.844294369220733643e-01 1.131857512518763542e-03 7.889479398727416992e-02 1.784464530646800995e-02 5.563372746109962463e-03 7.045338302850723267e-02 1.327958554029464722e-01 1.401786785572767258e-02 7.812224328517913818e-03 2.994520030915737152e-02 1.454098150134086609e-03 5.180269107222557068e-02 9.383541531860828400e-03 8.145248144865036011e-02 4.491414874792098999e-03 7.893305271863937378e-03 7.895897142589092255e-03 3.673377633094787598e-02 2.309385128319263458e-02 5.442403722554445267e-03 4.299404844641685486e-02 1.996586285531520844e-02 1.063698008656501770e-01 2.561617002356797457e-04 2.911878377199172974e-02 6.236958783119916916e-03 1.808183640241622925e-02 3.430868685245513916e-02 5.826706066727638245e-03 3.550035506486892700e-02 2.709664963185787201e-02 1.058464683592319489e-02 2.198628149926662445e-03 1.969944313168525696e-02 3.729210468009114265e-03 2.030695229768753052e-02 4.321377724409103394e-02 9.186046198010444641e-03 6.899221241474151611e-02 3.537471964955329895e-02
1.442342437803745270e-02 2.383707091212272644e-02 3.704736009240150452e-02 1.315089873969554901e-02 9.841676801443099976e-03 3.050478547811508179e-02 2.262885868549346924e-02 4.700587689876556396e-02 6.477687507867813110e-02 9.553793817758560181e-02 6.732840090990066528e-03 7.410287857055664062e-02 9.524408378638327122e-04 8.279555290937423706e-02 9.508533030748367310e-02 1.259154919534921646e-02 8.164348453283309937e-02 8.405468612909317017e-02 1.358968764543533325e-01 2.924908883869647980e-02 5.346714984625577927e-03 4.754476249217987061e-02 6.511066458187997341e-04 6.921476870775222778e-02 1.268286909908056259e-02 3.326564654707908630e-02 3.686211630702018738e-02 8.450588583946228027e-02 5.095815286040306091e-02 7.858610153198242188e-02 5.380372703075408936e-02 3.979888278990983963e-03 9.207034111022949219e-02 3.762068226933479309e-02 1.653187349438667297e-02 1.789635862223803997e-03 1.418479438871145248e-02 8.488387800753116608e-03 2.741155400872230530e-02 5.941163748502731323e-03 1.640590466558933258e-02 6.820996850728988647e-02 7.354093343019485474e-02 5.016861855983734131e-02 3.901665285229682922e-02 3.100148215889930725e-02 3.189188614487648010e-02 8.246730081737041473e-03 7.493256032466888428e-02 7.344077527523040771e-02 4.514401406049728394e-02 6.092607229948043823e-02 3.933024033904075623e-02 7.247462868690490723e-03 5.544360727071762085e-02 1.033858656883239746e-01 4.285892471671104431e-02 4.898367822170257568e-02 4.292945191264152527e-02 2.336632087826728821e-02 4.815510660409927368e-02 3.259754180908203125e-02 7.291415333747863770e-02 1.154519710689783096e-02 6.279090419411659241e-03 3.047664090991020203e-02 1.616303250193595886e-02 1.749119535088539124e-02 6.943818926811218262e-02 1.096895784139633179e-01 8.774914592504501343e-02 1.824926771223545074e-02 1.124260947108268738e-03 6.721241027116775513e-02 2.297062601428478956e-04 2.858938276767730713e-02 1.909256540238857269e-02 2.121507674455642700e-01 2.455917559564113617e-02 7.287642359733581543e-02 1.249618362635374069e-02 3.885206952691078186e-02 1.048292964696884155e-02 1.414923518896102905e-01 1.564534008502960205e-02 8.642599917948246002e-03 4.028394073247909546e-02 5.812243744730949402e-02 1.467007491737604141e-02 9.087947756052017212e-02 6.694610416889190674e-02 5.063351243734359741e-02 2.086487412452697754e-02 1.701094023883342743e-02 3.014037385582923889e-02 5.655338242650032043e-02 2.369198389351367950e-02 1.612155698239803314e-02 1.553731225430965424e-02 5.682665482163429260e-02 2.136329002678394318e-02 9.146849624812602997e-03 1.943281106650829315e-02 3.650599718093872070e-02 3.175067156553268433e-02 3.935726732015609741e-02 3.457994665950536728e-03 3.098734840750694275e-02 1.637548208236694336e-02 2.602663822472095490e-03 3.083483502268791199e-02 2.326431684195995331e-02 1.353309117257595062e-02 3.285177797079086304e-02 2.071062289178371429e-02 5.473080277442932129e-02
7.267758995294570923e-02 3.417394310235977173e-02 3.470581397414207458e-02 3.049423359334468842e-02 2.952805720269680023e-03 7.837659865617752075e-02 7.276239991188049316e-02 1.313645020127296448e-02 5.674003437161445618e-02 6.732840090990066528e-03 5.234270542860031128e-02 1.398888789117336273e-02 9.638030827045440674e-02 7.076472043991088867e-03 5.916791036725044250e-02 2.164417691528797150e-02 1.931435801088809967e-02 4.746054485440254211e-02 1.709438487887382507e-02 1.797352102585136890e-03 1.189504563808441162e-02 3.739184141159057617e-02 3.750758990645408630e-02 2.881695143878459930e-02 1.290997210890054703e-02 2.874602749943733215e-02 8.636650629341602325e-03 3.483171388506889343e-02 9.891746938228607178e-02 2.101842779666185379e-03 3.903719037771224976e-02 1.950410939753055573e-02 3.116439096629619598e-02 1.343520823866128922e-02 2.200230956077575684e-02 2.331787347793579102e-02 3.588499873876571655e-02 1.554465107619762421e-02 5.382209271192550659e-02 3.769190609455108643e-02 1.667919941246509552e-02 6.512793712317943573e-03 2.821300411596894264e-03 2.240292262285947800e-03 1.744662225246429443e-02 3.514314070343971252e-02 9.227591007947921753e-02 7.578859478235244751e-02 5.522073432803153992e-02 2.386948280036449432e-02 2.933140657842159271e-02 2.044320292770862579e-02 1.759505085647106171e-02 4.085530526936054230e-03 4.086026921868324280e-02 2.090604417026042938e-02 5.873299203813076019e-03 3.019083850085735321e-02 1.262794481590390205e-03 1.397947873920202255e-02 6.254640966653823853e-02 5.465082451701164246e-02 2.302351221442222595e-02 2.920683100819587708e-02 6.150490418076515198e-02 3.628017380833625793e-02 1.877455599606037140e-02 1.976883411407470703e-02 7.732905447483062744e-03 4.789297934621572495e-03 1.471418607980012894e-02 2.927728183567523956e-02 4.000939428806304932e-02 3.585625439882278442e-02 6.903243716806173325e-03 5.782657116651535034e-02 8.171135559678077698e-03 3.144341334700584412e-02 2.643468417227268219e-02 3.898242861032485962e-02 7.253861986100673676e-03 6.057071499526500702e-03 7.527832407504320145e-03 1.027876324951648712e-02 1.863452233374118805e-02 2.649896778166294098e-02 1.543512009084224701e-02 2.087972871959209442e-02 4.868189245462417603e-02 2.351453900337219238e-02 7.972621917724609375e-02 2.085843123495578766e-02 2.525424025952816010e-02 1.482029352337121964e-02 6.416257936507463455e-03 3.611570596694946289e-02 2.204223535954952240e-02 1.748401671648025513e-02 2.829769067466259003e-02 1.729556545615196228e-02 6.298465654253959656e-03 1.573248207569122314e-02 5.985031835734844208e-03 3.882049117237329483e-03 6.186555605381727219e-03 2.248962596058845520e-02 4.535974469035863876e-03 2.694687992334365845e-02 5.502742715179920197e-03 5.202849581837654114e-02 1.671599783003330231e-02 2.785644261166453362e-03 4.189256951212882996e-02 1.636418513953685760e-02 3.341233357787132263e-02 5.333975423127412796e-03
1.007058005779981613e-02 1.086846832185983658e-02 5.280840024352073669e-02 1.867536082863807678e-02 2.833572402596473694e-02 1.093679293990135193e-01 2.048378996551036835e-02 6.211231648921966553e-02 4.880277812480926514e-02 7.410287857055664062e-02 1.398888789117336273e-02 3.238784894347190857e-02 7.952786982059478760e-03 2.280422300100326538e-01 1.021627336740493774e-02 1.982454769313335419e-02 1.671107299625873566e-02 1.144019514322280884e-01 7.031200081110000610e-02 1.471959613263607025e-02 6.759634707123041153e-03 2.490973845124244690e-02 7.620979845523834229e-02 7.564612478017807007e-02 2.749595232307910919e-02 1.319820806384086609e-02 2.518357150256633759e-02 9.173225611448287964e-02 6.776604335755109787e-03 8.112180233001708984e-02 3.356483951210975647e-02 4.893349483609199524e-02 5.681277438998222351e-02 4.410653561353683472e-02 6.929732114076614380e-02 1.142474124208092690e-03 3.255555639043450356e-03 5.775504396297037601e-04 8.846462517976760864e-02 6.655388325452804565e-02 1.338314614258706570e-03 5.644788499921560287e-03 4.466035962104797363e-02 2.271872758865356445e-02 1.334788929671049118e-02 5.301640182733535767e-02 4.032647982239723206e-02 6.543131917715072632e-02 1.195049937814474106e-02 5.786933377385139465e-02 1.042792666703462601e-02 6.844636797904968262e-02 3.244867920875549316e-02 2.322255633771419525e-02 7.532085478305816650e-02 2.989870682358741760e-02 8.916925638914108276e-03 3.002115758135914803e-03 2.815963141620159149e-02 4.172487556934356689e-02 4.795302823185920715e-02 9.274129569530487061e-02 3.174140676856040955e-02 6.573443114757537842e-02 4.025708884000778198e-03 2.278066426515579224e-02 2.341340295970439911e-02 2.374239265918731689e-02 5.591876804828643799e-02 2.094922959804534912e-02 5.704379081726074219e-02 2.216155454516410828e-02 4.468793421983718872e-02 4.503237828612327576e-02 6.377539783716201782e-02 2.321903361007571220e-03 4.444614797830581665e-02 6.991194933652877808e-02 7.148703187704086304e-02 5.787584185600280762e-02 4.561815783381462097e-02 4.170646890997886658e-03 5.264292657375335693e-02 7.094050198793411255e-02 1.886795647442340851e-02 1.122218649834394455e-02 1.369890663772821426e-02 5.515306070446968079e-02 5.838433653116226196e-02 2.230404689908027649e-02 9.075496345758438110e-03 1.475789770483970642e-02 8.997360244393348694e-03 1.635569147765636444e-02 8.142182603478431702e-03 3.280466794967651367e-02 6.076125800609588623e-02 6.651844084262847900e-02 7.256897538900375366e-02 7.492185686714947224e-04 2.650972828269004822e-02 4.502077400684356689e-02 1.800085417926311493e-02 5.309914704412221909e-03 2.164559252560138702e-02 4.394750285428017378e-04 2.670233324170112610e-02 1.608037948608398438e-02 2.184883505105972290e-02 4.974522069096565247e-02 2.871870994567871094e-02 4.403050057590007782e-03 5.793701484799385071e-02 5.638091638684272766e-02 2.350607886910438538e-02 2.871899306774139404e-02
3.201695904135704041e-02 2.770943939685821533e-02 2.101875282824039459e-02 1.774620264768600464e-02 4.842368513345718384e-02 9.985727071762084961e-02 8.319579064846038818e-02 2.607762254774570465e-02 4.230310674756765366e-03 9.524408378638327122e-04 9.638030827045440674e-02 7.952786982059478760e-03 5.696319788694381714e-02 1.094989245757460594e-03 2.269457839429378510e-02 3.000618517398834229e-02 3.344377130270004272e-02 2.102718874812126160e-02 3.039794787764549255e-02 6.022684648633003235e-02 3.297638148069381714e-02 1.745664142072200775e-02 3.748692572116851807e-03 1.871235668659210205e-02 3.787543252110481262e-02 5.062298849225044250e-02 1.889496855437755585e-02 3.531532362103462219e-02 2.082815952599048615e-02 6.860666908323764801e-03 4.670665413141250610e-02 3.419537097215652466e-02 2.604787796735763550e-02 4.288180172443389893e-02 3.002499416470527649e-02 3.276377543807029724e-02 3.338458761572837830e-02 5.725744646042585373e-03 5.220910161733627319e-02 1.032554954290390015e-01 2.623799256980419159e-03 4.691648937296122313e-04 3.114030137658119202e-02 2.124756574630737305e-02 2.707110159099102020e-02 1.501896139234304428e-02 9.612843394279479980e-02 8.046092838048934937e-02 3.010126575827598572e-02 1.231959555298089981e-02 1.182431541383266449e-02 3.494501486420631409e-02 4.014657065272331238e-02 2.594209276139736176e-02 1.537816319614648819e-02 3.336101770401000977e-02 1.738259941339492798e-02 3.693526238203048706e-02 2.454980043694376945e-03 1.370358187705278397e-02 9.336600452661514282e-02 5.452077835798263550e-02 1.601731963455677032e-02 1.260548736900091171e-02 4.449751600623130798e-02 6.043732538819313049e-02 1.057424489408731461e-02 1.906582340598106384e-02 1.908826269209384918e-02 2.602239325642585754e-02 2.852940373122692108e-02 1.683064270764589310e-03 4.786160960793495178e-02 2.932526730000972748e-02 4.638089984655380249e-02 3.260365873575210571e-02 2.159943990409374237e-02 8.057265542447566986e-03 3.541808575391769409e-02 3.152731433510780334e-02 2.414537826552987099e-03 2.570143435150384903e-03 4.657249525189399719e-02 5.046689882874488831e-02 3.361623035743832588e-03 1.545425970107316971e-03 1.625673472881317139e-02 2.294012904167175293e-02 1.072867307811975479e-02 4.531678184866905212e-02 7.298209518194198608e-02 2.078311052173376083e-03 6.068765744566917419e-02 3.467921167612075806e-03 3.197666257619857788e-02 1.293837558478116989e-02 1.888808049261569977e-02 7.908574305474758148e-03 6.257393863052129745e-03 1.220741588622331619e-02 2.894484205171465874e-03 6.834802217781543732e-03 4.768603481352329254e-03 1.694083772599697113e-02 9.977260604500770569e-03 4.054617893416434526e-04 1.314922329038381577e-02 8.093753829598426819e-03 2.124288678169250488e-02 6.830627471208572388e-02 1.124971825629472733e-02 3.002997720614075661e-03 2.666343562304973602e-02 1.141585782170295715e-02 6.192459259182214737e-04 1.204229611903429031e-02
