9.732831269502639771e-02 2.395985871553421021e-01 3.582444414496421814e-02 1.259587984532117844e-02 1.256186421960592270e-02 2.616064436733722687e-02 1.169579662382602692e-02 3.489554673433303833e-02 2.332966774702072144e-02 2.786014042794704437e-02 1.085205152630805969e-01 2.342356368899345398e-03 6.767764687538146973e-02 2.776952274143695831e-02 3.920242190361022949e-02 5.959304049611091614e-02 4.041702672839164734e-02 2.414829656481742859e-02 1.808688603341579437e-02 1.134997792541980743e-02 4.742229823023080826e-03 1.788428984582424164e-02 9.304169565439224243e-03 7.433167099952697754e-02 8.152313530445098877e-04 7.392704952508211136e-03 2.619965188205242157e-02 2.292559668421745300e-02 2.997617237269878387e-02 5.100956186652183533e-02 4.244255647063255310e-02 5.005340650677680969e-02 2.770629525184631348e-02 1.413325965404510498e-02 4.419327899813652039e-02 2.550317905843257904e-02 1.128436159342527390e-02 4.309470206499099731e-02 1.180212106555700302e-02 3.311733901500701904e-02 4.414816200733184814e-02 7.380867749452590942e-02 2.522785682231187820e-03 6.608013808727264404e-02 2.003745548427104950e-02 4.104821383953094482e-02 3.181459382176399231e-02 6.904706358909606934e-02 2.756715938448905945e-02 4.632242023944854736e-02 8.933199569582939148e-03 7.533119525760412216e-03 3.542653843760490417e-02 2.278186584590002894e-04 9.956769645214080811e-03 5.749213695526123047e-02 1.658108830451965332e-02 3.534761816263198853e-02 3.080873051658272743e-03 2.898221835494041443e-02 6.828953046351671219e-03 3.322633355855941772e-02 2.881870837882161140e-03 1.397773064672946930e-02 1.757205836474895477e-02 6.825895048677921295e-03 3.922109678387641907e-02 4.376658797264099121e-02 2.736606821417808533e-02 9.396997280418872833e-03 3.437973558902740479e-02 5.224273726344108582e-02 5.260717868804931641e-02 4.408640787005424500e-02 4.252205044031143188e-02 7.181285321712493896e-02 1.813756115734577179e-02 7.681190501898527145e-03 1.585637032985687256e-02 1.959766261279582977e-02 3.650377318263053894e-02 5.166859924793243408e-02 1.441971585154533386e-02 1.830966398119926453e-02 4.195622727274894714e-02 1.137544661760330200e-01 5.058357492089271545e-02 4.031056165695190430e-02 4.505297169089317322e-02 4.561940953135490417e-02 4.480983689427375793e-02 4.518476128578186035e-02 5.829934030771255493e-02 5.466518551111221313e-02 5.712666362524032593e-02 3.874512761831283569e-02 1.879462972283363342e-02 2.714632079005241394e-02 2.749534882605075836e-02 1.653898507356643677e-02 1.442520762793719769e-03 2.112229168415069580e-02 1.837626472115516663e-02 2.576316334307193756e-02 4.992991220206022263e-03 1.416698191314935684e-02 7.037225365638732910e-02 9.373786859214305878e-03 3.095022961497306824e-02 4.831722006201744080e-02 2.188604883849620819e-02 1.473199203610420227e-02 1.760862208902835846e-02 3.031652979552745819e-02 7.139326632022857666e-02 4.630153626203536987e-02
2.395985871553421021e-01 8.797345310449600220e-02 2.506180293858051300e-02 3.647136036306619644e-03 1.772300340235233307e-02 9.803955443203449249e-03 2.234124345704913139e-03 4.827073961496353149e-02 2.931232005357742310e-02 3.012903966009616852e-03 9.375406801700592041e-02 6.158976815640926361e-03 8.862955123186111450e-02 1.219680346548557281e-02 4.984818398952484131e-02 1.895033568143844604e-02 1.674614730291068554e-03 1.847417280077934265e-02 1.241895463317632675e-02 3.678554669022560120e-02 4.621987417340278625e-02 2.879070118069648743e-02 6.324239540845155716e-03 6.257324665784835815e-02 3.188609331846237183e-02 3.546411916613578796e-02 4.938820004463195801e-02 2.130439318716526031e-02 4.391209036111831665e-02 3.488776832818984985e-02 3.523467481136322021e-02 5.827968195080757141e-02 4.105522483587265015e-02 3.127378970384597778e-02 4.493810981512069702e-02 4.338754341006278992e-02 1.820124126970767975e-02 4.530403390526771545e-02 2.158779278397560120e-02 2.110639028251171112e-02 8.134471625089645386e-02 6.440193206071853638e-02 1.340821152552962303e-03 5.291465204209089279e-03 1.157790538854897022e-03 3.991007432341575623e-02 5.309667438268661499e-02 5.062011629343032837e-02 2.049668692052364349e-02 4.681536555290222168e-02 9.287796914577484131e-03 2.469213912263512611e-03 4.055745527148246765e-02 9.586784988641738892e-03 7.238334044814109802e-03 5.271699652075767517e-02 2.611285448074340820e-02 2.601373568177223206e-02 4.351722542196512222e-03 3.101523034274578094e-03 1.526063960045576096e-02 2.388505451381206512e-02 2.367271576076745987e-03 1.384177617728710175e-02 5.202896427363157272e-03 5.376814398914575577e-03 2.458769083023071289e-02 3.276078402996063232e-02 6.418528500944375992e-03 2.721562050282955170e-02 3.666556999087333679e-02 1.606991700828075409e-02 5.812244862318038940e-02 1.311214733868837357e-02 4.004317522048950195e-02 3.045573644340038300e-02 1.522308960556983948e-02 7.730949670076370239e-03 7.457602303475141525e-03 3.828073292970657349e-02 3.441527113318443298e-02 5.184821411967277527e-02 1.436122413724660873e-02 3.437359631061553955e-02 2.892397530376911163e-02 1.187515780329704285e-01 6.542920321226119995e-02 4.240427166223526001e-02 3.365761786699295044e-02 4.076815396547317505e-02 4.350462928414344788e-02 3.424399346113204956e-02 4.396151378750801086e-02 2.251228690147399902e-02 5.698031187057495117e-02 5.107730999588966370e-02 5.212354287505149841e-02 7.603856921195983887e-02 3.331805346533656120e-03 3.253720933571457863e-03 1.030771899968385696e-02 2.889758348464965820e-02 4.010086134076118469e-02 5.311178043484687805e-02 1.466960553079843521e-02 7.077918853610754013e-03 1.009908318519592285e-01 1.911081559956073761e-02 1.198307517915964127e-02 4.057013243436813354e-02 6.175271421670913696e-02 3.788702562451362610e-02 5.345086101442575455e-03 4.356079176068305969e-02 7.497797161340713501e-02 4.893050342798233032e-02
3.582444414496421814e-02 2.506180293858051300e-02 1.224752888083457947e-01 3.680255264043807983e-02 3.602093085646629333e-02 6.524811685085296631e-02 3.684587404131889343e-02 1.664767414331436157e-01 3.254065290093421936e-02 5.159131716936826706e-03 4.645945504307746887e-02 5.395945161581039429e-02 4.346790164709091187e-02 4.501168429851531982e-02 6.569609045982360840e-02 4.270751774311065674e-02 2.262441208586096764e-03 4.908885061740875244e-02 6.652511190623044968e-03 1.572912372648715973e-02 3.697463870048522949e-02 2.060089819133281708e-02 1.645831763744354248e-02 1.169961411505937576e-02 4.746365919709205627e-02 4.034196212887763977e-02 3.065899014472961426e-02 7.718922942876815796e-02 1.656052283942699432e-02 4.252930358052253723e-02 1.095860730856657028e-02 6.382158398628234863e-02 5.907215178012847900e-02 3.696181625127792358e-02 3.195109963417053223e-02 4.932615906000137329e-02 3.103330545127391815e-02 1.069181039929389954e-02 9.857479482889175415e-03 1.200028322637081146e-02 1.793435402214527130e-02 3.891794756054878235e-02 3.595214337110519409e-02 2.596760690212249756e-01 2.983164973556995392e-02 2.087000198662281036e-02 4.925803095102310181e-02 2.301639877259731293e-02 1.845547958509996533e-04 6.897567957639694214e-02 2.876073867082595825e-02 3.347500041127204895e-02 4.657727479934692383e-02 2.415395528078079224e-02 5.215618759393692017e-02 3.485542163252830505e-02 4.088805615901947021e-02 4.721874371170997620e-02 3.564776107668876648e-02 5.216670222580432892e-03 2.003759332001209259e-02 1.454554498195648193e-02 1.985063031315803528e-02 4.970077425241470337e-02 4.448212310671806335e-02 4.112910106778144836e-02 1.154234074056148529e-02 2.272853814065456390e-02 1.249281689524650574e-03 6.565684825181961060e-02 3.288293629884719849e-02 2.248373813927173615e-02 3.697340562939643860e-02 9.532828815281391144e-03 2.083726786077022552e-02 2.649296075105667114e-02 6.745404098182916641e-03 1.409224048256874084e-02 6.648317910730838776e-03 1.277770381420850754e-02 3.382264375686645508e-01 2.466984689235687256e-01 2.095580287277698517e-02 6.342694163322448730e-02 1.488112495280802250e-03 3.703035414218902588e-02 2.409343142062425613e-03 7.283180952072143555e-02 1.012174412608146667e-02 1.361180283129215240e-02 4.586973786354064941e-02 1.592208445072174072e-02 4.134810715913772583e-02 3.029356524348258972e-02 1.368273515254259109e-02 8.957015350461006165e-03 2.670681290328502655e-02 3.581171622499823570e-03 2.173603512346744537e-02 5.023147678002715111e-04 4.384027794003486633e-02 1.047928631305694580e-02 3.689558058977127075e-02 1.476350298617035151e-04 1.118363230489194393e-03 8.225332014262676239e-03 1.493358053267002106e-03 2.244225889444351196e-02 1.135627180337905884e-01 4.682178609073162079e-03 3.665629401803016663e-02 2.266005612909793854e-02 7.443974725902080536e-03 3.106793761253356934e-02 4.982249811291694641e-02 4.557268694043159485e-02
1.259587984532117844e-02 3.647136036306619644e-03 3.680255264043807983e-02 1.397216171026229858e-01 1.944566518068313599e-01 8.680953644216060638e-03 1.900071837007999420e-02 5.183095112442970276e-02 1.358558982610702515e-02 9.413235820829868317e-03 4.478610586374998093e-03 8.734715729951858521e-02 4.245272837579250336e-03 1.245548203587532043e-02 8.552275598049163818e-03 6.434396840631961823e-03 2.697691321372985840e-03 3.799441969022154808e-03 1.844790205359458923e-02 2.663530036807060242e-02 3.558883443474769592e-02 4.445883259177207947e-02 4.907736927270889282e-02 5.103753507137298584e-02 1.656294241547584534e-02 1.784868724644184113e-02 1.258973870426416397e-02 5.691323801875114441e-02 1.248271390795707703e-02 4.136389121413230896e-02 1.489544939249753952e-02 2.604449354112148285e-02 4.148501902818679810e-02 3.800233453512191772e-02 3.979646414518356323e-02 3.555582091212272644e-02 7.048103027045726776e-03 7.821367471478879452e-04 8.660101890563964844e-02 8.193021267652511597e-02 4.674819856882095337e-02 8.862801478244364262e-04 6.603307090699672699e-03 4.424596577882766724e-02 2.898641303181648254e-02 3.743882104754447937e-02 2.431529574096202850e-02 2.583596296608448029e-02 3.090341202914714813e-02 1.848570257425308228e-02 3.048636205494403839e-02 4.034722223877906799e-02 1.524900086224079132e-03 1.016380824148654938e-02 1.653733849525451660e-02 2.672395855188369751e-02 2.780649811029434204e-03 3.363275155425071716e-02 3.452354297041893005e-02 5.720051936805248260e-03 4.325289651751518250e-02 4.943255335092544556e-02 1.667121611535549164e-02 2.391642890870571136e-02 4.977406933903694153e-02 4.053644090890884399e-02 7.741956040263175964e-03 8.586775511503219604e-03 2.496524527668952942e-02 1.256468798965215683e-02 1.517477072775363922e-02 3.034477867186069489e-02 9.847077727317810059e-02 3.465044777840375900e-03 1.370601058006286621e-01 1.896484196186065674e-02 2.453358098864555359e-02 8.914664387702941895e-03 1.862195506691932678e-02 1.350123714655637741e-02 6.404117681086063385e-03 3.960615769028663635e-02 1.618399769067764282e-01 1.223702281713485718e-01 2.987739630043506622e-02 1.064368989318609238e-02 1.175178494304418564e-02 1.810656103771179914e-04 9.290719404816627502e-03 5.465059354901313782e-02 2.883823029696941376e-02 2.935408800840377808e-02 1.371001265943050385e-02 8.458569645881652832e-03 2.170410752296447754e-02 2.838334068655967712e-03 3.368810191750526428e-02 1.106809638440608978e-02 8.209615480154752731e-04 1.340702641755342484e-02 1.117137074470520020e-02 4.556223377585411072e-02 5.267802253365516663e-02 7.156304083764553070e-03 6.436918862164020538e-03 1.495907199569046497e-03 1.289332844316959381e-02 3.654498234391212463e-02 3.966107591986656189e-02 3.008000738918781281e-02 3.783283289521932602e-03 2.707404084503650665e-02 1.611596206203103065e-03 7.073750020936131477e-05 2.473326958715915680e-02 1.297073531895875931e-02
1.256186421960592270e-02 1.772300340235233307e-02 3.602093085646629333e-02 1.944566518068313599e-01 1.336180120706558228e-01 7.622028235346078873e-03 2.478036470711231232e-02 4.374315962195396423e-02 6.878695636987686157e-02 7.879200391471385956e-03 2.723661484196782112e-03 6.288626044988632202e-02 8.127837441861629486e-03 3.350833430886268616e-02 1.001396332867443562e-03 5.044845119118690491e-02 3.412139788269996643e-02 1.663039065897464752e-02 2.425711601972579956e-02 2.470631850883364677e-03 2.286872267723083496e-02 1.995077542960643768e-02 1.864621881395578384e-03 4.056214168667793274e-02 2.230985276401042938e-02 3.842464461922645569e-02 2.616364881396293640e-02 5.118945986032485962e-02 4.369320813566446304e-03 1.539815030992031097e-02 3.301096707582473755e-02 3.447708487510681152e-02 3.979364782571792603e-02 3.825020790100097656e-02 4.671373963356018066e-02 6.344442721456289291e-03 2.514443174004554749e-02 1.762682199478149414e-02 9.657798707485198975e-02 1.858800202608108521e-01 1.936850883066654205e-02 4.487135447561740875e-03 1.421052776277065277e-02 3.140423446893692017e-02 8.806828409433364868e-03 2.128721401095390320e-02 1.667723245918750763e-02 2.499542944133281708e-02 3.529237210750579834e-02 7.473045494407415390e-03 2.610632777214050293e-02 4.167593270540237427e-02 1.880350895226001740e-02 1.369238458573818207e-02 3.834009930869797245e-06 1.224413421005010605e-02 2.179851289838552475e-03 1.846649497747421265e-02 1.093801204115152359e-02 1.295672543346881866e-02 1.702428050339221954e-02 4.288959130644798279e-02 9.676720015704631805e-03 5.237835459411144257e-03 3.489352762699127197e-02 3.481094911694526672e-02 6.445455830544233322e-03 5.660162307322025299e-03 1.344795804470777512e-02 3.258987888693809509e-02 3.870275989174842834e-02 4.658335819840431213e-02 7.153532654047012329e-02 2.376996353268623352e-02 1.746370941400527954e-01 1.771968044340610504e-02 6.226849555969238281e-02 1.086010411381721497e-02 9.351422078907489777e-03 4.849766939878463745e-02 4.012177512049674988e-02 4.333388805389404297e-02 1.472388803958892822e-01 1.587590873241424561e-01 4.751818627119064331e-02 7.671705912798643112e-03 6.271317135542631149e-03 5.315774120390415192e-03 4.483730345964431763e-02 3.438415005803108215e-02 3.319833893328905106e-03 4.769180715084075928e-02 4.944854229688644409e-02 4.260044172406196594e-02 8.800019323825836182e-02 7.943466305732727051e-02 3.745669871568679810e-02 2.646224573254585266e-03 2.179074846208095551e-02 2.705388469621539116e-03 1.765722967684268951e-02 3.700558468699455261e-02 6.718619912862777710e-02 4.437092691659927368e-03 6.508165504783391953e-03 3.255790797993540764e-03 1.610725000500679016e-02 2.745308540761470795e-02 3.845562040805816650e-02 3.763918578624725342e-02 1.883319020271301270e-02 1.323966123163700104e-02 1.258201152086257935e-02 9.801656007766723633e-03 3.213114291429519653e-02 1.497349049896001816e-02
2.616064436733722687e-02 9.803955443203449249e-03 6.524811685085296631e-02 8.680953644216060638e-03 7.622028235346078873e-03 1.387148797512054443e-01 2.578969001770019531e-01 1.493102591484785080e-02 2.384750917553901672e-02 3.288547694683074951e-02 9.991412609815597534e-02 2.423486858606338501e-02 1.250485181808471680e-01 4.639507830142974854e-02 3.573857992887496948e-02 9.823559084907174110e-04 3.033800423145294189e-02 3.948213905096054077e-02 2.245081402361392975e-02 3.981046751141548157e-02 5.305730178952217102e-02 5.273711285553872585e-04 3.842408210039138794e-02 2.240725979208946228e-02 2.886534295976161957e-02 7.424249500036239624e-02 4.177042469382286072e-02 6.595768779516220093e-02 1.069644466042518616e-02 3.753961250185966492e-02 8.494338393211364746e-02 2.053898386657238007e-02 6.432939786463975906e-03 4.298326745629310608e-02 8.666709065437316895e-03 5.319761112332344055e-03 3.309147804975509644e-02 1.732783764600753784e-02 5.074900016188621521e-02 3.010823018848896027e-02 4.795468226075172424e-02 2.287677861750125885e-02 9.798881597816944122e-03 4.977902770042419434e-02 7.499369978904724121e-02 8.139629848301410675e-03 2.595998644828796387e-01 1.690098792314529419e-01 1.564437523484230042e-02 3.166272491216659546e-02 1.724561117589473724e-02 2.107776328921318054e-02 2.206008322536945343e-02 1.047076471149921417e-02 4.022085573524236679e-03 1.204661466181278229e-02 1.813844661228358746e-03 3.031693212687969208e-02 2.562141604721546173e-02 8.490779437124729156e-03 1.251065358519554138e-02 3.741262108087539673e-02 8.702047169208526611e-03 9.046591585502028465e-04 1.377208903431892395e-02 2.593238279223442078e-02 3.119589574635028839e-02 3.262113407254219055e-02 2.858299529179930687e-03 2.190964668989181519e-02 1.892814598977565765e-02 5.400473996996879578e-02 1.043675467371940613e-02 2.413145266473293304e-03 2.263629809021949768e-02 2.484671212732791901e-02 1.449308637529611588e-02 3.236847743391990662e-02 6.511985510587692261e-02 3.001553937792778015e-02 6.606291979551315308e-03 4.499687813222408295e-03 1.326830498874187469e-02 1.326825097203254700e-02 8.726767264306545258e-03 8.165161125361919403e-03 1.620588079094886780e-02 1.978626009076833725e-03 9.060830809175968170e-03 6.841076910495758057e-02 3.033397253602743149e-03 4.987798631191253662e-02 2.361748367547988892e-02 2.380584599450230598e-03 1.736019738018512726e-02 7.230478525161743164e-02 2.586000971496105194e-02 2.276740036904811859e-02 1.032096706330776215e-02 2.269058115780353546e-02 6.734446156769990921e-03 1.989057660102844238e-02 1.099686976522207260e-02 3.344514593482017517e-02 4.497276246547698975e-02 2.049826085567474365e-02 2.553499117493629456e-02 3.578172251582145691e-02 7.730757351964712143e-03 4.033927991986274719e-02 1.273180358111858368e-02 2.158083394169807434e-02 8.802081458270549774e-03 2.222543023526668549e-02 2.719483152031898499e-02 1.394881960004568100e-02
1.169579662382602692e-02 2.234124345704913139e-03 3.684587404131889343e-02 1.900071837007999420e-02 2.478036470711231232e-02 2.578969001770019531e-01 1.715443283319473267e-01 3.447972610592842102e-02 5.821486003696918488e-03 6.130602210760116577e-03 4.081414639949798584e-02 9.090412408113479614e-02 7.957031577825546265e-02 1.521806865930557251e-01 1.995238475501537323e-03 4.166835173964500427e-02 3.682782175019383430e-03 1.751267164945602417e-02 1.742274500429630280e-02 5.503139272332191467e-02 6.009053066372871399e-02 1.487696077674627304e-02 5.485459044575691223e-02 4.556525871157646179e-02 4.489394277334213257e-02 7.252544164657592773e-02 3.343897312879562378e-02 8.611942827701568604e-02 2.899929508566856384e-02 1.415350288152694702e-01 2.929777838289737701e-02 5.441922694444656372e-02 3.234856121707707644e-04 5.241843312978744507e-02 2.850136486813426018e-03 5.629336461424827576e-03 4.083212465047836304e-02 3.650492057204246521e-02 4.146362189203500748e-03 1.489133015275001526e-02 6.234341766685247421e-03 3.800060972571372986e-02 3.745462000370025635e-02 1.463669817894697189e-02 3.342391178011894226e-02 9.534812718629837036e-02 1.786351799964904785e-01 1.601505130529403687e-01 3.614372387528419495e-02 2.015900425612926483e-02 2.891354635357856750e-02 5.489294230937957764e-02 3.624917939305305481e-02 3.457830101251602173e-02 1.923396810889244080e-02 1.078565022908151150e-03 5.365940928459167480e-02 1.228946726769208908e-02 3.445781394839286804e-02 1.912504551000893116e-03 2.723657153546810150e-02 6.595589220523834229e-02 2.074638009071350098e-02 9.120262227952480316e-03 3.015134483575820923e-02 2.538740076124668121e-02 1.579877547919750214e-02 3.414260223507881165e-02 5.368445441126823425e-02 8.388442802242934704e-04 8.225537091493606567e-02 3.581746295094490051e-02 5.003506317734718323e-02 4.886437091045081615e-04 4.617219790816307068e-03 3.749255090951919556e-02 6.445118784904479980e-02 4.640298336744308472e-02 1.851007528603076935e-02 4.449889436364173889e-02 1.413939241319894791e-02 1.939017698168754578e-02 2.822218835353851318e-02 1.058586966246366501e-02 2.190548554062843323e-02 3.362622484564781189e-02 3.968463744968175888e-03 5.640159826725721359e-03 1.454775128513574600e-02 2.409689500927925110e-02 3.144319355487823486e-02 8.001768030226230621e-03 4.648469388484954834e-02 4.726327955722808838e-02 4.187277704477310181e-02 3.275840543210506439e-03 3.175823390483856201e-02 3.775877505540847778e-02 5.320042371749877930e-02 7.652965723536908627e-05 3.587561193853616714e-03 1.518998201936483383e-02 1.465354114770889282e-02 2.170768938958644867e-02 3.015810216311365366e-04 1.281810109503567219e-03 1.877193339169025421e-03 3.281574323773384094e-02 7.133277133107185364e-03 2.421593293547630310e-03 2.330579236149787903e-02 4.466490820050239563e-02 3.308883309364318848e-02 1.005028001964092255e-02 1.475666090846061707e-02 4.438515380024909973e-02
3.489554673433303833e-02 4.827073961496353149e-02 1.664767414331436157e-01 5.183095112442970276e-02 4.374315962195396423e-02 1.493102591484785080e-02 3.447972610592842102e-02 1.236051991581916809e-01 1.425477210432291031e-02 2.545830421149730682e-02 6.243684329092502594e-03 3.668490797281265259e-03 3.554190509021282196e-03 1.573514542542397976e-03 1.394003480672836304e-01 8.436893112957477570e-03 6.066500023007392883e-02 1.590966596268117428e-03 1.805448718369007111e-02 3.233556821942329407e-02 3.031404688954353333e-02 1.977780647575855255e-02 1.822497928515076637e-03 4.233038797974586487e-02 3.942105174064636230e-02 1.258563622832298279e-02 1.515419408679008484e-02 2.689294330775737762e-02 2.076257392764091492e-02 3.253500163555145264e-02 3.674552589654922485e-02 4.056930169463157654e-02 3.544215857982635498e-02 4.182857647538185120e-02 8.242675103247165680e-03 7.670083642005920410e-02 3.061521984636783600e-02 3.774051740765571594e-02 2.013243176043033600e-02 5.703172832727432251e-02 4.458947852253913879e-02 2.211938425898551941e-02 9.431336075067520142e-03 1.252470016479492188e-01 1.018772181123495102e-02 6.340197287499904633e-03 1.922688446938991547e-02 4.350293427705764771e-03 7.762375753372907639e-03 5.610620602965354919e-02 4.485071171075105667e-03 1.191394869238138199e-03 8.437490463256835938e-02 5.571270361542701721e-03 9.099847637116909027e-03 5.533448234200477600e-02 1.356383971869945526e-02 1.293293666094541550e-02 5.383924394845962524e-02 3.030176833271980286e-02 1.494722999632358551e-02 1.607575686648488045e-03 2.259570360183715820e-02 2.133465930819511414e-02 1.505647815065458417e-04 1.051419787108898163e-02 8.927436545491218567e-03 1.333706779405474663e-03 1.783577958121895790e-03 1.095673069357872009e-02 2.661489881575107574e-03 4.339993745088577271e-02 5.200049839913845062e-03 3.189397510141134262e-03 2.001760154962539673e-02 3.566861152648925781e-02 1.655295863747596741e-02 3.246539272367954254e-03 3.837475553154945374e-03 4.914379492402076721e-02 2.155411988496780396e-01 2.109634876251220703e-01 4.220058023929595947e-02 1.492063235491514206e-02 1.575762219727039337e-02 3.618913143873214722e-02 1.110278218984603882e-01 1.112338975071907043e-01 1.838000677525997162e-02 3.366008028388023376e-02 6.887878291308879852e-03 3.688013181090354919e-02 1.444521732628345490e-02 3.216350823640823364e-02 9.290478774346411228e-04 3.678865730762481689e-02 2.094950713217258453e-02 3.846967592835426331e-02 3.622195497155189514e-02 3.990270197391510010e-02 4.819227755069732666e-02 2.554970607161521912e-02 2.582006156444549561e-02 1.982486108317971230e-03 1.972801750525832176e-03 1.424528844654560089e-02 6.629904732108116150e-03 1.265601348131895065e-02 1.190485525876283646e-02 3.479678928852081299e-02 3.036912344396114349e-02 2.407131716609001160e-02 1.291584875434637070e-02 4.159002378582954407e-02 4.776601213961839676e-03 5.145119968801736832e-03
2.332966774702072144e-02 2.931232005357742310e-02 3.254065290093421936e-02 1.358558982610702515e-02 6.878695636987686157e-02 2.384750917553901672e-02 5.821486003696918488e-03 1.425477210432291031e-02 1.506866365671157837e-01 1.761686652898788452e-01 2.520826272666454315e-02 7.334697991609573364e-02 4.968114662915468216e-03 1.031595468521118164e-01 4.891968565061688423e-04 1.366941072046756744e-02 1.478767581284046173e-02 1.701853424310684204e-01 1.002527028322219849e-02 1.258654519915580750e-02 1.899993978440761566e-02 3.596025332808494568e-02 5.870612338185310364e-02 1.164140272885560989e-02 4.817948862910270691e-02 9.119765460491180420e-02 7.171620381996035576e-04 9.369210898876190186e-02 3.235357999801635742e-02 7.844085246324539185e-02 1.935036480426788330e-02 2.919712476432323456e-02 6.327276676893234253e-02 2.944153733551502228e-02 5.143948365002870560e-03 3.604385256767272949e-02 7.667720317840576172e-03 2.589041134342551231e-03 2.759690769016742706e-02 1.539398636668920517e-02 3.659792989492416382e-02 4.113521799445152283e-02 1.459123287349939346e-02 3.431449458003044128e-02 4.233143106102943420e-02 4.180115088820457458e-02 1.131751853972673416e-02 3.947956115007400513e-02 9.326790273189544678e-02 5.456344783306121826e-02 4.637176916003227234e-02 7.544483058154582977e-03 4.629695415496826172e-02 2.166061289608478546e-02 1.388315409421920776e-01 1.094000693410634995e-02 6.036517769098281860e-02 4.952105879783630371e-02 3.768547670915722847e-03 4.617431759834289551e-02 1.069918554276227951e-02 3.514869511127471924e-02 6.090702116489410400e-02 9.696722030639648438e-03 2.436534874141216278e-02 3.756467998027801514e-02 3.868283331394195557e-02 3.014208748936653137e-02 1.001431792974472046e-01 6.505241151899099350e-03 4.852525144815444946e-02 3.386254236102104187e-02 3.638225793838500977e-02 1.967802457511425018e-02 7.042116019874811172e-03 5.821135826408863068e-03 2.581185996532440186e-01 2.310110479593276978e-01 5.209381878376007080e-02 2.050023525953292847e-02 2.158037759363651276e-02 1.846509240567684174e-02 8.169459551572799683e-02 1.767815090715885162e-02 1.352677959948778152e-02 3.385851392522454262e-03 6.855695042759180069e-03 2.654920890927314758e-02 1.272359639406204224e-01 2.706160768866539001e-02 3.914435952901840210e-02 3.445120528340339661e-03 9.672181680798530579e-03 6.166165228933095932e-03 8.749544620513916016e-02 6.105526909232139587e-02 8.209205418825149536e-02 7.671884447336196899e-02 4.141594097018241882e-02 3.193651139736175537e-02 5.728149414062500000e-02 1.995790563523769379e-02 1.472350116819143295e-02 1.528148911893367767e-02 5.993707850575447083e-02 7.215440273284912109e-02 3.065348975360393524e-02 4.472435638308525085e-02 3.968868404626846313e-02 5.177380889654159546e-02 3.623619209975004196e-03 5.109498277306556702e-03 9.406434744596481323e-02 3.380083944648504257e-03 2.784970216453075409e-02 1.963049545884132385e-02
2.786014042794704437e-02 3.012903966009616852e-03 5.159131716936826706e-03 9.413235820829868317e-03 7.879200391471385956e-03 3.288547694683074951e-02 6.130602210760116577e-03 2.545830421149730682e-02 1.761686652898788452e-01 1.739504635334014893e-01 2.461702562868595123e-02 3.225117176771163940e-02 9.562657214701175690e-03 3.189095854759216309e-02 1.058141514658927917e-02 7.321413606405258179e-02 2.120691165328025818e-02 6.249810382723808289e-02 9.726329147815704346e-02 2.182162366807460785e-02 1.365845743566751480e-02 5.113861057907342911e-03 5.707110092043876648e-02 6.871175765991210938e-02 1.796393538825213909e-03 6.073695793747901917e-02 3.397769108414649963e-02 1.198966130614280701e-01 2.281379699707031250e-02 1.007175669074058533e-01 2.634348720312118530e-02 7.900832593441009521e-02 3.240475058555603027e-02 7.298697531223297119e-02 2.184024825692176819e-02 3.718969598412513733e-02 1.126244757324457169e-02 3.474978730082511902e-02 8.601153641939163208e-02 1.059771981090307236e-02 4.310496523976325989e-02 5.040687695145606995e-02 5.592846777290105820e-03 2.899065986275672913e-02 1.379375532269477844e-02 1.082152221351861954e-02 4.188065358903259039e-04 4.230526089668273926e-02 1.127846189774572849e-03 9.759338945150375366e-02 2.405701577663421631e-02 4.404457658529281616e-02 3.891393914818763733e-02 6.551834195852279663e-02 6.612808257341384888e-02 5.414444953203201294e-02 1.180800423026084900e-01 5.365116149187088013e-02 3.941560164093971252e-02 1.912868022918701172e-02 2.656272426247596741e-02 7.388284802436828613e-02 5.097862705588340759e-02 1.119180545210838318e-01 2.201011031866073608e-02 3.672350198030471802e-02 7.824590429663658142e-03 4.641137272119522095e-02 8.016394823789596558e-02 8.218862861394882202e-02 4.483070969581604004e-02 5.321757495403289795e-02 7.702329009771347046e-02 7.759819179773330688e-02 4.907207563519477844e-03 8.714427053928375244e-02 2.903963997960090637e-02 2.605412304401397705e-01 5.463829636573791504e-02 1.985138207674026489e-01 7.235077675431966782e-03 4.149023070931434631e-02 7.881183922290802002e-02 1.830806024372577667e-02 1.070752274245023727e-02 1.190636232495307922e-01 2.162999100983142853e-02 1.708099432289600372e-02 1.159550175070762634e-01 1.211147159337997437e-01 1.958694308996200562e-02 4.599045962095260620e-02 1.259167212992906570e-02 5.217051133513450623e-02 5.623274296522140503e-02 9.758436121046543121e-03 6.734381616115570068e-02 4.189748317003250122e-02 6.933075934648513794e-02 7.324228435754776001e-02 1.097265724092721939e-02 4.092181846499443054e-02 4.141947254538536072e-02 1.765358261764049530e-02 8.238577097654342651e-02 8.157443255186080933e-02 6.650425493717193604e-03 2.682392485439777374e-02 4.263264709152281284e-04 9.696467220783233643e-02 1.615622825920581818e-02 4.394716024398803711e-02 1.372225582599639893e-02 3.718451131135225296e-03 2.540533244609832764e-02 2.280980721116065979e-02
1.085205152630805969e-01 9.375406801700592041e-02 4.645945504307746887e-02 4.478610586374998093e-03 2.723661484196782112e-03 9.991412609815597534e-02 4.081414639949798584e-02 6.243684329092502594e-03 2.520826272666454315e-02 2.461702562868595123e-02 9.188190102577209473e-02 1.586785353720188141e-02 9.956845641136169434e-02 2.155983075499534607e-02 6.186218187212944031e-02 5.423949286341667175e-02 3.836154192686080933e-02 1.434186659753322601e-02 8.381445892155170441e-03 9.223357774317264557e-03 3.170226886868476868e-02 2.386702969670295715e-02 7.426353543996810913e-02 2.489621192216873169e-02 2.500481903553009033e-02 3.667795658111572266e-02 2.425105683505535126e-02 9.120413102209568024e-03 2.895149029791355133e-02 4.092323407530784607e-02 2.358986996114253998e-02 2.597354166209697723e-02 6.243287585675716400e-03 2.240622974932193756e-02 1.472271420061588287e-02 8.335853926837444305e-03 2.947080694139003754e-02 2.354086376726627350e-02 2.817240357398986816e-02 3.460211446508765221e-03 1.585871726274490356e-02 1.924232579767704010e-02 2.333294227719306946e-02 1.874828338623046875e-02 1.863776706159114838e-03 2.643156051635742188e-02 4.570083320140838623e-02 4.921028390526771545e-03 1.460952963680028915e-02 3.845972940325737000e-03 1.684415154159069061e-02 1.764082908630371094e-02 3.766393661499023438e-02 9.988078847527503967e-03 2.191731706261634827e-02 3.221548721194267273e-02 1.203366648405790329e-02 4.275345243513584137e-03 1.670125126838684082e-02 1.217727456241846085e-02 1.916975528001785278e-02 9.455184452235698700e-03 8.727916516363620758e-03 1.913855038583278656e-02 4.028756543993949890e-02 2.740766108036041260e-02 1.683154888451099396e-02 1.315804477781057358e-02 2.101395046338438988e-03 4.611162841320037842e-02 2.510397881269454956e-02 4.047747328877449036e-02 1.294459495693445206e-02 3.804516419768333435e-02 3.187365457415580750e-02 4.932169243693351746e-02 4.358838126063346863e-02 1.719171763397753239e-03 6.525739282369613647e-02 1.908560842275619507e-02 1.879432052373886108e-02 3.405848890542984009e-02 1.152454060502350330e-03 2.993355039507150650e-03 1.921872794628143311e-02 2.988815121352672577e-02 6.268961727619171143e-02 3.317501768469810486e-02 2.684646099805831909e-02 7.645137142390012741e-03 2.163703180849552155e-02 5.328926444053649902e-02 4.223509225994348526e-03 3.145137429237365723e-02 4.918123036623001099e-02 4.693585261702537537e-02 2.152072120225057006e-04 1.529651787132024765e-02 8.298759348690509796e-03 2.182936854660511017e-02 1.583311147987842560e-02 2.021838538348674774e-02 5.977243185043334961e-03 6.398389232344925404e-04 3.598177060484886169e-02 1.075190398842096329e-02 8.359286934137344360e-02 3.863245714455842972e-03 1.087555941194295883e-02 4.492396488785743713e-02 1.299664005637168884e-02 7.503373548388481140e-03 1.491209398955106735e-02 1.713885180652141571e-02 1.891578920185565948e-02 2.146775135770440102e-03
2.342356368899345398e-03 6.158976815640926361e-03 5.395945161581039429e-02 8.734715729951858521e-02 6.288626044988632202e-02 2.423486858606338501e-02 9.090412408113479614e-02 3.668490797281265259e-03 7.334697991609573364e-02 3.225117176771163940e-02 1.586785353720188141e-02 1.229084059596061707e-01 1.461577415466308594e-02 3.069024384021759033e-01 4.990206286311149597e-02 7.964710891246795654e-02 7.464067637920379639e-02 7.329732179641723633e-03 1.806403510272502899e-02 3.584070131182670593e-02 2.465486153960227966e-02 4.453504085540771484e-02 1.210676431655883789e-01 7.160490378737449646e-03 1.387642696499824524e-02 5.059216637164354324e-03 7.534758187830448151e-03 1.890341341495513916e-01 1.617644913494586945e-02 8.225322514772415161e-02 5.020997673273086548e-02 1.643325760960578918e-02 1.331525482237339020e-02 3.472769632935523987e-02 1.816405914723873138e-02 8.405111730098724365e-03 3.456986322999000549e-02 2.412764541804790497e-02 4.669562258641235530e-06 1.023565791547298431e-02 7.048276811838150024e-02 3.968660905957221985e-02 2.895976183935999870e-03 7.124924659729003906e-02 7.492480427026748657e-02 5.184555426239967346e-02 5.771018564701080322e-02 2.333813346922397614e-02 3.762949630618095398e-02 5.679352954030036926e-02 3.983905166387557983e-02 8.622004836797714233e-02 5.121446400880813599e-02 2.446159347891807556e-02 2.306490950286388397e-02 1.044826209545135498e-02 4.065864905714988708e-02 5.558184534311294556e-02 5.897773895412683487e-03 7.782573811709880829e-03 7.007874548435211182e-02 3.819273784756660461e-02 6.949415896087884903e-03 3.397320955991744995e-02 6.159649044275283813e-02 1.201250869780778885e-02 1.094535575248301029e-03 2.760766819119453430e-02 9.898298233747482300e-02 6.571424007415771484e-02 1.413631252944469452e-02 2.408100292086601257e-02 6.362298130989074707e-02 5.012394860386848450e-02 2.985031530261039734e-02 6.281832605600357056e-02 1.050548255443572998e-02 6.406974047422409058e-02 4.827695339918136597e-02 5.842167418450117111e-03 3.734938800334930420e-02 2.484445646405220032e-02 6.270859390497207642e-02 6.159338168799877167e-03 1.433667261153459549e-02 7.444141060113906860e-02 5.769733712077140808e-02 7.014596834778785706e-03 2.082810178399085999e-02 9.224953129887580872e-03 1.273014247417449951e-01 2.169333631172776222e-03 1.021850574761629105e-02 1.225410867482423782e-02 6.936305202543735504e-03 2.144615724682807922e-02 2.029025461524724960e-03 6.250200420618057251e-02 4.644957929849624634e-02 3.276648931205272675e-04 2.590146660804748535e-02 1.824874617159366608e-02 9.412243030965328217e-03 4.012490063905715942e-02 2.070094645023345947e-02 3.569721430540084839e-02 1.337624154984951019e-02 2.083771675825119019e-02 1.257487107068300247e-02 6.360050290822982788e-02 1.256824377924203873e-02 3.238879144191741943e-02 1.200626883655786514e-02 2.061858400702476501e-02 3.401903808116912842e-02 7.667739689350128174e-02
6.767764687538146973e-02 8.862955123186111450e-02 4.346790164709091187e-02 4.245272837579250336e-03 8.127837441861629486e-03 1.250485181808471680e-01 7.957031577825546265e-02 3.554190509021282196e-03 4.968114662915468216e-03 9.562657214701175690e-03 9.956845641136169434e-02 1.461577415466308594e-02 1.020477637648582458e-01 3.995303437113761902e-02 5.830838531255722046e-02 3.322605788707733154e-02 3.085384145379066467e-02 1.111451257020235062e-02 1.028348784893751144e-02 2.659788355231285095e-02 2.442704513669013977e-02 1.601401530206203461e-02 4.040829464793205261e-02 8.668776601552963257e-02 3.236372023820877075e-02 5.784831941127777100e-02 4.684133082628250122e-02 3.786324290558695793e-03 4.668576642870903015e-02 7.305882754735648632e-04 6.041685491800308228e-02 1.452823262661695480e-02 1.224553678184747696e-02 3.035622648894786835e-03 2.295230748131871223e-03 1.970092020928859711e-02 5.993203446269035339e-02 2.740436419844627380e-02 1.441043894737958908e-02 2.821165323257446289e-02 2.269996516406536102e-02 1.935021253302693367e-03 3.676851093769073486e-02 1.545338239520788193e-02 1.682453975081443787e-02 2.714843675494194031e-02 5.233151465654373169e-02 6.046554073691368103e-02 5.188163369894027710e-03 2.419362589716911316e-02 1.570248790085315704e-02 2.253420278429985046e-02 4.909165948629379272e-02 3.998229652643203735e-02 1.937621645629405975e-02 3.224511444568634033e-02 4.704729840159416199e-02 1.348406542092561722e-02 2.993637463077902794e-03 2.319164387881755829e-02 2.999975811690092087e-03 1.327717956155538559e-02 2.138595096766948700e-02 2.788737881928682327e-03 1.281794440001249313e-02 3.264558687806129456e-02 2.443892881274223328e-02 3.500462323427200317e-02 2.792204357683658600e-02 7.820698432624340057e-03 6.584296468645334244e-03 2.291532419621944427e-02 2.953354641795158386e-02 1.821195706725120544e-02 3.245320916175842285e-02 4.791115969419479370e-02 2.919456735253334045e-02 1.262895204126834869e-02 6.925980001688003540e-02 3.800110891461372375e-03 2.654703147709369659e-02 3.522379323840141296e-02 8.734744042158126831e-03 1.955953612923622131e-02 8.045935072004795074e-03 4.812935367226600647e-02 3.440273925662040710e-02 3.875261172652244568e-02 7.983579300343990326e-03 2.252074144780635834e-02 4.656722303479909897e-03 3.391820564866065979e-02 2.835503965616226196e-02 1.725810393691062927e-02 4.578962177038192749e-02 5.290935188531875610e-02 2.857562899589538574e-02 1.887059956789016724e-02 2.543049165979027748e-03 9.164869785308837891e-03 3.417354822158813477e-02 4.531437903642654419e-02 2.335510216653347015e-02 4.036694765090942383e-03 2.054593525826931000e-03 1.140632200986146927e-02 3.965782374143600464e-02 7.414511870592832565e-03 3.957843407988548279e-03 2.870113030076026917e-02 3.003169596195220947e-02 2.800332568585872650e-02 5.841657053679227829e-03 1.724799163639545441e-02 4.306024406105279922e-03 3.951508179306983948e-02
