1.075485572218894958e-01 1.792657524347305298e-01 3.353505954146385193e-02 1.165928039699792862e-02 1.273864135146141052e-02 1.201324313879013062e-01 7.046369463205337524e-02 5.317543447017669678e-02 1.569342613220214844e-02 6.811021268367767334e-02 1.681941747665405273e-01 1.800104230642318726e-02 8.476343005895614624e-02 1.841354183852672577e-02 5.308400839567184448e-02 7.951298728585243225e-03 2.855186816304922104e-03 1.465098699554800987e-03 2.317072823643684387e-02 1.357980188913643360e-03 4.072920978069305420e-02 2.447314374148845673e-02 1.376146450638771057e-02 1.666523329913616180e-02 2.115008234977722168e-02 3.165319561958312988e-02 7.411712408065795898e-02 1.097346283495426178e-02 5.824904888868331909e-02 4.916821606457233429e-03 3.698686510324478149e-02 3.011089935898780823e-02 4.310008138418197632e-02 2.622308209538459778e-02 4.922606423497200012e-02 1.557485014200210571e-02 4.201530013233423233e-03 4.457965865731239319e-02 2.233706787228584290e-02 2.501955023035407066e-03 5.508415400981903076e-02 2.096143784001469612e-03 3.781218081712722778e-02 2.709137834608554840e-02 1.013328414410352707e-02 4.682220518589019775e-02 6.483255326747894287e-02 1.065166946500539780e-02 2.115052565932273865e-02 1.199189759790897369e-02 6.002787128090858459e-02 3.049994073808193207e-02 2.067741006612777710e-02 6.949917413294315338e-03 2.433804981410503387e-02 1.852979883551597595e-02 1.517749507911503315e-03 2.922833152115345001e-02 3.659860789775848389e-02 1.110605802386999130e-02 1.493599731475114822e-02 2.738310210406780243e-02 4.047671332955360413e-02 4.388555511832237244e-02 5.742220953106880188e-02 4.958860576152801514e-02 8.337867446243762970e-03 8.732032030820846558e-02 1.218070648610591888e-02 3.459808882325887680e-03 4.475960507988929749e-02 5.130836740136146545e-02 1.920293644070625305e-02 7.793318480253219604e-02 1.412515249103307724e-02 3.538280352950096130e-02 1.544638723134994507e-02 4.712523147463798523e-02 5.810391623526811600e-03 4.040216282010078430e-02 4.796444997191429138e-02 6.542711048496130388e-07 3.115352056920528412e-02 5.031859502196311951e-02 6.893414072692394257e-03 1.919254101812839508e-02 6.884443759918212891e-02 4.988545179367065430e-02 3.075007162988185883e-02 4.443865735083818436e-03 6.066145841032266617e-03 3.465514257550239563e-02 4.077373072504997253e-02 2.017042413353919983e-02 5.222636461257934570e-02 2.692650072276592255e-02 7.090099155902862549e-02 2.360675111413002014e-02 2.011875435709953308e-02 3.413083404302597046e-02 2.096497453749179840e-02 2.576763741672039032e-02 5.512643232941627502e-02 4.232692345976829529e-02 2.565336041152477264e-02 9.926766157150268555e-03 4.053905606269836426e-02 3.183604776859283447e-02 8.025822229683399200e-03 5.870565306395292282e-03 4.769887030124664307e-02 3.638733923435211182e-02 3.454187884926795959e-02 3.722539916634559631e-02 1.008086092770099640e-02 1.432494632899761200e-02
1.792657524347305298e-01 1.155020222067832947e-01 1.859523355960845947e-02 8.106645196676254272e-03 1.796097308397293091e-02 9.435075521469116211e-02 1.027851402759552002e-01 6.781215965747833252e-02 2.197463810443878174e-02 3.726080805063247681e-02 1.291773319244384766e-01 6.648172624409198761e-03 1.022250279784202576e-01 1.913975365459918976e-02 5.031126365065574646e-02 1.721551269292831421e-02 4.522194713354110718e-02 6.786733865737915039e-03 1.650903187692165375e-02 5.168697331100702286e-03 2.512970194220542908e-02 5.091736838221549988e-02 4.263842850923538208e-02 9.838152676820755005e-03 1.979448134079575539e-04 2.482030168175697327e-02 5.632386729121208191e-02 1.539851911365985870e-02 3.060113824903964996e-02 1.010492909699678421e-02 5.794025491923093796e-03 6.493812892585992813e-03 5.008176714181900024e-02 3.004762530326843262e-02 4.617402702569961548e-02 6.266245990991592407e-02 3.596679121255874634e-02 6.113918963819742203e-03 6.145793013274669647e-03 1.959498412907123566e-02 1.336532738059759140e-02 3.290313109755516052e-02 4.112509638071060181e-02 1.532963290810585022e-02 2.250853693112730980e-03 4.770457744598388672e-02 6.918755173683166504e-02 5.696296319365501404e-02 2.844583615660667419e-02 4.468868020921945572e-03 1.443855348043143749e-03 8.960530161857604980e-03 2.711732126772403717e-02 1.931878551840782166e-02 5.160294822417199612e-04 1.799338497221469879e-02 2.471239678561687469e-02 1.472051069140434265e-02 5.858325958251953125e-02 3.580865263938903809e-02 3.184782341122627258e-02 3.928506001830101013e-02 5.521263554692268372e-02 2.692241780459880829e-02 2.087265066802501678e-02 2.534763142466545105e-02 5.588880926370620728e-02 8.831366151571273804e-02 1.778917945921421051e-02 1.952643133699893951e-02 3.835140913724899292e-02 5.813650414347648621e-02 1.217472366988658905e-02 3.646237403154373169e-02 2.898896485567092896e-02 4.095169156789779663e-02 3.164955973625183105e-02 1.354001811705529690e-03 8.926498703658580780e-03 3.788154199719429016e-02 5.244011804461479187e-02 1.344567071646451950e-02 4.959297552704811096e-02 4.353275056928396225e-03 2.669076062738895416e-02 3.721647895872592926e-03 2.805112861096858978e-02 1.829660683870315552e-02 5.765134003013372421e-03 3.519411757588386536e-02 1.120505016297101974e-02 5.831059999763965607e-03 3.206459572538733482e-03 2.050227113068103790e-02 1.226287148892879486e-02 1.332328189164400101e-02 4.034816101193428040e-02 3.240554407238960266e-02 1.614019391126930714e-03 3.181919455528259277e-02 1.059898058883845806e-03 1.266711670905351639e-02 1.457090862095355988e-02 5.237638205289840698e-02 3.242387250065803528e-02 2.028201706707477570e-02 3.689135238528251648e-02 1.832889206707477570e-02 2.522002346813678741e-02 1.424357667565345764e-02 5.887473747134208679e-02 7.401696592569351196e-02 4.141086712479591370e-02 3.833126649260520935e-02 6.039794534444808960e-02 2.171661518514156342e-02
3.353505954146385193e-02 1.859523355960845947e-02 4.238156229257583618e-02 1.128799095749855042e-02 3.390431031584739685e-02 4.237079620361328125e-02 1.500414311885833740e-02 1.533133536577224731e-01 3.320821002125740051e-02 3.838934004306793213e-02 2.399304509162902832e-02 2.909056656062602997e-02 4.138294979929924011e-02 3.816332668066024780e-02 2.450240217149257660e-02 5.319249629974365234e-02 1.268432103097438812e-02 3.072333149611949921e-02 6.241410039365291595e-03 1.927627995610237122e-02 2.537665702402591705e-02 2.973455376923084259e-02 8.951545692980289459e-03 9.415351785719394684e-03 1.169084478169679642e-02 7.310599833726882935e-02 3.783562220633029938e-03 7.148244976997375488e-02 1.095421332865953445e-02 1.958740875124931335e-02 1.504124980419874191e-02 1.719260215759277344e-02 2.742860466241836548e-03 5.181909725069999695e-02 1.909476146101951599e-02 4.926250874996185303e-02 6.051384657621383667e-02 2.326110936701297760e-02 2.062437497079372406e-02 1.246074680238962173e-03 2.981224097311496735e-04 3.666112199425697327e-03 2.830592542886734009e-02 9.755247831344604492e-02 3.916011773981153965e-04 1.630483753979206085e-02 4.775652661919593811e-02 6.027613766491413116e-03 2.127011492848396301e-02 8.100072853267192841e-03 5.320765450596809387e-02 6.164995953440666199e-02 2.090727910399436951e-02 4.552341997623443604e-02 4.309632629156112671e-02 1.375840976834297180e-02 1.008828356862068176e-01 2.637903019785881042e-02 1.721785287372767925e-03 6.224220618605613708e-02 2.544931136071681976e-02 1.924085430800914764e-02 3.197296336293220520e-02 2.741349861025810242e-03 4.278614744544029236e-02 1.388012524694204330e-02 5.678875371813774109e-02 5.327837169170379639e-02 1.258421340025961399e-03 4.245488345623016357e-02 7.573220878839492798e-02 8.865236304700374603e-03 1.780581660568714142e-02 4.056724905967712402e-02 3.810374811291694641e-02 4.972621425986289978e-02 3.877966105937957764e-02 1.991164172068238258e-03 2.409000508487224579e-02 3.035375848412513733e-02 1.233114004135131836e-01 1.123930662870407104e-01 3.022474423050880432e-02 1.693751849234104156e-02 3.485302254557609558e-02 2.945584803819656372e-02 4.077865928411483765e-02 3.546839207410812378e-02 2.852896042168140411e-02 8.843940496444702148e-02 4.855554550886154175e-02 2.841849811375141144e-02 2.239984646439552307e-02 3.277028352022171021e-02 1.074169501662254333e-01 2.924481406807899475e-02 9.720982983708381653e-03 1.301081292331218719e-02 2.400777861475944519e-02 6.494047120213508606e-04 4.454438388347625732e-02 3.646774590015411377e-02 3.324047476053237915e-02 4.570319876074790955e-02 1.593512669205665588e-02 4.457895830273628235e-02 1.626583375036716461e-02 3.200100036337971687e-03 7.106050103902816772e-02 2.828724123537540436e-02 2.603496890515089035e-03 3.178643062710762024e-03 4.465840291231870651e-03 1.465126406401395798e-03 4.359401017427444458e-02 7.811326533555984497e-02
1.165928039699792862e-02 8.106645196676254272e-03 1.128799095749855042e-02 1.282123327255249023e-01 1.284387111663818359e-01 3.167323768138885498e-02 1.713028526864945889e-03 2.554664202034473419e-02 4.387863446027040482e-03 5.601026117801666260e-02 7.451475248672068119e-04 3.617022931575775146e-02 9.068008512258529663e-03 4.562342073768377304e-03 2.381954714655876160e-02 6.048049032688140869e-02 1.334053557366132736e-02 2.302005141973495483e-02 4.397917538881301880e-02 5.037363618612289429e-03 2.018668502569198608e-02 3.677240759134292603e-02 4.897247627377510071e-02 1.803305931389331818e-02 5.057106260210275650e-03 2.621073089540004730e-02 2.015404962003231049e-02 6.804251670837402344e-02 3.470218926668167114e-02 6.009936332702636719e-02 3.733244084287434816e-04 6.420695036649703979e-02 1.537615619599819183e-02 1.284957677125930786e-01 5.841960012912750244e-02 2.517245151102542877e-02 4.507000371813774109e-02 3.913022950291633606e-02 2.626272477209568024e-02 1.860378123819828033e-02 3.399466350674629211e-02 2.864647284150123596e-02 1.625304482877254486e-02 3.210096806287765503e-02 2.776337414979934692e-02 7.826135493814945221e-03 1.645288057625293732e-02 1.387168467044830322e-02 6.316705048084259033e-02 7.982124388217926025e-02 2.982807718217372894e-02 5.153578519821166992e-02 2.769259177148342133e-02 2.307023294270038605e-02 2.536523714661598206e-02 7.452391833066940308e-02 7.849224656820297241e-02 2.499050647020339966e-02 1.528872270137071609e-02 1.027048099786043167e-02 4.023140668869018555e-02 6.320904195308685303e-02 1.305770576000213623e-01 7.299286872148513794e-02 9.335587732493877411e-03 3.776401281356811523e-02 1.175838802009820938e-02 9.499192237854003906e-03 4.211321473121643066e-03 3.170815110206604004e-02 5.763827264308929443e-02 2.928265556693077087e-02 6.184967234730720520e-02 2.974900603294372559e-02 6.911295652389526367e-02 5.033322051167488098e-02 4.748689010739326477e-02 2.343801595270633698e-02 2.658048644661903381e-02 5.406333506107330322e-02 1.245656516402959824e-02 4.040406271815299988e-02 3.119282610714435577e-02 1.062943786382675171e-02 1.852236874401569366e-02 4.113499075174331665e-02 1.910631731152534485e-02 2.869318053126335144e-02 6.604146957397460938e-02 8.639174513518810272e-03 4.747887142002582550e-03 5.560227204114198685e-03 8.463736623525619507e-03 5.678611993789672852e-02 9.557229466736316681e-03 4.552495107054710388e-02 5.613654851913452148e-03 1.660688407719135284e-02 3.027593158185482025e-02 2.385151572525501251e-02 2.614304423332214355e-02 3.840695321559906006e-02 2.696147374808788300e-02 3.929363936185836792e-02 2.985923364758491516e-02 2.100680582225322723e-02 3.713848441839218140e-02 5.052874609827995300e-02 3.709161281585693359e-02 5.696311593055725098e-03 2.737138979136943817e-02 3.782972693443298340e-02 3.477548481896519661e-03 3.451228141784667969e-02 2.169495820999145508e-02 2.090891450643539429e-02
1.273864135146141052e-02 1.796097308397293091e-02 3.390431031584739685e-02 1.284387111663818359e-01 9.793122112751007080e-02 1.334089972078800201e-02 2.085013501346111298e-02 2.296773344278335571e-02 1.035104878246784210e-02 1.921537704765796661e-02 6.640086881816387177e-03 5.329703912138938904e-02 2.336315251886844635e-02 2.970977872610092163e-02 7.300981879234313965e-02 4.453244432806968689e-02 3.629691898822784424e-02 4.027426987886428833e-02 4.061300307512283325e-02 3.359020873904228210e-02 2.784963510930538177e-02 9.032296948134899139e-03 3.589278832077980042e-02 1.362178567796945572e-02 1.500033307820558548e-02 9.753930382430553436e-03 4.034145176410675049e-02 8.774269372224807739e-02 9.460540488362312317e-03 6.696099042892456055e-02 9.984601289033889771e-03 6.789643317461013794e-03 6.011145934462547302e-02 1.061464846134185791e-02 9.684052318334579468e-02 2.259920351207256317e-02 3.210353851318359375e-02 1.994346082210540771e-02 5.574144423007965088e-02 6.259430199861526489e-02 2.477660961449146271e-02 4.873817414045333862e-02 2.606528066098690033e-02 9.134950116276741028e-03 3.913926426321268082e-03 3.384929150342941284e-02 1.037782290950417519e-03 1.787832821719348431e-03 1.796964742243289948e-02 2.632140927016735077e-02 2.966495044529438019e-02 2.684541419148445129e-02 3.533167392015457153e-02 3.010633029043674469e-02 3.478829935193061829e-02 2.125145494937896729e-02 2.987692691385746002e-02 3.594875708222389221e-02 2.572861313819885254e-02 3.955585882067680359e-02 1.410770416259765625e-02 5.018220469355583191e-02 7.817091047763824463e-02 8.485067635774612427e-02 3.866814309731125832e-03 7.520570605993270874e-02 1.093977596610784531e-02 2.310236915946006775e-02 1.175504084676504135e-02 3.870771825313568115e-02 3.936574608087539673e-02 2.255172468721866608e-03 4.811451956629753113e-02 4.396730661392211914e-02 8.564621955156326294e-02 1.264600548893213272e-03 1.960271783173084259e-02 1.021315256366506219e-04 4.895219579339027405e-02 2.130954153835773468e-02 1.776663586497306824e-02 3.207473084330558777e-02 4.467110335826873779e-02 5.543236806988716125e-02 3.398900106549263000e-02 5.096036940813064575e-02 1.185073517262935638e-02 2.503377199172973633e-02 1.010630950331687927e-01 4.320211708545684814e-02 4.194328188896179199e-02 4.850395396351814270e-02 1.161037385463714600e-02 2.477586828172206879e-02 4.545616358518600464e-02 4.995885863900184631e-02 2.949487976729869843e-02 1.922857016324996948e-02 1.326228957623243332e-02 3.476027771830558777e-02 2.236004685983061790e-03 3.894549328833818436e-03 2.660569362342357635e-02 4.019870236515998840e-02 2.644057758152484894e-02 4.279437288641929626e-02 2.811513282358646393e-02 3.012764640152454376e-02 3.021141886711120605e-02 3.536063432693481445e-02 2.561808004975318909e-02 5.119189736433327198e-04 2.042111009359359741e-02 1.374529022723436356e-02 1.910844445228576660e-02 3.483299538493156433e-02
1.201324313879013062e-01 9.435075521469116211e-02 4.237079620361328125e-02 3.167323768138885498e-02 1.334089972078800201e-02 1.361861824989318848e-01 9.323327243328094482e-02 1.656393753364682198e-03 1.231665629893541336e-02 2.812984585762023926e-02 1.078493818640708923e-01 5.144403874874114990e-02 8.081858605146408081e-02 2.265581861138343811e-02 4.653202742338180542e-02 1.937241852283477783e-02 5.754961166530847549e-03 1.336239557713270187e-02 3.163694217801094055e-02 5.413277074694633484e-02 4.663887992501258850e-02 2.525274641811847687e-02 2.000701148062944412e-03 3.892049938440322876e-02 1.314488612115383148e-02 4.359408840537071228e-02 4.764931648969650269e-02 4.006256163120269775e-02 2.115660160779953003e-02 2.914311923086643219e-02 1.373216323554515839e-02 1.434700656682252884e-02 3.397672250866889954e-02 5.273391027003526688e-03 5.547472834587097168e-02 5.096216127276420593e-02 2.875336259603500366e-02 3.650962188839912415e-02 1.270048320293426514e-02 2.960508316755294800e-02 3.980711847543716431e-02 9.395725093781948090e-03 4.132261127233505249e-02 5.008167028427124023e-02 9.480437263846397400e-03 3.383472189307212830e-02 8.012093603610992432e-02 4.419212415814399719e-02 1.366401277482509613e-02 4.102456942200660706e-02 3.143693506717681885e-02 2.340201474726200104e-02 3.359366580843925476e-02 1.036923727951943874e-03 6.322297267615795135e-03 4.322806745767593384e-02 3.546508774161338806e-02 2.818161156028509140e-03 4.314780700951814651e-03 4.114396125078201294e-02 7.799042388796806335e-03 1.205710787326097488e-02 7.494918070733547211e-03 1.504556555300951004e-02 5.505425482988357544e-02 1.546921848785132170e-04 4.872891306877136230e-02 5.795652791857719421e-02 7.527741603553295135e-03 4.076988901942968369e-03 1.386469881981611252e-02 5.588746815919876099e-02 2.088914625346660614e-02 4.748994857072830200e-02 1.133149396628141403e-02 5.752144381403923035e-02 5.591272562742233276e-02 1.018485892564058304e-02 2.882423251867294312e-02 6.140064820647239685e-02 4.334660246968269348e-02 2.044968865811824799e-02 2.408497408032417297e-02 2.100773341953754425e-02 5.024868994951248169e-02 4.173966124653816223e-03 5.511785671114921570e-02 4.117537289857864380e-02 2.138934098184108734e-03 3.479592874646186829e-02 6.436720490455627441e-03 5.090449750423431396e-02 6.985818617977201939e-04 3.008934110403060913e-02 2.158659510314464569e-02 1.285568717867136002e-02 4.306995868682861328e-02 3.465869277715682983e-02 2.259652689099311829e-02 1.838059537112712860e-02 8.794825524091720581e-03 1.117836497724056244e-02 1.306175906211137772e-02 3.811843320727348328e-02 1.762387901544570923e-02 1.392637845128774643e-02 4.064500704407691956e-02 3.967782482504844666e-02 1.057411078363656998e-02 2.901452966034412384e-02 7.529793772846460342e-03 5.750612914562225342e-02 2.105987258255481720e-02 5.510191246867179871e-02 1.761964336037635803e-02 6.878225598484277725e-03
7.046369463205337524e-02 1.027851402759552002e-01 1.500414311885833740e-02 1.713028526864945889e-03 2.085013501346111298e-02 9.323327243328094482e-02 1.458535939455032349e-01 1.077195350080728531e-02 1.668040640652179718e-02 6.915222853422164917e-03 1.020342186093330383e-01 3.182051936164498329e-03 1.248259320855140686e-01 1.297041215002536774e-02 5.006472766399383545e-02 2.562359534204006195e-02 4.336027801036834717e-02 2.944034710526466370e-02 2.986946888267993927e-02 6.738761067390441895e-02 3.526579216122627258e-02 1.018595024943351746e-01 3.956328704953193665e-02 3.846419975161552429e-02 7.201238535344600677e-03 5.332260951399803162e-02 5.972554441541433334e-03 1.014178805053234100e-02 3.115161880850791931e-02 6.705089006572961807e-03 2.222095243632793427e-02 1.424094475805759430e-02 4.765849187970161438e-02 4.881735146045684814e-02 4.820660501718521118e-02 6.805966608226299286e-03 5.120187532156705856e-03 5.472143739461898804e-02 1.339056249707937241e-02 3.411467000842094421e-02 6.347078830003738403e-02 1.553649082779884338e-03 5.485612899065017700e-02 2.572784200310707092e-02 5.504193156957626343e-02 2.172082662582397461e-02 1.458888649940490723e-01 2.024773508310317993e-01 2.077403105795383453e-02 3.906177729368209839e-02 7.552439346909523010e-03 1.581499539315700531e-02 7.598688453435897827e-02 5.988031998276710510e-02 2.819461748003959656e-02 4.093612357974052429e-02 4.213436320424079895e-02 1.922151632606983185e-02 5.853342637419700623e-02 1.790996827185153961e-02 4.300859943032264709e-02 3.182806819677352905e-02 6.086723133921623230e-02 3.835906088352203369e-02 2.120175771415233612e-02 5.188441276550292969e-02 6.759062409400939941e-02 3.566582873463630676e-02 2.315350808203220367e-02 4.182959347963333130e-02 5.540396273136138916e-02 4.282285645604133606e-02 4.948233440518379211e-02 1.677562599070370197e-03 5.091697350144386292e-02 3.150628507137298584e-02 1.596927829086780548e-02 2.648117765784263611e-02 3.826326457783579826e-03 3.274985402822494507e-02 1.727389357984066010e-02 2.965757809579372406e-02 1.215461734682321548e-02 2.855248749256134033e-02 2.707108668982982635e-02 1.498348079621791840e-02 4.823463037610054016e-02 4.952162131667137146e-02 5.722929164767265320e-02 5.889273807406425476e-02 4.844177141785621643e-02 1.360077410936355591e-02 8.114936202764511108e-02 6.512378901243209839e-02 4.814624041318893433e-02 3.929170593619346619e-02 7.042764220386743546e-03 6.770332693122327328e-04 3.058305568993091583e-02 2.530027925968170166e-02 3.379902243614196777e-02 3.008074499666690826e-02 2.296595834195613861e-03 3.451186418533325195e-02 1.494692452251911163e-02 2.044442854821681976e-02 4.215615242719650269e-02 2.905799634754657745e-02 7.515394687652587891e-02 1.945259049534797668e-02 3.774010017514228821e-02 3.338503092527389526e-02 1.655411615502089262e-04 3.586274757981300354e-02 1.236125640571117401e-02 6.991617847234010696e-03
5.317543447017669678e-02 6.781215965747833252e-02 1.533133536577224731e-01 2.554664202034473419e-02 2.296773344278335571e-02 1.656393753364682198e-03 1.077195350080728531e-02 3.082030639052391052e-02 2.376942150294780731e-02 5.425126757472753525e-03 2.962929755449295044e-02 1.318747457116842270e-02 8.861593902111053467e-03 2.283062972128391266e-02 7.197854667901992798e-02 3.962090983986854553e-02 6.629772484302520752e-03 1.331339124590158463e-02 1.689209043979644775e-02 7.618771865963935852e-03 5.320218950510025024e-02 6.079676002264022827e-02 5.086046177893877029e-03 4.008417017757892609e-03 7.244803011417388916e-02 1.516163162887096405e-02 2.727174945175647736e-02 1.288094185292720795e-02 1.739356108009815216e-02 3.204240277409553528e-02 2.764820493757724762e-02 1.013904251158237457e-02 4.895140603184700012e-02 3.229483217000961304e-02 5.169696174561977386e-03 3.093532100319862366e-02 1.343625877052545547e-02 2.394689992070198059e-02 1.556627359241247177e-02 7.272179424762725830e-02 5.791390687227249146e-02 8.291772753000259399e-02 1.496977871283888817e-03 8.848141133785247803e-02 3.051980771124362946e-02 9.157255291938781738e-03 6.620075087994337082e-03 4.336037114262580872e-02 2.783742733299732208e-02 1.436905353330075741e-03 3.917374834418296814e-02 2.570412866771221161e-02 1.005090866237878799e-02 3.688849508762359619e-02 1.356898900121450424e-02 2.804537117481231689e-02 3.447774797677993774e-02 1.569209992885589600e-02 9.400840848684310913e-02 6.335958093404769897e-02 3.339111059904098511e-02 1.086769998073577881e-02 3.688907995820045471e-02 4.798290506005287170e-02 1.845960505306720734e-02 8.368046954274177551e-03 2.602358348667621613e-03 3.370432183146476746e-02 3.408091887831687927e-02 1.647840440273284912e-02 5.233000591397285461e-02 1.625914941541850567e-03 5.372726544737815857e-02 3.264990635216236115e-03 1.997841522097587585e-02 9.094673208892345428e-03 5.913543701171875000e-02 8.148545399308204651e-03 1.431152317672967911e-02 1.139405928552150726e-02 1.223092898726463318e-01 3.419680520892143250e-02 1.622211188077926636e-02 8.141840808093547821e-03 1.552447560243308544e-03 2.775060944259166718e-03 7.832388579845428467e-02 9.390725195407867432e-02 1.136790029704570770e-02 2.866488695144653320e-02 9.881802834570407867e-03 3.116494044661521912e-02 1.728447340428829193e-02 4.356138408184051514e-03 1.731707714498043060e-02 1.194401737302541733e-02 1.931801671162247658e-04 3.747495636343955994e-02 2.249692566692829132e-02 7.981140166521072388e-03 5.062151700258255005e-03 7.698723580688238144e-03 8.480410091578960419e-03 3.790946304798126221e-02 1.201834715902805328e-02 2.723147394135594368e-03 3.626090660691261292e-02 1.329275430180132389e-03 3.613374009728431702e-02 2.288732863962650299e-02 2.250093594193458557e-02 6.459987256675958633e-03 1.267082337290048599e-02 1.229651644825935364e-02 3.268360346555709839e-02 2.135516516864299774e-02
1.569342613220214844e-02 2.197463810443878174e-02 3.320821002125740051e-02 4.387863446027040482e-03 1.035104878246784210e-02 1.231665629893541336e-02 1.668040640652179718e-02 2.376942150294780731e-02 9.552266448736190796e-02 5.714656785130500793e-02 5.691060796380043030e-03 1.056368369609117508e-02 4.193621687591075897e-03 7.143330574035644531e-02 5.713514052331447601e-03 7.726821303367614746e-02 7.605662196874618530e-02 5.780706554651260376e-02 3.285757079720497131e-02 3.267223760485649109e-02 4.751425236463546753e-03 9.102984331548213959e-03 5.000901594758033752e-02 1.436717063188552856e-02 1.750958524644374847e-02 5.993708968162536621e-02 4.062557220458984375e-02 4.183821845799684525e-03 1.811572536826133728e-02 5.590669810771942139e-02 1.301653566770255566e-03 1.550636999309062958e-02 1.796026248484849930e-03 3.015425289049744606e-03 7.818219065666198730e-02 4.370322450995445251e-02 9.018830955028533936e-03 4.478666465729475021e-03 2.723962627351284027e-02 6.247955933213233948e-02 5.918929725885391235e-02 6.107550486922264099e-02 2.679044008255004883e-02 4.519687592983245850e-02 1.543139852583408356e-02 1.754881627857685089e-02 3.450744552537798882e-03 1.484549511224031448e-02 4.651968926191329956e-02 1.874325796961784363e-02 4.228848963975906372e-02 1.573777198791503906e-02 4.051268100738525391e-02 5.383788049221038818e-02 4.495453462004661560e-02 3.296378999948501587e-02 2.410653233528137207e-02 3.650898486375808716e-02 2.072691917419433594e-02 1.869444921612739563e-02 6.508073210716247559e-02 3.074374236166477203e-02 3.571768477559089661e-02 7.258225977420806885e-02 6.115070544183254242e-03 8.632211014628410339e-03 2.577456831932067871e-02 8.009445853531360626e-03 7.132050395011901855e-02 1.420646253973245621e-02 6.617229431867599487e-02 4.608903080224990845e-02 6.984937191009521484e-02 1.636346615850925446e-02 4.764454811811447144e-02 1.917431689798831940e-02 1.066656038165092468e-01 3.511257097125053406e-02 1.795609667897224426e-02 3.728952491655945778e-03 1.313494797796010971e-02 2.001894405111670494e-03 2.997310459613800049e-02 3.265062347054481506e-02 2.983330190181732178e-02 1.612842828035354614e-02 2.413322404026985168e-02 5.586972087621688843e-02 4.789432045072317123e-03 3.752347081899642944e-02 4.432432353496551514e-03 1.679480634629726410e-02 8.210429921746253967e-03 4.084962233901023865e-02 5.541253834962844849e-02 1.599833182990550995e-02 7.346807979047298431e-04 3.323893621563911438e-02 3.312308713793754578e-02 3.424833714962005615e-02 2.013406530022621155e-02 1.178441010415554047e-02 4.821442533284425735e-03 6.034540943801403046e-03 3.609606251120567322e-02 3.064263425767421722e-02 5.066721234470605850e-03 1.296406518667936325e-02 3.369764611124992371e-02 2.217351086437702179e-02 9.347425657324492931e-04 1.015924196690320969e-02 1.286340993829071522e-03 1.876351772807538509e-03 3.849102929234504700e-02 2.511283941566944122e-02
6.811021268367767334e-02 3.726080805063247681e-02 3.838934004306793213e-02 5.601026117801666260e-02 1.921537704765796661e-02 2.812984585762023926e-02 6.915222853422164917e-03 5.425126757472753525e-03 5.714656785130500793e-02 9.665980190038681030e-02 2.580445446074008942e-02 3.605451434850692749e-02 1.758369058370590210e-02 1.127090398222208023e-02 1.412332709878683090e-02 1.221601478755474091e-02 2.200464159250259399e-02 4.073294252157211304e-02 8.792853355407714844e-02 3.628035262227058411e-02 4.014711081981658936e-02 2.342152409255504608e-02 2.896724734455347061e-03 1.054675318300724030e-03 4.310661181807518005e-02 1.121493801474571228e-02 2.091115526854991913e-02 3.583839535713195801e-02 3.283654805272817612e-03 5.082574486732482910e-02 2.263894490897655487e-02 7.464516442269086838e-03 3.765538334846496582e-02 3.072117455303668976e-02 2.057087607681751251e-02 2.034775353968143463e-02 5.027326289564371109e-03 2.480948157608509064e-02 5.705656111240386963e-02 4.238737374544143677e-02 9.256603196263313293e-03 5.473069474101066589e-02 3.500548424199223518e-03 1.359703578054904938e-02 1.870071515440940857e-02 4.638816043734550476e-02 3.929588943719863892e-03 3.693367540836334229e-02 3.410661593079566956e-02 8.717711269855499268e-02 4.368340224027633667e-02 2.664257073774933815e-03 3.560325503349304199e-02 1.946059241890907288e-02 1.601096428930759430e-02 6.696859002113342285e-02 3.412680700421333313e-02 2.553678862750530243e-02 4.975428804755210876e-02 3.466716036200523376e-02 1.543621066957712173e-02 6.263981759548187256e-02 3.943838179111480713e-02 1.807696558535099030e-02 5.693066120147705078e-02 7.689337246119976044e-03 2.858588099479675293e-02 3.706220164895057678e-02 1.332091167569160461e-02 4.621393606066703796e-02 4.252806305885314941e-02 6.600922439247369766e-03 6.356467306613922119e-02 5.443617701530456543e-02 4.295108839869499207e-02 1.131818396970629692e-03 2.985269390046596527e-02 7.732889056205749512e-02 4.324911162257194519e-02 9.839968383312225342e-02 9.811213240027427673e-03 2.794246189296245575e-02 1.566944457590579987e-02 8.406670391559600830e-02 7.703853771090507507e-03 3.970989584922790527e-02 1.282197516411542892e-02 4.520168527960777283e-03 2.016115747392177582e-02 5.554075911641120911e-02 3.227446228265762329e-02 2.958094468340277672e-03 9.134245105087757111e-03 4.466976597905158997e-02 1.243728864938020706e-02 1.203988445922732353e-03 2.407928369939327240e-02 7.408564444631338120e-03 5.055851861834526062e-02 2.296531945466995239e-02 1.580484583973884583e-02 4.764854907989501953e-03 2.846896462142467499e-02 1.985524315387010574e-03 5.129524972289800644e-03 1.654533855617046356e-02 5.625917110592126846e-03 3.110290691256523132e-02 4.914275929331779480e-02 2.738750725984573364e-02 3.722265362739562988e-02 2.779230475425720215e-02 1.408078125678002834e-03 8.485781028866767883e-03 1.644525304436683655e-02 6.154567468911409378e-03
1.681941747665405273e-01 1.291773319244384766e-01 2.399304509162902832e-02 7.451475248672068119e-04 6.640086881816387177e-03 1.078493818640708923e-01 1.020342186093330383e-01 2.962929755449295044e-02 5.691060796380043030e-03 2.580445446074008942e-02 1.546909362077713013e-01 1.185427326709032059e-02 1.383557468652725220e-01 8.660860359668731689e-03 7.507473975419998169e-02 2.239772118628025055e-02 1.286195032298564911e-02 1.456725224852561951e-02 2.761933580040931702e-02 5.254715681076049805e-02 2.839766815304756165e-02 1.765664219856262207e-01 2.747347811236977577e-03 2.082720957696437836e-02 1.199572347104549408e-02 1.212491188198328018e-02 5.763465911149978638e-02 2.347700484097003937e-02 3.390838950872421265e-02 9.506239555776119232e-03 5.993193387985229492e-02 3.185199573636054993e-02 1.272075250744819641e-02 3.347390331327915192e-03 6.978168338537216187e-02 3.161848336458206177e-02 3.331344574689865112e-02 6.277978420257568359e-02 3.821590915322303772e-02 4.256134107708930969e-02 7.828634977340698242e-02 1.223779283463954926e-02 7.689392194151878357e-03 1.018232628703117371e-01 1.340059330686926842e-03 4.167599603533744812e-02 7.426892220973968506e-02 6.046574562788009644e-02 3.607786446809768677e-02 3.404957428574562073e-02 1.078324764966964722e-01 7.328275591135025024e-02 5.026301369071006775e-02 5.172958970069885254e-02 4.910114035010337830e-02 4.139122739434242249e-02 3.755711764097213745e-02 2.517769346013665199e-03 5.065264552831649780e-02 2.021325379610061646e-02 1.560222357511520386e-02 1.907273754477500916e-02 1.102855056524276733e-02 2.848901785910129547e-03 1.099046468734741211e-01 6.853201985359191895e-02 5.544003099203109741e-03 4.549519345164299011e-02 7.123716175556182861e-03 6.075853481888771057e-03 2.077534236013889313e-02 1.732468418776988983e-02 4.905883222818374634e-03 1.300495583564043045e-02 4.550817608833312988e-02 4.395277798175811768e-02 4.170457273721694946e-02 4.248325899243354797e-02 4.841766878962516785e-02 1.025812141597270966e-02 3.254437446594238281e-02 7.949044927954673767e-03 3.002005256712436676e-02 4.294942691922187805e-02 1.182770356535911560e-02 6.029146257787942886e-03 8.486935496330261230e-02 6.091508641839027405e-02 1.137937046587467194e-02 4.807700216770172119e-02 3.450798615813255310e-02 1.038556322455406189e-01 9.378515183925628662e-03 2.000189153477549553e-03 1.537751127034425735e-02 1.431256532669067383e-03 3.148977831006050110e-02 1.595567725598812103e-02 1.831567287445068359e-02 3.461828455328941345e-03 1.426959875971078873e-02 7.404298521578311920e-03 1.191048510372638702e-02 2.569825388491153717e-02 5.575971445068717003e-04 2.720789238810539246e-02 1.186944730579853058e-02 1.499556377530097961e-02 4.348389804363250732e-02 3.539418429136276245e-02 6.607714295387268066e-02 1.639734767377376556e-02 9.835066273808479309e-03 2.115325815975666046e-02 5.771648511290550232e-02 2.072311192750930786e-02
1.800104230642318726e-02 6.648172624409198761e-03 2.909056656062602997e-02 3.617022931575775146e-02 5.329703912138938904e-02 5.144403874874114990e-02 3.182051936164498329e-03 1.318747457116842270e-02 1.056368369609117508e-02 3.605451434850692749e-02 1.185427326709032059e-02 1.025719866156578064e-01 3.495888411998748779e-02 1.014266610145568848e-01 1.426176168024539948e-02 2.507927268743515015e-02 4.740848764777183533e-02 6.579046137630939484e-03 5.382182449102401733e-02 7.275217771530151367e-02 1.635949313640594482e-02 5.470911040902137756e-02 2.400192804634571075e-02 1.844327896833419800e-02 2.428426221013069153e-02 2.721334435045719147e-02 1.048785075545310974e-02 7.758165895938873291e-02 3.300878405570983887e-02 6.516269594430923462e-02 5.142263695597648621e-02 1.877475157380104065e-02 9.569312445819377899e-03 6.847536563873291016e-02 3.720972314476966858e-02 3.850582987070083618e-02 4.382140561938285828e-02 5.548947677016258240e-02 3.083088621497154236e-02 2.824011445045471191e-02 1.321723312139511108e-02 1.961353421211242676e-02 7.176978513598442078e-03 4.789810255169868469e-02 1.812666095793247223e-02 1.937564462423324585e-02 1.505214441567659378e-02 1.020530425012111664e-02 1.034460868686437607e-02 4.023426026105880737e-02 7.668658345937728882e-02 8.747561275959014893e-02 8.714586496353149414e-03 2.830883488059043884e-02 2.265268005430698395e-02 3.198550641536712646e-02 4.308609291911125183e-02 1.411667652428150177e-02 8.430090732872486115e-03 2.449303679168224335e-02 4.110765829682350159e-02 3.801440820097923279e-02 5.138421803712844849e-02 6.008027493953704834e-02 8.272347040474414825e-03 4.438075050711631775e-02 1.766907982528209686e-02 1.695598289370536804e-02 2.550068497657775879e-02 1.471910439431667328e-02 1.716567389667034149e-02 1.070297416299581528e-02 5.005798488855361938e-02 3.702136874198913574e-02 3.145726025104522705e-02 2.821117872372269630e-03 7.501749694347381592e-02 5.297616589814424515e-03 1.455723028630018234e-02 1.166648510843515396e-02 3.411039337515830994e-02 1.549745723605155945e-02 5.021813884377479553e-02 5.301180481910705566e-02 3.739916533231735229e-02 8.933014236390590668e-03 2.428982406854629517e-02 2.667503990232944489e-02 7.967430865392088890e-04 3.844593837857246399e-02 4.123369581066071987e-04 1.764396764338016510e-02 4.594085272401571274e-03 1.543695922009646893e-03 1.754210516810417175e-02 5.458301678299903870e-02 3.157984092831611633e-02 5.163155123591423035e-02 2.986181713640689850e-02 2.729110606014728546e-02 1.843811385333538055e-02 1.674963859841227531e-03 3.215843811631202698e-02 2.615384012460708618e-02 3.496476262807846069e-02 1.851447112858295441e-02 9.060681797564029694e-03 4.987709596753120422e-02 3.784741833806037903e-02 8.867839351296424866e-03 7.979208603501319885e-03 3.843633458018302917e-02 4.107166454195976257e-02 2.842026017606258392e-02 5.574448034167289734e-02 9.241617284715175629e-03
8.476343005895614624e-02 1.022250279784202576e-01 4.138294979929924011e-02 9.068008512258529663e-03 2.336315251886844635e-02 8.081858605146408081e-02 1.248259320855140686e-01 8.861593902111053467e-03 4.193621687591075897e-03 1.758369058370590210e-02 1.383557468652725220e-01 3.495888411998748779e-02 1.427799463272094727e-01 3.803341835737228394e-02 7.069468498229980469e-02 8.162528276443481445e-03 4.292526096105575562e-02 3.727736882865428925e-03 8.540428243577480316e-03 7.830696552991867065e-02 2.848354540765285492e-02 1.381193995475769043e-01 1.195582933723926544e-02 8.455716073513031006e-03 2.968745073303580284e-03 3.957039210945367813e-03 1.914907246828079224e-02 1.403983123600482941e-02 4.747431725263595581e-03 2.067741937935352325e-02 4.049283452332019806e-03 2.641559019684791565e-02 2.611791528761386871e-02 1.691334135830402374e-02 2.333667688071727753e-02 3.941353783011436462e-02 2.587998285889625549e-02 6.731293350458145142e-02 1.006468012928962708e-02 1.500363927334547043e-02 1.304891426116228104e-02 1.703514833934605122e-03 2.682817541062831879e-02 1.047904193401336670e-01 3.651262074708938599e-02 7.949589937925338745e-02 8.569920808076858521e-02 1.084093078970909119e-01 3.891196474432945251e-02 4.740182310342788696e-02 8.391901850700378418e-03 4.442571103572845459e-02 3.683082014322280884e-02 3.869382664561271667e-02 4.827559366822242737e-02 5.275981128215789795e-02 4.176637530326843262e-02 3.003097139298915863e-02 3.530568256974220276e-02 1.900945417582988739e-02 7.056440692394971848e-03 5.413220077753067017e-02 2.928934432566165924e-02 1.635828241705894470e-02 8.235965669155120850e-02 8.404433727264404297e-02 3.049163520336151123e-02 4.923877120018005371e-02 3.233405575156211853e-02 4.317362327128648758e-03 3.174642100930213928e-02 9.305763058364391327e-03 4.680342040956020355e-03 4.389065876603126526e-02 4.719716310501098633e-02 2.379915118217468262e-02 9.496994316577911377e-03 2.788374200463294983e-02 5.713937804102897644e-02 7.777954451739788055e-03 7.922279648482799530e-03 3.275111317634582520e-02 2.188967727124691010e-02 1.295047905296087265e-02 2.037896402180194855e-02 3.360850736498832703e-02 7.761488109827041626e-02 8.562345057725906372e-02 5.146166309714317322e-02 3.394965082406997681e-02 5.002091079950332642e-02 2.726075798273086548e-02 5.212010815739631653e-02 3.722196817398071289e-02 8.754756418056786060e-04 2.202754374593496323e-03 3.004115447402000427e-02 1.973799988627433777e-02 2.005144342547282577e-04 4.591486975550651550e-02 2.189345285296440125e-02 2.411616966128349304e-02 4.169274121522903442e-02 8.718241751194000244e-02 7.661419920623302460e-03 2.236345782876014709e-02 3.597004711627960205e-02 1.210906263440847397e-02 2.491520531475543976e-02 9.145902469754219055e-03 5.082667618989944458e-02 1.907175034284591675e-02 9.391867555677890778e-03 5.989903956651687622e-02 3.919153660535812378e-02 3.286306560039520264e-02
