2.369076609611511230e-01 1.334956884384155273e-01 4.881956055760383606e-02 2.538864873349666595e-02 1.150502916425466537e-02 1.265131384134292603e-01 1.577772945165634155e-01 1.794729381799697876e-02 1.199344405904412270e-03 2.826347760856151581e-02 1.198044121265411377e-01 2.846186235547065735e-02 6.858038157224655151e-02 2.027115970849990845e-02 2.981312014162540436e-02 8.705899119377136230e-03 3.754494711756706238e-02 4.648156091570854187e-02 5.100647453218698502e-03 3.010391071438789368e-02 7.544507272541522980e-03 4.526560753583908081e-02 5.594048276543617249e-02 6.887374818325042725e-02 4.824692383408546448e-02 3.164255246520042419e-02 5.302176624536514282e-02 4.288939386606216431e-02 5.015824735164642334e-02 1.702206581830978394e-02 2.508498169481754303e-02 3.325211815536022186e-03 2.340965531766414642e-02 3.254549577832221985e-03 8.175979019142687321e-04 8.710409700870513916e-02 1.050861328840255737e-01 3.667691722512245178e-03 2.577318437397480011e-02 1.009235065430402756e-02 8.056022226810455322e-03 2.745314501225948334e-02 4.393851757049560547e-02 1.441713143140077591e-02 2.655646763741970062e-03 3.568626567721366882e-02 1.144375354051589966e-01 2.440345101058483124e-02 2.433914504945278168e-02 8.299647830426692963e-03 1.458616182208061218e-02 2.210884913802146912e-02 2.053098939359188080e-02 2.612779207993298769e-04 4.636863712221384048e-03 3.144488204270601273e-03 2.921069040894508362e-02 1.540681160986423492e-02 1.507895183749496937e-03 8.491692133247852325e-03 4.800950363278388977e-02 2.693976834416389465e-02 3.587628947570919991e-03 1.415401883423328400e-02 2.696159482002258301e-02 8.243164047598838806e-03 3.043763339519500732e-02 1.511462405323982239e-02 1.397926546633243561e-02 9.243296831846237183e-02 4.220912232995033264e-02 2.206976339221000671e-02 6.148904189467430115e-02 4.877382144331932068e-02 3.350115939974784851e-02 1.888982206583023071e-02 2.519202046096324921e-02 1.033830363303422928e-02 1.329134404659271240e-02 4.526537656784057617e-02 2.031452720984816551e-03 2.697379328310489655e-02 4.210053011775016785e-02 2.046527899801731110e-02 5.039490759372711182e-02 7.925629615783691406e-03 1.487771980464458466e-02 5.816053133457899094e-03 6.923926621675491333e-02 3.820980712771415710e-02 4.467230662703514099e-02 3.213961794972419739e-02 4.408128932118415833e-02 2.299174107611179352e-02 2.672650665044784546e-02 3.193074464797973633e-02 1.792382635176181793e-02 2.047217637300491333e-02 4.594184458255767822e-02 4.732571169734001160e-02 4.936279146932065487e-04 8.175024413503706455e-04 4.912387207150459290e-02 2.108252421021461487e-02 3.791148588061332703e-02 2.063295990228652954e-02 2.796369977295398712e-02 4.169516731053590775e-03 3.723962698131799698e-03 1.149486377835273743e-02 2.510216645896434784e-02 1.943885535001754761e-02 1.849172636866569519e-02 5.730989389121532440e-03 2.695908211171627045e-02 3.361440263688564301e-03
1.334956884384155273e-01 2.208848893642425537e-01 4.007495939731597900e-02 2.292069792747497559e-02 8.323343470692634583e-03 9.891211241483688354e-02 1.493180096149444580e-01 4.782431945204734802e-02 1.856395229697227478e-02 2.598771825432777405e-02 8.604214340448379517e-02 4.072244465351104736e-02 6.262386590242385864e-02 4.724776744842529297e-02 2.264291793107986450e-02 3.344668541103601456e-03 1.635299250483512878e-02 4.555866122245788574e-02 1.191411819308996201e-02 9.229076094925403595e-03 9.717900305986404419e-03 4.701034724712371826e-02 3.558281436562538147e-02 4.163201898336410522e-02 1.134574227035045624e-02 1.941123977303504944e-03 3.723402321338653564e-02 2.683355659246444702e-02 3.239096701145172119e-02 7.723835110664367676e-02 4.368891939520835876e-02 6.917123217135667801e-03 2.463374286890029907e-02 1.883976347744464874e-02 1.598015427589416504e-02 4.411989450454711914e-02 8.082295209169387817e-02 4.089710116386413574e-02 4.419911280274391174e-02 4.942230507731437683e-02 2.027485147118568420e-02 3.135795891284942627e-02 1.241970434784889221e-02 2.317784167826175690e-02 1.728510856628417969e-02 1.221745088696479797e-02 7.278303056955337524e-02 8.052369952201843262e-02 1.396671170368790627e-03 2.010252140462398529e-02 3.265272825956344604e-02 3.128545731306076050e-02 2.724210172891616821e-02 1.122236438095569611e-02 1.336394809186458588e-02 3.101330995559692383e-02 4.078337922692298889e-03 1.915030367672443390e-02 1.035116985440254211e-02 1.144108921289443970e-02 4.586448147892951965e-02 3.355218097567558289e-02 6.386092305183410645e-02 1.862982846796512604e-02 2.424733713269233704e-02 2.980146184563636780e-02 3.607914783060550690e-03 2.711465954780578613e-02 2.046293020248413086e-02 5.063170567154884338e-02 4.263830557465553284e-02 3.238485381007194519e-02 3.258147463202476501e-02 1.909990236163139343e-02 4.045762866735458374e-02 2.559761516749858856e-02 5.346132069826126099e-02 2.094873785972595215e-02 2.063984423875808716e-02 2.538942359387874603e-02 1.403973530977964401e-02 5.121940001845359802e-02 2.640546485781669617e-02 4.388013039715588093e-04 7.839684374630451202e-03 1.835518516600131989e-02 1.172784250229597092e-02 1.843184605240821838e-02 4.795019701123237610e-02 4.120525345206260681e-02 3.522708639502525330e-02 4.804792255163192749e-02 2.866212278604507446e-02 3.815830498933792114e-02 5.200581252574920654e-02 3.349280729889869690e-02 5.958397407084703445e-03 6.313228514045476913e-04 3.878479357808828354e-03 5.940883886069059372e-03 1.084140408784151077e-02 2.290656417608261108e-02 2.150511601939797401e-03 1.499727717600762844e-03 2.517009899020195007e-02 2.755111269652843475e-02 3.368772566318511963e-02 1.405748073011636734e-03 1.910249143838882446e-02 9.551719762384891510e-03 1.707655936479568481e-02 2.654266171157360077e-02 1.053591840900480747e-03 6.953403353691101074e-03 2.218513749539852142e-02 1.674897409975528717e-02
4.881956055760383606e-02 4.007495939731597900e-02 1.612084805965423584e-01 2.311385795474052429e-02 2.400135435163974762e-02 4.576597735285758972e-02 8.112458139657974243e-02 2.221757173538208008e-01 5.363108217716217041e-02 2.698927000164985657e-02 2.157299034297466278e-02 5.052475258708000183e-02 1.662884093821048737e-02 2.499481476843357086e-02 3.752807155251502991e-02 1.984514761716127396e-03 7.318410556763410568e-03 6.500520557165145874e-02 2.953206002712249756e-02 2.643134258687496185e-02 5.180499330163002014e-02 5.624929815530776978e-02 2.089557982981204987e-02 4.712798446416854858e-02 7.353598251938819885e-03 1.680599898099899292e-02 2.591433469206094742e-03 2.861208841204643250e-02 3.956140577793121338e-02 4.318771138787269592e-02 4.915402829647064209e-02 1.738600246608257294e-02 6.410119589418172836e-03 1.728070341050624847e-02 5.287883430719375610e-02 3.076764056459069252e-03 2.398348040878772736e-02 3.509828820824623108e-02 6.901606172323226929e-02 1.133043970912694931e-02 1.082983054220676422e-02 4.035076126456260681e-02 1.767176389694213867e-02 9.144712984561920166e-02 9.689917787909507751e-03 1.165609620511531830e-02 4.684258252382278442e-02 1.289716213941574097e-01 1.118554640561342239e-02 9.579297155141830444e-03 1.757970452308654785e-02 2.877138741314411163e-02 1.366334408521652222e-02 4.515372589230537415e-02 1.509326416999101639e-02 1.147068850696086884e-02 1.215992774814367294e-02 2.679697796702384949e-02 8.127664215862751007e-03 4.403666406869888306e-02 4.188799113035202026e-02 1.636528223752975464e-02 4.413762316107749939e-02 4.145047860220074654e-04 1.232898049056529999e-02 3.388788551092147827e-02 3.784943837672472000e-03 4.152494668960571289e-02 5.963043775409460068e-03 5.480915680527687073e-02 5.434837192296981812e-02 9.826505556702613831e-04 7.348743826150894165e-02 4.590009152889251709e-02 6.187181919813156128e-02 5.089642107486724854e-02 3.818802535533905029e-02 1.256577437743544579e-03 4.544630646705627441e-02 4.978640004992485046e-02 9.930134564638137817e-02 1.172691024839878082e-02 2.987417764961719513e-02 2.514029666781425476e-02 3.449735417962074280e-02 1.715858280658721924e-02 3.762007877230644226e-02 7.720480673015117645e-03 2.037894353270530701e-02 7.226776331663131714e-02 2.162663079798221588e-02 5.690572783350944519e-02 5.749811604619026184e-02 5.709036439657211304e-02 8.910402655601501465e-02 7.384613901376724243e-02 4.165691137313842773e-02 1.001487579196691513e-02 4.654037207365036011e-02 1.970280706882476807e-02 1.145627349615097046e-02 2.695365622639656067e-02 6.656531989574432373e-02 8.688050322234630585e-03 2.746066311374306679e-03 1.470842282287776470e-03 2.226706780493259430e-02 2.145116217434406281e-02 4.708651918917894363e-03 5.301417782902717590e-03 3.788894973695278168e-03 2.918773796409368515e-03 9.648108854889869690e-03 1.635541953146457672e-02 1.939479447901248932e-02 7.816221565008163452e-03
2.538864873349666595e-02 2.292069792747497559e-02 2.311385795474052429e-02 2.403556704521179199e-01 1.298451423645019531e-01 9.815151803195476532e-03 7.356055546551942825e-03 5.907007027417421341e-03 3.259671479463577271e-02 1.081995386630296707e-02 2.936370670795440674e-02 5.120016634464263916e-03 9.972378611564636230e-03 1.961947605013847351e-02 3.736411919817328453e-03 1.133204437792301178e-02 1.803654432296752930e-02 6.774748116731643677e-02 1.190904378890991211e-01 6.918811053037643433e-02 1.482144743204116821e-02 1.145181478932499886e-03 3.601869568228721619e-02 4.596080631017684937e-03 3.754824027419090271e-02 3.130357339978218079e-02 1.930480240844190121e-03 6.670747417956590652e-03 1.788117177784442902e-02 2.497147582471370697e-02 9.195187129080295563e-03 6.361015141010284424e-02 3.548344597220420837e-02 2.562763867899775505e-03 2.668120898306369781e-02 8.728004246950149536e-02 2.902158722281455994e-02 1.358685549348592758e-02 3.115158528089523315e-02 2.518606744706630707e-02 1.853812113404273987e-02 2.384591661393642426e-02 1.932062581181526184e-02 3.513036668300628662e-02 4.877524822950363159e-02 2.345145680010318756e-02 1.119334809482097626e-02 1.909639220684766769e-03 3.777679428458213806e-02 1.909303478896617889e-02 2.641631290316581726e-02 2.799435704946517944e-02 9.379222989082336426e-02 9.113720618188381195e-03 4.335538670420646667e-02 1.722902245819568634e-02 3.173991292715072632e-02 9.924447163939476013e-03 4.907093569636344910e-02 1.762203313410282135e-02 1.818362995982170105e-02 6.209554523229598999e-02 3.938841447234153748e-02 1.492327917367219925e-02 1.888518221676349640e-02 3.800999745726585388e-02 1.372676249593496323e-02 3.715614974498748779e-02 2.300399355590343475e-03 5.919706821441650391e-02 2.220262074843049049e-03 6.667955778539180756e-03 1.609796136617660522e-01 4.893791396170854568e-03 1.113108694553375244e-01 2.558410726487636566e-02 2.037682384252548218e-02 3.340657427906990051e-02 2.600983344018459320e-02 1.760262623429298401e-02 4.478749632835388184e-02 5.264039617031812668e-03 7.229168713092803955e-02 8.738933503627777100e-02 3.905985131859779358e-02 1.739179715514183044e-02 1.205272157676517963e-03 2.103447727859020233e-02 4.088648036122322083e-02 8.035867474973201752e-03 8.876227773725986481e-03 2.211135812103748322e-02 9.851207025349140167e-03 6.318333093076944351e-03 2.580676600337028503e-02 3.235403820872306824e-02 3.376088337972760201e-03 3.343460708856582642e-02 3.649635985493659973e-02 1.644740998744964600e-02 1.747276820242404938e-02 2.408058941364288330e-02 1.644493825733661652e-02 8.331329561769962311e-03 4.204666614532470703e-02 8.897426724433898926e-02 4.117717966437339783e-02 4.867401346564292908e-02 3.996064141392707825e-02 4.014411196112632751e-02 4.573593288660049438e-02 2.318687364459037781e-02 2.688010782003402710e-02 2.169577637687325478e-03 5.261693149805068970e-02 2.581457234919071198e-02
1.150502916425466537e-02 8.323343470692634583e-03 2.400135435163974762e-02 1.298451423645019531e-01 2.583824992179870605e-01 3.747651353478431702e-02 3.328683599829673767e-02 2.889254316687583923e-02 2.616405114531517029e-02 2.952874870970845222e-03 1.242886669933795929e-02 3.248350322246551514e-02 1.954275928437709808e-02 1.508168410509824753e-02 3.243309212848544121e-03 2.630440331995487213e-02 1.816995441913604736e-02 6.698095798492431641e-02 1.288790255784988403e-01 5.630489811301231384e-02 5.004940088838338852e-03 8.002179674804210663e-03 4.340491443872451782e-02 8.955614641308784485e-03 3.949202224612236023e-02 1.348066236823797226e-02 2.426564134657382965e-02 7.908646948635578156e-03 2.022665180265903473e-02 1.798893138766288757e-02 1.131656859070062637e-02 3.700279071927070618e-02 3.487829864025115967e-02 1.154764322564005852e-03 2.969705313444137573e-02 7.379705458879470825e-02 3.167539462447166443e-02 5.637954920530319214e-03 6.862235069274902344e-02 5.790504813194274902e-02 1.719515211880207062e-02 1.605409942567348480e-02 1.807548478245735168e-02 2.525826171040534973e-02 5.837870389223098755e-02 3.137506917119026184e-02 1.741162035614252090e-03 3.555222228169441223e-02 6.889858283102512360e-03 1.022594142705202103e-02 2.909496799111366272e-02 2.738474495708942413e-02 9.176623821258544922e-02 5.697607062757015228e-03 1.417663507163524628e-02 1.051907707005739212e-02 3.934129700064659119e-02 4.340958315879106522e-03 6.297589093446731567e-02 2.192176505923271179e-02 4.355811327695846558e-02 7.205924391746520996e-02 1.137666776776313782e-02 1.821547560393810272e-02 2.594289556145668030e-02 3.306388482451438904e-02 6.655554287135601044e-03 2.257024124264717102e-02 2.034529857337474823e-02 5.442943051457405090e-02 3.415113687515258789e-02 1.389158144593238831e-02 1.277904957532882690e-01 2.769119478762149811e-02 1.351527273654937744e-01 2.728857472538948059e-02 2.187280729413032532e-02 2.415929734706878662e-02 3.593049570918083191e-02 3.203041385859251022e-03 6.278886646032333374e-02 4.895269498229026794e-02 8.448059111833572388e-02 1.111374497413635254e-01 3.612136840820312500e-02 1.389611884951591492e-02 4.822278395295143127e-03 3.191233426332473755e-02 5.898849107325077057e-03 1.167118735611438751e-02 1.100467611104249954e-02 1.494328305125236511e-02 9.684594348073005676e-03 9.070415049791336060e-03 4.103944636881351471e-03 1.567225530743598938e-02 9.250233881175518036e-03 4.415389522910118103e-02 2.467010729014873505e-02 7.424028124660253525e-03 5.341058596968650818e-02 9.724175557494163513e-03 6.378171499818563461e-03 1.396874524652957916e-02 2.022399567067623138e-02 8.634832501411437988e-02 5.788028985261917114e-02 4.322506114840507507e-02 2.389598079025745392e-02 3.256978839635848999e-02 3.882778808474540710e-02 1.451534219086170197e-02 3.816383332014083862e-02 1.510663330554962158e-02 7.148145884275436401e-02 3.083647042512893677e-02
1.265131384134292603e-01 9.891211241483688354e-02 4.576597735285758972e-02 9.815151803195476532e-03 3.747651353478431702e-02 2.477466613054275513e-01 1.766347885131835938e-01 5.850706249475479126e-03 7.122998591512441635e-03 1.599292270839214325e-02 9.108886867761611938e-02 1.208924353122711182e-01 5.130452662706375122e-02 1.197268813848495483e-01 1.609403826296329498e-02 9.910166263580322266e-03 2.439473010599613190e-02 1.460401341319084167e-03 3.142746165394783020e-02 4.753747954964637756e-02 1.373649202287197113e-02 5.073920264840126038e-02 4.180835559964179993e-02 4.700580239295959473e-02 2.236466854810714722e-02 2.289777249097824097e-02 6.347479671239852905e-02 3.851935267448425293e-02 2.540353126823902130e-02 2.580699697136878967e-02 1.312712114304304123e-02 5.201434716582298279e-03 4.427653923630714417e-02 2.303971350193023682e-02 4.132061451673507690e-02 1.151892589405179024e-03 1.897382549941539764e-02 3.484939783811569214e-02 6.201618351042270660e-03 1.157651469111442566e-02 1.892094500362873077e-02 4.346078261733055115e-02 3.575329028535634279e-04 1.248857285827398300e-02 7.113856822252273560e-02 3.964028880000114441e-02 1.276495009660720825e-01 7.347468286752700806e-02 1.993574388325214386e-02 4.441752098500728607e-03 5.401335190981626511e-03 1.624704338610172272e-02 2.212386019527912140e-02 3.513548895716667175e-02 2.086226269602775574e-02 2.502732910215854645e-02 1.938942074775695801e-02 3.829031065106391907e-02 2.750616334378719330e-02 3.258031234145164490e-02 1.897616870701313019e-02 1.552482042461633682e-02 2.757344394922256470e-03 1.963866641744971275e-03 4.806624352931976318e-02 3.192298114299774170e-02 2.508934959769248962e-02 2.363196946680545807e-02 2.336027473211288452e-02 5.546794459223747253e-02 1.435595937073230743e-02 9.917537681758403778e-03 8.972635492682456970e-03 3.187489230185747147e-03 2.189581468701362610e-02 2.930388320237398148e-03 1.750538498163223267e-02 1.656752638518810272e-02 1.584119535982608795e-02 2.251841127872467041e-03 1.329252496361732483e-02 2.740629203617572784e-02 2.868852764368057251e-02 2.688372880220413208e-02 2.149271406233310699e-02 3.304973244667053223e-03 1.181225571781396866e-02 1.473176106810569763e-02 1.184159610420465469e-02 3.119511343538761139e-02 1.893355138599872589e-02 5.162385478615760803e-02 2.685214765369892120e-02 3.195552527904510498e-02 5.344873666763305664e-02 1.994533836841583252e-02 1.267367321997880936e-02 3.343757940456271172e-03 1.557103078812360764e-02 2.206604741513729095e-02 3.335671126842498779e-02 2.379701938480138779e-03 4.573738202452659607e-03 1.940897479653358459e-02 2.075285091996192932e-02 6.081305909901857376e-03 2.258701622486114502e-02 1.113011594861745834e-02 1.001475960947573185e-03 1.799559406936168671e-02 5.126271280460059643e-04 1.301545649766921997e-02 1.214608177542686462e-02 1.568655110895633698e-02 3.044741041958332062e-02 8.036958053708076477e-03
1.577772945165634155e-01 1.493180096149444580e-01 8.112458139657974243e-02 7.356055546551942825e-03 3.328683599829673767e-02 1.766347885131835938e-01 2.701844274997711182e-01 2.043260261416435242e-02 2.512154169380664825e-02 1.509198080748319626e-02 9.038078784942626953e-02 8.085567504167556763e-02 7.353649288415908813e-02 8.913867175579071045e-02 8.893618360161781311e-03 2.468187175691127777e-02 1.693678274750709534e-02 7.403806666843593121e-04 2.705305628478527069e-02 1.615005917847156525e-02 4.008195921778678894e-02 7.115364074707031250e-02 2.322521992027759552e-02 2.025255560874938965e-02 8.395208977162837982e-03 3.707638382911682129e-02 6.637195497751235962e-02 4.338148515671491623e-03 1.918674819171428680e-02 7.187699526548385620e-02 2.096701227128505707e-02 4.517186060547828674e-02 7.260126620531082153e-02 5.487536545842885971e-03 1.984534971415996552e-02 7.829155772924423218e-03 3.606494143605232239e-02 5.749482288956642151e-02 7.374291121959686279e-02 4.667734354734420776e-02 3.079180605709552765e-03 3.373753279447555542e-02 4.512611031532287598e-02 3.587809205055236816e-02 6.492682546377182007e-02 3.979634866118431091e-02 1.741222590208053589e-01 2.143771946430206299e-01 2.293247170746326447e-02 4.352703108452260494e-04 3.103155642747879028e-02 1.756196841597557068e-02 6.186408572830259800e-04 8.703919127583503723e-03 3.509086742997169495e-02 3.158222651109099388e-03 2.054784446954727173e-02 7.782977540045976639e-03 5.708208773285150528e-04 5.193296354264020920e-03 1.348601188510656357e-02 3.488232940435409546e-02 6.976542621850967407e-02 1.053155958652496338e-02 2.519682236015796661e-02 4.348577186465263367e-02 1.938407681882381439e-02 6.944225169718265533e-03 2.265758998692035675e-02 4.778933897614479065e-02 3.941024094820022583e-02 2.078878507018089294e-02 4.705292731523513794e-02 3.682970127556473017e-04 5.378291010856628418e-02 1.557127572596073151e-02 4.226994886994361877e-02 5.373438075184822083e-02 3.708721324801445007e-02 2.472829259932041168e-02 5.246969684958457947e-02 4.272761940956115723e-02 1.242507155984640121e-02 4.367015510797500610e-02 7.302842102944850922e-03 2.276482433080673218e-02 7.271545473486185074e-03 9.291785769164562225e-03 4.673247784376144409e-02 2.938525378704071045e-02 3.572481498122215271e-02 6.753893941640853882e-02 6.589151918888092041e-02 4.277257248759269714e-02 9.806447476148605347e-02 3.966403380036354065e-02 1.474743429571390152e-02 7.692582905292510986e-03 4.281145986169576645e-03 1.387951243668794632e-02 3.642918169498443604e-02 9.431449696421623230e-03 8.908069692552089691e-03 1.164693478494882584e-02 3.937076777219772339e-02 3.523739054799079895e-02 1.239468227140605450e-03 6.067105568945407867e-03 3.794227261096239090e-03 2.851284807547926903e-03 4.367461660876870155e-04 2.845171838998794556e-02 6.317629478871822357e-03 4.549842700362205505e-02 2.392853610217571259e-02 6.536862347275018692e-03
1.794729381799697876e-02 4.782431945204734802e-02 2.221757173538208008e-01 5.907007027417421341e-03 2.889254316687583923e-02 5.850706249475479126e-03 2.043260261416435242e-02 1.845495253801345825e-01 5.415562074631452560e-03 3.654786944389343262e-02 3.639411646872758865e-03 2.208198606967926025e-02 3.288401290774345398e-02 4.449640214443206787e-02 7.439185678958892822e-02 2.396373637020587921e-02 1.658772118389606476e-02 2.573439665138721466e-02 4.302387312054634094e-02 3.287691995501518250e-02 4.517737030982971191e-02 1.097836159169673920e-02 2.889903262257575989e-02 1.838863082230091095e-02 7.455660495907068253e-03 3.948378562927246094e-02 1.751575432717800140e-02 7.162366528064012527e-03 2.216038294136524200e-02 2.754693478345870972e-02 4.818031191825866699e-02 4.751989990472793579e-02 3.104058792814612389e-03 1.679273508489131927e-02 2.566775120794773102e-02 6.311849574558436871e-04 3.898285795003175735e-03 7.587388623505830765e-03 9.575130417943000793e-03 2.493986487388610840e-02 2.398547343909740448e-02 6.303457543253898621e-03 5.592489615082740784e-03 7.677315920591354370e-02 2.747623994946479797e-02 2.019843459129333496e-02 9.200914204120635986e-02 2.630141749978065491e-02 1.208854187279939651e-02 1.375517342239618301e-02 8.775457972660660744e-04 1.402878016233444214e-02 1.681059785187244415e-02 3.135950490832328796e-02 1.862000487744808197e-02 2.074844017624855042e-02 3.477435559034347534e-02 2.017924003303050995e-02 5.072536319494247437e-02 3.135440498590469360e-02 5.412124469876289368e-02 2.662665210664272308e-02 3.045496065169572830e-03 4.473267123103141785e-02 3.796306625008583069e-02 2.445070073008537292e-02 8.845605887472629547e-03 2.130248770117759705e-02 3.091808967292308807e-02 3.546935692429542542e-02 1.715422421693801880e-02 2.273192070424556732e-02 2.868407033383846283e-02 3.097028844058513641e-02 1.496027922257781029e-03 4.435487498994916677e-04 3.415118437260389328e-03 1.883170753717422485e-02 1.303542777895927429e-02 1.807647012174129486e-02 1.377093642950057983e-01 1.404873430728912354e-01 1.540287770330905914e-02 4.494346305727958679e-02 3.121838718652725220e-02 3.822985291481018066e-02 8.808582276105880737e-02 3.661274909973144531e-02 4.786881431937217712e-02 3.389406576752662659e-02 8.031821344047784805e-04 1.444387156516313553e-02 2.968235313892364502e-02 2.797452174127101898e-02 5.141253024339675903e-02 2.379112131893634796e-02 1.182268001139163971e-02 8.288199082016944885e-03 2.554115466773509979e-02 3.826416656374931335e-02 4.202622175216674805e-02 6.186143029481172562e-03 3.948381636291742325e-03 1.433421764522790909e-02 6.863114424049854279e-03 4.641521722078323364e-02 2.345832437276840210e-02 3.489316254854202271e-02 3.423085808753967285e-02 1.291724387556314468e-02 1.568490266799926758e-02 1.529864128679037094e-02 3.418611735105514526e-02 2.384677827649284154e-05 1.736813597381114960e-02 2.446121163666248322e-02
1.199344405904412270e-03 1.856395229697227478e-02 5.363108217716217041e-02 3.259671479463577271e-02 2.616405114531517029e-02 7.122998591512441635e-03 2.512154169380664825e-02 5.415562074631452560e-03 2.222778052091598511e-01 5.144062638282775879e-02 5.131546780467033386e-02 1.919492334127426147e-02 2.118391916155815125e-03 8.204026147723197937e-03 1.687996461987495422e-02 6.272024661302566528e-02 2.919062040746212006e-02 3.643614053726196289e-02 3.175118565559387207e-02 5.730199068784713745e-02 4.831863567233085632e-02 6.367743946611881256e-03 1.577240601181983948e-02 1.636396162211894989e-02 4.829652979969978333e-02 4.146879538893699646e-02 1.579170301556587219e-02 4.304338991641998291e-02 3.785282373428344727e-02 2.885966747999191284e-02 2.312210761010646820e-02 3.297520428895950317e-02 2.573944814503192902e-02 2.551412023603916168e-02 6.867045909166336060e-02 6.240810453891754150e-02 2.705315314233303070e-02 2.636815235018730164e-02 3.345129266381263733e-02 4.357545822858810425e-02 3.862525150179862976e-02 7.275967299938201904e-02 6.187884602695703506e-03 4.390670359134674072e-02 1.203859969973564148e-02 3.053756430745124817e-02 4.797273781150579453e-03 2.928879112005233765e-02 7.417789846658706665e-02 6.263679265975952148e-02 3.340675681829452515e-02 2.629742771387100220e-02 6.436768174171447754e-02 3.153272718191146851e-02 8.046058565378189087e-02 3.744830936193466187e-02 6.753835827112197876e-03 4.005111288279294968e-03 1.654608733952045441e-02 1.590651459991931915e-03 2.535752952098846436e-02 5.201993510127067566e-02 4.192544147372245789e-03 6.411948055028915405e-02 4.088424518704414368e-02 1.441325293853878975e-03 6.129765883088111877e-02 4.972101375460624695e-02 6.535255908966064453e-02 3.866090846713632345e-04 8.061721920967102051e-02 4.773585498332977295e-02 5.265881121158599854e-02 5.637041851878166199e-02 4.641607403755187988e-02 4.864217340946197510e-02 8.100102096796035767e-02 6.457371264696121216e-02 5.877791717648506165e-02 4.462409019470214844e-02 5.095427855849266052e-02 2.662310749292373657e-02 3.876988310366868973e-03 3.090910427272319794e-02 3.311169147491455078e-02 7.755066733807325363e-03 2.393171377480030060e-02 5.520225316286087036e-02 2.020872896537184715e-03 2.716212905943393707e-02 1.208527758717536926e-02 2.574557065963745117e-02 1.293433364480733871e-02 1.537876762449741364e-02 5.987203214317560196e-03 3.963703347835689783e-04 9.594676084816455841e-03 2.908902615308761597e-02 5.234454199671745300e-02 3.543789312243461609e-02 1.194054353982210159e-02 5.609514191746711731e-02 3.065542504191398621e-02 2.839128859341144562e-02 4.761418700218200684e-02 2.076980099081993103e-02 2.749366872012615204e-02 2.009267546236515045e-02 4.045265167951583862e-02 2.663558349013328552e-02 5.264683812856674194e-02 1.410050317645072937e-02 3.990025073289871216e-02 3.128146380186080933e-02 6.288367509841918945e-02 3.418965637683868408e-02
2.826347760856151581e-02 2.598771825432777405e-02 2.698927000164985657e-02 1.081995386630296707e-02 2.952874870970845222e-03 1.599292270839214325e-02 1.509198080748319626e-02 3.654786944389343262e-02 5.144062638282775879e-02 2.212693244218826294e-01 2.156848087906837463e-02 1.079194946214556694e-03 5.989955272525548935e-03 9.795692749321460724e-03 2.194026671350002289e-02 7.154359668493270874e-02 8.793702721595764160e-02 1.862243190407752991e-02 3.470116108655929565e-02 1.680782064795494080e-02 4.493423923850059509e-02 3.845364972949028015e-02 1.467204838991165161e-02 4.646756127476692200e-02 1.507684821262955666e-03 5.838080868124961853e-02 2.095590159296989441e-02 1.525049842894077301e-02 2.449142001569271088e-02 2.316325344145298004e-02 4.600186366587877274e-03 5.066296830773353577e-02 6.413040310144424438e-02 8.338042534887790680e-03 4.706599935889244080e-02 8.498826995491981506e-03 2.389553375542163849e-02 2.705947495996952057e-02 6.713886745274066925e-03 2.557969093322753906e-02 3.644885867834091187e-02 2.353897690773010254e-02 3.475011140108108521e-02 1.129138655960559845e-02 4.833098500967025757e-02 3.599524870514869690e-02 5.487670749425888062e-02 2.823852468281984329e-03 2.311018295586109161e-02 6.527707725763320923e-02 1.775683090090751648e-02 2.378097921609878540e-02 2.606027200818061829e-02 2.053986117243766785e-02 8.994040079414844513e-03 1.150958985090255737e-01 3.333968669176101685e-02 5.118180438876152039e-02 2.966711670160293579e-02 1.461451407521963120e-02 9.262623265385627747e-03 2.495683915913105011e-02 1.235177926719188690e-02 1.124061550945043564e-02 2.453407086431980133e-02 1.567423716187477112e-02 1.890529133379459381e-02 4.304509982466697693e-02 8.313784748315811157e-02 6.537067890167236328e-02 1.527151912450790405e-01 3.817314747720956802e-03 6.713873893022537231e-02 5.284489318728446960e-02 2.986723743379116058e-02 4.486797115532681346e-05 5.311986804008483887e-02 9.801692515611648560e-02 1.505729369819164276e-02 5.208425596356391907e-02 2.655615843832492828e-02 3.362361341714859009e-02 9.191515855491161346e-03 1.590588502585887909e-02 2.047747373580932617e-02 4.490490257740020752e-02 1.102651283144950867e-02 1.531365979462862015e-02 6.030287593603134155e-02 1.484551131725311279e-01 6.582080386579036713e-03 1.078928727656602859e-02 1.725932769477367401e-02 2.709902636706829071e-02 1.607533358037471771e-02 2.957442589104175568e-02 3.865248337388038635e-02 5.201579537242650986e-03 3.055175580084323883e-02 3.026488423347473145e-02 3.821846470236778259e-02 2.365579828619956970e-02 3.561544418334960938e-02 3.143369033932685852e-02 1.335775200277566910e-02 1.386412046849727631e-02 2.813852578401565552e-02 1.409998536109924316e-02 1.334439311176538467e-02 9.197615087032318115e-03 3.228680789470672607e-02 7.292352616786956787e-03 1.717788400128483772e-03 6.611406337469816208e-03 2.053703647106885910e-03 3.990292549133300781e-03
1.198044121265411377e-01 8.604214340448379517e-02 2.157299034297466278e-02 2.936370670795440674e-02 1.242886669933795929e-02 9.108886867761611938e-02 9.038078784942626953e-02 3.639411646872758865e-03 5.131546780467033386e-02 2.156848087906837463e-02 2.173986285924911499e-01 4.888779670000076294e-02 6.922390311956405640e-02 4.999259859323501587e-02 1.769419945776462555e-02 2.360756741836667061e-03 6.706796120852231979e-03 4.694759845733642578e-02 5.435667000710964203e-03 1.344416290521621704e-02 1.449400279670953751e-02 3.195650130510330200e-02 5.161473900079727173e-02 6.094945594668388367e-02 3.292577341198921204e-02 1.370670623145997524e-03 6.366320699453353882e-02 2.506353659555315971e-03 7.970581203699111938e-02 5.716367065906524658e-02 3.223523497581481934e-02 2.336185891181230545e-03 4.844319447875022888e-02 2.654735371470451355e-02 4.373228549957275391e-02 3.133320249617099762e-03 5.254361778497695923e-02 3.909578546881675720e-02 4.697663243860006332e-03 2.397984266281127930e-02 3.454519202932715416e-03 3.336544707417488098e-02 5.261979252099990845e-02 3.895212337374687195e-02 2.470234595239162445e-02 4.887570440769195557e-02 2.927080914378166199e-02 1.878084056079387665e-02 2.976922318339347839e-02 2.695390395820140839e-02 2.679590508341789246e-02 2.777623012661933899e-02 2.497738227248191833e-02 1.800355501472949982e-02 1.449848245829343796e-02 8.214982808567583561e-04 7.121179252862930298e-03 2.890317700803279877e-03 2.818676293827593327e-04 8.017270825803279877e-03 5.173995345830917358e-02 4.285547882318496704e-02 6.281457375735044479e-03 5.946185439825057983e-02 5.475270748138427734e-02 2.916876971721649170e-02 3.747923299670219421e-02 4.479138925671577454e-02 1.341494545340538025e-02 4.596994817256927490e-02 4.905135557055473328e-02 1.530830166302621365e-03 6.483562290668487549e-02 2.285439893603324890e-02 2.925353497266769409e-02 1.038541644811630249e-02 6.373225897550582886e-02 1.255553914234042168e-03 1.566916517913341522e-02 2.169417962431907654e-02 8.968907408416271210e-03 4.945076256990432739e-02 2.458176761865615845e-02 2.305747009813785553e-02 1.303248852491378784e-02 4.023611918091773987e-02 3.212332352995872498e-02 9.704473777674138546e-04 1.852517947554588318e-02 1.285355165600776672e-02 5.990143865346908569e-02 4.033693671226501465e-02 6.024480797350406647e-03 1.683058589696884155e-02 4.856028780341148376e-02 2.442338969558477402e-03 2.090337499976158142e-02 1.047331094741821289e-02 3.555121133103966713e-03 8.200292475521564484e-03 1.764595508575439453e-02 1.836055330932140350e-02 1.364188641309738159e-02 2.119179069995880127e-02 1.501759863458573818e-03 1.839401014149188995e-02 1.561143435537815094e-02 3.241288010030984879e-03 5.689300596714019775e-03 1.508766436018049717e-04 4.667099565267562866e-03 7.910233922302722931e-03 2.152328751981258392e-02 6.578148901462554932e-02 1.608132384717464447e-02 1.823464757762849331e-03
2.846186235547065735e-02 4.072244465351104736e-02 5.052475258708000183e-02 5.120016634464263916e-03 3.248350322246551514e-02 1.208924353122711182e-01 8.085567504167556763e-02 2.208198606967926025e-02 1.919492334127426147e-02 1.079194946214556694e-03 4.888779670000076294e-02 2.395483106374740601e-01 4.412022978067398071e-02 2.334411442279815674e-01 1.229892391711473465e-02 1.621348597109317780e-02 7.138006389141082764e-03 5.119742453098297119e-02 1.745132170617580414e-02 3.541555628180503845e-02 1.602778770029544830e-02 2.918732166290283203e-02 5.741638690233230591e-02 5.828587710857391357e-02 1.650238875299692154e-03 6.584024056792259216e-03 3.928627446293830872e-02 1.933911591768264771e-01 8.007410913705825806e-03 1.202050149440765381e-01 4.164265841245651245e-02 1.621370087377727032e-03 4.247028008103370667e-02 2.743008546531200409e-02 2.063780650496482849e-02 1.167811267077922821e-02 7.327523082494735718e-03 2.611001394689083099e-02 4.025424271821975708e-02 5.192701239138841629e-03 8.701294660568237305e-03 6.371323019266128540e-02 5.054295435547828674e-02 1.369989709928631783e-03 1.076037362217903137e-01 8.020160347223281860e-02 1.855611056089401245e-02 2.283808588981628418e-02 4.567505046725273132e-02 9.302265942096710205e-03 2.626406028866767883e-02 2.607740275561809540e-02 5.700574442744255066e-02 3.961269557476043701e-02 6.340229511260986328e-02 2.614424191415309906e-02 2.672706916928291321e-02 2.852658927440643311e-02 6.482499092817306519e-02 4.651724174618721008e-02 3.823493421077728271e-02 1.793302781879901886e-02 5.686361715197563171e-02 1.048747915774583817e-02 5.298395082354545593e-02 1.494662091135978699e-02 6.190697662532329559e-03 2.988060191273689270e-02 2.475210092961788177e-02 9.345028549432754517e-03 3.160422295331954956e-02 3.863755613565444946e-02 3.158134594559669495e-02 2.872666902840137482e-02 5.682198330760002136e-02 4.700583219528198242e-02 1.601880230009555817e-02 1.351268775761127472e-02 5.562053248286247253e-02 4.568486474454402924e-03 2.658425830304622650e-02 3.110029920935630798e-02 8.493015542626380920e-03 2.028640173375606537e-02 2.315169386565685272e-02 3.234260482713580132e-03 1.324623636901378632e-02 4.621395841240882874e-03 5.206555873155593872e-02 2.637724205851554871e-02 3.884432464838027954e-02 8.760404307395219803e-05 7.340246438980102539e-02 1.552339736372232437e-02 2.061341889202594757e-02 2.690346352756023407e-02 3.231164067983627319e-02 3.195986151695251465e-02 1.183460652828216553e-02 1.887853257358074188e-02 3.791504306718707085e-03 3.810827061533927917e-02 2.306179516017436981e-02 2.411731518805027008e-03 2.169956825673580170e-02 8.410819806158542633e-03 7.959639653563499451e-03 3.346967324614524841e-02 2.388004772365093231e-02 2.430849336087703705e-02 2.290820889174938202e-02 2.855706401169300079e-02 1.988473115488886833e-03 2.680290304124355316e-02 1.251404453068971634e-02 3.703789040446281433e-02
6.858038157224655151e-02 6.262386590242385864e-02 1.662884093821048737e-02 9.972378611564636230e-03 1.954275928437709808e-02 5.130452662706375122e-02 7.353649288415908813e-02 3.288401290774345398e-02 2.118391916155815125e-03 5.989955272525548935e-03 6.922390311956405640e-02 4.412022978067398071e-02 2.216107398271560669e-01 2.967459708452224731e-02 3.018973954021930695e-02 2.059649676084518433e-02 3.486694768071174622e-02 2.539165131747722626e-02 3.314070403575897217e-03 5.530955735594034195e-03 3.025228902697563171e-02 5.033302307128906250e-02 2.848465368151664734e-02 1.587159559130668640e-02 2.874776837415993214e-04 2.043660543859004974e-02 4.363718256354331970e-02 2.024242887273430824e-03 3.420684114098548889e-02 7.208789139986038208e-02 5.560878291726112366e-02 9.758197120390832424e-04 1.195413991808891296e-02 1.094257738441228867e-02 2.926470339298248291e-02 2.393901115283370018e-03 2.563931606709957123e-02 1.104114949703216553e-02 3.042068332433700562e-02 2.013891935348510742e-02 1.869344711303710938e-02 1.910332008264958858e-03 1.565134711563587189e-02 1.169473025947809219e-02 3.782324492931365967e-02 3.432473540306091309e-02 4.524666070938110352e-02 5.816123262047767639e-02 6.891942583024501801e-03 3.393244370818138123e-02 1.063811965286731720e-02 6.709345150738954544e-03 1.045887172222137451e-02 1.052581612020730972e-02 1.041289698332548141e-02 6.501634139567613602e-03 1.838599704205989838e-02 2.611994370818138123e-02 8.219015784561634064e-03 1.183411572128534317e-02 3.806303441524505615e-02 6.754891946911811829e-03 2.030760515481233597e-03 1.641487143933773041e-02 4.334785044193267822e-02 4.400323703885078430e-02 5.668169353157281876e-03 5.395439639687538147e-02 7.358813192695379257e-03 4.114731401205062866e-02 5.480226129293441772e-02 3.935873135924339294e-02 3.456962853670120239e-02 2.243682555854320526e-02 2.607182413339614868e-02 2.679787203669548035e-02 9.435179643332958221e-03 9.204746223986148834e-03 2.314244769513607025e-02 3.014962188899517059e-02 6.223797332495450974e-03 7.369359489530324936e-03 3.296218067407608032e-02 1.631544716656208038e-02 9.094694629311561584e-03 3.200256079435348511e-02 2.193273603916168213e-02 3.665082529187202454e-02 3.403606638312339783e-02 3.372254595160484314e-02 3.929661959409713745e-02 3.099042549729347229e-02 4.267797246575355530e-02 4.358347132802009583e-02 3.843625262379646301e-02 1.822004839777946472e-02 7.963687181472778320e-03 7.959906011819839478e-03 1.117549370974302292e-02 9.291479364037513733e-03 3.820400219410657883e-03 2.047033747658133507e-03 5.787984468042850494e-03 2.885140711441636086e-03 2.033302187919616699e-02 4.584219679236412048e-02 1.338194776326417923e-02 1.841346360743045807e-02 2.673132158815860748e-02 3.526234999299049377e-02 1.529816817492246628e-02 2.716957358643412590e-03 2.072503603994846344e-02 2.353753335773944855e-02 9.035076014697551727e-03 2.062531188130378723e-03
