3.210843354463577271e-02 2.125531286001205444e-01 2.582820132374763489e-03 7.341385632753372192e-02 8.836355805397033691e-02 8.998675644397735596e-02 7.409857213497161865e-02 2.567669935524463654e-02 6.206895411014556885e-02 1.236679032444953918e-02 1.656367033720016479e-01 5.836863070726394653e-02 1.413302123546600342e-01 1.710502803325653076e-02 4.093343392014503479e-02 4.421404376626014709e-02 1.703047938644886017e-02 8.313618600368499756e-03 8.838432841002941132e-03 7.993131875991821289e-03 3.400365263223648071e-02 5.188133940100669861e-02 1.009200885891914368e-02 1.004598569124937057e-02 3.960619866847991943e-02 3.086712956428527832e-02 4.007876291871070862e-02 6.047393754124641418e-02 1.251866109669208527e-02 1.171917002648115158e-02 3.196535259485244751e-02 2.439474314451217651e-02 6.163943558931350708e-03 1.026837155222892761e-02 6.060898303985595703e-02 4.399621486663818359e-02 1.462652627378702164e-02 1.812984421849250793e-02 2.746824920177459717e-02 4.660259932279586792e-02 5.340177938342094421e-02 9.384033828973770142e-02 3.389276191592216492e-02 4.570018500089645386e-03 6.044507399201393127e-02 8.340183645486831665e-02 3.614680469036102295e-02 6.559474766254425049e-02 3.406666591763496399e-02 9.575845673680305481e-03 5.038141086697578430e-02 6.544756703078746796e-03 2.917523728683590889e-03 4.083121195435523987e-03 5.586447939276695251e-02 7.364008110016584396e-03 5.518043041229248047e-02 5.623896047472953796e-02 1.705489121377468109e-02 2.621022611856460571e-02 8.076545596122741699e-02 6.423097848892211914e-02 3.260936122387647629e-03 2.112038061022758484e-02 8.136570453643798828e-02 6.364540755748748779e-02 1.373534649610519409e-02 9.823711588978767395e-03 1.941744051873683929e-02 1.080119609832763672e-02 1.221825927495956421e-02 2.098347805440425873e-02 3.820655122399330139e-02 1.507781445980072021e-03 8.410579711198806763e-02 2.607180178165435791e-02 2.574711106717586517e-03 5.815842375159263611e-02 2.034830395132303238e-03 4.480909928679466248e-02 3.646051511168479919e-02 2.003187313675880432e-02 5.258718505501747131e-02 9.778377600014209747e-03 1.227584760636091232e-02 1.581943035125732422e-02 5.860815290361642838e-04 1.060343347489833832e-02 3.121911175549030304e-02 5.534331128001213074e-02 5.040271952748298645e-02 5.777836963534355164e-02 4.276397451758384705e-02 1.451325137168169022e-02 1.333019044250249863e-02 4.619624838232994080e-02 3.506335988640785217e-02 7.115799933671951294e-02 1.290273517370223999e-01 7.870370894670486450e-02 3.527189046144485474e-02 4.751933272927999496e-03 1.085092592984437943e-02 2.812237851321697235e-02 1.660063862800598145e-02 4.348459094762802124e-02 3.172184526920318604e-02 6.976477801799774170e-03 2.786373719573020935e-02 4.179943352937698364e-02 2.736029773950576782e-02 3.092908300459384918e-02 2.489536814391613007e-02 4.614173248410224915e-02 7.353770546615123749e-03 5.210296716541051865e-03
2.125531286001205444e-01 3.549445793032646179e-02 2.873873151838779449e-02 5.665067210793495178e-02 4.672678187489509583e-02 6.290971487760543823e-02 3.813469037413597107e-02 6.037833541631698608e-02 4.123526811599731445e-02 3.260869905352592468e-02 1.536060422658920288e-01 7.755250483751296997e-02 2.015790492296218872e-01 2.447077445685863495e-02 3.111943442490883172e-05 2.009710669517517090e-02 5.250236950814723969e-03 7.050381600856781006e-02 1.705859089270234108e-03 4.552028700709342957e-02 8.875884115695953369e-03 1.647451147437095642e-02 4.078580439090728760e-02 2.856394276022911072e-03 1.295076031237840652e-02 4.221353307366371155e-02 6.474614143371582031e-02 1.054010465741157532e-01 3.984987363219261169e-02 5.492049083113670349e-02 6.044602021574974060e-02 2.417144738137722015e-02 2.317347936332225800e-02 1.142618060111999512e-02 4.221083596348762512e-02 4.110371693968772888e-02 5.364165641367435455e-03 3.155181882902979851e-03 1.653672941029071808e-02 5.528524890542030334e-02 2.804982289671897888e-02 7.604444026947021484e-02 1.938750781118869781e-02 3.129331395030021667e-02 4.649519175291061401e-02 6.249673664569854736e-02 6.756123900413513184e-02 2.793806977570056915e-02 5.245939269661903381e-02 3.311540931463241577e-02 3.556451946496963501e-02 1.359600573778152466e-02 4.391302820295095444e-03 3.615404246374964714e-03 1.749188872054219246e-03 3.331060335040092468e-02 6.334147416055202484e-03 2.310464903712272644e-02 7.030467037111520767e-03 4.872763901948928833e-02 3.771370649337768555e-02 7.799136638641357422e-02 2.937044389545917511e-02 6.539388094097375870e-03 6.273479014635086060e-02 4.820431768894195557e-02 4.597614333033561707e-02 3.388729644939303398e-03 1.958967559039592743e-02 2.466369234025478363e-02 9.190564742311835289e-04 4.478655382990837097e-02 6.390088796615600586e-02 7.679845206439495087e-03 5.135029554367065430e-02 3.810312971472740173e-02 2.845136076211929321e-02 3.419326990842819214e-02 2.700592158362269402e-03 2.814203267917037010e-03 2.248324267566204071e-02 3.171199932694435120e-02 4.366292804479598999e-02 1.405555102974176407e-02 4.884254559874534607e-02 4.048167541623115540e-02 1.470868475735187531e-02 1.859448477625846863e-02 5.225224792957305908e-02 7.534525543451309204e-02 2.845293283462524414e-02 2.511491766199469566e-03 2.112564072012901306e-02 1.891635544598102570e-02 4.465573653578758240e-02 4.421675577759742737e-02 3.262279182672500610e-02 7.372693717479705811e-02 9.510402381420135498e-02 1.236308272927999496e-02 3.061482682824134827e-03 2.068866416811943054e-02 4.199047107249498367e-03 2.191023156046867371e-02 1.564401201903820038e-02 1.466296520084142685e-02 5.148961022496223450e-02 1.246533263474702835e-02 4.088357463479042053e-02 1.058959681540727615e-02 2.154951915144920349e-02 6.416664924472570419e-03 1.831434294581413269e-02 4.964702203869819641e-02 1.671045832335948944e-02 8.019158989191055298e-02
2.582820132374763489e-03 2.873873151838779449e-02 1.006375029683113098e-01 4.945010691881179810e-02 9.470161050558090210e-03 1.661095768213272095e-02 2.251228876411914825e-02 1.723230034112930298e-01 7.334623485803604126e-02 1.708480715751647949e-02 1.721865683794021606e-02 4.909573867917060852e-02 3.472533449530601501e-02 1.431763824075460434e-02 1.424337178468704224e-02 1.859933882951736450e-02 1.852054521441459656e-02 4.436910152435302734e-02 7.022958248853683472e-02 2.399228699505329132e-02 2.682960964739322662e-02 5.496361479163169861e-02 2.223683893680572510e-02 3.908552229404449463e-02 1.572403684258460999e-02 6.068861484527587891e-02 1.783347874879837036e-02 2.706388384103775024e-02 3.596547618508338928e-02 2.755071222782135010e-02 4.957694560289382935e-02 3.365324437618255615e-02 1.476884260773658752e-02 1.486643799580633640e-03 1.957357488572597504e-02 3.618648648262023926e-02 4.645659029483795166e-02 6.914993375539779663e-02 2.884796448051929474e-02 1.627780497074127197e-02 5.594927072525024414e-02 2.005648566409945488e-03 3.922088444232940674e-02 2.545146085321903229e-02 3.797239158302545547e-03 2.128287777304649353e-02 4.379718005657196045e-02 6.529164314270019531e-02 4.444347694516181946e-02 5.030562635511159897e-03 4.502852261066436768e-02 8.285391330718994141e-02 1.256128586828708649e-02 4.990148171782493591e-02 3.334991633892059326e-02 3.657336160540580750e-02 3.766922745853662491e-03 1.346205826848745346e-02 8.326333947479724884e-03 1.990230195224285126e-02 9.762218687683343887e-04 3.484447300434112549e-02 3.983666375279426575e-02 5.427202209830284119e-02 6.163899600505828857e-02 2.248300984501838684e-02 3.104557655751705170e-02 5.760220345109701157e-03 1.577551243826746941e-03 7.612142362631857395e-04 1.679735071957111359e-02 3.710856661200523376e-02 4.925948008894920349e-02 1.958783157169818878e-02 6.513525545597076416e-02 1.795771904289722443e-02 4.984483867883682251e-02 4.455301165580749512e-02 1.726083690300583839e-03 3.853866085410118103e-02 2.813644111156463623e-01 1.099357083439826965e-01 2.353795617818832397e-02 6.386466324329376221e-02 1.377496682107448578e-02 6.279571913182735443e-03 4.570432379841804504e-02 1.743500120937824249e-02 5.457040853798389435e-03 8.077866514213383198e-04 2.335210517048835754e-02 6.113144010305404663e-02 1.793091557919979095e-02 1.769786700606346130e-02 1.732567325234413147e-02 4.050810262560844421e-02 5.156169459223747253e-02 3.813947737216949463e-02 5.834053456783294678e-02 3.304892405867576599e-02 1.922053843736648560e-02 1.421057339757680893e-02 2.554330229759216309e-02 4.745430499315261841e-02 3.994020447134971619e-02 5.944189615547657013e-03 1.818917877972126007e-02 2.413146896287798882e-03 1.040506642311811447e-03 1.610326766967773438e-02 1.965522393584251404e-02 2.400109916925430298e-02 1.992080127820372581e-03 1.737012527883052826e-02 5.593109130859375000e-02 2.806349284946918488e-02
7.341385632753372192e-02 5.665067210793495178e-02 4.945010691881179810e-02 5.536394938826560974e-02 1.411569267511367798e-01 2.915059216320514679e-02 3.092552721500396729e-02 2.320009283721446991e-02 4.494082927703857422e-02 4.733310267329216003e-02 2.307251654565334320e-02 2.748145535588264465e-02 1.061638630926609039e-02 3.222487121820449829e-02 1.990039646625518799e-02 6.971324980258941650e-02 4.168355837464332581e-02 4.339196532964706421e-02 6.908582895994186401e-02 3.605584148317575455e-03 2.422058489173650742e-03 1.889690384268760681e-02 2.492967993021011353e-02 8.581475354731082916e-03 8.984873071312904358e-03 4.094437509775161743e-02 7.884626276791095734e-03 4.581141844391822815e-02 5.155285075306892395e-02 1.828454248607158661e-02 4.196991398930549622e-02 4.971269518136978149e-02 8.570095151662826538e-02 5.618667975068092346e-02 3.986064344644546509e-02 2.763001434504985809e-02 3.583841025829315186e-02 4.662601649761199951e-02 4.639593139290809631e-02 3.693607449531555176e-02 1.221471652388572693e-02 3.028619289398193359e-02 1.259270589798688889e-02 2.145952731370925903e-02 4.348867759108543396e-02 5.570976063609123230e-03 1.142158452421426773e-02 3.277315199375152588e-02 1.418548822402954102e-02 2.759007178246974945e-02 1.300319749861955643e-02 6.450530141592025757e-02 8.370684459805488586e-03 1.710474863648414612e-02 1.803087629377841949e-02 1.303377281874418259e-02 4.937236756086349487e-02 2.467893250286579132e-02 6.145924795418977737e-03 2.696470357477664948e-02 6.215833127498626709e-02 4.612844809889793396e-02 8.736948668956756592e-02 6.477426271885633469e-03 3.203140571713447571e-02 3.557183966040611267e-02 4.475364089012145996e-02 3.796369209885597229e-02 1.406612154096364975e-02 2.180975116789340973e-02 4.438913241028785706e-02 2.838768996298313141e-02 8.825720846652984619e-02 1.845373772084712982e-03 3.162429109215736389e-02 3.645822778344154358e-02 5.918297916650772095e-02 4.945531859993934631e-02 7.023184560239315033e-03 2.902774885296821594e-02 6.035467237234115601e-02 7.997098378837108612e-03 5.394592508673667908e-02 3.854675451293587685e-03 6.083965301513671875e-02 5.606867745518684387e-02 1.212704461067914963e-02 1.059605553746223450e-02 1.687829010188579559e-02 6.565980613231658936e-02 1.011055149137973785e-02 2.483286522328853607e-02 1.180207449942827225e-02 1.886786543764173985e-03 4.175924882292747498e-02 4.888409003615379333e-02 2.410720847547054291e-02 2.083019725978374481e-02 3.473357483744621277e-02 4.563013464212417603e-02 3.030296787619590759e-02 1.230888161808252335e-02 8.358316263183951378e-04 1.690683886408805847e-02 6.870879791676998138e-03 3.917435929179191589e-02 3.353700041770935059e-02 1.547964289784431458e-02 2.187324129045009613e-02 7.450460642576217651e-02 5.102500319480895996e-02 5.142128095030784607e-02 2.313863858580589294e-02 7.178857177495956421e-02 3.750355914235115051e-02 5.334819853305816650e-02
8.836355805397033691e-02 4.672678187489509583e-02 9.470161050558090210e-03 1.411569267511367798e-01 6.363566964864730835e-02 6.779818236827850342e-02 1.157095190137624741e-02 6.496151443570852280e-03 5.721623077988624573e-02 7.487520575523376465e-03 4.909759387373924255e-02 9.339847601950168610e-03 5.931288003921508789e-02 5.946288350969552994e-03 8.472970686852931976e-03 1.649851724505424500e-02 4.895573109388351440e-02 4.881489276885986328e-02 9.199476800858974457e-03 2.617546170949935913e-02 2.894677780568599701e-02 1.325353235006332397e-02 5.378004908561706543e-02 5.206382647156715393e-02 6.061212718486785889e-02 1.499630394391715527e-03 7.160244975239038467e-03 1.860222220420837402e-02 3.276714682579040527e-02 2.088290825486183167e-02 1.522697973996400833e-02 4.054530709981918335e-02 1.975175924599170685e-02 1.416387734934687614e-03 5.309164896607398987e-02 2.529830299317836761e-02 2.398014068603515625e-02 3.895353898406028748e-02 1.278951857239007950e-02 5.428412929177284241e-02 4.153829813003540039e-02 4.812083020806312561e-02 4.080555867403745651e-03 4.674369469285011292e-03 4.087444394826889038e-02 8.605079352855682373e-02 2.222343720495700836e-02 1.533918920904397964e-02 2.827412448823451996e-02 3.319618850946426392e-02 6.435421854257583618e-02 3.391104564070701599e-02 2.150663174688816071e-03 2.177667431533336639e-02 4.693227261304855347e-02 5.207968875765800476e-02 8.957066386938095093e-02 1.679707318544387817e-02 7.594484835863113403e-02 9.404623880982398987e-03 5.467414855957031250e-02 6.681068241596221924e-02 4.052346199750900269e-02 6.522332876920700073e-02 8.905620127916336060e-02 1.056739985942840576e-01 2.876177430152893066e-02 6.955785211175680161e-03 4.511380568146705627e-02 1.114043639972805977e-03 5.545339733362197876e-02 1.413557957857847214e-02 1.112601608037948608e-01 6.407715845853090286e-04 2.035849541425704956e-01 1.087061874568462372e-02 4.096675291657447815e-02 3.385216370224952698e-02 1.035667657852172852e-01 1.794489845633506775e-02 3.786038374528288841e-03 4.563479125499725342e-02 8.922399953007698059e-03 3.864207770675420761e-03 2.205391228199005127e-02 4.077569767832756042e-02 3.795209806412458420e-03 5.659511312842369080e-02 3.785353899002075195e-02 2.652028203010559082e-02 3.120116516947746277e-02 5.591404810547828674e-02 8.254759013652801514e-02 7.635892368853092194e-03 1.323229540139436722e-02 3.558919206261634827e-02 1.093336474150419235e-02 3.947961330413818359e-02 4.670901689678430557e-03 6.257490068674087524e-02 9.113955311477184296e-03 3.001709468662738800e-02 1.769218780100345612e-02 2.781670168042182922e-02 1.532240118831396103e-02 3.516642376780509949e-02 2.618616260588169098e-02 3.941437229514122009e-02 1.910620927810668945e-02 6.598819792270660400e-02 4.297850187867879868e-03 2.450901828706264496e-02 3.085340140387415886e-03 4.539521783590316772e-02 4.594692960381507874e-03 2.984160743653774261e-02
8.998675644397735596e-02 6.290971487760543823e-02 1.661095768213272095e-02 2.915059216320514679e-02 6.779818236827850342e-02 2.357685565948486328e-02 8.148105442523956299e-02 1.063124835491180420e-02 1.426441222429275513e-01 3.482181578874588013e-02 9.700559079647064209e-02 9.755785763263702393e-02 3.108740039169788361e-02 2.159403637051582336e-02 2.617784775793552399e-02 1.001638993620872498e-01 1.018232926726341248e-01 2.879285626113414764e-02 3.814976289868354797e-02 6.117451190948486328e-02 2.691097930073738098e-02 2.144913189113140106e-02 2.503586933016777039e-02 4.848806187510490417e-02 6.331393867731094360e-02 2.137076854705810547e-02 2.248891629278659821e-02 1.747565716505050659e-02 7.251589745283126831e-02 2.412945777177810669e-02 8.439299464225769043e-02 5.548014864325523376e-02 2.865253714844584465e-03 8.303837478160858154e-02 9.870891273021697998e-02 3.417192399501800537e-02 3.638874366879463196e-02 1.516895461827516556e-02 1.630711019970476627e-03 7.268406450748443604e-02 2.481820993125438690e-02 2.702659927308559418e-02 9.122502803802490234e-02 3.185939416289329529e-02 8.467719703912734985e-02 9.832994639873504639e-02 1.656925827264785767e-01 1.574480161070823669e-02 7.284650579094886780e-03 6.117193959653377533e-03 3.250713646411895752e-02 7.905731908977031708e-04 2.018797397613525391e-02 6.118868663907051086e-02 1.623292267322540283e-02 4.281953722238540649e-02 6.810981780290603638e-02 2.037341333925724030e-02 5.943946167826652527e-02 5.748661234974861145e-03 1.583479531109333038e-02 1.935102604329586029e-02 1.689297147095203400e-02 4.646524041891098022e-02 1.892664656043052673e-02 1.097017154097557068e-01 3.687644377350807190e-02 2.449906058609485626e-02 7.055039703845977783e-02 5.961888656020164490e-02 1.253176853060722351e-02 4.718609899282455444e-02 8.168211206793785095e-03 5.535386502742767334e-02 1.846117898821830750e-02 2.651554718613624573e-02 5.519231408834457397e-02 2.912077680230140686e-02 1.163007318973541260e-02 3.159165382385253906e-03 1.431398838758468628e-02 4.967112466692924500e-02 9.079302661120891571e-03 3.884980455040931702e-02 3.917293157428503036e-03 1.705164648592472076e-02 7.167411036789417267e-03 5.790434777736663818e-02 3.969874978065490723e-02 2.333733066916465759e-02 6.302216649055480957e-02 7.435395568609237671e-02 1.317024528980255127e-01 3.770614415407180786e-02 4.917607828974723816e-02 7.508532144129276276e-03 3.509462112560868263e-03 4.881570115685462952e-02 5.793039873242378235e-02 3.813629597425460815e-02 1.820776052772998810e-02 1.037785224616527557e-02 6.881580501794815063e-02 2.896390296518802643e-02 1.115754060447216034e-02 7.112941145896911621e-02 4.598408937454223633e-03 5.898265913128852844e-02 5.539042130112648010e-02 2.505016513168811798e-02 2.781359665095806122e-02 4.269624873995780945e-02 3.957159817218780518e-02 1.264190822839736938e-01 2.492199838161468506e-02 1.605547266080975533e-03
7.409857213497161865e-02 3.813469037413597107e-02 2.251228876411914825e-02 3.092552721500396729e-02 1.157095190137624741e-02 8.148105442523956299e-02 6.686607003211975098e-02 5.542111769318580627e-02 1.172776985913515091e-02 5.034619569778442383e-02 1.135045140981674194e-01 7.454872131347656250e-02 6.358417123556137085e-02 1.234191805124282837e-01 6.178605556488037109e-02 5.612170696258544922e-02 5.662719160318374634e-02 5.582359433174133301e-02 2.836184762418270111e-02 2.873315662145614624e-02 1.235877163708209991e-02 4.757116734981536865e-02 2.952162362635135651e-02 9.825424104928970337e-02 4.512399807572364807e-02 3.302058205008506775e-03 1.344915181398391724e-01 3.795965760946273804e-02 7.840749807655811310e-03 1.697396673262119293e-02 1.457344554364681244e-02 4.786391276866197586e-03 2.053778432309627533e-02 8.663300424814224243e-03 8.797670155763626099e-02 2.134145796298980713e-02 4.477275535464286804e-02 2.975871041417121887e-02 3.983164206147193909e-02 8.555529639124870300e-03 7.963174581527709961e-02 3.376723080873489380e-02 4.401079937815666199e-02 5.604651942849159241e-02 5.318475514650344849e-02 8.826283365488052368e-02 8.546481281518936157e-02 2.021107673645019531e-01 7.943852804601192474e-03 6.059441249817609787e-03 4.483816400170326233e-02 4.364676773548126221e-02 2.378684096038341522e-02 1.207516412250697613e-03 3.174867853522300720e-02 6.882923096418380737e-02 2.286637201905250549e-02 2.792824991047382355e-02 2.631656080484390259e-02 3.402863442897796631e-02 3.913350868970155716e-03 2.838811278343200684e-02 3.100810199975967407e-02 3.118414990603923798e-02 6.310868542641401291e-03 5.450974777340888977e-02 2.230794727802276611e-02 3.332590311765670776e-02 6.843329756520688534e-04 8.609437942504882812e-02 5.322367697954177856e-02 4.454220831394195557e-02 2.812812104821205139e-02 5.735004320740699768e-02 4.395819827914237976e-02 8.627004176378250122e-02 4.434312507510185242e-02 3.401656076312065125e-02 7.875601947307586670e-02 7.171232998371124268e-02 1.299646589905023575e-02 6.014923378825187683e-02 3.643064573407173157e-02 1.912012882530689240e-02 2.417163550853729248e-02 1.126030180603265762e-02 6.330456584692001343e-02 5.582807213068008423e-02 5.442820489406585693e-02 1.171049010008573532e-02 5.284619331359863281e-02 8.283230662345886230e-02 1.114051863551139832e-01 4.473408684134483337e-02 6.709613651037216187e-02 6.044253706932067871e-02 2.300495840609073639e-02 4.445329681038856506e-02 1.247756835073232651e-02 2.680614404380321503e-02 6.134806200861930847e-03 2.061924524605274200e-02 5.974629148840904236e-02 6.101495027542114258e-02 1.769091747701168060e-02 2.747680433094501495e-02 5.442758649587631226e-02 3.415467590093612671e-02 9.775916114449501038e-03 1.268565468490123749e-02 4.319758154451847076e-03 5.043209064751863480e-03 2.245043404400348663e-02 1.124692410230636597e-01 5.707996711134910583e-02 1.794248935766518116e-03
2.567669935524463654e-02 6.037833541631698608e-02 1.723230034112930298e-01 2.320009283721446991e-02 6.496151443570852280e-03 1.063124835491180420e-02 5.542111769318580627e-02 1.013784110546112061e-02 1.364974491298198700e-02 1.337937545031309128e-02 2.250082045793533325e-02 2.412144467234611511e-02 9.760452434420585632e-03 1.795271527953445911e-03 9.855645149946212769e-02 8.044467866420745850e-02 2.478733286261558533e-02 3.455377370119094849e-02 3.153441101312637329e-02 2.532565407454967499e-02 7.699836976826190948e-03 7.025539129972457886e-02 1.698320172727108002e-02 3.776909038424491882e-02 1.985622197389602661e-02 7.861678022891283035e-04 4.240374639630317688e-02 6.161830946803092957e-02 2.946526801679283381e-04 4.075854644179344177e-02 6.587586831301450729e-03 2.090716920793056488e-02 1.224339660257101059e-02 7.315718103200197220e-03 3.181645274162292480e-02 3.341577574610710144e-02 4.875637218356132507e-02 3.342925803735852242e-03 3.224002942442893982e-02 2.183307707309722900e-02 2.994265034794807434e-02 2.194299176335334778e-02 7.023455109447240829e-03 2.675896324217319489e-02 1.631693914532661438e-02 1.031168177723884583e-02 2.677022665739059448e-02 3.003477118909358978e-02 4.071049392223358154e-02 4.356946423649787903e-02 4.483705386519432068e-02 7.560377568006515503e-02 1.461787428706884384e-02 8.878191001713275909e-03 1.111234724521636963e-02 6.204346939921379089e-02 2.031561732292175293e-02 1.846406608819961548e-02 4.701176285743713379e-02 4.169056937098503113e-02 1.249641459435224533e-02 2.008521929383277893e-02 2.022281289100646973e-03 2.764623425900936127e-02 1.691072061657905579e-02 3.014776110649108887e-02 1.807764358818531036e-02 2.553341444581747055e-03 2.493039518594741821e-02 2.064811624586582184e-02 3.858665470033884048e-03 3.445098549127578735e-02 3.220351785421371460e-02 3.520365804433822632e-02 1.715665310621261597e-02 3.143199160695075989e-02 1.526494603604078293e-02 3.544999659061431885e-02 6.648356467485427856e-02 2.824505208991467953e-04 1.657914966344833374e-01 1.311771273612976074e-01 8.236599154770374298e-03 1.376870553940534592e-03 3.741356357932090759e-02 2.184372022747993469e-02 7.581503689289093018e-02 7.145778834819793701e-02 1.786968088708817959e-03 3.726843371987342834e-02 7.672971696592867374e-04 3.478712588548660278e-02 4.303487390279769897e-02 6.365631520748138428e-02 2.716360799968242645e-02 1.656308397650718689e-02 3.283928614109754562e-03 2.549827471375465393e-02 3.450389951467514038e-02 5.208158493041992188e-02 2.539208345115184784e-02 1.258780714124441147e-02 4.306225851178169250e-02 3.419825807213783264e-02 1.077863760292530060e-02 8.206483907997608185e-03 3.976289927959442139e-02 2.592883817851543427e-02 2.108174748718738556e-02 1.246782299131155014e-02 8.487592451274394989e-03 7.154435385018587112e-03 1.482355408370494843e-03 1.827704906463623047e-02 4.752819612622261047e-02 3.453086689114570618e-02
6.206895411014556885e-02 4.123526811599731445e-02 7.334623485803604126e-02 4.494082927703857422e-02 5.721623077988624573e-02 1.426441222429275513e-01 1.172776985913515091e-02 1.364974491298198700e-02 6.050607562065124512e-02 7.226133346557617188e-02 1.111901998519897461e-01 1.747138649225234985e-01 6.263767927885055542e-02 1.012334506958723068e-02 5.875938013195991516e-02 4.042825475335121155e-02 4.096810147166252136e-02 1.952611282467842102e-02 1.971180550754070282e-02 6.659863051027059555e-03 1.685724779963493347e-02 6.796099245548248291e-02 2.704460360109806061e-02 1.583700533956289291e-03 2.035361342132091522e-02 2.290286123752593994e-03 1.356069557368755341e-02 3.000365383923053741e-02 2.979967929422855377e-02 5.656089633703231812e-02 2.118338271975517273e-02 5.446686595678329468e-02 1.978550292551517487e-02 3.998296335339546204e-02 1.592596061527729034e-02 6.391424685716629028e-03 2.798226661980152130e-02 2.742489054799079895e-02 3.491608425974845886e-02 2.248339913785457611e-02 6.957821547985076904e-02 1.086328458040952682e-02 5.567942559719085693e-02 8.912946097552776337e-03 7.640621066093444824e-02 1.095513328909873962e-01 5.552750453352928162e-02 4.588926210999488831e-02 3.982470557093620300e-02 2.178675681352615356e-02 1.578804478049278259e-02 2.100889571011066437e-03 6.073970813304185867e-03 3.891161084175109863e-02 7.984545081853866577e-02 3.973316401243209839e-02 8.463484793901443481e-02 3.592605888843536377e-02 6.989002972841262817e-02 5.694816634058952332e-02 1.200543809682130814e-02 4.320354014635086060e-02 1.752706430852413177e-02 1.341536547988653183e-02 3.291669115424156189e-02 2.591054327785968781e-02 1.184329204261302948e-02 1.107241120189428329e-02 9.788960963487625122e-02 3.448190912604331970e-02 2.057707868516445160e-02 2.991767786443233490e-02 7.097657769918441772e-02 4.888162016868591309e-02 1.608421280980110168e-02 6.936003454029560089e-03 1.983786225318908691e-01 6.306891795247793198e-03 7.297737896442413330e-02 4.455717280507087708e-02 1.957603543996810913e-02 4.622399806976318359e-02 2.928370051085948944e-02 5.473788455128669739e-02 2.588309161365032196e-02 3.015425987541675568e-03 8.896918594837188721e-02 5.980771034955978394e-02 1.110889539122581482e-01 6.985603831708431244e-03 8.030699938535690308e-02 2.508212439715862274e-02 9.678474813699722290e-02 4.433655366301536560e-02 5.207949131727218628e-02 4.186528921127319336e-02 1.215407345443964005e-02 3.229308500885963440e-02 1.067494391463696957e-03 5.193250626325607300e-02 3.064169175922870636e-02 2.265384979546070099e-02 2.849500440061092377e-02 3.765503317117691040e-02 1.381507609039545059e-02 2.999510802328586578e-02 1.223267707973718643e-02 4.886792600154876709e-02 8.866891264915466309e-03 4.018419887870550156e-03 2.200030721724033356e-02 1.581328921020030975e-02 3.135741502046585083e-02 3.341503674164414406e-03 2.421614155173301697e-02 1.468967087566852570e-02
1.236679032444953918e-02 3.260869905352592468e-02 1.708480715751647949e-02 4.733310267329216003e-02 7.487520575523376465e-03 3.482181578874588013e-02 5.034619569778442383e-02 1.337937545031309128e-02 7.226133346557617188e-02 1.785868965089321136e-02 5.494932085275650024e-02 8.989312499761581421e-02 6.121790409088134766e-02 1.104346960783004761e-01 3.615194931626319885e-02 6.626224517822265625e-02 3.036312200129032135e-02 9.304938465356826782e-02 1.752116978168487549e-01 3.295941650867462158e-02 1.843597623519599438e-03 3.056045621633529663e-02 2.668593451380729675e-02 2.470850944519042969e-02 1.573429442942142487e-02 4.896938428282737732e-02 2.590485289692878723e-02 2.945456095039844513e-02 5.625819787383079529e-02 2.220604196190834045e-02 2.274024533107876778e-03 1.547946408390998840e-02 1.248033251613378525e-02 5.862797796726226807e-02 3.083374537527561188e-02 3.814182057976722717e-02 3.879399970173835754e-03 7.179860025644302368e-03 7.829190790653228760e-02 2.786510856822133064e-03 6.055944249965250492e-04 8.063090033829212189e-03 5.526953190565109253e-02 8.650384098291397095e-02 1.204439904540777206e-02 4.615843296051025391e-03 2.230448275804519653e-02 3.080331534147262573e-02 1.523477956652641296e-02 9.480544924736022949e-02 1.871238090097904205e-02 3.805094212293624878e-02 5.969122424721717834e-02 5.745577439665794373e-02 2.750133862718939781e-03 1.172128990292549133e-01 2.758379466831684113e-02 7.087565213441848755e-02 4.284095950424671173e-03 1.963080279529094696e-02 7.136648986488580704e-03 4.163822531700134277e-02 6.762422621250152588e-02 2.387127839028835297e-02 2.791027072817087173e-03 3.480446059256792068e-03 7.346929982304573059e-03 4.494496062397956848e-02 3.245788812637329102e-02 3.086004219949245453e-02 6.668911874294281006e-02 1.810360513627529144e-02 6.100220233201980591e-02 7.764051202684640884e-03 8.130201697349548340e-02 6.330056488513946533e-02 3.399609401822090149e-02 1.595603525638580322e-01 2.941004745662212372e-02 7.554358243942260742e-02 3.845512121915817261e-02 2.787705697119235992e-02 4.629151895642280579e-02 1.131749078631401062e-01 5.511083081364631653e-02 1.272368282079696655e-01 2.976382151246070862e-02 2.071390300989151001e-02 5.604250356554985046e-02 7.875268161296844482e-02 4.592346772551536560e-02 3.787496313452720642e-02 2.464960329234600067e-02 3.225720301270484924e-02 6.949923932552337646e-02 1.479139830917119980e-02 2.822647802531719208e-03 4.421278461813926697e-02 8.683631196618080139e-03 9.869605302810668945e-03 2.878936566412448883e-02 3.132642060518264771e-02 4.065897315740585327e-02 3.209091722965240479e-02 1.269343029707670212e-02 3.183313086628913879e-02 1.156995631754398346e-02 1.087415143847465515e-01 6.453470885753631592e-02 3.419260308146476746e-02 2.467054501175880432e-02 2.371706301346421242e-03 2.233816310763359070e-02 4.062246531248092651e-02 5.842633545398712158e-03 4.521119222044944763e-02
1.656367033720016479e-01 1.536060422658920288e-01 1.721865683794021606e-02 2.307251654565334320e-02 4.909759387373924255e-02 9.700559079647064209e-02 1.135045140981674194e-01 2.250082045793533325e-02 1.111901998519897461e-01 5.494932085275650024e-02 6.346606649458408356e-03 9.544997476041316986e-03 1.951889246702194214e-01 2.226184681057929993e-02 4.621219262480735779e-02 3.369867056608200073e-02 4.391076415777206421e-02 2.635225467383861542e-02 2.433216664940118790e-03 4.982494283467531204e-03 4.187627881765365601e-02 6.589931249618530273e-02 4.834201931953430176e-02 9.039573371410369873e-02 1.117435004562139511e-02 1.630474627017974854e-02 7.118409872055053711e-02 3.089142218232154846e-02 8.634284883737564087e-02 5.286998581141233444e-03 4.547326266765594482e-02 1.205428410321474075e-02 2.068374119699001312e-02 8.372902125120162964e-02 3.182084858417510986e-02 3.111696988344192505e-02 6.504333019256591797e-02 1.723095215857028961e-02 5.955172702670097351e-03 5.626961961388587952e-02 6.742179393768310547e-02 3.491029888391494751e-02 1.918083429336547852e-02 6.947702169418334961e-02 7.247203588485717773e-02 7.969100028276443481e-02 6.303390115499496460e-02 8.010932058095932007e-02 7.881478406488895416e-03 5.980199202895164490e-02 4.785698652267456055e-02 6.216700002551078796e-02 1.435094419866800308e-02 6.072466727346181870e-03 5.467322096228599548e-02 1.288042310625314713e-02 5.489997938275337219e-02 4.358399659395217896e-03 1.981456018984317780e-02 5.715904757380485535e-02 7.888267748057842255e-03 5.012145638465881348e-02 1.651713275350630283e-03 9.968531318008899689e-03 1.189037710428237915e-01 1.001537218689918518e-01 1.724828220903873444e-02 2.838436327874660492e-02 1.241896767169237137e-02 5.279766861349344254e-03 6.313021294772624969e-03 2.957121469080448151e-03 5.015720427036285400e-02 1.337390206754207611e-02 1.827181503176689148e-02 4.961800575256347656e-02 5.120249092578887939e-02 1.543855178169906139e-03 1.139459200203418732e-02 3.590768668800592422e-03 5.827381461858749390e-02 6.800913810729980469e-02 2.239172812551259995e-03 1.891123130917549133e-02 6.301954854279756546e-03 2.429437637329101562e-02 9.705249220132827759e-02 6.058058887720108032e-02 2.602437883615493774e-02 3.046495281159877777e-02 7.039473205804824829e-02 1.233956664800643921e-01 7.766287773847579956e-03 1.616102270781993866e-02 5.617323145270347595e-02 1.813102513551712036e-02 6.114821135997772217e-02 1.258840709924697876e-01 1.218707673251628876e-02 1.316378451883792877e-02 1.147933071479201317e-03 2.096019126474857330e-02 9.331502951681613922e-03 2.171329967677593231e-02 1.856751739978790283e-02 2.720705792307853699e-02 8.485510945320129395e-03 4.344768077135086060e-02 5.861587822437286377e-03 6.208757683634757996e-02 1.656993664801120758e-02 3.489288315176963806e-02 1.198371406644582748e-02 3.987229615449905396e-02 3.286331892013549805e-02 4.474906250834465027e-02
5.836863070726394653e-02 7.755250483751296997e-02 4.909573867917060852e-02 2.748145535588264465e-02 9.339847601950168610e-03 9.755785763263702393e-02 7.454872131347656250e-02 2.412144467234611511e-02 1.747138649225234985e-01 8.989312499761581421e-02 9.544997476041316986e-03 5.392515286803245544e-02 9.163811802864074707e-03 3.642900288105010986e-01 4.424383863806724548e-02 7.703868299722671509e-02 4.138052463531494141e-02 1.427270919084548950e-01 5.327324196696281433e-02 1.028582453727722168e-02 1.020127441734075546e-02 2.260013483464717865e-02 1.209718808531761169e-01 8.933143317699432373e-02 4.436307027935981750e-02 2.746511995792388916e-02 9.074800647795200348e-03 1.314682699739933014e-02 4.918965324759483337e-02 9.496507793664932251e-02 3.579875919967889786e-03 3.342770785093307495e-02 1.455254480242729187e-02 4.203334078192710876e-02 5.747665837407112122e-02 5.301124975085258484e-02 6.036768108606338501e-02 5.776539072394371033e-02 2.676131762564182281e-02 1.039474736899137497e-02 5.039448291063308716e-02 1.828966103494167328e-02 1.226053107529878616e-03 3.642197325825691223e-02 1.454951912164688110e-01 8.859864622354507446e-02 5.877501517534255981e-02 6.275112926959991455e-02 5.897591356188058853e-03 4.117452725768089294e-02 5.223002657294273376e-02 1.143838167190551758e-01 1.586816832423210144e-02 8.714242838323116302e-03 8.997183293104171753e-03 5.011961981654167175e-02 7.372533436864614487e-03 7.365223020315170288e-02 1.342332642525434494e-02 1.981359208002686501e-03 8.339068735949695110e-04 2.596261724829673767e-02 3.419533744454383850e-02 5.251906812191009521e-02 1.682325452566146851e-02 2.311332151293754578e-02 3.358338028192520142e-02 1.462695747613906860e-02 2.802071720361709595e-02 1.327061373740434647e-02 4.418370872735977173e-02 4.842367395758628845e-02 4.383198451250791550e-03 1.046846993267536163e-02 6.167826801538467407e-02 1.581797376275062561e-02 2.940466813743114471e-02 1.563123241066932678e-02 1.664468273520469666e-02 1.101744454354047775e-02 3.198272734880447388e-02 3.823931515216827393e-02 5.740356445312500000e-02 5.971088632941246033e-02 4.133391007781028748e-02 5.410603061318397522e-02 1.691125705838203430e-02 3.667408600449562073e-04 3.948666155338287354e-02 3.184572607278823853e-02 3.155079111456871033e-02 2.605102956295013428e-02 1.817412860691547394e-02 3.830425441265106201e-02 6.833320111036300659e-02 4.284309595823287964e-02 2.463912591338157654e-03 4.819286614656448364e-02 2.042809035629034042e-03 3.793315589427947998e-02 7.424292154610157013e-03 3.491295035928487778e-03 5.175162106752395630e-02 6.349194794893264771e-02 4.101166967302560806e-03 2.607429341878741980e-04 1.222530975937843323e-01 1.085256008082069457e-04 3.358486667275428772e-02 2.126123942434787750e-02 3.020863421261310577e-02 2.210179809480905533e-03 1.227996218949556351e-02 5.812295153737068176e-02 1.037214696407318115e-02 4.238446801900863647e-02
1.413302123546600342e-01 2.015790492296218872e-01 3.472533449530601501e-02 1.061638630926609039e-02 5.931288003921508789e-02 3.108740039169788361e-02 6.358417123556137085e-02 9.760452434420585632e-03 6.263767927885055542e-02 6.121790409088134766e-02 1.951889246702194214e-01 9.163811802864074707e-03 8.110853284597396851e-02 4.887492861598730087e-03 5.130971595644950867e-02 1.238402910530567169e-02 8.474214933812618256e-03 2.317707613110542297e-02 1.325612608343362808e-02 2.193440869450569153e-02 2.552224509418010712e-02 8.560118824243545532e-02 2.932041324675083160e-02 6.872911471873521805e-03 2.871655486524105072e-02 2.732582855969667435e-03 2.844996750354766846e-02 7.759004831314086914e-02 6.718765944242477417e-03 4.610968753695487976e-03 1.349870711565017700e-01 1.643316075205802917e-02 2.332310657948255539e-03 4.041567817330360413e-02 4.727031290531158447e-02 4.201562143862247467e-03 2.595975995063781738e-02 5.762946791946887970e-03 3.670148551464080811e-02 2.684574574232101440e-02 6.665018387138843536e-03 2.134999260306358337e-02 3.650092333555221558e-02 3.645794093608856201e-02 2.013747207820415497e-02 5.637863278388977051e-02 4.020998254418373108e-02 8.866712450981140137e-02 2.268507517874240875e-02 4.588809236884117126e-02 4.434599354863166809e-02 1.133211143314838409e-02 1.555245462805032730e-02 1.251124683767557144e-02 4.399512335658073425e-02 4.526511766016483307e-03 3.850837796926498413e-02 2.948666177690029144e-02 3.469716757535934448e-02 3.736094757914543152e-02 1.634472049772739410e-02 1.755080372095108032e-02 4.526242846623063087e-04 1.469088718295097351e-02 6.324599683284759521e-02 1.188615784049034119e-01 1.697566919028759003e-02 9.456692496314644814e-04 6.179351359605789185e-02 1.158097665756940842e-02 1.362372655421495438e-02 4.131457954645156860e-02 1.636172458529472351e-02 3.016328904777765274e-03 1.274808309972286224e-02 1.815836131572723389e-02 3.906381130218505859e-02 7.256640587002038956e-03 2.104018628597259521e-02 4.375364631414413452e-02 2.910894900560379028e-02 2.156766131520271301e-02 6.875680387020111084e-02 1.621376350522041321e-02 1.683147065341472626e-02 6.840494461357593536e-03 2.448977343738079071e-02 3.385841101408004761e-02 3.955126926302909851e-02 2.302058972418308258e-02 4.885833337903022766e-02 1.048578042536973953e-02 9.644314646720886230e-02 1.429686602205038071e-02 5.465551465749740601e-02 8.052129298448562622e-03 2.319672890007495880e-02 1.010435074567794800e-02 6.200742442160844803e-03 4.410749673843383789e-02 1.557454466819763184e-02 3.280791640281677246e-02 5.685400217771530151e-02 2.448857761919498444e-02 1.985959894955158234e-02 3.761214017868041992e-02 6.415744125843048096e-02 2.106387168169021606e-02 7.760364562273025513e-02 2.762133069336414337e-02 2.017078921198844910e-02 4.660928621888160706e-02 1.097800768911838531e-02 3.151958808302879333e-03 9.661705233156681061e-03 2.658970840275287628e-02
