1.828173291869461536e-03 2.664817571640014648e-01 1.730527542531490326e-02 3.153751417994499207e-02 2.148635499179363251e-02 2.134314924478530884e-01 5.361026525497436523e-02 1.836203038692474365e-02 1.649676635861396790e-02 6.558700464665889740e-03 1.494619101285934448e-01 4.002908617258071899e-02 1.574410498142242432e-01 2.229819819331169128e-02 4.271141067147254944e-02 9.584465995430946350e-03 6.138020753860473633e-02 1.321341842412948608e-02 4.092244431376457214e-03 1.895149052143096924e-02 2.243260107934474945e-02 4.605827853083610535e-02 2.235021069645881653e-02 5.671818554401397705e-02 5.014585703611373901e-02 3.051494248211383820e-02 9.472159668803215027e-03 3.844576701521873474e-02 7.488644868135452271e-02 1.625660620629787445e-02 4.204911366105079651e-02 7.098815869539976120e-03 5.016191303730010986e-02 6.970187276601791382e-02 2.586436457931995392e-02 1.150391846895217896e-01 7.458899170160293579e-03 3.757360950112342834e-02 1.147980242967605591e-02 7.695845793932676315e-03 4.455823451280593872e-02 1.091468986123800278e-02 6.007754057645797729e-02 7.395520061254501343e-02 1.571154338307678699e-03 2.707242779433727264e-02 6.204158812761306763e-02 2.498534135520458221e-02 3.354920446872711182e-02 2.622830681502819061e-02 3.162381052970886230e-02 5.057633668184280396e-02 3.311294689774513245e-02 7.997072301805019379e-03 5.471469089388847351e-02 1.910049282014369965e-02 8.728283643722534180e-02 2.495591901242733002e-02 1.547487173229455948e-02 9.407773613929748535e-03 4.541501775383949280e-02 3.623131662607192993e-02 8.889083983376622200e-04 3.905611857771873474e-02 3.973930701613426208e-02 1.900405623018741608e-02 3.343329206109046936e-02 2.930307947099208832e-02 3.185061737895011902e-02 4.238041490316390991e-02 8.330603688955307007e-02 5.654963850975036621e-02 2.134254202246665955e-03 1.806777901947498322e-02 2.430034987628459930e-02 5.867813155055046082e-02 5.853633210062980652e-02 1.384763885289430618e-02 6.366450339555740356e-02 6.561461836099624634e-02 9.750755853019654751e-04 2.763208374381065369e-02 1.584677584469318390e-02 4.352828115224838257e-02 5.081518553197383881e-03 6.262363493442535400e-02 3.289574384689331055e-02 3.899036347866058350e-02 4.837791249155998230e-02 6.283880770206451416e-02 9.960350580513477325e-04 1.734256371855735779e-02 1.390911452472209930e-02 1.662238873541355133e-02 1.208516862243413925e-02 5.832633003592491150e-02 4.329076036810874939e-03 4.127596691250801086e-02 1.120973611250519753e-03 5.311501771211624146e-02 2.040144521743059158e-03 5.561986006796360016e-03 1.927409507334232330e-02 1.807183027267456055e-02 1.198044884949922562e-02 3.505972772836685181e-02 5.712653696537017822e-02 4.879304394125938416e-02 4.694669973105192184e-03 2.114926278591156006e-02 4.909641295671463013e-02 2.483911253511905670e-02 3.324791416525840759e-02 6.384799780789762735e-05 1.180974617600440979e-01 4.333853721618652344e-02
2.664817571640014648e-01 2.628388348966836929e-03 1.022204570472240448e-02 5.985427647829055786e-03 2.416426129639148712e-02 1.462425738573074341e-01 9.018929302692413330e-02 2.851974964141845703e-02 3.270863741636276245e-02 3.895857930183410645e-02 8.942762017250061035e-02 6.205211859196424484e-03 1.499527543783187866e-01 5.620095878839492798e-02 8.653441444039344788e-03 7.134765386581420898e-02 7.555281370878219604e-02 9.711239486932754517e-03 3.882448002696037292e-02 3.191106021404266357e-02 1.937149465084075928e-02 8.550387807190418243e-03 2.431677188724279404e-03 4.251109808683395386e-02 2.236243570223450661e-03 2.520809322595596313e-02 7.423500996083021164e-03 2.790366113185882568e-02 1.048062928020954132e-02 5.976374819874763489e-02 1.904692873358726501e-02 6.784586608409881592e-02 6.805558502674102783e-02 1.307287532836198807e-02 7.517129927873611450e-02 9.322883933782577515e-02 9.816961362957954407e-03 5.940955877304077148e-02 2.338461019098758698e-02 2.615432254970073700e-03 2.508453093469142914e-02 1.495418371632695198e-03 1.525325141847133636e-02 1.377477403730154037e-02 6.070348992943763733e-02 5.058246105909347534e-02 3.723851963877677917e-02 2.579646743834018707e-02 3.811168670654296875e-02 5.363836535252630711e-04 9.367828257381916046e-03 1.237572636455297470e-02 7.546414155513048172e-03 1.660729944705963135e-02 1.884509809315204620e-02 3.475048765540122986e-02 5.131567642092704773e-02 5.418646335601806641e-02 6.552691571414470673e-03 5.044869333505630493e-02 6.714878138154745102e-03 6.194360181689262390e-02 3.058764711022377014e-02 5.019152909517288208e-02 6.315101683139801025e-02 7.117781322449445724e-03 7.650619000196456909e-02 1.843529939651489258e-02 4.770357534289360046e-02 2.900389209389686584e-02 3.623264282941818237e-02 6.533198524266481400e-03 2.316014282405376434e-02 6.455132365226745605e-02 5.326540768146514893e-02 8.241905830800533295e-03 4.403330758213996887e-02 7.130170706659555435e-03 4.308626800775527954e-02 1.580220833420753479e-02 1.988410763442516327e-02 7.584100821986794472e-04 5.532844923436641693e-03 5.951626226305961609e-02 3.320352360606193542e-02 4.902784712612628937e-03 2.728058584034442902e-02 1.829080842435359955e-02 5.590609274804592133e-03 4.646752029657363892e-02 1.180342677980661392e-02 3.360185027122497559e-02 1.220239326357841492e-02 1.834452152252197266e-02 2.360493689775466919e-02 1.116075962781906128e-01 2.249872311949729919e-03 4.637948796153068542e-02 2.668518014252185822e-02 3.687936114147305489e-04 7.002431154251098633e-02 4.208716005086898804e-02 3.764617815613746643e-02 1.999549940228462219e-02 6.107639521360397339e-02 1.528001297265291214e-02 2.821321971714496613e-02 3.677093889564275742e-03 2.720878273248672485e-02 3.072790277656167746e-04 6.750050932168960571e-02 3.300995752215385437e-02 1.100878510624170303e-02 6.239599082618951797e-03 6.061078980565071106e-02 4.632547870278358459e-02
1.730527542531490326e-02 1.022204570472240448e-02 1.551475282758474350e-02 5.216733552515506744e-03 3.701953217387199402e-02 2.131821773946285248e-02 1.758299022912979126e-02 1.993033885955810547e-01 8.012937614694237709e-04 4.446215555071830750e-02 3.880009800195693970e-02 4.284109920263290405e-02 4.491109028458595276e-02 5.982543155550956726e-02 9.499154984951019287e-02 8.359382301568984985e-02 1.198645867407321930e-02 4.674336407333612442e-03 5.167941004037857056e-02 3.381866216659545898e-02 3.073363751173019409e-02 7.764850556850433350e-02 6.055551394820213318e-02 4.574549570679664612e-02 4.739362746477127075e-03 2.918340731412172318e-03 7.066462188959121704e-02 3.080255351960659027e-02 1.025532465428113937e-02 3.942640498280525208e-02 6.810686085373163223e-03 1.638058200478553772e-02 2.117615193128585815e-02 3.197100758552551270e-02 4.169758176431059837e-05 2.912563644349575043e-02 2.021552622318267822e-02 4.690681397914886475e-02 8.824386447668075562e-02 3.041112795472145081e-02 7.995966076850891113e-02 3.172803297638893127e-02 4.700164310634136200e-03 6.510208826512098312e-03 4.486739635467529297e-02 5.218833684921264648e-03 4.139617085456848145e-02 3.318228200078010559e-02 3.124407306313514709e-02 6.747963925590738654e-05 5.942059797234833241e-04 4.902159422636032104e-02 1.773775904439389706e-03 4.949511215090751648e-02 3.240799903869628906e-02 1.077370718121528625e-02 1.003709211945533752e-01 7.058956194669008255e-03 6.062316149473190308e-02 3.000945039093494415e-02 1.099295634776353836e-02 5.500515177845954895e-02 6.508587300777435303e-02 7.837005704641342163e-02 5.152453109622001648e-02 5.844845622777938843e-02 3.405850729905068874e-04 1.948425360023975372e-02 3.592046722769737244e-02 1.478820387274026871e-02 4.326616227626800537e-02 4.808446019887924194e-02 7.256287336349487305e-02 8.204388432204723358e-03 1.239929646253585815e-01 5.479956418275833130e-02 3.195142373442649841e-02 9.630206041038036346e-03 2.641859464347362518e-03 4.842899367213249207e-02 2.102049738168716431e-01 5.677539482712745667e-02 7.602667808532714844e-02 4.187456145882606506e-02 3.104896284639835358e-03 7.797488011419773102e-03 8.276361972093582153e-02 4.709217324852943420e-02 2.241933904588222504e-02 2.366149984300136566e-02 2.158983796834945679e-02 4.683077335357666016e-02 4.781633988022804260e-02 3.727662144228816032e-03 2.195180393755435944e-02 1.121963560581207275e-02 1.966693904250860214e-03 3.023768588900566101e-02 5.490397103130817413e-03 1.832611672580242157e-02 4.901205655187368393e-03 3.960137441754341125e-02 1.025436893105506897e-01 7.143975049257278442e-02 5.048397928476333618e-02 1.017574872821569443e-02 3.430549800395965576e-02 7.325122505426406860e-02 2.525411546230316162e-02 2.241428568959236145e-02 1.070660306140780449e-03 1.135574951767921448e-01 6.499600596725940704e-03 3.459314256906509399e-02 2.753857150673866272e-02 1.513759046792984009e-01
3.153751417994499207e-02 5.985427647829055786e-03 5.216733552515506744e-03 3.184712305665016174e-02 2.820219099521636963e-01 3.424707055091857910e-02 2.687208540737628937e-02 5.649678781628608704e-02 5.734641477465629578e-02 6.665534339845180511e-03 3.396360203623771667e-02 1.193059422075748444e-02 3.684518858790397644e-02 3.243913874030113220e-02 2.774009294807910919e-02 4.376405477523803711e-02 4.965995997190475464e-02 2.164826728403568268e-02 4.485734924674034119e-02 2.823076955974102020e-02 5.588090419769287109e-02 1.920594088733196259e-02 7.262083888053894043e-02 1.060278937220573425e-01 1.081075742840766907e-01 5.038551986217498779e-02 8.506733924150466919e-02 1.094659883528947830e-02 4.767753556370735168e-02 4.597133025527000427e-02 1.940131932497024536e-02 6.753680855035781860e-02 4.570252262055873871e-03 4.837890621274709702e-03 2.917073108255863190e-02 2.204611338675022125e-02 5.864959582686424255e-02 4.186747968196868896e-02 1.044835522770881653e-01 6.748166680335998535e-02 2.094043791294097900e-02 1.229449827224016190e-02 3.664369508624076843e-02 1.069855131208896637e-02 3.288758546113967896e-02 6.970680505037307739e-02 2.081008441746234894e-02 3.693181276321411133e-02 8.293426036834716797e-02 1.595852896571159363e-02 2.994302287697792053e-02 2.736512757837772369e-02 1.674011535942554474e-02 1.076774671673774719e-03 4.099933430552482605e-02 2.363470569252967834e-02 7.134919613599777222e-02 7.160645723342895508e-02 1.396064832806587219e-02 3.631274402141571045e-02 9.491223096847534180e-02 8.038970641791820526e-03 5.177846550941467285e-02 5.469141528010368347e-03 1.490852702409029007e-02 2.478106319904327393e-02 2.702025696635246277e-03 7.541940547525882721e-03 6.618824601173400879e-02 2.880211360752582550e-02 4.177315905690193176e-02 4.727123677730560303e-02 1.682953685522079468e-01 5.951544881099835038e-05 9.343627095222473145e-02 1.734337955713272095e-02 1.683035492897033691e-02 4.302407056093215942e-02 4.850842058658599854e-02 3.340489044785499573e-02 8.305904455482959747e-03 2.867992967367172241e-03 1.580875664949417114e-01 4.978012293577194214e-02 6.020632386207580566e-02 2.314275316894054413e-02 2.026958763599395752e-02 2.309900335967540741e-02 1.607111655175685883e-02 5.230304598808288574e-02 7.179598510265350342e-02 1.391926687210798264e-02 3.411859506741166115e-03 7.782618515193462372e-03 3.300438076257705688e-02 2.020591311156749725e-02 2.565706521272659302e-02 3.661462292075157166e-02 4.445588729140581563e-06 1.409092568792402744e-03 3.921437636017799377e-02 3.776942938566207886e-02 2.133222064003348351e-03 6.070036068558692932e-02 2.362022176384925842e-02 1.720650680363178253e-02 5.905900895595550537e-02 5.771533399820327759e-02 3.483033273369073868e-03 3.127392148599028587e-03 3.702889382839202881e-02 1.813386566936969757e-02 5.065313074737787247e-03 2.285387925803661346e-02 2.163150534033775330e-02 7.340882904827594757e-03
2.148635499179363251e-02 2.416426129639148712e-02 3.701953217387199402e-02 2.820219099521636963e-01 4.353104904294013977e-02 8.685010671615600586e-02 1.140033453702926636e-02 3.989011421799659729e-02 5.706974188797175884e-04 2.311581280082464218e-03 8.278865367174148560e-03 2.949474379420280457e-02 6.320517510175704956e-02 3.438974916934967041e-02 6.640575360506772995e-03 1.738016679883003235e-02 8.467002213001251221e-02 3.300470486283302307e-02 1.342124640941619873e-01 5.765127949416637421e-03 1.695462502539157867e-02 5.114941741339862347e-04 2.644062042236328125e-02 6.443376839160919189e-02 5.756435543298721313e-02 4.432628676295280457e-02 4.807546734809875488e-02 2.249217964708805084e-02 2.746756374835968018e-02 4.697215184569358826e-02 4.156998172402381897e-02 1.766153797507286072e-02 5.569181963801383972e-02 1.834707148373126984e-02 1.796135306358337402e-02 3.151403740048408508e-02 5.448637902736663818e-02 1.740932278335094452e-02 1.296446174383163452e-01 6.891248375177383423e-02 3.716081380844116211e-03 1.196650136262178421e-02 1.696549728512763977e-02 1.468326058238744736e-02 3.069692477583885193e-02 3.954508528113365173e-02 1.873547770082950592e-02 4.731856286525726318e-02 1.107587944716215134e-03 7.299500517547130585e-03 3.750490723177790642e-03 4.033987410366535187e-03 6.186100840568542480e-02 2.839813940227031708e-02 4.363572224974632263e-03 6.086888257414102554e-03 3.608166053891181946e-02 7.396956440061330795e-03 2.672408148646354675e-02 3.655771166086196899e-02 3.596268594264984131e-02 3.711395710706710815e-02 1.256725043058395386e-01 1.483908016234636307e-02 3.590949624776840210e-02 9.696543216705322266e-03 2.704756520688533783e-02 3.871128708124160767e-02 2.902673743665218353e-02 4.553369432687759399e-02 6.104402244091033936e-02 3.762885928153991699e-02 3.926234319806098938e-02 5.310992896556854248e-02 1.571013033390045166e-01 2.605832414701581001e-03 4.359317198395729065e-02 5.438921600580215454e-02 1.555245951749384403e-03 5.378853529691696167e-03 2.406642958521842957e-02 2.466241084039211273e-02 2.454887330532073975e-02 1.050661653280258179e-01 3.965355083346366882e-02 4.631679877638816833e-02 8.540326729416847229e-03 2.247271314263343811e-02 8.594698272645473480e-03 1.177657768130302429e-02 2.172377519309520721e-02 2.360826544463634491e-02 2.481730096042156219e-02 2.991615980863571167e-02 1.762445643544197083e-02 2.861264161765575409e-02 4.378984868526458740e-02 3.875179588794708252e-02 3.549803420901298523e-02 1.540695503354072571e-02 1.825265027582645416e-02 5.875932425260543823e-02 5.935399793088436127e-03 2.400722354650497437e-02 6.122175604104995728e-02 5.832419544458389282e-02 4.443442821502685547e-02 2.217531204223632812e-02 1.734459958970546722e-02 5.111262202262878418e-02 3.090496920049190521e-02 2.676493674516677856e-02 3.214447526261210442e-03 5.555308423936367035e-03 1.148277241736650467e-02 1.302859047427773476e-03
2.134314924478530884e-01 1.462425738573074341e-01 2.131821773946285248e-02 3.424707055091857910e-02 8.685010671615600586e-02 5.345080047845840454e-02 1.943041682243347168e-01 1.112866774201393127e-02 4.105359315872192383e-02 5.021506920456886292e-02 5.338899418711662292e-02 2.403030171990394592e-03 1.725670881569385529e-02 1.230617705732584000e-02 6.070425361394882202e-02 6.844747811555862427e-02 4.407447203993797302e-02 2.190112834796309471e-03 1.413450948894023895e-02 3.101315349340438843e-02 8.821737021207809448e-03 1.318146381527185440e-02 3.622127696871757507e-02 2.405680343508720398e-02 1.915909536182880402e-02 4.921830072999000549e-02 2.699997974559664726e-03 1.223899498581886292e-01 6.790935248136520386e-02 3.583254665136337280e-02 5.990378931164741516e-02 1.076628826558589935e-02 3.330589830875396729e-02 4.624700546264648438e-02 2.999997697770595551e-02 1.925028115510940552e-02 3.538347547873854637e-03 4.457585513591766357e-03 2.203397266566753387e-02 7.883331738412380219e-03 1.323854201473295689e-03 7.352148182690143585e-03 4.817448789253830910e-04 1.371748186647891998e-02 6.523315794765949249e-03 3.398853167891502380e-02 3.966252878308296204e-02 1.315660867840051651e-02 3.573494777083396912e-02 2.583634667098522186e-02 1.701872795820236206e-02 4.060932900756597519e-03 3.093208931386470795e-02 1.774030178785324097e-02 4.440679401159286499e-02 9.162832051515579224e-03 4.187379032373428345e-02 3.854176774621009827e-02 2.849934622645378113e-02 1.035207230597734451e-02 2.984047681093215942e-02 1.796340011060237885e-02 7.556978613138198853e-02 5.532556097023189068e-04 1.355671286582946777e-01 6.034848093986511230e-02 2.423218823969364166e-02 5.093321576714515686e-02 8.203288167715072632e-02 6.098521500825881958e-02 7.325322180986404419e-02 7.768560200929641724e-02 5.164102837443351746e-02 7.139773666858673096e-02 3.344399109482765198e-02 1.754828356206417084e-02 7.778202742338180542e-02 4.087521508336067200e-02 7.035950571298599243e-02 2.256111241877079010e-02 1.236655376851558685e-02 2.881398983299732208e-02 6.354928016662597656e-02 4.929653182625770569e-02 8.568046614527702332e-03 2.076776884496212006e-02 3.492341190576553345e-02 2.614754624664783478e-02 2.676509134471416473e-02 2.046453766524791718e-02 6.820502690970897675e-03 3.435538709163665771e-02 8.220938965678215027e-03 1.702805794775485992e-02 5.886643379926681519e-02 4.894669726490974426e-02 1.663678511977195740e-02 7.433125376701354980e-02 5.313782766461372375e-02 9.385532699525356293e-03 2.518032491207122803e-02 1.410533208400011063e-02 4.075228422880172729e-02 7.376444060355424881e-03 4.657107591629028320e-02 4.414961859583854675e-02 6.340710818767547607e-02 2.973653189837932587e-02 1.109872246161103249e-03 4.077587649226188660e-02 2.744831517338752747e-02 3.761640191078186035e-02 1.801211014389991760e-02 2.116532810032367706e-02 5.984237790107727051e-02 4.182869195938110352e-02
5.361026525497436523e-02 9.018929302692413330e-02 1.758299022912979126e-02 2.687208540737628937e-02 1.140033453702926636e-02 1.943041682243347168e-01 9.638417512178421021e-02 3.391891717910766602e-02 6.526920944452285767e-02 1.169552677311003208e-03 1.508637424558401108e-02 7.103839516639709473e-02 9.430411271750926971e-03 3.053553216159343719e-02 8.001552522182464600e-02 5.141184478998184204e-02 3.137800469994544983e-02 8.432657271623611450e-02 3.086882829666137695e-02 2.744546346366405487e-02 4.394123703241348267e-02 3.275237232446670532e-02 1.200997829437255859e-02 4.330345988273620605e-02 1.918831258080899715e-03 6.829222198575735092e-03 2.078606747090816498e-02 9.898547083139419556e-02 1.729769818484783173e-02 6.113923341035842896e-02 2.109730802476406097e-02 4.115655273199081421e-02 4.779464006423950195e-02 4.107331112027168274e-02 7.636827067472040653e-04 1.814505830407142639e-02 4.421648010611534119e-02 3.108088113367557526e-02 1.094929724931716919e-01 1.852759160101413727e-02 4.179487586952745914e-04 3.406487032771110535e-02 3.433511406183242798e-02 2.042881958186626434e-02 8.022695779800415039e-02 4.757429659366607666e-02 1.703418195247650146e-01 1.721342802047729492e-01 6.206598877906799316e-02 6.068433634936809540e-03 4.928913339972496033e-02 1.127033028751611710e-02 1.207683794200420380e-02 5.164135247468948364e-02 1.915956474840641022e-02 4.454168304800987244e-02 1.518131606280803680e-02 4.612677171826362610e-02 7.467365358024835587e-03 3.840167820453643799e-02 2.391350083053112030e-02 1.633786782622337341e-02 3.029019013047218323e-02 1.372819766402244568e-02 6.949027627706527710e-02 7.762954570353031158e-03 1.197560038417577744e-02 9.581285528838634491e-03 2.926426939666271210e-02 6.947728991508483887e-02 4.338555410504341125e-02 4.126733541488647461e-02 5.203698296099901199e-03 7.442791759967803955e-02 4.318573325872421265e-02 7.493213051930069923e-04 1.123572979122400284e-02 4.465946555137634277e-02 2.997971884906291962e-02 1.062836125493049622e-02 6.431797891855239868e-02 4.405435174703598022e-03 3.311149775981903076e-02 4.694068804383277893e-02 5.057867243885993958e-02 1.823722198605537415e-02 3.359516710042953491e-02 2.936113253235816956e-02 3.597596660256385803e-02 5.478506907820701599e-02 3.101578354835510254e-02 1.731830835342407227e-02 7.290550321340560913e-02 4.015766084194183350e-02 1.069031283259391785e-02 4.577368125319480896e-02 2.256390266120433807e-02 3.634001687169075012e-02 8.176254481077194214e-02 8.097207173705101013e-03 3.569039050489664078e-03 2.604885213077068329e-02 6.739698350429534912e-03 4.503911826759576797e-03 3.280836343765258789e-02 1.762096397578716278e-02 2.673600055277347565e-02 4.485122486948966980e-02 3.479285538196563721e-02 2.215601317584514618e-02 5.092675983905792236e-02 5.783243104815483093e-02 3.046716377139091492e-02 6.111290678381919861e-02 1.911557279527187347e-02 1.801277138292789459e-02
1.836203038692474365e-02 2.851974964141845703e-02 1.993033885955810547e-01 5.649678781628608704e-02 3.989011421799659729e-02 1.112866774201393127e-02 3.391891717910766602e-02 5.011059343814849854e-02 1.002930402755737305e-01 2.741078659892082214e-02 4.539688676595687866e-02 2.737429551780223846e-02 1.159367114305496216e-01 6.552894599735736847e-03 1.071235686540603638e-01 1.144271865487098694e-01 3.000404126942157745e-02 1.164748705923557281e-02 1.512011326849460602e-02 1.413384336046874523e-03 2.625865675508975983e-02 2.086797170341014862e-02 7.096427958458662033e-03 7.172643393278121948e-02 6.514644250273704529e-03 9.170116856694221497e-03 2.051133289933204651e-02 3.922151029109954834e-02 2.993058227002620697e-02 7.480527460575103760e-02 2.585386671125888824e-02 1.007267623208463192e-03 8.203534781932830811e-02 3.385426849126815796e-02 2.678453223779797554e-03 3.134601935744285583e-02 3.309694677591323853e-02 3.066788800060749054e-02 9.672416001558303833e-02 1.563364174216985703e-03 5.997736379504203796e-02 9.563347324728965759e-03 6.992043461650609970e-03 3.076359070837497711e-02 1.142220944166183472e-02 3.101662266999483109e-03 1.915316842496395111e-02 6.373527646064758301e-02 4.517047107219696045e-02 4.758919402956962585e-02 1.505843736231327057e-02 5.894069373607635498e-02 3.783729299902915955e-02 4.911349713802337646e-02 4.587024915963411331e-03 1.222133729606866837e-02 4.145384952425956726e-02 1.288045756518840790e-02 8.541799616068601608e-04 5.314297159202396870e-04 7.048000395298004150e-02 8.370822295546531677e-03 3.417510911822319031e-02 4.893972724676132202e-02 9.159671515226364136e-02 3.306818380951881409e-02 4.102418571710586548e-02 1.096962206065654755e-02 4.938859958201646805e-03 2.297081798315048218e-02 7.456752657890319824e-02 1.140101999044418335e-02 3.770999610424041748e-02 7.027661055326461792e-02 2.452529966831207275e-02 3.623937442898750305e-02 1.272585894912481308e-02 7.014575414359569550e-03 2.305276505649089813e-02 3.735580248758196831e-03 1.782044023275375366e-01 1.000552251935005188e-01 8.289901539683341980e-03 3.672277322039008141e-03 1.807772740721702576e-02 1.620058174012228847e-04 1.052974984049797058e-01 8.762717992067337036e-02 2.378555759787559509e-02 5.024760216474533081e-02 1.887382753193378448e-02 3.582467138767242432e-02 4.588251467794179916e-03 4.115629941225051880e-02 6.796476896852254868e-03 1.130528841167688370e-02 4.808539524674415588e-02 2.180770784616470337e-02 6.163856480270624161e-03 4.519867524504661560e-02 1.408641040325164795e-02 2.134909667074680328e-02 1.425793115049600601e-02 4.058750718832015991e-02 1.995351910591125488e-02 2.850568853318691254e-02 3.154710307717323303e-02 3.293104469776153564e-02 2.304887585341930389e-02 2.827515359967947006e-03 3.153146430850028992e-02 5.081056803464889526e-02 6.746079027652740479e-02 3.250502794981002808e-02 4.822541773319244385e-02 5.719271302223205566e-02
1.649676635861396790e-02 3.270863741636276245e-02 8.012937614694237709e-04 5.734641477465629578e-02 5.706974188797175884e-04 4.105359315872192383e-02 6.526920944452285767e-02 1.002930402755737305e-01 3.382550319656729698e-03 3.425391390919685364e-02 3.746586292982101440e-02 4.128401353955268860e-02 4.358606785535812378e-02 4.160293564200401306e-02 3.321221843361854553e-02 3.223190456628799438e-02 4.853580892086029053e-02 9.310672432184219360e-02 5.490392073988914490e-02 1.222133357077836990e-02 1.073889061808586121e-02 5.627135396935045719e-04 1.043708994984626770e-01 7.132904231548309326e-02 2.945958822965621948e-02 3.686043201014399529e-03 5.635298788547515869e-02 4.959458112716674805e-02 3.039634972810745239e-02 1.111165061593055725e-01 3.278458956629037857e-03 2.560199936851859093e-03 1.086649820208549500e-01 1.855754852294921875e-02 2.731931209564208984e-02 2.545775100588798523e-02 3.298002108931541443e-02 6.735167652368545532e-02 1.357002556324005127e-02 7.468761503696441650e-02 4.656287282705307007e-02 4.379660263657569885e-02 2.527344413101673126e-02 8.963354863226413727e-03 8.500388823449611664e-03 4.647039994597434998e-02 3.188128024339675903e-02 6.515761371701955795e-03 6.761967390775680542e-02 8.028696291148662567e-03 3.977639600634574890e-02 5.004404857754707336e-02 4.939856380224227905e-02 9.818528778851032257e-03 8.952393382787704468e-02 5.531652364879846573e-03 4.214661195874214172e-02 1.626312383450567722e-03 5.117131769657135010e-02 1.588320732116699219e-02 5.504680424928665161e-02 5.755810439586639404e-02 1.818507909774780273e-02 6.607706844806671143e-02 7.315498590469360352e-02 1.296048238873481750e-02 2.343362383544445038e-02 4.752545431256294250e-02 7.428979873657226562e-02 6.036292016506195068e-02 9.525627642869949341e-02 4.024364426732063293e-02 3.444037865847349167e-03 7.413875311613082886e-02 4.769885167479515076e-02 2.130254916846752167e-02 1.945298016071319580e-01 4.769997298717498779e-02 1.702145487070083618e-01 6.255057640373706818e-03 2.235481701791286469e-02 6.808992940932512283e-03 7.756382226943969727e-02 8.909849077463150024e-02 5.286901141516864300e-04 6.374886725097894669e-03 4.368384554982185364e-02 3.605405613780021667e-02 6.776609271764755249e-02 7.070057839155197144e-02 5.000514164566993713e-02 4.896954447031021118e-02 1.310187391936779022e-02 5.971841886639595032e-02 1.758260838687419891e-02 1.674153842031955719e-02 1.166897360235452652e-02 3.283873200416564941e-02 5.630858987569808960e-02 5.815163254737854004e-02 2.499855495989322662e-02 1.410968042910099030e-02 3.615266084671020508e-02 8.336025476455688477e-02 5.632933601737022400e-02 3.316113352775573730e-02 2.429425530135631561e-02 4.037328436970710754e-02 5.068402364850044250e-02 1.293636392802000046e-02 4.132688790559768677e-02 4.419429227709770203e-03 6.324086338281631470e-02 2.822681143879890442e-02 3.531991504132747650e-03 1.730572991073131561e-02
6.558700464665889740e-03 3.895857930183410645e-02 4.446215555071830750e-02 6.665534339845180511e-03 2.311581280082464218e-03 5.021506920456886292e-02 1.169552677311003208e-03 2.741078659892082214e-02 3.425391390919685364e-02 6.648524105548858643e-02 7.991132885217666626e-02 4.391237348318099976e-02 1.070316042751073837e-02 4.836964886635541916e-03 2.152623608708381653e-02 2.754994481801986694e-02 6.007982417941093445e-02 1.435390766710042953e-02 1.973655670881271362e-01 1.083792839199304581e-02 4.169089347124099731e-02 3.731617331504821777e-02 4.555605724453926086e-02 1.491148620843887329e-01 3.940938413143157959e-02 3.281605988740921021e-02 4.152085632085800171e-02 4.993441700935363770e-02 2.049504220485687256e-02 1.449161861091852188e-02 5.565186589956283569e-02 4.294259473681449890e-02 8.642877638339996338e-02 1.311271265149116516e-02 6.011782097630202770e-04 3.135140612721443176e-02 2.284054271876811981e-02 5.251246504485607147e-03 4.826366156339645386e-02 3.293493390083312988e-02 3.045975230634212494e-02 1.228583753108978271e-01 1.017041951417922974e-01 1.960739493370056152e-02 1.607964560389518738e-02 6.925125420093536377e-02 4.507004469633102417e-02 8.751612040214240551e-04 6.656326353549957275e-02 1.020682677626609802e-01 1.232978887856006622e-02 1.876921020448207855e-02 3.408799692988395691e-02 3.984751179814338684e-02 5.368228629231452942e-02 4.063019528985023499e-02 5.104913190007209778e-02 7.194041460752487183e-02 4.540832340717315674e-02 4.689041897654533386e-02 4.504410177469253540e-02 2.715808106586337090e-03 1.393655873835086823e-02 9.100288152694702148e-03 5.344961769878864288e-03 7.241874188184738159e-02 1.944669708609580994e-02 1.867702044546604156e-02 7.923968881368637085e-02 1.333741564303636551e-02 5.256726965308189392e-02 1.780899055302143097e-02 5.085490643978118896e-03 6.498907506465911865e-02 2.198300324380397797e-02 2.244065748527646065e-03 1.145255193114280701e-02 1.299588680267333984e-01 2.829971723258495331e-02 6.939765065908432007e-02 8.646588772535324097e-02 3.282819688320159912e-02 7.405246607959270477e-03 4.428114742040634155e-02 6.861529499292373657e-02 1.347159221768379211e-02 5.475596338510513306e-02 2.567278593778610229e-02 5.147812422364950180e-03 2.144379355013370514e-02 1.313002314418554306e-02 4.482268542051315308e-02 3.407505154609680176e-02 3.526145592331886292e-02 4.790583997964859009e-02 9.179324842989444733e-03 4.432363063097000122e-02 1.692032255232334137e-02 9.051756933331489563e-03 1.755633577704429626e-02 9.657378308475017548e-03 2.298121154308319092e-02 2.363343723118305206e-02 1.036202907562255859e-02 1.498949062079191208e-02 3.475780040025711060e-02 1.814505783841013908e-03 3.621387993916869164e-03 8.142399787902832031e-02 4.095347225666046143e-02 1.332227140665054321e-02 4.025263711810112000e-02 5.334917455911636353e-02 5.808326229453086853e-02 7.992231287062168121e-03 3.369865193963050842e-02
1.494619101285934448e-01 8.942762017250061035e-02 3.880009800195693970e-02 3.396360203623771667e-02 8.278865367174148560e-03 5.338899418711662292e-02 1.508637424558401108e-02 4.539688676595687866e-02 3.746586292982101440e-02 7.991132885217666626e-02 3.687956556677818298e-02 5.537970736622810364e-02 2.975997030735015869e-01 4.499332047998905182e-03 7.673316448926925659e-02 3.822143375873565674e-02 2.296533808112144470e-02 3.025130927562713623e-02 9.414178319275379181e-03 2.621213719248771667e-02 2.937567606568336487e-02 1.928411796689033508e-02 8.907579467631876469e-05 1.288385130465030670e-02 7.666196674108505249e-02 2.011585235595703125e-02 4.268210008740425110e-02 7.014987058937549591e-03 3.151047974824905396e-03 9.856565156951546669e-04 7.310476899147033691e-02 3.455900028347969055e-02 3.454415127635002136e-02 3.230204805731773376e-02 6.137382239103317261e-02 3.678534878417849541e-03 1.844394765794277191e-02 7.883039861917495728e-02 2.422022074460983276e-02 1.362328976392745972e-02 3.271971642971038818e-02 5.829448625445365906e-02 8.074387907981872559e-03 2.851285599172115326e-02 3.608487546443939209e-02 8.409368805587291718e-03 1.871220208704471588e-02 4.475994780659675598e-02 3.860863856971263885e-03 4.229129478335380554e-02 4.703690856695175171e-02 6.532245315611362457e-03 8.350745774805545807e-03 2.187635749578475952e-02 2.727846615016460419e-02 4.501884803175926208e-02 5.719979293644428253e-03 5.192404496483504772e-04 3.765703365206718445e-02 4.569986462593078613e-02 5.868971347808837891e-03 5.380652099847793579e-02 7.154936902225017548e-03 2.187765575945377350e-02 9.256687015295028687e-02 1.679966039955615997e-02 2.123424410820007324e-02 2.208972349762916565e-02 2.041280269622802734e-02 6.763138622045516968e-02 8.373028784990310669e-02 5.282412748783826828e-03 1.552332844585180283e-02 4.206043109297752380e-02 6.796834990382194519e-03 1.210898812860250473e-02 9.668068960309028625e-03 9.759588539600372314e-02 2.239963039755821228e-02 4.694811254739761353e-02 5.030386894941329956e-02 1.497197151184082031e-02 4.746201634407043457e-02 4.496695846319198608e-02 9.685572981834411621e-02 1.579621620476245880e-02 4.885000362992286682e-02 1.593347522430121899e-03 4.369407892227172852e-02 1.245560869574546814e-02 1.551517937332391739e-02 1.487390976399183273e-02 1.276655588299036026e-02 7.767579518258571625e-03 2.728933095932006836e-02 4.845635592937469482e-02 4.175885766744613647e-02 1.085745729506015778e-02 1.530272793024778366e-02 6.069678813219070435e-02 4.036097601056098938e-02 2.043043822050094604e-02 3.624089062213897705e-02 2.052947506308555603e-02 4.138435050845146179e-02 4.658901691436767578e-02 2.090798690915107727e-02 4.245702549815177917e-02 1.950000599026679993e-02 6.400223821401596069e-02 3.025448508560657501e-02 3.911942243576049805e-03 3.882981464266777039e-02 9.377506561577320099e-03 2.906319312751293182e-02 9.174817055463790894e-02
4.002908617258071899e-02 6.205211859196424484e-03 4.284109920263290405e-02 1.193059422075748444e-02 2.949474379420280457e-02 2.403030171990394592e-03 7.103839516639709473e-02 2.737429551780223846e-02 4.128401353955268860e-02 4.391237348318099976e-02 5.537970736622810364e-02 4.794006049633026123e-02 2.692606672644615173e-02 2.978416085243225098e-01 4.784201085567474365e-02 4.377001896500587463e-02 7.463607192039489746e-02 3.530363366007804871e-02 4.347581416368484497e-03 2.435117773711681366e-02 4.326536133885383606e-02 5.489411950111389160e-02 1.118666380643844604e-01 4.510371480137109756e-03 2.207682840526103973e-02 2.309853769838809967e-02 6.403936445713043213e-02 1.341031938791275024e-01 3.348001465201377869e-02 3.294538334012031555e-02 2.398801781237125397e-02 5.604014731943607330e-04 7.412009686231613159e-02 6.803393829613924026e-03 1.548706144094467163e-01 5.418973509222269058e-03 5.219935998320579529e-02 5.229384405538439751e-04 2.261273935437202454e-02 1.998997107148170471e-02 8.680514246225357056e-02 3.406719537451863289e-03 3.042312525212764740e-02 3.816506266593933105e-02 1.707773357629776001e-01 1.030031684786081314e-02 5.279219895601272583e-02 1.226143725216388702e-02 1.993609033524990082e-02 3.654490038752555847e-02 1.931102573871612549e-02 1.108883321285247803e-02 4.495293274521827698e-02 4.497402161359786987e-02 1.193509250879287720e-02 2.021506661549210548e-03 5.472715944051742554e-02 3.578224405646324158e-02 1.315781101584434509e-02 1.318785455077886581e-02 3.690753504633903503e-02 1.600267924368381500e-02 7.962111383676528931e-03 3.731185942888259888e-02 5.783521384000778198e-02 3.751996904611587524e-03 4.695500247180461884e-03 2.354319766163825989e-02 3.195471689105033875e-02 1.088341418653726578e-02 5.547312553972005844e-03 7.800185121595859528e-03 2.866220474243164062e-02 2.189581515267491341e-03 2.882729517295956612e-03 3.063676506280899048e-02 3.472500294446945190e-02 6.134184077382087708e-02 9.388791024684906006e-02 4.328147321939468384e-02 3.567381575703620911e-02 1.974596409127116203e-03 3.307735547423362732e-02 4.781978204846382141e-02 8.324519544839859009e-02 2.470265701413154602e-02 1.923812786117196083e-03 4.951321706175804138e-02 6.219211220741271973e-02 4.948921874165534973e-02 2.482461743056774139e-02 4.392499476671218872e-02 1.561076194047927856e-02 1.957153715193271637e-02 1.672860980033874512e-02 7.479605823755264282e-02 8.349110372364521027e-03 3.367461264133453369e-02 6.933411955833435059e-02 1.176345348358154297e-02 1.049711555242538452e-02 7.600213587284088135e-02 1.715819910168647766e-02 4.653401672840118408e-02 2.121459692716598511e-02 2.821109630167484283e-02 6.518007069826126099e-02 8.974701166152954102e-03 6.588274985551834106e-02 3.239124268293380737e-02 3.719211090356111526e-03 1.589366048574447632e-02 6.331572681665420532e-02 3.622411563992500305e-02 8.444340527057647705e-02 5.946903675794601440e-02
1.574410498142242432e-01 1.499527543783187866e-01 4.491109028458595276e-02 3.684518858790397644e-02 6.320517510175704956e-02 1.725670881569385529e-02 9.430411271750926971e-03 1.159367114305496216e-01 4.358606785535812378e-02 1.070316042751073837e-02 2.975997030735015869e-01 2.692606672644615173e-02 1.975115016102790833e-02 1.916348002851009369e-02 1.694903373718261719e-01 1.022052019834518433e-01 4.334833845496177673e-02 1.112101972103118896e-02 3.732287511229515076e-02 7.746241521090269089e-03 1.525217946618795395e-02 2.110834792256355286e-02 5.015785992145538330e-02 3.038091026246547699e-02 4.600458592176437378e-02 2.145569398999214172e-02 5.225758999586105347e-02 2.526377327740192413e-02 3.347017616033554077e-02 3.791722282767295837e-02 1.121965572237968445e-01 4.392752423882484436e-02 3.389780595898628235e-02 2.020024321973323822e-02 2.426519989967346191e-02 3.895599395036697388e-02 1.405805908143520355e-02 3.921832889318466187e-02 8.604741096496582031e-02 4.178642109036445618e-02 5.321956239640712738e-03 6.967557710595428944e-04 4.858464002609252930e-02 3.981295973062515259e-02 3.611905500292778015e-02 3.119184635579586029e-02 3.574370220303535461e-02 2.614260092377662659e-02 5.969072878360748291e-02 1.818660460412502289e-02 7.172625511884689331e-03 4.210312664508819580e-02 3.551469743251800537e-02 4.427220206707715988e-03 3.420363366603851318e-02 6.873156875371932983e-03 2.020194754004478455e-02 1.379575021564960480e-02 1.358837541192770004e-02 3.344229236245155334e-02 5.242662504315376282e-02 2.395213022828102112e-02 5.708143487572669983e-02 2.257075719535350800e-02 7.427475601434707642e-02 3.749888762831687927e-02 6.343753635883331299e-02 1.631879433989524841e-02 9.324973449110984802e-03 4.335922747850418091e-02 3.898607194423675537e-02 6.228116806596517563e-03 1.321575418114662170e-02 1.494875177741050720e-02 3.736906871199607849e-02 1.260653138160705566e-02 7.381433993577957153e-02 4.485327750444412231e-02 1.273436192423105240e-02 3.836452588438987732e-02 1.408270560204982758e-02 2.056043036282062531e-02 3.912069648504257202e-02 3.415221348404884338e-02 6.702084094285964966e-02 3.753631934523582458e-02 9.300793521106243134e-03 3.591123223304748535e-02 2.612634561955928802e-02 3.091445006430149078e-02 3.340010380270541646e-06 2.649098262190818787e-02 4.052422940731048584e-02 1.625869236886501312e-02 5.898219719529151917e-02 1.657093502581119537e-02 1.708499155938625336e-02 3.034310042858123779e-02 1.749932533130049706e-03 9.069988154806196690e-04 4.650667682290077209e-02 5.529684014618396759e-03 3.457460924983024597e-02 2.543032169342041016e-02 7.078801840543746948e-02 1.540883351117372513e-02 2.584929345175623894e-03 3.250363469123840332e-02 2.920923940837383270e-02 5.918405018746852875e-03 1.789022423326969147e-02 4.190796986222267151e-02 3.143225237727165222e-02 2.285732422024011612e-03 4.606151953339576721e-03 2.277290448546409607e-02
