1.592363268136978149e-01 2.676034271717071533e-01 2.722217701375484467e-02 9.813679382205009460e-03 1.832572184503078461e-02 1.115020290017127991e-01 9.027800709009170532e-02 1.560531277209520340e-02 3.768043592572212219e-02 6.578765809535980225e-03 7.414513081312179565e-02 4.182081203907728195e-03 7.320727407932281494e-02 1.501474622637033463e-02 2.685321494936943054e-02 3.629354014992713928e-02 2.785600163042545319e-02 1.640107110142707825e-02 7.963404990732669830e-03 3.227813914418220520e-02 4.271292313933372498e-02 4.920725151896476746e-02 5.246399436146020889e-03 9.499721229076385498e-03 6.393441464751958847e-03 2.082592062652111053e-02 3.769434988498687744e-03 1.133661717176437378e-02 2.693666703999042511e-02 2.478750422596931458e-02 1.851274631917476654e-03 1.134083257056772709e-03 1.364632043987512589e-02 1.749655231833457947e-02 2.465750323608517647e-03 4.452244192361831665e-02 5.598473548889160156e-02 2.821949496865272522e-02 1.291425805538892746e-02 1.007076259702444077e-02 1.636640354990959167e-02 4.478537291288375854e-02 1.318267080932855606e-02 5.538733676075935364e-02 9.486826136708259583e-03 6.335894111543893814e-03 3.598214685916900635e-02 7.156418263912200928e-02 3.864837437868118286e-02 4.251908138394355774e-02 5.894124507904052734e-03 6.001343135721981525e-04 2.738041337579488754e-03 1.937276311218738556e-02 1.413797773420810699e-02 2.392535656690597534e-02 3.685830859467387199e-03 2.016862854361534119e-02 2.253470197319984436e-02 9.113573469221591949e-03 7.551681715995073318e-03 3.594955429434776306e-02 2.100809477269649506e-02 5.398155655711889267e-03 2.760836482048034668e-02 1.534420996904373169e-02 2.247952111065387726e-02 5.521409213542938232e-02 4.310407210141420364e-03 2.225924097001552582e-02 8.811245206743478775e-04 3.622668236494064331e-02 2.350032329559326172e-02 4.413817077875137329e-02 3.292635083198547363e-02 1.205817610025405884e-02 1.122597418725490570e-02 1.226909458637237549e-02 4.939023405313491821e-02 5.008285865187644958e-02 2.848319523036479950e-02 4.929750785231590271e-02 8.495377376675605774e-03 1.850069267675280571e-03 2.436134731397032738e-03 3.221676871180534363e-02 4.388561472296714783e-03 1.830331608653068542e-02 3.072626702487468719e-02 3.456253930926322937e-02 7.072509080171585083e-02 9.939462877810001373e-03 9.947816282510757446e-02 3.361088037490844727e-02 5.428133066743612289e-03 2.136271819472312927e-02 1.844383589923381805e-02 2.696672081947326660e-02 1.912710256874561310e-03 1.524241641163825989e-02 4.115761071443557739e-02 3.175775287672877312e-03 2.169062849134206772e-03 2.964911982417106628e-02 2.962866099551320076e-03 6.865918636322021484e-03 5.325630307197570801e-02 6.085170316509902477e-04 1.259929314255714417e-02 1.134113315492868423e-02 2.405633591115474701e-02 4.125079885125160217e-02 1.387431100010871887e-02 2.940396312624216080e-03 3.221627697348594666e-02 4.915533214807510376e-02
2.676034271717071533e-01 1.706355661153793335e-01 8.610808849334716797e-02 4.923369735479354858e-02 4.153129830956459045e-02 1.372097581624984741e-01 1.368355005979537964e-01 3.456345945596694946e-02 7.083441317081451416e-02 5.852720513939857483e-02 3.127259388566017151e-02 1.037963200360536575e-02 9.535120427608489990e-02 3.466992452740669250e-02 3.294210508465766907e-02 2.602976933121681213e-02 2.336363308131694794e-02 6.195916235446929932e-02 6.116386130452156067e-02 6.809570640325546265e-02 3.120728209614753723e-02 2.193943783640861511e-02 4.500766098499298096e-02 1.199284847825765610e-02 1.068738196045160294e-02 1.346155907958745956e-02 2.393068745732307434e-02 7.572311442345380783e-03 1.435757800936698914e-02 3.604757040739059448e-02 1.759495399892330170e-02 2.762022661045193672e-03 1.903734542429447174e-02 4.488671198487281799e-03 3.721258370205760002e-03 3.884680196642875671e-02 6.360057741403579712e-02 2.872752258554100990e-03 2.154547348618507385e-02 2.132030576467514038e-02 1.226914580911397934e-02 2.417899668216705322e-02 6.706396490335464478e-02 3.180270269513130188e-02 2.570535056293010712e-03 1.538315135985612869e-02 3.037727624177932739e-02 9.839233011007308960e-02 3.576336428523063660e-02 2.269212389364838600e-03 4.348444938659667969e-02 3.239941969513893127e-02 1.152192801237106323e-02 9.248055284842848778e-04 3.168510645627975464e-02 7.506820838898420334e-03 4.508103430271148682e-02 8.571255020797252655e-04 3.038671426475048065e-02 2.349012717604637146e-02 3.219506889581680298e-02 4.254525061696767807e-03 1.367450132966041565e-02 5.543908919207751751e-04 1.892850920557975769e-02 3.008714132010936737e-02 2.742261812090873718e-02 4.504458978772163391e-02 2.759225666522979736e-02 2.334757335484027863e-02 9.350558742880821228e-03 3.175732120871543884e-02 2.046842128038406372e-02 2.977411728352308273e-03 2.463450282812118530e-02 4.058296605944633484e-02 1.849490404129028320e-02 4.010959528386592865e-03 8.313249796628952026e-03 1.407027337700128555e-02 2.436694875359535217e-02 1.766438968479633331e-02 1.097230892628431320e-02 5.193613097071647644e-02 2.225330471992492676e-02 5.485078319907188416e-03 2.823198447003960609e-03 3.628082107752561569e-03 2.726272866129875183e-02 4.503150656819343567e-02 6.433213502168655396e-02 7.954810746014118195e-03 1.576901376247406006e-01 3.904147073626518250e-02 5.652471259236335754e-02 1.809853501617908478e-02 2.944078063592314720e-03 2.742853946983814240e-02 8.859266526997089386e-03 1.935251057147979736e-02 3.249282017350196838e-02 2.681916020810604095e-02 1.423880178481340408e-02 3.683323413133621216e-02 2.611635997891426086e-02 2.744693122804164886e-02 2.396102063357830048e-03 8.803769014775753021e-03 1.162182074040174484e-02 1.013277005404233932e-02 3.193227574229240417e-02 3.436140716075897217e-02 1.441358495503664017e-02 2.951950021088123322e-02 6.328761577606201172e-02 3.514426946640014648e-02
2.722217701375484467e-02 8.610808849334716797e-02 6.780601292848587036e-02 3.717697784304618835e-02 4.411435499787330627e-02 9.114427492022514343e-03 2.432016283273696899e-02 9.165295213460922241e-02 5.143934488296508789e-02 7.125044614076614380e-02 2.321311645209789276e-02 4.651782661676406860e-02 2.459789812564849854e-02 4.793596640229225159e-02 4.228689894080162048e-02 4.072309657931327820e-02 4.277245327830314636e-02 3.277252614498138428e-02 8.669685572385787964e-02 3.489375114440917969e-02 3.084529563784599304e-02 2.466060919687151909e-03 2.452114224433898926e-02 2.830950729548931122e-02 3.917919099330902100e-02 1.854654215276241302e-02 1.243794709444046021e-02 8.305768668651580811e-02 1.596253737807273865e-02 5.540851131081581116e-02 4.330275952816009521e-02 1.636519841849803925e-02 2.460618875920772552e-02 5.391129106283187866e-02 2.091891877353191376e-02 4.936163872480392456e-02 8.265530690550804138e-03 2.991528809070587158e-02 1.449846103787422180e-02 1.348146609961986542e-02 6.542630493640899658e-02 7.804406806826591492e-03 1.128455698490142822e-01 1.481729000806808472e-01 6.606215238571166992e-02 8.704224228858947754e-02 8.098685648292303085e-04 4.563434049487113953e-03 5.842547491192817688e-02 2.184442989528179169e-02 1.771305128931999207e-02 4.944391548633575439e-02 2.094179764389991760e-02 3.648880124092102051e-02 2.543850615620613098e-02 1.194184571504592896e-01 1.291525829583406448e-02 7.985432748682796955e-04 2.527992986142635345e-02 5.039153248071670532e-02 7.769423723220825195e-02 1.001498941332101822e-02 2.727655926719307899e-03 2.592501416802406311e-02 1.752224192023277283e-02 2.433015592396259308e-02 3.663042793050408363e-03 6.765063852071762085e-03 4.970207810401916504e-02 5.790572986006736755e-02 5.617449060082435608e-02 8.077032864093780518e-02 4.698395356535911560e-02 5.066081136465072632e-02 4.307573661208152771e-02 1.851041428744792938e-02 2.571851573884487152e-02 2.911475673317909241e-02 3.028878942131996155e-02 6.687272340059280396e-02 2.602385878562927246e-01 2.510077357292175293e-01 8.912583440542221069e-02 2.326383627951145172e-02 2.418157272040843964e-02 3.490937128663063049e-02 1.082806941121816635e-02 4.494138807058334351e-02 5.400242283940315247e-02 1.879722625017166138e-02 3.453106060624122620e-02 6.129537243396043777e-03 2.271746471524238586e-02 3.240879625082015991e-02 2.444026060402393341e-02 2.863329835236072540e-02 6.638763099908828735e-02 5.008419603109359741e-02 6.237846799194812775e-03 4.930255189538002014e-02 4.835936427116394043e-02 3.241367265582084656e-02 2.335355617105960846e-03 5.409183725714683533e-02 2.575422450900077820e-02 2.333956770598888397e-02 1.152128726243972778e-02 3.346414491534233093e-02 2.487149834632873535e-02 2.236882597208023071e-02 3.499147295951843262e-02 2.531729824841022491e-02 3.810354694724082947e-02 1.292805653065443039e-02 1.348668150603771210e-02 2.072740532457828522e-02
9.813679382205009460e-03 4.923369735479354858e-02 3.717697784304618835e-02 1.443238854408264160e-01 2.004125267267227173e-01 2.928748028352856636e-03 2.159758657217025757e-02 1.049158629029989243e-02 4.950471967458724976e-02 6.619978696107864380e-02 5.904704798012971878e-03 7.396057993173599243e-02 2.667546272277832031e-02 6.404214352369308472e-02 4.434580728411674500e-02 3.663196787238121033e-02 1.157289743423461914e-02 7.206027954816818237e-02 2.562998421490192413e-02 1.060819067060947418e-02 4.035722464323043823e-03 4.321746528148651123e-02 7.416144479066133499e-03 3.921495378017425537e-02 2.075189352035522461e-02 3.031126409769058228e-02 6.476191431283950806e-02 6.876072287559509277e-02 6.943964213132858276e-02 5.180105939507484436e-02 5.969162285327911377e-02 1.547638140618801117e-02 1.409235969185829163e-02 1.753630489110946655e-02 3.064774163067340851e-02 2.076546102762222290e-02 3.373077139258384705e-02 4.750789608806371689e-03 5.200276523828506470e-02 7.693760097026824951e-02 2.335104718804359436e-02 5.234093870967626572e-03 3.069796226918697357e-02 2.256529591977596283e-02 5.046121403574943542e-02 3.897092118859291077e-02 3.655542433261871338e-02 1.559111103415489197e-02 1.705248840153217316e-02 8.715928532183170319e-03 5.848066136240959167e-02 4.741668328642845154e-02 7.635722402483224869e-03 1.542293652892112732e-02 3.396119549870491028e-02 2.030579559504985809e-02 3.134506940841674805e-02 3.102976270020008087e-02 6.064782664179801941e-02 3.136513754725456238e-02 5.307803303003311157e-02 1.105349510908126831e-02 3.595002368092536926e-02 5.713851377367973328e-02 3.606671467423439026e-02 4.828000906854867935e-03 2.718571759760379791e-02 1.704516634345054626e-02 7.079104892909526825e-03 2.454937249422073364e-02 8.798812516033649445e-03 5.701162293553352356e-02 7.700358331203460693e-02 3.550446033477783203e-02 6.621070951223373413e-02 3.040142543613910675e-02 4.440288618206977844e-02 1.056123152375221252e-02 2.249239757657051086e-02 3.474408388137817383e-02 3.821516409516334534e-02 3.409564122557640076e-02 7.244916260242462158e-02 8.216988295316696167e-02 1.539262570440769196e-02 3.801997378468513489e-02 3.645199164748191833e-02 1.988931186497211456e-02 5.418291315436363220e-02 6.271710991859436035e-02 6.344892899505794048e-04 6.162169203162193298e-02 4.436324909329414368e-02 5.464434158056974411e-03 2.094858884811401367e-02 9.637607261538505554e-03 3.273331373929977417e-02 1.375893969088792801e-02 1.504222862422466278e-02 1.415846217423677444e-02 2.154626511037349701e-02 1.765162684023380280e-02 7.405785471200942993e-02 1.436423882842063904e-02 6.373285781592130661e-03 2.414560131728649139e-02 1.347264926880598068e-02 4.851398617029190063e-02 2.119142003357410431e-02 2.501625753939151764e-02 1.794038526713848114e-02 5.430092103779315948e-03 3.433298319578170776e-02 1.087883487343788147e-02 1.754174381494522095e-02 3.556597977876663208e-02
1.832572184503078461e-02 4.153129830956459045e-02 4.411435499787330627e-02 2.004125267267227173e-01 1.063493117690086365e-01 2.661229111254215240e-02 4.549714736640453339e-03 3.832709044218063354e-02 1.911611296236515045e-02 1.269298139959573746e-02 5.997795145958662033e-03 8.648664690554141998e-03 2.492612227797508240e-02 8.966401219367980957e-04 3.475357964634895325e-02 2.287011034786701202e-02 1.075704023241996765e-02 6.041971594095230103e-02 1.107782218605279922e-02 2.313230372965335846e-02 2.435780689120292664e-02 3.137707710266113281e-02 1.524875219911336899e-02 1.950513944029808044e-02 1.468269061297178268e-02 2.580635994672775269e-02 1.908505149185657501e-02 2.575797028839588165e-03 2.152030356228351593e-02 1.781418360769748688e-02 4.749556630849838257e-02 2.683344669640064240e-02 1.159226894378662109e-02 1.235759258270263672e-02 2.916350215673446655e-02 1.933476189151406288e-03 2.424447052180767059e-02 4.513750318437814713e-03 6.597162783145904541e-02 1.496670544147491455e-01 2.356711402535438538e-02 6.326906848698854446e-03 2.630030363798141479e-02 8.793595433235168457e-02 2.583072148263454437e-02 1.674872078001499176e-02 1.192953996360301971e-02 3.336713463068008423e-02 3.256660327315330505e-02 6.675817072391510010e-03 2.550153620541095734e-02 1.867628842592239380e-02 4.649662598967552185e-02 5.868901312351226807e-02 3.999787196516990662e-02 6.246849149465560913e-02 4.493184387683868408e-02 4.322283715009689331e-02 3.968766890466213226e-03 4.065308719873428345e-03 5.416596680879592896e-02 4.561595991253852844e-02 2.296040393412113190e-02 5.574485287070274353e-02 5.547855049371719360e-03 2.802233584225177765e-02 6.549646705389022827e-02 2.738975454121828079e-03 4.814505949616432190e-02 3.627058863639831543e-02 3.324574977159500122e-02 8.721848018467426300e-03 5.658004805445671082e-02 7.896868139505386353e-02 1.187696605920791626e-01 2.464580908417701721e-02 3.226209431886672974e-02 1.116201933473348618e-02 4.108676686882972717e-03 1.143244188278913498e-02 2.958541968837380409e-03 4.195619001984596252e-02 3.006820566952228546e-02 1.726641505956649780e-01 6.089674308896064758e-03 3.040874004364013672e-02 3.686211258172988892e-02 3.355603665113449097e-02 1.254755444824695587e-02 1.088946685194969177e-02 3.034562990069389343e-02 2.077458798885345459e-02 1.652217470109462738e-02 5.389210768043994904e-03 1.134822890162467957e-02 1.166051067411899567e-02 3.566466644406318665e-02 2.131718769669532776e-02 2.718970179557800293e-02 4.592541977763175964e-02 3.116785921156406403e-02 1.103711966425180435e-02 8.016239851713180542e-02 5.511676892638206482e-02 8.948515169322490692e-03 1.947749219834804535e-02 2.671526046469807625e-03 3.798918426036834717e-02 3.568831831216812134e-02 2.122318744659423828e-02 1.653208024799823761e-02 3.996732458472251892e-02 5.229766014963388443e-03 1.461401116102933884e-02 3.532973676919937134e-02 4.518578201532363892e-02
1.115020290017127991e-01 1.372097581624984741e-01 9.114427492022514343e-03 2.928748028352856636e-03 2.661229111254215240e-02 2.082880139350891113e-01 1.875773817300796509e-01 7.819384336471557617e-03 5.093705281615257263e-02 1.846531219780445099e-02 2.064774371683597565e-02 1.229490041732788086e-01 6.792181730270385742e-02 1.447836905717849731e-01 5.248009227216243744e-03 1.227473746985197067e-02 2.895617485046386719e-02 2.543524093925952911e-02 3.484186157584190369e-02 3.691335022449493408e-02 6.206113379448652267e-03 2.516065165400505066e-02 3.908743336796760559e-02 4.013374447822570801e-02 2.483665943145751953e-02 3.003388829529285431e-02 3.448421880602836609e-02 9.781870990991592407e-02 9.348102658987045288e-02 1.042095124721527100e-01 4.518449679017066956e-02 9.362870827317237854e-03 3.134945780038833618e-02 9.509824216365814209e-03 2.894507907330989838e-02 1.460836385376751423e-03 2.205265499651432037e-02 3.339814394712448120e-02 1.387104205787181854e-02 2.681530080735683441e-02 3.364422125741839409e-03 8.041810244321823120e-03 1.114419195801019669e-02 3.813281422480940819e-03 3.313815221190452576e-02 3.516440512612462044e-03 1.616153419017791748e-01 1.273073405027389526e-01 7.411162368953227997e-03 2.419984154403209686e-02 2.433508634567260742e-02 2.615606598556041718e-02 2.034789137542247772e-02 2.337006852030754089e-02 1.422381028532981873e-02 7.830922259017825127e-04 3.559156879782676697e-02 1.926900446414947510e-02 7.725869072601199150e-04 4.646417498588562012e-02 1.759799197316169739e-02 5.373957380652427673e-02 1.016584411263465881e-02 2.090568467974662781e-02 2.027263492345809937e-02 2.736815996468067169e-02 3.542713820934295654e-02 1.646501012146472931e-02 2.437490783631801605e-02 7.826508954167366028e-03 3.247281769290566444e-03 1.042992845177650452e-01 8.397717610932886600e-04 9.768037125468254089e-04 1.881192252039909363e-02 4.794938117265701294e-02 1.229641214013099670e-02 9.771316312253475189e-03 5.649292469024658203e-02 3.694473206996917725e-02 9.826920926570892334e-03 3.466287627816200256e-02 4.000060632824897766e-02 6.642949301749467850e-03 6.196032278239727020e-03 3.249222040176391602e-02 2.944920770823955536e-02 5.147239193320274353e-03 1.178860384970903397e-02 5.653803423047065735e-02 7.406187057495117188e-02 6.803856790065765381e-02 7.915282994508743286e-02 3.884693980216979980e-02 5.962122976779937744e-02 4.495913907885551453e-02 6.054993346333503723e-02 3.428953513503074646e-02 5.559382960200309753e-02 2.121699415147304535e-02 3.224797779694199562e-03 3.581868484616279602e-03 7.595951855182647705e-02 2.072124183177947998e-02 3.772723488509654999e-03 9.401624090969562531e-03 7.612740993499755859e-02 3.346663899719715118e-03 6.739828735589981079e-03 3.168361634016036987e-02 1.505907066166400909e-02 5.236758291721343994e-02 4.752694629132747650e-03 3.246797621250152588e-02 5.169743299484252930e-02 4.547224938869476318e-02
9.027800709009170532e-02 1.368355005979537964e-01 2.432016283273696899e-02 2.159758657217025757e-02 4.549714736640453339e-03 1.875773817300796509e-01 2.180060595273971558e-01 1.831385865807533264e-02 5.470224097371101379e-02 1.410054881125688553e-02 1.721574552357196808e-02 8.723499625921249390e-02 5.984156206250190735e-02 1.246196851134300232e-01 1.762486435472965240e-02 1.172459218651056290e-02 3.894216567277908325e-02 1.309134718030691147e-02 8.573421835899353027e-02 1.940345019102096558e-02 7.722437381744384766e-03 2.054296061396598816e-02 6.686277687549591064e-03 2.602433227002620697e-02 8.281374350190162659e-03 2.734454348683357239e-02 5.014142021536827087e-02 1.628019730560481548e-03 5.698858574032783508e-02 2.988913655281066895e-02 5.966290459036827087e-02 2.518166974186897278e-02 5.050132982432842255e-03 2.270145341753959656e-02 7.050460204482078552e-03 4.856075625866651535e-03 2.448429353535175323e-02 2.739124372601509094e-02 2.798108151182532310e-03 1.072046533226966858e-02 2.712350152432918549e-02 1.612260378897190094e-02 2.421507611870765686e-03 1.804038323462009430e-02 6.077941879630088806e-02 5.801204219460487366e-02 1.429270356893539429e-01 1.706473529338836670e-01 3.095867857336997986e-02 2.514401450753211975e-02 1.087137870490550995e-02 1.124206837266683578e-02 2.693091705441474915e-02 2.042842842638492584e-02 1.125811040401458740e-02 8.615673519670963287e-03 2.938153455033898354e-03 1.774872839450836182e-02 7.821369916200637817e-03 2.608469128608703613e-02 2.602384798228740692e-02 1.661916822195053101e-02 4.723840951919555664e-02 3.802683437243103981e-03 7.936157286167144775e-03 3.300740197300910950e-02 1.227270066738128662e-02 1.562006864696741104e-02 1.863121055066585541e-02 4.374654963612556458e-02 1.189549220725893974e-03 8.471207320690155029e-02 2.739188075065612793e-02 6.612493842840194702e-02 2.094541862607002258e-02 6.202095746994018555e-02 5.235621705651283264e-03 1.850302331149578094e-02 2.838876470923423767e-02 6.977873388677835464e-03 5.584646947681903839e-03 2.611371874809265137e-02 6.404857616871595383e-03 3.281974932178854942e-03 5.132658407092094421e-02 2.527565322816371918e-02 5.951068829745054245e-03 2.779960073530673981e-02 4.732373729348182678e-02 1.742746680974960327e-02 7.758426666259765625e-02 2.000276371836662292e-02 1.151483505964279175e-01 4.799079149961471558e-02 1.404509507119655609e-02 7.821716368198394775e-02 3.976228460669517517e-02 3.808148903772234917e-03 3.506955504417419434e-02 5.381430964916944504e-03 2.893647179007530212e-02 4.824878182262182236e-03 1.617399603128433228e-02 3.962960466742515564e-02 3.546844527591019869e-04 3.323507728055119514e-03 1.688555628061294556e-02 8.344658650457859039e-03 2.278467826545238495e-02 2.573850005865097046e-02 5.490466486662626266e-03 7.042617071419954300e-03 1.354315318167209625e-03 2.676614746451377869e-02 4.082494229078292847e-02 1.587322354316711426e-02
1.560531277209520340e-02 3.456345945596694946e-02 9.165295213460922241e-02 1.049158629029989243e-02 3.832709044218063354e-02 7.819384336471557617e-03 1.831385865807533264e-02 1.134517192840576172e-01 3.182990476489067078e-02 1.784697175025939941e-02 2.734350226819515228e-02 2.935909293591976166e-02 2.503242576494812965e-03 8.821807801723480225e-03 9.036292880773544312e-02 4.499887581914663315e-03 1.760091632604598999e-03 4.180853813886642456e-02 2.677403017878532410e-02 1.619866117835044861e-02 7.614768110215663910e-03 3.053022921085357666e-02 3.428529202938079834e-02 1.558772008866071701e-02 3.170087933540344238e-02 4.248897079378366470e-03 1.539514120668172836e-02 1.565705984830856323e-02 1.970681827515363693e-03 2.210177946835756302e-03 3.757819533348083496e-03 4.571291804313659668e-02 3.990254830569028854e-03 1.983054913580417633e-02 2.554379962384700775e-02 4.275950044393539429e-02 1.824552565813064575e-02 2.848930656909942627e-02 2.359876222908496857e-02 1.854822784662246704e-02 3.864464536309242249e-02 5.043544806540012360e-03 4.202105104923248291e-02 8.530558645725250244e-02 9.601310826838016510e-03 2.472499199211597443e-02 1.510281581431627274e-02 9.064774028956890106e-03 7.447616010904312134e-02 2.768767531961202621e-03 4.246236383914947510e-02 3.676438331604003906e-02 2.159948088228702545e-02 1.488529145717620850e-02 3.130457177758216858e-02 1.000899076461791992e-02 2.461564727127552032e-02 2.311229519546031952e-02 1.910185441374778748e-02 2.373987995088100433e-02 6.824212148785591125e-03 4.317300627008080482e-04 5.784028023481369019e-02 4.200415685772895813e-02 1.400456577539443970e-02 4.160781577229499817e-02 2.180484309792518616e-02 2.019475447013974190e-03 1.369321439415216446e-02 1.347041968256235123e-02 3.348877944517880678e-04 3.723045811057090759e-02 2.531743980944156647e-02 4.730254411697387695e-02 3.531166911125183105e-02 1.141304429620504379e-02 5.916800349950790405e-02 2.096183830872178078e-03 3.466316312551498413e-02 1.127747166901826859e-02 1.419480293989181519e-01 1.064556613564491272e-01 3.361610230058431625e-03 3.134993370622396469e-03 4.819246381521224976e-02 3.718689456582069397e-02 7.770711928606033325e-02 1.606800407171249390e-02 4.337372630834579468e-02 2.984845079481601715e-02 2.780967578291893005e-02 3.878536447882652283e-02 3.118794970214366913e-02 2.481315098702907562e-02 6.516972929239273071e-02 2.448829449713230133e-02 3.889599815011024475e-02 3.032811684533953667e-03 2.596089243888854980e-02 1.192541606724262238e-02 7.109684497117996216e-02 2.296886779367923737e-02 7.507161237299442291e-03 5.136494711041450500e-02 9.830647148191928864e-03 1.477122306823730469e-02 8.792544901371002197e-02 2.108358545228838921e-03 2.246541529893875122e-02 1.702656783163547516e-02 5.223150830715894699e-03 1.080103870481252670e-02 4.374904383439570665e-04 1.776145771145820618e-03 3.987148404121398926e-03 4.014976322650909424e-02
3.768043592572212219e-02 7.083441317081451416e-02 5.143934488296508789e-02 4.950471967458724976e-02 1.911611296236515045e-02 5.093705281615257263e-02 5.470224097371101379e-02 3.182990476489067078e-02 1.317636072635650635e-01 5.496980994939804077e-02 1.427734270691871643e-02 4.721077904105186462e-02 2.598567679524421692e-02 4.481297731399536133e-02 9.033751487731933594e-02 2.399479039013385773e-03 2.052363706752657890e-03 2.018094658851623535e-01 1.122525427490472794e-02 1.331373024731874466e-02 3.361134440638124943e-04 2.852613665163516998e-02 6.817017495632171631e-02 8.260299451649188995e-03 2.626395085826516151e-03 9.265234693884849548e-03 3.477882966399192810e-02 2.788933925330638885e-02 2.291796356439590454e-02 4.877350851893424988e-02 3.965253010392189026e-03 6.987522356212139130e-03 4.530589655041694641e-02 5.886988714337348938e-02 4.188683629035949707e-02 3.559947386384010315e-02 3.219277784228324890e-02 2.178202569484710693e-02 4.533176869153976440e-02 4.829207062721252441e-02 6.771544367074966431e-02 1.304458379745483398e-01 1.265438646078109741e-02 9.022425860166549683e-02 3.776330128312110901e-02 1.595052145421504974e-02 1.993052475154399872e-02 1.127666444517672062e-03 1.793956197798252106e-02 7.253318279981613159e-02 3.277331218123435974e-02 5.415756604634225368e-04 6.138613913208246231e-03 1.185141876339912415e-02 1.489573121070861816e-01 2.181940712034702301e-02 3.565592318773269653e-02 1.905838842503726482e-03 2.051478624343872070e-02 4.307529702782630920e-02 1.004797145724296570e-01 7.666774559766054153e-03 1.900530420243740082e-02 6.457570008933544159e-03 2.601847797632217407e-02 1.185727398842573166e-02 3.254097700119018555e-02 2.699787355959415436e-02 1.641448885202407837e-01 6.770148873329162598e-02 1.892896369099617004e-02 6.509132683277130127e-02 2.405567094683647156e-02 3.494447842240333557e-02 4.460347071290016174e-02 6.112638488411903381e-02 1.997216343879699707e-01 3.634056542068719864e-03 1.009101718664169312e-01 2.820323035120964050e-02 4.274889454245567322e-02 2.266100235283374786e-02 1.405861345119774342e-03 4.534050822257995605e-03 3.598091378808021545e-02 1.231349166482686996e-02 5.194311216473579407e-02 5.852902680635452271e-02 8.526958525180816650e-02 4.737441614270210266e-02 3.168201819062232971e-02 7.171369343996047974e-02 1.062982156872749329e-02 5.554051324725151062e-02 5.106447264552116394e-02 6.200050190091133118e-02 1.381017174571752548e-02 1.319918967783451080e-02 2.370601892471313477e-02 1.650605723261833191e-02 1.655653864145278931e-02 5.769580602645874023e-02 5.375667288899421692e-02 6.723415851593017578e-02 2.076381631195545197e-02 6.680902838706970215e-02 5.370265990495681763e-02 1.188964582979679108e-02 2.001546882092952728e-02 5.526004824787378311e-03 2.528710663318634033e-02 4.754989966750144958e-02 1.672585261985659599e-03 3.089215047657489777e-02 1.709095388650894165e-02 2.830838225781917572e-02
6.578765809535980225e-03 5.852720513939857483e-02 7.125044614076614380e-02 6.619978696107864380e-02 1.269298139959573746e-02 1.846531219780445099e-02 1.410054881125688553e-02 1.784697175025939941e-02 5.496980994939804077e-02 2.464316189289093018e-01 1.231041923165321350e-02 3.345817327499389648e-02 2.691512927412986755e-02 7.302113622426986694e-02 3.316422924399375916e-02 2.001006528735160828e-02 1.172808185219764709e-02 5.580927431583404541e-02 1.066138520836830139e-01 3.245479241013526917e-02 2.189825102686882019e-02 1.423506718128919601e-02 1.009247134788893163e-04 9.114874899387359619e-02 1.888929493725299835e-02 4.699591547250747681e-02 2.220789529383182526e-02 7.519802451133728027e-02 7.255634292960166931e-03 3.797150216996669769e-03 2.808498404920101166e-02 1.168370433151721954e-02 7.969504594802856445e-02 5.193139612674713135e-02 2.656488120555877686e-02 6.131795793771743774e-02 6.016701925545930862e-03 7.961714640259742737e-03 3.441882506012916565e-02 4.650222882628440857e-02 2.435727789998054504e-02 3.791172802448272705e-02 7.273762021213769913e-04 6.805871427059173584e-02 3.555874899029731750e-02 1.061457619071006775e-01 1.374140661209821701e-02 4.643844813108444214e-02 1.993278414011001587e-02 1.756733506917953491e-01 1.963408850133419037e-02 3.960026893764734268e-03 6.799343973398208618e-02 6.390634458512067795e-03 2.905575931072235107e-02 1.254294067621231079e-01 3.428796306252479553e-02 1.077807229012250900e-02 1.033173687756061554e-02 2.841758541762828827e-02 1.986901648342609406e-02 4.992943257093429565e-02 3.118493780493736267e-02 3.263439610600471497e-02 4.386683180928230286e-02 2.482868498191237450e-03 4.150665830820798874e-03 2.196734957396984100e-02 1.796114072203636169e-02 1.045959740877151489e-01 7.408156245946884155e-02 8.785268664360046387e-02 1.021387577056884766e-01 1.589787900447845459e-01 3.454979881644248962e-02 6.308381259441375732e-02 6.264732033014297485e-02 1.402174979448318481e-01 3.130047768354415894e-02 1.993361115455627441e-01 1.626964844763278961e-02 2.215523272752761841e-02 6.401251256465911865e-02 8.306854218244552612e-02 2.425931394100189209e-02 6.794533692300319672e-03 6.585771590471267700e-02 1.764378324151039124e-02 3.368272259831428528e-02 3.197414427995681763e-02 1.868034340441226959e-02 2.978940308094024658e-02 3.853450343012809753e-02 1.531665865331888199e-02 6.457117199897766113e-02 3.128762170672416687e-02 7.482497394084930420e-02 6.841202732175588608e-03 4.655325412750244141e-02 8.774550631642341614e-03 4.776988644152879715e-03 5.043122917413711548e-03 7.301896065473556519e-02 3.388621285557746887e-02 5.565914884209632874e-02 2.403314039111137390e-02 2.757820487022399902e-02 2.377893106313422322e-04 2.352476865053176880e-02 1.219044346362352371e-02 3.127995133399963379e-02 4.083827137947082520e-02 4.210899583995342255e-03 3.493014350533485413e-02 6.449482869356870651e-03 3.928432241082191467e-02
7.414513081312179565e-02 3.127259388566017151e-02 2.321311645209789276e-02 5.904704798012971878e-03 5.997795145958662033e-03 2.064774371683597565e-02 1.721574552357196808e-02 2.734350226819515228e-02 1.427734270691871643e-02 1.231041923165321350e-02 1.075599193572998047e-01 4.554332792758941650e-02 9.475605934858322144e-02 4.273161664605140686e-02 9.791319817304611206e-02 1.057255454361438751e-02 1.062404178082942963e-02 6.407757848501205444e-02 9.790590032935142517e-03 4.038025438785552979e-02 4.522697255015373230e-02 3.704659268260002136e-02 2.809586934745311737e-02 2.411453612148761749e-02 5.008771643042564392e-02 4.332584794610738754e-03 3.549361601471900940e-02 2.766766771674156189e-02 1.290028840303421021e-01 5.049244686961174011e-02 2.712393552064895630e-02 3.998515009880065918e-02 3.768160194158554077e-02 4.819643497467041016e-02 5.351576209068298340e-02 3.297358006238937378e-02 4.555372521281242371e-02 1.133863534778356552e-02 1.407865621149539948e-02 4.044532030820846558e-02 1.480147149413824081e-02 4.293777048587799072e-03 3.004264459013938904e-02 1.519390963949263096e-03 1.324712857604026794e-02 6.490579340606927872e-03 4.024445638060569763e-02 1.621375605463981628e-02 5.730740260332822800e-03 4.316138220019638538e-04 1.169465016573667526e-02 2.335733175277709961e-02 2.555168978869915009e-02 1.261069718748331070e-02 1.190316583961248398e-02 3.101376816630363464e-02 9.270983748137950897e-03 8.823329582810401917e-03 1.235485263168811798e-02 1.236482430249452591e-02 1.499303430318832397e-02 3.739178553223609924e-02 6.941317766904830933e-02 3.587983176112174988e-02 7.302200049161911011e-02 1.052013691514730453e-02 1.463903766125440598e-02 5.261702835559844971e-02 3.135922178626060486e-02 2.373190782964229584e-02 1.323627401143312454e-02 1.563087105751037598e-02 1.726420596241950989e-02 3.334828093647956848e-02 6.074484437704086304e-03 7.302206009626388550e-02 1.872047781944274902e-02 1.725808251649141312e-03 3.768952190876007080e-02 4.447067156434059143e-02 9.106835350394248962e-03 2.556879259645938873e-02 7.085493206977844238e-02 5.979672446846961975e-02 1.716226153075695038e-02 2.250495180487632751e-02 6.035875901579856873e-02 4.520545713603496552e-03 5.386062338948249817e-02 5.585651472210884094e-02 9.566094726324081421e-02 2.127503044903278351e-02 1.582938432693481445e-02 7.076075300574302673e-03 2.475237287580966949e-02 4.952067136764526367e-02 1.467405352741479874e-02 8.662366308271884918e-03 3.470438346266746521e-02 3.568283515051007271e-03 1.185364834964275360e-02 3.285080567002296448e-02 9.106891229748725891e-03 3.569757193326950073e-02 1.841716654598712921e-02 2.975655253976583481e-03 9.661423973739147186e-03 4.479428462218493223e-04 2.383905835449695587e-02 2.794061042368412018e-02 7.814215496182441711e-03 5.152719561010599136e-03 6.475962698459625244e-02 1.443285867571830750e-02 1.416736561805009842e-02 2.110200701281428337e-03
4.182081203907728195e-03 1.037963200360536575e-02 4.651782661676406860e-02 7.396057993173599243e-02 8.648664690554141998e-03 1.229490041732788086e-01 8.723499625921249390e-02 2.935909293591976166e-02 4.721077904105186462e-02 3.345817327499389648e-02 4.554332792758941650e-02 1.734637022018432617e-01 4.408898577094078064e-02 2.122782170772552490e-01 2.307214215397834778e-02 1.419537980109453201e-02 4.607124254107475281e-02 1.125923357903957367e-02 4.160359501838684082e-02 5.427463911473751068e-03 2.116621844470500946e-02 4.703674837946891785e-02 3.494061902165412903e-02 3.399151563644409180e-02 2.229388244450092316e-02 6.128609180450439453e-02 4.268363490700721741e-02 1.148791536688804626e-01 6.086157262325286865e-02 1.068143546581268311e-01 1.604507793672382832e-03 3.935289569199085236e-04 2.660382539033889771e-02 3.401976777240633965e-03 1.224759873002767563e-02 1.543516758829355240e-02 3.572113439440727234e-02 9.297609329223632812e-02 2.014598809182643890e-03 1.113566197454929352e-02 2.797466889023780823e-02 6.679110229015350342e-02 2.004109881818294525e-02 9.170908480882644653e-03 6.215725466609001160e-02 2.845834242179989815e-03 5.958732962608337402e-02 6.286664307117462158e-02 6.678340956568717957e-03 9.572875499725341797e-02 2.370978333055973053e-02 7.335993926972150803e-03 1.434165518730878830e-02 1.970256445929408073e-03 6.103873997926712036e-02 2.285406552255153656e-02 1.696156896650791168e-02 2.864000946283340454e-02 1.005955226719379425e-02 3.379700705409049988e-02 2.829491905868053436e-02 1.127260643988847733e-02 5.656312033534049988e-02 1.176822092384099960e-02 2.625429816544055939e-02 3.243547305464744568e-02 6.159587763249874115e-03 1.100510451942682266e-02 6.467653810977935791e-02 9.714728593826293945e-02 6.783118098974227905e-02 5.855280905961990356e-02 2.510684728622436523e-02 5.392899736762046814e-02 3.652355447411537170e-02 1.693451590836048126e-02 6.885867565870285034e-02 5.845937505364418030e-02 6.044718995690345764e-02 1.182677224278450012e-02 2.150391042232513428e-02 5.144470557570457458e-02 6.020174548029899597e-02 7.516175508499145508e-03 1.050333492457866669e-02 5.251527577638626099e-02 1.877829059958457947e-02 6.383428350090980530e-03 1.444405168294906616e-01 1.431326866149902344e-01 4.848851636052131653e-02 3.856405243277549744e-02 6.252631545066833496e-02 4.601324722170829773e-02 6.489305198192596436e-02 4.245929047465324402e-02 3.900351375341415405e-02 4.495194181799888611e-02 2.470155991613864899e-02 1.938794180750846863e-02 1.160778757184743881e-02 1.515204785391688347e-03 5.410065129399299622e-02 2.920834906399250031e-02 3.574638068675994873e-02 1.346692629158496857e-02 1.336775254458189011e-03 3.367344290018081665e-02 2.433662861585617065e-02 1.591928862035274506e-02 1.592378877103328705e-02 2.948010154068470001e-02 1.340887509286403656e-02 2.677163295447826385e-02 2.812666073441505432e-02 3.536420688033103943e-02
7.320727407932281494e-02 9.535120427608489990e-02 2.459789812564849854e-02 2.667546272277832031e-02 2.492612227797508240e-02 6.792181730270385742e-02 5.984156206250190735e-02 2.503242576494812965e-03 2.598567679524421692e-02 2.691512927412986755e-02 9.475605934858322144e-02 4.408898577094078064e-02 1.241046488285064697e-01 3.153493255376815796e-02 5.479633063077926636e-02 2.277629449963569641e-02 1.578784920275211334e-02 1.540860161185264587e-02 2.099396660923957825e-02 2.757077664136886597e-02 2.317351475358009338e-02 5.041989311575889587e-02 9.229985997080802917e-03 2.259542234241962433e-02 3.021814301609992981e-02 3.274824470281600952e-02 2.627430856227874756e-02 1.228119898587465286e-02 4.660178720951080322e-02 5.863265134394168854e-03 5.446249991655349731e-02 1.843936624936759472e-03 5.787517409771680832e-03 2.337444573640823364e-02 1.917668618261814117e-03 1.245335862040519714e-02 2.601491846144199371e-02 3.381031751632690430e-02 1.103663351386785507e-02 4.889563471078872681e-02 1.403021998703479767e-02 4.887407645583152771e-02 5.851972964592278004e-04 2.186776325106620789e-02 4.964350536465644836e-02 2.264790423214435577e-02 4.944973811507225037e-02 4.655567929148674011e-02 1.517041958868503571e-02 1.785772293806076050e-02 1.976577332243323326e-03 1.012457883916795254e-03 2.390309795737266541e-02 2.879699133336544037e-02 2.171839773654937744e-02 4.251448810100555420e-02 4.508307203650474548e-03 6.557476008310914040e-04 3.217163961380720139e-03 2.674984931945800781e-02 1.281723845750093460e-02 4.136421252042055130e-03 4.414223879575729370e-02 2.534006908535957336e-02 2.735909447073936462e-02 3.524363040924072266e-02 1.668891310691833496e-02 3.077104687690734863e-02 4.175582434982061386e-03 5.996474996209144592e-03 2.164424583315849304e-02 2.256370335817337036e-02 3.373069688677787781e-02 5.726681090891361237e-03 2.077585272490978241e-02 4.303448647260665894e-02 1.083451136946678162e-02 2.642059931531548500e-03 2.659834688529372215e-03 1.756079844199120998e-03 3.767806570976972580e-03 1.240100897848606110e-02 1.628451421856880188e-02 2.635561116039752960e-02 3.576374053955078125e-02 2.560953423380851746e-02 3.608961775898933411e-02 3.023351356387138367e-02 1.869696192443370819e-02 9.925555437803268433e-03 6.721734255552291870e-02 2.871175482869148254e-02 5.673758685588836670e-02 1.029673498123884201e-02 1.358427479863166809e-02 1.279851049184799194e-02 1.577330194413661957e-02 1.733344863168895245e-03 1.569770462810993195e-02 6.768587511032819748e-03 1.568699255585670471e-02 1.056795660406351089e-02 3.670392557978630066e-02 3.609285876154899597e-02 4.995676688849925995e-03 1.737231761217117310e-02 4.166286811232566833e-02 1.490212045609951019e-02 2.108073560521006584e-03 1.984533853828907013e-02 1.694521680474281311e-02 6.966853048652410507e-03 1.883824169635772705e-02 2.355393767356872559e-02 6.641996093094348907e-03 5.864530056715011597e-02
