7.160402834415435791e-02 1.867410242557525635e-01 1.452338043600320816e-02 8.704447536729276180e-04 2.665506862103939056e-02 1.298764944076538086e-01 1.818562299013137817e-02 4.946165531873703003e-02 4.503065720200538635e-03 1.525426004081964493e-02 2.020319402217864990e-01 7.711145281791687012e-02 1.034728512167930603e-01 5.469146370887756348e-02 1.373584009706974030e-02 3.682381659746170044e-02 1.136064901947975159e-02 5.241855978965759277e-02 3.994375839829444885e-02 1.566476747393608093e-02 6.348326336592435837e-03 5.669109523296356201e-03 1.357561349868774414e-02 2.305643819272518158e-02 6.479519605636596680e-02 5.195318907499313354e-02 1.579797826707363129e-02 4.334766790270805359e-02 4.926047846674919128e-02 2.175597660243511200e-02 3.759423270821571350e-02 2.101120911538600922e-02 3.285175561904907227e-02 3.056138567626476288e-02 2.855005674064159393e-02 6.934204138815402985e-03 4.860334470868110657e-02 3.795831650495529175e-02 1.157826744019985199e-02 4.831260535866022110e-03 1.977629587054252625e-02 2.171006426215171814e-02 3.563762642443180084e-03 4.782345518469810486e-02 3.419378399848937988e-02 5.634274333715438843e-02 9.982257336378097534e-02 5.973425880074501038e-02 8.220852352678775787e-03 2.520304732024669647e-02 2.653582021594047546e-02 3.388380631804466248e-02 4.569813981652259827e-02 6.063987687230110168e-02 2.347793802618980408e-02 1.805157028138637543e-02 2.584758587181568146e-02 1.774671301245689392e-02 1.920697838068008423e-02 6.274349987506866455e-02 1.838186290115118027e-03 2.588252536952495575e-02 2.853831648826599121e-02 1.020299643278121948e-02 1.114701330661773682e-01 5.261086672544479370e-02 3.765511140227317810e-02 4.367765039205551147e-02 8.111326955258846283e-03 4.260471835732460022e-02 4.896453022956848145e-02 3.538724780082702637e-02 5.376720335334539413e-03 3.481741622090339661e-02 2.559509128332138062e-02 7.859183102846145630e-02 4.349733516573905945e-02 5.829957313835620880e-03 3.090311214327812195e-02 6.918700411915779114e-03 3.405426815152168274e-02 1.907057128846645355e-02 4.626516625285148621e-02 4.150510951876640320e-02 5.603106692433357239e-04 7.033166009932756424e-03 3.465880453586578369e-02 1.100207492709159851e-02 3.270871564745903015e-02 3.749036462977528572e-03 6.459082476794719696e-03 5.017987638711929321e-02 9.447397664189338684e-03 2.713735448196530342e-03 4.430573806166648865e-02 1.169424504041671753e-02 3.680174052715301514e-02 5.137695744633674622e-02 8.856458589434623718e-03 1.347713358700275421e-02 3.891080617904663086e-02 4.321271926164627075e-02 3.910425305366516113e-02 2.578967250883579254e-02 4.901816137135028839e-04 6.541556864976882935e-02 5.101821571588516235e-02 4.475547745823860168e-02 3.164896368980407715e-02 4.579249396920204163e-02 2.912919782102108002e-02 3.298106789588928223e-02 2.468696795403957367e-03 1.585358940064907074e-02 4.793453216552734375e-02 1.537234429270029068e-02
1.867410242557525635e-01 7.276517152786254883e-02 1.000249059870839119e-03 4.253466427326202393e-02 6.907907873392105103e-02 1.166006848216056824e-01 1.684308201074600220e-01 2.507433481514453888e-02 7.824780046939849854e-02 1.833176985383033752e-02 1.562383770942687988e-01 2.127535641193389893e-03 1.029489710927009583e-01 4.104132822249084711e-04 1.612436026334762573e-02 8.205899037420749664e-03 3.368244692683219910e-02 6.159936636686325073e-02 3.528044745326042175e-02 5.471211671829223633e-02 3.094247542321681976e-03 4.035736620426177979e-02 2.197859995067119598e-02 5.826552212238311768e-02 7.589355856180191040e-02 4.360454156994819641e-02 7.966075092554092407e-03 4.588381852954626083e-03 2.048566751182079315e-02 6.012003868818283081e-03 8.649202995002269745e-03 4.655067250132560730e-02 2.282241918146610260e-02 4.491624608635902405e-02 3.272945433855056763e-02 7.196238264441490173e-03 1.224965229630470276e-02 2.143562771379947662e-02 4.780916869640350342e-02 2.901835180819034576e-02 2.109058434143662453e-03 1.888166926801204681e-02 3.534781048074364662e-03 1.254089828580617905e-02 6.074604392051696777e-02 5.249287188053131104e-02 1.625216007232666016e-02 1.720210164785385132e-02 9.428580524399876595e-04 1.336549408733844757e-02 1.470861583948135376e-02 4.043614864349365234e-02 2.865143492817878723e-02 1.333766058087348938e-02 4.485346376895904541e-02 2.707557566463947296e-02 2.729607373476028442e-02 1.116027869284152985e-02 2.906282199546694756e-03 3.508674725890159607e-02 4.271375015377998352e-02 7.284488528966903687e-03 7.482822984457015991e-03 4.568902775645256042e-03 4.000851139426231384e-02 7.034631818532943726e-02 3.838346153497695923e-02 3.323035687208175659e-02 1.917788758873939514e-02 1.053141336888074875e-02 1.067506428807973862e-02 7.664027810096740723e-02 5.024256557226181030e-02 2.791131474077701569e-02 2.415918558835983276e-02 9.377912431955337524e-02 1.118103601038455963e-02 1.879500411450862885e-02 4.227065667510032654e-02 1.281904429197311401e-02 4.576972872018814087e-02 1.200392190366983414e-02 5.264078266918659210e-03 1.364733558148145676e-02 3.039168752729892731e-02 4.048746079206466675e-02 2.949945069849491119e-02 5.134879797697067261e-02 4.792578890919685364e-02 8.850395679473876953e-03 6.704469025135040283e-02 1.672330498695373535e-02 1.440215855836868286e-02 4.313717037439346313e-02 7.276223972439765930e-03 6.666879355907440186e-02 5.028577893972396851e-02 5.744834616780281067e-02 6.242514774203300476e-02 5.073679983615875244e-02 1.845001801848411560e-02 4.588091000914573669e-02 1.004304829984903336e-02 7.332565635442733765e-02 8.874624967575073242e-03 1.122746989130973816e-02 1.758408918976783752e-02 4.486797004938125610e-02 2.430153544992208481e-03 1.314669288694858551e-02 4.257661104202270508e-02 4.916156083345413208e-02 5.458572995848953724e-04 4.756551980972290039e-02 3.661997988820075989e-02 4.387653991580009460e-02
1.452338043600320816e-02 1.000249059870839119e-03 3.536421060562133789e-02 7.316412869840860367e-03 5.028149485588073730e-02 4.813614115118980408e-02 2.390114404261112213e-02 1.772231757640838623e-01 9.969390230253338814e-04 8.159884810447692871e-02 1.352653000503778458e-02 1.637077075429260731e-04 4.762372747063636780e-02 1.859830133616924286e-02 3.418295178562402725e-03 5.267347022891044617e-02 5.004440620541572571e-02 3.941413946449756622e-03 2.876536175608634949e-02 5.694772582501173019e-03 9.768766351044178009e-03 4.123749956488609314e-02 4.983864724636077881e-02 6.010000780224800110e-02 1.611022651195526123e-02 4.851912334561347961e-02 3.139454871416091919e-02 5.580652970820665359e-03 4.470743588171899319e-04 3.545856103301048279e-02 6.274920422583818436e-03 3.562756348401308060e-03 4.812116175889968872e-02 1.886608451604843140e-02 7.194833457469940186e-02 4.105531424283981323e-02 4.098780080676078796e-02 1.203110348433256149e-02 4.348959773778915405e-02 3.153124079108238220e-02 3.351954370737075806e-02 2.377575822174549103e-02 5.414798483252525330e-02 8.711144328117370605e-02 4.275306686758995056e-02 1.371046341955661774e-02 3.169599547982215881e-02 3.557390347123146057e-02 1.528235245496034622e-02 1.722479611635208130e-02 3.646107763051986694e-02 2.633586712181568146e-02 3.768402710556983948e-02 5.630181840388104320e-05 4.435447975993156433e-03 5.210764333605766296e-02 4.759331420063972473e-02 6.404400616884231567e-02 8.274932950735092163e-02 1.723704859614372253e-02 8.647946268320083618e-02 9.798455983400344849e-03 5.724372342228889465e-02 4.226033634040504694e-04 2.400882076472043991e-03 1.060795690864324570e-02 2.545766532421112061e-02 2.446419000625610352e-02 4.879366606473922729e-02 1.370145939290523529e-02 9.483934938907623291e-02 3.465174231678247452e-03 5.565641447901725769e-02 1.202278491109609604e-02 3.871052339673042297e-02 3.877302259206771851e-02 1.618225651327520609e-04 1.834888197481632233e-02 1.296800840646028519e-02 2.009428478777408600e-02 1.584208756685256958e-01 1.434712558984756470e-01 5.086211487650871277e-03 2.279546111822128296e-02 2.019479498267173767e-02 2.551675401628017426e-02 1.200278177857398987e-01 6.394221633672714233e-02 3.157466277480125427e-02 4.109982028603553772e-02 3.060559928417205811e-02 4.349998664110898972e-03 2.146517671644687653e-02 5.783552303910255432e-03 7.155483216047286987e-02 4.662579298019409180e-02 4.703146219253540039e-02 1.891030184924602509e-02 6.260996218770742416e-03 1.690261997282505035e-02 7.776828482747077942e-03 3.808281198143959045e-02 1.188592705875635147e-02 3.454052656888961792e-02 9.077007882297039032e-03 4.764369130134582520e-02 2.441707625985145569e-02 1.927971257828176022e-03 4.034730792045593262e-02 1.138944062404334545e-03 4.651236161589622498e-02 1.063614040613174438e-01 1.863073185086250305e-02 5.397377070039510727e-03 2.048126235604286194e-02 6.184652820229530334e-02
8.704447536729276180e-04 4.253466427326202393e-02 7.316412869840860367e-03 8.166369795799255371e-02 1.844990849494934082e-01 7.108037825673818588e-03 4.746309667825698853e-02 1.792277581989765167e-02 4.738225415349006653e-02 6.538445502519607544e-02 1.466393470764160156e-02 7.156269997358322144e-02 3.619781509041786194e-02 6.753092259168624878e-02 3.243142366409301758e-02 4.535931348800659180e-02 1.015489175915718079e-02 7.130789011716842651e-02 7.766410242766141891e-03 3.542481362819671631e-02 4.528919700533151627e-03 6.269917357712984085e-03 5.181987956166267395e-02 2.433861978352069855e-02 9.248218499124050140e-03 2.532881684601306915e-02 5.661090835928916931e-02 2.299613133072853088e-02 2.852739766240119934e-02 3.263253718614578247e-02 4.344020411372184753e-02 2.788654714822769165e-02 3.141172975301742554e-02 2.464509010314941406e-02 4.351769387722015381e-02 5.744061991572380066e-02 2.911648154258728027e-02 5.915148928761482239e-02 1.977373957633972168e-01 7.827148586511611938e-02 4.230499267578125000e-02 1.151151023805141449e-02 3.708587586879730225e-02 5.280258879065513611e-02 4.274781048297882080e-02 1.495443005114793777e-02 4.756477847695350647e-02 8.913949714042246342e-04 8.212132379412651062e-03 1.603833213448524475e-02 6.102291867136955261e-03 7.548614870756864548e-03 8.131903409957885742e-02 1.599398255348205566e-02 7.421506941318511963e-02 5.332849174737930298e-02 1.103661023080348969e-02 3.267958015203475952e-02 7.835099101066589355e-02 8.632783428765833378e-04 3.400684148073196411e-02 3.355338424444198608e-02 9.479144215583801270e-02 4.280618578195571899e-02 4.139082878828048706e-02 2.548973076045513153e-02 1.122711971402168274e-02 6.977584678679704666e-03 2.460319176316261292e-02 1.134994626045227051e-02 2.521817944943904877e-02 1.322031486779451370e-03 2.114330530166625977e-01 2.189129590988159180e-02 1.521964669227600098e-01 3.081233426928520203e-02 7.913124561309814453e-02 3.063564933836460114e-02 4.204701259732246399e-02 2.438916824758052826e-02 2.030434459447860718e-02 1.895783282816410065e-02 1.003706827759742737e-01 7.766439020633697510e-02 5.024410039186477661e-02 6.373323500156402588e-02 2.782510221004486084e-02 1.461869478225708008e-02 7.872193306684494019e-02 6.656037643551826477e-03 1.786521077156066895e-02 2.400380000472068787e-02 1.087915059179067612e-02 1.366537343710660934e-02 5.040225014090538025e-02 6.801613140851259232e-03 7.829445414245128632e-03 5.731753073632717133e-03 6.334010511636734009e-02 5.456537380814552307e-02 8.749434724450111389e-03 5.847354978322982788e-02 2.281995303928852081e-02 2.908454835414886475e-02 3.048694925382733345e-03 1.842533051967620850e-02 4.424383118748664856e-02 5.581750720739364624e-02 6.774445623159408569e-02 1.281191557645797729e-01 3.244642540812492371e-02 3.557250648736953735e-02 2.613476291298866272e-02 1.753423735499382019e-02 1.906264759600162506e-02 3.943533822894096375e-02
2.665506862103939056e-02 6.907907873392105103e-02 5.028149485588073730e-02 1.844990849494934082e-01 1.057906746864318848e-01 1.947867684066295624e-02 3.716448321938514709e-02 2.325843553990125656e-03 4.868887830525636673e-03 8.961638808250427246e-02 2.972882054746150970e-02 6.662297248840332031e-02 1.104366127401590347e-02 3.629468753933906555e-02 6.997671723365783691e-02 4.812254011631011963e-02 3.712673112750053406e-02 6.329301744699478149e-02 1.568251401185989380e-01 8.285655640065670013e-03 9.039208292961120605e-03 9.632231667637825012e-03 9.852189570665359497e-03 3.077613003551959991e-02 4.541714489459991455e-02 4.724841564893722534e-02 4.609453678131103516e-02 2.297849021852016449e-02 2.318044751882553101e-02 3.282342106103897095e-02 3.483958914875984192e-02 8.795149624347686768e-03 6.411255896091461182e-02 4.739496484398841858e-02 8.195148408412933350e-02 6.288192421197891235e-02 1.884263008832931519e-02 4.993601888418197632e-02 6.635420024394989014e-02 1.616403758525848389e-01 1.551580242812633514e-02 1.109904260374605656e-03 3.654652833938598633e-02 2.845637127757072449e-02 1.799236750230193138e-03 8.240602910518646240e-03 2.665227279067039490e-02 2.270974032580852509e-02 4.884135723114013672e-02 4.613428190350532532e-02 8.949658833444118500e-03 4.382198676466941833e-02 5.180693045258522034e-02 1.384554430842399597e-02 3.266341611742973328e-02 4.078105092048645020e-02 3.354929015040397644e-02 1.046151295304298401e-02 4.935213178396224976e-02 6.280978024005889893e-02 3.806667169556021690e-03 1.215048134326934814e-01 6.984762102365493774e-02 2.144286036491394043e-02 1.030285470187664032e-02 2.215691097080707550e-02 3.567960858345031738e-02 1.585713820531964302e-03 3.672900050878524780e-02 3.494823724031448364e-02 6.641200743615627289e-03 4.663439095020294189e-02 3.485668450593948364e-02 1.258296668529510498e-01 1.909077763557434082e-01 4.761941358447074890e-02 1.408561039716005325e-02 1.102864742279052734e-01 6.647349894046783447e-02 8.994873613119125366e-02 1.913010329008102417e-02 3.475851193070411682e-02 1.356030851602554321e-01 1.910340189933776855e-01 2.701476775109767914e-02 4.675251618027687073e-02 3.386946022510528564e-02 3.844854235649108887e-02 6.322579924017190933e-03 8.392810076475143433e-02 1.834911666810512543e-02 5.089910700917243958e-02 3.611313644796609879e-03 9.334529750049114227e-03 3.679019212722778320e-02 9.515361860394477844e-03 1.650500670075416565e-02 3.022920899093151093e-02 3.209244459867477417e-02 5.555578321218490601e-02 1.637009344995021820e-02 4.104881081730127335e-03 7.273443788290023804e-02 2.912081312388181686e-03 7.995116710662841797e-02 3.123341687023639679e-02 3.197260946035385132e-02 2.179602533578872681e-02 2.987437322735786438e-02 2.067303843796253204e-02 3.472732752561569214e-02 4.293325170874595642e-02 1.577474549412727356e-02 4.090590029954910278e-02 3.264451771974563599e-02 1.495713368058204651e-02
1.298764944076538086e-01 1.166006848216056824e-01 4.813614115118980408e-02 7.108037825673818588e-03 1.947867684066295624e-02 2.378635853528976440e-02 2.036738991737365723e-01 5.524311587214469910e-02 2.389229834079742432e-02 5.440242961049079895e-02 1.212617531418800354e-01 4.726755991578102112e-02 2.473953738808631897e-02 7.822696864604949951e-02 5.321810767054557800e-02 6.844659894704818726e-02 6.776750087738037109e-02 3.422302752733230591e-02 1.542815100401639938e-02 4.104937543161213398e-04 9.226441383361816406e-02 5.149063467979431152e-02 2.742628566920757294e-02 1.425185892730951309e-02 2.924482570961117744e-03 2.527566626667976379e-02 1.273703295737504959e-02 1.478096097707748413e-02 7.452885806560516357e-02 1.947702094912528992e-02 4.441186413168907166e-02 1.612150855362415314e-02 1.389637705869972706e-03 1.974358968436717987e-02 9.010380506515502930e-02 4.749899357557296753e-02 5.534435063600540161e-02 8.023981750011444092e-02 6.045049987733364105e-03 2.207698114216327667e-02 4.118428751826286316e-02 7.010363787412643433e-02 5.672243423759937286e-03 3.237359225749969482e-03 7.122694700956344604e-02 5.195200815796852112e-02 1.429039388895034790e-01 5.723108723759651184e-02 3.459293395280838013e-02 5.326295644044876099e-02 6.048363074660301208e-02 5.042742472141981125e-03 2.218911424279212952e-02 4.443507641553878784e-02 1.714701205492019653e-02 3.363751620054244995e-02 6.830232590436935425e-02 9.412690997123718262e-03 5.102324858307838440e-02 3.715952485799789429e-02 7.490602787584066391e-03 1.712704822421073914e-02 2.206812798976898193e-02 4.710884764790534973e-03 5.593933910131454468e-02 3.848052397370338440e-02 5.936536937952041626e-02 3.622383251786231995e-02 3.102783812209963799e-03 8.944417536258697510e-02 9.775305166840553284e-03 3.816188499331474304e-02 2.246716525405645370e-03 4.104027152061462402e-02 6.667028646916151047e-03 2.500055171549320221e-02 4.626869782805442810e-02 1.478516869246959686e-02 1.291787475347518921e-01 8.247391134500503540e-02 1.698783016763627529e-03 1.742714899592101574e-03 3.108047321438789368e-02 6.115762516856193542e-03 7.711685728281736374e-03 1.833662576973438263e-02 5.374340713024139404e-02 7.698064297437667847e-02 7.836108654737472534e-02 4.019180685281753540e-02 8.649196475744247437e-02 4.237443208694458008e-02 2.611831948161125183e-02 7.639013975858688354e-02 3.008525073528289795e-02 5.055167153477668762e-02 4.014542326331138611e-02 9.106840193271636963e-02 4.454832151532173157e-02 1.253309752792119980e-02 4.492797330021858215e-02 2.899318747222423553e-02 4.796558246016502380e-02 1.167597398161888123e-01 2.796174958348274231e-02 3.741964697837829590e-02 3.500550612807273865e-02 5.035872012376785278e-02 1.197959855198860168e-02 7.201673090457916260e-02 2.005879953503608704e-02 1.338305324316024780e-02 8.554945699870586395e-03 3.534397482872009277e-02 6.939431279897689819e-02 2.163364551961421967e-03
1.818562299013137817e-02 1.684308201074600220e-01 2.390114404261112213e-02 4.746309667825698853e-02 3.716448321938514709e-02 2.036738991737365723e-01 1.517281681299209595e-02 3.206298127770423889e-02 6.007543206214904785e-02 5.936193466186523438e-02 1.146735176444053650e-01 1.213577575981616974e-02 1.048175394535064697e-01 3.702511778101325035e-03 3.108633123338222504e-02 2.902719751000404358e-02 3.783133346587419510e-03 1.655588392168283463e-03 2.096076682209968567e-02 8.910409174859523773e-03 1.088711321353912354e-01 3.511245176196098328e-02 4.263751208782196045e-03 3.681040182709693909e-02 8.258394896984100342e-03 9.590785950422286987e-02 4.083678498864173889e-02 6.778984516859054565e-02 6.906569749116897583e-02 7.890012860298156738e-02 4.680608864873647690e-03 5.525981262326240540e-02 4.049790650606155396e-02 4.224814847111701965e-02 7.138560712337493896e-02 2.661014534533023834e-02 7.840276509523391724e-02 7.209641486406326294e-02 6.116220727562904358e-02 1.950210332870483398e-02 3.335016546770930290e-03 2.948366105556488037e-02 4.053633287549018860e-02 2.694659493863582611e-02 3.341043740510940552e-02 3.832768648862838745e-02 8.342058211565017700e-02 3.764077648520469666e-02 4.265281604602932930e-04 1.397151779383420944e-02 6.249725818634033203e-02 1.625926345586776733e-01 9.113836102187633514e-03 2.180538699030876160e-02 4.687333479523658752e-02 3.142232075333595276e-02 2.721077390015125275e-02 2.435236796736717224e-02 5.837300419807434082e-02 2.738430164754390717e-03 1.227009110152721405e-02 3.629424050450325012e-02 4.008650034666061401e-02 8.669079840183258057e-02 3.362983465194702148e-02 3.749336302280426025e-02 8.047494105994701385e-03 5.790892243385314941e-02 1.224200055003166199e-02 3.897604299709200859e-03 1.231541763991117477e-02 3.971517831087112427e-02 4.245736822485923767e-02 2.549579553306102753e-02 2.657844871282577515e-02 3.165173903107643127e-02 4.370120912790298462e-02 1.323590427637100220e-02 5.210440978407859802e-02 4.542068392038345337e-02 1.519152615219354630e-02 4.876127094030380249e-02 1.962677761912345886e-02 2.338176779448986053e-02 1.283654477447271347e-02 2.949878014624118805e-02 1.030432358384132385e-01 4.925204813480377197e-02 1.331848837435245514e-02 7.158301770687103271e-02 2.085671387612819672e-02 3.621718287467956543e-02 1.531035155057907104e-01 9.615976363420486450e-02 1.839891448616981506e-02 6.527911871671676636e-02 1.125778257846832275e-02 9.246120229363441467e-03 4.449652135372161865e-02 4.408789053559303284e-02 1.087709236890077591e-02 4.407639428973197937e-02 3.270100429654121399e-02 9.408950805664062500e-02 5.344799160957336426e-02 7.619844377040863037e-02 5.388449877500534058e-02 2.339500002562999725e-02 2.869640104472637177e-02 1.283902395516633987e-02 6.186367571353912354e-02 7.172838668338954449e-04 4.065556451678276062e-02 1.646652258932590485e-02 3.936664760112762451e-02 2.082634717226028442e-02
4.946165531873703003e-02 2.507433481514453888e-02 1.772231757640838623e-01 1.792277581989765167e-02 2.325843553990125656e-03 5.524311587214469910e-02 3.206298127770423889e-02 8.666101843118667603e-02 9.959859773516654968e-03 2.834606356918811798e-02 1.037362031638622284e-02 4.551114048808813095e-03 4.059924930334091187e-02 2.091550640761852264e-02 1.433215290307998657e-01 1.390832103788852692e-02 1.256886031478643417e-02 5.021206289529800415e-02 3.121586702764034271e-02 4.117856174707412720e-02 6.855619139969348907e-03 6.934300810098648071e-02 1.339325029402971268e-02 1.503550913184881210e-02 2.378292754292488098e-02 6.994812935590744019e-02 5.468403920531272888e-02 3.532451763749122620e-02 1.803920976817607880e-02 5.725565180182456970e-02 1.394702680408954620e-02 1.891376078128814697e-02 2.483007498085498810e-02 8.272124454379081726e-03 5.325520411133766174e-02 4.742498695850372314e-02 1.211178768426179886e-02 2.663540840148925781e-02 2.763050608336925507e-02 4.792802408337593079e-02 5.847834423184394836e-02 8.431171625852584839e-02 7.460528612136840820e-02 7.718496769666671753e-02 5.157261714339256287e-02 5.340924859046936035e-02 4.465509951114654541e-02 4.095927998423576355e-02 4.617832601070404053e-03 2.523299679160118103e-02 2.733160741627216339e-03 5.001028627157211304e-02 1.171625312417745590e-02 3.475039452314376831e-02 2.016747836023569107e-03 6.679990328848361969e-03 1.465266849845647812e-02 9.084809571504592896e-02 3.965067118406295776e-02 6.255057454109191895e-02 1.226216927170753479e-02 1.978038065135478973e-02 4.665613640099763870e-03 7.359179109334945679e-02 5.815222393721342087e-03 2.701734565198421478e-02 2.005830407142639160e-02 4.194459412246942520e-03 3.798341378569602966e-02 8.222986944019794464e-03 4.482472315430641174e-02 1.126470882445573807e-02 4.081359133124351501e-02 9.063801728188991547e-03 5.797079578042030334e-02 1.495955605059862137e-02 8.875606581568717957e-03 2.274256199598312378e-03 8.732596784830093384e-02 3.667899593710899353e-02 1.442628055810928345e-01 9.764372557401657104e-02 2.603343129158020020e-02 5.245338752865791321e-02 2.867965586483478546e-02 7.275987416505813599e-03 1.540963202714920044e-01 6.987407803535461426e-02 2.460164763033390045e-02 9.975768625736236572e-04 4.094184562563896179e-02 5.823777616024017334e-02 1.210517156869173050e-02 4.312786459922790527e-02 4.780926182866096497e-02 4.295311868190765381e-02 3.895235434174537659e-02 4.252407699823379517e-02 1.366197131574153900e-02 1.529089733958244324e-02 1.005040034651756287e-01 5.221067368984222412e-02 4.958828166127204895e-02 1.034588273614645004e-02 4.042529687285423279e-02 1.393280643969774246e-02 1.023926772177219391e-03 3.454146161675453186e-02 1.063147559762001038e-02 1.753053814172744751e-02 3.673155326396226883e-03 7.909177988767623901e-02 2.493704855442047119e-02 3.235494717955589294e-02 3.203804045915603638e-02 1.391530409455299377e-02
4.503065720200538635e-03 7.824780046939849854e-02 9.969390230253338814e-04 4.738225415349006653e-02 4.868887830525636673e-03 2.389229834079742432e-02 6.007543206214904785e-02 9.959859773516654968e-03 5.474692955613136292e-02 1.231084987521171570e-01 1.474362891167402267e-02 7.163401693105697632e-02 3.620871528983116150e-02 3.492964804172515869e-02 8.610041812062263489e-03 4.403180442750453949e-03 6.006538867950439453e-02 1.273811608552932739e-01 7.399235852062702179e-03 2.221201919019222260e-02 6.955275777727365494e-03 4.082515835762023926e-02 1.076267100870609283e-02 1.988223521038889885e-03 3.391064703464508057e-02 6.671156268566846848e-03 2.525866217911243439e-02 3.793696314096450806e-02 5.947177484631538391e-02 1.423984486609697342e-02 1.075179595500230789e-02 2.808856777846813202e-03 1.578983105719089508e-02 1.318787410855293274e-02 5.335266515612602234e-02 1.606677100062370300e-02 6.286616553552448750e-04 5.270634219050407410e-02 5.571237206459045410e-02 4.331624135375022888e-03 2.732182480394840240e-02 7.103735581040382385e-03 2.736791595816612244e-02 9.268600493669509888e-02 6.941663473844528198e-02 5.015336442738771439e-03 7.438884116709232330e-03 5.789849162101745605e-02 1.519247796386480331e-02 5.923247709870338440e-02 2.013795264065265656e-02 9.907297790050506592e-02 5.938104819506406784e-03 5.259823799133300781e-02 7.223609834909439087e-02 4.175230395048856735e-03 8.730836212635040283e-03 1.440514717251062393e-02 1.828257925808429718e-02 2.997512184083461761e-02 4.078955203294754028e-02 5.542165040969848633e-02 6.862796097993850708e-02 4.536435753107070923e-02 2.516155503690242767e-02 2.814791910350322723e-02 1.495224330574274063e-02 9.150462225079536438e-03 3.624385595321655273e-02 4.886425659060478210e-02 3.375223372131586075e-03 4.112077504396438599e-02 3.444405738264322281e-03 5.906756967306137085e-02 4.691768065094947815e-02 6.714555621147155762e-02 1.642729938030242920e-01 6.825796514749526978e-02 1.567247360944747925e-01 2.114026807248592377e-02 1.077184733003377914e-02 5.654060840606689453e-02 1.223294436931610107e-01 6.890314817428588867e-02 1.439080759882926941e-02 3.664310276508331299e-02 2.480711415410041809e-02 6.738350540399551392e-02 4.708415269851684570e-02 3.229312365874648094e-03 2.670886181294918060e-02 5.400713905692100525e-02 2.652686461806297302e-02 6.086137611418962479e-03 2.394235692918300629e-03 1.824731566011905670e-02 4.890010505914688110e-02 6.076027080416679382e-02 6.020941585302352905e-02 1.819267496466636658e-02 2.440018020570278168e-02 1.015451475977897644e-01 3.461780771613121033e-02 7.737073302268981934e-02 1.531749777495861053e-02 5.635090917348861694e-02 6.592789292335510254e-02 3.679518401622772217e-02 3.275033831596374512e-02 8.719104342162609100e-03 4.944142699241638184e-02 6.734417402185499668e-04 3.605451434850692749e-02 4.913865402340888977e-02 4.135295003652572632e-02 5.499020591378211975e-02
1.525426004081964493e-02 1.833176985383033752e-02 8.159884810447692871e-02 6.538445502519607544e-02 8.961638808250427246e-02 5.440242961049079895e-02 5.936193466186523438e-02 2.834606356918811798e-02 1.231084987521171570e-01 1.093114539980888367e-01 5.807324778288602829e-03 3.132219240069389343e-02 5.294978618621826172e-04 4.352744296193122864e-02 3.043997101485729218e-02 4.551544412970542908e-02 5.271318927407264709e-02 9.334357827901840210e-02 1.116960793733596802e-01 5.115185678005218506e-02 3.854296356439590454e-02 9.163543581962585449e-04 5.679776892066001892e-02 2.543929032981395721e-02 2.457124937791377306e-04 1.358694862574338913e-02 2.715462073683738708e-02 4.879538714885711670e-02 2.144791372120380402e-02 1.299515087157487869e-02 5.314844846725463867e-02 1.948825456202030182e-02 8.975625038146972656e-03 4.142846912145614624e-02 7.901215925812721252e-03 5.721242353320121765e-02 2.008817344903945923e-02 1.540530100464820862e-02 2.896100468933582306e-02 5.875303409993648529e-03 3.086520917713642120e-02 2.700799703598022461e-02 1.425805874168872833e-02 4.214824642986059189e-03 4.340650513768196106e-02 4.655349999666213989e-02 5.489476397633552551e-02 2.466578269377350807e-03 2.211071923375129700e-02 1.281669586896896362e-01 4.904331639409065247e-02 1.013901364058256149e-02 7.687649875879287720e-02 7.689631893299520016e-04 7.207755744457244873e-02 8.429968357086181641e-02 1.970747672021389008e-02 1.394486054778099060e-02 9.569641947746276855e-02 3.875278681516647339e-02 6.755913794040679932e-02 1.321713030338287354e-01 7.102980464696884155e-02 5.567683372646570206e-03 7.251913845539093018e-02 3.551986813545227051e-02 1.237447955645620823e-03 1.474483683705329895e-02 2.205759100615978241e-02 1.236714702099561691e-02 1.297476738691329956e-01 6.406024564057588577e-03 5.830444768071174622e-02 5.477639287710189819e-02 5.594703182578086853e-02 3.327300027012825012e-02 2.765052393078804016e-02 2.017609924077987671e-01 5.048689246177673340e-02 1.474630236625671387e-01 1.530149835161864758e-03 7.860151235945522785e-04 1.525690685957670212e-02 9.226739406585693359e-02 6.161788478493690491e-02 2.819821471348404884e-03 1.422626432031393051e-02 4.315111041069030762e-02 3.624898940324783325e-02 1.131355613470077515e-01 5.316226556897163391e-02 4.536327347159385681e-02 4.439401999115943909e-02 4.089443013072013855e-02 5.302968993782997131e-02 1.251328270882368088e-02 3.795613721013069153e-02 2.453587949275970459e-02 1.469172257930040359e-02 5.490987375378608704e-02 1.170952245593070984e-02 5.619029398076236248e-04 5.922305583953857422e-02 7.883562892675399780e-02 4.424181953072547913e-02 1.190884038805961609e-03 3.817352000623941422e-03 7.297869771718978882e-02 1.818018034100532532e-02 5.990218743681907654e-02 3.527554124593734741e-02 4.031432047486305237e-02 9.929591789841651917e-03 4.569790884852409363e-02 2.183672599494457245e-02 3.138496726751327515e-02
2.020319402217864990e-01 1.562383770942687988e-01 1.352653000503778458e-02 1.466393470764160156e-02 2.972882054746150970e-02 1.212617531418800354e-01 1.146735176444053650e-01 1.037362031638622284e-02 1.474362891167402267e-02 5.807324778288602829e-03 8.227014541625976562e-02 3.709708899259567261e-02 1.436689198017120361e-01 3.959918394684791565e-02 1.719810301437973976e-03 3.725705295801162720e-02 1.088649965822696686e-03 1.448133215308189392e-02 3.145411983132362366e-02 2.862037904560565948e-02 2.629656903445720673e-02 3.346997499465942383e-02 5.192340468056499958e-04 7.422383874654769897e-02 6.391086429357528687e-02 3.228726983070373535e-02 4.558983445167541504e-02 5.930104851722717285e-02 1.956835854798555374e-03 3.831327334046363831e-02 4.423719272017478943e-02 1.837041415274143219e-02 3.095226176083087921e-02 6.172611191868782043e-02 2.194316498935222626e-02 1.835316233336925507e-02 5.426484625786542892e-03 5.923647433519363403e-02 3.232678771018981934e-02 2.598545327782630920e-02 3.408091887831687927e-02 7.053508888930082321e-03 7.443291135132312775e-03 1.642808434553444386e-03 8.297834545373916626e-03 6.416009273380041122e-03 2.303251996636390686e-02 7.642652839422225952e-02 3.238014131784439087e-02 4.642868414521217346e-02 3.808169439435005188e-02 5.379631184041500092e-03 4.209493100643157959e-02 1.947205141186714172e-02 6.382129341363906860e-02 3.332846239209175110e-02 1.813159137964248657e-02 4.764077067375183105e-02 2.134448103606700897e-02 5.506817623972892761e-02 3.265079110860824585e-02 2.338361367583274841e-02 4.841326177120208740e-02 2.862235531210899353e-02 1.489462703466415405e-01 7.031705230474472046e-02 1.369950268417596817e-02 2.018040791153907776e-02 1.194779668003320694e-02 9.691286832094192505e-03 4.885383322834968567e-02 1.462722662836313248e-02 4.286618530750274658e-02 4.575658589601516724e-02 4.156162589788436890e-02 1.378628797829151154e-02 3.703376650810241699e-02 1.652391254901885986e-02 1.608015270903706551e-03 4.481734242290258408e-03 4.954347386956214905e-02 2.025372162461280823e-02 2.030477672815322876e-02 4.514279216527938843e-02 5.432934500277042389e-03 9.790242649614810944e-03 4.732778761535882950e-03 3.634063759818673134e-03 1.752739306539297104e-03 2.004342898726463318e-02 3.203476965427398682e-02 8.805556595325469971e-02 6.747052975697442889e-05 5.260425806045532227e-02 3.369790688157081604e-02 1.577238366007804871e-02 3.753518313169479370e-02 2.350972592830657959e-02 3.773297742009162903e-02 1.501192431896924973e-02 2.172752842307090759e-02 3.309296816587448120e-02 3.019217029213905334e-02 1.971232704818248749e-02 4.695681482553482056e-02 8.283889852464199066e-03 3.772641939576715231e-04 5.765871610492467880e-03 3.403167054057121277e-02 5.663907900452613831e-02 3.120228648185729980e-02 2.854070626199245453e-02 3.713147714734077454e-02 4.446660354733467102e-02 3.726061433553695679e-02 3.982584457844495773e-03
7.711145281791687012e-02 2.127535641193389893e-03 1.637077075429260731e-04 7.156269997358322144e-02 6.662297248840332031e-02 4.726755991578102112e-02 1.213577575981616974e-02 4.551114048808813095e-03 7.163401693105697632e-02 3.132219240069389343e-02 3.709708899259567261e-02 5.742006748914718628e-02 2.396468631923198700e-02 2.089444696903228760e-01 7.162646949291229248e-02 6.475669145584106445e-02 5.500547587871551514e-03 4.263437911868095398e-02 1.588083058595657349e-02 6.725928187370300293e-02 4.461619257926940918e-02 8.225272595882415771e-02 8.485797792673110962e-02 3.650036826729774475e-02 5.537504795938730240e-03 4.048796743154525757e-02 1.308706123381853104e-02 7.732897996902465820e-02 4.950892180204391479e-02 8.260569721460342407e-02 4.300891235470771790e-02 7.880497723817825317e-03 1.432111021131277084e-02 2.462664432823657990e-02 1.087815966457128525e-03 4.863739386200904846e-02 1.166374236345291138e-02 4.864712059497833252e-02 9.496809798292815685e-04 3.244556486606597900e-02 9.373425506055355072e-03 5.061467736959457397e-02 6.108364835381507874e-02 4.949876666069030762e-02 9.435921162366867065e-02 2.905506081879138947e-02 6.341085582971572876e-02 2.818231657147407532e-02 3.604681231081485748e-03 6.344702839851379395e-02 4.502536728978157043e-02 2.509067766368389130e-02 2.310934662818908691e-02 2.425575861707329750e-03 6.532166153192520142e-02 4.493494331836700439e-02 1.441684830933809280e-02 1.397161558270454407e-02 5.452973395586013794e-02 1.402978319674730301e-03 5.803982168436050415e-02 1.380978524684906006e-02 5.735641717910766602e-02 5.233060568571090698e-02 2.030522376298904419e-02 2.474857307970523834e-02 5.263654142618179321e-02 4.348106309771537781e-02 5.722728557884693146e-03 1.173728704452514648e-02 2.154076285660266876e-02 7.557202130556106567e-02 7.922234944999217987e-03 5.830137990415096283e-03 2.959178946912288666e-02 1.999449171125888824e-02 9.120336920022964478e-02 1.483655069023370743e-02 1.725513637065887451e-01 3.317151963710784912e-02 1.070403214544057846e-02 3.120670467615127563e-02 6.315430998802185059e-02 1.425820589065551758e-01 3.041764907538890839e-02 2.796775847673416138e-02 3.168843314051628113e-02 4.390721768140792847e-02 8.949857205152511597e-02 2.617362700402736664e-02 7.152779400348663330e-02 4.496525228023529053e-02 2.797739021480083466e-02 5.567922443151473999e-02 1.302554178982973099e-02 2.670377120375633240e-02 6.795837543904781342e-04 9.143358469009399414e-02 3.905086964368820190e-02 5.142053216695785522e-02 3.237092494964599609e-02 1.828898093663156033e-03 1.301577221602201462e-02 5.025271326303482056e-02 5.473006516695022583e-03 4.170662537217140198e-02 3.397431969642639160e-02 4.876199236605316401e-04 7.103941589593887329e-02 2.449280582368373871e-02 4.861373919993638992e-03 2.268833480775356293e-02 4.601005092263221741e-02 2.938894741237163544e-02 1.716807484626770020e-02 4.510254412889480591e-02
1.034728512167930603e-01 1.029489710927009583e-01 4.762372747063636780e-02 3.619781509041786194e-02 1.104366127401590347e-02 2.473953738808631897e-02 1.048175394535064697e-01 4.059924930334091187e-02 3.620871528983116150e-02 5.294978618621826172e-04 1.436689198017120361e-01 2.396468631923198700e-02 6.466449797153472900e-02 4.261063411831855774e-02 6.389828026294708252e-02 2.264891564846038818e-02 2.277882210910320282e-02 2.568158507347106934e-02 6.720304489135742188e-03 2.762828953564167023e-02 1.714697806164622307e-03 4.272583127021789551e-02 3.512439876794815063e-02 7.189720869064331055e-02 7.292909082025289536e-03 1.592394895851612091e-02 1.050786860287189484e-02 8.392923325300216675e-02 3.199050948023796082e-02 5.902667716145515442e-02 6.951384991407394409e-02 1.971924118697643280e-02 2.576958201825618744e-02 4.716095700860023499e-02 2.568031102418899536e-02 7.723983377218246460e-03 4.419625550508499146e-02 1.997611671686172485e-02 1.262395828962326050e-02 6.272342056035995483e-03 1.599698700010776520e-02 9.314014576375484467e-03 3.973260149359703064e-02 3.777964413166046143e-02 7.647553086280822754e-02 2.751549519598484039e-02 4.365269094705581665e-02 2.774222008883953094e-02 3.981997817754745483e-02 3.564490377902984619e-02 6.053230538964271545e-02 3.634416963905096054e-03 8.026613795664161444e-05 1.644336432218551636e-02 4.005287960171699524e-02 2.652766555547714233e-02 6.634859833866357803e-03 3.110495209693908691e-02 3.272300586104393005e-02 4.765889607369899750e-03 1.743559166789054871e-02 1.459147688001394272e-02 2.414060756564140320e-03 2.682279981672763824e-02 6.968791037797927856e-02 6.200435012578964233e-02 1.103845797479152679e-02 3.179427981376647949e-02 2.030907757580280304e-02 8.167288452386856079e-02 3.377654124051332474e-03 2.888474985957145691e-02 5.431578680872917175e-02 7.898034155368804932e-02 1.342408824712038040e-03 5.539122968912124634e-02 1.992704905569553375e-02 3.590787993744015694e-03 1.729637011885643005e-02 5.155004933476448059e-02 4.928479902446269989e-03 2.307081967592239380e-02 5.629101768136024475e-02 4.010663926601409912e-02 1.334012206643819809e-02 3.443139791488647461e-02 1.761297695338726044e-02 4.846575111150741577e-02 8.055853657424449921e-03 3.198557067662477493e-03 8.533295243978500366e-03 4.752109572291374207e-02 4.247990623116493225e-02 6.861981004476547241e-02 3.831390291452407837e-02 2.890913980081677437e-03 1.313060056418180466e-02 6.110421568155288696e-02 2.318498678505420685e-02 1.821559853851795197e-02 1.786123402416706085e-02 3.047747723758220673e-02 5.198207497596740723e-02 6.783607602119445801e-02 4.115946218371391296e-02 3.535294532775878906e-02 1.656469888985157013e-02 2.959239482879638672e-02 1.651213504374027252e-02 3.919048979878425598e-02 6.374919321388006210e-04 6.066847592592239380e-02 9.924803860485553741e-03 2.532895095646381378e-02 2.193175815045833588e-02 3.350523547851480544e-05
