9.363063424825668335e-02 3.582097291946411133e-01 4.848365485668182373e-02 5.054760351777076721e-02 4.736055806279182434e-02 6.203327327966690063e-03 1.048956066370010376e-02 2.009181538596749306e-03 5.913055688142776489e-02 1.639469340443611145e-02 2.101003080606460571e-01 2.339497022330760956e-02 9.319274872541427612e-02 5.460491403937339783e-03 2.695246040821075439e-02 6.091181188821792603e-02 4.747855663299560547e-02 3.325193375349044800e-02 1.149825286120176315e-02 2.949179895222187042e-02 5.725514516234397888e-02 2.118558809161186218e-02 7.917187176644802094e-03 2.302691899240016937e-02 4.633028584066778421e-04 1.382189616560935974e-02 2.478021383285522461e-02 1.370004117488861084e-01 8.973173797130584717e-03 2.228006906807422638e-02 3.000186569988727570e-02 2.099296264350414276e-02 4.586598649621009827e-02 2.078779786825180054e-02 6.178781623020768166e-04 8.809518069028854370e-03 3.148237615823745728e-02 2.139178290963172913e-02 5.897819623351097107e-02 4.543290659785270691e-02 3.717394918203353882e-02 2.861371729522943497e-03 3.012967482209205627e-02 3.589356318116188049e-03 9.764523245394229889e-03 4.663316905498504639e-02 1.833035051822662354e-02 9.094744175672531128e-02 7.541272789239883423e-02 4.023945704102516174e-02 7.700416259467601776e-03 2.551830187439918518e-02 8.099702745676040649e-02 3.555593267083168030e-02 8.506126701831817627e-02 6.724108755588531494e-02 2.326123788952827454e-02 3.694728389382362366e-02 1.537870732136070728e-03 5.347441136837005615e-02 4.956417903304100037e-02 2.446735650300979614e-02 1.191281341016292572e-02 5.254358053207397461e-02 8.062533289194107056e-02 2.581928484141826630e-02 4.196275491267442703e-03 4.735334217548370361e-02 2.550950832664966583e-02 4.044092819094657898e-02 1.964592933654785156e-02 3.070724941790103912e-02 2.760071307420730591e-02 1.230475455522537231e-01 7.361175026744604111e-03 3.840417787432670593e-02 2.023453265428543091e-02 4.063740745186805725e-02 4.797726124525070190e-02 2.715835534036159515e-02 9.671716950833797455e-03 2.147300867363810539e-03 9.170337766408920288e-02 1.276164664886891842e-03 2.170024067163467407e-02 4.271728917956352234e-02 4.064164310693740845e-02 2.032244764268398285e-02 7.283598929643630981e-02 3.338837251067161560e-02 1.004114300012588501e-01 3.910876438021659851e-02 2.861000411212444305e-02 1.119755767285823822e-02 7.407531887292861938e-02 3.455209312960505486e-03 4.565570130944252014e-02 3.042085841298103333e-02 6.806749384850263596e-03 3.107438795268535614e-02 3.992951661348342896e-02 4.320361837744712830e-02 1.961391791701316833e-02 2.976089715957641602e-02 2.901725098490715027e-02 2.625893335789442062e-03 1.660703564994037151e-04 4.597883298993110657e-02 2.722779475152492523e-02 2.142368070781230927e-02 6.053469143807888031e-03 1.273928117007017136e-02 2.375264279544353485e-02 1.432302291505038738e-03 6.535971909761428833e-02 7.919486612081527710e-02
3.582097291946411133e-01 1.387883424758911133e-01 9.582275524735450745e-03 5.831960961222648621e-02 2.595506794750690460e-02 2.205986343324184418e-02 1.560233235359191895e-01 2.274474827572703362e-03 7.119996100664138794e-02 1.360397227108478546e-02 1.233063638210296631e-01 1.493774354457855225e-03 1.577048003673553467e-01 4.411939531564712524e-02 1.100778393447399139e-02 5.513972416520118713e-02 1.126419566571712494e-02 3.630496561527252197e-02 3.199587389826774597e-02 2.531310357153415680e-02 2.708692103624343872e-02 1.339106354862451553e-02 4.747676476836204529e-02 6.142998579889535904e-03 1.488825771957635880e-03 1.736673712730407715e-02 4.325207322835922241e-02 9.113928675651550293e-02 1.014349013566970825e-01 4.360201209783554077e-02 2.569896355271339417e-02 1.912654377520084381e-02 7.418870925903320312e-02 8.910480886697769165e-03 5.329251289367675781e-02 1.038211025297641754e-02 4.724748805165290833e-02 2.093184553086757660e-02 9.044833481311798096e-03 2.325602062046527863e-02 1.568132042884826660e-01 2.283461019396781921e-02 3.244745358824729919e-02 2.963638119399547577e-02 4.508009180426597595e-02 5.400138348340988159e-02 5.716849863529205322e-02 3.077567368745803833e-02 2.790411747992038727e-02 9.517618268728256226e-02 6.315986160188913345e-03 4.787093773484230042e-02 7.256130129098892212e-02 8.320786803960800171e-02 1.129208281636238098e-01 7.725635915994644165e-02 2.380882762372493744e-02 5.007272213697433472e-02 2.038439549505710602e-02 3.384325653314590454e-02 6.988608837127685547e-02 2.896499820053577423e-02 5.934963002800941467e-02 1.827058196067810059e-02 1.243476010859012604e-02 7.288036495447158813e-02 8.765616454184055328e-03 8.951109834015369415e-03 1.359360851347446442e-02 4.111872985959053040e-02 6.364676356315612793e-02 1.037768349051475525e-01 9.415938705205917358e-02 4.226764291524887085e-02 2.007381431758403778e-02 4.736247658729553223e-02 1.906217448413372040e-02 1.242591906338930130e-02 2.188873849809169769e-02 1.134598441421985626e-02 2.654582448303699493e-02 4.353238269686698914e-02 3.985506668686866760e-02 3.870840743184089661e-02 3.072388283908367157e-02 9.972782805562019348e-03 5.983828566968441010e-03 3.795918822288513184e-02 3.422518074512481689e-02 6.239549443125724792e-02 4.653845913708209991e-03 3.556460514664649963e-02 3.922854084521532059e-03 2.345500141382217407e-02 1.878756470978260040e-02 7.431145757436752319e-02 3.523766249418258667e-02 2.976790629327297211e-02 3.206996247172355652e-02 3.958090394735336304e-02 9.979782626032829285e-03 4.169295355677604675e-02 2.166160009801387787e-02 2.057261019945144653e-02 1.497081201523542404e-02 3.595628216862678528e-02 5.706432461738586426e-02 3.350646793842315674e-02 2.074070833623409271e-02 4.032130166888237000e-02 1.234374120831489563e-01 1.178757660090923309e-02 4.095000773668289185e-02 4.568711668252944946e-02 3.107874654233455658e-02 3.999034687876701355e-02
4.848365485668182373e-02 9.582275524735450745e-03 3.561468422412872314e-02 1.585357077419757843e-02 6.130186375230550766e-03 6.040174141526222229e-02 5.997671186923980713e-02 2.066078335046768188e-01 8.477049879729747772e-03 3.902675211429595947e-02 8.138407766819000244e-02 4.079487919807434082e-02 7.054973393678665161e-02 5.583487823605537415e-02 1.575029268860816956e-02 7.205368578433990479e-02 3.238260373473167419e-02 5.553399398922920227e-02 9.811885654926300049e-03 8.360497653484344482e-02 7.116147875785827637e-02 3.403421118855476379e-02 2.579736150801181793e-02 3.585712984204292297e-02 5.033075436949729919e-02 1.009486988186836243e-02 5.358899012207984924e-02 9.782349690794944763e-03 4.405902326107025146e-02 1.936493255198001862e-02 9.878776222467422485e-02 9.117045439779758453e-03 2.233794704079627991e-02 8.492702245712280273e-02 3.264742344617843628e-02 4.557538032531738281e-02 1.001609605737030506e-03 1.523467432707548141e-02 1.902009174227714539e-02 5.532051250338554382e-02 3.675983101129531860e-02 3.368164971470832825e-02 1.401519123464822769e-02 1.024432107806205750e-01 2.163185738027095795e-02 7.216387428343296051e-03 2.847439236938953400e-02 4.018804058432579041e-02 3.248064965009689331e-02 2.659848332405090332e-02 1.787865534424781799e-02 2.682243660092353821e-02 9.989502280950546265e-02 5.547347944229841232e-03 2.374273538589477539e-02 5.081569030880928040e-02 5.028962716460227966e-02 1.130601298063993454e-02 3.250560909509658813e-02 6.886442005634307861e-02 2.493136003613471985e-02 6.316068023443222046e-02 2.415358088910579681e-02 1.854606159031391144e-02 4.049896076321601868e-02 4.978626593947410583e-02 5.902315676212310791e-02 5.500674247741699219e-02 6.720548495650291443e-03 5.789184942841529846e-02 2.681877650320529938e-02 1.860485784709453583e-02 3.575239330530166626e-02 3.965208772569894791e-03 2.998409979045391083e-02 7.482453435659408569e-02 1.875454932451248169e-02 1.669858582317829132e-02 2.470951341092586517e-02 7.149125449359416962e-03 1.596792489290237427e-01 4.969930648803710938e-02 4.027039185166358948e-02 1.798048242926597595e-02 1.215515937656164169e-02 3.493772447109222412e-02 3.307644650340080261e-02 9.090698324143886566e-03 2.904029190540313721e-02 2.464473433792591095e-02 6.072938442230224609e-03 5.850490555167198181e-02 8.087667636573314667e-03 1.515166368335485458e-03 6.263786554336547852e-02 3.682228550314903259e-02 1.833690144121646881e-02 6.699980795383453369e-02 5.720264092087745667e-02 2.689885720610618591e-02 6.022681295871734619e-02 1.979183591902256012e-02 4.454528912901878357e-03 4.862921684980392456e-02 1.559799566166475415e-04 9.584248997271060944e-03 1.039830893278121948e-01 6.632074713706970215e-03 3.545129671692848206e-02 2.588156238198280334e-02 7.444132119417190552e-02 4.965681582689285278e-02 3.233945742249488831e-02 6.592599209398031235e-03 1.800589635968208313e-02 3.579701483249664307e-02
5.054760351777076721e-02 5.831960961222648621e-02 1.585357077419757843e-02 1.218653544783592224e-01 3.157849311828613281e-01 1.723124086856842041e-02 8.044298738241195679e-03 2.075189910829067230e-02 3.123302198946475983e-02 3.708064556121826172e-02 1.205660402774810791e-03 2.054867101833224297e-03 4.558367282152175903e-02 3.165896749123930931e-03 5.010713264346122742e-02 1.311821490526199341e-02 3.921991586685180664e-02 7.536634802818298340e-02 2.024704031646251678e-02 2.656986005604267120e-02 2.815396524965763092e-02 4.407838452607393265e-03 2.235261257737874985e-03 3.383962903171777725e-03 4.147383850067853928e-03 3.160073608160018921e-02 1.978866942226886749e-02 5.249885842204093933e-02 3.508781641721725464e-02 4.650219157338142395e-02 1.376766525208950043e-02 3.388335183262825012e-02 5.265370476990938187e-03 4.137085285037755966e-03 1.869145035743713379e-02 2.857654588297009468e-03 1.436634268611669540e-02 3.049435559660196304e-03 8.147899061441421509e-02 2.282353304326534271e-02 5.627992749214172363e-02 1.838815025985240936e-02 1.740528456866741180e-02 6.985478103160858154e-03 3.318587783724069595e-03 3.746917098760604858e-02 1.100639924407005310e-01 5.518954247236251831e-02 2.300701104104518890e-02 2.516125328838825226e-02 2.879032120108604431e-02 1.721990294754505157e-02 1.294536050409078598e-02 6.021868810057640076e-02 3.664613887667655945e-02 4.330461472272872925e-02 5.212183296680450439e-02 4.236367717385292053e-02 5.988589953631162643e-03 5.245014652609825134e-02 7.131814956665039062e-02 8.402862586081027985e-03 7.954034209251403809e-02 5.564885213971138000e-03 1.873919181525707245e-02 5.060125887393951416e-02 5.040254816412925720e-02 5.394530948251485825e-03 4.751909896731376648e-02 1.571286586113274097e-03 4.126055538654327393e-02 1.790623925626277924e-02 1.724565625190734863e-01 2.412957139313220978e-02 4.956126585602760315e-02 1.119247153401374817e-01 5.780481919646263123e-02 1.056611631065607071e-02 7.722997665405273438e-02 5.424795299768447876e-02 4.481339082121849060e-02 1.125591807067394257e-02 1.548299938440322876e-01 1.692988537251949310e-02 1.775450445711612701e-02 6.282876129262149334e-04 1.353031024336814880e-02 3.935494273900985718e-02 2.782228216528892517e-02 7.103578001260757446e-02 2.056732028722763062e-02 2.927695401012897491e-02 5.373144522309303284e-03 1.620444096624851227e-02 5.413561314344406128e-02 6.578474491834640503e-02 6.122713442891836166e-03 7.500279694795608521e-02 1.480220351368188858e-03 2.987161651253700256e-02 9.015861898660659790e-03 1.443106587976217270e-02 1.821950450539588928e-02 4.296452552080154419e-02 5.431395024061203003e-02 5.859580636024475098e-02 2.388421446084976196e-02 1.900441199541091919e-02 4.097366333007812500e-02 1.815677992999553680e-02 2.786325849592685699e-02 4.570129141211509705e-02 2.977480739355087280e-02 2.985613979399204254e-02 2.155216597020626068e-02 2.896847948431968689e-02
4.736055806279182434e-02 2.595506794750690460e-02 6.130186375230550766e-03 3.157849311828613281e-01 1.407008767127990723e-01 2.876785770058631897e-02 1.347269164398312569e-03 4.271264001727104187e-02 4.948416724801063538e-02 4.008443653583526611e-02 5.117255821824073792e-02 4.071452131029218435e-04 4.039596766233444214e-02 1.721097156405448914e-02 6.403856724500656128e-02 3.045943193137645721e-02 5.601746030151844025e-03 9.598094969987869263e-02 1.074651069939136505e-02 2.063716761767864227e-02 3.233630210161209106e-02 5.710051581263542175e-02 2.909707836806774139e-02 3.346143290400505066e-02 2.401878358796238899e-03 3.775002434849739075e-02 3.499389067292213440e-02 3.528003394603729248e-02 2.595200762152671814e-02 2.905433997511863708e-02 6.252355128526687622e-02 3.720855712890625000e-02 2.325467206537723541e-02 4.286427795886993408e-02 3.518563462421298027e-03 3.211803268641233444e-03 4.691896494477987289e-03 5.579907074570655823e-02 1.499318480491638184e-01 2.105304002761840820e-01 2.232780493795871735e-02 6.526339799165725708e-02 5.965908640064299107e-04 1.309548411518335342e-02 1.424398645758628845e-02 1.599857956171035767e-02 5.956997722387313843e-02 2.379764243960380554e-02 1.766478084027767181e-02 1.339083071798086166e-02 1.581535616423934698e-04 5.419253720901906490e-04 1.733299717307090759e-02 9.392823092639446259e-03 6.979248020797967911e-03 7.576158735901117325e-03 1.185957528650760651e-02 1.984962821006774902e-02 2.566375024616718292e-02 1.043593287467956543e-01 2.057284116744995117e-03 1.092861499637365341e-02 6.714171916246414185e-02 6.979821622371673584e-02 4.808314144611358643e-02 1.580238924361765385e-03 2.600741758942604065e-02 1.069459691643714905e-02 1.000238466076552868e-03 1.508259121328592300e-02 8.537731319665908813e-02 4.910805821418762207e-02 2.245017886161804199e-02 4.768121615052223206e-02 1.246570721268653870e-01 2.612440474331378937e-02 2.865200676023960114e-02 3.372668847441673279e-02 1.930194906890392303e-02 5.803896114230155945e-02 1.673283986747264862e-02 5.920884013175964355e-02 1.360873132944107056e-01 8.302464336156845093e-02 1.623452641069889069e-02 2.516615390777587891e-02 1.209904998540878296e-02 4.418348148465156555e-02 1.750957034528255463e-02 5.447513982653617859e-02 3.222811967134475708e-02 3.240085439756512642e-03 1.540706725791096687e-03 6.182621791958808899e-02 8.047304302453994751e-02 4.777682572603225708e-02 2.842758409678936005e-02 1.711003482341766357e-02 3.523573651909828186e-02 3.523310273885726929e-02 7.705344259738922119e-02 4.089992120862007141e-02 3.035492263734340668e-02 4.353746771812438965e-02 3.920900449156761169e-02 6.827268004417419434e-02 4.125975072383880615e-02 3.930509090423583984e-02 1.414945125579833984e-01 4.735931009054183960e-02 3.536022454500198364e-02 1.360807288438081741e-02 4.646228998899459839e-02 1.459207385778427124e-02 9.479843080043792725e-03 2.949569188058376312e-02
6.203327327966690063e-03 2.205986343324184418e-02 6.040174141526222229e-02 1.723124086856842041e-02 2.876785770058631897e-02 1.287456154823303223e-01 3.668243587017059326e-01 1.962495967745780945e-03 7.794986478984355927e-03 4.719273746013641357e-02 5.347812548279762268e-02 1.002805307507514954e-01 1.070495545864105225e-01 6.222034990787506104e-02 2.997847273945808411e-02 3.303548321127891541e-02 1.693277247250080109e-02 3.556840866804122925e-02 3.306202217936515808e-02 3.055548481643199921e-02 2.376371435821056366e-02 2.066966332495212555e-02 1.459473371505737305e-02 2.053098008036613464e-02 3.804005915299057961e-03 5.443733185529708862e-02 5.493907257914543152e-02 8.562209457159042358e-02 3.567572683095932007e-03 8.915987610816955566e-02 8.427819609642028809e-02 5.401082709431648254e-02 2.318965038284659386e-03 4.675955697894096375e-02 5.477616097778081894e-03 2.263770624995231628e-02 1.203881725668907166e-01 5.310986191034317017e-02 3.275205940008163452e-02 3.210061788558959961e-02 6.401535123586654663e-02 4.312490671873092651e-02 2.818558923900127411e-02 1.188444122672080994e-01 1.776167750358581543e-02 6.426724046468734741e-02 3.058811463415622711e-02 1.101821139454841614e-01 1.285101473331451416e-02 6.248645484447479248e-02 1.489447662606835365e-03 9.258248843252658844e-03 7.096822839230298996e-03 2.359490655362606049e-02 3.658309113234281540e-03 6.966156512498855591e-02 1.935406960546970367e-02 3.000517375767230988e-02 1.358337048441171646e-02 1.860432676039636135e-03 3.957745432853698730e-02 1.026755105704069138e-02 1.752505078911781311e-02 3.129347896901890635e-05 6.430335342884063721e-02 1.195842865854501724e-02 1.030815485864877701e-02 1.891431398689746857e-02 3.236870467662811279e-02 1.639471738599240780e-04 5.587592255324125290e-03 2.142279967665672302e-02 3.306043148040771484e-02 5.008738487958908081e-02 4.462759196758270264e-02 2.131459303200244904e-03 6.168105080723762512e-02 3.297758055850863457e-03 3.756348043680191040e-02 4.469920694828033447e-02 2.315455814823508263e-03 3.382423147559165955e-02 1.973033137619495392e-02 1.991838589310646057e-02 2.996762655675411224e-02 6.932049244642257690e-02 1.563853770494461060e-02 3.228680044412612915e-02 6.146131455898284912e-02 8.360824547708034515e-03 6.295003741979598999e-02 1.312614791095256805e-02 9.508697688579559326e-02 2.729470282793045044e-02 5.312680453062057495e-02 3.927389159798622131e-03 1.292336382903158665e-03 5.293657258152961731e-02 4.926557093858718872e-02 2.077183127403259277e-02 5.230359733104705811e-02 2.780450694262981415e-02 5.416667088866233826e-02 2.046890789642930031e-03 5.043026059865951538e-02 2.611025609076023102e-02 4.575968906283378601e-02 3.934097290039062500e-02 5.202297586947679520e-03 2.015095204114913940e-02 6.503352429717779160e-03 3.701488301157951355e-02 6.954916566610336304e-02 5.068895593285560608e-02 9.132126718759536743e-02 1.158527657389640808e-02
1.048956066370010376e-02 1.560233235359191895e-01 5.997671186923980713e-02 8.044298738241195679e-03 1.347269164398312569e-03 3.668243587017059326e-01 1.687539666891098022e-01 6.402621418237686157e-02 1.986644929274916649e-03 2.749057300388813019e-02 6.399232894182205200e-02 4.238099604845046997e-02 1.420294791460037231e-01 1.274192333221435547e-01 3.302188217639923096e-02 6.350968033075332642e-02 2.385195158421993256e-02 3.472298756241798401e-02 2.584743872284889221e-02 3.330475091934204102e-02 3.867267817258834839e-02 2.217665547505021095e-03 4.705118387937545776e-02 1.941303536295890808e-02 3.865733742713928223e-02 2.988730557262897491e-02 4.667422547936439514e-02 1.884304545819759369e-02 4.239073768258094788e-02 7.029427587985992432e-02 2.602544054388999939e-02 2.507825009524822235e-02 1.657255925238132477e-02 5.832859780639410019e-03 5.740032996982336044e-03 4.118056222796440125e-02 6.575915217399597168e-02 6.200980022549629211e-02 2.093675732612609863e-02 1.312843989580869675e-02 8.549999445676803589e-02 2.970625460147857666e-02 5.181356891989707947e-02 7.535982131958007812e-02 2.837195247411727905e-02 2.317027933895587921e-02 9.413006901741027832e-02 2.112439721822738647e-01 7.880765944719314575e-03 3.374918550252914429e-02 3.030709922313690186e-02 6.287553347647190094e-03 2.177238836884498596e-02 2.057979442179203033e-02 1.691146381199359894e-02 5.778563022613525391e-02 2.205624245107173920e-02 3.834134712815284729e-02 4.608656466007232666e-02 2.939632977358996868e-04 2.918837592005729675e-02 1.421902514994144440e-02 2.745322883129119873e-03 1.687021367251873016e-02 7.899416983127593994e-02 3.258737735450267792e-03 1.060814596712589264e-02 5.546850338578224182e-02 6.584981083869934082e-02 6.270227581262588501e-02 5.251581966876983643e-02 3.663218393921852112e-02 4.272243473678827286e-03 1.017981674522161484e-02 4.364592581987380981e-02 5.891175009310245514e-03 4.041372332721948624e-03 2.361049875617027283e-02 1.319104898720979691e-02 3.195365716237574816e-04 6.519850343465805054e-02 5.021614581346511841e-02 2.275631017982959747e-02 2.538158930838108063e-02 2.211335860192775726e-02 1.625127904117107391e-02 4.324260354042053223e-02 3.931560739874839783e-02 4.581184312701225281e-02 4.978311434388160706e-02 1.044569611549377441e-01 2.808512933552265167e-02 7.567156851291656494e-02 5.670738965272903442e-02 6.546419858932495117e-02 1.445447839796543121e-02 2.901740558445453644e-02 3.892408683896064758e-02 3.495782241225242615e-02 7.020907010883092880e-03 5.113034695386886597e-02 4.281014204025268555e-02 5.050531029701232910e-02 4.747684672474861145e-02 4.056593403220176697e-02 2.106002159416675568e-02 7.778862118721008301e-02 5.955469235777854919e-02 2.079984731972217560e-02 3.821762278676033020e-02 5.307732522487640381e-02 4.222070053219795227e-02 4.531018435955047607e-02 5.244460701942443848e-02 2.576421760022640228e-02 5.339347198605537415e-02
2.009181538596749306e-03 2.274474827572703362e-03 2.066078335046768188e-01 2.075189910829067230e-02 4.271264001727104187e-02 1.962495967745780945e-03 6.402621418237686157e-02 9.359934926033020020e-02 3.097840212285518646e-02 1.821932382881641388e-02 2.024977467954158783e-02 9.206909686326980591e-03 7.328049838542938232e-02 5.800402164459228516e-02 1.643114686012268066e-01 1.233139634132385254e-02 2.797404117882251740e-02 1.367947645485401154e-02 2.204559044912457466e-03 6.230862438678741455e-02 3.251122310757637024e-02 5.608907714486122131e-02 8.058308623731136322e-03 1.762326806783676147e-02 1.540234312415122986e-02 2.022129669785499573e-02 2.874031430110335350e-03 1.991420052945613861e-03 2.149594947695732117e-02 3.401512280106544495e-02 2.706216415390372276e-03 1.068163663148880005e-02 3.599303215742111206e-02 3.478712216019630432e-02 2.959030307829380035e-02 3.082656301558017731e-02 5.115462839603424072e-02 4.075080156326293945e-02 4.752917960286140442e-02 6.452170014381408691e-02 1.753249391913414001e-02 4.196460172533988953e-02 4.707843530923128128e-03 7.347478996962308884e-03 1.463850028812885284e-02 2.821286581456661224e-02 1.961608417332172394e-02 1.466067158617079258e-03 2.533712051808834076e-02 2.015963755548000336e-02 5.704827234148979187e-02 4.897724464535713196e-02 2.827012503985315561e-04 7.604574202559888363e-04 8.397371508181095123e-03 4.878057166934013367e-03 4.761514440178871155e-02 4.951943643391132355e-03 7.845290936529636383e-03 1.177607662975788116e-02 4.736872762441635132e-02 4.845866002142429352e-03 1.108886580914258957e-02 3.651377186179161072e-02 1.949919946491718292e-02 1.255339197814464569e-02 5.193875986151397228e-04 9.059056639671325684e-03 2.528303302824497223e-02 2.293767873197793961e-03 2.526776678860187531e-02 1.760207489132881165e-02 2.274919301271438599e-02 9.575300849974155426e-03 5.495441704988479614e-02 4.209918528795242310e-02 7.920423522591590881e-03 3.417069790884852409e-03 1.522920280694961548e-02 2.106979489326477051e-02 7.792614400386810303e-02 1.421111822128295898e-01 5.509302765130996704e-02 3.108466602861881256e-02 5.600630491971969604e-02 6.956063956022262573e-02 7.579077780246734619e-02 6.042154505848884583e-02 8.418746292591094971e-03 7.530640810728073120e-02 4.140251129865646362e-02 1.948493346571922302e-02 6.666524708271026611e-02 6.116196513175964355e-02 3.855498880147933960e-02 6.166531145572662354e-02 7.137612905353307724e-03 5.831644684076309204e-02 9.990387596189975739e-03 8.413683623075485229e-03 5.748451501131057739e-02 4.224805533885955811e-02 4.815512895584106445e-02 6.259306520223617554e-02 3.405859321355819702e-02 3.357446193695068359e-02 5.753557011485099792e-02 3.292357176542282104e-02 2.258360013365745544e-02 1.224388275295495987e-02 1.196702290326356888e-02 5.879198201000690460e-03 5.270627140998840332e-02 2.424849383533000946e-02 4.516472667455673218e-02 1.320047676563262939e-02
5.913055688142776489e-02 7.119996100664138794e-02 8.477049879729747772e-03 3.123302198946475983e-02 4.948416724801063538e-02 7.794986478984355927e-03 1.986644929274916649e-03 3.097840212285518646e-02 1.239156424999237061e-01 8.248663693666458130e-02 2.292766794562339783e-02 4.464079067111015320e-02 2.164799347519874573e-02 3.756625950336456299e-02 2.750188857316970825e-02 1.358713768422603607e-02 1.257576048374176025e-02 1.134421825408935547e-01 1.756103523075580597e-02 2.060972154140472412e-02 2.352568134665489197e-02 5.028549209237098694e-02 3.465212509036064148e-02 4.429306089878082275e-02 1.971971057355403900e-02 7.725361734628677368e-03 1.525869360193610191e-03 8.782225777395069599e-04 3.484370186924934387e-02 9.269122034311294556e-03 4.961002152413129807e-03 4.558734223246574402e-02 8.340650238096714020e-03 5.896089132875204086e-03 8.099638856947422028e-03 2.198617719113826752e-02 2.922634826973080635e-03 2.895760722458362579e-02 4.358192905783653259e-02 4.684266448020935059e-02 5.648117139935493469e-02 7.428117096424102783e-02 1.528957858681678772e-02 1.454984676092863083e-02 5.594829842448234558e-02 3.918208926916122437e-02 4.689762368798255920e-03 4.470275342464447021e-02 4.350504279136657715e-02 1.169576682150363922e-02 5.347352474927902222e-03 3.308197110891342163e-02 3.023270890116691589e-02 3.160041570663452148e-02 8.771018683910369873e-02 3.150657564401626587e-02 1.432226225733757019e-02 7.706812582910060883e-03 4.160985350608825684e-03 5.183788388967514038e-02 3.999523445963859558e-02 4.526169970631599426e-02 2.380513120442628860e-03 1.064037065953016281e-02 5.896257981657981873e-02 5.534118786454200745e-02 1.886671781539916992e-02 8.016052655875682831e-03 2.872555330395698547e-02 7.000763900578022003e-03 4.153394699096679688e-02 7.925154268741607666e-02 5.936130881309509277e-02 3.164670616388320923e-02 3.699601069092750549e-02 7.558753341436386108e-02 1.340448558330535889e-01 3.359320387244224548e-02 1.359939724206924438e-01 1.081988401710987091e-02 2.932599047198891640e-03 5.569472908973693848e-03 8.548669517040252686e-02 8.079382032155990601e-02 4.034192860126495361e-02 4.435084760189056396e-02 2.538997307419776917e-02 6.527377991005778313e-05 6.216182187199592590e-02 4.261189326643943787e-02 5.841308087110519409e-02 4.333600401878356934e-02 5.066720768809318542e-02 3.798228502273559570e-02 9.678403288125991821e-02 6.149642914533615112e-02 3.721733018755912781e-02 7.604124397039413452e-02 6.766391545534133911e-02 5.795113276690244675e-03 4.792794585227966309e-02 6.566170603036880493e-02 6.772223114967346191e-02 3.107385709881782532e-02 6.602659821510314941e-03 5.397575721144676208e-02 5.121981352567672729e-02 6.737612932920455933e-02 7.458986341953277588e-02 7.229364663362503052e-02 7.223359495401382446e-02 4.414732754230499268e-02 2.600845135748386383e-02 5.468338262289762497e-03 2.542177215218544006e-02 2.522729150950908661e-02
1.639469340443611145e-02 1.360397227108478546e-02 3.902675211429595947e-02 3.708064556121826172e-02 4.008443653583526611e-02 4.719273746013641357e-02 2.749057300388813019e-02 1.821932382881641388e-02 8.248663693666458130e-02 1.381554901599884033e-01 1.562255900353193283e-02 1.400477439165115356e-02 1.541794091463088989e-02 3.752277791500091553e-02 2.932344749569892883e-02 1.597191579639911652e-02 6.764233857393264771e-02 1.297579426318407059e-02 5.669295415282249451e-02 1.822571083903312683e-02 9.593319264240562916e-04 1.365502923727035522e-02 9.328300620836671442e-06 1.680142991244792938e-02 7.108326070010662079e-03 2.550955116748809814e-02 2.721307799220085144e-02 1.898275315761566162e-02 4.522856324911117554e-02 1.470967382192611694e-02 5.246649496257305145e-03 4.040024708956480026e-03 1.233427878469228745e-02 4.888154193758964539e-02 1.018916070461273193e-02 3.696634247899055481e-02 2.256853319704532623e-02 1.026854012161493301e-02 2.555077895522117615e-02 4.293173179030418396e-02 1.594329997897148132e-02 1.183387078344821930e-02 3.050338476896286011e-02 4.834733158349990845e-02 2.572042867541313171e-02 1.010143570601940155e-02 3.025396168231964111e-02 8.059897460043430328e-03 9.904075413942337036e-03 4.058917611837387085e-02 3.788109123706817627e-02 3.580356016755104065e-02 1.525191124528646469e-02 2.809165976941585541e-02 2.822327055037021637e-02 9.213803708553314209e-02 6.114590447396039963e-03 2.448375150561332703e-02 5.136400833725929260e-02 3.601280972361564636e-02 1.735031604766845703e-02 3.337789326906204224e-02 4.283642396330833435e-02 7.280437741428613663e-03 8.772559463977813721e-03 4.547202214598655701e-02 9.760589338839054108e-03 1.127325929701328278e-02 3.089972957968711853e-02 4.779900982975959778e-02 4.454346373677253723e-02 8.322727866470813751e-03 4.804707691073417664e-02 8.366946876049041748e-02 2.547998912632465363e-02 5.053800065070390701e-03 3.445455059409141541e-02 1.368615776300430298e-01 3.508377447724342346e-02 9.828133881092071533e-02 6.938140094280242920e-02 1.923956908285617828e-03 1.714855991303920746e-02 3.939066454768180847e-02 7.803020998835563660e-03 4.438128788024187088e-03 1.393788121640682220e-02 2.538242004811763763e-02 6.260937452316284180e-02 1.224954575300216675e-01 3.318359702825546265e-02 1.668650656938552856e-02 7.153391372412443161e-03 8.287861943244934082e-03 5.312158912420272827e-02 8.251984417438507080e-02 4.130256921052932739e-02 2.486421959474682808e-03 3.626056015491485596e-02 4.060248658061027527e-02 1.077042054384946823e-02 3.992142900824546814e-02 2.061311155557632446e-02 1.175199728459119797e-02 2.563442336395382881e-03 5.429787095636129379e-03 2.469279430806636810e-02 8.160213939845561981e-03 2.616044692695140839e-02 3.802517801523208618e-02 1.991032250225543976e-02 9.436893276870250702e-03 1.712149940431118011e-02 1.397359184920787811e-02 4.181466624140739441e-02 9.247937239706516266e-03
2.101003080606460571e-01 1.233063638210296631e-01 8.138407766819000244e-02 1.205660402774810791e-03 5.117255821824073792e-02 5.347812548279762268e-02 6.399232894182205200e-02 2.024977467954158783e-02 2.292766794562339783e-02 1.562255900353193283e-02 1.572215557098388672e-01 3.659822419285774231e-02 1.163434088230133057e-01 7.357242703437805176e-02 3.178029134869575500e-02 6.654697656631469727e-02 5.410552769899368286e-02 2.583105675876140594e-02 2.181749790906906128e-03 3.506079688668251038e-02 2.728729881346225739e-02 1.137905195355415344e-01 3.420905768871307373e-02 8.084454457275569439e-04 2.828628197312355042e-02 7.983247749507427216e-03 5.566779524087905884e-02 5.246619880199432373e-02 5.340235680341720581e-02 8.802109397947788239e-03 3.570337779819965363e-03 2.861899137496948242e-02 3.200451284646987915e-02 3.352427482604980469e-02 2.157039009034633636e-02 2.074652351438999176e-02 5.520186573266983032e-02 1.697768270969390869e-02 3.808857640251517296e-03 5.272449925541877747e-02 1.031769216060638428e-01 1.706455275416374207e-02 2.135600335896015167e-02 3.793641179800033569e-02 8.388159796595573425e-03 1.022317726165056229e-02 1.180325374007225037e-01 8.018732815980911255e-02 9.337040595710277557e-03 2.091144677251577377e-03 6.895097903907299042e-03 1.513777952641248703e-02 4.965902771800756454e-03 6.539797037839889526e-02 4.894054681062698364e-02 6.844479590654373169e-03 5.100910365581512451e-02 2.901406260207295418e-03 2.907319739460945129e-02 3.426300361752510071e-02 7.060103118419647217e-02 1.684233918786048889e-02 1.140261068940162659e-03 1.061810832470655441e-02 8.653865009546279907e-02 5.899078026413917542e-02 2.443478815257549286e-02 3.807179629802703857e-02 5.000558495521545410e-02 1.465107966214418411e-02 3.956125676631927490e-02 2.993787266314029694e-02 6.877813488245010376e-02 6.081363186240196228e-02 1.946132443845272064e-02 3.790856152772903442e-02 2.403107471764087677e-02 1.969840377569198608e-02 1.288778614252805710e-02 2.741232328116893768e-02 2.613918669521808624e-02 6.434989720582962036e-02 6.894487887620925903e-02 4.107906669378280640e-02 3.413103148341178894e-02 7.903086394071578979e-02 3.568749874830245972e-02 5.747683718800544739e-02 3.776615858078002930e-02 8.527079597115516663e-03 8.533091843128204346e-02 4.167481511831283569e-02 5.090351402759552002e-02 2.092547249048948288e-03 1.370350085198879242e-02 4.160106182098388672e-02 5.018788576126098633e-02 4.701526463031768799e-02 1.923560537397861481e-02 2.061847597360610962e-02 4.449768736958503723e-02 1.324342284351587296e-02 8.516808971762657166e-03 3.771549090743064880e-02 5.521458014845848083e-02 5.012577027082443237e-02 5.503283068537712097e-02 1.896489225327968597e-02 1.173894852399826050e-02 8.125684410333633423e-02 5.853633582592010498e-02 1.299509499222040176e-02 2.371866442263126373e-02 4.926964640617370605e-02 4.763664677739143372e-02 8.056570589542388916e-02
2.339497022330760956e-02 1.493774354457855225e-03 4.079487919807434082e-02 2.054867101833224297e-03 4.071452131029218435e-04 1.002805307507514954e-01 4.238099604845046997e-02 9.206909686326980591e-03 4.464079067111015320e-02 1.400477439165115356e-02 3.659822419285774231e-02 8.126369118690490723e-02 7.735788822174072266e-02 1.237850934267044067e-01 2.592612616717815399e-02 4.540845006704330444e-02 2.107402775436639786e-03 1.567852101288735867e-03 2.584055438637733459e-02 7.152407616376876831e-02 1.081594172865152359e-02 3.700227662920951843e-02 8.715868741273880005e-02 5.336988717317581177e-02 3.814911935478448868e-03 1.055405195802450180e-02 1.804014481604099274e-02 1.682132631540298462e-01 1.147517561912536621e-02 6.034659221768379211e-02 6.005256623029708862e-02 5.946437828242778778e-03 1.747442968189716339e-02 1.118532149121165276e-03 3.454025834798812866e-02 3.550654649734497070e-02 2.419464848935604095e-02 5.176365375518798828e-02 2.516259253025054932e-02 5.812746938318014145e-03 1.268553175032138824e-02 6.226653698831796646e-03 4.631823301315307617e-02 4.744112119078636169e-02 6.076768040657043457e-02 3.058159165084362030e-02 5.177270621061325073e-03 5.284643918275833130e-02 1.196296326816082001e-02 1.169636263512074947e-03 2.473792247474193573e-02 4.933207295835018158e-03 1.777111552655696869e-02 1.203482225537300110e-02 6.770635489374399185e-03 3.738561272621154785e-02 7.906387001276016235e-02 7.967633195221424103e-03 1.535055693238973618e-02 4.158912226557731628e-02 1.185902953147888184e-02 1.819838397204875946e-02 2.203927375376224518e-02 1.830261573195457458e-02 9.717404027469456196e-04 4.064012318849563599e-03 5.930574610829353333e-03 2.306789718568325043e-02 4.306511208415031433e-02 1.874116435647010803e-02 6.895377766340970993e-03 3.607912687584757805e-03 8.875319734215736389e-03 2.081484161317348480e-02 4.514142870903015137e-02 5.086842551827430725e-02 1.148809269070625305e-01 7.557710167020559311e-03 1.062078773975372314e-02 6.697827577590942383e-02 5.532360821962356567e-02 1.157927419990301132e-02 2.781663089990615845e-02 1.039756182581186295e-02 3.040991537272930145e-02 1.955873146653175354e-02 1.146944426000118256e-02 2.247849479317665100e-02 5.843897163867950439e-02 6.157004460692405701e-02 4.046476259827613831e-02 4.940050467848777771e-02 1.962009351700544357e-03 8.651505224406719208e-03 3.450329601764678955e-02 2.719427458941936493e-03 2.563646063208580017e-02 3.253326565027236938e-02 1.014464795589447021e-01 4.327797889709472656e-02 3.690974786877632141e-02 4.483254253864288330e-02 4.012856259942054749e-02 6.180668249726295471e-03 5.272648856043815613e-02 3.126055002212524414e-02 4.616499692201614380e-02 2.668292634189128876e-02 2.847273088991641998e-02 6.694538891315460205e-02 4.178460687398910522e-03 4.900728166103363037e-02 1.537688355892896652e-02 1.998099684715270996e-02 1.606663502752780914e-02 3.622978553175926208e-02
9.319274872541427612e-02 1.577048003673553467e-01 7.054973393678665161e-02 4.558367282152175903e-02 4.039596766233444214e-02 1.070495545864105225e-01 1.420294791460037231e-01 7.328049838542938232e-02 2.164799347519874573e-02 1.541794091463088989e-02 1.163434088230133057e-01 7.735788822174072266e-02 1.509797722101211548e-01 1.669135875999927521e-02 6.515494734048843384e-02 8.831693232059478760e-02 6.601212173700332642e-02 2.009944245219230652e-02 8.548198640346527100e-02 6.299527734518051147e-02 4.214818403124809265e-02 6.549183279275894165e-02 5.000694468617439270e-02 3.199475631117820740e-02 8.651847019791603088e-04 3.580880537629127502e-02 6.941373925656080246e-03 3.638981143012642860e-03 6.068883463740348816e-02 5.161610990762710571e-02 7.352225482463836670e-02 2.872964739799499512e-02 5.233442038297653198e-02 6.188669241964817047e-03 1.878204173408448696e-03 9.104294702410697937e-03 4.511771723628044128e-02 5.211347714066505432e-02 2.538282796740531921e-02 1.366553269326686859e-02 6.329142302274703979e-02 3.144247457385063171e-02 4.464638978242874146e-02 4.479109123349189758e-02 3.432035073637962341e-02 1.920668780803680420e-02 5.140731111168861389e-02 7.124073058366775513e-02 1.843659579753875732e-02 3.214414417743682861e-02 1.222074218094348907e-02 1.851216889917850494e-02 6.787742674350738525e-02 4.942643642425537109e-02 4.715178161859512329e-03 2.417860552668571472e-02 3.552589938044548035e-02 3.892778977751731873e-02 5.888238083571195602e-03 7.063134759664535522e-02 3.780404478311538696e-02 4.393061622977256775e-02 3.651486709713935852e-02 3.448074567131698132e-04 5.204632505774497986e-02 3.995399549603462219e-02 6.854582577943801880e-02 9.378518909215927124e-03 9.248850494623184204e-02 8.751457929611206055e-02 5.914032459259033203e-02 4.476441442966461182e-02 2.568986453115940094e-02 3.737197443842887878e-02 2.426186017692089081e-02 2.501406893134117126e-02 1.955098472535610199e-02 2.041190862655639648e-02 4.060020297765731812e-02 1.664981129579246044e-03 2.913321182131767273e-02 5.600188300013542175e-02 5.206509493291378021e-03 3.467329964041709900e-02 1.757087884470820427e-03 2.823409065604209900e-02 5.375877371989190578e-04 7.428878545761108398e-02 9.882064536213874817e-03 5.211035162210464478e-02 3.807795047760009766e-02 2.307595126330852509e-02 6.841205805540084839e-02 4.453555122017860413e-02 6.223825737833976746e-02 7.730416022241115570e-03 8.295013010501861572e-02 6.921373307704925537e-02 1.918008737266063690e-02 5.115130916237831116e-02 7.036129245534539223e-04 5.434174463152885437e-02 1.456624362617731094e-02 2.095280960202217102e-02 4.007637873291969299e-02 4.698571190237998962e-02 3.535468876361846924e-02 2.837888197973370552e-03 2.841716632246971130e-02 6.805796921253204346e-02 4.896590020507574081e-03 5.658571049571037292e-02 4.917202144861221313e-02 5.567309260368347168e-02 2.495737560093402863e-02 1.027721632272005081e-02
