3.075768947601318359e-01 2.028312832117080688e-01 6.567291915416717529e-02 8.099640160799026489e-02 1.197226345539093018e-01 2.150488346815109253e-01 1.086713224649429321e-01 1.302275061607360840e-02 3.354186937212944031e-02 7.762609049677848816e-03 1.490039676427841187e-01 4.081117734313011169e-02 5.826502293348312378e-02 6.187295913696289062e-02 8.446319960057735443e-03 3.891322761774063110e-02 1.962507143616676331e-02 1.648181676864624023e-02 1.807576417922973633e-02 2.462696470320224762e-02 2.399464137852191925e-03 2.039575204253196716e-02 1.764121814630925655e-03 5.306678358465433121e-03 2.630097419023513794e-02 1.607298851013183594e-02 1.217755861580371857e-02 3.075525164604187012e-02 1.008937507867813110e-02 5.547175928950309753e-02 1.167489960789680481e-02 3.813054878264665604e-03 1.723572798073291779e-02 4.918183200061321259e-03 1.344798319041728973e-02 7.075586915016174316e-02 6.905832141637802124e-02 4.795708134770393372e-02 8.610759675502777100e-02 2.914837747812271118e-02 4.465444758534431458e-02 3.888847306370735168e-02 5.771576240658760071e-02 1.176163367927074432e-02 4.288941249251365662e-02 1.008015032857656479e-02 1.427907645702362061e-01 6.580638140439987183e-02 2.767873182892799377e-02 6.625263951718807220e-03 9.519979357719421387e-03 2.617467939853668213e-02 5.930660758167505264e-03 2.418066933751106262e-02 2.499227877706289291e-03 3.574397787451744080e-02 1.132320333272218704e-02 4.050042945891618729e-03 5.184224620461463928e-02 2.118950337171554565e-02 9.263557381927967072e-03 3.874881938099861145e-02 3.805382177233695984e-02 4.529564455151557922e-02 3.789656236767768860e-02 3.692389931529760361e-03 1.407695095986127853e-02 1.839231699705123901e-02 1.123740617185831070e-02 3.733295202255249023e-02 2.896458841860294342e-02 9.555825963616371155e-03 1.248255372047424316e-02 3.664076328277587891e-02 8.808686397969722748e-03 2.670736052095890045e-02 9.858622215688228607e-03 3.602726501412689686e-04 2.326719649136066437e-02 4.286727309226989746e-02 4.497330263257026672e-02 4.422604292631149292e-02 1.605376973748207092e-02 2.741023339331150055e-02 4.873726982623338699e-03 1.484288834035396576e-02 5.457974039018154144e-03 1.955221593379974365e-02 3.769863396883010864e-02 1.181202568113803864e-02 4.420109093189239502e-02 1.548431348055601120e-02 2.398902177810668945e-02 3.339480608701705933e-02 1.835684664547443390e-02 4.178202245384454727e-03 3.240452613681554794e-03 1.648230478167533875e-02 1.009278465062379837e-02 3.379198536276817322e-02 4.946990520693361759e-04 1.911583356559276581e-03 1.338392775505781174e-02 6.353227049112319946e-02 5.119667947292327881e-02 5.656736344099044800e-02 2.001345902681350708e-02 4.844688996672630310e-02 1.026416383683681488e-02 3.229243308305740356e-02 6.572527345269918442e-03 5.365790799260139465e-02 5.993288382887840271e-02 5.478670075535774231e-02 2.551981247961521149e-02 1.953320577740669250e-02
2.028312832117080688e-01 3.072145283222198486e-01 5.808643624186515808e-02 5.108645930886268616e-02 7.374858111143112183e-02 1.561641842126846313e-01 1.212489977478981018e-01 1.666661351919174194e-02 2.482982166111469269e-02 6.679824087768793106e-03 8.793058991432189941e-02 3.446546196937561035e-02 7.249823212623596191e-02 6.186408549547195435e-02 2.831309568136930466e-03 2.202177792787551880e-02 8.299687877297401428e-03 2.264112606644630432e-02 1.057448703795671463e-02 2.306817844510078430e-02 3.035501949489116669e-02 9.262888692319393158e-03 3.350850939750671387e-02 2.716000378131866455e-02 4.103016573935747147e-03 5.716966465115547180e-03 3.247269243001937866e-02 2.451086975634098053e-02 3.080204827710986137e-03 6.606195122003555298e-02 1.482189632952213287e-02 2.438367716968059540e-02 3.167651593685150146e-02 1.598933339118957520e-02 1.262872386723756790e-02 4.903729632496833801e-02 1.985627599060535431e-02 3.378587961196899414e-02 6.649865955114364624e-02 3.364270552992820740e-03 3.163765370845794678e-02 4.527344368398189545e-03 2.983710961416363716e-03 3.252432867884635925e-02 5.194756761193275452e-02 1.852347701787948608e-02 1.246921643614768982e-01 6.879696995019912720e-02 2.584483288228511810e-02 8.226905949413776398e-03 5.404987558722496033e-02 4.380512610077857971e-02 3.614290058612823486e-02 6.561198085546493530e-02 2.948785433545708656e-03 2.694800309836864471e-02 1.658766902983188629e-02 6.421788595616817474e-03 3.557985648512840271e-02 2.207214199006557465e-02 4.044111818075180054e-02 2.719731070101261139e-02 3.813457489013671875e-02 5.169935896992683411e-02 1.778789609670639038e-02 3.806417435407638550e-02 1.549217198044061661e-02 1.038383878767490387e-02 2.066307701170444489e-02 2.169184759259223938e-02 3.971257433295249939e-02 3.308384492993354797e-02 2.953990362584590912e-03 1.774814911186695099e-02 8.315497078001499176e-03 1.281103957444429398e-02 1.170982327312231064e-02 2.400971762835979462e-02 2.165664173662662506e-02 4.396390914916992188e-02 2.382004400715231895e-03 6.507083307951688766e-04 3.961011022329330444e-02 4.284284263849258423e-02 2.251479774713516235e-02 2.597975358366966248e-02 1.102121546864509583e-03 1.565214595757424831e-03 5.178024247288703918e-02 2.161490917205810547e-02 4.112789034843444824e-02 4.795251414179801941e-03 5.413423851132392883e-02 6.209651473909616470e-03 7.695874664932489395e-03 2.700852416455745697e-02 2.004574984312057495e-02 2.543986216187477112e-02 1.007580012083053589e-02 2.300222776830196381e-02 1.965482346713542938e-02 1.068908814340829849e-02 2.390183974057435989e-03 4.439474642276763916e-02 2.405676804482936859e-02 2.540690265595912933e-02 7.034021895378828049e-03 1.497054181527346373e-04 4.049343988299369812e-03 7.853221031837165356e-04 2.359809912741184235e-02 1.685180887579917908e-02 2.754750428721308708e-03 8.234432898461818695e-03 1.760062575340270996e-02 4.239940270781517029e-02
6.567291915416717529e-02 5.808643624186515808e-02 2.201449126005172729e-01 4.037052392959594727e-02 3.134529397357255220e-04 3.537444770336151123e-02 3.645540773868560791e-02 1.340112388134002686e-01 1.315099000930786133e-02 4.061299841850996017e-03 3.401573374867439270e-02 9.429084137082099915e-03 5.665903165936470032e-02 2.086828090250492096e-02 2.607961744070053101e-02 1.164292171597480774e-02 6.813541520386934280e-03 4.495763278100639582e-04 2.666532294824719429e-03 6.236124411225318909e-02 2.767662331461906433e-02 2.818613499402999878e-02 6.608700845390558243e-03 2.412917092442512512e-02 3.442189842462539673e-02 1.117404364049434662e-02 5.466256290674209595e-02 1.353045087307691574e-02 3.469683974981307983e-02 5.993932951241731644e-03 6.573949009180068970e-03 3.984354436397552490e-02 4.280096292495727539e-02 2.690889872610569000e-02 3.327342448756098747e-03 8.593363687396049500e-03 4.784011095762252808e-02 1.209768559783697128e-02 3.713491559028625488e-02 1.539414376020431519e-01 3.677656129002571106e-02 5.228732153773307800e-02 1.355388388037681580e-02 6.075387820601463318e-02 2.767337486147880554e-03 1.821449957787990570e-02 4.808706045150756836e-02 6.809230544604361057e-04 3.613870590925216675e-02 5.993424201733432710e-05 2.181024989113211632e-03 3.976089134812355042e-02 6.104692071676254272e-02 6.267740577459335327e-02 3.502387553453445435e-02 8.767064427956938744e-04 2.886712783947587013e-03 1.365322532365098596e-04 4.793846607208251953e-02 2.017000690102577209e-02 1.305507123470306396e-02 1.698416285216808319e-02 6.002900376915931702e-02 5.598246119916439056e-03 2.307065576314926147e-02 3.545404225587844849e-02 1.275848690420389175e-02 3.409386053681373596e-02 7.221570611000061035e-02 3.055680776014924049e-03 3.928874805569648743e-02 2.365683019161224365e-02 2.482497878372669220e-02 1.920063234865665436e-02 1.004300452768802643e-02 9.957423899322748184e-04 4.811680119019001722e-04 3.091998212039470673e-02 6.930206436663866043e-03 3.681310266256332397e-02 1.300361305475234985e-01 7.833769172430038452e-02 6.820290535688400269e-02 4.446280002593994141e-02 2.087332680821418762e-02 5.010127276182174683e-02 5.127895995974540710e-02 4.899005591869354248e-02 5.875042174011468887e-03 5.638659372925758362e-02 3.621226549148559570e-02 4.307816550135612488e-02 5.903774406760931015e-03 1.629431359469890594e-02 4.424332454800605774e-02 4.231468588113784790e-02 2.641256526112556458e-02 2.599352039396762848e-02 8.544262498617172241e-03 4.772394429892301559e-03 2.513706870377063751e-02 5.352722480893135071e-02 2.266947738826274872e-02 2.219706773757934570e-02 7.249007374048233032e-02 8.887206763029098511e-02 1.029849890619516373e-02 4.914291203022003174e-02 3.885396057739853859e-03 8.767846971750259399e-03 7.575208786875009537e-03 8.250871673226356506e-03 1.126441266387701035e-02 3.561098873615264893e-02 2.906677313148975372e-02 1.247274922206997871e-03
8.099640160799026489e-02 5.108645930886268616e-02 4.037052392959594727e-02 2.759127914905548096e-01 2.957838177680969238e-01 3.039183467626571655e-02 2.867343602702021599e-03 1.214046590030193329e-02 2.351521700620651245e-02 2.886482048779726028e-03 4.150242358446121216e-02 1.513266586698591709e-03 2.056764438748359680e-03 4.060996696352958679e-03 4.547196999192237854e-02 1.911213248968124390e-02 4.436803236603736877e-02 4.390740022063255310e-02 7.301547378301620483e-02 4.656704887747764587e-02 3.329559788107872009e-02 2.733357809484004974e-02 1.502904389053583145e-02 1.544372458010911942e-02 1.727355457842350006e-02 3.025176934897899628e-02 1.560196373611688614e-02 5.611528176814317703e-03 4.628873243927955627e-02 1.059618685394525528e-02 8.588854223489761353e-02 7.599182426929473877e-03 1.655028015375137329e-02 4.088385903742164373e-04 1.856238022446632385e-02 2.606260962784290314e-02 1.518031116575002670e-03 1.690024882555007935e-02 1.152712404727935791e-01 1.464854329824447632e-01 4.757340252399444580e-02 1.975076273083686829e-02 8.347144350409507751e-03 5.046484991908073425e-02 1.594840548932552338e-02 1.756812911480665207e-03 3.927654400467872620e-02 4.081858322024345398e-02 1.395025011152029037e-02 7.945037446916103363e-03 4.347002133727073669e-03 4.469471797347068787e-02 1.895863562822341919e-02 3.485320834442973137e-03 5.051407497376203537e-03 1.696577295660972595e-02 3.175744414329528809e-02 1.939868554472923279e-02 3.389132767915725708e-02 1.142361294478178024e-02 6.621558964252471924e-02 2.592672966420650482e-02 8.131880313158035278e-03 4.060602560639381409e-02 1.913517341017723083e-02 2.850256860256195068e-02 4.847802966833114624e-02 4.444057121872901917e-02 1.948672533035278320e-02 1.158166304230690002e-02 6.681399792432785034e-02 4.674124717712402344e-02 1.299540251493453979e-01 3.884966718032956123e-03 9.853924065828323364e-02 3.385588154196739197e-02 1.811182941310107708e-03 4.149156808853149414e-02 1.516882888972759247e-02 5.161064211279153824e-03 1.769230142235755920e-02 1.351275201886892319e-02 1.082096472382545471e-01 1.249123662710189819e-01 1.755595020949840546e-02 1.598240621387958527e-02 4.452655464410781860e-02 3.111148439347743988e-02 3.743506222963333130e-02 4.119766131043434143e-02 1.762625016272068024e-02 3.211657702922821045e-02 1.420385017991065979e-02 5.752553790807723999e-02 6.411409005522727966e-03 7.707297801971435547e-03 4.409116879105567932e-02 2.922142483294010162e-02 1.143465470522642136e-02 4.994517657905817032e-03 2.246573421871289611e-04 4.486589226871728897e-03 1.613234169781208038e-02 2.978282980620861053e-02 2.129049785435199738e-02 1.656010560691356659e-02 7.338583469390869141e-02 4.006031155586242676e-02 1.100809685885906219e-02 1.833157055079936981e-02 3.565304214134812355e-03 2.406905777752399445e-02 3.918864764273166656e-03 1.713789254426956177e-02 2.522425167262554169e-02 3.043632023036479950e-02
1.197226345539093018e-01 7.374858111143112183e-02 3.134529397357255220e-04 2.957838177680969238e-01 2.927495241165161133e-01 3.289951756596565247e-02 5.045155063271522522e-03 2.867228724062442780e-02 1.950794085860252380e-02 6.109092850238084793e-03 4.489747434854507446e-02 3.810924291610717773e-02 3.799893707036972046e-02 1.886140368878841400e-02 4.423214495182037354e-02 6.312669068574905396e-02 7.289496716111898422e-04 3.733394667506217957e-02 5.155941471457481384e-02 5.748999118804931641e-02 5.669557489454746246e-03 2.107442123815417290e-03 3.827059268951416016e-02 1.403320766985416412e-02 3.563813492655754089e-02 6.861944217234849930e-03 2.427729777991771698e-02 1.515245437622070312e-02 2.263041771948337555e-02 6.629338953644037247e-03 6.085390225052833557e-02 2.488716691732406616e-02 5.671723186969757080e-02 2.432022243738174438e-02 6.766492128372192383e-02 2.900938875973224640e-02 4.536418244242668152e-02 4.070992395281791687e-02 3.737282380461692810e-02 1.283306181430816650e-01 5.725575610995292664e-02 1.007170975208282471e-02 8.849529549479484558e-03 5.269531533122062683e-02 3.305222466588020325e-02 1.172288041561841965e-02 7.420694082975387573e-02 4.871403053402900696e-02 6.017966940999031067e-02 3.854472422972321510e-03 3.338237479329109192e-02 3.353090211749076843e-02 8.216281421482563019e-03 6.187912076711654663e-02 4.691107664257287979e-03 5.645304173231124878e-02 1.222646795213222504e-02 1.902038045227527618e-02 3.797294199466705322e-02 7.228301465511322021e-02 1.339748967438936234e-02 1.620201021432876587e-02 5.173049122095108032e-02 6.033466383814811707e-02 2.507489733397960663e-02 3.993639349937438965e-02 1.731188036501407623e-02 2.846340648829936981e-02 4.369739815592765808e-02 2.573201432824134827e-03 3.003498166799545288e-02 8.140135556459426880e-03 3.822476789355278015e-02 2.661737427115440369e-02 2.213091403245925903e-01 1.430338248610496521e-02 3.584027290344238281e-02 3.493842110037803650e-02 5.466289445757865906e-02 2.303656004369258881e-02 2.815436571836471558e-02 1.574461907148361206e-02 1.172285303473472595e-01 3.388875126838684082e-01 2.403099089860916138e-02 4.859863966703414917e-02 5.160299316048622131e-02 9.592337533831596375e-03 2.514885924756526947e-02 3.463550284504890442e-02 1.752575975842773914e-03 5.481392145156860352e-03 3.221681341528892517e-02 2.789587900042533875e-02 1.193532533943653107e-02 7.486660033464431763e-04 3.540124089340679348e-05 3.979932051151990891e-03 2.635508589446544647e-02 5.631129257380962372e-03 2.804543636739253998e-02 1.636864617466926575e-02 8.411535620689392090e-02 1.050706580281257629e-02 8.754385635256767273e-03 1.157118100672960281e-02 5.095207318663597107e-02 4.603061452507972717e-02 1.042377389967441559e-02 4.861397668719291687e-02 5.997197329998016357e-02 2.273711375892162323e-02 3.601289540529251099e-02 3.991054370999336243e-02 3.367427038028836250e-03 6.975439190864562988e-02
2.150488346815109253e-01 1.561641842126846313e-01 3.537444770336151123e-02 3.039183467626571655e-02 3.289951756596565247e-02 3.092349171638488770e-01 1.712954044342041016e-01 7.899761199951171875e-03 9.092031978070735931e-03 3.006231598556041718e-02 1.268833279609680176e-01 4.065395519137382507e-02 8.489388972520828247e-02 3.244273737072944641e-02 3.708438947796821594e-02 2.154831774532794952e-02 2.285121008753776550e-02 3.295079246163368225e-02 4.807765781879425049e-02 4.566390067338943481e-02 3.646174445748329163e-02 1.080040913075208664e-02 8.338418789207935333e-03 5.856397096067667007e-03 2.365950495004653931e-03 9.240782819688320160e-03 4.448166489601135254e-02 2.774359099566936493e-02 2.364811487495899200e-02 2.241602912545204163e-02 1.128275878727436066e-02 5.756973288953304291e-03 2.267287299036979675e-02 1.578602381050586700e-02 7.973756641149520874e-03 8.233513683080673218e-03 1.867150515317916870e-02 7.111628074198961258e-04 4.073508083820343018e-02 5.555367469787597656e-02 6.012100726366043091e-02 1.015384681522846222e-02 1.378673408180475235e-02 3.939911350607872009e-02 4.337288066744804382e-02 2.245566062629222870e-02 1.709874868392944336e-01 8.719504624605178833e-02 8.284615352749824524e-03 2.832606062293052673e-02 1.194576546549797058e-02 2.868195623159408569e-02 2.148436941206455231e-02 2.544152922928333282e-02 2.979875728487968445e-02 4.177268594503402710e-02 1.181779149919748306e-02 2.745377458631992340e-02 5.722644925117492676e-02 2.534267120063304901e-02 3.885359328705817461e-04 4.338624328374862671e-02 2.545744925737380981e-02 2.452757395803928375e-02 4.160719737410545349e-02 4.995587840676307678e-02 3.371741250157356262e-02 3.144363313913345337e-02 5.140949506312608719e-03 2.274705655872821808e-02 2.976981922984123230e-02 4.503771662712097168e-02 4.768774658441543579e-02 1.517386990599334240e-03 7.362951524555683136e-03 3.800754994153976440e-02 7.944340817630290985e-03 3.394939750432968140e-02 2.523151971399784088e-02 5.082642659544944763e-02 1.422673929482698441e-02 3.938807547092437744e-02 8.713448420166969299e-03 3.889484703540802002e-02 8.053211495280265808e-03 4.327814560383558273e-03 1.737908832728862762e-02 3.043811395764350891e-02 3.637021407485008240e-02 8.780798316001892090e-02 1.202810276299715042e-02 1.674667000770568848e-02 5.247120559215545654e-02 1.174124795943498611e-02 2.491085417568683624e-02 2.473170170560479164e-04 2.084997110068798065e-02 3.262816742062568665e-02 5.840450059622526169e-03 1.009564148262143135e-03 1.162245124578475952e-02 1.314716041088104248e-02 8.313807658851146698e-03 3.493442432954907417e-03 2.432408044114708900e-03 5.991298332810401917e-02 9.439820423722267151e-03 1.970692723989486694e-02 2.986570075154304504e-02 3.188534080982208252e-02 3.931934386491775513e-02 1.106483954936265945e-02 1.599727198481559753e-02 1.156640611588954926e-02 4.177054017782211304e-02 4.949339106678962708e-02
1.086713224649429321e-01 1.212489977478981018e-01 3.645540773868560791e-02 2.867343602702021599e-03 5.045155063271522522e-03 1.712954044342041016e-01 3.022347688674926758e-01 1.183851528912782669e-02 2.476222440600395203e-02 2.012152835959568620e-04 8.427709341049194336e-02 1.402009557932615280e-02 8.959426730871200562e-02 2.796845324337482452e-02 3.167448937892913818e-02 1.743480563163757324e-02 1.895244419574737549e-02 3.007235936820507050e-02 5.669626872986555099e-03 1.019920315593481064e-02 3.897826001048088074e-02 1.465456280857324600e-02 2.381736412644386292e-02 2.911900170147418976e-03 2.225419273599982262e-03 3.304549958556890488e-03 4.484213888645172119e-02 1.294039189815521240e-02 8.986812317743897438e-04 1.186593715101480484e-02 5.757247097790241241e-03 2.893771789968013763e-02 4.160991404205560684e-03 1.822341792285442352e-02 5.599301657639443874e-04 2.441894821822643280e-02 4.831943369936197996e-04 1.534698344767093658e-02 2.864181436598300934e-02 2.322750166058540344e-02 5.637602135539054871e-02 2.217880450189113617e-02 3.918147087097167969e-02 4.913273267447948456e-03 6.217873096466064453e-02 1.479217037558555603e-02 1.487538963556289673e-01 1.054870113730430603e-01 1.971662789583206177e-02 7.469949312508106232e-03 6.017379462718963623e-03 1.458322908729314804e-02 1.628513447940349579e-02 2.492989599704742432e-02 4.217053297907114029e-03 1.252065878361463547e-02 7.779295556247234344e-03 6.999826058745384216e-03 3.853421285748481750e-02 1.910159364342689514e-02 5.561849474906921387e-02 2.076110988855361938e-02 1.296946126967668533e-02 2.789305895566940308e-02 3.681548312306404114e-02 7.224667817354202271e-02 3.933462500572204590e-02 3.765009716153144836e-02 8.136780001223087311e-03 4.661656543612480164e-02 6.205612793564796448e-03 1.672715879976749420e-02 1.270658243447542191e-02 1.327923848293721676e-03 3.314914181828498840e-02 1.744681037962436676e-02 1.915720477700233459e-02 1.120662875473499298e-02 4.345740657299757004e-03 2.176419831812381744e-02 4.218788072466850281e-02 3.713292255997657776e-02 1.676612719893455505e-02 3.683421388268470764e-02 1.874043047428131104e-02 1.765862107276916504e-02 1.143913064152002335e-02 3.732896223664283752e-02 2.697617933154106140e-02 4.388914257287979126e-02 2.976185083389282227e-02 2.325406484305858612e-02 6.817681342363357544e-02 1.566237583756446838e-02 3.572882339358329773e-02 2.312814816832542419e-02 6.427657790482044220e-03 1.079099625349044800e-02 2.249314635992050171e-02 2.329089492559432983e-02 5.371228326112031937e-03 4.194296430796384811e-03 3.476693853735923767e-02 2.875871397554874420e-02 1.936102844774723053e-02 5.163575708866119385e-02 2.388359420001506805e-02 4.037368297576904297e-02 2.890487387776374817e-02 3.820124315097928047e-03 4.679702594876289368e-02 7.448982447385787964e-03 3.531103953719139099e-02 2.734778448939323425e-02 4.316717758774757385e-02 3.745162114500999451e-02
1.302275061607360840e-02 1.666661351919174194e-02 1.340112388134002686e-01 1.214046590030193329e-02 2.867228724062442780e-02 7.899761199951171875e-03 1.183851528912782669e-02 2.174918800592422485e-01 1.493405457586050034e-02 8.629551157355308533e-03 1.408140640705823898e-02 1.493655890226364136e-02 2.842824906110763550e-02 1.838083751499652863e-02 7.428222149610519409e-02 1.326164975762367249e-02 8.307403884828090668e-03 2.798974514007568359e-03 1.400175224989652634e-02 1.990030705928802490e-02 7.059998810291290283e-03 1.352137047797441483e-02 5.673537380062043667e-04 6.944211665540933609e-03 1.630848855711519718e-03 1.403069775551557541e-02 4.016108345240354538e-03 3.538707643747329712e-02 1.442777831107378006e-02 2.286683395504951477e-02 1.054482441395521164e-02 2.241140976548194885e-02 8.446098305284976959e-03 1.329438760876655579e-02 2.169510163366794586e-02 8.130434900522232056e-03 6.957123521715402603e-03 4.880224540829658508e-02 5.089022684842348099e-03 2.638352103531360626e-02 4.747894778847694397e-02 1.319758780300617218e-02 8.543622680008411407e-03 4.097807779908180237e-02 1.744781993329524994e-02 2.100625261664390564e-02 1.216907985508441925e-03 2.392309904098510742e-02 2.576417103409767151e-02 5.013801902532577515e-02 3.051960095763206482e-02 1.985790021717548370e-02 2.799884974956512451e-02 3.864366933703422546e-02 4.193886369466781616e-02 4.848609864711761475e-02 2.417029812932014465e-02 9.700389578938484192e-03 7.922934740781784058e-02 1.275950390845537186e-02 1.297168899327516556e-02 3.763706237077713013e-02 2.538817748427391052e-02 2.271996811032295227e-02 2.816339582204818726e-02 2.329753898084163666e-02 2.278991229832172394e-02 5.118095781654119492e-03 2.376940287649631500e-02 1.391210034489631653e-02 5.617304239422082901e-03 8.627683855593204498e-03 4.762513935565948486e-02 1.384867075830698013e-02 1.008448190987110138e-02 4.493507090955972672e-03 6.834615953266620636e-03 5.036032758653163910e-03 1.174335367977619171e-02 1.187689043581485748e-02 1.716402471065521240e-01 1.141222193837165833e-01 5.575217306613922119e-02 1.991109549999237061e-02 3.259745612740516663e-02 7.961052469909191132e-03 1.097266003489494324e-01 3.151692077517509460e-02 3.466959297657012939e-02 1.607982628047466278e-02 1.570829562842845917e-02 4.378373920917510986e-02 2.018818631768226624e-02 2.246646396815776825e-02 7.407902926206588745e-02 5.478792265057563782e-02 4.354730248451232910e-02 4.739284981042146683e-03 1.311572175472974777e-02 2.571986755356192589e-03 1.317823305726051331e-02 1.292938459664583206e-02 5.218625068664550781e-02 5.706008523702621460e-03 2.212550304830074310e-02 1.035790890455245972e-03 2.839894406497478485e-02 4.660731181502342224e-03 1.721373386681079865e-02 3.014773875474929810e-02 1.070861816406250000e-01 2.979445084929466248e-02 8.948137052357196808e-03 2.138402871787548065e-02 5.019767209887504578e-02 4.187630489468574524e-03
3.354186937212944031e-02 2.482982166111469269e-02 1.315099000930786133e-02 2.351521700620651245e-02 1.950794085860252380e-02 9.092031978070735931e-03 2.476222440600395203e-02 1.493405457586050034e-02 2.488510459661483765e-01 5.603817105293273926e-02 1.003285311162471771e-02 2.669388428330421448e-02 1.489846035838127136e-02 2.584237046539783478e-02 1.651334390044212341e-02 4.328377544879913330e-02 2.336716465651988983e-02 6.933554075658321381e-03 3.528107702732086182e-02 2.001325786113739014e-02 3.001060150563716888e-02 3.973417915403842926e-03 2.436142228543758392e-02 1.866061985492706299e-02 2.393986284732818604e-02 1.595837064087390900e-02 2.303210273385047913e-02 4.093058034777641296e-02 7.497575134038925171e-04 3.598462417721748352e-02 1.760198938427492976e-04 1.449237461201846600e-03 2.154967375099658966e-02 1.122787478379905224e-03 3.074103267863392830e-03 9.116860106587409973e-03 2.883016597479581833e-03 6.294231861829757690e-03 2.563418075442314148e-02 1.171245984733104706e-02 2.253282070159912109e-02 5.478068068623542786e-02 7.396711967885494232e-03 2.177431061863899231e-02 2.039571292698383331e-02 2.325915172696113586e-02 9.497714927420020103e-04 1.122940611094236374e-02 3.899496421217918396e-02 3.997611254453659058e-02 3.556899027898907661e-03 8.001108653843402863e-04 1.140502840280532837e-02 5.160780996084213257e-02 5.989042297005653381e-02 1.407696586102247238e-02 2.060469239950180054e-02 2.482182346284389496e-02 1.058158185333013535e-02 1.981736347079277039e-02 6.073054857552051544e-03 1.627019979059696198e-02 1.968376524746417999e-02 1.061479374766349792e-02 1.303042843937873840e-02 2.063225489109754562e-03 1.942019350826740265e-02 1.689418405294418335e-02 8.767689764499664307e-02 3.328225342556834221e-03 5.885634571313858032e-02 3.140206262469291687e-02 3.916412591934204102e-02 1.509825931861996651e-03 1.723600365221500397e-02 2.612899243831634521e-02 7.451059669256210327e-02 4.499157145619392395e-02 5.070372298359870911e-02 5.087277665734291077e-02 2.139054983854293823e-02 1.207252149470150471e-03 6.942711025476455688e-02 3.041651286184787750e-02 3.169580921530723572e-02 1.666076830588281155e-03 2.038175240159034729e-03 1.588869281113147736e-02 6.449618190526962280e-02 4.455521330237388611e-02 6.207474973052740097e-03 7.258622441440820694e-03 9.124858304858207703e-03 6.366225425153970718e-03 5.315229669213294983e-02 3.203699365258216858e-02 1.040682755410671234e-02 1.140033546835184097e-02 3.193444758653640747e-02 2.523410320281982422e-02 2.365605905652046204e-02 1.879260875284671783e-02 2.430315315723419189e-02 2.225342579185962677e-02 3.189714625477790833e-02 8.972895331680774689e-03 2.373406896367669106e-03 1.521613448858261108e-02 5.657357163727283478e-03 8.800275623798370361e-03 1.592242717742919922e-02 2.329896017909049988e-02 2.640320220962166786e-03 4.474890884011983871e-03 1.547452621161937714e-02 5.538829602301120758e-03
7.762609049677848816e-03 6.679824087768793106e-03 4.061299841850996017e-03 2.886482048779726028e-03 6.109092850238084793e-03 3.006231598556041718e-02 2.012152835959568620e-04 8.629551157355308533e-03 5.603817105293273926e-02 2.822960019111633301e-01 2.103618346154689789e-02 1.080056466162204742e-02 1.579909352585673332e-03 3.550921380519866943e-02 3.695401549339294434e-02 3.529637306928634644e-02 4.321336001157760620e-02 6.631217896938323975e-03 1.035217195749282837e-01 4.297454375773668289e-03 1.207108050584793091e-02 4.062389780301600695e-04 3.003943338990211487e-02 3.891165554523468018e-02 1.022119447588920593e-02 3.658008575439453125e-02 2.127822488546371460e-03 9.459198452532291412e-03 1.598533801734447479e-02 2.165849134325981140e-02 3.132928907871246338e-02 1.349021913483738899e-03 4.322342202067375183e-02 1.899805036373436451e-03 9.605534374713897705e-03 5.553591996431350708e-03 3.271749988198280334e-02 6.492324639111757278e-03 2.075884304940700531e-02 1.756206341087818146e-02 4.629423841834068298e-03 4.612088203430175781e-02 4.173464549239724874e-04 3.205948695540428162e-02 2.004824392497539520e-02 2.219186909496784210e-02 5.260753910988569260e-03 1.620062859728932381e-03 4.597657173871994019e-02 9.639222919940948486e-02 2.348703332245349884e-02 7.678144611418247223e-03 1.900252327322959900e-02 2.249062620103359222e-02 3.016813099384307861e-02 7.747267186641693115e-02 1.417460944503545761e-02 3.039159253239631653e-02 2.605345658957958221e-02 1.766959577798843384e-02 2.365528047084808350e-02 2.687766216695308685e-02 3.825288265943527222e-02 2.806281205266714096e-03 7.243003696203231812e-03 6.680602207779884338e-03 2.835929580032825470e-02 1.620809547603130341e-02 2.699341252446174622e-02 8.815554901957511902e-03 4.741822555661201477e-02 4.780885297805070877e-03 4.998310655355453491e-02 2.612492814660072327e-02 3.641004860401153564e-02 5.191511008888483047e-03 3.839160501956939697e-02 7.413518428802490234e-02 6.764491647481918335e-02 9.271108359098434448e-02 2.297844365239143372e-02 4.440719634294509888e-02 1.691999030299484730e-03 8.547148108482360840e-02 2.519091404974460602e-02 2.902339026331901550e-02 2.705863863229751587e-02 5.074444226920604706e-03 2.559956721961498260e-02 9.292622655630111694e-02 2.416497282683849335e-02 9.841448627412319183e-03 5.484943743795156479e-03 2.482217177748680115e-02 4.568547382950782776e-02 2.427061274647712708e-02 5.215971171855926514e-02 2.746049314737319946e-02 1.315807923674583435e-02 2.211506292223930359e-02 2.355331368744373322e-02 3.617752343416213989e-02 1.291805692017078400e-02 1.258425135165452957e-02 3.298020362854003906e-02 1.225950196385383606e-02 3.096846677362918854e-02 2.222103299573063850e-03 2.476889826357364655e-02 3.139121085405349731e-02 1.129094744101166725e-03 9.114932268857955933e-03 6.690933834761381149e-03 2.951348386704921722e-02 6.348920986056327820e-03 8.556144312024116516e-03
1.490039676427841187e-01 8.793058991432189941e-02 3.401573374867439270e-02 4.150242358446121216e-02 4.489747434854507446e-02 1.268833279609680176e-01 8.427709341049194336e-02 1.408140640705823898e-02 1.003285311162471771e-02 2.103618346154689789e-02 2.921114265918731689e-01 3.576475381851196289e-02 7.866389304399490356e-02 3.840827196836471558e-02 1.483942568302154541e-02 7.232971023768186569e-03 3.866420593112707138e-03 1.332782488316297531e-02 2.385320886969566345e-02 2.147576957941055298e-02 5.132308229804039001e-03 7.106695324182510376e-02 1.191216334700584412e-02 1.497311796993017197e-02 2.568061463534832001e-02 1.069507095962762833e-02 8.509948849678039551e-03 3.682927635964006186e-04 6.134324520826339722e-02 1.613159850239753723e-02 4.148063063621520996e-02 9.688575752079486847e-03 1.618866249918937683e-02 1.802226179279386997e-03 2.480880916118621826e-02 4.754889383912086487e-02 4.579320549964904785e-02 1.339323259890079498e-02 1.999186538159847260e-02 4.680477827787399292e-02 2.948258258402347565e-02 1.053972169756889343e-03 6.805261597037315369e-03 3.758588060736656189e-02 3.783729299902915955e-02 1.991331391036510468e-02 1.103608533740043640e-01 6.074020639061927795e-02 2.465403266251087189e-02 1.642746105790138245e-02 1.986035704612731934e-02 1.146660558879375458e-02 1.387470867484807968e-03 7.982681505382061005e-03 1.941163465380668640e-02 2.409066772088408470e-03 2.416766434907913208e-02 5.667044781148433685e-03 2.622313052415847778e-02 7.696773856878280640e-02 5.034309253096580505e-02 1.461092662066221237e-02 9.946184582076966763e-05 1.365247764624655247e-03 1.001998931169509888e-01 5.850935727357864380e-02 1.736120693385601044e-02 5.815037060528993607e-03 5.883038509637117386e-03 4.559145122766494751e-02 3.236965858377516270e-04 6.090901792049407959e-02 1.364488620311021805e-02 3.868572413921356201e-03 2.254734560847282410e-02 1.784425415098667145e-02 1.164097432047128677e-02 2.183282002806663513e-02 4.031917080283164978e-03 2.362362854182720184e-02 1.949083618819713593e-02 7.404549978673458099e-03 9.584455750882625580e-03 5.596638470888137817e-02 1.167164277285337448e-02 1.685233414173126221e-02 1.266545336693525314e-02 2.393942512571811676e-02 1.410812721587717533e-03 3.990035876631736755e-02 6.260857731103897095e-02 4.184991866350173950e-02 5.528114363551139832e-02 1.788020506501197815e-02 1.739450357854366302e-02 3.271903470158576965e-02 2.024780027568340302e-02 3.146062046289443970e-02 3.733009565621614456e-03 1.949997805058956146e-02 1.682794466614723206e-02 7.658774964511394501e-03 8.452427573502063751e-03 3.900221781805157661e-04 2.942018443718552589e-03 1.576586626470088959e-02 1.617801561951637268e-02 5.768124945461750031e-03 1.456080283969640732e-02 8.792041800916194916e-03 2.260593697428703308e-02 2.357893064618110657e-02 2.015687339007854462e-02 5.427684169262647629e-03 1.315676327794790268e-02 2.628413029015064240e-02
4.081117734313011169e-02 3.446546196937561035e-02 9.429084137082099915e-03 1.513266586698591709e-03 3.810924291610717773e-02 4.065395519137382507e-02 1.402009557932615280e-02 1.493655890226364136e-02 2.669388428330421448e-02 1.080056466162204742e-02 3.576475381851196289e-02 2.569656372070312500e-01 1.358890347182750702e-02 9.049438685178756714e-02 1.784776523709297180e-02 2.557044103741645813e-02 2.147816307842731476e-02 1.098040957003831863e-03 5.184780061244964600e-02 5.428944714367389679e-03 3.216792829334735870e-03 1.584950834512710571e-02 5.068480595946311951e-02 4.911782220005989075e-02 6.778759416192770004e-03 9.593598078936338425e-04 9.445659816265106201e-04 1.070654913783073425e-01 1.177892833948135376e-02 8.561030030250549316e-02 1.157003920525312424e-03 8.285665884613990784e-03 5.330726504325866699e-03 2.246860601007938385e-02 3.818239271640777588e-02 2.075192704796791077e-02 3.124034963548183441e-02 2.360690571367740631e-02 1.470219157636165619e-02 1.371946278959512711e-02 4.681537393480539322e-03 1.041293609887361526e-02 1.641102135181427002e-02 2.258783020079135895e-02 1.551372464746236801e-02 8.093050681054592133e-03 1.353205461055040359e-02 2.569718053564429283e-03 3.775921836495399475e-02 1.821304485201835632e-02 2.450272208079695702e-03 1.667579053901135921e-03 5.571463331580162048e-02 1.585158891975879669e-02 5.119005800224840641e-04 3.566768765449523926e-02 4.231237992644309998e-02 1.828276738524436951e-02 1.130698807537555695e-02 4.312208294868469238e-02 1.557885110378265381e-02 1.467258762568235397e-02 2.986021712422370911e-02 3.563571348786354065e-02 1.050490047782659531e-02 5.546246189624071121e-03 2.024185843765735626e-02 1.076036205631680787e-04 2.191933058202266693e-02 3.940897528082132339e-03 3.615102916955947876e-02 2.493841201066970825e-02 3.117720223963260651e-02 1.436767401173710823e-03 6.254267692565917969e-02 2.781549468636512756e-02 3.718704357743263245e-02 1.852835156023502350e-02 9.645429439842700958e-03 9.867187589406967163e-03 2.685799635946750641e-02 1.727580092847347260e-02 1.107367407530546188e-02 4.909864440560340881e-02 4.694514442235231400e-03 2.228899113833904266e-02 1.626428961753845215e-02 1.231400202959775925e-02 8.563794195652008057e-02 2.150500379502773285e-02 1.534234452992677689e-02 1.033677440136671066e-02 3.088296391069889069e-02 2.111316472291946411e-02 5.666469689458608627e-03 9.640543721616268158e-03 1.469323597848415375e-02 1.260241400450468063e-02 3.678290639072656631e-03 3.593032015487551689e-03 1.514327526092529297e-02 1.340278517454862595e-02 2.839571330696344376e-03 3.795689437538385391e-03 1.194895431399345398e-02 1.583571545779705048e-02 2.800601720809936523e-02 2.255356125533580780e-02 4.273871425539255142e-03 2.838016021996736526e-03 3.729911148548126221e-02 4.555723816156387329e-02 7.092263083904981613e-03 2.468062192201614380e-02 3.384018316864967346e-02 1.500417850911617279e-02
5.826502293348312378e-02 7.249823212623596191e-02 5.665903165936470032e-02 2.056764438748359680e-03 3.799893707036972046e-02 8.489388972520828247e-02 8.959426730871200562e-02 2.842824906110763550e-02 1.489846035838127136e-02 1.579909352585673332e-03 7.866389304399490356e-02 1.358890347182750702e-02 2.809955775737762451e-01 2.311998791992664337e-02 6.248993054032325745e-02 3.607528051361441612e-04 1.400820724666118622e-02 2.893556468188762665e-02 3.720299899578094482e-02 1.424927264451980591e-03 7.121820934116840363e-03 3.060241602361202240e-02 8.721708320081233978e-03 7.638007402420043945e-03 1.272208872251212597e-03 3.463022410869598389e-03 2.317669987678527832e-02 1.567348837852478027e-02 4.193183407187461853e-02 1.755091547966003418e-02 4.472645372152328491e-02 2.082020218949764967e-04 1.889505796134471893e-02 9.510818868875503540e-03 1.405321247875690460e-02 1.619148626923561096e-02 3.086804877966642380e-03 2.190083079040050507e-02 1.527750585228204727e-02 8.542238734662532806e-03 3.436504676938056946e-02 1.820685528218746185e-02 1.780147477984428406e-02 3.902387991547584534e-02 4.545946791768074036e-02 3.508997708559036255e-02 9.492684900760650635e-02 9.499616175889968872e-02 9.024708997458219528e-04 3.540564700961112976e-02 2.165349200367927551e-02 8.068557828664779663e-03 3.734241239726543427e-03 9.586545638740062714e-03 4.460308235138654709e-03 1.420488022267818451e-02 2.429002895951271057e-03 1.494589447975158691e-02 2.177643217146396637e-02 4.200384020805358887e-02 1.842292957007884979e-02 1.455172710120677948e-02 1.694970764219760895e-02 2.099971100687980652e-02 5.889478325843811035e-02 6.105691567063331604e-02 3.112781234085559845e-02 1.097329612821340561e-02 1.247534807771444321e-02 1.624798402190208435e-02 4.228760022670030594e-03 2.963068662211298943e-03 3.018498653545975685e-03 9.051777422428131104e-03 1.050170511007308960e-02 2.502690767869353294e-04 1.669233292341232300e-02 7.909263949841260910e-04 5.954815074801445007e-03 3.105529956519603729e-02 2.114517427980899811e-02 1.079345308244228363e-02 1.879000291228294373e-02 4.295425489544868469e-02 1.120068784803152084e-02 2.051815623417496681e-03 7.189420983195304871e-03 1.732004433870315552e-02 5.583346821367740631e-03 4.970657825469970703e-02 6.977672129869461060e-02 2.758651226758956909e-02 6.141950190067291260e-02 2.925851009786128998e-02 1.084730494767427444e-02 1.901650428771972656e-02 2.379730343818664551e-02 3.342343494296073914e-03 1.650039805099368095e-03 1.661707274615764618e-02 1.581953838467597961e-03 1.199504546821117401e-02 6.591923069208860397e-03 8.872988633811473846e-03 7.943201810121536255e-03 1.900385133922100067e-02 1.008180808275938034e-02 1.711335266008973122e-03 1.416253671050071716e-02 7.698331493884325027e-03 3.318722918629646301e-02 9.274901822209358215e-03 3.704808652400970459e-02 1.580161228775978088e-02 2.129037119448184967e-02 2.913873270153999329e-02
