1.009269058704376221e-02 1.715054810047149658e-01 2.367961406707763672e-02 2.586481161415576935e-02 5.532084777951240540e-02 9.376788884401321411e-02 1.439966168254613876e-02 4.636495187878608704e-02 1.135234138928353786e-03 5.331229418516159058e-02 1.160789728164672852e-01 1.386315003037452698e-02 1.285050958395004272e-01 7.121546566486358643e-02 1.115430518984794617e-02 3.091883379966020584e-03 4.032430052757263184e-02 2.690674178302288055e-02 4.276334494352340698e-02 6.846696138381958008e-02 3.548039589077234268e-03 6.412222050130367279e-03 2.862873859703540802e-02 8.241216652095317841e-03 6.595860421657562256e-02 1.495136506855487823e-02 3.178477659821510315e-02 2.994538843631744385e-02 2.848302479833364487e-03 4.502414260059595108e-03 1.649623923003673553e-02 4.427094757556915283e-02 2.989684604108333588e-02 3.282299637794494629e-02 4.759995639324188232e-02 6.024928018450737000e-02 1.612487621605396271e-02 1.359956804662942886e-02 3.047112375497817993e-02 4.604743421077728271e-02 6.473504006862640381e-03 4.824970662593841553e-02 6.156473979353904724e-02 3.782023489475250244e-02 5.881135910749435425e-02 3.769270330667495728e-02 3.510123863816261292e-02 4.580607265233993530e-02 4.433262348175048828e-02 1.897077634930610657e-02 2.123947627842426300e-02 2.792304940521717072e-02 3.480896726250648499e-02 9.588809683918952942e-03 3.521266952157020569e-02 7.927100360393524170e-02 1.117952447384595871e-02 3.299167752265930176e-02 4.402581229805946350e-02 2.561038359999656677e-02 4.369178041815757751e-02 3.309094160795211792e-02 2.502854727208614349e-02 6.168792769312858582e-02 4.975591599941253662e-02 4.253342002630233765e-02 1.149791851639747620e-02 3.958488255739212036e-02 1.598990149796009064e-02 1.615612581372261047e-02 3.899742662906646729e-02 2.071218006312847137e-02 4.052681103348731995e-02 3.544466570019721985e-02 3.021202050149440765e-02 1.924134045839309692e-02 7.096412032842636108e-02 2.310388721525669098e-02 6.613588333129882812e-02 1.500802114605903625e-02 2.452624496072530746e-03 1.235696673393249512e-02 2.921395702287554741e-03 5.769810825586318970e-02 1.816048100590705872e-02 2.306295000016689301e-02 5.451612547039985657e-02 2.582619525492191315e-02 9.875276125967502594e-03 2.121678926050662994e-02 3.547626733779907227e-02 2.897991798818111420e-02 1.556880027055740356e-01 5.591793358325958252e-02 3.359773010015487671e-02 2.019212208688259125e-02 4.240360856056213379e-02 2.724750153720378876e-02 3.323945775628089905e-02 3.362950682640075684e-02 7.684402167797088623e-03 2.994349412620067596e-02 7.653316110372543335e-02 4.646514728665351868e-02 6.872556358575820923e-02 5.869329348206520081e-02 4.695707000792026520e-03 2.025604061782360077e-02 1.831482164561748505e-02 4.131292179226875305e-02 2.826030738651752472e-02 3.041144926100969315e-03 5.952751636505126953e-02 1.947845704853534698e-02 3.671000525355339050e-02 3.978976234793663025e-02
1.715054810047149658e-01 1.053088437765836716e-02 7.346956990659236908e-03 5.724968388676643372e-03 3.852976113557815552e-02 5.352910235524177551e-02 9.857885539531707764e-02 2.388355508446693420e-02 1.966288313269615173e-02 1.804104633629322052e-02 1.370288580656051636e-01 7.130322046577930450e-03 1.840212047100067139e-01 2.704916335642337799e-02 1.636166870594024658e-02 2.329236641526222229e-02 2.912707999348640442e-02 4.193934798240661621e-02 1.873689703643321991e-02 1.254456769675016403e-02 3.594667091965675354e-02 9.634284302592277527e-03 3.461549431085586548e-02 8.485575206577777863e-03 4.878660663962364197e-02 4.667963460087776184e-02 5.570744350552558899e-02 1.783013157546520233e-02 3.365133330225944519e-02 9.855964221060276031e-03 1.477863546460866928e-02 1.823395118117332458e-02 2.235252223908901215e-02 1.664194278419017792e-02 3.837177902460098267e-02 6.761658936738967896e-02 3.961581364274024963e-02 7.767143845558166504e-02 1.572779193520545959e-02 3.054974414408206940e-02 2.217790670692920685e-02 6.317641586065292358e-02 1.552042737603187561e-02 4.192100372165441513e-03 4.101131111383438110e-02 1.833799853920936584e-02 2.350513264536857605e-02 7.461852580308914185e-02 4.254373908042907715e-02 3.142870590090751648e-02 5.575560778379440308e-02 1.644050329923629761e-02 7.315975148230791092e-03 2.676197141408920288e-02 4.935721307992935181e-02 3.016950003802776337e-02 3.979488089680671692e-02 7.783271372318267822e-02 4.395245015621185303e-02 1.913066022098064423e-02 4.804389551281929016e-02 4.977419972419738770e-02 7.990358397364616394e-03 7.013699412345886230e-02 4.398399032652378082e-03 2.836148254573345184e-02 3.954692743718624115e-03 9.805576875805854797e-03 1.504097320139408112e-02 4.309605062007904053e-02 2.435689093545079231e-03 5.214317701756954193e-03 7.507203519344329834e-02 4.293413832783699036e-02 2.751754038035869598e-02 3.574800491333007812e-02 4.689681157469749451e-02 3.612661361694335938e-02 4.456828534603118896e-02 3.741993382573127747e-02 1.054762229323387146e-01 2.985009364783763885e-02 2.220175229012966156e-03 1.178141981363296509e-01 2.219117432832717896e-02 4.974630847573280334e-02 2.215275727212429047e-02 1.358475163578987122e-02 6.493093818426132202e-02 5.409967154264450073e-02 1.481590885668992996e-02 6.348022725433111191e-03 3.900973126292228699e-02 9.961377829313278198e-02 2.658729441463947296e-02 6.052832584828138351e-03 3.850593930110335350e-04 2.382619865238666534e-02 5.808205530047416687e-02 5.401526018977165222e-02 3.890919312834739685e-02 2.110414579510688782e-02 2.790084481239318848e-02 1.982024125754833221e-02 6.209253892302513123e-02 2.096568606793880463e-02 6.578981876373291016e-03 2.667597867548465729e-02 2.690739929676055908e-02 5.756533145904541016e-02 5.063110217452049255e-02 1.669296436011791229e-02 4.695729166269302368e-02 5.662528425455093384e-02 1.159525569528341293e-02 2.694526500999927521e-02
2.367961406707763672e-02 7.346956990659236908e-03 9.482308290898799896e-03 1.938942261040210724e-02 4.750163061544299126e-04 6.584987509995698929e-03 4.178808256983757019e-02 1.416779756546020508e-01 1.356766000390052795e-02 7.414827495813369751e-02 7.124729454517364502e-02 1.313702855259180069e-02 2.212334796786308289e-02 4.806731641292572021e-02 1.008753255009651184e-01 4.404636099934577942e-02 2.517559565603733063e-02 1.617610803805291653e-03 4.952334612607955933e-02 2.082807943224906921e-02 9.099232032895088196e-03 1.122445762157440186e-01 7.423558272421360016e-03 5.926195904612541199e-02 3.981208056211471558e-02 1.582927256822586060e-02 1.975618302822113037e-01 3.055378980934619904e-02 6.268279254436492920e-02 2.209626697003841400e-02 8.202292025089263916e-02 1.433799322694540024e-02 8.331783860921859741e-02 4.555987566709518433e-02 2.015673741698265076e-02 1.029323320835828781e-02 2.069556899368762970e-02 5.756001919507980347e-02 3.180960426107048988e-03 1.754272170364856720e-02 8.352050185203552246e-02 4.360242933034896851e-02 9.294722974300384521e-02 6.483945250511169434e-02 1.426747813820838928e-02 1.230585873126983643e-01 4.639077000319957733e-03 1.903868280351161957e-02 7.250248454511165619e-03 6.264847237616777420e-03 1.410720869898796082e-02 4.695592075586318970e-02 2.741765230894088745e-03 4.243595525622367859e-02 7.419365644454956055e-02 7.081326097249984741e-03 6.250251084566116333e-02 3.383179381489753723e-02 3.638022113591432571e-03 1.535370051860809326e-01 4.468812048435211182e-02 6.854306906461715698e-02 1.963638467714190483e-03 3.171950811520218849e-03 3.809408098459243774e-02 1.627780646085739136e-01 3.471510484814643860e-02 2.198306284844875336e-02 5.310414731502532959e-02 6.445986032485961914e-02 5.521187558770179749e-03 8.563310652971267700e-02 1.937319524586200714e-02 7.770628482103347778e-02 2.225841395556926727e-02 6.099663302302360535e-02 1.474429620429873466e-03 5.064048804342746735e-03 2.114606089890003204e-02 3.575631976127624512e-02 1.243863254785537720e-01 1.133332215249538422e-02 1.299877837300300598e-02 3.179984167218208313e-02 2.507717534899711609e-02 5.747596547007560730e-02 3.242316097021102905e-02 8.589943498373031616e-02 5.287551507353782654e-02 3.050567582249641418e-02 4.333310760557651520e-03 5.844338238239288330e-02 2.696683630347251892e-03 1.034231740050017834e-03 2.467275783419609070e-02 2.763532288372516632e-02 1.236645504832267761e-02 2.533206157386302948e-02 3.548128157854080200e-02 4.455260187387466431e-02 4.273468628525733948e-02 5.359696224331855774e-02 4.193807765841484070e-02 5.575542338192462921e-03 8.151824772357940674e-02 4.673580080270767212e-02 2.312803873792290688e-03 6.539220362901687622e-02 2.428254857659339905e-02 2.523441985249519348e-02 5.958685651421546936e-02 9.750215336680412292e-03 2.952819131314754486e-02 7.521412521600723267e-02 5.286228656768798828e-02 5.331014841794967651e-02
2.586481161415576935e-02 5.724968388676643372e-03 1.938942261040210724e-02 1.476615667343139648e-02 1.764088571071624756e-01 3.182341158390045166e-02 1.920314505696296692e-02 6.186665967106819153e-02 1.639015227556228638e-02 1.991686411201953888e-02 1.704098097980022430e-02 4.615510627627372742e-02 5.109389498829841614e-02 2.498303353786468506e-02 4.065191373229026794e-02 9.338010102510452271e-03 4.503470659255981445e-02 3.397653624415397644e-02 1.638923212885856628e-02 4.921622574329376221e-02 4.228298738598823547e-02 1.990798162296414375e-03 5.990117043256759644e-02 1.053016409277915955e-01 3.807894513010978699e-02 1.061801519244909286e-02 7.045333087444305420e-02 4.964667558670043945e-02 8.210209012031555176e-02 3.372878953814506531e-02 3.090817481279373169e-02 2.790655940771102905e-02 8.155274391174316406e-02 1.100267916917800903e-01 8.641296066343784332e-03 2.578124962747097015e-02 1.631351746618747711e-02 4.105903580784797668e-02 8.837765455245971680e-02 1.068779751658439636e-01 6.658624112606048584e-02 5.589224165305495262e-04 2.352045476436614990e-02 3.885223716497421265e-02 4.063956812024116516e-02 4.695830494165420532e-02 1.245095487684011459e-02 2.438259124755859375e-02 1.251564640551805496e-02 3.182806540280580521e-03 4.633900895714759827e-02 8.282262086868286133e-02 1.022470649331808090e-02 7.345554232597351074e-02 4.260127991437911987e-02 4.951866716146469116e-02 3.505392372608184814e-02 2.788384817540645599e-02 1.650979928672313690e-02 2.154603600502014160e-02 1.259046420454978943e-02 7.989131845533847809e-03 5.013919994235038757e-02 3.196131065487861633e-02 3.037900105118751526e-02 3.528758883476257324e-02 1.437174435704946518e-02 3.135119751095771790e-02 3.627920523285865784e-02 7.706949114799499512e-02 4.638548567891120911e-02 7.158582657575607300e-02 8.074133098125457764e-02 9.736941009759902954e-02 1.789081096649169922e-02 5.031188949942588806e-02 6.092645972967147827e-02 3.755923733115196228e-02 2.602737396955490112e-02 5.043597519397735596e-02 8.580643683671951294e-02 4.900075867772102356e-02 9.115269035100936890e-02 2.218759804964065552e-02 9.471668861806392670e-03 3.974148631095886230e-02 2.730584004893898964e-03 4.507600143551826477e-02 3.721590340137481689e-02 9.613241069018840790e-03 2.170881815254688263e-02 5.332827195525169373e-02 6.423131376504898071e-02 1.654742844402790070e-02 5.043047294020652771e-02 6.337814778089523315e-02 3.145996481180191040e-02 5.270530283451080322e-02 1.047279834747314453e-01 3.668918833136558533e-02 4.513007029891014099e-02 9.124710224568843842e-03 8.830159157514572144e-02 1.346884947270154953e-02 4.036676138639450073e-02 1.953343860805034637e-02 3.130668401718139648e-02 1.063669621944427490e-01 3.441386669874191284e-02 3.549968823790550232e-02 5.356817692518234253e-02 7.553198188543319702e-02 4.054921865463256836e-02 1.788215711712837219e-03 5.105409398674964905e-02 9.584077633917331696e-03
5.532084777951240540e-02 3.852976113557815552e-02 4.750163061544299126e-04 1.764088571071624756e-01 2.138623269274830818e-03 1.645503193140029907e-02 3.120766952633857727e-02 2.768848277628421783e-02 1.123627554625272751e-02 4.608053714036941528e-02 4.743487760424613953e-02 2.670327760279178619e-02 1.442120643332600594e-03 2.172219567000865936e-02 3.957671113312244415e-03 6.870224140584468842e-03 5.261757876724004745e-03 3.230408951640129089e-02 7.710943371057510376e-02 2.804959006607532501e-02 4.943415895104408264e-02 4.003325477242469788e-02 1.853417232632637024e-02 7.499250117689371109e-03 2.093607792630791664e-03 2.951540518552064896e-03 5.978831276297569275e-02 6.123271584510803223e-02 3.755367826670408249e-03 9.708514437079429626e-03 3.654679283499717712e-02 1.894867606461048126e-02 7.391864806413650513e-02 2.951828949153423309e-02 6.480038166046142578e-02 1.603061705827713013e-02 8.248370140790939331e-02 8.782196789979934692e-03 8.376488834619522095e-02 7.536060363054275513e-02 3.826080262660980225e-02 6.342107662931084633e-04 9.189604781568050385e-03 3.346608951687812805e-02 4.962068796157836914e-02 2.255658060312271118e-02 2.315614745020866394e-02 6.169699504971504211e-02 6.195923313498497009e-02 1.210931316018104553e-01 8.972398191690444946e-02 1.053300201892852783e-01 4.736658651381731033e-03 2.917334809899330139e-02 1.905642077326774597e-02 2.574522420763969421e-02 3.810119256377220154e-02 3.712706640362739563e-02 5.062176287174224854e-02 3.551573678851127625e-02 1.428680960088968277e-02 3.982100263237953186e-02 6.989851593971252441e-03 1.248491462320089340e-02 5.204558745026588440e-02 4.980716854333877563e-02 1.728847809135913849e-02 1.533844973891973495e-02 3.098229691386222839e-02 6.346649676561355591e-02 6.076744175516068935e-04 1.541909854859113693e-02 2.384921908378601074e-02 3.596550598740577698e-02 8.201496675610542297e-03 1.019610650837421417e-02 1.977787911891937256e-02 2.433409914374351501e-02 2.305224072188138962e-03 4.282397031784057617e-02 1.320172566920518875e-02 7.906398177146911621e-02 5.648383870720863342e-02 1.398799121379852295e-01 2.484845183789730072e-02 3.766695503145456314e-03 6.402265280485153198e-02 1.205365266650915146e-02 2.671732939779758453e-02 3.722474351525306702e-02 7.768879830837249756e-02 1.985036768019199371e-02 9.237506240606307983e-02 3.531515132635831833e-03 6.929188221693038940e-02 7.632862310856580734e-03 1.186799257993698120e-01 9.639832191169261932e-03 6.090893596410751343e-02 9.485215996392071247e-04 6.866381317377090454e-02 3.498897328972816467e-02 2.892089821398258209e-02 4.061896726489067078e-02 1.157150045037269592e-02 7.236918061971664429e-02 1.287024933844804764e-02 4.847011715173721313e-02 6.231806799769401550e-02 9.549181908369064331e-02 1.177840959280729294e-02 3.007974289357662201e-02 2.290873415768146515e-02 3.111736848950386047e-02 1.973499730229377747e-02 6.662870943546295166e-02
9.376788884401321411e-02 5.352910235524177551e-02 6.584987509995698929e-03 3.182341158390045166e-02 1.645503193140029907e-02 3.100005164742469788e-02 1.345663666725158691e-01 5.804507061839103699e-02 7.980525493621826172e-03 4.809366911649703979e-02 3.141019493341445923e-02 6.430508568882942200e-03 1.569515280425548553e-02 5.296443402767181396e-02 1.768749207258224487e-02 6.236689537763595581e-02 2.426764741539955139e-02 3.369950223714113235e-03 3.877091035246849060e-02 7.802128326147794724e-03 3.525071660988032818e-04 1.069573033601045609e-02 2.163110300898551941e-02 1.377907022833824158e-02 8.139906451106071472e-03 1.883993484079837799e-02 1.425646711140871048e-02 3.540896624326705933e-02 3.628722578287124634e-02 2.061252109706401825e-02 1.361560658551752567e-03 1.865367591381072998e-02 4.634958505630493164e-02 1.584280095994472504e-02 5.983978975564241409e-03 4.202142730355262756e-02 2.105335891246795654e-02 8.397138677537441254e-03 7.482568919658660889e-02 3.483735397458076477e-02 1.811328716576099396e-02 2.254963107407093048e-02 3.430514782667160034e-02 1.038760039955377579e-02 7.560124993324279785e-02 3.365762531757354736e-02 1.137923076748847961e-01 8.219980634748935699e-03 1.147391926497220993e-02 8.374768309295177460e-03 1.527086645364761353e-02 9.141189604997634888e-02 1.025800108909606934e-01 6.935887504369020462e-03 2.731002494692802429e-02 2.222098968923091888e-02 1.315098442137241364e-02 1.610354229342192411e-04 1.338237058371305466e-02 1.013579894788563251e-04 5.368099361658096313e-02 4.632513597607612610e-02 7.885222882032394409e-02 2.580933831632137299e-02 5.399804934859275818e-02 7.505575194954872131e-03 4.561335965991020203e-02 2.522631362080574036e-02 8.845735341310501099e-02 2.210627682507038116e-02 1.463930308818817139e-01 3.422334417700767517e-02 7.791557908058166504e-02 1.682624220848083496e-02 6.734509021043777466e-02 2.735874988138675690e-02 8.001357316970825195e-02 7.703357189893722534e-02 3.344926983118057251e-02 4.547825828194618225e-02 2.307185903191566467e-02 5.789806321263313293e-02 6.072610616683959961e-02 4.782961308956146240e-02 1.254357304424047470e-02 9.791792184114456177e-02 8.448614738881587982e-03 3.619139641523361206e-02 7.520754635334014893e-02 4.843540117144584656e-02 2.322793193161487579e-02 1.131057552993297577e-02 6.366728991270065308e-02 6.656573619693517685e-03 4.968287795782089233e-02 1.627548970282077789e-02 4.533349350094795227e-02 5.144053697586059570e-02 2.152188867330551147e-02 4.363136738538742065e-02 1.036640815436840057e-02 1.027274597436189651e-02 4.679172113537788391e-02 5.214838311076164246e-02 2.679671719670295715e-02 1.682687178254127502e-02 1.640550605952739716e-02 3.847233485430479050e-03 3.740768134593963623e-02 1.858483441174030304e-02 3.678369149565696716e-02 4.096139222383499146e-03 1.507035549730062485e-02 2.830300107598304749e-02 5.573798716068267822e-02 3.754279389977455139e-02
1.439966168254613876e-02 9.857885539531707764e-02 4.178808256983757019e-02 1.920314505696296692e-02 3.120766952633857727e-02 1.345663666725158691e-01 1.219511963427066803e-02 7.882598787546157837e-03 6.455347687005996704e-02 4.435137286782264709e-02 4.265922307968139648e-02 5.610381253063678741e-03 9.031584113836288452e-02 5.577755719423294067e-02 3.182782232761383057e-02 7.490523904561996460e-02 6.504089571535587311e-03 6.940786540508270264e-02 4.865165427327156067e-02 1.187102054245769978e-03 4.977279901504516602e-02 2.810110524296760559e-02 6.380323320627212524e-02 4.035828635096549988e-02 6.336982548236846924e-02 2.110594883561134338e-02 1.632780022919178009e-02 4.647108539938926697e-02 9.401072748005390167e-03 2.787510119378566742e-02 3.527120873332023621e-02 6.583779305219650269e-02 5.769122391939163208e-02 5.284690484404563904e-02 1.147007569670677185e-02 4.640974104404449463e-03 4.708740115165710449e-02 3.091238066554069519e-02 4.994833841919898987e-02 4.763006791472434998e-02 5.494001880288124084e-02 3.012998960912227631e-02 1.504587568342685699e-02 9.556294418871402740e-03 3.535280004143714905e-02 2.796177938580513000e-02 1.291655898094177246e-01 1.701290905475616455e-01 8.528389036655426025e-03 6.263150274753570557e-02 4.059321060776710510e-02 3.438197821378707886e-02 6.613752990961074829e-02 3.741713939234614372e-03 4.675538744777441025e-03 4.184494540095329285e-02 4.808295518159866333e-02 1.663454063236713409e-02 8.682239800691604614e-03 8.032318949699401855e-02 1.463749795220792294e-03 2.490342594683170319e-02 9.189873188734054565e-02 7.735827565193176270e-02 1.108143129386007786e-03 2.644523605704307556e-02 3.088576160371303558e-02 4.256376065313816071e-03 7.966533303260803223e-03 2.186834253370761871e-02 8.952081203460693359e-03 6.004387047141790390e-03 8.001092821359634399e-03 1.500704512000083923e-02 5.737675726413726807e-02 8.415038138628005981e-02 9.834301657974720001e-03 1.387790869921445847e-02 4.678734391927719116e-02 6.889140349812805653e-04 7.070536166429519653e-02 3.848072141408920288e-02 4.888209328055381775e-02 3.179085627198219299e-02 5.940339528024196625e-03 4.794805869460105896e-02 1.707405038177967072e-02 1.618448831140995026e-02 3.275004401803016663e-02 3.819637000560760498e-02 7.328310050070285797e-03 4.228642210364341736e-02 8.892704546451568604e-02 2.431236393749713898e-02 3.600555658340454102e-02 4.393316060304641724e-02 1.186074130237102509e-02 9.692957252264022827e-02 6.930172443389892578e-02 4.938126355409622192e-02 7.462257146835327148e-02 1.257230937480926514e-01 9.546507149934768677e-03 8.043785579502582550e-03 1.249134354293346405e-02 8.416521362960338593e-03 1.680264621973037720e-02 1.631722785532474518e-02 1.819709315896034241e-02 4.972078651189804077e-02 4.544292017817497253e-02 3.334655612707138062e-02 4.047142341732978821e-02 6.652548164129257202e-02 3.376226872205734253e-02 1.065182965248823166e-02
4.636495187878608704e-02 2.388355508446693420e-02 1.416779756546020508e-01 6.186665967106819153e-02 2.768848277628421783e-02 5.804507061839103699e-02 7.882598787546157837e-03 3.316461667418479919e-02 1.361748017370700836e-02 6.672333180904388428e-02 2.033764496445655823e-02 8.280503563582897186e-03 3.186530247330665588e-02 3.567741438746452332e-02 9.791332297027111053e-03 4.450370743870735168e-02 6.672463566064834595e-02 7.682594470679759979e-03 1.475621201097965240e-02 1.173222996294498444e-02 6.703186035156250000e-02 5.891937389969825745e-02 2.674601040780544281e-02 1.962797343730926514e-02 9.218136966228485107e-02 3.515033051371574402e-02 2.389794774353504181e-02 4.128972999751567841e-03 1.003651972860097885e-02 5.345986410975456238e-02 7.555944472551345825e-02 2.293390780687332153e-02 2.813545241951942444e-02 6.800222396850585938e-02 3.088721074163913727e-02 3.884697705507278442e-02 4.182116594165563583e-03 1.002496853470802307e-01 1.934116519987583160e-02 1.246165111660957336e-01 1.646954799070954323e-03 1.519644539803266525e-02 2.322835661470890045e-02 4.914795607328414917e-02 1.698295585811138153e-02 6.624099612236022949e-02 3.833034634590148926e-02 3.666853532195091248e-02 2.952457591891288757e-02 7.259342074394226074e-02 1.667239144444465637e-02 5.662375688552856445e-02 1.472531910985708237e-02 6.489340960979461670e-02 8.865201845765113831e-03 7.900761812925338745e-02 1.766047999262809753e-02 4.933318868279457092e-02 9.733170270919799805e-02 6.318468600511550903e-02 6.381611526012420654e-02 5.017331801354885101e-03 3.378993645310401917e-02 3.044067695736885071e-02 1.792038418352603912e-02 3.643416613340377808e-02 3.268093243241310120e-02 2.139508258551359177e-03 8.959867991507053375e-03 3.564539179205894470e-02 5.656677111983299255e-02 7.189085334539413452e-02 9.705356508493423462e-02 1.199241820722818375e-02 3.362096846103668213e-02 1.023804917931556702e-01 5.458844825625419617e-02 2.353725954890251160e-03 9.862759150564670563e-03 3.686320036649703979e-02 1.958329230546951294e-01 2.135133743286132812e-01 6.785921752452850342e-02 5.468800291419029236e-02 2.958320640027523041e-02 7.096546143293380737e-02 6.407059729099273682e-02 7.267984747886657715e-02 3.152782097458839417e-02 6.434015929698944092e-02 2.095497027039527893e-02 5.449186265468597412e-02 8.246525377035140991e-02 7.729882001876831055e-02 3.200710937380790710e-02 2.667650021612644196e-02 2.989518083631992340e-02 5.018967390060424805e-02 5.856213346123695374e-02 2.971947751939296722e-02 3.210056573152542114e-02 5.172178894281387329e-02 7.067321334034204483e-03 5.928942933678627014e-02 6.247478537261486053e-03 5.030896048992872238e-03 4.128995537757873535e-02 5.662433803081512451e-03 8.001761883497238159e-02 1.241684332489967346e-01 4.321692883968353271e-02 3.713646158576011658e-02 6.236171349883079529e-02 1.060860417783260345e-02 3.383735567331314087e-02 3.762100636959075928e-02
1.135234138928353786e-03 1.966288313269615173e-02 1.356766000390052795e-02 1.639015227556228638e-02 1.123627554625272751e-02 7.980525493621826172e-03 6.455347687005996704e-02 1.361748017370700836e-02 2.534355409443378448e-02 1.389170289039611816e-01 1.746695116162300110e-02 2.623201534152030945e-02 4.199876263737678528e-02 5.957128107547760010e-02 7.634292542934417725e-02 7.649621367454528809e-02 1.114507764577865601e-02 1.941608265042304993e-02 1.064349431544542313e-02 2.464494667947292328e-02 4.735537990927696228e-02 3.280927240848541260e-02 5.549693852663040161e-02 7.248584926128387451e-02 1.976996287703514099e-02 3.388067334890365601e-02 1.619400456547737122e-02 1.745438948273658752e-02 7.157304883003234863e-02 3.356582671403884888e-02 1.778463087975978851e-02 2.458265796303749084e-02 5.028441920876502991e-02 3.939507529139518738e-02 1.731855981051921844e-02 7.973237894475460052e-03 1.196768227964639664e-02 5.598646774888038635e-02 8.482391387224197388e-02 1.549655199050903320e-02 5.311684682965278625e-02 9.264656342566013336e-03 4.043657705187797546e-02 4.372176155447959900e-02 6.805542111396789551e-02 5.895885825157165527e-02 4.345970600843429565e-02 1.607739739120006561e-02 7.449589669704437256e-02 5.311222001910209656e-02 4.239732399582862854e-03 5.219719558954238892e-02 4.684946499764919281e-03 6.789783388376235962e-02 1.595705896615982056e-01 3.143914416432380676e-02 5.018366128206253052e-02 4.825560376048088074e-02 2.662878669798374176e-02 5.953103676438331604e-02 6.042501330375671387e-02 7.150791119784116745e-03 3.725621104240417480e-02 5.653078109025955200e-02 9.981224685907363892e-02 6.570652127265930176e-02 3.716429695487022400e-02 3.955384343862533569e-02 1.715072542428970337e-01 2.727033011615276337e-02 6.010769680142402649e-02 6.350728869438171387e-02 2.269920147955417633e-02 8.468341082334518433e-03 1.766650006175041199e-02 8.786009252071380615e-02 1.829138845205307007e-01 7.678347080945968628e-02 3.922064974904060364e-02 5.151091143488883972e-02 2.926042489707469940e-02 1.568955183029174805e-02 4.720797017216682434e-02 3.995283320546150208e-02 3.634319826960563660e-02 7.379812188446521759e-03 4.107951372861862183e-02 4.895995929837226868e-02 1.535648480057716370e-03 2.805926371365785599e-03 6.955147534608840942e-02 3.814320266246795654e-02 5.278533697128295898e-02 4.642550647258758545e-02 3.452796116471290588e-02 8.946329355239868164e-02 7.326152175664901733e-02 4.917407408356666565e-02 8.063907176256179810e-02 6.483286619186401367e-02 4.415115714073181152e-02 1.559323817491531372e-02 3.143810108304023743e-02 7.863159477710723877e-02 3.923152387142181396e-02 6.226172670722007751e-02 1.700444519519805908e-02 1.050139814615249634e-01 2.706566452980041504e-02 3.782014921307563782e-02 1.507795136421918869e-02 3.206120803952217102e-02 4.789011925458908081e-02 4.174296185374259949e-02 7.636772841215133667e-02 4.066742840223014355e-04
5.331229418516159058e-02 1.804104633629322052e-02 7.414827495813369751e-02 1.991686411201953888e-02 4.608053714036941528e-02 4.809366911649703979e-02 4.435137286782264709e-02 6.672333180904388428e-02 1.389170289039611816e-01 4.534339159727096558e-02 2.813780307769775391e-02 5.777839943766593933e-02 2.707995660603046417e-02 4.883123561739921570e-02 3.127885982394218445e-02 1.154727339744567871e-01 5.345096066594123840e-02 8.531850576400756836e-02 1.692297160625457764e-01 1.683983765542507172e-02 5.636141449213027954e-02 4.330461472272872925e-02 1.589014008641242981e-02 2.488153241574764252e-02 2.738284319639205933e-02 1.188178546726703644e-02 5.607450008392333984e-02 5.987560749053955078e-02 6.564226001501083374e-02 4.685010015964508057e-02 2.232306636869907379e-02 4.767332226037979126e-02 1.508467551320791245e-02 3.228088608011603355e-03 4.583632946014404297e-02 1.510930433869361877e-02 2.661425061523914337e-02 1.381557714194059372e-02 2.445640228688716888e-02 2.600345993414521217e-03 2.427802607417106628e-02 2.062356099486351013e-02 4.721378907561302185e-03 1.428404916077852249e-02 5.883649736642837524e-02 1.388595812022686005e-02 5.833765119314193726e-02 4.722829535603523254e-02 8.520571142435073853e-02 9.558670967817306519e-02 5.101145431399345398e-02 2.563406527042388916e-02 3.493880620226264000e-03 3.623649105429649353e-02 5.160333216190338135e-02 1.888978481292724609e-01 1.901506073772907257e-02 1.372413127683103085e-03 6.855478137731552124e-02 3.362330421805381775e-02 7.419938221573829651e-03 7.870661467313766479e-02 2.976389951072633266e-04 5.304545536637306213e-02 4.177498072385787964e-02 6.638875696808099747e-03 4.407460242509841919e-02 1.431309245526790619e-02 9.277548640966415405e-02 3.451154567301273346e-03 1.973674661712720990e-04 1.161314267665147781e-02 3.697879984974861145e-02 4.297150671482086182e-02 6.310226768255233765e-02 1.252793893218040466e-02 6.359388679265975952e-02 1.394368261098861694e-01 6.647264957427978516e-02 9.040389955043792725e-02 3.979258984327316284e-02 2.356200478971004486e-03 2.367688808590173721e-03 1.383127085864543915e-02 1.811070367693901062e-02 2.329885726794600487e-03 3.643244132399559021e-02 3.004796104505658150e-03 1.051544211804866791e-02 6.862485408782958984e-02 3.234699368476867676e-03 7.871463894844055176e-02 5.052929371595382690e-02 3.039739280939102173e-02 3.086398541927337646e-02 1.001620143651962280e-01 4.403787106275558472e-02 2.272745035588741302e-02 1.950224116444587708e-02 2.054871805012226105e-02 4.056843742728233337e-02 3.234288841485977173e-02 4.599394276738166809e-02 1.060172617435455322e-01 4.868193715810775757e-02 9.334036707878112793e-02 3.765037655830383301e-02 7.712151110172271729e-02 9.298154711723327637e-02 7.127817720174789429e-02 7.618234376423060894e-04 3.627197071909904480e-02 2.237869985401630402e-02 5.360267683863639832e-02 1.308410912752151489e-01 4.359380155801773071e-02
1.160789728164672852e-01 1.370288580656051636e-01 7.124729454517364502e-02 1.704098097980022430e-02 4.743487760424613953e-02 3.141019493341445923e-02 4.265922307968139648e-02 2.033764496445655823e-02 1.746695116162300110e-02 2.813780307769775391e-02 4.342216416262090206e-04 1.045085862278938293e-02 1.345125585794448853e-01 3.927410021424293518e-02 2.175301127135753632e-02 4.073503240942955017e-02 3.758152946829795837e-02 2.204345166683197021e-02 4.499271139502525330e-02 4.925008118152618408e-02 2.863175421953201294e-02 1.714038662612438202e-02 3.831977955996990204e-03 1.869759708642959595e-02 5.390406027436256409e-02 4.564939532428979874e-03 4.634525999426841736e-02 5.863209255039691925e-03 7.432385534048080444e-02 1.642106659710407257e-02 1.490061078220605850e-02 2.449336927384138107e-03 2.132960222661495209e-02 1.616921648383140564e-02 8.428622782230377197e-02 3.127165883779525757e-02 3.225301951169967651e-02 1.877946220338344574e-02 3.570213541388511658e-02 1.657354645431041718e-02 2.001693658530712128e-02 4.406573995947837830e-02 4.856621101498603821e-02 2.661863528192043304e-02 9.416848421096801758e-03 1.031169231282547116e-04 8.575879619456827641e-04 3.453006967902183533e-02 4.044970870018005371e-02 1.161444187164306641e-02 2.976300753653049469e-02 4.222765192389488220e-02 1.124653499573469162e-02 5.383269395679235458e-03 3.318583592772483826e-02 7.033447921276092529e-02 4.406208917498588562e-02 5.292572081089019775e-02 6.666676700115203857e-02 3.206773474812507629e-02 1.269929856061935425e-02 1.631871610879898071e-02 1.000697724521160126e-02 7.579823583364486694e-02 3.526035323739051819e-02 6.130505353212356567e-03 4.633782058954238892e-02 2.671561669558286667e-03 2.033129706978797913e-02 2.776785008609294891e-02 1.500799041241407394e-02 3.241145610809326172e-02 4.270288720726966858e-02 4.492086591199040413e-04 4.420469328761100769e-02 8.423752337694168091e-02 1.861913874745368958e-02 4.695085063576698303e-02 6.431849906221032143e-04 1.811303012073040009e-02 1.439448073506355286e-02 2.486464940011501312e-02 4.325753252487629652e-04 5.603425577282905579e-02 5.234777182340621948e-02 5.449864640831947327e-02 1.179251167923212051e-02 2.579047344624996185e-02 2.391277812421321869e-02 2.771059796214103699e-02 6.082407012581825256e-02 3.527002036571502686e-02 7.941250689327716827e-03 6.505410373210906982e-02 5.257444456219673157e-02 4.518651589751243591e-02 1.423858013004064560e-02 9.930350631475448608e-02 5.136997625231742859e-02 2.669188007712364197e-02 1.401011645793914795e-02 2.919353544712066650e-02 3.745790570974349976e-02 2.368743531405925751e-02 1.571723143570125103e-03 8.779273368418216705e-03 1.481304876506328583e-02 6.358072161674499512e-02 1.335936784744262695e-02 1.345425285398960114e-02 1.885379664599895477e-02 2.790810354053974152e-02 7.151912432163953781e-03 1.972041651606559753e-02 5.795073136687278748e-02 6.613005883991718292e-03
1.386315003037452698e-02 7.130322046577930450e-03 1.313702855259180069e-02 4.615510627627372742e-02 2.670327760279178619e-02 6.430508568882942200e-03 5.610381253063678741e-03 8.280503563582897186e-03 2.623201534152030945e-02 5.777839943766593933e-02 1.045085862278938293e-02 1.845478080213069916e-02 4.343556985259056091e-02 2.529322206974029541e-01 2.942444523796439171e-03 4.330374300479888916e-02 1.576293446123600006e-02 2.950921282172203064e-02 4.131809249520301819e-02 2.607620554044842720e-03 2.584630064666271210e-02 4.965864866971969604e-02 1.120214629918336868e-02 2.745616249740123749e-02 2.579846046864986420e-02 1.379680167883634567e-02 4.714531451463699341e-02 5.900863185524940491e-02 6.859096465632319450e-04 8.642299473285675049e-02 3.754556924104690552e-02 8.089655637741088867e-02 5.810233578085899353e-02 5.504168942570686340e-02 6.227600947022438049e-02 2.914576604962348938e-02 2.407917939126491547e-02 8.367762714624404907e-02 1.845796592533588409e-02 7.201254833489656448e-03 2.006857655942440033e-02 1.273103337734937668e-02 7.159899175167083740e-02 5.838663876056671143e-02 3.937245532870292664e-02 1.114387437701225281e-01 5.352462828159332275e-02 1.695340126752853394e-02 9.534017741680145264e-02 5.117664113640785217e-02 3.442246466875076294e-02 1.998222060501575470e-02 1.515705045312643051e-02 3.479924052953720093e-02 2.964381361380219460e-03 8.276609331369400024e-02 7.661345880478620529e-03 4.572485107928514481e-03 4.463008046150207520e-02 5.965219065546989441e-02 1.982189901173114777e-02 5.307706817984580994e-02 7.411092519760131836e-02 8.248121291399002075e-02 3.823172999545931816e-03 1.111316084861755371e-01 3.373175114393234253e-02 2.808509208261966705e-02 3.194555640220642090e-02 5.923114344477653503e-02 8.358739316463470459e-03 6.009317561984062195e-02 5.616121739149093628e-02 1.804050058126449585e-02 5.739434808492660522e-02 6.386433541774749756e-02 7.221976667642593384e-02 1.067387610673904419e-01 9.979123249650001526e-03 2.321069501340389252e-02 2.639944851398468018e-02 6.529466062784194946e-02 4.071584716439247131e-02 5.490131676197052002e-02 5.423168838024139404e-02 6.334664672613143921e-02 2.546851709485054016e-02 4.434765502810478210e-02 4.546719789505004883e-02 3.158624097704887390e-02 6.716459244489669800e-02 6.535943597555160522e-02 5.464820191264152527e-02 5.218786373734474182e-02 1.568405702710151672e-02 5.116503685712814331e-02 1.636099517345428467e-01 4.425176605582237244e-02 2.283340319991111755e-02 3.720214962959289551e-02 3.131961077451705933e-02 1.619743369519710541e-02 8.343658410012722015e-03 4.640454798936843872e-02 4.051031544804573059e-02 1.288314163684844971e-01 4.559876397252082825e-02 1.023178473114967346e-01 4.904819279909133911e-02 1.040745973587036133e-01 4.404149949550628662e-02 4.214921966195106506e-02 1.025017164647579193e-02 4.469400271773338318e-02 1.162855233997106552e-02 8.179206401109695435e-02
1.285050958395004272e-01 1.840212047100067139e-01 2.212334796786308289e-02 5.109389498829841614e-02 1.442120643332600594e-03 1.569515280425548553e-02 9.031584113836288452e-02 3.186530247330665588e-02 4.199876263737678528e-02 2.707995660603046417e-02 1.345125585794448853e-01 4.343556985259056091e-02 7.650607731193304062e-03 1.474521867930889130e-02 3.166198730468750000e-02 2.115355804562568665e-02 1.860819943249225616e-02 3.728862106800079346e-02 3.674940904602408409e-03 1.400612015277147293e-02 1.106494106352329254e-02 1.863264292478561401e-02 3.366267308592796326e-03 2.477624453604221344e-02 8.120001852512359619e-02 4.533261060714721680e-02 4.651732742786407471e-02 3.638390684500336647e-03 3.188444534316658974e-03 4.395661503076553345e-02 1.183376833796501160e-02 2.172107808291912079e-03 4.116886109113693237e-02 3.530738875269889832e-02 9.277606755495071411e-02 4.218273982405662537e-02 3.538905084133148193e-02 3.658209741115570068e-02 2.979794517159461975e-03 1.408410817384719849e-02 8.790254592895507812e-02 3.726184740662574768e-02 3.206305205821990967e-02 5.557812750339508057e-02 5.058421567082405090e-02 3.602234274148941040e-02 6.860510446131229401e-03 8.346493542194366455e-02 4.333034157752990723e-02 4.170889407396316528e-02 3.154084458947181702e-02 8.770543150603771210e-03 5.453592631965875626e-03 2.837392501533031464e-02 5.888980813324451447e-03 4.184041544795036316e-02 1.262640673667192459e-02 2.441993728280067444e-02 8.351159095764160156e-02 7.642602175474166870e-02 2.126977778971195221e-02 2.059430442750453949e-02 1.671735756099224091e-02 8.000855147838592529e-02 7.972571253776550293e-02 7.149057835340499878e-02 3.475528582930564880e-02 3.764270246028900146e-02 2.313260361552238464e-02 1.232330780476331711e-02 2.987863868474960327e-02 3.809583187103271484e-02 4.571903496980667114e-03 4.626390710473060608e-02 4.664306528866291046e-03 3.602064400911331177e-02 3.747452795505523682e-02 6.034540478140115738e-03 5.635071545839309692e-02 1.207007002085447311e-02 4.451667517423629761e-02 2.368436381220817566e-02 2.356208488345146179e-02 1.009667068719863892e-01 1.718290033750236034e-03 1.310094539076089859e-02 8.606306277215480804e-03 5.342878028750419617e-02 6.085345521569252014e-02 4.451510310173034668e-02 8.415196090936660767e-02 9.610532782971858978e-03 8.246540278196334839e-02 2.035218477249145508e-02 3.403155598789453506e-03 1.288559660315513611e-02 3.880884125828742981e-02 7.551430165767669678e-02 7.033045403659343719e-03 4.971389472484588623e-02 4.093733057379722595e-02 3.116334043443202972e-02 3.570917993783950806e-02 1.209065783768892288e-02 5.596838891506195068e-04 6.047673057764768600e-03 4.498331248760223389e-02 1.764420233666896820e-02 8.979759179055690765e-03 3.135326877236366272e-02 1.295367814600467682e-02 3.914334345608949661e-03 8.085141889750957489e-03 3.839546069502830505e-02 1.284789759665727615e-02 9.862514585256576538e-02
