4.691015556454658508e-02 1.580401957035064697e-01 9.806889109313488007e-03 7.479276973754167557e-03 3.826002404093742371e-02 8.403147011995315552e-02 2.296203374862670898e-02 1.334772352129220963e-02 2.008545957505702972e-02 3.376201167702674866e-02 3.114071302115917206e-02 5.215440690517425537e-02 5.367197096347808838e-03 9.766138158738613129e-03 5.611300095915794373e-02 1.212860178202390671e-02 1.818569749593734741e-02 9.212785400450229645e-03 2.197638712823390961e-02 2.531453780829906464e-02 1.718682795763015747e-02 6.446625292301177979e-02 1.409412547945976257e-02 2.543615736067295074e-02 8.734096772968769073e-03 6.580836605280637741e-03 3.701483830809593201e-02 4.034095257520675659e-02 1.441053766757249832e-02 3.288638219237327576e-02 6.933748722076416016e-02 4.738106206059455872e-02 1.653776504099369049e-02 3.384298086166381836e-02 6.382273882627487183e-02 1.027861461043357849e-01 2.888137288391590118e-02 5.529920570552349091e-03 3.746952489018440247e-02 1.006776932626962662e-03 1.307672262191772461e-01 8.974451571702957153e-02 2.130562253296375275e-02 1.103545948863029480e-01 9.154928848147392273e-03 1.747891679406166077e-02 6.925202906131744385e-02 6.583038717508316040e-02 3.260610252618789673e-02 1.913838647305965424e-02 5.097052082419395447e-02 1.708907261490821838e-02 2.632081322371959686e-02 6.698952615261077881e-02 3.581541776657104492e-02 1.013190299272537231e-02 2.709731459617614746e-02 3.953599184751510620e-02 4.862355068325996399e-02 3.025512956082820892e-02 2.408631704747676849e-02 6.477118469774723053e-03 5.686886142939329147e-03 8.019956760108470917e-03 2.106623491272330284e-03 2.155005745589733124e-02 8.926494978368282318e-03 1.316921412944793701e-02 8.959081768989562988e-02 4.449689015746116638e-02 6.790516525506973267e-02 7.395603228360414505e-03 2.523674443364143372e-02 7.290185894817113876e-03 5.395286157727241516e-02 3.116510808467864990e-02 9.070148319005966187e-02 7.498141378164291382e-02 1.799582690000534058e-02 9.145440533757209778e-03 9.419478476047515869e-02 3.870127722620964050e-02 7.818954065442085266e-03 6.417554616928100586e-02 3.695008903741836548e-02 3.423824161291122437e-02 4.311145097017288208e-02 3.724927827715873718e-02 3.741839900612831116e-02 8.247122168540954590e-02 1.832795795053243637e-03 3.736984357237815857e-02 1.353840902447700500e-02 2.754215151071548462e-02 5.363379418849945068e-02 2.260772511363029480e-02 4.978830111213028431e-05 1.249689143151044846e-02 3.933857381343841553e-02 1.817187480628490448e-02 1.783247292041778564e-02 2.653594594448804855e-03 2.810349129140377045e-02 4.710805043578147888e-02 6.740108877420425415e-02 3.964513912796974182e-02 5.285334959626197815e-02 1.788664422929286957e-02 6.073018535971641541e-02 4.449953138828277588e-02 2.475981414318084717e-02 3.091141022741794586e-02 1.518115960061550140e-02 3.396296873688697815e-02 4.905540496110916138e-02 8.307959884405136108e-03
1.580401957035064697e-01 2.907197549939155579e-02 7.218958437442779541e-02 1.697507314383983612e-02 1.924914307892322540e-02 6.503545492887496948e-02 6.432782858610153198e-02 2.213032543659210205e-02 1.357478089630603790e-02 2.761976607143878937e-02 3.534478694200515747e-02 1.197059173136949539e-02 5.664711445569992065e-02 2.971788868308067322e-02 6.743857264518737793e-02 3.187573747709393501e-03 3.479920700192451477e-02 9.801113978028297424e-03 4.500435665249824524e-02 4.774657264351844788e-02 4.314018040895462036e-02 2.654444426298141479e-02 4.158511012792587280e-02 5.659324582666158676e-03 4.270957317203283310e-03 1.407949160784482956e-02 6.607763003557920456e-03 8.052324876189231873e-03 1.819935068488121033e-02 1.256905961781740189e-03 4.881343618035316467e-02 2.187128178775310516e-03 1.233179215341806412e-02 2.847307920455932617e-02 1.086451299488544464e-02 1.026924401521682739e-01 6.401563435792922974e-02 5.558989569544792175e-02 3.694057837128639221e-02 5.130426958203315735e-02 6.621336936950683594e-02 6.133711338043212891e-02 6.824632640928030014e-03 9.414432197809219360e-02 3.154910355806350708e-02 2.070916071534156799e-02 4.049063101410865784e-02 1.169735752046108246e-02 7.822573184967041016e-03 4.278108477592468262e-02 4.171450436115264893e-02 2.170049957931041718e-02 6.789249181747436523e-02 9.835580363869667053e-03 2.768111415207386017e-03 1.838728971779346466e-02 3.459230810403823853e-02 5.062643811106681824e-02 2.487904159352183342e-03 1.801988668739795685e-02 4.391407966613769531e-02 4.659936949610710144e-02 3.047895617783069611e-02 1.693735457956790924e-02 2.690302766859531403e-02 3.524481132626533508e-02 2.308912202715873718e-02 1.749923452734947205e-02 8.664623647928237915e-02 9.190314449369907379e-03 7.355089485645294189e-02 3.843842074275016785e-02 3.654300794005393982e-02 4.535110667347908020e-02 4.025914892554283142e-02 2.190847694873809814e-02 6.946185231208801270e-02 5.517837032675743103e-02 1.695843040943145752e-02 2.716153161600232124e-03 7.637091726064682007e-02 1.482626423239707947e-02 3.357737790793180466e-03 1.919471099972724915e-02 3.563124220818281174e-03 5.988607555627822876e-02 1.984529010951519012e-02 6.567498203366994858e-03 2.300010249018669128e-02 5.492027848958969116e-02 6.024203263223171234e-03 4.204078111797571182e-03 2.187060192227363586e-02 8.622868917882442474e-03 1.739939674735069275e-02 6.477613002061843872e-02 5.213917419314384460e-02 3.812478110194206238e-02 4.224754497408866882e-02 1.653689704835414886e-02 3.484759107232093811e-02 3.465495258569717407e-02 6.959814578294754028e-02 5.199975147843360901e-02 9.481924585998058319e-03 8.898737840354442596e-03 3.287477418780326843e-03 4.435762390494346619e-02 5.580462142825126648e-02 3.858487121760845184e-03 3.601327538490295410e-02 3.684293478727340698e-02 1.516720466315746307e-02 2.377676963806152344e-02 2.099156938493251801e-02 3.755794093012809753e-02
9.806889109313488007e-03 7.218958437442779541e-02 4.199835285544395447e-02 2.274944912642240524e-03 4.314219951629638672e-02 1.167723909020423889e-02 7.130775600671768188e-02 3.052498400211334229e-01 2.972987852990627289e-02 8.152352645993232727e-03 5.311961099505424500e-02 2.412460930645465851e-02 6.903747469186782837e-02 1.651550270617008209e-02 3.510039299726486206e-02 8.547830395400524139e-03 3.792704269289970398e-02 4.341694340109825134e-02 2.073703333735466003e-02 7.875148206949234009e-02 7.646382600069046021e-02 7.465256378054618835e-03 3.280650079250335693e-02 2.987484075129032135e-02 3.004561737179756165e-02 8.004036732017993927e-03 1.276337192393839359e-03 3.135503828525543213e-02 8.188284933567047119e-03 1.166474074125289917e-01 4.808796197175979614e-02 5.212602764368057251e-02 2.248676319140940905e-04 1.132917925715446472e-01 1.106491964310407639e-02 3.420360758900642395e-02 4.067859798669815063e-02 5.581588670611381531e-02 1.529304310679435730e-03 7.186018628999590874e-04 1.027614995837211609e-02 1.985636539757251740e-03 2.695038728415966034e-02 5.664313212037086487e-02 1.244876906275749207e-02 1.548721920698881149e-02 4.716859385371208191e-02 6.228414922952651978e-02 4.411021247506141663e-03 3.745587542653083801e-02 8.598582446575164795e-02 4.828736558556556702e-02 7.562543451786041260e-02 1.137431059032678604e-02 7.396132685244083405e-03 5.130496248602867126e-02 3.381040319800376892e-02 1.160603202879428864e-02 6.314148008823394775e-02 8.920043706893920898e-02 2.283993363380432129e-02 1.183695718646049500e-02 4.481808841228485107e-02 4.196406155824661255e-02 6.156075000762939453e-02 4.031874611973762512e-02 6.094294786453247070e-02 4.803481325507164001e-02 1.987977325916290283e-02 6.474348157644271851e-02 3.263243660330772400e-02 7.089550793170928955e-02 4.841263219714164734e-02 1.742674224078655243e-02 3.037854284048080444e-02 3.330336511135101318e-02 3.953507542610168457e-02 3.157952055335044861e-02 4.349169321358203888e-03 4.518808424472808838e-02 1.987808495759963989e-01 1.132090911269187927e-01 5.242751212790608406e-04 2.360883913934230804e-02 1.886887848377227783e-02 2.754464000463485718e-02 7.471117377281188965e-02 3.179485350847244263e-02 4.156948067247867584e-03 2.101779682561755180e-03 1.058399006724357605e-01 4.594280570745468140e-02 1.137839704751968384e-01 4.682385176420211792e-02 1.218989273183979094e-04 5.236586928367614746e-02 5.171470716595649719e-02 1.251904107630252838e-02 8.415786176919937134e-02 8.470281213521957397e-02 1.757256127893924713e-02 4.438560828566551208e-02 3.042247518897056580e-02 2.601074613630771637e-02 7.956401258707046509e-02 4.941798746585845947e-03 1.411187555640935898e-02 3.155599534511566162e-02 3.197693452239036560e-02 1.011808030307292938e-02 5.304990336298942566e-02 2.231679111719131470e-02 1.248891185969114304e-02 5.696094408631324768e-02 2.592600882053375244e-02 3.663248615339398384e-03
7.479276973754167557e-03 1.697507314383983612e-02 2.274944912642240524e-03 2.040570601820945740e-02 1.545703262090682983e-01 1.188653870485723019e-03 1.497144252061843872e-02 1.280018314719200134e-02 2.083774283528327942e-02 3.081239946186542511e-02 4.230697080492973328e-02 3.188164904713630676e-03 9.957867674529552460e-03 1.938876882195472717e-02 3.167210146784782410e-02 2.549935318529605865e-02 6.459337472915649414e-02 6.422711908817291260e-02 5.236369371414184570e-02 1.377176307141780853e-02 5.091026425361633301e-02 2.785813435912132263e-02 1.220141816884279251e-02 6.479372829198837280e-02 4.773434251546859741e-03 2.624426037073135376e-03 3.691189223900437355e-03 2.464609406888484955e-02 2.804439514875411987e-03 5.289956182241439819e-02 2.254386059939861298e-02 3.028442151844501495e-02 7.159357517957687378e-02 2.303395792841911316e-02 6.110923364758491516e-02 4.250754415988922119e-02 8.258488029241561890e-03 5.949674546718597412e-02 1.059788465499877930e-01 9.442168474197387695e-02 1.812682114541530609e-02 1.399994920939207077e-02 1.639731787145137787e-02 3.753656521439552307e-02 2.095855772495269775e-02 3.653572872281074524e-02 2.205710485577583313e-02 2.304642833769321442e-02 5.411732941865921021e-02 2.644549682736396790e-02 1.689337566494941711e-02 2.322592772543430328e-02 5.037177354097366333e-02 3.406877815723419189e-02 3.240709006786346436e-02 6.182595156133174896e-03 1.010791659355163574e-01 2.124755643308162689e-02 7.813081145286560059e-03 9.742197580635547638e-03 2.107893116772174835e-02 6.070070713758468628e-02 4.012778401374816895e-02 1.438595633953809738e-02 1.231105532497167587e-02 2.330068871378898621e-02 1.477941777557134628e-02 5.017275735735893250e-02 5.624611675739288330e-02 3.069333918392658234e-02 2.823519520461559296e-02 6.585755199193954468e-02 1.555284857749938965e-01 4.976251348853111267e-02 8.010145276784896851e-02 9.683864191174507141e-03 2.457696199417114258e-02 1.600834541022777557e-02 9.106419980525970459e-03 1.201079459860920906e-03 5.610819905996322632e-02 1.849289610981941223e-02 1.118615269660949707e-01 6.511998921632766724e-02 2.378493174910545349e-02 3.091807477176189423e-03 5.557444319128990173e-02 3.411356359720230103e-02 6.332645565271377563e-02 3.831620514392852783e-02 3.507927805185317993e-02 3.106878325343132019e-02 3.890681266784667969e-02 2.813131548464298248e-02 4.828287661075592041e-02 8.815105073153972626e-03 3.303108736872673035e-02 8.797302842140197754e-02 3.101769089698791504e-02 4.566577076911926270e-02 2.430065162479877472e-02 2.336854673922061920e-02 2.076150663197040558e-02 5.200574919581413269e-02 5.424399301409721375e-02 1.397342421114444733e-02 7.328557316213846207e-03 5.100161209702491760e-02 3.940761461853981018e-02 2.091901935636997223e-02 1.460562273859977722e-02 2.876249514520168304e-02 1.504311524331569672e-02 7.856915704905986786e-03 4.226601868867874146e-02 6.309697031974792480e-02
3.826002404093742371e-02 1.924914307892322540e-02 4.314219951629638672e-02 1.545703262090682983e-01 3.335218504071235657e-02 3.153561055660247803e-02 4.664844274520874023e-02 3.886166587471961975e-02 5.461471155285835266e-02 5.526533350348472595e-02 4.012722149491310120e-02 5.147720500826835632e-02 3.502519056200981140e-02 5.429383739829063416e-02 3.325804322957992554e-02 3.393797576427459717e-02 3.969541937112808228e-02 7.555483281612396240e-02 9.692101925611495972e-02 1.921067945659160614e-03 2.976655215024948120e-02 5.403370410203933716e-02 4.651942476630210876e-02 3.895171731710433960e-02 2.374711446464061737e-02 4.785475786775350571e-03 4.603242129087448120e-02 4.520197864621877670e-03 6.421802937984466553e-02 1.664752140641212463e-02 3.519078250974416733e-03 5.061945691704750061e-02 3.772643208503723145e-02 2.062472514808177948e-03 3.079925663769245148e-02 4.521693289279937744e-02 1.025659684091806412e-02 4.424340277910232544e-02 1.427508145570755005e-01 1.410922110080718994e-01 3.805635124444961548e-02 1.643312163650989532e-02 4.172238335013389587e-02 3.250281512737274170e-02 1.726534031331539154e-02 1.508055068552494049e-02 2.374097891151905060e-02 2.727548591792583466e-02 3.540176525712013245e-02 5.534101650118827820e-02 3.363386169075965881e-02 3.679471462965011597e-02 4.216665029525756836e-02 3.820114955306053162e-02 5.316083133220672607e-02 3.505269810557365417e-02 6.288117915391921997e-02 5.211010575294494629e-02 5.381458625197410583e-02 4.868109151721000671e-02 1.445579435676336288e-02 8.591806888580322266e-02 3.179450519382953644e-03 8.626488968729972839e-03 2.252243272960186005e-02 4.613946750760078430e-02 3.871336812153458595e-03 4.865758866071701050e-02 4.460283089429140091e-03 3.589056804776191711e-02 1.372379157692193985e-02 2.323466539382934570e-02 6.868971139192581177e-02 2.655109018087387085e-02 9.186021983623504639e-02 2.136438898742198944e-02 8.710891939699649811e-03 7.847548462450504303e-03 3.524039685726165771e-02 2.038990147411823273e-02 7.379745133221149445e-03 3.799555823206901550e-02 7.160952687263488770e-02 5.314496532082557678e-02 1.130651310086250305e-02 9.251395240426063538e-03 3.496938571333885193e-02 4.198085889220237732e-02 6.994878500699996948e-02 7.590292394161224365e-02 3.513007983565330505e-02 2.567811682820320129e-02 3.058544732630252838e-02 5.757322534918785095e-02 6.201378535479307175e-03 2.631084062159061432e-02 1.860061846673488617e-02 2.423406764864921570e-02 5.066849663853645325e-02 1.144410111010074615e-02 9.134433418512344360e-02 2.212957479059696198e-02 9.339515119791030884e-03 5.630726460367441177e-03 5.248326808214187622e-02 3.260124847292900085e-02 1.034661158919334412e-01 3.634547581896185875e-03 3.611620143055915833e-02 7.597579061985015869e-02 2.813382819294929504e-02 4.925676435232162476e-02 6.003840640187263489e-02 4.980199038982391357e-02 7.550764828920364380e-02 5.518186092376708984e-02
8.403147011995315552e-02 6.503545492887496948e-02 1.167723909020423889e-02 1.188653870485723019e-03 3.153561055660247803e-02 2.916469424962997437e-02 1.157529428601264954e-01 1.885009557008743286e-02 4.977924283593893051e-03 2.814001776278018951e-02 1.025792807340621948e-01 7.404761016368865967e-02 1.196416020393371582e-01 4.985173791646957397e-02 1.916132308542728424e-02 6.028447300195693970e-02 2.685337327420711517e-02 3.054717928171157837e-02 3.957429435104131699e-03 2.279381081461906433e-02 2.788950502872467041e-02 5.102483183145523071e-02 8.358873426914215088e-03 2.113488130271434784e-02 2.188601903617382050e-02 9.437137283384799957e-03 7.574277371168136597e-02 6.606280058622360229e-02 7.275325059890747070e-02 2.934660576283931732e-02 2.865618467330932617e-02 1.683034189045429230e-02 4.583078436553478241e-03 1.470588846132159233e-03 5.108983255922794342e-03 6.119701545685529709e-03 4.301593080163002014e-02 4.436010867357254028e-02 6.133267655968666077e-02 1.450201310217380524e-02 1.637792401015758514e-02 9.034887887537479401e-03 2.486826665699481964e-02 4.286880418658256531e-02 3.661526739597320557e-02 4.995119944214820862e-02 1.692707985639572144e-01 8.691930025815963745e-02 9.332100860774517059e-03 6.261434406042098999e-03 7.855763542465865612e-04 3.264789655804634094e-02 1.194184832274913788e-02 6.660389155149459839e-02 1.928542740643024445e-02 3.234549611806869507e-02 2.073235437273979187e-02 4.112039506435394287e-02 2.425790997222065926e-03 7.135558407753705978e-04 2.454082015901803970e-03 2.127739973366260529e-02 1.303569599986076355e-02 2.453795820474624634e-02 2.990568429231643677e-02 8.571450412273406982e-02 2.144024707376956940e-02 2.099355682730674744e-02 2.220187336206436157e-02 3.688802197575569153e-02 9.858471341431140900e-03 2.697763778269290924e-02 4.282005131244659424e-02 7.649552542716264725e-03 2.679730951786041260e-02 7.153274025768041611e-03 2.701762318611145020e-02 1.234632171690464020e-02 2.059975266456604004e-02 1.398857566528022289e-03 3.303246200084686279e-02 2.202338911592960358e-02 4.081547958776354790e-04 2.268201485276222229e-02 1.536562666296958923e-02 3.904970362782478333e-03 1.841483265161514282e-02 4.331149533390998840e-02 5.504737794399261475e-02 2.945896051824092865e-02 3.258604183793067932e-02 3.497076453641057014e-03 5.059492215514183044e-02 2.936328388750553131e-02 2.596338465809822083e-02 2.423995733261108398e-02 6.280533969402313232e-02 8.911367505788803101e-03 3.644274175167083740e-02 1.454271376132965088e-02 2.618366479873657227e-02 5.487414076924324036e-02 1.345592271536588669e-02 5.191894248127937317e-02 2.701147645711898804e-02 5.062806233763694763e-02 4.009540006518363953e-02 4.274609312415122986e-02 7.552718278020620346e-03 1.038961927406489849e-03 1.830433611758053303e-03 9.987024590373039246e-03 1.428792439401149750e-02 6.348526949295774102e-05 2.856569923460483551e-02 3.363627567887306213e-02
2.296203374862670898e-02 6.432782858610153198e-02 7.130775600671768188e-02 1.497144252061843872e-02 4.664844274520874023e-02 1.157529428601264954e-01 4.520880430936813354e-02 2.078348025679588318e-02 1.116011198610067368e-02 3.084854222834110260e-02 8.618326485157012939e-02 7.362465560436248779e-02 1.332652419805526733e-01 9.575498104095458984e-02 4.492833092808723450e-02 3.303118050098419189e-02 2.945308946073055267e-02 1.163242966867983341e-03 3.472267463803291321e-02 3.010761551558971405e-02 3.051681444048881531e-02 4.894717782735824585e-02 6.591741740703582764e-02 1.944286748766899109e-02 2.900576964020729065e-02 1.822245307266712189e-02 3.090406395494937897e-02 1.910637691617012024e-02 5.210277624428272247e-03 9.109006822109222412e-02 8.499130606651306152e-02 5.411416757851839066e-03 3.109082207083702087e-02 2.701420895755290985e-02 4.252616688609123230e-02 2.056067436933517456e-02 3.924048319458961487e-02 9.094990789890289307e-03 6.854643672704696655e-02 3.073706850409507751e-02 4.518096894025802612e-02 1.927802711725234985e-02 3.488126443699002266e-03 2.930425666272640228e-02 1.833244413137435913e-02 5.380296148359775543e-03 1.263551712036132812e-01 1.874936521053314209e-01 2.477735467255115509e-02 5.744671449065208435e-03 2.463517338037490845e-02 3.720833733677864075e-02 3.050715662539005280e-02 6.445035338401794434e-02 4.812558647245168686e-03 1.706424728035926819e-02 2.541848458349704742e-02 8.053877390921115875e-03 1.580381765961647034e-02 2.658797241747379303e-02 3.047466836869716644e-02 1.192798465490341187e-02 1.324185729026794434e-02 6.406587548553943634e-03 1.747661642730236053e-02 9.685168974101543427e-03 1.487355912104249001e-03 4.048767685890197754e-02 2.622896432876586914e-02 1.880545914173126221e-02 4.361224174499511719e-02 4.550453741103410721e-03 6.696355342864990234e-02 2.913896739482879639e-02 3.738483786582946777e-02 8.733940776437520981e-04 2.503936178982257843e-02 9.409744292497634888e-03 2.857870236039161682e-02 2.585460431873798370e-02 1.456296816468238831e-02 5.733425915241241455e-02 2.866992354393005371e-02 5.786183103919029236e-02 1.230559404939413071e-02 4.760586190968751907e-03 1.480971276760101318e-02 2.158460952341556549e-02 4.003009945154190063e-02 1.019197236746549606e-02 8.207693696022033691e-02 7.144877221435308456e-03 1.950995065271854401e-02 7.085918635129928589e-02 8.754047751426696777e-02 6.506263464689254761e-02 4.814273118972778320e-02 2.403331547975540161e-02 1.434588525444269180e-02 6.392478197813034058e-02 3.621628507971763611e-02 1.733542606234550476e-02 3.932744637131690979e-02 1.840349473059177399e-02 5.756985768675804138e-02 2.093518711626529694e-02 2.567550726234912872e-02 3.644356131553649902e-02 1.855734921991825104e-02 1.989233493804931641e-02 6.159649416804313660e-02 5.905093858018517494e-04 2.260106848552823067e-03 3.580007702112197876e-02 4.465616866946220398e-02 1.707333140075206757e-02
1.334772352129220963e-02 2.213032543659210205e-02 3.052498400211334229e-01 1.280018314719200134e-02 3.886166587471961975e-02 1.885009557008743286e-02 2.078348025679588318e-02 6.783753633499145508e-02 3.531196154654026031e-03 5.988386645913124084e-02 6.677191704511642456e-02 1.692178100347518921e-02 2.500582486391067505e-02 1.327809132635593414e-02 1.191028580069541931e-01 3.110958263278007507e-02 3.488108515739440918e-02 1.498349197208881378e-02 4.090959578752517700e-02 8.393896743655204773e-03 2.829541079699993134e-02 8.611400425434112549e-02 5.898648407310247421e-03 2.925142087042331696e-02 4.516723752021789551e-02 2.605493180453777313e-02 5.886088591068983078e-03 1.143652945756912231e-02 5.789597332477569580e-02 1.354155247099697590e-04 4.147615283727645874e-02 7.271046191453933716e-02 5.265012383460998535e-02 1.807744055986404419e-02 4.297821968793869019e-02 7.131273299455642700e-02 6.391083449125289917e-02 6.749042868614196777e-02 2.796159498393535614e-02 2.539503574371337891e-02 3.958645462989807129e-02 7.478484883904457092e-03 1.608053594827651978e-02 1.209088135510683060e-02 8.107165340334177017e-04 3.311541303992271423e-02 9.732801467180252075e-03 2.821317873895168304e-02 3.619095310568809509e-02 3.305363655090332031e-02 5.411430448293685913e-02 2.075823955237865448e-02 1.895092055201530457e-02 2.978843450546264648e-02 7.425910327583551407e-03 1.475606299936771393e-02 4.475688189268112183e-02 1.830643159337341785e-03 8.806876093149185181e-02 6.603994872421026230e-03 2.657420374453067780e-02 3.007552213966846466e-02 3.715282678604125977e-02 7.296601310372352600e-03 5.587211251258850098e-02 1.342753134667873383e-02 1.463761180639266968e-02 4.153217375278472900e-02 4.000340774655342102e-02 1.652155071496963501e-03 1.586518064141273499e-02 1.276775449514389038e-02 9.828815236687660217e-03 1.431900728493928909e-02 3.064719494432210922e-03 3.573131933808326721e-02 3.520157188177108765e-02 1.979077607393264771e-02 2.039977163076400757e-02 4.370651021599769592e-02 1.229249387979507446e-01 1.405249238014221191e-01 3.645380586385726929e-02 8.989891409873962402e-02 3.594691306352615356e-02 3.246277943253517151e-02 1.639232486486434937e-01 6.898397952318191528e-02 1.788735948503017426e-02 3.017568727955222130e-03 3.465481102466583252e-02 5.083388462662696838e-02 4.743042588233947754e-02 9.084066748619079590e-02 4.757431149482727051e-02 2.510571479797363281e-02 9.540852904319763184e-02 4.355068504810333252e-02 1.203745231032371521e-02 7.041347678750753403e-03 4.212718084454536438e-02 1.049148105084896088e-02 6.795699149370193481e-02 4.234020784497261047e-02 2.194877713918685913e-02 3.262711456045508385e-03 1.065068505704402924e-02 2.061014994978904724e-02 4.742292221635580063e-03 2.648838236927986145e-02 1.406205259263515472e-02 7.783322036266326904e-02 4.986591264605522156e-02 3.027867153286933899e-02 7.913401350378990173e-03 1.204293686896562576e-02
2.008545957505702972e-02 1.357478089630603790e-02 2.972987852990627289e-02 2.083774283528327942e-02 5.461471155285835266e-02 4.977924283593893051e-03 1.116011198610067368e-02 3.531196154654026031e-03 7.906592637300491333e-02 2.218721807003021240e-02 4.687454178929328918e-02 1.428426522761583328e-02 5.476810038089752197e-02 1.709275320172309875e-02 4.560369779937900603e-05 1.381902117282152176e-02 4.519156739115715027e-02 1.467984616756439209e-01 7.151424884796142578e-02 5.307417735457420349e-02 5.029549449682235718e-02 3.896395489573478699e-02 9.352950751781463623e-02 5.082209780812263489e-02 1.766423322260379791e-02 1.127782464027404785e-02 3.569293767213821411e-02 5.082803964614868164e-02 2.115819603204727173e-02 4.548905417323112488e-02 7.511343806982040405e-03 5.393033847212791443e-02 1.832926087081432343e-02 3.980537131428718567e-02 5.201946012675762177e-03 4.054176062345504761e-02 2.391409128904342651e-03 4.759750328958034515e-03 2.430960908532142639e-02 2.964373491704463959e-02 5.706519633531570435e-02 8.426509052515029907e-02 3.310758247971534729e-02 5.841496959328651428e-02 5.661273747682571411e-02 2.086248248815536499e-02 4.113057255744934082e-02 5.212687328457832336e-02 1.402908563613891602e-01 3.136479109525680542e-02 2.235044352710247040e-02 3.085831878706812859e-03 6.200997531414031982e-02 1.764523386955261230e-01 1.557561457157135010e-01 1.636664569377899170e-02 2.927536889910697937e-02 2.896874956786632538e-02 2.266387082636356354e-02 4.422745853662490845e-02 1.135077700018882751e-01 1.642335020005702972e-02 4.307757131755352020e-03 6.603345973417162895e-04 5.089006386697292328e-03 6.020079180598258972e-02 5.266043916344642639e-02 3.066616505384445190e-02 5.538943409919738770e-02 1.727794110774993896e-02 2.410328574478626251e-02 2.281416207551956177e-02 3.542047739028930664e-02 1.031231135129928589e-02 3.799443691968917847e-02 9.881813079118728638e-03 1.525853872299194336e-01 2.217135764658451080e-02 3.962348774075508118e-02 3.125896304845809937e-02 1.702500856481492519e-03 2.432605810463428497e-02 4.149439185857772827e-02 5.518979951739311218e-02 5.187601223587989807e-02 8.998338133096694946e-03 6.158595904707908630e-02 1.018201187252998352e-01 3.800377307925373316e-04 4.193152487277984619e-02 7.601492572575807571e-03 2.043978869915008545e-02 3.643370047211647034e-02 1.425640378147363663e-02 9.542312473058700562e-03 1.231618225574493408e-02 1.058101467788219452e-02 5.137712880969047546e-02 1.050945967435836792e-01 9.274705499410629272e-02 7.041047513484954834e-02 1.657631807029247284e-02 1.135182939469814301e-02 7.211335469037294388e-03 5.072736367583274841e-02 1.827864721417427063e-02 8.554340340197086334e-03 5.029540136456489563e-02 4.052202776074409485e-02 1.289787143468856812e-02 4.125506430864334106e-02 9.783602319657802582e-03 1.425056252628564835e-02 6.562613695859909058e-02 4.723271122202277184e-04 2.161694504320621490e-02
3.376201167702674866e-02 2.761976607143878937e-02 8.152352645993232727e-03 3.081239946186542511e-02 5.526533350348472595e-02 2.814001776278018951e-02 3.084854222834110260e-02 5.988386645913124084e-02 2.218721807003021240e-02 1.283071488142013550e-01 5.147505085915327072e-03 2.399082295596599579e-02 8.901087567210197449e-03 2.313301712274551392e-02 1.344326231628656387e-02 5.838205292820930481e-02 1.014214660972356796e-02 9.893193840980529785e-03 1.702732741832733154e-01 2.209062501788139343e-02 5.813004449009895325e-02 5.052521824836730957e-02 3.413529694080352783e-02 2.439634688198566437e-02 1.383942831307649612e-02 2.849548123776912689e-02 1.726122200489044189e-02 7.300219684839248657e-02 8.917581872083246708e-04 1.954255998134613037e-02 1.118898671120405197e-02 5.417106300592422485e-02 1.649267971515655518e-02 5.896897986531257629e-02 4.746256023645401001e-02 5.585826560854911804e-02 1.021999046206474304e-01 2.929063746705651283e-03 3.744859248399734497e-02 4.241148754954338074e-02 4.016055911779403687e-02 1.774686202406883240e-02 2.999453060328960419e-02 3.317724168300628662e-02 5.247180536389350891e-02 3.842768818140029907e-02 1.644086092710494995e-02 2.750779676716774702e-04 5.686200782656669617e-02 1.364684253931045532e-01 3.447568416595458984e-02 7.300565019249916077e-03 1.963979564607143402e-02 6.460850685834884644e-02 5.126197636127471924e-02 1.542995423078536987e-01 4.495666176080703735e-02 3.300662711262702942e-02 5.720565840601921082e-02 1.371663250029087067e-02 1.294679660350084305e-02 1.106359809637069702e-01 4.086371883749961853e-02 5.953161045908927917e-03 2.976922504603862762e-02 3.500504791736602783e-02 2.719944156706333160e-02 5.442780256271362305e-02 6.055968697182834148e-04 5.544929951429367065e-02 5.547407269477844238e-02 3.467983379960060120e-02 1.085150539875030518e-01 3.634815663099288940e-02 1.757944375276565552e-02 3.172573819756507874e-02 3.227019682526588440e-02 1.507422029972076416e-01 6.327487528324127197e-03 1.715006232261657715e-01 1.375873479992151260e-02 3.157069906592369080e-02 6.835522595793008804e-03 1.857477575540542603e-01 4.507125914096832275e-02 1.607655920088291168e-02 3.040258958935737610e-02 3.623418137431144714e-02 3.947065770626068115e-02 2.424743957817554474e-02 1.209877431392669678e-02 1.647076383233070374e-02 3.616238385438919067e-02 4.084792360663414001e-02 1.781273446977138519e-02 1.720283553004264832e-02 2.272360771894454956e-02 4.003231599926948547e-02 5.987709015607833862e-02 7.046924531459808350e-02 5.732444673776626587e-02 9.160947054624557495e-03 1.699222438037395477e-02 1.156563498079776764e-02 3.974256105720996857e-03 8.750788867473602295e-03 5.480368435382843018e-02 3.957492113113403320e-02 3.447167202830314636e-02 9.596996824257075787e-04 3.343572467565536499e-02 1.333486009389162064e-02 3.209672402590513229e-03 6.695026904344558716e-02 7.097943127155303955e-02 2.729563415050506592e-02
3.114071302115917206e-02 3.534478694200515747e-02 5.311961099505424500e-02 4.230697080492973328e-02 4.012722149491310120e-02 1.025792807340621948e-01 8.618326485157012939e-02 6.677191704511642456e-02 4.687454178929328918e-02 5.147505085915327072e-03 4.033533856272697449e-02 1.312087476253509521e-02 1.895915865898132324e-01 2.595119923353195190e-02 6.785318255424499512e-02 3.991336002945899963e-02 3.741677105426788330e-02 4.921146109700202942e-02 4.603590071201324463e-02 3.061336651444435120e-02 3.327664360404014587e-02 5.661757290363311768e-02 4.372251033782958984e-02 6.925293244421482086e-03 5.469864699989557266e-03 6.149646360427141190e-03 1.355113089084625244e-02 1.363080926239490509e-02 1.128634214401245117e-01 3.938486427068710327e-02 1.202404573559761047e-01 3.279835730791091919e-02 6.107712164521217346e-03 2.082979492843151093e-02 1.690982840955257416e-02 1.744097843766212463e-02 3.270894661545753479e-02 3.895506635308265686e-02 2.887446247041225433e-02 3.332833573222160339e-02 3.312225267291069031e-02 5.921776592731475830e-02 2.080187387764453888e-02 3.649920597672462463e-02 2.372801490128040314e-02 1.697576045989990234e-02 1.475985944271087646e-01 3.905864059925079346e-02 1.535918563604354858e-02 1.084007695317268372e-02 4.102062061429023743e-02 2.403557114303112030e-02 3.358079120516777039e-02 2.886652387678623199e-02 2.712385356426239014e-02 5.662147887051105499e-03 5.385409574955701828e-03 2.678067889064550400e-03 4.525350034236907959e-02 1.788166351616382599e-02 1.883576624095439911e-02 2.834854274988174438e-02 5.872443318367004395e-03 1.390038430690765381e-02 1.011569350957870483e-01 6.125070899724960327e-02 2.495812997221946716e-02 1.120096631348133087e-02 5.700350552797317505e-02 1.775450445711612701e-02 2.267339825630187988e-02 4.334825277328491211e-02 4.053590074181556702e-02 2.034452185034751892e-02 1.888123899698257446e-02 3.669959306716918945e-02 3.124979510903358459e-02 1.288784109055995941e-02 2.796240709722042084e-02 2.839273028075695038e-02 4.201370850205421448e-02 4.011683538556098938e-02 8.316237479448318481e-02 5.282172001898288727e-03 5.308314785361289978e-02 4.334546625614166260e-02 5.340980738401412964e-02 2.547662006691098213e-03 2.513245865702629089e-02 3.254694864153862000e-02 5.719209834933280945e-02 1.945075020194053650e-02 8.375728793907910585e-05 8.616385608911514282e-02 1.637887209653854370e-02 7.991739362478256226e-02 6.892920285463333130e-02 3.686711192131042480e-02 8.115748874843120575e-03 4.730498418211936951e-02 2.555591240525245667e-02 6.962584797292947769e-03 2.937742508947849274e-02 2.617787383496761322e-02 2.355310693383216858e-02 8.932330645620822906e-03 6.995404139161109924e-03 3.036759234964847565e-02 4.562730714678764343e-02 4.694242030382156372e-03 1.290081627666950226e-02 7.005431503057479858e-02 4.901485145092010498e-02 2.064303122460842133e-02 1.834836229681968689e-02 5.267226696014404297e-02
5.215440690517425537e-02 1.197059173136949539e-02 2.412460930645465851e-02 3.188164904713630676e-03 5.147720500826835632e-02 7.404761016368865967e-02 7.362465560436248779e-02 1.692178100347518921e-02 1.428426522761583328e-02 2.399082295596599579e-02 1.312087476253509521e-02 5.119651928544044495e-02 5.160857364535331726e-02 2.690058946609497070e-01 2.543494803830981255e-03 6.685143802314996719e-03 1.492357230745255947e-03 6.780199706554412842e-02 7.319886982440948486e-02 2.333429083228111267e-02 2.496162662282586098e-03 8.628633804619312286e-03 2.905541099607944489e-02 1.753607019782066345e-02 2.289045788347721100e-02 2.218139916658401489e-02 1.215824484825134277e-02 1.487762331962585449e-01 3.582707606256008148e-03 1.729484200477600098e-01 6.829475611448287964e-02 3.911954909563064575e-02 2.866561152040958405e-02 5.844026431441307068e-02 2.906658127903938293e-02 4.343681782484054565e-02 4.690094292163848877e-02 2.890075370669364929e-02 1.051769964396953583e-02 2.673709392547607422e-02 8.565224707126617432e-03 9.071483276784420013e-03 8.074683696031570435e-02 5.090633407235145569e-02 1.325207352638244629e-01 6.807819474488496780e-03 3.658428043127059937e-02 6.932527758181095123e-03 5.078667774796485901e-02 5.293245241045951843e-02 7.037482224404811859e-03 1.266054576262831688e-03 3.673593327403068542e-02 4.135718569159507751e-02 6.253326684236526489e-02 5.998029187321662903e-02 1.652795821428298950e-02 6.819696165621280670e-03 4.333649203181266785e-02 4.806622397154569626e-03 1.493182871490716934e-02 9.406007081270217896e-02 3.674351144582033157e-03 2.897648699581623077e-02 1.951417536474764347e-03 5.985854193568229675e-02 2.297056652605533600e-02 2.193434722721576691e-02 3.079819725826382637e-03 7.452644873410463333e-03 3.140456601977348328e-02 4.762522876262664795e-02 2.234628237783908844e-02 1.684755086898803711e-02 5.661221221089363098e-02 1.043347455561161041e-02 1.040871627628803253e-02 9.713110513985157013e-03 4.320974647998809814e-02 4.472593218088150024e-02 4.407525807619094849e-02 4.623576626181602478e-02 5.057552829384803772e-02 6.293291808106005192e-04 3.130987659096717834e-02 7.475046068429946899e-02 3.691678866744041443e-02 6.162084266543388367e-02 9.547249227762222290e-02 5.978120118379592896e-02 5.272239446640014648e-02 6.640023086220026016e-03 6.991733796894550323e-03 2.598361112177371979e-03 1.678441092371940613e-02 8.682225644588470459e-02 1.446445100009441376e-02 1.904327236115932465e-02 1.215410884469747543e-03 3.969791531562805176e-02 2.292882651090621948e-02 9.295097738504409790e-02 2.185064950026571751e-04 4.376031458377838135e-02 5.616835784167051315e-03 3.688373789191246033e-02 6.290776282548904419e-02 4.081365838646888733e-02 2.948000840842723846e-02 4.619531333446502686e-03 2.175382152199745178e-02 6.623664498329162598e-02 1.071086991578340530e-02 3.858921304345130920e-02 3.859872370958328247e-02 1.594351790845394135e-02
5.367197096347808838e-03 5.664711445569992065e-02 6.903747469186782837e-02 9.957867674529552460e-03 3.502519056200981140e-02 1.196416020393371582e-01 1.332652419805526733e-01 2.500582486391067505e-02 5.476810038089752197e-02 8.901087567210197449e-03 1.895915865898132324e-01 5.160857364535331726e-02 5.448414757847785950e-02 1.463595591485500336e-02 2.931408397853374481e-02 3.310837969183921814e-02 3.764959797263145447e-02 4.749301075935363770e-02 1.707136258482933044e-02 4.682955332100391388e-04 1.403865590691566467e-02 5.283813225105404854e-04 1.848989725112915039e-02 7.917338982224464417e-03 2.394676581025123596e-02 1.968739554286003113e-02 2.793631143867969513e-02 6.671246141195297241e-02 7.034722715616226196e-02 1.779928430914878845e-02 1.158870309591293335e-01 2.168666198849678040e-02 9.923457400873303413e-04 2.185292728245258331e-02 1.829124800860881805e-02 4.828551784157752991e-02 2.091690525412559509e-02 5.774955824017524719e-02 6.206150725483894348e-02 4.001704510301351547e-03 2.085953578352928162e-02 1.658286713063716888e-02 2.875942364335060120e-02 6.241745129227638245e-02 3.638866916298866272e-02 4.730294644832611084e-02 1.196230873465538025e-01 7.690971344709396362e-02 4.814202897250652313e-03 3.214057162404060364e-02 6.998927891254425049e-02 4.658274725079536438e-02 3.378618136048316956e-02 9.013494104146957397e-02 2.506271190941333771e-02 2.645796351134777069e-02 6.225373223423957825e-02 5.296107381582260132e-03 7.719034329056739807e-03 9.488198161125183105e-02 2.647347375750541687e-02 5.304633453488349915e-02 5.622795782983303070e-03 1.048403792083263397e-02 3.012025728821754456e-02 9.366700798273086548e-02 1.506665255874395370e-03 1.338187418878078461e-02 3.947754949331283569e-02 3.491378203034400940e-02 3.658090531826019287e-02 1.922007650136947632e-02 1.736252009868621826e-02 3.317720443010330200e-02 1.108812075108289719e-02 1.462590601295232773e-02 2.472856640815734863e-02 1.175598474219441414e-03 6.141611188650131226e-02 4.437648132443428040e-02 4.812442138791084290e-02 5.896471813321113586e-02 2.596271410584449768e-02 7.055757101625204086e-03 1.954558305442333221e-02 1.581243850523605943e-04 7.104382663965225220e-02 9.030426293611526489e-02 4.337614029645919800e-02 4.017264768481254578e-02 1.876354031264781952e-02 2.616059780120849609e-02 1.041864790022373199e-02 5.033521726727485657e-02 4.938019067049026489e-02 4.771188274025917053e-02 1.802583411335945129e-02 1.629638858139514923e-02 1.979863457381725311e-02 5.922439321875572205e-02 3.992048278450965881e-02 1.185010746121406555e-02 1.266956329345703125e-02 2.128591993823647499e-03 2.056505344808101654e-02 1.523319049738347530e-03 5.049155093729496002e-03 2.424313314259052277e-02 3.534774482250213623e-02 3.711631894111633301e-02 1.897779176943004131e-03 3.334758803248405457e-02 3.661675378680229187e-02 1.326549332588911057e-02 3.327601402997970581e-02 4.371486976742744446e-02
