1.041368916630744934e-01 2.312624454498291016e-01 1.103806309401988983e-03 4.206096287816762924e-03 3.115297295153141022e-02 2.177367508411407471e-01 9.542427211999893188e-02 4.691477119922637939e-02 1.210182812064886093e-02 3.915582969784736633e-02 1.267554908990859985e-01 3.022575378417968750e-02 1.047004237771034241e-01 4.706113412976264954e-02 3.968051820993423462e-02 2.510119043290615082e-02 4.614589735865592957e-02 3.694187104701995850e-02 1.069980324245989323e-03 1.147592999041080475e-02 2.864853478968143463e-03 4.793123155832290649e-02 8.978552184998989105e-03 2.387558668851852417e-02 4.056520760059356689e-02 3.385601565241813660e-02 6.077773123979568481e-02 3.236405923962593079e-02 4.634500481188297272e-03 4.428281635046005249e-02 4.910662770271301270e-02 1.485817693173885345e-02 4.434075951576232910e-02 4.366786032915115356e-02 6.113289855420589447e-03 4.387809708714485168e-02 1.388050056993961334e-02 4.866487532854080200e-02 4.078761860728263855e-02 7.337926886975765228e-03 3.241525217890739441e-02 3.253521025180816650e-02 3.336629271507263184e-02 3.210330754518508911e-02 3.406148031353950500e-02 1.703848876059055328e-02 1.094610244035720825e-01 1.788848638534545898e-02 5.320124793797731400e-03 1.600213907659053802e-02 3.385878633707761765e-03 3.580734133720397949e-02 5.913840606808662415e-03 5.006680730730295181e-03 4.581307992339134216e-02 1.354799866676330566e-01 3.511086478829383850e-02 1.145331561565399170e-02 1.990839652717113495e-02 3.427353128790855408e-02 5.077523738145828247e-02 2.727957325987517834e-04 1.311441324651241302e-02 2.129559218883514404e-02 5.037319380789995193e-03 1.298195309937000275e-02 3.245925530791282654e-02 5.921874195337295532e-03 1.309102587401866913e-02 1.080328691750764847e-02 1.426721457391977310e-02 5.047304928302764893e-02 4.287460073828697205e-02 7.985488325357437134e-02 1.020278781652450562e-02 8.021478541195392609e-03 1.814308017492294312e-02 4.745410755276679993e-02 1.209161337465047836e-02 3.507085144519805908e-02 5.421593319624662399e-03 1.472070347517728806e-02 3.280740976333618164e-02 9.605688042938709259e-03 5.809862166643142700e-02 4.372769221663475037e-02 2.068169182166457176e-03 2.038135938346385956e-02 7.291168440133333206e-03 4.610646516084671021e-02 6.740479916334152222e-02 1.027010660618543625e-02 4.402159154415130615e-02 3.017364256083965302e-02 2.270456403493881226e-02 9.405748918652534485e-03 5.742669850587844849e-02 1.073542237281799316e-02 2.835969254374504089e-02 2.655840944498777390e-04 9.352695196866989136e-03 2.525026723742485046e-02 4.064580891281366348e-03 4.360493738204240799e-03 1.765418611466884613e-02 3.221709653735160828e-02 4.548135772347450256e-02 4.153220728039741516e-02 4.347012937068939209e-02 1.583203091286122799e-03 7.284624129533767700e-02 3.397318348288536072e-02 3.003443777561187744e-02 2.258970960974693298e-02 6.721530109643936157e-02 7.342314813286066055e-03
2.312624454498291016e-01 6.649166345596313477e-02 2.742439322173595428e-02 2.982779033482074738e-02 1.321007777005434036e-02 6.061802431941032410e-02 9.490001946687698364e-02 1.085625216364860535e-02 1.078739855438470840e-02 4.577859863638877869e-02 6.437969207763671875e-02 4.234676249325275421e-03 1.153397485613822937e-01 5.706620588898658752e-02 3.241062909364700317e-02 1.237062830477952957e-02 4.011597111821174622e-02 2.665463369339704514e-03 7.107963785529136658e-03 3.647220879793167114e-02 6.209865957498550415e-02 1.737672463059425354e-02 4.346074163913726807e-02 5.849689245223999023e-02 4.321415326558053493e-04 3.322321549057960510e-02 5.946108326315879822e-02 1.566643640398979187e-02 7.364790141582489014e-02 2.019690908491611481e-02 2.258671075105667114e-02 5.473926430568099022e-04 2.185219526290893555e-02 2.052410691976547241e-02 2.522167004644870758e-02 1.999641582369804382e-02 3.643700852990150452e-02 1.789196208119392395e-02 4.619634896516799927e-02 2.603567577898502350e-02 5.697700381278991699e-02 3.664300544187426567e-03 3.841990977525711060e-02 1.957426406443119049e-02 3.901480883359909058e-02 2.451743558049201965e-02 5.864215642213821411e-02 3.366703167557716370e-02 4.230355098843574524e-02 4.547512531280517578e-02 9.924767538905143738e-03 9.174181148409843445e-03 8.443723432719707489e-03 9.753039106726646423e-03 2.495518140494823456e-02 2.015390992164611816e-02 1.907479204237461090e-02 2.299211174249649048e-02 1.959582418203353882e-02 1.434736140072345734e-02 1.190662197768688202e-02 2.572594583034515381e-02 1.944219879806041718e-02 2.754114568233489990e-02 2.106422372162342072e-02 2.995670028030872345e-02 1.148028881289064884e-03 6.580772344022989273e-03 5.294422805309295654e-02 3.374658757820725441e-03 4.942389205098152161e-02 1.964893378317356110e-02 2.212764881551265717e-02 4.491933435201644897e-02 2.657626569271087646e-02 4.381333012133836746e-03 8.452122099697589874e-03 6.404621899127960205e-02 3.853254392743110657e-02 4.859556257724761963e-02 2.573872730135917664e-02 3.000403381884098053e-02 3.738637268543243408e-02 3.466797620058059692e-02 5.813780426979064941e-02 9.127894416451454163e-03 1.191386487334966660e-02 9.947246871888637543e-04 1.411769911646842957e-02 3.323833271861076355e-02 5.341897252947092056e-03 2.050734683871269226e-02 3.458998724818229675e-02 1.032777689397335052e-02 4.969843663275241852e-03 3.860698267817497253e-02 2.090953849256038666e-02 6.659503094851970673e-03 3.822983428835868835e-02 1.714621670544147491e-02 1.443058624863624573e-02 1.101871300488710403e-02 3.160862252116203308e-02 2.471308968961238861e-02 4.032920114696025848e-03 1.761360093951225281e-02 6.833465769886970520e-03 4.310093075037002563e-02 5.348645523190498352e-02 4.794702306389808655e-02 8.265475928783416748e-02 4.525108635425567627e-02 7.029018551111221313e-02 4.888045415282249451e-02 8.230853825807571411e-02 6.403003633022308350e-02
1.103806309401988983e-03 2.742439322173595428e-02 4.919300228357315063e-02 5.692860577255487442e-03 2.809266932308673859e-02 3.151933103799819946e-02 2.705272845923900604e-02 6.784544885158538818e-02 4.970902204513549805e-02 1.147287199273705482e-03 2.789507992565631866e-02 6.426358968019485474e-02 6.159839779138565063e-02 2.824027091264724731e-02 8.269190788269042969e-02 3.329990804195404053e-02 3.278709203004837036e-02 9.045500308275222778e-02 6.270711123943328857e-02 2.293333411216735840e-02 5.067338421940803528e-02 4.328444600105285645e-02 2.428206056356430054e-02 2.800592780113220215e-02 6.344511359930038452e-02 5.947525799274444580e-02 3.545336797833442688e-02 3.525301814079284668e-02 1.903069438412785530e-03 4.682272672653198242e-02 6.951956450939178467e-02 4.338252171874046326e-02 1.508281752467155457e-02 2.152113243937492371e-02 6.299480050802230835e-02 9.263347089290618896e-02 6.184900924563407898e-02 2.623141370713710785e-02 1.968412473797798157e-02 1.841111667454242706e-02 3.134156763553619385e-02 5.000933259725570679e-02 2.858314476907253265e-02 4.304778575897216797e-02 5.108899250626564026e-02 4.653336480259895325e-03 5.946655571460723877e-02 4.021077603101730347e-02 3.416585549712181091e-02 9.630972146987915039e-02 3.136269375681877136e-02 2.509283646941184998e-02 3.373780846595764160e-02 4.857775289565324783e-03 4.703826084733009338e-02 1.222788821905851364e-02 1.698095723986625671e-02 1.229304238222539425e-03 1.035670517012476921e-03 2.202759683132171631e-02 3.903590515255928040e-02 4.749291017651557922e-02 5.170685052871704102e-02 2.715710364282131195e-02 3.790115937590599060e-02 4.133592918515205383e-02 1.514999847859144211e-02 2.388993976637721062e-03 4.544654861092567444e-02 3.441993147134780884e-03 2.533820457756519318e-02 4.638149589300155640e-02 3.726099431514739990e-02 2.269600331783294678e-02 8.700485341250896454e-03 5.126230791211128235e-02 5.126276519149541855e-03 7.077852729707956314e-03 2.453441917896270752e-02 2.985736541450023651e-02 2.267295271158218384e-01 1.112628355622291565e-01 2.097232826054096222e-02 8.275028318166732788e-02 2.457662113010883331e-02 3.688206151127815247e-02 8.201572299003601074e-02 4.770473763346672058e-02 1.552828820422291756e-03 3.956521395593881607e-03 2.437659725546836853e-02 2.297351136803627014e-02 3.836032375693321228e-02 2.330738306045532227e-02 1.118551418185234070e-01 4.366879537701606750e-02 1.641570962965488434e-02 3.888294473290443420e-02 1.489064656198024750e-02 9.289566427469253540e-03 3.308161348104476929e-02 2.896023355424404144e-02 6.969874724745750427e-03 5.467713810503482819e-03 5.397623777389526367e-02 8.948647417128086090e-03 1.176012903451919556e-01 1.742310472764074802e-03 5.719539523124694824e-02 4.513658955693244934e-02 2.829215256497263908e-03 2.476209402084350586e-02 2.172335237264633179e-02 4.386802203953266144e-03 6.743378192186355591e-02 5.799524113535881042e-02
4.206096287816762924e-03 2.982779033482074738e-02 5.692860577255487442e-03 8.614563196897506714e-02 2.609520554542541504e-01 3.572767972946166992e-02 3.486551716923713684e-02 3.626093268394470215e-02 4.628020897507667542e-02 5.003450065851211548e-02 3.489849716424942017e-02 2.190752699971199036e-02 4.605622962117195129e-02 2.529252320528030396e-02 4.786461964249610901e-02 2.534478204324841499e-03 1.465711276978254318e-02 2.554207667708396912e-02 8.471038192510604858e-03 4.843637719750404358e-02 1.354749593883752823e-02 6.030163541436195374e-02 1.596543937921524048e-02 2.304163016378879547e-02 2.509808726608753204e-02 4.685650113970041275e-03 4.920961335301399231e-02 2.966482192277908325e-02 5.593203939497470856e-03 1.134714856743812561e-02 2.535810880362987518e-02 8.179688826203346252e-03 5.930861085653305054e-02 5.798014346510171890e-03 1.668467558920383453e-02 4.713892471045255661e-03 3.151994198560714722e-02 3.509630681946873665e-03 1.391110122203826904e-01 1.185278743505477905e-01 1.268318295478820801e-02 5.306597054004669189e-02 4.259796068072319031e-02 6.544201821088790894e-02 2.159214206039905548e-02 7.166942954063415527e-02 8.110628463327884674e-03 1.386210322380065918e-02 3.727527707815170288e-02 4.571822658181190491e-02 3.940198570489883423e-02 1.202197279781103134e-02 2.394386753439903259e-02 4.086310788989067078e-02 4.076540470123291016e-02 1.445092819631099701e-02 1.062064431607723236e-02 1.965406537055969238e-02 1.696299575269222260e-02 5.870185792446136475e-03 6.598899513483047485e-02 2.545495890080928802e-02 3.610062599182128906e-02 2.938519697636365891e-03 3.550170920789241791e-03 5.499090999364852905e-02 2.793976664543151855e-02 2.530795335769653320e-02 3.312608925625681877e-03 1.320345327258110046e-02 4.899491905234754086e-04 1.468545233365148306e-04 1.456654369831085205e-01 4.585632123053073883e-03 6.246260926127433777e-02 2.925110794603824615e-02 1.678231917321681976e-02 2.244510501623153687e-02 4.734896495938301086e-02 9.003752842545509338e-03 1.962385140359401703e-02 6.940759252756834030e-03 1.172979474067687988e-01 1.254254952073097229e-02 4.392105620354413986e-03 1.721443049609661102e-02 8.718479424715042114e-03 3.206526488065719604e-02 2.647623186931014061e-03 2.552569378167390823e-03 2.260140143334865570e-02 1.631916873157024384e-02 2.387805096805095673e-02 2.976734004914760590e-02 2.125271409749984741e-02 1.341625396162271500e-02 1.977259665727615356e-02 5.418234504759311676e-03 5.067985132336616516e-02 1.950961910188198090e-02 3.357701376080513000e-02 3.251126781105995178e-02 1.398051902651786804e-02 1.378401648253202438e-03 9.159261360764503479e-03 3.308847919106483459e-02 4.657451529055833817e-03 1.251717563718557358e-03 4.298793151974678040e-02 1.064987853169441223e-02 3.708850219845771790e-02 3.714241320267319679e-03 5.767098069190979004e-02 4.774636775255203247e-02 1.041342318058013916e-02 2.794066816568374634e-02
3.115297295153141022e-02 1.321007777005434036e-02 2.809266932308673859e-02 2.609520554542541504e-01 6.699999421834945679e-02 2.049785107374191284e-02 2.961482107639312744e-02 7.134168408811092377e-03 7.511063944548368454e-03 6.153284013271331787e-02 8.770443499088287354e-03 3.884668403770774603e-04 2.871391177177429199e-02 1.522060483694076538e-03 2.274288237094879150e-02 4.172957688570022583e-02 4.268059879541397095e-02 2.098100632429122925e-02 1.028390508145093918e-02 3.277617692947387695e-02 2.303063683211803436e-02 1.075772102922201157e-02 4.901102930307388306e-02 2.502425760030746460e-02 2.774965763092041016e-02 3.474146127700805664e-02 5.849706754088401794e-02 3.967879805713891983e-03 1.485860720276832581e-02 6.354816257953643799e-02 2.960480563342571259e-02 4.915306344628334045e-02 3.956577554345130920e-02 3.673329949378967285e-02 3.785775974392890930e-02 6.757595110684633255e-03 1.965885981917381287e-02 9.627694264054298401e-03 1.188539862632751465e-01 2.067619711160659790e-01 1.048369915224611759e-03 5.035509541630744934e-02 8.714537136256694794e-03 4.096821695566177368e-02 9.464939683675765991e-02 8.874232321977615356e-02 2.720500901341438293e-02 2.365198358893394470e-02 6.685502827167510986e-02 2.681512758135795593e-02 8.319165557622909546e-03 2.418670244514942169e-02 1.902199164032936096e-02 2.616173215210437775e-02 7.219474017620086670e-02 4.117983207106590271e-02 2.556341700255870819e-02 1.830997504293918610e-02 8.983802050352096558e-03 6.404689699411392212e-02 3.552003577351570129e-02 4.223012924194335938e-02 1.109689380973577499e-02 6.653259694576263428e-02 1.878133602440357208e-02 1.686096750199794769e-02 3.896220773458480835e-02 2.003050595521926880e-02 4.093922674655914307e-02 3.822705522179603577e-02 2.415304817259311676e-02 1.933024451136589050e-02 1.171831786632537842e-01 3.192543610930442810e-02 1.405135095119476318e-01 1.660416647791862488e-02 5.354509130120277405e-02 5.279701203107833862e-02 4.177071526646614075e-02 3.635617718100547791e-02 3.920509293675422668e-02 1.016485877335071564e-02 8.326623588800430298e-02 4.379601404070854187e-02 1.582296192646026611e-02 1.636963523924350739e-02 1.016275864094495773e-02 3.178384900093078613e-02 2.207145094871520996e-02 2.066820859909057617e-02 6.495196837931871414e-03 2.306533418595790863e-02 1.623321138322353363e-02 5.585319828242063522e-03 1.441214047372341156e-02 4.869820550084114075e-02 2.927938289940357208e-02 1.900952542200684547e-03 2.593842521309852600e-02 1.379010267555713654e-03 1.730306656099855900e-03 5.543586332350969315e-03 1.534787379205226898e-02 1.833596825599670410e-02 2.318745851516723633e-02 8.408538065850734711e-03 2.842915430665016174e-02 2.239670790731906891e-02 9.164446964859962463e-03 2.761463401839137077e-03 3.476451337337493896e-02 1.628694869577884674e-02 1.496621686965227127e-02 1.200563833117485046e-02 3.479462116956710815e-02 5.348454788327217102e-02
2.177367508411407471e-01 6.061802431941032410e-02 3.151933103799819946e-02 3.572767972946166992e-02 2.049785107374191284e-02 1.403320729732513428e-01 2.685856819152832031e-01 4.554891213774681091e-02 4.802197962999343872e-02 1.048538237810134888e-01 5.473593994975090027e-02 1.040757969021797180e-01 1.495087333023548126e-02 8.856283128261566162e-02 1.911380328238010406e-02 2.422769786790013313e-03 3.473764285445213318e-02 4.820156842470169067e-02 8.160737901926040649e-02 1.167584909126162529e-03 1.343722362071275711e-02 2.549364604055881500e-02 2.829641290009021759e-02 8.522761985659599304e-03 4.393593966960906982e-02 4.903477802872657776e-02 2.742075547575950623e-02 6.092226132750511169e-02 2.347498759627342224e-02 1.288041844964027405e-02 1.468005031347274780e-02 4.083114210516214371e-03 3.529034554958343506e-02 4.294741898775100708e-02 3.003878332674503326e-02 5.066759511828422546e-02 6.117107719182968140e-02 6.196349486708641052e-02 1.875969022512435913e-02 1.059408579021692276e-02 2.943675965070724487e-03 2.704370021820068359e-02 2.203550189733505249e-02 1.369686797261238098e-03 4.209672287106513977e-02 2.229710668325424194e-02 2.631967365741729736e-01 7.091999799013137817e-02 3.910638019442558289e-02 4.245640337467193604e-02 3.570876643061637878e-02 2.998332493007183075e-02 3.190872818231582642e-02 3.222689032554626465e-02 1.603800617158412933e-02 9.140362963080406189e-03 1.172951329499483109e-02 3.353688865900039673e-02 1.028749067336320877e-02 2.259255386888980865e-02 5.333935469388961792e-02 5.150276795029640198e-02 1.904231496155261993e-02 3.553540632128715515e-02 9.412808343768119812e-03 2.890302985906600952e-02 3.961947187781333923e-02 3.517626971006393433e-02 2.127633243799209595e-02 2.049345709383487701e-02 1.240785606205463409e-02 2.846730314195156097e-02 2.211601287126541138e-02 2.965551055967807770e-02 1.051568016409873962e-01 2.770697697997093201e-03 4.566364362835884094e-02 6.361505389213562012e-02 8.316483581438660622e-04 5.327720567584037781e-02 1.039400789886713028e-02 1.242240890860557556e-02 2.101726643741130829e-02 6.127791851758956909e-02 6.536869704723358154e-02 4.935171827673912048e-02 1.280156057327985764e-02 1.835149899125099182e-02 2.121028117835521698e-02 6.760855764150619507e-02 1.417015120387077332e-02 2.712982008233666420e-03 5.451850593090057373e-03 3.703336045145988464e-02 1.270940434187650681e-02 4.417978227138519287e-02 4.406382143497467041e-02 1.130317058414220810e-02 2.410795353353023529e-02 1.135024055838584900e-02 3.078347258269786835e-02 1.785403862595558167e-02 2.776685729622840881e-02 5.203840322792530060e-03 2.218151465058326721e-02 2.990445308387279510e-02 8.366248756647109985e-02 1.659040898084640503e-02 2.800324233248829842e-03 1.961645670235157013e-02 4.655522108078002930e-02 1.835494302213191986e-02 3.977078199386596680e-02 1.793556474149227142e-02 4.803922399878501892e-02 2.433096244931221008e-02
9.542427211999893188e-02 9.490001946687698364e-02 2.705272845923900604e-02 3.486551716923713684e-02 2.961482107639312744e-02 2.685856819152832031e-01 1.181270405650138855e-01 3.339725732803344727e-02 4.119534045457839966e-02 6.128042563796043396e-02 3.570554777979850769e-02 2.799328416585922241e-02 2.605298161506652832e-02 5.594281107187271118e-02 8.545039221644401550e-03 1.723582111299037933e-02 2.196321077644824982e-02 6.248150486499071121e-03 5.969477817416191101e-02 2.711367793381214142e-02 2.205748111009597778e-02 3.121508285403251648e-02 1.313284877687692642e-02 1.629678905010223389e-02 1.258024573326110840e-02 2.105688210576772690e-03 6.241714581847190857e-03 1.789794489741325378e-02 6.969883292913436890e-02 2.783928625285625458e-02 3.657508268952369690e-02 2.181597985327243805e-02 1.883007027208805084e-02 4.106524586677551270e-02 1.942973025143146515e-02 1.349099352955818176e-02 6.283757090568542480e-02 5.148135591298341751e-03 2.583364397287368774e-02 1.867104135453701019e-02 1.944071985781192780e-02 7.123675197362899780e-03 5.158418789505958557e-04 3.641090542078018188e-02 4.669076204299926758e-02 3.957009688019752502e-02 1.651999503374099731e-01 1.575921177864074707e-01 6.647934671491384506e-03 3.356901928782463074e-02 4.135980736464262009e-03 3.512162342667579651e-02 6.183619424700737000e-02 6.146687641739845276e-02 1.119994372129440308e-02 2.424711920320987701e-02 2.273289673030376434e-02 3.165484219789505005e-02 3.425505757331848145e-02 2.720225602388381958e-02 3.155254200100898743e-02 6.896662991493940353e-03 2.762585133314132690e-02 1.575574837625026703e-02 3.407678380608558655e-02 3.840418159961700439e-02 2.301234565675258636e-02 1.830010674893856049e-02 1.287458650767803192e-02 1.267769373953342438e-02 1.509402506053447723e-02 2.541437745094299316e-03 1.007710024714469910e-02 5.671646445989608765e-03 3.553617373108863831e-02 1.078087370842695236e-02 6.010246649384498596e-02 1.876885816454887390e-02 2.138230763375759125e-02 3.276988863945007324e-02 1.738580688834190369e-02 2.416553720831871033e-02 2.259112149477005005e-02 1.981943286955356598e-02 5.933302268385887146e-02 1.694475114345550537e-02 1.559759140945971012e-03 1.374697312712669373e-02 9.038910269737243652e-03 4.868609830737113953e-02 3.667267784476280212e-02 6.755825132131576538e-03 5.656125023961067200e-02 4.035453777760267258e-03 8.408664166927337646e-02 9.528420865535736084e-02 1.187817286700010300e-02 6.733248475939035416e-03 4.100592806935310364e-02 1.030154875479638577e-03 2.329222625121474266e-03 4.920630156993865967e-02 3.142995014786720276e-02 3.038491308689117432e-02 4.546752572059631348e-02 2.058649668470025063e-03 5.264649540185928345e-02 2.288755029439926147e-02 3.079463203903287649e-05 3.171965852379798889e-02 2.959728054702281952e-02 1.885587535798549652e-02 1.427004393190145493e-02 9.024320170283317566e-03 3.328657476231455803e-03 3.552862908691167831e-03
4.691477119922637939e-02 1.085625216364860535e-02 6.784544885158538818e-02 3.626093268394470215e-02 7.134168408811092377e-03 4.554891213774681091e-02 3.339725732803344727e-02 4.959838092327117920e-02 7.874681800603866577e-02 7.640137523412704468e-02 1.798611693084239960e-02 5.163990333676338196e-02 3.912436962127685547e-02 5.806931480765342712e-02 1.369328051805496216e-01 9.589120000600814819e-02 1.508382242172956467e-02 5.525274202227592468e-02 3.228402137756347656e-02 4.894204065203666687e-02 3.662716224789619446e-02 2.985716052353382111e-02 8.418622612953186035e-02 9.393812716007232666e-02 3.296012990176677704e-03 4.415670409798622131e-02 3.888328745961189270e-02 2.279974892735481262e-02 9.504237212240695953e-03 1.073388382792472839e-02 5.729007720947265625e-02 6.267903000116348267e-02 3.834984079003334045e-02 1.578851230442523956e-02 6.861752271652221680e-02 1.857717148959636688e-02 4.285077564418315887e-03 1.764519698917865753e-02 5.262336507439613342e-02 2.578713931143283844e-02 4.644434899091720581e-02 7.124865055084228516e-02 4.280922189354896545e-02 8.298604190349578857e-02 4.062771797180175781e-02 1.713890396058559418e-02 2.808401174843311310e-02 2.061939425766468048e-02 6.269121915102005005e-02 1.708248257637023926e-02 2.208511345088481903e-02 2.286297269165515900e-02 5.134905502200126648e-02 1.588700152933597565e-02 5.672028660774230957e-02 6.176525261253118515e-03 1.586020924150943756e-02 4.036707431077957153e-02 3.960375487804412842e-02 3.821030631661415100e-02 5.685253441333770752e-02 6.829051673412322998e-02 5.535709112882614136e-02 4.526919871568679810e-02 1.760327629745006561e-02 2.948657609522342682e-02 3.374637570232152939e-03 7.646901067346334457e-03 5.560910329222679138e-02 1.612409576773643494e-02 8.526694960892200470e-03 2.564500458538532257e-02 5.876731127500534058e-02 1.947910990566015244e-03 8.142796158790588379e-02 4.202581942081451416e-02 1.074010785669088364e-02 8.409958332777023315e-02 2.166760712862014771e-02 5.871818587183952332e-02 2.094205021858215332e-01 1.908971816301345825e-01 3.612628951668739319e-02 1.009992286562919617e-01 4.964831098914146423e-02 6.847141310572624207e-03 1.005725637078285217e-01 3.941186144948005676e-02 2.285219030454754829e-03 7.812555879354476929e-02 3.093684650957584381e-02 4.701169580221176147e-02 4.489772394299507141e-02 2.161769010126590729e-02 7.883784919977188110e-02 3.301922231912612915e-02 2.722348272800445557e-02 2.962567843496799469e-02 1.439880114048719406e-02 4.198273643851280212e-03 3.115717321634292603e-02 6.506098061800003052e-02 2.175385504961013794e-02 3.129951888695359230e-03 7.884758524596691132e-03 2.879669331014156342e-02 3.922749683260917664e-02 3.816313296556472778e-02 3.646691516041755676e-02 3.428250178694725037e-02 2.347698173252865672e-04 3.706746175885200500e-02 2.170101739466190338e-02 9.139436297118663788e-03 3.760099038481712341e-02 2.126791328191757202e-02
1.210182812064886093e-02 1.078739855438470840e-02 4.970902204513549805e-02 4.628020897507667542e-02 7.511063944548368454e-03 4.802197962999343872e-02 4.119534045457839966e-02 7.874681800603866577e-02 1.157411932945251465e-01 1.250457018613815308e-01 3.138653561472892761e-02 1.043760478496551514e-01 3.916609287261962891e-02 1.256435457617044449e-02 2.070825733244419098e-02 6.308495998382568359e-02 1.486075296998023987e-02 1.730776280164718628e-01 5.983437597751617432e-02 7.588302716612815857e-03 4.490800574421882629e-02 3.398286178708076477e-03 6.958040595054626465e-02 5.890641361474990845e-02 7.193408906459808350e-03 9.639085270464420319e-03 2.249852195382118225e-02 5.830761790275573730e-02 5.765174329280853271e-02 2.249054051935672760e-02 1.166839525103569031e-02 6.360398977994918823e-02 4.376034811139106750e-02 2.119423821568489075e-02 2.627250552177429199e-02 3.548226878046989441e-02 1.278390176594257355e-02 1.984114944934844971e-02 5.957998801022768021e-04 4.558267444372177124e-02 2.280825749039649963e-02 2.093230187892913818e-02 3.329342231154441833e-02 1.226788386702537537e-02 1.084269676357507706e-02 6.807187944650650024e-02 3.338935226202011108e-02 4.742870852351188660e-02 3.748744726181030273e-02 9.524726308882236481e-03 3.096385300159454346e-02 1.347243413329124451e-02 2.478535473346710205e-02 4.324996843934059143e-02 1.323362439870834351e-01 1.781312003731727600e-02 4.475050419569015503e-02 4.259294364601373672e-03 3.687626123428344727e-02 5.502668209373950958e-03 4.904510825872421265e-02 3.920587245374917984e-03 6.236816756427288055e-03 5.730661749839782715e-02 4.327753931283950806e-02 5.620181187987327576e-02 3.083918616175651550e-02 1.831248775124549866e-02 8.597066998481750488e-02 5.265598651021718979e-03 2.974592335522174835e-02 6.425019353628158569e-02 6.870963424444198608e-02 3.377083316445350647e-02 8.297391235828399658e-02 4.763193428516387939e-02 2.408965528011322021e-01 4.603360965847969055e-02 2.530279196798801422e-02 4.992760717868804932e-02 2.910494059324264526e-02 3.324327990412712097e-02 1.042313128709793091e-01 7.993798702955245972e-02 2.950962632894515991e-02 5.451370775699615479e-02 1.870515197515487671e-02 3.374303504824638367e-02 1.210947558283805847e-01 4.002044349908828735e-02 4.452836234122514725e-03 3.287250548601150513e-02 3.426878154277801514e-02 2.146520651876926422e-02 2.486695908010005951e-02 4.064569249749183655e-02 3.140782937407493591e-02 2.440685592591762543e-02 1.573693007230758667e-02 1.948639005422592163e-02 4.266811534762382507e-02 3.056199103593826294e-02 8.056261576712131500e-03 3.188849613070487976e-02 1.762549579143524170e-02 2.884542569518089294e-03 2.028182521462440491e-02 2.785640768706798553e-02 1.326899696141481400e-02 8.299642801284790039e-02 3.115370497107505798e-02 7.185565307736396790e-03 2.301564440131187439e-03 3.467952087521553040e-02 2.029795758426189423e-02 4.797007143497467041e-02
3.915582969784736633e-02 4.577859863638877869e-02 1.147287199273705482e-03 5.003450065851211548e-02 6.153284013271331787e-02 1.048538237810134888e-01 6.128042563796043396e-02 7.640137523412704468e-02 1.250457018613815308e-01 8.001608401536941528e-02 3.162293508648872375e-02 2.885903604328632355e-02 1.111569534987211227e-02 4.149432107806205750e-02 3.625802462920546532e-03 5.295289307832717896e-02 6.976535171270370483e-02 4.346303641796112061e-02 2.612531930208206177e-02 2.139574661850929260e-02 5.879547446966171265e-02 4.258530959486961365e-02 3.781412169337272644e-02 6.434198468923568726e-02 3.452363610267639160e-02 9.479964151978492737e-03 6.970260757952928543e-03 1.011733151972293854e-02 3.603809513151645660e-03 3.193302080035209656e-02 2.029875665903091431e-02 3.127938881516456604e-02 3.756739664822816849e-03 2.278412692248821259e-02 2.261238731443881989e-02 3.835638239979743958e-02 5.983483418822288513e-02 3.720137849450111389e-02 2.943495847284793854e-02 5.033299326896667480e-02 4.999282537028193474e-04 3.360635042190551758e-02 5.056984350085258484e-02 1.524586044251918793e-02 4.783715307712554932e-02 2.512132003903388977e-02 6.038425490260124207e-04 3.935385867953300476e-02 7.378135621547698975e-02 3.203329816460609436e-02 5.009661614894866943e-02 1.190263591706752777e-02 2.701972797513008118e-02 1.204353757202625275e-02 3.709530923515558243e-03 9.992847591638565063e-02 1.516356971114873886e-02 2.922932989895343781e-02 4.284933209419250488e-02 2.559232152998447418e-02 3.769837692379951477e-02 3.075180202722549438e-02 1.809183508157730103e-02 2.859595604240894318e-02 1.109002996236085892e-02 2.869937568902969360e-02 6.066234782338142395e-03 1.036010333336889744e-03 3.306955844163894653e-02 3.160422295331954956e-02 6.420905888080596924e-02 4.593996703624725342e-02 2.335133776068687439e-02 1.901129609905183315e-03 6.286452990025281906e-03 3.687109798192977905e-02 2.403807453811168671e-02 1.824822425842285156e-01 5.965875461697578430e-03 1.276287138462066650e-01 1.236931048333644867e-02 2.117434516549110413e-02 1.757019199430942535e-02 4.970422759652137756e-02 8.535607904195785522e-02 1.884867809712886810e-02 1.712312921881675720e-02 6.885491311550140381e-03 6.137105450034141541e-02 9.094636887311935425e-02 2.941539138555526733e-02 1.846414618194103241e-02 1.661052741110324860e-02 3.411213681101799011e-02 4.319771751761436462e-02 5.320649594068527222e-02 2.431592717766761780e-02 5.545509234070777893e-02 4.778917506337165833e-02 5.579802021384239197e-02 1.649315841495990753e-02 2.311205753358080983e-04 7.934349589049816132e-03 3.902409970760345459e-02 3.806362301111221313e-02 4.274510219693183899e-02 2.622191607952117920e-02 4.523796960711479187e-02 7.449155207723379135e-03 1.074256096035242081e-02 4.802050814032554626e-02 4.398511722683906555e-02 2.856222912669181824e-02 3.720648353919386864e-03 1.026338711380958557e-02 1.925993524491786957e-02
1.267554908990859985e-01 6.437969207763671875e-02 2.789507992565631866e-02 3.489849716424942017e-02 8.770443499088287354e-03 5.473593994975090027e-02 3.570554777979850769e-02 1.798611693084239960e-02 3.138653561472892761e-02 3.162293508648872375e-02 3.454395011067390442e-02 2.514881640672683716e-02 1.378979235887527466e-01 2.262728102505207062e-02 4.234990477561950684e-02 8.854487910866737366e-03 1.410844619385898113e-03 1.705733826383948326e-03 8.469215594232082367e-03 2.918682619929313660e-02 3.252163529396057129e-02 1.010715123265981674e-02 5.012993142008781433e-02 4.546668007969856262e-02 6.845243740826845169e-03 1.863566786050796509e-02 5.055369809269905090e-02 2.304796688258647919e-02 2.611966244876384735e-02 1.529301889240741730e-02 4.889433085918426514e-02 1.632281020283699036e-02 2.475688233971595764e-02 3.012586198747158051e-02 1.270402781665325165e-02 8.695666678249835968e-03 8.728553657419979572e-04 1.929462701082229614e-02 5.133426282554864883e-03 4.513856768608093262e-02 1.870870403945446014e-02 1.697837188839912415e-02 2.759148925542831421e-02 4.791247844696044922e-02 4.338942468166351318e-03 1.890484802424907684e-02 5.569533258676528931e-02 2.468898519873619080e-02 2.672473341226577759e-02 5.146235972642898560e-02 1.477774418890476227e-02 1.037126313894987106e-02 3.163080895319581032e-03 3.448225092142820358e-03 1.162688434123992920e-02 2.768516540527343750e-02 1.649163663387298584e-03 1.491563022136688232e-02 2.784775756299495697e-02 3.730103373527526855e-02 2.039026655256748199e-02 7.653395179659128189e-03 2.187793143093585968e-02 1.678481139242649078e-02 5.210535973310470581e-02 1.053948234766721725e-02 4.349510744214057922e-02 3.026990592479705811e-02 2.938652783632278442e-02 1.713302452117204666e-03 3.141099587082862854e-03 1.673146337270736694e-02 2.044425578787922859e-03 7.472800556570291519e-03 3.826529253274202347e-03 8.548611775040626526e-03 1.972719095647335052e-02 1.972593180835247040e-02 1.611490384675562382e-03 4.150101169943809509e-02 2.777415513992309570e-02 1.422782056033611298e-02 2.540632383897900581e-03 2.467525005340576172e-02 1.686521619558334351e-02 3.033345565199851990e-02 3.767218068242073059e-02 6.969182193279266357e-02 3.166325390338897705e-02 3.108426462858915329e-03 1.878025243058800697e-03 5.168955028057098389e-02 4.003363137599080801e-04 5.915862973779439926e-03 4.148183390498161316e-02 1.948498003184795380e-02 8.079905062913894653e-03 2.513604983687400818e-02 5.302876699715852737e-03 1.399289816617965698e-02 1.874602958559989929e-02 1.097695156931877136e-02 6.921111140400171280e-03 1.380749698728322983e-02 1.389394793659448624e-02 1.295406278222799301e-02 8.378505706787109375e-03 9.246559813618659973e-03 8.181379176676273346e-03 5.795410275459289551e-02 4.306283220648765564e-02 1.982418075203895569e-02 1.250271871685981750e-02 1.337466388940811157e-02 4.807000514119863510e-03 7.035735249519348145e-02
3.022575378417968750e-02 4.234676249325275421e-03 6.426358968019485474e-02 2.190752699971199036e-02 3.884668403770774603e-04 1.040757969021797180e-01 2.799328416585922241e-02 5.163990333676338196e-02 1.043760478496551514e-01 2.885903604328632355e-02 2.514881640672683716e-02 7.577382773160934448e-02 4.987507127225399017e-03 1.022163629531860352e-01 5.059482902288436890e-02 2.691655978560447693e-02 2.778873033821582794e-02 2.161297760903835297e-02 5.490618199110031128e-02 2.374391071498394012e-02 2.388965710997581482e-02 3.527056891471147537e-03 4.811688885092735291e-02 1.181313022971153259e-02 5.659072194248437881e-03 3.275251761078834534e-02 1.566116139292716980e-02 1.038403883576393127e-01 5.646993219852447510e-02 3.575242683291435242e-02 1.628100872039794922e-03 5.834707058966159821e-03 2.517231274396181107e-03 1.953430287539958954e-02 1.424877624958753586e-02 5.397121608257293701e-02 1.937397383153438568e-02 3.269802033901214600e-02 2.183236740529537201e-02 3.644180297851562500e-02 1.355298049747943878e-02 1.390272472053766251e-02 1.287270616739988327e-02 2.041933313012123108e-02 1.256717741489410400e-01 6.912554148584604263e-03 7.679343689233064651e-03 1.350812893360853195e-02 8.179254829883575439e-02 6.487493962049484253e-02 1.578922010958194733e-02 2.605164982378482819e-02 2.063089516013860703e-03 3.545127110555768013e-03 6.952402740716934204e-02 2.087808586657047272e-02 2.457308955490589142e-02 3.714046441018581390e-03 3.133295103907585144e-02 2.494653686881065369e-03 3.773207589983940125e-02 2.363372221589088440e-02 1.823740638792514801e-02 1.854614540934562683e-02 1.202702149748802185e-02 3.952774032950401306e-02 4.234237130731344223e-03 1.304903067648410797e-02 3.037122311070561409e-03 2.160847419872879982e-03 1.481028087437152863e-02 1.167267002165317535e-02 4.629665985703468323e-02 6.168796215206384659e-03 8.009058982133865356e-02 3.777743782848119736e-03 9.128940850496292114e-02 3.161026164889335632e-02 6.865794956684112549e-02 7.551756221801042557e-03 4.516517370939254761e-02 4.088330641388893127e-02 6.967505812644958496e-02 2.421249635517597198e-02 3.858087211847305298e-02 3.297910839319229126e-02 7.366207428276538849e-04 2.832705713808536530e-02 1.173270791769027710e-01 1.768038421869277954e-02 3.209766000509262085e-02 2.415000647306442261e-02 2.496876567602157593e-02 5.680453497916460037e-03 5.998723953962326050e-02 8.115160278975963593e-03 2.500160411000251770e-02 8.781040087342262268e-03 5.313320457935333252e-02 4.731780290603637695e-02 3.938429802656173706e-02 4.508175188675522804e-04 2.066302858293056488e-02 1.360110845416784286e-02 8.598445914685726166e-03 1.522944681346416473e-02 5.776289035566151142e-04 4.969257861375808716e-03 5.650722235441207886e-02 1.897068694233894348e-02 4.292659834027290344e-02 5.578926205635070801e-02 1.133210118860006332e-02 5.606852006167173386e-03 2.372726611793041229e-02 3.768513910472393036e-03
1.047004237771034241e-01 1.153397485613822937e-01 6.159839779138565063e-02 4.605622962117195129e-02 2.871391177177429199e-02 1.495087333023548126e-02 2.605298161506652832e-02 3.912436962127685547e-02 3.916609287261962891e-02 1.111569534987211227e-02 1.378979235887527466e-01 4.987507127225399017e-03 3.564322367310523987e-02 3.469780832529067993e-02 1.811469718813896179e-02 2.555441111326217651e-02 1.289206789806485176e-03 4.081042110919952393e-02 2.768106386065483093e-02 2.472766442224383354e-03 1.430439017713069916e-02 3.150688856840133667e-02 4.277215898036956787e-02 5.578936636447906494e-02 1.786543615162372589e-02 3.620432317256927490e-02 6.795538216829299927e-02 2.251314930617809296e-02 3.603803226724267006e-03 5.455742403864860535e-02 1.145603321492671967e-02 1.986030675470829010e-02 2.964556589722633362e-02 2.191257663071155548e-02 3.349967673420906067e-02 5.433505866676568985e-03 3.802194446325302124e-02 3.137186635285615921e-03 1.860810630023479462e-02 3.910406678915023804e-02 2.462259726598858833e-03 3.462016209959983826e-02 5.289324745535850525e-02 4.953673109412193298e-03 5.177614837884902954e-02 2.793206088244915009e-02 4.529177397489547729e-02 1.351516414433717728e-02 3.878171369433403015e-02 4.852563887834548950e-02 4.834907595068216324e-03 2.768702432513237000e-02 2.014389634132385254e-02 3.143375273793935776e-03 5.922922864556312561e-02 4.814107716083526611e-02 1.152274757623672485e-02 1.745382882654666901e-02 1.496096514165401459e-02 4.493388533592224121e-02 1.716184802353382111e-02 1.054899580776691437e-02 2.252215985208749771e-03 1.605039834976196289e-02 2.909298241138458252e-02 5.657005310058593750e-02 1.920539140701293945e-02 2.845961228013038635e-02 6.578653305768966675e-02 2.422774396836757660e-02 2.353807166218757629e-02 9.964051656424999237e-03 6.641201325692236423e-04 8.408317342400550842e-03 4.834687337279319763e-03 9.081533178687095642e-03 2.736239135265350342e-02 4.533760994672775269e-02 1.483799144625663757e-02 1.078539807349443436e-02 3.014603396877646446e-03 2.560932748019695282e-02 4.167524352669715881e-02 5.710105970501899719e-02 7.548964116722345352e-03 4.293521866202354431e-03 3.655687347054481506e-02 3.961424157023429871e-02 3.789384290575981140e-02 5.230918060988187790e-03 2.497807517647743225e-02 3.815999999642372131e-02 1.800752244889736176e-02 2.551353350281715393e-02 6.441496312618255615e-02 3.895517438650131226e-02 8.291185833513736725e-03 2.399114659056067467e-03 3.663338720798492432e-02 3.909755498170852661e-02 5.075173825025558472e-02 2.825482375919818878e-02 1.385843008756637573e-02 3.200966631993651390e-03 2.365848235785961151e-02 2.624790649861097336e-03 8.358358405530452728e-03 1.626260578632354736e-02 4.215214401483535767e-02 1.458039972931146622e-02 1.474891044199466705e-02 6.623676512390375137e-03 9.885882958769798279e-03 2.221399359405040741e-02 1.670029200613498688e-02 7.654556632041931152e-02
