1.863509118556976318e-01 1.516275554895401001e-01 2.785333618521690369e-02 2.448453009128570557e-02 1.145665440708398819e-02 6.496622413396835327e-02 1.204583328217267990e-02 3.996992018073797226e-03 2.463174518197774887e-03 1.383445505052804947e-02 8.606943488121032715e-02 1.856117509305477142e-02 6.935377418994903564e-02 8.026614785194396973e-03 5.964609235525131226e-02 1.048146467655897141e-02 9.563727304339408875e-03 3.708553314208984375e-02 1.005301903933286667e-02 2.915746159851551056e-02 1.441004499793052673e-02 2.313741855323314667e-02 2.223831973969936371e-02 1.627135090529918671e-02 1.056968141347169876e-02 1.160662714391946793e-02 1.797048933804035187e-02 2.221573330461978912e-02 4.395430535078048706e-02 1.515894848853349686e-02 4.265125468373298645e-02 4.110262729227542877e-03 1.292195753194391727e-03 8.683830965310335159e-04 1.062906719744205475e-02 2.582523599267005920e-02 8.813225664198398590e-03 3.822173178195953369e-02 3.586082533001899719e-02 2.124858554452657700e-03 3.987914696335792542e-02 1.178675238043069839e-02 3.965708613395690918e-02 2.590832300484180450e-02 2.886377647519111633e-02 1.329506374895572662e-02 6.251943856477737427e-02 2.157048694789409637e-02 1.689906790852546692e-02 2.981086494401097298e-03 8.851874619722366333e-03 5.414213053882122040e-03 5.313843861222267151e-02 2.607280947268009186e-02 1.843248866498470306e-02 3.517153486609458923e-02 1.702799834311008453e-02 1.542515959590673447e-02 6.438371539115905762e-02 1.029993034899234772e-02 2.602373249828815460e-02 2.504869189579039812e-04 4.693168774247169495e-02 2.707621268928050995e-02 2.305389940738677979e-02 1.597869955003261566e-02 2.438052091747522354e-03 6.621860433369874954e-03 3.107912465929985046e-02 3.272839356213808060e-03 2.924556098878383636e-02 1.724384352564811707e-02 7.930282503366470337e-03 2.419096231460571289e-02 1.759272068738937378e-02 2.753312001004815102e-03 2.861161716282367706e-02 1.992165809497237206e-03 1.499920710921287537e-02 1.246628351509571075e-02 8.394096948904916644e-05 2.480598166584968567e-02 1.895053870975971222e-02 1.462241820991039276e-02 6.403659470379352570e-03 1.362519152462482452e-02 2.587991766631603241e-02 2.288552001118659973e-03 1.397035177797079086e-02 1.726351119577884674e-02 4.526308178901672363e-02 4.754647146910429001e-03 2.230862155556678772e-03 2.383708022534847260e-02 5.716551095247268677e-02 5.071099847555160522e-03 1.790602877736091614e-02 2.451822534203529358e-02 5.705684423446655273e-03 1.776182465255260468e-02 9.017650969326496124e-03 1.529034925624728203e-03 3.719689697027206421e-02 2.381136827170848846e-02 1.802843064069747925e-02 2.903126180171966553e-03 1.879403181374073029e-02 5.957824364304542542e-02 9.931783191859722137e-03 3.225743770599365234e-02 3.444066504016518593e-03 5.027092527598142624e-03 4.051242396235466003e-02 6.759440293535590172e-04 1.123521570116281509e-02 1.510254014283418655e-02
1.516275554895401001e-01 1.851820200681686401e-01 2.236314862966537476e-02 3.026965074241161346e-02 3.426548838615417480e-02 5.697027221322059631e-02 3.102682344615459442e-02 1.954388804733753204e-03 1.268338970839977264e-02 3.194845095276832581e-02 7.142532616853713989e-02 1.495852120569907129e-05 9.728565812110900879e-02 2.209129184484481812e-02 7.011739909648895264e-02 6.035747472196817398e-03 5.227592308074235916e-03 2.557716146111488342e-02 5.343651864677667618e-03 2.643396519124507904e-02 3.010276891291141510e-02 3.671073913574218750e-02 3.279088437557220459e-02 3.321818262338638306e-02 9.445266798138618469e-03 1.565729081630706787e-02 2.629694156348705292e-02 2.713078446686267853e-02 2.608960494399070740e-02 1.268631685525178909e-02 5.227344855666160583e-02 1.477055251598358154e-03 1.765847951173782349e-02 2.220908412709832191e-03 1.107502495869994164e-03 2.964989840984344482e-02 2.350710146129131317e-02 5.287245661020278931e-02 2.312178723514080048e-02 5.913847126066684723e-03 2.452919259667396545e-02 1.173415593802928925e-02 3.298478201031684875e-02 1.409898884594440460e-02 1.871073618531227112e-02 1.102889794856309891e-02 3.982712328433990479e-02 3.898858278989791870e-02 4.024112597107887268e-02 1.154003257397562265e-04 6.287051830440759659e-03 2.172972541302442551e-03 3.825192153453826904e-02 1.078614615835249424e-03 3.007262758910655975e-02 2.711732313036918640e-02 3.655239939689636230e-02 2.317805588245391846e-02 4.587460681796073914e-02 6.261818110942840576e-03 3.498469293117523193e-02 6.551430560648441315e-03 4.037859663367271423e-02 2.702253498136997223e-02 1.233741268515586853e-02 2.620784938335418701e-02 1.085390057414770126e-02 1.651645638048648834e-02 5.032570660114288330e-02 2.067296952009201050e-02 3.692770749330520630e-02 1.719764247536659241e-02 1.252918969839811325e-02 1.979194022715091705e-02 1.872025057673454285e-02 1.782344654202461243e-02 5.519303306937217712e-02 1.133308652788400650e-02 3.530371561646461487e-02 9.260723367333412170e-03 1.705280691385269165e-02 1.522744446992874146e-02 1.222655829042196274e-02 4.657028615474700928e-02 1.485698204487562180e-02 1.719740778207778931e-02 2.195413410663604736e-02 1.393395382910966873e-02 3.854635357856750488e-02 3.891424275934696198e-03 4.162544384598731995e-02 6.758750881999731064e-03 3.676000284031033516e-03 2.924367599189281464e-02 6.084109097719192505e-02 2.451533218845725060e-03 1.968532055616378784e-02 4.763533174991607666e-02 1.786304824054241180e-02 2.678586170077323914e-02 1.332600135356187820e-02 1.064200792461633682e-02 1.059786044061183929e-02 4.103815928101539612e-02 1.684146001935005188e-02 3.922922909259796143e-02 1.110282354056835175e-02 4.388740658760070801e-02 2.419655956327915192e-02 2.009126916527748108e-02 3.017864748835563660e-02 1.596790365874767303e-02 3.356998041272163391e-02 6.175611633807420731e-03 1.010929699987173080e-02 3.168816678225994110e-03
2.785333618521690369e-02 2.236314862966537476e-02 2.154970914125442505e-01 1.010596565902233124e-02 3.268285840749740601e-02 1.827092468738555908e-02 5.624634027481079102e-02 1.973014473915100098e-01 3.492714837193489075e-02 2.209487743675708771e-02 5.133044347167015076e-02 3.176528960466384888e-02 3.976760059595108032e-02 7.025355100631713867e-02 6.841832073405385017e-04 1.148736011236906052e-02 2.248389832675457001e-02 5.295840557664632797e-03 3.533134609460830688e-02 3.668470680713653564e-02 2.776698768138885498e-02 2.492686547338962555e-02 1.769145764410495758e-02 7.025882601737976074e-02 2.100991271436214447e-02 3.294424712657928467e-02 4.977784305810928345e-02 1.261158585548400879e-01 1.336923800408840179e-02 1.512361019849777222e-01 3.518221154808998108e-02 4.048475623130798340e-02 2.599046938121318817e-02 3.754395991563796997e-02 1.691650040447711945e-02 3.308898955583572388e-02 1.764842076227068901e-03 3.424452617764472961e-02 1.628338918089866638e-02 4.437444359064102173e-02 1.810003258287906647e-02 5.639463663101196289e-03 3.855678439140319824e-02 4.545277357101440430e-01 5.662445351481437683e-02 5.362713709473609924e-02 5.120727792382240295e-02 2.616095542907714844e-02 1.619966933503746986e-03 5.929816048592329025e-03 2.959910966455936432e-02 7.266666740179061890e-02 2.439643070101737976e-02 1.191293634474277496e-02 4.421439021825790405e-02 2.068092115223407745e-02 3.182059898972511292e-02 2.649029344320297241e-02 2.842976897954940796e-02 3.319694474339485168e-02 2.076224051415920258e-02 2.238567546010017395e-02 2.745494805276393890e-02 2.696023322641849518e-02 3.551821922883391380e-03 4.340863972902297974e-02 3.590697422623634338e-02 1.269251387566328049e-02 3.836865071207284927e-03 1.183516159653663635e-02 3.603459894657135010e-02 1.664114068262279034e-03 2.452264353632926941e-02 5.228860303759574890e-02 4.246475175023078918e-02 4.370281938463449478e-03 9.286065585911273956e-03 1.983091607689857483e-02 4.914370179176330566e-02 3.844020143151283264e-02 2.017380148172378540e-01 2.467177212238311768e-01 1.257179491221904755e-02 2.465741336345672607e-02 7.247952371835708618e-02 1.626997836865484715e-04 3.412876650691032410e-02 7.614269107580184937e-02 1.735962368547916412e-02 1.398121658712625504e-02 4.969818890094757080e-02 1.037388853728771210e-02 8.579874783754348755e-02 3.567171515896916389e-04 4.005056619644165039e-02 9.655572474002838135e-03 1.280377991497516632e-02 1.216903235763311386e-02 7.930948585271835327e-02 1.255527045577764511e-02 1.737706921994686127e-02 1.988130994141101837e-02 1.106775738298892975e-02 5.860151723027229309e-02 1.006226986646652222e-02 3.511511534452438354e-02 1.621036604046821594e-02 6.189722567796707153e-03 3.087290935218334198e-02 4.306575655937194824e-02 4.784046486020088196e-02 7.067050784826278687e-02 1.811869628727436066e-02 5.241227149963378906e-02 3.585280105471611023e-02 3.755217418074607849e-03
2.448453009128570557e-02 3.026965074241161346e-02 1.010596565902233124e-02 1.885607540607452393e-01 1.201535463333129883e-01 1.674815826117992401e-02 4.168472951278090477e-04 1.705922186374664307e-03 2.908544242382049561e-02 3.155056387186050415e-02 1.710423082113265991e-02 2.222885377705097198e-02 1.293433457612991333e-02 7.339850068092346191e-03 1.865164749324321747e-02 3.921857848763465881e-02 8.303440175950527191e-03 2.790389768779277802e-02 2.066407352685928345e-02 1.543826982378959656e-02 1.040692813694477081e-02 2.008785866200923920e-02 2.730544470250606537e-02 1.855300390161573887e-03 1.839935965836048126e-02 3.569004312157630920e-02 1.078868564218282700e-02 5.314124375581741333e-02 1.553520932793617249e-02 2.208611927926540375e-03 6.921433378010988235e-03 1.917022466659545898e-02 4.270913079380989075e-02 5.764844641089439392e-02 2.220143564045429230e-02 1.946757314726710320e-03 3.307055309414863586e-02 4.031530767679214478e-02 5.246285349130630493e-02 1.293449942022562027e-02 3.876127302646636963e-02 1.529129128903150558e-02 3.331209300085902214e-03 2.702975086867809296e-02 3.610078245401382446e-02 1.942580379545688629e-02 2.152260951697826385e-02 9.445016272366046906e-03 4.936567693948745728e-02 5.272108130156993866e-03 5.075330287218093872e-02 1.267817057669162750e-02 1.655430532991886139e-02 1.340690767392516136e-03 4.653661698102951050e-02 1.632402278482913971e-02 5.564055964350700378e-02 6.175232678651809692e-02 1.332165766507387161e-02 4.437390714883804321e-03 4.895345494151115417e-02 1.966142840683460236e-02 4.925752431154251099e-02 3.671619296073913574e-02 1.655713841319084167e-02 5.862816236913204193e-03 2.673712931573390961e-02 4.800192080438137054e-03 5.842241644859313965e-02 1.906767301261425018e-02 1.587621681392192841e-02 1.961054652929306030e-02 1.072355285286903381e-01 2.247488871216773987e-02 3.425294905900955200e-02 1.278578303754329681e-02 5.566408857703208923e-02 1.311874575912952423e-02 1.662491448223590851e-02 1.963668130338191986e-02 5.523996427655220032e-02 2.353413589298725128e-02 3.140985593199729919e-02 1.334002707153558731e-02 3.853286802768707275e-02 4.789077676832675934e-03 1.157896686345338821e-02 5.512745119631290436e-03 1.053237468004226685e-01 3.846623376011848450e-02 1.596118882298469543e-02 2.044668234884738922e-02 7.299538701772689819e-03 3.026430495083332062e-03 3.949151560664176941e-02 7.005406077951192856e-03 1.762563921511173248e-02 1.249433122575283051e-02 2.050016634166240692e-02 2.876280061900615692e-02 2.091348869726061821e-03 8.978085592389106750e-03 7.055939175188541412e-03 3.126434981822967529e-02 4.712118953466415405e-02 2.953040041029453278e-02 1.228245906531810760e-02 1.226962264627218246e-02 3.657128661870956421e-02 1.170417200773954391e-02 7.841574959456920624e-03 2.260520681738853455e-02 1.645614625886082649e-03 2.116565592586994171e-02 4.425444640219211578e-03 3.481253609061241150e-02
1.145665440708398819e-02 3.426548838615417480e-02 3.268285840749740601e-02 1.201535463333129883e-01 1.704927384853363037e-01 4.828770644962787628e-03 1.589478179812431335e-02 4.311884753406047821e-03 1.143344398587942123e-02 8.775465190410614014e-03 1.377484644763171673e-03 1.547352410852909088e-02 1.395235303789377213e-02 7.304682512767612934e-04 3.821854479610919952e-03 2.883419767022132874e-02 3.083529882133007050e-02 4.232008010149002075e-02 5.489395558834075928e-02 3.353694081306457520e-02 6.987585872411727905e-02 7.465422619134187698e-03 1.965944096446037292e-02 2.628342621028423309e-02 2.730637229979038239e-02 1.218436844646930695e-02 1.063957624137401581e-02 2.649733610451221466e-02 2.182191424071788788e-02 1.875150948762893677e-02 4.727335181087255478e-03 5.978184286504983902e-03 2.321191504597663879e-02 1.535739377140998840e-02 1.092301867902278900e-02 1.033695600926876068e-02 1.085106097161769867e-02 2.911862172186374664e-02 3.004067204892635345e-02 5.153534188866615295e-02 1.595078501850366592e-03 8.848535828292369843e-03 6.841971073299646378e-03 1.540269330143928528e-02 2.466968446969985962e-02 2.909413725137710571e-02 1.845237798988819122e-02 1.908210804685950279e-03 1.201160717755556107e-02 2.738702297210693359e-02 5.342207849025726318e-02 9.629660286009311676e-03 5.626288242638111115e-03 2.395745832473039627e-03 2.105342969298362732e-02 7.435921113938093185e-03 1.773940026760101318e-02 2.069644071161746979e-02 1.991910859942436218e-02 6.513560656458139420e-03 2.800949849188327789e-02 3.869496658444404602e-02 4.744041338562965393e-02 1.673817075788974762e-02 1.197630446404218674e-02 1.828640932217240334e-03 1.564170978963375092e-02 4.108059220016002655e-03 3.698119521141052246e-02 8.598974905908107758e-03 4.711709916591644287e-02 2.412520907819271088e-02 9.545870125293731689e-02 3.294058144092559814e-02 9.411425888538360596e-02 3.790891915559768677e-02 8.352194912731647491e-03 1.744742132723331451e-02 5.338213220238685608e-02 5.348958075046539307e-02 3.117489814758300781e-02 5.096282344311475754e-03 6.602090597152709961e-02 8.097302913665771484e-02 4.451252892613410950e-02 1.515302807092666626e-02 1.330387033522129059e-02 1.149048842489719391e-02 4.062948937644250691e-05 2.551425062119960785e-02 1.394987292587757111e-02 6.525335367769002914e-03 9.513425640761852264e-03 8.900722488760948181e-03 1.018731761723756790e-02 2.132755517959594727e-02 1.653041504323482513e-02 5.633168667554855347e-02 4.885319620370864868e-03 1.890036463737487793e-02 1.162799634039402008e-02 9.722280316054821014e-03 2.355651184916496277e-02 3.959431778639554977e-03 7.206575479358434677e-03 1.361190807074308395e-02 9.390741586685180664e-03 8.269795216619968414e-03 4.026210866868495941e-03 1.537700742483139038e-02 1.338496617972850800e-02 3.586322441697120667e-02 3.855941072106361389e-02 2.035886049270629883e-02 2.900102175772190094e-02 2.534887194633483887e-02
6.496622413396835327e-02 5.697027221322059631e-02 1.827092468738555908e-02 1.674815826117992401e-02 4.828770644962787628e-03 2.072782516479492188e-01 1.670762002468109131e-01 1.156506477855145931e-03 2.550502866506576538e-02 4.399586177896708250e-04 3.993449732661247253e-02 5.662457644939422607e-02 5.467060580849647522e-02 4.766636714339256287e-02 2.412031777203083038e-02 1.330892648547887802e-02 3.507982706651091576e-03 2.636243775486946106e-02 8.689372800290584564e-03 1.382561679929494858e-02 2.760789357125759125e-02 2.362392144277691841e-03 3.008098714053630829e-02 3.481109440326690674e-02 7.067326456308364868e-03 6.300115957856178284e-03 2.927731256932020187e-04 5.783502012491226196e-02 3.787364810705184937e-02 7.055337727069854736e-02 6.147138401865959167e-02 1.446623355150222778e-03 1.444348972290754318e-02 1.141719520092010498e-02 1.818449608981609344e-02 2.585368789732456207e-02 3.188781440258026123e-02 1.419871579855680466e-02 1.699564605951309204e-02 3.952204715460538864e-03 4.514320753514766693e-03 9.581984952092170715e-03 2.275096438825130463e-02 3.117075189948081970e-02 2.847425267100334167e-02 6.087908986955881119e-03 1.110736578702926636e-01 1.083433032035827637e-01 1.686026155948638916e-02 6.741074845194816589e-03 4.143590573221445084e-03 2.098404802381992340e-02 1.763339340686798096e-02 6.924867164343595505e-03 6.804307457059621811e-03 8.917491883039474487e-03 2.072553336620330811e-02 1.100309658795595169e-02 4.376041516661643982e-02 1.877826452255249023e-02 8.782253600656986237e-03 1.513159461319446564e-02 7.346988189965486526e-03 1.614722982048988342e-02 5.402166768908500671e-02 5.499116703867912292e-02 3.199234232306480408e-02 7.881212979555130005e-03 1.220354228280484676e-03 3.368365764617919922e-02 6.913507357239723206e-03 3.311684355139732361e-03 6.978237070143222809e-03 2.120306529104709625e-02 1.487800851464271545e-02 1.324477791786193848e-02 2.369833178818225861e-02 1.428157673217356205e-03 1.353140641003847122e-02 4.545483971014618874e-04 5.469065159559249878e-03 1.131379883736371994e-02 4.144245292991399765e-03 2.851553028449416161e-03 7.109648548066616058e-03 1.598159596323966980e-02 3.709841892123222351e-02 3.254929557442665100e-02 3.437764197587966919e-02 1.608085073530673981e-02 6.254202127456665039e-02 2.488052006810903549e-03 6.334123760461807251e-02 6.977785844355821609e-03 2.875443547964096069e-02 1.823795028030872345e-02 2.465737424790859222e-02 4.243890754878520966e-03 5.809993483126163483e-03 9.641681797802448273e-03 2.250385284423828125e-02 7.235957775264978409e-03 1.035683881491422653e-02 3.566788509488105774e-02 6.893750745803117752e-03 6.916261278092861176e-03 1.579158194363117218e-02 3.341425582766532898e-02 1.833215355873107910e-02 3.649607300758361816e-02 3.227487206459045410e-02 2.687807381153106689e-02 1.790584065020084381e-02 1.912735216319561005e-02 1.534074265509843826e-02 9.058205410838127136e-03
1.204583328217267990e-02 3.102682344615459442e-02 5.624634027481079102e-02 4.168472951278090477e-04 1.589478179812431335e-02 1.670762002468109131e-01 2.055396735668182373e-01 7.762223482131958008e-03 1.381140016019344330e-02 1.690482720732688904e-02 2.447455655783414841e-03 6.918052583932876587e-02 4.119163379073143005e-02 8.345233649015426636e-02 2.966245636343955994e-03 6.001237034797668457e-02 1.754744164645671844e-02 2.104431018233299255e-02 1.245065964758396149e-02 1.392559055238962173e-02 3.931373357772827148e-03 1.313368044793605804e-02 6.334150582551956177e-02 6.801811605691909790e-02 1.739473640918731689e-02 4.914537537842988968e-03 1.142021268606185913e-03 8.613351732492446899e-02 4.857762251049280167e-03 1.012686118483543396e-01 6.437558680772781372e-02 5.122027918696403503e-02 1.340214349329471588e-02 3.744330629706382751e-02 2.648180909454822540e-02 4.051551222801208496e-02 2.773558348417282104e-02 1.204447913914918900e-02 1.134505402296781540e-02 1.470202114433050156e-03 3.766116127371788025e-02 7.830932736396789551e-03 1.027041673660278320e-02 2.619004063308238983e-02 5.013721436262130737e-02 6.210509687662124634e-02 1.106452122330665588e-01 1.810153275728225708e-01 4.617138765752315521e-03 2.473351918160915375e-02 3.970941528677940369e-02 5.246566608548164368e-03 1.207806542515754700e-02 1.153914444148540497e-02 4.146368801593780518e-02 1.704194210469722748e-02 1.962345093488693237e-02 2.059806510806083679e-02 3.190470114350318909e-02 2.265031263232231140e-02 2.080602105706930161e-03 1.043481379747390747e-02 5.159999802708625793e-02 5.447302758693695068e-02 3.691325336694717407e-02 6.875896453857421875e-02 2.203790470957756042e-03 1.566329412162303925e-02 1.400020439177751541e-02 6.666227243840694427e-03 5.125297978520393372e-02 2.970515191555023193e-02 6.290137022733688354e-02 4.584533162415027618e-03 5.120471492409706116e-02 2.762663923203945160e-02 6.990486755967140198e-03 2.156496793031692505e-02 2.104050293564796448e-02 3.877529129385948181e-02 2.487238496541976929e-02 5.062745884060859680e-03 5.555576644837856293e-03 3.960358351469039917e-02 6.167475134134292603e-03 2.301423251628875732e-02 1.874151453375816345e-02 4.271772503852844238e-02 5.607713386416435242e-02 2.280425978824496269e-03 2.800909243524074554e-02 2.596192620694637299e-02 9.206245094537734985e-02 1.268916670233011246e-02 3.662735223770141602e-02 2.829055674374103546e-02 2.091715112328529358e-02 2.049603126943111420e-02 8.925587870180606842e-03 2.114501036703586578e-02 1.820305921137332916e-02 1.791046373546123505e-02 3.110673651099205017e-02 3.854825720191001892e-02 4.014324862509965897e-03 3.166298120049759746e-05 1.825970038771629333e-02 1.073274295777082443e-02 3.685078024864196777e-02 3.376492485404014587e-02 6.033682450652122498e-02 5.764134228229522705e-02 2.086587436497211456e-02 3.426469629630446434e-03 2.184385806322097778e-02 2.400084584951400757e-02
3.996992018073797226e-03 1.954388804733753204e-03 1.973014473915100098e-01 1.705922186374664307e-03 4.311884753406047821e-03 1.156506477855145931e-03 7.762223482131958008e-03 1.902451962232589722e-01 6.893807090818881989e-03 3.961316309869289398e-03 2.531366050243377686e-02 4.030803591012954712e-02 3.623487427830696106e-02 4.647112637758255005e-02 6.038851663470268250e-02 3.600141732022166252e-03 2.833463717252016068e-03 8.370365947484970093e-03 2.331319637596607208e-02 5.305321887135505676e-02 1.492651877924799919e-03 4.104164987802505493e-02 3.150252997875213623e-02 3.903909772634506226e-02 1.035768631845712662e-02 4.464107006788253784e-02 2.996589988470077515e-02 3.672963380813598633e-02 2.661800757050514221e-02 6.596858613193035126e-03 3.873576968908309937e-02 4.046889953315258026e-03 5.514778662472963333e-03 6.760715623386204243e-04 3.158315317705273628e-03 1.266023237258195877e-02 1.054549030959606171e-02 6.285972148180007935e-02 1.439212914556264877e-02 2.427464537322521210e-02 3.908559307456016541e-02 3.357519954442977905e-02 4.038837179541587830e-02 2.825938351452350616e-02 3.090211376547813416e-02 2.141896635293960571e-02 3.345769131556153297e-03 2.065393887460231781e-02 1.345808431506156921e-02 1.035022456198930740e-02 1.015654578804969788e-02 1.584889367222785950e-02 1.569124124944210052e-02 2.535212412476539612e-02 5.482568871229887009e-03 1.790471188724040985e-02 1.931280083954334259e-02 3.309793770313262939e-02 7.798753678798675537e-03 5.025342479348182678e-02 7.483532186597585678e-03 1.186800934374332428e-02 5.127826705574989319e-03 2.652151510119438171e-02 1.907965727150440216e-02 3.359707444906234741e-02 2.615423128008842468e-02 2.037028083577752113e-03 6.028195377439260483e-03 1.038860436528921127e-02 5.353285465389490128e-03 2.007320895791053772e-02 1.112649682909250259e-02 2.449501771479845047e-03 3.803554864134639502e-05 8.862415328621864319e-03 9.183689951896667480e-03 1.312921522185206413e-04 1.028716936707496643e-02 8.017847314476966858e-03 1.251124590635299683e-01 9.420049935579299927e-02 3.476560860872268677e-02 1.529870741069316864e-02 1.338418922387063503e-03 2.300504781305789948e-02 7.994081825017929077e-02 9.116400778293609619e-02 2.895234525203704834e-02 1.808367297053337097e-02 2.760074473917484283e-02 3.499517962336540222e-02 5.004248395562171936e-02 4.953886568546295166e-02 2.819935046136379242e-02 2.278466126881539822e-05 7.915928028523921967e-03 1.355822570621967316e-02 1.441829092800617218e-02 1.186572853475809097e-02 3.119686152786016464e-03 4.099103622138500214e-03 2.505637519061565399e-02 3.369072824716567993e-02 1.696688006632030010e-03 2.582995966076850891e-02 1.542690861970186234e-02 5.030286964029073715e-03 2.190715400502085686e-03 9.555166587233543396e-03 1.777024008333683014e-02 2.644732780754566193e-02 4.554573819041252136e-02 3.489918634295463562e-02 8.922196924686431885e-03 2.112677320837974548e-02
2.463174518197774887e-03 1.268338970839977264e-02 3.492714837193489075e-02 2.908544242382049561e-02 1.143344398587942123e-02 2.550502866506576538e-02 1.381140016019344330e-02 6.893807090818881989e-03 1.803564429283142090e-01 6.721161305904388428e-02 1.548749115318059921e-02 4.005348309874534607e-02 1.297633256763219833e-02 1.382497325539588928e-02 5.869001615792512894e-03 4.117495194077491760e-02 1.360858976840972900e-02 5.280615016818046570e-02 4.259450361132621765e-02 7.978146895766258240e-03 4.619234707206487656e-03 2.428293228149414062e-02 5.636750534176826477e-02 2.353423275053501129e-02 6.078302860260009766e-02 4.186942800879478455e-02 6.045027635991573334e-03 2.017257967963814735e-03 1.262000855058431625e-02 9.587076492607593536e-03 3.002426773309707642e-02 3.353060409426689148e-02 3.156965598464012146e-02 1.158126723021268845e-02 2.791927009820938110e-02 2.175514772534370422e-02 5.033618584275245667e-02 7.950868457555770874e-03 1.900813076645135880e-03 5.574815720319747925e-02 4.098977521061897278e-02 6.662232428789138794e-02 2.007620409131050110e-02 9.165053255856037140e-03 4.658782854676246643e-02 1.559945009648799896e-02 7.557668723165988922e-03 3.050686977803707123e-02 6.601070612668991089e-02 4.436876159161329269e-03 4.153206944465637207e-02 2.075002714991569519e-02 2.488255873322486877e-02 3.665840951725840569e-03 9.105304628610610962e-02 2.791192010045051575e-02 3.858639299869537354e-02 4.081475082784891129e-03 6.530361250042915344e-03 7.609804160892963409e-03 6.242848560214042664e-02 8.170039509423077106e-04 3.437663987278938293e-02 1.802664250135421753e-02 2.643022127449512482e-02 8.833642117679119110e-03 4.098182171583175659e-02 3.322868421673774719e-02 6.888671964406967163e-02 3.641288727521896362e-02 2.618331089615821838e-02 6.404296308755874634e-02 1.285589858889579773e-02 3.328661201521754265e-03 2.661136351525783539e-02 7.182863354682922363e-02 1.680720150470733643e-01 7.084802538156509399e-02 4.642886668443679810e-02 1.839853450655937195e-02 6.705706473439931870e-03 1.818886375986039639e-03 8.667597919702529907e-02 1.626466587185859680e-02 2.108274772763252258e-02 2.151372656226158142e-02 4.800525493919849396e-03 1.055851392447948456e-02 4.054764658212661743e-02 3.323272988200187683e-02 6.096165627241134644e-03 1.368320360779762268e-02 1.592913269996643066e-02 1.307575777173042297e-02 5.874219164252281189e-02 2.393311820924282074e-02 1.829765923321247101e-02 6.773583590984344482e-02 7.815811038017272949e-02 2.864470332860946655e-02 2.501093223690986633e-02 1.170189678668975830e-02 1.877825707197189331e-02 2.159992046654224396e-02 4.206103086471557617e-02 4.264654219150543213e-02 4.418194666504859924e-02 8.809444494545459747e-03 1.967762038111686707e-02 1.522966567426919937e-02 2.479291521012783051e-02 4.557603970170021057e-04 1.794187724590301514e-02 2.394566684961318970e-02 2.289829542860388756e-03 1.474807271733880043e-03
1.383445505052804947e-02 3.194845095276832581e-02 2.209487743675708771e-02 3.155056387186050415e-02 8.775465190410614014e-03 4.399586177896708250e-04 1.690482720732688904e-02 3.961316309869289398e-03 6.721161305904388428e-02 2.064914405345916748e-01 4.717146046459674835e-03 7.958161644637584686e-03 1.185066159814596176e-02 5.208168923854827881e-02 5.987607873976230621e-03 4.327689821366220713e-04 5.128622800111770630e-02 6.359692662954330444e-03 1.079480722546577454e-01 3.502539172768592834e-02 2.427904307842254639e-02 1.415359415113925934e-02 4.710032790899276733e-02 7.305853068828582764e-02 9.132228791713714600e-03 2.934584207832813263e-02 2.021661773324012756e-02 1.204391103237867355e-02 1.591923832893371582e-02 1.827140524983406067e-02 8.512739092111587524e-03 1.809748262166976929e-02 1.942202076315879822e-02 4.043853282928466797e-02 2.168291993439197540e-02 1.536997128278017044e-02 4.705426096916198730e-02 5.499552935361862183e-02 1.307564973831176758e-02 1.240329723805189133e-02 1.245524152182042599e-03 1.909745112061500549e-02 2.614651434123516083e-02 3.522790223360061646e-02 1.366135664284229279e-02 4.083799198269844055e-02 3.748524934053421021e-03 2.401649951934814453e-02 1.576540619134902954e-02 7.842730730772018433e-02 2.459833212196826935e-02 1.629734039306640625e-02 2.773013338446617126e-02 1.890862546861171722e-02 4.094251431524753571e-03 8.969100564718246460e-02 1.178352627903223038e-03 2.532280515879392624e-03 1.386129588354378939e-04 1.849009096622467041e-02 4.750716499984264374e-03 4.958609119057655334e-02 1.545245107263326645e-02 5.584595352411270142e-02 4.607351962476968765e-03 1.235026121139526367e-02 2.918516285717487335e-02 3.565315902233123779e-02 1.635547378100454807e-03 3.202346339821815491e-02 2.816573344171047211e-02 8.671690709888935089e-03 3.269941732287406921e-02 6.509342044591903687e-02 1.624604500830173492e-02 1.300066057592630386e-02 2.011666260659694672e-02 1.573388725519180298e-01 4.506010934710502625e-02 7.713471353054046631e-02 6.395934149622917175e-03 2.198667079210281372e-02 1.315909996628761292e-02 8.500359952449798584e-02 6.078694015741348267e-03 2.036697114817798138e-04 6.341307889670133591e-04 1.384981628507375717e-02 5.094841122627258301e-03 1.971965432167053223e-01 6.529841106384992599e-03 4.902529995888471603e-03 1.829007407650351524e-03 8.661933243274688721e-04 2.506852149963378906e-02 2.401044592261314392e-02 5.414871498942375183e-02 5.135155748575925827e-03 9.870782494544982910e-03 1.168131013400852680e-03 8.214290253818035126e-03 6.454666145145893097e-04 2.996040135622024536e-02 6.683706305921077728e-03 4.405470099300146103e-03 2.383440267294645309e-03 1.493308879435062408e-02 9.649673476815223694e-03 3.032741835340857506e-03 4.946134984493255615e-03 2.910131588578224182e-02 1.191006973385810852e-02 3.235176950693130493e-02 3.306897357106208801e-02 7.219485007226467133e-03 1.941574923694133759e-02
8.606943488121032715e-02 7.142532616853713989e-02 5.133044347167015076e-02 1.710423082113265991e-02 1.377484644763171673e-03 3.993449732661247253e-02 2.447455655783414841e-03 2.531366050243377686e-02 1.548749115318059921e-02 4.717146046459674835e-03 1.904560476541519165e-01 8.784758858382701874e-03 6.965011358261108398e-02 1.172062195837497711e-02 4.871836304664611816e-02 6.151129491627216339e-03 6.148717948235571384e-04 3.926840424537658691e-02 1.367323379963636398e-02 3.153209760785102844e-02 2.566282451152801514e-02 3.851306065917015076e-02 6.605578120797872543e-03 1.024250173941254616e-03 2.265928685665130615e-02 3.500723978504538536e-04 1.048604026436805725e-02 3.121248213574290276e-03 6.363210827112197876e-02 7.353825494647026062e-03 3.164050355553627014e-02 2.199780382215976715e-02 1.785591989755630493e-02 1.527977921068668365e-02 2.442960999906063080e-02 1.597175607457756996e-03 3.295019268989562988e-02 1.983985304832458496e-02 1.650607213377952576e-02 2.053259871900081635e-03 1.552507933229207993e-02 4.692341666668653488e-03 1.320071611553430557e-02 7.740068831481039524e-04 4.839925968553870916e-04 3.219105303287506104e-02 5.303929373621940613e-02 5.671856924891471863e-03 1.696937531232833862e-02 1.058260072022676468e-02 9.955209679901599884e-03 2.316689863801002502e-02 2.471415325999259949e-02 2.040777727961540222e-02 1.647768914699554443e-02 6.358569022268056870e-03 2.166424505412578583e-02 1.504576671868562698e-02 3.040767647325992584e-02 1.662342622876167297e-02 2.276662923395633698e-02 2.191570121794939041e-03 8.641601540148258209e-03 6.879053544253110886e-03 4.924476891756057739e-02 3.149290382862091064e-02 7.841814309358596802e-03 2.235342282801866531e-03 1.636089943349361420e-02 1.741291396319866180e-02 8.583584800362586975e-03 2.380570210516452789e-02 4.863163921982049942e-03 5.726848263293504715e-03 6.141807418316602707e-03 1.104969996958971024e-02 2.004822529852390289e-02 2.247173542855307460e-04 2.936644665896892548e-02 2.240720205008983612e-02 1.062135957181453705e-02 2.008593827486038208e-02 2.881706692278385162e-02 8.868826553225517273e-03 5.303583573549985886e-03 1.135803014039993286e-02 4.634436964988708496e-02 2.864205650985240936e-02 3.293718770146369934e-02 3.016133978962898254e-02 4.693920165300369263e-02 3.600176423788070679e-02 3.273699665442109108e-03 3.171515092253684998e-02 2.594330720603466034e-02 1.097455434501171112e-02 1.100265420973300934e-02 2.586004789918661118e-03 1.265120413154363632e-02 6.387367378920316696e-03 1.092303078621625900e-02 9.862821549177169800e-03 2.039051800966262817e-02 2.949261339381337166e-03 1.006225403398275375e-02 1.349753420799970627e-02 9.825699962675571442e-03 2.998096682131290436e-02 4.525303374975919724e-03 1.957211457192897797e-02 1.804110035300254822e-02 9.120377711951732635e-03 6.919068749994039536e-03 1.002015452831983566e-02 4.914041142910718918e-03 8.342510089278221130e-03
1.856117509305477142e-02 1.495852120569907129e-05 3.176528960466384888e-02 2.222885377705097198e-02 1.547352410852909088e-02 5.662457644939422607e-02 6.918052583932876587e-02 4.030803591012954712e-02 4.005348309874534607e-02 7.958161644637584686e-03 8.784758858382701874e-03 2.251634746789932251e-01 1.468986924737691879e-02 1.878235936164855957e-01 1.959702186286449432e-02 7.987335324287414551e-03 6.008606869727373123e-03 4.346813540905714035e-03 1.589378714561462402e-02 3.482649847865104675e-02 2.482260949909687042e-02 1.098221819847822189e-02 8.576042950153350830e-02 7.258119434118270874e-02 2.893332205712795258e-02 2.435100637376308441e-02 2.278294414281845093e-02 1.584903448820114136e-01 1.095908693969249725e-02 1.878313869237899780e-01 2.435746230185031891e-02 1.020976994186639786e-02 4.516806453466415405e-03 3.235259652137756348e-02 1.111124525777995586e-03 1.769391447305679321e-02 1.142015401273965836e-02 1.246298104524612427e-02 3.443024307489395142e-02 1.905469037592411041e-02 3.228464722633361816e-02 2.633842825889587402e-02 3.217167453840374947e-03 3.976814448833465576e-02 1.042440906167030334e-01 8.614533394575119019e-02 4.209762811660766602e-02 2.759591117501258850e-02 4.707630351185798645e-02 1.173505093902349472e-02 6.125310063362121582e-02 4.213554784655570984e-02 5.241324659436941147e-03 2.415677066892385483e-03 2.947509987279772758e-03 2.994774281978607178e-02 5.798508413136005402e-03 1.545202825218439102e-02 6.880164146423339844e-04 5.022757686674594879e-03 5.520102567970752716e-03 5.972166545689105988e-03 6.148089841008186340e-02 2.735292539000511169e-02 1.503324136137962341e-02 6.021993700414896011e-03 4.655213654041290283e-02 3.770258277654647827e-02 1.822225563228130341e-02 6.778969429433345795e-03 4.707149416208267212e-02 1.451558899134397507e-02 2.804912813007831573e-02 6.883416790515184402e-04 1.036525983363389969e-02 2.168334461748600006e-02 4.791641235351562500e-02 1.754320226609706879e-02 7.251633331179618835e-03 2.140305750072002411e-02 3.610640391707420349e-02 2.635668404400348663e-02 2.277109958231449127e-02 4.107701592147350311e-03 1.693949103355407715e-02 3.795508760958909988e-03 6.154833827167749405e-03 1.713513338472694159e-04 6.106964498758316040e-02 2.134817466139793396e-02 1.472285389900207520e-02 8.870539255440235138e-03 1.246649306267499924e-03 4.658461548388004303e-03 3.843094035983085632e-02 1.365503389388322830e-02 1.099764648824930191e-02 2.174651995301246643e-02 1.275662146508693695e-02 2.242211252450942993e-02 4.786040633916854858e-03 2.077856101095676422e-03 6.654046475887298584e-03 9.361206903122365475e-04 2.408163389191031456e-03 2.816550992429256439e-02 5.221741273999214172e-03 2.611964242532849312e-03 4.486458376049995422e-03 2.053712494671344757e-03 1.333934254944324493e-02 3.877187520265579224e-02 3.920869901776313782e-03 1.714158989489078522e-02 2.718895860016345978e-02 6.024102494120597839e-02
6.935377418994903564e-02 9.728565812110900879e-02 3.976760059595108032e-02 1.293433457612991333e-02 1.395235303789377213e-02 5.467060580849647522e-02 4.119163379073143005e-02 3.623487427830696106e-02 1.297633256763219833e-02 1.185066159814596176e-02 6.965011358261108398e-02 1.468986924737691879e-02 1.926839947700500488e-01 1.389226038008928299e-02 5.663173273205757141e-02 3.186390269547700882e-03 3.160139895044267178e-04 1.388427242636680603e-02 9.184507653117179871e-03 2.832233533263206482e-02 1.869587786495685577e-02 4.042717441916465759e-02 1.482732687145471573e-02 2.795216161757707596e-03 2.991143800318241119e-02 9.284500963985919952e-03 2.505923993885517120e-02 1.134557928889989853e-02 3.204430267214775085e-02 1.418712176382541656e-02 5.020556226372718811e-02 1.687868731096386909e-03 1.887472905218601227e-02 3.857717150822281837e-03 8.354708552360534668e-03 7.076832465827465057e-03 1.651036436669528484e-04 1.652248762547969818e-02 1.638474315404891968e-02 7.975324988365173340e-03 4.908013157546520233e-03 1.258082780987024307e-02 1.331327366642653942e-03 3.769558668136596680e-02 1.763498783111572266e-02 4.017261415719985962e-02 4.747267067432403564e-02 4.311815276741981506e-02 1.818611472845077515e-02 2.512815874069929123e-03 1.093561202287673950e-02 2.527195960283279419e-02 2.003229223191738129e-02 2.293527126312255859e-02 7.892601191997528076e-03 1.528220251202583313e-03 2.844478748738765717e-02 8.952750824391841888e-03 1.818481273949146271e-02 2.324125170707702637e-02 1.488000154495239258e-02 8.904516696929931641e-03 1.892252126708626747e-03 9.121347218751907349e-03 3.014607541263103485e-02 5.871424451470375061e-02 1.002864562906324863e-03 4.342556465417146683e-03 1.667124219238758087e-02 6.598500534892082214e-03 1.226985920220613480e-02 2.596383169293403625e-02 8.387663401663303375e-03 2.600413560867309570e-02 8.484999998472630978e-04 1.929730875417590141e-03 1.263953000307083130e-02 1.261754194274544716e-03 3.713351115584373474e-02 1.946250349283218384e-02 9.595692157745361328e-03 2.920260280370712280e-02 3.689061850309371948e-03 7.636028341948986053e-03 1.171360141597688198e-03 4.588773939758539200e-03 4.389266669750213623e-02 4.999712109565734863e-02 2.509064972400665283e-03 4.374007228761911392e-03 4.788286983966827393e-02 2.283708937466144562e-02 3.524526581168174744e-02 4.464367777109146118e-02 2.021041139960289001e-02 3.869690466672182083e-03 2.127674594521522522e-02 1.031513698399066925e-02 3.508315712679177523e-04 1.332614291459321976e-02 5.549598950892686844e-03 6.074774079024791718e-03 2.901506144553422928e-03 5.948888603597879410e-03 4.525959491729736328e-03 4.976397380232810974e-03 4.765530582517385483e-03 1.064848341047763824e-02 4.435741808265447617e-03 2.060068398714065552e-02 1.400390267372131348e-02 6.921392865478992462e-03 4.967708606272935867e-03 1.984413340687751770e-02 2.244958421215415001e-03 4.004016518592834473e-03
