1.413993388414382935e-01 1.999748200178146362e-01 3.241895511746406555e-02 3.520384896546602249e-03 4.759542271494865417e-02 8.004849404096603394e-02 3.596393018960952759e-02 3.384483233094215393e-02 5.698728188872337341e-02 1.015011128038167953e-02 2.699869275093078613e-01 4.511073976755142212e-02 1.563408821821212769e-01 4.155372269451618195e-03 2.590483985841274261e-02 1.871724054217338562e-02 2.082449942827224731e-02 3.478996083140373230e-02 4.918847233057022095e-02 1.085331663489341736e-02 7.707094401121139526e-02 5.577149242162704468e-02 2.486945502460002899e-02 1.450592681067064404e-04 8.540559560060501099e-02 7.514535635709762573e-02 3.831072151660919189e-02 4.677862673997879028e-02 2.340727299451828003e-02 7.619917392730712891e-03 5.527294799685478210e-02 2.737765898928046227e-03 4.078757017850875854e-03 1.341993641108274460e-02 3.525040671229362488e-02 2.939560078084468842e-02 1.782041229307651520e-02 1.144434604793787003e-02 2.496214816346764565e-03 6.867072079330682755e-03 1.568271964788436890e-02 4.274799674749374390e-02 1.461841166019439697e-02 4.437577724456787109e-02 7.798362988978624344e-03 5.927713587880134583e-02 1.905652135610580444e-01 6.396356225013732910e-02 5.092673934996128082e-03 4.828384611755609512e-03 3.735517710447311401e-02 2.358718402683734894e-02 2.773988805711269379e-02 4.444101825356483459e-02 8.680808544158935547e-02 4.865930601954460144e-02 1.096638962626457214e-01 5.433154478669166565e-02 2.417108230292797089e-02 3.995155543088912964e-02 5.666121374815702438e-03 2.958597242832183838e-02 4.263544827699661255e-02 9.358938783407211304e-03 5.369042977690696716e-02 1.138950437307357788e-01 3.079999424517154694e-02 8.833592757582664490e-03 1.331618148833513260e-02 4.599288478493690491e-02 4.921961948275566101e-02 4.086861386895179749e-02 1.024060603231191635e-02 2.406855858862400055e-02 8.439969387836754322e-04 6.660247687250375748e-03 5.788575112819671631e-02 1.156374365091323853e-01 1.288025174289941788e-02 9.526603855192661285e-03 4.801448062062263489e-02 6.626275926828384399e-02 4.549720790237188339e-03 6.047364324331283569e-02 4.189528152346611023e-02 1.158881094306707382e-02 7.794525939971208572e-03 3.876906633377075195e-02 6.049729883670806885e-03 1.603256724774837494e-02 5.973026901483535767e-02 2.320403046905994415e-02 1.830330863595008850e-02 5.869394540786743164e-02 2.947311382740736008e-03 3.937458992004394531e-02 3.984011709690093994e-02 4.114143084734678268e-03 3.186556743457913399e-03 4.312885180115699768e-02 6.819197442382574081e-03 1.651612482964992523e-02 1.480669062584638596e-02 2.054937742650508881e-02 2.036922052502632141e-02 4.470429196953773499e-02 1.423811446875333786e-02 3.170142322778701782e-02 1.321538351476192474e-02 3.607491403818130493e-02 2.508348785340785980e-02 1.609569042921066284e-02 2.287323214113712311e-02 3.208755701780319214e-02 3.184656053781509399e-02 1.799318380653858185e-02
1.999748200178146362e-01 1.695382893085479736e-01 3.510943800210952759e-02 5.100393295288085938e-02 9.760436601936817169e-03 8.070506900548934937e-02 1.677781790494918823e-01 8.177794516086578369e-03 2.898755669593811035e-02 8.929844945669174194e-03 9.028226882219314575e-02 6.943643093109130859e-02 2.351670563220977783e-01 9.251675754785537720e-02 8.487502112984657288e-03 2.090198546648025513e-02 5.236730910837650299e-03 2.579023130238056183e-03 2.768787555396556854e-02 2.783272974193096161e-02 1.614359091036021709e-03 3.194170072674751282e-02 2.809150610119104385e-03 1.651196554303169250e-02 3.995859250426292419e-02 9.726122952997684479e-03 8.809479884803295135e-03 3.304905816912651062e-02 3.091937303543090820e-02 4.204741679131984711e-03 2.447758428752422333e-02 2.434706874191761017e-02 3.448475152254104614e-02 1.454450469464063644e-02 1.656187325716018677e-02 5.438485369086265564e-02 2.519667707383632660e-02 2.613880112767219543e-02 1.058897469192743301e-02 2.056352980434894562e-02 4.772672057151794434e-02 4.504151642322540283e-03 2.495224773883819580e-02 4.296913370490074158e-02 2.925221063196659088e-02 1.460702810436487198e-02 8.627396821975708008e-02 1.316285133361816406e-01 8.898276835680007935e-03 9.888152591884136200e-03 1.334234140813350677e-02 1.701637543737888336e-02 3.437312319874763489e-02 4.128639027476310730e-02 8.196703344583511353e-02 6.305804848670959473e-02 6.076951511204242706e-03 2.882551215589046478e-02 4.257553070783615112e-02 2.822968922555446625e-02 2.222195453941822052e-02 3.647748380899429321e-02 4.101714119315147400e-02 9.421203285455703735e-03 6.441967189311981201e-02 2.205244079232215881e-02 6.802061200141906738e-02 2.636343054473400116e-02 2.999521046876907349e-02 5.467977002263069153e-02 8.259386755526065826e-03 1.726366020739078522e-02 8.699767204234376550e-05 4.256306961178779602e-02 5.294699221849441528e-03 1.831595785915851593e-02 1.419001165777444839e-02 3.599030151963233948e-02 1.881650090217590332e-02 2.466980740427970886e-02 2.472984977066516876e-02 5.414717365056276321e-03 3.352412022650241852e-03 8.058045059442520142e-03 5.820601060986518860e-02 6.335965823382139206e-03 1.403878442943096161e-02 1.311786007136106491e-02 8.097155950963497162e-03 7.117144018411636353e-02 1.017806027084589005e-02 3.833759948611259460e-02 8.761996030807495117e-02 4.746622592210769653e-02 3.439884260296821594e-02 1.968811266124248505e-02 4.116252809762954712e-02 2.718471549451351166e-02 4.499955847859382629e-02 1.128560025244951248e-02 3.505598753690719604e-02 5.620191805064678192e-03 2.120711095631122589e-02 2.096048928797245026e-02 1.562681421637535095e-02 2.202747948467731476e-02 1.579491607844829559e-02 1.330164447426795959e-02 7.134732324630022049e-03 2.051204070448875427e-02 1.880967989563941956e-02 3.245782479643821716e-02 3.127757087349891663e-02 3.198356926441192627e-02 1.807758957147598267e-02 2.260845899581909180e-02
3.241895511746406555e-02 3.510943800210952759e-02 1.339078880846500397e-02 3.546812012791633606e-02 1.849075034260749817e-02 5.192627385258674622e-02 3.015198186039924622e-02 1.867737919092178345e-01 4.753389582037925720e-02 3.746085613965988159e-02 1.392587926238775253e-02 7.079914212226867676e-02 1.814897730946540833e-02 9.474097192287445068e-02 2.246048673987388611e-02 7.758975494652986526e-03 1.350393891334533691e-02 4.040760546922683716e-02 1.332537643611431122e-02 1.649773493409156799e-02 3.183569014072418213e-02 7.737385109066963196e-03 3.389093652367591858e-02 4.611525312066078186e-02 1.789842732250690460e-02 2.685284800827503204e-02 4.668618738651275635e-02 1.550458138808608055e-03 5.807967111468315125e-02 3.948999568819999695e-02 4.082180559635162354e-02 3.986073657870292664e-02 8.802933990955352783e-02 9.716666303575038910e-03 1.453362498432397842e-02 2.082400210201740265e-02 2.312427572906017303e-02 3.544769808650016785e-02 2.233880199491977692e-02 4.383705556392669678e-02 7.112374156713485718e-02 1.123113743960857391e-02 1.112675480544567108e-02 4.654195159673690796e-02 8.643359877169132233e-03 2.742757275700569153e-02 5.835359916090965271e-03 9.532536379992961884e-03 4.820866882801055908e-02 1.338578667491674423e-02 7.560301106423139572e-03 1.918711699545383453e-02 3.141256049275398254e-02 5.025677010416984558e-02 3.688602149486541748e-02 2.482817135751247406e-02 1.660010404884815216e-02 2.629178576171398163e-02 2.237595990300178528e-02 1.558435801416635513e-02 4.945872724056243896e-02 4.121397808194160461e-02 6.590922176837921143e-02 3.348025679588317871e-02 6.037100404500961304e-02 4.303393140435218811e-02 8.342564105987548828e-03 1.009177323430776596e-02 1.061222888529300690e-02 7.134580984711647034e-03 1.881251856684684753e-02 6.099321320652961731e-02 3.325095865875482559e-03 4.378337413072586060e-02 1.794961467385292053e-02 1.198820620775222778e-01 1.061575673520565033e-02 4.427052661776542664e-02 2.842667140066623688e-02 2.688005939126014709e-02 1.840833723545074463e-01 3.757764771580696106e-02 4.599360749125480652e-02 7.945689558982849121e-02 6.432279944419860840e-03 2.677047066390514374e-02 3.986677527427673340e-02 4.607583209872245789e-02 6.345837563276290894e-02 1.418830156326293945e-01 4.181690514087677002e-02 2.771895006299018860e-02 6.666750460863113403e-02 3.767289221286773682e-02 6.383924931287765503e-02 1.405606511980295181e-03 1.309162192046642303e-02 1.540038269013166428e-02 7.584946602582931519e-02 4.818660020828247070e-02 2.695131814107298851e-03 1.148722879588603973e-02 4.263567924499511719e-02 3.776824101805686951e-03 1.207657810300588608e-02 2.375672198832035065e-02 6.232140585780143738e-04 2.395798079669475555e-02 5.288502667099237442e-03 4.297544807195663452e-02 8.818695694208145142e-02 3.106918744742870331e-02 1.853866036981344223e-03 2.156411792384460568e-04 3.608667477965354919e-02 9.474400430917739868e-03
3.520384896546602249e-03 5.100393295288085938e-02 3.546812012791633606e-02 3.330092504620552063e-02 3.539373278617858887e-01 7.584172300994396210e-03 3.869852051138877869e-02 6.680626422166824341e-02 3.584069432690739632e-03 2.367211692035198212e-02 9.003020823001861572e-03 5.826209485530853271e-02 9.245523810386657715e-02 3.629683330655097961e-02 5.637172237038612366e-02 1.140520814806222916e-02 4.936834331601858139e-03 1.052739378064870834e-02 1.957345008850097656e-02 2.263126894831657410e-02 5.139190331101417542e-02 1.969764009118080139e-02 4.127214662730693817e-03 1.675647101365029812e-03 5.640004575252532959e-02 2.138607203960418701e-02 3.705981373786926270e-02 1.899941079318523407e-02 5.912473425269126892e-03 1.799241825938224792e-02 9.139913320541381836e-02 2.380066178739070892e-02 8.081014268100261688e-03 4.058848693966865540e-02 3.123976849019527435e-02 7.734377402812242508e-03 2.401953330263495445e-03 1.212300267070531845e-02 1.529034785926342010e-02 1.673297397792339325e-02 3.709055855870246887e-02 1.583898812532424927e-02 1.759165711700916290e-02 5.287635698914527893e-02 1.707234419882297516e-02 2.677524462342262268e-02 6.583431363105773926e-02 1.604251004755496979e-02 4.539923742413520813e-02 4.547991976141929626e-02 1.763725653290748596e-02 2.973743341863155365e-02 2.081800997257232666e-02 2.312361821532249451e-02 5.439566820859909058e-02 2.030614949762821198e-02 1.905323751270771027e-02 3.124075569212436676e-02 1.858174987137317657e-02 3.475844860076904297e-02 6.612085271626710892e-03 2.347817085683345795e-02 7.197989523410797119e-02 9.491082280874252319e-02 6.520179100334644318e-03 6.175684556365013123e-02 1.262403558939695358e-03 4.619209840893745422e-02 5.931265652179718018e-02 6.265744101256132126e-03 5.213937535881996155e-02 1.583728566765785217e-02 1.084573790431022644e-01 3.700551018118858337e-02 1.043669581413269043e-01 1.805503480136394501e-02 4.911171644926071167e-02 2.488880418241024017e-02 2.635008655488491058e-02 3.116603009402751923e-03 2.298069931566715240e-02 4.923033341765403748e-02 4.760405421257019043e-02 1.249246224761009216e-01 1.241328846663236618e-02 2.701327018439769745e-02 2.961315587162971497e-02 4.635144397616386414e-02 6.076174974441528320e-02 2.780716866254806519e-02 6.767010781913995743e-03 1.105942856520414352e-02 4.082927480340003967e-02 4.334121197462081909e-02 3.011003881692886353e-02 2.378857508301734924e-02 5.252851545810699463e-02 5.480466037988662720e-02 7.148351520299911499e-02 5.535381287336349487e-02 6.238635256886482239e-02 6.530159711837768555e-02 2.588340640068054199e-02 8.899892866611480713e-02 2.933609765022993088e-03 5.068482365459203720e-03 8.535416424274444580e-02 9.604793041944503784e-03 1.303298398852348328e-02 5.626350268721580505e-02 1.522140763700008392e-02 4.022078588604927063e-02 3.140068799257278442e-02 3.522130474448204041e-02 2.573622204363346100e-02 2.835037000477313995e-02
4.759542271494865417e-02 9.760436601936817169e-03 1.849075034260749817e-02 3.539373278617858887e-01 3.754395619034767151e-02 5.458388850092887878e-02 2.111569605767726898e-02 1.344017498195171356e-02 1.018492504954338074e-01 2.022939547896385193e-02 2.848586626350879669e-02 4.084013774991035461e-02 2.049534581601619720e-03 7.948559522628784180e-02 2.142550237476825714e-02 5.890130624175071716e-02 6.911991536617279053e-02 5.546244233846664429e-02 6.030527129769325256e-02 3.581661358475685120e-02 4.737022332847118378e-03 2.519120089709758759e-02 1.533135399222373962e-02 2.351009845733642578e-02 3.675764426589012146e-02 3.939535468816757202e-03 5.868744105100631714e-02 3.884214162826538086e-02 5.476657673716545105e-02 3.406346216797828674e-02 8.955230005085468292e-03 2.766017057001590729e-02 1.706339791417121887e-02 1.657994091510772705e-02 1.350543089210987091e-02 5.444035050459206104e-04 1.108037028461694717e-02 8.314986713230609894e-03 6.255089491605758667e-02 9.175179898738861084e-02 1.890511997044086456e-02 2.243391796946525574e-02 4.515890032052993774e-02 1.707550138235092163e-02 9.990471415221691132e-03 8.430326706729829311e-04 2.897843345999717712e-02 3.562711644917726517e-03 2.953804284334182739e-02 1.980482786893844604e-02 1.629547402262687683e-02 2.572472207248210907e-02 9.228829294443130493e-03 7.272989954799413681e-03 4.883897304534912109e-02 5.960402637720108032e-02 1.457593962550163269e-02 6.694152206182479858e-02 2.254505828022956848e-02 1.305979397147893906e-02 4.093326255679130554e-02 2.683883532881736755e-02 5.104733631014823914e-02 7.328713685274124146e-02 3.879877924919128418e-02 4.400937631726264954e-02 1.170209143310785294e-02 1.991065777838230133e-02 2.026044391095638275e-02 3.046926483511924744e-02 2.685641497373580933e-02 6.999839842319488525e-02 2.473678998649120331e-02 1.748993247747421265e-02 1.529489904642105103e-01 4.497022554278373718e-02 8.370821923017501831e-02 2.160889841616153717e-02 4.096850007772445679e-02 2.812483720481395721e-02 1.114240102469921112e-02 3.130052238702774048e-02 1.168895512819290161e-02 9.167110919952392578e-02 9.106791578233242035e-03 4.630730301141738892e-02 1.664174906909465790e-02 9.184585884213447571e-03 7.264979183673858643e-02 4.281343892216682434e-02 1.447841897606849670e-02 8.573886938393115997e-03 3.318508714437484741e-02 2.475110255181789398e-02 2.793554961681365967e-02 1.632591523230075836e-02 3.219639882445335388e-02 4.366239905357360840e-02 1.482649892568588257e-02 2.416227199137210846e-02 1.787477731704711914e-02 2.480210503563284874e-03 4.593046754598617554e-02 7.339330762624740601e-02 5.407511722296476364e-03 5.724940914660692215e-03 7.212772220373153687e-02 3.221979737281799316e-02 4.092298913747072220e-03 2.408796921372413635e-02 1.899188570678234100e-02 1.207325328141450882e-02 3.717705979943275452e-02 2.796076424419879913e-02 6.259139627218246460e-03 3.243871033191680908e-02
8.004849404096603394e-02 8.070506900548934937e-02 5.192627385258674622e-02 7.584172300994396210e-03 5.458388850092887878e-02 1.162531897425651550e-01 1.723603159189224243e-01 4.049904271960258484e-02 1.898834668099880219e-02 3.185911849141120911e-02 3.872416168451309204e-02 4.096773266792297363e-02 4.777293279767036438e-02 3.342982009053230286e-02 2.793200127780437469e-02 7.747425884008407593e-02 7.670167833566665649e-02 4.278491437435150146e-02 1.470199413597583771e-02 9.993457235395908356e-03 9.328090585768222809e-03 1.042773830704391003e-03 1.913168700411915779e-03 4.917187616229057312e-02 8.409219235181808472e-02 1.628766208887100220e-02 1.745313592255115509e-02 4.798601940274238586e-02 9.005240164697170258e-03 5.481617152690887451e-02 1.362306252121925354e-02 4.162433370947837830e-02 7.809369824826717377e-03 1.805675029754638672e-02 3.493670746684074402e-02 1.452367752790451050e-03 8.635633625090122223e-03 3.686116775497794151e-03 3.562564402818679810e-02 4.081418365240097046e-02 8.886213414371013641e-03 3.855075687170028687e-03 6.522773206233978271e-02 1.631914079189300537e-02 5.220740661025047302e-02 3.829728066921234131e-02 1.498719155788421631e-01 9.275656938552856445e-02 4.691610857844352722e-02 3.528288751840591431e-02 4.241935163736343384e-02 3.945611417293548584e-02 5.767539888620376587e-02 1.275313645601272583e-02 8.809743449091911316e-03 1.391571946442127228e-02 4.652937874197959900e-03 3.259731456637382507e-02 2.643434330821037292e-02 1.553225610405206680e-02 2.416362427175045013e-02 8.029772341251373291e-02 2.300273440778255463e-02 3.231990709900856018e-02 6.569769233465194702e-03 2.281617745757102966e-02 5.666492879390716553e-02 4.749246314167976379e-02 1.226969901472330093e-02 1.771960034966468811e-02 8.437681198120117188e-02 3.191475570201873779e-02 7.579609751701354980e-02 3.984740376472473145e-02 3.445851430296897888e-02 1.033753342926502228e-02 2.648365125060081482e-02 1.576233096420764923e-02 6.413179915398359299e-03 5.494413524866104126e-02 2.068903110921382904e-02 6.509564816951751709e-02 1.324713975191116333e-02 1.420414727181196213e-02 5.321202427148818970e-02 1.378703210502862930e-02 1.637435518205165863e-02 8.106036111712455750e-03 3.950791805982589722e-02 2.258816361427307129e-02 1.037084385752677917e-01 4.470209591090679169e-03 1.191121712327003479e-02 1.415848825126886368e-02 6.960747390985488892e-02 3.613572195172309875e-02 4.712226800620555878e-03 1.201617880724370480e-03 1.021937374025583267e-02 1.039277017116546631e-02 3.484474122524261475e-02 4.473773762583732605e-03 2.420354261994361877e-02 2.013250999152660370e-02 1.300406735390424728e-02 2.278504148125648499e-02 1.690741255879402161e-02 1.076972950249910355e-02 2.899082936346530914e-02 1.490449625998735428e-02 4.403170570731163025e-02 1.644340343773365021e-02 2.069300226867198944e-02 2.497635781764984131e-02 8.520536869764328003e-02 1.095786690711975098e-02
3.596393018960952759e-02 1.677781790494918823e-01 3.015198186039924622e-02 3.869852051138877869e-02 2.111569605767726898e-02 1.723603159189224243e-01 1.376863270998001099e-01 2.152645960450172424e-03 5.475135892629623413e-02 2.917844988405704498e-02 3.000972792506217957e-02 8.532328903675079346e-02 9.099535644054412842e-02 7.067260891199111938e-02 5.431532487273216248e-02 8.212576806545257568e-02 6.490179151296615601e-02 3.599604964256286621e-02 4.450513795018196106e-02 2.263722009956836700e-02 5.634104460477828979e-02 1.184964645653963089e-02 1.796623133122920990e-02 3.129175305366516113e-02 1.819762773811817169e-02 3.428328037261962891e-02 5.956913344562053680e-03 4.262522608041763306e-02 2.636756561696529388e-02 3.789165988564491272e-02 2.803403325378894806e-02 8.891848847270011902e-03 9.221405722200870514e-03 3.110396116971969604e-02 1.521718106232583523e-03 1.959243975579738617e-02 3.480676095932722092e-03 5.794270429760217667e-03 4.377564787864685059e-02 3.328217566013336182e-02 2.127232775092124939e-02 8.953355252742767334e-03 2.811911515891551971e-03 8.567024022340774536e-02 3.535268362611532211e-03 1.584438793361186981e-02 8.832917362451553345e-02 1.559647470712661743e-01 6.033180747181177139e-03 4.908433929085731506e-02 2.524357847869396210e-02 3.608068451285362244e-02 4.750221222639083862e-02 1.102660316973924637e-02 9.884654544293880463e-03 2.364171668887138367e-02 2.511983178555965424e-02 5.957672372460365295e-02 4.375673457980155945e-02 6.695271283388137817e-02 3.482498973608016968e-02 1.083063147962093353e-02 8.588289842009544373e-03 1.599663123488426208e-02 1.171277463436126709e-02 6.982616335153579712e-02 6.375850737094879150e-02 1.071852818131446838e-02 2.342571271583437920e-03 2.750583924353122711e-02 5.448204278945922852e-02 2.082102932035923004e-02 5.773123726248741150e-02 3.606301965191960335e-03 2.842666767537593842e-02 1.762278936803340912e-02 3.389096260070800781e-02 4.220792651176452637e-02 3.404701128602027893e-02 2.934142760932445526e-02 6.646779831498861313e-03 2.180965803563594818e-02 4.871705546975135803e-03 1.318417768925428391e-02 4.838111624121665955e-02 1.758151873946189880e-02 2.679850719869136810e-02 1.060202345252037048e-02 1.445625908672809601e-02 3.509537503123283386e-02 8.215314894914627075e-02 2.224952355027198792e-02 1.009634360671043396e-01 8.903756737709045410e-03 6.116400286555290222e-02 2.790715172886848450e-02 1.832425408065319061e-02 2.144150063395500183e-02 5.757749080657958984e-02 1.767218299210071564e-02 1.653581298887729645e-02 8.275302127003669739e-03 1.076882053166627884e-02 2.840087004005908966e-02 3.480717539787292480e-02 3.637637943029403687e-02 2.810757979750633240e-02 4.770987201482057571e-03 2.565869875252246857e-02 2.952108532190322876e-02 3.022873587906360626e-02 1.610270887613296509e-02 3.557236120104789734e-02 3.885480388998985291e-02 9.072114527225494385e-02 5.137523263692855835e-02
3.384483233094215393e-02 8.177794516086578369e-03 1.867737919092178345e-01 6.680626422166824341e-02 1.344017498195171356e-02 4.049904271960258484e-02 2.152645960450172424e-03 1.005580127239227295e-01 3.739744797348976135e-02 5.083563178777694702e-02 3.020863048732280731e-03 2.194568142294883728e-02 6.162408739328384399e-02 3.135978803038597107e-02 1.159969195723533630e-01 1.654650829732418060e-02 1.158959884196519852e-02 1.095126965083181858e-03 3.416796401143074036e-02 1.962870731949806213e-02 5.637292563915252686e-02 1.055374555289745331e-02 2.269848808646202087e-02 2.496132394298911095e-03 1.300088036805391312e-02 6.520546972751617432e-02 2.866391837596893311e-02 7.582591846585273743e-03 2.932754158973693848e-02 6.597343832254409790e-02 5.162274464964866638e-03 2.182512544095516205e-02 5.157687887549400330e-02 1.797929778695106506e-02 5.779078230261802673e-02 4.482808522880077362e-03 3.289658576250076294e-02 3.280762955546379089e-02 8.040972799062728882e-02 8.128979057073593140e-02 1.421543210744857788e-02 7.048016414046287537e-03 2.108480595052242279e-02 4.650893434882164001e-02 1.581232249736785889e-02 3.418365493416786194e-02 7.359672337770462036e-03 7.521754596382379532e-03 3.454532474279403687e-03 2.601187117397785187e-02 3.609027341008186340e-02 3.807588666677474976e-02 1.887892372906208038e-02 6.229219213128089905e-02 2.827138872817158699e-03 2.823667600750923157e-02 4.029284790158271790e-02 8.139114081859588623e-02 3.860950097441673279e-02 3.023503534495830536e-02 3.909090533852577209e-03 1.939121447503566742e-02 5.383916199207305908e-02 1.523284427821636200e-02 8.445286191999912262e-03 7.849474437534809113e-03 2.033216506242752075e-02 8.953929645940661430e-04 1.507667358964681625e-03 2.046469040215015411e-02 3.543126583099365234e-02 8.002695441246032715e-02 1.589601673185825348e-02 3.197357524186372757e-03 9.963699849322438240e-04 4.288905113935470581e-02 1.177653111517429352e-02 7.013063877820968628e-02 7.521754503250122070e-02 2.022952027618885040e-02 2.034261673688888550e-01 1.813474893569946289e-01 1.537529751658439636e-02 1.156474556773900986e-02 2.666376158595085144e-02 3.323158621788024902e-02 1.232377663254737854e-01 1.042942553758621216e-01 5.164269730448722839e-02 8.945052977651357651e-04 5.126570817083120346e-03 2.541742287576198578e-02 9.573772549629211426e-03 4.327325522899627686e-02 2.191936364397406578e-03 4.042692855000495911e-02 4.795119911432266235e-02 4.861359670758247375e-02 1.256551034748554230e-02 1.234703417867422104e-02 5.579002201557159424e-02 3.609614819288253784e-02 1.684326305985450745e-02 1.456554234027862549e-02 2.080219984054565430e-02 1.983708515763282776e-02 3.785648383200168610e-03 3.715763241052627563e-02 9.817745536565780640e-03 2.656782977283000946e-02 3.806293755769729614e-02 7.558981329202651978e-02 1.283252239227294922e-02 1.403518300503492355e-02 4.330011829733848572e-02 1.583829894661903381e-02
5.698728188872337341e-02 2.898755669593811035e-02 4.753389582037925720e-02 3.584069432690739632e-03 1.018492504954338074e-01 1.898834668099880219e-02 5.475135892629623413e-02 3.739744797348976135e-02 9.816198050975799561e-02 5.224123597145080566e-02 1.073683146387338638e-02 2.976466342806816101e-02 3.508649021387100220e-02 5.479133129119873047e-02 2.168049849569797516e-02 7.761374861001968384e-02 3.125046938657760620e-02 4.976133629679679871e-02 1.646031625568866730e-02 3.246448934078216553e-02 2.450617961585521698e-03 1.869410648941993713e-02 1.362767908722162247e-02 1.025771722197532654e-02 5.715398117899894714e-03 3.541728109121322632e-02 1.163674145936965942e-02 6.865619868040084839e-02 3.166726231575012207e-02 3.543323278427124023e-02 3.304695338010787964e-02 6.344578578136861324e-04 1.563098467886447906e-02 6.117843836545944214e-02 3.710260614752769470e-02 4.370662569999694824e-02 4.641099646687507629e-02 1.423700060695409775e-02 2.957646735012531281e-02 9.792163036763668060e-03 2.585567533969879150e-02 5.662791803479194641e-02 5.365947727113962173e-03 2.655562944710254669e-02 5.113454535603523254e-02 3.321947297081351280e-03 2.255805768072605133e-02 7.401852868497371674e-03 1.648694090545177460e-02 2.672048518434166908e-03 4.793336614966392517e-02 2.405651379376649857e-03 5.601408705115318298e-02 2.721200138330459595e-02 1.146674808114767075e-02 6.953636649996042252e-03 4.550299420952796936e-02 2.449325844645500183e-02 4.854807630181312561e-03 3.573383018374443054e-02 1.896104030311107635e-02 7.873229682445526123e-03 5.082726851105690002e-02 3.284119814634323120e-02 3.763934969902038574e-02 2.005927264690399170e-02 2.258112508570775390e-04 1.406014343956485391e-04 8.217953145503997803e-02 3.696933016180992126e-02 6.377090513706207275e-02 4.930533468723297119e-02 1.795995607972145081e-02 1.559105236083269119e-03 7.668095827102661133e-02 2.606281824409961700e-02 3.910824358463287354e-01 1.673169881105422974e-01 1.776137351989746094e-01 1.384863406419754028e-01 1.075424067676067352e-02 3.350577130913734436e-02 8.702877908945083618e-02 4.268521815538406372e-02 2.409318089485168457e-02 3.112134709954261780e-02 4.056301340460777283e-02 1.303035393357276917e-02 1.052169501781463623e-01 4.629041999578475952e-02 6.167341489344835281e-03 2.340814284980297089e-02 5.801649764180183411e-02 1.402436662465333939e-02 2.307093702256679535e-03 2.136649750173091888e-02 1.108405441045761108e-01 5.500690639019012451e-02 2.887631207704544067e-02 5.365371331572532654e-02 2.159219980239868164e-02 2.065431559458374977e-03 1.083823968656361103e-03 5.056434869766235352e-02 6.508751306682825089e-03 1.902689598500728607e-02 1.576587557792663574e-02 1.429911050945520401e-02 4.816669970750808716e-02 1.300450507551431656e-02 3.109630756080150604e-02 1.292795129120349884e-02 3.420951543375849724e-03 4.658405855298042297e-02 4.120684415102005005e-02 1.448178477585315704e-02
1.015011128038167953e-02 8.929844945669174194e-03 3.746085613965988159e-02 2.367211692035198212e-02 2.022939547896385193e-02 3.185911849141120911e-02 2.917844988405704498e-02 5.083563178777694702e-02 5.224123597145080566e-02 6.638006120920181274e-02 3.208159655332565308e-02 7.683864794671535492e-03 5.166967958211898804e-02 4.175210744142532349e-02 1.755280792713165283e-02 3.696474805474281311e-02 2.183417603373527527e-02 6.544690579175949097e-03 1.327079627662897110e-02 3.934904187917709351e-02 2.076305821537971497e-02 1.912298984825611115e-02 3.363264026120305061e-03 1.978103816509246826e-02 5.968023464083671570e-02 4.370883107185363770e-02 1.311639044433832169e-02 1.681898836977779865e-03 3.025291860103607178e-02 1.491517387330532074e-02 1.400036271661520004e-02 1.910646446049213409e-02 5.185836553573608398e-02 7.368572056293487549e-02 4.227004572749137878e-02 7.882219739258289337e-03 6.645900011062622070e-02 2.050775103271007538e-02 7.557519711554050446e-03 2.273908117786049843e-03 3.166066855192184448e-02 2.461812831461429596e-02 1.042346376925706863e-02 4.796256124973297119e-02 3.566434234380722046e-02 4.771445877850055695e-03 4.045583307743072510e-03 2.263703756034374237e-02 3.234326466917991638e-02 1.003317832946777344e-01 2.654987946152687073e-02 4.241940751671791077e-02 6.653065327554941177e-03 6.517113000154495239e-02 2.447733283042907715e-02 9.110840409994125366e-02 7.268345914781093597e-03 1.185052841901779175e-02 3.116871789097785950e-02 1.708862185478210449e-02 1.542013324797153473e-02 3.930037468671798706e-02 5.185391008853912354e-02 2.116108313202857971e-02 1.409877929836511612e-02 1.821192353963851929e-02 2.167327562347054482e-03 2.710435073822736740e-03 5.547604337334632874e-02 2.835971489548683167e-02 6.577063351869583130e-02 1.338015794754028320e-01 5.384281650185585022e-02 5.221984162926673889e-02 3.233641386032104492e-02 2.245290949940681458e-02 5.070755723863840103e-03 2.369525581598281860e-01 3.051975183188915253e-02 1.417078226804733276e-01 2.350816130638122559e-02 7.042238116264343262e-02 9.319255128502845764e-03 5.120101943612098694e-02 1.619007252156734467e-02 7.843830436468124390e-02 1.910702139139175415e-02 2.859393320977687836e-02 3.648634627461433411e-02 1.115340813994407654e-01 3.629702376201748848e-03 4.108367860317230225e-02 4.181524366140365601e-02 3.107078932225704193e-02 5.937699228525161743e-02 4.641934856772422791e-02 4.436701536178588867e-02 4.495259001851081848e-02 1.962146721780300140e-02 6.084218993782997131e-02 3.237565606832504272e-02 1.453962363302707672e-02 2.586226910352706909e-02 3.783768042922019958e-02 1.209965627640485764e-02 1.443948876112699509e-02 4.624407272785902023e-03 7.709254510700702667e-03 2.812784630805253983e-03 1.125483773648738861e-02 5.185640603303909302e-02 6.612877361476421356e-03 1.110479887574911118e-02 5.694518331438302994e-03 3.616747632622718811e-02 5.334179848432540894e-02
2.699869275093078613e-01 9.028226882219314575e-02 1.392587926238775253e-02 9.003020823001861572e-03 2.848586626350879669e-02 3.872416168451309204e-02 3.000972792506217957e-02 3.020863048732280731e-03 1.073683146387338638e-02 3.208159655332565308e-02 1.410218030214309692e-01 2.758631482720375061e-02 1.464367657899856567e-01 1.719234138727188110e-02 3.146816790103912354e-02 4.908582777716219425e-04 1.710620336234569550e-02 1.806488289730623364e-04 2.042890712618827820e-02 1.465758215636014938e-02 2.504196390509605408e-02 7.319516688585281372e-02 2.939045429229736328e-02 1.841956004500389099e-02 4.383124783635139465e-02 3.433112055063247681e-02 6.677526980638504028e-02 1.330607687123119831e-03 2.662899717688560486e-02 4.530407488346099854e-02 9.754179976880550385e-03 2.766429819166660309e-02 5.667600780725479126e-02 2.771685831248760223e-02 4.322234168648719788e-02 1.687761209905147552e-02 1.613329164683818817e-02 2.532099746167659760e-02 6.287548225373029709e-03 1.393003761768341064e-02 1.067856978625059128e-02 4.415225703269243240e-03 2.327596768736839294e-02 1.488504279404878616e-02 5.604296922683715820e-02 7.209509611129760742e-02 1.614036262035369873e-01 4.896569997072219849e-02 1.776457205414772034e-02 1.160914078354835510e-02 4.489777237176895142e-02 3.343496099114418030e-02 2.811270765960216522e-02 2.301749191246926785e-04 3.474251553416252136e-02 5.145750008523464203e-03 4.073427617549896240e-02 1.946435868740081787e-02 4.449621587991714478e-02 3.044024109840393066e-02 3.845337405800819397e-02 1.248921360820531845e-02 7.313060015439987183e-02 2.434519678354263306e-02 5.841299518942832947e-02 2.029143460094928741e-02 6.042416207492351532e-03 1.627897727303206921e-03 9.486097842454910278e-03 6.519504636526107788e-02 4.937482997775077820e-02 1.118883956223726273e-02 4.342617839574813843e-02 7.262057811021804810e-02 4.343333095312118530e-02 2.163653634488582611e-02 6.529335223603993654e-05 2.432617731392383575e-02 5.687544122338294983e-02 4.002179205417633057e-02 1.731624454259872437e-02 7.490861415863037109e-02 5.168071482330560684e-03 2.952204085886478424e-03 2.137753926217556000e-02 5.129809677600860596e-02 3.998088836669921875e-02 1.281460560858249664e-02 4.429427906870841980e-02 4.473736137151718140e-02 1.233392581343650818e-01 7.925783097743988037e-02 5.254599824547767639e-02 3.824687004089355469e-02 3.779615089297294617e-02 1.201819628477096558e-02 4.995286837220191956e-02 1.330040860921144485e-02 2.545592747628688812e-02 1.114858128130435944e-02 4.180199932307004929e-03 2.702942863106727600e-02 7.280324399471282959e-02 4.351506754755973816e-02 2.181521058082580566e-02 4.434683173894882202e-02 1.388306170701980591e-02 3.134969621896743774e-02 3.525785170495510101e-03 4.048071429133415222e-02 1.609528437256813049e-02 9.872120618820190430e-02 3.638282790780067444e-02 3.536736220121383667e-02 9.936030209064483643e-02 3.982056677341461182e-02
4.511073976755142212e-02 6.943643093109130859e-02 7.079914212226867676e-02 5.826209485530853271e-02 4.084013774991035461e-02 4.096773266792297363e-02 8.532328903675079346e-02 2.194568142294883728e-02 2.976466342806816101e-02 7.683864794671535492e-03 2.758631482720375061e-02 9.661322832107543945e-02 2.802366390824317932e-02 2.702327370643615723e-01 6.232615560293197632e-02 6.575930863618850708e-02 3.314110264182090759e-02 8.481743745505809784e-03 5.172082781791687012e-02 6.003536749631166458e-03 3.897255659103393555e-02 2.171380631625652313e-02 7.947712391614913940e-02 4.120478406548500061e-02 2.622726000845432281e-02 7.650563120841979980e-02 5.856265779584646225e-03 1.466205120086669922e-01 1.004897356033325195e-01 1.137355789542198181e-01 9.904809296131134033e-02 5.438267719000577927e-03 3.054155223071575165e-02 3.796841576695442200e-02 4.267417266964912415e-02 8.121003210544586182e-02 4.876670241355895996e-02 5.315029621124267578e-02 1.080537587404251099e-02 3.604191541671752930e-02 4.708261787891387939e-02 1.097683329135179520e-02 1.109631173312664032e-02 2.935655973851680756e-02 8.308826386928558350e-02 4.845601320266723633e-02 6.729128956794738770e-02 7.872336357831954956e-02 5.250867456197738647e-03 5.709460005164146423e-03 3.461417555809020996e-02 1.103653088212013245e-01 3.057076968252658844e-02 3.209499642252922058e-02 6.740318145602941513e-03 7.166185975074768066e-02 7.857111841440200806e-02 6.711421906948089600e-02 1.304038893431425095e-02 2.611320698633790016e-03 7.018030434846878052e-02 5.376045778393745422e-02 5.432179197669029236e-02 5.689876154065132141e-02 4.001395776867866516e-02 5.072120949625968933e-02 1.763384416699409485e-02 2.560579217970371246e-02 8.629455231130123138e-03 5.380575545132160187e-03 5.395296029746532440e-03 4.849871620535850525e-02 7.625921070575714111e-02 3.411067882552742958e-03 5.737242475152015686e-02 6.844910979270935059e-02 6.999310851097106934e-02 2.044443972408771515e-02 1.502303965389728546e-02 1.758206449449062347e-02 4.545931518077850342e-02 1.864217408001422882e-02 2.445084415376186371e-02 7.619503140449523926e-02 1.221789140254259109e-02 1.915388740599155426e-02 3.241145610809326172e-02 3.123337030410766602e-02 1.452772468328475952e-01 9.437175840139389038e-02 9.316208213567733765e-02 2.783082798123359680e-02 1.043153554201126099e-01 1.373390201479196548e-02 1.757915318012237549e-02 1.817410998046398163e-02 5.183136835694313049e-02 6.403059512376785278e-02 1.829517772421240807e-03 5.468111019581556320e-03 1.050244271755218506e-02 1.807059906423091888e-02 5.406941846013069153e-02 1.199325919151306152e-02 4.374033957719802856e-02 5.151168629527091980e-02 4.079197533428668976e-03 5.695953965187072754e-02 1.469725510105490685e-03 4.282903298735618591e-02 6.704671680927276611e-02 5.496486276388168335e-02 2.076080441474914551e-02 3.851365670561790466e-02 6.791690737009048462e-02 7.018465548753738403e-02
1.563408821821212769e-01 2.351670563220977783e-01 1.814897730946540833e-02 9.245523810386657715e-02 2.049534581601619720e-03 4.777293279767036438e-02 9.099535644054412842e-02 6.162408739328384399e-02 3.508649021387100220e-02 5.166967958211898804e-02 1.464367657899856567e-01 2.802366390824317932e-02 1.707319170236587524e-01 5.424517765641212463e-02 1.934362202882766724e-02 2.237584814429283142e-02 2.921334654092788696e-02 2.281412854790687561e-02 4.996642470359802246e-02 1.958861947059631348e-02 1.346797309815883636e-02 6.197553128004074097e-02 2.060205861926078796e-02 1.984681189060211182e-02 4.165116325020790100e-02 3.048861399292945862e-03 3.105185739696025848e-02 1.012239698320627213e-02 4.413855448365211487e-02 2.444824762642383575e-02 1.837769523262977600e-02 1.948567107319831848e-02 3.145087137818336487e-02 2.616491168737411499e-02 2.422497794032096863e-02 4.120523482561111450e-02 1.411854289472103119e-02 1.832021959125995636e-02 6.307033449411392212e-02 4.114109650254249573e-02 4.050672799348831177e-02 1.856767758727073669e-02 1.615855842828750610e-02 2.617486566305160522e-02 1.260207779705524445e-02 1.474460680037736893e-02 6.121248379349708557e-02 1.049959883093833923e-01 1.965919695794582367e-02 1.571018947288393974e-03 2.614021650515496731e-04 2.297828532755374908e-02 2.261922881007194519e-02 1.276330277323722839e-02 7.060441374778747559e-02 1.729585789144039154e-02 5.217241123318672180e-02 8.067199960350990295e-03 7.123437523841857910e-02 2.555465325713157654e-02 5.133200064301490784e-02 1.874597556889057159e-02 1.356583833694458008e-02 3.022912703454494476e-02 6.151261273771524429e-03 1.286702901124954224e-01 4.210710898041725159e-02 9.727740660309791565e-03 3.746635839343070984e-02 7.772062718868255615e-02 9.263731539249420166e-03 4.833253100514411926e-02 3.710219264030456543e-02 2.644713036715984344e-02 2.932856231927871704e-02 5.735699553042650223e-03 1.842163503170013428e-02 9.366848506033420563e-03 2.519259601831436157e-02 2.704470045864582062e-02 7.378808804787695408e-04 6.568048149347305298e-02 4.199844971299171448e-02 4.503238201141357422e-02 5.545311793684959412e-02 1.221910677850246429e-02 4.016223922371864319e-02 3.036331012845039368e-02 6.560899317264556885e-02 1.989391259849071503e-02 2.518253959715366364e-02 5.896152462810277939e-03 1.158286109566688538e-01 5.508563295006752014e-02 2.238160558044910431e-02 2.094840444624423981e-02 6.066596880555152893e-02 1.192619930952787399e-02 3.236020356416702271e-02 1.436127815395593643e-03 6.059223320335149765e-03 9.177556261420249939e-03 1.997812651097774506e-02 4.470974951982498169e-02 4.281303659081459045e-02 4.638224840164184570e-02 2.627186849713325500e-02 4.601237922906875610e-02 4.444834589958190918e-02 5.990848690271377563e-02 1.002073436975479126e-01 1.203684601932764053e-02 2.370257675647735596e-02 2.856817096471786499e-03 6.780748069286346436e-02 3.950797766447067261e-02
