1.162060871720314026e-01 1.997543126344680786e-01 1.559672504663467407e-02 1.493165385909378529e-03 6.838148087263107300e-02 1.410266011953353882e-01 9.683470427989959717e-02 2.436679042875766754e-02 2.882803790271282196e-02 3.188816085457801819e-02 2.016709297895431519e-01 5.443135648965835571e-02 2.071092873811721802e-01 3.462895378470420837e-02 5.185138806700706482e-02 4.367918521165847778e-02 5.758240818977355957e-02 2.847311086952686310e-03 3.683539107441902161e-02 6.879564374685287476e-03 2.273752167820930481e-02 3.151328489184379578e-02 8.087649196386337280e-02 2.606336399912834167e-02 2.984241023659706116e-02 4.740358144044876099e-02 5.793350562453269958e-02 6.601464003324508667e-03 5.934790894389152527e-02 5.760956183075904846e-02 1.249591354280710220e-02 2.069394662976264954e-02 4.288479313254356384e-02 3.877858445048332214e-02 1.415512897074222565e-02 3.925675153732299805e-02 2.355469390749931335e-02 4.179093986749649048e-02 1.601492986083030701e-02 1.959171378985047340e-03 1.970264874398708344e-02 5.464880168437957764e-02 5.150286108255386353e-02 5.191731825470924377e-02 9.147235192358493805e-03 4.577931482344865799e-03 9.679163247346878052e-02 1.705768145620822906e-02 3.783633187413215637e-02 2.574612200260162354e-02 1.283028721809387207e-02 4.751692526042461395e-03 5.594434216618537903e-02 4.450485110282897949e-03 1.388171315193176270e-02 8.863532566465437412e-04 5.554210860282182693e-03 8.176571875810623169e-02 2.749384753406047821e-02 3.463350608944892883e-02 1.123975124210119247e-02 2.575744688510894775e-02 4.414254426956176758e-02 3.537759184837341309e-02 6.223073694854974747e-03 4.350847378373146057e-02 7.639148272573947906e-03 4.286420531570911407e-03 4.971512779593467712e-02 2.116145938634872437e-02 1.759352162480354309e-02 5.712071433663368225e-02 2.437873743474483490e-02 7.785288244485855103e-02 9.550910443067550659e-03 1.093889772891998291e-02 3.468055650591850281e-02 2.061627991497516632e-02 5.407552421092987061e-02 5.645441636443138123e-02 1.022344920784235001e-02 1.952914334833621979e-02 2.126859873533248901e-02 1.544365007430315018e-02 1.047365274280309677e-02 3.527440130710601807e-02 1.974406838417053223e-02 3.315422683954238892e-02 1.399448700249195099e-02 1.952550746500492096e-02 8.512459695339202881e-03 5.486933514475822449e-02 2.605047449469566345e-02 1.252913773059844971e-01 1.747684180736541748e-02 6.371092796325683594e-02 1.287597697228193283e-02 1.735331257805228233e-03 2.146632410585880280e-02 4.377502202987670898e-02 1.987114176154136658e-02 4.506772384047508240e-02 4.530862718820571899e-02 3.254387527704238892e-02 2.567153889685869217e-03 6.739284843206405640e-03 2.012348361313343048e-02 6.746377050876617432e-02 4.130100831389427185e-02 1.183352805674076080e-02 3.796428442001342773e-02 2.871622890233993530e-02 2.018386265262961388e-03 1.136579550802707672e-02 4.927192628383636475e-02 1.619386835955083370e-03
1.997543126344680786e-01 8.630124479532241821e-02 3.646517544984817505e-02 4.253935068845748901e-02 4.114417731761932373e-02 1.336335092782974243e-01 1.017650812864303589e-01 1.165433134883642197e-02 3.095000423491001129e-02 1.908422820270061493e-02 9.787967056035995483e-02 3.470190241932868958e-02 2.650826871395111084e-01 7.172413915395736694e-02 4.601468890905380249e-02 1.325673796236515045e-02 1.886760629713535309e-02 3.354120627045631409e-02 6.711158901453018188e-03 1.137850433588027954e-02 4.114702343940734863e-02 1.736830919981002808e-02 3.609158098697662354e-03 3.831628337502479553e-02 1.540340948849916458e-03 3.528786078095436096e-02 8.077229722402989864e-04 2.391919121146202087e-02 4.475912079215049744e-02 3.786440566182136536e-02 5.933534726500511169e-02 1.265491638332605362e-02 4.211828112602233887e-02 1.033075619488954544e-02 3.677805513143539429e-02 4.788264632225036621e-03 4.427874833345413208e-02 3.105640178546309471e-03 1.441001612693071365e-02 1.055595465004444122e-02 3.041067719459533691e-02 2.136058360338211060e-02 6.831227988004684448e-02 2.508732490241527557e-02 7.964658550918102264e-03 3.133032098412513733e-02 5.789543315768241882e-02 1.486220490187406540e-02 3.316360339522361755e-02 3.456503152847290039e-02 5.611621309071779251e-03 1.007592305541038513e-02 5.057479254901409149e-03 2.309089060872793198e-03 5.813670530915260315e-02 5.089602991938591003e-02 4.132900387048721313e-02 2.100283280014991760e-02 1.306729391217231750e-03 4.573082923889160156e-02 2.287549199536442757e-03 3.160478919744491577e-02 3.870188817381858826e-02 4.760490730404853821e-03 4.896475374698638916e-02 8.604948222637176514e-02 6.782026030123233795e-04 6.641227006912231445e-02 4.761308431625366211e-02 3.757409751415252686e-02 1.350032910704612732e-02 3.175626322627067566e-02 4.018615558743476868e-02 2.877234108746051788e-02 3.075193986296653748e-02 7.368645630776882172e-03 3.442147001624107361e-02 8.088492788374423981e-03 1.894818432629108429e-02 5.672368220984935760e-03 1.083085895515978336e-03 4.942594096064567566e-02 2.165496349334716797e-02 6.027301773428916931e-03 1.498872879892587662e-02 5.708254128694534302e-02 4.140600189566612244e-02 1.310208439826965332e-02 1.990121230483055115e-02 3.149199485778808594e-02 9.041943401098251343e-02 4.477313905954360962e-02 3.940330818295478821e-02 4.532383754849433899e-02 3.605386242270469666e-02 7.513848692178726196e-02 3.594293072819709778e-02 2.142870612442493439e-02 1.895271427929401398e-02 2.033793181180953979e-02 2.885980065912008286e-03 2.878464758396148682e-02 4.737392440438270569e-02 6.046834215521812439e-02 2.013287972658872604e-03 2.278586290776729584e-02 3.347207605838775635e-02 3.073902986943721771e-02 6.629493087530136108e-02 3.944332525134086609e-02 7.993487268686294556e-02 4.770879074931144714e-02 5.047615151852369308e-03 7.714578509330749512e-02 3.979238495230674744e-02 4.890243336558341980e-02
1.559672504663467407e-02 3.646517544984817505e-02 7.935388013720512390e-03 4.722860828042030334e-02 1.184085980057716370e-01 2.207720465958118439e-02 2.062902040779590607e-02 2.113836109638214111e-01 2.031413093209266663e-02 2.477051317691802979e-02 6.072596460580825806e-02 3.660344332456588745e-02 2.841244079172611237e-02 2.060625515878200531e-02 6.177868321537971497e-02 8.309169672429561615e-03 8.738409727811813354e-03 1.832960359752178192e-02 3.635846823453903198e-02 5.247858166694641113e-02 3.664637356996536255e-02 3.179407864809036255e-02 2.860284596681594849e-02 4.181971400976181030e-02 2.996961027383804321e-02 2.426507696509361267e-02 1.640166854485869408e-03 5.806074012070894241e-03 2.938129566609859467e-02 3.513272106647491455e-02 5.639161448925733566e-03 3.506529703736305237e-02 3.736799582839012146e-02 6.715761870145797729e-02 8.559929206967353821e-03 9.810050018131732941e-03 4.999920353293418884e-02 4.796768724918365479e-02 4.385333135724067688e-02 9.252412617206573486e-02 3.905743733048439026e-02 5.585369467735290527e-02 1.792220957577228546e-02 3.070742450654506683e-02 2.699068747460842133e-02 3.837927803397178650e-02 2.699636854231357574e-03 7.531220559030771255e-03 1.896554604172706604e-02 9.960416704416275024e-03 7.261914201080799103e-03 2.118879929184913635e-02 5.408624559640884399e-02 6.790091749280691147e-03 2.272270806133747101e-02 1.167075056582689285e-02 1.630882360041141510e-02 1.428370550274848938e-02 6.818901747465133667e-02 1.302398145198822021e-01 2.217547409236431122e-02 2.692659385502338409e-02 1.488266792148351669e-02 6.919964682310819626e-03 3.778285160660743713e-02 1.694942265748977661e-02 9.815386496484279633e-03 4.272139631211757660e-03 2.749763801693916321e-02 5.851804092526435852e-02 4.093620926141738892e-02 8.435627818107604980e-02 1.719093532301485538e-03 5.652078613638877869e-02 2.496941760182380676e-02 3.219768404960632324e-02 1.178667787462472916e-02 1.810328662395477295e-02 3.755759075284004211e-02 7.375954091548919678e-02 2.457654178142547607e-01 2.065360397100448608e-01 3.618162870407104492e-02 3.825514018535614014e-02 3.885481134057044983e-02 1.774128340184688568e-02 6.608616095036268234e-03 2.389736287295818329e-02 3.550325706601142883e-02 2.259140601381659508e-03 1.464561652392148972e-02 3.396619111299514771e-02 8.944198489189147949e-03 2.526906505227088928e-02 3.063400462269783020e-02 1.640110649168491364e-02 1.630607619881629944e-02 3.357518836855888367e-02 2.251366153359413147e-02 2.421298995614051819e-02 2.534688077867031097e-02 2.862914837896823883e-02 3.181245550513267517e-02 1.723423413932323456e-02 4.969623312354087830e-02 4.647114127874374390e-02 3.398706391453742981e-02 1.593779772520065308e-02 3.460775315761566162e-02 6.898794323205947876e-02 7.092860760167241096e-04 3.630598308518528938e-03 3.903473913669586182e-02 3.900868073105812073e-02 4.145458713173866272e-02 8.824917674064636230e-02
1.493165385909378529e-03 4.253935068845748901e-02 4.722860828042030334e-02 5.644277855753898621e-02 1.888762265443801880e-01 6.257914006710052490e-02 3.098354488611221313e-02 6.596911698579788208e-02 7.642069458961486816e-02 5.686787143349647522e-02 6.636278331279754639e-02 1.301442272961139679e-02 2.225024625658988953e-02 3.496776521205902100e-02 1.537840999662876129e-02 5.196605995297431946e-02 7.754705846309661865e-02 3.417110815644264221e-02 6.447985023260116577e-02 2.632092870771884918e-02 2.885840088129043579e-02 2.098483406007289886e-02 3.189699724316596985e-03 4.397265985608100891e-02 9.767374955117702484e-03 3.917608037590980530e-02 3.068740665912628174e-02 7.877257466316223145e-02 1.061931159347295761e-02 9.255145490169525146e-02 4.406877979636192322e-02 3.766730800271034241e-02 1.377316284924745560e-02 5.724619328975677490e-02 3.634651377797126770e-02 1.692389696836471558e-02 1.147879380732774734e-02 3.498891368508338928e-02 5.821056663990020752e-02 3.397732600569725037e-02 1.739466004073619843e-02 4.249528516083955765e-03 5.816947296261787415e-02 2.383854053914546967e-02 2.502753166481852531e-03 1.879424042999744415e-02 3.774754703044891357e-02 9.602049365639686584e-03 5.376055464148521423e-02 2.060774713754653931e-02 3.117466904222965240e-02 6.008468102663755417e-03 1.801748387515544891e-02 1.733177527785301208e-02 3.106974437832832336e-02 5.637936666607856750e-02 2.966232597827911377e-02 7.131762057542800903e-02 3.212446719408035278e-02 4.011323675513267517e-02 1.506832148879766464e-02 9.633185714483261108e-02 1.018556281924247742e-01 1.842678710818290710e-02 2.301728352904319763e-02 1.381437201052904129e-02 5.347937811166048050e-03 1.417986024171113968e-02 5.088049173355102539e-02 2.906320244073867798e-02 3.475717082619667053e-02 5.494055524468421936e-02 2.856747508049011230e-01 2.975730784237384796e-02 1.740573793649673462e-01 7.848213426768779755e-03 6.957656145095825195e-02 8.449685759842395782e-03 1.525452360510826111e-02 2.478693932062014937e-05 1.905087754130363464e-02 7.854720205068588257e-02 1.380135118961334229e-01 4.278547316789627075e-02 1.404344942420721054e-02 8.978692814707756042e-03 3.915698081254959106e-02 4.390726983547210693e-02 7.233340293169021606e-02 2.333771064877510071e-02 2.658700570464134216e-02 1.629427447915077209e-02 2.776801120489835739e-04 5.351508036255836487e-02 2.441915683448314667e-02 3.404060751199722290e-02 2.730466797947883606e-02 7.638841867446899414e-02 3.224975988268852234e-02 1.164428889751434326e-02 1.657038554549217224e-02 5.104086175560951233e-02 4.986157268285751343e-02 2.902560681104660034e-02 3.682824317365884781e-03 8.220896124839782715e-03 2.170118503272533417e-02 4.292862862348556519e-02 2.815954014658927917e-02 2.128075063228607178e-02 5.344176664948463440e-02 1.711761020123958588e-02 7.627377659082412720e-02 1.142491213977336884e-02 2.986214682459831238e-02 1.726962812244892120e-02
6.838148087263107300e-02 4.114417731761932373e-02 1.184085980057716370e-01 1.888762265443801880e-01 2.429822692647576332e-03 1.819137111306190491e-02 1.755804568529129028e-02 6.557751446962356567e-02 4.030314087867736816e-02 8.166171610355377197e-02 3.357956185936927795e-02 6.548216193914413452e-02 4.253296926617622375e-02 1.746113598346710205e-02 6.057446822524070740e-02 1.767602935433387756e-02 2.599129825830459595e-02 8.123330771923065186e-02 1.111898645758628845e-01 6.358130369335412979e-03 2.964110858738422394e-02 7.517439872026443481e-02 2.519341930747032166e-02 6.002311408519744873e-02 1.392914913594722748e-02 4.165199119597673416e-03 3.188681602478027344e-02 1.001863628625869751e-01 5.627254024147987366e-02 2.477215789258480072e-02 5.502778105437755585e-03 1.038532182574272156e-01 2.146690897643566132e-02 5.562659353017807007e-02 2.123277401551604271e-03 3.702095150947570801e-02 3.336449339985847473e-02 7.718438655138015747e-02 1.286180410534143448e-02 7.896675169467926025e-02 2.265051007270812988e-02 2.352241426706314087e-02 5.211785808205604553e-02 1.292361132800579071e-02 6.896605342626571655e-02 1.311115361750125885e-02 5.740428715944290161e-02 1.867437176406383514e-02 5.538326501846313477e-02 5.306287482380867004e-02 2.716203965246677399e-02 4.769373312592506409e-02 3.688538447022438049e-02 1.208097860217094421e-02 6.093093007802963257e-02 7.745477557182312012e-02 1.158247068524360657e-01 3.071170486509799957e-02 7.763015478849411011e-02 5.811340734362602234e-02 3.482214361429214478e-02 1.208697333931922913e-01 7.117165625095367432e-02 1.170608252286911011e-01 3.130987286567687988e-02 1.476778369396924973e-02 3.016152046620845795e-02 1.045633852481842041e-02 4.761560261249542236e-02 4.591324180364608765e-02 3.068834543228149414e-02 2.024023793637752533e-02 3.003640798851847649e-03 4.651637747883796692e-02 2.186972498893737793e-01 2.070220746099948883e-02 6.942451000213623047e-02 1.901235245168209076e-02 1.645656116306781769e-02 4.160834010690450668e-03 3.942016512155532837e-02 9.121543914079666138e-02 1.383455097675323486e-01 1.642393022775650024e-01 4.348531365394592285e-02 1.059171091765165329e-02 4.254747927188873291e-02 2.949928492307662964e-02 5.535107851028442383e-02 1.973964460194110870e-02 2.942657843232154846e-02 5.359516292810440063e-02 6.579645723104476929e-02 1.061540562659502029e-02 2.265817672014236450e-02 3.781089559197425842e-02 2.297871001064777374e-02 5.131667107343673706e-02 1.854737848043441772e-02 1.326481252908706665e-02 5.927325412631034851e-02 1.011861767619848251e-02 3.089658683165907860e-03 2.205012179911136627e-02 1.428150944411754608e-02 6.007476523518562317e-02 7.990252226591110229e-03 7.024069875478744507e-02 1.777871977537870407e-03 1.409908873029053211e-03 7.330505643039941788e-03 2.527118660509586334e-02 1.584595069289207458e-02 3.940240945667028427e-03 2.236944623291492462e-02 5.691131204366683960e-02
1.410266011953353882e-01 1.336335092782974243e-01 2.207720465958118439e-02 6.257914006710052490e-02 1.819137111306190491e-02 9.831102192401885986e-02 1.418973505496978760e-01 3.664092626422643661e-03 2.269522985443472862e-03 2.024281024932861328e-02 1.159257590770721436e-01 6.757909804582595825e-02 6.597521901130676270e-02 5.669716745615005493e-02 3.887432068586349487e-02 3.223567083477973938e-02 5.534516647458076477e-02 5.067457258701324463e-02 1.330304145812988281e-02 7.123089395463466644e-03 2.016839385032653809e-02 8.982240688055753708e-04 4.689352586865425110e-02 1.311251427978277206e-02 1.082420255988836288e-02 3.091183863580226898e-02 1.888520456850528717e-02 5.069087445735931396e-02 4.165000095963478088e-02 6.060851737856864929e-03 2.739697322249412537e-02 4.478364251554012299e-03 2.381656505167484283e-02 5.174940917640924454e-03 4.402040317654609680e-02 3.578821197152137756e-02 1.866680197417736053e-02 2.849722094833850861e-02 3.331401944160461426e-02 2.468715608119964600e-02 1.379328966140747070e-02 9.968233294785022736e-03 2.032900461927056313e-03 4.352229647338390350e-03 6.324272602796554565e-02 3.593067824840545654e-02 1.645574271678924561e-01 3.006304055452346802e-02 1.902095973491668701e-02 1.640266552567481995e-02 1.856558956205844879e-03 3.247920423746109009e-02 4.850206151604652405e-02 5.762503133155405521e-04 1.575565710663795471e-02 1.485736388713121414e-02 1.232101954519748688e-02 2.006755955517292023e-02 4.773227497935295105e-03 3.809719532728195190e-02 5.428747832775115967e-02 3.471256047487258911e-02 4.301313683390617371e-02 3.386606648564338684e-02 2.149740979075431824e-02 2.728000655770301819e-02 2.506569400429725647e-02 1.632298901677131653e-02 2.820961922407150269e-02 4.353266581892967224e-02 3.144990652799606323e-02 2.761790342628955841e-02 4.172138497233390808e-02 4.252151027321815491e-02 4.436269402503967285e-02 2.036546170711517334e-02 6.414940953254699707e-02 1.288401614874601364e-02 2.112865820527076721e-02 6.597958505153656006e-02 1.409662980586290359e-02 6.631468981504440308e-02 5.756010860204696655e-02 3.802164644002914429e-02 4.506855737417936325e-03 3.511353861540555954e-03 1.021667476743459702e-02 2.552218269556760788e-03 2.189194783568382263e-02 4.232743289321660995e-03 1.460872218012809753e-02 2.004138194024562836e-02 1.201566867530345917e-02 7.715557236224412918e-03 4.456199333071708679e-02 6.691327784210443497e-03 5.507329478859901428e-02 2.706713043153285980e-02 4.541238024830818176e-02 1.004942134022712708e-02 4.477881267666816711e-02 1.522101368755102158e-02 1.460349466651678085e-02 1.106144208461046219e-02 2.075326442718505859e-02 2.443727664649486542e-02 1.878348365426063538e-02 7.820109277963638306e-02 6.141152698546648026e-03 2.245107665657997131e-02 1.155630499124526978e-02 5.392181873321533203e-02 1.020205859094858170e-02 2.512949518859386444e-02 1.684236340224742889e-02 1.878386712633073330e-03
9.683470427989959717e-02 1.017650812864303589e-01 2.062902040779590607e-02 3.098354488611221313e-02 1.755804568529129028e-02 1.418973505496978760e-01 1.165266111493110657e-01 3.637726232409477234e-02 3.017647936940193176e-02 5.111946910619735718e-02 9.728135168552398682e-02 7.951960712671279907e-02 4.739695414900779724e-02 1.154571101069450378e-01 1.770193874835968018e-02 1.438779570162296295e-02 2.452060580253601074e-02 2.374568954110145569e-02 3.650740534067153931e-02 4.804880544543266296e-02 3.953738138079643250e-02 5.951277539134025574e-02 2.193272672593593597e-02 2.468285523355007172e-02 1.196681056171655655e-02 4.505630210041999817e-02 1.982225477695465088e-02 4.339749924838542938e-03 3.280890360474586487e-02 3.332038596272468567e-02 7.750126067548990250e-03 2.525572106242179871e-02 2.191667072474956512e-02 1.012820098549127579e-02 1.916744746267795563e-02 3.065627627074718475e-02 5.528770387172698975e-02 2.515325322747230530e-02 3.016889840364456177e-02 1.247507706284523010e-02 1.811735704541206360e-02 2.336384728550910950e-02 3.465420007705688477e-02 7.234848290681838989e-02 2.331344224512577057e-02 1.668719947338104248e-02 9.497348219156265259e-02 7.429829239845275879e-02 1.763323787599802017e-03 8.342115208506584167e-03 3.133298456668853760e-02 3.914827946573495865e-03 3.905227780342102051e-02 4.291875287890434265e-03 1.412549521774053574e-02 1.516939979046583176e-02 4.077804088592529297e-02 5.556178465485572815e-02 2.447785250842571259e-02 1.649029180407524109e-02 3.022692911326885223e-02 4.597156867384910583e-02 4.489342123270034790e-02 4.655896127223968506e-02 8.741947822272777557e-03 4.785735905170440674e-02 6.026257295161485672e-03 3.168619796633720398e-02 3.388784453272819519e-02 3.378044441342353821e-02 4.422538727521896362e-02 7.524976134300231934e-02 2.092506736516952515e-02 4.943116754293441772e-02 4.550869762897491455e-02 2.475197799503803253e-02 1.255991030484437943e-02 2.017200365662574768e-02 4.497036337852478027e-02 2.498849667608737946e-02 6.182896718382835388e-02 2.017627470195293427e-02 6.192021071910858154e-02 5.271378159523010254e-02 2.483121678233146667e-02 4.509463533759117126e-02 2.386054024100303650e-02 4.656099714338779449e-03 4.579837247729301453e-02 5.364108830690383911e-02 5.229757353663444519e-02 4.251620173454284668e-02 4.941494390368461609e-02 4.513888433575630188e-02 1.111874170601367950e-02 2.958159521222114563e-02 1.734329573810100555e-02 4.247947130352258682e-03 1.948703825473785400e-02 1.874487474560737610e-02 8.996871300041675568e-03 2.436484768986701965e-02 1.591305062174797058e-02 3.006899729371070862e-03 3.463649377226829529e-02 9.175029583275318146e-03 9.377249516546726227e-03 1.404316572006791830e-04 4.075576737523078918e-02 7.430553436279296875e-02 7.938723079860210419e-03 4.978391528129577637e-02 8.885418064892292023e-03 2.733725821599364281e-03 2.323063649237155914e-02 3.518760949373245239e-02
2.436679042875766754e-02 1.165433134883642197e-02 2.113836109638214111e-01 6.596911698579788208e-02 6.557751446962356567e-02 3.664092626422643661e-03 3.637726232409477234e-02 5.124364048242568970e-02 3.411908168345689774e-03 5.383448302745819092e-02 3.900786861777305603e-02 2.231488004326820374e-02 2.633807994425296783e-02 9.662021882832050323e-03 2.352297604084014893e-01 9.018669836223125458e-03 4.823562223464250565e-03 5.870774388313293457e-02 3.276593983173370361e-02 2.978201769292354584e-02 4.324429202824831009e-03 1.173658984043868259e-05 2.590823732316493988e-02 2.242003567516803741e-02 8.293129503726959229e-03 5.311572179198265076e-02 2.449528686702251434e-02 4.234590008854866028e-02 3.619656711816787720e-02 1.174425147473812103e-02 5.021124961785972118e-04 5.339419469237327576e-02 4.452892392873764038e-02 4.135016724467277527e-02 3.685418516397476196e-02 1.098031848669052124e-01 8.334942907094955444e-02 1.809459179639816284e-02 3.986269235610961914e-02 4.866126924753189087e-02 5.802278593182563782e-02 5.231809988617897034e-02 3.759816288948059082e-03 5.284706130623817444e-03 5.402592942118644714e-02 5.540434503927826881e-04 3.209716826677322388e-02 1.626044511795043945e-02 4.709840752184391022e-03 3.692573681473731995e-02 5.325320735573768616e-02 2.437476254999637604e-02 6.880726665258407593e-02 1.348274294286966324e-02 2.530843019485473633e-02 4.837789386510848999e-02 3.192722052335739136e-02 5.625572986900806427e-03 2.908813580870628357e-02 5.589145421981811523e-02 6.276004016399383545e-02 3.863210603594779968e-02 8.235572837293148041e-03 1.165818516165018082e-02 2.979910001158714294e-02 1.394947525113821030e-02 9.481717832386493683e-03 1.023777574300765991e-02 2.527686581015586853e-02 2.559272572398185730e-02 2.465575374662876129e-02 4.439262673258781433e-02 4.854920506477355957e-02 2.700372971594333649e-02 6.989923119544982910e-02 2.617594972252845764e-02 1.762617751955986023e-02 4.444069787859916687e-02 6.589298136532306671e-03 2.330808527767658234e-02 2.376847416162490845e-01 1.966417729854583740e-01 1.723577827215194702e-02 2.034172043204307556e-02 8.337920904159545898e-02 4.714472964406013489e-02 1.323454827070236206e-01 4.181935917586088181e-03 3.733295574784278870e-02 1.366596110165119171e-02 7.824620231986045837e-03 4.732899740338325500e-02 6.664927303791046143e-02 1.442169421352446079e-03 6.980367004871368408e-02 1.434830389916896820e-02 5.269161984324455261e-02 1.053257752209901810e-02 1.125619746744632721e-02 1.000898517668247223e-02 2.502527460455894470e-02 7.508201990276575089e-03 1.687371986918151379e-03 1.812456361949443817e-02 1.758440025150775909e-02 5.815532803535461426e-02 3.196863085031509399e-02 2.222590707242488861e-02 2.818396128714084625e-02 7.112208008766174316e-02 1.871162466704845428e-02 4.355274140834808350e-03 5.825372785329818726e-02 2.104223892092704773e-02 1.678705029189586639e-02 1.474744733422994614e-02
2.882803790271282196e-02 3.095000423491001129e-02 2.031413093209266663e-02 7.642069458961486816e-02 4.030314087867736816e-02 2.269522985443472862e-03 3.017647936940193176e-02 3.411908168345689774e-03 5.937319621443748474e-02 9.860208630561828613e-02 4.048988223075866699e-02 4.145215824246406555e-02 1.795098744332790375e-02 5.626429617404937744e-02 1.697874441742897034e-02 6.826765835285186768e-02 3.653458505868911743e-02 1.130525097250938416e-01 1.045764088630676270e-01 9.973867796361446381e-03 4.735250025987625122e-02 4.557644948363304138e-02 4.412745311856269836e-02 3.050805628299713135e-02 1.940088532865047455e-02 3.356577455997467041e-02 4.819633811712265015e-02 3.530050441622734070e-02 6.568172480911016464e-03 2.181947045028209686e-02 2.786631323397159576e-02 6.652800366282463074e-04 3.959108144044876099e-02 2.035193890333175659e-02 3.061511740088462830e-02 1.733550988137722015e-02 3.887480124831199646e-02 8.184774219989776611e-02 4.442786052823066711e-02 9.373412467539310455e-03 1.357072312384843826e-02 3.382305800914764404e-02 1.841357722878456116e-02 1.484565716236829758e-02 2.165786223486065865e-03 4.113635048270225525e-02 2.449608594179153442e-02 1.459934841841459274e-02 3.933835402131080627e-02 4.626665730029344559e-03 5.233223363757133484e-02 1.827212236821651459e-02 2.321790717542171478e-02 1.912080310285091400e-02 5.945201590657234192e-02 2.065220288932323456e-02 4.100293386727571487e-03 6.847611814737319946e-02 4.322879016399383545e-02 2.885950356721878052e-02 8.345536887645721436e-03 1.291811000555753708e-02 5.818301811814308167e-03 4.266768321394920349e-02 4.772168770432472229e-02 5.380097404122352600e-02 3.439855948090553284e-02 1.926515996456146240e-02 1.247128918766975403e-01 1.641497761011123657e-02 5.032164976000785828e-02 4.940411075949668884e-03 6.493204832077026367e-02 5.755790974944829941e-03 3.138848021626472473e-02 1.367263775318861008e-02 1.850816309452056885e-01 7.913067936897277832e-02 4.292943328619003296e-02 3.281671926379203796e-02 8.969824761152267456e-03 1.230777427554130554e-02 4.660969227552413940e-02 5.585888773202896118e-02 2.055947668850421906e-02 3.240119293332099915e-02 3.077643923461437225e-02 4.250551760196685791e-02 9.133686125278472900e-02 8.433551341295242310e-02 8.673796430230140686e-03 5.146790668368339539e-02 3.372338600456714630e-03 2.877753227949142456e-02 2.896588295698165894e-02 3.777242451906204224e-02 3.939972072839736938e-02 6.209384649991989136e-02 5.205078423023223877e-02 2.313586324453353882e-02 4.734028130769729614e-02 1.095374766737222672e-02 1.428078487515449524e-02 3.770795464515686035e-02 1.764619909226894379e-02 6.014257296919822693e-02 7.807228248566389084e-03 4.882503300905227661e-02 1.073421165347099304e-01 1.069400738924741745e-02 1.107927132397890091e-02 2.618829719722270966e-02 1.901069469749927521e-02 3.198003768920898438e-02 3.127983212471008301e-02 7.614698261022567749e-04
3.188816085457801819e-02 1.908422820270061493e-02 2.477051317691802979e-02 5.686787143349647522e-02 8.166171610355377197e-02 2.024281024932861328e-02 5.111946910619735718e-02 5.383448302745819092e-02 9.860208630561828613e-02 9.504653513431549072e-02 9.931039996445178986e-03 6.607630103826522827e-02 3.791341185569763184e-02 1.458691060543060303e-02 7.687965035438537598e-02 1.104927156120538712e-02 1.868200674653053284e-02 3.562660887837409973e-02 1.423819512128829956e-01 1.179534196853637695e-02 1.140502095222473145e-02 5.282741971313953400e-03 1.904968731105327606e-02 1.833543740212917328e-02 1.060030981898307800e-02 2.438400224491488189e-05 1.733742654323577881e-02 1.872095279395580292e-03 3.989393636584281921e-02 3.830612823367118835e-02 1.157201919704675674e-02 5.101582407951354980e-02 7.059322670102119446e-03 4.419259354472160339e-02 3.727091476321220398e-02 7.623994257301092148e-03 6.418401841074228287e-03 3.166848793625831604e-02 1.854505855590105057e-03 4.780440777540206909e-02 4.842666909098625183e-02 4.739975929260253906e-02 4.610265418887138367e-02 3.713500499725341797e-02 1.833112095482647419e-03 9.077817946672439575e-02 5.226878449320793152e-02 4.980300739407539368e-02 4.038828425109386444e-03 4.262455552816390991e-02 2.566954120993614197e-02 3.929935023188591003e-02 2.304022759199142456e-02 2.733951061964035034e-02 2.768946252763271332e-02 7.313416153192520142e-02 7.871912675909698009e-04 4.284379258751869202e-02 4.069236572831869125e-03 3.605679050087928772e-02 4.571907222270965576e-02 8.116749674081802368e-02 7.631536573171615601e-02 5.699061602354049683e-02 6.713491398841142654e-03 4.278619959950447083e-02 5.312919244170188904e-02 2.374081686139106750e-02 4.100697487592697144e-02 8.519835770130157471e-02 8.028467744588851929e-02 4.023257642984390259e-03 5.606245994567871094e-02 4.484796524047851562e-02 8.447358384728431702e-03 2.878039702773094177e-02 7.391016930341720581e-02 1.353694200515747070e-01 6.450043059885501862e-03 4.905802011489868164e-02 9.992036037147045135e-03 1.767336018383502960e-02 3.311309963464736938e-02 9.876919537782669067e-02 7.018143683671951294e-02 3.592420369386672974e-02 2.826289087533950806e-02 2.784001175314188004e-03 3.779694810509681702e-02 1.107183694839477539e-01 2.697731368243694305e-02 1.937140151858329773e-02 4.942655190825462341e-02 5.061713978648185730e-02 4.176647961139678955e-02 1.731157675385475159e-02 5.872207880020141602e-02 5.732731521129608154e-02 3.434464707970619202e-02 7.591777015477418900e-03 5.903434380888938904e-02 3.519514575600624084e-02 2.083034068346023560e-02 3.216620907187461853e-02 3.131705522537231445e-02 4.424347076565027237e-03 3.640644252300262451e-02 6.351816467940807343e-03 4.195323958992958069e-02 6.695374101400375366e-02 6.003562361001968384e-03 5.621518567204475403e-02 1.187948696315288544e-02 2.189669571816921234e-02 3.473009914159774780e-02 3.259005770087242126e-02
2.016709297895431519e-01 9.787967056035995483e-02 6.072596460580825806e-02 6.636278331279754639e-02 3.357956185936927795e-02 1.159257590770721436e-01 9.728135168552398682e-02 3.900786861777305603e-02 4.048988223075866699e-02 9.931039996445178986e-03 8.274973183870315552e-02 3.394917771220207214e-02 1.648329347372055054e-01 2.212176471948623657e-02 6.479370594024658203e-02 1.494606677442789078e-02 1.709429547190666199e-02 3.966666013002395630e-02 5.705777183175086975e-02 1.061442401260137558e-02 1.812685467302799225e-02 1.236080974340438843e-01 7.573749870061874390e-02 3.190003708004951477e-02 1.467938185669481754e-03 2.309494279325008392e-02 6.358223408460617065e-02 2.505745366215705872e-02 6.866120547056198120e-02 2.280400693416595459e-02 6.713305413722991943e-02 3.488752990961074829e-02 3.118837065994739532e-02 4.787569120526313782e-02 2.779074758291244507e-02 1.716416142880916595e-02 4.893694072961807251e-03 6.456059217453002930e-02 6.749867647886276245e-02 3.168673487380146980e-03 8.643412590026855469e-02 1.059071626514196396e-03 1.486132945865392685e-02 4.097156226634979248e-02 1.129268575459718704e-02 1.979328691959381104e-02 9.203331172466278076e-02 3.880645334720611572e-02 2.528228238224983215e-02 7.487109978683292866e-04 5.151967331767082214e-02 5.661632865667343140e-03 1.467452384531497955e-02 2.760964212939143181e-03 2.211630158126354218e-02 2.329308167099952698e-02 5.094841495156288147e-02 2.172479592263698578e-02 7.562221959233283997e-03 2.846211194992065430e-03 1.460280455648899078e-02 1.036350429058074951e-02 4.974412545561790466e-02 2.008151821792125702e-02 1.097598373889923096e-01 7.263392955064773560e-02 2.135252207517623901e-02 1.157312095165252686e-02 2.323398657608777285e-04 5.754194781184196472e-02 3.866631165146827698e-02 9.570195339620113373e-03 7.207442820072174072e-02 1.354767009615898132e-02 3.677821159362792969e-02 2.261336194351315498e-03 6.160849332809448242e-02 9.712107479572296143e-03 5.305289849638938904e-02 3.153641149401664734e-02 9.442763403058052063e-03 1.017065066844224930e-02 5.577227473258972168e-02 5.811886396259069443e-03 5.038838088512420654e-02 3.363538905978202820e-02 5.069072172045707703e-02 9.330233186483383179e-02 6.019949913024902344e-03 1.723847910761833191e-02 5.434273928403854370e-02 5.455094203352928162e-02 1.829660497605800629e-02 7.769341766834259033e-02 8.256957866251468658e-03 3.294436028227210045e-03 3.039678744971752167e-02 1.052047591656446457e-02 1.573093794286251068e-02 1.401646900922060013e-02 1.371009834110736847e-02 1.731592114083468914e-03 3.276228904724121094e-02 7.437759637832641602e-02 1.402842532843351364e-02 1.537174452096223831e-02 9.927812032401561737e-03 4.311123490333557129e-02 2.164689637720584869e-02 6.401545368134975433e-03 1.114486530423164368e-01 1.447205804288387299e-02 3.667254373431205750e-02 4.876512102782726288e-03 5.094594508409500122e-02 1.750902459025382996e-02
5.443135648965835571e-02 3.470190241932868958e-02 3.660344332456588745e-02 1.301442272961139679e-02 6.548216193914413452e-02 6.757909804582595825e-02 7.951960712671279907e-02 2.231488004326820374e-02 4.145215824246406555e-02 6.607630103826522827e-02 3.394917771220207214e-02 2.944645099341869354e-02 2.975955419242382050e-02 2.342510223388671875e-01 7.678695768117904663e-02 1.841712929308414459e-02 3.206871449947357178e-02 6.891228258609771729e-02 2.173227630555629730e-02 5.393745377659797668e-03 4.007706884294748306e-03 4.116977006196975708e-02 1.486779283732175827e-02 4.175472259521484375e-02 1.928676106035709381e-02 9.559162892401218414e-03 2.835740335285663605e-02 1.119008883833885193e-01 5.848669633269309998e-02 9.443973749876022339e-02 4.518830217421054840e-03 6.515063345432281494e-02 7.035337388515472412e-02 1.147764269262552261e-02 5.023774132132530212e-02 4.000083729624748230e-02 2.140758186578750610e-02 5.532872304320335388e-02 1.811488531529903412e-03 6.560049206018447876e-02 7.173575460910797119e-02 5.366748943924903870e-02 1.254345774650573730e-01 5.545677244663238525e-02 7.856026291847229004e-02 6.790956854820251465e-02 5.415702238678932190e-02 4.359839856624603271e-02 2.249443932669237256e-04 1.919752173125743866e-02 9.859165176749229431e-03 4.153075814247131348e-02 2.011986635625362396e-02 4.223893210291862488e-02 3.404831886291503906e-02 1.214537490159273148e-02 6.522317230701446533e-02 5.472562089562416077e-02 7.832529954612255096e-03 1.567921973764896393e-02 5.403076857328414917e-02 1.076788976788520813e-01 5.072316154837608337e-02 3.554114326834678650e-02 1.206874996423721313e-01 4.830651357769966125e-02 2.690085954964160919e-02 2.543753199279308319e-02 8.373793214559555054e-02 3.196812421083450317e-02 8.071885257959365845e-02 2.504330314695835114e-02 3.252804651856422424e-02 4.280964378267526627e-03 2.983044367283582687e-03 5.991460010409355164e-02 2.513775788247585297e-02 5.464599654078483582e-02 4.970321059226989746e-02 2.498577162623405457e-02 6.543900817632675171e-03 9.413820691406726837e-03 1.232363283634185791e-01 2.304620109498500824e-02 1.075553428381681442e-02 4.082547873258590698e-02 7.812384516000747681e-02 4.524262994527816772e-02 1.174227613955736160e-02 2.951289340853691101e-02 1.248767250217497349e-03 4.270547255873680115e-02 2.373293275013566017e-03 1.249681133776903152e-02 1.870952732861042023e-02 2.446951530873775482e-02 7.844057679176330566e-02 7.338596880435943604e-02 8.345686830580234528e-03 2.154106646776199341e-02 2.883684076368808746e-02 2.289725281298160553e-02 5.675878003239631653e-02 2.213740535080432892e-02 5.202192068099975586e-02 3.199219703674316406e-03 2.775302901864051819e-02 3.199121728539466858e-02 4.203798994421958923e-02 4.583777114748954773e-02 4.984155297279357910e-02 7.911370135843753815e-03 2.202560659497976303e-03 6.965256482362747192e-02 4.402182064950466156e-03 5.133733525872230530e-02
2.071092873811721802e-01 2.650826871395111084e-01 2.841244079172611237e-02 2.225024625658988953e-02 4.253296926617622375e-02 6.597521901130676270e-02 4.739695414900779724e-02 2.633807994425296783e-02 1.795098744332790375e-02 3.791341185569763184e-02 1.648329347372055054e-01 2.975955419242382050e-02 8.341613411903381348e-02 5.021992325782775879e-02 4.851388186216354370e-02 1.381479576230049133e-02 5.953682959079742432e-02 1.554389670491218567e-02 3.748378530144691467e-02 3.108081594109535217e-02 3.094833530485630035e-02 1.778586767613887787e-02 2.282307855784893036e-02 2.960799634456634521e-02 1.839770562946796417e-02 4.532391205430030823e-02 5.175243318080902100e-02 1.399071980267763138e-02 2.122802101075649261e-02 1.261214818805456161e-02 1.985608972609043121e-02 5.768718942999839783e-02 4.113504663109779358e-03 4.521181806921958923e-02 2.323285676538944244e-02 8.993092924356460571e-03 2.574696764349937439e-02 2.517920173704624176e-02 2.884511277079582214e-02 1.654208078980445862e-02 5.247350409626960754e-02 2.117460221052169800e-02 2.603768557310104370e-02 2.577806077897548676e-02 3.564537316560745239e-02 5.588769167661666870e-02 4.091598838567733765e-02 9.598867036402225494e-03 2.466538734734058380e-02 3.369896858930587769e-02 1.941842958331108093e-03 2.931229025125503540e-02 1.797561161220073700e-02 1.300821639597415924e-02 1.891469955444335938e-02 3.901255875825881958e-02 1.268039830029010773e-02 4.707199707627296448e-02 1.542468788102269173e-03 6.582569330930709839e-02 1.632768101990222931e-02 1.527595520019531250e-02 1.560200657695531845e-02 3.204124048352241516e-03 4.803079366683959961e-02 1.101016178727149963e-01 4.913782235234975815e-03 5.174306407570838928e-02 9.942488744854927063e-03 8.548434823751449585e-02 8.840288966894149780e-03 8.099295198917388916e-02 4.437462240457534790e-02 9.975964576005935669e-02 1.672111824154853821e-02 1.443438511341810226e-02 2.097371034324169159e-02 1.993226073682308197e-02 5.348637327551841736e-02 4.654451913665980101e-04 7.628341019153594971e-02 5.630191788077354431e-02 7.028890307992696762e-03 1.394485682249069214e-02 6.888784468173980713e-03 5.178393423557281494e-02 1.273992378264665604e-02 2.093468233942985535e-02 2.891697548329830170e-02 6.375192850828170776e-02 5.239078029990196228e-02 7.627222687005996704e-02 6.051987037062644958e-02 7.682898640632629395e-02 3.501154854893684387e-02 8.202290534973144531e-02 5.809444934129714966e-02 3.448503790423274040e-03 1.363683375529944897e-03 4.133611917495727539e-03 2.864655293524265289e-02 1.658743130974471569e-03 6.776917725801467896e-02 5.749268829822540283e-02 9.301501326262950897e-03 3.066452220082283020e-02 7.510079536586999893e-03 1.939843222498893738e-02 8.073430508375167847e-02 5.482321605086326599e-02 1.304288045503199100e-03 8.522459864616394043e-02 2.037302032113075256e-02 3.625915572047233582e-02 4.917753860354423523e-02 1.522759348154067993e-02
