1.303117871284484863e-01 1.503884196281433105e-01 1.217865850776433945e-02 5.506026372313499451e-02 1.337563991546630859e-02 1.494511812925338745e-01 1.052863374352455139e-01 4.142788425087928772e-02 2.275688387453556061e-02 5.863547325134277344e-02 1.568230688571929932e-01 3.965080901980400085e-02 8.234783262014389038e-02 6.754346191883087158e-02 3.900828957557678223e-02 1.766164787113666534e-02 4.701939970254898071e-02 2.240020781755447388e-02 5.472961440682411194e-02 4.716002382338047028e-03 2.714709192514419556e-02 1.385318394750356674e-02 8.180689066648483276e-03 2.024172246456146240e-02 1.829599961638450623e-02 3.860383480787277222e-02 3.955896571278572083e-02 3.336903825402259827e-02 3.677948191761970520e-02 3.775874897837638855e-02 1.408812589943408966e-02 5.676952190697193146e-03 6.705587729811668396e-03 1.614939235150814056e-02 5.163952708244323730e-03 4.597144573926925659e-02 1.862072944641113281e-02 2.294724248349666595e-02 3.808851167559623718e-02 1.757864840328693390e-02 3.593366965651512146e-02 2.965883538126945496e-02 1.043574302457273006e-03 2.324018813669681549e-02 4.435093328356742859e-02 2.355754747986793518e-02 1.345846951007843018e-01 1.260483451187610626e-02 9.294010669691488147e-05 5.152472108602523804e-02 3.050495125353336334e-02 5.359878391027450562e-02 1.735799573361873627e-02 6.035170052200555801e-03 1.466894336044788361e-02 5.533480271697044373e-02 7.760156877338886261e-03 2.918863436207175255e-03 3.692422807216644287e-02 1.655333861708641052e-02 1.900294236838817596e-02 2.439850568771362305e-02 1.292598620057106018e-02 3.091770596802234650e-02 3.353380784392356873e-02 2.160113304853439331e-03 8.435909636318683624e-03 5.574949318543076515e-04 4.952468723058700562e-02 9.165918454527854919e-03 2.970706112682819366e-02 1.912713050842285156e-02 8.657963573932647705e-02 2.593859331682324409e-03 6.820153445005416870e-02 2.084333263337612152e-02 6.191201135516166687e-02 1.332014705985784531e-02 3.869082778692245483e-02 9.521283209323883057e-02 4.038733243942260742e-02 2.738330047577619553e-03 9.280475787818431854e-03 7.277072966098785400e-02 1.186910667456686497e-03 5.151788145303726196e-02 4.004726186394691467e-02 1.218375377357006073e-02 2.074069716036319733e-02 4.286202788352966309e-02 9.764430671930313110e-02 3.735086321830749512e-02 7.622693665325641632e-03 4.491421580314636230e-02 4.098114743828773499e-02 2.738946303725242615e-02 5.503226816654205322e-02 5.240298062562942505e-02 4.880668129771947861e-03 8.348919451236724854e-03 7.494098506867885590e-03 4.606186877936124802e-03 3.008860396221280098e-03 2.308628894388675690e-02 2.004663273692131042e-02 1.083681732416152954e-02 1.142552588135004044e-02 3.894378896802663803e-03 6.075670942664146423e-03 6.170897185802459717e-02 9.425013326108455658e-03 2.939584292471408844e-02 1.088440511375665665e-02 9.877177886664867401e-03 2.310014329850673676e-03 4.852807894349098206e-02
1.503884196281433105e-01 1.203083172440528870e-01 1.125328242778778076e-02 3.176385536789894104e-02 1.879470795392990112e-02 1.338398605585098267e-01 1.157898977398872375e-01 1.921884529292583466e-02 6.493955850601196289e-02 3.158491803333163261e-03 1.378152370452880859e-01 5.577519536018371582e-02 9.687495231628417969e-02 3.436902537941932678e-02 1.969902403652667999e-02 1.096191443502902985e-02 2.988630160689353943e-02 4.058326780796051025e-02 8.095350116491317749e-03 1.798944361507892609e-02 4.295731335878372192e-02 4.075151681900024414e-02 2.797478251159191132e-02 3.552979975938796997e-02 3.381333500146865845e-02 4.425798729062080383e-02 3.509227931499481201e-02 3.775745164602994919e-03 2.921155467629432678e-02 2.677332796156406403e-02 3.705679252743721008e-02 3.152965009212493896e-02 5.224085412919521332e-03 4.219364374876022339e-02 2.816423587501049042e-02 4.077212419360876083e-03 5.037080124020576477e-02 3.490450978279113770e-02 9.952049702405929565e-03 1.686485670506954193e-02 3.998735547065734863e-02 1.009868178516626358e-02 1.972613856196403503e-02 1.603803015314042568e-03 5.915698036551475525e-02 1.238706242293119431e-02 1.080704927444458008e-01 3.439134359359741211e-02 1.282728649675846100e-02 2.969540096819400787e-02 4.838411882519721985e-02 4.775704070925712585e-02 9.467072784900665283e-03 2.121771685779094696e-02 1.984746381640434265e-02 2.645635418593883514e-02 3.161308821290731430e-03 1.162341516464948654e-02 1.288714156544301659e-05 8.777542971074581146e-03 1.859236508607864380e-02 1.088848803192377090e-02 2.862485311925411224e-02 3.267901763319969177e-02 1.747594960033893585e-02 3.345032921060919762e-03 3.302445262670516968e-02 2.526312507688999176e-02 1.985250227153301239e-02 1.121092680841684341e-02 1.498135738074779510e-02 2.396343275904655457e-02 6.740202009677886963e-02 1.641616597771644592e-02 4.355776682496070862e-02 1.400972343981266022e-02 2.186823077499866486e-02 9.512969292700290680e-03 2.537412196397781372e-02 6.143469363451004028e-02 2.872855868190526962e-03 4.019703343510627747e-02 4.116198793053627014e-02 3.653391904663294554e-04 1.738185063004493713e-02 2.590730786323547363e-02 1.593497954308986664e-02 1.309702172875404358e-02 4.486627876758575439e-02 5.591418221592903137e-02 4.286478459835052490e-02 3.574458509683609009e-02 8.787566795945167542e-03 3.244251385331153870e-02 5.562102422118186951e-03 9.774156846106052399e-03 4.981959983706474304e-02 4.879339784383773804e-02 2.435407228767871857e-02 1.028603781014680862e-02 1.374242454767227173e-02 1.068497193045914173e-03 8.062878623604774475e-03 1.882432773709297180e-02 3.568865358829498291e-02 1.119122188538312912e-02 9.709983132779598236e-04 4.231845494359731674e-03 3.041570773348212242e-03 5.249247699975967407e-02 1.576239243149757385e-02 1.808455213904380798e-02 3.826335445046424866e-02 3.775547258555889130e-03 1.838088966906070709e-02 3.774622827768325806e-02
1.217865850776433945e-02 1.125328242778778076e-02 1.197549700736999512e-01 3.094063326716423035e-02 4.051969945430755615e-02 1.202887576073408127e-02 4.845098592340946198e-03 7.988364249467849731e-02 2.302350103855133057e-02 2.563289366662502289e-02 4.785194993019104004e-03 9.591160714626312256e-02 1.540309190750122070e-02 8.760566264390945435e-02 5.265538766980171204e-02 1.557210925966501236e-02 3.710832819342613220e-02 7.253963500261306763e-03 1.987057179212570190e-02 8.603069186210632324e-02 6.280029565095901489e-02 1.111571490764617920e-02 7.590212626382708549e-04 9.656793437898159027e-03 3.973943367600440979e-02 1.375360041856765747e-02 2.244656160473823547e-02 5.274073034524917603e-02 4.384600557386875153e-03 4.972661286592483521e-02 7.583010941743850708e-03 4.299433901906013489e-03 4.082570783793926239e-03 1.153476070612668991e-02 1.223532296717166901e-02 4.918885231018066406e-02 2.772554568946361542e-02 3.640099428594112396e-03 8.308146148920059204e-03 4.994485154747962952e-02 2.392565645277500153e-02 1.461699046194553375e-02 1.266940869390964508e-02 1.136655136942863464e-01 3.372752293944358826e-02 4.154258407652378082e-03 5.513305217027664185e-02 2.989025972783565521e-02 3.419299423694610596e-02 3.111924603581428528e-02 1.092854421585798264e-02 1.407418865710496902e-02 3.278483822941780090e-02 4.911059048026800156e-03 1.333579421043395996e-02 9.703438729047775269e-03 7.474574446678161621e-02 6.330613046884536743e-02 4.067927598953247070e-02 2.073138486593961716e-03 3.662982955574989319e-02 2.119698934257030487e-02 3.558490797877311707e-02 1.325184013694524765e-02 2.141483128070831299e-02 3.208476677536964417e-02 2.996857278048992157e-02 4.251603409647941589e-02 8.672058582305908203e-03 4.697189480066299438e-02 1.934055984020233154e-02 5.556353926658630371e-02 6.269778124988079071e-03 5.907746776938438416e-02 6.657896097749471664e-03 9.835045784711837769e-03 9.004374034702777863e-03 2.751998044550418854e-02 2.341342158615589142e-02 1.800872944295406342e-02 5.886520445346832275e-02 5.510611832141876221e-02 7.205945905297994614e-03 3.139357641339302063e-02 2.954429388046264648e-02 2.016102895140647888e-03 2.184735424816608429e-02 3.553985059261322021e-02 7.950232177972793579e-02 4.089609533548355103e-02 5.393044650554656982e-02 1.155687589198350906e-02 2.879578806459903717e-02 1.192353013902902603e-02 8.620221167802810669e-03 1.921387948095798492e-02 3.305030695628374815e-04 9.008998051285743713e-03 5.202336236834526062e-02 5.119453743100166321e-02 8.778752759099006653e-03 2.505334094166755676e-02 4.173307213932275772e-03 1.832677051424980164e-02 3.096402157098054886e-03 1.572833769023418427e-02 1.757162436842918396e-02 9.779252111911773682e-03 1.086735399439930916e-03 1.697036251425743103e-02 2.518208138644695282e-02 1.535814814269542694e-02 8.998951874673366547e-03 3.862274438142776489e-02 3.310434892773628235e-02 3.850350901484489441e-02
5.506026372313499451e-02 3.176385536789894104e-02 3.094063326716423035e-02 1.049873307347297668e-01 7.471811026334762573e-02 2.155830711126327515e-02 1.203970517963171005e-02 3.056143969297409058e-02 1.168636791408061981e-02 6.591966003179550171e-02 5.720712617039680481e-02 2.067787200212478638e-02 4.509685188531875610e-02 2.999242581427097321e-02 1.654194295406341553e-02 8.482210338115692139e-03 1.004655472934246063e-02 7.375349849462509155e-02 4.780297726392745972e-02 4.412148613482713699e-03 2.142614312469959259e-02 2.578014880418777466e-02 2.953239902853965759e-02 1.605234853923320770e-02 1.385095436125993729e-02 2.240143343806266785e-02 1.071878056973218918e-02 4.118369892239570618e-02 3.791903331875801086e-02 9.874247014522552490e-03 7.791229989379644394e-03 2.182476408779621124e-02 2.644806914031505585e-02 1.797532103955745697e-02 3.391887992620468140e-03 1.224561594426631927e-02 2.831273525953292847e-02 5.550375208258628845e-02 1.422023866325616837e-02 4.917467758059501648e-02 4.072110727429389954e-02 3.041057288646697998e-02 2.311077155172824860e-02 4.951990768313407898e-02 1.063187792897224426e-02 3.493037819862365723e-02 4.124191775918006897e-02 4.839822184294462204e-03 4.053170979022979736e-02 3.781522065401077271e-02 2.754746004939079285e-02 1.716264151036739349e-02 2.120059914886951447e-02 3.392293304204940796e-02 4.278986155986785889e-02 1.001316588371992111e-03 1.734153134748339653e-03 3.248859941959381104e-02 5.176557600498199463e-02 4.644949734210968018e-02 3.184925392270088196e-02 4.319269675761461258e-03 5.358032137155532837e-02 1.639690063893795013e-02 5.635981261730194092e-02 3.058823756873607635e-02 1.339737442322075367e-03 8.750302717089653015e-03 4.562088847160339355e-02 1.225221622735261917e-02 3.164590522646903992e-02 9.164814837276935577e-03 6.246112287044525146e-02 3.923358395695686340e-02 4.232724756002426147e-02 7.891982793807983398e-03 4.187699034810066223e-02 1.843383722007274628e-02 1.305037178099155426e-02 1.948002167046070099e-02 4.630609881132841110e-03 4.593921080231666565e-02 2.909540943801403046e-02 4.544640704989433289e-02 2.285807766020298004e-02 3.826716542243957520e-02 3.565466031432151794e-02 2.979961037635803223e-02 3.444834053516387939e-02 5.163035169243812561e-02 5.517143383622169495e-02 1.209663506597280502e-02 9.962899610400199890e-03 2.736986987292766571e-02 8.527497411705553532e-04 3.612129483371973038e-03 5.817739292979240417e-02 3.687006607651710510e-02 7.282788399606943130e-03 5.757421604357659817e-04 7.960245013236999512e-03 1.227478310465812683e-02 5.218407604843378067e-03 4.955694451928138733e-02 2.599079906940460205e-02 1.919871009886264801e-02 1.492738444358110428e-02 6.815788894891738892e-02 1.430341787636280060e-02 1.472918316721916199e-02 5.896690860390663147e-02 4.339191317558288574e-02 1.202867925167083740e-02 3.822886571288108826e-02 2.466623671352863312e-02 9.300473146140575409e-03
1.337563991546630859e-02 1.879470795392990112e-02 4.051969945430755615e-02 7.471811026334762573e-02 9.551654756069183350e-02 2.213201485574245453e-03 8.228884078562259674e-03 3.363603353500366211e-02 8.657418936491012573e-02 6.635268777608871460e-02 4.778843000531196594e-02 6.953202933073043823e-02 5.219010263681411743e-02 1.444240473210811615e-02 2.909842506051063538e-02 6.649035215377807617e-02 5.158941075205802917e-02 7.239712029695510864e-02 1.057835146784782410e-01 5.235203541815280914e-03 4.958008881658315659e-03 3.963674977421760559e-02 1.692982949316501617e-02 1.292506232857704163e-02 8.417964912950992584e-03 1.461288519203662872e-02 4.159380495548248291e-02 3.575976192951202393e-02 9.681863710284233093e-03 6.608080118894577026e-02 2.184045035392045975e-03 5.700681824237108231e-03 1.237674523144960403e-02 1.342539303004741669e-02 1.717366091907024384e-02 7.491993601433932781e-04 5.306804552674293518e-03 5.058474093675613403e-02 1.688342168927192688e-02 5.602297559380531311e-02 3.228291496634483337e-02 1.921502687036991119e-02 3.206503018736839294e-02 2.355623431503772736e-02 2.988584525883197784e-02 5.013302713632583618e-02 2.676628716289997101e-02 2.012997120618820190e-02 1.309507992118597031e-02 2.139653451740741730e-02 4.328497219830751419e-03 1.520260982215404510e-02 1.356666814535856247e-02 2.630092576146125793e-02 1.743361912667751312e-02 5.072108004242181778e-03 4.133493639528751373e-03 1.168181747198104858e-02 3.961220011115074158e-02 4.046482592821121216e-02 3.745369613170623779e-02 6.846036761999130249e-02 5.021563544869422913e-02 7.600830495357513428e-02 4.829231277108192444e-02 3.709652647376060486e-02 9.927567094564437866e-03 3.697431832551956177e-02 2.888987585902214050e-02 1.131117460317909718e-03 1.737673766911029816e-02 4.243717121426016092e-04 2.741482667624950409e-02 5.405539646744728088e-02 6.143294647336006165e-02 3.096554614603519440e-02 7.063346356153488159e-02 1.499566435813903809e-02 2.123156096786260605e-03 2.535641007125377655e-02 2.353404462337493896e-02 5.690183117985725403e-02 6.036716699600219727e-02 1.146542727947235107e-01 8.522558026015758514e-03 1.955509558320045471e-02 8.680189028382301331e-03 1.463393215090036392e-02 6.603232771158218384e-02 2.853369526565074921e-02 2.521900646388530731e-02 2.059430116787552834e-03 1.107392553240060806e-02 9.006855078041553497e-03 1.045187842100858688e-02 5.991626530885696411e-03 4.412967339158058167e-02 2.180070243775844574e-02 1.260806107893586159e-03 2.946521999547258019e-05 1.178316958248615265e-02 2.170904166996479034e-02 8.413246832787990570e-03 3.744544088840484619e-02 4.993775486946105957e-02 2.619098685681819916e-02 3.326829522848129272e-02 4.991612583398818970e-02 9.581672027707099915e-03 7.520318031311035156e-02 3.911212086677551270e-02 7.416317705065011978e-03 1.866319216787815094e-02 3.638213500380516052e-02 3.233313560485839844e-02 6.078225374221801758e-02
1.494511812925338745e-01 1.338398605585098267e-01 1.202887576073408127e-02 2.155830711126327515e-02 2.213201485574245453e-03 1.357746571302413940e-01 1.705635339021682739e-01 7.552745193243026733e-02 5.765171721577644348e-02 5.817858502268791199e-03 9.495839476585388184e-02 6.651189178228378296e-02 4.491830244660377502e-02 6.151853501796722412e-02 8.680774271488189697e-02 9.339530020952224731e-03 2.450711652636528015e-02 4.637003876268863678e-03 2.297104103490710258e-03 4.048879817128181458e-02 8.061294257640838623e-02 2.112605795264244080e-02 6.739033851772546768e-03 3.659880906343460083e-02 8.636424690485000610e-02 7.359810918569564819e-02 2.952716127038002014e-02 3.183288872241973877e-02 3.801270388066768646e-03 4.328930005431175232e-02 7.992485910654067993e-02 2.526684664189815521e-02 2.090759016573429108e-02 2.245654910802841187e-02 1.100286655128002167e-02 4.467589780688285828e-02 2.842913940548896790e-02 2.119086682796478271e-03 1.034143380820751190e-02 8.717278018593788147e-03 1.191512495279312134e-02 5.520350299775600433e-03 3.407941386103630066e-02 8.651035837829113007e-03 4.188371822237968445e-02 1.881707087159156799e-02 1.739269495010375977e-01 9.094486385583877563e-02 6.587157491594552994e-03 2.955362387001514435e-02 1.797875948250293732e-02 1.321693975478410721e-02 3.146877512335777283e-03 3.182767704129219055e-02 4.699002206325531006e-02 4.161407053470611572e-02 3.521556779742240906e-02 2.675566822290420532e-02 3.205850953236222267e-03 1.446127076633274555e-03 1.200248859822750092e-02 1.073774788528680801e-02 3.320757765322923660e-03 1.630686782300472260e-02 9.254235774278640747e-03 1.325113698840141296e-02 4.705719649791717529e-02 2.024468593299388885e-02 1.350043620914220810e-02 9.409696795046329498e-03 1.854023709893226624e-02 4.798216372728347778e-02 1.260673440992832184e-02 1.872511813417077065e-03 1.685613882727921009e-03 4.136390984058380127e-02 1.360385306179523468e-02 2.810034155845642090e-02 1.847639866173267365e-02 6.579612195491790771e-02 1.858850009739398956e-02 3.197277896106243134e-03 4.547280841507017612e-04 6.486997473984956741e-03 4.364961013197898865e-02 1.472680270671844482e-02 3.641647635959088802e-04 7.825866341590881348e-04 9.849535301327705383e-03 3.884447738528251648e-02 8.281636238098144531e-02 5.767073482275009155e-02 1.953225024044513702e-02 2.615869604051113129e-02 3.211400704458355904e-03 5.008303094655275345e-03 3.080985322594642639e-02 8.770571090281009674e-03 8.776733651757240295e-03 1.597253419458866119e-02 2.915076538920402527e-02 1.062662433832883835e-02 3.585309535264968872e-02 3.114721179008483887e-02 2.543357433751225471e-03 1.379202469252049923e-03 1.195104047656059265e-02 7.602449972182512283e-03 1.950213313102722168e-02 5.110149085521697998e-02 9.184136986732482910e-03 2.110226079821586609e-02 6.408501882106065750e-03 1.404917892068624496e-02 3.540889918804168701e-02 1.559725683182477951e-02
1.052863374352455139e-01 1.157898977398872375e-01 4.845098592340946198e-03 1.203970517963171005e-02 8.228884078562259674e-03 1.705635339021682739e-01 1.391522735357284546e-01 3.043966367840766907e-02 2.005180902779102325e-02 4.986414685845375061e-02 5.384071171283721924e-02 4.511883482336997986e-02 4.201513156294822693e-02 8.482153713703155518e-02 1.799160055816173553e-02 4.571115598082542419e-02 2.455683611333370209e-02 3.673069924116134644e-02 3.804980311542749405e-03 2.786934562027454376e-02 5.862569808959960938e-02 3.354217857122421265e-02 1.474133413285017014e-02 3.600197657942771912e-02 5.692956596612930298e-02 5.959073081612586975e-02 1.255763694643974304e-02 1.271901838481426239e-02 3.214380890130996704e-02 2.655755355954170227e-02 4.298410192131996155e-02 2.321342937648296356e-02 1.601392962038516998e-02 2.686543948948383331e-02 2.738432493060827255e-03 5.554300919175148010e-02 1.687657460570335388e-02 4.955594893544912338e-03 3.100831818301230669e-04 9.664632380008697510e-03 3.200706839561462402e-02 1.574226282536983490e-02 2.901070564985275269e-02 2.702507562935352325e-02 2.871623262763023376e-02 3.428465873003005981e-02 1.618101596832275391e-01 1.238800212740898132e-01 1.612148620188236237e-02 1.311488915234804153e-02 4.307769238948822021e-02 3.720375895500183105e-02 1.469981390982866287e-02 3.517901524901390076e-02 8.949568495154380798e-03 9.056956507265567780e-03 3.716140612959861755e-02 1.675933483056724072e-03 1.234517525881528854e-02 8.766299113631248474e-03 3.613324835896492004e-02 1.427948009222745895e-02 9.926415979862213135e-03 5.347211658954620361e-02 4.894338082522153854e-03 5.839973222464323044e-03 7.195638865232467651e-02 5.563279773923568428e-05 1.260249293409287930e-03 5.015081260353326797e-03 8.079677820205688477e-03 5.224900692701339722e-02 4.889005329459905624e-03 7.613698486238718033e-03 6.342514883726835251e-03 2.429695986211299896e-02 9.967352263629436493e-03 4.226511716842651367e-02 3.526557236909866333e-02 2.382957562804222107e-02 4.151321575045585632e-02 5.427977885119616985e-04 2.629774622619152069e-02 3.379104286432266235e-02 4.037884622812271118e-02 5.427683237940073013e-03 2.449829690158367157e-02 5.335031542927026749e-03 4.894163459539413452e-03 7.253042608499526978e-02 9.854952991008758545e-02 2.995855920016765594e-02 6.406476348638534546e-02 1.022365037351846695e-02 1.471560914069414139e-02 2.067879401147365570e-02 1.086631976068019867e-02 1.542252395302057266e-02 2.953930059447884560e-03 3.292785491794347763e-03 3.827147930860519409e-02 1.699229143559932709e-02 4.854654893279075623e-03 6.565623916685581207e-03 2.173521555960178375e-02 5.241750739514827728e-03 3.273914381861686707e-02 1.036830991506576538e-02 2.505671419203281403e-02 5.047123506665229797e-02 6.616228260099887848e-03 5.112863145768642426e-03 1.343578007072210312e-02 2.540458366274833679e-02 3.440478444099426270e-02 1.263992022722959518e-02
4.142788425087928772e-02 1.921884529292583466e-02 7.988364249467849731e-02 3.056143969297409058e-02 3.363603353500366211e-02 7.552745193243026733e-02 3.043966367840766907e-02 1.638572812080383301e-01 3.494462464004755020e-03 2.231161296367645264e-02 2.246415242552757263e-03 1.576810260303318501e-03 3.084617856075055897e-05 1.688892208039760590e-02 9.935172647237777710e-02 3.236209228634834290e-02 2.850821428000926971e-02 2.416317537426948547e-02 6.194258481264114380e-02 5.674718413501977921e-04 1.197254192084074020e-02 6.543609499931335449e-02 1.277141086757183075e-02 9.607491083443164825e-03 2.191108278930187225e-02 6.449028849601745605e-03 6.144289392977952957e-03 1.315191294997930527e-02 2.306381007656455040e-03 1.412598998285830021e-03 2.327590249478816986e-02 1.375754456967115402e-02 1.388989947736263275e-02 2.095204964280128479e-02 1.674979925155639648e-02 7.883719354867935181e-02 1.119007095694541931e-01 1.533545739948749542e-02 6.028224900364875793e-02 6.882441043853759766e-02 1.577417925000190735e-02 1.338863093405961990e-02 1.434418093413114548e-02 4.102116078138351440e-02 3.064214810729026794e-02 5.004614591598510742e-03 3.170352429151535034e-02 4.282933846116065979e-02 1.346727926284074783e-02 1.209820527583360672e-02 3.047051467001438141e-02 5.378560349345207214e-02 1.944096200168132782e-02 2.319810912013053894e-02 5.575633142143487930e-03 6.483777426183223724e-03 1.440336741507053375e-02 2.635023929178714752e-02 1.548197586089372635e-02 1.580841466784477234e-02 1.166380848735570908e-02 1.308198459446430206e-02 5.812633037567138672e-02 1.305213104933500290e-02 1.141707412898540497e-02 1.415004022419452667e-02 1.595840416848659515e-02 2.645014412701129913e-02 3.815600648522377014e-02 2.443320676684379578e-02 4.550202935934066772e-02 5.620211828500032425e-03 9.120664559304714203e-03 1.307341549545526505e-02 5.465729627758264542e-03 4.587708972394466400e-03 3.653430193662643433e-02 2.205386199057102203e-02 1.467214152216911316e-02 3.205727040767669678e-02 1.330069452524185181e-01 9.255170077085494995e-02 2.326269261538982391e-02 1.270303037017583847e-02 1.202442334033548832e-03 7.137082517147064209e-03 4.868974164128303528e-02 1.540873385965824127e-02 2.268319390714168549e-02 3.080787323415279388e-02 3.243470564484596252e-02 5.035903304815292358e-03 3.570620901882648468e-03 7.942933589220046997e-03 1.287535578012466431e-02 1.393897365778684616e-02 1.795037649571895599e-02 1.514774188399314880e-02 5.888506304472684860e-03 5.552720394916832447e-04 4.942704457789659500e-03 6.360513623803853989e-03 3.895464818924665451e-03 8.956775069236755371e-03 3.926626592874526978e-02 3.144391812384128571e-03 1.297258399426937103e-02 2.690335921943187714e-02 9.124827571213245392e-03 2.138951048254966736e-02 2.014006860554218292e-02 1.738526485860347748e-02 4.879172518849372864e-02 2.874235808849334717e-02 8.052999526262283325e-02 2.946758270263671875e-02
2.275688387453556061e-02 6.493955850601196289e-02 2.302350103855133057e-02 1.168636791408061981e-02 8.657418936491012573e-02 5.765171721577644348e-02 2.005180902779102325e-02 3.494462464004755020e-03 9.674467891454696655e-02 8.200807869434356689e-02 5.078788474202156067e-02 1.664044335484504700e-02 1.240703975781798363e-03 2.296682074666023254e-02 6.804616190493106842e-03 2.864361181855201721e-02 4.369635879993438721e-02 7.230398058891296387e-02 6.260712444782257080e-02 1.278809644281864166e-02 6.932015996426343918e-03 6.269574910402297974e-02 6.091690436005592346e-02 3.077568113803863525e-02 1.715704984962940216e-02 1.778556592762470245e-02 3.283109888434410095e-02 1.563246175646781921e-02 6.432376056909561157e-02 2.808821573853492737e-02 5.965692456811666489e-03 3.032304719090461731e-02 5.187839269638061523e-03 1.223007682710886002e-02 7.520109415054321289e-02 1.415942050516605377e-02 2.558451145887374878e-02 2.481861598789691925e-02 7.295792922377586365e-03 9.128930047154426575e-03 2.209787257015705109e-02 7.725527882575988770e-02 1.606815122067928314e-02 3.438137471675872803e-02 3.525681421160697937e-02 1.351729128509759903e-02 1.425141282379627228e-02 2.670704014599323273e-02 3.001245483756065369e-02 5.869761481881141663e-02 3.731030598282814026e-02 1.156046870164573193e-03 8.019455708563327789e-03 6.633017910644412041e-04 6.567829102277755737e-02 5.983234196901321411e-02 2.341651124879717827e-03 6.970339920371770859e-03 3.914731368422508240e-02 1.613157801330089569e-02 6.755395978689193726e-02 3.591584786772727966e-02 6.687987595796585083e-02 5.900437384843826294e-02 3.471719333902001381e-03 2.597984625026583672e-03 4.443113878369331360e-02 5.948551371693611145e-02 6.640120595693588257e-02 1.617430336773395538e-02 5.081913247704505920e-02 8.246568962931632996e-03 3.213351964950561523e-02 4.181793704628944397e-02 5.607969686388969421e-02 1.547164563089609146e-02 1.489097476005554199e-01 8.494888991117477417e-02 6.686954945325851440e-02 2.325736917555332184e-02 1.558297686278820038e-02 1.978733204305171967e-02 6.190824508666992188e-02 3.916421905159950256e-02 1.616493612527847290e-02 5.054955929517745972e-02 1.715792715549468994e-02 2.188968472182750702e-02 3.654578328132629395e-02 3.094156971201300621e-03 1.032045334577560425e-01 3.855628520250320435e-02 5.584417656064033508e-02 8.920584805309772491e-03 2.917140722274780273e-02 2.490668324753642082e-03 7.616902235895395279e-03 9.960220195353031158e-03 5.015381798148155212e-02 1.869225129485130310e-02 1.760144904255867004e-02 2.389567717909812927e-02 6.220379471778869629e-02 1.395258493721485138e-02 6.171511113643646240e-02 2.854411117732524872e-02 1.408556103706359863e-02 5.288090091198682785e-03 1.537441462278366089e-02 4.818685725331306458e-02 1.524732541292905807e-02 1.527017913758754730e-02 3.335238248109817505e-02 2.591065317392349243e-02 3.138874843716621399e-02 4.296894744038581848e-02
5.863547325134277344e-02 3.158491803333163261e-03 2.563289366662502289e-02 6.591966003179550171e-02 6.635268777608871460e-02 5.817858502268791199e-03 4.986414685845375061e-02 2.231161296367645264e-02 8.200807869434356689e-02 1.066304147243499756e-01 5.626748502254486084e-02 9.990333579480648041e-03 9.168393909931182861e-03 5.607891362160444260e-04 1.040534209460020065e-02 3.691783174872398376e-02 2.647000737488269806e-02 4.368494451045989990e-02 2.820659428834915161e-02 4.417428001761436462e-02 2.467425540089607239e-02 4.797882586717605591e-02 3.633992746472358704e-02 2.113647205987945199e-04 4.709182307124137878e-02 5.782368592917919159e-03 6.532757729291915894e-02 4.045725613832473755e-02 2.558416873216629028e-02 3.998575359582901001e-02 2.518502436578273773e-02 3.242209181189537048e-02 4.032085649669170380e-03 6.126423180103302002e-02 6.007198616862297058e-02 5.421235039830207825e-02 5.009659565985202789e-03 8.620868436992168427e-03 7.743837311863899231e-03 3.486611647531390190e-03 4.371730983257293701e-02 4.582590609788894653e-02 6.779112853109836578e-03 1.550293434411287308e-02 8.750821463763713837e-03 1.414845138788223267e-02 3.679548623040318489e-03 3.035344369709491730e-02 7.148161530494689941e-02 8.957421779632568359e-02 1.548052579164505005e-02 1.341808401048183441e-02 4.149760678410530090e-02 2.721196226775646210e-02 7.742171734571456909e-02 1.097010970115661621e-01 6.885561160743236542e-03 1.229763589799404144e-02 5.395935848355293274e-02 1.613534055650234222e-02 2.332887798547744751e-02 2.213251218199729919e-02 7.448027282953262329e-02 4.413200914859771729e-02 3.691309690475463867e-02 2.344228792935609818e-03 3.189350664615631104e-02 8.622735738754272461e-03 2.332825958728790283e-02 1.385120488703250885e-02 6.899087876081466675e-02 4.160987958312034607e-02 3.182888403534889221e-02 1.491203345358371735e-02 8.630503714084625244e-02 1.181292254477739334e-02 3.542546555399894714e-02 1.155805066227912903e-01 1.245566830039024353e-02 2.236606031656265259e-01 1.202464289963245392e-02 3.928857669234275818e-02 4.214171692728996277e-02 3.276371955871582031e-02 2.436609007418155670e-02 5.155784636735916138e-02 1.727602677419781685e-03 3.221003711223602295e-02 1.529206801205873489e-02 1.821096986532211304e-01 4.507423937320709229e-02 1.148110162466764450e-02 6.018316373229026794e-02 2.707182429730892181e-02 2.031498961150646210e-02 5.948098376393318176e-03 2.017510868608951569e-02 2.564324438571929932e-02 2.690658718347549438e-02 3.976020496338605881e-03 2.125257439911365509e-02 4.281507432460784912e-02 4.269134253263473511e-02 3.217341750860214233e-02 1.670812070369720459e-02 6.256389897316694260e-03 4.577619582414627075e-02 3.666986525058746338e-02 5.629687383770942688e-02 1.865289523266255856e-03 1.418290100991725922e-02 7.080986350774765015e-02 6.863281130790710449e-03 3.408908471465110779e-02 7.790466398000717163e-02 3.822765080258250237e-03
1.568230688571929932e-01 1.378152370452880859e-01 4.785194993019104004e-03 5.720712617039680481e-02 4.778843000531196594e-02 9.495839476585388184e-02 5.384071171283721924e-02 2.246415242552757263e-03 5.078788474202156067e-02 5.626748502254486084e-02 1.320085376501083374e-01 1.062514819204807281e-02 1.088758260011672974e-01 2.228473499417304993e-02 1.286040153354406357e-02 3.002780675888061523e-02 1.951955375261604786e-03 1.258617546409368515e-02 2.608425356447696686e-02 1.163227856159210205e-02 2.671452052891254425e-02 5.532306805253028870e-02 4.760405514389276505e-03 2.484390884637832642e-02 2.341193333268165588e-02 2.123510278761386871e-02 3.849603235721588135e-02 3.774816915392875671e-02 1.027279067784547806e-02 4.197665303945541382e-02 2.375965565443038940e-02 1.356620993465185165e-02 1.049472298473119736e-02 1.207842305302619934e-02 1.170890405774116516e-02 1.253174617886543274e-02 5.712309107184410095e-02 2.344202809035778046e-02 1.878371834754943848e-02 4.119970835745334625e-03 2.567747980356216431e-02 4.319440573453903198e-02 1.793241314589977264e-02 1.848685741424560547e-02 5.923465639352798462e-02 3.969659283757209778e-02 6.523398309946060181e-02 4.671493545174598694e-02 4.967093933373689651e-03 1.558471377938985825e-02 1.032555289566516876e-02 3.864326328039169312e-02 1.414130721241235733e-02 3.243275219574570656e-03 2.563018538057804108e-02 1.652400009334087372e-02 3.379688039422035217e-02 3.190648555755615234e-02 8.748611435294151306e-03 3.944883588701486588e-03 1.866121962666511536e-02 2.443616092205047607e-02 1.339155621826648712e-02 7.530738133937120438e-03 2.783228084444999695e-02 7.376876194030046463e-03 7.362952455878257751e-03 5.594177171587944031e-02 1.777022518217563629e-02 3.195638582110404968e-02 5.178998224437236786e-03 1.009273901581764221e-02 6.755366176366806030e-02 1.232332177460193634e-02 6.147922948002815247e-02 1.366698648780584335e-02 1.512150466442108154e-02 3.392338985577225685e-03 4.352046549320220947e-02 4.431726410984992981e-02 1.701216399669647217e-02 1.333682704716920853e-02 7.364033255726099014e-03 1.766362576745450497e-03 1.864594221115112305e-02 4.700422752648591995e-03 1.771707832813262939e-02 1.956487819552421570e-02 2.494940347969532013e-02 8.547320216894149780e-02 7.755655795335769653e-03 5.508014932274818420e-02 6.674457341432571411e-02 3.559156879782676697e-02 1.296512410044670105e-02 3.785160952247679234e-04 1.870735548436641693e-02 4.934689775109291077e-02 2.312836004421114922e-03 8.615879341959953308e-03 7.216817699372768402e-03 8.301381021738052368e-03 2.663510479032993317e-02 4.801347851753234863e-03 3.127263486385345459e-02 1.258703507483005524e-02 1.902827061712741852e-02 1.583731360733509064e-02 7.615249603986740112e-03 4.191573709249496460e-02 7.574048824608325958e-03 1.341004297137260437e-02 3.618500381708145142e-02 3.318393602967262268e-02 1.815905235707759857e-02 4.260907694697380066e-02
3.965080901980400085e-02 5.577519536018371582e-02 9.591160714626312256e-02 2.067787200212478638e-02 6.953202933073043823e-02 6.651189178228378296e-02 4.511883482336997986e-02 1.576810260303318501e-03 1.664044335484504700e-02 9.990333579480648041e-03 1.062514819204807281e-02 1.641972213983535767e-01 2.839349023997783661e-02 3.340848386287689209e-01 4.452544450759887695e-02 6.049649044871330261e-02 4.493824020028114319e-02 9.344749897718429565e-02 3.705440904013812542e-04 3.985870629549026489e-02 2.168817073106765747e-02 5.371619481593370438e-03 5.736988503485918045e-03 1.276762410998344421e-02 3.842051699757575989e-02 1.635326421819627285e-03 5.364653095602989197e-02 1.617551147937774658e-01 5.769424512982368469e-02 2.137038707733154297e-01 1.818218082189559937e-02 2.107790205627679825e-03 3.257326036691665649e-02 4.754109308123588562e-02 8.381133899092674255e-03 2.665513195097446442e-02 2.698623947799205780e-02 3.986745700240135193e-02 2.856016531586647034e-02 4.877652227878570557e-02 9.344206191599369049e-04 2.368462458252906799e-02 4.946582391858100891e-02 2.178367972373962402e-02 1.885242164134979248e-01 2.234231494367122650e-02 6.259044632315635681e-03 2.719780988991260529e-02 2.680258080363273621e-02 2.029530704021453857e-02 6.137133762240409851e-02 9.813889861106872559e-02 1.003711577504873276e-02 8.774999529123306274e-03 1.760215312242507935e-02 1.108144782483577728e-02 4.313495382666587830e-02 3.552604839205741882e-02 3.438065946102142334e-02 3.919196128845214844e-02 6.507484614849090576e-02 7.539395987987518311e-02 4.993650689721107483e-02 2.744762040674686432e-02 6.662092357873916626e-02 7.351992279291152954e-02 4.227574914693832397e-02 4.158236086368560791e-02 6.465145945549011230e-02 3.181229531764984131e-02 2.077178069157525897e-04 4.246423766016960144e-02 2.273142524063587189e-02 2.211909182369709015e-02 2.321404963731765747e-02 5.060199648141860962e-02 2.746095880866050720e-02 2.232345193624496460e-02 1.575557142496109009e-01 1.883682608604431152e-02 2.334949094802141190e-03 2.832809649407863617e-02 6.594211608171463013e-02 2.007737010717391968e-02 5.751291662454605103e-02 5.851275287568569183e-03 1.768491603434085846e-02 1.927690766751766205e-02 1.155544370412826538e-01 2.985263615846633911e-02 2.032093517482280731e-02 1.711176242679357529e-03 1.096085738390684128e-02 3.536437172442674637e-03 2.555371960625052452e-03 2.427685447037220001e-02 2.021528966724872589e-02 5.450699478387832642e-02 2.926780655980110168e-02 4.018227756023406982e-02 1.690950826741755009e-03 1.019550114870071411e-02 6.457841023802757263e-03 4.582951590418815613e-02 6.995223462581634521e-02 1.405262388288974762e-02 2.252125367522239685e-02 4.182320088148117065e-02 1.818392798304557800e-02 2.527063712477684021e-02 1.812990941107273102e-02 6.600256264209747314e-02 6.527547258883714676e-03 6.073543429374694824e-02 4.611528478562831879e-03 1.035889610648155212e-02
8.234783262014389038e-02 9.687495231628417969e-02 1.540309190750122070e-02 4.509685188531875610e-02 5.219010263681411743e-02 4.491830244660377502e-02 4.201513156294822693e-02 3.084617856075055897e-05 1.240703975781798363e-03 9.168393909931182861e-03 1.088758260011672974e-01 2.839349023997783661e-02 1.312042623758316040e-01 8.472154289484024048e-02 3.383716393727809191e-04 4.137742146849632263e-02 1.458558999001979828e-02 3.918220475316047668e-02 4.124489426612854004e-02 1.755024888552725315e-03 3.092805296182632446e-02 4.302988946437835693e-02 1.922851242125034332e-02 1.257866714149713516e-02 2.262959815561771393e-02 1.597545109689235687e-02 4.769385978579521179e-02 1.528786960989236832e-02 2.889071125537157059e-03 5.057829897850751877e-03 6.695783883333206177e-02 2.009486779570579529e-02 7.968973368406295776e-03 2.191763743758201599e-02 2.068894915282726288e-02 2.339721471071243286e-02 1.404040213674306870e-02 1.988142915070056915e-02 3.508226573467254639e-02 2.544041536748409271e-02 2.930083870887756348e-02 1.668463647365570068e-02 9.856087155640125275e-03 2.109376899898052216e-02 5.269067734479904175e-02 6.580039393156766891e-03 3.841302171349525452e-02 2.983518876135349274e-03 1.039856206625699997e-02 1.372301578521728516e-02 4.825289826840162277e-03 6.365242414176464081e-03 1.622783020138740540e-02 2.086792513728141785e-02 4.474490415304899216e-03 1.733528822660446167e-02 6.788237806176766753e-05 3.459714120253920555e-03 1.517418026924133301e-02 1.641407236456871033e-02 8.544106385670602322e-04 2.307375520467758179e-02 8.570984005928039551e-03 2.328310720622539520e-02 3.204070031642913818e-02 2.933785878121852875e-02 1.338866073638200760e-02 2.946158684790134430e-02 2.225505560636520386e-02 3.615731373429298401e-02 4.622529726475477219e-03 1.934283226728439331e-02 4.568632692098617554e-02 1.362978015094995499e-03 4.773569479584693909e-02 2.690861932933330536e-02 1.284420304000377655e-02 1.285259705036878586e-02 5.688429344445466995e-03 2.194658853113651276e-03 9.570612455718219280e-04 2.109573222696781158e-02 2.240144647657871246e-02 2.640487067401409149e-02 2.051783911883831024e-02 1.162504684180021286e-02 2.260142238810658455e-03 1.895320042967796326e-02 5.279086995869874954e-03 6.047221645712852478e-02 4.642996937036514282e-03 3.333507850766181946e-02 3.377370769158005714e-03 2.659675665199756622e-02 2.489412389695644379e-02 2.528433315455913544e-02 1.173962745815515518e-02 5.333621083991602063e-05 5.578218027949333191e-03 6.318431813269853592e-03 2.128591760993003845e-03 5.259693600237369537e-03 2.247338183224201202e-02 1.908745989203453064e-02 2.863799594342708588e-02 3.532097488641738892e-02 2.409777790307998657e-02 1.430461555719375610e-02 4.071158182341605425e-04 1.369639206677675247e-02 1.886601187288761139e-02 2.237282134592533112e-02 5.294594913721084595e-02 1.799569092690944672e-02 1.500098034739494324e-02 1.425350271165370941e-02
