1.963286548852920532e-01 3.076369762420654297e-01 3.840492665767669678e-02 1.025859164656139910e-04 2.743710950016975403e-02 1.719427704811096191e-01 7.359161227941513062e-02 4.098709300160408020e-02 5.686895549297332764e-02 1.325474306941032410e-02 2.995173335075378418e-01 1.108956988900899887e-02 1.629873514175415039e-01 2.896874025464057922e-02 4.154313355684280396e-02 1.998754916712641716e-03 7.977323606610298157e-03 1.893539354205131531e-02 1.344737363979220390e-03 8.134938776493072510e-03 3.021103562787175179e-03 2.210731245577335358e-02 2.055708086118102074e-03 6.116497889161109924e-02 5.731941666454076767e-03 3.788767755031585693e-02 3.228703513741493225e-02 4.610037431120872498e-02 6.539124995470046997e-03 1.858550682663917542e-02 8.716414123773574829e-02 7.086339406669139862e-03 1.094540581107139587e-03 1.721024699509143829e-02 8.202587068080902100e-02 3.798979520797729492e-02 2.303116023540496826e-02 1.350025553256273270e-02 5.509807378984987736e-04 2.787540107965469360e-02 2.353714779019355774e-02 3.917247056961059570e-03 1.148171443492174149e-02 3.242726624011993408e-02 5.949484929442405701e-02 7.508031278848648071e-02 4.222449660301208496e-02 3.738516941666603088e-03 2.637604624032974243e-02 3.898450359702110291e-02 2.387266792356967926e-02 4.965486936271190643e-03 4.868566524237394333e-03 4.375707823783159256e-03 2.679960243403911591e-02 1.315523777157068253e-02 5.667925253510475159e-02 7.825175300240516663e-03 9.956230409443378448e-03 7.905241101980209351e-03 2.450070716440677643e-02 1.220247009769082069e-03 1.305017918348312378e-01 1.139235403388738632e-02 1.145805642008781433e-01 1.221282258629798889e-01 2.753520198166370392e-02 4.898557439446449280e-02 2.560231648385524750e-02 2.907494828104972839e-02 6.653474643826484680e-03 3.984273225069046021e-02 6.015904713422060013e-03 1.222757995128631592e-02 2.107239700853824615e-02 8.140400983393192291e-03 3.126912564039230347e-02 1.718437671661376953e-02 1.036920864135026932e-02 7.346756011247634888e-02 8.205749094486236572e-03 2.578429994173347950e-04 1.553898397833108902e-02 3.548261150717735291e-02 4.040115326642990112e-02 5.438116937875747681e-02 3.021675534546375275e-02 3.220107778906822205e-02 3.430759906768798828e-02 7.769890129566192627e-02 1.248668041080236435e-02 5.315674841403961182e-02 7.858379930257797241e-02 4.987286031246185303e-02 4.968698695302009583e-02 1.934058219194412231e-02 1.510832365602254868e-02 4.793389700353145599e-03 1.808775216341018677e-02 1.627687178552150726e-02 3.634633123874664307e-02 2.766517177224159241e-02 5.000368878245353699e-02 7.384366542100906372e-02 1.206034421920776367e-02 4.324264079332351685e-02 3.080626577138900757e-02 7.641220837831497192e-02 4.937606677412986755e-02 2.620581910014152527e-02 2.223541960120201111e-02 5.694485269486904144e-03 1.911644265055656433e-02 2.143777906894683838e-02 2.960571087896823883e-02 1.871579210273921490e-03
3.076369762420654297e-01 1.556264907121658325e-01 3.157863765954971313e-02 1.415681187063455582e-02 6.307037174701690674e-02 1.044639050960540771e-01 9.584675729274749756e-02 4.061203449964523315e-02 9.092803113162517548e-03 9.018835611641407013e-03 1.454929858446121216e-01 1.100680883973836899e-02 1.614374518394470215e-01 2.123297454090788960e-04 3.652062639594078064e-02 3.033658489584922791e-02 1.840045675635337830e-02 3.107745945453643799e-02 9.872128255665302277e-03 4.618067666888237000e-02 1.882132887840270996e-02 8.807482081465423107e-04 5.849136784672737122e-02 8.898765593767166138e-02 3.751480579376220703e-02 2.842304110527038574e-02 1.678409986197948456e-02 3.125071898102760315e-02 3.427271917462348938e-02 2.680977247655391693e-02 4.118353500962257385e-02 6.493211258202791214e-04 8.911167271435260773e-03 3.603839082643389702e-03 5.046238005161285400e-02 1.767482026480138302e-03 2.888042293488979340e-02 1.860402897000312805e-02 2.653291448950767517e-02 2.064618654549121857e-02 1.828846521675586700e-02 4.727186169475317001e-03 2.445498295128345490e-02 9.814694523811340332e-03 5.734460800886154175e-02 4.623734951019287109e-02 4.395446926355361938e-02 3.807921661064028740e-03 3.276360780000686646e-02 1.105865463614463806e-02 6.227833218872547150e-03 3.573780879378318787e-02 6.872439384460449219e-02 1.566460728645324707e-02 2.184605970978736877e-02 1.663921959698200226e-02 5.470657348632812500e-02 2.006719447672367096e-02 2.527945116162300110e-02 1.549260690808296204e-02 5.089155398309230804e-03 2.883342467248439789e-02 7.139337062835693359e-02 1.181651651859283447e-02 7.141844928264617920e-02 4.755987972021102905e-02 4.024974629282951355e-02 5.846127402037382126e-03 8.028216660022735596e-03 4.126596823334693909e-02 4.841922316700220108e-03 4.305324051529169083e-03 3.822588920593261719e-02 9.935024194419384003e-03 3.440761193633079529e-02 5.477839708328247070e-02 3.151811659336090088e-02 6.683863699436187744e-03 3.173456713557243347e-02 1.347028184682130814e-02 1.112303230911493301e-02 1.133951451629400253e-02 2.655538544058799744e-02 1.210583467036485672e-02 1.362925674766302109e-02 1.600265689194202423e-02 3.236617660149931908e-03 3.617990761995315552e-02 1.208935678005218506e-02 2.207636460661888123e-02 1.669428311288356781e-02 2.087332494556903839e-02 4.305140674114227295e-02 2.925150096416473389e-02 5.925894583924673498e-05 5.565347382798790932e-04 3.881293907761573792e-02 7.514831377193331718e-04 5.451462417840957642e-02 2.829106710851192474e-02 2.454478479921817780e-02 4.840591549873352051e-02 3.874091431498527527e-02 1.770295202732086182e-02 4.560920596122741699e-02 7.639323826879262924e-03 2.282186038792133331e-02 3.010788746178150177e-02 4.256710037589073181e-02 5.179394409060478210e-02 3.295743605121970177e-03 2.617978677153587341e-02 8.762643672525882721e-03 2.191835455596446991e-02 4.524019733071327209e-02 5.355110764503479004e-02
3.840492665767669678e-02 3.157863765954971313e-02 7.481306046247482300e-02 4.271833226084709167e-02 2.112288773059844971e-02 2.895265934057533741e-04 3.383238613605499268e-02 1.029894948005676270e-01 4.053394868969917297e-02 1.532889157533645630e-02 1.077589951455593109e-02 1.361991614103317261e-01 1.911960542201995850e-02 5.326393619179725647e-02 2.871798723936080933e-02 2.404957823455333710e-02 1.846748962998390198e-02 5.805103108286857605e-02 2.862353622913360596e-02 3.345817327499389648e-02 1.589816249907016754e-02 3.828107565641403198e-02 7.046501338481903076e-02 7.037298381328582764e-02 2.573510445654392242e-02 4.508855938911437988e-02 3.798688948154449463e-02 8.888614922761917114e-02 1.555067896842956543e-01 9.531015157699584961e-02 5.629627034068107605e-03 6.639589089900255203e-03 5.705593139282427728e-05 1.073070392012596130e-01 5.712877027690410614e-03 2.893098816275596619e-02 1.423142664134502411e-02 4.752447456121444702e-02 8.928318507969379425e-03 4.327251762151718140e-02 1.521721575409173965e-02 1.578810811042785645e-02 5.827402323484420776e-02 7.234194874763488770e-02 2.631331048905849457e-02 3.919234871864318848e-02 9.508143994025886059e-04 4.947189614176750183e-02 4.271052777767181396e-02 2.636709064245223999e-02 7.235516794025897980e-03 2.772647514939308167e-02 2.179362811148166656e-02 3.271849080920219421e-02 4.882969334721565247e-02 3.852435201406478882e-02 1.980967819690704346e-03 1.664856076240539551e-02 4.386173188686370850e-02 2.898765914142131805e-02 3.673511371016502380e-02 4.112432245165109634e-03 4.191316664218902588e-03 6.456084549427032471e-03 1.797552034258842468e-02 4.240735247731208801e-02 4.860701039433479309e-02 7.972543127834796906e-03 3.051691874861717224e-02 1.732987933792173862e-03 9.326370782218873501e-04 2.393319830298423767e-02 1.165810879319906235e-02 4.574331454932689667e-03 2.037868648767471313e-02 9.205482155084609985e-02 4.189768806099891663e-02 7.148463279008865356e-02 3.616594895720481873e-02 3.400330990552902222e-02 1.153068616986274719e-01 1.870344765484333038e-02 6.624007970094680786e-02 6.705450266599655151e-02 1.108012627810239792e-02 5.029160901904106140e-02 1.958112977445125580e-02 4.292407259345054626e-02 7.339099794626235962e-02 4.133200645446777344e-02 3.856086358428001404e-02 1.612257771193981171e-02 2.008016034960746765e-02 2.546057850122451782e-02 3.644808754324913025e-02 3.961385041475296021e-02 5.259823956293985248e-05 9.062387049198150635e-02 1.619021408259868622e-02 6.487259175628423691e-03 2.785089239478111267e-02 2.640380524098873138e-02 4.338774457573890686e-02 4.673026502132415771e-03 1.728640310466289520e-02 5.496276542544364929e-02 2.310710959136486053e-02 3.715438768267631531e-02 7.971532642841339111e-03 1.878459192812442780e-02 8.616218715906143188e-02 4.373361170291900635e-02 2.771310321986675262e-02 3.343139216303825378e-02 5.085452273488044739e-02 2.187082171440124512e-02
1.025859164656139910e-04 1.415681187063455582e-02 4.271833226084709167e-02 1.735611706972122192e-01 2.087332159280776978e-01 1.198716089129447937e-02 1.378881745040416718e-02 9.461278095841407776e-03 2.317006327211856842e-02 5.877618119120597839e-02 6.170059088617563248e-03 1.298771891742944717e-02 7.653727661818265915e-04 7.120581716299057007e-02 4.320573434233665466e-02 8.950656279921531677e-03 2.941698953509330750e-02 3.827330423519015312e-03 6.784813851118087769e-02 2.073024027049541473e-02 3.063086606562137604e-02 4.503053054213523865e-02 4.000325873494148254e-02 4.142937064170837402e-02 5.245935916900634766e-02 6.945479661226272583e-02 4.747853428125381470e-02 2.779487147927284241e-02 2.975721377879381180e-03 4.749507643282413483e-03 5.421623215079307556e-02 3.138019144535064697e-02 5.622744187712669373e-02 4.015539959073066711e-02 9.072394669055938721e-02 2.208614349365234375e-02 2.675656601786613464e-02 1.455583982169628143e-02 7.548020780086517334e-02 7.924235612154006958e-02 2.714456245303153992e-02 4.195358604192733765e-02 1.251313835382461548e-02 9.010766632854938507e-03 6.528072059154510498e-02 4.685428366065025330e-02 7.041618693619966507e-03 1.080356631428003311e-02 2.741972170770168304e-02 4.740671440958976746e-02 4.989678785204887390e-02 1.880684122443199158e-02 4.426455125212669373e-02 4.895288962870836258e-03 1.788366027176380157e-02 4.319952800869941711e-02 1.079936623573303223e-01 9.863415360450744629e-02 1.975713670253753662e-02 6.607477087527513504e-03 1.379157453775405884e-01 7.157684862613677979e-02 1.472130715847015381e-01 1.412283033132553101e-01 5.820082873106002808e-02 3.249459713697433472e-02 1.334328856319189072e-02 2.817728184163570404e-02 9.818749129772186279e-02 1.246999832801520824e-03 3.516500815749168396e-02 2.170584350824356079e-02 1.009453013539314270e-01 1.693926937878131866e-02 2.991119213402271271e-02 2.450664900243282318e-02 8.068850636482238770e-02 1.891597639769315720e-04 2.113940566778182983e-02 5.570292472839355469e-02 5.289160460233688354e-02 1.444909255951642990e-02 8.695410937070846558e-02 2.618831349536776543e-03 1.654857210814952850e-02 6.476269662380218506e-02 1.012779120355844498e-02 3.107429109513759613e-02 4.974612966179847717e-02 7.237952086143195629e-04 9.182462468743324280e-03 5.391662195324897766e-02 4.203474149107933044e-02 1.889628730714321136e-02 3.659612312912940979e-02 1.745533570647239685e-02 3.934705257415771484e-02 5.364618729799985886e-03 8.605434000492095947e-02 7.868044078350067139e-03 2.190472371876239777e-02 7.905690930783748627e-03 7.957343943417072296e-03 3.612279891967773438e-02 9.266125038266181946e-03 5.776425823569297791e-02 2.928900998085737228e-03 1.253445073962211609e-02 3.115729801356792450e-02 7.926557213068008423e-03 3.523784503340721130e-02 4.735276475548744202e-02 2.941868267953395844e-02 3.154679015278816223e-02 4.767975583672523499e-02 5.027651414275169373e-02
2.743710950016975403e-02 6.307037174701690674e-02 2.112288773059844971e-02 2.087332159280776978e-01 1.240573972463607788e-01 2.287153154611587524e-02 2.567087300121784210e-02 1.454027951695024967e-04 1.054912246763706207e-02 4.627607297152280807e-03 5.542719736695289612e-04 4.945361986756324768e-02 1.826362125575542450e-02 6.812899559736251831e-02 2.126328414306044579e-03 1.086405292153358459e-02 1.106098876334726810e-03 1.273860502988100052e-02 1.725186780095100403e-02 2.859225030988454819e-03 5.128061398863792419e-03 2.948331646621227264e-02 2.174848050344735384e-04 2.231855876743793488e-02 2.822927571833133698e-02 2.560018189251422882e-02 5.090649798512458801e-02 3.292294591665267944e-02 3.322361409664154053e-02 1.241695974022150040e-02 1.004804670810699463e-01 3.399198409169912338e-03 2.287646941840648651e-02 2.081333473324775696e-02 4.259357973933219910e-02 2.818458341062068939e-02 9.790892712771892548e-03 2.725603058934211731e-03 4.914029687643051147e-02 9.485884010791778564e-02 1.884933747351169586e-02 2.042701095342636108e-02 4.030714184045791626e-02 2.944963518530130386e-03 3.521698713302612305e-02 1.084026880562305450e-02 1.262033591046929359e-03 2.595329098403453827e-02 2.700289711356163025e-02 3.180637210607528687e-02 4.912692308425903320e-02 1.804465427994728088e-02 8.372846059501171112e-03 2.212624251842498779e-02 2.374460920691490173e-02 7.405596971511840820e-02 4.915040358901023865e-02 1.092381253838539124e-01 6.515606492757797241e-02 2.910456433892250061e-02 4.888116195797920227e-02 8.747573196887969971e-02 7.635394483804702759e-02 7.351721078157424927e-02 5.691507365554571152e-03 3.328369930386543274e-02 2.980650030076503754e-02 1.260260306298732758e-02 1.453121658414602280e-02 2.691094530746340752e-03 3.109829872846603394e-02 2.805499732494354248e-02 2.992776222527027130e-02 3.714360669255256653e-02 1.368308346718549728e-02 2.020675316452980042e-02 2.029506489634513855e-02 5.821904912590980530e-02 3.815045114606618881e-03 5.166294798254966736e-02 9.399960190057754517e-02 4.026440903544425964e-02 4.201545566320419312e-02 8.761636912822723389e-02 4.802466928958892822e-02 2.207131683826446533e-02 2.991068735718727112e-02 1.604760810732841492e-02 1.961152302101254463e-03 4.573524463921785355e-03 2.042072452604770660e-02 1.854203827679157257e-02 4.090499132871627808e-02 6.582192145287990570e-03 1.483218092471361160e-02 1.292575430124998093e-02 1.656307140365242958e-03 1.604429446160793304e-02 9.874837845563888550e-02 2.623144537210464478e-02 1.364864688366651535e-02 2.515723928809165955e-02 3.525595366954803467e-02 2.742365747690200806e-02 5.374015122652053833e-02 3.140747919678688049e-02 2.776067890226840973e-02 5.233229137957096100e-03 1.105925999581813812e-02 5.383997783064842224e-02 1.384145580232143402e-02 2.475385554134845734e-02 1.645212620496749878e-02 1.249085552990436554e-02 1.974239479750394821e-03 4.315529949963092804e-03
1.719427704811096191e-01 1.044639050960540771e-01 2.895265934057533741e-04 1.198716089129447937e-02 2.287153154611587524e-02 1.631434857845306396e-01 1.581947654485702515e-01 4.022048413753509521e-02 3.732454031705856323e-03 9.368192404508590698e-03 1.237058639526367188e-01 7.349825929850339890e-03 1.072142422199249268e-01 6.694981362670660019e-03 8.109232410788536072e-03 1.608902402222156525e-02 1.158704701811075211e-02 1.880102790892124176e-02 3.835001960396766663e-02 5.691152065992355347e-03 2.570951357483863831e-02 4.187405109405517578e-02 2.695829235017299652e-02 3.499303245916962624e-03 3.148379921913146973e-02 7.657925039529800415e-02 6.938473787158727646e-03 4.197432845830917358e-02 5.624710023403167725e-02 4.717153962701559067e-03 5.694606155157089233e-02 1.106247305870056152e-02 4.215483739972114563e-02 1.516507379710674286e-02 1.050284504890441895e-02 4.197505861520767212e-02 6.700414419174194336e-02 4.265401512384414673e-02 8.275751955807209015e-03 2.846173569560050964e-02 1.758853532373905182e-02 4.134925082325935364e-02 3.174786269664764404e-02 8.192515000700950623e-03 4.273092374205589294e-02 4.136125370860099792e-02 1.370716243982315063e-01 1.055148094892501831e-01 3.632301837205886841e-02 3.783492371439933777e-02 4.621595889329910278e-02 4.787858948111534119e-02 2.425083145499229431e-02 3.491768985986709595e-02 4.359796643257141113e-03 2.889224141836166382e-02 2.329072728753089905e-02 3.430902957916259766e-03 2.521732263267040253e-02 8.415108546614646912e-03 3.359222784638404846e-02 2.002031169831752777e-02 3.558579087257385254e-02 1.025948440656065941e-03 1.299850922077894211e-02 1.537560205906629562e-02 4.375177901238203049e-03 3.774454817175865173e-02 3.426052257418632507e-02 4.950378090143203735e-02 2.158674225211143494e-02 2.402901649475097656e-02 9.110741084441542625e-04 7.257632911205291748e-02 1.189344096928834915e-02 1.305253058671951294e-02 1.123845670372247696e-02 2.555961906909942627e-02 3.182932734489440918e-02 5.000879988074302673e-02 1.971838437020778656e-02 4.593500122427940369e-02 1.931550726294517517e-02 4.311498999595642090e-02 5.651059001684188843e-02 1.982189947739243507e-03 2.682727389037609100e-02 4.430805146694183350e-02 1.295288559049367905e-02 6.354287266731262207e-02 2.841607900336384773e-03 5.620703101158142090e-03 4.864044487476348877e-02 3.338373824954032898e-02 2.072130516171455383e-02 3.095321170985698700e-02 8.471786230802536011e-02 3.750257566571235657e-02 2.583934739232063293e-02 2.035809494554996490e-02 4.906021803617477417e-02 3.184138238430023193e-02 4.731985181570053101e-02 5.379355512559413910e-03 3.140801563858985901e-04 9.201933280564844608e-04 6.787540763616561890e-02 1.261640898883342743e-02 3.420012444257736206e-02 7.562246918678283691e-02 2.239565365016460419e-02 9.689470753073692322e-03 1.179874222725629807e-02 1.610001921653747559e-02 1.189486496150493622e-02 1.247802749276161194e-02
7.359161227941513062e-02 9.584675729274749756e-02 3.383238613605499268e-02 1.378881745040416718e-02 2.567087300121784210e-02 1.581947654485702515e-01 1.618465781211853027e-01 4.466694220900535583e-02 4.039752855896949768e-02 5.053133238106966019e-03 7.406559586524963379e-02 2.872403711080551147e-02 1.030936464667320251e-01 5.306592956185340881e-02 1.821324788033962250e-02 1.023970078676939011e-02 5.218773148953914642e-03 6.673219613730907440e-03 6.687279045581817627e-02 3.136129677295684814e-02 3.834421932697296143e-02 4.288710653781890869e-03 2.671177498996257782e-02 2.336776070296764374e-02 1.308099366724491119e-02 6.175300106406211853e-03 4.505347833037376404e-02 2.538040652871131897e-02 3.084225393831729889e-02 1.102810911834239960e-02 1.743182912468910217e-02 1.351184211671352386e-02 2.204583957791328430e-02 1.549625676125288010e-02 1.681753247976303101e-02 6.261001527309417725e-02 3.241507336497306824e-02 5.468236282467842102e-03 2.648371504619717598e-03 1.434197835624217987e-02 4.581791535019874573e-02 6.957182288169860840e-02 1.160251162946224213e-02 4.548664763569831848e-02 1.862721145153045654e-02 4.230512678623199463e-02 1.059131473302841187e-01 1.764871627092361450e-01 2.857831865549087524e-02 1.922510378062725067e-02 6.961717456579208374e-02 5.603897571563720703e-02 3.558925166726112366e-02 3.712753951549530029e-02 5.936048552393913269e-02 1.336365379393100739e-02 1.697340421378612518e-02 2.450659684836864471e-02 2.406493574380874634e-02 3.432482108473777771e-02 1.487730443477630615e-02 2.924442477524280548e-02 1.176439598202705383e-02 3.800712898373603821e-02 2.920376136898994446e-02 2.254387550055980682e-02 3.424029424786567688e-02 2.459341473877429962e-02 1.853047311305999756e-02 3.113861009478569031e-02 5.324587598443031311e-02 5.206457898020744324e-02 1.215740200132131577e-02 6.328760646283626556e-04 2.923939377069473267e-02 4.463908821344375610e-02 1.759910210967063904e-02 3.733887523412704468e-02 8.262401074171066284e-02 3.377916524186730385e-03 3.122809156775474548e-02 3.889028355479240417e-02 2.941540256142616272e-02 4.328498244285583496e-02 1.330490317195653915e-02 2.166435867547988892e-02 2.208867669105529785e-02 1.384999230504035950e-02 1.930657215416431427e-02 1.146608870476484299e-02 1.106532290577888489e-01 5.136768799275159836e-03 1.144855245947837830e-01 7.500420510768890381e-02 5.638396739959716797e-02 5.416633561253547668e-02 1.486027427017688751e-02 4.806664213538169861e-02 2.190007641911506653e-02 4.280656110495328903e-03 5.172468721866607666e-02 2.772707119584083557e-02 1.592831686139106750e-02 4.608813207596540451e-03 2.790604345500469208e-02 3.130874037742614746e-02 6.649091094732284546e-02 4.801189526915550232e-02 5.404179915785789490e-02 3.143396973609924316e-02 3.332098573446273804e-02 2.298023551702499390e-02 3.257072716951370239e-02 6.298759579658508301e-02 1.253939606249332428e-02 7.108495384454727173e-02
4.098709300160408020e-02 4.061203449964523315e-02 1.029894948005676270e-01 9.461278095841407776e-03 1.454027951695024967e-04 4.022048413753509521e-02 4.466694220900535583e-02 1.039245948195457458e-01 4.736351966857910156e-02 5.277927219867706299e-02 1.220082119107246399e-02 8.324157446622848511e-03 1.823322847485542297e-02 6.481085717678070068e-02 1.386952847242355347e-01 1.974033191800117493e-02 1.240290328860282898e-02 4.822346195578575134e-02 4.447100311517715454e-02 1.283676363527774811e-02 8.546221069991588593e-03 8.410841971635818481e-02 4.163133352994918823e-02 3.528429195284843445e-02 1.814606785774230957e-02 1.437787897884845734e-02 7.838159054517745972e-02 5.940700322389602661e-02 4.812341928482055664e-02 8.395329117774963379e-03 8.779328316450119019e-02 5.420345813035964966e-02 2.727110870182514191e-02 3.503834828734397888e-02 3.842674940824508667e-02 1.482456084340810776e-02 2.576100267469882965e-02 4.970499500632286072e-02 1.011650776490569115e-03 3.543030703440308571e-03 5.435712262988090515e-02 2.353964000940322876e-02 5.800287425518035889e-02 1.840457692742347717e-02 6.627435982227325439e-02 5.485274270176887512e-02 8.490832149982452393e-02 2.121187001466751099e-02 1.822177879512310028e-02 3.093433752655982971e-02 8.408643305301666260e-03 6.732506211847066879e-03 8.735355804674327374e-04 3.014861722476780415e-04 1.280059013515710831e-02 5.989021155983209610e-03 1.388295460492372513e-02 5.390025209635496140e-03 8.574860543012619019e-02 8.036367595195770264e-03 4.413759708404541016e-02 4.950773343443870544e-02 1.010729465633630753e-02 5.095020867884159088e-03 7.173550128936767578e-02 1.996440812945365906e-02 3.067716583609580994e-02 1.769415661692619324e-02 4.342297092080116272e-02 5.974442232400178909e-03 3.261070325970649719e-02 2.746817469596862793e-02 3.514982014894485474e-02 5.065225064754486084e-03 2.600085455924272537e-03 3.734896704554557800e-02 3.923125565052032471e-03 6.876718252897262573e-02 1.851264759898185730e-02 3.652365412563085556e-04 1.329050809144973755e-01 9.862721711397171021e-02 4.907057061791419983e-02 2.471449412405490875e-02 1.812490285374224186e-03 4.008072614669799805e-02 1.173266619443893433e-01 7.587601244449615479e-02 1.812523044645786285e-02 2.460739761590957642e-02 7.240036129951477051e-02 4.875694960355758667e-02 8.461569249629974365e-02 1.929302141070365906e-02 1.226909365504980087e-02 2.739414945244789124e-02 4.551951214671134949e-02 4.512746818363666534e-03 4.045133013278245926e-03 5.007422342896461487e-02 3.501405194401741028e-02 5.664472281932830811e-02 1.239673141390085220e-02 4.948405548930168152e-03 2.501989901065826416e-02 4.253308102488517761e-02 5.852974951267242432e-02 4.103805869817733765e-02 6.582644581794738770e-02 2.389631606638431549e-02 4.865843430161476135e-02 3.697158023715019226e-02 2.944105491042137146e-02 3.720334172248840332e-02 1.840348239056766033e-03 8.850650489330291748e-02
5.686895549297332764e-02 9.092803113162517548e-03 4.053394868969917297e-02 2.317006327211856842e-02 1.054912246763706207e-02 3.732454031705856323e-03 4.039752855896949768e-02 4.736351966857910156e-02 1.279163360595703125e-01 5.779858678579330444e-02 5.478271842002868652e-02 5.078093335032463074e-02 8.638575673103332520e-03 2.536491118371486664e-02 2.215865626931190491e-02 9.607913903892040253e-03 4.344336222857236862e-03 1.226679682731628418e-01 2.893958240747451782e-03 2.619017474353313446e-02 3.952128440141677856e-02 1.752786524593830109e-02 4.504501819610595703e-02 3.110828623175621033e-02 1.085846032947301865e-02 1.849639415740966797e-02 1.724107749760150909e-02 2.674670144915580750e-02 4.857311397790908813e-02 3.675894066691398621e-02 5.539382342249155045e-03 1.665089279413223267e-02 3.349578380584716797e-02 4.171103239059448242e-02 2.560669369995594025e-02 1.736886799335479736e-02 4.714778624475002289e-03 2.006216160953044891e-02 1.263700425624847412e-03 2.026914991438388824e-02 3.075092285871505737e-02 1.505597867071628571e-02 4.925096780061721802e-02 3.802560642361640930e-02 1.459027873352169991e-03 4.691533744335174561e-02 4.505889862775802612e-02 9.805067442357540131e-03 3.524151071906089783e-02 2.447945065796375275e-02 8.264259435236454010e-03 1.994478702545166016e-02 5.499466322362422943e-03 1.912246271967887878e-02 1.009196862578392029e-01 3.105293400585651398e-02 8.876836858689785004e-03 2.982069551944732666e-02 9.751256555318832397e-03 4.414206743240356445e-02 8.391153067350387573e-02 1.389482058584690094e-02 3.759511746466159821e-03 7.977655529975891113e-02 9.393401443958282471e-02 1.082867570221424103e-02 4.853854700922966003e-02 1.726623997092247009e-02 7.527086883783340454e-02 2.207787521183490753e-02 3.357258066534996033e-02 7.057501375675201416e-02 1.216331217437982559e-02 1.797537319362163544e-02 1.286500226706266403e-02 3.161970153450965881e-02 1.309453845024108887e-01 6.129689514636993408e-02 1.033804342150688171e-01 3.137018904089927673e-02 2.779983216896653175e-03 4.768365994095802307e-02 8.298517786897718906e-04 1.259009912610054016e-02 1.671425439417362213e-02 6.104841828346252441e-02 2.831352688372135162e-02 6.533665116876363754e-03 6.500485539436340332e-02 2.142903394997119904e-04 2.312573138624429703e-03 6.088155205361545086e-04 3.877399116754531860e-02 5.066014453768730164e-02 4.903959110379219055e-02 1.539411023259162903e-02 2.812963502947241068e-04 1.872282847762107849e-02 3.182850033044815063e-02 9.017301723361015320e-03 2.883680164813995361e-03 1.603543944656848907e-02 1.697907596826553345e-02 3.076170571148395538e-02 3.994458168745040894e-02 2.038398385047912598e-02 2.109647728502750397e-02 8.817170560359954834e-02 1.918425038456916809e-02 4.338580369949340820e-02 5.244337767362594604e-02 2.363032475113868713e-02 2.060160599648952484e-02 3.373987972736358643e-02 7.352208346128463745e-02 1.910682581365108490e-02
1.325474306941032410e-02 9.018835611641407013e-03 1.532889157533645630e-02 5.877618119120597839e-02 4.627607297152280807e-03 9.368192404508590698e-03 5.053133238106966019e-03 5.277927219867706299e-02 5.779858678579330444e-02 1.533050537109375000e-01 2.941570617258548737e-02 4.525467008352279663e-02 4.213647916913032532e-02 3.545645624399185181e-02 4.448544979095458984e-02 1.419557351619005203e-02 5.739994347095489502e-02 8.769648522138595581e-02 1.383100897073745728e-01 1.877788640558719635e-02 2.115950547158718109e-02 1.537698600441217422e-02 1.019236788124544546e-05 4.450682550668716431e-02 4.728458076715469360e-02 1.613664254546165466e-02 4.250525031238794327e-03 6.476329267024993896e-02 2.718715928494930267e-02 1.561200525611639023e-02 3.115982003509998322e-02 7.295607030391693115e-02 2.513546682894229889e-02 1.844101957976818085e-02 4.639547690749168396e-02 6.646923255175352097e-03 5.101024359464645386e-02 5.584216862916946411e-02 1.036973018199205399e-02 3.425244009122252464e-03 2.357384655624628067e-03 1.626714714802801609e-03 2.423146553337574005e-02 2.394990529865026474e-03 3.034142404794692993e-02 6.770741939544677734e-02 8.309246972203254700e-03 1.277900952845811844e-02 1.820370368659496307e-02 8.421718329191207886e-02 1.117725949734449387e-02 1.718137599527835846e-02 6.432176567614078522e-03 3.324858471751213074e-02 2.492287941277027130e-02 7.152151316404342651e-02 5.634275078773498535e-02 1.329101063311100006e-02 1.137283281423151493e-03 1.422756910324096680e-02 2.538139373064041138e-02 1.887102425098419189e-02 2.122303238138556480e-03 6.633432954549789429e-02 1.728565804660320282e-02 3.329541534185409546e-02 1.281811390072107315e-02 3.352815657854080200e-02 3.563702804967761040e-03 1.805226504802703857e-02 5.903590470552444458e-02 1.136690285056829453e-02 8.575507253408432007e-02 6.858100532554090023e-04 3.446099534630775452e-02 3.405518829822540283e-02 2.647719156811945140e-05 8.718004822731018066e-02 2.894772775471210480e-02 1.310017555952072144e-01 2.609381638467311859e-02 3.439822793006896973e-02 1.338975504040718079e-02 8.331937342882156372e-02 3.449300769716501236e-03 1.091078519821166992e-01 1.282855868339538574e-02 4.429010301828384399e-02 4.453775659203529358e-02 5.828055739402770996e-02 3.487791121006011963e-02 5.527030676603317261e-02 1.325059961527585983e-02 1.263857260346412659e-02 1.759552769362926483e-02 3.360196202993392944e-02 4.066601395606994629e-02 2.937746606767177582e-02 1.361205801367759705e-02 1.050329068675637245e-03 5.225301720201969147e-03 1.552404556423425674e-02 7.375617860816419125e-05 1.618200726807117462e-02 3.050130419433116913e-02 2.269972488284111023e-02 2.233346225693821907e-03 4.390925541520118713e-02 5.775366909801959991e-03 4.376223310828208923e-02 3.802223876118659973e-02 5.065844394266605377e-03 3.094451501965522766e-03 2.027072198688983917e-02 1.157758105546236038e-02 2.732937037944793701e-02
2.995173335075378418e-01 1.454929858446121216e-01 1.077589951455593109e-02 6.170059088617563248e-03 5.542719736695289612e-04 1.237058639526367188e-01 7.406559586524963379e-02 1.220082119107246399e-02 5.478271842002868652e-02 2.941570617258548737e-02 1.618106216192245483e-01 4.840349778532981873e-02 1.447917670011520386e-01 2.222911454737186432e-02 9.578200057148933411e-03 2.678396552801132202e-02 3.310026228427886963e-02 1.236158143728971481e-02 6.104231812059879303e-03 2.926670573651790619e-02 1.079285168088972569e-03 1.028090342879295349e-02 5.222548265010118484e-03 2.266956306993961334e-02 4.512389749288558960e-02 3.752636909484863281e-02 2.018128708004951477e-02 4.453282430768013000e-02 2.752197161316871643e-02 1.156933722086250782e-03 6.629665940999984741e-02 3.925210796296596527e-03 5.630614235997200012e-03 3.743614628911018372e-02 2.557559497654438019e-02 4.282548278570175171e-02 3.907219320535659790e-02 1.308587938547134399e-02 2.515624091029167175e-02 5.204600747674703598e-04 4.685940593481063843e-02 1.006263215094804764e-02 3.569793887436389923e-03 2.576061338186264038e-02 2.671733498573303223e-02 4.317012056708335876e-02 7.928105443716049194e-02 3.774908557534217834e-02 5.486178770661354065e-02 2.877235226333141327e-02 3.003582172095775604e-02 4.408330842852592468e-02 1.876690797507762909e-02 5.728960502892732620e-03 1.643706299364566803e-02 1.366179063916206360e-02 3.025182150304317474e-02 6.327799987047910690e-03 1.008313521742820740e-02 5.900708213448524475e-02 3.180671483278274536e-02 5.667250230908393860e-02 4.678300023078918457e-02 2.082447148859500885e-02 1.304043531417846680e-01 5.900036916136741638e-02 6.067124661058187485e-03 4.563593491911888123e-02 2.444797754287719727e-02 3.816034272313117981e-02 1.722389087080955505e-02 9.792396798729896545e-03 1.336898189038038254e-02 2.181979082524776459e-02 7.364876102656126022e-03 5.587793886661529541e-02 1.388857979327440262e-02 3.427353128790855408e-02 5.340071767568588257e-02 1.999812759459018707e-02 1.417762227356433868e-02 7.421792484819889069e-03 4.173597320914268494e-03 7.595444563776254654e-03 5.914922431111335754e-02 9.789164178073406219e-03 3.704599291086196899e-02 7.791070383973419666e-04 3.878084570169448853e-02 5.390446633100509644e-02 4.036372527480125427e-02 1.088553853332996368e-02 2.549720183014869690e-02 9.688971564173698425e-03 4.616430029273033142e-03 1.777582056820392609e-02 5.531544610857963562e-02 1.841637492179870605e-02 5.931311473250389099e-02 4.358543083071708679e-02 3.214870393276214600e-02 3.242672234773635864e-02 3.663172712549567223e-03 4.350285977125167847e-02 5.337411910295486450e-02 5.776828899979591370e-02 4.645899310708045959e-02 1.763830520212650299e-02 3.722485899925231934e-02 2.058954909443855286e-02 2.302739582955837250e-02 2.881594374775886536e-02 4.248610511422157288e-02 4.107479471713304520e-03 6.392502039670944214e-02 1.910350657999515533e-02
1.108956988900899887e-02 1.100680883973836899e-02 1.361991614103317261e-01 1.298771891742944717e-02 4.945361986756324768e-02 7.349825929850339890e-03 2.872403711080551147e-02 8.324157446622848511e-03 5.078093335032463074e-02 4.525467008352279663e-02 4.840349778532981873e-02 1.772308349609375000e-01 4.997109062969684601e-03 2.115736305713653564e-01 1.541145332157611847e-02 5.480344220995903015e-02 7.758165244013071060e-03 6.887549906969070435e-02 6.961592938750982285e-03 3.935929015278816223e-02 3.704427974298596382e-03 1.414667442440986633e-02 1.001941040158271790e-01 6.639882177114486694e-02 2.866682130843400955e-03 7.475851569324731827e-03 1.858187839388847351e-03 1.560303419828414917e-01 4.719658568501472473e-02 1.365032196044921875e-01 1.780749298632144928e-02 7.373107969760894775e-02 3.785115480422973633e-02 4.607943817973136902e-03 2.154114469885826111e-02 3.679623082280158997e-02 5.400586873292922974e-02 3.633448854088783264e-02 3.505575656890869141e-02 3.368521854281425476e-02 3.490306437015533447e-02 1.043855398893356323e-02 1.631607674062252045e-02 2.045532502233982086e-02 1.548419892787933350e-01 6.171881407499313354e-02 1.812294498085975647e-02 1.927385921590030193e-03 1.120287925004959106e-02 7.836406677961349487e-02 2.853598445653915405e-02 1.470182463526725769e-02 4.584119841456413269e-02 1.313612051308155060e-02 5.900783464312553406e-02 1.458468437194824219e-01 3.983959928154945374e-02 2.735100314021110535e-02 6.459116935729980469e-02 5.194074288010597229e-02 7.901818305253982544e-02 6.589128822088241577e-02 1.733607985079288483e-02 4.542654380202293396e-02 2.807471342384815216e-02 2.469778805971145630e-02 1.238091569393873215e-02 1.880182512104511261e-02 3.643125295639038086e-03 5.826781690120697021e-02 3.429584577679634094e-02 1.420844253152608871e-02 6.963077932596206665e-02 2.166754379868507385e-02 4.794228076934814453e-02 3.326436877250671387e-02 1.241851523518562317e-01 3.597197309136390686e-02 1.114525049924850464e-01 1.137160230427980423e-02 7.866901904344558716e-02 9.408184327185153961e-03 1.107038035988807678e-01 2.216989547014236450e-02 1.019374281167984009e-02 6.406820565462112427e-02 1.743330806493759155e-02 9.094671346247196198e-03 9.515517204999923706e-02 3.782457858324050903e-02 1.365619525313377380e-02 4.751291591674089432e-03 3.486395627260208130e-02 2.356770075857639313e-02 4.130938556045293808e-03 4.085056856274604797e-02 3.963456302881240845e-02 2.102506160736083984e-02 5.528732016682624817e-02 5.892411991953849792e-02 1.876733079552650452e-02 3.984834626317024231e-02 3.045799583196640015e-02 8.065845817327499390e-02 2.870825119316577911e-02 3.077806718647480011e-02 2.087575569748878479e-02 2.602845430374145508e-02 4.544644430279731750e-02 1.892313361167907715e-02 1.323839765973389149e-03 2.853666245937347412e-02 9.839147329330444336e-03 7.276396267116069794e-03 1.292932592332363129e-02 2.475642785429954529e-02
1.629873514175415039e-01 1.614374518394470215e-01 1.911960542201995850e-02 7.653727661818265915e-04 1.826362125575542450e-02 1.072142422199249268e-01 1.030936464667320251e-01 1.823322847485542297e-02 8.638575673103332520e-03 4.213647916913032532e-02 1.447917670011520386e-01 4.997109062969684601e-03 1.847477704286575317e-01 4.787373542785644531e-02 2.830821089446544647e-02 2.651963755488395691e-02 4.008162021636962891e-02 7.198917679488658905e-03 2.825601585209369659e-02 3.186987945809960365e-03 9.540044702589511871e-03 3.479706496000289917e-02 3.183197602629661560e-02 4.533267393708229065e-02 1.005920860916376114e-02 1.103052310645580292e-02 7.451483514159917831e-03 2.322123758494853973e-02 4.864440485835075378e-02 2.875852026045322418e-02 7.785794883966445923e-02 2.308323793113231659e-02 3.633686807006597519e-03 8.604856207966804504e-03 1.310105994343757629e-02 6.943558156490325928e-02 7.486316561698913574e-02 3.398526832461357117e-02 5.557160079479217529e-02 6.570769846439361572e-02 1.659382507205009460e-02 2.243099734187126160e-02 5.525628104805946350e-03 1.103284419514238834e-03 3.332654014229774475e-03 9.002887457609176636e-02 7.615414261817932129e-02 1.032187864184379578e-01 4.328375682234764099e-02 2.561732567846775055e-02 5.582213029265403748e-02 4.354898259043693542e-02 4.322808235883712769e-02 8.172295987606048584e-03 2.808037959039211273e-02 5.675851367413997650e-03 2.088740468025207520e-02 1.714052818715572357e-02 6.370604503899812698e-03 6.514654308557510376e-02 1.216680277138948441e-02 4.783627018332481384e-02 7.741923443973064423e-03 2.685355208814144135e-02 6.273826956748962402e-02 1.437974423170089722e-01 3.983500599861145020e-02 7.040061056613922119e-03 2.907346747815608978e-02 2.185792475938796997e-02 9.432915598154067993e-03 4.297568928450345993e-03 9.407861158251762390e-03 4.134037531912326813e-03 1.861319411545991898e-03 4.458115249872207642e-02 2.427041716873645782e-02 1.013746857643127441e-02 3.265929967164993286e-02 1.117254514247179031e-02 3.242771327495574951e-02 2.768436633050441742e-02 1.524706650525331497e-02 3.831355273723602295e-02 2.713577635586261749e-02 1.277373544871807098e-02 1.221665833145380020e-02 4.885039478540420532e-02 2.055934071540832520e-02 5.034499615430831909e-02 5.593886226415634155e-02 1.917314156889915466e-02 6.083809211850166321e-02 4.634521156549453735e-02 2.304515242576599121e-02 4.694111645221710205e-02 1.938440836966037750e-02 1.123698614537715912e-02 3.368183597922325134e-02 3.236980363726615906e-02 3.760840371251106262e-02 4.413736984133720398e-02 4.298748075962066650e-02 1.306678075343370438e-02 1.922658830881118774e-02 5.174287036061286926e-02 2.741425856947898865e-02 1.379585545510053635e-02 5.216111242771148682e-02 3.022908931598067284e-03 6.269928533583879471e-03 8.297858759760856628e-03 1.891325972974300385e-02 4.473008587956428528e-02 3.552292287349700928e-02 3.929702937602996826e-02
