1.433816254138946533e-01 1.288906782865524292e-01 9.406290017068386078e-03 2.508093370124697685e-03 1.857931539416313171e-02 1.149759516119956970e-01 1.209488809108734131e-01 1.645345613360404968e-02 9.174952283501625061e-03 8.775713853538036346e-03 1.248373016715049744e-01 7.021154463291168213e-02 9.334015846252441406e-02 6.153309345245361328e-02 1.503600552678108215e-02 2.232813090085983276e-02 4.067658632993698120e-02 2.474449574947357178e-02 6.881336867809295654e-02 7.652211003005504608e-03 9.656211733818054199e-02 5.615895241498947144e-02 5.213679373264312744e-02 1.802794449031352997e-02 2.081689052283763885e-02 6.380937248468399048e-02 4.176308214664459229e-02 1.574349217116832733e-02 7.669193297624588013e-02 4.816783964633941650e-02 6.725773960351943970e-02 1.344863232225179672e-02 1.505575142800807953e-02 4.007714986801147461e-02 2.309057675302028656e-02 3.657386824488639832e-02 9.452440775930881500e-03 3.021496580913662910e-03 1.924175396561622620e-02 3.588235005736351013e-02 1.260144729167222977e-02 5.215613916516304016e-02 5.835550278425216675e-02 1.224843114614486694e-01 3.140572831034660339e-02 3.598078340291976929e-02 1.057446375489234924e-01 1.043214127421379089e-01 3.130087628960609436e-02 3.924633190035820007e-02 3.789011761546134949e-02 6.478668004274368286e-02 2.230037376284599304e-02 4.600620269775390625e-02 4.704413935542106628e-02 2.885906584560871124e-02 4.700002074241638184e-02 3.152900189161300659e-02 5.284107103943824768e-02 2.050035446882247925e-02 9.592389315366744995e-02 7.171376049518585205e-02 3.193236514925956726e-02 4.670498892664909363e-02 2.235952578485012054e-02 3.877343842759728432e-03 3.271180763840675354e-02 2.622197382152080536e-02 5.215001478791236877e-02 1.520325662568211555e-03 4.573931917548179626e-02 3.078942745923995972e-02 3.743453696370124817e-02 1.517626424174522981e-05 5.394434183835983276e-02 4.042204469442367554e-02 5.073089525103569031e-02 2.366056479513645172e-02 2.010850980877876282e-02 1.204833760857582092e-02 5.389528349041938782e-02 1.059408858418464661e-02 2.362578548491001129e-02 7.219530642032623291e-02 4.158508032560348511e-02 2.146835997700691223e-02 1.680111140012741089e-02 4.432342946529388428e-02 3.467610478401184082e-02 1.438998710364103317e-02 4.680840298533439636e-02 2.280102297663688660e-02 7.061354070901870728e-02 1.779267098754644394e-03 2.808232791721820831e-02 2.884885109961032867e-02 4.273036494851112366e-02 4.257333930581808090e-03 6.665348261594772339e-02 8.932343125343322754e-02 2.250921167433261871e-02 3.127451986074447632e-02 4.174478724598884583e-02 1.645953953266143799e-02 5.275566130876541138e-02 3.599070385098457336e-02 5.480112880468368530e-02 3.752917051315307617e-02 2.802168764173984528e-02 3.609568625688552856e-02 2.407190576195716858e-02 4.301257804036140442e-02 5.239483341574668884e-02 5.103769898414611816e-02 2.968400903046131134e-02 8.195403032004833221e-03
1.288906782865524292e-01 1.451749354600906372e-01 7.675927598029375076e-03 1.431124377995729446e-02 8.505092933773994446e-03 1.104866340756416321e-01 1.098271161317825317e-01 3.810036461800336838e-03 3.565729036927223206e-02 2.310247719287872314e-02 1.023775935173034668e-01 2.234397642314434052e-02 1.056784167885780334e-01 2.925659157335758209e-02 6.713581085205078125e-02 5.524784326553344727e-02 5.382625758647918701e-02 5.711363255977630615e-02 2.519524097442626953e-02 2.063627354800701141e-02 1.845691911876201630e-02 2.360986731946468353e-02 3.425685921683907509e-03 4.238855466246604919e-02 3.482896089553833008e-02 7.222456391900777817e-03 2.037715911865234375e-02 1.298033632338047028e-02 3.337097121402621269e-03 2.532963408157229424e-03 8.673544041812419891e-03 3.253758326172828674e-02 1.345399022102355957e-02 5.447021871805191040e-02 2.298915293067693710e-03 2.723588980734348297e-02 3.675445914268493652e-02 4.785741621162742376e-04 1.211020350456237793e-02 1.161513943225145340e-02 1.952823996543884277e-02 2.125894092023372650e-02 4.451797157526016235e-02 4.250114783644676208e-02 4.729027859866619110e-03 8.370053954422473907e-03 1.087251007556915283e-01 1.080217957496643066e-01 1.331780292093753815e-02 1.516663935035467148e-02 1.596552319824695587e-02 2.335095405578613281e-02 6.023007910698652267e-03 1.789706759154796600e-02 5.120867863297462463e-02 5.889995023608207703e-02 2.153643593192100525e-02 3.344295173883438110e-02 9.018556214869022369e-03 2.083555050194263458e-02 5.268101766705513000e-02 4.232395067811012268e-02 4.104438424110412598e-02 4.378525540232658386e-02 4.704440757632255554e-02 3.565186634659767151e-02 2.911011921241879463e-03 1.722646877169609070e-02 7.328216731548309326e-02 1.983950351132079959e-04 3.836809843778610229e-02 5.187355913221836090e-03 2.985418774187564850e-02 2.860035188496112823e-02 4.359866306185722351e-02 3.630864992737770081e-02 5.450402945280075073e-02 1.535430923104286194e-02 2.704525738954544067e-02 2.235579304397106171e-02 3.826503828167915344e-02 7.130820304155349731e-03 4.261977225542068481e-02 6.010781228542327881e-02 2.572982944548130035e-02 6.631939858198165894e-02 6.486229132860898972e-03 4.574014618992805481e-02 2.269160933792591095e-02 4.196251742541790009e-03 9.467925876379013062e-02 2.954947762191295624e-03 8.745216578245162964e-02 5.063192918896675110e-03 4.955458268523216248e-02 2.359459409490227699e-03 5.528252199292182922e-02 4.862475022673606873e-02 1.969021745026111603e-02 1.376925688236951828e-02 3.918385133147239685e-02 2.405069395899772644e-02 1.833741553127765656e-02 3.049493767321109772e-02 2.685513906180858612e-02 3.799838572740554810e-02 9.104978293180465698e-03 4.538584873080253601e-02 3.916003555059432983e-02 5.774436146020889282e-02 2.611370757222175598e-03 2.771278144791722298e-03 1.735667325556278229e-02 4.108555614948272705e-02 2.509771659970283508e-02 2.219417318701744080e-02
9.406290017068386078e-03 7.675927598029375076e-03 2.568774297833442688e-02 2.385523915290832520e-02 2.658152393996715546e-02 1.595122274011373520e-03 2.004407346248626709e-02 9.168376773595809937e-02 1.345442384481430054e-01 3.979292884469032288e-02 2.460388652980327606e-02 4.302231967449188232e-02 1.264980714768171310e-02 3.239209204912185669e-02 4.949771612882614136e-02 4.258847609162330627e-02 2.415078133344650269e-02 5.759388208389282227e-02 2.356837131083011627e-02 5.691174417734146118e-02 3.883431106805801392e-02 6.892757117748260498e-02 6.036698073148727417e-02 3.357483819127082825e-02 3.145710099488496780e-03 2.924140915274620056e-02 1.050715371966362000e-01 3.298407420516014099e-02 4.593271017074584961e-02 2.314317226409912109e-02 5.650849267840385437e-02 5.266037583351135254e-02 3.447587369009852409e-03 3.970578685402870178e-02 6.974103301763534546e-02 1.140033546835184097e-02 4.203218221664428711e-02 1.216432452201843262e-01 5.546133220195770264e-02 6.310953199863433838e-02 4.064535349607467651e-02 3.435836406424641609e-03 3.296488150954246521e-02 1.044712029397487640e-02 3.720623254776000977e-02 1.094144582748413086e-02 3.225348517298698425e-02 3.892385959625244141e-02 2.911525079980492592e-03 1.512487530708312988e-01 4.604797344654798508e-03 1.254547983407974243e-01 4.291356541216373444e-03 1.778868958353996277e-02 1.518177427351474762e-02 6.137878075242042542e-02 3.517136350274085999e-02 1.211406104266643524e-02 3.765262663364410400e-02 2.779644168913364410e-02 5.757081136107444763e-02 2.622243948280811310e-02 3.348600864410400391e-02 3.542008250951766968e-02 1.536938641220331192e-02 1.219474896788597107e-02 3.758963942527770996e-02 2.820856869220733643e-02 3.028644621372222900e-02 2.578190714120864868e-02 1.135749509558081627e-03 4.393478482961654663e-02 1.915644109249114990e-02 7.401011884212493896e-03 1.244257902726531029e-03 1.002859920263290405e-01 8.124234527349472046e-02 6.610071752220392227e-03 2.994639053940773010e-02 4.897902533411979675e-02 1.720977872610092163e-01 8.166267722845077515e-02 3.640948794782161713e-03 4.026360064744949341e-02 3.807986900210380554e-02 2.173475548624992371e-02 6.833762745372951031e-04 3.869182616472244263e-02 5.628320947289466858e-02 8.511339873075485229e-02 1.512886025011539459e-02 2.856465987861156464e-02 1.264592050574719906e-03 4.748865216970443726e-02 1.775123178958892822e-02 2.128358557820320129e-02 4.198664054274559021e-02 1.505768392235040665e-02 3.488164022564888000e-02 7.225181162357330322e-02 6.218191608786582947e-02 2.888025343418121338e-02 2.117775753140449524e-02 4.421044886112213135e-02 8.228083699941635132e-02 1.888792403042316437e-02 6.733991950750350952e-02 5.126507207751274109e-02 1.720512844622135162e-02 4.077605158090591431e-02 3.573599830269813538e-02 2.616467699408531189e-02 1.800060570240020752e-01 5.942473188042640686e-02 1.566712558269500732e-02 9.025789797306060791e-02
2.508093370124697685e-03 1.431124377995729446e-02 2.385523915290832520e-02 8.317266404628753662e-02 8.448637276887893677e-02 2.947778627276420593e-02 5.889745661988854408e-04 1.388572342693805695e-02 3.770907223224639893e-02 1.469488162547349930e-02 2.793307602405548096e-02 1.922857761383056641e-02 1.572337932884693146e-02 1.651339977979660034e-02 2.097731828689575195e-02 4.858419671654701233e-02 1.823358982801437378e-02 3.142681904137134552e-03 8.741879835724830627e-03 1.819781400263309479e-02 3.237838624045252800e-03 5.703766271471977234e-02 3.655807301402091980e-02 1.740518584847450256e-02 3.159688785672187805e-02 5.946059525012969971e-02 6.084282323718070984e-02 4.195472970604896545e-02 1.293736416846513748e-02 3.541428595781326294e-02 1.892818696796894073e-02 5.689899250864982605e-02 7.411509286612272263e-03 1.225693267770111561e-03 3.409628942608833313e-02 3.094340674579143524e-02 2.767026796936988831e-02 6.514120846986770630e-02 6.017332896590232849e-02 6.106876954436302185e-02 3.515711752697825432e-03 1.891203038394451141e-02 1.266964827664196491e-03 4.657714813947677612e-02 8.874479681253433228e-04 4.242782481014728546e-03 1.302722375839948654e-03 4.210151731967926025e-02 1.124867983162403107e-02 5.870398879051208496e-02 2.514991723001003265e-02 4.014336038380861282e-03 1.767837256193161011e-02 4.583907499909400940e-02 2.671176940202713013e-02 5.152634903788566589e-02 2.495842427015304565e-02 3.622000664472579956e-02 1.537378877401351929e-02 1.929445005953311920e-02 4.154091700911521912e-02 5.155789852142333984e-02 4.938121512532234192e-02 6.229120120406150818e-02 4.901400767266750336e-03 4.475177079439163208e-02 5.690320581197738647e-02 6.248319894075393677e-02 2.175620011985301971e-02 3.889793902635574341e-02 2.321578562259674072e-02 2.413417911157011986e-03 7.436054944992065430e-02 2.904395759105682373e-02 6.823370605707168579e-02 2.618450671434402466e-02 4.965284839272499084e-03 2.930747158825397491e-02 7.700509857386350632e-03 3.858802840113639832e-02 3.468276560306549072e-02 4.236955940723419189e-02 2.187386900186538696e-02 6.222580373287200928e-02 5.118208378553390503e-02 1.387133076786994934e-02 1.031526178121566772e-02 3.991008922457695007e-02 1.058181095868349075e-02 3.417251631617546082e-02 3.251370042562484741e-02 2.515093423426151276e-02 3.125306591391563416e-02 1.124313846230506897e-02 3.141463268548250198e-03 3.680106997489929199e-02 3.336725383996963501e-02 1.118967588990926743e-02 3.262231871485710144e-02 3.098857961595058441e-02 7.260309159755706787e-02 5.803103372454643250e-02 3.230785951018333435e-02 9.853472933173179626e-03 3.821256011724472046e-02 6.008455157279968262e-02 5.240845307707786560e-02 2.528590150177478790e-02 4.274767264723777771e-02 1.205479446798563004e-02 5.898984894156455994e-02 2.362336218357086182e-02 4.632835462689399719e-02 2.526908554136753082e-02 3.605610504746437073e-02 1.912855356931686401e-02
1.857931539416313171e-02 8.505092933773994446e-03 2.658152393996715546e-02 8.448637276887893677e-02 6.337013095617294312e-02 2.031630650162696838e-02 2.906085923314094543e-02 5.626597255468368530e-02 6.217865645885467529e-02 1.528844702988862991e-02 1.160761341452598572e-02 2.790565136820077896e-03 9.042393416166305542e-03 1.086117513477802277e-02 2.013838291168212891e-02 3.359031677246093750e-02 2.365900203585624695e-02 3.696006536483764648e-02 2.176496013998985291e-02 3.430419135838747025e-03 1.623968221247196198e-02 8.108205348253250122e-02 4.594197124242782593e-02 4.010858014225959778e-03 2.466589957475662231e-02 6.329663842916488647e-02 2.680669538676738739e-02 4.489050805568695068e-02 2.680472796782851219e-03 3.374560922384262085e-02 4.810757469385862350e-03 5.072259902954101562e-02 3.690408915281295776e-02 4.657025262713432312e-02 1.640103408135473728e-03 1.371947582811117172e-02 4.750525578856468201e-03 7.641637325286865234e-02 6.126921996474266052e-02 9.029476344585418701e-02 4.031411837786436081e-03 6.949623674154281616e-02 3.691677376627922058e-02 1.538960356265306473e-02 6.369379907846450806e-02 3.987224027514457703e-02 3.248289600014686584e-02 1.594424247741699219e-02 8.446886786259710789e-04 7.670561224222183228e-02 4.450827464461326599e-02 9.576182812452316284e-03 2.410046383738517761e-02 9.511103853583335876e-03 6.271306425333023071e-02 4.507740586996078491e-02 4.044787783641368151e-04 2.236153557896614075e-02 3.039347007870674133e-02 1.166027039289474487e-03 5.330831278115510941e-03 2.933276444673538208e-02 3.032103367149829865e-02 6.613061577081680298e-02 5.783794075250625610e-02 1.731701195240020752e-02 3.701983019709587097e-03 7.864545285701751709e-02 2.964610978960990906e-02 4.885708540678024292e-02 4.389915987849235535e-02 2.723814733326435089e-02 7.113898545503616333e-02 1.747178658843040466e-02 9.130268543958663940e-02 4.252539575099945068e-02 4.793960228562355042e-02 2.660943567752838135e-02 5.480818822979927063e-02 1.423067506402730942e-02 2.889664843678474426e-02 2.409746311604976654e-02 1.541181746870279312e-02 8.188334107398986816e-02 8.095309138298034668e-02 1.949791610240936279e-02 1.757589168846607208e-02 4.359262064099311829e-02 3.031379356980323792e-02 4.402064159512519836e-02 2.586034499108791351e-02 4.924441501498222351e-02 5.374863743782043457e-02 1.356345135718584061e-02 4.172651469707489014e-02 4.985535517334938049e-02 4.487030953168869019e-02 1.268266700208187103e-02 1.106931921094655991e-02 2.060009166598320007e-02 9.128496982157230377e-03 3.683600574731826782e-03 4.182265326380729675e-02 3.872927278280258179e-03 1.868699677288532257e-02 2.825006842613220215e-02 1.421006489545106888e-02 5.007843673229217529e-02 7.050637155771255493e-02 2.014784887433052063e-02 2.079327218234539032e-02 3.139515593647956848e-02 5.948367342352867126e-02 2.481973543763160706e-02 4.132952168583869934e-02 3.928641974925994873e-02
1.149759516119956970e-01 1.104866340756416321e-01 1.595122274011373520e-03 2.947778627276420593e-02 2.031630650162696838e-02 1.448190510272979736e-01 1.270511895418167114e-01 1.362926047295331955e-02 3.087998181581497192e-02 1.500172168016433716e-02 1.003753393888473511e-01 7.364214211702346802e-02 7.918485254049301147e-02 6.969584524631500244e-02 6.864819675683975220e-02 1.449067052453756332e-02 1.480685733258724213e-02 7.502241525799036026e-03 1.208849530667066574e-02 5.960220098495483398e-02 1.302433907985687256e-01 2.201350964605808258e-02 1.845791563391685486e-02 1.172807067632675171e-02 5.061135068535804749e-02 1.511634886264801025e-02 5.437171552330255508e-03 1.509024947881698608e-02 7.693961262702941895e-02 2.358571626245975494e-02 4.719818755984306335e-02 3.012317232787609100e-02 6.494428962469100952e-03 6.391455978155136108e-02 5.787161737680435181e-02 8.771131746470928192e-03 1.463649910874664783e-03 3.204471617937088013e-02 1.767469570040702820e-03 3.082287870347499847e-02 3.735426440834999084e-02 1.779840141534805298e-02 3.523145988583564758e-02 1.230955123901367188e-02 2.563985437154769897e-02 2.556113526225090027e-02 1.215447187423706055e-01 8.858950436115264893e-02 3.422879427671432495e-02 3.920438140630722046e-02 2.576103061437606812e-02 1.026619300246238708e-01 1.172794494777917862e-02 4.972435068339109421e-03 1.983733847737312317e-02 4.564144473988562822e-04 2.817626483738422394e-02 6.366582121700048447e-03 6.845214217901229858e-02 3.314184024930000305e-02 7.370383292436599731e-02 9.301864355802536011e-02 8.276969194412231445e-03 2.717378549277782440e-03 1.140268519520759583e-03 4.029453732073307037e-03 6.314460933208465576e-02 5.915133282542228699e-02 9.858590783551335335e-04 4.138383548706769943e-03 1.302094105631113052e-02 1.549806818366050720e-02 3.111543878912925720e-02 2.469348534941673279e-02 6.309346295893192291e-03 8.260331233032047749e-04 1.640199567191302776e-03 2.114059031009674072e-02 3.770601004362106323e-02 1.937520131468772888e-02 1.156535837799310684e-02 7.663656026124954224e-02 2.811489626765251160e-02 1.270795520395040512e-02 3.489205613732337952e-02 3.532080352306365967e-02 5.859116464853286743e-02 1.229849923402070999e-02 2.254561893641948700e-02 7.109012454748153687e-03 5.188719183206558228e-02 4.958669468760490417e-02 3.142997995018959045e-02 1.516051590442657471e-02 1.571207121014595032e-02 5.079836770892143250e-02 5.189632624387741089e-02 1.841416396200656891e-02 3.405011072754859924e-02 1.027680188417434692e-02 3.796638688072562218e-03 1.330074016004800797e-02 9.425449534319341183e-04 2.501480979844927788e-03 1.442358177155256271e-02 2.444908767938613892e-02 3.431913256645202637e-02 3.863745927810668945e-02 1.324071455746889114e-02 4.607794340699911118e-03 1.608736254274845123e-02 1.316550932824611664e-02 1.249183062463998795e-02 9.170580655336380005e-03 5.107722431421279907e-02 3.626836836338043213e-02
1.209488809108734131e-01 1.098271161317825317e-01 2.004407346248626709e-02 5.889745661988854408e-04 2.906085923314094543e-02 1.270511895418167114e-01 1.546502113342285156e-01 3.956785425543785095e-02 1.113399770110845566e-02 2.266071736812591553e-02 1.071242839097976685e-01 4.549529403448104858e-02 8.155901730060577393e-02 5.098728463053703308e-02 4.563346132636070251e-02 4.642069339752197266e-02 3.571482002735137939e-02 1.694445684552192688e-02 1.207893341779708862e-02 1.046165823936462402e-02 4.617002233862876892e-02 1.325405575335025787e-02 2.497640438377857208e-02 4.476643353700637817e-02 1.400828640908002853e-02 1.203727070242166519e-02 8.244728669524192810e-03 1.395266875624656677e-02 4.630295932292938232e-02 3.689459525048732758e-03 6.562650948762893677e-02 5.420985445380210876e-02 8.888114243745803833e-03 7.364170253276824951e-02 4.497152194380760193e-02 3.555580601096153259e-02 5.544696934521198273e-03 2.892360463738441467e-02 3.831084351986646652e-03 3.937241435050964355e-02 2.726973593235015869e-02 8.558443747460842133e-03 5.085569620132446289e-02 1.343976333737373352e-02 4.025290161371231079e-02 3.073436394333839417e-02 1.181995496153831482e-01 1.083642393350601196e-01 4.364800080657005310e-02 1.013481151312589645e-02 4.821420088410377502e-02 5.013493821024894714e-02 1.195268053561449051e-02 4.126823041588068008e-03 1.487683225423097610e-02 3.842558339238166809e-02 5.744446534663438797e-03 2.013695612549781799e-02 2.772708609700202942e-02 2.778453938663005829e-02 8.414665609598159790e-02 6.972603499889373779e-02 3.375021368265151978e-02 5.098195746541023254e-03 7.830643095076084137e-03 1.337740919552743435e-03 1.412349287420511246e-02 1.620846986770629883e-02 4.233532026410102844e-02 4.342457745224237442e-03 1.175347715616226196e-02 1.553944032639265060e-02 4.674878343939781189e-02 2.192804403603076935e-02 1.663643517531454563e-03 1.973939687013626099e-02 2.434466406702995300e-02 1.909343898296356201e-02 4.727276414632797241e-02 3.057333268225193024e-02 4.425644129514694214e-02 6.578341871500015259e-02 3.960031643509864807e-02 1.740939728915691376e-02 3.759680688381195068e-02 9.794565849006175995e-03 6.327797472476959229e-02 4.589546471834182739e-03 1.394300721585750580e-02 4.192597046494483948e-02 5.910606309771537781e-02 6.610953062772750854e-02 4.227531328797340393e-02 2.385625988245010376e-02 3.776945918798446655e-02 2.535655908286571503e-02 3.439234569668769836e-02 4.786348715424537659e-02 3.088829480111598969e-02 1.920589059591293335e-02 1.470713410526514053e-02 1.416732463985681534e-02 1.612150482833385468e-02 2.935615740716457367e-02 3.607269749045372009e-02 2.365041524171829224e-02 4.708838462829589844e-02 1.540257781744003296e-02 2.884619636461138725e-03 2.341889217495918274e-02 2.847592160105705261e-02 1.991496421396732330e-02 1.334209367632865906e-02 2.137373387813568115e-02 2.532232366502285004e-02 3.749814257025718689e-02
1.645345613360404968e-02 3.810036461800336838e-03 9.168376773595809937e-02 1.388572342693805695e-02 5.626597255468368530e-02 1.362926047295331955e-02 3.956785425543785095e-02 6.579767167568206787e-02 1.095138117671012878e-02 3.155217319726943970e-02 3.642060235142707825e-02 4.726463183760643005e-02 4.984762519598007202e-03 2.397663891315460205e-02 2.624134905636310577e-02 3.463853150606155396e-02 9.648330509662628174e-03 1.519221905618906021e-02 4.402263090014457703e-02 3.633193671703338623e-02 2.301158942282199860e-02 4.310045391321182251e-02 1.118696108460426331e-02 6.968574225902557373e-02 5.894798412919044495e-02 6.412230432033538818e-02 7.033126894384622574e-03 3.951141983270645142e-02 1.226325053721666336e-02 2.536698617041110992e-02 7.807673886418342590e-03 1.039922460913658142e-01 5.325756222009658813e-02 4.678979516029357910e-02 2.401029877364635468e-02 5.299487616866827011e-03 2.671842090785503387e-02 6.368942558765411377e-02 1.193484640680253506e-03 6.661671400070190430e-02 3.611292690038681030e-02 4.745326936244964600e-02 1.367385126650333405e-02 1.350454241037368774e-02 4.915410652756690979e-02 4.022965952754020691e-02 3.083747113123536110e-03 5.161771178245544434e-02 1.763222622685134411e-03 3.763505071401596069e-02 6.607124954462051392e-02 6.825469434261322021e-02 1.822530478239059448e-02 1.793861016631126404e-02 3.095450624823570251e-02 1.090600807219743729e-02 2.564059197902679443e-02 1.084614894352853298e-03 2.547080256044864655e-02 4.080888815224170685e-03 5.737302824854850769e-02 2.018744312226772308e-02 8.983124792575836182e-02 1.013290509581565857e-01 2.485731989145278931e-02 3.324858099222183228e-02 1.725394651293754578e-02 4.403338208794593811e-02 2.743779681622982025e-02 3.786471486091613770e-02 3.938636183738708496e-02 1.856470294296741486e-02 5.180050432682037354e-02 2.339857630431652069e-02 5.404319614171981812e-02 9.712953120470046997e-03 2.223501354455947876e-02 2.712443284690380096e-02 1.277239993214607239e-02 3.142677014693617821e-03 2.249820083379745483e-01 1.500901579856872559e-01 2.021859027445316315e-02 7.779686711728572845e-03 1.044375170022249222e-02 3.285173326730728149e-02 1.709063053131103516e-01 1.351638734340667725e-01 3.128806129097938538e-03 6.130390986800193787e-02 2.330528572201728821e-02 6.227205507457256317e-03 2.083970047533512115e-02 1.748468168079853058e-02 5.446919705718755722e-03 4.218352958559989929e-02 2.166414260864257812e-02 1.758621446788311005e-02 7.024772465229034424e-02 8.313749730587005615e-02 6.628404557704925537e-02 4.690340720117092133e-03 5.039963498711585999e-02 1.637575775384902954e-02 1.855056360363960266e-02 6.959500722587108612e-03 2.375558950006961823e-02 7.130702584981918335e-02 7.068406790494918823e-03 5.095249414443969727e-02 1.120281685143709183e-02 6.126306951045989990e-02 1.970220915973186493e-02 2.538975700736045837e-02 1.153489015996456146e-02 1.431847661733627319e-01
9.174952283501625061e-03 3.565729036927223206e-02 1.345442384481430054e-01 3.770907223224639893e-02 6.217865645885467529e-02 3.087998181581497192e-02 1.113399770110845566e-02 1.095138117671012878e-02 6.928416341543197632e-02 1.786176115274429321e-02 2.660762704908847809e-02 5.993625894188880920e-02 1.263588084839284420e-03 2.565936557948589325e-02 3.251072764396667480e-02 1.615236513316631317e-02 4.732382949441671371e-03 3.866151347756385803e-02 5.259812250733375549e-02 9.189106523990631104e-02 4.026525467634201050e-02 1.972477883100509644e-02 6.220964342355728149e-02 8.749791234731674194e-02 7.024612277746200562e-03 4.992954060435295105e-02 2.185003273189067841e-02 1.268565934151411057e-02 3.012156672775745392e-02 2.372011914849281311e-02 1.464852411299943924e-02 2.935055829584598541e-02 1.197509188205003738e-02 8.514803647994995117e-02 4.944534227252006531e-02 6.981273181736469269e-03 6.562470644712448120e-02 6.506464706035330892e-05 1.641486771404743195e-02 7.702796719968318939e-03 4.963192716240882874e-02 1.078868061304092407e-01 4.844702407717704773e-02 1.158855622634291649e-03 5.436096340417861938e-02 1.116995513439178467e-02 4.461774975061416626e-02 9.158154018223285675e-03 4.049821943044662476e-02 7.549659907817840576e-02 5.404711235314607620e-03 7.983575016260147095e-02 1.964690908789634705e-02 3.849754482507705688e-02 1.421766541898250580e-02 1.319718509912490845e-01 4.816952720284461975e-02 1.645496115088462830e-02 6.740177422761917114e-02 2.522881701588630676e-02 3.405557200312614441e-02 7.333565503358840942e-02 1.273749303072690964e-02 7.779845967888832092e-03 4.185708984732627869e-02 1.471548061817884445e-02 2.615544386208057404e-02 1.544484216719865799e-02 6.123693659901618958e-02 1.766914874315261841e-02 5.287849809974431992e-03 5.464974790811538696e-02 3.414941579103469849e-02 8.078538812696933746e-03 2.841179072856903076e-02 5.572838708758354187e-02 1.768089681863784790e-01 3.361475840210914612e-02 9.848636388778686523e-02 9.080287069082260132e-02 1.917586103081703186e-02 4.524298757314682007e-02 1.026261374354362488e-01 1.863571349531412125e-03 3.390189260244369507e-02 2.015915885567665100e-02 3.102226555347442627e-02 5.450429860502481461e-03 9.948559105396270752e-02 4.432893171906471252e-02 4.636747390031814575e-02 2.177152596414089203e-02 2.572073414921760559e-02 2.596176601946353912e-02 3.569224104285240173e-02 5.264177173376083374e-02 2.526519820094108582e-02 1.062685530632734299e-02 1.109955385327339172e-01 2.725897356867790222e-02 1.245845016092061996e-02 1.183007471263408661e-02 6.600823253393173218e-02 1.685251295566558838e-02 1.920985803008079529e-02 3.814641386270523071e-02 4.423908144235610962e-02 4.022848792374134064e-03 3.000544942915439606e-02 6.176654715090990067e-03 2.813240885734558105e-02 3.267313539981842041e-02 6.554606556892395020e-02 6.735038012266159058e-02 2.598325908184051514e-02 9.159768372774124146e-02
8.775713853538036346e-03 2.310247719287872314e-02 3.979292884469032288e-02 1.469488162547349930e-02 1.528844702988862991e-02 1.500172168016433716e-02 2.266071736812591553e-02 3.155217319726943970e-02 1.786176115274429321e-02 8.353336155414581299e-02 6.182157900184392929e-03 1.156052388250827789e-02 3.718820959329605103e-02 3.147330880165100098e-02 4.405781626701354980e-02 4.057507903780788183e-04 6.133720651268959045e-02 6.662321090698242188e-02 7.794445753097534180e-02 4.366593062877655029e-02 1.450751163065433502e-02 3.495498746633529663e-02 1.824979111552238464e-02 5.415628477931022644e-02 1.048840768635272980e-02 5.313599482178688049e-02 5.419126525521278381e-02 5.014101788401603699e-02 1.127745863050222397e-02 5.181336402893066406e-02 5.665244068950414658e-03 9.876214899122714996e-03 2.391498908400535583e-02 1.527581177651882172e-02 1.169572677463293076e-02 1.600689068436622620e-02 5.509786773473024368e-03 3.389982879161834717e-02 3.709176182746887207e-02 1.010318845510482788e-02 3.534026816487312317e-02 1.827276125550270081e-02 5.102719739079475403e-02 6.389341503381729126e-02 3.879274055361747742e-02 2.940437570214271545e-02 2.278363332152366638e-02 2.067300677299499512e-02 4.694543778896331787e-03 4.641098156571388245e-02 2.369766123592853546e-02 1.141302753239870071e-02 1.692984998226165771e-02 2.363671362400054932e-02 2.058521658182144165e-02 6.485646218061447144e-02 1.087355776689946651e-03 7.385669648647308350e-02 2.162384102120995522e-03 3.220752999186515808e-02 2.859732508659362793e-02 3.196866065263748169e-02 1.514556445181369781e-02 3.753582760691642761e-02 2.625548280775547028e-02 4.118185490369796753e-03 3.262772783637046814e-02 1.138395722955465317e-02 5.310478433966636658e-02 5.636714771389961243e-02 6.593263149261474609e-02 2.443008124828338623e-03 2.387435734272003174e-02 3.883199766278266907e-02 2.476376853883266449e-02 5.789031833410263062e-02 1.234485581517219543e-02 7.954432070255279541e-02 2.596505917608737946e-02 7.975522428750991821e-02 1.749975793063640594e-02 9.713619202375411987e-02 4.272787272930145264e-02 5.123785138130187988e-02 9.220188856124877930e-02 8.176288567483425140e-03 1.567336544394493103e-02 2.854634821414947510e-02 1.017381437122821808e-02 8.418271690607070923e-02 3.893311321735382080e-02 5.705607682466506958e-02 9.461185894906520844e-03 2.329608052968978882e-02 2.156847156584262848e-02 8.052919805049896240e-02 4.248328134417533875e-02 8.395412936806678772e-03 2.835846692323684692e-02 4.034236818552017212e-02 7.038664817810058594e-02 3.501363843679428101e-02 6.605853140354156494e-02 1.827628351747989655e-02 1.084428280591964722e-02 2.431799285113811493e-02 3.916197270154953003e-02 1.899256184697151184e-02 1.097381301224231720e-02 3.531141951680183411e-02 6.597675383090972900e-03 1.346503966487944126e-03 6.354474276304244995e-02 3.282674401998519897e-02 3.797397762537002563e-02 3.085768595337867737e-02
1.248373016715049744e-01 1.023775935173034668e-01 2.460388652980327606e-02 2.793307602405548096e-02 1.160761341452598572e-02 1.003753393888473511e-01 1.071242839097976685e-01 3.642060235142707825e-02 2.660762704908847809e-02 6.182157900184392929e-03 1.550670266151428223e-01 5.479861795902252197e-02 9.344744682312011719e-02 4.437507688999176025e-02 2.268364094197750092e-02 1.256919279694557190e-02 5.519647966139018536e-04 1.541235670447349548e-02 2.661182172596454620e-02 1.794089679606258869e-03 2.535301446914672852e-02 7.586379349231719971e-02 4.300534352660179138e-02 7.988782599568367004e-03 3.532800590619444847e-03 5.582522135227918625e-03 6.185892969369888306e-02 1.958714984357357025e-02 1.416295487433671951e-02 4.569420125335454941e-03 1.676346920430660248e-02 4.201113060116767883e-02 3.748364374041557312e-02 3.700859844684600830e-02 2.398848533630371094e-02 4.469913989305496216e-02 4.840919002890586853e-02 5.511459335684776306e-02 5.154196545481681824e-02 4.443322494626045227e-02 6.597718596458435059e-02 1.223644427955150604e-02 3.340558335185050964e-02 5.217944458127021790e-02 4.641353338956832886e-02 4.976005107164382935e-02 1.146547719836235046e-01 1.067035570740699768e-01 2.347685582935810089e-02 2.890273556113243103e-02 1.747610978782176971e-02 4.021453484892845154e-02 1.370420865714550018e-02 2.801171503961086273e-02 1.969535276293754578e-02 3.585407743230462074e-03 3.151148930191993713e-02 1.268767099827528000e-02 4.424143582582473755e-02 3.494892269372940063e-02 1.660133711993694305e-02 5.908359959721565247e-02 1.563098630867898464e-03 5.129100754857063293e-02 6.387650966644287109e-02 4.532308876514434814e-02 4.213489592075347900e-02 3.598027303814888000e-02 5.890089087188243866e-03 1.345758140087127686e-02 2.791370823979377747e-02 2.319032885134220123e-02 8.033865131437778473e-03 5.629904568195343018e-02 2.483462169766426086e-02 4.005548357963562012e-02 1.398825831711292267e-02 5.463643930852413177e-03 3.344407305121421814e-02 5.407403409481048584e-02 1.826619356870651245e-02 2.314838580787181854e-02 9.513229131698608398e-03 3.253807872533798218e-02 2.348010614514350891e-02 5.842725560069084167e-02 2.217634028056636453e-05 1.308427099138498306e-02 7.225228473544120789e-03 1.142430584877729416e-03 5.853667855262756348e-02 8.004565536975860596e-02 4.251392930746078491e-02 5.138620268553495407e-03 2.732121944427490234e-02 2.733537741005420685e-02 4.456972330808639526e-02 4.774400964379310608e-02 1.215299498289823532e-02 1.700577884912490845e-02 1.856616884469985962e-02 6.668110727332532406e-04 2.915707789361476898e-02 2.879677154123783112e-02 1.710677868686616421e-03 6.925266236066818237e-03 3.451477363705635071e-02 1.592704467475414276e-02 6.126994267106056213e-02 9.322215802967548370e-03 2.905558235943317413e-02 4.424828663468360901e-02 6.558180786669254303e-03 1.178172696381807327e-02 1.855551078915596008e-02 1.000199560075998306e-02
7.021154463291168213e-02 2.234397642314434052e-02 4.302231967449188232e-02 1.922857761383056641e-02 2.790565136820077896e-03 7.364214211702346802e-02 4.549529403448104858e-02 4.726463183760643005e-02 5.993625894188880920e-02 1.156052388250827789e-02 5.479861795902252197e-02 6.316249072551727295e-02 4.082334786653518677e-02 1.063729077577590942e-01 1.666589640080928802e-02 3.367976471781730652e-02 5.213664472103118896e-02 5.045132711529731750e-02 5.755869299173355103e-02 4.385309666395187378e-02 2.017477154731750488e-02 7.133647799491882324e-02 7.759958505630493164e-02 3.969670459628105164e-02 7.602648111060261726e-04 4.533488675951957703e-02 3.961045295000076294e-03 6.811831891536712646e-02 9.301763027906417847e-03 8.467002958059310913e-02 3.143672272562980652e-02 1.064807642251253128e-02 2.702131494879722595e-02 1.407735049724578857e-02 4.688910394906997681e-02 1.721603237092494965e-02 5.662411917001008987e-03 1.269018556922674179e-02 4.952426999807357788e-02 3.778533544391393661e-03 7.221167534589767456e-02 3.407557029277086258e-03 3.098031878471374512e-02 2.393426001071929932e-02 6.918437033891677856e-02 1.439223345369100571e-02 2.137529291212558746e-02 6.659597158432006836e-02 6.252168864011764526e-02 5.060930177569389343e-02 7.896071299910545349e-03 4.788351431488990784e-02 5.961773917078971863e-02 5.156567320227622986e-02 5.240001250058412552e-03 1.043921187520027161e-01 2.392099238932132721e-02 1.259603910148143768e-02 7.583163678646087646e-02 6.361529231071472168e-02 1.525107584893703461e-02 4.454227164387702942e-03 4.750619456171989441e-02 2.534853853285312653e-02 6.036473903805017471e-03 1.803641091100871563e-03 1.479092799127101898e-02 3.956158179789781570e-03 2.263525500893592834e-02 2.365034632384777069e-02 2.677984908223152161e-02 1.477291341871023178e-02 4.593230038881301880e-02 1.888696663081645966e-02 3.855742886662483215e-02 3.225890221074223518e-03 1.041827350854873657e-02 2.211624011397361755e-02 5.444101616740226746e-02 4.674911499023437500e-02 2.965229004621505737e-02 1.593958958983421326e-02 8.187863044440746307e-03 4.041798040270805359e-02 5.554388463497161865e-02 5.626713484525680542e-02 2.568396553397178650e-02 3.669164702296257019e-02 3.059274144470691681e-02 1.056321058422327042e-02 6.566888839006423950e-02 7.215566001832485199e-03 3.593809157609939575e-02 2.487177401781082153e-02 5.072497949004173279e-02 2.918574772775173187e-02 2.296406216919422150e-02 1.375241298228502274e-02 2.467677742242813110e-02 5.417175590991973877e-02 4.726045951247215271e-02 4.665764421224594116e-02 3.958378802053630352e-04 4.657449573278427124e-02 1.305170543491840363e-02 3.012471087276935577e-02 2.729152888059616089e-02 1.165700424462556839e-02 3.110538795590400696e-02 4.645322263240814209e-02 8.603549003601074219e-02 1.022341549396514893e-01 1.073049101978540421e-02 2.174724824726581573e-02 7.648909091949462891e-02 1.323109120130538940e-02
9.334015846252441406e-02 1.056784167885780334e-01 1.264980714768171310e-02 1.572337932884693146e-02 9.042393416166305542e-03 7.918485254049301147e-02 8.155901730060577393e-02 4.984762519598007202e-03 1.263588084839284420e-03 3.718820959329605103e-02 9.344744682312011719e-02 4.082334786653518677e-02 1.023144423961639404e-01 4.217121377587318420e-02 2.594388462603092194e-02 3.511209413409233093e-02 6.026119459420442581e-03 1.777249999577179551e-04 5.305293481796979904e-03 6.773282308131456375e-03 5.076276883482933044e-02 5.659463629126548767e-02 2.210677415132522583e-02 4.133616387844085693e-02 1.317017152905464172e-02 4.205771163105964661e-02 1.641917787492275238e-02 1.334874890744686127e-02 2.769860997796058655e-02 4.706066101789474487e-03 1.823703013360500336e-02 1.136404648423194885e-02 6.807561032474040985e-03 2.231655176728963852e-03 2.601446770131587982e-02 6.014022603631019592e-02 3.420104831457138062e-02 4.614048078656196594e-02 1.667011715471744537e-02 1.764720678329467773e-02 3.650721162557601929e-02 2.224529348313808441e-02 3.788674995303153992e-02 1.486232131719589233e-02 2.045890316367149353e-02 1.855684630572795868e-02 8.009481430053710938e-02 7.396928966045379639e-02 8.309622295200824738e-03 5.169408768415451050e-02 1.224250067025423050e-02 2.723464183509349823e-02 7.856927812099456787e-03 3.330598352476954460e-03 4.118565842509269714e-02 5.561631917953491211e-02 4.917050898075103760e-02 6.144195795059204102e-02 4.767713695764541626e-02 3.044762276113033295e-02 6.727656722068786621e-02 2.472010813653469086e-02 6.657560169696807861e-02 5.004891753196716309e-02 5.562806874513626099e-02 4.620822891592979431e-02 7.843245752155780792e-03 3.451024647802114487e-03 4.796603694558143616e-02 1.145435124635696411e-02 2.067188359797000885e-02 1.039432454854249954e-02 2.408626861870288849e-02 4.477109014987945557e-02 5.168037489056587219e-02 1.472838968038558960e-02 5.428220331668853760e-02 3.914019092917442322e-02 1.462593674659729004e-03 9.267072193324565887e-03 4.356909915804862976e-02 1.784846186637878418e-02 1.039965823292732239e-02 2.670103311538696289e-02 5.800732225179672241e-02 9.852254763245582581e-03 6.242855917662382126e-03 8.653686381876468658e-03 4.702344909310340881e-02 1.663218811154365540e-02 6.745202094316482544e-02 3.900258988142013550e-02 5.037717148661613464e-02 4.495357722043991089e-02 8.622740209102630615e-02 3.964594006538391113e-02 5.325442645698785782e-03 2.241815812885761261e-02 5.334992706775665283e-02 3.447391092777252197e-02 6.014336831867694855e-03 3.046727553009986877e-02 5.157178640365600586e-02 1.621978171169757843e-02 3.185036778450012207e-02 1.434594672173261642e-02 1.505722943693399429e-02 1.280621625483036041e-02 5.793413519859313965e-02 1.833965443074703217e-02 3.652073908597230911e-03 8.219216018915176392e-03 4.169156402349472046e-02 1.317217852920293808e-02 2.636503428220748901e-02 2.070704288780689240e-02
