1.429207473993301392e-01 2.022977322340011597e-01 5.240755900740623474e-02 2.949915826320648193e-02 3.052980639040470123e-02 1.868283450603485107e-01 1.195020899176597595e-01 7.464770227670669556e-02 6.254923343658447266e-02 4.463807865977287292e-02 7.433163374662399292e-02 2.830134704709053040e-02 7.746476680040359497e-02 4.699012637138366699e-02 4.897699505090713501e-02 9.274223702959716320e-04 6.358829885721206665e-02 3.506068885326385498e-02 3.022138029336929321e-02 4.896601289510726929e-02 1.376079581677913666e-02 7.096437271684408188e-03 4.125254973769187927e-02 4.219851642847061157e-02 6.247003003954887390e-02 3.176605701446533203e-02 1.564382389187812805e-02 2.536682179197669029e-03 3.097020089626312256e-02 5.417095124721527100e-02 4.069235175848007202e-02 1.118721254169940948e-02 1.062662433832883835e-02 1.257225126028060913e-02 2.894622273743152618e-02 3.294843435287475586e-02 1.546118594706058502e-02 2.894402015954256058e-03 1.758485473692417145e-02 2.561491914093494415e-02 6.003980990499258041e-03 2.919241972267627716e-02 1.052810903638601303e-02 7.550232112407684326e-02 4.180888086557388306e-02 3.906049579381942749e-02 2.884558215737342834e-02 6.743063032627105713e-02 1.005283091217279434e-02 2.195209078490734100e-02 4.908246919512748718e-03 1.338815316557884216e-02 3.009041585028171539e-02 2.719038538634777069e-02 7.571500609628856182e-04 4.817293584346771240e-02 4.524835571646690369e-02 1.441948954015970230e-02 1.344806607812643051e-02 4.020906984806060791e-03 4.981327056884765625e-02 3.710519522428512573e-02 4.821422323584556580e-02 3.884471580386161804e-02 1.067519560456275940e-02 7.696965243667364120e-03 2.008432336151599884e-02 2.996510080993175507e-02 2.762700431048870087e-02 2.068365179002285004e-02 5.429895222187042236e-02 3.329071775078773499e-02 6.594952195882797241e-02 2.378885634243488312e-02 3.336493298411369324e-02 2.226572250947356224e-03 4.254596773535013199e-03 2.038280852138996124e-02 1.781044155359268188e-02 2.125692367553710938e-02 5.341522023081779480e-02 1.284207031130790710e-02 3.290249779820442200e-02 5.233411118388175964e-02 7.246067374944686890e-02 4.120351374149322510e-02 4.015186801552772522e-02 2.386608906090259552e-02 8.193862158805131912e-04 1.108710002154111862e-02 3.293907642364501953e-02 3.208167478442192078e-02 2.748865634202957153e-02 2.092687226831912994e-02 1.961973495781421661e-03 2.886787522584199905e-03 1.796881109476089478e-02 2.465741895139217377e-02 3.812148002907633781e-03 5.965238437056541443e-02 3.090856410562992096e-02 3.397413715720176697e-02 1.135950069874525070e-02 6.363898981362581253e-03 4.486981034278869629e-02 2.169682085514068604e-02 2.795235998928546906e-02 3.811904415488243103e-02 1.399125996977090836e-02 4.453726112842559814e-02 9.310586377978324890e-03 2.730038762092590332e-02 2.319051697850227356e-02 5.170488730072975159e-02 1.594737730920314789e-02 2.668261900544166565e-02
2.022977322340011597e-01 1.269659996032714844e-01 4.908385500311851501e-02 4.255220293998718262e-02 3.705845400691032410e-02 1.730866730213165283e-01 1.371801495552062988e-01 1.929578953422605991e-03 2.482838369905948639e-02 7.191365584731101990e-03 8.617258816957473755e-02 9.464325010776519775e-02 1.112614125013351440e-01 4.543360695242881775e-02 4.382092505693435669e-02 3.349759429693222046e-02 6.505528092384338379e-02 3.262352198362350464e-02 1.092867087572813034e-02 4.956625401973724365e-02 1.016115583479404449e-02 2.363349869847297668e-02 2.925341762602329254e-02 5.581467226147651672e-02 5.695885978639125824e-03 5.411821231245994568e-02 1.653455942869186401e-02 3.830036614090204239e-03 2.438728511333465576e-02 2.381542511284351349e-02 2.207295037806034088e-02 3.154867887496948242e-02 5.368964374065399170e-02 3.799335658550262451e-02 1.615127362310886383e-02 3.471932560205459595e-02 7.143741939216852188e-03 6.670266389846801758e-03 4.624097794294357300e-02 1.515178941190242767e-02 1.948679424822330475e-02 5.535363033413887024e-02 4.923035949468612671e-02 6.877194344997406006e-02 2.450920455157756805e-02 5.285018309950828552e-02 5.367080681025981903e-03 1.038090363144874573e-01 1.986102946102619171e-02 6.319664418697357178e-02 4.521116614341735840e-03 7.838355377316474915e-03 8.814305067062377930e-03 2.331069484353065491e-02 5.005498975515365601e-02 5.838552489876747131e-02 1.058253552764654160e-02 8.561210334300994873e-02 3.548233956098556519e-02 1.006641052663326263e-02 3.458897024393081665e-02 4.340223222970962524e-02 1.702306419610977173e-02 3.086221776902675629e-02 3.171546012163162231e-02 5.590309854596853256e-03 6.361877173185348511e-02 1.969604194164276123e-02 3.781754290685057640e-03 1.838848553597927094e-02 3.694058209657669067e-02 2.265519462525844574e-02 4.425434768199920654e-02 7.082544267177581787e-03 2.018263936042785645e-02 3.487571142613887787e-03 3.217540308833122253e-02 4.881040193140506744e-03 6.955176941119134426e-04 3.885995224118232727e-02 5.761272832751274109e-02 3.721202537417411804e-02 5.550462380051612854e-02 2.874238602817058563e-02 9.455765783786773682e-02 7.446973770856857300e-02 9.975250810384750366e-03 9.697978966869413853e-04 3.079415485262870789e-02 4.822234436869621277e-02 1.623641117475926876e-03 4.145847633481025696e-02 5.483577772974967957e-02 1.395840477198362350e-02 5.951533839106559753e-02 3.424661606550216675e-02 2.618515677750110626e-02 2.905323915183544159e-02 9.134508669376373291e-03 3.788531944155693054e-02 4.862853512167930603e-02 2.699297294020652771e-02 3.876869380474090576e-02 3.292103356216102839e-04 8.310609264299273491e-04 2.370762825012207031e-02 6.284955423325300217e-03 7.235817145556211472e-03 1.930926926434040070e-02 4.046492103952914476e-04 3.600281197577714920e-03 8.715036325156688690e-03 6.521444767713546753e-02 1.301812380552291870e-02 5.269914120435714722e-02 3.190933540463447571e-02
5.240755900740623474e-02 4.908385500311851501e-02 1.027802079916000366e-01 6.578282918781042099e-03 1.275613205507397652e-03 7.251625508069992065e-02 2.398492395877838135e-02 1.656308323144912720e-01 3.410251066088676453e-02 7.061748951673507690e-02 7.858264446258544922e-02 1.841367571614682674e-03 7.870308309793472290e-02 4.600562900304794312e-02 1.266141794621944427e-02 4.879686608910560608e-02 3.004540922120213509e-03 5.325677990913391113e-02 7.589037995785474777e-03 1.950084976851940155e-02 4.591348767280578613e-02 4.728077724575996399e-02 1.717683975584805012e-03 4.459784179925918579e-02 3.284713625907897949e-02 1.245864480733871460e-02 2.992567420005798340e-02 1.376295238733291626e-01 7.403804920613765717e-03 6.611785292625427246e-02 2.195224352180957794e-02 3.095610439777374268e-02 1.225137803703546524e-02 3.436351940035820007e-02 6.689819693565368652e-02 1.317991130053997040e-02 1.471370086073875427e-02 2.773792110383510590e-02 1.016469765454530716e-02 3.661280125379562378e-02 1.464345753192901611e-01 7.729362696409225464e-02 2.216195687651634216e-02 6.156207621097564697e-02 3.564462438225746155e-02 1.570341177284717560e-02 1.115518249571323395e-02 1.695512980222702026e-02 6.784886866807937622e-02 1.098796725273132324e-02 4.184717312455177307e-02 5.926844850182533264e-02 3.362056240439414978e-02 3.378977254033088684e-02 1.788648031651973724e-02 8.642723411321640015e-02 6.187251210212707520e-02 3.550178557634353638e-02 4.525712877511978149e-02 2.285697124898433685e-02 3.297502920031547546e-02 3.390866518020629883e-02 1.373186148703098297e-02 2.597004733979701996e-02 1.218575704842805862e-02 3.161660581827163696e-02 5.741374939680099487e-02 2.860296517610549927e-02 4.782794043421745300e-02 1.660891436040401459e-02 4.317118600010871887e-02 2.235374599695205688e-02 8.811323344707489014e-02 3.485662490129470825e-02 4.248249903321266174e-02 7.532279938459396362e-02 3.170732641592621803e-03 4.356588050723075867e-02 5.211503431200981140e-02 2.227126620709896088e-02 1.764538884162902832e-01 1.538623217493295670e-02 2.036686055362224579e-03 4.067148547619581223e-03 1.218177303671836853e-01 1.498914659023284912e-01 7.927993312478065491e-03 2.209038659930229187e-02 5.190802738070487976e-02 3.007483668625354767e-02 5.112837255001068115e-02 5.485589429736137390e-02 2.668214030563831329e-02 4.801984503865242004e-02 1.798375137150287628e-02 1.054479088634252548e-02 2.504304796457290649e-02 2.495977841317653656e-02 2.033768594264984131e-02 2.525954134762287140e-02 2.366129495203495026e-02 6.512559950351715088e-02 2.358966507017612457e-02 4.467052966356277466e-02 4.360934719443321228e-02 5.726452916860580444e-02 3.128059208393096924e-02 3.446909040212631226e-02 1.002033706754446030e-02 8.991717360913753510e-03 5.196890560910105705e-04 2.785624749958515167e-02 5.984707921743392944e-02 2.961362712085247040e-02 2.015777677297592163e-02 3.720908239483833313e-02
2.949915826320648193e-02 4.255220293998718262e-02 6.578282918781042099e-03 1.247041597962379456e-01 1.800713688135147095e-01 6.676673889160156250e-02 3.062029555439949036e-02 9.598340094089508057e-02 4.965293034911155701e-02 3.363304957747459412e-02 4.894502926617860794e-04 5.736799538135528564e-02 8.888514712452888489e-03 2.820196375250816345e-02 2.287706173956394196e-02 2.483398653566837311e-02 3.092944389209151268e-03 5.532786995172500610e-02 5.222492665052413940e-02 4.045105725526809692e-02 1.135790906846523285e-02 2.096910402178764343e-02 4.993654042482376099e-02 5.376132950186729431e-02 2.486814744770526886e-02 8.797505870461463928e-03 5.513156577944755554e-02 5.967400502413511276e-03 1.969276554882526398e-02 8.804311603307723999e-02 6.251344829797744751e-02 1.839198358356952667e-02 1.074813120067119598e-02 4.446319770067930222e-03 4.061156138777732849e-02 9.535325691103935242e-03 3.585992008447647095e-02 3.648117929697036743e-02 6.882531102746725082e-03 2.489211969077587128e-02 1.106959884054958820e-03 1.609976752661168575e-03 4.129574447870254517e-02 7.094898819923400879e-02 4.065670818090438843e-02 7.938737049698829651e-03 4.310471937060356140e-02 3.238379955291748047e-03 7.590165734291076660e-02 3.820184990763664246e-02 2.387676574289798737e-02 1.421905681490898132e-02 9.019694291055202484e-03 4.781290143728256226e-02 7.430717814713716507e-03 4.881478101015090942e-02 1.214888994581997395e-03 1.151582226157188416e-02 2.075821347534656525e-02 2.200551703572273254e-02 7.786665856838226318e-02 3.110543265938758850e-02 2.128678373992443085e-02 3.739029914140701294e-02 5.548931192606687546e-03 2.012927550822496414e-03 2.145786210894584656e-02 7.591506838798522949e-02 7.394543290138244629e-02 4.524409025907516479e-02 8.477206528186798096e-02 2.347465977072715759e-02 1.101265549659729004e-01 6.169348955154418945e-02 9.324682503938674927e-02 6.362134218215942383e-02 1.433603838086128235e-02 7.992886006832122803e-02 9.928734041750431061e-03 3.112383559346199036e-02 2.727648243308067322e-02 1.191224064677953720e-02 1.047381535172462463e-01 5.506147444248199463e-02 2.221717312932014465e-02 3.931244835257530212e-02 2.568894252181053162e-02 1.900235749781131744e-02 7.758180052042007446e-02 7.796656340360641479e-02 2.350264973938465118e-02 9.708712808787822723e-03 2.884237840771675110e-02 2.172905206680297852e-02 1.515174191445112228e-02 8.099623955786228180e-03 1.923088543117046356e-02 3.226543590426445007e-02 3.801580891013145447e-02 4.384091123938560486e-02 2.037052996456623077e-02 2.182657085359096527e-02 1.288134045898914337e-02 2.053765580058097839e-03 7.525277324020862579e-03 4.839142784476280212e-03 4.205860942602157593e-02 3.089290484786033630e-02 7.773957680910825729e-03 1.288388296961784363e-02 6.637648493051528931e-02 4.888252913951873779e-02 1.035199686884880066e-02 5.609547719359397888e-02 2.982588298618793488e-02 2.489702589809894562e-02
3.052980639040470123e-02 3.705845400691032410e-02 1.275613205507397652e-03 1.800713688135147095e-01 1.033973172307014465e-01 2.359234727919101715e-02 1.014475524425506592e-02 6.447786092758178711e-02 3.494384512305259705e-02 1.577221992192789912e-04 1.038967724889516830e-02 2.743878774344921112e-02 4.144597798585891724e-03 1.749328896403312683e-02 5.821007769554853439e-03 8.809503167867660522e-03 4.364196211099624634e-03 5.753332376480102539e-02 6.973675638437271118e-02 2.240307070314884186e-02 3.245155885815620422e-02 2.983779273927211761e-02 1.274982234463095665e-03 2.661088667809963226e-02 3.348619118332862854e-02 4.119908064603805542e-02 4.631842300295829773e-02 3.069031797349452972e-02 2.516405365895479918e-04 6.405678577721118927e-03 2.087097242474555969e-02 3.030723659321665764e-03 1.759214326739311218e-02 6.839200388640165329e-03 2.097482793033123016e-02 3.724233433604240417e-02 2.005046792328357697e-02 8.796021342277526855e-03 1.745638437569141388e-02 7.471837569028139114e-03 4.424126446247100830e-02 4.313084483146667480e-02 2.438641339540481567e-02 1.364361261948943138e-03 2.789640985429286957e-02 3.413549810647964478e-02 3.537989407777786255e-02 9.504716843366622925e-03 4.407410323619842529e-02 2.744905417785048485e-03 3.361103683710098267e-02 3.902866318821907043e-02 4.014911502599716187e-02 8.014365099370479584e-03 5.318024009466171265e-02 1.597092300653457642e-02 3.683915361762046814e-02 9.136050939559936523e-03 4.823154304176568985e-03 1.564556732773780823e-03 1.259703636169433594e-01 8.873015642166137695e-02 1.407536212354898453e-02 5.913893505930900574e-02 1.883077807724475861e-02 9.635766036808490753e-03 5.421256273984909058e-02 9.853256866335868835e-03 8.473090082406997681e-02 3.080892935395240784e-02 6.906925141811370850e-02 2.365348488092422485e-02 1.648301817476749420e-02 1.787385903298854828e-02 4.391669854521751404e-02 6.181888654828071594e-02 2.248374279588460922e-03 4.552892968058586121e-02 3.286978462710976601e-03 7.233947049826383591e-03 2.348295785486698151e-02 2.279159612953662872e-03 5.510909482836723328e-02 1.022196039557456970e-01 6.501866300823166966e-05 3.290939703583717346e-02 1.433896087110042572e-02 2.027763053774833679e-02 3.769364580512046814e-02 1.755860634148120880e-02 1.160163339227437973e-02 4.749833140522241592e-03 1.264160219579935074e-02 3.600676357746124268e-02 4.801775515079498291e-02 1.212878152728080750e-03 1.610662974417209625e-02 8.046682178974151611e-02 2.248161938041448593e-03 4.452218301594257355e-03 1.577788032591342926e-02 1.936977729201316833e-02 5.161364749073982239e-02 4.901265725493431091e-02 1.863680547103285789e-03 1.507433038204908371e-02 3.612557426095008850e-02 6.383411586284637451e-02 3.805405646562576294e-02 3.306565806269645691e-02 5.964938923716545105e-02 4.205894097685813904e-02 2.052287757396697998e-02 6.452879309654235840e-02 6.223214417695999146e-02 5.666049197316169739e-02
1.868283450603485107e-01 1.730866730213165283e-01 7.251625508069992065e-02 6.676673889160156250e-02 2.359234727919101715e-02 1.424299180507659912e-01 1.818445920944213867e-01 3.701970353722572327e-02 2.532225474715232849e-02 3.930231556296348572e-02 8.297650516033172607e-02 8.849730342626571655e-02 1.063765585422515869e-01 7.944409549236297607e-02 6.443318724632263184e-02 4.350565001368522644e-02 6.086767092347145081e-02 1.911107636988162994e-02 9.938995353877544403e-03 9.835427999496459961e-02 5.943375290371477604e-04 3.305841982364654541e-02 2.254471182823181152e-02 5.746148526668548584e-02 5.318111553788185120e-02 5.741908401250839233e-02 7.834843359887599945e-03 6.445910781621932983e-02 1.620844379067420959e-02 2.064043469727039337e-02 1.880491035990417004e-03 2.539039775729179382e-02 6.172331422567367554e-02 2.466324903070926666e-02 3.687755018472671509e-02 2.528539486229419708e-02 8.481754921376705170e-03 1.273637637495994568e-02 3.157580271363258362e-02 2.590654976665973663e-02 1.735821180045604706e-02 6.295559555292129517e-02 2.550550736486911774e-02 5.971301812678575516e-03 9.154127910733222961e-03 3.673505038022994995e-02 1.107086688280105591e-01 1.260370016098022461e-01 1.326427143067121506e-02 6.968065164983272552e-03 2.715859003365039825e-02 1.305846404284238815e-02 1.030799280852079391e-02 2.491663023829460144e-02 2.945566922426223755e-02 3.315818309783935547e-02 4.401263222098350525e-02 6.138094235211610794e-03 2.088597975671291351e-02 3.663374111056327820e-02 2.990793250501155853e-02 4.752153530716896057e-02 8.645559661090373993e-03 1.991084218025207520e-02 5.070689599961042404e-03 6.629277020692825317e-03 9.330176562070846558e-02 4.493546858429908752e-02 1.100373454391956329e-02 5.427901167422533035e-03 2.584142982959747314e-02 2.740797959268093109e-02 2.265043929219245911e-02 2.707103081047534943e-02 2.971389330923557281e-02 3.256693854928016663e-02 5.021420493721961975e-02 2.520881593227386475e-03 4.081548750400543213e-02 1.761132851243019104e-02 3.127563977614045143e-03 4.687449708580970764e-02 2.319100499153137207e-02 2.050577662885189056e-03 2.279120869934558868e-02 5.078004323877394199e-04 1.819507032632827759e-02 1.077345944941043854e-02 4.984497651457786560e-02 3.333921730518341064e-02 6.647928059101104736e-02 2.920114435255527496e-02 8.062802255153656006e-02 2.172813378274440765e-02 5.069828778505325317e-02 3.112244233489036560e-02 1.373317558318376541e-02 1.174633949995040894e-02 2.154932543635368347e-02 4.316616430878639221e-02 2.775636874139308929e-02 4.606337472796440125e-02 1.977441459894180298e-02 2.848386997357010841e-03 8.518664166331291199e-03 1.823245175182819366e-02 3.022476844489574432e-02 7.536238059401512146e-03 1.742221787571907043e-02 4.958042874932289124e-02 1.810840144753456116e-02 3.197215730324387550e-03 4.647349193692207336e-02 5.202712118625640869e-02 2.493680454790592194e-02 2.686553634703159332e-02
1.195020899176597595e-01 1.371801495552062988e-01 2.398492395877838135e-02 3.062029555439949036e-02 1.014475524425506592e-02 1.818445920944213867e-01 1.143309548497200012e-01 5.676146224141120911e-02 2.224489673972129822e-02 2.191797643899917603e-02 3.967398777604103088e-02 9.265674278140068054e-03 6.152386963367462158e-02 6.277868896722793579e-02 4.380969330668449402e-02 7.509162276983261108e-02 6.391858309507369995e-02 4.691577702760696411e-02 1.953324489295482635e-02 3.384771198034286499e-02 9.060127660632133484e-03 3.049844875931739807e-02 3.789707645773887634e-02 4.986955225467681885e-02 1.157518848776817322e-02 1.474969182163476944e-02 5.000882223248481750e-02 3.130534663796424866e-02 1.194110605865716934e-02 3.540146723389625549e-02 1.059182453900575638e-02 4.293339326977729797e-02 3.044074401259422302e-02 3.464227542281150818e-02 2.339124307036399841e-02 5.122851952910423279e-02 4.616636782884597778e-02 6.940565072000026703e-03 3.704439150169491768e-03 1.105979923158884048e-02 3.817848861217498779e-02 7.554208487272262573e-02 2.467908710241317749e-02 3.510086331516504288e-03 4.300916939973831177e-02 3.900067415088415146e-03 6.371241807937622070e-02 7.758495211601257324e-02 3.524806350469589233e-02 3.131652623414993286e-02 7.896519382484257221e-04 8.829790167510509491e-03 2.301479503512382507e-02 1.163194607943296432e-02 3.985426947474479675e-02 4.355917498469352722e-02 2.843006514012813568e-04 4.307434707880020142e-02 3.683582413941621780e-03 4.333756223786622286e-04 3.150355070829391479e-02 3.971744328737258911e-02 2.287865802645683289e-02 2.131998538970947266e-02 7.504225941374897957e-04 1.011893339455127716e-02 7.380269467830657959e-02 7.664939016103744507e-02 1.280484069138765335e-02 3.126196935772895813e-02 9.115927241509780288e-06 6.913899909704923630e-03 1.030030008405447006e-02 2.629546076059341431e-02 1.369153149425983429e-02 2.376333065330982208e-02 4.683769866824150085e-02 3.832937031984329224e-02 2.270054072141647339e-02 1.833817362785339355e-02 1.850675046443939209e-02 2.519092895090579987e-02 1.611297577619552612e-02 4.697204276453703642e-04 4.231481254100799561e-02 1.173771545290946960e-02 1.502752676606178284e-02 9.250215254724025726e-03 1.203987840563058853e-02 7.131290435791015625e-02 1.401964761316776276e-02 2.793284691870212555e-02 2.241912297904491425e-02 2.179597504436969757e-02 1.610711961984634399e-02 5.190942436456680298e-02 7.995823980309069157e-04 8.598863147199153900e-03 4.213495925068855286e-02 2.583899348974227905e-02 2.459624595940113068e-02 2.663643285632133484e-02 1.440638769418001175e-02 5.792608484625816345e-03 2.561273053288459778e-02 1.341364905238151550e-02 6.505312398076057434e-03 3.696257248520851135e-02 1.066749915480613708e-02 7.701597642153501511e-03 4.896504804491996765e-02 2.284759283065795898e-02 4.883242025971412659e-02 9.930217638611793518e-03 1.766541227698326111e-02 9.798629209399223328e-03
7.464770227670669556e-02 1.929578953422605991e-03 1.656308323144912720e-01 9.598340094089508057e-02 6.447786092758178711e-02 3.701970353722572327e-02 5.676146224141120911e-02 7.897423952817916870e-02 1.077643129974603653e-02 2.518212981522083282e-02 5.524924024939537048e-02 3.361063078045845032e-02 2.988731488585472107e-03 6.530493497848510742e-02 7.164143770933151245e-02 4.689405485987663269e-02 5.645896494388580322e-02 1.036817766726016998e-02 6.187557708472013474e-03 4.898617416620254517e-02 1.704825460910797119e-02 2.673675492405891418e-02 3.334489092230796814e-02 5.907318368554115295e-02 3.397449851036071777e-02 2.612617053091526031e-02 3.536992520093917847e-02 4.257069900631904602e-03 3.136636316776275635e-02 5.266319587826728821e-02 1.534213870763778687e-02 6.070177257061004639e-02 7.764184474945068359e-02 2.315245103091001511e-03 1.103667989373207092e-01 3.113412857055664062e-02 4.279918968677520752e-02 6.031866744160652161e-02 5.267673730850219727e-02 6.642518192529678345e-02 4.205426946282386780e-02 2.166894823312759399e-02 4.386112838983535767e-02 5.057615041732788086e-02 4.308640211820602417e-02 6.727133877575397491e-03 3.458400443196296692e-02 5.660922825336456299e-02 2.146952413022518158e-02 3.741908818483352661e-02 5.192121490836143494e-03 2.423113770782947540e-02 5.702045746147632599e-03 5.959258880466222763e-03 1.968947937712073326e-03 3.213285282254219055e-02 1.612037979066371918e-02 5.130837485194206238e-02 1.297543570399284363e-02 2.185503579676151276e-02 7.231321930885314941e-02 3.847220912575721741e-02 1.242574583739042282e-02 8.976647630333900452e-03 2.325729653239250183e-02 6.394380331039428711e-02 6.543714553117752075e-02 9.548870474100112915e-02 7.447050511837005615e-02 3.754403069615364075e-02 3.634494915604591370e-02 2.214757725596427917e-03 3.163878619670867920e-02 3.750590607523918152e-02 1.131943333894014359e-02 7.382181286811828613e-02 2.982377633452415466e-02 2.854514122009277344e-02 4.218167439103126526e-02 3.125933185219764709e-02 2.099406719207763672e-01 1.266892701387405396e-01 4.459331929683685303e-02 7.185787428170442581e-03 1.635822001844644547e-03 5.597573518753051758e-02 1.035500019788742065e-01 2.613944374024868011e-02 1.074735000729560852e-01 5.379278212785720825e-03 3.967854380607604980e-02 7.695744279772043228e-03 2.504062466323375702e-02 1.224262989126145840e-03 4.896415024995803833e-02 2.549288794398307800e-02 4.000075161457061768e-02 1.751945912837982178e-02 2.993927896022796631e-02 6.275754421949386597e-03 3.551280498504638672e-02 5.993441492319107056e-02 2.823449671268463135e-03 4.493745416402816772e-02 5.737682804465293884e-02 8.337447792291641235e-02 2.648957073688507080e-02 2.377990633249282837e-02 3.043155372142791748e-02 2.869798056781291962e-02 4.290881752967834473e-02 5.268735066056251526e-02 4.037329182028770447e-02 1.773623190820217133e-02 7.019080966711044312e-02 8.591117337346076965e-03
6.254923343658447266e-02 2.482838369905948639e-02 3.410251066088676453e-02 4.965293034911155701e-02 3.494384512305259705e-02 2.532225474715232849e-02 2.224489673972129822e-02 1.077643129974603653e-02 9.959406405687332153e-02 7.913474738597869873e-02 9.185027331113815308e-03 2.904879860579967499e-02 7.557133212685585022e-03 2.772846631705760956e-02 1.773256435990333557e-02 4.815768823027610779e-02 4.888306185603141785e-02 5.698416754603385925e-02 7.306869328022003174e-02 1.473200414329767227e-02 1.468721311539411545e-02 3.936087340116500854e-02 5.123429000377655029e-02 1.261942274868488312e-02 1.004550792276859283e-02 5.456510186195373535e-02 5.915468558669090271e-03 1.351433899253606796e-02 4.131202772259712219e-02 1.891082338988780975e-02 1.041812635958194733e-02 2.071431651711463928e-02 2.062818408012390137e-02 1.874002255499362946e-02 4.021923989057540894e-02 1.348208822309970856e-02 2.174220513552427292e-03 1.890060608275234699e-03 1.300494652241468430e-02 1.180913206189870834e-02 1.418805588036775589e-02 1.218879967927932739e-02 2.095715142786502838e-02 2.848953939974308014e-02 2.981945639476180077e-03 1.830082945525646210e-02 2.910480275750160217e-02 1.535866409540176392e-02 2.673280239105224609e-02 1.876972243189811707e-02 1.270502060651779175e-02 1.627088896930217743e-02 1.307367812842130661e-02 1.402780413627624512e-02 1.127156428992748260e-02 2.029921486973762512e-02 6.101023778319358826e-02 3.049682825803756714e-03 6.407882552593946457e-03 1.974161714315414429e-02 7.649946957826614380e-03 4.099439363926649094e-03 5.742482375353574753e-03 3.553139418363571167e-02 2.900101430714130402e-02 1.636260561645030975e-02 7.595788687467575073e-03 6.367898732423782349e-02 6.254678126424551010e-03 2.219132333993911743e-02 1.202936470508575439e-02 2.324414253234863281e-02 5.244676396250724792e-02 2.433818997815251350e-03 4.298272728919982910e-02 1.537269260734319687e-02 8.616890758275985718e-02 3.125662729144096375e-02 7.639656960964202881e-02 3.966543450951576233e-02 2.992660272866487503e-03 1.890890486538410187e-02 3.862402960658073425e-02 4.311129823327064514e-02 4.205728322267532349e-02 4.709751904010772705e-02 1.953938417136669159e-02 4.221257567405700684e-02 2.232625894248485565e-02 2.450787648558616638e-02 1.942689530551433563e-02 1.891927979886531830e-02 4.628604277968406677e-02 1.368080824613571167e-02 2.281341515481472015e-02 1.672877185046672821e-02 2.674169652163982391e-02 2.791257202625274658e-02 4.646912217140197754e-02 1.986472494900226593e-02 5.102097615599632263e-02 3.281032294034957886e-02 4.411025717854499817e-02 5.116716027259826660e-03 8.537945337593555450e-03 2.158078551292419434e-02 6.519873440265655518e-02 8.689291775226593018e-03 3.925612568855285645e-02 5.252199992537498474e-02 3.493670746684074402e-02 1.959245838224887848e-02 2.802633494138717651e-02 1.131909992545843124e-02 1.559406798332929611e-02 4.250741912983357906e-04
4.463807865977287292e-02 7.191365584731101990e-03 7.061748951673507690e-02 3.363304957747459412e-02 1.577221992192789912e-04 3.930231556296348572e-02 2.191797643899917603e-02 2.518212981522083282e-02 7.913474738597869873e-02 1.247037872672080994e-01 9.720832109451293945e-03 2.498314157128334045e-02 4.304875060915946960e-02 1.576135121285915375e-02 3.514654701575636864e-03 5.966036766767501831e-02 6.418504565954208374e-02 2.579616382718086243e-02 9.337684512138366699e-02 3.737024217844009399e-02 6.331034004688262939e-02 4.109402000904083252e-02 4.921525716781616211e-02 5.284823104739189148e-02 4.096392914652824402e-02 3.326977370306849480e-03 8.260702015832066536e-04 1.188132166862487793e-02 2.999532781541347504e-02 6.202420627232640982e-05 1.092200819402933121e-02 1.594176329672336578e-02 3.669599071145057678e-02 4.244145937263965607e-03 5.439168214797973633e-02 1.640790724195539951e-03 1.034149550832808018e-03 3.328081965446472168e-02 2.933923900127410889e-02 2.574191801249980927e-02 2.153169130906462669e-03 4.912582412362098694e-02 2.638500928878784180e-02 4.125237930566072464e-03 3.390391543507575989e-02 4.336725920438766479e-02 3.490504994988441467e-02 1.265482511371374130e-02 6.488910317420959473e-02 6.211642920970916748e-02 2.465210563968867064e-04 1.344020105898380280e-02 1.180117134936153889e-03 3.447337448596954346e-02 2.750978246331214905e-02 7.598148286342620850e-02 2.672467380762100220e-02 1.237544510513544083e-02 1.945917308330535889e-02 1.621034555137157440e-02 2.282627113163471222e-02 4.953058063983917236e-02 2.456036396324634552e-02 9.393996559083461761e-03 3.035941626876592636e-03 6.776919472031295300e-04 2.591917291283607483e-02 3.259972110390663147e-02 9.860876947641372681e-03 3.544865874573588371e-03 5.105964839458465576e-02 2.236903877928853035e-03 6.902961432933807373e-02 2.970565669238567352e-02 2.075883932411670685e-02 2.343039214611053467e-02 1.304619293659925461e-02 1.363344937562942505e-01 4.211129155009984970e-03 7.980608940124511719e-02 5.055010318756103516e-02 6.750844884663820267e-03 4.333104938268661499e-02 7.693339139223098755e-02 4.188181459903717041e-02 9.280504286289215088e-02 9.553083218634128571e-03 2.334361150860786438e-02 2.169075235724449158e-02 4.933231696486473083e-02 3.790915757417678833e-02 5.158979911357164383e-03 1.796414516866207123e-02 9.682996198534965515e-03 4.428885132074356079e-02 1.914365775883197784e-02 3.659031540155410767e-02 1.536604668945074081e-02 3.251053020358085632e-02 3.831885010004043579e-02 2.375401742756366730e-02 2.235389500856399536e-02 1.393243018537759781e-02 2.599802799522876740e-02 7.925184443593025208e-03 4.460171610116958618e-02 2.312847785651683807e-02 1.347017288208007812e-02 1.966977678239345551e-02 3.287743031978607178e-02 3.149046748876571655e-02 1.117538101971149445e-02 2.958528138697147369e-02 8.618902415037155151e-02 3.456300124526023865e-02 2.206991054117679596e-02
7.433163374662399292e-02 8.617258816957473755e-02 7.858264446258544922e-02 4.894502926617860794e-04 1.038967724889516830e-02 8.297650516033172607e-02 3.967398777604103088e-02 5.524924024939537048e-02 9.185027331113815308e-03 9.720832109451293945e-03 1.377361118793487549e-01 2.526262402534484863e-02 9.971310198307037354e-02 2.895280718803405762e-02 4.982828721404075623e-02 1.337013300508260727e-02 2.985711023211479187e-02 1.560575794428586960e-03 1.664174161851406097e-02 4.524260386824607849e-02 2.678057365119457245e-02 3.067379631102085114e-02 5.264070816338062286e-03 1.243608817458152771e-02 1.783442683517932892e-02 3.897827118635177612e-02 1.623598672449588776e-02 2.333795651793479919e-02 4.880352690815925598e-02 1.650818064808845520e-02 4.254307970404624939e-02 2.633126825094223022e-02 2.716729603707790375e-02 1.552653964608907700e-02 4.122982919216156006e-02 6.960954051464796066e-03 3.757621347904205322e-02 1.842160709202289581e-02 1.378743909299373627e-02 2.387565746903419495e-02 2.573283202946186066e-02 2.173087000846862793e-02 1.689825952053070068e-02 6.043227389454841614e-02 1.674103364348411560e-02 5.281282216310501099e-02 8.760379254817962646e-02 7.434531301259994507e-02 2.135374955832958221e-02 3.511373884975910187e-03 2.947452664375305176e-02 4.330964386463165283e-02 2.065087296068668365e-02 2.970186993479728699e-02 1.917535811662673950e-02 7.886992767453193665e-03 7.601115386933088303e-03 2.452330291271209717e-02 8.506972342729568481e-03 2.787614427506923676e-02 3.068537265062332153e-02 3.182497620582580566e-02 2.140257880091667175e-02 6.470163352787494659e-04 2.729117311537265778e-02 3.292554616928100586e-02 3.209816664457321167e-02 2.627365291118621826e-02 1.950949616730213165e-02 3.150007687509059906e-03 2.723925048485398293e-03 9.590723551809787750e-03 5.287551134824752808e-02 9.477001614868640900e-03 2.515402808785438538e-02 2.193843014538288116e-02 3.189216554164886475e-02 9.932530112564563751e-03 1.820915564894676208e-02 2.045968361198902130e-02 3.566042706370353699e-02 2.034700661897659302e-02 2.357043558731675148e-03 1.052864827215671539e-02 7.103247568011283875e-03 1.853528618812561035e-02 1.706948131322860718e-02 1.199093088507652283e-02 5.264534428715705872e-02 2.373614348471164703e-02 7.544533163309097290e-02 6.515393033623695374e-03 7.170952856540679932e-02 9.900493314489722252e-04 1.960362680256366730e-02 6.614580750465393066e-03 1.458512269891798496e-03 1.679132506251335144e-02 1.750481501221656799e-02 1.140701677650213242e-02 1.273023523390293121e-02 6.077684927731752396e-03 2.465961314737796783e-02 8.653883822262287140e-03 3.353876620531082153e-02 3.396533802151679993e-02 2.375388145446777344e-02 2.724597044289112091e-02 3.825384378433227539e-02 1.273580361157655716e-02 2.404816821217536926e-02 1.279485598206520081e-02 1.761067844927310944e-02 2.135778777301311493e-02 4.316306859254837036e-02 6.034239754080772400e-02
2.830134704709053040e-02 9.464325010776519775e-02 1.841367571614682674e-03 5.736799538135528564e-02 2.743878774344921112e-02 8.849730342626571655e-02 9.265674278140068054e-03 3.361063078045845032e-02 2.904879860579967499e-02 2.498314157128334045e-02 2.526262402534484863e-02 1.621281057596206665e-01 1.126417983323335648e-02 3.715830147266387939e-01 3.374372050166130066e-02 5.436073988676071167e-02 4.085057973861694336e-02 8.796480484306812286e-03 7.626715302467346191e-02 2.647160552442073822e-02 6.042750924825668335e-02 8.736869320273399353e-03 3.676034882664680481e-02 5.532965809106826782e-02 5.588676780462265015e-02 5.121259018778800964e-02 3.208595514297485352e-02 1.820204704999923706e-01 2.153792046010494232e-02 1.860817968845367432e-01 3.140038251876831055e-02 1.157215051352977753e-02 9.046263247728347778e-02 2.555583044886589050e-02 3.817213326692581177e-02 3.423286974430084229e-02 2.126190997660160065e-02 1.638866961002349854e-02 6.846765428781509399e-02 2.862155809998512268e-02 6.291099358350038528e-03 6.883942987769842148e-03 6.476525962352752686e-02 1.167046185582876205e-02 1.785605251789093018e-01 1.429066210985183716e-01 3.925048932433128357e-02 7.812679745256900787e-03 7.327562198042869568e-03 6.525436788797378540e-02 4.036301746964454651e-03 7.685853634029626846e-03 1.931045018136501312e-02 3.307988122105598450e-02 2.269167453050613403e-02 3.693691268563270569e-02 8.909863419830799103e-03 1.345230732113122940e-03 4.218124598264694214e-02 2.802632562816143036e-02 2.321563661098480225e-02 3.787234798073768616e-02 9.624946862459182739e-02 6.605883245356380939e-04 1.091732061468064785e-03 1.377636566758155823e-02 3.266665339469909668e-02 4.364242032170295715e-02 1.782556792022660375e-04 2.499271556735038757e-02 4.170224815607070923e-02 1.599102542968466878e-04 6.696337461471557617e-02 1.185359433293342590e-02 2.475635334849357605e-02 1.013651769608259201e-02 7.507157325744628906e-02 3.510271012783050537e-02 5.324713513255119324e-02 8.566008508205413818e-02 4.135271161794662476e-02 2.446288429200649261e-02 4.778279457241296768e-03 4.335278645157814026e-02 5.155364051461219788e-02 2.041199989616870880e-02 9.159111417829990387e-03 2.346044033765792847e-02 1.227648649364709854e-02 4.559835791587829590e-02 3.139802068471908569e-02 8.042806759476661682e-03 4.333069920539855957e-02 3.264555707573890686e-02 6.248718127608299255e-02 5.131036415696144104e-02 6.657671183347702026e-02 1.554402336478233337e-02 2.686148695647716522e-02 2.340463735163211823e-02 2.710806392133235931e-02 4.821630939841270447e-02 2.489642065484076738e-04 1.665992103517055511e-02 3.465062379837036133e-02 1.479585468769073486e-02 1.120668835937976837e-02 2.613015938550233841e-03 4.620661959052085876e-02 6.777618080377578735e-03 2.851440571248531342e-02 2.554546296596527100e-02 5.367252603173255920e-02 2.443721890449523926e-02 6.563435494899749756e-02 2.713025547564029694e-02
7.746476680040359497e-02 1.112614125013351440e-01 7.870308309793472290e-02 8.888514712452888489e-03 4.144597798585891724e-03 1.063765585422515869e-01 6.152386963367462158e-02 2.988731488585472107e-03 7.557133212685585022e-03 4.304875060915946960e-02 9.971310198307037354e-02 1.126417983323335648e-02 1.225584819912910461e-01 1.807371154427528381e-02 4.296229779720306396e-02 1.099832728505134583e-02 2.172884345054626465e-02 2.747531980276107788e-02 4.735776688903570175e-03 7.960487157106399536e-03 4.682388156652450562e-03 4.422427341341972351e-02 3.667649626731872559e-02 4.228612035512924194e-02 2.889244817197322845e-02 1.524490304291248322e-02 3.137786872684955597e-03 1.838885014876723289e-03 1.796790771186351776e-02 3.977164626121520996e-02 2.973441220819950104e-02 3.599992394447326660e-02 5.806148983538150787e-03 2.890335395932197571e-02 2.848681807518005371e-02 3.155279532074928284e-02 3.372771199792623520e-03 1.021338626742362976e-02 1.293166354298591614e-02 1.265839207917451859e-02 1.164565514773130417e-02 2.793194726109504700e-02 5.179438740015029907e-03 6.890129297971725464e-02 2.535581775009632111e-02 8.340539410710334778e-03 7.120669633150100708e-02 7.151487469673156738e-02 1.560414209961891174e-02 3.172614052891731262e-02 2.843405306339263916e-02 3.496583178639411926e-02 3.652618825435638428e-02 5.997676029801368713e-02 5.695914383977651596e-03 1.693316362798213959e-02 6.439522840082645416e-03 1.847945386543869972e-03 3.223630785942077637e-02 5.106360837817192078e-02 3.601204138249158859e-03 3.757556527853012085e-02 3.855201415717601776e-03 4.043724853545427322e-03 2.171502634882926941e-02 6.740536540746688843e-02 1.496946997940540314e-02 3.130361065268516541e-02 1.156971417367458344e-02 1.003431994467973709e-02 1.971298130229115486e-03 1.225154567509889603e-02 3.805378451943397522e-02 2.257495932281017303e-02 2.696203999221324921e-02 1.514820288866758347e-02 5.963328480720520020e-02 8.820887887850403786e-04 1.434186473488807678e-02 3.036590106785297394e-02 2.126407064497470856e-02 1.629121229052543640e-02 1.568047888576984406e-02 1.853972487151622772e-02 2.532441355288028717e-02 2.310306578874588013e-02 5.554075818508863449e-03 1.832200214266777039e-02 4.700909554958343506e-02 1.931337267160415649e-02 5.826530978083610535e-02 7.727085612714290619e-03 6.127877160906791687e-02 1.845825277268886566e-02 3.186670364812016487e-03 1.514106756076216698e-03 2.252583764493465424e-02 6.809326354414224625e-03 2.028658799827098846e-02 6.137561053037643433e-03 6.567276548594236374e-03 1.026424206793308258e-02 2.006608992815017700e-02 3.596592461690306664e-03 3.680733591318130493e-02 4.793648794293403625e-02 9.991761296987533569e-03 2.431140653789043427e-02 3.468200191855430603e-02 9.076538844965398312e-04 3.652029484510421753e-02 2.185379341244697571e-02 1.000538170337677002e-01 3.122863173484802246e-02 5.738183856010437012e-02 1.818308420479297638e-02
