8.981186896562576294e-02 1.158589199185371399e-01 2.996212337166070938e-03 3.362194821238517761e-02 5.299887619912624359e-03 9.427879005670547485e-02 5.364613980054855347e-02 4.269746318459510803e-02 4.459512419998645782e-03 2.051120065152645111e-02 9.216059744358062744e-02 1.937290281057357788e-02 1.057605370879173279e-01 3.311578184366226196e-02 1.144770253449678421e-02 1.476098224520683289e-02 2.618535980582237244e-02 7.840480655431747437e-03 4.655524715781211853e-02 1.819061674177646637e-02 4.175693914294242859e-02 1.319909468293190002e-02 5.824831500649452209e-02 2.258229628205299377e-02 2.458900772035121918e-02 1.821898110210895538e-02 2.829005755484104156e-02 3.998847305774688721e-02 7.005224376916885376e-02 3.746625781059265137e-02 6.182309705764055252e-03 1.372998394072055817e-02 8.289555553346872330e-04 3.889786824584007263e-02 1.830162294209003448e-02 3.750511258840560913e-02 1.367822568863630295e-02 2.137616463005542755e-02 3.675386309623718262e-02 2.416004799306392670e-02 4.582699388265609741e-03 5.084855947643518448e-03 4.185215383768081665e-02 2.753165736794471741e-02 8.685232140123844147e-03 4.602011758834123611e-03 9.880826622247695923e-02 4.224647209048271179e-02 4.758461192250251770e-02 1.749863289296627045e-02 2.721189707517623901e-02 8.922993205487728119e-03 1.331367809325456619e-02 1.931583392433822155e-04 7.301946729421615601e-02 3.025638405233621597e-03 3.805117215961217880e-03 1.679960824549198151e-02 2.742352336645126343e-02 1.633324660360813141e-02 2.078675664961338043e-02 2.485287189483642578e-02 2.740614116191864014e-02 3.743952885270118713e-02 3.015094809234142303e-02 3.918200358748435974e-02 6.187805533409118652e-02 1.813966967165470123e-02 2.906540781259536743e-02 2.201056294143199921e-02 1.236471813172101974e-02 3.096548607572913170e-03 3.292415291070938110e-02 6.063377019017934799e-03 6.300418078899383545e-02 3.205467760562896729e-02 3.931920975446701050e-02 3.754395246505737305e-02 5.240453779697418213e-02 6.800665706396102905e-02 3.767802938818931580e-02 4.163948073983192444e-02 4.073989391326904297e-02 3.603636845946311951e-02 1.720503158867359161e-02 3.844864666461944580e-02 2.774182334542274475e-02 2.615609019994735718e-02 1.931239035911858082e-03 1.021783333271741867e-02 2.737490646541118622e-02 5.014652013778686523e-02 8.794109337031841278e-03 4.771498963236808777e-02 2.617093548178672791e-02 3.544404357671737671e-02 3.519705310463905334e-02 2.041548676788806915e-02 8.836896158754825592e-04 2.576817758381366730e-02 2.033056691288948059e-02 1.119719631969928741e-02 8.114393800497055054e-03 8.845280855894088745e-03 1.159574720077216625e-03 2.285211533308029175e-02 2.649578265845775604e-02 4.479859769344329834e-02 4.934874176979064941e-02 1.461908337660133839e-03 2.618113346397876740e-02 3.113572672009468079e-02 2.939993049949407578e-03 3.526129573583602905e-02 5.051118205301463604e-04 3.374931635335087776e-03
1.158589199185371399e-01 1.192717254161834717e-01 2.671048976480960846e-03 1.558048557490110397e-02 2.047905512154102325e-02 8.106020092964172363e-02 6.331534683704376221e-02 3.870460018515586853e-02 1.424137502908706665e-02 8.008867502212524414e-03 6.897064298391342163e-02 4.347178712487220764e-02 8.189889788627624512e-02 4.201268777251243591e-02 2.627742709591984749e-03 1.546262064948678017e-03 1.976187340915203094e-02 1.879901997745037079e-02 4.093861207365989685e-02 1.231180783361196518e-02 5.009261891245841980e-02 9.068502113223075867e-04 3.209506720304489136e-02 2.403255784884095192e-03 3.955056145787239075e-02 6.911945529282093048e-04 2.430206537246704102e-02 3.239006921648979187e-02 3.715898841619491577e-02 1.859230548143386841e-02 3.180185705423355103e-02 8.802845142781734467e-03 6.891293451189994812e-03 2.386073023080825806e-02 1.649834588170051575e-02 2.833748422563076019e-02 1.128605846315622330e-02 3.132781386375427246e-02 2.984554134309291840e-02 2.663221966940909624e-04 2.877628197893500328e-03 3.246204927563667297e-02 3.149266168475151062e-02 3.585549443960189819e-02 2.275521308183670044e-02 6.025899201631546021e-02 8.063786476850509644e-02 6.100064516067504883e-02 1.005956623703241348e-02 2.638012915849685669e-02 1.884585246443748474e-02 1.398498285561800003e-02 1.473715156316757202e-02 8.591556921601295471e-03 4.349981993436813354e-02 2.926397835835814476e-03 8.872817270457744598e-03 1.216762000694870949e-03 3.823485970497131348e-02 1.510312431491911411e-03 1.960514672100543976e-02 2.282695285975933075e-02 2.562585473060607910e-02 2.204855903983116150e-02 1.573942787945270538e-02 3.258012980222702026e-02 5.672256276011466980e-02 3.721822053194046021e-02 2.664722129702568054e-02 2.148213796317577362e-02 2.523654513061046600e-02 5.398024804890155792e-03 4.666387662291526794e-02 1.136410236358642578e-02 3.565919771790504456e-02 1.237120758742094040e-02 1.486722379922866821e-02 3.584292903542518616e-02 5.111916735768318176e-02 5.882714688777923584e-02 5.695361271500587463e-02 2.637517824769020081e-02 2.461056225001811981e-02 4.304540902376174927e-02 1.155787240713834763e-02 4.303896054625511169e-02 2.926144748926162720e-02 1.627397537231445312e-02 2.344147115945816040e-02 2.633557654917240143e-02 5.190700292587280273e-02 3.612614050507545471e-02 2.988036163151264191e-02 2.744881063699722290e-02 3.057227469980716705e-02 3.623495250940322876e-02 1.280060783028602600e-02 9.772904217243194580e-03 2.047603391110897064e-02 3.289278224110603333e-02 1.654368452727794647e-02 1.440490502864122391e-02 2.011375967413187027e-03 3.251979127526283264e-02 3.105478361248970032e-03 2.033194899559020996e-02 3.069619089365005493e-02 1.445818692445755005e-02 3.749468177556991577e-02 1.895048655569553375e-02 3.160632774233818054e-02 3.275728225708007812e-02 2.609268762171268463e-02 3.042485006153583527e-02 2.359174890443682671e-03 2.529482170939445496e-02
2.996212337166070938e-03 2.671048976480960846e-03 7.362808566540479660e-03 5.493535473942756653e-02 3.984528779983520508e-02 1.432739477604627609e-02 2.721312828361988068e-02 5.530885979533195496e-02 1.464501372538506985e-03 8.100847899913787842e-02 2.742737531661987305e-02 4.058818891644477844e-02 1.326899696141481400e-02 1.285968814045190811e-02 5.494919046759605408e-02 5.355284549295902252e-03 4.992224276065826416e-02 5.106034502387046814e-02 1.130692847073078156e-02 2.333869226276874542e-02 5.226259306073188782e-02 3.488658741116523743e-02 6.883162260055541992e-02 1.032345443964004517e-01 5.808225646615028381e-02 2.712987735867500305e-02 2.506337314844131470e-02 3.516118600964546204e-02 5.080965533852577209e-02 9.261240810155868530e-02 6.735633127391338348e-03 2.145876735448837280e-02 7.278774678707122803e-02 2.099702320992946625e-02 5.494131520390510559e-02 1.102093607187271118e-02 4.603946954011917114e-02 3.051999257877469063e-03 5.482180044054985046e-02 1.625010930001735687e-02 2.692310325801372528e-02 3.797467797994613647e-02 2.971591800451278687e-02 2.894571609795093536e-02 8.363483101129531860e-02 9.350927919149398804e-02 2.363106980919837952e-02 3.136193007230758667e-02 3.641450032591819763e-02 7.580676674842834473e-02 2.114872261881828308e-02 3.023215383291244507e-02 4.963328689336776733e-02 1.813624426722526550e-02 4.393305629491806030e-02 3.810871765017509460e-02 9.801121801137924194e-02 2.844575047492980957e-02 7.996507734060287476e-02 2.131921052932739258e-02 3.913049586117267609e-03 6.886384636163711548e-02 1.653868556022644043e-01 6.197404488921165466e-02 3.628307208418846130e-02 5.064755678176879883e-02 4.703374952077865601e-02 5.129222199320793152e-02 2.236695401370525360e-02 3.961065039038658142e-02 4.156218096613883972e-02 2.029718272387981415e-02 4.413624852895736694e-02 1.233893353492021561e-02 2.094695344567298889e-02 2.263272553682327271e-02 6.302859634160995483e-02 1.779874116182327271e-01 4.353086277842521667e-02 8.370034396648406982e-02 3.614310175180435181e-02 1.672670431435108185e-02 6.893635541200637817e-02 3.362707793712615967e-02 3.995870426297187805e-02 6.829752773046493530e-02 5.566530302166938782e-02 3.587251529097557068e-02 1.063211336731910706e-01 7.212178315967321396e-03 3.715870156884193420e-02 1.330129522830247879e-02 5.542733520269393921e-02 3.033971600234508514e-02 3.450066223740577698e-02 2.976780571043491364e-02 4.824116080999374390e-02 5.677710846066474915e-02 3.468015464022755623e-03 8.018343150615692139e-02 3.765505179762840271e-02 8.345530368387699127e-03 3.367928322404623032e-03 7.512813317589461803e-04 2.213209168985486031e-03 6.716354750096797943e-03 9.551331400871276855e-03 5.124343186616897583e-02 3.042704658582806587e-03 5.348534882068634033e-02 1.934438571333885193e-02 2.809815108776092529e-02 6.354539655148983002e-03 3.156644525006413460e-03 3.905183821916580200e-02 4.537878558039665222e-02
3.362194821238517761e-02 1.558048557490110397e-02 5.493535473942756653e-02 6.784623116254806519e-02 2.264479994773864746e-01 7.258265465497970581e-02 9.152276813983917236e-02 6.917710416018962860e-03 4.755595326423645020e-02 8.349498733878135681e-03 4.309537354856729507e-03 2.762297168374061584e-02 3.135455772280693054e-02 4.686651751399040222e-02 4.368455335497856140e-02 7.269075606018304825e-03 5.863412283360958099e-03 1.101271584630012512e-01 5.273797363042831421e-02 4.342081770300865173e-02 3.339715674519538879e-02 5.580073222517967224e-03 4.176304861903190613e-02 2.487458474934101105e-02 3.999806568026542664e-02 4.753832519054412842e-02 8.429973386228084564e-03 1.189212873578071594e-01 4.315557703375816345e-02 1.113832667469978333e-01 2.446197904646396637e-02 2.572241611778736115e-02 3.257512301206588745e-02 4.121826216578483582e-02 2.477486059069633484e-02 3.686289489269256592e-02 3.585185855627059937e-02 2.603314258158206940e-02 8.960437774658203125e-02 3.999649733304977417e-02 9.053744375705718994e-03 3.330908715724945068e-02 8.096008002758026123e-02 4.473702237010002136e-02 2.022511698305606842e-02 2.408509515225887299e-02 5.108080059289932251e-02 4.238997027277946472e-02 8.477364480495452881e-02 4.124420881271362305e-02 2.308766916394233704e-02 5.703577399253845215e-02 3.645757958292961121e-02 4.149711877107620239e-02 8.419495820999145508e-02 7.772450894117355347e-02 2.068544179201126099e-02 4.660027474164962769e-02 2.174189081415534019e-03 1.623231731355190277e-02 1.173750311136245728e-01 9.838447906076908112e-03 4.030242189764976501e-02 1.566190458834171295e-02 1.492041908204555511e-02 8.673042990267276764e-03 4.713952168822288513e-02 2.912150323390960693e-02 4.364379122853279114e-02 3.507653996348381042e-02 3.237049281597137451e-02 4.910423886030912399e-03 1.454548090696334839e-01 4.674465954303741455e-02 9.073022007942199707e-02 5.447712540626525879e-02 5.118172615766525269e-02 9.257777594029903412e-03 8.248426765203475952e-02 9.554314613342285156e-02 4.891005903482437134e-02 3.785549476742744446e-02 2.564920298755168915e-02 2.670309692621231079e-02 6.327383965253829956e-02 1.644204719923436642e-03 2.180171571671962738e-02 1.229419279843568802e-02 9.153337031602859497e-02 6.919594854116439819e-02 2.060536295175552368e-02 5.585254635661840439e-03 2.873588912189006805e-02 2.396606095135211945e-02 3.277047351002693176e-02 5.157013982534408569e-02 7.320892531424760818e-03 1.002992503345012665e-02 1.041639521718025208e-01 5.823665857315063477e-02 1.918687298893928528e-02 2.506531402468681335e-02 2.959640882909297943e-02 3.995072469115257263e-02 6.351912021636962891e-02 1.942124776542186737e-02 4.019976407289505005e-02 2.582105807960033417e-02 5.282664299011230469e-02 1.679805852472782135e-02 3.333709388971328735e-02 1.187825761735439301e-02 7.717947661876678467e-02 2.820968441665172577e-02 8.574027568101882935e-02 4.687395319342613220e-02
5.299887619912624359e-03 2.047905512154102325e-02 3.984528779983520508e-02 2.264479994773864746e-01 4.359336569905281067e-02 1.789173111319541931e-02 5.368427839130163193e-03 5.679316818714141846e-02 4.103220626711845398e-02 2.941440092399716377e-03 1.912604644894599915e-02 3.282264620065689087e-02 3.217784687876701355e-02 7.547447830438613892e-02 4.213982820510864258e-02 3.936259448528289795e-02 6.329003721475601196e-02 3.152016550302505493e-03 1.116356463171541691e-03 1.920369453728199005e-02 1.369091495871543884e-02 5.234821140766143799e-02 1.069452706724405289e-02 1.300614792853593826e-02 1.429458148777484894e-02 6.356981396675109863e-02 4.787235334515571594e-02 5.574576929211616516e-02 6.231799349188804626e-02 1.159009709954261780e-01 5.965194106101989746e-02 8.162527810782194138e-04 7.510343939065933228e-02 3.670013323426246643e-02 5.402551218867301941e-02 9.354673326015472412e-03 9.573158808052539825e-03 8.726472966372966766e-03 2.626559138298034668e-02 1.015401780605316162e-01 8.406111737713217735e-04 1.020247023552656174e-02 2.480707503855228424e-02 7.244065403938293457e-02 1.886926777660846710e-02 5.504401400685310364e-02 4.438548535108566284e-02 6.581965368241071701e-03 9.775634389370679855e-04 1.913812011480331421e-02 8.991098031401634216e-03 1.563148200511932373e-02 4.371905233711004257e-04 1.629633828997612000e-02 1.585624925792217255e-02 4.042131826281547546e-02 4.161745309829711914e-02 8.313840255141258240e-03 2.306396886706352234e-02 1.292911171913146973e-02 2.724518440663814545e-02 9.775988012552261353e-02 1.182564813643693924e-02 2.698132954537868500e-02 3.486220538616180420e-02 3.300997614860534668e-02 6.149153783917427063e-02 6.596893537789583206e-03 7.253192830830812454e-03 3.616257337853312492e-03 4.393375478684902191e-03 2.591712400317192078e-02 1.441178917884826660e-01 1.627776771783828735e-02 1.812041252851486206e-01 3.849809244275093079e-02 3.238884359598159790e-02 5.033982917666435242e-03 3.126993030309677124e-02 2.252110838890075684e-02 5.692659877240657806e-03 2.453702315688133240e-02 2.284418046474456787e-02 6.389811635017395020e-02 1.540034636855125427e-02 2.918820828199386597e-02 3.149161860346794128e-02 1.574805565178394318e-02 5.546012520790100098e-02 1.238778680562973022e-01 1.371456892229616642e-03 8.598124608397483826e-03 2.529894933104515076e-02 3.035278990864753723e-02 1.845603622496128082e-02 1.473385188728570938e-02 3.424707055091857910e-02 2.293952368199825287e-02 1.667108945548534393e-02 3.710950165987014771e-02 1.636283844709396362e-02 3.473030030727386475e-02 4.284558072686195374e-02 3.972923383116722107e-02 2.561164647340774536e-02 3.091707825660705566e-02 2.417199686169624329e-02 4.869824741035699844e-03 1.240156404674053192e-02 3.670873492956161499e-02 2.217390108853578568e-03 4.883940890431404114e-02 5.049202591180801392e-02 1.969237439334392548e-02 9.201552718877792358e-02 5.926190316677093506e-02
9.427879005670547485e-02 8.106020092964172363e-02 1.432739477604627609e-02 7.258265465497970581e-02 1.789173111319541931e-02 1.069937869906425476e-01 1.070556342601776123e-01 8.816561661660671234e-03 4.653145559132099152e-03 1.570527255535125732e-02 9.614349901676177979e-02 3.636733815073966980e-02 5.673901736736297607e-02 4.042687639594078064e-02 3.842267766594886780e-02 5.063216388225555420e-02 2.713295165449380875e-03 6.344945635646581650e-03 4.219739884138107300e-02 5.040726065635681152e-02 3.483241889625787735e-03 2.327187731862068176e-02 1.939272135496139526e-02 3.615026175975799561e-02 2.814875543117523193e-02 2.221090160310268402e-02 2.347838692367076874e-02 3.790401667356491089e-02 3.465297445654869080e-02 3.905564919114112854e-02 6.790524721145629883e-02 1.353779953205958009e-04 7.522888947278261185e-03 3.164009749889373779e-02 1.632686331868171692e-02 1.010227296501398087e-02 9.621759876608848572e-03 9.440677613019943237e-02 6.639309972524642944e-02 3.404640033841133118e-02 2.256110543385148048e-03 1.623626740183681250e-04 3.176174685359001160e-02 3.875688463449478149e-02 5.925059784203767776e-03 2.637745067477226257e-02 1.178283616900444031e-01 5.752098187804222107e-02 1.424988731741905212e-03 5.401335656642913818e-02 1.523974351584911346e-02 2.054086700081825256e-02 1.139013003557920456e-02 1.639743149280548096e-02 6.780879944562911987e-02 3.263114765286445618e-02 1.034377329051494598e-02 5.010232329368591309e-02 3.975630179047584534e-02 1.956386677920818329e-02 5.198960751295089722e-02 1.306258235126733780e-02 2.543548867106437683e-02 1.785746961832046509e-02 4.189136624336242676e-02 3.739536553621292114e-02 7.059588562697172165e-03 5.290267057716846466e-03 2.762548066675662994e-02 6.695085763931274414e-02 2.622061781585216522e-02 2.765033952891826630e-02 4.895686637610197067e-03 4.274310916662216187e-02 1.827385975047945976e-03 4.965158924460411072e-02 2.750359661877155304e-02 2.715369872748851776e-02 6.704151630401611328e-02 8.082430809736251831e-02 5.829197168350219727e-02 4.400603473186492920e-02 2.767040953040122986e-02 9.896561503410339355e-03 1.558724697679281235e-02 2.726349048316478729e-03 3.533515334129333496e-02 1.396852545440196991e-02 1.365521084517240524e-02 3.821283206343650818e-02 1.388548221439123154e-02 6.964917480945587158e-02 5.824048537760972977e-03 1.817724667489528656e-02 4.635261744260787964e-02 2.504056319594383240e-02 4.630627110600471497e-02 7.646133750677108765e-02 6.530017405748367310e-02 2.978917583823204041e-02 5.252052471041679382e-02 5.914736911654472351e-02 3.844127291813492775e-03 8.746498823165893555e-02 5.049240589141845703e-02 1.663814112544059753e-02 5.318402871489524841e-02 9.739676117897033691e-02 6.930892355740070343e-03 2.759354561567306519e-02 4.775176569819450378e-02 6.188067793846130371e-02 2.213808894157409668e-02 3.152190521359443665e-02 4.873866215348243713e-03 4.393868520855903625e-02
5.364613980054855347e-02 6.331534683704376221e-02 2.721312828361988068e-02 9.152276813983917236e-02 5.368427839130163193e-03 1.070556342601776123e-01 1.278952807188034058e-01 2.307733707129955292e-02 4.681877791881561279e-02 3.246312960982322693e-02 7.788831740617752075e-02 2.592725865542888641e-02 4.752888530492782593e-02 3.101896494626998901e-02 1.924287341535091400e-02 3.463685885071754456e-02 4.426984116435050964e-02 9.502529166638851166e-03 1.124599948525428772e-02 5.453131347894668579e-02 1.995803415775299072e-02 2.327830903232097626e-02 4.728012531995773315e-02 3.928257897496223450e-02 2.527572400867938995e-02 2.250801026821136475e-02 6.760172545909881592e-03 4.043262451887130737e-02 7.093171775341033936e-02 6.125740706920623779e-02 5.917173810303211212e-03 5.626228824257850647e-02 3.792304918169975281e-02 9.939556941390037537e-03 4.408049210906028748e-02 4.068661946803331375e-04 2.345130033791065216e-02 2.928297966718673706e-02 6.098290905356407166e-02 4.277715459465980530e-03 1.275951601564884186e-02 2.615345641970634460e-03 6.141409650444984436e-02 3.779622539877891541e-02 3.698413819074630737e-02 1.990546658635139465e-02 1.123384013772010803e-01 8.676911145448684692e-02 1.780483312904834747e-02 4.629063233733177185e-02 4.044617339968681335e-02 5.900459364056587219e-02 1.613672077655792236e-02 5.675467848777770996e-02 2.879764512181282043e-02 6.713582575321197510e-02 1.767244935035705566e-02 4.866972193121910095e-02 1.205668691545724869e-02 3.912374749779701233e-02 4.879548400640487671e-02 1.828313805162906647e-02 6.371812429279088974e-03 1.529710926115512848e-02 4.739493131637573242e-02 4.949167743325233459e-02 1.877270638942718506e-03 4.984108731150627136e-02 7.060750853270292282e-03 1.973829418420791626e-02 4.525619093328714371e-03 3.159431973472237587e-03 4.942586645483970642e-02 3.710530698299407959e-02 4.013447463512420654e-02 1.804201491177082062e-02 2.598918229341506958e-02 2.174951694905757904e-02 4.577414318919181824e-02 1.876735314726829529e-02 5.450022965669631958e-02 9.381834417581558228e-02 5.922035500407218933e-02 2.812072925735265017e-04 1.156049873679876328e-02 1.172582060098648071e-02 6.865388900041580200e-02 7.417947519570589066e-03 7.367693353444337845e-03 4.292856901884078979e-02 2.110353671014308929e-02 7.588044274598360062e-03 3.753840178251266479e-02 2.559120394289493561e-02 3.027429617941379547e-02 3.297486528754234314e-02 2.385521307587623596e-02 6.742896884679794312e-02 3.099065087735652924e-02 8.009073138236999512e-02 4.757254943251609802e-02 3.489689156413078308e-02 2.343523688614368439e-02 7.740818709135055542e-02 7.864757627248764038e-02 5.520066991448402405e-02 1.762165315449237823e-02 4.012461379170417786e-02 2.568779326975345612e-02 5.069204140454530716e-03 8.326870738528668880e-04 8.972325921058654785e-02 6.225617602467536926e-02 5.238269641995429993e-02 3.999331220984458923e-02 8.212769031524658203e-02
4.269746318459510803e-02 3.870460018515586853e-02 5.530885979533195496e-02 6.917710416018962860e-03 5.679316818714141846e-02 8.816561661660671234e-03 2.307733707129955292e-02 2.296084770932793617e-03 3.078225068747997284e-02 2.474301494657993317e-02 8.406818844377994537e-03 2.706963103264570236e-03 3.357177972793579102e-02 1.890486688353121281e-03 3.477379214018583298e-03 5.887855216860771179e-02 1.995556056499481201e-02 1.733047701418399811e-02 6.536132842302322388e-02 4.683736711740493774e-02 4.447595402598381042e-02 1.226196414791047573e-03 5.819569528102874756e-02 4.517149180173873901e-02 2.990831248462200165e-02 3.589899837970733643e-02 5.339379981160163879e-02 1.278202887624502182e-02 2.453245595097541809e-02 1.179211959242820740e-01 7.484144996851682663e-03 5.373698193579912186e-03 8.799683302640914917e-03 8.255423605442047119e-02 2.321427501738071442e-02 5.822949577122926712e-03 4.646975174546241760e-02 2.228106930851936340e-02 2.626533387228846550e-03 6.807846575975418091e-02 2.933745831251144409e-02 4.227410629391670227e-02 4.106577858328819275e-02 6.923946738243103027e-02 2.324066683650016785e-02 2.237268537282943726e-02 4.280875250697135925e-02 2.690432965755462646e-02 2.145442739129066467e-02 2.523552440106868744e-02 2.803208492696285248e-02 3.718183189630508423e-02 1.878636516630649567e-02 3.781761508435010910e-03 8.363685011863708496e-02 3.762176260352134705e-02 9.389603137969970703e-02 4.590118303894996643e-02 5.590654909610748291e-02 1.743342913687229156e-02 2.157261129468679428e-03 7.909913547337055206e-04 4.677155613899230957e-02 3.217811137437820435e-02 5.008859187364578247e-02 1.798513717949390411e-02 4.888854920864105225e-02 1.926232874393463135e-02 5.571641772985458374e-02 3.678796812891960144e-02 7.200592011213302612e-02 1.548092579469084740e-03 2.084239572286605835e-02 3.019373305141925812e-02 4.445211961865425110e-02 4.864545911550521851e-02 1.252588070929050446e-02 6.960840895771980286e-03 1.781830191612243652e-02 3.226129338145256042e-02 1.573666036128997803e-01 2.990804496221244335e-04 6.465963274240493774e-02 8.540935814380645752e-03 5.158358067274093628e-02 2.384928055107593536e-03 7.880502939224243164e-02 6.302049383521080017e-03 5.789071321487426758e-02 7.935248315334320068e-03 3.434437140822410583e-02 1.067892089486122131e-02 5.306926905177533627e-04 6.333431601524353027e-02 8.703154511749744415e-03 1.937961578369140625e-02 1.114736124873161316e-02 4.617285728454589844e-02 1.774208620190620422e-03 2.437821589410305023e-02 5.334540829062461853e-02 4.143017530441284180e-02 4.659846425056457520e-02 1.558226812630891800e-02 2.935873344540596008e-02 5.367896705865859985e-02 4.047809541225433350e-02 4.152262955904006958e-02 9.471149742603302002e-02 1.362590584903955460e-02 2.638933993875980377e-02 2.901328355073928833e-02 1.608053781092166901e-02 1.050914153456687927e-01 5.063956975936889648e-02 4.548108577728271484e-02
4.459512419998645782e-03 1.424137502908706665e-02 1.464501372538506985e-03 4.755595326423645020e-02 4.103220626711845398e-02 4.653145559132099152e-03 4.681877791881561279e-02 3.078225068747997284e-02 1.109921559691429138e-01 6.634837388992309570e-02 2.826365642249584198e-02 1.389658451080322266e-01 3.034899570047855377e-02 3.398540616035461426e-02 5.829135328531265259e-02 6.164736300706863403e-02 1.068081054836511612e-02 1.754315495491027832e-01 2.260835096240043640e-02 8.764721453189849854e-02 8.577915839850902557e-03 5.119135230779647827e-02 7.392188906669616699e-02 6.027668341994285583e-02 8.200185000896453857e-02 9.496665000915527344e-02 2.941694855690002441e-02 5.306037142872810364e-03 2.417613379657268524e-02 2.669313689693808556e-03 1.059419661760330200e-02 7.633956614881753922e-03 3.851874545216560364e-02 1.537737157195806503e-02 1.983120478689670563e-02 3.451172634959220886e-02 4.092699289321899414e-02 4.439331963658332825e-02 6.049890443682670593e-02 7.029390335083007812e-02 2.193109318614006042e-02 3.395850956439971924e-02 4.193706810474395752e-02 5.918291583657264709e-02 5.493067950010299683e-02 3.776374459266662598e-02 1.798099279403686523e-02 4.395282268524169922e-02 1.410415209829807281e-02 1.899735815823078156e-02 2.230098284780979156e-02 6.967340409755706787e-02 2.745352871716022491e-02 2.503615058958530426e-02 1.454027891159057617e-01 1.040219143033027649e-01 1.062824949622154236e-02 1.374944895505905151e-01 7.166052609682083130e-02 2.006570994853973389e-02 7.584747672080993652e-02 1.037514489144086838e-02 4.790666326880455017e-02 5.528794974088668823e-02 3.112681396305561066e-02 7.490736246109008789e-02 3.922800719738006592e-02 6.428285688161849976e-02 1.462631225585937500e-01 3.126990795135498047e-02 1.437004748731851578e-02 9.171622991561889648e-02 1.750159077346324921e-02 4.545375704765319824e-02 3.016859758645296097e-03 7.472608238458633423e-02 2.295433878898620605e-01 7.552913576364517212e-02 8.574694395065307617e-02 9.379693120718002319e-02 3.063623420894145966e-02 4.292570799589157104e-02 1.308398991823196411e-01 3.920422401279211044e-03 5.013477429747581482e-02 6.750219315290451050e-02 2.170683257281780243e-02 4.178963229060173035e-02 9.336182847619056702e-03 6.114370748400688171e-02 4.465358704328536987e-02 2.346424385905265808e-02 5.927867442369461060e-02 5.827428773045539856e-02 2.775186300277709961e-02 4.219705983996391296e-02 3.586972877383232117e-02 8.538044244050979614e-02 3.078766539692878723e-02 4.004888609051704407e-02 3.427162393927574158e-02 3.241116181015968323e-02 1.516742538660764694e-02 2.172871679067611694e-02 2.690597809851169586e-02 1.753619126975536346e-02 2.408823557198047638e-02 7.308928668498992920e-02 2.740399166941642761e-02 2.738516032695770264e-02 1.781814731657505035e-02 8.016850054264068604e-02 1.159174274653196335e-02 3.374642925336956978e-03 3.763152658939361572e-02 5.576189234852790833e-02
2.051120065152645111e-02 8.008867502212524414e-03 8.100847899913787842e-02 8.349498733878135681e-03 2.941440092399716377e-03 1.570527255535125732e-02 3.246312960982322693e-02 2.474301494657993317e-02 6.634837388992309570e-02 6.945517659187316895e-02 4.066247120499610901e-02 6.764058023691177368e-02 4.094288160558789968e-04 7.682959735393524170e-02 8.089302107691764832e-03 1.855527609586715698e-02 5.198048893362283707e-03 3.670361638069152832e-02 1.413712352514266968e-01 9.609428793191909790e-02 6.176441162824630737e-02 1.227567531168460846e-02 2.298545837402343750e-02 4.953752830624580383e-02 4.763399064540863037e-02 1.057465746998786926e-02 1.927194185554981232e-02 3.490839898586273193e-02 3.389483317732810974e-02 1.996337994933128357e-02 2.816095948219299316e-02 7.139173801988363266e-03 1.724407635629177094e-02 4.002867639064788818e-02 1.659929566085338593e-02 3.438160941004753113e-02 2.833454171195626259e-03 2.529991418123245239e-02 7.215306907892227173e-02 2.610140712931752205e-03 6.354651413857936859e-03 3.970880806446075439e-02 4.138357937335968018e-02 4.915331304073333740e-02 1.192875485867261887e-02 4.677179455757141113e-02 1.101617980748414993e-02 5.048614460974931717e-03 3.121041692793369293e-02 1.381767243146896362e-01 4.012384265661239624e-02 6.794875115156173706e-02 3.053013794124126434e-02 4.421087726950645447e-02 4.435828328132629395e-02 3.685522824525833130e-02 8.026873320341110229e-02 2.036173455417156219e-02 4.015189781785011292e-02 4.930854216217994690e-02 3.355919197201728821e-02 3.055506385862827301e-03 1.337459385395050049e-01 1.395023167133331299e-01 3.310499340295791626e-02 2.343296259641647339e-02 9.248195588588714600e-02 7.166551798582077026e-02 6.070604175329208374e-02 8.896362036466598511e-02 1.331805158406496048e-02 9.432506747543811798e-03 2.302927197888493538e-03 3.542430698871612549e-02 7.823457941412925720e-03 8.648962713778018951e-03 2.995037846267223358e-02 1.324383765459060669e-01 5.235684663057327271e-02 5.190987884998321533e-02 5.977194756269454956e-03 1.371189672499895096e-02 6.785160396248102188e-03 7.144152373075485229e-02 3.814806044101715088e-02 2.321304939687252045e-02 4.591801669448614120e-03 1.230762712657451630e-02 4.479711875319480896e-03 8.186269551515579224e-02 2.667395025491714478e-02 3.898802027106285095e-02 3.639116138219833374e-02 3.187918663024902344e-02 2.554352954030036926e-02 3.872149810194969177e-02 8.314388990402221680e-02 5.414630472660064697e-02 1.749529130756855011e-02 6.026653572916984558e-02 1.428044494241476059e-02 4.837171640247106552e-03 2.811057120561599731e-02 6.393986754119396210e-03 5.318177118897438049e-02 3.844527155160903931e-02 1.433109119534492493e-02 3.351852297782897949e-02 3.569839149713516235e-02 2.092078886926174164e-02 6.064681708812713623e-02 6.362783163785934448e-02 2.715457789599895477e-02 3.281770646572113037e-02 6.897997856140136719e-02 2.998150326311588287e-02
9.216059744358062744e-02 6.897064298391342163e-02 2.742737531661987305e-02 4.309537354856729507e-03 1.912604644894599915e-02 9.614349901676177979e-02 7.788831740617752075e-02 8.406818844377994537e-03 2.826365642249584198e-02 4.066247120499610901e-02 1.206558495759963989e-01 3.464734181761741638e-02 9.822124242782592773e-02 3.582839667797088623e-02 3.285480663180351257e-02 2.204654738306999207e-02 1.155849173665046692e-02 1.572628132998943329e-02 1.357603445649147034e-02 2.287667430937290192e-02 1.484860852360725403e-02 2.327226288616657257e-02 1.952549256384372711e-02 2.206161431968212128e-02 3.715488687157630920e-02 1.759726181626319885e-02 1.712925545871257782e-02 5.134177580475807190e-02 1.053684577345848083e-02 6.298890220932662487e-04 1.135377096943557262e-03 1.270040031522512436e-02 4.999052733182907104e-03 3.110528923571109772e-02 2.078771503875032067e-04 2.839026786386966705e-02 1.487187575548887253e-02 2.070424146950244904e-02 2.609702013432979584e-02 6.743048876523971558e-02 7.739998400211334229e-03 6.134723778814077377e-03 3.774053230881690979e-02 6.446032971143722534e-02 3.284180536866188049e-02 2.975031174719333649e-02 8.724587410688400269e-02 2.787717804312705994e-02 3.272180259227752686e-02 1.690173335373401642e-02 2.831818722188472748e-02 1.582417264580726624e-02 4.613649472594261169e-02 3.130519762635231018e-02 7.711099833250045776e-02 3.634405089542269707e-03 2.177230082452297211e-02 1.680291630327701569e-02 5.873151123523712158e-02 4.379502683877944946e-02 4.654689226299524307e-03 3.338546305894851685e-02 7.833962445147335529e-04 4.037020727992057800e-02 7.899039983749389648e-02 4.915684461593627930e-02 7.411797530949115753e-03 1.076860912144184113e-02 3.979294560849666595e-03 2.409323677420616150e-02 2.805080637335777283e-02 2.799515053629875183e-02 2.507064864039421082e-02 2.375017665326595306e-02 1.050950028002262115e-02 8.079761266708374023e-02 2.439868636429309845e-02 1.096358522772789001e-02 3.127632662653923035e-02 2.282686717808246613e-02 3.011467494070529938e-02 2.248872257769107819e-02 1.302348263561725616e-02 1.593067124485969543e-02 3.044074028730392456e-02 2.822475880384445190e-02 2.957388944923877716e-02 5.470411852002143860e-03 5.141040310263633728e-02 1.633572392165660858e-02 4.432081803679466248e-02 3.005891107022762299e-02 6.011588498950004578e-03 4.858202859759330750e-02 9.579394944012165070e-03 3.374090790748596191e-02 2.472930587828159332e-02 7.929491251707077026e-02 1.576955616474151611e-02 2.311023697257041931e-02 2.796963788568973541e-03 5.761540960520505905e-03 2.459155768156051636e-02 5.476869270205497742e-02 3.475053468719124794e-03 1.088540814816951752e-02 1.973498379811644554e-03 8.320389315485954285e-03 5.944020580500364304e-03 1.894252491183578968e-03 2.608885429799556732e-02 4.308691993355751038e-02 1.475540362298488617e-02 8.825289085507392883e-03 2.351676486432552338e-02 1.098716910928487778e-02
1.937290281057357788e-02 4.347178712487220764e-02 4.058818891644477844e-02 2.762297168374061584e-02 3.282264620065689087e-02 3.636733815073966980e-02 2.592725865542888641e-02 2.706963103264570236e-03 1.389658451080322266e-01 6.764058023691177368e-02 3.464734181761741638e-02 6.201330944895744324e-02 2.266167104244232178e-02 1.343692392110824585e-01 3.113472089171409607e-02 4.603096097707748413e-02 2.072770893573760986e-02 3.694244101643562317e-02 6.035304814577102661e-02 1.039811875671148300e-02 6.904295831918716431e-02 2.865039184689521790e-02 4.209879320114850998e-03 4.235500469803810120e-02 5.052886158227920532e-02 3.989506512880325317e-02 1.105827279388904572e-02 5.593673884868621826e-02 2.469982393085956573e-02 2.388575300574302673e-02 2.367795631289482117e-02 5.573375150561332703e-02 2.735766954720020294e-02 2.337000891566276550e-02 4.994300752878189087e-02 4.021640494465827942e-02 2.353562787175178528e-02 4.768231511116027832e-02 2.129927836358547211e-02 3.499038144946098328e-02 3.891067951917648315e-02 4.577529057860374451e-02 1.864149793982505798e-02 7.135912775993347168e-02 6.625581532716751099e-02 4.078364744782447815e-02 1.588281244039535522e-02 2.025003731250762939e-02 2.920989878475666046e-02 8.496936410665512085e-02 6.989780068397521973e-02 3.515001758933067322e-02 7.018410135060548782e-03 2.595241926610469818e-02 7.214313745498657227e-02 8.232058584690093994e-02 2.666057087481021881e-03 3.325006738305091858e-02 8.435609936714172363e-02 1.425049174576997757e-02 1.876680552959442139e-02 6.737985461950302124e-02 5.588484928011894226e-02 8.969646692276000977e-02 3.006149083375930786e-02 1.893713884055614471e-02 3.392688930034637451e-02 7.017689943313598633e-02 1.492225937545299530e-02 5.330862849950790405e-02 9.328177198767662048e-03 5.281059816479682922e-02 4.340590909123420715e-02 6.176467239856719971e-02 1.452742051333189011e-02 8.031080476939678192e-03 1.461543291807174683e-01 3.897263482213020325e-02 2.868979983031749725e-02 3.667990863323211670e-02 3.022225759923458099e-02 1.450538262724876404e-02 5.095924437046051025e-02 2.873651124536991119e-02 8.187603950500488281e-02 8.540479093790054321e-02 6.826189812272787094e-03 5.025011021643877029e-03 2.970893401652574539e-03 3.015257045626640320e-02 2.523708716034889221e-02 4.492535069584846497e-02 1.509563159197568893e-02 5.811338871717453003e-02 4.442404955625534058e-02 2.159608528017997742e-02 9.888549894094467163e-02 6.967556476593017578e-02 6.828846782445907593e-02 1.230659149587154388e-02 6.289812177419662476e-02 1.804758445359766483e-03 5.117133632302284241e-02 7.090569008141756058e-03 1.503689121454954147e-02 2.927315235137939453e-02 4.612733609974384308e-03 8.832767605781555176e-02 5.764394998550415039e-03 6.239228695631027222e-02 3.008271381258964539e-02 4.080170299857854843e-03 1.136854942888021469e-02 1.411678642034530640e-02 1.927656121551990509e-02 4.702655598521232605e-02
1.057605370879173279e-01 8.189889788627624512e-02 1.326899696141481400e-02 3.135455772280693054e-02 3.217784687876701355e-02 5.673901736736297607e-02 4.752888530492782593e-02 3.357177972793579102e-02 3.034899570047855377e-02 4.094288160558789968e-04 9.822124242782592773e-02 2.266167104244232178e-02 1.070971339941024780e-01 1.341048162430524826e-02 1.092762406915426254e-02 2.543847262859344482e-02 1.066207326948642731e-02 2.988073602318763733e-02 4.664777219295501709e-02 1.756975054740905762e-02 2.045819908380508423e-02 7.742419838905334473e-03 1.713614165782928467e-02 4.229610040783882141e-02 5.432038009166717529e-02 3.455095738172531128e-02 1.597763784229755402e-02 6.256826687604188919e-03 7.424382027238607407e-03 4.672921076416969299e-02 5.293750762939453125e-02 1.171225495636463165e-02 4.907594411633908749e-04 4.344394430518150330e-02 1.215821132063865662e-02 3.195511410012841225e-03 7.124351337552070618e-03 1.404936797916889191e-02 1.146854925900697708e-02 5.549988895654678345e-02 8.639283478260040283e-03 4.706740844994783401e-03 1.088868128135800362e-03 3.653854131698608398e-02 2.840219251811504364e-02 3.070271760225296021e-02 7.222358137369155884e-02 1.697675697505474091e-02 5.648642033338546753e-02 2.214307710528373718e-02 2.462087012827396393e-02 2.635103650391101837e-02 7.431700080633163452e-02 4.231310635805130005e-02 6.090040504932403564e-02 3.068578615784645081e-02 6.305857002735137939e-02 3.176931524649262428e-03 5.976188555359840393e-02 5.601432919502258301e-02 2.785314805805683136e-02 1.759855635464191437e-02 1.357095781713724136e-02 5.108223110437393188e-02 6.102872639894485474e-02 8.888878673315048218e-02 4.374779760837554932e-02 3.759996220469474792e-02 1.649738475680351257e-02 3.629783540964126587e-02 1.352011319249868393e-02 3.862756863236427307e-02 1.619434915482997894e-02 2.773634158074855804e-02 4.996511712670326233e-02 4.801031574606895447e-02 8.209662511944770813e-03 5.467766895890235901e-02 2.994850091636180878e-02 4.619815945625305176e-02 4.006261005997657776e-02 3.307005390524864197e-02 7.162313908338546753e-03 6.675330549478530884e-02 5.873459205031394958e-02 5.493970587849617004e-02 2.105605602264404297e-02 2.413069643080234528e-02 1.602484029717743397e-03 1.315312646329402924e-02 3.055280447006225586e-02 4.997731745243072510e-02 2.195924753323197365e-03 2.923349663615226746e-02 1.087297126650810242e-02 2.576247230172157288e-02 9.116432629525661469e-03 6.226247176527976990e-02 8.872422389686107635e-03 2.720221877098083496e-02 5.431935191154479980e-03 1.497002039104700089e-02 3.037832118570804596e-02 2.194363065063953400e-02 1.581943966448307037e-02 2.524282597005367279e-02 5.995599552989006042e-03 9.362607263028621674e-03 1.708469726145267487e-02 2.361857146024703979e-02 3.213731572031974792e-02 4.088613763451576233e-02 1.140863262116909027e-02 8.307340554893016815e-03 1.173265650868415833e-02 2.758599352091550827e-03
