2.929356135427951813e-02 2.209179252386093140e-01 4.871639609336853027e-02 2.408801019191741943e-02 2.143057435750961304e-02 1.318121403455734253e-01 7.459974288940429688e-02 7.684917189180850983e-03 1.309369318187236786e-02 6.855069659650325775e-03 1.871908009052276611e-01 3.192598232999444008e-03 1.803092658519744873e-01 3.373917564749717712e-02 4.051019623875617981e-02 2.662401832640171051e-02 4.064348712563514709e-02 3.382323682308197021e-02 1.099209417589008808e-03 1.131600886583328247e-02 5.466896254802122712e-05 4.405860602855682373e-02 1.264889724552631378e-02 1.077397959306836128e-03 8.180387318134307861e-02 5.672186613082885742e-02 3.935201466083526611e-02 1.061800494790077209e-02 2.811623923480510712e-02 1.968105789273977280e-03 6.314905360341072083e-03 7.454435527324676514e-02 4.217884689569473267e-02 9.453748352825641632e-03 2.967541804537177086e-03 2.927423641085624695e-02 3.619512170553207397e-02 1.182878296822309494e-02 3.443168848752975464e-02 3.753222152590751648e-02 1.985935308039188385e-02 2.494515664875507355e-02 4.667656123638153076e-02 9.013576060533523560e-02 2.972049638628959656e-02 3.445285186171531677e-02 5.746693536639213562e-02 8.161363005638122559e-02 4.018242470920085907e-03 3.301661927253007889e-04 4.697281692642718554e-04 5.529856309294700623e-02 1.981166563928127289e-02 3.200520202517509460e-02 2.075934782624244690e-02 7.508924603462219238e-02 2.683810330927371979e-02 1.002366375178098679e-02 2.194146253168582916e-02 2.119478024542331696e-02 3.105764649808406830e-02 5.219768732786178589e-02 2.291441522538661957e-02 2.248482406139373779e-02 2.799670025706291199e-02 4.803500324487686157e-02 1.463223807513713837e-02 1.390301156789064407e-02 8.048121631145477295e-02 4.974422231316566467e-02 1.347425114363431931e-02 3.938902169466018677e-03 1.754244416952133179e-02 8.925713598728179932e-03 7.411362975835800171e-02 3.426212072372436523e-02 4.841037839651107788e-02 4.515731707215309143e-02 2.224405109882354736e-02 2.029070816934108734e-02 6.401489954441785812e-03 2.432201802730560303e-02 6.440148688852787018e-03 2.743513509631156921e-02 3.189842775464057922e-02 6.141652818769216537e-03 1.963123679161071777e-03 3.427665308117866516e-02 2.623182721436023712e-02 2.294284990057349205e-03 1.750180311501026154e-02 2.730865590274333954e-02 2.865730319172143936e-03 1.009938865900039673e-02 1.300849858671426773e-02 5.829441919922828674e-02 1.669477298855781555e-02 4.444350488483905792e-03 4.459942877292633057e-02 6.006825715303421021e-03 6.076170597225427628e-03 3.073296323418617249e-02 9.159114211797714233e-03 1.765053602866828442e-03 3.477878402918577194e-03 8.996000885963439941e-02 6.988767534494400024e-02 3.967748209834098816e-02 1.686543785035610199e-02 4.685990884900093079e-02 2.805072814226150513e-02 3.685782477259635925e-02 1.373716630041599274e-02 1.211258023977279663e-02 5.087065044790506363e-03 4.553961101919412613e-03
2.209179252386093140e-01 4.805795475840568542e-02 3.691811580210924149e-03 2.458149380981922150e-02 1.489338371902704239e-02 9.950300306081771851e-02 6.638763099908828735e-02 4.726525023579597473e-02 4.789110645651817322e-02 7.115672528743743896e-02 1.206219494342803955e-01 1.544989924877882004e-02 1.960478723049163818e-01 2.357071638107299805e-02 5.368666723370552063e-02 6.801405549049377441e-02 6.346726417541503906e-02 2.372977137565612793e-02 5.221126601099967957e-02 2.870265766978263855e-02 4.258095100522041321e-02 4.563112929463386536e-02 9.785546921193599701e-03 6.300587207078933716e-03 6.867885589599609375e-02 7.276358455419540405e-02 2.219331264495849609e-02 2.645749365910887718e-03 5.789156630635261536e-02 5.891431123018264771e-03 1.363089978694915771e-01 4.616236686706542969e-02 2.511064708232879639e-02 9.695215150713920593e-03 2.926259674131870270e-02 6.555986404418945312e-02 6.559269502758979797e-03 3.410234674811363220e-02 2.560592256486415863e-02 1.530425809323787689e-02 2.326820231974124908e-02 2.255376614630222321e-02 5.067192390561103821e-02 5.107855051755905151e-02 4.458343982696533203e-02 3.898095106706023216e-03 2.764270640909671783e-02 2.791780792176723480e-02 3.918142989277839661e-02 4.773531854152679443e-02 5.432839319109916687e-02 1.563529670238494873e-02 9.292594157159328461e-03 2.551552094519138336e-02 4.943817108869552612e-02 8.354433625936508179e-02 2.820836380124092102e-02 6.710196286439895630e-02 3.911009989678859711e-03 3.490598127245903015e-02 3.376729041337966919e-02 8.542492287233471870e-04 1.757663860917091370e-02 4.689338058233261108e-02 5.152412503957748413e-02 4.115881025791168213e-02 3.769329749047756195e-03 5.538557190448045731e-03 2.517738752067089081e-02 3.942210227251052856e-03 1.346160192042589188e-02 4.159265197813510895e-03 1.017786338925361633e-01 1.171636395156383514e-02 5.974117666482925415e-02 2.931161597371101379e-02 1.117250043898820877e-02 5.693975836038589478e-03 6.274955812841653824e-03 5.042169243097305298e-02 2.245978638529777527e-02 8.230779320001602173e-03 1.888120360672473907e-02 4.125521332025527954e-02 5.514219403266906738e-02 5.199825973249971867e-04 3.615156933665275574e-02 3.351457417011260986e-02 5.031394585967063904e-02 2.964566834270954132e-02 2.483779191970825195e-02 4.231219366192817688e-02 2.624831721186637878e-02 4.764000419527292252e-03 4.686099663376808167e-02 4.511901363730430603e-02 7.378929108381271362e-02 1.784193045750726014e-05 1.757633313536643982e-02 5.450807511806488037e-03 3.450987115502357483e-02 5.244446173310279846e-02 5.531164258718490601e-02 7.325228769332170486e-03 7.774509023874998093e-03 1.335170585662126541e-02 6.788022816181182861e-02 4.402509331703186035e-02 2.144935168325901031e-02 5.549127981066703796e-02 1.753681898117065430e-02 3.671093657612800598e-02 3.253611735999584198e-03 2.532528946176171303e-03 1.068746205419301987e-02 4.790164902806282043e-02
4.871639609336853027e-02 3.691811580210924149e-03 8.831473067402839661e-03 5.174992978572845459e-02 1.656081527471542358e-02 3.476435691118240356e-02 3.991767019033432007e-02 1.041799262166023254e-01 2.858919277787208557e-02 4.216172546148300171e-02 8.572781831026077271e-02 8.228438091464340687e-04 1.369512081146240234e-02 5.381591990590095520e-02 1.977623999118804932e-02 8.003037655726075172e-04 1.664272136986255646e-02 3.465240076184272766e-02 8.252666145563125610e-02 1.839369907975196838e-02 1.358310412615537643e-02 8.889175951480865479e-02 2.618493745103478432e-03 2.284762635827064514e-02 4.810814280062913895e-03 1.084294915199279785e-02 4.076924920082092285e-02 2.373729646205902100e-02 3.888313844799995422e-02 1.190734934061765671e-02 4.230142384767532349e-02 1.912495866417884827e-02 4.488558322191238403e-02 9.120252914726734161e-03 5.792086478322744370e-03 3.496617544442415237e-03 1.131976954638957977e-02 8.878584951162338257e-02 7.182984799146652222e-02 9.970821440219879150e-03 5.154183879494667053e-02 1.381839904934167862e-02 2.351665310561656952e-02 6.177715212106704712e-02 1.110891997814178467e-02 3.254323825240135193e-02 6.366030871868133545e-02 1.664466038346290588e-02 2.529786899685859680e-02 1.189985685050487518e-02 4.030863288789987564e-03 3.345671668648719788e-02 6.429247558116912842e-02 6.469635665416717529e-02 3.410640731453895569e-02 3.555162250995635986e-02 5.192239582538604736e-02 6.573007255792617798e-02 4.842385649681091309e-02 4.214644804596900940e-02 1.056387741118669510e-02 2.893197350203990936e-02 6.551958620548248291e-02 1.425612950697541237e-03 5.022186040878295898e-02 2.569329459220170975e-03 6.789405364543199539e-03 2.898173173889517784e-03 2.948865853250026703e-02 1.985852606594562531e-02 4.726273193955421448e-02 1.864204183220863342e-02 3.148824721574783325e-02 5.473688617348670959e-02 3.915097564458847046e-03 3.080456750467419624e-03 5.454318597912788391e-02 5.304755643010139465e-02 9.612478315830230713e-03 2.303265035152435303e-02 1.132609546184539795e-01 1.085738018155097961e-01 3.983680158853530884e-02 7.252320647239685059e-02 1.684205606579780579e-03 7.277240604162216187e-02 7.104361057281494141e-02 4.183634370565414429e-02 5.046146921813488007e-03 9.659694507718086243e-03 1.124429702758789062e-01 2.634498290717601776e-02 4.880860075354576111e-02 2.457215450704097748e-02 3.287921845912933350e-02 2.736116992309689522e-03 4.959704354405403137e-02 1.916359737515449524e-02 2.878894470632076263e-02 1.082356274127960205e-02 2.718484494835138321e-03 6.181934382766485214e-03 3.481675684452056885e-02 2.894291840493679047e-02 3.038641996681690216e-02 2.926978981122374535e-03 2.932056225836277008e-02 4.706967622041702271e-02 3.794172406196594238e-02 4.347445815801620483e-02 2.191369049251079559e-02 2.337414212524890900e-02 1.332644652575254440e-02 9.932073298841714859e-04 1.342754345387220383e-02 4.529817402362823486e-02
2.408801019191741943e-02 2.458149380981922150e-02 5.174992978572845459e-02 2.643474377691745758e-02 2.311624437570571899e-01 1.319856382906436920e-02 6.434924155473709106e-02 1.347644254565238953e-02 2.835236303508281708e-02 8.277102559804916382e-02 7.089005410671234131e-02 9.073013789020478725e-04 6.821351125836372375e-03 5.135038122534751892e-02 3.624965995550155640e-02 3.599416464567184448e-02 5.799869447946548462e-02 4.351375997066497803e-02 1.145651191473007202e-01 3.698778152465820312e-02 1.091514974832534790e-01 1.764928922057151794e-02 9.133208543062210083e-02 5.147889256477355957e-02 1.699813455343246460e-02 3.655868768692016602e-02 3.203687816858291626e-02 1.219830755144357681e-02 4.924259614199399948e-03 3.435448184609413147e-02 6.418055389076471329e-03 1.722560962662100792e-03 8.399789221584796906e-03 1.794972084462642670e-02 4.232021793723106384e-02 9.105041623115539551e-03 4.448465257883071899e-02 5.188064277172088623e-02 5.922199413180351257e-02 1.325893700122833252e-01 3.805123642086982727e-02 3.638174384832382202e-02 4.799972474575042725e-02 3.935487568378448486e-02 2.934424020349979401e-02 3.936377540230751038e-02 2.288829348981380463e-02 4.983489960432052612e-02 2.853991463780403137e-02 7.387254387140274048e-02 2.213639765977859497e-02 1.443370897322893143e-02 4.868613928556442261e-02 3.555551543831825256e-02 4.847495630383491516e-02 1.153230853378772736e-02 2.306330949068069458e-02 6.507375091314315796e-02 3.368658199906349182e-02 1.862577535212039948e-02 3.246621415019035339e-02 7.001473009586334229e-02 3.607113659381866455e-02 1.062021404504776001e-01 2.844370901584625244e-02 3.131273016333580017e-02 1.992315612733364105e-02 2.534260787069797516e-02 5.776434391736984253e-02 3.687737043946981430e-03 9.846166707575321198e-03 2.963359281420707703e-02 1.306231319904327393e-01 4.646600410342216492e-02 1.198270693421363831e-01 6.226390600204467773e-02 1.035391259938478470e-02 7.056868821382522583e-02 5.630236119031906128e-02 6.980802863836288452e-02 6.774514168500900269e-02 3.188967937603592873e-03 6.134090572595596313e-02 4.553093388676643372e-02 1.012870110571384430e-02 4.364395886659622192e-02 4.989661648869514465e-02 4.545770585536956787e-02 9.832040406763553619e-03 2.074662782251834869e-02 2.789014764130115509e-02 1.909705810248851776e-02 2.686206810176372528e-02 2.223674952983856201e-02 5.696044117212295532e-02 4.862364009022712708e-02 2.707877196371555328e-02 6.682629883289337158e-02 1.739124581217765808e-02 5.069913342595100403e-02 3.353318944573402405e-02 1.296832133084535599e-02 2.709733135998249054e-02 3.977220505475997925e-02 2.677283622324466705e-02 5.461225658655166626e-02 8.613818883895874023e-02 3.766069188714027405e-02 4.770778864622116089e-02 1.971427351236343384e-02 1.295927911996841431e-02 1.649053581058979034e-02 9.795965626835823059e-03 5.314783658832311630e-03 1.071347761899232864e-02 4.162532091140747070e-02
2.143057435750961304e-02 1.489338371902704239e-02 1.656081527471542358e-02 2.311624437570571899e-01 3.731059655547142029e-02 2.535664662718772888e-02 4.752316325902938843e-02 4.791332036256790161e-02 1.826389133930206299e-02 6.701131910085678101e-02 8.395703881978988647e-02 7.085285335779190063e-02 7.289945334196090698e-02 1.957983151078224182e-02 3.512579202651977539e-02 4.383239895105361938e-02 8.112854510545730591e-02 4.943538829684257507e-02 1.036102920770645142e-01 5.882726516574621201e-03 1.380494087934494019e-01 1.958433352410793304e-02 8.097190409898757935e-02 7.348176836967468262e-02 3.610743675380945206e-03 1.085440218448638916e-01 1.665441691875457764e-02 2.769645676016807556e-02 2.423687838017940521e-03 3.215511562302708626e-03 4.527769982814788818e-02 4.861536249518394470e-02 5.151674151420593262e-03 1.688875444233417511e-02 1.016080100089311600e-02 4.151328280568122864e-02 4.884409531950950623e-02 6.232503429055213928e-02 6.855768710374832153e-02 1.967361420392990112e-01 3.311239928007125854e-02 1.608465053141117096e-02 6.845415383577346802e-02 3.804140910506248474e-02 1.588156563229858875e-03 4.036350175738334656e-02 5.837812647223472595e-02 6.618203222751617432e-02 2.451523952186107635e-02 4.757655784487724304e-02 2.749371342360973358e-02 1.978047005832195282e-02 5.121172219514846802e-02 1.842636242508888245e-02 1.780585572123527527e-02 1.101165078580379486e-03 2.617361256852746010e-03 3.483443334698677063e-02 7.290272507816553116e-03 4.480048269033432007e-02 4.467985033988952637e-02 1.695602387189865112e-02 3.792228177189826965e-02 3.450918197631835938e-02 5.184742808341979980e-02 4.947718605399131775e-02 4.490004852414131165e-02 9.481385350227355957e-03 4.269631579518318176e-02 2.067917957901954651e-03 5.254020169377326965e-02 5.041167140007019043e-03 1.061934083700180054e-01 1.458768919110298157e-02 1.475054621696472168e-01 3.967858850955963135e-02 5.035368353128433228e-02 7.063812762498855591e-02 2.545925974845886230e-02 6.300393491983413696e-02 4.376255441457033157e-03 6.206174939870834351e-02 3.018887899816036224e-02 1.027895510196685791e-01 4.669974558055400848e-03 2.573546394705772400e-02 3.872566297650337219e-02 4.211207106709480286e-02 2.539627812802791595e-02 6.157178059220314026e-02 1.491643115878105164e-02 9.414298832416534424e-02 3.043482452630996704e-02 2.304296009242534637e-03 3.795126080513000488e-02 1.630971394479274750e-02 2.033928409218788147e-03 1.622939598746597767e-03 1.080925576388835907e-02 9.534692391753196716e-03 6.890759617090225220e-02 3.753609722480177879e-03 7.239060942083597183e-03 3.274009376764297485e-02 1.504824589937925339e-02 4.783971607685089111e-02 8.965894579887390137e-02 9.772117435932159424e-02 6.288120895624160767e-02 3.200713172554969788e-02 2.650866471230983734e-02 3.802074864506721497e-02 5.004436895251274109e-02 1.591254957020282745e-02 3.501144796609878540e-02 1.818633452057838440e-02
1.318121403455734253e-01 9.950300306081771851e-02 3.476435691118240356e-02 1.319856382906436920e-02 2.535664662718772888e-02 3.964416310191154480e-02 2.677088081836700439e-01 3.901982679963111877e-02 7.574887946248054504e-03 2.885781601071357727e-02 9.568870812654495239e-02 1.676823943853378296e-02 8.918686211109161377e-02 4.476293176412582397e-02 9.942525997757911682e-03 4.012764617800712585e-02 4.483475163578987122e-02 3.208349272608757019e-02 2.532845363020896912e-02 2.168745733797550201e-02 1.329564396291971207e-02 2.396992035210132599e-02 7.293663173913955688e-02 8.589252084493637085e-02 8.043622970581054688e-02 9.597385674715042114e-02 2.319798804819583893e-02 4.798265919089317322e-02 3.034218447282910347e-03 4.875539988279342651e-02 2.713166736066341400e-02 1.530295424163341522e-02 2.540030702948570251e-02 1.194470748305320740e-02 2.413575910031795502e-02 4.813750088214874268e-02 3.217624500393867493e-02 2.409773645922541618e-03 3.457517921924591064e-02 4.330324381589889526e-02 2.165425010025501251e-02 4.910315200686454773e-02 2.813781797885894775e-02 1.457256451249122620e-02 2.114145271480083466e-02 1.476465351879596710e-02 2.013893425464630127e-01 1.249107867479324341e-01 4.185159131884574890e-02 2.351631969213485718e-02 2.383856289088726044e-02 6.663916260004043579e-02 1.115403953008353710e-03 8.042483776807785034e-02 1.571851968765258789e-02 3.508720546960830688e-02 2.830034494400024414e-02 5.969775840640068054e-03 9.330241009593009949e-03 9.154367260634899139e-03 3.899120539426803589e-02 2.025756798684597015e-02 1.804729574359953403e-03 5.043110996484756470e-02 3.714956343173980713e-02 6.433196831494569778e-03 3.517951350659132004e-03 4.406498745083808899e-02 1.379870530217885971e-02 1.690915599465370178e-02 1.234015170484781265e-02 2.584436908364295959e-02 9.873492643237113953e-03 4.153814632445573807e-03 1.234704349189996719e-02 1.397404819726943970e-02 3.295863047242164612e-02 1.074908953160047531e-02 4.152444750070571899e-02 5.861208215355873108e-02 1.006761658936738968e-02 3.057970106601715088e-02 2.225255407392978668e-02 3.304212540388107300e-02 3.549449378624558449e-03 3.544339910149574280e-02 3.540339320898056030e-02 4.545979946851730347e-02 1.356750726699829102e-02 4.651090130209922791e-02 3.235224634408950806e-02 4.507074132561683655e-02 5.991161242127418518e-02 4.553945735096931458e-02 1.506107393652200699e-02 7.594556082040071487e-03 2.232703380286693573e-02 2.947658672928810120e-02 6.915006786584854126e-02 4.980668425559997559e-02 1.188057381659746170e-02 4.803621768951416016e-02 1.312518212944269180e-02 3.434773907065391541e-02 8.797987364232540131e-03 9.030818939208984375e-02 5.474598705768585205e-02 1.007970273494720459e-01 2.457780763506889343e-02 9.728135913610458374e-02 3.280340507626533508e-02 5.055968649685382843e-04 3.711280971765518188e-02 2.221121080219745636e-02 4.759603366255760193e-02 1.519210636615753174e-03
7.459974288940429688e-02 6.638763099908828735e-02 3.991767019033432007e-02 6.434924155473709106e-02 4.752316325902938843e-02 2.677088081836700439e-01 6.452229619026184082e-02 3.511779755353927612e-02 1.324620097875595093e-02 3.574222093448042870e-03 9.983535110950469971e-02 4.770601540803909302e-02 9.175612032413482666e-02 3.447991982102394104e-02 2.315014787018299103e-02 4.913500510156154633e-03 3.839286044239997864e-02 1.823180913925170898e-02 3.632382303476333618e-02 5.314671248197555542e-02 4.749258980154991150e-02 2.629163488745689392e-02 2.934620529413223267e-02 6.592500954866409302e-02 6.066387519240379333e-02 3.926280885934829712e-02 6.705783773213624954e-03 3.238169848918914795e-02 2.280939184129238129e-02 1.196695771068334579e-02 5.138496682047843933e-02 3.124741092324256897e-02 9.705143980681896210e-03 3.552913665771484375e-02 2.317987196147441864e-02 7.927516475319862366e-03 4.052755236625671387e-02 6.863323971629142761e-03 9.801451116800308228e-03 4.158417228609323502e-03 1.122270710766315460e-02 1.338433753699064255e-02 2.145489491522312164e-02 1.050656754523515701e-02 5.376344546675682068e-02 1.921130460686981678e-03 1.647713631391525269e-01 2.602784335613250732e-01 1.585812494158744812e-02 2.298763021826744080e-02 3.213800024241209030e-03 5.920850485563278198e-02 2.860998269170522690e-03 7.314010709524154663e-02 4.881566856056451797e-03 6.599375605583190918e-02 4.776630178093910217e-02 9.481705725193023682e-03 2.392919547855854034e-02 1.664182171225547791e-02 7.143649458885192871e-02 5.428512394428253174e-02 4.554247111082077026e-02 1.190631883218884468e-03 1.907197758555412292e-02 5.000554397702217102e-02 2.368608862161636353e-02 5.100689828395843506e-02 1.308460906147956848e-02 2.057394571602344513e-02 4.520305810729041696e-05 2.960755676031112671e-02 5.407938361167907715e-02 1.065407763235270977e-03 3.625480830669403076e-02 2.347510308027267456e-02 4.336159676313400269e-02 1.077564060688018799e-02 2.371240034699440002e-02 8.806189522147178650e-03 4.601475317031145096e-03 1.616119220852851868e-02 4.756400734186172485e-02 9.870875626802444458e-03 6.281637400388717651e-02 3.036486916244029999e-02 3.741928189992904663e-02 1.259043440222740173e-02 5.075043812394142151e-02 3.890207782387733459e-02 1.374657452106475830e-02 1.972772553563117981e-02 1.224754229187965393e-01 3.765215864405035973e-03 1.766187325119972229e-02 9.392402134835720062e-03 4.439886659383773804e-02 1.593499816954135895e-02 4.682150483131408691e-02 2.824838273227214813e-02 8.449847809970378876e-03 7.439525797963142395e-03 4.796598479151725769e-02 8.039691485464572906e-03 3.197498992085456848e-02 4.806093499064445496e-02 8.782237768173217773e-02 4.812372475862503052e-02 5.654599517583847046e-03 2.620269358158111572e-02 1.668407395482063293e-02 1.216412708163261414e-02 1.689613983035087585e-02 5.185967683792114258e-02 3.192054852843284607e-02 5.053636431694030762e-02
7.684917189180850983e-03 4.726525023579597473e-02 1.041799262166023254e-01 1.347644254565238953e-02 4.791332036256790161e-02 3.901982679963111877e-02 3.511779755353927612e-02 3.219538182020187378e-02 1.126426178961992264e-02 2.257712744176387787e-02 1.301090605556964874e-02 3.703758493065834045e-02 1.557146292179822922e-02 2.826539427042007446e-02 1.028573587536811829e-01 2.551968023180961609e-02 3.646725788712501526e-02 1.343305222690105438e-03 7.565995305776596069e-02 5.486279260367155075e-03 2.425134554505348206e-02 4.210975393652915955e-02 2.435453236103057861e-03 3.293223306536674500e-02 2.110948972404003143e-02 3.820626810193061829e-02 7.786444388329982758e-03 2.945341542363166809e-02 5.069632828235626221e-02 4.470628499984741211e-02 4.367817565798759460e-02 1.929524354636669159e-02 4.789914935827255249e-03 1.925385370850563049e-02 7.492215372622013092e-03 2.554247528314590454e-02 8.476246148347854614e-02 1.424836460500955582e-02 1.362988539040088654e-02 9.589454159140586853e-03 7.065143436193466187e-02 4.096132144331932068e-02 4.185023903846740723e-02 2.320895530283451080e-02 3.561301156878471375e-02 2.625481039285659790e-02 2.441642060875892639e-02 2.683395519852638245e-02 1.230642944574356079e-02 4.734763875603675842e-02 7.834572345018386841e-03 1.613242551684379578e-02 2.478452632203698158e-03 1.048532500863075256e-02 1.461437670513987541e-03 5.548273772001266479e-02 2.214580075815320015e-03 1.166396029293537140e-02 3.524578874930739403e-03 6.182171870023012161e-03 4.066997673362493515e-03 2.193462103605270386e-02 7.303043734282255173e-03 4.004028066992759705e-02 2.863513678312301636e-02 1.954708062112331390e-02 2.845033071935176849e-02 1.546227931976318359e-02 4.828515462577342987e-03 1.609731465578079224e-02 2.577586099505424500e-02 4.910947289317846298e-03 3.236356750130653381e-02 5.302043631672859192e-03 8.403701707720756531e-03 7.140270434319972992e-03 7.291426416486501694e-03 3.277170937508344650e-03 1.015931088477373123e-02 3.658749535679817200e-02 9.984423965215682983e-02 1.171072125434875488e-01 4.819467663764953613e-02 1.773649826645851135e-02 5.906820669770240784e-02 4.385902732610702515e-02 8.996994048357009888e-02 7.694033533334732056e-02 1.328051788732409477e-03 4.993470851331949234e-03 3.132143616676330566e-02 3.179008141160011292e-02 1.267378591001033783e-02 6.716988515108823776e-03 5.551241803914308548e-03 2.876755222678184509e-02 1.271305256523191929e-03 4.769884422421455383e-02 7.770425640046596527e-03 1.861383207142353058e-02 4.053666815161705017e-02 1.465859008021652699e-03 4.424831643700599670e-02 4.994264617562294006e-02 2.934448188170790672e-03 1.193344965577125549e-02 1.746575720608234406e-02 1.576185785233974457e-02 2.831600420176982880e-02 2.405184693634510040e-02 2.945134602487087250e-02 9.992251172661781311e-03 2.928198873996734619e-02 2.914484031498432159e-02 2.618002705276012421e-02 5.305056273937225342e-02
1.309369318187236786e-02 4.789110645651817322e-02 2.858919277787208557e-02 2.835236303508281708e-02 1.826389133930206299e-02 7.574887946248054504e-03 1.324620097875595093e-02 1.126426178961992264e-02 1.029796246439218521e-02 1.234502270817756653e-01 4.242868348956108093e-02 3.899094089865684509e-02 7.068205624818801880e-03 8.184365183115005493e-02 1.907912269234657288e-02 8.546470105648040771e-02 5.711822211742401123e-02 7.319600135087966919e-02 2.167546935379505157e-02 2.667308971285820007e-02 2.024237066507339478e-02 6.074348464608192444e-02 6.976406276226043701e-02 2.766017243266105652e-02 1.956836506724357605e-02 2.696655318140983582e-02 6.499316077679395676e-03 9.731221944093704224e-04 7.460455596446990967e-02 2.622002549469470978e-02 4.965602234005928040e-02 4.797021974809467793e-04 1.571571268141269684e-02 2.188686467707157135e-02 5.822559818625450134e-02 1.348523050546646118e-02 8.368042856454849243e-02 2.338377945125102997e-02 1.570915989577770233e-02 3.874019905924797058e-02 1.291474699974060059e-02 1.027768254280090332e-01 1.671306975185871124e-02 4.553319420665502548e-03 1.664246246218681335e-02 3.361272066831588745e-02 3.635090962052345276e-02 6.354577839374542236e-02 5.881292745471000671e-02 2.523602358996868134e-02 1.076211035251617432e-02 2.823243290185928345e-02 4.270464926958084106e-02 3.154420480132102966e-02 1.827904954552650452e-02 5.484933033585548401e-02 2.259459719061851501e-02 4.395755007863044739e-02 2.365810796618461609e-03 2.612075954675674438e-02 2.026866376399993896e-02 5.594127997756004333e-02 4.055228084325790405e-03 3.652111068367958069e-02 8.168464410118758678e-04 1.992536336183547974e-02 2.256568521261215210e-02 3.082033619284629822e-02 8.407169580459594727e-02 4.144689068198204041e-02 2.716543897986412048e-02 5.447090044617652893e-02 7.868752628564834595e-02 6.816346198320388794e-03 2.300265058875083923e-02 2.312258630990982056e-02 1.933583617210388184e-01 1.270109117031097412e-01 1.729532144963741302e-02 2.801924571394920349e-02 4.176598973572254181e-03 3.253240510821342468e-02 7.653120905160903931e-02 3.736619651317596436e-02 1.062878966331481934e-02 4.368495568633079529e-02 1.372344233095645905e-02 1.864954456686973572e-02 3.934904187917709351e-02 2.897991240024566650e-02 4.504555091261863708e-02 4.447470232844352722e-02 2.587478235363960266e-02 6.956180185079574585e-02 6.713715195655822754e-02 9.025140106678009033e-02 1.142099574208259583e-01 6.591272354125976562e-02 1.025052219629287720e-01 5.953889340162277222e-02 1.399388629943132401e-02 2.717284858226776123e-02 3.959352523088455200e-02 2.323203254491090775e-03 1.074240263551473618e-02 1.566798985004425049e-02 4.749656468629837036e-02 3.626606240868568420e-02 3.323209285736083984e-02 2.510274015367031097e-02 1.172047946602106094e-02 1.877344772219657898e-02 2.574750222265720367e-02 1.908232830464839935e-02 5.831094831228256226e-02 3.314793482422828674e-02
6.855069659650325775e-03 7.115672528743743896e-02 4.216172546148300171e-02 8.277102559804916382e-02 6.701131910085678101e-02 2.885781601071357727e-02 3.574222093448042870e-03 2.257712744176387787e-02 1.234502270817756653e-01 4.492823407053947449e-02 7.536602672189474106e-03 3.312186151742935181e-02 4.687437415122985840e-02 9.287059307098388672e-03 2.292543184012174606e-03 5.944122001528739929e-02 1.861537061631679535e-02 1.278335694223642349e-02 7.483064383268356323e-02 7.485841959714889526e-02 2.923399675637483597e-03 6.723687797784805298e-02 9.609217941761016846e-02 8.025879412889480591e-02 1.993317529559135437e-02 3.891298547387123108e-02 8.419633843004703522e-03 5.774359032511711121e-02 3.169440105557441711e-02 3.336277976632118225e-02 4.728842899203300476e-02 3.558077663183212280e-02 4.476867616176605225e-02 3.140734136104583740e-02 4.347648844122886658e-02 1.096251234412193298e-02 2.581681869924068451e-02 5.551012605428695679e-02 2.746999077498912811e-02 4.790358245372772217e-02 1.037180516868829727e-02 7.540920376777648926e-02 8.370240777730941772e-02 4.873546957969665527e-02 1.111450418829917908e-02 7.467908412218093872e-02 2.721048332750797272e-02 1.561994943767786026e-02 4.104820638895034790e-02 1.832982450723648071e-01 6.764446943998336792e-02 2.433279762044548988e-03 4.184108693152666092e-03 2.299150079488754272e-02 4.587024822831153870e-02 5.021350830793380737e-02 7.860998623073101044e-03 1.328245364129543304e-02 9.301169775426387787e-03 1.060479437001049519e-03 1.088257785886526108e-02 3.939876705408096313e-02 1.241958420723676682e-02 6.610192358493804932e-02 4.400624334812164307e-02 1.672461279667913914e-03 2.255781553685665131e-02 4.575043171644210815e-02 5.091598257422447205e-02 1.161952596157789230e-02 9.131471626460552216e-03 2.394685521721839905e-02 5.616176873445510864e-02 1.830204948782920837e-02 7.764212042093276978e-02 4.001026973128318787e-02 7.780431956052780151e-02 2.207368612289428711e-01 1.298513710498809814e-01 1.470837891101837158e-01 4.515397176146507263e-02 4.972635768353939056e-03 7.530535012483596802e-02 5.722228810191154480e-02 2.254144288599491119e-03 3.059015609323978424e-02 9.300662204623222351e-03 4.182612523436546326e-02 1.016826834529638290e-02 4.271497949957847595e-02 5.618367716670036316e-02 3.223885968327522278e-02 1.859210315160453320e-03 3.116942755877971649e-02 1.268942025490105152e-03 6.077570375055074692e-03 9.177892468869686127e-03 3.184973075985908508e-02 8.125936612486839294e-03 4.982620477676391602e-03 1.008053496479988098e-02 3.436372801661491394e-02 2.162146009504795074e-02 2.713136002421379089e-02 3.549497574567794800e-02 5.109903216361999512e-02 3.455342352390289307e-02 4.362045973539352417e-02 2.409363165497779846e-03 1.978510431945323944e-02 4.282698035240173340e-02 1.755932904779911041e-02 5.104695633053779602e-02 6.642160937190055847e-03 4.938290268182754517e-02 3.859500214457511902e-02
1.871908009052276611e-01 1.206219494342803955e-01 8.572781831026077271e-02 7.089005410671234131e-02 8.395703881978988647e-02 9.568870812654495239e-02 9.983535110950469971e-02 1.301090605556964874e-02 4.242868348956108093e-02 7.536602672189474106e-03 1.746009290218353271e-02 4.350467398762702942e-02 1.155792772769927979e-01 1.752614229917526245e-02 5.765928700566291809e-02 3.457204252481460571e-02 3.444933146238327026e-02 1.013733260333538055e-02 6.368906795978546143e-02 1.245634537190198898e-02 1.014595013111829758e-02 3.112328425049781799e-02 2.098088525235652924e-02 4.984382912516593933e-02 7.527587004005908966e-03 7.494177669286727905e-03 5.346284806728363037e-02 9.180620312690734863e-03 1.511856634169816971e-02 1.897558942437171936e-02 3.094568848609924316e-03 2.224440127611160278e-02 1.450646389275789261e-02 1.642306335270404816e-02 3.480242937803268433e-02 7.324989885091781616e-03 4.434938542544841766e-03 1.613976061344146729e-02 6.361388415098190308e-02 2.792484126985073090e-02 5.661678314208984375e-02 2.738564461469650269e-02 3.160676360130310059e-02 2.952337823808193207e-02 3.226015344262123108e-02 1.929277926683425903e-02 6.663590669631958008e-02 1.086898264475166798e-03 7.552456110715866089e-02 4.338381439447402954e-02 7.832249253988265991e-02 4.208484292030334473e-02 5.441108345985412598e-02 2.439766423776745796e-03 2.376475557684898376e-02 3.595744445919990540e-02 2.919783256947994232e-02 2.337963506579399109e-02 2.991304500028491020e-03 1.160259172320365906e-02 3.767265751957893372e-02 1.075033284723758698e-02 4.339051898568868637e-03 5.462505295872688293e-02 2.270788885653018951e-02 6.603018846362829208e-03 1.219532825052738190e-02 1.599226519465446472e-02 6.189170759171247482e-03 1.272257231175899506e-02 9.625556878745555878e-03 1.330577675253152847e-02 8.489461243152618408e-02 2.128689177334308624e-02 3.458856418728828430e-02 2.508798614144325256e-02 7.277239114046096802e-02 2.983475849032402039e-02 4.289944469928741455e-02 3.350597247481346130e-02 7.423588540405035019e-04 1.777174323797225952e-02 3.140075504779815674e-02 1.501474180258810520e-03 5.463826656341552734e-02 1.632697321474552155e-02 1.279299613088369370e-02 1.472081616520881653e-02 1.108397636562585831e-02 8.933983743190765381e-03 7.929635792970657349e-02 5.414493381977081299e-03 3.421430662274360657e-02 7.477983366698026657e-03 7.965908944606781006e-02 5.398329347372055054e-02 1.524720992892980576e-02 4.297560080885887146e-02 2.366175130009651184e-02 6.053193658590316772e-02 5.880361422896385193e-03 1.344956550747156143e-02 2.052723988890647888e-02 1.536889374256134033e-02 1.587213017046451569e-02 4.171495139598846436e-02 2.879435196518898010e-02 1.755588315427303314e-02 3.029451146721839905e-02 1.502183731645345688e-02 3.608211502432823181e-02 5.526372231543064117e-03 7.732398808002471924e-03 7.521123625338077545e-03 9.685638360679149628e-03 9.375281631946563721e-03
3.192598232999444008e-03 1.544989924877882004e-02 8.228438091464340687e-04 9.073013789020478725e-04 7.085285335779190063e-02 1.676823943853378296e-02 4.770601540803909302e-02 3.703758493065834045e-02 3.899094089865684509e-02 3.312186151742935181e-02 4.350467398762702942e-02 2.924115397036075592e-02 6.534202396869659424e-02 2.807607948780059814e-01 9.065938740968704224e-02 2.873569168150424957e-02 5.965618882328271866e-03 4.641139134764671326e-02 9.341550059616565704e-03 4.239338636398315430e-02 2.377175353467464447e-02 2.727169543504714966e-02 7.984302192926406860e-02 1.721726730465888977e-02 2.983539178967475891e-02 4.722706228494644165e-02 4.502121824771165848e-03 2.098404318094253540e-01 1.703670807182788849e-02 1.470931023359298706e-01 1.986223645508289337e-02 3.517270460724830627e-02 1.354185515083372593e-03 2.044785395264625549e-02 3.686134144663810730e-02 1.987188123166561127e-02 7.358492910861968994e-02 2.098756283521652222e-02 1.632785424590110779e-02 3.027508966624736786e-02 3.090400807559490204e-02 6.347390823066234589e-03 3.213440626859664917e-02 1.985970698297023773e-02 1.275126785039901733e-01 1.010090205818414688e-02 2.344485186040401459e-02 2.984776347875595093e-02 4.382446408271789551e-02 2.643223851919174194e-02 2.108122780919075012e-02 5.983838438987731934e-02 5.235154554247856140e-02 1.761432155035436153e-03 5.871497839689254761e-02 4.483774304389953613e-02 4.761124029755592346e-02 3.203861787915229797e-02 3.372626006603240967e-02 5.463649332523345947e-02 4.211362451314926147e-03 4.797282442450523376e-02 8.041849732398986816e-02 7.330908626317977905e-02 4.161021113395690918e-02 3.759690374135971069e-02 4.725582897663116455e-02 2.432203106582164764e-02 4.427599534392356873e-02 2.684307284653186798e-02 2.675294689834117889e-02 2.796674333512783051e-02 2.059625834226608276e-02 1.265331869944930077e-03 4.665662348270416260e-02 4.626220837235450745e-02 2.961372025310993195e-03 5.452866107225418091e-02 1.175091043114662170e-02 9.898849762976169586e-03 3.272393718361854553e-02 4.582008812576532364e-03 5.916401278227567673e-03 9.261221438646316528e-02 5.697973817586898804e-02 1.943851262331008911e-02 1.327638886868953705e-02 8.093301206827163696e-03 1.080923527479171753e-01 6.445145606994628906e-02 1.390788424760103226e-02 1.165161840617656708e-02 3.248669963795691729e-04 3.550270572304725647e-02 3.258787095546722412e-02 7.279386371374130249e-02 5.416485015302896500e-03 3.914662078022956848e-02 2.923583798110485077e-02 2.660878933966159821e-02 1.854964159429073334e-02 2.702633105218410492e-02 4.907769151031970978e-03 7.022195309400558472e-02 4.305003210902214050e-02 1.022107899188995361e-02 5.379709880799055099e-03 7.958997972309589386e-03 1.636309549212455750e-02 5.796279758214950562e-02 1.549826934933662415e-02 2.748072706162929535e-02 6.583331618458032608e-03 2.683632820844650269e-02 3.100964613258838654e-02 1.235311198979616165e-02
1.803092658519744873e-01 1.960478723049163818e-01 1.369512081146240234e-02 6.821351125836372375e-03 7.289945334196090698e-02 8.918686211109161377e-02 9.175612032413482666e-02 1.557146292179822922e-02 7.068205624818801880e-03 4.687437415122985840e-02 1.155792772769927979e-01 6.534202396869659424e-02 1.796595868654549122e-03 1.230471655726432800e-01 5.240375921130180359e-02 1.942763663828372955e-02 1.885482226498425007e-03 5.142562836408615112e-02 2.194269001483917236e-02 7.041656970977783203e-02 4.747933894395828247e-02 1.112609356641769409e-02 6.953627616167068481e-02 2.980937063694000244e-02 3.479207307100296021e-02 6.927233189344406128e-02 2.705640159547328949e-02 3.885637223720550537e-02 5.768862366676330566e-02 1.128619653172791004e-03 3.524654731154441833e-02 4.705778136849403381e-02 1.445583626627922058e-02 2.992154099047183990e-03 2.789678797125816345e-02 4.329983144998550415e-02 3.621112927794456482e-02 5.306813120841979980e-02 4.525712504982948303e-02 6.946900486946105957e-02 5.180300027132034302e-02 5.352492630481719971e-02 9.340536780655384064e-03 9.609461762011051178e-03 2.995538525283336639e-02 2.030730247497558594e-04 3.310126811265945435e-02 2.717136591672897339e-02 1.712691038846969604e-02 6.935271434485912323e-03 4.929003771394491196e-03 6.715254485607147217e-02 6.485228240489959717e-02 1.416176091879606247e-02 6.563050299882888794e-02 2.109080553054809570e-02 1.477927621454000473e-02 1.693491265177726746e-02 1.941415481269359589e-02 2.054679952561855316e-02 1.397110149264335632e-02 4.601236432790756226e-02 1.385482586920261383e-02 3.484920039772987366e-02 4.014278203248977661e-02 1.322036087512969971e-01 2.041571401059627533e-02 6.491734087467193604e-02 6.751727312803268433e-02 1.311501488089561462e-02 1.888223178684711456e-02 8.052507764659821987e-04 5.499140545725822449e-02 1.503092702478170395e-02 5.816353857517242432e-02 5.503611173480749130e-03 4.052112251520156860e-02 3.227200359106063843e-02 2.070494927465915680e-02 5.922816321253776550e-02 1.260777097195386887e-02 2.147538028657436371e-02 1.451558899134397507e-02 1.450420171022415161e-02 3.389279916882514954e-02 5.377999693155288696e-02 2.425190992653369904e-02 1.339258439838886261e-02 1.694978401064872742e-02 4.435271769762039185e-02 3.705877065658569336e-02 2.657892368733882904e-02 3.307981044054031372e-02 4.230694472789764404e-02 3.035601787269115448e-02 1.417170185595750809e-02 6.880898028612136841e-03 7.297256030142307281e-03 4.637965466827154160e-03 2.675059251487255096e-03 2.321915142238140106e-02 5.315369460731744766e-03 2.211195975542068481e-02 2.861120179295539856e-02 3.593448549509048462e-03 2.031043171882629395e-02 6.859484314918518066e-02 7.719972729682922363e-02 5.185863003134727478e-02 4.014277830719947815e-02 5.083906929939985275e-03 1.663048751652240753e-02 4.113034904003143311e-02 2.124091843143105507e-03 8.114998787641525269e-02 4.187525436282157898e-02
