4.337044805288314819e-02 6.870844215154647827e-02 4.249750077724456787e-02 2.087027207016944885e-02 5.567921698093414307e-02 7.662073522806167603e-02 4.586852341890335083e-02 1.205361355096101761e-02 1.344640506431460381e-03 1.396218687295913696e-02 3.844652697443962097e-02 3.816393017768859863e-02 4.158359393477439880e-02 3.015729598701000214e-02 3.256416693329811096e-02 2.009057998657226562e-02 1.521463319659233093e-02 1.371227391064167023e-02 9.198599494993686676e-03 4.090600833296775818e-02 1.846786402165889740e-02 3.001337498426437378e-02 3.480956330895423889e-02 2.342032827436923981e-02 1.474834885448217392e-02 1.019968837499618530e-02 1.464343513362109661e-03 3.323998674750328064e-02 6.046749651432037354e-02 3.598280623555183411e-02 1.188504323363304138e-02 2.632194757461547852e-02 3.604985028505325317e-02 1.037297304719686508e-02 1.986817922443151474e-03 2.304804138839244843e-02 2.916586585342884064e-02 2.098538540303707123e-02 9.527876973152160645e-03 1.839750679209828377e-03 2.578238723799586296e-03 5.993180908262729645e-03 8.076723664999008179e-03 1.872796192765235901e-02 6.066399510018527508e-04 4.095942154526710510e-02 3.939578682184219360e-02 1.412351615726947784e-02 3.727774694561958313e-02 1.959233731031417847e-02 8.067097514867782593e-03 2.987476438283920288e-02 1.881162449717521667e-02 2.020088024437427521e-02 1.270891283638775349e-03 2.259943721583113074e-05 9.870330803096294403e-03 8.890907280147075653e-03 3.095498867332935333e-02 2.753877639770507812e-02 8.917158469557762146e-03 2.905633999034762383e-03 1.949702575802803040e-02 5.475955083966255188e-02 3.590383008122444153e-02 2.339364960789680481e-02 1.986595988273620605e-02 4.972176160663366318e-03 2.189926616847515106e-02 1.234024949371814728e-02 4.691589623689651489e-02 9.819510392844676971e-03 2.264835499227046967e-02 1.249976735562086105e-02 2.382209151983261108e-02 1.017862651497125626e-02 1.255013514310121536e-02 1.522558042779564857e-03 4.838392138481140137e-03 3.890614956617355347e-02 2.257335931062698364e-02 1.631639711558818817e-02 1.116523868404328823e-03 2.689909003674983978e-02 8.781957440078258514e-03 1.273264177143573761e-02 2.788397110998630524e-02 1.049297209829092026e-02 1.484422013163566589e-02 5.175036936998367310e-02 4.006749019026756287e-02 2.620673365890979767e-02 1.531434152275323868e-02 1.811332628130912781e-02 2.010686881840229034e-02 2.176042273640632629e-02 6.882000248879194260e-03 1.453181914985179901e-02 2.042572572827339172e-02 3.033979609608650208e-02 5.306741595268249512e-02 2.681533247232437134e-02 6.446305662393569946e-02 7.911790162324905396e-03 1.969757303595542908e-02 9.507698006927967072e-03 3.993162885308265686e-02 5.077949166297912598e-02 1.843085139989852905e-02 1.629429124295711517e-02 2.608431503176689148e-02 4.847607389092445374e-02 9.056544862687587738e-03 2.193693071603775024e-02 9.878005832433700562e-03 1.178997475653886795e-02
6.870844215154647827e-02 3.578586876392364502e-02 5.523111205548048019e-03 6.156062707304954529e-03 3.678449988365173340e-02 6.568802148103713989e-02 4.951037093997001648e-02 5.606556776911020279e-03 1.522637251764535904e-02 1.395690347999334335e-02 2.825177088379859924e-02 5.513856653124094009e-03 6.147110089659690857e-02 8.696305006742477417e-02 3.109320439398288727e-02 8.124343119561672211e-03 3.260992839932441711e-02 7.029817998409271240e-02 5.366332456469535828e-02 4.987207800149917603e-02 1.671163178980350494e-02 5.330833047628402710e-02 3.494269773364067078e-02 2.816549688577651978e-02 2.460018359124660492e-02 2.296480908989906311e-02 8.811260573565959930e-03 3.558310121297836304e-02 7.223515771329402924e-03 6.154314428567886353e-02 1.831525750458240509e-02 4.569535702466964722e-02 1.919869519770145416e-02 3.898029401898384094e-02 2.095755375921726227e-02 5.300396680831909180e-02 5.689173564314842224e-02 3.905934467911720276e-02 1.740772463381290436e-02 8.573622442781925201e-03 2.392473816871643066e-02 1.124766096472740173e-02 5.678952438756823540e-04 9.759666398167610168e-03 1.935116574168205261e-02 2.725143916904926300e-02 3.229052200913429260e-02 7.437213324010372162e-03 5.343689396977424622e-02 3.184681385755538940e-02 4.342029336839914322e-03 1.393177825957536697e-02 4.460991546511650085e-02 1.808246411383152008e-02 9.749384596943855286e-03 1.108270697295665741e-02 2.014978416264057159e-02 1.259352546185255051e-02 5.524433031678199768e-02 5.639839544892311096e-02 1.754812151193618774e-02 1.715860143303871155e-02 1.494559086859226227e-02 2.750381454825401306e-02 1.524367835372686386e-02 1.425591018050909042e-02 1.380636636167764664e-02 1.185468304902315140e-02 2.266959846019744873e-02 8.009356446564197540e-03 1.887080818414688110e-02 1.852657459676265717e-02 5.726845562458038330e-02 8.956684730947017670e-03 3.705542907118797302e-02 2.680739620700478554e-03 3.920652344822883606e-02 1.292854733765125275e-02 9.645259007811546326e-03 4.797815158963203430e-02 4.502213001251220703e-02 2.514943107962608337e-02 1.447769254446029663e-02 8.891799487173557281e-03 3.569908812642097473e-02 5.643803253769874573e-02 1.609683595597743988e-02 1.568591594696044922e-02 1.219048723578453064e-02 2.635306119918823242e-02 1.073511317372322083e-02 3.018663078546524048e-02 2.017144672572612762e-02 1.574981212615966797e-02 7.736472412943840027e-03 7.188397925347089767e-03 4.365532472729682922e-02 5.841354280710220337e-02 4.089582711458206177e-02 3.913686797022819519e-02 5.709923803806304932e-02 1.609241776168346405e-02 1.363473664969205856e-02 8.096101880073547363e-02 1.803746819496154785e-02 1.889573613880202174e-04 2.338020876049995422e-02 3.291824832558631897e-03 3.634281083941459656e-02 1.994822174310684204e-03 7.005750201642513275e-03 1.354530546814203262e-02 2.691527828574180603e-03 1.152674760669469833e-02 4.650801420211791992e-04 5.953506752848625183e-02
4.249750077724456787e-02 5.523111205548048019e-03 1.329608960077166557e-03 4.132942482829093933e-02 1.293310523033142090e-02 2.246694453060626984e-02 1.284643192775547504e-03 1.012269333004951477e-01 2.626839268486946821e-04 2.164746448397636414e-02 2.093668468296527863e-02 2.965975739061832428e-02 1.360351406037807465e-02 3.663818538188934326e-02 6.338793784379959106e-02 3.680829331278800964e-02 2.686050022020936012e-03 4.122088849544525146e-02 8.064779103733599186e-05 1.163383945822715759e-01 2.496234327554702759e-02 6.522320210933685303e-02 3.405868774279952049e-03 7.932136952877044678e-02 1.023120712488889694e-02 8.140943828038871288e-04 1.284701749682426453e-02 3.343626856803894043e-02 4.280569776892662048e-02 3.424410149455070496e-02 4.717865958809852600e-02 4.311073198914527893e-02 4.232386872172355652e-02 4.416541755199432373e-02 8.047194778919219971e-02 7.065394520759582520e-02 1.515351049602031708e-02 4.820942506194114685e-02 7.078644819557666779e-03 5.148848146200180054e-02 2.863904088735580444e-02 3.684618324041366577e-02 1.524454914033412933e-02 1.573125086724758148e-02 7.671691011637449265e-03 1.397050078958272934e-02 3.645196184515953064e-02 1.679297536611557007e-02 2.501929923892021179e-02 5.052626878023147583e-02 2.752059511840343475e-02 2.413910999894142151e-02 2.827779948711395264e-02 6.179019436240196228e-02 2.736016921699047089e-02 6.021743640303611755e-02 3.807195648550987244e-02 1.768150180578231812e-02 9.610088169574737549e-02 8.947030454874038696e-02 2.349902503192424774e-02 1.162788458168506622e-02 2.337606064975261688e-02 1.330737117677927017e-02 3.077366948127746582e-02 4.626131802797317505e-02 3.131398232653737068e-03 4.772212821990251541e-03 6.258915364742279053e-02 5.037302151322364807e-02 3.461039438843727112e-02 2.829146012663841248e-02 2.096836082637310028e-02 2.062516100704669952e-02 2.536609955132007599e-02 1.903111860156059265e-02 1.202981546521186829e-02 4.671642556786537170e-02 4.536221176385879517e-02 5.503883957862854004e-02 1.643043160438537598e-01 5.827283486723899841e-02 7.217131555080413818e-02 4.664856195449829102e-02 3.891441738232970238e-03 5.562633275985717773e-03 5.369964241981506348e-02 5.354420468211174011e-02 4.012999683618545532e-02 3.737324476242065430e-02 2.973146736621856689e-02 2.945170737802982330e-02 2.216381207108497620e-02 4.936277866363525391e-02 1.805645599961280823e-02 2.346887439489364624e-02 3.020925261080265045e-02 8.069377392530441284e-02 5.209236592054367065e-02 3.469490259885787964e-02 9.008085727691650391e-02 3.929477185010910034e-02 3.409696975722908974e-03 1.279635578393936157e-01 3.281769901514053345e-02 6.672477722167968750e-02 4.413509368896484375e-02 4.564246162772178650e-03 4.065092280507087708e-02 1.772396825253963470e-02 6.404729187488555908e-02 1.414033700712025166e-03 3.839463740587234497e-02 4.592653363943099976e-02 5.222988314926624298e-03 2.691974863409996033e-02
2.087027207016944885e-02 6.156062707304954529e-03 4.132942482829093933e-02 4.093412309885025024e-02 2.016584202647209167e-02 2.932964079082012177e-02 1.236445549875497818e-02 1.496303677558898926e-01 2.300059609115123749e-02 1.374812889844179153e-02 3.066988289356231689e-02 3.899491578340530396e-02 1.666017808020114899e-02 8.901248127222061157e-02 3.855903400108218193e-03 2.975462004542350769e-03 6.297474354505538940e-02 1.713948091492056847e-03 1.407091133296489716e-02 4.397011548280715942e-02 2.074848301708698273e-02 4.202669113874435425e-02 2.151587232947349548e-02 2.143956534564495087e-02 1.457830425351858139e-03 3.907785937190055847e-02 6.744094938039779663e-02 6.703810393810272217e-02 3.237272799015045166e-02 1.092924848198890686e-01 1.502571627497673035e-02 2.370545640587806702e-02 7.059124857187271118e-02 7.928045466542243958e-03 3.900332748889923096e-02 3.042596764862537384e-02 4.108016937971115112e-02 6.527432054281234741e-02 4.330033808946609497e-02 2.768578566610813141e-02 6.404970586299896240e-02 6.627846974879503250e-03 3.955990076065063477e-02 9.004149585962295532e-02 3.643556684255599976e-02 1.706295832991600037e-02 3.609522804617881775e-02 3.613425418734550476e-02 1.365844160318374634e-02 4.021828249096870422e-02 4.680546000599861145e-02 8.048880845308303833e-03 1.780913444235920906e-03 2.866926230490207672e-02 3.051006235182285309e-02 1.772006042301654816e-02 3.593571111559867859e-02 1.328238192945718765e-02 8.907575905323028564e-02 4.317749664187431335e-02 1.513276994228363037e-01 1.070639938116073608e-01 3.040445223450660706e-02 5.199840292334556580e-02 1.067768409848213196e-02 2.852287329733371735e-02 4.953244701027870178e-02 3.603795170783996582e-02 6.653017550706863403e-02 1.645715720951557159e-02 8.187663555145263672e-02 4.079030454158782959e-02 8.745331317186355591e-02 5.979820340871810913e-02 1.543244868516921997e-01 4.859904572367668152e-02 2.283942652866244316e-03 8.861962705850601196e-02 6.534539908170700073e-02 6.395010650157928467e-02 5.972337722778320312e-02 4.544878751039505005e-02 1.309606581926345825e-01 2.406017668545246124e-02 4.673403128981590271e-02 1.550155878067016602e-02 3.441607207059860229e-02 2.757855132222175598e-02 1.965370029211044312e-02 2.373062260448932648e-02 2.573387511074542999e-02 8.594162762165069580e-02 2.637016400694847107e-02 4.937536269426345825e-02 1.875080354511737823e-02 8.038707822561264038e-02 9.541007876396179199e-02 2.608565241098403931e-02 9.714765846729278564e-02 1.008184161037206650e-02 5.325593426823616028e-02 4.341403767466545105e-02 4.350051283836364746e-02 1.049774885177612305e-02 3.667948395013809204e-02 2.494181506335735321e-02 1.799396425485610962e-01 4.745667055249214172e-02 1.076774597167968750e-01 2.341265045106410980e-02 6.513795256614685059e-02 1.043470129370689392e-01 4.844359681010246277e-02 1.118101924657821655e-02 2.555177547037601471e-02 1.670970767736434937e-02
5.567921698093414307e-02 3.678449988365173340e-02 1.293310523033142090e-02 2.016584202647209167e-02 4.308319464325904846e-02 4.037418588995933533e-02 1.371665019541978836e-02 3.610116196796298027e-03 2.715456113219261169e-02 4.278064891695976257e-02 3.830371052026748657e-02 8.536068350076675415e-02 1.505739614367485046e-02 1.075416877865791321e-01 1.632036827504634857e-02 3.085802868008613586e-02 5.755821987986564636e-02 3.736016340553760529e-03 6.399244535714387894e-03 4.341166466474533081e-02 1.148591935634613037e-02 2.577487751841545105e-02 7.544329017400741577e-02 9.089196473360061646e-02 2.028122544288635254e-02 5.208972096443176270e-02 2.381678298115730286e-02 6.182308495044708252e-02 1.790486043319106102e-03 1.355130225419998169e-01 7.248370908200740814e-03 8.742258697748184204e-02 1.943748258054256439e-02 9.109549224376678467e-03 5.464053153991699219e-02 8.553557842969894409e-02 1.035020053386688232e-01 8.283172547817230225e-02 1.031316164880990982e-02 2.318708784878253937e-02 3.820071369409561157e-02 1.361488271504640579e-02 1.509897131472826004e-02 6.058129668235778809e-02 3.791622444987297058e-02 4.884153231978416443e-02 4.461265355348587036e-02 2.370941825211048126e-02 1.432450767606496811e-02 2.663722075521945953e-02 2.879626490175724030e-02 3.632628172636032104e-02 6.484709680080413818e-03 4.257092997431755066e-02 4.182641208171844482e-02 4.641848057508468628e-02 4.310425743460655212e-02 5.849913880228996277e-02 3.900245577096939087e-02 4.698517732322216034e-03 6.935015320777893066e-02 8.308255672454833984e-02 1.919063776731491089e-01 7.375706732273101807e-02 2.396343834698200226e-02 4.218696430325508118e-02 5.778230726718902588e-02 3.063447307795286179e-03 1.280383765697479248e-01 2.020431123673915863e-02 1.644451767206192017e-01 3.637930378317832947e-02 7.172074913978576660e-02 3.361768648028373718e-02 9.968928061425685883e-03 7.803212106227874756e-02 5.996664240956306458e-02 3.813462331891059875e-02 1.015841029584407806e-02 4.958686605095863342e-02 5.541324242949485779e-02 1.143253408372402191e-02 8.646064437925815582e-03 5.470541305840015411e-03 4.270017519593238831e-02 5.246612802147865295e-02 4.376633092761039734e-02 7.852884940803050995e-03 6.832384318113327026e-02 1.160603761672973633e-02 4.379619285464286804e-02 1.227405853569507599e-02 1.800054684281349182e-02 3.775092959403991699e-02 3.488842025399208069e-02 3.073861263692378998e-02 5.934980884194374084e-02 1.114952042698860168e-01 2.691835910081863403e-02 9.239604696631431580e-03 7.440055906772613525e-02 1.147238817065954208e-02 7.855643332004547119e-02 7.569032162427902222e-02 4.871439561247825623e-02 3.611150011420249939e-02 1.230498701333999634e-01 1.917438022792339325e-02 3.214177861809730530e-02 1.924855750985443592e-03 6.034676358103752136e-02 1.852592229843139648e-01 1.979449950158596039e-02 2.091221883893013000e-02 2.532173320651054382e-02 6.811862811446189880e-03
7.662073522806167603e-02 6.568802148103713989e-02 2.246694453060626984e-02 2.932964079082012177e-02 4.037418588995933533e-02 2.660161443054676056e-02 9.899786114692687988e-02 2.011949568986892700e-02 2.474835515022277832e-02 3.645852440968155861e-03 3.828809410333633423e-02 2.982333302497863770e-02 1.715886965394020081e-02 1.346943341195583344e-02 1.520389597862958908e-02 4.269863944500684738e-03 1.088640280067920685e-02 4.097526147961616516e-02 2.327426336705684662e-02 4.438993334770202637e-02 1.248220913112163544e-02 4.855199530720710754e-02 1.581155881285667419e-02 8.259044960141181946e-03 1.816781982779502869e-02 6.781615666113793850e-04 9.021810255944728851e-03 2.864884585142135620e-02 4.872283339500427246e-02 7.713893055915832520e-02 6.695406977087259293e-03 2.657950110733509064e-02 1.133243204094469547e-03 1.075864583253860474e-02 1.685572043061256409e-02 3.899047896265983582e-02 8.840287104249000549e-03 3.742444515228271484e-02 1.405005250126123428e-02 3.548610582947731018e-02 4.757984355092048645e-02 2.462316118180751801e-02 3.588396066334098577e-04 1.400052424287423491e-04 4.565873742103576660e-02 2.802128531038761139e-02 9.262465685606002808e-02 5.052503943443298340e-02 4.293195530772209167e-02 1.343729556538164616e-03 3.178219497203826904e-02 3.175906464457511902e-02 1.671775802969932556e-02 2.860589139163494110e-02 1.528288889676332474e-02 2.373389899730682373e-03 7.876755669713020325e-03 1.945576071739196777e-02 3.536765649914741516e-02 7.846147753298282623e-03 2.550538443028926849e-02 2.017544396221637726e-02 6.261941045522689819e-02 1.751387119293212891e-02 2.907345257699489594e-02 1.926365494728088379e-02 1.572214253246784210e-02 4.277463071048259735e-03 1.870564185082912445e-02 1.471379306167364120e-03 2.836364321410655975e-02 1.785798557102680206e-02 3.168206289410591125e-02 1.568922400474548340e-02 3.704463690519332886e-02 7.274915929883718491e-03 2.087611891329288483e-02 3.685557097196578979e-02 4.938792809844017029e-02 3.589385002851486206e-02 2.216366864740848541e-02 8.970508351922035217e-03 1.071459613740444183e-02 1.184794120490550995e-02 6.810218095779418945e-03 1.072437316179275513e-02 1.060099899768829346e-02 5.098010227084159851e-02 7.154625840485095978e-03 4.992640390992164612e-02 2.726269885897636414e-02 1.808842271566390991e-02 1.510043162852525711e-02 2.314661256968975067e-02 6.227763742208480835e-02 8.532092906534671783e-03 2.146438322961330414e-02 2.507679909467697144e-02 3.303875401616096497e-02 4.180806130170822144e-02 3.780205920338630676e-02 2.110151574015617371e-02 4.361325874924659729e-02 2.122643589973449707e-02 2.210426144301891327e-02 2.047470398247241974e-02 3.869404271245002747e-02 5.781919229775667191e-03 4.980484489351511002e-03 9.690104052424430847e-03 8.242811076343059540e-03 3.744687139987945557e-02 4.660660400986671448e-03 1.785066537559032440e-02 4.139668866991996765e-02 3.168632462620735168e-02
4.586852341890335083e-02 4.951037093997001648e-02 1.284643192775547504e-03 1.236445549875497818e-02 1.371665019541978836e-02 9.899786114692687988e-02 5.400479212403297424e-02 3.533430024981498718e-02 2.668602950870990753e-02 3.770377114415168762e-02 2.561782673001289368e-02 3.639785572886466980e-02 3.126811981201171875e-02 1.085609849542379379e-02 1.660628803074359894e-02 2.821709029376506805e-02 3.067864105105400085e-03 2.057280950248241425e-02 1.016578823328018188e-02 6.330902688205242157e-03 2.486588992178440094e-02 4.009631648659706116e-02 1.029149629175662994e-02 1.586573198437690735e-03 1.683439873158931732e-02 7.619365118443965912e-03 8.566605858504772186e-03 2.676977403461933136e-02 3.553424775600433350e-02 1.687228307127952576e-02 1.051831524819135666e-02 5.199688300490379333e-02 1.983234845101833344e-02 1.688806153833866119e-02 1.704119890928268433e-02 3.075688518583774567e-02 1.982156746089458466e-02 3.869985789060592651e-02 1.845006272196769714e-02 2.626697905361652374e-02 5.239265412092208862e-02 2.375080017372965813e-03 6.932314950972795486e-03 1.762823387980461121e-02 1.332059781998395920e-02 1.711920276284217834e-02 6.048699468374252319e-02 5.980185419321060181e-02 4.583977535367012024e-02 7.646941579878330231e-03 1.981589756906032562e-02 1.177313923835754395e-02 1.761049788910895586e-04 1.061946433037519455e-02 4.121818393468856812e-02 9.790912270545959473e-03 2.415742538869380951e-02 4.468433093279600143e-03 4.829791933298110962e-02 4.503064602613449097e-02 1.499315351247787476e-02 2.304380014538764954e-02 3.013142012059688568e-02 3.833146020770072937e-02 3.914176672697067261e-02 2.693760581314563751e-02 7.195135112851858139e-03 1.304230559617280960e-02 3.744579851627349854e-02 1.218821574002504349e-02 5.189539492130279541e-02 1.376166660338640213e-02 4.941293597221374512e-02 4.712648317217826843e-02 1.007012724876403809e-01 1.592830382287502289e-02 5.028530023992061615e-03 3.000840358436107635e-02 2.294930629432201385e-02 1.567556895315647125e-02 1.126319449394941330e-02 3.192616626620292664e-02 2.009004354476928711e-03 2.672174200415611267e-02 1.072352193295955658e-02 1.817710511386394501e-02 2.021848037838935852e-02 2.636988274753093719e-02 2.038224600255489349e-02 2.979124337434768677e-02 3.410617634654045105e-02 3.082035668194293976e-02 1.966379210352897644e-02 3.276520967483520508e-02 4.447113350033760071e-02 3.255968168377876282e-02 4.060493782162666321e-02 1.752952084643766284e-05 1.909416168928146362e-02 1.984004676342010498e-02 1.971789821982383728e-02 2.836682461202144623e-02 4.015212133526802063e-02 2.207501232624053955e-02 2.546975016593933105e-02 6.702795624732971191e-03 3.116790950298309326e-02 2.435689419507980347e-02 3.120879456400871277e-02 2.722852863371372223e-03 3.547443822026252747e-02 2.277052216231822968e-02 1.733866520226001740e-02 9.577677585184574127e-03 4.997231066226959229e-02 6.347066164016723633e-02
1.205361355096101761e-02 5.606556776911020279e-03 1.012269333004951477e-01 1.496303677558898926e-01 3.610116196796298027e-03 2.011949568986892700e-02 3.533430024981498718e-02 1.252939254045486450e-01 6.427486240863800049e-02 1.130114495754241943e-02 2.714690007269382477e-02 1.548398053273558617e-03 3.218400105834007263e-02 5.437315627932548523e-02 1.593743413686752319e-01 5.727522820234298706e-02 3.456652164459228516e-02 2.883257530629634857e-02 4.470156878232955933e-02 5.845280364155769348e-02 5.156407877802848816e-02 2.354297600686550140e-02 5.093367770314216614e-02 4.708235710859298706e-02 1.807577908039093018e-02 2.516166865825653076e-02 1.599759049713611603e-02 5.076305940747261047e-02 4.119023308157920837e-02 1.503535807132720947e-01 4.167212545871734619e-02 2.391508407890796661e-02 3.376672044396400452e-02 6.774100475013256073e-03 1.295723915100097656e-01 4.073160141706466675e-02 1.529279351234436035e-02 3.849345818161964417e-02 7.121623493731021881e-03 3.211319912225008011e-03 1.103448122739791870e-02 4.456491023302078247e-02 8.693262934684753418e-03 4.280631989240646362e-02 3.728618845343589783e-02 1.396076846867799759e-02 3.538445010781288147e-02 2.708987565711140633e-03 8.900930732488632202e-02 4.024332016706466675e-02 5.241058766841888428e-02 1.312959380447864532e-02 4.643823206424713135e-02 4.302885755896568298e-02 2.693747915327548981e-02 1.773558743298053741e-02 1.927799172699451447e-02 1.539541594684123993e-02 2.499225363135337830e-02 4.004944860935211182e-02 5.438152700662612915e-02 3.985213488340377808e-02 1.329785445705056190e-03 5.992920137941837311e-03 7.643313147127628326e-03 7.650755345821380615e-03 5.970810353755950928e-02 2.569638006389141083e-02 8.920340985059738159e-02 3.930699452757835388e-02 2.482107654213905334e-02 4.676112532615661621e-02 4.716098681092262268e-02 6.386380642652511597e-02 3.269692137837409973e-02 4.415716044604778290e-03 7.246710360050201416e-02 1.156370714306831360e-02 8.477357914671301842e-04 2.023298293352127075e-02 2.533421516418457031e-01 1.992280185222625732e-01 5.639256164431571960e-02 4.868322983384132385e-03 4.987151548266410828e-02 5.223889369517564774e-03 1.551167517900466919e-01 6.206348165869712830e-02 8.773852884769439697e-02 4.748568311333656311e-02 1.674180850386619568e-02 1.346765831112861633e-02 5.580989643931388855e-02 1.383236236870288849e-02 2.476154454052448273e-02 5.287762358784675598e-02 3.552570939064025879e-02 2.977830916643142700e-02 2.081332542002201080e-02 1.217566709965467453e-02 1.130404882133007050e-02 3.805338963866233826e-02 7.931400090456008911e-03 5.004752799868583679e-02 4.682818800210952759e-02 7.883515208959579468e-03 2.615332603454589844e-02 1.099785789847373962e-02 6.163865327835083008e-02 2.676989696919918060e-02 2.389371581375598907e-02 2.415315993130207062e-02 1.998648233711719513e-02 2.893797308206558228e-02 4.058841615915298462e-02 1.379028894007205963e-02
1.344640506431460381e-03 1.522637251764535904e-02 2.626839268486946821e-04 2.300059609115123749e-02 2.715456113219261169e-02 2.474835515022277832e-02 2.668602950870990753e-02 6.427486240863800049e-02 6.771738827228546143e-02 7.361532747745513916e-02 3.758178278803825378e-02 4.794808477163314819e-02 3.606561943888664246e-02 3.493033349514007568e-02 4.206769168376922607e-02 8.190798759460449219e-02 6.562015414237976074e-02 1.144565343856811523e-01 9.110561572015285492e-03 1.056074872612953186e-01 4.732106812298297882e-03 1.282998640090227127e-02 7.524370215833187103e-03 2.810247428715229034e-02 6.527700461447238922e-03 4.709355533123016357e-03 1.710907928645610809e-02 2.338238433003425598e-02 2.244898118078708649e-02 3.455147519707679749e-02 2.957333810627460480e-02 2.332811243832111359e-02 5.177564918994903564e-02 5.311803147196769714e-02 3.278357163071632385e-02 5.515502393245697021e-02 5.667614564299583435e-02 2.536718174815177917e-02 2.290796115994453430e-02 1.068274583667516708e-02 4.822049662470817566e-02 1.004047393798828125e-01 7.585124671459197998e-02 9.152795188128948212e-03 6.937716156244277954e-02 3.071302315220236778e-03 6.276528816670179367e-03 4.986281506717205048e-03 4.609858244657516479e-02 2.177923358976840973e-02 5.484014376997947693e-02 5.870556086301803589e-02 3.787343576550483704e-02 2.136046998202800751e-02 1.108012795448303223e-01 5.205627996474504471e-03 1.296266168355941772e-02 4.760374128818511963e-02 2.390178106725215912e-02 2.810592576861381531e-02 4.555018991231918335e-02 1.266667502932250500e-03 2.501109987497329712e-02 2.279663644731044769e-02 3.040137467905879021e-03 9.428072720766067505e-03 3.624926507472991943e-02 2.667481079697608948e-03 6.709440797567367554e-02 1.758121699094772339e-02 2.531961165368556976e-02 1.634651236236095428e-02 8.290456235408782959e-02 3.099007299169898033e-03 1.277055311948060989e-02 4.648840427398681641e-02 2.112701684236526489e-01 9.556179493665695190e-02 1.425887197256088257e-01 4.799233376979827881e-02 9.457232803106307983e-02 4.690076038241386414e-02 2.009943872690200806e-02 1.027891784906387329e-02 1.961617544293403625e-02 2.012520097196102142e-02 6.913931574672460556e-03 2.629036456346511841e-02 7.273931801319122314e-02 3.400896862149238586e-02 4.493811167776584625e-03 9.736933745443820953e-03 6.008743867278099060e-02 3.859756747260689735e-03 3.197730705142021179e-02 6.594655662775039673e-02 3.275320306420326233e-02 4.835612699389457703e-02 5.613502487540245056e-02 1.117481384426355362e-02 5.472055450081825256e-02 4.545754194259643555e-02 8.245585858821868896e-02 1.426211837679147720e-02 3.138629719614982605e-02 5.410112068057060242e-02 6.455532461404800415e-02 3.037183731794357300e-02 1.280780695378780365e-02 3.169732401147484779e-03 1.228308770805597305e-02 5.196335911750793457e-02 5.821729451417922974e-02 6.863797456026077271e-02 3.844647109508514404e-02 1.997768506407737732e-02
1.396218687295913696e-02 1.395690347999334335e-02 2.164746448397636414e-02 1.374812889844179153e-02 4.278064891695976257e-02 3.645852440968155861e-03 3.770377114415168762e-02 1.130114495754241943e-02 7.361532747745513916e-02 1.054351702332496643e-01 2.828484401106834412e-02 5.111145600676536560e-02 4.969168454408645630e-03 8.771210908889770508e-03 3.452697396278381348e-02 8.516751229763031006e-02 6.214641779661178589e-02 4.035256803035736084e-02 7.851484417915344238e-02 1.855484675616025925e-03 2.379232272505760193e-02 1.098012551665306091e-02 3.882182529196143150e-03 7.109092921018600464e-02 4.971297085285186768e-02 2.787527628242969513e-02 1.251479145139455795e-03 3.792874887585639954e-02 2.546622185036540031e-03 3.937957435846328735e-02 4.132198914885520935e-02 3.601971641182899475e-02 6.771909445524215698e-02 4.528843332082033157e-03 2.165818028151988983e-02 1.073749363422393799e-02 3.461850807070732117e-02 9.016469120979309082e-03 4.960158839821815491e-02 5.326556041836738586e-03 3.223832324147224426e-02 3.311272338032722473e-02 1.592827402055263519e-02 5.188827961683273315e-02 5.511284992098808289e-02 5.865261703729629517e-02 2.145687863230705261e-02 2.041965723037719727e-02 2.203666977584362030e-02 6.652396917343139648e-02 4.067502543330192566e-02 1.821981626562774181e-03 5.072123557329177856e-02 5.432885605841875076e-03 1.660611364059150219e-03 7.171711325645446777e-02 5.182235687971115112e-02 3.861759230494499207e-02 1.933493837714195251e-02 1.475942134857177734e-02 7.735220342874526978e-02 3.849326446652412415e-02 2.648678608238697052e-02 4.640688002109527588e-02 1.551011297851800919e-02 1.810029149055480957e-02 2.953710779547691345e-02 2.456200495362281799e-02 4.610280692577362061e-02 3.114278614521026611e-02 1.264087972231209278e-03 2.492787316441535950e-02 9.247300028800964355e-02 7.603736221790313721e-02 4.795044288039207458e-02 4.262841120362281799e-02 4.690388217568397522e-03 1.630524843931198120e-01 2.027467265725135803e-02 1.459749042987823486e-01 5.799408629536628723e-02 5.158866569399833679e-02 1.342226937413215637e-02 9.322340786457061768e-02 1.923863589763641357e-02 1.756321755237877369e-03 3.577569499611854553e-02 2.336259465664625168e-03 1.101643890142440796e-01 1.372011452913284302e-01 2.131008170545101166e-02 2.853199094533920288e-02 4.589523375034332275e-02 1.875620707869529724e-02 1.122545637190341949e-02 7.371173053979873657e-02 2.364149875938892365e-02 4.200816527009010315e-02 1.841812580823898315e-02 3.528126329183578491e-02 1.807458885014057159e-02 5.651572719216346741e-02 4.404048249125480652e-02 2.774119004607200623e-02 4.474943876266479492e-02 1.041651051491498947e-02 4.492393694818019867e-03 2.675308473408222198e-02 5.533859133720397949e-02 4.234779626131057739e-02 2.514802850782871246e-02 5.632765218615531921e-02 4.216609522700309753e-03 1.940937526524066925e-02 6.178698968142271042e-03 2.959485398605465889e-03
3.844652697443962097e-02 2.825177088379859924e-02 2.093668468296527863e-02 3.066988289356231689e-02 3.830371052026748657e-02 3.828809410333633423e-02 2.561782673001289368e-02 2.714690007269382477e-02 3.758178278803825378e-02 2.828484401106834412e-02 4.791818186640739441e-02 1.988391950726509094e-02 4.628755152225494385e-02 1.499648089520633221e-03 2.969388850033283234e-02 2.205855958163738251e-02 2.028540242463350296e-03 6.233109161257743835e-02 3.491358831524848938e-02 1.369101833552122116e-02 1.597893424332141876e-02 4.873883351683616638e-02 2.067086100578308105e-02 1.855947426520287991e-03 7.842080667614936829e-03 1.056233607232570648e-02 3.742084652185440063e-02 1.395516842603683472e-02 7.529458403587341309e-02 1.093457080423831940e-02 3.558624908328056335e-02 1.035067625343799591e-02 3.613740205764770508e-02 8.910674601793289185e-03 1.038323622196912766e-02 1.613526837900280952e-03 1.603044196963310242e-02 5.373397376388311386e-03 5.189312621951103210e-02 3.723299503326416016e-02 1.874861866235733032e-02 2.519468404352664948e-02 2.601063437759876251e-02 4.525496065616607666e-02 5.298396199941635132e-02 1.439334731549024582e-02 2.447614073753356934e-02 2.700484357774257660e-02 2.573407813906669617e-02 1.254959776997566223e-02 2.389410138130187988e-02 1.843156106770038605e-02 3.461740911006927490e-02 3.208008408546447754e-02 1.884191296994686127e-02 2.493073791265487671e-02 8.174031041562557220e-03 2.210323326289653778e-02 1.953177526593208313e-02 3.374467417597770691e-02 9.508889168500900269e-03 8.364955894649028778e-03 4.177744686603546143e-02 4.753839969635009766e-02 3.398172557353973389e-02 2.936862036585807800e-02 2.999491989612579346e-03 2.131727896630764008e-02 7.299446500837802887e-03 3.673030808568000793e-02 1.464836951345205307e-02 3.476233407855033875e-02 4.254790954291820526e-03 1.999072544276714325e-02 3.530154004693031311e-02 4.682161286473274231e-02 1.601814851164817810e-02 1.618313975632190704e-02 4.273015633225440979e-02 6.757474504411220551e-03 1.206951588392257690e-02 8.744034916162490845e-03 3.013831935822963715e-02 7.249954622238874435e-03 7.063792436383664608e-04 2.483675256371498108e-03 1.686506159603595734e-02 1.317870058119297028e-02 6.898653227835893631e-03 6.689893454313278198e-02 1.429175678640604019e-02 4.227085784077644348e-02 3.790693590417504311e-03 2.594221010804176331e-02 2.954603545367717743e-02 5.323091056197881699e-03 5.789326503872871399e-02 4.208069667220115662e-02 1.439602393656969070e-02 1.171871274709701538e-02 8.605797484051436186e-05 2.360832691192626953e-02 9.977402165532112122e-03 6.306219100952148438e-02 2.853637561202049255e-02 1.080223883036524057e-04 1.188073400408029556e-02 2.955531142652034760e-02 2.715135738253593445e-02 2.730259299278259277e-02 6.871803198009729385e-03 2.150166779756546021e-02 1.300561614334583282e-02 1.714587956666946411e-02 2.232705242931842804e-02 8.223281241953372955e-03
3.816393017768859863e-02 5.513856653124094009e-03 2.965975739061832428e-02 3.899491578340530396e-02 8.536068350076675415e-02 2.982333302497863770e-02 3.639785572886466980e-02 1.548398053273558617e-03 4.794808477163314819e-02 5.111145600676536560e-02 1.988391950726509094e-02 1.112484261393547058e-01 2.412126772105693817e-02 2.137115001678466797e-01 1.366390194743871689e-02 1.045442074537277222e-01 3.599138557910919189e-02 2.246392396045848727e-04 9.876362979412078857e-02 4.786911234259605408e-02 3.907436132431030273e-02 3.121178969740867615e-02 1.970090419054031372e-01 7.039446383714675903e-02 1.441786345094442368e-02 4.063762351870536804e-02 3.291965276002883911e-02 8.661404252052307129e-02 5.229644477367401123e-03 1.826476752758026123e-01 1.594848558306694031e-02 2.595863677561283112e-02 2.370636165142059326e-02 4.120267927646636963e-02 4.859756678342819214e-03 2.120280265808105469e-02 2.006807178258895874e-02 2.192834950983524323e-02 6.135578267276287079e-03 4.684226214885711670e-02 3.885347768664360046e-02 6.116048898547887802e-03 5.869643297046422958e-03 2.930900827050209045e-02 1.639882177114486694e-01 1.893819496035575867e-02 3.344808891415596008e-02 1.697998680174350739e-02 3.024218045175075531e-02 2.811150252819061279e-02 1.273702923208475113e-02 4.826175794005393982e-02 4.928002133965492249e-02 3.704572096467018127e-02 3.581608645617961884e-03 1.489658933132886887e-02 2.766732499003410339e-02 6.860173307359218597e-03 2.232816256582736969e-02 9.392276406288146973e-03 1.146204187534749508e-03 3.655005618929862976e-02 6.571652367711067200e-03 6.463609635829925537e-02 1.680833101272583008e-02 5.070243030786514282e-03 2.499766089022159576e-02 6.871615070849657059e-03 1.770228892564773560e-02 3.217936679720878601e-02 1.286838762462139130e-02 1.140120811760425568e-02 7.182173896580934525e-03 6.696496158838272095e-03 7.781246304512023926e-02 2.408397570252418518e-02 1.308049559593200684e-01 4.297074675559997559e-02 1.097977235913276672e-01 1.101028453558683395e-02 4.716528207063674927e-02 1.285695657134056091e-02 2.432365436106920242e-03 5.887098982930183411e-02 5.215650796890258789e-02 1.220397278666496277e-02 3.538484126329421997e-02 2.759348601102828979e-02 6.368196569383144379e-03 5.349710956215858459e-02 5.459111649543046951e-03 2.867722325026988983e-02 2.720429794862866402e-03 2.003332972526550293e-02 1.532446313649415970e-02 6.898181140422821045e-02 2.689560130238533020e-02 3.196673933416604996e-03 5.369122326374053955e-02 3.901126561686396599e-03 5.028906092047691345e-02 5.793486908078193665e-02 1.167728602886199951e-01 7.811971940100193024e-03 6.261725723743438721e-02 6.380937993526458740e-03 7.543469965457916260e-02 4.830045998096466064e-02 4.714427143335342407e-02 1.053457986563444138e-02 1.262877583503723145e-01 3.423194959759712219e-02 1.120273955166339874e-02 2.853842824697494507e-02 9.602093696594238281e-02 1.973051577806472778e-02
4.158359393477439880e-02 6.147110089659690857e-02 1.360351406037807465e-02 1.666017808020114899e-02 1.505739614367485046e-02 1.715886965394020081e-02 3.126811981201171875e-02 3.218400105834007263e-02 3.606561943888664246e-02 4.969168454408645630e-03 4.628755152225494385e-02 2.412126772105693817e-02 2.581141144037246704e-02 1.883155107498168945e-02 5.737468600273132324e-02 1.652131043374538422e-02 3.947106655687093735e-03 2.987891994416713715e-02 2.409755066037178040e-02 4.075189679861068726e-02 1.180933322757482529e-02 3.893626108765602112e-02 5.682546179741621017e-03 1.557416841387748718e-02 2.325912937521934509e-02 9.565197862684726715e-03 1.986676082015037537e-02 1.055532786995172501e-02 3.726676851511001587e-02 3.608250990509986877e-02 1.975666359066963196e-02 6.110856193117797375e-04 3.388252854347229004e-02 4.786427132785320282e-03 2.667485922574996948e-02 2.876450773328542709e-03 9.793631732463836670e-03 6.207581143826246262e-03 7.794483099132776260e-03 4.318969324231147766e-03 1.888322271406650543e-02 1.735716499388217926e-02 9.235152043402194977e-03 6.798063963651657104e-02 6.875040940940380096e-03 2.588223293423652649e-02 2.239793352782726288e-02 2.918115630745887756e-02 1.051358226686716080e-02 1.990083977580070496e-02 3.364138538017868996e-03 9.988460689783096313e-03 4.155084118247032166e-02 9.280882775783538818e-03 1.294531952589750290e-02 5.028327461332082748e-03 6.255683954805135727e-03 1.664308831095695496e-02 3.790843486785888672e-02 1.727547845803201199e-03 2.230971306562423706e-02 1.860976777970790863e-02 6.495656818151473999e-02 9.031536057591438293e-03 4.470115154981613159e-02 3.723730146884918213e-02 5.530693102627992630e-03 1.326745469123125076e-02 6.840500514954328537e-03 5.919671151787042618e-03 4.391472414135932922e-02 5.616646632552146912e-02 2.498677559196949005e-02 4.591642692685127258e-02 3.741668537259101868e-02 5.671030655503273010e-02 1.732068718411028385e-03 2.178073488175868988e-02 1.927615515887737274e-02 2.345411106944084167e-02 4.696047678589820862e-02 3.489494696259498596e-02 3.127186745405197144e-02 2.978027053177356720e-02 2.194323344156146049e-03 2.101388201117515564e-02 4.512205719947814941e-02 5.927519127726554871e-02 4.686861485242843628e-02 6.258369982242584229e-02 2.195546030998229980e-02 4.453357681632041931e-02 1.115229167044162750e-02 2.731710672378540039e-02 1.494718901813030243e-02 7.963003590703010559e-04 3.778108209371566772e-02 8.116434514522552490e-02 1.990540139377117157e-02 7.759519387036561966e-03 5.470271781086921692e-02 3.447170555591583252e-02 6.272980477660894394e-03 7.387618999928236008e-03 7.269382942467927933e-03 3.007660433650016785e-02 4.866312071681022644e-02 1.013571023941040039e-02 1.629298739135265350e-02 8.062165230512619019e-03 3.767815884202718735e-03 3.901600837707519531e-02 5.067817401140928268e-03 8.737115189433097839e-03 3.795425221323966980e-02 2.160673215985298157e-02
