1.291905939579010010e-01 2.317545413970947266e-01 1.901836134493350983e-02 3.307402133941650391e-03 4.707100987434387207e-02 1.481643468141555786e-01 8.281135559082031250e-02 9.771647863090038300e-03 4.115491732954978943e-02 5.704904906451702118e-03 1.314221173524856567e-01 3.241581469774246216e-02 1.224054321646690369e-01 5.002729594707489014e-02 3.031494095921516418e-02 1.297798845916986465e-02 2.663325285539031029e-03 3.972804918885231018e-02 4.028960829600691795e-04 1.645392365753650665e-02 1.199703663587570190e-02 3.029731474816799164e-02 1.612487249076366425e-03 1.946233678609132767e-03 2.897578105330467224e-02 2.179898694157600403e-02 4.164153337478637695e-02 9.516438096761703491e-02 1.778731308877468109e-02 3.323907032608985901e-02 3.181185945868492126e-02 2.492859587073326111e-02 8.406724780797958374e-03 5.891519249416887760e-04 2.472759969532489777e-02 3.787276335060596466e-03 2.778745722025632858e-03 3.640659851953387260e-03 3.156140446662902832e-02 2.976035699248313904e-02 1.813038438558578491e-02 2.472610026597976685e-02 1.754673756659030914e-02 1.636135205626487732e-02 4.152746126055717468e-02 2.012877026572823524e-03 1.801190525293350220e-02 1.091088261455297470e-02 2.102785557508468628e-02 7.864404469728469849e-04 1.370588969439268112e-02 6.604623049497604370e-02 7.791671901941299438e-03 5.833367258310317993e-02 2.188639715313911438e-02 6.176777184009552002e-02 1.812847447581589222e-03 5.042588710784912109e-02 1.878518238663673401e-02 3.295247256755828857e-02 1.619271002709865570e-02 4.589108750224113464e-02 9.398704394698143005e-03 9.872540831565856934e-03 1.162937004119157791e-02 1.060391124337911606e-02 2.062788233160972595e-02 2.556009590625762939e-02 3.041416220366954803e-02 9.618722833693027496e-04 2.358380891382694244e-02 4.985557496547698975e-02 7.153809070587158203e-02 1.030741035938262939e-01 3.694936260581016541e-02 1.264498918317258358e-03 3.724391758441925049e-02 1.885329745709896088e-02 3.297039866447448730e-02 7.255469448864459991e-03 1.427361462265253067e-02 1.916013658046722412e-02 1.088052168488502502e-01 8.654766716063022614e-04 1.338210050016641617e-02 3.118764143437147141e-03 2.020992338657379150e-02 3.207063302397727966e-02 2.128366753458976746e-02 8.533544605597853661e-04 2.823743037879467010e-02 2.610631845891475677e-02 1.538727898150682449e-02 7.088981568813323975e-02 3.725529834628105164e-02 2.843474969267845154e-02 6.942643318325281143e-03 1.562254270538687706e-03 1.879652962088584900e-02 7.932011969387531281e-03 2.361135184764862061e-02 9.995885193347930908e-03 2.284611016511917114e-02 4.885356128215789795e-02 6.077457685023546219e-03 4.807456571143120527e-04 1.696304883807897568e-03 6.992415338754653931e-02 5.142363253980875015e-03 7.565974444150924683e-02 2.636882849037647247e-02 3.009167127311229706e-02 5.708724260330200195e-03 1.913474686443805695e-02 2.042387239634990692e-02 1.337219867855310440e-02
2.317545413970947266e-01 1.158744245767593384e-01 1.395947858691215515e-02 9.826846420764923096e-03 4.312135744839906693e-03 9.872499108314514160e-02 1.032909452915191650e-01 3.439723700284957886e-02 2.217328408733010292e-03 1.408365461975336075e-02 9.043372422456741333e-02 5.151267349720001221e-02 1.294062435626983643e-01 5.464562401175498962e-02 4.173281788825988770e-02 3.714276710525155067e-03 1.066484395414590836e-02 3.607692942023277283e-02 1.429213024675846100e-02 1.842488185502588749e-03 6.062423344701528549e-03 8.855924010276794434e-03 3.143131500110030174e-03 2.210011333227157593e-02 8.058876846916973591e-04 9.664224460721015930e-03 3.628856316208839417e-02 1.782955601811408997e-02 8.804438635706901550e-03 7.253797724843025208e-03 5.216244608163833618e-02 3.699594642966985703e-03 2.165101282298564911e-02 1.856891997158527374e-02 3.091106750071048737e-02 1.232462003827095032e-03 4.349501058459281921e-02 1.593461446464061737e-02 4.538974165916442871e-02 5.120414309203624725e-03 4.037087783217430115e-03 2.809383347630500793e-02 1.106065791100263596e-02 9.623867459595203400e-03 1.373260002583265305e-02 5.097119882702827454e-02 1.016789581626653671e-02 4.665569961071014404e-02 9.613978676497936249e-03 6.954234559088945389e-03 6.325921975076198578e-03 7.573128491640090942e-02 2.095295302569866180e-02 2.812046371400356293e-02 1.244905311614274979e-02 4.607166722416877747e-02 3.295540064573287964e-02 3.053502552211284637e-02 1.444615051150321960e-02 4.495888017117977142e-03 3.864356130361557007e-02 7.380092050880193710e-03 2.766618691384792328e-02 4.356968402862548828e-02 3.523784503340721130e-02 2.767442539334297180e-02 4.270354658365249634e-02 4.441542178392410278e-02 2.061573043465614319e-02 2.274224162101745605e-02 3.152565658092498779e-02 7.930509746074676514e-03 3.889266867190599442e-03 8.510944992303848267e-02 1.214832998812198639e-02 3.544177114963531494e-02 3.678282350301742554e-02 2.137817069888114929e-02 1.260245963931083679e-02 1.865625381469726562e-02 6.438061129301786423e-03 7.417106535285711288e-03 1.053980365395545959e-02 1.866240426898002625e-02 1.389522664248943329e-02 2.249789191409945488e-03 2.956447191536426544e-02 5.768176168203353882e-02 1.112233032472431660e-03 2.217126823961734772e-02 5.072165653109550476e-02 2.538308687508106232e-02 5.713127553462982178e-02 1.114053837954998016e-02 2.204320207238197327e-02 4.317610710859298706e-02 1.725936681032180786e-02 9.384694509208202362e-03 5.071969237178564072e-03 2.773337252438068390e-02 1.518944930285215378e-02 3.106356970965862274e-02 6.034461315721273422e-03 6.305918097496032715e-02 8.753633126616477966e-03 3.411307185888290405e-02 1.738587394356727600e-02 9.920195490121841431e-02 1.988870278000831604e-02 6.077527999877929688e-02 1.725277490913867950e-02 9.416252374649047852e-03 5.772199481725692749e-03 9.221715852618217468e-03 2.577783726155757904e-02 5.536567419767379761e-03
1.901836134493350983e-02 1.395947858691215515e-02 1.688715443015098572e-02 1.914234599098563194e-03 4.257376864552497864e-02 1.517068129032850266e-02 1.894792728126049042e-02 1.001617461442947388e-01 3.717655688524246216e-02 8.735087513923645020e-02 3.692790865898132324e-02 4.397953394800424576e-03 9.280085563659667969e-03 2.875464409589767456e-02 7.871238887310028076e-02 4.420490935444831848e-02 1.115755736827850342e-02 5.901893228292465210e-02 1.380551024340093136e-03 2.679206989705562592e-02 1.514080725610256195e-02 2.770774438977241516e-02 3.845475241541862488e-02 2.762865973636507988e-03 7.896416937001049519e-04 6.016829516738653183e-03 6.069318577647209167e-02 2.793396590277552605e-03 6.119684875011444092e-02 9.452243894338607788e-02 2.671806141734123230e-02 1.996665447950363159e-02 6.741105020046234131e-02 7.923164404928684235e-03 9.308302775025367737e-03 1.056200917810201645e-02 4.398405435495078564e-04 1.811482384800910950e-02 4.391564056277275085e-02 3.872973471879959106e-02 4.940776154398918152e-02 2.600571885704994202e-02 2.676058746874332428e-02 1.461492199450731277e-02 1.810389803722500801e-03 8.744703978300094604e-02 7.737806066870689392e-03 3.080003196373581886e-03 1.724395342171192169e-02 4.929151758551597595e-02 2.947685867547988892e-02 1.022311486303806305e-02 3.061072714626789093e-02 2.864605188369750977e-02 5.096197128295898438e-02 4.097083583474159241e-02 2.282050624489784241e-02 2.224390767514705658e-02 1.312356442213058472e-01 1.115752849727869034e-02 3.816467896103858948e-02 3.021950088441371918e-02 4.963727667927742004e-02 3.408338874578475952e-02 5.055264383554458618e-02 3.028815239667892456e-02 4.459631443023681641e-02 7.627899292856454849e-03 3.935977816581726074e-02 3.886128216981887817e-02 6.235775072127580643e-03 3.089614957571029663e-02 1.331500336527824402e-02 6.090975925326347351e-02 2.417979575693607330e-02 2.422036603093147278e-02 4.798076674342155457e-02 4.467943310737609863e-02 3.784897550940513611e-02 4.945981502532958984e-02 2.040494829416275024e-01 1.560972183942794800e-01 5.062682926654815674e-02 2.834647893905639648e-02 4.540281370282173157e-04 9.370642714202404022e-03 5.631269887089729309e-03 1.531113963574171066e-02 1.508158817887306213e-02 7.846844941377639771e-02 6.349482387304306030e-02 1.873698271811008453e-02 2.778238430619239807e-02 6.299081444740295410e-02 1.544279418885707855e-02 2.862456254661083221e-02 2.475947886705398560e-02 1.427768636494874954e-02 1.574598997831344604e-02 1.174221179098822176e-04 5.144895985722541809e-02 3.459000587463378906e-02 2.613560296595096588e-03 4.098361730575561523e-02 4.363509267568588257e-02 2.520120702683925629e-02 8.034082129597663879e-03 1.584679633378982544e-02 4.412918537855148315e-02 6.052961945533752441e-02 2.452442049980163574e-02 4.770433064550161362e-03 7.721020374447107315e-03 2.387207187712192535e-02 8.120150864124298096e-02 1.433088909834623337e-02
3.307402133941650391e-03 9.826846420764923096e-03 1.914234599098563194e-03 5.224703811109066010e-03 1.900400370359420776e-01 1.834325492382049561e-02 1.436451636254787445e-02 3.109136410057544708e-02 2.109503373503684998e-03 4.245338961482048035e-02 1.954098977148532867e-02 2.268748916685581207e-02 2.349375560879707336e-02 3.601778298616409302e-02 2.327076857909560204e-03 6.728512793779373169e-02 2.588448859751224518e-02 1.808951981365680695e-02 5.239639058709144592e-02 2.669284818693995476e-03 1.116470526903867722e-02 1.426148787140846252e-02 7.448454853147268295e-03 4.406362399458885193e-02 1.528356224298477173e-02 3.329598985146731138e-04 1.040465570986270905e-02 9.325238876044750214e-03 4.021433740854263306e-02 4.864331334829330444e-03 5.271182395517826080e-03 8.876756764948368073e-03 2.101822383701801300e-02 6.383980624377727509e-03 1.827077753841876984e-02 2.960298769176006317e-02 3.248384594917297363e-02 1.010437775403261185e-02 2.644742727279663086e-01 1.586507856845855713e-01 2.647059597074985504e-02 1.463306369259953499e-03 1.445210911333560944e-02 3.861939162015914917e-02 3.018634393811225891e-02 8.847824484109878540e-02 8.935795165598392487e-03 2.054442465305328369e-02 2.104054205119609833e-03 7.243740372359752655e-03 2.924138214439153671e-03 9.972706902772188187e-04 1.403130940161645412e-03 4.105653613805770874e-03 6.834925711154937744e-02 1.652118004858493805e-02 3.271997347474098206e-02 3.492156276479363441e-03 1.906913518905639648e-02 5.431859567761421204e-02 9.069160558283329010e-03 2.109570056200027466e-02 7.403852650895714760e-04 3.314867243170738220e-02 2.897125435993075371e-03 1.346853934228420258e-02 5.366973578929901123e-03 1.225308794528245926e-02 4.199773073196411133e-02 4.605995118618011475e-02 4.702403768897056580e-02 1.719865947961807251e-02 3.743174299597740173e-02 2.997483126819133759e-02 3.535035997629165649e-02 2.481106668710708618e-02 1.390943489968776703e-02 5.657866597175598145e-02 2.974956296384334564e-02 1.842648535966873169e-02 1.254096068441867828e-02 1.306968973949551582e-03 5.052196327596902847e-03 3.612337168306112289e-04 1.773146726191043854e-02 6.705318111926317215e-03 1.868136785924434662e-02 1.123870257288217545e-02 4.888517037034034729e-02 5.713873356580734253e-02 4.422367084771394730e-03 2.962349355220794678e-02 2.059431001543998718e-02 1.286052726209163666e-02 1.028560250997543335e-01 5.703920871019363403e-02 2.120232954621315002e-02 2.774511836469173431e-02 3.125602379441261292e-03 2.858579903841018677e-02 4.132641106843948364e-02 3.828377276659011841e-02 1.197853125631809235e-02 8.066561073064804077e-03 3.880977258086204529e-02 6.456057727336883545e-02 9.858991019427776337e-03 3.981343656778335571e-02 8.967115543782711029e-03 7.521308958530426025e-02 3.155644517391920090e-03 4.740989208221435547e-02 4.182339180260896683e-03 1.377380173653364182e-02 2.747377008199691772e-02 1.717553101480007172e-02
4.707100987434387207e-02 4.312135744839906693e-03 4.257376864552497864e-02 1.900400370359420776e-01 3.313618525862693787e-02 1.935559324920177460e-02 8.532931096851825714e-03 4.017740115523338318e-02 3.979770466685295105e-02 4.019882471766322851e-04 3.682813420891761780e-02 1.937796175479888916e-02 7.738281041383743286e-02 5.767126753926277161e-02 7.802347838878631592e-02 3.430208936333656311e-02 2.403759770095348358e-02 2.128912135958671570e-03 3.758436813950538635e-02 8.767839521169662476e-03 1.489083468914031982e-02 1.696463115513324738e-02 4.651652183383703232e-03 2.896738983690738678e-02 2.612773142755031586e-02 2.747194282710552216e-02 4.169571213424205780e-03 6.201440095901489258e-02 5.975077510811388493e-04 4.170039668679237366e-02 4.318444523960351944e-03 1.108799409121274948e-02 4.577597975730895996e-02 3.760398179292678833e-02 7.356824353337287903e-03 3.378083929419517517e-02 2.042775601148605347e-02 1.813050545752048492e-02 1.340265423059463501e-01 1.956577748060226440e-01 1.781138009391725063e-03 3.263984248042106628e-02 2.753694914281368256e-02 6.003947556018829346e-02 2.085575647652149200e-02 6.101055815815925598e-02 9.380828589200973511e-03 1.822059787809848785e-02 2.019325643777847290e-02 8.740724995732307434e-03 5.632671527564525604e-03 1.642023399472236633e-02 4.822155460715293884e-02 7.998784072697162628e-03 5.013054702430963516e-03 2.142275311052799225e-02 7.523206993937492371e-03 4.191920626908540726e-03 3.757819533348083496e-02 4.792899359017610550e-03 1.496641896665096283e-02 3.269887715578079224e-02 2.185069024562835693e-02 2.728950232267379761e-02 1.552650425583124161e-02 1.943692564964294434e-02 4.070961382240056992e-03 1.926119625568389893e-02 1.880825310945510864e-02 3.305552899837493896e-02 4.433761350810527802e-03 2.019752003252506256e-02 2.181400172412395477e-02 3.178183361887931824e-02 7.838330417871475220e-02 7.891071960330009460e-03 6.301366537809371948e-02 1.344034355133771896e-02 4.545461758971214294e-02 8.858739398419857025e-03 3.497720137238502502e-02 4.588389769196510315e-03 2.017740905284881592e-02 1.331423223018646240e-01 3.436722233891487122e-02 3.346419893205165863e-03 4.918508231639862061e-02 1.887999475002288818e-02 9.864326566457748413e-02 8.295886218547821045e-02 3.181120753288269043e-02 2.376577630639076233e-02 3.097083605825901031e-02 2.819398418068885803e-02 5.410119425505399704e-03 2.584680728614330292e-02 1.359292771667242050e-02 1.681752689182758331e-02 9.233732707798480988e-03 3.047116333618760109e-03 1.039695180952548981e-02 5.720471218228340149e-02 2.394616417586803436e-02 3.193218261003494263e-02 5.021235346794128418e-02 3.951632231473922729e-02 3.655725345015525818e-02 8.849539794027805328e-03 8.248298428952693939e-03 3.375505283474922180e-02 3.408807888627052307e-02 6.037227809429168701e-02 2.602940239012241364e-02 1.920651644468307495e-02 5.612822249531745911e-02 4.946648143231868744e-03
1.481643468141555786e-01 9.872499108314514160e-02 1.517068129032850266e-02 1.834325492382049561e-02 1.935559324920177460e-02 8.586323261260986328e-02 2.315813750028610229e-01 2.193007618188858032e-02 4.750123713165521622e-03 2.151353098452091217e-02 1.614273339509963989e-01 3.070985153317451477e-02 7.106216996908187866e-02 7.075467146933078766e-03 1.418699393980205059e-03 7.069560699164867401e-03 7.779179606586694717e-03 1.450472278520464897e-03 1.945416443049907684e-02 1.305210590362548828e-02 9.821664541959762573e-03 1.130858622491359711e-02 1.507542934268712997e-02 7.624621503055095673e-03 2.178667113184928894e-02 7.136768195778131485e-03 1.302176341414451599e-02 9.987428039312362671e-02 5.693789571523666382e-02 9.656570851802825928e-03 2.653780393302440643e-02 2.363414317369461060e-02 1.337850373238325119e-02 5.468375049531459808e-03 2.517748624086380005e-02 9.566497057676315308e-03 2.084478549659252167e-02 3.094328194856643677e-02 2.178445272147655487e-02 6.281045731157064438e-03 2.178832143545150757e-02 1.780836470425128937e-02 1.915524341166019440e-02 1.062287949025630951e-03 4.470553621649742126e-02 2.702404372394084930e-02 1.587126702070236206e-01 6.148548051714897156e-02 2.691845782101154327e-02 3.054727101698517799e-03 1.093809865415096283e-02 3.761436045169830322e-02 6.164281629025936127e-03 1.644520834088325500e-02 5.289463326334953308e-02 8.640002459287643433e-02 1.890850439667701721e-02 3.564801812171936035e-02 2.397834882140159607e-02 5.256109684705734253e-02 3.659816458821296692e-02 1.955263130366802216e-02 9.618734940886497498e-03 1.366688497364521027e-02 3.206237405538558960e-02 5.336883664131164551e-02 2.832617051899433136e-02 3.432511165738105774e-02 3.633990138769149780e-02 1.452670339494943619e-02 3.265131264925003052e-02 5.466175731271505356e-03 4.540963098406791687e-02 2.722083218395709991e-02 3.106739558279514313e-02 7.168154232203960419e-03 3.400967642664909363e-02 1.429934520274400711e-02 7.586651295423507690e-02 5.051864311099052429e-03 2.195640653371810913e-02 7.068285485729575157e-04 3.465695306658744812e-02 3.406416624784469604e-02 1.661121286451816559e-02 2.692382596433162689e-02 2.738557988777756691e-03 1.891735382378101349e-02 1.815886236727237701e-02 1.457722485065460205e-02 4.013499617576599121e-02 4.936797078698873520e-03 2.161012589931488037e-02 3.226989880204200745e-02 4.068867117166519165e-02 1.003558095544576645e-02 1.807245798408985138e-02 6.040562689304351807e-02 1.293312478810548782e-02 3.191025927662849426e-02 3.620942821726202965e-03 2.908952347934246063e-02 4.494410008192062378e-02 4.095155000686645508e-02 2.230831980705261230e-02 1.580121181905269623e-02 3.402200993150472641e-03 6.960727274417877197e-02 2.823331579566001892e-02 1.726466231048107147e-02 2.747726440429687500e-02 1.040503848344087601e-03 8.947667665779590607e-03 8.759867399930953979e-03 2.486932789906859398e-03 6.487615406513214111e-02
8.281135559082031250e-02 1.032909452915191650e-01 1.894792728126049042e-02 1.436451636254787445e-02 8.532931096851825714e-03 2.315813750028610229e-01 1.401478201150894165e-01 5.209484137594699860e-03 5.360326170921325684e-02 1.050221547484397888e-02 8.036936074495315552e-02 5.664123222231864929e-02 8.326917886734008789e-02 5.999541282653808594e-02 1.273667439818382263e-02 3.529301285743713379e-02 2.462581731379032135e-02 3.544868901371955872e-02 7.708313874900341034e-03 4.720906168222427368e-02 2.487969212234020233e-02 1.430613454431295395e-02 4.436006397008895874e-02 3.099119104444980621e-02 3.741148486733436584e-02 1.794229447841644287e-02 4.727808292955160141e-03 2.980726584792137146e-02 2.157007530331611633e-02 2.225236594676971436e-02 1.175044337287545204e-03 7.773964665830135345e-03 1.548171602189540863e-02 2.002329565584659576e-02 4.116933792829513550e-02 9.734479710459709167e-03 1.407952979207038879e-02 7.366312202066183090e-03 2.024585753679275513e-02 1.561345625668764114e-02 5.054318904876708984e-02 3.053046949207782745e-02 1.726504787802696228e-02 2.961478941142559052e-02 6.642762105911970139e-03 3.336838446557521820e-03 1.407346129417419434e-01 1.049423590302467346e-01 3.146439045667648315e-02 3.187704365700483322e-03 2.932817116379737854e-02 2.333311736583709717e-02 3.719273954629898071e-02 4.869937151670455933e-02 5.058319121599197388e-02 4.025965929031372070e-03 8.055937476456165314e-03 2.022908441722393036e-02 5.332926753908395767e-03 2.231192961335182190e-02 4.278117045760154724e-02 4.071624204516410828e-02 2.943718060851097107e-02 5.893366760574281216e-04 4.019482526928186417e-03 1.397537812590599060e-02 3.937322646379470825e-02 4.529276490211486816e-02 1.205172855406999588e-02 2.208661753684282303e-03 1.458453666418790817e-02 1.750481314957141876e-02 2.195605775341391563e-03 2.752073667943477631e-02 3.636320121586322784e-03 3.894542902708053589e-02 2.093346044421195984e-02 9.067159844562411308e-04 1.887763105332851410e-02 1.653576083481311798e-02 7.610206492245197296e-03 1.195278484374284744e-02 4.194576665759086609e-02 6.500496063381433487e-03 1.424625795334577560e-02 4.298337176442146301e-02 3.954408690333366394e-02 9.101813659071922302e-03 1.906005316413938999e-03 9.161991067230701447e-03 3.104240819811820984e-02 7.406040560454130173e-03 5.937776342034339905e-02 4.176300391554832458e-02 4.002654924988746643e-02 1.706300675868988037e-02 2.879191935062408447e-02 6.116397678852081299e-02 2.915672026574611664e-03 2.371660433709621429e-02 1.008466444909572601e-02 1.880781911313533783e-02 5.594030767679214478e-02 2.154432423412799835e-02 7.447554264217615128e-03 2.990250475704669952e-02 2.647883258759975433e-02 3.071942552924156189e-02 2.159492485225200653e-02 4.248446971178054810e-02 5.349031649529933929e-03 1.053501944988965988e-02 4.981605801731348038e-03 1.555790100246667862e-02 8.131571114063262939e-03 3.562248498201370239e-02
9.771647863090038300e-03 3.439723700284957886e-02 1.001617461442947388e-01 3.109136410057544708e-02 4.017740115523338318e-02 2.193007618188858032e-02 5.209484137594699860e-03 8.240637369453907013e-03 1.914422027766704559e-02 5.059770308434963226e-03 1.055117137730121613e-02 5.477058514952659607e-02 1.078184880316257477e-02 2.794442325830459595e-02 9.783861786127090454e-02 6.180196534842252731e-03 3.741702064871788025e-02 3.870441764593124390e-02 1.695675030350685120e-02 1.287676393985748291e-02 3.395868092775344849e-02 4.303204268217086792e-02 9.244373068213462830e-03 7.695107720792293549e-03 1.256459951400756836e-02 1.365117542445659637e-02 1.614020951092243195e-02 3.647558018565177917e-02 3.197224065661430359e-02 1.503839530050754547e-02 3.458761610090732574e-03 7.354699075222015381e-03 1.055344473570585251e-02 1.272122561931610107e-02 2.280688472092151642e-02 3.644037619233131409e-02 9.856308810412883759e-03 3.210365027189254761e-02 4.492202773690223694e-02 6.772095710039138794e-02 6.615180987864732742e-03 6.347231566905975342e-03 1.230543386191129684e-02 2.441521361470222473e-02 3.870091587305068970e-02 4.110097885131835938e-02 2.018297091126441956e-02 2.519090427085757256e-03 1.135643105953931808e-02 2.907801792025566101e-02 1.386823039501905441e-02 4.932025820016860962e-02 6.070621311664581299e-02 3.840837627649307251e-02 3.532517328858375549e-02 2.414704672992229462e-02 1.556557882577180862e-02 4.221892729401588440e-02 3.982440102845430374e-03 2.729208907112479210e-03 2.660180255770683289e-02 9.798312559723854065e-03 7.456846535205841064e-03 1.595845445990562439e-02 1.515175402164459229e-02 1.326155476272106171e-02 2.167833223938941956e-02 2.096394449472427368e-02 1.340679358690977097e-02 1.310029719024896622e-02 7.810318376868963242e-03 1.676724478602409363e-02 1.834278739988803864e-02 2.707844227552413940e-02 1.306304987519979477e-02 1.455176249146461487e-02 1.927360892295837402e-02 8.816382847726345062e-03 1.528175827115774155e-02 8.267074823379516602e-03 9.136985987424850464e-02 7.019054144620895386e-02 2.137454785406589508e-02 5.868288502097129822e-02 3.358619287610054016e-03 2.507400140166282654e-02 7.593417167663574219e-02 7.866875082254409790e-02 5.281505733728408813e-02 5.629689898341894150e-03 1.457166392356157303e-02 1.069997716695070267e-02 2.468408492859452963e-04 1.035360619425773621e-03 4.200692847371101379e-02 2.487290650606155396e-02 4.871580284088850021e-03 1.656632497906684875e-02 6.847839802503585815e-03 9.637225419282913208e-03 2.835916355252265930e-03 5.987310782074928284e-03 9.790131822228431702e-03 2.138737775385379791e-02 6.062720902264118195e-03 3.413963690400123596e-02 1.053137425333261490e-02 1.984404958784580231e-02 3.518107533454895020e-02 9.443130693398416042e-04 4.579612240195274353e-02 7.632436696439981461e-03 1.193296816200017929e-02 2.097258111461997032e-03 4.703224822878837585e-02 6.559548527002334595e-02
4.115491732954978943e-02 2.217328408733010292e-03 3.717655688524246216e-02 2.109503373503684998e-03 3.979770466685295105e-02 4.750123713165521622e-03 5.360326170921325684e-02 1.914422027766704559e-02 8.110558986663818359e-02 1.114717274904251099e-01 4.960449039936065674e-02 1.910031423904001713e-03 8.960468694567680359e-03 2.070386335253715515e-02 5.378031358122825623e-02 6.454718112945556641e-02 2.546817623078823090e-02 9.981658309698104858e-02 1.357229310087859631e-03 7.029431406408548355e-03 2.047559013590216637e-03 2.846122160553932190e-02 2.285855636000633240e-02 1.856919564306735992e-02 7.314642425626516342e-04 1.181166619062423706e-02 9.278296679258346558e-02 7.487864047288894653e-02 6.071964651346206665e-02 8.339600265026092529e-02 6.129601597785949707e-02 3.989186137914657593e-02 1.922708190977573395e-02 4.087335616350173950e-02 5.723539367318153381e-02 5.960003286600112915e-02 2.087523974478244781e-02 2.127234265208244324e-02 6.203745305538177490e-02 3.868464380502700806e-02 1.803394965827465057e-02 2.787031605839729309e-02 5.154006066732108593e-04 2.128379419445991516e-02 1.182906553149223328e-01 4.460512101650238037e-02 3.145869588479399681e-03 3.308074176311492920e-02 4.239349439740180969e-02 2.009747840929776430e-04 4.045264795422554016e-02 1.168821100145578384e-02 4.912439733743667603e-02 3.173441812396049500e-02 1.192837581038475037e-01 4.633983597159385681e-02 6.675277650356292725e-02 6.433803588151931763e-02 6.511453539133071899e-02 9.509584307670593262e-02 1.804867386817932129e-02 6.964948773384094238e-02 4.610097035765647888e-02 8.630908280611038208e-02 1.294230762869119644e-02 5.109534785151481628e-02 9.800769388675689697e-03 2.872225455939769745e-02 2.106077037751674652e-02 1.957153156399726868e-02 7.758934050798416138e-02 5.124850198626518250e-02 1.101851556450128555e-02 1.256638206541538239e-02 5.094057321548461914e-02 6.865309923887252808e-02 1.792113035917282104e-01 6.691182404756546021e-02 2.247410863637924194e-01 2.597795985639095306e-02 4.493767768144607544e-02 1.014837063848972321e-02 5.307272821664810181e-02 7.595118135213851929e-02 1.686706393957138062e-02 3.666859492659568787e-02 2.074875403195619583e-03 1.951760239899158478e-02 1.398562639951705933e-01 4.110462591052055359e-02 5.580169614404439926e-03 3.317753970623016357e-02 3.723999485373497009e-02 3.663321491330862045e-03 7.696870714426040649e-02 2.435748465359210968e-03 1.781581155955791473e-02 1.052569299936294556e-01 5.241778492927551270e-02 1.819371804594993591e-02 1.428180932998657227e-02 1.539042033255100250e-02 2.413262613117694855e-02 2.423435263335704803e-02 1.376453042030334473e-02 9.619330614805221558e-02 1.481679268181324005e-03 4.457302019000053406e-02 4.139931872487068176e-02 1.105510629713535309e-02 2.953403629362583160e-02 3.131661936640739441e-02 4.429684486240148544e-03 4.961130674928426743e-03 3.048415109515190125e-02 4.017512500286102295e-02
5.704904906451702118e-03 1.408365461975336075e-02 8.735087513923645020e-02 4.245338961482048035e-02 4.019882471766322851e-04 2.151353098452091217e-02 1.050221547484397888e-02 5.059770308434963226e-03 1.114717274904251099e-01 1.573427766561508179e-01 2.105549722909927368e-02 5.881445482373237610e-02 2.159593626856803894e-02 2.611596323549747467e-02 2.726384997367858887e-02 1.541364565491676331e-02 4.006178642157465219e-04 1.160812471061944962e-02 1.692440062761306763e-01 5.249812733381986618e-03 3.264772519469261169e-02 2.235101303085684776e-03 4.002460464835166931e-02 2.205836400389671326e-02 2.924345200881361961e-03 4.084001109004020691e-02 4.430781304836273193e-02 1.729324087500572205e-02 4.898853512713685632e-05 5.832810699939727783e-02 2.513851597905158997e-02 1.537265442311763763e-02 4.638915881514549255e-02 2.688758540898561478e-03 1.285194139927625656e-02 2.782822772860527039e-02 2.044751867651939392e-02 1.100336387753486633e-02 7.558924704790115356e-02 2.136553823947906494e-02 1.993390917778015137e-02 3.679457679390907288e-02 6.747470237314701080e-03 2.847845666110515594e-02 6.893481593579053879e-03 1.084754839539527893e-01 2.525398880243301392e-02 5.026560276746749878e-02 1.449526846408843994e-02 4.825192689895629883e-02 1.686912961304187775e-02 1.770012266933917999e-02 8.582896552979946136e-03 5.443231202661991119e-04 8.857806771993637085e-02 1.253762245178222656e-01 3.822284936904907227e-02 1.531510706990957260e-02 3.450993075966835022e-02 1.772011630237102509e-02 1.590572297573089600e-02 3.620743006467819214e-02 2.842599526047706604e-02 4.850743338465690613e-02 2.689662203192710876e-02 1.559982914477586746e-02 3.329696506261825562e-02 4.796851892024278641e-03 1.435459591448307037e-02 9.294144064188003540e-02 4.201476648449897766e-02 1.522515621036291122e-02 2.775476500391960144e-02 9.255981445312500000e-02 2.405262924730777740e-02 7.592094689607620239e-02 1.899489574134349823e-02 1.072352379560470581e-01 1.495885546319186687e-03 1.761753708124160767e-01 3.118070028722286224e-02 4.416096583008766174e-02 8.593376725912094116e-03 9.593722969293594360e-02 4.087271541357040405e-02 4.837125167250633240e-02 2.653717435896396637e-02 7.948568090796470642e-03 2.742206864058971405e-02 1.087099686264991760e-01 1.684772409498691559e-02 1.938008703291416168e-02 4.695231840014457703e-02 1.554762758314609528e-02 1.724497601389884949e-02 2.865775674581527710e-02 4.199142754077911377e-02 8.275999128818511963e-02 2.213338762521743774e-02 5.522047635167837143e-03 1.403342839330434799e-02 9.040028788149356842e-03 1.450033579021692276e-02 2.882196940481662750e-02 4.663423448801040649e-02 1.173943653702735901e-02 1.866673305630683899e-02 3.255047649145126343e-02 2.448018640279769897e-02 2.755899168550968170e-02 1.106690801680088043e-02 3.972859680652618408e-02 3.267723694443702698e-02 3.161896392703056335e-02 4.671243950724601746e-02 4.452043026685714722e-02
1.314221173524856567e-01 9.043372422456741333e-02 3.692790865898132324e-02 1.954098977148532867e-02 3.682813420891761780e-02 1.614273339509963989e-01 8.036936074495315552e-02 1.055117137730121613e-02 4.960449039936065674e-02 2.105549722909927368e-02 8.859860897064208984e-02 1.740982010960578918e-02 1.236153468489646912e-01 1.122107612900435925e-03 3.823390975594520569e-02 1.250860095024108887e-02 1.902644895017147064e-02 1.465165708214044571e-02 2.787272073328495026e-02 2.300696820020675659e-02 3.410635888576507568e-02 6.732527166604995728e-02 6.987072061747312546e-03 3.955245774704962969e-04 1.749900286085903645e-03 5.732781719416379929e-03 4.479789175093173981e-03 4.284625127911567688e-02 7.466396782547235489e-03 1.855973526835441589e-02 6.725177168846130371e-03 2.883063443005084991e-02 1.735637150704860687e-02 1.305294595658779144e-02 2.929956535808742046e-04 3.218448534607887268e-02 2.229789644479751587e-02 1.322231069207191467e-02 6.355745252221822739e-03 1.686439849436283112e-02 1.738076098263263702e-02 9.265049593523144722e-04 1.112377271056175232e-02 3.392778802663087845e-03 1.166736241430044174e-02 3.798012062907218933e-02 7.405318319797515869e-02 3.537523746490478516e-02 3.826431557536125183e-02 1.182812638580799103e-02 1.292441505938768387e-02 4.162159189581871033e-02 1.366752572357654572e-02 9.121527895331382751e-03 2.142353355884552002e-02 3.369154408574104309e-02 2.452706918120384216e-02 2.398112602531909943e-02 4.833976738154888153e-03 1.369411032646894455e-02 4.817774146795272827e-02 7.552755530923604965e-03 2.700529992580413818e-02 1.744306646287441254e-02 5.972917750477790833e-02 6.581520196050405502e-03 6.202062591910362244e-03 4.447470419108867645e-04 1.992792263627052307e-02 3.344176709651947021e-02 1.195902097970247269e-02 2.557674050331115723e-02 2.879778109490871429e-02 4.319315776228904724e-02 3.198108449578285217e-02 3.852959349751472473e-02 3.395981341600418091e-02 5.075980909168720245e-03 8.820873685181140900e-03 2.891209535300731659e-02 6.786250323057174683e-02 2.642539516091346741e-02 1.116212457418441772e-03 1.211408805102109909e-02 1.640329137444496155e-02 4.114952404052019119e-03 6.106292456388473511e-02 2.839666604995727539e-02 4.914768505841493607e-04 5.149365589022636414e-02 4.962476901710033417e-03 5.859402194619178772e-02 4.198283888399600983e-03 4.699854552745819092e-02 9.436579421162605286e-03 5.062728188931941986e-03 3.775746375322341919e-02 8.870694786310195923e-03 3.031896613538265228e-02 2.381231449544429779e-02 3.077537007629871368e-02 1.336035504937171936e-02 2.502422593533992767e-02 5.476419627666473389e-02 4.502759780734777451e-03 1.370311807841062546e-02 2.631624229252338409e-02 1.700286753475666046e-02 1.078038662672042847e-02 4.306655377149581909e-02 1.499804668128490448e-02 2.227493003010749817e-02 1.227743923664093018e-02 9.243668057024478912e-03 2.711476199328899384e-02 2.645123191177845001e-02
3.241581469774246216e-02 5.151267349720001221e-02 4.397953394800424576e-03 2.268748916685581207e-02 1.937796175479888916e-02 3.070985153317451477e-02 5.664123222231864929e-02 5.477058514952659607e-02 1.910031423904001713e-03 5.881445482373237610e-02 1.740982010960578918e-02 3.645645454525947571e-02 2.266108617186546326e-02 2.188943177461624146e-01 7.288640737533569336e-02 5.197521671652793884e-02 5.190655216574668884e-02 2.515196986496448517e-02 1.338455379009246826e-01 1.129497494548559189e-02 3.484279289841651917e-02 3.537512943148612976e-02 1.006655581295490265e-02 2.068835310637950897e-02 7.873678579926490784e-03 3.864919766783714294e-02 7.777813822031021118e-03 5.813036486506462097e-02 1.759973727166652679e-02 5.489027127623558044e-03 6.858438253402709961e-02 5.340020637959241867e-03 3.905356675386428833e-02 1.301863323897123337e-02 1.795811951160430908e-02 8.408990688621997833e-03 6.296534556895494461e-03 4.196469858288764954e-02 3.010436485055834055e-04 1.288148202002048492e-02 7.264636456966400146e-02 3.177966177463531494e-02 2.574054710566997528e-02 4.141631349921226501e-02 1.183116063475608826e-01 5.136011540889739990e-02 6.294088810682296753e-02 7.601244747638702393e-02 8.041616529226303101e-03 1.131097041070461273e-02 2.305905707180500031e-02 3.226644918322563171e-02 9.410428814589977264e-03 4.331569373607635498e-02 5.672148615121841431e-02 2.006425708532333374e-02 2.282579429447650909e-02 1.856800541281700134e-02 5.957534164190292358e-02 4.610880836844444275e-02 7.860831916332244873e-03 2.978662028908729553e-02 3.259448707103729248e-02 9.710443206131458282e-03 2.999506890773773193e-02 1.823403686285018921e-02 1.773461140692234039e-02 1.064813113771378994e-03 2.759101428091526031e-02 2.098413743078708649e-02 1.015510782599449158e-02 2.775862580165266991e-03 2.193302288651466370e-02 2.365223132073879242e-02 4.372556880116462708e-02 4.925542324781417847e-02 7.168265525251626968e-03 3.007753938436508179e-02 6.413602735847234726e-03 9.806535392999649048e-02 4.601778835058212280e-02 8.490777760744094849e-02 1.973200403153896332e-02 5.471291765570640564e-02 1.347850076854228973e-02 5.628632381558418274e-02 1.798355206847190857e-02 3.077542223036289215e-02 9.498492628335952759e-02 9.636987745761871338e-02 2.016855776309967041e-02 3.682370111346244812e-02 3.721378371119499207e-02 4.263060912489891052e-02 9.420023299753665924e-03 2.496967790648341179e-03 2.886580675840377808e-02 1.150449365377426147e-02 1.438321266323328018e-02 3.063428029417991638e-02 1.743022352457046509e-02 2.667490579187870026e-02 4.624377191066741943e-02 1.289049070328474045e-02 7.964331656694412231e-03 3.487195819616317749e-02 3.902743756771087646e-02 4.811267927289009094e-02 2.190895751118659973e-02 1.413418073207139969e-02 2.817969582974910736e-02 8.204934187233448029e-03 4.705311264842748642e-03 2.677773125469684601e-02 6.412626057863235474e-02 1.392952632158994675e-02
1.224054321646690369e-01 1.294062435626983643e-01 9.280085563659667969e-03 2.349375560879707336e-02 7.738281041383743286e-02 7.106216996908187866e-02 8.326917886734008789e-02 1.078184880316257477e-02 8.960468694567680359e-03 2.159593626856803894e-02 1.236153468489646912e-01 2.266108617186546326e-02 9.644731134176254272e-02 2.894966304302215576e-02 3.652486950159072876e-02 7.927279919385910034e-03 2.615450136363506317e-02 3.596894815564155579e-02 2.448609098792076111e-02 1.333508174866437912e-02 1.684420928359031677e-02 5.502591282129287720e-02 1.335516571998596191e-03 3.686372563242912292e-02 1.023639179766178131e-02 9.874926880002021790e-03 2.271804586052894592e-02 2.302588336169719696e-02 8.191668428480625153e-03 4.309185221791267395e-02 3.370487689971923828e-02 3.376226872205734253e-02 5.356339737772941589e-03 3.244328126311302185e-02 7.634876295924186707e-03 1.478710677474737167e-02 3.542726486921310425e-02 2.157866582274436951e-02 2.249572426080703735e-03 2.205465175211429596e-02 2.692410908639431000e-02 4.815698415040969849e-02 2.191311493515968323e-02 2.046090550720691681e-02 5.253718793392181396e-02 7.128010690212249756e-02 3.162338957190513611e-02 3.745158016681671143e-02 2.697743242606520653e-03 8.005104959011077881e-03 1.207010261714458466e-02 2.891069091856479645e-02 6.505070254206657410e-03 7.739821448922157288e-03 2.060118690133094788e-02 3.060328215360641479e-02 3.199988231062889099e-02 2.728193067014217377e-02 1.143658068031072617e-02 1.303553674370050430e-02 4.605208057910203934e-03 1.016743294894695282e-02 3.314233198761940002e-02 5.682780756615102291e-04 4.058597609400749207e-02 5.435376986861228943e-02 5.749999545514583588e-03 9.177397936582565308e-03 2.759439684450626373e-02 3.777313977479934692e-03 7.624686229974031448e-03 4.601981490850448608e-03 3.148221224546432495e-02 3.643021220341324806e-03 5.445344373583793640e-02 4.893668461591005325e-03 2.469297870993614197e-02 2.252674475312232971e-02 9.146016091108322144e-02 7.139083754736930132e-05 4.666664078831672668e-02 1.249509491026401520e-02 2.327900752425193787e-02 1.196802500635385513e-02 1.442602463066577911e-02 2.368549583479762077e-03 3.035552799701690674e-02 6.186462938785552979e-02 4.025273025035858154e-02 6.219932343810796738e-03 2.613208023831248283e-03 5.932293832302093506e-02 2.834015712141990662e-02 6.817024946212768555e-02 1.748651452362537384e-02 4.285493493080139160e-02 5.037895590066909790e-02 3.355368971824645996e-03 1.386717986315488815e-02 8.495374582707881927e-03 2.143323980271816254e-02 4.197745770215988159e-02 4.906679317355155945e-02 3.906535916030406952e-03 4.533647093921899796e-03 8.062138222157955170e-04 9.635934606194496155e-03 3.790858760476112366e-02 5.226533394306898117e-03 4.753119777888059616e-03 2.101504430174827576e-02 4.732803255319595337e-02 9.523656219244003296e-03 3.099363110959529877e-02 1.648857258260250092e-02 8.903674781322479248e-02
