1.132582351565361023e-01 1.393337100744247437e-01 1.883471757173538208e-02 7.590638007968664169e-03 2.993474015966057777e-03 1.874957829713821411e-01 1.198545843362808228e-01 3.967483714222908020e-02 2.365729026496410370e-02 2.570294961333274841e-02 1.671735495328903198e-01 3.322073817253112793e-02 1.023424491286277771e-01 1.497771032154560089e-02 6.044680625200271606e-02 4.718496277928352356e-02 6.207523867487907410e-02 3.490054607391357422e-02 1.058726804330945015e-03 2.279185131192207336e-02 2.493681758642196655e-02 7.130871713161468506e-02 2.810800448060035706e-02 7.601663470268249512e-03 3.326539881527423859e-03 4.404609650373458862e-02 1.988772489130496979e-02 1.431359536945819855e-02 2.888123318552970886e-02 3.236374631524085999e-02 2.734460867941379547e-02 6.878097541630268097e-03 4.732133448123931885e-02 1.756692491471767426e-02 2.931686677038669586e-02 6.538611650466918945e-02 3.750318661332130432e-02 5.824318155646324158e-02 3.146814927458763123e-02 1.444614119827747345e-02 1.727172918617725372e-02 1.479559391736984253e-02 2.056850306689739227e-02 5.009430646896362305e-02 1.257855296134948730e-01 7.124706357717514038e-02 1.022608876228332520e-01 7.901479490101337433e-03 2.952945977449417114e-02 1.567283459007740021e-02 3.102109581232070923e-02 1.885231398046016693e-02 2.953934110701084137e-02 1.486080605536699295e-02 3.233785554766654968e-02 2.488873153924942017e-02 1.086026951670646667e-01 9.954224526882171631e-02 2.441366203129291534e-02 2.428911812603473663e-02 1.990190707147121429e-02 1.991693302989006042e-02 9.352851659059524536e-02 1.289328560233116150e-02 1.783887040801346302e-03 4.606846347451210022e-02 1.723260432481765747e-02 2.841996774077415466e-02 1.677705161273479462e-02 6.003195419907569885e-02 3.095073439180850983e-02 1.382598746567964554e-02 1.522172149270772934e-02 2.816797606647014618e-02 7.878432981669902802e-03 1.287433598190546036e-02 3.277449309825897217e-02 4.663716629147529602e-02 2.052679844200611115e-02 1.104219071567058563e-02 1.952244900166988373e-02 1.855745166540145874e-02 1.172478497028350830e-02 3.217886015772819519e-02 7.919237017631530762e-02 7.679595053195953369e-02 2.639230340719223022e-02 4.458285495638847351e-02 1.491904258728027344e-02 3.002547100186347961e-02 6.884538382291793823e-02 3.607128188014030457e-02 4.077762737870216370e-02 1.830977015197277069e-02 9.069136343896389008e-03 7.189391553401947021e-02 2.040727436542510986e-02 2.193286269903182983e-02 5.727481096982955933e-03 4.562232643365859985e-02 1.695684716105461121e-02 4.114180430769920349e-02 2.423639036715030670e-02 1.304874755442142487e-02 7.994915358722209930e-03 1.675413548946380615e-02 9.788887947797775269e-02 4.953819513320922852e-02 2.755534276366233826e-02 5.519787967205047607e-02 1.475287415087223053e-02 9.302748367190361023e-03 2.559348754584789276e-02 5.618616938591003418e-02 2.432041103020310402e-03 4.796621203422546387e-02
1.393337100744247437e-01 1.103376597166061401e-01 5.350496154278516769e-03 5.944760888814926147e-02 2.498055249452590942e-02 9.353164583444595337e-02 8.587820827960968018e-02 1.995039731264114380e-02 2.295789867639541626e-02 4.287064820528030396e-02 1.157821938395500183e-01 1.647268980741500854e-02 1.347444802522659302e-01 7.397830486297607422e-02 4.447059240192174911e-03 1.480556186288595200e-02 1.740404032170772552e-02 5.042932555079460144e-02 1.056797918863594532e-03 4.143278673291206360e-02 1.226966083049774170e-02 4.422774165868759155e-02 3.247549384832382202e-02 3.360703587532043457e-02 2.602950669825077057e-02 7.165021449327468872e-02 5.011456087231636047e-03 4.407696425914764404e-02 7.464277092367410660e-03 3.386699408292770386e-02 5.252612009644508362e-02 4.245635122060775757e-03 3.186402842402458191e-02 2.330422634258866310e-03 2.316807955503463745e-02 4.336664080619812012e-02 3.522532992064952850e-03 1.011303961277008057e-01 3.432550281286239624e-02 2.887874096632003784e-02 5.721978470683097839e-02 2.820144779980182648e-02 3.755313530564308167e-02 1.098685432225465775e-02 6.370086967945098877e-02 4.956063255667686462e-02 4.721798375248908997e-02 7.048203051090240479e-02 2.596446312963962555e-02 3.323015943169593811e-02 9.031999856233596802e-02 7.050192356109619141e-02 2.313575334846973419e-02 3.955598548054695129e-02 3.094592131674289703e-03 1.330406125634908676e-02 4.761487245559692383e-02 7.863850891590118408e-02 2.896050550043582916e-02 3.839285299181938171e-02 5.916513875126838684e-02 4.984334111213684082e-02 5.842185765504837036e-02 3.727806359529495239e-02 2.417225204408168793e-02 5.217899451963603497e-04 4.066142812371253967e-02 2.029186114668846130e-02 7.033997029066085815e-02 1.421067281626164913e-03 4.429887607693672180e-02 6.484691798686981201e-02 5.279051139950752258e-02 3.749903291463851929e-02 4.061218351125717163e-02 1.929461490362882614e-03 6.263435352593660355e-03 4.500161111354827881e-02 5.107211321592330933e-02 1.338509656488895416e-02 4.483332857489585876e-02 4.442062601447105408e-02 2.312830463051795959e-02 4.813118651509284973e-02 2.288929000496864319e-02 2.745217829942703247e-02 9.734106133691966534e-04 3.738223016262054443e-02 8.587671443819999695e-03 2.186358720064163208e-02 2.632661722600460052e-02 4.307903349399566650e-02 2.149806916713714600e-02 2.710750140249729156e-02 8.655798621475696564e-03 1.652407832443714142e-02 3.844352811574935913e-02 2.431079745292663574e-02 2.909697405993938446e-02 2.890030667185783386e-02 3.223572671413421631e-02 1.351232826709747314e-02 1.788378111086785793e-03 7.165011018514633179e-03 4.658241942524909973e-02 4.087924957275390625e-02 1.553565263748168945e-02 1.817351020872592926e-02 1.005158759653568268e-02 2.152864821255207062e-02 1.210493873804807663e-02 2.081225439906120300e-02 1.072442438453435898e-02 1.181649789214134216e-02 3.116810880601406097e-02 6.209186092019081116e-02
1.883471757173538208e-02 5.350496154278516769e-03 9.323500096797943115e-02 6.458103656768798828e-02 8.991653099656105042e-03 8.152677863836288452e-02 1.032401919364929199e-01 2.051585614681243896e-01 2.115884236991405487e-02 7.587201893329620361e-02 5.121582187712192535e-03 5.333971977233886719e-02 6.821065396070480347e-02 4.288458451628684998e-02 2.561876550316810608e-03 5.676049366593360901e-02 5.189435556530952454e-02 7.500954903662204742e-03 6.377134472131729126e-02 9.055738151073455811e-02 5.150486901402473450e-02 1.114303022623062134e-01 3.831951320171356201e-02 6.365006417036056519e-02 5.384727194905281067e-02 3.856686502695083618e-02 3.869178891181945801e-02 2.738504856824874878e-02 2.802818268537521362e-02 5.178045853972434998e-02 2.309921942651271820e-02 2.094973064959049225e-02 4.182010143995285034e-02 4.655867442488670349e-02 4.986188560724258423e-02 6.392898038029670715e-03 6.742201745510101318e-02 8.268847316503524780e-02 7.602416910231113434e-03 4.593854025006294250e-02 2.497399598360061646e-02 7.582610473036766052e-03 5.891995504498481750e-02 7.009131461381912231e-02 5.940598784945905209e-04 2.371237426996231079e-02 6.279859691858291626e-02 1.207740604877471924e-02 1.404048595577478409e-02 3.039909899234771729e-02 8.669189177453517914e-03 1.672214362770318985e-03 4.236938059329986572e-02 1.090241875499486923e-02 4.453837871551513672e-02 9.665273129940032959e-02 1.454536896198987961e-02 2.630542777478694916e-02 6.048882845789194107e-03 2.388816140592098236e-02 4.255930334329605103e-02 8.184961974620819092e-02 2.739754505455493927e-03 1.236941851675510406e-02 7.122893631458282471e-02 2.879754081368446350e-02 2.853464148938655853e-02 2.151159942150115967e-02 3.903499990701675415e-02 1.592093892395496368e-02 1.035785116255283356e-02 2.348317392170429230e-02 1.080033462494611740e-02 2.448010444641113281e-02 1.492964662611484528e-02 1.415061205625534058e-02 2.227536402642726898e-02 6.672191619873046875e-02 1.733755320310592651e-02 4.788886383175849915e-02 1.915202736854553223e-01 3.088771365582942963e-02 3.501945640891790390e-03 4.173392802476882935e-02 3.363066061865538359e-04 7.542446255683898926e-02 8.646033704280853271e-02 4.517838358879089355e-02 3.246747702360153198e-02 2.274532429873943329e-02 7.952898740768432617e-03 1.041208300739526749e-02 4.101733863353729248e-02 5.309028178453445435e-02 4.041389375925064087e-02 1.516945194453001022e-02 3.990950062870979309e-02 5.669467616826295853e-03 3.115209005773067474e-02 1.090980507433414459e-02 5.930700898170471191e-02 1.506178453564643860e-02 2.469967678189277649e-02 4.175856709480285645e-02 3.457811474800109863e-02 2.423812868073582649e-03 3.469994291663169861e-02 2.080371603369712830e-02 2.124835923314094543e-02 3.698284551501274109e-02 4.478133469820022583e-02 1.713886111974716187e-02 4.422198608517646790e-02 5.548590421676635742e-02 2.267943695187568665e-02 6.491892039775848389e-02
7.590638007968664169e-03 5.944760888814926147e-02 6.458103656768798828e-02 5.798712372779846191e-02 1.179247573018074036e-01 1.946757175028324127e-02 1.944585703313350677e-02 8.337662555277347565e-03 5.110961198806762695e-02 8.959614485502243042e-02 1.771003752946853638e-02 6.359961815178394318e-03 3.428377211093902588e-03 4.638687148690223694e-02 4.449500236660242081e-03 2.385883219540119171e-02 2.565324539318680763e-03 9.719721041619777679e-03 1.682980544865131378e-02 5.537484586238861084e-02 1.655425503849983215e-02 1.049118209630250931e-02 3.545651212334632874e-02 3.519684821367263794e-02 2.485007233917713165e-02 3.524361923336982727e-02 1.644397713243961334e-02 1.759520918130874634e-02 5.743780732154846191e-02 6.829215213656425476e-03 2.055858634412288666e-02 6.586423516273498535e-02 1.020613592118024826e-02 3.381186351180076599e-02 3.393314033746719360e-02 7.808431051671504974e-03 2.043058164417743683e-02 3.002588823437690735e-02 3.223482053726911545e-03 5.312280263751745224e-03 3.973640128970146179e-02 2.948233112692832947e-02 1.721299253404140472e-02 2.461055852472782135e-02 2.468516677618026733e-02 1.587045751512050629e-02 1.532874256372451782e-02 2.102187462151050568e-02 9.932840242981910706e-03 4.011736717075109482e-03 3.408658504486083984e-02 1.640047319233417511e-02 6.256453692913055420e-02 6.636069715023040771e-02 1.513201184570789337e-02 8.152704685926437378e-02 5.367355048656463623e-02 2.276495657861232758e-02 2.164817787706851959e-02 5.215679109096527100e-02 2.515595033764839172e-02 5.909911543130874634e-02 8.242207020521163940e-02 6.523002684116363525e-02 2.976040542125701904e-02 4.108854383230209351e-02 1.524246856570243835e-02 1.052017882466316223e-02 4.287783056497573853e-02 2.406992763280868530e-02 1.561645511537790298e-02 3.006942942738533020e-02 8.902327716350555420e-02 4.593448713421821594e-02 7.030037790536880493e-02 1.628354750573635101e-02 4.555539414286613464e-02 6.438225507736206055e-02 3.479634597897529602e-02 3.874724730849266052e-02 3.647885471582412720e-02 2.478801459074020386e-02 3.004527650773525238e-02 1.050384342670440674e-02 2.762000076472759247e-02 4.835227504372596741e-02 4.106503329239785671e-04 6.912052631378173828e-02 5.567683279514312744e-02 3.265009261667728424e-03 2.929737605154514313e-02 1.948014274239540100e-02 2.079060114920139313e-02 1.115476153790950775e-02 3.291181847453117371e-02 6.312385201454162598e-02 2.296521561220288277e-03 4.476254805922508240e-02 3.271385561674833298e-03 5.621058866381645203e-02 2.040617540478706360e-02 3.447123244404792786e-02 3.015051595866680145e-03 3.074211999773979187e-02 5.517567507922649384e-03 3.825037553906440735e-02 6.027667550370097160e-04 6.108226627111434937e-02 3.931942209601402283e-02 6.023139134049415588e-02 3.424330428242683411e-02 3.214637190103530884e-02 1.736072823405265808e-02 2.231960371136665344e-02 1.323622185736894608e-02 1.539559219963848591e-03
2.993474015966057777e-03 2.498055249452590942e-02 8.991653099656105042e-03 1.179247573018074036e-01 5.327041447162628174e-02 2.482283301651477814e-02 8.633615449070930481e-03 2.005423977971076965e-02 6.952043622732162476e-02 4.394173249602317810e-02 1.097139157354831696e-02 4.894183482974767685e-03 1.026082132011651993e-02 2.271360252052545547e-03 5.128931719809770584e-03 3.183202072978019714e-02 6.729044020175933838e-02 2.972810156643390656e-02 7.816246710717678070e-03 3.330755606293678284e-02 4.742829874157905579e-02 2.661050856113433838e-02 2.813842892646789551e-02 3.698659688234329224e-02 2.478481084108352661e-02 6.950492411851882935e-02 3.202060237526893616e-02 2.017462812364101410e-02 4.215119779109954834e-02 2.354144863784313202e-02 1.051828358322381973e-02 6.898728013038635254e-02 5.615707486867904663e-02 2.282813657075166702e-03 1.378518342971801758e-02 2.529053203761577606e-02 9.367254562675952911e-03 1.947021298110485077e-02 4.016053304076194763e-02 5.957840010523796082e-03 2.240771241486072540e-02 2.419695630669593811e-02 4.656112939119338989e-02 3.008521161973476410e-02 2.507980167865753174e-02 2.718182466924190521e-02 4.310499131679534912e-02 1.666988246142864227e-02 1.628910889849066734e-03 5.951651558279991150e-02 3.897687047719955444e-02 3.494794294238090515e-02 5.439329519867897034e-02 9.601261466741561890e-02 3.186804801225662231e-02 4.999284818768501282e-02 4.117279872298240662e-02 2.666102722287178040e-02 1.703103655017912388e-03 6.174000352621078491e-02 2.785970829427242279e-02 4.823062196373939514e-02 4.164485633373260498e-02 6.741157174110412598e-02 4.461478069424629211e-02 1.601306837983429432e-03 3.361222892999649048e-02 3.202732652425765991e-02 2.324748039245605469e-02 4.310689121484756470e-02 4.565433785319328308e-02 1.466459874063730240e-02 7.773111760616302490e-02 1.540982536971569061e-02 1.018796488642692566e-01 5.942897405475378036e-03 4.429706186056137085e-02 5.910008400678634644e-02 3.333466872572898865e-02 6.979414820671081543e-02 3.779187798500061035e-02 3.519326820969581604e-02 5.812499672174453735e-03 1.172820627689361572e-01 3.338837297633290291e-03 7.054936140775680542e-02 3.630701452493667603e-02 2.348230779170989990e-02 6.359711289405822754e-02 4.879091307520866394e-02 5.874544009566307068e-02 5.130165815353393555e-02 5.524199921637773514e-03 5.453111976385116577e-02 8.434241637587547302e-03 1.361038303002715111e-03 7.420604117214679718e-03 4.458507895469665527e-02 3.224855661392211914e-02 8.820512890815734863e-02 7.569897919893264771e-03 4.142836481332778931e-02 2.961039543151855469e-02 4.670782759785652161e-02 1.170934084802865982e-02 1.655926555395126343e-02 2.595233963802456856e-03 4.387215524911880493e-02 1.494113262742757797e-02 2.650164812803268433e-02 7.973433472216129303e-03 1.528564933687448502e-02 1.693342626094818115e-02 7.349430024623870850e-02 3.113082796335220337e-02 5.302937701344490051e-02
1.874957829713821411e-01 9.353164583444595337e-02 8.152677863836288452e-02 1.946757175028324127e-02 2.482283301651477814e-02 1.281702518463134766e-01 1.936115920543670654e-01 7.004001736640930176e-02 4.433591663837432861e-02 2.667556516826152802e-02 1.139781326055526733e-01 4.396917670965194702e-02 7.948096096515655518e-02 4.159548506140708923e-02 5.748246330767869949e-03 3.652082756161689758e-02 4.900346323847770691e-02 3.743039444088935852e-02 6.140009034425020218e-03 4.350101575255393982e-02 1.521982066333293915e-02 2.318464405834674835e-02 1.150173484347760677e-03 1.456738915294408798e-02 5.003694072365760803e-02 6.223666295409202576e-02 3.568372130393981934e-02 4.071234166622161865e-02 1.070196460932493210e-02 1.401152275502681732e-02 8.424233645200729370e-03 7.843500003218650818e-03 4.192730039358139038e-02 1.572032575495541096e-03 1.363426446914672852e-02 7.203251868486404419e-02 5.810720473527908325e-02 8.513471484184265137e-02 2.023768052458763123e-02 1.394730247557163239e-02 2.789037302136421204e-02 7.112657278776168823e-02 1.641564257442951202e-02 1.063775364309549332e-02 7.461511064320802689e-03 6.746234837919473648e-03 2.033203542232513428e-01 8.874855935573577881e-02 8.815831691026687622e-02 2.634274587035179138e-02 5.153375677764415741e-03 1.723956875503063202e-02 2.779068192467093468e-03 2.414478175342082977e-02 3.886301442980766296e-02 4.410401731729507446e-02 1.935594948008656502e-03 4.742383584380149841e-02 3.507860004901885986e-02 2.706560865044593811e-02 3.993445541709661484e-03 5.251612886786460876e-02 1.907072262838482857e-03 1.423963904380798340e-02 8.225282281637191772e-02 8.484361693263053894e-03 1.851518079638481140e-02 2.525564841926097870e-02 4.107261821627616882e-02 3.868510574102401733e-02 9.017059579491615295e-03 9.717778302729129791e-03 2.786109223961830139e-02 3.116177581250667572e-02 7.593745831400156021e-03 8.414051495492458344e-03 4.126037284731864929e-02 4.100298136472702026e-02 6.286365445703268051e-03 9.400395676493644714e-03 4.078277200460433960e-02 2.700994722545146942e-03 6.641636602580547333e-03 4.009548574686050415e-02 1.951990462839603424e-02 6.559325847774744034e-03 1.812596619129180908e-02 5.629733577370643616e-02 1.806797645986080170e-02 1.216090284287929535e-03 1.141778379678726196e-02 4.212769493460655212e-02 3.251015022397041321e-02 3.647238761186599731e-02 5.842539295554161072e-02 4.202663525938987732e-02 7.573689799755811691e-03 7.286884356290102005e-03 4.391025286167860031e-03 1.931439153850078583e-02 3.599455207586288452e-02 4.092980548739433289e-02 3.396959230303764343e-02 7.456163875758647919e-03 5.513514950871467590e-02 4.377409815788269043e-02 3.136173263192176819e-02 7.863461039960384369e-03 3.364630043506622314e-02 6.820520758628845215e-02 1.480729132890701294e-02 5.926486477255821228e-02 3.091229870915412903e-02 5.273239687085151672e-02 2.607130818068981171e-02 3.809840604662895203e-02
1.198545843362808228e-01 8.587820827960968018e-02 1.032401919364929199e-01 1.944585703313350677e-02 8.633615449070930481e-03 1.936115920543670654e-01 1.096036136150360107e-01 4.308016598224639893e-02 8.248692750930786133e-02 5.588014051318168640e-02 6.756816059350967407e-02 9.440384805202484131e-03 5.918139591813087463e-02 1.452039647847414017e-02 4.360431432723999023e-02 1.432350650429725647e-02 3.620952367782592773e-02 5.431518703699111938e-02 1.932276040315628052e-02 3.111291490495204926e-02 5.473108831210993230e-05 3.747805207967758179e-02 4.533550236374139786e-03 1.368055585771799088e-02 7.062885444611310959e-03 5.970215052366256714e-02 2.823222801089286804e-02 3.251611813902854919e-02 5.541467666625976562e-02 3.550889343023300171e-02 2.467128820717334747e-02 4.547151178121566772e-02 1.355173252522945404e-02 6.286462396383285522e-02 6.386495660990476608e-03 1.153251994401216507e-02 4.733026027679443359e-02 4.847228527069091797e-02 2.506305277347564697e-02 4.263639857526868582e-04 6.766355782747268677e-02 3.444600850343704224e-02 6.313544698059558868e-03 1.081429421901702881e-02 7.323329895734786987e-02 6.337212771177291870e-02 2.065997868776321411e-01 2.066266536712646484e-01 1.176230981945991516e-02 3.929816652089357376e-03 2.221020869910717010e-02 6.010838598012924194e-02 4.031573608517646790e-02 6.353969220072031021e-03 3.099051769822835922e-03 2.763767912983894348e-02 4.461998492479324341e-02 3.218701109290122986e-02 3.124772757291793823e-02 1.577305048704147339e-02 4.636364430189132690e-02 2.022624388337135315e-02 6.989570707082748413e-02 2.494359202682971954e-02 6.578642409294843674e-03 1.332571264356374741e-02 3.724783286452293396e-02 6.223991513252258301e-02 5.112289451062679291e-03 1.301115378737449646e-02 1.136823464184999466e-02 6.598796695470809937e-03 2.930470556020736694e-02 4.341990500688552856e-02 3.072120063006877899e-02 3.274780511856079102e-02 4.636820405721664429e-02 9.161889553070068359e-02 1.678504422307014465e-02 6.226343289017677307e-02 8.253433741629123688e-03 3.148062154650688171e-02 2.105032652616500854e-02 4.183559864759445190e-02 1.217235624790191650e-02 1.344224251806735992e-02 3.393849730491638184e-02 2.334434539079666138e-02 5.538943037390708923e-02 1.438552234321832657e-02 3.255541995167732239e-02 4.614381119608879089e-02 6.908746808767318726e-02 3.313817828893661499e-02 5.231869872659444809e-03 4.446927085518836975e-02 9.001073427498340607e-03 1.175582502037286758e-02 5.271255038678646088e-03 1.408674381673336029e-02 8.097068406641483307e-03 1.905042678117752075e-02 1.171162934042513371e-03 2.674162015318870544e-02 1.120786648243665695e-02 1.596969179809093475e-02 1.353571098297834396e-02 5.696963891386985779e-02 1.036030147224664688e-02 3.031147643923759460e-02 1.588712679222226143e-03 2.080594748258590698e-02 6.727414671331644058e-03 6.210590898990631104e-02 5.185445398092269897e-02 1.360420417040586472e-02
3.967483714222908020e-02 1.995039731264114380e-02 2.051585614681243896e-01 8.337662555277347565e-03 2.005423977971076965e-02 7.004001736640930176e-02 4.308016598224639893e-02 5.792995914816856384e-02 3.733805567026138306e-02 1.335787121206521988e-02 1.611916534602642059e-02 3.615531837567687035e-03 5.657431110739707947e-02 2.629969455301761627e-02 3.905067592859268188e-02 2.667492255568504333e-02 2.335361903533339500e-03 3.847265988588333130e-02 1.056413073092699051e-02 4.619744420051574707e-02 3.339824080467224121e-02 1.275779157876968384e-01 2.784187346696853638e-02 1.102621760219335556e-02 6.998408585786819458e-02 4.302632063627243042e-02 1.200131047517061234e-02 1.069016521796584129e-03 1.137175261974334717e-01 5.453805252909660339e-02 9.310734458267688751e-03 2.995455870404839516e-03 3.859509527683258057e-02 2.359998039901256561e-02 4.079915955662727356e-02 1.048045326024293900e-02 1.773635298013687134e-02 4.250483587384223938e-02 5.932776723057031631e-03 5.695495754480361938e-03 1.517238188534975052e-02 4.080434329807758331e-03 1.319355238229036331e-02 1.069451915100216866e-03 4.430750012397766113e-02 2.117539197206497192e-02 2.596024051308631897e-02 5.885398015379905701e-02 2.637334726750850677e-02 2.779010916128754616e-03 3.359409049153327942e-02 4.125619307160377502e-02 4.570779576897621155e-02 4.663789644837379456e-02 3.113959170877933502e-02 1.765648135915398598e-03 3.846586123108863831e-02 5.542974919080734253e-02 1.113453507423400879e-02 2.516455762088298798e-02 7.325735874474048615e-03 3.587876260280609131e-02 2.580624073743820190e-02 3.801862895488739014e-02 5.054244399070739746e-02 2.302516065537929535e-02 4.206604138016700745e-02 1.033666450530290604e-02 2.889871597290039062e-02 3.697086870670318604e-02 2.619096636772155762e-02 2.498113550245761871e-02 1.179139688611030579e-02 5.590733885765075684e-02 5.254846997559070587e-03 2.577774226665496826e-02 9.999454021453857422e-03 8.680379018187522888e-03 2.714345417916774750e-02 1.981364190578460693e-02 1.584221273660659790e-01 3.180926200002431870e-03 6.874347571283578873e-03 2.406596904620528221e-03 1.168365124613046646e-02 1.566181518137454987e-02 8.164627850055694580e-02 1.126090586185455322e-01 5.746822338551282883e-03 1.287063583731651306e-02 5.399032495915889740e-03 2.746742451563477516e-03 4.339830577373504639e-02 1.822844333946704865e-02 7.299648970365524292e-02 6.326775997877120972e-02 2.532890439033508301e-02 1.070618908852338791e-02 2.678454108536243439e-02 2.436506375670433044e-02 4.248830303549766541e-02 4.721893742680549622e-02 2.734320424497127533e-02 9.149208199232816696e-04 7.715144753456115723e-02 5.158159509301185608e-02 2.190403640270233154e-03 2.826867438852787018e-02 4.222948476672172546e-02 1.397831458598375320e-02 1.667893491685390472e-02 9.160236455500125885e-03 4.847061261534690857e-02 2.685355255380272865e-03 4.130354151129722595e-02 2.785672247409820557e-02
2.365729026496410370e-02 2.295789867639541626e-02 2.115884236991405487e-02 5.110961198806762695e-02 6.952043622732162476e-02 4.433591663837432861e-02 8.248692750930786133e-02 3.733805567026138306e-02 1.155454963445663452e-01 8.336136490106582642e-02 6.697192043066024780e-02 2.845651470124721527e-02 1.108585670590400696e-02 2.866798639297485352e-02 5.248754471540451050e-02 2.653941279277205467e-03 3.380374237895011902e-02 1.227757409214973450e-01 7.582842838019132614e-03 6.794176995754241943e-02 1.709003187716007233e-02 1.536063663661479950e-02 6.916377693414688110e-02 3.110140562057495117e-02 1.239376980811357498e-02 1.301599293947219849e-02 4.406557604670524597e-02 3.007461503148078918e-02 2.083608135581016541e-02 4.343060031533241272e-02 2.692910283803939819e-02 4.263082146644592285e-02 2.082974533550441265e-04 4.269159212708473206e-02 4.678309708833694458e-02 1.257909089326858521e-02 4.485629498958587646e-02 5.164277181029319763e-02 3.725729510188102722e-02 3.739092731848359108e-03 5.186678469181060791e-02 6.954269856214523315e-02 2.009443938732147217e-02 5.828379467129707336e-02 3.014209493994712830e-02 2.055756002664566040e-02 4.516667500138282776e-02 5.099979043006896973e-02 7.587414979934692383e-02 2.116295043379068375e-03 2.196007780730724335e-02 6.973916897550225258e-04 5.343332141637802124e-02 1.024856138974428177e-02 1.575505584478378296e-01 5.377114936709403992e-02 1.336743868887424469e-02 3.723200410604476929e-02 3.323316574096679688e-02 2.501388266682624817e-02 4.460017010569572449e-02 2.007692307233810425e-02 2.922580204904079437e-02 3.124833293259143829e-02 3.293192479759454727e-03 5.605984851717948914e-02 4.661070182919502258e-02 7.933875918388366699e-02 1.940847188234329224e-02 2.953778952360153198e-02 9.455775842070579529e-03 1.204128041863441467e-01 4.345362260937690735e-02 3.256686776876449585e-02 2.193891257047653198e-02 1.040081754326820374e-01 1.762057691812515259e-01 9.470512717962265015e-02 1.262950152158737183e-01 1.524471305310726166e-02 6.432984024286270142e-02 3.563400357961654663e-02 2.415948733687400818e-02 5.637551844120025635e-02 9.972493350505828857e-02 5.841698963195085526e-03 1.854096166789531708e-02 4.634198173880577087e-02 7.389812171459197998e-02 1.378576178103685379e-02 1.465173700125887990e-04 3.307798132300376892e-02 4.074987024068832397e-02 6.365387886762619019e-02 6.283677369356155396e-02 1.868650724645704031e-04 3.466445254161953926e-03 1.166781708598136902e-01 9.104686975479125977e-02 4.509573429822921753e-02 4.834971204400062561e-02 4.357533901929855347e-02 5.543719977140426636e-02 1.328590605407953262e-02 3.692798689007759094e-02 9.472121484577655792e-03 5.480533465743064880e-02 3.350030630826950073e-02 5.595968663692474365e-02 6.470346450805664062e-02 3.013623692095279694e-02 2.460190840065479279e-02 1.218477264046669006e-02 5.329574644565582275e-02 1.029663812369108200e-02 4.252926260232925415e-02
2.570294961333274841e-02 4.287064820528030396e-02 7.587201893329620361e-02 8.959614485502243042e-02 4.394173249602317810e-02 2.667556516826152802e-02 5.588014051318168640e-02 1.335787121206521988e-02 8.336136490106582642e-02 1.182466149330139160e-01 4.770631715655326843e-02 3.829407319426536560e-02 4.969525337219238281e-02 4.261838272213935852e-02 6.380300968885421753e-02 6.889884173870086670e-02 2.197441644966602325e-02 7.145591825246810913e-02 1.413748711347579956e-01 4.157677292823791504e-03 3.198202699422836304e-02 2.734010480344295502e-02 6.313737481832504272e-02 2.925252076238393784e-03 1.556023024022579193e-02 3.541829064488410950e-02 6.442776322364807129e-02 3.578070085495710373e-03 1.458995882421731949e-02 1.551583502441644669e-02 7.869803346693515778e-03 2.251458913087844849e-02 7.185050845146179199e-02 5.464300978928804398e-03 5.325255170464515686e-02 6.896238774061203003e-02 1.584459911100566387e-03 4.470090940594673157e-02 4.729734361171722412e-02 4.565367847681045532e-02 5.668895319104194641e-02 5.487317219376564026e-02 9.903373196721076965e-03 9.238266199827194214e-02 5.843676999211311340e-02 4.639051109552383423e-02 4.090042039752006531e-02 7.492321077734231949e-03 3.281026333570480347e-02 7.953595370054244995e-02 4.130055755376815796e-02 4.146764054894447327e-02 2.194253262132406235e-03 1.905520632863044739e-02 7.504041492938995361e-02 1.737940013408660889e-01 2.514686249196529388e-02 6.084150448441505432e-02 3.262633457779884338e-03 2.994287945330142975e-02 5.735114216804504395e-02 2.711254917085170746e-02 8.428363502025604248e-02 4.157413914799690247e-02 4.274182766675949097e-02 7.319775968790054321e-02 5.974202230572700500e-02 5.119089782238006592e-02 5.723912268877029419e-02 9.592027962207794189e-02 4.858295246958732605e-02 4.454910755157470703e-02 7.560840994119644165e-02 1.353681683540344238e-01 5.469944700598716736e-02 2.850449830293655396e-02 2.054505795240402222e-02 1.613785475492477417e-01 7.286830991506576538e-02 1.524501591920852661e-01 2.922495268285274506e-02 2.698295004665851593e-02 5.427139345556497574e-03 1.014232337474822998e-01 4.318318143486976624e-02 6.141875684261322021e-02 5.572902411222457886e-02 8.500408381223678589e-03 4.790063947439193726e-02 6.689543835818767548e-03 1.679732277989387512e-02 2.307148464024066925e-02 7.584040518850088120e-03 5.122899636626243591e-02 2.152246236801147461e-02 1.062494143843650818e-01 4.963503405451774597e-02 1.723216846585273743e-02 5.594258382916450500e-02 2.974051423370838165e-02 9.055209904909133911e-02 5.612326413393020630e-02 3.409714996814727783e-02 1.520526595413684845e-02 3.125285729765892029e-02 4.989876970648765564e-02 1.345304492861032486e-02 1.527288742363452911e-02 3.079856932163238525e-02 2.223629690706729889e-02 3.657591715455055237e-02 3.410175070166587830e-02 3.647591546177864075e-02 6.417443603277206421e-02 5.050482228398323059e-02 3.622226044535636902e-02
1.671735495328903198e-01 1.157821938395500183e-01 5.121582187712192535e-03 1.771003752946853638e-02 1.097139157354831696e-02 1.139781326055526733e-01 6.756816059350967407e-02 1.611916534602642059e-02 6.697192043066024780e-02 4.770631715655326843e-02 1.287300586700439453e-01 5.900552496314048767e-02 1.511248052120208740e-01 2.215708419680595398e-02 6.246196851134300232e-02 8.214551955461502075e-03 3.295701742172241211e-02 1.810190826654434204e-02 6.805673986673355103e-02 6.069182977080345154e-02 1.206691935658454895e-02 1.186727434396743774e-01 5.799516802653670311e-04 7.595013361424207687e-03 1.307075563818216324e-02 1.599452272057533264e-02 1.271988451480865479e-01 6.798242777585983276e-02 2.823505736887454987e-02 1.734025962650775909e-02 3.935220465064048767e-02 3.079983778297901154e-02 2.231802325695753098e-03 1.358375139534473419e-02 3.226112574338912964e-02 3.473450988531112671e-02 8.573099970817565918e-03 6.407524645328521729e-02 3.994940966367721558e-02 4.688262566924095154e-02 1.251216419041156769e-02 1.602748222649097443e-02 2.850333601236343384e-02 2.075095102190971375e-02 8.865198493003845215e-02 6.566400825977325439e-02 9.174055606126785278e-02 8.797605405561625957e-04 5.132627207785844803e-03 5.800083279609680176e-03 8.688917756080627441e-02 4.414006695151329041e-02 6.548738479614257812e-02 2.488166838884353638e-02 2.496469020843505859e-02 1.185252238065004349e-02 3.848733380436897278e-02 7.729833573102951050e-02 3.374659642577171326e-02 2.844459377229213715e-02 2.365187369287014008e-02 3.066735155880451202e-02 6.280540674924850464e-02 2.550118602812290192e-03 2.782246097922325134e-02 3.702644258737564087e-02 4.054640606045722961e-02 3.022994613274931908e-03 2.266378141939640045e-02 8.814597385935485363e-04 5.757115036249160767e-02 4.061650112271308899e-02 5.685452744364738464e-02 5.885023623704910278e-02 4.800728708505630493e-02 3.729438409209251404e-02 2.673730812966823578e-02 3.178486600518226624e-02 3.567537665367126465e-02 5.517956614494323730e-02 1.036739069968461990e-02 2.438699454069137573e-02 5.346481874585151672e-02 9.205607697367668152e-03 1.431737095117568970e-02 1.498847384937107563e-03 1.746525429189205170e-02 4.652161151170730591e-02 7.270753383636474609e-03 1.807339116930961609e-02 2.940742112696170807e-02 1.094035282731056213e-01 3.988949954509735107e-02 2.657989412546157837e-02 4.933975636959075928e-02 5.650181695818901062e-02 2.085922844707965851e-02 1.082964893430471420e-02 1.310062315315008163e-02 1.910134032368659973e-02 6.838836707174777985e-03 1.885830424726009369e-02 2.777463197708129883e-02 2.880720049142837524e-02 5.348802357912063599e-02 8.032696321606636047e-03 2.047237008810043335e-02 4.406651854515075684e-02 1.598246209323406219e-02 6.007292121648788452e-02 7.240330427885055542e-02 5.763817206025123596e-02 9.684280492365360260e-03 5.342024564743041992e-02 1.768185570836067200e-02 7.389960438013076782e-02
3.322073817253112793e-02 1.647268980741500854e-02 5.333971977233886719e-02 6.359961815178394318e-03 4.894183482974767685e-03 4.396917670965194702e-02 9.440384805202484131e-03 3.615531837567687035e-03 2.845651470124721527e-02 3.829407319426536560e-02 5.900552496314048767e-02 9.493054449558258057e-02 3.762113861739635468e-03 1.234705895185470581e-01 1.378287002444267273e-02 3.210633993148803711e-02 1.464888919144868851e-02 6.146641820669174194e-02 2.682238817214965820e-02 1.644040644168853760e-02 4.963850136846303940e-03 4.594722762703895569e-02 3.003922477364540100e-02 2.148591913282871246e-02 3.531182557344436646e-02 3.098628483712673187e-02 1.396054052747786045e-03 9.119640290737152100e-02 4.438860341906547546e-02 7.342228293418884277e-02 1.473514642566442490e-02 2.903357334434986115e-02 1.877410337328910828e-03 3.071257658302783966e-02 3.822198882699012756e-02 4.550496116280555725e-02 5.755850672721862793e-02 2.505569346249103546e-02 1.189978606998920441e-02 2.171028964221477509e-02 2.278647199273109436e-02 1.153932389570400119e-04 4.864190891385078430e-02 9.857500344514846802e-02 7.910547405481338501e-02 4.317614063620567322e-02 1.626734063029289246e-02 2.861769497394561768e-02 9.475978463888168335e-02 7.680329680442810059e-02 7.449233531951904297e-02 8.733893185853958130e-02 5.057887732982635498e-02 3.562144190073013306e-02 3.681488707661628723e-02 6.379678100347518921e-02 4.249573871493339539e-02 4.012525081634521484e-03 3.406556323170661926e-02 2.938963845372200012e-02 4.153161495923995972e-02 2.461880259215831757e-02 2.895166724920272827e-02 3.760289773344993591e-02 4.391163587570190430e-02 1.694650202989578247e-02 5.037553980946540833e-02 6.772092077881097794e-03 6.981881335377693176e-03 1.950054802000522614e-02 9.144932031631469727e-03 3.394168987870216370e-02 5.815868731588125229e-03 2.825546078383922577e-02 1.377436891198158264e-02 5.057633668184280396e-02 4.113652743399143219e-03 3.223030129447579384e-03 1.024879887700080872e-01 6.748425215482711792e-02 4.126065969467163086e-02 1.128399595618247986e-01 9.987352415919303894e-03 2.518151141703128815e-02 1.181426458060741425e-02 4.136463627219200134e-02 4.158736765384674072e-02 3.909749537706375122e-02 8.926883339881896973e-02 9.260112047195434570e-02 2.336370758712291718e-03 3.795725479722023010e-02 4.080173000693321228e-02 5.593635141849517822e-03 1.434299629181623459e-02 2.268394269049167633e-02 3.383132442831993103e-02 4.999116528779268265e-03 1.683791400864720345e-03 1.977745816111564636e-02 8.842972107231616974e-03 1.734195626340806484e-03 1.613288931548595428e-02 4.296839982271194458e-02 1.737551763653755188e-02 2.534932456910610199e-03 2.790552377700805664e-02 2.958974055945873260e-02 3.781963884830474854e-02 3.404182568192481995e-02 2.942009270191192627e-02 7.282705605030059814e-02 1.783985272049903870e-02 5.709928646683692932e-02 7.721307873725891113e-02 4.361470043659210205e-02
1.023424491286277771e-01 1.347444802522659302e-01 6.821065396070480347e-02 3.428377211093902588e-03 1.026082132011651993e-02 7.948096096515655518e-02 5.918139591813087463e-02 5.657431110739707947e-02 1.108585670590400696e-02 4.969525337219238281e-02 1.511248052120208740e-01 3.762113861739635468e-03 1.192272827029228210e-01 4.421604424715042114e-02 2.158531546592712402e-02 1.838427409529685974e-02 1.116732717491686344e-03 2.362784557044506073e-02 4.962421488016843796e-03 4.150660336017608643e-02 3.219390660524368286e-02 1.198498234152793884e-01 8.375790901482105255e-03 1.444921270012855530e-02 2.358745038509368896e-02 4.920305311679840088e-02 9.693627804517745972e-02 4.308512806892395020e-02 2.324225381016731262e-02 4.969979450106620789e-02 7.742943614721298218e-02 2.403754554688930511e-02 1.479292660951614380e-02 5.406492948532104492e-02 2.376546524465084076e-02 5.394856445491313934e-03 4.516918584704399109e-02 2.986003831028938293e-02 6.038996577262878418e-02 3.290809318423271179e-02 6.003854423761367798e-02 2.868601866066455841e-02 6.780590862035751343e-03 3.228520974516868591e-02 6.068407371640205383e-02 6.605014204978942871e-02 6.560999900102615356e-02 3.412805125117301941e-02 2.045656181871891022e-02 3.899013623595237732e-02 4.305870085954666138e-02 4.962752014398574829e-02 6.301383953541517258e-03 5.858806893229484558e-02 1.254677027463912964e-02 3.184079378843307495e-02 7.312446832656860352e-03 5.939890444278717041e-02 6.857972592115402222e-03 2.801594510674476624e-02 4.509921371936798096e-02 4.821227490901947021e-02 5.361581221222877502e-02 1.800579368136823177e-03 4.168124869465827942e-02 6.852032989263534546e-02 6.579057127237319946e-02 7.791051268577575684e-02 5.725227668881416321e-02 4.021820425987243652e-02 3.240836411714553833e-02 5.565651226788759232e-03 3.480374440550804138e-02 2.728053182363510132e-02 9.996756911277770996e-03 4.031253606081008911e-02 5.503648892045021057e-03 3.671067580580711365e-02 1.176501158624887466e-02 4.886485636234283447e-02 1.315371319651603699e-02 3.947313129901885986e-02 6.903765723109245300e-03 4.432652145624160767e-02 9.275323711335659027e-03 2.145195193588733673e-02 2.354811644181609154e-03 3.242206946015357971e-02 2.814059890806674957e-02 2.637844532728195190e-02 5.964309722185134888e-02 5.829302221536636353e-02 4.319111257791519165e-02 2.901085652410984039e-02 3.802401944994926453e-02 9.089333936572074890e-03 3.734682127833366394e-02 1.112477201968431473e-02 4.616872221231460571e-02 1.700181886553764343e-02 4.336377233266830444e-02 4.563187807798385620e-02 4.385904222726821899e-02 4.918573889881372452e-03 9.757330268621444702e-02 5.713107064366340637e-02 3.857971727848052979e-02 5.018965899944305420e-02 4.456303641200065613e-02 5.035850033164024353e-02 9.668284654617309570e-02 7.830735296010971069e-03 5.548226833343505859e-02 2.382337488234043121e-02 2.460424043238162994e-02 3.684872761368751526e-02
