7.555663585662841797e-02 2.905715405941009521e-01 2.091299183666706085e-02 5.415602400898933411e-02 5.689668282866477966e-02 1.448404788970947266e-01 1.369326561689376831e-01 9.448539465665817261e-02 4.289389029145240784e-02 3.047132119536399841e-02 2.633119821548461914e-01 6.473139673471450806e-02 1.606275439262390137e-01 4.452784731984138489e-02 2.129910141229629517e-02 5.217107012867927551e-02 4.505892470479011536e-02 1.338307838886976242e-02 6.546644121408462524e-02 3.203976154327392578e-02 3.314061462879180908e-02 6.224939133971929550e-03 1.706851879134774208e-03 7.552835345268249512e-02 9.467001073062419891e-03 3.934441506862640381e-02 4.087648820132017136e-03 3.397802263498306274e-02 1.116574928164482117e-01 1.912265643477439880e-02 1.900411099195480347e-01 2.090443857014179230e-02 4.479945171624422073e-03 6.026136688888072968e-03 1.392951980233192444e-02 4.223882406949996948e-02 3.104795515537261963e-02 9.824949316680431366e-03 4.677345231175422668e-02 6.084227934479713440e-02 3.819972276687622070e-02 4.460018593817949295e-03 3.083045408129692078e-02 2.505280263721942902e-02 2.799344994127750397e-02 1.063600741326808929e-02 1.626136600971221924e-01 6.315588951110839844e-03 4.205098748207092285e-02 2.175893262028694153e-02 3.409594669938087463e-02 4.536291584372520447e-03 8.256280794739723206e-03 1.115119783207774162e-03 1.659930800087749958e-03 6.289991550147533417e-03 6.935990415513515472e-03 3.811549767851829529e-02 8.119230158627033234e-03 8.782716467976570129e-03 3.053778409957885742e-02 3.760893642902374268e-02 6.497609429061412811e-03 1.172698941081762314e-02 4.368017241358757019e-02 8.051986992359161377e-02 1.166729070246219635e-02 2.046784572303295135e-02 2.474715234711766243e-03 4.325656965374946594e-02 3.077335096895694733e-02 6.207936257123947144e-02 1.650600135326385498e-02 3.988875448703765869e-02 1.871693879365921021e-02 1.740483567118644714e-03 1.983017474412918091e-02 1.885105669498443604e-02 2.717708609998226166e-02 2.442340739071369171e-02 5.086070671677589417e-02 5.859218165278434753e-02 1.490458566695451736e-02 5.346894636750221252e-02 1.133182179182767868e-02 2.989060804247856140e-02 5.889631435275077820e-02 5.235120654106140137e-02 5.278963595628738403e-02 3.584587574005126953e-02 9.280440956354141235e-02 7.080071419477462769e-02 1.099145133048295975e-02 4.276632145047187805e-02 3.706444427371025085e-02 3.158734366297721863e-02 7.389481179416179657e-03 4.049183428287506104e-02 4.948592744767665863e-03 9.924325160682201385e-03 8.281689882278442383e-02 2.582066506147384644e-02 5.061686038970947266e-02 1.434938888996839523e-02 3.713610349223017693e-03 3.419695049524307251e-02 5.682383477687835693e-02 5.064698308706283569e-02 3.777354955673217773e-02 5.039404705166816711e-02 1.719824969768524170e-02 3.624055534601211548e-02 4.559273645281791687e-02 5.215094983577728271e-02 6.414116919040679932e-02 3.742762655019760132e-02
2.905715405941009521e-01 1.390066184103488922e-02 5.610025674104690552e-02 4.343136027455329895e-02 1.276804320514202118e-02 2.148325368762016296e-02 1.728524416685104370e-01 4.289144650101661682e-02 2.063020691275596619e-02 1.974476967006921768e-03 2.152002453804016113e-01 4.069122299551963806e-02 1.958963721990585327e-01 3.330058977007865906e-02 5.260379612445831299e-02 2.909853355959057808e-03 3.449507057666778564e-02 3.973621875047683716e-02 1.240877062082290649e-02 4.943284671753644943e-03 4.240924865007400513e-02 2.026032656431198120e-02 6.481698947027325630e-04 3.474637866020202637e-02 2.630395628511905670e-02 2.856076322495937347e-02 4.302429035305976868e-02 4.899130389094352722e-02 3.847420215606689453e-02 7.219108939170837402e-02 1.072624325752258301e-01 4.238363355398178101e-03 2.008470147848129272e-02 5.538021214306354523e-03 5.426468700170516968e-02 9.847050905227661133e-02 2.016227692365646362e-02 2.751891501247882843e-03 3.611560910940170288e-02 2.752194553613662720e-02 4.889039695262908936e-02 1.989921927452087402e-02 2.036086283624172211e-02 7.863807678222656250e-02 4.161994531750679016e-02 1.303725317120552063e-02 1.189261004328727722e-01 4.714320600032806396e-02 5.915751308202743530e-02 5.678252503275871277e-02 5.613018572330474854e-02 2.089522592723369598e-02 1.415429171174764633e-02 5.013769865036010742e-02 2.109750173985958099e-02 2.417209185659885406e-02 5.406036972999572754e-02 3.165110945701599121e-02 2.864720113575458527e-02 3.343706950545310974e-02 3.701711248140782118e-04 4.505776241421699524e-02 1.842933706939220428e-02 3.071397170424461365e-02 4.992374777793884277e-02 4.879931453615427017e-03 2.070449059829115868e-03 6.884787231683731079e-03 7.030534744262695312e-02 9.927601553499698639e-03 1.104185506701469421e-01 2.012724615633487701e-02 8.364847861230373383e-03 1.795542240142822266e-02 3.409571945667266846e-02 4.131712019443511963e-02 4.813583940267562866e-02 1.443320419639348984e-02 4.637446999549865723e-02 8.508662879467010498e-02 2.484711073338985443e-02 5.954420566558837891e-02 1.931271515786647797e-02 4.979591071605682373e-02 1.866933330893516541e-02 3.641889989376068115e-02 8.405976928770542145e-03 3.297104733064770699e-03 5.072361323982477188e-03 6.817511166445910931e-04 3.145041689276695251e-02 1.050409302115440369e-02 5.575279891490936279e-02 3.647140040993690491e-02 3.397050127387046814e-02 6.288059055805206299e-03 3.889784961938858032e-02 3.863110393285751343e-02 4.042656719684600830e-02 1.719274930655956268e-02 3.539511933922767639e-02 5.323583260178565979e-02 7.353376597166061401e-02 9.537030756473541260e-02 1.761044189333915710e-02 5.551618523895740509e-03 2.906914427876472473e-02 1.784399151802062988e-02 4.040929302573204041e-02 5.125601217150688171e-02 3.612428531050682068e-02 3.952555358409881592e-02 4.157873615622520447e-02 2.573584578931331635e-02 1.761683262884616852e-02 1.419431567192077637e-01
2.091299183666706085e-02 5.610025674104690552e-02 8.371365070343017578e-02 3.113502450287342072e-02 4.619989544153213501e-03 3.898140043020248413e-02 4.063595086336135864e-02 1.179127097129821777e-01 4.987036436796188354e-02 3.190283477306365967e-02 5.398320965468883514e-03 1.664350158534944057e-03 1.620452292263507843e-02 5.526597145944833755e-03 2.557719871401786804e-02 1.346542406827211380e-02 5.366893019527196884e-03 3.134881332516670227e-02 2.942976728081703186e-02 1.330387592315673828e-02 1.862606848590075970e-03 1.665757223963737488e-02 1.841441262513399124e-03 2.339398721233010292e-03 4.045335203409194946e-02 4.586909711360931396e-02 9.781267493963241577e-03 2.907115966081619263e-02 1.337965019047260284e-02 1.295696129091084003e-03 2.941223792731761932e-02 2.622366510331630707e-02 4.521321970969438553e-03 2.925930730998516083e-02 1.188952103257179260e-02 1.197372842580080032e-02 1.424588728696107864e-02 9.914265573024749756e-02 1.852718368172645569e-02 5.258336663246154785e-02 8.142177946865558624e-03 4.769222438335418701e-02 2.154463529586791992e-02 1.077957265079021454e-02 4.372354596853256226e-02 1.224159076809883118e-02 3.239412978291511536e-02 2.481102012097835541e-02 5.710926651954650879e-02 4.419852048158645630e-02 1.044682133942842484e-02 1.801530271768569946e-02 2.242159284651279449e-02 6.741452962160110474e-03 4.640926420688629150e-02 3.701272979378700256e-02 1.966461166739463806e-02 7.145965937525033951e-04 3.484768047928810120e-02 2.609375515021383762e-04 1.818425767123699188e-02 8.517168462276458740e-03 1.820128783583641052e-02 4.218382015824317932e-02 6.475103646516799927e-02 7.429190725088119507e-02 6.657100282609462738e-03 2.112011890858411789e-03 1.292779669165611267e-02 8.932324126362800598e-03 5.759906023740768433e-02 4.415734857320785522e-02 5.194215476512908936e-02 2.930811233818531036e-02 1.348238438367843628e-03 5.575897637754678726e-03 1.135884085670113564e-03 3.300045803189277649e-02 8.500942587852478027e-02 3.385295346379280090e-02 2.357580661773681641e-01 1.090782582759857178e-01 2.102887816727161407e-02 6.011233478784561157e-02 1.942920871078968048e-02 6.435046344995498657e-02 1.807353645563125610e-02 5.591826885938644409e-02 4.948530718684196472e-02 2.501070499420166016e-02 4.854594171047210693e-02 1.314604002982378006e-02 1.449712831526994705e-02 2.601603418588638306e-02 4.910640791058540344e-02 6.683896295726299286e-03 4.057550430297851562e-02 9.245830774307250977e-02 6.005446612834930420e-02 2.846177481114864349e-02 2.386069484055042267e-02 9.417762979865074158e-03 1.880077831447124481e-02 3.175281733274459839e-02 6.170665845274925232e-02 3.855216875672340393e-02 2.867608331143856049e-02 5.221336334943771362e-02 3.253360092639923096e-02 5.314971134066581726e-02 3.773560374975204468e-02 5.563425645232200623e-02 1.248302287422120571e-03 9.167008101940155029e-02 8.066683076322078705e-03 7.583872880786657333e-03
5.415602400898933411e-02 4.343136027455329895e-02 3.113502450287342072e-02 4.031513631343841553e-02 1.571984887123107910e-01 5.099721252918243408e-02 3.286429494619369507e-02 2.581168524920940399e-02 6.943548098206520081e-03 1.008965075016021729e-01 6.818029284477233887e-02 1.304615568369626999e-02 5.132893100380897522e-02 5.207360535860061646e-02 3.393228352069854736e-02 2.443101257085800171e-02 7.127353455871343613e-04 2.880369685590267181e-02 3.107512556016445160e-02 3.494715318083763123e-02 1.138220774009823799e-03 5.258546676486730576e-03 3.157194703817367554e-02 3.741833567619323730e-02 2.158682793378829956e-02 2.236721664667129517e-02 4.302683752030134201e-03 8.139207214117050171e-02 5.541714653372764587e-02 3.666980937123298645e-02 9.403208643198013306e-02 5.902334582060575485e-03 2.512875199317932129e-02 6.063510105013847351e-02 3.759853541851043701e-02 1.592908985912799835e-02 4.416874423623085022e-02 2.614277042448520660e-02 3.307323902845382690e-02 4.117533192038536072e-02 9.842851199209690094e-03 3.296647220849990845e-03 2.368391864001750946e-02 2.612540684640407562e-02 5.302170664072036743e-02 4.531148821115493774e-03 1.921832188963890076e-02 1.359802857041358948e-02 4.370621219277381897e-02 1.890797168016433716e-02 4.108140245079994202e-03 4.319100826978683472e-02 8.905156515538692474e-03 1.082402374595403671e-02 1.603836566209793091e-02 2.254574745893478394e-02 1.945292390882968903e-02 4.036983847618103027e-02 2.398052485659718513e-03 5.523714423179626465e-02 7.946915924549102783e-02 3.266822919249534607e-02 1.426838058978319168e-02 3.531323745846748352e-04 1.813315041363239288e-02 1.055902149528264999e-02 2.565306983888149261e-02 8.817061781883239746e-03 2.716959640383720398e-02 2.743858098983764648e-02 5.754854157567024231e-02 2.013525739312171936e-02 1.274361014366149902e-01 1.809882745146751404e-02 4.350239038467407227e-02 2.842091955244541168e-02 7.435446232557296753e-02 5.716926231980323792e-02 1.141519472002983093e-02 3.988222777843475342e-02 6.087933667004108429e-03 4.167637601494789124e-02 3.883739188313484192e-02 3.664152696728706360e-02 4.266628529876470566e-03 6.038964912295341492e-02 1.311520952731370926e-02 4.500041902065277100e-02 8.700099424459040165e-04 4.549355059862136841e-02 4.850300960242748260e-03 3.647157922387123108e-02 5.946021992713212967e-03 3.695282153785228729e-03 1.871119253337383270e-02 2.070818794891238213e-03 3.918086364865303040e-02 9.097242727875709534e-04 5.617779120802879333e-02 3.777760267257690430e-02 2.621884085237979889e-02 3.929915837943553925e-03 4.517419438343495131e-04 1.762353070080280304e-02 1.310409419238567352e-02 1.109336316585540771e-02 2.020524814724922180e-03 8.452288061380386353e-02 7.839755155146121979e-03 5.237676948308944702e-02 1.052414998412132263e-02 9.155665524303913116e-03 2.881413791328668594e-03 1.341521833091974258e-02 4.497262835502624512e-02 8.545906166546046734e-04
5.689668282866477966e-02 1.276804320514202118e-02 4.619989544153213501e-03 1.571984887123107910e-01 3.535280004143714905e-02 1.425230409950017929e-02 9.315319359302520752e-02 3.226082399487495422e-02 5.754962190985679626e-02 8.382360637187957764e-02 9.558649733662605286e-03 1.473207492381334305e-02 4.157187044620513916e-02 3.928720578551292419e-02 1.396370306611061096e-02 3.078297153115272522e-02 3.591339662671089172e-02 1.059279963374137878e-02 6.397438049316406250e-02 3.348758816719055176e-02 1.465194672346115112e-02 8.584298193454742432e-04 3.205497516319155693e-03 1.364913489669561386e-02 4.078181833028793335e-02 1.320602092891931534e-02 6.230982020497322083e-03 5.962868034839630127e-02 4.178184270858764648e-02 7.116215769201517105e-03 3.024031466338783503e-04 6.938535720109939575e-03 1.855967380106449127e-02 5.513679981231689453e-02 1.805454865097999573e-02 2.358850650489330292e-02 8.074849843978881836e-03 4.138425458222627640e-03 4.173650871962308884e-03 2.515911869704723358e-02 3.159614279866218567e-02 5.561753641813993454e-04 1.204545050859451294e-02 1.147190108895301819e-02 4.367887601256370544e-02 6.144089996814727783e-02 5.568097904324531555e-02 4.295389726758003235e-02 3.398427367210388184e-02 1.584351062774658203e-02 1.510395668447017670e-02 3.417992964386940002e-02 1.928087323904037476e-02 3.050665743649005890e-02 1.620788127183914185e-02 5.735272541642189026e-02 1.808218099176883698e-02 1.359082665294408798e-02 1.213208772242069244e-02 2.455788850784301758e-02 2.654396928846836090e-02 7.070408761501312256e-02 5.963652208447456360e-02 4.339514672756195068e-02 1.322148181498050690e-02 5.118048563599586487e-02 4.084337875247001648e-02 2.256890572607517242e-02 7.805408444255590439e-03 4.764011502265930176e-02 4.468700289726257324e-02 1.287708524614572525e-02 8.548244088888168335e-02 5.010667443275451660e-02 1.173682957887649536e-01 4.874051734805107117e-02 1.809762045741081238e-02 1.208565104752779007e-02 2.317027654498815536e-03 1.580389589071273804e-02 7.440837565809488297e-03 1.381891593337059021e-02 3.067107126116752625e-02 1.399548798799514771e-01 3.821991384029388428e-02 1.759492419660091400e-02 1.537146884948015213e-02 3.690619766712188721e-02 8.423450402915477753e-03 1.646954379975795746e-02 2.674811705946922302e-02 5.743410438299179077e-03 1.728920382447540760e-03 2.272844128310680389e-02 5.255337804555892944e-03 5.766301881521940231e-03 3.666880354285240173e-02 1.171718700788915157e-03 1.401056628674268723e-02 1.207825727760791779e-02 1.921973191201686859e-02 1.028228458017110825e-02 1.654976606369018555e-02 1.015560934320092201e-03 1.442786399275064468e-02 3.284498676657676697e-02 4.080379754304885864e-02 7.978548854589462280e-02 1.726815663278102875e-02 8.126791566610336304e-02 1.389862038195133209e-02 2.929343609139323235e-03 1.857926981756463647e-04 1.860788464546203613e-02 5.589295178651809692e-03 1.813561841845512390e-02
1.448404788970947266e-01 2.148325368762016296e-02 3.898140043020248413e-02 5.099721252918243408e-02 1.425230409950017929e-02 5.606316030025482178e-03 3.412370085716247559e-01 2.129276283085346222e-02 5.051342025399208069e-02 1.752744987607002258e-02 3.656171634793281555e-02 1.445166915655136108e-01 1.708919182419776917e-02 5.353731289505958557e-02 6.987203378230333328e-03 4.622211307287216187e-02 2.292625606060028076e-02 1.030791178345680237e-02 5.805557593703269958e-03 6.908906996250152588e-02 2.839217334985733032e-02 3.417235240340232849e-02 4.402950033545494080e-02 3.742970153689384460e-02 3.285970911383628845e-02 1.030833087861537933e-02 1.422480214387178421e-02 8.726282976567745209e-03 5.671243742108345032e-02 2.346819639205932617e-02 2.501329779624938965e-02 6.876918487250804901e-03 2.340589836239814758e-02 3.133573383092880249e-02 2.566533349454402924e-02 6.124885752797126770e-02 2.051081508398056030e-02 3.683852031826972961e-02 2.111947629600763321e-03 1.524628419429063797e-02 2.642957866191864014e-02 1.018338836729526520e-02 4.518170282244682312e-02 6.965452432632446289e-02 4.488722980022430420e-02 3.647679230198264122e-03 1.579323410987854004e-01 6.788592785596847534e-02 4.985791817307472229e-02 2.621751651167869568e-02 1.100981421768665314e-02 4.332535341382026672e-02 4.452239722013473511e-02 1.920626685023307800e-02 3.188507631421089172e-02 3.259553108364343643e-03 4.557701945304870605e-02 1.829739660024642944e-02 9.624546393752098083e-03 4.151026159524917603e-02 3.462009131908416748e-02 2.522552758455276489e-02 3.320771967992186546e-03 8.314723148941993713e-03 7.035519182682037354e-02 3.065502084791660309e-02 1.813703961670398712e-02 7.552353665232658386e-03 2.887981757521629333e-02 5.053655058145523071e-02 3.055886365473270416e-02 4.567879810929298401e-02 4.641725122928619385e-02 5.080826580524444580e-02 4.233850166201591492e-03 4.408295452594757080e-02 5.371790006756782532e-02 9.345575422048568726e-02 1.172497795778326690e-04 8.470503240823745728e-02 1.452482398599386215e-02 5.405436456203460693e-02 1.372155733406543732e-02 7.000754121690988541e-03 3.304077778011560440e-03 2.729384601116180420e-02 1.789678633213043213e-02 4.084713384509086609e-02 4.258646070957183838e-02 5.868248641490936279e-02 5.348535627126693726e-02 1.000649016350507736e-02 6.304614990949630737e-02 2.807375229895114899e-02 5.884804297238588333e-03 1.078415364027023315e-01 2.046685293316841125e-02 8.939752588048577309e-04 4.119813442230224609e-02 1.534597110003232956e-02 6.434510927647352219e-03 5.267494544386863708e-02 2.358715794980525970e-02 1.094544120132923126e-02 2.878628484904766083e-02 3.023309400305151939e-03 5.486649647355079651e-02 1.007239371538162231e-01 1.153005752712488174e-02 3.080990351736545563e-02 9.077947586774826050e-03 4.605136439204216003e-02 5.752196162939071655e-02 2.159308828413486481e-02 8.624337613582611084e-03 3.889922425150871277e-02
1.369326561689376831e-01 1.728524416685104370e-01 4.063595086336135864e-02 3.286429494619369507e-02 9.315319359302520752e-02 3.412370085716247559e-01 4.883400630205869675e-03 3.104282915592193604e-02 2.914616838097572327e-02 1.757727377116680145e-02 8.981037884950637817e-03 5.059365928173065186e-02 9.472251869738101959e-03 7.820589095354080200e-02 2.368575893342494965e-03 5.454421509057283401e-03 4.193536937236785889e-02 3.516248613595962524e-02 3.076547756791114807e-02 7.461401633918285370e-03 7.963185198605060577e-03 4.125574603676795959e-02 2.990070171654224396e-02 1.936344988644123077e-02 9.159678965806961060e-02 5.535725504159927368e-02 1.710073277354240417e-02 1.683406531810760498e-02 3.565484657883644104e-02 2.583801187574863434e-02 8.096881955862045288e-02 2.127704676240682602e-03 2.968529053032398224e-02 3.177206218242645264e-02 3.926746174693107605e-02 1.424986170604825020e-03 1.471390277147293091e-01 1.672375574707984924e-02 1.406420022249221802e-02 5.426499620079994202e-02 2.771509811282157898e-02 2.822986803948879242e-02 1.991830766201019287e-02 3.924006596207618713e-02 3.615376725792884827e-02 1.648675464093685150e-02 1.639291942119598389e-01 1.850956827402114868e-01 1.910462044179439545e-02 4.282895475625991821e-02 2.159372903406620026e-02 3.374402597546577454e-02 4.519739374518394470e-02 5.295258760452270508e-02 1.906250719912350178e-03 3.444617614150047302e-02 1.310295332223176956e-02 1.161803398281335831e-02 5.781935900449752808e-02 1.487375609576702118e-02 2.199285849928855896e-02 1.600120589137077332e-02 5.782623961567878723e-02 5.027037113904953003e-02 3.492243960499763489e-02 1.492705754935741425e-02 5.457692965865135193e-02 2.400260977447032928e-02 2.420025877654552460e-03 5.619450658559799194e-02 6.478365510702133179e-02 1.307118777185678482e-02 1.857612864114344120e-03 4.980328679084777832e-02 8.869427256286144257e-03 1.875931955873966217e-02 1.617792434990406036e-02 4.689314216375350952e-02 3.888730332255363464e-02 3.997068852186203003e-02 2.508026361465454102e-02 4.414770007133483887e-02 1.879063993692398071e-02 7.212954759597778320e-02 1.789070479571819305e-02 4.285775497555732727e-02 3.845423460006713867e-02 6.812564283609390259e-02 1.098409015685319901e-02 3.560260683298110962e-02 7.342500239610671997e-02 1.593747921288013458e-02 5.251149088144302368e-02 2.378682233393192291e-02 4.111848399043083191e-02 4.160471633076667786e-02 3.728739917278289795e-02 3.636066988110542297e-02 3.480273112654685974e-02 4.835170134902000427e-02 1.572724780999124050e-03 2.381519414484500885e-02 2.371679618954658508e-02 7.003632839769124985e-03 1.334275305271148682e-02 1.084074098616838455e-02 4.795726761221885681e-02 1.494251191616058350e-02 5.479231942445039749e-03 6.237911432981491089e-02 5.852716788649559021e-02 4.888615384697914124e-02 1.676105335354804993e-02 2.230717241764068604e-02 1.586634665727615356e-02 5.166428163647651672e-02
9.448539465665817261e-02 4.289144650101661682e-02 1.179127097129821777e-01 2.581168524920940399e-02 3.226082399487495422e-02 2.129276283085346222e-02 3.104282915592193604e-02 3.891663625836372375e-02 3.766604885458946228e-02 3.726914525032043457e-02 1.854402199387550354e-02 4.323579370975494385e-02 3.258929401636123657e-02 3.068157937377691269e-03 1.305157784372568130e-02 2.797268703579902649e-02 7.795248180627822876e-02 4.028153792023658752e-02 5.845575407147407532e-02 1.030760444700717926e-02 3.248034045100212097e-02 4.008182883262634277e-02 3.294366225600242615e-02 3.283214196562767029e-02 2.492946200072765350e-02 1.948098093271255493e-02 5.200961232185363770e-02 1.655088923871517181e-02 5.809909105300903320e-02 2.746125124394893646e-02 8.583046495914459229e-03 8.526783436536788940e-03 1.982130855321884155e-02 5.351006239652633667e-02 2.469629980623722076e-02 1.879735440015792847e-01 8.925123140215873718e-03 1.694488897919654846e-02 2.508784644305706024e-02 2.913710474967956543e-02 2.967789582908153534e-02 7.318743318319320679e-02 6.796216964721679688e-02 7.387588918209075928e-02 1.793423201888799667e-03 7.873329520225524902e-02 2.982642315328121185e-02 2.071807906031608582e-02 1.692963577806949615e-02 1.612311229109764099e-02 2.871936000883579254e-02 6.551177054643630981e-02 1.304402854293584824e-02 2.289210446178913116e-03 5.138495471328496933e-03 3.919703885912895203e-03 3.876467421650886536e-02 1.394446939229965210e-02 2.127897925674915314e-02 4.982422292232513428e-02 2.214961126446723938e-02 1.843788661062717438e-02 2.410310693085193634e-02 3.019097819924354553e-02 2.736329846084117889e-02 7.914123684167861938e-02 3.251651674509048462e-02 4.976518824696540833e-02 2.579620480537414551e-02 3.304979950189590454e-02 2.043934725224971771e-02 3.040285035967826843e-02 2.667232975363731384e-02 2.148290351033210754e-02 8.487420529127120972e-02 1.080048969015479088e-03 1.312711276113986969e-02 3.446135297417640686e-02 3.606060147285461426e-02 1.289520319551229477e-02 1.587769240140914917e-01 1.234990656375885010e-01 1.124912314116954803e-02 1.067152060568332672e-02 3.069210238754749298e-02 1.092914119362831116e-01 5.257360264658927917e-02 9.398606419563293457e-02 3.910402581095695496e-02 3.176445374265313148e-03 3.656467050313949585e-02 2.121831849217414856e-02 2.125229500234127045e-02 6.442756205797195435e-02 3.657295554876327515e-02 1.268859859555959702e-02 1.632784679532051086e-02 4.422065615653991699e-02 3.372867405414581299e-02 4.870466515421867371e-02 2.295145578682422638e-02 4.011305421590805054e-02 6.821391731500625610e-02 7.912989705801010132e-02 1.030397415161132812e-02 5.582574754953384399e-03 4.500111564993858337e-02 6.003677845001220703e-02 3.345389291644096375e-02 2.334204874932765961e-02 5.432378873229026794e-02 7.993490435183048248e-03 3.262568265199661255e-03 3.273432701826095581e-02 1.793813519179821014e-02 8.432101458311080933e-02
4.289389029145240784e-02 2.063020691275596619e-02 4.987036436796188354e-02 6.943548098206520081e-03 5.754962190985679626e-02 5.051342025399208069e-02 2.914616838097572327e-02 3.766604885458946228e-02 1.710883923806250095e-03 1.796547919511795044e-01 3.567561134696006775e-02 2.687560953199863434e-02 3.078172728419303894e-02 6.508295238018035889e-02 5.493637919425964355e-02 8.515474200248718262e-02 5.484281107783317566e-02 6.020142510533332825e-02 6.667736917734146118e-03 3.737334907054901123e-02 4.162462055683135986e-02 7.887902855873107910e-02 1.411536782979965210e-01 4.169930145144462585e-02 4.693768173456192017e-02 5.685917101800441742e-03 5.368428304791450500e-02 4.873929545283317566e-02 3.608899191021919250e-02 1.194735988974571228e-02 1.325275935232639313e-02 1.981155015528202057e-02 6.400642544031143188e-02 4.174251109361648560e-02 3.364298865199089050e-02 1.792225614190101624e-02 2.486745454370975494e-02 3.075095452368259430e-02 7.018385455012321472e-03 6.196965649724006653e-02 4.727197811007499695e-02 1.487996894866228104e-02 1.617182046175003052e-02 3.524797409772872925e-02 2.915308251976966858e-02 3.470437601208686829e-02 8.441563695669174194e-03 6.138464435935020447e-03 7.993452250957489014e-02 3.269612416625022888e-02 2.501849643886089325e-02 4.573272541165351868e-02 5.845216219313442707e-04 3.486435860395431519e-02 7.026308029890060425e-02 8.942773193120956421e-02 6.865622103214263916e-02 2.971054241061210632e-02 1.821550540626049042e-02 1.217840798199176788e-02 2.848776429891586304e-02 9.231134317815303802e-03 6.953801028430461884e-03 1.527243759483098984e-02 6.162019446492195129e-02 2.047137171030044556e-02 3.754223883152008057e-02 1.483908505178987980e-03 4.965604096651077271e-02 4.095014929771423340e-02 7.193101570010185242e-03 2.710994891822338104e-02 1.610366068780422211e-02 5.403906479477882385e-02 2.668910892680287361e-03 3.583179786801338196e-02 1.420020014047622681e-01 6.578042358160018921e-02 5.921138916164636612e-03 2.040736377239227295e-02 2.149090729653835297e-02 1.458496903069317341e-03 8.906131237745285034e-02 3.840711340308189392e-02 7.704728096723556519e-02 4.222950898110866547e-03 1.092485524713993073e-02 1.197774801403284073e-02 4.709073528647422791e-02 2.888750284910202026e-02 3.364829719066619873e-02 4.796007648110389709e-02 5.326286703348159790e-02 3.664457006379961967e-03 8.283923566341400146e-02 4.885761067271232605e-02 1.844548620283603668e-03 5.008755996823310852e-02 4.887115582823753357e-02 5.131354555487632751e-02 1.464299857616424561e-01 2.213755995035171509e-02 1.212355680763721466e-02 1.526616979390382767e-02 4.644559696316719055e-02 6.331839133054018021e-03 7.330720126628875732e-02 3.005559928715229034e-02 4.860071092844009399e-02 2.982931770384311676e-02 5.244222283363342285e-02 3.255081130191683769e-03 4.052066709846258163e-03 8.253621309995651245e-02 7.585993502289056778e-03 4.538488388061523438e-02
3.047132119536399841e-02 1.974476967006921768e-03 3.190283477306365967e-02 1.008965075016021729e-01 8.382360637187957764e-02 1.752744987607002258e-02 1.757727377116680145e-02 3.726914525032043457e-02 1.796547919511795044e-01 3.047770354896783829e-03 7.849492132663726807e-03 6.061326339840888977e-02 4.131603054702281952e-03 2.227600105106830597e-02 4.182113334536552429e-02 6.399958580732345581e-02 2.576501481235027313e-02 1.638837531208992004e-02 3.878194466233253479e-02 2.031182684004306793e-02 2.835388481616973877e-02 5.283940117806196213e-03 1.376229338347911835e-02 3.648648783564567566e-02 9.366637468338012695e-02 5.074037238955497742e-02 4.213677346706390381e-02 4.023971781134605408e-02 8.772345259785652161e-03 3.880891948938369751e-02 8.377991616725921631e-02 8.431176841259002686e-02 6.252675503492355347e-02 2.745003253221511841e-02 1.372087281197309494e-02 2.011230913922190666e-03 5.155806429684162140e-03 1.657922635786235332e-03 7.444816082715988159e-02 4.143570363521575928e-02 1.021843403577804565e-02 1.286282669752836227e-02 4.481087625026702881e-02 4.306337609887123108e-02 6.539810448884963989e-02 1.435101684182882309e-02 5.188398435711860657e-02 3.278939425945281982e-02 1.283134967088699341e-01 1.070594191551208496e-01 4.979084059596061707e-02 3.236527368426322937e-02 3.239127248525619507e-02 4.966267943382263184e-02 8.812563493847846985e-03 7.604912668466567993e-02 8.868226408958435059e-02 1.996985636651515961e-03 3.204691037535667419e-02 2.440745942294597626e-03 6.175119057297706604e-02 1.023884862661361694e-02 2.412429824471473694e-02 2.698061801493167877e-02 2.308494411408901215e-02 5.568526312708854675e-02 2.696038596332073212e-02 5.079421401023864746e-02 5.720565561205148697e-03 1.070336997509002686e-01 8.652003854513168335e-02 1.356945652514696121e-02 6.687169522047042847e-02 9.210682474076747894e-03 2.361627295613288879e-02 2.110126614570617676e-02 5.353600159287452698e-02 2.608899176120758057e-01 4.666867479681968689e-02 1.922111511230468750e-01 2.262971363961696625e-02 1.941987685859203339e-02 7.176253199577331543e-02 3.577360883355140686e-02 5.020469427108764648e-02 8.136340975761413574e-02 8.848566794767975807e-04 3.022647835314273834e-02 1.942235976457595825e-02 2.786853723227977753e-02 6.231688335537910461e-02 1.884647831320762634e-02 2.779217064380645752e-02 8.054588688537478447e-04 3.250397369265556335e-02 6.949604302644729614e-02 1.631805300712585449e-02 1.669177971780300140e-02 3.051828220486640930e-02 6.596612185239791870e-02 5.999863613396883011e-03 4.806485027074813843e-02 2.403427287936210632e-02 4.798704292625188828e-03 3.801269456744194031e-02 2.191453427076339722e-02 2.105434425175189972e-02 6.655131280422210693e-02 2.263280376791954041e-02 7.306399941444396973e-02 1.950032426975667477e-03 3.582658618688583374e-02 3.490100055932998657e-02 3.344750031828880310e-02 2.181707695126533508e-02 4.005388170480728149e-02
2.633119821548461914e-01 2.152002453804016113e-01 5.398320965468883514e-03 6.818029284477233887e-02 9.558649733662605286e-03 3.656171634793281555e-02 8.981037884950637817e-03 1.854402199387550354e-02 3.567561134696006775e-02 7.849492132663726807e-03 3.693623840808868408e-02 7.928205281496047974e-02 2.751645147800445557e-01 7.643675059080123901e-02 7.316941022872924805e-02 4.054845497012138367e-02 5.257437471300363541e-03 2.209326811134815216e-02 4.254152998328208923e-03 4.151434451341629028e-02 2.068754844367504120e-02 3.937258571386337280e-02 5.486293230205774307e-03 9.158730506896972656e-03 3.244384378194808960e-02 3.647563233971595764e-02 1.569681428372859955e-02 5.925185233354568481e-02 1.050158515572547913e-01 5.125429108738899231e-02 1.267058849334716797e-01 6.927011068910360336e-03 5.532528460025787354e-02 4.476250614970922470e-03 5.536773055791854858e-02 7.168173789978027344e-02 7.024893164634704590e-02 2.031298354268074036e-02 2.555702999234199524e-02 1.166221406310796738e-02 3.170130401849746704e-02 4.627215489745140076e-02 4.036659002304077148e-02 2.010684087872505188e-02 8.562232251279056072e-04 1.716559752821922302e-02 7.437252998352050781e-02 5.927157774567604065e-02 5.840689875185489655e-03 1.934427069500088692e-03 4.819705337285995483e-02 1.032387721352279186e-03 3.239410370588302612e-02 4.358105361461639404e-02 4.081626422703266144e-03 1.528113032691180706e-03 5.864791572093963623e-02 6.554441154003143311e-02 3.868973115459084511e-03 1.232579164206981659e-02 2.040726691484451294e-02 2.712297067046165466e-02 2.375239506363868713e-02 1.424561196472495794e-04 1.271824445575475693e-02 4.400379955768585205e-02 4.318816959857940674e-02 5.286406725645065308e-02 4.758263751864433289e-02 3.233678638935089111e-03 2.386217936873435974e-02 2.468887344002723694e-02 9.884554892778396606e-02 6.059424206614494324e-02 2.070799656212329865e-02 4.823616147041320801e-02 2.200139686465263367e-03 7.357525173574686050e-03 5.953425541520118713e-02 9.346079826354980469e-02 2.438972331583499908e-02 4.914340004324913025e-02 2.585178613662719727e-02 4.642374813556671143e-02 1.954481191933155060e-02 1.115652080625295639e-02 6.585835665464401245e-02 1.426782924681901932e-03 7.395287510007619858e-03 6.011309474706649780e-02 5.920208618044853210e-02 5.751495063304901123e-02 8.231831341981887817e-02 2.304407069459557533e-03 2.684066072106361389e-02 8.237841725349426270e-02 3.183641284704208374e-02 4.706550389528274536e-02 5.912633240222930908e-02 6.183599587529897690e-03 6.592827290296554565e-02 5.085127428174018860e-02 3.661858662962913513e-02 3.505680710077285767e-02 5.057737696915864944e-03 3.705564141273498535e-02 6.781187653541564941e-02 3.486714884638786316e-02 3.514521941542625427e-02 3.954591974616050720e-02 4.028116352856159210e-03 3.252160176634788513e-02 4.315364360809326172e-02 3.018352948129177094e-02 3.398721292614936829e-02 4.310204461216926575e-02
6.473139673471450806e-02 4.069122299551963806e-02 1.664350158534944057e-03 1.304615568369626999e-02 1.473207492381334305e-02 1.445166915655136108e-01 5.059365928173065186e-02 4.323579370975494385e-02 2.687560953199863434e-02 6.061326339840888977e-02 7.928205281496047974e-02 1.296570617705583572e-02 4.680571705102920532e-02 3.225767016410827637e-01 5.122181400656700134e-02 3.714383020997047424e-02 2.994367666542530060e-02 3.179710358381271362e-02 5.143753066658973694e-02 6.405072659254074097e-02 5.494587123394012451e-03 8.624061942100524902e-03 5.741299316287040710e-02 1.077883169054985046e-01 5.394058302044868469e-02 1.886525563895702362e-02 2.538533322513103485e-02 2.167986333370208740e-01 1.976255327463150024e-02 7.649414986371994019e-02 8.745489269495010376e-02 4.449067171663045883e-03 2.898423746228218079e-02 6.632612645626068115e-02 6.270750425755977631e-03 4.267448186874389648e-02 6.762045901268720627e-03 3.687815368175506592e-02 8.221382275223731995e-03 3.257974609732627869e-02 1.984553597867488861e-02 3.772199386730790138e-03 3.062586300075054169e-02 6.325178593397140503e-02 5.010885372757911682e-02 7.679601665586233139e-03 8.868518052622675896e-04 2.975131385028362274e-02 7.757174968719482422e-02 7.130541652441024780e-02 1.233828254044055939e-02 1.140738185495138168e-02 6.162478774785995483e-02 4.889959841966629028e-02 3.774883225560188293e-02 6.639540195465087891e-03 3.415647149085998535e-02 2.929035574197769165e-02 3.144222870469093323e-02 3.608801588416099548e-02 6.392416357994079590e-02 4.806353896856307983e-02 1.130446977913379669e-02 3.324628248810768127e-02 5.446013063192367554e-02 3.523714095354080200e-02 4.127007350325584412e-02 2.948981523513793945e-02 5.759060382843017578e-03 5.672432109713554382e-02 3.496634960174560547e-02 7.432856410741806030e-02 8.807175606489181519e-02 8.023586869239807129e-02 9.014179557561874390e-02 3.291296586394309998e-02 2.379683032631874084e-02 3.607795760035514832e-02 5.723766610026359558e-02 1.417218986898660660e-02 2.217598259449005127e-02 2.907448261976242065e-02 1.284385286271572113e-02 1.062831655144691467e-02 5.891382321715354919e-02 1.136181782931089401e-02 1.784621179103851318e-02 7.955878227949142456e-02 5.885735526680946350e-02 1.760461553931236267e-02 8.384291082620620728e-02 2.109110914170742035e-02 4.862938076257705688e-02 1.751311682164669037e-02 1.763720065355300903e-02 3.981950134038925171e-02 2.662198804318904877e-02 1.463677175343036652e-02 1.815379410982131958e-02 4.258877132087945938e-03 5.062423180788755417e-03 1.719996146857738495e-02 5.887913051992654800e-03 2.370330877602100372e-02 3.032593429088592529e-02 1.822185702621936798e-02 3.970412164926528931e-02 6.555639952421188354e-02 1.517694815993309021e-02 2.752122282981872559e-02 4.030840471386909485e-02 8.140382170677185059e-02 1.161802653223276138e-02 1.122393365949392319e-02 1.959716156125068665e-02 1.709342375397682190e-02
1.606275439262390137e-01 1.958963721990585327e-01 1.620452292263507843e-02 5.132893100380897522e-02 4.157187044620513916e-02 1.708919182419776917e-02 9.472251869738101959e-03 3.258929401636123657e-02 3.078172728419303894e-02 4.131603054702281952e-03 2.751645147800445557e-01 4.680571705102920532e-02 2.196639403700828552e-02 1.560216397047042847e-02 1.714782565832138062e-01 5.363207310438156128e-03 7.748050987720489502e-02 1.661987788975238800e-02 7.426139898598194122e-03 4.615579673554748297e-04 5.538899078965187073e-02 2.693368680775165558e-02 4.813352599740028381e-02 8.332257717847824097e-02 1.614007167518138885e-02 1.874383538961410522e-02 6.978624314069747925e-02 6.196539849042892456e-02 9.114852547645568848e-02 2.370532043278217316e-02 1.000003516674041748e-01 2.688733302056789398e-02 2.946608327329158783e-02 1.270713191479444504e-02 1.107365917414426804e-02 3.448793664574623108e-02 7.827356457710266113e-03 5.602254997938871384e-03 9.763795882463455200e-03 1.060347184538841248e-01 6.062984094023704529e-02 4.711632209364324808e-04 1.067802123725414276e-02 6.932212039828300476e-03 7.744299247860908508e-03 4.575470462441444397e-02 5.692667514085769653e-02 7.233831286430358887e-02 7.381612807512283325e-02 3.889022767543792725e-02 4.307241365313529968e-02 8.990194764919579029e-04 4.011991433799266815e-03 2.221941202878952026e-02 2.425606548786163330e-02 4.748204723000526428e-02 4.560424014925956726e-02 2.969506196677684784e-03 1.269672252237796783e-02 1.876948773860931396e-02 3.376403078436851501e-02 2.012247592210769653e-02 8.725805208086967468e-03 4.880789294838905334e-02 1.705322600901126862e-02 5.868825316429138184e-02 3.674891218543052673e-02 8.244247175753116608e-03 2.291627787053585052e-02 1.752834394574165344e-02 2.493363246321678162e-02 1.959075406193733215e-02 2.505434677004814148e-02 1.436152029782533646e-02 1.562863029539585114e-02 4.471395164728164673e-02 3.722671046853065491e-02 2.179287187755107880e-02 1.558851916342973709e-02 5.555340275168418884e-02 6.098522245883941650e-02 3.659039363265037537e-02 1.103467680513858795e-02 3.853797540068626404e-02 5.941562354564666748e-03 3.336380422115325928e-02 8.363477140665054321e-02 1.254721283912658691e-01 7.568727596662938595e-04 2.204119041562080383e-02 2.408055216073989868e-02 3.730735927820205688e-02 3.940137103199958801e-02 1.673455722630023956e-02 1.035487949848175049e-01 6.486484408378601074e-02 5.954966321587562561e-02 2.905492205172777176e-03 7.840069383382797241e-02 1.321434788405895233e-02 7.511880993843078613e-02 4.859654977917671204e-02 3.591755777597427368e-02 5.906355101615190506e-03 2.984008379280567169e-02 2.313559502363204956e-02 3.435564786195755005e-02 1.263637281954288483e-02 2.337350137531757355e-02 5.985491722822189331e-02 3.552102297544479370e-02 1.398085057735443115e-02 3.511469438672065735e-02 1.332403812557458878e-02 2.999536506831645966e-02 2.398380637168884277e-02
