2.113393992185592651e-01 3.868914842605590820e-01 1.930664665997028351e-02 1.533939503133296967e-02 1.480386126786470413e-02 1.800871193408966064e-01 5.477254092693328857e-02 2.230156399309635162e-02 1.562809944152832031e-02 2.967449836432933807e-04 1.971292197704315186e-01 1.768234744668006897e-02 1.047348529100418091e-01 1.734448410570621490e-02 5.378935858607292175e-02 2.644334686920046806e-03 1.949983648955821991e-02 5.999411223456263542e-04 3.676062822341918945e-02 2.981655672192573547e-02 5.421769618988037109e-02 4.993381351232528687e-02 6.583929061889648438e-03 2.410184778273105621e-02 2.433705329895019531e-02 5.488035455346107483e-02 3.956595808267593384e-02 2.061106637120246887e-02 3.674955666065216064e-02 1.722920127213001251e-02 7.065638899803161621e-02 1.439794152975082397e-02 3.354302048683166504e-02 4.713236540555953979e-02 3.040135465562343597e-02 7.289944589138031006e-02 4.489825665950775146e-02 6.473645567893981934e-03 3.680536989122629166e-03 1.401084382086992264e-02 1.573108881711959839e-02 8.875783532857894897e-03 2.120844647288322449e-02 2.025567926466464996e-02 7.029265630990266800e-03 5.669194459915161133e-02 1.315808040089905262e-03 2.256473526358604431e-02 2.447739941999316216e-03 9.201280772686004639e-03 1.951885968446731567e-02 3.867686167359352112e-02 4.216358065605163574e-02 2.905383706092834473e-02 5.310874059796333313e-02 2.442873828113079071e-02 1.505124755203723907e-02 1.469847094267606735e-02 3.832266852259635925e-02 2.407394535839557648e-02 1.561804488301277161e-02 4.103223234415054321e-02 1.266672741621732712e-02 6.075506657361984253e-02 7.191997766494750977e-02 6.458470970392227173e-02 2.981669642031192780e-02 5.872308462858200073e-02 2.984168939292430878e-02 2.674783580005168915e-02 2.225882746279239655e-02 1.818143203854560852e-02 1.147124916315078735e-02 3.265155851840972900e-02 1.337966765277087688e-03 1.169479079544544220e-02 1.490812003612518311e-02 2.504620887339115143e-02 5.542792379856109619e-02 6.802026927471160889e-02 5.406514182686805725e-02 5.576950963586568832e-03 1.174772530794143677e-02 2.862665988504886627e-02 3.623383864760398865e-02 1.572551019489765167e-02 1.068759430199861526e-02 3.059967420995235443e-03 2.494576573371887207e-02 3.461793810129165649e-02 4.415680840611457825e-02 5.272377654910087585e-02 3.280033171176910400e-02 2.276238799095153809e-02 7.113828323781490326e-03 5.155064631253480911e-03 3.010059706866741180e-02 1.643052697181701660e-02 7.649702951312065125e-03 2.339825965464115143e-02 5.040268879383802414e-03 1.515176799148321152e-02 2.796102315187454224e-02 1.202847808599472046e-02 2.294600382447242737e-02 2.161309309303760529e-02 2.617776335682719946e-04 1.749230176210403442e-02 1.770891435444355011e-02 9.177213907241821289e-02 2.340657263994216919e-02 5.757552012801170349e-02 3.549066931009292603e-02 3.193542361259460449e-03 1.441933127352967858e-04 1.206726301461458206e-02
3.868914842605590820e-01 1.969613879919052124e-01 1.934288255870342255e-02 2.398704673396423459e-04 1.716487854719161987e-02 1.784832924604415894e-01 5.294054746627807617e-02 5.493017379194498062e-03 3.437127918004989624e-02 1.423773169517517090e-02 1.783563792705535889e-01 3.993571549654006958e-02 9.844177216291427612e-02 3.621337935328483582e-03 2.216038666665554047e-02 4.986580461263656616e-02 3.283139318227767944e-02 1.422730128979310393e-04 4.944653064012527466e-02 1.607105880975723267e-02 4.109233617782592773e-02 1.859485916793346405e-02 7.930762134492397308e-03 1.463945768773555756e-02 3.748420625925064087e-02 2.842785324901342392e-03 6.572277098894119263e-02 2.333331853151321411e-02 5.482449010014533997e-02 1.346222590655088425e-02 7.334148138761520386e-02 2.157727070152759552e-02 1.615162566304206848e-02 5.244471877813339233e-02 1.310148276388645172e-02 5.868765339255332947e-02 5.837459862232208252e-02 1.855406910181045532e-03 3.419455140829086304e-02 1.343138236552476883e-02 1.099080685526132584e-02 1.288483384996652603e-02 7.774814497679471970e-03 6.338485982269048691e-03 2.294304408133029938e-02 5.576261878013610840e-02 7.509724702686071396e-03 1.781182177364826202e-02 2.111144550144672394e-02 7.037605158984661102e-03 5.300919990986585617e-03 3.491202369332313538e-02 2.564745768904685974e-02 2.526171505451202393e-02 8.049497008323669434e-02 3.360846638679504395e-02 4.208087921142578125e-03 6.162135303020477295e-02 3.376404196023941040e-02 2.690324932336807251e-02 1.589802838861942291e-02 1.130302622914314270e-02 3.387978300452232361e-02 4.500486701726913452e-02 8.240369707345962524e-02 7.143518328666687012e-02 9.396470151841640472e-03 4.900988191366195679e-02 1.916432380676269531e-02 2.208923548460006714e-02 4.101276397705078125e-02 1.570659503340721130e-02 3.670608624815940857e-02 2.891974709928035736e-02 9.889058768749237061e-03 3.178182616829872131e-02 1.851298473775386810e-02 2.869359962642192841e-02 1.160272210836410522e-01 9.053008258342742920e-02 5.787992477416992188e-02 2.250155806541442871e-02 4.287481680512428284e-02 7.826746441423892975e-03 3.716882318258285522e-02 1.082612201571464539e-02 1.582557894289493561e-02 3.042992204427719116e-02 2.316961809992790222e-02 3.944407775998115540e-02 5.803993716835975647e-02 2.071112021803855896e-02 1.429829397238790989e-03 4.143513366580009460e-02 4.609882459044456482e-02 2.978330850601196289e-02 1.148237194865942001e-02 1.522037852555513382e-02 5.742480978369712830e-03 3.251897171139717102e-02 5.817510187625885010e-03 4.580995999276638031e-03 3.232377022504806519e-02 4.032405558973550797e-03 7.142043206840753555e-03 2.881879219785332680e-03 3.600261360406875610e-02 2.929704822599887848e-02 2.445979509502649307e-03 7.453057914972305298e-02 3.290012851357460022e-02 5.840485915541648865e-02 3.263037279248237610e-02 1.033496228046715260e-03 4.555736202746629715e-03 1.172298192977905273e-02
1.930664665997028351e-02 1.934288255870342255e-02 1.333323866128921509e-01 3.411651402711868286e-02 4.143304750323295593e-02 6.151158828288316727e-03 1.689837314188480377e-02 9.649988263845443726e-03 5.578774213790893555e-02 4.084909707307815552e-02 8.779995143413543701e-03 1.903957501053810120e-02 2.180296182632446289e-02 1.755607314407825470e-02 3.248450532555580139e-02 2.917857654392719269e-02 2.663817070424556732e-02 1.902997307479381561e-02 2.701911889016628265e-02 2.860984019935131073e-02 2.362742274999618530e-02 5.651504546403884888e-02 2.578000538051128387e-03 9.636081755161285400e-03 3.011531941592693329e-02 2.514403685927391052e-02 1.421976834535598755e-01 4.454187676310539246e-02 5.259430035948753357e-02 4.681830480694770813e-02 1.684191636741161346e-02 6.991098076105117798e-02 3.997556865215301514e-02 2.478133514523506165e-02 3.607118874788284302e-02 3.658622736111283302e-03 1.942984946072101593e-02 4.522274062037467957e-02 5.108782649040222168e-02 5.532000958919525146e-02 1.059202477335929871e-03 3.683506976813077927e-03 1.564664393663406372e-02 4.412968456745147705e-02 4.522710293531417847e-02 1.651016622781753540e-02 8.328327909111976624e-03 4.433000832796096802e-02 3.916835412383079529e-03 1.176076289266347885e-02 1.517864596098661423e-02 3.722069784998893738e-02 1.486274506896734238e-02 4.013713076710700989e-02 2.140089869499206543e-02 2.618310600519180298e-02 4.217197652906179428e-03 3.721845149993896484e-02 1.722802966833114624e-02 2.038609236478805542e-02 3.236633539199829102e-02 4.592464864253997803e-02 5.440713372081518173e-03 2.706413343548774719e-02 5.068941041827201843e-02 9.702581912279129028e-03 7.182503584772348404e-03 4.911203403025865555e-03 1.223371457308530807e-02 1.417933031916618347e-02 1.032210537232458591e-03 8.293994702398777008e-03 1.618325896561145782e-02 3.325681434944272041e-03 6.780946627259254456e-03 3.177306056022644043e-02 3.304247558116912842e-02 1.333544123917818069e-02 1.023148838430643082e-02 3.518178686499595642e-02 1.899734884500503540e-01 1.887734085321426392e-01 2.000488154590129852e-02 1.942281983792781830e-02 5.563141312450170517e-03 9.125750511884689331e-03 4.292589798569679260e-02 3.959585726261138916e-02 4.691371321678161621e-02 3.931402415037155151e-02 1.461229100823402405e-02 5.095550045371055603e-02 2.615300007164478302e-02 4.574993997812271118e-02 4.234477132558822632e-02 1.006587967276573181e-02 1.232554484158754349e-02 7.169570773839950562e-03 4.290577955543994904e-03 9.704810567200183868e-03 3.773016855120658875e-02 1.211563032120466232e-02 1.931354776024818420e-02 7.059893570840358734e-03 9.378225356340408325e-02 7.680651545524597168e-02 1.401539985090494156e-02 3.949191886931657791e-03 1.075304346159100533e-03 1.774812117218971252e-02 2.764220815151929855e-03 2.889506286010146141e-03 2.831139788031578064e-02 3.555719554424285889e-02 6.391331087797880173e-03 3.837744519114494324e-02
1.533939503133296967e-02 2.398704673396423459e-04 3.411651402711868286e-02 1.736695468425750732e-01 9.923572093248367310e-02 1.631579129025340080e-03 4.019375890493392944e-02 6.724868714809417725e-02 3.770247334614396095e-03 1.659798249602317810e-02 7.746257353574037552e-03 2.209861390292644501e-02 5.725119728595018387e-03 1.685791835188865662e-02 5.702609568834304810e-02 4.509001225233078003e-02 4.478469491004943848e-02 8.167634159326553345e-02 3.960021957755088806e-02 1.466108392924070358e-02 1.177502781501971185e-04 8.906396105885505676e-03 9.602591162547469139e-04 1.398878544569015503e-02 7.099143695086240768e-03 1.752224750816822052e-02 3.801547363400459290e-02 1.657732017338275909e-02 1.689389348030090332e-02 2.542745135724544525e-02 4.112026840448379517e-02 3.259943798184394836e-02 1.984038762748241425e-02 3.011810034513473511e-02 5.058066919445991516e-03 9.522137232124805450e-03 6.113040726631879807e-03 2.855100436136126518e-03 6.910514086484909058e-02 6.417738646268844604e-02 1.109736319631338120e-02 8.154065348207950592e-03 2.565065212547779083e-02 6.231877952814102173e-03 4.591881111264228821e-02 8.891456673154607415e-05 9.506523609161376953e-03 2.826340310275554657e-02 4.370498284697532654e-02 1.325742248445749283e-02 6.199702247977256775e-02 4.957716166973114014e-02 6.134104449301958084e-03 5.043935775756835938e-02 3.956275805830955505e-02 4.491865634918212891e-02 1.989554241299629211e-02 1.935340091586112976e-02 7.471736986190080643e-03 2.506471611559391022e-02 2.440508455038070679e-02 1.881540194153785706e-02 3.307224810123443604e-02 1.719157211482524872e-02 1.936629414558410645e-02 2.230647020041942596e-02 2.592343278229236603e-02 1.707610115408897400e-02 3.863849490880966187e-02 2.529039513319730759e-03 3.128305822610855103e-02 4.020271822810173035e-03 9.542743861675262451e-02 8.033090271055698395e-03 8.846148103475570679e-02 1.857886835932731628e-02 4.217238351702690125e-02 2.469635941088199615e-02 3.724855184555053711e-02 1.377717405557632446e-02 2.440467104315757751e-02 3.348494321107864380e-02 1.169299334287643433e-01 6.954892724752426147e-02 2.880598232150077820e-02 2.324380725622177124e-02 5.421776324510574341e-02 2.763459272682666779e-02 2.293557487428188324e-02 6.215824279934167862e-03 2.170860825572162867e-04 2.144184522330760956e-02 3.618638589978218079e-02 2.663286775350570679e-02 3.679528832435607910e-02 1.471560564823448658e-03 6.259231362491846085e-03 2.948728203773498535e-02 3.967770189046859741e-02 3.429584205150604248e-02 1.717399246990680695e-02 2.166937850415706635e-02 2.405211143195629120e-02 1.513793412595987320e-02 2.450026199221611023e-02 4.581380635499954224e-02 3.570041060447692871e-02 1.697055064141750336e-02 1.933660730719566345e-02 1.304779108613729477e-02 1.647586002945899963e-02 9.916364215314388275e-03 1.984796486794948578e-02 6.700607948005199432e-03 4.000645875930786133e-02 3.913711756467819214e-02
1.480386126786470413e-02 1.716487854719161987e-02 4.143304750323295593e-02 9.923572093248367310e-02 1.288634091615676880e-01 8.333803154528141022e-03 1.566282240673899651e-03 1.686701178550720215e-02 7.744185160845518112e-03 1.035368163138628006e-02 3.059008345007896423e-02 9.948759339749813080e-03 6.025574728846549988e-02 2.099842764437198639e-03 2.146686427295207977e-02 2.421767637133598328e-02 3.345238417387008667e-02 2.968107350170612335e-02 7.796535734087228775e-03 1.805458217859268188e-02 2.836755663156509399e-02 3.217030316591262817e-02 1.915693841874599457e-02 7.161725778132677078e-03 2.430283464491367340e-02 2.012749575078487396e-02 3.667184710502624512e-02 1.179528236389160156e-02 3.839758923277258873e-03 6.234395131468772888e-02 5.886455997824668884e-02 3.298592567443847656e-02 1.299705263227224350e-02 1.359668094664812088e-03 1.351946592330932617e-02 8.659193292260169983e-03 3.278167545795440674e-02 2.127691917121410370e-02 5.303760990500450134e-02 1.049102917313575745e-01 9.405949967913329601e-04 1.725718379020690918e-02 7.060139905661344528e-03 7.324396166950464249e-03 2.794060856103897095e-02 3.153693675994873047e-02 2.184752188622951508e-02 8.800687268376350403e-03 1.155525259673595428e-02 1.740621589124202728e-02 1.299068704247474670e-02 1.286927890032529831e-02 3.110849298536777496e-02 3.245844691991806030e-02 5.413583479821681976e-03 3.033156692981719971e-02 5.671086255460977554e-03 2.712143957614898682e-02 4.058794002048671246e-04 4.326869733631610870e-03 1.918765343725681305e-02 1.496371719986200333e-02 2.016825973987579346e-02 4.811288788914680481e-03 1.780532673001289368e-02 4.865275695919990540e-03 3.871176450047641993e-04 2.237503975629806519e-02 1.492735370993614197e-02 4.850732628256082535e-03 1.535451412200927734e-02 1.771378330886363983e-02 7.985375821590423584e-02 8.602322079241275787e-03 7.522512972354888916e-02 8.899180218577384949e-03 2.690279670059680939e-02 2.470825612545013428e-02 4.492228385061025620e-03 4.487456288188695908e-03 5.815353244543075562e-02 2.783575560897588730e-03 1.043012142181396484e-01 9.194493293762207031e-02 1.198355946689844131e-02 2.809590473771095276e-02 1.692487508989870548e-03 5.183011665940284729e-02 3.204682841897010803e-02 4.279964603483676910e-03 1.390603603795170784e-03 4.232226684689521790e-02 1.501242071390151978e-02 2.556478977203369141e-02 5.098639801144599915e-02 4.780249670147895813e-02 2.101742476224899292e-02 5.484567489475011826e-03 3.798910602927207947e-02 2.341649122536182404e-02 1.394519209861755371e-02 3.595515227061696351e-05 4.219855647534132004e-03 2.010876312851905823e-02 3.221137076616287231e-02 3.838559985160827637e-02 1.544312015175819397e-02 1.456464733928442001e-02 8.563810260966420174e-04 2.218037843704223633e-02 4.015109315514564514e-02 2.294900082051753998e-02 3.340261802077293396e-02 1.454935781657695770e-02 4.568553343415260315e-02 2.837420813739299774e-02
1.800871193408966064e-01 1.784832924604415894e-01 6.151158828288316727e-03 1.631579129025340080e-03 8.333803154528141022e-03 1.454854309558868408e-01 2.167866379022598267e-01 7.479633390903472900e-02 3.489371761679649353e-02 3.477183869108557701e-03 1.372887194156646729e-01 2.527917362749576569e-02 1.014668494462966919e-01 2.782608754932880402e-02 5.728951469063758850e-02 2.792268618941307068e-02 7.728064432740211487e-03 3.316089138388633728e-02 2.410547994077205658e-02 1.067158952355384827e-02 3.563874214887619019e-02 2.884121797978878021e-02 9.288234636187553406e-03 1.318700728006660938e-03 5.188450589776039124e-02 2.220408432185649872e-02 2.318699844181537628e-02 1.600293256342411041e-02 3.455463424324989319e-02 2.225695550441741943e-02 3.034626692533493042e-02 2.721443027257919312e-02 6.648101378232240677e-03 7.190828025341033936e-02 4.551890119910240173e-02 8.348076790571212769e-02 6.253413856029510498e-02 1.318945828825235367e-02 5.083905532956123352e-03 3.241905197501182556e-02 5.345265846699476242e-03 3.423594310879707336e-02 6.497904192656278610e-03 5.976235959678888321e-03 5.889786034822463989e-02 6.273284554481506348e-03 1.454111784696578979e-01 9.168002870865166187e-04 1.598798111081123352e-02 5.316559225320816040e-03 1.993034407496452332e-02 3.943505696952342987e-03 4.516227543354034424e-02 6.629654020071029663e-02 2.699363417923450470e-02 5.380201339721679688e-02 2.837785333395004272e-02 2.229089476168155670e-02 1.506691612303256989e-02 1.024823449552059174e-02 6.911030970513820648e-03 1.630075834691524506e-02 2.194323111325502396e-03 3.633853048086166382e-02 4.799578338861465454e-03 6.372027844190597534e-02 2.790702134370803833e-02 2.825533039867877960e-02 1.545238867402076721e-02 7.992792874574661255e-03 4.688385524787008762e-04 3.181391581892967224e-02 2.362746046856045723e-03 2.046144939959049225e-02 6.733459886163473129e-03 9.756240062415599823e-03 1.839413121342658997e-02 1.684922724962234497e-02 6.225488334894180298e-02 3.542548045516014099e-02 5.609802901744842529e-02 5.978537723422050476e-02 1.054218690842390060e-02 2.178681781515479088e-03 1.350197102874517441e-02 5.603977292776107788e-02 2.038081735372543335e-02 6.773367524147033691e-03 2.564972452819347382e-02 1.962278597056865692e-02 1.193259563297033310e-02 3.666283935308456421e-02 6.641361862421035767e-02 6.979024037718772888e-04 4.704120755195617676e-02 5.526781082153320312e-02 4.307270795106887817e-02 2.086837030947208405e-02 1.639194972813129425e-02 4.213612526655197144e-02 1.083028502762317657e-02 1.029888866469264030e-03 1.258930284529924393e-02 5.516457930207252502e-02 1.331551745533943176e-02 2.821798250079154968e-02 4.391216114163398743e-02 4.021207988262176514e-02 2.863725274801254272e-02 7.088149338960647583e-02 5.659507960081100464e-02 1.011853758245706558e-02 2.421716414391994476e-02 2.198510430753231049e-02 2.628707326948642731e-02 9.770126082003116608e-03
5.477254092693328857e-02 5.294054746627807617e-02 1.689837314188480377e-02 4.019375890493392944e-02 1.566282240673899651e-03 2.167866379022598267e-01 1.351084411144256592e-01 6.336622685194015503e-02 6.202255934476852417e-02 1.503233052790164948e-02 5.556926131248474121e-02 6.209670752286911011e-02 5.242002755403518677e-02 3.274650871753692627e-02 2.794045209884643555e-02 1.352692954242229462e-02 8.356463164091110229e-03 4.698435217142105103e-02 5.439500883221626282e-02 4.080882295966148376e-02 3.347217338159680367e-03 2.963667549192905426e-02 7.251370698213577271e-02 7.788579165935516357e-02 6.072157062590122223e-03 6.058887392282485962e-02 1.003501284867525101e-02 1.564503461122512817e-02 6.073504686355590820e-03 7.768022362142801285e-03 1.809504255652427673e-02 4.477104544639587402e-02 1.469259895384311676e-02 9.387153200805187225e-03 6.318332999944686890e-02 2.986665628850460052e-02 5.260419100522994995e-02 4.540415853261947632e-02 4.612136632204055786e-02 1.622687792405486107e-03 4.258848354220390320e-02 6.694433838129043579e-02 7.860494405031204224e-02 2.614220790565013885e-02 5.405214056372642517e-02 1.319556031376123428e-02 1.345112472772598267e-01 1.538414061069488525e-01 1.613427512347698212e-02 6.233504042029380798e-02 5.450252443552017212e-02 7.263277471065521240e-02 4.548663273453712463e-02 3.639168292284011841e-02 2.844004705548286438e-02 6.846224889159202576e-03 4.935160279273986816e-02 6.094648316502571106e-02 2.101561613380908966e-02 4.506485536694526672e-02 6.659130100160837173e-03 1.021204516291618347e-02 2.103837579488754272e-02 1.242735516279935837e-02 9.874513372778892517e-03 4.161914065480232239e-02 2.133767306804656982e-02 2.186138369143009186e-02 2.100607752799987793e-02 4.892798513174057007e-02 2.912673354148864746e-02 5.714387446641921997e-02 1.829584129154682159e-02 2.872412838041782379e-02 2.453949768096208572e-03 5.345407128334045410e-02 1.085135340690612793e-02 5.015479773283004761e-02 7.443911582231521606e-02 3.604060783982276917e-02 4.324218723922967911e-03 1.998883672058582306e-02 2.277022786438465118e-02 1.979014463722705841e-02 4.813367873430252075e-02 4.639592766761779785e-02 1.327802194282412529e-03 5.276088416576385498e-02 4.057856649160385132e-02 2.775910124182701111e-02 4.503273218870162964e-02 4.475454241037368774e-02 4.295080527663230896e-02 7.039622217416763306e-02 4.288337379693984985e-02 2.467723935842514038e-02 3.450993075966835022e-02 2.750321663916110992e-02 6.823682785034179688e-02 1.288970261812210083e-01 1.997387036681175232e-02 4.764816537499427795e-02 4.575514048337936401e-02 1.017497107386589050e-02 2.622121246531605721e-03 1.135957613587379456e-02 1.572726480662822723e-02 6.263205409049987793e-02 7.171145640313625336e-03 1.159287169575691223e-01 3.738358616828918457e-02 4.602014645934104919e-02 9.861083701252937317e-03 4.591509699821472168e-02 2.375436387956142426e-02 2.421447820961475372e-02
2.230156399309635162e-02 5.493017379194498062e-03 9.649988263845443726e-03 6.724868714809417725e-02 1.686701178550720215e-02 7.479633390903472900e-02 6.336622685194015503e-02 1.477337628602981567e-01 1.121118105947971344e-02 2.617753343656659126e-03 3.902519494295120239e-02 8.781399577856063843e-02 4.648485686630010605e-03 7.266294211149215698e-02 2.464140355587005615e-01 2.407983690500259399e-02 5.618811398744583130e-02 3.818826004862785339e-02 1.421568170189857483e-02 1.469310373067855835e-02 2.478020824491977692e-02 1.670215278863906860e-01 3.016887046396732330e-02 1.306932419538497925e-03 2.106659300625324249e-02 1.075324881821870804e-02 5.917924270033836365e-02 1.368854288011789322e-02 4.639422893524169922e-02 1.143109239637851715e-02 5.235866829752922058e-02 1.363922562450170517e-02 2.515382878482341766e-02 8.693808317184448242e-02 2.821676991879940033e-02 3.682511299848556519e-02 2.245537005364894867e-02 6.509670615196228027e-02 7.672574371099472046e-02 2.365285716950893402e-02 2.266409806907176971e-02 2.808828372508287430e-03 4.809480160474777222e-02 1.205463409423828125e-01 5.405541136860847473e-02 2.565595880150794983e-02 1.368309557437896729e-02 1.759959617629647255e-03 3.415669500827789307e-02 1.290471702814102173e-01 3.814328461885452271e-03 2.474167197942733765e-02 3.979019448161125183e-02 5.136116594076156616e-02 3.929974511265754700e-02 9.765953570604324341e-02 4.586177691817283630e-02 1.710330508649349213e-02 5.156182870268821716e-02 3.140857443213462830e-03 3.639453649520874023e-02 1.445230562239885330e-02 4.952773079276084900e-02 1.853716373443603516e-02 3.899093950167298317e-03 4.727480933070182800e-02 1.025131251662969589e-02 3.201743215322494507e-02 6.983639206737279892e-03 3.913191333413124084e-02 1.707944460213184357e-02 1.153460703790187836e-02 1.001252885907888412e-02 4.282335191965103149e-02 3.181783482432365417e-02 1.656004972755908966e-02 6.051054596900939941e-02 2.515503391623497009e-02 3.846435807645320892e-03 1.372097712010145187e-02 5.529047548770904541e-02 7.313881535083055496e-03 4.696844145655632019e-02 3.634674102067947388e-02 4.017405956983566284e-02 6.380155682563781738e-02 1.281810998916625977e-01 1.348086446523666382e-01 2.985871769487857819e-02 3.605997934937477112e-02 1.552225928753614426e-02 4.761154949665069580e-02 2.659931033849716187e-02 6.513260304927825928e-02 1.766125485301017761e-02 3.515961393713951111e-02 6.782826781272888184e-02 3.812390193343162537e-02 3.701441688463091850e-03 6.602418608963489532e-03 5.062330141663551331e-02 4.401624575257301331e-02 3.759724646806716919e-02 3.603078052401542664e-02 2.954397909343242645e-02 1.259629707783460617e-02 2.714129351079463959e-02 4.244950786232948303e-02 2.871007844805717468e-02 7.816949486732482910e-02 6.280028074979782104e-02 5.796205252408981323e-02 4.842388257384300232e-02 5.330256745219230652e-02 6.558930128812789917e-02 6.470151245594024658e-02
1.562809944152832031e-02 3.437127918004989624e-02 5.578774213790893555e-02 3.770247334614396095e-03 7.744185160845518112e-03 3.489371761679649353e-02 6.202255934476852417e-02 1.121118105947971344e-02 1.371072530746459961e-01 1.148117557168006897e-01 3.235929831862449646e-02 3.367753699421882629e-02 3.681756928563117981e-02 4.326814319938421249e-03 6.393499672412872314e-02 6.892991065979003906e-02 5.442930385470390320e-02 1.234412714838981628e-01 2.033021999523043633e-03 3.513520583510398865e-03 2.114169299602508545e-02 2.165682613849639893e-02 6.582022458314895630e-02 3.708799928426742554e-02 2.195655927062034607e-02 6.421197671443223953e-03 3.047515405341982841e-03 3.129796683788299561e-02 1.421997137367725372e-02 3.911933675408363342e-02 4.231608938425779343e-03 2.981868945062160492e-02 6.821800954639911652e-03 1.675011590123176575e-02 1.809927634894847870e-02 3.214398771524429321e-02 2.495691552758216858e-02 9.535499848425388336e-03 2.063161507248878479e-02 1.256781537085771561e-02 2.501877490431070328e-03 9.747030213475227356e-03 4.009735584259033203e-02 6.190959736704826355e-02 2.509554661810398102e-02 2.607994712889194489e-02 3.461533039808273315e-02 6.046057119965553284e-02 2.224942110478878021e-02 6.636922806501388550e-02 3.707709535956382751e-02 3.540088236331939697e-02 1.718163490295410156e-02 7.806024700403213501e-02 1.138728111982345581e-01 4.202495794743299484e-03 4.394162818789482117e-02 2.349775470793247223e-02 9.085797518491744995e-02 2.293415553867816925e-02 3.488657623529434204e-02 1.272689271718263626e-02 3.553379327058792114e-02 9.048290550708770752e-02 1.946629025042057037e-02 8.019989728927612305e-02 1.243999041616916656e-02 4.961678013205528259e-02 5.055590718984603882e-02 3.423481713980436325e-03 1.130677107721567154e-02 2.828678116202354431e-02 2.050504647195339203e-02 8.921071887016296387e-03 2.591578522697091103e-03 5.912052467465400696e-02 9.952095150947570801e-02 8.462102268822491169e-04 1.004622951149940491e-01 9.070486761629581451e-03 2.244561724364757538e-02 1.104773022234439850e-02 8.007928729057312012e-02 3.364164149388670921e-04 1.114344000816345215e-01 3.235883265733718872e-02 1.945064403116703033e-02 6.136543676257133484e-02 3.783830255270004272e-02 1.004692516289651394e-03 1.089090760797262192e-02 4.395164176821708679e-02 2.135204151272773743e-02 4.821033403277397156e-02 1.957632042467594147e-02 2.207713015377521515e-02 7.596093695610761642e-03 2.548026666045188904e-02 5.274139344692230225e-02 6.008981261402368546e-03 3.856992721557617188e-02 2.295163460075855255e-02 3.316852822899818420e-02 9.791481308639049530e-03 5.921585485339164734e-03 2.315912162885069847e-03 1.889759115874767303e-02 2.301500877365469933e-03 4.618776962161064148e-02 5.695816129446029663e-02 1.047464646399021149e-02 7.461734116077423096e-03 4.571893811225891113e-02 2.681497856974601746e-02 3.739602118730545044e-02 3.547165170311927795e-02
2.967449836432933807e-04 1.423773169517517090e-02 4.084909707307815552e-02 1.659798249602317810e-02 1.035368163138628006e-02 3.477183869108557701e-03 1.503233052790164948e-02 2.617753343656659126e-03 1.148117557168006897e-01 1.427135616540908813e-01 1.952627487480640411e-02 2.474548062309622765e-03 1.923448406159877777e-02 1.951573975384235382e-02 3.471138328313827515e-02 4.412819165736436844e-03 2.806663140654563904e-02 4.515911266207695007e-02 6.624541431665420532e-02 6.155299022793769836e-03 4.040585830807685852e-02 1.664998754858970642e-02 3.028368391096591949e-02 3.631816431879997253e-02 2.113241143524646759e-02 2.280964888632297516e-02 1.549297478049993515e-02 1.785376295447349548e-02 2.357314154505729675e-02 1.954388432204723358e-02 3.480823338031768799e-02 1.693653501570224762e-02 1.095876656472682953e-02 5.162196606397628784e-02 2.560710348188877106e-02 1.197833009064197540e-02 9.830598719418048859e-03 2.168096415698528290e-02 1.467043906450271606e-02 1.023652963340282440e-03 1.433210354298353195e-02 7.201962638646364212e-03 4.823606461286544800e-02 3.439592197537422180e-03 5.027024447917938232e-02 3.981266636401414871e-03 9.855616837739944458e-03 3.380685672163963318e-02 3.181352466344833374e-02 8.477883785963058472e-02 2.677763439714908600e-02 2.493235655128955841e-02 1.989316567778587341e-02 2.816850878298282623e-02 4.468322917819023132e-02 1.291600167751312256e-01 1.248518587090075016e-03 4.157354310154914856e-02 3.011468425393104553e-02 4.628893360495567322e-02 9.458384476602077484e-03 4.912596568465232849e-02 2.628407627344131470e-02 7.044511288404464722e-02 3.981259092688560486e-02 2.815762348473072052e-02 1.820063591003417969e-02 2.334333024919033051e-02 1.546354684978723526e-02 3.296847268939018250e-02 4.905130714178085327e-02 3.302533412352204323e-03 2.046764828264713287e-02 4.955446720123291016e-02 9.455420076847076416e-03 1.362516079097986221e-02 3.487874194979667664e-02 8.868955075740814209e-02 1.865531876683235168e-02 7.630216330289840698e-02 1.185955852270126343e-02 1.047451142221689224e-02 5.402554944157600403e-02 6.724628061056137085e-02 5.542576313018798828e-02 9.395787119865417480e-02 3.300883993506431580e-02 5.835571791976690292e-03 1.584913022816181183e-02 4.666719958186149597e-02 1.258051116019487381e-02 3.851142153143882751e-02 3.362947702407836914e-02 1.239879708737134933e-02 2.017378807067871094e-02 1.020943187177181244e-02 6.198114529252052307e-02 1.010112391668371856e-04 1.767510548233985901e-02 4.353304579854011536e-02 1.650208979845046997e-02 3.175264690071344376e-03 6.386779132299125195e-04 3.921915218234062195e-02 1.871843822300434113e-02 1.579055190086364746e-02 2.702532801777124405e-03 1.588886044919490814e-02 1.467577065341174603e-03 1.823914237320423126e-02 2.898800559341907501e-02 3.305451571941375732e-02 4.165200889110565186e-02 3.449915349483489990e-02 1.309115556068718433e-03 2.092099562287330627e-02
1.971292197704315186e-01 1.783563792705535889e-01 8.779995143413543701e-03 7.746257353574037552e-03 3.059008345007896423e-02 1.372887194156646729e-01 5.556926131248474121e-02 3.902519494295120239e-02 3.235929831862449646e-02 1.952627487480640411e-02 2.024066597223281860e-01 3.867568820714950562e-02 1.822059452533721924e-01 8.846671320497989655e-03 8.084704726934432983e-02 5.025600641965866089e-02 5.316793173551559448e-02 3.836566209793090820e-02 8.597283624112606049e-03 1.489873416721820831e-02 8.014632016420364380e-02 4.299279674887657166e-02 1.327133853919804096e-03 1.193340215831995010e-02 4.648743569850921631e-02 4.824709147214889526e-02 3.204045072197914124e-02 3.184018284082412720e-02 5.135444551706314087e-02 3.537097200751304626e-02 3.558748215436935425e-02 2.703105844557285309e-02 3.898721188306808472e-02 2.227894216775894165e-02 4.676989093422889709e-02 1.143736317753791809e-01 1.275063008069992065e-01 4.766556993126869202e-02 1.619878225028514862e-02 1.852720044553279877e-02 3.762365505099296570e-02 1.272163353860378265e-03 3.567841649055480957e-02 6.347553431987762451e-02 3.707016259431838989e-02 9.397775866091251373e-03 6.741874665021896362e-02 7.346487045288085938e-02 2.719567529857158661e-02 6.126783415675163269e-02 2.578396722674369812e-02 1.860745064914226532e-02 6.506508588790893555e-02 1.385907921940088272e-02 2.230827137827873230e-02 7.865767180919647217e-02 2.733442524913698435e-04 5.636399239301681519e-02 3.431406244635581970e-02 2.802979666739702225e-03 3.007083572447299957e-02 3.636264055967330933e-02 1.732784137129783630e-02 1.484404783695936203e-02 1.959607750177383423e-01 3.022595867514610291e-02 1.479461975395679474e-02 3.424667939543724060e-02 9.000888094305992126e-03 2.962890081107616425e-03 1.070992511813528836e-04 3.399869054555892944e-02 1.169547159224748611e-02 1.604587212204933167e-02 9.662279859185218811e-03 1.168167684227228165e-02 3.286482021212577820e-02 1.257386291399598122e-03 4.085117578506469727e-02 1.973678881768137217e-04 3.066700696945190430e-02 1.816149987280368805e-02 2.143737860023975372e-02 3.493501339107751846e-03 3.071497566998004913e-02 1.376192551106214523e-02 7.825062423944473267e-02 7.981371134519577026e-02 1.648977585136890411e-02 3.805261803790926933e-03 2.237737923860549927e-02 2.695490606129169464e-02 2.984549105167388916e-02 1.100353151559829712e-02 1.676478050649166107e-02 2.090925164520740509e-02 1.743706315755844116e-02 1.056019030511379242e-02 3.020406141877174377e-02 3.225746564567089081e-03 3.564684465527534485e-02 5.231281276792287827e-03 2.931626513600349426e-02 2.820283733308315277e-02 4.113556072115898132e-02 4.163546860218048096e-02 5.399602651596069336e-02 4.384945612400770187e-03 7.461160421371459961e-03 5.072372499853372574e-03 2.068921551108360291e-02 3.907742723822593689e-02 9.603464975953102112e-03 1.092325244098901749e-02 2.754100039601325989e-02 1.359011605381965637e-02
1.768234744668006897e-02 3.993571549654006958e-02 1.903957501053810120e-02 2.209861390292644501e-02 9.948759339749813080e-03 2.527917362749576569e-02 6.209670752286911011e-02 8.781399577856063843e-02 3.367753699421882629e-02 2.474548062309622765e-03 3.867568820714950562e-02 1.803181469440460205e-01 1.739692315459251404e-02 1.707554161548614502e-01 1.086528412997722626e-02 3.729825466871261597e-02 3.061947599053382874e-02 8.386936038732528687e-02 6.122697144746780396e-02 2.670137025415897369e-02 2.091496996581554413e-02 2.395089343190193176e-02 1.008922457695007324e-01 8.984800428152084351e-02 2.702827379107475281e-02 4.555507376790046692e-02 3.016120381653308868e-02 1.018909737467765808e-01 5.829649046063423157e-02 9.341694414615631104e-02 5.939206480979919434e-02 5.944778397679328918e-02 2.706287987530231476e-02 5.319097265601158142e-02 2.846113592386245728e-02 2.122062817215919495e-02 1.514760032296180725e-02 7.360653951764106750e-03 2.175932936370372772e-02 2.190756425261497498e-02 2.214146032929420471e-02 5.665412545204162598e-02 2.472292818129062653e-02 2.181112580001354218e-02 2.793408744037151337e-02 1.004732213914394379e-02 2.719729766249656677e-02 2.660121303051710129e-03 7.645870000123977661e-02 8.627147227525711060e-02 1.757901720702648163e-02 6.906194984912872314e-02 1.358840055763721466e-02 8.381677791476249695e-03 6.224759295582771301e-02 4.798065498471260071e-02 5.239028111100196838e-02 1.500208768993616104e-02 3.999419510364532471e-02 4.052736237645149231e-02 1.676047220826148987e-02 6.418972462415695190e-02 2.199851721525192261e-02 4.480046778917312622e-02 3.490981832146644592e-02 8.611476980149745941e-03 3.694430366158485413e-02 4.696971923112869263e-02 7.784132845699787140e-03 3.335233777761459351e-02 8.445869199931621552e-03 4.353465512394905090e-03 4.881915450096130371e-02 2.395182615146040916e-03 3.510377183556556702e-02 2.344953827559947968e-02 5.246387049555778503e-02 6.762827187776565552e-02 4.612360894680023193e-02 4.927754052914679050e-04 2.862092666327953339e-02 1.123094279319047928e-02 1.315463241189718246e-02 1.241375505924224854e-02 1.136442553251981735e-02 2.534608170390129089e-02 2.532360143959522247e-02 2.508455701172351837e-02 1.062152758240699768e-01 7.669962197542190552e-02 2.616158453747630119e-03 2.673311624675989151e-03 3.019666299223899841e-02 2.271137759089469910e-02 1.190659310668706894e-02 1.044821832329034805e-02 1.247176155447959900e-02 1.728343404829502106e-02 2.622037194669246674e-02 3.335400484502315521e-03 1.089834980666637421e-02 3.555170074105262756e-02 1.486978027969598770e-02 1.812126673758029938e-02 5.574027076363563538e-03 5.547300912439823151e-03 3.632785752415657043e-02 6.708208005875349045e-03 1.086646318435668945e-02 6.099956482648849487e-02 5.464278161525726318e-02 7.631151005625724792e-03 4.694880917668342590e-02 3.136714175343513489e-02 4.819095600396394730e-03 2.445711940526962280e-02
1.047348529100418091e-01 9.844177216291427612e-02 2.180296182632446289e-02 5.725119728595018387e-03 6.025574728846549988e-02 1.014668494462966919e-01 5.242002755403518677e-02 4.648485686630010605e-03 3.681756928563117981e-02 1.923448406159877777e-02 1.822059452533721924e-01 1.739692315459251404e-02 1.951154321432113647e-01 1.190401986241340637e-02 8.065863698720932007e-02 5.993873998522758484e-02 8.252995461225509644e-02 1.083436235785484314e-02 1.519207749515771866e-02 3.122378140687942505e-02 6.467585265636444092e-02 4.100318253040313721e-02 9.176864288747310638e-03 3.058070316910743713e-02 4.927717149257659912e-02 5.734176933765411377e-02 7.181849330663681030e-02 7.824304513633251190e-03 5.049969628453254700e-02 1.966827921569347382e-02 1.556991934776306152e-01 4.820382222533226013e-03 8.374496363103389740e-03 1.931488630361855030e-03 3.601665049791336060e-02 1.981579810380935669e-01 2.194469273090362549e-01 4.752244055271148682e-02 3.455408662557601929e-02 4.743541404604911804e-02 1.994890347123146057e-02 2.750472351908683777e-02 3.379569575190544128e-02 2.909433469176292419e-02 8.300404064357280731e-03 8.598810527473688126e-04 5.273838341236114502e-02 2.752750739455223083e-02 4.327450692653656006e-02 5.465914960950613022e-03 6.622574292123317719e-03 1.238174363970756531e-02 3.977959603071212769e-02 8.821650594472885132e-02 1.976608298718929291e-02 3.153989836573600769e-02 3.021507896482944489e-02 8.005756884813308716e-02 1.261614821851253510e-02 3.431330993771553040e-02 1.110969390720129013e-02 2.272092737257480621e-02 3.303053788840770721e-03 7.167526055127382278e-03 1.112784668803215027e-01 1.067374572157859802e-01 2.458280697464942932e-02 1.203155424445867538e-02 4.787728190422058105e-03 2.294950932264328003e-02 5.648023448884487152e-03 2.902153879404067993e-02 7.220064289867877960e-03 1.980047114193439484e-02 6.187933031469583511e-03 1.521294121630489826e-03 2.428256906569004059e-02 8.252937346696853638e-03 3.931229561567306519e-02 3.177043050527572632e-02 8.489955961704254150e-02 3.259098529815673828e-02 2.609535306692123413e-02 2.594499289989471436e-02 1.284196693450212479e-02 3.953712061047554016e-03 5.793023109436035156e-02 4.091155156493186951e-02 2.411557361483573914e-03 2.078547514975070953e-02 4.952599294483661652e-03 6.387370824813842773e-02 2.303295955061912537e-02 3.106840141117572784e-02 6.718635559082031250e-04 2.607935853302478790e-02 1.047620177268981934e-02 1.510978024452924728e-02 3.413623664528131485e-03 2.194940112531185150e-02 2.406424283981323242e-02 2.530914731323719025e-02 4.345532134175300598e-02 3.084273450076580048e-02 5.466907098889350891e-02 6.204047054052352905e-02 4.768116865307092667e-03 4.437285661697387695e-02 1.498039066791534424e-02 7.094198465347290039e-02 2.920269221067428589e-02 2.106405794620513916e-02 2.969386987388134003e-02 9.939393028616905212e-03 1.436147186905145645e-02 3.203569725155830383e-02
