4.327889159321784973e-02 2.089876979589462280e-01 1.171237695962190628e-02 2.633426338434219360e-02 3.973810002207756042e-02 2.317403256893157959e-02 6.492305546998977661e-03 4.242582619190216064e-02 4.323599487543106079e-02 2.917921170592308044e-02 1.837361901998519897e-01 1.166863292455673218e-01 9.958608448505401611e-02 4.783549532294273376e-02 4.046662244945764542e-03 3.381723165512084961e-02 1.300917658954858780e-02 7.420822232961654663e-02 4.967492073774337769e-02 5.231234803795814514e-02 1.816186006180942059e-03 5.222129821777343750e-02 3.571876883506774902e-02 1.162210199981927872e-02 3.097213059663772583e-02 2.288541197776794434e-02 1.306599588133394718e-03 2.576442807912826538e-02 4.433882236480712891e-02 4.288622364401817322e-02 4.795690253376960754e-02 5.040702410042285919e-03 1.161636039614677429e-02 1.597523689270019531e-02 4.489103332161903381e-02 3.962014615535736084e-02 9.279433288611471653e-05 1.000164635479450226e-02 7.316838018596172333e-03 3.384388983249664307e-02 3.671408072113990784e-02 2.976700104773044586e-02 3.434555605053901672e-02 1.737132854759693146e-02 9.917917847633361816e-02 5.225481837987899780e-02 2.218228876590728760e-01 3.870785608887672424e-02 1.734966225922107697e-02 1.438358612358570099e-02 2.063982654362916946e-03 2.930439077317714691e-03 2.315541543066501617e-02 6.620545405894517899e-03 4.719196259975433350e-02 3.461173549294471741e-02 2.035552263259887695e-02 7.447733730077743530e-02 3.390663862228393555e-02 4.788854857906699181e-04 1.398257259279489517e-02 5.584046244621276855e-02 5.571895465254783630e-02 2.056458033621311188e-02 4.803383722901344299e-02 3.445063903927803040e-02 9.524147957563400269e-02 2.209403552114963531e-02 4.562469944357872009e-02 4.813994094729423523e-02 6.206154078245162964e-02 4.275859519839286804e-02 1.189796179533004761e-01 2.300163544714450836e-02 4.589578881859779358e-02 1.342985220253467560e-02 4.114403948187828064e-02 4.160946607589721680e-02 3.571412235032767057e-04 5.119146779179573059e-02 5.343582853674888611e-02 1.466162502765655518e-02 6.237312033772468567e-02 4.227403178811073303e-02 8.961765095591545105e-03 2.063535712659358978e-02 1.674567162990570068e-02 2.329933643341064453e-02 6.986052542924880981e-02 4.108570143580436707e-02 4.234396386891603470e-03 5.423589050769805908e-02 3.919698670506477356e-02 3.454615175724029541e-02 3.168850019574165344e-02 2.512873709201812744e-02 2.047826908528804779e-02 4.308410733938217163e-02 2.003959007561206818e-02 3.107021935284137726e-02 2.319096401333808899e-02 4.130171146243810654e-03 4.315373301506042480e-02 1.616275520063936710e-03 3.651674091815948486e-02 2.924106270074844360e-02 2.381319738924503326e-02 6.237232685089111328e-02 5.615433678030967712e-02 5.766722187399864197e-02 4.601610079407691956e-02 2.354638651013374329e-02 5.739919096231460571e-02 1.026327721774578094e-02 3.811671584844589233e-02 1.025830954313278198e-02
2.089876979589462280e-01 1.067343577742576599e-01 4.720098152756690979e-02 6.105436012148857117e-03 3.401689603924751282e-02 1.314712315797805786e-01 1.562933474779129028e-01 6.223956495523452759e-02 7.989452220499515533e-03 1.247710455209016800e-02 1.190943643450737000e-01 2.072451077401638031e-02 1.359473466873168945e-01 4.385692998766899109e-02 3.125238046050071716e-02 2.570139057934284210e-02 5.990739446133375168e-03 2.384558692574501038e-02 4.484181851148605347e-02 1.978852972388267517e-02 6.670769304037094116e-02 3.471343219280242920e-02 4.487009719014167786e-02 5.511895939707756042e-02 1.830701343715190887e-02 1.793229021131992340e-03 4.559267777949571609e-03 2.183684613555669785e-03 9.037952404469251633e-04 1.821712218225002289e-02 7.867174223065376282e-03 4.026667773723602295e-02 2.576211467385292053e-02 2.784251607954502106e-02 3.265547798946499825e-03 1.601762510836124420e-02 3.447490558028221130e-02 6.185374222695827484e-04 4.685467854142189026e-02 1.259119343012571335e-02 5.345553532242774963e-02 2.359344251453876495e-02 2.144480356946587563e-03 8.794816583395004272e-02 3.160737827420234680e-02 2.176530100405216217e-02 1.050575375556945801e-01 2.108897566795349121e-01 5.083396658301353455e-02 1.346306502819061279e-02 1.719390228390693665e-02 5.076301749795675278e-03 5.361531674861907959e-02 3.274383023381233215e-02 4.674103111028671265e-02 1.229113247245550156e-02 1.844270713627338409e-02 1.451907772570848465e-02 3.251853585243225098e-02 4.576781392097473145e-02 1.274424139410257339e-02 4.282697103917598724e-03 6.685156375169754028e-02 1.045140251517295837e-02 2.112937218043953180e-04 5.524848029017448425e-02 9.822148084640502930e-02 1.965556479990482330e-02 6.393865495920181274e-02 5.951507762074470520e-02 5.381742119789123535e-02 9.003160893917083740e-02 5.534832924604415894e-02 7.402983494102954865e-03 3.165696561336517334e-02 6.233243644237518311e-02 2.134491130709648132e-02 6.403929088264703751e-03 1.846661791205406189e-02 2.735875174403190613e-02 1.461454853415489197e-02 3.184526460245251656e-03 9.424457326531410217e-03 2.549103274941444397e-02 5.871877446770668030e-02 6.343676708638668060e-03 4.331376776099205017e-02 4.661254584789276123e-02 7.257512956857681274e-02 3.422309085726737976e-02 4.617214202880859375e-02 1.476392429322004318e-02 7.895617932081222534e-02 4.947294481098651886e-03 8.513025194406509399e-02 1.304108183830976486e-02 3.649443015456199646e-02 3.231969848275184631e-02 1.718973368406295776e-02 2.522481046617031097e-02 2.978485822677612305e-02 2.053855545818805695e-02 8.231596089899539948e-03 2.582741156220436096e-02 3.361888229846954346e-02 1.805746182799339294e-02 2.805520407855510712e-02 6.991074979305267334e-02 3.229029104113578796e-02 4.108718712814152241e-05 2.810944616794586182e-02 5.267700180411338806e-02 6.352664902806282043e-03 5.824068561196327209e-02 2.968891756609082222e-03 3.455097973346710205e-02
1.171237695962190628e-02 4.720098152756690979e-02 4.703607410192489624e-02 8.230470120906829834e-03 1.449880097061395645e-02 3.633010759949684143e-02 3.167968988418579102e-02 1.536997556686401367e-01 3.643398731946945190e-02 2.137763239443302155e-02 5.926581844687461853e-02 5.760164000093936920e-03 3.643203154206275940e-02 3.247332572937011719e-02 3.490027785301208496e-02 1.513030007481575012e-02 5.750346463173627853e-04 7.267644163221120834e-03 4.546574130654335022e-02 5.270865187048912048e-02 1.441186852753162384e-02 8.732968941330909729e-03 2.361243218183517456e-02 2.502214536070823669e-02 1.437079813331365585e-02 2.103004604578018188e-02 2.213146165013313293e-02 4.088019952178001404e-02 4.308436065912246704e-02 2.082242257893085480e-02 6.928665190935134888e-02 1.837309263646602631e-02 3.956194967031478882e-02 3.117888420820236206e-02 5.315003450959920883e-03 2.873534802347421646e-03 1.185780297964811325e-02 3.883187472820281982e-02 1.634636521339416504e-02 3.136274963617324829e-02 2.738865278661251068e-02 1.150018721818923950e-02 4.511577263474464417e-02 8.734799921512603760e-02 1.913618471007794142e-04 2.357547357678413391e-02 1.051292121410369873e-01 1.347817480564117432e-02 4.931502044200897217e-02 7.306782063096761703e-03 7.000332116149365902e-04 8.210014551877975464e-03 4.908142238855361938e-02 1.241595763713121414e-02 2.420691959559917450e-02 1.448056194931268692e-02 1.166348438709974289e-02 3.488628566265106201e-02 4.619180783629417419e-02 2.331291139125823975e-02 4.038982093334197998e-02 2.896947227418422699e-02 3.261190140619874001e-03 2.113186754286289215e-02 1.444036979228258133e-02 7.938317954540252686e-03 3.721119463443756104e-02 1.436700578778982162e-02 4.203532263636589050e-02 1.823522150516510010e-02 3.955551888793706894e-03 2.085384167730808258e-02 2.357052080333232880e-02 1.542406715452671051e-02 8.664833381772041321e-03 3.449680749326944351e-03 4.479436576366424561e-02 3.025897778570652008e-02 2.744654566049575806e-02 3.749769553542137146e-02 2.214843183755874634e-01 1.073375195264816284e-01 5.069743841886520386e-02 2.175566181540489197e-02 1.298508420586585999e-02 1.210118271410465240e-02 7.399391382932662964e-02 2.514772303402423859e-02 9.299127385020256042e-03 1.770428940653800964e-02 4.590749368071556091e-02 4.906011745333671570e-03 1.847404800355434418e-02 3.146998584270477295e-02 6.476328521966934204e-02 8.435766212642192841e-03 4.401387646794319153e-02 7.422213256359100342e-02 3.364399448037147522e-02 8.546236902475357056e-03 3.125871080555953085e-05 1.189374271780252457e-02 2.783440612256526947e-02 3.600534051656723022e-02 6.995440460741519928e-03 1.666552154347300529e-03 3.746264055371284485e-02 6.471571046859025955e-03 1.041914150118827820e-02 4.822254553437232971e-02 7.009593304246664047e-03 1.478059682995080948e-02 1.750056631863117218e-02 2.802699245512485504e-02 5.912931170314550400e-03 5.129514262080192566e-03
2.633426338434219360e-02 6.105436012148857117e-03 8.230470120906829834e-03 1.089882031083106995e-01 1.377071738243103027e-01 5.908373743295669556e-03 3.398398309946060181e-02 5.482734739780426025e-02 6.496148649603128433e-03 2.549194730818271637e-03 5.420459434390068054e-03 3.932384401559829712e-02 3.733957186341285706e-02 2.961256168782711029e-02 1.335778273642063141e-03 6.613411009311676025e-02 4.031754657626152039e-02 1.179692968726158142e-01 6.529677659273147583e-02 2.570027858018875122e-02 4.378302395343780518e-02 6.145951803773641586e-03 1.028090622276067734e-02 2.215618267655372620e-02 3.777289018034934998e-02 2.802577242255210876e-02 1.338381133973598480e-02 5.861791968345642090e-02 2.679392136633396149e-02 2.819430455565452576e-02 3.737142309546470642e-02 3.706692531704902649e-02 2.144170925021171570e-02 5.022774636745452881e-02 1.083321124315261841e-02 6.778295151889324188e-03 1.176860928535461426e-02 1.284522190690040588e-02 8.168955147266387939e-02 2.089853212237358093e-02 1.152917742729187012e-02 4.089747369289398193e-02 2.615403383970260620e-02 4.651016741991043091e-02 5.854548141360282898e-02 4.720810800790786743e-02 2.914511784911155701e-02 2.335148490965366364e-02 7.426753640174865723e-02 5.516824871301651001e-02 1.380630023777484894e-02 8.727727457880973816e-03 4.430389776825904846e-02 4.237979277968406677e-02 2.060792408883571625e-02 5.658435169607400894e-03 4.373918846249580383e-02 3.081114403903484344e-02 1.174528431147336960e-02 1.703031733632087708e-02 7.538276165723800659e-02 4.967700317502021790e-02 7.680325070396065712e-04 3.013552725315093994e-02 1.461385376751422882e-02 2.720316988416016102e-04 2.582705952227115631e-02 3.672798350453376770e-02 5.885125324130058289e-02 5.284292995929718018e-02 3.584874048829078674e-02 3.318950533866882324e-02 1.292600333690643311e-01 5.308319348841905594e-03 1.207017600536346436e-01 2.083875983953475952e-02 3.203899413347244263e-02 4.968160390853881836e-02 2.454285509884357452e-02 2.178590558469295502e-02 2.352995052933692932e-02 3.772819414734840393e-02 9.179393947124481201e-02 2.400750108063220978e-02 1.008070483803749084e-01 3.903436288237571716e-02 4.343400523066520691e-02 1.836743205785751343e-02 1.912995055317878723e-02 5.054148659110069275e-02 2.479981631040573120e-02 3.134289756417274475e-02 8.509838953614234924e-03 1.178486086428165436e-02 2.724101208150386810e-02 4.398414492607116699e-02 1.715097390115261078e-02 5.583272315561771393e-03 4.762462805956602097e-03 3.448772476986050606e-03 4.246246442198753357e-02 2.389500662684440613e-02 5.884370300918817520e-03 1.204030215740203857e-02 3.305670246481895447e-02 1.337117399089038372e-03 1.711283996701240540e-02 3.549726679921150208e-02 1.678857766091823578e-02 1.017766888253390789e-03 1.679174788296222687e-02 1.597408391535282135e-02 9.367770515382289886e-03 1.451002899557352066e-02 2.342245727777481079e-02 2.061157487332820892e-02
3.973810002207756042e-02 3.401689603924751282e-02 1.449880097061395645e-02 1.377071738243103027e-01 1.180578693747520447e-01 4.387051239609718323e-02 4.953208565711975098e-02 1.418918091803789139e-02 5.051398277282714844e-02 1.693163183517754078e-03 1.137284282594919205e-02 5.823703948408365250e-03 3.825365379452705383e-02 2.098067663609981537e-02 2.871348150074481964e-02 1.097436621785163879e-02 6.752923130989074707e-02 8.860056847333908081e-02 1.393298804759979248e-01 4.835008829832077026e-02 1.393226999789476395e-02 3.473912179470062256e-02 2.828159555792808533e-02 1.579171977937221527e-02 2.918415516614913940e-02 2.601136080920696259e-02 4.260166734457015991e-02 4.978341609239578247e-02 3.300319612026214600e-02 9.301257319748401642e-03 2.951462380588054657e-02 1.624044962227344513e-02 3.459759056568145752e-02 3.963121026754379272e-02 1.240653335116803646e-03 8.569927886128425598e-03 2.576054818928241730e-02 1.047308184206485748e-02 1.253231316804885864e-01 1.017949730157852173e-01 3.536484017968177795e-02 1.519098319113254547e-02 3.585651889443397522e-02 1.166817266494035721e-02 2.834578789770603180e-02 2.134932577610015869e-02 4.731273651123046875e-02 1.923291385173797607e-02 4.907292500138282776e-02 2.613348327577114105e-02 2.464367449283599854e-02 1.124512590467929840e-02 3.778270259499549866e-02 1.784337498247623444e-02 2.067700773477554321e-02 3.564018383622169495e-02 1.983155682682991028e-02 1.590011082589626312e-02 3.271864727139472961e-02 7.912902161478996277e-03 2.977748773992061615e-02 3.810779377818107605e-02 3.383096307516098022e-02 3.814548999071121216e-02 1.505569182336330414e-02 2.912294818088412285e-03 2.615653444081544876e-03 4.830966144800186157e-02 1.266924291849136353e-02 2.728836378082633018e-03 6.310109794139862061e-02 2.667092718183994293e-02 3.007125854492187500e-02 4.884099215269088745e-02 1.128400936722755432e-01 1.850481517612934113e-02 3.370549529790878296e-02 3.611735254526138306e-02 3.822844941169023514e-03 1.627588830888271332e-02 7.749511278234422207e-04 2.567284367978572845e-02 1.206368282437324524e-01 1.154160723090171814e-01 6.905531883239746094e-02 2.359111420810222626e-02 4.732234030961990356e-02 2.255958877503871918e-02 3.433323279023170471e-02 2.375623770058155060e-02 2.866547554731369019e-02 3.014183789491653442e-02 1.986828818917274475e-02 5.352611467242240906e-02 3.931439667940139771e-02 1.163304038345813751e-02 1.604197546839714050e-03 2.087211981415748596e-02 4.907628148794174194e-02 3.816131874918937683e-02 1.746281795203685760e-02 3.793579712510108948e-02 3.196780383586883545e-02 2.836048416793346405e-02 1.273412257432937622e-02 2.656791731715202332e-02 3.831051662564277649e-02 4.636735841631889343e-02 3.939546272158622742e-02 1.358941756188869476e-02 5.991304293274879456e-02 2.440902963280677795e-02 3.079988807439804077e-02 3.836294263601303101e-02 3.043580800294876099e-02 2.702531591057777405e-02
2.317403256893157959e-02 1.314712315797805786e-01 3.633010759949684143e-02 5.908373743295669556e-03 4.387051239609718323e-02 6.782151758670806885e-02 2.422427982091903687e-01 3.917079418897628784e-02 7.045842707157135010e-02 9.411393851041793823e-02 2.383489161729812622e-02 9.716122597455978394e-02 3.639193251729011536e-02 5.918592214584350586e-02 4.717737063765525818e-02 3.622930124402046204e-02 4.376603290438652039e-02 4.766561090946197510e-02 5.856231227517127991e-02 9.051902219653129578e-03 9.729405865073204041e-03 6.477463245391845703e-02 1.649135840125381947e-03 2.179408818483352661e-02 6.574434041976928711e-02 3.836461529135704041e-02 3.851012513041496277e-02 6.655496358871459961e-02 4.382585361599922180e-02 3.146835044026374817e-02 8.223049342632293701e-02 3.310062165837734938e-04 9.455815888941287994e-03 1.705579832196235657e-02 3.334127366542816162e-02 7.018099725246429443e-02 7.949902117252349854e-02 9.739702567458152771e-03 4.527175426483154297e-02 1.868278905749320984e-02 1.288815285079181194e-03 3.953609615564346313e-02 1.038384716957807541e-02 7.134032994508743286e-02 3.623633086681365967e-02 7.217587530612945557e-02 9.629137068986892700e-02 2.708429284393787384e-02 1.702769100666046143e-02 2.835928834974765778e-02 3.207356110215187073e-02 1.914345286786556244e-02 6.894637644290924072e-02 2.069068327546119690e-02 8.018136769533157349e-02 5.512771010398864746e-02 9.882608056068420410e-02 1.368089392781257629e-02 5.257435142993927002e-02 5.859659612178802490e-02 2.530722133815288544e-02 8.469007909297943115e-03 4.801411181688308716e-02 4.064138978719711304e-02 5.450538545846939087e-02 6.493250280618667603e-02 2.933278307318687439e-02 4.009206220507621765e-02 4.211600497364997864e-02 1.095208339393138885e-02 4.847534745931625366e-02 5.159940198063850403e-02 4.244180023670196533e-02 5.829630047082901001e-02 3.410881850868463516e-03 3.174567595124244690e-02 2.326225861907005310e-02 2.084964327514171600e-02 8.767710626125335693e-02 4.790276288986206055e-02 3.499267157167196274e-03 3.826498240232467651e-02 4.584112390875816345e-02 1.166961155831813812e-02 1.046245172619819641e-01 5.008504167199134827e-02 3.837799280881881714e-02 4.299456253647804260e-02 8.885789662599563599e-03 2.485068514943122864e-02 2.629841864109039307e-02 3.618708625435829163e-02 6.216594204306602478e-02 1.576002873480319977e-02 1.326307654380798340e-01 9.839220345020294189e-02 1.849867589771747589e-02 2.900675637647509575e-03 1.568179763853549957e-02 1.040831906720995903e-03 4.735611751675605774e-02 1.430043578147888184e-02 1.606184814590960741e-04 2.779044583439826965e-02 6.682021915912628174e-02 5.475387349724769592e-02 7.600413169711828232e-03 7.615229487419128418e-02 5.863853730261325836e-03 1.861396012827754021e-03 9.904293715953826904e-02 3.494789078831672668e-02 6.135924160480499268e-02 1.795097440481185913e-02 1.994596794247627258e-02 6.050866469740867615e-02
6.492305546998977661e-03 1.562933474779129028e-01 3.167968988418579102e-02 3.398398309946060181e-02 4.953208565711975098e-02 2.422427982091903687e-01 1.140022575855255127e-01 4.244226962327957153e-02 4.751107096672058105e-02 8.154331892728805542e-02 8.031267672777175903e-02 1.422920227050781250e-01 7.774023711681365967e-02 9.822940081357955933e-02 4.813403822481632233e-03 8.091020584106445312e-02 1.371545484289526939e-03 6.456885486841201782e-02 1.105650234967470169e-02 6.682161986827850342e-02 6.465329974889755249e-02 3.335550660267472267e-03 2.165916562080383301e-02 7.736361026763916016e-02 7.722312957048416138e-02 3.257274627685546875e-02 6.253829225897789001e-03 4.158481955528259277e-02 7.366874814033508301e-02 3.242146596312522888e-02 3.063178807497024536e-02 5.100866034626960754e-02 1.239264290779829025e-02 4.388785734772682190e-02 1.565646007657051086e-02 1.319320965558290482e-02 4.107784479856491089e-02 2.246773242950439453e-02 4.083786904811859131e-02 2.544048801064491272e-02 1.541569130495190620e-03 1.667571999132633209e-02 2.719162032008171082e-03 5.978097766637802124e-02 6.063939630985260010e-02 2.735906839370727539e-02 4.201072081923484802e-02 1.589674651622772217e-01 2.061678469181060791e-02 1.176966726779937744e-02 1.498242467641830444e-02 3.094414435327053070e-02 3.804096207022666931e-02 6.667342782020568848e-02 1.150676459074020386e-01 6.318478286266326904e-02 9.783578664064407349e-02 3.700800240039825439e-02 1.056592073291540146e-02 1.989272714126855135e-04 1.486843544989824295e-02 4.153508692979812622e-02 3.397347778081893921e-02 3.622330725193023682e-02 4.325430374592542648e-03 3.131760656833648682e-02 1.059431023895740509e-02 4.926316067576408386e-02 6.180787459015846252e-03 1.507150288671255112e-02 2.310728468000888824e-02 1.017023064196109772e-02 3.201624751091003418e-02 1.600092090666294098e-02 2.403537556529045105e-02 5.927478522062301636e-02 6.055622920393943787e-02 3.061685711145401001e-02 8.430609852075576782e-02 5.505010951310396194e-03 1.433017197996377945e-02 3.480944782495498657e-02 4.457410424947738647e-02 3.522763773798942566e-02 6.287666410207748413e-02 4.139157012104988098e-02 4.720306769013404846e-02 3.597565367817878723e-02 5.457421764731407166e-02 1.835483126342296600e-04 7.768686860799789429e-02 9.613421745598316193e-03 8.659931831061840057e-03 6.462920457124710083e-02 5.521468073129653931e-02 9.569473564624786377e-02 4.881704971194267273e-02 2.130117639899253845e-02 2.456026338040828705e-02 3.616335988044738770e-02 7.187180966138839722e-02 3.406344447284936905e-03 2.665092051029205322e-02 3.445788845419883728e-02 6.125602126121520996e-02 5.245325341820716858e-02 5.993663147091865540e-02 7.278201729059219360e-02 1.417422015219926834e-02 4.407063871622085571e-02 4.356762021780014038e-02 6.956116110086441040e-02 5.054863914847373962e-02 2.743917703628540039e-02 2.800996415317058563e-02 8.556215465068817139e-02
4.242582619190216064e-02 6.223956495523452759e-02 1.536997556686401367e-01 5.482734739780426025e-02 1.418918091803789139e-02 3.917079418897628784e-02 4.244226962327957153e-02 7.423467934131622314e-02 1.226537115871906281e-02 1.603405689820647240e-03 1.029258873313665390e-02 6.014931946992874146e-03 2.563775144517421722e-02 4.217347130179405212e-02 3.774511069059371948e-02 2.795442752540111542e-02 5.231711640954017639e-02 6.492563989013433456e-03 6.976487202337011695e-05 1.948170363903045654e-02 3.776138648390769958e-02 1.566884107887744904e-02 2.649093978106975555e-02 4.472510889172554016e-03 2.625837177038192749e-02 1.939554139971733093e-02 1.467225328087806702e-02 2.542238868772983551e-02 5.472532287240028381e-02 1.656909706071019173e-03 4.138923063874244690e-02 4.551991447806358337e-02 5.477476119995117188e-02 1.746874675154685974e-02 3.465109691023826599e-02 6.601406261324882507e-03 5.092360544949769974e-03 2.001174725592136383e-02 6.289252638816833496e-02 5.691608786582946777e-02 2.698448486626148224e-02 3.189730271697044373e-02 5.573973059654235840e-02 3.351479768753051758e-02 6.965121626853942871e-02 4.774086922407150269e-02 8.335933089256286621e-02 6.078734248876571655e-02 3.516530245542526245e-02 7.612094748765230179e-03 5.139153823256492615e-02 5.339362472295761108e-02 3.477070853114128113e-02 1.431668642908334732e-02 2.959798648953437805e-02 1.571103930473327637e-02 3.755472227931022644e-02 3.027363121509552002e-02 4.208723828196525574e-02 3.034857101738452911e-02 2.322070486843585968e-02 5.372871179133653641e-03 1.074971258640289307e-02 1.725730113685131073e-02 3.935496136546134949e-02 2.888580411672592163e-02 5.272949114441871643e-02 6.396682001650333405e-03 2.201950177550315857e-03 5.942113697528839111e-02 4.339206963777542114e-02 6.099608913064002991e-02 3.452927246689796448e-02 3.335193544626235962e-02 1.161955296993255615e-02 5.617901682853698730e-02 1.539997570216655731e-02 1.305765938013792038e-03 9.958176873624324799e-03 2.201483212411403656e-02 1.736571043729782104e-01 8.762440085411071777e-02 6.084476131945848465e-03 1.963184773921966553e-02 1.020328421145677567e-02 1.521000871434807777e-03 7.845588773488998413e-02 9.183896705508232117e-03 1.650051958858966827e-02 2.979408949613571167e-03 3.307820484042167664e-02 2.726205997169017792e-02 6.546021322719752789e-04 3.050974570214748383e-02 2.461723797023296356e-02 1.301420107483863831e-02 2.379083773121237755e-03 4.213107004761695862e-02 2.898892015218734741e-02 1.582570746541023254e-02 7.524376735091209412e-03 1.265086513012647629e-02 4.142626654356718063e-03 1.195335015654563904e-02 4.433450754731893539e-03 1.060093287378549576e-02 3.035357221961021423e-02 3.734138235449790955e-02 2.191762439906597137e-02 5.302258580923080444e-02 2.285173535346984863e-02 1.795543543994426727e-02 5.677788332104682922e-02 1.378941163420677185e-02 2.135981060564517975e-02 1.755573600530624390e-02
4.323599487543106079e-02 7.989452220499515533e-03 3.643398731946945190e-02 6.496148649603128433e-03 5.051398277282714844e-02 7.045842707157135010e-02 4.751107096672058105e-02 1.226537115871906281e-02 1.238677874207496643e-01 8.970505557954311371e-03 2.475865371525287628e-02 4.838462918996810913e-02 1.080164033919572830e-02 2.987251430749893188e-02 1.467117201536893845e-02 8.059328794479370117e-02 8.069857023656368256e-03 1.661311089992523193e-02 7.130406331270933151e-03 4.091582074761390686e-02 2.807961218059062958e-02 7.916785776615142822e-02 7.673028111457824707e-02 6.771247088909149170e-02 1.625343225896358490e-02 1.120413001626729965e-02 1.777634955942630768e-02 3.873685002326965332e-02 3.821083530783653259e-02 4.487524554133415222e-02 1.116625312715768814e-02 4.175348579883575439e-02 6.039800064172595739e-05 1.628069672733545303e-03 2.741158939898014069e-03 2.093438524752855301e-03 3.052323684096336365e-02 1.847801171243190765e-02 1.869694143533706665e-02 8.253856748342514038e-02 6.432806700468063354e-02 1.608857139945030212e-02 2.854608558118343353e-02 7.503408193588256836e-02 5.182873830199241638e-02 9.235511720180511475e-02 3.431923687458038330e-02 3.667377680540084839e-02 1.557843834161758423e-01 1.853668689727783203e-02 6.246596202254295349e-02 6.928011029958724976e-02 3.690275549888610840e-02 2.878918312489986420e-02 1.730865091085433960e-01 4.504026100039482117e-02 4.811280965805053711e-02 1.038191094994544983e-02 1.306980848312377930e-02 2.336648525670170784e-03 6.093441694974899292e-02 1.582135818898677826e-02 1.132071111351251602e-02 2.170740626752376556e-02 1.107027102261781693e-02 1.839621178805828094e-02 2.834794297814369202e-02 2.591091394424438477e-02 9.817022830247879028e-02 4.225910827517509460e-02 1.155647728592157364e-02 4.124269820749759674e-03 9.161143563687801361e-03 4.284303635358810425e-03 1.265704631805419922e-02 1.526438258588314056e-02 1.588782668113708496e-01 3.290488943457603455e-02 1.308306753635406494e-01 2.426201663911342621e-02 9.904972277581691742e-03 2.241319231688976288e-02 3.003336861729621887e-02 3.669053316116333008e-02 6.095381453633308411e-02 3.459056094288825989e-02 1.213761139661073685e-02 2.416861942037940025e-03 1.116496920585632324e-01 3.177957236766815186e-02 5.488386377692222595e-03 3.985274210572242737e-02 2.974259768961928785e-05 1.423471327871084213e-02 4.892966523766517639e-02 6.712214648723602295e-02 5.243499763309955597e-03 1.360343419946730137e-03 5.614838562905788422e-03 1.569777354598045349e-02 7.541365921497344971e-04 1.000620704144239426e-02 3.136160224676132202e-02 7.120773196220397949e-03 6.729769054800271988e-03 2.045832388103008270e-02 2.185399644076824188e-02 4.688489437103271484e-02 2.798660844564437866e-02 1.164384279400110245e-02 2.517404779791831970e-02 4.291831981390714645e-03 4.814433678984642029e-02 7.818704470992088318e-03 1.526343915611505508e-02 2.995436079800128937e-02
2.917921170592308044e-02 1.247710455209016800e-02 2.137763239443302155e-02 2.549194730818271637e-03 1.693163183517754078e-03 9.411393851041793823e-02 8.154331892728805542e-02 1.603405689820647240e-03 8.970505557954311371e-03 1.265801489353179932e-01 1.853648014366626740e-02 5.571549758315086365e-02 2.403908781707286835e-02 6.650860607624053955e-02 4.930619616061449051e-03 1.428943942300975323e-04 5.544398352503776550e-02 6.553118675947189331e-02 8.705380558967590332e-02 6.622834916925057769e-05 2.077301405370235443e-02 1.679548621177673340e-02 7.465460151433944702e-02 2.287485077977180481e-02 4.594862461090087891e-02 3.400775045156478882e-02 1.259595248848199844e-02 3.963849321007728577e-02 1.491401251405477524e-02 4.696606472134590149e-02 3.160016378387808800e-03 2.211281843483448029e-02 2.065536193549633026e-02 3.420450910925865173e-02 1.494277268648147583e-02 4.379735887050628662e-02 4.362776875495910645e-02 4.037782177329063416e-02 6.401329766958951950e-03 4.084457829594612122e-02 1.246349606662988663e-02 1.719519868493080139e-02 1.382159721106290817e-02 1.900326833128929138e-02 2.702112309634685516e-02 5.419960245490074158e-02 4.883006215095520020e-02 2.250416576862335205e-02 5.260142032057046890e-03 1.051546633243560791e-01 2.660288661718368530e-02 5.592209473252296448e-02 5.342512577772140503e-02 4.636126384139060974e-02 6.513530015945434570e-02 7.283358275890350342e-02 4.484659060835838318e-03 2.822089008986949921e-02 4.963045474141836166e-03 1.321827992796897888e-02 1.355328038334846497e-02 3.280660882592201233e-02 1.177119836211204529e-02 2.436091890558600426e-03 3.249413892626762390e-02 2.908321656286716461e-02 2.845427207648754120e-02 4.285386949777603149e-02 7.560963183641433716e-02 6.902565807104110718e-02 8.700942993164062500e-02 1.078587844967842102e-01 1.407700479030609131e-01 4.864994063973426819e-02 2.297781407833099365e-02 5.858391895890235901e-02 5.764414556324481964e-03 1.281376481056213379e-01 8.842016756534576416e-02 1.841074675321578979e-01 4.444408696144819260e-03 1.364616490900516510e-02 1.082969084382057190e-02 9.300912916660308838e-02 2.096029557287693024e-02 8.395822346210479736e-02 2.984531596302986145e-02 3.411712124943733215e-02 2.457943558692932129e-02 1.788671314716339111e-01 1.642633415758609772e-02 3.642120584845542908e-02 3.866407275199890137e-02 1.979054510593414307e-02 6.300154328346252441e-02 1.495219301432371140e-02 2.731050178408622742e-02 1.089779846370220184e-02 5.745811387896537781e-03 9.505759924650192261e-03 5.334113538265228271e-02 1.767518743872642517e-02 4.167971014976501465e-02 5.680016055703163147e-02 4.886995255947113037e-02 2.199297770857810974e-02 2.059478312730789185e-02 6.294237449765205383e-03 4.706437885761260986e-02 3.009293228387832642e-02 6.167788803577423096e-02 1.541459350846707821e-03 6.217926274985074997e-03 3.783667460083961487e-02 1.972382515668869019e-02 6.494305562227964401e-04
1.837361901998519897e-01 1.190943643450737000e-01 5.926581844687461853e-02 5.420459434390068054e-03 1.137284282594919205e-02 2.383489161729812622e-02 8.031267672777175903e-02 1.029258873313665390e-02 2.475865371525287628e-02 1.853648014366626740e-02 5.507317185401916504e-02 5.704722180962562561e-02 1.405020356178283691e-01 2.174047008156776428e-02 5.432059988379478455e-02 3.415630012750625610e-02 4.770080745220184326e-02 3.021768294274806976e-02 3.697838261723518372e-02 7.645472884178161621e-02 1.988379098474979401e-02 4.393166676163673401e-02 2.991485781967639923e-02 1.124215424060821533e-01 4.919292405247688293e-02 3.163729980587959290e-02 6.431718170642852783e-02 4.978070408105850220e-02 8.873340487480163574e-02 3.142144531011581421e-02 7.558289915323257446e-02 4.797768779098987579e-03 6.795179098844528198e-02 4.392992332577705383e-02 9.247506037354469299e-03 3.988150879740715027e-02 5.456172395497560501e-03 1.803021878004074097e-02 2.469500713050365448e-02 1.368528814055025578e-03 6.748048961162567139e-02 5.234052985906600952e-02 4.104283452033996582e-02 1.691408455371856689e-02 1.752064749598503113e-02 4.200641438364982605e-02 1.245770230889320374e-01 5.262208729982376099e-02 4.453109577298164368e-04 6.271918118000030518e-02 3.710745647549629211e-02 1.712930202484130859e-02 6.723471730947494507e-02 1.657530665397644043e-02 1.371452584862709045e-02 4.824821278452873230e-02 8.233453333377838135e-02 1.068293233402073383e-03 9.261510521173477173e-02 1.291555818170309067e-02 2.604500576853752136e-02 4.707425087690353394e-02 4.596800543367862701e-03 9.841279825195670128e-05 1.534046381711959839e-01 2.114268392324447632e-02 7.005348801612854004e-02 1.957067474722862244e-02 3.549342975020408630e-02 4.877937585115432739e-02 8.525070734322071075e-04 6.511709187179803848e-03 4.156847018748521805e-03 2.517350763082504272e-02 2.971819136291742325e-03 1.551123149693012238e-02 2.242986112833023071e-02 4.280777648091316223e-02 8.106195367872714996e-03 3.216579928994178772e-02 2.989268302917480469e-02 8.976737968623638153e-03 5.014008842408657074e-03 6.270158104598522186e-03 1.257176883518695831e-02 4.431567341089248657e-02 4.945361241698265076e-02 3.266480634920299053e-04 5.989835411310195923e-02 4.603370279073715210e-02 5.028053373098373413e-02 5.813171714544296265e-02 4.497994109988212585e-02 1.575827039778232574e-02 2.013508975505828857e-02 3.457407653331756592e-02 4.350205510854721069e-02 3.600827977061271667e-02 3.709295764565467834e-02 4.531943053007125854e-02 6.780101358890533447e-02 4.604320973157882690e-02 2.625113166868686676e-02 3.039468266069889069e-02 3.322439268231391907e-02 1.737483590841293335e-02 1.776597276329994202e-02 3.874767944216728210e-02 2.634891716297715902e-04 2.018629200756549835e-02 2.228418178856372833e-02 6.098568905144929886e-03 5.678057670593261719e-02 3.693984076380729675e-02 1.104302983731031418e-02 4.353782907128334045e-02
1.166863292455673218e-01 2.072451077401638031e-02 5.760164000093936920e-03 3.932384401559829712e-02 5.823703948408365250e-03 9.716122597455978394e-02 1.422920227050781250e-01 6.014931946992874146e-03 4.838462918996810913e-02 5.571549758315086365e-02 5.704722180962562561e-02 7.094132155179977417e-02 8.937593549489974976e-03 1.765228807926177979e-01 3.670018911361694336e-02 5.205981805920600891e-02 4.824603348970413208e-02 3.123359382152557373e-02 1.716173253953456879e-02 5.506790056824684143e-02 4.172662273049354553e-02 4.584914445877075195e-02 9.107483178377151489e-02 1.169966310262680054e-01 2.300538495182991028e-02 5.058507435023784637e-03 1.819980517029762268e-02 2.610098384320735931e-02 3.451900929212570190e-02 6.286212056875228882e-02 6.592189520597457886e-02 4.900480061769485474e-02 1.235616113990545273e-02 3.028950467705726624e-02 5.863541737198829651e-02 1.079750619828701019e-02 7.146674324758350849e-04 1.146415434777736664e-02 1.984665356576442719e-02 7.140143215656280518e-02 3.674045205116271973e-02 1.379827316850423813e-02 3.749502077698707581e-02 5.506950989365577698e-02 1.630025058984756470e-01 2.978142537176609039e-02 3.891448795911855996e-05 1.215149313211441040e-01 3.609993727877736092e-03 3.525668010115623474e-02 3.443982824683189392e-02 3.300699964165687561e-02 3.082517534494400024e-02 2.997950278222560883e-02 3.653016313910484314e-02 4.743323847651481628e-02 4.616216570138931274e-02 1.072443649172782898e-02 1.600457006134092808e-03 1.593349687755107880e-02 5.249048396944999695e-02 2.731114998459815979e-02 6.637600064277648926e-02 1.154561527073383331e-02 2.968533895909786224e-02 6.743939127773046494e-03 4.422560706734657288e-02 7.680100388824939728e-03 6.740061193704605103e-02 5.103854089975357056e-02 2.623888663947582245e-03 3.656097874045372009e-02 7.477758079767227173e-02 9.692414663732051849e-03 3.795087710022926331e-02 3.619469329714775085e-02 2.671145834028720856e-02 3.795910999178886414e-02 3.269379958510398865e-02 1.207454409450292587e-02 3.650380298495292664e-02 1.809748634696006775e-02 1.447930186986923218e-02 5.150082707405090332e-02 2.383352443575859070e-02 1.547323167324066162e-02 2.059635706245899200e-02 2.654706314206123352e-02 2.692026644945144653e-02 2.074996568262577057e-02 3.375710919499397278e-02 7.167824357748031616e-02 3.658488276414573193e-04 4.693406820297241211e-02 3.590552136301994324e-02 9.793162345886230469e-02 3.370189666748046875e-02 2.965328656136989594e-02 1.832916028797626495e-02 4.778402298688888550e-02 3.756965696811676025e-02 3.653790429234504700e-02 4.313361644744873047e-02 1.034458982758224010e-03 1.428299956023693085e-02 4.202276095747947693e-02 3.525745496153831482e-02 4.403080046176910400e-02 3.226927667856216431e-02 3.967552632093429565e-02 7.715939544141292572e-03 3.244672715663909912e-02 4.035113751888275146e-02 1.456526573747396469e-02 1.886984892189502716e-02 4.634049534797668457e-02
9.958608448505401611e-02 1.359473466873168945e-01 3.643203154206275940e-02 3.733957186341285706e-02 3.825365379452705383e-02 3.639193251729011536e-02 7.774023711681365967e-02 2.563775144517421722e-02 1.080164033919572830e-02 2.403908781707286835e-02 1.405020356178283691e-01 8.937593549489974976e-03 7.603618502616882324e-02 1.585586927831172943e-02 2.096286229789257050e-02 3.909354284405708313e-02 4.618036746978759766e-02 5.096900835633277893e-02 4.340602457523345947e-02 6.628158688545227051e-02 4.278759658336639404e-02 1.139696035534143448e-02 1.547714113257825375e-03 2.455002255737781525e-02 2.903836406767368317e-02 3.112102113664150238e-02 4.090102389454841614e-02 8.150422945618629456e-03 7.422867417335510254e-02 5.354256369173526764e-03 7.643181830644607544e-02 1.758285798132419586e-02 1.872587762773036957e-02 3.715879470109939575e-02 5.115308985114097595e-02 4.835064988583326340e-03 1.765480823814868927e-02 2.912895753979682922e-03 3.694754466414451599e-02 3.948590531945228577e-02 3.099833801388740540e-02 3.386769443750381470e-02 1.784736639820039272e-03 6.496781110763549805e-02 2.543053217232227325e-02 1.062855662894435227e-04 1.074913293123245239e-01 1.536605656147003174e-01 4.349567368626594543e-02 5.392009858042001724e-03 3.017292544245719910e-02 6.798523943871259689e-03 1.068096049129962921e-02 1.534406654536724091e-02 2.445457503199577332e-02 1.160339545458555222e-02 5.109752342104911804e-02 1.967000775039196014e-02 5.079019442200660706e-02 4.362380132079124451e-02 1.980924233794212341e-02 3.051239065825939178e-02 6.109238788485527039e-02 1.731106080114841461e-02 8.931013196706771851e-02 7.508774846792221069e-02 3.459381312131881714e-02 5.646554380655288696e-02 3.581301076337695122e-03 1.504227798432111740e-02 2.057146839797496796e-02 1.797542162239551544e-02 3.830574825406074524e-02 2.199967019259929657e-02 2.156913513317704201e-03 1.086603500880300999e-03 9.807628579437732697e-03 1.054545864462852478e-02 3.375236317515373230e-02 4.689861834049224854e-02 1.492627523839473724e-02 3.439546748995780945e-02 8.204606361687183380e-03 1.025840523652732372e-03 2.664861083030700684e-02 1.055968180298805237e-02 8.732377551496028900e-03 3.491902723908424377e-02 7.333049084991216660e-03 4.761015251278877258e-02 4.050320945680141449e-03 3.014443069696426392e-02 1.204427145421504974e-02 2.725383080542087555e-02 7.519931346178054810e-02 7.930354773998260498e-02 3.384884074330329895e-02 2.050810959190130234e-03 1.482273917645215988e-02 5.738866701722145081e-02 6.437812000513076782e-02 1.713341474533081055e-02 2.734830137342214584e-03 2.125409431755542755e-02 5.983783048577606678e-04 4.700754955410957336e-02 3.877540677785873413e-02 3.595577785745263100e-03 5.605908110737800598e-03 1.098433323204517365e-02 3.118715435266494751e-02 4.275865480303764343e-02 2.603961713612079620e-02 6.003067363053560257e-03 4.821034520864486694e-02 1.224787812680006027e-02
