2.799314633011817932e-02 1.571689397096633911e-01 2.512905374169349670e-02 1.197749935090541840e-02 3.765933588147163391e-02 1.679251492023468018e-01 5.861111357808113098e-02 4.464064259082078934e-03 1.842272840440273285e-02 5.683883279561996460e-02 1.621417105197906494e-01 7.259644567966461182e-02 7.248331606388092041e-02 3.097775392234325409e-02 7.407893426716327667e-03 1.270649954676628113e-03 2.309278957545757294e-02 2.366687916219234467e-02 9.636019915342330933e-02 2.069046907126903534e-02 3.136889636516571045e-02 2.964163012802600861e-02 2.869732677936553955e-02 1.158304698765277863e-02 9.021804668009281158e-03 2.919437363743782043e-03 2.745079621672630310e-02 2.895617391914129257e-03 3.001122176647186279e-02 1.675434969365596771e-02 3.132208064198493958e-02 4.556022956967353821e-02 3.663843125104904175e-02 6.704345345497131348e-03 1.916078478097915649e-02 8.762934245169162750e-03 4.854609817266464233e-02 2.755455486476421356e-02 1.982433348894119263e-02 1.359594333916902542e-02 4.383089020848274231e-02 6.066246330738067627e-02 6.295039504766464233e-02 3.123444691300392151e-02 3.416338190436363220e-02 4.442612454295158386e-02 1.663221418857574463e-01 5.363581702113151550e-02 1.108944136649370193e-02 5.362102389335632324e-02 4.580631852149963379e-03 1.034144405275583267e-02 8.087888360023498535e-02 3.029155358672142029e-02 2.879742346704006195e-02 3.504606336355209351e-02 5.252154916524887085e-02 2.469680970534682274e-03 1.663180626928806305e-02 7.861413061618804932e-02 1.694934628903865814e-02 2.573829516768455505e-02 1.665629632771015167e-02 6.693042814731597900e-02 4.161819070577621460e-02 5.548280850052833557e-02 3.191904397681355476e-03 3.080439940094947815e-02 3.400668501853942871e-02 3.474213555455207825e-02 1.812918856739997864e-02 3.179936856031417847e-02 8.396358229219913483e-03 5.476248916238546371e-03 2.802792005240917206e-02 2.909547090530395508e-02 2.415769034996628761e-03 1.877330988645553589e-02 2.443392761051654816e-02 7.425013184547424316e-02 2.796291187405586243e-02 1.363577041774988174e-02 7.494091987609863281e-02 3.597781807184219360e-02 7.726443931460380554e-03 2.413032390177249908e-02 2.905545057728886604e-03 1.062762830406427383e-02 7.109137717634439468e-03 3.190530464053153992e-02 5.897625535726547241e-02 1.429925207048654556e-02 2.764287777245044708e-02 2.762990444898605347e-02 2.959232078865170479e-03 1.452781166881322861e-02 2.670790068805217743e-02 2.795736864209175110e-02 1.080321241170167923e-02 4.855769220739603043e-03 2.625874243676662445e-02 6.427863240242004395e-02 2.590524964034557343e-02 6.435837596654891968e-02 3.966639190912246704e-02 2.965705282986164093e-02 1.074696891009807587e-02 2.947546541690826416e-02 2.532099932432174683e-02 9.516578167676925659e-03 7.336886133998632431e-03 4.624771419912576675e-03 8.819629997014999390e-02 6.440670043230056763e-02 4.971731826663017273e-02 3.282946720719337463e-02
1.571689397096633911e-01 4.606617987155914307e-02 2.860850282013416290e-02 3.358901292085647583e-02 2.638447657227516174e-02 1.440485864877700806e-01 1.425222903490066528e-01 1.584807038307189941e-02 8.371900767087936401e-03 1.132843270897865295e-02 8.933023363351821899e-02 5.952640995383262634e-02 1.097806021571159363e-01 1.697153598070144653e-02 5.943680182099342346e-02 6.073302775621414185e-02 4.099034890532493591e-02 4.114347044378519058e-03 8.054888993501663208e-02 2.726953104138374329e-02 1.500434335321187973e-02 8.716605603694915771e-03 5.357151478528976440e-02 5.922687426209449768e-02 3.052457794547080994e-02 1.963462680578231812e-02 7.558400277048349380e-03 1.967967487871646881e-02 7.663561403751373291e-02 2.755010500550270081e-02 9.282094240188598633e-02 2.414371073246002197e-02 5.477048829197883606e-02 2.268133498728275299e-02 6.387204676866531372e-02 3.527630493044853210e-02 7.451983168721199036e-03 1.699550077319145203e-02 4.618696868419647217e-02 6.060155108571052551e-02 5.263702571392059326e-02 1.966217532753944397e-02 5.987989529967308044e-02 6.425458937883377075e-03 8.033205568790435791e-02 5.851443856954574585e-02 8.195640146732330322e-02 1.111630946397781372e-01 5.298002809286117554e-02 7.241847366094589233e-02 1.188024654984474182e-01 6.247813347727060318e-03 1.225128117948770523e-02 2.641997707542032003e-04 2.779914811253547668e-02 1.222762558609247208e-02 4.991111904382705688e-02 4.533702135086059570e-02 2.181661687791347504e-02 5.870529264211654663e-02 2.930265152826905251e-03 2.714022994041442871e-02 7.569748442620038986e-03 1.298178266733884811e-02 4.322084039449691772e-02 1.840367726981639862e-02 1.877986453473567963e-02 1.715338043868541718e-02 1.360340230166912079e-02 2.721757162362337112e-03 1.081375498324632645e-02 6.341335177421569824e-02 2.530482970178127289e-02 3.339418396353721619e-02 2.741303667426109314e-02 4.296368733048439026e-02 3.203811869025230408e-02 1.153560653328895569e-01 5.370273068547248840e-02 8.037828654050827026e-02 3.317873179912567139e-02 3.716894984245300293e-02 4.131837189197540283e-02 3.284162143245339394e-03 1.623019017279148102e-02 2.604331821203231812e-02 2.445352263748645782e-02 7.106556091457605362e-03 3.572105988860130310e-02 8.405590057373046875e-02 8.855562657117843628e-02 7.967956364154815674e-02 1.067813113331794739e-01 7.063587754964828491e-02 8.168496191501617432e-02 5.812080204486846924e-02 5.135738756507635117e-03 1.682395301759243011e-02 8.994179964065551758e-02 9.456911683082580566e-02 3.494941163808107376e-03 3.212027624249458313e-02 4.230738151818513870e-03 1.166486646980047226e-02 2.688276290427893400e-04 2.780464012175798416e-03 6.342582404613494873e-02 5.293023213744163513e-02 3.663252294063568115e-02 1.749617233872413635e-02 3.663587942719459534e-02 6.000013649463653564e-02 2.468857914209365845e-02 2.771322242915630341e-02 1.854504644870758057e-02 2.683768980205059052e-02
2.512905374169349670e-02 2.860850282013416290e-02 1.497553475201129913e-02 3.678733110427856445e-02 1.154296845197677612e-01 2.804464101791381836e-02 7.272817660123109818e-03 1.381070315837860107e-01 9.994065016508102417e-02 2.059319242835044861e-02 5.357731878757476807e-02 4.550890624523162842e-02 4.478088580071926117e-03 7.735298480838537216e-03 3.236752375960350037e-02 2.862237161025404930e-03 1.495212223380804062e-02 4.481760784983634949e-02 1.118085905909538269e-02 7.360639865510165691e-04 7.583697885274887085e-02 4.293646663427352905e-02 1.219037361443042755e-02 6.066586449742317200e-02 7.107181847095489502e-02 3.446720913052558899e-02 2.208350971341133118e-02 5.517082754522562027e-03 8.277018554508686066e-03 2.052849531173706055e-02 2.031099284067749977e-03 7.472159713506698608e-02 2.510889992117881775e-02 7.444638013839721680e-02 1.445584837347269058e-02 4.245430231094360352e-02 2.802529558539390564e-02 2.849381230771541595e-02 3.984801471233367920e-02 7.826481014490127563e-02 2.436367236077785492e-02 4.031628742814064026e-02 5.550746247172355652e-02 8.615544438362121582e-02 2.139234915375709534e-02 5.781323835253715515e-02 3.720061853528022766e-02 2.188927307724952698e-02 2.588456496596336365e-02 2.744158543646335602e-02 7.216054480522871017e-03 1.471344847232103348e-02 4.101260378956794739e-02 7.097683101892471313e-02 3.396634757518768311e-02 5.160932615399360657e-02 2.929171314463019371e-03 7.457358390092849731e-02 1.027354225516319275e-01 4.702074825763702393e-02 2.540303952991962433e-02 2.456016093492507935e-02 6.597195565700531006e-02 2.851276192814111710e-03 1.177083328366279602e-02 3.903384506702423096e-02 8.328641951084136963e-02 2.385391294956207275e-02 5.940148234367370605e-02 2.105041965842247009e-02 3.058858960866928101e-02 3.269589692354202271e-02 4.255904257297515869e-02 3.020737878978252411e-02 2.080499939620494843e-02 1.803378574550151825e-02 1.496743410825729370e-02 8.902031928300857544e-03 4.543669521808624268e-03 3.841953352093696594e-02 2.264976203441619873e-01 2.802824676036834717e-01 1.016861274838447571e-01 5.629208311438560486e-02 5.152617394924163818e-02 2.903976291418075562e-02 1.554252486675977707e-02 1.434825509786605835e-01 7.765490561723709106e-02 1.287945359945297241e-02 2.833135798573493958e-02 3.747700899839401245e-02 1.825022883713245392e-02 2.086606435477733612e-02 2.553334459662437439e-02 5.070805549621582031e-02 1.151864766143262386e-03 7.546293735504150391e-02 7.931037992238998413e-02 3.555024415254592896e-02 2.957336045801639557e-02 3.898507356643676758e-02 6.533107161521911621e-02 5.501535162329673767e-02 1.726363040506839752e-02 7.676876336336135864e-02 8.532495237886905670e-03 1.578561961650848389e-02 8.909776806831359863e-02 1.578314229846000671e-03 1.191650237888097763e-02 7.626695092767477036e-03 2.486500516533851624e-02 3.853842988610267639e-02 6.391541566699743271e-03 2.152197621762752533e-02
1.197749935090541840e-02 3.358901292085647583e-02 3.678733110427856445e-02 1.170089282095432281e-02 1.318232864141464233e-01 2.075481601059436798e-02 2.814356610178947449e-02 1.618023961782455444e-02 3.804080188274383545e-02 6.294103711843490601e-02 2.199207246303558350e-02 8.036963641643524170e-03 4.464443400502204895e-02 1.137329563498497009e-01 5.735663324594497681e-02 6.060303747653961182e-02 6.510113179683685303e-02 1.414716839790344238e-01 8.232383430004119873e-02 2.446527034044265747e-02 2.767666988074779510e-02 2.965538576245307922e-02 5.894096195697784424e-02 8.843553368933498859e-04 1.260688994079828262e-02 4.254272952675819397e-02 5.636500194668769836e-03 7.697537541389465332e-02 1.607689820230007172e-02 4.730171337723731995e-02 6.493354681879281998e-03 2.907400205731391907e-02 1.322958897799253464e-02 2.605581656098365784e-02 2.605573274195194244e-02 3.794434294104576111e-02 3.966647759079933167e-02 1.086899312213063240e-03 7.162539660930633545e-02 5.694013088941574097e-02 1.128383073955774307e-02 7.440710067749023438e-02 4.472425952553749084e-02 1.182406581938266754e-02 1.833320409059524536e-02 4.006270691752433777e-02 6.552640814334154129e-03 2.241424471139907837e-02 1.513552386313676834e-02 1.906307041645050049e-02 2.411636710166931152e-02 2.400255016982555389e-02 2.043016813695430756e-02 4.802319686859846115e-03 1.264653950929641724e-01 4.252406954765319824e-02 1.985090970993041992e-02 4.407106025610119104e-04 2.273686416447162628e-02 6.482829153537750244e-02 9.096466749906539917e-02 4.051956161856651306e-02 1.139774098992347717e-01 4.630342591553926468e-03 2.347427979111671448e-02 1.923283096402883530e-03 1.693907007575035095e-02 2.916309796273708344e-02 4.336661193519830704e-03 2.367474511265754700e-02 5.382980778813362122e-02 1.161096617579460144e-02 1.803537905216217041e-01 1.380838546901941299e-02 1.028561666607856750e-01 7.008432596921920776e-02 1.522094197571277618e-02 6.665494292974472046e-02 7.976315170526504517e-02 3.052262775599956512e-02 1.807340234518051147e-02 3.326656669378280640e-02 4.374349117279052734e-02 5.265492573380470276e-02 8.037529885768890381e-02 1.074938401579856873e-01 5.576045252382755280e-03 1.766450889408588409e-02 2.207621373236179352e-02 7.556477189064025879e-02 1.631667464971542358e-02 6.994331255555152893e-03 7.816765457391738892e-03 3.102897899225354195e-03 3.608668595552444458e-02 4.402687773108482361e-02 3.712130710482597351e-02 1.691158278845250607e-03 1.442413544282317162e-03 5.834557116031646729e-02 2.373627386987209320e-02 3.207491338253021240e-02 1.883840374648571014e-02 5.698576942086219788e-02 1.845119893550872803e-02 2.995678037405014038e-02 2.829362824559211731e-02 7.756890356540679932e-02 3.332117199897766113e-02 3.899531066417694092e-02 1.428771670907735825e-02 1.287758443504571915e-02 4.155782237648963928e-02 1.914286613464355469e-02 2.314837835729122162e-02 3.295950591564178467e-02
3.765933588147163391e-02 2.638447657227516174e-02 1.154296845197677612e-01 1.318232864141464233e-01 3.515603765845298767e-02 4.606689140200614929e-02 3.961000591516494751e-02 6.216478347778320312e-02 9.373972192406654358e-03 5.683709867298603058e-03 1.162125729024410248e-02 8.837240934371948242e-02 3.082111850380897522e-02 1.211422383785247803e-01 2.051990479230880737e-02 5.355059355497360229e-02 4.143323749303817749e-02 6.910878419876098633e-02 1.297610811889171600e-02 5.690988898277282715e-02 3.395811095833778381e-02 2.261292561888694763e-02 2.461762726306915283e-02 2.146549522876739502e-02 3.033034736290574074e-03 4.518496990203857422e-02 1.450211275368928909e-02 1.106693875044584274e-02 1.534912176430225372e-02 7.882942445576190948e-04 1.184903085231781006e-02 6.452824920415878296e-02 5.719410628080368042e-02 4.558867216110229492e-02 1.276340633630752563e-01 1.430730074644088745e-01 4.556459933519363403e-02 3.351040184497833252e-02 3.045465610921382904e-02 1.754347980022430420e-01 1.661085151135921478e-02 1.311575714498758316e-02 7.088056951761245728e-02 1.984765939414501190e-02 2.063681744039058685e-02 5.202566459774971008e-02 1.456844620406627655e-02 1.909095980226993561e-02 7.833740673959255219e-03 2.721379138529300690e-02 1.128821074962615967e-02 2.862690947949886322e-02 7.795394212007522583e-02 4.275784641504287720e-02 3.867802396416664124e-02 5.163262039422988892e-02 2.993555366992950439e-02 6.002665683627128601e-02 7.095721364021301270e-02 6.271129846572875977e-02 5.333445966243743896e-02 6.951621919870376587e-02 1.260681659914553165e-03 7.813055068254470825e-02 7.216353714466094971e-02 2.353474311530590057e-02 1.653041504323482513e-02 3.943704068660736084e-02 3.182566165924072266e-02 4.965335875749588013e-02 2.155656367540359497e-02 4.150813445448875427e-02 2.376607060432434082e-02 2.479562722146511078e-02 1.786453574895858765e-01 3.548735007643699646e-02 3.107943199574947357e-02 2.795774955302476883e-03 2.218142338097095490e-02 1.538141258060932159e-02 1.800274476408958435e-02 7.287157326936721802e-02 7.919400930404663086e-03 5.708717554807662964e-02 4.738922044634819031e-02 7.136017829179763794e-02 9.316722862422466278e-03 9.533695993013679981e-04 1.921290531754493713e-02 5.013329535722732544e-02 2.071433141827583313e-02 6.071488931775093079e-02 1.416446454823017120e-02 3.669756278395652771e-02 7.066461443901062012e-02 8.331183344125747681e-02 1.776871457695960999e-02 6.301736086606979370e-02 1.359753962606191635e-02 1.801068149507045746e-02 2.996340207755565643e-02 2.742622792720794678e-02 1.240610051900148392e-02 8.013565093278884888e-03 1.727524027228355408e-02 1.111504361033439636e-01 2.076877467334270477e-02 5.603722855448722839e-02 3.403055295348167419e-02 5.367880687117576599e-03 6.584596703760325909e-04 6.403974723070859909e-03 1.303204335272312164e-02 2.755588293075561523e-02 8.772846311330795288e-02 4.747964814305305481e-02
1.679251492023468018e-01 1.440485864877700806e-01 2.804464101791381836e-02 2.075481601059436798e-02 4.606689140200614929e-02 3.466897830367088318e-02 1.072460114955902100e-01 2.660237997770309448e-02 1.768192648887634277e-02 2.179804816842079163e-02 1.290948241949081421e-01 2.938099391758441925e-02 8.276055753231048584e-02 2.846361021511256695e-04 1.909005455672740936e-02 6.388627225533127785e-04 3.648739075288176537e-03 1.269980333745479584e-03 1.016963571310043335e-01 5.258242413401603699e-02 2.380818128585815430e-02 5.937344208359718323e-02 4.455099254846572876e-02 3.635269775986671448e-02 3.474316792562603951e-03 4.787244275212287903e-02 2.212375588715076447e-02 1.845298707485198975e-02 7.175225019454956055e-02 1.336743403226137161e-02 5.074187740683555603e-02 3.196015581488609314e-02 2.854439988732337952e-02 9.163164533674716949e-03 7.618057425133883953e-04 1.564761041663587093e-04 5.132967606186866760e-03 4.733594879508018494e-02 2.926921658217906952e-02 4.756007343530654907e-02 2.529810927808284760e-02 2.880584634840488434e-02 4.159013554453849792e-02 2.669594623148441315e-02 2.009570226073265076e-02 5.031826719641685486e-02 1.463817209005355835e-01 4.478143155574798584e-02 3.294617682695388794e-02 3.204782307147979736e-02 2.702768146991729736e-02 6.989687215536832809e-03 4.953088611364364624e-02 1.420036423951387405e-02 2.025688067078590393e-02 5.319884419441223145e-02 2.605891413986682892e-02 3.476436063647270203e-02 1.115007884800434113e-02 3.654934465885162354e-02 1.936384662985801697e-02 3.805442526936531067e-02 4.343707114458084106e-03 1.120688859373331070e-02 7.379639428108930588e-03 1.243796478956937790e-02 3.077957592904567719e-02 2.011953853070735931e-02 1.117803994566202164e-02 1.091441046446561813e-02 1.414920948445796967e-02 5.756601318717002869e-02 3.689796105027198792e-02 2.286486327648162842e-02 2.642211876809597015e-02 1.296929083764553070e-03 4.613842815160751343e-03 5.983511731028556824e-02 1.180779095739126205e-02 3.444768115878105164e-02 5.611269152723252773e-04 7.020901888608932495e-02 3.696804866194725037e-02 7.358128577470779419e-02 7.358732074499130249e-02 1.901716180145740509e-02 1.399027928709983826e-02 3.133092820644378662e-02 3.679643198847770691e-02 7.341293245553970337e-02 3.149896860122680664e-02 2.205948531627655029e-02 5.936675518751144409e-02 2.099727513268589973e-03 4.293484613299369812e-02 9.034102782607078552e-03 1.447413396090269089e-02 2.093594521284103394e-02 5.161203444004058838e-02 4.993635788559913635e-02 5.489552859216928482e-03 1.067428067326545715e-01 2.132723852992057800e-02 1.298989914357662201e-02 1.848257333040237427e-02 1.201385259628295898e-02 4.770796746015548706e-02 5.978849157691001892e-02 2.491556853055953979e-02 4.617403075098991394e-02 3.083628602325916290e-03 1.028804853558540344e-02 5.129968281835317612e-03 2.258272282779216766e-02 7.080687582492828369e-02 1.773004233837127686e-02
5.861111357808113098e-02 1.425222903490066528e-01 7.272817660123109818e-03 2.814356610178947449e-02 3.961000591516494751e-02 1.072460114955902100e-01 3.961247950792312622e-02 3.972421586513519287e-02 3.109087236225605011e-02 2.553701959550380707e-02 1.342220306396484375e-01 2.246078662574291229e-02 6.190200522541999817e-02 2.854611910879611969e-02 2.237142994999885559e-02 3.053261712193489075e-02 1.590752415359020233e-02 4.862355440855026245e-02 9.365105628967285156e-02 1.008623838424682617e-02 1.285900920629501343e-02 6.947817653417587280e-02 3.403524309396743774e-02 1.784778945147991180e-02 3.348406031727790833e-02 8.211750537157058716e-03 6.860428489744663239e-03 2.209820551797747612e-03 1.024908423423767090e-01 1.108673051930963993e-03 9.242574684321880341e-03 4.036621004343032837e-02 4.954649135470390320e-02 1.375666167587041855e-02 3.235130012035369873e-02 2.214827574789524078e-02 4.810239002108573914e-02 8.718190342187881470e-02 1.669755764305591583e-02 5.293574929237365723e-02 7.339190691709518433e-02 3.264087066054344177e-02 7.442412432283163071e-03 8.553472906351089478e-02 4.260661453008651733e-02 3.953469544649124146e-02 2.113845013082027435e-02 2.142679840326309204e-01 2.329091727733612061e-02 3.668441250920295715e-02 6.767331063747406006e-02 2.791145443916320801e-02 3.484085947275161743e-02 4.887589439749717712e-02 2.369150519371032715e-02 5.733875557780265808e-02 2.171258893213234842e-05 7.508728653192520142e-03 5.951723083853721619e-02 9.250529855489730835e-02 3.402925655245780945e-02 3.976962994784116745e-03 9.347815997898578644e-03 2.507328428328037262e-02 7.613660395145416260e-02 2.280717343091964722e-02 4.706623405218124390e-02 4.494799673557281494e-02 4.692706465721130371e-02 1.714622974395751953e-02 1.566499657928943634e-02 6.629817187786102295e-02 3.745800256729125977e-02 2.295360201969742775e-03 1.045979559421539307e-02 6.506264954805374146e-02 2.800724934786558151e-03 1.052738446742296219e-02 3.460212796926498413e-02 5.119574069976806641e-02 9.202789515256881714e-04 4.053184390068054199e-02 7.856478914618492126e-03 7.028727978467941284e-02 4.008278250694274902e-02 1.290961634367704391e-02 3.907809406518936157e-02 2.072747424244880676e-02 5.260955542325973511e-02 8.487242273986339569e-03 8.623518794775009155e-02 5.048133805394172668e-02 1.606241613626480103e-01 3.747255727648735046e-02 2.674692682921886444e-02 2.921604027505964041e-04 2.686206065118312836e-02 5.079928785562515259e-02 7.168396562337875366e-02 4.356554150581359863e-02 3.655178844928741455e-02 1.906140008941292763e-03 4.317289590835571289e-02 3.596545383334159851e-02 2.749425172805786133e-02 4.200008511543273926e-02 2.373996004462242126e-02 1.418041437864303589e-02 2.731579728424549103e-02 2.651034854352474213e-02 4.069057479500770569e-02 7.223764806985855103e-02 1.099692508578300476e-01 1.824261434376239777e-02 1.207502558827400208e-01 1.541839074343442917e-02
4.464064259082078934e-03 1.584807038307189941e-02 1.381070315837860107e-01 1.618023961782455444e-02 6.216478347778320312e-02 2.660237997770309448e-02 3.972421586513519287e-02 1.781880971975624561e-03 3.394984826445579529e-02 2.491589821875095367e-02 3.338827192783355713e-02 5.309167131781578064e-02 3.654799982905387878e-02 2.820921316742897034e-02 4.445165395736694336e-02 1.143481675535440445e-02 3.065218590199947357e-02 1.691280631348490715e-03 3.224520012736320496e-02 3.103801235556602478e-02 1.734604500234127045e-02 9.948866441845893860e-03 1.776283606886863708e-02 8.066662400960922241e-02 3.177066892385482788e-02 1.550193224102258682e-02 4.259093105792999268e-02 7.313102483749389648e-02 4.486933350563049316e-02 6.574441492557525635e-02 1.578365080058574677e-02 4.988526925444602966e-02 1.448589656502008438e-02 2.737342566251754761e-02 8.741039782762527466e-02 7.156521896831691265e-04 4.371883347630500793e-02 3.204482421278953552e-02 1.446635555475950241e-02 4.209870100021362305e-02 1.953559927642345428e-03 3.430186957120895386e-02 2.236999571323394775e-02 7.900872081518173218e-02 2.973056398332118988e-02 3.482428146526217461e-03 1.732260733842849731e-02 7.078470289707183838e-02 1.219817320816218853e-03 4.629824683070182800e-02 4.661365225911140442e-02 1.203742343932390213e-02 8.015505969524383545e-02 3.764387965202331543e-02 3.560595912858843803e-03 1.945200003683567047e-02 1.302659139037132263e-02 4.774322360754013062e-02 4.070641100406646729e-02 1.521965209394693375e-02 5.987508594989776611e-02 1.676145754754543304e-02 2.043375745415687561e-02 3.752892836928367615e-02 1.698214001953601837e-02 2.186882495880126953e-02 7.130863517522811890e-02 1.945200748741626740e-02 1.831939257681369781e-02 9.979853639379143715e-04 2.535628527402877808e-02 3.695989772677421570e-02 1.744770817458629608e-02 5.086570978164672852e-03 4.272878542542457581e-02 3.513714298605918884e-02 3.468014672398567200e-02 7.436136156320571899e-02 5.603187903761863708e-02 2.579785883426666260e-02 1.720946580171585083e-01 2.008612304925918579e-01 5.894317477941513062e-02 3.869136422872543335e-02 3.110954537987709045e-02 9.370430372655391693e-03 7.654636353254318237e-02 6.526222825050354004e-02 6.746600568294525146e-02 3.691298887133598328e-02 3.600559383630752563e-02 3.212105482816696167e-02 4.469416104257106781e-03 3.935502842068672180e-02 6.997578311711549759e-03 9.104061871767044067e-03 9.043550118803977966e-03 7.017488591372966766e-03 1.712953671813011169e-02 2.085040882229804993e-02 4.038100689649581909e-02 1.592958113178610802e-03 6.359192728996276855e-02 9.478943422436714172e-03 5.224492028355598450e-02 2.903705649077892303e-02 1.103205326944589615e-02 5.355211347341537476e-02 6.751817464828491211e-02 1.345315389335155487e-02 4.622739180922508240e-02 3.692420944571495056e-02 4.749572649598121643e-02 3.084636293351650238e-02 3.387824445962905884e-02 1.851203665137290955e-02
1.842272840440273285e-02 8.371900767087936401e-03 9.994065016508102417e-02 3.804080188274383545e-02 9.373972192406654358e-03 1.768192648887634277e-02 3.109087236225605011e-02 3.394984826445579529e-02 9.030485525727272034e-03 1.091440171003341675e-01 1.703590154647827148e-02 7.544603198766708374e-02 1.770384423434734344e-02 2.487852238118648529e-02 5.830978229641914368e-02 6.436744332313537598e-02 2.782710082828998566e-02 9.718569368124008179e-02 1.294385269284248352e-02 2.505192160606384277e-02 2.228536643087863922e-02 2.628642506897449493e-02 4.218967165797948837e-03 7.708337903022766113e-02 7.108485698699951172e-02 9.752615354955196381e-03 2.453852631151676178e-02 3.649304807186126709e-02 1.968596316874027252e-02 3.811724111437797546e-02 1.620848476886749268e-02 3.109384328126907349e-03 1.824923790991306305e-02 1.037692930549383163e-02 6.381773203611373901e-02 1.758641563355922699e-02 1.834940724074840546e-02 7.537998259067535400e-03 3.054325655102729797e-02 1.975629478693008423e-02 4.126624017953872681e-02 6.074101850390434265e-02 3.280674293637275696e-02 4.387211054563522339e-02 3.174071758985519409e-02 3.429946675896644592e-02 4.266779124736785889e-02 3.401918336749076843e-02 2.873768098652362823e-02 5.972065404057502747e-02 1.867046020925045013e-02 9.113852865993976593e-03 1.414777804166078568e-02 6.462933868169784546e-02 7.973668724298477173e-02 5.763031169772148132e-02 4.319244623184204102e-02 3.074344433844089508e-02 2.253611385822296143e-02 5.794692784547805786e-02 7.735739462077617645e-03 4.762395471334457397e-02 9.843014413490891457e-04 6.555602699518203735e-02 6.389782577753067017e-02 5.951887927949428558e-03 3.516534343361854553e-02 9.090370498597621918e-03 6.988605856895446777e-02 4.368210211396217346e-02 4.853425547480583191e-02 7.406746596097946167e-02 5.615819245576858521e-03 4.252452403306961060e-02 7.964669167995452881e-02 1.117533221840858459e-01 1.077703461050987244e-01 2.856076322495937347e-02 8.398952335119247437e-02 8.613353222608566284e-02 5.746816471219062805e-02 5.017872899770736694e-02 7.596644759178161621e-02 3.503154963254928589e-02 5.094389989972114563e-02 6.338453968055546284e-04 3.140664100646972656e-02 3.973145410418510437e-02 6.852254271507263184e-02 6.085883080959320068e-02 1.308669056743383408e-02 4.233136400580406189e-02 1.885388046503067017e-02 3.336516395211219788e-02 1.319348905235528946e-02 3.037408532691188157e-05 4.657104238867759705e-02 8.363432437181472778e-02 1.387746818363666534e-02 2.521888352930545807e-02 3.607840836048126221e-02 4.157466068863868713e-02 1.125978771597146988e-02 1.892397529445588589e-03 4.130693525075912476e-02 6.801285594701766968e-02 4.122414439916610718e-02 7.985648699104785919e-03 9.337864816188812256e-02 3.934621065855026245e-02 1.564765162765979767e-02 2.387556806206703186e-02 5.349625647068023682e-02 9.229031391441822052e-03 2.550677210092544556e-02 4.335770756006240845e-02
5.683883279561996460e-02 1.132843270897865295e-02 2.059319242835044861e-02 6.294103711843490601e-02 5.683709867298603058e-03 2.179804816842079163e-02 2.553701959550380707e-02 2.491589821875095367e-02 1.091440171003341675e-01 1.626115106046199799e-02 4.295223578810691833e-02 3.500917926430702209e-02 1.166567672044038773e-02 2.789169549942016602e-03 1.347326952964067459e-02 3.982421755790710449e-02 8.395426720380783081e-02 1.234868168830871582e-02 1.292453855276107788e-01 4.512234404683113098e-02 2.868295647203922272e-02 4.181898385286331177e-02 1.868777675554156303e-03 3.982619196176528931e-02 7.100973278284072876e-02 6.958508491516113281e-02 4.643161967396736145e-02 2.875145338475704193e-02 6.304113566875457764e-02 3.934189304709434509e-02 1.881689578294754028e-02 1.024793088436126709e-02 2.591975219547748566e-02 4.372598230838775635e-02 3.384673222899436951e-02 3.026344440877437592e-02 4.074258357286453247e-02 2.402053959667682648e-02 7.312860805541276932e-03 5.791068077087402344e-02 4.767997190356254578e-03 2.947270311415195465e-02 4.585542902350425720e-02 3.481359407305717468e-02 6.088071316480636597e-02 4.640954546630382538e-03 5.141619965434074402e-02 2.897877618670463562e-02 3.889974579215049744e-02 1.584963649511337280e-01 3.075787052512168884e-02 4.399485141038894653e-02 4.751421976834535599e-03 6.907733529806137085e-02 2.614837326109409332e-02 1.337722986936569214e-01 1.059602946043014526e-03 9.744511544704437256e-02 7.745092362165451050e-02 3.150550276041030884e-02 2.350025996565818787e-02 1.708653941750526428e-02 1.049255207180976868e-02 5.791463330388069153e-02 2.701895497739315033e-02 1.380658149719238281e-02 4.311776161193847656e-02 6.409074366092681885e-02 2.679143287241458893e-02 1.321578621864318848e-01 3.005080856382846832e-02 1.619864627718925476e-02 7.000574842095375061e-03 1.080485060811042786e-01 4.064869880676269531e-02 4.405376315116882324e-02 3.262511640787124634e-02 1.930010318756103516e-01 7.720791548490524292e-02 1.424137651920318604e-01 1.807537302374839783e-02 1.519141905009746552e-02 3.815072029829025269e-02 1.170847639441490173e-01 6.904562562704086304e-02 3.842633217573165894e-02 6.259252876043319702e-02 3.083367645740509033e-02 3.402150794863700867e-02 1.279870718717575073e-01 1.061603240668773651e-02 2.352780476212501526e-02 6.252034008502960205e-02 3.359206765890121460e-02 2.872887998819351196e-02 4.197512939572334290e-02 6.787230074405670166e-02 4.749186802655458450e-03 3.057471290230751038e-02 4.241752251982688904e-02 2.973495423793792725e-02 1.097322534769773483e-02 4.975812043994665146e-03 6.236684042960405350e-03 5.251674726605415344e-02 9.525632485747337341e-03 3.718546032905578613e-02 3.453636914491653442e-02 2.215450443327426910e-02 4.856678191572427750e-03 6.535239517688751221e-02 1.681154035031795502e-02 1.628479734063148499e-02 6.286336481571197510e-02 5.698399618268013000e-02 6.524056196212768555e-02
1.621417105197906494e-01 8.933023363351821899e-02 5.357731878757476807e-02 2.199207246303558350e-02 1.162125729024410248e-02 1.290948241949081421e-01 1.342220306396484375e-01 3.338827192783355713e-02 1.703590154647827148e-02 4.295223578810691833e-02 5.488215386867523193e-02 5.123862996697425842e-02 3.788175061345100403e-02 4.697152972221374512e-02 4.566428437829017639e-02 4.411535710096359253e-02 1.458483282476663589e-02 2.056732587516307831e-02 1.188440248370170593e-02 7.956739515066146851e-03 2.769017964601516724e-02 5.867238715291023254e-02 3.113759309053421021e-02 1.236224919557571411e-02 2.388200722634792328e-02 1.360409427434206009e-03 1.699425652623176575e-02 3.403238207101821899e-02 1.283447146415710449e-01 1.005455702543258667e-01 1.079220771789550781e-01 2.395779080688953400e-02 2.629608288407325745e-02 2.789613604545593262e-02 2.853086218237876892e-02 2.950512245297431946e-02 2.963792998343706131e-03 4.565530270338058472e-02 2.396650053560733795e-02 8.078212291002273560e-02 2.839375101029872894e-02 8.190480619668960571e-02 7.684848457574844360e-02 6.166375428438186646e-02 1.459063310176134109e-02 4.540932830423116684e-03 9.059467166662216187e-02 1.196187809109687805e-01 3.862140700221061707e-02 2.662930078804492950e-02 2.255588583648204803e-02 3.059400990605354309e-02 5.024693906307220459e-02 2.869514934718608856e-02 2.051338925957679749e-02 8.361061336472630501e-04 4.699912294745445251e-02 1.985847577452659607e-02 5.435996130108833313e-02 1.604066975414752960e-02 5.590435583144426346e-03 3.591689094901084900e-02 2.215978875756263733e-02 1.676648855209350586e-02 9.441844373941421509e-02 2.255484461784362793e-02 2.701471373438835144e-02 2.119749598205089569e-02 5.175958946347236633e-02 4.202965064905583858e-04 1.578343915753066540e-03 3.539945557713508606e-02 5.574557185173034668e-02 7.964514940977096558e-02 2.232711762189865112e-02 5.233701318502426147e-03 5.194671452045440674e-03 2.502457238733768463e-02 1.010449696332216263e-02 7.908877730369567871e-02 4.205070063471794128e-02 4.172014817595481873e-02 2.051182836294174194e-02 2.132228948175907135e-02 3.231154754757881165e-02 1.581875421106815338e-02 4.285070672631263733e-02 6.564146373420953751e-03 6.059841811656951904e-02 3.071578219532966614e-02 4.601893573999404907e-02 3.305631875991821289e-02 1.489675696939229965e-02 1.058620214462280273e-02 4.385264217853546143e-02 1.736652455292642117e-03 3.183635324239730835e-02 6.687252782285213470e-03 4.967227578163146973e-02 4.113514907658100128e-03 1.576295681297779083e-02 2.113747037947177887e-02 4.744096100330352783e-02 6.759125739336013794e-02 2.199836773797869682e-03 3.649732843041419983e-02 3.264975920319557190e-02 6.038866937160491943e-02 2.118281787261366844e-03 6.583059579133987427e-02 4.983833432197570801e-02 1.505690626800060272e-02 4.424911923706531525e-03 4.618468508124351501e-02 5.798978358507156372e-02 6.139339879155158997e-03
7.259644567966461182e-02 5.952640995383262634e-02 4.550890624523162842e-02 8.036963641643524170e-03 8.837240934371948242e-02 2.938099391758441925e-02 2.246078662574291229e-02 5.309167131781578064e-02 7.544603198766708374e-02 3.500917926430702209e-02 5.123862996697425842e-02 4.330534115433692932e-02 4.176691174507141113e-03 2.212291657924652100e-01 2.823544107377529144e-02 2.532914979383349419e-03 1.682520657777786255e-02 1.250907685607671738e-02 4.388225823640823364e-02 1.924267224967479706e-02 1.200442668050527573e-02 4.842874780297279358e-02 1.278434842824935913e-01 9.295193105936050415e-02 5.504738539457321167e-02 7.162076979875564575e-02 3.129525110125541687e-02 1.329491883516311646e-01 7.160010188817977905e-02 1.674379855394363403e-01 1.430676318705081940e-02 4.062253609299659729e-02 6.383197009563446045e-02 4.501751437783241272e-02 2.309812791645526886e-02 1.150772254914045334e-02 4.635558277368545532e-02 3.880948992446064949e-03 2.952692843973636627e-02 6.786169111728668213e-02 3.697767388075590134e-03 3.762894496321678162e-02 9.201984852552413940e-02 4.887435957789421082e-02 1.240371465682983398e-01 4.709803313016891479e-02 5.491832271218299866e-02 4.561372101306915283e-02 3.677433729171752930e-02 3.882471099495887756e-02 5.786073207855224609e-02 5.757203698158264160e-02 4.474353790283203125e-02 6.835570186376571655e-02 5.663375183939933777e-02 3.561314195394515991e-02 5.799102038145065308e-02 5.483228713274002075e-02 9.554125368595123291e-03 3.299747779965400696e-02 7.616301067173480988e-03 2.404380217194557190e-02 2.810925990343093872e-02 2.895673550665378571e-02 5.629756487905979156e-03 3.412347659468650818e-02 3.370138630270957947e-02 4.275790974497795105e-02 6.923339678905904293e-04 2.493667230010032654e-02 8.759041130542755127e-02 8.898716419935226440e-03 6.967172771692276001e-02 1.565846987068653107e-02 1.764157321304082870e-03 3.273351117968559265e-02 4.293918609619140625e-02 7.412288337945938110e-02 6.916146725416183472e-02 2.646300382912158966e-02 8.510711602866649628e-03 7.821050286293029785e-02 5.780856683850288391e-02 6.830658763647079468e-02 9.412035346031188965e-02 3.531454503536224365e-02 5.374453589320182800e-02 5.259970575571060181e-02 4.699628427624702454e-02 3.976184502243995667e-02 1.701158285140991211e-02 2.944977721199393272e-03 2.246748656034469604e-02 1.993083022534847260e-02 1.254163449630141258e-03 3.120801970362663269e-02 1.170867774635553360e-02 1.515811868011951447e-02 4.396791756153106689e-02 2.683958224952220917e-02 2.981239371001720428e-02 2.595474477857351303e-03 5.053965002298355103e-02 8.149757236242294312e-02 4.244530946016311646e-02 5.872726812958717346e-02 1.964784786105155945e-02 3.660930087789893150e-03 3.119217976927757263e-02 6.088924780488014221e-02 3.739466518163681030e-02 9.868364781141281128e-02 2.451251819729804993e-02 6.563644111156463623e-02 2.462063916027545929e-02 1.112002786248922348e-02
7.248331606388092041e-02 1.097806021571159363e-01 4.478088580071926117e-03 4.464443400502204895e-02 3.082111850380897522e-02 8.276055753231048584e-02 6.190200522541999817e-02 3.654799982905387878e-02 1.770384423434734344e-02 1.166567672044038773e-02 3.788175061345100403e-02 4.176691174507141113e-03 5.289176478981971741e-02 4.389747977256774902e-02 5.908707156777381897e-02 3.998542577028274536e-02 3.334321826696395874e-02 1.044165622442960739e-02 8.614817261695861816e-02 1.198228055727668107e-04 1.769774220883846283e-02 4.564523324370384216e-02 4.229338467121124268e-02 7.043601013720035553e-03 1.189055852591991425e-02 4.080711677670478821e-02 2.145565114915370941e-03 7.673618197441101074e-02 6.098770722746849060e-02 4.906533285975456238e-02 2.351573109626770020e-01 1.714471168816089630e-02 1.433702744543552399e-02 2.012363076210021973e-02 4.047184064984321594e-02 3.970491141080856323e-02 3.022259566932916641e-03 8.111371845006942749e-02 2.810415253043174744e-02 6.040805205702781677e-02 4.524248838424682617e-02 2.020351402461528778e-02 4.388454556465148926e-02 3.723296150565147400e-02 5.846470128744840622e-03 5.028713867068290710e-02 1.305709928274154663e-01 1.424507517367601395e-02 3.551683574914932251e-02 1.475460082292556763e-02 4.606127366423606873e-02 3.515781834721565247e-02 8.215965353883802891e-04 5.572886392474174500e-02 1.278975792229175568e-02 2.555232867598533630e-02 5.387496948242187500e-02 3.980508539825677872e-03 1.691320911049842834e-02 7.393905520439147949e-02 1.372002251446247101e-02 2.963307313621044159e-02 2.925818599760532379e-02 7.714634295552968979e-03 6.187082082033157349e-02 1.671793758869171143e-01 2.597101964056491852e-02 1.269113179296255112e-02 1.481878478080034256e-02 2.355558238923549652e-02 2.312463708221912384e-02 3.079344751313328743e-03 2.718509174883365631e-02 2.360223606228828430e-02 3.521024063229560852e-02 5.909478664398193359e-02 5.603372305631637573e-02 3.214590623974800110e-02 6.507926434278488159e-02 5.499121174216270447e-02 2.657919004559516907e-02 8.295416831970214844e-03 4.918719455599784851e-02 3.384041786193847656e-02 1.448845118284225464e-02 3.049143031239509583e-02 4.927014466375112534e-03 3.850167989730834961e-02 2.347925864160060883e-02 8.612604439258575439e-02 6.654288619756698608e-02 3.993436694145202637e-03 3.828181326389312744e-02 3.769984841346740723e-02 5.684369429945945740e-02 4.783102124929428101e-02 1.111078727990388870e-02 6.709361821413040161e-02 3.950374957639724016e-04 9.565954096615314484e-03 1.721701025962829590e-02 7.734692841768264771e-02 4.687636718153953552e-02 3.797145187854766846e-02 6.719058752059936523e-02 2.398335374891757965e-02 2.059606648981571198e-02 6.674993038177490234e-02 1.518327090889215469e-02 5.716783553361892700e-02 2.366971969604492188e-02 3.263856843113899231e-02 1.716881059110164642e-02 6.862819194793701172e-02 3.737584128975868225e-02 7.481208443641662598e-02
