2.927853353321552277e-02 1.034436970949172974e-01 2.050511352717876434e-02 2.570140548050403595e-02 1.243216544389724731e-02 9.558881074190139771e-02 6.402315199375152588e-02 2.449596673250198364e-02 5.107942596077919006e-02 3.714616224169731140e-02 1.312621980905532837e-01 1.573707908391952515e-02 7.944669574499130249e-02 1.675958558917045593e-02 1.913419365882873535e-02 4.880261048674583435e-02 4.596940055489540100e-02 3.182103112339973450e-02 4.204460605978965759e-02 1.867443323135375977e-02 1.457992941141128540e-02 2.807796467095613480e-03 1.115113869309425354e-02 3.102077543735504150e-02 6.605716794729232788e-02 2.201522700488567352e-03 1.743018254637718201e-02 2.142606116831302643e-02 5.897471681237220764e-02 2.279451675713062286e-02 2.179316058754920959e-02 4.510803264565765858e-04 1.214896980673074722e-02 4.474783316254615784e-03 3.173861280083656311e-02 6.377564370632171631e-02 5.624987930059432983e-02 3.157110139727592468e-02 3.385206684470176697e-02 4.659288004040718079e-02 8.775256574153900146e-03 1.381605770438909531e-02 6.136074662208557129e-02 3.647790104150772095e-02 2.483738586306571960e-02 4.555715993046760559e-02 8.297207206487655640e-02 2.334412746131420135e-02 3.368001803755760193e-02 5.429055541753768921e-02 8.879313245415687561e-03 6.437471508979797363e-02 3.034812770783901215e-02 1.770486310124397278e-02 1.941296271979808807e-02 9.723334223963320255e-04 8.964989334344863892e-03 1.715630851686000824e-02 1.757615618407726288e-02 5.665543675422668457e-02 6.656296318396925926e-04 1.069168746471405029e-02 3.679098188877105713e-02 3.579451143741607666e-02 3.249302133917808533e-02 6.290199235081672668e-03 2.274787984788417816e-02 3.030955046415328979e-02 7.329493761062622070e-02 2.312550134956836700e-02 8.489819616079330444e-02 1.277569495141506195e-02 2.552441693842411041e-02 2.719228528439998627e-02 3.623155131936073303e-02 1.790046691894531250e-02 5.604291334748268127e-03 3.476021438837051392e-02 1.607070863246917725e-02 1.178985182195901871e-02 1.411446928977966309e-02 4.304325580596923828e-02 2.352950163185596466e-02 4.923986271023750305e-02 4.913109168410301208e-02 6.130205467343330383e-02 2.014225581660866737e-03 1.913057453930377960e-02 5.284522101283073425e-02 3.948311787098646164e-03 4.931918531656265259e-02 4.853140190243721008e-02 1.883579418063163757e-02 4.132264479994773865e-02 4.686668142676353455e-02 2.463142015039920807e-02 1.444302499294281006e-02 2.402062714099884033e-02 8.085503242909908295e-03 3.705998137593269348e-02 1.155364792793989182e-03 1.803194172680377960e-02 4.062952101230621338e-02 8.905944228172302246e-02 3.637390583753585815e-02 3.621407225728034973e-02 6.448931992053985596e-02 2.194071887060999870e-03 2.956101670861244202e-02 2.937099337577819824e-02 4.934913478791713715e-03 6.321623455733060837e-03 1.657488010823726654e-02 0.000000000000000000e+00 0.000000000000000000e+00 0.000000000000000000e+00
1.034436970949172974e-01 3.509146720170974731e-02 1.678244769573211670e-02 1.985790021717548370e-02 6.368924397975206375e-03 8.933368325233459473e-02 1.048802956938743591e-01 1.519746519625186920e-02 2.821310982108116150e-02 5.256224423646926880e-02 4.300624504685401917e-02 9.100756607949733734e-03 1.101586446166038513e-01 1.042447984218597412e-02 7.076488807797431946e-03 3.601802513003349304e-03 3.644850477576255798e-02 1.724652945995330811e-02 3.278461098670959473e-02 1.354909967631101608e-02 1.280201785266399384e-02 2.143181860446929932e-03 1.499006152153015137e-02 3.066258132457733154e-02 3.275132551789283752e-02 6.670133676379919052e-03 2.932517416775226593e-02 2.699726074934005737e-02 1.990579441189765930e-02 7.527635991573333740e-02 2.144347643479704857e-03 2.393284253776073456e-02 1.992045715451240540e-02 3.483299864456057549e-03 7.916510850191116333e-02 6.445140391588211060e-02 1.204839907586574554e-03 6.666779052466154099e-03 4.415441304445266724e-02 3.084650635719299316e-02 1.800425536930561066e-02 4.137719795107841492e-02 1.026401966810226440e-01 5.940488725900650024e-02 1.227492466568946838e-02 1.604902371764183044e-02 8.539009839296340942e-02 7.901714742183685303e-02 1.386276353150606155e-02 2.852102369070053101e-02 2.058333344757556915e-02 3.015905618667602539e-02 6.957361847162246704e-02 5.498556792736053467e-02 2.794717997312545776e-02 3.131719306111335754e-02 6.151079013943672180e-02 2.324623987078666687e-03 3.681094851344823837e-03 7.644359022378921509e-02 2.783221937716007233e-02 4.907825589179992676e-02 4.537671431899070740e-02 4.182540997862815857e-02 3.287306753918528557e-03 5.314135923981666565e-03 2.988139539957046509e-02 2.970381826162338257e-02 6.566053628921508789e-02 1.145105459727346897e-03 7.336885482072830200e-02 2.260218746960163116e-02 1.207628566771745682e-02 1.453728973865509033e-02 9.230331517755985260e-03 2.772458828985691071e-02 1.144444663077592850e-02 3.066319040954113007e-02 1.572219468653202057e-02 1.400645636022090912e-02 2.654180303215980530e-02 3.924526646733283997e-02 1.368099730461835861e-02 1.937031280249357224e-03 3.882675617933273315e-02 3.585184691473841667e-03 9.818071499466896057e-03 2.709386870265007019e-02 2.899530110880732536e-03 6.628849077969789505e-03 1.078405883163213730e-02 2.684030681848526001e-02 4.719981178641319275e-02 4.652938246726989746e-02 4.742498323321342468e-02 4.854663833975791931e-02 6.248859688639640808e-02 1.867094077169895172e-02 4.506622254848480225e-02 2.879864163696765900e-02 1.420706510543823242e-03 1.208237744867801666e-02 4.696350544691085815e-02 8.497513830661773682e-03 3.104783035814762115e-02 3.479074314236640930e-02 6.273423880338668823e-02 8.722129277884960175e-03 3.947775438427925110e-02 3.928137011826038361e-03 5.323939956724643707e-03 2.198180183768272400e-02 5.396293476223945618e-02 0.000000000000000000e+00 0.000000000000000000e+00 0.000000000000000000e+00
2.050511352717876434e-02 1.678244769573211670e-02 5.585488304495811462e-02 2.956284582614898682e-02 5.338486284017562866e-02 1.817844063043594360e-02 4.889038857072591782e-03 1.623314917087554932e-01 5.224960669875144958e-02 2.422691136598587036e-02 2.396706724539399147e-03 1.558764558285474777e-02 3.451259806752204895e-02 3.735276684165000916e-02 3.376429202035069466e-03 1.194228455424308777e-01 2.738680131733417511e-02 1.874843239784240723e-02 1.698048971593379974e-02 3.632308170199394226e-02 2.397475577890872955e-02 2.762740477919578552e-02 1.862168312072753906e-02 4.552137106657028198e-02 2.030229941010475159e-02 1.616809330880641937e-02 2.063935622572898865e-02 2.456758916378021240e-02 2.215809188783168793e-02 2.924433909356594086e-03 2.446943335235118866e-02 4.242092743515968323e-02 5.409685149788856506e-02 6.140346452593803406e-02 4.219771549105644226e-02 2.216397086158394814e-03 1.867508864961564541e-03 2.630357071757316589e-02 1.822878420352935791e-02 1.373617537319660187e-02 7.555563934147357941e-03 6.087768450379371643e-02 2.010564133524894714e-02 1.238593924790620804e-02 1.595620648004114628e-03 1.255896091461181641e-01 8.242345415055751801e-03 5.311503075063228607e-03 2.099287323653697968e-02 1.493049436248838902e-03 1.413075253367424011e-02 4.667488485574722290e-02 1.153955888003110886e-02 3.512309864163398743e-02 5.071998760104179382e-02 8.722204715013504028e-02 4.022824391722679138e-02 3.939814493060112000e-02 5.520423129200935364e-02 3.673873841762542725e-02 2.042634412646293640e-02 2.445880323648452759e-02 4.483245685696601868e-02 6.710643414407968521e-03 1.354887895286083221e-02 3.148407861590385437e-02 2.361170016229152679e-02 1.439819694496691227e-03 4.784328863024711609e-02 4.136862698942422867e-03 5.563208460807800293e-02 5.416171252727508545e-02 1.268333010375499725e-02 4.376329481601715088e-02 3.930790349841117859e-02 5.294403061270713806e-02 4.532790556550025940e-02 1.369030680507421494e-02 2.008618554100394249e-03 8.961701393127441406e-02 1.166685074567794800e-01 1.239765137434005737e-01 2.155617438256740570e-02 1.078512985259294510e-03 5.638879537582397461e-02 1.550364494323730469e-02 3.728779405355453491e-02 6.328001618385314941e-02 2.173708379268646240e-02 4.285829514265060425e-02 2.445852011442184448e-02 4.173327982425689697e-02 9.677683003246784210e-03 1.234504114836454391e-02 5.123632401227951050e-02 7.640483789145946503e-03 2.277262322604656219e-02 4.733330104500055313e-03 4.507235810160636902e-02 2.047480270266532898e-02 8.383944630622863770e-02 1.375195849686861038e-02 2.605884335935115814e-03 4.514300823211669922e-02 1.699421554803848267e-02 1.535957492887973785e-02 5.126754287630319595e-03 2.711500599980354309e-02 7.017932832241058350e-02 6.024347618222236633e-03 3.605695441365242004e-02 6.335631012916564941e-02 1.771301962435245514e-02 0.000000000000000000e+00 0.000000000000000000e+00 0.000000000000000000e+00
2.570140548050403595e-02 1.985790021717548370e-02 2.956284582614898682e-02 7.070179097354412079e-03 1.605299860239028931e-01 3.129553422331809998e-02 1.314323395490646362e-02 1.176399923861026764e-02 6.529600825160741806e-03 3.786197677254676819e-02 3.536851331591606140e-02 2.707765437662601471e-02 1.662967167794704437e-02 4.676628485321998596e-02 3.332726657390594482e-02 4.195189103484153748e-02 4.276861622929573059e-02 6.773284077644348145e-02 4.818738624453544617e-02 2.299215085804462433e-02 2.326099015772342682e-02 3.030463866889476776e-02 4.408494010567665100e-02 5.857456102967262268e-02 4.060484841465950012e-02 5.049581453204154968e-02 3.898162767291069031e-02 6.981874257326126099e-02 4.039532318711280823e-02 3.549706190824508667e-02 1.204920839518308640e-02 3.099669702351093292e-02 6.837591528892517090e-03 3.384058922529220581e-02 2.607140317559242249e-02 3.170302137732505798e-02 4.169038310647010803e-02 6.011564284563064575e-03 6.920614838600158691e-02 1.854474097490310669e-02 3.976093977689743042e-02 4.418418183922767639e-02 6.750442087650299072e-02 7.292050402611494064e-03 1.907929778099060059e-02 1.473823375999927521e-02 1.310348976403474808e-02 4.315571486949920654e-02 4.256963729858398438e-04 3.888678178191184998e-02 4.463639110326766968e-02 2.153221331536769867e-02 6.426620483398437500e-02 5.546654388308525085e-02 3.359693102538585663e-03 2.600653655827045441e-02 1.218955367803573608e-01 3.780876472592353821e-02 1.270721200853586197e-02 9.061304479837417603e-02 2.875596471130847931e-02 2.308582654222846031e-03 1.032464429736137390e-01 3.168693557381629944e-02 1.317608263343572617e-02 3.911334555596113205e-03 3.113339655101299286e-02 4.704581107944250107e-03 5.097282305359840393e-02 4.441609978675842285e-02 6.832306832075119019e-02 5.239910911768674850e-03 2.108278423547744751e-01 7.399810850620269775e-02 5.828801542520523071e-03 1.578920707106590271e-02 3.210803959518671036e-03 4.866699874401092529e-02 4.745500162243843079e-02 5.113113671541213989e-02 3.283425793051719666e-02 3.539731726050376892e-02 2.145324051380157471e-01 6.248322315514087677e-03 1.155239343643188477e-02 4.675244167447090149e-02 2.466757083311676979e-03 3.340483829379081726e-02 4.858132824301719666e-02 5.285261943936347961e-02 4.298062995076179504e-02 3.268548846244812012e-02 2.393362857401371002e-02 3.946276009082794189e-02 1.304250489920377731e-02 3.686512634158134460e-02 3.065658174455165863e-02 3.580806078389286995e-03 4.211919754743576050e-02 1.396066416054964066e-02 9.380969218909740448e-03 2.019999176263809204e-02 4.940118268132209778e-02 6.219373643398284912e-02 6.816619541496038437e-03 2.793699316680431366e-02 6.678075995296239853e-03 2.596496604382991791e-02 2.545867860317230225e-02 4.576663672924041748e-02 5.757337436079978943e-02 1.430295314639806747e-02 8.773847669363021851e-02 0.000000000000000000e+00 0.000000000000000000e+00 0.000000000000000000e+00
1.243216544389724731e-02 6.368924397975206375e-03 5.338486284017562866e-02 1.605299860239028931e-01 2.848070114850997925e-02 5.454790219664573669e-02 1.871114969253540039e-02 6.461549550294876099e-02 1.320721581578254700e-02 7.000819593667984009e-02 1.686703599989414215e-02 5.952594801783561707e-02 3.458110988140106201e-02 5.846229940652847290e-02 5.913829058408737183e-02 4.103902354836463928e-02 3.264469653367996216e-02 7.586145401000976562e-02 1.170454844832420349e-01 1.962469331920146942e-02 4.058682546019554138e-02 5.824871733784675598e-02 1.154725532978773117e-02 2.544984407722949982e-02 5.410582199692726135e-02 2.290038391947746277e-02 3.537488169968128204e-03 2.786483964882791042e-04 2.302603796124458313e-02 2.624895656481385231e-03 1.609115861356258392e-02 1.637128181755542755e-02 1.636542938649654388e-02 2.888012304902076721e-02 2.108604274690151215e-02 5.325236823409795761e-03 1.005983445793390274e-02 8.366618305444717407e-02 6.807088106870651245e-02 1.199803575873374939e-01 2.001543762162327766e-03 3.033114783465862274e-02 2.622759342193603516e-02 5.946902558207511902e-02 1.766429655253887177e-02 1.477241050451993942e-02 1.854319870471954346e-02 8.296521008014678955e-02 5.160031467676162720e-02 3.081793338060379028e-02 2.865177020430564880e-02 5.562686547636985779e-02 6.606592237949371338e-02 2.508125826716423035e-02 7.781626284122467041e-02 1.794336177408695221e-02 5.841236189007759094e-02 2.709193527698516846e-02 9.164214879274368286e-02 3.978878259658813477e-02 4.845158196985721588e-03 6.140244752168655396e-02 9.892888367176055908e-02 2.805606462061405182e-02 9.107142686843872070e-03 2.276667952537536621e-02 2.362279966473579407e-02 7.901507779024541378e-04 1.926105469465255737e-02 8.663300424814224243e-03 2.196121402084827423e-02 9.716465137898921967e-03 8.431169390678405762e-02 5.849047377705574036e-02 6.819111853837966919e-02 2.731941081583499908e-02 3.865976631641387939e-02 2.537420019507408142e-02 2.617744728922843933e-02 2.950898744165897369e-02 2.785956487059593201e-02 3.339547663927078247e-02 1.406337022781372070e-01 1.626406162977218628e-01 3.088037110865116119e-02 1.796157099306583405e-02 4.179308935999870300e-02 3.378203883767127991e-02 2.967039495706558228e-02 6.503777951002120972e-02 4.433026537299156189e-02 3.214360401034355164e-02 1.246842276304960251e-02 2.556990087032318115e-02 1.244168146513402462e-03 8.789052069187164307e-02 5.922035500407218933e-02 5.353268980979919434e-02 4.993919655680656433e-02 2.815863117575645447e-02 9.905806742608547211e-03 3.085024841129779816e-02 2.488232776522636414e-02 4.458198323845863342e-02 1.731681637465953827e-02 1.821886748075485229e-02 1.516759674996137619e-02 5.679184570908546448e-02 2.296260744333267212e-02 2.266596071422100067e-02 5.555359274148941040e-02 6.457599252462387085e-02 8.995908312499523163e-03 0.000000000000000000e+00 0.000000000000000000e+00 0.000000000000000000e+00
9.558881074190139771e-02 8.933368325233459473e-02 1.817844063043594360e-02 3.129553422331809998e-02 5.454790219664573669e-02 8.100569248199462891e-03 1.924823820590972900e-01 5.318219959735870361e-02 3.095688857138156891e-02 2.653934434056282043e-02 5.213580280542373657e-02 1.950846016407012939e-01 2.769417688250541687e-02 1.199923530220985413e-01 2.270360663533210754e-02 4.185767471790313721e-02 2.270298078656196594e-02 1.589011773467063904e-02 3.955046460032463074e-02 5.720146372914314270e-02 6.859747227281332016e-03 1.316032558679580688e-02 5.445693060755729675e-02 1.880770362913608551e-02 5.090655386447906494e-02 4.200941696763038635e-02 4.638471081852912903e-02 1.480817943811416626e-01 7.302048057317733765e-02 4.037403315305709839e-02 5.503790453076362610e-02 1.218190044164657593e-02 1.421853620558977127e-02 5.869437474757432938e-03 4.054034873843193054e-02 2.158880047500133514e-02 6.843940168619155884e-02 1.626655273139476776e-02 6.990238279104232788e-02 9.147594682872295380e-03 7.752697169780731201e-02 2.423948049545288086e-02 1.087720170617103577e-01 7.636637240648269653e-02 3.066098317503929138e-02 3.264332190155982971e-02 1.587335169315338135e-01 4.442328214645385742e-02 3.491489961743354797e-02 3.109247796237468719e-02 3.840607777237892151e-02 8.259845525026321411e-02 1.143736019730567932e-02 2.371126599609851837e-02 2.911228500306606293e-02 2.688208594918251038e-02 2.933542989194393158e-02 1.843657344579696655e-02 1.497486140578985214e-02 7.436025142669677734e-02 2.123000286519527435e-02 4.636604711413383484e-02 1.281244307756423950e-02 3.287397325038909912e-02 4.221494868397712708e-02 4.317140579223632812e-02 4.129296168684959412e-02 2.369532734155654907e-02 3.301187232136726379e-02 2.699916996061801910e-02 6.056609749794006348e-02 8.231189567595720291e-04 1.164651215076446533e-01 2.689031139016151428e-02 4.276250023394823074e-03 6.972742825746536255e-02 2.754451893270015717e-02 2.619018033146858215e-02 3.593790158629417419e-02 1.239266246557235718e-02 8.917063474655151367e-03 5.533359944820404053e-03 7.244461029767990112e-02 6.617016345262527466e-02 9.191020391881465912e-03 4.183723032474517822e-02 3.012006171047687531e-02 3.293444216251373291e-02 1.554675493389368057e-02 8.676988072693347931e-03 6.210967898368835449e-03 6.499398499727249146e-02 8.953110873699188232e-02 3.735728561878204346e-02 7.694717496633529663e-02 1.442579776048660278e-01 4.764173179864883423e-02 6.337752100080251694e-03 1.674762740731239319e-02 2.063597552478313446e-02 1.599474251270294189e-02 4.306832700967788696e-02 6.224009767174720764e-02 1.961402967572212219e-02 3.037021495401859283e-02 3.465961292386054993e-02 2.474988251924514771e-02 2.603930048644542694e-02 7.252348959445953369e-02 2.754767425358295441e-02 7.458865176886320114e-03 4.549305513501167297e-02 1.591083011589944363e-03 0.000000000000000000e+00 0.000000000000000000e+00 0.000000000000000000e+00
6.402315199375152588e-02 1.048802956938743591e-01 4.889038857072591782e-03 1.314323395490646362e-02 1.871114969253540039e-02 1.924823820590972900e-01 9.059639647603034973e-03 9.837336838245391846e-03 2.373770996928215027e-02 4.049577191472053528e-02 4.550630599260330200e-02 4.776967689394950867e-02 8.261024206876754761e-02 4.841025918722152710e-02 2.465814119204878807e-03 5.499408766627311707e-02 3.997569158673286438e-02 1.390784140676259995e-02 2.023942954838275909e-02 1.482610031962394714e-02 2.779995463788509369e-02 4.663842171430587769e-02 2.443578653037548065e-02 5.351557955145835876e-02 1.893329247832298279e-02 3.074039332568645477e-02 1.481332723051309586e-02 3.167646378278732300e-02 3.310157731175422668e-02 6.022563204169273376e-03 7.061360869556665421e-03 3.507630527019500732e-02 2.162283658981323242e-02 1.051138504408299923e-03 2.291049063205718994e-02 2.971353381872177124e-02 2.649649977684020996e-02 1.237974129617214203e-02 2.795687504112720490e-02 1.049296092242002487e-02 5.375352501869201660e-02 2.707637287676334381e-02 3.588613867759704590e-02 2.753686159849166870e-02 9.647451341152191162e-03 3.609908511862158775e-03 1.240785792469978333e-01 1.332998573780059814e-01 4.245188087224960327e-03 1.804249011911451817e-03 5.395490676164627075e-02 7.610854506492614746e-02 8.059456944465637207e-02 4.423530027270317078e-02 2.263828366994857788e-02 3.788825124502182007e-02 4.414761438965797424e-02 3.216720186173915863e-03 1.760285533964633942e-02 7.088180631399154663e-02 2.744191698729991913e-02 3.762765228748321533e-02 3.805454447865486145e-02 3.100674040615558624e-02 2.295002341270446777e-02 1.098559796810150146e-02 3.359913825988769531e-02 8.429576992057263851e-04 3.981435298919677734e-02 2.024422585964202881e-02 2.224566787481307983e-02 3.512788191437721252e-02 1.079862490296363831e-01 2.215807698667049408e-02 4.084268584847450256e-02 3.381937369704246521e-02 2.702421508729457855e-03 2.126552537083625793e-02 3.890767693519592285e-02 4.606057773344218731e-04 1.627088524401187897e-02 2.201227471232414246e-02 7.645858451724052429e-03 7.741258293390274048e-02 3.772685304284095764e-02 6.671198457479476929e-02 1.755538396537303925e-02 2.257211320102214813e-02 3.298555966466665268e-03 5.621063336730003357e-02 1.551695354282855988e-02 8.010146208107471466e-03 9.409174323081970215e-02 5.742337927222251892e-02 3.161863237619400024e-02 3.333555161952972412e-02 1.133801531977951527e-03 1.493546273559331894e-02 6.485421955585479736e-02 3.668200224637985229e-03 2.628037240356206894e-03 2.092250809073448181e-02 5.365443229675292969e-02 1.140642073005437851e-02 5.987960845232009888e-03 2.715472073759883642e-04 2.985967136919498444e-02 1.241005584597587585e-02 6.088959053158760071e-03 2.284816093742847443e-02 1.252749003469944000e-02 1.011194661259651184e-02 2.433098666369915009e-02 0.000000000000000000e+00 0.000000000000000000e+00 0.000000000000000000e+00
2.449596673250198364e-02 1.519746519625186920e-02 1.623314917087554932e-01 1.176399923861026764e-02 6.461549550294876099e-02 5.318219959735870361e-02 9.837336838245391846e-03 6.989992409944534302e-02 2.444154769182205200e-02 6.876802537590265274e-03 2.261384576559066772e-02 3.189072757959365845e-02 3.650893270969390869e-02 4.019087646156549454e-04 2.316604256629943848e-01 2.081617340445518494e-02 8.761464618146419525e-03 6.538940966129302979e-02 1.251769717782735825e-03 6.254695355892181396e-03 2.966352179646492004e-02 1.999077759683132172e-02 4.469177871942520142e-02 2.551162801682949066e-02 4.655744880437850952e-02 4.166550561785697937e-02 4.862422868609428406e-02 8.301150798797607422e-02 3.627850115299224854e-02 5.050377547740936279e-02 3.493232652544975281e-02 7.785277813673019409e-02 5.634927004575729370e-02 5.640866607427597046e-02 5.011338368058204651e-02 9.661355987191200256e-03 4.080114513635635376e-02 3.259415924549102783e-02 1.864567026495933533e-02 2.456870116293430328e-02 5.998488888144493103e-02 1.518988050520420074e-02 1.151842717081308365e-02 2.007609605789184570e-02 3.819160908460617065e-02 1.764076948165893555e-02 5.300591886043548584e-02 4.643490910530090332e-02 2.046918123960494995e-02 2.246406488120555878e-02 1.509493496268987656e-02 4.812601208686828613e-02 5.209809169173240662e-02 3.769183903932571411e-02 2.829809859395027161e-02 7.110224664211273193e-02 1.955005526542663574e-02 2.423447091132402420e-03 6.550095230340957642e-02 3.255088254809379578e-02 7.963136769831180573e-03 1.859669573605060577e-02 7.844369858503341675e-03 3.026078082621097565e-02 1.493915915489196777e-02 1.805101637728512287e-03 2.221135050058364868e-02 1.866610534489154816e-02 3.579259291291236877e-02 3.095829114317893982e-02 2.320104837417602539e-02 2.549450471997261047e-02 3.521975595504045486e-03 3.926259279251098633e-02 2.030744403600692749e-02 1.036013569682836533e-02 6.028331816196441650e-03 2.554357051849365234e-02 3.693834692239761353e-02 1.195451058447360992e-02 1.893201023340225220e-01 1.870309263467788696e-01 2.718216739594936371e-02 1.649014186114072800e-03 5.578058585524559021e-02 1.080132089555263519e-02 1.490933597087860107e-01 7.334145158529281616e-02 2.117760293185710907e-02 1.084422692656517029e-02 5.340166389942169189e-02 3.103730641305446625e-02 5.570853874087333679e-02 2.421062812209129333e-02 2.511121146380901337e-02 7.043554214760661125e-04 1.124973781406879425e-02 4.376742243766784668e-02 1.369425654411315918e-02 3.370956284925341606e-03 6.108095124363899231e-02 5.114855617284774780e-02 3.086474258452653885e-03 3.894184902310371399e-02 1.066988799721002579e-02 1.487597357481718063e-02 6.754373013973236084e-02 9.501315653324127197e-03 6.056654732674360275e-03 3.514968603849411011e-02 5.003512278199195862e-02 3.818575665354728699e-02 1.399099174886941910e-02 0.000000000000000000e+00 0.000000000000000000e+00 0.000000000000000000e+00
5.107942596077919006e-02 2.821310982108116150e-02 5.224960669875144958e-02 6.529600825160741806e-03 1.320721581578254700e-02 3.095688857138156891e-02 2.373770996928215027e-02 2.444154769182205200e-02 3.247721865773200989e-02 7.734186202287673950e-02 9.200545959174633026e-03 1.394079476594924927e-01 4.713170230388641357e-02 2.804815769195556641e-02 1.231740508228540421e-02 7.468262687325477600e-03 4.293370991945266724e-02 1.573687195777893066e-01 6.388086080551147461e-02 6.195842754095792770e-03 3.262490406632423401e-02 1.482153963297605515e-02 7.764470577239990234e-02 4.242127016186714172e-02 3.328166157007217407e-02 2.614415809512138367e-02 4.972822219133377075e-02 5.841922014951705933e-02 1.100632548332214355e-02 1.581621728837490082e-02 4.721784591674804688e-02 6.203356012701988220e-02 2.741435915231704712e-02 6.871385965496301651e-03 3.202962130308151245e-02 8.466729894280433655e-03 2.761850319802761078e-02 3.325419872999191284e-02 1.057164277881383896e-02 2.103782631456851959e-02 1.764529384672641754e-02 1.951851882040500641e-02 3.694736585021018982e-02 2.703814581036567688e-02 8.226143568754196167e-02 4.972892254590988159e-02 2.120090462267398834e-02 1.894326135516166687e-02 8.103508502244949341e-02 2.576699666678905487e-02 8.485661819577217102e-03 2.137595228850841522e-02 9.795181453227996826e-03 3.730573877692222595e-02 6.453940272331237793e-02 8.751883357763290405e-02 4.333301633596420288e-02 3.339559584856033325e-02 3.770637139678001404e-02 3.215354308485984802e-02 6.074762344360351562e-02 5.853438749909400940e-02 5.720605328679084778e-02 1.425855699926614761e-02 3.521151840686798096e-02 4.296095669269561768e-02 2.261275798082351685e-02 2.521482296288013458e-03 2.945239096879959106e-02 1.487063616514205933e-02 1.941174827516078949e-02 3.166137263178825378e-02 6.960893422365188599e-02 6.164085119962692261e-02 5.992062762379646301e-02 8.460813015699386597e-02 2.336466908454895020e-01 9.127858281135559082e-02 4.052227735519409180e-02 1.751001365482807159e-02 2.866477519273757935e-02 3.252447023987770081e-02 6.883023679256439209e-02 3.418070822954177856e-02 6.377074122428894043e-02 5.311584845185279846e-02 2.209726534783840179e-02 1.051125023514032364e-02 1.227324679493904114e-01 2.867432776838541031e-03 1.192862517200410366e-03 6.805865466594696045e-02 2.085796184837818146e-02 3.478161618113517761e-02 4.142221063375473022e-02 2.308188378810882568e-02 1.182296574115753174e-01 3.137918189167976379e-02 2.138357050716876984e-02 3.893310949206352234e-02 7.024835329502820969e-03 1.471587736159563065e-02 2.731152065098285675e-02 2.200189605355262756e-02 1.391279045492410660e-02 7.197461090981960297e-03 1.636545732617378235e-02 1.261896267533302307e-02 1.840352453291416168e-02 3.126235678791999817e-02 2.472231909632682800e-02 2.796605788171291351e-02 1.078152563422918320e-04 0.000000000000000000e+00 0.000000000000000000e+00 0.000000000000000000e+00
3.714616224169731140e-02 5.256224423646926880e-02 2.422691136598587036e-02 3.786197677254676819e-02 7.000819593667984009e-02 2.653934434056282043e-02 4.049577191472053528e-02 6.876802537590265274e-03 7.734186202287673950e-02 4.270648956298828125e-02 3.774559497833251953e-02 5.557326599955558777e-02 3.012702800333499908e-02 1.118536889553070068e-01 3.376408293843269348e-02 7.316505908966064453e-02 6.652875989675521851e-02 3.174046054482460022e-02 9.463488310575485229e-02 1.652904786169528961e-02 1.829497702419757843e-02 5.059147998690605164e-02 4.299297928810119629e-02 8.636569976806640625e-02 5.917102564126253128e-03 1.665572519414126873e-03 1.849075779318809509e-02 6.600059568881988525e-02 3.091756068170070648e-02 3.536931425333023071e-02 4.599837586283683777e-03 7.042590528726577759e-02 6.115999817848205566e-02 7.216227054595947266e-02 2.959140203893184662e-02 4.672666266560554504e-02 6.820389628410339355e-02 1.362212561070919037e-02 5.662083160132169724e-03 3.842230886220932007e-02 2.077205851674079895e-02 3.271907940506935120e-02 3.317866474390029907e-02 5.059511587023735046e-02 7.037217915058135986e-02 2.143445611000061035e-02 1.987765729427337646e-02 1.082989759743213654e-02 1.729485928080976009e-03 7.313577085733413696e-02 2.794886566698551178e-02 1.610042992979288101e-03 3.630441054701805115e-02 4.384290799498558044e-02 1.969023980200290680e-02 4.852190241217613220e-02 4.874286055564880371e-02 2.472414448857307434e-02 6.177409365773200989e-02 6.585937738418579102e-02 6.086201220750808716e-02 1.769581437110900879e-02 4.220345988869667053e-03 5.571164935827255249e-02 5.847562476992607117e-02 5.593074858188629150e-02 3.950755670666694641e-02 6.423263251781463623e-02 7.296586781740188599e-02 1.316499244421720505e-02 3.340137004852294922e-02 6.564868986606597900e-02 1.126642301678657532e-01 3.690695762634277344e-02 4.401792958378791809e-02 2.058000862598419189e-02 2.022945880889892578e-02 1.395713090896606445e-01 2.462181821465492249e-02 1.283836960792541504e-01 3.401628881692886353e-02 2.551150042563676834e-03 3.118323720991611481e-02 9.654822945594787598e-02 1.714590750634670258e-02 1.636068895459175110e-02 2.311418764293193817e-02 2.841359563171863556e-02 5.848035961389541626e-02 5.146496370434761047e-02 1.648090546950697899e-03 3.392416983842849731e-02 2.427841536700725555e-02 6.475622206926345825e-02 1.820572465658187866e-02 2.768438495695590973e-02 1.059413701295852661e-02 3.440545126795768738e-02 1.325145829468965530e-02 2.382712205871939659e-03 2.824998088181018829e-02 1.453272812068462372e-02 2.971254289150238037e-03 4.843712225556373596e-02 1.093543227761983871e-02 4.556140303611755371e-02 2.509683184325695038e-02 1.919518411159515381e-02 1.071858964860439301e-02 2.073353528976440430e-02 1.069950610399246216e-01 1.220887061208486557e-02 7.444214541465044022e-03 0.000000000000000000e+00 0.000000000000000000e+00 0.000000000000000000e+00
1.312621980905532837e-01 4.300624504685401917e-02 2.396706724539399147e-03 3.536851331591606140e-02 1.686703599989414215e-02 5.213580280542373657e-02 4.550630599260330200e-02 2.261384576559066772e-02 9.200545959174633026e-03 3.774559497833251953e-02 4.711807239800691605e-03 2.293350175023078918e-02 1.045162975788116455e-01 1.514097768813371658e-02 7.616246491670608521e-02 3.790755569934844971e-02 4.305743146687746048e-03 5.320408567786216736e-02 6.772860139608383179e-02 1.044696895405650139e-03 6.146083585917949677e-03 1.953092776238918304e-02 8.828260935842990875e-03 9.508879855275154114e-03 2.708033658564090729e-03 3.264788910746574402e-02 1.590075157582759857e-02 1.124881207942962646e-02 5.922095477581024170e-02 4.342721775174140930e-02 3.981997072696685791e-02 5.214440822601318359e-02 4.403723403811454773e-03 3.936935216188430786e-02 8.227951079607009888e-02 1.856628619134426117e-02 3.741299360990524292e-02 2.517201378941535950e-02 2.170684747397899628e-02 1.783118769526481628e-02 2.597877010703086853e-02 2.312126010656356812e-02 5.344574339687824249e-03 7.803664542734622955e-03 6.563138216733932495e-02 5.832368507981300354e-02 8.787216246128082275e-02 8.349695242941379547e-03 2.498320117592811584e-02 3.831920400261878967e-02 7.772021461278200150e-03 2.287878096103668213e-02 2.029578760266304016e-02 1.873340108431875706e-03 2.771902829408645630e-02 4.629882052540779114e-02 4.888305813074111938e-02 1.685124635696411133e-02 3.506193403154611588e-03 2.908613905310630798e-02 3.968269564211368561e-03 3.785903006792068481e-02 4.045829176902770996e-02 1.630851812660694122e-02 5.949121713638305664e-02 6.106257438659667969e-02 2.569874981418251991e-03 2.031852304935455322e-02 2.784098312258720398e-02 4.878110811114311218e-02 5.181206390261650085e-03 1.384523697197437286e-02 4.392753541469573975e-02 3.537742793560028076e-02 2.211086265742778778e-02 4.249065741896629333e-02 1.735661737620830536e-02 1.752061210572719574e-02 2.712343819439411163e-02 2.140893193427473307e-04 2.824974991381168365e-02 2.866406366229057312e-02 3.263138234615325928e-02 1.120033115148544312e-02 2.006510831415653229e-02 5.728854611515998840e-02 7.932006265036761761e-04 4.178794845938682556e-02 6.270487327128648758e-03 1.831640861928462982e-02 6.689262390136718750e-02 4.852198064327239990e-02 5.959804635494947433e-03 7.236035075038671494e-03 2.072636596858501434e-02 1.124684512615203857e-02 2.516550011932849884e-02 1.780813373625278473e-02 2.815710380673408508e-02 2.060047723352909088e-02 6.476860027760267258e-03 1.080690789967775345e-02 2.740778587758541107e-02 2.886091545224189758e-02 2.687748149037361145e-02 6.702460348606109619e-02 3.963357768952846527e-03 4.243730381131172180e-02 3.500387538224458694e-03 1.059455238282680511e-02 1.005910895764827728e-02 3.352437168359756470e-02 2.702211029827594757e-02 0.000000000000000000e+00 0.000000000000000000e+00 0.000000000000000000e+00
1.573707908391952515e-02 9.100756607949733734e-03 1.558764558285474777e-02 2.707765437662601471e-02 5.952594801783561707e-02 1.950846016407012939e-01 4.776967689394950867e-02 3.189072757959365845e-02 1.394079476594924927e-01 5.557326599955558777e-02 2.293350175023078918e-02 1.424811687320470810e-02 5.104104056954383850e-02 2.102068662643432617e-01 4.846325144171714783e-02 8.485669642686843872e-02 2.073855698108673096e-02 3.479509800672531128e-02 1.412321464158594608e-03 3.010462597012519836e-02 3.991383314132690430e-02 6.437521893531084061e-03 2.071180380880832672e-02 1.140605751425027847e-02 2.342534810304641724e-02 2.667612629011273384e-03 1.305239927023649216e-02 1.325701922178268433e-01 4.307298921048641205e-03 8.077229559421539307e-02 2.484039869159460068e-03 4.625422507524490356e-02 2.749940752983093262e-02 4.514654353260993958e-02 9.832167066633701324e-03 1.947147957980632782e-02 1.866132952272891998e-02 2.207886986434459686e-02 1.923016854561865330e-03 1.107816398143768311e-02 1.369107607752084732e-02 9.383655339479446411e-02 1.796199940145015717e-03 9.556133300065994263e-03 1.103239580988883972e-01 6.381275504827499390e-02 9.417030028998851776e-03 4.599001631140708923e-02 6.421782076358795166e-02 7.838586345314979553e-03 8.364944159984588623e-02 3.446626290678977966e-02 7.217416912317276001e-02 1.430753991007804871e-02 1.158264279365539551e-02 1.658342964947223663e-02 2.258692122995853424e-02 4.326589405536651611e-02 5.281950905919075012e-02 4.048614762723445892e-03 6.415319442749023438e-02 1.867603883147239685e-02 2.289785072207450867e-02 4.025586321949958801e-02 3.405396360903978348e-03 1.064085494726896286e-02 6.657859683036804199e-02 1.816259883344173431e-02 4.688816890120506287e-02 1.249505765736103058e-02 5.567144975066184998e-02 2.054498530924320221e-03 2.818832919001579285e-02 2.830440551042556763e-02 1.067364588379859924e-02 4.465591162443161011e-02 9.397620707750320435e-02 1.461247447878122330e-02 5.871843080967664719e-03 3.187035908922553062e-03 2.385056577622890472e-03 4.996558278799057007e-02 6.043833121657371521e-02 2.785097621381282806e-02 2.518083713948726654e-02 1.018085777759552002e-01 4.200142808258533478e-03 7.357287220656871796e-03 9.670211374759674072e-02 6.163188815116882324e-02 1.287327799946069717e-02 2.528099715709686279e-02 9.121466428041458130e-02 5.557172466069459915e-03 2.538426546379923820e-03 5.554944276809692383e-02 6.501495838165283203e-02 2.245230413973331451e-02 2.405163459479808807e-02 4.258451610803604126e-02 3.012975491583347321e-02 2.646373212337493896e-02 4.064480215311050415e-02 2.145687863230705261e-02 1.070414017885923386e-02 5.798611789941787720e-02 6.447137892246246338e-02 6.543171126395463943e-03 3.439505770802497864e-02 3.197396546602249146e-02 2.499715797603130341e-02 4.070822149515151978e-02 2.059613540768623352e-02 0.000000000000000000e+00 0.000000000000000000e+00 0.000000000000000000e+00
7.944669574499130249e-02 1.101586446166038513e-01 3.451259806752204895e-02 1.662967167794704437e-02 3.458110988140106201e-02 2.769417688250541687e-02 8.261024206876754761e-02 3.650893270969390869e-02 4.713170230388641357e-02 3.012702800333499908e-02 1.045162975788116455e-01 5.104104056954383850e-02 1.991372928023338318e-02 5.965247750282287598e-02 8.787545561790466309e-02 8.043067529797554016e-03 7.800906896591186523e-03 4.449140280485153198e-02 2.466044202446937561e-02 1.196887809783220291e-02 4.418110474944114685e-03 2.481140568852424622e-02 9.166128933429718018e-03 1.812698692083358765e-02 3.654716536402702332e-02 4.172964394092559814e-02 3.804067149758338928e-02 1.967742294073104858e-02 1.794580928981304169e-02 9.822731837630271912e-03 4.358031973242759705e-02 3.082014620304107666e-02 8.431986905634403229e-03 2.482729963958263397e-02 2.782321721315383911e-02 3.384295478463172913e-02 4.127354174852371216e-02 1.465273648500442505e-02 1.178404688835144043e-02 1.423300243914127350e-02 4.076842963695526123e-02 9.826001711189746857e-03 8.140065521001815796e-02 3.469697386026382446e-02 1.136497035622596741e-01 7.467126008123159409e-03 6.923842430114746094e-02 5.427332594990730286e-02 1.022346783429384232e-02 9.528479538857936859e-03 2.964149229228496552e-03 3.378263115882873535e-02 1.711739040911197662e-02 5.020603537559509277e-02 3.625983372330665588e-02 5.008833110332489014e-02 2.381473220884799957e-02 8.150809444487094879e-03 2.895006677135825157e-03 3.210256993770599365e-02 4.628048278391361237e-03 1.498263515532016754e-02 2.651002444326877594e-02 2.485255710780620575e-03 4.653913527727127075e-02 7.816009968519210815e-02 4.163183737546205521e-03 8.132888004183769226e-03 7.840798795223236084e-02 4.511708859354257584e-03 5.609836429357528687e-02 2.461513970047235489e-03 4.847283288836479187e-02 1.666926406323909760e-02 2.927343174815177917e-02 5.913577973842620850e-02 3.789870068430900574e-02 3.536701202392578125e-02 2.094111964106559753e-02 3.604371100664138794e-03 3.184004500508308411e-02 2.918552048504352570e-02 3.926218301057815552e-02 7.230522111058235168e-03 1.224955637007951736e-02 1.158136408776044846e-02 1.476175035350024700e-03 5.204035714268684387e-02 4.977866075932979584e-03 6.207630038261413574e-02 4.689254984259605408e-02 3.218141570687294006e-02 2.709869295358657837e-02 1.303788553923368454e-02 1.845573075115680695e-02 1.837664656341075897e-02 1.817939057946205139e-02 1.555882394313812256e-02 1.877956651151180267e-02 8.965033106505870819e-03 3.709083423018455505e-02 1.845140941441059113e-02 2.230946347117424011e-02 5.547356326133012772e-03 8.263057097792625427e-03 1.051907800137996674e-02 1.507213898003101349e-02 1.112151797860860825e-02 3.425420261919498444e-03 1.649150066077709198e-02 3.904524073004722595e-02 7.428790908306837082e-03 4.124088957905769348e-02 0.000000000000000000e+00 0.000000000000000000e+00 0.000000000000000000e+00
