1.870152354240417480e-01 2.852821052074432373e-01 1.531841512769460678e-02 1.670228503644466400e-02 1.552988681942224503e-02 1.746066957712173462e-01 1.434748023748397827e-01 2.772757411003112793e-02 2.927698940038681030e-02 7.614779472351074219e-02 1.562540829181671143e-01 2.075110189616680145e-02 8.726688474416732788e-02 8.638472110033035278e-02 1.084218081086874008e-02 1.561149768531322479e-02 6.164303794503211975e-02 2.322448603808879852e-02 4.024861007928848267e-02 4.073380678892135620e-02 2.691173553466796875e-02 2.564706094563007355e-02 8.020821027457714081e-03 8.032758720219135284e-03 5.013746023178100586e-02 4.973568022251129150e-03 2.474488876760005951e-02 7.841765880584716797e-02 7.228373736143112183e-02 5.741924419999122620e-02 2.820356562733650208e-02 9.755142033100128174e-03 1.750995218753814697e-02 1.057352591305971146e-02 1.610500551760196686e-02 9.191168844699859619e-02 7.073020190000534058e-02 2.200765348970890045e-02 1.507466193288564682e-03 6.409194320440292358e-02 2.079888014122843742e-03 4.291389882564544678e-02 2.777499519288539886e-02 6.431410461664199829e-02 5.241160467267036438e-02 3.546016290783882141e-02 9.503344446420669556e-02 1.987244747579097748e-02 2.206707000732421875e-02 5.747446790337562561e-02 6.796395778656005859e-02 5.742461234331130981e-02 2.610510773956775665e-02 4.839881137013435364e-02 2.016411162912845612e-02 5.496948957443237305e-02 7.412564754486083984e-02 2.734455652534961700e-02 1.103322952985763550e-01 9.266625344753265381e-02 2.277800440788269043e-02 6.055689975619316101e-02 7.525042165070772171e-03 1.911691762506961823e-02 2.932548895478248596e-02 2.415454015135765076e-02 2.401009574532508850e-02 3.791981190443038940e-02 5.531889572739601135e-02 5.243455991148948669e-03 6.809262186288833618e-02 8.041018620133399963e-03 4.001969099044799805e-02 1.409338600933551788e-02 4.684762656688690186e-02 5.559682846069335938e-02 1.124274916946887970e-02 8.205209672451019287e-02 1.348967850208282471e-02 6.309740990400314331e-02 2.513460256159305573e-02 2.955419709905982018e-03 3.486821800470352173e-02 8.302820473909378052e-02 2.723212167620658875e-02 7.952213287353515625e-02 1.579811796545982361e-02 3.534932062029838562e-02 9.519889950752258301e-03 4.427249357104301453e-02 4.734417423605918884e-02 4.305842146277427673e-02 4.093731939792633057e-02 2.914953604340553284e-02 6.277460604906082153e-02 1.710919663310050964e-02 5.715342704206705093e-03 4.799848049879074097e-02 7.259216625243425369e-03 2.443064562976360321e-02 2.023213170468807220e-02 2.441157400608062744e-02 1.708092913031578064e-02 3.938142582774162292e-02 1.974045671522617340e-02 4.629325866699218750e-02 2.437392063438892365e-02 1.336149405688047409e-02 5.312696471810340881e-02 1.851608976721763611e-02 1.137422677129507065e-02 1.201064675115048885e-03 2.296466380357742310e-02 1.767383888363838196e-03 4.545403271913528442e-02 2.338024042546749115e-02
2.852821052074432373e-01 1.557377427816390991e-01 2.687073685228824615e-02 5.890819802880287170e-02 4.990734532475471497e-02 5.774517729878425598e-02 1.580299437046051025e-01 2.456892840564250946e-02 4.048569500446319580e-02 3.976693376898765564e-02 1.412720382213592529e-01 2.155228145420551300e-02 1.711541861295700073e-01 6.396864354610443115e-02 1.041240394115447998e-01 8.488580584526062012e-03 6.408956646919250488e-02 4.423671215772628784e-02 7.161279767751693726e-02 4.623917117714881897e-02 5.345121398568153381e-02 3.685836121439933777e-02 1.361125707626342773e-02 6.247488781809806824e-02 3.235886991024017334e-02 5.478042177855968475e-03 1.836271025240421295e-02 4.853065311908721924e-02 3.716531023383140564e-02 7.253839820623397827e-02 9.785473346710205078e-03 4.134868830442428589e-02 5.992098711431026459e-03 3.499154001474380493e-02 3.537388518452644348e-02 3.721887990832328796e-02 1.341267209500074387e-02 9.295755997300148010e-03 3.031126968562602997e-02 4.880962148308753967e-02 1.289715617895126343e-02 6.924102082848548889e-03 4.280162602663040161e-02 4.633883759379386902e-02 1.937644742429256439e-02 5.572796240448951721e-02 6.242134049534797668e-02 1.098736003041267395e-01 5.629665404558181763e-02 3.186515066772699356e-03 2.617050148546695709e-02 2.355401171371340752e-03 1.040741521865129471e-02 1.759925484657287598e-02 8.409874513745307922e-03 3.807944431900978088e-02 4.816784709692001343e-02 1.210678648203611374e-02 4.574222117662429810e-02 4.058771952986717224e-02 2.961647137999534607e-02 3.276414051651954651e-02 5.107738450169563293e-02 4.364641010761260986e-02 3.253567218780517578e-02 4.843098670244216919e-02 2.186616137623786926e-02 2.466751495376229286e-03 2.841632068157196045e-02 7.588884327560663223e-03 7.217594981193542480e-02 2.693347260355949402e-02 6.162894889712333679e-02 4.776942357420921326e-02 1.373100578784942627e-01 6.784792244434356689e-02 2.675464190542697906e-02 6.582786887884140015e-02 3.076220164075493813e-03 3.154400503262877464e-03 7.270748168230056763e-02 3.086863271892070770e-02 2.023266814649105072e-02 7.065612822771072388e-02 1.834591850638389587e-02 3.338097035884857178e-02 2.683123014867305756e-02 6.684873718768358231e-03 1.738771609961986542e-02 3.658124431967735291e-02 5.632057040929794312e-02 4.620463028550148010e-02 3.501714020967483521e-02 1.190164219588041306e-02 6.138030439615249634e-02 3.525043278932571411e-02 4.399645142257213593e-03 2.869009412825107574e-02 2.516712807118892670e-02 2.675607614219188690e-02 2.790240943431854248e-02 6.732552777975797653e-03 6.082840263843536377e-03 5.038864538073539734e-02 9.209846146404743195e-03 3.063462302088737488e-02 2.453235350549221039e-02 1.845914870500564575e-02 1.107848808169364929e-02 5.410056188702583313e-02 8.364510536193847656e-02 1.244916394352912903e-01 3.092900477349758148e-02 1.322723180055618286e-02 7.183514069765806198e-03 2.355716936290264130e-02
1.531841512769460678e-02 2.687073685228824615e-02 1.024251133203506470e-01 4.019391909241676331e-02 1.145787723362445831e-02 7.799383997917175293e-02 6.177679821848869324e-02 1.617757081985473633e-01 3.637043060734868050e-03 1.327305939048528671e-02 4.861378401983529329e-04 3.718273341655731201e-02 4.357509687542915344e-02 5.959018319845199585e-02 1.618674397468566895e-02 6.845579296350479126e-02 6.403647712431848049e-04 4.368774965405464172e-02 1.508948113769292831e-02 2.546321228146553040e-02 8.047522976994514465e-03 7.304618600755929947e-03 2.121224626898765564e-02 4.656976088881492615e-03 2.770999679341912270e-03 2.046799845993518829e-02 2.016539685428142548e-03 2.910263091325759888e-02 1.838602125644683838e-03 1.718142186291515827e-03 7.602883502840995789e-03 6.012688949704170227e-02 1.217744275927543640e-01 3.464591875672340393e-02 2.522832900285720825e-02 1.406987197697162628e-02 2.594687789678573608e-02 7.196423411369323730e-02 3.763185441493988037e-02 3.355373069643974304e-02 3.610824048519134521e-02 3.016019053757190704e-02 2.942549809813499451e-02 1.956850290298461914e-01 7.062774151563644409e-03 2.162434346973896027e-02 3.912023827433586121e-02 6.234324537217617035e-03 5.889886990189552307e-02 1.072719134390354156e-02 1.767891086637973785e-02 3.366729244589805603e-02 8.097531273961067200e-03 3.800584934651851654e-03 1.417746860533952713e-02 4.189765546470880508e-03 2.642153203487396240e-02 1.859021256677806377e-03 1.353550050407648087e-02 3.925971686840057373e-02 1.052880883216857910e-01 6.489656865596771240e-02 6.513737142086029053e-02 3.729775175452232361e-02 3.427296504378318787e-02 3.407311066985130310e-02 5.432669073343276978e-02 3.715611994266510010e-02 4.915080964565277100e-02 2.329907938838005066e-02 6.836746633052825928e-02 3.652437124401330948e-03 1.074503292329609394e-03 2.964394539594650269e-02 7.186347246170043945e-02 3.686658293008804321e-02 3.235226124525070190e-02 3.392720967531204224e-02 5.471027269959449768e-02 1.884713396430015564e-02 3.122160732746124268e-01 1.974941045045852661e-01 5.763581395149230957e-02 1.718530990183353424e-02 3.290786966681480408e-02 4.460707306861877441e-02 7.819146662950515747e-02 6.495537608861923218e-02 4.400911554694175720e-02 1.162183471024036407e-03 1.941001601517200470e-02 1.994565874338150024e-02 1.832514815032482147e-02 1.259873434901237488e-02 1.331711094826459885e-02 7.351557910442352295e-02 1.600023359060287476e-02 1.995486393570899963e-02 1.855464465916156769e-02 8.735322393476963043e-03 9.876415133476257324e-02 5.638125352561473846e-03 2.647951990365982056e-02 1.661310158669948578e-02 5.550405755639076233e-02 5.737179517745971680e-02 7.138452678918838501e-02 1.952346228063106537e-02 1.489309407770633698e-02 1.342020556330680847e-02 5.267582088708877563e-02 3.184039145708084106e-02 1.503291074186563492e-02 2.409200184047222137e-02 2.021700888872146606e-02 2.550460770726203918e-02
1.670228503644466400e-02 5.890819802880287170e-02 4.019391909241676331e-02 1.435310095548629761e-01 1.293333768844604492e-01 3.964508324861526489e-02 2.323630638420581818e-02 1.167278364300727844e-02 2.868010289967060089e-02 4.437267035245895386e-02 2.191270515322685242e-02 4.027877934277057648e-03 9.780811145901679993e-03 2.909506671130657196e-02 5.208353046327829361e-03 6.240723654627799988e-02 2.918861433863639832e-02 3.903814032673835754e-02 2.862246334552764893e-02 6.191831454634666443e-02 6.262029521167278290e-03 3.111072257161140442e-02 4.427621886134147644e-02 8.210387080907821655e-02 1.232314947992563248e-02 1.429408672265708447e-03 2.712097391486167908e-02 3.030950576066970825e-02 8.986081182956695557e-02 9.888865984976291656e-03 3.750411048531532288e-02 3.332296758890151978e-02 7.608788553625345230e-03 6.136039644479751587e-02 4.135149996727705002e-03 1.798129640519618988e-02 9.376984089612960815e-02 5.553264543414115906e-02 2.707345187664031982e-01 1.956231743097305298e-01 2.499129809439182281e-02 7.663697004318237305e-03 6.027960404753684998e-02 1.068457402288913727e-02 2.801476418972015381e-02 4.242604970932006836e-02 2.798410505056381226e-02 8.282006718218326569e-03 2.266668155789375305e-02 1.877955161035060883e-02 3.576116636395454407e-02 5.909718573093414307e-02 6.395449489355087280e-02 8.959258906543254852e-03 1.821993477642536163e-02 2.977853454649448395e-02 1.297114137560129166e-02 1.707491837441921234e-02 3.496764972805976868e-02 4.733007773756980896e-02 2.371431142091751099e-02 1.082909852266311646e-02 5.061414092779159546e-02 1.111397333443164825e-02 1.254263427108526230e-02 1.649629324674606323e-02 6.446973234415054321e-02 1.747658662497997284e-02 6.335999350994825363e-03 6.381028890609741211e-02 4.133000597357749939e-02 1.382476929575204849e-02 2.538312040269374847e-02 3.785955160856246948e-02 1.747887209057807922e-02 1.145115122199058533e-02 1.792686432600021362e-02 3.071825578808784485e-02 1.511601917445659637e-02 5.465199053287506104e-02 4.385932162404060364e-02 4.318216070532798767e-02 8.517275005578994751e-02 4.064348340034484863e-02 5.840694066137075424e-03 9.476451575756072998e-02 7.535219192504882812e-02 5.745350942015647888e-02 1.750366948544979095e-02 6.786501035094261169e-03 6.534804403781890869e-02 1.892716065049171448e-02 3.012187220156192780e-02 4.104033578187227249e-03 1.080510392785072327e-01 1.037591248750686646e-01 2.636401541531085968e-02 4.364274814724922180e-02 2.884344756603240967e-02 3.312421217560768127e-02 2.779547066893428564e-04 5.359499901533126831e-02 2.671655826270580292e-02 2.699951641261577606e-02 2.433484792709350586e-02 8.646796643733978271e-02 2.630036883056163788e-02 2.878872118890285492e-02 9.252688288688659668e-02 2.090707235038280487e-02 2.531825564801692963e-02 8.883863687515258789e-03 2.035934105515480042e-02 2.127368375658988953e-02 4.789853841066360474e-02 4.637298360466957092e-02
1.552988681942224503e-02 4.990734532475471497e-02 1.145787723362445831e-02 1.293333768844604492e-01 1.360207498073577881e-01 6.704500317573547363e-02 3.443657606840133667e-02 2.455612830817699432e-02 1.740467152558267117e-03 2.343762852251529694e-02 7.175492122769355774e-03 1.751116011291742325e-03 4.538581147789955139e-02 4.717580229043960571e-02 2.436377480626106262e-02 1.490807160735130310e-02 2.179883792996406555e-02 3.337733820080757141e-02 1.607796177268028259e-02 8.778560906648635864e-02 3.254932118579745293e-03 3.254087641835212708e-02 3.987010195851325989e-02 2.542383735999464989e-04 3.337886184453964233e-02 4.175420850515365601e-02 6.961137056350708008e-02 3.034811653196811676e-02 3.710844740271568298e-02 9.272015839815139771e-02 2.160505577921867371e-02 4.798973351716995239e-02 3.265217319130897522e-02 8.410508185625076294e-02 3.026123531162738800e-02 6.186419725418090820e-02 5.880923569202423096e-02 2.210649289190769196e-02 2.233968675136566162e-01 1.693838536739349365e-01 1.668750192038714886e-03 6.534375250339508057e-02 6.567688193172216415e-03 2.392313815653324127e-02 2.672443538904190063e-02 1.557143498212099075e-02 4.021656513214111328e-02 5.125264823436737061e-02 2.520551439374685287e-03 2.528032287955284119e-02 2.629175968468189240e-02 5.339011177420616150e-02 7.392677664756774902e-02 3.971088677644729614e-02 5.571478977799415588e-04 3.047896176576614380e-02 9.707693941891193390e-03 2.001320198178291321e-02 1.050062663853168488e-02 5.070762336254119873e-02 3.115650825202465057e-02 3.690099110826849937e-03 1.688311807811260223e-02 2.070344425737857819e-02 8.128990232944488525e-02 1.487000845372676849e-02 1.323092728853225708e-01 2.965563721954822540e-02 9.380943141877651215e-03 1.522308494895696640e-02 4.265173047315329313e-04 1.002100016921758652e-02 1.260477490723133087e-02 4.832643270492553711e-02 6.129367649555206299e-02 2.730497531592845917e-02 2.889709547162055969e-02 4.974615294486284256e-03 8.103958331048488617e-03 3.836500272154808044e-02 3.834519162774085999e-02 5.380055308341979980e-02 6.824092566967010498e-02 3.140005050227046013e-03 3.917135298252105713e-02 5.257897451519966125e-02 1.024525845423340797e-03 5.366785079240798950e-02 1.517726294696331024e-02 2.316850610077381134e-02 5.045639723539352417e-02 7.388722151517868042e-02 3.831048309803009033e-02 1.114653795957565308e-01 3.343002125620841980e-02 1.126922369003295898e-01 4.409757256507873535e-02 4.227206856012344360e-02 4.487125575542449951e-02 5.651487037539482117e-02 8.656165003776550293e-02 8.565918542444705963e-03 3.720194101333618164e-02 5.979632958769798279e-02 5.276104062795639038e-02 2.658079378306865692e-02 9.324292838573455811e-02 1.659712195396423340e-02 1.959156990051269531e-02 6.886332761496305466e-03 1.960327499546110630e-04 1.808340288698673248e-02 9.248636662960052490e-03 3.731647878885269165e-02 1.248606201261281967e-02 2.739966474473476410e-02
1.746066957712173462e-01 5.774517729878425598e-02 7.799383997917175293e-02 3.964508324861526489e-02 6.704500317573547363e-02 1.659072190523147583e-01 3.391460478305816650e-01 3.588799387216567993e-02 5.383212119340896606e-02 3.904250636696815491e-02 1.106766611337661743e-01 7.528677582740783691e-02 6.318432092666625977e-02 1.316225249320268631e-02 2.859850414097309113e-02 5.664961412549018860e-02 3.048093058168888092e-02 3.857459127902984619e-02 1.343172043561935425e-02 7.053167372941970825e-02 4.544702917337417603e-02 4.172586835920810699e-03 5.812191218137741089e-02 6.019089370965957642e-03 4.222892969846725464e-02 4.025867581367492676e-02 2.515457011759281158e-02 2.558975666761398315e-02 4.858646169304847717e-02 6.661502178758382797e-03 3.260527178645133972e-02 4.218451678752899170e-02 8.729360997676849365e-03 3.324520215392112732e-02 1.787976548075675964e-02 4.371787235140800476e-02 6.185288727283477783e-02 1.043090131133794785e-02 6.519548594951629639e-02 5.567033216357231140e-02 3.446194902062416077e-02 1.332449261099100113e-03 1.580350659787654877e-02 3.432965278625488281e-02 5.677299108356237411e-03 2.439724095165729523e-02 2.483020424842834473e-01 1.192086264491081238e-01 5.765644833445549011e-02 3.855179250240325928e-02 3.051735274493694305e-02 3.781507536768913269e-02 2.255498664453625679e-03 1.544968131929636002e-02 2.445601858198642731e-02 4.216774180531501770e-02 1.778181456029415131e-02 1.769289374351501465e-02 1.224165875464677811e-02 4.467239603400230408e-02 1.830615475773811340e-02 6.162049621343612671e-02 2.677241526544094086e-02 1.923843519762158394e-03 1.613304577767848969e-02 3.707109391689300537e-02 9.369274228811264038e-02 9.278326295316219330e-03 3.638462722301483154e-02 2.803251554723829031e-04 2.972291596233844757e-02 2.421934157609939575e-02 3.897195681929588318e-02 2.818816155195236206e-02 9.022179991006851196e-02 2.453197911381721497e-02 3.012247942388057709e-02 2.942833816632628441e-03 1.365775335580110550e-02 4.926478490233421326e-02 8.782987296581268311e-02 3.239504992961883545e-02 6.590699404478073120e-02 1.080051530152559280e-02 3.124517016112804413e-02 2.956249006092548370e-02 4.887640010565519333e-03 1.536142546683549881e-02 7.250878959894180298e-02 1.302764657884836197e-02 4.435353353619575500e-02 2.253041975200176239e-02 6.991825532168149948e-03 1.050171907991170883e-02 2.152032032608985901e-02 1.429217122495174408e-02 5.185345932841300964e-02 3.056397475302219391e-02 2.695521339774131775e-02 2.703249454498291016e-02 1.146865426562726498e-03 3.092232719063758850e-02 2.430064417421817780e-02 4.279346019029617310e-02 2.903590910136699677e-02 2.045505447313189507e-03 4.409919679164886475e-02 1.435025501996278763e-02 2.676236629486083984e-02 5.472155660390853882e-02 4.294665530323982239e-02 7.178763858973979950e-03 2.518447116017341614e-02 5.205709114670753479e-02 1.416566967964172363e-02 6.230524554848670959e-02
1.434748023748397827e-01 1.580299437046051025e-01 6.177679821848869324e-02 2.323630638420581818e-02 3.443657606840133667e-02 3.391460478305816650e-01 1.723131835460662842e-01 1.483550574630498886e-02 4.849249124526977539e-02 3.214465687051415443e-04 2.215071395039558411e-02 6.130486726760864258e-02 8.377181738615036011e-02 1.523029208183288574e-01 1.546038500964641571e-02 4.946438968181610107e-02 1.167985610663890839e-02 2.106280997395515442e-02 3.205087035894393921e-02 7.452000677585601807e-02 3.370086848735809326e-02 8.786845020949840546e-03 2.991386875510215759e-02 1.300196722149848938e-02 1.037376094609498978e-02 2.992155961692333221e-02 8.427134901285171509e-02 5.610382556915283203e-02 1.239695213735103607e-02 3.279915824532508850e-02 2.048377413302659988e-03 2.627244032919406891e-02 8.257848210632801056e-03 1.578733325004577637e-02 1.846078783273696899e-02 1.081733964383602142e-02 2.647612057626247406e-02 3.887990862131118774e-02 2.679697424173355103e-02 3.898143023252487183e-02 2.501431107521057129e-02 4.970343038439750671e-02 1.060730125755071640e-02 1.164709124714136124e-02 7.407525181770324707e-02 2.307015657424926758e-02 1.883692592382431030e-01 1.684414744377136230e-01 1.732344180345535278e-02 4.050272982567548752e-03 1.408695150166749954e-02 9.168932447209954262e-04 2.793328277766704559e-02 2.674495987594127655e-02 2.975001744925975800e-02 1.707818545401096344e-02 5.188771709799766541e-02 9.424767456948757172e-03 1.202840358018875122e-02 4.848136007785797119e-02 3.225471079349517822e-02 1.420559082180261612e-02 1.339555811136960983e-02 4.574491456151008606e-02 1.124816201627254486e-02 6.117750704288482666e-02 3.320988640189170837e-02 5.472336336970329285e-02 4.388362541794776917e-02 2.142391726374626160e-02 4.293265566229820251e-02 2.254379168152809143e-02 4.934615269303321838e-02 2.724377624690532684e-02 1.401599775999784470e-02 1.621532067656517029e-02 4.752527177333831787e-02 5.581491813063621521e-02 4.879288375377655029e-02 2.284067869186401367e-02 3.694475395604968071e-03 2.904403768479824066e-02 1.315376162528991699e-01 7.197125814855098724e-03 6.551329512149095535e-03 7.672072853893041611e-03 1.101152505725622177e-02 9.435161016881465912e-03 1.882047578692436218e-02 2.448490075767040253e-02 5.674372240900993347e-02 2.545395307242870331e-02 4.527438059449195862e-02 4.006381146609783173e-03 9.701000526547431946e-03 2.163289673626422882e-02 5.704297870397567749e-02 5.137877538800239563e-02 1.117967348545789719e-02 1.243433635681867599e-02 1.160343829542398453e-02 2.483323914930224419e-03 5.621514841914176941e-02 6.672599166631698608e-02 5.751284770667552948e-03 2.507455274462699890e-02 5.606421455740928650e-02 3.762269020080566406e-02 9.601180441677570343e-03 4.087657481431961060e-02 8.492805063724517822e-03 2.015550807118415833e-02 3.385480493307113647e-02 3.832666203379631042e-02 9.675023145973682404e-03 4.734044522047042847e-02
2.772757411003112793e-02 2.456892840564250946e-02 1.617757081985473633e-01 1.167278364300727844e-02 2.455612830817699432e-02 3.588799387216567993e-02 1.483550574630498886e-02 1.528345197439193726e-01 1.886511780321598053e-02 2.739531046245247126e-04 1.876019313931465149e-02 6.859216839075088501e-02 7.382101565599441528e-02 4.927406087517738342e-02 1.517929434776306152e-01 5.313449725508689880e-02 4.133633803576231003e-03 6.204497069120407104e-03 1.939021609723567963e-02 2.980630844831466675e-02 7.428131531924009323e-03 3.806403651833534241e-02 4.183604940772056580e-02 5.490562319755554199e-02 2.344210259616374969e-02 2.138035185635089874e-02 1.082582026720046997e-02 5.342830717563629150e-02 8.014396764338016510e-03 6.791568826884031296e-03 5.065101757645606995e-02 8.448960632085800171e-02 3.629887243732810020e-03 7.061969488859176636e-02 1.861382462084293365e-02 6.016039848327636719e-02 3.249942883849143982e-02 4.767680168151855469e-02 3.745697438716888428e-02 4.558504745364189148e-02 5.578124895691871643e-03 5.796013772487640381e-02 4.423341527581214905e-02 2.353272959589958191e-02 3.035773336887359619e-02 4.032570403069257736e-03 2.989145554602146149e-02 1.802069135010242462e-02 2.147383987903594971e-02 2.620710618793964386e-02 4.365141969174146652e-03 1.452062930911779404e-02 5.907604843378067017e-02 1.683422736823558807e-02 3.686574846506118774e-02 2.315393462777137756e-02 1.642866060137748718e-02 3.706706687808036804e-02 1.395715028047561646e-01 1.606390066444873810e-02 3.439338877797126770e-02 1.863110624253749847e-02 2.611104573588818312e-04 1.662582159042358398e-02 1.186411902308464050e-01 5.424680653959512711e-03 3.934183623641729355e-03 1.401619240641593933e-02 7.306949794292449951e-02 4.298141226172447205e-02 5.718003213405609131e-02 3.463511914014816284e-02 3.924655262380838394e-03 3.574714064598083496e-02 2.634239755570888519e-02 6.208673119544982910e-02 7.287430018186569214e-02 2.582648023962974548e-02 4.755729064345359802e-02 4.116774350404739380e-02 2.505091726779937744e-01 1.635094434022903442e-01 5.857291631400585175e-03 1.557669509202241898e-02 3.719422593712806702e-02 1.262076105922460556e-02 1.885181218385696411e-01 1.740650981664657593e-01 6.959887593984603882e-02 6.115977186709642410e-03 3.097343817353248596e-02 3.791350871324539185e-02 2.722552046179771423e-02 4.036691039800643921e-02 2.349838800728321075e-02 2.034372836351394653e-02 1.267702132463455200e-02 2.951043192297220230e-03 2.316066808998584747e-02 1.702554896473884583e-02 4.983607679605484009e-02 1.801672950387001038e-02 4.057783633470535278e-02 2.479605562984943390e-02 2.633919240906834602e-03 2.185055054724216461e-02 3.647498413920402527e-02 1.441227179020643234e-02 1.164629065897315741e-04 1.510958187282085419e-02 1.202244125306606293e-02 1.635652501136064529e-03 2.522049844264984131e-02 2.594946138560771942e-02 2.087595127522945404e-02 4.084692522883415222e-02
2.927698940038681030e-02 4.048569500446319580e-02 3.637043060734868050e-03 2.868010289967060089e-02 1.740467152558267117e-03 5.383212119340896606e-02 4.849249124526977539e-02 1.886511780321598053e-02 1.246355697512626648e-01 5.724596977233886719e-02 5.570235103368759155e-02 9.528661519289016724e-02 3.361560776829719543e-02 6.930333375930786133e-02 6.747091189026832581e-03 2.856047824025154114e-02 5.816629528999328613e-02 4.398078098893165588e-02 4.966854467056691647e-04 2.229097299277782440e-02 4.463884606957435608e-02 9.861654834821820259e-04 3.585815429687500000e-02 3.138886531814932823e-03 4.728614911437034607e-02 3.282996593043208122e-03 3.413544967770576477e-02 2.446017786860466003e-02 5.100208893418312073e-02 2.036301605403423309e-02 3.387029469013214111e-02 8.358789235353469849e-02 1.771276257932186127e-02 6.410768628120422363e-02 9.240220300853252411e-03 4.181968048214912415e-02 6.824346631765365601e-02 5.604952201247215271e-02 1.980007998645305634e-02 1.811994984745979309e-02 1.765788346529006958e-02 5.405738204717636108e-02 1.402977760881185532e-02 2.890643849968910217e-02 3.936936706304550171e-02 2.434786036610603333e-02 4.473745822906494141e-02 2.273874543607234955e-02 1.366386655718088150e-02 1.351521350443363190e-02 2.486605197191238403e-03 5.997000727802515030e-03 2.635257877409458160e-02 3.703976795077323914e-02 8.590120822191238403e-02 3.197500109672546387e-02 1.778679341077804565e-02 1.866529323160648346e-02 1.118794828653335571e-02 3.149241954088211060e-02 5.679462105035781860e-03 3.881962504237890244e-03 4.997973330318927765e-03 8.720251731574535370e-03 2.927153185009956360e-02 5.013341084122657776e-02 2.760152705013751984e-02 2.160219289362430573e-02 5.202867090702056885e-02 1.270280685275793076e-02 1.639802753925323486e-02 6.251488626003265381e-02 1.004525925964117050e-02 8.714426308870315552e-03 2.101919241249561310e-02 4.801308363676071167e-02 1.414675265550613403e-01 4.913821443915367126e-02 6.894209235906600952e-02 8.242435753345489502e-03 9.024307655636221170e-05 1.144596189260482788e-02 5.129204317927360535e-02 3.108418895862996578e-04 1.243147812783718109e-02 1.780982874333858490e-02 3.976514562964439392e-02 4.703079909086227417e-02 7.628676295280456543e-02 4.300018027424812317e-02 3.301728516817092896e-02 9.834148921072483063e-03 1.537260785698890686e-02 3.223864361643791199e-02 4.816603660583496094e-02 1.725678332149982452e-02 1.224519452080130577e-03 6.811919063329696655e-02 2.292022854089736938e-02 9.792815893888473511e-03 5.055643990635871887e-02 4.805546626448631287e-02 9.948179125785827637e-03 1.414896082133054733e-02 2.196758426725864410e-02 1.229621563106775284e-02 4.078616201877593994e-02 2.408036217093467712e-02 1.642730273306369781e-02 3.141863644123077393e-02 2.345380373299121857e-02 2.055234462022781372e-02 9.332137182354927063e-03 3.009818121790885925e-02 1.479845866560935974e-02 4.308355972170829773e-02
7.614779472351074219e-02 3.976693376898765564e-02 1.327305939048528671e-02 4.437267035245895386e-02 2.343762852251529694e-02 3.904250636696815491e-02 3.214465687051415443e-04 2.739531046245247126e-04 5.724596977233886719e-02 1.251571476459503174e-01 1.624283380806446075e-02 6.870563142001628876e-03 5.394881591200828552e-02 4.444669932126998901e-02 2.764492668211460114e-02 9.358894079923629761e-03 2.474184613674879074e-03 6.448743864893913269e-03 6.277519464492797852e-02 2.224886417388916016e-02 6.897303462028503418e-02 2.578345313668251038e-02 2.604346536099910736e-02 5.886630713939666748e-02 6.418246310204267502e-03 2.942836470901966095e-02 4.772503301501274109e-02 2.627016790211200714e-02 3.076132573187351227e-02 4.239280708134174347e-03 4.811836406588554382e-03 4.914365336298942566e-02 1.323647913523018360e-03 7.544194906949996948e-02 9.695618413388729095e-03 1.454373169690370560e-02 4.385193064808845520e-02 1.310922764241695404e-02 2.881693886592984200e-03 1.441380474716424942e-02 2.098453976213932037e-02 9.314575232565402985e-03 2.146573364734649658e-02 1.337897684425115585e-02 1.347630005329847336e-02 5.506919696927070618e-02 2.748866565525531769e-02 9.960257448256015778e-03 8.106183260679244995e-03 8.750721067190170288e-02 5.209100898355245590e-03 2.517033927142620087e-02 1.636506058275699615e-02 4.088294878602027893e-02 5.303194746375083923e-02 8.137567341327667236e-02 7.135118544101715088e-02 3.639488294720649719e-02 3.304147161543369293e-03 3.083175048232078552e-02 1.591830700635910034e-02 4.031568765640258789e-02 3.916106000542640686e-02 3.020227886736392975e-02 5.296179559081792831e-03 2.764953766018152237e-03 4.031066223978996277e-02 2.630607038736343384e-02 8.616186678409576416e-03 5.889226123690605164e-02 2.447174629196524620e-03 1.350494381040334702e-02 4.448006302118301392e-02 4.122008383274078369e-02 4.583349078893661499e-02 3.251389041543006897e-02 1.214394811540842056e-03 6.802202016115188599e-02 4.200721159577369690e-02 9.317001700401306152e-02 8.700706064701080322e-03 8.007867261767387390e-03 2.349094720557332039e-03 2.100791968405246735e-02 1.414890028536319733e-02 8.755217492580413818e-02 1.526272855699062347e-02 1.150427944958209991e-02 3.867999091744422913e-02 2.880115061998367310e-02 2.854484505951404572e-02 2.590284310281276703e-02 2.599845826625823975e-02 5.185546353459358215e-03 1.717070862650871277e-02 3.367857262492179871e-02 6.833972036838531494e-02 1.470633037388324738e-02 4.919870942831039429e-02 5.698266252875328064e-02 2.616815827786922455e-02 5.139666423201560974e-02 3.330400586128234863e-02 7.820213213562965393e-04 1.108320150524377823e-02 5.031199194490909576e-03 3.622112423181533813e-02 2.209904603660106659e-02 1.448718644678592682e-02 2.984105050563812256e-02 9.745763614773750305e-03 5.187712982296943665e-02 1.281897909939289093e-02 5.381335970014333725e-03 2.923730015754699707e-02 8.746461942791938782e-03
1.562540829181671143e-01 1.412720382213592529e-01 4.861378401983529329e-04 2.191270515322685242e-02 7.175492122769355774e-03 1.106766611337661743e-01 2.215071395039558411e-02 1.876019313931465149e-02 5.570235103368759155e-02 1.624283380806446075e-02 1.318603903055191040e-01 1.664531417191028595e-02 2.013566941022872925e-01 2.885886467993259430e-02 8.156826719641685486e-03 4.011119157075881958e-02 1.828904822468757629e-02 1.480745268054306507e-03 3.779544308781623840e-02 3.907850012183189392e-02 7.771328091621398926e-02 6.112491711974143982e-02 2.293858677148818970e-02 1.611859351396560669e-02 3.775729273911565542e-04 1.423310721293091774e-03 2.564393915235996246e-03 6.468085572123527527e-03 9.990929812192916870e-02 1.475383155047893524e-02 8.582189679145812988e-02 1.634966116398572922e-03 6.587135791778564453e-02 2.315300283953547478e-03 2.676521241664886475e-02 8.155911415815353394e-02 4.954384639859199524e-02 3.520603477954864502e-02 1.368687488138675690e-02 8.283753879368305206e-03 3.956253826618194580e-02 5.845937877893447876e-02 1.023406814783811569e-02 6.390389520674943924e-03 5.311141163110733032e-02 5.917395465075969696e-03 3.686705231666564941e-02 1.638852618634700775e-02 5.951181799173355103e-02 1.924636540934443474e-03 1.489115413278341293e-02 2.010909374803304672e-03 5.574264377355575562e-02 2.311703981831669807e-03 1.658045314252376556e-02 3.682033345103263855e-02 2.637344598770141602e-02 5.178012070246040821e-04 5.478586535900831223e-03 3.713776916265487671e-02 6.517023779451847076e-03 6.762221455574035645e-02 1.808769442141056061e-02 2.169992402195930481e-02 1.344300955533981323e-01 2.739254944026470184e-02 3.789741545915603638e-02 2.690407633781433105e-02 2.733859606087207794e-02 7.297939807176589966e-02 6.540302932262420654e-02 4.166088253259658813e-02 6.317944824695587158e-02 3.022217750549316406e-02 2.183540351688861847e-02 7.523673120886087418e-03 4.206118732690811157e-02 2.476796321570873260e-02 8.794260025024414062e-02 5.804139003157615662e-02 1.672140508890151978e-02 1.519801001995801926e-02 1.382110081613063812e-02 8.011890575289726257e-03 1.012050267308950424e-02 2.302674949169158936e-02 1.228452101349830627e-02 1.167787704616785049e-02 5.183953791856765747e-02 4.082557931542396545e-02 7.331793662160634995e-03 4.902930185198783875e-02 6.758869439363479614e-02 4.949969053268432617e-02 3.635132685303688049e-02 5.280268844217061996e-03 5.224191024899482727e-02 2.832167595624923706e-02 3.052696585655212402e-02 4.514010623097419739e-02 6.743812933564186096e-03 5.566575750708580017e-02 3.950586915016174316e-02 5.683647096157073975e-02 3.067533485591411591e-02 1.619271934032440186e-02 5.247895792126655579e-02 8.283863216638565063e-02 1.960887387394905090e-02 9.037823975086212158e-02 2.441664598882198334e-02 1.174067426472902298e-02 1.445117872208356857e-03 6.395964301191270351e-04 1.859072409570217133e-02 4.095078259706497192e-02
2.075110189616680145e-02 2.155228145420551300e-02 3.718273341655731201e-02 4.027877934277057648e-03 1.751116011291742325e-03 7.528677582740783691e-02 6.130486726760864258e-02 6.859216839075088501e-02 9.528661519289016724e-02 6.870563142001628876e-03 1.664531417191028595e-02 1.789391487836837769e-01 5.511201173067092896e-02 1.793355941772460938e-01 6.553745269775390625e-02 5.013167485594749451e-02 4.798476397991180420e-02 7.992297410964965820e-03 1.430518832057714462e-02 5.853657796978950500e-02 7.099740207195281982e-02 5.160205438733100891e-02 2.526014670729637146e-02 1.079640612006187439e-01 1.704083755612373352e-02 9.640333801507949829e-02 1.964490115642547607e-02 1.432426422834396362e-01 6.102728843688964844e-02 1.473301798105239868e-01 1.345261000096797943e-02 8.170473575592041016e-02 7.232341170310974121e-02 1.030365452170372009e-01 2.315173111855983734e-02 2.028355188667774200e-02 3.501687198877334595e-02 6.251423154026269913e-03 1.824002899229526520e-02 8.328110910952091217e-03 4.262694716453552246e-02 7.073167711496353149e-02 8.692428469657897949e-03 1.994869299232959747e-02 5.216852575540542603e-02 5.862354859709739685e-02 5.304326862096786499e-02 1.982725225389003754e-02 6.956928223371505737e-02 8.410809189081192017e-02 2.312617190182209015e-02 8.979816921055316925e-03 2.295824699103832245e-02 8.543185144662857056e-02 7.278487086296081543e-02 2.969372645020484924e-02 9.231046587228775024e-02 2.396020106971263885e-02 7.090023159980773926e-02 1.066742744296789169e-02 3.979814797639846802e-02 7.476012408733367920e-02 7.926451414823532104e-02 5.036204680800437927e-02 1.015000939369201660e-01 6.710469722747802734e-02 6.983601301908493042e-02 7.323563843965530396e-02 6.287802010774612427e-02 7.894283160567283630e-03 4.808815196156501770e-02 5.666479840874671936e-02 1.528837135992944241e-03 6.562449038028717041e-02 2.148269861936569214e-02 7.535131275653839111e-02 1.463873237371444702e-01 8.136875182390213013e-02 4.846476390957832336e-02 2.384899184107780457e-02 1.930253766477108002e-02 4.975097253918647766e-02 5.114314844831824303e-04 1.098125055432319641e-02 2.130853943526744843e-02 2.540699020028114319e-02 6.270646303892135620e-02 3.080072067677974701e-02 1.009149849414825439e-01 3.895536810159683228e-02 4.723455756902694702e-02 4.153925552964210510e-02 2.922039106488227844e-02 4.359535872936248779e-02 3.222012892365455627e-02 1.937423646450042725e-02 3.914809226989746094e-02 5.369379743933677673e-02 4.812813550233840942e-02 3.602362051606178284e-02 3.937237709760665894e-02 3.045705147087574005e-02 2.166051417589187622e-02 1.035290490835905075e-02 8.648651838302612305e-02 5.813797935843467712e-02 1.260730065405368805e-02 7.471513003110885620e-02 8.823559619486331940e-03 5.686285719275474548e-02 5.801796913146972656e-03 4.036631807684898376e-02 2.149953879415988922e-02 7.903749123215675354e-03 3.371594473719596863e-02 4.052885621786117554e-02
8.726688474416732788e-02 1.711541861295700073e-01 4.357509687542915344e-02 9.780811145901679993e-03 4.538581147789955139e-02 6.318432092666625977e-02 8.377181738615036011e-02 7.382101565599441528e-02 3.361560776829719543e-02 5.394881591200828552e-02 2.013566941022872925e-01 5.511201173067092896e-02 1.574760377407073975e-01 2.312872931361198425e-02 1.817400194704532623e-02 1.211854163557291031e-02 7.287235464900732040e-03 6.156756356358528137e-02 1.938133127987384796e-02 7.993382960557937622e-02 1.017872840166091919e-01 7.958621531724929810e-02 3.763477876782417297e-02 1.393297966569662094e-02 2.222156897187232971e-02 3.456967696547508240e-02 4.583647847175598145e-02 2.988123334944248199e-02 1.048549860715866089e-01 2.622957155108451843e-02 1.413519531488418579e-01 3.402504697442054749e-02 2.185858786106109619e-02 4.774836823344230652e-02 3.302177041769027710e-02 3.275063633918762207e-02 2.230174466967582703e-02 3.255991265177726746e-02 1.490876730531454086e-02 3.535412251949310303e-02 1.753311231732368469e-02 1.547179708722978830e-04 2.351187169551849365e-02 1.328923925757408142e-02 5.209689959883689880e-02 5.059047415852546692e-02 4.524048045277595520e-02 6.947722285985946655e-02 2.214422682300209999e-03 5.281696096062660217e-02 1.674818247556686401e-02 1.343347579240798950e-01 3.686952870339155197e-03 1.016871631145477295e-02 3.757588798180222511e-03 3.446817770600318909e-02 4.546072706580162048e-02 3.162041306495666504e-02 6.810475140810012817e-02 3.344610333442687988e-02 5.527238361537456512e-03 2.223933488130569458e-02 4.103801399469375610e-02 2.143462887033820152e-03 1.017350405454635620e-01 1.094719767570495605e-01 2.004278451204299927e-02 1.849112333729863167e-03 3.935946151614189148e-02 2.483154833316802979e-02 9.289039671421051025e-02 4.368146415799856186e-03 2.274761721491813660e-02 3.370808437466621399e-02 2.684824354946613312e-02 3.763157501816749573e-02 4.127535223960876465e-02 4.075447469949722290e-02 3.642903268337249756e-02 2.174698375165462494e-02 6.682264059782028198e-02 4.491239041090011597e-02 2.784333564341068268e-02 1.437705662101507187e-02 4.298897692933678627e-04 1.271623652428388596e-02 1.075617875903844833e-02 2.185125090181827545e-02 6.379595398902893066e-02 2.504945360124111176e-02 3.007841669023036957e-02 3.502376750111579895e-02 1.090963464230298996e-02 9.586155414581298828e-03 1.972121000289916992e-02 4.199846461415290833e-02 4.942775890231132507e-02 7.674188911914825439e-02 1.379694789648056030e-03 3.714832419063895941e-04 1.307009370066225529e-03 1.516579091548919678e-02 8.650371804833412170e-03 1.658541150391101837e-02 2.528519369661808014e-03 1.245506573468446732e-02 4.709536209702491760e-03 4.902147338725626469e-04 2.213427051901817322e-02 2.322530187666416168e-02 1.499768160283565521e-02 4.375606402754783630e-02 4.314610734581947327e-02 9.391333907842636108e-03 1.989326812326908112e-02 5.353398248553276062e-02
