4.871356487274169922e-02 1.450408846139907837e-01 1.090939901769161224e-02 5.642914399504661560e-02 5.469630658626556396e-02 1.079988926649093628e-01 7.157027721405029297e-02 3.471166640520095825e-02 3.119493089616298676e-02 1.838323660194873810e-02 1.512053906917572021e-01 2.679603919386863708e-02 1.086098700761795044e-01 1.506727840751409531e-02 3.854602575302124023e-02 3.360566124320030212e-02 3.218023851513862610e-02 5.523886904120445251e-02 6.144478917121887207e-03 2.990639023482799530e-02 4.459215328097343445e-02 8.455279283225536346e-03 3.881737217307090759e-02 1.412644865922629833e-03 5.756104830652475357e-03 4.801340028643608093e-02 5.589765310287475586e-02 8.568316698074340820e-03 4.182771220803260803e-02 2.137280069291591644e-02 5.552911758422851562e-02 2.570872008800506592e-02 3.941764682531356812e-02 2.818517386913299561e-02 2.201730012893676758e-02 1.437787059694528580e-02 1.610285043716430664e-02 1.383021939545869827e-02 2.264220453798770905e-02 2.375574409961700439e-02 3.862179815769195557e-02 1.066170632839202881e-02 2.555674314498901367e-02 2.998003363609313965e-02 2.181975170969963074e-02 1.725326292216777802e-02 7.587667554616928101e-02 1.433531101793050766e-02 3.056795336306095123e-02 8.783667348325252533e-03 3.484208509325981140e-02 3.554547578096389771e-02 6.649439036846160889e-02 2.805616520345211029e-02 2.563971653580665588e-02 4.596533998847007751e-02 1.287498325109481812e-02 8.982140570878982544e-03 3.312985599040985107e-02 2.415219321846961975e-02 1.494337338954210281e-02 4.759348183870315552e-02 2.255596220493316650e-02 2.935490570962429047e-02 1.541536860167980194e-02 2.456364454701542854e-03 2.773793879896402359e-03 1.957338303327560425e-02 1.157042570412158966e-03 2.254722826182842255e-02 4.742648079991340637e-02 3.324136510491371155e-02 7.481579203158617020e-03 2.982412651181221008e-02 6.374363787472248077e-03 1.150906085968017578e-02 1.395619567483663559e-02 2.436659066006541252e-03 4.435102641582489014e-02 7.645261473953723907e-03 1.120106317102909088e-02 4.377540666610002518e-03 5.683670192956924438e-02 1.119627151638269424e-02 3.008119203150272369e-02 2.329540252685546875e-02 3.717393428087234497e-02 3.065358102321624756e-02 2.694792486727237701e-02 7.026094477623701096e-03 3.717528656125068665e-02 6.861601490527391434e-03 7.000063359737396240e-02 7.927755825221538544e-03 2.131998352706432343e-02 2.116227988153696060e-03 9.267634153366088867e-02 1.349696703255176544e-02 1.827139966189861298e-02 2.335625141859054565e-02 4.723384045064449310e-03 8.628322742879390717e-03 5.146307125687599182e-02 1.797514781355857849e-02 4.954572394490242004e-02 1.047841645777225494e-02 2.927839010953903198e-02 3.502938151359558105e-02 1.960857398808002472e-02 2.021117880940437317e-02 6.935339886695146561e-03 2.921682037413120270e-02 4.117901250720024109e-02 6.738942582160234451e-03 6.938309222459793091e-02 1.167149171233177185e-01
1.450408846139907837e-01 4.741839691996574402e-02 9.475647471845149994e-03 5.553927272558212280e-02 2.253477927297353745e-03 1.307719796895980835e-01 1.111769750714302063e-01 7.451306097209453583e-03 1.158674899488687515e-02 1.521604135632514954e-02 1.416661888360977173e-01 1.202175114303827286e-02 1.510173678398132324e-01 3.369516052771359682e-04 4.805766046047210693e-03 3.578419238328933716e-02 3.873165324330329895e-02 3.102770633995532990e-02 4.928101319819688797e-03 3.747981414198875427e-02 3.629183024168014526e-02 7.378681097179651260e-03 1.446619443595409393e-02 2.845389954745769501e-02 2.231733687222003937e-02 4.573951661586761475e-02 4.607896879315376282e-02 1.029806863516569138e-02 1.234951894730329514e-02 2.699519693851470947e-02 5.144992098212242126e-02 2.886491082608699799e-02 1.589305512607097626e-02 2.957862056791782379e-02 3.813136368989944458e-02 3.331795707345008850e-02 1.581873930990695953e-02 2.500160411000251770e-02 1.397284027189016342e-02 5.139856413006782532e-02 5.979224666953086853e-02 5.944877862930297852e-03 2.396252937614917755e-02 2.517889253795146942e-02 2.726804278790950775e-02 7.166404742747545242e-03 5.114703997969627380e-02 1.185251120477914810e-02 8.157303091138601303e-04 3.717887774109840393e-02 2.156459912657737732e-02 2.835015393793582916e-02 2.495129033923149109e-02 3.062172094359993935e-03 5.041221811552532017e-05 1.827820204198360443e-02 1.877951435744762421e-03 1.992579549551010132e-02 5.769344046711921692e-02 8.975577540695667267e-03 2.797945868223905563e-03 1.581752672791481018e-02 2.032317593693733215e-02 3.692192956805229187e-02 3.293376415967941284e-02 5.618124455213546753e-02 2.073373070743400604e-05 3.115802444517612457e-02 3.561621997505426407e-03 2.930961176753044128e-02 2.541206404566764832e-02 5.282821878790855408e-02 2.975506009534001350e-03 2.995128184556961060e-02 1.421897020190954208e-02 3.071522153913974762e-02 1.613914035260677338e-02 5.625326186418533325e-03 2.788855135440826416e-02 1.104522403329610825e-02 2.536167763173580170e-02 1.566446572542190552e-02 7.135444134473800659e-02 3.922007232904434204e-02 1.339053455740213394e-02 3.047448024153709412e-02 3.747079521417617798e-02 2.142916806042194366e-02 3.537758439779281616e-02 2.121107466518878937e-02 3.171195089817047119e-02 1.760038174688816071e-02 4.950570687651634216e-02 2.306511253118515015e-02 2.524076588451862335e-02 1.949760317802429199e-02 1.931381598114967346e-02 2.970212325453758240e-02 5.557437986135482788e-02 6.733746267855167389e-03 1.385683473199605942e-02 1.774486713111400604e-02 3.210241720080375671e-02 2.681271918118000031e-02 6.558867171406745911e-04 9.025921113789081573e-03 5.275731161236763000e-02 5.069488659501075745e-02 3.921622876077890396e-03 4.786207154393196106e-02 1.063976157456636429e-02 5.371285229921340942e-02 1.812966726720333099e-02 1.071471255272626877e-02 2.799823135137557983e-02 5.311057344079017639e-02
1.090939901769161224e-02 9.475647471845149994e-03 5.565564706921577454e-02 5.619450472295284271e-03 2.925114333629608154e-02 6.253650039434432983e-02 2.022526226937770844e-02 1.337752491235733032e-01 7.465514540672302246e-02 1.452775555662810802e-03 1.894531957805156708e-02 2.889557927846908569e-02 3.704625368118286133e-02 3.719837591052055359e-02 1.018523350358009338e-01 8.660953491926193237e-03 2.487931633368134499e-03 3.508713841438293457e-02 1.438260450959205627e-02 3.784751147031784058e-02 7.957398891448974609e-02 3.626568242907524109e-02 5.682896450161933899e-02 3.902038186788558960e-02 1.544997468590736389e-02 5.892601236701011658e-02 6.471398472785949707e-02 1.710063405334949493e-02 1.100093871355056763e-01 4.154307022690773010e-02 3.719726949930191040e-02 6.648011505603790283e-02 7.118642330169677734e-02 9.073340147733688354e-02 4.676532745361328125e-02 3.711706399917602539e-02 5.875980854034423828e-02 3.733669593930244446e-02 6.541013251990079880e-03 1.826169341802597046e-02 3.267595171928405762e-02 5.606066808104515076e-02 5.811882019042968750e-02 3.921029344201087952e-02 2.563197864219546318e-03 3.964553400874137878e-02 4.439619556069374084e-02 1.778077520430088043e-02 6.410960108041763306e-02 2.207558043301105499e-02 4.753405693918466568e-03 3.331600129604339600e-02 1.816938631236553192e-02 5.018102005124092102e-02 1.108570173382759094e-01 6.885197479277849197e-03 1.162750739604234695e-02 1.590957515873014927e-03 1.984979361295700073e-01 1.216282788664102554e-02 9.273158386349678040e-03 2.330499887466430664e-02 2.287760190665721893e-02 1.050610840320587158e-02 9.288138709962368011e-03 2.823590766638517380e-04 6.735495477914810181e-02 4.530395567417144775e-02 1.735333167016506195e-02 2.578401565551757812e-02 1.182364020496606827e-02 5.960522219538688660e-02 1.677872985601425171e-02 1.562394201755523682e-03 4.298050329089164734e-02 5.853429064154624939e-02 1.046444941312074661e-02 4.022849351167678833e-02 8.495786786079406738e-02 3.039148449897766113e-02 3.466681391000747681e-02 4.669351875782012939e-02 5.893127992749214172e-02 1.695437915623188019e-02 6.030011456459760666e-03 6.143720448017120361e-02 3.790602833032608032e-02 4.573966190218925476e-02 6.266925483942031860e-03 3.099374659359455109e-02 3.973942622542381287e-02 1.686595939099788666e-02 1.176108233630657196e-02 7.820300757884979248e-02 1.724575832486152649e-02 1.377622503787279129e-02 3.020275756716728210e-02 2.898513339459896088e-02 4.463983234018087387e-03 9.375380352139472961e-03 3.233279287815093994e-02 5.341566354036331177e-02 4.236629605293273926e-02 1.814867928624153137e-02 8.253496140241622925e-02 2.180097252130508423e-02 1.048916392028331757e-02 5.436623934656381607e-03 1.395093183964490891e-02 2.700458280742168427e-02 1.723977737128734589e-02 2.789063379168510437e-02 3.082056343555450439e-02 2.254951000213623047e-02 1.605851575732231140e-02 2.155583351850509644e-02
5.642914399504661560e-02 5.553927272558212280e-02 5.619450472295284271e-03 1.994610950350761414e-02 1.710112541913986206e-01 1.574463024735450745e-02 5.018929392099380493e-02 7.743943569948896766e-05 7.171852048486471176e-04 1.596498675644397736e-02 2.446057274937629700e-03 4.782405495643615723e-02 1.197213828563690186e-01 6.052330508828163147e-02 5.801552906632423401e-02 4.209384322166442871e-02 5.000969022512435913e-02 1.441191602498292923e-02 2.870354056358337402e-02 9.714948385953903198e-02 5.147994030267000198e-03 1.900323294103145599e-02 7.101055234670639038e-02 3.524613380432128906e-02 4.250137135386466980e-02 4.951987415552139282e-02 1.005276385694742203e-02 4.866093862801790237e-03 3.999914601445198059e-02 5.313944444060325623e-02 5.438267439603805542e-02 5.466500297188758850e-02 1.193275004625320435e-01 1.282084640115499496e-02 1.685932651162147522e-02 2.351364493370056152e-02 7.899743504822254181e-03 1.146694924682378769e-02 7.278926670551300049e-02 2.417978458106517792e-02 5.274433270096778870e-02 4.896844923496246338e-02 4.696338251233100891e-02 4.011643305420875549e-02 4.718729481101036072e-02 4.440604895353317261e-02 5.973454192280769348e-02 8.649715036153793335e-02 3.714426606893539429e-02 5.453231930732727051e-02 1.097421646118164062e-01 5.304813385009765625e-02 3.755147382616996765e-02 4.043253883719444275e-02 3.320870175957679749e-02 5.999360978603363037e-02 8.226922899484634399e-02 2.308252640068531036e-02 8.204977959394454956e-03 1.819419115781784058e-02 1.290045827627182007e-01 3.134591132402420044e-02 3.201492130756378174e-02 3.182463720440864563e-02 1.130174472928047180e-02 4.995170608162879944e-02 1.751671358942985535e-02 2.249708026647567749e-02 2.952996827661991119e-02 4.458909854292869568e-03 4.667577892541885376e-02 3.481129184365272522e-02 2.001335173845291138e-01 3.472755104303359985e-02 2.669172175228595734e-02 5.295981466770172119e-02 2.887307852506637573e-02 1.579962321557104588e-03 2.615193650126457214e-02 1.959909312427043915e-02 3.833616152405738831e-02 3.195188706740736961e-03 8.637084811925888062e-02 4.345223307609558105e-02 3.649061080068349838e-03 4.415901750326156616e-02 6.352541595697402954e-02 2.526080049574375153e-02 1.113887038081884384e-02 4.048395156860351562e-02 1.324120629578828812e-02 1.458239555358886719e-02 3.764039278030395508e-02 4.817762970924377441e-02 3.907926380634307861e-02 6.066066771745681763e-02 4.129482898861169815e-03 3.154955804347991943e-02 4.915469884872436523e-02 3.103952109813690186e-02 2.677548117935657501e-02 2.894821949303150177e-02 6.218496244400739670e-03 1.846758276224136353e-02 1.079719420522451401e-02 4.460250586271286011e-02 2.885268814861774445e-02 3.286700695753097534e-02 1.980224065482616425e-02 2.384211681783199310e-02 1.231360901147127151e-02 4.170696809887886047e-02 4.929736629128456116e-02 3.126057609915733337e-02 2.325432561337947845e-02 4.231604933738708496e-02
5.469630658626556396e-02 2.253477927297353745e-03 2.925114333629608154e-02 1.710112541913986206e-01 1.050885580480098724e-02 7.568066474050283432e-03 3.882031142711639404e-02 1.732240989804267883e-02 8.067634701728820801e-02 4.596665129065513611e-02 2.285768464207649231e-02 6.027752906084060669e-02 1.557005848735570908e-02 1.204084232449531555e-01 4.548203432932496071e-04 6.668848544359207153e-02 6.014882400631904602e-02 3.777353838086128235e-02 1.160972714424133301e-01 1.516775041818618774e-02 5.371879786252975464e-02 8.590990677475929260e-03 8.126640692353248596e-03 4.445019736886024475e-02 7.640136033296585083e-02 4.387484863400459290e-03 3.903759643435478210e-02 4.360446333885192871e-02 5.143996328115463257e-02 8.584147319197654724e-03 1.252365391701459885e-02 2.284388802945613861e-02 2.814088948071002960e-02 6.360284984111785889e-03 1.092394441366195679e-01 5.057366937398910522e-02 8.502044947817921638e-04 4.299230501055717468e-02 4.024215787649154663e-02 2.119519189000129700e-02 9.418032132089138031e-04 1.710253395140171051e-02 1.541035156697034836e-02 2.080130390822887421e-02 6.591910123825073242e-02 3.961580246686935425e-02 2.474992908537387848e-02 2.656722813844680786e-02 3.394792787730693817e-03 7.449144870042800903e-02 8.424795418977737427e-02 2.850979939103126526e-02 6.692282855510711670e-02 4.183813929557800293e-03 6.031807139515876770e-02 2.942767180502414703e-02 5.692158639430999756e-02 1.699396036565303802e-02 1.443301588296890259e-01 6.293446756899356842e-03 6.376278121024370193e-03 1.339622437953948975e-01 4.165518283843994141e-02 1.509246532805263996e-03 1.745769637636840343e-03 1.331738531589508057e-01 2.855918928980827332e-02 4.083977639675140381e-02 1.654711924493312836e-02 4.896076023578643799e-02 6.545472145080566406e-02 9.111220017075538635e-03 2.920028008520603180e-02 2.329886518418788910e-02 1.331337839365005493e-01 4.944447800517082214e-02 4.704145714640617371e-02 5.768545717000961304e-02 3.453106433153152466e-02 9.432787448167800903e-02 2.960603125393390656e-02 7.392849773168563843e-02 3.890695795416831970e-02 2.274284362792968750e-01 1.547680050134658813e-01 7.229962199926376343e-02 3.370695188641548157e-02 1.300201285630464554e-02 3.804358839988708496e-02 6.145775690674781799e-02 2.293050661683082581e-02 1.218651537783443928e-03 3.547662124037742615e-02 3.971141576766967773e-02 6.333854049444198608e-02 9.028529748320579529e-03 1.678997278213500977e-02 8.929765969514846802e-02 4.102826863527297974e-02 2.408494986593723297e-02 3.690413013100624084e-02 9.940193593502044678e-02 8.614518679678440094e-03 2.298434264957904816e-03 4.433181881904602051e-02 1.930494047701358795e-02 2.780448272824287415e-02 2.894173935055732727e-02 6.175140291452407837e-02 4.258508607745170593e-02 3.392827883362770081e-02 6.582059711217880249e-02 7.447217404842376709e-02 3.332041203975677490e-02 3.191470354795455933e-02 4.346681386232376099e-02
1.079988926649093628e-01 1.307719796895980835e-01 6.253650039434432983e-02 1.574463024735450745e-02 7.568066474050283432e-03 8.591156452894210815e-02 1.498020291328430176e-01 7.168315351009368896e-03 2.529274299740791321e-02 3.890923038125038147e-02 1.027901247143745422e-01 2.200870960950851440e-02 1.465481668710708618e-01 7.429410517215728760e-02 2.677186951041221619e-02 6.680746376514434814e-02 6.115867570042610168e-02 1.071977149695158005e-02 4.187341313809156418e-03 4.828684404492378235e-02 1.575971767306327820e-02 7.418793439865112305e-02 3.602816909551620483e-02 3.521511703729629517e-02 1.535520981997251511e-02 1.293833646923303604e-02 6.543249823153018951e-03 4.762841388583183289e-02 1.533316075801849365e-02 8.937934413552284241e-03 3.924217820167541504e-02 6.610076408833265305e-03 3.214640915393829346e-02 2.938894787803292274e-03 1.944357156753540039e-02 1.260223239660263062e-02 2.761084400117397308e-02 6.749431788921356201e-02 2.732929959893226624e-02 3.730357438325881958e-02 7.574098650366067886e-03 3.546962514519691467e-03 1.653874106705188751e-02 2.339628152549266815e-02 6.437306106090545654e-02 6.374759972095489502e-02 1.087247505784034729e-01 3.333786875009536743e-02 1.826278865337371826e-02 6.045332178473472595e-03 3.577230870723724365e-02 9.661228209733963013e-02 8.147264271974563599e-02 2.145256614312529564e-03 2.694907411932945251e-02 4.250730201601982117e-02 3.961169347167015076e-02 7.396495435386896133e-03 1.989578828215599060e-03 4.028917476534843445e-02 6.543830968439579010e-03 6.117441225796937943e-03 2.995196729898452759e-02 3.237550333142280579e-02 3.652653470635414124e-02 5.917473463341593742e-04 4.566620662808418274e-02 2.572433650493621826e-02 5.371546000242233276e-02 2.217783220112323761e-02 9.118977934122085571e-03 4.578604921698570251e-02 1.674899645149707794e-02 3.121961653232574463e-02 5.366307869553565979e-02 7.944438606500625610e-03 1.708970777690410614e-02 2.090459689497947693e-02 3.117855265736579895e-02 4.732799250632524490e-03 1.326774060726165771e-02 1.297308970242738724e-02 2.654921822249889374e-02 2.377672819420695305e-03 2.546919696033000946e-02 4.075312241911888123e-02 4.420766979455947876e-02 1.773747988045215607e-02 2.573487721383571625e-02 3.260454162955284119e-02 5.320819467306137085e-02 3.743084520101547241e-02 1.302146445959806442e-02 4.643148556351661682e-02 1.630819402635097504e-02 2.292518690228462219e-02 6.423270329833030701e-03 8.413270115852355957e-03 3.502682596445083618e-02 2.772011794149875641e-02 2.322799339890480042e-02 8.180744014680385590e-03 6.696110125631093979e-03 4.734722524881362915e-02 1.099699735641479492e-02 2.342068590223789215e-02 9.110723435878753662e-02 8.984792046248912811e-03 5.053127557039260864e-02 1.355277607217431068e-03 5.007203668355941772e-03 6.476988643407821655e-02 1.501109916716814041e-03 4.346080124378204346e-02 4.446776001714169979e-04 1.432223524898290634e-02
7.157027721405029297e-02 1.111769750714302063e-01 2.022526226937770844e-02 5.018929392099380493e-02 3.882031142711639404e-02 1.498020291328430176e-01 6.845655292272567749e-02 4.910444095730781555e-02 1.259188354015350342e-02 3.807144612073898315e-02 7.434942573308944702e-02 4.696531221270561218e-02 1.100660264492034912e-01 7.216022908687591553e-02 5.784137919545173645e-02 7.547226548194885254e-02 6.700973212718963623e-02 2.950721047818660736e-02 1.075012423098087311e-02 5.255841836333274841e-02 4.499414563179016113e-02 4.917349293828010559e-02 7.256361655890941620e-03 5.628700926899909973e-02 5.304212216287851334e-03 3.703367337584495544e-02 1.581265591084957123e-02 6.662934273481369019e-02 1.382794138044118881e-02 1.639656163752079010e-02 1.607213634997606277e-03 3.895724192261695862e-03 1.355198677629232407e-02 2.201690524816513062e-02 1.581657305359840393e-02 1.966596022248268127e-02 4.562726244330406189e-02 5.692449049092829227e-04 1.446404308080673218e-02 1.219479553401470184e-02 2.352494746446609497e-02 9.218452498316764832e-03 3.991739824414253235e-02 2.101280028000473976e-03 4.480002447962760925e-02 7.990898936986923218e-02 6.917281448841094971e-02 1.739821135997772217e-01 9.836861863732337952e-03 3.754584863781929016e-02 5.137212947010993958e-02 6.234703958034515381e-02 2.668361179530620575e-02 2.134278789162635803e-02 8.215765468776226044e-03 3.237188979983329773e-02 1.402200106531381607e-02 6.984333507716655731e-03 4.686598852276802063e-02 5.177452787756919861e-02 2.171077392995357513e-02 4.804755374789237976e-02 1.660681795328855515e-03 3.678700700402259827e-02 2.015363425016403198e-02 3.256334690377116203e-03 2.268808148801326752e-02 5.572763457894325256e-02 3.955860808491706848e-02 1.865544170141220093e-02 4.207429662346839905e-02 2.703204005956649780e-02 4.295333288609981537e-03 4.461273550987243652e-02 2.421143092215061188e-02 2.660546265542507172e-02 4.051040112972259521e-02 1.064398675225675106e-03 2.027720771729946136e-02 4.379405826330184937e-02 5.613894667476415634e-03 7.753178477287292480e-03 2.280352404341101646e-03 3.271029517054557800e-02 4.898653551936149597e-02 3.137453272938728333e-02 2.527855150401592255e-02 3.521344810724258423e-02 5.542363971471786499e-03 1.166305784136056900e-02 2.112709358334541321e-02 5.608138814568519592e-02 3.273850679397583008e-02 1.356641668826341629e-02 1.526072714477777481e-02 2.964919991791248322e-02 5.060278624296188354e-02 4.862483590841293335e-02 3.116678446531295776e-02 1.339366193860769272e-02 1.040848810225725174e-02 1.229855930432677269e-03 2.177836373448371887e-02 4.279386252164840698e-02 4.469191655516624451e-02 2.916046418249607086e-03 4.711040109395980835e-02 3.478836268186569214e-02 4.579153656959533691e-02 9.990219026803970337e-03 5.349490046501159668e-02 3.374735265970230103e-02 3.565206378698348999e-02 6.819763034582138062e-02 4.323253408074378967e-02 3.495601995382457972e-04
3.471166640520095825e-02 7.451306097209453583e-03 1.337752491235733032e-01 7.743943569948896766e-05 1.732240989804267883e-02 7.168315351009368896e-03 4.910444095730781555e-02 2.041519433259963989e-02 4.119597375392913818e-02 5.292308330535888672e-02 5.831369664520025253e-03 6.167381652630865574e-04 1.883787848055362701e-02 2.414418198168277740e-02 1.429646611213684082e-01 5.003143846988677979e-02 5.714737623929977417e-02 1.332442462444305420e-02 1.662726327776908875e-02 2.766826003789901733e-02 1.185567583888769150e-02 1.497262436896562576e-02 8.918314427137374878e-02 2.304770797491073608e-02 1.287353597581386566e-02 3.451257944107055664e-02 7.102284114807844162e-03 2.857733331620693207e-02 6.701240316033363342e-03 4.616980627179145813e-02 2.672153338789939880e-02 3.447861224412918091e-02 3.158896416425704956e-02 3.895798325538635254e-02 8.200396597385406494e-02 4.829641431570053101e-02 7.274332642555236816e-02 1.234851125627756119e-02 3.362116590142250061e-02 3.826674073934555054e-02 4.167933017015457153e-03 3.559242002665996552e-03 3.589050844311714172e-02 9.813406318426132202e-02 2.658321335911750793e-02 1.608466170728206635e-02 3.855204209685325623e-03 3.108436428010463715e-02 5.323628429323434830e-03 1.506021246314048767e-02 1.148645952343940735e-02 2.357812970876693726e-02 1.024928409606218338e-02 4.055409133434295654e-02 5.130083113908767700e-02 2.652892097830772400e-02 1.219711452722549438e-02 3.629422560334205627e-02 2.362768538296222687e-02 7.867953181266784668e-02 1.938565168529748917e-03 5.959820747375488281e-02 3.067437931895256042e-02 1.103326827287673950e-01 6.222376599907875061e-02 2.460175752639770508e-02 2.488320879638195038e-02 1.159712672233581543e-03 5.317424237728118896e-02 2.132973074913024902e-02 1.417365856468677521e-03 4.571974650025367737e-02 4.566235467791557312e-03 5.661893263459205627e-02 6.069867312908172607e-02 6.397310644388198853e-02 4.516287147998809814e-02 1.960442028939723969e-02 5.032293871045112610e-02 2.026732265949249268e-02 2.488732784986495972e-01 1.977009773254394531e-01 7.614080794155597687e-03 3.534468822181224823e-03 5.234254896640777588e-02 9.813139215111732483e-03 9.164675325155258179e-02 9.523387998342514038e-02 7.978172041475772858e-03 1.058135274797677994e-02 3.229287639260292053e-02 5.071979947388172150e-03 3.942614421248435974e-02 7.403950393199920654e-02 3.033548593521118164e-02 2.047047717496752739e-03 1.634947583079338074e-02 7.075405120849609375e-02 4.871527478098869324e-02 1.632248796522617340e-02 1.794197969138622284e-02 5.815137922763824463e-02 3.259210661053657532e-02 1.654523052275180817e-02 3.120432421565055847e-02 8.069349080324172974e-02 3.695338731631636620e-03 3.008313942700624466e-03 5.878410115838050842e-02 3.116238117218017578e-02 5.283316224813461304e-02 1.495512947440147400e-02 1.373083610087633133e-02 2.446233481168746948e-02 3.063149377703666687e-02 2.155484398826956749e-04
3.119493089616298676e-02 1.158674899488687515e-02 7.465514540672302246e-02 7.171852048486471176e-04 8.067634701728820801e-02 2.529274299740791321e-02 1.259188354015350342e-02 4.119597375392913818e-02 3.953277319669723511e-02 5.338046327233314514e-02 1.644384232349693775e-03 1.831989735364913940e-02 9.594521485269069672e-03 5.423145368695259094e-02 2.549187093973159790e-02 3.768981248140335083e-02 3.642524778842926025e-02 8.294532448053359985e-02 4.994767531752586365e-02 6.150852143764495850e-02 2.495689317584037781e-02 2.211742848157882690e-02 7.918382436037063599e-02 5.014378204941749573e-02 5.399577785283327103e-03 3.104302473366260529e-02 1.531856600195169449e-03 1.635133847594261169e-02 5.517633166164159775e-03 7.234461605548858643e-03 2.090696431696414948e-02 3.366836160421371460e-02 2.487187448423355818e-04 5.305998399853706360e-02 3.292927891016006470e-02 2.180497534573078156e-02 5.368638411164283752e-02 5.645391531288623810e-03 1.288075372576713562e-02 4.973419383168220520e-02 1.433930732309818268e-02 1.029450632631778717e-02 1.426222827285528183e-02 1.570214331150054932e-02 2.663938701152801514e-02 7.139505445957183838e-02 5.172510445117950439e-02 3.055918589234352112e-02 5.893256887793540955e-02 1.275001745671033859e-02 1.375794224441051483e-02 3.579006716609001160e-02 2.224280498921871185e-03 2.872684784233570099e-02 5.284622684121131897e-02 2.115724422037601471e-02 6.790825724601745605e-02 1.287649851292371750e-02 4.920535162091255188e-02 7.176014780998229980e-02 3.316846117377281189e-02 5.597291886806488037e-02 1.487265992909669876e-02 1.955288229510188103e-03 2.708560042083263397e-02 4.688205197453498840e-02 1.332221459597349167e-02 5.037608370184898376e-02 5.912900716066360474e-02 3.994259610772132874e-02 6.790678948163986206e-02 4.934537038207054138e-02 4.836997017264366150e-03 9.660373441874980927e-03 5.665814876556396484e-02 1.802051812410354614e-02 1.023872494697570801e-01 4.661662876605987549e-02 9.852492064237594604e-02 8.045827038586139679e-03 3.632185608148574829e-02 1.519061718136072159e-02 1.831194572150707245e-02 3.286352753639221191e-02 7.058735936880111694e-02 9.652395732700824738e-03 2.236744388937950134e-02 3.910397738218307495e-02 7.796937227249145508e-02 2.965596504509449005e-02 7.620144635438919067e-03 5.244511738419532776e-02 2.522784471511840820e-02 1.072264648973941803e-02 9.673339314758777618e-03 6.734739989042282104e-03 3.939707949757575989e-02 1.266302820295095444e-02 1.047451701015233994e-02 6.727359443902969360e-02 2.136814966797828674e-02 2.239159122109413147e-02 3.436147421598434448e-02 1.916923932731151581e-02 4.098778963088989258e-02 4.013506695628166199e-02 2.694699540734291077e-02 3.023223252967000008e-03 1.715296506881713867e-02 4.965912178158760071e-02 4.241719469428062439e-02 5.052948370575904846e-03 2.353589609265327454e-02 3.199826925992965698e-02 3.263395652174949646e-02 3.557409625500440598e-03
1.838323660194873810e-02 1.521604135632514954e-02 1.452775555662810802e-03 1.596498675644397736e-02 4.596665129065513611e-02 3.890923038125038147e-02 3.807144612073898315e-02 5.292308330535888672e-02 5.338046327233314514e-02 1.208872720599174500e-01 1.320271007716655731e-02 3.796764090657234192e-02 4.792975261807441711e-03 7.303959131240844727e-02 3.127537434920668602e-03 1.087374240159988403e-02 5.720511078834533691e-02 4.516920447349548340e-02 1.454154998064041138e-01 5.139785632491111755e-02 4.454853013157844543e-03 2.205298840999603271e-02 4.387392848730087280e-02 8.164595067501068115e-02 1.163741201162338257e-02 8.995949476957321167e-02 7.659028051421046257e-04 3.998233750462532043e-02 1.826104335486888885e-02 1.862082281149923801e-03 2.839016728103160858e-02 2.170093590393662453e-03 7.205203920602798462e-02 2.399345301091670990e-02 2.514011971652507782e-02 4.693682491779327393e-02 4.672618210315704346e-02 2.013576589524745941e-02 2.348640561103820801e-02 1.107996702194213867e-02 1.443930668756365776e-03 4.059026483446359634e-03 2.594356983900070190e-02 1.097466610372066498e-02 7.271803915500640869e-02 7.481195032596588135e-02 6.799451541155576706e-03 3.867932781577110291e-02 6.954525597393512726e-03 1.335685998201370239e-01 5.253177881240844727e-02 7.492138538509607315e-04 5.608817562460899353e-02 2.946355566382408142e-02 6.634779740124940872e-03 2.960874699056148529e-02 2.117830142378807068e-02 7.912309467792510986e-02 1.794341206550598145e-02 5.643414705991744995e-02 1.001812424510717392e-02 3.315005823969841003e-02 1.541175413876771927e-02 3.095498308539390564e-02 4.528673365712165833e-02 2.760343998670578003e-02 6.303929537534713745e-02 2.749749692156910896e-03 1.629508659243583679e-02 1.120281070470809937e-01 8.239484578371047974e-02 2.528993971645832062e-02 7.662515342235565186e-02 8.847099542617797852e-02 1.170419249683618546e-02 9.407980367541313171e-03 2.216184046119451523e-03 2.134243994951248169e-01 4.359190538525581360e-02 1.622858941555023193e-01 8.139357902109622955e-03 1.698634028434753418e-02 2.457844838500022888e-02 7.381655275821685791e-02 7.656057178974151611e-02 4.173791036009788513e-02 3.703043982386589050e-02 2.444385085254907608e-03 2.950914762914180756e-02 1.506514251232147217e-01 1.879613287746906281e-02 7.610503584146499634e-02 5.034620314836502075e-02 2.755696885287761688e-02 3.544110106304287910e-03 5.290319398045539856e-02 4.358393140137195587e-03 6.712276022881269455e-03 2.059105411171913147e-02 4.157502949237823486e-02 2.494910731911659241e-03 4.208429716527462006e-03 3.633658634498715401e-03 3.410142660140991211e-02 7.501183077692985535e-03 4.601089656352996826e-02 5.693882331252098083e-02 6.540535949170589447e-03 4.700113087892532349e-02 2.162391506135463715e-02 5.911529064178466797e-02 7.120258174836635590e-03 3.751897066831588745e-02 1.799911074340343475e-02 1.323025673627853394e-02 2.422673813998699188e-02
1.512053906917572021e-01 1.416661888360977173e-01 1.894531957805156708e-02 2.446057274937629700e-03 2.285768464207649231e-02 1.027901247143745422e-01 7.434942573308944702e-02 5.831369664520025253e-03 1.644384232349693775e-03 1.320271007716655731e-02 5.091715976595878601e-02 1.513480208814144135e-02 1.918675154447555542e-01 2.737389295361936092e-04 3.541169688105583191e-02 4.548620805144309998e-02 2.907204441726207733e-02 7.475472521036863327e-04 2.187705785036087036e-02 2.776383422315120697e-03 5.955168604850769043e-02 6.021597236394882202e-02 5.926497746258974075e-03 1.592913828790187836e-02 3.009778819978237152e-02 2.774654142558574677e-02 6.019941717386245728e-02 2.179546281695365906e-02 4.834694787859916687e-02 2.488136664032936096e-02 9.500351734459400177e-03 1.489477884024381638e-02 3.326603770256042480e-02 1.380490604788064957e-02 7.255966961383819580e-02 2.196207456290721893e-02 6.051249336451292038e-03 5.184840993024408817e-04 4.523283243179321289e-02 1.201251754537224770e-03 1.383607648313045502e-02 4.702108446508646011e-03 7.168163079768419266e-03 3.988824784755706787e-02 2.178126573562622070e-02 8.051932789385318756e-03 6.449849158525466919e-02 1.528056990355253220e-02 2.927725762128829956e-02 4.544679820537567139e-02 5.066085979342460632e-02 2.940220013260841370e-02 3.756602853536605835e-02 1.664446853101253510e-02 4.130670800805091858e-02 6.375406682491302490e-02 2.277738973498344421e-02 6.904175039380788803e-03 2.795239537954330444e-02 8.888998068869113922e-03 3.204935044050216675e-02 5.875839665532112122e-02 5.529056861996650696e-02 3.572579473257064819e-02 7.108736783266067505e-02 8.030088245868682861e-02 1.342853344976902008e-02 1.355979964137077332e-02 5.217365548014640808e-02 4.800132941454648972e-03 2.595270983874797821e-02 7.189168594777584076e-03 1.571133919060230255e-02 1.338092260994017124e-03 4.185431450605392456e-02 3.996082581579685211e-03 2.019745111465454102e-02 2.281017228960990906e-02 3.401837497949600220e-02 4.053909704089164734e-02 4.573478549718856812e-02 2.592213824391365051e-02 5.875045433640480042e-02 2.585762925446033478e-02 4.522505775094032288e-02 2.862018346786499023e-02 9.032157249748706818e-03 3.726129978895187378e-02 3.702012822031974792e-03 4.507714882493019104e-02 5.016679689288139343e-02 6.209582462906837463e-02 1.546924654394388199e-02 2.891929633915424347e-02 2.310724928975105286e-02 2.782160975039005280e-02 1.177292466163635254e-01 1.537000294774770737e-03 3.035175427794456482e-02 3.989870473742485046e-02 3.242966532707214355e-02 4.485980421304702759e-02 6.763232499361038208e-02 7.732252031564712524e-02 1.155986543744802475e-02 2.946260198950767517e-02 5.154121667146682739e-02 6.577910482883453369e-02 2.781145833432674408e-02 1.175226084887981415e-02 9.827999398112297058e-03 5.519856885075569153e-02 3.507683798670768738e-02 2.834524773061275482e-02 2.883250452578067780e-02 3.443723917007446289e-02
2.679603919386863708e-02 1.202175114303827286e-02 2.889557927846908569e-02 4.782405495643615723e-02 6.027752906084060669e-02 2.200870960950851440e-02 4.696531221270561218e-02 6.167381652630865574e-04 1.831989735364913940e-02 3.796764090657234192e-02 1.513480208814144135e-02 4.944803565740585327e-02 7.041501998901367188e-02 2.800841927528381348e-01 6.163600832223892212e-03 5.600916966795921326e-02 6.690587848424911499e-02 7.763926684856414795e-02 6.043558940291404724e-02 2.311857044696807861e-02 2.643734216690063477e-02 3.700079396367073059e-02 7.415924221277236938e-02 4.657798563130199909e-04 4.260705783963203430e-02 6.760257296264171600e-03 1.726345531642436981e-02 1.572608053684234619e-01 1.903669349849224091e-02 4.700407013297080994e-02 9.393541514873504639e-02 2.278460748493671417e-02 2.277803793549537659e-02 3.545666486024856567e-02 4.340424202382564545e-03 1.195377390831708908e-02 2.406625822186470032e-02 1.670509018003940582e-02 9.616761654615402222e-02 5.708582233637571335e-03 1.386780757457017899e-02 1.812162436544895172e-02 3.009489178657531738e-02 9.157754480838775635e-02 2.055473774671554565e-01 2.163877245038747787e-03 3.702399134635925293e-02 5.130301415920257568e-02 2.075043506920337677e-02 4.915749281644821167e-02 4.602023959159851074e-02 5.639683082699775696e-02 4.302034154534339905e-02 6.469468772411346436e-02 2.340585459023714066e-03 1.728307642042636871e-02 9.878301620483398438e-02 5.423080548644065857e-02 4.689776152372360229e-02 2.363271638751029968e-02 1.102547645568847656e-01 1.295568421483039856e-02 8.432989008724689484e-03 6.747098267078399658e-02 1.960122771561145782e-02 2.449923753738403320e-02 9.358419105410575867e-03 9.003495797514915466e-03 2.069571800529956818e-02 1.172683015465736389e-02 1.584421098232269287e-02 2.421699650585651398e-02 4.231756180524826050e-02 2.025806810706853867e-03 1.321115791797637939e-01 3.719217702746391296e-02 4.824748635292053223e-02 9.152177721261978149e-03 4.429020732641220093e-02 7.348958402872085571e-02 6.183984223753213882e-03 4.179517924785614014e-02 2.269890904426574707e-02 4.177703708410263062e-02 1.719652302563190460e-02 3.566374629735946655e-02 2.681146189570426941e-02 2.090516686439514160e-02 1.202876940369606018e-01 3.841533884406089783e-02 3.250718489289283752e-02 3.469227999448776245e-02 4.379450157284736633e-02 1.454081945121288300e-02 1.587050594389438629e-02 3.033815510571002960e-02 5.924448370933532715e-02 2.222983725368976593e-02 5.474170297384262085e-02 2.321052178740501404e-02 1.983006112277507782e-02 2.220732904970645905e-02 5.924668163061141968e-02 1.483245752751827240e-02 5.113051086664199829e-02 1.511770021170377731e-02 5.153941456228494644e-04 5.374668911099433899e-02 5.086791142821311951e-02 4.213533550500869751e-02 5.029377993196249008e-03 5.035387352108955383e-02 3.336136415600776672e-02 8.347880095243453979e-03 2.102211117744445801e-02 5.806221067905426025e-02
1.086098700761795044e-01 1.510173678398132324e-01 3.704625368118286133e-02 1.197213828563690186e-01 1.557005848735570908e-02 1.465481668710708618e-01 1.100660264492034912e-01 1.883787848055362701e-02 9.594521485269069672e-03 4.792975261807441711e-03 1.918675154447555542e-01 7.041501998901367188e-02 7.117763906717300415e-02 2.606592513620853424e-02 1.242660731077194214e-01 6.662274897098541260e-02 4.298005253076553345e-02 1.141745364293456078e-03 3.077820315957069397e-02 2.647739602252840996e-03 6.115740165114402771e-02 1.316685974597930908e-01 4.424520954489707947e-02 2.251967042684555054e-02 1.191400084644556046e-02 6.799307186156511307e-03 4.139288794249296188e-03 1.394448801875114441e-02 6.198341399431228638e-02 3.521551564335823059e-02 9.498873725533485413e-03 2.833650261163711548e-02 9.022392332553863525e-03 2.662321552634239197e-02 1.782646961510181427e-02 4.067270085215568542e-02 5.925435945391654968e-02 9.124607592821121216e-02 1.032279618084430695e-02 2.367875166237354279e-02 1.189324259757995605e-02 5.480471998453140259e-03 5.856708064675331116e-02 3.487589769065380096e-03 4.394602775573730469e-02 1.329142693430185318e-02 4.440195858478546143e-02 2.009395509958267212e-02 2.687137946486473083e-02 5.238492041826248169e-02 6.392555683851242065e-02 4.294282197952270508e-02 4.012361913919448853e-02 3.028259426355361938e-02 1.215297542512416840e-02 1.640318334102630615e-02 4.583296179771423340e-02 6.503333803266286850e-03 2.182450704276561737e-02 4.117393866181373596e-02 5.647774040699005127e-02 1.028428878635168076e-02 2.373966760933399200e-02 3.629764541983604431e-02 2.769122086465358734e-02 1.264015883207321167e-01 2.253610454499721527e-02 8.984969928860664368e-03 4.550203680992126465e-03 3.112735785543918610e-02 3.971458226442337036e-02 5.253046751022338867e-02 4.367101937532424927e-03 4.739167634397745132e-03 2.684632549062371254e-03 6.785036623477935791e-02 2.792531065642833710e-02 5.153010133653879166e-03 2.678550593554973602e-02 5.583796650171279907e-02 5.940448492765426636e-02 7.106322050094604492e-02 2.167756756534799933e-04 3.241242095828056335e-02 5.399564653635025024e-02 1.150008011609315872e-02 8.529085665941238403e-02 5.356393381953239441e-02 1.569188572466373444e-02 2.699026139453053474e-03 5.714185070246458054e-03 7.132064085453748703e-03 1.506505068391561508e-02 8.227048441767692566e-03 4.243075102567672729e-02 1.924426294863224030e-02 2.864651754498481750e-02 1.890275441110134125e-02 2.574298717081546783e-02 2.521064691245555878e-02 2.343300543725490570e-02 1.927684247493743896e-02 1.728283613920211792e-02 9.409509599208831787e-03 3.754190728068351746e-02 1.147685758769512177e-02 1.694699376821517944e-02 1.261459849774837494e-02 7.488618139177560806e-03 9.834409691393375397e-03 3.285611420869827271e-02 2.637233212590217590e-02 7.647816091775894165e-02 2.455762214958667755e-02 2.339550480246543884e-02 3.858904540538787842e-02
