8.748621493577957153e-02 1.328311562538146973e-01 3.618147969245910645e-02 7.677415758371353149e-02 2.259437926113605499e-02 1.173123940825462341e-01 6.335040926933288574e-02 4.070351645350456238e-02 6.166820414364337921e-03 8.635420352220535278e-03 1.291309893131256104e-01 3.980695456266403198e-02 6.422781199216842651e-02 1.884457282721996307e-02 1.566320657730102539e-02 1.280214870348572731e-03 8.917728438973426819e-03 3.144672140479087830e-02 1.494331657886505127e-02 4.208940267562866211e-02 1.072044949978590012e-02 7.591372728347778320e-02 3.504296764731407166e-02 3.389882668852806091e-02 2.090587653219699860e-02 3.184596821665763855e-02 4.568358138203620911e-02 4.185632616281509399e-02 2.051015943288803101e-02 9.070690721273422241e-02 5.756419152021408081e-02 4.318770021200180054e-03 2.479920536279678345e-02 1.935215317644178867e-03 5.075991619378328323e-03 1.464249007403850555e-02 4.111429303884506226e-02 1.440147589892148972e-02 1.494301110506057739e-02 2.381520345807075500e-02 2.030248381197452545e-02 3.535142540931701660e-02 2.311277016997337341e-02 6.568300072103738785e-03 1.720227114856243134e-02 1.040100585669279099e-02 9.109648317098617554e-02 6.486483849585056305e-03 8.854330517351627350e-03 3.503665700554847717e-02 9.936371818184852600e-03 4.219288472086191177e-03 3.161147236824035645e-02 4.785468429327011108e-02 7.829301059246063232e-03 3.864198178052902222e-02 4.649477079510688782e-02 8.584536612033843994e-03 4.100321978330612183e-02 3.804860403761267662e-03 1.182536501437425613e-02 9.833419695496559143e-03 3.443623334169387817e-02 1.822092011570930481e-02 2.598557807505130768e-02 1.086469832807779312e-02 3.684298694133758545e-02 1.551555190235376358e-02 1.889740861952304840e-02 7.219720166176557541e-03 2.159982686862349510e-03 2.876921324059367180e-03 4.980947077274322510e-02 5.280780792236328125e-02 5.106137320399284363e-02 1.534993574023246765e-02 2.039937488734722137e-02 2.926814742386341095e-02 3.981088101863861084e-02 4.826818406581878662e-02 3.219088166952133179e-02 1.599388383328914642e-02 1.305720489472150803e-02 1.207428891211748123e-02 2.220202796161174774e-02 7.233827840536832809e-03 3.639360517263412476e-02 3.436430543661117554e-02 2.524421177804470062e-02 2.475731447339057922e-02 2.942021563649177551e-02 5.468369647860527039e-02 6.609817594289779663e-02 4.159540310502052307e-02 1.072913873940706253e-02 5.122089758515357971e-02 1.220051385462284088e-02 1.718272082507610321e-02 1.168793626129627228e-02 3.944964334368705750e-02 3.169943112879991531e-03 2.642411366105079651e-02 1.951200515031814575e-02 6.349113769829273224e-03 1.487410906702280045e-02 7.728757336735725403e-03 1.908495835959911346e-02 3.123263828456401825e-03 5.827827379107475281e-02 1.246634870767593384e-02 1.991016045212745667e-02 3.364121168851852417e-02 4.945512115955352783e-02 9.345472790300846100e-03 1.326675340533256531e-02 4.916749522089958191e-02
1.328311562538146973e-01 7.987620681524276733e-02 1.715687103569507599e-02 4.402014613151550293e-02 6.149984430521726608e-03 7.448742538690567017e-02 8.677133172750473022e-02 1.872324757277965546e-02 1.507745217531919479e-02 9.326073341071605682e-03 9.850711375474929810e-02 3.426853567361831665e-02 7.331622391939163208e-02 4.013514146208763123e-02 4.680822044610977173e-02 5.807205103337764740e-03 1.374428253620862961e-02 4.396026208996772766e-02 6.721409736201167107e-04 4.230570793151855469e-02 3.611109778285026550e-02 4.584540799260139465e-02 4.017720930278301239e-03 9.183101356029510498e-03 6.895751692354679108e-03 2.381336409598588943e-03 4.096168279647827148e-02 1.961023919284343719e-02 2.897648140788078308e-02 7.023797184228897095e-02 3.517733886837959290e-02 2.196821756660938263e-02 3.615533234551548958e-03 3.862668527290225029e-03 4.150239285081624985e-03 1.112718600779771805e-02 9.821200743317604065e-03 1.142331678420305252e-02 1.744105294346809387e-02 3.084682300686836243e-02 8.637362159788608551e-03 1.835890859365463257e-02 3.328732401132583618e-02 3.248232533223927021e-04 3.993438556790351868e-03 6.050522252917289734e-02 9.604788571596145630e-02 4.946247115731239319e-02 3.338599205017089844e-02 4.157802090048789978e-02 1.735806837677955627e-02 2.292787842452526093e-02 1.826481521129608154e-02 2.086290903389453888e-02 1.686777547001838684e-02 4.241122305393218994e-02 3.490494564175605774e-02 2.403221651911735535e-02 1.496356166899204254e-02 1.200538780540227890e-02 1.737788878381252289e-02 1.396231167018413544e-02 1.437551993876695633e-02 3.398666158318519592e-02 1.557267643511295319e-02 1.247894112020730972e-02 4.182367399334907532e-02 2.390093915164470673e-02 2.959427889436483383e-03 2.537783235311508179e-03 8.818075060844421387e-03 2.358580194413661957e-02 2.122836746275424957e-02 2.308023907244205475e-02 1.591590046882629395e-02 7.892212830483913422e-03 6.801958195865154266e-03 1.947600580751895905e-02 4.748092219233512878e-02 5.159260705113410950e-02 2.713135071098804474e-02 1.159533765166997910e-02 7.823792286217212677e-03 1.122218463569879532e-02 4.086977243423461914e-02 3.215584158897399902e-02 1.670150645077228546e-02 4.333157092332839966e-02 2.504574693739414215e-02 3.059809468686580658e-02 3.874168545007705688e-02 1.609926111996173859e-02 2.469581179320812225e-02 3.271856158971786499e-02 2.482864633202552795e-02 2.164354734122753143e-02 4.572023637592792511e-03 1.125405728816986084e-02 9.963514283299446106e-03 4.644258320331573486e-02 1.451090630143880844e-02 1.433849986642599106e-02 4.017107654362916946e-03 4.915120734949596226e-05 2.847881428897380829e-02 2.967127226293087006e-02 2.832289412617683411e-02 1.852767728269100189e-02 6.149785965681076050e-02 7.490295916795730591e-03 5.151898786425590515e-02 2.319517731666564941e-02 5.809419602155685425e-02 3.654034063220024109e-02 7.872554473578929901e-03 4.376859217882156372e-02
3.618147969245910645e-02 1.715687103569507599e-02 1.529386341571807861e-01 1.283602416515350342e-02 1.519551221281290054e-02 6.138188391923904419e-02 1.082692891359329224e-01 2.853950858116149902e-01 2.101861312985420227e-02 3.657751530408859253e-02 4.082698747515678406e-02 2.252961043268442154e-03 3.053809329867362976e-02 3.785280883312225342e-02 7.960393279790878296e-02 4.450266063213348389e-02 2.440869249403476715e-02 2.264512144029140472e-02 8.432705700397491455e-02 5.623489618301391602e-02 2.154895104467868805e-02 3.586660698056221008e-02 3.841514512896537781e-02 5.678713694214820862e-02 3.704224526882171631e-02 3.665491566061973572e-02 1.878436654806137085e-03 4.234007373452186584e-02 3.085938282310962677e-02 6.519493460655212402e-02 8.196269161999225616e-03 2.666359022259712219e-02 4.560148343443870544e-03 1.848777756094932556e-02 3.784844651818275452e-02 4.113621637225151062e-02 6.212590262293815613e-02 2.923786826431751251e-02 4.941695183515548706e-02 2.804826386272907257e-02 3.035966539755463600e-03 6.647549569606781006e-03 2.672187238931655884e-02 8.202414959669113159e-02 2.481864206492900848e-02 4.034251440316438675e-03 9.520614147186279297e-02 9.381133317947387695e-02 3.143338114023208618e-02 2.689925953745841980e-02 1.370905991643667221e-02 1.421421300619840622e-03 4.223177582025527954e-02 8.455727249383926392e-03 2.032547630369663239e-02 3.145132586359977722e-02 5.502970516681671143e-02 1.042836252599954605e-02 4.182907193899154663e-02 8.335851132869720459e-02 2.942389808595180511e-02 2.377068437635898590e-02 8.079449832439422607e-02 4.368502646684646606e-02 5.332795530557632446e-02 1.645943336188793182e-02 6.150356307625770569e-02 4.372915253043174744e-02 1.926606334745883942e-02 1.371625531464815140e-02 2.793475054204463959e-02 8.568951860070228577e-03 4.265896975994110107e-03 3.094485774636268616e-02 4.234389960765838623e-02 7.551833987236022949e-03 3.742127446457743645e-03 1.779170520603656769e-02 5.190174281597137451e-02 4.825264587998390198e-02 2.087358236312866211e-01 1.473138034343719482e-01 1.379230152815580368e-02 4.074049368500709534e-02 1.844339817762374878e-02 4.588090628385543823e-02 1.158861592411994934e-01 4.682612419128417969e-02 7.741186022758483887e-02 5.289379134774208069e-02 4.548234492540359497e-02 4.954585805535316467e-02 6.537542678415775299e-03 1.254446990787982941e-02 2.351737022399902344e-02 4.087294451892375946e-03 4.922677204012870789e-02 6.671646144241094589e-03 2.320982143282890320e-02 2.233134023845195770e-02 1.216236203908920288e-01 7.765346765518188477e-02 4.992751032114028931e-02 1.714083738625049591e-02 4.044917598366737366e-02 1.565732643939554691e-03 1.268899999558925629e-02 1.600445993244647980e-02 3.364158049225807190e-02 3.620810434222221375e-02 1.033864095807075500e-01 7.058501243591308594e-02 1.649166340939700603e-03 6.108888983726501465e-02 2.695295810699462891e-01 1.331314891576766968e-01
7.677415758371353149e-02 4.402014613151550293e-02 1.283602416515350342e-02 3.639581426978111267e-02 1.219919398427009583e-01 4.385640844702720642e-02 3.014990128576755524e-03 4.590153321623802185e-02 1.047321408987045288e-02 4.891609400510787964e-02 1.440290128812193871e-03 3.333318233489990234e-02 1.887059025466442108e-02 1.113225147128105164e-02 7.081215828657150269e-02 5.322187393903732300e-02 4.106418415904045105e-02 2.436695061624050140e-02 3.477180749177932739e-02 5.928599857725203037e-04 1.552886050194501877e-02 3.989944234490394592e-02 6.472171843051910400e-02 6.593090016394853592e-03 5.272299423813819885e-02 5.504993721842765808e-02 9.584812447428703308e-03 5.256753414869308472e-02 4.022594541311264038e-02 1.454980671405792236e-01 4.775434732437133789e-02 3.620940819382667542e-02 1.240281295031309128e-02 4.374053701758384705e-02 5.300766974687576294e-02 1.735232956707477570e-02 9.946874529123306274e-02 4.199074953794479370e-02 9.077097475528717041e-02 1.114881969988346100e-02 3.151680529117584229e-02 2.369809150695800781e-02 1.587867364287376404e-02 4.336964339017868042e-02 2.605635114014148712e-02 3.429434075951576233e-02 2.177432551980018616e-02 7.397512439638376236e-03 3.151729935780167580e-03 2.537751756608486176e-02 9.427420794963836670e-02 4.704412072896957397e-02 5.986298993229866028e-02 3.853340446949005127e-02 1.450121030211448669e-02 5.716361850500106812e-02 2.385122701525688171e-02 3.211162984371185303e-02 4.870990291237831116e-02 2.779692225158214569e-02 1.402117684483528137e-02 1.636476069688796997e-01 2.172298282384872437e-01 4.760622605681419373e-02 2.188154496252536774e-03 5.096142180263996124e-03 2.806930057704448700e-02 5.397017672657966614e-02 2.569943107664585114e-02 1.440532039850950241e-02 3.952576592564582825e-02 1.350480690598487854e-02 2.359766364097595215e-01 7.714146375656127930e-02 1.981334947049617767e-02 4.483724012970924377e-02 2.836604835465550423e-03 4.361069761216640472e-03 4.300861805677413940e-02 8.187608909793198109e-05 1.943652890622615814e-02 7.726514339447021484e-02 1.309568644501268864e-03 4.135566204786300659e-02 7.205024361610412598e-03 1.429873611778020859e-02 3.179391473531723022e-02 1.085084280930459499e-03 3.028779849410057068e-02 2.701883390545845032e-02 6.961613148450851440e-02 5.972741544246673584e-02 1.745908893644809723e-02 9.522878564894199371e-03 5.131365731358528137e-02 1.824625767767429352e-03 4.182412102818489075e-02 5.873256549239158630e-02 2.674342505633831024e-02 1.404411625117063522e-02 4.369809478521347046e-02 7.599360775202512741e-03 4.472931101918220520e-02 1.094623282551765442e-02 1.292962022125720978e-02 2.509366534650325775e-02 5.145024508237838745e-02 4.841723293066024780e-02 2.187239564955234528e-02 3.132677078247070312e-02 4.502452909946441650e-03 6.373734027147293091e-02 1.722114719450473785e-02 4.089044872671365738e-03 2.323761209845542908e-02 1.437035202980041504e-01
2.259437926113605499e-02 6.149984430521726608e-03 1.519551221281290054e-02 1.219919398427009583e-01 5.340509116649627686e-02 1.543728820979595184e-02 2.871999703347682953e-02 6.587056443095207214e-03 3.429222106933593750e-02 6.240037083625793457e-02 1.100044231861829758e-02 1.556828804314136505e-02 1.009259931743144989e-02 1.590754650533199310e-02 3.457690402865409851e-02 3.314102441072463989e-02 3.860747814178466797e-02 2.039155177772045135e-02 2.307766862213611603e-02 5.426545068621635437e-02 1.065792050212621689e-02 4.013232421129941940e-03 6.633069366216659546e-02 2.840418741106987000e-02 4.514079913496971130e-02 3.070234134793281555e-02 1.097864191979169846e-02 3.473327495157718658e-03 4.156863316893577576e-03 4.835393745452165604e-03 1.697164587676525116e-02 2.703918889164924622e-02 1.555585488677024841e-02 2.236360311508178711e-02 7.717012893408536911e-03 4.819996282458305359e-02 5.247891694307327271e-02 1.623271219432353973e-02 5.464893952012062073e-02 1.031849235296249390e-01 1.883430033922195435e-02 2.051560208201408386e-02 3.224450349807739258e-02 4.323280602693557739e-02 4.773327708244323730e-02 5.495893210172653198e-02 3.131221234798431396e-02 4.845547303557395935e-02 2.048639766871929169e-02 2.360488288104534149e-03 1.591745018959045410e-02 1.108114048838615417e-02 6.720271892845630646e-03 3.534176200628280640e-02 1.896886341273784637e-02 8.946582674980163574e-03 4.809693433344364166e-03 3.531073406338691711e-02 4.985833913087844849e-02 4.276973009109497070e-02 1.819724962115287781e-02 2.674866840243339539e-02 2.114332094788551331e-02 8.943933993577957153e-03 6.533148232847452164e-03 1.109301391988992691e-02 7.310656365007162094e-03 4.435826092958450317e-03 1.411458663642406464e-02 2.813738770782947540e-03 8.167625404894351959e-03 2.476119250059127808e-02 1.175258979201316833e-01 3.525846824049949646e-02 1.590089201927185059e-01 4.294800385832786560e-02 2.538837306201457977e-02 3.311045840382575989e-02 6.886215880513191223e-03 8.820635080337524414e-02 3.882277756929397583e-02 1.249676942825317383e-02 1.022180076688528061e-02 1.070701181888580322e-01 2.014822699129581451e-02 1.720570214092731476e-02 3.773770108819007874e-02 1.411428581923246384e-02 8.319301530718803406e-03 2.872372232377529144e-02 3.071148879826068878e-02 1.753211393952369690e-02 5.097380373626947403e-03 7.083655800670385361e-03 1.810124609619379044e-03 7.533727586269378662e-02 3.291543573141098022e-02 4.091246053576469421e-02 8.052801713347434998e-03 1.178710139356553555e-03 6.771647930145263672e-02 7.282648980617523193e-02 2.776036225259304047e-02 6.441040430217981339e-03 1.414684019982814789e-02 1.391671132296323776e-02 7.306856103241443634e-03 3.528200834989547729e-02 7.052444852888584137e-03 1.648299209773540497e-02 2.878975495696067810e-02 1.112110912799835205e-02 6.853380054235458374e-02 4.070897772908210754e-02 5.676286295056343079e-02 2.651926130056381226e-02
1.173123940825462341e-01 7.448742538690567017e-02 6.138188391923904419e-02 4.385640844702720642e-02 1.543728820979595184e-02 9.261560440063476562e-02 1.532505750656127930e-01 9.964646771550178528e-03 4.899571090936660767e-02 4.390634223818778992e-02 8.688563853502273560e-02 5.071319267153739929e-02 6.083765253424644470e-02 7.232654839754104614e-02 3.471275325864553452e-03 2.306315582245588303e-03 9.490116499364376068e-03 7.304790429770946503e-03 1.172185759060084820e-03 2.951233647763729095e-03 8.543257601559162140e-03 9.131251834332942963e-03 7.466755807399749756e-02 2.704664506018161774e-02 1.264794077724218369e-02 7.187283039093017578e-02 1.962703280150890350e-02 6.072584167122840881e-02 1.377118285745382309e-02 7.137724757194519043e-02 8.877056650817394257e-03 1.775090023875236511e-02 2.488426305353641510e-02 3.038315474987030029e-02 7.042704150080680847e-03 5.917365476489067078e-02 1.754135079681873322e-02 1.721763052046298981e-02 6.469700485467910767e-03 1.320320880040526390e-03 1.489997841417789459e-02 4.175327345728874207e-02 3.923788666725158691e-03 4.642145708203315735e-03 3.404535353183746338e-02 4.664021730422973633e-02 1.529394537210464478e-01 8.760011941194534302e-02 2.113346196711063385e-02 1.275672670453786850e-02 4.721284285187721252e-02 2.160138078033924103e-02 1.370196416974067688e-02 3.577823936939239502e-02 4.733923822641372681e-02 1.303270366042852402e-02 1.080995789379812777e-04 3.886006399989128113e-02 1.910419086925685406e-03 1.252176053822040558e-02 1.209182478487491608e-02 3.545406460762023926e-02 3.443297464400529861e-03 2.335141878575086594e-03 1.758604124188423157e-02 1.784425415098667145e-02 1.187714282423257828e-02 1.394726708531379700e-02 1.231799274682998657e-02 3.305669873952865601e-02 5.096635967493057251e-02 3.283790871500968933e-02 6.817880272865295410e-02 4.219283536076545715e-02 6.958676502108573914e-03 1.900736615061759949e-02 3.007353097200393677e-02 1.071543060243129730e-02 3.067107684910297394e-02 6.370640546083450317e-02 1.626397110521793365e-02 3.081155382096767426e-02 9.153297170996665955e-03 2.379932627081871033e-02 8.354867994785308838e-02 1.970998384058475494e-02 6.057548522949218750e-02 1.863607019186019897e-02 2.373453043401241302e-02 7.176410406827926636e-02 1.005742102861404419e-01 2.951928647235035896e-03 5.330462753772735596e-02 1.886441186070442200e-02 8.771551772952079773e-03 3.663596138358116150e-02 1.122893416322767735e-03 8.283525821752846241e-04 1.813809014856815338e-02 1.688411831855773926e-02 1.102860737591981888e-02 1.617917045950889587e-02 2.741789072751998901e-02 4.194999113678932190e-02 1.920186541974544525e-02 4.093106836080551147e-02 2.649040333926677704e-02 2.548031695187091827e-02 2.318775281310081482e-03 1.208632253110408783e-02 1.451772544533014297e-02 1.804821006953716278e-02 5.320132151246070862e-02 2.597087435424327850e-02 9.341189637780189514e-03 6.199991330504417419e-03
6.335040926933288574e-02 8.677133172750473022e-02 1.082692891359329224e-01 3.014990128576755524e-03 2.871999703347682953e-02 1.532505750656127930e-01 1.135104522109031677e-01 3.730964288115501404e-02 4.652372095733880997e-03 3.442273288965225220e-02 7.667139172554016113e-02 3.638508915901184082e-02 8.621322363615036011e-02 3.668013960123062134e-02 4.637599457055330276e-03 1.268111262470483780e-02 1.656235754489898682e-02 3.488896787166595459e-02 6.268386542797088623e-02 2.907052077353000641e-02 2.923104539513587952e-02 3.542818129062652588e-02 4.575228784233331680e-03 2.446803729981184006e-03 7.504451554268598557e-03 3.174230456352233887e-02 1.003188826143741608e-02 4.130654782056808472e-02 1.284449920058250427e-02 2.409779094159603119e-02 1.372092124074697495e-02 2.792083658277988434e-02 3.407129552215337753e-03 2.055335044860839844e-02 5.600092932581901550e-02 3.880283236503601074e-02 5.743755027651786804e-03 6.681691156700253487e-04 2.628483064472675323e-02 1.224296726286411285e-02 2.893667842727154493e-04 1.163730747066438198e-03 5.756281316280364990e-03 2.613279409706592560e-02 1.775316707789897919e-02 6.715528434142470360e-04 1.650898605585098267e-01 2.054732888936996460e-01 1.144330576062202454e-02 2.467555226758122444e-03 1.387987565249204636e-02 1.397900865413248539e-03 5.818614736199378967e-02 3.187150880694389343e-02 2.026386186480522156e-02 1.492199581116437912e-02 1.466228067874908447e-02 2.458536252379417419e-02 4.064674675464630127e-02 3.134412318468093872e-02 1.557682361453771591e-02 3.535025566816329956e-02 2.786463126540184021e-03 1.256695576012134552e-02 4.755608737468719482e-03 4.323919862508773804e-02 1.822095597162842751e-03 3.932667151093482971e-02 7.683473173528909683e-03 3.345374017953872681e-03 2.250631526112556458e-02 2.005036361515522003e-02 1.153526548296213150e-02 2.058275602757930756e-02 4.268405027687549591e-03 1.860723458230495453e-02 2.755816327407956123e-03 5.227950587868690491e-02 1.438795309513807297e-02 7.639783434569835663e-03 1.429799478501081467e-02 3.434082865715026855e-02 1.673097349703311920e-02 3.165294602513313293e-02 2.256601303815841675e-02 6.955302786082029343e-03 4.788899049162864685e-02 9.651224827393889427e-04 1.711882650852203369e-02 6.062989309430122375e-02 9.101910144090652466e-02 2.425144240260124207e-02 8.782387524843215942e-02 1.383863016963005066e-02 1.534998044371604919e-02 6.062865257263183594e-03 6.769284140318632126e-03 6.915565114468336105e-03 8.950584568083286285e-03 2.305462397634983063e-02 6.839042063802480698e-03 1.018413063138723373e-02 2.937677688896656036e-02 4.487308114767074585e-02 3.819134831428527832e-02 5.706693511456251144e-03 3.406607732176780701e-02 4.730188101530075073e-02 1.353319175541400909e-02 1.966802775859832764e-02 2.841472625732421875e-02 1.819706708192825317e-02 7.618504762649536133e-02 4.273340106010437012e-02 9.706566110253334045e-03 2.634793706238269806e-02
4.070351645350456238e-02 1.872324757277965546e-02 2.853950858116149902e-01 4.590153321623802185e-02 6.587056443095207214e-03 9.964646771550178528e-03 3.730964288115501404e-02 1.878569424152374268e-01 1.272369083017110825e-02 5.608876794576644897e-02 1.090105157345533371e-02 4.580536484718322754e-02 4.106128588318824768e-03 2.296421676874160767e-02 6.574692670255899429e-03 1.605433598160743713e-02 1.986477896571159363e-02 2.511481754481792450e-03 9.314951300621032715e-02 5.805431678891181946e-02 2.739939838647842407e-02 5.211824551224708557e-02 6.286110728979110718e-02 3.360482305288314819e-02 3.274617716670036316e-02 1.952259428799152374e-02 5.264411121606826782e-02 1.177114827441982925e-04 5.094894208014011383e-03 1.138005778193473816e-02 2.234029583632946014e-02 1.534672174602746964e-02 1.478469185531139374e-02 4.316471051424741745e-03 6.214487180113792419e-02 5.017695948481559753e-02 2.324674464762210846e-02 6.795675493776798248e-03 1.141819451004266739e-02 1.836629700846970081e-03 5.862415954470634460e-02 4.036593437194824219e-02 2.131314203143119812e-02 1.164214238524436951e-01 4.784666001796722412e-02 3.820973262190818787e-02 2.737376652657985687e-02 1.130846422165632248e-02 7.975615561008453369e-03 2.413850463926792145e-02 8.423490077257156372e-02 5.973043851554393768e-03 6.569347530603408813e-02 1.890336046926677227e-03 1.052165590226650238e-02 3.426430746912956238e-02 5.861830897629261017e-03 2.240180270746350288e-03 1.176028326153755188e-01 5.698991473764181137e-03 4.042257741093635559e-02 2.678643912076950073e-02 2.055934630334377289e-02 8.085421472787857056e-02 3.285365551710128784e-02 3.803286701440811157e-02 8.276978507637977600e-03 1.062008831650018692e-02 2.882970869541168213e-02 1.047693565487861633e-01 3.006407618522644043e-02 2.778374589979648590e-02 3.515192121267318726e-02 5.014520511031150818e-02 5.132716521620750427e-02 4.737905412912368774e-02 9.754868224263191223e-03 3.510759025812149048e-02 6.046723108738660812e-03 4.839123785495758057e-02 2.942601740360260010e-01 1.812811195850372314e-01 2.880420070141553879e-03 4.648231342434883118e-02 1.952680409885942936e-03 3.782853856682777405e-02 1.851860731840133667e-01 1.063088253140449524e-01 1.267256401479244232e-02 8.198720403015613556e-03 2.124491147696971893e-02 3.753108158707618713e-02 1.855871267616748810e-02 6.895393878221511841e-02 5.821914970874786377e-02 1.833592168986797333e-02 5.411174893379211426e-02 1.974759995937347412e-02 9.693975560367107391e-03 3.177413344383239746e-02 4.678268358111381531e-02 4.884676542133092880e-03 5.354909971356391907e-02 4.944039136171340942e-02 6.343937013298273087e-03 2.700673788785934448e-02 2.482770010828971863e-02 3.987573832273483276e-02 3.507208311930298805e-03 1.864344067871570587e-02 4.998667165637016296e-02 2.447533607482910156e-02 1.595315337181091309e-02 1.895986311137676239e-02 3.104254230856895447e-02 1.189916953444480896e-01
6.166820414364337921e-03 1.507745217531919479e-02 2.101861312985420227e-02 1.047321408987045288e-02 3.429222106933593750e-02 4.899571090936660767e-02 4.652372095733880997e-03 1.272369083017110825e-02 1.549018472433090210e-01 1.176241040229797363e-01 1.930518425069749355e-03 1.168863028287887573e-01 1.346707716584205627e-02 1.088497340679168701e-01 3.815362975001335144e-02 6.954412907361984253e-02 1.034346595406532288e-02 1.798679828643798828e-01 8.509696461260318756e-03 3.686882182955741882e-02 6.112078204751014709e-02 5.336281657218933105e-02 1.843120157718658447e-02 8.420537225902080536e-03 1.134484633803367615e-01 8.840826153755187988e-02 8.828625828027725220e-02 3.971285372972488403e-02 5.804339423775672913e-03 3.149833530187606812e-02 1.214967295527458191e-02 1.744698360562324524e-02 2.381977252662181854e-02 8.280095644295215607e-03 1.858636178076267242e-02 9.314943104982376099e-02 3.776409849524497986e-02 6.456830352544784546e-02 4.173756018280982971e-02 2.721619978547096252e-02 1.085352618247270584e-02 5.932080000638961792e-02 2.815512195229530334e-02 3.092849859967827797e-03 1.689023710787296295e-02 2.989693172276020050e-02 3.661857545375823975e-02 3.347277641296386719e-02 2.756687998771667480e-02 7.059232145547866821e-02 7.681497372686862946e-03 3.259691968560218811e-02 3.577598929405212402e-02 4.636583849787712097e-02 9.079907834529876709e-02 7.891399413347244263e-02 4.874235019087791443e-02 6.055973842740058899e-02 8.260361850261688232e-03 2.685920521616935730e-02 7.397868484258651733e-02 1.522321719676256180e-02 1.829714886844158173e-02 1.499263104051351547e-02 3.653826192021369934e-02 4.645984992384910583e-02 1.344004087150096893e-02 5.272212997078895569e-02 9.053373336791992188e-02 3.466597571969032288e-02 5.420828238129615784e-02 5.312596261501312256e-02 6.392060965299606323e-02 3.053123131394386292e-02 6.064794957637786865e-02 6.909053027629852295e-02 1.306158006191253662e-01 2.768079377710819244e-02 1.054943501949310303e-01 3.482916206121444702e-02 2.616950683295726776e-02 4.036722704768180847e-02 1.057198792695999146e-01 4.330616444349288940e-03 1.422516442835330963e-02 1.284285681322216988e-03 5.373748717829585075e-04 2.218111790716648102e-02 1.791459023952484131e-01 9.116359800100326538e-02 1.470101531594991684e-03 3.279064223170280457e-02 2.925042808055877686e-02 1.048696460202336311e-03 7.081551849842071533e-02 2.393167838454246521e-02 1.070105470716953278e-02 2.311284653842449188e-02 2.197839692234992981e-02 6.538039445877075195e-02 1.872415281832218170e-02 6.113618612289428711e-02 2.531244046986103058e-02 3.435614332556724548e-02 2.748998627066612244e-02 9.254662692546844482e-02 1.725126802921295166e-02 6.121215969324111938e-02 5.898651434108614922e-04 9.921726770699024200e-03 1.128428429365158081e-02 9.775074431672692299e-04 3.992963582277297974e-02 4.305090382695198059e-02 9.633544832468032837e-03 4.672851040959358215e-02
8.635420352220535278e-03 9.326073341071605682e-03 3.657751530408859253e-02 4.891609400510787964e-02 6.240037083625793457e-02 4.390634223818778992e-02 3.442273288965225220e-02 5.608876794576644897e-02 1.176241040229797363e-01 7.630897313356399536e-02 2.150489017367362976e-02 9.274944663047790527e-03 1.332497783005237579e-02 7.306677848100662231e-02 1.069741509854793549e-02 1.868833228945732117e-02 2.919316105544567108e-02 1.619527116417884827e-02 1.574119031429290771e-01 6.673258543014526367e-02 5.352280661463737488e-02 6.281519308686256409e-03 7.072062790393829346e-02 9.975098073482513428e-03 6.949893385171890259e-02 5.356167629361152649e-02 4.368958994746208191e-02 2.083530090749263763e-02 1.708098314702510834e-02 4.411830753087997437e-02 4.853291809558868408e-02 1.402042247354984283e-02 2.235905826091766357e-02 2.148863300681114197e-02 1.806775666773319244e-02 2.995576150715351105e-02 4.187637940049171448e-02 2.636765502393245697e-02 4.072165489196777344e-02 7.458257675170898438e-02 7.021395489573478699e-03 4.351520538330078125e-02 5.768271163105964661e-02 5.448377504944801331e-02 4.401003476232290268e-03 1.644098013639450073e-02 4.918076843023300171e-02 1.971928030252456665e-02 1.030792575329542160e-02 9.585849940776824951e-02 1.665656082332134247e-02 2.591296471655368805e-02 1.750444434583187103e-02 5.757004953920841217e-03 7.713858969509601593e-03 1.509822160005569458e-01 4.480466991662979126e-02 4.010501131415367126e-02 1.975562423467636108e-03 1.482542045414447784e-02 2.424615807831287384e-02 5.809624120593070984e-02 1.916201040148735046e-02 2.665787935256958008e-02 4.710474051535129547e-03 3.253958746790885925e-02 1.697913929820060730e-02 2.428464405238628387e-02 6.930386275053024292e-02 1.936297863721847534e-03 7.407394796609878540e-02 1.049274578690528870e-02 3.953209891915321350e-02 2.721931785345077515e-03 5.490560457110404968e-02 6.167754065245389938e-03 2.457868680357933044e-02 1.019622907042503357e-01 2.372224442660808563e-02 2.028886973857879639e-01 4.703679308295249939e-02 4.605753347277641296e-02 2.319143898785114288e-02 4.378841817378997803e-02 2.304886002093553543e-03 1.540988776832818985e-02 5.080101639032363892e-02 3.168657794594764709e-02 2.475078217685222626e-03 7.107549160718917847e-02 1.031657215207815170e-02 2.765450812876224518e-02 3.946724906563758850e-02 2.300509251654148102e-02 8.617329597473144531e-02 6.966802477836608887e-02 5.457981303334236145e-02 5.406942591071128845e-02 5.075907707214355469e-02 1.466648560017347336e-02 5.161418020725250244e-02 3.348769247531890869e-02 2.204008772969245911e-02 5.758397653698921204e-02 2.975564077496528625e-02 3.809232637286186218e-02 6.395875941962003708e-03 1.465547457337379456e-02 2.945225872099399567e-02 1.243554055690765381e-02 3.773934766650199890e-02 1.723222620785236359e-02 6.335999071598052979e-02 9.843584895133972168e-02 2.708599157631397247e-02 1.857650838792324066e-02
1.291309893131256104e-01 9.850711375474929810e-02 4.082698747515678406e-02 1.440290128812193871e-03 1.100044231861829758e-02 8.688563853502273560e-02 7.667139172554016113e-02 1.090105157345533371e-02 1.930518425069749355e-03 2.150489017367362976e-02 1.045612767338752747e-01 4.346596822142601013e-02 1.279056519269943237e-01 7.498691976070404053e-02 1.715468429028987885e-02 5.664567463099956512e-03 3.727054689079523087e-03 4.395293071866035461e-02 1.917534135282039642e-02 2.327964827418327332e-02 2.867400832474231720e-02 6.320156157016754150e-02 2.402800321578979492e-02 1.734864898025989532e-02 8.016127161681652069e-03 1.952286623418331146e-02 5.084284767508506775e-02 2.388407662510871887e-02 4.697643965482711792e-02 6.002585962414741516e-02 2.337274886667728424e-02 4.683403763920068741e-03 2.725416049361228943e-02 1.545857754535973072e-03 2.183872461318969727e-02 1.609142124652862549e-02 2.885098010301589966e-02 1.077084057033061981e-02 6.403074134141206741e-03 2.345852367579936981e-02 3.363256575539708138e-03 3.056492656469345093e-02 2.937138639390468597e-02 3.332191705703735352e-02 1.755593460984528065e-03 3.285502269864082336e-02 1.167955994606018066e-01 7.201644778251647949e-02 8.699079975485801697e-03 2.906621247529983521e-02 4.236298799514770508e-02 8.190929889678955078e-03 5.593228712677955627e-02 7.914680987596511841e-03 1.343937590718269348e-02 1.758892089128494263e-02 2.947285585105419159e-02 5.225305911153554916e-03 4.133993014693260193e-02 7.567387074232101440e-03 9.600640274584293365e-03 1.245085988193750381e-02 2.867395058274269104e-02 5.311979912221431732e-03 5.430240184068679810e-02 4.132722690701484680e-02 5.943494383245706558e-03 2.355924062430858612e-02 1.025227247737348080e-03 2.622676454484462738e-02 5.019190255552530289e-03 2.215750887989997864e-02 2.440663427114486694e-02 1.342734135687351227e-02 1.603910140693187714e-02 6.104873958975076675e-03 5.317105678841471672e-04 3.600081801414489746e-02 6.922079715877771378e-03 3.339318931102752686e-02 5.407529883086681366e-03 7.000116631388664246e-03 2.054319530725479126e-02 1.127536501735448837e-02 4.784636199474334717e-02 2.625479735434055328e-02 5.988852307200431824e-02 3.211247175931930542e-02 3.598492220044136047e-02 4.788376763463020325e-02 4.770870879292488098e-02 7.303226739168167114e-02 1.044067088514566422e-02 4.197633638978004456e-02 3.592294454574584961e-02 7.101425435394048691e-03 5.524547770619392395e-03 4.527135752141475677e-03 5.847639869898557663e-03 3.307524695992469788e-02 1.506183203309774399e-02 4.449902102351188660e-02 3.518549958243966103e-03 1.153317932039499283e-02 3.811370814219117165e-03 2.254267036914825439e-02 4.347006615716964006e-04 3.268327191472053528e-02 1.105418894439935684e-02 5.303992074914276600e-04 5.926166847348213196e-02 6.855855230242013931e-03 3.316576778888702393e-02 2.040986530482769012e-02 2.432913705706596375e-02 1.378399785608053207e-02
3.980695456266403198e-02 3.426853567361831665e-02 2.252961043268442154e-03 3.333318233489990234e-02 1.556828804314136505e-02 5.071319267153739929e-02 3.638508915901184082e-02 4.580536484718322754e-02 1.168863028287887573e-01 9.274944663047790527e-03 4.346596822142601013e-02 9.916543215513229370e-02 1.985625363886356354e-02 8.052445203065872192e-02 5.038909148424863815e-03 2.057730592787265778e-02 2.103107608854770660e-02 7.443881779909133911e-02 5.470518022775650024e-03 8.263473398983478546e-03 2.021210081875324249e-02 2.269823849201202393e-02 4.412303492426872253e-02 2.084974385797977448e-02 4.032038897275924683e-02 1.268404349684715271e-02 4.556589201092720032e-02 1.132636368274688721e-01 2.927289530634880066e-02 1.689772238023579121e-03 3.198560327291488647e-02 3.120136260986328125e-02 1.701615937054157257e-02 3.742764517664909363e-02 4.211586341261863708e-02 3.074762225151062012e-02 1.805559732019901276e-02 1.755788689479231834e-03 3.668626025319099426e-02 3.016156889498233795e-02 2.894951216876506805e-02 4.421836510300636292e-02 1.959187723696231842e-02 5.686808004975318909e-02 1.060711443424224854e-01 9.318064898252487183e-03 1.735873147845268250e-02 6.343583762645721436e-02 4.640371724963188171e-02 1.108319684863090515e-02 7.204736024141311646e-02 5.132491886615753174e-02 2.634200640022754669e-02 7.719462737441062927e-03 1.838313974440097809e-02 4.586286097764968872e-02 3.025054372847080231e-02 3.087028302252292633e-02 1.153118815273046494e-02 9.641000069677829742e-03 1.813669130206108093e-02 5.939259752631187439e-02 4.577122163027524948e-03 6.574674625881016254e-04 3.135789185762405396e-03 7.975553162395954132e-03 1.643689349293708801e-03 3.461984544992446899e-02 3.734708204865455627e-02 3.108022361993789673e-02 1.898537576198577881e-02 5.846566334366798401e-02 4.218960925936698914e-02 3.583497554063796997e-02 2.750745229423046112e-02 6.675219535827636719e-02 5.770721659064292908e-02 4.396241903305053711e-02 1.613757014274597168e-01 4.261542856693267822e-02 2.067613601684570312e-02 5.175092443823814392e-02 7.953354716300964355e-02 4.109422490000724792e-02 3.089561872184276581e-02 2.242545783519744873e-02 3.511688485741615295e-02 1.097939349710941315e-02 5.341237783432006836e-02 9.509022533893585205e-02 1.014385651797056198e-02 5.870530754327774048e-02 3.418677672743797302e-02 3.403168870136141777e-03 1.231714896857738495e-02 5.157998576760292053e-02 1.756470417603850365e-03 2.884822897613048553e-02 1.312208827584981918e-02 3.470398113131523132e-02 3.490099683403968811e-02 1.808652095496654510e-02 1.085441280156373978e-02 5.496656894683837891e-02 1.490217633545398712e-03 1.058391993865370750e-03 2.478924952447414398e-02 2.989241853356361389e-02 4.627182707190513611e-02 4.206044226884841919e-02 8.928238600492477417e-02 1.450199447572231293e-02 4.702955111861228943e-02 2.223137021064758301e-02 1.622286438941955566e-02 6.783328205347061157e-02
6.422781199216842651e-02 7.331622391939163208e-02 3.053809329867362976e-02 1.887059025466442108e-02 1.009259931743144989e-02 6.083765253424644470e-02 8.621322363615036011e-02 4.106128588318824768e-03 1.346707716584205627e-02 1.332497783005237579e-02 1.279056519269943237e-01 1.985625363886356354e-02 8.698111772537231445e-02 9.516940265893936157e-02 1.799404993653297424e-02 2.317579463124275208e-03 1.381003111600875854e-02 4.456078633666038513e-02 3.352377936244010925e-02 6.150295957922935486e-04 9.893704205751419067e-03 5.451775342226028442e-02 8.646162226796150208e-03 9.642160148359835148e-04 2.672329545021057129e-02 2.993653062731027603e-03 7.496604323387145996e-02 2.197959460318088531e-02 2.939788810908794403e-02 3.804695978760719299e-02 2.574989944696426392e-02 1.448369678109884262e-02 1.056054141372442245e-02 2.403153339400887489e-03 4.574264958500862122e-02 3.530104178935289383e-03 2.802199497818946838e-02 7.057745009660720825e-03 8.359082974493503571e-03 1.996063161641359329e-03 3.289640322327613831e-02 4.683876037597656250e-02 4.516264796257019043e-02 1.434470340609550476e-02 4.401311744004487991e-03 3.781874431297183037e-03 9.119978547096252441e-02 9.654939174652099609e-02 3.059646347537636757e-03 4.657010082155466080e-03 2.021971344947814941e-02 1.119313016533851624e-02 6.423592567443847656e-02 1.336909271776676178e-02 3.229834884405136108e-02 2.368320274399593472e-04 1.320144254714250565e-02 4.393185302615165710e-02 1.974751986563205719e-02 2.526745386421680450e-02 1.417182851582765579e-02 6.191140855662524700e-04 2.473766915500164032e-02 7.367733633145689964e-04 2.332222461700439453e-02 6.798738986253738403e-02 1.592287607491016388e-02 2.724411711096763611e-02 2.013562247157096863e-02 7.252178154885768890e-03 3.359425440430641174e-02 4.534037411212921143e-02 6.890312070026993752e-04 7.367207668721675873e-03 1.608867757022380829e-02 2.470387145876884460e-02 4.457549657672643661e-03 3.151816083118319511e-03 1.500353962182998657e-02 4.855738580226898193e-02 1.365986559540033340e-02 2.492275089025497437e-02 1.712830550968647003e-02 1.048965379595756531e-02 3.738035634160041809e-02 1.665302924811840057e-02 3.707744553685188293e-02 3.722840920090675354e-02 3.422150015830993652e-02 1.081914082169532776e-02 2.197950147092342377e-02 2.855847217142581940e-02 3.753091767430305481e-02 5.010300874710083008e-02 2.970555797219276428e-02 1.205209991894662380e-03 8.479399606585502625e-03 2.298892289400100708e-02 8.469271473586559296e-03 2.247991226613521576e-02 2.338515035808086395e-02 5.418881773948669434e-02 9.001857601106166840e-03 3.360085829626768827e-04 1.415693853050470352e-02 3.257433325052261353e-02 9.440841153264045715e-03 3.886400163173675537e-02 1.153265242464840412e-03 8.862686343491077423e-03 1.077316794544458389e-02 2.012436278164386749e-02 2.343090623617172241e-02 1.142992405220866203e-03 4.730568616650998592e-04 1.797254569828510284e-02
