1.390803977847099304e-02 3.642503321170806885e-01 2.760848775506019592e-02 3.787885233759880066e-02 3.187659755349159241e-02 9.304646402597427368e-02 5.067464895546436310e-03 2.865209802985191345e-02 1.683682948350906372e-02 7.306466996669769287e-02 1.292710006237030029e-01 4.984180908650159836e-03 9.248054027557373047e-02 1.725465059280395508e-02 5.686573684215545654e-03 8.395523577928543091e-02 9.014678001403808594e-02 9.928318671882152557e-03 2.766964770853519440e-02 4.591737687587738037e-02 3.712834790349006653e-02 4.402633011341094971e-02 1.478020008653402328e-02 6.017098668962717056e-03 5.733582749962806702e-02 2.996366238221526146e-03 2.054087631404399872e-02 6.338088959455490112e-02 2.152619510889053345e-02 6.172915548086166382e-02 4.645565152168273926e-02 4.415923357009887695e-02 2.605383517220616341e-03 9.963602758944034576e-03 3.219294175505638123e-02 3.615743666887283325e-02 2.415265189483761787e-03 4.617647267878055573e-03 1.121362484991550446e-02 1.659183204174041748e-02 7.155225425958633423e-02 3.311750665307044983e-02 4.443993419408798218e-02 7.965063676238059998e-03 1.704239100217819214e-02 5.936992540955543518e-02 5.748226493597030640e-02 5.608952417969703674e-02 4.095716401934623718e-02 2.648084191605448723e-03 4.094078391790390015e-02 5.797360092401504517e-02 7.787466514855623245e-03 5.634295567870140076e-02 3.993812575936317444e-02 6.360173225402832031e-03 8.796784677542746067e-04 1.286174263805150986e-02 1.901235431432723999e-02 2.184840152040123940e-03 3.025457635521888733e-02 2.849327959120273590e-02 1.700406149029731750e-02 3.660627081990242004e-02 3.781271725893020630e-02 1.293404214084148407e-02 3.090471215546131134e-02 4.149123653769493103e-02 5.801226198673248291e-02 2.843087539076805115e-02 4.657513275742530823e-02 1.846273662522435188e-03 2.709714509546756744e-02 6.191574037075042725e-03 2.495065145194530487e-02 4.072378203272819519e-02 2.534119784832000732e-02 1.673693396151065826e-02 7.726841419935226440e-02 3.019259870052337646e-02 2.464905567467212677e-02 1.367302238941192627e-02 6.826840341091156006e-03 3.844742476940155029e-02 4.007528349757194519e-02 3.422245383262634277e-03 6.008848082274198532e-03 5.002311989665031433e-02 4.632533341646194458e-02 3.749209269881248474e-02 4.240353591740131378e-03 2.729775011539459229e-02 2.885463275015354156e-02 4.115649312734603882e-02 4.240892454981803894e-02 4.608685895800590515e-02 6.327145546674728394e-02 2.422550693154335022e-02 3.518022224307060242e-02 7.231244444847106934e-02 3.327864408493041992e-02 6.940939277410507202e-02 3.003202565014362335e-02 1.571922190487384796e-02 3.443074226379394531e-02 9.289263747632503510e-03 1.846902421675622463e-03 2.950690127909183502e-02 2.038110233843326569e-02 2.787176333367824554e-02 1.985481008887290955e-02 6.736627966165542603e-02 1.052105333656072617e-02 1.154270768165588379e-02 5.846641957759857178e-02 1.276990957558155060e-02
3.642503321170806885e-01 2.029456570744514465e-02 1.602528803050518036e-02 1.486664358526468277e-02 2.792173437774181366e-02 1.061751767992973328e-01 6.475340574979782104e-02 6.977143138647079468e-02 5.596426781266927719e-03 3.107454441487789154e-02 7.165566086769104004e-02 4.035002738237380981e-02 1.538092494010925293e-01 3.194984048604965210e-02 2.434875257313251495e-02 4.516058042645454407e-02 4.556195810437202454e-02 4.634253680706024170e-02 2.390211820602416992e-02 1.083106696605682373e-01 2.027780935168266296e-02 6.056806445121765137e-02 2.327151410281658173e-02 2.442657761275768280e-02 2.181263174861669540e-03 4.288722947239875793e-02 2.724294550716876984e-02 2.508252672851085663e-02 4.417790472507476807e-02 8.038206957280635834e-03 1.125196181237697601e-02 2.415795065462589264e-02 7.940301671624183655e-03 3.989747911691665649e-02 7.867738604545593262e-03 7.281295023858547211e-03 1.760212145745754242e-02 4.530003760010004044e-03 4.012053459882736206e-02 3.544776514172554016e-02 2.154674613848328590e-03 1.497242413461208344e-02 4.076616466045379639e-02 2.282602339982986450e-02 4.836539924144744873e-02 5.303246527910232544e-02 5.494610220193862915e-02 1.422215159982442856e-02 2.586491964757442474e-02 2.961081825196743011e-02 2.981348335742950439e-02 2.010865509510040283e-02 5.508765578269958496e-02 5.834765732288360596e-03 5.219675222178921103e-05 1.373910531401634216e-02 5.442437250167131424e-03 6.456943601369857788e-02 4.748478904366493225e-02 6.062454730272293091e-02 2.967482432723045349e-03 3.962676599621772766e-02 1.530005130916833878e-03 2.766332181636244059e-04 1.551307365298271179e-02 2.704662829637527466e-02 1.795751787722110748e-02 6.995967123657464981e-03 1.865766756236553192e-02 1.059718877077102661e-01 7.723041623830795288e-02 1.320064533501863480e-02 3.340322524309158325e-02 7.480160892009735107e-02 6.050069816410541534e-03 3.688351437449455261e-02 1.904366165399551392e-02 9.862171858549118042e-02 2.387152053415775299e-02 2.173768728971481323e-02 4.287573322653770447e-02 3.144717076793313026e-03 3.780793026089668274e-02 1.903591491281986237e-02 4.962933436036109924e-02 5.114882066845893860e-02 6.630244106054306030e-02 2.597590349614620209e-02 2.184847928583621979e-02 2.896335721015930176e-02 2.781056798994541168e-02 2.288806019350886345e-03 5.620235204696655273e-02 4.152064025402069092e-02 1.666235178709030151e-02 1.324363797903060913e-02 8.326375484466552734e-02 3.108188696205615997e-02 4.656153544783592224e-02 6.757819210179150105e-04 6.029329076409339905e-02 7.973081618547439575e-02 5.372913181781768799e-02 3.628643229603767395e-02 1.527242455631494522e-02 1.306605711579322815e-02 4.506294429302215576e-02 4.174894839525222778e-02 1.083382219076156616e-02 1.216251496225595474e-02 4.771311581134796143e-02 6.914719194173812866e-02 1.684433035552501678e-02 1.821673847734928131e-02 2.100404165685176849e-02 3.157323598861694336e-02
2.760848775506019592e-02 1.602528803050518036e-02 2.169273421168327332e-02 1.884464733302593231e-02 3.518240526318550110e-02 8.434812538325786591e-03 1.544701214879751205e-02 1.464276760816574097e-01 2.100598439574241638e-02 1.889137737452983856e-02 1.010973472148180008e-02 2.740868926048278809e-02 5.193659290671348572e-02 6.928046792745590210e-02 7.799312472343444824e-02 1.308030914515256882e-04 1.973201334476470947e-02 3.344710543751716614e-02 1.519844029098749161e-02 4.390471801161766052e-02 4.760983586311340332e-02 1.537999603897333145e-02 7.248163968324661255e-02 1.135380938649177551e-03 3.012893255800008774e-03 3.446456789970397949e-02 4.204669967293739319e-02 8.447459898889064789e-03 1.978857815265655518e-02 3.160180896520614624e-02 1.309723593294620514e-02 3.378629684448242188e-02 8.597780764102935791e-02 2.094452641904354095e-02 9.514434263110160828e-03 4.360740631818771362e-02 4.014786682091653347e-04 3.511656075716018677e-02 1.359038241207599640e-02 4.099758714437484741e-02 3.476156294345855713e-02 2.094192616641521454e-02 3.167448937892913818e-02 2.204037830233573914e-02 1.823303475975990295e-02 2.320528030395507812e-02 1.793362013995647430e-02 2.287170663475990295e-02 7.736572995781898499e-03 7.757150568068027496e-03 2.382396161556243896e-02 3.452509641647338867e-03 3.636240586638450623e-02 2.952610841020941734e-03 4.085174575448036194e-02 4.105931147933006287e-02 2.758831344544887543e-02 3.226472437381744385e-02 3.163469582796096802e-02 2.873233519494533539e-02 8.382664993405342102e-03 2.208505384624004364e-02 5.639719218015670776e-02 2.220434136688709259e-02 3.995881974697113037e-02 2.592076174914836884e-02 3.386235609650611877e-02 1.529303099960088730e-02 1.409702748060226440e-02 9.447871148586273193e-02 4.560954868793487549e-02 1.117102894932031631e-02 3.703087568283081055e-02 1.011672150343656540e-02 1.708801276981830597e-02 1.337454281747341156e-02 3.045189753174781799e-02 3.365653380751609802e-02 4.867555573582649231e-02 1.353654731065034866e-02 1.791287362575531006e-01 2.746602892875671387e-01 1.837076433002948761e-02 3.982819989323616028e-02 4.586869478225708008e-02 2.293852344155311584e-02 4.426167579367756844e-04 9.293861687183380127e-02 3.056292608380317688e-02 8.290594071149826050e-02 1.827352121472358704e-02 2.594667486846446991e-03 3.356397151947021484e-02 1.876733824610710144e-02 1.242709159851074219e-02 4.483373835682868958e-02 7.864234503358602524e-04 3.556234017014503479e-02 3.820627182722091675e-02 6.462227553129196167e-03 2.885251119732856750e-02 2.965753339231014252e-02 4.417606815695762634e-02 4.044217988848686218e-02 5.353895947337150574e-02 4.025836661458015442e-02 2.983951196074485779e-02 1.484857406467199326e-02 1.589396595954895020e-02 5.862979590892791748e-02 5.449511855840682983e-02 5.505585670471191406e-02 5.841219332069158554e-03 5.098605901002883911e-02 1.618296466767787933e-02 1.076872721314430237e-01
3.787885233759880066e-02 1.486664358526468277e-02 1.884464733302593231e-02 4.924009367823600769e-02 2.070933431386947632e-01 2.994862850755453110e-03 1.667650789022445679e-02 2.186446264386177063e-02 3.335688263177871704e-02 6.366249173879623413e-02 4.145215265452861786e-03 4.520403221249580383e-02 6.262382864952087402e-02 4.534645378589630127e-02 1.061788108199834824e-02 4.591932147741317749e-02 3.884980082511901855e-02 2.978438511490821838e-02 1.216366793960332870e-02 6.525562703609466553e-02 9.052685461938381195e-03 3.703197836875915527e-02 8.832507766783237457e-03 4.263172741048038006e-04 3.746689856052398682e-02 5.101526156067848206e-02 3.980453312397003174e-02 2.190760150551795959e-02 3.829925507307052612e-02 5.500705912709236145e-02 4.019125923514366150e-02 4.692395776510238647e-02 1.764317974448204041e-02 5.118783563375473022e-03 1.216925866901874542e-02 4.814854264259338379e-02 4.915003851056098938e-02 1.502915658056735992e-02 6.448613852262496948e-02 6.763470172882080078e-02 3.406842797994613647e-02 2.815474756062030792e-02 4.810826107859611511e-02 5.436847731471061707e-02 1.183401141315698624e-02 8.186651021242141724e-02 2.040960080921649933e-02 2.278268523514270782e-02 5.476105213165283203e-02 6.356183439493179321e-02 4.361989349126815796e-02 3.549023345112800598e-02 4.421852156519889832e-02 4.084500297904014587e-02 4.952490329742431641e-02 1.163033489137887955e-02 9.903927147388458252e-02 4.658126085996627808e-02 1.231915876269340515e-02 9.923398494720458984e-03 6.815151125192642212e-02 2.803903631865978241e-02 1.384918205440044403e-02 3.995734732598066330e-03 1.405042689293622971e-02 2.817665785551071167e-02 2.787086553871631622e-02 4.048876464366912842e-03 1.563332974910736084e-02 1.086390111595392227e-02 1.875113137066364288e-02 3.957453370094299316e-02 1.681020110845565796e-01 6.212262809276580811e-02 1.490160971879959106e-01 5.013951286673545837e-02 2.312831953167915344e-02 2.418938279151916504e-02 5.937379598617553711e-02 4.288556799292564392e-02 1.249715685844421387e-02 4.046547785401344299e-02 5.018975958228111267e-02 7.116780430078506470e-02 2.010774798691272736e-02 3.558653220534324646e-02 5.891889333724975586e-03 1.052927225828170776e-02 1.724343001842498779e-01 1.023544222116470337e-01 3.239173069596290588e-02 2.855457551777362823e-02 1.162385381758213043e-02 2.496281266212463379e-02 4.608543217182159424e-02 2.466228976845741272e-02 1.870374381542205811e-02 1.258265040814876556e-02 8.484775200486183167e-03 2.621824108064174652e-02 2.393823489546775818e-02 6.466710567474365234e-02 1.136478409171104431e-02 6.459906697273254395e-02 5.583378300070762634e-02 2.399507537484169006e-02 2.808909118175506592e-02 8.288202434778213501e-02 9.660327434539794922e-02 6.022815778851509094e-02 4.456979036331176758e-02 7.066415250301361084e-02 5.729470774531364441e-02 1.650948822498321533e-02 9.553074836730957031e-03 5.677483975887298584e-02
3.187659755349159241e-02 2.792173437774181366e-02 3.518240526318550110e-02 2.070933431386947632e-01 7.623594999313354492e-02 3.085886128246784210e-02 4.921292886137962341e-03 7.922377437353134155e-03 4.265514388680458069e-02 1.589637435972690582e-02 1.144292112439870834e-02 3.198540955781936646e-02 1.072933338582515717e-02 3.774083033204078674e-02 1.760653336532413960e-03 5.929165706038475037e-02 3.148457780480384827e-02 4.741460457444190979e-02 1.633028499782085419e-02 1.523571461439132690e-02 1.943546114489436150e-03 2.151991613209247589e-02 4.312957823276519775e-02 1.926960237324237823e-02 3.457108885049819946e-02 4.872575029730796814e-02 3.912185505032539368e-02 4.684522747993469238e-03 3.925831615924835205e-02 4.290733486413955688e-02 3.514115512371063232e-02 1.103720348328351974e-02 3.316265344619750977e-02 6.821923889219760895e-04 3.461925778537988663e-03 1.019551855279132724e-04 3.164099901914596558e-02 2.282397635281085968e-02 1.254550367593765259e-02 7.171950303018093109e-03 3.003021329641342163e-02 2.964805066585540771e-02 1.375876739621162415e-02 3.085432201623916626e-02 3.222431242465972900e-02 1.521716266870498657e-01 1.745842397212982178e-02 1.383194327354431152e-02 1.537882722914218903e-02 3.178390208631753922e-03 8.112925291061401367e-02 6.539171189069747925e-02 5.064847692847251892e-02 5.507220700383186340e-02 6.262396462261676788e-03 3.443667292594909668e-02 5.065563693642616272e-02 8.971189148724079132e-03 5.486807227134704590e-02 3.635228797793388367e-02 4.464123025536537170e-02 4.769527539610862732e-02 2.751763537526130676e-02 4.128734394907951355e-02 4.127003718167543411e-03 3.608481213450431824e-02 1.430727634578943253e-02 3.057011635974049568e-03 9.691466577351093292e-03 3.244442050345242023e-04 2.608073502779006958e-02 6.500850617885589600e-02 1.724906116724014282e-01 2.132437005639076233e-02 1.844498515129089355e-01 7.195740938186645508e-02 2.328593051061034203e-03 1.257649343460798264e-02 2.350107394158840179e-02 6.472435593605041504e-02 3.374204039573669434e-02 4.769098013639450073e-02 5.638340488076210022e-02 1.041479036211967468e-01 4.772059619426727295e-02 6.301159411668777466e-02 2.027476206421852112e-02 4.030461236834526062e-02 1.053810119628906250e-01 5.834568664431571960e-02 2.607533335685729980e-02 1.729472773149609566e-03 1.409043837338685989e-02 2.384738437831401825e-02 3.865784406661987305e-02 4.863749444484710693e-02 2.427622862160205841e-02 2.836551889777183533e-02 3.589283302426338196e-02 4.218918457627296448e-02 6.616945378482341766e-03 3.310446068644523621e-02 2.104957401752471924e-02 9.189786016941070557e-02 4.872338846325874329e-02 2.258910797536373138e-02 2.064624335616827011e-03 4.382032528519630432e-02 5.353581160306930542e-02 5.087701976299285889e-02 3.942155092954635620e-02 4.332591779530048370e-03 4.959991574287414551e-02 2.233777381479740143e-02 3.372257202863693237e-02 3.862785175442695618e-02
9.304646402597427368e-02 1.061751767992973328e-01 8.434812538325786591e-03 2.994862850755453110e-03 3.085886128246784210e-02 3.022203687578439713e-03 1.495835930109024048e-01 1.718789152801036835e-02 7.217649370431900024e-02 6.188490986824035645e-02 3.407453745603561401e-02 1.060273349285125732e-01 5.395797640085220337e-02 3.087772987782955170e-02 1.485163229517638683e-03 1.665753871202468872e-02 1.160987187176942825e-02 1.667158305644989014e-02 1.805307460017502308e-03 4.535242542624473572e-02 4.403829202055931091e-02 2.963390760123729706e-02 1.609863899648189545e-02 3.884880989789962769e-02 5.370428413152694702e-02 3.750848770141601562e-02 2.608441561460494995e-02 1.058083176612854004e-01 3.106807544827461243e-02 7.497328519821166992e-02 8.440697565674781799e-03 2.090736106038093567e-02 2.165097929537296295e-02 9.664756245911121368e-03 4.062173515558242798e-02 3.832872025668621063e-03 2.609417960047721863e-02 3.071921318769454956e-02 2.781399525701999664e-02 3.106213919818401337e-02 9.434524178504943848e-02 1.722758449614048004e-02 5.344683304429054260e-02 1.895266957581043243e-02 3.945390135049819946e-02 5.239346064627170563e-03 1.255359202623367310e-01 1.146808862686157227e-01 2.352734841406345367e-02 3.480694442987442017e-02 4.529044404625892639e-02 1.189744472503662109e-02 3.090834803879261017e-02 2.025895565748214722e-02 3.184445202350616455e-02 6.318390835076570511e-03 2.513930015265941620e-02 7.204449921846389771e-02 1.942733861505985260e-02 6.095773074775934219e-03 2.113865502178668976e-02 1.577335037291049957e-02 9.651290625333786011e-02 9.192279726266860962e-02 4.428255185484886169e-02 5.987459793686866760e-03 1.571625820361077785e-03 4.527954757213592529e-02 4.813722893595695496e-02 4.082386568188667297e-02 2.434995770454406738e-02 1.808353327214717865e-02 1.642898097634315491e-02 6.917399168014526367e-02 1.864092238247394562e-02 4.758260771632194519e-02 2.070678398013114929e-02 6.359932571649551392e-02 5.681498721241950989e-02 3.909868001937866211e-02 7.528865244239568710e-03 2.562616392970085144e-02 4.423430934548377991e-02 3.640714334324002266e-03 4.635887593030929565e-02 9.527907706797122955e-03 1.378227490931749344e-02 3.246004926040768623e-03 6.058187037706375122e-02 6.246226653456687927e-02 5.292136222124099731e-02 5.990082770586013794e-02 6.095466390252113342e-02 3.238286124542355537e-03 5.103294551372528076e-02 3.511365503072738647e-02 3.204369172453880310e-02 2.174215391278266907e-02 1.776849478483200073e-02 1.305583585053682327e-02 4.228077828884124756e-02 2.719090553000569344e-03 1.138754654675722122e-02 6.598886847496032715e-02 3.259772434830665588e-02 3.658568859100341797e-02 2.660538256168365479e-02 4.335340857505798340e-02 1.371062733232975006e-02 5.769919976592063904e-02 6.730524823069572449e-03 1.459844503551721573e-02 5.126215890049934387e-02 5.906135961413383484e-02 2.330309338867664337e-02 4.673842340707778931e-03
5.067464895546436310e-03 6.475340574979782104e-02 1.544701214879751205e-02 1.667650789022445679e-02 4.921292886137962341e-03 1.495835930109024048e-01 6.826004385948181152e-02 4.257588833570480347e-02 4.273625090718269348e-03 1.358727179467678070e-02 7.800719141960144043e-02 8.348385803401470184e-03 9.027796983718872070e-02 5.799769237637519836e-02 4.629478976130485535e-02 3.052929230034351349e-02 3.204694762825965881e-02 5.162691697478294373e-03 1.469113584607839584e-02 2.051359042525291443e-03 4.671632498502731323e-02 7.471038959920406342e-03 2.122568339109420776e-02 3.287445381283760071e-02 6.543220579624176025e-02 5.290730670094490051e-02 2.926905080676078796e-02 6.822853535413742065e-02 6.208435073494911194e-02 3.385488316416740417e-02 1.058725938200950623e-01 8.299041539430618286e-03 3.267887805122882128e-04 2.829646877944469452e-02 3.181709721684455872e-02 4.171464219689369202e-02 5.198786407709121704e-02 9.211070835590362549e-03 6.487253122031688690e-03 1.520699728280305862e-02 4.408774524927139282e-02 1.076444983482360840e-02 3.890189528465270996e-02 4.587266966700553894e-02 1.521371770650148392e-02 9.188197553157806396e-03 1.014336049556732178e-01 1.348459720611572266e-01 2.353733638301491737e-03 2.888239454478025436e-03 7.233815849758684635e-04 3.318894654512405396e-02 1.582480594515800476e-02 9.696756489574909210e-03 2.524943277239799500e-02 3.952615708112716675e-02 2.103878557682037354e-02 1.959982328116893768e-02 4.284679144620895386e-02 5.462133325636386871e-03 1.371347438544034958e-02 4.114541783928871155e-02 3.390490636229515076e-02 1.816837303340435028e-02 1.435615681111812592e-02 2.591529488563537598e-02 1.371891517192125320e-02 5.557557940483093262e-02 3.301410749554634094e-02 3.005708334967494011e-03 8.919177204370498657e-02 1.342108007520437241e-02 1.175761222839355469e-03 6.365924328565597534e-02 8.238905109465122223e-03 3.247887641191482544e-02 2.486409991979598999e-02 9.268318861722946167e-02 4.714202880859375000e-02 2.859057113528251648e-02 3.168972209095954895e-02 3.387081250548362732e-02 2.534402906894683838e-02 7.011560257524251938e-03 2.387442160397768021e-03 1.442540064454078674e-02 8.424136787652969360e-03 4.771724715828895569e-02 3.817725554108619690e-02 5.337367579340934753e-02 3.133612126111984253e-02 1.846718974411487579e-02 6.616180390119552612e-02 3.497223556041717529e-02 1.937576383352279663e-02 9.775644866749644279e-04 4.620949551463127136e-02 2.461207099258899689e-02 1.400986965745687485e-02 3.629831597208976746e-02 2.969607710838317871e-02 2.454402483999729156e-02 1.402286812663078308e-02 3.470300137996673584e-02 5.308759398758411407e-03 5.631602369248867035e-03 1.312337350100278854e-02 3.954224660992622375e-02 7.341853808611631393e-03 3.246454522013664246e-02 1.146460175514221191e-01 1.953990897163748741e-03 3.539114445447921753e-02 3.374352818354964256e-03 8.699246495962142944e-02 1.886313967406749725e-02
2.865209802985191345e-02 6.977143138647079468e-02 1.464276760816574097e-01 2.186446264386177063e-02 7.922377437353134155e-03 1.718789152801036835e-02 4.257588833570480347e-02 3.321668878197669983e-02 4.485808778554201126e-03 5.439954251050949097e-02 1.072522401809692383e-01 5.818307027220726013e-02 7.464084029197692871e-02 6.940761208534240723e-02 2.178624123334884644e-01 4.046419635415077209e-02 5.342620611190795898e-02 2.152666263282299042e-02 6.628023926168680191e-03 2.219716552644968033e-03 1.967494562268257141e-02 4.646555706858634949e-02 1.298728585243225098e-01 7.674853503704071045e-02 1.505308318883180618e-02 2.009439095854759216e-02 3.052425105124711990e-03 4.920543730258941650e-02 1.544208917766809464e-02 3.129125759005546570e-02 1.716208644211292267e-02 1.984896138310432434e-02 3.548155352473258972e-02 1.910775899887084961e-02 3.704492747783660889e-02 1.926497183740139008e-02 1.538162585347890854e-02 5.158432573080062866e-02 2.694238349795341492e-02 1.011993363499641418e-02 5.917435977607965469e-03 4.860963299870491028e-02 2.159007079899311066e-02 4.213276505470275879e-02 4.168904945254325867e-02 4.068518057465553284e-02 1.112950965762138367e-02 8.871751837432384491e-03 1.245101541280746460e-02 4.811191558837890625e-02 8.616164326667785645e-03 1.788325980305671692e-02 8.058733306825160980e-03 2.532058581709861755e-02 3.007002919912338257e-02 3.434060513973236084e-02 2.741574123501777649e-02 3.100336901843547821e-02 4.797810688614845276e-02 1.678785681724548340e-02 2.671854011714458466e-02 1.235863892361521721e-03 5.683907121419906616e-02 1.302271522581577301e-02 5.407718941569328308e-03 2.966683544218540192e-02 3.087767213582992554e-02 3.012856841087341309e-02 2.441832236945629120e-02 5.431731045246124268e-02 1.763937436044216156e-02 1.806462742388248444e-02 3.509999485686421394e-03 2.198100276291370392e-02 3.877972438931465149e-02 2.353594265878200531e-02 4.735538735985755920e-02 2.149138413369655609e-02 2.647425420582294464e-02 1.937103644013404846e-02 1.342720538377761841e-01 1.255498081445693970e-01 2.278279047459363937e-03 9.691005572676658630e-03 1.129402779042720795e-03 8.752947673201560974e-03 1.209152191877365112e-01 1.319647282361984253e-01 4.621782153844833374e-02 4.875000193715095520e-02 2.829128876328468323e-02 9.120370261371135712e-03 3.068282455205917358e-02 2.846629125997424126e-03 6.632010918110609055e-03 4.931120947003364563e-02 1.189779862761497498e-02 6.383077055215835571e-02 2.514708228409290314e-02 2.245404757559299469e-02 3.227765858173370361e-02 5.119693814776837826e-04 2.094274386763572693e-02 2.205846458673477173e-02 1.632919302210211754e-03 2.031657099723815918e-02 8.845167234539985657e-03 2.572268247604370117e-02 6.456425413489341736e-03 5.227586254477500916e-02 2.433094196021556854e-02 7.721392903476953506e-03 5.154566094279289246e-02 7.858090102672576904e-02 3.344511240720748901e-02 2.565396018326282501e-02
1.683682948350906372e-02 5.596426781266927719e-03 2.100598439574241638e-02 3.335688263177871704e-02 4.265514388680458069e-02 7.217649370431900024e-02 4.273625090718269348e-03 4.485808778554201126e-03 3.725736960768699646e-02 1.522169262170791626e-01 5.439200252294540405e-02 3.034484758973121643e-02 4.433526843786239624e-02 5.803374201059341431e-02 1.533314306288957596e-02 8.182459324598312378e-02 6.994138658046722412e-02 5.571857839822769165e-02 5.008846521377563477e-02 3.660826012492179871e-02 8.224525488913059235e-03 3.787981346249580383e-02 2.901528775691986084e-02 8.393457392230629921e-04 4.931037873029708862e-02 2.363021112978458405e-02 8.781562745571136475e-02 1.646790094673633575e-02 1.254821754992008209e-02 5.158534646034240723e-02 4.382625594735145569e-02 3.523609042167663574e-02 3.405440226197242737e-02 3.965613991022109985e-02 1.124190445989370346e-02 3.650178387761116028e-02 5.267760902643203735e-02 3.566112369298934937e-02 1.154818385839462280e-02 1.987626589834690094e-02 4.245036281645298004e-03 2.189715020358562469e-02 2.670022845268249512e-02 2.767791599035263062e-02 3.518822789192199707e-02 2.906399406492710114e-02 1.601828821003437042e-02 8.380685932934284210e-03 3.393584117293357849e-02 5.626840889453887939e-02 4.214090108871459961e-02 7.789514027535915375e-03 4.590281099081039429e-02 4.109610617160797119e-02 9.854083508253097534e-02 3.788595274090766907e-02 2.921536937355995178e-02 8.400332182645797729e-02 1.485936529934406281e-02 5.022286251187324524e-02 4.631510004401206970e-02 1.138691455125808716e-01 7.173230499029159546e-02 2.671951055526733398e-02 8.545760996639728546e-03 5.839934200048446655e-02 5.991256982088088989e-02 4.201277717947959900e-02 1.337731629610061646e-01 5.210797861218452454e-02 5.117925629019737244e-02 4.321947321295738220e-02 1.495597697794437408e-02 3.605189546942710876e-02 1.486504450440406799e-02 3.465751558542251587e-02 2.287910133600234985e-01 1.319879293441772461e-01 2.133992686867713928e-02 5.923459306359291077e-03 5.005856603384017944e-02 5.187247321009635925e-02 9.675874561071395874e-02 6.665449589490890503e-03 4.059268161654472351e-02 2.764579094946384430e-02 5.055479332804679871e-02 2.301784791052341461e-02 2.262131497263908386e-02 1.827167579904198647e-03 3.487686812877655029e-02 5.048762075603008270e-03 2.461572177708148956e-02 2.529463917016983032e-02 2.624275349080562592e-02 2.530400641262531281e-02 6.040778011083602905e-03 8.796352893114089966e-03 5.233326926827430725e-02 1.354278158396482468e-02 3.573599271476268768e-03 1.742244511842727661e-02 2.760997973382472992e-02 6.763549521565437317e-03 5.952061712741851807e-02 2.812574245035648346e-02 3.246755897998809814e-02 8.652054518461227417e-02 6.168487016111612320e-03 6.318394094705581665e-02 3.749639913439750671e-02 8.680216036736965179e-03 4.078745841979980469e-02 6.102928891777992249e-02 2.891835384070873260e-02 1.231428235769271851e-02
7.306466996669769287e-02 3.107454441487789154e-02 1.889137737452983856e-02 6.366249173879623413e-02 1.589637435972690582e-02 6.188490986824035645e-02 1.358727179467678070e-02 5.439954251050949097e-02 1.522169262170791626e-01 2.500443719327449799e-02 6.762997806072235107e-02 4.565989971160888672e-02 3.785813599824905396e-02 2.581387385725975037e-02 1.370413973927497864e-02 3.592088073492050171e-02 4.325289279222488403e-02 3.293228149414062500e-02 2.214957959949970245e-02 7.582302670925855637e-03 6.510157138109207153e-03 8.098164945840835571e-02 7.212222553789615631e-03 1.229074224829673767e-01 2.914365567266941071e-02 5.013861134648323059e-02 8.100557327270507812e-02 6.513634324073791504e-02 2.888351306319236755e-02 4.976156726479530334e-02 3.849689662456512451e-02 4.480883479118347168e-02 6.974889338016510010e-02 6.335976067930459976e-03 1.692177960649132729e-03 5.289193987846374512e-02 3.946055844426155090e-02 2.102792263031005859e-02 3.822784125804901123e-02 9.511109441518783569e-03 1.370783708989620209e-02 2.561291679739952087e-02 2.304788213223218918e-03 3.738316148519515991e-02 3.340831026434898376e-02 4.271010681986808777e-02 1.462294906377792358e-02 4.651012644171714783e-02 3.364611044526100159e-02 1.030104011297225952e-01 3.382575511932373047e-02 1.318478304892778397e-02 1.148881018161773682e-02 1.844759099185466766e-02 3.509577363729476929e-02 2.603373257443308830e-03 5.923712253570556641e-02 4.169645532965660095e-02 6.401707231998443604e-02 1.913418248295783997e-02 7.141224294900894165e-02 7.253600656986236572e-02 8.122718334197998047e-02 8.330735564231872559e-02 1.285913679748773575e-02 4.416054859757423401e-02 5.535678565502166748e-02 5.956815555691719055e-02 2.597099170088768005e-02 2.735598012804985046e-02 3.186335414648056030e-02 5.707112699747085571e-02 3.941266611218452454e-02 2.086688391864299774e-02 2.407950349152088165e-02 3.637878969311714172e-02 1.796377077698707581e-02 1.955406516790390015e-01 5.866048857569694519e-02 8.131544291973114014e-02 1.093479059636592865e-02 1.685885712504386902e-02 6.648660451173782349e-02 7.815951108932495117e-02 1.639544218778610229e-02 2.848115935921669006e-02 9.802882559597492218e-03 9.418465197086334229e-03 4.136752337217330933e-02 5.077904835343360901e-02 5.865166336297988892e-02 4.017375875264406204e-03 2.013845741748809814e-02 7.884237915277481079e-03 2.617070078849792480e-02 2.444293536245822906e-02 6.586293876171112061e-02 6.510492414236068726e-03 3.468118980526924133e-02 5.793574079871177673e-02 2.903809398412704468e-02 4.570800438523292542e-02 4.382960125803947449e-02 1.142503973096609116e-02 5.686830356717109680e-02 2.078441716730594635e-02 5.636455118656158447e-02 7.471680641174316406e-02 9.878016263246536255e-02 1.306179910898208618e-01 3.930972144007682800e-02 1.342535391449928284e-02 2.226204960606992245e-04 4.981415346264839172e-02 1.691526919603347778e-02 1.675772480666637421e-02
1.292710006237030029e-01 7.165566086769104004e-02 1.010973472148180008e-02 4.145215265452861786e-03 1.144292112439870834e-02 3.407453745603561401e-02 7.800719141960144043e-02 1.072522401809692383e-01 5.439200252294540405e-02 6.762997806072235107e-02 4.263599961996078491e-02 5.637154728174209595e-02 1.301062256097793579e-01 5.155538767576217651e-02 4.682458937168121338e-02 2.872184291481971741e-02 9.682937525212764740e-03 8.643111214041709900e-03 1.717623323202133179e-02 2.147389203310012817e-02 6.371901836246252060e-03 5.105357617139816284e-02 9.340815246105194092e-02 2.689368277788162231e-02 4.751532524824142456e-02 2.369309030473232269e-02 2.474362030625343323e-02 4.157400131225585938e-02 1.241541355848312378e-01 5.604872480034828186e-03 1.099046021699905396e-01 1.049096416682004929e-02 1.583942770957946777e-02 1.279808580875396729e-03 6.536107510328292847e-03 5.811216309666633606e-03 2.152547426521778107e-02 1.481066737323999405e-02 2.477496629580855370e-03 2.942530065774917603e-02 8.547174930572509766e-02 1.793865486979484558e-02 2.963979355990886688e-02 2.980034984648227692e-02 6.554299499839544296e-03 3.564573358744382858e-03 6.089745461940765381e-02 7.595834881067276001e-02 4.117905348539352417e-02 1.274084439501166344e-03 3.417008370161056519e-02 6.931596249341964722e-02 3.781516477465629578e-02 6.346233654767274857e-03 4.487755522131919861e-02 2.124541066586971283e-02 7.420142646878957748e-03 2.163855358958244324e-02 2.441393025219440460e-02 3.757562255486845970e-03 1.820729114115238190e-02 2.697038836777210236e-02 3.086157701909542084e-02 4.553146287798881531e-02 4.951236024498939514e-02 2.877868339419364929e-02 4.598511382937431335e-02 1.266362611204385757e-02 5.446558073163032532e-02 7.603475358337163925e-03 7.343710213899612427e-02 1.874770596623420715e-02 9.826762601733207703e-03 1.394079346209764481e-02 2.069196291267871857e-02 6.381814926862716675e-02 1.208357792347669601e-02 6.964631378650665283e-02 8.486407250165939331e-02 5.839283019304275513e-02 1.601770333945751190e-02 1.400040835142135620e-02 4.375587403774261475e-02 4.455483052879571915e-03 2.810598351061344147e-02 1.122021581977605820e-02 5.937502905726432800e-02 3.052064590156078339e-02 4.027735814452171326e-02 3.673848230391740799e-03 3.864491730928421021e-02 3.054038807749748230e-02 6.393711268901824951e-02 3.543351963162422180e-02 4.454983398318290710e-02 1.998559571802616119e-03 1.016935985535383224e-02 1.379517745226621628e-02 5.936224386096000671e-02 4.426499083638191223e-02 3.173929825425148010e-02 2.457206510007381439e-02 1.601639576256275177e-02 2.467491105198860168e-02 2.018923126161098480e-02 3.274778649210929871e-02 5.962489545345306396e-02 5.316618457436561584e-02 1.689808908849954605e-03 6.272482126951217651e-02 2.574962377548217773e-02 5.161614716053009033e-02 5.687562748789787292e-02 1.630708388984203339e-02 2.646823599934577942e-02 2.216060273349285126e-02
4.984180908650159836e-03 4.035002738237380981e-02 2.740868926048278809e-02 4.520403221249580383e-02 3.198540955781936646e-02 1.060273349285125732e-01 8.348385803401470184e-03 5.818307027220726013e-02 3.034484758973121643e-02 4.565989971160888672e-02 5.637154728174209595e-02 2.097758091986179352e-02 4.083928838372230530e-02 2.105577737092971802e-01 3.550955792888998985e-03 6.765382736921310425e-02 6.146686896681785583e-02 2.759824693202972412e-02 9.459789842367172241e-03 5.905260145664215088e-02 7.221610099077224731e-02 4.445101600140333176e-03 7.169434335082769394e-03 3.888421505689620972e-02 5.102404579520225525e-02 2.655638009309768677e-02 1.758796512149274349e-03 1.282033324241638184e-01 3.429285064339637756e-02 2.978931181132793427e-03 7.013314962387084961e-02 2.667952515184879303e-02 2.167607285082340240e-02 3.895309939980506897e-02 1.589936949312686920e-02 7.421118021011352539e-02 5.794024839997291565e-02 1.698172464966773987e-02 2.441655285656452179e-02 2.937611192464828491e-02 7.724820822477340698e-02 4.634666815400123596e-02 3.779653832316398621e-02 3.257058793678879738e-03 2.042249739170074463e-01 2.122410573065280914e-02 5.735394731163978577e-02 1.638506655581295490e-03 2.101973444223403931e-02 2.152477018535137177e-02 3.927790373563766479e-02 1.785966008901596069e-02 1.743438653647899628e-02 1.307216007262468338e-02 2.053807303309440613e-02 1.356543041765689850e-02 2.909700945019721985e-02 4.152851924300193787e-02 1.015895232558250427e-01 5.864707008004188538e-02 1.424262393265962601e-02 4.388978704810142517e-02 2.077077806461602449e-04 9.965386241674423218e-03 7.139082998037338257e-02 3.740224987268447876e-02 2.511288411915302277e-02 7.572752982378005981e-02 2.473100647330284119e-02 2.737419307231903076e-02 3.179463744163513184e-02 9.971492737531661987e-02 2.338402159512042999e-02 1.383893005549907684e-02 6.421053316444158554e-03 7.247874513268470764e-03 4.243820905685424805e-02 5.642555654048919678e-02 4.179107025265693665e-02 3.152767568826675415e-02 1.722672954201698303e-02 4.835052415728569031e-03 9.960813447833061218e-03 2.570814266800880432e-02 5.980622023344039917e-02 8.881383575499057770e-03 4.247540235519409180e-02 4.959989711642265320e-02 6.589596718549728394e-02 8.084691129624843597e-03 9.256441891193389893e-02 1.041413098573684692e-02 3.922481462359428406e-02 4.349795170128345490e-03 3.666761564090847969e-03 3.565064445137977600e-02 4.807742312550544739e-02 3.657382912933826447e-03 2.603769861161708832e-02 2.303257025778293610e-02 2.463952638208866119e-02 1.940898410975933075e-02 9.026005119085311890e-02 1.521709002554416656e-02 1.512657757848501205e-02 1.214485336095094681e-02 1.488166674971580505e-02 3.121512755751609802e-02 2.485927753150463104e-02 5.875718314200639725e-03 6.307189166545867920e-02 1.502549797296524048e-01 6.854025274515151978e-02 1.171727403998374939e-01 7.050060201436281204e-03 5.723942816257476807e-02
9.248054027557373047e-02 1.538092494010925293e-01 5.193659290671348572e-02 6.262382864952087402e-02 1.072933338582515717e-02 5.395797640085220337e-02 9.027796983718872070e-02 7.464084029197692871e-02 4.433526843786239624e-02 3.785813599824905396e-02 1.301062256097793579e-01 4.083928838372230530e-02 4.234495013952255249e-02 4.180921614170074463e-02 8.879495412111282349e-02 1.432560663670301437e-02 3.731565549969673157e-02 2.686923742294311523e-02 2.545434422791004181e-02 7.302875071763992310e-02 3.756273910403251648e-02 8.422010391950607300e-02 4.485369473695755005e-02 1.660717418417334557e-03 5.808843299746513367e-02 3.609581291675567627e-02 1.087889727205038071e-02 3.481123968958854675e-02 5.300358310341835022e-02 1.142042782157659531e-02 1.323238313198089600e-01 1.627947576344013214e-02 3.786075394600629807e-03 1.081659179180860519e-02 3.201453760266304016e-02 2.154343016445636749e-02 2.743039280176162720e-02 1.314453687518835068e-02 1.404641102999448776e-02 9.448910132050514221e-03 7.055793702602386475e-02 1.703468523919582367e-02 4.237857833504676819e-02 3.322285041213035583e-02 2.306932583451271057e-02 1.945392601191997528e-02 4.505536705255508423e-02 7.599732279777526855e-02 3.015483170747756958e-02 1.531173940747976303e-02 2.884407993406057358e-03 3.620330244302749634e-02 2.880112454295158386e-02 3.966126963496208191e-02 1.133049093186855316e-02 1.441674586385488510e-02 2.836049906909465790e-02 1.909863576292991638e-02 1.689071208238601685e-02 3.142995387315750122e-02 4.014010075479745865e-03 2.216394059360027313e-02 1.907148957252502441e-02 1.716668903827667236e-02 2.772328630089759827e-02 6.719600409269332886e-02 3.389323875308036804e-02 6.004597991704940796e-02 5.859334766864776611e-02 6.857899576425552368e-02 2.652589976787567139e-02 1.958025433123111725e-02 1.834744028747081757e-02 1.321475487202405930e-02 1.487774192355573177e-03 3.893939033150672913e-02 2.010168321430683136e-02 2.420372329652309418e-02 6.380096822977066040e-02 4.698494821786880493e-02 5.120249465107917786e-03 2.349557913839817047e-02 3.256451338529586792e-02 7.716309046372771263e-04 1.289769168943166733e-02 4.525382444262504578e-02 4.096598550677299500e-02 7.596340775489807129e-02 3.740116581320762634e-02 3.670421987771987915e-02 2.433973830193281174e-03 9.083282202482223511e-04 5.888418108224868774e-02 2.729368954896926880e-02 2.867094613611698151e-02 3.236170485615730286e-02 3.298106836155056953e-03 4.177863150835037231e-02 6.099376827478408813e-03 3.945220087189227343e-04 1.296206377446651459e-02 1.332400552928447723e-02 4.440556745976209641e-03 8.065026253461837769e-03 4.371776431798934937e-02 1.026212703436613083e-02 2.349150739610195160e-02 2.430176176130771637e-02 2.296946011483669281e-02 5.202501267194747925e-02 3.811286017298698425e-02 4.277811571955680847e-02 1.118765398859977722e-02 2.798729576170444489e-02 9.390620514750480652e-03 3.175486996769905090e-02
