9.853097796440124512e-02 1.816725432872772217e-01 4.922758787870407104e-02 4.997332766652107239e-02 6.960941012948751450e-03 2.104982286691665649e-01 1.321408003568649292e-01 2.319822460412979126e-02 1.668737828731536865e-02 1.168790832161903381e-02 2.408345788717269897e-01 1.688236370682716370e-02 1.377409100532531738e-01 1.364756957627832890e-03 1.008271425962448120e-02 1.532315649092197418e-02 2.585312176961451769e-04 8.535811677575111389e-03 1.676830090582370758e-02 4.528131708502769470e-02 3.391930088400840759e-02 3.153673931956291199e-02 2.731772325932979584e-02 3.987462818622589111e-02 3.919645026326179504e-02 2.174799889326095581e-02 5.018249526619911194e-02 5.852926056832075119e-03 3.392883390188217163e-02 4.596072062849998474e-02 4.047212749719619751e-02 2.587285637855529785e-02 1.902896724641323090e-02 1.544959843158721924e-02 5.480049178004264832e-03 5.830314010381698608e-02 1.418605633080005646e-02 6.365921348333358765e-02 3.499156236648559570e-02 2.165629900991916656e-02 1.590897515416145325e-02 1.215453073382377625e-02 1.608704216778278351e-02 4.097683727741241455e-02 3.099671006202697754e-02 7.164037972688674927e-02 2.577607892453670502e-02 7.020958513021469116e-02 5.687093827873468399e-03 1.092781201004981995e-01 5.151610076427459717e-02 1.750640384852886200e-02 5.510810390114784241e-02 9.443719871342182159e-03 1.094886567443609238e-02 3.955751191824674606e-03 3.797262907028198242e-03 5.416445434093475342e-03 1.076258532702922821e-02 3.886717557907104492e-02 3.898772969841957092e-02 3.947580233216285706e-02 1.698093861341476440e-02 6.839484442025423050e-03 2.079871296882629395e-02 9.856925904750823975e-02 4.863904416561126709e-02 1.581763103604316711e-02 2.501190267503261566e-02 4.459350556135177612e-02 1.972614787518978119e-02 1.006015092134475708e-01 1.963453181087970734e-02 1.837527006864547729e-02 2.368025667965412140e-02 5.633217468857765198e-02 1.725579798221588135e-02 1.874657534062862396e-02 5.465470999479293823e-02 1.931504532694816589e-02 2.998125366866588593e-02 1.107181888073682785e-02 4.386851564049720764e-02 1.969734020531177521e-02 1.208397466689348221e-02 5.636874213814735413e-02 2.572550065815448761e-02 3.326633572578430176e-02 3.102965652942657471e-02 5.045337229967117310e-02 2.834167890250682831e-02 5.828015506267547607e-03 3.812306001782417297e-02 3.146998211741447449e-02 1.167622767388820648e-02 3.694987297058105469e-02 2.149106748402118683e-02 1.938583143055438995e-02 2.597639895975589752e-02 3.253979608416557312e-02 2.518989145755767822e-02 9.012773633003234863e-03 2.741561457514762878e-02 5.474279634654521942e-03 1.224857475608587265e-02 8.838818967342376709e-02 4.777474328875541687e-03 4.553348198533058167e-02 4.431533813476562500e-02 4.668333753943443298e-02 2.602954581379890442e-02 1.276145037263631821e-02 3.635260462760925293e-02 2.666269987821578979e-02 3.739224001765251160e-02 2.696662442758679390e-03
1.816725432872772217e-01 8.975449949502944946e-02 4.267474636435508728e-02 7.794028148055076599e-03 3.864425793290138245e-02 1.333349794149398804e-01 1.492251008749008179e-01 1.182356011122465134e-02 5.141032114624977112e-02 4.468508064746856689e-02 6.552469730377197266e-02 4.929030779749155045e-03 1.716041415929794312e-01 6.542924046516418457e-02 2.873255871236324310e-02 4.607542231678962708e-02 2.408877201378345490e-02 7.287679612636566162e-02 1.880535855889320374e-02 3.549787029623985291e-02 5.870291031897068024e-03 3.546550497412681580e-02 3.990248590707778931e-02 5.747925117611885071e-02 2.420320361852645874e-02 6.716573983430862427e-02 1.110130641609430313e-02 3.481350466609001160e-02 1.925110258162021637e-02 2.917450666427612305e-02 1.868029497563838959e-02 1.463729236274957657e-02 3.051789477467536926e-03 2.649288810789585114e-02 7.075448334217071533e-02 9.653103537857532501e-03 1.247758977115154266e-02 1.524086669087409973e-02 2.249668724834918976e-02 5.413069855421781540e-03 1.233778893947601318e-02 1.794530265033245087e-02 4.843347147107124329e-02 4.350126534700393677e-02 5.321320518851280212e-02 7.003208994865417480e-02 3.960403054952621460e-02 7.900156825780868530e-02 6.894099991768598557e-03 1.211501099169254303e-02 8.043128997087478638e-02 2.389639429748058319e-02 5.995184183120727539e-02 1.289035473018884659e-02 4.450736939907073975e-02 1.060621626675128937e-02 2.763991989195346832e-02 6.961383670568466187e-02 9.775173850357532501e-03 4.570105671882629395e-02 2.643544971942901611e-02 3.520838543772697449e-02 4.348855093121528625e-02 3.083763457834720612e-02 1.934885233640670776e-02 3.456674516201019287e-02 3.566877171397209167e-02 2.447300590574741364e-02 4.774795379489660263e-03 5.529496446251869202e-02 3.951432928442955017e-02 3.023510798811912537e-02 5.651972442865371704e-02 3.447455167770385742e-02 1.218925463035702705e-03 2.516028471291065216e-03 1.685654185712337494e-02 2.970139496028423309e-03 5.205808673053979874e-03 2.588719315826892853e-02 3.175065212417393923e-04 2.233992516994476318e-02 3.555139899253845215e-02 9.529829770326614380e-02 5.154044926166534424e-02 4.272942617535591125e-02 2.143178880214691162e-02 2.604642137885093689e-02 4.664813727140426636e-02 5.653942469507455826e-03 5.844531580805778503e-03 7.412435114383697510e-02 1.887794397771358490e-02 2.164932526648044586e-02 1.559341046959161758e-02 4.114993289113044739e-02 7.420934271067380905e-03 2.260201983153820038e-02 2.426751144230365753e-02 2.337332069873809814e-02 7.653477042913436890e-02 1.975197717547416687e-02 5.793522577732801437e-03 2.395841293036937714e-02 6.804015487432479858e-03 3.389067575335502625e-02 5.687541514635086060e-02 1.163008064031600952e-02 5.301512777805328369e-02 1.778747700154781342e-02 1.240804418921470642e-02 1.454718969762325287e-02 4.811535030603408813e-02 6.658907048404216766e-03 2.076064795255661011e-02 6.853518541902303696e-03
4.922758787870407104e-02 4.267474636435508728e-02 4.785769432783126831e-02 3.107301890850067139e-02 7.807140052318572998e-02 4.467961844056844711e-03 1.936661452054977417e-02 2.383214980363845825e-01 1.992080174386501312e-02 3.848822554573416710e-03 5.433653132058680058e-04 4.263807460665702820e-02 4.864913597702980042e-02 1.138462335802614689e-03 6.800276041030883789e-02 5.167304351925849915e-02 3.771091625094413757e-02 1.844426803290843964e-02 3.319036681205034256e-03 1.828559860587120056e-02 1.837652735412120819e-02 1.466023083776235580e-02 1.922748633660376072e-03 1.947396621108055115e-02 2.383201196789741516e-02 2.550921589136123657e-02 3.375116735696792603e-02 1.237777993083000183e-02 1.784761063754558563e-02 5.970212444663047791e-02 2.986154891550540924e-02 1.957250200212001801e-02 5.376021936535835266e-02 1.885872520506381989e-02 1.425009872764348984e-02 2.248080074787139893e-02 4.983169212937355042e-02 5.094113200902938843e-02 1.971388794481754303e-02 4.611067846417427063e-02 8.444240689277648926e-02 1.914303377270698547e-02 1.768073439598083496e-02 7.802554965019226074e-02 2.147717028856277466e-02 4.816263169050216675e-02 1.167061831802129745e-02 1.744098775088787079e-02 6.014269590377807617e-02 4.392438102513551712e-03 8.004265837371349335e-04 2.237997576594352722e-02 2.428460866212844849e-02 4.856579937040805817e-03 8.184844045899808407e-04 8.511953055858612061e-02 1.142994593828916550e-02 7.466596085578203201e-03 5.253854021430015564e-02 1.867362111806869507e-02 1.655664853751659393e-02 3.924461454153060913e-02 2.154707349836826324e-02 6.380033493041992188e-02 1.753879897296428680e-02 3.908335417509078979e-02 4.487780854105949402e-02 1.932356506586074829e-02 2.519397996366024017e-02 1.354251522570848465e-02 4.949201643466949463e-02 1.718730106949806213e-02 2.069941908121109009e-02 1.572140865027904510e-02 1.179788485169410706e-01 5.668093636631965637e-02 4.539787024259567261e-02 8.347755298018455505e-03 2.857260406017303467e-02 5.865606293082237244e-02 1.533686965703964233e-01 7.798995077610015869e-02 1.272401660680770874e-01 1.681606471538543701e-02 1.789800822734832764e-02 1.275510806590318680e-02 1.046619117259979248e-01 7.653110474348068237e-02 3.557506203651428223e-02 2.814254537224769592e-02 5.045313388109207153e-02 3.070664033293724060e-02 4.147746134549379349e-03 7.351331412792205811e-03 6.422158330678939819e-02 4.213172942399978638e-02 3.834604471921920776e-02 3.500754479318857193e-03 3.481480851769447327e-02 3.210974112153053284e-02 7.112480700016021729e-02 6.154346466064453125e-02 8.140364661812782288e-03 5.313880741596221924e-02 6.872855592519044876e-03 1.926740515045821667e-05 2.943013235926628113e-02 2.479148656129837036e-02 8.016218245029449463e-02 6.066252477467060089e-03 1.255157170817255974e-03 8.125427365303039551e-02 2.620501816272735596e-02 2.075508423149585724e-02 5.708470195531845093e-02 2.564910985529422760e-02
4.997332766652107239e-02 7.794028148055076599e-03 3.107301890850067139e-02 9.094777703285217285e-02 2.248857766389846802e-01 2.795830368995666504e-02 3.672618418931961060e-03 1.952061243355274200e-02 5.235816165804862976e-02 3.603944322094321251e-03 9.443104267120361328e-02 6.049462780356407166e-02 1.193093135952949524e-02 1.010495796799659729e-02 3.955583553761243820e-03 1.263789553195238113e-02 3.127462463453412056e-03 3.810915350914001465e-02 2.032526023685932159e-02 1.014441438019275665e-02 6.517595797777175903e-02 6.142854690551757812e-04 8.731503039598464966e-03 3.803100436925888062e-02 5.347597599029541016e-02 7.881155610084533691e-02 2.098012343049049377e-02 2.351467870175838470e-02 9.302287362515926361e-03 3.297817334532737732e-02 2.305188216269016266e-02 1.550813019275665283e-02 8.133301511406898499e-03 2.861387282609939575e-02 5.786220729351043701e-02 5.499850213527679443e-02 8.808093145489692688e-03 5.862287711352109909e-03 1.384803503751754761e-01 1.398648023605346680e-01 4.841387644410133362e-02 3.913283720612525940e-02 5.047340691089630127e-02 7.045576348900794983e-03 1.104347966611385345e-02 2.570346742868423462e-02 7.811526954174041748e-02 4.740877449512481689e-02 2.063541673123836517e-02 3.046586923301219940e-02 4.259011149406433105e-02 1.512952987104654312e-02 6.251637637615203857e-02 1.172002498060464859e-02 5.259491875767707825e-02 9.076641499996185303e-02 2.940738946199417114e-02 3.462133929133415222e-02 5.722498521208763123e-02 1.617008936591446400e-03 8.464017510414123535e-02 1.073800548911094666e-01 1.938673853874206543e-02 1.125963497906923294e-02 1.700939610600471497e-02 7.636862248182296753e-02 6.252221018075942993e-02 4.243474826216697693e-02 4.248379170894622803e-02 1.210539042949676514e-02 6.267253309488296509e-02 2.047690376639366150e-02 1.966610252857208252e-01 3.120697475969791412e-02 4.905856773257255554e-02 6.350579205900430679e-03 3.977308049798011780e-02 5.295277014374732971e-02 7.247080095112323761e-03 5.846832320094108582e-02 3.703614696860313416e-02 2.637838246300816536e-03 9.642631746828556061e-03 1.943901367485523224e-02 4.031639546155929565e-02 7.564388215541839600e-02 2.600762061774730682e-02 3.624558076262474060e-02 8.348610252141952515e-02 3.086923155933618546e-03 5.583997070789337158e-02 1.807100884616374969e-02 3.954660147428512573e-02 3.313273191452026367e-02 8.607947081327438354e-02 3.291077539324760437e-02 3.773366659879684448e-02 3.242672607302665710e-02 2.144250087440013885e-02 1.697294972836971283e-02 2.749440446496009827e-02 6.514178216457366943e-02 8.076852187514305115e-03 4.797636065632104874e-03 5.280855298042297363e-02 7.334580272436141968e-02 2.737453393638134003e-02 2.781512401998043060e-02 5.318013206124305725e-02 7.303660362958908081e-02 3.120214678347110748e-02 7.803808897733688354e-02 4.200330376625061035e-02 1.099082268774509430e-02 1.156550552695989609e-02 7.497179508209228516e-02
6.960941012948751450e-03 3.864425793290138245e-02 7.807140052318572998e-02 2.248857766389846802e-01 9.286765009164810181e-02 5.600447766482830048e-04 3.221868351101875305e-02 7.112368941307067871e-02 3.887553885579109192e-02 1.253528404049575329e-03 5.143878981471061707e-02 3.576942533254623413e-02 3.448976576328277588e-02 1.115904469043016434e-02 2.696754783391952515e-02 1.731665246188640594e-02 2.383486740291118622e-02 3.464339300990104675e-02 4.555602744221687317e-02 1.983293564990162849e-03 1.114091835916042328e-02 1.715971902012825012e-02 1.249848119914531708e-02 3.184971213340759277e-02 3.823531791567802429e-02 1.011662743985652924e-02 1.403440907597541809e-02 4.969491809606552124e-02 3.088328428566455841e-02 2.439664676785469055e-02 2.296457625925540924e-02 3.156014019623398781e-03 5.775174498558044434e-02 3.528152033686637878e-02 1.334762852638959885e-02 8.823488652706146240e-02 7.315036654472351074e-02 1.966805011034011841e-02 1.645277142524719238e-01 2.291110455989837646e-01 3.523647412657737732e-02 6.046846508979797363e-02 2.913858043029904366e-03 1.238173618912696838e-02 5.809958279132843018e-02 1.676938682794570923e-02 3.037467785179615021e-02 1.296079996973276138e-02 2.432161942124366760e-02 4.078045114874839783e-02 2.443783730268478394e-02 1.322328951209783554e-02 6.527583301067352295e-02 1.435960829257965088e-02 1.703553274273872375e-02 5.260239169001579285e-02 5.334841087460517883e-02 1.621944271028041840e-02 1.758026517927646637e-02 4.540539905428886414e-02 3.484859690070152283e-02 8.620239049196243286e-02 5.299563333392143250e-02 5.994264781475067139e-02 2.498313225805759430e-02 4.920618608593940735e-03 3.871596232056617737e-02 6.219883635640144348e-02 4.989795759320259094e-02 3.603458777070045471e-02 4.797471687197685242e-02 4.343889653682708740e-02 1.343684792518615723e-01 1.481226459145545959e-02 1.641961485147476196e-01 1.587641425430774689e-02 4.699217155575752258e-02 4.414553567767143250e-02 6.890021613799035549e-04 2.198667638003826141e-02 3.524705395102500916e-02 3.033023513853549957e-02 6.418991833925247192e-02 1.406006962060928345e-01 5.114293191581964493e-03 3.304629400372505188e-02 1.800212450325489044e-02 6.686073727905750275e-03 9.887663647532463074e-03 3.148578479886054993e-02 2.696743793785572052e-02 2.705090865492820740e-02 5.595868453383445740e-03 2.537705190479755402e-02 8.577129989862442017e-02 1.194410845637321472e-01 1.106752362102270126e-02 3.536234050989151001e-02 8.428624831140041351e-03 6.949528120458126068e-03 3.178055584430694580e-02 5.392074584960937500e-02 1.430944912135601044e-02 2.163484133780002594e-02 7.882654666900634766e-02 1.369282510131597519e-02 9.252407401800155640e-02 1.169917546212673187e-02 8.314128965139389038e-02 1.083688810467720032e-02 1.747867092490196228e-02 7.983812689781188965e-02 6.593523174524307251e-02 1.943695172667503357e-02 4.632132593542337418e-03 4.372212290763854980e-02
2.104982286691665649e-01 1.333349794149398804e-01 4.467961844056844711e-03 2.795830368995666504e-02 5.600447766482830048e-04 1.211405694484710693e-01 1.656741350889205933e-01 1.706186868250370026e-02 4.860440641641616821e-02 3.228212520480155945e-02 1.476196199655532837e-01 6.182457134127616882e-02 1.310831755399703979e-01 3.475436195731163025e-02 1.790325343608856201e-02 2.479759417474269867e-02 3.018829412758350372e-02 1.976061426103115082e-02 1.891617849469184875e-02 5.748033896088600159e-02 3.187125548720359802e-02 2.054272592067718506e-02 2.565370127558708191e-02 2.088967524468898773e-02 2.475404553115367889e-02 5.083603411912918091e-02 3.088430035859346390e-03 3.809615969657897949e-02 5.917818844318389893e-02 2.149442024528980255e-02 1.842669583857059479e-02 2.650910429656505585e-02 3.351260721683502197e-02 1.101104193367063999e-03 3.206763416528701782e-02 3.085660748183727264e-02 8.110742084681987762e-03 1.207662653177976608e-02 3.894577175378799438e-02 2.078427374362945557e-02 1.694362610578536987e-02 1.814603246748447418e-02 2.623370662331581116e-02 5.405523697845637798e-04 4.599270224571228027e-02 1.713015884160995483e-02 1.246812567114830017e-01 1.211001817137002945e-02 4.153298214077949524e-02 4.470337647944688797e-03 3.962199017405509949e-02 3.442054847255349159e-03 2.056506648659706116e-02 2.231071516871452332e-02 1.063431240618228912e-02 1.101917494088411331e-02 5.777013301849365234e-02 1.900473050773143768e-02 2.520004473626613617e-02 3.380382806062698364e-02 2.084437757730484009e-02 5.549423769116401672e-02 2.868884429335594177e-02 1.038896199315786362e-02 1.471757330000400543e-02 6.929083168506622314e-02 4.925243556499481201e-02 1.978149451315402985e-02 2.150584710761904716e-03 1.143815275281667709e-02 5.987662822008132935e-03 1.484816893935203552e-03 6.044153124094009399e-02 2.387453615665435791e-02 2.327208220958709717e-02 1.914082840085029602e-02 8.184516802430152893e-03 9.284980478696525097e-06 5.505362525582313538e-02 7.851941511034965515e-03 2.005607075989246368e-02 4.454018548130989075e-03 3.798221051692962646e-02 2.294737473130226135e-02 8.720472455024719238e-03 3.365115076303482056e-02 8.512414060533046722e-03 1.892917603254318237e-02 5.609486252069473267e-02 2.357009612023830414e-02 6.625331938266754150e-02 1.345042791217565536e-02 1.659703068435192108e-02 3.305206075310707092e-02 7.962112128734588623e-02 4.149102047085762024e-02 3.626194596290588379e-02 1.945051923394203186e-02 9.787065209820866585e-04 3.998580854386091232e-03 2.276258077472448349e-03 7.090186234563589096e-03 1.602432876825332642e-02 2.295577153563499451e-02 7.275607436895370483e-03 2.036287635564804077e-02 1.612434349954128265e-02 4.979356657713651657e-03 3.738081082701683044e-02 6.022726371884346008e-02 4.601763188838958740e-02 2.007248625159263611e-02 2.342816442251205444e-02 2.338960207998752594e-02 3.906603902578353882e-02 7.837536744773387909e-03
1.321408003568649292e-01 1.492251008749008179e-01 1.936661452054977417e-02 3.672618418931961060e-03 3.221868351101875305e-02 1.656741350889205933e-01 8.410833775997161865e-02 9.936330839991569519e-03 3.103649057447910309e-02 6.825330853462219238e-02 6.260994076728820801e-02 3.197140991687774658e-03 4.566205665469169617e-02 4.124233871698379517e-02 1.608764380216598511e-02 3.326117247343063354e-02 4.326264560222625732e-02 1.902961754240095615e-03 6.103753298521041870e-02 3.332843538373708725e-03 2.934285067021846771e-02 7.424755021929740906e-03 2.523477748036384583e-02 4.532215651124715805e-03 3.001943603157997131e-02 2.932136692106723785e-02 5.023297294974327087e-02 2.420911751687526703e-02 1.125973556190729141e-02 6.000628694891929626e-02 6.539319641888141632e-03 1.925695315003395081e-02 3.353128209710121155e-02 8.140169084072113037e-03 5.948846787214279175e-02 4.755087196826934814e-03 7.617361843585968018e-03 1.170359924435615540e-02 1.587880216538906097e-02 4.734111949801445007e-02 4.165153950452804565e-03 1.513114664703607559e-02 1.949604786932468414e-02 5.118146166205406189e-02 5.799707025289535522e-02 6.125893443822860718e-02 4.775843769311904907e-02 1.409317404031753540e-01 2.659663744270801544e-02 8.781109005212783813e-03 1.985985971987247467e-02 5.708181764930486679e-03 4.335458390414714813e-03 9.532431140542030334e-03 2.010559104382991791e-02 2.991987764835357666e-02 1.921035908162593842e-02 2.976221963763237000e-02 7.300916477106511593e-04 4.168891906738281250e-02 1.489308383315801620e-02 3.000684268772602081e-02 1.695710606873035431e-02 2.087893523275852203e-02 9.076702408492565155e-03 2.640051767230033875e-03 3.419973701238632202e-02 3.142383322119712830e-02 5.888924468308687210e-03 3.953306470066308975e-03 4.073727503418922424e-02 4.214662313461303711e-02 4.427273944020271301e-02 6.134213507175445557e-02 4.541117697954177856e-02 6.930260360240936279e-02 4.545654356479644775e-02 3.201499581336975098e-02 6.148401647806167603e-02 7.516001909971237183e-02 1.709989970549941063e-03 6.321882363408803940e-03 6.784666795283555984e-03 1.134100835770368576e-02 5.931630264967679977e-03 3.802546858787536621e-02 5.013002455234527588e-02 3.953199833631515503e-02 4.175317659974098206e-02 6.389632821083068848e-03 3.669985337182879448e-03 1.344182062894105911e-02 2.991241402924060822e-02 2.446857094764709473e-02 1.450770068913698196e-02 4.090264905244112015e-03 5.981886386871337891e-02 1.178796496242284775e-02 2.412054874002933502e-02 3.377861157059669495e-02 3.377913311123847961e-02 5.035331472754478455e-02 3.147659078240394592e-02 7.323109079152345657e-03 1.718614809215068817e-02 3.577134013175964355e-02 2.849645912647247314e-02 5.142040085047483444e-03 2.461730502545833588e-03 3.319452330470085144e-02 4.006007686257362366e-03 1.721326075494289398e-02 9.824944427236914635e-04 2.071445994079113007e-02 5.900115892291069031e-02 4.968995228409767151e-02
2.319822460412979126e-02 1.182356011122465134e-02 2.383214980363845825e-01 1.952061243355274200e-02 7.112368941307067871e-02 1.706186868250370026e-02 9.936330839991569519e-03 1.093340590596199036e-01 3.605852276086807251e-02 4.103258624672889709e-02 1.832198724150657654e-02 3.723338246345520020e-02 4.939271509647369385e-02 8.948592585511505604e-05 1.290236711502075195e-01 3.735862672328948975e-02 4.196842014789581299e-02 1.413980592042207718e-02 4.725997895002365112e-02 2.310327999293804169e-02 4.156777262687683105e-02 7.486340403556823730e-02 1.831208355724811554e-02 2.176941744983196259e-02 2.732576336711645126e-03 4.957131668925285339e-02 2.727318182587623596e-02 2.298254333436489105e-02 5.596495047211647034e-02 3.334334492683410645e-02 4.155068099498748779e-02 2.378296293318271637e-02 4.053992778062820435e-02 5.192274972796440125e-02 4.446519911289215088e-02 3.863885626196861267e-02 1.332288384437561035e-01 3.830135567113757133e-03 5.151011422276496887e-02 4.583624005317687988e-02 2.660571597516536713e-02 7.332315668463706970e-03 3.023945167660713196e-02 1.521222013980150223e-02 4.616936203092336655e-03 6.418556720018386841e-02 2.267570607364177704e-02 4.561454802751541138e-02 6.599253416061401367e-02 2.168157882988452911e-02 1.897165551781654358e-02 5.928582395426928997e-04 1.547254342585802078e-02 5.068437755107879639e-02 4.005862772464752197e-02 1.002746983431279659e-03 1.649915613234043121e-02 4.146585240960121155e-02 1.224047970026731491e-03 1.921522244811058044e-02 1.572039164602756500e-02 4.207063466310501099e-02 5.255385115742683411e-02 3.721896186470985413e-02 3.119442611932754517e-02 5.759670957922935486e-02 2.324992325156927109e-03 2.759601688012480736e-03 2.416772581636905670e-02 2.031105197966098785e-02 3.958984836935997009e-02 1.828822423703968525e-03 8.125703781843185425e-03 8.820802904665470123e-03 9.404986165463924408e-03 1.044345926493406296e-02 2.495745196938514709e-02 2.533544972538948059e-02 2.682106010615825653e-02 5.606991052627563477e-02 1.856354624032974243e-01 8.653940260410308838e-02 3.241178020834922791e-02 2.670958638191223145e-03 3.580939024686813354e-02 1.402502320706844330e-02 1.292834132909774780e-01 9.330458939075469971e-02 4.388517141342163086e-02 2.169308066368103027e-02 3.174178302288055420e-02 1.309712510555982590e-02 8.045630529522895813e-03 2.707482315599918365e-02 7.846309989690780640e-02 1.721879094839096069e-02 1.225902978330850601e-02 2.391548454761505127e-02 4.940034821629524231e-02 2.782341465353965759e-02 2.966273203492164612e-02 4.564686864614486694e-02 5.689026415348052979e-02 4.763296991586685181e-02 1.422630343586206436e-02 3.773571923375129700e-02 2.767095342278480530e-02 3.625604882836341858e-02 2.280088514089584351e-02 9.903985075652599335e-03 3.894713521003723145e-02 6.310646981000900269e-02 5.651859566569328308e-03 7.212670985609292984e-03 5.546585097908973694e-02 4.645765945315361023e-02
1.668737828731536865e-02 5.141032114624977112e-02 1.992080174386501312e-02 5.235816165804862976e-02 3.887553885579109192e-02 4.860440641641616821e-02 3.103649057447910309e-02 3.605852276086807251e-02 7.650052756071090698e-02 1.560496687889099121e-01 2.951803058385848999e-02 5.183823779225349426e-02 1.027200743556022644e-02 1.333382725715637207e-02 7.660893723368644714e-03 4.239263758063316345e-02 8.324299007654190063e-03 3.535167127847671509e-02 6.574300676584243774e-02 1.068415772169828415e-02 3.027838841080665588e-02 1.217533281305804849e-04 4.789050668478012085e-02 3.034312836825847626e-02 3.855270892381668091e-02 4.551950097084045410e-02 3.328638523817062378e-02 2.636452438309788704e-03 1.160386111587285995e-02 6.771177053451538086e-02 3.862315043807029724e-02 2.190251089632511139e-02 4.202175140380859375e-02 8.799802162684500217e-04 3.033561632037162781e-02 1.296929456293582916e-02 6.031944230198860168e-02 3.644881024956703186e-02 2.233800245448946953e-03 4.843753576278686523e-02 6.230157241225242615e-02 1.023500785231590271e-01 7.218571752309799194e-02 3.055425593629479408e-03 1.120617985725402832e-01 4.353731870651245117e-02 2.106522396206855774e-02 2.870673127472400665e-02 8.537863194942474365e-02 2.984040044248104095e-02 2.882492542266845703e-02 4.404361825436353683e-04 3.892822191119194031e-02 3.980347886681556702e-02 1.523521691560745239e-01 2.810825407505035400e-02 5.161928012967109680e-03 2.572394162416458130e-02 1.332134194672107697e-02 8.339116722345352173e-02 6.932679563760757446e-02 2.243270631879568100e-03 5.749221518635749817e-02 3.527097776532173157e-02 8.603643625974655151e-03 1.050943974405527115e-02 5.031687393784523010e-02 6.350712850689888000e-03 8.568187803030014038e-02 9.502163529396057129e-02 5.097100511193275452e-02 8.836451917886734009e-03 5.583590641617774963e-02 3.635188937187194824e-02 5.311435833573341370e-02 6.075581535696983337e-02 2.198032289743423462e-01 6.111822649836540222e-02 9.402698278427124023e-02 6.240464746952056885e-02 4.139745607972145081e-02 4.778157174587249756e-02 6.972794886678457260e-03 4.630447924137115479e-02 2.626388147473335266e-02 3.794419020414352417e-02 3.624119237065315247e-02 6.698202341794967651e-03 3.736813366413116455e-02 9.099875390529632568e-02 4.136015474796295166e-02 7.289880514144897461e-02 4.070987924933433533e-02 4.089343175292015076e-02 2.943815290927886963e-02 5.480444058775901794e-02 3.625871986150741577e-02 9.033370763063430786e-03 1.268214136362075806e-01 7.921176403760910034e-02 5.428862944245338440e-02 5.222857743501663208e-02 2.520788460969924927e-02 1.887889392673969269e-02 2.533430792391300201e-02 5.105356220155954361e-03 5.708213150501251221e-02 5.080031231045722961e-03 1.978269405663013458e-02 2.500897087156772614e-02 1.052197627723217010e-02 1.283259037882089615e-02 2.918076515197753906e-02 4.306173697113990784e-02 4.888631403446197510e-02 4.943399131298065186e-02
1.168790832161903381e-02 4.468508064746856689e-02 3.848822554573416710e-03 3.603944322094321251e-03 1.253528404049575329e-03 3.228212520480155945e-02 6.825330853462219238e-02 4.103258624672889709e-02 1.560496687889099121e-01 4.740553721785545349e-02 2.936811931431293488e-02 8.359990082681179047e-03 3.375126421451568604e-02 1.088130753487348557e-03 1.030999235808849335e-02 1.583591848611831665e-02 3.945986926555633545e-02 5.253797024488449097e-02 5.534470826387405396e-02 1.229666266590356827e-02 4.195923358201980591e-02 2.761283144354820251e-02 7.657127827405929565e-02 7.775765657424926758e-02 1.727354899048805237e-02 5.171469599008560181e-02 2.691615186631679535e-02 1.677322579780593514e-04 7.513666898012161255e-02 2.147899242118000984e-03 3.725213557481765747e-02 1.785811968147754669e-02 5.823058262467384338e-02 3.573817759752273560e-02 5.372415110468864441e-02 3.701611980795860291e-02 1.936096884310245514e-02 2.037874236702919006e-02 9.166956692934036255e-02 2.902777865529060364e-02 2.990625426173210144e-02 4.378333315253257751e-02 5.335869267582893372e-02 4.391968622803688049e-02 1.874954625964164734e-02 2.761169336736202240e-02 6.770039349794387817e-02 4.515454545617103577e-02 5.814659222960472107e-02 3.866706788539886475e-02 1.020054984837770462e-02 2.978163212537765503e-02 2.145816572010517120e-02 4.260959848761558533e-02 2.342627383768558502e-02 1.086882948875427246e-01 5.454064346849918365e-03 6.617965642362833023e-03 6.280724704265594482e-02 9.640526771545410156e-02 3.636524081230163574e-02 1.878623850643634796e-02 1.719863526523113251e-02 1.482608448714017868e-02 2.902880124747753143e-02 4.122024402022361755e-02 2.777089551091194153e-02 1.523187849670648575e-02 1.109993550926446915e-02 4.581948276609182358e-03 9.753952920436859131e-02 4.363996908068656921e-02 3.381470963358879089e-02 6.192426383495330811e-02 3.924323245882987976e-02 7.838975638151168823e-03 9.398032724857330322e-02 1.691548377275466919e-01 4.357716441154479980e-02 1.478939503431320190e-01 3.774634376168251038e-02 1.171364355832338333e-02 5.828638002276420593e-02 3.645063191652297974e-02 4.675213620066642761e-02 3.723692148923873901e-02 2.288177609443664551e-03 9.620457887649536133e-03 1.894063502550125122e-02 6.335207819938659668e-02 1.243183389306068420e-02 4.003725200891494751e-02 2.878755331039428711e-02 9.633083827793598175e-03 3.515224531292915344e-02 3.005672432482242584e-02 5.414930358529090881e-02 2.856239303946495056e-02 1.284354017116129398e-03 4.160686582326889038e-02 4.354107379913330078e-02 3.716818615794181824e-02 4.833467677235603333e-02 4.696175828576087952e-02 4.875812307000160217e-02 4.346471652388572693e-02 2.096715383231639862e-02 3.452438116073608398e-02 3.195570036768913269e-02 1.461807731539011002e-02 2.348081208765506744e-02 1.086498238146305084e-02 3.748513758182525635e-02 8.402976207435131073e-03 1.303232461214065552e-02 3.741618618369102478e-02
2.408345788717269897e-01 6.552469730377197266e-02 5.433653132058680058e-04 9.443104267120361328e-02 5.143878981471061707e-02 1.476196199655532837e-01 6.260994076728820801e-02 1.832198724150657654e-02 2.951803058385848999e-02 2.936811931431293488e-02 7.961018383502960205e-02 2.954341843724250793e-02 1.517227739095687866e-01 4.901067912578582764e-02 2.664411254227161407e-02 3.052596002817153931e-02 3.461825475096702576e-02 2.932698652148246765e-02 1.890419051051139832e-02 2.518810145556926727e-02 3.750396519899368286e-02 7.187770307064056396e-02 8.230595849454402924e-03 1.315367594361305237e-02 3.322940692305564880e-02 1.835114508867263794e-02 1.361589878797531128e-02 9.936261922121047974e-04 7.224106043577194214e-02 4.430238902568817139e-02 3.935467079281806946e-02 2.547248080372810364e-02 2.326973155140876770e-02 2.830250747501850128e-02 1.949532516300678253e-02 3.041200712323188782e-02 8.358512073755264282e-03 3.727512434124946594e-03 3.442109748721122742e-02 1.639012247323989868e-02 5.846903100609779358e-02 3.249257430434226990e-02 3.903747349977493286e-02 4.357610270380973816e-02 2.538562566041946411e-02 2.315472625195980072e-02 7.444211095571517944e-02 7.338140904903411865e-02 1.730006001889705658e-02 7.952937856316566467e-03 1.209016656503081322e-03 3.629362955689430237e-02 1.084954142570495605e-01 7.612445950508117676e-02 4.912452772259712219e-02 2.366310916841030121e-02 3.549228981137275696e-02 4.475846886634826660e-02 2.297536656260490417e-02 2.661907114088535309e-02 4.614543169736862183e-02 3.656977787613868713e-02 3.564680367708206177e-02 2.408976107835769653e-02 1.052365824580192566e-01 6.162578612565994263e-02 4.767335206270217896e-02 2.654096344485878944e-03 4.496940225362777710e-02 2.721533179283142090e-02 4.191053658723831177e-02 3.166180849075317383e-02 2.421457320451736450e-02 1.251995190978050232e-02 9.697259403765201569e-03 4.442014615051448345e-04 3.262776508927345276e-02 3.495001420378684998e-02 7.661111652851104736e-03 7.408785820007324219e-02 4.248654097318649292e-02 2.484828419983386993e-02 9.493863210082054138e-03 3.490618243813514709e-02 1.333971600979566574e-02 1.028218939900398254e-01 3.107166104018688202e-02 1.633254066109657288e-02 4.339217767119407654e-02 1.420336030423641205e-02 7.473573088645935059e-02 2.565975487232208252e-02 6.718996167182922363e-02 5.723364185541868210e-03 2.991305198520421982e-03 1.644438318908214569e-02 2.982287295162677765e-02 4.198705777525901794e-02 1.493238285183906555e-02 1.133528351783752441e-02 2.380524575710296631e-02 2.426062896847724915e-02 3.868529805913567543e-03 1.688150130212306976e-02 7.531816605478525162e-03 5.605554953217506409e-02 1.762461476027965546e-02 9.838744066655635834e-03 3.163982182741165161e-02 1.849691942334175110e-02 1.991928927600383759e-02 2.941953949630260468e-02 1.573022454977035522e-02 7.353647798299789429e-02 3.659828379750251770e-02 3.981245681643486023e-03
1.688236370682716370e-02 4.929030779749155045e-03 4.263807460665702820e-02 6.049462780356407166e-02 3.576942533254623413e-02 6.182457134127616882e-02 3.197140991687774658e-03 3.723338246345520020e-02 5.183823779225349426e-02 8.359990082681179047e-03 2.954341843724250793e-02 8.438295125961303711e-02 2.070597559213638306e-02 2.579711675643920898e-01 5.426407232880592346e-02 4.666040092706680298e-02 3.920146077871322632e-02 2.759899012744426727e-03 1.515336241573095322e-02 1.698379777371883392e-02 4.608832299709320068e-02 3.324724361300468445e-02 6.074847653508186340e-02 3.641746193170547485e-02 2.199479565024375916e-02 3.042472340166568756e-02 1.439942512661218643e-02 1.256774365901947021e-01 7.831152528524398804e-03 1.580263227224349976e-01 1.153128407895565033e-02 4.436847567558288574e-02 2.539235725998878479e-02 4.811706021428108215e-02 1.789926923811435699e-02 2.923435531556606293e-02 6.624951027333736420e-03 3.205092798452824354e-05 5.251991748809814453e-02 6.159817334264516830e-03 3.657759353518486023e-02 2.355821244418621063e-02 4.840708151459693909e-02 5.565748549997806549e-03 1.145276278257369995e-01 2.840136177837848663e-02 1.601344347000122070e-02 1.350025366991758347e-02 2.968348003923892975e-02 3.712365403771400452e-02 7.656158506870269775e-02 7.391820847988128662e-02 1.109614688903093338e-02 1.222600881010293961e-02 7.803312502801418304e-03 4.144806414842605591e-02 2.522921375930309296e-02 1.989934826269745827e-03 8.768382668495178223e-02 3.136526793241500854e-03 4.476938396692276001e-02 4.264764487743377686e-02 1.134827453643083572e-02 4.407328367233276367e-02 5.941291339695453644e-03 7.225084304809570312e-02 1.270863460376858711e-03 3.363608149811625481e-03 6.310899555683135986e-02 5.021967738866806030e-02 1.060868985950946808e-02 1.982846111059188843e-02 9.106679260730743408e-02 4.253829270601272583e-02 4.552183672785758972e-02 2.813510410487651825e-02 6.959728151559829712e-02 3.272313252091407776e-02 8.365385979413986206e-02 1.506704464554786682e-02 1.860854029655456543e-02 1.455355621874332428e-02 2.036651223897933960e-02 5.976923927664756775e-02 2.136890217661857605e-02 1.344648003578186035e-02 1.318942569196224213e-02 1.770562119781970978e-02 4.043725878000259399e-02 7.586628198623657227e-02 6.820731610059738159e-02 1.192332431674003601e-02 1.019617263227701187e-02 1.084459014236927032e-02 9.735420346260070801e-02 1.953614689409732819e-02 5.457396619021892548e-03 5.601695552468299866e-02 4.794603586196899414e-02 6.960623897612094879e-03 3.082829900085926056e-02 2.560120262205600739e-02 2.515038847923278809e-02 1.905143819749355316e-02 1.149354875087738037e-02 2.862425148487091064e-02 1.259557995945215225e-02 1.623093523085117340e-02 3.637732565402984619e-02 1.050411071628332138e-02 3.065154515206813812e-02 3.468754515051841736e-02 9.081637859344482422e-02 4.922922700643539429e-02 2.471072226762771606e-02 2.726778760552406311e-02
1.377409100532531738e-01 1.716041415929794312e-01 4.864913597702980042e-02 1.193093135952949524e-02 3.448976576328277588e-02 1.310831755399703979e-01 4.566205665469169617e-02 4.939271509647369385e-02 1.027200743556022644e-02 3.375126421451568604e-02 1.517227739095687866e-01 2.070597559213638306e-02 1.010317727923393250e-01 9.062098339200019836e-03 5.379756912589073181e-02 1.732864603400230408e-02 7.947980426251888275e-03 4.155314061790704727e-03 1.472747232764959335e-02 1.426103524863719940e-02 2.878089807927608490e-02 7.351423054933547974e-02 4.823030903935432434e-02 2.824777737259864807e-03 2.512396546080708504e-03 7.456738501787185669e-03 5.824325233697891235e-02 6.242941692471504211e-02 4.842288419604301453e-02 2.737949416041374207e-02 3.137252479791641235e-02 2.380183711647987366e-02 1.328393118456006050e-04 8.754876442253589630e-03 5.402334406971931458e-02 2.493656799197196960e-02 5.655075237154960632e-02 4.969826433807611465e-03 4.109097272157669067e-02 3.047456964850425720e-02 5.289735272526741028e-02 3.703628480434417725e-02 3.912700340151786804e-02 5.184904672205448151e-03 1.116241980344057083e-02 4.585412144660949707e-02 7.429389655590057373e-02 2.079337090253829956e-02 2.537429332733154297e-02 4.577353596687316895e-02 6.802821159362792969e-02 1.750697265379130840e-04 7.314822077751159668e-02 1.444020494818687439e-02 1.727871969342231750e-02 4.871513694524765015e-03 2.522034570574760437e-02 4.234465584158897400e-02 3.194548189640045166e-02 1.609312929213047028e-02 4.058130085468292236e-02 2.110105939209461212e-02 2.089072577655315399e-02 1.660303398966789246e-02 6.619999557733535767e-02 7.515253871679306030e-02 2.131166681647300720e-02 1.168054435402154922e-02 1.103341951966285706e-02 7.614762336015701294e-02 1.905270479619503021e-02 1.693221554160118103e-02 5.032042786478996277e-02 3.803895413875579834e-02 4.015961289405822754e-02 3.988200053572654724e-02 3.144204616546630859e-02 9.137153625488281250e-03 8.387389592826366425e-03 4.272366315126419067e-02 1.888217218220233917e-02 2.732975780963897705e-02 7.534497417509555817e-03 3.136240690946578979e-02 5.583115294575691223e-02 5.511698499321937561e-02 1.515158358961343765e-02 1.099442597478628159e-02 2.330719865858554840e-02 9.974723681807518005e-03 5.946981161832809448e-02 2.962781861424446106e-02 1.340962667018175125e-02 3.233706206083297729e-02 4.351129010319709778e-02 9.699899703264236450e-02 1.837945356965065002e-02 3.601513803005218506e-02 8.919440209865570068e-03 1.443574670702219009e-02 1.395022030919790268e-02 8.340924046933650970e-03 5.221878737211227417e-02 3.005253523588180542e-02 3.540879860520362854e-02 6.237349286675453186e-02 3.669555485248565674e-02 3.436709288507699966e-03 2.368692512391135097e-04 5.120484158396720886e-02 8.992728777229785919e-03 3.316833078861236572e-02 2.825457416474819183e-02 2.951931953430175781e-02 3.188296034932136536e-02 1.891800202429294586e-04
