1.366671621799468994e-01 1.850089877843856812e-01 2.482673525810241699e-02 1.692465320229530334e-02 2.058222889900207520e-02 7.460197061300277710e-02 8.717880398035049438e-02 5.109490081667900085e-02 2.564578130841255188e-02 1.265808008611202240e-03 1.292684525251388550e-01 6.096350774168968201e-02 8.906647562980651855e-02 2.321111410856246948e-02 2.771982923150062561e-02 4.564584419131278992e-02 6.206571310758590698e-02 2.292379364371299744e-02 2.100180089473724365e-02 1.284469384700059891e-02 2.091269381344318390e-02 5.793701391667127609e-03 4.063783213496208191e-02 2.230029553174972534e-02 7.433550059795379639e-02 1.365527883172035217e-02 7.928132265806198120e-02 4.500119015574455261e-02 8.922364562749862671e-03 2.473678253591060638e-02 1.553824543952941895e-02 3.569188714027404785e-02 3.040826506912708282e-02 2.039769850671291351e-02 3.993038088083267212e-02 1.990555226802825928e-02 1.272802334278821945e-02 1.221786718815565109e-03 9.758423082530498505e-03 7.142172660678625107e-03 3.585043177008628845e-02 5.321472883224487305e-02 3.106996417045593262e-02 1.816148869693279266e-03 6.177899986505508423e-02 6.241484358906745911e-02 9.795432537794113159e-02 4.289134964346885681e-02 5.960727483034133911e-02 2.062772167846560478e-03 3.256976231932640076e-02 5.722878500819206238e-03 2.616665884852409363e-02 9.192039817571640015e-02 4.894310235977172852e-02 2.743272483348846436e-02 4.185445979237556458e-02 4.330434277653694153e-02 3.495387732982635498e-02 5.072778090834617615e-02 8.247218094766139984e-03 4.020780324935913086e-04 4.345614090561866760e-02 2.820057608187198639e-02 2.447735751047730446e-03 6.755974888801574707e-02 1.337929163128137589e-02 1.516650803387165070e-02 6.265544891357421875e-02 5.719105899333953857e-02 5.333051085472106934e-02 2.164843678474426270e-02 4.514853935688734055e-03 6.457258015871047974e-02 3.090757876634597778e-02 1.015179045498371124e-02 5.227880552411079407e-02 5.654682219028472900e-02 5.634642671793699265e-03 3.504360094666481018e-03 1.644018338993191719e-03 2.221163921058177948e-02 3.115151263773441315e-02 6.636224687099456787e-02 2.423232048749923706e-02 2.210251428186893463e-02 3.532055020332336426e-02 1.966706290841102600e-02 6.013819947838783264e-02 4.719908162951469421e-02 3.745986521244049072e-02 3.326550498604774475e-02 2.266135066747665405e-02 2.711692452430725098e-02 6.860738247632980347e-02 3.131975606083869934e-02 1.291092671453952789e-02 9.086120873689651489e-03 5.050286650657653809e-02 1.257846131920814514e-02 6.571344286203384399e-02 5.810461193323135376e-02 1.329215522855520248e-02 1.036522164940834045e-02 5.047936737537384033e-02 2.127359807491302490e-02 2.704687044024467468e-02 2.500088140368461609e-02 3.728833422064781189e-02 3.377469256520271301e-02 6.754742003977298737e-03 3.194506093859672546e-02 3.716836869716644287e-02 2.849280089139938354e-02 2.803140133619308472e-02 3.426332399249076843e-02
1.850089877843856812e-01 1.158605888485908508e-01 5.399152263998985291e-02 4.431289434432983398e-02 1.025520265102386475e-02 7.653018087148666382e-02 1.144465655088424683e-01 4.478292167186737061e-02 4.228022694587707520e-02 6.057221442461013794e-02 1.390927135944366455e-01 3.253009542822837830e-02 1.009237170219421387e-01 3.397129848599433899e-02 1.570908725261688232e-02 6.820004433393478394e-03 5.402618087828159332e-03 2.997115813195705414e-02 5.090800672769546509e-02 5.272652488201856613e-03 1.712277159094810486e-02 2.835837379097938538e-02 2.551301755011081696e-02 1.449573971331119537e-02 2.313332073390483856e-02 6.307701021432876587e-02 8.598098903894424438e-02 1.839466579258441925e-02 1.064443401992321014e-02 1.939748041331768036e-02 4.525331780314445496e-02 2.731481008231639862e-02 1.039968524128198624e-02 6.618082057684659958e-03 3.311232896521687508e-03 2.793463133275508881e-02 3.813092783093452454e-02 3.886254504323005676e-02 2.280162461102008820e-02 4.106137435883283615e-03 9.655738249421119690e-03 1.371967606246471405e-02 3.660245984792709351e-02 6.126651540398597717e-02 9.409307688474655151e-02 2.801141142845153809e-02 6.136577203869819641e-02 4.963305592536926270e-02 4.418779537081718445e-02 3.890775516629219055e-02 3.929240163415670395e-03 4.129258170723915100e-02 2.648645453155040741e-02 8.622553944587707520e-02 3.388808667659759521e-02 2.020974084734916687e-02 5.018315464258193970e-02 1.022511254996061325e-02 1.779779046773910522e-02 1.270059123635292053e-02 1.390692498534917831e-02 1.409208029508590698e-02 2.298771403729915619e-02 2.096698433160781860e-02 5.542665254324674606e-03 1.084480807185173035e-02 2.257343940436840057e-02 1.878686249256134033e-02 1.285686623305082321e-02 4.456510394811630249e-02 3.157215937972068787e-02 1.177875883877277374e-02 3.761243820190429688e-02 3.642868623137474060e-02 8.206057362258434296e-03 2.229186519980430603e-02 7.339875213801860809e-03 1.532345544546842575e-02 8.660231716930866241e-03 4.217986017465591431e-02 6.336327176541090012e-03 2.332108415430411696e-04 6.574215739965438843e-02 8.680497109889984131e-02 1.342924032360315323e-02 6.870669778436422348e-03 8.052218705415725708e-03 2.519866079092025757e-02 4.768638312816619873e-02 7.367740385234355927e-03 1.939326710999011993e-02 6.291303038597106934e-02 1.071022450923919678e-02 5.236955359578132629e-03 6.379726529121398926e-02 4.658745229244232178e-02 1.184185594320297241e-02 1.612905040383338928e-02 1.907623372972011566e-03 4.137804731726646423e-02 2.403150312602519989e-02 1.528984773904085159e-02 1.868587918579578400e-03 8.104050531983375549e-03 5.655655637383460999e-03 2.560415491461753845e-02 1.258760690689086914e-02 6.182447075843811035e-02 1.220033597201108932e-02 5.280072242021560669e-02 1.104185543954372406e-02 6.248825415968894958e-02 1.967153698205947876e-02 1.685648970305919647e-02 6.851419806480407715e-02 7.587763667106628418e-02
2.482673525810241699e-02 5.399152263998985291e-02 1.267258971929550171e-01 5.488108098506927490e-02 4.145100340247154236e-02 6.384972482919692993e-02 4.802224226295948029e-03 1.046769022941589355e-01 8.979912847280502319e-03 1.453949604183435440e-02 3.753721341490745544e-02 4.763859137892723083e-02 5.997066199779510498e-02 5.750501994043588638e-03 2.342130243778228760e-02 4.898479208350181580e-02 3.285064175724983215e-02 2.148791030049324036e-02 1.102580353617668152e-01 5.882794409990310669e-02 6.124934926629066467e-02 4.180697351694107056e-02 1.037797853350639343e-01 9.372132271528244019e-02 5.993961915373802185e-02 2.262218110263347626e-02 2.634744904935359955e-02 4.685212299227714539e-02 1.411252468824386597e-02 4.627679660916328430e-02 2.872574375942349434e-03 1.983388327062129974e-02 4.742885008454322815e-02 2.745903842151165009e-02 6.829632073640823364e-02 6.251496076583862305e-02 2.246594987809658051e-02 3.667580336332321167e-02 3.568445565178990364e-03 6.340800225734710693e-02 3.123594075441360474e-02 3.602033015340566635e-03 7.182799745351076126e-03 1.993553526699542999e-02 5.695907399058341980e-02 2.094362117350101471e-02 2.660059370100498199e-02 3.519811853766441345e-02 6.128560379147529602e-02 6.239363551139831543e-02 1.419500680640339851e-03 8.711565285921096802e-02 1.330793928354978561e-02 8.209314197301864624e-02 1.905954070389270782e-02 4.267918318510055542e-02 4.837090894579887390e-02 4.380977526307106018e-02 9.128910489380359650e-03 2.161896042525768280e-02 3.788705915212631226e-02 6.163062155246734619e-02 3.723172936588525772e-03 4.709870368242263794e-02 4.426473006606101990e-02 2.211524918675422668e-02 4.566289857029914856e-02 2.129045501351356506e-02 2.958757244050502777e-02 8.689234405755996704e-02 3.587358817458152771e-02 1.899960683658719063e-03 5.989399179816246033e-02 8.271741867065429688e-02 4.411209374666213989e-02 1.928642578423023224e-02 9.775029867887496948e-02 5.191958695650100708e-02 3.656179830431938171e-02 6.012852117419242859e-02 1.434806734323501587e-01 1.813121140003204346e-01 2.378455176949501038e-02 6.680113822221755981e-02 8.044691756367683411e-03 5.795546993613243103e-02 4.348920658230781555e-02 7.738266885280609131e-02 4.789521172642707825e-02 5.143925175070762634e-02 1.825080439448356628e-02 5.521441623568534851e-02 5.038031376898288727e-03 5.594562739133834839e-02 7.453068159520626068e-03 3.709922730922698975e-02 6.199470534920692444e-02 5.260504409670829773e-02 3.744413331151008606e-02 3.487446159124374390e-02 4.815814644098281860e-02 3.314148262143135071e-02 6.514032185077667236e-02 2.583416551351547241e-02 3.773996233940124512e-02 4.317834600806236267e-02 6.654870510101318359e-02 5.005548894405364990e-02 3.724960237741470337e-02 1.797646842896938324e-02 1.131480094045400620e-02 3.659934177994728088e-02 1.359761226922273636e-02 2.440933324396610260e-02 2.187342196702957153e-02 2.380742458626627922e-03
1.692465320229530334e-02 4.431289434432983398e-02 5.488108098506927490e-02 1.142653375864028931e-01 7.762920856475830078e-02 1.609033532440662384e-02 4.981878027319908142e-02 9.878675453364849091e-03 6.634430959820747375e-03 1.132196094840764999e-02 5.581697821617126465e-02 2.702350728213787079e-02 3.089910745620727539e-02 3.053588047623634338e-02 5.036065727472305298e-02 2.690211869776248932e-03 3.291070088744163513e-02 1.687121950089931488e-02 1.605021208524703979e-02 7.353194802999496460e-02 3.677437454462051392e-02 8.248575031757354736e-02 4.713037610054016113e-02 4.860232397913932800e-02 8.617660403251647949e-02 3.223744779825210571e-02 3.216987475752830505e-02 8.569481223821640015e-02 3.960232809185981750e-02 1.579030603170394897e-01 2.180509734898805618e-03 2.516018040478229523e-02 2.565442398190498352e-02 3.221446648240089417e-02 4.680011793971061707e-02 3.254531696438789368e-02 3.744366578757762909e-03 4.333444312214851379e-02 5.513945966958999634e-02 6.976389139890670776e-02 2.673832327127456665e-02 6.682503037154674530e-03 8.513693511486053467e-02 3.321158001199364662e-03 1.251695398241281509e-02 3.501730039715766907e-02 4.864303767681121826e-02 6.159491091966629028e-02 4.434356465935707092e-02 4.016664624214172363e-02 4.849530011415481567e-02 1.831938885152339935e-02 3.644475480541586876e-03 3.253186866641044617e-02 3.207325562834739685e-02 3.382466360926628113e-02 1.573120616376399994e-02 1.910393685102462769e-02 8.053372800350189209e-02 2.311657741665840149e-02 2.385900123044848442e-03 6.144422292709350586e-02 1.514345314353704453e-02 1.787604205310344696e-02 6.646236032247543335e-02 1.764690317213535309e-02 8.847107738256454468e-02 1.314500812441110611e-02 1.569703308632597327e-04 1.194539945572614670e-02 4.156834259629249573e-02 3.105281107127666473e-02 9.962612390518188477e-02 1.989555917680263519e-02 8.397232741117477417e-02 1.107315644621849060e-01 1.430955901741981506e-02 4.427124187350273132e-02 3.727749362587928772e-02 4.606538265943527222e-02 4.295811802148818970e-02 2.388884313404560089e-02 3.573971986770629883e-02 6.573621183633804321e-02 7.780215144157409668e-02 1.134189218282699585e-02 5.977278947830200195e-02 6.314760446548461914e-02 5.180157348513603210e-02 5.191596969962120056e-02 1.605576835572719574e-02 8.201599121093750000e-03 3.044814988970756531e-02 3.786567971110343933e-02 3.341348841786384583e-02 2.647379413247108459e-02 6.732025742530822754e-02 6.070091202855110168e-02 1.055380329489707947e-03 2.372756786644458771e-02 4.553667828440666199e-02 3.856281936168670654e-02 6.630948930978775024e-02 1.653097756206989288e-02 6.097932928241789341e-04 9.761093184351921082e-03 9.094510227441787720e-03 6.088444497436285019e-03 2.902081049978733063e-02 2.190561220049858093e-02 8.384391665458679199e-02 1.127448230981826782e-01 1.660794019699096680e-02 1.510694064199924469e-02 8.871011435985565186e-02 7.776461541652679443e-02
2.058222889900207520e-02 1.025520265102386475e-02 4.145100340247154236e-02 7.762920856475830078e-02 1.244099438190460205e-01 3.403294365853071213e-03 2.292907051742076874e-02 3.546595945954322815e-02 6.029676645994186401e-03 2.152879349887371063e-02 7.854296267032623291e-02 1.876248419284820557e-02 5.830948799848556519e-02 2.550668828189373016e-02 4.953056573867797852e-02 3.929385915398597717e-02 2.794722653925418854e-02 3.071195445954799652e-02 4.407394304871559143e-02 1.485661324113607407e-02 7.918780297040939331e-02 3.832108899950981140e-02 1.769298128783702850e-02 2.414490468800067902e-02 2.350081456825137138e-03 3.671839460730552673e-02 2.670718543231487274e-02 4.495615139603614807e-02 5.667685996741056442e-03 8.530803769826889038e-02 3.203746303915977478e-02 8.814629167318344116e-02 6.645242217928171158e-03 7.803206145763397217e-02 1.448227092623710632e-02 5.850515514612197876e-02 5.153358355164527893e-02 2.604143694043159485e-03 1.048239991068840027e-01 1.068215593695640564e-01 8.394243777729570866e-04 6.305103003978729248e-02 6.320562213659286499e-03 6.182990968227386475e-02 1.853688806295394897e-02 3.967827558517456055e-02 2.801612019538879395e-02 1.539307180792093277e-03 6.094155460596084595e-02 2.800376899540424347e-02 5.483926460146903992e-02 6.420632451772689819e-02 2.104388736188411713e-02 2.575382823124527931e-03 5.137555301189422607e-02 3.938126191496849060e-02 4.356478527188301086e-02 4.276935011148452759e-02 7.141186296939849854e-02 7.353305071592330933e-02 2.727992087602615356e-02 8.068609237670898438e-02 2.182704582810401917e-02 4.775538295507431030e-02 3.507477417588233948e-02 3.878728672862052917e-02 2.802806347608566284e-02 2.931901020929217339e-03 4.107050597667694092e-02 6.664621084928512573e-02 4.734519496560096741e-02 3.016984276473522186e-02 1.616979390382766724e-02 6.433427799493074417e-03 1.107568219304084778e-01 4.925643652677536011e-02 1.918089948594570160e-02 2.849445678293704987e-02 9.698069095611572266e-02 7.085878401994705200e-02 2.923964336514472961e-02 1.119661051779985428e-02 7.665726542472839355e-02 7.199539244174957275e-02 3.089918568730354309e-02 3.105244413018226624e-02 2.892241254448890686e-02 7.153374142944812775e-03 8.403101563453674316e-02 6.894700229167938232e-02 1.652119494974613190e-02 1.092728320509195328e-02 4.532764479517936707e-02 2.546543069183826447e-02 7.820796966552734375e-02 8.266461081802845001e-03 6.235962361097335815e-02 2.241151966154575348e-02 4.463196173310279846e-02 5.006596818566322327e-02 4.754194244742393494e-02 4.742481932044029236e-02 3.103245422244071960e-02 5.185128189623355865e-03 5.775572359561920166e-02 4.378928989171981812e-02 1.316474191844463348e-02 5.541551858186721802e-02 2.328952588140964508e-02 6.099098362028598785e-03 2.663666941225528717e-02 2.476002834737300873e-02 6.835643667727708817e-03 1.645489712245762348e-03 8.197570592164993286e-02 3.032006509602069855e-02
7.460197061300277710e-02 7.653018087148666382e-02 6.384972482919692993e-02 1.609033532440662384e-02 3.403294365853071213e-03 1.171710044145584106e-01 1.136370301246643066e-01 9.505511820316314697e-02 4.756602458655834198e-03 8.666628040373325348e-03 2.992331981658935547e-02 2.047829516232013702e-02 3.960184380412101746e-02 4.975251853466033936e-02 6.077063153497874737e-04 6.197031587362289429e-02 9.625067003071308136e-03 2.138163149356842041e-02 7.359278947114944458e-02 3.535340353846549988e-02 4.638596996665000916e-02 8.678729087114334106e-02 6.551694869995117188e-02 6.808824092149734497e-02 6.386236846446990967e-02 2.731058001518249512e-02 3.042547404766082764e-02 6.535071134567260742e-02 3.649976104497909546e-02 6.594388186931610107e-02 4.022423550486564636e-02 7.097002863883972168e-02 3.565205261111259460e-02 3.456182777881622314e-02 5.048001185059547424e-02 2.294753119349479675e-02 3.734795004129409790e-02 5.516758188605308533e-02 4.362666979432106018e-02 4.520332813262939453e-02 5.968120694160461426e-02 1.992070861160755157e-02 1.917203329503536224e-02 4.482159856706857681e-03 2.958376519381999969e-02 5.574050173163414001e-02 6.082441657781600952e-02 6.802799552679061890e-02 2.985949441790580750e-02 3.734703361988067627e-02 8.408891037106513977e-03 1.719397120177745819e-02 3.693932294845581055e-02 2.023841813206672668e-02 4.126238171011209488e-03 9.974073618650436401e-03 1.661606132984161377e-02 1.885398291051387787e-02 2.442830055952072144e-02 1.195975486189126968e-02 1.251435186713933945e-02 7.764816284179687500e-02 5.334162712097167969e-02 5.400178208947181702e-02 4.434708878397941589e-02 1.891578175127506256e-02 3.964971750974655151e-02 3.921840712428092957e-02 3.912207856774330139e-02 3.746680170297622681e-02 3.175057470798492432e-02 2.920169942080974579e-02 5.569081753492355347e-03 7.238226383924484253e-02 3.610645607113838196e-02 4.056617617607116699e-02 2.109330333769321442e-02 2.777743898332118988e-02 2.586766518652439117e-02 6.697639077901840210e-02 8.897617459297180176e-03 4.941683635115623474e-02 6.240544095635414124e-02 3.010710142552852631e-02 1.107616629451513290e-02 4.105729609727859497e-02 3.099516034126281738e-02 3.121233172714710236e-02 6.191291660070419312e-02 4.831838980317115784e-02 2.910259366035461426e-02 3.953048586845397949e-02 3.856030106544494629e-02 1.104430388659238815e-02 5.005267634987831116e-02 5.055444687604904175e-02 1.596938446164131165e-02 5.574687942862510681e-02 4.733548313379287720e-02 2.585989888757467270e-03 4.050467535853385925e-02 5.030992999672889709e-02 3.570607304573059082e-02 5.397006496787071228e-02 2.227444201707839966e-03 4.904811456799507141e-02 1.081511098891496658e-02 3.472773358225822449e-02 3.178302571177482605e-02 7.596556842327117920e-02 5.021382868289947510e-02 3.132631629705429077e-02 4.101663827896118164e-03 4.071366041898727417e-02 9.292849153280258179e-02 1.541426591575145721e-02
8.717880398035049438e-02 1.144465655088424683e-01 4.802224226295948029e-03 4.981878027319908142e-02 2.292907051742076874e-02 1.136370301246643066e-01 1.329523622989654541e-01 4.166647791862487793e-02 1.816526427865028381e-02 5.199994519352912903e-02 4.789773747324943542e-02 2.272669784724712372e-02 8.309024572372436523e-02 2.292262203991413116e-02 3.635121881961822510e-02 4.143537953495979309e-02 8.509773015975952148e-02 2.571508474647998810e-02 2.435735613107681274e-02 4.239245876669883728e-02 2.999558113515377045e-02 2.446071244776248932e-02 5.350008606910705566e-02 5.110317841172218323e-02 5.133892595767974854e-02 3.031252324581146240e-02 1.680075004696846008e-02 3.966736793518066406e-02 3.301544487476348877e-02 2.661782503128051758e-02 4.020276293158531189e-02 3.020781837403774261e-02 5.208995938301086426e-02 3.139591589570045471e-02 5.411569774150848389e-02 1.493213046342134476e-02 1.390594523400068283e-02 1.359273586422204971e-02 5.227892100811004639e-02 2.364963851869106293e-02 4.503660369664430618e-03 2.126826345920562744e-02 8.742435276508331299e-02 5.275212600827217102e-02 2.695427276194095612e-03 5.158460140228271484e-02 1.175549477338790894e-01 1.443720906972885132e-01 4.299340397119522095e-02 4.504882544279098511e-02 8.817636407911777496e-03 5.152667686343193054e-02 2.855221927165985107e-02 1.912923157215118408e-02 3.249565139412879944e-02 6.998057663440704346e-02 4.434937611222267151e-02 6.051341816782951355e-02 4.124051332473754883e-02 4.131078720092773438e-02 6.718820426613092422e-03 3.717717481777071953e-04 8.118377067148685455e-03 5.620997771620750427e-02 5.172372981905937195e-02 4.384230077266693115e-02 7.372006773948669434e-03 1.483600120991468430e-02 7.574413716793060303e-02 5.279344320297241211e-02 5.222653597593307495e-02 4.903497919440269470e-02 1.908295974135398865e-02 5.122610926628112793e-02 4.177892208099365234e-02 3.023500181734561920e-02 4.126501083374023438e-02 5.012190714478492737e-02 4.636223986744880676e-02 6.320044398307800293e-02 5.147115141153335571e-02 5.332858767360448837e-03 7.737766951322555542e-03 7.536426186561584473e-02 3.694346174597740173e-02 5.767754092812538147e-02 3.615513071417808533e-02 4.331585764884948730e-02 5.675365775823593140e-02 1.431764755398035049e-02 3.517904132604598999e-02 3.441705927252769470e-02 8.861995488405227661e-02 9.006704390048980713e-02 4.063706099987030029e-02 1.310861390084028244e-02 2.659120783209800720e-02 3.866232931613922119e-02 5.372553691267967224e-02 2.372834086418151855e-02 2.804296556860208511e-03 1.438171137124300003e-02 1.953122206032276154e-02 2.591821551322937012e-02 1.317564398050308228e-02 3.663374856114387512e-02 2.788652293384075165e-02 9.274883195757865906e-03 2.413550100754946470e-04 6.303860992193222046e-02 7.293112576007843018e-02 5.571844056248664856e-02 2.342357113957405090e-02 4.480910673737525940e-02 8.732628077268600464e-02 1.576030161231756210e-03
5.109490081667900085e-02 4.478292167186737061e-02 1.046769022941589355e-01 9.878675453364849091e-03 3.546595945954322815e-02 9.505511820316314697e-02 4.166647791862487793e-02 1.152046173810958862e-01 1.562589779496192932e-02 3.792177885770797729e-02 2.018904499709606171e-02 1.031953282654285431e-02 4.538666456937789917e-02 4.405099898576736450e-02 3.342598304152488708e-02 3.135898336768150330e-02 1.391408778727054596e-02 4.123478755354881287e-02 7.832035422325134277e-02 6.901513785123825073e-02 1.029086392372846603e-02 4.052942618727684021e-02 1.297170221805572510e-01 1.053002700209617615e-01 6.263762712478637695e-02 1.914068870246410370e-02 2.510814182460308075e-02 6.966987997293472290e-02 2.399524673819541931e-02 5.555799603462219238e-02 1.127776876091957092e-02 9.900818113237619400e-04 2.210397645831108093e-02 4.001768305897712708e-02 6.510612368583679199e-02 4.524891823530197144e-02 1.097341440618038177e-02 2.694951836019754410e-03 2.865798212587833405e-02 4.623030871152877808e-02 4.607963562011718750e-02 1.673417352139949799e-02 2.039780654013156891e-02 3.540968149900436401e-02 2.068067342042922974e-02 2.028651768341660500e-03 1.145867723971605301e-02 1.277557946741580963e-02 4.561249166727066040e-02 4.905096441507339478e-02 5.473030358552932739e-02 7.230288535356521606e-02 4.513471946120262146e-02 6.965474225580692291e-03 5.222191661596298218e-02 2.568704076111316681e-02 1.471161376684904099e-02 4.338369518518447876e-02 1.792976446449756622e-02 2.601257339119911194e-02 4.318133369088172913e-02 3.543300926685333252e-02 3.862555325031280518e-02 3.641986846923828125e-02 5.190114676952362061e-02 1.250693295150995255e-02 3.680660948157310486e-02 6.932323798537254333e-03 4.219809919595718384e-02 9.321083314716815948e-03 7.019020617008209229e-02 8.429683744907379150e-03 1.078949682414531708e-02 1.084538083523511887e-02 4.074820782989263535e-03 2.891022479161620140e-03 2.536338940262794495e-02 3.021871857345104218e-02 3.643507510423660278e-02 1.745794899761676788e-02 9.288530051708221436e-02 1.291361749172210693e-01 5.604543909430503845e-02 5.024567246437072754e-02 6.844773888587951660e-02 3.886989131569862366e-02 1.195792108774185181e-01 2.211030200123786926e-02 2.666059136390686035e-02 9.051497909240424633e-04 1.652642339468002319e-02 5.343029275536537170e-03 2.041172236204147339e-02 1.408752985298633575e-02 9.841066785156726837e-03 8.255898021161556244e-03 5.794017761945724487e-02 1.034378260374069214e-02 7.557812333106994629e-02 6.773663312196731567e-02 3.037266992032527924e-02 3.989964351058006287e-02 4.970931261777877808e-02 9.896234609186649323e-03 3.446036204695701599e-02 1.419838145375251770e-02 1.685153879225254059e-02 3.271791338920593262e-02 7.294707931578159332e-03 6.568718701601028442e-02 8.803517557680606842e-03 4.653519019484519958e-02 1.424200553447008133e-02 5.840008705854415894e-02 1.034421399235725403e-01 1.740907877683639526e-02
2.564578130841255188e-02 4.228022694587707520e-02 8.979912847280502319e-03 6.634430959820747375e-03 6.029676645994186401e-03 4.756602458655834198e-03 1.816526427865028381e-02 1.562589779496192932e-02 1.348947286605834961e-01 8.102421462535858154e-02 4.841325804591178894e-02 6.213598698377609253e-02 4.702731594443321228e-02 1.000489760190248489e-02 1.106571480631828308e-01 2.290138974785804749e-02 4.225684329867362976e-03 5.146294087171554565e-02 1.778313703835010529e-02 1.060201376676559448e-01 2.467989549040794373e-02 7.276115566492080688e-02 9.638990461826324463e-02 2.983102574944496155e-02 7.189600914716720581e-02 6.725158542394638062e-02 7.113140542060136795e-03 7.691651582717895508e-02 4.812553897500038147e-02 3.580783307552337646e-02 5.037586390972137451e-02 1.949384249746799469e-02 3.336104005575180054e-02 8.106500655412673950e-02 1.486086286604404449e-02 1.114279329776763916e-01 5.278945341706275940e-02 2.200226485729217529e-02 1.855711266398429871e-02 1.072428151965141296e-01 7.382427155971527100e-02 7.407413423061370850e-02 2.141569741070270538e-02 3.031270951032638550e-02 5.023453012108802795e-02 2.043121866881847382e-02 3.767397627234458923e-02 1.558125112205743790e-02 3.081051632761955261e-02 1.591058261692523956e-02 5.608018115162849426e-02 2.578863874077796936e-02 5.858321674168109894e-03 5.233694612979888916e-02 7.965727150440216064e-02 3.524488955736160278e-02 8.449292927980422974e-02 6.800396833568811417e-03 1.990081928670406342e-02 1.232798583805561066e-02 5.224741995334625244e-02 3.253955021500587463e-02 6.166369188576936722e-03 2.242885716259479523e-02 1.641679368913173676e-02 2.340634167194366455e-02 6.185695528984069824e-02 5.514048039913177490e-02 7.879900187253952026e-02 6.406074855476617813e-03 4.273853451013565063e-02 4.092232882976531982e-02 5.356454104185104370e-02 1.035789214074611664e-02 3.439393639564514160e-02 1.957537606358528137e-02 1.163764968514442444e-01 5.388516560196876526e-02 6.718578189611434937e-02 5.542321503162384033e-02 4.499215632677078247e-02 4.202755168080329895e-02 3.449024260044097900e-02 1.402672100812196732e-02 7.061085850000381470e-02 7.506284117698669434e-02 1.139568630605936050e-02 2.345711365342140198e-02 1.304814070463180542e-01 7.835306227207183838e-02 2.800431102514266968e-02 1.992573775351047516e-02 1.964702829718589783e-02 1.740075834095478058e-02 2.636394929140806198e-03 2.453236281871795654e-02 6.184196565300226212e-03 1.410954166203737259e-03 2.206156775355339050e-02 2.913775481283664703e-02 4.046625457704067230e-03 2.622482180595397949e-02 2.263278886675834656e-02 2.310354821383953094e-02 2.646766044199466705e-02 4.142554849386215210e-02 9.267191588878631592e-02 4.534923005849123001e-03 5.565027892589569092e-02 7.347411010414361954e-04 4.939303174614906311e-02 1.046433895826339722e-01 1.026873942464590073e-02 2.341216802597045898e-02 5.378997325897216797e-02 4.224212467670440674e-02
1.265808008611202240e-03 6.057221442461013794e-02 1.453949604183435440e-02 1.132196094840764999e-02 2.152879349887371063e-02 8.666628040373325348e-03 5.199994519352912903e-02 3.792177885770797729e-02 8.102421462535858154e-02 1.349931955337524414e-01 8.582884818315505981e-02 5.220442637801170349e-02 7.004626840353012085e-02 3.974603861570358276e-02 2.917708829045295715e-02 4.264644905924797058e-02 3.117838641628623009e-03 4.931338876485824585e-02 3.541267663240432739e-02 9.196130931377410889e-02 5.741842091083526611e-02 4.639678448438644409e-02 9.195247665047645569e-03 1.170506142079830170e-02 2.996267750859260559e-02 3.979283198714256287e-02 2.854730375111103058e-02 3.273749258369207382e-03 7.740437984466552734e-02 1.363646239042282104e-02 6.264024972915649414e-02 9.922263212502002716e-03 1.450345199555158615e-02 4.905069991946220398e-02 2.466446161270141602e-02 2.878699824213981628e-02 3.495242074131965637e-02 8.973888307809829712e-02 3.580107167363166809e-02 3.450091928243637085e-02 2.187371067702770233e-02 2.328279661014676094e-04 5.751294642686843872e-02 2.583234570920467377e-02 3.801354393362998962e-02 4.553353413939476013e-02 6.083453446626663208e-02 1.751622185111045837e-02 6.909853219985961914e-02 1.075847968459129333e-01 1.174919381737709045e-01 9.367348253726959229e-02 5.654233321547508240e-02 5.408821254968643188e-02 2.336873486638069153e-02 1.130756512284278870e-01 1.779163815081119537e-02 1.152861043810844421e-01 7.218007743358612061e-02 7.152794301509857178e-02 8.232030272483825684e-02 7.237264513969421387e-02 4.541063681244850159e-02 2.069887518882751465e-02 1.731833815574645996e-02 6.048792973160743713e-02 1.027305610477924347e-02 3.152003884315490723e-02 4.409405216574668884e-02 7.868396118283271790e-03 2.539758011698722839e-02 1.929694414138793945e-02 2.946138195693492889e-02 2.653801254928112030e-02 2.808827161788940430e-02 4.181702062487602234e-02 1.447229180485010147e-02 1.326574534177780151e-01 6.812444189563393593e-04 9.020601958036422729e-02 2.832619287073612213e-02 1.742728240787982941e-02 1.321755070239305496e-02 3.536346554756164551e-02 9.873489849269390106e-03 3.299915697425603867e-03 2.259781956672668457e-02 1.212378963828086853e-02 1.748161762952804565e-02 1.179209649562835693e-01 6.365662068128585815e-02 3.678167611360549927e-02 3.183397464454174042e-03 4.106796404812484980e-04 1.582201756536960602e-02 4.154213517904281616e-02 4.152988642454147339e-02 3.308215737342834473e-02 6.869419664144515991e-02 6.869091838598251343e-02 2.216392010450363159e-02 3.031281568109989166e-02 5.847902595996856689e-02 8.569418452680110931e-03 9.672942571341991425e-03 1.273327320814132690e-02 2.512692473828792572e-02 6.653861701488494873e-02 2.050558291375637054e-02 1.788150519132614136e-03 3.554090484976768494e-02 4.261796176433563232e-02 5.121117457747459412e-02 6.531388312578201294e-02 1.712131686508655548e-02 2.903668209910392761e-02
1.292684525251388550e-01 1.390927135944366455e-01 3.753721341490745544e-02 5.581697821617126465e-02 7.854296267032623291e-02 2.992331981658935547e-02 4.789773747324943542e-02 2.018904499709606171e-02 4.841325804591178894e-02 8.582884818315505981e-02 1.322857588529586792e-01 7.013701368123292923e-03 1.392855495214462280e-01 5.487511679530143738e-02 4.451110586524009705e-02 5.207349359989166260e-02 7.333596050739288330e-02 4.275731742382049561e-02 3.296629339456558228e-02 8.565580472350120544e-03 1.707753352820873260e-02 5.745020136237144470e-02 3.815869987010955811e-02 3.432160243391990662e-02 2.274677157402038574e-02 3.185958415269851685e-02 5.215876176953315735e-02 2.684931084513664246e-02 2.615131810307502747e-02 3.705542162060737610e-02 3.255547583103179932e-02 4.049351066350936890e-02 2.602630853652954102e-02 6.430354714393615723e-02 4.595485702157020569e-02 1.528052496723830700e-03 3.576583415269851685e-02 6.543955206871032715e-02 4.398746788501739502e-02 6.651688367128372192e-02 6.773227360099554062e-03 1.345178391784429550e-02 5.132199451327323914e-02 6.110068783164024353e-02 1.463750936090946198e-02 4.453348461538553238e-03 8.669228106737136841e-02 6.028622761368751526e-02 5.404741689562797546e-02 5.123954266309738159e-02 2.469489723443984985e-02 5.270137637853622437e-02 5.450132489204406738e-02 4.794834554195404053e-02 5.886260792613029480e-02 4.318448528647422791e-02 1.987579278647899628e-02 3.928916901350021362e-02 3.640795871615409851e-02 1.092398092150688171e-01 2.652347832918167114e-02 3.646269068121910095e-02 2.500353753566741943e-02 4.006898403167724609e-02 2.968149445950984955e-02 4.913464188575744629e-02 3.199109062552452087e-02 4.398918151855468750e-02 2.698732167482376099e-02 2.039309591054916382e-03 9.491667151451110840e-02 4.855722561478614807e-02 5.907290615141391754e-03 2.575645968317985535e-02 5.120212957262992859e-02 5.882376804947853088e-02 3.259797021746635437e-02 6.654278934001922607e-02 3.993329033255577087e-02 6.257435679435729980e-02 6.648179143667221069e-02 2.482397481799125671e-02 5.804999172687530518e-02 4.969204217195510864e-02 2.782918512821197510e-03 1.302586589008569717e-02 1.104635652154684067e-02 6.480719894170761108e-02 3.914873301982879639e-02 3.895670175552368164e-02 4.820275679230690002e-02 1.838890835642814636e-02 1.561948301969096065e-04 4.327502846717834473e-02 1.003056392073631287e-01 9.026118641486391425e-05 7.391587644815444946e-02 6.586496531963348389e-02 3.254563361406326294e-02 1.053383573889732361e-02 2.856115251779556274e-02 3.899240866303443909e-02 9.203579276800155640e-02 4.503495618700981140e-02 3.996668383479118347e-02 1.493596285581588745e-02 3.167022392153739929e-02 1.455740910023450851e-02 1.574875437654554844e-03 2.119203563779592514e-03 3.444993868470191956e-02 1.619557477533817291e-02 3.101811371743679047e-02 1.159303542226552963e-02 3.644746914505958557e-02 8.737106807529926300e-03
6.096350774168968201e-02 3.253009542822837830e-02 4.763859137892723083e-02 2.702350728213787079e-02 1.876248419284820557e-02 2.047829516232013702e-02 2.272669784724712372e-02 1.031953282654285431e-02 6.213598698377609253e-02 5.220442637801170349e-02 7.013701368123292923e-03 1.259159892797470093e-01 1.879396103322505951e-02 1.411446034908294678e-01 1.107541937381029129e-02 9.033413603901863098e-03 2.137011848390102386e-02 6.039764359593391418e-02 4.838400520384311676e-03 3.832604736089706421e-03 2.814712189137935638e-02 1.263030711561441422e-02 1.034393608570098877e-01 1.126564759761095047e-02 3.023904934525489807e-02 1.843401789665222168e-02 2.049978822469711304e-02 1.420862227678298950e-01 2.969581261277198792e-02 8.997380733489990234e-02 4.274439066648483276e-02 4.358329251408576965e-02 6.842820346355438232e-02 5.302034318447113037e-02 3.662658482789993286e-02 3.342764452099800110e-02 6.644888781011104584e-03 1.226251665502786636e-02 1.544755045324563980e-02 6.526170670986175537e-02 4.718492180109024048e-02 7.730600424110889435e-03 3.556836023926734924e-02 1.550691761076450348e-02 9.569209069013595581e-02 8.081493899226188660e-03 7.491028308868408203e-02 3.883825987577438354e-02 3.764101117849349976e-02 4.442022368311882019e-02 6.088592112064361572e-02 3.520937263965606689e-02 7.014221698045730591e-02 6.102545931935310364e-02 4.085562005639076233e-02 2.978854579851031303e-03 1.015457063913345337e-01 2.350416034460067749e-03 1.882482320070266724e-02 1.552302297204732895e-02 6.189281120896339417e-03 4.883311316370964050e-02 4.007861018180847168e-02 1.759210042655467987e-02 5.771071091294288635e-02 8.899535983800888062e-03 2.891341038048267365e-02 5.257821828126907349e-02 3.627155907452106476e-03 4.350752569735050201e-03 5.383033305406570435e-02 3.803193196654319763e-02 6.930608302354812622e-02 2.523023262619972229e-02 5.042768269777297974e-02 5.111448466777801514e-02 7.660657912492752075e-02 5.931892991065979004e-02 4.316709190607070923e-02 1.173450890928506851e-02 4.428153485059738159e-02 1.938212849199771881e-02 5.496880412101745605e-02 4.880534857511520386e-02 4.579477384686470032e-02 2.440198324620723724e-02 1.927644945681095123e-02 1.788053847849369049e-02 4.911151900887489319e-02 3.825291618704795837e-02 5.738857761025428772e-02 3.138330578804016113e-02 5.541931465268135071e-02 1.001112069934606552e-02 2.551980502903461456e-02 6.113844364881515503e-02 8.145232498645782471e-02 6.653792411088943481e-02 3.271922841668128967e-02 4.676350578665733337e-02 8.378548175096511841e-02 1.320676319301128387e-02 1.703723892569541931e-02 1.278142724186182022e-02 3.081954829394817352e-02 5.475318059325218201e-02 6.990620493888854980e-02 7.988103479146957397e-02 2.967782504856586456e-02 1.047442015260457993e-02 2.720241062343120575e-02 3.927542269229888916e-02 5.754482373595237732e-02 5.015512928366661072e-02 5.500318855047225952e-02 2.982679288834333420e-03
8.906647562980651855e-02 1.009237170219421387e-01 5.997066199779510498e-02 3.089910745620727539e-02 5.830948799848556519e-02 3.960184380412101746e-02 8.309024572372436523e-02 4.538666456937789917e-02 4.702731594443321228e-02 7.004626840353012085e-02 1.392855495214462280e-01 1.879396103322505951e-02 1.406796574592590332e-01 3.184029832482337952e-02 6.335775367915630341e-03 3.863336890935897827e-02 7.620975375175476074e-02 3.481298312544822693e-02 5.482069682329893112e-03 4.898907244205474854e-02 2.986636944115161896e-02 5.376086384057998657e-02 1.211304606840712950e-05 3.009188221767544746e-03 1.801459491252899170e-02 3.759930282831192017e-02 5.283456668257713318e-02 4.271327331662178040e-02 7.686802744865417480e-02 5.620411038398742676e-02 6.609369069337844849e-02 1.179446838796138763e-02 7.640527188777923584e-02 2.161585912108421326e-02 3.824536129832267761e-02 4.669470654334872961e-04 1.973746903240680695e-02 3.123633749783039093e-02 9.428940713405609131e-02 1.082013081759214401e-02 6.886142492294311523e-02 3.279515355825424194e-02 1.213915087282657623e-02 1.075767427682876587e-01 6.976903975009918213e-02 4.730442538857460022e-02 7.261560857295989990e-02 1.043354645371437073e-01 3.910015802830457687e-03 2.380102127790451050e-02 3.461429849267005920e-02 3.206283226609230042e-02 5.322961509227752686e-02 6.971766054630279541e-02 2.453902736306190491e-02 3.173343092203140259e-02 2.881443686783313751e-02 2.637447416782379150e-02 2.001493051648139954e-02 2.943836711347103119e-02 4.258969798684120178e-02 6.589271873235702515e-02 1.739828847348690033e-02 3.155796602368354797e-02 5.899251252412796021e-02 1.094909533858299255e-01 3.300443291664123535e-02 8.085643500089645386e-02 2.040889376075938344e-04 6.231291592121124268e-02 8.514317125082015991e-02 2.363885752856731415e-03 5.999274551868438721e-02 2.831018716096878052e-02 3.838296607136726379e-02 5.244552344083786011e-02 1.491082087159156799e-02 3.627505153417587280e-02 5.557921901345252991e-02 3.314265282824635506e-03 6.619843840599060059e-02 1.262370496988296509e-02 3.907464072108268738e-02 8.686937391757965088e-02 4.807492718100547791e-02 7.389704696834087372e-03 4.593906924128532410e-02 7.076565176248550415e-02 3.278492763638496399e-02 1.023986041545867920e-01 8.520833402872085571e-02 9.049902670085430145e-03 8.626329898834228516e-02 7.146074902266263962e-03 4.238495603203773499e-02 8.048936724662780762e-02 4.394410923123359680e-02 3.208342567086219788e-02 5.961884744465351105e-03 5.086715798825025558e-03 2.327905036509037018e-02 5.310654267668724060e-02 7.414400577545166016e-02 3.450254723429679871e-02 5.044934526085853577e-02 3.072879463434219360e-02 5.311387777328491211e-02 2.887490391731262207e-02 5.316472053527832031e-02 1.395658310502767563e-02 6.081428378820419312e-02 4.849636554718017578e-02 2.159114927053451538e-02 1.755809411406517029e-02 9.134031832218170166e-03 7.859671115875244141e-02
