1.644682139158248901e-02 1.367705911397933960e-01 4.327550157904624939e-02 1.436620019376277924e-02 9.373690932989120483e-03 5.255940929055213928e-02 5.955737084150314331e-02 2.530621550977230072e-02 2.781056053936481476e-02 1.581268571317195892e-02 7.207403331995010376e-02 3.138687089085578918e-02 7.424905151128768921e-02 1.397637743502855301e-02 4.522776603698730469e-02 6.259118765592575073e-02 4.745182767510414124e-02 2.622016705572605133e-03 8.948031812906265259e-03 1.175932958722114563e-02 5.282192490994930267e-03 4.132817499339580536e-03 8.545776829123497009e-03 5.974235478788614273e-03 3.001028671860694885e-02 1.607211306691169739e-02 1.338409073650836945e-02 4.069414362311363220e-02 4.304717760533094406e-03 6.499107182025909424e-02 5.224740132689476013e-03 2.807587198913097382e-02 3.087684325873851776e-02 1.738751493394374847e-02 7.706561591476202011e-03 8.448188193142414093e-03 2.573469281196594238e-02 2.875873818993568420e-02 5.309239961206912994e-03 1.001692749559879303e-02 1.022353209555149078e-02 4.743591323494911194e-02 5.064385011792182922e-02 7.572579663246870041e-03 4.509479179978370667e-02 5.426044017076492310e-02 4.512998834252357483e-02 2.071630768477916718e-02 2.837367914617061615e-02 1.494337338954210281e-02 4.838901013135910034e-02 5.522223189473152161e-02 1.647928915917873383e-02 4.396329075098037720e-02 1.960253901779651642e-02 3.183518722653388977e-02 2.375654317438602448e-02 5.619386211037635803e-02 1.693995483219623566e-02 4.275302216410636902e-02 8.167611435055732727e-03 2.648685872554779053e-02 3.761317580938339233e-02 2.224260196089744568e-02 1.882663741707801819e-02 2.564440481364727020e-02 2.434106543660163879e-02 6.868124939501285553e-03 1.376392412930727005e-02 2.245589345693588257e-02 3.681031987071037292e-03 2.739464491605758667e-02 1.833002269268035889e-02 2.568571828305721283e-02 1.256285235285758972e-02 3.977843001484870911e-02 4.371327906847000122e-02 1.055521331727504730e-02 2.427753992378711700e-02 3.141506761312484741e-02 2.668438665568828583e-02 3.144178912043571472e-02 5.337699130177497864e-02 7.026375737041234970e-03 6.379004102200269699e-03 1.087758690118789673e-02 1.163996290415525436e-02 2.589409053325653076e-02 5.230561271309852600e-02 1.206212490797042847e-02 4.039849713444709778e-02 5.354743916541337967e-03 1.524511631578207016e-02 4.589666612446308136e-03 8.621713146567344666e-03 5.871007218956947327e-03 9.147214703261852264e-03 2.910814806818962097e-02 8.843751251697540283e-02 3.594902902841567993e-02 1.542916987091302872e-03 3.362318873405456543e-02 1.775993593037128448e-02 1.530016586184501648e-02 1.275548595003783703e-03 2.303064614534378052e-02 1.978118903934955597e-02 8.591705933213233948e-03 3.755215555429458618e-02 2.951373718678951263e-02 1.445259782485663891e-03 3.256041929125785828e-02 1.970663480460643768e-02 2.929274179041385651e-02 3.433692827820777893e-02 4.016546159982681274e-02
1.367705911397933960e-01 1.641035266220569611e-02 1.669640652835369110e-02 2.906453981995582581e-02 1.223100442439317703e-02 8.434818685054779053e-02 1.104750484228134155e-01 1.284033618867397308e-02 3.507266193628311157e-02 2.473284117877483368e-02 6.105214729905128479e-02 2.922420576214790344e-02 7.348814606666564941e-02 1.306570880115032196e-02 4.437693208456039429e-02 8.623917400836944580e-02 7.880584150552749634e-02 2.494371263310313225e-03 2.898612432181835175e-02 1.111893355846405029e-02 1.643690653145313263e-02 5.743173533119261265e-04 1.288880407810211182e-02 8.750208653509616852e-03 4.245351254940032959e-02 1.205915864557027817e-02 7.178265601396560669e-03 2.969194017350673676e-02 5.510437302291393280e-03 4.481427837163209915e-03 2.115518413484096527e-02 6.362967938184738159e-02 3.493982180953025818e-02 5.578377842903137207e-02 1.130580063909292221e-02 2.317486889660358429e-02 4.776537045836448669e-02 2.725918777287006378e-02 2.272995933890342712e-02 3.520065918564796448e-02 2.615964598953723907e-02 3.467726334929466248e-02 4.235074669122695923e-02 1.607749797403812408e-02 5.179847404360771179e-02 2.501623705029487610e-02 4.711673036217689514e-02 3.532995283603668213e-02 2.327366359531879425e-02 4.254772514104843140e-02 4.156691208481788635e-02 4.713721573352813721e-02 1.323732663877308369e-03 2.583798579871654510e-02 7.714050589129328728e-04 5.211058631539344788e-02 2.452680282294750214e-02 4.923436790704727173e-02 2.173434011638164520e-02 4.820940643548965454e-02 1.951062935404479504e-03 1.817161589860916138e-02 4.401991143822669983e-02 1.076108124107122421e-02 3.348425263538956642e-03 2.701381407678127289e-02 4.726031050086021423e-02 5.719581618905067444e-03 1.795571111142635345e-02 5.972712300717830658e-03 3.075121901929378510e-02 2.968964725732803345e-02 3.372528031468391418e-02 2.946337126195430756e-02 1.109384279698133469e-02 3.316774591803550720e-02 7.134317606687545776e-02 5.814833566546440125e-02 1.055096089839935303e-02 1.109777949750423431e-02 3.733545541763305664e-02 2.386740036308765411e-02 4.814002662897109985e-02 4.515883326530456543e-02 1.352768111974000931e-02 5.234276875853538513e-03 2.826760895550251007e-02 1.405224390327930450e-02 3.341473266482353210e-02 2.729109302163124084e-02 3.815124183893203735e-02 1.447379309684038162e-02 2.253986336290836334e-02 8.614257909357547760e-03 1.081875059753656387e-02 1.985493488609790802e-02 1.331416517496109009e-02 3.463260596618056297e-03 7.749219238758087158e-02 3.742787986993789673e-02 1.317089307121932507e-03 4.012164846062660217e-02 1.171085750684142113e-03 3.579166252166032791e-03 3.139599692076444626e-03 4.868269339203834534e-02 1.049568317830562592e-02 3.111560642719268799e-02 4.577138647437095642e-02 2.677384391427040100e-02 3.417052328586578369e-02 1.876243948936462402e-02 6.841115653514862061e-03 2.254882641136646271e-02 3.584793210029602051e-02 2.010692842304706573e-02
4.327550157904624939e-02 1.669640652835369110e-02 8.343694359064102173e-02 2.123623900115489960e-02 5.619673430919647217e-02 4.216555505990982056e-03 3.928070142865180969e-02 4.654930904507637024e-02 1.571641676127910614e-02 2.485529147088527679e-02 5.614026263356208801e-02 5.019831657409667969e-02 6.273876875638961792e-02 3.943981975317001343e-02 3.758180141448974609e-02 6.204319372773170471e-02 7.306551188230514526e-02 2.133106067776679993e-02 1.212156638503074646e-01 1.698515377938747406e-02 1.057021170854568481e-01 2.662767656147480011e-02 4.546830314211547375e-04 2.712078392505645752e-02 2.403363958001136780e-02 5.087436176836490631e-03 7.649412751197814941e-02 5.521558225154876709e-02 5.986640229821205139e-03 2.269225427880883217e-03 9.087292477488517761e-03 1.195821631699800491e-02 2.140861237421631813e-03 3.897939249873161316e-02 3.312041610479354858e-02 4.717294871807098389e-02 2.801668085157871246e-02 3.175441175699234009e-02 1.587080396711826324e-02 3.710258752107620239e-02 3.854062035679817200e-02 2.359367161989212036e-02 1.097054034471511841e-02 1.012565288692712784e-02 6.400348991155624390e-02 2.546838112175464630e-02 2.067920519039034843e-03 8.737013558857142925e-06 1.555276848375797272e-02 3.191904397681355476e-03 4.518906027078628540e-02 7.425041869282722473e-03 3.286498785018920898e-02 6.927549093961715698e-02 1.732617989182472229e-02 5.565345287322998047e-02 1.796654611825942993e-02 6.954443175345659256e-03 4.492426663637161255e-02 4.754836112260818481e-02 1.663004979491233826e-02 4.982614144682884216e-02 1.230405829846858978e-02 1.293689608573913574e-01 9.224943816661834717e-03 3.169460594654083252e-02 4.751420579850673676e-03 2.657428011298179626e-02 5.165809765458106995e-02 5.572541803121566772e-02 5.896369740366935730e-02 6.590338051319122314e-02 7.729609031230211258e-03 5.609524250030517578e-02 4.387285932898521423e-02 2.820582874119281769e-02 1.330022048205137253e-02 1.653206720948219299e-02 6.469637900590896606e-02 2.504443004727363586e-02 1.817334592342376709e-01 1.596043258905410767e-01 3.467954928055405617e-03 1.027818098664283752e-01 3.131040558218955994e-02 1.986074633896350861e-02 4.018094390630722046e-02 8.640345185995101929e-02 3.735063970088958740e-02 5.175882950425148010e-03 4.421312734484672546e-02 2.537504583597183228e-02 1.949110254645347595e-02 6.189102306962013245e-02 4.488108679652214050e-02 2.100378647446632385e-02 3.967717662453651428e-02 3.221757337450981140e-02 1.273621320724487305e-01 1.233789604157209396e-02 1.674016006290912628e-02 4.468854144215583801e-02 7.907063513994216919e-02 1.825473643839359283e-02 1.380464155226945877e-02 7.283988595008850098e-02 1.469535403884947300e-03 4.603204131126403809e-02 4.541725292801856995e-02 1.598721556365489960e-02 4.417337477207183838e-02 1.569608598947525024e-02 2.933364547789096832e-02 1.239726226776838303e-02 5.229545757174491882e-02 1.393691729754209518e-02
1.436620019376277924e-02 2.906453981995582581e-02 2.123623900115489960e-02 2.552959881722927094e-02 1.233796402812004089e-01 6.114227231591939926e-03 3.354312106966972351e-02 3.732245787978172302e-02 4.088235553354024887e-03 2.932944521307945251e-02 1.243975013494491577e-02 6.362634594552218914e-04 4.471539985388517380e-03 3.812348470091819763e-02 4.654664918780326843e-02 2.808632887899875641e-02 2.540570683777332306e-02 2.248665876686573029e-02 4.751924052834510803e-02 8.349953219294548035e-03 2.723307535052299500e-02 1.551232952624559402e-02 4.410091415047645569e-02 4.941243305802345276e-02 5.756010301411151886e-03 4.148621484637260437e-02 4.240627866238355637e-03 1.934772916138172150e-02 1.842006668448448181e-02 1.287471316754817963e-02 1.935970038175582886e-02 3.741003572940826416e-02 1.174179185181856155e-02 5.123493261635303497e-03 1.268330588936805725e-02 5.998868495225906372e-02 1.735878922045230865e-02 1.373480889014899731e-03 1.025152504444122314e-01 7.719100266695022583e-02 1.883718185126781464e-02 1.246745605021715164e-02 5.123351141810417175e-02 4.361584037542343140e-02 4.602714627981185913e-02 1.596767082810401917e-02 3.172447532415390015e-02 1.457489933818578720e-02 3.619025647640228271e-02 4.853149130940437317e-02 2.806686982512474060e-02 1.211355719715356827e-02 1.334734074771404266e-02 4.507329314947128296e-03 3.630448505282402039e-02 8.438488095998764038e-02 7.003851234912872314e-02 4.643645510077476501e-02 3.749947249889373779e-02 2.361200749874114990e-02 9.470722638070583344e-03 2.668834477663040161e-02 1.173880230635404587e-02 2.748598717153072357e-02 5.061893258243799210e-03 3.195979818701744080e-02 8.035458158701658249e-04 1.897523552179336548e-02 3.725093230605125427e-02 4.757219180464744568e-02 2.895524911582469940e-02 6.514417938888072968e-03 1.154873222112655640e-01 1.760959625244140625e-02 9.637121111154556274e-02 4.595379810780286789e-03 2.833635918796062469e-02 1.465373765677213669e-02 2.795611508190631866e-03 3.470647847279906273e-03 5.444635823369026184e-02 1.895343139767646790e-02 1.069689914584159851e-01 4.852201789617538452e-02 3.030973859131336212e-02 3.697239235043525696e-02 1.419428642839193344e-02 1.488405652344226837e-02 3.258658200502395630e-02 4.031369090080261230e-02 5.081927031278610229e-02 2.413198910653591156e-02 5.332007072865962982e-03 2.684162929654121399e-03 2.085213921964168549e-02 1.020867936313152313e-02 9.003519662655889988e-04 1.429673191159963608e-02 2.114230301231145859e-03 1.505033113062381744e-02 1.402426604181528091e-02 2.642586268484592438e-02 2.273760922253131866e-02 7.839328609406948090e-03 2.064336836338043213e-02 5.667414981871843338e-03 1.116032525897026062e-02 3.421914204955101013e-02 1.373117044568061829e-02 7.071082293987274170e-02 2.769761532545089722e-02 4.208720475435256958e-02 6.151390698505565524e-05 1.526750437915325165e-02 2.447366341948509216e-02 3.561616316437721252e-02
9.373690932989120483e-03 1.223100442439317703e-02 5.619673430919647217e-02 1.233796402812004089e-01 4.453716054558753967e-02 1.364542357623577118e-02 1.833288185298442841e-02 3.909457102417945862e-02 5.825970321893692017e-02 2.306999266147613525e-02 1.244409382343292236e-02 1.545271556824445724e-02 5.233771167695522308e-03 1.500567188486456871e-03 2.938805148005485535e-02 2.064433135092258453e-02 2.861110493540763855e-02 9.042576700448989868e-02 8.364148437976837158e-02 4.365292564034461975e-02 4.990183282643556595e-03 3.515395522117614746e-02 5.401784554123878479e-02 3.146618977189064026e-02 5.100066773593425751e-03 5.534680560231208801e-02 3.579333797097206116e-02 5.836244672536849976e-02 3.279151394963264465e-02 4.924909770488739014e-02 1.367848087102174759e-02 3.256733343005180359e-02 5.115890130400657654e-02 4.478131607174873352e-02 1.689866743981838226e-02 3.788995742797851562e-02 3.940279409289360046e-02 6.020246818661689758e-02 8.966228365898132324e-02 1.188751906156539917e-01 4.094182047992944717e-03 3.164660930633544922e-02 3.854380920529365540e-02 4.106428474187850952e-03 3.973690420389175415e-02 3.315649693831801414e-03 2.595881372690200806e-02 2.988000772893428802e-02 5.214951187372207642e-02 1.467438973486423492e-02 2.769382297992706299e-02 2.512051537632942200e-02 8.006759919226169586e-03 4.577879607677459717e-02 3.179281577467918396e-02 4.891416803002357483e-02 2.602156996726989746e-02 2.787382528185844421e-02 1.192663423717021942e-02 5.848359316587448120e-03 7.470199465751647949e-02 6.111127883195877075e-02 2.356587536633014679e-02 5.034502595663070679e-02 2.685541112441569567e-04 4.057564586400985718e-02 2.362632565200328827e-02 2.575045637786388397e-02 9.130396880209445953e-03 2.886755391955375671e-02 1.425746735185384750e-02 5.258102342486381531e-02 7.577407360076904297e-02 4.770008847117424011e-03 1.070394366979598999e-01 1.978828758001327515e-02 2.482577413320541382e-02 8.641623891890048981e-03 2.557312138378620148e-03 5.908470228314399719e-02 2.585795894265174866e-02 4.150792211294174194e-02 9.694951027631759644e-02 9.569995105266571045e-02 1.430541276931762695e-02 5.470590293407440186e-02 2.302335388958454132e-02 1.907655596733093262e-02 1.885648258030414581e-02 5.901075899600982666e-02 2.473719604313373566e-02 1.558977179229259491e-03 1.673198677599430084e-02 1.287368219345808029e-02 9.595417068339884281e-04 1.310005597770214081e-02 2.992182783782482147e-02 2.413888834416866302e-02 2.157833613455295563e-02 7.564527448266744614e-03 2.201324142515659332e-02 1.668719574809074402e-02 1.636701636016368866e-02 1.948010548949241638e-02 1.168039999902248383e-02 6.812528520822525024e-02 3.300292789936065674e-02 4.763244185596704483e-03 1.379208732396364212e-02 4.223006591200828552e-02 8.605024218559265137e-02 3.436417505145072937e-02 5.370970442891120911e-02 2.069876343011856079e-02 4.304218664765357971e-02 1.353002712130546570e-02
5.255940929055213928e-02 8.434818685054779053e-02 4.216555505990982056e-03 6.114227231591939926e-03 1.364542357623577118e-02 4.697757959365844727e-02 1.564742028713226318e-01 5.393067374825477600e-02 2.031273767352104187e-02 7.253513485193252563e-02 2.144436724483966827e-02 3.785525262355804443e-02 2.581504546105861664e-02 5.274469777941703796e-02 1.284985523670911789e-02 3.174513950943946838e-02 3.694118186831474304e-02 2.259111404418945312e-02 4.095107316970825195e-02 3.136114776134490967e-02 4.576458781957626343e-02 2.794753573834896088e-02 2.680753357708454132e-02 3.388835489749908447e-02 4.766724538058042526e-03 1.699558645486831665e-02 5.709480866789817810e-02 5.215266253799200058e-03 6.561621557921171188e-03 7.584625389426946640e-03 3.682237863540649414e-02 3.520414978265762329e-02 3.820902109146118164e-02 1.802073419094085693e-02 4.554617777466773987e-02 3.465351462364196777e-02 1.031323596835136414e-01 1.352032180875539780e-02 2.564741857349872589e-02 1.159443613141775131e-02 4.760116804391145706e-03 1.613029278814792633e-02 3.193137794733047485e-02 4.057197074871510267e-04 5.331830307841300964e-02 2.767175249755382538e-02 1.139802858233451843e-01 5.915714800357818604e-02 2.784990519285202026e-02 1.662166230380535126e-02 1.428514835424721241e-03 4.628242552280426025e-02 1.521959248930215836e-02 3.563253954052925110e-02 2.049872279167175293e-02 7.201998494565486908e-03 3.616793826222419739e-02 1.354149635881185532e-02 3.488820418715476990e-02 4.707629606127738953e-02 2.315156906843185425e-02 1.064610108733177185e-02 3.213465586304664612e-02 2.350421063601970673e-02 2.274565957486629486e-02 1.444120146334171295e-02 1.040010433644056320e-02 1.260186173021793365e-02 1.625567907467484474e-03 3.566205129027366638e-02 4.353744536638259888e-02 3.617659583687782288e-02 2.980073448270559311e-03 1.836252026259899139e-02 5.434208549559116364e-03 1.121685840189456940e-02 2.300286898389458656e-03 4.493789374828338623e-02 2.745971269905567169e-02 3.164042904973030090e-02 6.034835241734981537e-03 3.552263975143432617e-02 1.573919877409934998e-02 3.343319520354270935e-02 3.581216558814048767e-02 2.184846065938472748e-02 7.949157617986202240e-03 6.216164678335189819e-03 3.502236306667327881e-02 1.306305639445781708e-03 1.858184672892093658e-02 1.971694640815258026e-02 8.584236726164817810e-03 2.666644938290119171e-02 2.944657765328884125e-02 6.481836084276437759e-03 9.403471834957599640e-03 3.451102226972579956e-02 4.554782062768936157e-02 2.972817234694957733e-02 3.914254531264305115e-02 1.138961501419544220e-02 3.207595646381378174e-02 5.810232087969779968e-02 1.964517310261726379e-02 3.910856693983078003e-02 2.681492082774639130e-02 7.306124269962310791e-02 3.688950091600418091e-02 2.103486284613609314e-02 9.198627434670925140e-03 8.079458028078079224e-03 6.175798550248146057e-02 2.394996769726276398e-02 2.573006786406040192e-02 2.267964929342269897e-02
5.955737084150314331e-02 1.104750484228134155e-01 3.928070142865180969e-02 3.354312106966972351e-02 1.833288185298442841e-02 1.564742028713226318e-01 2.810153178870677948e-02 4.261985048651695251e-02 3.494677692651748657e-02 4.877868108451366425e-03 1.653300970792770386e-02 6.488557904958724976e-02 2.573433890938758850e-02 4.715127125382423401e-02 1.763777225278317928e-03 3.140141814947128296e-02 5.616611987352371216e-02 2.703014947474002838e-02 2.410789765417575836e-02 4.770575836300849915e-02 2.316582249477505684e-03 7.399606052786111832e-03 1.558304671198129654e-02 1.362114399671554565e-02 1.790685392916202545e-02 2.426330931484699249e-03 2.237279713153839111e-02 3.512663021683692932e-02 1.372107677161693573e-02 6.341088563203811646e-02 1.096032466739416122e-02 4.129278659820556641e-02 2.104922384023666382e-02 9.107736498117446899e-02 1.450152695178985596e-02 5.460210889577865601e-02 5.372490733861923218e-02 2.471941150724887848e-02 1.153571438044309616e-02 3.654893860220909119e-02 4.577803239226341248e-02 4.051194339990615845e-02 7.955268956720829010e-03 3.113961592316627502e-02 4.478360060602426529e-03 5.490284413099288940e-02 9.726922959089279175e-02 1.379282474517822266e-01 3.672835975885391235e-02 4.278023540973663330e-02 2.848940528929233551e-02 6.347069051116704941e-03 3.577723726630210876e-02 2.302686125040054321e-02 1.483946200460195541e-02 4.649102687835693359e-02 8.451376110315322876e-02 3.325791656970977783e-02 6.642132997512817383e-03 7.622838485985994339e-03 3.740708529949188232e-02 4.036219418048858643e-02 3.318988904356956482e-02 8.027680218219757080e-03 3.588891774415969849e-02 3.862740471959114075e-02 1.096041500568389893e-02 6.790225207805633545e-02 4.778241738677024841e-02 5.290883779525756836e-02 5.249386280775070190e-02 1.327599585056304932e-02 1.275855209678411484e-02 8.456920273602008820e-03 2.818084694445133209e-02 3.983206115663051605e-03 7.427611202001571655e-02 4.487061128020286560e-02 9.468942880630493164e-03 4.297460243105888367e-02 1.938028819859027863e-02 1.671668328344821930e-02 3.429686650633811951e-02 7.742395997047424316e-02 3.072993457317352295e-02 1.762284897267818451e-02 6.955751683562994003e-03 1.863082125782966614e-02 9.132763743400573730e-02 4.399621114134788513e-02 2.535600960254669189e-02 1.727440510876476765e-03 4.305150732398033142e-02 2.844444476068019867e-02 3.104148246347904205e-02 3.809591382741928101e-02 5.015380680561065674e-03 5.699386820197105408e-02 1.505772024393081665e-02 2.567369863390922546e-02 5.138110645930282772e-05 1.193084940314292908e-02 4.255785141140222549e-03 3.036097995936870575e-02 3.005584701895713806e-03 1.473976578563451767e-02 3.924337774515151978e-02 2.125010080635547638e-02 2.564608491957187653e-02 7.127960026264190674e-02 6.129909679293632507e-02 2.594265528023242950e-02 5.578107014298439026e-02 2.783474698662757874e-02 5.003101006150245667e-02 4.875399172306060791e-02
2.530621550977230072e-02 1.284033618867397308e-02 4.654930904507637024e-02 3.732245787978172302e-02 3.909457102417945862e-02 5.393067374825477600e-02 4.261985048651695251e-02 4.969083890318870544e-02 2.481858059763908386e-02 4.228601232171058655e-02 4.433936625719070435e-02 5.736228451132774353e-02 7.867649942636489868e-02 1.236128527671098709e-02 1.027042791247367859e-01 2.120660990476608276e-02 1.420794613659381866e-02 4.722412303090095520e-02 4.768735542893409729e-02 2.775902859866619110e-02 1.470025815069675446e-02 7.431730628013610840e-02 2.318576350808143616e-02 1.671655918471515179e-03 8.079099352471530437e-04 4.280329868197441101e-02 3.857530280947685242e-02 2.742812037467956543e-02 1.414427533745765686e-03 4.596616327762603760e-02 1.174553856253623962e-02 8.433623239398002625e-03 3.184955567121505737e-02 4.838706180453300476e-02 2.352608926594257355e-02 2.429601270705461502e-03 7.718700915575027466e-02 8.890156634151935577e-03 1.417657476849853992e-03 6.172728538513183594e-02 2.748356200754642487e-02 3.170780092477798462e-02 2.972463890910148621e-02 1.345080882310867310e-02 5.059613659977912903e-02 2.382664941251277924e-02 4.599026590585708618e-02 2.871738374233245850e-02 7.045895606279373169e-02 9.747521020472049713e-03 3.156041726469993591e-02 4.848090186715126038e-02 9.054236114025115967e-03 7.872223109006881714e-02 6.170558929443359375e-02 8.495985530316829681e-03 7.450910657644271851e-02 3.594642132520675659e-02 3.937380015850067139e-02 7.441516499966382980e-03 4.273781180381774902e-02 2.878858335316181183e-02 4.258407279849052429e-02 4.491538181900978088e-02 7.823335181456059217e-06 1.346107572317123413e-02 2.494060434401035309e-02 2.744789235293865204e-02 1.838871836662292480e-02 2.530537545680999756e-02 4.689292982220649719e-02 3.640626743435859680e-02 4.091977700591087341e-02 1.274788938462734222e-02 2.442314475774765015e-02 8.927553892135620117e-03 8.992757066152989864e-04 2.351274527609348297e-02 5.723546817898750305e-02 3.289380297064781189e-02 6.796538084745407104e-02 9.019923955202102661e-02 2.583223208785057068e-02 2.469922043383121490e-02 4.592574201524257660e-03 6.559679657220840454e-02 1.459758728742599487e-01 6.889406591653823853e-02 7.357233762741088867e-02 6.092674098908901215e-03 2.084774523973464966e-02 1.958928443491458893e-02 1.994013041257858276e-02 6.219726521521806717e-03 2.856152132153511047e-02 3.410276770591735840e-02 4.644606262445449829e-02 3.789113136008381844e-03 3.332649543881416321e-02 5.843597277998924255e-02 2.782277017831802368e-02 8.423489332199096680e-02 1.007246971130371094e-02 5.612290464341640472e-03 1.456456352025270462e-02 1.732660830020904541e-02 6.043266039341688156e-03 1.572277210652828217e-02 1.143727377057075500e-01 3.561400249600410461e-02 1.481027621775865555e-02 4.098409041762351990e-02 3.964906930923461914e-02 1.771654747426509857e-02 4.963767901062965393e-02 1.306668668985366821e-02
2.781056053936481476e-02 3.507266193628311157e-02 1.571641676127910614e-02 4.088235553354024887e-03 5.825970321893692017e-02 2.031273767352104187e-02 3.494677692651748657e-02 2.481858059763908386e-02 3.399374708533287048e-02 1.993193477392196655e-01 3.386914357542991638e-02 7.161393016576766968e-02 2.379513345658779144e-02 4.670868813991546631e-02 1.203506998717784882e-02 3.791766986250877380e-02 1.928338222205638885e-02 2.033516066148877144e-03 2.149767987430095673e-02 5.719950422644615173e-02 4.471799358725547791e-02 8.491488173604011536e-03 6.186237931251525879e-02 7.696538418531417847e-02 8.461569249629974365e-02 5.868167150765657425e-03 1.237950939685106277e-02 4.798364639282226562e-02 5.131947249174118042e-02 3.698507323861122131e-02 6.386961787939071655e-02 2.597735263407230377e-02 2.286014147102832794e-02 3.836171701550483704e-03 3.841531276702880859e-02 5.147977545857429504e-02 5.611636210232973099e-03 9.035294875502586365e-03 5.302864313125610352e-02 8.400776237249374390e-02 3.010773472487926483e-02 5.573613569140434265e-02 2.838698960840702057e-02 3.030383586883544922e-02 5.177936516702175140e-03 4.880110174417495728e-02 4.820651840418577194e-03 5.383316427469253540e-02 1.229361444711685181e-01 8.745836466550827026e-02 1.820912212133407593e-02 8.954954682849347591e-04 4.631731286644935608e-02 1.106009539216756821e-02 4.459911212325096130e-02 4.449757188558578491e-02 5.770441517233848572e-02 5.921362712979316711e-02 3.926882520318031311e-02 8.575687184929847717e-03 2.849706076085567474e-02 2.050178311765193939e-02 6.304692011326551437e-03 1.631674543023109436e-02 3.521497920155525208e-02 2.312840707600116730e-02 4.484674707055091858e-02 4.751822724938392639e-02 8.435034006834030151e-02 6.447302177548408508e-03 1.922371238470077515e-02 5.807786062359809875e-02 3.072088956832885742e-02 5.963042844086885452e-03 2.795606292784214020e-02 6.715497467666864395e-03 1.098096668720245361e-01 1.083976626396179199e-01 4.021628573536872864e-02 1.085769012570381165e-02 7.193624973297119141e-02 7.258669356815516949e-04 1.807046122848987579e-02 3.251137584447860718e-02 5.835883319377899170e-02 9.287072718143463135e-02 3.033572062849998474e-02 8.495447225868701935e-03 2.921494469046592712e-02 8.857257664203643799e-03 2.535731997340917587e-03 1.519007142633199692e-02 5.897238850593566895e-02 2.862442517653107643e-03 1.159500889480113983e-02 2.003127150237560272e-02 7.249423768371343613e-03 4.164305701851844788e-02 3.539951890707015991e-02 2.619337290525436401e-02 2.243177965283393860e-02 3.435478359460830688e-02 2.483230642974376678e-02 8.118423074483871460e-02 9.946337342262268066e-02 8.433288335800170898e-02 1.256623771041631699e-02 6.105381995439529419e-02 6.391559727489948273e-04 5.663609504699707031e-02 3.966382145881652832e-02 1.444731093943119049e-02 1.974533870816230774e-02 4.837443307042121887e-02 4.078049957752227783e-02 7.552726194262504578e-03
1.581268571317195892e-02 2.473284117877483368e-02 2.485529147088527679e-02 2.932944521307945251e-02 2.306999266147613525e-02 7.253513485193252563e-02 4.877868108451366425e-03 4.228601232171058655e-02 1.993193477392196655e-01 1.312005054205656052e-02 3.747076168656349182e-02 6.057797465473413467e-03 3.718677535653114319e-02 5.204947665333747864e-02 5.385538190603256226e-02 3.360476344823837280e-02 3.928846120834350586e-02 2.938671968877315521e-02 1.281445031054317951e-03 3.132177889347076416e-02 6.027194857597351074e-02 2.394874952733516693e-02 6.705661769956350327e-03 9.727749973535537720e-02 4.311700537800788879e-02 9.848871827125549316e-02 9.893743321299552917e-03 4.373006150126457214e-02 9.887016378343105316e-03 6.876571476459503174e-02 5.760034546256065369e-02 3.801060095429420471e-02 2.471875166520476341e-03 3.936806693673133850e-02 1.315698213875293732e-02 4.306158050894737244e-02 6.767346058040857315e-04 2.644567936658859253e-02 2.276627160608768463e-02 4.144773259758949280e-02 8.345314301550388336e-03 1.713671721518039703e-02 3.592501580715179443e-02 8.964716471382416785e-06 4.192240908741950989e-02 3.087092749774456024e-02 3.978334739804267883e-02 9.965219348669052124e-02 8.316628634929656982e-02 1.013307273387908936e-01 1.837279647588729858e-02 2.714954689145088196e-02 1.928616315126419067e-02 4.448592662811279297e-02 6.665764003992080688e-02 7.219356298446655273e-02 3.352344036102294922e-02 7.467019557952880859e-02 3.415486216545104980e-02 6.184365972876548767e-02 9.012832015287131071e-05 3.488897159695625305e-02 8.184588514268398285e-03 8.017435669898986816e-02 2.884885482490062714e-02 2.890646457672119141e-03 4.661419615149497986e-02 2.830340713262557983e-02 1.267892029136419296e-02 5.951748415827751160e-02 1.189095005393028259e-01 1.116320490837097168e-02 1.640321128070354462e-02 3.207850083708763123e-02 6.572555750608444214e-02 3.665198758244514465e-02 1.045229956507682800e-01 1.736447811126708984e-01 3.728008642792701721e-02 2.247523367404937744e-01 1.273976415395736694e-01 7.017722725868225098e-02 1.469854731112718582e-02 1.702547539025545120e-03 1.336225774139165878e-02 7.724665850400924683e-02 7.769649475812911987e-02 2.379981614649295807e-02 4.680813848972320557e-02 7.851086556911468506e-02 2.116168849170207977e-02 2.427884936332702637e-02 1.085099130868911743e-01 1.905124261975288391e-02 8.345840498805046082e-03 2.921241521835327148e-02 2.727993205189704895e-02 3.961074724793434143e-02 4.511535540223121643e-02 9.849072434008121490e-03 2.999598160386085510e-02 5.660679191350936890e-02 2.777295000851154327e-02 2.536470443010330200e-02 6.648955494165420532e-02 2.179206162691116333e-02 1.292294636368751526e-02 3.694683313369750977e-02 6.809135433286428452e-03 6.535449624061584473e-02 7.453215867280960083e-02 6.449184846132993698e-03 2.037526294589042664e-02 7.730393111705780029e-02 6.094991415739059448e-02 1.696279272437095642e-02
7.207403331995010376e-02 6.105214729905128479e-02 5.614026263356208801e-02 1.243975013494491577e-02 1.244409382343292236e-02 2.144436724483966827e-02 1.653300970792770386e-02 4.433936625719070435e-02 3.386914357542991638e-02 3.747076168656349182e-02 1.490834634751081467e-02 3.476099809631705284e-03 7.970956712961196899e-02 1.856329664587974548e-02 7.004421204328536987e-02 4.367276653647422791e-02 3.521690145134925842e-02 1.841549016535282135e-02 1.132343988865613937e-02 1.237356755882501602e-02 2.836011350154876709e-02 3.966976702213287354e-02 1.296454202383756638e-02 4.645162448287010193e-02 1.385288592427968979e-02 8.395635522902011871e-03 2.418544702231884003e-02 4.588414728641510010e-02 3.274339437484741211e-02 3.469037637114524841e-02 1.474779285490512848e-02 3.843883750960230827e-04 4.071508534252643585e-03 2.592103322967886925e-03 2.840896695852279663e-02 2.943271957337856293e-02 5.736650433391332626e-03 3.011233173310756683e-02 4.404498729854822159e-03 1.302996650338172913e-02 2.621774375438690186e-02 1.870971545577049255e-02 2.533862181007862091e-02 2.114186808466911316e-02 2.184654027223587036e-02 2.458425052464008331e-02 5.028700083494186401e-02 1.169743295758962631e-02 2.394587546586990356e-02 1.568291708827018738e-02 1.736030355095863342e-02 4.409543052315711975e-02 3.270505741238594055e-02 2.258928865194320679e-02 4.622382670640945435e-02 3.233614936470985413e-02 2.834063954651355743e-02 8.885627239942550659e-02 1.926715858280658722e-02 1.728590577840805054e-02 8.125972817651927471e-04 2.714566700160503387e-02 1.295627653598785400e-02 7.075238972902297974e-02 4.427127912640571594e-02 3.184173628687858582e-02 3.225279971957206726e-02 6.922297179698944092e-03 2.270396566018462181e-03 3.625658154487609863e-02 3.073180280625820160e-02 2.136047370731830597e-02 1.042331289499998093e-02 2.921827603131532669e-03 1.310549490153789520e-02 2.383441850543022156e-02 2.742065116763114929e-02 4.564990103244781494e-02 6.553345359861850739e-03 3.215254098176956177e-02 2.162362262606620789e-02 3.098112344741821289e-02 2.314241230487823486e-02 1.525585260242223740e-02 1.565169356763362885e-02 1.069691311568021774e-02 8.482987433671951294e-02 4.324255511164665222e-02 4.170357063412666321e-02 7.049228996038436890e-03 4.496138915419578552e-02 2.997489832341670990e-02 3.392179682850837708e-02 1.404322031885385513e-02 6.741255987435579300e-03 2.021341584622859955e-02 8.838660083711147308e-03 5.643793568015098572e-02 2.571534365415573120e-02 8.298382163047790527e-03 1.059953588992357254e-02 1.827978342771530151e-02 1.051142252981662750e-02 2.753585949540138245e-02 4.098579660058021545e-02 5.030414089560508728e-02 1.195757742971181870e-02 1.030726917088031769e-02 1.099939085543155670e-02 1.333107147365808487e-02 4.148100502789020538e-03 2.400841563940048218e-02 2.974984981119632721e-02 3.752477094531059265e-02 1.654876582324504852e-02 4.321905970573425293e-02
3.138687089085578918e-02 2.922420576214790344e-02 5.019831657409667969e-02 6.362634594552218914e-04 1.545271556824445724e-02 3.785525262355804443e-02 6.488557904958724976e-02 5.736228451132774353e-02 7.161393016576766968e-02 6.057797465473413467e-03 3.476099809631705284e-03 5.012173205614089966e-02 1.680528186261653900e-02 2.458831220865249634e-01 6.466200947761535645e-02 2.377653680741786957e-02 6.113848648965358734e-03 5.822157487273216248e-03 5.014162510633468628e-02 2.119509130716323853e-02 3.014250472187995911e-02 5.467654764652252197e-02 3.089007176458835602e-02 5.268388614058494568e-02 1.192472036927938461e-02 1.125153899192810059e-02 8.305867016315460205e-02 1.557062119245529175e-01 4.104237630963325500e-02 1.168738380074501038e-01 9.875632822513580322e-04 4.978266730904579163e-02 7.995706051588058472e-03 1.179133914411067963e-02 1.542081031948328018e-02 2.848981413990259171e-03 4.343456774950027466e-02 1.314061693847179413e-03 1.100486442446708679e-01 1.098569259047508240e-01 5.262951552867889404e-02 2.537556551396846771e-02 8.058658987283706665e-02 7.105176895856857300e-02 2.318846732378005981e-01 1.971319876611232758e-02 5.743739008903503418e-02 1.617847383022308350e-02 5.593056976795196533e-02 6.877856701612472534e-02 1.351367868483066559e-02 3.292543813586235046e-02 3.879817377310246229e-04 4.170247539877891541e-02 2.799044176936149597e-02 3.711679950356483459e-02 7.093925494700670242e-03 7.511394470930099487e-02 9.724739007651805878e-03 4.373771138489246368e-03 1.161239482462406158e-02 3.916780650615692139e-02 6.385896354913711548e-03 5.730278044939041138e-02 3.545090556144714355e-02 5.212166812270879745e-03 2.835742570459842682e-02 8.348197676241397858e-03 3.181504830718040466e-02 9.266270324587821960e-03 2.194786816835403442e-02 1.240302342921495438e-02 3.211044892668724060e-02 2.073287032544612885e-02 2.705273590981960297e-02 5.024942383170127869e-02 6.751014292240142822e-02 9.406279772520065308e-03 4.221094027161598206e-02 7.344257831573486328e-02 2.069147536531090736e-03 4.072163626551628113e-02 4.200020805001258850e-03 7.127346843481063843e-02 4.732191190123558044e-02 2.542786300182342529e-02 8.208704181015491486e-03 2.423045411705970764e-02 5.544220283627510071e-02 2.849732898175716400e-02 4.225278645753860474e-02 1.727965660393238068e-02 1.823715679347515106e-02 4.074984043836593628e-02 7.011134177446365356e-03 3.851340152323246002e-04 2.156268991529941559e-02 7.169281691312789917e-02 1.483789924532175064e-02 7.548893988132476807e-02 3.332494199275970459e-02 1.967835612595081329e-02 2.956637553870677948e-02 4.697757214307785034e-02 4.933385178446769714e-02 3.449419513344764709e-02 1.575462706387042999e-02 1.396774966269731522e-02 3.658145293593406677e-02 3.787009790539741516e-02 6.352910399436950684e-02 1.049063913524150848e-02 4.100682958960533142e-02 3.435603529214859009e-02 3.890713304281234741e-02 6.668403744697570801e-02
7.424905151128768921e-02 7.348814606666564941e-02 6.273876875638961792e-02 4.471539985388517380e-03 5.233771167695522308e-03 2.581504546105861664e-02 2.573433890938758850e-02 7.867649942636489868e-02 2.379513345658779144e-02 3.718677535653114319e-02 7.970956712961196899e-02 1.680528186261653900e-02 1.527511607855558395e-02 1.775213330984115601e-02 7.134263962507247925e-02 3.730874136090278625e-02 3.418440371751785278e-02 1.125573366880416870e-02 1.813377626240253448e-02 1.409382652491331100e-02 3.757069259881973267e-02 2.786099724471569061e-02 9.574309922754764557e-03 2.735156193375587463e-02 2.355527598410844803e-03 2.828599140048027039e-02 3.796451957896351814e-03 3.220052644610404968e-02 3.085807524621486664e-02 5.341291055083274841e-02 2.555766329169273376e-02 1.633175835013389587e-02 1.042177621275186539e-02 6.477546878159046173e-03 1.609877124428749084e-02 4.013207927346229553e-02 2.233017235994338989e-02 6.325045600533485413e-03 7.114966865628957748e-03 2.240562811493873596e-02 2.080150693655014038e-02 3.309704363346099854e-02 3.456843271851539612e-02 2.540609240531921387e-02 3.190864250063896179e-02 1.561246719211339951e-02 3.739063069224357605e-02 1.619397476315498352e-02 3.120249323546886444e-02 2.546066418290138245e-02 4.581343010067939758e-02 6.329810619354248047e-02 9.326706640422344208e-03 3.416806831955909729e-02 1.645287685096263885e-02 7.395801600068807602e-03 2.995505183935165405e-02 6.469488888978958130e-02 2.377978526055812836e-02 3.354547172784805298e-02 1.557003706693649292e-02 1.842817105352878571e-02 1.260935980826616287e-02 3.914881870150566101e-02 2.317137271165847778e-02 4.371310770511627197e-02 9.681265801191329956e-03 4.110863432288169861e-02 1.531996205449104309e-02 2.511971630156040192e-02 3.077465668320655823e-02 7.136445492506027222e-03 1.228480041027069092e-02 3.784057218581438065e-03 9.980631293728947639e-04 1.416251063346862793e-03 4.714540392160415649e-02 1.494658458977937698e-02 7.798717822879552841e-03 1.625018566846847534e-02 3.385265171527862549e-02 3.500914201140403748e-02 2.363946288824081421e-02 1.892376691102981567e-02 1.205286104232072830e-02 2.948678564280271530e-03 7.112909853458404541e-02 3.477310761809349060e-02 3.210094943642616272e-02 3.293087333440780640e-02 3.197042644023895264e-02 8.606610354036092758e-04 3.370471298694610596e-02 9.220721549354493618e-04 1.224601641297340393e-02 2.473726123571395874e-02 4.108139779418706894e-03 3.173452615737915039e-02 4.971465095877647400e-02 2.701083384454250336e-02 2.434321306645870209e-02 1.023599412292242050e-02 2.162476815283298492e-02 6.881831679493188858e-03 3.869481012225151062e-02 6.010800972580909729e-02 1.440084725618362427e-02 1.420106831938028336e-02 1.992470771074295044e-02 2.833717875182628632e-02 3.332315385341644287e-02 3.270517662167549133e-02 4.395149648189544678e-02 5.176590755581855774e-02 2.958276681602001190e-02 1.663444750010967255e-02
