1.950486600399017334e-01 1.436410695314407349e-01 3.491247445344924927e-02 2.809887938201427460e-02 2.274378575384616852e-02 1.430629640817642212e-01 1.056360304355621338e-01 6.244074553251266479e-02 2.773974277079105377e-02 1.645435206592082977e-02 1.085896864533424377e-01 1.687756553292274475e-02 9.966450184583663940e-02 2.768510766327381134e-02 4.016798362135887146e-02 2.305273152887821198e-02 5.578416585922241211e-02 2.839532680809497833e-02 2.812552452087402344e-02 2.780516818165779114e-02 1.721131429076194763e-02 3.078044950962066650e-02 3.931167721748352051e-02 5.201019812375307083e-03 2.836235240101814270e-02 3.083149343729019165e-02 2.810623124241828918e-02 4.346840828657150269e-02 4.970610141754150391e-02 6.240442395210266113e-02 5.049094185233116150e-02 5.525501444935798645e-02 7.028466556221246719e-03 5.469082668423652649e-02 1.905940659344196320e-02 4.030936583876609802e-02 1.829693838953971863e-02 4.947809129953384399e-02 5.919165909290313721e-02 4.297076910734176636e-02 3.339829668402671814e-02 4.914484545588493347e-02 5.513592436909675598e-02 5.339608341455459595e-02 3.210160136222839355e-02 4.273264482617378235e-02 1.029751449823379517e-01 8.988715708255767822e-02 5.585376918315887451e-02 2.261988632380962372e-02 2.387553080916404724e-02 2.471625059843063354e-02 3.567128628492355347e-02 4.836482461541891098e-03 7.449821382761001587e-02 1.629131846129894257e-02 7.374363392591476440e-02 9.066113270819187164e-04 3.820371814072132111e-03 8.012576960027217865e-03 5.677983164787292480e-02 9.978303685784339905e-03 1.385599933564662933e-02 3.940822090953588486e-03 5.368208512663841248e-02 7.415650412440299988e-03 4.090092703700065613e-02 2.855529636144638062e-02 3.644641488790512085e-02 1.534856203943490982e-02 1.071689557284116745e-02 4.852265119552612305e-02 3.138356143608689308e-03 1.346335373818874359e-02 2.062255702912807465e-02 2.369444258511066437e-02 2.359291911125183105e-02 1.328261289745569229e-02 1.118310447782278061e-02 4.123417288064956665e-02 3.740401193499565125e-02 1.297658309340476990e-02 5.665770918130874634e-02 3.335789963603019714e-02 5.712053552269935608e-02 1.340298540890216827e-02 1.159993000328540802e-03 5.179252475500106812e-02 3.907750546932220459e-02 4.580514878034591675e-02 4.348027706146240234e-02 5.502628162503242493e-02 6.926030665636062622e-02 7.007689774036407471e-02 4.020972177386283875e-02 6.308716256171464920e-03 9.096454828977584839e-03 3.637666348367929459e-03 2.240836806595325470e-02 1.733932271599769592e-02 2.496010251343250275e-02 9.377759881317615509e-03 5.381926149129867554e-02 6.482811272144317627e-02 7.992775179445743561e-03 1.850693952292203903e-03 1.358681917190551758e-02 1.657262817025184631e-02 7.057559676468372345e-03 9.491137228906154633e-03 9.742353111505508423e-03 2.379455976188182831e-02 8.196617476642131805e-03 2.634452469646930695e-02 4.050935676787048578e-04 1.350722857750952244e-03
1.436410695314407349e-01 1.807303428649902344e-01 3.545211628079414368e-02 5.760688334703445435e-02 2.310681529343128204e-02 1.316837817430496216e-01 1.345871835947036743e-01 6.064829602837562561e-02 5.538678169250488281e-02 1.488456968218088150e-03 8.461973816156387329e-02 4.100022464990615845e-02 1.109771504998207092e-01 3.087606467306613922e-02 3.530763089656829834e-02 5.581232160329818726e-02 8.103643357753753662e-02 8.969911374151706696e-03 4.450299590826034546e-02 1.455398369580507278e-02 4.540694504976272583e-02 8.312525227665901184e-03 6.204584240913391113e-02 2.157007157802581787e-02 2.764990180730819702e-02 1.531052496284246445e-02 1.533067133277654648e-02 6.601534038782119751e-02 6.673773378133773804e-02 7.565822452306747437e-02 5.598267540335655212e-02 3.498305380344390869e-02 1.404972933232784271e-02 5.877754092216491699e-02 8.883493021130561829e-03 4.639187455177307129e-02 4.731303080916404724e-02 4.170935973525047302e-02 5.368454754352569580e-02 4.575219377875328064e-02 1.073286589235067368e-02 4.134098067879676819e-02 7.493595778942108154e-02 1.614290103316307068e-02 6.508927792310714722e-02 2.809282764792442322e-02 1.042658388614654541e-01 9.932526201009750366e-02 4.693420231342315674e-02 1.556969899684190750e-02 2.875232324004173279e-02 3.290892927907407284e-04 2.219877019524574280e-02 1.590299047529697418e-02 7.278312742710113525e-02 1.570350676774978638e-02 1.311196363531053066e-03 4.895987361669540405e-02 1.991945132613182068e-02 9.403700940310955048e-03 4.258141666650772095e-02 8.985026739537715912e-03 1.401291042566299438e-02 2.781527861952781677e-02 2.417393960058689117e-02 8.630884811282157898e-03 4.678590595722198486e-02 4.362065345048904419e-02 7.096358388662338257e-02 4.837817326188087463e-02 8.131931535899639130e-03 2.551466785371303558e-02 3.326713293790817261e-02 3.151061013340950012e-02 6.242773309350013733e-02 7.756398618221282959e-02 1.842503435909748077e-02 4.931613337248563766e-03 2.610065415501594543e-02 4.540611431002616882e-02 2.577084861695766449e-02 2.890560030937194824e-02 1.666278019547462463e-02 2.239660918712615967e-02 4.435235261917114258e-02 7.679708302021026611e-03 2.367986179888248444e-02 4.751975461840629578e-02 1.343375444412231445e-02 6.425584852695465088e-02 7.657091319561004639e-02 8.441271260380744934e-03 5.464158207178115845e-02 3.536984696984291077e-02 4.107013344764709473e-03 3.616788983345031738e-02 5.017225071787834167e-02 3.345266357064247131e-02 2.305474877357482910e-02 4.632679745554924011e-02 2.158891223371028900e-02 8.237964473664760590e-03 4.142349958419799805e-02 7.219006866216659546e-02 2.906843088567256927e-02 1.565227657556533813e-02 3.704320639371871948e-02 5.918301641941070557e-02 7.336258888244628906e-03 1.602390408515930176e-02 1.297825854271650314e-02 2.291695214807987213e-02 2.092288993299007416e-02 3.239636868238449097e-02 6.815660279244184494e-03 4.237872734665870667e-02
3.491247445344924927e-02 3.545211628079414368e-02 9.378670156002044678e-02 9.076747298240661621e-02 1.138036176562309265e-01 4.505969956517219543e-02 1.227306388318538666e-02 1.413727551698684692e-01 2.742840722203254700e-02 3.017001040279865265e-02 3.160034865140914917e-02 1.807846501469612122e-02 2.297605760395526886e-02 7.811298221349716187e-02 2.174374461174011230e-02 4.727144539356231689e-02 4.453857988119125366e-02 8.101972937583923340e-02 5.771080777049064636e-02 3.244049847126007080e-02 3.166919574141502380e-02 2.913440577685832977e-02 2.955939434468746185e-02 3.625102713704109192e-02 5.099774524569511414e-02 4.762944579124450684e-02 7.560019195079803467e-02 9.630582481622695923e-02 5.397006124258041382e-02 4.357985034584999084e-02 1.806964725255966187e-02 1.926318183541297913e-02 2.687648497521877289e-02 4.190981853753328323e-03 6.976051256060600281e-03 5.413058772683143616e-02 5.556463263928890228e-03 3.331285715103149414e-02 1.509921345859766006e-02 1.943676359951496124e-02 8.811896666884422302e-03 2.140771970152854919e-02 1.706557720899581909e-02 1.846490949392318726e-01 5.562746152281761169e-02 2.217214740812778473e-02 4.103569686412811279e-02 4.604560136795043945e-02 1.153182331472635269e-02 8.663517981767654419e-02 7.330526411533355713e-02 7.416482083499431610e-03 6.236350536346435547e-02 2.725465409457683563e-02 1.177620980888605118e-02 1.879991032183170319e-02 3.242602944374084473e-02 1.957429014146327972e-02 1.969425007700920105e-02 1.182797830551862717e-03 5.044518969953060150e-03 3.133204206824302673e-02 8.677310310304164886e-03 6.588534265756607056e-02 2.032320201396942139e-02 4.967216402292251587e-03 2.294068457558751106e-03 3.745293943211436272e-03 4.631004482507705688e-02 7.146870717406272888e-03 8.455723524093627930e-02 6.087576970458030701e-02 9.646312333643436432e-03 8.814144879579544067e-03 4.456837847828865051e-02 1.147418282926082611e-02 5.358680337667465210e-02 1.021402925252914429e-01 1.067634150385856628e-01 7.187374681234359741e-02 2.059489488601684570e-01 8.779162168502807617e-02 9.188779443502426147e-02 5.766757950186729431e-02 4.539030417799949646e-02 2.317598834633827209e-02 6.254979968070983887e-02 2.178412675857543945e-02 3.782441467046737671e-02 3.022065944969654083e-02 6.515979021787643433e-02 6.502212584018707275e-02 3.562759235501289368e-02 3.013993427157402039e-02 3.679380193352699280e-02 7.872427254915237427e-02 5.192853510379791260e-03 2.949927933514118195e-02 3.731743991374969482e-02 2.137529477477073669e-02 1.822877489030361176e-02 4.291101358830928802e-03 9.853917174041271210e-03 5.959202721714973450e-02 2.184056304395198822e-02 3.767721354961395264e-02 1.983511447906494141e-02 6.920524686574935913e-02 4.133081063628196716e-03 1.560057047754526138e-02 5.536676570773124695e-02 1.778196357190608978e-02 9.500658139586448669e-03 1.708734035491943359e-02 3.303185477852821350e-02 5.029173567891120911e-02
2.809887938201427460e-02 5.760688334703445435e-02 9.076747298240661621e-02 1.534802317619323730e-01 3.439385294914245605e-01 1.475681178271770477e-02 1.452997606247663498e-02 4.113118723034858704e-02 5.334781482815742493e-02 5.274896323680877686e-02 2.011911384761333466e-02 6.763088051229715347e-03 6.334474775940179825e-03 1.670418679714202881e-02 5.695529282093048096e-02 6.163585558533668518e-02 7.164678722620010376e-02 2.088001929223537445e-02 7.807480636984109879e-03 1.242119353264570236e-02 3.550143167376518250e-02 1.391778793185949326e-02 3.269944339990615845e-02 2.355233021080493927e-02 1.441179402172565460e-02 3.034745901823043823e-02 1.050379425287246704e-01 4.319128766655921936e-02 2.922164462506771088e-02 4.376964177936315536e-03 6.699825637042522430e-03 4.662230610847473145e-02 4.435302689671516418e-02 2.502205781638622284e-02 6.985792424529790878e-03 3.707227483391761780e-02 2.411134913563728333e-02 1.362281590700149536e-01 3.123220987617969513e-02 3.062918595969676971e-02 1.355343870818614960e-02 5.793460831046104431e-02 2.747979946434497833e-02 6.293403357267379761e-02 2.642080187797546387e-02 5.820250511169433594e-02 1.499009970575571060e-02 1.474885456264019012e-02 8.812543004751205444e-03 1.363435834646224976e-01 8.400484174489974976e-02 8.373864740133285522e-02 2.072438597679138184e-02 5.346387252211570740e-02 8.244813233613967896e-02 2.986399456858634949e-02 6.571817398071289062e-02 2.655364200472831726e-02 4.670846462249755859e-02 2.412046678364276886e-02 2.020124532282352448e-02 5.115512385964393616e-02 1.775621622800827026e-01 6.329072173684835434e-03 5.297272000461816788e-04 3.176742047071456909e-02 2.911778911948204041e-02 7.090828567743301392e-02 4.162532091140747070e-02 9.449848905205726624e-03 9.745635092258453369e-02 5.493838340044021606e-02 1.137931272387504578e-01 5.172677338123321533e-02 6.540257483720779419e-02 5.644437298178672791e-02 9.040006995201110840e-02 8.396352827548980713e-02 1.788460090756416321e-02 1.131466478109359741e-01 1.675397343933582306e-02 4.240587353706359863e-02 2.008291035890579224e-01 9.647237509489059448e-02 3.858899325132369995e-02 1.960799284279346466e-02 1.372845564037561417e-02 3.220020979642868042e-02 1.947643235325813293e-02 1.984782330691814423e-02 3.422313928604125977e-02 1.950178481638431549e-02 3.158881515264511108e-02 3.926159814000129700e-02 1.160588860511779785e-02 6.715553253889083862e-02 8.678274601697921753e-02 3.737265989184379578e-02 5.663110315799713135e-02 3.074066527187824249e-02 7.585071492940187454e-03 1.620139367878437042e-02 6.916402280330657959e-02 2.083898149430751801e-02 2.725801430642604828e-02 1.332163717597723007e-02 2.040591277182102203e-02 7.584356516599655151e-02 2.063845470547676086e-02 5.252965912222862244e-02 3.023026697337627411e-02 7.540716789662837982e-03 7.031719386577606201e-02 1.367370225489139557e-02 3.176875412464141846e-02 8.518919348716735840e-02
2.274378575384616852e-02 2.310681529343128204e-02 1.138036176562309265e-01 3.439385294914245605e-01 1.395382136106491089e-01 1.638777367770671844e-02 1.338981650769710541e-02 3.346668556332588196e-02 5.056187044829130173e-03 3.301609307527542114e-02 2.910204976797103882e-02 1.011826749891042709e-02 1.935905776917934418e-02 5.697703361511230469e-02 3.372987359762191772e-02 5.483413115143775940e-02 1.923277787864208221e-02 2.670531906187534332e-02 8.563958108425140381e-02 5.870469659566879272e-02 5.687410011887550354e-02 3.198006376624107361e-02 7.678837329149246216e-02 6.181174516677856445e-02 2.747031114995479584e-02 2.746880427002906799e-02 6.493061035871505737e-02 1.021031662821769714e-01 4.848590865731239319e-02 3.813476860523223877e-02 2.908925898373126984e-02 3.485422953963279724e-02 4.912797734141349792e-02 5.071188136935234070e-02 3.353343158960342407e-02 6.889197230339050293e-02 4.448722302913665771e-02 6.181792914867401123e-02 9.823072701692581177e-02 1.293075531721115112e-01 4.008738696575164795e-02 7.508822530508041382e-02 7.535710930824279785e-02 5.872326344251632690e-02 9.498124569654464722e-02 3.553282469511032104e-02 6.656479090452194214e-03 4.602462798357009888e-02 6.548651494085788727e-03 9.955835342407226562e-02 5.176510196179151535e-03 3.157209604978561401e-02 2.311810292303562164e-02 8.653199300169944763e-03 4.852409660816192627e-02 3.905620425939559937e-02 2.759034000337123871e-02 6.943738088011741638e-03 5.234346166253089905e-02 5.689904093742370605e-02 4.766556899994611740e-03 1.157879084348678589e-02 4.671705514192581177e-02 1.329756621271371841e-02 2.106533385813236237e-02 3.250385448336601257e-02 3.132032230496406555e-02 2.264863112941384315e-03 5.814909562468528748e-02 4.025106504559516907e-02 1.447007209062576294e-01 7.268916815519332886e-03 6.987751275300979614e-02 4.432629048824310303e-02 9.729459881782531738e-02 6.990538537502288818e-02 7.521475106477737427e-02 1.077887862920761108e-01 2.594396285712718964e-02 3.897099941968917847e-02 3.559119068086147308e-03 5.416934192180633545e-02 2.857760153710842133e-02 1.514371037483215332e-01 3.505395725369453430e-02 9.272918105125427246e-03 2.716241963207721710e-02 1.497844327241182327e-02 4.225028678774833679e-02 1.293045375496149063e-02 3.148633241653442383e-02 1.296623982489109039e-02 2.893036790192127228e-02 9.541867300868034363e-03 5.083947628736495972e-02 7.191422395408153534e-03 5.143928807228803635e-03 2.823723107576370239e-02 3.035026416182518005e-02 8.497402071952819824e-02 4.279392585158348083e-02 2.354610711336135864e-02 1.702988520264625549e-02 4.331053793430328369e-02 2.796494867652654648e-03 3.241456300020217896e-02 1.662475056946277618e-03 3.196735680103302002e-02 4.661139100790023804e-03 4.330790042877197266e-02 3.788340091705322266e-02 4.357561096549034119e-02 2.173327840864658356e-02 7.024803012609481812e-02 4.147350788116455078e-02 7.087705284357070923e-02
1.430629640817642212e-01 1.316837817430496216e-01 4.505969956517219543e-02 1.475681178271770477e-02 1.638777367770671844e-02 1.901492625474929810e-01 1.370576322078704834e-01 5.434426292777061462e-02 3.913968056440353394e-02 8.595780469477176666e-03 1.171315610408782959e-01 7.222648710012435913e-02 8.055035024881362915e-02 4.924164712429046631e-02 6.110000889748334885e-03 4.581141099333763123e-02 6.774799525737762451e-02 2.477943152189254761e-02 3.612369671463966370e-02 3.292611613869667053e-02 3.708765283226966858e-02 7.644541561603546143e-03 5.915482714772224426e-02 2.932059392333030701e-02 4.355041310191154480e-02 1.489459653384983540e-03 1.857545599341392517e-02 6.961615383625030518e-02 5.578447133302688599e-02 7.896609604358673096e-02 3.184304758906364441e-02 6.434146314859390259e-02 4.721452295780181885e-02 4.559993743896484375e-02 5.129323340952396393e-03 5.468891933560371399e-03 2.102181687951087952e-02 5.698373913764953613e-02 6.412027031183242798e-02 2.207350730895996094e-02 1.501674577593803406e-02 9.066773578524589539e-03 1.043879240751266479e-01 4.585142433643341064e-02 3.573067486286163330e-02 7.235058583319187164e-03 1.445068567991256714e-01 1.119629740715026855e-01 3.514719754457473755e-02 1.527470722794532776e-02 2.209144271910190582e-02 3.719672188162803650e-02 2.008646167814731598e-02 5.373866856098175049e-02 2.083344943821430206e-02 2.658786624670028687e-02 6.196198239922523499e-02 3.497950732707977295e-02 3.478642925620079041e-02 1.460110303014516830e-02 3.641684725880622864e-02 2.492801100015640259e-02 3.769479691982269287e-02 5.486425012350082397e-02 5.286596715450286865e-02 1.196690183132886887e-02 1.903320662677288055e-02 1.214449293911457062e-02 4.390183836221694946e-02 4.203547257930040359e-03 2.653099130839109421e-03 3.906871378421783447e-02 3.230450442060828209e-03 2.061852626502513885e-02 6.314923521131277084e-03 2.063270471990108490e-02 2.021915465593338013e-02 2.875710651278495789e-02 2.657220698893070221e-02 3.626143559813499451e-03 1.667757891118526459e-02 3.695589676499366760e-02 4.283966496586799622e-02 2.489106170833110809e-02 5.505071207880973816e-02 2.325410954654216766e-03 1.131232362240552902e-02 5.740083009004592896e-02 4.047155007719993591e-02 1.009712275117635727e-02 3.772527351975440979e-02 6.504894793033599854e-02 6.571424007415771484e-02 3.759285062551498413e-02 3.077434748411178589e-02 4.192674905061721802e-02 4.179729893803596497e-02 1.285537239164113998e-02 2.949143759906291962e-02 2.844546921551227570e-03 1.791726984083652496e-02 3.409656509757041931e-02 3.786196559667587280e-02 1.002455055713653564e-01 2.641463465988636017e-02 5.285569466650485992e-03 2.971534617245197296e-02 5.481735337525606155e-03 1.191635616123676300e-02 3.837344422936439514e-02 4.161528777331113815e-03 2.276573330163955688e-02 2.150817587971687317e-02 1.846091821789741516e-02 2.534377761185169220e-02 4.003202170133590698e-02
1.056360304355621338e-01 1.345871835947036743e-01 1.227306388318538666e-02 1.452997606247663498e-02 1.338981650769710541e-02 1.370576322078704834e-01 1.846116185188293457e-01 4.010908305644989014e-02 1.113931089639663696e-02 2.757892571389675140e-02 7.948935031890869141e-02 4.227133840322494507e-02 7.324261218309402466e-02 8.883871883153915405e-02 2.640979178249835968e-02 4.747778549790382385e-02 6.221397593617439270e-02 1.848480664193630219e-02 1.085104700177907944e-02 7.034828304313123226e-04 3.869549185037612915e-02 2.186351269483566284e-02 5.000455677509307861e-02 4.374833405017852783e-02 8.610297925770282745e-03 4.610697552561759949e-02 2.018779702484607697e-02 2.411977201700210571e-02 3.059136122465133667e-02 1.606395700946450233e-03 5.935548245906829834e-02 4.338451102375984192e-02 8.682290092110633850e-03 2.133217267692089081e-02 1.106803864240646362e-02 6.042582169175148010e-02 8.011306636035442352e-03 2.044796571135520935e-02 4.711454734206199646e-02 8.711362257599830627e-03 3.713621757924556732e-03 1.985304988920688629e-02 8.101648092269897461e-02 1.417135726660490036e-02 5.528641119599342346e-02 2.988420240581035614e-02 1.027778387069702148e-01 1.007432565093040466e-01 6.139305885881185532e-03 1.114688254892826080e-02 6.668017245829105377e-03 3.275101259350776672e-02 3.467259556055068970e-02 4.559946060180664062e-02 1.352221891283988953e-02 1.383512094616889954e-02 3.793016448616981506e-02 3.818253800272941589e-02 2.780423685908317566e-02 1.558654289692640305e-02 2.176354639232158661e-02 3.144413931295275688e-03 2.179140411317348480e-02 2.867339178919792175e-03 2.868698164820671082e-02 2.481487579643726349e-02 3.727329522371292114e-02 2.595981024205684662e-02 6.520142406225204468e-02 2.529514313209801912e-04 5.750116426497697830e-03 4.845675453543663025e-02 2.112140320241451263e-02 4.400974139571189880e-03 1.178220100700855255e-02 2.803188515827059746e-03 3.777713747695088387e-03 4.202434048056602478e-02 1.497096102684736252e-02 2.411646395921707153e-02 3.624669089913368225e-02 8.440765552222728729e-03 1.860610954463481903e-02 1.974658295512199402e-02 3.905316442251205444e-02 3.609002381563186646e-02 2.267286647111177444e-03 2.747248299419879913e-02 3.978737443685531616e-02 5.771897267550230026e-03 6.874849647283554077e-02 2.998091280460357666e-02 7.152273505926132202e-02 2.488498762249946594e-02 3.584695979952812195e-02 3.133765980601310730e-02 2.549796132370829582e-03 1.269367337226867676e-02 2.010475657880306244e-02 2.030932810157537460e-03 1.851854845881462097e-02 8.184361271560192108e-03 1.645302213728427887e-02 3.713141754269599915e-02 1.603505015373229980e-02 1.156702358275651932e-02 2.173034660518169403e-02 4.186801239848136902e-02 9.015480987727642059e-03 1.600375631824135780e-03 4.792562127113342285e-02 4.610544815659523010e-02 3.395811095833778381e-02 2.431569434702396393e-02 6.840830296277999878e-02 7.745758164674043655e-03
6.244074553251266479e-02 6.064829602837562561e-02 1.413727551698684692e-01 4.113118723034858704e-02 3.346668556332588196e-02 5.434426292777061462e-02 4.010908305644989014e-02 1.055330410599708557e-01 6.415602564811706543e-02 2.750519663095474243e-02 5.439322814345359802e-02 1.025595050305128098e-02 5.008745193481445312e-02 7.034680247306823730e-02 8.998854458332061768e-02 1.359129138290882111e-02 3.139255568385124207e-03 8.681678771972656250e-02 2.513366378843784332e-02 4.570711031556129456e-02 4.696237295866012573e-02 1.362083479762077332e-02 3.488378599286079407e-02 5.098985880613327026e-02 1.387925446033477783e-02 4.050321504473686218e-02 7.205743808299303055e-03 9.033721871674060822e-03 3.386914730072021484e-02 1.471537048928439617e-03 4.345216974616050720e-02 4.696692526340484619e-02 9.137718006968498230e-03 9.207708761096000671e-03 1.094577182084321976e-02 9.431292861700057983e-02 5.544070899486541748e-02 2.598601020872592926e-02 3.398507088422775269e-02 5.283139646053314209e-02 1.594058051705360413e-02 4.034210462123155594e-03 2.018301747739315033e-02 2.204625681042671204e-02 7.100099325180053711e-02 1.099579595029354095e-02 1.663085818290710449e-02 5.118316039443016052e-04 2.926095761358737946e-02 4.251951724290847778e-02 5.817617475986480713e-02 2.503912150859832764e-02 9.264264954254031181e-04 7.969496771693229675e-03 4.022493958473205566e-03 3.643445298075675964e-02 5.139220133423805237e-02 1.636829972267150879e-02 3.013694193214178085e-03 9.775638580322265625e-03 1.012743334285914898e-03 4.851209931075572968e-03 5.726566910743713379e-02 1.563382707536220551e-02 3.947287052869796753e-02 2.215734124183654785e-02 5.339394882321357727e-02 8.112635463476181030e-02 7.622612174600362778e-03 2.232258208096027374e-02 1.559766288846731186e-02 5.128278862684965134e-03 1.373260747641324997e-02 3.739678114652633667e-02 3.084973618388175964e-02 3.998079523444175720e-02 4.071789234876632690e-02 3.873427957296371460e-02 4.894889146089553833e-02 5.123192071914672852e-02 1.150894239544868469e-01 7.955441623926162720e-02 9.806116670370101929e-02 3.586559370160102844e-02 2.680498361587524414e-02 8.128130808472633362e-03 8.257327973842620850e-02 3.762778127565979958e-03 2.759486436843872070e-02 2.961766719818115234e-02 8.682777173817157745e-03 2.553590387105941772e-02 4.918725229799747467e-03 1.146269962191581726e-02 2.183060720562934875e-02 3.394696488976478577e-02 4.388925060629844666e-02 8.043137192726135254e-02 4.473536089062690735e-02 3.652432933449745178e-02 4.579726234078407288e-02 1.732741482555866241e-02 5.981030315160751343e-02 2.348297089338302612e-02 3.568004071712493896e-02 6.542170047760009766e-02 6.199388951063156128e-02 6.976609677076339722e-02 4.953593015670776367e-03 2.652957476675510406e-02 4.897104110568761826e-03 1.087583228945732117e-02 2.500008419156074524e-02 2.417041361331939697e-02 6.633595377206802368e-02 4.866808280348777771e-02
2.773974277079105377e-02 5.538678169250488281e-02 2.742840722203254700e-02 5.334781482815742493e-02 5.056187044829130173e-03 3.913968056440353394e-02 1.113931089639663696e-02 6.415602564811706543e-02 1.428515762090682983e-01 4.310818016529083252e-02 3.997882083058357239e-02 9.975964203476905823e-03 8.282422088086605072e-03 7.215871661901473999e-02 1.928789191879332066e-03 5.225082859396934509e-03 7.774308323860168457e-03 8.420971781015396118e-02 3.697931766510009766e-02 2.290744148194789886e-02 4.332174733281135559e-02 5.630689114332199097e-02 8.983735740184783936e-02 7.120987027883529663e-02 4.535202309489250183e-02 3.765666857361793518e-02 5.115662515163421631e-02 7.269005477428436279e-02 3.335006162524223328e-02 1.360600162297487259e-02 1.075318083167076111e-03 2.378918416798114777e-02 2.620176039636135101e-02 3.478884696960449219e-02 2.185007091611623764e-03 7.698796689510345459e-02 1.338653545826673508e-02 1.353805605322122574e-02 2.722735144197940826e-02 6.074934825301170349e-02 5.504966154694557190e-02 1.410363242030143738e-02 4.301049187779426575e-02 1.204534806311130524e-02 1.057083532214164734e-02 1.361363101750612259e-02 2.208626270294189453e-02 2.738064527511596680e-02 7.506488263607025146e-02 1.730765961110591888e-02 4.198778048157691956e-02 3.554816823452711105e-03 5.097851157188415527e-02 3.246784955263137817e-02 1.582147628068923950e-01 3.105415496975183487e-03 7.072039693593978882e-02 6.584018468856811523e-02 9.892093017697334290e-03 1.040215604007244110e-02 7.905683666467666626e-02 2.246180362999439240e-02 6.304721534252166748e-02 2.485012263059616089e-02 3.569407761096954346e-02 4.321562871336936951e-02 6.497861817479133606e-03 4.989020526409149170e-02 8.665161579847335815e-02 1.161266234703361988e-03 1.050361711531877518e-02 1.986234448850154877e-02 3.491395711898803711e-02 2.364370971918106079e-02 4.736874252557754517e-02 2.884136140346527100e-02 2.150558382272720337e-01 8.638570457696914673e-02 8.983919769525527954e-02 8.364303968846797943e-03 9.572934359312057495e-04 4.473913088440895081e-02 1.023220941424369812e-01 2.972094900906085968e-02 9.921608120203018188e-02 4.088731110095977783e-02 1.086385548114776611e-02 2.139194682240486145e-02 2.896044962108135223e-02 5.507142469286918640e-02 1.462876703590154648e-02 2.049579098820686340e-02 3.112694248557090759e-02 4.843685030937194824e-02 3.466095775365829468e-02 4.764078184962272644e-03 1.623739674687385559e-02 7.989389449357986450e-02 7.221823930740356445e-02 4.386789724230766296e-02 3.244381770491600037e-02 3.002851642668247223e-02 1.073677688837051392e-01 3.185372427105903625e-02 8.489023149013519287e-02 6.808686256408691406e-02 5.128572136163711548e-02 2.356212027370929718e-02 3.228839254006743431e-03 2.142584882676601410e-02 3.062194585800170898e-02 6.013667955994606018e-02 5.795350298285484314e-02 1.415272615849971771e-02 6.431180238723754883e-02 8.758833631873130798e-03
1.645435206592082977e-02 1.488456968218088150e-03 3.017001040279865265e-02 5.274896323680877686e-02 3.301609307527542114e-02 8.595780469477176666e-03 2.757892571389675140e-02 2.750519663095474243e-02 4.310818016529083252e-02 1.225546672940254211e-01 1.251944899559020996e-02 4.913358762860298157e-02 2.139201015233993530e-02 1.563937962055206299e-02 1.731040701270103455e-02 1.817706786096096039e-02 1.050154911354184151e-03 5.337740108370780945e-02 8.879630267620086670e-02 2.478830702602863312e-02 6.340608000755310059e-03 3.174586966633796692e-02 1.632082276046276093e-02 6.161442399024963379e-02 1.598361320793628693e-02 2.417871914803981781e-02 2.359544299542903900e-02 3.134937211871147156e-02 4.660202190279960632e-02 1.997237280011177063e-02 1.663964986801147461e-02 1.711222901940345764e-02 1.016109157353639603e-02 3.200775384902954102e-02 1.985204778611660004e-02 4.689234495162963867e-02 2.123902086168527603e-03 4.117355495691299438e-02 2.238321863114833832e-02 5.947200581431388855e-02 2.277305722236633301e-02 2.069842070341110229e-02 5.441308766603469849e-02 1.045084819197654724e-01 6.211516633629798889e-02 5.598418414592742920e-02 3.861100226640701294e-02 4.218285903334617615e-02 1.969323493540287018e-02 7.990128546953201294e-02 1.180989202111959457e-02 1.016686577349901199e-02 2.484023012220859528e-02 7.484276592731475830e-02 1.902863150462508202e-03 3.637586161494255066e-02 2.225420437753200531e-02 4.276315122842788696e-02 3.348471224308013916e-02 3.935220465064048767e-02 1.735304482281208038e-02 6.003285199403762817e-02 5.110971629619598389e-02 3.169836476445198059e-02 6.772775086574256420e-04 9.707977063953876495e-03 2.495144959539175034e-03 1.521522831171751022e-02 4.843764379620552063e-02 4.487149044871330261e-02 3.077302686870098114e-02 4.269216954708099365e-02 5.640790611505508423e-02 4.126881062984466553e-02 3.815934760496020317e-03 6.601721048355102539e-02 3.173476457595825195e-02 1.722521781921386719e-01 6.896502804011106491e-03 5.146531388163566589e-02 2.797711081802845001e-02 2.071434259414672852e-02 3.485468775033950806e-02 8.790335059165954590e-02 3.904874250292778015e-02 8.420154452323913574e-02 8.419136516749858856e-03 3.667194396257400513e-02 4.898234084248542786e-02 1.454476173967123032e-02 4.802418127655982971e-02 2.953883074223995209e-02 4.361524805426597595e-02 2.855337038636207581e-02 1.757445978000760078e-03 5.274620652198791504e-02 6.596641987562179565e-02 3.093364415690302849e-03 4.609599709510803223e-02 5.918126553297042847e-02 7.267137058079242706e-03 5.019442737102508545e-02 5.443552136421203613e-02 4.730624612420797348e-03 3.126696124672889709e-02 6.423267722129821777e-02 5.535758286714553833e-02 9.446098469197750092e-03 3.261856362223625183e-02 3.539871051907539368e-02 1.985897682607173920e-02 1.482412125915288925e-02 9.873501956462860107e-03 4.484840482473373413e-02 4.370982758700847626e-03 3.682219609618186951e-02
1.085896864533424377e-01 8.461973816156387329e-02 3.160034865140914917e-02 2.011911384761333466e-02 2.910204976797103882e-02 1.171315610408782959e-01 7.948935031890869141e-02 5.439322814345359802e-02 3.997882083058357239e-02 1.251944899559020996e-02 1.538955867290496826e-01 2.749322727322578430e-02 9.325762093067169189e-02 2.350522950291633606e-02 1.014034822583198547e-01 3.746901871636509895e-03 2.315356768667697906e-02 3.062542527914047241e-02 1.927845180034637451e-02 1.966340653598308563e-02 4.296215623617172241e-02 5.171250179409980774e-02 1.792720146477222443e-02 6.719440687447786331e-03 5.404801294207572937e-02 1.374588813632726669e-02 4.216944053769111633e-02 2.754009887576103210e-02 2.194715291261672974e-02 3.685899823904037476e-02 2.078499644994735718e-02 4.809190705418586731e-02 3.002327680587768555e-02 2.767861448228359222e-02 1.835684105753898621e-02 1.771147921681404114e-02 1.156918797641992569e-02 4.888158664107322693e-02 7.075564563274383545e-02 6.781487166881561279e-02 3.672518581151962280e-02 2.271959371864795685e-02 4.270850121974945068e-02 6.113309785723686218e-02 9.454539394937455654e-05 5.209802184253931046e-03 8.480440825223922729e-02 6.213514506816864014e-02 3.302015364170074463e-02 9.792623110115528107e-03 1.950978673994541168e-02 3.395097702741622925e-02 9.544249624013900757e-03 9.686382487416267395e-03 2.090693078935146332e-02 1.568359322845935822e-03 4.439745564013719559e-03 3.021076088771224022e-03 2.292337454855442047e-02 1.114628161303699017e-03 5.280818417668342590e-02 4.566164687275886536e-02 2.088681980967521667e-02 1.355899404734373093e-02 8.179886639118194580e-02 3.276411071419715881e-02 1.315115368925035000e-03 3.416750207543373108e-02 1.892826147377490997e-02 4.137460887432098389e-02 4.253096133470535278e-02 3.296469897031784058e-02 6.900251843035221100e-03 2.421041391789913177e-02 7.638392597436904907e-02 1.818383112549781799e-03 1.148155052214860916e-02 2.528285607695579529e-02 3.927479311823844910e-02 6.555956602096557617e-02 6.659142673015594482e-03 5.349492654204368591e-02 2.957138419151306152e-02 4.072181135416030884e-02 3.837663680315017700e-02 3.241349756717681885e-02 5.956630408763885498e-02 6.401836872100830078e-02 3.893776237964630127e-02 3.427814319729804993e-02 4.154816269874572754e-02 7.809320837259292603e-02 6.269738823175430298e-02 1.135087106376886368e-02 1.094829104840755463e-02 2.121314592659473419e-02 2.422705665230751038e-02 1.240754779428243637e-02 2.802787907421588898e-02 7.212078664451837540e-03 1.301110256463289261e-02 1.146584842354059219e-02 2.515695057809352875e-02 2.357520721852779388e-02 4.135517403483390808e-02 1.832440029829740524e-03 3.196742758154869080e-02 4.683991521596908569e-02 1.258275099098682404e-02 1.927280239760875702e-02 1.074679940938949585e-02 2.499454654753208160e-02 1.548781711608171463e-02 2.705292776226997375e-02 9.023651480674743652e-03 4.295074380934238434e-03
1.687756553292274475e-02 4.100022464990615845e-02 1.807846501469612122e-02 6.763088051229715347e-03 1.011826749891042709e-02 7.222648710012435913e-02 4.227133840322494507e-02 1.025595050305128098e-02 9.975964203476905823e-03 4.913358762860298157e-02 2.749322727322578430e-02 1.656468361616134644e-01 1.964593864977359772e-02 3.188133239746093750e-01 3.338053822517395020e-02 1.206553820520639420e-02 6.072203628718852997e-03 4.815940931439399719e-02 9.555001743137836456e-03 3.429116681218147278e-02 4.384540952742099762e-03 2.412941493093967438e-02 1.971830576658248901e-01 7.145795971155166626e-02 9.408242069184780121e-03 5.136291682720184326e-02 1.487494353204965591e-02 1.945198923349380493e-01 3.453366085886955261e-02 1.290909796953201294e-01 6.320785265415906906e-03 6.031021848320960999e-02 9.208944439888000488e-02 1.866550301201641560e-03 3.738777339458465576e-02 2.834212034940719604e-02 1.713797263801097870e-02 2.401944808661937714e-02 9.550483897328376770e-03 3.252949565649032593e-02 7.857808470726013184e-02 5.392397753894329071e-03 4.836678970605134964e-03 1.763010397553443909e-03 1.985609829425811768e-01 6.246832013130187988e-02 9.617383591830730438e-03 2.590956166386604309e-02 9.779653511941432953e-03 7.623331993818283081e-02 2.147542126476764679e-02 1.020351797342300415e-01 8.671364746987819672e-03 1.902052201330661774e-02 2.886090055108070374e-02 5.214636027812957764e-02 5.106634274125099182e-02 3.674130141735076904e-02 4.153677448630332947e-02 3.437277674674987793e-02 7.284773141145706177e-02 2.329471288248896599e-03 2.699159272015094757e-02 2.097984775900840759e-03 1.021213736385107040e-02 5.523710697889328003e-02 2.054369635879993439e-02 1.341210678219795227e-03 6.473457068204879761e-02 7.085531018674373627e-03 3.549556806683540344e-02 2.516740188002586365e-02 5.674026533961296082e-02 6.215079501271247864e-02 4.363014549016952515e-02 3.873291611671447754e-02 5.433597788214683533e-02 2.182951569557189941e-02 1.005800161510705948e-02 5.279653519392013550e-02 8.520304411649703979e-02 3.207812458276748657e-02 9.467915631830692291e-03 2.971954829990863800e-02 2.252128347754478455e-02 8.998225443065166473e-03 8.185897022485733032e-03 1.915401406586170197e-02 2.827412076294422150e-02 3.748865798115730286e-02 6.053481716662645340e-03 3.798987343907356262e-02 5.040043219923973083e-02 1.335805561393499374e-02 6.006896495819091797e-02 2.787296101450920105e-02 5.368688330054283142e-02 1.873485557734966278e-02 4.616742953658103943e-02 1.388482376933097839e-02 7.188651710748672485e-03 2.558767423033714294e-02 2.270412631332874298e-02 3.221671283245086670e-02 3.210419788956642151e-02 7.567381951957941055e-03 4.962038714438676834e-03 5.999923124909400940e-02 3.885802254080772400e-02 2.096698433160781860e-02 5.823675915598869324e-02 9.238696098327636719e-02 2.786782756447792053e-02 4.595860838890075684e-02 9.803241491317749023e-02 5.486710742115974426e-02
9.966450184583663940e-02 1.109771504998207092e-01 2.297605760395526886e-02 6.334474775940179825e-03 1.935905776917934418e-02 8.055035024881362915e-02 7.324261218309402466e-02 5.008745193481445312e-02 8.282422088086605072e-03 2.139201015233993530e-02 9.325762093067169189e-02 1.964593864977359772e-02 1.465715318918228149e-01 2.277351450175046921e-03 1.024644449353218079e-01 9.939573938027024269e-04 2.589130960404872894e-02 2.355186454951763153e-02 5.588436033576726913e-03 6.905782967805862427e-02 5.892826616764068604e-02 5.714144557714462280e-02 4.019926488399505615e-02 3.674891218543052673e-02 6.146449595689773560e-02 1.962992176413536072e-02 2.582751587033271790e-02 3.541724756360054016e-02 8.558898232877254486e-03 3.671950846910476685e-02 2.347727678716182709e-02 5.439617205411195755e-03 4.013400152325630188e-02 1.774479448795318604e-02 1.564162410795688629e-02 2.950397320091724396e-02 4.343407228589057922e-02 9.969211183488368988e-03 4.987053573131561279e-02 2.078653499484062195e-02 1.533086411654949188e-02 1.496223360300064087e-02 4.150105174630880356e-03 6.361991912126541138e-02 4.666878283023834229e-02 1.473108399659395218e-02 5.514203757047653198e-02 4.925801977515220642e-02 1.765712862834334373e-03 1.988042704761028290e-02 9.334739297628402710e-03 1.523379050195217133e-02 1.504922751337289810e-02 4.037513211369514465e-02 2.147122658789157867e-02 2.452090149745345116e-03 4.449487314559519291e-04 3.282868862152099609e-02 6.928417860763147473e-05 2.173819951713085175e-02 2.027313411235809326e-02 1.664317212998867035e-02 1.630672067403793335e-02 1.304197032004594803e-02 5.068802461028099060e-02 5.169055983424186707e-02 1.300624292343854904e-02 4.820391535758972168e-02 6.091319490224123001e-03 2.160123921930789948e-02 3.522533178329467773e-02 1.809686049818992615e-02 9.557848796248435974e-03 2.754999510943889618e-02 2.397058904170989990e-02 2.030138112604618073e-02 1.830979995429515839e-02 3.889451920986175537e-02 2.350554801523685455e-03 2.706190757453441620e-02 1.965895760804414749e-03 3.157921880483627319e-02 5.263596773147583008e-02 7.261615712195634842e-03 3.210343420505523682e-02 9.554258547723293304e-03 3.979867324233055115e-02 5.072500556707382202e-02 1.872872747480869293e-02 2.681009471416473389e-02 3.934573009610176086e-02 4.094073176383972168e-02 4.707867652177810669e-02 1.705452986061573029e-02 1.641685888171195984e-02 4.895543213933706284e-03 2.063710615038871765e-02 3.797356039285659790e-03 3.190482780337333679e-02 1.232225168496370316e-02 2.394476532936096191e-02 7.325436454266309738e-03 4.516910761594772339e-03 7.201591134071350098e-02 5.320256110280752182e-03 1.533671747893095016e-02 2.894024737179279327e-02 2.121479483321309090e-03 1.753542199730873108e-02 2.399835176765918732e-02 6.852559745311737061e-03 1.152922585606575012e-02 2.804440446197986603e-02 1.817068271338939667e-02 3.400347009301185608e-02 5.355097353458404541e-03
