1.269144415855407715e-01 1.656585633754730225e-01 4.426684603095054626e-02 4.323487635701894760e-03 3.572667017579078674e-02 1.432190984487533569e-01 3.959824889898300171e-02 1.167052239179611206e-02 1.304431119933724403e-03 5.865390598773956299e-02 1.858903467655181885e-01 2.749872580170631409e-02 1.603186279535293579e-01 2.832343243062496185e-02 5.832592397928237915e-02 2.813179418444633484e-02 2.706431411206722260e-02 4.007884487509727478e-02 4.605763033032417297e-02 2.567155659198760986e-02 3.046621568500995636e-02 7.547088712453842163e-02 6.646086275577545166e-02 3.809696808457374573e-02 2.701586671173572540e-02 4.608100652694702148e-02 1.784207113087177277e-02 4.878726787865161896e-03 4.424080625176429749e-02 8.575712889432907104e-02 5.644610151648521423e-02 1.402521412819623947e-02 1.965694501996040344e-02 1.931911706924438477e-02 2.696263976395130157e-02 4.742559418082237244e-02 1.113559817895293236e-03 1.904475130140781403e-02 3.930965065956115723e-02 3.682851791381835938e-02 2.475177310407161713e-02 1.255060895346105099e-03 1.966810226440429688e-02 2.815437130630016327e-02 3.956360369920730591e-02 4.115576297044754028e-02 9.825244545936584473e-02 2.494625560939311981e-02 4.150515422224998474e-02 2.755974978208541870e-02 2.231888286769390106e-02 4.282902553677558899e-02 2.939376048743724823e-02 1.304850727319717407e-02 2.797546423971652985e-02 2.151612751185894012e-02 2.948402985930442810e-02 1.540236733853816986e-02 1.774663478136062622e-02 4.963931068778038025e-02 2.471305802464485168e-02 2.095047943294048309e-02 9.747536852955818176e-03 2.360371500253677368e-02 1.774988882243633270e-02 8.027997799217700958e-03 1.592182740569114685e-02 1.234461832791566849e-02 2.235366217792034149e-02 3.321261703968048096e-02 4.517750814557075500e-02 2.026861160993576050e-02 1.495194592280313373e-04 6.419892888516187668e-03 2.261816337704658508e-02 2.146457321941852570e-02 4.578101262450218201e-02 2.206290140748023987e-02 4.677516967058181763e-02 2.859347686171531677e-02 2.892327681183815002e-02 3.646089136600494385e-02 1.543195080012083054e-02 1.897365786135196686e-02 6.857876479625701904e-02 4.193648323416709900e-02 1.724165864288806915e-02 5.706344172358512878e-02 2.249389514327049255e-02 2.723824046552181244e-02 5.616376921534538269e-02 9.975864551961421967e-03 7.708879560232162476e-02 7.233045250177383423e-02 1.317584421485662460e-02 1.656323112547397614e-02 3.943508118391036987e-02 2.336817979812622070e-02 7.038194453343749046e-04 4.394373670220375061e-02 2.317840419709682465e-02 2.934748539701104164e-03 6.977854669094085693e-02 2.528473362326622009e-02 1.399725442752242088e-04 9.322281926870346069e-03 3.962533175945281982e-02 5.333740636706352234e-02 3.255798295140266418e-02 1.256835926324129105e-02 2.608938887715339661e-02 9.309313260018825531e-03 3.465947881340980530e-02 2.619376964867115021e-02 1.981172524392604828e-02 1.370841730386018753e-02
1.656585633754730225e-01 1.277243942022323608e-01 1.720398780889809132e-03 1.678999513387680054e-02 3.519887849688529968e-02 1.128149181604385376e-01 9.645289927721023560e-02 1.901688985526561737e-02 2.041312167420983315e-03 4.739322885870933533e-02 1.606668382883071899e-01 1.364281401038169861e-02 2.031075060367584229e-01 1.143452897667884827e-02 3.968013077974319458e-02 2.231316268444061279e-02 2.551169134676456451e-03 3.171941265463829041e-02 5.872223898768424988e-02 6.287555396556854248e-02 6.897895783185958862e-02 5.609836056828498840e-02 3.281107917428016663e-02 2.908139303326606750e-02 4.813831672072410583e-02 6.226518657058477402e-03 4.637579619884490967e-02 8.938920684158802032e-03 8.307535201311111450e-02 7.048119604587554932e-02 3.270203992724418640e-02 3.196639299858361483e-04 1.960385777056217194e-02 3.350473567843437195e-02 2.660456486046314240e-02 4.264027252793312073e-02 7.017552852630615234e-02 1.719719544053077698e-02 2.754393778741359711e-02 2.291781129315495491e-03 9.073263965547084808e-03 1.759809628129005432e-02 1.742177456617355347e-02 2.138769067823886871e-02 5.914024263620376587e-02 5.990592762827873230e-02 4.251959919929504395e-02 3.428382053971290588e-02 1.956378854811191559e-02 4.088729247450828552e-02 1.280490867793560028e-02 3.858432173728942871e-02 6.215483299456536770e-04 3.583750128746032715e-02 1.832474255934357643e-03 7.052921690046787262e-03 2.946592122316360474e-02 3.491557016968727112e-02 8.399404585361480713e-03 6.160885095596313477e-02 4.894286766648292542e-02 3.798060864210128784e-02 1.291858684271574020e-02 2.442908287048339844e-02 2.221751213073730469e-02 4.502343386411666870e-02 1.140306238085031509e-02 2.915179915726184845e-02 3.740461543202400208e-02 1.707366667687892914e-02 1.104178186506032944e-02 1.004667859524488449e-02 4.466464277356863022e-03 2.697870507836341858e-02 1.004667300730943680e-02 3.874254599213600159e-02 1.344638131558895111e-02 3.404594585299491882e-02 3.194295242428779602e-02 3.158032521605491638e-02 1.837002485990524292e-02 5.305040627717971802e-03 3.767276182770729065e-02 1.667053252458572388e-02 4.802143946290016174e-02 6.033102050423622131e-02 4.365773126482963562e-02 8.404515683650970459e-02 6.226331461220979691e-03 3.972382843494415283e-02 9.056805633008480072e-03 5.010810494422912598e-02 1.867842115461826324e-02 4.244106635451316833e-02 4.520869255065917969e-02 2.125284401699900627e-03 5.016958341002464294e-02 2.925169095396995544e-02 3.368806838989257812e-02 4.667043685913085938e-02 7.404743134975433350e-02 2.050177380442619324e-02 5.665228515863418579e-02 3.956255316734313965e-02 2.889654971659183502e-02 5.423933267593383789e-03 2.973316796123981476e-02 6.173404678702354431e-02 4.844578728079795837e-02 2.321051806211471558e-02 1.261230465024709702e-02 8.122432976961135864e-03 4.000973701477050781e-02 5.599857121706008911e-02 4.280067235231399536e-02 2.664417028427124023e-02
4.426684603095054626e-02 1.720398780889809132e-03 2.227609604597091675e-02 5.193051323294639587e-02 5.787924677133560181e-02 9.248634800314903259e-03 3.124267980456352234e-02 1.658628433942794800e-01 5.917129293084144592e-02 5.522663518786430359e-02 1.579439081251621246e-02 3.754140064120292664e-02 2.165053412318229675e-02 2.782141556963324547e-03 4.718491435050964355e-02 1.332102566957473755e-01 1.331293582916259766e-01 1.589107699692249298e-02 1.232141256332397461e-02 3.425557538866996765e-02 2.852162159979343414e-02 1.835942268371582031e-02 5.964477360248565674e-02 7.499413564801216125e-03 5.348407849669456482e-02 1.866692118346691132e-02 1.030638068914413452e-02 1.093982718884944916e-02 9.625840932130813599e-03 5.496694147586822510e-02 3.656328096985816956e-02 6.381178973242640495e-04 6.233546137809753418e-02 2.469078078866004944e-02 2.106398716568946838e-02 3.550987318158149719e-02 3.837013617157936096e-02 1.184706948697566986e-02 4.267908632755279541e-02 1.784610375761985779e-02 2.488829381763935089e-02 3.892127797007560730e-02 6.193813681602478027e-02 1.621464490890502930e-01 1.388376764953136444e-02 7.195352227427065372e-04 1.292481832206249237e-02 1.177298557013273239e-02 3.916257619857788086e-02 9.420827962458133698e-03 8.845053613185882568e-02 1.014227196574211121e-01 2.817142941057682037e-02 7.545282691717147827e-02 5.876616109162569046e-03 4.736670758575201035e-03 5.833632126450538635e-02 7.522038184106349945e-03 7.999180816113948822e-03 4.518440365791320801e-02 2.954231575131416321e-03 3.529971837997436523e-02 7.279707584530115128e-03 6.052757427096366882e-02 8.826003409922122955e-03 4.418253898620605469e-03 8.793416433036327362e-03 2.133592404425144196e-02 6.446544080972671509e-02 7.639651745557785034e-02 3.203921485692262650e-03 1.616621017456054688e-02 7.532043009996414185e-02 5.310269072651863098e-02 1.456223614513874054e-02 4.731665831059217453e-03 1.820245198905467987e-02 1.995938131585717201e-03 4.452944733202457428e-03 2.551881410181522369e-02 6.331857293844223022e-03 4.239013418555259705e-02 4.285981878638267517e-02 3.870180249214172363e-02 7.521140575408935547e-02 7.589691877365112305e-02 1.140979398041963577e-02 4.664141684770584106e-02 3.445632755756378174e-02 1.622641459107398987e-02 5.035487189888954163e-02 3.403070569038391113e-02 3.839490935206413269e-02 1.948835677467286587e-03 1.379191428422927856e-01 3.019931958988308907e-03 1.439662836492061615e-02 7.448733597993850708e-02 4.280588775873184204e-02 1.510571455582976341e-03 4.028705880045890808e-02 4.101685807108879089e-02 1.635166630148887634e-02 5.401717498898506165e-02 5.871190503239631653e-02 6.307134777307510376e-02 6.109503656625747681e-02 1.604626700282096863e-02 2.128225937485694885e-02 5.735425651073455811e-02 7.483864575624465942e-02 2.424360252916812897e-03 5.146808549761772156e-02 6.950571388006210327e-02 5.260796099901199341e-02 1.235670223832130432e-01
4.323487635701894760e-03 1.678999513387680054e-02 5.193051323294639587e-02 3.241350874304771423e-02 1.158908009529113770e-01 4.228963330388069153e-02 7.896242290735244751e-02 7.955762743949890137e-02 1.801423169672489166e-02 2.531230635941028595e-02 1.038646604865789413e-02 5.287629365921020508e-02 1.447988860309123993e-02 1.990507729351520538e-02 1.252565383911132812e-01 6.710853427648544312e-02 1.918170601129531860e-02 6.422753632068634033e-02 4.074285551905632019e-02 2.884295396506786346e-02 5.717231333255767822e-02 5.978531017899513245e-02 2.825251035392284393e-02 5.911032110452651978e-02 1.313414686592295766e-04 3.145894780755043030e-02 3.485943423584103584e-03 6.612388789653778076e-02 1.344666071236133575e-02 4.998704046010971069e-02 4.028809443116188049e-02 3.683040849864482880e-03 2.690312638878822327e-02 5.366802588105201721e-02 5.211475491523742676e-02 5.226459726691246033e-02 4.629646614193916321e-02 6.704375892877578735e-02 3.719310276210308075e-03 5.492557585239410400e-02 4.225477203726768494e-02 2.938175573945045471e-02 4.382331669330596924e-02 1.151905488222837448e-02 1.123026479035615921e-02 3.516882890835404396e-03 5.759613215923309326e-02 5.220137909054756165e-02 3.225785121321678162e-02 1.434905268251895905e-02 2.143953926861286163e-02 3.706537932157516479e-02 7.038690149784088135e-03 1.754723303020000458e-02 6.614618003368377686e-02 6.015669554471969604e-02 1.334142219275236130e-02 8.260856568813323975e-02 1.033342480659484863e-01 2.000959217548370361e-02 4.282908514142036438e-02 1.512482482939958572e-02 6.748726125806570053e-03 1.091167517006397247e-02 2.831079438328742981e-02 4.019765183329582214e-02 2.660995163023471832e-02 6.590458005666732788e-02 1.116742379963397980e-02 6.073880568146705627e-02 3.487053513526916504e-02 5.067913234233856201e-02 2.619124054908752441e-01 5.121260508894920349e-02 1.765756634995341301e-03 1.571694761514663696e-02 7.003122568130493164e-02 2.521199174225330353e-02 3.888365172315388918e-04 2.425991557538509369e-02 2.231145463883876801e-02 1.974143460392951965e-02 1.693930178880691528e-01 3.304414451122283936e-02 1.154318358749151230e-02 3.307308070361614227e-03 3.849346563220024109e-02 4.726594686508178711e-02 5.346735473722219467e-03 2.026838622987270355e-02 3.129937499761581421e-02 1.899068243801593781e-02 1.071486971341073513e-03 2.978255040943622589e-02 1.023045480251312256e-01 4.794254433363676071e-03 9.447570145130157471e-02 4.088502004742622375e-02 8.070986717939376831e-03 1.313028670847415924e-02 2.601754106581211090e-02 2.088776044547557831e-02 2.824357897043228149e-02 1.378279272466897964e-02 1.766932196915149689e-02 5.607949104160070419e-03 6.891123950481414795e-02 1.063141748309135437e-01 3.654665313661098480e-03 9.631697833538055420e-02 1.785614178515970707e-03 4.250258579850196838e-02 1.563130319118499756e-02 2.363346889615058899e-02 5.067940428853034973e-02 2.837743144482374191e-03
3.572667017579078674e-02 3.519887849688529968e-02 5.787924677133560181e-02 1.158908009529113770e-01 8.001284301280975342e-02 3.389598336070775986e-03 2.359413541853427887e-02 9.775172173976898193e-02 8.330553770065307617e-02 1.940802857279777527e-02 5.706436466425657272e-03 8.311048150062561035e-04 2.391361445188522339e-02 4.048570990562438965e-02 6.069638580083847046e-02 5.023970827460289001e-02 9.206634759902954102e-02 8.168467320501804352e-03 1.011632308363914490e-01 2.770661935210227966e-02 7.225111126899719238e-02 3.141043707728385925e-04 4.987158626317977905e-02 2.230617217719554901e-02 1.327596139162778854e-02 5.310627445578575134e-02 2.348385564982891083e-02 2.571739628911018372e-02 3.322252258658409119e-02 1.659224554896354675e-02 1.783148013055324554e-02 5.221376940608024597e-02 4.453778639435768127e-02 2.386589907109737396e-02 1.153514720499515533e-02 5.558138340711593628e-02 1.332797575742006302e-02 2.476578578352928162e-02 7.920266687870025635e-02 6.915508210659027100e-02 4.363144561648368835e-02 5.269194953143596649e-03 1.680830679833889008e-02 1.913182623684406281e-02 2.509702928364276886e-03 2.115991339087486267e-02 3.340108692646026611e-02 1.332899276167154312e-02 3.265554085373878479e-02 3.215001150965690613e-02 5.333233252167701721e-02 3.554576635360717773e-02 6.489285826683044434e-02 3.934116289019584656e-02 9.352866560220718384e-02 7.461577653884887695e-03 6.370300054550170898e-02 3.147394582629203796e-02 1.288295537233352661e-02 7.607470452785491943e-02 2.333293110132217407e-02 9.446299821138381958e-02 1.768884435296058655e-02 2.231644652783870697e-02 1.260022632777690887e-02 1.871453225612640381e-02 2.691662125289440155e-02 5.464408919215202332e-02 4.043323546648025513e-02 4.108764231204986572e-02 5.097665637731552124e-02 3.441866859793663025e-02 1.965378224849700928e-02 2.646965207532048225e-03 1.448307782411575317e-01 3.250537812709808350e-02 6.683342158794403076e-02 1.430842373520135880e-02 3.794551268219947815e-02 4.128639027476310730e-02 1.475756466388702393e-01 7.161372154951095581e-02 1.253777295351028442e-01 1.479668468236923218e-01 5.969721451401710510e-02 5.195369198918342590e-02 2.899355068802833557e-02 6.880652159452438354e-03 3.284182399511337280e-02 3.106959536671638489e-02 1.098291575908660889e-02 1.446517300792038441e-03 2.949211187660694122e-02 3.122774884104728699e-02 1.734355278313159943e-02 5.451265349984169006e-02 3.081166930496692657e-02 8.039813488721847534e-03 1.484286272898316383e-03 2.317319624125957489e-02 6.078539043664932251e-02 5.897554010152816772e-02 1.113135181367397308e-02 1.663631014525890350e-02 5.398586019873619080e-02 2.546042762696743011e-02 3.343345224857330322e-02 8.184526115655899048e-02 2.247822703793644905e-03 3.878044337034225464e-02 8.604504913091659546e-02 1.463412959128618240e-02 4.687413945794105530e-02 1.118193194270133972e-02 8.894149214029312134e-02 1.009878665208816528e-01
1.432190984487533569e-01 1.128149181604385376e-01 9.248634800314903259e-03 4.228963330388069153e-02 3.389598336070775986e-03 1.013435348868370056e-01 2.330878674983978271e-01 9.383403696119785309e-03 3.528504446148872375e-02 9.778548032045364380e-03 1.260286122560501099e-01 3.495939448475837708e-02 1.187019944190979004e-01 2.658155560493469238e-02 6.672441214323043823e-02 1.304537151008844376e-02 6.975420564413070679e-02 3.513318300247192383e-02 9.016375057399272919e-03 1.435468089766800404e-03 4.318232834339141846e-02 9.303015470504760742e-02 3.039737232029438019e-02 2.309765107929706573e-02 1.018646918237209320e-02 2.213022112846374512e-02 3.211707994341850281e-02 1.588774612173438072e-03 7.048516534268856049e-03 4.288446903228759766e-02 9.833309799432754517e-03 4.135831817984580994e-02 4.613665863871574402e-02 2.124131843447685242e-02 4.041812941431999207e-02 6.103571504354476929e-02 3.864226862788200378e-02 7.425080239772796631e-02 2.133184298872947693e-02 2.010541595518589020e-02 2.226157672703266144e-02 2.289381809532642365e-02 2.772384323179721832e-02 6.890834122896194458e-02 4.615654051303863525e-02 5.984128266572952271e-02 1.414829790592193604e-01 3.497641533613204956e-02 2.666438370943069458e-02 2.908443845808506012e-02 2.513156458735466003e-02 3.500621067360043526e-03 1.533284597098827362e-02 1.704385504126548767e-02 8.503504097461700439e-03 7.186511158943176270e-02 2.754542510956525803e-03 3.941763192415237427e-02 1.940739899873733521e-02 8.271139813587069511e-04 3.633053973317146301e-02 6.876759231090545654e-02 4.085673391819000244e-02 1.488839928060770035e-02 5.362530425190925598e-02 2.333723194897174835e-02 4.212078824639320374e-02 2.178394235670566559e-02 3.592826053500175476e-02 2.967093326151371002e-02 6.021882966160774231e-02 6.950806127861142159e-04 2.837696485221385956e-02 8.281741291284561157e-03 6.999402493238449097e-02 1.273416727781295776e-02 4.839726537466049194e-02 9.918889030814170837e-03 1.103275362402200699e-02 1.488572172820568085e-02 3.528967127203941345e-02 5.226578097790479660e-03 1.645039021968841553e-02 5.540845543146133423e-02 2.058497816324234009e-02 7.772433012723922729e-02 2.626728452742099762e-02 2.301767235621809959e-03 5.142794176936149597e-02 2.575796283781528473e-02 3.105528838932514191e-02 1.814382337033748627e-02 1.746989414095878601e-02 3.532725945115089417e-02 2.366068400442600250e-02 3.405601531267166138e-02 5.862270668148994446e-02 2.423496916890144348e-02 4.090518131852149963e-02 3.322499245405197144e-02 2.131797559559345245e-02 2.349033951759338379e-02 2.625669911503791809e-02 2.397760748863220215e-02 1.357008237391710281e-02 4.153963923454284668e-02 1.839220896363258362e-02 6.438335776329040527e-02 5.485976487398147583e-02 6.435824185609817505e-02 3.289891756139695644e-04 5.024057626724243164e-02 3.660999238491058350e-02 3.134560212492942810e-02 3.040470555424690247e-02 3.009374253451824188e-02
3.959824889898300171e-02 9.645289927721023560e-02 3.124267980456352234e-02 7.896242290735244751e-02 2.359413541853427887e-02 2.330878674983978271e-01 1.046335771679878235e-01 2.152551338076591492e-02 4.842058941721916199e-02 7.046569138765335083e-02 7.191288471221923828e-02 2.164309844374656677e-02 1.007081195712089539e-01 4.898077994585037231e-02 4.996315762400627136e-02 2.462348155677318573e-02 8.011255413293838501e-02 2.674892544746398926e-02 1.031351741403341293e-02 2.623244747519493103e-02 3.557344526052474976e-02 4.261842370033264160e-02 1.667384291067719460e-03 6.257391721010208130e-02 3.408614778891205788e-03 9.208637475967407227e-02 2.498031593859195709e-02 6.683909334242343903e-03 4.503662139177322388e-02 6.228780373930931091e-02 7.008969783782958984e-02 2.909451490268111229e-03 4.063646495342254639e-02 2.092167548835277557e-02 3.845396637916564941e-02 3.195138275623321533e-02 5.921089649200439453e-02 6.651160866022109985e-02 1.287250686436891556e-02 2.937911823391914368e-02 4.726357385516166687e-02 1.080747577361762524e-03 2.768222801387310028e-02 6.824830174446105957e-02 1.609831862151622772e-02 5.193053558468818665e-02 1.059877723455429077e-01 8.945742249488830566e-02 3.468532348051667213e-03 4.679126664996147156e-03 6.377201993018388748e-03 3.317794576287269592e-02 4.216568171977996826e-02 9.154926054179668427e-03 4.203319549560546875e-02 1.066901814192533493e-02 2.256931364536285400e-02 2.185024507343769073e-02 4.069754481315612793e-02 3.019955381751060486e-02 1.138069946318864822e-02 6.178335286676883698e-03 2.037688530981540680e-02 3.085712529718875885e-02 1.084743440151214600e-02 3.798944875597953796e-02 5.499675404280424118e-03 5.981191992759704590e-02 1.063761301338672638e-02 1.321195904165506363e-02 1.304252073168754578e-02 4.052316024899482727e-02 4.284223169088363647e-02 8.340502530336380005e-02 3.750423435121774673e-03 6.181089207530021667e-02 1.026612799614667892e-02 6.872902810573577881e-02 2.467119693756103516e-02 2.519377321004867554e-02 1.815334334969520569e-02 1.889628591015934944e-03 9.629074484109878540e-03 2.191404625773429871e-02 6.069311499595642090e-02 3.472745791077613831e-02 8.409732254222035408e-04 2.670585410669445992e-03 3.267436847090721130e-02 3.695439174771308899e-02 3.065414540469646454e-02 5.912442877888679504e-02 1.723358780145645142e-02 9.421559050679206848e-03 4.940044134855270386e-03 8.224836550652980804e-03 5.392178148031234741e-02 3.692883998155593872e-02 5.153043195605278015e-03 6.640514824539422989e-03 4.944958165287971497e-02 2.079488523304462433e-02 1.276252884417772293e-02 1.154038868844509125e-02 1.297467388212680817e-02 1.409269403666257858e-02 8.609937503933906555e-03 2.822501212358474731e-02 1.358027104288339615e-02 7.319185417145490646e-03 2.570819854736328125e-02 2.204192802309989929e-02 6.157499551773071289e-02 2.537964098155498505e-02 7.424625754356384277e-02 1.614339835941791534e-02
1.167052239179611206e-02 1.901688985526561737e-02 1.658628433942794800e-01 7.955762743949890137e-02 9.775172173976898193e-02 9.383403696119785309e-03 2.152551338076591492e-02 5.249892547726631165e-02 2.719348110258579254e-02 3.586466610431671143e-02 2.426192536950111389e-02 5.879539623856544495e-02 6.078241765499114990e-02 5.002218112349510193e-02 8.057784289121627808e-02 4.843299742788076401e-03 4.172036796808242798e-02 2.825917210429906845e-03 2.429455704987049103e-02 4.436122253537178040e-02 4.491655156016349792e-02 2.368493564426898956e-02 1.219906583428382874e-01 1.179477013647556305e-02 3.963095322251319885e-02 9.583074599504470825e-03 5.816794931888580322e-02 3.154705092310905457e-02 2.132011018693447113e-02 6.618335098028182983e-02 2.553693763911724091e-02 1.482449006289243698e-02 2.792151644825935364e-02 4.883188009262084961e-02 1.235689874738454819e-02 2.796653099358081818e-02 5.801294371485710144e-02 4.121198505163192749e-02 4.507080651819705963e-03 5.712271668016910553e-03 1.537111774086952209e-02 5.652379989624023438e-02 3.213034244254231453e-03 5.728598218411207199e-03 1.413996331393718719e-02 5.542094632983207703e-02 6.005939841270446777e-02 4.151736944913864136e-02 3.744891658425331116e-02 8.282196708023548126e-03 1.149184815585613251e-02 3.460981696844100952e-02 1.729215122759342194e-02 1.463044807314872742e-02 3.902525827288627625e-02 4.096829518675804138e-02 5.659082904458045959e-03 3.631719201803207397e-02 3.035446815192699432e-02 2.354927919805049896e-02 2.554565109312534332e-02 1.012120954692363739e-02 4.239393398165702820e-02 5.961787700653076172e-02 7.294637709856033325e-02 1.343311928212642670e-02 3.957246616482734680e-02 1.854186505079269409e-02 3.592026233673095703e-02 4.681871458888053894e-02 3.394101187586784363e-02 4.683003295212984085e-03 1.442173495888710022e-02 1.206724196672439575e-01 5.430440604686737061e-02 5.381497368216514587e-02 2.875959873199462891e-02 3.621724247932434082e-02 2.630539424717426300e-02 3.008857555687427521e-02 1.934949308633804321e-01 1.668594479560852051e-01 1.370669342577457428e-02 5.601549148559570312e-02 1.393086612224578857e-01 1.198010891675949097e-01 2.003319412469863892e-01 2.322882413864135742e-02 2.871234714984893799e-02 6.183870136737823486e-02 4.742754250764846802e-02 3.923025727272033691e-02 1.216418668627738953e-02 6.565842777490615845e-02 2.033860608935356140e-02 1.611020117998123169e-01 1.728136278688907623e-02 2.603583037853240967e-02 1.346225589513778687e-01 2.585835196077823639e-02 1.130409259349107742e-02 1.649696193635463715e-02 1.568492874503135681e-02 5.505834147334098816e-02 4.572027921676635742e-02 3.409275040030479431e-02 3.488131612539291382e-02 5.553239211440086365e-02 5.709587410092353821e-02 3.801659867167472839e-02 7.027538120746612549e-02 4.104472324252128601e-02 6.194382440298795700e-03 1.303038443438708782e-03 1.622263342142105103e-03 4.271019995212554932e-02
1.304431119933724403e-03 2.041312167420983315e-03 5.917129293084144592e-02 1.801423169672489166e-02 8.330553770065307617e-02 3.528504446148872375e-02 4.842058941721916199e-02 2.719348110258579254e-02 9.169677644968032837e-02 8.022723346948623657e-02 3.972638398408889771e-02 3.552892431616783142e-02 4.249127581715583801e-02 8.235339820384979248e-02 3.353219106793403625e-02 1.060026325285434723e-02 2.251300588250160217e-02 1.639379411935806274e-01 2.276494540274143219e-02 2.389575913548469543e-02 2.941895276308059692e-02 4.746632184833288193e-03 4.920499399304389954e-02 5.867342278361320496e-02 1.596429012715816498e-02 1.402974780648946762e-02 4.730454459786415100e-02 3.760635387152433395e-03 2.440300025045871735e-02 8.528258651494979858e-02 1.162278279662132263e-02 2.379250340163707733e-02 4.249655827879905701e-02 8.464599959552288055e-03 4.438509058672934771e-04 2.647224068641662598e-02 2.012206055223941803e-02 2.867109887301921844e-02 6.458491552621126175e-03 3.491849079728126526e-02 3.547657653689384460e-02 4.070460796356201172e-02 3.415300976485013962e-03 5.022174865007400513e-02 5.899110063910484314e-02 5.998680740594863892e-02 1.729450013954192400e-04 2.493895124644041061e-03 1.862832903861999512e-02 6.604832410812377930e-02 3.474279493093490601e-02 4.460535570979118347e-02 9.903352707624435425e-03 5.698267370462417603e-02 5.715221166610717773e-02 2.026254311203956604e-02 4.706851765513420105e-02 5.266615003347396851e-02 7.290033623576164246e-03 2.920461073517799377e-02 8.392350748181343079e-03 1.680413633584976196e-02 6.960300356149673462e-02 1.400392781943082809e-02 3.229803219437599182e-02 1.041066832840442657e-02 5.462064594030380249e-02 7.965575903654098511e-03 4.400431364774703979e-02 2.414157241582870483e-02 3.348907828330993652e-02 9.241569787263870239e-02 8.867933601140975952e-02 3.325735405087471008e-02 3.010249696671962738e-02 6.108971685171127319e-02 1.719678938388824463e-01 4.599982872605323792e-02 9.647368639707565308e-02 1.111548840999603271e-01 2.092726714909076691e-02 5.542828142642974854e-02 8.976739645004272461e-02 4.974036291241645813e-02 1.259245350956916809e-02 1.573488488793373108e-02 4.364602640271186829e-02 3.700905293226242065e-02 1.768321990966796875e-01 4.407978802919387817e-02 2.962342090904712677e-02 3.962342441082000732e-02 8.144962601363658905e-03 4.593814536929130554e-02 9.242637455463409424e-02 8.890314958989620209e-03 5.483709648251533508e-02 6.975786387920379639e-02 2.897391468286514282e-02 3.289959626272320747e-03 1.857715286314487457e-02 9.240649640560150146e-03 4.780407994985580444e-02 4.742656275629997253e-02 4.564450308680534363e-02 1.013585459440946579e-02 7.771298289299011230e-03 7.047351449728012085e-03 4.163919389247894287e-02 2.995158731937408447e-02 1.170726399868726730e-02 1.958109810948371887e-02 1.259771361947059631e-02 4.023561626672744751e-02 7.470179349184036255e-02 3.107624873518943787e-02
5.865390598773956299e-02 4.739322885870933533e-02 5.522663518786430359e-02 2.531230635941028595e-02 1.940802857279777527e-02 9.778548032045364380e-03 7.046569138765335083e-02 3.586466610431671143e-02 8.022723346948623657e-02 9.321005642414093018e-02 2.651944756507873535e-02 2.844993025064468384e-02 7.117238640785217285e-02 3.045544587075710297e-02 1.402835734188556671e-02 7.659946382045745850e-02 5.292321369051933289e-02 5.366498231887817383e-02 1.716636419296264648e-01 5.347862467169761658e-02 3.883996745571494102e-03 3.028549067676067352e-02 7.245918363332748413e-02 5.304512754082679749e-02 2.880627475678920746e-02 2.476483350619673729e-03 1.032689213752746582e-02 5.663075298070907593e-02 3.737580031156539917e-02 5.286687240004539490e-02 5.079180747270584106e-02 1.610677875578403473e-02 9.610173292458057404e-03 7.319707423448562622e-03 4.253799095749855042e-02 2.561553753912448883e-02 2.025966346263885498e-02 3.586990013718605042e-02 3.930532932281494141e-02 2.926904521882534027e-02 1.227811910212039948e-02 3.112371079623699188e-02 8.677938603796064854e-04 3.210644423961639404e-02 8.039129525423049927e-02 8.319281786680221558e-02 8.073028177022933960e-02 2.040631370618939400e-03 4.190159589052200317e-02 7.615803182125091553e-02 2.752776816487312317e-02 4.410733282566070557e-02 3.615638613700866699e-02 2.722225151956081390e-02 2.502178587019443512e-02 1.315811723470687866e-01 6.361162662506103516e-02 8.167104795575141907e-03 1.910054311156272888e-02 5.749106779694557190e-02 4.149049147963523865e-02 4.084637761116027832e-02 2.137280302122235298e-03 6.017705053091049194e-02 7.605154812335968018e-02 5.302303656935691833e-02 1.933938078582286835e-02 8.823695592582225800e-03 4.928745329380035400e-02 4.875778034329414368e-02 6.090049073100090027e-02 5.150528624653816223e-03 9.245913475751876831e-02 4.212586581707000732e-02 4.399476200342178345e-02 4.110554233193397522e-02 2.568299137055873871e-02 2.069863975048065186e-01 4.275009781122207642e-02 1.424177438020706177e-01 4.656408354640007019e-02 4.538996517658233643e-02 6.519562099128961563e-03 1.262757033109664917e-01 2.151237055659294128e-02 1.025211215019226074e-01 3.091020882129669189e-02 3.304344601929187775e-03 6.510087102651596069e-02 1.486201304942369461e-02 1.251103635877370834e-02 6.729959975928068161e-03 9.522849321365356445e-02 9.890671819448471069e-03 3.622025996446609497e-02 3.632481396198272705e-02 3.202253580093383789e-02 1.136102154850959778e-02 2.922613918781280518e-02 7.622242439538240433e-03 5.052741616964340210e-02 1.044955337420105934e-03 4.499302245676517487e-03 6.120076030492782593e-02 3.448830172419548035e-02 2.441906370222568512e-02 4.330008290708065033e-03 1.468289084732532501e-02 1.467645051889121532e-03 1.253119017928838730e-02 3.491511568427085876e-02 4.362228885293006897e-02 7.068243343383073807e-03 4.555623978376388550e-02 3.520812373608350754e-03 1.043941359966993332e-03
1.858903467655181885e-01 1.606668382883071899e-01 1.579439081251621246e-02 1.038646604865789413e-02 5.706436466425657272e-03 1.260286122560501099e-01 7.191288471221923828e-02 2.426192536950111389e-02 3.972638398408889771e-02 2.651944756507873535e-02 1.433165520429611206e-01 4.584148898720741272e-02 2.017176151275634766e-01 8.024824410676956177e-02 5.208450183272361755e-02 1.526768412441015244e-02 1.950505934655666351e-02 3.848661482334136963e-02 5.436867475509643555e-02 4.546963796019554138e-02 2.218058332800865173e-03 6.926470994949340820e-02 2.771796099841594696e-02 3.653157874941825867e-02 1.432859804481267929e-02 1.264941040426492691e-02 3.371674567461013794e-03 4.429861903190612793e-03 5.494607239961624146e-02 4.883364960551261902e-02 3.003724105656147003e-02 2.854768373072147369e-02 4.647567123174667358e-02 2.105754800140857697e-02 7.306676357984542847e-03 2.225786447525024414e-02 5.852088704705238342e-02 2.040094695985317230e-03 3.214441612362861633e-02 5.334184039384126663e-03 1.021216809749603271e-02 3.735873475670814514e-02 3.267467254772782326e-03 4.562526941299438477e-02 5.851685255765914917e-02 3.646207973361015320e-02 9.059866517782211304e-02 1.267869863659143448e-02 1.421173475682735443e-02 1.158080343157052994e-02 7.122953888028860092e-03 5.173639208078384399e-02 3.476813668385148048e-03 3.009015507996082306e-02 3.150439634919166565e-02 2.896106429398059845e-02 1.923436298966407776e-02 4.587678238749504089e-02 3.873411193490028381e-02 3.166951984167098999e-02 1.115052122622728348e-02 1.168453227728605270e-02 6.217102636583149433e-04 3.745518624782562256e-02 2.276323176920413971e-02 4.243973235134035349e-04 2.346564643085002899e-02 1.009872648864984512e-02 2.803606539964675903e-02 1.955430209636688232e-02 3.205217793583869934e-02 1.604512520134449005e-02 2.630982361733913422e-02 1.052871346473693848e-03 3.611681237816810608e-02 2.368031069636344910e-02 1.636691577732563019e-02 2.057067863643169403e-02 3.275007009506225586e-03 2.536658197641372681e-02 1.101875659514917061e-05 2.569307014346122742e-02 2.310979180037975311e-02 5.072963237762451172e-02 9.598788619041442871e-02 2.825608476996421814e-02 6.104431301355361938e-02 5.005453899502754211e-02 3.095044754445552826e-02 7.155116647481918335e-02 3.907517343759536743e-02 5.956660211086273193e-02 8.985278010368347168e-02 1.200315728783607483e-02 5.877925083041191101e-02 4.152689129114151001e-02 2.887447550892829895e-02 1.752765849232673645e-02 3.579696267843246460e-02 6.578873097896575928e-02 1.515990775078535080e-02 4.053469374775886536e-02 3.141785785555839539e-02 4.567448981106281281e-03 1.072138920426368713e-02 3.276741132140159607e-02 2.846820093691349030e-02 4.839848726987838745e-02 2.472962252795696259e-02 4.794051498174667358e-02 1.443819608539342880e-02 2.212882786989212036e-02 2.805853635072708130e-02 5.672772973775863647e-02 1.079248357564210892e-02 4.185264185070991516e-02
2.749872580170631409e-02 1.364281401038169861e-02 3.754140064120292664e-02 5.287629365921020508e-02 8.311048150062561035e-04 3.495939448475837708e-02 2.164309844374656677e-02 5.879539623856544495e-02 3.552892431616783142e-02 2.844993025064468384e-02 4.584148898720741272e-02 7.787168771028518677e-02 7.413004338741302490e-02 2.616968750953674316e-01 5.449595302343368530e-02 5.440190061926841736e-02 6.330402940511703491e-02 6.509223580360412598e-02 3.229212388396263123e-02 1.402818504720926285e-02 3.691946342587471008e-02 4.089527204632759094e-02 7.667108625173568726e-02 4.555750638246536255e-02 4.750270023941993713e-02 1.184086594730615616e-02 1.789580471813678741e-02 1.545679867267608643e-01 2.800145000219345093e-02 3.116939961910247803e-02 7.261275500059127808e-02 2.679861150681972504e-02 3.219946846365928650e-02 6.637385487556457520e-02 1.051439903676509857e-02 6.442537903785705566e-02 2.171166986227035522e-02 2.300910092890262604e-02 9.771780110895633698e-03 5.335988476872444153e-02 2.019985392689704895e-02 4.016519710421562195e-02 3.330159932374954224e-03 3.690875694155693054e-02 1.487321108579635620e-01 3.246660903096199036e-02 4.993736743927001953e-03 1.591251417994499207e-02 2.424533478915691376e-02 2.425374463200569153e-02 2.627829648554325104e-02 1.254164800047874451e-02 3.834464028477668762e-02 1.761812716722488403e-02 1.536929607391357422e-02 5.128526315093040466e-02 1.016654148697853088e-01 1.098428014665842056e-02 7.790558040142059326e-02 3.168055415153503418e-02 3.986260667443275452e-02 5.076383426785469055e-02 2.275009267032146454e-02 3.570102900266647339e-02 4.851442202925682068e-02 4.109769687056541443e-02 5.305329710245132446e-02 5.475816503167152405e-02 2.030623704195022583e-02 1.871938118711113930e-03 3.068461827933788300e-02 8.448213338851928711e-02 2.324652485549449921e-02 3.565215691924095154e-02 8.740147948265075684e-02 1.014453638345003128e-02 1.182535216212272644e-01 8.469391614198684692e-02 2.150233462452888489e-02 5.942471697926521301e-02 4.831093549728393555e-02 9.278350323438644409e-02 3.043201286345720291e-03 6.756018102169036865e-02 4.498499259352684021e-02 4.662980139255523682e-02 3.800888312980532646e-03 3.583493828773498535e-02 1.449263002723455429e-02 9.848428890109062195e-03 3.865101933479309082e-02 9.508936665952205658e-03 6.438623648136854172e-03 1.503830030560493469e-02 5.444336310029029846e-02 2.472644113004207611e-02 1.103458087891340256e-02 5.693398416042327881e-02 6.286935508251190186e-02 6.742811296135187149e-03 3.836691845208406448e-03 9.871135465800762177e-03 3.407093137502670288e-02 5.774058029055595398e-02 3.121863864362239838e-02 3.557396307587623596e-02 4.075696319341659546e-02 1.049667131155729294e-02 6.065648421645164490e-02 4.057506099343299866e-02 6.980578601360321045e-02 4.204803705215454102e-02 2.197747118771076202e-02 4.166318476200103760e-02 1.887284591794013977e-02 3.215743601322174072e-02
1.603186279535293579e-01 2.031075060367584229e-01 2.165053412318229675e-02 1.447988860309123993e-02 2.391361445188522339e-02 1.187019944190979004e-01 1.007081195712089539e-01 6.078241765499114990e-02 4.249127581715583801e-02 7.117238640785217285e-02 2.017176151275634766e-01 7.413004338741302490e-02 1.610442847013473511e-01 5.910906195640563965e-02 6.996364332735538483e-03 3.117630816996097565e-02 2.555491961538791656e-02 4.041369631886482239e-02 3.955912590026855469e-02 4.681187274400144815e-04 1.898524537682533264e-02 4.453246295452117920e-02 2.624350599944591522e-03 3.190999850630760193e-02 6.476521492004394531e-03 1.642987132072448730e-02 5.554893985390663147e-03 2.170739136636257172e-02 4.489209968596696854e-03 5.204373598098754883e-02 6.428550928831100464e-02 3.229434415698051453e-02 5.179070681333541870e-02 6.734675262123346329e-04 5.558215547353029251e-03 4.869277589023113251e-03 1.238302793353796005e-02 7.824058644473552704e-03 2.684440091252326965e-02 2.704842574894428253e-02 3.036761656403541565e-02 3.154357522726058960e-02 1.131509058177471161e-02 1.318568177521228790e-02 2.532183565199375153e-02 6.412860238924622536e-04 7.820942997932434082e-02 2.232571598142385483e-03 3.063947428017854691e-03 1.471456605941057205e-02 3.489424288272857666e-02 6.100438535213470459e-02 1.583762280642986298e-02 3.852503746747970581e-02 4.582671448588371277e-03 1.880540139973163605e-02 6.484207510948181152e-02 9.638059884309768677e-03 4.365973547101020813e-02 2.415095083415508270e-02 9.792150929570198059e-03 1.326542440801858902e-02 1.864391379058361053e-02 3.926762379705905914e-03 8.684177882969379425e-03 5.999594181776046753e-02 2.352887997403740883e-03 1.586593501269817352e-02 1.908538676798343658e-02 7.310688961297273636e-04 4.068232327699661255e-02 9.755488485097885132e-03 2.345020510256290436e-02 1.352258026599884033e-02 4.217048361897468567e-02 3.886054456233978271e-02 1.291153579950332642e-02 4.653239995241165161e-02 4.573822394013404846e-02 1.760102435946464539e-02 1.859645172953605652e-02 1.278814300894737244e-02 1.954634673893451691e-02 3.235684335231781006e-02 1.101321503520011902e-01 1.787672191858291626e-02 6.921610981225967407e-02 6.284253299236297607e-02 1.852334663271903992e-02 4.623741284012794495e-02 7.614473346620798111e-03 7.821220159530639648e-02 7.080390304327011108e-02 5.136525630950927734e-02 6.531065702438354492e-02 3.845893964171409607e-02 1.450546924024820328e-02 4.475037381052970886e-02 5.091505125164985657e-03 2.900851704180240631e-02 7.017678115516901016e-03 4.578825086355209351e-02 5.328829959034919739e-02 4.228093102574348450e-02 1.419145986437797546e-02 1.207217387855052948e-02 1.047363970428705215e-03 3.902675956487655640e-02 3.368311747908592224e-02 7.253701239824295044e-02 1.804530993103981018e-02 3.318220749497413635e-02 2.020291052758693695e-02 3.208418935537338257e-02 3.008914366364479065e-02 1.227283198386430740e-02
