1.252409815788269043e-01 1.592562943696975708e-01 5.449942871928215027e-02 2.305339276790618896e-02 1.789024472236633301e-02 1.216823980212211609e-01 7.784501463174819946e-02 2.754602767527103424e-02 5.019078403711318970e-02 1.440585777163505554e-02 1.613602042198181152e-01 4.004921019077301025e-02 1.167522147297859192e-01 1.086276676505804062e-02 1.749232783913612366e-02 1.559327938593924046e-04 1.994306966662406921e-02 7.827371358871459961e-03 2.775064203888177872e-03 1.740576699376106262e-03 5.709286034107208252e-02 1.593529060482978821e-02 7.138111442327499390e-02 3.988460451364517212e-02 4.092600196599960327e-02 1.322461571544408798e-02 5.797563865780830383e-02 2.035307511687278748e-02 1.085656974464654922e-02 2.082183770835399628e-02 6.955669820308685303e-02 4.470132756978273392e-03 7.155578117817640305e-03 7.257640827447175980e-03 3.724196925759315491e-03 3.336690738797187805e-02 4.356062039732933044e-02 4.056899808347225189e-03 2.439987659454345703e-02 4.093235358595848083e-03 2.588266041129827499e-03 1.343250460922718048e-02 4.773182049393653870e-02 8.777450025081634521e-02 4.354341700673103333e-02 3.839697223156690598e-03 9.574512392282485962e-02 2.199110575020313263e-02 3.384655341506004333e-02 2.497859485447406769e-02 1.818644441664218903e-02 1.691941730678081512e-02 2.213393710553646088e-02 2.740717865526676178e-02 3.285536542534828186e-02 1.939045451581478119e-02 7.882775389589369297e-05 1.304302457720041275e-02 2.010793611407279968e-02 7.810099050402641296e-03 2.324985153973102570e-02 4.573941230773925781e-02 2.051363326609134674e-02 1.050153188407421112e-02 4.610873386263847351e-02 1.855188421905040741e-02 3.075126558542251587e-02 1.872876286506652832e-02 2.685406431555747986e-02 5.635883659124374390e-02 6.562528200447559357e-03 5.877945572137832642e-03 1.505619753152132034e-02 2.937778085470199585e-02 2.789389342069625854e-02 7.689360994845628738e-03 3.615736216306686401e-02 9.045506012625992298e-04 3.598632290959358215e-02 4.118867218494415283e-02 1.731397956609725952e-02 6.416887044906616211e-03 8.782091550529003143e-03 5.460452754050493240e-03 4.241883754730224609e-03 1.926578697748482227e-03 4.347005859017372131e-02 3.857819363474845886e-02 6.752660870552062988e-02 9.988693147897720337e-02 7.705137133598327637e-03 6.848032586276531219e-03 6.844223476946353912e-03 5.716372653841972351e-02 1.850409433245658875e-02 2.632043138146400452e-02 1.522482372820377350e-02 2.476210705935955048e-02 2.348278649151325226e-02 2.974259294569492340e-02 3.536975383758544922e-02 1.633719913661479950e-02 4.485582467168569565e-03 3.939208388328552246e-02 3.071390092372894287e-02 4.016927443444728851e-03 2.268112823367118835e-02 9.184180758893489838e-03 1.774251577444374561e-04 4.497047141194343567e-02 5.044491216540336609e-02 1.065077167004346848e-02 1.210748124867677689e-02 2.618259377777576447e-02 4.888109490275382996e-02 1.680549979209899902e-02
1.592562943696975708e-01 1.220180094242095947e-01 2.726453915238380432e-02 7.542226463556289673e-03 5.814623460173606873e-02 1.136114448308944702e-01 1.440363526344299316e-01 6.936572492122650146e-02 2.669047191739082336e-02 2.408386021852493286e-02 1.243880167603492737e-01 4.071483761072158813e-02 1.391036361455917358e-01 2.308752201497554779e-02 1.187521684914827347e-02 3.186872228980064392e-02 1.940413727425038815e-03 3.888390213251113892e-02 5.698823928833007812e-02 2.340587042272090912e-02 7.101383060216903687e-03 4.554351791739463806e-02 8.463579416275024414e-02 1.892147213220596313e-02 5.344315432012081146e-03 1.881956681609153748e-02 4.865346476435661316e-02 1.054285187274217606e-02 4.775924980640411377e-02 1.502247527241706848e-02 3.806886449456214905e-02 5.449173599481582642e-02 1.040682103484869003e-02 1.671978645026683807e-02 1.679560542106628418e-02 4.893404245376586914e-02 3.360396996140480042e-02 3.089741105213761330e-03 7.511070929467678070e-03 2.931689657270908356e-02 9.091434068977832794e-03 2.962533012032508850e-02 2.163004316389560699e-02 6.090447772294282913e-03 5.883859097957611084e-02 2.094824053347110748e-02 7.625557482242584229e-02 3.980617970228195190e-02 2.172661479562520981e-03 5.071923136711120605e-03 2.816451340913772583e-02 2.454600110650062561e-02 3.698777779936790466e-02 5.117746070027351379e-03 2.086804248392581940e-02 3.487398102879524231e-02 1.707106945104897022e-03 2.452115342020988464e-02 2.636180631816387177e-02 4.653134965337812901e-04 3.449125681072473526e-03 7.165168970823287964e-02 2.306329086422920227e-02 2.363177388906478882e-02 8.387237042188644409e-02 4.344891384243965149e-02 9.625243255868554115e-04 3.616643697023391724e-02 4.836003482341766357e-02 6.153124198317527771e-02 5.583614110946655273e-03 7.786605507135391235e-02 5.214941687881946564e-03 5.732671916484832764e-02 5.439677461981773376e-02 3.052483499050140381e-02 3.157881647348403931e-02 3.498794883489608765e-02 1.638858951628208160e-02 7.810465525835752487e-03 1.446026191115379333e-02 4.598989710211753845e-02 4.739243537187576294e-02 6.733071058988571167e-02 1.019396819174289703e-02 4.173607006669044495e-02 1.213376130908727646e-02 3.391164913773536682e-02 3.138642385601997375e-02 1.131550818681716919e-01 1.381651405245065689e-02 4.585907980799674988e-02 6.419587880373001099e-03 2.057984471321105957e-02 1.608901284635066986e-02 1.355164963752031326e-02 3.321858868002891541e-02 5.798304826021194458e-02 3.797520324587821960e-02 8.068327791988849640e-03 2.019481919705867767e-02 9.325799532234668732e-03 1.846151612699031830e-02 5.502522736787796021e-02 1.762370206415653229e-02 1.355593744665384293e-02 9.405120275914669037e-03 4.867849126458168030e-02 5.449094809591770172e-03 6.261549890041351318e-02 1.550835743546485901e-02 1.059279870241880417e-02 2.148709818720817566e-02 1.790586160495877266e-03 7.198952883481979370e-02 6.029467284679412842e-02
5.449942871928215027e-02 2.726453915238380432e-02 8.668162859976291656e-03 4.943557456135749817e-02 5.863569304347038269e-02 4.696880653500556946e-02 5.341510102152824402e-02 9.686709195375442505e-02 3.431593254208564758e-02 8.991371840238571167e-03 6.694905459880828857e-02 4.116349294781684875e-02 6.513256579637527466e-02 5.329691618680953979e-02 9.487053379416465759e-03 9.864807873964309692e-02 4.852650221437215805e-03 3.310648351907730103e-02 5.050482973456382751e-02 1.138615328818559647e-02 4.549828916788101196e-02 1.235428974032402039e-01 1.336645800620317459e-02 1.670117489993572235e-02 6.002663820981979370e-02 1.876965165138244629e-02 7.894857227802276611e-02 1.013315748423337936e-02 3.521151468157768250e-02 3.906489908695220947e-02 8.714821934700012207e-02 5.215473473072052002e-02 3.275821730494499207e-02 2.960314042866230011e-02 1.017119884490966797e-01 4.349070414900779724e-02 3.800352290272712708e-02 2.583619393408298492e-02 2.538285404443740845e-02 3.565878421068191528e-02 6.752578914165496826e-02 4.205157980322837830e-02 2.806300483644008636e-02 1.957327313721179962e-02 2.867980301380157471e-02 3.701173141598701477e-02 2.330807596445083618e-02 9.856441989541053772e-03 8.005436975508928299e-04 3.276573866605758667e-02 8.545716106891632080e-02 4.888226464390754700e-02 8.886052295565605164e-03 4.099646583199501038e-02 7.644491642713546753e-02 5.519354343414306641e-02 5.999597162008285522e-02 5.071797594428062439e-02 1.215523295104503632e-02 3.671264275908470154e-02 2.942639403045177460e-02 3.227419778704643250e-02 6.422919780015945435e-02 5.512469261884689331e-02 1.536838710308074951e-02 2.328470349311828613e-03 9.078033268451690674e-02 5.748089402914047241e-02 4.354077205061912537e-02 6.851778924465179443e-02 5.896726623177528381e-02 4.595983400940895081e-02 8.939115330576896667e-03 9.569496661424636841e-02 7.512400392442941666e-03 6.784016638994216919e-02 1.041027018800377846e-03 4.071130882948637009e-03 2.658385038375854492e-02 3.709579631686210632e-02 1.255880892276763916e-01 1.029533669352531433e-01 4.486886784434318542e-02 7.034299522638320923e-02 3.935853019356727600e-02 1.931165345013141632e-02 1.948201842606067657e-02 2.137462422251701355e-02 2.224358916282653809e-02 1.435873471200466156e-02 4.723270609974861145e-02 4.570121318101882935e-02 6.158948317170143127e-02 2.912287041544914246e-02 4.307285696268081665e-02 1.633618213236331940e-02 7.322822511196136475e-02 3.740566596388816833e-02 3.489072993397712708e-02 3.658326342701911926e-03 2.787876129150390625e-02 3.579480946063995361e-02 1.100154817104339600e-01 1.762754254741594195e-04 2.398782595992088318e-02 4.043573141098022461e-02 1.495624240487813950e-02 2.262749150395393372e-02 4.701530560851097107e-03 8.572685532271862030e-03 1.334636658430099487e-02 2.271066419780254364e-02 2.203644253313541412e-02 4.701322317123413086e-02 2.164800651371479034e-02 2.657767571508884430e-02
2.305339276790618896e-02 7.542226463556289673e-03 4.943557456135749817e-02 5.318509414792060852e-02 2.360548526048660278e-01 1.777373626828193665e-02 4.504178464412689209e-02 7.919958233833312988e-02 5.400574952363967896e-02 8.430269360542297363e-02 1.673520915210247040e-02 2.088151313364505768e-02 2.958222106099128723e-02 3.462585806846618652e-02 1.110581159591674805e-01 7.218083739280700684e-02 4.812915250658988953e-02 7.845383137464523315e-02 6.710147112607955933e-02 3.018912859261035919e-02 2.448002435266971588e-02 1.388824172317981720e-02 3.090762905776500702e-02 9.856994450092315674e-02 1.200076565146446228e-02 2.292155660688877106e-02 1.850460283458232880e-02 4.495865106582641602e-02 4.652450233697891235e-02 2.371469698846340179e-02 1.977362856268882751e-02 4.048842005431652069e-03 1.668678782880306244e-02 3.662906959652900696e-02 1.426940876990556717e-02 4.242270067334175110e-02 9.883826971054077148e-02 6.239547953009605408e-02 1.683156639337539673e-01 1.078106611967086792e-01 3.585370257496833801e-03 2.274886704981327057e-03 2.665624208748340607e-02 1.792376488447189331e-02 6.633976101875305176e-02 8.939962834119796753e-02 1.451624557375907898e-02 1.682687178254127502e-02 3.776492085307836533e-03 4.479997977614402771e-02 4.367769137024879456e-02 5.009853839874267578e-02 4.665302485227584839e-02 5.146985873579978943e-02 3.706444427371025085e-02 1.944520138204097748e-02 6.399995088577270508e-02 2.952306531369686127e-03 5.140570551156997681e-02 2.215566299855709076e-02 5.368113890290260315e-02 5.503505468368530273e-02 2.377223223447799683e-02 3.472957294434309006e-03 2.805690653622150421e-02 1.760910451412200928e-02 1.483762264251708984e-02 6.227324903011322021e-02 7.839797437191009521e-02 4.731254652142524719e-02 6.713096052408218384e-02 2.958089672029018402e-02 2.603175044059753418e-01 2.408910309895873070e-03 1.496371924877166748e-01 5.288533866405487061e-03 7.512296736240386963e-02 9.456250816583633423e-03 1.023909002542495728e-01 1.664110422134399414e-01 2.403436973690986633e-02 2.365901693701744080e-02 1.212933063507080078e-01 1.179874408990144730e-02 2.195743657648563385e-02 6.224560737609863281e-02 4.349884763360023499e-02 4.060492850840091705e-03 3.663193807005882263e-02 4.162047058343887329e-02 4.257305338978767395e-02 5.772258713841438293e-02 2.660212107002735138e-02 1.493110135197639465e-02 5.997806042432785034e-02 2.423570118844509125e-02 6.854949146509170532e-02 4.514798521995544434e-02 4.659461602568626404e-02 5.104869976639747620e-02 3.939348086714744568e-02 3.535485640168190002e-02 1.472997218370437622e-01 4.720835387706756592e-02 3.311000764369964600e-02 2.302184700965881348e-02 1.933657005429267883e-02 5.337159335613250732e-02 4.327202960848808289e-02 4.549624770879745483e-02 6.193390116095542908e-02 5.403525009751319885e-02 2.446506731212139130e-02 1.585548557341098785e-02 9.244254231452941895e-02 8.190493099391460419e-03
1.789024472236633301e-02 5.814623460173606873e-02 5.863569304347038269e-02 2.360548526048660278e-01 7.207679003477096558e-02 9.548243135213851929e-02 2.318517677485942841e-02 4.862330853939056396e-02 1.402794383466243744e-02 1.540847029536962509e-02 6.756361573934555054e-03 2.372415177524089813e-02 4.412592202425003052e-02 4.962928965687751770e-02 4.245299473404884338e-02 3.639857843518257141e-02 4.469884186983108521e-02 1.054081600159406662e-02 3.348211944103240967e-02 3.006743453443050385e-02 2.854032069444656372e-02 1.126993075013160706e-02 5.111730098724365234e-02 5.312897637486457825e-02 5.615557730197906494e-02 4.542133584618568420e-02 1.005216166377067566e-01 6.579918786883354187e-03 5.945444479584693909e-02 1.269083470106124878e-02 2.694126777350902557e-02 1.980413682758808136e-02 4.062935709953308105e-02 4.646008834242820740e-02 1.482666842639446259e-02 6.008563935756683350e-02 6.616859883069992065e-02 5.384716391563415527e-02 1.750123798847198486e-01 1.605919301509857178e-01 3.219389170408248901e-02 1.399871148169040680e-02 1.500750426203012466e-02 3.982441872358322144e-02 3.718513995409011841e-02 2.607545629143714905e-02 3.694242611527442932e-02 7.162208110094070435e-02 1.398149728775024414e-01 8.064637891948223114e-03 3.817291185259819031e-02 4.119026474654674530e-03 4.661388322710990906e-02 6.492951512336730957e-02 1.163603067398071289e-01 3.965958580374717712e-02 2.838330902159214020e-02 4.566722735762596130e-02 1.983408443629741669e-02 3.562721982598304749e-02 7.696341723203659058e-02 1.008720621466636658e-01 2.101655118167400360e-02 4.240510612726211548e-02 2.243038453161716461e-02 3.400465101003646851e-02 2.042468823492527008e-02 5.778188258409500122e-02 1.023703068494796753e-02 1.972115598618984222e-02 4.963722079992294312e-02 3.608125448226928711e-02 1.326769590377807617e-01 2.005657367408275604e-02 1.757317632436752319e-01 8.144111372530460358e-03 3.499714285135269165e-02 3.195658698678016663e-02 5.274222791194915771e-02 8.105015009641647339e-02 2.485275641083717346e-02 1.155576016753911972e-02 1.752181798219680786e-01 2.480993121862411499e-01 4.060220904648303986e-03 1.682586409151554108e-02 1.509610190987586975e-02 2.734084241092205048e-02 1.943571260198950768e-03 1.926611736416816711e-02 9.032027423381805420e-02 4.498311504721641541e-02 4.541774094104766846e-02 1.530909910798072815e-02 5.364079028367996216e-02 1.504141464829444885e-02 4.416231438517570496e-02 7.243482023477554321e-02 4.238081723451614380e-02 2.946120873093605042e-02 4.803540930151939392e-02 3.569621592760086060e-02 1.968201063573360443e-02 3.835516050457954407e-02 2.589008025825023651e-02 1.499079819768667221e-02 3.689004853367805481e-02 2.343037910759449005e-02 4.812814667820930481e-02 5.247988179326057434e-02 6.590356584638357162e-03 4.671792685985565186e-02 1.784800551831722260e-02 1.465379167348146439e-02 6.373217701911926270e-02 6.265979725867509842e-03
1.216823980212211609e-01 1.136114448308944702e-01 4.696880653500556946e-02 1.777373626828193665e-02 9.548243135213851929e-02 5.495488643646240234e-02 2.681631147861480713e-01 7.228240719996392727e-04 3.484808281064033508e-02 2.404182590544223785e-02 7.099732756614685059e-02 2.399620413780212402e-02 4.096069559454917908e-02 9.395688772201538086e-03 1.818506792187690735e-02 2.129751071333885193e-02 1.812954433262348175e-02 4.369732737541198730e-02 6.884696893393993378e-03 8.687173947691917419e-03 5.130473896861076355e-02 5.694070458412170410e-02 4.698612913489341736e-02 2.061480656266212463e-02 7.944413460791110992e-03 2.676522731781005859e-02 6.680882070213556290e-03 2.235660795122385025e-04 1.090028136968612671e-01 4.277923330664634705e-02 2.826657518744468689e-02 4.784544929862022400e-02 5.429401062428951263e-03 3.431175276637077332e-02 9.109066799283027649e-03 3.963874652981758118e-03 4.590635374188423157e-02 4.095248878002166748e-02 3.628762066364288330e-02 2.927828580141067505e-02 4.247798398137092590e-02 2.107151784002780914e-02 9.280338883399963379e-03 4.261282272636890411e-03 2.578935399651527405e-02 1.014073495753109455e-03 1.093885228037834167e-01 5.667380616068840027e-02 1.675446517765522003e-02 2.038302458822727203e-02 6.251478940248489380e-02 5.306474119424819946e-02 9.010870940983295441e-03 2.097879908978939056e-02 1.606967858970165253e-02 4.465759918093681335e-02 1.558175776153802872e-02 4.322734475135803223e-02 2.122109010815620422e-02 2.850714512169361115e-02 2.720468677580356598e-02 2.435474470257759094e-02 1.894443179480731487e-03 1.322446763515472412e-02 4.894453659653663635e-02 5.317466333508491516e-03 3.329709917306900024e-02 1.172925252467393875e-02 1.662187976762652397e-03 2.223377488553524017e-02 2.404946461319923401e-02 3.387213125824928284e-02 9.365758858621120453e-03 2.294751815497875214e-02 2.993341907858848572e-02 4.725858569145202637e-02 6.019233539700508118e-02 2.772212959825992584e-03 5.378348869271576405e-04 1.617455109953880310e-02 3.558519110083580017e-02 6.588870286941528320e-02 3.615898638963699341e-02 2.224002033472061157e-02 1.685416847467422485e-01 1.332526803016662598e-01 1.298806164413690567e-02 4.817931354045867920e-02 6.395288277417421341e-03 3.067015437409281731e-03 3.449200093746185303e-02 6.696221977472305298e-02 3.256931528449058533e-02 3.087885119020938873e-02 4.805885627865791321e-02 1.241731108166277409e-03 2.068941248580813408e-03 5.812606588006019592e-02 8.870753645896911621e-02 4.074660316109657288e-02 2.672328380867838860e-03 2.812949381768703461e-02 6.438211351633071899e-02 2.044234890490770340e-03 4.673282802104949951e-02 9.350960142910480499e-03 1.981645263731479645e-02 4.294484481215476990e-02 1.434941426850855350e-03 1.971802487969398499e-02 1.233429275453090668e-02 4.314536228775978088e-02 1.642841845750808716e-02 3.171196207404136658e-02 2.449802123010158539e-02 5.051287636160850525e-02
7.784501463174819946e-02 1.440363526344299316e-01 5.341510102152824402e-02 4.504178464412689209e-02 2.318517677485942841e-02 2.681631147861480713e-01 7.220817357301712036e-02 1.096522249281406403e-02 7.132612168788909912e-03 2.754772640764713287e-02 5.813882499933242798e-02 3.481901064515113831e-02 5.610705912113189697e-02 4.236576333642005920e-02 2.205116301774978638e-02 2.443925477564334869e-02 9.050991386175155640e-02 2.047261409461498260e-02 3.638008376583456993e-03 6.790990009903907776e-03 4.850433766841888428e-02 5.115631036460399628e-03 2.555539831519126892e-02 8.947229944169521332e-04 1.088994089514017105e-02 2.107904478907585144e-02 7.146229594945907593e-02 6.020413339138031006e-02 3.114229999482631683e-03 7.917786389589309692e-02 4.450656846165657043e-02 8.392309397459030151e-02 4.622927680611610413e-02 6.247742101550102234e-03 8.920368738472461700e-03 3.027086146175861359e-03 3.370228782296180725e-02 2.214813046157360077e-02 1.747733727097511292e-02 1.273669302463531494e-02 1.595390401780605316e-02 7.207552553154528141e-04 2.001482434570789337e-02 2.911604009568691254e-02 1.244535669684410095e-02 2.555043436586856842e-02 2.920922823250293732e-02 1.389917433261871338e-01 6.804910022765398026e-03 1.387307071126997471e-03 3.299345960840582848e-03 5.146036297082901001e-02 2.420038729906082153e-02 1.965086348354816437e-02 4.465814214199781418e-03 5.143767222762107849e-03 2.000674791634082794e-02 8.093567192554473877e-02 3.849395737051963806e-02 2.632180415093898773e-02 8.120500296354293823e-02 5.763159319758415222e-02 2.410273440182209015e-02 8.941008895635604858e-02 3.735079430043697357e-03 3.635045513510704041e-02 1.458269543945789337e-02 2.241183631122112274e-02 1.235660165548324585e-02 5.848890170454978943e-02 1.508791092783212662e-02 1.480782311409711838e-02 2.917184261605143547e-03 2.811788953840732574e-02 1.293222978711128235e-02 3.905594721436500549e-02 4.359424486756324768e-02 2.792988903820514679e-02 1.968442834913730621e-02 1.789514534175395966e-02 3.436166420578956604e-02 4.731765761971473694e-02 7.250095717608928680e-03 9.128682315349578857e-03 7.198614627122879028e-02 9.349589049816131592e-02 1.070201303809881210e-02 7.216182351112365723e-02 4.203662276268005371e-03 6.205269694328308105e-02 4.466160759329795837e-02 2.486258372664451599e-02 4.526786133646965027e-02 3.181892633438110352e-02 9.992659324780106544e-04 1.137503329664468765e-02 2.891402877867221832e-02 7.920656353235244751e-02 2.818373963236808777e-02 8.133684284985065460e-03 1.852322183549404144e-02 3.153320401906967163e-02 4.794461280107498169e-02 1.375144720077514648e-02 3.458024933934211731e-02 2.298416756093502045e-02 9.563612751662731171e-03 1.721020601689815521e-02 3.320869058370590210e-03 1.734749530442059040e-03 9.584348648786544800e-02 3.442926704883575439e-02 3.173330798745155334e-02 4.361011832952499390e-02 3.170315921306610107e-02 5.772118642926216125e-02
2.754602767527103424e-02 6.936572492122650146e-02 9.686709195375442505e-02 7.919958233833312988e-02 4.862330853939056396e-02 7.228240719996392727e-04 1.096522249281406403e-02 1.009793579578399658e-02 4.680187255144119263e-02 1.681116409599781036e-02 1.803909195587038994e-03 2.882543951272964478e-02 1.212161593139171600e-02 2.805202826857566833e-02 1.111298352479934692e-01 9.098161943256855011e-03 2.071991190314292908e-02 3.533807769417762756e-02 2.088056132197380066e-02 3.997192531824111938e-02 2.128359675407409668e-02 4.568764939904212952e-02 1.547103654593229294e-02 1.642160862684249878e-02 1.685355044901371002e-02 4.623535089194774628e-03 1.634025759994983673e-02 6.948635913431644440e-03 1.214561983942985535e-02 2.258801460266113281e-02 7.179114222526550293e-02 1.178284734487533569e-02 4.703301191329956055e-02 5.029034614562988281e-02 7.232399284839630127e-02 4.921793006360530853e-03 2.595188096165657043e-02 1.478152908384799957e-02 2.380570955574512482e-02 5.077749490737915039e-02 1.419246941804885864e-01 2.580355480313301086e-02 3.878179937601089478e-03 9.334309143014252186e-04 1.537188887596130371e-02 5.243624094873666763e-03 1.479177735745906830e-02 2.431229315698146820e-02 1.219499576836824417e-02 8.253606967628002167e-03 5.031264945864677429e-02 1.224403642117977142e-02 2.634475193917751312e-02 4.737957380712032318e-03 3.993117064237594604e-02 6.269738078117370605e-02 4.298320040106773376e-02 1.556512434035539627e-04 3.712971694767475128e-03 1.629110984504222870e-02 3.213085606694221497e-02 5.018975585699081421e-02 5.650909617543220520e-02 6.965141277760267258e-03 1.127144601196050644e-02 3.135691210627555847e-02 2.137542143464088440e-02 5.518603324890136719e-02 2.811931446194648743e-02 1.310375053435564041e-02 4.696598742157220840e-03 9.643227793276309967e-03 5.203236266970634460e-02 3.263378888368606567e-02 3.485423699021339417e-02 2.872806042432785034e-02 2.898581698536872864e-02 5.743389204144477844e-02 2.976924367249011993e-02 4.337865859270095825e-03 4.497405514121055603e-02 1.123301535844802856e-01 4.052521660923957825e-02 5.488057062029838562e-02 3.396997228264808655e-02 3.905767574906349182e-02 6.562773138284683228e-02 9.092022478580474854e-02 7.960383594036102295e-02 3.127444908022880554e-02 2.980035915970802307e-02 1.913028769195079803e-02 6.617062538862228394e-02 2.148854359984397888e-02 4.914056882262229919e-02 2.337630838155746460e-02 9.300451725721359253e-03 1.737047359347343445e-02 2.527019381523132324e-02 4.254363849759101868e-02 4.621814470738172531e-03 2.598095126450061798e-02 5.099438875913619995e-02 4.663264378905296326e-02 1.403393875807523727e-02 8.015595376491546631e-03 2.483051642775535583e-02 1.167989708483219147e-02 1.864990033209323883e-02 6.213996186852455139e-02 3.254469484090805054e-04 5.103409290313720703e-02 3.925271704792976379e-02 3.516668220981955528e-03 4.849165678024291992e-02 5.687518417835235596e-02
5.019078403711318970e-02 2.669047191739082336e-02 3.431593254208564758e-02 5.400574952363967896e-02 1.402794383466243744e-02 3.484808281064033508e-02 7.132612168788909912e-03 4.680187255144119263e-02 5.175976082682609558e-02 1.140108183026313782e-01 4.510994534939527512e-03 4.518784955143928528e-02 1.981397718191146851e-02 5.056496337056159973e-02 3.925795480608940125e-02 7.196514308452606201e-02 3.531936928629875183e-02 8.629931509494781494e-02 1.566329039633274078e-02 1.028140448033809662e-02 4.041618853807449341e-02 5.581320263445377350e-03 1.047999337315559387e-01 1.742298528552055359e-02 2.709942497313022614e-02 6.111524533480405807e-03 7.246644236147403717e-03 3.518981486558914185e-02 3.433588892221450806e-02 6.099883466958999634e-02 2.679706551134586334e-02 1.775791868567466736e-02 3.847135975956916809e-02 2.418732084333896637e-02 1.420581247657537460e-02 1.301891915500164032e-02 3.300206363201141357e-02 2.006334625184535980e-02 4.627546668052673340e-02 1.230254396796226501e-02 2.181802131235599518e-02 3.101099841296672821e-02 6.655723787844181061e-03 1.185387023724615574e-03 6.229644641280174255e-02 3.439425677061080933e-02 3.668593615293502808e-02 1.870893687009811401e-02 6.580235064029693604e-02 1.415804401040077209e-02 7.491813972592353821e-03 1.249236706644296646e-02 1.145094539970159531e-02 2.764918655157089233e-02 1.129874363541603088e-01 5.506369844079017639e-02 3.105553984642028809e-02 4.223505407571792603e-02 6.558290868997573853e-02 8.100947015918791294e-04 1.346979569643735886e-02 2.539632841944694519e-02 1.110170185565948486e-01 7.037580013275146484e-02 4.846432060003280640e-02 4.616803955286741257e-03 6.286159157752990723e-02 9.707360528409481049e-03 1.062261536717414856e-01 2.505515515804290771e-02 1.969089359045028687e-02 3.555336222052574158e-02 3.001959808170795441e-02 1.298103667795658112e-02 6.810916960239410400e-02 1.439999230206012726e-02 1.795812249183654785e-01 1.063643544912338257e-01 1.622192561626434326e-01 4.586952179670333862e-02 7.644467987120151520e-03 1.868323236703872681e-02 1.778035890311002731e-03 8.059095591306686401e-02 1.382094807922840118e-02 5.343769118189811707e-02 5.137676000595092773e-02 5.291642248630523682e-02 4.465834051370620728e-02 5.356739461421966553e-02 2.891579875722527504e-03 2.071069786325097084e-03 1.004456076771020889e-02 2.484383620321750641e-02 6.109612435102462769e-02 6.893210858106613159e-02 1.204426120966672897e-02 9.053972363471984863e-02 9.531814604997634888e-02 1.478701457381248474e-02 6.151217967271804810e-02 7.131785899400711060e-02 4.830811172723770142e-02 5.493950098752975464e-03 2.170094661414623260e-02 1.425141282379627228e-02 2.342686615884304047e-02 7.644041627645492554e-02 1.951411925256252289e-02 3.755436092615127563e-02 2.420654706656932831e-02 3.296970203518867493e-02 5.704361945390701294e-03 3.862516954541206360e-02 7.971249520778656006e-03 3.004703205078840256e-03
1.440585777163505554e-02 2.408386021852493286e-02 8.991371840238571167e-03 8.430269360542297363e-02 1.540847029536962509e-02 2.404182590544223785e-02 2.754772640764713287e-02 1.681116409599781036e-02 1.140108183026313782e-01 6.478907912969589233e-02 8.114857599139213562e-03 2.838829765096306801e-03 3.515944629907608032e-02 4.323587566614151001e-02 5.877182818949222565e-03 2.658514678478240967e-02 1.814563013613224030e-02 3.570311889052391052e-02 1.425090134143829346e-01 2.771881222724914551e-02 2.738517709076404572e-03 1.409097667783498764e-02 4.901707544922828674e-02 6.235162913799285889e-02 5.304565280675888062e-02 3.438188880681991577e-02 5.506173148751258850e-02 1.922709867358207703e-02 4.647689312696456909e-02 6.533376127481460571e-02 6.117376033216714859e-03 3.001555986702442169e-02 3.238274529576301575e-02 2.164145559072494507e-02 3.347066417336463928e-02 4.597905091941356659e-03 3.006518818438053131e-02 3.050410747528076172e-02 6.732913106679916382e-02 6.000740453600883484e-02 1.003082725219428539e-03 8.581724949181079865e-03 2.690690383315086365e-02 1.199665386229753494e-02 5.662297084927558899e-02 8.331455290317535400e-02 1.670227386057376862e-02 3.663206705823540688e-03 7.655411958694458008e-02 6.717436015605926514e-02 2.385693788528442383e-02 3.602307289838790894e-03 6.233002990484237671e-03 7.074816152453422546e-03 6.026936322450637817e-02 8.263468742370605469e-02 6.099928542971611023e-02 5.400606617331504822e-02 5.459363386034965515e-02 4.760722815990447998e-02 2.818197757005691528e-02 3.043565526604652405e-02 1.063467860221862793e-01 7.765037566423416138e-02 3.080412372946739197e-02 2.361572347581386566e-02 6.785931438207626343e-02 6.613905727863311768e-02 2.684135176241397858e-02 4.647634178400039673e-02 1.242095604538917542e-02 7.189109176397323608e-02 9.544996917247772217e-02 1.964915171265602112e-02 7.161409407854080200e-02 3.947756066918373108e-02 5.401963368058204651e-02 1.176002547144889832e-01 7.347454875707626343e-02 1.854586303234100342e-01 1.608064211905002594e-02 1.445936225354671478e-02 5.600606277585029602e-02 3.727339208126068115e-03 7.126040011644363403e-02 7.103502750396728516e-02 2.767709270119667053e-02 6.308980286121368408e-02 2.728722058236598969e-02 7.215299457311630249e-02 1.533010043203830719e-02 6.172819063067436218e-02 1.920732110738754272e-02 6.332113593816757202e-02 2.554977498948574066e-02 3.004840388894081116e-02 4.874717816710472107e-02 5.209521949291229248e-02 4.554922506213188171e-02 6.721420679241418839e-03 1.307405903935432434e-02 1.545150578022003174e-02 5.108707025647163391e-02 1.275883428752422333e-02 5.439769476652145386e-02 2.899964712560176849e-02 4.079121723771095276e-02 7.566596567630767822e-02 3.106541559100151062e-02 4.216515272855758667e-02 2.660388499498367310e-02 2.710535190999507904e-02 3.959871828556060791e-02 2.509388141334056854e-02 2.953976392745971680e-02 1.672966033220291138e-02
1.613602042198181152e-01 1.243880167603492737e-01 6.694905459880828857e-02 1.673520915210247040e-02 6.756361573934555054e-03 7.099732756614685059e-02 5.813882499933242798e-02 1.803909195587038994e-03 4.510994534939527512e-03 8.114857599139213562e-03 1.343237310647964478e-01 1.059936638921499252e-02 1.256259977817535400e-01 7.011895999312400818e-03 5.403365939855575562e-02 5.310663580894470215e-02 3.468124195933341980e-02 1.516644377261400223e-02 5.865985061973333359e-03 6.503078155219554901e-03 2.748924680054187775e-02 1.652173139154911041e-02 3.427717462182044983e-02 1.244605239480733871e-02 2.727085910737514496e-02 1.621113531291484833e-02 1.214353814721107483e-01 1.028512604534626007e-02 6.750710308551788330e-02 1.207457855343818665e-02 7.580803334712982178e-02 2.445313893258571625e-02 4.354244470596313477e-02 5.792164709419012070e-03 2.845397777855396271e-02 2.999669499695301056e-02 2.297953888773918152e-02 4.562553390860557556e-02 4.275873769074678421e-03 2.468618750572204590e-02 6.093627959489822388e-02 6.799368187785148621e-03 4.545958247035741806e-03 7.928407192230224609e-02 4.902334138751029968e-02 2.297604223713278770e-03 1.081933081150054932e-01 2.651576884090900421e-02 2.531681582331657410e-02 3.605065122246742249e-02 2.859357371926307678e-02 8.302489295601844788e-03 4.426965117454528809e-02 1.854006014764308929e-02 2.426744624972343445e-02 4.594656452536582947e-02 1.481347624212503433e-02 3.640315309166908264e-02 3.107109665870666504e-02 1.970326714217662811e-02 8.414513431489467621e-03 2.850955724716186523e-02 2.519741468131542206e-02 1.282086502760648727e-02 1.076265498995780945e-01 5.149285495281219482e-02 2.632306655868887901e-03 6.488296203315258026e-03 3.630001842975616455e-02 3.197817876935005188e-02 1.847982034087181091e-02 3.093050420284271240e-02 1.296065002679824829e-02 1.386388484388589859e-02 3.279859200119972229e-02 4.042905569076538086e-02 2.208703570067882538e-02 2.663916908204555511e-02 1.014507468789815903e-02 4.785094410181045532e-02 2.944706939160823822e-03 1.107507757842540741e-02 8.913475088775157928e-03 2.433597296476364136e-02 2.550178579986095428e-02 6.691313534975051880e-02 5.849246680736541748e-02 1.232511270791292191e-02 3.405020758509635925e-02 5.130608379840850830e-02 3.263492882251739502e-02 6.246685981750488281e-02 4.348846152424812317e-02 2.528145723044872284e-02 2.765481173992156982e-02 6.172089371830224991e-03 4.299746826291084290e-02 1.903140335343778133e-03 3.262848034501075745e-02 1.713985204696655273e-02 1.678026840090751648e-02 1.245035789906978607e-02 1.394408382475376129e-02 3.587193088605999947e-03 1.332762185484170914e-02 4.307902976870536804e-02 2.483062446117401123e-02 4.581969976425170898e-02 1.100036036223173141e-02 6.373254209756851196e-02 3.008605167269706726e-02 1.062695775181055069e-02 1.750095188617706299e-02 2.288753353059291840e-02 2.889932505786418915e-02 3.788876160979270935e-02
4.004921019077301025e-02 4.071483761072158813e-02 4.116349294781684875e-02 2.088151313364505768e-02 2.372415177524089813e-02 2.399620413780212402e-02 3.481901064515113831e-02 2.882543951272964478e-02 4.518784955143928528e-02 2.838829765096306801e-03 1.059936638921499252e-02 4.235988599248230457e-04 2.387612825259566307e-03 2.243416905403137207e-01 2.097112126648426056e-02 5.605696700513362885e-03 1.586600206792354584e-02 3.188135102391242981e-02 7.115007936954498291e-02 3.220908716320991516e-02 6.169052794575691223e-02 1.775303483009338379e-02 8.242024481296539307e-02 2.702094987034797668e-02 1.085384562611579895e-02 1.788860559463500977e-02 1.492665335536003113e-02 1.568271964788436890e-01 1.800277829170227051e-02 1.252021640539169312e-01 8.541556447744369507e-02 1.990664936602115631e-02 5.651649087667465210e-02 1.367500983178615570e-02 2.998911589384078979e-02 3.271522698923945427e-03 1.487564574927091599e-02 2.921387366950511932e-02 5.860666558146476746e-02 5.075782537460327148e-02 1.298523787409067154e-02 3.021957725286483765e-02 5.470260605216026306e-02 1.905844314023852348e-03 6.312276422977447510e-02 9.141744114458560944e-03 3.028190322220325470e-02 1.191865373402833939e-02 2.500232867896556854e-02 4.291479289531707764e-02 2.133679948747158051e-02 3.777210414409637451e-02 2.530494384700432420e-05 1.685148663818836212e-02 6.737624853849411011e-02 5.806371103972196579e-03 1.101969368755817413e-02 2.829780988395214081e-02 1.080734208226203918e-01 1.653501577675342560e-02 9.400434792041778564e-02 6.694960873574018478e-03 3.711280226707458496e-02 3.549578040838241577e-02 9.748655371367931366e-03 9.963095188140869141e-03 1.955650188028812408e-02 3.442712873220443726e-02 8.552786894142627716e-03 1.239361445186659694e-04 2.200245857238769531e-02 2.131789363920688629e-02 1.278903800994157791e-02 4.117482900619506836e-02 4.622072726488113403e-02 5.260680243372917175e-02 2.379118651151657104e-02 3.014507237821817398e-03 3.360679745674133301e-02 2.768493443727493286e-02 2.229136787354946136e-02 2.533437311649322510e-02 1.530849188566207886e-02 6.090587005019187927e-02 6.185784935951232910e-02 7.349993288516998291e-02 1.615116372704505920e-02 1.685493066906929016e-02 3.814202547073364258e-02 3.609060868620872498e-02 3.736361488699913025e-02 4.036312177777290344e-02 1.548636239022016525e-02 7.591210305690765381e-02 6.074438802897930145e-03 1.155853923410177231e-02 1.684659160673618317e-02 3.913159295916557312e-02 1.800898276269435883e-02 1.741066575050354004e-02 1.039423421025276184e-02 2.112193778157234192e-02 1.261892020702362061e-01 2.242562361061573029e-02 2.603807486593723297e-02 6.149961426854133606e-02 5.056487023830413818e-02 1.230145152658224106e-02 8.134617656469345093e-02 3.504683822393417358e-02 1.636592112481594086e-02 1.193267032504081726e-01 1.283339783549308777e-02 5.586264654994010925e-03 3.842316940426826477e-02 8.368542045354843140e-02
1.167522147297859192e-01 1.391036361455917358e-01 6.513256579637527466e-02 2.958222106099128723e-02 4.412592202425003052e-02 4.096069559454917908e-02 5.610705912113189697e-02 1.212161593139171600e-02 1.981397718191146851e-02 3.515944629907608032e-02 1.256259977817535400e-01 2.387612825259566307e-03 1.174072846770286560e-01 1.007456146180629730e-02 5.334882810711860657e-02 9.968811646103858948e-03 1.544255204498767853e-02 5.246385186910629272e-02 2.848795801401138306e-02 1.743394881486892700e-02 2.653926610946655273e-02 1.365234795957803726e-02 4.980180040001869202e-02 2.708676271140575409e-02 2.231497131288051605e-02 1.249417383223772049e-02 6.715358793735504150e-02 3.665837645530700684e-02 5.643873289227485657e-02 1.292935293167829514e-02 2.721158601343631744e-02 4.123422503471374512e-02 1.457654964178800583e-02 5.461386870592832565e-03 4.262783378362655640e-02 8.105429820716381073e-03 2.364461310207843781e-02 1.948583126068115234e-02 2.204555645585060120e-02 6.990879308432340622e-03 1.227789837867021561e-02 6.159744784235954285e-02 4.140679084230214357e-04 7.255211938172578812e-03 3.408122807741165161e-02 2.102787978947162628e-02 9.965900331735610962e-02 1.570477895438671112e-02 4.563885554671287537e-02 3.530107671394944191e-03 1.261559315025806427e-02 5.733756814152002335e-03 6.172153167426586151e-03 9.701247327029705048e-03 3.794868662953376770e-02 7.284096907824277878e-03 1.124775782227516174e-02 4.940498247742652893e-02 1.803557947278022766e-02 5.119211506098508835e-03 5.597123131155967712e-02 4.135972261428833008e-02 7.725294679403305054e-03 2.538062445819377899e-02 6.919012218713760376e-02 8.067621290683746338e-02 1.276454143226146698e-02 7.137947250157594681e-03 1.040354650467634201e-02 3.269121050834655762e-02 3.195454180240631104e-02 6.915927864611148834e-03 4.073295276612043381e-03 6.116237491369247437e-02 2.323881536722183228e-02 8.962413296103477478e-03 1.736291800625622272e-03 1.548003870993852615e-02 2.330883778631687164e-02 2.431591413915157318e-02 1.642353273928165436e-02 6.444593425840139389e-03 2.991969697177410126e-02 1.740014180541038513e-03 1.997686363756656647e-02 5.062734242528676987e-03 1.178728975355625153e-02 4.885612055659294128e-02 4.496547207236289978e-02 8.889619261026382446e-02 2.210019715130329132e-02 4.200287163257598877e-02 7.298839278519153595e-03 6.245021894574165344e-02 1.286420412361621857e-02 2.752642380073666573e-03 2.781333215534687042e-02 5.342355463653802872e-03 4.113859310746192932e-02 7.073038257658481598e-03 3.103167004883289337e-02 3.428905084729194641e-02 4.504193738102912903e-02 3.519355878233909607e-02 3.347751125693321228e-02 3.234650194644927979e-02 3.328253701329231262e-02 2.178966253995895386e-02 2.344139106571674347e-02 3.471642732620239258e-02 1.124945469200611115e-02 2.189871110022068024e-02 2.166436798870563507e-02 2.391626127064228058e-02 5.733025446534156799e-02 3.328789770603179932e-02
