2.655498310923576355e-02 1.053545176982879639e-01 8.815467357635498047e-03 6.754182279109954834e-02 6.663247942924499512e-02 1.397060882300138474e-02 5.969421193003654480e-02 3.423571214079856873e-02 5.214042030274868011e-03 2.942549251019954681e-02 8.732234686613082886e-02 5.072129517793655396e-02 2.312911674380302429e-02 2.652276493608951569e-02 3.409880399703979492e-02 5.104533396661281586e-03 6.251341104507446289e-02 2.401436679065227509e-02 3.624131903052330017e-02 5.374835431575775146e-02 1.609791186638176441e-03 2.923722565174102783e-02 3.074037097394466400e-02 2.610043436288833618e-02 1.369496993720531464e-02 2.565363980829715729e-02 2.512617968022823334e-02 4.295527189970016479e-02 7.044878602027893066e-02 2.660685218870639801e-02 3.321103006601333618e-02 2.559340745210647583e-02 1.287915837019681931e-02 1.060132496058940887e-02 1.909574866294860840e-02 3.844341263175010681e-02 1.004886435111984611e-04 8.497280627489089966e-02 3.840111568570137024e-02 5.506012216210365295e-02 6.588511914014816284e-02 6.878115981817245483e-02 9.071661159396171570e-03 5.993853136897087097e-02 6.245298683643341064e-02 8.245354890823364258e-02 6.874120235443115234e-02 2.550045028328895569e-03 3.867624700069427490e-02 1.781317032873630524e-02 2.562941610813140869e-02 1.615893840789794922e-02 1.301286742091178894e-02 4.116665199398994446e-02 5.998395383358001709e-02 3.543218970298767090e-02 2.762065082788467407e-02 1.576390862464904785e-02 3.977793455123901367e-02 1.829911582171916962e-02 1.277218479663133621e-02 6.068398058414459229e-02 1.292112562805414200e-02 3.422758355736732483e-02 3.733069822192192078e-02 3.384703304618597031e-03 4.306942597031593323e-02 2.084610611200332642e-02 1.933266222476959229e-02 2.342531224712729454e-03 1.467353664338588715e-02 2.534107863903045654e-02 1.882228814065456390e-02 2.800206467509269714e-02 4.152940958738327026e-02 4.851714894175529480e-02 5.589120090007781982e-02 1.559388544410467148e-02 1.219128258526325226e-02 5.761914700269699097e-02 2.511174418032169342e-02 1.453757658600807190e-02 4.450258612632751465e-02 2.333471924066543579e-02 5.034219846129417419e-02 7.985480129718780518e-03 2.808395586907863617e-02 4.019809886813163757e-02 2.793006598949432373e-02 6.896860897541046143e-03 6.936707347631454468e-02 7.061578799039125443e-03 8.085994422435760498e-02 3.818780183792114258e-02 1.729569157760124654e-05 6.036913767457008362e-02 2.000747993588447571e-02 3.331991285085678101e-02 6.205533165484666824e-03 2.634552679955959320e-02 8.110081776976585388e-03 5.874163284897804260e-02 4.107363894581794739e-02 6.275885552167892456e-02 1.270990166813135147e-02 3.953190147876739502e-02 2.646390162408351898e-02 5.502135492861270905e-03 3.891969099640846252e-02 1.844550855457782745e-02 7.015471905469894409e-02 2.250151336193084717e-02 4.435971006751060486e-02 7.215645164251327515e-02 1.580405607819557190e-02 2.181468764320015907e-03
1.053545176982879639e-01 3.746652975678443909e-02 3.823013603687286377e-02 1.022458355873823166e-02 2.457532659173011780e-02 9.802675805985927582e-03 1.747722737491130829e-02 3.643905371427536011e-02 6.736988574266433716e-02 7.093919813632965088e-02 5.161833763122558594e-02 7.488651573657989502e-02 1.603152789175510406e-02 7.585278898477554321e-02 6.241098791360855103e-02 2.149346284568309784e-03 3.913651779294013977e-02 4.598284605890512466e-03 4.531877487897872925e-02 1.385383191518485546e-03 3.443072363734245300e-02 8.149063587188720703e-02 3.833717480301856995e-02 8.869467303156852722e-03 1.670859195291996002e-02 1.882720855064690113e-03 9.619064629077911377e-03 5.565660074353218079e-02 5.555929988622665405e-02 6.911505479365587234e-03 3.909799456596374512e-02 4.041995853185653687e-02 1.924441754817962646e-02 5.802506115287542343e-03 4.505182616412639618e-03 3.915778920054435730e-02 2.322686463594436646e-02 9.667393565177917480e-02 1.379820238798856735e-02 3.088930435478687286e-02 4.984442889690399170e-02 1.017267256975173950e-01 3.494742512702941895e-02 3.977814689278602600e-02 5.527846142649650574e-02 7.125511020421981812e-02 3.855559602379798889e-02 7.209079712629318237e-02 4.855778999626636505e-03 8.398422971367835999e-03 5.992628633975982666e-02 9.403643198311328888e-03 1.557979732751846313e-02 5.545942112803459167e-03 4.395309835672378540e-02 4.074295982718467712e-02 4.322644323110580444e-03 3.435946628451347351e-02 2.842100895941257477e-02 1.597923785448074341e-02 3.065900504589080811e-02 3.643213212490081787e-02 4.090486094355583191e-02 3.121379530057311058e-03 4.726347833639010787e-05 1.302509289234876633e-02 5.901294201612472534e-02 6.317103654146194458e-02 3.969393298029899597e-02 4.387444350868463516e-03 2.834418974816799164e-02 2.729667350649833679e-02 2.972522377967834473e-02 2.720790356397628784e-02 1.943845301866531372e-02 1.544438488781452179e-02 5.106719210743904114e-02 3.337140008807182312e-02 2.474598959088325500e-02 3.143812716007232666e-02 1.052865106612443924e-02 1.957212388515472412e-02 1.641332171857357025e-02 5.349463317543268204e-03 1.797258667647838593e-02 1.763053238391876221e-02 5.415115877985954285e-02 5.404593795537948608e-02 5.694673955440521240e-02 4.443722218275070190e-02 3.535277396440505981e-02 1.422160770744085312e-03 7.142595201730728149e-02 9.566282480955123901e-02 4.550027474761009216e-02 8.487980812788009644e-02 1.313219498842954636e-02 6.469476968050003052e-02 4.606037959456443787e-02 1.436432637274265289e-02 1.429809443652629852e-02 5.391508713364601135e-02 4.629592224955558777e-02 6.960304826498031616e-02 6.534120440483093262e-02 9.041206911206245422e-03 1.627265289425849915e-02 1.205305196344852448e-02 5.972668156027793884e-02 1.260251272469758987e-02 2.707979641854763031e-02 2.191444858908653259e-02 7.962328195571899414e-02 4.663669317960739136e-02 4.023827239871025085e-02 8.491009473800659180e-02
8.815467357635498047e-03 3.823013603687286377e-02 3.065293654799461365e-02 8.277445286512374878e-02 6.443091481924057007e-02 5.254565551877021790e-02 1.131511386483907700e-02 2.424712926149368286e-01 1.838823407888412476e-02 2.729582972824573517e-02 6.514242291450500488e-02 3.668442741036415100e-02 2.169200032949447632e-02 8.856733329594135284e-03 9.956558234989643097e-03 3.659369796514511108e-02 2.389301359653472900e-02 2.557773701846599579e-02 3.518950194120407104e-02 1.387379970401525497e-02 3.013840503990650177e-02 8.512115105986595154e-03 2.263467013835906982e-02 3.028159728273749352e-03 4.602100700139999390e-02 2.342347428202629089e-02 3.856861963868141174e-02 2.540246956050395966e-02 1.402270514518022537e-02 4.515121877193450928e-02 1.881515420973300934e-02 2.202346362173557281e-02 3.514519333839416504e-02 5.616088584065437317e-02 3.072544187307357788e-02 7.822424918413162231e-02 4.422295838594436646e-02 3.496376797556877136e-02 6.460140645503997803e-02 1.596668548882007599e-02 3.048074990510940552e-02 1.158384308218955994e-01 7.794255018234252930e-02 2.709656953811645508e-02 1.432445272803306580e-02 1.061019208282232285e-02 4.742225259542465210e-02 5.082822963595390320e-02 1.349076814949512482e-02 2.932571992278099060e-02 5.839107930660247803e-02 5.738272145390510559e-02 9.172702580690383911e-02 1.197262015193700790e-02 5.459566414356231689e-02 6.897604465484619141e-02 2.914316765964031219e-02 1.717834733426570892e-02 1.000013798475265503e-01 4.792689904570579529e-02 4.484743997454643250e-02 1.000222004950046539e-02 7.482994347810745239e-02 5.376333137974143028e-04 1.241475343704223633e-02 1.838006824254989624e-02 4.619591869413852692e-03 8.957508020102977753e-03 3.473316133022308350e-02 4.297502338886260986e-02 4.556841775774955750e-02 8.159521967172622681e-03 2.723558060824871063e-02 1.810638047754764557e-02 2.686417894437909126e-03 6.907398812472820282e-03 4.976503923535346985e-02 1.945418305695056915e-02 1.146901398897171021e-02 7.962917443364858627e-04 2.646065056324005127e-01 5.863927304744720459e-02 6.725161522626876831e-02 7.615420222282409668e-02 1.851707696914672852e-03 1.451332308351993561e-02 5.071629583835601807e-02 6.516063213348388672e-02 2.886077389121055603e-02 2.716977521777153015e-02 7.271527778357267380e-03 4.476598277688026428e-02 3.233148902654647827e-02 4.814813286066055298e-02 1.630620332434773445e-03 4.508711770176887512e-02 9.643943980336189270e-03 3.969568014144897461e-02 1.542815007269382477e-02 4.652544856071472168e-03 1.986897364258766174e-02 1.272616907954216003e-02 3.634503856301307678e-02 2.570769563317298889e-02 3.784241899847984314e-02 2.122594602406024933e-02 4.185531288385391235e-02 5.998591706156730652e-02 3.611501306295394897e-02 4.556784406304359436e-02 9.819244034588336945e-03 1.274246573448181152e-01 2.175932563841342926e-02 2.313613146543502808e-02 7.675246149301528931e-02 1.939215324819087982e-02
6.754182279109954834e-02 1.022458355873823166e-02 8.277445286512374878e-02 6.641668733209371567e-03 1.291431933641433716e-01 1.230132859200239182e-02 5.522328615188598633e-02 8.293353021144866943e-02 4.229367710649967194e-03 4.499371722340583801e-02 2.765072323381900787e-02 2.207434549927711487e-02 3.659453243017196655e-02 8.497583866119384766e-02 1.730800140649080276e-03 9.925895929336547852e-02 7.523265480995178223e-02 5.203479900956153870e-02 3.112568147480487823e-02 1.746547408401966095e-02 2.134556137025356293e-02 1.946434006094932556e-02 7.232308387756347656e-02 1.172480508685112000e-01 5.586498082266189158e-05 2.344084344804286957e-02 3.836174681782722473e-02 2.994390204548835754e-02 2.257382497191429138e-02 5.248249694705009460e-02 3.079469129443168640e-02 3.500659391283988953e-02 2.361263521015644073e-02 9.193979203701019287e-03 4.324572160840034485e-02 2.699118293821811676e-02 9.163999557495117188e-02 4.987032338976860046e-02 9.067721664905548096e-02 4.383273795247077942e-02 4.525622818619012833e-03 1.885613985359668732e-02 4.517416656017303467e-02 9.842738509178161621e-03 1.348122768104076385e-02 5.281053110957145691e-02 6.191874668002128601e-02 7.512801326811313629e-03 2.299232035875320435e-02 5.354367569088935852e-02 4.427378624677658081e-02 6.808366626501083374e-02 1.148854475468397141e-02 1.967326179146766663e-02 3.944545984268188477e-02 6.722205132246017456e-02 8.028559386730194092e-02 1.579149439930915833e-02 3.193309158086776733e-02 1.589411310851573944e-02 1.257093846797943115e-01 4.723414406180381775e-02 2.622176520526409149e-02 3.392691165208816528e-02 1.074420940130949020e-02 1.143571455031633377e-02 8.316666819155216217e-03 2.425803244113922119e-02 8.547341078519821167e-02 6.986422464251518250e-03 4.838796798139810562e-03 5.162598192691802979e-02 1.545720994472503662e-01 2.382113412022590637e-02 7.983727753162384033e-02 2.502354979515075684e-02 3.631167113780975342e-02 4.294513165950775146e-02 3.043879009783267975e-02 1.510014478117227554e-02 1.287992149591445923e-01 4.478621482849121094e-02 2.286393754184246063e-02 6.936548650264739990e-02 4.206119105219841003e-02 6.372360140085220337e-02 1.722521707415580750e-02 4.056353587657213211e-03 1.337537914514541626e-01 8.012089878320693970e-02 2.145398594439029694e-02 3.857619594782590866e-03 1.168074924498796463e-02 7.165092229843139648e-02 4.845513403415679932e-02 2.275989949703216553e-02 3.763974830508232117e-02 3.799301385879516602e-02 2.171139791607856750e-02 2.799103781580924988e-02 5.105398967862129211e-02 3.499517333693802357e-04 5.656007211655378342e-03 6.337305158376693726e-02 7.688615471124649048e-03 5.613075941801071167e-02 6.317288428544998169e-02 5.352505668997764587e-02 1.203554589301347733e-02 1.368780061602592468e-02 9.377643000334501266e-04 6.549646705389022827e-02 1.599492877721786499e-02 1.253259368240833282e-02 5.888754501938819885e-02 3.337949514389038086e-02
6.663247942924499512e-02 2.457532659173011780e-02 6.443091481924057007e-02 1.291431933641433716e-01 3.713502734899520874e-02 1.757472939789295197e-02 3.112123720347881317e-02 2.760788658633828163e-03 5.102399364113807678e-02 2.563955262303352356e-02 6.041154265403747559e-02 3.752211853861808777e-02 6.857336312532424927e-02 1.787807233631610870e-02 9.227980859577655792e-03 4.127086605876684189e-03 1.453679706901311874e-02 8.500547707080841064e-02 2.461242116987705231e-02 6.511705927550792694e-03 3.833450004458427429e-02 2.542734704911708832e-02 1.657726243138313293e-02 7.259286940097808838e-02 2.839404391124844551e-03 8.530764281749725342e-02 6.624145060777664185e-02 6.802146136760711670e-02 2.168744802474975586e-02 7.626945618540048599e-03 1.543048489838838577e-02 4.176387190818786621e-02 3.007114864885807037e-02 3.001695498824119568e-02 5.048513785004615784e-02 1.024834904819726944e-02 5.178029835224151611e-02 2.042714878916740417e-02 9.202677011489868164e-02 1.678407639265060425e-01 3.437808156013488770e-02 1.771281473338603973e-02 9.453740902245044708e-03 6.617216859012842178e-03 1.966015808284282684e-02 2.538632228970527649e-02 4.034406319260597229e-02 4.315436631441116333e-02 1.086206827312707901e-02 6.349504739046096802e-02 2.428235718980431557e-03 8.445997722446918488e-03 1.471655163913965225e-02 5.388095974922180176e-02 2.367142215371131897e-02 2.853723429143428802e-02 7.415629178285598755e-02 2.477900870144367218e-02 1.249637641012668610e-02 6.025750562548637390e-02 6.642601639032363892e-02 6.128759309649467468e-02 4.167656973004341125e-02 6.655379384756088257e-02 4.686903581023216248e-02 2.417376497760415077e-03 2.609479054808616638e-02 6.729561835527420044e-02 3.552547097206115723e-02 4.467530176043510437e-02 2.546588890254497528e-02 3.724405169486999512e-02 9.559813141822814941e-02 1.344328932464122772e-02 1.805027723312377930e-01 1.170821487903594971e-01 6.385748833417892456e-02 1.634417916648089886e-03 3.256090730428695679e-02 6.121234968304634094e-02 1.749793998897075653e-02 4.120535776019096375e-02 9.599005430936813354e-02 6.756169348955154419e-02 3.862614929676055908e-02 1.671409420669078827e-02 4.519778303802013397e-03 1.988586410880088806e-02 3.967543318867683411e-02 5.253173410892486572e-02 3.134077042341232300e-02 2.716232649981975555e-02 6.613205187022686005e-03 9.963547810912132263e-03 4.432522878050804138e-02 2.415565028786659241e-02 5.758880451321601868e-02 3.413701429963111877e-02 3.777062147855758667e-02 1.740219769999384880e-03 6.232059560716152191e-03 2.242137491703033447e-02 2.229367755353450775e-02 2.707116072997450829e-03 9.551923722028732300e-03 1.933873072266578674e-02 3.370404243469238281e-02 1.107142423279583454e-03 1.008506584912538528e-02 4.022985324263572693e-02 6.483604758977890015e-02 2.727616578340530396e-02 2.471783570945262909e-02 4.413400962948799133e-02 5.464508756995201111e-02 7.553619146347045898e-02
1.397060882300138474e-02 9.802675805985927582e-03 5.254565551877021790e-02 1.230132859200239182e-02 1.757472939789295197e-02 4.910878092050552368e-02 2.380979508161544800e-01 3.641635179519653320e-02 3.789617866277694702e-02 4.843526706099510193e-02 9.028426557779312134e-02 1.632727682590484619e-02 1.509424149990081787e-01 5.267654359340667725e-02 1.140166167169809341e-02 2.380548790097236633e-02 3.216103091835975647e-02 8.273971080780029297e-02 9.005449712276458740e-03 2.620714530348777771e-02 4.486653208732604980e-02 2.740444615483283997e-02 2.942271530628204346e-02 6.138248369097709656e-02 3.366124629974365234e-02 3.963793569710105658e-04 1.542962715029716492e-02 1.710128597915172577e-02 2.275037346407771111e-03 4.815799742937088013e-02 5.490554124116897583e-02 3.145628049969673157e-02 3.164683934301137924e-03 1.448483671993017197e-02 4.929225891828536987e-02 2.863967791199684143e-02 2.339543215930461884e-02 6.432747095823287964e-02 3.041337011381983757e-03 4.413887485861778259e-02 5.928933620452880859e-03 1.382819283753633499e-02 1.453769672662019730e-02 9.104939177632331848e-03 4.732042551040649414e-02 2.626237832009792328e-02 1.376517117023468018e-01 1.361013054847717285e-01 5.629824846982955933e-02 2.661033533513545990e-02 1.011391505599021912e-01 3.982377052307128906e-02 3.668568283319473267e-02 3.990430757403373718e-02 8.555033244192600250e-03 2.430117875337600708e-02 4.005386307835578918e-02 7.031417451798915863e-03 3.918460011482238770e-02 3.822581842541694641e-02 6.137668341398239136e-02 9.859333746135234833e-03 3.763770684599876404e-02 9.916076064109802246e-02 1.811147481203079224e-02 9.062029421329498291e-02 1.199133321642875671e-02 3.108784323558211327e-03 8.508271723985671997e-02 8.091748692095279694e-03 3.785174107179045677e-03 4.469118267297744751e-02 3.030741028487682343e-02 1.255613658577203751e-02 4.810649435967206955e-03 1.582298427820205688e-02 2.338126488029956818e-02 1.027593668550252914e-02 1.817236840724945068e-02 1.274963188916444778e-02 3.355213254690170288e-02 3.314704820513725281e-02 2.406319417059421539e-02 1.834983751177787781e-02 2.428958751261234283e-02 6.040941923856735229e-02 1.510827522724866867e-02 2.095491439104080200e-02 5.541500821709632874e-02 6.123938132077455521e-03 2.665201202034950256e-02 3.497624024748802185e-02 4.522287845611572266e-02 3.799755498766899109e-02 9.373514913022518158e-03 2.997613977640867233e-03 3.404106572270393372e-02 2.147000469267368317e-02 1.545932702720165253e-02 7.101541385054588318e-03 3.460004553198814392e-02 1.849351264536380768e-02 5.067302845418453217e-04 8.722351491451263428e-02 5.745859444141387939e-02 1.113742962479591370e-02 1.250797603279352188e-02 4.747814685106277466e-02 1.867272518575191498e-02 1.585700176656246185e-02 2.197378873825073242e-02 3.651523217558860779e-02 3.724728524684906006e-02 7.333946973085403442e-02 7.120032608509063721e-02 6.037402525544166565e-02
5.969421193003654480e-02 1.747722737491130829e-02 1.131511386483907700e-02 5.522328615188598633e-02 3.112123720347881317e-02 2.380979508161544800e-01 5.223079770803451538e-02 3.043193183839321136e-02 7.231662422418594360e-02 2.241444401443004608e-02 1.348477508872747421e-02 3.561137476935982704e-03 1.344398260116577148e-01 6.058658938854932785e-03 3.997567109763622284e-03 1.020395290106534958e-02 3.993838280439376831e-02 9.618839621543884277e-02 2.538895234465599060e-02 1.147109363228082657e-02 1.334513351321220398e-02 6.659344583749771118e-02 9.596936404705047607e-03 2.220769971609115601e-02 6.406946573406457901e-03 4.089735820889472961e-02 2.139472961425781250e-02 8.740449324250221252e-03 9.569874033331871033e-03 7.094415277242660522e-02 1.764231324195861816e-01 2.197616733610630035e-03 6.547296070493757725e-04 8.854739367961883545e-03 2.878216654062271118e-02 5.673078820109367371e-03 1.633389270864427090e-03 3.591905906796455383e-02 4.530770331621170044e-02 2.824153564870357513e-02 1.172275934368371964e-02 7.185944914817810059e-02 2.413864806294441223e-02 1.746321469545364380e-02 6.275961175560951233e-03 6.362619996070861816e-02 1.049679666757583618e-01 2.124635577201843262e-01 6.394036859273910522e-02 2.106123603880405426e-02 3.813400864601135254e-02 2.252795360982418060e-02 4.951752722263336182e-02 3.422705829143524170e-02 9.269624017179012299e-03 2.356440573930740356e-02 5.962752271443605423e-03 1.015347428619861603e-02 8.196750283241271973e-02 5.246390029788017273e-02 3.175883740186691284e-02 2.071160264313220978e-02 8.736386895179748535e-03 3.912035748362541199e-02 1.236619707196950912e-02 1.141299381852149963e-01 4.701149649918079376e-03 7.403600029647350311e-03 4.781481251120567322e-02 9.561736136674880981e-03 1.639748923480510712e-02 1.241787336766719818e-02 4.970388859510421753e-02 5.339343100786209106e-02 7.455021888017654419e-02 4.721903055906295776e-02 9.718547016382217407e-02 2.553291385993361473e-03 4.140958189964294434e-02 3.077970072627067566e-02 4.303152486681938171e-02 4.811744764447212219e-02 2.519830130040645599e-02 2.743114717304706573e-02 2.261719480156898499e-02 6.966014206409454346e-02 3.936024010181427002e-02 1.663133502006530762e-02 3.391660377383232117e-02 2.147241681814193726e-02 9.685256518423557281e-03 3.380645066499710083e-02 5.655472353100776672e-02 1.366715133190155029e-02 6.124940887093544006e-02 4.406308755278587341e-02 4.977567121386528015e-03 2.740470319986343384e-02 3.609576087910681963e-04 1.081264484673738480e-02 1.169581245630979538e-02 8.214773982763290405e-02 1.121171377599239349e-02 7.339940220117568970e-02 1.113037299364805222e-02 3.449911624193191528e-02 8.106184192001819611e-03 6.846516579389572144e-02 6.952976435422897339e-02 7.258968800306320190e-02 2.117367694154381752e-03 5.415048077702522278e-02 1.193428877741098404e-02 3.141296654939651489e-02 5.733599420636892319e-03 3.779358416795730591e-02
3.423571214079856873e-02 3.643905371427536011e-02 2.424712926149368286e-01 8.293353021144866943e-02 2.760788658633828163e-03 3.641635179519653320e-02 3.043193183839321136e-02 2.518964186310768127e-02 5.209650471806526184e-02 3.164582327008247375e-02 1.586535759270191193e-02 3.203441202640533447e-02 5.696077272295951843e-02 5.493697896599769592e-02 1.104990988969802856e-01 1.985278353095054626e-02 2.592577226459980011e-02 5.969872325658798218e-02 1.597423106431961060e-02 5.094924941658973694e-02 2.596973627805709839e-02 2.621876262128353119e-02 9.135007858276367188e-03 1.901114918291568756e-02 1.085259951651096344e-02 1.004081033170223236e-02 1.607900857925415039e-02 5.435899272561073303e-02 2.832615748047828674e-02 2.288381941616535187e-02 9.695414453744888306e-03 1.328388461843132973e-04 1.640409976243972778e-02 2.784213237464427948e-02 6.917052436619997025e-03 2.766442112624645233e-02 6.705228984355926514e-02 1.376948226243257523e-02 4.393995180726051331e-02 4.493414238095283508e-02 7.239374518394470215e-02 2.660776674747467041e-02 7.208961993455886841e-02 1.031519658863544464e-02 1.093897223472595215e-02 3.949910402297973633e-02 3.674822300672531128e-02 4.934375360608100891e-02 3.271249355748295784e-03 2.518410235643386841e-02 5.304781347513198853e-02 5.127502139657735825e-03 2.572524920105934143e-02 1.723429746925830841e-02 5.768051836639642715e-03 2.515619993209838867e-02 2.786079049110412598e-02 4.744520410895347595e-03 6.997672468423843384e-02 6.943691521883010864e-02 4.019631445407867432e-02 3.097836859524250031e-02 7.096298784017562866e-02 2.612429298460483551e-02 9.455356746912002563e-03 3.779109567403793335e-02 7.008742541074752808e-03 6.794538348913192749e-02 4.568823054432868958e-02 1.904773875139653683e-03 6.543511897325515747e-02 6.250548362731933594e-02 2.875987999141216278e-02 1.292842719703912735e-02 1.687749475240707397e-02 2.359204459935426712e-03 3.910014033317565918e-02 8.938906341791152954e-02 1.570203527808189392e-02 3.459947556257247925e-02 2.073546499013900757e-01 1.831271499395370483e-01 1.075569819658994675e-02 3.897204250097274780e-02 9.700666181743144989e-03 2.713867649435997009e-02 1.336381286382675171e-01 5.405990034341812134e-02 6.019535358063876629e-04 6.886436045169830322e-02 1.047974359244108200e-02 7.933820784091949463e-02 3.067964222282171249e-03 8.717738091945648193e-03 4.139204695820808411e-02 1.582376472651958466e-02 2.060825377702713013e-02 3.445844352245330811e-02 1.146073080599308014e-02 1.928193122148513794e-02 1.797017827630043030e-02 3.841878846287727356e-02 3.668865188956260681e-02 9.316412359476089478e-02 1.926234550774097443e-02 2.270949073135852814e-03 2.057955414056777954e-02 3.826322034001350403e-02 7.283049821853637695e-02 4.042282328009605408e-02 2.340946905314922333e-02 3.640760108828544617e-02 1.810408011078834534e-02 2.306419983506202698e-02 2.085367217659950256e-02 1.461272221058607101e-02
5.214042030274868011e-03 6.736988574266433716e-02 1.838823407888412476e-02 4.229367710649967194e-03 5.102399364113807678e-02 3.789617866277694702e-02 7.231662422418594360e-02 5.209650471806526184e-02 6.874185800552368164e-02 6.382773071527481079e-02 4.309272393584251404e-02 9.705332666635513306e-02 2.434042282402515411e-03 3.007646277546882629e-02 1.834629662334918976e-02 1.476615481078624725e-02 7.927208393812179565e-02 1.013942882418632507e-01 5.321418121457099915e-02 7.096065208315849304e-03 2.471423707902431488e-03 3.559346776455640793e-03 5.116060376167297363e-02 3.911457955837249756e-02 4.282429814338684082e-02 2.317123487591743469e-02 2.094845101237297058e-02 4.949885979294776917e-02 6.146721169352531433e-02 6.677400320768356323e-02 4.089024849236011505e-03 4.461854696273803711e-02 4.845801740884780884e-02 1.630952768027782440e-02 8.620078675448894501e-03 3.177951276302337646e-02 2.443737909197807312e-02 3.226523753255605698e-03 6.085556373000144958e-02 1.122671216726303101e-01 7.083594799041748047e-03 8.492116630077362061e-02 2.837268449366092682e-02 2.405835688114166260e-02 4.562931880354881287e-02 2.790147624909877777e-02 5.911190435290336609e-02 3.106797672808170319e-02 1.321566253900527954e-01 6.713709980249404907e-02 2.357401140034198761e-02 4.270347580313682556e-02 3.964467439800500870e-03 1.867982186377048492e-02 1.861513108015060425e-01 3.398692980408668518e-02 8.797328174114227295e-02 6.155046075582504272e-02 3.407789394259452820e-02 2.516200393438339233e-02 8.041293174028396606e-02 1.319706160575151443e-02 2.374026179313659668e-02 5.792141705751419067e-02 4.584381729364395142e-02 2.317620068788528442e-02 1.649967953562736511e-02 4.364350810647010803e-02 8.146957494318485260e-03 4.142789915204048157e-02 5.899396166205406189e-02 9.404114098288118839e-04 3.402140364050865173e-02 7.281056046485900879e-02 4.917512089014053345e-02 1.724370382726192474e-02 1.512122303247451782e-01 2.490936778485774994e-02 6.937765330076217651e-02 4.978679120540618896e-02 3.327530808746814728e-03 3.946198895573616028e-02 9.714780747890472412e-02 3.063504211604595184e-02 6.746917497366666794e-03 8.699543774127960205e-03 2.643844485282897949e-02 1.687365770339965820e-02 1.401184499263763428e-01 3.109372407197952271e-02 6.343688070774078369e-02 2.413058467209339142e-02 1.808853074908256531e-02 4.389748722314834595e-02 1.020568143576383591e-02 3.299802914261817932e-02 3.360219299793243408e-02 9.314806759357452393e-02 4.750269651412963867e-02 1.999679952859878540e-03 3.409413853660225868e-03 2.267333213239908218e-03 1.159941032528877258e-02 7.201282680034637451e-02 1.086119338870048523e-01 2.926406450569629669e-02 2.641204185783863068e-02 2.510413713753223419e-02 6.063560396432876587e-02 3.025157935917377472e-02 4.746512696146965027e-02 1.151745300740003586e-02 4.085475951433181763e-02 5.421636998653411865e-02 7.444862741976976395e-03 6.576880812644958496e-02
2.942549251019954681e-02 7.093919813632965088e-02 2.729582972824573517e-02 4.499371722340583801e-02 2.563955262303352356e-02 4.843526706099510193e-02 2.241444401443004608e-02 3.164582327008247375e-02 6.382773071527481079e-02 8.549369126558303833e-02 2.654459327459335327e-02 7.455749902874231339e-03 1.029115915298461914e-02 5.790759623050689697e-02 2.319657802581787109e-02 5.131264030933380127e-02 1.909417472779750824e-02 8.304435759782791138e-02 1.063787266612052917e-01 6.700901687145233154e-02 1.258443668484687805e-02 1.904004067182540894e-02 5.919105932116508484e-02 6.930623948574066162e-02 3.560774028301239014e-02 4.501844756305217743e-03 1.389854960143566132e-02 7.950534671545028687e-02 1.110777739086188376e-04 5.401299893856048584e-02 2.577834948897361755e-02 2.075854130089282990e-02 1.346579845994710922e-02 5.513988062739372253e-02 2.092620544135570526e-02 4.092479869723320007e-02 8.311969786882400513e-02 1.905704103410243988e-02 6.693920493125915527e-02 7.463939487934112549e-02 4.936697427183389664e-03 4.217352718114852905e-02 1.974673755466938019e-02 3.156510367989540100e-02 7.399029284715652466e-02 2.697747200727462769e-02 2.169803157448768616e-02 4.234271589666604996e-03 6.110570579767227173e-02 1.491110920906066895e-01 3.883962053805589676e-03 4.082885384559631348e-02 1.044848840683698654e-02 2.424863167107105255e-02 3.803630173206329346e-02 1.339249759912490845e-01 5.645149573683738708e-02 6.142119690775871277e-02 4.490525647997856140e-02 4.524967074394226074e-02 2.070195600390434265e-02 4.738930985331535339e-02 5.163782835006713867e-02 4.143155738711357117e-02 2.762953191995620728e-02 4.919173661619424820e-03 2.184603177011013031e-02 3.543954715132713318e-02 1.206140778958797455e-02 5.927123874425888062e-02 1.540979184210300446e-02 5.763930082321166992e-02 2.843658812344074249e-02 6.533870846033096313e-02 7.754305005073547363e-02 9.635228663682937622e-03 1.176030468195676804e-02 2.094381153583526611e-01 1.948152482509613037e-02 1.544670760631561279e-01 4.314510151743888855e-02 3.387592360377311707e-02 5.468270182609558105e-02 1.250194460153579712e-01 3.007323294878005981e-02 8.764830976724624634e-02 5.159137770533561707e-02 6.820660084486007690e-02 6.489674095064401627e-03 9.287782758474349976e-02 2.937573194503784180e-02 1.416826713830232620e-02 5.339887365698814392e-02 3.014761395752429962e-02 9.229799360036849976e-02 3.738591447472572327e-02 3.872770071029663086e-02 9.078358113765716553e-02 3.275704011321067810e-02 4.669594392180442810e-02 2.915683016180992126e-02 2.099657058715820312e-02 7.289634644985198975e-02 3.955871611833572388e-02 9.107867628335952759e-02 6.604320369660854340e-03 5.791547242552042007e-03 2.817277610301971436e-02 2.187285013496875763e-02 2.585222013294696808e-02 3.540870919823646545e-02 3.092807158827781677e-02 7.641575485467910767e-02 3.219172731041908264e-02 4.969428852200508118e-02 5.318220332264900208e-02
8.732234686613082886e-02 5.161833763122558594e-02 6.514242291450500488e-02 2.765072323381900787e-02 6.041154265403747559e-02 9.028426557779312134e-02 1.348477508872747421e-02 1.586535759270191193e-02 4.309272393584251404e-02 2.654459327459335327e-02 4.685329273343086243e-02 1.073550898581743240e-02 1.784964501857757568e-01 2.996110171079635620e-02 1.800003275275230408e-02 4.004476964473724365e-02 6.332003977149724960e-04 4.976242035627365112e-02 2.369277738034725189e-02 2.480133064091205597e-02 4.163551330566406250e-02 4.102951660752296448e-02 3.503638319671154022e-03 5.812285933643579483e-03 2.119938842952251434e-02 2.126723341643810272e-02 1.523641124367713928e-02 2.598853595554828644e-02 6.854682415723800659e-02 5.953158810734748840e-02 1.512174215167760849e-02 3.027106821537017822e-02 4.421989247202873230e-02 1.123861689120531082e-02 1.798927597701549530e-02 6.889394670724868774e-02 4.737456515431404114e-02 1.988942921161651611e-02 1.810269057750701904e-02 1.285592652857303619e-02 7.827736437320709229e-02 2.615679986774921417e-02 5.693082883954048157e-02 5.815970525145530701e-02 4.421333316713571548e-03 6.007340550422668457e-02 3.365183994174003601e-02 1.353113446384668350e-02 4.227827861905097961e-02 9.740447625517845154e-03 1.000036392360925674e-02 7.949005812406539917e-02 7.212173193693161011e-02 7.536999881267547607e-02 1.038386253640055656e-03 4.861045256257057190e-02 2.662843652069568634e-02 2.064006030559539795e-02 4.937531054019927979e-02 2.214720286428928375e-02 1.938535273075103760e-02 5.622519180178642273e-02 1.704205200076103210e-02 3.908291459083557129e-02 5.780997872352600098e-02 5.978853628039360046e-02 3.459453955292701721e-02 3.086380474269390106e-02 1.084061153233051300e-02 1.810469850897789001e-02 1.544672343879938126e-02 4.503034800291061401e-02 2.931333892047405243e-02 1.063261367380619049e-02 1.498599816113710403e-02 9.654197841882705688e-03 1.595874316990375519e-02 5.536800250411033630e-02 1.153168361634016037e-02 5.050664767622947693e-02 6.411168724298477173e-03 2.277773246169090271e-02 1.431758422404527664e-02 3.020694106817245483e-02 5.314312502741813660e-02 2.723254449665546417e-02 7.043750584125518799e-02 7.017881423234939575e-02 9.699887596070766449e-03 6.485032290220260620e-02 8.089310675859451294e-02 1.690423674881458282e-02 2.858032658696174622e-02 3.876941278576850891e-02 4.932541027665138245e-02 6.996501237154006958e-02 2.778409793972969055e-02 5.456893146038055420e-02 2.561469934880733490e-02 2.551427483558654785e-02 2.532234787940979004e-02 2.241713367402553558e-02 2.662421390414237976e-02 3.241029754281044006e-02 9.023325145244598389e-02 1.573006249964237213e-02 2.300613000988960266e-02 1.258122455328702927e-02 2.596015110611915588e-02 1.386191602796316147e-02 2.076085098087787628e-02 5.502255260944366455e-02 3.755751997232437134e-02 5.756858363747596741e-02 5.268068239092826843e-02 2.078783325850963593e-02
5.072129517793655396e-02 7.488651573657989502e-02 3.668442741036415100e-02 2.207434549927711487e-02 3.752211853861808777e-02 1.632727682590484619e-02 3.561137476935982704e-03 3.203441202640533447e-02 9.705332666635513306e-02 7.455749902874231339e-03 1.073550898581743240e-02 3.861214593052864075e-02 1.238972321152687073e-02 1.385206580162048340e-01 4.335946217179298401e-02 2.782183885574340820e-02 1.876175403594970703e-02 5.163343250751495361e-02 6.397880613803863525e-02 4.150779172778129578e-02 3.319144621491432190e-02 3.867655619978904724e-02 1.865887269377708435e-02 2.154818736016750336e-02 5.035450309514999390e-02 1.137641165405511856e-02 5.256472155451774597e-03 9.584907442331314087e-02 2.232616208493709564e-02 6.278152018785476685e-02 2.242173440754413605e-02 1.791837625205516815e-02 1.646044850349426270e-02 4.342604428529739380e-02 6.905821152031421661e-03 4.323249682784080505e-02 6.692111492156982422e-02 1.071083452552556992e-02 3.470551595091819763e-02 5.216345191001892090e-02 1.019346155226230621e-02 1.341698691248893738e-02 3.913669846951961517e-03 7.560198660939931870e-03 6.247677654027938843e-02 3.132399171590805054e-02 2.593307010829448700e-02 5.775160342454910278e-02 3.831093385815620422e-02 4.682502523064613342e-02 2.984918467700481415e-02 4.215451329946517944e-02 9.850677102804183960e-03 7.349604368209838867e-02 4.650141671299934387e-02 4.283429309725761414e-02 4.076528176665306091e-02 5.256702378392219543e-02 4.356787726283073425e-02 4.644888639450073242e-02 4.434587061405181885e-02 4.302788525819778442e-02 1.421771571040153503e-02 4.944411572068929672e-03 4.125087335705757141e-02 4.298455268144607544e-02 7.163574546575546265e-02 3.180854022502899170e-02 1.055618841201066971e-02 4.010949283838272095e-02 6.612753123044967651e-02 2.204871270805597305e-03 3.306749090552330017e-02 1.421754341572523117e-02 1.645607501268386841e-02 3.223161026835441589e-02 1.151096448302268982e-01 4.408893361687660217e-02 4.367480799555778503e-02 2.624615281820297241e-02 1.640960015356540680e-02 9.202240034937858582e-03 4.609463363885879517e-02 1.755778864026069641e-02 4.791426658630371094e-02 2.249685488641262054e-02 2.820110507309436798e-02 4.012300819158554077e-02 7.685515284538269043e-02 5.218939110636711121e-02 7.153554260730743408e-02 3.396214544773101807e-02 2.404076419770717621e-02 3.381899092346429825e-03 4.650229215621948242e-02 5.144581943750381470e-02 3.308250801637768745e-03 7.376001775264739990e-02 6.140139698982238770e-02 9.071605280041694641e-03 5.856401287019252777e-03 4.470480978488922119e-02 3.560720384120941162e-02 4.041529819369316101e-02 4.369731526821851730e-03 2.380546182394027710e-02 4.274754971265792847e-02 4.513877257704734802e-02 4.054547101259231567e-02 3.196081519126892090e-02 1.153032016009092331e-02 2.689299546182155609e-02 9.710476733744144440e-04 6.027413532137870789e-02 3.802604600787162781e-02 2.388453669846057892e-02
2.312911674380302429e-02 1.603152789175510406e-02 2.169200032949447632e-02 3.659453243017196655e-02 6.857336312532424927e-02 1.509424149990081787e-01 1.344398260116577148e-01 5.696077272295951843e-02 2.434042282402515411e-03 1.029115915298461914e-02 1.784964501857757568e-01 1.238972321152687073e-02 6.764859706163406372e-02 1.976082287728786469e-02 1.460245717316865921e-02 6.969700008630752563e-02 4.039267450571060181e-02 2.467672154307365417e-02 3.111108392477035522e-02 4.301301762461662292e-02 2.049454301595687866e-02 5.651415511965751648e-02 6.142790615558624268e-02 3.562428057193756104e-02 6.143553927540779114e-02 4.685793817043304443e-02 1.999003812670707703e-02 4.431551322340965271e-02 5.308317393064498901e-02 7.632392644882202148e-02 8.682908862829208374e-02 5.120193958282470703e-02 6.657162308692932129e-02 4.030843451619148254e-02 2.269587852060794830e-02 8.470272272825241089e-02 1.434035017155110836e-03 2.054291544482111931e-03 4.675815626978874207e-02 3.308093547821044922e-02 8.086654124781489372e-04 2.035249583423137665e-02 4.495160281658172607e-02 4.950644075870513916e-02 6.911468505859375000e-02 6.132514402270317078e-02 6.618025898933410645e-02 1.304836571216583252e-01 1.153580937534570694e-02 3.613132610917091370e-02 6.826754659414291382e-02 3.199674934148788452e-02 3.454942023381590843e-03 4.792523011565208435e-02 1.697452738881111145e-02 1.143817231059074402e-02 1.575588248670101166e-02 3.892639186233282089e-03 5.762008205056190491e-02 1.018325891345739365e-02 2.207399904727935791e-02 5.347552895545959473e-02 9.807433933019638062e-03 3.734758123755455017e-02 9.708691388368606567e-03 7.781419157981872559e-02 7.463962584733963013e-02 1.849430613219738007e-02 1.464289985597133636e-02 4.467578604817390442e-02 2.922318875789642334e-02 1.405622065067291260e-02 3.800697997212409973e-02 8.054862730205059052e-03 9.800298139452934265e-03 2.760405885055661201e-03 4.126222338527441025e-03 2.165193902328610420e-03 5.026178807020187378e-02 1.664103567600250244e-02 4.006210714578628540e-02 4.368413239717483521e-02 2.443119324743747711e-02 3.999848663806915283e-02 1.872188225388526917e-02 4.725011438131332397e-02 1.834898814558982849e-02 6.365484744310379028e-02 4.488844424486160278e-02 2.706709876656532288e-02 2.178278379142284393e-02 3.894024714827537537e-02 2.803694456815719604e-02 3.114800900220870972e-03 3.040913678705692291e-02 8.541965484619140625e-02 1.941585354506969452e-02 9.426116943359375000e-02 5.393671989440917969e-02 1.581681519746780396e-02 5.180949810892343521e-03 3.584573790431022644e-02 7.552272174507379532e-03 7.807560265064239502e-02 2.519801072776317596e-02 8.360465988516807556e-03 8.176890015602111816e-02 3.560663433745503426e-03 5.432615801692008972e-02 8.057554811239242554e-02 8.601670712232589722e-02 3.419330343604087830e-02 6.763307005167007446e-02 7.739765197038650513e-02 2.945396490395069122e-02 2.414377406239509583e-02
