1.856501251459121704e-01 2.531919181346893311e-01 5.868284963071346283e-03 2.452460583299398422e-03 2.894095145165920258e-02 1.146314069628715515e-01 7.021567970514297485e-02 3.326644003391265869e-02 3.746644407510757446e-02 1.535572577267885208e-03 1.636518090963363647e-01 1.100676786154508591e-02 1.395171880722045898e-01 1.623064093291759491e-02 3.899334371089935303e-02 1.225851941853761673e-02 4.167506843805313110e-02 3.808474540710449219e-02 2.552605792880058289e-02 1.932741142809391022e-02 1.560261193662881851e-02 1.201313827186822891e-02 4.701026156544685364e-02 6.084299180656671524e-03 3.431186079978942871e-03 1.013297121971845627e-02 1.793254353106021881e-02 1.011140551418066025e-02 1.692790910601615906e-02 4.787424206733703613e-02 2.739008329808712006e-02 4.393948614597320557e-02 2.973920293152332306e-02 3.238622099161148071e-02 2.765340916812419891e-02 7.193302363157272339e-02 8.129864186048507690e-02 2.681021392345428467e-02 1.928140223026275635e-02 1.833452470600605011e-02 1.637711003422737122e-02 3.462260065134614706e-04 4.343206435441970825e-02 5.148235242813825607e-03 6.854413077235221863e-03 6.002588663250207901e-03 2.514078468084335327e-02 4.880451411008834839e-02 5.715982243418693542e-02 8.684014528989791870e-02 1.223943079821765423e-03 2.339999005198478699e-02 2.985069714486598969e-02 1.227234397083520889e-02 1.424314454197883606e-02 1.092313826084136963e-01 2.339801378548145294e-02 1.455124933272600174e-02 5.004651471972465515e-02 3.321579098701477051e-02 3.621005266904830933e-02 7.395288906991481781e-03 9.359571151435375214e-03 2.983037754893302917e-02 8.755720220506191254e-03 5.752556957304477692e-03 2.355227060616016388e-02 5.438934639096260071e-02 4.145964235067367554e-02 2.551755309104919434e-02 6.332951039075851440e-02 1.607000268995761871e-02 4.149173945188522339e-02 9.655438363552093506e-03 3.531054407358169556e-02 1.879099057987332344e-03 1.846353337168693542e-02 2.673968859016895294e-02 5.372003093361854553e-02 2.778109721839427948e-02 2.538904920220375061e-02 2.742460928857326508e-02 3.083170577883720398e-02 5.603327602148056030e-02 5.627709254622459412e-02 5.414461717009544373e-02 3.784285113215446472e-02 2.079427475109696388e-03 2.578819729387760162e-02 1.823097281157970428e-02 3.164713457226753235e-02 4.150034114718437195e-02 3.011870570480823517e-02 4.147033020853996277e-02 1.838882267475128174e-02 3.632998466491699219e-02 2.965882606804370880e-02 5.891527980566024780e-03 7.861356250941753387e-03 1.365494634956121445e-02 5.471378192305564880e-02 2.598208375275135040e-04 1.396037172526121140e-02 7.009054068475961685e-03 1.071998383849859238e-02 2.706172643229365349e-03 1.633395813405513763e-02 2.281008288264274597e-03 1.442083064466714859e-02 5.944240838289260864e-03 2.348071336746215820e-02 4.044964909553527832e-03 1.787437871098518372e-02 7.731135934591293335e-02 3.060579299926757812e-03 3.121537901461124420e-02
2.531919181346893311e-01 2.020291090011596680e-01 5.029525607824325562e-02 3.179462999105453491e-02 1.277782395482063293e-02 8.935578167438507080e-02 1.371987164020538330e-01 1.936052739620208740e-02 4.615413025021553040e-02 5.017818510532379150e-02 9.906662255525588989e-02 4.706223495304584503e-03 1.697319895029067993e-01 1.523026823997497559e-02 1.558220828883349895e-03 2.275935746729373932e-02 5.102571565657854080e-03 3.658281639218330383e-02 2.538534812629222870e-03 2.067095367237925529e-03 5.831125658005475998e-03 1.710048317909240723e-02 2.549923770129680634e-02 4.535780474543571472e-02 9.591635316610336304e-03 4.130273684859275818e-02 1.673576049506664276e-02 8.688150905072689056e-03 9.417272172868251801e-03 2.774912491440773010e-02 2.415729314088821411e-02 4.341003298759460449e-02 4.573867470026016235e-02 1.973450183868408203e-02 2.071606740355491638e-02 3.213123232126235962e-02 3.901179879903793335e-02 4.014036152511835098e-03 2.866556681692600250e-02 2.514837309718132019e-02 1.084261201322078705e-02 6.569109112024307251e-02 2.072013355791568756e-02 3.886452317237854004e-02 1.042475830763578415e-02 7.065327372401952744e-03 1.377996616065502167e-02 1.728564873337745667e-02 6.651443988084793091e-02 7.883200794458389282e-02 2.383262291550636292e-02 1.187952235341072083e-02 1.312678214162588120e-02 1.775398664176464081e-02 2.179302647709846497e-02 6.996595114469528198e-02 2.721511200070381165e-02 4.707397148013114929e-02 8.997036144137382507e-03 8.655410259962081909e-03 5.755974561907351017e-04 2.853173017501831055e-02 4.609103128314018250e-02 6.685193162411451340e-03 1.597848534584045410e-02 4.054044187068939209e-02 2.656443684827536345e-04 3.207419440150260925e-02 3.718502074480056763e-02 1.958477683365345001e-02 5.417295917868614197e-02 1.077753212302923203e-02 9.451916441321372986e-03 4.868711810559034348e-03 5.086701735854148865e-02 6.653406191617250443e-03 6.978079210966825485e-03 1.397966314107179642e-02 2.556426078081130981e-02 1.758597977459430695e-02 3.553476929664611816e-02 8.352181874215602875e-03 1.383886206895112991e-02 3.982250019907951355e-02 7.385098934173583984e-02 5.970082804560661316e-02 5.226190015673637390e-02 1.632865634746849537e-03 2.539606764912605286e-02 3.201227635145187378e-02 2.784400619566440582e-02 2.327612601220607758e-02 2.590896561741828918e-02 8.685366250574588776e-03 3.872704133391380310e-02 2.914157696068286896e-02 3.854597732424736023e-02 9.418038651347160339e-03 1.301292795687913895e-03 2.499182708561420441e-02 2.899845875799655914e-02 3.145740600302815437e-03 5.670240893959999084e-02 6.651369482278823853e-02 7.569400127977132797e-03 1.210616994649171829e-02 5.463523790240287781e-03 1.055024750530719757e-02 1.310896687209606171e-02 5.505200824700295925e-04 9.186750277876853943e-03 1.004561595618724823e-02 2.443849295377731323e-02 1.636686362326145172e-02 1.400441979058086872e-03 2.844599075615406036e-02
5.868284963071346283e-03 5.029525607824325562e-02 5.121939256787300110e-02 1.439030189067125320e-02 1.299497112631797791e-02 2.347327768802642822e-03 2.149328961968421936e-02 1.514525115489959717e-01 3.991360589861869812e-02 1.793602714315056801e-03 3.382642194628715515e-02 4.266503266990184784e-03 1.964658685028553009e-02 8.551938459277153015e-03 3.648175299167633057e-02 1.882399781607091427e-03 1.094252709299325943e-02 3.857868164777755737e-02 1.262528542429208755e-02 2.741646766662597656e-02 1.818535290658473969e-02 1.604709774255752563e-02 4.039255902171134949e-02 3.962667286396026611e-02 2.473850362002849579e-02 2.759675867855548859e-02 1.621966250240802765e-02 2.068602247163653374e-03 6.237342581152915955e-02 2.378740347921848297e-02 1.779699698090553284e-02 1.832585781812667847e-02 1.779945939779281616e-02 1.018790155649185181e-02 4.588858224451541901e-03 1.784078404307365417e-02 2.386859618127346039e-02 2.376949787139892578e-02 1.996996439993381500e-02 5.443876236677169800e-02 5.115273408591747284e-03 5.691858008503913879e-02 2.577212080359458923e-02 7.760961353778839111e-02 1.168616861104965210e-02 3.405082970857620239e-02 2.243503183126449585e-02 2.089089713990688324e-02 8.469290286302566528e-02 7.651340682059526443e-03 2.177770249545574188e-02 2.655365690588951111e-02 1.508903317153453827e-02 1.164893340319395065e-02 7.386753708124160767e-02 1.268292497843503952e-02 2.833728864789009094e-02 1.348096132278442383e-02 1.406243294477462769e-01 1.520997495390474796e-03 3.434193506836891174e-02 5.870191846042871475e-03 2.412196062505245209e-02 1.390662975609302521e-02 4.144724085927009583e-02 4.819156602025032043e-02 1.143868663348257542e-03 4.070897027850151062e-02 2.021184749901294708e-02 4.369458556175231934e-02 4.111081361770629883e-02 2.866462804377079010e-02 1.514679752290248871e-03 5.565403774380683899e-02 8.677346631884574890e-03 1.558326464146375656e-02 1.670159213244915009e-02 2.873605675995349884e-02 1.445724070072174072e-02 1.404411159455776215e-05 2.528624236583709717e-01 3.071732223033905029e-01 1.732777804136276245e-02 2.673246525228023529e-02 5.590750649571418762e-02 3.222593292593955994e-02 1.986010931432247162e-02 1.373841054737567902e-02 2.936605364084243774e-02 6.410798989236354828e-03 6.830412428826093674e-03 1.169067621231079102e-02 5.883492156863212585e-02 3.092509321868419647e-02 2.741979621350765228e-02 2.679392509162425995e-02 2.027645707130432129e-02 3.462022170424461365e-02 3.781214728951454163e-02 3.000984154641628265e-02 4.342560470104217529e-02 6.472370028495788574e-02 4.310775175690650940e-02 6.255866587162017822e-02 4.061996005475521088e-03 1.423446089029312134e-02 3.014805912971496582e-02 3.741495311260223389e-02 4.801002889871597290e-02 8.922267705202102661e-03 1.837075501680374146e-02 3.930649906396865845e-02 1.321028470993041992e-01 8.016947656869888306e-02 5.985151976346969604e-02 3.800620883703231812e-02
2.452460583299398422e-03 3.179462999105453491e-02 1.439030189067125320e-02 5.422082915902137756e-02 1.412588506937026978e-01 1.903295330703258514e-02 9.879245422780513763e-03 3.786771744489669800e-02 6.123110279440879822e-02 2.129300870001316071e-02 1.243946235626935959e-02 3.299173340201377869e-02 1.459008920937776566e-02 5.624251789413392544e-04 1.649769209325313568e-02 7.638236507773399353e-03 2.141697145998477936e-02 1.243387814611196518e-02 2.098212577402591705e-02 5.925482138991355896e-02 3.930184245109558105e-02 3.954393789172172546e-02 5.245213210582733154e-02 7.371141761541366577e-02 2.434417791664600372e-02 1.102289371192455292e-02 8.795461617410182953e-03 2.242201566696166992e-02 8.731902576982975006e-03 1.132859103381633759e-02 2.182714641094207764e-02 3.160938993096351624e-02 7.327944040298461914e-03 5.943803489208221436e-02 1.007805205881595612e-02 4.913580790162086487e-02 5.751350149512290955e-02 5.360813345760107040e-03 9.441096335649490356e-02 6.430383771657943726e-02 1.530157588422298431e-02 5.661425739526748657e-02 7.509413640946149826e-03 1.260813698172569275e-02 2.273817174136638641e-02 3.375633433461189270e-02 3.577357856556773186e-03 1.604101248085498810e-02 1.605762541294097900e-02 4.556340631097555161e-03 1.827199477702379227e-03 2.273232862353324890e-02 3.648699494078755379e-03 1.349132135510444641e-02 6.820668280124664307e-02 5.252641625702381134e-03 3.204890713095664978e-02 1.476601697504520416e-02 3.227614238858222961e-02 5.402199178934097290e-02 3.929144889116287231e-02 2.786040492355823517e-02 6.092258170247077942e-02 3.348646219819784164e-03 2.819393947720527649e-02 3.878354653716087341e-02 4.647016990929841995e-03 2.664713189005851746e-02 1.806932128965854645e-02 2.427558787167072296e-02 2.205369248986244202e-02 3.782116807997226715e-03 1.068702787160873413e-01 5.336173810064792633e-03 3.812313452363014221e-02 3.035411983728408813e-02 2.776624448597431183e-02 6.042756885290145874e-02 4.277801886200904846e-02 3.062303550541400909e-02 5.623558536171913147e-03 4.597831517457962036e-03 1.437057405710220337e-01 6.752808392047882080e-02 4.084253218024969101e-03 7.893543690443038940e-02 3.039051033556461334e-02 1.255580317229032516e-02 7.685975171625614166e-03 5.806375294923782349e-02 4.166081547737121582e-03 3.532215952873229980e-02 5.582732614129781723e-03 3.428374975919723511e-02 4.461552947759628296e-02 2.273576892912387848e-02 3.532813861966133118e-02 3.427959512919187546e-03 6.854640785604715347e-03 2.177738957107067108e-02 1.382554997690021992e-03 2.985884621739387512e-02 3.013276681303977966e-02 2.703247033059597015e-02 3.238526731729507446e-02 1.130735594779253006e-02 4.456541314721107483e-02 9.696849435567855835e-02 3.776721656322479248e-02 2.793154865503311157e-02 4.371648281812667847e-02 2.990281209349632263e-04 4.341832920908927917e-02 9.671622887253761292e-03 4.981157556176185608e-02 4.623240325599908829e-03
2.894095145165920258e-02 1.277782395482063293e-02 1.299497112631797791e-02 1.412588506937026978e-01 5.978435650467872620e-02 5.245228763669729233e-03 2.527896547690033913e-03 4.837850574404001236e-04 2.023126371204853058e-02 6.630039960145950317e-02 5.846402142196893692e-03 1.484394166618585587e-02 3.850958775728940964e-03 5.134854093194007874e-02 8.432315662503242493e-04 4.576863721013069153e-02 2.332607284188270569e-02 2.208819240331649780e-02 7.773852348327636719e-02 3.664278611540794373e-02 2.834674715995788574e-02 1.184252370148897171e-02 3.650068119168281555e-02 1.950094848871231079e-02 1.437882613390684128e-02 2.127483487129211426e-02 1.709439232945442200e-02 5.029879044741392136e-03 1.604433916509151459e-02 3.235882148146629333e-03 4.641840234398841858e-03 1.303276605904102325e-02 1.350216846913099289e-02 2.050873637199401855e-02 2.234435826539993286e-02 2.402483858168125153e-02 2.076509874314069748e-03 5.023470520973205566e-02 7.311162352561950684e-02 6.868556141853332520e-02 3.300001844763755798e-02 4.966384172439575195e-02 6.982454564422369003e-03 4.673876240849494934e-02 1.513773482292890549e-02 3.258084878325462341e-02 9.603655780665576458e-04 7.535169832408428192e-03 1.400282024405896664e-03 4.430326446890830994e-02 1.593320816755294800e-02 5.888271145522594452e-03 3.163894638419151306e-02 1.549479551613330841e-02 1.220072899013757706e-02 1.411655358970165253e-02 1.278965175151824951e-02 1.019968185573816299e-02 2.802191488444805145e-02 5.517089739441871643e-02 2.826637588441371918e-03 5.454663559794425964e-02 2.467797137796878815e-02 9.323202073574066162e-03 1.057105325162410736e-02 6.545320618897676468e-03 8.693177253007888794e-03 4.337862133979797363e-02 1.696839113719761372e-03 1.795879192650318146e-02 3.302669897675514221e-02 3.890982596203684807e-03 5.349108949303627014e-02 1.903314888477325439e-02 1.315492838621139526e-01 5.397696048021316528e-03 1.212555263191461563e-02 2.386284060776233673e-02 1.573963090777397156e-02 7.301646471023559570e-02 1.142146158963441849e-02 3.098400309681892395e-03 9.442310780286788940e-02 1.628970652818679810e-01 7.535493467003107071e-03 4.459049552679061890e-02 5.395304760895669460e-04 1.410775724798440933e-02 3.562134504318237305e-02 3.935591503977775574e-02 2.425294183194637299e-02 7.750063203275203705e-03 5.050595477223396301e-02 2.508067339658737183e-02 3.758157417178153992e-02 4.018724709749221802e-02 3.707914426922798157e-02 1.000243239104747772e-02 1.905939914286136627e-02 2.325701527297496796e-02 1.610722392797470093e-03 2.239682711660861969e-02 4.529445618391036987e-02 4.207112267613410950e-02 4.604455828666687012e-02 2.409916557371616364e-02 3.806592198088765144e-03 1.076189726591110229e-01 2.591262012720108032e-02 3.197371587157249451e-02 3.092237934470176697e-02 2.227185294032096863e-02 4.500972107052803040e-02 2.617214433848857880e-02 2.543954923748970032e-02 7.451515644788742065e-02
1.146314069628715515e-01 8.935578167438507080e-02 2.347327768802642822e-03 1.903295330703258514e-02 5.245228763669729233e-03 1.875856220722198486e-01 2.163673341274261475e-01 5.772238597273826599e-02 1.070931926369667053e-02 4.226613044738769531e-02 8.704445511102676392e-02 9.642353653907775879e-02 9.202812612056732178e-02 8.289904892444610596e-02 1.918088272213935852e-02 2.167984098196029663e-02 1.469973358325660229e-03 3.036478720605373383e-02 1.554781291633844376e-02 1.884297095239162445e-02 1.875064335763454437e-02 1.787121780216693878e-02 2.387381158769130707e-02 2.695867232978343964e-02 1.898591220378875732e-02 2.627089247107505798e-02 1.284333039075136185e-02 2.616737782955169678e-02 9.807065874338150024e-02 1.677950285375118256e-02 6.533025205135345459e-02 1.778044970706105232e-03 5.870490148663520813e-02 6.994287949055433273e-03 2.225915156304836273e-02 2.232117019593715668e-02 4.627151787281036377e-02 4.900755733251571655e-02 3.782247006893157959e-02 3.102902136743068695e-02 8.553656749427318573e-03 2.571685425937175751e-02 3.573906794190406799e-02 7.613050192594528198e-02 1.218508835881948471e-02 6.223272159695625305e-02 1.781191974878311157e-01 8.333838731050491333e-02 3.142451494932174683e-02 2.899269200861454010e-02 1.116070896387100220e-02 5.025605484843254089e-02 3.563029319047927856e-02 1.312592811882495880e-02 1.649803365580737591e-03 2.374614961445331573e-02 8.754969574511051178e-03 6.195416674017906189e-03 6.078004837036132812e-03 7.833147421479225159e-03 3.397805988788604736e-02 1.461596693843603134e-02 2.643086574971675873e-02 1.599299348890781403e-02 1.002237666398286819e-02 1.141231227666139603e-02 2.425624988973140717e-02 1.031011063605546951e-02 3.703550621867179871e-02 2.329416386783123016e-02 4.363475739955902100e-02 1.484786253422498703e-02 1.186906080693006516e-02 1.504474040120840073e-02 3.135919198393821716e-02 3.288413956761360168e-02 4.943916574120521545e-02 2.554457634687423706e-02 2.897253632545471191e-02 3.810049593448638916e-02 3.145132958889007568e-02 2.919565420597791672e-03 6.004379596561193466e-03 2.971052378416061401e-02 2.776650525629520416e-02 1.815079897642135620e-02 2.674826607108116150e-02 1.806824654340744019e-02 1.965440995991230011e-02 1.271996181458234787e-02 2.682285942137241364e-02 4.694535210728645325e-02 2.806725678965449333e-03 2.760951779782772064e-02 8.163277059793472290e-03 2.858296829799655825e-05 4.050831496715545654e-02 1.996956998482346535e-03 1.972486265003681183e-02 1.316527090966701508e-02 1.713118050247430801e-03 5.092943832278251648e-02 5.232628434896469116e-02 5.517552793025970459e-02 4.459777846932411194e-02 7.389179617166519165e-02 4.445858299732208252e-03 3.879294916987419128e-02 3.611181303858757019e-02 2.596528083086013794e-02 1.644130330532789230e-03 2.666900400072336197e-03 1.053045783191919327e-02 1.773282699286937714e-02 3.636262146756052971e-03 4.672631248831748962e-02
7.021567970514297485e-02 1.371987164020538330e-01 2.149328961968421936e-02 9.879245422780513763e-03 2.527896547690033913e-03 2.163673341274261475e-01 2.114767283201217651e-01 8.284917473793029785e-02 3.613615781068801880e-02 1.403523143380880356e-02 5.129844322800636292e-02 4.067565873265266418e-02 7.894185930490493774e-02 7.924022525548934937e-02 5.887624621391296387e-02 4.612089321017265320e-02 2.120767720043659210e-02 9.405609965324401855e-02 2.340090274810791016e-02 3.323928639292716980e-02 2.138927020132541656e-02 8.644055575132369995e-03 4.055288061499595642e-02 5.676348134875297546e-02 1.603759266436100006e-02 3.025572514161467552e-03 2.508061937987804413e-02 5.411732196807861328e-02 1.201533377170562744e-01 4.420674219727516174e-02 7.754779607057571411e-02 4.777712374925613403e-02 7.104530930519104004e-02 2.498273923993110657e-02 1.548504736274480820e-02 2.730393968522548676e-02 1.581932604312896729e-02 4.464470595121383667e-02 3.888906445354223251e-03 2.693399228155612946e-02 4.738168790936470032e-03 4.596525337547063828e-03 2.266585268080234528e-02 6.628015544265508652e-03 1.477419584989547729e-02 3.622071444988250732e-02 1.841358393430709839e-01 1.849644184112548828e-01 2.709892019629478455e-02 2.286112867295742035e-02 1.352354697883129120e-02 3.574813902378082275e-02 5.291400011628866196e-03 1.592194288969039917e-02 2.837217599153518677e-02 3.405503928661346436e-02 1.817358657717704773e-02 9.660008363425731659e-03 2.449062652885913849e-02 3.167220950126647949e-02 1.491366233676671982e-02 2.406212035566568375e-03 5.112567543983459473e-02 2.090402320027351379e-02 2.115273289382457733e-02 1.028606668114662170e-02 2.530505880713462830e-02 5.390218459069728851e-03 1.655221357941627502e-02 2.155957929790019989e-02 2.520186640322208405e-02 2.446655370295047760e-02 3.285998851060867310e-02 9.474916383624076843e-03 2.046457119286060333e-02 2.732985280454158783e-02 6.433894741348922253e-04 2.662082016468048096e-02 1.917585730552673340e-02 5.253214016556739807e-02 2.218251349404454231e-03 2.604327164590358734e-02 6.473213899880647659e-03 2.455354854464530945e-02 3.513310849666595459e-02 1.324309501796960831e-02 1.375935599207878113e-02 1.460403669625520706e-02 3.453027084469795227e-02 1.223933883011341095e-02 2.673259191215038300e-02 2.996628731489181519e-02 6.523151695728302002e-02 2.356129884719848633e-02 4.994959756731987000e-02 2.869951166212558746e-02 4.552036523818969727e-02 8.563977666199207306e-03 6.882762163877487183e-02 9.107278287410736084e-02 1.222168747335672379e-02 3.072556573897600174e-03 4.104953631758689880e-02 1.529166754335165024e-02 4.674410074949264526e-02 4.263603687286376953e-02 9.486287832260131836e-03 6.085046008229255676e-02 6.925426889210939407e-03 5.085214972496032715e-03 1.648596860468387604e-02 2.060821652412414551e-02 2.275042608380317688e-02 1.509879529476165771e-02 6.364156026393175125e-03 1.522341556847095490e-02
3.326644003391265869e-02 1.936052739620208740e-02 1.514525115489959717e-01 3.786771744489669800e-02 4.837850574404001236e-04 5.772238597273826599e-02 8.284917473793029785e-02 3.811183618381619453e-03 5.046201124787330627e-02 4.705085977911949158e-02 6.318441033363342285e-02 1.805445551872253418e-02 4.348735883831977844e-02 4.882077872753143311e-02 1.456599533557891846e-01 3.980468027293682098e-03 1.133067440241575241e-02 1.865686103701591492e-02 1.345223933458328247e-02 2.790916338562965393e-02 2.527942135930061340e-02 8.430112898349761963e-02 5.666982382535934448e-02 6.768551468849182129e-02 3.086173348128795624e-02 1.615675911307334900e-02 2.526635304093360901e-02 6.049171090126037598e-03 8.870180696249008179e-03 1.294200494885444641e-02 4.710175096988677979e-02 9.949441999197006226e-02 1.588946208357810974e-02 5.741745606064796448e-02 1.163089182227849960e-03 2.246352145448327065e-03 3.989170864224433899e-02 6.403353065252304077e-02 1.276173591613769531e-01 2.680379338562488556e-02 1.542086247354745865e-02 1.602165028452873230e-02 2.440396137535572052e-02 1.333117857575416565e-02 4.939192160964012146e-02 2.020057663321495056e-02 3.818295896053314209e-03 2.511303685605525970e-02 3.909523133188486099e-03 1.251517608761787415e-02 2.061726152896881104e-02 3.121663816273212433e-02 2.852797321975231171e-02 3.851583972573280334e-02 1.581372134387493134e-02 1.216124184429645538e-02 5.338891409337520599e-03 2.346507040783762932e-03 6.713011860847473145e-02 2.067396230995655060e-02 1.931960694491863251e-02 3.227845951914787292e-02 4.485369101166725159e-02 9.413917548954486847e-03 1.236542407423257828e-02 3.233747929334640503e-02 2.083830907940864563e-02 1.000906061381101608e-02 1.933086290955543518e-02 3.449327545240521431e-03 8.371015079319477081e-03 6.321739871054887772e-03 2.612447924911975861e-02 7.318186573684215546e-03 3.876916319131851196e-02 7.301741745322942734e-03 3.998651355504989624e-02 1.219153217971324921e-02 1.831769570708274841e-02 4.016570374369621277e-02 2.693918347358703613e-01 1.205186322331428528e-01 1.900359243154525757e-02 4.899841174483299255e-02 3.868381679058074951e-02 2.469524741172790527e-03 9.584753215312957764e-02 7.371403276920318604e-02 3.108315914869308472e-02 2.089727483689785004e-02 3.799588978290557861e-02 3.912024199962615967e-02 2.459455095231533051e-02 4.969157278537750244e-02 5.325186648406088352e-04 1.075000315904617310e-02 4.562823101878166199e-02 4.963003471493721008e-02 3.441420197486877441e-02 6.352789700031280518e-02 4.824074730277061462e-02 3.003390692174434662e-02 2.085558138787746429e-02 3.638791292905807495e-02 5.246371775865554810e-02 6.283534318208694458e-02 3.037421032786369324e-02 6.141964346170425415e-02 1.321184169501066208e-02 2.952189184725284576e-03 5.487127695232629776e-03 1.692733541131019592e-02 6.433116504922509193e-04 5.197163671255111694e-02 6.082311645150184631e-02 5.599339678883552551e-02
3.746644407510757446e-02 4.615413025021553040e-02 3.991360589861869812e-02 6.123110279440879822e-02 2.023126371204853058e-02 1.070931926369667053e-02 3.613615781068801880e-02 5.046201124787330627e-02 7.142025977373123169e-02 1.067499741911888123e-01 3.375297784805297852e-02 8.147586882114410400e-02 6.236036494374275208e-02 4.291212186217308044e-02 6.793364882469177246e-02 5.018743872642517090e-02 6.306669116020202637e-02 1.047263741493225098e-01 1.208598632365465164e-02 2.502625063061714172e-02 6.262414902448654175e-02 3.539546951651573181e-02 2.585211023688316345e-02 2.586995996534824371e-02 1.073124259710311890e-02 3.090805876126978546e-06 4.383312910795211792e-02 4.507840424776077271e-02 3.416544292122125626e-03 4.956781119108200073e-02 3.847486525774002075e-02 2.356201224029064178e-02 1.732453890144824982e-02 2.849715201591607183e-05 1.588452258147299290e-03 4.777913168072700500e-02 1.691793277859687805e-02 6.547231972217559814e-02 2.322362177073955536e-02 3.046671161428093910e-03 1.542426273226737976e-02 1.022463366389274597e-01 5.015362426638603210e-02 4.642885550856590271e-02 2.530399896204471588e-02 2.795768715441226959e-02 2.687028050422668457e-02 2.072942070662975311e-02 9.950073063373565674e-02 1.761544682085514069e-02 2.878713980317115784e-02 1.455219555646181107e-02 1.628606393933296204e-02 1.404513325542211533e-02 1.546597182750701904e-01 2.163846045732498169e-02 2.794396318495273590e-02 3.602464124560356140e-02 7.390851620584726334e-03 3.268007189035415649e-02 2.293207496404647827e-02 4.039586335420608521e-02 6.026097759604454041e-02 3.341189399361610413e-02 3.906122595071792603e-02 3.506482392549514771e-02 6.119357421994209290e-02 4.657329246401786804e-02 7.744783908128738403e-02 4.194151982665061951e-02 5.987739656120538712e-03 3.007511235773563385e-02 7.945201545953750610e-02 6.061539053916931152e-02 4.090680181980133057e-02 2.858546748757362366e-02 1.930159330368041992e-01 9.795229882001876831e-02 8.598340302705764771e-02 1.018544193357229233e-02 1.339552365243434906e-02 3.265228495001792908e-02 1.090280897915363312e-02 3.144512325525283813e-02 6.868568807840347290e-02 3.595234081149101257e-02 1.545197097584605217e-03 5.916896089911460876e-02 6.871432065963745117e-02 3.853610903024673462e-02 3.920436650514602661e-02 3.532235696911811829e-02 4.024699330329895020e-02 2.403498068451881409e-02 1.259430777281522751e-02 1.710785552859306335e-02 7.643211632966995239e-02 1.153634339570999146e-01 2.575845457613468170e-02 4.586577415466308594e-02 2.560604177415370941e-02 5.070577841252088547e-03 3.299009054899215698e-02 8.476766943931579590e-02 2.466616593301296234e-02 5.049575120210647583e-03 5.044790916144847870e-03 1.486406940966844559e-02 2.862503379583358765e-02 3.420889377593994141e-02 1.881833747029304504e-02 6.280142813920974731e-02 4.189331084489822388e-02 3.592441603541374207e-02 2.585630491375923157e-02 4.328892007470130920e-02
1.535572577267885208e-03 5.017818510532379150e-02 1.793602714315056801e-03 2.129300870001316071e-02 6.630039960145950317e-02 4.226613044738769531e-02 1.403523143380880356e-02 4.705085977911949158e-02 1.067499741911888123e-01 7.706695050001144409e-02 6.215383857488632202e-02 5.737674608826637268e-02 4.206348210573196411e-02 6.542753428220748901e-02 6.492186337709426880e-03 2.985953819006681442e-03 3.194274008274078369e-02 1.402836591005325317e-01 1.784313172101974487e-01 4.925777390599250793e-02 1.443898957222700119e-02 2.338533848524093628e-02 6.505320966243743896e-02 1.292614787817001343e-01 6.344451755285263062e-02 1.291020214557647705e-02 1.706510409712791443e-02 2.655807696282863617e-02 4.311724100261926651e-03 6.447239965200424194e-02 2.312915585935115814e-02 6.122158840298652649e-03 7.482836022973060608e-03 7.339675724506378174e-02 2.234739437699317932e-02 4.982451722025871277e-02 4.253611341118812561e-02 4.499240964651107788e-02 5.519613623619079590e-02 2.556686662137508392e-02 1.148299430496990681e-03 7.780478149652481079e-02 2.737397328019142151e-02 2.840985357761383057e-02 5.065027624368667603e-02 2.528580650687217712e-02 1.244960445910692215e-02 2.331344876438379288e-03 1.146523561328649521e-02 8.092536032199859619e-02 2.640108950436115265e-02 4.568772763013839722e-02 1.111180856823921204e-01 5.660969763994216919e-02 5.304786190390586853e-02 1.397573947906494141e-01 7.573467493057250977e-02 4.575652629137039185e-02 6.267343461513519287e-02 5.463619530200958252e-02 1.034439168870449066e-02 2.544599585235118866e-02 2.688883990049362183e-02 4.619230050593614578e-03 4.284643754363059998e-02 2.524561248719692230e-02 3.929081186652183533e-02 6.091727316379547119e-02 4.657114669680595398e-02 3.392907604575157166e-02 5.409711226820945740e-02 4.434162005782127380e-02 5.703330412507057190e-02 4.432326182723045349e-03 4.763762652873992920e-02 5.990002304315567017e-02 4.064470902085304260e-02 1.823180764913558960e-01 3.680273145437240601e-02 1.187385171651840210e-01 5.074814334511756897e-02 3.838954120874404907e-02 2.669750340282917023e-02 7.906969636678695679e-02 2.242492046207189560e-03 4.234546050429344177e-02 3.703528270125389099e-02 2.022062987089157104e-02 3.152829408645629883e-02 9.298460930585861206e-02 1.678343489766120911e-02 8.688950329087674618e-04 1.969492994248867035e-02 1.496245898306369781e-02 4.014926031231880188e-02 1.038817875087261200e-02 1.030540913343429565e-01 2.130326069891452789e-02 4.334942251443862915e-02 4.766624048352241516e-02 1.634838804602622986e-02 1.908419840037822723e-02 5.478756967931985855e-03 6.373543292284011841e-02 5.318051576614379883e-02 3.873211145401000977e-02 1.492148544639348984e-02 9.438255429267883301e-02 3.414439409971237183e-02 3.629879280924797058e-02 2.835918217897415161e-02 2.671694196760654449e-02 6.035002693533897400e-02 2.778155170381069183e-02 5.592327564954757690e-02 4.518219456076622009e-02
1.636518090963363647e-01 9.906662255525588989e-02 3.382642194628715515e-02 1.243946235626935959e-02 5.846402142196893692e-03 8.704445511102676392e-02 5.129844322800636292e-02 6.318441033363342285e-02 3.375297784805297852e-02 6.215383857488632202e-02 2.106397151947021484e-01 1.725330576300621033e-02 1.496022343635559082e-01 6.587637960910797119e-02 8.036353439092636108e-02 4.234545305371284485e-02 5.266598984599113464e-02 1.755597628653049469e-02 1.814851723611354828e-02 2.235900843515992165e-03 1.984041929244995117e-02 1.435359474271535873e-02 5.187079077586531639e-04 1.469525595894083381e-04 1.841363683342933655e-02 1.868024840950965881e-02 1.757897622883319855e-02 4.210706427693367004e-02 4.344432055950164795e-02 3.077850863337516785e-02 8.834657073020935059e-02 2.611688338220119476e-02 5.979465320706367493e-02 3.847798099741339684e-03 4.471071995794773102e-03 3.213081508874893188e-02 5.919865146279335022e-02 2.046617865562438965e-02 1.923941820859909058e-02 6.388515233993530273e-03 1.469896174967288971e-02 1.240845769643783569e-02 7.526532746851444244e-03 1.777387037873268127e-02 7.229848951101303101e-02 5.012203007936477661e-02 2.546502090990543365e-02 3.401635587215423584e-02 3.862379118800163269e-02 2.846512757241725922e-02 1.745224930346012115e-02 3.868947923183441162e-02 2.539714239537715912e-02 5.693808663636445999e-03 5.658852308988571167e-02 1.096448395401239395e-02 2.658594958484172821e-02 1.509250886738300323e-02 1.796135865151882172e-02 2.228786237537860870e-02 3.649589791893959045e-02 1.782293803989887238e-02 8.087130263447761536e-03 1.843844540417194366e-02 7.578810304403305054e-02 6.112595647573471069e-02 6.254917476326227188e-03 9.894731454551219940e-03 5.449737608432769775e-02 3.025238774716854095e-02 1.541987620294094086e-02 1.112206652760505676e-02 2.503875456750392914e-02 2.877573948353528976e-03 5.069244652986526489e-03 8.881804533302783966e-03 2.758026868104934692e-02 3.329130634665489197e-02 6.180815026164054871e-02 1.676518656313419342e-02 3.473104164004325867e-02 1.399034261703491211e-02 1.091232430189847946e-02 2.069955132901668549e-02 8.535940200090408325e-03 2.257690392434597015e-02 5.687488615512847900e-02 2.360268682241439819e-02 3.748829476535320282e-03 7.432768121361732483e-03 8.770691230893135071e-03 2.325374633073806763e-02 2.728640474379062653e-02 2.969006635248661041e-02 3.365088626742362976e-02 1.426447555422782898e-02 7.346991449594497681e-03 1.679352857172489166e-02 5.802828818559646606e-03 2.509641461074352264e-02 1.326254196465015411e-02 2.161405049264431000e-02 2.602843940258026123e-02 1.905429922044277191e-02 3.009483963251113892e-02 4.152840003371238708e-02 1.192517112940549850e-02 2.119664847850799561e-02 4.333990067243576050e-02 2.021987223997712135e-03 2.549718320369720459e-02 2.902361005544662476e-02 4.028757289052009583e-02 2.973740734159946442e-02 8.256229571998119354e-03 5.571164563298225403e-02
1.100676786154508591e-02 4.706223495304584503e-03 4.266503266990184784e-03 3.299173340201377869e-02 1.484394166618585587e-02 9.642353653907775879e-02 4.067565873265266418e-02 1.805445551872253418e-02 8.147586882114410400e-02 5.737674608826637268e-02 1.725330576300621033e-02 9.585627168416976929e-02 4.430020973086357117e-02 2.344690561294555664e-01 2.767486684024333954e-02 9.443236142396926880e-02 7.871419936418533325e-02 6.820846814662218094e-03 4.446296393871307373e-02 3.679425641894340515e-02 1.173633430153131485e-02 1.319459825754165649e-02 1.247418448328971863e-01 9.532622247934341431e-02 2.255984209477901459e-02 2.314816974103450775e-02 3.290430456399917603e-02 1.316638141870498657e-01 1.547506265342235565e-02 1.203889027237892151e-01 2.185521461069583893e-02 1.134934648871421814e-02 5.226518958806991577e-02 4.549074918031692505e-02 5.078276991844177246e-02 7.929643616080284119e-03 3.135045617818832397e-02 2.052353136241436005e-02 1.347402017563581467e-02 2.216316200792789459e-02 3.827170236036181450e-03 2.963354066014289856e-02 5.839094519615173340e-02 2.653827704489231110e-02 2.058404684066772461e-01 5.660687386989593506e-02 7.051023095846176147e-02 5.102546885609626770e-02 7.891425862908363342e-03 4.046127945184707642e-02 9.400267153978347778e-02 4.434043914079666138e-02 1.012766361236572266e-02 1.416799146682024002e-03 2.061900123953819275e-02 4.381552338600158691e-02 1.959934271872043610e-02 2.968894084915518761e-03 4.869215562939643860e-02 2.057361416518688202e-02 2.541521750390529633e-02 3.564317524433135986e-02 4.792847111821174622e-02 1.914744079113006592e-02 7.113663945347070694e-03 6.537894159555435181e-02 7.960193790495395660e-03 3.132659196853637695e-02 5.989707633852958679e-02 9.200542699545621872e-04 3.406973555684089661e-02 3.570938482880592346e-02 9.063453972339630127e-02 1.793829351663589478e-02 6.766425818204879761e-02 4.697123542428016663e-02 1.282728910446166992e-01 6.483988463878631592e-02 9.529346600174903870e-03 4.098453745245933533e-02 2.793364971876144409e-02 8.313029073178768158e-03 4.237046092748641968e-02 2.941258996725082397e-02 3.003317303955554962e-02 3.606191650032997131e-02 2.753184549510478973e-02 7.099649868905544281e-03 3.113360702991485596e-02 3.442170843482017517e-02 1.244458463042974472e-02 4.345330968499183655e-02 6.408417224884033203e-02 1.912284642457962036e-03 3.160166367888450623e-02 5.635730922222137451e-02 5.255416035652160645e-02 2.703945524990558624e-02 5.163142830133438110e-02 8.942576497793197632e-02 1.746363192796707153e-02 4.007861763238906860e-02 4.270683974027633667e-02 8.096189238131046295e-03 8.569491095840930939e-03 4.855758044868707657e-03 7.389283273369073868e-03 7.170055806636810303e-02 1.124055311083793640e-02 2.949531376361846924e-02 1.111601851880550385e-02 9.375529363751411438e-03 3.442640230059623718e-02 3.425572812557220459e-02 3.155485913157463074e-02 2.540218085050582886e-02
1.395171880722045898e-01 1.697319895029067993e-01 1.964658685028553009e-02 1.459008920937776566e-02 3.850958775728940964e-03 9.202812612056732178e-02 7.894185930490493774e-02 4.348735883831977844e-02 6.236036494374275208e-02 4.206348210573196411e-02 1.496022343635559082e-01 4.430020973086357117e-02 2.302003800868988037e-01 6.568761169910430908e-02 6.595674157142639160e-02 1.410660333931446075e-02 3.158157691359519958e-02 2.602603845298290253e-02 1.875560171902179718e-02 1.774332113564014435e-02 9.022231213748455048e-03 1.988491741940379143e-03 1.693611405789852142e-02 2.117783995345234871e-03 3.384704701602458954e-03 1.113332109525799751e-03 3.396388515830039978e-02 3.149337694048881531e-02 2.138108480721712112e-03 3.201121836900711060e-02 5.554760247468948364e-02 3.193955635651946068e-03 6.149196252226829529e-02 1.853865198791027069e-02 3.543342649936676025e-02 6.847045570611953735e-02 7.016355544328689575e-02 2.211908251047134399e-02 9.528015507385134697e-04 2.738044410943984985e-02 1.138059888035058975e-02 3.579877084121108055e-03 2.436471730470657349e-02 2.978760562837123871e-02 9.791383147239685059e-02 3.855607286095619202e-02 4.614524915814399719e-02 6.467528641223907471e-02 1.989715546369552612e-02 3.733221814036369324e-02 1.130354776978492737e-02 2.424304746091365814e-02 2.416332066059112549e-02 1.315101329237222672e-02 6.229975447058677673e-02 4.751689359545707703e-02 2.339871600270271301e-02 1.654381491243839264e-02 1.267823483794927597e-02 3.968039155006408691e-02 3.179308027029037476e-02 3.645984083414077759e-02 2.916923351585865021e-02 1.416900195181369781e-02 4.640538617968559265e-02 6.088630482554435730e-02 1.289472822099924088e-02 1.200013048946857452e-02 1.934517361223697662e-02 1.237198989838361740e-02 6.550533231347799301e-03 4.102471750229597092e-03 2.167809195816516876e-02 6.352112162858247757e-03 5.083687137812376022e-03 9.916756302118301392e-03 1.321327406913042068e-02 4.310937225818634033e-02 6.005264073610305786e-02 2.368528628721833229e-03 1.356764975935220718e-02 1.093292608857154846e-02 2.359972521662712097e-02 1.976896775886416435e-03 4.715115949511528015e-02 5.212895199656486511e-02 1.223215740174055099e-02 3.584393113851547241e-02 1.685953885316848755e-02 1.596537977457046509e-02 1.981001906096935272e-02 3.011924773454666138e-02 7.972694002091884613e-03 4.576456546783447266e-02 3.695891797542572021e-02 1.179967261850833893e-02 6.950791925191879272e-03 6.751656066626310349e-03 3.457254031673073769e-03 1.947827264666557312e-02 3.807313740253448486e-03 1.843784004449844360e-02 6.576665211468935013e-03 4.280759394168853760e-02 2.448860928416252136e-02 5.546187609434127808e-02 2.607970684766769409e-02 2.955073490738868713e-02 3.195915743708610535e-02 2.653970615938305855e-03 1.261275145225226879e-03 1.309522800147533417e-02 3.947133943438529968e-02 1.786634139716625214e-02 4.179757460951805115e-02 7.697811722755432129e-02
