2.253910303115844727e-01 2.536908090114593506e-01 6.551642902195453644e-03 7.385659962892532349e-03 1.189676858484745026e-02 1.508955359458923340e-01 1.071049347519874573e-01 4.500267282128334045e-02 9.792452678084373474e-03 2.150211110711097717e-02 1.655529886484146118e-01 8.200606331229209900e-03 1.680831015110015869e-01 2.102131024003028870e-02 8.628457784652709961e-03 1.447037700563669205e-02 1.008872222155332565e-02 5.137241911143064499e-03 8.998301811516284943e-03 4.076829180121421814e-02 2.710210904479026794e-02 3.623544052243232727e-02 1.255848444998264313e-02 3.674247860908508301e-02 2.765423152595758438e-03 1.880671456456184387e-02 3.685082495212554932e-02 1.741985231637954712e-02 3.506210865452885628e-03 4.314098134636878967e-02 2.823527203872799873e-03 2.066199481487274170e-02 3.752238582819700241e-03 4.329472035169601440e-02 2.767517045140266418e-02 4.310867190361022949e-02 6.128863617777824402e-02 3.369009494781494141e-02 3.604226186871528625e-02 1.864068955183029175e-02 7.586776278913021088e-03 1.286784280091524124e-02 1.241385377943515778e-02 1.619051024317741394e-02 2.250587940216064453e-02 1.066281646490097046e-02 7.297430187463760376e-02 7.044427841901779175e-02 4.041428864002227783e-02 3.763554990291595459e-02 2.811245433986186981e-02 5.829291418194770813e-03 6.419213116168975830e-02 1.946532912552356720e-02 3.558447133400477469e-05 2.056329045444726944e-03 5.257676355540752411e-03 1.073176786303520203e-02 1.084596477448940277e-02 7.561221718788146973e-02 2.121150866150856018e-02 2.956286072731018066e-03 2.740094624459743500e-02 4.609409254044294357e-03 4.029522463679313660e-02 3.127407282590866089e-02 3.243128955364227295e-02 4.646420478820800781e-02 2.702140249311923981e-02 2.397301048040390015e-02 1.442020060494542122e-03 3.346754238009452820e-02 1.373331900686025620e-02 3.036240814253687859e-03 8.868418633937835693e-03 1.224400755017995834e-02 5.630652885884046555e-03 2.497546002268791199e-02 1.685700565576553345e-02 2.394302003085613251e-02 2.399951592087745667e-02 2.749005332589149475e-02 2.262507192790508270e-02 1.054341089911758900e-03 2.207751199603080750e-02 2.761903963983058929e-02 6.683266162872314453e-02 6.482322514057159424e-02 3.852217271924018860e-02 4.757592454552650452e-02 4.953720793128013611e-02 7.621768116950988770e-02 4.456057399511337280e-02 1.177351642400026321e-02 4.470726475119590759e-03 1.426413748413324356e-02 1.943345926702022552e-02 1.942708715796470642e-02 9.238802827894687653e-03 1.776736811734735966e-03 4.824538715183734894e-03 2.299394458532333374e-02 3.941804543137550354e-02 2.338643744587898254e-02 5.084953270852565765e-03 2.212071412941440940e-04 2.603160403668880463e-02 1.278248243033885956e-02 1.733108609914779663e-02 3.006054647266864777e-02 1.853103004395961761e-02 1.817272510379552841e-03 2.458834787830710411e-03 7.320934906601905823e-03 3.050002967938780785e-03 1.925668120384216309e-02
2.536908090114593506e-01 2.287668585777282715e-01 1.528433337807655334e-02 8.316689054481685162e-04 1.693719811737537384e-02 1.271804571151733398e-01 1.315411776304244995e-01 4.617730900645256042e-02 3.805451840162277222e-02 2.240616641938686371e-02 1.377036571502685547e-01 4.753640387207269669e-03 2.136510163545608521e-01 5.097658839076757431e-03 4.792989417910575867e-02 2.129275118932127953e-03 9.010137058794498444e-03 1.489196810871362686e-02 2.961999177932739258e-02 3.288244828581809998e-02 2.806314639747142792e-02 9.104516357183456421e-02 1.760592125356197357e-02 3.324584290385246277e-02 2.786942943930625916e-02 2.168771997094154358e-02 1.580583862960338593e-02 5.900951474905014038e-02 1.925116986967623234e-03 3.027770295739173889e-02 6.282691028900444508e-04 1.930692233145236969e-02 4.596230108290910721e-03 1.897922344505786896e-02 8.040356449782848358e-03 3.802972286939620972e-02 2.911472506821155548e-02 1.531906612217426300e-02 2.210194803774356842e-02 1.537832990288734436e-02 3.094338066875934601e-02 2.225442044436931610e-02 1.241729129105806351e-02 2.400083653628826141e-02 5.254722759127616882e-02 2.928958041593432426e-03 6.282174587249755859e-02 7.542827725410461426e-02 4.531790316104888916e-02 3.782986849546432495e-02 3.302309662103652954e-02 4.620704054832458496e-02 5.525654181838035583e-02 2.994331903755664825e-02 2.477216534316539764e-02 1.415603142231702805e-02 1.018633134663105011e-02 1.075778529047966003e-02 1.424345304258167744e-03 7.236995548009872437e-02 2.043780311942100525e-02 7.240047678351402283e-03 2.443222887814044952e-02 2.803662605583667755e-02 5.363323539495468140e-02 7.802091538906097412e-02 3.279186412692070007e-02 2.981540188193321228e-02 2.270449697971343994e-02 3.742682561278343201e-02 7.589136715978384018e-03 3.818068653345108032e-02 8.958204649388790131e-03 7.003230857662856579e-04 8.075624646153301001e-05 9.820360690355300903e-03 1.271458715200424194e-02 1.641332171857357025e-02 1.337502337992191315e-02 1.463229209184646606e-02 3.344815969467163086e-02 2.050655148923397064e-02 7.083753589540719986e-03 1.173114776611328125e-02 9.102742187678813934e-03 1.049586571753025055e-03 3.730628266930580139e-02 1.759477163432165980e-04 1.447721384465694427e-02 3.043802455067634583e-02 3.134694322943687439e-02 1.701846532523632050e-02 6.459235679358243942e-03 4.789075255393981934e-02 2.451906353235244751e-02 2.678062592167407274e-04 4.464174807071685791e-02 4.274164792150259018e-03 4.481740295886993408e-02 2.248223870992660522e-02 3.966673836112022400e-02 2.290609665215015411e-02 1.788729988038539886e-02 1.502896659076213837e-02 2.912297472357749939e-02 2.729368768632411957e-02 7.079001981765031815e-03 9.238273836672306061e-03 3.103762166574597359e-03 9.608380496501922607e-03 1.593215204775333405e-02 7.856569252908229828e-03 3.268738836050033569e-02 4.256865940988063812e-03 5.210179369896650314e-03 1.579246856272220612e-02
6.551642902195453644e-03 1.528433337807655334e-02 1.202945783734321594e-01 3.621915727853775024e-02 3.436782956123352051e-02 4.093782603740692139e-02 2.850100630894303322e-03 1.962313801050186157e-01 4.655622318387031555e-02 2.342941425740718842e-02 2.521590143442153931e-02 3.969321399927139282e-02 4.208935424685478210e-02 3.079906746279448271e-04 2.414911985397338867e-02 2.294457145035266876e-02 2.448211982846260071e-02 1.837858743965625763e-02 4.497257061302661896e-03 3.120723878964781761e-03 4.285227134823799133e-02 5.739241838455200195e-02 1.267735846340656281e-02 4.172084853053092957e-02 9.449359960854053497e-03 1.413771323859691620e-02 1.421211473643779755e-02 5.824238061904907227e-03 2.870865864679217339e-03 2.058640308678150177e-02 4.271660000085830688e-02 2.291281940415501595e-03 2.026192471385002136e-02 1.969566801562905312e-03 4.476459324359893799e-02 4.417048022150993347e-02 4.635822772979736328e-02 3.248462919145822525e-03 2.014225535094738007e-02 1.012300886213779449e-02 3.511355072259902954e-02 3.821682184934616089e-03 1.045248471200466156e-02 1.540056467056274414e-01 3.787421435117721558e-02 4.891997203230857849e-03 2.077129855751991272e-02 2.195485681295394897e-02 2.373973652720451355e-02 1.536989212036132812e-02 8.182005956768989563e-03 1.790633657947182655e-03 3.574436157941818237e-02 5.915259476751089096e-03 5.134952254593372345e-03 3.907118365168571472e-02 7.840051315724849701e-03 5.609494633972644806e-03 1.272897236049175262e-02 2.239143475890159607e-02 3.039875626564025879e-02 2.757252380251884460e-02 1.219156756997108459e-02 6.572049460373818874e-04 5.613077804446220398e-02 1.509698573499917984e-02 5.337292794138193130e-03 6.113767251372337341e-02 8.035102859139442444e-03 1.742839813232421875e-02 1.965366676449775696e-02 8.408536203205585480e-03 6.869904696941375732e-02 3.317410126328468323e-02 6.130620837211608887e-02 3.628579154610633850e-02 2.932731295004487038e-03 1.435132604092359543e-02 3.359722718596458435e-02 8.899144828319549561e-03 2.693944573402404785e-01 2.488563954830169678e-01 8.222199976444244385e-03 5.781766027212142944e-02 6.092977244406938553e-03 2.061601541936397552e-02 1.543898880481719971e-01 6.121382862329483032e-02 2.217880683019757271e-03 5.024596676230430603e-02 1.925970613956451416e-02 1.117073092609643936e-02 3.586634295061230659e-03 1.943525508977472782e-03 4.349067434668540955e-02 1.021601073443889618e-02 9.554322063922882080e-02 2.553376369178295135e-02 3.565341606736183167e-02 1.910971105098724365e-02 3.539768978953361511e-02 2.134996233507990837e-03 5.269281193614006042e-02 3.858323395252227783e-02 8.214157819747924805e-02 8.914940990507602692e-03 5.290515720844268799e-03 5.323904100805521011e-03 3.263430669903755188e-02 2.123623900115489960e-02 1.881895028054714203e-02 2.339255250990390778e-02 2.805965254083275795e-03 2.695670165121555328e-02 1.548306830227375031e-02 3.897134214639663696e-02
7.385659962892532349e-03 8.316689054481685162e-04 3.621915727853775024e-02 1.050839573144912720e-01 3.178191483020782471e-01 8.187467232346534729e-03 1.629626564681529999e-02 1.392119470983743668e-02 8.534916676580905914e-03 1.570020057260990143e-02 5.213808733969926834e-03 4.851362854242324829e-02 8.822797797620296478e-03 2.331186458468437195e-02 1.134750153869390488e-02 1.670309156179428101e-02 2.024961449205875397e-02 1.020605564117431641e-01 9.883400052785873413e-02 3.419196978211402893e-02 6.423493381589651108e-03 8.718604594469070435e-02 1.632984168827533722e-02 2.542146295309066772e-02 8.016750216484069824e-03 5.911580100655555725e-02 4.292500391602516174e-02 1.193052623420953751e-02 2.574241347610950470e-02 3.957703709602355957e-03 2.800095640122890472e-02 1.447625923901796341e-03 2.411446720361709595e-02 2.589137107133865356e-02 4.781918972730636597e-02 5.957171320915222168e-02 3.342645009979605675e-03 7.391869276762008667e-02 1.458305418491363525e-01 1.286965608596801758e-01 2.823114767670631409e-02 2.015857025980949402e-02 4.542662948369979858e-02 1.450417749583721161e-02 7.213729899376630783e-03 3.537767007946968079e-02 8.616469800472259521e-03 2.247739210724830627e-02 1.089504454284906387e-02 2.572375908493995667e-02 4.071523621678352356e-02 4.033435136079788208e-02 4.031709581613540649e-02 3.331431001424789429e-02 2.893390879034996033e-02 7.107593119144439697e-02 5.586494132876396179e-02 2.954969182610511780e-02 5.113964900374412537e-02 1.709185168147087097e-02 3.381752595305442810e-02 8.213931322097778320e-02 3.103205375373363495e-02 5.578245967626571655e-02 4.011988267302513123e-02 1.271674875169992447e-02 2.723425067961215973e-02 3.043491393327713013e-02 5.846082419157028198e-02 6.410561501979827881e-02 8.969169110059738159e-02 5.967305507510900497e-03 5.009322986006736755e-02 3.294606134295463562e-02 7.015351951122283936e-02 5.276434496045112610e-02 5.809468030929565430e-02 5.974154174327850342e-02 1.288536284118890762e-02 1.263297349214553833e-02 4.509847983717918396e-02 9.899595752358436584e-03 4.600637406110763550e-02 5.976304784417152405e-02 3.537707403302192688e-02 2.748017199337482452e-02 8.973395451903343201e-03 3.349589183926582336e-02 6.190516520291566849e-03 1.689493283629417419e-02 4.784921184182167053e-02 2.854595147073268890e-02 2.156314067542552948e-02 5.938867572695016861e-03 3.533937036991119385e-02 5.256803706288337708e-03 1.055655628442764282e-02 4.081226885318756104e-02 5.039660260081291199e-02 2.607536874711513519e-02 5.247037857770919800e-03 1.332407444715499878e-02 1.688179932534694672e-02 2.373640891164541245e-03 1.882476732134819031e-02 8.125703781843185425e-03 6.269845180213451385e-03 3.052190691232681274e-02 5.122677236795425415e-02 1.328160893172025681e-02 1.324476674199104309e-02 1.216159551404416561e-03 1.773601584136486053e-02 1.776599325239658356e-02 4.187459591776132584e-03 4.901491105556488037e-02
1.189676858484745026e-02 1.693719811737537384e-02 3.436782956123352051e-02 3.178191483020782471e-01 1.248887255787849426e-01 4.166115075349807739e-02 3.698313608765602112e-02 3.989970777183771133e-03 4.076440259814262390e-02 2.962079830467700958e-02 1.657362841069698334e-02 4.654907807707786560e-02 2.048459276556968689e-02 4.651610273867845535e-03 4.801471158862113953e-02 7.024592906236648560e-02 2.306490950286388397e-02 5.978621169924736023e-02 3.204538673162460327e-02 2.482834830880165100e-02 1.514513324946165085e-02 2.918206527829170227e-02 4.342331364750862122e-02 5.978876352310180664e-02 1.187363080680370331e-02 2.442478574812412262e-02 2.016744762659072876e-02 2.211203612387180328e-02 1.737384125590324402e-02 1.786927506327629089e-02 2.273870445787906647e-02 2.581285685300827026e-02 2.886292152106761932e-02 2.349169552326202393e-02 3.310748841613531113e-03 3.704151883721351624e-02 3.550205007195472717e-02 1.295999903231859207e-02 1.349822580814361572e-01 2.033389359712600708e-01 3.958301991224288940e-02 3.203691169619560242e-02 3.952560480684041977e-03 3.180140629410743713e-02 3.890303149819374084e-02 2.022723853588104248e-02 4.032484814524650574e-02 2.309640683233737946e-02 1.850081980228424072e-02 1.714122854173183441e-02 2.783996053040027618e-02 9.633735753595829010e-03 3.122563706710934639e-03 2.575158327817916870e-02 3.927442058920860291e-02 1.126433163881301880e-02 6.889166310429573059e-03 2.519640140235424042e-02 1.794782094657421112e-02 4.625305160880088806e-02 1.763097196817398071e-02 6.512019038200378418e-02 2.302821911871433258e-02 6.157588679343461990e-03 4.097125306725502014e-02 4.251644760370254517e-02 9.059904143214225769e-03 1.681633852422237396e-02 1.273562759160995483e-02 4.523666203022003174e-02 6.628166139125823975e-02 2.762745507061481476e-02 6.509002298116683960e-02 1.897725276648998260e-02 3.231494873762130737e-02 1.132989395409822464e-02 2.912946790456771851e-02 5.929156392812728882e-02 3.692952543497085571e-02 1.722389250062406063e-03 7.146821171045303345e-02 9.972967952489852905e-02 1.181440725922584534e-01 1.719370782375335693e-01 4.267732612788677216e-03 3.449169546365737915e-02 1.283223461359739304e-02 2.420253120362758636e-02 4.570628702640533447e-02 2.318128198385238647e-02 5.216735973954200745e-02 3.981922287493944168e-03 2.238263608887791634e-03 2.784511074423789978e-02 1.230174023658037186e-02 1.337459683418273926e-02 8.776810951530933380e-03 3.404197469353675842e-02 3.056240081787109375e-02 1.861215941607952118e-02 4.657514393329620361e-02 4.844545945525169373e-02 4.984871018677949905e-03 9.174951352179050446e-03 3.827978670597076416e-02 1.481141056865453720e-02 3.845424950122833252e-02 3.451728075742721558e-02 1.008094102144241333e-01 2.918293233960866928e-03 3.599196299910545349e-02 3.976986557245254517e-02 2.522506564855575562e-02 1.024722494184970856e-02 3.651726618409156799e-02 2.998550422489643097e-02
1.508955359458923340e-01 1.271804571151733398e-01 4.093782603740692139e-02 8.187467232346534729e-03 4.166115075349807739e-02 2.562849819660186768e-01 2.337048202753067017e-01 2.452907711267471313e-02 5.053314939141273499e-02 3.739956300705671310e-03 1.049008965492248535e-01 7.645642757415771484e-02 1.084797680377960205e-01 1.207867041230201721e-01 1.520656794309616089e-02 5.380869284272193909e-02 4.668667539954185486e-02 4.723225533962249756e-02 1.058346778154373169e-02 1.057891361415386200e-02 3.946112468838691711e-03 6.379438936710357666e-02 3.108023479580879211e-02 3.254823386669158936e-02 3.220805525779724121e-02 4.062938317656517029e-02 5.053728073835372925e-02 7.079645246267318726e-02 5.532557144761085510e-02 4.083205386996269226e-02 1.063888520002365112e-01 4.651946481317281723e-03 2.689944207668304443e-02 2.327967062592506409e-02 7.977710664272308350e-02 1.099328696727752686e-02 2.851283363997936249e-02 3.557870909571647644e-02 3.325232490897178650e-02 9.291748516261577606e-03 2.666861517354846001e-03 2.405455522239208221e-02 2.882333286106586456e-02 1.210631802678108215e-02 3.818848729133605957e-02 7.342777401208877563e-02 1.638595014810562134e-01 1.207251548767089844e-01 2.735855244100093842e-02 1.216203812509775162e-02 6.820569187402725220e-02 1.671325042843818665e-02 9.396268054842948914e-03 1.242566388100385666e-02 8.727655746042728424e-03 9.384565800428390503e-02 2.686832472681999207e-02 1.306606456637382507e-02 3.001685626804828644e-02 3.668187558650970459e-02 1.088957209140062332e-02 2.850090712308883667e-02 4.444088786840438843e-02 2.451945468783378601e-02 3.288406506180763245e-02 3.868899121880531311e-02 4.910159111022949219e-02 7.306110858917236328e-02 2.262122929096221924e-02 1.121996901929378510e-02 3.182381391525268555e-02 1.257580332458019257e-02 5.485150218009948730e-02 4.627574607729911804e-02 1.440775301307439804e-02 4.168582707643508911e-02 3.903029486536979675e-02 1.894605904817581177e-02 4.126252979040145874e-02 2.497156150639057159e-02 2.887713164091110229e-02 2.581332251429557800e-02 2.583926357328891754e-02 2.134323865175247192e-02 3.017474152147769928e-02 1.303899195045232773e-02 2.643870003521442413e-02 5.834751948714256287e-02 1.238648896105587482e-03 6.399291753768920898e-02 9.860659018158912659e-03 5.403229966759681702e-02 4.011709243059158325e-02 2.421709895133972168e-02 5.100249499082565308e-02 2.981126867234706879e-02 4.397106170654296875e-02 4.509731754660606384e-02 2.075270190834999084e-02 2.551264315843582153e-02 2.032135846093297005e-03 1.087313331663608551e-02 4.316204413771629333e-02 3.044396266341209412e-02 3.177682310342788696e-02 1.864439994096755981e-02 1.318123843520879745e-02 8.244623430073261261e-03 3.725192323327064514e-02 3.498779609799385071e-02 1.478120964020490646e-02 2.303608320653438568e-02 3.396821394562721252e-02 3.120066365227103233e-03 3.642551228404045105e-02 3.179319947957992554e-02
1.071049347519874573e-01 1.315411776304244995e-01 2.850100630894303322e-03 1.629626564681529999e-02 3.698313608765602112e-02 2.337048202753067017e-01 2.675130367279052734e-01 2.575370296835899353e-02 1.507500372827053070e-02 1.307156984694302082e-03 5.354137346148490906e-02 1.880334876477718353e-02 7.689691334962844849e-02 7.201968133449554443e-02 1.052197739481925964e-01 3.761937096714973450e-02 1.685028523206710815e-02 1.810523495078086853e-02 2.652693167328834534e-02 2.174065820872783661e-02 3.091006539762020111e-02 3.975619003176689148e-02 1.125780772417783737e-02 2.114403620362281799e-02 1.528581697493791580e-02 1.352366618812084198e-02 5.090882256627082825e-02 3.286773338913917542e-02 2.089191228151321411e-02 2.311150357127189636e-02 5.848814174532890320e-02 9.599044569768011570e-04 5.990806594491004944e-02 3.492196649312973022e-02 7.559204101562500000e-02 1.424023322761058807e-02 4.730684310197830200e-02 7.365477830171585083e-02 6.607299204915761948e-03 1.882241293787956238e-02 4.950382933020591736e-02 3.144770860671997070e-02 1.753155514597892761e-02 2.206810936331748962e-02 1.229310501366853714e-02 5.866498127579689026e-02 1.624557375907897949e-01 1.935482621192932129e-01 7.185180205851793289e-03 2.723092027008533478e-02 5.121454969048500061e-02 3.274546563625335693e-02 1.344773359596729279e-02 8.477503433823585510e-03 5.506222136318683624e-03 3.545057028532028198e-02 5.400879774242639542e-03 2.576068416237831116e-02 2.696546725928783417e-02 2.441509859636425972e-03 1.219585258513689041e-02 1.053065713495016098e-02 2.890025265514850616e-03 3.117228392511606216e-03 1.230074837803840637e-02 2.065242826938629150e-02 3.701827256008982658e-03 4.421724937856197357e-03 7.519621402025222778e-03 2.866907045245170593e-02 4.437407944351434708e-03 2.751810662448406219e-02 2.161948196589946747e-02 3.099984489381313324e-02 3.392221406102180481e-03 1.823358982801437378e-02 1.531545165926218033e-02 2.761077322065830231e-02 9.238138794898986816e-03 2.477785758674144745e-02 1.126248668879270554e-02 1.584886340424418449e-04 1.767306588590145111e-02 2.255723811686038971e-02 2.629792084917426109e-03 6.413115561008453369e-02 6.550045311450958252e-02 2.248923480510711670e-02 2.900139987468719482e-02 4.627921432256698608e-02 8.346009999513626099e-02 2.707377821207046509e-02 1.174403950572013855e-01 7.316759228706359863e-02 1.165868435055017471e-02 1.316915004281327128e-04 5.600148811936378479e-02 7.613470777869224548e-03 1.340728066861629486e-02 3.780723735690116882e-02 9.951556101441383362e-03 1.346409786492586136e-02 2.340257354080677032e-02 2.476567635312676430e-03 9.115428663790225983e-03 3.338121809065341949e-03 4.887598566710948944e-03 4.498054087162017822e-02 5.135808512568473816e-02 1.484222430735826492e-02 4.064720496535301208e-02 3.752275928854942322e-02 2.002333477139472961e-02 2.018425241112709045e-02 4.773484915494918823e-02 6.333228200674057007e-03
4.500267282128334045e-02 4.617730900645256042e-02 1.962313801050186157e-01 1.392119470983743668e-02 3.989970777183771133e-03 2.452907711267471313e-02 2.575370296835899353e-02 1.668929308652877808e-01 4.636984318494796753e-02 4.239134863018989563e-02 1.493038702756166458e-02 4.774247109889984131e-02 6.859069690108299255e-03 7.750747352838516235e-02 1.858499199151992798e-01 3.788772225379943848e-02 3.537108004093170166e-02 1.407525502145290375e-02 2.830642275512218475e-02 1.110714673995971680e-02 4.740866273641586304e-02 2.307602949440479279e-02 5.585063248872756958e-02 4.136455431580543518e-02 1.266139838844537735e-02 5.150352790951728821e-02 4.936494398862123489e-03 1.037897169589996338e-01 3.175144642591476440e-02 7.349680364131927490e-02 2.472214587032794952e-02 4.646243900060653687e-02 1.958101801574230194e-02 1.252825953997671604e-03 1.624527014791965485e-02 2.973992004990577698e-02 1.785688847303390503e-02 3.631608560681343079e-02 2.541737817227840424e-02 3.874422982335090637e-02 1.751248352229595184e-02 1.895904075354337692e-03 3.651369735598564148e-02 1.089341565966606140e-01 1.618821918964385986e-02 2.372237481176853180e-02 7.293196860700845718e-03 2.094060182571411133e-02 6.247732788324356079e-02 2.181462571024894714e-02 6.954950280487537384e-03 5.627314373850822449e-02 4.639681801199913025e-02 1.347710564732551575e-02 6.694278120994567871e-02 2.725567482411861420e-02 2.739416994154453278e-02 4.009148105978965759e-02 5.199918150901794434e-02 1.433837972581386566e-02 2.714357897639274597e-02 3.212436661124229431e-02 1.947995088994503021e-02 4.170635249465703964e-03 1.738828048110008240e-02 4.902559891343116760e-02 3.300482407212257385e-02 1.208510994911193848e-02 9.797018021345138550e-03 4.838231950998306274e-02 1.170651335269212723e-02 1.628285460174083710e-02 2.845994569361209869e-02 3.703292831778526306e-02 4.501302540302276611e-02 4.005057364702224731e-02 1.742107979953289032e-02 3.814338892698287964e-02 1.255782437510788441e-03 3.880168125033378601e-02 2.327554970979690552e-01 1.325917243957519531e-01 2.815905772149562836e-02 5.688090622425079346e-02 2.288963459432125092e-02 6.526177376508712769e-02 1.821562200784683228e-01 8.156484365463256836e-02 3.923571854829788208e-02 5.690396577119827271e-02 3.821820765733718872e-02 4.560533910989761353e-02 1.492653228342533112e-02 3.420160338282585144e-02 4.295310378074645996e-02 5.840591713786125183e-02 1.540150772780179977e-02 1.695957593619823456e-02 9.986150078475475311e-03 2.596636116504669189e-02 5.852612107992172241e-02 8.346847258508205414e-03 2.947259508073329926e-02 1.520985551178455353e-02 5.817721411585807800e-02 3.212558105587959290e-02 2.308909036219120026e-02 9.346602484583854675e-03 8.080295287072658539e-03 3.279564529657363892e-02 2.125068008899688721e-02 5.721618887037038803e-03 2.272779867053031921e-02 1.392199657857418060e-02 6.226282939314842224e-02 1.911158673465251923e-02
9.792452678084373474e-03 3.805451840162277222e-02 4.655622318387031555e-02 8.534916676580905914e-03 4.076440259814262390e-02 5.053314939141273499e-02 1.507500372827053070e-02 4.636984318494796753e-02 1.410124301910400391e-01 1.071433201432228088e-01 1.017829123884439468e-02 7.646287232637405396e-02 2.195673435926437378e-02 8.164394646883010864e-02 1.221605110913515091e-02 1.346883643418550491e-02 1.461538579314947128e-02 6.288082897663116455e-02 2.003160305321216583e-02 9.810907766222953796e-03 2.187720499932765961e-02 4.545845557004213333e-03 1.121243387460708618e-01 8.423027396202087402e-02 2.407414652407169342e-02 1.125393994152545929e-02 2.780260890722274780e-02 1.018504425883293152e-01 2.124927565455436707e-02 9.050405770540237427e-02 6.815690081566572189e-03 1.929674297571182251e-02 1.295412704348564148e-02 1.384552754461765289e-02 7.889780215919017792e-03 2.845958992838859558e-02 6.946616806089878082e-03 1.589226163923740387e-02 3.682493790984153748e-02 4.093321622349321842e-04 6.023162975907325745e-03 6.173111870884895325e-02 3.900270164012908936e-02 3.650414524599909782e-03 9.394196793437004089e-03 5.876327306032180786e-02 3.827334940433502197e-02 4.937262088060379028e-02 2.934994874522089958e-03 2.967622596770524979e-03 4.916899278759956360e-02 1.748302206397056580e-02 1.005125511437654495e-02 4.851329140365123749e-03 4.250280931591987610e-02 1.833541505038738251e-02 4.457658622413873672e-03 2.697544405236840248e-03 1.307519804686307907e-02 1.308727916330099106e-02 2.723872102797031403e-02 4.382773861289024353e-02 3.831516951322555542e-02 1.669181138277053833e-02 3.424908732995390892e-03 3.569820197299122810e-03 2.905544126406311989e-03 2.695244178175926208e-02 1.014170125126838684e-01 1.248029991984367371e-02 4.142586141824722290e-02 1.094817463308572769e-02 2.608868991956114769e-03 9.090112522244453430e-03 1.926786266267299652e-02 6.163907237350940704e-03 1.577825397253036499e-01 6.633111834526062012e-02 7.505674380809068680e-03 2.837978303432464600e-02 3.250101208686828613e-02 4.093936458230018616e-02 3.848576545715332031e-02 5.737563967704772949e-02 2.755876071751117706e-02 3.787141665816307068e-02 9.760469198226928711e-03 2.719647251069545746e-02 1.922211237251758575e-02 4.693084955215454102e-02 1.943935989402234554e-03 2.914841519668698311e-03 3.649118170142173767e-02 6.585805863142013550e-02 9.026695042848587036e-03 5.014827474951744080e-02 6.967301480472087860e-03 3.087649866938591003e-02 6.110452115535736084e-02 4.841950535774230957e-02 5.712581332772970200e-03 4.225594922900199890e-03 2.355770580470561981e-02 3.229790180921554565e-02 2.930810116231441498e-02 1.847226545214653015e-02 7.575615774840116501e-03 5.370819009840488434e-03 1.010402571409940720e-02 4.484741017222404480e-02 3.373973816633224487e-02 4.642605315893888474e-03 2.592845447361469269e-02 6.169386580586433411e-02 1.633129455149173737e-02 4.142785817384719849e-02
2.150211110711097717e-02 2.240616641938686371e-02 2.342941425740718842e-02 1.570020057260990143e-02 2.962079830467700958e-02 3.739956300705671310e-03 1.307156984694302082e-03 4.239134863018989563e-02 1.071433201432228088e-01 1.522551923990249634e-01 1.473334245383739471e-02 6.521128118038177490e-02 8.722088299691677094e-03 6.346058845520019531e-02 1.169667672365903854e-02 7.468684343621134758e-04 1.443327963352203369e-02 2.511408366262912750e-02 3.200323134660720825e-02 1.019944902509450912e-02 1.591324806213378906e-02 2.730737440288066864e-02 5.737617239356040955e-02 4.975542053580284119e-02 3.751254454255104065e-02 1.951415278017520905e-02 5.252723395824432373e-02 4.229877144098281860e-02 3.081034868955612183e-02 7.295496761798858643e-02 6.295987404882907867e-03 2.344230003654956818e-02 1.254132576286792755e-02 1.245617307722568512e-02 4.322774335741996765e-02 1.059961691498756409e-02 1.840954273939132690e-02 7.911437191069126129e-03 1.557127945125102997e-02 2.117331372573971748e-03 1.263682916760444641e-02 3.628519922494888306e-02 5.625050887465476990e-02 1.305279880762100220e-02 2.727077528834342957e-02 6.600065529346466064e-02 2.816127240657806396e-02 2.600839547812938690e-02 2.733348868787288666e-02 2.833995595574378967e-02 4.822287242859601974e-03 3.138906136155128479e-02 1.557503640651702881e-02 3.070570342242717743e-02 1.680636778473854065e-02 1.826311275362968445e-02 1.566078886389732361e-02 2.445840276777744293e-02 4.153484944254159927e-03 2.016147598624229431e-02 2.347468864172697067e-03 3.816246986389160156e-02 4.193686693906784058e-02 1.888234051875770092e-03 1.340258587151765823e-02 6.532298400998115540e-03 2.079498581588268280e-02 6.312528252601623535e-02 3.160869330167770386e-02 8.118611760437488556e-03 4.420854896306991577e-02 1.783856935799121857e-02 4.478679224848747253e-02 1.736702956259250641e-02 2.847595326602458954e-02 4.817353934049606323e-02 5.615575984120368958e-02 7.763287425041198730e-02 4.056869447231292725e-02 5.320376530289649963e-02 1.055746618658304214e-02 2.379931882023811340e-02 3.795433416962623596e-02 3.278675302863121033e-02 5.332987383008003235e-02 3.765332698822021484e-02 3.239587694406509399e-02 2.317715734534431249e-05 4.635550081729888916e-03 1.747456565499305725e-02 1.811059424653649330e-03 1.030420977622270584e-02 7.690817583352327347e-03 2.190080098807811737e-02 1.346638239920139313e-02 1.264183316379785538e-02 2.558529749512672424e-02 3.283856809139251709e-02 2.795086242258548737e-02 2.603132091462612152e-02 2.679062308743596077e-03 2.935257554054260254e-02 1.836171932518482208e-02 2.210274711251258850e-02 1.357231521978974342e-03 4.796775174327194691e-04 1.703437790274620056e-02 3.736317530274391174e-02 2.496377006173133850e-02 3.493473306298255920e-02 1.427497807890176773e-02 6.246658973395824432e-03 3.308249637484550476e-02 3.087521158158779144e-02 2.180105634033679962e-02 6.164527731016278267e-04
1.655529886484146118e-01 1.377036571502685547e-01 2.521590143442153931e-02 5.213808733969926834e-03 1.657362841069698334e-02 1.049008965492248535e-01 5.354137346148490906e-02 1.493038702756166458e-02 1.017829123884439468e-02 1.473334245383739471e-02 1.879966855049133301e-01 9.305101819336414337e-03 1.770749092102050781e-01 2.121892571449279785e-02 4.938774555921554565e-02 1.383107062429189682e-02 5.669426172971725464e-03 7.983970455825328827e-03 4.116318374872207642e-02 1.210528309457004070e-03 7.130151148885488510e-03 3.292280063033103943e-02 2.973872050642967224e-02 7.366829551756381989e-03 2.136093244189396501e-04 4.418054968118667603e-02 3.573229908943176270e-02 3.926928713917732239e-02 5.142079293727874756e-02 3.203007578849792480e-02 3.248523548245429993e-02 6.328293122351169586e-03 2.963198721408843994e-02 2.390490472316741943e-02 4.825695883482694626e-03 3.319289162755012512e-02 3.016381710767745972e-02 8.361632376909255981e-02 2.265230938792228699e-02 1.209545414894819260e-02 8.756286464631557465e-03 3.330143913626670837e-02 2.370904432609677315e-03 1.453642360866069794e-02 2.498413994908332825e-02 4.475877434015274048e-02 7.985874265432357788e-02 1.395562943071126938e-02 2.338625863194465637e-02 2.237792313098907471e-02 2.853321097791194916e-02 2.246428653597831726e-02 1.511003077030181885e-02 3.259130939841270447e-02 5.652514845132827759e-02 2.647663280367851257e-02 2.998079545795917511e-02 3.200954198837280273e-02 1.088734529912471771e-02 2.480939030647277832e-02 1.271605957299470901e-02 5.259489640593528748e-02 6.070600356906652451e-03 3.049914166331291199e-02 6.784835457801818848e-02 6.803113967180252075e-02 1.151466462761163712e-02 7.006939034909009933e-03 3.842619946226477623e-03 6.843663752079010010e-03 1.535233855247497559e-02 2.457445673644542694e-02 7.348937913775444031e-03 3.304364532232284546e-02 1.277265232056379318e-02 5.323030520230531693e-03 8.073860779404640198e-03 2.196897380053997040e-02 1.315103098750114441e-02 2.584017068147659302e-02 6.706887390464544296e-03 2.032775059342384338e-02 3.248808672651648521e-03 5.167366564273834229e-02 6.984423816902562976e-05 4.676299914717674255e-02 1.257433295249938965e-01 6.670360267162322998e-02 4.038085415959358215e-02 2.708586864173412323e-03 8.252328843809664249e-04 2.905143797397613525e-02 5.885014776140451431e-03 5.086529627442359924e-02 3.210126236081123352e-02 1.131254527717828751e-02 2.749982103705406189e-02 2.762983366847038269e-02 2.447127737104892731e-02 2.327357418835163116e-03 1.132973376661539078e-02 3.875438123941421509e-02 3.085792250931262970e-02 2.268681116402149200e-02 2.711931802332401276e-02 2.595190331339836121e-02 7.611448410898447037e-03 3.433252859394997358e-04 4.659708356484770775e-04 1.135903969407081604e-02 3.102989122271537781e-02 1.469130860641598701e-03 1.546994224190711975e-02 1.528943888843059540e-02 1.948216371238231659e-02 1.237562298774719238e-02
8.200606331229209900e-03 4.753640387207269669e-03 3.969321399927139282e-02 4.851362854242324829e-02 4.654907807707786560e-02 7.645642757415771484e-02 1.880334876477718353e-02 4.774247109889984131e-02 7.646287232637405396e-02 6.521128118038177490e-02 9.305101819336414337e-03 1.420944333076477051e-01 1.590054482221603394e-02 2.592612206935882568e-01 1.146356984972953796e-01 6.414632778614759445e-03 1.366665121167898178e-02 2.472168020904064178e-02 2.730623260140419006e-02 7.619480136781930923e-03 5.382603406906127930e-02 2.565480209887027740e-02 1.167103275656700134e-01 8.210999518632888794e-02 1.856012828648090363e-02 6.103010964579880238e-04 8.715621195733547211e-03 6.946223974227905273e-02 6.515954621136188507e-03 1.670555770397186279e-01 5.413911771029233932e-03 5.276602506637573242e-02 3.719604387879371643e-02 3.612159192562103271e-02 3.612587600946426392e-02 1.853299885988235474e-02 1.455751433968544006e-02 2.178413234651088715e-02 5.514897871762514114e-03 2.652378939092159271e-02 3.274997696280479431e-03 3.343605995178222656e-02 6.440294533967971802e-02 2.734742686152458191e-02 1.153946667909622192e-01 1.210156008601188660e-01 1.320130284875631332e-02 9.400736540555953979e-02 5.421122536063194275e-02 7.027267664670944214e-02 3.309316933155059814e-02 1.215114146471023560e-01 4.754863306879997253e-02 1.941538788378238678e-02 1.504039578139781952e-02 3.171107033267617226e-03 4.078798741102218628e-02 4.833627026528120041e-03 4.378370568156242371e-02 1.414095144718885422e-02 5.007148161530494690e-02 1.632274128496646881e-02 3.288117796182632446e-02 2.466130070388317108e-02 4.296202212572097778e-02 6.275149993598461151e-03 1.977162435650825500e-03 9.774730354547500610e-02 1.493228413164615631e-02 2.276778034865856171e-02 1.398794259876012802e-02 1.473018154501914978e-02 5.422384943813085556e-03 1.993673667311668396e-02 1.181542221456766129e-02 2.014753874391317368e-03 3.853023424744606018e-02 4.124839603900909424e-02 4.074295982718467712e-02 6.586280069313943386e-04 3.497503325343132019e-02 1.449220813810825348e-02 2.585146203637123108e-02 3.635720117017626762e-03 2.604230120778083801e-02 7.371435314416885376e-02 5.339543148875236511e-02 6.481320131570100784e-03 1.790703274309635162e-03 5.857692658901214600e-02 2.047258801758289337e-02 8.670127019286155701e-03 2.527184784412384033e-02 2.171315951272845268e-03 4.655408859252929688e-02 2.107010368490591645e-05 3.058208338916301727e-02 1.631372258998453617e-03 3.401271626353263855e-02 1.851754449307918549e-02 3.531530126929283142e-02 7.739565335214138031e-04 5.803338717669248581e-03 1.733500696718692780e-02 2.990857930853962898e-03 5.152042582631111145e-02 5.184102337807416916e-03 4.102773591876029968e-02 1.553999632596969604e-02 5.740964319556951523e-03 2.065892331302165985e-03 2.437539584934711456e-02 3.784875571727752686e-02 6.801182776689529419e-02 2.335958182811737061e-02 2.416586689651012421e-02
1.680831015110015869e-01 2.136510163545608521e-01 4.208935424685478210e-02 8.822797797620296478e-03 2.048459276556968689e-02 1.084797680377960205e-01 7.689691334962844849e-02 6.859069690108299255e-03 2.195673435926437378e-02 8.722088299691677094e-03 1.770749092102050781e-01 1.590054482221603394e-02 2.102129757404327393e-01 5.527603253722190857e-02 1.116100773215293884e-01 5.296764895319938660e-03 1.243888679891824722e-02 3.093939460813999176e-02 5.961533635854721069e-02 2.919133380055427551e-02 2.563424035906791687e-02 9.180948138236999512e-02 2.132613956928253174e-02 1.454458013176918030e-02 2.501473203301429749e-02 6.513411644846200943e-03 5.544062703847885132e-02 6.110638380050659180e-02 7.897717878222465515e-03 4.179620184004306793e-03 1.205493137240409851e-02 3.291858593001961708e-03 2.807331085205078125e-02 3.504771739244461060e-02 1.968795992434024811e-02 2.709309011697769165e-02 4.555516690015792847e-02 5.646341294050216675e-02 1.873670518398284912e-02 4.111027810722589493e-03 1.581784896552562714e-02 1.652245223522186279e-02 2.955869212746620178e-02 3.978552296757698059e-02 2.176733501255512238e-02 3.675998747348785400e-02 5.019018799066543579e-02 1.654511131346225739e-02 5.617717979475855827e-04 1.861488074064254761e-02 1.927748136222362518e-02 6.898587942123413086e-02 7.612938643433153629e-04 1.356370747089385986e-02 2.273242548108100891e-02 1.070571504533290863e-02 5.719254259020090103e-03 1.999045722186565399e-02 1.367406360805034637e-02 2.533611841499805450e-02 1.999860629439353943e-02 2.693331055343151093e-02 2.880754508078098297e-02 3.477925434708595276e-02 1.811779476702213287e-02 1.124894395470619202e-01 2.190182358026504517e-02 5.166496708989143372e-02 2.500083111226558685e-02 2.112466841936111450e-02 2.510726638138294220e-02 2.022980526089668274e-02 7.287956541404128075e-04 4.345357790589332581e-02 1.479916181415319443e-02 4.914788901805877686e-02 3.205179236829280853e-03 3.602317301556468010e-03 4.342271015048027039e-03 2.530876547098159790e-02 3.157597407698631287e-02 8.262003771960735321e-03 3.333675907924771309e-03 4.669504985213279724e-02 1.408705487847328186e-02 6.272806227207183838e-02 9.617407619953155518e-02 6.934932619333267212e-02 4.486220702528953552e-02 1.606465899385511875e-03 3.198848292231559753e-02 2.860909141600131989e-02 4.194974154233932495e-02 8.318582922220230103e-02 1.785418018698692322e-02 2.448775433003902435e-02 5.252490285784006119e-03 4.451869055628776550e-02 3.291800618171691895e-02 1.939062215387821198e-02 3.574864938855171204e-02 1.448584999889135361e-02 4.973561968654394150e-03 9.805338457226753235e-03 9.017915464937686920e-03 1.052875351160764694e-02 2.090542763471603394e-02 8.408704772591590881e-03 3.787316009402275085e-02 6.474402267485857010e-03 1.805625669658184052e-02 3.530967747792601585e-03 8.291877456940710545e-04 2.386765740811824799e-02 4.460039548575878143e-03 4.672622308135032654e-02
