1.503033041954040527e-01 1.252436637878417969e-01 2.977862395346164703e-02 1.556992903351783752e-02 3.749599307775497437e-02 1.237548142671585083e-01 9.996237605810165405e-02 3.003267757594585419e-02 2.517218329012393951e-02 3.851543879136443138e-03 1.400009840726852417e-01 8.580453577451407909e-04 5.804966762661933899e-02 3.849679604172706604e-02 4.667067155241966248e-02 4.091845080256462097e-02 3.890851512551307678e-02 3.079516813158988953e-03 1.846993574872612953e-03 2.847293217200785875e-04 4.584021493792533875e-02 2.736796066164970398e-02 9.743980132043361664e-03 7.696543820202350616e-03 2.465522661805152893e-02 1.613427139818668365e-02 4.219190031290054321e-02 6.035369820892810822e-03 3.384843468666076660e-02 1.540220901370048523e-02 2.552846819162368774e-02 3.661633934825658798e-03 1.723571307957172394e-02 8.881790563464164734e-03 2.338129281997680664e-02 3.043762221932411194e-02 1.578003540635108948e-02 3.130587982013821602e-03 2.956558018922805786e-03 1.097447425127029419e-02 1.691629923880100250e-02 1.720836013555526733e-02 9.634553454816341400e-03 2.812350867316126823e-03 5.793699994683265686e-02 6.676384713500738144e-03 1.002980470657348633e-01 5.177171528339385986e-02 1.415181066840887070e-02 2.309349738061428070e-02 7.414350286126136780e-03 2.715429104864597321e-02 4.583152383565902710e-02 3.247142955660820007e-02 2.619395218789577484e-02 4.049316339660435915e-04 1.108566112816333771e-02 5.038442090153694153e-02 4.501397162675857544e-02 2.680571749806404114e-02 2.065490372478961945e-02 1.590786315500736237e-02 1.388767175376415253e-02 1.689579454250633717e-03 6.985829025506973267e-02 1.170205697417259216e-02 1.315899938344955444e-02 5.609816871583461761e-03 2.879397571086883545e-02 3.750848397612571716e-02 3.392921388149261475e-02 2.923766709864139557e-02 1.076670065522193909e-01 1.413226593285799026e-02 5.339296534657478333e-02 3.487800806760787964e-02 3.513796254992485046e-02 1.814463175833225250e-02 1.829727366566658020e-02 1.726035401225090027e-02 1.065079495310783386e-02 2.416487969458103180e-02 1.189293339848518372e-02 2.558480948209762573e-02 5.115959420800209045e-02 2.895497158169746399e-02 3.625023365020751953e-02 1.507354155182838440e-02 3.391043469309806824e-02 1.110706478357315063e-02 2.668035030364990234e-02 8.166653662919998169e-02 1.420015748590230942e-02 4.872079472988843918e-03 4.068045318126678467e-02 2.428595162928104401e-02 1.701372303068637848e-02 8.181684650480747223e-03 1.226909738034009933e-02 2.137957327067852020e-02 3.862023726105690002e-02 2.112557366490364075e-02 4.005707055330276489e-02 3.552274778485298157e-02 2.296955138444900513e-02 9.292854927480220795e-03 7.861856371164321899e-03 2.295924909412860870e-02 4.257685691118240356e-02 2.055176720023155212e-02 2.580048888921737671e-02 7.295750547200441360e-04 1.392632257193326950e-02 1.435036305338144302e-02 3.873976320028305054e-02 1.369203627109527588e-02
1.252436637878417969e-01 1.449952721595764160e-01 1.198520977050065994e-02 5.442842841148376465e-02 1.602661423385143280e-02 1.109461784362792969e-01 1.096800416707992554e-01 1.876100711524486542e-02 3.768089460209012032e-03 3.763396525755524635e-04 6.866718083620071411e-02 2.694787830114364624e-02 1.182388365268707275e-01 2.088988199830055237e-02 5.552026629447937012e-02 4.517657309770584106e-02 1.412431150674819946e-02 3.350173123180866241e-03 1.590230874717235565e-02 6.545913405716419220e-03 3.199740499258041382e-02 6.224351003766059875e-02 1.638841256499290466e-02 3.048328915610909462e-03 1.141419168561697006e-02 1.158186886459589005e-02 6.477878242731094360e-02 1.632589288055896759e-02 6.943408399820327759e-02 3.752897493541240692e-03 6.363228429108858109e-03 2.473420463502407074e-02 1.695692352950572968e-02 2.159096114337444305e-02 7.310199551284313202e-03 1.300690602511167526e-02 3.033145703375339508e-02 6.688305642455816269e-03 5.198061466217041016e-02 2.641837671399116516e-02 3.641684353351593018e-02 3.206788003444671631e-02 1.905501936562359333e-03 4.835912026464939117e-03 1.112486608326435089e-02 9.634194895625114441e-03 6.538441032171249390e-02 7.702052593231201172e-02 1.820351928472518921e-02 3.093419969081878662e-02 3.238682821393013000e-02 1.182063855230808258e-02 3.401704132556915283e-02 2.852100320160388947e-02 2.916585840284824371e-02 3.658277913928031921e-02 6.410363595932722092e-03 4.140973836183547974e-02 9.298082441091537476e-03 2.186463959515094757e-02 3.728454560041427612e-02 2.950033172965049744e-02 3.641450032591819763e-02 9.643438272178173065e-03 2.166330255568027496e-02 4.729154333472251892e-02 3.128144424408674240e-03 6.021888926625251770e-03 2.926037646830081940e-02 4.261006601154804230e-03 2.494937554001808167e-02 1.539454050362110138e-02 6.139413267374038696e-02 1.536291278898715973e-02 7.900884002447128296e-02 5.808547604829072952e-03 6.052294746041297913e-02 1.102901063859462738e-02 6.671900860965251923e-03 1.806030236184597015e-02 5.856169853359460831e-03 5.271356552839279175e-02 1.421960443258285522e-02 1.327199116349220276e-02 2.181906811892986298e-02 1.213865634053945541e-02 1.941562071442604065e-02 4.565994441509246826e-02 3.886054083704948425e-02 3.870496526360511780e-02 1.123914029449224472e-02 2.371301129460334778e-02 4.623972997069358826e-02 1.172081800177693367e-03 4.643676429986953735e-02 2.507171593606472015e-02 1.258709933608770370e-02 9.823424043133854866e-04 9.836675599217414856e-03 2.500785281881690025e-03 1.067025680094957352e-02 3.003351204097270966e-02 4.854076541960239410e-03 4.272707924246788025e-02 3.432010067626833916e-03 1.995172724127769470e-02 3.211398050189018250e-02 2.890232764184474945e-02 3.071719780564308167e-03 5.971754435449838638e-03 5.895360559225082397e-02 6.493458990007638931e-03 2.702658437192440033e-02 9.752171114087104797e-03 1.472276635468006134e-02 1.245135627686977386e-02
2.977862395346164703e-02 1.198520977050065994e-02 6.343813985586166382e-02 4.942230880260467529e-02 1.456834748387336731e-02 2.724374458193778992e-02 5.145637318491935730e-02 6.122998520731925964e-02 3.968348354101181030e-02 3.736226633191108704e-02 1.363093615509569645e-04 3.263124078512191772e-02 2.645803242921829224e-02 3.043469600379467010e-02 1.639153435826301575e-02 3.626350685954093933e-02 9.807215072214603424e-03 9.447021409869194031e-03 4.753293097019195557e-02 5.232735723257064819e-02 3.358828276395797729e-02 1.410331018269062042e-02 2.551259845495223999e-02 2.615806274116039276e-02 1.930202916264533997e-02 4.220734164118766785e-02 3.319874778389930725e-02 2.744863741099834442e-02 1.093586012721061707e-01 4.737600311636924744e-02 8.584921807050704956e-02 5.172823090106248856e-03 8.699756860733032227e-02 4.296207055449485779e-02 9.188442490994930267e-03 4.909281432628631592e-02 4.266986250877380371e-02 2.143274527043104172e-03 4.210186190903186798e-03 3.611856698989868164e-02 1.023283153772354126e-01 4.875727370381355286e-02 2.506973035633563995e-02 2.606807090342044830e-02 5.738192703574895859e-03 2.793110162019729614e-02 2.462351694703102112e-02 1.371432095766067505e-02 8.805516175925731659e-03 8.038074709475040436e-03 6.414774060249328613e-02 3.847942128777503967e-02 5.782581865787506104e-03 3.086502896621823311e-03 1.599595695734024048e-02 1.770926453173160553e-02 4.292644932866096497e-02 4.295000061392784119e-02 4.911915957927703857e-02 9.415310807526111603e-03 9.562274813652038574e-02 7.020765542984008789e-02 1.084007881581783295e-02 8.830877393484115601e-02 4.878731817007064819e-02 1.217016801238059998e-01 5.810463801026344299e-02 2.204399555921554565e-03 3.012358583509922028e-02 5.539895035326480865e-03 5.394422635436058044e-02 6.103308871388435364e-02 2.473687753081321716e-02 2.293578349053859711e-02 8.839078992605209351e-02 3.087739273905754089e-02 2.292824350297451019e-02 5.610362626612186432e-03 1.597920805215835571e-02 2.229310944676399231e-02 3.022764623165130615e-02 1.272610574960708618e-02 5.246933549642562866e-02 5.838762968778610229e-02 1.541225891560316086e-02 5.527336150407791138e-02 5.634925514459609985e-02 2.967979945242404938e-02 4.079084843397140503e-02 9.429510682821273804e-03 2.357218228280544281e-02 6.991556845605373383e-03 1.696648821234703064e-02 6.315426528453826904e-02 3.383892029523849487e-02 2.666261978447437286e-02 2.810580283403396606e-02 1.852004230022430420e-02 9.394618868827819824e-02 6.543552875518798828e-02 7.379788905382156372e-02 6.511703878641128540e-02 2.046008966863155365e-02 4.232861846685409546e-02 5.678500048816204071e-03 2.828164026141166687e-02 4.869333654642105103e-02 5.229673907160758972e-02 2.050441689789295197e-02 7.561191916465759277e-02 3.873402625322341919e-02 4.978815838694572449e-02 3.645553952082991600e-03 5.657159164547920227e-02 1.026998758316040039e-01 7.998471148312091827e-03
1.556992903351783752e-02 5.442842841148376465e-02 4.942230880260467529e-02 1.139645725488662720e-01 1.170666590332984924e-01 5.093752965331077576e-02 1.092383824288845062e-02 7.640729658305644989e-03 9.298505261540412903e-03 1.589165255427360535e-02 2.486499026417732239e-02 2.186017110943794250e-02 5.857275053858757019e-02 1.832175813615322113e-02 3.030443936586380005e-02 4.025525599718093872e-02 6.691852118819952011e-03 1.869454607367515564e-02 1.851610094308853149e-02 7.640975527465343475e-03 3.864176943898200989e-02 3.627829626202583313e-02 4.642736632376909256e-03 1.667656004428863525e-02 1.663301256485283375e-03 3.138690441846847534e-02 4.002476111054420471e-02 1.108248345553874969e-02 5.158420279622077942e-02 2.109944447875022888e-02 3.361349180340766907e-02 3.216767683625221252e-02 1.802354678511619568e-02 2.835613675415515900e-02 8.424349129199981689e-03 1.933529973030090332e-02 9.333749301731586456e-03 1.787245273590087891e-02 1.818207800388336182e-01 5.348256975412368774e-02 1.095861475914716721e-02 3.736244142055511475e-02 3.543087095022201538e-02 9.151993319392204285e-03 3.461497649550437927e-02 3.411176428198814392e-02 6.716298311948776245e-02 4.338951408863067627e-02 1.991836540400981903e-02 2.737363427877426147e-02 2.040376141667366028e-02 3.060745447874069214e-02 2.137307263910770416e-02 8.884103596210479736e-02 1.923330826684832573e-03 3.687303885817527771e-02 5.570928566157817841e-03 1.487444620579481125e-02 2.215422131121158600e-02 5.537290871143341064e-02 2.512926422059535980e-02 2.386252023279666901e-02 4.484501481056213379e-02 3.194961696863174438e-02 9.405323304235935211e-03 4.347348585724830627e-02 6.816960871219635010e-02 5.238274112343788147e-03 2.734930068254470825e-02 5.109434574842453003e-02 1.092585176229476929e-02 1.276246830821037292e-02 1.094283536076545715e-01 6.005801260471343994e-02 9.800653159618377686e-02 4.413262754678726196e-02 4.203630611300468445e-02 3.249679505825042725e-02 2.470302022993564606e-02 3.417789004743099213e-03 3.982626274228096008e-02 9.546634741127490997e-03 6.256328523159027100e-02 4.631609469652175903e-02 3.984301164746284485e-02 4.602644219994544983e-02 3.480760380625724792e-02 4.575371369719505310e-02 1.963912509381771088e-03 2.789069898426532745e-02 3.726691380143165588e-02 4.247980564832687378e-02 3.680376708507537842e-02 2.944371476769447327e-02 2.050374448299407959e-02 3.340049460530281067e-02 4.576480761170387268e-02 1.034516841173171997e-01 1.865511992946267128e-03 1.574241369962692261e-02 3.282295539975166321e-02 4.417433217167854309e-02 3.997378796339035034e-02 2.805880084633827209e-02 2.895941212773323059e-02 2.638437040150165558e-02 2.337784506380558014e-03 2.717670053243637085e-02 6.403467617928981781e-03 3.349979966878890991e-02 1.440613530576229095e-02 5.653264001011848450e-03 5.877063423395156860e-02 5.206592008471488953e-02 3.841990372166037560e-03 6.649643927812576294e-02
3.749599307775497437e-02 1.602661423385143280e-02 1.456834748387336731e-02 1.170666590332984924e-01 1.064515113830566406e-01 1.756470464169979095e-02 4.828960821032524109e-02 3.688399493694305420e-02 4.225860536098480225e-02 3.052903339266777039e-02 2.788923308253288269e-02 4.342490062117576599e-02 3.161020204424858093e-02 5.287851765751838684e-02 1.921038515865802765e-02 4.034477099776268005e-02 3.913953900337219238e-02 4.324939567595720291e-03 1.154773533344268799e-01 7.424349896609783173e-03 4.972394555807113647e-03 4.113333672285079956e-02 6.906402297317981720e-03 9.751165634952485561e-04 2.592265605926513672e-02 2.490373514592647552e-02 1.540581323206424713e-02 7.391948997974395752e-02 3.894126787781715393e-02 2.148796059191226959e-02 5.062076263129711151e-03 4.240304231643676758e-02 4.111038520932197571e-02 1.093821506947278976e-02 5.977685004472732544e-02 7.526992354542016983e-03 3.181649744510650635e-02 3.132169321179389954e-02 2.168233133852481842e-02 9.939028322696685791e-02 3.316181525588035583e-02 1.605523005127906799e-02 3.954670578241348267e-02 2.991688810288906097e-02 3.037798777222633362e-02 2.644709125161170959e-02 2.954395860433578491e-02 5.008568242192268372e-02 8.788253180682659149e-03 8.856246247887611389e-03 9.872115217149257660e-03 5.527382344007492065e-02 3.009286895394325256e-02 5.336796492338180542e-02 1.342312619090080261e-02 7.639970630407333374e-02 5.797122791409492493e-02 3.092533908784389496e-02 1.023235451430082321e-02 5.288064479827880859e-03 5.650962889194488525e-02 6.613453477621078491e-02 1.575315371155738831e-02 1.405967306345701218e-02 4.159908369183540344e-02 3.288161382079124451e-02 4.455144703388214111e-02 2.109811268746852875e-02 1.808560080826282501e-02 6.794532388448715210e-02 3.270439058542251587e-02 4.389863461256027222e-02 5.465003103017807007e-02 6.252097338438034058e-02 8.227281272411346436e-02 3.608275204896926880e-02 4.258051514625549316e-02 1.590265892446041107e-02 3.554490953683853149e-02 7.386881858110427856e-03 2.554602548480033875e-02 1.891548559069633484e-02 7.804026361554861069e-03 7.614322751760482788e-02 2.865123189985752106e-02 1.867226883769035339e-02 6.313554476946592331e-04 4.299459047615528107e-03 1.703004166483879089e-02 2.392087504267692566e-02 1.693053357303142548e-02 6.469152867794036865e-02 4.873522371053695679e-02 5.623120814561843872e-02 4.590525850653648376e-02 3.983707167208194733e-03 2.934628538787364960e-02 5.464713275432586670e-02 4.619393125176429749e-02 2.305062301456928253e-02 2.528495900332927704e-02 4.258204996585845947e-02 1.136664971709251404e-01 6.098432093858718872e-02 9.735551662743091583e-03 2.882314473390579224e-02 3.107884526252746582e-02 5.006799474358558655e-04 3.148116171360015869e-03 4.023097082972526550e-02 3.604882210493087769e-02 7.538141310214996338e-02 1.137136947363615036e-02 5.638564936816692352e-03 5.487919226288795471e-02 5.726042389869689941e-02
1.237548142671585083e-01 1.109461784362792969e-01 2.724374458193778992e-02 5.093752965331077576e-02 1.756470464169979095e-02 1.450789421796798706e-01 1.445917934179306030e-01 2.033314853906631470e-02 3.357933089137077332e-02 8.715501986443996429e-03 8.633846789598464966e-02 1.530713494867086411e-02 6.515607982873916626e-02 3.689323738217353821e-02 3.447053581476211548e-02 4.310960695147514343e-02 3.011235408484935760e-02 2.125410735607147217e-02 4.226594790816307068e-02 1.692991517484188080e-02 1.073934789746999741e-02 4.578597843647003174e-02 4.544590786099433899e-02 2.616643905639648438e-02 8.974822238087654114e-03 1.108712330460548401e-02 2.363432757556438446e-02 3.962557017803192139e-02 3.538615629076957703e-02 4.988126829266548157e-02 5.192383751273155212e-02 4.094051662832498550e-03 2.524770237505435944e-02 9.430448524653911591e-03 4.558315128087997437e-02 2.207582583650946617e-03 9.951702319085597992e-03 5.778119433671236038e-03 2.437748946249485016e-02 1.065674237906932831e-02 6.335984170436859131e-02 1.549802161753177643e-02 1.085794437676668167e-02 4.399799183011054993e-02 2.938165143132209778e-02 5.985822994261980057e-03 1.916919052600860596e-01 5.526427924633026123e-02 3.582574427127838135e-03 2.794587239623069763e-02 1.675067096948623657e-02 1.979454234242439270e-02 2.794502535834908485e-03 1.224910933524370193e-02 2.966595813632011414e-03 4.452884942293167114e-02 2.632837928831577301e-02 2.096385462209582329e-03 3.561775432899594307e-03 5.669029895216226578e-03 5.206878297030925751e-03 1.504878234118223190e-02 4.029620438814163208e-02 1.397212035953998566e-02 4.346923157572746277e-02 4.059553891420364380e-02 3.012824803590774536e-03 5.174899939447641373e-03 3.125231713056564331e-02 1.463533590140286833e-05 3.934658318758010864e-02 5.557958036661148071e-02 3.775547072291374207e-02 6.118829827755689621e-03 6.676482409238815308e-02 2.142099896445870399e-03 3.103372640907764435e-02 4.027887433767318726e-02 9.223172441124916077e-03 4.392063245177268982e-02 5.273734219372272491e-03 3.108717733994126320e-03 8.427504450082778931e-03 3.518488258123397827e-02 2.027724124491214752e-02 3.025583550333976746e-02 1.895243488252162933e-02 4.980600625276565552e-02 1.611989177763462067e-02 8.021114021539688110e-02 9.925512224435806274e-02 2.482463046908378601e-02 4.608993418514728546e-03 5.622666701674461365e-02 1.583526283502578735e-02 2.166837640106678009e-02 6.863664602860808372e-04 8.821997791528701782e-03 9.851157665252685547e-03 1.737849414348602295e-02 2.483409084379673004e-02 3.972112608607858419e-05 4.293904453516006470e-02 3.330063819885253906e-02 2.733328752219676971e-02 1.593955978751182556e-02 2.063106931746006012e-02 2.145434916019439697e-02 1.383116375654935837e-02 6.457122508436441422e-03 1.439958438277244568e-02 4.125260561704635620e-02 1.863157562911510468e-02 6.987615488469600677e-03 7.311207056045532227e-02 1.109358016401529312e-02
9.996237605810165405e-02 1.096800416707992554e-01 5.145637318491935730e-02 1.092383824288845062e-02 4.828960821032524109e-02 1.445917934179306030e-01 1.475651413202285767e-01 5.511067807674407959e-02 4.519274085760116577e-02 3.878881409764289856e-02 1.182280853390693665e-01 4.356265068054199219e-03 1.042824015021324158e-01 5.801279470324516296e-02 3.405576199293136597e-02 7.933778688311576843e-03 1.355148758739233017e-02 6.474917754530906677e-03 3.293031826615333557e-02 6.982383783906698227e-03 4.281242936849594116e-02 5.015878006815910339e-02 3.196040168404579163e-02 5.787155777215957642e-02 9.055238217115402222e-03 4.065694659948348999e-02 5.487278103828430176e-02 1.314506400376558304e-02 4.266678914427757263e-02 8.383545093238353729e-03 2.435912191867828369e-02 2.717331238090991974e-02 2.895046211779117584e-02 1.505447551608085632e-02 6.303849071264266968e-02 4.095260798931121826e-02 2.776647161226719618e-04 3.575975447893142700e-02 8.093856275081634521e-03 1.683809608221054077e-02 8.292954415082931519e-02 6.803484167903661728e-03 9.225902147591114044e-03 1.125556416809558868e-03 8.809533901512622833e-03 5.200403742492198944e-03 8.330591022968292236e-02 2.100721001625061035e-01 4.024640843272209167e-02 3.265708312392234802e-02 2.005831710994243622e-02 4.377812612801790237e-03 3.490603761747479439e-03 9.006476029753684998e-03 7.668426632881164551e-02 1.039302535355091095e-02 3.592995554208755493e-02 4.339737817645072937e-03 6.872134748846292496e-03 5.949230864644050598e-03 1.845048554241657257e-02 2.932195737957954407e-02 2.003072388470172882e-02 7.255316525697708130e-02 2.486739493906497955e-02 5.092048086225986481e-04 6.727283447980880737e-02 1.168685872107744217e-02 1.447249203920364380e-02 4.400151968002319336e-02 1.508925762027502060e-02 1.998831890523433685e-02 4.261151887476444244e-03 3.221614658832550049e-02 2.898831386119127274e-03 7.375358138233423233e-03 2.009927108883857727e-02 2.157684974372386932e-02 2.388156577944755554e-02 2.616874128580093384e-02 4.001107439398765564e-02 9.035685099661350250e-03 4.327027499675750732e-02 1.373910438269376755e-02 4.628344997763633728e-02 5.466232821345329285e-02 2.184780500829219818e-02 2.075276896357536316e-02 2.551863528788089752e-02 4.468810558319091797e-02 1.535905431956052780e-02 4.026325792074203491e-02 9.360463172197341919e-02 6.539029628038406372e-02 7.353208027780056000e-03 4.051979258656501770e-02 7.988805882632732391e-03 8.388918824493885040e-03 2.582941018044948578e-02 8.116341778077185154e-04 6.186440587043762207e-03 1.242989557795226574e-03 3.426991868764162064e-03 6.429994851350784302e-02 4.305338114500045776e-02 1.805030927062034607e-02 3.573441132903099060e-02 1.355006918311119080e-02 1.725579611957073212e-02 2.621298655867576599e-02 5.378105863928794861e-02 3.738289698958396912e-02 1.123774982988834381e-02 3.408737108111381531e-02 1.599580198526382446e-01 4.963510483503341675e-02
3.003267757594585419e-02 1.876100711524486542e-02 6.122998520731925964e-02 7.640729658305644989e-03 3.688399493694305420e-02 2.033314853906631470e-02 5.511067807674407959e-02 8.612628281116485596e-02 4.435076937079429626e-02 1.540994271636009216e-02 2.934507280588150024e-02 4.869579896330833435e-02 3.983807936310768127e-02 5.374292284250259399e-02 3.541600704193115234e-02 2.290135435760021210e-02 1.873294636607170105e-02 1.626805216073989868e-02 4.561950918287038803e-03 2.425036579370498657e-02 4.120688885450363159e-03 7.006769627332687378e-02 2.742490964010357857e-03 9.891993366181850433e-03 4.247489199042320251e-02 1.187595445662736893e-02 3.910423442721366882e-02 9.222594089806079865e-03 3.438860177993774414e-02 2.874742820858955383e-02 2.063594572246074677e-02 1.622316613793373108e-02 6.058640033006668091e-02 1.777438074350357056e-02 5.522880703210830688e-02 3.305753692984580994e-02 3.524242341518402100e-02 4.224262014031410217e-02 1.419846620410680771e-02 2.800689637660980225e-02 8.833798021078109741e-02 3.234632080420851707e-03 1.919600553810596466e-02 4.375353455543518066e-02 5.199189111590385437e-02 1.952547952532768250e-02 4.586706683039665222e-02 4.565675184130668640e-02 6.011827383190393448e-03 3.219832107424736023e-02 2.459953166544437408e-02 2.339357510209083557e-03 2.164853550493717194e-02 3.647451102733612061e-02 1.886688917875289917e-02 3.157980274409055710e-03 4.138948768377304077e-02 2.069674991071224213e-02 3.298811614513397217e-02 1.073104050010442734e-02 5.468747019767761230e-02 1.567487604916095734e-02 5.189218372106552124e-02 6.845521181821823120e-02 1.163485459983348846e-02 7.314391899853944778e-03 8.340961486101150513e-02 3.839202225208282471e-02 2.530001476407051086e-02 4.258599597960710526e-03 6.012302823364734650e-03 2.991575561463832855e-02 3.312312066555023193e-02 4.287135973572731018e-02 3.140139579772949219e-02 9.151881560683250427e-03 3.953499346971511841e-02 1.457526232115924358e-03 6.353825330734252930e-03 1.603295467793941498e-02 1.267500817775726318e-01 9.397024661302566528e-02 4.334221780300140381e-02 2.491770312190055847e-02 4.931369912810623646e-04 1.693190261721611023e-02 3.229478001594543457e-02 3.440991789102554321e-02 2.472656033933162689e-02 9.246172383427619934e-03 3.298261761665344238e-02 5.315285176038742065e-03 2.314646355807781219e-02 2.763952873647212982e-02 5.268639326095581055e-02 1.145734637975692749e-01 1.665469631552696228e-02 4.147358611226081848e-02 2.250635437667369843e-02 1.269900705665349960e-02 1.433281600475311279e-02 3.664763644337654114e-02 2.616236917674541473e-02 3.014480695128440857e-03 4.894446209073066711e-02 7.941477000713348389e-03 1.231886073946952820e-02 6.584692001342773438e-02 2.140997909009456635e-02 2.813777886331081390e-02 2.371829003095626831e-02 3.097567707300186157e-02 2.977294847369194031e-02 1.294940477237105370e-03 6.949742324650287628e-03 4.071396216750144958e-02
2.517218329012393951e-02 3.768089460209012032e-03 3.968348354101181030e-02 9.298505261540412903e-03 4.225860536098480225e-02 3.357933089137077332e-02 4.519274085760116577e-02 4.435076937079429626e-02 1.627680063247680664e-01 2.341345697641372681e-02 2.128844521939754486e-02 4.257334768772125244e-02 1.582223176956176758e-02 3.841966018080711365e-02 2.672197483479976654e-02 3.069009445607662201e-02 4.147574678063392639e-02 1.169707402586936951e-01 4.830903187394142151e-02 1.763498038053512573e-02 7.160730659961700439e-02 8.195453323423862457e-03 1.092596561647951603e-03 5.903807654976844788e-02 4.440165683627128601e-02 4.072825238108634949e-02 7.339268177747726440e-02 1.294195055961608887e-01 7.915457710623741150e-03 1.134097352623939514e-01 2.792667597532272339e-02 4.302746430039405823e-02 2.145998179912567139e-02 5.518630892038345337e-02 2.847184985876083374e-02 5.446450086310505867e-05 3.640258312225341797e-02 5.439431965351104736e-02 4.565334692597389221e-02 8.128876239061355591e-02 8.716279268264770508e-02 6.222015991806983948e-02 9.950605453923344612e-04 3.333165869116783142e-02 3.172595426440238953e-02 2.066244184970855713e-02 2.868512086570262909e-02 3.915961086750030518e-02 6.297515332698822021e-02 5.795990303158760071e-02 1.440704427659511566e-02 5.192108452320098877e-02 4.388270899653434753e-02 4.877709317952394485e-03 1.233856827020645142e-01 6.526007782667875290e-03 4.207939654588699341e-02 6.373773515224456787e-02 6.522407382726669312e-02 2.940993569791316986e-02 2.578661963343620300e-02 4.047985374927520752e-02 7.644278556108474731e-02 5.067639425396919250e-02 5.977896600961685181e-02 6.658796966075897217e-02 6.654882803559303284e-03 2.212324738502502441e-02 3.396761417388916016e-02 2.246702089905738831e-02 2.669635042548179626e-02 7.572201639413833618e-02 4.490052908658981323e-02 7.441899180412292480e-02 1.348046492785215378e-02 6.599620729684829712e-02 1.820291280746459961e-01 5.605410039424896240e-02 1.360607296228408813e-01 7.121919095516204834e-02 3.386745229363441467e-02 5.721319001168012619e-03 1.290322095155715942e-02 1.634967140853404999e-02 6.302761286497116089e-02 1.306506060063838959e-02 2.903640456497669220e-02 6.578058004379272461e-02 1.251534074544906616e-01 6.771656125783920288e-02 1.366305630654096603e-02 8.241881430149078369e-02 4.243545234203338623e-02 3.887930186465382576e-03 1.993286050856113434e-02 3.922881186008453369e-02 4.214613698422908783e-03 3.407719731330871582e-02 9.631352126598358154e-02 2.195598371326923370e-02 4.132718965411186218e-02 3.035925701260566711e-02 2.243293263018131256e-02 2.417949959635734558e-02 8.109609596431255341e-03 3.976646810770034790e-02 3.684617811813950539e-03 3.374159568920731544e-03 1.815177313983440399e-02 3.852669522166252136e-02 1.344007626175880432e-02 1.277494132518768311e-01 5.513453390449285507e-03 5.083238705992698669e-02 4.632984846830368042e-02 7.250335812568664551e-02
3.851543879136443138e-03 3.763396525755524635e-04 3.736226633191108704e-02 1.589165255427360535e-02 3.052903339266777039e-02 8.715501986443996429e-03 3.878881409764289856e-02 1.540994271636009216e-02 2.341345697641372681e-02 1.281936168670654297e-01 1.609746553003787994e-02 1.163249462842941284e-02 2.384735830128192902e-02 3.051637671887874603e-02 1.499945204704999924e-02 4.109554924070835114e-03 8.737151074456050992e-05 1.097629293799400330e-01 1.100207492709159851e-01 9.345866739749908447e-03 3.772047534584999084e-02 2.291651070117950439e-02 3.019270300865173340e-02 4.947812110185623169e-02 2.120634540915489197e-02 2.266331203281879425e-02 3.207619115710258484e-02 2.317992970347404480e-02 6.658430211246013641e-03 3.252359479665756226e-02 5.194681137800216675e-02 3.687274642288684845e-03 4.012828227132558823e-03 2.107547409832477570e-02 3.297152742743492126e-02 1.655978895723819733e-02 1.535915955901145935e-02 3.421924076974391937e-03 2.473025955259799957e-02 5.150558892637491226e-03 3.791359066963195801e-02 6.317427847534418106e-03 2.163174562156200409e-02 7.382113486528396606e-03 1.347560063004493713e-02 3.146833181381225586e-02 2.451573126018047333e-02 2.129250764846801758e-02 7.425201591104269028e-03 5.962178111076354980e-02 2.661158889532089233e-02 1.510020624846220016e-02 1.494180317968130112e-02 4.351192712783813477e-02 2.904132194817066193e-02 4.175369441509246826e-02 8.641582913696765900e-03 1.296661980450153351e-02 3.287224099040031433e-02 4.846614971756935120e-02 2.882160432636737823e-02 5.921098217368125916e-02 5.547600984573364258e-02 6.673659663647413254e-03 8.496007882058620453e-03 1.757633127272129059e-02 9.984023869037628174e-03 7.243684027343988419e-03 6.428076326847076416e-02 4.562977701425552368e-02 5.902256816625595093e-02 1.309439539909362793e-03 1.352061331272125244e-02 4.108553007245063782e-02 1.926556043326854706e-02 6.753789633512496948e-02 6.052844598889350891e-02 1.246035173535346985e-01 2.070285566151142120e-02 1.360915005207061768e-01 3.472945466637611389e-02 1.719350367784500122e-02 2.906309254467487335e-02 1.123077645897865295e-01 3.344358503818511963e-02 8.844662079354748130e-05 2.901059342548251152e-03 5.826591979712247849e-03 4.187673330307006836e-02 7.036982476711273193e-02 6.589171942323446274e-03 2.845624648034572601e-02 8.722521364688873291e-03 1.645377650856971741e-02 5.556405708193778992e-02 4.296306055039167404e-03 4.290772601962089539e-02 4.376982524991035461e-02 4.689652100205421448e-02 4.797324910759925842e-02 3.998416662216186523e-02 5.532218143343925476e-02 1.600389927625656128e-02 2.009950578212738037e-02 7.110766600817441940e-03 3.998650237917900085e-03 2.395542152225971222e-02 2.974542602896690369e-02 5.309382919222116470e-03 5.375906080007553101e-02 3.277326375246047974e-02 1.346576120704412460e-02 2.766408026218414307e-03 4.635295830667018890e-03 1.858457550406455994e-02 2.807390410453081131e-03
1.400009840726852417e-01 6.866718083620071411e-02 1.363093615509569645e-04 2.486499026417732239e-02 2.788923308253288269e-02 8.633846789598464966e-02 1.182280853390693665e-01 2.934507280588150024e-02 2.128844521939754486e-02 1.609746553003787994e-02 1.271937191486358643e-01 2.361479960381984711e-02 1.033955998718738556e-02 3.674720600247383118e-02 8.507650345563888550e-03 2.585568837821483612e-02 4.316756129264831543e-02 2.002306096255779266e-02 2.963044308125972748e-02 2.590292878448963165e-02 3.713921457529067993e-02 2.998246438801288605e-02 1.163531001657247543e-02 1.791550219058990479e-02 9.647267870604991913e-03 7.322140154428780079e-04 4.094034805893898010e-02 1.979407854378223419e-03 1.837297528982162476e-02 1.312331203371286392e-02 5.713187530636787415e-02 1.369522605091333389e-02 1.220244914293289185e-02 1.298933476209640503e-02 2.708561159670352936e-02 1.934155263006687164e-02 6.742428522557020187e-03 3.347816318273544312e-02 1.970149111002683640e-03 2.572528086602687836e-03 2.538798004388809204e-02 1.642058975994586945e-02 4.751010332256555557e-03 2.226827852427959442e-02 2.266327477991580963e-02 4.963432252407073975e-02 7.991772890090942383e-02 9.251626580953598022e-02 1.744922250509262085e-03 6.158441770821809769e-03 4.559350758790969849e-02 3.683861345052719116e-02 2.710639685392379761e-02 2.001215331256389618e-02 2.610829845070838928e-02 8.104030974209308624e-03 3.043537400662899017e-02 2.204268705099821091e-03 4.950227960944175720e-02 8.386632427573204041e-03 2.813935279846191406e-02 3.502637147903442383e-02 2.180976606905460358e-02 3.413412347435951233e-02 1.024233177304267883e-01 1.350337639451026917e-02 3.207609802484512329e-02 6.667084991931915283e-03 1.678773760795593262e-02 3.706351667642593384e-02 2.396879531443119049e-02 3.385448083281517029e-02 6.507910043001174927e-02 2.243551798164844513e-02 1.781734079122543335e-02 4.373047500848770142e-02 3.238919004797935486e-02 3.337459266185760498e-02 5.398076772689819336e-02 1.501313783228397369e-02 3.234187886118888855e-02 1.831187494099140167e-02 2.281705848872661591e-02 1.671889983117580414e-02 2.773580700159072876e-02 8.433264680206775665e-03 3.613886609673500061e-02 3.381904214620590210e-02 2.342415601015090942e-02 5.065548699349164963e-03 2.808398380875587463e-02 1.220620423555374146e-01 5.096523463726043701e-02 6.246063485741615295e-02 1.962015591561794281e-02 4.563890025019645691e-02 7.815700955688953400e-03 4.526488855481147766e-02 1.282425317913293839e-02 1.955737546086311340e-02 4.748785402625799179e-03 1.245725061744451523e-02 3.404420986771583557e-02 4.809968546032905579e-02 2.607361786067485809e-02 4.171577841043472290e-02 2.494762465357780457e-02 1.445274148136377335e-02 2.711061388254165649e-02 6.415824405848979950e-03 8.931404910981655121e-03 4.305779933929443359e-02 4.944687709212303162e-02 1.083650439977645874e-02 9.110284596681594849e-02 4.437898099422454834e-02
8.580453577451407909e-04 2.694787830114364624e-02 3.263124078512191772e-02 2.186017110943794250e-02 4.342490062117576599e-02 1.530713494867086411e-02 4.356265068054199219e-03 4.869579896330833435e-02 4.257334768772125244e-02 1.163249462842941284e-02 2.361479960381984711e-02 1.264067441225051880e-01 3.244233876466751099e-02 2.243617177009582520e-01 3.000721707940101624e-02 5.443921778351068497e-03 1.290077809244394302e-02 3.399599716067314148e-02 4.303013533353805542e-02 4.625505208969116211e-02 1.109087461372837424e-04 2.603291906416416168e-02 4.938642308115959167e-02 2.596200257539749146e-02 9.899433702230453491e-03 4.075136035680770874e-02 2.083625830709934235e-02 8.718313276767730713e-02 5.923845339566469193e-03 1.355267763137817383e-01 3.147818893194198608e-02 3.136699274182319641e-02 5.487978830933570862e-02 3.336156904697418213e-02 4.398896358907222748e-03 9.066059440374374390e-02 1.719070039689540863e-02 9.444545954465866089e-03 3.362784907221794128e-02 1.576717384159564972e-02 1.731459749862551689e-03 1.823265478014945984e-02 3.124451451003551483e-02 4.567681998014450073e-02 6.552430987358093262e-02 2.189051918685436249e-02 7.702280767261981964e-03 4.724158719182014465e-02 2.890638774260878563e-03 2.863384317606687546e-03 3.685156255960464478e-02 6.460224837064743042e-02 5.001299828290939331e-02 1.144548412412405014e-02 1.457186881452798843e-02 6.004212424159049988e-02 4.454592242836952209e-02 6.426893174648284912e-03 2.988025080412626266e-03 3.193962574005126953e-02 5.326050799340009689e-03 2.817184431478381157e-03 1.107875723391771317e-02 1.261410582810640335e-02 2.769543416798114777e-02 1.632157713174819946e-02 4.742768406867980957e-02 1.267670560628175735e-02 5.489388108253479004e-02 3.236159309744834900e-02 6.681965291500091553e-02 1.439734641462564468e-02 6.674055755138397217e-02 2.246860787272453308e-02 4.568736627697944641e-02 6.946863979101181030e-02 8.510835468769073486e-02 7.449685037136077881e-02 7.952829450368881226e-02 1.301116868853569031e-02 6.602952722460031509e-03 9.604378603398799896e-03 1.588619500398635864e-02 2.406518161296844482e-02 1.971158944070339203e-02 3.064503334462642670e-02 8.713199757039546967e-03 1.783768646419048309e-02 7.792600989341735840e-02 7.228554040193557739e-02 7.909516990184783936e-02 2.346266433596611023e-02 4.505024477839469910e-02 3.676623106002807617e-02 2.262660302221775055e-02 2.161313407123088837e-02 4.587218537926673889e-02 7.585452985949814320e-04 2.942092157900333405e-02 2.872469834983348846e-02 4.710469860583543777e-03 8.380471728742122650e-03 7.575485110282897949e-02 6.354535371065139771e-02 3.570240736007690430e-02 1.481777708977460861e-02 6.705413106828927994e-03 2.930098585784435272e-02 3.194929659366607666e-02 3.708360344171524048e-02 7.896319776773452759e-02 1.278823912143707275e-01 3.622952476143836975e-02 2.284282632172107697e-02 2.815736643970012665e-02 1.585132032632827759e-01
5.804966762661933899e-02 1.182388365268707275e-01 2.645803242921829224e-02 5.857275053858757019e-02 3.161020204424858093e-02 6.515607982873916626e-02 1.042824015021324158e-01 3.983807936310768127e-02 1.582223176956176758e-02 2.384735830128192902e-02 1.033955998718738556e-02 3.244233876466751099e-02 1.246680691838264465e-01 8.873375481925904751e-04 8.221706002950668335e-02 2.031745947897434235e-02 1.748837414197623730e-03 2.892398834228515625e-02 1.417555473744869232e-02 1.802265457808971405e-02 5.781280994415283203e-02 6.401197612285614014e-02 1.383680384606122971e-02 1.897791773080825806e-02 6.017974810674786568e-04 2.331405505537986755e-02 5.874616652727127075e-02 4.767473787069320679e-02 4.446044098585844040e-03 1.634742319583892822e-02 4.229552671313285828e-02 1.840690150856971741e-02 7.899383082985877991e-03 1.460412982851266861e-02 1.314452011138200760e-02 3.127168864011764526e-02 2.372783236205577850e-02 3.581144660711288452e-02 3.229921683669090271e-02 5.510324146598577499e-03 7.510480936616659164e-03 3.007338382303714752e-03 1.352068781852722168e-02 4.366498813033103943e-02 4.359966516494750977e-02 3.938648849725723267e-02 4.335779696702957153e-03 9.303397685289382935e-02 6.215694593265652657e-04 1.442405302077531815e-02 4.258202761411666870e-02 3.452881053090095520e-02 1.052058651112020016e-03 2.110732719302177429e-02 1.135390065610408783e-02 1.896598935127258301e-02 6.011228542774915695e-03 4.120615497231483459e-02 9.543919004499912262e-03 4.262120928615331650e-03 3.071979060769081116e-02 7.116989763744641095e-06 2.304008603096008301e-02 2.552111865952610970e-03 6.181792821735143661e-03 7.440266013145446777e-02 2.088211663067340851e-02 7.170508150011301041e-03 2.405172772705554962e-02 2.152106165885925293e-02 2.056514844298362732e-02 5.171161144971847534e-02 4.889929667115211487e-02 3.675952181220054626e-02 3.881020098924636841e-02 2.881786786019802094e-02 5.006526410579681396e-02 7.686640135943889618e-03 1.936422078870236874e-03 2.002385677769780159e-03 2.609298191964626312e-02 6.777394562959671021e-02 3.895303234457969666e-03 3.892342746257781982e-02 2.676084451377391815e-02 1.698549091815948486e-02 2.614264376461505890e-02 1.123251989483833313e-01 3.316518291831016541e-02 2.733729965984821320e-02 1.415955461561679840e-02 3.317509591579437256e-02 8.925158530473709106e-02 5.688504129648208618e-02 6.334306206554174423e-03 2.448746375739574432e-02 4.106618289370089769e-04 2.971285721287131310e-03 8.053953200578689575e-02 1.533049438148736954e-02 9.674705564975738525e-03 2.013482712209224701e-02 6.104848347604274750e-03 2.424148283898830414e-02 3.488490125164389610e-03 1.319562271237373352e-02 5.295533314347267151e-02 7.873076945543289185e-03 2.647590264678001404e-02 5.105426907539367676e-02 3.703465219587087631e-03 2.306345477700233459e-02 8.258624933660030365e-03 4.034300893545150757e-02 1.992583274841308594e-02 3.776578977704048157e-02
