1.110673919320106506e-01 1.644545346498489380e-01 5.353952292352914810e-03 4.504615813493728638e-02 1.909032347612082958e-03 8.710352331399917603e-02 3.175796568393707275e-02 6.245750468224287033e-03 1.426832517609000206e-03 2.167481929063796997e-02 1.552762836217880249e-01 5.554471630603075027e-03 7.611853629350662231e-02 4.256433993577957153e-02 3.828869014978408813e-02 1.442911196500062943e-02 1.900174096226692200e-02 3.535143285989761353e-02 1.220879890024662018e-02 2.781120315194129944e-02 1.469170395284891129e-02 3.391010686755180359e-02 1.395659171976149082e-03 6.447458174079656601e-03 4.091375449206680059e-04 1.562870480120182037e-02 3.511900827288627625e-02 4.094399511814117432e-02 7.464374601840972900e-02 3.240553289651870728e-02 1.100085955113172531e-02 5.442271009087562561e-03 6.487158127129077911e-03 3.782920539379119873e-02 5.364194046705961227e-03 8.847894147038459778e-03 2.899896912276744843e-02 7.282385602593421936e-03 3.252840414643287659e-02 7.030918728560209274e-03 1.867180690169334412e-02 6.273166090250015259e-02 4.443555697798728943e-02 5.490389838814735413e-02 4.429324343800544739e-02 7.133214175701141357e-02 1.104821786284446716e-01 2.569110598415136337e-03 5.882398691028356552e-03 5.386621877551078796e-02 4.677371121942996979e-03 4.606411606073379517e-02 3.910929337143898010e-02 1.383363548666238785e-02 1.239060610532760620e-02 2.097651176154613495e-02 3.552217409014701843e-02 2.159393951296806335e-02 2.384600043296813965e-02 3.864856809377670288e-02 3.053123317658901215e-02 5.126757547259330750e-03 5.805369932204484940e-03 5.059764534235000610e-02 3.307818993926048279e-02 2.913578413426876068e-02 3.894317150115966797e-02 1.240602787584066391e-02 3.299695625901222229e-02 3.507750108838081360e-02 3.200212866067886353e-02 4.159647226333618164e-02 1.096597611904144287e-01 6.224080547690391541e-02 5.445790290832519531e-02 2.234573941677808762e-03 8.467110805213451385e-03 2.873022109270095825e-03 3.641606867313385010e-02 2.824515104293823242e-02 6.056389585137367249e-02 3.430832177400588989e-02 6.610589474439620972e-02 6.124519277364015579e-03 1.428315136581659317e-02 5.049991607666015625e-02 8.285319432616233826e-03 5.103092268109321594e-02 1.895510777831077576e-02 7.464346126653254032e-04 7.718151807785034180e-02 6.125412415713071823e-03 4.477459937334060669e-02 7.267519086599349976e-02 3.817043825984001160e-02 2.731747366487979889e-02 5.998987331986427307e-02 4.146231338381767273e-02 8.583351038396358490e-03 7.196841295808553696e-03 1.947950199246406555e-02 8.440648671239614487e-04 4.316724464297294617e-02 5.084825679659843445e-02 4.892859607934951782e-03 3.708653524518013000e-02 3.449320420622825623e-02 9.437094442546367645e-03 2.749849483370780945e-02 4.975147172808647156e-02 2.424897253513336182e-02 6.408468633890151978e-02 5.928796529769897461e-02 2.717263065278530121e-02 2.557877264916896820e-02 6.898338347673416138e-02
1.644545346498489380e-01 1.084376424551010132e-01 3.578098118305206299e-02 2.142868563532829285e-02 1.425500586628913879e-02 8.876781910657882690e-02 6.383308023214340210e-02 3.615850955247879028e-02 3.616930171847343445e-02 1.348557136952877045e-02 1.019043996930122375e-01 6.844517588615417480e-02 1.154958903789520264e-01 2.593756094574928284e-02 2.956879325211048126e-02 1.380064710974693298e-02 2.131409198045730591e-02 4.825893417000770569e-02 9.338060393929481506e-03 3.057317435741424561e-02 6.239118054509162903e-03 4.886972531676292419e-02 7.298919372260570526e-03 1.794134266674518585e-02 5.663510877639055252e-03 9.463380090892314911e-03 3.980338573455810547e-02 1.060481881722807884e-03 2.963814511895179749e-02 4.127364140003919601e-03 3.249498549848794937e-03 2.615787647664546967e-02 1.654182188212871552e-02 1.246631890535354614e-02 2.980781905353069305e-02 6.708565633744001389e-03 8.936209604144096375e-03 1.649766974151134491e-02 1.374166179448366165e-02 3.794695436954498291e-02 5.743697751313447952e-03 7.338957488536834717e-02 3.321839496493339539e-02 1.002436131238937378e-02 1.673072576522827148e-02 8.686439134180545807e-03 6.940522044897079468e-02 4.278277978301048279e-02 1.591336168348789215e-02 2.648910693824291229e-02 1.587442494928836823e-02 9.304240345954895020e-03 1.583845354616641998e-02 1.675511896610260010e-02 2.766977623105049133e-02 1.196533069014549255e-02 4.587315395474433899e-02 3.009127639234066010e-02 1.562239695340394974e-02 3.776907920837402344e-02 2.171650342643260956e-02 3.137923777103424072e-02 4.038327460875734687e-05 9.911850094795227051e-03 3.243543952703475952e-02 1.432971749454736710e-02 2.565070800483226776e-02 1.139055099338293076e-02 3.665043786168098450e-02 1.702728495001792908e-02 3.402474150061607361e-02 2.644260600209236145e-02 1.431836932897567749e-02 2.401846088469028473e-02 1.936116814613342285e-02 7.271087728440761566e-03 1.721462816931307316e-03 2.687915973365306854e-02 6.125702057033777237e-03 3.777527809143066406e-02 4.825146496295928955e-02 8.795792236924171448e-03 4.951523616909980774e-02 2.020704932510852814e-02 9.604564867913722992e-03 2.955728024244308472e-02 1.889194361865520477e-02 3.389838337898254395e-02 1.409441698342561722e-02 3.165883570909500122e-02 3.334416821599006653e-02 1.542391069233417511e-02 6.052481383085250854e-02 7.642041891813278198e-04 3.283970803022384644e-02 2.032682299613952637e-02 1.554977986961603165e-02 9.415681473910808563e-03 2.356992289423942566e-02 5.020234384573996067e-04 2.383862808346748352e-02 8.297106251120567322e-04 8.072812110185623169e-03 1.660009147599339485e-03 1.138704456388950348e-02 1.928697526454925537e-02 2.021378651261329651e-02 7.526636123657226562e-03 8.941910346038639545e-04 1.212981157004833221e-02 7.530311588197946548e-03 4.569204896688461304e-02 3.277930244803428650e-02 2.294190414249897003e-02 3.701060265302658081e-02 3.073862195014953613e-02
5.353952292352914810e-03 3.578098118305206299e-02 1.144061535596847534e-01 9.293262846767902374e-03 1.924921385943889618e-02 1.054877415299415588e-02 4.693284258246421814e-02 2.288485467433929443e-01 1.920319721102714539e-02 4.026317968964576721e-02 6.386429071426391602e-02 2.398114837706089020e-02 2.909366413950920105e-02 1.313937827944755554e-02 4.581454396247863770e-02 2.648524194955825806e-02 2.948413416743278503e-02 5.611586943268775940e-02 3.256559744477272034e-02 5.217811092734336853e-03 4.362784966360777617e-05 1.854646764695644379e-02 5.132806487381458282e-03 7.521965540945529938e-03 5.268643423914909363e-02 5.794423446059226990e-02 4.185479506850242615e-02 1.750601804815232754e-03 3.025443851947784424e-02 4.564632195979356766e-03 4.936499893665313721e-02 1.664716005325317383e-02 3.332744538784027100e-02 1.050962600857019424e-02 2.483758330345153809e-02 1.342903729528188705e-02 1.723836734890937805e-02 3.475122526288032532e-02 3.803210705518722534e-02 3.551245853304862976e-02 2.050216682255268097e-02 4.318778961896896362e-02 2.728582732379436493e-02 3.558965027332305908e-02 4.515324532985687256e-02 2.131506800651550293e-02 9.249534457921981812e-02 2.490356331691145897e-03 8.401084691286087036e-02 3.360226005315780640e-02 7.794945966452360153e-03 2.726669237017631531e-02 1.997299306094646454e-02 9.650279534980654716e-04 1.239227317273616791e-02 1.384166907519102097e-02 4.986084252595901489e-02 5.931405350565910339e-02 3.949658572673797607e-02 1.362217403948307037e-02 4.204867407679557800e-02 2.966984361410140991e-02 3.441476076841354370e-02 1.106176227331161499e-01 1.526204310357570648e-02 4.290633276104927063e-02 2.858432382345199585e-02 5.845466628670692444e-02 2.424326539039611816e-02 1.788897626101970673e-02 1.501035410910844803e-02 7.147040218114852905e-02 6.494511850178241730e-03 5.445199087262153625e-02 3.303558751940727234e-02 2.945231087505817413e-02 1.595125906169414520e-02 4.283190146088600159e-02 7.492557168006896973e-03 7.926838472485542297e-03 3.555170893669128418e-01 2.115678787231445312e-01 5.855305120348930359e-02 4.517028573900461197e-04 6.486229598522186279e-02 1.600246876478195190e-02 1.212953403592109680e-01 6.761264801025390625e-02 1.528820581734180450e-02 2.098280377686023712e-02 4.130335152149200439e-02 8.617853373289108276e-02 4.145304113626480103e-02 5.495101958513259888e-02 6.242852192372083664e-03 2.552611380815505981e-02 6.954021286219358444e-03 4.435998573899269104e-02 1.884613931179046631e-02 8.757254108786582947e-03 5.985362455248832703e-02 2.136883698403835297e-02 1.126503292471170425e-02 5.378407984972000122e-02 1.284290757030248642e-02 7.933453656733036041e-03 1.863549090921878815e-02 1.601266674697399139e-02 5.369902402162551880e-02 5.145031958818435669e-02 1.187328994274139404e-02 5.507443100214004517e-02 1.117076631635427475e-02 8.400940336287021637e-03 3.060801513493061066e-02 9.228424727916717529e-02
4.504615813493728638e-02 2.142868563532829285e-02 9.293262846767902374e-03 2.450308799743652344e-01 1.785739362239837646e-01 2.557185105979442596e-02 1.942246034741401672e-02 3.748222813010215759e-02 6.067847460508346558e-02 5.422572791576385498e-02 1.102283317595720291e-02 3.178126737475395203e-02 9.920592419803142548e-03 8.832181990146636963e-02 1.412813272327184677e-02 3.441618010401725769e-02 5.375912413001060486e-02 7.163534313440322876e-02 4.014543443918228149e-02 2.159915119409561157e-02 4.059458151459693909e-02 2.457808703184127808e-02 7.007257640361785889e-02 2.692608861252665520e-03 1.804587617516517639e-02 4.862962290644645691e-02 2.512788586318492889e-02 4.996616020798683167e-02 9.104775264859199524e-03 3.252592682838439941e-02 1.071844901889562607e-02 5.076270550489425659e-02 4.096297174692153931e-02 2.448518387973308563e-02 1.024972740560770035e-02 3.225598111748695374e-02 2.281653461977839470e-03 2.833448350429534912e-02 9.800494462251663208e-02 6.612969562411308289e-03 3.794245049357414246e-02 5.327353999018669128e-02 3.257433325052261353e-02 3.249894455075263977e-02 8.595054596662521362e-02 5.721024051308631897e-02 2.025634981691837311e-02 1.670756191015243530e-02 7.362610660493373871e-03 4.624814540147781372e-02 3.101345337927341461e-02 7.434061169624328613e-02 4.654188081622123718e-02 9.640163742005825043e-03 7.163995504379272461e-02 1.724238693714141846e-02 1.973772235214710236e-02 5.157903209328651428e-02 2.913648635149002075e-02 3.214092925190925598e-02 7.414655387401580811e-02 8.164970204234123230e-03 7.878883183002471924e-02 3.927458077669143677e-03 3.248988091945648193e-02 3.345823497511446476e-04 2.995020523667335510e-02 1.653789728879928589e-02 6.172974780201911926e-02 5.943378433585166931e-02 1.640175282955169678e-02 2.930774539709091187e-02 1.556320935487747192e-01 2.855793014168739319e-02 1.343153268098831177e-01 7.845024764537811279e-02 5.409706011414527893e-02 3.261770680546760559e-02 3.496575728058815002e-02 2.758878096938133240e-02 4.883501306176185608e-02 5.620562657713890076e-02 1.454049646854400635e-01 1.143133640289306641e-01 2.317266166210174561e-02 2.695259451866149902e-02 9.766562841832637787e-03 3.153437376022338867e-02 3.990978375077247620e-02 6.334446370601654053e-02 1.847396604716777802e-02 6.633308250457048416e-03 4.022340103983879089e-02 2.739341370761394501e-02 5.313833057880401611e-02 1.029842346906661987e-02 6.040774658322334290e-02 6.830553710460662842e-02 2.927822992205619812e-03 3.399888053536415100e-02 5.530424788594245911e-02 3.283044556155800819e-03 1.192960143089294434e-02 6.632162630558013916e-02 4.486633464694023132e-02 1.784236915409564972e-02 1.088072080165147781e-02 3.802221640944480896e-02 2.785077691078186035e-02 7.790229748934507370e-03 1.894346438348293304e-02 2.093524672091007233e-02 4.758360609412193298e-02 3.115408867597579956e-02 1.459015440195798874e-02 7.332400418817996979e-03
1.909032347612082958e-03 1.425500586628913879e-02 1.924921385943889618e-02 1.785739362239837646e-01 2.551489174365997314e-01 1.139270723797380924e-03 1.781636103987693787e-02 3.773467242717742920e-02 4.528365284204483032e-02 7.690910249948501587e-02 1.536952238529920578e-02 4.719824530184268951e-03 1.676188083365559578e-03 7.073470205068588257e-02 1.829346269369125366e-02 7.965549826622009277e-02 2.640171907842159271e-02 8.894321322441101074e-02 7.074152678251266479e-02 2.962713595479726791e-03 2.727904357016086578e-03 1.657156157307326794e-03 1.642847433686256409e-02 5.282449349761009216e-02 1.301328837871551514e-02 1.099408511072397232e-02 2.560947462916374207e-02 3.234867006540298462e-03 2.014101482927799225e-03 7.648043334484100342e-03 2.445126511156558990e-02 3.770228102803230286e-02 1.497303042560815811e-02 8.631601929664611816e-03 2.710597962141036987e-02 1.085316482931375504e-02 3.497121855616569519e-02 5.795381031930446625e-03 9.869341552257537842e-02 2.880841307342052460e-02 1.851906999945640564e-02 1.078259106725454330e-02 1.597794890403747559e-02 1.512359827756881714e-02 4.439417645335197449e-02 2.410470508038997650e-02 2.182470075786113739e-02 2.516861632466316223e-02 1.296392921358346939e-02 3.800022602081298828e-02 2.599789574742317200e-02 5.201758071780204773e-02 2.129359170794487000e-02 5.840695928782224655e-03 5.312746018171310425e-02 2.336208522319793701e-02 2.170521765947341919e-02 6.362838298082351685e-02 6.452003959566354752e-03 3.124560229480266571e-03 3.886292502284049988e-02 2.005980815738439560e-03 5.043356865644454956e-02 1.286196522414684296e-02 2.619357034564018250e-02 2.256405539810657501e-02 5.545993335545063019e-03 3.099701134487986565e-03 3.831896558403968811e-02 1.946574775502085686e-03 4.361671861261129379e-03 2.111263602273538709e-04 1.490099132061004639e-01 3.960403800010681152e-02 1.657133847475051880e-01 7.357808202505111694e-02 5.147213116288185120e-02 1.887024380266666412e-02 1.711188443005084991e-02 1.393958833068609238e-02 4.364598914980888367e-02 1.674296520650386810e-02 1.670630276203155518e-01 1.720917224884033203e-01 5.295658484101295471e-02 3.533755242824554443e-02 1.460445299744606018e-02 3.400881588459014893e-02 1.497211214154958725e-02 3.364769369363784790e-02 1.874702237546443939e-02 6.456494797021150589e-03 4.269614443182945251e-02 5.401360616087913513e-02 8.160272613167762756e-03 6.440369877964258194e-03 3.085798583924770355e-02 4.048211965709924698e-03 2.230216376483440399e-02 3.165357513353228569e-03 5.227670818567276001e-02 1.726959832012653351e-02 6.264773756265640259e-02 5.065977200865745544e-02 4.235830530524253845e-02 1.101871114224195480e-02 2.047627046704292297e-02 5.051931366324424744e-02 1.453880313783884048e-02 2.573067904449999332e-04 1.275277417153120041e-02 1.729647070169448853e-02 2.288960665464401245e-02 1.451214123517274857e-02 2.860640874132514000e-03 1.655868999660015106e-02
8.710352331399917603e-02 8.876781910657882690e-02 1.054877415299415588e-02 2.557185105979442596e-02 1.139270723797380924e-03 1.132524833083152771e-01 2.394823580980300903e-01 3.525891527533531189e-02 5.392082408070564270e-02 2.709255926311016083e-02 4.861530289053916931e-02 6.535454094409942627e-02 6.022742763161659241e-02 1.584505476057529449e-02 8.695587515830993652e-03 2.487788163125514984e-02 3.745514154434204102e-02 3.069483861327171326e-02 2.788084745407104492e-02 2.932373993098735809e-02 1.363415177911520004e-02 1.232150709256529808e-03 4.026509821414947510e-02 2.120928838849067688e-02 1.828090520575642586e-03 1.468875794671475887e-03 1.366453152149915695e-02 6.643667817115783691e-02 8.142537623643875122e-02 7.934145629405975342e-02 4.149914532899856567e-02 2.429427951574325562e-02 6.208553537726402283e-02 1.630691625177860260e-02 2.665366232395172119e-02 3.161512687802314758e-02 3.932942450046539307e-02 4.701597616076469421e-02 2.921549230813980103e-02 1.936420798301696777e-02 1.717781648039817810e-02 8.174930699169635773e-03 2.043266547843813896e-03 8.614748716354370117e-03 5.954097211360931396e-02 5.901078879833221436e-02 2.023646384477615356e-01 1.132149249315261841e-01 6.621469743549823761e-03 1.115450449287891388e-02 5.298056453466415405e-02 2.484288066625595093e-03 1.053692423738539219e-03 1.241552177816629410e-02 3.458374179899692535e-03 3.386020287871360779e-02 1.621803641319274902e-02 2.894074283540248871e-02 7.804273162037134171e-03 1.309400075115263462e-03 1.572941988706588745e-02 3.477848693728446960e-02 5.429373681545257568e-02 4.012291785329580307e-03 2.441290207207202911e-02 1.228153798729181290e-02 7.432320271618664265e-04 9.442585520446300507e-03 5.722364783287048340e-02 1.968006975948810577e-02 8.134404569864273071e-02 4.036802425980567932e-02 4.902283102273941040e-02 2.064918354153633118e-02 3.025675006210803986e-02 1.963677816092967987e-02 5.006639659404754639e-02 6.077946629375219345e-03 3.425500541925430298e-02 4.910151287913322449e-02 8.891818113625049591e-03 3.483520820736885071e-02 3.688102355226874352e-03 5.626969505101442337e-03 2.602341212332248688e-02 8.993513882160186768e-02 4.144655168056488037e-02 3.394299373030662537e-02 2.906523086130619049e-02 1.628965325653553009e-02 2.969023399055004120e-02 6.049155723303556442e-03 8.690647780895233154e-03 6.282642483711242676e-02 4.225691407918930054e-02 2.236163243651390076e-02 2.307850867509841919e-02 2.455375157296657562e-02 5.435607396066188812e-03 1.158141903579235077e-02 4.267317801713943481e-02 2.107312716543674469e-02 5.380813032388687134e-02 5.001813545823097229e-02 1.569673232734203339e-02 1.396906375885009766e-02 1.884308271110057831e-02 1.311238296329975128e-02 1.209573727101087570e-02 5.848669633269309998e-02 4.792053252458572388e-03 7.697226945310831070e-03 4.215282946825027466e-02 7.487270981073379517e-03 5.609516054391860962e-02 4.014007747173309326e-02
3.175796568393707275e-02 6.383308023214340210e-02 4.693284258246421814e-02 1.942246034741401672e-02 1.781636103987693787e-02 2.394823580980300903e-01 1.305148452520370483e-01 7.040302734822034836e-03 1.434775162488222122e-02 8.214610628783702850e-03 4.584997147321701050e-02 2.275017090141773224e-02 5.975709110498428345e-02 3.638468310236930847e-02 3.736564889550209045e-02 7.065704092383384705e-03 1.587997935712337494e-02 4.686913266777992249e-02 3.904817393049597740e-03 3.625773265957832336e-02 3.833359479904174805e-02 1.856752485036849976e-02 4.891186021268367767e-03 2.874755673110485077e-02 6.759895943105220795e-03 2.278279326856136322e-02 7.741846889257431030e-02 2.672698162496089935e-02 5.252316966652870178e-02 6.021251529455184937e-02 1.124320179224014282e-02 2.961657568812370300e-02 4.976013302803039551e-02 1.399892207700759172e-04 1.977815758436918259e-03 3.112575039267539978e-02 3.766013309359550476e-02 2.847082726657390594e-02 2.292619459331035614e-02 5.134443286806344986e-03 2.647245302796363831e-02 1.591796055436134338e-02 2.571593597531318665e-02 1.943991892039775848e-02 3.907188400626182556e-02 1.909303362481296062e-03 1.949359476566314697e-01 1.828462034463882446e-01 2.043765783309936523e-02 3.549682721495628357e-02 7.977974414825439453e-02 2.120113000273704529e-02 2.503565885126590729e-02 1.734144054353237152e-02 1.190827600657939911e-02 1.609493419528007507e-02 7.424026262015104294e-03 4.640927165746688843e-02 1.366766542196273804e-02 3.860024502500891685e-03 2.721877396106719971e-02 2.623243071138858795e-02 2.670904062688350677e-02 1.796392910182476044e-02 3.684263676404953003e-03 1.964232325553894043e-02 2.715502679347991943e-02 4.592854157090187073e-02 1.328822690993547440e-02 3.199413791298866272e-02 4.426210746169090271e-02 4.823228344321250916e-03 1.385255251079797745e-03 2.126682922244071960e-02 2.231598272919654846e-02 3.424190729856491089e-02 1.416306127794086933e-03 2.834859536960721016e-03 1.578988321125507355e-02 3.134510014206171036e-03 1.127108838409185410e-02 5.950673297047615051e-02 1.255329139530658722e-02 1.876578666269779205e-02 2.888122014701366425e-02 1.737454533576965332e-02 6.884434819221496582e-02 2.766346745193004608e-02 1.317066606134176254e-02 1.059151487424969673e-03 7.078446447849273682e-02 1.782129332423210144e-02 6.327459216117858887e-02 2.638280019164085388e-02 2.626264176797121763e-04 2.636855281889438629e-02 1.757672755047678947e-03 1.224177144467830658e-02 2.400774508714675903e-02 1.694965525530278683e-03 2.480202168226242065e-02 4.202686250209808350e-02 5.875148810446262360e-03 9.115100838243961334e-03 3.878548042848706245e-03 1.904573664069175720e-02 5.167269613593816757e-03 3.477234859019517899e-03 2.726176008582115173e-02 1.211311947554349899e-02 5.180842801928520203e-02 1.267575658857822418e-02 4.723824933171272278e-02 2.703362517058849335e-02 3.447223454713821411e-02 5.133390799164772034e-02
6.245750468224287033e-03 3.615850955247879028e-02 2.288485467433929443e-01 3.748222813010215759e-02 3.773467242717742920e-02 3.525891527533531189e-02 7.040302734822034836e-03 7.234119623899459839e-02 1.847033761441707611e-02 8.058221079409122467e-03 4.724449291825294495e-02 7.693520933389663696e-02 6.051393970847129822e-02 1.262438204139471054e-02 5.666321888566017151e-02 1.064795721322298050e-02 1.295906212180852890e-02 1.351368054747581482e-02 2.269952744245529175e-02 2.360910549759864807e-02 6.633343547582626343e-02 4.581287503242492676e-02 5.469044670462608337e-02 1.368718035519123077e-02 5.137372761964797974e-02 4.062005504965782166e-02 1.343661174178123474e-02 2.195774111896753311e-03 3.801430761814117432e-02 3.347025485709309578e-03 8.840210735797882080e-02 1.314010843634605408e-02 1.468802988529205322e-02 1.227650791406631470e-02 3.449610248208045959e-02 4.740960896015167236e-02 4.837981984019279480e-02 5.448669195175170898e-02 5.904323607683181763e-02 2.400992251932621002e-02 2.256582677364349365e-02 1.276950933970510960e-03 5.377229675650596619e-02 2.206875011324882507e-03 1.079992484301328659e-02 1.516657136380672455e-02 3.681607544422149658e-02 4.351880028843879700e-02 8.327186852693557739e-02 2.986018545925617218e-02 3.346937149763107300e-02 3.207015618681907654e-02 2.760921418666839600e-02 2.743375115096569061e-02 9.515889920294284821e-03 3.219350427389144897e-02 1.821756735444068909e-02 2.810110710561275482e-02 6.153856590390205383e-02 6.995128095149993896e-02 8.743667975068092346e-03 1.341337058693170547e-02 2.061815699562430382e-03 2.904671430587768555e-02 4.022252745926380157e-03 7.136239204555749893e-03 4.265685379505157471e-02 9.039384895004332066e-04 6.962911691516637802e-03 4.285871982574462891e-03 1.870615594089031219e-02 5.441358312964439392e-02 1.325816847383975983e-02 9.479717351496219635e-03 4.424515366554260254e-02 2.599217556416988373e-02 5.484982859343290329e-03 2.320910803973674774e-02 2.780583873391151428e-02 1.358069200068712234e-02 1.285514980554580688e-01 2.372058853507041931e-02 1.190086007118225098e-01 2.849571965634822845e-02 9.131042286753654480e-03 2.397253923118114471e-02 9.903872013092041016e-02 1.425622552633285522e-01 4.469352960586547852e-02 1.253646682016551495e-03 3.563683107495307922e-02 4.429296776652336121e-02 2.775069512426853180e-02 2.536769770085811615e-02 1.218318007886409760e-02 2.705169469118118286e-02 3.576864302158355713e-02 2.336877956986427307e-02 1.438310020603239536e-03 3.310350701212882996e-02 4.781679809093475342e-02 9.139274246990680695e-03 3.778120875358581543e-02 3.544299677014350891e-02 8.586123585700988770e-03 1.546078082174062729e-02 1.110198646783828735e-01 7.287206500768661499e-02 2.331467904150485992e-02 6.474136561155319214e-02 9.186759591102600098e-03 1.298285089433193207e-03 5.294357240200042725e-02 6.545457988977432251e-02 1.554888114333152771e-02 1.233179122209548950e-02
1.426832517609000206e-03 3.616930171847343445e-02 1.920319721102714539e-02 6.067847460508346558e-02 4.528365284204483032e-02 5.392082408070564270e-02 1.434775162488222122e-02 1.847033761441707611e-02 1.152824759483337402e-01 1.312514543533325195e-01 1.078380346298217773e-01 8.174421638250350952e-02 6.484153121709823608e-02 4.356046766042709351e-02 2.328513935208320618e-02 9.857950732111930847e-03 1.308611966669559479e-02 1.361072361469268799e-01 3.608290851116180420e-02 1.242964807897806168e-02 4.236869141459465027e-02 3.645399957895278931e-02 6.491737067699432373e-02 8.296547085046768188e-02 7.025387138128280640e-03 2.170357853174209595e-02 5.868331342935562134e-02 1.978623680770397186e-03 3.619809821248054504e-02 6.327500194311141968e-02 1.294806785881519318e-02 7.368378341197967529e-02 5.311690270900726318e-02 2.122332341969013214e-02 4.017703980207443237e-02 3.972607105970382690e-02 2.598542720079421997e-02 2.992541156709194183e-02 5.600715801119804382e-02 7.121706753969192505e-02 5.298994854092597961e-02 9.608633816242218018e-02 5.584878101944923401e-02 3.704909235239028931e-02 1.284291502088308334e-03 2.273115515708923340e-02 2.049419283866882324e-02 4.454869404435157776e-02 1.420012414455413818e-01 4.243751987814903259e-02 2.204108238220214844e-02 6.895323097705841064e-02 3.996566683053970337e-02 1.320306025445461273e-02 1.460111439228057861e-01 8.211026340723037720e-02 3.861150145530700684e-02 3.177401423454284668e-02 5.330787971615791321e-02 2.821238525211811066e-02 1.310689467936754227e-02 1.924171485006809235e-02 1.498632412403821945e-02 5.258287489414215088e-02 5.493709444999694824e-02 3.170345723628997803e-02 4.733692854642868042e-03 5.963406339287757874e-02 4.363641142845153809e-02 2.226819051429629326e-03 2.954722940921783447e-02 2.578084543347358704e-02 8.671749965287744999e-04 2.136009279638528824e-03 1.248244754970073700e-02 1.535150408744812012e-02 3.200092315673828125e-01 2.058250829577445984e-02 9.584694355726242065e-02 2.245977520942687988e-02 6.430546194314956665e-02 5.162978172302246094e-02 2.741027064621448517e-02 2.529691532254219055e-02 1.741181313991546631e-02 6.129249930381774902e-02 7.540107518434524536e-02 3.165481239557266235e-02 3.723438084125518799e-02 2.939552813768386841e-02 5.146297812461853027e-02 6.742666661739349365e-02 3.018622845411300659e-02 6.005626544356346130e-02 2.777136396616697311e-03 4.652959853410720825e-02 5.334545299410820007e-02 5.316368304193019867e-03 8.104106783866882324e-02 7.338265329599380493e-02 1.799824833869934082e-02 3.393016010522842407e-02 4.968389868736267090e-02 4.512601718306541443e-02 3.181319311261177063e-02 3.959307074546813965e-02 2.705128304660320282e-02 7.515223324298858643e-02 4.310690984129905701e-02 1.759053394198417664e-02 3.051570802927017212e-02 4.560801386833190918e-02 3.280296549201011658e-02 3.756222873926162720e-02 4.634141549468040466e-02 3.654490038752555847e-02
2.167481929063796997e-02 1.348557136952877045e-02 4.026317968964576721e-02 5.422572791576385498e-02 7.690910249948501587e-02 2.709255926311016083e-02 8.214610628783702850e-03 8.058221079409122467e-03 1.312514543533325195e-01 1.297119408845901489e-01 2.378860674798488617e-02 4.556115716695785522e-02 3.346132114529609680e-02 2.668947726488113403e-02 3.799092024564743042e-02 1.938504632562398911e-03 5.317469313740730286e-02 6.449726223945617676e-02 9.895659238100051880e-02 1.172128692269325256e-02 9.156086482107639313e-03 7.269397843629121780e-03 3.020035661756992340e-02 2.315461635589599609e-02 3.442818066105246544e-03 3.613626211881637573e-02 3.150834515690803528e-02 7.707595080137252808e-02 1.789444126188755035e-02 7.974861562252044678e-02 3.283630684018135071e-02 2.908181864768266678e-03 3.196454048156738281e-02 2.715360559523105621e-02 1.372607424855232239e-02 1.136844139546155930e-02 1.634176447987556458e-02 2.086394652724266052e-02 5.350421741604804993e-02 6.450889259576797485e-02 5.411703139543533325e-02 3.615753725171089172e-02 2.838352508842945099e-02 5.332144349813461304e-02 3.795298188924789429e-02 9.570395201444625854e-02 5.108930543065071106e-02 2.140381000936031342e-02 6.576886773109436035e-02 1.497399210929870605e-01 9.875256801024079323e-04 3.857763949781656265e-03 2.178211882710456848e-02 1.234287396073341370e-02 5.354211851954460144e-02 1.578026413917541504e-01 3.328683972358703613e-02 4.068299755454063416e-02 3.699154034256935120e-02 2.711954154074192047e-02 3.283059597015380859e-02 8.867646008729934692e-02 1.332858670502901077e-02 6.042523891665041447e-04 2.414679713547229767e-02 4.028333723545074463e-02 1.444731373339891434e-02 3.464655950665473938e-02 1.078225858509540558e-02 1.337251975201070309e-03 9.657748788595199585e-02 4.290736978873610497e-04 2.852913178503513336e-02 1.061355601996183395e-02 6.988395471125841141e-04 5.032793153077363968e-03 6.995838135480880737e-02 1.958460658788681030e-01 3.026179224252700806e-02 1.596821397542953491e-01 7.684773951768875122e-02 4.874924197793006897e-02 4.111727327108383179e-02 4.924505203962326050e-02 4.328868165612220764e-02 6.932064425200223923e-03 4.278155416250228882e-02 3.723196312785148621e-02 5.653361976146697998e-02 3.253827616572380066e-02 2.578788995742797852e-02 4.583758115768432617e-02 5.253044515848159790e-02 7.051066029816865921e-03 2.840812504291534424e-02 8.234931156039237976e-03 8.065367001108825207e-04 4.931265022605657578e-03 1.204968895763158798e-02 2.680578827857971191e-02 2.227790467441082001e-02 3.249427303671836853e-02 3.516764566302299500e-02 5.078105255961418152e-02 2.558358386158943176e-02 3.805081592872738838e-03 3.201501909643411636e-03 2.076822146773338318e-02 5.174802988767623901e-02 2.486542612314224243e-02 1.725392416119575500e-02 6.161589641124010086e-03 5.847505480051040649e-02 7.768139243125915527e-02 3.993098437786102295e-02 5.310294032096862793e-02
1.552762836217880249e-01 1.019043996930122375e-01 6.386429071426391602e-02 1.102283317595720291e-02 1.536952238529920578e-02 4.861530289053916931e-02 4.584997147321701050e-02 4.724449291825294495e-02 1.078380346298217773e-01 2.378860674798488617e-02 1.483607143163681030e-01 2.641985937952995300e-02 1.243804171681404114e-01 2.210565842688083649e-02 9.183595888316631317e-03 2.934990078210830688e-02 9.601815603673458099e-03 2.024324983358383179e-02 4.111965745687484741e-02 3.510419279336929321e-02 1.799689023755490780e-03 2.922062389552593231e-02 2.469514310359954834e-02 3.072756528854370117e-02 2.787471190094947815e-02 1.496556960046291351e-02 3.813240444287657738e-03 1.889923587441444397e-02 1.250068098306655884e-01 7.635972462594509125e-03 5.969309061765670776e-02 8.455725386738777161e-03 2.371424064040184021e-02 2.820273488759994507e-02 3.074637055397033691e-02 3.559348732233047485e-02 6.328969262540340424e-03 1.683525368571281433e-02 3.616416454315185547e-02 2.125171944499015808e-02 4.374331329017877579e-03 3.054567985236644745e-02 2.895813062787055969e-02 2.798442728817462921e-02 4.229171574115753174e-02 4.121939092874526978e-02 1.024419292807579041e-01 6.616102997213602066e-03 2.985080145299434662e-02 4.474397283047437668e-03 4.636087641119956970e-02 1.701910234987735748e-02 3.067713230848312378e-03 1.030605938285589218e-02 1.324193086475133896e-02 1.347819995135068893e-02 9.279130958020687103e-03 1.923293061554431915e-02 5.035150330513715744e-03 1.115310657769441605e-02 4.731001332402229309e-03 2.715720795094966888e-02 3.387375548481941223e-02 2.384744212031364441e-02 9.458075463771820068e-02 8.081149309873580933e-02 4.843025468289852142e-03 2.835410088300704956e-02 4.634189233183860779e-02 1.609996333718299866e-02 5.072674527764320374e-02 3.460097685456275940e-02 5.131063237786293030e-02 4.693457484245300293e-02 5.998079851269721985e-02 7.500588893890380859e-03 9.649769961833953857e-02 6.092065945267677307e-03 1.443662121891975403e-02 5.723034963011741638e-02 2.062004990875720978e-02 5.292773619294166565e-02 6.407395936548709869e-03 3.375268355011940002e-02 2.600793354213237762e-02 2.684077061712741852e-02 1.006410364061594009e-02 1.499287434853613377e-03 1.174374204128980637e-02 1.960958912968635559e-02 8.187231421470642090e-02 3.987060487270355225e-02 3.554778173565864563e-02 1.214719749987125397e-02 4.109949246048927307e-02 1.185282040387392044e-02 1.058059930801391602e-02 1.614660210907459259e-02 2.115284465253353119e-02 1.762530766427516937e-02 3.499425202608108521e-02 2.702161110937595367e-02 2.715069241821765900e-02 2.409372478723526001e-02 6.031948141753673553e-03 8.971973438747227192e-04 3.883505612611770630e-02 1.108935847878456116e-02 1.881326362490653992e-02 4.611577466130256653e-02 1.322374679148197174e-02 1.700028404593467712e-02 3.485460206866264343e-02 1.300023868680000305e-02 5.928914621472358704e-02 4.005675204098224640e-03
5.554471630603075027e-03 6.844517588615417480e-02 2.398114837706089020e-02 3.178126737475395203e-02 4.719824530184268951e-03 6.535454094409942627e-02 2.275017090141773224e-02 7.693520933389663696e-02 8.174421638250350952e-02 4.556115716695785522e-02 2.641985937952995300e-02 9.807173162698745728e-02 5.211044102907180786e-03 2.881942689418792725e-01 3.297226876020431519e-02 1.893508434295654297e-02 1.019868161529302597e-02 6.519897375255823135e-03 2.565990388393402100e-02 3.303976729512214661e-02 3.150583058595657349e-02 2.095240168273448944e-02 7.490668445825576782e-02 2.368536777794361115e-02 2.972454763948917389e-02 2.224538289010524750e-02 3.061386197805404663e-02 1.157746315002441406e-01 4.864972084760665894e-02 9.050903469324111938e-02 2.709424123167991638e-02 8.878998458385467529e-03 1.364284195005893707e-02 2.182180620729923248e-02 4.222237318754196167e-02 1.389532350003719330e-02 2.003244310617446899e-02 2.257046662271022797e-02 3.580983355641365051e-02 4.962252080440521240e-02 1.545276585966348648e-02 1.415287330746650696e-02 1.037267409265041351e-02 1.879756711423397064e-02 8.308832347393035889e-02 1.065052952617406845e-02 2.745311148464679718e-02 9.779307991266250610e-03 8.753740787506103516e-02 5.311346799135208130e-02 8.847796358168125153e-03 4.237222950905561447e-03 1.458238344639539719e-02 4.850369319319725037e-02 6.680966168642044067e-02 6.150664761662483215e-03 1.385343074798583984e-01 3.051498159766197205e-02 6.839974666945636272e-04 5.136856809258460999e-02 6.123860657680779696e-05 5.864034965634346008e-02 3.439201042056083679e-02 7.429038640111684799e-03 3.799824789166450500e-02 5.467795208096504211e-02 3.358801454305648804e-02 6.320804357528686523e-03 5.697368644177913666e-03 2.539653517305850983e-02 7.221691310405731201e-03 2.503166906535625458e-02 4.165557771921157837e-02 3.464020323008298874e-03 5.755452811717987061e-02 5.033549293875694275e-02 1.652562171220779419e-01 3.533886373043060303e-02 9.655504673719406128e-02 8.528900146484375000e-02 2.377374330535531044e-03 5.762160569429397583e-02 3.828790783882141113e-02 5.453559011220932007e-02 5.229272693395614624e-02 4.999444261193275452e-02 3.080410510301589966e-02 8.434104919433593750e-02 1.536049693822860718e-01 8.488813042640686035e-02 4.498484730720520020e-02 1.731866411864757538e-02 5.782140418887138367e-02 4.188408330082893372e-02 1.490277051925659180e-02 1.162180909886956215e-03 3.312850743532180786e-02 4.127457737922668457e-02 5.128818750381469727e-02 3.784809261560440063e-02 1.365258544683456421e-02 2.542278915643692017e-02 3.572942689061164856e-02 6.657516118139028549e-03 3.773548454046249390e-02 2.850978635251522064e-02 4.038960859179496765e-02 3.829752281308174133e-02 9.571552276611328125e-03 4.661195352673530579e-02 5.865604802966117859e-02 7.482177461497485638e-04 7.795911282300949097e-02 4.809586703777313232e-02 3.940916433930397034e-02 9.300949983298778534e-03
7.611853629350662231e-02 1.154958903789520264e-01 2.909366413950920105e-02 9.920592419803142548e-03 1.676188083365559578e-03 6.022742763161659241e-02 5.975709110498428345e-02 6.051393970847129822e-02 6.484153121709823608e-02 3.346132114529609680e-02 1.243804171681404114e-01 5.211044102907180786e-03 1.575608253479003906e-01 1.295105367898941040e-02 3.044042922556400299e-02 2.178850583732128143e-02 1.705567166209220886e-02 4.268899187445640564e-02 1.180112734436988831e-02 1.867193961516022682e-03 6.446744315326213837e-03 4.708176106214523315e-02 2.111363597214221954e-02 1.991369761526584625e-02 2.691840566694736481e-02 3.273614123463630676e-02 6.745226681232452393e-02 1.732126250863075256e-02 8.083118498325347900e-02 1.493687182664871216e-02 5.139245092868804932e-02 2.456003241240978241e-02 2.352807484567165375e-02 1.770977303385734558e-02 2.980922162532806396e-02 9.934356203302741051e-04 6.970586255192756653e-03 1.002935040742158890e-02 1.090142037719488144e-02 1.127063017338514328e-02 3.676206618547439575e-02 2.301542786881327629e-03 4.472112283110618591e-03 3.774135559797286987e-02 2.162796817719936371e-02 3.921310126315802336e-04 5.996070429682731628e-02 6.603905558586120605e-02 3.328490769490599632e-03 5.478298291563987732e-03 2.580671198666095734e-02 3.143616765737533569e-02 5.088278558105230331e-03 7.970157312229275703e-04 2.378685399889945984e-02 4.980177618563175201e-03 4.243072122335433960e-02 3.164932504296302795e-02 8.158775046467781067e-03 7.901619188487529755e-03 1.379947271198034286e-02 1.861383020877838135e-02 1.126496307551860809e-02 5.486746877431869507e-02 4.961719363927841187e-02 8.160987496376037598e-02 8.016647771000862122e-03 1.710793562233448029e-02 1.168025750666856766e-02 3.039828687906265259e-02 1.156193553470075130e-03 2.091414108872413635e-02 1.568244956433773041e-02 2.822208334691822529e-04 9.315888397395610809e-03 3.453484922647476196e-02 1.173423882573843002e-02 3.533626720309257507e-02 8.118526078760623932e-03 1.039447169750928879e-02 4.168469458818435669e-02 5.411225184798240662e-02 5.174135416746139526e-02 3.560548648238182068e-03 1.679894630797207355e-03 1.966969110071659088e-02 1.625725068151950836e-02 4.866756126284599304e-02 4.049164801836013794e-02 2.085250336676836014e-03 4.708887264132499695e-02 2.292152121663093567e-02 5.952432006597518921e-02 4.495585337281227112e-02 3.888503462076187134e-02 7.269024383276700974e-03 8.215568959712982178e-03 1.793117262423038483e-02 2.033336088061332703e-02 4.482924938201904297e-03 6.256350874900817871e-02 2.658442966639995575e-02 3.960360959172248840e-02 3.879384323954582214e-02 2.768292557448148727e-03 7.749266456812620163e-03 2.430105581879615784e-02 6.558952853083610535e-03 2.095094323158264160e-02 3.955003991723060608e-02 1.638237945735454559e-02 2.400220744311809540e-02 6.910828873515129089e-03 6.335535086691379547e-03 4.054333269596099854e-02 3.145149210467934608e-03
