9.124007821083068848e-02 2.351501733064651489e-01 4.839962348341941833e-02 1.629205979406833649e-02 1.611232943832874298e-02 1.279109120368957520e-01 5.659043043851852417e-02 5.141383502632379532e-03 4.738695174455642700e-02 5.547325685620307922e-02 2.064578980207443237e-01 6.340056657791137695e-03 1.673604696989059448e-01 2.917506732046604156e-03 1.607047766447067261e-02 6.449093669652938843e-02 6.918827444314956665e-02 7.461225613951683044e-04 4.572908207774162292e-02 4.738812893629074097e-02 3.771816939115524292e-02 6.308905780315399170e-02 3.191729262471199036e-02 8.917726576328277588e-03 4.279829934239387512e-02 5.658526346087455750e-02 5.402173846960067749e-03 6.891581416130065918e-02 1.907320134341716766e-02 1.909488253295421600e-02 2.767082303762435913e-02 3.631531819701194763e-02 1.975817233324050903e-02 3.561536595225334167e-02 6.120259640738368034e-04 3.487158799543976784e-03 4.606445145327597857e-04 5.949473753571510315e-02 3.869902715086936951e-02 3.941240534186363220e-02 4.149222001433372498e-02 1.520691346377134323e-02 3.499954193830490112e-02 4.866929352283477783e-02 3.249834850430488586e-02 2.092041261494159698e-02 5.571084469556808472e-02 6.698543578386306763e-02 4.460296407341957092e-02 6.731782574206590652e-03 1.139705907553434372e-02 4.488427191972732544e-02 4.074200615286827087e-02 7.167778443545103073e-03 1.924016140401363373e-02 2.981792390346527100e-02 2.698520757257938385e-02 5.384748801589012146e-02 4.626233875751495361e-02 3.204708918929100037e-02 3.363144397735595703e-02 1.295211375690996647e-03 2.233772724866867065e-02 1.512481924146413803e-02 1.558508630841970444e-02 9.707359597086906433e-03 7.860050350427627563e-02 6.436772644519805908e-02 6.149102374911308289e-02 8.097123354673385620e-03 7.203277945518493652e-02 5.932720378041267395e-03 1.196050364524126053e-02 5.630438216030597687e-03 3.162607550621032715e-02 1.643327996134757996e-03 3.013164177536964417e-02 5.788649432361125946e-03 3.578716889023780823e-02 8.292394131422042847e-02 2.228577435016632080e-02 3.798800334334373474e-02 4.319268092513084412e-02 7.505157846026122570e-04 3.847571462392807007e-02 3.942367061972618103e-02 2.470740117132663727e-02 6.181112304329872131e-02 5.758416280150413513e-02 7.573088258504867554e-02 2.620204910635948181e-02 9.815230034291744232e-03 6.479490548372268677e-02 3.501878678798675537e-02 1.965392753481864929e-02 1.043984387069940567e-02 1.539600198157131672e-03 2.130528539419174194e-02 1.734121143817901611e-02 6.593409460037946701e-03 1.932548917829990387e-02 8.321266621351242065e-03 5.417837761342525482e-03 4.957441240549087524e-02 6.611824501305818558e-03 2.251063287258148193e-02 1.632910966873168945e-02 5.429543554782867432e-02 5.286966264247894287e-02 4.560417309403419495e-02 3.669222816824913025e-02 1.741158030927181244e-02 5.050147697329521179e-02 4.173300415277481079e-02 2.948283962905406952e-02 3.745041415095329285e-02
2.351501733064651489e-01 1.118642687797546387e-01 2.268180623650550842e-02 4.391767457127571106e-02 3.121127560734748840e-02 1.850768476724624634e-01 1.609643697738647461e-01 5.255525186657905579e-02 9.039296209812164307e-02 8.607908338308334351e-02 9.350427240133285522e-02 3.096004948019981384e-02 1.427851170301437378e-01 2.674223110079765320e-02 1.728724315762519836e-02 3.816885128617286682e-02 5.514070764183998108e-02 3.447169810533523560e-02 2.916269749402999878e-02 2.569798566401004791e-02 6.680176407098770142e-02 5.059607326984405518e-02 4.398106038570404053e-02 6.132337078452110291e-02 2.487278170883655548e-02 4.395272955298423767e-02 4.822722449898719788e-02 8.788280189037322998e-03 4.773802682757377625e-02 2.676429599523544312e-02 6.764075905084609985e-02 1.501970086246728897e-02 2.061276696622371674e-02 4.349114000797271729e-02 1.950415596365928650e-02 2.196675166487693787e-02 2.782070450484752655e-02 9.353972971439361572e-02 2.423492632806301117e-02 2.594615146517753601e-02 4.617567732930183411e-02 2.499285154044628143e-02 1.227808278053998947e-02 2.709729783236980438e-02 1.425719587132334709e-03 5.914625152945518494e-02 1.207633912563323975e-01 8.866411633789539337e-03 5.136128142476081848e-02 1.238431967794895172e-02 5.673114582896232605e-02 2.148137241601943970e-02 3.363233059644699097e-02 5.348630249500274658e-03 6.417296081781387329e-02 4.813513532280921936e-02 4.362053796648979187e-02 2.469371072947978973e-02 5.212492868304252625e-02 4.290380701422691345e-02 2.609190531075000763e-02 1.035431865602731705e-02 1.646939851343631744e-02 7.784371078014373779e-02 2.707785740494728088e-02 4.251942783594131470e-02 1.032927781343460083e-01 9.148012846708297729e-02 3.929376229643821716e-02 1.305120810866355896e-02 3.205858170986175537e-02 1.296982751227915287e-03 3.483434021472930908e-02 2.640880085527896881e-02 4.975604638457298279e-02 1.540756411850452423e-02 5.227601528167724609e-02 1.392976380884647369e-02 4.614908620715141296e-02 6.248559057712554932e-02 2.063956111669540405e-02 4.928307980298995972e-02 3.374411538243293762e-02 1.608600094914436340e-02 5.488064512610435486e-02 3.595346957445144653e-02 4.396985098719596863e-02 1.978595368564128876e-02 2.136485464870929718e-02 3.022455982863903046e-02 2.331815846264362335e-02 2.517088688910007477e-02 8.628322742879390717e-03 7.725264877080917358e-02 1.410912163555622101e-02 2.389328554272651672e-02 2.187731862068176270e-02 4.668109118938446045e-03 6.004183087497949600e-03 1.721939258277416229e-02 1.647905260324478149e-02 2.905923128128051758e-02 1.249529537744820118e-03 5.168817937374114990e-02 2.132688462734222412e-02 2.464357018470764160e-02 3.181678429245948792e-02 5.151396244764328003e-02 1.704127900302410126e-02 2.299697371199727058e-03 6.735354661941528320e-02 4.993376508355140686e-02 3.946226835250854492e-02 5.444797873497009277e-02 1.263440679758787155e-02 1.419678702950477600e-02
4.839962348341941833e-02 2.268180623650550842e-02 5.309251323342323303e-02 3.584359958767890930e-02 5.710754916071891785e-02 9.029419161379337311e-03 4.203474521636962891e-02 3.109026551246643066e-01 3.920137509703636169e-02 1.699706166982650757e-02 2.865628711879253387e-02 3.041101992130279541e-02 5.089521408081054688e-02 1.692447694949805737e-03 4.227427393198013306e-02 1.896128617227077484e-02 4.792206734418869019e-02 3.929264098405838013e-02 1.018081046640872955e-02 4.498840495944023132e-02 1.139460410922765732e-02 3.255724161863327026e-02 5.251081194728612900e-03 2.891655080020427704e-02 1.087439339607954025e-02 8.236105553805828094e-03 2.789114415645599365e-02 1.306217163801193237e-02 2.890906482934951782e-02 2.225119434297084808e-02 6.648282706737518311e-02 6.927150301635265350e-03 4.829728230834007263e-02 3.207527473568916321e-02 2.700393646955490112e-02 9.135007858276367188e-03 1.193488668650388718e-02 1.812908612191677094e-02 9.261175990104675293e-02 7.122310250997543335e-02 2.192352898418903351e-02 4.641095921397209167e-02 3.870087862014770508e-02 1.509536802768707275e-01 2.686659805476665497e-02 1.677919365465641022e-02 8.380292914807796478e-03 2.539507113397121429e-02 8.004693686962127686e-02 6.706482730805873871e-03 2.780546806752681732e-02 3.546357899904251099e-02 5.779334530234336853e-02 6.578774750232696533e-02 2.704540966078639030e-03 1.548907905817031860e-02 1.551612187176942825e-02 1.048807636834681034e-03 1.263895304873585701e-03 1.222234591841697693e-02 4.365495871752500534e-03 3.757920814678072929e-03 2.525356225669384003e-02 1.776939956471323967e-03 3.122263588011264801e-02 1.600695028901100159e-02 9.829274378716945648e-03 5.399119853973388672e-02 3.289889427833259106e-04 3.030312247574329376e-02 2.691847831010818481e-02 3.783766925334930420e-02 1.020793709903955460e-02 1.322148460894823074e-02 3.755189478397369385e-02 6.410533562302589417e-03 2.059853076934814453e-02 4.829070996493101120e-03 1.497115474194288254e-02 1.731502078473567963e-02 2.963017821311950684e-01 1.363194882869720459e-01 2.201035432517528534e-02 7.757505029439926147e-02 5.396457016468048096e-02 6.773320585489273071e-02 5.597481876611709595e-02 9.898766875267028809e-03 1.681013219058513641e-02 1.195394434034824371e-02 2.852249192073941231e-03 1.539757102727890015e-02 1.058807037770748138e-02 4.145632684230804443e-02 1.882805675268173218e-02 1.094097550958395004e-02 4.068106412887573242e-03 4.979725461453199387e-03 3.625844046473503113e-02 5.997743085026741028e-02 4.636453837156295776e-02 4.843211546540260315e-02 5.074382573366165161e-02 2.991800941526889801e-02 1.365443225950002670e-02 2.959589101374149323e-02 3.067883104085922241e-02 1.591557450592517853e-02 2.767085842788219452e-02 3.129611432086676359e-04 5.207164213061332703e-02 2.081369981169700623e-02 8.027306757867336273e-03 5.420587584376335144e-02 4.973255470395088196e-02 4.439241439104080200e-02
1.629205979406833649e-02 4.391767457127571106e-02 3.584359958767890930e-02 1.012210398912429810e-01 2.073570191860198975e-01 2.706103771924972534e-02 2.059025317430496216e-02 4.103441722691059113e-03 1.321112154982984066e-03 2.043055184185504913e-02 4.516152665019035339e-02 3.322482109069824219e-02 1.534476596862077713e-02 3.067972511053085327e-02 1.684048399329185486e-02 5.441498477011919022e-03 1.237680204212665558e-02 7.855093479156494141e-02 5.616923794150352478e-02 7.755873352289199829e-02 1.678074942901730537e-03 9.161944501101970673e-03 4.221613705158233643e-02 4.099963977932929993e-02 3.102719783782958984e-02 3.292518481612205505e-02 3.651832812465727329e-04 2.480444312095642090e-02 3.418506681919097900e-02 1.225877832621335983e-02 4.623422771692276001e-02 4.759577289223670959e-02 1.507674716413021088e-02 9.072704240679740906e-03 3.470693156123161316e-02 6.230348255485296249e-03 7.164933532476425171e-02 3.884134069085121155e-02 1.489719152450561523e-01 1.182715520262718201e-01 1.346079260110855103e-01 9.110536426305770874e-03 3.354948014020919800e-02 1.168624684214591980e-01 2.316959388554096222e-02 1.267436053603887558e-02 2.965265652164816856e-03 7.208024617284536362e-03 1.868828013539314270e-02 4.179308563470840454e-02 8.890209719538688660e-03 1.767492666840553284e-02 5.560529418289661407e-03 1.036256700754165649e-01 5.273614078760147095e-02 1.025747321546077728e-02 3.754531219601631165e-02 3.061570785939693451e-02 2.936765551567077637e-02 2.267487905919551849e-02 8.242382854223251343e-02 5.832887440919876099e-02 2.516388148069381714e-02 8.721990138292312622e-02 3.896450623869895935e-02 3.239954635500907898e-02 1.111386227421462536e-03 4.149925895035266876e-03 3.959312289953231812e-02 4.140693694353103638e-02 4.854320362210273743e-02 2.111493796110153198e-02 1.597817391157150269e-01 1.872894167900085449e-02 1.476872414350509644e-01 1.129824109375476837e-02 7.828841335140168667e-04 5.848035961389541626e-02 2.566255815327167511e-02 2.974219620227813721e-02 3.851340850815176964e-03 4.217134788632392883e-02 1.048354431986808777e-01 4.653258994221687317e-02 5.273204762488603592e-03 2.404679730534553528e-02 3.760956227779388428e-02 3.176647424697875977e-02 2.586277388036251068e-02 6.238193251192569733e-03 1.831444725394248962e-02 2.584198862314224243e-02 4.478405229747295380e-03 3.804586827754974365e-02 3.215951472520828247e-02 7.535278797149658203e-02 3.255312144756317139e-02 6.107237190008163452e-03 1.852075569331645966e-02 1.901479205116629601e-03 3.789058327674865723e-02 1.790615543723106384e-02 1.650793850421905518e-02 2.602049149572849274e-02 1.112172566354274750e-02 4.204120859503746033e-02 3.422841057181358337e-02 7.151504047214984894e-03 1.121259294450283051e-02 1.252154354006052017e-02 3.120106831192970276e-02 2.165516780223697424e-04 3.693292662501335144e-02 6.878156680613756180e-03 8.258764445781707764e-02 7.609830796718597412e-02
1.611232943832874298e-02 3.121127560734748840e-02 5.710754916071891785e-02 2.073570191860198975e-01 1.129426881670951843e-01 1.668774336576461792e-02 2.452411456033587456e-03 5.311699956655502319e-02 8.485545404255390167e-03 3.642216033767908812e-04 3.507063165307044983e-02 4.002070426940917969e-02 3.562803938984870911e-02 8.878482505679130554e-03 2.542900154367089272e-03 1.729160174727439880e-02 2.078025788068771362e-02 6.578518450260162354e-02 1.564257293939590454e-01 2.844032831490039825e-02 9.345950558781623840e-03 1.632623746991157532e-02 7.732120342552661896e-03 2.242697664769366384e-04 5.367646366357803345e-02 2.925314940512180328e-02 7.478538155555725098e-02 3.622826561331748962e-02 3.249360993504524231e-02 5.543709918856620789e-02 1.648688130080699921e-02 8.951285853981971741e-03 2.091425284743309021e-02 1.355838309973478317e-02 1.312527246773242950e-02 2.677831333130598068e-03 1.009312458336353302e-02 3.680985188111662865e-03 8.817736059427261353e-02 2.403489500284194946e-01 2.429361455142498016e-02 3.355846554040908813e-02 3.381617739796638489e-02 2.271851338446140289e-02 7.159062661230564117e-03 1.899047754704952240e-02 8.167288452386856079e-02 5.429646372795104980e-02 2.904766984283924103e-02 1.469172537326812744e-02 4.202468693256378174e-02 3.437117114663124084e-02 3.239225968718528748e-02 1.433531939983367920e-02 8.088064379990100861e-03 2.241277694702148438e-02 1.951613090932369232e-02 1.981920376420021057e-02 1.577180810272693634e-02 1.514898333698511124e-02 2.008680813014507294e-02 9.911111742258071899e-02 1.973129622638225555e-02 7.628596574068069458e-02 2.818480692803859711e-02 2.824920974671840668e-02 1.657145284116268158e-02 3.169130906462669373e-02 1.974947284907102585e-03 4.804675281047821045e-02 2.852362580597400665e-02 2.615148387849330902e-02 7.825221866369247437e-02 4.020174965262413025e-02 1.196686327457427979e-01 1.502692140638828278e-02 6.554238498210906982e-02 2.259405702352523804e-02 2.645228989422321320e-02 2.440181188285350800e-02 8.901900611817836761e-03 4.997118562459945679e-02 1.036712974309921265e-01 1.391008347272872925e-01 1.014926005154848099e-02 2.364415861666202545e-02 2.772593684494495392e-02 4.420818388462066650e-02 2.017640508711338043e-02 4.335409961640834808e-03 1.007340662181377411e-02 2.011460997164249420e-02 4.344841837882995605e-02 3.458960354328155518e-02 4.306795448064804077e-02 3.946157172322273254e-02 1.784347114153206348e-03 1.269049476832151413e-02 6.162491068243980408e-02 2.525462396442890167e-02 3.931379318237304688e-02 5.461726803332567215e-03 1.778839156031608582e-02 2.410779707133769989e-02 1.423506345599889755e-02 2.486365847289562225e-02 6.603388488292694092e-02 3.603228181600570679e-02 2.001741342246532440e-02 5.039277672767639160e-02 2.276816777884960175e-02 9.027949720621109009e-02 3.765951469540596008e-02 1.413276139646768570e-02 5.263506621122360229e-02 1.207513641566038132e-02
1.279109120368957520e-01 1.850768476724624634e-01 9.029419161379337311e-03 2.706103771924972534e-02 1.668774336576461792e-02 8.914297819137573242e-02 3.372710943222045898e-01 1.123304758220911026e-02 4.573693498969078064e-02 2.416075579822063446e-02 5.579440295696258545e-02 6.130475178360939026e-02 1.292390003800392151e-02 3.078378364443778992e-02 1.974270679056644440e-02 3.026152029633522034e-03 3.052984597161412239e-03 5.108437314629554749e-02 4.644812270998954773e-02 5.716350860893726349e-03 6.051032105460762978e-04 4.281232133507728577e-02 1.503460388630628586e-02 8.170510642230510712e-03 2.418438531458377838e-02 6.138039380311965942e-02 2.865143120288848877e-02 2.127536572515964508e-02 3.801589459180831909e-02 7.266194559633731842e-03 6.329749524593353271e-02 3.863490000367164612e-02 4.428626224398612976e-02 7.992623001337051392e-02 4.338194802403450012e-02 2.218570560216903687e-02 3.175290673971176147e-02 2.171519771218299866e-02 5.453642830252647400e-02 1.787497475743293762e-02 4.492690786719322205e-02 2.698889188468456268e-02 5.715395137667655945e-02 5.896930396556854248e-02 3.716633468866348267e-02 6.136801466345787048e-02 2.440065443515777588e-01 6.379403173923492432e-02 6.189726665616035461e-02 2.630040282383561134e-03 5.373894423246383667e-02 4.232368618249893188e-02 2.108253724873065948e-02 8.655908517539501190e-03 3.722814098000526428e-02 2.345898188650608063e-03 5.005882307887077332e-02 4.897911846637725830e-02 7.090099621564149857e-03 4.707015678286552429e-02 1.433037780225276947e-02 7.110406458377838135e-02 4.103276878595352173e-02 7.260633632540702820e-03 3.854508325457572937e-02 1.628122758120298386e-03 1.165220141410827637e-01 6.485167145729064941e-02 3.486011549830436707e-02 6.298838555812835693e-02 6.542780436575412750e-03 4.097584635019302368e-02 3.075768984854221344e-02 1.107474230229854584e-02 2.166520990431308746e-02 2.389884926378726959e-02 6.325301714241504669e-03 6.655187904834747314e-02 2.045477926731109619e-02 1.805505901575088501e-02 3.249452635645866394e-02 5.564408376812934875e-02 6.338562816381454468e-02 2.723202807828783989e-03 5.966505408287048340e-02 3.680912032723426819e-02 4.867299273610115051e-02 1.785976067185401917e-02 3.159954212605953217e-03 2.978890389204025269e-02 1.472930703312158585e-02 7.500529754906892776e-03 2.217702567577362061e-02 6.682632118463516235e-02 4.199459403753280640e-02 2.366487309336662292e-02 4.620281234383583069e-02 1.630573533475399017e-02 8.151599206030368805e-03 5.589532665908336639e-03 2.554719150066375732e-02 1.115560811012983322e-02 4.033496230840682983e-02 5.506417527794837952e-02 5.633930489420890808e-02 2.594475634396076202e-02 3.330660983920097351e-02 2.108648791909217834e-02 3.886357694864273071e-02 3.328088670969009399e-02 3.338167443871498108e-02 1.225317269563674927e-01 7.876648008823394775e-02 4.159897193312644958e-02 6.319815665483474731e-02 9.046444296836853027e-02
5.659043043851852417e-02 1.609643697738647461e-01 4.203474521636962891e-02 2.059025317430496216e-02 2.452411456033587456e-03 3.372710943222045898e-01 7.634139806032180786e-02 4.361074790358543396e-02 4.541628062725067139e-02 5.206148326396942139e-02 5.684506148099899292e-02 4.286650568246841431e-02 9.566575288772583008e-03 6.378261744976043701e-02 3.213265910744667053e-02 5.083293840289115906e-02 4.690772667527198792e-02 8.109154552221298218e-02 8.313613012433052063e-03 5.892890319228172302e-02 8.235462009906768799e-03 3.256384748965501785e-03 3.576659783720970154e-02 6.782093644142150879e-02 7.667536381632089615e-03 7.915702648460865021e-03 3.155753389000892639e-02 1.567042246460914612e-02 5.377262458205223083e-02 1.402791775763034821e-02 3.492994233965873718e-02 1.056588441133499146e-02 1.536846254020929337e-02 4.435556009411811829e-02 6.144011765718460083e-02 7.413626182824373245e-03 2.310643345117568970e-02 2.543642558157444000e-02 5.362777970731258392e-03 1.500882208347320557e-03 3.416186198592185974e-02 1.675214804708957672e-02 1.862766966223716736e-02 5.563494749367237091e-03 6.468703597784042358e-02 1.498623378574848175e-02 1.986551731824874878e-01 5.935023725032806396e-02 1.322523131966590881e-02 9.382977150380611420e-04 3.738264366984367371e-02 3.551013395190238953e-02 2.096924697980284691e-03 4.616685677319765091e-03 8.756910264492034912e-02 4.710049182176589966e-02 4.975731484591960907e-03 6.099147140048444271e-04 1.031344104558229446e-02 2.942306734621524811e-02 3.689440712332725525e-02 1.147506292909383774e-02 7.884797640144824982e-03 5.416187644004821777e-02 2.010848559439182281e-02 3.378269076347351074e-02 2.281958609819412231e-02 2.853166684508323669e-02 5.364418774843215942e-02 1.976673305034637451e-02 3.761986270546913147e-02 4.660329967737197876e-02 6.380061153322458267e-03 2.640686742961406708e-02 1.193493418395519257e-02 1.358646526932716370e-02 3.384521231055259705e-02 7.936714589595794678e-02 8.031885139644145966e-03 6.168632209300994873e-02 4.112673550844192505e-02 5.115677136927843094e-03 8.470187336206436157e-02 1.967048272490501404e-02 4.141040612012147903e-03 1.568718813359737396e-02 4.517997056245803833e-02 1.389191206544637680e-02 2.724848687648773193e-02 5.265401676297187805e-03 3.611482307314872742e-02 2.556589059531688690e-02 6.250151246786117554e-02 7.964049279689788818e-02 7.391529530286788940e-02 4.681900516152381897e-02 3.764913976192474365e-02 1.215420197695493698e-02 3.982080891728401184e-02 5.146699398756027222e-02 3.885939344763755798e-02 4.669279232621192932e-02 5.444790795445442200e-02 1.633680611848831177e-02 3.931409120559692383e-02 1.515654847025871277e-02 1.295115798711776733e-03 3.054183162748813629e-02 1.527690049260854721e-02 2.377539500594139099e-02 1.172032207250595093e-02 1.089051961898803711e-01 1.326223276555538177e-02 3.430702909827232361e-02 9.132251143455505371e-02 1.104809194803237915e-01
5.141383502632379532e-03 5.255525186657905579e-02 3.109026551246643066e-01 4.103441722691059113e-03 5.311699956655502319e-02 1.123304758220911026e-02 4.361074790358543396e-02 1.019156724214553833e-01 2.202798426151275635e-02 1.991304196417331696e-02 3.987107798457145691e-02 1.339361886493861675e-03 9.424218535423278809e-02 5.164150893688201904e-02 1.341708451509475708e-01 1.527190092019736767e-03 3.168475627899169922e-02 2.991465292870998383e-02 1.592698134481906891e-02 6.517940759658813477e-02 1.066672801971435547e-01 4.410476237535476685e-02 3.876740485429763794e-02 1.314275711774826050e-02 3.277401253581047058e-02 2.674664929509162903e-02 1.509879156947135925e-02 5.405511707067489624e-03 9.713969193398952484e-03 6.031743809580802917e-02 3.463169559836387634e-02 2.168948762118816376e-02 2.876447886228561401e-02 5.924325705564115196e-06 2.365569956600666046e-02 3.699260996654629707e-03 4.515339806675910950e-02 5.112899839878082275e-02 1.057840604335069656e-02 4.174610599875450134e-02 6.416393816471099854e-02 2.571753598749637604e-02 3.972705453634262085e-02 2.791664004325866699e-02 1.169532909989356995e-02 1.856866106390953064e-02 1.301368791610002518e-02 6.471630185842514038e-03 2.972208149731159210e-02 1.346783898770809174e-02 6.485992670059204102e-02 2.826314233243465424e-02 3.901248052716255188e-02 3.744544833898544312e-02 2.245645597577095032e-02 3.133097663521766663e-02 1.867107860743999481e-02 1.382159069180488586e-03 3.205745667219161987e-02 5.236089974641799927e-02 7.409912068396806717e-04 5.272609181702136993e-03 1.966808177530765533e-02 9.131929837167263031e-03 1.823450066149234772e-02 1.214956119656562805e-02 8.629442192614078522e-03 2.983167767524719238e-02 2.027081511914730072e-02 3.243200480937957764e-02 1.425969530828297138e-03 2.660296671092510223e-02 1.543980743736028671e-02 2.409650571644306183e-02 8.659521117806434631e-03 8.886021096259355545e-04 3.330367058515548706e-02 5.746528506278991699e-03 1.944242790341377258e-02 1.995693147182464600e-02 2.116249054670333862e-01 1.373442560434341431e-01 5.865864455699920654e-02 1.367717515677213669e-02 6.586105376482009888e-02 8.258725702762603760e-02 1.351254135370254517e-01 6.873583793640136719e-02 2.894630841910839081e-02 5.273871123790740967e-02 5.263322964310646057e-02 2.802872471511363983e-02 3.739041835069656372e-02 5.739898979663848877e-02 3.786361590027809143e-02 2.967804856598377228e-02 2.840325981378555298e-02 1.211387012153863907e-02 1.695770304650068283e-03 1.293172244913876057e-04 5.099258944392204285e-02 3.199695050716400146e-02 5.265459418296813965e-02 3.392972052097320557e-02 4.488718509674072266e-02 2.921461313962936401e-02 2.370178140699863434e-02 4.197030514478683472e-02 4.275508224964141846e-02 2.505027316510677338e-02 8.635175973176956177e-02 3.529333323240280151e-02 5.405099689960479736e-02 1.158506143838167191e-02 2.630291506648063660e-02 4.684765636920928955e-02
4.738695174455642700e-02 9.039296209812164307e-02 3.920137509703636169e-02 1.321112154982984066e-03 8.485545404255390167e-03 4.573693498969078064e-02 4.541628062725067139e-02 2.202798426151275635e-02 1.199362576007843018e-01 1.212176606059074402e-01 1.107581146061420441e-02 5.539554357528686523e-02 7.482160627841949463e-02 5.276219919323921204e-02 3.521468862891197205e-02 4.795352742075920105e-02 9.055042266845703125e-02 7.434989511966705322e-02 3.871913999319076538e-02 1.729026064276695251e-02 1.037931349128484726e-02 2.390871010720729828e-02 5.483613908290863037e-02 5.579965189099311829e-02 2.001009136438369751e-02 1.992768421769142151e-02 3.647195640951395035e-03 1.914645545184612274e-02 1.396442204713821411e-02 3.590032085776329041e-02 2.667096443474292755e-02 1.776589825749397278e-02 3.627658006735146046e-04 3.760171681642532349e-02 5.166780203580856323e-03 4.171669483184814453e-02 2.642646245658397675e-02 3.241649270057678223e-02 1.502661034464836121e-02 8.774584159255027771e-03 3.470057249069213867e-02 7.438332587480545044e-02 5.438736826181411743e-02 7.485052198171615601e-02 4.628714546561241150e-02 6.106538325548171997e-02 4.324246942996978760e-02 4.327651113271713257e-02 6.369981914758682251e-02 1.866485923528671265e-02 2.169793844223022461e-02 9.348982013761997223e-03 4.108718410134315491e-02 2.779932878911495209e-02 9.869075566530227661e-02 1.553926151245832443e-02 1.638010959140956402e-03 3.250611945986747742e-02 4.779814556241035461e-02 1.232811715453863144e-03 2.879533544182777405e-02 9.728239849209785461e-03 4.526653885841369629e-02 6.198669224977493286e-02 2.040166035294532776e-02 2.120865881443023682e-02 1.050901412963867188e-02 1.689248252660036087e-03 4.815791547298431396e-02 4.148886725306510925e-02 1.177541259676218033e-02 3.661317005753517151e-02 5.199282616376876831e-02 2.903610002249479294e-03 6.000004708766937256e-02 3.133481740951538086e-02 1.649104505777359009e-01 8.701327443122863770e-02 1.144726574420928955e-01 4.512377455830574036e-02 3.192311525344848633e-02 6.218765862286090851e-03 1.256503760814666748e-01 9.286648035049438477e-02 8.630019612610340118e-03 8.838659152388572693e-03 5.594076355919241905e-04 2.898692153394222260e-02 8.405250310897827148e-02 3.434234857559204102e-02 6.277332454919815063e-02 4.025704413652420044e-02 3.034754097461700439e-02 2.965738810598850250e-02 1.827452145516872406e-02 1.513973157852888107e-02 1.178040727972984314e-02 4.592508822679519653e-02 3.148332610726356506e-02 2.522394992411136627e-03 4.795886110514402390e-03 3.144771605730056763e-02 2.342003164812922478e-03 6.818955764174461365e-03 1.819876022636890411e-02 1.181970350444316864e-02 3.783746436238288879e-02 1.566797681152820587e-02 2.430471591651439667e-02 4.143084958195686340e-02 6.543610990047454834e-02 2.102530561387538910e-02 1.887706667184829712e-02 4.642406851053237915e-02 3.842236474156379700e-02 1.414190232753753662e-02
5.547325685620307922e-02 8.607908338308334351e-02 1.699706166982650757e-02 2.043055184185504913e-02 3.642216033767908812e-04 2.416075579822063446e-02 5.206148326396942139e-02 1.991304196417331696e-02 1.212176606059074402e-01 1.249327212572097778e-01 4.344258829951286316e-02 5.964248254895210266e-02 4.092859849333763123e-02 9.441951662302017212e-02 1.386713888496160507e-02 9.610077366232872009e-03 3.682142868638038635e-02 2.153041958808898926e-02 4.375904425978660583e-02 1.745431870222091675e-02 5.489052273333072662e-03 5.174558982253074646e-02 2.098113857209682465e-02 5.693272128701210022e-02 4.438747651875019073e-03 1.377621386200189590e-02 1.091588288545608521e-02 6.074988469481468201e-02 1.494008954614400864e-02 3.406596370041370392e-03 3.623687103390693665e-02 4.566942527890205383e-02 1.382221933454275131e-03 7.483088993467390537e-04 1.306005008518695831e-02 2.159951999783515930e-02 1.992656290531158447e-02 6.896985694766044617e-03 2.143696323037147522e-02 3.396342322230339050e-02 3.588072210550308228e-02 3.416401147842407227e-02 2.298954175785183907e-03 2.299206703901290894e-02 2.814340218901634216e-02 2.062553353607654572e-02 3.057341836392879486e-02 5.684271827340126038e-02 1.948769576847553253e-02 1.058517470955848694e-01 1.462479960173368454e-02 1.752731390297412872e-02 1.414949446916580200e-02 2.934085670858621597e-03 3.689840808510780334e-02 9.456352144479751587e-02 8.815077133476734161e-03 4.516826011240482330e-03 3.142534196376800537e-02 1.987676881253719330e-02 8.295135200023651123e-02 4.737677425146102905e-02 4.756326600909233093e-02 1.463408581912517548e-02 9.181533008813858032e-03 3.743255883455276489e-02 1.419933419674634933e-02 3.813810180872678757e-03 1.103207170963287354e-01 7.991572469472885132e-02 1.430740859359502792e-02 1.879378780722618103e-02 3.899486362934112549e-02 4.814188927412033081e-03 7.609139662235975266e-03 3.079803474247455597e-02 6.153915822505950928e-02 2.073055952787399292e-01 5.003404617309570312e-02 1.973954439163208008e-01 1.685057953000068665e-02 1.504548639059066772e-02 4.988144338130950928e-02 1.379903107881546021e-01 2.470920048654079437e-02 8.822184056043624878e-02 3.333630040287971497e-02 1.876548491418361664e-02 6.967559922486543655e-03 1.182585656642913818e-01 5.238041747361421585e-03 1.024987176060676575e-02 5.320309847593307495e-02 2.252166450489312410e-05 7.002720143646001816e-03 2.846294082701206207e-02 4.518366977572441101e-02 7.270544301718473434e-03 3.064794698730111122e-03 1.086574792861938477e-02 1.243331842124462128e-02 2.221522480249404907e-02 7.468415051698684692e-02 3.711649030447006226e-02 2.018412761390209198e-02 4.307734314352273941e-03 2.287830039858818054e-02 3.821263089776039124e-02 2.304011955857276917e-02 5.771346762776374817e-02 3.792076557874679565e-02 2.579899504780769348e-03 2.036523260176181793e-02 1.512911636382341385e-02 2.621818520128726959e-02 3.073128312826156616e-02
2.064578980207443237e-01 9.350427240133285522e-02 2.865628711879253387e-02 4.516152665019035339e-02 3.507063165307044983e-02 5.579440295696258545e-02 5.684506148099899292e-02 3.987107798457145691e-02 1.107581146061420441e-02 4.344258829951286316e-02 6.762809306383132935e-02 4.672536998987197876e-02 2.117940336465835571e-01 3.549293801188468933e-02 4.229325428605079651e-02 3.202831745147705078e-02 4.391039535403251648e-02 4.098569229245185852e-02 3.861416131258010864e-02 4.249918460845947266e-02 5.464197695255279541e-02 6.754054874181747437e-02 7.025710493326187134e-02 3.874853020533919334e-03 2.052654512226581573e-02 3.418998792767524719e-02 3.687263652682304382e-02 3.549036756157875061e-02 3.030920214951038361e-02 2.398074045777320862e-02 1.725837588310241699e-02 1.113753300160169601e-02 9.428185294382274151e-04 2.150163240730762482e-02 4.783783107995986938e-02 5.139689426869153976e-03 2.756067551672458649e-02 6.426300853490829468e-03 7.330023683607578278e-03 1.030940003693103790e-02 6.058343872427940369e-02 3.429893404245376587e-02 3.707745298743247986e-02 2.739790827035903931e-02 5.505205318331718445e-02 1.574282534420490265e-02 4.386657103896141052e-02 1.745887473225593567e-02 1.167569961398839951e-02 3.329711034893989563e-02 3.878953680396080017e-02 5.123357288539409637e-03 2.808967232704162598e-02 1.259134337306022644e-02 3.217559307813644409e-02 4.434447363018989563e-02 1.588769629597663879e-02 2.084625139832496643e-02 1.840938813984394073e-02 2.718525007367134094e-03 2.675381838344037533e-04 8.726212196052074432e-03 3.985507041215896606e-02 1.939971558749675751e-02 5.139739811420440674e-02 8.018744178116321564e-03 1.136924838647246361e-03 4.505573958158493042e-02 4.611389711499214172e-02 2.644510008394718170e-02 8.199685811996459961e-02 1.194798294454813004e-02 3.704260662198066711e-02 3.542379126884043217e-04 4.487326741218566895e-02 4.182742908596992493e-03 3.571692109107971191e-02 2.744092978537082672e-02 2.615582011640071869e-02 1.430999953299760818e-02 1.834773831069469452e-02 3.218087553977966309e-02 7.265405356884002686e-02 2.266724035143852234e-02 1.418732292950153351e-02 2.150042355060577393e-02 3.730520233511924744e-02 6.639586389064788818e-02 1.489549037069082260e-02 2.035357616841793060e-02 8.337493985891342163e-02 8.464694023132324219e-02 1.984618231654167175e-02 6.557084619998931885e-02 1.767101325094699860e-02 1.958276145160198212e-02 3.839504905045032501e-03 1.836263015866279602e-02 2.263379842042922974e-02 5.761284381151199341e-03 3.151898831129074097e-02 1.697783358395099640e-02 2.768012881278991699e-02 1.791685819625854492e-03 3.709611296653747559e-02 6.940373778343200684e-02 2.580907009541988373e-02 1.668029278516769409e-02 9.186147898435592651e-02 1.654626615345478058e-02 4.427634179592132568e-02 4.097792133688926697e-02 4.000438842922449112e-03 2.017215639352798462e-02 2.644706983119249344e-04 2.352029271423816681e-02
6.340056657791137695e-03 3.096004948019981384e-02 3.041101992130279541e-02 3.322482109069824219e-02 4.002070426940917969e-02 6.130475178360939026e-02 4.286650568246841431e-02 1.339361886493861675e-03 5.539554357528686523e-02 5.964248254895210266e-02 4.672536998987197876e-02 7.544972002506256104e-02 7.908496260643005371e-02 2.397374957799911499e-01 5.213236436247825623e-02 8.267500996589660645e-02 7.419680058956146240e-02 2.382685244083404541e-02 4.855527542531490326e-03 8.176782168447971344e-03 8.325007744133472443e-03 3.173421323299407959e-02 1.406963914632797241e-01 1.010144948959350586e-01 9.458128362894058228e-03 2.863502874970436096e-02 3.735518315806984901e-03 1.191193014383316040e-01 6.982836872339248657e-02 4.994787648320198059e-02 1.011229380965232849e-01 4.642789810895919800e-02 4.490220174193382263e-02 9.021314233541488647e-02 4.878517240285873413e-02 4.387677833437919617e-02 2.227855287492275238e-02 6.159704923629760742e-02 1.310801785439252853e-02 3.776849014684557915e-03 7.959399372339248657e-02 2.781531028449535370e-02 9.614992886781692505e-03 1.972482912242412567e-02 8.466957509517669678e-02 6.498246639966964722e-02 5.318294093012809753e-02 1.752179348841309547e-03 6.210740655660629272e-02 1.931491121649742126e-02 5.240074172616004944e-02 9.006375074386596680e-02 4.256574809551239014e-02 1.101025473326444626e-02 4.185347259044647217e-02 5.983203183859586716e-03 6.604505702853202820e-03 4.787081480026245117e-02 2.918425947427749634e-02 1.669853180646896362e-02 4.651605710387229919e-02 7.697917171753942966e-04 1.624879799783229828e-02 2.988873608410358429e-02 3.896819427609443665e-02 9.689431637525558472e-02 5.669132620096206665e-02 5.027373321354389191e-03 2.164692617952823639e-02 7.335991412401199341e-02 5.427895579487085342e-03 4.065330699086189270e-02 3.293858096003532410e-02 3.314247354865074158e-02 4.191020876169204712e-02 3.794325515627861023e-02 6.576600670814514160e-02 5.781371146440505981e-02 4.235152900218963623e-02 2.405098453164100647e-02 2.211758121848106384e-02 2.540246956050395966e-02 5.651460960507392883e-02 5.349453911185264587e-02 7.669546455144882202e-02 1.038706004619598389e-01 5.825093761086463928e-02 9.626240353100001812e-04 6.481593102216720581e-02 3.048809990286827087e-02 9.590607136487960815e-03 1.906820386648178101e-02 2.222574502229690552e-02 2.999737672507762909e-02 1.182689517736434937e-02 1.669045351445674896e-02 2.183924242854118347e-02 2.466081455349922180e-02 7.280033547431230545e-03 7.527109235525131226e-03 7.256881892681121826e-02 4.629851877689361572e-02 1.541883125901222229e-02 4.765697941184043884e-02 1.340547110885381699e-02 8.125416934490203857e-03 7.964449934661388397e-03 4.365854430943727493e-03 3.556881472468376160e-02 1.347742625512182713e-03 1.208893954753875732e-02 6.147203966975212097e-02 4.549851641058921814e-02 4.335995763540267944e-02 1.901480369269847870e-02 4.603983461856842041e-02
1.673604696989059448e-01 1.427851170301437378e-01 5.089521408081054688e-02 1.534476596862077713e-02 3.562803938984870911e-02 1.292390003800392151e-02 9.566575288772583008e-03 9.424218535423278809e-02 7.482160627841949463e-02 4.092859849333763123e-02 2.117940336465835571e-01 7.908496260643005371e-02 9.901364892721176147e-02 6.196984648704528809e-02 4.290288314223289490e-02 4.572647809982299805e-02 7.360754907131195068e-02 2.573680598288774490e-03 8.795693516731262207e-03 4.266716912388801575e-02 4.788706824183464050e-02 8.957017213106155396e-02 6.320320069789886475e-02 4.310974106192588806e-02 5.568972602486610413e-02 6.557854264974594116e-02 2.084344858303666115e-03 4.703093785792589188e-03 5.429749935865402222e-02 5.200901255011558533e-02 9.329765290021896362e-02 1.583224534988403320e-02 2.448502182960510254e-02 1.892437785863876343e-02 1.249613799154758453e-02 1.787670142948627472e-02 2.796610817313194275e-02 5.688364803791046143e-02 2.433969173580408096e-03 2.291266061365604401e-02 2.092717215418815613e-02 3.702148795127868652e-02 4.203502088785171509e-02 6.658768653869628906e-02 4.037955030798912048e-02 7.450058124959468842e-03 2.677104808390140533e-02 8.777895942330360413e-03 2.371941506862640381e-02 2.163004875183105469e-02 2.238921122625470161e-03 1.497232122346758842e-03 5.219284910708665848e-03 4.991281032562255859e-02 5.433919280767440796e-02 8.829347044229507446e-02 1.004701294004917145e-02 6.469547003507614136e-02 2.773005515336990356e-02 2.845251373946666718e-02 1.385298464447259903e-02 1.794155128300189972e-02 4.753041081130504608e-03 1.472685951739549637e-02 3.006332740187644958e-02 7.493135333061218262e-02 2.117969281971454620e-02 1.875559799373149872e-02 2.466802299022674561e-02 4.728245362639427185e-02 2.134614810347557068e-02 5.607665702700614929e-02 4.908861592411994934e-02 6.731104850769042969e-02 4.858821630477905273e-02 6.009720265865325928e-02 5.682942271232604980e-02 1.372298877686262131e-02 7.769468426704406738e-02 2.370022609829902649e-02 2.040731778834015131e-04 1.695278473198413849e-02 5.309819430112838745e-02 8.430218324065208435e-03 3.683901159092783928e-04 1.364583056420087814e-02 1.183243747800588608e-02 8.943630009889602661e-02 1.071306020021438599e-01 7.506977766752243042e-02 2.584701590240001678e-02 1.598155498504638672e-02 3.535762894898653030e-03 8.055455982685089111e-03 1.043926109559834003e-03 2.363238483667373657e-02 1.943083480000495911e-02 9.901938028633594513e-03 6.593871116638183594e-02 4.134065285325050354e-02 2.398605272173881531e-02 1.767175644636154175e-02 2.344552241265773773e-02 1.290190406143665314e-02 5.602483451366424561e-02 5.331981554627418518e-02 1.746483333408832550e-02 6.792651861906051636e-02 1.998168416321277618e-02 5.321579799056053162e-02 2.332042902708053589e-02 2.357878535985946655e-02 3.552730195224285126e-03 3.716142848134040833e-02 1.815473847091197968e-02 1.031671464443206787e-02
