4.592352733016014099e-02 3.177198469638824463e-01 1.353296637535095215e-01 5.200246348977088928e-02 8.239089697599411011e-02 1.898984163999557495e-01 1.388916745781898499e-02 1.374679617583751678e-02 3.875946393236517906e-03 5.176359415054321289e-02 1.988694816827774048e-01 4.327019676566123962e-02 7.013233006000518799e-02 6.466590613126754761e-02 3.556041419506072998e-02 4.925527423620223999e-02 1.270478311926126480e-02 1.130956877022981644e-02 6.036757677793502808e-02 5.602495372295379639e-02 5.508958548307418823e-02 1.959490031003952026e-02 7.513223215937614441e-03 6.341226398944854736e-02 2.762523479759693146e-02 3.764360398054122925e-02 1.049983222037553787e-02 3.292990475893020630e-02 3.912967815995216370e-02 4.357228428125381470e-02 1.204237863421440125e-01 5.953337252140045166e-02 1.529227942228317261e-02 3.907233104109764099e-02 3.637190163135528564e-02 3.866484016180038452e-02 1.398590952157974243e-02 9.052628651261329651e-03 1.551318634301424026e-02 4.548816476017236710e-03 8.108743280172348022e-02 2.844213694334030151e-02 4.649044200778007507e-02 7.926546037197113037e-02 1.565998420119285583e-03 1.221867874264717102e-01 8.865825831890106201e-02 1.194532886147499084e-01 3.525656461715698242e-02 3.293062094599008560e-03 4.235136881470680237e-02 1.079444363713264465e-01 4.333947971463203430e-02 1.635814458131790161e-02 7.551696896553039551e-02 1.500258594751358032e-02 7.713193446397781372e-02 5.273297429084777832e-02 5.075732246041297913e-03 3.552336990833282471e-02 2.221350371837615967e-02 2.315162867307662964e-02 3.431364521384239197e-02 1.143843308091163635e-01 1.040768809616565704e-02 2.678806148469448090e-02 8.053849637508392334e-02 2.274323813617229462e-02 4.492634162306785583e-02 7.572809699922800064e-03 8.569681644439697266e-02 5.283497739583253860e-03 2.459189295768737793e-02 4.600707441568374634e-03 3.253634274005889893e-02 3.751322999596595764e-02 4.027701541781425476e-02 4.914276301860809326e-02 2.598814293742179871e-02 4.099816083908081055e-02 1.865207217633724213e-02 6.334538012742996216e-02 6.005364283919334412e-02 1.466437615454196930e-02 2.947457600384950638e-03 7.102923002094030380e-03 1.212357077747583389e-02 1.562088634818792343e-02 2.632161229848861694e-02 5.927460640668869019e-02 1.066020503640174866e-01 1.063973270356655121e-02 2.189920656383037567e-02 4.915465414524078369e-02 1.423011533915996552e-02 4.692389816045761108e-02 1.345119997859001160e-02 1.773226633667945862e-02 1.728372089564800262e-02 8.957319706678390503e-02 1.547340303659439087e-02 3.851086646318435669e-02 2.323465421795845032e-02 9.329272806644439697e-02 3.376659750938415527e-02 1.734100282192230225e-02 2.964519709348678589e-02 1.475053280591964722e-02 5.436390638351440430e-02 1.296863891184329987e-02 5.144884064793586731e-02 3.435471653938293457e-02 3.417420759797096252e-02 6.095419079065322876e-02 5.008252337574958801e-03 4.133763536810874939e-02
3.177198469638824463e-01 1.349279563874006271e-02 4.629860818386077881e-02 2.230668626725673676e-02 2.169438824057579041e-02 5.878793075680732727e-02 1.107992231845855713e-01 8.354370482265949249e-03 2.591318637132644653e-02 1.044164225459098816e-02 1.134860515594482422e-01 7.290175184607505798e-03 1.793861091136932373e-01 7.601282559335231781e-03 6.825625896453857422e-02 3.079070150852203369e-02 3.298139944672584534e-02 6.337235681712627411e-03 3.429708257317543030e-02 4.254270344972610474e-02 1.373461540788412094e-02 4.936261475086212158e-02 2.441277354955673218e-02 7.318628579378128052e-02 5.561470612883567810e-02 1.506213936954736710e-02 3.505120426416397095e-02 3.734100237488746643e-02 4.476644843816757202e-02 5.648230388760566711e-02 5.042769014835357666e-02 1.027272827923297882e-02 5.975091829895973206e-02 3.424878045916557312e-02 5.823845509439706802e-03 1.230288483202457428e-02 4.551164433360099792e-02 4.299163445830345154e-02 2.524252049624919891e-02 4.562385380268096924e-02 5.213168263435363770e-02 1.397087611258029938e-02 3.507056459784507751e-02 2.851409092545509338e-02 2.692849002778530121e-02 7.122372835874557495e-02 6.422228366136550903e-02 2.344724722206592560e-02 4.774073511362075806e-02 3.340785950422286987e-02 1.734014041721820831e-02 1.304038707166910172e-02 1.185234934091567993e-01 9.438475221395492554e-02 4.112288728356361389e-02 2.338656783103942871e-02 1.127423346042633057e-02 4.529594257473945618e-02 4.845483601093292236e-02 2.406670153141021729e-02 1.290861144661903381e-02 4.006734490394592285e-02 5.079752951860427856e-02 7.743962854146957397e-02 2.911852486431598663e-02 1.379987690597772598e-02 1.351427473127841949e-02 4.691413138061761856e-03 5.319450050592422485e-03 3.288496285676956177e-02 4.122231900691986084e-02 4.350400064140558243e-03 2.001235447824001312e-02 2.443788573145866394e-02 2.354286797344684601e-02 5.691158398985862732e-02 2.499911934137344360e-02 4.841068014502525330e-02 1.649660617113113403e-02 4.742695018649101257e-03 4.481729120016098022e-02 1.539094001054763794e-02 8.513954281806945801e-02 2.416490204632282257e-02 4.457309097051620483e-02 1.520023960620164871e-02 7.370064966380596161e-03 6.381789222359657288e-03 6.337839365005493164e-02 6.793555617332458496e-02 3.804556280374526978e-02 1.485500577837228775e-02 5.398620665073394775e-02 4.731230810284614563e-02 4.604705795645713806e-02 1.515851262956857681e-02 4.304461181163787842e-02 6.050674617290496826e-02 1.913380250334739685e-02 4.845348000526428223e-02 2.428324893116950989e-03 2.356625907123088837e-02 2.844664268195629120e-02 2.555020339787006378e-02 2.726962044835090637e-02 6.891024857759475708e-02 9.196217870339751244e-04 6.674600392580032349e-02 1.713025197386741638e-02 2.235922776162624359e-02 1.937044039368629456e-02 4.128935933113098145e-02 2.008361183106899261e-02 4.316169768571853638e-02 3.625783696770668030e-02 4.734355211257934570e-02
1.353296637535095215e-01 4.629860818386077881e-02 4.197472333908081055e-02 4.507651180028915405e-02 1.177402865141630173e-02 1.001957524567842484e-02 4.251730814576148987e-02 8.394578844308853149e-02 9.396279230713844299e-03 6.688042543828487396e-03 1.397667080163955688e-02 3.911928087472915649e-02 3.431754559278488159e-02 5.005669966340065002e-02 4.136587679386138916e-02 4.978669434785842896e-02 1.995920017361640930e-02 6.972909718751907349e-02 1.846126653254032135e-02 1.165691483765840530e-02 4.413513094186782837e-02 6.127272546291351318e-02 2.288071624934673309e-02 6.474648416042327881e-02 4.260067269206047058e-02 2.328257635235786438e-02 4.685584083199501038e-02 1.164364889264106750e-01 1.712631620466709137e-02 1.819400489330291748e-02 5.744479224085807800e-02 2.036964724538847804e-04 6.224452983587980270e-03 3.954040817916393280e-03 2.340457588434219360e-02 2.980339806526899338e-03 9.335470385849475861e-03 3.485877439379692078e-02 5.266457330435514450e-03 5.362464487552642822e-02 6.035946682095527649e-02 4.071397334337234497e-02 3.861222788691520691e-02 6.249066814780235291e-02 1.419131923466920853e-02 6.806884706020355225e-02 8.288499712944030762e-02 6.705313920974731445e-02 3.043127618730068207e-02 2.367615140974521637e-02 1.532955467700958252e-02 4.491772130131721497e-02 1.853435672819614410e-02 5.838537123054265976e-03 3.048194199800491333e-02 4.702384769916534424e-02 6.987813860177993774e-02 1.415243023075163364e-03 2.307220920920372009e-02 2.130837365984916687e-02 3.046252764761447906e-02 3.977930918335914612e-02 2.664719149470329285e-02 5.554220080375671387e-02 4.608485847711563110e-02 4.980316758155822754e-02 6.663942337036132812e-02 1.216311194002628326e-02 1.302668154239654541e-01 3.842924907803535461e-02 1.326610147953033447e-01 5.138212069869041443e-02 1.719353534281253815e-02 4.970364738255739212e-03 7.925819605588912964e-03 1.185943558812141418e-02 1.020582392811775208e-02 1.464939489960670471e-02 7.080691284500062466e-04 8.404081314802169800e-02 1.704442799091339111e-01 2.638509869575500488e-02 5.359888821840286255e-02 7.183338701725006104e-02 3.423966094851493835e-02 3.489049896597862244e-02 8.840896934270858765e-02 2.898170426487922668e-02 6.031606718897819519e-02 2.155902329832315445e-03 8.768558502197265625e-03 5.322088673710823059e-02 8.259945362806320190e-02 1.091741118580102921e-02 6.217548996210098267e-02 2.602269500494003296e-02 1.020780727267265320e-01 6.331047415733337402e-02 1.794663444161415100e-02 2.151215821504592896e-02 3.097612783312797546e-02 5.654165893793106079e-02 4.054725542664527893e-02 1.190879195928573608e-02 4.206792265176773071e-02 4.856386780738830566e-02 2.257100492715835571e-02 7.682737428694963455e-03 5.673025920987129211e-02 3.428981453180313110e-02 5.411547422409057617e-02 1.694581471383571625e-03 1.333119068294763565e-02 1.896167732775211334e-02 3.230014815926551819e-03 8.296495303511619568e-03
5.200246348977088928e-02 2.230668626725673676e-02 4.507651180028915405e-02 3.450055792927742004e-02 2.378921806812286377e-01 4.329212941229343414e-03 1.075619086623191833e-02 1.059835031628608704e-01 9.567900002002716064e-02 3.624764829874038696e-02 5.459169298410415649e-02 1.823478937149047852e-02 3.525283560156822205e-02 6.283602863550186157e-02 4.948608577251434326e-03 2.553122118115425110e-02 5.546813458204269409e-02 1.231757551431655884e-01 6.878227740526199341e-02 5.134773440659046173e-03 3.977059572935104370e-02 6.763980723917484283e-03 5.773607641458511353e-02 5.522490013390779495e-03 3.473734110593795776e-02 1.111920177936553955e-02 7.818140089511871338e-02 6.326767057180404663e-02 6.574871949851512909e-03 1.773144304752349854e-02 3.205795586109161377e-02 1.694392226636409760e-02 3.677292168140411377e-02 3.471713513135910034e-02 1.056772843003273010e-01 9.422635659575462341e-03 2.068849653005599976e-02 7.948599755764007568e-02 1.085174456238746643e-01 2.115202695131301880e-01 1.195777114480733871e-02 3.427244024351239204e-03 2.057801373302936554e-02 7.228461652994155884e-02 7.360082818195223808e-04 1.858135801739990711e-03 3.494103252887725830e-02 6.026774272322654724e-02 3.449151990935206413e-03 1.658133789896965027e-02 4.089615494012832642e-02 1.064422726631164551e-01 3.228217735886573792e-02 5.095032509416341782e-03 2.752808853983879089e-03 3.189310431480407715e-02 1.873398758471012115e-02 3.057633899152278900e-02 3.232765011489391327e-03 4.098043218255043030e-02 2.812699601054191589e-02 2.860452607274055481e-02 4.204377532005310059e-02 3.359358012676239014e-02 2.240808680653572083e-02 2.611592225730419159e-02 1.416706107556819916e-02 1.825569011270999908e-02 2.227931655943393707e-02 2.798241749405860901e-02 2.676872350275516510e-02 4.021721333265304565e-02 2.299763262271881104e-01 4.114575684070587158e-02 1.220152601599693298e-01 3.944632783532142639e-02 5.706054344773292542e-02 1.447818055748939514e-02 3.271949244663119316e-03 6.231014430522918701e-02 1.827893033623695374e-02 4.550800099968910217e-02 7.501125335693359375e-02 5.811544507741928101e-02 1.181643549352884293e-02 2.291343174874782562e-02 4.233409091830253601e-02 1.366573851555585861e-02 9.984686225652694702e-02 2.060933597385883331e-02 6.058475375175476074e-02 8.558131009340286255e-02 3.432501479983329773e-02 3.657681867480278015e-02 8.599845319986343384e-02 3.390280064195394516e-03 2.256754599511623383e-02 3.632795065641403198e-02 6.084384396672248840e-03 1.820025732740759850e-03 4.083543270826339722e-02 5.590600520372390747e-02 1.046252623200416565e-02 3.227261826395988464e-02 4.174026846885681152e-02 7.252357900142669678e-03 2.955145575106143951e-02 4.649818688631057739e-02 5.459123849868774414e-02 3.570938110351562500e-02 3.839307278394699097e-02 1.873092912137508392e-02 1.447828486561775208e-02 3.164640814065933228e-02 3.986108675599098206e-02 1.764994673430919647e-02
8.239089697599411011e-02 2.169438824057579041e-02 1.177402865141630173e-02 2.378921806812286377e-01 2.482897788286209106e-02 5.395388603210449219e-02 4.117058962583541870e-02 1.190421655774116516e-01 2.793580107390880585e-02 1.065823361277580261e-01 9.582099318504333496e-02 1.774647273123264313e-02 1.175410486757755280e-02 4.971893131732940674e-02 3.879423020407557487e-03 9.232524782419204712e-02 9.942569583654403687e-02 5.631785467267036438e-02 7.572939153760671616e-03 2.198683097958564758e-02 3.058533370494842529e-02 5.971142277121543884e-02 1.852227747440338135e-02 7.314891554415225983e-04 2.621781267225742340e-02 2.498259767889976501e-02 4.538084939122200012e-02 2.637733332812786102e-02 5.931495502591133118e-02 8.012311160564422607e-02 3.430394828319549561e-02 2.680594101548194885e-02 5.874245986342430115e-02 9.187967516481876373e-03 1.633463799953460693e-02 6.099320948123931885e-02 8.992857299745082855e-03 3.831519046798348427e-03 5.626329779624938965e-02 1.636185348033905029e-01 8.225563913583755493e-02 2.370810694992542267e-02 4.855284933000802994e-03 4.447340033948421478e-03 1.544121280312538147e-02 3.509216010570526123e-02 2.820849604904651642e-02 2.872796542942523956e-02 2.885237522423267365e-02 3.558818250894546509e-02 5.485852435231208801e-02 3.188512101769447327e-02 3.934071213006973267e-02 1.254075323231518269e-03 3.214431181550025940e-02 1.308736391365528107e-02 4.463645443320274353e-02 4.314886755309998989e-04 4.362921416759490967e-02 4.166495800018310547e-02 8.584884554147720337e-02 3.902334719896316528e-02 9.074361994862556458e-03 1.203031837940216064e-02 5.761418491601943970e-02 3.625646233558654785e-02 7.777184713631868362e-03 3.979306295514106750e-02 1.836802461184561253e-03 6.976412143558263779e-03 3.898194804787635803e-02 5.890305154025554657e-03 1.144739910960197449e-01 3.977970685809850693e-03 1.398678570985794067e-01 2.813197486102581024e-02 4.129207879304885864e-02 7.771763205528259277e-02 3.609396982938051224e-03 2.787497453391551971e-02 2.076342515647411346e-02 1.108071394264698029e-02 8.195500075817108154e-02 3.951258212327957153e-02 3.150639683008193970e-02 3.690968453884124756e-02 7.250395417213439941e-02 5.532620847225189209e-02 3.454599156975746155e-02 1.317864190787076950e-02 3.049096791073679924e-03 1.015873998403549194e-01 2.805587649345397949e-02 6.668209284543991089e-02 3.679251298308372498e-02 7.901824265718460083e-02 1.327039953321218491e-02 5.261573567986488342e-02 1.157275028526782990e-02 4.354532063007354736e-02 5.499754846096038818e-02 2.028412930667400360e-02 2.533312328159809113e-02 1.033539604395627975e-02 4.257781896740198135e-03 3.285598754882812500e-02 7.982412725687026978e-02 1.819954812526702881e-02 1.158668287098407745e-02 7.738146465271711349e-03 1.691492088139057159e-02 1.817290484905242920e-02 2.268032543361186981e-02 1.854842063039541245e-03 1.274639647454023361e-02 1.416628621518611908e-02
1.898984163999557495e-01 5.878793075680732727e-02 1.001957524567842484e-02 4.329212941229343414e-03 5.395388603210449219e-02 3.604309633374214172e-02 2.159411758184432983e-01 4.333057906478643417e-03 6.739354133605957031e-02 1.587584614753723145e-02 1.166557595133781433e-01 1.135984621942043304e-02 3.458809107542037964e-03 3.155419975519180298e-02 5.370504781603813171e-02 4.547822847962379456e-02 1.177485566586256027e-02 2.338605991099029779e-04 3.770931810140609741e-02 8.442109450697898865e-03 5.063243582844734192e-02 2.082449616864323616e-03 2.084505371749401093e-02 4.255843907594680786e-02 2.332315780222415924e-02 2.679410018026828766e-02 2.676027128472924232e-03 1.422777026891708374e-02 1.225349027663469315e-02 1.964480848982930183e-03 1.101959962397813797e-02 7.786245550960302353e-03 2.153360284864902496e-02 5.228381603956222534e-02 4.607242345809936523e-02 5.810691043734550476e-02 4.028122499585151672e-02 3.300493350252509117e-03 5.153292417526245117e-02 2.808330394327640533e-02 7.345055695623159409e-03 1.049107965081930161e-02 6.017873808741569519e-02 8.370240777730941772e-02 1.515729539096355438e-02 2.375486306846141815e-02 1.923522800207138062e-01 9.405269473791122437e-02 3.041910938918590546e-02 3.413292020559310913e-02 1.410688087344169617e-02 1.534246504306793213e-01 6.988077610731124878e-02 2.291067317128181458e-02 2.264707116410136223e-03 3.011601790785789490e-02 1.182110980153083801e-01 1.621281728148460388e-02 3.640917316079139709e-02 6.352911237627267838e-03 1.462102029472589493e-02 5.964002013206481934e-02 2.610100060701370239e-02 2.933439984917640686e-02 1.194968540221452713e-02 6.287944316864013672e-02 3.169711912050843239e-03 8.136450313031673431e-03 5.080181732773780823e-02 2.745063230395317078e-02 5.252242460846900940e-02 3.113648295402526855e-02 8.892726153135299683e-03 9.113028645515441895e-02 4.633121937513351440e-02 2.879112213850021362e-02 1.107849087566137314e-02 2.425187453627586365e-02 4.231867380440235138e-03 1.246768422424793243e-02 1.497449353337287903e-02 3.126648080069571733e-04 4.122356697916984558e-02 3.776446916162967682e-03 4.813991114497184753e-02 1.766557432711124420e-02 2.756792679429054260e-02 9.551071561872959137e-03 2.832283265888690948e-02 1.582611352205276489e-02 6.491383165121078491e-02 5.242030695080757141e-02 6.573802977800369263e-02 8.918266743421554565e-03 4.704666323959827423e-03 1.580696180462837219e-02 3.949733451008796692e-02 3.338755294680595398e-02 3.672788292169570923e-02 4.385596886277198792e-02 7.053320109844207764e-02 5.635869875550270081e-02 2.140087634325027466e-02 4.349599406123161316e-02 4.524963721632957458e-02 1.720550842583179474e-02 7.867758162319660187e-03 1.276785042136907578e-03 2.008629404008388519e-02 5.834599211812019348e-02 2.685383334755897522e-02 2.107972651720046997e-02 5.523280426859855652e-02 5.993271991610527039e-02 1.039760261774063110e-01 2.935518138110637665e-02
1.388916745781898499e-02 1.107992231845855713e-01 4.251730814576148987e-02 1.075619086623191833e-02 4.117058962583541870e-02 2.159411758184432983e-01 6.614875793457031250e-02 1.152004767209291458e-02 2.021478489041328430e-02 3.196584805846214294e-02 6.280656158924102783e-02 2.981962263584136963e-02 1.614328026771545410e-01 6.797382980585098267e-02 6.819922942668199539e-03 1.312529575079679489e-02 2.217005752027034760e-02 7.214041054248809814e-02 2.888452447950839996e-02 3.560252487659454346e-02 4.539484158158302307e-03 1.048116851598024368e-02 4.179271683096885681e-02 5.554110975936055183e-04 1.453016512095928192e-02 1.367934420704841614e-02 5.618761852383613586e-02 2.793063782155513763e-02 6.858013570308685303e-02 3.984308242797851562e-02 3.780568018555641174e-03 1.131154876202344894e-02 3.807189688086509705e-02 2.935191988945007324e-02 4.140876978635787964e-02 2.998736128211021423e-02 3.746294602751731873e-02 6.444325298070907593e-02 4.095123708248138428e-02 3.582704439759254456e-02 1.350477151572704315e-02 6.634236872196197510e-02 2.644196525216102600e-02 5.259643867611885071e-02 2.531194686889648438e-02 2.150318352505564690e-03 1.524928063154220581e-01 1.800349950790405273e-01 4.217661917209625244e-02 5.099865794181823730e-02 4.505183547735214233e-02 1.203061547130346298e-02 2.463051304221153259e-02 1.511897519230842590e-02 2.150425501167774200e-02 3.599951416254043579e-02 4.857858270406723022e-02 5.678027123212814331e-02 3.835928812623023987e-02 1.151425647549331188e-03 1.426664553582668304e-02 1.087154727429151535e-02 1.356448046863079071e-02 4.589884355664253235e-02 5.390301346778869629e-02 2.026266790926456451e-02 4.348235949873924255e-02 1.464309915900230408e-02 5.567702278494834900e-02 4.209617897868156433e-02 2.596702426671981812e-03 2.764284424483776093e-02 2.511206641793251038e-02 6.314745545387268066e-02 3.771046549081802368e-02 6.532545387744903564e-02 5.057667940855026245e-02 4.579208046197891235e-02 5.278708785772323608e-02 1.216087676584720612e-02 6.207666918635368347e-02 1.145628094673156738e-02 9.606145322322845459e-02 3.800420556217432022e-03 6.018933840095996857e-03 3.075164183974266052e-02 5.698380991816520691e-02 2.036232315003871918e-02 5.278993770480155945e-02 6.422033999115228653e-03 7.097667083144187927e-03 7.630250602960586548e-02 2.561599574983119965e-02 7.204395532608032227e-02 3.884969279170036316e-02 5.349842086434364319e-02 5.724389106035232544e-02 8.939334005117416382e-02 6.664506625384092331e-03 4.664384759962558746e-03 9.635102935135364532e-03 6.210745871067047119e-02 1.908231526613235474e-02 2.737847855314612389e-03 8.949157595634460449e-02 4.704457242041826248e-03 5.554260569624602795e-04 2.521595731377601624e-02 5.183047801256179810e-02 5.364531278610229492e-02 3.033157810568809509e-02 7.089371979236602783e-02 4.831938445568084717e-02 3.042723238468170166e-02 8.202347159385681152e-02 2.444700803607702255e-03
1.374679617583751678e-02 8.354370482265949249e-03 8.394578844308853149e-02 1.059835031628608704e-01 1.190421655774116516e-01 4.333057906478643417e-03 1.152004767209291458e-02 4.004023224115371704e-02 8.932862430810928345e-03 4.683303833007812500e-02 5.122509598731994629e-02 4.355310648679733276e-02 6.231243256479501724e-03 8.908139914274215698e-02 1.780169904232025146e-01 1.239940617233514786e-02 4.442444071173667908e-02 4.895318672060966492e-02 1.257761940360069275e-02 3.179349470883607864e-03 5.305363237857818604e-02 4.101990535855293274e-02 8.657798916101455688e-02 4.165865853428840637e-02 1.066581928171217442e-03 1.156418956816196442e-02 2.982421405613422394e-02 1.432185247540473938e-02 1.611967384815216064e-02 6.561799347400665283e-02 3.695868700742721558e-02 7.070996612310409546e-02 1.137600000947713852e-02 2.214028686285018921e-02 1.528046000748872757e-02 7.559749484062194824e-02 3.574019670486450195e-02 1.046232786029577255e-02 4.014743957668542862e-03 5.016436055302619934e-02 5.942992493510246277e-02 3.753890097141265869e-02 3.782279044389724731e-02 1.842389814555644989e-02 2.395982109010219574e-02 2.298048883676528931e-02 3.346215561032295227e-02 2.274774247780442238e-03 2.597264386713504791e-02 6.321459077298641205e-03 5.329819768667221069e-02 2.836986631155014038e-02 1.106427684426307678e-01 1.112106256186962128e-02 2.833765745162963867e-02 3.937351703643798828e-02 5.698711145669221878e-03 6.267319619655609131e-02 1.287423912435770035e-02 1.033955514430999756e-01 7.593909651041030884e-02 3.304214775562286377e-02 7.867368869483470917e-03 5.986613407731056213e-02 3.064338304102420807e-02 2.928682975471019745e-02 1.927427761256694794e-02 3.987914696335792542e-02 5.535064730793237686e-03 2.182194031774997711e-02 2.121884189546108246e-02 2.739934064447879791e-02 1.817026361823081970e-02 2.672116085886955261e-02 1.044117286801338196e-02 7.167223840951919556e-02 2.934921067208051682e-04 6.833752617239952087e-03 9.789261035621166229e-03 1.262545958161354065e-02 1.352319270372390747e-01 1.475761681795120239e-01 5.620636790990829468e-02 8.462031185626983643e-02 1.104244962334632874e-02 2.845825254917144775e-02 3.578743711113929749e-02 9.972135722637176514e-02 6.418452411890029907e-02 1.617711968719959259e-02 4.782551899552345276e-02 4.546745214611291885e-03 3.924857825040817261e-02 4.243921488523483276e-03 4.906465765088796616e-03 1.805490814149379730e-02 4.262475669384002686e-02 4.520200937986373901e-02 2.927461639046669006e-02 2.668853662908077240e-02 1.249180641025304794e-02 6.804262101650238037e-02 4.516964778304100037e-02 2.111638337373733521e-02 3.385381400585174561e-02 7.781610637903213501e-02 7.310355454683303833e-02 3.538446128368377686e-02 1.966322958469390869e-02 7.055024802684783936e-02 5.317291244864463806e-02 3.846108540892601013e-02 4.566462710499763489e-02 4.387988522648811340e-02 5.786860734224319458e-02 9.888778626918792725e-02
3.875946393236517906e-03 2.591318637132644653e-02 9.396279230713844299e-03 9.567900002002716064e-02 2.793580107390880585e-02 6.739354133605957031e-02 2.021478489041328430e-02 8.932862430810928345e-03 2.781757898628711700e-02 1.496044546365737915e-01 3.084468282759189606e-02 9.184061735868453979e-02 4.338804632425308228e-02 3.592056222259998322e-03 2.195486985146999359e-02 5.015256628394126892e-02 5.541029945015907288e-02 5.964464321732521057e-02 1.756302081048488617e-03 1.842048205435276031e-02 2.410171553492546082e-02 3.744869958609342575e-03 1.446918249130249023e-01 6.964974850416183472e-02 1.330455415882170200e-03 4.922960698604583740e-02 5.032510682940483093e-02 4.595346003770828247e-02 9.053042531013488770e-02 3.320501372218132019e-02 6.860777735710144043e-02 1.949133910238742828e-02 3.496103361248970032e-02 2.907201414927840233e-03 7.891576737165451050e-02 4.686691984534263611e-02 9.274465264752507210e-04 3.800446540117263794e-02 2.217857167124748230e-02 7.018042355775833130e-02 1.254106964915990829e-02 6.596770603209733963e-03 2.502294629812240601e-02 2.289854921400547028e-02 8.949749171733856201e-02 9.133690036833286285e-03 2.915414981544017792e-02 5.553260818123817444e-02 3.757685050368309021e-02 1.440599560737609863e-02 2.138850092887878418e-02 1.817972026765346527e-02 9.922228753566741943e-03 3.203262388706207275e-02 4.732370004057884216e-02 7.503686472773551941e-03 5.208339169621467590e-02 3.057540580630302429e-02 1.916548050940036774e-02 2.193174883723258972e-02 4.889486730098724365e-02 3.614912554621696472e-02 2.868771553039550781e-02 1.188083365559577942e-02 3.220835328102111816e-02 1.890570670366287231e-02 4.488045349717140198e-03 6.574489176273345947e-02 6.822197884321212769e-02 1.951077207922935486e-02 1.654421910643577576e-02 4.045673646032810211e-03 3.035214543342590332e-02 4.200945049524307251e-02 1.528435386717319489e-02 3.869602689519524574e-03 1.541212052106857300e-01 7.727833092212677002e-02 8.430970460176467896e-02 3.777537122368812561e-02 2.538992557674646378e-03 1.616699434816837311e-02 6.078511103987693787e-02 5.697655677795410156e-02 7.143818587064743042e-02 1.262256205081939697e-01 2.433703280985355377e-02 2.202502265572547913e-02 2.064580842852592468e-02 1.442964770831167698e-03 4.707533866167068481e-02 2.689078822731971741e-02 4.444484412670135498e-02 1.675618253648281097e-02 4.261188674718141556e-03 1.600405387580394745e-02 3.903825767338275909e-03 4.151719808578491211e-02 3.917228430509567261e-02 9.743458591401576996e-03 2.949858270585536957e-02 3.864120459184050560e-03 2.788856066763401031e-02 2.846875414252281189e-02 2.899749763309955597e-02 3.251747414469718933e-02 1.203631982207298279e-02 1.487201917916536331e-02 1.782658742740750313e-03 5.387899652123451233e-02 3.416429087519645691e-02 1.584273763000965118e-02 3.024307824671268463e-02 1.171304564923048019e-02 5.226544570177793503e-03 2.346194535493850708e-02
5.176359415054321289e-02 1.044164225459098816e-02 6.688042543828487396e-03 3.624764829874038696e-02 1.065823361277580261e-01 1.587584614753723145e-02 3.196584805846214294e-02 4.683303833007812500e-02 1.496044546365737915e-01 2.902657538652420044e-02 1.461987965740263462e-03 5.549085885286331177e-02 5.004958063364028931e-02 3.369646146893501282e-02 4.250803589820861816e-02 6.863946467638015747e-02 1.556723751127719879e-02 9.017690084874629974e-03 2.172540873289108276e-03 1.093738153576850891e-01 3.846974112093448639e-03 3.048980422317981720e-02 6.580805778503417969e-02 4.344896599650382996e-02 2.444389276206493378e-02 2.009198535233736038e-03 1.924447156488895416e-02 1.677599735558032990e-02 3.591030370444059372e-03 8.799305558204650879e-02 7.290790230035781860e-02 4.454105719923973083e-02 3.134511411190032959e-02 3.850683197379112244e-02 1.832221262156963348e-02 3.418503329157829285e-02 1.024656891822814941e-01 5.014051869511604309e-02 9.199657477438449860e-03 1.095393486320972443e-02 5.010361224412918091e-02 1.174157671630382538e-02 2.342069149017333984e-02 2.090870961546897888e-02 3.003545338287949562e-03 3.177690785378217697e-03 1.649202033877372742e-02 3.478851169347763062e-02 3.774994984269142151e-02 8.588469773530960083e-02 5.633757635951042175e-02 4.575476795434951782e-02 3.344450518488883972e-02 9.775374084711074829e-03 4.810546338558197021e-02 4.073091968894004822e-02 1.932295784354209900e-02 4.444058984518051147e-03 1.929040625691413879e-02 2.831697463989257812e-02 1.900188438594341278e-02 2.867708541452884674e-02 6.642306596040725708e-02 1.199451833963394165e-02 1.230479031801223755e-02 1.658246852457523346e-02 1.648808643221855164e-02 4.905493184924125671e-02 4.979019984602928162e-02 3.391179069876670837e-02 3.797160834074020386e-02 2.899232320487499237e-02 1.454196963459253311e-02 2.252906188368797302e-02 2.945245057344436646e-02 1.785778626799583435e-02 5.070735886693000793e-02 9.205165505409240723e-02 7.545969635248184204e-02 9.551910310983657837e-02 1.319916453212499619e-02 4.049270972609519958e-02 2.529896050691604614e-02 2.526556327939033508e-02 8.321050554513931274e-03 7.284782081842422485e-02 3.711349098011851311e-03 2.256682328879833221e-02 9.003441035747528076e-02 8.020176738500595093e-02 4.377122223377227783e-02 4.403378441929817200e-02 4.512859508395195007e-02 2.090960554778575897e-02 3.035414963960647583e-03 8.510748739354312420e-04 3.291350230574607849e-02 2.651647292077541351e-02 3.982343897223472595e-02 7.750975899398326874e-03 2.258452028036117554e-02 2.207823097705841064e-02 5.803570616990327835e-03 4.933198913931846619e-02 4.227488115429878235e-02 2.926106378436088562e-02 1.186547148972749710e-02 3.999749198555946350e-03 2.661348134279251099e-02 2.728646248579025269e-02 1.738790655508637428e-03 2.045494318008422852e-02 1.162897050380706787e-02 4.605965688824653625e-02 2.505517378449440002e-02 3.359361737966537476e-02
1.988694816827774048e-01 1.134860515594482422e-01 1.397667080163955688e-02 5.459169298410415649e-02 9.582099318504333496e-02 1.166557595133781433e-01 6.280656158924102783e-02 5.122509598731994629e-02 3.084468282759189606e-02 1.461987965740263462e-03 2.526397258043289185e-02 6.138408090919256210e-03 2.145508080720901489e-01 2.257114648818969727e-02 6.218142062425613403e-02 2.569532766938209534e-02 3.066453337669372559e-02 5.694405362010002136e-02 5.128540843725204468e-02 1.823094300925731659e-02 4.460272192955017090e-02 1.645728945732116699e-02 3.695673495531082153e-02 2.552130445837974548e-02 1.016101706773042679e-02 6.010301411151885986e-02 3.703900799155235291e-02 4.459574818611145020e-02 8.750182390213012695e-02 4.149476066231727600e-02 1.439983118325471878e-02 3.752419725060462952e-02 2.653168328106403351e-02 5.877015739679336548e-02 5.161285772919654846e-02 1.334839127957820892e-02 5.623614788055419922e-02 2.127972245216369629e-02 6.517637521028518677e-02 7.227163761854171753e-02 4.784121178090572357e-03 1.333566382527351379e-02 2.694281749427318573e-02 2.973782084882259369e-02 9.292919188737869263e-03 6.599348783493041992e-02 8.374249935150146484e-02 8.668749593198299408e-03 1.257227268069982529e-02 1.277355663478374481e-02 4.947197437286376953e-02 7.312949746847152710e-03 7.571411132812500000e-02 3.657129779458045959e-02 4.435018822550773621e-02 1.749480888247489929e-02 2.802308183163404465e-03 2.207339182496070862e-02 3.066956438124179840e-02 7.280822843313217163e-02 1.866173371672630310e-02 7.283829618245363235e-03 4.908144008368253708e-03 7.316773384809494019e-02 2.240292355418205261e-02 1.952569931745529175e-02 5.970051512122154236e-02 4.780183359980583191e-02 7.717717438936233521e-03 3.797611221671104431e-02 7.172607816755771637e-03 1.676737144589424133e-02 2.394603099673986435e-03 2.597990259528160095e-02 1.666435226798057556e-02 9.441808797419071198e-03 2.635414898395538330e-02 3.140917420387268066e-02 3.153207525610923767e-02 1.203057169914245605e-02 7.423979043960571289e-02 7.449908647686243057e-03 3.239493817090988159e-02 1.339961308985948563e-02 2.303121797740459442e-02 1.197723113000392914e-02 5.162336304783821106e-02 2.924445457756519318e-02 4.495121538639068604e-03 2.262747660279273987e-02 5.956919491291046143e-02 2.906728349626064301e-02 4.772695526480674744e-02 2.388859540224075317e-02 3.608420491218566895e-02 4.333384707570075989e-02 9.532336145639419556e-03 3.001710213720798492e-02 8.774517104029655457e-03 1.262223441153764725e-02 6.063996814191341400e-03 2.275063283741474152e-02 9.505401365458965302e-03 9.918019920587539673e-02 6.365959346294403076e-02 4.338200017809867859e-02 6.373727321624755859e-02 5.996219068765640259e-02 1.096383202821016312e-02 3.726584604009985924e-03 4.575902223587036133e-02 2.571163699030876160e-02 2.033811621367931366e-02 4.230216145515441895e-02 5.503669753670692444e-02 4.563997313380241394e-02
4.327019676566123962e-02 7.290175184607505798e-03 3.911928087472915649e-02 1.823478937149047852e-02 1.774647273123264313e-02 1.135984621942043304e-02 2.981962263584136963e-02 4.355310648679733276e-02 9.184061735868453979e-02 5.549085885286331177e-02 6.138408090919256210e-03 4.668592661619186401e-02 3.339404240250587463e-02 1.603078246116638184e-01 1.474003586918115616e-02 1.425780169665813446e-02 1.953927241265773773e-02 2.002198994159698486e-02 2.973661571741104126e-02 2.070458233356475830e-02 5.425552278757095337e-02 2.302411012351512909e-03 5.887170881032943726e-02 3.232901915907859802e-02 1.793224737048149109e-02 2.804420143365859985e-02 3.835530579090118408e-02 2.842929661273956299e-01 8.721944689750671387e-02 1.681146025657653809e-01 2.196457982063293457e-02 5.210664868354797363e-02 5.729653639718890190e-04 3.023824281990528107e-02 3.702662186697125435e-03 5.764989182353019714e-02 2.163443341851234436e-02 3.835483267903327942e-02 2.521356381475925446e-02 9.290887042880058289e-03 2.884105965495109558e-02 1.402931194752454758e-02 8.774355985224246979e-03 1.996359415352344513e-02 1.367053091526031494e-01 4.109138622879981995e-02 3.897688165307044983e-02 6.440792232751846313e-03 4.985454492270946503e-03 2.878371439874172211e-02 2.779408916831016541e-02 9.172672405838966370e-03 3.742946684360504150e-02 4.204653948545455933e-02 8.396358042955398560e-02 2.546290401369333267e-03 4.803520068526268005e-02 4.211449623107910156e-02 1.065503899008035660e-02 2.773187495768070221e-02 5.854858085513114929e-02 4.741590097546577454e-02 8.899426087737083435e-03 1.481135655194520950e-02 1.027696300297975540e-02 2.313400059938430786e-02 7.306226063519716263e-03 2.450160309672355652e-02 5.166414007544517517e-02 5.250705406069755554e-03 3.853827714920043945e-02 6.567726843059062958e-03 1.225257292389869690e-02 4.492721520364284515e-03 2.092558331787586212e-02 4.500877484679222107e-02 8.250763267278671265e-02 3.002453222870826721e-02 4.602589830756187439e-02 1.043175626546144485e-02 5.916359275579452515e-02 2.893136814236640930e-02 7.769161369651556015e-03 5.574798583984375000e-02 2.718481980264186859e-02 1.122463122010231018e-01 3.482902422547340393e-02 3.161991015076637268e-02 7.383284717798233032e-02 2.564774826169013977e-02 5.641379207372665405e-02 4.043842852115631104e-02 1.122151850722730160e-03 4.111522436141967773e-02 4.438616335391998291e-02 1.089958567172288895e-02 2.130272798240184784e-02 5.621903389692306519e-02 1.169478404335677624e-03 2.826367877423763275e-02 5.082348361611366272e-02 4.692104086279869080e-02 2.350311540067195892e-02 1.592673175036907196e-02 5.206539854407310486e-02 6.784372497349977493e-03 1.336935162544250488e-02 7.349794264882802963e-03 7.296898402273654938e-03 1.014757063239812851e-02 2.789938077330589294e-02 5.143210291862487793e-02 3.599406033754348755e-02 1.929161325097084045e-02 3.030858561396598816e-02 1.694860309362411499e-02
7.013233006000518799e-02 1.793861091136932373e-01 3.431754559278488159e-02 3.525283560156822205e-02 1.175410486757755280e-02 3.458809107542037964e-03 1.614328026771545410e-01 6.231243256479501724e-03 4.338804632425308228e-02 5.004958063364028931e-02 2.145508080720901489e-01 3.339404240250587463e-02 2.153430832549929619e-03 2.928254939615726471e-02 1.151151210069656372e-01 3.080048831179738045e-03 1.336902007460594177e-02 8.690558373928070068e-03 5.242618918418884277e-02 2.180812321603298187e-02 2.707220613956451416e-02 7.768339663743972778e-02 2.728073857724666595e-02 6.946408748626708984e-02 6.556875538080930710e-03 6.613946519792079926e-03 4.990174993872642517e-02 3.600350394845008850e-02 5.265778303146362305e-02 1.180928200483322144e-02 4.446681961417198181e-02 4.466544091701507568e-02 1.358936820179224014e-02 1.997925154864788055e-02 2.022129483520984650e-02 3.812027862295508385e-03 2.894695475697517395e-02 3.700999915599822998e-02 3.581343218684196472e-02 1.578719168901443481e-02 5.307573452591896057e-02 1.237529795616865158e-02 2.306273579597473145e-02 3.653952479362487793e-02 3.994896542280912399e-03 5.935452505946159363e-02 6.090689450502395630e-02 7.575572282075881958e-02 4.703602567315101624e-02 1.815311610698699951e-02 1.123368218541145325e-01 1.428528036922216415e-02 4.049953073263168335e-02 3.765704482793807983e-02 2.111159637570381165e-02 4.043028876185417175e-02 4.515174403786659241e-02 2.696370705962181091e-03 4.432638362050056458e-02 5.281213298439979553e-02 3.731370717287063599e-02 1.253663375973701477e-02 3.252555429935455322e-02 3.145566210150718689e-03 4.988019540905952454e-02 2.755368873476982117e-02 8.207133971154689789e-03 1.911442354321479797e-02 8.833973109722137451e-02 1.121786683797836304e-01 6.488309055566787720e-02 5.048745870590209961e-02 1.396772637963294983e-02 1.983514986932277679e-02 6.976235192269086838e-03 5.686885863542556763e-02 3.071771003305912018e-02 3.658412769436836243e-02 1.782347634434700012e-02 8.856991305947303772e-03 7.923885434865951538e-02 8.626846596598625183e-03 4.307063296437263489e-02 3.149170801043510437e-02 2.917204424738883972e-02 1.352877914905548096e-02 7.107662409543991089e-02 6.007478106766939163e-03 3.474747762084007263e-02 4.838040564209222794e-03 7.784527540206909180e-02 4.062669724225997925e-02 5.924516916275024414e-02 5.342919006943702698e-02 2.863153629004955292e-02 1.644891873002052307e-02 8.356948383152484894e-03 2.689136564731597900e-02 3.775846213102340698e-02 7.552237063646316528e-02 9.044642560184001923e-03 4.885002505034208298e-03 3.016022220253944397e-02 5.654867365956306458e-02 2.003700844943523407e-02 3.340272977948188782e-02 2.574965171515941620e-02 5.468092486262321472e-02 4.793162271380424500e-02 4.297477006912231445e-02 3.516580536961555481e-02 1.875721663236618042e-02 4.630217328667640686e-02 3.317496925592422485e-02 3.450659289956092834e-02 3.843933343887329102e-03
