7.103896141052246094e-02 2.050211578607559204e-01 3.983462974429130554e-02 2.446906082332134247e-02 3.220238909125328064e-02 1.532738655805587769e-01 1.195602044463157654e-01 2.429397311061620712e-03 4.723897576332092285e-02 3.782201558351516724e-02 2.409548610448837280e-01 4.280400276184082031e-02 4.211319610476493835e-02 4.255647212266921997e-02 3.389380499720573425e-02 3.231741115450859070e-02 2.160589583218097687e-02 3.620439767837524414e-02 1.326079480350017548e-03 2.963079325854778290e-02 3.939754888415336609e-02 3.672719746828079224e-02 1.731110177934169769e-02 2.077364176511764526e-02 3.747354447841644287e-02 1.010411605238914490e-02 6.217569857835769653e-02 2.757881022989749908e-02 6.544934958219528198e-02 6.645365059375762939e-02 6.908152252435684204e-02 2.236701693618670106e-04 8.141198195517063141e-03 2.333405241370201111e-02 2.210574224591255188e-02 2.078537456691265106e-02 3.222238272428512573e-03 2.938959002494812012e-02 3.085990808904170990e-02 3.528256341814994812e-02 8.003598451614379883e-02 4.134019091725349426e-02 6.167835090309381485e-04 2.945425547659397125e-02 4.696089029312133789e-02 5.208009853959083557e-02 1.474949717521667480e-01 9.958559274673461914e-02 4.926696047186851501e-02 4.018913954496383667e-02 3.479840978980064392e-02 2.288714237511157990e-02 2.672352269291877747e-02 1.660453528165817261e-02 1.147621683776378632e-02 3.153410553932189941e-02 4.837201908230781555e-02 4.426773637533187866e-02 1.206069439649581909e-01 1.563062518835067749e-02 1.479646656662225723e-02 4.738323390483856201e-02 7.349520456045866013e-03 2.470582723617553711e-02 7.309886068105697632e-02 8.415617048740386963e-03 1.395607180893421173e-02 2.243989706039428711e-02 8.672880008816719055e-03 9.758184850215911865e-02 1.636906154453754425e-02 5.137127824127674103e-03 4.233730584383010864e-02 1.182484924793243408e-01 3.791114315390586853e-02 1.623578555881977081e-02 3.015060536563396454e-02 4.040684923529624939e-02 1.112828613258898258e-03 6.432353705167770386e-02 3.587688505649566650e-02 3.050437942147254944e-02 2.461945824325084686e-02 9.568315930664539337e-03 1.649196073412895203e-02 2.179780509322881699e-03 9.743739850819110870e-03 3.509312868118286133e-02 1.655116118490695953e-02 2.524272724986076355e-02 2.653483487665653229e-02 7.449271157383918762e-03 1.967740245163440704e-03 4.566911607980728149e-03 9.186869114637374878e-02 4.602923244237899780e-02 6.026434898376464844e-02 5.934394523501396179e-02 4.594438523054122925e-02 2.132219495251774788e-03 2.923519164323806763e-02 4.330945760011672974e-02 9.848208166658878326e-03 1.094188657589256763e-03 2.425800263881683350e-02 3.251825273036956787e-02 2.213454619050025940e-02 1.726402714848518372e-02 7.089891284704208374e-02 6.191016361117362976e-02 5.891044158488512039e-03 6.623980589210987091e-03 2.814565040171146393e-02 3.031244128942489624e-02 1.716976426541805267e-02 3.851901739835739136e-02
2.050211578607559204e-01 5.054905265569686890e-02 2.766744047403335571e-02 3.478379175066947937e-02 5.938234925270080566e-02 1.035074219107627869e-01 2.113501429557800293e-01 2.951206639409065247e-02 1.961997523903846741e-02 4.108903929591178894e-02 1.463807076215744019e-01 2.170520834624767303e-02 1.590004712343215942e-01 2.855513431131839752e-02 1.171840168535709381e-02 8.694648859091103077e-04 8.136202581226825714e-03 7.228834088891744614e-03 4.837543517351150513e-02 5.412937141954898834e-03 2.101394347846508026e-02 7.250362541526556015e-03 7.239719387143850327e-03 3.955267835408449173e-03 2.242532745003700256e-02 6.158792972564697266e-02 2.393824793398380280e-02 4.630021005868911743e-02 8.441391587257385254e-02 2.180252037942409515e-02 2.872201846912503242e-03 1.419851090759038925e-02 2.812084928154945374e-02 2.567620389163494110e-02 2.385732904076576233e-02 5.380395054817199707e-02 5.395917594432830811e-02 2.797491662204265594e-02 1.068354002200067043e-03 2.661204338073730469e-02 2.120533958077430725e-03 7.178117521107196808e-03 6.552720908075571060e-03 3.300207899883389473e-03 2.063799276947975159e-02 6.277242302894592285e-02 4.267213121056556702e-02 1.358326375484466553e-01 2.679716795682907104e-02 8.881743066012859344e-03 5.194998160004615784e-02 6.521169841289520264e-02 6.115044653415679932e-02 7.063853554427623749e-03 1.713376492261886597e-02 6.949290167540311813e-03 5.909078568220138550e-02 6.347144395112991333e-02 3.549904376268386841e-02 4.668476805090904236e-02 2.270708233118057251e-02 1.176714431494474411e-02 1.551143079996109009e-02 2.265143208205699921e-02 5.556579679250717163e-02 3.922211751341819763e-02 3.995325788855552673e-02 9.290724061429500580e-03 1.996081881225109100e-02 2.971540763974189758e-02 3.577131778001785278e-02 2.090055681765079498e-02 3.144806995987892151e-02 6.330047547817230225e-02 9.043817408382892609e-03 1.661913236603140831e-03 6.849979516118764877e-03 4.258962720632553101e-02 5.994746927171945572e-03 3.388585522770881653e-03 3.450383374001830816e-04 6.705661769956350327e-03 2.055898681282997131e-02 7.976402528584003448e-03 6.306951399892568588e-03 1.400475949048995972e-02 8.025889284908771515e-03 7.669601589441299438e-02 3.732974082231521606e-02 1.196042262017726898e-02 4.367468878626823425e-02 1.925890333950519562e-02 4.216645658016204834e-02 1.681246235966682434e-02 4.027649387717247009e-02 5.994103848934173584e-02 3.900091350078582764e-02 5.453129298985004425e-03 7.543316576629877090e-03 3.260034695267677307e-02 1.469868887215852737e-02 2.678364701569080353e-02 1.119160093367099762e-02 9.551021270453929901e-03 4.793136566877365112e-02 4.246737807989120483e-02 4.865479469299316406e-02 3.721204400062561035e-02 1.181632373481988907e-02 5.991977453231811523e-02 1.725465059280395508e-02 4.122702230233699083e-04 4.618988372385501862e-03 7.788321468979120255e-03 6.033832579851150513e-02 1.478915382176637650e-02
3.983462974429130554e-02 2.766744047403335571e-02 2.081477269530296326e-02 2.943539060652256012e-02 4.075608775019645691e-02 2.459215745329856873e-02 5.801739171147346497e-02 1.764525920152664185e-01 2.762224525213241577e-02 2.677188441157341003e-02 3.001415356993675232e-02 1.649571955204010010e-02 2.920155227184295654e-02 5.505267530679702759e-02 5.792472511529922485e-03 3.449418768286705017e-02 7.459438056685030460e-04 2.303863316774368286e-02 1.063848193734884262e-02 2.538565546274185181e-02 5.214153323322534561e-03 3.936776425689458847e-03 3.436313569545745850e-02 3.296164050698280334e-02 3.726790100336074829e-02 3.654453903436660767e-02 2.197470515966415405e-01 1.960211992263793945e-02 2.193733491003513336e-02 2.966622076928615570e-02 2.205694280564785004e-02 6.568129360675811768e-02 5.637599527835845947e-02 4.756102710962295532e-02 3.731003776192665100e-02 3.461913764476776123e-02 5.859019234776496887e-02 1.029264833778142929e-02 8.175671100616455078e-02 7.872231304645538330e-02 1.759063899517059326e-01 3.299935022369027138e-03 3.750330768525600433e-03 1.236397475004196167e-01 1.556414790684357285e-04 1.311953365802764893e-01 3.297305852174758911e-02 4.811293259263038635e-02 1.016393397003412247e-02 4.798461869359016418e-02 2.685432881116867065e-02 3.858930245041847229e-02 3.420855104923248291e-02 1.545691583305597305e-02 6.600849330425262451e-02 2.946563996374607086e-02 1.642380841076374054e-02 2.397594787180423737e-02 6.511463969945907593e-02 2.580935694277286530e-02 4.594131931662559509e-02 8.371458947658538818e-02 4.819989576935768127e-02 2.623431617394089699e-03 3.973840549588203430e-02 4.624557867646217346e-02 3.412380814552307129e-03 9.812013246119022369e-03 4.416164383292198181e-02 1.280123647302389145e-02 3.942476958036422729e-02 7.071869075298309326e-02 3.181388229131698608e-02 3.008331917226314545e-02 2.713903971016407013e-02 3.559311851859092712e-02 2.951926365494728088e-02 2.513864310458302498e-03 2.770951762795448303e-02 3.491732850670814514e-02 2.086827903985977173e-01 7.550781965255737305e-02 6.538798101246356964e-03 3.407265990972518921e-02 3.865680843591690063e-02 6.131364963948726654e-03 2.992447465658187866e-02 2.661462500691413879e-02 1.212446586578153074e-04 3.043184429407119751e-02 2.923519723117351532e-02 2.383548580110073090e-02 4.527029395103454590e-02 1.971005648374557495e-02 3.930915892124176025e-02 3.710267692804336548e-02 3.665143623948097229e-02 9.606355428695678711e-02 2.911188639700412750e-02 2.193602500483393669e-03 6.115609314292669296e-03 3.026655688881874084e-02 4.706262424588203430e-02 3.598383441567420959e-02 6.365979462862014771e-02 7.395594567060470581e-02 4.594187438488006592e-02 3.298484161496162415e-02 3.285276703536510468e-03 1.767032593488693237e-02 2.452625334262847900e-02 4.001460224390029907e-02 1.322053559124469757e-02 1.092164660803973675e-03 6.204972788691520691e-02 2.453683502972126007e-02
2.446906082332134247e-02 3.478379175066947937e-02 2.943539060652256012e-02 3.092793747782707214e-02 2.211640924215316772e-01 6.654455792158842087e-03 4.655948281288146973e-02 5.809535458683967590e-02 3.829002380371093750e-04 5.005740094929933548e-03 5.093563348054885864e-02 3.950801491737365723e-02 3.977104276418685913e-02 9.075389243662357330e-03 2.976445481181144714e-02 2.539154700934886932e-02 3.927100822329521179e-02 9.031469933688640594e-03 8.054140210151672363e-02 4.375353828072547913e-02 9.960603900253772736e-03 3.349794447422027588e-02 3.331553936004638672e-02 4.781957343220710754e-02 3.830905258655548096e-02 2.589711733162403107e-02 3.133953362703323364e-02 4.165513440966606140e-02 1.617828942835330963e-02 6.011432036757469177e-02 9.578009485267102718e-04 8.310540020465850830e-02 7.215808727778494358e-04 3.129057958722114563e-02 6.528685241937637329e-02 1.071505248546600342e-02 1.018884964287281036e-02 4.877257719635963440e-02 9.238026104867458344e-03 1.968378946185112000e-02 5.594860762357711792e-02 3.826981410384178162e-02 4.344902187585830688e-02 4.490668699145317078e-02 3.114605508744716644e-02 3.607893735170364380e-02 4.547724872827529907e-02 3.169715404510498047e-02 1.124403998255729675e-02 3.535365685820579529e-02 7.531335111707448959e-03 4.681220278143882751e-02 1.540815830230712891e-02 3.023219667375087738e-02 4.956310614943504333e-03 4.653934761881828308e-02 1.581023931503295898e-01 5.393861979246139526e-02 1.556711550801992416e-02 4.134887456893920898e-02 1.226704102009534836e-02 6.378693878650665283e-02 7.156292349100112915e-02 2.627076581120491028e-02 1.419989764690399170e-02 3.845925675705075264e-03 2.541937306523323059e-02 3.626139834523200989e-02 3.740211948752403259e-02 2.716982364654541016e-02 5.608318001031875610e-02 2.922630123794078827e-02 1.590709090232849121e-01 4.905634373426437378e-02 7.375118136405944824e-02 1.068286877125501633e-02 1.223018206655979156e-02 1.060826610773801804e-02 1.927191950380802155e-02 4.379463195800781250e-02 9.607935696840286255e-02 5.278313532471656799e-02 8.493930101394653320e-03 4.196686297655105591e-02 4.592888429760932922e-02 3.014563210308551788e-02 4.106583446264266968e-02 1.924718171358108521e-02 6.156909093260765076e-02 4.976731166243553162e-02 1.947672665119171143e-02 4.799858480691909790e-02 3.616693243384361267e-02 7.937499135732650757e-02 1.166121568530797958e-02 1.120613049715757370e-02 7.780788093805313110e-02 2.961518801748752594e-02 1.590415835380554199e-02 1.772437681211158633e-04 2.218382665887475014e-03 9.724639356136322021e-03 7.073387969285249710e-03 5.081322044134140015e-02 4.027363657951354980e-02 3.091099858283996582e-02 4.377415031194686890e-02 4.808186367154121399e-02 1.944339089095592499e-02 7.418019324541091919e-02 7.132139801979064941e-02 2.272737026214599609e-02 7.263027876615524292e-02 5.191066116094589233e-02 2.282088436186313629e-02 5.490274354815483093e-02
3.220238909125328064e-02 5.938234925270080566e-02 4.075608775019645691e-02 2.211640924215316772e-01 1.136020570993423462e-02 2.908391505479812622e-02 1.799815683625638485e-03 2.263342030346393585e-02 4.524466115981340408e-03 8.146133273839950562e-02 5.557461455464363098e-02 4.498017660807818174e-04 1.087902300059795380e-02 2.752333180978894234e-03 9.750277735292911530e-03 1.787672750651836395e-02 2.668872766662389040e-04 6.673992425203323364e-02 6.254530698060989380e-02 1.675595901906490326e-02 1.097865495830774307e-02 3.068570047616958618e-03 2.197808027267456055e-02 1.391567289829254150e-03 1.461919676512479782e-02 1.776763051748275757e-02 3.107142634689807892e-02 1.409142836928367615e-02 4.622879624366760254e-02 5.663254112005233765e-02 4.560590162873268127e-02 7.743716239929199219e-02 6.786973029375076294e-02 5.029220134019851685e-02 1.372630707919597626e-02 1.964151859283447266e-02 3.549871966242790222e-03 3.894812986254692078e-02 4.856552183628082275e-02 1.590102314949035645e-01 4.774149972945451736e-03 7.962175644934177399e-03 3.489339724183082581e-02 9.224718436598777771e-03 3.145381808280944824e-02 2.493996731936931610e-02 2.449566125869750977e-02 5.217199400067329407e-02 7.109608966857194901e-03 3.665125370025634766e-02 2.479154802858829498e-02 2.171980775892734528e-02 6.337861996144056320e-03 6.365295499563217163e-02 1.493432372808456421e-02 1.379208918660879135e-02 6.675901357084512711e-03 5.320271477103233337e-02 3.349068760871887207e-02 8.699071593582630157e-03 4.306808579713106155e-03 2.547055482864379883e-04 1.270842924714088440e-02 1.555368676781654358e-02 5.919720605015754700e-02 5.020594689995050430e-03 1.723703928291797638e-02 2.160231024026870728e-02 3.930816426873207092e-02 2.971749985590577126e-03 7.378154247999191284e-02 2.981217578053474426e-02 1.066904738545417786e-01 1.885165460407733917e-02 1.497158259153366089e-01 4.311903193593025208e-02 4.938676953315734863e-03 9.166892617940902710e-03 1.456522382795810699e-02 4.136915504932403564e-02 4.451423138380050659e-02 2.752279303967952728e-02 1.680461131036281586e-02 3.074783459305763245e-02 3.317549824714660645e-02 4.836149979382753372e-03 1.350780948996543884e-02 4.127796366810798645e-02 1.910223811864852905e-02 3.221477195620536804e-02 2.169618569314479828e-02 2.668708749115467072e-02 6.012635678052902222e-02 4.748184699565172195e-03 9.971966966986656189e-03 1.702205860055983067e-03 6.061230599880218506e-02 3.945981338620185852e-02 3.926044330000877380e-02 1.804316416382789612e-02 1.173435244709253311e-02 1.880615763366222382e-02 1.163618639111518860e-02 8.382426458410918713e-04 1.460277847945690155e-02 3.881723061203956604e-02 3.169101104140281677e-02 1.411684136837720871e-02 5.692502483725547791e-03 4.139552637934684753e-02 5.052239168435335159e-03 3.882782161235809326e-02 2.963776141405105591e-02 2.639014460146427155e-02 5.629447102546691895e-02 6.011693552136421204e-02
1.532738655805587769e-01 1.035074219107627869e-01 2.459215745329856873e-02 6.654455792158842087e-03 2.908391505479812622e-02 7.591290026903152466e-02 1.970670372247695923e-01 3.736734855920076370e-03 6.298083066940307617e-02 2.846800198312848806e-04 1.809578388929367065e-02 9.138541668653488159e-02 3.527648001909255981e-02 2.308589778840541840e-02 4.859399516135454178e-03 2.292140200734138489e-02 2.537668915465474129e-03 1.169981956481933594e-01 7.012271881103515625e-02 1.764260418713092804e-02 6.087169423699378967e-02 1.525713875889778137e-02 1.209184434264898300e-02 3.648528456687927246e-02 9.308727458119392395e-04 3.059159219264984131e-02 1.874193176627159119e-02 1.304632574319839478e-01 5.383201688528060913e-02 3.492745757102966309e-02 2.562470501288771629e-03 2.147633954882621765e-02 3.854984045028686523e-02 1.658055372536182404e-02 4.002939164638519287e-02 6.000946834683418274e-02 3.531533107161521912e-02 3.216911107301712036e-02 4.884870350360870361e-02 1.870791800320148468e-02 8.051253971643745899e-04 6.283582746982574463e-02 2.915043570101261139e-02 1.054023578763008118e-02 2.583874575793743134e-02 3.382222354412078857e-02 2.430968731641769409e-01 5.493040010333061218e-02 1.229578536003828049e-02 3.746202960610389709e-02 7.752868533134460449e-02 1.190318465232849121e-01 2.282415144145488739e-02 7.726718485355377197e-02 4.792097210884094238e-02 3.299157321453094482e-02 2.386959269642829895e-02 6.706064939498901367e-02 5.898386240005493164e-02 6.669985502958297729e-02 3.828091174364089966e-02 1.821084320545196533e-02 2.333293482661247253e-02 2.980598807334899902e-02 2.987250685691833496e-02 3.847713768482208252e-02 1.533895265311002731e-02 5.486535280942916870e-02 2.615813352167606354e-02 1.104253977537155151e-01 5.614312738180160522e-02 7.551141828298568726e-02 3.680230304598808289e-02 5.963085591793060303e-02 3.051688522100448608e-02 5.772968288511037827e-03 6.544800847768783569e-02 3.063448518514633179e-02 4.443915188312530518e-02 2.319024689495563507e-02 8.576179854571819305e-03 1.450860220938920975e-02 3.189533250406384468e-03 9.548413567245006561e-03 1.761515438556671143e-02 1.689999131485819817e-03 1.682488992810249329e-02 3.289843350648880005e-02 1.798744127154350281e-02 5.483119934797286987e-02 6.114542484283447266e-02 3.103878162801265717e-02 3.578475862741470337e-02 1.169880852103233337e-03 1.466170232743024826e-02 3.918474074453115463e-03 1.371251977980136871e-02 5.440191924571990967e-02 2.750489488244056702e-02 2.718228101730346680e-02 3.609633073210716248e-02 5.401660129427909851e-02 7.475506048649549484e-03 3.235300257802009583e-02 1.798965781927108765e-02 6.083737686276435852e-02 2.122705243527889252e-02 2.845367230474948883e-02 6.481310352683067322e-03 2.139366604387760162e-02 2.083791233599185944e-02 1.587546244263648987e-02 6.320453714579343796e-03 2.345459535717964172e-02 1.622865535318851471e-02 3.668982163071632385e-02
1.195602044463157654e-01 2.113501429557800293e-01 5.801739171147346497e-02 4.655948281288146973e-02 1.799815683625638485e-03 1.970670372247695923e-01 1.106727942824363708e-01 3.403462469577789307e-03 3.610010072588920593e-02 5.604397505521774292e-02 6.383473426103591919e-02 6.297346949577331543e-02 1.557767391204833984e-01 3.572859242558479309e-02 3.311533480882644653e-02 2.624272555112838745e-02 5.620354041457176208e-02 4.909596219658851624e-02 1.531175430864095688e-02 4.113681614398956299e-02 1.586292125284671783e-02 4.933068156242370605e-02 5.104215070605278015e-02 3.454180900007486343e-03 1.866138540208339691e-02 4.177644103765487671e-02 2.045947313308715820e-02 2.626369521021842957e-02 2.944508939981460571e-02 1.216336265206336975e-01 5.503280460834503174e-02 1.270924136042594910e-02 2.540007233619689941e-02 5.166260525584220886e-04 1.742021925747394562e-02 1.572252251207828522e-02 1.639358513057231903e-02 8.088178932666778564e-03 6.132203713059425354e-02 2.335282973945140839e-02 4.386994242668151855e-02 4.303786531090736389e-02 4.456599056720733643e-02 2.699368074536323547e-02 2.649039030075073242e-02 8.441696316003799438e-02 1.487350612878799438e-01 2.113286405801773071e-01 2.608556672930717468e-02 4.343971610069274902e-03 1.203501373529434204e-01 1.176811456680297852e-01 2.584861405193805695e-02 9.613305330276489258e-03 8.350831270217895508e-02 2.308193780481815338e-02 3.313874825835227966e-02 4.500739276409149170e-02 3.259434178471565247e-02 4.043190926313400269e-02 3.865965455770492554e-02 2.278880774974822998e-02 1.447445061057806015e-02 2.516855113208293915e-02 4.130338504910469055e-02 4.811388999223709106e-02 1.445563975721597672e-02 3.040537703782320023e-03 2.581836096942424774e-02 6.513975560665130615e-02 2.441141568124294281e-02 1.026966515928506851e-02 5.072738230228424072e-02 3.938792645931243896e-02 2.639586664736270905e-02 8.040486834943294525e-03 6.711636669933795929e-03 9.811754338443279266e-03 7.340987771749496460e-02 1.293891854584217072e-02 3.007486462593078613e-02 1.210474967956542969e-02 3.057221695780754089e-02 7.484234869480133057e-03 1.835861941799521446e-03 4.246681556105613708e-02 3.943635895848274231e-02 1.318892650306224823e-02 2.235774137079715729e-02 2.497925050556659698e-02 9.761437773704528809e-02 3.415981074795126915e-03 2.417334588244557381e-03 2.397280745208263397e-02 4.654713347554206848e-02 3.037301823496818542e-02 3.371790982782840729e-03 4.725649952888488770e-02 2.782479487359523773e-02 5.031852424144744873e-02 6.278751417994499207e-03 3.102383052464574575e-04 6.286446587182581425e-04 2.351492270827293396e-02 4.705664888024330139e-02 1.986494660377502441e-02 3.806019574403762817e-02 1.341799944639205933e-01 5.899802315980195999e-03 8.105894923210144043e-02 2.215506136417388916e-02 1.775008067488670349e-02 4.298761859536170959e-02 2.536937966942787170e-02 2.247731387615203857e-02 2.918725274503231049e-02
2.429397311061620712e-03 2.951206639409065247e-02 1.764525920152664185e-01 5.809535458683967590e-02 2.263342030346393585e-02 3.736734855920076370e-03 3.403462469577789307e-03 3.412117809057235718e-02 8.307424373924732208e-03 1.404878124594688416e-02 5.807751789689064026e-03 1.602637767791748047e-02 5.495750159025192261e-02 2.723684906959533691e-02 1.174529939889907837e-01 2.348567172884941101e-02 2.353746071457862854e-02 2.572161331772804260e-02 4.683564230799674988e-02 3.095103055238723755e-02 9.772642515599727631e-03 1.515663787722587585e-02 3.121943026781082153e-02 3.804160282015800476e-02 1.184320170432329178e-02 1.126167271286249161e-02 7.980020716786384583e-03 2.495364658534526825e-02 1.073091290891170502e-02 4.353576805442571640e-03 8.490094332955777645e-04 4.573429934680461884e-03 2.456963621079921722e-02 2.742230333387851715e-02 1.857397519052028656e-02 2.019305340945720673e-02 1.133919041603803635e-02 4.786373302340507507e-02 5.190962180495262146e-02 2.002279274165630341e-03 1.935609430074691772e-02 2.945643477141857147e-02 1.454814150929450989e-02 1.123104542493820190e-01 2.571075747255235910e-04 2.877939725294709206e-03 7.330395746976137161e-03 3.416727110743522644e-02 3.242560103535652161e-02 9.213716723024845123e-03 2.508755959570407867e-02 7.228290662169456482e-03 2.304923720657825470e-02 5.882881581783294678e-03 9.463137015700340271e-03 1.255706418305635452e-02 4.753243178129196167e-03 2.346992678940296173e-02 3.349020332098007202e-02 2.034002449363470078e-03 1.971147768199443817e-02 5.168817937374114990e-03 8.799354545772075653e-03 2.159459516406059265e-03 6.756943650543689728e-03 3.371617058292031288e-03 2.224470302462577820e-02 8.202169090509414673e-03 2.144454419612884521e-02 5.179621651768684387e-02 1.351073384284973145e-02 1.195624377578496933e-02 3.369605983607470989e-04 4.403894022107124329e-02 2.565718023106455803e-03 5.492314696311950684e-02 1.517423428595066071e-02 3.021229617297649384e-02 7.154447492212057114e-03 7.105189841240644455e-03 1.879096180200576782e-01 1.674892753362655640e-01 2.379846200346946716e-02 3.668766096234321594e-02 6.916396319866180420e-03 1.607676409184932709e-02 1.409457623958587646e-01 1.251897960901260376e-01 2.889375388622283936e-02 3.602343425154685974e-02 2.638424187898635864e-02 3.037083335220813751e-02 4.841535910964012146e-02 3.116051852703094482e-02 4.331583529710769653e-02 3.020051494240760803e-02 2.893505617976188660e-02 9.426221251487731934e-02 7.598496042191982269e-03 1.421852316707372665e-02 2.381529100239276886e-02 2.409834787249565125e-02 3.754060715436935425e-03 2.963681891560554504e-02 1.399863883852958679e-02 4.434751346707344055e-02 8.317327499389648438e-02 1.982134580612182617e-02 9.136757813394069672e-03 1.913443207740783691e-02 8.275810629129409790e-03 3.217599540948867798e-02 3.748815134167671204e-02 3.960493206977844238e-02 6.519288569688796997e-02 6.534669548273086548e-02
4.723897576332092285e-02 1.961997523903846741e-02 2.762224525213241577e-02 3.829002380371093750e-04 4.524466115981340408e-03 6.298083066940307617e-02 3.610010072588920593e-02 8.307424373924732208e-03 3.531096503138542175e-03 1.076314672827720642e-01 1.823673211038112640e-02 4.625837877392768860e-02 3.730091825127601624e-02 4.781725816428661346e-03 4.501675814390182495e-02 4.329475015401840210e-02 5.892081186175346375e-03 9.851265698671340942e-02 3.273219987750053406e-02 1.460475940257310867e-02 8.992374874651432037e-03 2.061372622847557068e-02 2.142742834985256195e-02 8.074178546667098999e-02 4.168356582522392273e-02 1.063843164592981339e-02 2.862534113228321075e-02 2.163554355502128601e-02 2.009981870651245117e-02 6.137198582291603088e-02 2.052909508347511292e-02 1.881093718111515045e-02 1.774072460830211639e-02 2.455674111843109131e-03 4.163727909326553345e-02 6.929253786802291870e-02 6.583664566278457642e-02 1.643799617886543274e-02 1.116065587848424911e-02 5.646782740950584412e-02 3.355321660637855530e-02 5.235018953680992126e-02 8.322148770093917847e-02 1.652310974895954132e-02 1.117774005979299545e-02 6.371352076530456543e-02 2.634342387318611145e-02 9.717263281345367432e-02 2.675141207873821259e-02 5.258892662823200226e-03 3.297570720314979553e-02 8.265688084065914154e-03 3.400941938161849976e-02 5.273506790399551392e-02 8.949961513280868530e-03 1.424099877476692200e-02 2.726350165903568268e-02 3.367106243968009949e-02 7.023018598556518555e-02 3.484265180304646492e-03 6.110960617661476135e-02 1.504974812269210815e-02 9.092234075069427490e-02 5.395191535353660583e-02 1.516407541930675507e-02 1.425116322934627533e-02 3.192735463380813599e-02 4.792319238185882568e-02 1.008117347955703735e-01 6.066796556115150452e-02 1.757462881505489349e-02 2.339992672204971313e-02 1.330422610044479370e-02 1.094262930564582348e-03 1.487244386225938797e-02 8.329050615429878235e-03 1.487100720405578613e-01 2.844617515802383423e-02 3.412352129817008972e-02 2.384270355105400085e-02 1.629402115941047668e-02 5.112724378705024719e-02 1.280184090137481689e-01 2.012320421636104584e-02 4.269326105713844299e-02 6.850189715623855591e-02 3.843726217746734619e-02 3.051840700209140778e-02 1.248249635100364685e-01 8.266337215900421143e-02 2.080736914649605751e-03 5.787092074751853943e-02 4.902243614196777344e-02 2.122883684933185577e-02 2.903399989008903503e-02 2.895758673548698425e-02 4.967852309346199036e-02 6.125636771321296692e-02 8.492258936166763306e-02 6.758368760347366333e-02 1.084120944142341614e-02 2.817828953266143799e-02 2.402064763009548187e-02 6.349088996648788452e-02 3.959241509437561035e-02 3.137338161468505859e-02 4.396652057766914368e-02 1.842707023024559021e-02 2.407651208341121674e-02 7.973339408636093140e-03 1.405238360166549683e-02 2.139574661850929260e-02 3.650521859526634216e-02 2.321153692901134491e-02 1.934101805090904236e-02 5.152651108801364899e-03
3.782201558351516724e-02 4.108903929591178894e-02 2.677188441157341003e-02 5.005740094929933548e-03 8.146133273839950562e-02 2.846800198312848806e-04 5.604397505521774292e-02 1.404878124594688416e-02 1.076314672827720642e-01 4.628119245171546936e-02 6.920346617698669434e-02 8.831794373691082001e-03 8.258090238086879253e-04 5.081747099757194519e-02 5.680282041430473328e-02 8.246917277574539185e-03 3.901747986674308777e-02 4.193503409624099731e-02 6.971226632595062256e-02 1.548517495393753052e-02 1.941979490220546722e-02 2.998605743050575256e-02 8.220534771680831909e-03 2.847866900265216827e-02 2.234930172562599182e-02 1.289386581629514694e-02 4.543520975857973099e-03 6.823589652776718140e-02 3.733421489596366882e-02 2.812805958092212677e-02 7.266353815793991089e-02 1.619403623044490814e-02 4.014303535223007202e-02 8.497642353177070618e-03 2.085752226412296295e-02 3.216120228171348572e-02 1.061509363353252411e-03 6.924052536487579346e-02 5.798615887761116028e-02 2.371247857809066772e-02 3.288758546113967896e-02 2.235127147287130356e-03 4.139368887990713120e-03 2.109912596642971039e-02 9.057777002453804016e-03 2.928608469665050507e-02 1.492977607995271683e-02 2.840326912701129913e-02 6.627440452575683594e-03 4.456243477761745453e-03 2.063360251486301422e-02 2.474286220967769623e-02 3.533273562788963318e-02 2.147556096315383911e-02 2.480466663837432861e-02 6.976374983787536621e-02 3.222353383898735046e-02 4.140906408429145813e-02 4.194312542676925659e-02 9.346302598714828491e-03 7.881716592237353325e-04 4.928085580468177795e-02 7.482551503926515579e-03 3.789890557527542114e-02 4.921131301671266556e-03 1.235475577414035797e-02 2.273909747600555420e-02 2.603700570762157440e-02 5.258234590291976929e-02 6.130133196711540222e-02 9.494486451148986816e-02 1.796735450625419617e-02 6.394006311893463135e-02 8.715861476957798004e-03 7.978381216526031494e-02 1.612534513697028160e-03 2.845142781734466553e-02 1.941281408071517944e-01 4.935442935675382614e-03 1.550016999244689941e-01 1.542320474982261658e-02 4.170696483924984932e-04 1.062754392623901367e-01 1.514138877391815186e-01 5.858909804373979568e-03 4.371434822678565979e-02 2.494080923497676849e-02 2.647373080253601074e-02 2.685553766787052155e-02 1.230978742241859436e-01 1.795309968292713165e-02 1.633660867810249329e-02 1.657058112323284149e-02 4.079911857843399048e-02 2.873278781771659851e-02 3.422680497169494629e-02 3.697108477354049683e-02 8.172830939292907715e-02 1.829066686332225800e-02 1.721905171871185303e-02 6.582205742597579956e-02 1.260048523545265198e-02 3.970234096050262451e-02 6.424905266612768173e-03 5.854815244674682617e-03 4.580425471067428589e-02 4.449460282921791077e-02 6.943792849779129028e-02 3.447687253355979919e-02 5.565330386161804199e-03 4.414762556552886963e-02 4.320981353521347046e-02 2.304265834391117096e-02 5.128522962331771851e-02 7.188712805509567261e-02 3.092175163328647614e-02
2.409548610448837280e-01 1.463807076215744019e-01 3.001415356993675232e-02 5.093563348054885864e-02 5.557461455464363098e-02 1.809578388929367065e-02 6.383473426103591919e-02 5.807751789689064026e-03 1.823673211038112640e-02 6.920346617698669434e-02 1.625972241163253784e-02 2.404645271599292755e-02 1.091024577617645264e-01 3.501178324222564697e-02 2.085305191576480865e-02 3.528675809502601624e-02 7.916452363133430481e-03 1.601003482937812805e-02 1.278974954038858414e-02 5.946281924843788147e-02 9.821771644055843353e-03 1.842045597732067108e-02 1.225305534899234772e-02 3.038411214947700500e-02 4.900516569614410400e-02 2.615619637072086334e-02 4.685324430465698242e-02 1.684029959142208099e-02 6.674239039421081543e-02 4.570747166872024536e-02 4.471469298005104065e-02 4.677864722907543182e-03 2.479764819145202637e-02 1.695739664137363434e-02 4.470974579453468323e-02 1.385647221468389034e-03 1.053390465676784515e-02 9.562122635543346405e-03 3.865274414420127869e-02 3.006890043616294861e-02 1.549107953906059265e-02 4.652762785553932190e-02 1.809132657945156097e-02 3.330447524785995483e-02 1.972740050405263901e-03 3.036254644393920898e-02 8.928551524877548218e-02 8.337958157062530518e-02 4.231405258178710938e-02 1.270013954490423203e-02 7.118270546197891235e-02 5.135132372379302979e-02 1.734752953052520752e-02 1.880703866481781006e-02 4.413149133324623108e-02 1.487606950104236603e-02 1.814048178493976593e-02 2.557804435491561890e-02 9.589607268571853638e-02 1.871315017342567444e-02 9.944799356162548065e-03 1.706076599657535553e-02 2.821764536201953888e-02 2.679084986448287964e-02 1.583968400955200195e-01 6.527502834796905518e-02 7.444965187460184097e-03 8.496143855154514313e-04 4.742469266057014465e-02 2.795959450304508209e-02 4.581300914287567139e-02 6.020341813564300537e-02 2.641503699123859406e-02 1.714808866381645203e-02 2.478718757629394531e-02 4.750789329409599304e-02 3.955908864736557007e-02 4.538969323039054871e-02 2.039622515439987183e-02 1.040489971637725830e-01 3.116956725716590881e-02 2.828996628522872925e-02 4.039987549185752869e-02 2.698120474815368652e-02 8.440833538770675659e-03 6.442130543291568756e-03 2.085256949067115784e-02 1.099906023591756821e-02 4.156264290213584900e-02 6.036282703280448914e-02 7.401956245303153992e-03 5.895762890577316284e-02 2.416740730404853821e-02 1.556561910547316074e-03 3.289824724197387695e-02 5.276699364185333252e-02 1.871548220515251160e-02 3.307020291686058044e-02 5.020383745431900024e-02 5.096761509776115417e-02 3.797008469700813293e-02 7.065631449222564697e-02 1.385968551039695740e-02 1.328672515228390694e-04 1.261279825121164322e-02 3.932949155569076538e-02 1.239648554474115372e-02 9.632703848183155060e-03 2.188638411462306976e-02 1.198958954773843288e-03 4.495651274919509888e-02 2.495623193681240082e-02 4.495405592024326324e-03 2.764857187867164612e-02 4.397412762045860291e-02 3.167813876643776894e-03
4.280400276184082031e-02 2.170520834624767303e-02 1.649571955204010010e-02 3.950801491737365723e-02 4.498017660807818174e-04 9.138541668653488159e-02 6.297346949577331543e-02 1.602637767791748047e-02 4.625837877392768860e-02 8.831794373691082001e-03 2.404645271599292755e-02 6.136149540543556213e-02 6.720566004514694214e-02 1.609968841075897217e-01 2.265447564423084259e-02 8.092055097222328186e-03 2.936514280736446381e-02 4.053303599357604980e-02 2.164072729647159576e-02 9.237138554453849792e-03 4.420908913016319275e-02 9.570211172103881836e-03 3.075637388974428177e-03 4.437416791915893555e-02 1.349098049104213715e-02 3.007083758711814880e-02 3.602655977010726929e-02 1.287989765405654907e-01 1.433541625738143921e-02 1.111813038587570190e-01 4.436731338500976562e-02 2.047467790544033051e-02 2.758761681616306305e-02 4.093174263834953308e-02 4.704853147268295288e-02 8.166151121258735657e-03 1.309051364660263062e-02 3.713271021842956543e-02 1.916805841028690338e-02 3.122581355273723602e-02 2.020437084138393402e-02 7.213072478771209717e-02 5.615398660302162170e-02 2.323388867080211639e-02 9.007818251848220825e-02 4.690596368163824081e-03 5.185335129499435425e-02 3.282108902931213379e-02 6.661018729209899902e-02 9.774788469076156616e-02 8.480989490635693073e-04 1.509649958461523056e-02 3.523208200931549072e-02 8.694797754287719727e-03 8.377718925476074219e-02 2.515058405697345734e-02 9.011905640363693237e-02 4.608642682433128357e-02 4.072746634483337402e-02 7.415703497827053070e-03 6.048578768968582153e-02 1.791237853467464447e-02 5.078746750950813293e-02 1.929681003093719482e-02 9.093119762837886810e-03 1.516451686620712280e-02 5.573684349656105042e-03 1.348497159779071808e-02 2.851420082151889801e-02 5.229672789573669434e-02 3.752361983060836792e-02 4.176388680934906006e-02 6.462187319993972778e-02 3.582989796996116638e-02 4.143626242876052856e-02 1.581843383610248566e-02 4.986998811364173889e-02 8.982629515230655670e-03 5.368035286664962769e-02 6.355267763137817383e-02 8.064114488661289215e-03 6.039384752511978149e-03 5.307047441601753235e-02 4.290358722209930420e-02 8.769246749579906464e-03 2.260881708934903145e-03 1.572629995644092560e-02 1.993155293166637421e-02 3.483976051211357117e-02 7.294619083404541016e-02 6.263529509305953979e-02 4.233987256884574890e-02 2.416618354618549347e-02 4.396960511803627014e-02 6.027067825198173523e-02 6.220885738730430603e-02 2.661211974918842316e-02 2.024288102984428406e-02 6.394148617982864380e-02 8.602903783321380615e-02 3.979087620973587036e-02 7.951501756906509399e-03 3.520506247878074646e-02 4.247285425662994385e-02 5.203067325055599213e-03 5.228100717067718506e-02 1.358940266072750092e-02 2.320331521332263947e-02 5.256149917840957642e-02 7.390964031219482422e-02 6.644321233034133911e-02 4.841230064630508423e-02 2.269811369478702545e-02 1.592514850199222565e-02 4.918625578284263611e-02 1.755071990191936493e-02
4.211319610476493835e-02 1.590004712343215942e-01 2.920155227184295654e-02 3.977104276418685913e-02 1.087902300059795380e-02 3.527648001909255981e-02 1.557767391204833984e-01 5.495750159025192261e-02 3.730091825127601624e-02 8.258090238086879253e-04 1.091024577617645264e-01 6.720566004514694214e-02 3.201316669583320618e-02 3.490223735570907593e-02 1.052950173616409302e-01 1.548250950872898102e-02 3.637269511818885803e-02 3.729798598214983940e-03 4.867869243025779724e-02 1.017296034842729568e-02 2.662567794322967529e-02 8.086633682250976562e-02 5.886021535843610764e-03 1.686064898967742920e-02 1.635864749550819397e-02 2.395939640700817108e-02 6.125354766845703125e-02 2.217300236225128174e-02 2.890179306268692017e-02 6.300657056272029877e-03 4.669092595577239990e-02 2.656082436442375183e-02 3.951500356197357178e-02 8.409500005654990673e-04 3.582999110221862793e-02 1.139347814023494720e-02 1.883586682379245758e-02 3.345758095383644104e-02 1.315845292992889881e-03 3.969711251556873322e-03 2.219892293214797974e-02 5.713070929050445557e-02 1.005603093653917313e-02 4.445145651698112488e-02 1.019088178873062134e-01 4.345468431711196899e-02 6.577752530574798584e-02 1.019454747438430786e-01 2.681505493819713593e-02 1.136528234928846359e-02 6.105663627386093140e-02 6.036422774195671082e-02 5.123870447278022766e-02 1.705034635961055756e-02 3.508608043193817139e-02 3.008666262030601501e-02 1.373142004013061523e-01 2.506868727505207062e-02 3.767556697130203247e-02 9.600624442100524902e-03 3.476459905505180359e-02 5.409817770123481750e-02 1.293744705617427826e-02 1.895929314196109772e-02 5.319495499134063721e-02 1.191470474004745483e-01 2.608222700655460358e-02 3.733655204996466637e-03 4.327702336013317108e-03 4.187356214970350266e-03 5.682178586721420288e-02 3.697526827454566956e-02 4.319448024034500122e-02 1.012236345559358597e-02 2.128845639526844025e-02 2.746939472854137421e-02 5.899224057793617249e-02 3.688084334135055542e-02 7.996485382318496704e-02 4.548179730772972107e-02 6.109801586717367172e-03 3.575267735868692398e-03 2.893964573740959167e-02 1.385096088051795959e-02 1.180217601358890533e-02 9.166727773845195770e-03 3.349069133400917053e-02 1.049756109714508057e-01 2.957911789417266846e-02 5.007888376712799072e-02 7.264825701713562012e-02 4.887820780277252197e-02 7.555979490280151367e-02 2.748972736299037933e-02 5.587539449334144592e-02 1.847039721906185150e-02 3.089851327240467072e-02 3.759459778666496277e-02 3.369954973459243774e-02 5.865338817238807678e-02 3.445345908403396606e-02 5.300522316247224808e-04 4.629456251859664917e-02 2.188730426132678986e-02 5.717906169593334198e-03 3.610883653163909912e-02 2.986888960003852844e-02 4.456337913870811462e-02 4.705983027815818787e-02 4.973421990871429443e-02 1.809951063478365541e-04 4.500310122966766357e-02 1.642919704318046570e-02 5.088981240987777710e-02 3.804292529821395874e-02 6.597056635655462742e-04
