1.036773994565010071e-01 1.695850938558578491e-01 2.229061722755432129e-02 4.705985542386770248e-03 1.046700216829776764e-02 1.168584004044532776e-01 3.861618041992187500e-02 1.461981981992721558e-02 1.753621548414230347e-02 4.616916924715042114e-02 1.096771806478500366e-01 1.923207752406597137e-02 6.042377650737762451e-02 2.089848555624485016e-02 2.394398115575313568e-02 1.963100396096706390e-02 7.980093359947204590e-04 1.463176216930150986e-02 3.137721493840217590e-02 6.222881842404603958e-03 2.376622054725885391e-03 2.555528469383716583e-02 1.330721378326416016e-02 3.148361807689070702e-03 2.602593787014484406e-02 3.691636724397540092e-03 2.337604761123657227e-02 2.873393520712852478e-02 6.300853192806243896e-02 1.192613411694765091e-02 5.685673654079437256e-02 1.548323780298233032e-02 4.112771898508071899e-02 3.175681084394454956e-02 5.505224689841270447e-02 2.280504442751407623e-02 3.009879728779196739e-03 3.657645732164382935e-02 4.249883815646171570e-02 4.435797408223152161e-02 2.569920569658279419e-02 2.887389808893203735e-02 3.087698714807629585e-03 3.085564076900482178e-02 4.062348604202270508e-02 3.622121736407279968e-02 5.875131115317344666e-02 1.094109192490577698e-02 9.299236808146815747e-06 1.578745432198047638e-02 3.047030791640281677e-02 5.880346149206161499e-02 1.504449825733900070e-02 2.789686620235443115e-02 1.906237797811627388e-03 4.022721201181411743e-02 5.194499390199780464e-04 3.723117290064692497e-03 4.580121859908103943e-02 3.352996706962585449e-02 5.898446310311555862e-03 1.372636202722787857e-02 1.890792883932590485e-02 2.084475755691528320e-02 3.980564326047897339e-02 1.439013425260782242e-02 6.037543993443250656e-03 6.625249050557613373e-03 2.335621975362300873e-02 1.587403751909732819e-02 4.635825380682945251e-02 7.728114258497953415e-03 3.886038810014724731e-02 2.612071670591831207e-02 1.634821109473705292e-02 5.930889025330543518e-02 8.670613751746714115e-04 4.254166409373283386e-02 3.547346591949462891e-02 4.407977312803268433e-02 3.381238132715225220e-02 3.450779989361763000e-02 1.372618949972093105e-03 2.712245658040046692e-02 1.665489189326763153e-02 2.344757691025733948e-02 8.136276737786829472e-04 3.177605569362640381e-02 5.462889000773429871e-02 7.496628910303115845e-02 4.984363541007041931e-02 4.344214871525764465e-02 1.686651073396205902e-02 2.096726931631565094e-02 5.279034748673439026e-02 6.943576503545045853e-03 6.889334414154291153e-03 2.123507484793663025e-02 9.508848306722939014e-04 5.623492412269115448e-03 1.757383346557617188e-02 2.652234397828578949e-02 1.997538842260837555e-02 1.969682797789573669e-02 2.445438690483570099e-02 2.156250877305865288e-03 2.686542645096778870e-02 2.586687169969081879e-02 4.392811097204685211e-03 1.495730224996805191e-02 3.780784457921981812e-02 1.891246065497398376e-02 5.577325820922851562e-03 1.281822193413972855e-02 2.956750988960266113e-02 4.881808906793594360e-02
1.695850938558578491e-01 1.092747822403907776e-01 2.338277921080589294e-02 4.482838138937950134e-02 3.474570438265800476e-02 8.537694811820983887e-02 6.475780159235000610e-02 1.703323051333427429e-02 5.809571128338575363e-03 4.002697393298149109e-02 8.243016898632049561e-02 3.903637081384658813e-02 9.513358771800994873e-02 6.605840474367141724e-02 3.480730205774307251e-02 8.019070141017436981e-03 2.114847861230373383e-02 5.364274978637695312e-02 2.617006935179233551e-02 1.865745522081851959e-02 1.976260542869567871e-02 4.045737162232398987e-02 2.561024622991681099e-03 4.378308076411485672e-03 3.500143438577651978e-02 1.667477376759052277e-02 2.952988632023334503e-02 1.863796822726726532e-02 2.830538898706436157e-02 8.086699992418289185e-02 4.359742999076843262e-02 1.398692466318607330e-02 5.643389187753200531e-03 2.692315168678760529e-02 8.675477467477321625e-03 4.531828686594963074e-02 1.611716486513614655e-02 1.843048492446541786e-03 3.203721717000007629e-02 2.735024504363536835e-02 2.103941887617111206e-02 1.559733529575169086e-03 3.194387629628181458e-02 2.928510122001171112e-02 9.616517461836338043e-03 4.444386810064315796e-02 3.279962390661239624e-02 4.263220354914665222e-02 5.710836872458457947e-02 2.710640430450439453e-02 2.363049425184726715e-02 7.003752142190933228e-02 1.277564745396375656e-02 6.280951201915740967e-04 2.661601081490516663e-02 1.950604957528412342e-03 4.658485576510429382e-02 2.351207844913005829e-02 7.452916353940963745e-02 1.189371794462203979e-01 1.396840997040271759e-02 5.717960372567176819e-02 2.101426571607589722e-02 2.765894122421741486e-02 3.583472222089767456e-02 4.945304617285728455e-02 1.815629191696643829e-02 5.682278890162706375e-03 2.609756402671337128e-02 5.684137344360351562e-02 8.247182518243789673e-02 5.714861676096916199e-02 3.148103132843971252e-02 2.536360546946525574e-02 2.211346477270126343e-02 1.110958531498908997e-01 6.693832576274871826e-02 5.655094608664512634e-02 4.525483399629592896e-02 5.009668879210948944e-03 5.942231044173240662e-02 2.229998819530010223e-02 4.559268057346343994e-02 1.783973537385463715e-02 1.550218090415000916e-02 5.996144609525799751e-04 2.251988975331187248e-03 5.972078070044517517e-02 1.654058396816253662e-01 2.663718909025192261e-02 3.571853786706924438e-02 4.420137405395507812e-02 7.514042407274246216e-02 4.451562999747693539e-04 2.557779103517532349e-02 3.530413284897804260e-02 1.730526238679885864e-02 1.594943366944789886e-02 3.317245980724692345e-03 2.538646198809146881e-02 1.139373052865266800e-02 3.423719108104705811e-02 2.370721660554409027e-02 2.657319791615009308e-02 4.106731619685888290e-03 8.264647796750068665e-03 4.572840780019760132e-02 4.703941568732261658e-02 1.610254682600498199e-02 9.645005688071250916e-03 3.481595963239669800e-02 3.302593529224395752e-02 5.167616764083504677e-04 1.843876205384731293e-02 5.041351541876792908e-03 1.455815229564905167e-02
2.229061722755432129e-02 2.338277921080589294e-02 1.036207526922225952e-01 1.155118048191070557e-01 4.130010679364204407e-02 3.587602078914642334e-02 1.236371416598558426e-02 5.942573025822639465e-02 2.170242927968502045e-02 3.722016513347625732e-02 5.649501457810401917e-02 3.539815917611122131e-02 5.811360478401184082e-02 2.358127571642398834e-02 3.181954473257064819e-02 3.180705010890960693e-02 3.679837659001350403e-02 2.770229242742061615e-02 2.827303484082221985e-02 1.198466122150421143e-02 1.705027930438518524e-02 9.472822770476341248e-03 1.450946647673845291e-02 5.411050282418727875e-03 3.973687067627906799e-03 3.584874421358108521e-02 6.922540254890918732e-03 1.481396239250898361e-02 5.764744058251380920e-02 1.600201055407524109e-02 2.070172503590583801e-02 1.633033342659473419e-02 2.410386502742767334e-02 2.483397535979747772e-02 2.034681290388107300e-02 3.406854346394538879e-03 1.139884721487760544e-02 1.416339073330163956e-02 7.030100375413894653e-02 1.838541775941848755e-02 8.521021157503128052e-02 2.662972360849380493e-02 1.938759814947843552e-03 1.324214339256286621e-01 4.246486723423004150e-02 3.794576041400432587e-03 2.434385381639003754e-02 2.601252868771553040e-02 1.083314232528209686e-02 1.068406254053115845e-01 6.634990125894546509e-02 3.528108075261116028e-02 5.543541908264160156e-02 6.002739816904067993e-02 2.475128741934895515e-03 8.210454136133193970e-02 1.687367819249629974e-02 2.448752149939537048e-02 7.376545667648315430e-02 2.657996304333209991e-02 4.793688654899597168e-02 7.492794841527938843e-02 1.173708960413932800e-01 3.953775763511657715e-02 1.682225428521633148e-02 6.501562893390655518e-02 2.948643174022436142e-03 1.725300098769366741e-03 7.710698526352643967e-03 6.799980252981185913e-02 2.937459573149681091e-02 2.652048831805586815e-03 1.093667596578598022e-01 3.412616252899169922e-02 6.035294849425554276e-03 1.531533990055322647e-02 3.243653103709220886e-02 5.163266137242317200e-02 4.586017876863479614e-02 6.575581431388854980e-02 2.427674531936645508e-01 2.306744009256362915e-01 1.128135435283184052e-02 1.233758404850959778e-02 2.091038040816783905e-02 3.298480063676834106e-02 5.257930606603622437e-02 6.145593523979187012e-02 4.667417705059051514e-02 4.541002213954925537e-02 1.309819705784320831e-02 1.079638581722974777e-02 1.511754840612411499e-02 7.404766511172056198e-03 3.222014755010604858e-02 5.632945150136947632e-02 1.363693084567785263e-02 2.728035300970077515e-02 4.830661788582801819e-02 1.995279639959335327e-02 3.617442771792411804e-02 4.465405270457267761e-02 3.311165841296315193e-03 1.851215958595275879e-02 4.209183529019355774e-02 5.569365248084068298e-02 2.630265802145004272e-02 3.082205876125954092e-05 5.023869127035140991e-02 2.057500742375850677e-02 3.616825863718986511e-02 1.790942065417766571e-02 5.084947124123573303e-02 5.595982819795608521e-02 9.205580689013004303e-03 6.580173224210739136e-02
4.705985542386770248e-03 4.482838138937950134e-02 1.155118048191070557e-01 1.545473039150238037e-01 1.874686330556869507e-01 1.972859725356101990e-02 3.068466857075691223e-02 5.697856843471527100e-02 4.452615603804588318e-02 5.064382683485746384e-03 1.051677763462066650e-02 7.788291666656732559e-03 3.318796225357800722e-04 1.643791422247886658e-02 4.471329506486654282e-03 6.196996662765741348e-03 2.437466010451316833e-02 9.637782932259142399e-04 2.121559530496597290e-02 2.829911420121788979e-03 1.108953636139631271e-02 2.800197899341583252e-02 6.196006201207637787e-03 5.264567583799362183e-02 4.307588562369346619e-02 2.453200891613960266e-02 8.755995891988277435e-03 7.672237232327461243e-03 2.021951600909233093e-03 8.877766318619251251e-03 3.202442079782485962e-02 5.393278971314430237e-02 1.298443507403135300e-02 5.309763178229331970e-02 3.115781396627426147e-02 8.700349368155002594e-03 2.782665193080902100e-02 7.700358517467975616e-03 1.714558005332946777e-01 8.609957247972488403e-02 3.670438751578330994e-02 1.535203587263822556e-02 5.051041953265666962e-03 9.670296311378479004e-02 1.897826977074146271e-02 3.796117845922708511e-03 7.284500636160373688e-03 4.663375206291675568e-03 8.442162652499973774e-04 1.392322592437267303e-02 4.165953397750854492e-02 3.302513808012008667e-02 2.815075218677520752e-02 3.632539883255958557e-02 4.087669309228658676e-03 3.199939429759979248e-02 4.490409418940544128e-02 5.962697789072990417e-02 2.652456285431981087e-03 1.513458555564284325e-03 5.257445573806762695e-02 3.745793551206588745e-02 7.523179799318313599e-02 7.019823789596557617e-02 8.163571357727050781e-03 5.374811962246894836e-02 1.187020633369684219e-02 7.475813385099172592e-03 3.524484857916831970e-02 3.892271965742111206e-02 1.593956723809242249e-02 2.211776003241539001e-02 1.400628983974456787e-01 6.437369436025619507e-02 6.481444835662841797e-02 7.277373690158128738e-03 3.319685161113739014e-02 3.805934265255928040e-02 2.044836245477199554e-02 3.783892095088958740e-02 9.332372806966304779e-03 6.064371019601821899e-02 2.623469196259975433e-02 4.188149794936180115e-02 4.259315878152847290e-02 1.252832636237144470e-02 3.916072100400924683e-02 4.035216197371482849e-02 5.917027592658996582e-02 1.875158399343490601e-02 1.164580695331096649e-02 6.200416479259729385e-03 1.315613929182291031e-02 4.629522562026977539e-02 1.899668946862220764e-02 1.424590684473514557e-02 2.546704933047294617e-02 1.814011833630502224e-03 2.430827729403972626e-02 1.991829834878444672e-02 1.586437225341796875e-02 2.668897621333599091e-02 1.160232163965702057e-02 4.731261171400547028e-03 4.170511662960052490e-02 1.864397339522838593e-02 2.236688323318958282e-02 2.601335011422634125e-02 2.270098961889743805e-02 5.615716055035591125e-02 2.080057049170136452e-03 1.744727790355682373e-02 6.114209536463022232e-03 5.202852655202150345e-03 1.473161298781633377e-02 4.457413777709007263e-02
1.046700216829776764e-02 3.474570438265800476e-02 4.130010679364204407e-02 1.874686330556869507e-01 2.262166589498519897e-01 1.978845894336700439e-02 1.849136780947446823e-03 5.965982005000114441e-02 4.674967750906944275e-02 3.782277926802635193e-02 3.746136208064854145e-04 2.606439404189586639e-02 3.589543700218200684e-02 2.548903226852416992e-02 1.016967091709375381e-02 5.920469015836715698e-02 5.916430056095123291e-02 4.013387858867645264e-02 2.658187039196491241e-02 1.272849924862384796e-02 3.183489292860031128e-02 5.305170081555843353e-03 1.768350042402744293e-02 9.403622709214687347e-03 2.582125738263130188e-02 1.009180396795272827e-02 1.089632324874401093e-02 9.938145056366920471e-03 9.792364202439785004e-03 2.832042053341865540e-02 1.244744379073381424e-02 9.085508994758129120e-03 4.919008538126945496e-02 4.938067495822906494e-02 3.131509944796562195e-02 3.769479691982269287e-02 4.118343815207481384e-02 1.895442046225070953e-02 1.239291131496429443e-01 1.749371290206909180e-01 5.060586147010326385e-03 4.536305554211139679e-03 4.279365390539169312e-02 7.024820148944854736e-02 4.087226116098463535e-04 2.890991745516657829e-03 9.305666200816631317e-03 1.172427274286746979e-02 2.067058347165584564e-02 4.453216865658760071e-02 4.324274137616157532e-02 1.163546694442629814e-03 5.318471416831016541e-02 2.573392726480960846e-02 2.061928808689117432e-02 4.367641732096672058e-02 1.229940797202289104e-03 3.529340401291847229e-02 7.486451882869005203e-03 3.861573524773120880e-03 1.781930960714817047e-02 6.174395605921745300e-02 8.007285743951797485e-02 9.302654862403869629e-02 2.042710781097412109e-02 3.742488101124763489e-03 2.479692362248897552e-02 4.718450072687119246e-04 1.220884080976247787e-02 1.417110301554203033e-02 1.043741777539253235e-02 7.126018404960632324e-03 1.658674478530883789e-01 2.342663891613483429e-02 1.473883092403411865e-01 1.555576175451278687e-02 1.322753261774778366e-02 5.663892254233360291e-03 2.831437811255455017e-02 3.530447930097579956e-02 7.827805355191230774e-03 2.172191161662340164e-03 9.199167042970657349e-02 1.214949116110801697e-01 5.065524205565452576e-02 1.143013779073953629e-02 1.831759139895439148e-02 4.361530300229787827e-03 5.884655565023422241e-02 4.253832995891571045e-02 1.140662562102079391e-02 1.129143591970205307e-02 7.235960103571414948e-03 8.381606079638004303e-03 8.394218236207962036e-02 8.993395417928695679e-02 1.227644644677639008e-02 1.219006720930337906e-02 1.632833667099475861e-02 9.356555528938770294e-03 3.649803623557090759e-02 3.115773014724254608e-02 2.046063356101512909e-02 2.626361791044473648e-03 1.055619493126869202e-02 4.986424744129180908e-02 6.555142812430858612e-03 1.155699603259563446e-02 2.365670952713117003e-04 4.049172997474670410e-02 1.884501776657998562e-03 2.443136461079120636e-02 6.248186342418193817e-03 7.318729069083929062e-03 3.054605238139629364e-02 1.287929434329271317e-02
1.168584004044532776e-01 8.537694811820983887e-02 3.587602078914642334e-02 1.972859725356101990e-02 1.978845894336700439e-02 1.025360971689224243e-01 1.293903440237045288e-01 4.944843053817749023e-02 7.135679945349693298e-03 3.299539163708686829e-02 9.433688223361968994e-02 4.386666789650917053e-02 4.579667747020721436e-02 7.491849362850189209e-02 1.156474230810999870e-03 1.196804270148277283e-02 8.296535350382328033e-03 1.456873770803213120e-02 2.172325924038887024e-02 1.751521602272987366e-02 6.681046914309263229e-03 9.982574731111526489e-03 1.348186563700437546e-02 4.968361929059028625e-02 4.072593152523040771e-02 3.507710620760917664e-02 3.822238370776176453e-02 1.421468108892440796e-01 5.004123598337173462e-02 1.410788577049970627e-02 3.162036463618278503e-02 3.171505033969879150e-02 2.999340184032917023e-02 6.969165988266468048e-03 5.612624064087867737e-02 3.684482071548700333e-03 1.755803450942039490e-02 2.361613512039184570e-02 1.550882030278444290e-02 1.620244979858398438e-02 1.152485795319080353e-02 3.216958045959472656e-02 1.345914695411920547e-02 1.368522178381681442e-02 1.942728878930211067e-03 6.983183324337005615e-02 1.043398156762123108e-01 5.563693493604660034e-02 1.805499009788036346e-02 1.046377606689929962e-02 3.217303752899169922e-02 3.389028832316398621e-02 6.190526764839887619e-03 1.951054856181144714e-02 1.086430810391902924e-02 3.267960622906684875e-02 1.830511726438999176e-02 3.801731020212173462e-02 4.893656820058822632e-02 3.211886063218116760e-02 4.147157818078994751e-02 5.083224549889564514e-02 5.056200549006462097e-02 1.526986621320247650e-02 2.645391225814819336e-02 1.277877017855644226e-02 1.770756579935550690e-02 1.555769145488739014e-02 3.649855777621269226e-02 3.928150609135627747e-02 3.821340575814247131e-02 5.876547656953334808e-03 5.296004563570022583e-02 5.139018222689628601e-02 1.754013448953628540e-02 3.509109839797019958e-03 4.364014789462089539e-02 2.335846982896327972e-02 1.665736362338066101e-02 4.986619949340820312e-02 5.419081822037696838e-02 5.278904736042022705e-02 2.422803267836570740e-02 2.604865469038486481e-02 1.772350445389747620e-02 2.706800401210784912e-02 1.317717321217060089e-02 3.067069128155708313e-02 3.559645265340805054e-02 1.092662513256072998e-01 6.355008482933044434e-02 1.273513864725828171e-02 2.150518074631690979e-02 4.867656156420707703e-03 6.388423964381217957e-03 1.442188210785388947e-02 1.036686170846223831e-02 2.574086748063564301e-02 1.330681610852479935e-02 1.371785183437168598e-03 7.493571611121296883e-04 2.962476573884487152e-03 2.703451737761497498e-02 1.422036439180374146e-02 2.873734757304191589e-02 1.613062247633934021e-02 1.662574894726276398e-02 7.626949809491634369e-03 1.386811491101980209e-02 1.208992674946784973e-02 1.088175363838672638e-02 8.188599167624488473e-05 4.122440703213214874e-03 1.316166669130325317e-02 1.364506315439939499e-02 3.299000114202499390e-02
3.861618041992187500e-02 6.475780159235000610e-02 1.236371416598558426e-02 3.068466857075691223e-02 1.849136780947446823e-03 1.293903440237045288e-01 7.244723290205001831e-02 1.263658050447702408e-03 3.429652750492095947e-02 2.172540128231048584e-02 4.691849648952484131e-02 3.558343276381492615e-02 7.436559349298477173e-02 4.499649256467819214e-02 7.063200697302818298e-03 3.282816614955663681e-04 1.019991654902696609e-02 5.155520979315042496e-03 7.258303929120302200e-03 1.194286160171031952e-02 7.180789019912481308e-03 5.283440276980400085e-02 2.203900180757045746e-02 8.244691416621208191e-03 3.421268612146377563e-02 7.694157212972640991e-02 3.394896537065505981e-02 4.648232460021972656e-02 2.909086458384990692e-02 7.792896032333374023e-02 5.440661311149597168e-02 1.390774454921483994e-02 4.861747473478317261e-02 8.024943992495536804e-03 1.010943353176116943e-01 1.172192860394716263e-03 5.854620598256587982e-03 4.401030763983726501e-02 6.398908793926239014e-02 1.229983381927013397e-02 3.318748436868190765e-03 1.295988354831933975e-02 7.420172449201345444e-03 1.591708697378635406e-02 4.893399029970169067e-02 2.012699097394943237e-02 6.962808221578598022e-02 1.404453963041305542e-01 2.758929133415222168e-02 2.209650352597236633e-02 6.855796673335134983e-04 4.939752072095870972e-02 3.304446116089820862e-02 6.379549950361251831e-02 2.144814282655715942e-02 9.637200832366943359e-02 1.849696412682533264e-02 4.273289442062377930e-02 2.073535323143005371e-02 6.747979205101728439e-03 5.120320711284875870e-03 1.621450483798980713e-02 4.375267773866653442e-02 5.619637202471494675e-03 8.536691777408123016e-03 4.070000723004341125e-02 2.537936344742774963e-02 2.498572226613759995e-03 6.391670089215040207e-03 3.385132551193237305e-02 2.984941937029361725e-02 1.463304366916418076e-02 2.747348137199878693e-02 1.168383634649217129e-03 3.185013681650161743e-02 3.851753473281860352e-02 1.962212473154067993e-02 4.978459328413009644e-02 2.416621521115303040e-02 2.143601514399051666e-02 1.589629799127578735e-02 4.644443467259407043e-02 1.598872616887092590e-02 2.014315687119960785e-03 2.164618112146854401e-02 2.972379885613918304e-02 1.777352765202522278e-02 4.280345886945724487e-02 1.646381802856922150e-02 1.605464331805706024e-02 1.048580650240182877e-02 1.467320136725902557e-02 5.479610711336135864e-02 4.849262069910764694e-03 1.351775787770748138e-02 1.023231074213981628e-02 3.492744266986846924e-02 2.679801173508167267e-02 1.821991987526416779e-02 3.484941262286156416e-04 1.765651279129087925e-03 1.502783317118883133e-02 1.736411452293395996e-02 3.080628812313079834e-02 2.990920096635818481e-02 1.977917551994323730e-02 1.570823602378368378e-02 1.109033636748790741e-02 1.127507537603378296e-02 9.799841791391372681e-03 1.880034431815147400e-02 5.280843470245599747e-03 1.769285998307168484e-03 5.346460267901420593e-03 2.212822623550891876e-02 9.390449849888682365e-04
1.461981981992721558e-02 1.703323051333427429e-02 5.942573025822639465e-02 5.697856843471527100e-02 5.965982005000114441e-02 4.944843053817749023e-02 1.263658050447702408e-03 1.587268710136413574e-01 3.457368165254592896e-02 3.414568305015563965e-02 7.927355356514453888e-03 2.481738477945327759e-02 2.703889831900596619e-02 5.729971826076507568e-02 1.708257794380187988e-01 3.835632652044296265e-02 3.916932269930839539e-02 7.169430144131183624e-03 4.656492546200752258e-02 1.044942345470190048e-02 2.476294897496700287e-02 1.068573724478483200e-02 3.210423886775970459e-02 4.471809789538383484e-02 1.097788009792566299e-02 2.286750823259353638e-02 4.130855575203895569e-02 4.217877052724361420e-03 3.438007552176713943e-03 2.217562682926654816e-02 4.837288521230220795e-03 2.476051263511180878e-02 5.078862234950065613e-02 8.204228943213820457e-04 8.141313493251800537e-02 6.047307397238910198e-04 6.154878064990043640e-03 7.239296287298202515e-02 6.613306701183319092e-03 5.907253175973892212e-02 1.558969635516405106e-02 1.254578121006488800e-02 1.399824116379022598e-02 1.463939063251018524e-02 2.764576487243175507e-02 2.490132302045822144e-02 1.579281128942966461e-02 3.306172555312514305e-03 3.004240430891513824e-02 5.854209885001182556e-03 5.481717642396688461e-03 4.003392998129129410e-03 7.098864298313856125e-03 1.436818949878215790e-02 2.182920277118682861e-02 5.303226038813591003e-02 7.466141134500503540e-02 1.289648469537496567e-02 9.977226704359054565e-02 5.039863660931587219e-02 1.622975803911685944e-02 3.481511399149894714e-02 6.880871206521987915e-02 8.418893441557884216e-03 7.425823714584112167e-03 1.792640611529350281e-02 3.627799078822135925e-02 1.750361174345016479e-02 5.451967474073171616e-03 1.191830635070800781e-02 2.931113354861736298e-02 4.424556344747543335e-02 5.995281413197517395e-02 3.702557645738124847e-03 5.920124240219593048e-03 3.819194063544273376e-02 1.449574530124664307e-02 8.072628639638423920e-03 1.075708866119384766e-02 3.610900416970252991e-02 1.810178160667419434e-01 1.713978946208953857e-01 1.997049339115619659e-02 4.860283434391021729e-02 3.487528115510940552e-02 2.977805770933628082e-02 1.626737713813781738e-01 1.267200261354446411e-01 5.497862026095390320e-02 3.913002833724021912e-02 1.624229364097118378e-02 1.566366478800773621e-02 2.201007306575775146e-02 4.844505747314542532e-04 9.597615152597427368e-02 5.191703140735626221e-02 1.127711310982704163e-02 2.398469857871532440e-02 2.013095095753669739e-02 1.214450784027576447e-02 5.743746878579258919e-04 4.855407867580652237e-03 6.852168589830398560e-03 2.984063141047954559e-02 3.620336204767227173e-02 4.675921425223350525e-02 3.592043370008468628e-02 4.453097470104694366e-03 1.848228462040424347e-02 5.099543184041976929e-02 7.424148172140121460e-02 2.099741622805595398e-02 4.935322329401969910e-02 3.811144735664129257e-03 8.763864636421203613e-02 2.074283547699451447e-02
1.753621548414230347e-02 5.809571128338575363e-03 2.170242927968502045e-02 4.452615603804588318e-02 4.674967750906944275e-02 7.135679945349693298e-03 3.429652750492095947e-02 3.457368165254592896e-02 1.284858882427215576e-01 9.498647600412368774e-02 1.591591909527778625e-02 9.629135578870773315e-02 2.057965844869613647e-02 4.699664132203906775e-04 3.205230226740241051e-03 1.351962424814701080e-02 1.153231784701347351e-02 9.086489677429199219e-02 1.528593525290489197e-02 2.552791871130466461e-02 3.122729994356632233e-02 1.617692178115248680e-03 7.494536042213439941e-02 3.768245503306388855e-02 1.079883519560098648e-02 2.977995574474334717e-02 5.851355567574501038e-02 5.300256982445716858e-02 9.749197401106357574e-03 9.892679005861282349e-02 1.644245721399784088e-02 3.992113843560218811e-02 1.902023889124393463e-02 2.906674891710281372e-02 8.731886744499206543e-03 1.740362495183944702e-02 1.913010491989552975e-03 1.141197606921195984e-02 1.582362875342369080e-02 1.715363748371601105e-02 6.448315456509590149e-03 4.695614799857139587e-02 2.100980468094348907e-02 5.077421665191650391e-02 4.981762613169848919e-04 7.374951988458633423e-02 3.044685721397399902e-02 8.822660893201828003e-03 4.569167271256446838e-02 1.142208557575941086e-02 5.368514731526374817e-02 1.950180158019065857e-02 2.242140099406242371e-02 2.139537222683429718e-02 5.270642787218093872e-02 3.737779334187507629e-02 5.668174941092729568e-03 1.617274433374404907e-02 2.144754678010940552e-02 4.642339795827865601e-02 5.339646339416503906e-02 1.812761835753917694e-02 7.149821519851684570e-02 7.231674343347549438e-02 1.890510879456996918e-02 2.701734192669391632e-03 1.633929461240768433e-02 3.154231235384941101e-02 8.761536329984664917e-02 3.436847031116485596e-02 4.374403133988380432e-02 4.421894997358322144e-02 2.276523970067501068e-02 4.476769641041755676e-02 1.050486508756875992e-02 7.075809687376022339e-02 1.291566342115402222e-01 7.447732239961624146e-02 8.885658532381057739e-02 2.389156288700178266e-04 4.256258904933929443e-02 1.429673191159963608e-02 6.110227480530738831e-02 2.133555337786674500e-02 2.063039224594831467e-03 6.268417928367853165e-03 6.860937573947012424e-04 3.028973564505577087e-02 1.199000105261802673e-01 6.207325309514999390e-02 2.562294341623783112e-02 8.531906642019748688e-03 3.413419425487518311e-02 3.318551229313015938e-03 4.022002220153808594e-03 1.386330812238156796e-03 1.044625788927078247e-02 2.423869445919990540e-02 2.497128210961818695e-02 1.662855967879295349e-02 9.094961918890476227e-03 2.795311436057090759e-02 5.173929501324892044e-03 3.371969610452651978e-02 1.340550556778907776e-02 3.677190840244293213e-02 7.420750334858894348e-03 4.529419168829917908e-02 1.354192383587360382e-02 1.595494337379932404e-02 5.275071784853935242e-02 9.119653142988681793e-03 8.661268278956413269e-03 4.068914428353309631e-02 1.836134120821952820e-02 6.447935849428176880e-02
4.616916924715042114e-02 4.002697393298149109e-02 3.722016513347625732e-02 5.064382683485746384e-03 3.782277926802635193e-02 3.299539163708686829e-02 2.172540128231048584e-02 3.414568305015563965e-02 9.498647600412368774e-02 1.596766114234924316e-01 2.133518829941749573e-02 4.505062475800514221e-02 6.882051471620798111e-03 4.946409538388252258e-02 2.030082978308200836e-02 4.951915703713893890e-03 7.835036143660545349e-03 3.179610939696431160e-04 1.268204003572463989e-01 2.300982177257537842e-02 1.262583490461111069e-02 5.280125420540571213e-03 3.876741975545883179e-02 6.976888328790664673e-02 4.899303242564201355e-02 4.079903941601514816e-03 2.102672820910811424e-03 1.105622351169586182e-01 2.980556339025497437e-03 1.949874125421047211e-02 1.134827826172113419e-02 2.056332118809223175e-02 2.658466622233390808e-02 4.081504885107278824e-03 4.878678545355796814e-02 9.205060079693794250e-03 7.583676837384700775e-03 4.969248920679092407e-02 1.199408993124961853e-02 3.880637139081954956e-02 6.898372620344161987e-02 9.041302837431430817e-03 3.049148991703987122e-02 4.260531160980463028e-03 6.872203666716814041e-03 8.294307440519332886e-02 1.607145369052886963e-02 5.054810643196105957e-02 3.395212814211845398e-02 2.852058596909046173e-02 3.479240089654922485e-02 3.594225272536277771e-02 3.922541067004203796e-02 3.629293665289878845e-02 2.684840187430381775e-02 3.959944471716880798e-02 3.577109798789024353e-02 1.454173005186021328e-03 4.607016965746879578e-02 4.614535719156265259e-02 3.820446506142616272e-02 3.890592232346534729e-02 2.537708543241024017e-02 2.611103653907775879e-02 1.607150956988334656e-02 2.625543391332030296e-03 8.666363544762134552e-03 4.156292229890823364e-02 4.625312983989715576e-02 8.277843147516250610e-02 5.409094318747520447e-02 1.879240944981575012e-02 5.619302764534950256e-02 9.694146364927291870e-02 6.695415079593658447e-02 1.466347090899944305e-02 5.612748488783836365e-02 2.015795707702636719e-01 5.040469020605087280e-02 1.538635045289993286e-01 3.963328897953033447e-02 3.919056802988052368e-02 2.324719168245792389e-02 9.860322624444961548e-02 1.488662138581275940e-02 2.185016684234142303e-02 5.086379591375589371e-03 9.109674021601676941e-03 4.860213771462440491e-02 1.306905150413513184e-01 1.575752906501293182e-02 2.663278393447399139e-02 4.091954231262207031e-02 4.359468817710876465e-03 2.150925341993570328e-03 6.394690275192260742e-02 5.731861293315887451e-02 1.024712435901165009e-02 1.958465203642845154e-02 2.081207744777202606e-02 5.649804323911666870e-02 3.018152713775634766e-02 3.736944124102592468e-02 3.146670386195182800e-02 5.726009979844093323e-02 2.266383729875087738e-02 4.530262574553489685e-02 9.013274684548377991e-03 1.147331018000841141e-02 7.173269987106323242e-03 2.008392661809921265e-02 2.827774267643690109e-03 2.964589186012744904e-02 8.384200744330883026e-03 2.598273940384387970e-02 4.916628450155258179e-02
1.096771806478500366e-01 8.243016898632049561e-02 5.649501457810401917e-02 1.051677763462066650e-02 3.746136208064854145e-04 9.433688223361968994e-02 4.691849648952484131e-02 7.927355356514453888e-03 1.591591909527778625e-02 2.133518829941749573e-02 1.062591597437858582e-01 6.617139559239149094e-03 1.051142439246177673e-01 2.784194052219390869e-02 3.402195498347282410e-02 6.433480232954025269e-02 6.142452731728553772e-02 7.625155150890350342e-03 2.254088595509529114e-02 6.881422363221645355e-03 2.489611133933067322e-02 5.247544124722480774e-02 3.418264538049697876e-02 5.539552867412567139e-02 3.563611581921577454e-02 1.039760373532772064e-02 4.744198918342590332e-02 9.565796703100204468e-03 1.880733296275138855e-02 2.219225093722343445e-02 2.295719832181930542e-02 3.707865625619888306e-02 1.165299676358699799e-02 2.226323448121547699e-02 2.729934267699718475e-02 1.738359592854976654e-02 1.815439388155937195e-02 3.969971090555191040e-02 2.392794005572795868e-02 2.250385843217372894e-02 9.161050431430339813e-03 2.029697783291339874e-02 3.227763576433062553e-03 1.925022155046463013e-02 1.318799238651990891e-02 2.184509672224521637e-02 5.848224461078643799e-02 2.291470952332019806e-02 2.552411146461963654e-02 1.840258948504924774e-02 5.845605395734310150e-03 3.325736895203590393e-02 1.455265190452337265e-02 3.484179824590682983e-02 1.122207380831241608e-03 3.726376453414559364e-04 4.134075250476598740e-03 9.116696193814277649e-03 9.812790900468826294e-03 2.619974128901958466e-02 3.250795602798461914e-02 3.247994184494018555e-02 4.906636849045753479e-02 8.896531537175178528e-03 4.887431487441062927e-02 3.458933159708976746e-02 4.605471622198820114e-03 7.660038303583860397e-03 3.217224031686782837e-02 1.023786328732967377e-02 4.691302031278610229e-02 2.310774289071559906e-02 4.873508587479591370e-03 3.552969172596931458e-02 3.175581619143486023e-02 2.063275687396526337e-02 2.570428512990474701e-02 8.044579066336154938e-03 2.694214880466461182e-02 4.476080089807510376e-02 6.536968052387237549e-03 1.435500476509332657e-02 2.205278165638446808e-02 2.697252109646797180e-02 1.679386198520660400e-02 1.887151505798101425e-03 3.386762365698814392e-02 5.783924460411071777e-02 2.734043076634407043e-02 4.417680948972702026e-02 2.197680808603763580e-02 4.140112549066543579e-02 1.865516602993011475e-02 1.226971950381994247e-02 1.879579760134220123e-02 7.408791221678256989e-03 5.510516464710235596e-03 2.290039323270320892e-03 1.576211117208003998e-02 1.793856936274096370e-04 1.626387611031532288e-02 1.180835627019405365e-02 7.352383690886199474e-04 8.594210259616374969e-03 4.518897086381912231e-02 5.952085833996534348e-03 1.445119921118021011e-02 1.654568943195044994e-03 2.023892849683761597e-02 4.365248314570635557e-04 1.947123557329177856e-02 1.700271619483828545e-03 2.265656739473342896e-02 1.318922825157642365e-02 5.611031129956245422e-02 3.065100125968456268e-02
1.923207752406597137e-02 3.903637081384658813e-02 3.539815917611122131e-02 7.788291666656732559e-03 2.606439404189586639e-02 4.386666789650917053e-02 3.558343276381492615e-02 2.481738477945327759e-02 9.629135578870773315e-02 4.505062475800514221e-02 6.617139559239149094e-03 1.291282773017883301e-01 5.960400402545928955e-02 1.553502529859542847e-01 5.018593370914459229e-02 5.141090229153633118e-02 1.664039120078086853e-02 5.372964963316917419e-02 6.270331144332885742e-02 5.520946159958839417e-02 1.310961786657571793e-02 5.831433460116386414e-03 6.398451328277587891e-02 4.359164461493492126e-02 7.423924747854471207e-03 2.883898653090000153e-02 6.897459924221038818e-02 4.470974951982498169e-02 2.570605091750621796e-02 3.843272104859352112e-02 4.830515012145042419e-02 3.063824400305747986e-02 7.156787067651748657e-02 6.227320805191993713e-02 2.846275642514228821e-02 7.971391081809997559e-02 1.745313405990600586e-02 3.849007934331893921e-02 1.256871316581964493e-02 3.153993561863899231e-02 1.119422167539596558e-02 5.429514497518539429e-02 3.701028600335121155e-02 1.373550891876220703e-01 1.724358797073364258e-01 3.222429379820823669e-02 5.310015007853507996e-02 4.342994838953018188e-02 7.988709211349487305e-02 2.616956457495689392e-02 4.204009100794792175e-02 1.012242883443832397e-01 3.794076293706893921e-02 1.298455297946929932e-01 2.332704886794090271e-02 1.352719776332378387e-02 1.511072665452957153e-01 7.047508656978607178e-02 1.312967273406684399e-03 9.243269264698028564e-02 2.086777053773403168e-02 3.099259547889232635e-02 3.472403809428215027e-02 7.309386134147644043e-02 5.534552037715911865e-02 5.889644101262092590e-02 3.783937077969312668e-03 8.817409165203571320e-03 4.623476788401603699e-02 1.005487702786922455e-02 5.704469606280326843e-02 9.385267272591590881e-03 6.158096715807914734e-02 3.816220536828041077e-02 3.844974935054779053e-02 8.382017724215984344e-03 1.000419780611991882e-01 3.948440402746200562e-02 9.145238995552062988e-02 5.476729944348335266e-02 5.334262177348136902e-02 1.381115317344665527e-01 4.459351301193237305e-02 2.054356411099433899e-02 4.734307527542114258e-02 9.411839395761489868e-02 4.732076823711395264e-02 2.917359583079814911e-02 6.399884819984436035e-02 2.069492079317569733e-02 4.476053640246391296e-02 1.145415881182998419e-04 3.821964189410209656e-02 2.182281203567981720e-02 5.241016391664743423e-03 3.809048235416412354e-02 3.015167266130447388e-02 1.134902704507112503e-02 4.682141914963722229e-02 9.484531357884407043e-03 3.403841331601142883e-02 3.732966026291251183e-03 2.440784126520156860e-02 4.500463139265775681e-03 1.160341314971446991e-02 8.062887936830520630e-02 5.787288770079612732e-02 6.329639256000518799e-02 3.859327407553792000e-03 1.946112699806690216e-02 1.798646748065948486e-01 6.239787116646766663e-02 2.648921124637126923e-02 3.473292663693428040e-02 2.583400346338748932e-02 4.750045016407966614e-02
6.042377650737762451e-02 9.513358771800994873e-02 5.811360478401184082e-02 3.318796225357800722e-04 3.589543700218200684e-02 4.579667747020721436e-02 7.436559349298477173e-02 2.703889831900596619e-02 2.057965844869613647e-02 6.882051471620798111e-03 1.051142439246177673e-01 5.960400402545928955e-02 1.138438358902931213e-01 7.872528396546840668e-03 6.499958783388137817e-02 2.868892066180706024e-02 3.463845700025558472e-02 3.081941744312644005e-03 4.918873310089111328e-03 5.673756357282400131e-03 4.144630953669548035e-02 3.769575804471969604e-02 1.743187196552753448e-02 3.618593513965606689e-02 2.672374248504638672e-02 3.845011442899703979e-02 2.167755551636219025e-02 5.726940557360649109e-02 9.141926653683185577e-03 3.565859422087669373e-02 5.101085081696510315e-02 6.690745707601308823e-03 2.274633944034576416e-02 3.494988009333610535e-02 1.109377853572368622e-02 3.242723643779754639e-02 9.680126793682575226e-03 4.665605351328849792e-02 1.126625109463930130e-02 3.261970123276114464e-03 8.437262848019599915e-03 3.481899155303835869e-03 1.085434388369321823e-02 1.052837353199720383e-02 1.968563534319400787e-02 2.368094958364963531e-02 4.917967598885297775e-03 5.168524384498596191e-02 1.415187865495681763e-02 3.050544671714305878e-02 1.182494498789310455e-02 7.357421331107616425e-03 1.531222369521856308e-02 4.027539864182472229e-02 5.211854353547096252e-03 1.819981448352336884e-02 4.667975753545761108e-02 9.608583524823188782e-03 3.141650557518005371e-02 6.795706599950790405e-02 4.142891988158226013e-02 3.261752054095268250e-02 3.588602691888809204e-02 3.528926521539688110e-02 2.588753588497638702e-02 6.973224133253097534e-02 2.110573835670948029e-02 3.988028503954410553e-03 8.640238083899021149e-03 1.332193799316883087e-02 1.889330893754959106e-02 1.772750914096832275e-02 1.202263403683900833e-02 4.376976564526557922e-02 3.074324876070022583e-02 4.004864022135734558e-02 1.018406543880701065e-02 7.601344957947731018e-03 4.470195621252059937e-03 8.914546109735965729e-03 1.329388935118913651e-02 4.558469727635383606e-02 1.003668643534183502e-02 2.834419533610343933e-02 2.653012983500957489e-02 3.690831363201141357e-02 2.341926656663417816e-02 8.195788413286209106e-02 3.351827338337898254e-02 6.438266485929489136e-02 1.683958806097507477e-02 2.468016929924488068e-02 3.772420063614845276e-02 3.107772767543792725e-02 1.545908860862255096e-02 3.805721178650856018e-02 2.905223146080970764e-02 2.102929539978504181e-02 1.898678019642829895e-02 1.266367640346288681e-02 4.008476808667182922e-02 1.460968796163797379e-02 2.119332365691661835e-02 1.056627370417118073e-02 2.296553459018468857e-03 1.362956315279006958e-02 3.908728249371051788e-03 4.879936110228300095e-03 1.121170446276664734e-02 1.716155000030994415e-02 3.133935481309890747e-02 3.475729608908295631e-03 3.870084509253501892e-02 1.314221764914691448e-03 5.676775798201560974e-02 9.429211728274822235e-03
