3.999809026718139648e-01 2.100649327039718628e-01 1.928519271314144135e-02 3.477060049772262573e-02 2.525881864130496979e-03 6.321290135383605957e-02 5.304280668497085571e-02 1.703602448105812073e-02 2.448458597064018250e-02 8.836945518851280212e-03 5.582980439066886902e-02 3.961745277047157288e-02 5.931853502988815308e-02 3.977261483669281006e-03 5.680690705776214600e-02 9.285932406783103943e-03 6.813359796069562435e-04 1.885429210960865021e-02 4.312856867909431458e-02 4.202929139137268066e-02 3.151268884539604187e-02 4.343916848301887512e-02 2.817630209028720856e-02 3.940363600850105286e-02 3.947172686457633972e-02 2.048374898731708527e-02 2.176632918417453766e-02 4.395172372460365295e-02 2.641534805297851562e-02 4.005481675267219543e-02 4.908335208892822266e-02 1.090846583247184753e-02 3.140578418970108032e-02 1.055146474391222000e-02 1.918004080653190613e-02 6.000802665948867798e-02 3.435062244534492493e-02 2.658404409885406494e-02 2.512702345848083496e-02 7.344645448029041290e-03 7.533827796578407288e-03 2.780687762424349785e-03 1.419501565396785736e-02 9.988298639655113220e-03 1.211343146860599518e-02 2.628218382596969604e-02 1.017235964536666870e-02 9.387643076479434967e-03 4.142424091696739197e-02 4.923751112073659897e-03 2.201530709862709045e-02 4.839224566239863634e-04 5.265592038631439209e-02 4.572300706058740616e-03 7.228192687034606934e-02 1.829214766621589661e-02 4.049279261380434036e-03 2.839778363704681396e-02 4.454973712563514709e-02 3.028816543519496918e-02 2.510909736156463623e-02 2.150196768343448639e-02 1.467105560004711151e-02 1.027633342891931534e-02 7.364572584629058838e-02 1.974627934396266937e-02 2.600567229092121124e-02 5.597197916358709335e-03 1.996723935008049011e-02 9.811409749090671539e-03 3.033931925892829895e-02 3.695834020618349314e-04 3.613790869712829590e-02 3.707757918164134026e-03 1.700383960269391537e-03 1.625439617782831192e-03 1.690773479640483856e-02 1.309800893068313599e-03 4.654290154576301575e-02 2.590650459751486778e-03 7.434172555804252625e-03 3.081595525145530701e-02 2.692519687116146088e-02 2.085628733038902283e-02 1.768799312412738800e-02 9.859739802777767181e-03 3.525277227163314819e-02 1.762695237994194031e-02 3.015366150066256523e-03 3.136917203664779663e-02 2.517906948924064636e-02 2.843571081757545471e-02 2.618265151977539062e-02 6.812419742345809937e-03 2.067497745156288147e-02 2.984539233148097992e-02 1.839777571149170399e-03 1.840895973145961761e-02 4.188385233283042908e-02 4.081168770790100098e-02 1.233235839754343033e-02 1.919696480035781860e-02 2.362870145589113235e-03 2.943165414035320282e-02 2.773424377664923668e-03 2.879167208448052406e-03 1.697724312543869019e-02 9.988318197429180145e-03 1.331914123147726059e-02 1.735264062881469727e-02 7.948801852762699127e-03 2.053815871477127075e-02 6.167022511363029480e-03 3.106737323105335236e-02 2.691877307370305061e-04 4.376745223999023438e-02
2.100649327039718628e-01 3.934623301029205322e-01 1.385363843291997910e-02 3.468679264187812805e-02 1.230769045650959015e-02 5.465964227914810181e-02 6.355138123035430908e-02 1.010421663522720337e-02 3.931272402405738831e-02 4.274387843906879425e-03 5.131107568740844727e-02 4.013306647539138794e-02 6.014737114310264587e-02 1.966579817235469818e-02 5.768722295761108398e-02 1.888572983443737030e-02 2.529728785157203674e-02 2.100955508649349213e-02 5.047482997179031372e-02 4.211715608835220337e-02 3.339926525950431824e-02 2.822197228670120239e-02 1.475592143833637238e-02 2.850940264761447906e-02 3.686603158712387085e-02 1.787560433149337769e-02 1.328586600720882416e-02 5.440267920494079590e-02 2.054887451231479645e-02 5.199744179844856262e-02 3.136555850505828857e-02 2.056015655398368835e-02 3.137018531560897827e-02 9.356238879263401031e-03 1.092748949304223061e-03 7.193929702043533325e-02 5.455973744392395020e-02 3.606871142983436584e-02 3.283315524458885193e-02 7.795687764883041382e-03 5.193295655772089958e-04 4.813940729945898056e-03 1.065753959119319916e-02 3.041768632829189301e-02 1.323856227099895477e-02 1.459550764411687851e-02 4.699859768152236938e-03 1.542608067393302917e-02 5.661063268780708313e-02 4.688293673098087311e-03 2.949959971010684967e-02 3.360241418704390526e-03 5.097993463277816772e-02 5.283795297145843506e-03 7.903325557708740234e-02 2.213220484554767609e-02 7.928600534796714783e-03 2.802089042961597443e-02 2.111973613500595093e-02 7.173751480877399445e-03 2.247012965381145477e-02 3.332666307687759399e-02 3.084259806200861931e-03 1.000447850674390793e-02 5.251431465148925781e-02 5.740826600231230259e-04 2.416541241109371185e-02 9.201703593134880066e-03 1.640589721500873566e-02 5.827168934047222137e-03 2.148430235683917999e-02 9.600732475519180298e-03 2.496282942593097687e-02 3.070212667807936668e-03 2.795360283926129341e-03 4.994231741875410080e-03 1.650041528046131134e-02 1.792866736650466919e-03 3.712039068341255188e-02 4.719340428709983826e-02 3.312921617180109024e-03 3.933085128664970398e-02 1.998919248580932617e-02 6.202725227922201157e-03 3.069367632269859314e-02 1.142345461994409561e-02 2.990500442683696747e-02 2.728080842643976212e-03 1.730507984757423401e-02 2.358945086598396301e-02 2.701233513653278351e-02 1.537289656698703766e-02 2.341995760798454285e-02 5.095088854432106018e-03 2.430677600204944611e-02 2.238174341619014740e-02 1.826798776164650917e-03 1.671400666236877441e-02 3.802924603223800659e-02 4.104426130652427673e-02 6.884717731736600399e-04 1.631243154406547546e-02 3.419296117499470711e-03 3.554963320493698120e-02 2.028765343129634857e-02 2.961876802146434784e-03 3.131177043542265892e-03 7.355015259236097336e-03 1.953324675559997559e-02 1.761743053793907166e-02 3.306558122858405113e-03 7.810480892658233643e-03 1.029842346906661987e-02 3.555295616388320923e-02 1.615135115571320057e-03 3.778729215264320374e-02
1.928519271314144135e-02 1.385363843291997910e-02 4.576662182807922363e-01 2.580227889120578766e-02 5.953390523791313171e-02 1.600882597267627716e-02 1.415871735662221909e-02 8.663649111986160278e-02 4.903683438897132874e-04 4.631644114851951599e-03 2.966217324137687683e-02 2.834811992943286896e-02 1.194204110652208328e-02 3.175844252109527588e-02 5.020170658826828003e-02 3.801613673567771912e-02 4.196101427078247070e-02 1.536169089376926422e-02 1.994886063039302826e-02 1.890226500108838081e-03 3.089273907244205475e-02 6.752980500459671021e-02 1.841756515204906464e-02 2.253649756312370300e-03 5.508861318230628967e-02 2.447534352540969849e-02 3.551280871033668518e-02 2.797358296811580658e-02 4.333410412073135376e-03 4.381321370601654053e-02 3.353800624608993530e-02 2.933120355010032654e-03 4.227432981133460999e-02 3.836574032902717590e-02 2.507117204368114471e-02 4.203674569725990295e-02 3.010730631649494171e-02 3.668383508920669556e-02 5.912782624363899231e-02 7.535422593355178833e-02 4.929807409644126892e-02 1.568768173456192017e-02 3.187752142548561096e-02 2.533264458179473877e-01 4.301446024328470230e-03 1.833923906087875366e-02 1.908450387418270111e-02 1.743635907769203186e-02 5.133772268891334534e-03 4.266075789928436279e-02 6.343406159430742264e-03 3.027357719838619232e-02 3.716759756207466125e-02 6.451452523469924927e-02 3.544946387410163879e-02 8.905532769858837128e-03 2.094167657196521759e-02 3.318503871560096741e-02 7.539522647857666016e-02 2.995304018259048462e-02 3.536916524171829224e-02 1.424147188663482666e-02 3.285353258252143860e-02 1.777115091681480408e-02 2.551030553877353668e-02 1.936346851289272308e-02 2.337603457272052765e-02 4.035999625921249390e-02 3.394761681556701660e-02 4.378289449959993362e-03 2.911516465246677399e-02 1.060278341174125671e-02 3.145128488540649414e-02 3.717884048819541931e-02 2.102833427488803864e-02 1.825508289039134979e-02 2.996150404214859009e-02 1.330120954662561417e-02 1.799083873629570007e-02 7.053856272250413895e-03 2.352721840143203735e-01 3.075641989707946777e-01 6.641576439142227173e-02 3.505688905715942383e-02 2.168521098792552948e-02 2.114132046699523926e-02 8.597365766763687134e-02 1.228582188487052917e-01 1.434869877994060516e-02 1.283142901957035065e-02 2.971612475812435150e-02 2.475771307945251465e-02 1.918247528374195099e-02 2.506241574883460999e-02 2.941904589533805847e-02 1.185587374493479729e-03 2.344283089041709900e-02 1.513001322746276855e-02 2.244786359369754791e-02 1.112601254135370255e-02 1.101468224078416824e-02 2.675032941624522209e-03 7.102872768882662058e-05 2.470924146473407745e-02 1.964065991342067719e-02 1.162538398057222366e-02 7.022233307361602783e-02 3.020988032221794128e-02 2.806608006358146667e-02 6.134210154414176941e-02 7.997346669435501099e-02 1.914155296981334686e-02 3.372671827673912048e-02 1.499242708086967468e-02 7.950281351804733276e-02 9.530878067016601562e-02
3.477060049772262573e-02 3.468679264187812805e-02 2.580227889120578766e-02 4.049393236637115479e-01 2.167474776506423950e-01 1.669711433351039886e-02 4.176421463489532471e-02 2.178969793021678925e-02 1.499211043119430542e-02 1.067942939698696136e-02 2.795763686299324036e-02 2.422454208135604858e-02 2.155333943665027618e-02 2.911874279379844666e-02 5.573790520429611206e-02 4.519193619489669800e-02 1.013681665062904358e-02 4.623248800635337830e-02 3.388359770178794861e-02 3.814449906349182129e-02 4.242962971329689026e-02 1.248521823436021805e-02 1.372704841196537018e-02 4.851108416914939880e-02 6.162346899509429932e-02 2.898980397731065750e-03 4.536312073469161987e-02 3.169026598334312439e-02 2.166742272675037384e-02 9.291861206293106079e-03 1.882114820182323456e-02 3.113919869065284729e-03 2.317549474537372589e-02 6.407436728477478027e-02 2.380789443850517273e-02 4.255799110978841782e-03 4.068070650100708008e-02 4.062386974692344666e-02 7.858631014823913574e-02 1.201827600598335266e-01 1.913533918559551239e-02 2.880322933197021484e-02 3.362747281789779663e-02 3.637735545635223389e-02 3.187829256057739258e-02 1.777172274887561798e-02 4.990336298942565918e-02 4.987660050392150879e-02 5.829351488500833511e-03 5.459441803395748138e-03 1.343822479248046875e-02 2.812798507511615753e-02 6.073460914194583893e-03 1.864421740174293518e-02 2.253021113574504852e-02 3.640216216444969177e-02 9.705113619565963745e-02 6.399650871753692627e-02 3.507936373353004456e-02 6.176448613405227661e-02 7.750102132558822632e-02 3.990111500024795532e-02 3.932101279497146606e-02 7.056698948144912720e-02 6.938824057579040527e-02 4.258193448185920715e-02 3.172407299280166626e-02 3.318537399172782898e-02 9.367077611386775970e-03 5.045586824417114258e-02 1.082757301628589630e-02 1.973151974380016327e-02 2.002499699592590332e-01 3.113563731312751770e-02 1.145824976265430450e-02 2.644008211791515350e-02 2.234277687966823578e-02 1.629305258393287659e-02 2.144021913409233093e-02 1.152398362755775452e-01 3.007456101477146149e-02 2.300617285072803497e-03 4.495806619524955750e-02 4.228116199374198914e-02 4.639968276023864746e-02 2.480985969305038452e-02 2.688898704946041107e-02 4.737017303705215454e-02 5.259610712528228760e-02 3.813705220818519592e-02 3.195998445153236389e-02 3.918097540736198425e-02 5.316946189850568771e-03 7.020952180027961731e-04 1.430940926074981689e-01 3.230380266904830933e-02 3.369716927409172058e-02 3.464064327999949455e-03 3.880031639710068703e-03 1.216236315667629242e-02 4.266342520713806152e-02 1.379241980612277985e-02 1.091561652719974518e-02 3.329484909772872925e-02 6.204603705555200577e-03 2.139297313988208771e-03 1.020738761872053146e-02 9.723893553018569946e-02 5.490504554472863674e-04 4.805475473403930664e-02 9.755567647516727448e-03 2.596076205372810364e-02 2.383664995431900024e-02 5.362612009048461914e-02 5.452587828040122986e-02 4.861904680728912354e-02
2.525881864130496979e-03 1.230769045650959015e-02 5.953390523791313171e-02 2.167474776506423950e-01 4.326893389225006104e-01 3.397367149591445923e-02 3.887532278895378113e-02 3.168849647045135498e-02 1.670208200812339783e-02 2.441054582595825195e-02 5.642369389533996582e-03 1.587734441272914410e-03 1.423964742571115494e-02 2.877108054235577583e-03 2.759036421775817871e-02 2.635171636939048767e-02 8.443234488368034363e-03 7.007002830505371094e-02 2.443795092403888702e-02 4.994789604097604752e-03 1.024996675550937653e-02 2.893755154218524694e-04 4.366388916969299316e-02 2.009675838053226471e-02 3.614702075719833374e-02 1.458484306931495667e-02 6.918197497725486755e-03 1.086907181888818741e-02 1.037933770567178726e-02 2.898421371355652809e-03 2.988081984221935272e-02 1.081325393170118332e-02 3.503655269742012024e-02 1.833725720643997192e-02 4.567328840494155884e-02 2.449501678347587585e-02 2.497828006744384766e-02 5.694259703159332275e-02 8.771858178079128265e-03 8.199849724769592285e-02 3.749911859631538391e-02 4.032859113067388535e-03 2.379978820681571960e-02 1.282403618097305298e-02 4.454193636775016785e-03 2.210780279710888863e-03 2.464499138295650482e-02 2.320595458149909973e-02 1.060034055262804031e-02 8.573329076170921326e-03 9.001673199236392975e-03 1.472673285752534866e-02 2.523430064320564270e-02 9.603417478501796722e-03 3.698920831084251404e-03 9.020603611133992672e-04 6.267466396093368530e-02 4.620510712265968323e-02 1.214518118649721146e-02 3.200767189264297485e-02 4.630659520626068115e-02 2.928305417299270630e-02 1.363786458969116211e-01 6.506846845149993896e-02 3.478306904435157776e-02 3.327802568674087524e-02 2.164697833359241486e-02 6.781848613172769547e-03 3.411520505324006081e-03 1.003675442188978195e-02 6.531625986099243164e-04 8.731309324502944946e-03 1.298828572034835815e-01 2.951418980956077576e-03 7.731159776449203491e-02 1.600756775587797165e-03 1.028419006615877151e-03 2.614061720669269562e-02 1.899946830235421658e-03 2.563908696174621582e-02 3.522703424096107483e-02 6.162464246153831482e-02 9.008452296257019043e-02 5.929021909832954407e-02 7.655789609998464584e-03 1.021242467686533928e-03 3.243658691644668579e-02 1.682485640048980713e-02 3.673549368977546692e-02 1.506736595183610916e-02 1.599508337676525116e-02 4.760701209306716919e-03 9.869094006717205048e-03 2.759817987680435181e-02 5.974435806274414062e-02 3.939899429678916931e-02 3.285022918134927750e-03 3.612597659230232239e-02 4.795531183481216431e-02 5.395361036062240601e-02 2.271674200892448425e-02 9.006312116980552673e-03 3.346974775195121765e-02 3.347351029515266418e-02 3.326834365725517273e-02 3.506360948085784912e-02 3.425249457359313965e-02 6.827693432569503784e-02 3.106971271336078644e-02 4.737160354852676392e-02 8.842968381941318512e-03 1.396084204316139221e-02 1.163072977215051651e-02 5.383277893997728825e-04 1.064590178430080414e-02 2.158498577773571014e-02
6.321290135383605957e-02 5.465964227914810181e-02 1.600882597267627716e-02 1.669711433351039886e-02 3.397367149591445923e-02 3.992946445941925049e-01 1.396195292472839355e-01 9.176581166684627533e-03 4.649752005934715271e-02 1.045171543955802917e-02 4.985016211867332458e-02 3.016689792275428772e-02 6.510592997074127197e-02 1.902063935995101929e-02 3.420739248394966125e-02 1.271916925907135010e-02 5.527237430214881897e-03 2.313314937055110931e-02 7.704615127295255661e-03 1.307474821805953979e-02 1.618479005992412567e-02 2.384754270315170288e-02 2.435185760259628296e-02 1.632305048406124115e-02 1.402328815311193466e-02 1.700445264577865601e-02 1.714141853153705597e-02 2.536198124289512634e-02 2.797958813607692719e-02 7.146417628973722458e-03 4.557399824261665344e-02 9.848319314187392592e-05 2.623954415321350098e-02 5.475801881402730942e-03 2.784623764455318451e-02 1.784656196832656860e-02 1.321299816481769085e-03 5.175779107958078384e-03 5.032083019614219666e-03 1.400617696344852448e-02 4.594569094479084015e-03 3.390051797032356262e-02 1.395056303590536118e-02 3.323521092534065247e-02 9.340013377368450165e-03 6.530344020575284958e-03 1.044367030262947083e-01 8.425917476415634155e-02 8.347388356924057007e-03 9.793175384402275085e-03 2.053692005574703217e-02 4.506149329245090485e-03 1.756154373288154602e-02 3.318440401926636696e-03 3.471945971250534058e-02 1.062274910509586334e-02 2.927379868924617767e-02 1.110660750418901443e-02 2.040812186896800995e-02 3.261226462200284004e-03 9.676559828221797943e-03 1.414929283782839775e-03 1.392808835953474045e-02 7.927143946290016174e-03 2.614030800759792328e-02 3.601364418864250183e-02 9.326056577265262604e-03 2.363281883299350739e-02 4.192314669489860535e-02 1.763834990561008453e-02 1.708125881850719452e-02 2.878001146018505096e-02 2.532910741865634918e-02 9.528066031634807587e-03 4.533826932311058044e-02 3.247089684009552002e-02 3.906319662928581238e-02 1.623469218611717224e-02 5.914175882935523987e-03 1.574122463352978230e-03 6.332345306873321533e-03 3.658473864197731018e-02 2.229742147028446198e-02 3.648246405646204948e-03 4.900328814983367920e-02 2.965122275054454803e-02 3.068856149911880493e-02 2.412962354719638824e-02 5.311766639351844788e-02 1.042798161506652832e-03 4.344892874360084534e-02 2.178753167390823364e-02 3.112587332725524902e-02 9.330785833299160004e-03 2.889558300375938416e-02 1.176601089537143707e-02 8.031487464904785156e-03 2.778710238635540009e-02 4.140418954193592072e-03 2.339704195037484169e-03 2.664167201146483421e-03 1.310642925091087818e-03 5.778833292424678802e-03 2.362013421952724457e-02 8.757797069847583771e-03 3.221950959414243698e-03 6.778892711736261845e-04 4.799242597073316574e-03 5.406803917139768600e-03 7.587686181068420410e-03 1.790761388838291168e-02 6.549633573740720749e-03 1.026917342096567154e-02 3.115086443722248077e-02 2.047927863895893097e-02 5.655003711581230164e-02
5.304280668497085571e-02 6.355138123035430908e-02 1.415871735662221909e-02 4.176421463489532471e-02 3.887532278895378113e-02 1.396195292472839355e-01 4.144524335861206055e-01 9.707235731184482574e-03 5.765504762530326843e-02 2.964348159730434418e-02 2.984599210321903229e-02 2.434005402028560638e-02 3.615253046154975891e-02 3.135241568088531494e-02 1.622729748487472534e-02 2.914044307544827461e-03 5.122657865285873413e-03 2.009667269885540009e-02 1.428375393152236938e-02 1.523001934401690960e-03 4.339246544986963272e-03 3.351124236360192299e-03 3.464465588331222534e-02 3.950652107596397400e-02 2.338451333343982697e-02 1.381734036840498447e-03 1.701452955603599548e-02 2.000474371016025543e-02 2.063358575105667114e-02 7.147515192627906799e-03 4.543678462505340576e-02 2.655411697924137115e-02 2.084084972739219666e-02 4.814018495380878448e-03 3.538791462779045105e-02 2.273262850940227509e-02 1.183926779776811600e-02 6.987514905631542206e-03 3.598836436867713928e-02 8.699156343936920166e-03 1.579478941857814789e-02 3.149374946951866150e-02 2.267168834805488586e-02 3.799094632267951965e-02 2.999112708494067192e-03 5.676276516169309616e-03 8.563220500946044922e-02 1.100009605288505554e-01 3.873577341437339783e-02 2.464456483721733093e-03 3.091629222035408020e-02 5.182387307286262512e-03 2.369051333516836166e-03 2.654769830405712128e-02 4.510799795389175415e-02 2.898161299526691437e-02 1.571850664913654327e-02 1.944919489324092865e-02 1.593718305230140686e-02 2.350374124944210052e-02 1.250334735959768295e-02 4.111178684979677200e-03 2.379730902612209320e-02 1.192055176943540573e-02 7.786917034536600113e-03 9.393756277859210968e-03 1.903860457241535187e-02 9.004615247249603271e-03 4.239256307482719421e-02 1.768925227224826813e-02 3.438619151711463928e-02 2.232388406991958618e-02 6.477401405572891235e-02 2.371705137193202972e-02 4.525369405746459961e-02 3.452633321285247803e-02 3.658097237348556519e-02 2.930630370974540710e-02 1.600152463652193546e-03 2.385737746953964233e-02 1.230194699019193649e-02 2.028407156467437744e-02 1.091913972049951553e-02 1.354434993118047714e-02 7.696894556283950806e-02 5.786232941318303347e-05 1.334839314222335815e-02 2.438084920868277550e-03 4.324220493435859680e-02 1.606644876301288605e-02 4.850012809038162231e-02 2.961378544569015503e-03 4.847901687026023865e-02 5.843194667249917984e-03 1.266143377870321274e-02 4.913086071610450745e-03 1.713489880785346031e-03 3.809313476085662842e-02 1.096118986606597900e-02 7.621186319738626480e-03 3.235512849641963840e-05 7.722029695287346840e-04 4.175845067948102951e-03 2.332136034965515137e-02 1.097273454070091248e-02 9.805315174162387848e-03 6.316569633781909943e-03 7.030752487480640411e-03 1.363294315524399281e-03 1.385638024657964706e-02 1.248393394052982330e-02 8.915351703763008118e-03 1.863349229097366333e-02 2.938897348940372467e-02 2.043282799422740936e-02 4.836140200495719910e-02
1.703602448105812073e-02 1.010421663522720337e-02 8.663649111986160278e-02 2.178969793021678925e-02 3.168849647045135498e-02 9.176581166684627533e-03 9.707235731184482574e-03 4.190708994865417480e-01 1.944906078279018402e-02 9.679934009909629822e-03 8.399056270718574524e-03 1.978086493909358978e-02 7.190003991127014160e-03 4.764432553201913834e-03 9.201076626777648926e-02 6.608888041228055954e-03 3.994739148765802383e-03 1.014783279970288277e-03 7.567852735519409180e-02 6.038011983036994934e-03 5.400027334690093994e-02 3.206574171781539917e-02 2.395310811698436737e-02 2.596228942275047302e-02 3.290097415447235107e-02 1.285341009497642517e-02 1.931594312191009521e-02 5.046769976615905762e-02 1.073935534805059433e-03 9.230728261172771454e-03 2.003090828657150269e-02 8.732175454497337341e-03 2.994311414659023285e-02 4.472967237234115601e-02 3.364199399948120117e-02 1.969709247350692749e-02 2.202112600207328796e-02 4.675802588462829590e-02 4.465116187930107117e-02 1.104098930954933167e-02 2.896332181990146637e-02 1.275076717138290405e-02 3.002612665295600891e-02 7.875221222639083862e-02 2.790225856006145477e-02 1.700773462653160095e-02 1.062511652708053589e-02 1.985654793679714203e-02 1.287380978465080261e-02 1.248300354927778244e-02 3.340551629662513733e-02 4.203400015830993652e-02 3.977121785283088684e-02 4.913307353854179382e-02 1.834099553525447845e-02 2.569186314940452576e-02 1.226328592747449875e-02 1.881577819585800171e-02 2.009097253903746605e-03 2.395001985132694244e-02 5.546014290302991867e-03 2.978324890136718750e-02 2.574111521244049072e-02 2.284267917275428772e-02 3.118882700800895691e-02 1.516156364232301712e-02 1.815745793282985687e-02 6.275189574807882309e-03 1.773813925683498383e-02 1.271693594753742218e-02 1.861422136425971985e-02 3.685560077428817749e-02 1.036201603710651398e-02 4.322412982583045959e-02 6.699778605252504349e-03 3.408084064722061157e-02 1.003157813102006912e-02 1.962003670632839203e-02 4.177594184875488281e-02 1.609961874783039093e-02 1.807632148265838623e-01 1.488461196422576904e-01 8.084845729172229767e-03 5.331971915438771248e-04 5.365904793143272400e-02 6.727573461830615997e-03 1.185309812426567078e-01 7.961554825305938721e-02 1.397014316171407700e-02 1.506825909018516541e-03 3.786873444914817810e-02 2.674557827413082123e-02 5.988177144899964333e-04 1.771758683025836945e-02 8.686446584761142731e-03 1.232759561389684677e-02 2.365675382316112518e-02 1.097014360129833221e-02 6.072639487683773041e-03 1.394574623554944992e-02 2.510156191419810057e-04 2.781684696674346924e-02 1.378273009322583675e-03 1.068912539631128311e-02 1.044675428420305252e-02 2.353800693526864052e-03 1.520269084721803665e-02 2.526370808482170105e-03 3.525634109973907471e-02 4.987658001482486725e-03 3.430880978703498840e-02 4.808529838919639587e-02 3.985394537448883057e-02 3.665961325168609619e-03 6.931834667921066284e-02 4.516265820711851120e-03
2.448458597064018250e-02 3.931272402405738831e-02 4.903683438897132874e-04 1.499211043119430542e-02 1.670208200812339783e-02 4.649752005934715271e-02 5.765504762530326843e-02 1.944906078279018402e-02 4.432426691055297852e-01 5.760698020458221436e-02 1.089202705770730972e-02 6.545547395944595337e-02 2.302724635228514671e-03 3.578757867217063904e-02 2.303419262170791626e-02 2.889749221503734589e-02 3.155387938022613525e-02 4.825908318161964417e-02 1.770223118364810944e-02 3.446386428549885750e-03 1.060680951923131943e-03 1.680635474622249603e-02 7.596002519130706787e-02 5.630472674965858459e-02 9.931832551956176758e-03 2.268115244805812836e-02 1.185452472418546677e-02 4.711365699768066406e-02 3.095665015280246735e-03 1.040194369852542877e-02 8.143524639308452606e-03 2.774316258728504181e-02 4.342166706919670105e-02 1.325595006346702576e-02 3.104908950626850128e-02 2.968715317547321320e-02 3.552247071638703346e-03 1.794244535267353058e-02 2.807898260653018951e-02 1.368249487131834030e-02 1.077648345381021500e-02 4.212205857038497925e-02 8.832818828523159027e-03 2.442752942442893982e-02 6.659992784261703491e-02 1.059143524616956711e-02 1.709445379674434662e-02 2.772205136716365814e-02 1.022904738783836365e-01 2.813515067100524902e-02 1.018034759908914566e-02 4.536007530987262726e-03 7.817683741450309753e-03 2.767000161111354828e-02 1.142306849360466003e-01 2.710131928324699402e-02 3.830970497801899910e-03 6.589825730770826340e-03 1.967053487896919250e-02 1.639379560947418213e-02 1.325113233178853989e-02 2.084434404969215393e-02 3.342667594552040100e-02 3.355151787400245667e-02 2.544593438506126404e-02 8.860127069056034088e-03 4.203992430120706558e-04 2.047804370522499084e-02 9.348264336585998535e-02 1.313778758049011230e-02 4.017745703458786011e-02 3.434096276760101318e-02 4.548057168722152710e-02 7.343754172325134277e-03 6.790903210639953613e-02 4.333058744668960571e-02 1.067305356264114380e-01 5.648579075932502747e-02 1.178170293569564819e-01 5.112558603286743164e-02 9.342681616544723511e-03 2.207415550947189331e-02 1.668756082653999329e-02 3.053020220249891281e-03 5.550245568156242371e-02 1.480713952332735062e-03 3.165706759318709373e-03 1.402906887233257294e-02 8.367694169282913208e-02 2.156096324324607849e-02 6.956206168979406357e-03 2.818548353388905525e-03 1.780673116445541382e-02 8.406830951571464539e-03 6.346198916435241699e-02 3.115246631205081940e-02 9.418925270438194275e-03 3.699263185262680054e-02 2.573971822857856750e-02 1.801572926342487335e-02 3.600413445383310318e-03 7.638519629836082458e-03 1.133377104997634888e-02 7.921789772808551788e-03 4.175964370369911194e-02 5.843892693519592285e-02 5.221764557063579559e-03 2.604373358190059662e-02 1.251316349953413010e-02 1.864278316497802734e-02 9.142786264419555664e-03 1.564274728298187256e-02 1.134898792952299118e-02 4.590564966201782227e-02 1.184960082173347473e-02 9.482372552156448364e-04
8.836945518851280212e-03 4.274387843906879425e-03 4.631644114851951599e-03 1.067942939698696136e-02 2.441054582595825195e-02 1.045171543955802917e-02 2.964348159730434418e-02 9.679934009909629822e-03 5.760698020458221436e-02 4.370990693569183350e-01 1.865888573229312897e-02 1.123555935919284821e-02 7.274697534739971161e-03 4.512986913323402405e-02 9.115310385823249817e-03 9.780572727322578430e-03 9.356365539133548737e-03 1.980757527053356171e-02 4.215613007545471191e-02 2.737678214907646179e-02 2.544761821627616882e-02 2.180761843919754028e-02 4.779725521802902222e-02 7.519201934337615967e-02 6.515055429190397263e-03 9.553356794640421867e-04 3.053388744592666626e-02 2.547012269496917725e-02 1.148420106619596481e-02 4.254439845681190491e-02 1.315594650804996490e-02 8.242628537118434906e-03 6.516869645565748215e-03 4.182831197977066040e-02 1.315996423363685608e-02 3.254090994596481323e-02 4.923796281218528748e-02 2.050380408763885498e-02 2.260533347725868225e-02 1.887563429772853851e-02 2.449066750705242157e-02 6.728301756083965302e-03 2.880695834755897522e-02 1.197865512222051620e-02 1.465910207480192184e-02 4.195744171738624573e-02 2.267506346106529236e-02 1.836388185620307922e-02 5.886209011077880859e-02 7.418504357337951660e-02 6.282121874392032623e-03 1.512247137725353241e-02 3.937605768442153931e-03 9.950019419193267822e-03 4.962807148694992065e-02 8.832778036594390869e-02 1.633239723742008209e-02 2.199693117290735245e-03 2.977433614432811737e-02 3.293155459687113762e-04 1.056826487183570862e-02 1.198147237300872803e-02 8.289817720651626587e-03 4.330308362841606140e-02 9.570127353072166443e-03 2.323551801964640617e-03 1.526600867509841919e-02 8.390077389776706696e-03 2.629831433296203613e-02 4.588536173105239868e-02 1.074746483936905861e-03 1.434471458196640015e-02 4.264299198985099792e-02 4.808202385902404785e-02 1.093991659581661224e-02 8.427405729889869690e-03 1.722244051052257419e-04 1.070769503712654114e-01 5.779718607664108276e-02 1.021888926625251770e-01 7.787140086293220520e-03 3.356732800602912903e-02 1.677211001515388489e-02 5.655692517757415771e-02 2.874827757477760315e-02 7.385988533496856689e-02 5.960131995379924774e-03 8.073380216956138611e-03 1.444529276341199875e-02 6.077110394835472107e-02 2.115737833082675934e-02 2.550796978175640106e-02 1.617798395454883575e-02 3.969732671976089478e-03 3.473752411082386971e-03 4.558697342872619629e-02 3.894937038421630859e-02 1.049323659390211105e-02 2.092478051781654358e-02 3.261642903089523315e-02 1.158943772315979004e-02 2.217771112918853760e-02 2.026353729888796806e-03 1.361624570563435555e-03 3.517852351069450378e-02 2.509606257081031799e-02 5.373744294047355652e-03 4.018330946564674377e-02 2.810788527131080627e-02 1.600397983565926552e-03 2.585301175713539124e-02 8.956968784332275391e-03 2.607032842934131622e-02 2.358789183199405670e-02 1.755473576486110687e-02 9.655583649873733521e-03
5.582980439066886902e-02 5.131107568740844727e-02 2.966217324137687683e-02 2.795763686299324036e-02 5.642369389533996582e-03 4.985016211867332458e-02 2.984599210321903229e-02 8.399056270718574524e-03 1.089202705770730972e-02 1.865888573229312897e-02 4.148268997669219971e-01 3.364030737429857254e-03 1.218411475419998169e-01 6.696530617773532867e-03 7.207804173231124878e-02 1.574093475937843323e-02 4.325286298990249634e-02 6.353313568979501724e-03 2.130808122456073761e-02 3.289032247266732156e-05 4.662086442112922668e-02 4.731086641550064087e-02 2.284845896065235138e-02 1.631972938776016235e-02 4.425808042287826538e-02 2.417068742215633392e-02 3.323965519666671753e-02 4.629863426089286804e-03 8.203700184822082520e-02 1.934786513447761536e-02 6.244222819805145264e-02 1.745824329555034637e-02 1.694525219500064850e-02 2.453801594674587250e-02 3.338057547807693481e-02 3.139676898717880249e-02 3.143017739057540894e-02 3.767294110730290413e-03 2.479280577972531319e-03 2.475290093570947647e-03 2.230282314121723175e-02 1.590005494654178619e-02 4.123551771044731140e-03 5.784663371741771698e-04 1.644288538955152035e-03 1.136816665530204773e-02 4.624316096305847168e-02 3.344134613871574402e-02 1.606416702270507812e-02 1.509094890207052231e-02 2.263197116553783417e-02 2.110856026411056519e-02 1.643125526607036591e-02 3.534100949764251709e-02 3.047129884362220764e-02 2.057848870754241943e-02 3.269067406654357910e-02 2.704615518450737000e-02 3.867541207000613213e-03 1.958907954394817352e-02 1.008147466927766800e-02 4.787472076714038849e-03 2.351422421634197235e-02 1.884920895099639893e-02 4.416561871767044067e-02 3.599695861339569092e-02 2.794636413455009460e-02 4.150007665157318115e-02 2.902065962553024292e-02 3.900481015443801880e-02 2.076177671551704407e-02 2.136027469532564282e-04 1.001298893243074417e-02 9.372744709253311157e-03 4.872028250247240067e-03 6.045342888683080673e-03 8.356614038348197937e-03 1.177385821938514709e-02 3.484837338328361511e-02 1.652392745018005371e-02 5.999715533107519150e-03 1.006691809743642807e-02 1.848738640546798706e-02 1.276073325425386429e-02 3.108874370809644461e-04 3.020292613655328751e-03 5.634713172912597656e-02 3.865488618612289429e-02 3.094289451837539673e-02 1.359847374260425568e-02 4.380078241229057312e-02 5.115739628672599792e-02 6.070642918348312378e-02 8.986615575850009918e-03 3.977625444531440735e-02 3.999039903283119202e-02 1.927785389125347137e-02 1.954843476414680481e-02 3.423865512013435364e-02 3.596015274524688721e-02 5.699191708117723465e-03 2.361415140330791473e-02 1.561111025512218475e-02 6.315435282886028290e-03 7.750250864773988724e-03 2.564791962504386902e-02 6.474424619227647781e-03 7.917925715446472168e-03 1.413052435964345932e-03 2.209722064435482025e-02 1.619063690304756165e-02 2.592692896723747253e-02 1.244564657099545002e-03 2.098071947693824768e-02 3.072197083383798599e-03 2.522948943078517914e-02
3.961745277047157288e-02 4.013306647539138794e-02 2.834811992943286896e-02 2.422454208135604858e-02 1.587734441272914410e-03 3.016689792275428772e-02 2.434005402028560638e-02 1.978086493909358978e-02 6.545547395944595337e-02 1.123555935919284821e-02 3.364030737429857254e-03 4.297959804534912109e-01 5.668682511895895004e-03 1.084445491433143616e-01 3.351772949099540710e-02 1.883285678923130035e-02 2.035614103078842163e-02 2.262736484408378601e-02 5.989317782223224640e-03 4.824068769812583923e-02 2.883377857506275177e-02 1.205819007009267807e-02 6.592781841754913330e-02 1.901290751993656158e-02 4.098102822899818420e-02 1.175756799057126045e-03 1.366095617413520813e-02 1.330915540456771851e-01 1.835020608268678188e-03 9.891337901353836060e-02 3.372346516698598862e-03 3.076333925127983093e-02 3.262354433536529541e-02 2.534748055040836334e-02 8.278967812657356262e-03 2.031887415796518326e-03 1.870768889784812927e-02 2.083079330623149872e-02 5.652755498886108398e-03 2.470329217612743378e-02 1.266019884496927261e-02 1.722596026957035065e-02 9.238419006578624249e-04 1.219395641237497330e-02 1.104634776711463928e-01 5.975770205259323120e-02 3.617248311638832092e-02 2.864901348948478699e-02 1.941015711054205894e-03 5.129603203386068344e-03 6.114172190427780151e-02 8.046091347932815552e-02 6.307009141892194748e-03 8.333136327564716339e-03 2.273597009479999542e-02 6.003952585160732269e-03 3.923296462744474411e-03 3.418756276369094849e-02 6.232469342648983002e-03 2.624197117984294891e-02 1.062736380845308304e-02 1.764679327607154846e-03 1.993891783058643341e-02 1.270823064260184765e-03 4.622178524732589722e-02 1.079265121370553970e-02 5.331013351678848267e-02 1.434790156781673431e-02 2.586921676993370056e-02 8.553210645914077759e-03 1.089001190848648548e-03 2.887809090316295624e-02 4.414251446723937988e-02 3.097387403249740601e-02 1.034943852573633194e-02 2.517692558467388153e-02 5.007478222250938416e-02 1.670287176966667175e-02 6.956535577774047852e-02 1.336541213095188141e-02 1.825885660946369171e-02 3.395603597164154053e-02 2.856283076107501984e-02 1.585200615227222443e-02 2.013974636793136597e-02 2.741327974945306778e-03 1.759556820616126060e-03 1.054102613124996424e-04 7.040841132402420044e-02 3.939839079976081848e-02 1.914525404572486877e-02 4.268059972673654556e-03 4.873870871961116791e-03 4.927275236696004868e-03 1.074043195694684982e-02 1.378346886485815048e-02 1.778046600520610809e-02 2.259125001728534698e-03 1.773508079349994659e-02 7.485912181437015533e-03 1.903183944523334503e-02 2.506308257579803467e-02 6.375153549015522003e-03 6.914183031767606735e-03 5.054308101534843445e-03 6.203782744705677032e-03 1.971095614135265350e-02 4.847498610615730286e-03 2.439477108418941498e-02 1.901116222143173218e-03 1.350621599704027176e-02 2.886749804019927979e-02 1.525930408388376236e-02 3.634364111348986626e-03 5.681167915463447571e-02 1.441645901650190353e-02
5.931853502988815308e-02 6.014737114310264587e-02 1.194204110652208328e-02 2.155333943665027618e-02 1.423964742571115494e-02 6.510592997074127197e-02 3.615253046154975891e-02 7.190003991127014160e-03 2.302724635228514671e-03 7.274697534739971161e-03 1.218411475419998169e-01 5.668682511895895004e-03 4.114653766155242920e-01 4.276181105524301529e-03 7.795942574739456177e-02 1.909672282636165619e-03 4.307526722550392151e-02 4.199631046503782272e-03 1.503958483226597309e-04 7.026748731732368469e-03 1.983539573848247528e-02 5.174646154046058655e-02 1.300449762493371964e-02 1.343252789229154587e-02 3.763766959309577942e-02 7.299180142581462860e-04 5.743783898651599884e-03 1.712636463344097137e-02 7.588197290897369385e-02 2.874374017119407654e-02 7.923731207847595215e-02 8.594677201472222805e-04 3.245893400162458420e-03 6.254545412957668304e-03 3.276917338371276855e-02 2.381441183388233185e-02 1.586343161761760712e-02 3.438703715801239014e-03 1.039834320545196533e-02 8.217320777475833893e-03 3.407126525416970253e-03 7.014686707407236099e-03 1.503919623792171478e-02 2.830888330936431885e-02 9.757059626281261444e-03 9.082210250198841095e-03 2.854565158486366272e-02 2.198550105094909668e-02 8.632851764559745789e-03 6.884688511490821838e-03 2.833781018853187561e-02 1.541917491704225540e-02 1.477984432131052017e-02 2.520525641739368439e-02 3.871511295437812805e-02 1.253490522503852844e-02 3.745444118976593018e-02 1.372550893574953079e-02 2.868274413049221039e-02 2.346208505332469940e-02 1.302681583911180496e-02 2.801580913364887238e-02 2.192019112408161163e-02 1.343183591961860657e-02 5.735300853848457336e-02 4.887354001402854919e-02 1.344413403421640396e-02 1.800695247948169708e-02 8.400022983551025391e-03 2.596150524914264679e-02 1.240112818777561188e-02 1.405640970915555954e-03 1.784619130194187164e-02 1.015111524611711502e-02 2.142581623047590256e-03 5.990978330373764038e-03 6.796722300350666046e-03 1.156586874276399612e-02 3.165758401155471802e-02 1.537563093006610870e-02 4.275856073945760727e-03 4.263788461685180664e-03 2.097777463495731354e-02 2.803311496973037720e-02 4.219586029648780823e-03 1.946397498250007629e-02 6.248936057090759277e-02 4.492730274796485901e-02 1.596038229763507843e-02 2.147768158465623856e-03 3.816205635666847229e-02 4.481334239244461060e-02 3.786500543355941772e-02 8.387665264308452606e-03 1.182141620665788651e-02 3.098760545253753662e-02 3.827314823865890503e-03 1.827378757297992706e-02 2.316776476800441742e-02 2.968827448785305023e-02 8.202866651117801666e-03 1.177072525024414062e-02 1.558874268084764481e-02 5.638214759528636932e-03 1.960699446499347687e-03 1.782933250069618225e-02 1.849599881097674370e-03 3.941117320209741592e-03 1.101296511478722095e-03 2.018704637885093689e-02 9.803339838981628418e-03 1.730182394385337830e-02 5.284690763801336288e-03 3.341685980558395386e-02 1.198533922433853149e-02 4.099298641085624695e-02
