1.095850691199302673e-01 1.628974229097366333e-01 2.926101209595799446e-03 5.010749772191047668e-02 6.760059390217065811e-03 2.175553292036056519e-01 1.465118080377578735e-01 2.930469997227191925e-02 2.924132905900478363e-02 4.152633249759674072e-02 1.295513510704040527e-01 2.207247354090213776e-02 9.724948555231094360e-02 1.593760401010513306e-02 2.041337080299854279e-02 3.147101029753684998e-02 5.966589786112308502e-03 1.826768368482589722e-02 5.607001855969429016e-02 1.595815643668174744e-02 3.810904175043106079e-02 2.749014459550380707e-02 4.491739347577095032e-02 2.987498603761196136e-02 1.322546880692243576e-02 4.592122568283230066e-04 3.388309478759765625e-02 8.629885315895080566e-02 6.213763356208801270e-02 3.842956153675913811e-03 4.290864244103431702e-02 4.732594639062881470e-02 2.378455176949501038e-02 5.027845036238431931e-03 3.370872884988784790e-02 4.991073161363601685e-02 7.703605573624372482e-03 2.428104728460311890e-02 4.449765197932720184e-03 2.899446338415145874e-02 2.091215923428535461e-02 1.218499056994915009e-02 9.523381013423204422e-04 2.203978411853313446e-02 4.618060961365699768e-02 5.494679138064384460e-02 7.666314393281936646e-02 1.964499708265066147e-03 6.778937578201293945e-02 4.013640433549880981e-02 1.690285652875900269e-02 1.204375736415386200e-02 2.457639388740062714e-02 3.034214302897453308e-02 4.069440066814422607e-02 9.053411334753036499e-02 3.208195790648460388e-02 3.464445844292640686e-02 1.872944273054599762e-02 2.801601774990558624e-03 4.514890164136886597e-02 3.847859799861907959e-02 5.613867565989494324e-02 8.154096081852912903e-03 3.612671047449111938e-02 1.872991770505905151e-02 7.167898584157228470e-03 4.144876822829246521e-02 1.524933427572250366e-02 2.467374876141548157e-02 3.158343210816383362e-02 2.246341109275817871e-02 8.505235426127910614e-03 1.381487771868705750e-02 2.101279795169830322e-03 2.108433470129966736e-02 3.904985263943672180e-02 2.439562231302261353e-03 1.488625351339578629e-02 2.235875464975833893e-03 1.709726825356483459e-02 8.587915450334548950e-03 2.569178678095340729e-02 4.958827514201402664e-03 2.333979122340679169e-02 1.718543842434883118e-02 5.224031955003738403e-02 1.152677927166223526e-02 5.007541179656982422e-02 1.175311952829360962e-02 5.006916075944900513e-02 5.205947905778884888e-02 6.576551496982574463e-02 1.926129125058650970e-02 2.720605023205280304e-02 2.932856045663356781e-02 3.734349086880683899e-02 2.242554724216461182e-02 1.650884374976158142e-02 3.696902468800544739e-02 1.891496218740940094e-02 8.758585900068283081e-03 4.489234089851379395e-02 3.789320588111877441e-02 4.337363690137863159e-02 2.839449420571327209e-02 1.270411629229784012e-02 9.350445121526718140e-03 4.567160829901695251e-02 7.252831012010574341e-03 1.682932674884796143e-02 2.352743409574031830e-02 1.027284562587738037e-02 2.407949790358543396e-02 2.558968588709831238e-02 1.250748988240957260e-02
1.628974229097366333e-01 1.371132731437683105e-01 8.618294447660446167e-02 2.774400636553764343e-03 8.614486083388328552e-03 1.194067224860191345e-01 1.230196878314018250e-01 2.516680583357810974e-02 2.309339307248592377e-02 3.520019352436065674e-02 7.684136927127838135e-02 5.376861616969108582e-02 8.794678747653961182e-02 4.276658967137336731e-02 3.850395558401942253e-03 2.161260321736335754e-02 1.714150793850421906e-02 2.918257005512714386e-02 1.583798439241945744e-03 1.267218030989170074e-02 3.877802565693855286e-02 3.909553959965705872e-02 2.999234199523925781e-02 2.480425685644149780e-02 6.579096894711256027e-03 1.718255504965782166e-02 1.319598592817783356e-02 5.775439739227294922e-02 8.966523222625255585e-03 3.821307048201560974e-02 1.584840565919876099e-02 1.834153197705745697e-02 3.712194412946701050e-02 2.966724894940853119e-02 3.481400758028030396e-02 5.704664438962936401e-02 2.881202101707458496e-02 4.240137338638305664e-02 4.152678325772285461e-02 4.949711635708808899e-02 3.676847741007804871e-02 3.040373697876930237e-02 1.853759586811065674e-02 2.036154456436634064e-02 4.832876846194267273e-02 8.089087903499603271e-03 8.062180131673812866e-02 4.257448017597198486e-02 1.838522404432296753e-02 4.567622765898704529e-02 2.885765582323074341e-02 2.592926472425460815e-02 2.713561430573463440e-02 1.202318631112575531e-02 1.969061326235532761e-03 2.598571777343750000e-02 2.837487682700157166e-02 5.590734537690877914e-03 3.771046921610832214e-02 1.240221876651048660e-02 3.507920727133750916e-02 1.117257401347160339e-02 1.129374932497739792e-02 1.150677213445305824e-03 1.994802057743072510e-02 8.491359185427427292e-04 1.170681044459342957e-02 3.236547484993934631e-02 1.596443541347980499e-02 1.787958852946758270e-02 2.930992841720581055e-02 7.112205028533935547e-03 1.222050283104181290e-02 6.061674561351537704e-03 2.040792442858219147e-02 7.039601448923349380e-03 9.441867470741271973e-03 3.573139384388923645e-02 2.259792573750019073e-02 2.456212416291236877e-02 4.119238350540399551e-03 9.765888564288616180e-03 4.012840508949011564e-04 3.873214125633239746e-02 1.398049481213092804e-02 1.411455404013395309e-02 2.896207198500633240e-02 2.471430040895938873e-02 4.243597015738487244e-02 2.370817400515079498e-02 2.140044467523694038e-03 3.483663126826286316e-02 2.830943791195750237e-03 1.643051579594612122e-02 1.345103699713945389e-02 6.847328040748834610e-03 2.410276792943477631e-03 1.682176627218723297e-02 1.624828018248081207e-02 4.652857314795255661e-03 4.932605195790529251e-03 2.853494510054588318e-02 2.235843800008296967e-02 7.904926314949989319e-03 3.692315518856048584e-02 3.987480327486991882e-02 6.125690881162881851e-03 4.682841710746288300e-03 2.719454653561115265e-02 4.985729232430458069e-03 1.367057301104068756e-02 9.103633463382720947e-03 5.619509145617485046e-03 6.762584298849105835e-02 6.203214079141616821e-02 2.697415277361869812e-02
2.926101209595799446e-03 8.618294447660446167e-02 4.599513113498687744e-02 1.279132440686225891e-02 2.672857977449893951e-02 1.409765239804983139e-02 4.719593375921249390e-02 7.020412385463714600e-02 4.654775559902191162e-02 4.131726920604705811e-02 6.781039386987686157e-02 1.147944480180740356e-01 3.499346598982810974e-02 7.857614755630493164e-02 2.463892335072159767e-03 6.632621586322784424e-02 8.880796283483505249e-02 7.321458309888839722e-02 1.470071226358413696e-01 5.318048060871660709e-04 2.271109633147716522e-02 4.063929617404937744e-02 1.729621551930904388e-02 2.566717751324176788e-02 3.388364985585212708e-02 3.296477720141410828e-02 6.114256381988525391e-02 2.610941592138260603e-04 1.880728080868721008e-02 9.260559827089309692e-02 8.327369578182697296e-03 1.716404780745506287e-02 2.940401993691921234e-02 1.447355654090642929e-02 1.402347255498170853e-02 5.899198353290557861e-02 7.103770226240158081e-02 4.357902333140373230e-02 4.990633577108383179e-02 3.105008415877819061e-02 1.443798840045928955e-02 3.901132196187973022e-02 3.445838112384080887e-03 1.071649193763732910e-01 7.660873234272003174e-02 2.416254486888647079e-03 1.311731897294521332e-02 2.246716991066932678e-02 4.735452588647603989e-03 4.096017219126224518e-03 2.689313143491744995e-02 3.047272562980651855e-02 5.925250239670276642e-03 1.586413383483886719e-02 3.952827304601669312e-02 3.146340325474739075e-02 2.726009488105773926e-02 1.602353528141975403e-02 5.187048390507698059e-02 4.678412154316902161e-02 5.906295496970415115e-03 4.536018520593643188e-02 7.093339692801237106e-03 1.156547106802463531e-03 5.339637026190757751e-02 2.375698462128639221e-02 4.513419046998023987e-02 3.649041056632995605e-03 4.075794294476509094e-02 3.689650073647499084e-02 6.695791613310575485e-03 1.243433505296707153e-01 6.183104962110519409e-02 6.254551559686660767e-02 4.632053896784782410e-03 8.204183727502822876e-02 8.819263428449630737e-03 4.307696595788002014e-02 5.238236486911773682e-02 3.931868076324462891e-02 1.190238147974014282e-01 9.169603139162063599e-02 1.754167675971984863e-02 3.962977603077888489e-02 1.986269652843475342e-02 8.327323943376541138e-03 3.089391626417636871e-02 3.814515098929405212e-02 3.556013479828834534e-02 2.156172133982181549e-02 1.724708126857876778e-03 4.511303454637527466e-02 1.392327900975942612e-02 4.600835964083671570e-02 2.509763464331626892e-02 3.378804028034210205e-02 6.662964820861816406e-03 3.893591091036796570e-02 7.835107855498790741e-03 3.923964500427246094e-02 3.619264438748359680e-02 4.904896020889282227e-02 3.441358357667922974e-02 1.542777009308338165e-02 1.808650232851505280e-02 1.184848789125680923e-02 8.366747945547103882e-02 5.645872652530670166e-02 4.737783968448638916e-02 5.090888217091560364e-02 1.701741595752537251e-03 6.450968980789184570e-02 1.832978427410125732e-02 5.182092636823654175e-02 3.167048469185829163e-02 7.449654489755630493e-02
5.010749772191047668e-02 2.774400636553764343e-03 1.279132440686225891e-02 1.702596694231033325e-01 1.177374869585037231e-01 1.356842648237943649e-02 3.332292288541793823e-02 5.077912937849760056e-03 5.032801069319248199e-03 4.705342650413513184e-02 2.567592635750770569e-02 3.387537971138954163e-02 3.508297353982925415e-02 2.336006984114646912e-02 6.462758034467697144e-02 9.305262006819248199e-03 3.875243943184614182e-03 5.002795159816741943e-02 1.320989727973937988e-01 2.195576962549239397e-04 2.637998014688491821e-02 4.475622624158859253e-02 3.477586433291435242e-02 5.067307129502296448e-02 5.713205900974571705e-04 1.159820426255464554e-02 3.627343103289604187e-02 2.039783261716365814e-02 6.018029525876045227e-04 5.324720591306686401e-02 2.205837890505790710e-02 2.803591312840580940e-03 6.998328864574432373e-02 6.240126211196184158e-03 5.681310594081878662e-02 1.609843038022518158e-02 3.128173202276229858e-02 1.418419741094112396e-02 5.277121067047119141e-02 5.948896706104278564e-02 6.979700177907943726e-03 3.443309292197227478e-02 1.734357327222824097e-02 4.325212910771369934e-03 3.905602544546127319e-02 4.807862266898155212e-02 3.232091665267944336e-02 1.145432237535715103e-03 1.423558685928583145e-02 3.192131407558917999e-03 3.364749252796173096e-02 1.891269907355308533e-02 9.784979745745658875e-03 2.436918765306472778e-02 2.224387973546981812e-02 5.277919024229049683e-02 1.313478872179985046e-02 2.120979363098740578e-03 2.831031009554862976e-02 6.315233558416366577e-02 5.032476410269737244e-02 6.974821537733078003e-02 1.077246218919754028e-01 5.398821830749511719e-02 6.211674772202968597e-04 9.207178838551044464e-03 7.735671475529670715e-03 2.765810675919055939e-02 7.663486897945404053e-02 1.609184779226779938e-02 8.130890130996704102e-02 5.012279748916625977e-02 1.564638912677764893e-01 5.139730870723724365e-02 9.104208648204803467e-02 7.885691709816455841e-03 3.999189287424087524e-02 3.610179200768470764e-02 2.435769513249397278e-02 2.291415818035602570e-02 6.431647925637662411e-04 4.440847411751747131e-02 4.669292643666267395e-02 5.385598912835121155e-02 1.686343364417552948e-02 2.475929073989391327e-02 5.302604287862777710e-03 2.835894376039505005e-02 5.035898461937904358e-02 1.179285999387502670e-02 5.606960970908403397e-03 7.110812235623598099e-03 2.697753906250000000e-02 4.977236501872539520e-03 6.595151126384735107e-02 4.429138824343681335e-02 1.055175513029098511e-01 2.447100728750228882e-02 5.611911043524742126e-02 4.344546049833297729e-02 4.001566208899021149e-03 5.773769691586494446e-03 5.434424430131912231e-02 4.699549823999404907e-02 3.949702903628349304e-02 1.082233060151338577e-02 3.428230807185173035e-02 8.682582527399063110e-02 2.091340161859989166e-02 4.431657120585441589e-02 2.838635817170143127e-02 1.334153674542903900e-02 1.588066481053829193e-02 2.795964106917381287e-02 6.404846906661987305e-02 3.049459680914878845e-02
6.760059390217065811e-03 8.614486083388328552e-03 2.672857977449893951e-02 1.177374869585037231e-01 1.954154074192047119e-01 1.084076124243438244e-03 5.159502383321523666e-03 8.365446701645851135e-03 5.736340582370758057e-02 9.515632875263690948e-03 7.460974622517824173e-03 1.446253992617130280e-02 1.116036530584096909e-02 1.612235419452190399e-02 3.594661597162485123e-03 1.473238505423069000e-02 5.968771874904632568e-04 5.168795213103294373e-02 1.003453209996223450e-01 7.247890345752239227e-03 1.517908275127410889e-02 1.628352887928485870e-02 2.874286472797393799e-02 5.459346622228622437e-02 6.149345263838768005e-02 2.294689975678920746e-02 1.752460561692714691e-02 2.483405731618404388e-02 4.538943991065025330e-02 1.219314336776733398e-02 2.733914181590080261e-02 2.183047495782375336e-02 2.537741698324680328e-02 4.306877031922340393e-02 3.240731358528137207e-02 3.013630397617816925e-02 4.510732833296060562e-03 2.069597877562046051e-02 2.729279175400733948e-02 1.871572248637676239e-02 2.568990178406238556e-02 7.515460252761840820e-03 2.546657994389533997e-02 8.640065061626955867e-06 4.416674375534057617e-02 1.843558065593242645e-02 1.670273393392562866e-02 3.946029115468263626e-03 2.174081467092037201e-02 2.004453167319297791e-02 6.054707244038581848e-02 7.073555886745452881e-02 1.875970698893070221e-02 1.035793466144241393e-04 3.084414079785346985e-02 8.796443231403827667e-03 7.505653053522109985e-02 2.591096609830856323e-02 2.468053251504898071e-02 7.555277552455663681e-03 1.842236518859863281e-02 4.723613336682319641e-02 2.682728879153728485e-02 6.806579977273941040e-02 1.010726485401391983e-02 9.595253504812717438e-03 5.710697546601295471e-02 4.353456571698188782e-02 7.858548313379287720e-02 7.180550135672092438e-03 5.952605605125427246e-02 2.479927381500601768e-03 9.521111100912094116e-02 2.858688496053218842e-02 1.078012958168983459e-01 1.744098775088787079e-02 8.020102232694625854e-02 6.170638371258974075e-03 5.038207769393920898e-02 3.240187466144561768e-02 1.604570448398590088e-02 7.738135010004043579e-02 6.818351894617080688e-02 1.122546270489692688e-01 5.099146813154220581e-02 7.086552679538726807e-02 1.700866385363042355e-03 2.031805226579308510e-03 1.317226514220237732e-02 5.241384729743003845e-03 1.690924912691116333e-02 3.635728359222412109e-02 2.044387534260749817e-02 2.013454586267471313e-02 6.738609075546264648e-02 2.887458167970180511e-02 2.183667011559009552e-02 2.891157753765583038e-02 7.871285825967788696e-02 6.022434681653976440e-02 3.015361912548542023e-02 2.636946551501750946e-02 8.951176889240741730e-03 9.365170262753963470e-03 2.566874958574771881e-02 4.326348716858774424e-04 5.774682387709617615e-02 7.831771671772003174e-02 1.142158452421426773e-02 8.466020971536636353e-02 3.019692376255989075e-02 6.747314240783452988e-03 1.629371568560600281e-02 8.948760107159614563e-03 6.413044035434722900e-02 4.045728966593742371e-02
2.175553292036056519e-01 1.194067224860191345e-01 1.409765239804983139e-02 1.356842648237943649e-02 1.084076124243438244e-03 1.295401751995086670e-01 2.056012600660324097e-01 2.118040621280670166e-02 1.223434042185544968e-02 3.263887390494346619e-02 1.084553003311157227e-01 1.165052056312561035e-01 6.150849908590316772e-02 9.357764571905136108e-02 2.118929475545883179e-02 2.180167846381664276e-02 2.402598969638347626e-03 6.493989378213882446e-03 2.032655477523803711e-02 5.086481571197509766e-02 2.569262497127056122e-02 5.002166144549846649e-03 6.230008974671363831e-02 4.015678167343139648e-02 2.754873409867286682e-02 2.268487215042114258e-02 3.334496542811393738e-02 1.859374903142452240e-02 5.721725150942802429e-02 2.990023046731948853e-02 7.573542743921279907e-02 7.795557845383882523e-03 2.730606123805046082e-02 2.153590321540832520e-02 3.666540607810020447e-02 2.412779629230499268e-02 1.909648999571800232e-02 1.076178904622793198e-02 4.232262820005416870e-02 2.518020756542682648e-02 1.281292922794818878e-02 4.670792445540428162e-02 4.534149542450904846e-02 2.641117013990879059e-02 6.166156847029924393e-03 2.662997692823410034e-02 1.462221890687942505e-01 4.901804029941558838e-02 5.315463244915008545e-02 4.309666156768798828e-02 1.823927648365497589e-02 2.247413061559200287e-02 2.578286081552505493e-02 2.527963742613792419e-02 3.944598510861396790e-02 3.278719261288642883e-02 8.582700043916702271e-03 1.669034175574779510e-02 1.843514293432235718e-02 3.243892639875411987e-02 2.248696982860565186e-02 2.955366671085357666e-02 5.549967661499977112e-02 3.034106642007827759e-02 1.585866883397102356e-02 2.548212371766567230e-02 2.924394048750400543e-02 3.982298821210861206e-02 3.745106281712651253e-03 2.208048291504383087e-02 3.981624543666839600e-02 5.175677686929702759e-02 1.017556618899106979e-02 1.484848186373710632e-02 2.037306874990463257e-02 2.494621835649013519e-02 2.237994596362113953e-02 2.677311375737190247e-02 1.988566108047962189e-02 5.529976449906826019e-03 6.059971055947244167e-04 3.164694458246231079e-02 1.010384410619735718e-02 2.711252123117446899e-02 6.881847046315670013e-03 3.072546422481536865e-02 3.488067910075187683e-02 5.541108082979917526e-03 5.015761125832796097e-03 4.391619190573692322e-02 3.545139357447624207e-02 3.108476288616657257e-03 5.832446273416280746e-03 3.622052818536758423e-02 1.934233732754364610e-04 1.555328909307718277e-02 2.552661579102277756e-03 1.702661067247390747e-02 5.019802600145339966e-02 2.798365429043769836e-03 2.938634948804974556e-03 1.457089371979236603e-02 3.021616488695144653e-02 1.034507434815168381e-02 1.777995750308036804e-02 1.715634576976299286e-02 4.674671217799186707e-02 1.387864351272583008e-02 2.794100902974605560e-02 5.753353238105773926e-03 4.315249249339103699e-02 7.362244650721549988e-03 4.821076989173889160e-02 5.938761308789253235e-02 4.820322617888450623e-02 4.443898051977157593e-02
1.465118080377578735e-01 1.230196878314018250e-01 4.719593375921249390e-02 3.332292288541793823e-02 5.159502383321523666e-03 2.056012600660324097e-01 1.483288109302520752e-01 2.211331576108932495e-02 8.255327120423316956e-03 4.312757030129432678e-02 6.841884553432464600e-02 7.344187051057815552e-02 4.618604481220245361e-02 6.627598404884338379e-02 2.480072155594825745e-02 1.017266511917114258e-02 2.905464544892311096e-02 8.465153165161609650e-03 4.195635020732879639e-02 1.788365654647350311e-02 1.091695483773946762e-02 3.299758303910493851e-03 6.214350461959838867e-02 6.518554687500000000e-02 2.945590764284133911e-02 1.506832428276538849e-02 3.043543361127376556e-02 2.405751682817935944e-02 1.108117029070854187e-02 5.818415805697441101e-02 6.577531993389129639e-02 1.637881621718406677e-02 4.955038800835609436e-02 1.356868632137775421e-02 3.499390184879302979e-02 6.692554336041212082e-03 4.034417495131492615e-02 3.119496628642082214e-02 2.429447136819362640e-02 2.308047004044055939e-02 3.621143288910388947e-03 2.974942093715071678e-03 2.737321890890598297e-02 2.502560056746006012e-02 9.030771441757678986e-03 1.198264677077531815e-02 2.032679319381713867e-01 1.139872744679450989e-01 2.917287498712539673e-02 9.072017855942249298e-03 1.045808894559741020e-03 2.646302431821823120e-02 9.595690667629241943e-02 2.432496100664138794e-02 2.039102837443351746e-02 2.989165298640727997e-02 1.786874793469905853e-02 3.031202033162117004e-02 2.383100986480712891e-02 1.438189763575792313e-02 4.804129526019096375e-02 3.055969253182411194e-03 2.226914744824171066e-03 5.479988455772399902e-02 4.506697878241539001e-03 2.398001216351985931e-02 8.454617112874984741e-03 1.863632537424564362e-02 1.571401767432689667e-02 2.908417489379644394e-03 1.818423159420490265e-02 1.128828432410955429e-02 3.283976018428802490e-02 2.738590538501739502e-02 7.855024188756942749e-03 3.587426245212554932e-02 2.165208756923675537e-02 2.387551032006740570e-02 1.323770824819803238e-02 8.684240281581878662e-03 4.160457104444503784e-02 1.084501110017299652e-02 7.926094532012939453e-02 2.806340157985687256e-02 6.442890735343098640e-04 2.110774442553520203e-02 3.491938859224319458e-02 3.310737665742635727e-03 3.690872713923454285e-02 2.483898028731346130e-02 1.151373982429504395e-02 8.049423806369304657e-03 4.653653874993324280e-02 4.460230935364961624e-03 2.631540410220623016e-02 2.110210433602333069e-02 1.351584959775209427e-02 2.795889414846897125e-02 4.383326694369316101e-02 1.735402271151542664e-02 6.436179392039775848e-03 3.390067443251609802e-02 4.764822497963905334e-02 3.734659776091575623e-02 1.151361316442489624e-01 6.462339777499437332e-03 1.946168579161167145e-02 5.130258202552795410e-02 2.562357112765312195e-02 1.212315168231725693e-02 4.679782688617706299e-02 6.492145825177431107e-03 2.064541680738329887e-03 2.330699376761913300e-02 6.526212394237518311e-02 1.603641919791698456e-02
2.930469997227191925e-02 2.516680583357810974e-02 7.020412385463714600e-02 5.077912937849760056e-03 8.365446701645851135e-03 2.118040621280670166e-02 2.211331576108932495e-02 1.256220638751983643e-01 2.154302038252353668e-02 2.199140936136245728e-02 1.431811135262250900e-02 2.840597368776798248e-02 1.880834996700286865e-02 8.067689836025238037e-03 7.907068729400634766e-02 3.548367321491241455e-02 6.439155898988246918e-03 1.096870005130767822e-02 6.965544819831848145e-02 1.392074674367904663e-02 1.300402265042066574e-02 2.011882327497005463e-02 5.304982513189315796e-02 5.481335893273353577e-02 7.155339699238538742e-03 3.185149654746055603e-02 3.910754993557929993e-02 4.686877876520156860e-02 9.862396400421857834e-04 5.198687314987182617e-02 3.239612653851509094e-02 1.200215052813291550e-02 1.071947626769542694e-02 2.091521397233009338e-02 9.565452113747596741e-03 2.749538980424404144e-02 2.834140323102474213e-02 7.822641730308532715e-02 3.253069147467613220e-02 2.428442053496837616e-02 1.554656028747558594e-02 5.000757798552513123e-02 3.474325407296419144e-03 4.443182051181793213e-02 9.503414481878280640e-02 1.383630000054836273e-02 1.325361803174018860e-02 4.728249274194240570e-03 6.384759396314620972e-02 7.210667827166616917e-04 8.205445855855941772e-02 7.525913417339324951e-02 2.783920057117938995e-02 6.635707616806030273e-02 5.467191338539123535e-02 2.207179553806781769e-02 3.711079806089401245e-02 1.477379165589809418e-02 1.298401597887277603e-02 4.171651974320411682e-02 2.255944721400737762e-02 3.153952211141586304e-02 8.528980612754821777e-02 1.943281106650829315e-02 5.737620405852794647e-03 3.267674148082733154e-02 2.286608330905437469e-02 2.096653543412685394e-02 3.509376198053359985e-02 2.357967756688594818e-02 3.357941284775733948e-02 1.601177081465721130e-02 3.478578757494688034e-03 1.980336941778659821e-02 1.810491457581520081e-02 1.694034412503242493e-02 1.450729370117187500e-02 1.316377613693475723e-02 1.707738451659679413e-02 2.987229451537132263e-02 1.464247256517410278e-01 6.676129251718521118e-02 2.183912321925163269e-02 2.618344314396381378e-02 2.654219977557659149e-02 3.730218857526779175e-02 6.741827726364135742e-02 5.736374482512474060e-02 3.389241546392440796e-02 4.504909273236989975e-03 1.710514351725578308e-02 1.770159974694252014e-02 9.666914120316505432e-03 5.765024106949567795e-03 1.997810322791337967e-03 4.070406779646873474e-02 3.545057773590087891e-02 1.809911057353019714e-02 3.130102530121803284e-02 3.848138079047203064e-02 5.373698193579912186e-03 1.431655511260032654e-02 1.168443169444799423e-02 1.747533306479454041e-02 2.708844095468521118e-02 7.033266127109527588e-02 2.073824033141136169e-02 3.699693456292152405e-02 1.165531296283006668e-02 3.621297329664230347e-02 2.069658972322940826e-02 3.942507132887840271e-02 4.374371841549873352e-03 4.084295406937599182e-02 1.829310879111289978e-02 4.764565452933311462e-02
2.924132905900478363e-02 2.309339307248592377e-02 4.654775559902191162e-02 5.032801069319248199e-03 5.736340582370758057e-02 1.223434042185544968e-02 8.255327120423316956e-03 2.154302038252353668e-02 1.312603950500488281e-01 9.133974462747573853e-02 5.958846886642277241e-04 2.838561311364173889e-02 3.100726008415222168e-02 5.133173987269401550e-02 4.122838750481605530e-02 1.620525866746902466e-02 5.775088910013437271e-03 8.928980678319931030e-02 1.295018102973699570e-02 2.913753315806388855e-02 2.370363473892211914e-02 4.803954157978296280e-03 6.693809479475021362e-02 6.392916291952133179e-02 3.172343131154775620e-03 4.695577081292867661e-03 5.561336874961853027e-02 1.587211713194847107e-02 5.521198362112045288e-02 7.078289985656738281e-02 2.015216834843158722e-02 9.604339487850666046e-03 6.428249180316925049e-02 3.073950298130512238e-02 4.011743143200874329e-02 4.809517785906791687e-02 2.809496410191059113e-02 1.143130008131265640e-02 5.762302502989768982e-02 2.475849166512489319e-02 2.050818316638469696e-02 1.443764120340347290e-01 4.188534803688526154e-03 2.604637295007705688e-02 6.400142610073089600e-02 2.323925308883190155e-02 6.731773912906646729e-02 4.205317050218582153e-02 9.430858306586742401e-03 4.470544680953025818e-02 6.540928967297077179e-03 7.777047157287597656e-02 8.720252662897109985e-02 1.154219955205917358e-01 1.516398936510086060e-01 2.364100515842437744e-02 1.329479739069938660e-02 1.816799305379390717e-02 1.223386032506823540e-03 1.477975863963365555e-02 6.429645419120788574e-02 3.666776418685913086e-02 2.106644585728645325e-02 4.647159203886985779e-02 4.327634349465370178e-02 1.403152104467153549e-02 2.938780002295970917e-02 1.444716192781925201e-02 5.669835209846496582e-02 2.771993167698383331e-02 2.503494918346405029e-02 3.864774480462074280e-03 8.061791956424713135e-02 1.171274296939373016e-02 4.759120568633079529e-02 3.476926684379577637e-02 1.924124360084533691e-01 7.179915159940719604e-02 7.877575606107711792e-02 8.066973648965358734e-03 1.881957054138183594e-02 7.178916782140731812e-02 4.420224204659461975e-02 3.733170032501220703e-02 4.052537679672241211e-02 3.167203441262245178e-02 3.641302511096000671e-02 4.190450534224510193e-02 4.456963390111923218e-02 4.386873170733451843e-02 6.511067599058151245e-02 8.146151900291442871e-02 4.009798541665077209e-02 8.376018144190311432e-03 9.666453301906585693e-02 3.118790499866008759e-02 3.877008706331253052e-02 9.741088002920150757e-02 1.622693389654159546e-01 1.411483138799667358e-01 2.129697427153587341e-02 6.665353477001190186e-02 5.877019837498664856e-02 5.397837412601802498e-06 5.007518082857131958e-02 4.699108656495809555e-03 1.030983775854110718e-02 2.685841359198093414e-02 1.589214615523815155e-02 3.113573603332042694e-02 2.809256687760353088e-02 2.553610876202583313e-02 4.461542516946792603e-02 4.539765045046806335e-02 1.036790683865547180e-01 1.072528026998043060e-02
4.152633249759674072e-02 3.520019352436065674e-02 4.131726920604705811e-02 4.705342650413513184e-02 9.515632875263690948e-03 3.263887390494346619e-02 4.312757030129432678e-02 2.199140936136245728e-02 9.133974462747573853e-02 9.434153139591217041e-02 5.744113773107528687e-02 1.671994477510452271e-02 4.193601012229919434e-02 1.463404204696416855e-02 3.347803652286529541e-02 4.434350878000259399e-02 1.185068953782320023e-02 1.935769803822040558e-02 9.544586390256881714e-02 1.815653219819068909e-02 2.163711935281753540e-02 3.045898117125034332e-02 4.900557920336723328e-02 5.238374695181846619e-02 1.623550429940223694e-02 3.698289766907691956e-02 3.237728402018547058e-02 1.412341836839914322e-02 4.099818691611289978e-02 5.960820242762565613e-02 2.469429187476634979e-02 9.958596900105476379e-03 9.295891970396041870e-03 3.787289559841156006e-02 2.311360149178653955e-04 6.771258264780044556e-02 2.175127156078815460e-02 6.752923363819718361e-04 3.897342085838317871e-02 6.756970286369323730e-02 2.552347071468830109e-02 3.334400802850723267e-02 9.874368458986282349e-02 4.188036173582077026e-02 1.198698803782463074e-01 1.119209267199039459e-02 4.207018762826919556e-02 2.325864881277084351e-02 7.080256938934326172e-02 6.170123815536499023e-02 2.497760765254497528e-02 1.561096031218767166e-02 1.484253909438848495e-02 2.670914679765701294e-02 3.783655911684036255e-02 7.423288375139236450e-02 5.551241710782051086e-02 1.588484272360801697e-02 8.397473022341728210e-03 1.767378672957420349e-02 2.307470142841339111e-02 4.885732010006904602e-02 1.796832494437694550e-02 3.018024144694209099e-04 3.496988443657755852e-03 1.646953052841126919e-03 9.020211175084114075e-03 4.195638932287693024e-03 1.938177645206451416e-02 9.830290218815207481e-04 3.970412909984588623e-02 5.482967570424079895e-02 7.099910825490951538e-02 1.443831715732812881e-02 4.839437548071146011e-03 1.719961501657962799e-02 6.618333980441093445e-03 1.356170326471328735e-01 2.027329616248607635e-02 1.318040341138839722e-01 2.237170748412609100e-02 5.502292513847351074e-02 4.536436870694160461e-02 7.640226185321807861e-02 4.327440261840820312e-02 9.651455283164978027e-02 2.531409822404384613e-02 3.383891284465789795e-02 2.437784895300865173e-02 7.465313374996185303e-02 2.365525066852569580e-02 1.573683135211467743e-02 7.783988863229751587e-02 2.200845256447792053e-02 6.052060797810554504e-02 7.695797085762023926e-02 2.654842846095561981e-02 1.313684042543172836e-02 2.731610648334026337e-02 5.625829845666885376e-02 1.794871129095554352e-02 2.803005278110504150e-02 4.685077816247940063e-02 3.336358442902565002e-02 1.838256046175956726e-02 2.086576633155345917e-02 4.028150439262390137e-02 2.553860284388065338e-02 2.471900731325149536e-02 1.153053063899278641e-02 3.246228396892547607e-02 1.461488101631402969e-02 7.387772947549819946e-02 7.720130681991577148e-02 2.391571924090385437e-02 6.531836092472076416e-02
1.295513510704040527e-01 7.684136927127838135e-02 6.781039386987686157e-02 2.567592635750770569e-02 7.460974622517824173e-03 1.084553003311157227e-01 6.841884553432464600e-02 1.431811135262250900e-02 5.958846886642277241e-04 5.744113773107528687e-02 1.236066669225692749e-01 5.837581679224967957e-02 9.136818349361419678e-02 2.419057302176952362e-02 1.716147549450397491e-02 3.612268343567848206e-02 2.136570401489734650e-02 1.980532519519329071e-02 2.533121034502983093e-02 2.035927586257457733e-02 2.738978154957294464e-02 5.873379483819007874e-02 5.546174943447113037e-02 4.939136281609535217e-02 1.658931560814380646e-02 1.867778971791267395e-02 4.272742196917533875e-02 2.935854345560073853e-02 2.407400868833065033e-02 2.161372685804963112e-03 2.054931595921516418e-02 2.269677445292472839e-02 5.297032743692398071e-02 2.111538313329219818e-02 2.029885910451412201e-02 4.959326982498168945e-02 6.175890099257230759e-03 3.820815682411193848e-02 5.137170106172561646e-02 8.151589892804622650e-03 3.700819239020347595e-02 1.998420432209968567e-02 1.300866901874542236e-02 4.790346696972846985e-02 5.473451688885688782e-02 2.037428319454193115e-03 5.100738629698753357e-02 3.076919727027416229e-02 6.567896157503128052e-02 5.468208715319633484e-02 3.104060329496860504e-02 6.941970903426408768e-03 4.694018512964248657e-02 2.523453161120414734e-02 5.580436438322067261e-02 7.200289517641067505e-02 3.496588673442602158e-03 1.210299413651227951e-02 4.398473538458347321e-03 1.012660004198551178e-02 4.346527531743049622e-02 1.426550932228565216e-02 1.327411038801074028e-03 2.695176051929593086e-03 7.235482335090637207e-02 2.858432754874229431e-02 2.234506420791149139e-02 1.984765380620956421e-02 1.960763335227966309e-02 8.231489919126033783e-03 2.313485555350780487e-02 3.270220011472702026e-02 2.058845758438110352e-02 7.129926234483718872e-03 1.384061295539140701e-02 3.233265306334942579e-04 1.520680845715105534e-03 3.280342370271682739e-02 1.072617899626493454e-02 3.280752524733543396e-02 3.445703908801078796e-02 3.150681778788566589e-02 8.208967745304107666e-03 1.161720696836709976e-02 2.708523347973823547e-02 8.814704604446887970e-03 3.762111067771911621e-02 3.337098285555839539e-02 2.051761373877525330e-02 7.951335981488227844e-03 6.744574755430221558e-03 4.143107682466506958e-02 1.476254547014832497e-03 9.952208027243614197e-03 5.109130591154098511e-02 3.136283904314041138e-02 9.388310834765434265e-03 4.179244115948677063e-02 2.528741583228111267e-02 2.993400394916534424e-02 4.448417201638221741e-02 1.317741442471742630e-02 2.757874317467212677e-02 7.659828290343284607e-03 1.204764377325773239e-02 1.251301635056734085e-02 3.960376139730215073e-03 2.308570966124534607e-02 3.235441632568836212e-03 2.851190511137247086e-03 2.503258362412452698e-02 1.311950013041496277e-02 1.198833924718201160e-03 7.796233892440795898e-02 2.477691136300563812e-02 3.878248855471611023e-02
2.207247354090213776e-02 5.376861616969108582e-02 1.147944480180740356e-01 3.387537971138954163e-02 1.446253992617130280e-02 1.165052056312561035e-01 7.344187051057815552e-02 2.840597368776798248e-02 2.838561311364173889e-02 1.671994477510452271e-02 5.837581679224967957e-02 1.168299838900566101e-01 3.397123143076896667e-02 2.186054587364196777e-01 1.582866348326206207e-02 6.934933364391326904e-03 4.455429315567016602e-02 4.527880996465682983e-02 6.275904178619384766e-02 3.581794211640954018e-03 2.131814695894718170e-02 1.421763468533754349e-02 1.518638134002685547e-01 8.041618764400482178e-02 5.359695758670568466e-03 4.341312870383262634e-02 6.979267578572034836e-03 1.178137212991714478e-01 1.458798814564943314e-02 1.363345086574554443e-01 2.442494407296180725e-02 3.906458150595426559e-03 3.686589002609252930e-02 1.777363941073417664e-02 5.475756712257862091e-03 6.413129717111587524e-02 3.505295142531394958e-02 3.627479309216141701e-03 3.329119831323623657e-02 4.362605512142181396e-02 8.124995045363903046e-03 7.439751923084259033e-02 3.243963047862052917e-02 1.316082850098609924e-02 5.623598583042621613e-03 5.790426209568977356e-02 2.032341435551643372e-02 5.679447203874588013e-03 3.763787075877189636e-02 5.424021556973457336e-02 3.718586231116205454e-04 9.564945474267005920e-03 1.912411674857139587e-02 2.990432269871234894e-02 3.000257723033428192e-02 3.399958088994026184e-02 2.857012301683425903e-02 2.273898385465145111e-02 1.953590661287307739e-02 1.437659841030836105e-02 3.378420323133468628e-02 3.996565565466880798e-02 4.587662220001220703e-02 1.489884685724973679e-02 2.346612513065338135e-02 6.295926123857498169e-02 3.645596280694007874e-02 3.910190239548683167e-02 6.717427074909210205e-02 4.298672080039978027e-03 4.010732099413871765e-02 4.986744374036788940e-02 5.231194198131561279e-02 3.556333109736442566e-02 4.123517498373985291e-02 2.022072859108448029e-02 1.184452231973409653e-02 6.407086551189422607e-02 5.694999173283576965e-02 2.263855002820491791e-02 7.201116532087326050e-02 3.795811161398887634e-02 2.588276565074920654e-02 3.193240985274314880e-02 3.205680847167968750e-02 3.316770866513252258e-02 5.817443132400512695e-02 5.955632077530026436e-04 1.081786751747131348e-01 7.070912420749664307e-02 2.174253016710281372e-02 1.938668452203273773e-02 2.035642787814140320e-02 2.695370058063417673e-04 1.785214990377426147e-02 1.814363151788711548e-02 1.001475844532251358e-02 4.277239739894866943e-02 3.324467316269874573e-02 2.393949963152408600e-02 3.611692041158676147e-02 2.422332391142845154e-02 3.254767740145325661e-03 7.828772068023681641e-03 1.470746248960494995e-01 2.550067193806171417e-02 5.517430603504180908e-03 4.192113876342773438e-02 4.952073842287063599e-02 3.651009500026702881e-02 1.768183521926403046e-02 2.143679372966289520e-02 3.064753860235214233e-02 2.499080495908856392e-03 5.080872029066085815e-02 5.827976390719413757e-02
9.724948555231094360e-02 8.794678747653961182e-02 3.499346598982810974e-02 3.508297353982925415e-02 1.116036530584096909e-02 6.150849908590316772e-02 4.618604481220245361e-02 1.880834996700286865e-02 3.100726008415222168e-02 4.193601012229919434e-02 9.136818349361419678e-02 3.397123143076896667e-02 1.138235703110694885e-01 2.889909781515598297e-02 2.109624678269028664e-03 1.208356395363807678e-02 1.754161715507507324e-02 3.988298587501049042e-03 2.222854830324649811e-02 1.733648590743541718e-02 4.408590123057365417e-02 5.599861219525337219e-02 9.044408798217773438e-03 4.495876841247081757e-03 2.485578320920467377e-02 1.997050270438194275e-02 2.486086636781692505e-02 6.408439576625823975e-02 2.289395779371261597e-02 7.940866053104400635e-03 4.954828694462776184e-02 2.352554537355899811e-02 1.935529150068759918e-02 1.585253980010747910e-03 1.783924549818038940e-02 6.413601338863372803e-02 5.025243014097213745e-02 3.821279853582382202e-02 2.444487437605857849e-02 3.173607960343360901e-02 4.379341751337051392e-02 4.245014488697052002e-02 2.266949228942394257e-02 4.748906940221786499e-02 7.357482612133026123e-02 6.467495579272508621e-03 2.500956691801548004e-02 2.169796079397201538e-02 2.421429194509983063e-02 6.862709671258926392e-02 1.354765519499778748e-02 1.547432504594326019e-02 3.471564874053001404e-02 9.819790720939636230e-03 1.016602106392383575e-02 4.348501935601234436e-02 1.220435369759798050e-02 4.275571089237928391e-03 2.223963104188442230e-02 5.702098831534385681e-03 2.988467738032341003e-02 4.364010412245988846e-03 1.886800047941505909e-03 1.778134889900684357e-02 4.709751904010772705e-02 3.575830906629562378e-02 3.348259022459387779e-03 2.260640077292919159e-02 1.773517951369285583e-02 9.295900352299213409e-03 2.942921966314315796e-02 1.616562367416918278e-03 1.188803464174270630e-02 1.869457215070724487e-02 2.380395494401454926e-02 7.194369565695524216e-03 1.205484103411436081e-02 5.335057154297828674e-02 3.974679484963417053e-02 1.673823781311511993e-02 5.167118087410926819e-02 4.100951924920082092e-02 3.032712824642658234e-02 3.325725719332695007e-02 1.789781264960765839e-02 3.062664717435836792e-02 4.348021931946277618e-03 3.825530409812927246e-02 3.098954446613788605e-02 1.107170898467302322e-02 1.340026874095201492e-02 2.949499711394309998e-02 4.064730834215879440e-03 3.432960435748100281e-02 5.277892947196960449e-02 4.885476082563400269e-02 1.642032153904438019e-02 4.134362936019897461e-02 4.320692270994186401e-02 4.910423606634140015e-02 5.452905967831611633e-02 3.957606106996536255e-02 3.227914497256278992e-02 1.603695377707481384e-02 5.152436345815658569e-02 3.112000413239002228e-02 2.873940020799636841e-02 4.864293150603771210e-03 2.559522725641727448e-02 1.180092245340347290e-02 2.150953747332096100e-02 1.161460392177104950e-02 1.609844155609607697e-02 3.809932619333267212e-02 7.195874303579330444e-02 1.859742403030395508e-02
