2.396369427442550659e-01 2.129437774419784546e-01 1.165297231636941433e-03 2.340500429272651672e-02 1.409127749502658844e-02 1.313213258981704712e-01 8.762687444686889648e-02 3.227155655622482300e-02 2.854998782277107239e-02 3.416242077946662903e-02 1.469702720642089844e-01 2.571643516421318054e-02 1.246348172426223755e-01 2.315193600952625275e-02 4.201731830835342407e-02 1.060588005930185318e-02 3.242632001638412476e-02 6.420100573450326920e-03 4.896237328648567200e-02 1.058929413557052612e-02 2.577589824795722961e-02 5.688071623444557190e-02 2.149435132741928101e-02 3.509757295250892639e-02 6.602948065847158432e-03 2.168447710573673248e-02 4.920975118875503540e-02 1.156771439127624035e-03 1.441761292517185211e-02 3.249111771583557129e-02 8.188375085592269897e-02 2.358153648674488068e-02 9.159213863313198090e-03 1.319494936615228653e-02 1.040673721581697464e-02 3.534938208758831024e-03 6.145419552922248840e-03 1.735370419919490814e-02 2.234487421810626984e-02 6.331659853458404541e-02 2.399527467787265778e-02 1.704219728708267212e-02 1.581633090972900391e-02 2.771015092730522156e-02 6.177308782935142517e-02 4.819002747535705566e-02 9.404877573251724243e-02 6.218877062201499939e-02 1.010796707123517990e-02 3.313654661178588867e-02 2.982212044298648834e-02 2.319893427193164825e-02 3.542914614081382751e-02 1.312443055212497711e-02 2.233858918771147728e-03 2.608486078679561615e-02 3.007844276726245880e-02 2.856173925101757050e-02 3.286543861031532288e-02 3.305709362030029297e-02 3.155637532472610474e-02 1.567285507917404175e-02 6.316636502742767334e-02 4.913630709052085876e-02 2.545875031501054764e-04 1.895958906970918179e-03 2.153273113071918488e-02 3.347265068441629410e-03 4.257264360785484314e-02 7.218401879072189331e-02 5.332415923476219177e-02 7.118850946426391602e-02 2.821676991879940033e-02 1.143457088619470596e-02 9.921682998538017273e-03 1.479332614690065384e-02 2.300889417529106140e-02 4.050766676664352417e-02 5.983588751405477524e-03 2.240015193819999695e-02 6.197291985154151917e-02 2.054593339562416077e-02 3.027966013178229332e-03 4.055294394493103027e-02 1.958151813596487045e-03 7.490338291972875595e-03 3.752263262867927551e-02 1.896254718303680420e-02 8.011470548808574677e-03 3.064460866153240204e-02 3.266258910298347473e-02 9.119795635342597961e-03 1.007174886763095856e-02 1.349890138953924179e-02 2.237416058778762817e-02 2.363586239516735077e-02 6.415212061256170273e-03 5.530327185988426208e-02 1.323203439824283123e-03 1.146572362631559372e-02 3.259328007698059082e-02 2.190267667174339294e-02 1.478987094014883041e-02 2.301280945539474487e-02 5.100547149777412415e-02 6.029628217220306396e-03 5.345808714628219604e-02 1.341709122061729431e-02 1.607118174433708191e-02 6.078993529081344604e-02 4.092696681618690491e-02 7.372390828095376492e-04 5.524053238332271576e-03 1.859402982518076897e-03 1.431141607463359833e-02 2.128139324486255646e-02
2.129437774419784546e-01 2.255160212516784668e-01 2.310267277061939240e-02 4.872268065810203552e-03 1.088211592286825180e-02 1.304957866668701172e-01 1.077215224504470825e-01 6.029654294252395630e-03 3.390339761972427368e-02 2.311541512608528137e-02 1.329353153705596924e-01 7.816468365490436554e-03 1.553340405225753784e-01 8.585001341998577118e-03 2.100965380668640137e-02 2.236702479422092438e-02 1.802164316177368164e-02 5.415424238890409470e-03 2.815561555325984955e-02 7.567940279841423035e-03 1.714673824608325958e-02 2.087622880935668945e-02 2.124336734414100647e-02 2.549684606492519379e-02 9.788132272660732269e-03 8.499935938743874431e-05 4.056258499622344971e-02 2.842156030237674713e-02 5.557957664132118225e-02 4.108370095491409302e-02 7.120600342750549316e-02 2.689665555953979492e-02 9.023857302963733673e-03 2.747615985572338104e-02 5.181937292218208313e-02 1.611037552356719971e-02 2.767340093851089478e-02 2.797644585371017456e-02 6.032837089151144028e-03 4.869394004344940186e-02 1.936381869018077850e-02 2.392455376684665680e-02 2.186897397041320801e-02 1.059726998209953308e-01 5.551435053348541260e-02 2.431333996355533600e-02 7.798226922750473022e-02 7.959476113319396973e-02 1.125977374613285065e-02 1.737155951559543610e-02 9.971247054636478424e-04 1.084261387586593628e-02 3.389717638492584229e-02 3.407107293605804443e-02 9.704344905912876129e-03 2.419390156865119934e-02 2.293980307877063751e-02 4.054981842637062073e-02 4.587408900260925293e-02 3.813651949167251587e-02 1.361134462058544159e-02 2.619010955095291138e-02 5.273352563381195068e-02 4.057219997048377991e-02 2.692925557494163513e-02 1.185841672122478485e-02 1.859055645763874054e-02 2.125582285225391388e-02 4.874378070235252380e-02 7.017061114311218262e-02 4.810237139463424683e-02 5.572029948234558105e-02 1.734319888055324554e-02 2.147954422980546951e-03 8.358853869140148163e-03 5.135681480169296265e-03 4.620077461004257202e-02 1.804370246827602386e-02 1.649670116603374481e-02 2.049941336736083031e-03 5.345707014203071594e-02 2.171977795660495758e-02 7.093486841768026352e-03 3.143092989921569824e-02 1.356776244938373566e-02 1.354604680091142654e-02 5.004949122667312622e-02 1.424624212086200714e-02 4.905218258500099182e-03 6.983771920204162598e-03 7.311097811907529831e-03 3.051030263304710388e-02 3.644387470558285713e-03 4.496037214994430542e-02 2.081566862761974335e-02 4.124381393194198608e-02 9.086624777410179377e-05 4.970602691173553467e-02 1.018017251044511795e-02 1.028484851121902466e-02 7.632281165570020676e-03 2.156812930479645729e-03 1.264547742903232574e-02 3.958685696125030518e-02 6.534107960760593414e-03 2.275000559166073799e-03 3.305431827902793884e-02 1.192229148000478745e-02 2.943272516131401062e-02 2.751780115067958832e-02 5.482777021825313568e-03 4.068500548601150513e-02 3.363809781149029732e-03 1.587917841970920563e-02 3.949550911784172058e-03 2.641370519995689392e-02
1.165297231636941433e-03 2.310267277061939240e-02 1.193572431802749634e-01 1.095494907349348068e-02 1.062140334397554398e-02 2.394816465675830841e-02 4.802734777331352234e-02 6.416939198970794678e-02 1.143294386565685272e-02 4.081374406814575195e-02 1.200641854666173458e-03 2.760328911244869232e-02 6.910329684615135193e-03 5.038204416632652283e-02 2.329129911959171295e-02 1.581898331642150879e-02 4.026513546705245972e-02 1.646079123020172119e-02 3.426311304792761803e-03 1.532888691872358322e-02 1.286191307008266449e-02 4.426940158009529114e-02 3.358270972967147827e-02 9.490611031651496887e-03 1.249470864422619343e-03 1.107600890100002289e-02 5.073983967304229736e-02 1.475416473113000393e-03 3.504956886172294617e-02 4.293051082640886307e-03 2.743045240640640259e-02 1.103625074028968811e-02 1.880302280187606812e-02 2.778068929910659790e-02 3.718536114320158958e-03 2.997453883290290833e-02 1.231523789465427399e-02 7.280629128217697144e-02 8.179245889186859131e-02 8.688827045261859894e-03 8.327539265155792236e-02 2.505083568394184113e-02 4.181693494319915771e-02 1.797874122858047485e-01 1.655531488358974457e-02 1.997876912355422974e-02 2.961260452866554260e-02 2.638634480535984039e-02 2.707802690565586090e-02 5.599841848015785217e-02 2.631885744631290436e-02 3.234750032424926758e-02 5.429246649146080017e-02 2.336733229458332062e-02 8.539067581295967102e-03 8.211591280996799469e-03 4.021795466542243958e-02 2.944581210613250732e-02 1.667954400181770325e-02 3.066168539226055145e-02 3.884850442409515381e-02 1.579974777996540070e-02 1.855888403952121735e-03 9.110304526984691620e-03 3.934406116604804993e-02 8.166603511199355125e-04 3.607863932847976685e-02 1.411333680152893066e-02 2.317932806909084320e-02 3.148630633950233459e-02 1.504951063543558121e-02 3.637619316577911377e-02 2.325656078755855560e-02 5.801602732390165329e-03 9.183525107800960541e-03 5.658951029181480408e-02 4.785909783095121384e-03 1.066258642822504044e-02 3.461249545216560364e-02 3.449594369158148766e-03 1.511658281087875366e-01 3.056716024875640869e-01 8.687824010848999023e-03 3.852483257651329041e-02 1.225773803889751434e-02 6.485284771770238876e-03 7.601436227560043335e-02 1.447108536958694458e-01 1.050141826272010803e-02 6.715605501085519791e-03 3.377064829692244530e-03 6.234489381313323975e-02 2.843932434916496277e-02 6.792975217103958130e-02 2.378789149224758148e-02 6.011022999882698059e-02 3.306322917342185974e-02 5.468903109431266785e-02 1.072604395449161530e-02 2.887553721666336060e-02 6.451258808374404907e-02 1.850631460547447205e-02 1.722564175724983215e-02 5.939892027527093887e-03 3.729571588337421417e-03 1.431666780263185501e-02 4.119806364178657532e-02 7.271340582519769669e-03 5.254170671105384827e-02 2.713424898684024811e-02 2.568179741501808167e-02 6.081973016262054443e-02 5.238129198551177979e-02 2.299983752891421318e-03 7.893251627683639526e-02 1.071690302342176437e-02
2.340500429272651672e-02 4.872268065810203552e-03 1.095494907349348068e-02 1.426534801721572876e-01 2.572185099124908447e-01 3.106847777962684631e-02 1.562208123505115509e-02 5.350642651319503784e-02 2.025431767106056213e-02 5.940488725900650024e-02 5.076882895082235336e-03 2.824713941663503647e-03 2.476419508457183838e-02 5.924408882856369019e-02 3.575631976127624512e-02 4.179055616259574890e-02 3.547679632902145386e-02 8.834321796894073486e-02 2.254219166934490204e-02 1.528259273618459702e-02 3.994135186076164246e-02 8.828236721456050873e-03 6.470990180969238281e-02 4.137032479047775269e-02 4.215179383754730225e-02 2.827777899801731110e-02 3.710716590285301208e-02 3.258364275097846985e-02 1.013521105051040649e-02 2.920274809002876282e-02 1.515320781618356705e-02 2.921046921983361244e-03 1.038995385169982910e-02 2.609627321362495422e-02 2.871860377490520477e-02 1.587308384478092194e-02 1.601248420774936676e-02 4.759291931986808777e-02 5.933908373117446899e-02 2.053366601467132568e-02 1.749842660501599312e-03 4.419662058353424072e-03 2.066379785537719727e-02 4.356727004051208496e-03 6.952964467927813530e-04 1.840061694383621216e-02 9.320409968495368958e-03 1.265266723930835724e-02 2.998659200966358185e-02 1.244317460805177689e-02 5.605866760015487671e-02 4.429833963513374329e-02 3.108560107648372650e-02 1.949374563992023468e-02 3.343733772635459900e-02 6.059241294860839844e-02 4.112574085593223572e-02 1.341674756258726120e-02 2.519504725933074951e-02 3.047531656920909882e-02 8.512637764215469360e-02 5.637875944375991821e-02 3.438388556241989136e-02 9.656220208853483200e-04 7.047859020531177521e-03 1.682319119572639465e-02 2.270754240453243256e-02 9.048534929752349854e-02 3.090256638824939728e-02 1.573226228356361389e-02 1.041048017214052379e-04 3.094786219298839569e-02 8.796399086713790894e-02 3.793844953179359436e-02 2.583160251379013062e-02 4.396753385663032532e-02 7.830419391393661499e-02 3.786390274763107300e-02 1.337479427456855774e-02 1.113216672092676163e-02 4.914549179375171661e-03 1.514013018459081650e-02 8.636518567800521851e-02 1.295675709843635559e-02 7.207172363996505737e-02 7.783417403697967529e-02 7.292587775737047195e-03 1.156016532331705093e-02 8.340680599212646484e-02 3.460055217146873474e-02 1.326240878552198410e-02 5.583527684211730957e-02 2.060201391577720642e-02 1.231497991830110550e-02 7.186845690011978149e-02 5.081360042095184326e-02 4.966886714100837708e-02 5.325085483491420746e-03 3.567629680037498474e-02 2.829547785222530365e-02 1.783048175275325775e-02 3.901379555463790894e-02 2.590244077146053314e-02 6.282707303762435913e-02 3.857447952032089233e-02 3.839726373553276062e-02 3.547598049044609070e-02 1.133438795804977417e-01 5.665459856390953064e-02 6.754741072654724121e-02 1.473816670477390289e-02 4.977670963853597641e-03 2.902272623032331467e-03 3.637668490409851074e-02 3.338204696774482727e-02 4.225658625364303589e-02
1.409127749502658844e-02 1.088211592286825180e-02 1.062140334397554398e-02 2.572185099124908447e-01 1.456438452005386353e-01 3.504302352666854858e-02 1.955711469054222107e-02 1.897028088569641113e-02 1.104373298585414886e-02 2.481786720454692841e-02 2.860420569777488708e-02 5.927587300539016724e-02 1.394648384302854538e-02 4.446029663085937500e-02 5.096180364489555359e-02 7.371016591787338257e-02 1.966642774641513824e-02 7.076698541641235352e-02 5.963138863444328308e-02 1.641055941581726074e-02 9.344663470983505249e-03 2.695261733606457710e-03 9.511762298643589020e-03 2.411123365163803101e-03 2.266173064708709717e-02 2.902493998408317566e-02 2.644681930541992188e-02 6.674280762672424316e-02 1.093714218586683273e-02 1.319343317300081253e-02 2.396574243903160095e-02 1.317647006362676620e-02 7.494143210351467133e-03 1.461209077388048172e-02 2.145856432616710663e-02 1.416302938014268875e-02 3.238496184349060059e-02 3.875424712896347046e-02 5.565223842859268188e-02 6.277311593294143677e-02 1.967352814972400665e-02 5.902694538235664368e-03 1.967040635645389557e-02 3.159683197736740112e-02 4.333698190748691559e-03 2.932074479758739471e-02 1.235631643794476986e-03 3.001476265490055084e-02 4.892685264348983765e-02 5.154556408524513245e-02 2.436592616140842438e-02 3.440649062395095825e-02 7.916695438325405121e-03 2.088749781250953674e-03 1.377504132688045502e-02 7.403985597193241119e-03 5.624882876873016357e-02 4.380711913108825684e-02 2.718425914645195007e-02 5.532285571098327637e-02 4.451392218470573425e-02 6.311703473329544067e-02 7.450542598962783813e-02 3.482016175985336304e-02 3.493606299161911011e-02 2.704991027712821960e-02 2.803672663867473602e-02 4.557765647768974304e-02 2.586932852864265442e-02 9.538228623569011688e-03 3.058431670069694519e-02 1.316120382398366928e-02 2.271419018507003784e-02 4.874943115282803774e-04 3.001607395708560944e-02 5.188870802521705627e-02 2.527632005512714386e-02 6.374277919530868530e-02 1.217845454812049866e-02 2.475416660308837891e-02 2.488355897367000580e-02 2.614542655646800995e-02 8.657658100128173828e-02 9.218020737171173096e-02 8.533300459384918213e-02 3.873670101165771484e-02 2.227028831839561462e-02 1.896866410970687866e-02 2.782496437430381775e-02 4.737878963351249695e-02 1.873362623155117035e-02 3.344164788722991943e-02 1.661817356944084167e-02 1.916086301207542419e-02 5.138358473777770996e-02 1.154215727001428604e-02 1.052808854728937149e-02 3.325948864221572876e-02 1.318391971290111542e-02 2.452899329364299774e-02 8.250848203897476196e-02 2.284275181591510773e-02 4.215070232748985291e-02 2.155367285013198853e-02 1.028930675238370895e-02 8.467841893434524536e-03 4.090210795402526855e-02 6.920635700225830078e-02 5.901434272527694702e-02 7.432990521192550659e-02 1.227046828716993332e-02 2.274754829704761505e-02 2.806355431675910950e-02 2.464835345745086670e-02 3.052745759487152100e-02 3.938876464962959290e-02
1.313213258981704712e-01 1.304957866668701172e-01 2.394816465675830841e-02 3.106847777962684631e-02 3.504302352666854858e-02 2.259965389966964722e-01 1.604242622852325439e-01 6.347203254699707031e-02 1.265124138444662094e-02 1.304540876299142838e-02 7.268319278955459595e-02 1.088472828269004822e-01 5.455441772937774658e-02 9.757550805807113647e-02 1.035545952618122101e-03 3.168432740494608879e-03 3.878736495971679688e-02 6.184145808219909668e-03 6.237743422389030457e-02 6.684976629912853241e-03 3.378878533840179443e-02 2.997076138854026794e-03 3.054783865809440613e-02 2.925619855523109436e-02 9.612970054149627686e-03 1.499854773283004761e-02 3.858879581093788147e-02 1.000965610146522522e-01 2.960713766515254974e-02 5.382399633526802063e-02 7.396534830331802368e-02 2.945411950349807739e-02 3.391366079449653625e-02 4.187153652310371399e-03 3.516523167490959167e-02 8.913683122955262661e-04 6.071599200367927551e-03 2.912889607250690460e-02 1.773481443524360657e-02 1.698889955878257751e-02 1.617060229182243347e-02 2.039728313684463501e-02 1.462760753929615021e-02 3.920082002878189087e-02 1.431408617645502090e-02 3.943807259202003479e-02 1.281992048025131226e-01 1.045577526092529297e-01 7.650636835023760796e-04 1.449117902666330338e-02 1.531657297164201736e-02 3.349916636943817139e-02 2.372231893241405487e-02 4.472591727972030640e-02 1.739986427128314972e-02 3.337644040584564209e-02 8.646030910313129425e-04 2.456979453563690186e-02 4.022894427180290222e-02 3.158261999487876892e-02 7.771604228764772415e-03 3.873376548290252686e-02 5.246661230921745300e-02 4.758989438414573669e-02 3.128442913293838501e-02 1.960754767060279846e-02 4.071974754333496094e-02 1.758028566837310791e-02 2.921656146645545959e-02 5.579964816570281982e-02 1.348285935819149017e-02 6.002520769834518433e-02 3.990900889039039612e-02 2.178135700523853302e-02 1.269129663705825806e-02 2.337978594005107880e-02 2.086753584444522858e-02 1.481266040354967117e-02 2.954446896910667419e-02 3.520186617970466614e-02 1.897056214511394501e-02 4.649100080132484436e-02 2.489588223397731781e-02 4.345617070794105530e-02 5.696398019790649414e-02 2.253761887550354004e-02 4.909822344779968262e-02 6.778721511363983154e-02 5.776921659708023071e-02 3.327563405036926270e-02 4.010561481118202209e-02 2.934011816978454590e-02 4.167745634913444519e-02 9.332337416708469391e-03 3.482579067349433899e-02 1.351103466004133224e-02 3.871939703822135925e-02 4.058320447802543640e-02 2.458395995199680328e-02 1.574623398482799530e-02 2.588105015456676483e-02 2.770874649286270142e-03 4.200162366032600403e-02 4.272652789950370789e-02 2.631755918264389038e-02 1.830504834651947021e-02 4.636785015463829041e-02 4.488334804773330688e-02 1.130389422178268433e-02 2.874063886702060699e-02 2.532780170440673828e-02 1.887695491313934326e-02 2.727547660470008850e-02 1.028537936508655548e-02 2.893296256661415100e-02 1.535312272608280182e-03
8.762687444686889648e-02 1.077215224504470825e-01 4.802734777331352234e-02 1.562208123505115509e-02 1.955711469054222107e-02 1.604242622852325439e-01 1.943339407444000244e-01 6.040211021900177002e-02 1.653937436640262604e-02 2.506344206631183624e-02 5.486972630023956299e-02 6.696010380983352661e-02 4.884930700063705444e-02 1.087949275970458984e-01 2.028564736247062683e-02 1.045160368084907532e-02 1.222791343025164679e-05 2.283932641148567200e-02 3.023101575672626495e-02 1.308052241802215576e-02 3.256729617714881897e-02 6.804672069847583771e-03 4.270344972610473633e-02 5.986547097563743591e-02 2.589715272188186646e-02 3.259196132421493530e-02 6.452154368162155151e-02 7.563325017690658569e-02 1.646606810390949249e-02 8.215800672769546509e-02 6.816416233777999878e-02 3.486587852239608765e-02 1.089941523969173431e-02 3.934347629547119141e-02 1.178099773824214935e-02 1.434037927538156509e-02 3.003959916532039642e-02 2.269194647669792175e-02 4.183799400925636292e-02 2.164134569466114044e-02 3.541238978505134583e-02 2.412479184567928314e-02 1.397694228217005730e-03 8.134365081787109375e-02 2.237709797918796539e-02 8.069323375821113586e-03 1.253752112388610840e-01 1.110832765698432922e-01 3.536827396601438522e-03 4.422475025057792664e-02 1.919796876609325409e-02 3.087650425732135773e-02 2.409430406987667084e-02 4.048218578100204468e-02 8.054205682128667831e-04 6.488654296845197678e-03 2.982821501791477203e-02 1.845699362456798553e-02 4.361535608768463135e-02 3.423387929797172546e-02 3.060300648212432861e-02 1.619933918118476868e-02 9.128578007221221924e-02 5.178453400731086731e-02 3.701339289546012878e-02 2.264470234513282776e-02 3.992022201418876648e-02 2.965920139104127884e-03 2.717000432312488556e-02 7.637883722782135010e-02 1.874545239843428135e-03 4.280460253357887268e-02 8.928203955292701721e-03 3.226626291871070862e-02 2.858550520613789558e-03 2.091732434928417206e-02 9.384817443788051605e-03 5.933583714067935944e-03 1.115542184561491013e-02 2.767952717840671539e-02 1.180525170639157295e-03 1.300223986618220806e-03 1.983851566910743713e-02 8.839256130158901215e-03 3.668529912829399109e-02 2.788849733769893646e-02 2.621882781386375427e-02 1.754505746066570282e-02 1.377929095178842545e-02 6.268448382616043091e-02 2.035320736467838287e-02 5.634188652038574219e-02 3.886969387531280518e-02 1.699976157397031784e-03 4.828149080276489258e-02 4.255931451916694641e-02 2.461875975131988525e-02 2.503321319818496704e-02 3.540441393852233887e-02 2.848220989108085632e-02 2.191253378987312317e-02 1.146648265421390533e-02 2.053781040012836456e-02 2.115406841039657593e-02 5.029831454157829285e-02 9.867207147181034088e-03 4.648471623659133911e-02 2.843842469155788422e-02 1.251552347093820572e-02 3.076344542205333710e-02 3.867880254983901978e-02 6.681655999273061752e-03 1.538096927106380463e-02 1.171896047890186310e-02 6.442219018936157227e-03 4.405161738395690918e-02
3.227155655622482300e-02 6.029654294252395630e-03 6.416939198970794678e-02 5.350642651319503784e-02 1.897028088569641113e-02 6.347203254699707031e-02 6.040211021900177002e-02 1.665852814912796021e-01 1.720894593745470047e-03 2.536515705287456512e-03 4.868998751044273376e-02 6.867432594299316406e-02 5.593844130635261536e-02 5.541856959462165833e-02 1.933265030384063721e-01 5.170475319027900696e-02 1.667739637196063995e-02 3.567769378423690796e-02 3.250538185238838196e-02 1.389925740659236908e-02 1.866590930148959160e-03 4.868484102189540863e-03 2.525647357106208801e-02 2.991778403520584106e-02 2.679399587213993073e-02 2.450163103640079498e-02 5.163766443729400635e-02 1.351038645952939987e-02 5.114698410034179688e-02 4.023897275328636169e-02 2.207713946700096130e-02 9.482381283305585384e-04 3.045410662889480591e-02 4.948829859495162964e-02 2.528044395148754120e-02 5.823158659040927887e-03 1.017218269407749176e-02 5.318643525242805481e-02 8.052130043506622314e-02 9.007170796394348145e-02 7.502832263708114624e-02 1.140074338763952255e-02 3.708465024828910828e-02 2.251254394650459290e-02 1.473653130233287811e-02 4.139427840709686279e-02 6.058769673109054565e-02 4.169362410902976990e-02 1.174900494515895844e-02 8.546050637960433960e-03 2.151346579194068909e-02 2.262986730784177780e-03 1.656487025320529938e-02 4.082000255584716797e-02 9.717288427054882050e-03 2.916231565177440643e-02 3.102145157754421234e-02 2.706737956032156944e-03 4.858148843050003052e-02 6.680561602115631104e-02 5.009557679295539856e-02 6.912469398230314255e-03 1.732834964059293270e-03 1.939914561808109283e-02 2.204123325645923615e-02 4.076328128576278687e-02 3.164881840348243713e-02 3.021635487675666809e-02 1.924985786899924278e-03 5.501699447631835938e-02 8.631827309727668762e-03 4.745801165699958801e-02 5.670066177845001221e-02 1.327697187662124634e-02 2.029546722769737244e-02 2.668137848377227783e-02 3.257739916443824768e-02 2.064401097595691681e-02 3.397725149989128113e-02 2.363939955830574036e-02 3.623056411743164062e-01 1.948895603418350220e-01 1.894686184823513031e-02 2.092560939490795135e-02 3.338048234581947327e-03 1.569397561252117157e-02 2.072792202234268188e-01 1.591789424419403076e-01 1.027477253228425980e-02 6.913334131240844727e-02 2.206453680992126465e-02 6.155097112059593201e-02 4.841512534767389297e-03 1.820932328701019287e-02 3.797984123229980469e-02 2.417267858982086182e-02 1.013549230992794037e-02 5.628713220357894897e-02 2.278098464012145996e-02 1.057157572358846664e-02 3.950337693095207214e-02 5.024547874927520752e-02 2.038878016173839569e-02 1.206953898072242737e-01 2.040812931954860687e-02 4.833451658487319946e-02 1.751083135604858398e-02 3.028062731027603149e-02 5.685854703187942505e-03 4.762220662087202072e-03 3.736204002052545547e-03 3.643714636564254761e-02 4.121498763561248779e-02 1.705766655504703522e-02 3.559757769107818604e-02 1.968866400420665741e-02
2.854998782277107239e-02 3.390339761972427368e-02 1.143294386565685272e-02 2.025431767106056213e-02 1.104373298585414886e-02 1.265124138444662094e-02 1.653937436640262604e-02 1.720894593745470047e-03 1.431302577257156372e-01 1.353902369737625122e-01 1.338921301066875458e-02 6.326869130134582520e-02 5.434703081846237183e-02 7.275590300559997559e-02 2.396838366985321045e-02 1.212331559509038925e-02 6.797659210860729218e-03 6.235428154468536377e-02 2.157457638531923294e-03 5.953725427389144897e-03 1.519747264683246613e-02 2.375476062297821045e-02 4.615559428930282593e-02 3.718587383627891541e-02 1.012972090393304825e-02 1.260641589760780334e-02 6.425982713699340820e-02 4.133116453886032104e-02 1.669051684439182281e-02 1.035791188478469849e-01 2.486333064734935760e-02 2.748950384557247162e-02 1.713341102004051208e-02 2.116616256535053253e-02 2.551377750933170319e-02 5.118005722761154175e-02 1.556535135023295879e-03 7.246019784361124039e-03 1.816166006028652191e-02 1.459430158138275146e-02 3.855230659246444702e-02 3.769909590482711792e-02 5.618240684270858765e-03 1.221148949116468430e-02 1.180784404277801514e-02 4.204965755343437195e-02 4.865405708551406860e-02 3.430868266150355339e-03 7.770612090826034546e-02 2.698858641088008881e-02 1.747336611151695251e-02 5.198199301958084106e-02 2.476374246180057526e-02 4.540852829813957214e-02 1.033535972237586975e-01 1.871092990040779114e-02 8.370678871870040894e-03 2.250851318240165710e-02 3.876940160989761353e-02 4.000931233167648315e-02 1.341484021395444870e-02 4.987076297402381897e-02 3.164117783308029175e-02 1.698972098529338837e-02 7.662477903068065643e-03 2.055640146136283875e-02 1.392370555549860001e-02 3.996071964502334595e-02 9.393148124217987061e-02 1.735679246485233307e-02 6.631816923618316650e-02 4.723212867975234985e-02 6.012714654207229614e-02 5.226118117570877075e-02 4.473617300391197205e-02 1.189998630434274673e-02 1.349035799503326416e-01 8.561820536851882935e-02 6.755280494689941406e-02 4.671627283096313477e-02 6.933496333658695221e-03 2.555906213819980621e-02 1.024301648139953613e-01 2.541774697601795197e-02 6.437955796718597412e-02 1.262587727978825569e-03 4.604338668286800385e-03 9.818842634558677673e-03 4.184221476316452026e-02 1.465089898556470871e-02 2.403968758881092072e-02 1.130759995430707932e-02 4.042714368551969528e-03 6.401668768376111984e-03 3.965411707758903503e-02 1.288242265582084656e-02 6.007777992635965347e-04 1.046338677406311035e-01 5.523361638188362122e-02 3.100198321044445038e-02 2.809186652302742004e-02 1.151706278324127197e-02 2.376332692801952362e-02 1.025038212537765503e-02 3.081903234124183655e-02 3.379935398697853088e-02 3.263540193438529968e-02 4.714938253164291382e-02 2.304184064269065857e-02 6.780569441616535187e-03 3.695869445800781250e-02 2.038692682981491089e-02 3.449283540248870850e-02 1.130063086748123169e-02 1.695349812507629395e-02 1.078752242028713226e-02
3.416242077946662903e-02 2.311541512608528137e-02 4.081374406814575195e-02 5.940488725900650024e-02 2.481786720454692841e-02 1.304540876299142838e-02 2.506344206631183624e-02 2.536515705287456512e-03 1.353902369737625122e-01 1.610712409019470215e-01 2.904546260833740234e-02 7.209374010562896729e-02 3.146285936236381531e-02 6.419886648654937744e-02 2.224930562078952789e-02 5.219455435872077942e-02 1.761463284492492676e-02 1.215188950300216675e-02 6.857455521821975708e-02 1.801105216145515442e-02 3.989497199654579163e-02 2.595753222703933716e-02 8.973051793873310089e-03 1.885193400084972382e-02 3.548404492903500795e-04 6.734265945851802826e-03 1.339980773627758026e-02 7.187131792306900024e-02 1.829803176224231720e-02 4.263803735375404358e-02 9.211031720042228699e-03 3.650956088677048683e-03 1.759269088506698608e-02 1.232313364744186401e-02 7.893792644608765841e-05 2.462733909487724304e-02 6.244591251015663147e-02 1.057391054928302765e-03 5.407429859042167664e-02 7.074265927076339722e-02 2.742090076208114624e-02 1.925936527550220490e-02 2.151423692703247070e-02 5.253256764262914658e-03 3.711752966046333313e-02 4.881651606410741806e-03 1.491782162338495255e-02 3.551441058516502380e-02 6.568266451358795166e-02 1.269109696149826050e-01 7.762255147099494934e-03 2.849994972348213196e-02 4.294779896736145020e-02 1.494034193456172943e-02 7.398466765880584717e-02 1.230512112379074097e-01 2.813014388084411621e-02 4.850604012608528137e-02 2.810030244290828705e-02 1.444529090076684952e-02 6.531215459108352661e-02 3.000898519530892372e-03 3.911811858415603638e-02 8.033728227019309998e-03 2.113829134032130241e-03 2.420556358993053436e-02 3.772041574120521545e-02 6.565622985363006592e-02 3.561890497803688049e-02 6.239771097898483276e-02 9.724189341068267822e-02 6.119381170719861984e-03 7.754483073949813843e-02 5.056492239236831665e-02 4.108250513672828674e-02 2.819610573351383209e-02 1.125920470803976059e-02 1.584437936544418335e-01 2.317083626985549927e-02 1.393648535013198853e-01 2.610479108989238739e-02 1.821255683898925781e-02 2.201186306774616241e-02 5.628947913646697998e-02 1.010488998144865036e-02 4.500037059187889099e-02 2.842591702938079834e-02 3.613368049263954163e-02 8.163606375455856323e-02 7.129605114459991455e-02 1.025650184601545334e-02 1.995875732973217964e-03 1.773446798324584961e-03 2.477776445448398590e-02 1.471532415598630905e-02 5.263134837150573730e-02 7.373294979333877563e-02 3.061234392225742340e-02 1.904764957726001740e-02 1.593985222280025482e-02 3.113199584186077118e-02 1.676740869879722595e-02 7.028038799762725830e-02 3.807549655903130770e-04 6.058750301599502563e-02 1.328688929788768291e-03 1.530827768146991730e-02 3.596118837594985962e-02 2.814435027539730072e-02 4.592082276940345764e-02 3.767389862332493067e-04 1.493121031671762466e-03 3.751985356211662292e-02 9.250417351722717285e-04 2.589944936335086823e-02 1.848630234599113464e-02
1.469702720642089844e-01 1.329353153705596924e-01 1.200641854666173458e-03 5.076882895082235336e-03 2.860420569777488708e-02 7.268319278955459595e-02 5.486972630023956299e-02 4.868998751044273376e-02 1.338921301066875458e-02 2.904546260833740234e-02 2.532296776771545410e-01 1.695270091295242310e-02 1.691911369562149048e-01 2.373699564486742020e-03 2.086745761334896088e-02 1.695810258388519287e-02 2.990884333848953247e-02 1.874636486172676086e-02 4.831616580486297607e-02 5.125150084495544434e-03 2.804891020059585571e-02 5.236979201436042786e-02 2.600933611392974854e-02 3.577993065118789673e-02 3.477654885500669479e-03 2.849613316357135773e-02 3.558557480573654175e-02 6.757494807243347168e-02 6.756398826837539673e-02 1.354506891220808029e-02 1.491216104477643967e-02 2.346035651862621307e-02 9.675331413745880127e-03 8.503090590238571167e-03 1.270973868668079376e-02 1.093510189093649387e-03 3.138392418622970581e-02 8.299303241074085236e-03 6.096920743584632874e-02 1.118693128228187561e-02 1.343150995671749115e-02 2.397530712187290192e-02 1.617902331054210663e-02 3.153828531503677368e-02 4.735167697072029114e-02 4.971989244222640991e-02 6.941223144531250000e-02 3.832623362541198730e-02 8.184415288269519806e-03 5.699108541011810303e-02 1.941561885178089142e-02 5.223845317959785461e-02 6.977702677249908447e-02 8.340589702129364014e-03 1.495632529258728027e-02 2.546698413789272308e-02 8.580613881349563599e-03 2.687172964215278625e-02 3.911394625902175903e-02 5.754592642188072205e-02 3.603849932551383972e-02 3.199253976345062256e-02 5.031618475914001465e-02 6.180490180850028992e-02 9.429504722356796265e-02 6.782748550176620483e-02 1.043644919991493225e-02 2.319646254181861877e-02 4.878092557191848755e-02 3.302404284477233887e-02 3.964655101299285889e-02 1.501424796879291534e-02 9.145881049335002899e-03 5.823600105941295624e-03 1.350998226553201675e-02 3.016188740730285645e-02 4.030886664986610413e-02 4.876346886157989502e-02 2.185828052461147308e-02 6.115600001066923141e-03 3.254337608814239502e-02 4.437449946999549866e-02 3.648295998573303223e-02 7.174444943666458130e-02 6.792576517909765244e-03 2.298234961926937103e-02 1.363921724259853363e-02 5.111288651823997498e-02 1.650814339518547058e-02 3.823644667863845825e-02 3.944019973278045654e-02 3.652215376496315002e-02 8.822163566946983337e-03 2.631019800901412964e-02 4.507855698466300964e-02 7.492284476757049561e-02 3.529584407806396484e-02 5.940085649490356445e-02 1.717532402835786343e-03 4.997279029339551926e-03 5.618991330265998840e-02 3.161058947443962097e-02 4.031343013048171997e-02 5.747321993112564087e-02 3.766370192170143127e-02 2.173816598951816559e-02 9.511731564998626709e-03 6.387848407030105591e-02 1.457427977584302425e-03 2.627263590693473816e-02 5.322917923331260681e-02 1.394517067819833755e-02 2.063331939280033112e-02 3.724138811230659485e-02 2.131759375333786011e-02 1.558891870081424713e-02
2.571643516421318054e-02 7.816468365490436554e-03 2.760328911244869232e-02 2.824713941663503647e-03 5.927587300539016724e-02 1.088472828269004822e-01 6.696010380983352661e-02 6.867432594299316406e-02 6.326869130134582520e-02 7.209374010562896729e-02 1.695270091295242310e-02 1.695729643106460571e-01 3.517766669392585754e-02 3.102958202362060547e-01 1.858487352728843689e-02 3.686324134469032288e-02 1.265613082796335220e-02 2.263931185007095337e-02 1.855247095227241516e-02 3.486620262265205383e-02 2.176774293184280396e-02 4.766429215669631958e-02 1.008719280362129211e-01 7.895127683877944946e-02 4.082581494003534317e-03 1.491739228367805481e-02 5.883786827325820923e-02 2.185331135988235474e-01 3.111810795962810516e-02 1.547251194715499878e-01 4.494426026940345764e-02 2.951965294778347015e-02 5.889262538403272629e-03 7.608389481902122498e-03 1.553444098681211472e-02 5.607850104570388794e-02 2.614705823361873627e-03 1.413615141063928604e-02 2.629642933607101440e-02 3.280984610319137573e-02 3.082768525928258896e-03 3.071346553042531013e-03 1.249436847865581512e-02 3.131249547004699707e-02 6.011848524212837219e-02 1.587458513677120209e-02 1.637230813503265381e-02 1.585256867110729218e-02 1.405942440032958984e-02 9.016370773315429688e-02 1.097773481160402298e-02 9.286098182201385498e-03 6.360641680657863617e-03 2.124575898051261902e-03 3.698512539267539978e-02 2.896276488900184631e-02 6.539685279130935669e-02 5.589680373668670654e-02 5.783769860863685608e-02 4.327596724033355713e-02 4.681327193975448608e-02 3.759798780083656311e-02 6.049264967441558838e-02 1.970341987907886505e-02 7.429070025682449341e-02 1.349087245762348175e-02 2.682003565132617950e-02 2.297912142239511013e-04 3.750500327441841364e-04 5.816645175218582153e-02 4.159659519791603088e-02 2.431818842887878418e-02 6.285384297370910645e-02 2.852213010191917419e-02 1.751654595136642456e-02 3.234642790630459785e-03 4.717947170138359070e-02 5.913902446627616882e-02 5.600949376821517944e-02 1.481399871408939362e-02 5.727434530854225159e-02 4.120982438325881958e-02 5.157149210572242737e-02 1.751217991113662720e-02 5.595186725258827209e-02 3.647183254361152649e-02 3.089305013418197632e-02 1.453307736665010452e-02 1.204394325613975525e-01 3.486676886677742004e-02 6.981639191508293152e-03 2.378283999860286713e-03 4.472219198942184448e-02 2.415118552744388580e-02 8.388189598917961121e-03 5.998862162232398987e-02 4.886285215616226196e-02 1.786360144615173340e-02 2.146867569535970688e-03 9.869596920907497406e-03 1.666009798645973206e-02 2.178923040628433228e-02 1.265789568424224854e-02 1.133244112133979797e-02 2.419388853013515472e-02 5.269168689846992493e-02 3.701234003528952599e-03 3.608491038903594017e-03 9.995399974286556244e-03 6.408084928989410400e-02 3.422623500227928162e-02 1.331752259284257889e-02 3.627864643931388855e-02 1.455946825444698334e-02 2.995192259550094604e-02 3.150621801614761353e-02
1.246348172426223755e-01 1.553340405225753784e-01 6.910329684615135193e-03 2.476419508457183838e-02 1.394648384302854538e-02 5.455441772937774658e-02 4.884930700063705444e-02 5.593844130635261536e-02 5.434703081846237183e-02 3.146285936236381531e-02 1.691911369562149048e-01 3.517766669392585754e-02 2.533645033836364746e-01 1.648721285164356232e-03 4.798717051744461060e-02 1.232128124684095383e-03 1.492839585989713669e-02 1.958256773650646210e-02 1.928493194282054901e-02 1.898548938333988190e-02 7.056824688334017992e-05 5.263319611549377441e-02 1.088032964617013931e-02 1.278517674654722214e-02 2.256341744214296341e-03 8.814585395157337189e-03 5.638063699007034302e-02 3.705760836601257324e-02 2.039923332631587982e-02 3.364683128893375397e-03 5.611127987504005432e-02 7.783695124089717865e-03 1.360026840120553970e-02 4.677128046751022339e-02 6.211613118648529053e-02 2.278862707316875458e-02 7.114888634532690048e-03 3.444525972008705139e-02 2.807836979627609253e-02 3.821233287453651428e-02 2.956337854266166687e-02 9.120350703597068787e-03 1.673891581594944000e-02 1.710290461778640747e-02 6.907363981008529663e-02 5.402647703886032104e-02 5.014457553625106812e-02 6.623107194900512695e-02 1.963559165596961975e-02 1.655420102179050446e-02 2.746211178600788116e-02 2.000605314970016479e-02 6.712704151868820190e-02 3.125099092721939087e-02 1.422931556589901447e-03 5.703432112932205200e-02 1.481279358267784119e-02 3.073706477880477905e-02 6.588484346866607666e-02 7.454638928174972534e-02 4.427446424961090088e-02 1.823267526924610138e-02 4.326204955577850342e-02 6.377848982810974121e-02 1.559980213642120361e-02 9.085774421691894531e-02 3.110224613919854164e-03 2.199444361031055450e-02 2.996067516505718231e-02 5.439915135502815247e-02 9.056450799107551575e-03 8.222809061408042908e-03 1.549718622118234634e-02 1.501313876360654831e-02 9.008221328258514404e-03 1.127336919307708740e-02 4.743459820747375488e-02 1.098569389432668686e-02 1.718332525342702866e-03 4.085855185985565186e-02 1.351579464972019196e-02 6.197609379887580872e-02 3.150644525885581970e-02 2.002491243183612823e-02 2.235118858516216278e-02 3.188435733318328857e-02 5.089986696839332581e-02 1.149134784936904907e-01 2.023872360587120056e-02 1.225225976668298244e-03 1.698064059019088745e-02 6.797960493713617325e-03 4.847464337944984436e-02 4.211737774312496185e-03 2.109319157898426056e-02 2.235864289104938507e-02 4.771540313959121704e-02 2.345506101846694946e-03 1.263755001127719879e-02 2.212852006778120995e-03 1.164886914193630219e-02 3.050216473639011383e-02 2.562873996794223785e-02 1.740416511893272400e-02 1.839193515479564667e-02 1.784022711217403412e-02 1.307681086473166943e-03 5.220203101634979248e-02 5.313403904438018799e-03 3.560118749737739563e-02 4.596707597374916077e-02 3.167841583490371704e-02 2.530610933899879456e-02 5.254463292658329010e-03 6.245733704417943954e-03 2.456061914563179016e-02
