8.524999767541885376e-02 1.690541356801986694e-01 6.445662677288055420e-02 4.583197180181741714e-03 1.529688574373722076e-02 7.092691212892532349e-02 3.949353471398353577e-02 6.288829445838928223e-02 1.912703923881053925e-02 3.727952018380165100e-02 9.033076465129852295e-02 4.033752158284187317e-02 4.993161186575889587e-02 1.442510448396205902e-02 7.492163032293319702e-02 2.448364347219467163e-02 4.704881832003593445e-02 2.353125484660267830e-03 2.115243673324584961e-02 7.441789843142032623e-03 5.166112259030342102e-02 4.223881661891937256e-02 6.914830207824707031e-02 1.804005727171897888e-02 4.805210605263710022e-02 4.052389413118362427e-02 5.699350312352180481e-02 3.170977905392646790e-02 2.157009579241275787e-02 1.124985143542289734e-02 4.779442027211189270e-02 8.691392838954925537e-03 9.533238480798900127e-04 3.281943500041961670e-02 3.739403036888688803e-04 1.423848909325897694e-03 4.038313031196594238e-02 2.137166820466518402e-02 2.753554377704858780e-03 1.836183667182922363e-02 2.359062433242797852e-03 4.799449816346168518e-02 5.408800020813941956e-02 3.620328009128570557e-02 1.473387610167264938e-02 4.247034713625907898e-02 4.046986624598503113e-02 1.931189186871051788e-02 3.213921189308166504e-02 9.799642488360404968e-03 4.378480091691017151e-02 2.318863384425640106e-02 2.847814932465553284e-02 3.648120164871215820e-02 1.820461265742778778e-02 1.988507434725761414e-02 3.464591130614280701e-02 2.575867250561714172e-02 4.173770919442176819e-02 6.142471730709075928e-02 1.073112152516841888e-02 4.205774888396263123e-02 7.453141734004020691e-03 4.778328165411949158e-02 4.965809639543294907e-03 6.466640159487724304e-03 1.357606379315257072e-03 2.343897335231304169e-02 2.859513461589813232e-02 4.131136834621429443e-02 2.056108601391315460e-02 1.042215526103973389e-02 3.470396390184760094e-03 3.660698980093002319e-02 1.515968143939971924e-02 9.991315193474292755e-03 2.231809869408607483e-02 6.406476348638534546e-02 4.307070747017860413e-02 2.450649393722414970e-03 3.681847592815756798e-03 5.534608662128448486e-02 5.558105930685997009e-02 1.855143904685974121e-02 4.942189157009124756e-02 2.700989320874214172e-02 4.761356487870216370e-02 1.602663472294807434e-02 1.841863431036472321e-02 8.210104890167713165e-03 7.621753215789794922e-02 4.923187941312789917e-02 3.139909822493791580e-03 5.447574076242744923e-04 7.235624361783266068e-03 2.373904921114444733e-02 4.747657105326652527e-02 1.335491426289081573e-02 4.493226879276335239e-04 2.806533686816692352e-02 5.795903503894805908e-02 3.790424019098281860e-02 3.459678217768669128e-02 5.612934473901987076e-03 4.313853755593299866e-02 1.963583379983901978e-02 2.913619577884674072e-02 4.237460717558860779e-02 1.081833336502313614e-02 3.061232902109622955e-02 4.027216136455535889e-02 3.440626338124275208e-02 3.576347231864929199e-02 3.906929865479469299e-02 4.409150220453739166e-03 3.986577317118644714e-02
1.690541356801986694e-01 9.065004438161849976e-02 6.655962020158767700e-02 1.232747361063957214e-02 4.475757852196693420e-02 5.486185848712921143e-02 7.572183758020401001e-02 5.704689770936965942e-02 2.750305831432342529e-02 5.211964622139930725e-02 8.193433284759521484e-02 3.827584162354469299e-02 1.043311581015586853e-01 2.710561268031597137e-02 2.822862006723880768e-02 3.419197723269462585e-02 2.334347739815711975e-02 1.872473862022161484e-03 4.314720630645751953e-02 4.518152773380279541e-02 3.187708929181098938e-02 4.397096857428550720e-02 3.597953915596008301e-02 1.347888354212045670e-02 3.793511539697647095e-02 7.567592430859804153e-03 1.133988518267869949e-02 7.986301928758621216e-02 5.853927694261074066e-03 7.390118390321731567e-02 5.362035706639289856e-02 1.711090840399265289e-02 2.917886339128017426e-02 1.460304297506809235e-02 3.443607687950134277e-02 1.892375759780406952e-02 4.234389588236808777e-02 2.907798811793327332e-02 3.707412863150238991e-03 5.629612132906913757e-03 3.855614736676216125e-02 9.263298474252223969e-03 2.580689080059528351e-02 2.115786261856555939e-02 7.355603855103254318e-03 3.847308084368705750e-02 2.932294830679893494e-02 5.156559869647026062e-02 1.161141414195299149e-02 9.993721032515168190e-04 6.947475485503673553e-03 2.941212430596351624e-02 2.442243695259094238e-02 4.062912240624427795e-02 4.077485762536525726e-03 3.236234188079833984e-02 5.151649191975593567e-02 3.203454613685607910e-02 7.214114069938659668e-02 6.011295691132545471e-02 8.173236856237053871e-04 4.221083223819732666e-02 5.002849735319614410e-03 6.763041019439697266e-02 6.668895948678255081e-03 3.594333678483963013e-02 6.239541806280612946e-03 3.968550264835357666e-02 4.241101816296577454e-02 2.940645627677440643e-02 2.429467253386974335e-02 2.666719257831573486e-02 4.997355490922927856e-02 2.995523856952786446e-03 2.360640326514840126e-03 4.260930418968200684e-02 2.570152655243873596e-02 9.438748657703399658e-02 2.835655352100729942e-03 5.135064572095870972e-02 5.057192756794393063e-04 2.162211388349533081e-02 3.048973903059959412e-02 5.312531068921089172e-02 1.878123730421066284e-02 2.633762359619140625e-02 6.264675874263048172e-03 1.277109980583190918e-02 2.521695103496313095e-03 2.614127472043037415e-02 6.715092808008193970e-02 6.139258388429880142e-03 2.634995244443416595e-02 1.484305225312709808e-02 3.334178775548934937e-02 2.944107539951801300e-02 5.899197980761528015e-02 1.188216265290975571e-03 1.321577280759811401e-02 3.237437084317207336e-02 5.943062156438827515e-02 3.910565003752708435e-02 3.929487988352775574e-02 6.056100595742464066e-03 2.803289890289306641e-02 5.036958307027816772e-02 3.908818215131759644e-02 2.325709909200668335e-03 3.872602432966232300e-02 6.677281111478805542e-02 1.308099832385778427e-02 1.778039522469043732e-02 1.963476091623306274e-02 5.695459991693496704e-02 2.184793166816234589e-02 3.065307997167110443e-02
6.445662677288055420e-02 6.655962020158767700e-02 3.931966796517372131e-02 2.705228701233863831e-02 1.329739205539226532e-02 1.936983317136764526e-04 5.113347619771957397e-02 8.317969739437103271e-02 5.174851790070533752e-02 4.359171912074089050e-02 2.822040952742099762e-02 9.031559526920318604e-02 1.735640689730644226e-04 1.587124019861221313e-01 3.435523808002471924e-02 5.564887821674346924e-02 2.580466121435165405e-02 5.599359050393104553e-02 7.646111771464347839e-04 5.202334001660346985e-02 6.710972171276807785e-03 5.867135152220726013e-02 2.286905609071254730e-02 6.728056073188781738e-02 2.459171228110790253e-02 5.114309862256050110e-02 3.915647417306900024e-02 3.037053905427455902e-02 8.007041364908218384e-02 1.776866763830184937e-01 2.409185841679573059e-02 2.990762144327163696e-02 3.533354774117469788e-02 1.454644091427326202e-02 3.619629144668579102e-02 2.690685214474797249e-03 2.631819434463977814e-02 3.894516080617904663e-02 4.406373202800750732e-02 3.636454464867711067e-03 6.725949048995971680e-02 5.418547242879867554e-02 5.105177313089370728e-02 5.797593388706445694e-03 6.509198248386383057e-02 8.204969763755798340e-02 2.418176643550395966e-02 5.513141676783561707e-02 2.335725724697113037e-02 1.103806868195533752e-02 6.135463342070579529e-02 4.903221502900123596e-03 7.555500138550996780e-03 1.832037046551704407e-02 7.388273719698190689e-03 3.900776803493499756e-02 9.740109555423259735e-03 7.104758173227310181e-02 2.986207418143749237e-02 2.196452580392360687e-02 6.508038938045501709e-02 4.573199525475502014e-02 5.245615541934967041e-02 1.230062823742628098e-02 8.219768851995468140e-02 4.052867740392684937e-02 3.300920128822326660e-03 3.960526548326015472e-03 5.857583507895469666e-02 2.364390343427658081e-02 4.924305900931358337e-02 3.307606279850006104e-02 5.437590647488832474e-03 8.993769879452884197e-04 4.115103185176849365e-02 1.193005498498678207e-02 5.178508162498474121e-02 1.156330015510320663e-02 2.282029204070568085e-02 7.953464239835739136e-02 1.067449152469635010e-01 4.080593213438987732e-02 3.318923711776733398e-02 4.085762053728103638e-02 1.144450064748525620e-02 2.751599065959453583e-02 2.706405520439147949e-02 1.318328268826007843e-02 6.945877522230148315e-02 8.988975733518600464e-02 6.161243841052055359e-02 2.270419709384441376e-02 4.812545608729124069e-03 6.278147548437118530e-02 9.183378890156745911e-03 3.702843934297561646e-02 3.986477479338645935e-02 4.280633479356765747e-02 3.376785665750503540e-02 2.832516562193632126e-03 4.494459554553031921e-02 6.168356165289878845e-02 3.441405296325683594e-02 1.025494653731584549e-02 1.539567951112985611e-02 1.487153233028948307e-03 1.385375950485467911e-02 1.876458339393138885e-02 1.670510880649089813e-02 3.277759999036788940e-02 1.529806322650983930e-04 2.588150463998317719e-02 2.484712377190589905e-02 7.380901370197534561e-03 7.108063250780105591e-02 4.168931022286415100e-02
4.583197180181741714e-03 1.232747361063957214e-02 2.705228701233863831e-02 9.507966041564941406e-02 1.604847162961959839e-01 2.272451482713222504e-02 3.284506127238273621e-02 3.183244913816452026e-02 4.121742211282253265e-03 5.466613918542861938e-02 9.603046812117099762e-03 7.387840747833251953e-02 1.441780664026737213e-02 9.046889096498489380e-02 1.642220094799995422e-02 3.664656542241573334e-03 1.118114404380321503e-02 8.389256894588470459e-02 1.073118415661156178e-03 3.437589388340711594e-03 3.230061009526252747e-02 4.757344350218772888e-02 1.714623160660266876e-02 1.034783571958541870e-02 2.067093364894390106e-02 7.721215952187776566e-04 5.678284168243408203e-02 3.632570803165435791e-02 4.385374486446380615e-02 5.098749324679374695e-02 5.928087979555130005e-02 3.912721760571002960e-03 6.120016332715749741e-03 1.440936885774135590e-02 3.310390934348106384e-02 5.995559319853782654e-02 9.311907924711704254e-03 7.784093171358108521e-02 1.079261228442192078e-01 2.828511409461498260e-02 1.074721105396747589e-02 9.708215482532978058e-03 1.917262002825737000e-02 9.308367967605590820e-03 3.838840126991271973e-02 1.155403535813093185e-02 2.199701964855194092e-03 2.336605824530124664e-02 4.731404408812522888e-02 5.597480759024620056e-02 4.557222127914428711e-02 2.488167397677898407e-02 2.135237446054816246e-03 6.045021116733551025e-02 1.152881607413291931e-02 7.005004584789276123e-02 8.093478530645370483e-02 6.501252949237823486e-02 7.571715861558914185e-02 3.799179196357727051e-02 4.283197224140167236e-02 2.072091959416866302e-02 5.428437143564224243e-02 1.324862428009510040e-02 4.085867665708065033e-03 3.773488104343414307e-02 3.331688418984413147e-02 5.000423267483711243e-02 7.230031490325927734e-02 6.871713325381278992e-03 4.468630533665418625e-03 1.825632899999618530e-02 1.530726701021194458e-01 4.946645349264144897e-03 1.403011232614517212e-01 4.106666892766952515e-02 5.917606502771377563e-02 5.324533581733703613e-02 5.336705595254898071e-02 1.793249323964118958e-02 4.266527539584785700e-04 5.048612132668495178e-02 8.178965002298355103e-02 9.888011030852794647e-03 3.587907552719116211e-02 3.235360234975814819e-02 2.293002791702747345e-02 9.653597138822078705e-03 7.829765975475311279e-02 6.388145685195922852e-02 1.126851420849561691e-02 1.323682535439729691e-02 1.507714623585343361e-04 6.387326400727033615e-03 2.037797123193740845e-02 3.110541263595223427e-03 2.176372334361076355e-02 2.675103396177291870e-02 6.231887731701135635e-03 2.014071121811866760e-02 5.502855032682418823e-02 2.824106067419052124e-02 1.789630507118999958e-03 7.426859810948371887e-03 3.181320056319236755e-02 5.514986068010330200e-02 2.977844327688217163e-02 5.040935799479484558e-02 2.690117061138153076e-02 1.776699349284172058e-02 1.673194952309131622e-02 2.351340604946017265e-03 3.674885258078575134e-02 2.092376165091991425e-02 1.134088635444641113e-02 6.520070880651473999e-02
1.529688574373722076e-02 4.475757852196693420e-02 1.329739205539226532e-02 1.604847162961959839e-01 6.042327359318733215e-02 5.001733452081680298e-02 2.155122905969619751e-02 4.917286336421966553e-03 2.761110896244645119e-03 5.119857843965291977e-03 5.842420458793640137e-02 7.026155944913625717e-03 3.435067087411880493e-02 5.693872272968292236e-02 3.092216886579990387e-02 6.053773686289787292e-02 3.276300057768821716e-02 8.968947082757949829e-02 5.947729200124740601e-02 3.985586389899253845e-02 7.279623299837112427e-02 7.135152071714401245e-02 6.928431987762451172e-02 1.132465712726116180e-02 3.415283747017383575e-03 2.268747799098491669e-02 8.291190117597579956e-02 3.557329252362251282e-02 3.115256503224372864e-02 5.795704573392868042e-02 6.678798794746398926e-02 6.467793136835098267e-02 6.551769375801086426e-02 6.365326792001724243e-02 2.465871628373861313e-03 1.015159487724304199e-01 6.556050479412078857e-02 3.796799853444099426e-02 9.986819326877593994e-02 6.358046084642410278e-02 3.263427689671516418e-02 2.426886186003684998e-02 5.969901755452156067e-02 1.520668994635343552e-02 7.502549327909946442e-03 6.379343569278717041e-02 2.741858735680580139e-02 1.345204422250390053e-03 1.471191830933094025e-02 2.245208807289600372e-02 1.616408553672954440e-04 5.534049496054649353e-02 5.237670987844467163e-02 7.927243411540985107e-02 4.680431634187698364e-02 1.923711784183979034e-02 3.212512284517288208e-02 1.455221883952617645e-02 2.008454874157905579e-02 1.909061148762702942e-02 3.797593712806701660e-02 1.084044668823480606e-02 4.723116010427474976e-02 6.003417819738388062e-02 1.659030839800834656e-02 7.778544444590806961e-03 4.427422769367694855e-03 1.924988068640232086e-02 2.810342703014612198e-03 1.149396295659244061e-03 5.011710897088050842e-02 2.251677587628364563e-02 1.220642849802970886e-01 7.570512592792510986e-02 1.728480905294418335e-01 2.830359712243080139e-02 3.943720459938049316e-02 2.164586074650287628e-02 2.965399995446205139e-02 2.000484243035316467e-02 5.004262551665306091e-02 3.246440738439559937e-02 5.265123769640922546e-02 1.046915352344512939e-01 3.378998115658760071e-02 1.235348870977759361e-03 2.869621384888887405e-03 2.986733429133892059e-02 7.791398465633392334e-02 3.458168730139732361e-02 2.338644862174987793e-02 4.887714982032775879e-02 6.603770423680543900e-03 1.432507578283548355e-02 3.364669159054756165e-02 2.832327596843242645e-02 4.795027524232864380e-02 6.460208445787429810e-02 5.531519278883934021e-02 5.246091261506080627e-02 2.136595547199249268e-02 1.475518848747014999e-02 1.270941738039255142e-02 1.089675468392670155e-03 4.486018791794776917e-02 1.963882707059383392e-02 2.589724771678447723e-02 3.083257703110575676e-03 3.056899458169937134e-02 9.469256736338138580e-03 1.441897545009851456e-02 1.283573731780052185e-02 6.294813007116317749e-02 6.982972379773855209e-03 3.753041848540306091e-02 5.312777310609817505e-02
7.092691212892532349e-02 5.486185848712921143e-02 1.936983317136764526e-04 2.272451482713222504e-02 5.001733452081680298e-02 1.317939609289169312e-01 1.196831017732620239e-01 3.042507544159889221e-02 1.790641620755195618e-02 3.944263607263565063e-02 8.175499737262725830e-02 1.925826817750930786e-02 7.425995916128158569e-02 3.496899455785751343e-02 1.585337705910205841e-02 1.825806684792041779e-02 1.815483160316944122e-02 2.008516527712345123e-02 2.099591773003339767e-03 1.316055888310074806e-03 3.594014048576354980e-02 1.087122317403554916e-02 1.207751780748367310e-02 3.437784686684608459e-02 4.874387755990028381e-02 3.318418934941291809e-02 2.671604603528976440e-02 1.910434849560260773e-02 2.187530510127544403e-02 4.755312949419021606e-02 6.035891175270080566e-02 2.888715825974941254e-02 2.796988934278488159e-02 4.897135868668556213e-02 2.960023656487464905e-02 1.456725131720304489e-02 3.271733224391937256e-02 2.017970755696296692e-02 2.363835088908672333e-02 2.443370223045349121e-02 7.694517821073532104e-02 4.550544545054435730e-02 1.879633031785488129e-02 3.056038357317447662e-02 3.526560962200164795e-03 1.370426453649997711e-02 9.278666973114013672e-02 1.022913381457328796e-01 1.428520539775490761e-03 2.240641973912715912e-02 1.242089457809925079e-02 1.216502487659454346e-02 2.942907996475696564e-02 2.976029366254806519e-02 3.648207755759358406e-03 2.395488508045673370e-02 2.731426618993282318e-02 3.541554883122444153e-02 1.002274174243211746e-02 3.194028884172439575e-02 1.227987371385097504e-02 1.492971554398536682e-02 4.416320472955703735e-03 5.177224427461624146e-02 1.950768753886222839e-02 4.088612273335456848e-02 3.260875865817070007e-02 5.860499665141105652e-02 5.926114693284034729e-02 1.071447785943746567e-02 3.494141250848770142e-02 1.725142635405063629e-02 3.068863786756992340e-02 5.442110821604728699e-03 2.683840692043304443e-02 1.360006071627140045e-02 2.264566160738468170e-02 3.954455256462097168e-02 4.480268806219100952e-02 2.763329632580280304e-02 1.005493383854627609e-02 2.036340907216072083e-02 2.051862515509128571e-02 1.352561824023723602e-02 1.133659761399030685e-02 3.800150007009506226e-02 5.174719914793968201e-02 2.376506291329860687e-02 1.282073557376861572e-02 2.654272504150867462e-02 7.359806448221206665e-02 3.385290503501892090e-02 9.666177630424499512e-02 3.550302004441618919e-03 3.092300146818161011e-02 6.308552622795104980e-02 4.242761060595512390e-02 2.120043151080608368e-02 2.586065232753753662e-02 1.468416070565581322e-03 9.528728201985359192e-03 6.782862823456525803e-03 1.405282132327556610e-02 2.576251700520515442e-02 1.619321107864379883e-02 3.685571998357772827e-02 1.840696297585964203e-02 3.766390308737754822e-02 2.566810697317123413e-02 4.882045090198516846e-02 2.433592081069946289e-02 2.680926769971847534e-02 5.266024544835090637e-02 6.425940990447998047e-02 1.403956674039363861e-02 3.660527244210243225e-02
3.949353471398353577e-02 7.572183758020401001e-02 5.113347619771957397e-02 3.284506127238273621e-02 2.155122905969619751e-02 1.196831017732620239e-01 1.427730619907379150e-01 5.459107458591461182e-02 6.947004236280918121e-03 7.790833245962858200e-03 7.779619097709655762e-02 3.290471062064170837e-02 9.971930831670761108e-02 1.840973459184169769e-02 1.331888139247894287e-02 3.627794235944747925e-02 2.933242172002792358e-02 2.367250854149460793e-03 5.345329176634550095e-03 9.632240398786962032e-04 4.075314849615097046e-03 4.127782583236694336e-02 1.766522414982318878e-02 2.166300080716609955e-02 1.866567693650722504e-02 1.769449561834335327e-02 7.962447591125965118e-03 3.420117497444152832e-02 1.133227720856666565e-02 1.125381793826818466e-02 4.534851387143135071e-02 2.660019882023334503e-02 4.931297153234481812e-02 2.937167324125766754e-02 1.609452813863754272e-02 3.615270555019378662e-02 5.250198021531105042e-02 3.057029098272323608e-02 2.102842117892578244e-04 3.208727762103080750e-02 1.738202944397926331e-02 9.512713178992271423e-03 3.028218261897563934e-02 2.036125399172306061e-02 3.569422289729118347e-02 4.082742147147655487e-03 8.607155084609985352e-02 1.433203518390655518e-01 5.196149926632642746e-03 1.090498268604278564e-02 2.002097293734550476e-02 1.426984462887048721e-02 6.927783787250518799e-02 1.399032957851886749e-02 5.179345142096281052e-03 2.632930688560009003e-02 1.438027527183294296e-02 2.590361749753355980e-03 1.622705534100532532e-02 2.480189315974712372e-02 1.168921776115894318e-02 1.163741759955883026e-02 1.678700745105743408e-02 3.420845419168472290e-02 1.170019432902336121e-02 6.932739913463592529e-02 6.082012318074703217e-03 6.337492913007736206e-02 2.552607282996177673e-02 3.281050920486450195e-02 2.279723063111305237e-02 3.791524097323417664e-02 7.883891463279724121e-03 6.046554539352655411e-03 2.236163988709449768e-02 3.907658904790878296e-02 6.357740610837936401e-03 3.350894898176193237e-03 3.639030829071998596e-02 9.640765376389026642e-03 1.963427849113941193e-02 1.795816607773303986e-02 2.142695896327495575e-02 1.538644777610898018e-03 5.453466996550559998e-02 1.727380976080894470e-02 4.860933497548103333e-02 3.800792992115020752e-02 4.108451772481203079e-03 9.599335608072578907e-04 3.331235423684120178e-02 1.208343449980020523e-02 9.948455542325973511e-02 1.148400176316499710e-02 6.210035458207130432e-02 5.306208878755569458e-02 3.915716707706451416e-02 4.992326721549034119e-02 2.487491257488727570e-02 2.397540397942066193e-02 1.954652927815914154e-02 8.810879662632942200e-03 2.475810609757900238e-02 3.516316041350364685e-02 1.556964404881000519e-02 1.861393218860030174e-03 3.299643844366073608e-02 4.939150437712669373e-02 5.195813719183206558e-03 4.789094999432563782e-02 3.215157240629196167e-02 7.284969557076692581e-03 5.425639450550079346e-02 5.771118029952049255e-02 5.059229210019111633e-02 8.739163726568222046e-02
6.288829445838928223e-02 5.704689770936965942e-02 8.317969739437103271e-02 3.183244913816452026e-02 4.917286336421966553e-03 3.042507544159889221e-02 5.459107458591461182e-02 2.972941659390926361e-02 3.287977725267410278e-02 2.400633133947849274e-02 1.998373866081237793e-02 2.762941643595695496e-02 1.402878947556018829e-02 2.758553810417652130e-02 1.235215291380882263e-01 8.581641130149364471e-03 3.450514376163482666e-02 6.262896582484245300e-03 8.727012574672698975e-02 1.927052251994609833e-02 1.745998859405517578e-02 4.114890471100807190e-02 3.925644233822822571e-02 2.964438125491142273e-02 1.031429599970579147e-02 1.060739997774362564e-02 1.076718606054782867e-02 2.680322900414466858e-02 6.941849738359451294e-02 1.717714220285415649e-02 6.398806348443031311e-03 5.334099289029836655e-03 9.527999209240078926e-04 2.620765566825866699e-02 3.725614771246910095e-02 2.079672738909721375e-02 4.739516600966453552e-02 7.016891241073608398e-02 3.302571550011634827e-02 1.029236242175102234e-02 7.570574525743722916e-03 6.232989579439163208e-02 6.480848789215087891e-02 2.715363912284374237e-02 2.002814225852489471e-02 5.615385994315147400e-02 2.932278253138065338e-02 4.499349370598793030e-02 8.105169050395488739e-03 3.812009096145629883e-02 8.111301809549331665e-03 3.600689023733139038e-02 2.770186401903629303e-02 2.611023373901844025e-02 1.280946005135774612e-02 4.067695140838623047e-02 2.129544876515865326e-02 5.844765156507492065e-02 4.020253196358680725e-02 1.139240060001611710e-02 5.363848805427551270e-02 2.293482050299644470e-02 4.166377335786819458e-02 4.322975128889083862e-02 1.499867159873247147e-02 7.505557499825954437e-03 2.841309644281864166e-02 3.742270346265286207e-04 2.364968508481979370e-02 2.790630981326103210e-02 1.588245853781700134e-02 1.191240362823009491e-02 2.999694645404815674e-02 4.148513823747634888e-02 3.127598389983177185e-02 5.574671085923910141e-03 5.502189509570598602e-03 1.458493992686271667e-02 2.937573753297328949e-02 4.209493473172187805e-02 1.425406783819198608e-01 1.692013591527938843e-01 3.052863478660583496e-02 2.565383911132812500e-03 3.793995827436447144e-02 1.806332543492317200e-02 1.080344542860984802e-01 8.595420420169830322e-02 1.126937754452228546e-02 3.654490225017070770e-03 2.336451411247253418e-02 4.326122347265481949e-03 6.674148887395858765e-02 3.044527582824230194e-02 3.427443653345108032e-02 2.823405899107456207e-03 4.799598827958106995e-02 6.122821569442749023e-02 2.913032192736864090e-03 2.506594918668270111e-02 4.808420315384864807e-03 2.784716431051492691e-03 1.623145677149295807e-02 7.178384345024824142e-03 2.002926915884017944e-02 4.870883375406265259e-02 2.917707664892077446e-03 7.615868933498859406e-03 3.556071082130074501e-03 1.222729030996561050e-02 7.685451954603195190e-02 3.343255817890167236e-02 3.326984122395515442e-02 7.633363455533981323e-02 5.255604162812232971e-02 7.380291819572448730e-02
1.912703923881053925e-02 2.750305831432342529e-02 5.174851790070533752e-02 4.121742211282253265e-03 2.761110896244645119e-03 1.790641620755195618e-02 6.947004236280918121e-03 3.287977725267410278e-02 1.341724693775177002e-01 6.998252123594284058e-02 2.270409837365150452e-02 4.980073496699333191e-02 2.088971994817256927e-02 1.391427405178546906e-02 4.049555957317352295e-02 3.661358205135911703e-04 2.937191724777221680e-02 8.876755088567733765e-02 8.053644560277462006e-03 2.684694714844226837e-03 5.104011669754981995e-02 3.690109774470329285e-02 4.054681863635778427e-03 3.635020926594734192e-02 2.684109658002853394e-02 4.576689377427101135e-02 3.377503249794244766e-03 2.168159931898117065e-02 2.132065407931804657e-02 3.989700600504875183e-02 3.081490658223628998e-02 7.503039389848709106e-02 1.923478394746780396e-02 2.924500778317451477e-02 5.626370385289192200e-02 3.511161729693412781e-02 7.174371741712093353e-03 2.870286442339420319e-02 4.523680359125137329e-02 6.319954991340637207e-02 6.487929262220859528e-03 2.477954141795635223e-02 2.565783215686678886e-03 1.591606810688972473e-02 7.132186740636825562e-02 1.011770889163017273e-01 1.981769129633903503e-02 3.135222010314464569e-03 6.996089965105056763e-02 3.670130670070648193e-02 8.058257400989532471e-02 3.662251308560371399e-02 1.675165630877017975e-02 1.665499992668628693e-02 9.104491025209426880e-02 4.438026994466781616e-02 4.469415545463562012e-02 3.877420350909233093e-02 5.200130864977836609e-03 5.188552662730216980e-03 4.176920279860496521e-02 4.113681986927986145e-02 2.413419634103775024e-02 4.672466777265071869e-03 3.051339089870452881e-02 2.581014297902584076e-02 6.164162978529930115e-02 3.872525319457054138e-02 6.367380172014236450e-02 4.725680220872163773e-03 1.935446821153163910e-02 6.552440673112869263e-02 2.648197812959551811e-03 1.926501281559467316e-02 7.708305865526199341e-02 8.300226181745529175e-02 1.215233132243156433e-01 3.799791261553764343e-02 1.017412096261978149e-01 5.008039996027946472e-02 1.300919428467750549e-02 9.244675311492756009e-05 1.095601990818977356e-01 1.192039810121059418e-02 4.261771216988563538e-02 4.914876818656921387e-02 4.145599901676177979e-03 3.182191774249076843e-02 8.824592828750610352e-02 5.546223744750022888e-02 1.907650008797645569e-02 2.954748272895812988e-02 1.389015698805451393e-03 2.123835263773798943e-03 5.042283236980438232e-02 3.716918081045150757e-02 3.590771928429603577e-02 4.389672726392745972e-02 5.813612043857574463e-02 1.365553680807352066e-02 3.588519245386123657e-02 7.234165817499160767e-02 7.289566099643707275e-03 1.611492224037647247e-02 1.866300031542778015e-02 8.102601394057273865e-03 5.851922929286956787e-02 8.486332371830940247e-03 5.067422613501548767e-02 1.582281291484832764e-02 2.960972674190998077e-02 2.295633777976036072e-02 4.718549549579620361e-02 8.624912053346633911e-02 3.032047301530838013e-02 5.388059467077255249e-02
3.727952018380165100e-02 5.211964622139930725e-02 4.359171912074089050e-02 5.466613918542861938e-02 5.119857843965291977e-03 3.944263607263565063e-02 7.790833245962858200e-03 2.400633133947849274e-02 6.998252123594284058e-02 1.058711633086204529e-01 2.474669367074966431e-03 3.519485145807266235e-02 4.817578010261058807e-03 1.221835799515247345e-02 4.203196614980697632e-03 6.069412082433700562e-02 9.944893419742584229e-02 2.065914450213313103e-03 9.612366557121276855e-02 3.832173720002174377e-02 5.368850543163716793e-04 2.806769311428070068e-02 2.032087370753288269e-02 7.917913794517517090e-02 6.265431642532348633e-02 3.440422192215919495e-02 8.793706074357032776e-03 1.807728037238121033e-02 1.987911760807037354e-02 3.307196497917175293e-02 2.438863180577754974e-02 4.043009504675865173e-02 2.441036328673362732e-02 8.054230362176895142e-03 3.073969483375549316e-02 4.772277921438217163e-02 7.319574058055877686e-02 2.003791742026805878e-02 6.216122582554817200e-02 4.014454036951065063e-02 1.193444803357124329e-02 1.163790747523307800e-02 5.481833219528198242e-02 3.526611626148223877e-02 5.169713869690895081e-02 7.430084794759750366e-02 1.590395346283912659e-02 1.299940049648284912e-04 4.307605698704719543e-02 8.141901344060897827e-02 5.920346826314926147e-03 6.313792616128921509e-02 3.917923662811517715e-03 4.978056624531745911e-02 8.087266981601715088e-02 8.056338876485824585e-02 3.021122328937053680e-02 5.948976799845695496e-02 2.627040259540081024e-03 3.538072854280471802e-02 1.779177226126194000e-02 4.720652941614389420e-03 2.257514186203479767e-02 2.293271943926811218e-02 9.102082811295986176e-03 2.614708058536052704e-02 5.080373212695121765e-02 3.518938319757580757e-03 5.840078741312026978e-02 7.418515533208847046e-02 1.172054633498191833e-01 3.801065683364868164e-02 6.045075505971908569e-02 6.422233581542968750e-02 3.013489022850990295e-02 3.030948340892791748e-02 2.137173898518085480e-02 2.223159223794937134e-01 5.341890826821327209e-02 2.159480005502700806e-01 3.829591348767280579e-02 4.924229159951210022e-02 5.583123117685317993e-02 9.480966627597808838e-02 2.130950568243861198e-03 5.215883627533912659e-02 1.455802004784345627e-03 4.323978349566459656e-02 3.703802824020385742e-02 6.358999758958816528e-02 1.502041798084974289e-02 7.397567480802536011e-02 7.381806150078773499e-03 3.362708166241645813e-02 4.300073534250259399e-02 4.131781402975320816e-03 1.566908508539199829e-02 1.206307485699653625e-02 2.859279699623584747e-02 5.218457058072090149e-02 1.218779478222131729e-02 2.429255656898021698e-02 6.854800879955291748e-02 2.746639214456081390e-02 7.686940487474203110e-03 3.426943719387054443e-02 2.805449813604354858e-02 3.112659323960542679e-03 1.186901796609163284e-02 1.048386679030954838e-03 1.625520363450050354e-02 2.718308381736278534e-02 4.546212404966354370e-02 4.619688913226127625e-02 1.164194010198116302e-02 4.046098142862319946e-02
9.033076465129852295e-02 8.193433284759521484e-02 2.822040952742099762e-02 9.603046812117099762e-03 5.842420458793640137e-02 8.175499737262725830e-02 7.779619097709655762e-02 1.998373866081237793e-02 2.270409837365150452e-02 2.474669367074966431e-03 1.217713579535484314e-01 4.464833065867424011e-02 9.324525296688079834e-02 3.902710601687431335e-02 4.097761958837509155e-02 3.427086398005485535e-02 8.587053045630455017e-03 3.158004954457283020e-02 4.384244792163372040e-03 8.040377870202064514e-03 6.532558798789978027e-02 2.392639964818954468e-02 4.929929226636886597e-02 2.445237338542938232e-02 7.122712582349777222e-02 6.380937993526458740e-02 4.603371769189834595e-02 2.236824668943881989e-02 3.304411098361015320e-02 4.721572995185852051e-02 5.526736378669738770e-02 3.939974121749401093e-04 5.143817141652107239e-02 2.258601831272244453e-03 3.106422722339630127e-03 4.755284637212753296e-02 5.108138173818588257e-02 5.578937754034996033e-02 8.481625467538833618e-03 2.706889621913433075e-02 2.756974473595619202e-02 1.020512077957391739e-02 3.749618306756019592e-02 3.771894052624702454e-02 5.308374762535095215e-02 4.390068724751472473e-02 5.436576530337333679e-02 5.033725872635841370e-02 1.672131568193435669e-02 2.627629414200782776e-02 4.089671373367309570e-02 1.508447807282209396e-02 3.394238278269767761e-02 3.822099417448043823e-02 2.120248600840568542e-02 1.418653875589370728e-02 2.117487043142318726e-02 4.575150832533836365e-02 4.291739605832844973e-04 1.027292478829622269e-02 1.419640984386205673e-02 1.458108890801668167e-02 2.622780203819274902e-02 6.233562901616096497e-02 2.575407922267913818e-02 3.343208134174346924e-02 2.851023711264133453e-02 2.884495630860328674e-02 6.155046168714761734e-03 9.272631257772445679e-03 1.279856357723474503e-02 1.726085506379604340e-02 4.102060943841934204e-02 9.530090726912021637e-03 1.801302284002304077e-02 6.073653697967529297e-03 6.355212070047855377e-03 1.482849242165684700e-03 3.886788710951805115e-02 5.588259547948837280e-03 1.285178214311599731e-02 1.002118736505508423e-02 3.681603074073791504e-02 2.429397404193878174e-02 1.826140098273754120e-02 2.387035824358463287e-02 1.638321392238140106e-02 3.294685855507850647e-02 4.391762241721153259e-02 1.862339489161968231e-02 3.710474073886871338e-02 4.874012246727943420e-02 2.270853146910667419e-02 1.079266425222158432e-02 2.176287956535816193e-02 5.029356107115745544e-02 3.235236182808876038e-02 1.007386762648820877e-02 2.000346081331372261e-03 4.633907973766326904e-02 1.160938106477260590e-02 6.763449637219309807e-04 5.852056667208671570e-02 8.129696361720561981e-03 2.861613780260086060e-02 1.448230177629739046e-04 3.949416428804397583e-02 1.333089545369148254e-02 9.387582540512084961e-03 4.333212971687316895e-02 3.814713656902313232e-02 8.654770441353321075e-03 1.729246973991394043e-02 3.214030712842941284e-02 4.747466742992401123e-02 2.896287851035594940e-02
4.033752158284187317e-02 3.827584162354469299e-02 9.031559526920318604e-02 7.387840747833251953e-02 7.026155944913625717e-03 1.925826817750930786e-02 3.290471062064170837e-02 2.762941643595695496e-02 4.980073496699333191e-02 3.519485145807266235e-02 4.464833065867424011e-02 5.189818516373634338e-02 3.522869944572448730e-02 2.156597673892974854e-01 4.547741636633872986e-02 4.310818016529083252e-02 2.364668995141983032e-02 5.676301196217536926e-02 7.787307724356651306e-03 3.294672444462776184e-02 1.213765796273946762e-02 4.269815608859062195e-02 8.536534756422042847e-02 3.909401223063468933e-02 2.319112652912735939e-03 4.947356134653091431e-02 2.944268658757209778e-02 9.227941185235977173e-02 1.934361457824707031e-02 9.862551093101501465e-02 6.630220450460910797e-03 4.495704546570777893e-02 2.818948123604059219e-03 3.457195311784744263e-02 5.701294541358947754e-02 3.754782676696777344e-02 1.786090061068534851e-02 3.278508409857749939e-02 1.289571542292833328e-02 4.261328279972076416e-02 1.649339310824871063e-02 1.249913033097982407e-02 9.806418418884277344e-02 4.170610569417476654e-03 2.171629667282104492e-01 3.008970525115728378e-03 3.898148983716964722e-02 5.640213377773761749e-03 1.966626197099685669e-02 6.037664413452148438e-02 7.539784070104360580e-03 4.065503552556037903e-02 3.427415713667869568e-02 3.028388135135173798e-02 2.413674816489219666e-02 4.942674189805984497e-02 3.574394807219505310e-02 2.087907679378986359e-02 5.568135529756546021e-03 5.334460362792015076e-02 6.691253930330276489e-02 1.536995265632867813e-02 4.865481331944465637e-02 3.387518599629402161e-02 5.984507501125335693e-02 1.011986378580331802e-02 3.936819732189178467e-03 1.356463599950075150e-02 9.148592501878738403e-02 2.713739499449729919e-02 6.819329410791397095e-02 6.355757266283035278e-02 2.143555320799350739e-02 2.663718536496162415e-02 2.983375638723373413e-02 1.165677607059478760e-02 4.609790816903114319e-02 1.578024961054325104e-02 1.550054997205734253e-01 2.242470160126686096e-02 1.893540471792221069e-02 3.929463028907775879e-02 3.493864089250564575e-02 2.691941894590854645e-02 3.712978214025497437e-02 3.342436626553535461e-02 1.424015779048204422e-02 3.748547285795211792e-02 4.482165351510047913e-02 7.202495634555816650e-02 1.095969602465629578e-02 1.734756119549274445e-02 3.572811186313629150e-02 3.272787854075431824e-02 1.121432408690452576e-01 2.875018492341041565e-02 5.113299190998077393e-02 1.640431396663188934e-02 4.635444283485412598e-02 3.099298104643821716e-02 1.278772205114364624e-02 6.326405704021453857e-02 3.073192574083805084e-02 2.041866816580295563e-02 5.183169618248939514e-02 1.212430149316787720e-01 6.490134447813034058e-02 9.522870182991027832e-02 2.959308028221130371e-02 5.684524402022361755e-02 2.090250886976718903e-02 1.053280290216207504e-02 3.489584103226661682e-02 2.214835956692695618e-02 1.366719044744968414e-02 2.812497317790985107e-02
4.993161186575889587e-02 1.043311581015586853e-01 1.735640689730644226e-04 1.441780664026737213e-02 3.435067087411880493e-02 7.425995916128158569e-02 9.971930831670761108e-02 1.402878947556018829e-02 2.088971994817256927e-02 4.817578010261058807e-03 9.324525296688079834e-02 3.522869944572448730e-02 1.343770623207092285e-01 5.781131330877542496e-03 3.282621875405311584e-02 4.352355748414993286e-02 2.074278332293033600e-02 2.058905549347400665e-02 1.317135710269212723e-02 1.208388246595859528e-02 3.876054659485816956e-02 1.138571742922067642e-02 1.946151256561279297e-02 1.240699924528598785e-02 4.122918099164962769e-02 3.358592465519905090e-02 8.131567388772964478e-03 4.410376772284507751e-02 2.482119016349315643e-02 8.571624057367444038e-04 8.215472102165222168e-02 7.377220783382654190e-03 5.641401559114456177e-02 1.424314174801111221e-02 1.728223054669797421e-03 5.186360212974250317e-04 5.605716630816459656e-02 2.203259803354740143e-02 2.914019487798213959e-02 4.108738154172897339e-02 4.966218397021293640e-02 1.270264200866222382e-02 1.932721026241779327e-02 2.285037189722061157e-02 3.443899378180503845e-02 3.878245502710342407e-02 6.371293962001800537e-02 8.555490523576736450e-02 5.743705667555332184e-03 2.029092796146869659e-02 1.033870782703161240e-02 2.182215638458728790e-02 3.453299030661582947e-02 3.814884275197982788e-02 4.388957284390926361e-03 1.468699518591165543e-02 6.477753166109323502e-03 2.144822617992758751e-03 1.804415322840213776e-02 3.704403992742300034e-03 3.149076923727989197e-02 6.647451967000961304e-02 5.963332485407590866e-03 1.417533215135335922e-02 2.514809742569923401e-02 6.526885181665420532e-02 3.114802949130535126e-02 3.407093696296215057e-03 1.384561415761709213e-02 2.170099876821041107e-02 3.158885054290294647e-03 1.599781913682818413e-03 1.793627440929412842e-02 1.618602871894836426e-02 2.632687240839004517e-02 2.110784174874424934e-03 1.293286774307489395e-02 2.190340543165802956e-03 3.703609807416796684e-03 1.745133846998214722e-02 1.728617027401924133e-02 3.676083311438560486e-02 2.480559423565864563e-02 5.368151236325502396e-03 2.161265350878238678e-02 1.961430534720420837e-02 4.969749134033918381e-03 4.773829877376556396e-02 1.446798909455537796e-02 9.955082088708877563e-03 2.829015068709850311e-02 4.214718565344810486e-02 6.068553030490875244e-02 4.436574876308441162e-02 5.554365366697311401e-02 4.515307024121284485e-02 3.753101080656051636e-02 2.131138741970062256e-02 2.696001902222633362e-02 2.151323482394218445e-02 8.481731056235730648e-04 1.892844215035438538e-02 2.293570898473262787e-02 2.687409520149230957e-02 4.642652347683906555e-02 3.654962405562400818e-02 1.504887361079454422e-02 4.420215729624032974e-03 2.760366909205913544e-02 6.273339688777923584e-02 1.085694879293441772e-02 3.509966284036636353e-02 1.401472743600606918e-02 6.238899193704128265e-03 6.278797518461942673e-03 8.436826057732105255e-03
