1.531483083963394165e-01 1.788205057382583618e-01 9.345813654363155365e-03 1.427505747415125370e-03 5.498800892382860184e-03 1.183996051549911499e-01 4.515410959720611572e-02 6.089079007506370544e-02 7.406204193830490112e-02 2.427083067595958710e-02 2.411763966083526611e-01 8.826874545775353909e-05 9.451642632484436035e-02 6.306950002908706665e-02 1.238915137946605682e-03 3.691399842500686646e-02 5.186383426189422607e-02 2.830124273896217346e-02 3.312795609235763550e-02 9.990128688514232635e-03 3.424703329801559448e-02 4.966967180371284485e-02 2.898923121392726898e-02 3.109938465058803558e-02 2.699314616620540619e-02 1.290999539196491241e-02 2.434118418022990227e-03 5.626392364501953125e-02 4.387897625565528870e-02 6.659563630819320679e-02 6.727577745914459229e-02 2.638191916048526764e-02 3.341319784522056580e-02 4.220249503850936890e-02 2.929538488388061523e-02 3.594621643424034119e-02 4.044714570045471191e-02 1.780031062662601471e-02 3.968763630837202072e-03 2.346669789403676987e-04 5.624159052968025208e-02 4.033689573407173157e-02 2.881550416350364685e-02 1.156057580374181271e-03 2.870988473296165466e-02 3.989733383059501648e-02 1.244241818785667419e-01 1.765719987452030182e-02 3.044370934367179871e-02 2.023470401763916016e-02 1.234989799559116364e-02 4.391533508896827698e-02 1.805932074785232544e-02 1.379130873829126358e-03 1.865405030548572540e-02 3.667159378528594971e-02 4.858736693859100342e-02 4.236896336078643799e-02 2.199521847069263458e-02 5.198015831410884857e-03 4.413617029786109924e-02 2.509575895965099335e-02 4.814799129962921143e-02 3.237415105104446411e-02 1.785421557724475861e-02 4.748020321130752563e-02 2.514373138546943665e-02 7.062888704240322113e-03 7.174469064921140671e-03 6.296092644333839417e-03 8.432201109826564789e-03 1.405401970259845257e-03 1.255805790424346924e-02 1.509198686107993126e-03 2.614739723503589630e-02 8.519980125129222870e-03 6.468606740236282349e-02 6.121058948338031769e-03 2.059235423803329468e-02 9.930985979735851288e-03 4.032202996313571930e-03 6.912468373775482178e-02 6.947533041238784790e-02 4.859216511249542236e-02 2.806723350659012794e-03 2.069870010018348694e-02 3.712509945034980774e-02 2.429532259702682495e-02 1.410922501236200333e-03 5.550765898078680038e-03 1.723771728575229645e-02 1.361254509538412094e-02 2.256271801888942719e-02 6.501821801066398621e-03 1.977300969883799553e-03 4.015189595520496368e-03 3.298715502023696899e-02 5.889815464615821838e-02 2.835141494870185852e-02 5.170667078346014023e-03 5.291745811700820923e-02 1.812884397804737091e-02 3.968556225299835205e-02 2.440610527992248535e-02 2.456778846681118011e-02 3.821307094767689705e-03 1.269726175814867020e-02 3.088457882404327393e-02 9.168496355414390564e-03 6.241490691900253296e-02 7.792973425239324570e-03 1.705322414636611938e-02 2.421789430081844330e-02 1.164917740970849991e-02 5.068543925881385803e-02 4.260177165269851685e-02
1.788205057382583618e-01 1.861386448144912720e-01 4.098684340715408325e-02 7.831905968487262726e-03 3.019952215254306793e-02 1.291835606098175049e-01 1.188619434833526611e-01 2.343427576124668121e-02 4.941087961196899414e-02 2.858772873878479004e-02 1.261842101812362671e-01 1.772424206137657166e-02 1.731670349836349487e-01 8.554336614906787872e-03 1.323568969964981079e-01 3.877885267138481140e-02 5.997776240110397339e-02 1.471774373203516006e-02 9.168396703898906708e-03 1.301936805248260498e-02 2.615827322006225586e-02 1.848994381725788116e-02 2.844235301017761230e-02 2.510073129087686539e-03 6.433328613638877869e-03 4.100406542420387268e-02 1.736684702336788177e-03 7.051276415586471558e-02 4.868374671787023544e-03 1.708856038749217987e-02 1.348375249654054642e-02 2.485753409564495087e-02 3.511513397097587585e-02 3.396901860833168030e-02 5.047475919127464294e-02 1.693382300436496735e-02 5.297909677028656006e-02 1.543090119957923889e-02 4.003480076789855957e-03 5.296213179826736450e-02 5.142799764871597290e-02 3.238238021731376648e-02 2.340155839920043945e-02 9.805992245674133301e-03 7.257340941578149796e-03 1.079327892512083054e-02 8.180706948041915894e-02 5.285016447305679321e-02 2.415848430246114731e-03 1.832908391952514648e-02 1.522308867424726486e-02 5.945306271314620972e-02 5.557338707149028778e-03 5.222043488174676895e-03 3.698237985372543335e-02 2.789229527115821838e-02 1.942979916930198669e-02 1.663983101025223732e-03 4.959659650921821594e-02 3.636294743046164513e-03 4.404582828283309937e-02 2.057084441184997559e-02 4.868953675031661987e-02 4.361579194664955139e-03 7.663683593273162842e-02 3.776350244879722595e-02 8.164262399077415466e-03 2.003295533359050751e-02 4.203885793685913086e-02 7.288138568401336670e-02 9.924740530550479889e-03 1.134894136339426041e-02 2.301330864429473877e-02 4.764410667121410370e-03 5.362132936716079712e-02 2.219740860164165497e-02 1.788694784045219421e-02 1.075627515092492104e-03 2.150214090943336487e-02 1.846069283783435822e-02 3.836445137858390808e-02 4.570827633142471313e-02 2.153709158301353455e-02 8.898367523215711117e-04 1.367118861526250839e-02 9.076643735170364380e-03 2.527475589886307716e-03 6.519007030874490738e-03 2.067357709165662527e-04 3.027095645666122437e-02 5.715484544634819031e-02 3.607291355729103088e-02 6.886385381221771240e-02 1.018143724650144577e-02 3.585590794682502747e-02 2.848882786929607391e-02 8.053821511566638947e-04 5.663124844431877136e-02 3.838412463665008545e-02 2.700383588671684265e-02 1.150423754006624222e-02 2.301243692636489868e-02 3.301570890471339226e-03 3.241933416575193405e-03 1.560034230351448059e-02 2.772266976535320282e-03 5.557789932936429977e-03 7.032258808612823486e-02 2.018711902201175690e-02 7.923383265733718872e-02 4.234077036380767822e-02 2.851890027523040771e-02 9.394416585564613342e-03 4.302771762013435364e-02 2.225738205015659332e-02 4.539752751588821411e-02
9.345813654363155365e-03 4.098684340715408325e-02 8.756946027278900146e-02 5.009802803397178650e-02 7.438594475388526917e-04 5.999395623803138733e-02 4.439783096313476562e-02 2.974019348621368408e-01 4.570071026682853699e-02 4.101614281535148621e-02 7.504213135689496994e-03 9.192150086164474487e-03 4.344740882515907288e-03 2.684284746646881104e-02 1.441303789615631104e-01 2.248375676572322845e-02 2.786896191537380219e-02 7.642820011824369431e-03 4.293940961360931396e-02 8.656041324138641357e-02 5.950111895799636841e-02 6.731553585268557072e-04 2.029190771281719208e-02 1.827296568080782890e-03 5.158590152859687805e-02 5.001148208975791931e-02 7.613932341337203979e-02 4.785063862800598145e-02 7.346193306148052216e-03 1.822538301348686218e-02 2.166101522743701935e-02 2.985847182571887970e-02 4.096369817852973938e-02 2.930116280913352966e-02 1.060988903045654297e-01 5.687217926606535912e-04 2.319505810737609863e-02 3.465541871264576912e-03 5.982663482427597046e-02 1.891816034913063049e-02 3.603873029351234436e-02 3.038878738880157471e-02 8.320825174450874329e-03 1.313580870628356934e-01 2.946021966636180878e-02 1.968130469322204590e-02 1.478893868625164032e-02 4.860417544841766357e-02 2.021569525822997093e-03 3.082321025431156158e-02 3.940172865986824036e-02 9.136295877397060394e-03 2.116390317678451538e-02 5.897305160760879517e-02 3.178224340081214905e-02 4.343513771891593933e-02 2.153236791491508484e-02 5.507736653089523315e-02 2.940511703491210938e-02 4.360380768775939941e-02 4.162887483835220337e-02 1.701095327734947205e-02 4.558502510190010071e-02 5.720929056406021118e-02 3.772105649113655090e-02 1.584126241505146027e-02 3.458580700680613518e-03 9.936768561601638794e-03 3.664871305227279663e-02 4.173234105110168457e-02 2.874392271041870117e-02 1.118996832519769669e-02 9.708836674690246582e-03 4.897582903504371643e-02 6.433017551898956299e-03 6.695608142763376236e-03 4.903761669993400574e-03 4.401175770908594131e-03 3.598991781473159790e-02 1.774467155337333679e-02 3.281548917293548584e-01 1.914206743240356445e-01 1.860957965254783630e-02 5.782051384449005127e-02 2.921225130558013916e-02 5.233240500092506409e-02 7.579211890697479248e-02 1.503649540245532990e-02 5.425748415291309357e-03 1.102910097688436508e-02 8.443226106464862823e-03 2.442807424813508987e-03 3.096188884228467941e-04 6.392414122819900513e-02 2.966899052262306213e-02 8.488316088914871216e-03 1.662706374190747738e-03 1.266827620565891266e-02 3.267033025622367859e-02 1.180203445255756378e-02 6.569156050682067871e-02 6.762383854947984219e-04 5.610293895006179810e-02 8.207838051021099091e-03 1.023450028151273727e-02 8.486129343509674072e-03 5.568487197160720825e-02 3.640760853886604309e-02 1.172159705311059952e-02 5.015448108315467834e-02 7.609880995005369186e-03 5.168784037232398987e-02 3.573093935847282410e-02 1.443826034665107727e-02 2.022106014192104340e-02 1.166216880083084106e-01
1.427505747415125370e-03 7.831905968487262726e-03 5.009802803397178650e-02 1.979795843362808228e-02 2.026386409997940063e-01 6.337269209325313568e-03 2.444636635482311249e-02 5.219767987728118896e-02 1.522401440888643265e-02 5.030933022499084473e-02 3.528713062405586243e-02 2.757288143038749695e-02 3.478754684329032898e-02 3.448409261181950569e-03 5.482237902469933033e-04 3.669477999210357666e-02 9.955096058547496796e-03 6.732897832989692688e-03 6.551254540681838989e-02 8.311185985803604126e-03 3.698124364018440247e-02 5.707223340868949890e-02 2.927599847316741943e-02 2.321300469338893890e-02 4.358189925551414490e-02 2.924175933003425598e-03 2.149086445569992065e-02 3.846207633614540100e-02 2.115619741380214691e-02 3.393079340457916260e-02 2.633579075336456299e-03 4.028789699077606201e-02 3.914798051118850708e-02 1.169812120497226715e-02 5.800649523735046387e-02 1.436161808669567108e-02 6.878096144646406174e-03 2.874401863664388657e-03 1.105351969599723816e-01 7.497492432594299316e-02 6.072266027331352234e-02 1.413769205100834370e-03 1.035453006625175476e-02 4.963878914713859558e-02 2.271429263055324554e-02 1.512727141380310059e-02 4.625938087701797485e-02 8.691656403243541718e-04 1.964193023741245270e-02 2.748234011232852936e-02 3.516000136733055115e-02 1.405734382569789886e-02 3.159321472048759460e-02 2.117002941668033600e-02 8.575868606567382812e-02 5.300520360469818115e-02 3.955259174108505249e-02 4.064944572746753693e-03 5.701064132153987885e-03 1.337905786931514740e-02 2.574130892753601074e-02 4.048080369830131531e-02 2.836094610393047333e-02 4.833240061998367310e-02 1.324712764471769333e-02 9.323750273324549198e-04 2.982917241752147675e-02 2.315762266516685486e-02 1.749684661626815796e-02 8.283380884677171707e-04 2.429691702127456665e-02 8.776500821113586426e-03 1.610092222690582275e-01 4.770291503518819809e-03 8.932029455900192261e-02 2.809951314702630043e-03 1.472729910165071487e-02 2.946775965392589569e-02 2.034870721399784088e-02 6.940635852515697479e-03 6.732009816914796829e-03 3.637566417455673218e-02 1.530255470424890518e-02 2.523496001958847046e-02 6.791371852159500122e-02 4.350036382675170898e-03 5.962391942739486694e-02 4.460716620087623596e-02 3.399336710572242737e-02 4.004875198006629944e-03 8.438586257398128510e-03 1.909171789884567261e-02 3.007320128381252289e-02 3.665054962038993835e-02 2.684321813285350800e-02 1.086020935326814651e-02 2.681098878383636475e-02 2.312274649739265442e-03 4.664608743041753769e-03 5.376774072647094727e-02 2.473244629800319672e-02 1.350178476423025131e-02 2.592646516859531403e-02 2.048541419208049774e-02 9.390807244926691055e-04 9.718990884721279144e-03 4.716669023036956787e-02 8.729110471904277802e-03 2.048804238438606262e-02 2.428010664880275726e-02 2.091140672564506531e-02 4.945917055010795593e-03 2.268255874514579773e-02 1.246900856494903564e-02 7.959932088851928711e-02 2.377860993146896362e-02
5.498800892382860184e-03 3.019952215254306793e-02 7.438594475388526917e-04 2.026386409997940063e-01 3.644404932856559753e-02 1.591854542493820190e-02 5.555408075451850891e-02 2.271435409784317017e-02 2.131887152791023254e-02 4.952452704310417175e-02 2.062599360942840576e-02 4.363264422863721848e-03 2.337839640676975250e-02 3.583239391446113586e-02 2.644689194858074188e-02 2.498675882816314697e-02 4.653598181903362274e-03 1.441825926303863525e-02 4.152403399348258972e-02 4.084420576691627502e-02 3.010635077953338623e-02 3.380930796265602112e-02 2.388397976756095886e-02 2.991808764636516571e-02 3.391375020146369934e-02 3.423808887600898743e-02 3.787816967815160751e-03 2.322877757251262665e-02 1.615884480997920036e-03 1.255966164171695709e-02 1.661691348999738693e-03 1.397653389722108841e-02 1.528140343725681305e-02 1.083950884640216827e-02 5.103401467204093933e-02 3.112128004431724548e-02 8.292673528194427490e-02 2.024197764694690704e-02 6.204102560877799988e-02 1.585270911455154419e-01 7.783913519233465195e-03 3.709946200251579285e-02 1.502990839071571827e-03 2.660290710628032684e-02 1.371717639267444611e-02 1.226387824863195419e-02 1.816167682409286499e-02 2.239648811519145966e-02 6.325165182352066040e-02 2.577454410493373871e-02 1.226999703794717789e-02 4.795370995998382568e-02 9.344506077468395233e-03 1.385686453431844711e-03 1.447380799800157547e-02 1.960094831883907318e-02 6.261015683412551880e-02 4.033689573407173157e-02 6.254504434764385223e-03 3.619934245944023132e-02 3.872233629226684570e-02 2.160808217013254762e-04 4.457425698637962341e-02 4.955419339239597321e-03 2.123803272843360901e-02 3.755807504057884216e-02 8.147191256284713745e-03 4.746209457516670227e-02 1.849421486258506775e-02 9.003295563161373138e-03 3.527738153934478760e-02 1.200749166309833527e-02 1.374215036630630493e-01 1.648163236677646637e-02 1.086180284619331360e-01 4.101337492465972900e-02 1.632775552570819855e-02 2.916287630796432495e-04 1.257245149463415146e-02 2.587035670876502991e-02 1.686512492597103119e-02 5.525533109903335571e-02 7.845167070627212524e-03 3.931630775332450867e-02 1.114220693707466125e-01 5.585033074021339417e-02 3.952042013406753540e-02 1.837517879903316498e-02 3.065894171595573425e-02 6.957150995731353760e-02 1.229213271290063858e-02 3.804484149441123009e-04 1.966953650116920471e-02 3.627652069553732872e-03 2.618812024593353271e-02 5.784548819065093994e-02 2.550899796187877655e-02 1.116629689931869507e-02 1.124951988458633423e-02 4.107989836484193802e-03 1.483606174588203430e-02 3.156898170709609985e-02 1.958124776137992740e-04 2.346725016832351685e-02 8.714782074093818665e-03 1.221204176545143127e-03 7.746369810774922371e-04 4.347281903028488159e-02 3.579866373911499977e-03 5.160883069038391113e-03 1.078780461102724075e-02 3.745273128151893616e-02 2.379648573696613312e-02 2.452354505658149719e-02 6.326902657747268677e-02 2.366507053375244141e-02
1.183996051549911499e-01 1.291835606098175049e-01 5.999395623803138733e-02 6.337269209325313568e-03 1.591854542493820190e-02 1.330977827310562134e-01 2.094482034444808960e-01 2.265286399051547050e-03 6.352052092552185059e-02 5.981606082059442997e-04 1.094748079776763916e-01 7.147824764251708984e-02 7.560556381940841675e-02 4.359658434987068176e-02 9.566357731819152832e-02 1.117004361003637314e-02 1.506402972154319286e-03 4.136360716074705124e-03 3.438111022114753723e-02 2.003995701670646667e-02 1.121143531054258347e-02 4.535562358796596527e-03 2.620563376694917679e-03 1.419058814644813538e-02 9.119660244323313236e-04 7.568072527647018433e-03 2.294617937877774239e-03 3.038610704243183136e-02 8.906830102205276489e-02 4.549852013587951660e-02 2.787377126514911652e-02 6.540423724800348282e-03 9.660660289227962494e-03 2.695690281689167023e-02 1.257189642637968063e-02 3.512653335928916931e-02 3.159915283322334290e-02 2.456775680184364319e-02 1.728973351418972015e-02 3.332065418362617493e-03 4.492466896772384644e-02 2.684851177036762238e-02 6.205389741808176041e-03 5.246671382337808609e-03 5.836683139204978943e-02 3.990553785115480423e-03 1.477125585079193115e-01 6.138697266578674316e-02 8.745934814214706421e-03 5.008439533412456512e-03 8.598254062235355377e-04 3.070032969117164612e-02 1.842894591391086578e-02 1.215781550854444504e-02 1.698386156931519508e-03 2.120495587587356567e-02 3.867333382368087769e-02 1.642889529466629028e-02 3.486664965748786926e-02 1.053084433078765869e-02 2.822105027735233307e-02 4.861979931592941284e-02 2.294121310114860535e-02 8.735339157283306122e-03 6.903240084648132324e-02 7.125756144523620605e-02 2.273275889456272125e-02 2.187839336693286896e-02 1.798281737137585878e-04 1.146856229752302170e-02 3.053813939914107323e-03 4.865558445453643799e-02 5.504444614052772522e-02 1.464654225856065750e-02 3.220242261886596680e-02 3.494243696331977844e-02 1.905964873731136322e-02 2.364264801144599915e-03 1.438206527382135391e-02 3.042547404766082764e-02 2.644670195877552032e-02 2.658892795443534851e-02 5.911997519433498383e-03 4.611459746956825256e-02 1.151240430772304535e-02 2.897519059479236603e-02 7.477432489395141602e-03 9.922601282596588135e-03 5.834638141095638275e-03 3.655638545751571655e-02 5.004069767892360687e-03 1.156493555754423141e-02 6.020583212375640869e-02 1.472980715334415436e-02 4.434863850474357605e-02 1.825068145990371704e-02 1.500298082828521729e-02 1.017115917056798935e-02 2.421066630631685257e-03 5.795767996460199356e-03 2.776720747351646423e-02 9.649722836911678314e-03 6.091793533414602280e-03 1.642821007408201694e-03 4.161380697041749954e-03 6.179056363180279732e-04 2.439584210515022278e-02 1.920236833393573761e-02 1.818446628749370575e-02 4.620892181992530823e-02 2.004055492579936981e-02 2.952254377305507660e-02 2.658748254179954529e-02 1.617208123207092285e-02 4.293825849890708923e-02 3.209091257303953171e-03
4.515410959720611572e-02 1.188619434833526611e-01 4.439783096313476562e-02 2.444636635482311249e-02 5.555408075451850891e-02 2.094482034444808960e-01 1.418244987726211548e-01 3.923346754163503647e-03 2.665206091478466988e-03 4.671614151448011398e-03 1.997015811502933502e-02 5.163802206516265869e-02 1.288197785615921021e-01 5.233267322182655334e-02 5.935886874794960022e-02 3.805735707283020020e-02 1.896847411990165710e-02 5.497039481997489929e-02 1.283779647201299667e-02 1.817272976040840149e-02 4.986505210399627686e-02 5.788070615381002426e-03 3.991513326764106750e-02 5.065385252237319946e-02 1.747494004666805267e-02 6.032257806509733200e-03 2.345592074561864138e-04 3.863948956131935120e-02 6.457373499870300293e-02 4.281546920537948608e-02 3.682538121938705444e-02 4.107971675693988800e-03 2.229002304375171661e-02 5.162936449050903320e-02 3.447897359728813171e-02 6.540067493915557861e-02 1.725513860583305359e-02 9.937153197824954987e-03 3.292784560471773148e-03 5.583138018846511841e-02 4.183777421712875366e-02 5.537961795926094055e-02 1.795656979084014893e-02 5.659740045666694641e-02 2.775307931005954742e-02 4.226002469658851624e-02 1.111134216189384460e-01 1.573283374309539795e-01 1.376328058540821075e-02 2.187952212989330292e-02 8.631113916635513306e-03 4.899166058748960495e-03 1.353310188278555870e-03 2.435649075778201222e-04 2.860625274479389191e-02 1.239473745226860046e-02 3.238446265459060669e-02 3.142280131578445435e-02 5.838776007294654846e-02 2.222505770623683929e-02 5.214446038007736206e-02 3.200481086969375610e-02 2.342391945421695709e-02 3.888655826449394226e-02 5.535048246383666992e-02 2.802967093884944916e-02 8.514165878295898438e-03 8.218429284170269966e-04 7.365999370813369751e-02 7.151864934712648392e-03 1.662002503871917725e-02 3.829624876379966736e-02 6.776276230812072754e-02 1.737830415368080139e-02 3.227478638291358948e-02 2.041124552488327026e-02 3.409170731902122498e-02 6.573599297553300858e-03 2.596152015030384064e-02 2.665519528090953827e-02 2.292216755449771881e-02 6.510510575026273727e-03 5.032586306333541870e-02 1.337495259940624237e-02 1.187818683683872223e-02 5.653762258589267731e-03 1.410695840604603291e-04 2.442086115479469299e-02 4.874279722571372986e-03 4.185302555561065674e-02 2.547113411128520966e-02 2.441092021763324738e-02 7.189908623695373535e-02 1.783192344009876251e-02 1.123375445604324341e-02 1.044607069343328476e-02 1.217792090028524399e-02 1.044376846402883530e-02 3.685866668820381165e-02 3.660161048173904419e-02 1.283987332135438919e-02 1.643481105566024780e-02 2.530052326619625092e-03 5.179963633418083191e-02 1.144967600703239441e-02 1.009193598292768002e-03 3.509744256734848022e-02 7.235687691718339920e-03 1.290434878319501877e-02 4.309132322669029236e-02 1.827577687799930573e-02 5.210634320974349976e-02 1.825644448399543762e-02 1.382017694413661957e-02 1.768506504595279694e-02 2.694595046341419220e-02
6.089079007506370544e-02 2.343427576124668121e-02 2.974019348621368408e-01 5.219767987728118896e-02 2.271435409784317017e-02 2.265286399051547050e-03 3.923346754163503647e-03 1.334445625543594360e-01 5.309471487998962402e-02 3.864192217588424683e-02 5.891539622098207474e-03 4.006028175354003906e-03 5.459192395210266113e-02 1.609284058213233948e-02 2.243417054414749146e-01 2.585907466709613800e-02 1.416415721178054810e-02 2.730391547083854675e-02 3.062859177589416504e-02 7.231081370264291763e-03 3.532445803284645081e-02 3.765638917684555054e-02 8.646982721984386444e-03 4.164104908704757690e-02 4.444361105561256409e-02 2.959071472287178040e-02 3.189652040600776672e-02 4.712280258536338806e-02 4.143417254090309143e-02 1.976086571812629700e-02 5.178566649556159973e-02 2.367650903761386871e-02 1.366583630442619324e-02 4.314273223280906677e-02 1.559399813413619995e-02 4.671407490968704224e-02 1.639903709292411804e-02 5.745768547058105469e-02 6.064023077487945557e-02 1.305368496105074883e-03 9.125714190304279327e-03 8.488508872687816620e-03 1.699878834187984467e-03 8.285477757453918457e-02 4.950070753693580627e-02 8.379510790109634399e-02 1.393481343984603882e-02 9.072513319551944733e-03 1.447938382625579834e-01 5.065958015620708466e-03 1.430141460150480270e-02 1.609439961612224579e-02 8.318223990499973297e-03 5.690225865691900253e-03 6.738813966512680054e-02 5.736049264669418335e-02 2.094454877078533173e-02 2.564456500113010406e-02 4.920073226094245911e-02 1.849241927266120911e-02 4.251287132501602173e-02 4.501730203628540039e-02 3.364878147840499878e-02 3.902783989906311035e-02 5.300565809011459351e-02 9.995346888899803162e-03 4.790043085813522339e-02 4.573832731693983078e-03 1.073646359145641327e-02 5.138821527361869812e-02 3.042579628527164459e-02 2.445096615701913834e-03 3.382541239261627197e-02 5.001374706625938416e-02 6.504071503877639771e-02 2.821719390340149403e-04 2.102740854024887085e-02 4.161706566810607910e-02 2.334462292492389679e-02 7.302751392126083374e-02 2.899081110954284668e-01 1.226342245936393738e-01 4.720290750265121460e-02 8.630353957414627075e-03 1.432757638394832611e-02 3.539227694272994995e-02 1.533947885036468506e-01 7.574086636304855347e-02 5.243595689535140991e-02 2.054844982922077179e-02 4.549719020724296570e-02 6.134685501456260681e-02 4.395394399762153625e-02 2.557935938239097595e-02 2.805060520768165588e-02 4.358477890491485596e-03 3.410279005765914917e-02 1.933257328346371651e-03 4.075986891984939575e-02 1.517403498291969299e-02 3.402402997016906738e-02 3.838376328349113464e-02 2.165815606713294983e-02 1.771150343120098114e-02 5.066381767392158508e-02 5.221656337380409241e-02 3.168327733874320984e-02 1.684810593724250793e-02 1.956479810178279877e-02 2.144047245383262634e-02 3.430125117301940918e-02 4.177333042025566101e-02 3.391687199473381042e-02 2.877717651426792145e-02 4.606299474835395813e-02 9.664401412010192871e-03
7.406204193830490112e-02 4.941087961196899414e-02 4.570071026682853699e-02 1.522401440888643265e-02 2.131887152791023254e-02 6.352052092552185059e-02 2.665206091478466988e-03 5.309471487998962402e-02 1.232050433754920959e-01 1.378713101148605347e-01 8.950795978307723999e-02 1.162092462182044983e-01 8.147574029862880707e-03 3.384603932499885559e-02 2.503275126218795776e-02 5.677179619669914246e-02 1.478512678295373917e-02 1.349289417266845703e-01 4.935302212834358215e-02 6.981522589921951294e-02 3.030620142817497253e-02 3.147475421428680420e-02 8.880445361137390137e-02 9.065201133489608765e-02 2.636227384209632874e-02 2.773699536919593811e-02 1.297236327081918716e-02 2.879159338772296906e-02 4.274712875485420227e-02 3.309772163629531860e-02 4.593507200479507446e-02 7.267093658447265625e-02 3.923554718494415283e-02 1.426079683005809784e-02 3.338415175676345825e-02 4.508774727582931519e-02 5.433319136500358582e-02 2.565912902355194092e-02 3.658513352274894714e-02 2.560424245893955231e-02 3.187633119523525238e-03 4.332317411899566650e-02 4.621306434273719788e-02 4.596519749611616135e-03 6.842933595180511475e-02 1.631118208169937134e-01 4.795943386852741241e-04 7.633970677852630615e-02 3.943284600973129272e-02 4.385776817798614502e-02 5.738008767366409302e-02 8.252170681953430176e-02 1.365400478243827820e-02 2.250149846076965332e-02 1.804973371326923370e-02 6.211953982710838318e-02 1.941401883959770203e-02 7.901990413665771484e-02 5.316035822033882141e-03 5.035682022571563721e-02 7.837123423814773560e-02 1.298187766224145889e-03 2.991960197687149048e-02 1.967989280819892883e-02 1.484051346778869629e-02 3.685729205608367920e-02 1.497929566539824009e-03 7.466972339898347855e-03 9.173108637332916260e-02 1.710580196231603622e-03 1.715423725545406342e-02 2.289621159434318542e-02 5.302986875176429749e-02 1.564184762537479401e-02 5.477365106344223022e-02 1.227119099348783493e-02 2.876880466938018799e-01 1.109049245715141296e-01 1.272511631250381470e-01 7.478685583919286728e-03 3.937149792909622192e-02 3.846395388245582581e-02 1.231405511498451233e-01 1.176829915493726730e-02 1.736657135188579559e-02 3.703011199831962585e-02 2.776889316737651825e-02 1.333219837397336960e-02 1.261409670114517212e-01 6.248679757118225098e-02 6.790924817323684692e-02 3.446269407868385315e-02 6.595095247030258179e-02 3.600680734962224960e-03 1.531533710658550262e-02 2.530949003994464874e-02 4.073155112564563751e-03 1.986434496939182281e-02 4.842410609126091003e-02 3.231433779001235962e-02 3.456977754831314087e-02 2.251981012523174286e-02 8.144403109326958656e-04 2.261639758944511414e-02 8.046142756938934326e-03 1.218375284224748611e-02 7.522601634263992310e-02 5.488310940563678741e-03 2.190094254910945892e-02 6.079351902008056641e-02 3.947812132537364960e-03 2.941163256764411926e-02 5.079479143023490906e-02 2.499064058065414429e-02 7.520314771682024002e-03 1.291380543261766434e-02
2.427083067595958710e-02 2.858772873878479004e-02 4.101614281535148621e-02 5.030933022499084473e-02 4.952452704310417175e-02 5.981606082059442997e-04 4.671614151448011398e-03 3.864192217588424683e-02 1.378713101148605347e-01 1.555064171552658081e-01 3.798398375511169434e-02 3.872612863779067993e-02 1.618383452296257019e-02 7.838984578847885132e-02 6.393567658960819244e-03 2.877631224691867828e-02 7.033365964889526367e-02 4.072937741875648499e-02 1.585238724946975708e-01 1.823811791837215424e-02 4.857837036252021790e-02 2.564179711043834686e-02 3.743015974760055542e-02 7.977592200040817261e-02 2.888718992471694946e-02 6.916017085313796997e-02 1.634848117828369141e-02 5.290920287370681763e-02 1.662370935082435608e-02 6.706929951906204224e-02 2.154509723186492920e-02 5.256559699773788452e-02 1.754796318709850311e-02 4.776323214173316956e-02 3.806139528751373291e-02 2.216190658509731293e-02 3.148076683282852173e-02 1.411893870681524277e-02 2.857769373804330826e-03 2.435327693819999695e-02 1.172827556729316711e-02 2.702511474490165710e-02 6.517362594604492188e-02 5.450279917567968369e-03 7.427652180194854736e-02 4.181405529379844666e-02 1.398978382349014282e-02 4.374924302101135254e-02 7.174625992774963379e-02 9.418475627899169922e-02 1.061198301613330841e-02 4.060292616486549377e-02 3.359147161245346069e-02 2.309236588189378381e-04 5.324977636337280273e-02 5.004588142037391663e-02 1.002235114574432373e-01 2.982332184910774231e-02 6.328050792217254639e-02 2.075760066509246826e-02 1.219634711742401123e-02 2.492542937397956848e-02 8.846511133015155792e-03 4.650161415338516235e-02 2.205122262239456177e-02 1.533626206219196320e-02 8.273304440081119537e-03 4.431560635566711426e-02 2.136437594890594482e-02 4.163988307118415833e-02 1.024544090032577515e-01 1.146558858454227448e-02 9.830921888351440430e-02 3.099181689321994781e-02 4.021596163511276245e-02 2.162373438477516174e-02 7.171206176280975342e-02 1.766417622566223145e-01 7.826156914234161377e-03 1.313817799091339111e-01 4.768385738134384155e-02 4.018786549568176270e-02 5.547520518302917480e-02 9.870409965515136719e-02 2.727132849395275116e-02 6.088395789265632629e-02 4.645974189043045044e-02 3.061424568295478821e-02 1.961606927216053009e-02 1.311527788639068604e-01 4.323337972164154053e-02 7.267430424690246582e-02 1.597000472247600555e-02 4.482027143239974976e-03 1.414512842893600464e-02 2.622873708605766296e-02 2.691059373319149017e-02 1.009725779294967651e-02 3.760647727176547050e-03 3.135790675878524780e-02 9.205344133079051971e-03 3.655663132667541504e-02 2.305089123547077179e-02 4.572987928986549377e-02 3.467736020684242249e-02 1.305732876062393188e-02 1.520577445626258850e-02 4.125710576772689819e-02 5.737183988094329834e-02 3.029399923980236053e-02 4.849276319146156311e-02 3.901555761694908142e-02 1.784061081707477570e-02 1.928018219769001007e-02 1.157811284065246582e-02 1.418722211383283138e-03
2.411763966083526611e-01 1.261842101812362671e-01 7.504213135689496994e-03 3.528713062405586243e-02 2.062599360942840576e-02 1.094748079776763916e-01 1.997015811502933502e-02 5.891539622098207474e-03 8.950795978307723999e-02 3.798398375511169434e-02 1.491754204034805298e-01 3.593540191650390625e-02 1.341728568077087402e-01 5.211772024631500244e-02 2.072499506175518036e-02 3.058568015694618225e-02 2.330783521756529808e-03 3.590211272239685059e-02 5.615698546171188354e-02 2.850574068725109100e-02 3.241018205881118774e-02 1.482870057225227356e-02 9.050587192177772522e-03 2.721494436264038086e-02 1.453756447881460190e-02 3.762202709913253784e-02 4.595562070608139038e-02 7.106957584619522095e-02 1.674513705074787140e-02 5.726004019379615784e-02 3.663477022200822830e-03 3.996611572802066803e-03 3.230215981602668762e-02 2.774544060230255127e-03 4.498964175581932068e-02 5.028609931468963623e-02 5.004826467484235764e-03 9.651525877416133881e-03 1.904891803860664368e-02 1.501972903497517109e-03 2.997427619993686676e-02 1.800218038260936737e-02 6.314731203019618988e-03 9.981854818761348724e-03 2.355503849685192108e-02 2.961679361760616302e-02 1.719276309013366699e-01 3.623868897557258606e-02 4.518930986523628235e-02 4.080639407038688660e-02 3.382456302642822266e-02 2.072964981198310852e-02 2.169395238161087036e-02 3.618255630135536194e-02 5.185598507523536682e-02 2.226091688498854637e-03 4.678595811128616333e-02 1.724903658032417297e-02 6.534190475940704346e-02 2.437133574858307838e-03 1.113067567348480225e-02 2.139409631490707397e-02 1.046136394143104553e-02 1.568825915455818176e-03 1.269677877426147461e-01 4.280687868595123291e-02 6.237884238362312317e-02 5.666157230734825134e-02 1.212145434692502022e-03 4.600392654538154602e-02 5.318539962172508240e-02 1.067196577787399292e-02 2.404673025012016296e-02 1.620338298380374908e-02 2.290035225450992584e-02 2.610354125499725342e-02 3.153229504823684692e-02 2.418342744931578636e-03 8.816890418529510498e-03 6.295794621109962463e-03 1.337342150509357452e-02 8.577432483434677124e-02 5.320677533745765686e-02 5.387879163026809692e-02 3.289863234385848045e-03 2.269889600574970245e-02 1.340655516833066940e-02 4.511484131217002869e-02 1.419395860284566879e-02 3.905238956212997437e-02 2.297198213636875153e-02 1.093166247010231018e-01 1.239241193979978561e-02 2.744326740503311157e-02 3.629477322101593018e-02 2.773427031934261322e-02 1.397527568042278290e-02 3.889371082186698914e-02 1.148164737969636917e-02 2.058765850961208344e-02 1.405749749392271042e-02 1.438085362315177917e-02 9.339208714663982391e-03 2.275398373603820801e-02 2.707190439105033875e-02 1.962648006156086922e-03 3.014900721609592438e-02 6.181878503412008286e-03 1.435338146984577179e-02 3.671310096979141235e-02 1.676065847277641296e-02 3.535128384828567505e-02 1.230491092428565025e-03 3.870168700814247131e-02 4.998427629470825195e-02 3.286322951316833496e-02
8.826874545775353909e-05 1.772424206137657166e-02 9.192150086164474487e-03 2.757288143038749695e-02 4.363264422863721848e-03 7.147824764251708984e-02 5.163802206516265869e-02 4.006028175354003906e-03 1.162092462182044983e-01 3.872612863779067993e-02 3.593540191650390625e-02 1.443821489810943604e-01 3.914475906640291214e-03 3.605035543441772461e-01 6.239678710699081421e-02 6.927677989006042480e-02 5.625209584832191467e-02 4.643304646015167236e-02 4.756356403231620789e-02 2.732717059552669525e-02 1.360863912850618362e-02 9.342819452285766602e-03 8.125346153974533081e-02 4.948858544230461121e-02 7.817443460226058960e-02 1.338566280901432037e-02 2.488701418042182922e-02 2.052613794803619385e-01 9.302505105733871460e-02 1.695008575916290283e-01 1.078534275293350220e-01 1.702303439378738403e-02 4.390380159020423889e-02 4.902580007910728455e-02 1.122825499624013901e-02 7.275692187249660492e-03 1.732864975929260254e-02 9.418384172022342682e-03 1.660282909870147705e-02 3.361811116337776184e-02 2.218016795814037323e-02 1.799438521265983582e-02 1.302037946879863739e-02 1.510737091302871704e-02 1.838065981864929199e-01 9.562366455793380737e-02 4.291783645749092102e-02 2.100303024053573608e-02 1.467335969209671021e-02 6.639378517866134644e-02 2.587380446493625641e-02 1.604390516877174377e-02 4.874373227357864380e-02 3.703176230192184448e-02 3.258574753999710083e-02 5.768052767962217331e-03 4.263350274413824081e-03 1.993078924715518951e-02 6.016924604773521423e-02 5.439542606472969055e-02 2.791446866467595100e-03 6.642103195190429688e-02 3.531895205378532410e-02 2.151119522750377655e-02 2.039767801761627197e-02 7.195686455816030502e-03 3.609198704361915588e-02 3.211183100938796997e-02 7.100543379783630371e-02 2.604796178638935089e-02 2.225871011614799500e-02 6.457899231463670731e-03 7.887578755617141724e-02 5.239172838628292084e-03 4.203406721353530884e-02 1.112703792750835419e-02 7.956257462501525879e-02 7.102662231773138046e-03 3.077778406441211700e-02 5.965942144393920898e-02 3.978689014911651611e-02 3.554869070649147034e-02 8.072143048048019409e-02 5.249695386737585068e-03 6.304541230201721191e-02 5.208259914070367813e-03 2.240052260458469391e-02 4.889649897813796997e-02 1.550314873456954956e-01 2.398912422358989716e-02 3.695795685052871704e-02 5.306365713477134705e-02 4.704956710338592529e-02 2.237641997635364532e-02 2.658950909972190857e-02 6.419205106794834137e-03 8.355053141713142395e-03 2.440503612160682678e-02 2.413211390376091003e-02 2.794739045202732086e-02 5.266379099339246750e-03 8.005445823073387146e-03 1.229817606508731842e-02 1.526118163019418716e-02 3.550058603286743164e-02 2.433651685714721680e-02 3.443225473165512085e-02 5.843686684966087341e-02 1.630390994250774384e-02 8.210496976971626282e-03 1.090777106583118439e-02 2.279351651668548584e-02 3.925750404596328735e-02 7.215704023838043213e-02 1.912912912666797638e-02 5.470548756420612335e-03
9.451642632484436035e-02 1.731670349836349487e-01 4.344740882515907288e-03 3.478754684329032898e-02 2.337839640676975250e-02 7.560556381940841675e-02 1.288197785615921021e-01 5.459192395210266113e-02 8.147574029862880707e-03 1.618383452296257019e-02 1.341728568077087402e-01 3.914475906640291214e-03 1.767359375953674316e-01 5.069819837808609009e-02 1.373466402292251587e-01 6.722830981016159058e-02 5.678713694214820862e-02 3.318859636783599854e-02 1.858424581587314606e-02 2.573206089437007904e-02 1.632983982563018799e-02 5.649565160274505615e-02 1.088206376880407333e-02 1.774859614670276642e-02 6.613313406705856323e-02 5.930732563138008118e-02 3.964748606085777283e-02 4.348826408386230469e-02 7.324944436550140381e-02 1.614371500909328461e-02 1.211788319051265717e-02 3.138739988207817078e-02 2.253306098282337189e-02 1.746062771417200565e-03 3.282829374074935913e-02 3.911326825618743896e-02 3.248200938105583191e-02 2.801807783544063568e-02 1.446089893579483032e-02 5.681316182017326355e-02 1.853206939995288849e-02 2.556605078279972076e-02 1.986134098842740059e-03 2.502657845616340637e-02 9.534393437206745148e-03 1.547913067042827606e-02 1.121697723865509033e-01 1.314537227153778076e-01 2.798863314092159271e-02 3.980653360486030579e-02 2.386990003287792206e-02 1.496909558773040771e-02 8.688702248036861420e-03 1.474995817989110947e-02 1.734452694654464722e-02 2.056466788053512573e-02 2.030343748629093170e-02 4.567740485072135925e-02 1.252619177103042603e-02 2.455555647611618042e-02 1.377347204834222794e-02 7.121989876031875610e-02 6.537678651511669159e-03 2.505912259221076965e-02 4.850224032998085022e-02 7.097494602203369141e-02 4.921986162662506104e-02 9.882048703730106354e-03 6.829689443111419678e-02 3.210585191845893860e-02 2.087213844060897827e-02 2.837054245173931122e-02 2.245525829493999481e-02 2.464683540165424347e-02 1.440043281763792038e-02 1.256658602505922318e-02 4.557615146040916443e-02 4.735919833183288574e-02 9.948536753654479980e-03 8.738931268453598022e-03 3.410589322447776794e-02 5.896877869963645935e-02 2.446481958031654358e-02 2.218341920524835587e-03 2.900323271751403809e-02 7.316025439649820328e-03 6.055596284568309784e-03 3.089192090556025505e-03 3.000822477042675018e-02 6.922081578522920609e-03 8.640112355351448059e-03 6.498830765485763550e-02 3.243554756045341492e-02 2.102453261613845825e-02 1.961019262671470642e-02 2.166302315890789032e-02 1.945444010198116302e-02 5.149038136005401611e-02 4.364720359444618225e-02 7.461431436240673065e-03 3.546284884214401245e-02 2.128236694261431694e-03 1.707683689892292023e-02 3.558418154716491699e-02 2.044042386114597321e-02 1.541349757462739944e-02 2.421427890658378601e-02 3.745950758457183838e-02 2.436961040075402707e-05 2.531353570520877838e-02 3.243390098214149475e-02 6.882097106426954269e-03 2.405001223087310791e-02 5.052851047366857529e-03 7.743693422526121140e-03 1.534732151776552200e-02
