9.384267032146453857e-02 1.036124154925346375e-01 3.450043871998786926e-02 1.136532868258655071e-03 1.931567862629890442e-02 1.035581454634666443e-01 8.804668486118316650e-02 3.660630434751510620e-02 3.752300981432199478e-03 1.460031513124704361e-02 1.385578364133834839e-01 3.501104190945625305e-02 6.860428303480148315e-02 5.911555886268615723e-02 2.701668813824653625e-02 5.255431402474641800e-03 8.395748212933540344e-03 2.310365065932273865e-02 1.332618854939937592e-02 6.335655692964792252e-03 9.820314124226570129e-03 1.729507371783256531e-02 1.017552427947521210e-02 1.054890174418687820e-02 1.756027899682521820e-02 2.048419974744319916e-02 4.072501510381698608e-02 1.003755442798137665e-02 1.235154271125793457e-02 4.573001340031623840e-02 4.524975642561912537e-02 1.801120862364768982e-02 1.904735155403614044e-02 5.971102975308895111e-03 1.343355886638164520e-02 7.945043034851551056e-03 9.293561801314353943e-03 1.634009741246700287e-02 3.265860304236412048e-02 2.500076219439506531e-02 5.111455451697111130e-03 8.080962114036083221e-03 7.568827830255031586e-03 5.848859902471303940e-03 3.803433850407600403e-02 1.422885339707136154e-03 7.172475010156631470e-02 7.845009118318557739e-02 1.845644600689411163e-02 1.641174219548702240e-02 2.330182306468486786e-02 2.988769486546516418e-02 9.558075107634067535e-03 1.679227687418460846e-02 2.290320023894309998e-02 6.870620418339967728e-04 1.666313409805297852e-02 4.966531321406364441e-02 1.987677067518234253e-02 5.322334915399551392e-02 1.032498478889465332e-02 2.431198209524154663e-02 5.525821074843406677e-02 5.102585628628730774e-02 4.031559079885482788e-02 1.033776532858610153e-02 3.697085380554199219e-02 1.298788585700094700e-03 1.467791199684143066e-02 5.293036252260208130e-02 2.111783251166343689e-02 5.808167159557342529e-02 2.460631914436817169e-02 4.279536008834838867e-02 2.798886410892009735e-02 4.113080794923007488e-04 1.845223084092140198e-02 2.896955609321594238e-02 7.061908952891826630e-03 1.439024694263935089e-02 1.476333569735288620e-02 3.473073244094848633e-02 4.418570548295974731e-02 1.867240853607654572e-02 5.757820978760719299e-02 2.268382348120212555e-03 1.258418196812272072e-03 1.478221174329519272e-02 4.752806946635246277e-02 1.932848244905471802e-02 6.714789569377899170e-02 4.504538699984550476e-02 4.936183616518974304e-02 6.050820928066968918e-03 7.480222266167402267e-03 2.422491647303104401e-02 4.735667258501052856e-02 2.304210886359214783e-02 2.315622381865978241e-02 4.038022598251700401e-04 1.539694145321846008e-03 1.859200745820999146e-02 3.477784804999828339e-03 1.885468512773513794e-02 3.516357019543647766e-02 3.801846411079168320e-03 1.384875643998384476e-02 5.106436833739280701e-02 5.333982780575752258e-02 3.887806087732315063e-02 3.654148057103157043e-02 1.243624649941921234e-02 1.521728467196226120e-02 1.860696077346801758e-02 3.251949325203895569e-02 2.117405273020267487e-02
1.036124154925346375e-01 8.538176119327545166e-02 2.134677721187472343e-03 3.845984861254692078e-02 7.614046800881624222e-03 9.148441255092620850e-02 8.663568645715713501e-02 5.021485313773155212e-02 8.094645105302333832e-03 2.082330361008644104e-02 7.614433020353317261e-02 1.991393789649009705e-02 7.865781337022781372e-02 8.724230341613292694e-03 1.676722615957260132e-02 3.968066535890102386e-03 4.920015577226877213e-03 1.786365546286106110e-02 4.561628773808479309e-02 2.129478007555007935e-02 1.424638833850622177e-02 1.762578450143337250e-02 9.289216250181198120e-03 3.115542000159621239e-03 2.785856649279594421e-02 6.521653383970260620e-03 3.292703256011009216e-02 3.061545081436634064e-02 9.221191518008708954e-03 2.129966393113136292e-02 4.079812765121459961e-02 2.283665537834167480e-02 5.907096900045871735e-03 1.277877017855644226e-02 8.206563070416450500e-03 1.165105029940605164e-02 4.272897262126207352e-03 3.977062925696372986e-02 6.772425957024097443e-03 1.922074519097805023e-02 1.613412797451019287e-02 6.881948560476303101e-03 1.772219315171241760e-02 1.415214501321315765e-02 2.235937304794788361e-02 4.967180639505386353e-02 6.154775992035865784e-02 8.570019900798797607e-02 2.142596617341041565e-02 4.315043240785598755e-02 2.139395847916603088e-02 5.004958808422088623e-02 1.834066957235336304e-02 9.044610778801143169e-04 1.254687458276748657e-02 3.204929642379283905e-03 4.115365736652165651e-04 4.049779847264289856e-02 7.264517713338136673e-03 1.533114910125732422e-02 2.181829884648323059e-03 1.537027861922979355e-02 1.507227960973978043e-02 8.759921416640281677e-03 5.049020983278751373e-03 6.050241645425558090e-03 7.228657137602567673e-03 1.430688425898551941e-03 1.583176106214523315e-02 4.886790737509727478e-02 3.702066093683242798e-02 2.158507268177345395e-04 5.256297066807746887e-03 3.297082707285881042e-02 3.106295689940452576e-02 9.734840132296085358e-03 4.256156738847494125e-03 3.243514522910118103e-02 1.717727445065975189e-02 2.033760771155357361e-02 4.015276581048965454e-02 1.274545211344957352e-02 2.932450734078884125e-02 3.743334487080574036e-02 4.774450138211250305e-02 1.850774697959423065e-02 2.823654375970363617e-02 9.331521578133106232e-03 3.274307120591402054e-03 4.245894774794578552e-02 4.831290990114212036e-02 4.931003600358963013e-02 4.664042219519615173e-02 5.867719650268554688e-02 1.847007684409618378e-02 3.365628048777580261e-02 2.158773690462112427e-02 3.009469993412494659e-02 8.609847165644168854e-03 2.076053246855735779e-02 1.206452399492263794e-02 2.438966184854507446e-02 9.962430223822593689e-03 3.351191431283950806e-02 4.669050499796867371e-02 1.630115509033203125e-02 3.505911910906434059e-03 1.717793196439743042e-02 3.594176471233367920e-02 2.422303333878517151e-02 5.082655325531959534e-02 3.015781939029693604e-02 1.714214310050010681e-02 3.324961289763450623e-03 6.049665808677673340e-02 5.921067297458648682e-02
3.450043871998786926e-02 2.134677721187472343e-03 4.741322621703147888e-02 1.108016911894083023e-02 7.216569036245346069e-02 7.205525040626525879e-02 2.071602456271648407e-02 1.688769310712814331e-01 2.780953422188758850e-02 9.200265258550643921e-02 2.127543464303016663e-02 2.139951102435588837e-02 4.378655925393104553e-02 4.539488628506660461e-02 1.893883384764194489e-02 3.807589784264564514e-02 2.170420251786708832e-02 6.049163639545440674e-02 1.468728948384523392e-02 5.806069448590278625e-02 3.796014934778213501e-02 5.616940557956695557e-02 4.340412840247154236e-02 4.887936264276504517e-02 3.183692693710327148e-02 9.988320991396903992e-03 8.932446129620075226e-03 3.758086636662483215e-02 3.585793450474739075e-02 3.402426838874816895e-02 5.123645812273025513e-02 5.148420482873916626e-02 5.944446194916963577e-03 2.328454283997416496e-03 2.952911518514156342e-02 2.519759116694331169e-03 4.142838716506958008e-02 3.845864534378051758e-02 3.150941431522369385e-02 4.204500932246446609e-03 4.989304021000862122e-02 3.680328838527202606e-03 5.625221878290176392e-02 2.492623403668403625e-02 6.235112249851226807e-02 1.038824860006570816e-02 1.268849335610866547e-02 3.556398302316665649e-02 1.153587084263563156e-02 4.693219810724258423e-02 2.303919196128845215e-02 4.690107330679893494e-02 4.615901783108711243e-02 3.025947138667106628e-02 2.118366584181785583e-02 6.556884944438934326e-02 3.007270395755767822e-02 1.454398781061172485e-01 3.656234219670295715e-02 1.946848630905151367e-02 4.758835583925247192e-02 3.788175433874130249e-02 8.760883472859859467e-03 3.077304922044277191e-02 6.903340667486190796e-02 3.208445757627487183e-02 3.579630982130765915e-03 2.711047232151031494e-02 2.565264515578746796e-02 5.127746984362602234e-02 4.649336636066436768e-02 4.994931817054748535e-02 4.313939064741134644e-02 4.615455865859985352e-02 1.482139248400926590e-02 4.629058763384819031e-03 7.322607934474945068e-02 2.685096487402915955e-02 1.151964254677295685e-02 3.241383284330368042e-02 2.608165740966796875e-01 1.958664208650588989e-01 3.825923055410385132e-02 2.953843586146831512e-02 3.550324961543083191e-02 7.902941666543483734e-03 3.659622371196746826e-02 2.867649542167782784e-03 1.909025013446807861e-02 1.287335250526666641e-02 3.639406710863113403e-02 2.168264240026473999e-02 2.914200350642204285e-02 1.799045503139495850e-02 3.085225587710738182e-03 1.100225467234849930e-02 3.024460747838020325e-02 1.397901680320501328e-02 2.899456955492496490e-02 6.003230810165405273e-02 3.203586488962173462e-02 9.809663146734237671e-02 5.510839074850082397e-02 5.251471698284149170e-02 2.468220330774784088e-02 3.563553467392921448e-02 2.042246283963322639e-03 3.351855278015136719e-02 8.442942053079605103e-02 2.418321371078491211e-02 3.430435806512832642e-02 1.206568107008934021e-01 2.347258478403091431e-02 2.772778458893299103e-02 4.132746532559394836e-02 2.973534353077411652e-02
1.136532868258655071e-03 3.845984861254692078e-02 1.108016911894083023e-02 1.317725628614425659e-01 1.589170396327972412e-01 7.153520733118057251e-02 2.952190674841403961e-02 5.265576392412185669e-02 2.853292413055896759e-02 2.977220900356769562e-02 4.161721095442771912e-02 4.751974716782569885e-03 4.632094409316778183e-03 4.494721814990043640e-02 5.384716205298900604e-03 1.851535774767398834e-02 4.826582968235015869e-03 9.851506352424621582e-02 6.227861717343330383e-02 2.295346558094024658e-02 3.671257058158516884e-03 3.733545914292335510e-02 9.199467487633228302e-03 2.930827811360359192e-02 4.183414205908775330e-02 1.865422166883945465e-02 2.271940931677818298e-02 5.967966839671134949e-02 1.677327230572700500e-02 1.398661918938159943e-02 5.604534223675727844e-02 4.671596363186836243e-02 4.265696927905082703e-02 5.928720533847808838e-02 9.328959509730339050e-03 8.003452420234680176e-02 2.824627608060836792e-02 2.948485687375068665e-02 7.778313010931015015e-02 4.258518666028976440e-02 1.608569733798503876e-02 5.809174478054046631e-02 1.188756059855222702e-02 2.269679680466651917e-02 4.271027445793151855e-02 3.581457957625389099e-02 2.475459687411785126e-02 4.841428715735673904e-03 1.129479259252548218e-01 3.511587530374526978e-02 1.605163142085075378e-02 8.420234173536300659e-02 5.654006451368331909e-02 6.017223000526428223e-02 8.533832430839538574e-02 6.150267645716667175e-02 3.653355315327644348e-02 4.926047474145889282e-02 4.033616930246353149e-02 2.743000723421573639e-02 9.713803231716156006e-02 7.348892092704772949e-02 6.070122122764587402e-02 2.410403639078140259e-02 3.931754454970359802e-02 2.287530712783336639e-02 7.994684576988220215e-02 3.603796660900115967e-02 6.874218583106994629e-02 4.069899767637252808e-02 2.193275652825832367e-02 3.115070238709449768e-02 1.607123911380767822e-01 2.976755052804946899e-02 6.872569769620895386e-02 3.912167996168136597e-02 9.127838164567947388e-02 1.844212040305137634e-02 1.155150011181831360e-01 1.984421536326408386e-02 2.386590652167797089e-02 7.296022027730941772e-02 1.366396546363830566e-01 4.731369763612747192e-02 1.554836891591548920e-02 3.415745124220848083e-02 6.681724637746810913e-02 2.623404189944267273e-02 5.665501952171325684e-02 1.998263970017433167e-02 1.578787527978420258e-02 2.930971277237404138e-05 2.755979448556900024e-02 1.188918016850948334e-02 3.889236599206924438e-02 7.047355920076370239e-02 1.633564569056034088e-02 2.223872765898704529e-02 3.312622755765914917e-02 2.230015955865383148e-02 4.536581411957740784e-02 6.830647587776184082e-02 7.039754837751388550e-02 7.066297531127929688e-02 2.609006315469741821e-02 3.072964027523994446e-02 3.247496858239173889e-02 1.013984624296426773e-02 4.199812561273574829e-02 2.227386832237243652e-02 8.096859790384769440e-03 3.925954923033714294e-02 6.392046064138412476e-02 3.836787864565849304e-02 4.169758781790733337e-02 3.643531724810600281e-02
1.931567862629890442e-02 7.614046800881624222e-03 7.216569036245346069e-02 1.589170396327972412e-01 1.316381096839904785e-01 1.196944434195756912e-02 5.917461821809411049e-04 4.657269455492496490e-03 6.583819538354873657e-02 1.455997209995985031e-02 4.155183956027030945e-02 3.876484557986259460e-02 3.766951337456703186e-02 1.182094216346740723e-02 5.105341598391532898e-02 2.080973051488399506e-02 1.317621581256389618e-02 9.758846461772918701e-02 9.793479740619659424e-02 1.282799802720546722e-02 3.938670456409454346e-02 7.993134669959545135e-03 1.086617819964885712e-02 2.154169976711273193e-02 3.955872729420661926e-02 8.840663358569145203e-03 5.939855799078941345e-02 7.219080813229084015e-03 1.676820591092109680e-02 6.337669491767883301e-02 3.585485741496086121e-02 6.257734447717666626e-02 7.155708223581314087e-02 4.462675750255584717e-02 5.478372797369956970e-03 9.222155204042792320e-04 1.122900843620300293e-02 3.350232914090156555e-02 1.062877103686332703e-01 1.759287863969802856e-01 2.709419280290603638e-02 6.522879749536514282e-02 3.079275786876678467e-02 1.936232787556946278e-03 5.701640620827674866e-03 7.133985310792922974e-02 5.668267840519547462e-04 2.569547155871987343e-03 7.803744077682495117e-02 5.042909085750579834e-02 5.442538112401962280e-02 6.863994523882865906e-03 3.187622874975204468e-02 3.347679227590560913e-02 2.729099616408348083e-02 5.033065378665924072e-02 7.892865687608718872e-03 3.659357549622654915e-03 2.089742943644523621e-02 2.387091889977455139e-02 9.244163334369659424e-02 7.343902438879013062e-02 4.763764515519142151e-02 5.621351301670074463e-02 4.362636245787143707e-03 7.051701191812753677e-03 4.238983616232872009e-02 3.164518252015113831e-02 7.148536853492259979e-03 5.776900425553321838e-02 1.040799356997013092e-02 2.030393481254577637e-02 1.258964389562606812e-01 3.602029383182525635e-02 1.405428647994995117e-01 3.263536095619201660e-02 2.720703370869159698e-02 2.857092022895812988e-02 8.942952752113342285e-02 4.208151716738939285e-03 1.369591709226369858e-02 1.769578084349632263e-02 9.781530499458312988e-02 3.212473541498184204e-02 2.722585946321487427e-02 2.087111771106719971e-02 6.322909891605377197e-02 1.217634882777929306e-03 3.822129219770431519e-02 7.689846679568290710e-03 1.688694767653942108e-02 3.673537820577621460e-02 3.759286925196647644e-02 2.865831553936004639e-02 2.286945655941963196e-02 1.803402788937091827e-02 5.139358714222908020e-02 3.871533647179603577e-02 4.195683822035789490e-02 1.600621081888675690e-02 3.217469155788421631e-02 2.153067616745829582e-03 5.820636823773384094e-02 1.385190803557634354e-02 2.267549745738506317e-02 1.676044659689068794e-03 3.062396869063377380e-02 2.840259857475757599e-02 8.588294498622417450e-03 3.100041486322879791e-02 3.482768684625625610e-02 1.411976478993892670e-02 8.122726529836654663e-02 2.681475505232810974e-02 1.637680456042289734e-02 6.363838911056518555e-02
1.035581454634666443e-01 9.148441255092620850e-02 7.205525040626525879e-02 7.153520733118057251e-02 1.196944434195756912e-02 7.762703299522399902e-02 1.098638027906417847e-01 7.944033294916152954e-02 4.278043634258210659e-04 1.663685776293277740e-02 8.549589663743972778e-02 5.217075347900390625e-02 8.820021897554397583e-02 3.812766075134277344e-02 8.667305111885070801e-03 5.356151144951581955e-03 6.470089312642812729e-03 1.112204510718584061e-02 1.311349961906671524e-02 2.666661748662590981e-03 3.216843307018280029e-02 2.296887896955013275e-02 4.095985740423202515e-02 5.241603031754493713e-02 6.794631481170654297e-03 7.382445968687534332e-03 1.988777192309498787e-03 5.644506774842739105e-03 5.598404631018638611e-02 6.093406118452548981e-03 2.592100389301776886e-02 5.391597747802734375e-03 2.744386531412601471e-02 3.085816651582717896e-02 2.133004553616046906e-02 1.285167597234249115e-02 2.387564629316329956e-03 1.985653676092624664e-02 3.749508038163185120e-02 2.134211733937263489e-02 1.869327761232852936e-02 2.978369360789656639e-03 3.700791858136653900e-03 4.547559656202793121e-03 2.620742283761501312e-02 6.867871433496475220e-02 1.070951521396636963e-01 9.389352798461914062e-02 1.612200587987899780e-02 2.623497880995273590e-02 8.970444090664386749e-03 4.746353253722190857e-02 5.709366127848625183e-02 5.968986079096794128e-02 2.325349301099777222e-02 9.536186233162879944e-03 1.128314808011054993e-02 1.969280466437339783e-02 9.122352115809917450e-03 9.446764364838600159e-03 7.598203141242265701e-03 4.083370789885520935e-02 4.182343557476997375e-02 1.324464753270149231e-02 2.226529270410537720e-02 2.666259743273258209e-02 5.102504510432481766e-03 6.671543698757886887e-03 2.561426721513271332e-02 5.270318686962127686e-02 2.118682116270065308e-02 1.208047382533550262e-03 2.444060984998941422e-03 4.104201495647430420e-02 7.054992020130157471e-03 1.068411301821470261e-02 3.694297745823860168e-02 3.153774887323379517e-02 8.627261966466903687e-03 2.166363876312971115e-03 4.483993689063936472e-04 2.201961819082498550e-03 1.192057132720947266e-02 3.990232199430465698e-02 3.020499274134635925e-02 7.998283952474594116e-03 4.394655674695968628e-02 2.029435709118843079e-02 4.728957638144493103e-02 2.262644283473491669e-02 3.730960562825202942e-02 4.500572383403778076e-02 4.498507454991340637e-02 4.407630115747451782e-02 1.024824194610118866e-02 6.072085723280906677e-02 5.833151936531066895e-02 1.905840635299682617e-02 2.556381979957222939e-03 2.001176215708255768e-02 1.167637668550014496e-02 4.344356805086135864e-02 2.353660576045513153e-02 4.649855662137269974e-03 2.282081916928291321e-02 3.426739946007728577e-02 2.176352404057979584e-02 1.544222608208656311e-02 5.542672052979469299e-02 1.788885681889951229e-03 2.303244732320308685e-02 3.427082300186157227e-02 3.044460201635956764e-03 2.671639807522296906e-02 6.514590978622436523e-02 2.824875758960843086e-03
8.804668486118316650e-02 8.663568645715713501e-02 2.071602456271648407e-02 2.952190674841403961e-02 5.917461821809411049e-04 1.098638027906417847e-01 9.186854213476181030e-02 6.418328732252120972e-02 1.312987413257360458e-03 6.998041644692420959e-03 6.069781631231307983e-02 4.133954178541898727e-03 6.967389583587646484e-02 4.372055456042289734e-02 2.157142572104930878e-02 9.401028044521808624e-03 1.163823064416646957e-02 1.167985796928405762e-02 2.786613255739212036e-02 2.487918175756931305e-02 2.683863043785095215e-03 1.321912277489900589e-02 2.844528527930378914e-03 2.735843509435653687e-02 2.289672009646892548e-02 2.375339716672897339e-02 1.807789318263530731e-02 1.092130225151777267e-02 5.364319775253534317e-03 5.124228447675704956e-02 2.559065259993076324e-02 1.832872076192870736e-04 6.056536454707384109e-03 1.772574707865715027e-02 2.031728997826576233e-02 7.480583735741674900e-04 9.727369993925094604e-03 1.671564765274524689e-02 1.338951196521520615e-02 1.595292426645755768e-02 1.159256510436534882e-02 1.452208776026964188e-02 8.046875707805156708e-03 2.100045047700405121e-02 4.853406921029090881e-02 6.622342020273208618e-02 9.228748083114624023e-02 1.026140674948692322e-01 1.235025096684694290e-02 2.204427123069763184e-02 3.503712266683578491e-02 3.645607829093933105e-02 4.694122076034545898e-02 3.488283231854438782e-02 1.508039236068725586e-02 2.259533666074275970e-02 1.238930784165859222e-02 3.361217677593231201e-02 1.168932113796472549e-02 5.627249833196401596e-03 2.678214572370052338e-02 7.414609193801879883e-03 2.622164785861968994e-02 8.508201688528060913e-03 9.615375660359859467e-03 1.001700758934020996e-03 1.396038942039012909e-02 7.356133311986923218e-03 4.063186421990394592e-02 4.249658063054084778e-02 2.096904069185256958e-02 2.120943926274776459e-02 2.413553744554519653e-02 2.671458758413791656e-02 2.617769688367843628e-02 4.825830925256013870e-03 2.106060506775975227e-03 2.336711250245571136e-02 2.123771933838725090e-03 2.501802332699298859e-02 3.427218645811080933e-02 2.382933720946311951e-02 2.245828136801719666e-02 1.214032247662544250e-02 2.922846376895904541e-02 2.193234628066420555e-03 3.337448835372924805e-02 2.755316346883773804e-02 2.138971537351608276e-02 6.376170553267002106e-03 4.857987910509109497e-02 3.648758307099342346e-02 6.600095331668853760e-02 3.434202075004577637e-02 2.033133059740066528e-02 2.316785417497158051e-02 3.355032578110694885e-02 3.012330457568168640e-02 7.572376634925603867e-03 4.145839065313339233e-02 8.054340258240699768e-03 3.761395439505577087e-02 2.743453951552510262e-03 2.028854005038738251e-02 8.437404409050941467e-03 1.042773481458425522e-02 4.267566651105880737e-02 1.385799888521432877e-02 6.260792165994644165e-02 3.285573620814830065e-04 2.718042954802513123e-02 1.500664046034216881e-03 3.866022080183029175e-02 1.551610324531793594e-02 3.602835908532142639e-02 4.001953452825546265e-02
3.660630434751510620e-02 5.021485313773155212e-02 1.688769310712814331e-01 5.265576392412185669e-02 4.657269455492496490e-03 7.944033294916152954e-02 6.418328732252120972e-02 4.202848672866821289e-02 2.983192168176174164e-02 7.512678857892751694e-03 1.581956073641777039e-02 8.260639384388923645e-03 1.511369552463293076e-02 2.209131419658660889e-02 8.059473335742950439e-02 1.040897145867347717e-02 4.988877102732658386e-02 2.816952951252460480e-02 4.945690557360649109e-02 2.801511436700820923e-02 2.021034620702266693e-02 2.899786457419395447e-02 3.485831990838050842e-02 2.106158249080181122e-02 1.698823831975460052e-02 5.139776505529880524e-03 6.059641018509864807e-02 2.019770815968513489e-02 5.756071954965591431e-02 2.057854831218719482e-02 3.343044966459274292e-02 3.138071391731500626e-03 4.131782054901123047e-02 1.150990091264247894e-02 3.266366571187973022e-02 2.802990749478340149e-02 4.922257363796234131e-02 6.901666522026062012e-03 3.306119004264473915e-03 3.482019901275634766e-02 2.331609651446342468e-02 7.940736599266529083e-03 1.709929481148719788e-02 1.204349379986524582e-02 2.167684771120548248e-02 3.076929599046707153e-02 5.452357605099678040e-02 3.644858673214912415e-02 6.685800850391387939e-03 1.586124673485755920e-02 5.265493877232074738e-03 6.204099208116531372e-02 6.628631800413131714e-02 3.386934055015444756e-03 6.744974292814731598e-03 5.698655918240547180e-02 2.034369111061096191e-02 1.424590796232223511e-01 5.996367707848548889e-02 6.421468406915664673e-02 4.771053791046142578e-02 2.536934055387973785e-02 9.969174861907958984e-02 1.262672524899244308e-02 5.762448534369468689e-02 3.291941806674003601e-02 3.089563176035881042e-02 7.707267254590988159e-02 6.189326941967010498e-02 9.387881308794021606e-02 3.844326129183173180e-03 3.184254094958305359e-02 4.465707018971443176e-02 2.810698747634887695e-02 2.157487161457538605e-02 2.330910973250865936e-02 8.539755642414093018e-02 3.666143491864204407e-02 2.401837147772312164e-02 3.388865664601325989e-02 1.538031548261642456e-01 1.333689540624618530e-01 6.201862543821334839e-02 9.100130200386047363e-02 3.085584938526153564e-02 2.488922514021396637e-02 6.840591132640838623e-02 1.340223755687475204e-02 2.420647069811820984e-02 3.413464501500129700e-02 5.579637736082077026e-02 3.855054825544357300e-02 8.235075324773788452e-02 4.785251244902610779e-02 4.418432340025901794e-02 4.688349738717079163e-02 3.656539320945739746e-02 4.892862215638160706e-02 9.943643957376480103e-02 1.163764856755733490e-02 1.676916331052780151e-02 3.698639571666717529e-02 4.066073149442672729e-02 5.799499154090881348e-02 9.310320019721984863e-03 3.018364310264587402e-02 4.925251007080078125e-02 9.005317464470863342e-03 1.948247663676738739e-02 4.478039965033531189e-02 1.832016557455062866e-02 9.245017915964126587e-02 3.130096942186355591e-03 2.371492050588130951e-02 4.708675667643547058e-03 3.823398798704147339e-02
3.752300981432199478e-03 8.094645105302333832e-03 2.780953422188758850e-02 2.853292413055896759e-02 6.583819538354873657e-02 4.278043634258210659e-04 1.312987413257360458e-03 2.983192168176174164e-02 1.020590364933013916e-01 1.324923634529113770e-01 1.605430245399475098e-02 5.327560380101203918e-02 1.580144278705120087e-02 5.428576096892356873e-02 8.300156891345977783e-02 6.225762143731117249e-02 1.695014163851737976e-02 1.061199605464935303e-02 5.865063518285751343e-02 1.794489100575447083e-02 2.155388006940484047e-03 1.034118048846721649e-02 7.291225343942642212e-02 3.799709677696228027e-02 8.363003144040703773e-04 9.379956871271133423e-03 3.189819678664207458e-02 2.629565633833408356e-02 3.432768955826759338e-02 6.361459195613861084e-02 1.619984395802021027e-02 2.074170857667922974e-02 3.851187229156494141e-02 2.954067103564739227e-02 4.850818961858749390e-02 1.328347064554691315e-02 4.081277176737785339e-02 1.048635877668857574e-02 5.698139220476150513e-02 4.048500582575798035e-02 8.926902897655963898e-03 1.199460029602050781e-01 5.497573316097259521e-02 7.217101752758026123e-02 1.597114279866218567e-02 1.250617578625679016e-02 2.339861541986465454e-02 5.104082636535167694e-03 4.971985518932342529e-02 1.360433455556631088e-02 3.386728838086128235e-02 1.687674969434738159e-02 6.865036673843860626e-03 3.965131565928459167e-02 6.949185580015182495e-02 5.916618555784225464e-02 8.501113206148147583e-02 1.211979892104864120e-02 2.248947881162166595e-02 2.191976644098758698e-02 1.424885168671607971e-02 4.469208652153611183e-04 5.970131605863571167e-02 3.640065714716911316e-02 3.703587502241134644e-02 1.538357604295015335e-02 1.231372263282537460e-02 5.055092647671699524e-02 2.068558335304260254e-02 2.034849487245082855e-02 6.263530347496271133e-03 9.382471325807273388e-04 9.508992731571197510e-02 6.651580333709716797e-03 8.774413168430328369e-02 1.750753074884414673e-02 2.527465820312500000e-01 5.008586123585700989e-02 6.271073967218399048e-02 5.853766109794378281e-03 9.862234815955162048e-03 6.996343284845352173e-02 7.331052422523498535e-02 9.033985435962677002e-03 4.142034426331520081e-02 2.050160616636276245e-02 6.641865521669387817e-02 1.757014729082584381e-02 6.842679530382156372e-02 2.698748745024204254e-02 2.971411123871803284e-02 5.532174557447433472e-02 6.271458417177200317e-02 1.977771148085594177e-02 3.063138015568256378e-02 4.899222403764724731e-02 2.311412990093231201e-02 8.514563553035259247e-03 1.660960763692855835e-01 1.123768910765647888e-01 6.123435124754905701e-02 8.826569654047489166e-03 4.994038119912147522e-02 8.196113631129264832e-03 5.150589277036488056e-04 6.384624540805816650e-02 3.046130202710628510e-02 3.460744768381118774e-02 5.979534238576889038e-03 5.067240819334983826e-02 1.528045069426298141e-02 1.718635484576225281e-02 7.201386988162994385e-02 4.277799744158983231e-03 5.797827243804931641e-02 4.274071753025054932e-02
1.460031513124704361e-02 2.082330361008644104e-02 9.200265258550643921e-02 2.977220900356769562e-02 1.455997209995985031e-02 1.663685776293277740e-02 6.998041644692420959e-03 7.512678857892751694e-03 1.324923634529113770e-01 1.062440723180770874e-01 1.803911104798316956e-02 1.246152911335229874e-03 2.522829174995422363e-02 2.196860499680042267e-02 4.054918140172958374e-02 8.190244436264038086e-02 1.713514095172286034e-03 2.842877246439456940e-02 1.487320009618997574e-02 4.293550178408622742e-02 6.622525863349437714e-03 2.139106206595897675e-02 6.142464466392993927e-03 1.776312664151191711e-02 1.835951767861843109e-02 2.526198141276836395e-02 3.078205697238445282e-02 9.012300521135330200e-02 6.061411276459693909e-02 4.815538600087165833e-02 8.997263014316558838e-02 4.019317403435707092e-02 2.062424272298812866e-02 3.073822334408760071e-02 4.223661497235298157e-02 3.098361007869243622e-02 3.346344456076622009e-02 2.707096375524997711e-02 9.974275529384613037e-02 2.392716705799102783e-02 5.377256497740745544e-02 7.299721986055374146e-02 1.106114685535430908e-02 5.741606652736663818e-02 2.868509106338024139e-02 4.805845394730567932e-02 2.810041047632694244e-02 3.667772561311721802e-02 1.609656587243080139e-02 1.644561439752578735e-01 2.111142501235008240e-02 4.144410043954849243e-02 5.483694002032279968e-02 1.282501313835382462e-02 5.683572217822074890e-02 9.268519282341003418e-02 2.983435429632663727e-02 6.764604151248931885e-02 6.731088273227214813e-03 1.947055757045745850e-02 8.525215834379196167e-02 3.664179891347885132e-02 8.587474003434181213e-03 2.906513772904872894e-02 7.371529936790466309e-02 8.174095302820205688e-03 2.580520696938037872e-02 3.653635736554861069e-03 2.075514569878578186e-02 3.369093686342239380e-02 1.351878046989440918e-01 6.977975368499755859e-03 1.023443937301635742e-01 7.945105433464050293e-02 2.714391332119703293e-03 1.548593211919069290e-02 8.765362203121185303e-02 2.505003809928894043e-01 3.266731975600123405e-03 1.417663693428039551e-01 3.064754232764244080e-02 2.370729111135005951e-03 3.419510275125503540e-02 4.100589081645011902e-03 3.970708698034286499e-02 4.241627454757690430e-02 3.380593657493591309e-02 2.237108722329139709e-02 1.737814582884311676e-02 3.105985932052135468e-02 2.424636186333373189e-04 2.715272828936576843e-02 2.996458858251571655e-02 6.418168079107999802e-03 5.974382162094116211e-02 4.330825060606002808e-02 1.072096154093742371e-01 1.923745125532150269e-02 8.272594958543777466e-02 1.140974313020706177e-01 6.955677270889282227e-02 3.087093122303485870e-02 4.028231278061866760e-02 8.815831504762172699e-03 1.587139442563056946e-02 5.415681004524230957e-02 5.441742762923240662e-02 5.139172449707984924e-02 6.003838498145341873e-03 2.940128743648529053e-02 3.133639693260192871e-02 2.386267669498920441e-02 6.034488324075937271e-03 6.981589645147323608e-02 6.952971220016479492e-02 3.966430202126502991e-03
1.385578364133834839e-01 7.614433020353317261e-02 2.127543464303016663e-02 4.161721095442771912e-02 4.155183956027030945e-02 8.549589663743972778e-02 6.069781631231307983e-02 1.581956073641777039e-02 1.605430245399475098e-02 1.803911104798316956e-02 8.866751939058303833e-02 9.196896106004714966e-03 9.318267554044723511e-02 2.383818104863166809e-02 1.461447626352310181e-01 3.131071850657463074e-02 1.205318048596382141e-02 4.297494888305664062e-03 3.836309909820556641e-02 3.700648620724678040e-02 1.802183501422405243e-02 6.987008452415466309e-02 1.219251565635204315e-02 1.189293432980775833e-02 4.424007609486579895e-03 1.427619624882936478e-02 9.883206337690353394e-03 2.363899955525994301e-03 3.740846738219261169e-02 2.213060855865478516e-02 6.481702625751495361e-02 1.236981898546218872e-02 4.768608883023262024e-02 1.650108024477958679e-02 2.627146244049072266e-02 1.642570644617080688e-02 9.107219986617565155e-03 3.228046745061874390e-02 3.559634834527969360e-02 1.538232434540987015e-02 3.153788857161998749e-03 3.452194109559059143e-02 1.707904390059411526e-03 1.404093950986862183e-02 3.460127860307693481e-02 2.886852435767650604e-02 6.473111361265182495e-02 6.166142597794532776e-02 3.484265133738517761e-02 1.300437189638614655e-02 2.597959828563034534e-04 4.413939267396926880e-02 6.739105284214019775e-02 6.395241711288690567e-03 2.809886634349822998e-02 1.410904712975025177e-02 2.120416425168514252e-02 4.429979249835014343e-02 2.870287746191024780e-02 7.740142941474914551e-02 7.742620073258876801e-04 6.336107384413480759e-03 2.566226758062839508e-02 5.397940799593925476e-02 5.776196718215942383e-02 7.077556103467941284e-02 4.153629392385482788e-02 2.813425613567233086e-03 9.358275681734085083e-03 2.153133973479270935e-02 2.442663826514035463e-04 5.694460496306419373e-02 1.520131062716245651e-02 3.466431051492691040e-02 3.281112760305404663e-02 2.398934029042720795e-02 3.211355581879615784e-02 4.402023926377296448e-02 8.231025189161300659e-03 2.859115786850452423e-02 1.769473962485790253e-02 3.943506628274917603e-03 2.400851063430309296e-02 4.601502791047096252e-02 3.791813552379608154e-02 1.570992358028888702e-02 5.700362101197242737e-02 5.292839929461479187e-02 1.323536597192287445e-02 1.323697064071893692e-02 5.041972175240516663e-02 2.107902616262435913e-02 6.789936125278472900e-02 5.718882754445075989e-02 5.421350523829460144e-02 4.223134741187095642e-02 1.038858667016029358e-02 2.191745117306709290e-02 7.483071088790893555e-02 4.944868013262748718e-02 3.695650259032845497e-03 5.778539925813674927e-03 5.198619514703750610e-02 9.982435964047908783e-03 7.762774825096130371e-02 3.570556268095970154e-02 9.244767948985099792e-03 6.879109144210815430e-02 9.440499357879161835e-03 2.224857546389102936e-02 2.418206445872783661e-02 1.724823191761970520e-02 1.252886280417442322e-02 1.532415114343166351e-02 2.780096419155597687e-02 4.199917614459991455e-02
3.501104190945625305e-02 1.991393789649009705e-02 2.139951102435588837e-02 4.751974716782569885e-03 3.876484557986259460e-02 5.217075347900390625e-02 4.133954178541898727e-03 8.260639384388923645e-03 5.327560380101203918e-02 1.246152911335229874e-03 9.196896106004714966e-03 1.234494075179100037e-01 1.910192333161830902e-02 1.764618307352066040e-01 2.665047347545623779e-02 3.259366611018776894e-03 4.519765265285968781e-03 4.251038283109664917e-02 5.340136121958494186e-03 4.007495474070310593e-03 4.535175859928131104e-02 5.288998037576675415e-02 1.263800412416458130e-01 9.776821732521057129e-02 9.986531222239136696e-04 2.686681225895881653e-02 4.951650742441415787e-03 1.721780449151992798e-01 1.092853676527738571e-02 5.087812989950180054e-02 5.148338619619607925e-03 4.883670434355735779e-02 3.592456132173538208e-02 4.183131456375122070e-02 1.365529280155897141e-02 2.246978506445884705e-02 5.694335699081420898e-02 3.053768351674079895e-02 3.150530159473419189e-02 1.287113316357135773e-02 9.955495595932006836e-03 3.818571567535400391e-02 4.954592138528823853e-02 2.223835093900561333e-03 2.125361263751983643e-01 3.504287078976631165e-02 3.508911281824111938e-02 8.654518052935600281e-03 6.219679117202758789e-02 4.923776909708976746e-02 1.257655024528503418e-02 7.276103645563125610e-02 5.684989504516124725e-03 5.912778154015541077e-02 1.787489838898181915e-02 2.551455982029438019e-03 8.706840872764587402e-02 3.654412552714347839e-02 3.385193273425102234e-02 2.213230356574058533e-03 4.282283410429954529e-02 2.185085415840148926e-02 3.067119279876351357e-03 9.135615080595016479e-03 2.952465228736400604e-02 8.423399180173873901e-03 3.818182740360498428e-03 3.187929838895797729e-02 5.964989773929119110e-03 4.781552776694297791e-02 3.287941217422485352e-02 2.143578231334686279e-02 3.538041189312934875e-02 5.974731221795082092e-02 1.520866155624389648e-02 3.073615394532680511e-02 9.051094204187393188e-02 2.759825065732002258e-02 1.387013494968414307e-01 4.223224532324820757e-04 4.966745898127555847e-02 4.976592957973480225e-02 3.063128795474767685e-03 2.918928302824497223e-02 1.624949090182781219e-02 6.320226006209850311e-03 1.705659739673137665e-02 1.652795448899269104e-02 1.384610980749130249e-01 8.538990467786788940e-02 3.890831768512725830e-02 7.150222361087799072e-02 3.233454748988151550e-02 2.505552582442760468e-02 2.023745886981487274e-02 6.926514673978090286e-03 1.714928448200225830e-02 1.334561407566070557e-02 4.757147282361984253e-02 4.756943788379430771e-03 1.336715556681156158e-02 3.132633864879608154e-02 8.057536184787750244e-02 5.756054818630218506e-02 5.542679876089096069e-02 3.372303396463394165e-02 1.677338220179080963e-02 2.392090484499931335e-02 1.491299737244844437e-02 3.165443195030093193e-03 1.670659333467483521e-02 1.564410328865051270e-02 4.441945627331733704e-02 3.756687417626380920e-02 3.496173396706581116e-02 2.627413161098957062e-02
6.860428303480148315e-02 7.865781337022781372e-02 4.378655925393104553e-02 4.632094409316778183e-03 3.766951337456703186e-02 8.820021897554397583e-02 6.967389583587646484e-02 1.511369552463293076e-02 1.580144278705120087e-02 2.522829174995422363e-02 9.318267554044723511e-02 1.910192333161830902e-02 6.202313676476478577e-02 5.211232602596282959e-02 1.031921580433845520e-01 5.609359219670295715e-02 4.202744364738464355e-02 7.826969772577285767e-02 1.136873179348185658e-04 1.887535117566585541e-02 1.497728191316127777e-02 1.440448407083749771e-02 6.069981493055820465e-03 2.712037786841392517e-02 2.865865454077720642e-02 1.928865909576416016e-02 6.728921085596084595e-02 4.938013479113578796e-02 3.724337369203567505e-02 5.129997059702873230e-02 8.455087244510650635e-02 9.851341135799884796e-03 1.557518262416124344e-02 1.589760370552539825e-02 1.806909032166004181e-02 1.823142729699611664e-02 1.021831482648849487e-02 3.451463067904114723e-03 8.748444728553295135e-03 3.838947974145412445e-03 2.297668252140283585e-03 5.945548880845308304e-03 3.401971235871315002e-02 2.019277960062026978e-02 2.750612329691648483e-03 5.930752959102392197e-03 6.358537822961807251e-02 6.285820156335830688e-02 1.249452214688062668e-02 1.770613342523574829e-02 5.975295323878526688e-03 6.046462804079055786e-02 1.576249604113399982e-03 1.492741145193576813e-02 3.785478649660944939e-03 1.746332389302551746e-03 3.499493934214115143e-03 2.577056735754013062e-02 3.467099368572235107e-02 6.188653036952018738e-02 5.348302796483039856e-02 2.515144459903240204e-02 7.618745323270559311e-03 1.423764787614345551e-02 4.738091304898262024e-02 1.022927165031433105e-01 1.487059984356164932e-02 1.751488819718360901e-02 5.010347068309783936e-02 2.513721771538257599e-02 3.528315946459770203e-02 2.584327198565006256e-02 6.517061032354831696e-03 3.198944404721260071e-02 1.305665727704763412e-02 3.162726387381553650e-02 1.935622096061706543e-02 3.260504826903343201e-02 1.958633773028850555e-02 6.494599394500255585e-03 7.088494952768087387e-03 3.000846132636070251e-02 8.691056072711944580e-02 2.208934165537357330e-02 5.412096157670021057e-02 5.049354955554008484e-02 1.728229410946369171e-02 7.158099114894866943e-02 4.855016246438026428e-02 3.073650598526000977e-02 5.478750914335250854e-02 3.790028393268585205e-02 5.543615669012069702e-02 3.877492621541023254e-02 7.999745011329650879e-02 8.083255030214786530e-03 3.946038335561752319e-02 3.957235813140869141e-02 1.759210228919982910e-02 1.599860377609729767e-02 1.326902024447917938e-02 2.057113684713840485e-02 2.743988484144210815e-02 8.794841356575489044e-03 3.023462742567062378e-02 1.806166768074035645e-02 1.326238270848989487e-03 6.152745336294174194e-02 6.689072586596012115e-03 4.946316406130790710e-02 3.025185316801071167e-03 1.637262478470802307e-02 5.941926036030054092e-03 1.678716763854026794e-02 3.095399029552936554e-02 2.104978635907173157e-02
