1.054341793060302734e-01 3.666475713253021240e-01 3.522116318345069885e-02 1.457811798900365829e-02 3.049464710056781769e-02 1.998981833457946777e-01 1.300405561923980713e-01 1.078905537724494934e-02 4.363492503762245178e-02 2.691488154232501984e-02 2.481780648231506348e-01 3.514499217271804810e-02 8.610344678163528442e-02 2.363721281290054321e-02 1.068592630326747894e-02 4.416890442371368408e-03 1.830381341278553009e-02 5.079282913357019424e-03 2.585954032838344574e-02 4.443388804793357849e-02 3.633390367031097412e-02 3.525950014591217041e-02 5.220201332122087479e-03 1.032580342143774033e-02 3.113513439893722534e-02 2.837133221328258514e-02 3.897489979863166809e-02 1.465044822543859482e-02 3.174113854765892029e-02 2.963434532284736633e-02 3.173623979091644287e-02 1.523341890424489975e-02 3.606659546494483948e-02 6.947268731892108917e-03 1.545417029410600662e-02 1.859746873378753662e-02 3.445755317807197571e-02 4.603326320648193359e-02 8.411485701799392700e-03 6.023570895195007324e-03 8.462313562631607056e-02 5.665207654237747192e-02 2.413078024983406067e-02 5.932820588350296021e-02 3.751436993479728699e-02 4.189163818955421448e-02 2.887470461428165436e-02 9.173417091369628906e-02 3.380609676241874695e-03 1.714141294360160828e-02 1.412181649357080460e-02 8.102826774120330811e-03 1.755422167479991913e-02 2.539347112178802490e-02 9.359126910567283630e-03 1.264321990311145782e-02 1.309238187968730927e-02 2.755829691886901855e-02 7.777167949825525284e-03 3.021164052188396454e-02 3.091587126255035400e-02 1.411207951605319977e-02 2.950441464781761169e-02 1.880225911736488342e-02 2.956924773752689362e-02 1.663733832538127899e-02 1.882619597017765045e-02 1.287860982120037079e-02 3.076881403103470802e-03 2.432451955974102020e-02 4.392559640109539032e-03 5.384085699915885925e-02 1.930873654782772064e-02 1.357143092900514603e-02 1.666984893381595612e-02 2.920722588896751404e-02 2.318563638255000114e-04 3.952816594392061234e-03 4.214073345065116882e-02 1.864565722644329071e-02 5.343020893633365631e-04 2.596636302769184113e-02 1.296082884073257446e-02 2.105516567826271057e-02 6.732567399740219116e-02 1.436883956193923950e-02 2.743254601955413818e-02 2.320378273725509644e-02 4.391193762421607971e-02 4.112600907683372498e-02 5.915498733520507812e-02 1.455957628786563873e-02 5.674306303262710571e-02 3.819578886032104492e-02 2.123706042766571045e-03 1.248155068606138229e-02 5.238157510757446289e-02 7.762338500469923019e-03 2.252802252769470215e-03 1.641804911196231842e-02 1.881289482116699219e-02 2.054917998611927032e-02 2.463073283433914185e-02 4.628532007336616516e-02 1.222365163266658783e-02 9.777484461665153503e-03 4.173328354954719543e-02 4.240373894572257996e-02 1.350332982838153839e-02 4.856654256582260132e-02 1.364080980420112610e-02 2.525854855775833130e-03 1.702509447932243347e-02 3.229374438524246216e-02 8.192748576402664185e-02 5.356107279658317566e-02
3.666475713253021240e-01 1.377488076686859131e-01 4.331117961555719376e-03 1.222546491771936417e-02 1.963528804481029510e-02 1.288118064403533936e-01 2.513838112354278564e-01 7.852856814861297607e-02 2.479686029255390167e-02 5.358682945370674133e-03 1.303743422031402588e-01 4.385621473193168640e-02 1.895722597837448120e-01 1.052465476095676422e-02 1.073595043271780014e-02 3.722874680534005165e-03 2.404257841408252716e-02 5.494641885161399841e-02 4.039729386568069458e-02 7.339774630963802338e-03 2.277292124927043915e-02 6.139412149786949158e-02 1.416756398975849152e-02 3.189169001416303217e-05 2.656601369380950928e-02 2.207773737609386444e-03 5.209017172455787659e-02 1.731096021831035614e-02 5.186068266630172729e-02 2.605932950973510742e-02 3.499734029173851013e-02 3.340824693441390991e-02 1.907497271895408630e-02 1.743835583329200745e-02 7.118999492377042770e-03 6.357577629387378693e-03 9.098122827708721161e-03 3.336760774254798889e-02 1.472304109483957291e-02 1.397352665662765503e-02 1.291703730821609497e-01 2.167687937617301941e-02 3.508449532091617584e-03 5.415317136794328690e-03 1.156617626547813416e-01 1.962503045797348022e-02 1.287295818328857422e-01 1.191128641366958618e-01 4.987025167793035507e-04 2.420646697282791138e-02 2.355079911649227142e-02 3.762927651405334473e-02 1.447756029665470123e-02 1.887615770101547241e-02 3.302493691444396973e-02 1.110363868065178394e-03 3.370287641882896423e-02 3.595283778849989176e-04 1.853505522012710571e-02 3.192411735653877258e-02 5.229441449046134949e-03 6.220677122473716736e-02 3.904793644323945045e-03 5.535972304642200470e-03 2.281852997839450836e-02 4.315450042486190796e-02 2.590621355921030045e-03 1.126210018992424011e-02 1.649187132716178894e-02 3.500491008162498474e-02 4.107988998293876648e-02 9.220592677593231201e-03 1.028788648545742035e-02 9.629334323108196259e-03 1.261970680207014084e-02 1.823123544454574585e-02 2.303594723343849182e-02 4.067431727889925241e-04 2.971611358225345612e-02 3.581161377951502800e-03 3.866799920797348022e-02 5.034308508038520813e-02 1.655402034521102905e-02 5.983390845358371735e-03 1.790181174874305725e-02 3.991895914077758789e-02 1.576996594667434692e-02 4.987525939941406250e-02 1.107319910079240799e-02 2.923055738210678101e-02 7.502745836973190308e-02 1.916415989398956299e-02 3.335494548082351685e-02 6.115910131484270096e-03 2.251917030662298203e-03 5.586259998381137848e-03 1.846587285399436951e-02 6.750342249870300293e-02 3.621072322130203247e-02 3.597073256969451904e-02 5.682256538420915604e-03 1.596089452505111694e-02 7.628109306097030640e-02 2.031818404793739319e-02 1.624869927763938904e-02 2.989789843559265137e-02 2.928051538765430450e-02 3.778155148029327393e-02 1.836622878909111023e-02 2.987062558531761169e-02 3.521339595317840576e-02 7.065679877996444702e-02 6.044818088412284851e-02 2.258717454969882965e-02 1.686842590570449829e-01 6.103646010160446167e-02
3.522116318345069885e-02 4.331117961555719376e-03 8.278284221887588501e-02 1.023781970143318176e-01 3.956877440214157104e-02 8.561338484287261963e-02 1.161713525652885437e-02 4.752302169799804688e-02 3.747170045971870422e-02 2.217825874686241150e-02 3.751877928152680397e-03 2.194014145061373711e-03 3.958223015069961548e-02 3.184574097394943237e-02 3.250383213162422180e-02 7.595642656087875366e-02 3.443757072091102600e-02 3.692327067255973816e-02 2.266853675246238708e-02 7.219892740249633789e-02 1.878994703292846680e-02 2.376246824860572815e-02 3.689235076308250427e-02 1.843078993260860443e-02 9.673082269728183746e-03 4.784137010574340820e-02 4.547654185444116592e-03 6.373239308595657349e-02 2.420347556471824646e-02 5.455222912132740021e-03 4.690486192703247070e-02 7.132345810532569885e-03 2.349811606109142303e-02 3.265927359461784363e-02 3.671623766422271729e-02 3.533677384257316589e-02 2.294305246323347092e-03 2.121245022863149643e-03 5.713821575045585632e-02 2.186406217515468597e-02 3.533480688929557800e-02 5.029743071645498276e-03 2.640202827751636505e-02 1.917530745267868042e-01 1.417840458452701569e-02 1.016314793378114700e-02 1.277277339249849319e-02 7.446929067373275757e-02 7.307878881692886353e-02 3.280464932322502136e-02 7.174123823642730713e-02 7.228045165538787842e-02 1.161878812126815319e-03 2.420892193913459778e-02 2.945871464908123016e-02 2.618954516947269440e-02 2.401990815997123718e-02 1.183421234600245953e-03 4.624444991350173950e-02 2.978507988154888153e-02 1.716035231947898865e-02 3.906546533107757568e-02 1.824729959480464458e-03 2.548111416399478912e-02 1.470819767564535141e-02 6.346838921308517456e-02 4.879401624202728271e-02 3.076210990548133850e-02 2.269993908703327179e-02 1.641399599611759186e-02 4.788747057318687439e-02 5.580924823880195618e-02 5.243049561977386475e-02 1.643612980842590332e-03 3.482818230986595154e-02 7.964371144771575928e-02 4.784262925386428833e-02 7.661021314561367035e-03 3.664928674697875977e-02 3.527577966451644897e-02 3.128656372427940369e-02 2.514713257551193237e-02 5.450641736388206482e-03 4.026424512267112732e-02 6.920312345027923584e-02 4.905999451875686646e-02 7.605623919516801834e-03 1.089290715754032135e-02 1.663127914071083069e-02 1.659772358834743500e-02 1.750006899237632751e-02 3.414936363697052002e-02 5.043973401188850403e-02 4.323321580886840820e-02 1.035088486969470978e-02 4.334357008337974548e-02 7.675613276660442352e-03 5.420402158051729202e-03 3.944788128137588501e-02 1.823905296623706818e-02 2.240729518234729767e-02 4.639399703592061996e-03 3.364027291536331177e-02 7.439825218170881271e-03 2.793279290199279785e-02 8.702928200364112854e-03 2.053536474704742432e-02 2.752717584371566772e-02 1.284170802682638168e-02 2.288589254021644592e-02 1.944312639534473419e-02 3.712135553359985352e-02 1.691811485216021538e-03 6.329404562711715698e-02 9.317522495985031128e-02 5.910358205437660217e-02
1.457811798900365829e-02 1.222546491771936417e-02 1.023781970143318176e-01 6.707832217216491699e-02 2.659873366355895996e-01 1.246745437383651733e-01 2.760613709688186646e-02 2.756019495427608490e-02 1.677836105227470398e-02 1.587587781250476837e-02 4.203319549560546875e-02 5.719036329537630081e-03 7.100259244907647371e-05 9.155711159110069275e-03 5.156475584954023361e-03 6.606089323759078979e-02 6.633420288562774658e-02 2.259694784879684448e-02 2.689243853092193604e-02 7.017116528004407883e-03 1.405156124383211136e-02 3.714998811483383179e-02 5.074422061443328857e-02 5.341881141066551208e-02 5.486207455396652222e-02 1.026093773543834686e-02 7.226128596812486649e-03 7.998808473348617554e-02 1.499973703175783157e-02 7.349842227995395660e-03 3.290416672825813293e-02 3.737153857946395874e-02 1.318218708038330078e-01 5.331649258732795715e-02 1.181573327630758286e-02 4.581414535641670227e-02 3.721557185053825378e-02 1.269652321934700012e-02 1.271563023328781128e-01 6.767256557941436768e-02 1.133742835372686386e-02 2.126618754118680954e-03 2.160198241472244263e-02 3.919288516044616699e-03 4.905354580841958523e-04 5.443072319030761719e-02 3.385532647371292114e-02 7.521712686866521835e-03 1.803414337337017059e-02 2.063561044633388519e-02 5.634303390979766846e-02 6.324394047260284424e-02 3.589199855923652649e-02 2.748087048530578613e-02 1.210190821439027786e-02 2.219680510461330414e-02 5.130420625209808350e-02 1.431759539991617203e-02 9.442483074963092804e-03 4.526712931692600250e-03 6.878072023391723633e-02 3.506256267428398132e-02 6.254547089338302612e-02 8.051587268710136414e-03 1.041428279131650925e-02 7.477653212845325470e-03 3.171882405877113342e-02 2.080050855875015259e-02 1.653035287745296955e-03 1.362638780847191811e-03 7.740008179098367691e-03 3.439207375049591064e-02 2.181391566991806030e-01 7.864642888307571411e-03 1.190038546919822693e-01 2.575987018644809723e-02 4.065382108092308044e-02 3.563303733244538307e-03 6.370359100401401520e-03 3.586304932832717896e-02 3.380914917215704918e-03 2.135451883077621460e-03 2.537732571363449097e-02 8.919636718928813934e-03 1.509997178800404072e-03 7.336232811212539673e-02 2.230275608599185944e-02 1.088783051818609238e-02 3.448447212576866150e-02 1.706659793853759766e-02 7.007649540901184082e-02 6.583624333143234253e-02 4.266390204429626465e-02 5.407194141298532486e-03 3.517223149538040161e-02 2.012448757886886597e-02 3.028645738959312439e-02 2.259786985814571381e-02 1.912969723343849182e-02 2.890280447900295258e-02 4.140172526240348816e-02 3.661959245800971985e-02 3.447446739301085472e-03 2.742052823305130005e-02 4.657724499702453613e-02 4.915598407387733459e-02 4.770861472934484482e-03 4.067053645849227905e-02 3.020752407610416412e-02 3.356925770640373230e-02 2.522339299321174622e-02 1.523553021252155304e-02 2.854204736649990082e-02 6.282711774110794067e-02 4.566438123583793640e-02 1.797555573284626007e-02
3.049464710056781769e-02 1.963528804481029510e-02 3.956877440214157104e-02 2.659873366355895996e-01 3.222591802477836609e-02 3.967700526118278503e-02 4.222153127193450928e-02 4.007433354854583740e-02 3.603134304285049438e-02 3.448248654603958130e-02 2.924198471009731293e-02 1.072596386075019836e-02 1.546608377248048782e-02 1.599010266363620758e-02 2.107625827193260193e-02 1.081983651965856552e-02 5.872853565961122513e-03 3.222482278943061829e-02 3.811332583427429199e-02 3.456255793571472168e-02 1.121683418750762939e-02 4.774368926882743835e-02 2.554557099938392639e-02 2.320765890181064606e-02 2.974779717624187469e-02 3.497279807925224304e-02 1.084993127733469009e-02 3.949859738349914551e-02 1.803813315927982330e-02 2.035781182348728180e-02 2.600630931556224823e-02 6.078002601861953735e-02 7.435292005538940430e-02 6.326759234070777893e-03 6.653638184070587158e-02 4.259653016924858093e-02 3.505630791187286377e-02 2.028886601328849792e-02 1.052593514323234558e-01 1.062049120664596558e-01 2.707078121602535248e-02 2.387296408414840698e-02 1.208351738750934601e-02 1.741385459899902344e-02 2.591117471456527710e-02 2.645327895879745483e-02 1.484063081443309784e-02 4.054810479283332825e-02 3.434343636035919189e-02 3.384121460840106010e-03 1.830766722559928894e-02 4.301290493458509445e-03 4.794706590473651886e-03 2.564432844519615173e-02 1.057276967912912369e-02 7.109764963388442993e-03 1.543798483908176422e-02 3.333251923322677612e-02 2.811692468822002411e-02 7.302290294319391251e-03 1.585487835109233856e-02 5.379956960678100586e-02 9.686354547739028931e-03 4.363939538598060608e-02 2.608833648264408112e-02 2.515398338437080383e-02 3.221069648861885071e-02 2.470105246175080538e-04 1.632645353674888611e-02 1.330629549920558929e-02 6.093744188547134399e-03 6.891074124723672867e-03 1.402307450771331787e-01 4.923101514577865601e-02 1.045258864760398865e-01 9.327898733317852020e-04 1.120094209909439087e-02 7.858961820602416992e-03 1.242660079151391983e-02 1.718379370868206024e-02 1.548531837761402130e-02 9.381015785038471222e-03 7.573128491640090942e-02 9.734300523996353149e-02 9.262416511774063110e-03 3.909059613943099976e-02 4.667317960411310196e-03 2.809013798832893372e-02 1.727373152971267700e-02 3.187870606780052185e-03 4.195880517363548279e-02 7.282856851816177368e-02 8.951393887400627136e-03 7.068280596286058426e-03 1.937479898333549500e-02 7.132312282919883728e-03 1.045368984341621399e-02 5.015119165182113647e-02 2.032515406608581543e-02 4.826781805604696274e-03 3.741329535841941833e-02 3.891142830252647400e-02 4.459365457296371460e-02 6.453809887170791626e-02 1.064190175384283066e-02 5.088537931442260742e-03 2.306121401488780975e-02 1.936714537441730499e-02 1.976443082094192505e-02 7.278691511601209641e-03 2.437024749815464020e-02 9.716898202896118164e-03 1.724416390061378479e-03 8.999565616250038147e-03 4.918330535292625427e-02 1.150617897510528564e-01
1.998981833457946777e-01 1.288118064403533936e-01 8.561338484287261963e-02 1.246745437383651733e-01 3.967700526118278503e-02 1.572900563478469849e-01 4.000924229621887207e-01 6.641623377799987793e-02 7.404600270092487335e-03 2.607082016766071320e-02 3.367609530687332153e-02 5.004308745265007019e-02 1.374833378940820694e-02 3.658416122198104858e-02 2.438460476696491241e-02 3.463859483599662781e-02 3.476045280694961548e-02 6.239033490419387817e-02 1.467844750732183456e-02 2.060413919389247894e-02 5.116753745824098587e-03 5.615270347334444523e-04 6.884524482302367687e-04 1.649501360952854156e-02 6.457108072936534882e-03 9.741395711898803711e-03 1.190983806736767292e-03 5.019687116146087646e-02 1.112642213702201843e-01 1.779483258724212646e-02 5.045584961771965027e-02 1.287773437798023224e-02 9.174740873277187347e-03 7.842794060707092285e-03 1.120992191135883331e-02 3.152434527873992920e-02 6.830839440226554871e-03 4.593125358223915100e-02 4.640245810151100159e-02 4.028380289673805237e-02 9.402108378708362579e-03 3.897779434919357300e-02 3.785055875778198242e-02 7.711827754974365234e-03 1.069485247135162354e-01 4.886246100068092346e-02 2.131587415933609009e-01 2.727150022983551025e-01 2.956567518413066864e-02 1.228728052228689194e-02 3.277738811448216438e-03 2.804906398523598909e-04 5.259710922837257385e-02 9.916693903505802155e-03 1.456293091177940369e-02 3.330685943365097046e-02 1.624367199838161469e-02 1.248316373676061630e-02 6.150567531585693359e-02 1.290187705308198929e-02 1.489632017910480499e-02 2.395664714276790619e-02 9.725496172904968262e-03 1.485611870884895325e-02 3.358521312475204468e-02 2.545946836471557617e-02 1.702291145920753479e-02 4.145579040050506592e-02 2.097170613706111908e-02 3.136070445179939270e-02 8.309297263622283936e-04 3.899420425295829773e-02 2.104715444147586823e-02 2.527500968426465988e-03 8.038891479372978210e-03 8.756253868341445923e-03 9.674321860074996948e-03 7.100035436451435089e-03 5.571802705526351929e-02 9.668854996562004089e-03 2.294993400573730469e-02 1.854074932634830475e-02 1.590339094400405884e-02 2.868874371051788330e-02 1.516206073574721813e-03 4.200024902820587158e-02 3.061385080218315125e-02 5.592066422104835510e-02 4.340936988592147827e-02 2.999090589582920074e-03 7.693305611610412598e-03 4.667538776993751526e-02 8.595003746449947357e-03 1.679726876318454742e-02 3.046364150941371918e-02 6.160061806440353394e-02 2.355171553790569305e-02 1.736144535243511200e-02 2.184873260557651520e-02 3.005414269864559174e-02 7.343173027038574219e-02 5.359528958797454834e-02 2.166587160900235176e-03 3.236638754606246948e-02 3.520575538277626038e-02 5.049842596054077148e-02 1.629898697137832642e-02 8.244224824011325836e-03 1.036174222826957703e-02 1.329872105270624161e-02 2.716909907758235931e-02 1.206405460834503174e-02 4.196601919829845428e-03 2.648272365331649780e-02 2.359373681247234344e-02 1.132020168006420135e-02
1.300405561923980713e-01 2.513838112354278564e-01 1.161713525652885437e-02 2.760613709688186646e-02 4.222153127193450928e-02 4.000924229621887207e-01 1.664284467697143555e-01 6.798247247934341431e-02 2.951152995228767395e-02 1.631728000938892365e-02 5.206704139709472656e-02 2.529104799032211304e-02 1.422077715396881104e-01 8.930648863315582275e-02 1.722634187899529934e-04 2.116307616233825684e-02 3.421900048851966858e-02 9.195099584758281708e-03 5.618207156658172607e-02 1.160933729261159897e-02 2.184445224702358246e-02 4.621020331978797913e-02 1.232614461332559586e-02 2.183406613767147064e-03 1.515953708440065384e-02 2.125798165798187256e-02 4.400767385959625244e-02 4.532154183834791183e-03 1.576588302850723267e-02 2.655752003192901611e-02 8.296319842338562012e-02 4.953951761126518250e-02 4.174556955695152283e-02 3.057473525404930115e-02 5.079651996493339539e-02 3.174001350998878479e-02 2.348802797496318817e-02 4.237850010395050049e-02 9.053451009094715118e-03 2.947909757494926453e-02 6.161905080080032349e-02 1.965750940144062042e-02 3.567424789071083069e-02 5.222553852945566177e-03 1.150021106004714966e-01 2.785552479326725006e-02 8.064801245927810669e-02 2.613870203495025635e-01 2.359937131404876709e-02 1.656588912010192871e-02 4.232761263847351074e-02 2.002230472862720490e-02 3.668651729822158813e-02 2.525749616324901581e-02 4.180549457669258118e-02 2.423992007970809937e-02 2.614705124869942665e-03 5.631017265841364861e-04 1.603296585381031036e-02 2.455366402864456177e-02 2.005637623369693756e-02 6.135846674442291260e-02 1.963222399353981018e-02 2.382936142385005951e-02 3.830439178273081779e-03 4.879438504576683044e-02 5.220594629645347595e-02 8.268925547599792480e-02 7.902941666543483734e-03 1.287564542144536972e-02 2.945709601044654846e-02 1.896642497740685940e-03 4.540392756462097168e-02 2.443763799965381622e-02 1.540975086390972137e-02 9.565700776875019073e-03 1.180332247167825699e-02 7.055610883980989456e-03 5.672873184084892273e-02 3.809510916471481323e-02 1.102043502032756805e-02 4.544827342033386230e-02 2.097187004983425140e-02 5.682813003659248352e-02 1.091962680220603943e-03 3.215195983648300171e-02 4.656809940934181213e-02 1.226027309894561768e-02 7.030276581645011902e-03 3.801557794213294983e-02 9.181547909975051880e-02 1.508025452494621277e-02 7.825561799108982086e-03 3.516490757465362549e-02 3.912325203418731689e-02 2.350338920950889587e-02 1.329128909856081009e-02 5.365636944770812988e-02 5.231986567378044128e-02 3.723558783531188965e-02 1.048685796558856964e-02 3.240057080984115601e-02 4.085301421582698822e-03 4.199970513582229614e-02 2.583753876388072968e-02 3.282051905989646912e-02 1.107817981392145157e-02 4.012923315167427063e-02 9.242231957614421844e-03 9.134821593761444092e-03 4.845123738050460815e-02 3.074873238801956177e-02 4.264581203460693359e-02 5.278476700186729431e-02 7.441962603479623795e-03 4.939094930887222290e-02
1.078905537724494934e-02 7.852856814861297607e-02 4.752302169799804688e-02 2.756019495427608490e-02 4.007433354854583740e-02 6.641623377799987793e-02 6.798247247934341431e-02 7.315681874752044678e-02 2.361356746405363083e-03 1.289625652134418488e-02 7.696538418531417847e-02 1.151042152196168900e-02 3.552950918674468994e-02 5.586388334631919861e-02 5.771249905228614807e-02 5.978587549179792404e-03 1.744163036346435547e-02 4.996968433260917664e-03 4.198481328785419464e-03 1.032025832682847977e-02 1.829597167670726776e-03 3.807001188397407532e-02 2.003582194447517395e-02 1.016485039144754410e-02 4.961831029504537582e-03 5.437802057713270187e-03 3.428197279572486877e-02 2.916231378912925720e-02 4.839614499360322952e-03 7.931133732199668884e-03 2.294152043759822845e-02 1.544899307191371918e-02 1.847097277641296387e-02 1.708605699241161346e-02 3.016876615583896637e-02 9.015276283025741577e-02 5.231022834777832031e-02 4.622231237590312958e-03 3.478016704320907593e-02 2.067999169230461121e-02 3.649435564875602722e-02 2.139078686013817787e-03 8.802735246717929840e-03 1.487015932798385620e-01 9.817661717534065247e-03 5.664563179016113281e-02 6.386531982570886612e-03 2.163822762668132782e-02 1.151812449097633362e-02 1.058027707040309906e-02 7.077099382877349854e-02 6.017280742526054382e-02 2.149819396436214447e-02 1.467398274689912796e-02 1.714003831148147583e-02 2.057879045605659485e-02 2.901084534823894501e-02 2.258004061877727509e-02 8.627498894929885864e-02 1.440825499594211578e-02 1.999385841190814972e-02 5.627525039017200470e-03 4.295632615685462952e-02 1.987448707222938538e-02 1.241032592952251434e-02 1.774428039789199829e-02 4.373725131154060364e-02 1.311674341559410095e-02 1.756451278924942017e-02 1.077696122229099274e-02 1.986825466156005859e-02 1.068431045860052109e-02 1.174533832818269730e-02 2.650235546752810478e-03 2.116375602781772614e-03 3.911778796464204788e-03 4.294163361191749573e-02 1.754418760538101196e-02 1.323146838694810867e-02 1.790553214959800243e-03 3.282264769077301025e-01 3.165362477302551270e-01 4.808975756168365479e-02 1.405658014118671417e-02 5.288586392998695374e-02 5.206085043027997017e-04 6.661739945411682129e-02 8.041309565305709839e-02 4.151201574131846428e-04 2.413879614323377609e-03 2.392708323895931244e-02 1.622773148119449615e-02 1.436724700033664703e-02 3.802827326580882072e-03 5.650350451469421387e-02 4.631527513265609741e-02 8.081544190645217896e-03 1.675759255886077881e-02 1.373419351875782013e-02 5.743500776588916779e-03 7.748005911707878113e-03 1.065771654248237610e-02 3.742586588487029076e-03 2.379032224416732788e-02 4.464221373200416565e-02 5.189936235547065735e-02 1.081721740774810314e-03 1.396446488797664642e-02 4.001681879162788391e-02 8.807304315268993378e-03 4.236547648906707764e-02 7.646896690130233765e-02 2.133787609636783600e-02 1.163788326084613800e-02 5.617717280983924866e-02 1.098173856735229492e-02
4.363492503762245178e-02 2.479686029255390167e-02 3.747170045971870422e-02 1.677836105227470398e-02 3.603134304285049438e-02 7.404600270092487335e-03 2.951152995228767395e-02 2.361356746405363083e-03 6.189525127410888672e-03 6.870396435260772705e-02 1.140552014112472534e-02 5.827324464917182922e-02 3.017173893749713898e-02 4.246038571000099182e-02 2.017230493947863579e-03 3.056729026138782501e-02 4.927663132548332214e-03 4.547500982880592346e-02 4.068742319941520691e-02 3.342262655496597290e-02 4.928755760192871094e-02 3.836164716631174088e-03 2.076655067503452301e-02 2.414834126830101013e-02 2.492004074156284332e-02 3.164093568921089172e-02 1.858711242675781250e-03 2.396759204566478729e-02 2.555518876761198044e-03 2.297064289450645447e-02 4.443549737334251404e-02 8.392380550503730774e-03 2.370214834809303284e-02 1.327307801693677902e-02 2.701625926420092583e-04 8.350403979420661926e-03 1.847072690725326538e-02 3.940698504447937012e-02 9.910305961966514587e-03 1.468622684478759766e-02 2.692790701985359192e-03 4.940986633300781250e-02 4.974497109651565552e-02 4.095261450856924057e-03 2.395904250442981720e-02 5.213197786360979080e-03 1.423322129994630814e-02 1.250015851110219955e-02 2.982943505048751831e-02 2.307216450572013855e-02 6.334450445137917995e-04 6.452237721532583237e-03 1.037614978849887848e-02 8.057556115090847015e-03 3.813732042908668518e-02 2.110338583588600159e-02 3.866468369960784912e-02 2.381107397377490997e-02 1.610961556434631348e-02 1.574254781007766724e-02 4.348416626453399658e-02 1.313992962241172791e-02 2.431429224088788033e-03 1.166189834475517273e-02 1.810038834810256958e-02 1.922989077866077423e-02 3.938183933496475220e-02 2.328427508473396301e-02 1.893298886716365814e-02 1.293081045150756836e-02 2.432714030146598816e-02 4.843263700604438782e-02 2.405727654695510864e-02 8.156329393386840820e-03 8.473301306366920471e-03 3.995549306273460388e-02 7.001619786024093628e-02 5.201252922415733337e-02 3.360339999198913574e-02 4.728361964225769043e-02 5.117918481118977070e-04 2.169206924736499786e-02 4.918682947754859924e-02 4.845129325985908508e-02 5.238187313079833984e-02 8.060162886977195740e-03 3.261086763814091682e-03 3.368760645389556885e-02 2.070890739560127258e-02 2.446531504392623901e-02 2.416294440627098083e-02 4.282426554709672928e-03 2.581074461340904236e-02 2.379920100793242455e-03 1.242931932210922241e-02 9.241927415132522583e-03 7.346800994127988815e-03 4.485525935888290405e-02 1.105829235166311264e-02 1.179105509072542191e-02 1.608334132470190525e-03 1.564734801650047302e-02 2.346272580325603485e-02 4.246221482753753662e-02 1.005265302956104279e-02 2.733684331178665161e-02 3.854865906760096550e-03 3.385663405060768127e-02 1.191356964409351349e-02 3.513269871473312378e-02 8.923773653805255890e-03 6.708725821226835251e-03 2.527481690049171448e-02 3.204913064837455750e-02 2.742584794759750366e-02 3.614041209220886230e-02
2.691488154232501984e-02 5.358682945370674133e-03 2.217825874686241150e-02 1.587587781250476837e-02 3.448248654603958130e-02 2.607082016766071320e-02 1.631728000938892365e-02 1.289625652134418488e-02 6.870396435260772705e-02 5.672388244420289993e-03 5.956239532679319382e-03 1.823640987277030945e-02 3.182376176118850708e-02 3.986975923180580139e-02 5.059876457380596548e-06 7.003932259976863861e-03 2.041806466877460480e-02 3.481201454997062683e-02 8.213818073272705078e-02 5.045780166983604431e-02 4.863844439387321472e-02 7.409272715449333191e-03 1.748207770287990570e-02 2.863351441919803619e-02 1.454521808773279190e-02 4.230603575706481934e-02 2.044846676290035248e-02 9.633880690671503544e-04 3.893312439322471619e-02 2.393570542335510254e-02 1.210780348628759384e-02 3.586749313399195671e-03 3.026051633059978485e-02 1.787638291716575623e-02 2.494890429079532623e-02 1.987895928323268890e-02 9.629913605749607086e-03 3.218777943402528763e-03 1.597354374825954437e-02 4.591296426951885223e-03 7.482992019504308701e-03 3.121359646320343018e-02 4.532242193818092346e-02 1.216696575284004211e-02 1.307946536689996719e-02 2.660690248012542725e-02 2.632895857095718384e-02 1.479602977633476257e-02 9.522886015474796295e-03 3.969382867217063904e-02 2.583777159452438354e-02 1.609433814883232117e-02 2.713864669203758240e-03 6.015418563038110733e-03 1.653649285435676575e-02 5.262683331966400146e-02 1.625339873135089874e-02 3.317933529615402222e-02 5.901972297579050064e-03 2.288017654791474342e-03 6.770032644271850586e-02 2.269640564918518066e-02 2.819407265633344650e-03 7.681549061089754105e-03 3.309009771328419447e-04 2.139242133125662804e-04 2.587605640292167664e-02 3.386729583144187927e-02 1.337595563381910324e-02 3.423172608017921448e-02 4.182117432355880737e-02 3.418442234396934509e-02 5.315365269780158997e-02 2.333784475922584534e-02 1.127911824733018875e-02 1.492593344300985336e-02 3.771043196320533752e-02 7.498575001955032349e-02 1.130370609462261200e-02 6.818934530019760132e-02 1.928735338151454926e-02 2.266204543411731720e-02 1.863107457756996155e-02 8.486361801624298096e-02 3.893832862377166748e-02 4.847995936870574951e-02 1.321304589509963989e-02 4.346299543976783752e-02 7.462119217962026596e-03 4.610912501811981201e-02 8.331583812832832336e-03 2.662156336009502411e-02 2.090031281113624573e-03 1.088465680368244648e-03 2.745738811790943146e-02 1.341122901067137718e-03 1.519242115318775177e-02 1.569498516619205475e-02 6.539070513099431992e-03 1.466539781540632248e-02 1.794553361833095551e-02 1.866997568868100643e-03 1.226031221449375153e-02 1.861427351832389832e-02 2.328763948753476143e-03 3.700606757774949074e-03 1.011826749891042709e-02 2.132326597347855568e-03 1.222772896289825439e-02 4.982834309339523315e-02 1.025023683905601501e-02 3.279675915837287903e-02 4.534597322344779968e-02 2.272337488830089569e-02 2.189316228032112122e-02 1.004789769649505615e-02
2.481780648231506348e-01 1.303743422031402588e-01 3.751877928152680397e-03 4.203319549560546875e-02 2.924198471009731293e-02 3.367609530687332153e-02 5.206704139709472656e-02 7.696538418531417847e-02 1.140552014112472534e-02 5.956239532679319382e-03 9.787641465663909912e-02 3.713839128613471985e-02 2.918065786361694336e-01 2.696723118424415588e-02 1.495047193020582199e-02 1.070314459502696991e-02 2.756779314950108528e-03 6.028211861848831177e-02 2.252969145774841309e-02 4.877945780754089355e-02 4.710895568132400513e-02 9.327867999672889709e-03 2.634701959323137999e-04 5.547748133540153503e-02 1.714302040636539459e-02 3.553844615817070007e-02 4.363026097416877747e-02 1.718244515359401703e-02 7.977204769849777222e-02 5.053013563156127930e-02 1.132845580577850342e-01 2.098199538886547089e-02 8.867799490690231323e-02 1.597699522972106934e-02 4.129125550389289856e-02 1.864480786025524139e-02 2.010751515626907349e-02 2.871483191847801208e-02 6.030098721385002136e-02 4.600477591156959534e-02 8.276588283479213715e-03 4.233184084296226501e-02 4.022827371954917908e-02 8.688768744468688965e-02 9.648385457694530487e-03 8.252100646495819092e-02 5.061364546418190002e-02 1.870030350983142853e-02 6.094687804579734802e-02 3.019852191209793091e-02 6.187686230987310410e-03 1.624622195959091187e-02 3.012509644031524658e-02 3.480368480086326599e-02 2.714931219816207886e-02 4.733638465404510498e-02 5.904651246964931488e-03 5.056194495409727097e-03 5.440455302596092224e-02 6.704816967248916626e-02 1.541150826960802078e-02 2.776687219738960266e-02 6.583840120583772659e-03 5.110716819763183594e-02 9.474470466375350952e-02 1.023800298571586609e-01 3.099799714982509613e-02 5.719766765832901001e-02 5.659116432070732117e-02 2.212323434650897980e-02 3.741250187158584595e-02 3.412203118205070496e-02 2.251973003149032593e-02 1.126841548830270767e-02 6.165926903486251831e-02 2.798070013523101807e-02 2.611104212701320648e-02 7.010131143033504486e-03 5.186157673597335815e-02 1.486670691519975662e-03 5.472029373049736023e-02 5.321647971868515015e-03 3.696853667497634888e-02 4.514133557677268982e-02 1.357978908345103264e-03 1.337968185544013977e-02 8.797273784875869751e-02 5.622229725122451782e-02 1.729199662804603577e-02 3.540974110364913940e-02 2.338047884404659271e-02 3.282806137576699257e-04 8.977644890546798706e-02 4.204031545668840408e-03 2.364358678460121155e-02 3.347865864634513855e-02 1.721000112593173981e-02 1.191485789604485035e-03 6.047093123197555542e-02 2.615584991872310638e-03 8.528700098395347595e-03 1.736095547676086426e-02 1.979226479306817055e-03 2.316983044147491455e-02 1.496317330747842789e-03 6.691135466098785400e-02 3.793340548872947693e-02 7.044948637485504150e-02 6.842963397502899170e-03 3.720725653693079948e-03 3.603735193610191345e-02 5.695458874106407166e-02 4.286655411124229431e-02 3.325885161757469177e-02 8.724321424961090088e-02 2.226200886070728302e-02
3.514499217271804810e-02 4.385621473193168640e-02 2.194014145061373711e-03 5.719036329537630081e-03 1.072596386075019836e-02 5.004308745265007019e-02 2.529104799032211304e-02 1.151042152196168900e-02 5.827324464917182922e-02 1.823640987277030945e-02 3.713839128613471985e-02 1.960373111069202423e-02 3.962205722928047180e-03 1.181400716304779053e-01 2.222650684416294098e-02 2.258352562785148621e-02 3.655334003269672394e-03 6.592114921659231186e-03 2.316412143409252167e-02 3.011153265833854675e-02 3.112740116193890572e-03 5.052849184721708298e-03 5.197354033589363098e-02 3.982052952051162720e-02 2.299976535141468048e-02 1.063463650643825531e-02 1.987827476114034653e-03 1.042462512850761414e-01 1.935446076095104218e-02 8.518701046705245972e-02 2.810264378786087036e-02 4.961656033992767334e-02 4.107121378183364868e-02 3.231941908597946167e-02 2.351044304668903351e-02 1.821190118789672852e-03 8.649607188999652863e-03 2.776906266808509827e-02 1.777214184403419495e-02 1.773991808295249939e-02 1.046488061547279358e-02 3.497927263379096985e-02 2.195477299392223358e-02 4.013208672404289246e-02 6.929803639650344849e-02 3.227347042411565781e-03 1.216032914817333221e-02 8.874546736478805542e-03 2.019764482975006104e-02 8.525755256414413452e-03 7.286920398473739624e-02 3.154815733432769775e-02 5.730506498366594315e-03 8.945710957050323486e-03 8.666602894663810730e-03 1.521937083452939987e-02 2.941424958407878876e-02 8.904702030122280121e-03 1.955833751708269119e-03 5.952326115220785141e-03 7.021796889603137970e-03 4.500668495893478394e-03 1.873658783733844757e-02 5.295438226312398911e-03 1.187243219465017319e-02 1.000535767525434494e-02 1.380393188446760178e-02 1.134432014077901840e-02 4.220596700906753540e-02 8.801720105111598969e-04 3.440505266189575195e-02 1.408695988357067108e-02 3.174120932817459106e-02 1.282031880691647530e-03 1.888577453792095184e-02 1.662398129701614380e-02 5.574556440114974976e-02 4.717980697751045227e-02 1.982650160789489746e-02 1.750474423170089722e-02 2.684199437499046326e-02 1.168626826256513596e-02 4.606164619326591492e-02 1.524945534765720367e-02 6.579088978469371796e-03 4.079804196953773499e-02 5.500218365341424942e-03 4.232670739293098450e-02 6.173872947692871094e-02 3.155693411827087402e-02 4.565788432955741882e-02 3.107618726789951324e-02 7.783333305269479752e-03 3.611899167299270630e-02 4.384216852486133575e-03 4.490284994244575500e-02 1.495326403528451920e-03 1.132804248481988907e-02 2.316966839134693146e-02 2.698270976543426514e-02 2.564805373549461365e-02 3.697243705391883850e-02 2.690456248819828033e-02 2.741332910954952240e-02 2.501441538333892822e-02 2.189806662499904633e-02 1.736799837090075016e-03 2.941204234957695007e-02 1.233493909239768982e-02 1.644261926412582397e-02 1.059208810329437256e-02 3.877253085374832153e-02 4.265728220343589783e-02 6.603220012038946152e-03 2.868517860770225525e-02 1.274052634835243225e-02
8.610344678163528442e-02 1.895722597837448120e-01 3.958223015069961548e-02 7.100259244907647371e-05 1.546608377248048782e-02 1.374833378940820694e-02 1.422077715396881104e-01 3.552950918674468994e-02 3.017173893749713898e-02 3.182376176118850708e-02 2.918065786361694336e-01 3.962205722928047180e-03 5.484156310558319092e-02 3.776916116476058960e-02 4.802741110324859619e-02 7.175046950578689575e-03 4.109021276235580444e-03 2.936884760856628418e-02 2.176648192107677460e-02 1.686656102538108826e-02 4.310527071356773376e-02 3.415093570947647095e-02 5.814267322421073914e-02 9.977174922823905945e-03 6.494645029306411743e-02 7.724022958427667618e-03 2.559708664193749428e-03 5.389232188463211060e-03 1.288565900176763535e-02 2.979014813899993896e-02 1.223100870847702026e-01 5.840346682816743851e-03 1.503859739750623703e-02 4.006114602088928223e-02 2.456532383803278208e-04 5.114544648677110672e-03 5.091721192002296448e-03 1.295216009020805359e-02 3.425170108675956726e-02 1.021440979093313217e-02 2.912657149136066437e-02 7.045783847570419312e-02 2.919287420809268951e-02 2.048855088651180267e-02 7.311297208070755005e-02 1.962116546928882599e-02 6.948992609977722168e-02 3.034703806042671204e-02 2.213211916387081146e-02 1.309220399707555771e-02 3.887115791440010071e-02 4.672703891992568970e-02 6.683763861656188965e-02 4.124184325337409973e-02 7.086157798767089844e-03 4.387652501463890076e-03 7.628870662301778793e-03 1.709717512130737305e-02 1.107838656753301620e-02 5.159279331564903259e-02 1.509907469153404236e-02 3.941351920366287231e-02 2.602451667189598083e-02 8.063331479206681252e-04 1.599866431206464767e-03 1.124972999095916748e-01 2.582220360636711121e-02 1.178714446723461151e-02 1.995366625487804413e-02 2.524214982986450195e-02 2.127974759787321091e-03 8.826691657304763794e-03 1.771309040486812592e-02 1.381097640842199326e-02 2.266336604952812195e-02 9.410986676812171936e-03 3.907369822263717651e-02 3.392352536320686340e-02 7.329273223876953125e-02 4.425320774316787720e-02 6.120028439909219742e-03 3.581089153885841370e-02 3.254559636116027832e-02 1.476588565856218338e-02 2.178899571299552917e-02 4.451994597911834717e-02 8.456411212682723999e-02 1.765648834407329559e-02 2.807313576340675354e-02 3.877174481749534607e-02 4.112284258008003235e-02 2.022183500230312347e-02 5.191959440708160400e-02 3.524803370237350464e-02 1.275904593057930470e-03 4.902649670839309692e-03 4.690165072679519653e-02 3.769233822822570801e-02 4.955074563622474670e-02 1.972934231162071228e-02 6.102302577346563339e-03 1.352045033127069473e-02 3.771353885531425476e-02 3.879419341683387756e-02 3.076933696866035461e-02 2.056234329938888550e-02 1.449652388691902161e-02 1.547284703701734543e-02 3.453642129898071289e-02 1.562806963920593262e-02 2.052788436412811279e-02 7.078777253627777100e-02 4.291452467441558838e-02 5.598765611648559570e-02 6.286294013261795044e-02 8.865951001644134521e-02
