1.417256891727447510e-01 2.019662857055664062e-01 4.673659801483154297e-02 1.883060671389102936e-02 4.383885860443115234e-02 1.619307547807693481e-01 1.422826498746871948e-01 2.831272408366203308e-02 2.303712069988250732e-02 2.236101962625980377e-02 1.152976676821708679e-01 6.825128197669982910e-02 4.588295891880989075e-02 4.648300632834434509e-02 5.237703025341033936e-02 7.156778126955032349e-03 5.225127562880516052e-02 3.428634628653526306e-02 2.867905423045158386e-02 1.513085700571537018e-02 8.453818038105964661e-03 4.429415985941886902e-02 1.676932722330093384e-02 1.661245524883270264e-02 1.870147883892059326e-03 2.812853828072547913e-02 1.138377841562032700e-02 3.119086660444736481e-02 1.891919970512390137e-02 1.040222775191068649e-02 8.955740928649902344e-02 6.604386144317686558e-04 8.117405697703361511e-03 9.840361773967742920e-03 1.745793223381042480e-02 4.845556616783142090e-02 3.083957917988300323e-02 2.230349741876125336e-02 2.653028070926666260e-02 1.685661636292934418e-02 7.660352159291505814e-03 5.262188985943794250e-02 9.746989235281944275e-03 4.012167453765869141e-02 5.765389278531074524e-02 2.966547757387161255e-02 1.145599260926246643e-01 3.774521872401237488e-02 8.780699223279953003e-02 4.719478636980056763e-02 5.108726676553487778e-03 2.183618023991584778e-02 2.316962368786334991e-02 2.153072506189346313e-02 4.094298183917999268e-02 2.083172649145126343e-02 3.142008557915687561e-02 1.751212030649185181e-02 3.458986058831214905e-02 4.573186114430427551e-02 1.023478899151086807e-02 3.241717070341110229e-02 1.340863481163978577e-02 3.757125884294509888e-02 3.941438719630241394e-02 5.444131791591644287e-02 1.512675359845161438e-02 1.482198573648929596e-02 3.670467063784599304e-02 1.389605179429054260e-02 2.559557184576988220e-02 7.969213277101516724e-02 6.406352669000625610e-02 2.222741581499576569e-02 6.594427675008773804e-02 1.027747616171836853e-02 2.377462759613990784e-02 5.717729218304157257e-03 4.948126524686813354e-02 4.423028603196144104e-02 5.315480008721351624e-02 2.315880730748176575e-02 6.005151197314262390e-02 4.019484296441078186e-02 2.710493281483650208e-02 5.987837165594100952e-02 1.599427685141563416e-02 2.671237476170063019e-02 7.604119600728154182e-04 8.745227009057998657e-02 5.152060464024543762e-02 1.085187774151563644e-02 5.394976958632469177e-02 8.959623984992504120e-03 5.054270103573799133e-02 1.518513355404138565e-02 4.445958137512207031e-02 6.635442376136779785e-03 4.696043953299522400e-02 7.801479194313287735e-03 8.182900026440620422e-03 7.307530846446752548e-03 3.434262052178382874e-02 8.251887746155261993e-03 1.757916470523923635e-04 1.350324507802724838e-02 9.257250465452671051e-03 5.769909173250198364e-02 2.060740068554878235e-02 4.337910562753677368e-02 4.518878459930419922e-02 2.573221549391746521e-02 1.048843469470739365e-02 1.863630115985870361e-02 2.108729071915149689e-02 2.304984256625175476e-02
2.019662857055664062e-01 1.369748860597610474e-01 5.671086162328720093e-02 8.487974293529987335e-03 2.870662696659564972e-02 1.089367866516113281e-01 1.698502898216247559e-01 2.237948961555957794e-02 4.324837028980255127e-02 6.814490258693695068e-02 1.283109188079833984e-01 4.895699024200439453e-02 1.664959490299224854e-01 4.159593954682350159e-02 5.717646703124046326e-02 4.324775561690330505e-02 1.881780847907066345e-02 5.183799564838409424e-02 4.457413032650947571e-02 3.013644367456436157e-02 1.931168138980865479e-02 2.900341525673866272e-03 5.282257869839668274e-02 2.768194302916526794e-02 2.652229741215705872e-02 2.612715028226375580e-02 7.856452465057373047e-02 6.098798476159572601e-03 1.446320302784442902e-02 5.152700096368789673e-02 6.332610547542572021e-02 3.945752605795860291e-02 2.078675106167793274e-02 2.660784870386123657e-02 1.368446927517652512e-02 6.306592840701341629e-03 8.779815398156642914e-03 3.697632998228073120e-02 1.257612742483615875e-02 2.363703399896621704e-02 1.950426958501338959e-02 2.934211120009422302e-02 8.534052409231662750e-03 4.280885681509971619e-02 2.450153790414333344e-02 5.828523542732000351e-03 7.004439830780029297e-02 1.086611002683639526e-01 5.022521317005157471e-02 1.739528961479663849e-02 4.423945024609565735e-02 3.218724578619003296e-02 2.431941404938697815e-02 1.659250818192958832e-02 3.076716884970664978e-02 5.577678233385086060e-02 3.308047354221343994e-02 6.726413965225219727e-02 6.101685762405395508e-02 2.371121756732463837e-02 1.693615689873695374e-02 3.725957125425338745e-02 1.963045448064804077e-02 1.579839363694190979e-02 4.142735153436660767e-02 4.853183403611183167e-02 2.399801276624202728e-02 5.503992550075054169e-03 7.104592025279998779e-02 8.765200152993202209e-03 2.980211190879344940e-02 6.697208434343338013e-02 5.337284505367279053e-02 3.513577952980995178e-02 4.627439379692077637e-02 4.516744986176490784e-02 6.945469975471496582e-02 7.415442168712615967e-02 4.834510013461112976e-02 1.125944592058658600e-02 4.078114032745361328e-02 2.075340971350669861e-02 1.578741148114204407e-02 2.378346025943756104e-02 3.809739649295806885e-02 3.058921545743942261e-03 1.364310830831527710e-02 4.915959667414426804e-03 5.684405937790870667e-02 6.836688518524169922e-02 3.865024447441101074e-02 1.560487039387226105e-02 2.692490816116333008e-02 2.296478301286697388e-02 7.584797590970993042e-02 4.212636873126029968e-02 3.175348276272416115e-03 6.560530979186296463e-03 2.773763798177242279e-02 3.541012108325958252e-02 3.448896855115890503e-02 1.002516318112611771e-02 1.435625646263360977e-02 2.680708654224872589e-02 3.042372688651084900e-02 1.788772270083427429e-02 2.745533734560012817e-02 2.706262655556201935e-02 8.765350095927715302e-03 3.752329945564270020e-02 3.461695834994316101e-02 2.210452966392040253e-02 8.673790842294692993e-03 1.802808605134487152e-02 5.724522098898887634e-02 2.049237955361604691e-03
4.673659801483154297e-02 5.671086162328720093e-02 4.244570806622505188e-02 3.177782520651817322e-02 9.825800545513629913e-03 3.831693530082702637e-02 2.279104292392730713e-02 2.001368701457977295e-01 4.839438199996948242e-02 2.882245369255542755e-02 3.291690256446599960e-03 1.882868632674217224e-02 2.737002074718475342e-02 2.748858369886875153e-02 2.906060218811035156e-02 1.878996565937995911e-02 7.159666623920202255e-03 2.848951332271099091e-02 2.964649349451065063e-02 2.930530346930027008e-02 5.742720328271389008e-03 6.408774107694625854e-02 7.304349541664123535e-02 5.240994691848754883e-02 4.607782512903213501e-02 1.498439628630876541e-02 9.606947749853134155e-02 1.615319750271737576e-03 2.317285537719726562e-02 1.208515558391809464e-02 3.633677214384078979e-02 1.493455935269594193e-02 3.395061939954757690e-02 6.062821019440889359e-03 6.855997443199157715e-02 1.213806029409170151e-02 6.945496890693902969e-03 3.677960112690925598e-02 3.058943711221218109e-02 1.676655374467372894e-02 5.866561830043792725e-02 5.105936899781227112e-02 2.090379223227500916e-02 7.273604720830917358e-02 3.148885071277618408e-02 5.247050523757934570e-02 1.768429880030453205e-03 5.214089993387460709e-03 6.835988163948059082e-02 3.929302468895912170e-02 2.030901238322257996e-02 4.596419259905815125e-02 7.158623635768890381e-02 5.639198422431945801e-02 4.667951166629791260e-02 1.030343398451805115e-01 3.718733415007591248e-02 3.599026426672935486e-02 4.528599977493286133e-02 3.654886409640312195e-02 1.485671661794185638e-02 1.294912118464708328e-02 4.326828941702842712e-02 8.751978166401386261e-03 2.103157900273799896e-02 2.558009698987007141e-02 2.570892125368118286e-02 2.113164588809013367e-02 8.321232162415981293e-03 8.690819144248962402e-02 3.286495432257652283e-02 4.885995015501976013e-02 4.557627835310995579e-04 3.737101331353187561e-02 2.048713900148868561e-02 2.842170931398868561e-02 2.596878819167613983e-02 3.216960653662681580e-02 4.717511311173439026e-02 3.632631269283592701e-04 2.034660428762435913e-01 4.204005002975463867e-02 5.141529068350791931e-02 6.119373440742492676e-02 5.918752402067184448e-02 6.002041324973106384e-02 9.532508254051208496e-02 1.466468814760446548e-02 6.830166094005107880e-04 3.952104598283767700e-02 1.477408409118652344e-02 3.961936011910438538e-02 3.213865309953689575e-02 4.106601700186729431e-02 3.856175392866134644e-02 3.433978557586669922e-02 5.737749114632606506e-02 4.332093149423599243e-02 2.414109371602535248e-02 5.213855206966400146e-02 1.894794218242168427e-02 6.111250817775726318e-02 4.770626127719879150e-02 4.234714806079864502e-02 2.601609565317630768e-02 3.491936996579170227e-02 3.990014269948005676e-02 6.893298774957656860e-02 7.765585556626319885e-03 5.403792602010071278e-04 3.829458728432655334e-02 2.533003920689225197e-03 3.740349318832159042e-03 3.330558538436889648e-02 2.027172362431883812e-03 5.615655705332756042e-02
1.883060671389102936e-02 8.487974293529987335e-03 3.177782520651817322e-02 8.497925102710723877e-02 1.420587599277496338e-01 3.054930421058088541e-04 2.760521508753299713e-02 3.736356273293495178e-02 4.842891357839107513e-03 4.003934562206268311e-02 8.974208496510982513e-03 3.810175880789756775e-02 2.460920065641403198e-02 5.956613272428512573e-02 2.258496358990669250e-02 1.215869467705488205e-02 1.409560069441795349e-02 4.239411652088165283e-02 8.518294431269168854e-03 1.185120921581983566e-02 1.218370255082845688e-02 1.008782442659139633e-02 2.868872880935668945e-02 5.698569118976593018e-02 5.267074331641197205e-03 3.525753319263458252e-02 4.247076436877250671e-02 4.592623934149742126e-02 1.262226980179548264e-02 2.027126494795084000e-03 3.060417249798774719e-03 3.489647433161735535e-02 4.704246297478675842e-02 4.222911968827247620e-02 2.272167243063449860e-02 2.129092812538146973e-03 3.404072672128677368e-02 4.140481818467378616e-03 8.428858220577239990e-02 2.874835580587387085e-02 2.267696522176265717e-02 1.305490545928478241e-02 3.550244495272636414e-03 2.556344680488109589e-02 4.681420698761940002e-02 7.698772475123405457e-03 7.612195331603288651e-03 3.137190826237201691e-03 1.640585623681545258e-02 1.818321458995342255e-02 6.079087033867835999e-02 1.192982029169797897e-02 1.405396871268749237e-02 2.534173615276813507e-02 4.522710293531417847e-02 3.647524490952491760e-02 6.238386034965515137e-02 7.372385356575250626e-03 4.111259803175926208e-02 5.299133807420730591e-02 1.006847321987152100e-01 2.658208645880222321e-02 5.050146579742431641e-02 6.306139379739761353e-02 3.505823761224746704e-02 6.333107128739356995e-03 1.527117472141981125e-02 2.593929879367351532e-02 5.751921981573104858e-02 3.112806938588619232e-02 5.832265317440032959e-02 4.384271427989006042e-02 1.096895933151245117e-01 2.188442833721637726e-02 8.646402508020401001e-02 4.351665452122688293e-02 2.937445603311061859e-02 1.410328224301338196e-02 1.750911027193069458e-02 1.283557806164026260e-02 1.128623168915510178e-02 8.474976569414138794e-02 6.197088211774826050e-02 4.623843356966972351e-02 2.443748712539672852e-02 1.187485735863447189e-02 3.163805976510047913e-02 3.898631781339645386e-02 8.085013926029205322e-02 4.977759718894958496e-02 1.779269613325595856e-02 5.573626235127449036e-02 4.652699455618858337e-02 1.528845075517892838e-02 9.455712884664535522e-02 1.135624625021591783e-04 2.725949883460998535e-02 2.303009107708930969e-02 2.335642650723457336e-02 5.646557081490755081e-03 2.555467188358306885e-02 7.988397032022476196e-03 1.297948416322469711e-02 2.135968208312988281e-02 1.439836248755455017e-02 6.020772736519575119e-03 2.463282458484172821e-02 2.947760280221700668e-03 5.973639339208602905e-02 2.999363467097282410e-02 4.043693840503692627e-02 7.944777607917785645e-04 3.096558712422847748e-02 1.016852352768182755e-02 7.172936946153640747e-02 3.276136890053749084e-02
4.383885860443115234e-02 2.870662696659564972e-02 9.825800545513629913e-03 1.420587599277496338e-01 7.107760757207870483e-02 1.113814022392034531e-02 1.265945937484502792e-02 4.896316304802894592e-02 1.948842592537403107e-02 4.738937318325042725e-02 5.060349591076374054e-03 4.372166097164154053e-02 2.628747746348381042e-02 6.131534278392791748e-02 2.231498062610626221e-02 5.070102587342262268e-02 5.105702206492424011e-02 8.970464579761028290e-03 1.215917617082595825e-02 3.683378963614813983e-05 3.759327530860900879e-02 1.834794133901596069e-02 5.491920560598373413e-02 2.154232189059257507e-02 3.708433359861373901e-02 5.877457559108734131e-02 5.180203355848789215e-03 2.119654975831508636e-02 5.554262548685073853e-02 1.830605044960975647e-02 4.161588102579116821e-02 7.519437465816736221e-03 1.129061076790094376e-02 3.653753176331520081e-02 3.244078159332275391e-02 1.144612673670053482e-02 7.371354382485151291e-03 3.733482956886291504e-02 8.656079880893230438e-03 5.098840966820716858e-02 3.018175251781940460e-02 2.223448641598224640e-02 2.503085508942604065e-02 2.397985942661762238e-02 3.674980998039245605e-02 1.180868782103061676e-02 2.882538363337516785e-02 1.358114928007125854e-02 1.817719824612140656e-02 4.665233660489320755e-03 6.397414207458496094e-02 6.023764610290527344e-02 7.051464635878801346e-03 4.392042756080627441e-02 4.417934641242027283e-02 2.574634552001953125e-02 1.158928871154785156e-02 3.707093372941017151e-02 2.301181852817535400e-02 2.887737005949020386e-02 6.355591863393783569e-02 4.653529077768325806e-02 6.219236180186271667e-02 8.881613612174987793e-02 1.398705132305622101e-02 1.718132756650447845e-02 1.127022085711359978e-03 7.191845774650573730e-02 2.537865377962589264e-02 3.910588473081588745e-02 1.823905296623706818e-02 2.795493043959140778e-02 5.676651746034622192e-02 1.018317788839340210e-01 8.781269192695617676e-02 4.160380363464355469e-02 2.965933457016944885e-02 2.355652861297130585e-02 5.165858194231987000e-02 5.053515732288360596e-02 2.165843360126018524e-02 2.461628802120685577e-02 1.220538392663002014e-01 1.200642883777618408e-01 1.139143016189336777e-02 5.120224505662918091e-02 4.780961666256189346e-03 1.870273728854954243e-03 8.628920651972293854e-03 1.554032266139984131e-01 1.388494204729795456e-02 3.602918237447738647e-02 5.694087222218513489e-02 2.164071798324584961e-02 6.233939155936241150e-02 3.283586725592613220e-02 5.529112741351127625e-02 3.764952346682548523e-02 4.640012979507446289e-03 4.956682678312063217e-03 3.517538309097290039e-02 3.495347872376441956e-02 4.376827552914619446e-02 1.814293675124645233e-02 8.452466689050197601e-03 1.717008464038372040e-02 4.508700966835021973e-02 1.422112225554883480e-03 3.383563458919525146e-02 5.921262502670288086e-02 5.167941562831401825e-03 1.998066529631614685e-02 1.388909481465816498e-02 4.589765146374702454e-02 3.747208043932914734e-02 9.635919705033302307e-03
1.619307547807693481e-01 1.089367866516113281e-01 3.831693530082702637e-02 3.054930421058088541e-04 1.113814022392034531e-02 1.592212170362472534e-01 1.828208416700363159e-01 4.316025227308273315e-02 2.006569691002368927e-02 3.107782453298568726e-02 1.109759435057640076e-01 3.939866553992033005e-03 4.476955160498619080e-02 4.563762806355953217e-03 4.101176559925079346e-02 2.095727995038032532e-02 4.605421051383018494e-02 3.424977511167526245e-02 1.730822026729583740e-02 9.184093214571475983e-03 7.194085977971553802e-03 6.382455118000507355e-03 2.417137846350669861e-02 1.670616306364536285e-02 3.118449449539184570e-02 3.634028509259223938e-02 5.314214900135993958e-02 3.644010797142982483e-02 5.203557759523391724e-02 1.037176884710788727e-02 3.422875329852104187e-02 5.552538484334945679e-02 2.904539741575717926e-02 5.111384391784667969e-02 1.804489642381668091e-02 1.430758647620677948e-02 5.686229467391967773e-02 6.079027429223060608e-03 4.328649863600730896e-02 1.534555573016405106e-03 6.422876566648483276e-02 3.121085464954376221e-03 1.649217307567596436e-02 5.167157202959060669e-02 4.282832890748977661e-02 5.609856173396110535e-02 1.542820036411285400e-01 6.708677113056182861e-02 1.272495929151773453e-02 2.222462370991706848e-02 1.381998229771852493e-02 4.803717508912086487e-02 4.105626046657562256e-02 4.631032049655914307e-02 2.784445509314537048e-02 3.585677593946456909e-02 1.646672189235687256e-02 1.028770804405212402e-01 5.514096096158027649e-02 1.703194715082645416e-02 6.120055913925170898e-04 3.312836587429046631e-02 1.224310602992773056e-02 9.747980162501335144e-03 1.507838070392608643e-02 5.298621486872434616e-03 3.196732373908162117e-03 3.337368601933121681e-03 1.009100698865950108e-03 4.535369947552680969e-02 2.321750484406948090e-02 3.529191762208938599e-02 1.685504615306854248e-02 2.793411910533905029e-02 2.910574898123741150e-02 2.611148729920387268e-02 2.672301232814788818e-02 1.098034624010324478e-02 3.742586448788642883e-02 2.029520459473133087e-03 1.422482542693614960e-02 3.326785191893577576e-02 2.634081244468688965e-02 3.430719254538416862e-03 5.967194959521293640e-02 5.032988265156745911e-02 3.522194549441337585e-02 1.927898451685905457e-02 1.998645253479480743e-02 8.687851019203662872e-03 4.812032356858253479e-02 1.356126833707094193e-02 1.950133591890335083e-02 9.394614398479461670e-02 7.611285895109176636e-03 2.653865842148661613e-03 1.808117516338825226e-02 1.733174920082092285e-02 3.224285691976547241e-02 1.207787264138460159e-02 2.653406187891960144e-02 1.531251147389411926e-02 4.528837278485298157e-02 4.539427347481250763e-03 2.219248749315738678e-02 3.175165504217147827e-02 3.353406488895416260e-02 7.401592447422444820e-04 2.370169386267662048e-02 6.882391124963760376e-02 4.522449150681495667e-02 2.278275415301322937e-02 1.508031412959098816e-02 3.675934299826622009e-02 2.789529785513877869e-02 3.917047008872032166e-02
1.422826498746871948e-01 1.698502898216247559e-01 2.279104292392730713e-02 2.760521508753299713e-02 1.265945937484502792e-02 1.828208416700363159e-01 1.638051569461822510e-01 3.011677041649818420e-02 1.151044759899377823e-02 2.300549857318401337e-02 1.046303138136863708e-01 2.178233116865158081e-02 8.977191150188446045e-02 1.140135992318391800e-02 1.996714435517787933e-02 7.411117199808359146e-03 1.726595684885978699e-02 7.165042683482170105e-03 4.582303017377853394e-02 8.969658985733985901e-03 3.398640826344490051e-02 1.236460078507661819e-02 1.991677843034267426e-02 6.102127023041248322e-03 3.700993210077285767e-02 4.722431302070617676e-02 2.643242711201310158e-03 2.846348285675048828e-02 5.675686523318290710e-02 6.730250269174575806e-02 6.938102096319198608e-02 4.589193686842918396e-02 3.292966261506080627e-02 3.120261058211326599e-02 3.099954687058925629e-02 5.956870689988136292e-02 4.894627630710601807e-02 1.011884678155183792e-02 9.066812694072723389e-03 9.078903123736381531e-03 5.061365291476249695e-02 4.090610146522521973e-02 1.601453684270381927e-02 3.238737210631370544e-02 6.728538125753402710e-02 7.228162884712219238e-02 1.366574168205261230e-01 1.539243757724761963e-01 2.865453250706195831e-02 2.739357762038707733e-02 9.847572073340415955e-03 4.862010851502418518e-02 3.977054730057716370e-02 1.525412593036890030e-02 3.730659186840057373e-02 2.114782854914665222e-02 8.582325652241706848e-03 1.026956140995025635e-01 7.608503848314285278e-02 3.993667662143707275e-02 2.158504165709018707e-02 4.333524778485298157e-02 1.139388885349035263e-02 5.057166889309883118e-02 4.531410377239808440e-05 3.634310886263847351e-02 3.626855090260505676e-02 2.205196954309940338e-02 2.003523893654346466e-02 6.747788935899734497e-02 2.738571539521217346e-02 3.858265653252601624e-02 2.456135861575603485e-02 4.287058487534523010e-02 3.360719606280326843e-02 2.022395282983779907e-02 7.797949947416782379e-03 3.013018984347581863e-03 4.103495925664901733e-02 1.774910092353820801e-02 5.178562179207801819e-02 3.172913193702697754e-02 3.225095570087432861e-02 4.401155561208724976e-02 5.170549452304840088e-02 3.272356837987899780e-02 5.150700453668832779e-03 8.496741764247417450e-03 7.912886794656515121e-04 4.270098730921745300e-02 2.463692054152488708e-02 2.309533767402172089e-02 6.708034314215183258e-03 9.487628191709518433e-02 2.433630637824535370e-02 1.272713579237461090e-02 3.917205613106489182e-03 1.963355019688606262e-02 3.271012566983699799e-03 6.344284862279891968e-03 6.533361226320266724e-02 2.450551278889179230e-02 6.099964305758476257e-02 8.568551391363143921e-03 9.288121946156024933e-03 5.637462437152862549e-02 2.801201120018959045e-02 3.253536671400070190e-02 4.104365408420562744e-02 1.049778796732425690e-02 8.233853429555892944e-02 4.704251512885093689e-02 2.028171345591545105e-02 2.063270658254623413e-03 1.217252202332019806e-02 2.944993227720260620e-02
2.831272408366203308e-02 2.237948961555957794e-02 2.001368701457977295e-01 3.736356273293495178e-02 4.896316304802894592e-02 4.316025227308273315e-02 3.011677041649818420e-02 8.001793175935745239e-02 2.011334337294101715e-02 5.732270888984203339e-03 2.382463216781616211e-02 2.144726365804672241e-02 8.534138649702072144e-02 2.890731580555438995e-02 1.257808357477188110e-01 9.317799471318721771e-03 2.525237575173377991e-02 5.061101168394088745e-02 2.328003011643886566e-02 9.393762797117233276e-02 1.108280848711729050e-02 7.692792266607284546e-02 6.947690155357122421e-03 5.619492381811141968e-03 1.420880947262048721e-02 1.018268335610628128e-02 2.480442263185977936e-02 1.501534506678581238e-02 3.672229871153831482e-02 3.307703137397766113e-02 4.372029006481170654e-02 1.670461520552635193e-02 1.682187803089618683e-02 2.811233885586261749e-02 1.585703343152999878e-02 2.126017585396766663e-02 5.766467005014419556e-02 3.621655330061912537e-02 2.137931063771247864e-02 2.775719854980707169e-03 4.976678639650344849e-02 3.392399102449417114e-02 8.805177174508571625e-03 1.110862195491790771e-01 6.651364266872406006e-02 8.226596564054489136e-02 4.648718610405921936e-02 4.524627327919006348e-02 3.513844311237335205e-02 5.003348365426063538e-02 7.319690776057541370e-04 3.561913967132568359e-02 4.107135161757469177e-02 2.894125506281852722e-02 7.465318776667118073e-03 2.878784760832786560e-02 1.122904047369956970e-01 3.173833712935447693e-02 4.506425186991691589e-02 6.226493977010250092e-03 1.079072896391153336e-02 1.857770420610904694e-02 7.954186946153640747e-02 3.018901497125625610e-02 7.886305451393127441e-03 5.810066685080528259e-02 1.980294659733772278e-02 6.562074646353721619e-03 6.629021838307380676e-03 5.122053553350269794e-04 7.288534939289093018e-02 6.863781064748764038e-02 5.795994657091796398e-04 2.200553193688392639e-02 1.673265174031257629e-02 1.666886382736265659e-04 6.854970473796129227e-03 6.069087982177734375e-02 4.457417502999305725e-02 4.764151573181152344e-02 2.153162509202957153e-01 1.035023555159568787e-01 4.250109195709228516e-02 2.774620056152343750e-02 2.614841237664222717e-02 2.269682846963405609e-02 1.264406293630599976e-01 3.567989449948072433e-03 8.021036162972450256e-03 3.269266709685325623e-02 5.205690860748291016e-02 1.479551941156387329e-02 3.625609353184700012e-02 1.993850804865360260e-02 4.387976974248886108e-02 1.195575594902038574e-01 2.097985148429870605e-02 2.519809873774647713e-03 2.305568382143974304e-02 3.657283261418342590e-02 9.695785120129585266e-03 4.174965247511863708e-02 3.991600871086120605e-02 1.664990745484828949e-02 1.545866485685110092e-02 5.837477277964353561e-03 3.461625054478645325e-02 3.957943618297576904e-02 2.719337679445743561e-02 5.444772914052009583e-02 6.454648822546005249e-02 2.110331505537033081e-02 3.589934483170509338e-02 3.930161148309707642e-02 1.075338665395975113e-02 1.820113696157932281e-02
2.303712069988250732e-02 4.324837028980255127e-02 4.839438199996948242e-02 4.842891357839107513e-03 1.948842592537403107e-02 2.006569691002368927e-02 1.151044759899377823e-02 2.011334337294101715e-02 7.779647409915924072e-02 1.037287190556526184e-01 2.325172349810600281e-02 8.567118644714355469e-02 2.196673490107059479e-02 6.383951287716627121e-03 2.161193639039993286e-02 7.762260735034942627e-02 3.750500828027725220e-02 1.166797056794166565e-01 3.880812600255012512e-02 3.487939760088920593e-02 2.848831750452518463e-02 4.011166095733642578e-02 1.044137403368949890e-01 8.692790567874908447e-02 3.660759329795837402e-02 5.981241539120674133e-02 1.950048282742500305e-02 6.300805509090423584e-02 2.722966298460960388e-02 1.822360605001449585e-02 3.871477022767066956e-02 9.950379841029644012e-03 4.753649979829788208e-02 3.844024240970611572e-02 2.049473486840724945e-02 1.434115786105394363e-02 2.007819898426532745e-02 3.463277965784072876e-02 6.215381249785423279e-02 3.507949411869049072e-02 2.643885836005210876e-02 9.276840835809707642e-03 9.742925874888896942e-03 1.455486565828323364e-02 5.408666282892227173e-02 1.028106547892093658e-02 1.264726277440786362e-02 7.005681283771991730e-03 6.519341468811035156e-02 2.023369073867797852e-02 6.619755178689956665e-02 4.895032197237014771e-02 6.291086785495281219e-03 1.053061569109559059e-03 7.352349907159805298e-02 3.042261861264705658e-02 1.667852886021137238e-02 2.223211899399757385e-02 1.672049984335899353e-02 4.329952970147132874e-02 3.274860978126525879e-02 2.543146722018718719e-02 4.909548535943031311e-02 9.577390737831592560e-03 2.485854178667068481e-02 3.962815552949905396e-02 4.187168926000595093e-02 1.303492952138185501e-02 4.280206933617591858e-02 3.208391740918159485e-02 3.455340920481830835e-04 6.178819388151168823e-02 2.717657387256622314e-02 1.098792813718318939e-02 2.767943404614925385e-02 2.640860341489315033e-02 1.560258120298385620e-01 4.397711902856826782e-02 8.376716822385787964e-02 5.366895347833633423e-04 2.526568807661533356e-02 9.193724952638149261e-03 6.429261714220046997e-02 6.874201446771621704e-02 8.248952031135559082e-02 1.509894244372844696e-02 2.280753664672374725e-02 2.066959068179130554e-02 6.210482120513916016e-02 6.470177322626113892e-02 3.057297877967357635e-02 5.571488663554191589e-02 2.449444495141506195e-02 3.592512011528015137e-02 3.365499526262283325e-02 1.251438725739717484e-02 4.603845626115798950e-02 6.802251189947128296e-02 6.596796214580535889e-02 1.125144772231578827e-02 5.796365812420845032e-02 1.700498908758163452e-02 2.250303886830806732e-02 2.997988834977149963e-03 3.120353072881698608e-02 3.595159202814102173e-02 8.865608833730220795e-03 1.077741570770740509e-02 6.346125155687332153e-02 2.427983842790126801e-02 3.448836877942085266e-02 4.300513118505477905e-02 6.805729120969772339e-02 1.147481705993413925e-02 3.118661046028137207e-02 4.192265123128890991e-02
2.236101962625980377e-02 6.814490258693695068e-02 2.882245369255542755e-02 4.003934562206268311e-02 4.738937318325042725e-02 3.107782453298568726e-02 2.300549857318401337e-02 5.732270888984203339e-03 1.037287190556526184e-01 1.036612913012504578e-01 4.560732096433639526e-02 3.925947099924087524e-02 9.963987395167350769e-03 2.253456600010395050e-02 2.943494170904159546e-02 1.774156116880476475e-03 7.913458347320556641e-02 6.422794610261917114e-02 1.657530814409255981e-01 1.371520478278398514e-02 2.899221889674663544e-02 4.315942153334617615e-02 5.344305932521820068e-02 3.421448916196823120e-02 5.303359031677246094e-02 4.760058596730232239e-03 2.928006276488304138e-02 3.682417795062065125e-02 3.219227772206068039e-03 3.894958645105361938e-02 5.840554088354110718e-02 1.769290678203105927e-02 1.700560376048088074e-02 3.808290511369705200e-02 2.064744383096694946e-02 3.561136871576309204e-02 1.540244743227958679e-02 2.656225115060806274e-02 1.928789541125297546e-02 1.855709031224250793e-02 9.482703357934951782e-02 4.931115731596946716e-02 3.499202802777290344e-02 4.421572084538638592e-04 1.154969409108161926e-01 5.080617964267730713e-02 1.270699407905340195e-02 4.943270608782768250e-02 6.315778940916061401e-02 9.462119638919830322e-02 4.430213943123817444e-02 6.454195827245712280e-02 3.887046873569488525e-02 9.787164162844419479e-04 4.104437306523323059e-02 6.148339062929153442e-02 1.576528698205947876e-02 1.695984415709972382e-02 2.566416189074516296e-02 3.268233314156532288e-02 2.156890369951725006e-02 6.850733608007431030e-02 1.322064665146172047e-03 4.476971924304962158e-02 5.189072713255882263e-02 3.401087224483489990e-02 5.704330280423164368e-03 4.637561738491058350e-03 1.859341748058795929e-02 8.538112789392471313e-02 1.172630786895751953e-01 6.514151114970445633e-03 5.571076273918151855e-02 1.077233068645000458e-02 9.571904083713889122e-04 1.862315833568572998e-02 3.451815992593765259e-02 2.297433614730834961e-01 3.766406700015068054e-02 1.463103592395782471e-01 3.005418553948402405e-02 1.881922408938407898e-02 5.734701827168464661e-02 7.726477831602096558e-02 6.989911664277315140e-03 1.355397999286651611e-01 3.077906742691993713e-02 2.604589052498340607e-02 1.715030148625373840e-02 1.838463707827031612e-03 4.929757490754127502e-02 5.065634474158287048e-02 9.239561855792999268e-03 1.122071687132120132e-02 4.947361070662736893e-03 2.482228539884090424e-02 2.136274799704551697e-02 3.271939232945442200e-02 7.945133373141288757e-03 3.495823964476585388e-02 2.019749488681554794e-03 4.389904905110597610e-03 5.243364721536636353e-02 2.822843194007873535e-02 2.254753001034259796e-02 1.510411314666271210e-02 6.155916675925254822e-02 1.248142402619123459e-02 6.089599803090095520e-03 2.501056343317031860e-02 3.748141601681709290e-02 6.307424604892730713e-02 7.231347262859344482e-02 1.472438033670186996e-02 5.752154439687728882e-02 3.879516571760177612e-02
1.152976676821708679e-01 1.283109188079833984e-01 3.291690256446599960e-03 8.974208496510982513e-03 5.060349591076374054e-03 1.109759435057640076e-01 1.046303138136863708e-01 2.382463216781616211e-02 2.325172349810600281e-02 4.560732096433639526e-02 1.584612131118774414e-01 2.998543158173561096e-02 9.619737416505813599e-02 1.982275396585464478e-02 6.749863922595977783e-02 1.613328233361244202e-02 2.146240510046482086e-02 1.861025393009185791e-02 2.508876472711563110e-02 5.413792654871940613e-02 2.472719922661781311e-02 3.199611231684684753e-02 8.425719104707241058e-03 1.925007440149784088e-02 4.944872483611106873e-02 1.074679661542177200e-02 1.241567824035882950e-02 1.615751651115715504e-03 6.988209486007690430e-02 3.114204481244087219e-02 4.448884353041648865e-02 8.744630031287670135e-03 7.877415418624877930e-02 4.479940515011548996e-03 1.440529897809028625e-02 2.681996114552021027e-02 6.808861345052719116e-02 1.353222690522670746e-02 1.257122866809368134e-02 7.837208919227123260e-03 5.101398006081581116e-02 1.775842159986495972e-02 4.171719308942556381e-03 5.997258797287940979e-02 1.245659682899713516e-02 5.805742740631103516e-02 7.789667695760726929e-02 4.193919897079467773e-02 3.816058859229087830e-02 1.821806468069553375e-02 5.032131914049386978e-03 2.649915963411331177e-02 7.053356617689132690e-02 1.831701770424842834e-02 4.403699561953544617e-02 2.265236526727676392e-02 4.156129434704780579e-03 1.953245699405670166e-02 8.000399917364120483e-02 5.025454610586166382e-02 1.244059484452009201e-02 1.455981470644474030e-02 2.499848604202270508e-02 5.966215394437313080e-03 9.982883930206298828e-02 2.790401317179203033e-02 3.336033597588539124e-02 6.937579717487096786e-03 5.602543428540229797e-02 4.419381916522979736e-02 2.680121921002864838e-02 2.186468243598937988e-02 1.514861918985843658e-02 1.510960049927234650e-03 5.830896086990833282e-03 1.812754548154771328e-03 4.261741880327463150e-03 4.267954081296920776e-02 5.433480069041252136e-02 4.522925242781639099e-02 8.858770132064819336e-03 5.906294099986553192e-03 5.868038535118103027e-02 2.193993190303444862e-03 3.550153225660324097e-02 5.821636691689491272e-02 2.222330123186111450e-02 2.630557492375373840e-02 5.528251174837350845e-03 6.094880867749452591e-03 2.405841276049613953e-02 2.478952333331108093e-02 3.234810009598731995e-02 7.619271427392959595e-02 1.372470753267407417e-03 1.983707025647163391e-02 4.151988029479980469e-02 1.268841885030269623e-02 5.667736381292343140e-02 1.992381364107131958e-02 4.285196214914321899e-02 1.580525003373622894e-02 4.775130003690719604e-02 1.653935573995113373e-02 1.232455763965845108e-02 2.356652170419692993e-03 8.234507404267787933e-03 2.662808634340763092e-02 5.975811555981636047e-02 3.568835556507110596e-02 4.530790448188781738e-02 4.099855944514274597e-02 1.223955675959587097e-02 1.600775308907032013e-02 4.845822229981422424e-02 1.133743673563003540e-02
6.825128197669982910e-02 4.895699024200439453e-02 1.882868632674217224e-02 3.810175880789756775e-02 4.372166097164154053e-02 3.939866553992033005e-03 2.178233116865158081e-02 2.144726365804672241e-02 8.567118644714355469e-02 3.925947099924087524e-02 2.998543158173561096e-02 1.003111228346824646e-01 5.218746885657310486e-02 2.845268547534942627e-01 2.280009351670742035e-02 9.665090590715408325e-02 4.735872894525527954e-02 2.640901692211627960e-02 1.005740314722061157e-01 9.251710958778858185e-03 1.170264650136232376e-02 2.169197425246238708e-02 6.879427284002304077e-02 5.564820393919944763e-02 2.621880732476711273e-02 3.316584229469299316e-02 8.345496840775012970e-03 2.361409813165664673e-01 1.780758425593376160e-02 1.620956361293792725e-01 3.518765419721603394e-02 3.999617695808410645e-02 7.969655096530914307e-03 3.897896781563758850e-02 3.327944874763488770e-02 5.439479649066925049e-02 2.030689269304275513e-02 6.076757609844207764e-02 5.311222374439239502e-02 5.809298902750015259e-02 5.912270024418830872e-02 1.076645217835903168e-02 6.908740382641553879e-03 1.057098340243101120e-02 1.739880293607711792e-01 7.204212248325347900e-02 3.362877294421195984e-02 5.946785211563110352e-03 2.740255557000637054e-02 2.557802200317382812e-02 3.725130856037139893e-02 4.539273306727409363e-02 1.432835683226585388e-02 6.080842763185501099e-02 2.621390111744403839e-02 4.730304330587387085e-02 4.227662459015846252e-02 4.255525395274162292e-02 3.670346364378929138e-02 8.000622503459453583e-03 3.506598249077796936e-02 3.120372071862220764e-02 5.325010046362876892e-03 1.215723436325788498e-02 2.440853044390678406e-02 1.159017067402601242e-02 4.379327222704887390e-02 4.340296145528554916e-03 4.829804226756095886e-02 3.498612344264984131e-02 9.823647886514663696e-02 7.094419095665216446e-03 9.049893170595169067e-02 3.348039695993065834e-03 8.273090422153472900e-02 3.947489429265260696e-03 7.914195768535137177e-03 9.741991758346557617e-02 2.883506193757057190e-02 1.241925805807113647e-01 7.247675955295562744e-02 1.614659652113914490e-02 4.303155839443206787e-02 5.567226558923721313e-02 3.740441799163818359e-02 9.045842289924621582e-02 4.778845608234405518e-02 3.214690461754798889e-02 3.731610625982284546e-02 2.753617800772190094e-02 1.608523773029446602e-03 1.919534802436828613e-02 9.691702143754810095e-05 2.756957523524761200e-02 1.016494166105985641e-02 9.607280604541301727e-03 3.460562974214553833e-02 1.536322571337223053e-02 6.047806888818740845e-02 1.217034272849559784e-02 3.017800673842430115e-02 4.027879622299224138e-04 5.175693705677986145e-02 3.269872860983014107e-03 2.872595377266407013e-02 3.657745197415351868e-02 3.743483871221542358e-02 7.145571988075971603e-03 3.645983710885047913e-02 8.373474702239036560e-03 4.108498245477676392e-02 2.716325409710407257e-02 1.657762005925178528e-02 3.627516329288482666e-02 1.243121847510337830e-01 2.688168548047542572e-02
4.588295891880989075e-02 1.664959490299224854e-01 2.737002074718475342e-02 2.460920065641403198e-02 2.628747746348381042e-02 4.476955160498619080e-02 8.977191150188446045e-02 8.534138649702072144e-02 2.196673490107059479e-02 9.963987395167350769e-03 9.619737416505813599e-02 5.218746885657310486e-02 1.184482052922248840e-01 3.342314437031745911e-02 6.376425176858901978e-02 5.995532497763633728e-02 1.740571670234203339e-02 4.131276533007621765e-02 5.367435049265623093e-03 3.838044404983520508e-02 3.198404982686042786e-02 4.532055929303169250e-02 2.097796276211738586e-02 2.651959471404552460e-02 2.990268543362617493e-02 7.678888738155364990e-03 3.947742283344268799e-02 7.005242165178060532e-03 2.813043259084224701e-02 5.318905040621757507e-02 4.926126822829246521e-02 1.060870196670293808e-02 2.202999405562877655e-02 1.601098664104938507e-02 2.002330124378204346e-02 1.823820732533931732e-02 1.219515874981880188e-02 7.044477015733718872e-02 1.079432293772697449e-02 2.147027291357517242e-02 6.016224995255470276e-02 3.604823350906372070e-02 5.483970418572425842e-02 9.962283074855804443e-03 3.586868569254875183e-02 8.831036277115345001e-03 4.524127393960952759e-02 1.048095747828483582e-01 1.391753088682889938e-03 1.288941781967878342e-02 2.206956222653388977e-02 4.516815021634101868e-02 1.615597307682037354e-02 3.489611670374870300e-02 1.841665431857109070e-02 8.122435770928859711e-03 4.034889489412307739e-02 5.877274647355079651e-02 5.197274684906005859e-02 8.011043816804885864e-02 3.963212296366691589e-02 6.020096596330404282e-03 3.660049289464950562e-03 3.365696221590042114e-02 7.218371331691741943e-02 1.892772316932678223e-02 1.602302864193916321e-02 1.513518951833248138e-02 2.770050615072250366e-02 1.192552596330642700e-02 9.765752591192722321e-03 6.103217601776123047e-03 8.327538147568702698e-03 4.780210554599761963e-02 4.394228383898735046e-02 1.716071553528308868e-02 3.969471156597137451e-02 9.638546966016292572e-03 9.662675671279430389e-03 8.873794972896575928e-02 2.021301537752151489e-02 1.135005149990320206e-03 1.308339554816484451e-02 3.714536130428314209e-02 8.755893446505069733e-03 1.026037055999040604e-02 2.714739181101322174e-02 6.178259849548339844e-02 2.263565175235271454e-02 5.806922540068626404e-02 2.531972341239452362e-02 2.235827036201953888e-02 2.186604402959346771e-02 2.274520881474018097e-02 5.581769719719886780e-02 2.807763032615184784e-02 8.713171631097793579e-02 1.752024283632636070e-03 2.069864980876445770e-02 2.399322763085365295e-02 6.457143928855657578e-03 1.816414482891559601e-02 5.850269272923469543e-02 1.173629239201545715e-02 1.182070467621088028e-02 2.515617758035659790e-02 5.035966262221336365e-02 6.628031283617019653e-02 2.160048484802246094e-02 8.782122284173965454e-03 4.648545011878013611e-02 7.247840985655784607e-03 2.784090116620063782e-02 6.063972041010856628e-02 8.073485642671585083e-02 2.115206420421600342e-02
