7.893527299165725708e-02 2.202658951282501221e-01 3.061669133603572845e-02 3.333798050880432129e-02 3.287204355001449585e-02 7.548137754201889038e-02 1.800961196422576904e-01 3.329167142510414124e-02 1.472657639533281326e-02 2.687651198357343674e-03 1.835231035947799683e-01 1.645014807581901550e-02 6.395082920789718628e-02 1.428250819444656372e-01 6.000703200697898865e-02 9.469838812947273254e-03 6.768007576465606689e-02 3.025379776954650879e-02 9.691932238638401031e-03 1.118555082939565182e-03 2.101514674723148346e-02 7.034822553396224976e-02 5.211335141211748123e-03 4.834533482789993286e-02 3.517648950219154358e-02 6.481875479221343994e-02 4.791132733225822449e-02 4.118789732456207275e-02 3.846745193004608154e-02 1.304503530263900757e-01 5.112795531749725342e-02 2.836484089493751526e-02 2.407643757760524750e-02 2.444548532366752625e-02 6.072935182601213455e-03 1.318721175193786621e-01 3.557320684194564819e-02 8.376823365688323975e-02 3.370562568306922913e-02 7.200537715107202530e-03 2.779541909694671631e-02 3.257633652538061142e-03 3.426254168152809143e-02 7.506535854190587997e-03 2.127818949520587921e-02 2.954189106822013855e-02 2.598564326763153076e-02 8.365561068058013916e-02 4.281035810708999634e-02 4.214663431048393250e-02 2.954196371138095856e-02 7.068885490298271179e-03 3.438330255448818207e-03 2.964333817362785339e-02 4.040181636810302734e-02 5.135809257626533508e-02 7.909338176250457764e-02 2.727955952286720276e-02 3.862052410840988159e-02 6.249075010418891907e-02 4.495095461606979370e-02 6.738996598869562149e-03 4.447190463542938232e-02 6.337411701679229736e-02 4.239632934331893921e-02 2.872538194060325623e-02 1.810987107455730438e-02 1.425810903310775757e-02 4.222887381911277771e-02 1.880442723631858826e-02 1.277341041713953018e-02 5.600225552916526794e-02 6.031545251607894897e-02 6.919758021831512451e-02 1.430190168321132660e-02 1.808939315378665924e-02 1.629111357033252716e-02 3.958892449736595154e-02 3.873980790376663208e-02 9.472530335187911987e-02 1.813398674130439758e-02 3.012215532362461090e-02 3.121930733323097229e-02 5.841918289661407471e-03 1.002448424696922302e-02 8.722552098333835602e-03 1.754072494804859161e-02 7.774496451020240784e-03 4.599788412451744080e-02 1.203471571207046509e-01 3.988255560398101807e-02 1.082347892224788666e-02 7.707140594720840454e-02 2.546966075897216797e-02 1.679529249668121338e-02 2.806092239916324615e-02 6.489867717027664185e-02 1.477358955889940262e-02 7.851892709732055664e-02 8.254821598529815674e-02 1.131085678935050964e-02 1.444951537996530533e-02 1.709824660792946815e-03 4.160455893725156784e-03 4.553084820508956909e-02 4.034334793686866760e-02 5.976981949061155319e-03 2.069699391722679138e-02 6.615057587623596191e-03 2.359934151172637939e-02 2.740790322422981262e-02 4.452463611960411072e-02 1.809828542172908783e-02 2.300090901553630829e-02 9.277694858610630035e-03 4.386181011795997620e-02
2.202658951282501221e-01 5.893184989690780640e-02 2.160233445465564728e-02 3.152227727696299553e-03 4.812600463628768921e-02 6.014498695731163025e-02 1.233337298035621643e-01 4.596042633056640625e-02 5.364631116390228271e-02 3.110685385763645172e-02 1.822333484888076782e-01 4.945521429181098938e-02 1.021079644560813904e-01 5.309648811817169189e-02 2.224650420248508453e-02 1.848707720637321472e-02 5.483646318316459656e-02 3.671599552035331726e-02 5.981978401541709900e-02 4.127736389636993408e-02 1.666994579136371613e-02 3.425284475088119507e-02 2.711548097431659698e-02 1.671503484249114990e-02 7.685509324073791504e-02 5.344783142209053040e-02 2.516540326178073883e-02 7.893251627683639526e-02 6.760222464799880981e-02 1.178360506892204285e-01 2.410095557570457458e-02 1.850263029336929321e-02 2.668767608702182770e-02 1.004581525921821594e-02 3.245325386524200439e-02 9.694439172744750977e-02 3.732606023550033569e-02 1.945594884455204010e-02 6.362894177436828613e-02 9.567583352327346802e-02 2.491644211113452911e-02 5.017295014113187790e-03 3.681603819131851196e-02 2.884826064109802246e-02 1.328067481517791748e-01 3.891866281628608704e-02 9.517173282802104950e-03 1.972384303808212280e-01 1.611016690731048584e-02 5.082642193883657455e-03 4.482736811041831970e-03 4.221402853727340698e-02 3.840696066617965698e-02 4.082429409027099609e-02 2.158673852682113647e-02 5.080779641866683960e-02 1.582572162151336670e-01 1.456402149051427841e-02 8.521786890923976898e-03 1.342563703656196594e-02 7.405939511954784393e-03 5.517611652612686157e-02 6.996418815106153488e-04 7.625502999871969223e-03 1.175070879980921745e-03 4.379402846097946167e-02 3.745286539196968079e-02 5.062751006335020065e-03 1.932486076839268208e-03 3.657176345586776733e-02 2.619519084692001343e-02 1.112872809171676636e-01 2.981391735374927521e-02 1.299732085317373276e-02 6.715566664934158325e-02 6.746701896190643311e-02 5.117801949381828308e-02 3.431083261966705322e-02 3.071913309395313263e-02 9.539868915453553200e-04 1.173182041384279728e-03 3.411935642361640930e-02 2.985548973083496094e-02 1.385559514164924622e-02 2.446647360920906067e-02 3.187648579478263855e-02 5.485504865646362305e-02 4.352294281125068665e-02 2.504511550068855286e-02 9.267988801002502441e-02 3.927927464246749878e-02 6.191962957382202148e-02 8.837944269180297852e-02 4.218168556690216064e-02 4.155412781983613968e-03 3.575869277119636536e-02 1.649245806038379669e-02 1.369963772594928741e-02 2.646343968808650970e-02 2.953346632421016693e-02 2.373465249547734857e-04 4.539419338107109070e-02 4.759671166539192200e-02 4.286400973796844482e-02 3.320024348795413971e-03 2.661146223545074463e-02 1.878383569419384003e-02 5.299952626228332520e-02 2.000854909420013428e-02 8.302088826894760132e-03 4.006417095661163330e-02 1.607429422438144684e-02 7.468228042125701904e-02 3.489741310477256775e-02 1.454183179885149002e-02 9.327600710093975067e-03
3.061669133603572845e-02 2.160233445465564728e-02 4.621480777859687805e-02 4.263008758425712585e-02 6.790019106119871140e-04 5.789442453533411026e-03 3.270132839679718018e-02 1.560137569904327393e-01 1.731019280850887299e-02 4.324805364012718201e-02 6.753475405275821686e-03 2.938301302492618561e-02 4.669487848877906799e-02 4.367657750844955444e-02 6.317255552858114243e-03 7.799524348229169846e-03 7.409118115901947021e-03 1.951778307557106018e-02 5.636813491582870483e-02 3.618726739659905434e-03 6.217489019036293030e-02 3.614492341876029968e-02 3.637805208563804626e-02 6.063360720872879028e-02 1.367812696844339371e-02 4.043068364262580872e-02 4.437062423676252365e-03 3.122146008536219597e-03 8.325590193271636963e-02 2.031390555202960968e-02 2.586512826383113861e-02 9.243127703666687012e-02 3.305139020085334778e-02 1.462021749466657639e-02 1.435178518295288086e-02 5.932550877332687378e-02 2.458935976028442383e-02 4.811736941337585449e-02 3.181062638759613037e-02 3.622666932642459869e-03 3.193668089807033539e-03 7.500921934843063354e-02 3.733174502849578857e-02 2.792828716337680817e-02 8.004753291606903076e-02 1.298764720559120178e-02 5.237966030836105347e-02 4.649293143302202225e-03 3.865617141127586365e-02 3.763482347130775452e-02 5.113042518496513367e-02 9.882285259664058685e-03 5.695084575563669205e-03 5.935195833444595337e-03 4.643552470952272415e-03 7.994846999645233154e-02 2.182208187878131866e-02 2.712543494999408722e-02 6.968908756971359253e-02 3.567137569189071655e-02 1.228014007210731506e-02 1.599185168743133545e-02 9.951839456334710121e-04 2.341006323695182800e-02 7.185643189586699009e-04 3.869061172008514404e-02 9.300381643697619438e-04 5.788662657141685486e-02 2.876506559550762177e-02 6.266278773546218872e-02 1.463752239942550659e-02 2.807452902197837830e-02 4.127476736903190613e-02 2.517373859882354736e-02 2.644868008792400360e-02 6.505708396434783936e-02 9.506051428616046906e-03 4.117256775498390198e-02 1.019452232867479324e-02 3.027371503412723541e-02 1.473614573478698730e-01 1.551920026540756226e-01 3.792478516697883606e-02 3.936844691634178162e-02 2.817446738481521606e-02 4.507420584559440613e-02 7.323834300041198730e-02 5.034521222114562988e-02 1.817192696034908295e-02 1.631764322519302368e-02 4.904635623097419739e-02 6.484290212392807007e-02 7.933320105075836182e-02 5.266346037387847900e-03 3.652748838067054749e-02 3.021121211349964142e-02 2.658322080969810486e-02 3.472711890935897827e-02 5.482903867959976196e-02 8.153139054775238037e-02 2.448280807584524155e-03 1.780641078948974609e-02 6.482097506523132324e-02 4.662150144577026367e-02 5.376790091395378113e-02 2.029259875416755676e-02 1.061141118407249451e-01 2.876827493309974670e-02 2.846596762537956238e-02 2.711088769137859344e-02 6.878462433815002441e-02 1.233659218996763229e-02 1.982041262090206146e-02 6.524024158716201782e-02 2.690863236784934998e-02 4.105826094746589661e-02
3.333798050880432129e-02 3.152227727696299553e-03 4.263008758425712585e-02 4.402463883161544800e-02 1.569261550903320312e-01 2.334585040807723999e-02 3.627035475801676512e-04 7.331424392759799957e-03 5.270157381892204285e-02 5.804978311061859131e-02 4.946950823068618774e-02 1.234851032495498657e-02 1.171133667230606079e-02 7.166283577680587769e-02 9.617663919925689697e-02 4.181168973445892334e-02 6.437721103429794312e-02 1.079154387116432190e-01 4.971928894519805908e-02 5.679829511791467667e-03 2.704349718987941742e-02 3.210827335715293884e-02 1.131163351237773895e-02 1.356585696339607239e-02 4.047545418143272400e-02 3.437989577651023865e-02 8.731507509946823120e-02 4.596103355288505554e-02 3.624880919232964516e-03 1.585853099822998047e-02 8.016352541744709015e-03 4.447842389345169067e-02 4.144252836704254150e-02 4.146412760019302368e-02 4.541121050715446472e-02 3.132654353976249695e-02 3.296650573611259460e-02 3.446218743920326233e-02 1.398780196905136108e-01 4.080875776708126068e-03 5.517808347940444946e-02 1.755862310528755188e-02 6.196763366460800171e-03 5.852347984910011292e-02 2.182815223932266235e-02 5.311618372797966003e-02 1.105382945388555527e-02 1.024867314845323563e-02 3.215751424431800842e-02 2.459299378097057343e-02 4.931573569774627686e-02 1.482914946973323822e-02 3.247333690524101257e-03 5.606053769588470459e-02 4.019945859909057617e-02 5.807026475667953491e-02 1.828098855912685394e-02 8.529201894998550415e-02 2.614481560885906219e-02 3.349006921052932739e-02 9.234638512134552002e-02 2.672535181045532227e-02 1.659391634166240692e-02 4.847532883286476135e-02 2.062758617103099823e-02 2.188269514590501785e-03 5.217575654387474060e-02 6.428061425685882568e-02 6.371879577636718750e-02 3.537177667021751404e-02 3.909236751496791840e-03 2.658472210168838501e-02 2.319961041212081909e-01 1.289902720600366592e-02 1.484754960983991623e-02 4.089387133717536926e-03 5.963547527790069580e-02 4.835763946175575256e-02 1.876140478998422623e-03 3.098805621266365051e-02 1.475752051919698715e-02 1.294681453146040440e-03 6.904136389493942261e-02 1.628513447940349579e-02 2.405587024986743927e-02 1.521558035165071487e-02 1.239185407757759094e-02 5.678410828113555908e-02 1.318173017352819443e-02 1.794153079390525818e-02 3.738736733794212341e-02 5.590748041868209839e-02 7.250905781984329224e-02 7.797618396580219269e-03 2.081843093037605286e-02 3.591078519821166992e-02 5.163278058171272278e-02 5.261008068919181824e-02 2.159375231713056564e-03 1.778086647391319275e-02 2.715632505714893341e-02 5.548371002078056335e-02 1.446133758872747421e-02 2.225849591195583344e-02 2.067988738417625427e-02 6.032757300999946892e-05 2.174304239451885223e-02 8.930508047342300415e-02 9.155975654721260071e-03 3.801113925874233246e-03 1.313663180917501450e-02 7.823912426829338074e-03 6.270984560251235962e-02 7.302420586347579956e-02 4.643486812710762024e-02 5.828803032636642456e-02
3.287204355001449585e-02 4.812600463628768921e-02 6.790019106119871140e-04 1.569261550903320312e-01 2.927123941481113434e-02 2.650599554181098938e-02 1.905471272766590118e-02 2.361761219799518585e-02 4.669464007019996643e-02 7.864300906658172607e-02 9.817067533731460571e-03 2.488175779581069946e-02 6.494873017072677612e-02 1.378583069890737534e-02 8.706794679164886475e-02 2.349576354026794434e-02 3.350147232413291931e-02 3.103933483362197876e-02 5.835894867777824402e-02 2.163294143974781036e-02 4.039632156491279602e-02 6.151936948299407959e-03 2.930698357522487640e-02 8.828342892229557037e-03 4.756232351064682007e-02 4.042367637157440186e-02 5.330897867679595947e-02 4.114687442779541016e-03 7.177672535181045532e-02 1.271934434771537781e-02 4.053570330142974854e-02 4.592601582407951355e-02 4.096710681915283203e-02 5.434392765164375305e-02 1.830794033594429493e-03 5.365669727325439453e-02 2.887900918722152710e-02 2.092254348099231720e-02 6.896453350782394409e-02 6.816197186708450317e-02 3.407001867890357971e-02 8.312302827835083008e-02 6.955313682556152344e-02 8.284395933151245117e-02 5.332408472895622253e-02 6.096975877881050110e-02 3.223812207579612732e-02 6.929736584424972534e-03 5.694742128252983093e-02 1.406338717788457870e-02 1.370995864272117615e-02 7.037258893251419067e-02 3.058369830250740051e-02 1.803997531533241272e-02 1.986854337155818939e-02 1.724032312631607056e-02 5.466789752244949341e-02 5.107768997550010681e-02 2.319144085049629211e-02 1.227131113409996033e-02 7.113768160343170166e-02 5.567843094468116760e-02 1.518745161592960358e-02 3.324580192565917969e-02 2.642093412578105927e-02 5.028622224926948547e-02 4.293241072446107864e-03 3.626683726906776428e-02 2.098152600228786469e-02 2.874523925129324198e-04 4.730078857392072678e-03 2.557177841663360596e-02 5.383336171507835388e-02 3.651748225092887878e-02 2.112693153321743011e-02 6.700550019741058350e-02 4.862336814403533936e-02 5.249272659420967102e-02 1.208931766450405121e-02 4.582940787076950073e-02 2.154151536524295807e-02 2.391650341451168060e-02 7.383824884891510010e-02 1.034433171153068542e-01 3.867961466312408447e-02 1.881327480077743530e-02 2.076880075037479401e-02 7.801367342472076416e-02 4.552838508971035480e-04 2.073288522660732269e-02 4.721022397279739380e-02 1.798565313220024109e-02 3.776930272579193115e-02 2.621627040207386017e-02 9.799149818718433380e-03 2.409879351034760475e-03 1.310780178755521774e-02 1.931445300579071045e-02 2.932165563106536865e-02 5.667345970869064331e-02 2.240843139588832855e-02 3.184498474001884460e-02 2.496877498924732208e-02 5.823367461562156677e-02 1.083825901150703430e-02 5.167395807802677155e-03 5.423194169998168945e-02 7.550740987062454224e-02 2.462731488049030304e-02 8.368174731731414795e-02 3.828972950577735901e-02 5.969388037919998169e-02 6.519706547260284424e-02 3.563733771443367004e-02 2.976688370108604431e-02 3.526009619235992432e-02
7.548137754201889038e-02 6.014498695731163025e-02 5.789442453533411026e-03 2.334585040807723999e-02 2.650599554181098938e-02 2.658777637407183647e-03 1.709825396537780762e-01 6.768619176000356674e-03 3.456329926848411560e-02 3.660865873098373413e-02 5.956814810633659363e-02 6.634335219860076904e-02 8.516010828316211700e-03 1.189238652586936951e-01 2.256087772548198700e-02 3.131988225504755974e-03 1.791224256157875061e-02 1.758667454123497009e-02 1.175743155181407928e-02 1.266609132289886475e-02 3.127983957529067993e-02 1.458763238042593002e-02 8.353093266487121582e-02 2.787608839571475983e-02 2.725318819284439087e-02 4.161615297198295593e-02 4.405262321233749390e-02 1.196154728531837463e-01 1.290308125317096710e-02 1.871878094971179962e-02 1.667934656143188477e-02 9.668032638728618622e-03 2.831076830625534058e-02 3.134748199954628944e-03 2.361867576837539673e-02 5.218683183193206787e-02 1.445235800929367542e-03 4.847724363207817078e-02 5.325888097286224365e-02 3.055641893297433853e-03 1.822858117520809174e-02 1.474788179621100426e-03 3.074545226991176605e-02 3.578843548893928528e-02 6.678564101457595825e-02 6.279935687780380249e-02 2.122604697942733765e-01 7.239407300949096680e-02 4.046260938048362732e-02 5.996529012918472290e-02 5.765776336193084717e-02 6.337563693523406982e-02 3.652678430080413818e-02 2.805983833968639374e-02 4.875888302922248840e-02 7.143048569560050964e-03 2.798348106443881989e-02 9.060465544462203979e-02 5.008632689714431763e-02 1.236048620194196701e-02 1.743493042886257172e-02 7.434671372175216675e-02 4.986878857016563416e-02 9.385688602924346924e-02 1.699464954435825348e-02 2.968884538859128952e-03 4.477113485336303711e-03 2.120508346706628799e-03 6.815151870250701904e-02 2.497824653983116150e-02 7.862258702516555786e-02 8.989191055297851562e-02 3.255761414766311646e-02 7.672442495822906494e-02 5.330068618059158325e-02 2.278900332748889923e-02 1.742258481681346893e-02 2.818765118718147278e-02 2.552215382456779480e-02 3.736824542284011841e-02 3.813758492469787598e-02 4.868662916123867035e-03 6.183765945024788380e-04 1.024956363835372031e-04 1.552828308194875717e-02 7.830958813428878784e-02 4.294549673795700073e-02 1.142182666808366776e-02 1.432121098041534424e-01 2.381041087210178375e-02 1.806375943124294281e-02 7.184287905693054199e-02 4.384379088878631592e-02 5.393458530306816101e-02 5.605007335543632507e-02 6.863520480692386627e-03 1.164849288761615753e-02 2.398453094065189362e-02 9.122759103775024414e-02 3.974266350269317627e-02 2.548178099095821381e-02 1.072186138480901718e-02 6.650632619857788086e-02 2.408859506249427795e-02 2.452827757224440575e-03 4.971502348780632019e-02 4.990314692258834839e-02 9.223147295415401459e-03 3.543034195899963379e-02 4.347641393542289734e-02 1.755460537970066071e-02 4.929479211568832397e-03 5.189067497849464417e-02 3.698013350367546082e-02 1.933826506137847900e-02 5.126392096281051636e-02
1.800961196422576904e-01 1.233337298035621643e-01 3.270132839679718018e-02 3.627035475801676512e-04 1.905471272766590118e-02 1.709825396537780762e-01 6.872890889644622803e-02 1.578429900109767914e-02 3.111141547560691833e-02 2.940712124109268188e-02 6.652342528104782104e-02 8.649494498968124390e-03 1.768531836569309235e-02 1.471507251262664795e-01 1.477001141756772995e-02 3.138063009828329086e-03 7.709794491529464722e-02 1.785243861377239227e-02 7.034181058406829834e-02 5.103998631238937378e-02 2.241061255335807800e-02 5.010418221354484558e-02 1.000652685761451721e-01 4.789507016539573669e-02 6.032814830541610718e-02 3.564060106873512268e-02 5.763477832078933716e-02 1.625995039939880371e-01 6.046612933278083801e-02 1.790266931056976318e-01 6.915305554866790771e-02 2.745465189218521118e-02 6.974220275878906250e-02 1.472209766507148743e-02 4.825621843338012695e-02 5.308817699551582336e-02 1.880299486219882965e-02 6.403562426567077637e-02 4.234522581100463867e-02 4.449198022484779358e-02 3.824165323749184608e-03 2.543175034224987030e-02 3.248133510351181030e-02 2.842131815850734711e-02 5.254183337092399597e-02 7.802087068557739258e-02 9.941861033439636230e-02 1.252536773681640625e-01 2.529693953692913055e-02 6.112010404467582703e-02 1.105985487811267376e-03 4.530030488967895508e-02 2.435851469635963440e-02 1.676326803863048553e-02 3.038025647401809692e-02 2.779902191832661629e-03 3.523346409201622009e-02 1.902875304222106934e-02 4.093255475163459778e-02 4.560673236846923828e-02 2.234007604420185089e-02 5.521121248602867126e-02 3.892263770103454590e-02 2.574053779244422913e-02 1.035357937216758728e-01 2.148655243217945099e-02 5.721391737461090088e-02 3.279939666390419006e-02 2.763214521110057831e-02 8.710267022252082825e-03 1.163410488516092300e-02 9.450688958168029785e-02 6.255923211574554443e-02 6.605439633131027222e-02 2.610681764781475067e-02 5.910900607705116272e-02 3.512539714574813843e-02 2.530884929001331329e-02 6.022294517606496811e-03 2.576579526066780090e-02 2.064262889325618744e-02 1.012491248548030853e-02 2.161773666739463806e-02 6.047775223851203918e-02 6.407982110977172852e-02 8.860439807176589966e-02 6.893926113843917847e-02 7.125171367079019547e-03 5.918508861213922501e-03 6.851011514663696289e-02 5.908926948904991150e-02 6.948176771402359009e-02 3.596727177500724792e-02 4.467193037271499634e-02 4.155093431472778320e-02 3.964017704129219055e-02 6.978908181190490723e-02 7.880631089210510254e-02 5.259989574551582336e-02 5.208550766110420227e-02 1.195166725665330887e-02 2.052239328622817993e-02 3.103749081492424011e-02 5.387651920318603516e-02 5.110763758420944214e-02 3.579479828476905823e-02 4.880239441990852356e-02 9.834199212491512299e-03 4.094578325748443604e-02 6.494662910699844360e-02 1.426447834819555283e-02 2.364499308168888092e-02 5.883372947573661804e-02 2.041620761156082153e-02 6.840009242296218872e-02 2.999726915732026100e-03
3.329167142510414124e-02 4.596042633056640625e-02 1.560137569904327393e-01 7.331424392759799957e-03 2.361761219799518585e-02 6.768619176000356674e-03 1.578429900109767914e-02 2.336222492158412933e-02 4.907805938273668289e-03 3.303583338856697083e-02 2.515567280352115631e-02 4.994612932205200195e-02 5.980809777975082397e-02 4.035398736596107483e-02 8.413983881473541260e-02 3.310522437095642090e-02 3.311455249786376953e-02 4.193115513771772385e-03 8.913480676710605621e-03 3.328713774681091309e-02 1.754971779882907867e-02 1.078137084841728210e-01 3.057187423110008240e-03 5.930763483047485352e-02 4.318114742636680603e-02 1.868062466382980347e-02 1.272069476544857025e-02 5.070529505610466003e-02 1.404647366143763065e-03 3.378593176603317261e-02 3.217769786715507507e-03 9.283445775508880615e-03 8.987786248326301575e-03 4.100577905774116516e-02 3.957727178931236267e-02 7.007978856563568115e-03 5.023498088121414185e-02 2.921869792044162750e-02 4.887158796191215515e-02 3.467244282364845276e-02 5.981938913464546204e-03 4.464833065867424011e-02 2.668536640703678131e-02 5.213086679577827454e-02 4.279858898371458054e-03 2.739063650369644165e-02 3.017880395054817200e-02 1.833817362785339355e-02 2.411210350692272186e-02 1.601382903754711151e-02 4.403972253203392029e-02 1.398756206035614014e-01 2.258185297250747681e-02 5.562692135572433472e-02 3.334705717861652374e-03 2.521338500082492828e-02 4.053903371095657349e-02 1.431388687342405319e-02 8.424500934779644012e-03 3.920997679233551025e-02 3.826915472745895386e-02 3.538147732615470886e-02 3.643590025603771210e-03 1.095707621425390244e-02 3.298326581716537476e-02 3.661758964881300926e-03 2.716681919991970062e-02 4.331867210566997528e-03 2.581351064145565033e-02 1.197169721126556396e-02 2.887017652392387390e-02 2.486816234886646271e-02 5.673380941152572632e-02 1.380723901093006134e-02 3.743052110075950623e-02 7.029148936271667480e-02 3.108375519514083862e-02 1.271810196340084076e-02 7.096319459378719330e-03 4.198606312274932861e-02 1.498124301433563232e-01 1.555726975202560425e-01 2.934968098998069763e-03 2.762936241924762726e-02 2.113896049559116364e-02 3.177395462989807129e-02 5.537007749080657959e-02 6.147834286093711853e-02 1.281349919736385345e-02 4.934120457619428635e-03 2.786358445882797241e-02 7.630833890289068222e-03 1.454820577055215836e-02 4.685430228710174561e-02 1.859308406710624695e-02 5.518116522580385208e-04 3.182998299598693848e-02 2.199235372245311737e-02 1.487860269844532013e-02 1.419517770409584045e-02 4.820617660880088806e-02 7.106674835085868835e-03 3.424791619181632996e-02 5.856146104633808136e-03 9.062591940164566040e-03 1.397014874964952469e-02 3.197200596332550049e-03 4.763509146869182587e-03 4.269498959183692932e-02 2.331982553005218506e-02 3.679497167468070984e-02 1.519989129155874252e-02 2.556504914537072182e-03 5.029195547103881836e-02 2.857442758977413177e-02 4.175915569067001343e-02
1.472657639533281326e-02 5.364631116390228271e-02 1.731019280850887299e-02 5.270157381892204285e-02 4.669464007019996643e-02 3.456329926848411560e-02 3.111141547560691833e-02 4.907805938273668289e-03 9.932049550116062164e-03 1.214372217655181885e-01 6.074903532862663269e-02 1.715592481195926666e-02 9.324970841407775879e-02 4.588942229747772217e-02 2.158998325467109680e-02 2.574391849339008331e-02 3.300068201497197151e-03 8.482936024665832520e-02 2.441093698143959045e-02 2.485111728310585022e-02 1.013829745352268219e-02 2.452101185917854309e-02 2.546919276937842369e-03 5.361555849958676845e-06 5.866017565131187439e-02 5.135346949100494385e-02 1.221300382167100906e-02 3.363783704116940498e-03 2.254722639918327332e-02 4.796684160828590393e-02 3.182380273938179016e-02 4.703828692436218262e-02 3.750566765666007996e-02 6.989068537950515747e-02 4.200856387615203857e-02 3.583964705467224121e-02 4.660502541810274124e-03 2.004115143790841103e-03 4.035375022795051336e-04 6.543145980685949326e-03 1.130973827093839645e-02 2.103533037006855011e-02 3.979233652353286743e-02 2.476671338081359863e-02 4.573530331254005432e-02 7.827012240886688232e-02 3.883893415331840515e-02 5.254948977380990982e-03 6.062183529138565063e-02 7.251097261905670166e-02 3.141095116734504700e-02 1.096909120678901672e-02 5.350043252110481262e-02 3.703618422150611877e-02 8.183415234088897705e-02 5.798870697617530823e-02 7.896507158875465393e-04 8.159074001014232635e-03 4.758550226688385010e-02 1.739379949867725372e-02 1.344789844006299973e-02 2.599988505244255066e-02 3.678561002016067505e-02 2.164484467357397079e-03 2.361298725008964539e-02 4.911215975880622864e-02 1.423912029713392258e-02 3.632420673966407776e-02 1.651108413934707642e-01 3.757756948471069336e-02 1.138301864266395569e-01 1.649552397429943085e-02 1.787576824426651001e-02 2.097090892493724823e-02 5.317242443561553955e-02 4.304502904415130615e-02 2.160008698701858521e-01 1.132162064313888550e-01 4.750423133373260498e-02 8.804815262556076050e-02 6.327526178210973740e-03 2.127387933433055878e-02 8.892691694200038910e-03 4.323542863130569458e-02 1.969075016677379608e-02 7.388134021311998367e-03 2.283030422404408455e-03 9.542112238705158234e-03 9.106364101171493530e-02 8.914843201637268066e-03 1.021216288208961487e-01 3.601361811161041260e-02 9.617164731025695801e-02 9.247071109712123871e-03 6.638898514211177826e-03 5.169542855583131313e-04 1.634975429624319077e-03 2.458717674016952515e-02 1.202751230448484421e-02 1.333408337086439133e-02 1.435636449605226517e-02 3.455365821719169617e-02 1.154465600848197937e-02 8.959438651800155640e-03 4.226779937744140625e-02 1.419854536652565002e-02 3.078936599195003510e-02 3.309779614210128784e-02 1.147817634046077728e-02 4.002167657017707825e-02 4.722784087061882019e-02 5.578825250267982483e-02 4.871002957224845886e-02 8.216144144535064697e-02 5.429235100746154785e-02 4.556804150342941284e-02
2.687651198357343674e-03 3.110685385763645172e-02 4.324805364012718201e-02 5.804978311061859131e-02 7.864300906658172607e-02 3.660865873098373413e-02 2.940712124109268188e-02 3.303583338856697083e-02 1.214372217655181885e-01 3.552234917879104614e-02 4.659146536141633987e-03 1.895660534501075745e-02 1.736521534621715546e-02 2.171231992542743683e-02 3.101896494626998901e-02 6.371831893920898438e-02 8.266250602900981903e-03 6.443179398775100708e-02 8.478826284408569336e-02 3.509827330708503723e-02 1.693840138614177704e-02 8.583231829106807709e-04 3.787334635853767395e-02 3.858083486557006836e-02 1.472025644034147263e-02 5.507121235132217407e-02 9.510240517556667328e-03 3.101724572479724884e-02 1.312604267150163651e-02 2.604939229786396027e-02 4.623357579112052917e-02 1.344596687704324722e-02 1.891460083425045013e-02 6.592080742120742798e-02 3.909774869680404663e-02 5.142150446772575378e-02 8.483843505382537842e-02 4.538693279027938843e-02 3.256132081151008606e-02 2.613727562129497528e-02 3.410680964589118958e-02 2.795541658997535706e-02 3.067728597670793533e-03 1.069917576387524605e-03 2.137148939073085785e-02 1.699114218354225159e-03 4.471744969487190247e-02 9.662172524258494377e-04 2.208895049989223480e-02 1.015401333570480347e-01 2.685024589300155640e-02 3.822489408776164055e-03 3.387491777539253235e-02 3.678568825125694275e-02 4.139193147420883179e-02 1.222565844655036926e-01 2.844951488077640533e-02 1.205112319439649582e-02 5.308671295642852783e-02 3.529343754053115845e-02 7.903695106506347656e-02 2.494841255247592926e-02 7.390404120087623596e-03 3.808031603693962097e-02 6.432579457759857178e-02 5.887924134731292725e-02 1.787150651216506958e-02 3.501061722636222839e-02 9.967564046382904053e-02 2.324905805289745331e-02 1.963435858488082886e-01 2.352906391024589539e-02 9.467755444347858429e-03 2.665778808295726776e-02 1.638722606003284454e-02 4.127980023622512817e-02 4.097925871610641479e-02 2.245066463947296143e-01 1.355947274714708328e-02 1.614327728748321533e-01 5.896077677607536316e-02 5.529663711786270142e-02 4.261551797389984131e-02 7.308539748191833496e-02 1.291051786392927170e-02 5.155375599861145020e-02 2.390226162970066071e-02 6.694958079606294632e-03 1.536693773232400417e-03 1.647330075502395630e-01 1.796318404376506805e-02 1.683108322322368622e-02 3.746268898248672485e-02 2.585746347904205322e-03 7.860166579484939575e-02 9.228846058249473572e-03 2.943985164165496826e-02 4.778181761503219604e-02 4.099072143435478210e-02 6.617958098649978638e-02 1.637123338878154755e-02 1.218879688531160355e-02 4.308313503861427307e-02 3.978886082768440247e-02 6.983001530170440674e-02 2.138512767851352692e-02 3.447544202208518982e-02 3.951116465032100677e-03 3.818630799651145935e-02 4.735726397484540939e-03 3.704759478569030762e-02 6.922142952680587769e-02 5.646215006709098816e-02 1.997035928070545197e-02 2.461995370686054230e-02 1.911165937781333923e-02
1.835231035947799683e-01 1.822333484888076782e-01 6.753475405275821686e-03 4.946950823068618774e-02 9.817067533731460571e-03 5.956814810633659363e-02 6.652342528104782104e-02 2.515567280352115631e-02 6.074903532862663269e-02 4.659146536141633987e-03 4.594541341066360474e-02 2.162519842386245728e-02 1.913204342126846313e-01 2.201940864324569702e-02 4.998966678977012634e-02 1.557312440127134323e-02 2.872833795845508575e-02 2.561228908598423004e-02 1.395957777276635170e-03 3.044297546148300171e-02 2.972283866256475449e-03 7.467617839574813843e-02 1.825830899178981781e-02 6.478006392717361450e-02 2.685794234275817871e-02 3.642981871962547302e-02 3.176230564713478088e-02 6.599733233451843262e-02 1.454988680779933929e-02 9.385056048631668091e-02 4.394690971821546555e-03 2.979613468050956726e-02 5.796764511615037918e-03 3.862124867737293243e-03 6.459963042289018631e-03 8.746177703142166138e-02 2.098399586975574493e-02 5.129031091928482056e-02 4.189055040478706360e-02 6.993769854307174683e-02 4.976017773151397705e-02 4.628895223140716553e-02 1.568994298577308655e-02 3.353727608919143677e-02 3.870631754398345947e-02 9.354700893163681030e-02 2.368436008691787720e-02 1.070453003048896790e-01 3.063718229532241821e-02 2.510105259716510773e-02 4.249121621251106262e-02 3.210516273975372314e-02 4.734038561582565308e-02 2.188189700245857239e-02 5.936060845851898193e-02 2.252437733113765717e-02 1.194066554307937622e-01 2.252609655261039734e-02 4.361176863312721252e-02 3.687877953052520752e-02 1.811364293098449707e-02 3.926669061183929443e-02 1.816082373261451721e-02 1.244957596063613892e-01 7.002966105937957764e-02 1.474714186042547226e-02 4.383588209748268127e-02 2.382844872772693634e-02 3.976860642433166504e-02 8.166234195232391357e-02 1.837655529379844666e-02 5.875578150153160095e-02 5.846315622329711914e-02 2.975456975400447845e-02 1.427939068526029587e-02 5.557395890355110168e-02 1.195055712014436722e-02 2.184568718075752258e-02 3.403453156352043152e-02 3.768555819988250732e-02 8.966641500592231750e-03 6.027783825993537903e-02 2.928714640438556671e-02 6.654694676399230957e-02 2.820321172475814819e-02 9.563689120113849640e-03 1.045010089874267578e-01 6.377799808979034424e-02 3.200443089008331299e-02 2.720540016889572144e-02 3.379502147436141968e-02 1.169578060507774353e-01 6.144399940967559814e-02 7.414217293262481689e-02 2.989011816680431366e-03 2.629076689481735229e-02 3.366310149431228638e-03 1.364262308925390244e-02 8.369666524231433868e-03 1.201235502958297729e-02 4.184231627732515335e-03 4.321111366152763367e-02 5.700345337390899658e-02 4.244246333837509155e-02 2.861631289124488831e-02 9.147199802100658417e-03 2.139871381223201752e-02 3.671764954924583435e-02 2.461136318743228912e-04 8.245467208325862885e-03 4.585637245327234268e-03 1.424922375008463860e-04 3.647878021001815796e-02 6.567275151610374451e-03 1.796937733888626099e-02 2.891094237565994263e-02
1.645014807581901550e-02 4.945521429181098938e-02 2.938301302492618561e-02 1.234851032495498657e-02 2.488175779581069946e-02 6.634335219860076904e-02 8.649494498968124390e-03 4.994612932205200195e-02 1.715592481195926666e-02 1.895660534501075745e-02 2.162519842386245728e-02 2.303750487044453621e-03 1.476631034165620804e-02 1.733160763978958130e-01 1.699565164744853973e-02 3.459786996245384216e-02 2.573720412328839302e-03 3.625490143895149231e-02 6.416966766119003296e-02 6.045284867286682129e-02 3.156173229217529297e-02 2.497324533760547638e-02 8.071979507803916931e-03 2.269624173641204834e-02 2.038927003741264343e-02 4.728279635310173035e-02 1.198331639170646667e-02 6.060532107949256897e-02 2.197577618062496185e-02 1.422013435512781143e-02 2.657344192266464233e-02 5.011328309774398804e-02 5.858009681105613708e-02 6.010430678725242615e-02 5.959338694810867310e-02 4.151000455021858215e-02 4.082280024886131287e-02 4.643216088879853487e-04 4.512525163590908051e-03 4.248024895787239075e-02 1.477823872119188309e-02 6.861030310392379761e-02 7.536105066537857056e-02 1.460185274481773376e-02 1.128934100270271301e-01 6.373033672571182251e-02 1.799642853438854218e-02 5.534777045249938965e-02 3.850430250167846680e-02 1.071371138095855713e-01 8.299249410629272461e-02 6.651981920003890991e-02 6.522954441606998444e-03 3.324552997946739197e-02 3.752648457884788513e-02 9.490369260311126709e-02 7.206281274557113647e-02 1.949591636657714844e-01 3.214474022388458252e-02 1.359794102609157562e-02 5.507070571184158325e-02 8.684639818966388702e-03 2.208793349564075470e-02 1.671105436980724335e-02 2.102146297693252563e-02 1.207455154508352280e-02 3.452880680561065674e-02 1.212705112993717194e-02 2.740639448165893555e-02 5.606906488537788391e-03 2.151438780128955841e-02 2.677557431161403656e-02 4.141236469149589539e-02 8.890313655138015747e-02 3.750322386622428894e-02 2.659166231751441956e-02 6.686675548553466797e-02 4.882214590907096863e-02 2.611448615789413452e-02 3.242315351963043213e-02 2.083470299839973450e-02 5.532537586987018585e-03 8.232504874467849731e-02 1.868225075304508209e-02 3.954780474305152893e-02 5.445266515016555786e-02 1.995526254177093506e-02 1.103655993938446045e-02 1.379895582795143127e-02 4.749267920851707458e-02 5.524373427033424377e-02 1.340443361550569534e-02 5.416888371109962463e-02 1.197714265435934067e-02 9.682144038379192352e-03 6.234846543520689011e-03 3.034797869622707367e-02 3.351332852616906166e-04 5.874379724264144897e-02 4.335287585854530334e-02 5.184947326779365540e-02 5.235886201262474060e-02 2.869064174592494965e-02 3.754435339942574501e-03 5.254119634628295898e-02 1.038676034659147263e-02 4.503796622157096863e-02 7.813355326652526855e-02 3.602751344442367554e-02 3.373790159821510315e-02 2.166231721639633179e-02 3.553302213549613953e-02 3.964308183640241623e-03 5.824159085750579834e-02 3.951450437307357788e-02 8.412488549947738647e-02
6.395082920789718628e-02 1.021079644560813904e-01 4.669487848877906799e-02 1.171133667230606079e-02 6.494873017072677612e-02 8.516010828316211700e-03 1.768531836569309235e-02 5.980809777975082397e-02 9.324970841407775879e-02 1.736521534621715546e-02 1.913204342126846313e-01 1.476631034165620804e-02 2.266417490318417549e-03 5.841875448822975159e-02 1.179098263382911682e-01 3.388980403542518616e-02 4.588854312896728516e-02 2.668833918869495392e-02 1.015341188758611679e-02 3.191741928458213806e-02 3.166962414979934692e-02 5.996334180235862732e-02 3.861233126372098923e-03 4.867926239967346191e-02 1.250154618173837662e-02 2.344453707337379456e-02 5.955632403492927551e-02 9.828656911849975586e-02 3.163282060995697975e-03 4.056309536099433899e-02 3.875793516635894775e-02 2.061860077083110809e-02 5.651218816637992859e-02 3.843345912173390388e-03 3.908750042319297791e-02 3.957402706146240234e-02 7.127489894628524780e-03 2.394761331379413605e-02 3.067174740135669708e-02 2.603719942271709442e-02 1.318042166531085968e-02 5.656533315777778625e-02 3.226985223591327667e-03 2.767514251172542572e-02 2.852338179945945740e-02 6.772223114967346191e-02 1.310712844133377075e-01 4.855913296341896057e-02 2.981091663241386414e-02 1.053635682910680771e-02 5.289341136813163757e-02 7.987645268440246582e-02 3.754607215523719788e-02 3.589769592508673668e-03 5.288430675864219666e-02 2.124080806970596313e-02 4.114581737667322159e-03 4.551148414611816406e-02 5.489501729607582092e-02 7.878862321376800537e-02 4.331182315945625305e-02 5.167257785797119141e-02 6.588709354400634766e-02 2.253292314708232880e-02 3.066663071513175964e-02 8.408182859420776367e-02 9.309737943112850189e-03 4.761476814746856689e-02 8.899522572755813599e-02 3.187063336372375488e-02 3.220198675990104675e-02 5.913953110575675964e-02 2.094224840402603149e-02 4.492796491831541061e-03 6.047202646732330322e-02 1.316398568451404572e-02 9.530940651893615723e-02 3.919071704149246216e-02 5.695281922817230225e-02 2.671984024345874786e-02 1.305113732814788818e-02 6.752233207225799561e-02 5.165245011448860168e-02 6.396402418613433838e-02 1.192315760999917984e-02 2.368391305208206177e-02 5.838962644338607788e-02 3.326316922903060913e-02 6.538559496402740479e-02 6.717581301927566528e-02 9.935931861400604248e-02 2.290121652185916901e-02 1.096660941839218140e-01 2.917552925646305084e-02 2.348239347338676453e-02 1.477639842778444290e-02 4.118061065673828125e-02 4.273370280861854553e-02 1.780098862946033478e-02 3.234641999006271362e-02 3.412512689828872681e-02 4.595395550131797791e-02 7.833397015929222107e-03 4.863049834966659546e-02 6.306274980306625366e-02 4.950924962759017944e-02 2.108665555715560913e-02 6.919836997985839844e-02 3.477019071578979492e-02 4.317876696586608887e-02 4.160399083048105240e-03 5.518369376659393311e-02 2.458208426833152771e-02 3.806755691766738892e-02 3.106636740267276764e-02 1.116535346955060959e-02
