8.378638327121734619e-02 1.104565337300300598e-01 4.767336696386337280e-02 2.150725573301315308e-02 7.825818844139575958e-03 9.839564561843872070e-02 3.968410193920135498e-02 4.696666449308395386e-02 1.559444889426231384e-02 6.100155785679817200e-02 6.676299870014190674e-02 5.622563138604164124e-02 7.052112370729446411e-02 4.927484318614006042e-02 4.596205428242683411e-02 8.045441657304763794e-02 7.051786780357360840e-02 4.208600614219903946e-03 3.585657104849815369e-02 1.474102865904569626e-02 2.934153564274311066e-02 8.532368578016757965e-03 6.312727346085011959e-04 3.748923167586326599e-02 2.419113880023360252e-03 2.221596240997314453e-02 3.523951629176735878e-03 9.947764128446578979e-02 2.559467591345310211e-02 5.713831633329391479e-02 3.338271006941795349e-02 2.836500294506549835e-02 5.267690122127532959e-02 1.406730711460113525e-02 2.858782827388495207e-04 1.541550643742084503e-02 4.587629437446594238e-02 2.031037211418151855e-02 1.386480405926704407e-02 1.828750013373792171e-03 2.154570771381258965e-03 3.847150504589080811e-02 3.653247375041246414e-03 2.888777665793895721e-02 1.128454972058534622e-02 6.146747246384620667e-02 2.964835613965988159e-02 6.815075129270553589e-02 1.232595928013324738e-02 2.354566752910614014e-02 4.909472167491912842e-02 2.387478575110435486e-02 3.272933885455131531e-02 1.719365268945693970e-02 2.517840452492237091e-02 1.722847856581211090e-02 4.126304760575294495e-02 2.499643340706825256e-02 2.738593891263008118e-02 2.726662345230579376e-02 6.272257864475250244e-02 1.167556829750537872e-02 4.044230282306671143e-02 1.357861887663602829e-02 2.533455565571784973e-02 3.792114183306694031e-02 2.830428769811987877e-03 2.523139305412769318e-02 5.244163796305656433e-02 4.872366786003112793e-02 3.740454092621803284e-02 4.492522776126861572e-02 1.900536753237247467e-02 3.469558060169219971e-02 9.822158142924308777e-03 3.314811736345291138e-02 7.758583873510360718e-02 8.952884003520011902e-03 6.209379434585571289e-02 6.970897316932678223e-02 2.232232689857482910e-02 2.597655542194843292e-02 3.379768133163452148e-02 1.711943186819553375e-03 1.182285603135824203e-02 5.779763683676719666e-02 6.509597878903150558e-03 3.678713366389274597e-02 1.336448639631271362e-02 6.606302689760923386e-03 1.941424608230590820e-02 3.055045381188392639e-02 2.278777956962585449e-02 1.797398738563060760e-02 5.982771143317222595e-02 3.294346109032630920e-02 2.807510644197463989e-02 3.947383165359497070e-02 4.981585312634706497e-03 6.406196951866149902e-02 3.358950605615973473e-03 2.273236587643623352e-02 1.817285665310919285e-03 2.338642068207263947e-02 1.065207761712372303e-03 3.489581868052482605e-02 3.012889251112937927e-02 2.936964109539985657e-02 6.336013320833444595e-03 8.986202068626880646e-03 5.142072588205337524e-02 9.967958554625511169e-03 3.411741554737091064e-02 7.316039875149726868e-03 8.706319145858287811e-03 2.665161341428756714e-02
1.104565337300300598e-01 5.698692053556442261e-02 2.058748528361320496e-02 5.027289036661386490e-03 2.126521803438663483e-02 5.164851993322372437e-02 8.172897249460220337e-02 4.683716595172882080e-02 3.829443827271461487e-02 3.759862482547760010e-02 4.324713721871376038e-02 2.784730866551399231e-03 9.211973845958709717e-02 4.948301613330841064e-02 3.735497593879699707e-02 6.860649585723876953e-02 7.280170917510986328e-02 5.106053873896598816e-02 4.288386926054954529e-02 6.816364824771881104e-03 4.077423736453056335e-02 1.993408222915604711e-04 1.861468702554702759e-02 3.118626959621906281e-02 2.227941062301397324e-03 2.764667384326457977e-02 3.367702290415763855e-02 1.092251613736152649e-01 4.304982721805572510e-02 6.556414067745208740e-02 4.506757482886314392e-02 3.248997405171394348e-02 4.404585342854261398e-03 2.164738252758979797e-02 2.423252351582050323e-02 3.115931898355484009e-02 4.282823577523231506e-02 5.626409780234098434e-03 1.511059515178203583e-02 1.026753801852464676e-02 2.782001718878746033e-02 5.312645435333251953e-02 5.599085241556167603e-02 6.204878445714712143e-03 6.271937489509582520e-02 6.038120947778224945e-03 4.763767868280410767e-02 1.209070347249507904e-02 1.488792430609464645e-02 5.419217515736818314e-03 9.106059372425079346e-02 1.868120953440666199e-02 1.000940683297812939e-03 6.994697265326976776e-03 3.274652361869812012e-02 3.959220275282859802e-02 3.281110897660255432e-02 2.254570461809635162e-02 5.169631913304328918e-04 1.707839034497737885e-02 5.210313247516751289e-04 5.433897022157907486e-03 2.437416464090347290e-02 2.651319652795791626e-02 1.342620328068733215e-02 2.480130270123481750e-02 7.228437345474958420e-03 1.845217682421207428e-02 2.666204981505870819e-02 1.527777407318353653e-02 4.693764075636863708e-02 6.297148764133453369e-03 1.988342776894569397e-02 1.417086273431777954e-02 3.390087187290191650e-02 3.581917285919189453e-02 4.510724544525146484e-02 1.313817314803600311e-02 3.886452317237854004e-02 5.814532563090324402e-02 2.963315322995185852e-02 5.231539532542228699e-02 3.791196644306182861e-02 1.902091503143310547e-02 2.118746563792228699e-02 2.073390968143939972e-02 7.025461643934249878e-03 4.050436615943908691e-02 1.864601299166679382e-02 1.882530935108661652e-02 4.013037681579589844e-02 5.296214297413825989e-02 2.739283256232738495e-02 1.058452390134334564e-02 2.028741128742694855e-02 2.741041965782642365e-02 5.613474920392036438e-02 9.316334873437881470e-02 1.726213470101356506e-02 1.058436930179595947e-01 6.895443890243768692e-03 3.055258095264434814e-02 3.110427595674991608e-02 5.355260521173477173e-02 7.082264870405197144e-03 2.607321739196777344e-02 9.608643013052642345e-04 1.495863543823361397e-03 7.988619618117809296e-03 3.546017035841941833e-02 1.459791604429483414e-02 1.481823436915874481e-02 2.847377769649028778e-02 6.048621144145727158e-04 4.945779591798782349e-02 5.899055302143096924e-02
4.767336696386337280e-02 2.058748528361320496e-02 6.809090822935104370e-02 1.197431907057762146e-01 6.880173832178115845e-02 1.374126318842172623e-02 3.022490069270133972e-02 1.188204139471054077e-01 5.778604000806808472e-02 5.078402534127235413e-02 3.508902713656425476e-02 1.928582228720188141e-02 2.450530976057052612e-02 7.341345772147178650e-04 4.099634289741516113e-02 1.008263789117336273e-02 6.996486335992813110e-02 3.612326830625534058e-02 5.724440142512321472e-02 6.730922311544418335e-02 3.370479121804237366e-02 4.357622563838958740e-02 1.351021789014339447e-02 4.346383363008499146e-02 3.748157992959022522e-02 7.470189034938812256e-02 5.883572623133659363e-02 8.144183084368705750e-03 3.996307030320167542e-02 4.265609011054039001e-02 3.506318479776382446e-02 3.836205601692199707e-02 7.339398376643657684e-03 4.692427814006805420e-02 1.296682935208082199e-02 7.690723985433578491e-02 8.508391678333282471e-02 1.235982403159141541e-02 4.833535104990005493e-02 4.209249094128608704e-02 8.561556041240692139e-02 4.532036557793617249e-02 6.851956248283386230e-02 1.258107423782348633e-01 5.244419351220130920e-02 3.957234323024749756e-02 6.887703388929367065e-02 6.799137592315673828e-02 4.312413558363914490e-02 1.971092820167541504e-02 2.382508479058742523e-02 7.193063199520111084e-02 4.912439733743667603e-02 5.066749453544616699e-02 4.118357598781585693e-02 7.371825724840164185e-02 4.277661442756652832e-02 5.535634607076644897e-02 4.874674975872039795e-02 5.077536031603813171e-02 4.424528777599334717e-02 1.092697829008102417e-01 5.284616351127624512e-02 5.965228006243705750e-02 2.611737325787544250e-02 3.430622443556785583e-02 1.273181010037660599e-02 3.104697912931442261e-02 2.642209175974130630e-03 3.842419013381004333e-02 1.384590938687324524e-02 3.874680027365684509e-02 1.416609287261962891e-01 3.539690002799034119e-02 2.941006049513816833e-02 4.017243906855583191e-02 1.770439930260181427e-02 7.568860054016113281e-02 1.861556060612201691e-02 3.667006641626358032e-02 1.288980394601821899e-01 1.013780161738395691e-01 9.260129183530807495e-02 4.602083936333656311e-02 1.874891668558120728e-02 6.362380832433700562e-02 1.061123423278331757e-02 9.383064694702625275e-03 1.485609728842973709e-02 5.210490152239799500e-02 2.865498140454292297e-02 3.023198060691356659e-02 4.615548253059387207e-02 1.652315258979797363e-02 3.819857910275459290e-02 5.745026469230651855e-02 1.933866366744041443e-02 4.783035069704055786e-02 1.550312247127294540e-02 9.943151846528053284e-03 2.610724419355392456e-02 3.182037919759750366e-02 2.920975163578987122e-02 1.058092899620532990e-02 3.954153507947921753e-02 5.432204157114028931e-02 5.920746177434921265e-02 6.163203157484531403e-03 1.226113829761743546e-02 4.760542884469032288e-02 8.636313676834106445e-02 8.871573209762573242e-02 5.251929629594087601e-03 1.921922340989112854e-02 6.672841310501098633e-02 6.403326988220214844e-02
2.150725573301315308e-02 5.027289036661386490e-03 1.197431907057762146e-01 8.378151059150695801e-02 5.812466517090797424e-02 5.322737246751785278e-02 5.831595510244369507e-03 3.965565934777259827e-02 9.612372517585754395e-02 5.680664256215095520e-02 1.391515485011041164e-03 5.587866995483636856e-03 3.327091410756111145e-02 4.357416927814483643e-02 5.438942089676856995e-02 4.056025296449661255e-02 5.267836153507232666e-02 1.723451726138591766e-02 3.694067522883415222e-02 1.574496366083621979e-02 8.287833631038665771e-02 5.035497620701789856e-02 1.872112043201923370e-02 4.644733294844627380e-02 1.829358004033565521e-02 3.235991299152374268e-02 7.347954064607620239e-02 2.043502405285835266e-02 1.456031808629631996e-03 1.276686787605285645e-02 2.028454840183258057e-02 4.056460410356521606e-02 4.703186452388763428e-02 8.443309366703033447e-02 6.189716234803199768e-02 8.661582320928573608e-02 7.243696600198745728e-03 4.937127605080604553e-02 1.092503592371940613e-02 4.561911337077617645e-03 7.041552569717168808e-03 3.025672398507595062e-02 1.420401036739349365e-01 7.911351323127746582e-02 3.817971097305417061e-03 2.844998799264431000e-02 3.139616921544075012e-02 1.482345536351203918e-02 1.351787298917770386e-01 5.009083542972803116e-03 2.337287878617644310e-03 5.176415294408798218e-02 7.940022274851799011e-03 2.755955606698989868e-02 1.126812621951103210e-01 4.796729981899261475e-02 1.083619892597198486e-03 8.128752559423446655e-02 9.828621521592140198e-03 1.195786800235509872e-02 9.269412606954574585e-03 3.366358205676078796e-02 4.908908531069755554e-02 1.937320083379745483e-02 1.419756561517715454e-02 7.881117053329944611e-03 5.460207164287567139e-02 4.344796389341354370e-02 4.557900130748748779e-02 6.257566157728433609e-03 1.225648564286530018e-03 9.030778706073760986e-02 1.832474470138549805e-01 4.343590885400772095e-02 8.483054488897323608e-02 5.188949778676033020e-02 5.019035190343856812e-02 4.058083519339561462e-02 2.938410267233848572e-02 1.500715687870979309e-02 3.571023046970367432e-02 6.963503547012805939e-03 2.133723162114620209e-02 5.212758854031562805e-02 4.901171475648880005e-02 3.071222640573978424e-02 2.366365306079387665e-02 2.425570972263813019e-02 8.176506496965885162e-03 3.219725191593170166e-02 7.066468824632465839e-04 1.434079278260469437e-02 3.370149061083793640e-04 1.227646507322788239e-02 1.876358129084110260e-02 6.616007070988416672e-03 1.601204462349414825e-02 7.194688171148300171e-02 2.356774918735027313e-02 2.958634681999683380e-02 5.842403322458267212e-02 3.971592709422111511e-02 1.321837119758129120e-02 2.498295903205871582e-02 4.889575764536857605e-03 3.493463620543479919e-02 3.827083110809326172e-02 2.216583676636219025e-02 2.122059650719165802e-02 3.125886665657162666e-03 4.529092460870742798e-02 3.554084151983261108e-02 9.988899342715740204e-03 6.165457144379615784e-02 7.927129045128822327e-03 1.349580567330121994e-02
7.825818844139575958e-03 2.126521803438663483e-02 6.880173832178115845e-02 5.812466517090797424e-02 9.459367394447326660e-02 4.781821742653846741e-02 3.892721841111779213e-03 6.106114387512207031e-02 7.509481161832809448e-02 1.096806116402149200e-02 3.532336652278900146e-02 7.736574113368988037e-02 5.001273006200790405e-02 6.203842163085937500e-02 2.649685181677341461e-02 2.785631269216537476e-02 5.377004295587539673e-02 8.489515632390975952e-02 3.823920339345932007e-02 4.682852327823638916e-02 3.270794451236724854e-02 1.209623645991086960e-02 7.712983340024948120e-02 6.702157855033874512e-02 2.409517019987106323e-02 7.329709082841873169e-02 1.838185638189315796e-02 5.613276362419128418e-02 6.504166871309280396e-02 5.462880432605743408e-02 1.153634209185838699e-02 2.326533570885658264e-02 2.836719341576099396e-02 2.422922849655151367e-02 4.042947664856910706e-02 1.117069944739341736e-01 7.088150829076766968e-03 3.254150226712226868e-02 6.738971173763275146e-02 6.184510514140129089e-02 3.266800567507743835e-02 3.718574345111846924e-02 1.086394488811492920e-01 4.828577116131782532e-02 2.315251342952251434e-02 1.975611597299575806e-02 6.850900501012802124e-02 2.674600295722484589e-02 4.903563857078552246e-02 1.201182696968317032e-02 8.944834768772125244e-02 1.621845737099647522e-02 5.263790488243103027e-02 5.199462175369262695e-02 6.401282548904418945e-02 5.261041596531867981e-02 1.036183163523674011e-01 4.611988365650177002e-02 3.997606039047241211e-02 6.407655775547027588e-03 3.016725555062294006e-02 6.231575459241867065e-02 2.418315224349498749e-02 9.817092120647430420e-02 6.386832892894744873e-02 2.781607583165168762e-02 4.224802553653717041e-02 3.299958631396293640e-02 1.755907200276851654e-02 3.502034395933151245e-02 4.465319961309432983e-02 1.434631925076246262e-02 4.557659849524497986e-02 4.264340177178382874e-02 5.091972649097442627e-02 6.544679868966341019e-03 4.842143878340721130e-02 1.854335516691207886e-02 6.324218958616256714e-02 3.341479692608118057e-03 1.619777083396911621e-02 8.843268267810344696e-03 8.167324960231781006e-02 2.147913537919521332e-02 5.912473052740097046e-02 1.429741457104682922e-02 6.713933777064085007e-03 6.505007855594158173e-03 1.783640123903751373e-02 2.192373201251029968e-02 2.213846519589424133e-02 4.766815900802612305e-02 1.833654381334781647e-02 2.627765573561191559e-02 5.398541223257780075e-03 4.835535585880279541e-02 2.947233431041240692e-02 1.058808714151382446e-02 2.712634764611721039e-02 1.484552305191755295e-02 2.525596879422664642e-02 1.785260066390037537e-02 8.143117651343345642e-03 2.961458079516887665e-02 1.608402840793132782e-02 2.358711510896682739e-02 1.290216669440269470e-02 2.840310893952846527e-02 5.544162541627883911e-02 3.406834602355957031e-02 6.593805551528930664e-02 2.255168184638023376e-02 4.050875455141067505e-02 4.793819785118103027e-02 3.924122825264930725e-02 9.188622981309890747e-02
9.839564561843872070e-02 5.164851993322372437e-02 1.374126318842172623e-02 5.322737246751785278e-02 4.781821742653846741e-02 6.238688528537750244e-02 1.932206898927688599e-01 3.323048725724220276e-02 4.777453839778900146e-02 8.388649672269821167e-03 1.040949150919914246e-01 1.585538685321807861e-02 5.511674284934997559e-02 5.812964588403701782e-02 3.767769783735275269e-02 3.261354519054293633e-03 6.259272340685129166e-03 4.029109701514244080e-02 3.359756618738174438e-02 9.472614037804305553e-04 1.283544395118951797e-02 4.272841289639472961e-02 5.035644769668579102e-02 2.771584130823612213e-02 8.762549608945846558e-03 2.298620296642184258e-03 5.187367647886276245e-02 5.207912623882293701e-02 4.335490986704826355e-02 3.307554405182600021e-03 1.809212751686573029e-02 1.428716909140348434e-02 1.904837973415851593e-02 3.651011735200881958e-02 6.482227146625518799e-02 8.441298268735408783e-03 6.093418598175048828e-02 5.004388466477394104e-02 7.558946311473846436e-02 1.770152710378170013e-02 1.451359968632459641e-02 5.098267272114753723e-02 5.461125448346138000e-02 9.616089612245559692e-02 8.995900861918926239e-03 4.402032494544982910e-02 1.225202307105064392e-01 7.674991339445114136e-02 8.586010895669460297e-03 3.275255113840103149e-02 4.942266736179590225e-03 8.818675577640533447e-02 2.078758738934993744e-02 2.347734384238719940e-02 4.867771640419960022e-02 6.661237776279449463e-02 5.761683732271194458e-02 6.892258673906326294e-02 4.716474562883377075e-03 2.896596491336822510e-02 1.318401843309402466e-01 4.971516877412796021e-02 1.067373622208833694e-02 1.086394116282463074e-02 3.456684574484825134e-02 2.695307321846485138e-02 2.031779289245605469e-02 1.971497945487499237e-02 2.108960226178169250e-02 2.797478996217250824e-02 1.932975021190941334e-03 3.608857840299606323e-02 3.342614695429801941e-02 8.801553398370742798e-02 5.387153103947639465e-02 3.976999595761299133e-02 1.944804005324840546e-02 6.300472188740968704e-03 1.366205792874097824e-02 2.493074350059032440e-02 6.267364323139190674e-02 3.985627740621566772e-02 5.745345726609230042e-02 3.108020406216382980e-03 4.263982176780700684e-02 8.357015252113342285e-02 2.537121996283531189e-02 2.355840429663658142e-02 1.490406505763530731e-02 3.168092668056488037e-02 7.281725853681564331e-02 8.412932604551315308e-02 6.669048219919204712e-02 5.531037598848342896e-02 3.262639418244361877e-02 4.118023812770843506e-02 4.437730833888053894e-02 1.100189425051212311e-02 2.480393834412097931e-02 2.880552969872951508e-02 7.558462768793106079e-02 3.477798774838447571e-02 4.802896454930305481e-02 7.229370065033435822e-03 6.017425563186407089e-03 7.035545259714126587e-02 1.582447998225688934e-02 1.210145503282546997e-01 3.938828408718109131e-02 3.814456984400749207e-02 7.027892023324966431e-02 2.128321863710880280e-02 7.525116950273513794e-02 2.460931427776813507e-02 9.836053848266601562e-02 8.105587214231491089e-02
3.968410193920135498e-02 8.172897249460220337e-02 3.022490069270133972e-02 5.831595510244369507e-03 3.892721841111779213e-03 1.932206898927688599e-01 8.436294645071029663e-02 2.837263047695159912e-02 3.611152246594429016e-02 9.562138468027114868e-03 5.402004718780517578e-02 8.355332911014556885e-02 5.198749899864196777e-02 1.629034057259559631e-02 6.559678912162780762e-02 4.899058490991592407e-02 3.003776259720325470e-02 3.587191179394721985e-02 2.661714889109134674e-02 1.897773146629333496e-02 6.841050926595926285e-03 6.266670674085617065e-02 3.660215809941291809e-02 1.193774398416280746e-02 2.252101112389937043e-04 7.113008946180343628e-02 1.239342428743839264e-02 6.563055515289306641e-02 3.900422155857086182e-02 4.351596906781196594e-02 5.804539099335670471e-02 1.431595650501549244e-03 7.195577956736087799e-03 4.584103450179100037e-02 3.110383637249469757e-03 1.610754802823066711e-02 1.549991220235824585e-02 7.306429743766784668e-02 3.118420578539371490e-02 5.087908729910850525e-02 3.152317553758621216e-02 3.470033034682273865e-02 2.979799546301364899e-02 3.680603951215744019e-02 8.332950621843338013e-02 1.689333730610087514e-04 2.014719992876052856e-01 1.148532107472419739e-01 4.623999446630477905e-02 2.075877506285905838e-03 2.494481764733791351e-02 1.012974753975868225e-01 4.176777321845293045e-03 4.079163819551467896e-02 4.176456853747367859e-02 6.019169464707374573e-02 3.056387789547443390e-02 5.586160812526941299e-03 7.159932702779769897e-02 2.255879156291484833e-02 9.267477318644523621e-03 3.665931522846221924e-02 3.217335045337677002e-02 4.894194751977920532e-02 2.595856226980686188e-02 5.124288424849510193e-02 7.754103094339370728e-02 4.453522711992263794e-02 2.863541431725025177e-02 1.219623088836669922e-01 4.577800631523132324e-02 3.585661575198173523e-02 4.698179662227630615e-03 1.540847420692443848e-01 3.724853694438934326e-02 5.326107889413833618e-02 5.308224633336067200e-02 9.041582816280424595e-04 6.406088825315237045e-03 2.731337212026119232e-02 5.405263230204582214e-02 2.602107822895050049e-02 6.525824218988418579e-02 3.832003846764564514e-02 7.339180260896682739e-02 3.555173054337501526e-02 4.736738279461860657e-02 2.546082250773906708e-02 4.236695542931556702e-02 3.984334692358970642e-02 2.806908451020717621e-02 3.369027376174926758e-02 6.570518948137760162e-03 7.029478996992111206e-02 5.770945921540260315e-02 8.294055238366127014e-03 1.370441317558288574e-01 5.086627602577209473e-02 8.615001291036605835e-02 1.421892782673239708e-03 4.267344996333122253e-02 8.497788570821285248e-03 8.928484283387660980e-03 7.269041612744331360e-03 3.962134197354316711e-02 5.389880388975143433e-02 3.303784132003784180e-02 8.591207116842269897e-02 9.078389964997768402e-03 7.699434459209442139e-02 9.034337848424911499e-02 1.871393620967864990e-02 5.393608286976814270e-02 5.713425204157829285e-02 3.953308612108230591e-02 3.310640528798103333e-02
4.696666449308395386e-02 4.683716595172882080e-02 1.188204139471054077e-01 3.965565934777259827e-02 6.106114387512207031e-02 3.323048725724220276e-02 2.837263047695159912e-02 8.696132898330688477e-02 4.154570028185844421e-02 8.505897596478462219e-03 5.301371589303016663e-02 1.618981547653675079e-02 3.059767372906208038e-02 3.287990391254425049e-02 7.519640028476715088e-02 3.939324989914894104e-03 2.096159569919109344e-02 2.258434705436229706e-02 3.356624022126197815e-02 3.880661725997924805e-02 4.033277928829193115e-02 6.910742819309234619e-02 6.575726717710494995e-02 7.990648038685321808e-03 7.705203723162412643e-03 3.681468963623046875e-02 2.508737379685044289e-03 1.748775132000446320e-02 4.693756252527236938e-02 4.259074851870536804e-02 1.151443496346473694e-01 9.604729712009429932e-04 1.521911239251494408e-03 1.771871559321880341e-02 3.793439129367470741e-03 7.623573392629623413e-02 7.482751458883285522e-02 2.989310771226882935e-02 3.345700353384017944e-02 1.607271842658519745e-02 1.627563498914241791e-02 3.733525052666664124e-02 3.469624789431691170e-03 2.504666894674301147e-02 2.744975313544273376e-02 8.741658926010131836e-02 3.061953373253345490e-02 1.341872103512287140e-02 5.815178155899047852e-02 2.643752098083496094e-02 5.725199729204177856e-02 2.876754850149154663e-02 1.804478093981742859e-02 1.241371780633926392e-02 2.966264449059963226e-02 1.116342991590499878e-01 6.151957809925079346e-02 2.778081782162189484e-02 8.258727192878723145e-02 1.545908022671937943e-02 1.614514552056789398e-02 6.630022823810577393e-02 3.501693531870841980e-02 2.721569873392581940e-02 4.799640923738479614e-02 3.661452978849411011e-02 2.515407651662826538e-02 4.074964299798011780e-02 1.171846780925989151e-02 2.070595882833003998e-02 3.485803026705980301e-03 7.939944416284561157e-02 1.860610023140907288e-02 5.655654519796371460e-02 5.624123662710189819e-02 8.152746409177780151e-02 1.216288134455680847e-01 1.212044339627027512e-02 9.910789877176284790e-02 2.687973715364933014e-02 1.612100899219512939e-01 1.448815912008285522e-01 1.414645579643547535e-03 3.884125128388404846e-02 1.458701677620410919e-02 9.486629627645015717e-03 6.540743261575698853e-02 3.591947257518768311e-02 7.068648189306259155e-02 3.487840294837951660e-02 3.065768396481871605e-03 5.707212537527084351e-02 1.028985083103179932e-01 3.907049447298049927e-02 3.140962123870849609e-02 4.581663291901350021e-03 5.671020224690437317e-02 2.744867466390132904e-03 1.552082132548093796e-02 1.031574159860610962e-01 4.619355127215385437e-02 4.252224694937467575e-03 1.961648277938365936e-02 1.103590428829193115e-02 1.542196795344352722e-02 2.323498576879501343e-02 2.586407028138637543e-02 1.721197040751576424e-03 2.425635606050491333e-02 1.050913855433464050e-01 5.104348435997962952e-02 1.379858423024415970e-02 8.314601145684719086e-03 8.448701701126992702e-04 6.752585619688034058e-02 2.949375845491886139e-02
1.559444889426231384e-02 3.829443827271461487e-02 5.778604000806808472e-02 9.612372517585754395e-02 7.509481161832809448e-02 4.777453839778900146e-02 3.611152246594429016e-02 4.154570028185844421e-02 8.549870550632476807e-02 2.452163770794868469e-02 6.106850504875183105e-02 1.884976625442504883e-01 2.718082629144191742e-02 1.181272417306900024e-01 3.549616411328315735e-02 1.051810197532176971e-02 2.046235464513301849e-02 4.573612287640571594e-02 2.699734643101692200e-02 1.798091270029544830e-02 4.300813376903533936e-02 1.633984036743640900e-02 6.880273669958114624e-02 6.906789541244506836e-02 4.641203582286834717e-02 1.878347806632518768e-02 3.643693774938583374e-02 1.223578490316867828e-02 3.279327647760510445e-03 7.521021366119384766e-02 4.724627360701560974e-02 3.044968470931053162e-02 5.995942652225494385e-02 3.998998925089836121e-02 6.536397337913513184e-02 9.423851966857910156e-02 4.342824220657348633e-02 2.541102282702922821e-02 5.214104801416397095e-02 2.089772559702396393e-02 7.162202894687652588e-02 5.499834939837455750e-02 6.756643205881118774e-02 3.335722163319587708e-02 7.253100723028182983e-02 5.774605646729469299e-02 8.070398122072219849e-02 2.912273816764354706e-02 8.799820393323898315e-02 5.421582236886024475e-02 5.129647254943847656e-02 6.149944290518760681e-02 1.254779403097927570e-03 7.235102821141481400e-03 1.032360047101974487e-01 4.091719910502433777e-02 1.297373231500387192e-02 1.659685047343373299e-03 7.889023981988430023e-03 3.844995051622390747e-02 7.476820051670074463e-02 7.317392528057098389e-02 1.847983710467815399e-02 4.316542297601699829e-02 3.559878095984458923e-02 4.976314958184957504e-03 3.303222730755805969e-02 5.021467804908752441e-03 1.285057701170444489e-02 3.853999078273773193e-02 4.342324566096067429e-03 7.886354625225067139e-02 6.087917136028409004e-04 5.566048249602317810e-02 4.961777850985527039e-02 4.768766462802886963e-02 9.640378504991531372e-02 2.019394002854824066e-02 2.918449230492115021e-02 2.338922955095767975e-02 7.270822674036026001e-02 4.951385781168937683e-02 2.135229855775833130e-02 3.819251433014869690e-02 9.354269504547119141e-02 3.968194872140884399e-02 1.773415692150592804e-02 2.398246433585882187e-03 1.684868591837584972e-03 8.180531673133373260e-03 5.268231034278869629e-02 1.288013532757759094e-03 3.612430766224861145e-02 3.471629321575164795e-02 1.803915761411190033e-02 3.699293592944741249e-03 7.113610208034515381e-02 1.237537479028105736e-03 4.683700576424598694e-02 4.363780468702316284e-02 2.371737034991383553e-03 4.714926704764366150e-02 2.996165538206696510e-03 3.254299517720937729e-03 4.082937166094779968e-02 7.439097017049789429e-02 8.898976258933544159e-03 6.867111194878816605e-03 1.772134751081466675e-02 3.904169052839279175e-02 4.929953068494796753e-02 4.604307562112808228e-02 7.461211085319519043e-02 4.161310568451881409e-02 3.198441490530967712e-02 8.598230779170989990e-03
6.100155785679817200e-02 3.759862482547760010e-02 5.078402534127235413e-02 5.680664256215095520e-02 1.096806116402149200e-02 8.388649672269821167e-03 9.562138468027114868e-03 8.505897596478462219e-03 2.452163770794868469e-02 9.726969897747039795e-02 3.514509275555610657e-02 7.667548209428787231e-02 1.224410906434059143e-02 7.111666351556777954e-02 6.950257718563079834e-02 4.663782566785812378e-02 4.613237828016281128e-02 1.644113659858703613e-02 7.828879356384277344e-02 5.589801445603370667e-02 4.622524231672286987e-02 4.113584756851196289e-02 4.507083445787429810e-02 9.273755550384521484e-02 3.028347529470920563e-02 3.743957728147506714e-03 1.514839939773082733e-02 9.731379896402359009e-02 4.941372200846672058e-02 6.007447093725204468e-02 1.978233642876148224e-02 2.818795852363109589e-02 5.486277863383293152e-02 1.620909571647644043e-02 1.182100176811218262e-02 1.650099083781242371e-02 5.718906968832015991e-02 3.143564984202384949e-02 3.754519671201705933e-02 4.555508494377136230e-02 5.934791266918182373e-02 1.355633232742547989e-02 4.135091975331306458e-02 7.994348555803298950e-02 7.120584696531295776e-02 7.810516655445098877e-02 2.668515034019947052e-02 2.207209542393684387e-02 5.231918022036552429e-02 6.682126224040985107e-02 2.378854696871712804e-05 3.814614564180374146e-02 3.021753579378128052e-02 3.930511325597763062e-02 1.411272026598453522e-02 7.443005591630935669e-02 7.257969677448272705e-02 4.113474860787391663e-03 1.030750758945941925e-02 2.004992030560970306e-02 6.779481470584869385e-02 3.684272617101669312e-02 3.865026310086250305e-02 4.964942112565040588e-02 5.861969664692878723e-03 3.658608719706535339e-02 3.479247447103261948e-03 4.671168327331542969e-02 2.604300342500209808e-02 2.429820969700813293e-02 7.119508832693099976e-02 2.816020697355270386e-02 3.521396545693278313e-03 3.031489066779613495e-02 9.837932884693145752e-03 1.068926136940717697e-02 6.354407966136932373e-02 1.282571852207183838e-01 7.911811023950576782e-02 1.272586137056350708e-01 1.204023696482181549e-02 2.915752492845058441e-02 4.021045193076133728e-02 1.102096810936927795e-01 5.168569087982177734e-02 3.910856321454048157e-02 2.029382251203060150e-02 5.867829546332359314e-02 6.909634172916412354e-02 3.240589285269379616e-03 3.313492285087704659e-03 6.898374855518341064e-02 4.566225036978721619e-02 3.871425241231918335e-02 5.765859410166740417e-02 3.069706633687019348e-02 1.323653385043144226e-02 1.063805539160966873e-02 9.536747634410858154e-02 8.980200439691543579e-02 4.977430030703544617e-02 8.603540807962417603e-02 5.181296914815902710e-02 4.620296508073806763e-02 6.640530657023191452e-03 9.086886420845985413e-03 9.332486242055892944e-02 2.067271992564201355e-02 9.359252452850341797e-02 6.374865025281906128e-02 8.154493570327758789e-02 3.126138821244239807e-02 1.126129645854234695e-03 5.438094027340412140e-03 6.015675142407417297e-02 2.522405050694942474e-02
6.676299870014190674e-02 4.324713721871376038e-02 3.508902713656425476e-02 1.391515485011041164e-03 3.532336652278900146e-02 1.040949150919914246e-01 5.402004718780517578e-02 5.301371589303016663e-02 6.106850504875183105e-02 3.514509275555610657e-02 7.348772883415222168e-02 2.871963940560817719e-02 6.136786937713623047e-02 4.210518300533294678e-02 1.817152649164199829e-02 6.601858139038085938e-02 5.940042063593864441e-02 1.776252128183841705e-02 2.120253816246986389e-02 3.449568152427673340e-02 3.346717730164527893e-02 3.089077211916446686e-02 3.369814902544021606e-02 1.150805130600929260e-02 3.744865208864212036e-02 5.344859790056943893e-03 2.025194838643074036e-02 3.933190554380416870e-02 2.052155137062072754e-02 1.109006907790899277e-02 2.781874500215053558e-02 4.671202227473258972e-02 2.342427521944046021e-02 3.119111619889736176e-02 1.460783299989998341e-03 2.921404689550399780e-02 2.329126745462417603e-02 2.233267202973365784e-02 1.980399712920188904e-03 3.064183145761489868e-02 4.436040180735290051e-04 3.148942068219184875e-02 3.956214990466833115e-03 1.889469847083091736e-02 1.952080056071281433e-02 1.950805447995662689e-02 3.954063355922698975e-02 3.866312652826309204e-02 9.759124368429183960e-03 7.545459084212779999e-03 2.475796209182590246e-04 4.225059598684310913e-02 5.012228153645992279e-03 8.647456765174865723e-03 2.369059436023235321e-02 1.847212761640548706e-02 1.141230855137109756e-02 3.740436956286430359e-02 3.371889516711235046e-02 6.596809718757867813e-03 8.412038534879684448e-02 2.434411644935607910e-02 3.832063078880310059e-02 9.751666337251663208e-03 4.854139685630798340e-02 4.463582485914230347e-02 3.472728282213211060e-02 2.919215708971023560e-02 4.794985055923461914e-02 5.118783563375473022e-03 5.997942760586738586e-02 2.520378679037094116e-02 2.066281810402870178e-02 4.025326296687126160e-02 2.542284876108169556e-02 1.419507339596748352e-02 8.756595104932785034e-02 1.970017328858375549e-02 2.609121426939964294e-02 6.541255861520767212e-02 5.208095535635948181e-02 3.955167159438133240e-02 5.846606194972991943e-02 6.312848068773746490e-03 8.092915266752243042e-02 1.606469042599201202e-02 1.642281003296375275e-02 4.164429265074431896e-04 1.104336138814687729e-02 2.813046053051948547e-02 2.936729229986667633e-02 2.622866537421941757e-03 3.956499323248863220e-02 1.970354467630386353e-02 1.983990333974361420e-02 1.353042852133512497e-02 1.513824332505464554e-02 4.988843202590942383e-02 6.522724032402038574e-02 7.578348275274038315e-03 2.270569652318954468e-02 9.146731346845626831e-03 1.266717445105314255e-03 1.478118635714054108e-02 4.697037860751152039e-02 2.104209177196025848e-02 2.269642055034637451e-02 5.531642213463783264e-02 4.289708286523818970e-02 2.719999104738235474e-02 3.443330898880958557e-02 3.132925927639007568e-02 4.626632854342460632e-02 1.995986327528953552e-02 3.909616544842720032e-02 1.022365130484104156e-02
5.622563138604164124e-02 2.784730866551399231e-03 1.928582228720188141e-02 5.587866995483636856e-03 7.736574113368988037e-02 1.585538685321807861e-02 8.355332911014556885e-02 1.618981547653675079e-02 1.884976625442504883e-01 7.667548209428787231e-02 2.871963940560817719e-02 1.019417345523834229e-01 2.238066308200359344e-02 1.964480131864547729e-01 2.292968705296516418e-02 7.038884609937667847e-02 5.109479650855064392e-03 3.512659668922424316e-02 1.242539584636688232e-01 8.309586904942989349e-03 5.385695025324821472e-02 4.209507629275321960e-02 1.212335824966430664e-01 8.797207474708557129e-02 4.987582191824913025e-02 1.275303680449724197e-02 3.556043654680252075e-02 3.529707714915275574e-02 2.167120948433876038e-02 8.455067873001098633e-02 2.604174055159091949e-02 2.472870796918869019e-02 8.706105500459671021e-02 4.566354304552078247e-02 9.032791480422019958e-03 6.089167296886444092e-02 5.110029876232147217e-02 4.994506016373634338e-02 3.338894993066787720e-02 6.326197762973606586e-04 8.114727586507797241e-02 7.650826126337051392e-03 6.836023926734924316e-02 5.668086931109428406e-02 3.759746253490447998e-02 1.928382553160190582e-02 6.272436585277318954e-03 6.260100007057189941e-02 2.781625837087631226e-02 1.853050105273723602e-02 5.732754990458488464e-02 3.298887610435485840e-02 1.112764514982700348e-02 5.848620831966400146e-02 2.095498703420162201e-02 4.465496167540550232e-02 9.273026138544082642e-02 4.567550495266914368e-02 1.842575520277023315e-02 8.254703879356384277e-02 1.824139356613159180e-01 3.719059005379676819e-02 9.951140964403748512e-04 3.008499741554260254e-02 5.796066485345363617e-03 3.585428372025489807e-02 5.072292871773242950e-03 2.717001363635063171e-02 8.664176613092422485e-02 2.014116011559963226e-02 2.704695984721183777e-02 7.163579016923904419e-02 2.311486564576625824e-02 7.209787610918283463e-03 6.654262542724609375e-03 8.889883011579513550e-02 7.870627939701080322e-02 1.313893869519233704e-02 3.167068958282470703e-02 2.543643116950988770e-02 5.195661634206771851e-02 4.441884160041809082e-02 7.432004064321517944e-02 5.069763958454132080e-02 7.916767895221710205e-02 9.774841368198394775e-03 4.723212867975234985e-02 1.298600584268569946e-01 3.992454707622528076e-02 5.153654888272285461e-02 1.142677664756774902e-02 3.902943804860115051e-02 4.881852865219116211e-02 3.362786956131458282e-03 4.774160310626029968e-02 3.015816397964954376e-02 2.812481112778186798e-02 5.244774743914604187e-02 1.401592791080474854e-01 5.708022043108940125e-02 3.698015585541725159e-02 3.093391284346580505e-02 8.948165178298950195e-02 5.989981442689895630e-02 3.730174154043197632e-02 2.704715356230735779e-02 5.521001294255256653e-02 6.066860631108283997e-03 4.680423997342586517e-03 8.330655097961425781e-02 1.875429227948188782e-02 5.107340589165687561e-02 9.449549019336700439e-03 1.026886552572250366e-01 8.945464342832565308e-02 2.076859399676322937e-02
7.052112370729446411e-02 9.211973845958709717e-02 2.450530976057052612e-02 3.327091410756111145e-02 5.001273006200790405e-02 5.511674284934997559e-02 5.198749899864196777e-02 3.059767372906208038e-02 2.718082629144191742e-02 1.224410906434059143e-02 6.136786937713623047e-02 2.238066308200359344e-02 8.263429999351501465e-02 2.594909071922302246e-02 3.955091163516044617e-02 3.430285304784774780e-02 4.466906562447547913e-02 8.842400461435317993e-02 3.619161620736122131e-02 3.485413640737533569e-02 3.563441708683967590e-02 4.263861477375030518e-02 2.260735258460044861e-02 4.116156697273254395e-02 1.982418075203895569e-02 6.971252709627151489e-02 3.251421824097633362e-02 4.643168672919273376e-02 1.788769289851188660e-02 1.212113071233034134e-02 4.040163010358810425e-02 1.976459287106990814e-02 2.309278212487697601e-02 9.239297360181808472e-03 6.053968518972396851e-02 2.788975276052951813e-02 4.787970974575728178e-04 2.266331203281879425e-02 3.293064236640930176e-02 4.997090995311737061e-02 3.409464610740542412e-03 1.685273647308349609e-02 5.313644558191299438e-02 2.704866044223308563e-02 3.428156301379203796e-02 2.023800089955329895e-02 6.736125051975250244e-02 7.432131562381982803e-03 6.055920571088790894e-02 1.020464953035116196e-02 1.935052126646041870e-02 2.584948949515819550e-02 3.403649199753999710e-03 8.647403679788112640e-03 8.442657068371772766e-03 6.813680380582809448e-02 1.165915047749876976e-03 9.572047740221023560e-03 3.668453916907310486e-02 4.765371233224868774e-02 4.366292152553796768e-03 4.893010482192039490e-02 1.132025849074125290e-02 2.161345817148685455e-02 5.460277944803237915e-02 6.701412051916122437e-02 4.639299213886260986e-02 3.161473944783210754e-02 1.433693245053291321e-02 3.417277708649635315e-02 3.825977910310029984e-03 3.480662778019905090e-02 4.362139478325843811e-02 1.990220136940479279e-02 7.168752700090408325e-02 3.747578337788581848e-02 7.988007366657257080e-02 6.034289300441741943e-02 1.068553924560546875e-01 5.489821359515190125e-02 3.989701718091964722e-02 3.694427385926246643e-02 1.143291685730218887e-02 5.613827705383300781e-02 8.199924603104591370e-03 2.267749607563018799e-02 1.453033462166786194e-02 6.527700275182723999e-02 4.557095933705568314e-03 1.270043663680553436e-03 4.001423716545104980e-02 1.532240770757198334e-02 5.759626254439353943e-02 4.995863884687423706e-02 4.692229442298412323e-03 2.806564234197139740e-02 3.315735980868339539e-02 3.031802922487258911e-02 7.548015564680099487e-02 8.160187304019927979e-02 5.928941536694765091e-03 4.181035328656435013e-03 6.236172630451619625e-04 5.483502149581909180e-02 1.177492737770080566e-02 4.818765446543693542e-02 1.490079890936613083e-02 2.852324396371841431e-03 2.354617929086089134e-03 1.644575223326683044e-02 4.173160344362258911e-02 1.773232407867908478e-02 2.258946187794208527e-02 3.279935941100120544e-02 2.959456853568553925e-02 3.281643847003579140e-03
