7.573220878839492798e-02 2.723437249660491943e-01 2.872791374102234840e-03 4.934173449873924255e-02 2.013638243079185486e-02 8.697187900543212891e-02 5.349902808666229248e-02 8.775344118475914001e-03 1.867264509201049805e-02 3.292559832334518433e-02 2.741940319538116455e-01 3.462187945842742920e-02 1.746205985546112061e-01 4.613823071122169495e-02 2.146239951252937317e-02 2.964199148118495941e-02 8.786635100841522217e-02 1.788609661161899567e-02 2.344209700822830200e-02 4.029727354645729065e-02 4.780038818717002869e-02 5.635836720466613770e-02 3.738530725240707397e-02 4.788550734519958496e-02 6.977931410074234009e-02 1.757727190852165222e-02 2.624446526169776917e-02 3.158118948340415955e-02 3.457577154040336609e-02 2.914996445178985596e-02 4.946949332952499390e-02 3.893691673874855042e-02 1.848252490162849426e-02 1.355697028338909149e-02 6.791652180254459381e-03 1.752575859427452087e-02 1.199265755712985992e-02 1.946121826767921448e-02 1.654510200023651123e-02 2.843514457345008850e-02 2.054427191615104675e-02 5.797683261334896088e-03 4.588717967271804810e-02 6.201301515102386475e-02 3.496308997273445129e-02 2.573075704276561737e-02 7.918290793895721436e-02 8.378627151250839233e-02 2.011299692094326019e-02 2.077571582049131393e-03 9.418581612408161163e-03 4.489061981439590454e-02 5.113124847412109375e-02 2.355509204789996147e-03 1.711867935955524445e-02 2.553882636129856110e-02 3.159364312887191772e-02 2.597536519169807434e-02 6.057889387011528015e-02 4.108204320073127747e-02 3.263919427990913391e-02 9.429404512047767639e-03 2.631131373345851898e-02 3.223773464560508728e-02 1.703128218650817871e-02 3.196222707629203796e-02 5.285121127963066101e-02 3.857794031500816345e-02 6.512511172331869602e-04 4.358921945095062256e-02 5.834584683179855347e-02 4.332791641354560852e-02 6.999289989471435547e-02 9.829908609390258789e-03 1.999785564839839935e-02 4.646328836679458618e-02 5.510890856385231018e-02 7.429084926843643188e-02 5.049372464418411255e-02 1.458924449980258942e-02 4.470141604542732239e-02 6.497108191251754761e-02 1.279636286199092865e-02 4.152036830782890320e-02 9.354600310325622559e-02 3.754144906997680664e-02 2.136607654392719269e-02 3.172662481665611267e-02 5.768589675426483154e-02 1.618196815252304077e-02 6.213920190930366516e-02 6.660266965627670288e-02 4.615097772330045700e-03 7.196521013975143433e-02 3.563359612599015236e-03 1.188824139535427094e-02 3.016961179673671722e-02 4.033416137099266052e-02 3.043262287974357605e-02 1.539257541298866272e-02 2.783031668514013290e-03 1.541063096374273300e-02 9.022541344165802002e-03 2.304295822978019714e-02 7.848914538044482470e-05 1.359929703176021576e-02 2.917884849011898041e-02 1.382957119494676590e-02 3.679825365543365479e-02 1.886012032628059387e-02 3.286744654178619385e-02 1.409369893372058868e-02 6.795423105359077454e-03 5.705355200916528702e-03 5.786992609500885010e-02 2.472837641835212708e-02
2.723437249660491943e-01 7.865040749311447144e-02 7.914577610790729523e-03 5.152511224150657654e-02 6.411824841052293777e-03 1.498616337776184082e-01 5.221597477793693542e-02 5.127213150262832642e-02 1.732163876295089722e-02 7.214912027120590210e-02 1.481755822896957397e-01 2.767686732113361359e-02 2.154837697744369507e-01 6.930178403854370117e-02 5.903930589556694031e-02 2.458651084452867508e-03 3.674992593005299568e-03 2.046853676438331604e-02 2.939433045685291290e-02 9.494727104902267456e-02 5.979378893971443176e-02 2.788147889077663422e-02 3.106565028429031372e-02 4.710272699594497681e-02 8.264861255884170532e-02 2.066879719495773315e-02 1.703822053968906403e-02 4.459709674119949341e-02 6.255602836608886719e-02 4.665760695934295654e-02 8.802097290754318237e-02 7.265255600214004517e-02 3.463079407811164856e-02 6.411284208297729492e-02 1.389285270124673843e-02 1.798088476061820984e-02 2.256804890930652618e-02 3.967105597257614136e-02 3.609984740614891052e-02 1.108939293771982193e-02 1.688716001808643341e-03 5.737718194723129272e-02 3.600471094250679016e-02 1.591929816640913486e-03 5.722892004996538162e-03 1.081031095236539841e-02 3.233981132507324219e-02 5.556362494826316833e-02 1.878171414136886597e-02 1.061845663934946060e-02 4.382635233923792839e-04 2.351794205605983734e-02 2.049185335636138916e-02 1.428194344043731689e-02 6.711035966873168945e-02 1.665136590600013733e-02 5.185328423976898193e-02 4.349817708134651184e-02 3.123418614268302917e-02 6.033863127231597900e-02 5.024175345897674561e-02 2.359666302800178528e-02 3.764718398451805115e-02 1.092688925564289093e-02 7.777004502713680267e-03 2.246100641787052155e-02 3.306881710886955261e-02 1.890555431600660086e-04 4.043364524841308594e-02 2.186260372400283813e-02 2.231877669692039490e-02 5.152573809027671814e-02 6.542305648326873779e-02 1.096178218722343445e-02 3.856993839144706726e-02 4.171957820653915405e-02 3.893774375319480896e-02 8.970797993242740631e-03 2.690336480736732483e-02 3.992826491594314575e-02 3.360695764422416687e-02 3.325027227401733398e-02 2.879158034920692444e-02 7.101556658744812012e-02 5.727859586477279663e-02 2.267501875758171082e-02 4.888146743178367615e-02 1.197543740272521973e-02 8.930040523409843445e-03 3.111173212528228760e-02 2.536064013838768005e-02 6.174175441265106201e-02 1.349527155980467796e-03 6.631525605916976929e-02 4.859621170908212662e-03 1.897614449262619019e-02 2.534836530685424805e-02 3.871226683259010315e-02 3.680688887834548950e-02 6.324909627437591553e-02 5.105490982532501221e-02 4.807141423225402832e-02 2.548506669700145721e-02 4.753044247627258301e-02 1.284673251211643219e-02 1.648742705583572388e-02 1.511649228632450104e-03 4.188290238380432129e-02 4.600722715258598328e-02 3.883739933371543884e-02 6.224502343684434891e-03 3.156682476401329041e-02 2.406047284603118896e-02 5.360503681004047394e-03 5.731683224439620972e-02 4.807878285646438599e-02
2.872791374102234840e-03 7.914577610790729523e-03 5.259266868233680725e-02 3.247793391346931458e-02 2.212861552834510803e-02 3.568147495388984680e-02 4.655006527900695801e-02 2.179935127496719360e-01 5.347689148038625717e-03 4.426205158233642578e-02 1.987829059362411499e-02 2.297499030828475952e-02 1.501636579632759094e-02 2.913921885192394257e-02 3.878167271614074707e-02 5.160335451364517212e-03 9.421898983418941498e-03 2.914558351039886475e-02 4.177881777286529541e-02 4.236242547631263733e-02 3.844669088721275330e-02 1.234523672610521317e-02 1.195085328072309494e-02 2.078724326565861702e-03 7.875460200011730194e-03 1.570543460547924042e-02 4.379723221063613892e-02 5.628231167793273926e-02 3.822002187371253967e-02 2.485521137714385986e-02 3.834788501262664795e-02 1.460484974086284637e-02 5.190691910684108734e-03 2.936587482690811157e-02 3.631255822256207466e-03 3.790792077779769897e-02 2.426108159124851227e-02 2.802279964089393616e-02 2.216451242566108704e-02 5.924621969461441040e-02 4.106279462575912476e-02 7.303166203200817108e-03 3.697872906923294067e-02 6.099737249314785004e-03 3.232808783650398254e-02 2.323171123862266541e-02 1.712397858500480652e-02 3.920031338930130005e-02 2.476145140826702118e-02 3.038837946951389313e-02 7.616266608238220215e-02 4.720176383852958679e-02 1.845167204737663269e-02 5.477862432599067688e-02 3.624912351369857788e-03 1.864434592425823212e-02 2.031560614705085754e-02 2.831342443823814392e-02 1.816331967711448669e-02 1.993601210415363312e-03 3.366314619779586792e-02 2.869160100817680359e-02 4.948832839727401733e-02 1.855018665082752705e-03 1.154366508126258850e-02 3.213034942746162415e-02 2.131413482129573822e-02 8.533549495041370392e-03 1.675316877663135529e-02 3.598801849875599146e-04 4.240967798978090286e-03 3.446241468191146851e-02 5.593672976829111576e-04 1.217557676136493683e-02 1.738892309367656708e-02 4.928819090127944946e-02 9.581046178936958313e-03 4.693960398435592651e-02 5.029890686273574829e-02 1.069130823016166687e-01 1.729286015033721924e-01 1.670019179582595825e-01 4.509760066866874695e-02 1.013313606381416321e-02 1.098298467695713043e-02 1.645777933299541473e-02 8.521595597267150879e-02 3.520578891038894653e-02 1.766825211234390736e-03 4.478354379534721375e-02 1.156108081340789795e-02 1.669506425969302654e-03 9.495786391198635101e-03 2.417080663144588470e-02 2.727185375988483429e-02 2.511984296143054962e-02 3.152724727988243103e-02 5.375659093260765076e-02 8.482066914439201355e-03 6.739907711744308472e-02 1.758607220835983753e-03 4.116453602910041809e-02 1.481092907488346100e-02 7.313759531825780869e-03 4.760853573679924011e-02 6.139435991644859314e-02 6.059758365154266357e-02 2.315231133252382278e-03 3.373676538467407227e-02 3.167190030217170715e-02 1.441454887390136719e-02 4.096388816833496094e-02 9.853675961494445801e-03 2.376932837069034576e-02 3.092300146818161011e-02 2.325960807502269745e-02
4.934173449873924255e-02 5.152511224150657654e-02 3.247793391346931458e-02 5.545060709118843079e-02 3.337083756923675537e-01 5.502196773886680603e-02 7.732974737882614136e-02 1.409356761723756790e-02 3.610318154096603394e-02 1.196678075939416885e-02 7.037277519702911377e-02 2.178050577640533447e-02 1.955643482506275177e-02 1.987646520137786865e-02 9.059964865446090698e-02 4.521064832806587219e-02 7.531259953975677490e-02 5.790390446782112122e-02 9.211117029190063477e-02 4.067633301019668579e-02 6.635885685682296753e-02 3.667556494474411011e-02 6.457670778036117554e-02 1.437025889754295349e-02 1.990959420800209045e-02 7.659046095795929432e-04 5.219980701804161072e-02 4.676527529954910278e-02 6.365074217319488525e-02 3.243477642536163330e-02 3.816364100202918053e-03 4.340882413089275360e-03 3.657390549778938293e-02 2.203418686985969543e-02 4.947534296661615372e-03 5.575374141335487366e-02 2.009673602879047394e-02 8.604062348604202271e-02 6.267812848091125488e-02 7.361028343439102173e-02 2.266959846019744873e-02 2.207046840339899063e-03 5.531908944249153137e-02 3.637357056140899658e-02 5.477997008711099625e-03 3.356042131781578064e-02 1.029385370202362537e-03 6.380136311054229736e-02 4.973776638507843018e-02 1.059380080550909042e-02 3.529410436749458313e-02 3.856341913342475891e-02 5.721390247344970703e-02 2.864447236061096191e-02 5.667382478713989258e-02 1.309989485889673233e-03 1.808415912091732025e-02 1.478662528097629547e-02 3.335352754220366478e-03 6.061732769012451172e-02 7.416244596242904663e-02 1.178598776459693909e-01 2.759531512856483459e-02 2.925352752208709717e-02 5.238786339759826660e-02 2.880972996354103088e-02 5.774320662021636963e-02 2.058959379792213440e-02 2.833914011716842651e-02 8.796622976660728455e-03 1.591980084776878357e-02 2.845552191138267517e-02 1.834877878427505493e-01 9.335705079138278961e-03 4.630684480071067810e-02 2.247235551476478577e-02 9.144910611212253571e-03 2.570514008402824402e-02 3.579771518707275391e-02 8.178051561117172241e-03 9.849572554230690002e-03 3.203200921416282654e-02 2.511683404445648193e-01 3.907754272222518921e-02 1.929183304309844971e-02 3.483530506491661072e-02 2.277322858572006226e-02 1.635518297553062439e-02 1.426548231393098831e-02 1.792230643332004547e-02 3.485688939690589905e-02 5.702216178178787231e-03 1.250662468373775482e-02 3.464144840836524963e-02 4.690169822424650192e-03 2.336875768378376961e-03 6.390564143657684326e-03 1.170082297176122665e-02 1.540509890764951706e-02 8.048476651310920715e-03 8.638012222945690155e-03 3.579735290259122849e-03 1.726969145238399506e-03 1.617885380983352661e-02 3.252247720956802368e-02 1.798415440134704113e-03 9.410074912011623383e-03 4.184678941965103149e-02 2.029385417699813843e-02 2.953623421490192413e-02 5.439326539635658264e-02 2.517439611256122589e-02 6.118377298116683960e-02 2.794189751148223877e-02 1.612748578190803528e-02 1.023462601006031036e-02
2.013638243079185486e-02 6.411824841052293777e-03 2.212861552834510803e-02 3.337083756923675537e-01 6.356888264417648315e-02 3.382293134927749634e-02 5.300884693861007690e-02 1.198194827884435654e-02 2.352418005466461182e-02 3.162998333573341370e-02 3.166139498353004456e-02 5.977996811270713806e-02 7.139176875352859497e-02 1.892399415373802185e-02 4.265647009015083313e-02 4.170870408415794373e-02 1.525169424712657928e-02 5.801317468285560608e-02 1.086949259042739868e-01 1.848995685577392578e-02 5.305839702486991882e-02 2.604073472321033478e-02 4.588521271944046021e-02 5.316876620054244995e-02 2.460860274732112885e-02 4.330388456583023071e-02 5.351195856928825378e-02 1.850932487286627293e-03 4.952837154269218445e-02 6.408925354480743408e-02 4.326254501938819885e-02 9.940120391547679901e-03 2.263020910322666168e-02 1.610278151929378510e-02 5.986136570572853088e-02 4.088420420885086060e-02 6.310296710580587387e-03 5.082123354077339172e-02 7.978458888828754425e-03 2.910626530647277832e-01 2.975122630596160889e-02 5.096128676086664200e-03 6.877567648189142346e-05 4.222475364804267883e-02 8.713886141777038574e-03 5.383669957518577576e-02 1.158461719751358032e-02 7.438998669385910034e-02 3.477677330374717712e-02 2.808323870340245776e-06 3.176520392298698425e-02 3.631970286369323730e-02 2.541556581854820251e-02 3.225169703364372253e-02 3.673699684441089630e-03 3.611924499273300171e-02 2.376718074083328247e-02 8.090785145759582520e-02 7.443332578986883163e-03 2.383525669574737549e-02 2.025171555578708649e-02 3.208066895604133606e-02 4.246442764997482300e-02 2.102569118142127991e-02 3.820798546075820923e-02 8.454123511910438538e-03 3.396768495440483093e-02 1.813569478690624237e-02 4.226899892091751099e-02 1.725520752370357513e-02 6.026975810527801514e-02 5.205693095922470093e-02 1.692627817392349243e-01 8.754700538702309132e-04 1.850130259990692139e-01 1.918342337012290955e-02 9.198217652738094330e-03 2.536907792091369629e-03 5.807498469948768616e-03 1.918123476207256317e-02 4.415091127157211304e-02 6.429084390401840210e-02 1.263397634029388428e-01 6.781719624996185303e-02 5.989552475512027740e-03 5.697017908096313477e-02 7.201340515166521072e-03 3.996349871158599854e-02 2.947194315493106842e-02 1.082599312067031860e-01 2.554002217948436737e-02 3.425108641386032104e-02 2.024888060986995697e-02 1.678341999650001526e-02 3.106480091810226440e-02 5.787592381238937378e-02 4.294053837656974792e-02 6.602664012461900711e-03 6.520661525428295135e-03 1.039869710803031921e-02 8.238011039793491364e-03 3.940463438630104065e-02 2.735063619911670685e-02 1.392664574086666107e-02 2.171002142131328583e-02 1.266841869801282883e-02 2.598603814840316772e-02 9.724252857267856598e-03 2.751960791647434235e-02 3.218891471624374390e-02 3.327572345733642578e-02 2.372391335666179657e-02 2.256491780281066895e-02 1.936162635684013367e-02 1.061678957194089890e-02 1.400972716510295868e-02
8.697187900543212891e-02 1.498616337776184082e-01 3.568147495388984680e-02 5.502196773886680603e-02 3.382293134927749634e-02 9.059815853834152222e-02 2.959806621074676514e-01 4.290745407342910767e-02 1.172924041748046875e-02 4.145813733339309692e-02 2.997647412121295929e-02 1.027666255831718445e-01 9.300420433282852173e-02 9.158194065093994141e-02 2.516545169055461884e-02 1.437536720186471939e-02 6.977419368922710419e-03 2.886727266013622284e-02 5.017104372382164001e-02 3.694334626197814941e-02 4.755837842822074890e-02 3.194744884967803955e-02 1.367738877888768911e-04 1.147044706158339977e-03 2.945020422339439392e-02 1.395950745791196823e-02 5.420241504907608032e-03 1.566922292113304138e-02 4.624119028449058533e-02 1.980565674602985382e-02 4.883752763271331787e-02 2.288971841335296631e-02 2.227666229009628296e-02 2.550035342574119568e-02 2.841291390359401703e-02 1.802787743508815765e-02 2.667137049138545990e-02 4.404048621654510498e-02 4.878581315279006958e-02 1.488887704908847809e-02 5.775734782218933105e-02 4.620176553726196289e-02 6.175296753644943237e-02 8.633510768413543701e-02 8.685772120952606201e-02 3.776649758219718933e-02 2.650206983089447021e-01 1.014878451824188232e-01 2.856219187378883362e-02 2.475617825984954834e-02 5.619403719902038574e-02 6.736317276954650879e-02 1.272828970104455948e-02 2.472486533224582672e-02 1.093576196581125259e-02 4.250048100948333740e-02 5.069609731435775757e-02 3.105959296226501465e-02 2.887220494449138641e-02 2.783472836017608643e-02 6.647536531090736389e-03 2.171343937516212463e-02 2.811579033732414246e-02 1.108626369386911392e-03 7.173343002796173096e-02 4.011237993836402893e-02 6.326987594366073608e-02 3.836486861109733582e-02 4.089876636862754822e-02 1.787882670760154724e-02 2.182680740952491760e-02 1.045905649662017822e-01 1.601962372660636902e-02 2.207037061452865601e-02 1.035496871918439865e-02 7.044102996587753296e-02 1.462762709707021713e-02 8.903129398822784424e-02 5.431709811091423035e-02 4.969628900289535522e-02 3.680752590298652649e-02 8.435042575001716614e-03 3.260136395692825317e-02 4.328825324773788452e-02 5.572879314422607422e-02 8.708683773875236511e-03 2.593000046908855438e-02 2.786416001617908478e-02 5.813406780362129211e-03 4.344019666314125061e-02 5.134924501180648804e-02 5.483443289995193481e-02 1.167907565832138062e-02 5.487668514251708984e-02 3.330899029970169067e-02 2.635602653026580811e-02 2.651373390108346939e-03 4.396907519549131393e-03 4.176014289259910583e-02 3.767026588320732117e-02 4.614195320755243301e-03 3.747203946113586426e-02 3.924028482288122177e-03 2.961919642984867096e-02 1.657370477914810181e-02 1.812159642577171326e-02 4.285944253206253052e-02 4.040084034204483032e-02 7.079751812852919102e-04 1.869409717619419098e-02 1.006484311074018478e-02 4.494258388876914978e-02 7.634675502777099609e-02 7.527514547109603882e-02 5.885099526494741440e-03 3.918705135583877563e-02
5.349902808666229248e-02 5.221597477793693542e-02 4.655006527900695801e-02 7.732974737882614136e-02 5.300884693861007690e-02 2.959806621074676514e-01 8.843895792961120605e-02 3.692166507244110107e-02 4.333856515586376190e-03 3.139211237430572510e-02 4.883932322263717651e-02 1.403135061264038086e-01 1.190817542374134064e-02 9.487432986497879028e-02 5.093854293227195740e-02 2.335119619965553284e-02 7.620824128389358521e-02 8.604786545038223267e-02 1.307736057788133621e-02 3.115073777735233307e-02 2.403100766241550446e-02 5.519393458962440491e-02 9.938249364495277405e-03 3.669450432062149048e-02 4.341637715697288513e-02 5.411542207002639771e-02 3.965495899319648743e-02 3.476792946457862854e-02 1.923313364386558533e-02 4.426766559481620789e-02 9.565678983926773071e-02 2.822678349912166595e-02 8.911451324820518494e-03 8.563855662941932678e-03 3.431224450469017029e-02 5.907328426837921143e-02 6.009382382035255432e-02 8.866401389241218567e-03 4.762161895632743835e-02 3.083941712975502014e-02 2.262291312217712402e-02 4.512103274464607239e-02 8.156093768775463104e-03 2.437614137306809425e-03 9.400974214076995850e-02 4.748996347188949585e-03 2.428495734930038452e-01 2.266360074281692505e-01 3.835639683529734612e-03 1.972915977239608765e-02 1.203141547739505768e-02 9.432944469153881073e-03 4.445710778236389160e-02 2.788086608052253723e-02 4.638237878680229187e-02 2.524170652031898499e-02 6.406601518392562866e-02 3.980720788240432739e-02 4.729304462671279907e-02 6.065726652741432190e-02 7.088276743888854980e-02 6.713768094778060913e-02 1.494468189775943756e-02 4.727692902088165283e-02 4.741017892956733704e-02 5.949940159916877747e-02 4.143096134066581726e-02 2.211096929386258125e-03 6.494225561618804932e-02 4.565251246094703674e-02 4.637137427926063538e-02 6.313090771436691284e-02 4.151171445846557617e-02 1.450599287636578083e-03 1.169112417846918106e-02 5.055940896272659302e-02 3.436465933918952942e-02 3.785241022706031799e-02 3.346781432628631592e-02 1.687233522534370422e-02 3.852642327547073364e-02 1.767104491591453552e-02 2.997907809913158417e-03 7.054471224546432495e-02 4.818369820713996887e-02 2.872016280889511108e-02 1.865059696137905121e-02 5.565043073147535324e-03 1.020867750048637390e-02 1.763789728283882141e-02 2.073032781481742859e-02 7.284611929208040237e-03 1.443218905478715897e-02 1.952761784195899963e-02 3.980226442217826843e-02 1.151109021157026291e-02 1.502203289419412613e-03 2.544818446040153503e-02 2.602449385449290276e-03 3.874072432518005371e-02 6.060652807354927063e-02 2.294481173157691956e-02 4.706906527280807495e-02 4.706645384430885315e-02 5.663777887821197510e-02 5.300167202949523926e-02 5.170000344514846802e-02 3.774099797010421753e-02 3.748204559087753296e-02 1.404244638979434967e-02 5.166172236204147339e-02 8.861415088176727295e-02 3.982510790228843689e-02 3.028676845133304596e-02 6.023751199245452881e-02 3.410824760794639587e-02
8.775344118475914001e-03 5.127213150262832642e-02 2.179935127496719360e-01 1.409356761723756790e-02 1.198194827884435654e-02 4.290745407342910767e-02 3.692166507244110107e-02 3.449895232915878296e-02 5.803758394904434681e-04 3.345316508784890175e-03 4.026690497994422913e-02 2.820056676864624023e-02 9.783264249563217163e-03 5.213257670402526855e-02 1.599010229110717773e-01 4.828991740942001343e-02 6.514067063108086586e-04 8.800230920314788818e-03 1.354951318353414536e-02 9.095775336027145386e-02 4.888428002595901489e-02 4.384667146950960159e-03 4.608596209436655045e-03 3.995219245553016663e-02 1.623772457242012024e-02 8.595481514930725098e-03 2.356099151074886322e-02 3.046929137781262398e-03 9.577476233243942261e-02 6.714481115341186523e-02 2.476785145699977875e-02 3.354987874627113342e-02 1.114722806960344315e-02 3.773141279816627502e-02 3.645069897174835205e-02 1.482769008725881577e-02 3.417359897866845131e-03 2.472308278083801270e-02 3.258103132247924805e-02 1.896589063107967377e-02 1.550555601716041565e-02 2.473013475537300110e-02 9.266427718102931976e-03 3.508070111274719238e-02 3.149828314781188965e-02 1.070683170109987259e-02 8.509439416229724884e-03 4.358369484543800354e-02 6.241085752844810486e-02 6.589537858963012695e-02 1.043928414583206177e-01 8.673201501369476318e-02 2.562749572098255157e-02 2.851944603025913239e-02 3.257411718368530273e-02 2.508672885596752167e-02 3.169217333197593689e-02 4.058378934860229492e-02 3.156841918826103210e-02 1.098663825541734695e-02 1.288049574941396713e-02 1.553096808493137360e-02 2.041348489001393318e-03 1.319211255759000778e-02 5.113907158374786377e-02 5.054184421896934509e-02 2.290892973542213440e-02 1.093821413815021515e-02 1.071166712790727615e-03 1.688326895236968994e-02 2.519075945019721985e-02 1.187993865460157394e-02 7.951041683554649353e-03 1.558744255453348160e-02 5.239761993288993835e-02 8.838579989969730377e-03 4.462919011712074280e-02 3.725424036383628845e-02 6.674484163522720337e-02 7.881212234497070312e-02 1.932623386383056641e-01 9.381305426359176636e-02 3.833095356822013855e-02 3.116929158568382263e-02 5.286027118563652039e-02 5.440471321344375610e-02 1.112415418028831482e-01 3.140220046043395996e-02 3.199055418372154236e-02 7.211298798210918903e-04 4.491819441318511963e-02 4.873497411608695984e-02 3.678525984287261963e-02 1.968643860891461372e-03 2.145718038082122803e-02 1.973779685795307159e-02 1.779339276254177094e-02 1.621495932340621948e-02 6.224688515067100525e-02 6.222080439329147339e-03 2.831609547138214111e-02 2.721286006271839142e-02 1.742295920848846436e-02 1.978080347180366516e-02 6.566649302840232849e-03 3.715019673109054565e-02 3.957304358482360840e-02 9.452735073864459991e-03 4.477456957101821899e-02 3.076717443764209747e-02 2.229203097522258759e-02 1.661151275038719177e-02 1.917386427521705627e-02 2.881765738129615784e-02 1.770085073076188564e-03 2.464848756790161133e-02
1.867264509201049805e-02 1.732163876295089722e-02 5.347689148038625717e-03 3.610318154096603394e-02 2.352418005466461182e-02 1.172924041748046875e-02 4.333856515586376190e-03 5.803758394904434681e-04 6.553082913160324097e-02 6.814172118902206421e-02 1.169996522367000580e-02 4.986914619803428650e-02 3.317331150174140930e-02 2.066347002983093262e-02 1.029939856380224228e-02 8.290162310004234314e-03 2.931340830400586128e-03 7.371043413877487183e-02 4.119498655200004578e-02 1.073246914893388748e-02 1.683761738240718842e-02 3.567767562344670296e-04 3.190841525793075562e-02 1.102733146399259567e-02 2.123957127332687378e-02 5.263895727694034576e-03 1.858323579654097557e-03 1.174407298094592988e-04 4.428373277187347412e-02 4.777641966938972473e-02 5.125054344534873962e-02 8.360502310097217560e-03 1.275568548589944839e-02 1.713323034346103668e-02 2.557183243334293365e-02 1.204910874366760254e-02 3.249718574807047844e-03 3.299560397863388062e-02 1.668714801780879498e-03 2.733070403337478638e-02 2.685444429516792297e-02 7.616371661424636841e-02 1.445970032364130020e-02 5.523635819554328918e-02 7.172514498233795166e-02 2.411182504147291183e-03 1.596088521182537079e-02 2.878440357744693756e-02 5.221158266067504883e-02 1.276784669607877731e-02 4.592622164636850357e-03 1.729988027364015579e-03 7.832120172679424286e-04 5.989475920796394348e-02 7.832502573728561401e-02 1.613139733672142029e-02 2.726528234779834747e-02 1.756047015078365803e-03 1.315032318234443665e-02 3.179566189646720886e-02 3.076676465570926666e-02 5.086020380258560181e-02 1.198307145386934280e-02 8.494893554598093033e-04 2.611713483929634094e-02 1.595130935311317444e-02 2.092735469341278076e-02 1.642938703298568726e-02 1.702767610549926758e-02 5.353353917598724365e-04 4.340151324868202209e-02 3.100114874541759491e-02 2.009073458611965179e-02 8.531101979315280914e-03 1.048642322421073914e-01 6.612775381654500961e-03 8.925253152847290039e-02 2.754930220544338226e-02 8.341746777296066284e-02 5.319005995988845825e-02 4.332041367888450623e-02 3.076516091823577881e-02 3.504032269120216370e-02 8.114870637655258179e-03 3.048711456358432770e-02 5.480853142216801643e-04 2.151961252093315125e-02 2.318391390144824982e-02 2.972986549139022827e-02 7.855865359306335449e-02 2.781955339014530182e-02 3.803810477256774902e-02 3.511947020888328552e-02 1.256719697266817093e-02 4.444901645183563232e-02 2.002462977543473244e-03 1.498178765177726746e-02 3.608971089124679565e-02 4.703852534294128418e-02 2.526539377868175507e-02 2.045173197984695435e-02 2.057666704058647156e-02 1.803334988653659821e-02 4.483295232057571411e-02 3.775424137711524963e-02 6.274118088185787201e-03 9.044087491929531097e-03 3.260620683431625366e-02 3.887288644909858704e-02 4.409328103065490723e-02 1.087492983788251877e-02 1.051230635493993759e-02 4.708779603242874146e-02 3.191985189914703369e-03 5.369936674833297729e-02 3.188028559088706970e-02
3.292559832334518433e-02 7.214912027120590210e-02 4.426205158233642578e-02 1.196678075939416885e-02 3.162998333573341370e-02 4.145813733339309692e-02 3.139211237430572510e-02 3.345316508784890175e-03 6.814172118902206421e-02 6.094851717352867126e-02 6.950855255126953125e-02 3.307566791772842407e-02 5.842196941375732422e-02 4.727657418698072433e-03 2.489920333027839661e-02 2.605403959751129150e-02 7.541780918836593628e-02 7.761687505990266800e-03 9.989122301340103149e-02 5.620971694588661194e-02 3.199891000986099243e-02 2.346779033541679382e-02 3.333762660622596741e-02 2.254463545978069305e-02 1.541227661073207855e-02 5.025711283087730408e-02 4.137045890092849731e-02 9.814050048589706421e-03 3.126573748886585236e-03 3.085626102983951569e-02 1.266931276768445969e-02 8.299081586301326752e-03 8.915008045732975006e-03 3.051548451185226440e-02 1.561849564313888550e-02 2.733931504189968109e-02 2.427092008292675018e-02 1.342965569347143173e-02 8.927659131586551666e-03 4.579382762312889099e-02 5.384251475334167480e-03 7.044567726552486420e-03 6.261546909809112549e-02 4.993662983179092407e-02 1.059649232774972916e-02 8.331093192100524902e-02 3.839420899748802185e-02 4.169363901019096375e-02 2.850373834371566772e-02 8.007477223873138428e-02 8.393511176109313965e-02 5.842542275786399841e-02 3.430547937750816345e-02 8.969151414930820465e-03 2.269428223371505737e-02 9.459371864795684814e-02 5.857815966010093689e-03 1.151382084935903549e-02 5.244753509759902954e-02 1.738915103487670422e-03 2.389648230746388435e-03 3.990453109145164490e-02 2.713283710181713104e-02 2.083705738186836243e-02 3.216996788978576660e-02 1.073884125798940659e-02 5.068750306963920593e-02 4.130541160702705383e-02 2.989553287625312805e-02 6.199767813086509705e-02 7.946569472551345825e-02 5.270589888095855713e-02 5.402069166302680969e-02 6.720701605081558228e-02 4.898357018828392029e-02 1.666334643959999084e-02 1.507886499166488647e-02 2.018557190895080566e-01 5.243818834424018860e-02 1.660097539424896240e-01 3.496421873569488525e-02 1.788080483675003052e-02 4.366902634501457214e-02 1.143509894609451294e-01 4.780780896544456482e-02 6.836978136561810970e-04 6.430073827505111694e-02 1.011806540191173553e-02 2.664530184119939804e-04 1.047462895512580872e-01 1.190456654876470566e-02 2.878873422741889954e-02 5.665525794029235840e-02 4.775191470980644226e-02 3.189279884099960327e-02 1.856313087046146393e-02 7.734370976686477661e-02 2.712900051847100258e-03 2.117867954075336456e-02 4.335037618875503540e-02 7.450877688825130463e-03 1.221110951155424118e-02 1.598341576755046844e-02 2.235845103859901428e-02 2.465536445379257202e-02 3.236194327473640442e-02 2.046658843755722046e-02 3.873672336339950562e-02 3.004173515364527702e-03 1.970468461513519287e-02 1.534364931285381317e-02 3.769998997449874878e-02 6.875839829444885254e-02 2.760571055114269257e-02 5.301667004823684692e-02 2.348220348358154297e-02
2.741940319538116455e-01 1.481755822896957397e-01 1.987829059362411499e-02 7.037277519702911377e-02 3.166139498353004456e-02 2.997647412121295929e-02 4.883932322263717651e-02 4.026690497994422913e-02 1.169996522367000580e-02 6.950855255126953125e-02 8.523907512426376343e-02 3.394020022824406624e-03 3.815144002437591553e-01 3.312487155199050903e-02 1.148298103362321854e-02 7.805347442626953125e-02 4.154638946056365967e-02 1.592904143035411835e-02 3.753126040101051331e-02 6.870681047439575195e-02 5.608518049120903015e-02 4.910243675112724304e-02 3.609694540500640869e-02 4.931541532278060913e-02 3.993553668260574341e-02 5.172406136989593506e-02 5.790474265813827515e-02 4.929122980684041977e-03 2.712030895054340363e-02 4.779776558279991150e-02 8.871695958077907562e-03 6.956356018781661987e-02 1.637422479689121246e-02 3.445721417665481567e-02 1.071798056364059448e-02 4.204618930816650391e-02 5.473925918340682983e-02 3.525199135765433311e-03 4.243141785264015198e-02 4.377419501543045044e-02 1.489154715090990067e-02 2.996136434376239777e-02 4.937598109245300293e-02 2.191200479865074158e-02 3.211608389392495155e-03 1.929405331611633301e-02 1.159155275672674179e-02 4.122060537338256836e-02 3.443899005651473999e-02 5.409103259444236755e-02 5.357211455702781677e-02 3.944904357194900513e-02 1.005674973130226135e-01 1.833065599203109741e-02 9.058883041143417358e-02 1.688400097191333771e-02 2.101043355651199818e-04 2.558765560388565063e-02 1.022991314530372620e-01 4.764639213681221008e-02 5.273368954658508301e-02 6.129389256238937378e-02 1.220205985009670258e-02 2.766952291131019592e-02 4.983379319310188293e-02 6.008663028478622437e-02 3.149203956127166748e-02 4.324579611420631409e-02 3.569250181317329407e-02 2.882236987352371216e-02 3.943759202957153320e-02 2.312645316123962402e-02 7.275110483169555664e-02 1.147945877164602280e-03 2.474186196923255920e-02 1.196393929421901703e-02 6.634253542870283127e-03 3.905763477087020874e-02 3.611581027507781982e-02 3.127358108758926392e-02 2.016844972968101501e-02 9.033624827861785889e-02 1.683588698506355286e-02 6.422883272171020508e-02 3.639978542923927307e-02 7.635438442230224609e-02 2.950810641050338745e-02 2.202826365828514099e-02 6.558890920132398605e-03 3.319039475172758102e-03 7.953144959174096584e-04 6.908341497182846069e-02 4.146306961774826050e-02 3.288566693663597107e-02 5.660600960254669189e-02 8.668517693877220154e-03 2.738519571721553802e-02 4.556220397353172302e-02 2.788918837904930115e-02 4.201714694499969482e-02 1.416999008506536484e-02 6.591860949993133545e-02 2.728893607854843140e-02 1.408329326659440994e-02 2.793229930102825165e-02 9.051539935171604156e-03 9.306215681135654449e-03 5.380989611148834229e-02 7.250770181417465210e-02 6.726003438234329224e-02 1.626412384212017059e-02 1.688822917640209198e-02 1.655270718038082123e-02 5.984791205264627934e-04 4.034972190856933594e-02 1.651053726673126221e-01
3.462187945842742920e-02 2.767686732113361359e-02 2.297499030828475952e-02 2.178050577640533447e-02 5.977996811270713806e-02 1.027666255831718445e-01 1.403135061264038086e-01 2.820056676864624023e-02 4.986914619803428650e-02 3.307566791772842407e-02 3.394020022824406624e-03 7.737167924642562866e-02 3.659106418490409851e-02 2.255553454160690308e-01 5.435856804251670837e-02 3.393808379769325256e-02 4.410719126462936401e-02 4.231138154864311218e-02 6.227731704711914062e-02 1.277045626193284988e-02 1.468137372285127640e-02 1.124229002743959427e-02 1.203457266092300415e-01 1.028579473495483398e-01 2.772108092904090881e-02 1.329959183931350708e-02 2.499049995094537735e-03 1.285325735807418823e-01 5.787747725844383240e-02 7.298096269369125366e-02 2.233113534748554230e-02 1.393450703471899033e-02 1.599767990410327911e-02 5.848705396056175232e-02 1.349837612360715866e-02 2.239152230322360992e-02 6.123973056674003601e-03 2.455774135887622833e-02 5.621104314923286438e-02 4.185394197702407837e-02 6.079395115375518799e-02 4.732327535748481750e-02 4.028994962573051453e-02 3.759610280394554138e-02 8.895547688007354736e-02 9.478702396154403687e-02 5.321216210722923279e-02 6.901567429304122925e-02 9.053776040673255920e-03 6.689514964818954468e-02 4.728503152728080750e-02 3.542384132742881775e-02 5.041319876909255981e-03 1.963732391595840454e-02 3.994991630315780640e-02 1.097025349736213684e-01 4.815381392836570740e-02 1.756181567907333374e-02 2.203564345836639404e-02 2.604566514492034912e-02 8.315134793519973755e-03 7.387523353099822998e-02 2.757227281108498573e-03 3.724043071269989014e-02 2.138171158730983734e-02 3.091892413794994354e-02 1.741254702210426331e-02 5.021873116493225098e-02 4.085283260792493820e-03 2.324863104149699211e-03 6.781320273876190186e-02 3.732724487781524658e-02 4.793945327401161194e-02 5.144581943750381470e-02 3.312871325761079788e-03 4.932095110416412354e-02 5.045428872108459473e-02 1.594815589487552643e-02 4.515430331230163574e-02 4.001905024051666260e-02 4.156105592846870422e-02 5.991887301206588745e-03 4.850439354777336121e-02 4.103365540504455566e-02 2.037440799176692963e-02 7.809403818100690842e-03 9.416881948709487915e-03 1.988818868994712830e-02 2.966306544840335846e-02 3.628417104482650757e-02 3.728212043642997742e-02 9.438265115022659302e-03 1.293570734560489655e-02 2.466529048979282379e-02 4.946316033601760864e-02 1.105607207864522934e-02 6.175307929515838623e-02 2.252583019435405731e-02 3.396582230925559998e-02 3.054990619421005249e-02 1.947163231670856476e-02 5.132969468832015991e-02 3.335041180253028870e-02 2.709224447607994080e-02 1.308317482471466064e-02 1.006235089153051376e-02 3.462988138198852539e-02 3.929328545928001404e-02 1.799245178699493408e-02 1.582456566393375397e-02 2.725968696177005768e-02 5.414791870862245560e-03 6.575024873018264771e-02 6.284625828266143799e-02 1.620955951511859894e-02 9.775912389159202576e-03
1.746205985546112061e-01 2.154837697744369507e-01 1.501636579632759094e-02 1.955643482506275177e-02 7.139176875352859497e-02 9.300420433282852173e-02 1.190817542374134064e-02 9.783264249563217163e-03 3.317331150174140930e-02 5.842196941375732422e-02 3.815144002437591553e-01 3.659106418490409851e-02 1.071722358465194702e-01 2.359225042164325714e-02 3.871503844857215881e-02 1.104444116353988647e-01 1.800194680690765381e-01 6.468351185321807861e-02 4.648068174719810486e-02 4.242891445755958557e-02 1.679644361138343811e-02 3.372700512409210205e-02 3.819910064339637756e-02 3.948101773858070374e-02 7.547002751380205154e-03 4.168581217527389526e-02 3.941052779555320740e-02 2.026089094579219818e-02 7.681021839380264282e-02 3.529244288802146912e-02 7.987383753061294556e-02 7.180315442383289337e-03 5.314024910330772400e-02 1.445542834699153900e-02 3.264444693922996521e-02 6.615696102380752563e-02 6.292342394590377808e-02 5.155395343899726868e-02 2.319730445742607117e-02 2.347678504884243011e-02 2.406074665486812592e-02 4.033619537949562073e-02 9.514479897916316986e-03 2.613649889826774597e-02 4.334516450762748718e-02 2.408372238278388977e-03 6.505141407251358032e-02 5.639573093503713608e-03 2.188874781131744385e-02 8.982460945844650269e-03 1.273299753665924072e-02 3.111921250820159912e-02 4.939322173595428467e-02 2.664250694215297699e-02 1.149744959548115730e-03 7.428449392318725586e-02 3.268159180879592896e-02 2.210038714110851288e-02 6.652769446372985840e-02 3.920848667621612549e-02 1.759415678679943085e-02 2.162203192710876465e-02 1.015282422304153442e-02 2.177518792450428009e-02 5.751328170299530029e-02 6.601874530315399170e-02 4.458202794194221497e-02 6.912075448781251907e-03 8.570980280637741089e-04 5.457549542188644409e-02 3.168693557381629944e-02 3.321274369955062866e-02 4.259479045867919922e-02 1.920928433537483215e-02 2.046658098697662354e-02 2.063178253592923284e-04 2.226836793124675751e-02 7.752545922994613647e-02 3.770286589860916138e-02 2.930725179612636566e-02 4.711798951029777527e-02 5.913080647587776184e-02 7.215075194835662842e-02 9.410416334867477417e-02 2.869078144431114197e-02 2.551641128957271576e-02 5.589446052908897400e-02 2.308396622538566589e-02 4.537331685423851013e-02 3.851948305964469910e-02 6.875959783792495728e-02 3.803326189517974854e-02 2.567772520706057549e-03 1.022787205874919891e-02 1.307794898748397827e-01 1.914337463676929474e-02 2.320147491991519928e-02 4.716775566339492798e-02 4.058683663606643677e-02 3.746697679162025452e-02 7.757247891277074814e-03 5.003788508474826813e-03 3.418774902820587158e-02 1.044414471834897995e-03 4.228778183460235596e-02 3.133650496602058411e-02 3.424600139260292053e-02 4.079911857843399048e-02 1.688578166067600250e-02 4.468208178877830505e-02 4.072155058383941650e-02 2.087021246552467346e-02 4.509587306529283524e-03 2.944088913500308990e-02 4.692583531141281128e-02 7.183185219764709473e-02
