1.232204120606184006e-02 1.236381009221076965e-01 9.018517099320888519e-03 7.381310313940048218e-02 5.323965847492218018e-02 6.930476427078247070e-02 7.291484624147415161e-02 1.743979752063751221e-02 5.512018501758575439e-02 5.518206860870122910e-03 8.708708733320236206e-02 2.496431767940521240e-02 6.185300648212432861e-02 4.803613200783729553e-02 2.268588542938232422e-02 1.162292156368494034e-02 2.694563567638397217e-02 3.058479540050029755e-02 4.164238460361957550e-03 5.963087314739823341e-04 3.647266328334808350e-02 4.072907939553260803e-02 7.694821339100599289e-03 3.970217704772949219e-02 5.631955340504646301e-02 2.729532867670059204e-02 8.121043443679809570e-02 4.230212792754173279e-02 1.156646944582462311e-02 3.310784697532653809e-02 2.396653406322002411e-02 2.969341352581977844e-02 2.211402915418148041e-02 5.396501161158084869e-03 2.886846894398331642e-03 3.692543134093284607e-02 1.164262555539608002e-02 5.213893949985504150e-02 3.931129723787307739e-02 3.438400477170944214e-02 4.954058304429054260e-02 4.045381769537925720e-02 4.697951301932334900e-02 3.302104398608207703e-02 1.935165375471115112e-02 9.424645453691482544e-03 4.793966189026832581e-02 7.741514593362808228e-03 1.237552389502525330e-01 2.489685267210006714e-02 6.857186555862426758e-02 2.733992040157318115e-02 1.784295774996280670e-02 9.308283217251300812e-03 5.243635922670364380e-02 5.283467844128608704e-02 2.512369677424430847e-02 1.691434532403945923e-02 4.647120833396911621e-02 1.367793045938014984e-02 8.165435283444821835e-04 7.290856447070837021e-03 1.747650094330310822e-02 2.200119011104106903e-02 1.583073474466800690e-02 3.320865333080291748e-02 4.419849812984466553e-02 7.286976091563701630e-03 2.591149695217609406e-02 3.339940682053565979e-02 2.147904969751834869e-02 5.228511244058609009e-02 5.597447603940963745e-02 7.417849265038967133e-03 2.095673978328704834e-02 4.755485802888870239e-02 7.716097403317689896e-03 4.585110023617744446e-02 4.661936312913894653e-02 2.993787638843059540e-02 2.003507874906063080e-02 2.783793583512306213e-02 5.449685081839561462e-02 9.068158455193042755e-03 1.949024200439453125e-02 7.081983983516693115e-02 1.630184613168239594e-02 2.519954741001129150e-02 9.411844424903392792e-03 5.194982513785362244e-02 6.080506742000579834e-02 7.256173528730869293e-03 1.079059578478336334e-02 1.106861606240272522e-02 8.785882592201232910e-02 2.284248918294906616e-02 1.080876123160123825e-02 2.986368723213672638e-02 4.018517956137657166e-02 1.798912324011325836e-02 5.301524326205253601e-02 5.012661963701248169e-02 3.097170591354370117e-02 6.202929839491844177e-02 3.937494382262229919e-02 2.529565431177616119e-02 1.404982991516590118e-02 9.208569535985589027e-04 2.510034851729869843e-02 2.035550214350223541e-02 2.867185324430465698e-02 2.002347819507122040e-02 4.343142732977867126e-02 3.199156373739242554e-02 6.034499499946832657e-03 4.460271075367927551e-02
1.236381009221076965e-01 2.358829602599143982e-02 6.370883900672197342e-03 1.642529666423797607e-02 5.968043208122253418e-02 1.382112503051757812e-02 6.167276948690414429e-02 4.408794641494750977e-02 3.442719206213951111e-02 1.370015670545399189e-03 6.797076761722564697e-02 4.016020148992538452e-02 5.743006989359855652e-02 4.972570762038230896e-02 1.622348208911716938e-03 6.889195181429386139e-03 5.308033432811498642e-03 1.580501161515712738e-02 6.800894625484943390e-03 6.409659981727600098e-03 3.457172960042953491e-02 5.650843679904937744e-02 2.814535051584243774e-02 5.964529118500649929e-04 1.168001908808946609e-02 1.449366100132465363e-03 4.216905217617750168e-03 4.990477487444877625e-02 1.290347427129745483e-02 1.231271959841251373e-02 7.184771448373794556e-02 8.348930627107620239e-03 1.924517750740051270e-02 3.773197904229164124e-02 2.646277844905853271e-02 3.935330361127853394e-02 9.632096625864505768e-03 2.044756896793842316e-03 7.034809142351150513e-02 1.700818305835127831e-03 2.054287865757942200e-02 1.737005822360515594e-02 1.918581128120422363e-02 4.165435954928398132e-02 3.187471069395542145e-03 3.027823008596897125e-02 6.837581098079681396e-02 3.376815468072891235e-02 4.425380006432533264e-02 5.316970497369766235e-02 4.062410816550254822e-02 8.100633858703076839e-04 6.991238798946142197e-03 3.663859516382217407e-02 8.671034127473831177e-03 2.536092884838581085e-03 1.297967880964279175e-02 4.672600701451301575e-02 4.509225860238075256e-02 5.053834617137908936e-02 1.770961284637451172e-02 1.081373076885938644e-02 4.724311456084251404e-02 2.507402747869491577e-02 5.359909962862730026e-03 3.855638951063156128e-02 3.819079324603080750e-02 3.657579421997070312e-02 7.163282949477434158e-03 7.595303934067487717e-03 5.611711181700229645e-03 3.215764835476875305e-02 1.377644762396812439e-02 5.747430026531219482e-02 2.950517460703849792e-02 1.124353706836700439e-02 5.986521393060684204e-02 5.010707303881645203e-02 1.755324378609657288e-02 2.384090982377529144e-02 2.613572403788566589e-02 4.770599305629730225e-03 3.568612784147262573e-02 5.652996897697448730e-02 1.799067854881286621e-02 4.814676567912101746e-02 1.973959617316722870e-02 3.897716104984283447e-02 1.912924111820757389e-03 3.668147698044776917e-02 6.223750486969947815e-02 2.916211495175957680e-03 4.418585076928138733e-02 1.837981306016445160e-02 6.665538530796766281e-03 1.968124881386756897e-02 4.563161358237266541e-02 1.098610926419496536e-03 1.549346651881933212e-02 2.802275866270065308e-02 5.803606286644935608e-02 3.761703148484230042e-02 5.060441046953201294e-02 3.960763290524482727e-02 4.263092949986457825e-02 3.758286684751510620e-02 2.000567689538002014e-02 6.741992197930812836e-03 3.754144906997680664e-02 4.691419377923011780e-02 3.530468791723251343e-02 1.711430400609970093e-02 5.732615664601325989e-02 4.405529052019119263e-02 3.817437961697578430e-02 2.158013917505741119e-02
9.018517099320888519e-03 6.370883900672197342e-03 2.293811121489852667e-04 5.329522117972373962e-02 1.675552316009998322e-02 4.387731477618217468e-02 1.422588247805833817e-02 2.580742537975311279e-01 8.185911923646926880e-03 1.246489584445953369e-02 2.700393833220005035e-02 1.135722920298576355e-02 3.858085349202156067e-02 2.664660662412643433e-02 1.055673882365226746e-01 3.040063194930553436e-02 4.201254341751337051e-03 1.125489547848701477e-01 1.354674901813268661e-02 2.953455038368701935e-02 1.261870202142745256e-04 1.426597125828266144e-02 4.730267450213432312e-02 3.488709405064582825e-02 1.145749911665916443e-02 6.695920228958129883e-02 3.686459362506866455e-02 1.407846063375473022e-02 4.306916519999504089e-02 5.930121243000030518e-02 5.242756381630897522e-02 6.205392628908157349e-02 3.852717950940132141e-02 1.022647414356470108e-02 5.280271917581558228e-02 3.676587343215942383e-02 4.184958711266517639e-02 1.910227388143539429e-01 3.920238092541694641e-02 7.263263314962387085e-02 2.442010864615440369e-02 5.665189772844314575e-02 8.820551447570323944e-03 3.876926377415657043e-02 2.512354403734207153e-02 5.760309752076864243e-03 5.504817236214876175e-03 2.850885689258575439e-02 3.618251532316207886e-02 2.442985400557518005e-02 3.325512260198593140e-02 4.980742931365966797e-02 6.266983598470687866e-02 1.011528447270393372e-02 3.707090858370065689e-03 9.650080464780330658e-03 2.292878367006778717e-02 1.055000349879264832e-01 1.717052981257438660e-02 2.979020215570926666e-02 6.584616377949714661e-03 5.563849955797195435e-02 1.237300317734479904e-02 1.916069723665714264e-02 1.849604956805706024e-02 1.816713437438011169e-02 6.597849074751138687e-03 1.934213377535343170e-02 5.553921684622764587e-03 3.644669800996780396e-02 1.404066383838653564e-02 6.602554023265838623e-02 5.053393542766571045e-02 5.308964103460311890e-02 1.525417435914278030e-03 1.856892136856913567e-03 3.219097852706909180e-02 1.302124466747045517e-02 2.803083043545484543e-03 1.139088869094848633e-01 8.216060698032379150e-02 1.119806990027427673e-02 2.963550388813018799e-02 1.147532686591148376e-01 1.281590573489665985e-02 9.043616056442260742e-02 2.916703373193740845e-02 7.082851231098175049e-02 1.841392926871776581e-02 5.105223134160041809e-02 4.944750666618347168e-02 1.766467839479446411e-02 2.129619196057319641e-02 2.553190663456916809e-02 4.628064110875129700e-02 1.871263049542903900e-02 6.558845192193984985e-02 7.012580521404743195e-03 1.199988927692174911e-02 8.087413758039474487e-02 5.916409566998481750e-02 2.773466333746910095e-02 4.027623310685157776e-02 1.617645286023616791e-02 1.187515165656805038e-02 1.824824512004852295e-02 5.807349458336830139e-02 2.790530677884817123e-03 8.091220259666442871e-02 2.413623221218585968e-02 2.486705966293811798e-02 2.010779269039630890e-02 3.676228970289230347e-02 1.102313026785850525e-02 4.548829048871994019e-02 3.477573394775390625e-02
7.381310313940048218e-02 1.642529666423797607e-02 5.329522117972373962e-02 3.276555240154266357e-02 1.785732358694076538e-01 2.595051750540733337e-02 6.773854047060012817e-02 8.651503361761569977e-03 1.519607380032539368e-02 8.899667300283908844e-03 6.603072583675384521e-02 4.803953692317008972e-02 2.028242871165275574e-02 7.945434004068374634e-02 4.787469655275344849e-02 4.083828255534172058e-02 2.821404673159122467e-02 8.520679920911788940e-02 3.677260596305131912e-03 1.646218262612819672e-02 2.977251075208187103e-02 5.278136208653450012e-02 5.142935365438461304e-02 4.141794890165328979e-02 1.275114342570304871e-02 1.951471320353448391e-03 4.400200024247169495e-02 4.765376821160316467e-02 5.919609102420508862e-04 2.753416774794459343e-03 1.423315331339836121e-02 5.188050493597984314e-02 6.375984754413366318e-03 4.833421111106872559e-02 1.788305491209030151e-02 4.624881222844123840e-02 1.093191355466842651e-01 7.656675577163696289e-02 1.495986133813858032e-01 1.399578303098678589e-01 1.770534813404083252e-01 3.407874330878257751e-02 2.367860265076160431e-02 2.069531567394733429e-02 1.319370977580547333e-02 6.441464275121688843e-02 2.036635391414165497e-02 6.005785241723060608e-02 6.368532031774520874e-02 1.871362328529357910e-02 6.094316393136978149e-02 5.228814110159873962e-02 3.044575080275535583e-02 9.015509567689150572e-05 2.885981835424900055e-02 4.655350372195243835e-02 5.703719705343246460e-02 3.452911227941513062e-02 5.798048526048660278e-02 1.328890770673751831e-02 2.184328809380531311e-02 6.188844516873359680e-02 6.667864322662353516e-02 2.053358033299446106e-02 6.200106814503669739e-02 1.715649385005235672e-03 2.667075768113136292e-02 3.240680322051048279e-02 4.792315885424613953e-02 2.139533124864101410e-02 7.611329853534698486e-02 5.913055967539548874e-03 5.992832407355308533e-02 2.890899963676929474e-02 3.089684061706066132e-02 6.731101870536804199e-02 7.621963322162628174e-02 1.682378724217414856e-02 9.805412590503692627e-02 8.521240204572677612e-03 2.961142733693122864e-02 2.353884279727935791e-02 1.573560833930969238e-01 8.936106227338314056e-03 4.223940521478652954e-02 5.397815629839897156e-02 4.498426243662834167e-02 8.760862052440643311e-03 5.798241868615150452e-02 1.834754645824432373e-02 2.034354023635387421e-02 2.096340060234069824e-03 4.642171040177345276e-02 5.946274846792221069e-02 1.647685095667839050e-02 5.731663480401039124e-02 7.185019552707672119e-02 5.374218150973320007e-02 3.663088381290435791e-02 7.361434865742921829e-03 1.473496574908494949e-02 3.529891604557633400e-03 3.277486562728881836e-02 7.621874660253524780e-02 4.686344787478446960e-02 2.675168961286544800e-02 7.897944189608097076e-03 3.500409051775932312e-02 3.030932880938053131e-02 1.073039099574089050e-01 8.349496871232986450e-02 7.115352898836135864e-02 1.361703686416149139e-02 9.107572026550769806e-03 2.290219627320766449e-02 6.249863654375076294e-02
5.323965847492218018e-02 5.968043208122253418e-02 1.675552316009998322e-02 1.785732358694076538e-01 3.140452504158020020e-02 4.134781658649444580e-02 8.893066644668579102e-02 2.881469577550888062e-02 1.499448418617248535e-01 1.726054958999156952e-02 4.313423112034797668e-02 5.037402734160423279e-02 4.009509459137916565e-03 6.143115833401679993e-02 6.555449217557907104e-02 1.856770552694797516e-02 2.311773784458637238e-02 8.641523122787475586e-02 1.172364056110382080e-01 6.125209107995033264e-02 4.501604288816452026e-02 3.509594500064849854e-02 7.657778263092041016e-02 1.428603846579790115e-02 4.324841313064098358e-03 2.341758646070957184e-02 2.144785039126873016e-02 8.171138912439346313e-02 5.392820760607719421e-02 3.849217295646667480e-02 4.138467460870742798e-02 1.773772761225700378e-02 3.454015403985977173e-02 2.815754711627960205e-02 4.376849159598350525e-02 3.078975528478622437e-02 4.325645416975021362e-02 2.436258271336555481e-02 1.036729514598846436e-01 6.928033381700515747e-02 8.331381529569625854e-02 1.819120720028877258e-02 2.061510086059570312e-02 1.254446338862180710e-03 4.361477121710777283e-02 9.742580354213714600e-03 4.035699367523193359e-02 8.852047845721244812e-03 3.156087175011634827e-02 8.392554521560668945e-02 1.422807015478610992e-02 1.366139855235815048e-02 3.291637077927589417e-02 1.736129447817802429e-02 7.384189218282699585e-02 3.173293545842170715e-02 7.679573446512222290e-02 1.357743889093399048e-02 8.523375540971755981e-02 4.204665124416351318e-02 1.350370794534683228e-02 7.295462489128112793e-02 3.269916027784347534e-02 7.322728633880615234e-02 7.287291809916496277e-03 3.360299766063690186e-02 5.770549178123474121e-03 1.100625284016132355e-02 6.809629499912261963e-02 6.494309753179550171e-02 5.723835527896881104e-02 2.979590930044651031e-02 7.252866774797439575e-02 3.610683232545852661e-02 5.085883289575576782e-02 4.942337051033973694e-02 6.185266375541687012e-02 3.348289802670478821e-02 1.081677153706550598e-01 4.903757572174072266e-02 3.301278129220008850e-02 1.143938396126031876e-02 2.865080907940864563e-02 1.381223946809768677e-01 3.561324253678321838e-02 5.476321280002593994e-02 5.310858413577079773e-02 6.109641119837760925e-02 1.217538211494684219e-02 2.134692668914794922e-02 8.190660737454891205e-03 6.388521939516067505e-02 1.481201499700546265e-02 5.506050586700439453e-02 2.904141321778297424e-02 4.268386214971542358e-02 5.063940212130546570e-02 3.144557029008865356e-02 3.453992679715156555e-02 8.335153572261333466e-03 4.584408551454544067e-02 4.909779876470565796e-02 1.568101346492767334e-02 2.226707711815834045e-02 2.701337449252605438e-02 8.228244259953498840e-03 4.092362523078918457e-02 1.971283741295337677e-02 8.558592945337295532e-02 1.102729961276054382e-01 1.002699695527553558e-02 1.326531451195478439e-02 2.056932821869850159e-02 5.399250984191894531e-02 2.173312008380889893e-02 1.552428584545850754e-02
6.930476427078247070e-02 1.382112503051757812e-02 4.387731477618217468e-02 2.595051750540733337e-02 4.134781658649444580e-02 1.320589147508144379e-02 1.148730218410491943e-01 2.460700646042823792e-02 3.017807751893997192e-02 3.519283607602119446e-03 1.261154655367136002e-02 1.278232969343662262e-02 3.958261385560035706e-02 3.757704794406890869e-02 3.849521651864051819e-02 4.960607364773750305e-02 3.339273855090141296e-02 8.179488591849803925e-03 2.590675093233585358e-02 3.524441970512270927e-03 2.431268244981765747e-02 5.888208001852035522e-02 9.067629580385982990e-04 1.104811485856771469e-02 2.755709178745746613e-02 1.435759942978620529e-03 6.466329097747802734e-02 5.786371231079101562e-02 2.227750048041343689e-02 2.852101437747478485e-02 5.361596122384071350e-02 2.546299435198307037e-02 2.644379995763301849e-02 2.272593090310692787e-03 9.211198985576629639e-02 1.456290297210216522e-02 1.320407167077064514e-02 1.248775795102119446e-01 7.767385337501764297e-03 2.646722272038459778e-02 1.313346438109874725e-03 5.216692388057708740e-02 9.404698386788368225e-03 2.763712778687477112e-03 2.158644050359725952e-02 9.822804480791091919e-03 7.423242181539535522e-02 1.001652516424655914e-02 1.064129099249839783e-01 4.644346609711647034e-02 6.127154827117919922e-02 2.884568460285663605e-02 4.374039918184280396e-02 4.954308271408081055e-02 5.594178219325840473e-04 1.958468742668628693e-02 4.161365702748298645e-02 4.866071417927742004e-02 7.162149995565414429e-02 4.425301030278205872e-02 1.235585566610097885e-02 4.317336156964302063e-02 2.307875081896781921e-03 1.071013882756233215e-02 6.656021624803543091e-02 3.595070168375968933e-02 3.708443790674209595e-02 4.756051301956176758e-02 8.720169961452484131e-02 2.721177041530609131e-02 6.015545874834060669e-02 4.323071241378784180e-02 2.462018094956874847e-02 8.631999604403972626e-03 2.436598017811775208e-02 5.258949473500251770e-02 2.286180667579174042e-02 3.109996207058429718e-02 7.370442897081375122e-02 3.935068473219871521e-02 1.565687172114849091e-02 3.944857046008110046e-02 6.823641806840896606e-02 3.567380830645561218e-02 1.862927153706550598e-02 3.583612293004989624e-02 7.220704108476638794e-02 1.879854314029216766e-02 6.719708442687988281e-02 2.351833879947662354e-02 1.038275007158517838e-02 1.748564466834068298e-02 5.818651989102363586e-03 3.262834995985031128e-02 8.491574227809906006e-02 5.987656116485595703e-02 2.173819113522768021e-03 1.721933670341968536e-02 1.506469491869211197e-02 2.835625596344470978e-02 1.203850470483303070e-02 5.323472991585731506e-02 3.034751117229461670e-02 7.260654121637344360e-02 6.186918821185827255e-03 3.276986256241798401e-02 2.220350503921508789e-02 3.019826486706733704e-03 1.623698137700557709e-02 4.587632045149803162e-02 1.722753793001174927e-02 3.423192352056503296e-02 1.323839649558067322e-02 1.744839362800121307e-02 2.552958950400352478e-02 5.393275991082191467e-03
7.291484624147415161e-02 6.167276948690414429e-02 1.422588247805833817e-02 6.773854047060012817e-02 8.893066644668579102e-02 1.148730218410491943e-01 2.206216938793659210e-02 3.333362936973571777e-02 1.965275593101978302e-02 2.493988163769245148e-02 4.729107767343521118e-02 6.924824789166450500e-03 5.365348979830741882e-02 2.685227990150451660e-02 2.570512145757675171e-02 3.418754041194915771e-02 2.676856890320777893e-02 1.207049377262592316e-02 3.794478997588157654e-02 4.653709009289741516e-02 2.928499452536925673e-05 1.561009790748357773e-02 1.947291940450668335e-02 4.514246433973312378e-02 4.012880474328994751e-02 7.340681552886962891e-02 2.341233380138874054e-02 4.354774951934814453e-03 2.076561562716960907e-02 2.550341188907623291e-02 4.838505294173955917e-03 1.260516420006752014e-02 3.077370487153530121e-02 2.917417883872985840e-02 2.909033559262752533e-02 3.332323976792395115e-04 2.309488132596015930e-02 8.903626352548599243e-03 4.960770532488822937e-02 7.395331561565399170e-02 2.408776059746742249e-02 2.655702875927090645e-03 3.364175930619239807e-02 5.488089472055435181e-02 2.870582742616534233e-03 2.783661708235740662e-02 5.915933102369308472e-02 7.227341085672378540e-02 4.454128816723823547e-02 4.508868604898452759e-02 3.583497554063796997e-02 5.046346783638000488e-02 2.319136448204517365e-02 2.986399829387664795e-02 5.653684213757514954e-02 3.047860227525234222e-02 2.031558193266391754e-03 4.685531929135322571e-02 6.840630900114774704e-03 2.620437927544116974e-02 6.324324756860733032e-03 3.969462588429450989e-02 3.381718322634696960e-02 2.969271130859851837e-02 4.265168309211730957e-02 4.310385137796401978e-02 2.954811044037342072e-02 2.542098425328731537e-02 5.635926965624094009e-03 1.039927359670400620e-02 4.541312903165817261e-02 4.678432270884513855e-02 3.534606471657752991e-02 5.225801467895507812e-02 3.098046220839023590e-02 2.281506918370723724e-02 3.750633820891380310e-02 1.578553393483161926e-02 6.528843194246292114e-02 3.508727997541427612e-02 4.002973064780235291e-02 4.492760449647903442e-02 5.450908094644546509e-02 6.011367775499820709e-03 6.771165132522583008e-02 6.486889719963073730e-02 4.490088671445846558e-02 5.370420403778553009e-03 2.640373632311820984e-02 2.684191334992647171e-03 5.305379163473844528e-03 3.173003718256950378e-02 1.802630908787250519e-02 2.279423177242279053e-02 1.435102801769971848e-02 2.687943354249000549e-02 3.005129285156726837e-02 2.373154461383819580e-02 3.942145407199859619e-02 1.548723876476287842e-02 5.152251943945884705e-02 2.838923595845699310e-02 1.726953499019145966e-02 4.980131518095731735e-03 5.433174967765808105e-02 1.837628334760665894e-02 2.807171829044818878e-02 2.655299752950668335e-02 7.200466096401214600e-02 1.790983602404594421e-02 2.772513218224048615e-02 5.502977967262268066e-02 2.628665789961814880e-02 4.504538699984550476e-02 1.537754572927951813e-02 6.363710016012191772e-02
1.743979752063751221e-02 4.408794641494750977e-02 2.580742537975311279e-01 8.651503361761569977e-03 2.881469577550888062e-02 2.460700646042823792e-02 3.333362936973571777e-02 4.833634570240974426e-02 3.965819999575614929e-02 9.801868349313735962e-02 1.539770606905221939e-02 2.911357581615447998e-02 5.144545435905456543e-02 1.135699450969696045e-02 1.071577519178390503e-01 1.737955212593078613e-02 2.368394844233989716e-02 1.928873732686042786e-02 2.734996750950813293e-02 4.511375911533832550e-03 1.233362127095460892e-02 1.354432404041290283e-01 1.656987518072128296e-02 9.562344290316104889e-03 6.395376473665237427e-02 1.920411922037601471e-02 1.977355964481830597e-02 4.071939364075660706e-02 4.537768661975860596e-02 3.480973094701766968e-02 7.810648996382951736e-03 5.785690248012542725e-02 9.864526800811290741e-04 2.980820718221366405e-04 6.588790565729141235e-02 8.979785442352294922e-02 5.284607782959938049e-02 4.539067298173904419e-02 2.909694099798798561e-03 3.055819496512413025e-02 3.437376394867897034e-02 9.779475629329681396e-02 6.014715880155563354e-02 3.863883670419454575e-03 1.624140143394470215e-02 8.319780230522155762e-03 7.569191511720418930e-03 1.900638267397880554e-02 9.240278601646423340e-02 2.589703164994716644e-02 5.725850537419319153e-02 5.741330236196517944e-02 5.590431392192840576e-02 1.519803889095783234e-02 8.087573572993278503e-03 3.122569993138313293e-02 1.724307890981435776e-03 7.686962373554706573e-03 6.302005797624588013e-02 2.072037011384963989e-02 4.362616688013076782e-02 4.698419198393821716e-02 6.988411769270896912e-03 2.053152769804000854e-02 1.401651743799448013e-02 5.353038199245929718e-03 2.726799994707107544e-02 4.387157037854194641e-02 1.206203736364841461e-02 1.819375529885292053e-02 3.202167525887489319e-02 2.163613215088844299e-02 5.950176343321800232e-02 1.013352721929550171e-02 5.048120021820068359e-02 4.973723366856575012e-02 1.724153198301792145e-02 2.380864694714546204e-02 8.153475821018218994e-03 2.629570849239826202e-02 1.434680372476577759e-01 1.130279377102851868e-01 2.101843990385532379e-02 2.859524823725223541e-02 4.686059802770614624e-02 8.085404336452484131e-02 2.428450994193553925e-02 1.128468811511993408e-01 6.605716794729232788e-02 5.697837844491004944e-02 4.858739674091339111e-03 3.173813596367835999e-02 4.732584580779075623e-02 3.396821394562721252e-02 3.101250529289245605e-02 1.385311409831047058e-02 4.616235569119453430e-02 1.439381949603557587e-02 4.693571478128433228e-02 7.981947064399719238e-02 4.487812146544456482e-02 6.568557117134332657e-03 4.321876168251037598e-02 3.658033907413482666e-03 7.233703136444091797e-02 8.613795973360538483e-03 2.946406416594982147e-02 1.785444840788841248e-02 6.368977576494216919e-02 1.338838133960962296e-02 7.556514814496040344e-03 2.141194790601730347e-02 3.989828005433082581e-02 5.705600604414939880e-02 2.342057786881923676e-02 2.711319830268621445e-03
5.512018501758575439e-02 3.442719206213951111e-02 8.185911923646926880e-03 1.519607380032539368e-02 1.499448418617248535e-01 3.017807751893997192e-02 1.965275593101978302e-02 3.965819999575614929e-02 1.817920804023742676e-02 3.714432939887046814e-02 3.339575603604316711e-02 4.963053762912750244e-02 4.594116762746125460e-04 3.508907184004783630e-02 1.955819129943847656e-02 1.413226500153541565e-02 3.211431205272674561e-02 5.029204487800598145e-02 2.013607136905193329e-02 3.619370609521865845e-02 3.368832916021347046e-02 4.193303734064102173e-02 4.600625112652778625e-02 1.990322582423686981e-02 9.031658060848712921e-03 1.704861968755722046e-02 4.700221493840217590e-02 3.740023076534271240e-02 1.236101053655147552e-02 1.820099167525768280e-02 5.332156270742416382e-02 6.013673171401023865e-02 8.892357349395751953e-03 2.444462850689888000e-02 4.008834064006805420e-02 1.195523771457374096e-03 1.180060300976037979e-02 2.345853298902511597e-02 1.008910015225410461e-01 5.506028607487678528e-02 2.916741650551557541e-03 1.549433618783950806e-01 2.395449019968509674e-02 4.063995555043220520e-02 7.042856514453887939e-02 5.914267152547836304e-03 2.378858067095279694e-02 3.581261634826660156e-02 9.767053276300430298e-02 2.036406844854354858e-02 3.894759342074394226e-02 5.814157798886299133e-02 4.569094255566596985e-02 2.731402963399887085e-02 1.254141479730606079e-01 2.360167540609836578e-02 1.192639097571372986e-01 5.098967999219894409e-02 3.397051990032196045e-02 4.256492480635643005e-03 3.248934820294380188e-02 2.007896639406681061e-02 3.969712182879447937e-02 1.552216708660125732e-03 2.023173309862613678e-02 2.750317007303237915e-02 2.919125370681285858e-02 8.922874182462692261e-02 1.034659445285797119e-01 6.977356038987636566e-03 1.024797931313514709e-02 3.764752298593521118e-02 8.483181148767471313e-02 7.178297732025384903e-03 2.760821022093296051e-02 1.081068161875009537e-02 1.619390696287155151e-01 2.081436105072498322e-02 5.727915093302726746e-02 3.529650345444679260e-02 3.849938139319419861e-02 4.300191253423690796e-02 4.974289238452911377e-02 8.431142568588256836e-02 1.804337371140718460e-04 6.412579212337732315e-03 8.528989739716053009e-03 5.391235649585723877e-02 1.166408509016036987e-01 2.668362669646739960e-02 4.367914423346519470e-02 3.424582630395889282e-02 4.701741039752960205e-02 1.271149702370166779e-02 9.367655962705612183e-02 3.293123096227645874e-02 4.117304086685180664e-02 1.546425372362136841e-02 1.239000353962182999e-02 2.296575158834457397e-02 2.667425433173775673e-04 5.605665966868400574e-02 1.200787425041198730e-01 2.929505519568920135e-02 2.108014374971389771e-02 3.241313248872756958e-02 4.288839548826217651e-02 3.653565421700477600e-02 5.349565297365188599e-02 2.779652737081050873e-02 4.610271006822586060e-02 5.325456708669662476e-02 2.285169996321201324e-02 4.248414561152458191e-02 3.008014149963855743e-02 4.949598759412765503e-02
5.518206860870122910e-03 1.370015670545399189e-03 1.246489584445953369e-02 8.899667300283908844e-03 1.726054958999156952e-02 3.519283607602119446e-03 2.493988163769245148e-02 9.801868349313735962e-02 3.714432939887046814e-02 7.913117110729217529e-02 2.195542864501476288e-02 4.318117350339889526e-02 1.218634005635976791e-02 2.481275796890258789e-02 2.781243063509464264e-02 6.664400547742843628e-02 2.295408584177494049e-02 4.377825930714607239e-02 1.289951335638761520e-02 9.949148632586002350e-03 7.523281034082174301e-03 8.996888250112533569e-02 3.583405539393424988e-02 7.490426301956176758e-02 5.115967616438865662e-02 2.682428807020187378e-02 1.275700889527797699e-02 1.511217746883630753e-02 4.732250049710273743e-02 2.100249193608760834e-02 6.174811720848083496e-02 2.039633505046367645e-02 5.368836969137191772e-02 2.949358522891998291e-02 3.978997468948364258e-02 4.956965520977973938e-02 3.230592235922813416e-03 5.758684501051902771e-02 2.612683456391096115e-03 1.058743335306644440e-02 6.759254634380340576e-02 1.943688839673995972e-02 1.425241772085428238e-02 2.460025437176227570e-02 6.907523423433303833e-02 8.072304725646972656e-02 1.574164256453514099e-02 2.094202861189842224e-02 1.979854889214038849e-02 1.273497790098190308e-01 1.231960114091634750e-02 2.711841277778148651e-02 9.364372491836547852e-02 9.561001788824796677e-04 8.450427092611789703e-03 7.962023466825485229e-02 6.349886953830718994e-02 3.486111760139465332e-02 4.892170801758766174e-02 2.258007414638996124e-02 6.134979799389839172e-02 4.578693211078643799e-02 4.053408280014991760e-02 1.525425165891647339e-01 1.808694563806056976e-02 1.029183436185121536e-02 3.142568096518516541e-02 4.095477052032947540e-03 3.285328671336174011e-02 4.589787684381008148e-03 8.336859941482543945e-02 1.349660754203796387e-02 5.950283259153366089e-02 8.980473875999450684e-02 1.836783811450004578e-02 3.452232107520103455e-02 6.354893743991851807e-02 1.444213688373565674e-01 1.504338998347520828e-02 1.209765225648880005e-01 5.400794371962547302e-02 9.556555002927780151e-02 1.119819507002830505e-01 3.121000528335571289e-02 3.680819645524024963e-02 3.427346050739288330e-02 6.330865900963544846e-03 7.980999350547790527e-02 4.646532610058784485e-02 1.181812807917594910e-01 1.258839294314384460e-02 5.071642622351646423e-02 2.276249229907989502e-02 5.887214839458465576e-02 3.725287038832902908e-03 1.629889360629022121e-03 6.858915835618972778e-02 3.659775853157043457e-02 3.207460790872573853e-02 3.267124667763710022e-02 1.012843567878007889e-02 2.096226252615451813e-02 1.156845409423112869e-02 5.220071971416473389e-02 8.163535036146640778e-03 2.520443312823772430e-02 3.621334955096244812e-02 3.187321126461029053e-03 1.945780962705612183e-02 1.175049040466547012e-02 2.927645109593868256e-02 1.869724830612540245e-03 6.114351749420166016e-02 3.216639906167984009e-02 6.013990566134452820e-02 9.104579687118530273e-03
8.708708733320236206e-02 6.797076761722564697e-02 2.700393833220005035e-02 6.603072583675384521e-02 4.313423112034797668e-02 1.261154655367136002e-02 4.729107767343521118e-02 1.539770606905221939e-02 3.339575603604316711e-02 2.195542864501476288e-02 4.690476506948471069e-02 2.386579662561416626e-02 6.967058032751083374e-02 2.847217023372650146e-02 6.213386356830596924e-02 2.098444476723670959e-02 2.274854481220245361e-02 2.352979406714439392e-02 4.038125276565551758e-02 2.793898805975914001e-03 2.409769035875797272e-02 1.144418772310018539e-02 3.892746940255165100e-02 4.552648216485977173e-02 1.938446797430515289e-02 7.000311277806758881e-03 1.677722786553204060e-03 6.736114621162414551e-03 1.141061726957559586e-02 1.748636178672313690e-02 5.343402922153472900e-02 3.156347572803497314e-02 1.736434176564216614e-02 4.100012406706809998e-02 1.663302443921566010e-02 2.866195701062679291e-02 1.927106082439422607e-02 5.977678671479225159e-02 4.775147140026092529e-02 4.622104018926620483e-02 1.300827134400606155e-02 3.213220089673995972e-02 4.282558336853981018e-02 2.898778766393661499e-02 3.435508115217089653e-03 1.210201345384120941e-02 5.347631871700286865e-02 6.712871789932250977e-02 3.721265867352485657e-02 6.111742462962865829e-03 3.504042327404022217e-02 8.185315877199172974e-03 3.640495613217353821e-02 3.419854119420051575e-02 6.720294803380966187e-02 2.626334503293037415e-02 3.143876791000366211e-02 2.211532182991504669e-02 2.522116899490356445e-02 1.892758905887603760e-02 1.734121516346931458e-02 3.979974612593650818e-02 1.249257009476423264e-02 1.059021726250648499e-01 5.226762592792510986e-02 7.792337983846664429e-02 3.852695599198341370e-02 3.024526685476303101e-02 2.532540448009967804e-02 2.358169294893741608e-02 1.990377716720104218e-02 6.348459515720605850e-03 4.775856807827949524e-02 3.901523724198341370e-02 1.200848724693059921e-03 5.637009628117084503e-03 4.684472456574440002e-02 1.630867086350917816e-02 3.701502829790115356e-02 6.114578340202569962e-03 1.969326287508010864e-03 3.886762715410441160e-04 1.329413428902626038e-02 2.208597026765346527e-02 6.852161604911088943e-03 3.581081330776214600e-02 4.624594375491142273e-02 3.911549225449562073e-02 7.598311640322208405e-03 5.342197418212890625e-02 2.242249995470046997e-02 2.415220439434051514e-02 7.015296071767807007e-02 4.671931266784667969e-02 1.799147762358188629e-02 1.680075377225875854e-02 4.157987609505653381e-02 4.808583483099937439e-02 3.568525612354278564e-02 1.054028049111366272e-02 2.596036717295646667e-02 2.076528407633304596e-02 3.907920792698860168e-02 4.761669412255287170e-02 3.210013732314109802e-02 2.858473919332027435e-02 3.983293101191520691e-02 6.406984478235244751e-02 2.871887572109699249e-02 8.076461381278932095e-04 5.227016285061836243e-02 7.064016070216894150e-03 1.498674042522907257e-02 2.312803640961647034e-02 1.414228700014064088e-05 1.191092561930418015e-02
2.496431767940521240e-02 4.016020148992538452e-02 1.135722920298576355e-02 4.803953692317008972e-02 5.037402734160423279e-02 1.278232969343662262e-02 6.924824789166450500e-03 2.911357581615447998e-02 4.963053762912750244e-02 4.318117350339889526e-02 2.386579662561416626e-02 3.825580328702926636e-02 1.212763972580432892e-02 1.902551203966140747e-01 1.098902374505996704e-01 1.432640384882688522e-02 3.183303028345108032e-02 6.526481593027710915e-04 8.536569029092788696e-02 5.008616670966148376e-02 9.326988831162452698e-03 4.476056247949600220e-02 7.628642022609710693e-02 6.140926107764244080e-02 3.525428846478462219e-02 2.507375925779342651e-02 2.803920768201351166e-02 6.778036057949066162e-02 2.264248579740524292e-02 1.724239140748977661e-01 7.905314676463603973e-03 3.259181603789329529e-02 8.170894533395767212e-02 7.689596619457006454e-03 2.003221958875656128e-02 1.063944873749278486e-04 5.106165539473295212e-03 6.406757235527038574e-02 1.458303928375244141e-01 4.651489481329917908e-02 4.951062053442001343e-02 9.197984635829925537e-02 8.071452379226684570e-02 6.171385291963815689e-03 1.244777962565422058e-01 6.163580715656280518e-02 4.935589432716369629e-02 2.403399161994457245e-02 8.228984661400318146e-03 5.167181789875030518e-02 1.544567756354808807e-02 9.005811810493469238e-02 2.646618336439132690e-02 5.721678491681814194e-03 4.563370347023010254e-02 4.328231886029243469e-02 5.184063687920570374e-02 1.228724140673875809e-02 2.328016422688961029e-02 7.915085554122924805e-02 1.122786477208137512e-01 3.030851669609546661e-02 2.500109933316707611e-02 9.914611466228961945e-03 2.230161242187023163e-02 1.596323587000370026e-02 2.786029316484928131e-02 4.292768239974975586e-02 1.422631368041038513e-02 1.992597989737987518e-02 2.546384744346141815e-02 2.888129465281963348e-02 1.911068917252123356e-03 7.921426557004451752e-03 5.554681271314620972e-02 5.578136816620826721e-02 5.697848647832870483e-02 1.225317269563674927e-01 8.543074876070022583e-02 3.088671155273914337e-02 3.112059831619262695e-02 6.489963084459304810e-02 5.534055456519126892e-02 4.645129293203353882e-02 4.636033903807401657e-03 1.450143102556467056e-02 3.723285719752311707e-02 1.942410250194370747e-03 4.099361971020698547e-02 1.054316163063049316e-01 3.987752646207809448e-02 5.870384164154529572e-03 5.003974307328462601e-03 3.119038045406341553e-02 1.122358161956071854e-02 4.831035435199737549e-02 6.287386268377304077e-02 2.950638532638549805e-02 1.355315465480089188e-02 1.676015928387641907e-02 2.297948114573955536e-02 1.771572791039943695e-02 4.782739095389842987e-03 1.563858985900878906e-02 4.903006926178932190e-02 1.278351806104183197e-02 3.123569302260875702e-03 6.688980758190155029e-02 4.518315196037292480e-02 3.955129161477088928e-02 1.597298122942447662e-02 4.376471415162086487e-02 8.577238768339157104e-02 1.002758648246526718e-02 6.593438982963562012e-02 3.160351887345314026e-02
6.185300648212432861e-02 5.743006989359855652e-02 3.858085349202156067e-02 2.028242871165275574e-02 4.009509459137916565e-03 3.958261385560035706e-02 5.365348979830741882e-02 5.144545435905456543e-02 4.594116762746125460e-04 1.218634005635976791e-02 6.967058032751083374e-02 1.212763972580432892e-02 3.452835232019424438e-02 2.999874018132686615e-02 5.396302789449691772e-02 3.471868485212326050e-02 4.367997404187917709e-03 3.860314190387725830e-02 8.859659545123577118e-03 5.015869811177253723e-02 1.285872887820005417e-02 4.577934741973876953e-02 2.388175111263990402e-03 1.789411064237356186e-03 2.669538930058479309e-02 5.398429930210113525e-02 5.991649255156517029e-02 1.017653197050094604e-02 4.390197992324829102e-02 1.585448160767555237e-02 5.663810297846794128e-02 8.292055688798427582e-03 5.302823707461357117e-02 4.035111144185066223e-02 4.587559960782527924e-03 3.163387253880500793e-02 5.783956497907638550e-02 9.831230156123638153e-03 1.618425734341144562e-02 3.078099526464939117e-02 4.282237589359283447e-02 1.387288607656955719e-02 5.329084582626819611e-03 4.296858236193656921e-02 6.862293463200330734e-03 2.177359722554683685e-02 6.596267968416213989e-02 4.638399556279182434e-02 2.985780593007802963e-03 6.217684596776962280e-02 2.401668392121791840e-02 1.512969471514225006e-02 5.272354930639266968e-03 1.297375746071338654e-02 3.238275647163391113e-02 4.699860885739326477e-02 2.411104179918766022e-02 1.686195097863674164e-02 2.728113438934087753e-03 1.140965055674314499e-02 2.491758391261100769e-02 1.820495910942554474e-02 8.205045014619827271e-03 1.138082519173622131e-02 4.745917394757270813e-02 5.783853679895401001e-02 1.133877970278263092e-02 9.757972322404384613e-03 3.921317309141159058e-02 2.320330590009689331e-02 5.385757982730865479e-02 2.007232978940010071e-02 3.587973536923527718e-03 1.537772011943161488e-03 1.754820812493562698e-03 2.083623223006725311e-02 1.038892101496458054e-02 9.299155324697494507e-03 3.175822645425796509e-02 4.356559738516807556e-02 1.118493359535932541e-02 3.784865885972976685e-02 3.121049888432025909e-02 6.249292194843292236e-02 1.704151183366775513e-02 2.206549048423767090e-02 3.745434060692787170e-02 3.145685419440269470e-02 2.703502960503101349e-02 1.873212493956089020e-02 3.185858950018882751e-02 3.381733223795890808e-02 4.900202155113220215e-02 5.452109128236770630e-02 5.909435451030731201e-03 2.952648885548114777e-02 2.902378141880035400e-02 1.322553958743810654e-02 4.161222279071807861e-02 1.511536911129951477e-02 2.825642749667167664e-02 3.650457784533500671e-02 2.335493080317974091e-02 2.568721584975719452e-02 4.834916442632675171e-02 1.768731139600276947e-02 2.725112251937389374e-02 3.487259522080421448e-02 5.512750148773193359e-02 9.774733334779739380e-04 4.294144734740257263e-02 5.806940793991088867e-02 5.804537609219551086e-02 7.496136822737753391e-05 1.485219690948724747e-02 1.988267293199896812e-03
