9.530311077833175659e-02 1.988741904497146606e-01 2.982315234839916229e-02 2.071717567741870880e-02 1.205285824835300446e-02 1.255326122045516968e-01 8.521983772516250610e-02 1.833006367087364197e-02 7.778937928378582001e-03 8.164804428815841675e-03 1.004532873630523682e-01 3.252819925546646118e-02 1.073555499315261841e-01 1.660136133432388306e-02 7.823787629604339600e-03 1.461879536509513855e-02 9.902449324727058411e-03 2.380092861130833626e-03 3.749025613069534302e-02 3.286125138401985168e-02 3.034076839685440063e-02 2.436186932027339935e-02 5.233041010797023773e-03 8.026652038097381592e-03 5.425077304244041443e-02 2.192469313740730286e-02 1.428864151239395142e-02 6.406442727893590927e-03 4.896754026412963867e-02 6.747466977685689926e-03 6.594753358513116837e-03 1.167446561157703400e-02 1.007644366472959518e-02 2.107035601511597633e-03 1.351563259959220886e-02 3.674713196232914925e-03 1.470784842967987061e-02 3.076464682817459106e-02 2.214721962809562683e-02 6.616055179620161653e-05 2.913032099604606628e-02 6.791894789785146713e-03 6.683092098683118820e-03 5.940992850810289383e-03 1.923760771751403809e-02 8.681681007146835327e-03 7.596536725759506226e-02 3.064442612230777740e-02 1.012957282364368439e-02 9.779323823750019073e-03 6.492706015706062317e-03 1.166669372469186783e-02 3.260758472606539726e-03 4.800401255488395691e-02 2.994523569941520691e-02 7.870163768529891968e-03 4.268119484186172485e-02 6.941009778529405594e-03 6.335423327982425690e-03 4.689745232462882996e-02 1.607324555516242981e-02 2.889078669250011444e-02 2.473274432122707367e-02 2.869883552193641663e-02 7.590669393539428711e-02 5.978205427527427673e-02 1.885756105184555054e-02 1.083374768495559692e-02 5.683318246155977249e-03 2.407938800752162933e-02 3.562104655429720879e-03 3.449139744043350220e-02 1.313763670623302460e-02 1.531333662569522858e-02 1.752927154302597046e-02 5.719453096389770508e-02 1.077986974269151688e-02 4.805828502867370844e-04 3.486335650086402893e-02 4.821162298321723938e-02 4.234222322702407837e-02 2.628108020871877670e-03 1.778347603976726532e-02 2.390017546713352203e-02 3.210378810763359070e-03 1.644424535334110260e-02 2.155902050435543060e-02 1.043571904301643372e-02 1.163732726126909256e-02 4.753031581640243530e-02 6.958927214145660400e-02 2.315061725676059723e-02 6.920080631971359253e-02 1.149692572653293610e-02 2.728816121816635132e-02 1.461823098361492157e-02 9.046701714396476746e-03 1.135680824518203735e-02 1.534321578219532967e-03 1.768430578522384167e-03 9.335749200545251369e-04 2.236374653875827789e-03 2.730261906981468201e-02 3.312268061563372612e-03 1.364968065172433853e-02 3.801270574331283569e-02 1.080097910016775131e-02 1.724751666188240051e-02 2.823760546743869781e-02 1.479713339358568192e-02 7.295506657101213932e-04 4.342316463589668274e-02 1.367767062038183212e-02 1.805385225452482700e-03 1.097496226429939270e-02 2.241815440356731415e-02
1.988741904497146606e-01 7.686932384967803955e-02 1.298186834901571274e-02 2.236940152943134308e-02 1.875957241281867027e-03 9.954423457384109497e-02 8.736255019903182983e-02 2.980167604982852936e-02 2.844506688416004181e-02 7.190571632236242294e-03 1.011176928877830505e-01 1.046740263700485229e-02 1.202799230813980103e-01 6.607913877815008163e-03 2.016217820346355438e-02 1.351322978734970093e-02 6.764252670109272003e-03 6.060695275664329529e-03 3.336309269070625305e-02 1.331011392176151276e-02 4.560493305325508118e-02 3.902991488575935364e-02 7.090636529028415680e-03 2.681829966604709625e-03 2.727951295673847198e-02 1.686207763850688934e-02 2.057869546115398407e-02 2.284231595695018768e-02 9.715527296066284180e-03 2.617214806377887726e-03 1.749396696686744690e-02 1.410602498799562454e-02 1.473832689225673676e-02 9.004789404571056366e-03 4.058109130710363388e-03 4.270850680768489838e-03 3.545396775007247925e-02 2.630128292366862297e-03 3.334726393222808838e-02 1.423157472163438797e-02 3.493160475045442581e-03 1.617625355720520020e-02 6.139474920928478241e-03 1.103677414357662201e-02 2.792186848819255829e-02 3.385737165808677673e-02 5.933487787842750549e-02 4.258995130658149719e-02 3.960088640451431274e-02 1.177975814789533615e-02 1.193541288375854492e-02 9.932898916304111481e-03 1.382278744131326675e-02 1.068233791738748550e-02 1.748858392238616943e-02 3.168419748544692993e-02 6.578700849786400795e-04 3.994681872427463531e-03 1.081387978047132492e-02 9.748349897563457489e-03 2.680005133152008057e-02 3.886326157953590155e-05 2.032480202615261078e-02 4.777524992823600769e-02 7.670492678880691528e-02 6.382915377616882324e-02 9.125507436692714691e-03 2.746964618563652039e-02 5.402004811912775040e-03 4.983565770089626312e-03 3.812477923929691315e-03 5.540765821933746338e-02 1.628658920526504517e-02 7.700497750192880630e-03 4.075005277991294861e-02 1.864039525389671326e-02 1.203658804297447205e-02 1.271426212042570114e-02 3.046955354511737823e-02 5.053084343671798706e-02 8.364959503524005413e-04 1.764740981161594391e-02 6.232462450861930847e-02 9.999574162065982819e-03 1.837773062288761139e-02 2.322490885853767395e-02 8.631914854049682617e-03 2.100259764119982719e-03 4.718350619077682495e-02 2.244797535240650177e-02 2.945138327777385712e-02 2.680721506476402283e-02 7.393548637628555298e-02 1.972948573529720306e-02 1.899516396224498749e-02 9.445218369364738464e-03 4.558156710118055344e-03 4.404171835631132126e-03 6.011051009409129620e-04 5.885448306798934937e-03 3.656386630609631538e-03 1.689410023391246796e-02 2.362010814249515533e-02 7.190066855400800705e-03 1.184858009219169617e-02 2.070500142872333527e-02 1.053717639297246933e-02 2.282551431562751532e-04 2.663719700649380684e-03 1.210942585021257401e-02 1.411973149515688419e-03 1.176390703767538071e-02 3.948464524000883102e-03 1.518534962087869644e-02 9.338728152215480804e-03 1.243513450026512146e-02
2.982315234839916229e-02 1.298186834901571274e-02 1.514759510755538940e-01 4.272705689072608948e-02 7.754207588732242584e-03 1.017345767468214035e-02 1.659340970218181610e-02 1.626185029745101929e-01 3.578773140907287598e-02 3.577138483524322510e-02 2.914992906153202057e-02 7.103154901415109634e-03 1.377791445702314377e-02 4.295722022652626038e-02 1.623326679691672325e-03 2.800186350941658020e-02 1.091944612562656403e-02 2.334951981902122498e-02 3.261978970840573311e-03 4.853693395853042603e-02 2.895324490964412689e-02 3.033903054893016815e-02 2.556979097425937653e-02 3.100451827049255371e-02 5.044740065932273865e-02 3.204145282506942749e-02 1.406267751008272171e-02 1.379001326858997345e-02 3.799808677285909653e-03 2.558934874832630157e-02 1.468354742974042892e-02 7.815930992364883423e-03 4.591650515794754028e-02 2.401942759752273560e-02 4.194258525967597961e-02 1.857899501919746399e-02 2.636111713945865631e-02 3.709052875638008118e-02 1.177993342280387878e-01 1.204254552721977234e-01 3.568781912326812744e-02 7.823945954442024231e-03 1.751647889614105225e-02 1.889655590057373047e-01 3.690049424767494202e-02 1.764347404241561890e-02 2.549265511333942413e-02 2.910426072776317596e-02 6.912246346473693848e-03 3.041224181652069092e-02 1.479656528681516647e-02 1.608093455433845520e-02 7.963664084672927856e-02 9.290280751883983612e-03 6.824234500527381897e-03 9.455350227653980255e-03 3.880206868052482605e-02 5.164919048547744751e-02 4.134570062160491943e-02 2.940246090292930603e-02 2.557010762393474579e-02 1.343994587659835815e-02 6.301493849605321884e-03 1.623972505331039429e-02 1.766597293317317963e-02 1.587948948144912720e-02 1.969844475388526917e-02 2.604991756379604340e-02 1.692162640392780304e-02 2.206821180880069733e-02 4.885494709014892578e-03 5.572600662708282471e-02 2.497592754662036896e-02 3.634642809629440308e-02 2.146891318261623383e-03 5.189921706914901733e-02 7.058472256176173687e-04 2.654599770903587341e-02 4.399288445711135864e-03 5.561110749840736389e-02 3.998046517372131348e-01 3.317840397357940674e-01 8.522308780811727047e-04 7.274094223976135254e-02 6.327167153358459473e-03 2.893491648137569427e-02 1.409883797168731689e-01 9.429136663675308228e-02 1.487110368907451630e-02 5.051512271165847778e-02 3.698376193642616272e-02 1.339330058544874191e-02 4.337790887802839279e-03 4.075898788869380951e-03 2.900419943034648895e-02 1.037323381751775742e-02 1.666470617055892944e-02 4.493313282728195190e-02 1.378068234771490097e-02 4.061818122863769531e-02 4.627038910984992981e-02 2.010938152670860291e-02 2.803249284625053406e-02 2.068407461047172546e-02 1.091035921126604080e-02 6.981617771089076996e-03 1.253941189497709274e-02 1.390559878200292587e-02 1.606397796422243118e-03 5.104183033108711243e-02 6.952293217182159424e-02 4.620725288987159729e-02 1.928445533849298954e-03 2.274964936077594757e-02 1.038351133465766907e-01 7.588835060596466064e-02
2.071717567741870880e-02 2.236940152943134308e-02 4.272705689072608948e-02 1.651059836149215698e-01 4.020244777202606201e-01 3.573075681924819946e-02 4.365728422999382019e-02 2.331488020718097687e-02 6.746519356966018677e-02 5.266444291919469833e-03 3.427223488688468933e-02 2.535671554505825043e-02 2.667143940925598145e-02 3.495508804917335510e-02 2.840382792055606842e-02 1.089190505445003510e-02 9.422395378351211548e-04 1.396068558096885681e-02 3.657269850373268127e-02 9.681321680545806885e-03 8.360798656940460205e-02 4.029673989862203598e-03 3.196079283952713013e-02 2.343499660491943359e-02 6.131342612206935883e-03 2.063712850213050842e-02 1.946225948631763458e-02 6.360276043415069580e-02 9.870218113064765930e-03 6.180674210190773010e-02 2.451076731085777283e-02 2.787456661462783813e-02 3.527199849486351013e-02 5.425520613789558411e-02 3.309558704495429993e-02 6.494359113276004791e-03 2.120364457368850708e-02 3.737535327672958374e-02 6.493164598941802979e-02 1.605260744690895081e-02 1.601784862577915192e-02 1.841491274535655975e-02 8.827899582684040070e-03 1.777602545917034149e-02 1.568404771387577057e-02 2.462249435484409332e-02 4.315325524657964706e-03 1.206712424755096436e-02 9.040779620409011841e-02 1.793096214532852173e-02 1.802583970129489899e-02 9.176177904009819031e-03 4.450114816427230835e-02 3.700359910726547241e-02 3.760843351483345032e-02 2.110006660223007202e-02 3.158572316169738770e-02 6.586998235434293747e-03 7.309349719434976578e-03 1.588685996830463409e-02 1.584870181977748871e-02 4.586431756615638733e-02 9.947223961353302002e-02 3.484756126999855042e-02 2.188830822706222534e-02 2.370982244610786438e-02 2.279255277244374156e-04 7.971541583538055420e-02 2.549690753221511841e-02 5.037692561745643616e-02 1.284395996481180191e-02 7.575095631182193756e-03 9.261067211627960205e-02 3.745613992214202881e-02 5.639116838574409485e-02 1.433320110663771629e-03 1.045141369104385376e-02 2.354433946311473846e-02 5.322391167283058167e-02 6.007376685738563538e-02 4.872159287333488464e-02 2.262941328808665276e-03 1.539518833160400391e-01 1.359221935272216797e-01 2.048144489526748657e-02 2.954487688839435577e-02 1.890991441905498505e-02 3.881780430674552917e-02 1.208285335451364517e-03 2.751664444804191589e-02 2.145430818200111389e-02 2.600816637277603149e-02 1.383951492607593536e-02 4.619395826011896133e-03 1.278328127227723598e-03 3.196571767330169678e-02 2.184294164180755615e-03 7.684302330017089844e-02 1.911345124244689941e-02 3.252415359020233154e-02 3.524135053157806396e-02 1.453232113271951675e-02 1.081666629761457443e-02 2.312867715954780579e-02 8.889875560998916626e-02 6.069511920213699341e-02 4.100266098976135254e-02 1.827012188732624054e-02 2.498880401253700256e-02 4.347395896911621094e-02 4.554632678627967834e-02 2.398844435811042786e-02 5.734736565500497818e-03 2.550285309553146362e-02 5.140178278088569641e-02 1.540843676775693893e-02
1.205285824835300446e-02 1.875957241281867027e-03 7.754207588732242584e-03 4.020244777202606201e-01 1.713340729475021362e-01 5.778115987777709961e-02 3.125368803739547729e-02 9.248977527022361755e-03 2.362797968089580536e-02 3.034358844161033630e-02 3.918569535017013550e-02 4.691308736801147461e-02 2.245232462882995605e-02 1.222224067896604538e-02 2.516978606581687927e-02 7.087878137826919556e-02 6.494701653718948364e-02 4.316929727792739868e-02 7.755378726869821548e-03 9.343344718217849731e-03 8.323644846677780151e-02 2.621166408061981201e-02 2.183090895414352417e-02 1.710973680019378662e-02 5.929896142333745956e-03 2.660733461380004883e-02 1.654835976660251617e-02 7.648099958896636963e-02 2.188366465270519257e-02 1.276813149452209473e-01 1.317205931991338730e-02 2.241771109402179718e-02 2.378298528492450714e-02 5.791629478335380554e-02 1.676891185343265533e-02 4.361873865127563477e-02 1.680134609341621399e-02 3.498367220163345337e-02 3.843922540545463562e-02 1.624329946935176849e-02 6.704059429466724396e-03 1.286421436816453934e-02 1.942910626530647278e-02 7.070110738277435303e-02 4.301252961158752441e-02 2.324810437858104706e-02 3.561460971832275391e-02 1.478110719472169876e-02 2.355181798338890076e-02 5.173683166503906250e-02 2.745565585792064667e-02 1.375356502830982208e-02 3.582894429564476013e-02 2.912345156073570251e-02 2.098432742059230804e-02 2.702674455940723419e-02 1.501472573727369308e-02 2.309808135032653809e-02 1.718163117766380310e-02 9.973897598683834076e-03 7.292544096708297729e-02 6.248204968869686127e-03 2.664132602512836456e-02 5.338057503104209900e-02 3.056186251342296600e-02 1.362917572259902954e-02 2.329974621534347534e-02 6.216545775532722473e-02 2.647524233907461166e-03 1.494403090327978134e-02 2.807628829032182693e-03 2.231393195688724518e-02 1.337933987379074097e-01 2.017911290749907494e-03 1.247762739658355713e-01 1.915599033236503601e-02 4.195484891533851624e-02 8.265042561106383801e-05 3.651928156614303589e-02 3.928321599960327148e-02 1.245766784995794296e-02 4.795526713132858276e-02 1.075018122792243958e-01 1.747144758701324463e-01 5.994285643100738525e-02 5.278687551617622375e-02 1.676815561950206757e-02 2.159482613205909729e-02 6.473132222890853882e-02 2.172314561903476715e-02 8.141416124999523163e-03 1.387669518589973450e-02 1.632315106689929962e-02 2.475461550056934357e-02 2.707271464169025421e-02 4.376855865120887756e-02 6.274326704442501068e-03 4.027004167437553406e-02 5.001050233840942383e-02 2.721279487013816833e-02 3.252952173352241516e-02 2.642790600657463074e-02 3.087395057082176208e-02 2.248953655362129211e-02 1.949401199817657471e-02 3.995233029127120972e-02 5.165421403944492340e-03 6.248160265386104584e-03 3.035286068916320801e-02 3.077775239944458008e-02 1.048006415367126465e-01 9.824616834521293640e-03 2.043201215565204620e-02 1.130570285022258759e-02 8.082288317382335663e-03 3.536664694547653198e-02
1.255326122045516968e-01 9.954423457384109497e-02 1.017345767468214035e-02 3.573075681924819946e-02 5.778115987777709961e-02 9.239378571510314941e-02 1.809278577566146851e-01 4.495375603437423706e-02 1.986598037183284760e-02 2.419782243669033051e-02 6.703437119722366333e-02 8.085087686777114868e-02 9.760831296443939209e-02 7.382635027170181274e-02 1.470637787133455276e-02 1.629497110843658447e-02 1.431973371654748917e-02 3.016148321330547333e-02 1.097958348691463470e-02 1.521881483495235443e-02 8.416805416345596313e-03 2.388584986329078674e-02 5.368247255682945251e-02 4.091662541031837463e-02 2.598901279270648956e-02 3.890815656632184982e-03 4.376917704939842224e-02 4.197465628385543823e-02 1.588851772248744965e-02 8.261528797447681427e-03 4.298456013202667236e-02 8.331154473125934601e-03 2.051089517772197723e-02 8.099495433270931244e-03 8.875343948602676392e-03 2.162010036408901215e-02 1.348443701863288879e-02 5.240327212959527969e-03 3.037075139582157135e-02 1.859530806541442871e-02 1.131778582930564880e-02 3.581197559833526611e-02 3.622012678533792496e-03 5.419862922281026840e-03 2.321152947843074799e-02 1.353044714778661728e-02 1.435705125331878662e-01 9.705920517444610596e-02 9.522764943540096283e-03 4.492361098527908325e-02 2.536850050091743469e-02 6.575706414878368378e-03 1.953363418579101562e-02 1.836334168910980225e-02 6.943307816982269287e-03 2.291127853095531464e-02 8.474703878164291382e-03 5.387453362345695496e-02 4.715220257639884949e-02 6.401896011084318161e-03 3.593929344788193703e-03 6.290989369153976440e-02 1.573470607399940491e-02 2.532434649765491486e-02 4.720687121152877808e-02 1.273833028972148895e-02 1.844655536115169525e-02 3.076656349003314972e-02 4.383695870637893677e-02 3.651318699121475220e-02 4.573268815875053406e-02 2.379738911986351013e-02 2.998664043843746185e-02 2.740012668073177338e-02 4.846357926726341248e-02 2.412445284426212311e-02 1.669386588037014008e-02 1.862715370953083038e-02 1.445383764803409576e-02 3.925809636712074280e-02 3.912885487079620361e-02 5.137638002634048462e-02 1.690140552818775177e-02 2.828311920166015625e-02 7.804493606090545654e-02 2.787408418953418732e-02 1.213570218533277512e-02 2.706169150769710541e-02 3.765464201569557190e-02 1.509143039584159851e-02 4.875782504677772522e-02 5.285735055804252625e-02 6.267854571342468262e-02 6.202104967087507248e-03 4.304530564695596695e-03 1.115815620869398117e-02 6.800728850066661835e-03 1.632983051240444183e-02 5.749207921326160431e-03 9.123030118644237518e-03 1.025386620312929153e-02 5.770598072558641434e-03 2.456183545291423798e-02 2.266944153234362602e-03 1.847662776708602905e-02 1.316166017204523087e-02 2.019939711317420006e-03 7.564000319689512253e-03 8.451041765511035919e-03 3.502432629466056824e-02 4.329434130340814590e-03 4.613969102501869202e-02 3.177618607878684998e-02 1.649679802358150482e-02 5.048271641135215759e-02 5.840662866830825806e-02
8.521983772516250610e-02 8.736255019903182983e-02 1.659340970218181610e-02 4.365728422999382019e-02 3.125368803739547729e-02 1.809278577566146851e-01 1.021357178688049316e-01 5.547961965203285217e-02 7.349618710577487946e-03 1.621957868337631226e-02 3.614530339837074280e-02 6.609235703945159912e-02 6.288414448499679565e-02 1.093805953860282898e-01 1.707465201616287231e-02 3.749358234927058220e-03 2.651952020823955536e-02 1.262944424524903297e-04 3.159282729029655457e-02 1.418304163962602615e-03 7.411063648760318756e-03 9.727464057505130768e-04 3.672679141163825989e-02 4.706074297428131104e-02 3.215022385120391846e-03 4.422272089868783951e-03 3.932939469814300537e-02 1.319074910134077072e-02 3.195344656705856323e-02 4.781346768140792847e-02 6.561990827322006226e-03 4.689615161623805761e-04 2.526634559035301208e-02 3.532019210979342461e-03 1.002377830445766449e-02 1.207315921783447266e-02 2.304929681122303009e-02 1.487496588379144669e-02 6.572390906512737274e-03 1.294928696006536484e-02 1.057474222034215927e-02 1.792060770094394684e-02 9.258159436285495758e-03 2.991319401189684868e-03 1.017710193991661072e-02 4.286319762468338013e-02 1.292374134063720703e-01 1.404166817665100098e-01 4.014634341001510620e-02 1.333848293870687485e-02 8.809460327029228210e-03 1.795373670756816864e-02 2.391779329627752304e-03 1.118026487529277802e-02 1.416867505759000778e-02 2.064968645572662354e-02 1.118160225450992584e-02 2.395426481962203979e-02 2.157205902040004730e-02 4.063420929014682770e-03 1.265455968677997589e-02 3.315913304686546326e-02 3.440686315298080444e-02 1.847149245440959930e-02 4.643497988581657410e-02 5.925585515797138214e-03 2.054865944955963641e-05 2.314968779683113098e-02 2.732542715966701508e-02 5.020072683691978455e-03 2.519949711859226227e-02 1.395253092050552368e-02 2.275773882865905762e-02 5.049461871385574341e-02 2.851968631148338318e-02 3.020067885518074036e-02 2.701515704393386841e-02 1.314990129321813583e-02 1.499043870717287064e-02 6.335358135402202606e-03 2.998105995357036591e-02 2.959780953824520111e-02 3.264309465885162354e-02 3.108836710453033447e-03 5.017364770174026489e-02 4.326612502336502075e-02 1.109451707452535629e-02 2.860220335423946381e-02 3.687229007482528687e-02 4.303109273314476013e-02 5.480064079165458679e-02 3.086167387664318085e-02 8.028254657983779907e-02 1.607347279787063599e-02 4.263319075107574463e-03 1.331721665337681770e-03 3.104802919551730156e-03 1.337359100580215454e-02 9.770489297807216644e-03 7.488016504794359207e-03 3.266985528171062469e-03 5.492098163813352585e-03 2.776000089943408966e-02 1.775904372334480286e-02 4.991147201508283615e-03 4.586550407111644745e-03 2.007873170077800751e-02 2.448437549173831940e-02 2.722932212054729462e-02 4.428092855960130692e-03 2.159428037703037262e-02 6.869956851005554199e-02 1.768815331161022186e-02 4.031551070511341095e-03 2.306370623409748077e-02 5.284968391060829163e-02
1.833006367087364197e-02 2.980167604982852936e-02 1.626185029745101929e-01 2.331488020718097687e-02 9.248977527022361755e-03 4.495375603437423706e-02 5.547961965203285217e-02 3.437165170907974243e-02 2.105297520756721497e-02 2.750103361904621124e-02 1.866273698396980762e-03 2.746395021677017212e-02 8.638367801904678345e-02 3.257692232728004456e-02 2.346266061067581177e-01 6.517918314784765244e-03 5.077645927667617798e-02 6.452886015176773071e-02 2.175841107964515686e-02 3.044671192765235901e-02 5.729470402002334595e-02 3.752284497022628784e-02 2.088231034576892853e-02 2.812721394002437592e-02 9.453963488340377808e-03 1.814939826726913452e-02 2.019255049526691437e-02 5.581199377775192261e-02 1.500565744936466217e-02 5.454028025269508362e-02 3.802262619137763977e-02 4.270238801836967468e-02 9.028595872223377228e-03 1.803059014491736889e-03 1.751373894512653351e-02 6.262519955635070801e-02 4.704092442989349365e-02 3.188376501202583313e-02 4.268265888094902039e-02 2.633033506572246552e-02 5.111160874366760254e-02 9.234801866114139557e-03 2.459597075358033180e-03 7.378378650173544884e-04 4.402415081858634949e-02 1.918316259980201721e-02 7.002072781324386597e-02 5.290009081363677979e-02 1.687229238450527191e-02 5.676274374127388000e-02 1.994619145989418030e-02 3.306882828474044800e-02 1.912318915128707886e-02 4.495418444275856018e-02 4.738212376832962036e-02 6.033728644251823425e-02 3.964875824749469757e-03 1.110800728201866150e-02 5.452127009630203247e-02 4.320681095123291016e-02 2.490656636655330658e-02 4.419498890638351440e-02 1.753352954983711243e-02 4.970916733145713806e-02 5.584456399083137512e-02 2.733626775443553925e-02 4.943267256021499634e-02 5.339648574590682983e-02 3.024873882532119751e-02 9.375374764204025269e-03 3.315168991684913635e-02 2.397413365542888641e-02 3.049599193036556244e-02 1.631226390600204468e-02 1.885765790939331055e-02 1.617817208170890808e-02 1.621340215206146240e-02 4.147004336118698120e-03 2.912234980612993240e-03 2.888305298984050751e-02 2.689464092254638672e-01 5.944925919175148010e-02 9.173372760415077209e-03 4.911596886813640594e-03 1.272860448807477951e-02 8.933320641517639160e-03 5.905284360051155090e-02 9.885898232460021973e-02 4.699452966451644897e-02 4.549786075949668884e-02 2.804437652230262756e-02 8.994972705841064453e-02 3.775653988122940063e-02 3.510571271181106567e-02 5.037724599242210388e-02 3.421601653099060059e-02 5.490778014063835144e-02 7.125221937894821167e-02 1.916836947202682495e-02 1.768618822097778320e-02 1.629516109824180603e-02 4.570581763982772827e-02 5.274669826030731201e-02 1.844100467860698700e-02 2.915860339999198914e-02 2.425419539213180542e-02 6.460540741682052612e-02 5.885736271739006042e-02 3.526866436004638672e-02 2.336142584681510925e-02 3.430366888642311096e-02 2.068069390952587128e-02 1.861356385052204132e-02 1.732024364173412323e-03 3.156522288918495178e-02 3.963561728596687317e-02
7.778937928378582001e-03 2.844506688416004181e-02 3.578773140907287598e-02 6.746519356966018677e-02 2.362797968089580536e-02 1.986598037183284760e-02 7.349618710577487946e-03 2.105297520756721497e-02 1.190793290734291077e-01 5.953635275363922119e-02 7.786470465362071991e-03 5.114850401878356934e-02 2.674378687515854836e-03 5.509955342859029770e-03 1.501170359551906586e-02 4.092439636588096619e-02 1.291176397353410721e-02 5.586955323815345764e-02 2.608545124530792236e-02 3.063021600246429443e-02 4.446280747652053833e-02 6.577035412192344666e-03 3.731834515929222107e-02 2.291299868375062943e-03 4.425017163157463074e-02 4.650499671697616577e-03 4.799234122037887573e-02 6.565441144630312920e-04 8.942926302552223206e-03 7.660315185785293579e-02 6.709120701998472214e-03 7.918102666735649109e-03 3.005641140043735504e-02 2.206520363688468933e-02 3.616370260715484619e-02 1.685534231364727020e-02 1.634891703724861145e-02 3.960122540593147278e-02 5.854350165463984013e-04 3.734543919563293457e-02 2.884530089795589447e-02 5.819380283355712891e-02 2.904334804043173790e-03 3.364384174346923828e-03 4.698753356933593750e-02 1.878025708720088005e-03 6.604214198887348175e-03 4.798062145709991455e-03 7.308528572320938110e-02 7.767195347696542740e-03 1.492341980338096619e-03 3.282168507575988770e-02 3.545448882505297661e-03 6.467282772064208984e-02 1.314909458160400391e-01 1.944415830075740814e-02 1.668482087552547455e-02 1.943747140467166901e-02 3.817919269204139709e-02 1.503459922969341278e-02 1.004368662834167480e-01 2.421128377318382263e-02 2.256682515144348145e-02 2.052658423781394958e-02 5.468021333217620850e-02 1.162838097661733627e-02 7.335420232266187668e-03 3.754610940814018250e-02 3.160132560878992081e-03 4.248104523867368698e-03 3.999692201614379883e-02 4.094215482473373413e-02 6.778814643621444702e-02 4.531395621597766876e-03 2.016938291490077972e-02 1.044977921992540359e-02 1.307919621467590332e-01 1.626037806272506714e-02 1.255728006362915039e-01 7.314106822013854980e-02 5.148200690746307373e-02 7.024964783340692520e-03 9.850824717432260513e-04 8.880301378667354584e-03 2.422886434942483902e-03 2.849322184920310974e-02 1.908171363174915314e-02 5.582051817327737808e-03 1.422413289546966553e-01 7.355735637247562408e-03 8.251992054283618927e-03 4.464799165725708008e-02 7.182688452303409576e-03 1.052295416593551636e-02 1.936287991702556610e-02 1.002554967999458313e-02 2.873412333428859711e-03 3.917270898818969727e-02 3.989062458276748657e-02 6.150343921035528183e-03 9.109011851251125336e-03 8.116117678582668304e-03 4.863454028964042664e-02 7.661240175366401672e-03 8.426508307456970215e-02 5.201134085655212402e-02 2.287972904741764069e-02 1.516971550881862640e-02 3.066485933959484100e-02 1.780147664248943329e-02 6.436914950609207153e-02 2.925262413918972015e-02 2.707940060645341873e-03 1.066112238913774490e-02 1.107594463974237442e-03 2.548894844949245453e-02
8.164804428815841675e-03 7.190571632236242294e-03 3.577138483524322510e-02 5.266444291919469833e-03 3.034358844161033630e-02 2.419782243669033051e-02 1.621957868337631226e-02 2.750103361904621124e-02 5.953635275363922119e-02 8.839844912290573120e-02 1.238116878084838390e-03 5.792624875903129578e-02 1.409246120601892471e-02 4.268397763371467590e-02 2.558378316462039948e-02 6.263399124145507812e-02 5.258354917168617249e-02 8.642916567623615265e-03 7.233029603958129883e-02 3.243956016376614571e-03 2.847641939297318459e-03 1.542452443391084671e-02 3.022991307079792023e-02 1.806562580168247223e-02 2.958123805001378059e-03 4.240053892135620117e-02 2.354572527110576630e-02 4.778075963258743286e-02 2.946695126593112946e-02 5.385685712099075317e-02 1.068344805389642715e-02 2.358815073966979980e-02 4.856479912996292114e-02 1.625363156199455261e-02 3.590006753802299500e-02 3.953123465180397034e-02 3.054711781442165375e-02 2.231627004221081734e-03 1.743724383413791656e-02 1.862648874521255493e-02 2.417051047086715698e-02 5.618031136691570282e-03 4.386596009135246277e-02 2.665479108691215515e-02 6.544324755668640137e-02 2.580508217215538025e-02 7.167472504079341888e-03 6.472696550190448761e-03 2.934511564671993256e-02 1.281085610389709473e-01 2.880299277603626251e-02 9.235860779881477356e-03 7.567212451249361038e-03 2.637636847794055939e-02 3.476830199360847473e-02 9.912295639514923096e-02 1.448907982558012009e-02 4.889781028032302856e-02 1.465116254985332489e-02 5.004522390663623810e-03 4.627496004104614258e-02 3.829599544405937195e-02 2.314705587923526764e-02 6.760675460100173950e-02 6.424024468287825584e-04 1.868545077741146088e-02 3.558918368071317673e-03 4.312894493341445923e-02 5.160627514123916626e-02 4.819552227854728699e-02 8.723383396863937378e-02 4.402647726237773895e-03 9.189289808273315430e-02 7.535937428474426270e-02 1.670928671956062317e-02 1.019585691392421722e-02 6.297937035560607910e-02 2.022410035133361816e-01 1.989921182394027710e-02 1.323229223489761353e-01 9.675801731646060944e-03 1.145944278687238693e-02 3.231946006417274475e-02 4.212299734354019165e-02 1.214725710451602936e-02 6.523638218641281128e-02 9.241765365004539490e-03 2.353275567293167114e-02 2.489080838859081268e-02 1.034086793661117554e-01 1.735050603747367859e-02 2.735442854464054108e-02 1.067299395799636841e-02 9.441278874874114990e-03 2.310606278479099274e-02 1.407016534358263016e-02 7.090017944574356079e-02 1.234592590481042862e-02 2.893264591693878174e-02 5.711803957819938660e-02 1.268422044813632965e-02 1.752719841897487640e-02 1.752343587577342987e-02 1.522399391978979111e-02 2.873584069311618805e-02 9.716331958770751953e-03 6.495406385511159897e-03 3.082538209855556488e-02 2.804852090775966644e-02 5.008411128073930740e-03 1.679226383566856384e-02 2.432387135922908783e-02 1.790577778592705727e-03 1.498418860137462616e-02 6.105801090598106384e-03 1.419915538281202316e-02
1.004532873630523682e-01 1.011176928877830505e-01 2.914992906153202057e-02 3.427223488688468933e-02 3.918569535017013550e-02 6.703437119722366333e-02 3.614530339837074280e-02 1.866273698396980762e-03 7.786470465362071991e-03 1.238116878084838390e-03 8.301366120576858521e-02 2.621775306761264801e-02 1.185247302055358887e-01 2.122416859492659569e-03 1.948240399360656738e-02 1.961696520447731018e-02 2.676036767661571503e-02 2.646062709391117096e-02 9.641195647418498993e-03 1.069660205394029617e-02 1.182942767627537251e-03 1.252420991659164429e-02 2.767386904451996088e-04 1.620212453417479992e-03 2.276710979640483856e-02 2.503382600843906403e-02 2.370686456561088562e-02 2.013335935771465302e-02 6.625134497880935669e-02 2.351958677172660828e-02 4.977533221244812012e-02 4.489241540431976318e-02 1.483445405028760433e-03 4.810556769371032715e-02 7.467112154699862003e-04 2.432597801089286804e-02 3.706874325871467590e-02 1.414987258613109589e-02 1.065391395241022110e-02 2.854585833847522736e-02 1.431249664165079594e-03 5.471816752105951309e-03 5.115452222526073456e-03 3.223942965269088745e-02 7.553617469966411591e-03 3.663515299558639526e-02 4.576292634010314941e-02 1.128496322780847549e-02 3.179979696869850159e-02 1.653361134231090546e-02 1.324245939031243324e-03 9.793368168175220490e-03 3.029454685747623444e-02 3.330200910568237305e-02 8.043779991567134857e-03 3.254204243421554565e-02 2.408800460398197174e-02 1.660371758043766022e-02 2.673847973346710205e-02 3.543680161237716675e-02 6.066323816776275635e-02 1.584147219546139240e-03 1.158590056002140045e-02 5.148387700319290161e-02 8.105436712503433228e-02 7.053922116756439209e-02 1.875181309878826141e-02 2.738099731504917145e-02 1.276359520852565765e-02 2.615347877144813538e-02 6.908544339239597321e-03 1.410820521414279938e-02 2.924326807260513306e-02 1.114226295612752438e-03 3.887439845129847527e-03 2.764695882797241211e-02 3.991447854787111282e-03 8.738527074456214905e-03 9.758749976754188538e-03 1.853632368147373199e-02 2.729575335979461670e-02 1.225606352090835571e-02 9.712451137602329254e-03 2.065632678568363190e-02 1.443775929510593414e-02 1.748604234308004379e-03 5.974563211202621460e-02 3.690550848841667175e-02 3.581950441002845764e-02 2.660237625241279602e-02 3.002894669771194458e-02 3.275251761078834534e-02 1.180318463593721390e-02 3.762053698301315308e-02 1.266493555158376694e-02 1.079998258501291275e-02 1.399277895689010620e-02 6.975653581321239471e-03 5.856816191226243973e-03 6.647097412496805191e-03 1.972576417028903961e-02 2.155873179435729980e-02 2.245085500180721283e-02 1.205198816023766994e-03 3.161558182910084724e-03 4.516349732875823975e-02 2.704476006329059601e-02 8.365321904420852661e-03 2.710949070751667023e-02 6.681697908788919449e-03 1.567250303924083710e-02 1.526463660411536694e-03 2.098154090344905853e-02 2.607049653306603432e-03 9.927452541887760162e-03 5.011231079697608948e-02
3.252819925546646118e-02 1.046740263700485229e-02 7.103154901415109634e-03 2.535671554505825043e-02 4.691308736801147461e-02 8.085087686777114868e-02 6.609235703945159912e-02 2.746395021677017212e-02 5.114850401878356934e-02 5.792624875903129578e-02 2.621775306761264801e-02 1.230789497494697571e-01 5.373958032578229904e-03 1.196677908301353455e-01 3.658299148082733154e-02 5.656168237328529358e-02 1.148522086441516876e-02 1.331889303401112556e-03 2.184142917394638062e-02 2.692552655935287476e-02 1.868579071015119553e-03 3.387551521882414818e-03 9.237891435623168945e-02 6.336230039596557617e-02 9.453400853089988232e-04 7.173731457442045212e-03 5.309392581693828106e-04 1.243873983621597290e-01 7.174907252192497253e-03 9.295878559350967407e-02 1.289500296115875244e-02 2.520950883626937866e-02 2.503993455320596695e-03 2.891651913523674011e-02 3.039208240807056427e-02 3.105857037007808685e-02 3.960160538554191589e-02 1.471304334700107574e-02 1.045081997290253639e-03 4.594056867063045502e-03 2.588668838143348694e-02 1.048652455210685730e-02 1.252411585301160812e-02 6.882353685796260834e-03 1.108155995607376099e-01 6.562380492687225342e-02 6.136294454336166382e-02 4.341181367635726929e-02 1.000401377677917480e-02 1.011656317859888077e-02 3.565566241741180420e-02 4.809189215302467346e-02 2.085273712873458862e-02 1.966664195060729980e-02 8.110072463750839233e-03 1.466579549014568329e-02 3.780102357268333435e-02 9.249019436538219452e-03 9.774451144039630890e-03 3.294245153665542603e-02 2.334026619791984558e-03 8.141069673001766205e-03 2.395634911954402924e-02 4.548700526356697083e-02 4.631453752517700195e-02 4.287374392151832581e-02 3.213464196960558183e-06 1.110314670950174332e-02 1.772625930607318878e-02 7.226171344518661499e-02 3.186594694852828979e-02 3.033828176558017731e-02 6.078046187758445740e-02 8.987896144390106201e-03 2.893805690109729767e-02 1.883661933243274689e-02 7.344181090593338013e-02 5.114195123314857483e-02 8.652605861425399780e-02 3.427380695939064026e-02 3.869734238833189011e-03 7.880214601755142212e-03 1.825217902660369873e-02 8.156564086675643921e-03 9.959409013390541077e-03 1.622720621526241302e-02 2.451119385659694672e-02 3.530158102512359619e-02 9.474629908800125122e-02 3.916314337402582169e-03 3.935510665178298950e-02 9.766706498339772224e-04 3.559796884655952454e-02 3.654836490750312805e-02 1.770059391856193542e-02 5.661084130406379700e-02 1.949882879853248596e-02 3.550419956445693970e-02 2.851460315287113190e-02 5.920800566673278809e-02 1.776219159364700317e-02 3.987696021795272827e-02 4.860582575201988220e-02 1.102428976446390152e-02 1.479239109903573990e-02 3.153010830283164978e-02 8.956500329077243805e-03 6.402436643838882446e-03 1.992536708712577820e-02 5.844705272465944290e-03 4.719557706266641617e-03 1.953752711415290833e-02 5.619780160486698151e-03 3.548511862754821777e-02 6.919334642589092255e-03 4.920646175742149353e-02
1.073555499315261841e-01 1.202799230813980103e-01 1.377791445702314377e-02 2.667143940925598145e-02 2.245232462882995605e-02 9.760831296443939209e-02 6.288414448499679565e-02 8.638367801904678345e-02 2.674378687515854836e-03 1.409246120601892471e-02 1.185247302055358887e-01 5.373958032578229904e-03 8.622879534959793091e-02 2.320509776473045349e-02 1.089083105325698853e-01 1.376616116613149643e-02 1.194771751761436462e-02 4.523840546607971191e-02 1.068627089262008667e-02 6.920388899743556976e-03 8.443167316727340221e-04 7.025054097175598145e-02 7.750277873128652573e-03 1.126298774033784866e-02 4.666583612561225891e-03 1.173630356788635254e-02 3.785843774676322937e-02 9.798094630241394043e-03 5.163137242197990417e-02 2.090137079358100891e-02 4.733363538980484009e-02 6.625763326883316040e-02 1.494989544153213501e-02 2.859900332987308502e-02 5.483605433255434036e-03 2.846693247556686401e-02 1.624347642064094543e-02 1.129367854446172714e-03 2.798976935446262360e-02 3.688021004199981689e-02 3.919263184070587158e-02 5.005759187042713165e-03 2.120542339980602264e-03 3.648155182600021362e-02 4.712767899036407471e-02 3.965202718973159790e-02 4.733285680413246155e-02 5.036855582147836685e-03 4.784270655363798141e-03 1.546066999435424805e-02 5.303579848259687424e-03 1.387030631303787231e-02 4.662454500794410706e-02 2.838020026683807373e-02 3.284059092402458191e-02 1.949194073677062988e-02 5.687549244612455368e-03 1.980881392955780029e-02 9.276448749005794525e-03 3.801757097244262695e-02 4.737824946641921997e-02 1.392777357250452042e-02 3.402322530746459961e-02 2.061959123238921165e-03 8.365649729967117310e-02 3.930411860346794128e-02 4.979322105646133423e-02 5.083774216473102570e-03 1.527383271604776382e-02 4.039216041564941406e-02 6.682266481220722198e-03 8.040489628911018372e-03 1.302327029407024384e-02 1.679594442248344421e-02 2.352873794734477997e-02 3.823102265596389771e-02 1.900814846158027649e-02 1.169551047496497631e-03 3.132446855306625366e-02 2.999861352145671844e-02 9.822443127632141113e-03 3.194166719913482666e-02 2.090715244412422180e-02 4.262911155819892883e-02 3.286899998784065247e-02 1.663393899798393250e-02 6.297354400157928467e-02 2.156224288046360016e-02 2.731453813612461090e-02 3.221162036061286926e-02 6.910630501806735992e-03 6.837317347526550293e-02 2.475617919117212296e-03 1.424570195376873016e-02 3.720919415354728699e-02 1.552610844373703003e-02 5.849658045917749405e-04 1.980350166559219360e-02 1.630111783742904663e-02 3.253817092627286911e-03 3.465731441974639893e-02 3.291334211826324463e-02 2.189877443015575409e-03 2.362546697258949280e-02 4.390222951769828796e-02 6.939843297004699707e-02 9.180375374853610992e-03 7.480913773179054260e-03 1.416645012795925140e-02 2.475059963762760162e-02 3.451365977525711060e-03 1.851700071711093187e-04 2.433668589219450951e-03 2.091297693550586700e-02 4.150107502937316895e-03 3.074250929057598114e-02
