2.605501413345336914e-01 1.412969529628753662e-01 3.870567306876182556e-02 1.362176984548568726e-02 8.896409533917903900e-03 1.193037107586860657e-01 6.011215224862098694e-02 1.764469966292381287e-02 1.585365831851959229e-02 6.743060797452926636e-02 1.064786687493324280e-01 5.264873802661895752e-02 7.928096503019332886e-02 3.593685850501060486e-02 3.581994771957397461e-02 1.353761367499828339e-02 1.055246591567993164e-02 1.877120696008205414e-02 2.354700490832328796e-02 1.123788394033908844e-02 6.064862478524446487e-03 3.017230518162250519e-02 1.683030859567224979e-03 9.420370915904641151e-04 4.348463192582130432e-02 2.502525923773646355e-03 1.069496758282184601e-02 5.506947264075279236e-02 4.988294467329978943e-02 1.985146664083003998e-02 8.577020466327667236e-02 4.265185911208391190e-03 1.203723531216382980e-02 3.032396314665675163e-03 1.205351785756647587e-03 4.833823535591363907e-03 8.100281469523906708e-03 1.573719643056392670e-02 1.327595580369234085e-02 2.158878184854984283e-02 1.478571631014347076e-02 2.486848458647727966e-02 1.542538125067949295e-02 3.114391001872718334e-04 4.098806530237197876e-02 5.933944508433341980e-02 8.538494259119033813e-02 4.086107015609741211e-02 8.362808264791965485e-03 5.926412995904684067e-03 4.962172359228134155e-02 2.340675145387649536e-02 7.676499430090188980e-03 1.554140076041221619e-02 6.713822949677705765e-03 2.775713987648487091e-02 3.251507878303527832e-02 2.405581250786781311e-02 5.776350200176239014e-02 8.441444486379623413e-03 1.319930050522089005e-02 1.087370608001947403e-02 3.362384438514709473e-02 1.554390997625887394e-03 1.691897585988044739e-02 7.377954199910163879e-03 3.041757037863135338e-03 1.101047918200492859e-02 1.974296383559703827e-02 1.989142410457134247e-02 1.364842709153890610e-02 4.537265282124280930e-03 4.234232753515243530e-02 3.234680369496345520e-02 2.507635951042175293e-02 2.712086716201156378e-04 2.460743486881256104e-02 3.324633836746215820e-02 4.172938317060470581e-02 1.770943030714988708e-02 1.122091710567474365e-02 1.482155080884695053e-02 3.729688003659248352e-02 3.301061317324638367e-02 3.397720400243997574e-03 4.032241180539131165e-02 2.834940701723098755e-02 7.353630848228931427e-03 1.834604889154434204e-02 3.629437461495399475e-02 7.493682205677032471e-02 2.163768187165260315e-02 8.797337114810943604e-02 3.925030585378408432e-03 1.626692712306976318e-02 2.395030483603477478e-02 2.970473282039165497e-02 1.075582578778266907e-02 2.728013321757316589e-02 1.619052700698375702e-02 7.216150872409343719e-03 3.006628528237342834e-02 7.765364833176136017e-03 1.141027361154556274e-02 4.516081139445304871e-02 1.078352518379688263e-02 5.955936014652252197e-02 4.223179444670677185e-02 2.711163135245442390e-03 2.379524521529674530e-02 2.018292620778083801e-02 9.622809477150440216e-03 2.324749529361724854e-02 1.919049210846424103e-02 3.020976483821868896e-02 3.933846950531005859e-02
1.412969529628753662e-01 2.266680449247360229e-01 1.690396293997764587e-02 2.285680733621120453e-02 6.825722754001617432e-03 9.253734350204467773e-02 5.138581246137619019e-02 5.000746622681617737e-02 6.690385751426219940e-03 3.039859980344772339e-02 7.210700958967208862e-02 4.974796622991561890e-02 1.125976815819740295e-01 5.235923826694488525e-02 3.765042871236801147e-02 2.221830002963542938e-02 6.319218315184116364e-03 1.014732662588357925e-02 2.088180370628833771e-02 1.737076789140701294e-02 3.194475173950195312e-02 6.045101583003997803e-02 9.024395607411861420e-03 4.932910203933715820e-03 1.099430141039192677e-03 1.989766210317611694e-02 2.753040194511413574e-02 3.825255855917930603e-02 1.906777499243617058e-03 7.004486769437789917e-02 6.267486512660980225e-02 1.332116406410932541e-02 8.810549974441528320e-03 4.257326480001211166e-03 6.646693684160709381e-03 2.390769496560096741e-02 6.192733347415924072e-02 7.631453219801187515e-03 1.986001804471015930e-02 6.158097181469202042e-03 3.311170032247900963e-03 9.819049388170242310e-03 4.315603524446487427e-02 8.356296457350254059e-03 4.722584038972854614e-02 4.292472451925277710e-02 6.478339433670043945e-02 2.116991393268108368e-02 3.002245724201202393e-02 1.470633409917354584e-02 7.685800548642873764e-03 8.091182447969913483e-03 2.533034235239028931e-02 7.005793508142232895e-03 5.386244039982557297e-03 2.022104710340499878e-02 3.663039766252040863e-03 3.498765872791409492e-04 6.066299229860305786e-02 6.796325743198394775e-02 2.265549451112747192e-02 2.661559544503688812e-02 2.552259713411331177e-02 3.030072338879108429e-02 4.655078519135713577e-03 1.661871746182441711e-02 2.630532532930374146e-02 1.200789678841829300e-02 1.906025782227516174e-02 9.624208323657512665e-03 4.267818760126829147e-03 2.222513779997825623e-02 1.779081299901008606e-02 4.535070806741714478e-02 2.524224296212196350e-02 5.953484680503606796e-03 5.027569830417633057e-03 1.276603899896144867e-02 2.278062701225280762e-02 2.332759089767932892e-02 2.249893918633460999e-02 3.622741997241973877e-02 4.364249110221862793e-02 4.501922987401485443e-03 2.116192830726504326e-03 4.398993775248527527e-02 2.263077534735202789e-02 2.872432954609394073e-02 1.204243116080760956e-02 6.431140936911106110e-03 5.898046493530273438e-02 1.214015297591686249e-02 8.086447417736053467e-02 1.774558797478675842e-02 3.474803268909454346e-02 2.320388145744800568e-02 3.453163430094718933e-02 4.829470533877611160e-03 1.208542101085186005e-02 1.762253418564796448e-02 2.034532651305198669e-02 1.481542643159627914e-02 2.026033028960227966e-02 2.665943466126918793e-03 2.858052030205726624e-03 7.618366181850433350e-02 6.975468993186950684e-02 5.761953070759773254e-02 3.854394704103469849e-02 2.416069060564041138e-02 2.876266650855541229e-02 2.283638343214988708e-02 1.349668111652135849e-02 1.227176841348409653e-02 9.385135024785995483e-03 7.625689357519149780e-02
3.870567306876182556e-02 1.690396293997764587e-02 4.991319775581359863e-02 5.630098748952150345e-04 1.735314168035984039e-02 4.359730985015630722e-03 2.716855332255363464e-02 1.123126596212387085e-01 2.816770225763320923e-03 1.835425943136215210e-02 3.521238267421722412e-02 2.758468687534332275e-02 3.246203064918518066e-02 1.059545786119997501e-03 2.696484327316284180e-02 2.474597468972206116e-02 3.854234889149665833e-02 7.401388604193925858e-03 3.962943796068429947e-03 2.623056992888450623e-02 7.033550739288330078e-02 3.415690036490559578e-03 4.567935317754745483e-02 5.572850629687309265e-02 2.462876401841640472e-02 2.385844849050045013e-02 1.661218702793121338e-02 1.958153955638408661e-02 1.531991455703973770e-02 1.790794916450977325e-02 1.267557777464389801e-02 4.924011882394552231e-03 5.155522748827934265e-02 1.312176510691642761e-02 4.408464580774307251e-02 3.874201700091362000e-02 3.391869366168975830e-02 3.777593001723289490e-02 1.618548703845590353e-04 1.770283281803131104e-02 2.842578291893005371e-02 8.163225720636546612e-04 6.541012972593307495e-02 1.443697959184646606e-01 3.138153627514839172e-02 4.557610303163528442e-02 1.267520477995276451e-03 4.726054146885871887e-03 2.082497254014015198e-02 5.212258547544479370e-02 1.244712900370359421e-02 7.882609963417053223e-03 4.864802956581115723e-02 1.438820082694292068e-02 7.871090201660990715e-04 3.035420551896095276e-02 6.698241084814071655e-02 3.411509096622467041e-02 5.406147241592407227e-02 6.261179223656654358e-03 4.585587605834007263e-02 2.401311323046684265e-02 4.298500716686248779e-02 3.296511620283126831e-02 8.780037984251976013e-03 3.170745074748992920e-02 1.853257045149803162e-02 5.968975834548473358e-03 1.609820500016212463e-02 2.607112750411033630e-02 2.398411743342876434e-03 1.914252154529094696e-02 5.206600576639175415e-02 1.245436724275350571e-02 1.657439582049846649e-02 5.578329786658287048e-02 1.166121102869510651e-02 1.999292522668838501e-02 1.539137214422225952e-02 4.905711114406585693e-02 1.603864580392837524e-01 8.495711535215377808e-02 8.046487346291542053e-03 7.664019241929054260e-03 8.346405811607837677e-04 1.064066961407661438e-02 6.310171633958816528e-02 6.063229590654373169e-02 1.991254277527332306e-02 9.961899369955062866e-03 1.137830782681703568e-02 1.837028190493583679e-02 6.886819377541542053e-03 2.972637303173542023e-02 3.693714737892150879e-02 3.507802635431289673e-02 2.315006963908672333e-02 8.420127630233764648e-02 4.531789198517799377e-02 6.367173627950251102e-04 2.163006365299224854e-02 2.639196626842021942e-02 3.019740106537938118e-03 1.690493337810039520e-02 1.286172308027744293e-02 2.434969693422317505e-02 3.165253251791000366e-02 6.864424794912338257e-02 8.921413682401180267e-03 8.912971243262290955e-03 4.848507791757583618e-02 3.363381326198577881e-02 9.128492092713713646e-04 4.181396588683128357e-02 1.727396436035633087e-02 7.995419204235076904e-02
1.362176984548568726e-02 2.285680733621120453e-02 5.630098748952150345e-04 1.947956979274749756e-01 2.647364139556884766e-01 1.165210083127021790e-02 6.135925278067588806e-02 3.134958446025848389e-02 1.569984853267669678e-02 7.992204278707504272e-02 1.837504911236464977e-03 4.824252054095268250e-02 1.896751113235950470e-02 4.183509573340415955e-02 3.694494068622589111e-02 1.349268760532140732e-02 1.544475089758634567e-02 2.675952762365341187e-02 1.074783853255212307e-03 7.467180024832487106e-03 2.545906975865364075e-02 1.934325322508811951e-02 5.860766023397445679e-02 6.524645537137985229e-02 5.584318190813064575e-02 1.591656915843486786e-02 1.460256800055503845e-02 7.178125530481338501e-02 1.840728707611560822e-02 4.917097464203834534e-02 3.503311797976493835e-02 3.337138518691062927e-02 3.956947941333055496e-03 5.767625197768211365e-02 6.785063445568084717e-02 6.966092437505722046e-02 7.566136121749877930e-02 2.242084033787250519e-02 9.416164457798004150e-02 1.595370024442672729e-01 1.036016084253787994e-02 5.064697563648223877e-02 4.716288298368453979e-02 5.888421554118394852e-03 3.522381931543350220e-02 1.170902862213551998e-03 3.520732207107357681e-05 4.201319068670272827e-02 3.395856171846389771e-02 5.366376042366027832e-02 3.227062150835990906e-02 2.686377055943012238e-02 1.267716195434331894e-02 1.630925945937633514e-02 7.663917727768421173e-03 2.370182238519191742e-02 5.145589262247085571e-02 2.318120375275611877e-02 3.519424051046371460e-02 1.550287380814552307e-02 4.201485589146614075e-02 2.519406005740165710e-02 3.578301146626472473e-02 5.773540213704109192e-02 6.107096001505851746e-02 1.954064704477787018e-02 8.012683130800724030e-03 1.065498497337102890e-02 1.586494036018848419e-02 1.353750005364418030e-02 9.774092584848403931e-03 1.723651774227619171e-02 1.391708701848983765e-01 1.025525946170091629e-02 8.300349861383438110e-02 2.779586240649223328e-02 6.244385987520217896e-02 3.580455109477043152e-02 4.779057949781417847e-02 4.702471941709518433e-02 8.505111560225486755e-03 2.397934440523386002e-03 1.001032590866088867e-01 8.412973582744598389e-02 3.931062668561935425e-02 2.261216007173061371e-02 1.102642714977264404e-02 3.152439370751380920e-02 3.094095736742019653e-02 8.174542337656021118e-02 6.392617244273424149e-03 1.974349841475486755e-02 1.869173347949981689e-02 2.272236347198486328e-02 7.374414056539535522e-02 3.326174616813659668e-02 3.564488887786865234e-02 1.331596262753009796e-02 5.910300184041261673e-03 1.501884497702121735e-02 2.649510651826858521e-02 4.233419895172119141e-02 3.720624744892120361e-02 1.062330231070518494e-02 1.169598754495382309e-02 4.131881147623062134e-02 2.843472361564636230e-02 2.455850690603256226e-02 7.545779645442962646e-02 6.552766077220439911e-03 6.581816822290420532e-02 6.446182727813720703e-02 4.569624364376068115e-02 8.935914374887943268e-03 7.179352920502424240e-03 2.456767857074737549e-02
8.896409533917903900e-03 6.825722754001617432e-03 1.735314168035984039e-02 2.647364139556884766e-01 2.252662926912307739e-01 2.038124948740005493e-02 5.356090888381004333e-02 8.424541912972927094e-03 5.078126862645149231e-02 4.451557248830795288e-02 2.269721776247024536e-02 4.440295975655317307e-03 1.171019487082958221e-02 3.142410144209861755e-02 6.743093580007553101e-02 1.012203935533761978e-02 9.602107107639312744e-03 2.049991115927696228e-02 8.653325587511062622e-02 3.716562315821647644e-02 3.792322799563407898e-02 2.952858991920948029e-02 3.640054911375045776e-02 1.622966118156909943e-02 4.200770333409309387e-02 1.088489033281803131e-02 2.127069979906082153e-03 5.488145351409912109e-02 3.259169310331344604e-02 3.924953751266002655e-03 1.112863793969154358e-02 1.745513826608657837e-02 7.637395057827234268e-03 5.771148577332496643e-02 3.800503537058830261e-02 3.717682138085365295e-02 6.111768633127212524e-02 2.938508242368698120e-02 1.301470100879669189e-01 1.415203958749771118e-01 5.322273820638656616e-02 2.093493379652500153e-02 2.498427405953407288e-02 1.648428849875926971e-02 2.141031995415687561e-02 4.916367307305335999e-02 8.474560454487800598e-03 7.531318068504333496e-02 6.839173380285501480e-03 5.452470853924751282e-02 2.330155298113822937e-02 7.996229454874992371e-03 1.993194036185741425e-02 9.328496642410755157e-03 8.312461897730827332e-03 1.907462440431118011e-02 6.388317793607711792e-02 1.894453912973403931e-02 2.474936284124851227e-02 9.198750485666096210e-04 4.131351411342620850e-02 3.040163591504096985e-02 2.732161991298198700e-02 1.750231161713600159e-02 3.291114047169685364e-02 2.663153596222400665e-02 2.926055714488029480e-02 1.103558018803596497e-02 1.029850100167095661e-03 3.700155299156904221e-03 3.997879568487405777e-03 7.720718160271644592e-03 1.056515648961067200e-01 1.851140707731246948e-02 1.230279505252838135e-01 2.869256399571895599e-02 1.073151361197233200e-02 3.857897967100143433e-02 5.036493390798568726e-02 4.475442320108413696e-02 2.238080650568008423e-02 2.321714535355567932e-02 5.151569098234176636e-02 1.113148704171180725e-01 1.416107267141342163e-02 1.477271667681634426e-03 1.062501315027475357e-02 2.495986595749855042e-02 6.282688118517398834e-03 4.363960027694702148e-02 4.765467345714569092e-02 1.757409796118736267e-02 4.644178785383701324e-03 1.798146031796932220e-02 8.565182238817214966e-02 2.524772845208644867e-02 5.803309381008148193e-02 1.730482093989849091e-02 2.176280878484249115e-02 2.369983866810798645e-02 7.885736413300037384e-03 1.236691419035196304e-02 3.693664446473121643e-02 6.152352783828973770e-03 1.608435623347759247e-02 2.681086398661136627e-02 1.884441450238227844e-02 6.125770974904298782e-03 5.953038483858108521e-02 4.692801740020513535e-03 6.097226962447166443e-02 6.923940777778625488e-02 1.663426682353019714e-02 5.419856309890747070e-02 6.957027316093444824e-02 2.370307780802249908e-02
1.193037107586860657e-01 9.253734350204467773e-02 4.359730985015630722e-03 1.165210083127021790e-02 2.038124948740005493e-02 2.741576135158538818e-01 1.838984489440917969e-01 3.919794037938117981e-02 5.005774646997451782e-02 5.528815463185310364e-02 3.633075207471847534e-02 3.882782906293869019e-02 3.130589425563812256e-02 4.527062922716140747e-02 3.845062106847763062e-02 6.832597404718399048e-02 4.504837840795516968e-02 2.626131661236286163e-02 3.038957249373197556e-03 2.926365099847316742e-02 5.234600394032895565e-04 1.562195457518100739e-02 7.690246216952800751e-03 4.383216728456318378e-04 4.202420637011528015e-02 3.343412280082702637e-02 3.158034756779670715e-02 3.443754510954022408e-03 5.161802098155021667e-02 5.070253089070320129e-02 2.645494043827056885e-02 2.737721242010593414e-02 4.484513774514198303e-02 2.020112797617912292e-02 5.324454512447118759e-03 2.447647228837013245e-02 1.431608386337757111e-02 5.445593502372503281e-03 6.478318944573402405e-03 3.135838359594345093e-02 1.555394381284713745e-02 7.857715710997581482e-03 2.622698433697223663e-02 4.439396038651466370e-02 3.812120761722326279e-03 1.080977148376405239e-03 1.838807165622711182e-01 1.338308006525039673e-01 4.551242163870483637e-04 1.863428391516208649e-02 8.112450689077377319e-02 6.849441677331924438e-02 9.082542732357978821e-03 9.408374316990375519e-03 1.146577857434749603e-02 4.191681742668151855e-02 3.221205249428749084e-02 5.012937262654304504e-02 1.016205027699470520e-01 1.070656478404998779e-01 2.329833805561065674e-02 9.011479094624519348e-03 2.965497784316539764e-02 2.776831947267055511e-02 2.900065295398235321e-02 5.899922177195549011e-02 3.050299547612667084e-02 2.380394376814365387e-02 4.051673412322998047e-02 3.086537122726440430e-02 7.775949197821319103e-04 1.954164169728755951e-02 9.877772070467472076e-03 7.009385526180267334e-02 4.922978579998016357e-03 3.529052063822746277e-02 2.204744517803192139e-02 2.687210403382778168e-02 3.704327624291181564e-03 3.407663479447364807e-02 4.251200333237648010e-02 2.744704857468605042e-02 3.764005377888679504e-02 2.989050373435020447e-02 2.118154801428318024e-02 2.200753614306449890e-02 3.365946561098098755e-02 5.554797500371932983e-02 7.270906865596771240e-02 5.014480557292699814e-03 1.032464951276779175e-01 3.901529824361205101e-03 9.652686864137649536e-02 7.438987493515014648e-02 9.228531271219253540e-03 2.676845155656337738e-02 2.577686123549938202e-02 9.466814808547496796e-03 4.546413198113441467e-02 4.752980545163154602e-03 5.578843411058187485e-03 2.981533482670783997e-02 1.176068093627691269e-02 1.259408611804246902e-02 4.333618655800819397e-02 8.282916247844696045e-02 1.787924207746982574e-02 1.436208188533782959e-02 3.352198109496384859e-04 1.106416713446378708e-02 4.824877157807350159e-02 7.961796363815665245e-04 3.501339629292488098e-02 4.724717512726783752e-02 3.094657883048057556e-02 3.691982245072722435e-03
6.011215224862098694e-02 5.138581246137619019e-02 2.716855332255363464e-02 6.135925278067588806e-02 5.356090888381004333e-02 1.838984489440917969e-01 3.101159632205963135e-01 1.996267400681972504e-02 5.393973737955093384e-02 2.067126519978046417e-02 1.752142608165740967e-02 3.525871038436889648e-02 7.147974800318479538e-03 8.624933660030364990e-02 2.927886322140693665e-02 2.289973944425582886e-02 1.776927523314952850e-02 5.784765258431434631e-02 5.703653767704963684e-02 6.832310557365417480e-02 5.909761413931846619e-02 1.178483664989471436e-02 1.858123764395713806e-02 2.000629715621471405e-02 3.471686691045761108e-02 1.939730136655271053e-03 2.469096332788467407e-02 2.736817812547087669e-03 5.958426743745803833e-02 1.472813077270984650e-02 5.528340861201286316e-02 5.938170012086629868e-03 2.166275493800640106e-02 1.913022249937057495e-02 3.623109776526689529e-03 1.335366163402795792e-02 2.731007523834705353e-02 9.014191105961799622e-03 3.968587145209312439e-02 3.437730297446250916e-02 4.399012308567762375e-03 1.508194394409656525e-02 9.679361246526241302e-03 2.961457706987857819e-02 3.766568144783377647e-03 9.261969476938247681e-02 1.484941095113754272e-01 1.904566884040832520e-01 2.697054855525493622e-02 2.283476479351520538e-02 2.575036510825157166e-02 1.856237277388572693e-02 2.479695528745651245e-02 2.407255209982395172e-02 1.965183205902576447e-02 1.446398161351680756e-02 3.031813912093639374e-02 3.572214394807815552e-02 9.186597913503646851e-02 7.979673333466053009e-03 2.391982078552246094e-02 2.893493697047233582e-02 1.085562282241880894e-03 2.159795537590980530e-02 1.014713570475578308e-02 1.968217827379703522e-02 4.255989193916320801e-02 3.866278333589434624e-03 1.768015138804912567e-02 2.809509076178073883e-02 4.202566295862197876e-02 2.156257256865501404e-02 3.048028564080595970e-03 3.338233381509780884e-02 1.635276153683662415e-02 7.564694620668888092e-03 1.106142252683639526e-02 2.447105199098587036e-02 4.765242710709571838e-02 1.222255267202854156e-02 2.342143282294273376e-02 2.331661619246006012e-02 8.730017580091953278e-03 4.262306913733482361e-02 6.577471736818552017e-03 7.432195544242858887e-02 3.292494267225265503e-02 2.515078289434313774e-03 9.557589888572692871e-03 4.895412176847457886e-02 6.904886662960052490e-02 3.657527733594179153e-03 1.393415331840515137e-01 1.512452866882085800e-02 7.106558233499526978e-02 5.374762695282697678e-03 1.082600653171539307e-02 1.618970930576324463e-02 1.161578670144081116e-02 5.110051715746521950e-04 4.767121747136116028e-03 1.979659684002399445e-02 2.345079183578491211e-02 6.066186819225549698e-03 1.386907137930393219e-02 3.342384938150644302e-03 8.321097493171691895e-02 3.477274626493453979e-02 1.171457301825284958e-02 9.691444225609302521e-03 5.653233826160430908e-02 2.182530239224433899e-02 2.013775520026683807e-02 3.881826996803283691e-02 4.186407104134559631e-02 5.042200163006782532e-02
1.764469966292381287e-02 5.000746622681617737e-02 1.123126596212387085e-01 3.134958446025848389e-02 8.424541912972927094e-03 3.919794037938117981e-02 1.996267400681972504e-02 1.104890555143356323e-01 6.609608978033065796e-02 3.733617067337036133e-02 2.531133219599723816e-02 1.997920125722885132e-02 4.199660196900367737e-02 2.228326722979545593e-02 9.427845478057861328e-02 1.693866960704326630e-02 9.243231266736984253e-03 3.827076777815818787e-02 6.507227662950754166e-03 4.200156778097152710e-02 1.424640975892543793e-02 6.928920280188322067e-03 3.053633682429790497e-02 3.554801642894744873e-02 9.801201522350311279e-03 5.775012448430061340e-02 4.013564810156822205e-02 2.850660495460033417e-02 4.197400435805320740e-02 9.339556097984313965e-03 2.012474648654460907e-02 1.923513918882235885e-04 6.766869919374585152e-04 4.099814593791961670e-02 3.986457735300064087e-02 6.344524025917053223e-02 5.002197995781898499e-02 1.383141707628965378e-02 2.299930341541767120e-02 4.077359288930892944e-02 3.013339638710021973e-02 6.893039681017398834e-03 4.306079447269439697e-02 2.445722185075283051e-02 4.940412938594818115e-03 1.033396646380424500e-02 1.943183015100657940e-03 7.609837688505649567e-03 3.052605502307415009e-02 2.771508134901523590e-02 4.939892329275608063e-03 3.680831566452980042e-02 9.725002571940422058e-03 1.209508161991834641e-02 3.777437284588813782e-02 3.766662999987602234e-02 8.293947204947471619e-03 3.944739326834678650e-02 4.226656258106231689e-02 3.284413134679198265e-03 3.835364058613777161e-02 2.339267916977405548e-02 5.871278047561645508e-02 2.842678874731063843e-02 4.923239722847938538e-02 1.339493505656719208e-02 2.269165404140949249e-02 1.125035528093576431e-02 4.393710196018218994e-02 1.129686087369918823e-02 7.722195237874984741e-03 1.891987398266792297e-02 3.789102658629417419e-02 4.485003650188446045e-02 1.905160769820213318e-02 4.661333933472633362e-02 3.808200359344482422e-02 1.052791066467761993e-02 2.656997181475162506e-02 4.254406690597534180e-02 4.656580835580825806e-02 1.051183417439460754e-01 2.133957110345363617e-02 3.779500722885131836e-02 7.903860881924629211e-03 1.006177160888910294e-02 3.869360685348510742e-02 5.853473022580146790e-02 2.084263227880001068e-02 2.237385138869285583e-02 4.487790539860725403e-02 3.874156996607780457e-02 7.602565921843051910e-03 2.524297125637531281e-02 5.227765999734401703e-03 3.407493233680725098e-02 5.947853904217481613e-03 6.469745188951492310e-02 1.104889786802232265e-03 3.218586370348930359e-02 1.183452550321817398e-02 6.766229867935180664e-02 9.773693047463893890e-03 4.034909978508949280e-02 1.773751527070999146e-02 2.508524572476744652e-03 3.373071178793907166e-02 4.113835096359252930e-02 5.499966070055961609e-02 2.258120104670524597e-02 7.567658554762601852e-03 6.690084934234619141e-03 1.383275073021650314e-02 1.498355437070131302e-02 1.026726234704256058e-02 1.237545069307088852e-02
1.585365831851959229e-02 6.690385751426219940e-03 2.816770225763320923e-03 1.569984853267669678e-02 5.078126862645149231e-02 5.005774646997451782e-02 5.393973737955093384e-02 6.609608978033065796e-02 1.716973483562469482e-01 8.213350176811218262e-02 1.780245639383792877e-02 1.208553835749626160e-02 3.251761943101882935e-02 4.269399493932723999e-02 8.681402541697025299e-03 6.827627122402191162e-02 7.930041849613189697e-02 7.531536370515823364e-02 5.108100548386573792e-02 2.987243793904781342e-02 3.106808289885520935e-02 1.886967197060585022e-02 8.951423317193984985e-02 9.561342746019363403e-02 4.988041147589683533e-02 4.388802126049995422e-02 3.140372037887573242e-02 2.134533785283565521e-02 6.331961601972579956e-02 3.795099910348653793e-03 1.752065261825919151e-03 4.023923538625240326e-03 9.131236374378204346e-02 2.367448061704635620e-02 5.621813982725143433e-02 1.393812429159879684e-02 4.235808271914720535e-03 2.377451024949550629e-02 4.274445772171020508e-02 2.111184038221836090e-02 2.756946953013539314e-03 6.767439097166061401e-02 9.533650241792201996e-03 3.818087978288531303e-03 3.681780397891998291e-02 6.552597880363464355e-02 2.379073761403560638e-03 3.858459368348121643e-02 1.166446413844823837e-02 5.317358300089836121e-03 2.069430425763130188e-02 3.610903024673461914e-02 3.679137676954269409e-02 4.811646044254302979e-02 9.408589452505111694e-02 2.363801933825016022e-03 3.572802245616912842e-02 2.222639694809913635e-02 1.662862254306674004e-03 2.547714859247207642e-02 5.738425627350807190e-02 2.456036768853664398e-02 1.791420951485633850e-02 6.547804176807403564e-02 5.128324776887893677e-02 5.197620019316673279e-02 4.852734040468931198e-03 4.638393968343734741e-02 1.286844015121459961e-01 4.570889472961425781e-02 6.938104331493377686e-02 8.682010695338249207e-03 6.783900409936904907e-02 2.398527413606643677e-02 5.685239657759666443e-02 3.929309174418449402e-02 1.600436866283416748e-01 7.526186853647232056e-02 9.055450558662414551e-02 5.538260564208030701e-02 2.134550549089908600e-02 6.593885272741317749e-02 1.269233226776123047e-02 7.936981320381164551e-02 1.702886633574962616e-02 2.700788527727127075e-02 2.843932807445526123e-02 3.631035564467310905e-03 7.804294116795063019e-03 1.595542579889297485e-02 2.319760620594024658e-03 4.118013009428977966e-02 5.319383367896080017e-02 6.820694543421268463e-03 5.673625506460666656e-03 1.893950998783111572e-02 1.967015303671360016e-02 3.996893018484115601e-02 8.690623193979263306e-02 5.544655770063400269e-02 3.356449306011199951e-02 4.463984817266464233e-02 1.470617111772298813e-02 9.789944626390933990e-03 3.344377502799034119e-02 7.178469002246856689e-02 2.729093469679355621e-02 1.899900101125240326e-02 2.915253303945064545e-02 1.220071408897638321e-02 5.118701606988906860e-03 3.427812363952398300e-03 9.618080221116542816e-03 1.401500590145587921e-02 5.008932668715715408e-03 2.165074646472930908e-02
6.743060797452926636e-02 3.039859980344772339e-02 1.835425943136215210e-02 7.992204278707504272e-02 4.451557248830795288e-02 5.528815463185310364e-02 2.067126519978046417e-02 3.733617067337036133e-02 8.213350176811218262e-02 1.693575531244277954e-01 4.800413548946380615e-02 4.677572101354598999e-02 7.353228051215410233e-03 6.895575672388076782e-02 3.849582979455590248e-03 1.574723795056343079e-02 3.994182869791984558e-02 1.006025671958923340e-01 3.509144531562924385e-03 4.527219012379646301e-02 7.589539047330617905e-03 9.478271938860416412e-03 2.229621447622776031e-02 2.178657613694667816e-02 2.924233861267566681e-02 9.899168275296688080e-03 4.186797887086868286e-02 5.361600965261459351e-02 4.023867845535278320e-02 1.348678953945636749e-02 1.811870746314525604e-02 2.544070035219192505e-02 1.006888672709465027e-01 5.457133054733276367e-02 6.049667298793792725e-02 1.382578723132610321e-02 5.613330379128456116e-02 1.986674591898918152e-02 7.376728113740682602e-03 2.474256604909896851e-02 2.646286040544509888e-02 2.080514095723628998e-02 4.057524353265762329e-02 5.712290480732917786e-02 3.121890872716903687e-02 4.179512336850166321e-02 2.231744863092899323e-02 4.737519472837448120e-02 4.955503344535827637e-02 1.669897437095642090e-01 2.372316643595695496e-02 4.104570485651493073e-03 1.993955299258232117e-02 8.514889515936374664e-03 2.577250264585018158e-02 1.334866434335708618e-01 1.536220218986272812e-02 3.832763805985450745e-02 2.609293721616268158e-02 2.723510935902595520e-02 5.160342529416084290e-02 5.677698552608489990e-02 5.480847321450710297e-03 2.792424522340297699e-02 6.490284949541091919e-02 9.802310727536678314e-03 4.682640731334686279e-02 1.027150824666023254e-02 5.703901872038841248e-02 9.498256258666515350e-03 6.852450221776962280e-02 5.421694740653038025e-02 4.439743235707283020e-02 2.066139876842498779e-02 5.097161605954170227e-02 1.163668464869260788e-02 5.325350537896156311e-02 1.369692385196685791e-01 5.466127768158912659e-04 2.991964109241962433e-02 1.440703403204679489e-02 2.218202501535415649e-02 5.479979887604713440e-02 1.549338805489242077e-03 2.120562456548213959e-02 6.310922652482986450e-02 1.905651390552520752e-02 2.254511043429374695e-02 5.310055986046791077e-02 3.479728102684020996e-02 1.004742924124002457e-02 2.736361697316169739e-02 5.161276552826166153e-03 2.464014850556850433e-02 1.038746535778045654e-02 2.486347593367099762e-02 2.240285463631153107e-02 1.105090137571096420e-02 2.971339225769042969e-02 4.344584047794342041e-02 3.745843470096588135e-02 3.534519672393798828e-02 1.982236746698617935e-03 9.021446108818054199e-03 6.925769895315170288e-02 2.267747744917869568e-02 4.045508429408073425e-02 7.800345309078693390e-03 2.133917622268199921e-02 5.299872905015945435e-02 3.691988810896873474e-02 6.455042399466037750e-03 4.658291861414909363e-02 3.607749473303556442e-03 7.769853621721267700e-02 4.812000319361686707e-02
1.064786687493324280e-01 7.210700958967208862e-02 3.521238267421722412e-02 1.837504911236464977e-03 2.269721776247024536e-02 3.633075207471847534e-02 1.752142608165740967e-02 2.531133219599723816e-02 1.780245639383792877e-02 4.800413548946380615e-02 1.822594404220581055e-01 1.269600261002779007e-02 9.137045592069625854e-02 2.217631787061691284e-02 1.830513030290603638e-02 9.261778555810451508e-03 1.247905474156141281e-02 3.038877248764038086e-02 2.167611755430698395e-02 1.485645584762096405e-02 3.758765989914536476e-03 4.368909820914268494e-02 8.203476667404174805e-03 2.706063678488135338e-03 4.022216796875000000e-02 3.660107031464576721e-02 1.431426871567964554e-02 1.043801568448543549e-02 7.046723365783691406e-02 2.920567058026790619e-02 3.722993284463882446e-02 2.386665437370538712e-03 3.029547631740570068e-02 1.452274527400732040e-02 3.115952759981155396e-02 2.006787341088056564e-03 1.431068964302539825e-02 9.436859749257564545e-03 1.244684029370546341e-02 1.924378797411918640e-02 7.886799983680248260e-03 2.903017215430736542e-02 4.361590743064880371e-02 4.725914075970649719e-02 3.072959557175636292e-02 3.423059359192848206e-02 5.090555176138877869e-02 1.865466125309467316e-02 3.552426770329475403e-02 1.803769543766975403e-02 6.651248782873153687e-03 2.268079115310683846e-04 2.227925881743431091e-02 1.396202389150857925e-02 1.726332120597362518e-02 2.292803116142749786e-02 5.143002793192863464e-02 3.882213309407234192e-02 2.759361825883388519e-02 6.211157888174057007e-02 6.956147029995918274e-03 4.106309264898300171e-02 1.263605244457721710e-02 1.504451502114534378e-02 9.080976247787475586e-02 3.938143700361251831e-02 3.334700316190719604e-02 5.922966450452804565e-02 3.263301029801368713e-02 2.782287076115608215e-02 1.661156769841909409e-03 3.490934381261467934e-03 4.507056903094053268e-03 3.948482498526573181e-02 1.414716523140668869e-02 3.609403595328330994e-02 3.328619897365570068e-02 1.166132744401693344e-02 2.092748880386352539e-03 1.729239337146282196e-02 3.925007767975330353e-03 2.337685786187648773e-02 9.857605211436748505e-03 1.046530157327651978e-02 1.913184300065040588e-02 5.392820015549659729e-02 5.344398319721221924e-02 1.610205322504043579e-02 1.504319254308938980e-02 2.298401668667793274e-02 5.417988821864128113e-02 8.308361470699310303e-02 4.110831767320632935e-02 2.234900370240211487e-02 1.264075376093387604e-02 1.190734474221244454e-04 9.324692189693450928e-03 2.062248438596725464e-02 3.471379633992910385e-03 9.153467603027820587e-03 4.001693427562713623e-02 1.474892161786556244e-02 3.402707725763320923e-02 1.892838627099990845e-03 2.115137130022048950e-02 3.671685978770256042e-02 3.786366432905197144e-02 2.633126266300678253e-02 5.353892967104911804e-02 5.526373628526926041e-03 2.138686180114746094e-02 2.604935783892869949e-03 2.065379172563552856e-02 3.687251883093267679e-04 9.426252916455268860e-03 6.855379790067672729e-02
5.264873802661895752e-02 4.974796622991561890e-02 2.758468687534332275e-02 4.824252054095268250e-02 4.440295975655317307e-03 3.882782906293869019e-02 3.525871038436889648e-02 1.997920125722885132e-02 1.208553835749626160e-02 4.677572101354598999e-02 1.269600261002779007e-02 2.199275195598602295e-01 5.051367357373237610e-02 2.687833309173583984e-01 3.994890488684177399e-03 6.699655670672655106e-03 1.326484885066747665e-02 7.947831414639949799e-03 2.375157922506332397e-02 4.344575479626655579e-02 1.531924307346343994e-02 8.741226047277450562e-03 8.011555671691894531e-02 3.474893048405647278e-02 2.573231002315878868e-03 2.889869734644889832e-02 5.700969323515892029e-02 9.562333673238754272e-02 8.940594643354415894e-02 9.119245409965515137e-02 8.862795680761337280e-02 2.558210678398609161e-02 5.033333227038383484e-02 1.757203415036201477e-02 2.111443132162094116e-02 4.117535136174410582e-04 1.178001426160335541e-02 5.608429014682769775e-02 7.541308179497718811e-03 8.858160581439733505e-04 6.737247109413146973e-03 3.952573239803314209e-02 5.884644016623497009e-02 3.567185252904891968e-02 2.053032815456390381e-01 9.499876946210861206e-02 6.534966826438903809e-02 6.316805630922317505e-02 8.032335340976715088e-02 1.847181282937526703e-02 5.228650569915771484e-02 6.114828586578369141e-02 2.910757903009653091e-03 3.897107392549514771e-02 8.636672049760818481e-02 3.166796267032623291e-02 2.774483989924192429e-03 3.262735903263092041e-02 3.442482650279998779e-02 1.553310640156269073e-02 8.170731365680694580e-03 2.967096865177154541e-02 4.853422939777374268e-02 3.484850749373435974e-02 1.257551921298727393e-04 6.459817290306091309e-02 8.352734893560409546e-02 3.117608837783336639e-02 5.904407054185867310e-02 2.710651047527790070e-02 3.326551988720893860e-02 2.620601467788219452e-02 3.434658423066139221e-02 1.144050620496273041e-02 3.143061697483062744e-02 1.229358371347188950e-02 2.170289307832717896e-02 3.132110089063644409e-02 1.031748056411743164e-01 6.014877185225486755e-02 1.596231199800968170e-02 9.024014696478843689e-03 3.010163456201553345e-02 3.277390077710151672e-02 3.149012848734855652e-02 1.251743920147418976e-02 6.630443502217531204e-03 1.741697639226913452e-02 8.784557878971099854e-02 1.185605227947235107e-01 5.707511678338050842e-02 2.099851379171013832e-03 1.596090197563171387e-02 1.862524077296257019e-02 2.214455232024192810e-02 3.935815021395683289e-02 2.280829101800918579e-02 4.990901052951812744e-02 3.705346025526523590e-03 2.442824887111783028e-03 2.250739187002182007e-02 2.668830007314682007e-02 2.691377419978380203e-03 2.180005237460136414e-02 3.001075051724910736e-02 1.295824185945093632e-03 3.371000755578279495e-03 1.383512560278177261e-02 5.131021887063980103e-02 4.839751403778791428e-03 1.020995993167161942e-02 4.069913644343614578e-03 5.030325055122375488e-02 3.210627660155296326e-02 4.068994149565696716e-02 7.341716438531875610e-02
7.928096503019332886e-02 1.125976815819740295e-01 3.246203064918518066e-02 1.896751113235950470e-02 1.171019487082958221e-02 3.130589425563812256e-02 7.147974800318479538e-03 4.199660196900367737e-02 3.251761943101882935e-02 7.353228051215410233e-03 9.137045592069625854e-02 5.051367357373237610e-02 1.565692424774169922e-01 1.908943988382816315e-02 9.969768673181533813e-02 1.816556230187416077e-02 3.183273598551750183e-02 3.391643054783344269e-03 1.017184648662805557e-02 3.132054582238197327e-02 5.207267776131629944e-02 5.336080491542816162e-02 9.208406321704387665e-03 2.418922074139118195e-02 1.115597505122423172e-02 4.539454355835914612e-02 3.331448882818222046e-02 4.091229056939482689e-04 2.078643999993801117e-02 6.216804683208465576e-02 7.246416062116622925e-02 1.144953351467847824e-02 1.711445488035678864e-02 1.415626611560583115e-02 1.185162691399455070e-03 1.661502197384834290e-02 1.229784637689590454e-02 7.697804830968379974e-03 2.252037823200225830e-02 5.545377731323242188e-03 4.682012833654880524e-03 2.125792019069194794e-02 1.811760477721691132e-02 7.496873848140239716e-03 2.956573851406574249e-02 1.843485608696937561e-02 6.955537479370832443e-03 1.739389449357986450e-02 1.142903603613376617e-02 3.258731961250305176e-02 1.187722664326429367e-02 2.584727853536605835e-02 4.352621361613273621e-02 3.758888691663742065e-02 1.213302463293075562e-02 1.365520060062408447e-02 2.783868089318275452e-02 8.434215933084487915e-02 2.381669037276878953e-04 3.374574007466435432e-03 6.225138902664184570e-03 1.609273999929428101e-02 1.916359737515449524e-02 1.651745289564132690e-02 1.955039240419864655e-02 6.138351187109947205e-02 3.262969478964805603e-02 4.952550679445266724e-02 4.124456271529197693e-02 3.364490810781717300e-03 6.927992682904005051e-03 4.209017753601074219e-02 1.668647862970829010e-02 2.905549481511116028e-02 1.096894126385450363e-02 6.610213778913021088e-03 3.014666959643363953e-02 6.572552025318145752e-02 2.085045166313648224e-02 1.701637357473373413e-02 1.781324390321969986e-03 2.871743589639663696e-02 1.653752289712429047e-02 3.710200265049934387e-02 2.661858219653367996e-03 5.204485729336738586e-02 2.495357207953929901e-02 6.284593045711517334e-02 9.053769521415233612e-03 2.850079722702503204e-02 6.281951908022165298e-03 1.534107420593500137e-02 6.488204002380371094e-02 3.504444286227226257e-02 4.791661631315946579e-03 2.673365361988544464e-02 3.470509126782417297e-02 1.863144151866436005e-02 1.219094824045896530e-02 2.548100054264068604e-02 7.243391592055559158e-03 3.559740632772445679e-02 3.150025382637977600e-02 1.364043168723583221e-02 3.322480944916605949e-03 7.916981354355812073e-03 1.011778600513935089e-03 2.241913974285125732e-02 1.864124089479446411e-02 6.288187950849533081e-02 3.831583634018898010e-02 2.695688605308532715e-02 5.048475693911314011e-03 3.802626579999923706e-02 1.565690711140632629e-02 4.875629767775535583e-02
