9.245444089174270630e-02 1.628487259149551392e-01 3.613733872771263123e-02 3.842813521623611450e-02 3.036098740994930267e-02 1.296009272336959839e-01 7.538138329982757568e-02 2.562867244705557823e-03 4.999211803078651428e-02 3.300091624259948730e-02 1.214329525828361511e-01 7.528970949351787567e-03 1.087010577321052551e-01 1.846378110349178314e-02 1.637535542249679565e-02 4.941407218575477600e-02 4.375626519322395325e-02 2.071622014045715332e-02 3.229545056819915771e-02 3.767494857311248779e-02 5.898249894380569458e-02 1.696044765412807465e-02 6.148994900286197662e-03 5.306744202971458435e-02 5.766227841377258301e-03 8.739062584936618805e-03 5.156873166561126709e-02 5.153853911906480789e-03 2.409846894443035126e-02 5.203688517212867737e-02 1.644322462379932404e-02 4.166812170296907425e-03 3.410642966628074646e-02 5.985415354371070862e-02 1.762088388204574585e-02 5.534436088055372238e-03 2.617209404706954956e-02 1.473444886505603790e-02 3.099783882498741150e-02 4.582486674189567566e-02 2.988387830555438995e-02 1.891255192458629608e-02 1.376988273113965988e-02 5.303929001092910767e-02 8.296415954828262329e-02 1.870833523571491241e-02 1.357691884040832520e-01 3.186183795332908630e-02 6.164902076125144958e-02 4.920168593525886536e-02 1.247704145498573780e-03 2.697966061532497406e-02 1.415797788649797440e-02 3.119060769677162170e-02 3.351987898349761963e-02 5.166904628276824951e-02 1.693589612841606140e-02 2.016992948483675718e-04 2.429027669131755829e-02 3.983246535062789917e-02 8.592875674366950989e-03 2.626056782901287079e-03 2.124327421188354492e-02 3.647834435105323792e-02 5.625116825103759766e-02 5.915296822786331177e-02 2.625066228210926056e-02 2.905842103064060211e-02 1.403443166054785252e-03 6.519626826047897339e-02 1.846613921225070953e-02 4.988823086023330688e-03 4.107341915369033813e-02 1.241226121783256531e-02 1.675676554441452026e-02 2.508112415671348572e-02 4.742918908596038818e-02 2.080683037638664246e-02 1.031296513974666595e-02 3.049139678478240967e-02 4.044091328978538513e-02 1.703312993049621582e-02 1.291454024612903595e-02 1.554830465465784073e-02 2.017423510551452637e-02 2.718970365822315216e-02 1.993865892291069031e-02 2.978243492543697357e-02 4.091333597898483276e-02 2.788263559341430664e-02 3.914503380656242371e-02 5.778551846742630005e-02 1.754318363964557648e-02 1.100100502371788025e-01 3.652599826455116272e-02 4.923801869153976440e-03 3.060683235526084900e-02 4.760513454675674438e-02 2.228949032723903656e-02 3.259482979774475098e-02 1.629970967769622803e-03 3.478225320577621460e-02 2.213671803474426270e-02 7.455465197563171387e-02 1.648673973977565765e-02 5.883939564228057861e-02 1.250189822167158127e-02 3.930709511041641235e-02 2.333304099738597870e-02 4.527346789836883545e-02 3.476431593298912048e-02 1.551472954452037811e-02 1.646718569099903107e-02 1.798772369511425495e-03 4.950185492634773254e-02 1.517387107014656067e-02
1.628487259149551392e-01 6.711211800575256348e-02 1.702110096812248230e-02 5.957843270152807236e-03 1.994551345705986023e-02 1.096457242965698242e-01 1.520773023366928101e-01 2.914442121982574463e-02 4.103273153305053711e-02 4.535259678959846497e-02 1.123971790075302124e-01 2.461160346865653992e-02 2.171612381935119629e-01 2.093053981661796570e-02 5.842930171638727188e-03 4.309092834591865540e-02 4.382552579045295715e-02 4.185986518859863281e-02 2.058194018900394440e-02 2.695977687835693359e-02 2.248294465243816376e-02 5.875798687338829041e-02 4.056441038846969604e-02 1.917410083115100861e-02 1.149920653551816940e-02 2.361022122204303741e-02 3.992429003119468689e-02 4.964147880673408508e-02 6.622247397899627686e-02 5.731404572725296021e-02 1.360781211405992508e-02 1.854290626943111420e-02 7.157113403081893921e-02 9.654192253947257996e-03 1.137862261384725571e-02 9.151057456620037556e-04 5.549340322613716125e-02 4.473169893026351929e-02 5.353377666324377060e-03 4.315221682190895081e-02 4.025202244520187378e-02 6.771966349333524704e-03 1.483741868287324905e-02 4.161370173096656799e-02 2.188547700643539429e-02 1.644583977758884430e-02 4.820213094353675842e-02 6.809902936220169067e-02 3.744170442223548889e-02 3.303810581564903259e-02 2.142432378605008125e-03 4.045553132891654968e-02 6.018556281924247742e-02 1.006514858454465866e-02 3.197117149829864502e-02 6.710440851747989655e-03 1.769002526998519897e-03 2.306485921144485474e-02 3.496047854423522949e-02 3.837222978472709656e-02 2.529591135680675507e-02 1.143237669020891190e-02 2.014605328440666199e-02 4.522420931607484818e-03 3.631344810128211975e-02 5.219716578722000122e-02 3.209866955876350403e-02 2.396928332746028900e-02 1.663770712912082672e-02 1.005654316395521164e-02 3.714938461780548096e-02 4.846895858645439148e-02 2.279573678970336914e-02 5.193787161260843277e-03 1.684231869876384735e-02 3.215398266911506653e-02 1.921483501791954041e-02 2.951701544225215912e-02 9.491314180195331573e-03 1.143169123679399490e-02 5.107176303863525391e-02 3.179011866450309753e-02 4.698289558291435242e-03 1.115321088582277298e-02 3.983420133590698242e-02 1.165847852826118469e-02 3.044037707149982452e-02 2.217987552285194397e-02 2.691985294222831726e-02 1.347750239074230194e-02 8.403797447681427002e-02 1.258924044668674469e-02 2.538753487169742584e-02 1.099626906216144562e-02 1.649261452257633209e-02 4.875921830534934998e-02 1.818804256618022919e-02 1.371516473591327667e-02 3.320664167404174805e-02 4.070703312754631042e-02 3.212211420759558678e-03 4.569751396775245667e-02 1.622859202325344086e-02 2.237185649573802948e-02 1.517531927675008774e-02 2.453258819878101349e-02 1.042271219193935394e-02 1.577204652130603790e-02 3.272113949060440063e-02 2.207599394023418427e-02 7.489354349672794342e-03 9.736978262662887573e-02 3.140174597501754761e-02 1.427652221173048019e-02 6.310585420578718185e-03 1.275988202542066574e-02
3.613733872771263123e-02 1.702110096812248230e-02 2.212767675518989563e-02 1.995143108069896698e-02 2.499631978571414948e-02 3.905761986970901489e-02 2.509922720491886139e-02 9.780862927436828613e-02 3.283610939979553223e-02 1.903697662055492401e-02 5.484597012400627136e-02 1.174715440720319748e-02 3.187742084264755249e-02 1.873785816133022308e-02 5.379362031817436218e-02 4.151529446244239807e-02 7.087390869855880737e-02 1.891180314123630524e-02 2.312428131699562073e-02 5.044356361031532288e-02 5.750313401222229004e-02 3.360037878155708313e-02 9.587667137384414673e-02 9.314931184053421021e-02 2.858020737767219543e-02 4.905434325337409973e-03 3.081468492746353149e-02 5.949924141168594360e-02 3.955956082791090012e-03 3.596080094575881958e-02 4.593411087989807129e-02 7.768297940492630005e-02 2.856825850903987885e-02 1.138836219906806946e-01 2.694092318415641785e-02 6.683662533760070801e-02 2.966390363872051239e-02 8.802943676710128784e-02 7.333722710609436035e-02 1.116049960255622864e-01 5.603715404868125916e-02 2.485747262835502625e-02 1.203862950205802917e-02 6.981426477432250977e-02 3.603810817003250122e-02 8.452877402305603027e-03 2.600970678031444550e-02 7.293706294149160385e-03 4.725643433630466461e-03 1.856888644397258759e-02 4.736419767141342163e-03 7.090020459145307541e-03 3.950637951493263245e-02 5.163433775305747986e-02 6.748124957084655762e-02 2.960313670337200165e-02 5.312820523977279663e-02 1.324860937893390656e-02 2.279523760080337524e-02 1.010579522699117661e-02 2.457443065941333771e-02 1.487326063215732574e-02 3.381252754479646683e-03 4.261574149131774902e-02 1.734011061489582062e-02 5.945580080151557922e-02 5.915560177527368069e-04 3.815918043255805969e-02 5.320526659488677979e-02 2.546592801809310913e-02 1.453017070889472961e-02 1.200592964887619019e-01 3.399255499243736267e-02 3.183792531490325928e-02 4.344388842582702637e-02 4.181990027427673340e-02 4.673012346029281616e-02 5.156619101762771606e-02 4.549367725849151611e-02 1.971435919404029846e-02 3.011169843375682831e-02 6.362713873386383057e-02 3.096053143963217735e-03 2.899833023548126221e-02 1.759644597768783569e-03 1.206332165747880936e-02 3.534551709890365601e-02 3.719014301896095276e-02 2.234927751123905182e-02 1.641267677769064903e-03 1.241393014788627625e-02 1.672042184509336948e-03 3.660860937088727951e-03 2.949063479900360107e-02 3.747045621275901794e-02 8.165518753230571747e-03 4.387433081865310669e-02 4.066597297787666321e-02 7.234975695610046387e-02 6.386129558086395264e-02 7.170384377241134644e-02 2.627675607800483704e-02 3.380675613880157471e-02 1.320303999818861485e-04 3.708002343773841858e-02 3.883170662447810173e-03 3.169550374150276184e-02 6.076602265238761902e-02 2.544827293604612350e-04 3.681288659572601318e-02 3.184607625007629395e-02 9.116631001234054565e-03 1.956252567470073700e-02 1.945845037698745728e-02 1.382910739630460739e-02 5.500399274751543999e-04
3.842813521623611450e-02 5.957843270152807236e-03 1.995143108069896698e-02 5.929662380367517471e-03 6.550329923629760742e-02 4.861514642834663391e-02 5.498608946800231934e-02 4.760053940117359161e-03 5.742019787430763245e-02 2.202929742634296417e-02 3.099132888019084930e-02 1.211813744157552719e-02 7.747801952064037323e-03 1.525163464248180389e-02 2.844826318323612213e-02 5.634386092424392700e-02 8.113722503185272217e-02 8.094136416912078857e-02 4.712455905973911285e-03 5.855158716440200806e-02 2.404408529400825500e-02 3.790559992194175720e-02 4.101475328207015991e-02 5.375071242451667786e-02 5.290741100907325745e-02 4.945928230881690979e-02 2.878300659358501434e-02 1.258955523371696472e-02 5.216015502810478210e-02 7.927278988063335419e-03 2.240820787847042084e-02 8.485553786158561707e-03 1.266500214114785194e-03 3.876954549923539162e-03 5.716547742486000061e-02 2.173297666013240814e-02 3.051031613722443581e-03 8.950684964656829834e-02 6.982401479035615921e-03 3.007218055427074432e-02 1.278811413794755936e-02 3.678987175226211548e-02 1.513620093464851379e-02 4.079179465770721436e-02 3.118355572223663330e-02 3.682641312479972839e-02 2.018725499510765076e-02 3.095624782145023346e-02 3.343197330832481384e-02 2.023005671799182892e-02 2.543196640908718109e-02 9.887725859880447388e-02 8.595157414674758911e-02 6.777285039424896240e-02 1.332279015332460403e-02 5.654169619083404541e-02 3.220745921134948730e-02 1.283245813101530075e-02 9.630943834781646729e-02 7.558125257492065430e-02 5.809623003005981445e-02 4.018378385808318853e-04 9.367338567972183228e-02 3.784649772569537163e-03 8.276397362351417542e-03 4.844096302986145020e-02 2.797058597207069397e-02 2.963339909911155701e-02 3.768540546298027039e-02 2.395804598927497864e-02 1.675300113856792450e-02 6.122731603682041168e-03 1.467906236648559570e-01 1.146602630615234375e-02 6.556598097085952759e-02 2.207243070006370544e-02 6.166734546422958374e-02 7.437299191951751709e-02 1.900018565356731415e-02 3.257925389334559441e-03 1.828988827764987946e-02 2.363681234419345856e-02 1.469177287071943283e-02 3.128172829747200012e-02 7.732952479273080826e-03 2.739856578409671783e-02 6.012335047125816345e-02 7.029999792575836182e-02 7.317496836185455322e-02 1.157348603010177612e-01 2.737516723573207855e-02 6.894969195127487183e-02 2.903309464454650879e-02 2.168859168887138367e-02 1.215409301221370697e-02 1.758024469017982483e-02 1.676342636346817017e-02 2.208422496914863586e-02 3.401023894548416138e-02 2.893177978694438934e-02 5.244711786508560181e-02 2.069317549467086792e-02 2.774460427463054657e-02 7.744698319584131241e-03 8.586265146732330322e-03 5.979588627815246582e-02 6.108680739998817444e-03 1.478482596576213837e-02 3.006107173860073090e-02 3.101304732263088226e-02 9.942113421857357025e-03 4.963446035981178284e-02 4.003536701202392578e-02 9.781855344772338867e-02 7.987929880619049072e-02 1.250352244824171066e-02
3.036098740994930267e-02 1.994551345705986023e-02 2.499631978571414948e-02 6.550329923629760742e-02 7.904130965471267700e-03 4.464485682547092438e-04 5.529384128749370575e-03 2.259781956672668457e-02 5.371040105819702148e-02 1.413538772612810135e-02 5.148585140705108643e-02 5.613660905510187149e-03 4.369389731436967850e-03 5.743054673075675964e-02 3.056809678673744202e-02 9.432168304920196533e-02 4.875265434384346008e-02 6.357314437627792358e-02 3.161488473415374756e-02 3.711006417870521545e-02 3.821179270744323730e-02 3.048849059268832207e-03 8.573594689369201660e-02 5.216009542346000671e-02 9.646899066865444183e-03 2.960707992315292358e-02 1.831687800586223602e-02 5.140631273388862610e-02 4.840181767940521240e-02 6.186570599675178528e-02 3.160761296749114990e-02 3.329387307167053223e-02 1.980945654213428497e-02 5.651657283306121826e-02 1.638500392436981201e-02 1.896644942462444305e-02 4.947636276483535767e-03 2.240925282239913940e-02 6.298442929983139038e-02 2.569833099842071533e-01 3.777763992547988892e-02 1.306032110005617142e-02 1.891084946691989899e-02 1.876686140894889832e-02 4.346099495887756348e-02 2.019726438447833061e-03 1.856725476682186127e-02 6.391158699989318848e-02 2.752057835459709167e-02 3.124122880399227142e-02 4.604266025125980377e-03 5.049554258584976196e-02 3.227656334638595581e-02 2.524119801819324493e-02 5.696144420653581619e-03 3.361043054610490799e-03 7.672280818223953247e-02 3.491899371147155762e-02 9.399913251399993896e-03 3.627261146903038025e-02 5.785157904028892517e-02 1.245821733027696609e-02 4.194092750549316406e-02 6.634034216403961182e-03 1.371453609317541122e-02 4.618462547659873962e-02 1.500141434371471405e-02 1.152780372649431229e-02 4.278322309255599976e-02 9.938669949769973755e-02 3.593564033508300781e-02 3.827039897441864014e-02 1.553800050169229507e-02 8.222118020057678223e-02 1.387762464582920074e-02 3.739724634215235710e-03 2.400545962154865265e-02 3.632169589400291443e-02 4.664375260472297668e-02 1.005538087338209152e-02 2.540858834981918335e-02 1.462116539478302002e-01 2.600903809070587158e-02 1.350659579038619995e-01 9.215242229402065277e-03 3.640507161617279053e-02 5.629380047321319580e-02 2.225614525377750397e-02 3.791450336575508118e-02 1.124109886586666107e-02 3.765877336263656616e-02 1.427327934652566910e-02 1.080747041851282120e-02 6.408422440290451050e-02 3.090649843215942383e-02 4.718861728906631470e-02 1.415933072566986084e-01 3.414285928010940552e-02 2.988323196768760681e-02 6.021618377417325974e-03 1.941626891493797302e-02 7.082960568368434906e-03 1.814973540604114532e-02 3.292494686320424080e-03 2.641921676695346832e-02 7.962515577673912048e-03 2.473930828273296356e-02 3.127946704626083374e-02 2.306475676596164703e-02 1.406324356794357300e-01 3.955411165952682495e-02 5.112837627530097961e-02 1.522143487818539143e-03 2.238812297582626343e-02 6.527034193277359009e-02 7.729826029390096664e-03
1.296009272336959839e-01 1.096457242965698242e-01 3.905761986970901489e-02 4.861514642834663391e-02 4.464485682547092438e-04 7.569134980440139771e-02 2.573107182979583740e-01 3.543403744697570801e-02 5.587125197052955627e-02 9.073897264897823334e-03 9.138443320989608765e-02 8.137235045433044434e-02 8.507768809795379639e-02 3.113567456603050232e-02 2.373894676566123962e-02 7.660620659589767456e-02 8.906346559524536133e-02 2.810040302574634552e-02 3.419211879372596741e-02 5.148413032293319702e-02 7.496827282011508942e-03 7.269693166017532349e-02 1.620933972299098969e-02 9.574051946401596069e-02 3.367624012753367424e-04 3.677489003166556358e-03 4.824412986636161804e-02 5.370695888996124268e-02 6.948902457952499390e-02 7.438995875418186188e-03 1.489234715700149536e-02 1.266903709620237350e-02 1.255434099584817886e-02 3.434706106781959534e-02 1.496499753557145596e-03 1.524417381733655930e-02 6.400645524263381958e-02 1.718034781515598297e-02 2.369771897792816162e-02 4.531111940741539001e-02 3.052758239209651947e-02 2.226489596068859100e-02 4.630256071686744690e-02 7.700779009610414505e-03 4.523398354649543762e-02 4.177056252956390381e-02 2.129756510257720947e-01 9.374274313449859619e-02 1.914592343382537365e-03 2.006342075765132904e-02 2.363249473273754120e-02 2.048870548605918884e-02 4.592420160770416260e-02 2.021563984453678131e-02 1.349218282848596573e-02 3.275651857256889343e-02 7.220175117254257202e-02 1.670360937714576721e-02 2.299314923584461212e-02 5.215026903897523880e-03 3.455553203821182251e-02 5.527642089873552322e-03 8.376271580345928669e-05 3.694748878479003906e-02 2.587511017918586731e-02 2.842752821743488312e-02 1.546802837401628494e-02 3.391550481319427490e-02 4.970946907997131348e-02 7.090422511100769043e-02 4.260405153036117554e-02 5.262176273390650749e-04 5.449225753545761108e-02 3.635836392641067505e-02 5.504646804183721542e-03 1.008399724960327148e-01 6.747516244649887085e-02 1.691875793039798737e-02 3.904158249497413635e-02 9.477110207080841064e-02 4.351523146033287048e-02 9.240617975592613220e-03 3.753715427592396736e-03 2.175426483154296875e-02 7.858228869736194611e-03 3.497725725173950195e-02 6.949809845536947250e-03 6.377918273210525513e-02 5.461338162422180176e-02 3.040782362222671509e-02 9.002527594566345215e-02 9.156536543741822243e-04 9.322110563516616821e-02 1.373183131217956543e-01 2.126406133174896240e-02 6.942631676793098450e-03 2.445544674992561340e-02 3.972752019762992859e-02 3.356721624732017517e-02 9.833243675529956818e-03 7.888034917414188385e-03 6.017528939992189407e-03 4.794016852974891663e-02 2.857382595539093018e-02 3.649935126304626465e-02 9.158264845609664917e-02 3.560543805360794067e-02 1.596236601471900940e-03 7.669170387089252472e-03 2.675392106175422668e-02 3.177558630704879761e-02 9.222207590937614441e-03 1.998428255319595337e-03 2.297998964786529541e-02 1.040547154843807220e-02 3.543424978852272034e-02
7.538138329982757568e-02 1.520773023366928101e-01 2.509922720491886139e-02 5.498608946800231934e-02 5.529384128749370575e-03 2.573107182979583740e-01 1.065438762307167053e-01 2.515588328242301941e-02 3.791994601488113403e-02 4.633038491010665894e-02 1.006762683391571045e-01 2.212573587894439697e-02 1.129257678985595703e-01 1.979116641450673342e-04 5.633643642067909241e-02 3.282063826918601990e-02 2.552917227149009705e-02 4.255649074912071228e-02 6.738815456628799438e-02 1.644242741167545319e-02 2.564708888530731201e-02 8.609545230865478516e-02 7.397803664207458496e-02 2.613255381584167480e-02 5.591628700494766235e-02 4.796808585524559021e-03 2.480485476553440094e-02 1.584989205002784729e-02 6.317543238401412964e-02 3.594577684998512268e-02 7.546374946832656860e-02 1.271540671586990356e-02 1.296731084585189819e-02 3.911480680108070374e-02 1.386722736060619354e-02 1.824712380766868591e-02 1.986869797110557556e-02 2.823888324201107025e-02 7.339297328144311905e-03 3.532474627718329430e-03 1.218382176011800766e-02 1.415820978581905365e-02 1.565819722600281239e-03 2.454397268593311310e-02 7.346492726355791092e-03 1.516611222177743912e-02 5.990936234593391418e-02 8.765816688537597656e-02 2.356833778321743011e-02 5.325300619006156921e-02 4.235173389315605164e-02 5.186004191637039185e-02 2.268833853304386139e-02 2.557192184031009674e-02 9.543270803987979889e-03 5.459116771817207336e-03 1.477954443544149399e-02 2.363061066716909409e-03 5.117643252015113831e-02 1.024052035063505173e-02 1.464029774069786072e-02 4.808620736002922058e-02 2.442859672009944916e-02 2.195093967020511627e-02 2.525966055691242218e-02 4.327486827969551086e-02 2.169621922075748444e-02 8.279095403850078583e-03 2.809805423021316528e-02 1.074752956628799438e-01 1.867151819169521332e-02 5.906878784298896790e-02 2.904048748314380646e-02 3.845614567399024963e-02 2.640163153409957886e-02 3.771784529089927673e-02 1.634932309389114380e-02 4.223330691456794739e-02 1.782171986997127533e-02 4.087094590067863464e-02 1.901048421859741211e-02 2.663950435817241669e-02 5.145661532878875732e-02 1.046257466077804565e-01 2.818957529962062836e-02 1.073840167373418808e-02 9.417401161044836044e-04 2.631286904215812683e-02 8.109575719572603703e-04 3.054704330861568451e-02 8.854309469461441040e-02 7.985582947731018066e-02 7.395000010728836060e-02 5.010592192411422729e-02 3.542537987232208252e-02 5.417510494589805603e-02 2.326195500791072845e-02 2.376669645309448242e-02 3.295050188899040222e-02 5.499526858329772949e-02 2.021341398358345032e-02 2.663071081042289734e-02 4.430899396538734436e-02 4.922904074192047119e-02 3.717227280139923096e-02 3.145213425159454346e-02 3.031269833445549011e-02 3.108817338943481445e-02 3.722736611962318420e-03 3.630880266427993774e-02 2.078971453011035919e-02 3.253194317221641541e-02 3.003394789993762970e-02 4.885531379841268063e-04 3.785603865981101990e-02 2.298186905682086945e-02
2.562867244705557823e-03 2.914442121982574463e-02 9.780862927436828613e-02 4.760053940117359161e-03 2.259781956672668457e-02 3.543403744697570801e-02 2.515588328242301941e-02 3.678554203361272812e-03 1.460711751133203506e-02 7.063894066959619522e-03 3.902078140527009964e-03 7.139344699680805206e-03 7.529150228947401047e-03 1.671976968646049500e-02 1.131601631641387939e-01 1.856338232755661011e-02 3.515104576945304871e-02 2.141868695616722107e-02 2.965743280947208405e-02 5.144561454653739929e-02 5.542912334203720093e-02 5.828404799103736877e-02 4.826646670699119568e-02 4.462186619639396667e-02 1.286228001117706299e-02 2.425186568871140480e-03 1.741030067205429077e-02 3.756515309214591980e-02 1.479455642402172089e-02 2.532805129885673523e-02 6.575182545930147171e-03 3.242459520697593689e-02 3.114665113389492035e-02 2.886484563350677490e-02 1.348510943353176117e-02 2.914418466389179230e-02 3.854836523532867432e-02 4.828220233321189880e-02 5.241792649030685425e-02 5.532161332666873932e-03 2.867759391665458679e-02 1.493071485310792923e-02 2.958868630230426788e-03 2.603108808398246765e-02 3.154514357447624207e-02 3.850674256682395935e-02 1.138147711753845215e-02 1.680774986743927002e-02 1.540045253932476044e-02 5.568698048591613770e-03 1.879050023853778839e-02 1.990932784974575043e-02 7.886672019958496094e-02 2.118381857872009277e-02 3.992593288421630859e-02 1.510941609740257263e-02 4.476434737443923950e-02 4.704661294817924500e-02 1.808707974851131439e-02 1.176580972969532013e-02 4.140307381749153137e-02 3.904354525730013847e-03 6.955305486917495728e-02 2.767904661595821381e-03 7.606050930917263031e-03 1.292747724801301956e-02 2.680181525647640228e-02 3.384646028280258179e-02 1.773235201835632324e-02 1.315174810588359833e-02 5.818381160497665405e-02 2.618385851383209229e-02 1.894582808017730713e-02 1.408133376389741898e-02 1.747023500502109528e-02 4.552845377475023270e-03 2.826702967286109924e-02 4.639976471662521362e-02 1.798810320906341076e-03 6.907802075147628784e-02 8.145542442798614502e-02 1.098528727889060974e-01 3.273126110434532166e-02 8.647412061691284180e-02 4.626534879207611084e-02 1.133576687425374985e-02 1.111458092927932739e-01 6.124320998787879944e-02 4.604939371347427368e-03 3.973200172185897827e-02 3.824213892221450806e-02 5.457305908203125000e-02 3.697378933429718018e-02 3.736161068081855774e-02 1.228447631001472473e-02 6.012890860438346863e-02 4.401190578937530518e-02 3.938259929418563843e-02 3.840341418981552124e-02 8.114302530884742737e-03 1.074124965816736221e-02 4.698792938143014908e-03 4.003646969795227051e-02 1.311776228249073029e-02 5.653968825936317444e-02 1.263646554434671998e-04 3.509959951043128967e-02 4.998434334993362427e-02 1.223688363097608089e-03 7.342759519815444946e-02 1.387346629053354263e-02 3.440671414136886597e-02 8.310125209391117096e-03 2.238828223198652267e-03 4.892068356275558472e-02 5.673119798302650452e-02
4.999211803078651428e-02 4.103273153305053711e-02 3.283610939979553223e-02 5.742019787430763245e-02 5.371040105819702148e-02 5.587125197052955627e-02 3.791994601488113403e-02 1.460711751133203506e-02 7.633964717388153076e-02 7.187424600124359131e-02 4.716620594263076782e-02 8.976754546165466309e-02 1.199096720665693283e-02 4.748722910881042480e-02 1.252373121678829193e-02 3.471142426133155823e-02 1.449020672589540482e-02 1.027932912111282349e-01 3.731709346175193787e-02 1.008416060358285904e-02 2.122916094958782196e-02 6.552162766456604004e-02 1.344397068023681641e-01 6.483431160449981689e-02 3.005151078104972839e-02 2.973422035574913025e-02 8.788420818746089935e-03 4.325841739773750305e-02 1.432677451521158218e-02 8.100455999374389648e-02 4.432895034551620483e-02 1.936958916485309601e-02 9.372671134769916534e-03 2.256019972264766693e-02 3.222302347421646118e-02 4.204932134598493576e-03 2.858263999223709106e-02 1.682877889834344387e-03 2.907320670783519745e-02 4.713747650384902954e-02 1.322596240788698196e-02 3.874255344271659851e-02 1.457622624002397060e-03 3.898368775844573975e-02 6.556858867406845093e-02 4.883159697055816650e-02 2.825026027858257294e-02 2.496970258653163910e-02 3.457815572619438171e-02 4.254017025232315063e-02 5.021785572171211243e-02 1.055863313376903534e-02 8.699401281774044037e-03 4.647481255233287811e-03 8.497187495231628418e-02 1.879226975142955780e-02 7.506921142339706421e-02 2.768362499773502350e-02 1.008492312394082546e-03 1.725021749734878540e-01 1.022341251373291016e-01 3.124975971877574921e-02 4.761541262269020081e-02 6.292080134153366089e-02 2.203730121254920959e-02 1.020266767591238022e-02 1.333881169557571411e-02 1.600536517798900604e-02 9.136532247066497803e-02 2.414689771831035614e-02 4.146203771233558655e-02 7.834468781948089600e-02 1.036551315337419510e-02 1.211911998689174652e-02 2.747962996363639832e-02 4.237985610961914062e-02 2.131780683994293213e-01 2.600411325693130493e-02 4.718635231256484985e-02 5.343976989388465881e-02 1.588874496519565582e-02 4.758637025952339172e-02 1.212403923273086548e-01 6.204067915678024292e-02 4.042498022317886353e-02 9.730063378810882568e-03 4.233870282769203186e-02 6.066027283668518066e-02 7.350230962038040161e-02 3.920207917690277100e-02 1.046079695224761963e-01 6.031435355544090271e-02 3.213887661695480347e-02 4.883141443133354187e-02 2.189716883003711700e-02 6.142785772681236267e-02 1.002865610644221306e-03 1.221603155136108398e-01 8.359771966934204102e-02 1.513445004820823669e-02 4.091860610060393810e-04 6.331943906843662262e-03 5.540094897150993347e-02 1.561043411493301392e-02 3.852530568838119507e-02 8.786448091268539429e-02 3.023135848343372345e-02 2.734865993261337280e-02 2.068404667079448700e-02 1.974107138812541962e-02 8.075614459812641144e-03 7.143571507185697556e-03 2.020017802715301514e-02 5.315517634153366089e-02 4.222002625465393066e-02 2.983161807060241699e-02
3.300091624259948730e-02 4.535259678959846497e-02 1.903697662055492401e-02 2.202929742634296417e-02 1.413538772612810135e-02 9.073897264897823334e-03 4.633038491010665894e-02 7.063894066959619522e-03 7.187424600124359131e-02 3.660221397876739502e-02 4.250643029808998108e-02 3.702113404870033264e-03 1.702781580388545990e-02 6.186796724796295166e-02 1.172716170549392700e-02 4.139087721705436707e-02 5.717243254184722900e-02 2.959249354898929596e-02 1.136074140667915344e-01 5.205641314387321472e-02 1.499165408313274384e-02 2.488112449645996094e-02 4.616851452738046646e-03 3.977433964610099792e-02 2.023587748408317566e-02 1.525650825351476669e-02 2.309318166226148605e-03 7.578358799219131470e-02 5.802331864833831787e-02 8.673126250505447388e-02 1.246152818202972412e-02 3.111339546740055084e-02 2.712148800492286682e-02 9.027371183037757874e-03 1.210028026252985001e-02 1.480839028954505920e-02 9.081463329493999481e-03 5.199297517538070679e-02 2.178014488890767097e-03 3.243692591786384583e-02 1.096337661147117615e-02 5.700880661606788635e-02 3.324639797210693359e-02 3.590837866067886353e-02 3.533814102411270142e-02 5.193549208343029022e-03 8.798435330390930176e-03 4.991812631487846375e-02 2.755736187100410461e-02 8.457189053297042847e-02 3.065970912575721741e-02 1.328785624355077744e-02 3.091142885386943817e-02 7.990339398384094238e-02 5.218899995088577271e-02 9.813164919614791870e-02 2.561271749436855316e-02 7.695522904396057129e-02 1.518217031843960285e-03 5.245479196310043335e-02 4.123668000102043152e-02 6.753347814083099365e-02 1.381373684853315353e-02 2.343737892806529999e-02 4.462423175573348999e-02 2.612958475947380066e-02 1.891338150016963482e-03 1.079750433564186096e-02 5.349719896912574768e-02 5.049119889736175537e-02 3.598349168896675110e-02 5.546915531158447266e-02 5.091578699648380280e-03 1.117853447794914246e-01 3.134616184979677200e-03 5.037890002131462097e-02 8.622203022241592407e-04 1.390174180269241333e-01 6.622134149074554443e-02 6.865229457616806030e-02 2.243019640445709229e-02 4.806032404303550720e-02 2.156664058566093445e-02 5.959640070796012878e-02 3.480398282408714294e-02 2.945888414978981018e-02 3.327797353267669678e-02 6.555708125233650208e-03 4.166283831000328064e-02 1.064941361546516418e-01 1.894301921129226685e-02 4.103784635663032532e-02 3.697660192847251892e-02 1.416995096951723099e-02 1.417761377524584532e-04 7.366247475147247314e-02 1.218873541802167892e-02 3.066500090062618256e-02 4.217393696308135986e-02 4.269117489457130432e-02 2.491060271859169006e-02 8.910643868148326874e-03 1.245866902172565460e-02 2.395620569586753845e-02 2.478017471730709076e-02 1.536442432552576065e-02 4.606046155095100403e-02 3.625098243355751038e-02 4.545499011874198914e-02 1.723488792777061462e-02 1.820326223969459534e-02 4.055330902338027954e-02 1.996078714728355408e-02 3.597025945782661438e-02 1.628497615456581116e-02 5.949017778038978577e-02
1.214329525828361511e-01 1.123971790075302124e-01 5.484597012400627136e-02 3.099132888019084930e-02 5.148585140705108643e-02 9.138443320989608765e-02 1.006762683391571045e-01 3.902078140527009964e-03 4.716620594263076782e-02 4.250643029808998108e-02 8.613029867410659790e-02 2.299153991043567657e-02 1.025187373161315918e-01 1.663067750632762909e-02 4.341909661889076233e-02 3.300530463457107544e-02 1.502984669059514999e-02 8.452828042209148407e-03 3.666101023554801941e-02 1.057917345315217972e-02 2.033404260873794556e-02 5.029203835874795914e-03 1.004156749695539474e-02 2.304727397859096527e-02 4.121874645352363586e-02 2.278271503746509552e-02 1.443470944650471210e-03 4.394754767417907715e-03 5.867825821042060852e-02 8.422657847404479980e-03 6.168861727928742766e-05 1.592152006924152374e-02 1.289883069694042206e-02 2.478095889091491699e-02 9.887957014143466949e-03 3.331041336059570312e-02 5.113310180604457855e-04 2.328329347074031830e-02 6.739893555641174316e-02 3.322901949286460876e-02 2.440227754414081573e-02 1.109540648758411407e-02 3.276235237717628479e-02 1.781967468559741974e-02 5.273889005184173584e-02 3.555791079998016357e-02 7.357386499643325806e-02 3.893785178661346436e-02 4.590249806642532349e-02 2.239222452044487000e-02 1.769874244928359985e-02 4.820814356207847595e-02 4.207961261272430420e-02 4.499945789575576782e-03 2.023838646709918976e-02 5.788208544254302979e-02 3.289513289928436279e-02 3.447425737977027893e-02 2.014568075537681580e-02 8.619149215519428253e-03 6.309918127954006195e-03 2.416394650936126709e-03 3.933081403374671936e-03 3.755945339798927307e-02 7.382844388484954834e-02 6.758204847574234009e-02 5.305564962327480316e-03 2.987097576260566711e-02 2.312751486897468567e-02 2.152543328702449799e-02 1.082891225814819336e-02 1.565022766590118408e-02 1.998506300151348114e-02 4.381592199206352234e-02 8.106825873255729675e-03 1.563185942359268665e-03 2.942992374300956726e-02 7.783398177707567811e-05 3.826653957366943359e-02 1.844637561589479446e-03 4.107898473739624023e-02 3.006465174257755280e-02 2.289121225476264954e-02 2.357774414122104645e-03 4.693932831287384033e-02 8.236710913479328156e-03 6.090928241610527039e-02 3.344386443495750427e-02 6.432865560054779053e-02 1.854782737791538239e-02 4.728931561112403870e-02 3.997937962412834167e-02 3.273584693670272827e-02 1.179298982024192810e-01 3.170333057641983032e-02 2.048352174460887909e-02 1.348910480737686157e-02 2.007151953876018524e-02 1.124800276011228561e-02 4.492753744125366211e-02 1.337807066738605499e-02 3.499311860650777817e-03 1.003294996917247772e-02 4.184152930974960327e-03 1.143881306052207947e-02 5.318748205900192261e-02 8.256457746028900146e-03 1.457186043262481689e-02 3.014371171593666077e-02 8.876631967723369598e-03 2.780894748866558075e-02 8.965315297245979309e-03 7.042418583296239376e-04 2.695530652999877930e-03 4.419030249118804932e-02 1.227298844605684280e-02
7.528970949351787567e-03 2.461160346865653992e-02 1.174715440720319748e-02 1.211813744157552719e-02 5.613660905510187149e-03 8.137235045433044434e-02 2.212573587894439697e-02 7.139344699680805206e-03 8.976754546165466309e-02 3.702113404870033264e-03 2.299153991043567657e-02 7.805464416742324829e-02 3.583329916000366211e-02 1.840342730283737183e-01 1.744076237082481384e-02 1.870641671121120453e-02 2.511142753064632416e-02 3.297326713800430298e-02 1.121773663908243179e-02 2.137907966971397400e-02 1.488177571445703506e-02 5.646142363548278809e-02 5.218032374978065491e-02 2.283560112118721008e-02 6.111289840191602707e-03 6.682566553354263306e-02 1.046191249042749405e-02 1.198604330420494080e-01 1.206283941864967346e-01 1.484032869338989258e-01 3.381731733679771423e-02 2.662986330687999725e-02 3.576536476612091064e-02 2.123164199292659760e-02 4.132620245218276978e-02 1.775464974343776703e-02 1.311075221747159958e-02 4.033029079437255859e-03 5.977993458509445190e-02 2.573105320334434509e-02 1.027559628710150719e-03 1.714535616338253021e-02 2.046124264597892761e-02 4.588377475738525391e-02 3.031657822430133820e-02 2.493510767817497253e-02 7.339607458561658859e-03 1.076231617480516434e-02 1.664003357291221619e-02 3.005813434720039368e-02 2.251109853386878967e-02 6.774289533495903015e-03 8.519409224390983582e-03 7.735832477919757366e-04 2.174165099859237671e-02 2.312147803604602814e-02 4.262758418917655945e-02 4.648356512188911438e-02 2.361441589891910553e-02 1.175465621054172516e-02 3.301773592829704285e-02 6.240933015942573547e-02 1.891654334031045437e-03 1.383817661553621292e-02 1.730260555632412434e-03 3.416750347241759300e-03 8.615128695964813232e-03 2.350549213588237762e-02 1.872381754219532013e-02 2.014183998107910156e-02 2.480301540344953537e-03 3.506975248456001282e-02 1.071017831563949585e-01 2.417526952922344208e-02 3.550545498728752136e-02 3.497894480824470520e-02 6.737054884433746338e-02 7.052537053823471069e-02 4.150547087192535400e-03 1.048929896205663681e-02 4.260369017720222473e-02 4.880785942077636719e-02 5.480135325342416763e-03 1.897865906357765198e-02 6.362326443195343018e-02 1.862214133143424988e-02 2.514925785362720490e-03 4.000510275363922119e-02 3.602641075849533081e-02 6.371080130338668823e-02 1.171994581818580627e-01 1.940854080021381378e-02 3.218870237469673157e-02 8.450461179018020630e-02 3.180459886789321899e-02 2.460326068103313446e-03 4.457202181220054626e-02 6.266642361879348755e-02 3.389906883239746094e-02 4.239306226372718811e-02 2.329132147133350372e-02 2.565217018127441406e-02 3.278051037341356277e-03 3.621679916977882385e-02 2.174372086301445961e-03 3.907606378197669983e-02 4.187572002410888672e-02 1.777148805558681488e-03 5.168437212705612183e-02 2.801937237381935120e-02 5.908203870058059692e-02 7.237877696752548218e-02 5.115675739943981171e-04 1.784272678196430206e-02 4.365916922688484192e-02 6.670421361923217773e-02
1.087010577321052551e-01 2.171612381935119629e-01 3.187742084264755249e-02 7.747801952064037323e-03 4.369389731436967850e-03 8.507768809795379639e-02 1.129257678985595703e-01 7.529150228947401047e-03 1.199096720665693283e-02 1.702781580388545990e-02 1.025187373161315918e-01 3.583329916000366211e-02 8.194352686405181885e-02 4.865671321749687195e-02 1.777172274887561798e-02 2.295574918389320374e-02 3.016699105501174927e-02 6.694115290883928537e-05 1.453855168074369431e-02 5.958649143576622009e-02 5.407217890024185181e-02 5.425178632140159607e-02 3.844652697443962097e-02 3.901866264641284943e-03 3.215876966714859009e-02 1.275800727307796478e-02 3.634189441800117493e-02 3.980237990617752075e-02 7.145901024341583252e-02 2.726312493905425072e-03 8.885915577411651611e-02 3.476250544190406799e-02 1.325947605073451996e-02 2.231667516753077507e-03 4.361202009022235870e-03 5.959745496511459351e-03 3.213377296924591064e-02 3.929805383086204529e-02 2.360829710960388184e-02 7.449297606945037842e-02 4.468489810824394226e-02 9.731917642056941986e-03 2.861479856073856354e-02 3.858141228556632996e-02 3.009504452347755432e-02 1.024880912154912949e-02 5.933047086000442505e-02 4.638767242431640625e-02 2.693956531584262848e-02 3.294448554515838623e-02 2.698139660060405731e-02 7.574545685201883316e-03 2.753704227507114410e-02 3.194174915552139282e-02 1.202917844057083130e-02 1.853546686470508575e-02 4.566676914691925049e-02 3.967497497797012329e-02 3.217622637748718262e-02 2.986772451549768448e-03 1.405124273151159286e-02 2.116572111845016479e-02 3.322550281882286072e-02 1.527265459299087524e-02 6.309806555509567261e-02 1.027622222900390625e-01 1.862373575568199158e-02 1.387590449303388596e-02 2.911018673330545425e-03 7.282671984285116196e-03 2.275303192436695099e-02 5.716682225465774536e-02 1.865565404295921326e-02 4.759786278009414673e-02 3.083112463355064392e-02 4.663306102156639099e-02 3.579209372401237488e-02 1.733907684683799744e-02 4.650161787867546082e-02 9.087278507649898529e-03 2.724668243899941444e-03 3.840749710798263550e-02 2.891982719302177429e-02 3.815426304936408997e-02 4.633095581084489822e-03 1.291097234934568405e-02 4.022548347711563110e-02 1.763996668159961700e-02 2.815909683704376221e-02 3.737149760127067566e-02 3.141514956951141357e-02 1.757083926349878311e-03 3.889500722289085388e-02 3.326943516731262207e-02 2.034794539213180542e-02 4.421243071556091309e-02 3.540601208806037903e-02 3.513316810131072998e-02 1.123784575611352921e-02 1.125602610409259796e-02 2.273850142955780029e-02 4.095872491598129272e-02 1.129349041730165482e-02 6.679036468267440796e-02 1.809923164546489716e-02 7.309817709028720856e-03 4.142291843891143799e-03 1.272511575371026993e-02 2.153708599507808685e-02 2.717251703143119812e-02 4.131431132555007935e-02 3.475288674235343933e-02 3.881111741065979004e-02 2.578087523579597473e-02 1.687958650290966034e-02 1.673260703682899475e-02
