1.887316852807998657e-01 9.495004266500473022e-02 5.404301453381776810e-03 5.902251694351434708e-03 3.068148158490657806e-02 1.339302808046340942e-01 8.536244928836822510e-02 4.180574417114257812e-02 5.432434007525444031e-02 2.324393577873706818e-02 3.732272982597351074e-02 3.341547399759292603e-02 7.325533777475357056e-03 4.491646587848663330e-02 4.827112704515457153e-02 6.097550969570875168e-03 4.929328337311744690e-02 5.704823508858680725e-02 5.165259540081024170e-02 1.574373990297317505e-02 6.077618338167667389e-03 1.499871909618377686e-02 1.360328402370214462e-02 5.271737277507781982e-02 2.011803165078163147e-02 3.483957843855023384e-03 8.527135848999023438e-02 1.802289113402366638e-02 3.283683443441987038e-03 3.186951950192451477e-02 9.384047240018844604e-03 5.668163299560546875e-02 1.982619054615497589e-02 6.030106917023658752e-02 2.180239558219909668e-02 2.209274284541606903e-02 4.796343296766281128e-02 2.412687987089157104e-03 3.437815979123115540e-02 2.968986704945564270e-02 6.978391855955123901e-02 8.314587175846099854e-02 6.585203856229782104e-02 9.470584802329540253e-03 2.977369353175163269e-02 6.390859186649322510e-02 9.714566916227340698e-02 8.300466090440750122e-02 5.764691904187202454e-02 8.937349542975425720e-03 5.047763697803020477e-03 6.279588490724563599e-02 2.240950241684913635e-02 6.883734464645385742e-02 4.821866750717163086e-02 6.900201551616191864e-03 6.437794864177703857e-02 4.985809209756553173e-04 6.223004683852195740e-02 2.498527616262435913e-02 3.052555397152900696e-02 1.438659615814685822e-02 1.398104708641767502e-02 5.514072626829147339e-02 1.443964056670665741e-02 3.026109375059604645e-02 7.393725216388702393e-02 6.821344047784805298e-02 4.701169580221176147e-02 3.694394603371620178e-02 1.743281632661819458e-02 2.547468617558479309e-02 1.664752699434757233e-02 2.804347500205039978e-02 5.465986579656600952e-02 5.407014978118240833e-04 2.611434087157249451e-02 3.845882788300514221e-02 6.330608576536178589e-02 2.893261425197124481e-02 2.474751695990562439e-02 1.685941964387893677e-02 5.752998217940330505e-02 5.771147087216377258e-02 4.442628100514411926e-02 6.851650029420852661e-02 5.003847926855087280e-02 3.215999156236648560e-02 4.195619747042655945e-02 1.798854582011699677e-02 4.691350087523460388e-02 6.655596941709518433e-02 6.293825060129165649e-02 4.679896682500839233e-02 7.395903021097183228e-02 6.942883133888244629e-02 1.259277388453483582e-02 2.217189595103263855e-02 1.053656078875064850e-02 1.181991770863533020e-02 4.047356545925140381e-02 1.008552778512239456e-02 3.951096162199974060e-02 4.561510309576988220e-02 3.336988016963005066e-02 2.042761817574501038e-02 8.090215921401977539e-02 6.617146730422973633e-02 8.624572306871414185e-02 3.946221619844436646e-02 3.085369709879159927e-03 9.878003597259521484e-02 5.065211560577154160e-03 5.920659005641937256e-02 5.134399607777595520e-02 2.082023024559020996e-02
9.495004266500473022e-02 1.708121895790100098e-01 1.782986568287014961e-03 1.565556228160858154e-02 4.120774939656257629e-02 8.310239762067794800e-02 1.732995510101318359e-01 5.591298639774322510e-02 2.068036980926990509e-02 5.239676311612129211e-02 7.820828258991241455e-02 5.221561994403600693e-03 7.090889662504196167e-02 1.250385213643312454e-02 1.324825268238782883e-02 1.641819998621940613e-02 6.640725769102573395e-03 4.511307924985885620e-02 3.248500823974609375e-02 4.902868997305631638e-03 1.740500144660472870e-02 5.317907407879829407e-02 1.545158866792917252e-02 2.487722784280776978e-02 4.842767864465713501e-02 9.093699045479297638e-03 6.611764430999755859e-02 1.097693759948015213e-02 6.826607044786214828e-03 4.997552558779716492e-02 1.097852084785699844e-02 5.991167202591896057e-02 9.088592976331710815e-02 3.284393250942230225e-02 3.910266235470771790e-02 6.359230261296033859e-03 5.131319537758827209e-02 4.055934026837348938e-02 3.707280755043029785e-02 1.869864575564861298e-02 6.669470109045505524e-03 5.015705525875091553e-02 1.063053961843252182e-02 5.041518434882164001e-02 2.610444836318492889e-02 4.323238972574472427e-03 5.654610693454742432e-02 1.070542037487030029e-01 3.402425721287727356e-02 4.108254611492156982e-02 3.428668947890400887e-03 6.245309114456176758e-02 5.293490737676620483e-02 4.565078020095825195e-02 4.369213059544563293e-02 1.180810667574405670e-02 2.613718621432781219e-02 2.416270552203059196e-03 2.238796837627887726e-02 2.244031429290771484e-02 3.823419287800788879e-02 1.459442730993032455e-02 7.717827707529067993e-02 4.289743676781654358e-02 6.484360247850418091e-02 4.857740551233291626e-02 3.610801696777343750e-02 2.802642807364463806e-02 2.193626761436462402e-02 3.636757656931877136e-02 1.632515690289437771e-03 1.252533029764890671e-02 2.920050872489809990e-03 5.804184358566999435e-03 2.609169669449329376e-02 1.724899373948574066e-02 2.757626213133335114e-02 4.669582471251487732e-02 1.252857618965208530e-04 1.241414342075586319e-02 5.557854194194078445e-03 6.179736554622650146e-02 2.782701328396797180e-02 2.612304873764514923e-02 2.932496368885040283e-02 3.202414885163307190e-02 7.790741976350545883e-03 4.141688719391822815e-02 1.817073486745357513e-02 1.199829392135143280e-02 4.595165699720382690e-02 7.251622527837753296e-02 8.213479816913604736e-02 4.731830209493637085e-02 3.587391972541809082e-02 3.597054630517959595e-02 2.137738652527332306e-02 3.607054799795150757e-02 1.581445522606372833e-02 2.797206118702888489e-02 4.632085934281349182e-02 5.801947414875030518e-02 3.621775284409523010e-02 3.176814317703247070e-02 4.667228087782859802e-02 7.020134478807449341e-02 9.599574655294418335e-02 3.580739721655845642e-02 6.809236016124486923e-03 6.360228639096021652e-03 5.236144643276929855e-03 8.309182524681091309e-02 5.517113581299781799e-02 2.397224772721529007e-03 5.389030650258064270e-02 1.953444071114063263e-02
5.404301453381776810e-03 1.782986568287014961e-03 1.127594560384750366e-01 4.242562502622604370e-02 4.171817377209663391e-02 9.313157759606838226e-03 8.851322345435619354e-03 8.656644076108932495e-02 6.064468994736671448e-02 1.601123996078968048e-02 2.013300172984600067e-02 9.231555275619029999e-03 2.200221875682473183e-03 5.084021389484405518e-02 6.878235936164855957e-02 2.685214951634407043e-02 1.882661320269107819e-02 4.114402458071708679e-02 1.098250877112150192e-02 1.626759953796863556e-02 4.618002101778984070e-02 1.182478386908769608e-02 1.251905225217342377e-02 1.529717072844505310e-02 2.067798189818859100e-02 1.039530243724584579e-02 2.353715896606445312e-02 1.295688375830650330e-02 6.167223677039146423e-02 3.764398023486137390e-02 1.329200435429811478e-02 9.012086689472198486e-02 2.813328756019473076e-03 2.404166013002395630e-02 2.216437086462974548e-02 5.947239696979522705e-02 1.349227689206600189e-02 1.164642977528274059e-03 3.219961374998092651e-02 1.311154197901487350e-02 2.059758454561233521e-02 4.162886366248130798e-02 8.121546357870101929e-03 8.047246374189853668e-03 3.213674575090408325e-02 2.229827828705310822e-02 1.632339879870414734e-02 2.191384695470333099e-02 3.944804891943931580e-02 4.600260406732559204e-02 2.715117484331130981e-02 1.614349021110683680e-04 1.310145162278786302e-04 2.194018848240375519e-02 4.825579747557640076e-02 4.094042629003524780e-02 1.783971488475799561e-02 9.204157628118991852e-03 8.660197257995605469e-03 4.166479408740997314e-02 3.890853002667427063e-02 4.992828518152236938e-02 4.726413637399673462e-02 1.772996596992015839e-02 3.080721199512481689e-02 2.430322021245956421e-02 4.813983663916587830e-02 2.386801876127719879e-03 3.415689244866371155e-02 2.043397352099418640e-02 5.229467060416936874e-03 1.863106712698936462e-02 2.116753906011581421e-02 1.766258291900157928e-02 2.021532319486141205e-02 4.767897073179483414e-03 4.651413112878799438e-02 2.507424354553222656e-02 3.668626770377159119e-02 1.723714359104633331e-02 4.114830493927001953e-02 5.042014643549919128e-02 2.509891428053379059e-02 4.775635153055191040e-02 2.820376679301261902e-02 6.275822222232818604e-02 6.435976922512054443e-02 3.994750976562500000e-02 1.732052490115165710e-02 2.135471813380718231e-02 2.988636493682861328e-02 4.210980236530303955e-02 2.887807972729206085e-02 5.090924724936485291e-02 5.804780870676040649e-02 3.480293229222297668e-02 2.514871396124362946e-02 1.140754483640193939e-02 5.312005989253520966e-03 3.924599289894104004e-02 1.264398358762264252e-02 2.533341944217681885e-02 1.260967180132865906e-02 7.935930974781513214e-03 2.581583522260189056e-02 4.417692869901657104e-02 2.878301776945590973e-02 2.555319573730230331e-03 7.734763901680707932e-03 1.888898201286792755e-02 4.443928971886634827e-02 3.529462963342666626e-02 5.005022138357162476e-02 2.371076494455337524e-02 4.845833778381347656e-02 1.819485053420066833e-02
5.902251694351434708e-03 1.565556228160858154e-02 4.242562502622604370e-02 1.474541127681732178e-01 1.142990812659263611e-01 4.818265512585639954e-02 2.003569155931472778e-02 2.061088941991329193e-02 1.032015495002269745e-02 2.375954948365688324e-02 2.153922431170940399e-02 1.221767719835042953e-02 6.933479104191064835e-03 9.884126484394073486e-03 4.788121953606605530e-02 1.662456057965755463e-02 1.638385438127443194e-04 3.440286265686154366e-03 1.352618541568517685e-02 1.789911277592182159e-02 2.742387540638446808e-02 2.044384554028511047e-02 9.360250260215252638e-06 1.825230568647384644e-02 4.677641205489635468e-03 1.788802817463874817e-02 2.369737019762396812e-03 4.951897077262401581e-03 1.556719839572906494e-02 2.764695510268211365e-02 5.134538561105728149e-02 6.985663622617721558e-02 7.908757776021957397e-02 1.849200017750263214e-02 5.054868012666702271e-02 2.871451713144779205e-02 8.545511215925216675e-02 3.437926620244979858e-02 1.114546209573745728e-01 8.731404691934585571e-02 3.001611446961760521e-03 6.778862327337265015e-02 4.223606362938880920e-02 5.447686836123466492e-02 5.615998432040214539e-02 3.801475465297698975e-02 3.115511871874332428e-02 3.333398327231407166e-02 6.433783471584320068e-02 4.355048760771751404e-02 4.020642489194869995e-02 5.935837700963020325e-02 2.068494446575641632e-02 2.708824537694454193e-02 8.111712336540222168e-02 3.662133589386940002e-02 3.028276748955249786e-02 4.839116707444190979e-02 5.184850096702575684e-02 5.059783812612295151e-03 5.503097921609878540e-02 4.534577578306198120e-02 8.166514337062835693e-02 5.236505344510078430e-02 1.622146368026733398e-02 4.566268995404243469e-03 1.903867721557617188e-02 5.559763312339782715e-02 4.703687876462936401e-02 1.029268186539411545e-02 4.611939564347267151e-02 2.538253739476203918e-02 7.093550264835357666e-02 1.294988486915826797e-02 6.190071254968643188e-02 5.832722783088684082e-02 1.984541118144989014e-02 5.256485659629106522e-03 1.214541494846343994e-02 2.117730118334293365e-02 1.384536828845739365e-02 3.043791279196739197e-02 3.186716884374618530e-02 4.201552364975214005e-03 4.222000762820243835e-02 5.268677324056625366e-02 1.949497871100902557e-02 3.110464848577976227e-02 4.970016330480575562e-02 9.121939539909362793e-02 1.700423192232847214e-03 3.464318811893463135e-02 1.523939985781908035e-02 3.735416010022163391e-02 3.744420409202575684e-02 4.659205302596092224e-02 4.821998998522758484e-02 6.920323520898818970e-02 1.740801148116588593e-02 4.061174765229225159e-02 9.353245049715042114e-02 6.329945474863052368e-02 1.369866728782653809e-02 2.707259729504585266e-02 4.156097769737243652e-02 3.369452059268951416e-02 2.348798327147960663e-02 5.781199410557746887e-02 3.727111220359802246e-02 6.720892339944839478e-02 2.996935881674289703e-02 3.651161864399909973e-02 7.178222760558128357e-03 6.879291031509637833e-03 5.798875540494918823e-02 6.740823388099670410e-02
3.068148158490657806e-02 4.120774939656257629e-02 4.171817377209663391e-02 1.142990812659263611e-01 1.347975581884384155e-01 3.011089004576206207e-02 1.233543641865253448e-02 2.988755330443382263e-02 1.946728862822055817e-02 2.791532687842845917e-02 1.834223046898841858e-02 1.123028621077537537e-02 7.555411756038665771e-02 2.137937769293785095e-02 7.044014520943164825e-03 2.522497810423374176e-02 7.415651343762874603e-03 4.521305859088897705e-02 5.293886736035346985e-02 1.693276455625891685e-03 3.719284385442733765e-02 5.694678053259849548e-03 5.306193605065345764e-02 5.217680707573890686e-03 5.949678644537925720e-02 4.757745936512947083e-02 5.551768839359283447e-02 3.670980781316757202e-02 5.090406164526939392e-03 2.903187833726406097e-02 7.812824100255966187e-02 3.131771087646484375e-02 8.585994131863117218e-03 3.012912906706333160e-02 5.143631622195243835e-02 1.289856247603893280e-02 2.908033691346645355e-02 5.077434238046407700e-03 1.482124924659729004e-01 1.608809977769851685e-01 9.693269431591033936e-02 1.435123104602098465e-02 5.692318454384803772e-02 7.151382416486740112e-02 5.888064578175544739e-02 9.618762880563735962e-03 1.461450941860675812e-02 3.359924629330635071e-02 8.856902271509170532e-02 8.350318297743797302e-03 2.679035242181271315e-04 7.163843512535095215e-02 5.446387827396392822e-02 6.004824768751859665e-03 7.440421730279922485e-02 2.739241113886237144e-03 3.833928331732749939e-02 7.723626913502812386e-04 4.294347018003463745e-02 6.132474541664123535e-02 3.987851738929748535e-02 1.124944724142551422e-02 4.711920022964477539e-02 1.627629436552524567e-02 2.650741674005985260e-02 2.217275276780128479e-02 8.509121090173721313e-02 7.222154736518859863e-02 2.840765565633773804e-02 3.720433684065937996e-03 2.792049199342727661e-03 5.316280946135520935e-02 4.123095795512199402e-02 3.114056959748268127e-02 8.822342753410339355e-02 2.959643676877021790e-02 1.807838864624500275e-02 1.255202107131481171e-02 1.842695754021406174e-03 4.344869405031204224e-02 1.164531335234642029e-02 3.419663757085800171e-02 4.892994835972785950e-02 1.172930374741554260e-01 9.747060015797615051e-03 6.035441160202026367e-02 5.696086678653955460e-03 1.407727599143981934e-02 3.731171414256095886e-02 7.463647052645683289e-03 9.796253405511379242e-03 4.011971503496170044e-02 1.909716613590717316e-02 3.911679983139038086e-02 7.936201989650726318e-03 2.803224138915538788e-02 5.454032495617866516e-02 1.444271504878997803e-01 3.374962136149406433e-02 9.124994277954101562e-03 2.346366643905639648e-03 3.690405189990997314e-02 4.009374231100082397e-02 3.923393785953521729e-02 3.264734521508216858e-02 6.417088955640792847e-02 6.279481947422027588e-02 2.497061714529991150e-02 5.724416300654411316e-02 3.350138664245605469e-02 5.085147172212600708e-02 1.199618130922317505e-01 1.388468965888023376e-02 2.681812457740306854e-02 9.406002238392829895e-03 2.957356721162796021e-02
1.339302808046340942e-01 8.310239762067794800e-02 9.313157759606838226e-03 4.818265512585639954e-02 3.011089004576206207e-02 1.928541213274002075e-01 1.670193076133728027e-01 4.002446681261062622e-02 1.968493498861789703e-02 5.848712846636772156e-02 9.233928471803665161e-02 8.668164722621440887e-03 2.971616946160793304e-02 7.530060410499572754e-02 1.104449387639760971e-02 1.878619566559791565e-02 1.005135010927915573e-03 1.350956968963146210e-03 2.079827152192592621e-02 2.488184347748756409e-02 9.659390198066830635e-04 3.776691481471061707e-02 3.970781713724136353e-02 5.462612491101026535e-03 1.641807705163955688e-02 2.529786154627799988e-02 6.845462322235107422e-02 1.677737943828105927e-02 4.248183965682983398e-02 4.768664017319679260e-02 4.891597479581832886e-02 2.372950129210948944e-02 3.856206312775611877e-02 1.005704980343580246e-02 1.137258205562829971e-02 3.106618672609329224e-02 7.047854363918304443e-02 9.448306635022163391e-03 6.821079552173614502e-02 4.200174286961555481e-02 2.967013418674468994e-02 4.502944275736808777e-02 5.841115489602088928e-02 9.192854166030883789e-03 3.306082636117935181e-02 7.111520320177078247e-02 1.411450207233428955e-01 1.222249120473861694e-01 3.216061741113662720e-02 1.831116713583469391e-02 1.118261646479368210e-02 5.289741232991218567e-02 5.364007502794265747e-02 3.014699928462505341e-02 2.383625507354736328e-02 3.026985935866832733e-02 4.042489826679229736e-02 4.407709836959838867e-02 9.795111417770385742e-02 2.661856822669506073e-02 3.423196077346801758e-02 4.445044696331024170e-02 4.143264144659042358e-03 2.634809585288167000e-03 5.249662697315216064e-02 7.723149657249450684e-02 3.058383613824844360e-02 5.566924810409545898e-02 4.300073161721229553e-02 2.453111112117767334e-02 6.466232007369399071e-04 3.265496715903282166e-02 2.076775766909122467e-02 3.230613097548484802e-02 5.298196896910667419e-02 7.160702720284461975e-03 1.488836575299501419e-02 1.341299619525671005e-02 7.196347229182720184e-03 3.822854533791542053e-02 4.703479632735252380e-02 1.082844659686088562e-01 4.339683428406715393e-02 3.004247322678565979e-02 9.893821179866790771e-02 1.038621291518211365e-01 4.179581254720687866e-02 1.274211108684539795e-01 1.595059758983552456e-03 4.330513998866081238e-02 6.715708225965499878e-02 8.479518443346023560e-02 5.101712420582771301e-02 4.825356975197792053e-02 3.890123218297958374e-02 4.693156480789184570e-02 1.499021612107753754e-02 2.260196767747402191e-02 6.890010833740234375e-02 9.233338385820388794e-02 3.899974375963211060e-02 2.310269884765148163e-02 4.080408066511154175e-02 8.584368973970413208e-02 2.440308779478073120e-02 4.046542569994926453e-02 3.664425760507583618e-02 7.815795391798019409e-02 3.791932761669158936e-02 2.340545691549777985e-02 7.674454152584075928e-02 7.505419105291366577e-02 6.455517560243606567e-02 2.563106454908847809e-02 3.595714643597602844e-02 3.337848186492919922e-02
8.536244928836822510e-02 1.732995510101318359e-01 8.851322345435619354e-03 2.003569155931472778e-02 1.233543641865253448e-02 1.670193076133728027e-01 1.526486873626708984e-01 4.656565189361572266e-02 2.379778772592544556e-03 7.262793928384780884e-02 9.496522694826126099e-02 3.823936730623245239e-02 8.807997405529022217e-02 7.146739959716796875e-02 4.118597134947776794e-02 1.036293152719736099e-02 2.264857292175292969e-02 2.117960713803768158e-02 1.242470555007457733e-02 3.552674129605293274e-02 3.340611606836318970e-02 1.937545277178287506e-02 1.018864009529352188e-02 4.518577083945274353e-02 2.849293686449527740e-02 1.307456870563328266e-03 2.538527175784111023e-02 2.197919040918350220e-02 6.230791099369525909e-03 3.768852725625038147e-02 6.972077488899230957e-02 3.990889713168144226e-02 3.271764889359474182e-02 3.671982558444142342e-04 6.011107936501502991e-02 1.976182125508785248e-02 6.335439532995223999e-02 4.237299785017967224e-02 2.586278691887855530e-02 4.770729318261146545e-02 2.460704557597637177e-02 1.350819319486618042e-02 4.601704701781272888e-02 4.319380968809127808e-02 3.160853311419487000e-02 7.804861757904291153e-03 6.752700358629226685e-02 1.310275346040725708e-01 3.344123065471649170e-02 2.363757789134979248e-02 5.178772658109664917e-02 2.585007250308990479e-02 3.438686206936836243e-02 6.948076188564300537e-02 2.452270500361919403e-02 5.885886494070291519e-03 4.265284538269042969e-02 1.408015191555023193e-02 3.986097499728202820e-02 3.354502096772193909e-02 6.953753530979156494e-03 2.491602301597595215e-02 2.688859216868877411e-02 1.674329489469528198e-02 2.365931868553161621e-02 8.126891404390335083e-02 6.483571976423263550e-02 3.234750777482986450e-02 2.079693786799907684e-02 3.925118595361709595e-02 1.011866424232721329e-02 1.086118444800376892e-02 9.453975595533847809e-03 2.064424799755215645e-03 5.723517853766679764e-03 4.904962703585624695e-02 1.238722726702690125e-02 3.288375586271286011e-02 3.887811303138732910e-02 1.253267191350460052e-02 2.121912874281406403e-02 7.790576666593551636e-02 5.896632373332977295e-02 1.759366504848003387e-02 1.697441563010215759e-02 7.497825473546981812e-02 1.110524497926235199e-02 7.428738474845886230e-02 2.110589854419231415e-02 1.679554232396185398e-03 4.032665491104125977e-02 5.871947109699249268e-02 7.317309081554412842e-02 1.852248981595039368e-02 1.687396317720413208e-02 2.108819037675857544e-02 2.488228026777505875e-03 5.086550116539001465e-02 7.316662371158599854e-02 5.288880690932273865e-02 2.556545473635196686e-02 1.324782799929380417e-02 7.078419439494609833e-03 4.338911734521389008e-03 3.656567260622978210e-02 1.373723745346069336e-01 7.537511736154556274e-02 1.574304769746959209e-03 7.001712918281555176e-02 2.254927530884742737e-03 2.634264156222343445e-02 2.103083766996860504e-02 4.077153280377388000e-02 1.381873618811368942e-03 5.354265868663787842e-02 4.399851022753864527e-04
4.180574417114257812e-02 5.591298639774322510e-02 8.656644076108932495e-02 2.061088941991329193e-02 2.988755330443382263e-02 4.002446681261062622e-02 4.656565189361572266e-02 1.340018659830093384e-01 3.892475040629506111e-03 2.300711721181869507e-02 5.729286745190620422e-02 3.963872417807579041e-02 2.133357338607311249e-02 4.985337704420089722e-02 8.877205848693847656e-02 8.677343837916851044e-03 9.344601072371006012e-03 1.431517116725444794e-02 1.055602543056011200e-02 4.436707496643066406e-02 6.884685251861810684e-03 8.328060060739517212e-02 1.934332028031349182e-02 1.119499281048774719e-02 3.726801276206970215e-02 3.591105341911315918e-03 1.613534614443778992e-02 1.166218891739845276e-02 3.940691426396369934e-02 4.409340769052505493e-02 3.595810011029243469e-02 2.000432275235652924e-02 2.430646307766437531e-02 1.979735493659973145e-02 1.768506504595279694e-02 6.484769284725189209e-02 4.233893752098083496e-02 7.425506599247455597e-03 4.485400021076202393e-02 8.324764203280210495e-04 1.146143581718206406e-02 2.238495089113712311e-02 2.410063706338405609e-02 1.935766637325286865e-02 6.078676134347915649e-02 1.328027900308370590e-02 4.377619549632072449e-02 3.462720289826393127e-02 2.870938926935195923e-02 5.928511731326580048e-03 6.347886472940444946e-02 3.650533780455589294e-02 5.036428198218345642e-02 5.470174178481101990e-02 3.204113990068435669e-02 1.010061707347631454e-02 2.405401505529880524e-02 2.784230001270771027e-02 1.076911389827728271e-02 1.999582350254058838e-02 1.101431343704462051e-02 3.065367974340915680e-02 8.627631701529026031e-03 2.142902091145515442e-02 2.642509527504444122e-02 3.089852072298526764e-02 1.642727642320096493e-03 1.247411966323852539e-02 3.780127689242362976e-02 4.555825144052505493e-03 1.408349815756082535e-02 7.892125844955444336e-02 1.272485964000225067e-02 4.018031992018222809e-03 2.181437611579895020e-02 1.536771468818187714e-02 2.767648547887802124e-02 1.796446926891803741e-02 2.050099335610866547e-02 3.185239154845476151e-03 1.578816920518875122e-01 1.567912846803665161e-01 3.545975685119628906e-02 1.169755775481462479e-02 1.076306588947772980e-02 5.794789642095565796e-03 9.890136122703552246e-02 4.285708069801330566e-02 3.240058571100234985e-02 3.424580022692680359e-02 5.646680947393178940e-03 1.604165323078632355e-02 2.623186819255352020e-02 3.831168636679649353e-02 4.282632470130920410e-02 1.209578290581703186e-02 3.333962755277752876e-03 4.938883706927299500e-02 5.384595599025487900e-03 3.567581996321678162e-02 1.298148836940526962e-02 4.073786549270153046e-04 4.086901992559432983e-02 2.843786031007766724e-02 1.079107727855443954e-02 3.707861900329589844e-02 4.788208752870559692e-02 8.287280797958374023e-02 7.423752546310424805e-02 5.189327150583267212e-02 5.582958087325096130e-02 1.172763183712959290e-01 1.910021342337131500e-02 1.167487632483243942e-02 2.108749933540821075e-03 6.522762030363082886e-02
5.432434007525444031e-02 2.068036980926990509e-02 6.064468994736671448e-02 1.032015495002269745e-02 1.946728862822055817e-02 1.968493498861789703e-02 2.379778772592544556e-03 3.892475040629506111e-03 1.516517847776412964e-01 4.833396151661872864e-02 1.981975324451923370e-02 2.502462267875671387e-02 3.381919115781784058e-02 1.878421381115913391e-02 4.339753091335296631e-02 5.760479718446731567e-02 2.636996284127235413e-02 7.595489919185638428e-02 3.328870609402656555e-02 3.274628147482872009e-02 2.077952586114406586e-02 4.396445583552122116e-03 3.351369872689247131e-02 1.745634526014328003e-02 9.837673045694828033e-03 5.918272770941257477e-03 4.825638979673385620e-02 1.901936158537864685e-02 3.130334615707397461e-02 1.009248755872249603e-02 1.148428954184055328e-02 5.636802315711975098e-02 1.585574448108673096e-02 4.537473432719707489e-03 1.141491383314132690e-01 1.514528039842844009e-02 5.976166576147079468e-02 3.800051286816596985e-02 4.028491675853729248e-02 1.922022178769111633e-02 6.709930300712585449e-02 1.530291885137557983e-02 5.388828739523887634e-02 2.218238450586795807e-02 7.941615581512451172e-02 6.171080470085144043e-02 1.879185065627098083e-02 3.521223366260528564e-02 2.815635874867439270e-02 2.420814894139766693e-02 3.644327074289321899e-02 3.408436849713325500e-02 1.664371974766254425e-02 4.945592954754829407e-02 5.596573278307914734e-02 8.832153864204883575e-03 2.456468343734741211e-02 2.900253050029277802e-02 1.861220784485340118e-02 1.709377393126487732e-02 2.279593050479888916e-02 3.179996740072965622e-03 5.274485051631927490e-02 3.745294362306594849e-02 4.513823240995407104e-02 4.839042201638221741e-02 1.709311036393046379e-03 4.434289038181304932e-02 3.746643662452697754e-02 5.096130445599555969e-02 3.355296701192855835e-02 3.165780380368232727e-02 1.464102230966091156e-02 2.875917591154575348e-02 2.162490971386432648e-02 3.038415918126702309e-03 8.268621563911437988e-02 5.296710506081581116e-02 6.153363361954689026e-02 4.495866596698760986e-02 4.323349520564079285e-02 6.022536009550094604e-02 5.832134932279586792e-02 3.499608021229505539e-03 3.111035563051700592e-03 1.796577870845794678e-02 3.808094654232263565e-03 7.280579209327697754e-02 2.877371385693550110e-02 8.112506940960884094e-03 2.120525017380714417e-02 5.549823865294456482e-02 1.748596504330635071e-02 1.227097585797309875e-01 1.211678422987461090e-02 5.221286788582801819e-03 5.418088287115097046e-02 5.445104837417602539e-02 3.749519237317144871e-04 5.914149805903434753e-02 2.993989922106266022e-02 5.298614501953125000e-02 4.116453230381011963e-02 3.818085044622421265e-02 3.956171497702598572e-02 4.414347186684608459e-02 1.684672199189662933e-02 2.724831551313400269e-02 1.697546616196632385e-02 2.684666775166988373e-02 2.221205644309520721e-02 7.767981849610805511e-03 2.458947477862238884e-03 2.621340565383434296e-03 2.403381280601024628e-02 1.777094975113868713e-02
2.324393577873706818e-02 5.239676311612129211e-02 1.601123996078968048e-02 2.375954948365688324e-02 2.791532687842845917e-02 5.848712846636772156e-02 7.262793928384780884e-02 2.300711721181869507e-02 4.833396151661872864e-02 1.124884858727455139e-01 4.330178722739219666e-02 6.059001013636589050e-02 4.235668480396270752e-02 5.489065125584602356e-02 1.129820570349693298e-02 8.300595916807651520e-03 2.580679580569267273e-02 1.221288833767175674e-02 1.029814127832651138e-02 8.464091457426548004e-03 6.371713709086179733e-03 6.578321754932403564e-02 2.418409101665019989e-02 7.105322927236557007e-02 4.340513143688440323e-03 7.141719106584787369e-03 3.376884758472442627e-02 2.476938813924789429e-02 4.472048953175544739e-02 9.438538551330566406e-02 3.044990822672843933e-02 3.861124068498611450e-02 3.784909471869468689e-02 3.498689085245132446e-02 5.036862567067146301e-02 1.674543163971975446e-04 3.530547395348548889e-02 2.276971645187586546e-05 4.120968282222747803e-02 3.221096843481063843e-02 5.025706067681312561e-02 1.467747334390878677e-02 5.700605455785989761e-03 1.119870971888303757e-02 3.305315598845481873e-02 4.137199744582176208e-02 2.342995069921016693e-02 3.603705018758773804e-02 4.865782801061868668e-03 3.798374906182289124e-02 3.304370120167732239e-02 5.281840264797210693e-02 6.707686465233564377e-03 3.558203950524330139e-02 1.902901194989681244e-02 4.546435922384262085e-02 1.522957440465688705e-02 6.034550070762634277e-02 3.572147712111473083e-02 1.213595364242792130e-02 5.345416441559791565e-02 1.991014927625656128e-03 2.721059322357177734e-02 5.201039835810661316e-02 2.809066558256745338e-03 3.553647920489311218e-02 4.939147830009460449e-02 7.028263062238693237e-04 5.145710427314043045e-03 1.215692330151796341e-02 4.226452670991420746e-03 1.282572338823229074e-04 2.085562981665134430e-02 5.016223341226577759e-02 3.863832727074623108e-02 1.171043235808610916e-02 6.269977428019046783e-03 4.343109205365180969e-02 3.783479705452919006e-02 6.287951767444610596e-02 1.661317795515060425e-02 6.414630915969610214e-03 2.019476331770420074e-02 1.363266725093126297e-02 1.177072152495384216e-02 2.028789371252059937e-02 2.243390679359436035e-02 4.142091423273086548e-02 4.466251470148563385e-03 2.650902047753334045e-02 1.892463490366935730e-02 1.957372575998306274e-02 3.022076003253459930e-02 3.354647010564804077e-02 4.362469911575317383e-02 2.386162616312503815e-02 6.075800582766532898e-02 1.975962519645690918e-02 4.052800592035055161e-03 1.754418760538101196e-02 9.955029934644699097e-03 4.034911096096038818e-02 4.702291265130043030e-02 3.188579156994819641e-02 3.292154893279075623e-02 1.474166754633188248e-02 3.054604493081569672e-02 1.472704112529754639e-02 1.585808023810386658e-02 1.271801069378852844e-02 3.000049106776714325e-02 2.423384226858615875e-02 5.750491842627525330e-02 4.245687741786241531e-03 1.002414524555206299e-02 3.814157843589782715e-02
3.732272982597351074e-02 7.820828258991241455e-02 2.013300172984600067e-02 2.153922431170940399e-02 1.834223046898841858e-02 9.233928471803665161e-02 9.496522694826126099e-02 5.729286745190620422e-02 1.981975324451923370e-02 4.330178722739219666e-02 1.275209188461303711e-01 2.850273065268993378e-02 1.044986471533775330e-01 9.485673159360885620e-03 5.436299368739128113e-03 2.924074651673436165e-03 1.585934683680534363e-02 3.370896726846694946e-02 1.827773870900273323e-03 3.417665138840675354e-02 1.485084090381860733e-02 1.738306134939193726e-02 2.996143419295549393e-03 4.453044012188911438e-02 7.813394069671630859e-03 1.150538027286529541e-02 2.282109856605529785e-02 2.581956610083580017e-02 3.833713755011558533e-02 5.431998521089553833e-02 5.835697799921035767e-02 2.721188589930534363e-02 4.018180817365646362e-02 3.042306005954742432e-02 4.509801790118217468e-02 3.498945734463632107e-04 2.204999513924121857e-02 3.553990274667739868e-02 6.309303641319274902e-02 4.523410275578498840e-02 2.151730237528681755e-03 3.198536485433578491e-02 4.596262425184249878e-02 3.565933182835578918e-02 1.990109495818614960e-02 1.711516082286834717e-02 4.556489363312721252e-02 6.762837618589401245e-02 8.782466873526573181e-03 4.623253270983695984e-02 7.701766677200794220e-03 2.724749781191349030e-02 6.353711336851119995e-02 2.623801305890083313e-02 2.470517344772815704e-02 6.172365508973598480e-03 5.363851785659790039e-02 5.737580358982086182e-03 1.834687404334545135e-02 3.437968343496322632e-02 1.488664001226425171e-02 1.022849418222904205e-02 1.794654317200183868e-02 6.887600570917129517e-02 6.488541513681411743e-02 6.876699626445770264e-02 5.241506919264793396e-02 2.936116047203540802e-02 9.838355705142021179e-03 5.172055587172508240e-02 3.678622096776962280e-02 3.786112368106842041e-02 2.966386266052722931e-02 4.731603711843490601e-02 4.205293953418731689e-02 2.008648961782455444e-02 1.315149944275617599e-02 5.711840838193893433e-02 3.897277638316154480e-02 4.118753597140312195e-03 4.104229807853698730e-02 1.174659351818263531e-03 2.889761002734303474e-03 2.215300872921943665e-02 1.947115175426006317e-02 2.878142893314361572e-02 2.439233474433422089e-02 4.850962013006210327e-02 3.069890895858407021e-03 6.602257490158081055e-03 3.295661881566047668e-02 3.179645538330078125e-02 5.502539500594139099e-02 1.343518774956464767e-02 2.706689573824405670e-02 5.025523900985717773e-02 5.456756427884101868e-02 2.596962451934814453e-02 5.980337411165237427e-02 6.469544768333435059e-02 4.600761458277702332e-02 3.793321922421455383e-02 5.461937189102172852e-02 6.417687237262725830e-02 7.917481474578380585e-03 6.591890007257461548e-02 3.196414932608604431e-02 2.213397761806845665e-03 1.165249198675155640e-02 1.757192052900791168e-02 1.407496072351932526e-02 3.792821615934371948e-02 2.468420937657356262e-02 1.906212791800498962e-02 2.765708230435848236e-02 1.528655737638473511e-02
3.341547399759292603e-02 5.221561994403600693e-03 9.231555275619029999e-03 1.221767719835042953e-02 1.123028621077537537e-02 8.668164722621440887e-03 3.823936730623245239e-02 3.963872417807579041e-02 2.502462267875671387e-02 6.059001013636589050e-02 2.850273065268993378e-02 1.503427624702453613e-01 1.277057640254497528e-02 1.921200007200241089e-01 3.250030800700187683e-02 1.723963394761085510e-02 8.734842762351036072e-03 2.510058693587779999e-02 5.918913334608078003e-02 1.859176158905029297e-02 1.093019265681505203e-02 2.437141537666320801e-02 1.240940950810909271e-02 2.304922044277191162e-02 4.964166507124900818e-02 3.706738725304603577e-02 4.634081199765205383e-02 9.171405434608459473e-02 1.246713567525148392e-02 1.554349064826965332e-01 1.474058255553245544e-02 4.933473095297813416e-02 8.342261426150798798e-03 2.053706441074609756e-03 1.295009348541498184e-02 2.902930229902267456e-02 5.870581045746803284e-02 1.314889919012784958e-02 1.474891696125268936e-02 4.687739163637161255e-02 4.796978458762168884e-02 4.828075878322124481e-03 2.185815013945102692e-02 2.433392405509948730e-02 7.375167310237884521e-02 5.838759243488311768e-02 3.879265114665031433e-02 1.932010240852832794e-02 5.886228755116462708e-02 3.188782930374145508e-02 7.821894437074661255e-02 5.018068477511405945e-02 7.279242575168609619e-02 4.214708879590034485e-02 3.212624415755271912e-02 1.785746589303016663e-02 2.850939892232418060e-02 4.613359272480010986e-02 3.299361839890480042e-02 5.956476181745529175e-02 5.607362091541290283e-02 4.469483625143766403e-03 1.600450137630105019e-03 2.768312022089958191e-02 6.981080397963523865e-03 1.508689485490322113e-02 3.883007168769836426e-02 2.817641571164131165e-02 7.387945894151926041e-03 2.278178185224533081e-02 2.172909677028656006e-02 4.903612658381462097e-02 3.759865835309028625e-02 6.250134110450744629e-02 5.897213891148567200e-02 3.893119841814041138e-02 1.087715476751327515e-02 2.073113061487674713e-02 1.763939857482910156e-02 2.961522899568080902e-02 2.587466966360807419e-03 4.199719056487083435e-02 1.454294286668300629e-02 1.217559166252613068e-02 9.191623888909816742e-03 3.547794371843338013e-02 1.266826223582029343e-02 3.772323206067085266e-02 2.379313297569751740e-02 4.874376580119132996e-02 3.834298998117446899e-02 4.334678873419761658e-02 8.686868473887443542e-03 7.325783837586641312e-03 5.537327006459236145e-02 8.656716905534267426e-03 5.243011936545372009e-02 3.428875282406806946e-02 1.181091275066137314e-02 2.329700626432895660e-02 3.024048730731010437e-02 7.836617529392242432e-03 3.032478503882884979e-02 2.051950618624687195e-02 1.572641730308532715e-02 1.452586334198713303e-02 2.106357738375663757e-02 7.036802917718887329e-02 3.261213004589080811e-02 3.453601524233818054e-02 3.613704815506935120e-02 5.531674250960350037e-02 1.855134591460227966e-02 1.933707483112812042e-02 8.106411434710025787e-03 5.678777024149894714e-02
7.325533777475357056e-03 7.090889662504196167e-02 2.200221875682473183e-03 6.933479104191064835e-03 7.555411756038665771e-02 2.971616946160793304e-02 8.807997405529022217e-02 2.133357338607311249e-02 3.381919115781784058e-02 4.235668480396270752e-02 1.044986471533775330e-01 1.277057640254497528e-02 1.260891258716583252e-01 4.894550144672393799e-02 1.821511983871459961e-02 8.076562546193599701e-03 1.288305968046188354e-02 8.361637592315673828e-03 1.323455572128295898e-02 4.373126721475273371e-04 3.481991589069366455e-02 1.633201353251934052e-02 2.469990961253643036e-02 8.980301022529602051e-02 1.806538179516792297e-02 2.447735890746116638e-02 8.780399337410926819e-03 5.791864544153213501e-02 3.903841599822044373e-02 4.619622137397527695e-03 6.846737861633300781e-02 2.802302502095699310e-02 5.774104595184326172e-02 5.987661704421043396e-02 2.557504735887050629e-02 3.211298957467079163e-02 2.173120714724063873e-02 2.937604300677776337e-02 3.543628379702568054e-02 4.589047655463218689e-02 4.722525179386138916e-02 4.055971745401620865e-03 3.636921942234039307e-02 5.829156376421451569e-03 2.616655640304088593e-02 2.355520613491535187e-02 2.830677852034568787e-02 7.522548735141754150e-02 1.909401826560497284e-02 1.408406905829906464e-02 4.214869113638997078e-04 1.967757381498813629e-02 3.943559899926185608e-02 1.485184952616691589e-02 6.256844103336334229e-02 7.897220551967620850e-02 4.215811192989349365e-02 3.445682674646377563e-02 2.372772805392742157e-02 1.469450164586305618e-02 4.074975848197937012e-03 1.665089162997901440e-03 2.610036404803395271e-03 5.172296240925788879e-02 3.683819621801376343e-02 8.740361034870147705e-02 1.250464352779090405e-03 5.203101411461830139e-02 6.347613874822854996e-03 1.566023752093315125e-02 6.415402516722679138e-03 6.894609332084655762e-02 2.402513101696968079e-02 2.409577136859297752e-03 3.340702503919601440e-02 3.695280104875564575e-02 2.187542431056499481e-02 4.952502995729446411e-02 2.159165404736995697e-02 2.576981903985142708e-03 1.432283548638224602e-03 3.758797189220786095e-03 1.317329704761505127e-02 5.362563580274581909e-02 4.102696478366851807e-02 4.352279752492904663e-02 1.203992962837219238e-02 6.882070004940032959e-02 2.270711958408355713e-02 2.781307324767112732e-02 2.575669065117835999e-02 5.778255313634872437e-02 3.306855633854866028e-02 8.152344822883605957e-02 2.849101275205612183e-02 4.945703968405723572e-02 4.610484465956687927e-02 2.193085663020610809e-02 1.367277931421995163e-02 9.354644455015659332e-03 3.648388013243675232e-02 1.613599434494972229e-02 3.976011648774147034e-02 1.341140177100896835e-02 5.040516611188650131e-03 8.196479827165603638e-02 6.104203686118125916e-02 1.509978529065847397e-02 5.388846993446350098e-02 5.852015316486358643e-02 3.750997409224510193e-02 6.429057568311691284e-02 3.841228038072586060e-02 3.838974982500076294e-02 3.630943968892097473e-02 9.601017460227012634e-03
