1.494131386280059814e-01 2.000752687454223633e-01 5.198905989527702332e-02 5.486712232232093811e-02 8.060915768146514893e-02 7.451792061328887939e-02 5.506073310971260071e-02 5.264666676521301270e-02 2.791808359324932098e-02 1.465170923620462418e-02 1.159374564886093140e-01 3.277524933218955994e-02 9.309314191341400146e-02 1.544988341629505157e-02 1.636258363723754883e-01 2.663879282772541046e-02 3.677419945597648621e-02 2.113174088299274445e-02 9.376439265906810760e-03 3.125136718153953552e-02 3.744027391076087952e-02 5.901568755507469177e-02 6.525482051074504852e-03 5.556831508874893188e-02 1.599505729973316193e-02 3.650733083486557007e-02 7.391420751810073853e-02 5.900352820754051208e-02 1.675333827733993530e-02 9.887220337986946106e-03 1.138356281444430351e-03 6.637147627770900726e-03 2.101860381662845612e-02 3.622284159064292908e-02 4.629395157098770142e-02 3.301430121064186096e-02 1.525510475039482117e-02 4.523076489567756653e-02 8.596991188824176788e-03 4.702154919505119324e-02 2.714659785851836205e-03 1.066083647310733795e-02 5.959282442927360535e-02 3.240380063652992249e-02 3.890985250473022461e-02 3.602290898561477661e-02 6.892500072717666626e-02 3.942416608333587646e-02 4.310166463255882263e-02 4.236892238259315491e-02 5.569962412118911743e-02 5.497334524989128113e-02 7.089128252118825912e-03 2.873122505843639374e-02 3.107353113591670990e-03 7.502227090299129486e-04 4.101509973406791687e-02 3.014408424496650696e-02 1.105924881994724274e-02 3.037603199481964111e-02 7.344638463109731674e-03 4.511276632547378540e-02 1.474856119602918625e-02 3.588596358895301819e-02 2.163088321685791016e-02 2.179416827857494354e-02 5.794620141386985779e-02 3.659118665382266045e-03 1.698786765336990356e-02 4.825105518102645874e-02 9.452670346945524216e-04 1.836406998336315155e-02 1.024143118411302567e-02 2.865733020007610321e-02 8.184816688299179077e-02 1.975431665778160095e-02 1.808618567883968353e-02 4.705555737018585205e-02 6.263718008995056152e-02 2.861666679382324219e-02 6.079924106597900391e-02 8.158732950687408447e-02 7.502714544534683228e-02 3.871432319283485413e-02 5.140813440084457397e-02 3.552266862243413925e-03 5.214011669158935547e-02 3.203259035944938660e-02 2.306011971086263657e-03 1.503530517220497131e-02 1.073054689913988113e-02 5.137438885867595673e-03 2.943337196484208107e-03 6.220793351531028748e-02 1.050653774291276932e-02 8.004438132047653198e-03 3.165659680962562561e-02 5.674692615866661072e-02 2.519789710640907288e-02 3.513607010245323181e-02 5.151708144694566727e-03 9.593356517143547535e-04 1.687199249863624573e-02 3.620450571179389954e-02 1.488326117396354675e-02 5.617457907646894455e-03 1.853892765939235687e-02 3.651464730501174927e-02 2.071982994675636292e-02 5.582264065742492676e-02 2.808681689202785492e-03 3.672911087051033974e-03 2.822215668857097626e-02 1.526466291397809982e-02 6.077633798122406006e-02 9.288368374109268188e-02
2.000752687454223633e-01 1.381144374608993530e-01 5.294958129525184631e-02 2.132773213088512421e-02 7.384473830461502075e-02 9.637509286403656006e-02 1.050876453518867493e-01 4.364751651883125305e-02 3.680660203099250793e-02 1.402633637189865112e-02 1.094410344958305359e-01 1.689223945140838623e-02 1.233293339610099792e-01 4.462470859289169312e-02 1.154880076646804810e-01 3.313094377517700195e-02 3.859694302082061768e-02 2.367885224521160126e-02 1.678398624062538147e-02 8.256511762738227844e-03 4.621736332774162292e-02 3.461253643035888672e-02 5.254476796835660934e-03 6.211236119270324707e-02 4.400058835744857788e-02 6.468868255615234375e-02 3.095941245555877686e-02 2.766856364905834198e-02 7.065538782626390457e-03 2.321403846144676208e-02 2.319007413461804390e-03 3.287837281823158264e-02 1.936851814389228821e-02 2.131985127925872803e-02 3.130725026130676270e-02 5.501337349414825439e-02 6.551030278205871582e-02 2.192947454750537872e-02 2.263482660055160522e-02 6.136060133576393127e-02 5.128198862075805664e-02 5.133624374866485596e-02 4.729339852929115295e-02 2.358150854706764221e-02 3.390249237418174744e-02 3.605648502707481384e-02 9.030263125896453857e-02 5.968574807047843933e-02 2.929658629000186920e-03 8.475286513566970825e-02 2.196451276540756226e-02 2.503951825201511383e-02 1.186614297330379486e-02 3.692740947008132935e-02 2.540505304932594299e-02 1.514458912424743176e-03 3.722698893398046494e-03 6.307008862495422363e-02 3.379761427640914917e-02 7.757063489407300949e-03 6.912000477313995361e-03 1.029094532132148743e-01 7.120872382074594498e-03 8.876869454979896545e-03 3.610347956418991089e-02 2.659677900373935699e-02 5.231681838631629944e-02 8.402708917856216431e-03 5.184407159686088562e-02 1.763783767819404602e-02 1.650220155715942383e-02 4.525662865489721298e-03 3.988497331738471985e-02 3.643631190061569214e-02 3.361213207244873047e-02 1.535960286855697632e-02 3.117270022630691528e-02 3.650237619876861572e-02 5.126719176769256592e-02 4.383026063442230225e-02 2.586282230913639069e-02 3.161723958328366280e-03 4.580052942037582397e-02 2.333480119705200195e-02 3.799675405025482178e-02 2.018490619957447052e-02 3.438057005405426025e-02 6.978959776461124420e-03 1.987609267234802246e-02 3.210692480206489563e-02 2.743573859333992004e-02 3.569471463561058044e-02 2.124842256307601929e-02 5.084576830267906189e-02 2.745850477367639542e-03 2.291587367653846741e-02 2.204934321343898773e-02 5.493468791246414185e-02 1.448665186762809753e-02 1.840889686718583107e-03 1.259595341980457306e-02 2.409700490534305573e-02 6.284910719841718674e-03 4.660106264054775238e-03 1.881255954504013062e-02 3.247012943029403687e-02 3.239567577838897705e-02 5.468951072543859482e-03 1.886658719740808010e-04 3.404410555958747864e-03 1.863099634647369385e-03 3.925164230167865753e-03 6.204694509506225586e-02 6.777703762054443359e-02 5.423570796847343445e-02 6.369988620281219482e-02
5.198905989527702332e-02 5.294958129525184631e-02 6.064946576952934265e-02 4.040360916405916214e-03 2.629741095006465912e-02 4.133022576570510864e-02 2.310369722545146942e-02 1.100153625011444092e-01 5.946935340762138367e-02 1.846681348979473114e-02 1.641302928328514099e-02 8.190626651048660278e-02 2.646372187882661819e-03 4.484424367547035217e-02 3.266836330294609070e-02 4.919180646538734436e-02 3.016382083296775818e-02 2.528275735676288605e-02 1.782892644405364990e-02 6.656163185834884644e-02 8.861819282174110413e-03 4.456918686628341675e-02 5.724122002720832825e-02 7.552118599414825439e-02 1.070356741547584534e-02 6.100629642605781555e-02 4.363736137747764587e-02 1.272343937307596207e-02 6.689333356916904449e-03 4.446551203727722168e-02 1.876360177993774414e-02 3.562850132584571838e-02 1.549772825092077255e-02 3.724817419424653053e-03 2.723301202058792114e-02 2.892036736011505127e-02 3.693900769576430321e-03 1.833334681577980518e-03 3.036915324628353119e-02 3.592155873775482178e-02 1.586999371647834778e-02 2.480210922658443451e-02 4.773256927728652954e-02 1.786703765392303467e-01 1.961544156074523926e-02 1.946314796805381775e-02 5.748868733644485474e-02 2.689914032816886902e-02 3.717818856239318848e-02 2.736047655344009399e-02 3.071244806051254272e-02 3.468426689505577087e-02 5.036157090216875076e-03 8.221375755965709686e-03 4.092068970203399658e-02 3.754821047186851501e-02 4.188401624560356140e-02 1.712799072265625000e-02 8.104958385229110718e-02 4.068798199295997620e-02 4.411253705620765686e-02 3.203507512807846069e-02 4.478034377098083496e-02 3.029399085789918900e-03 4.180522263050079346e-02 1.323184464126825333e-02 1.533744577318429947e-02 1.492221374064683914e-02 5.485689640045166016e-02 6.310384720563888550e-02 2.155130356550216675e-02 2.819482982158660889e-02 5.111474078148603439e-03 4.784444719552993774e-02 3.631176054477691650e-02 4.601540043950080872e-02 3.875813633203506470e-02 3.828952461481094360e-02 4.769538715481758118e-02 4.131149128079414368e-02 2.145161777734756470e-01 8.219354599714279175e-02 5.297204852104187012e-02 4.864748567342758179e-02 5.631629005074501038e-02 1.262319087982177734e-02 3.144858032464981079e-02 1.258117426186800003e-02 6.010670214891433716e-03 3.397136554121971130e-02 4.661757964640855789e-03 2.326812036335468292e-02 5.396769940853118896e-02 2.553859911859035492e-02 1.687243208289146423e-02 4.363527894020080566e-02 7.574385963380336761e-03 2.798150852322578430e-02 2.954078279435634613e-02 7.517932448536157608e-03 3.850211203098297119e-02 2.065715007483959198e-02 1.366502977907657623e-02 3.074620291590690613e-02 7.022980600595474243e-02 2.407748997211456299e-02 4.745255410671234131e-02 5.530501902103424072e-02 4.770060628652572632e-02 9.589232504367828369e-02 4.503637179732322693e-02 4.497439414262771606e-02 7.381445169448852539e-02 7.438174635171890259e-02 6.302241981029510498e-02 5.339514464139938354e-03
5.486712232232093811e-02 2.132773213088512421e-02 4.040360916405916214e-03 8.574867993593215942e-02 2.086354196071624756e-01 2.748937718570232391e-02 2.432872354984283447e-02 6.020470056682825089e-03 3.128516674041748047e-02 4.319035261869430542e-02 2.916192449629306793e-02 5.227397382259368896e-02 2.171821705996990204e-02 1.482875924557447433e-02 4.069879278540611267e-02 3.336744150146842003e-03 4.085690528154373169e-02 9.217445738613605499e-03 9.267618879675865173e-03 2.221293374896049500e-02 4.537754133343696594e-02 8.142118342220783234e-03 1.983015681616961956e-05 2.853307314217090607e-02 3.031597845256328583e-02 2.651496604084968567e-02 2.567298337817192078e-02 4.200292378664016724e-02 3.033788315951824188e-02 8.208552747964859009e-02 3.220083564519882202e-02 6.402391940355300903e-02 3.208580613136291504e-02 2.631570585072040558e-02 5.734522640705108643e-02 1.561117172241210938e-02 2.665191143751144409e-02 3.392855450510978699e-02 1.110642328858375549e-01 1.946262642741203308e-02 2.147284522652626038e-02 1.444920897483825684e-02 2.952991239726543427e-02 8.201145566999912262e-03 2.006849739700555801e-03 1.170635316520929337e-02 4.693883005529642105e-03 1.828055642545223236e-02 2.532163262367248535e-02 2.491096034646034241e-02 5.836118757724761963e-02 7.698067277669906616e-02 2.613754570484161377e-02 3.069883398711681366e-02 1.774496980942785740e-03 3.773913159966468811e-02 4.739054664969444275e-02 6.386334076523780823e-03 5.463102832436561584e-02 1.942692324519157410e-02 7.941998541355133057e-02 7.441063970327377319e-02 1.722622103989124298e-02 2.694289386272430420e-02 2.739765215665102005e-03 1.429264992475509644e-02 1.672462001442909241e-02 3.073519654572010040e-02 1.328346580266952515e-01 2.236629370599985123e-03 5.191857740283012390e-02 6.302403658628463745e-02 1.538095176219940186e-01 1.218981947749853134e-02 1.643269509077072144e-01 1.720979623496532440e-02 1.016663089394569397e-01 1.978559419512748718e-02 8.203873038291931152e-02 3.998572006821632385e-02 5.842788144946098328e-03 2.556893788278102875e-02 5.150374770164489746e-02 2.517831139266490936e-02 2.342947386205196381e-02 3.710787976160645485e-03 1.471447385847568512e-02 3.088025562465190887e-02 2.919751778244972229e-02 4.716902226209640503e-02 2.559031918644905090e-02 3.064474090933799744e-02 3.798843920230865479e-02 9.745506569743156433e-03 1.771626295521855354e-03 3.829162567853927612e-03 5.542839691042900085e-02 8.869778364896774292e-02 5.562304519116878510e-03 1.446795742958784103e-02 7.307349890470504761e-02 1.505560055375099182e-02 8.437845855951309204e-02 3.376927971839904785e-02 3.656704723834991455e-02 4.846298694610595703e-02 1.385984104126691818e-02 2.689651027321815491e-02 8.251066319644451141e-03 2.997869858518242836e-03 3.469835966825485229e-02 3.116746433079242706e-02 6.222131662070751190e-03 3.065638430416584015e-02 3.508109599351882935e-02 1.680594682693481445e-02
8.060915768146514893e-02 7.384473830461502075e-02 2.629741095006465912e-02 2.086354196071624756e-01 8.318755030632019043e-02 1.341166440397500992e-02 5.976202082820236683e-04 1.903055584989488125e-03 3.253783285617828369e-02 2.238839678466320038e-02 5.932963639497756958e-02 1.307136565446853638e-02 4.660692531615495682e-03 8.018821477890014648e-02 3.193574398756027222e-02 3.781156381592154503e-03 1.334559917449951172e-02 3.848779946565628052e-02 4.279856756329536438e-02 4.159164056181907654e-02 3.433859720826148987e-02 2.479272149503231049e-02 2.034669741988182068e-02 3.255037590861320496e-03 1.494586374610662460e-02 2.837557345628738403e-02 8.169111795723438263e-03 1.263483613729476929e-02 4.551602154970169067e-02 6.716448813676834106e-02 5.546839535236358643e-02 9.031161665916442871e-02 4.087799042463302612e-02 1.922582276165485382e-02 5.049564316868782043e-02 3.435968980193138123e-02 3.958825394511222839e-02 5.085378885269165039e-02 1.629388332366943359e-01 8.213852345943450928e-02 4.696789756417274475e-02 1.257904991507530212e-02 2.228130958974361420e-02 2.169747650623321533e-02 8.639007806777954102e-03 1.321262214332818985e-02 1.218695193529129028e-02 2.610947005450725555e-02 2.776855602860450745e-02 4.350684210658073425e-02 5.732860788702964783e-02 6.028558686375617981e-02 5.702065303921699524e-02 2.864089421927928925e-02 2.799365669488906860e-03 1.956582628190517426e-02 2.666122454684227705e-04 1.868940331041812897e-02 4.526474699378013611e-02 3.936249017715454102e-02 2.591757662594318390e-02 5.313855037093162537e-02 1.006590109318494797e-02 6.312403827905654907e-02 6.245117634534835815e-02 2.856521401554346085e-03 2.530636964365839958e-03 7.706011179834604263e-03 4.989306256175041199e-02 1.250240392982959747e-02 3.766831010580062866e-02 3.415266796946525574e-02 8.562412858009338379e-02 1.147717994172126055e-04 1.863941252231597900e-01 2.446629293262958527e-02 6.946641206741333008e-02 7.394615560770034790e-03 5.955315381288528442e-02 1.219260413199663162e-02 1.988412998616695404e-02 3.564611449837684631e-02 9.536529332399368286e-02 5.400675907731056213e-02 4.908382892608642578e-02 9.245988726615905762e-02 6.085977656766772270e-04 3.137735277414321899e-02 4.634014889597892761e-02 8.071208745241165161e-02 1.233037933707237244e-02 1.689178682863712311e-02 4.517507925629615784e-02 3.410138189792633057e-02 2.608009614050388336e-02 5.393719673156738281e-02 3.720584139227867126e-02 7.351039350032806396e-02 5.387696251273155212e-02 4.675671458244323730e-02 1.157928165048360825e-02 4.522661119699478149e-02 7.496570050716400146e-02 3.379324078559875488e-02 8.927495032548904419e-02 2.110647782683372498e-02 2.174944058060646057e-02 1.526619493961334229e-02 1.503835618495941162e-02 1.031325291842222214e-02 2.900340966880321503e-02 3.415551036596298218e-02 2.030103001743555069e-03 2.082732692360877991e-02 3.147828206419944763e-02 2.604845538735389709e-02
7.451792061328887939e-02 9.637509286403656006e-02 4.133022576570510864e-02 2.748937718570232391e-02 1.341166440397500992e-02 1.520624309778213501e-01 1.742245554924011230e-01 5.289136990904808044e-02 2.895887754857540131e-02 3.469822555780410767e-02 8.453520387411117554e-02 4.096442461013793945e-02 1.087806373834609985e-01 4.439833760261535645e-02 1.152523886412382126e-02 2.482036501169204712e-02 1.646327599883079529e-02 3.265282604843378067e-03 1.786989532411098480e-02 2.830852381885051727e-02 2.657552622258663177e-02 5.856316164135932922e-02 5.171119235455989838e-03 4.646108136512339115e-04 3.783068060874938965e-02 1.051177456974983215e-02 4.721539840102195740e-02 2.401137165725231171e-02 1.129773724824190140e-02 1.826309412717819214e-02 4.955350235104560852e-02 3.269724175333976746e-02 6.113888695836067200e-03 1.680349558591842651e-02 2.617672830820083618e-02 3.174928948283195496e-02 3.584113344550132751e-02 1.657054387032985687e-02 3.663963824510574341e-02 3.287630155682563782e-02 1.084372773766517639e-02 1.926096528768539429e-02 3.140464797616004944e-02 1.221298240125179291e-03 4.795351624488830566e-02 3.189298138022422791e-02 1.185093820095062256e-01 7.962519675493240356e-02 1.405362784862518311e-02 2.403038181364536285e-02 4.279756546020507812e-02 1.822062581777572632e-02 8.110653609037399292e-03 1.359940227121114731e-02 1.449803635478019714e-02 3.789390623569488525e-02 2.244746685028076172e-02 5.909516476094722748e-03 1.545981224626302719e-02 8.122411672957241535e-04 8.006994612514972687e-03 1.889249868690967560e-02 8.210491389036178589e-03 1.359004713594913483e-02 5.694952327758073807e-03 5.501927062869071960e-02 2.985227620229125023e-03 3.522593295201659203e-03 2.004487253725528717e-02 1.308462303131818771e-02 7.770087569952011108e-03 2.983258292078971863e-02 3.322904929518699646e-03 2.700052456930279732e-03 4.177325405180454254e-03 2.309961244463920593e-02 6.917468272149562836e-03 1.761407218873500824e-02 4.830659553408622742e-02 6.656868755817413330e-02 3.045774623751640320e-02 4.456698521971702576e-02 2.981946058571338654e-02 3.413476422429084778e-02 1.240307558327913284e-02 1.791249588131904602e-02 1.989142782986164093e-02 2.842001244425773621e-02 2.917636884376406670e-03 1.088540256023406982e-02 2.135950885713100433e-02 1.155525539070367813e-02 1.860615611076354980e-02 3.702653106302022934e-03 1.054906286299228668e-02 1.516522280871868134e-02 3.738128393888473511e-02 5.635186657309532166e-02 1.763103879056870937e-03 2.619760110974311829e-02 1.841955073177814484e-02 2.144129201769828796e-02 2.242590067908167839e-03 4.127643257379531860e-02 1.261022128164768219e-02 4.705348238348960876e-02 7.727670483291149139e-03 2.083813399076461792e-02 6.614605337381362915e-02 1.545256190001964569e-02 4.233615472912788391e-02 1.477422099560499191e-02 4.147571325302124023e-02 6.572268158197402954e-02 2.223642729222774506e-02 4.276884719729423523e-02
5.506073310971260071e-02 1.050876453518867493e-01 2.310369722545146942e-02 2.432872354984283447e-02 5.976202082820236683e-04 1.742245554924011230e-01 1.627924144268035889e-01 5.229394882917404175e-02 1.796519756317138672e-02 3.010124154388904572e-02 7.963208854198455811e-02 1.876430213451385498e-02 1.159467175602912903e-01 1.509512588381767273e-02 2.244821283966302872e-03 2.194393239915370941e-02 5.475759389810264111e-04 1.326644327491521835e-02 2.402643859386444092e-02 5.699032172560691833e-02 7.272644899785518646e-03 6.442636251449584961e-02 8.195200003683567047e-03 1.684921607375144958e-02 2.476265095174312592e-02 3.745619440451264381e-03 1.732943952083587646e-02 1.512470375746488571e-02 1.208020932972431183e-02 3.995232749730348587e-03 4.117158800363540649e-02 3.514516726136207581e-02 2.596521191298961639e-02 2.763540018349885941e-03 3.294071182608604431e-02 2.329890057444572449e-02 1.243174634873867035e-02 8.446908555924892426e-03 1.825500093400478363e-02 9.436077671125531197e-04 1.628681272268295288e-02 4.108492285013198853e-02 4.900124296545982361e-02 1.228750403970479965e-02 2.070823498070240021e-02 2.407995238900184631e-02 1.284548193216323853e-01 1.031339839100837708e-01 2.187735214829444885e-02 5.443321913480758667e-02 6.440560799092054367e-03 1.570948027074337006e-02 1.860412955284118652e-02 9.588670218363404274e-04 1.860587298870086670e-02 2.375004440546035767e-02 1.380428485572338104e-02 1.683050766587257385e-02 4.100682586431503296e-02 1.819831319153308868e-02 4.390830639749765396e-03 1.790792122483253479e-02 1.560958102345466614e-02 1.002038456499576569e-02 1.907030679285526276e-02 5.860603973269462585e-02 2.701149135828018188e-02 3.116103471256792545e-04 2.307049185037612915e-02 2.843601070344448090e-02 3.387489169836044312e-02 2.223473228514194489e-02 6.477399263530969620e-03 2.636480703949928284e-02 1.503361295908689499e-02 2.695912122726440430e-02 1.867978088557720184e-02 1.190320029854774475e-02 2.959128841757774353e-02 4.952241852879524231e-02 2.659038640558719635e-02 6.231627985835075378e-02 4.614707082509994507e-03 1.992162503302097321e-02 1.437266264110803604e-02 1.564025692641735077e-02 2.903547324240207672e-02 2.809597551822662354e-02 1.134608779102563858e-02 4.701640573330223560e-04 4.382987692952156067e-02 1.099333167076110840e-02 4.907039925456047058e-02 2.984654344618320465e-02 3.404341696295887232e-04 2.077496424317359924e-02 2.626848220825195312e-02 1.671301759779453278e-02 1.416330691426992416e-02 2.091580070555210114e-02 2.096566930413246155e-02 3.027212433516979218e-02 1.752609200775623322e-02 4.861967172473669052e-03 3.794549405574798584e-02 3.766348212957382202e-02 2.583591639995574951e-02 3.244242817163467407e-02 7.377170771360397339e-02 1.959065161645412445e-02 4.080856963992118835e-02 3.892624005675315857e-02 3.549430891871452332e-02 1.869864203035831451e-02 2.101219631731510162e-02 3.261297941207885742e-02
5.264666676521301270e-02 4.364751651883125305e-02 1.100153625011444092e-01 6.020470056682825089e-03 1.903055584989488125e-03 5.289136990904808044e-02 5.229394882917404175e-02 1.068367660045623779e-01 4.100584238767623901e-02 3.100839257240295410e-02 3.960548713803291321e-02 6.389445625245571136e-03 3.878617426380515099e-03 4.268745705485343933e-02 5.897276476025581360e-02 8.905163966119289398e-03 1.678203232586383820e-03 6.661371141672134399e-02 2.732370048761367798e-02 5.316989496350288391e-02 2.583516389131546021e-02 5.333571881055831909e-02 2.950582280755043030e-02 2.544040232896804810e-02 3.813686966896057129e-02 3.730808570981025696e-02 5.693930387496948242e-02 4.101034998893737793e-02 3.491196781396865845e-02 2.651774324476718903e-03 6.963602453470230103e-02 2.205336466431617737e-02 4.227805882692337036e-02 3.506219387054443359e-02 5.935149267315864563e-02 2.878860384225845337e-02 2.978726662695407867e-02 3.235904267057776451e-03 5.376067385077476501e-02 3.732979670166969299e-02 2.847292646765708923e-02 4.743589833378791809e-02 4.645291715860366821e-02 7.478755433112382889e-03 3.062159195542335510e-02 7.824610220268368721e-04 3.216562420129776001e-02 6.234078854322433472e-02 9.979233890771865845e-02 4.143864661455154419e-02 2.325284853577613831e-02 2.948278374969959259e-02 4.861615598201751709e-02 8.515171706676483154e-02 2.304741740226745605e-02 1.312263589352369308e-02 2.664424106478691101e-02 1.183825917541980743e-02 1.222827413585036993e-04 4.104910884052515030e-03 6.346161477267742157e-03 2.459616027772426605e-02 4.398268833756446838e-02 3.132398799061775208e-02 6.098963692784309387e-02 4.512438550591468811e-02 3.435841947793960571e-02 2.447354607284069061e-03 8.865956217050552368e-03 1.745282299816608429e-02 3.876906260848045349e-02 1.519480533897876740e-02 1.423499081283807755e-02 8.010312914848327637e-03 2.622324973344802856e-02 2.747892960906028748e-02 8.526456658728420734e-04 5.437462031841278076e-02 2.235594205558300018e-02 5.470434203743934631e-02 1.481264531612396240e-01 1.163122281432151794e-01 1.228303276002407074e-02 2.723813615739345551e-02 7.375440001487731934e-02 4.209086671471595764e-02 1.085222810506820679e-01 9.023929387331008911e-02 3.522098436951637268e-02 3.328816965222358704e-02 4.645986482501029968e-02 3.551620244979858398e-02 4.186367616057395935e-03 7.254628092050552368e-02 3.332440555095672607e-02 1.408822718076407909e-03 6.945488043129444122e-03 3.563708811998367310e-02 9.156536310911178589e-03 2.646273747086524963e-02 2.752959541976451874e-02 6.227432284504175186e-03 4.522386007010936737e-03 5.201839841902256012e-03 1.434609200805425644e-02 6.799783091992139816e-03 4.395476728677749634e-02 6.239873357117176056e-03 5.153912585228681564e-03 1.816634647548198700e-02 4.243004694581031799e-02 6.679042242467403412e-03 1.342134270817041397e-02 4.824873059988021851e-03 3.941488265991210938e-02 2.265484072268009186e-02
2.791808359324932098e-02 3.680660203099250793e-02 5.946935340762138367e-02 3.128516674041748047e-02 3.253783285617828369e-02 2.895887754857540131e-02 1.796519756317138672e-02 4.100584238767623901e-02 7.576526701450347900e-02 3.318458795547485352e-02 1.438757055439054966e-03 3.225131513318046927e-05 6.053670123219490051e-02 1.690373755991458893e-02 3.314257040619850159e-02 2.530183270573616028e-02 1.760165952146053314e-02 1.816704310476779938e-02 1.268349494785070419e-02 2.104550972580909729e-02 4.811405763030052185e-02 1.668361201882362366e-02 4.218296706676483154e-02 2.620064094662666321e-02 4.933885298669338226e-03 4.856070876121520996e-02 2.266678027808666229e-02 6.627891957759857178e-02 5.347889289259910583e-02 4.048272222280502319e-02 3.461951389908790588e-02 1.228005904704332352e-02 7.086215168237686157e-02 2.263347245752811432e-02 8.718010969460010529e-03 1.410945802927017212e-01 1.272733360528945923e-01 3.902197256684303284e-02 1.803678832948207855e-02 8.000304549932479858e-02 3.136619925498962402e-02 6.060673296451568604e-02 3.738745301961898804e-02 4.158608615398406982e-03 9.738504886627197266e-03 6.909095495939254761e-02 4.796063061803579330e-03 7.186877541244029999e-03 5.162914469838142395e-02 6.619391590356826782e-02 3.590318933129310608e-02 3.304960578680038452e-02 1.337988302111625671e-02 3.353837504982948303e-02 1.906068176031112671e-01 6.036859378218650818e-02 4.944172874093055725e-02 2.478832378983497620e-02 1.097644586116075516e-02 3.168833255767822266e-02 8.443403244018554688e-02 7.420817017555236816e-02 1.332214940339326859e-02 1.317633432336151600e-03 8.068121969699859619e-02 2.907292917370796204e-02 3.037243708968162537e-02 6.747244298458099365e-02 3.389408439397811890e-02 2.783568575978279114e-02 2.624205686151981354e-02 4.448177292943000793e-02 1.345315668731927872e-02 4.653682559728622437e-02 6.323384493589401245e-02 7.618820667266845703e-02 1.889147460460662842e-01 6.279282271862030029e-02 7.093893736600875854e-02 6.494624167680740356e-02 3.817233443260192871e-02 6.222962401807308197e-03 5.560735985636711121e-02 1.359971892088651657e-02 3.816840425133705139e-02 2.763483859598636627e-02 2.509585767984390259e-02 2.992236800491809845e-02 1.186980605125427246e-01 7.242405414581298828e-02 7.622082252055406570e-03 4.308895394206047058e-02 4.594897478818893433e-02 6.917043775320053101e-02 1.816446706652641296e-02 1.352584920823574066e-03 4.500772058963775635e-02 4.077493771910667419e-02 5.421952530741691589e-02 3.677121177315711975e-02 3.590407082810997963e-03 1.943799667060375214e-02 1.844491437077522278e-02 3.750009834766387939e-02 2.284227684140205383e-02 1.211462542414665222e-02 3.767431527376174927e-02 6.784946471452713013e-02 7.719965279102325439e-02 1.016159169375896454e-02 2.757322508841753006e-03 1.567017100751399994e-02 2.463039569556713104e-02 4.330005124211311340e-02 1.890966435894370079e-03 7.298584561794996262e-03
1.465170923620462418e-02 1.402633637189865112e-02 1.846681348979473114e-02 4.319035261869430542e-02 2.238839678466320038e-02 3.469822555780410767e-02 3.010124154388904572e-02 3.100839257240295410e-02 3.318458795547485352e-02 6.979817897081375122e-02 3.495681798085570335e-03 4.348329082131385803e-02 6.510165520012378693e-03 3.965519741177558899e-02 9.906387887895107269e-03 1.668319222517311573e-03 3.944744542241096497e-02 4.267588257789611816e-02 1.241216585040092468e-01 3.213853389024734497e-02 1.689067110419273376e-02 2.485837228596210480e-02 5.823409184813499451e-02 3.654063120484352112e-02 4.955858737230300903e-02 1.345889922231435776e-02 1.119078416377305984e-02 6.004913151264190674e-02 1.659677363932132721e-02 1.190620847046375275e-02 4.080558195710182190e-02 5.054296180605888367e-02 2.712609991431236267e-02 7.925736904144287109e-02 6.529801059514284134e-03 1.522225141525268555e-02 5.734561011195182800e-02 5.026163905858993530e-02 5.979825556278228760e-02 7.038681954145431519e-02 4.132468253374099731e-02 1.136011257767677307e-02 1.667900569736957550e-02 2.012384356930851936e-03 8.888489566743373871e-03 1.545417774468660355e-02 2.099620550870895386e-02 4.609493911266326904e-02 6.665102392435073853e-02 1.053538396954536438e-01 8.120360970497131348e-02 1.199235208332538605e-02 5.219173058867454529e-02 9.506270289421081543e-02 7.115042954683303833e-02 9.196899831295013428e-02 2.623728290200233459e-02 1.582426391541957855e-02 4.952754080295562744e-02 4.959074407815933228e-02 5.372011661529541016e-02 9.253714978694915771e-02 1.203754823654890060e-02 6.324894726276397705e-02 8.312487043440341949e-03 9.754103608429431915e-03 5.681128799915313721e-02 3.595481440424919128e-02 1.093727126717567444e-01 1.008487194776535034e-01 9.529902599751949310e-03 9.033835493028163910e-03 5.102110654115676880e-02 6.370653212070465088e-02 5.714797601103782654e-02 4.136030748486518860e-02 4.497015103697776794e-02 1.676229536533355713e-01 2.745275944471359253e-02 1.359527409076690674e-01 7.357965409755706787e-02 2.394165843725204468e-02 4.588505998253822327e-02 1.330548524856567383e-01 3.221802040934562683e-02 3.919635713100433350e-02 4.112318623811006546e-03 6.025342270731925964e-02 3.251824155449867249e-02 4.404308646917343140e-02 7.988867349922657013e-03 3.986160084605216980e-02 5.604735016822814941e-02 7.025270164012908936e-02 3.318426758050918579e-02 1.437224261462688446e-02 1.458213757723569870e-02 6.229295954108238220e-02 5.096109211444854736e-02 2.488802000880241394e-02 8.284106105566024780e-02 3.019203990697860718e-02 3.268558159470558167e-02 6.937954574823379517e-02 2.736571431159973145e-02 3.089508600533008575e-02 2.167015336453914642e-02 3.170988708734512329e-02 1.258948352187871933e-02 3.839942812919616699e-02 3.951736912131309509e-02 8.319355547428131104e-02 5.664607137441635132e-02 1.981904543936252594e-02 3.351746127009391785e-02 5.745849758386611938e-02
1.159374564886093140e-01 1.094410344958305359e-01 1.641302928328514099e-02 2.916192449629306793e-02 5.932963639497756958e-02 8.453520387411117554e-02 7.963208854198455811e-02 3.960548713803291321e-02 1.438757055439054966e-03 3.495681798085570335e-03 1.766046732664108276e-01 2.882455848157405853e-02 1.267780661582946777e-01 1.298356894403696060e-02 9.051021188497543335e-02 3.508032858371734619e-02 3.023118339478969574e-02 5.578675121068954468e-02 2.731592580676078796e-02 3.701612353324890137e-02 2.796859852969646454e-02 4.190408810973167419e-02 1.401584177074255422e-05 2.053362876176834106e-02 5.220125615596771240e-02 3.473050426691770554e-03 1.450975798070430756e-02 2.034002915024757385e-02 5.570926144719123840e-02 3.605676814913749695e-02 5.863483622670173645e-02 7.740749511867761612e-03 3.029184788465499878e-02 7.264169398695230484e-03 2.554518170654773712e-02 1.261029671877622604e-02 4.514002054929733276e-02 8.674751967191696167e-03 3.188963234424591064e-02 1.996962912380695343e-02 5.995115265250205994e-02 2.723572961986064911e-02 2.340286783874034882e-02 6.226024706847965717e-04 3.855035454034805298e-02 3.657923638820648193e-02 7.364983111619949341e-02 6.002013012766838074e-02 2.385149337351322174e-02 3.625845909118652344e-02 5.177584290504455566e-02 6.494386494159698486e-02 2.917492762207984924e-02 3.915612585842609406e-03 5.172557197511196136e-03 1.379903173074126244e-03 9.468086995184421539e-03 1.122691016644239426e-02 1.698517240583896637e-02 6.512360181659460068e-03 1.938244141638278961e-02 4.458358883857727051e-02 2.389340102672576904e-02 4.720704630017280579e-02 4.070564731955528259e-02 5.442537739872932434e-02 2.421300299465656281e-02 1.595917157828807831e-02 1.896947436034679413e-02 5.707906186580657959e-02 4.798917565494775772e-03 3.140249103307723999e-02 2.595992386341094971e-02 6.054101511836051941e-03 4.531559720635414124e-02 2.023883908987045288e-02 2.773311221972107887e-03 4.641062766313552856e-02 5.565949901938438416e-02 5.909372121095657349e-02 5.603814497590065002e-02 5.020404607057571411e-02 4.042105376720428467e-02 2.930920198559761047e-02 9.036812931299209595e-02 1.958509348332881927e-02 8.882426470518112183e-02 1.416023634374141693e-02 1.211223751306533813e-02 4.724038392305374146e-02 9.855615906417369843e-03 5.644490569829940796e-02 4.420860204845666885e-03 2.684887312352657318e-02 3.656788542866706848e-02 1.079854834824800491e-02 5.942654795944690704e-03 3.225344792008399963e-02 2.300509437918663025e-02 1.337206922471523285e-02 7.050704210996627808e-03 2.667517587542533875e-02 2.884072251617908478e-03 5.388105660676956177e-02 2.136157639324665070e-02 2.177076973021030426e-02 2.906358987092971802e-02 5.811026785522699356e-03 1.705239643342792988e-03 2.591678872704505920e-02 2.253762260079383850e-02 2.097631106153130531e-03 1.399928517639636993e-02 4.838723223656415939e-03 2.840768173336982727e-02 1.880542188882827759e-02
3.277524933218955994e-02 1.689223945140838623e-02 8.190626651048660278e-02 5.227397382259368896e-02 1.307136565446853638e-02 4.096442461013793945e-02 1.876430213451385498e-02 6.389445625245571136e-03 3.225131513318046927e-05 4.348329082131385803e-02 2.882455848157405853e-02 5.962242558598518372e-02 4.498414695262908936e-02 3.140537440776824951e-01 2.118526585400104523e-02 4.801888763904571533e-02 3.574033081531524658e-02 7.447174936532974243e-02 2.416694350540637970e-02 6.786870956420898438e-02 8.930908143520355225e-02 2.302373759448528290e-02 4.625407233834266663e-02 3.692767024040222168e-02 2.663748152554035187e-02 4.849027842283248901e-02 6.148320063948631287e-02 4.800764471292495728e-02 4.963123239576816559e-03 1.452437322586774826e-02 4.098677262663841248e-02 1.097234617918729782e-02 1.311516109853982925e-02 2.838351391255855560e-02 4.472327977418899536e-02 1.266646683216094971e-01 8.210474252700805664e-02 6.087593361735343933e-02 4.274032637476921082e-02 4.507686942815780640e-02 1.226493716239929199e-02 8.235579356551170349e-03 8.681595325469970703e-03 6.274323165416717529e-02 7.667159661650657654e-03 4.309336096048355103e-02 3.509545698761940002e-02 3.650735365226864815e-03 7.930146530270576477e-03 1.992922276258468628e-02 1.130290701985359192e-01 1.928578875958919525e-02 6.656438112258911133e-02 2.921590209007263184e-02 1.131395529955625534e-02 6.064829602837562561e-02 3.671901067718863487e-03 3.901877626776695251e-02 8.568393997848033905e-03 3.648731485009193420e-02 1.079668849706649780e-01 4.785125702619552612e-02 4.195906594395637512e-02 2.524344809353351593e-02 6.966182991163805127e-05 1.449939049780368805e-02 4.167601466178894043e-02 2.218948863446712494e-02 5.653913598507642746e-03 2.581542171537876129e-02 4.692111536860466003e-02 1.792194694280624390e-02 4.545919969677925110e-02 1.629266701638698578e-02 3.594384714961051941e-02 7.275674492120742798e-02 1.056490391492843628e-01 3.457895293831825256e-02 8.689895272254943848e-02 2.978865616023540497e-02 1.388913393020629883e-02 9.333510883152484894e-03 1.877910085022449493e-02 3.154781088232994080e-02 1.092517599463462830e-01 2.531103231012821198e-02 4.641256108880043030e-02 6.147904321551322937e-03 2.162362821400165558e-02 7.692050188779830933e-02 6.603629887104034424e-02 3.573065996170043945e-02 1.161796972155570984e-01 1.298059802502393723e-02 1.801449246704578400e-02 2.373115718364715576e-02 2.090252749621868134e-02 2.088815160095691681e-02 2.673138305544853210e-02 4.615822434425354004e-02 8.601804147474467754e-04 3.821942955255508423e-02 1.005456876009702682e-02 6.329357624053955078e-02 4.262316506356000900e-03 2.769961487501859665e-03 4.866381362080574036e-02 7.237413525581359863e-02 5.461293086409568787e-02 3.653077408671379089e-02 8.284410461783409119e-03 8.539406210184097290e-02 5.347087606787681580e-02 4.147578775882720947e-02 3.928323835134506226e-02 3.073894232511520386e-02
9.309314191341400146e-02 1.233293339610099792e-01 2.646372187882661819e-03 2.171821705996990204e-02 4.660692531615495682e-03 1.087806373834609985e-01 1.159467175602912903e-01 3.878617426380515099e-03 6.053670123219490051e-02 6.510165520012378693e-03 1.267780661582946777e-01 4.498414695262908936e-02 1.699046343564987183e-01 4.552074242383241653e-03 6.134989857673645020e-02 6.479934789240360260e-03 6.445290520787239075e-03 4.076504707336425781e-02 1.543324813246726990e-02 1.050439756363630295e-02 9.271007962524890900e-03 1.438223291188478470e-03 2.152216155081987381e-03 1.061594113707542419e-02 4.071874544024467468e-03 1.823405921459197998e-02 2.833734825253486633e-02 4.716439917683601379e-02 4.737572744488716125e-02 6.435389071702957153e-02 8.824194222688674927e-02 2.804871648550033569e-02 1.138762943446636200e-02 1.008419669233262539e-03 9.747355245053768158e-03 5.033152177929878235e-02 1.121785026043653488e-02 2.682106010615825653e-02 2.870492450892925262e-02 4.189540818333625793e-02 1.055046170949935913e-02 3.239745739847421646e-03 2.597086131572723389e-02 4.024079814553260803e-02 3.140211477875709534e-02 1.188353542238473892e-02 7.957160472869873047e-02 6.468743830919265747e-02 4.703034833073616028e-02 5.110117420554161072e-02 2.747259568423032761e-03 6.454350426793098450e-03 2.948502451181411743e-02 3.048018924891948700e-02 2.718713693320751190e-02 3.627701848745346069e-02 4.522034432739019394e-03 1.244777441024780273e-02 3.864474594593048096e-02 1.999968197196722031e-03 2.884286269545555115e-02 3.764265030622482300e-02 3.244537860155105591e-02 1.526789565104991198e-04 1.805484294891357422e-02 7.878495007753372192e-02 2.463500946760177612e-02 3.294524922966957092e-02 1.362857222557067871e-02 1.645237952470779419e-02 3.282611072063446045e-02 3.205351531505584717e-02 1.913451589643955231e-02 4.448318481445312500e-02 1.585206831805408001e-03 9.263619780540466309e-03 4.930801317095756531e-02 4.273935407400131226e-02 1.557929068803787231e-02 6.223025172948837280e-02 2.818474359810352325e-02 2.241895347833633423e-02 4.066136106848716736e-02 2.502755075693130493e-02 4.580439999699592590e-02 1.939220353960990906e-02 2.317726798355579376e-02 6.270259618759155273e-03 8.405450731515884399e-03 4.487642273306846619e-02 2.820250950753688812e-02 1.807520538568496704e-02 2.258870564401149750e-02 2.979380637407302856e-02 1.585519686341285706e-02 2.712178276851773262e-03 1.215174142271280289e-02 1.799155212938785553e-02 1.302195712924003601e-02 1.241631619632244110e-02 7.646423764526844025e-03 3.232107684016227722e-02 1.725415885448455811e-02 2.595346048474311829e-02 3.604685515165328979e-02 1.590421050786972046e-02 2.608931995928287506e-02 1.366864051669836044e-02 2.753365598618984222e-02 1.293759141117334366e-02 6.369795650243759155e-02 4.150982201099395752e-02 2.675337530672550201e-02 5.506028607487678528e-02 1.312192901968955994e-02 2.048536762595176697e-02
