2.282937802374362946e-02 1.905656903982162476e-01 4.913781955838203430e-02 2.301667816936969757e-02 8.105433732271194458e-02 1.016031131148338318e-01 4.314095154404640198e-02 1.937901601195335388e-02 5.363615974783897400e-02 1.618991047143936157e-02 1.644716858863830566e-01 4.574893787503242493e-02 7.004160434007644653e-02 6.633789837360382080e-02 7.290291134268045425e-03 1.227937452495098114e-02 1.185386162251234055e-02 2.604533731937408447e-02 7.423403672873973846e-03 1.718332618474960327e-02 4.576797131448984146e-03 1.019480917602777481e-02 6.332524120807647705e-02 1.181165352463722229e-01 5.620107054710388184e-02 2.101636864244937897e-02 4.375547915697097778e-02 2.978895045816898346e-02 5.323991924524307251e-02 4.899819195270538330e-02 2.879004739224910736e-02 1.404937542974948883e-02 2.070271037518978119e-02 3.591336309909820557e-02 5.261142924427986145e-02 8.810147643089294434e-02 1.937766186892986298e-02 2.580719068646430969e-02 8.123086392879486084e-02 3.813211247324943542e-02 4.429189860820770264e-02 1.691835746169090271e-02 8.659359067678451538e-03 1.094304919242858887e-01 1.723429188132286072e-02 3.917991742491722107e-02 1.683227345347404480e-02 5.905157886445522308e-03 1.726537756621837616e-02 2.117872051894664764e-02 8.750446140766143799e-03 2.768278354778885841e-04 5.874888226389884949e-02 8.553133904933929443e-02 3.542581200599670410e-02 1.165577955543994904e-02 3.537995368242263794e-02 1.178905926644802094e-02 4.603760316967964172e-05 2.457113936543464661e-03 5.265322700142860413e-02 3.525385633111000061e-02 5.054818466305732727e-03 2.400361374020576477e-02 9.594992734491825104e-03 2.786625549197196960e-02 4.075291752815246582e-02 4.939734004437923431e-03 3.884844481945037842e-02 3.148958832025527954e-02 1.292529399506747723e-03 3.757063671946525574e-02 2.205881662666797638e-02 1.454755081795156002e-03 6.411506235599517822e-02 1.038670260459184647e-02 3.587171807885169983e-02 1.674561575055122375e-02 2.023787610232830048e-02 2.000025706365704536e-04 4.515608027577400208e-02 1.689359545707702637e-02 6.723622232675552368e-02 5.242054164409637451e-02 4.283415898680686951e-02 1.624361053109169006e-02 3.945988044142723083e-02 2.306205593049526215e-02 6.015576794743537903e-02 1.774489134550094604e-02 4.929433390498161316e-02 4.198855161666870117e-02 3.078426420688629150e-02 2.845053747296333313e-02 5.547221750020980835e-02 4.762825742363929749e-02 1.456402242183685303e-02 6.225260347127914429e-02 2.761537581682205200e-02 3.092824667692184448e-02 1.161895692348480225e-02 4.740344360470771790e-02 1.056790444999933243e-02 2.262891270220279694e-02 2.611209265887737274e-02 2.883643377572298050e-03 3.286780789494514465e-02 2.318963967263698578e-02 3.306607156991958618e-02 1.830828934907913208e-02 3.293639793992042542e-02 9.037823416292667389e-03 5.184786394238471985e-02 1.559038311243057251e-01 1.467237435281276703e-02 2.661457285284996033e-02
1.905656903982162476e-01 6.172145158052444458e-02 4.189749062061309814e-02 5.857139080762863159e-02 1.210403069853782654e-02 1.900858879089355469e-01 1.656232774257659912e-01 3.598348796367645264e-02 3.464772179722785950e-02 1.516879908740520477e-02 9.912422299385070801e-02 1.573217287659645081e-02 2.079300582408905029e-01 3.054553456604480743e-02 1.457372400909662247e-02 1.898578926920890808e-02 4.196273908019065857e-02 2.963670901954174042e-02 1.776942797005176544e-02 6.601747870445251465e-02 2.327960170805454254e-02 5.107709020376205444e-02 3.368655964732170105e-02 5.704809352755546570e-02 2.515194937586784363e-02 7.834685035049915314e-03 1.001369580626487732e-01 2.058492600917816162e-02 4.200349375605583191e-02 4.761138185858726501e-02 7.002186030149459839e-02 1.955198531504720449e-04 6.769244372844696045e-02 4.486764967441558838e-02 6.703397631645202637e-02 2.482649311423301697e-02 4.871315881609916687e-02 1.005850881338119507e-01 8.340205252170562744e-02 1.680677384138107300e-02 4.320941492915153503e-02 2.328262105584144592e-02 3.701459616422653198e-02 1.140322908759117126e-01 2.363860420882701874e-02 4.900043085217475891e-02 1.216898486018180847e-01 4.359215870499610901e-02 3.315631672739982605e-02 8.428511209785938263e-03 1.253391616046428680e-02 4.909235984086990356e-03 1.267533376812934875e-02 2.161470800638198853e-02 1.253849919885396957e-02 1.202311087399721146e-02 5.800021812319755554e-02 1.718566380441188812e-02 3.111962787806987762e-02 2.121154777705669403e-02 4.163376986980438232e-03 8.622163906693458557e-03 3.121967799961566925e-02 8.585532754659652710e-02 4.975948482751846313e-02 5.992127209901809692e-02 1.577826589345932007e-02 4.857732355594635010e-02 9.927866980433464050e-03 8.333636820316314697e-02 2.513622120022773743e-02 1.308868639171123505e-02 6.263960152864456177e-03 7.015540264546871185e-03 4.740487784147262573e-03 2.930539101362228394e-02 1.977696269750595093e-02 3.479361161589622498e-02 4.497106000781059265e-02 1.399549841880798340e-02 1.674830354750156403e-02 2.023452520370483398e-02 1.053260173648595810e-02 1.025138348340988159e-01 1.818596012890338898e-02 5.068730097264051437e-04 5.632791295647621155e-02 2.735960483551025391e-02 2.692758105695247650e-03 2.679842151701450348e-02 2.448557503521442413e-02 1.026817858219146729e-01 1.867381483316421509e-02 4.749733209609985352e-02 6.654416024684906006e-02 8.668162673711776733e-02 6.329538673162460327e-02 2.336994931101799011e-02 1.754195429384708405e-02 3.316671773791313171e-02 1.739514619112014771e-02 1.146622002124786377e-02 5.123794823884963989e-02 2.131075412034988403e-02 1.261632610112428665e-02 3.210296109318733215e-02 9.605668485164642334e-02 5.843864753842353821e-03 6.375426054000854492e-02 7.591837085783481598e-03 3.372767567634582520e-02 3.106747008860111237e-02 5.410982295870780945e-02 4.007882997393608093e-02 2.630795910954475403e-02 1.002972852438688278e-02
4.913781955838203430e-02 4.189749062061309814e-02 9.498916566371917725e-02 6.271499395370483398e-02 2.916081808507442474e-02 5.903939157724380493e-02 4.383167997002601624e-02 4.071892797946929932e-02 3.574863821268081665e-02 1.476045232266187668e-02 7.485131919384002686e-02 2.688450925052165985e-02 3.321288526058197021e-02 2.935088612139225006e-02 2.140549244359135628e-03 4.501345567405223846e-03 3.685393556952476501e-02 3.497528657317161560e-02 2.199328318238258362e-02 5.498590320348739624e-02 3.988454118371009827e-02 7.196294143795967102e-03 5.448533967137336731e-02 1.600221544504165649e-02 3.227827697992324829e-02 4.558346793055534363e-02 3.014291077852249146e-02 9.070121496915817261e-02 2.006401121616363525e-02 1.252399384975433350e-01 2.425320446491241455e-02 5.077166948467493057e-03 1.618177257478237152e-02 2.794851735234260559e-02 2.842028811573982239e-02 5.386406928300857544e-02 2.307488583028316498e-02 3.820103406906127930e-02 3.420002385973930359e-02 3.002911061048507690e-02 3.672893717885017395e-02 4.033233597874641418e-02 3.866893053054809570e-02 4.669547453522682190e-02 5.592076107859611511e-02 3.848645836114883423e-02 7.061026245355606079e-02 3.274081973358988762e-04 4.144140332937240601e-02 4.342253506183624268e-02 2.812588028609752655e-02 5.679685249924659729e-02 2.215619385242462158e-02 3.789435431826859713e-04 4.257084429264068604e-02 1.660205237567424774e-02 1.923719048500061035e-02 3.793616592884063721e-02 9.279349446296691895e-02 6.197048723697662354e-02 1.215031929314136505e-02 8.491973578929901123e-02 3.086584992706775665e-02 4.710299521684646606e-02 1.278600841760635376e-02 1.136292517185211182e-02 5.598593875765800476e-02 2.385412342846393585e-02 3.220449760556221008e-02 2.261653169989585876e-02 4.107642918825149536e-02 3.221296146512031555e-02 1.232451051473617554e-01 4.193593561649322510e-02 2.240008674561977386e-02 2.225819230079650879e-02 1.051412522792816162e-01 2.116196602582931519e-02 8.364253491163253784e-02 6.340691447257995605e-02 7.954879947646986693e-06 4.353997111320495605e-02 2.600913681089878082e-02 3.323798626661300659e-02 3.801933676004409790e-02 2.957882918417453766e-02 2.457294799387454987e-02 1.359849330037832260e-02 8.565550297498703003e-02 6.263016164302825928e-02 2.578997239470481873e-02 2.951566316187381744e-02 1.635672338306903839e-02 2.794885449111461639e-02 1.396148465573787689e-02 8.835525251924991608e-03 6.681775301694869995e-02 4.164089635014533997e-02 8.342446759343147278e-03 5.323538556694984436e-02 6.589766591787338257e-02 7.507587969303131104e-02 4.294085130095481873e-02 2.901967428624629974e-02 7.360676303505897522e-03 1.338879019021987915e-02 9.625792503356933594e-02 1.001769583672285080e-02 5.957463011145591736e-02 2.419283846393227577e-03 8.941400796175003052e-02 4.036774486303329468e-02 2.691301284357905388e-03 1.646504923701286316e-02 5.871847271919250488e-02 1.624700613319873810e-02
2.301667816936969757e-02 5.857139080762863159e-02 6.271499395370483398e-02 1.988941244781017303e-02 3.273998945951461792e-02 1.812913455069065094e-02 1.964303106069564819e-02 6.208603456616401672e-02 4.576489701867103577e-02 5.669130012392997742e-02 6.161014363169670105e-02 5.981338396668434143e-02 3.067009523510932922e-02 8.666391484439373016e-03 4.486334323883056641e-02 7.737874984741210938e-02 2.949939109385013580e-02 5.643450468778610229e-02 1.185497790575027466e-01 1.025229506194591522e-02 2.885316684842109680e-02 7.808486372232437134e-02 4.285871982574462891e-03 5.605189874768257141e-02 1.912618055939674377e-02 4.851017147302627563e-02 6.610644608736038208e-02 2.184188365936279297e-02 1.668626628816127777e-02 4.095132462680339813e-03 5.669090896844863892e-02 8.386179059743881226e-02 2.468269504606723785e-02 3.094716183841228485e-02 2.146752178668975830e-02 6.318557262420654297e-02 1.895899139344692230e-02 1.102285645902156830e-02 1.237174123525619507e-01 5.367682129144668579e-02 3.448634222149848938e-02 6.913586985319852829e-03 2.777339518070220947e-02 5.417401716113090515e-02 2.316346950829029083e-02 2.317956835031509399e-02 3.176375525072216988e-03 2.706924080848693848e-02 3.304974362254142761e-02 7.313003297895193100e-03 7.321465760469436646e-03 1.570745604112744331e-03 6.253704894334077835e-03 1.820037513971328735e-02 3.337742015719413757e-02 1.208455534651875496e-03 7.326000370085239410e-03 5.347099527716636658e-02 5.280102789402008057e-02 4.007470235228538513e-02 6.636068224906921387e-02 4.156770929694175720e-02 4.522057622671127319e-02 3.458818420767784119e-02 3.609111160039901733e-02 3.312817960977554321e-02 1.642040722072124481e-02 1.060562394559383392e-02 8.258406817913055420e-02 3.506398573517799377e-02 2.524178102612495422e-02 6.303752213716506958e-02 7.562815397977828979e-02 5.136381834745407104e-02 1.002926081418991089e-01 4.772199317812919617e-02 6.539389025419950485e-03 4.848311096429824829e-02 1.806429703719913960e-03 1.300030853599309921e-02 7.490627467632293701e-02 3.587717190384864807e-02 1.207930874079465866e-02 1.224191114306449890e-01 9.029972366988658905e-03 7.503536343574523926e-02 3.031207434833049774e-02 3.156507760286331177e-02 5.254132300615310669e-02 1.042329939082264900e-03 7.556608412414789200e-03 6.074926629662513733e-02 3.998455032706260681e-02 1.814796403050422668e-02 7.549494504928588867e-02 6.378142535686492920e-02 3.659762442111968994e-02 5.196433886885643005e-02 3.083319962024688721e-02 3.804317861795425415e-02 4.844299331307411194e-02 2.437701448798179626e-02 2.966783009469509125e-02 4.767688736319541931e-02 1.622044295072555542e-02 1.599901914596557617e-02 6.235032528638839722e-02 5.266080051660537720e-02 4.603028669953346252e-02 4.068383574485778809e-02 3.988788521382957697e-04 2.640293911099433899e-02 5.196008714847266674e-04 1.728968508541584015e-02 1.218708232045173645e-01 8.806047029793262482e-03
8.105433732271194458e-02 1.210403069853782654e-02 2.916081808507442474e-02 3.273998945951461792e-02 6.135846674442291260e-02 9.999825060367584229e-02 4.045300930738449097e-02 7.281394302845001221e-02 3.018333576619625092e-02 5.970198661088943481e-02 4.373836144804954529e-02 5.601777136325836182e-02 5.414894595742225647e-02 2.529948949813842773e-03 1.686226204037666321e-02 7.754730433225631714e-02 7.568422704935073853e-03 7.721777260303497314e-02 1.523836702108383179e-02 6.258313357830047607e-02 1.018367521464824677e-02 3.219568869099020958e-03 2.028184942901134491e-03 2.026199921965599060e-02 5.962162744253873825e-03 9.823551028966903687e-02 7.380843907594680786e-02 3.636664524674415588e-02 2.612169599160552025e-03 4.202739149332046509e-02 8.127902448177337646e-02 4.713883996009826660e-02 4.801428690552711487e-02 2.396440505981445312e-02 1.366010867059230804e-02 9.821766056120395660e-03 7.286623585969209671e-04 6.434725224971771240e-02 6.920710951089859009e-02 1.350172162055969238e-01 8.174914866685867310e-02 4.093451425433158875e-02 3.822503983974456787e-02 3.036289848387241364e-02 4.520736262202262878e-02 4.397289082407951355e-02 1.900771446526050568e-02 2.353523112833499908e-02 7.007462531328201294e-02 7.314592599868774414e-03 2.972958050668239594e-02 5.215410888195037842e-02 1.418180949985980988e-02 6.806427612900733948e-03 3.845527023077011108e-02 3.627640008926391602e-02 5.520001426339149475e-02 2.311740256845951080e-02 2.815200947225093842e-02 9.978062473237514496e-03 3.205894678831100464e-02 2.630748413503170013e-02 9.886246174573898315e-02 2.912301942706108093e-02 2.885856106877326965e-02 2.518562786281108856e-02 5.887668579816818237e-02 6.153078004717826843e-02 3.731239959597587585e-02 3.722022473812103271e-02 7.111154496669769287e-02 4.756489023566246033e-02 4.459910839796066284e-02 6.744700670242309570e-02 1.228899578563868999e-03 3.373401239514350891e-02 1.615076139569282532e-02 6.790852546691894531e-02 1.749612204730510712e-02 6.878833472728729248e-02 3.432944044470787048e-02 1.839217357337474823e-02 6.211145594716072083e-02 1.552959978580474854e-01 5.985162779688835144e-02 4.926960170269012451e-02 3.742567822337150574e-02 6.566496100276708603e-03 2.053742855787277222e-02 5.443166941404342651e-02 1.496983878314495087e-02 5.544427782297134399e-02 9.525283239781856537e-03 1.741537638008594513e-02 1.091857701539993286e-01 1.223157048225402832e-01 7.616335060447454453e-03 3.536833822727203369e-02 4.444401711225509644e-02 2.569004148244857788e-02 4.640484973788261414e-02 5.269620195031166077e-02 1.939261145889759064e-02 3.843575343489646912e-02 3.880072757601737976e-02 6.482484284788370132e-03 6.534010171890258789e-02 7.957538589835166931e-03 1.440836675465106964e-02 4.529962688684463501e-02 3.213448822498321533e-02 6.837127357721328735e-02 3.395898267626762390e-02 5.848897621035575867e-02 2.219141088426113129e-02 2.831149660050868988e-02
1.016031131148338318e-01 1.900858879089355469e-01 5.903939157724380493e-02 1.812913455069065094e-02 9.999825060367584229e-02 5.953257158398628235e-02 1.905917972326278687e-01 3.332405176479369402e-04 4.912243038415908813e-02 1.084063388407230377e-02 4.365923628211021423e-02 9.202027320861816406e-02 9.178730100393295288e-02 5.243808403611183167e-02 3.362080082297325134e-02 5.868019908666610718e-02 1.895391009747982025e-02 1.492453366518020630e-02 1.046530716121196747e-02 1.961894519627094269e-02 3.069384396076202393e-02 1.761676743626594543e-02 6.858900189399719238e-02 1.830070093274116516e-02 3.242414817214012146e-02 3.095251042395830154e-03 1.295447442680597305e-02 1.338049620389938354e-01 4.207760095596313477e-02 7.644243538379669189e-02 1.611839421093463898e-02 7.339055836200714111e-02 4.110591858625411987e-02 6.082037463784217834e-03 1.980969309806823730e-02 1.736700162291526794e-02 2.146917540812864900e-04 2.189749665558338165e-02 7.778827846050262451e-02 4.808893427252769470e-02 4.369841516017913818e-02 1.137573923915624619e-02 9.080466814339160919e-03 2.520343847572803497e-02 3.293091803789138794e-02 2.515120059251785278e-02 2.248279750347137451e-01 8.306416869163513184e-02 2.254397235810756683e-02 8.601390756666660309e-03 6.574044935405254364e-03 2.437108661979436874e-03 8.344417437911033630e-03 3.559574112296104431e-02 5.404237285256385803e-02 4.283141717314720154e-02 6.579483300447463989e-02 2.555221505463123322e-02 3.577436506748199463e-02 2.475048415362834930e-03 3.710236772894859314e-02 9.767393348738551140e-04 7.093130052089691162e-02 5.480363499373197556e-03 4.940645769238471985e-02 4.284903034567832947e-02 3.742168471217155457e-02 1.727565191686153412e-02 4.814791679382324219e-02 5.193010438233613968e-04 4.566599428653717041e-02 6.941628176718950272e-03 1.735297404229640961e-02 1.438700407743453979e-02 6.437045335769653320e-02 3.621308505535125732e-02 2.289231307804584503e-02 1.829188899137079716e-03 1.640583947300910950e-02 2.076028846204280853e-02 1.892366912215948105e-03 3.238550573587417603e-02 1.212445199489593506e-01 5.170190706849098206e-02 1.592846401035785675e-02 2.355909347534179688e-02 5.148329585790634155e-02 4.648170620203018188e-02 1.557293161749839783e-02 2.190834144130349159e-03 1.866695843636989594e-02 6.206569075584411621e-02 1.266076811589300632e-03 4.957750812172889709e-02 1.586385071277618408e-02 4.887667484581470490e-03 1.247640419751405716e-02 1.572678983211517334e-02 3.174094948917627335e-03 2.039582282304763794e-02 1.732686348259449005e-02 5.484829843044281006e-02 2.865805104374885559e-02 2.305941469967365265e-02 3.818034008145332336e-02 1.104942336678504944e-02 6.071780249476432800e-02 2.582350932061672211e-02 1.263118535280227661e-02 8.565244264900684357e-03 2.934802509844303131e-02 5.503557249903678894e-02 4.105047509074211121e-02 1.254054810851812363e-02 6.124203652143478394e-02 3.788258507847785950e-02
4.314095154404640198e-02 1.656232774257659912e-01 4.383167997002601624e-02 1.964303106069564819e-02 4.045300930738449097e-02 1.905917972326278687e-01 5.604229122400283813e-02 5.115126073360443115e-02 3.233489394187927246e-02 1.603092625737190247e-02 1.108858361840248108e-01 1.185629889369010925e-02 8.813053369522094727e-02 5.508157983422279358e-02 8.481515571475028992e-03 8.585726842284202576e-03 8.497727103531360626e-03 4.232378304004669189e-02 5.328983068466186523e-03 5.937257036566734314e-02 2.972446847707033157e-03 1.486792135983705521e-02 5.627401918172836304e-02 9.111037477850914001e-03 4.721793520729988813e-04 4.147939756512641907e-02 1.451273709535598755e-01 3.375091776251792908e-02 7.759352773427963257e-02 5.220703035593032837e-02 5.790099874138832092e-02 5.925812199711799622e-02 2.935530990362167358e-02 5.390640348196029663e-02 3.349027596414089203e-03 6.553323939442634583e-03 9.445784613490104675e-03 5.069832876324653625e-02 5.315591394901275635e-02 8.085731416940689087e-03 5.139026418328285217e-02 4.394834488630294800e-02 5.170703679323196411e-02 1.729671098291873932e-02 4.387942329049110413e-02 1.431675907224416733e-02 1.680909544229507446e-01 1.551428288221359253e-01 3.764905268326401711e-04 3.080983646214008331e-02 4.142736271023750305e-02 1.689414680004119873e-02 3.417704999446868896e-02 4.349157959222793579e-02 3.984079137444496155e-02 3.869144245982170105e-02 2.863946184515953064e-02 9.767869487404823303e-03 3.983097895979881287e-02 5.271614715456962585e-02 1.515306159853935242e-02 3.652948886156082153e-02 5.769187584519386292e-02 2.918321080505847931e-02 8.722764998674392700e-02 5.945256352424621582e-02 8.975252509117126465e-03 1.064775325357913971e-02 6.407922506332397461e-02 3.558675199747085571e-02 3.231880068778991699e-02 3.100392781198024750e-02 5.788975395262241364e-03 1.829450577497482300e-02 5.607081204652786255e-02 1.477410830557346344e-02 8.936172723770141602e-02 9.190130047500133514e-03 1.090749818831682205e-02 5.387258529663085938e-02 2.012420073151588440e-02 9.076311253011226654e-03 9.431474655866622925e-02 4.545237869024276733e-02 2.563997730612754822e-02 4.981802310794591904e-03 3.117696754634380341e-02 1.681076595559716225e-03 3.988163173198699951e-02 3.280386328697204590e-02 6.976010650396347046e-02 4.997143149375915527e-02 5.704310163855552673e-02 4.371161758899688721e-02 3.533927723765373230e-02 4.949566349387168884e-02 1.431988179683685303e-02 3.957032784819602966e-02 6.923371553421020508e-02 4.135268181562423706e-02 7.106698304414749146e-02 3.859086893498897552e-03 4.129618406295776367e-03 1.874669105745851994e-04 2.744931168854236603e-02 7.570543885231018066e-02 2.530221268534660339e-02 5.684714019298553467e-02 5.319608375430107117e-02 2.538614906370639801e-03 1.167322974652051926e-02 1.599927805364131927e-02 8.370003849267959595e-02 6.237605959177017212e-02 3.875024989247322083e-02 3.341384930536150932e-03
1.937901601195335388e-02 3.598348796367645264e-02 4.071892797946929932e-02 6.208603456616401672e-02 7.281394302845001221e-02 3.332405176479369402e-04 5.115126073360443115e-02 1.265689171850681305e-02 2.544677071273326874e-02 5.593636073172092438e-03 3.157622739672660828e-02 9.331736713647842407e-03 6.276059895753860474e-02 2.977796830236911774e-02 2.161274552345275879e-01 6.285131908953189850e-03 1.198625192046165466e-02 6.740779429674148560e-02 1.256325747817754745e-02 1.437086518853902817e-02 9.151865728199481964e-03 1.238914281129837036e-01 3.136190772056579590e-02 4.896184429526329041e-02 6.675790995359420776e-02 2.128699049353599548e-02 2.614753879606723785e-02 5.140789598226547241e-02 1.264986954629421234e-02 2.346195094287395477e-02 1.115988660603761673e-02 5.542555451393127441e-02 2.737585268914699554e-02 2.553426660597324371e-02 2.903087809681892395e-02 2.231874316930770874e-02 2.899007312953472137e-02 4.876943677663803101e-02 3.774698078632354736e-02 5.642050132155418396e-02 3.316201642155647278e-02 4.153633862733840942e-02 4.470924381166696548e-03 4.065450280904769897e-02 3.334410116076469421e-02 4.969244855601573363e-06 1.387631800025701523e-02 2.088657952845096588e-02 1.988855376839637756e-02 5.757340416312217712e-02 1.073654443025588989e-01 6.010331586003303528e-02 1.535743009299039841e-02 3.976703807711601257e-02 6.053271237760782242e-03 2.039908803999423981e-02 2.669544517993927002e-02 2.578140981495380402e-02 3.224502503871917725e-02 3.130685538053512573e-02 2.484356798231601715e-02 5.304070655256509781e-04 1.076616048812866211e-01 9.859165176749229431e-03 2.269568853080272675e-02 1.384064555168151855e-03 1.785284839570522308e-02 2.096449024975299835e-02 1.030483283102512360e-02 3.020899742841720581e-02 7.879441976547241211e-02 5.382113531231880188e-02 6.252819299697875977e-02 5.957351624965667725e-02 2.834059111773967743e-02 2.847848460078239441e-02 2.226502820849418640e-02 2.161797136068344116e-02 6.998899579048156738e-02 5.418536718934774399e-03 1.382538676261901855e-01 1.560432463884353638e-01 4.426756408065557480e-03 2.983622997999191284e-02 3.739355504512786865e-02 1.738488860428333282e-02 1.086767837405204773e-01 1.163248270750045776e-01 6.285305321216583252e-02 1.443191897124052048e-03 2.938649803400039673e-02 6.237064301967620850e-02 2.647945284843444824e-02 2.192124538123607635e-02 2.073267847299575806e-02 2.135823853313922882e-02 2.330517768859863281e-02 5.424232780933380127e-02 1.355729438364505768e-02 1.675310172140598297e-02 6.548658013343811035e-02 6.409162282943725586e-02 1.126508810557425022e-03 2.146509289741516113e-02 5.301199480891227722e-02 3.376783803105354309e-02 3.777516074478626251e-03 2.380380220711231232e-02 4.625530913472175598e-02 2.588296122848987579e-02 2.657154807820916176e-03 4.132762923836708069e-02 4.273921251296997070e-02 3.745831549167633057e-02 1.013178378343582153e-01 2.339597046375274658e-02
5.363615974783897400e-02 3.464772179722785950e-02 3.574863821268081665e-02 4.576489701867103577e-02 3.018333576619625092e-02 4.912243038415908813e-02 3.233489394187927246e-02 2.544677071273326874e-02 8.651904761791229248e-03 9.510170668363571167e-02 2.305070869624614716e-02 8.721143007278442383e-02 3.067629039287567139e-02 2.218810841441154480e-02 6.439230404794216156e-03 3.250808641314506531e-02 5.075728520750999451e-02 8.151500672101974487e-02 2.201727218925952911e-02 3.581929951906204224e-02 2.231277152895927429e-02 5.532408878207206726e-02 6.782919634133577347e-03 3.394833579659461975e-02 4.037402570247650146e-02 6.681760400533676147e-02 1.930913329124450684e-02 3.593761473894119263e-02 5.207382887601852417e-02 6.904158275574445724e-03 2.496388182044029236e-02 2.276879362761974335e-02 6.029758136719465256e-03 3.201124072074890137e-02 4.756923764944076538e-02 5.275643896311521530e-03 2.128781378269195557e-02 2.475012280046939850e-02 1.736675016582012177e-02 9.879168868064880371e-02 2.465505851432681084e-03 7.418528199195861816e-02 5.695880856364965439e-03 7.033073157072067261e-02 8.474696427583694458e-03 3.184295445680618286e-02 6.430959701538085938e-02 9.361319243907928467e-02 1.301453858613967896e-01 2.418403886258602142e-02 4.918988049030303955e-02 6.763663608580827713e-03 2.887479774653911591e-02 3.361323475837707520e-02 6.566818058490753174e-02 6.037390977144241333e-02 3.093388117849826813e-02 6.309279054403305054e-02 1.666911318898200989e-02 3.921834006905555725e-02 2.024451643228530884e-02 7.374392589554190636e-04 1.714323461055755615e-02 1.391655020415782928e-02 6.136146187782287598e-02 7.456185296177864075e-03 4.705926775932312012e-02 2.574932062998414040e-03 6.137606501579284668e-02 2.636688575148582458e-02 2.242244547232985497e-03 9.024599194526672363e-02 3.922819718718528748e-02 2.975827455520629883e-02 2.330928854644298553e-02 2.634195797145366669e-02 1.819471567869186401e-01 1.240652948617935181e-01 5.108128115534782410e-02 3.889261558651924133e-02 3.682883083820343018e-02 5.339914467185735703e-03 1.611664444208145142e-01 1.376780867576599121e-02 5.959718674421310425e-02 2.303795190528035164e-03 4.017064347863197327e-02 4.437262192368507385e-02 4.695048183202743530e-02 5.362140387296676636e-02 1.386614982038736343e-02 6.614557653665542603e-02 3.143251687288284302e-02 3.162870183587074280e-02 9.219975210726261139e-03 2.979105897247791290e-02 5.032872781157493591e-02 3.451973944902420044e-02 7.237132638692855835e-02 9.438009560108184814e-02 3.300585597753524780e-02 3.069179132580757141e-02 9.526637382805347443e-03 3.931611403822898865e-02 7.825183565728366375e-04 3.592857718467712402e-02 2.740660496056079865e-02 7.856130599975585938e-03 6.210706382989883423e-02 6.873767822980880737e-02 2.500966191291809082e-03 6.043696030974388123e-02 8.233080804347991943e-02 2.111010812222957611e-02 3.389345249161124229e-03 5.093414336442947388e-02
1.618991047143936157e-02 1.516879908740520477e-02 1.476045232266187668e-02 5.669130012392997742e-02 5.970198661088943481e-02 1.084063388407230377e-02 1.603092625737190247e-02 5.593636073172092438e-03 9.510170668363571167e-02 4.498330131173133850e-02 1.694359071552753448e-02 7.251537404954433441e-03 3.447502851486206055e-02 8.923158049583435059e-02 5.397041328251361847e-03 1.536234561353921890e-02 6.310905516147613525e-02 2.289950614795088768e-03 1.196126267313957214e-01 4.577580094337463379e-02 4.929767176508903503e-02 1.978891342878341675e-02 5.912499967962503433e-03 4.884575307369232178e-02 5.349787697196006775e-02 4.840347543358802795e-02 1.643683575093746185e-02 2.643233165144920349e-02 1.034559332765638828e-03 4.595451802015304565e-02 1.827620714902877808e-02 1.859447546303272247e-02 4.480594396591186523e-02 1.906102150678634644e-02 3.112954460084438324e-02 3.297027945518493652e-02 2.315843477845191956e-02 3.730515390634536743e-02 1.772460155189037323e-02 5.985270440578460693e-02 3.803174942731857300e-02 3.143360838294029236e-02 6.978273391723632812e-02 4.715980216860771179e-02 6.436860654503107071e-03 6.495298445224761963e-02 2.708899043500423431e-02 5.539673939347267151e-02 2.702510170638561249e-02 1.382908821105957031e-01 1.263514813035726547e-02 6.231208145618438721e-02 3.596030175685882568e-02 1.047313120216131210e-02 3.101923502981662750e-02 8.111363649368286133e-02 3.190432908013463020e-03 4.537855088710784912e-02 2.587318792939186096e-02 1.809606887400150299e-02 3.437032178044319153e-02 4.440694674849510193e-02 1.638031005859375000e-02 3.708922863006591797e-02 5.250202119350433350e-02 2.309642732143402100e-02 9.007692337036132812e-02 1.125593855977058411e-02 4.536819830536842346e-02 7.043858617544174194e-02 8.697061985731124878e-02 1.554579357616603374e-03 5.475921183824539185e-02 5.975348502397537231e-02 3.620534017682075500e-02 5.076112225651741028e-02 1.089381054043769836e-01 1.600327789783477783e-01 3.065061755478382111e-02 1.154793873429298401e-01 9.715809486806392670e-03 8.231600746512413025e-03 3.044698014855384827e-02 2.080752514302730560e-02 2.353579737246036530e-02 8.609960786998271942e-03 4.074156167916953564e-04 1.283287163823843002e-02 4.444835707545280457e-02 9.727793186902999878e-02 4.717450588941574097e-02 6.646709889173507690e-02 6.212863139808177948e-03 1.313028670847415924e-02 1.300538796931505203e-02 2.892542444169521332e-02 2.909193746745586395e-02 3.451989963650703430e-02 3.922916483134031296e-03 4.015030339360237122e-02 4.736465960741043091e-02 1.476573105901479721e-02 1.522334199398756027e-02 1.694330014288425446e-02 1.428374275565147400e-02 4.032720997929573059e-02 1.680215075612068176e-02 2.522639743983745575e-02 4.138405248522758484e-02 3.387851268053054810e-02 7.745680958032608032e-02 1.870662905275821686e-02 1.811220718082040548e-04 1.131764799356460571e-02 5.810205359011888504e-03 6.589082535356283188e-03
1.644716858863830566e-01 9.912422299385070801e-02 7.485131919384002686e-02 6.161014363169670105e-02 4.373836144804954529e-02 4.365923628211021423e-02 1.108858361840248108e-01 3.157622739672660828e-02 2.305070869624614716e-02 1.694359071552753448e-02 1.122763939201831818e-02 2.332964166998863220e-02 1.214265599846839905e-01 6.950964033603668213e-02 8.269692771136760712e-04 2.449992299079895020e-02 2.210428193211555481e-02 9.665207006037235260e-03 8.431809395551681519e-02 2.351306378841400146e-02 3.898484259843826294e-02 1.978988759219646454e-02 2.425012364983558655e-02 1.063288673758506775e-01 3.547912836074829102e-02 1.601227372884750366e-02 5.769250169396400452e-02 4.866712912917137146e-02 1.199714988470077515e-01 1.905186101794242859e-02 5.140620097517967224e-02 5.543006211519241333e-02 3.733668476343154907e-02 5.865434929728507996e-02 4.435801506042480469e-02 3.313846141099929810e-02 2.242082357406616211e-02 7.649960368871688843e-02 3.996974602341651917e-02 6.665929406881332397e-02 2.327605336904525757e-02 8.636502549052238464e-03 3.807960823178291321e-02 8.018776029348373413e-02 5.711634829640388489e-02 3.647523000836372375e-02 2.322083711624145508e-02 2.186690643429756165e-02 1.039393059909343719e-02 2.006544172763824463e-02 3.884822875261306763e-02 3.642078489065170288e-02 7.602454721927642822e-02 4.679379239678382874e-02 7.577469944953918457e-02 5.757442209869623184e-03 3.826128318905830383e-02 1.894123852252960205e-02 4.892884753644466400e-03 3.199743479490280151e-02 1.687133312225341797e-02 1.706471084617078304e-03 1.037342753261327744e-02 4.066745191812515259e-02 1.389112919569015503e-01 7.910238578915596008e-03 9.308148175477981567e-02 2.525939419865608215e-02 5.028718337416648865e-02 3.360061347484588623e-02 2.148457802832126617e-02 2.563610486686229706e-02 2.416030131280422211e-02 1.230230834335088730e-02 4.996907338500022888e-02 8.331326395273208618e-02 1.490144431591033936e-02 4.646635206881910563e-04 2.460724860429763794e-02 2.111416123807430267e-02 3.017180971801280975e-02 9.435186535120010376e-02 5.247282609343528748e-02 1.554085500538349152e-02 2.737539634108543396e-02 7.289958000183105469e-02 5.260987207293510437e-02 2.705897763371467590e-02 6.884709000587463379e-02 3.871008008718490601e-02 4.123732820153236389e-02 3.926697000861167908e-02 1.828120835125446320e-02 7.799822837114334106e-03 1.419537607580423355e-02 1.668794080615043640e-02 9.445791691541671753e-02 6.866287440061569214e-02 5.405534431338310242e-02 8.790516853332519531e-02 5.311148986220359802e-02 4.122011363506317139e-03 2.455575624480843544e-03 1.070825755596160889e-01 5.032151937484741211e-02 2.780873700976371765e-02 2.684779092669487000e-02 1.140323653817176819e-02 6.845497339963912964e-02 5.717200785875320435e-02 2.059617452323436737e-02 4.542533680796623230e-02 1.157500501722097397e-02 1.776823960244655609e-02 2.979282848536968231e-02 4.511613398790359497e-03
4.574893787503242493e-02 1.573217287659645081e-02 2.688450925052165985e-02 5.981338396668434143e-02 5.601777136325836182e-02 9.202027320861816406e-02 1.185629889369010925e-02 9.331736713647842407e-03 8.721143007278442383e-02 7.251537404954433441e-03 2.332964166998863220e-02 3.312513604760169983e-02 1.074733119457960129e-02 2.592926919460296631e-01 2.895826101303100586e-02 1.569300517439842224e-02 5.013820156455039978e-02 1.563159190118312836e-02 7.943785190582275391e-02 1.197079569101333618e-02 7.955024018883705139e-03 4.657529294490814209e-03 1.155177503824234009e-01 7.634709030389785767e-02 1.165688037872314453e-02 4.885236546397209167e-02 4.557902924716472626e-03 2.281973809003829956e-01 7.882532477378845215e-02 2.107813507318496704e-01 4.115946125239133835e-03 2.037219330668449402e-02 1.665342412889003754e-02 2.181498520076274872e-02 1.578922569751739502e-02 2.336915209889411926e-02 5.903453007340431213e-02 1.337885204702615738e-02 1.006755083799362183e-01 1.003129258751869202e-01 1.648550853133201599e-02 2.283547446131706238e-02 6.767717655748128891e-03 1.842689327895641327e-02 4.988668486475944519e-02 2.221364341676235199e-02 2.033679373562335968e-02 7.226224243640899658e-02 4.382188618183135986e-02 3.490807488560676575e-02 3.742039203643798828e-03 3.389156609773635864e-02 3.264852240681648254e-02 3.298778086900711060e-02 2.355607226490974426e-03 4.585734009742736816e-02 5.668309517204761505e-03 3.075048141181468964e-02 5.261254310607910156e-02 5.274483188986778259e-02 4.730656743049621582e-02 4.868267849087715149e-02 4.795023798942565918e-02 1.109178923070430756e-02 1.742925122380256653e-02 2.191327884793281555e-02 1.724096946418285370e-02 2.898718602955341339e-02 7.877941429615020752e-02 4.423401504755020142e-02 1.453901082277297974e-02 2.501897886395454407e-02 5.354291200637817383e-02 4.044924676418304443e-02 7.590530067682266235e-02 5.994977802038192749e-02 7.785355299711227417e-02 7.766164094209671021e-02 5.116722546517848969e-03 1.287600584328174591e-02 3.048477880656719208e-02 5.398833658546209335e-03 6.621387600898742676e-02 2.279200032353401184e-02 5.167729035019874573e-02 6.723093241453170776e-02 6.563574820756912231e-02 4.916677623987197876e-02 2.658581919968128204e-02 2.946290001273155212e-02 3.553018206730484962e-03 5.251057818531990051e-02 4.882854595780372620e-02 2.931777946650981903e-02 4.729778505861759186e-03 5.870687589049339294e-02 1.422227174043655396e-02 1.332593243569135666e-02 6.223741546273231506e-02 3.303984180092811584e-02 4.044209606945514679e-03 2.576480060815811157e-02 5.402778275310993195e-03 1.885277219116687775e-02 1.309762615710496902e-02 3.093769773840904236e-02 1.774168945848941803e-02 3.372945124283432961e-03 1.963139511644840240e-02 1.106612458825111389e-01 1.979785412549972534e-02 6.419149041175842285e-02 3.383921831846237183e-02 5.936115980148315430e-02 1.224174723029136658e-01 7.536343485116958618e-02
7.004160434007644653e-02 2.079300582408905029e-01 3.321288526058197021e-02 3.067009523510932922e-02 5.414894595742225647e-02 9.178730100393295288e-02 8.813053369522094727e-02 6.276059895753860474e-02 3.067629039287567139e-02 3.447502851486206055e-02 1.214265599846839905e-01 1.074733119457960129e-02 2.028948627412319183e-02 5.202476680278778076e-02 1.823025010526180267e-02 4.626158624887466431e-02 2.913157083094120026e-02 1.117377169430255890e-02 2.166930213570594788e-02 5.739641562104225159e-02 3.921230509877204895e-02 5.983636248856782913e-03 4.035973176360130310e-02 1.964010484516620636e-02 1.028237789869308472e-01 4.270016029477119446e-02 3.973224386572837830e-02 4.242254048585891724e-02 1.477996259927749634e-02 1.949883252382278442e-02 1.352213323116302490e-01 4.795140027999877930e-02 1.150875631719827652e-02 5.775550007820129395e-02 1.965974085032939911e-02 1.861183159053325653e-02 5.743791908025741577e-02 5.496298894286155701e-02 2.516656741499900818e-02 1.949892938137054443e-02 9.155236184597015381e-03 4.797556623816490173e-02 7.178519666194915771e-02 2.105284333229064941e-01 5.823241546750068665e-02 1.198388636112213135e-02 1.005772799253463745e-01 2.036692760884761810e-02 6.047808565199375153e-03 1.727132685482501984e-02 3.013240359723567963e-02 1.166401710361242294e-02 1.457333471626043320e-02 2.298988960683345795e-02 4.027708992362022400e-02 7.557431701570749283e-03 3.134889155626296997e-02 3.925732895731925964e-02 4.440022632479667664e-02 4.493466019630432129e-02 4.063633084297180176e-02 1.314324885606765747e-02 5.928858369588851929e-02 4.401804879307746887e-02 3.411555662751197815e-02 1.337846219539642334e-01 2.026863876380957663e-05 4.493201524019241333e-02 7.526382058858871460e-02 4.333888180553913116e-03 7.234521210193634033e-03 2.096061781048774719e-02 1.050549000501632690e-02 1.350595988333225250e-02 1.937303133308887482e-02 1.216297037899494171e-02 1.975062303245067596e-03 3.484883904457092285e-02 4.737007617950439453e-02 2.721387334167957306e-02 2.234211191534996033e-02 1.187760196626186371e-02 1.905876956880092621e-02 3.370397910475730896e-02 6.026845052838325500e-02 2.084000781178474426e-02 2.140265703201293945e-02 9.326728060841560364e-03 4.053383693099021912e-02 4.084185883402824402e-02 5.584738217294216156e-03 3.651524335145950317e-02 3.877059370279312134e-02 2.782471105456352234e-02 4.206468164920806885e-02 6.478960858657956123e-04 1.232364797033369541e-03 3.532628342509269714e-02 4.201472178101539612e-02 2.327389083802700043e-02 3.575560636818408966e-03 1.646194420754909515e-02 5.131029710173606873e-02 1.993261650204658508e-02 2.994832023978233337e-02 2.765282057225704193e-02 9.567539207637310028e-03 6.576298177242279053e-02 1.035567745566368103e-02 6.020072102546691895e-02 3.919137641787528992e-02 3.394022933207452297e-04 3.989194333553314209e-02 2.481126599013805389e-02 5.217424407601356506e-02 5.150922015309333801e-02
