2.673329599201679230e-02 2.822286784648895264e-01 1.141311787068843842e-02 4.144058749079704285e-02 8.429087698459625244e-03 7.266981154680252075e-02 4.324334114789962769e-02 1.029433868825435638e-02 3.501028940081596375e-02 4.009207710623741150e-02 1.180669292807579041e-01 3.974223136901855469e-02 5.870655179023742676e-02 1.880671270191669464e-02 3.390648961067199707e-02 1.060008443892002106e-02 2.594916708767414093e-02 5.084323137998580933e-02 4.539254307746887207e-02 1.590362563729286194e-02 4.015780985355377197e-02 1.552374567836523056e-02 4.076640307903289795e-02 2.461135387420654297e-02 5.715614184737205505e-03 3.394339233636856079e-02 3.384289145469665527e-02 6.468516308814287186e-03 1.780096814036369324e-02 8.738322183489799500e-03 5.079108476638793945e-02 2.639173530042171478e-02 3.447637706995010376e-02 4.572213161736726761e-03 2.796353772282600403e-02 1.371163874864578247e-02 6.519277393817901611e-02 4.136445000767707825e-02 2.076658047735691071e-02 2.348360605537891388e-02 8.911718428134918213e-02 6.727010011672973633e-02 4.990347474813461304e-02 2.511117793619632721e-02 4.693607240915298462e-02 3.155545890331268311e-02 4.077897220849990845e-02 7.659957744181156158e-03 9.613601490855216980e-03 3.893281519412994385e-02 3.999832086265087128e-03 4.607238993048667908e-02 3.581840172410011292e-02 2.167492918670177460e-02 5.138233304023742676e-02 7.012639660388231277e-03 2.288898080587387085e-02 7.022847235202789307e-02 9.524491429328918457e-02 4.035304114222526550e-02 9.151342092081904411e-04 2.861943095922470093e-02 2.059916406869888306e-02 4.730192944407463074e-03 2.079135365784168243e-02 1.480144541710615158e-02 5.156310275197029114e-02 3.322112187743186951e-02 2.596016973257064819e-02 2.657224237918853760e-02 1.558677852153778076e-02 3.640675172209739685e-02 1.000036299228668213e-02 8.881543762981891632e-03 2.574049122631549835e-02 2.796823717653751373e-02 2.380528114736080170e-02 3.691156953573226929e-02 8.041838882490992546e-04 3.987275529652833939e-03 1.563937030732631683e-02 3.540021926164627075e-02 1.386848837137222290e-02 3.302138671278953552e-02 1.640340499579906464e-02 4.173661023378372192e-02 5.645421147346496582e-02 7.358300685882568359e-02 5.945729464292526245e-02 3.457547351717948914e-02 2.733958326280117035e-02 2.577556297183036804e-02 3.350175917148590088e-02 1.308111194521188736e-02 1.023874804377555847e-02 1.794168492779135704e-03 6.019066274166107178e-02 3.726797550916671753e-02 2.720984630286693573e-02 6.139300763607025146e-02 3.129374980926513672e-02 2.070613019168376923e-02 3.541317209601402283e-02 1.548165176063776016e-02 4.775780811905860901e-02 3.752405196428298950e-02 3.230773285031318665e-02 4.650918394327163696e-02 3.115254454314708710e-03 1.402817014604806900e-02 1.809733733534812927e-02 5.076192691922187805e-02 3.975731320679187775e-03 7.351897191256284714e-03 8.778032846748828888e-03 5.195617675781250000e-02
2.822286784648895264e-01 5.164447426795959473e-02 2.822657302021980286e-02 1.169126853346824646e-02 2.355520799756050110e-02 1.197810750454664230e-03 7.732192426919937134e-02 2.768178097903728485e-02 6.119603663682937622e-02 2.074852213263511658e-02 9.057307988405227661e-02 1.020903885364532471e-01 9.144954383373260498e-02 6.388746947050094604e-02 2.608075179159641266e-02 9.972004918381571770e-04 3.156074136495590210e-02 4.457888379693031311e-02 1.429542060941457748e-02 2.279289625585079193e-02 2.750989049673080444e-02 4.636848345398902893e-02 4.972057417035102844e-02 4.633617773652076721e-02 4.878010228276252747e-02 6.513597816228866577e-02 4.152286052703857422e-02 3.685650601983070374e-02 3.896779567003250122e-02 1.805371791124343872e-02 5.320033058524131775e-02 6.301882211118936539e-03 6.680799275636672974e-02 3.058629482984542847e-02 1.495136972516775131e-02 1.119119953364133835e-02 8.616278320550918579e-02 5.940522626042366028e-02 4.433600977063179016e-02 1.361713185906410217e-02 3.930832073092460632e-02 4.580597206950187683e-02 6.104806065559387207e-02 1.351261138916015625e-02 3.500390797853469849e-02 4.468454048037528992e-02 2.270887838676571846e-03 3.254278749227523804e-02 3.062432399019598961e-03 2.479821816086769104e-02 2.509317360818386078e-02 5.993496626615524292e-02 3.202402964234352112e-02 3.358722478151321411e-02 2.854992449283599854e-02 2.401147782802581787e-02 2.437605150043964386e-02 9.659205377101898193e-02 3.211395815014839172e-02 3.018021769821643829e-02 2.702435292303562164e-02 1.634959946386516094e-03 1.657971180975437164e-02 6.079161167144775391e-02 4.536708816885948181e-03 3.842824697494506836e-02 7.916337996721267700e-02 4.273380339145660400e-02 2.745990268886089325e-02 2.542718499898910522e-02 4.550532996654510498e-02 8.628616482019424438e-02 2.952888794243335724e-02 4.619214311242103577e-02 1.574892736971378326e-02 2.146344818174839020e-02 1.812245883047580719e-02 1.533645577728748322e-02 6.461102515459060669e-02 4.555764421820640564e-02 4.915127903223037720e-02 4.027687478810548782e-03 3.002025745809078217e-02 4.807242378592491150e-02 2.987190708518028259e-02 5.030805710703134537e-03 3.315266594290733337e-02 8.513833396136760712e-03 5.429719388484954834e-02 1.609352044761180878e-02 2.572915144264698029e-02 1.732031814754009247e-02 4.572304710745811462e-02 5.914445593953132629e-02 4.319702833890914917e-02 4.576512053608894348e-02 3.528759698383510113e-04 7.841657847166061401e-02 7.101526111364364624e-02 7.535975426435470581e-03 2.105530537664890289e-02 3.817081823945045471e-02 3.323361650109291077e-02 7.887965068221092224e-03 6.715761031955480576e-03 7.763627916574478149e-02 4.638721421360969543e-02 8.549228310585021973e-03 6.660177558660507202e-02 4.030092433094978333e-02 3.001833707094192505e-02 9.593557566404342651e-03 1.502106059342622757e-02 3.493122756481170654e-03 1.833954639732837677e-02 3.070149396080523729e-04
1.141311787068843842e-02 2.822657302021980286e-02 2.371673099696636200e-02 2.998222596943378448e-02 3.722308203577995300e-02 5.896839778870344162e-03 1.567050814628601074e-02 2.113879770040512085e-01 5.850360915064811707e-02 5.479384958744049072e-02 4.755867645144462585e-02 7.483242545276880264e-03 3.454393148422241211e-02 3.324057906866073608e-02 2.771883085370063782e-02 4.075402021408081055e-02 1.233087293803691864e-02 1.753551885485649109e-02 8.220978081226348877e-03 5.619369819760322571e-02 3.254553303122520447e-04 9.182529523968696594e-03 4.434426501393318176e-02 1.963537745177745819e-02 5.217260122299194336e-02 6.156582850962877274e-03 4.861150402575731277e-03 2.109092473983764648e-02 7.935450226068496704e-02 1.219783257693052292e-02 3.522432968020439148e-02 5.995844677090644836e-02 9.429478086531162262e-03 2.893877774477005005e-02 1.885080337524414062e-02 4.842608422040939331e-02 2.255069464445114136e-02 4.215610027313232422e-02 4.757022857666015625e-02 2.368188835680484772e-02 6.570886820554733276e-02 1.903501898050308228e-02 3.921045921742916107e-03 6.101163849234580994e-02 6.445533130317926407e-03 2.067980729043483734e-02 1.110808923840522766e-02 4.823300405405461788e-04 4.673299193382263184e-02 4.212058708071708679e-02 7.050980627536773682e-02 7.301684934645891190e-03 3.012095112353563309e-03 3.090082295238971710e-02 3.204663470387458801e-02 5.685372650623321533e-02 2.774307038635015488e-03 1.182581484317779541e-02 3.151034563779830933e-02 4.087645560503005981e-03 8.701970800757408142e-03 5.846050009131431580e-02 2.343465574085712433e-02 2.800427004694938660e-02 2.136158570647239685e-02 3.931716457009315491e-02 8.236715570092201233e-03 1.523056812584400177e-02 3.573281690478324890e-02 9.126032143831253052e-02 2.271711453795433044e-02 5.054558068513870239e-02 4.273598641157150269e-02 7.701209932565689087e-02 8.877445757389068604e-02 6.421576440334320068e-02 4.360392317175865173e-02 3.382223844528198242e-02 4.260194487869739532e-03 4.406724125146865845e-03 2.566047906875610352e-01 1.255788505077362061e-01 5.073289573192596436e-02 1.962564326822757721e-02 1.045987829566001892e-01 2.298331819474697113e-02 4.233705997467041016e-02 1.141748577356338501e-02 4.464147612452507019e-03 6.973920017480850220e-02 7.493478059768676758e-02 5.670887418091297150e-03 4.004415869712829590e-02 2.555426675826311111e-03 5.269846692681312561e-02 2.752385567873716354e-03 3.680294752120971680e-02 3.696786612272262573e-02 1.022356655448675156e-02 5.939886439591646194e-03 1.229988504201173782e-02 7.085514068603515625e-02 2.981909923255443573e-02 2.768344432115554810e-02 1.770904101431369781e-02 1.046130526810884476e-02 8.831373602151870728e-02 1.033635460771620274e-03 1.075694039463996887e-01 5.144323036074638367e-02 9.359939023852348328e-03 3.085673227906227112e-02 1.413765829056501389e-02 5.512757226824760437e-02 5.963099002838134766e-02 2.259969711303710938e-02
4.144058749079704285e-02 1.169126853346824646e-02 2.998222596943378448e-02 1.271330118179321289e-01 2.171691060066223145e-01 4.749288782477378845e-02 2.463142573833465576e-02 2.341304346919059753e-02 1.661077328026294708e-02 3.324700519442558289e-02 1.530527044087648392e-02 5.439125001430511475e-02 6.334462761878967285e-02 1.792383566498756409e-02 2.237680554389953613e-02 3.399976762011647224e-03 4.391964897513389587e-02 6.075271521694958210e-04 9.825319983065128326e-03 5.741182249039411545e-03 1.614129357039928436e-02 3.482593223452568054e-02 2.962232381105422974e-02 4.531611502170562744e-02 5.764715746045112610e-02 6.103448197245597839e-02 3.488755598664283752e-02 5.159761011600494385e-02 6.156921014189720154e-02 5.381365120410919189e-02 5.276206880807876587e-02 3.767837956547737122e-02 4.213446006178855896e-02 4.066196735948324203e-03 8.622819185256958008e-02 1.032602321356534958e-02 3.654863312840461731e-02 6.807730533182621002e-03 1.718569695949554443e-01 1.185682266950607300e-01 2.775919064879417419e-02 1.532331109046936035e-02 5.985932797193527222e-02 1.597819849848747253e-02 1.414889557054266334e-04 2.767993696033954620e-02 2.453076653182506561e-03 3.664039820432662964e-02 7.513352483510971069e-02 3.638305142521858215e-02 1.209185831248760223e-02 5.962255224585533142e-02 4.518735036253929138e-02 4.146465286612510681e-02 5.185372009873390198e-02 5.842364579439163208e-02 2.042675390839576721e-02 9.230018407106399536e-02 1.960857398808002472e-02 6.389264762401580811e-02 1.351932436227798462e-01 6.501416116952896118e-02 9.217009693384170532e-02 9.688879549503326416e-02 1.421015709638595581e-02 9.852392226457595825e-02 3.274015709757804871e-02 1.723493635654449463e-02 5.347461998462677002e-02 2.930317632853984833e-02 3.183194249868392944e-02 7.674767076969146729e-02 2.067458629608154297e-01 2.912951074540615082e-02 1.304676979780197144e-01 4.641557484865188599e-02 2.902499213814735413e-02 3.632335737347602844e-02 4.368572309613227844e-02 2.344730682671070099e-02 6.474642455577850342e-02 3.060485608875751495e-02 3.288935124874114990e-02 8.991482108831405640e-02 3.483740240335464478e-02 2.524690516293048859e-02 2.353131957352161407e-02 4.725667461752891541e-02 5.644071381539106369e-03 4.296854138374328613e-03 2.061603777110576630e-02 1.681325212121009827e-02 3.682153299450874329e-02 2.482473477721214294e-02 8.112154901027679443e-03 3.898114711046218872e-02 1.013516541570425034e-02 2.321796491742134094e-02 4.012617841362953186e-02 1.477061887271702290e-03 2.200971543788909912e-02 1.812264695763587952e-02 4.489063099026679993e-02 2.507287077605724335e-02 6.322826445102691650e-02 8.770057559013366699e-02 9.826043993234634399e-02 2.032686211168766022e-02 4.774969816207885742e-02 2.207164652645587921e-02 4.453009366989135742e-02 2.171758934855461121e-02 4.285212606191635132e-03 1.718616113066673279e-02 4.186417907476425171e-02 6.682188063859939575e-02
8.429087698459625244e-03 2.355520799756050110e-02 3.722308203577995300e-02 2.171691060066223145e-01 1.968617439270019531e-01 4.396279528737068176e-02 3.094694949686527252e-02 1.093469001352787018e-02 3.004169836640357971e-02 1.750555448234081268e-02 1.113247964531183243e-02 9.316746145486831665e-03 5.200659483671188354e-02 2.377952635288238525e-02 2.152544446289539337e-02 9.709061682224273682e-02 5.243884027004241943e-02 1.188169326633214951e-02 3.043087385594844818e-02 2.467219345271587372e-02 5.368929356336593628e-03 3.093012422323226929e-02 3.332662209868431091e-02 2.080911956727504730e-02 5.673812236636877060e-03 1.079221442341804504e-02 3.711679205298423767e-02 4.855314642190933228e-02 1.843682117760181427e-02 1.870222762227058411e-02 5.112341791391372681e-02 9.930211119353771210e-03 4.196489229798316956e-02 2.068627066910266876e-02 2.064808271825313568e-02 4.072975832968950272e-03 8.469642139971256256e-03 5.822767317295074463e-02 2.803612053394317627e-01 2.753148376941680908e-01 6.308708339929580688e-02 6.122089456766843796e-03 1.097875274717807770e-02 1.221568603068590164e-02 4.889667034149169922e-02 1.859497837722301483e-02 9.628110565245151520e-03 2.317359112203121185e-02 4.444136470556259155e-02 4.014756064862012863e-03 4.071431234478950500e-02 9.678739123046398163e-03 5.595506727695465088e-02 5.858152732253074646e-02 1.535055320709943771e-02 1.228994969278573990e-02 3.160227835178375244e-02 2.811943739652633667e-02 1.116988481953740120e-03 3.518884629011154175e-02 6.210157647728919983e-02 1.250697299838066101e-02 1.169093549251556396e-01 6.290332973003387451e-02 2.967140264809131622e-02 3.893557935953140259e-02 1.668880134820938110e-02 1.609688811004161835e-02 3.166913287714123726e-03 1.204422768205404282e-02 3.985429066233336926e-04 1.322478428483009338e-02 2.683155983686447144e-02 2.059522271156311035e-02 2.204078882932662964e-01 1.873063156381249428e-03 4.275711625814437866e-02 4.249514080584049225e-03 2.821863628923892975e-02 3.882978484034538269e-02 8.350872434675693512e-03 4.531463608145713806e-02 2.432590164244174957e-02 1.757227629423141479e-01 3.037731721997261047e-02 3.200015425682067871e-02 8.792879991233348846e-03 3.928678110241889954e-02 3.208056092262268066e-02 8.885772898793220520e-03 5.502745043486356735e-03 4.674848541617393494e-02 4.501825198531150818e-02 2.115568704903125763e-02 1.411113515496253967e-02 6.705738604068756104e-02 3.070349572226405144e-03 1.274852454662322998e-02 3.278412297368049622e-02 2.531023323535919189e-02 2.020678482949733734e-02 4.367446992546319962e-03 8.083097636699676514e-03 2.464332990348339081e-02 2.063145115971565247e-02 1.988974772393703461e-02 3.889745101332664490e-02 7.359615713357925415e-02 7.052028179168701172e-02 2.574987336993217468e-02 2.626883983612060547e-02 4.306693747639656067e-02 6.208806764334440231e-03 1.423455495387315750e-02 6.250581145286560059e-02 8.484628051519393921e-03
7.266981154680252075e-02 1.197810750454664230e-03 5.896839778870344162e-03 4.749288782477378845e-02 4.396279528737068176e-02 4.481528699398040771e-02 8.087238669395446777e-02 7.836749777197837830e-03 3.918506554327905178e-04 2.918395027518272400e-02 9.577972441911697388e-02 1.550493203103542328e-02 7.271818816661834717e-02 6.301239132881164551e-02 9.539119899272918701e-03 2.604429051280021667e-02 1.777821686118841171e-03 1.989901764318346977e-03 1.500285882502794266e-02 1.888632588088512421e-02 7.103008683770895004e-03 2.623716928064823151e-02 3.873645514249801636e-02 3.319458663463592529e-02 3.601307282224297523e-03 9.064856916666030884e-03 4.199641570448875427e-02 3.790229558944702148e-02 2.059056237339973450e-02 4.344798624515533447e-02 5.618605017662048340e-02 2.501008100807666779e-02 3.868737071752548218e-02 4.727870970964431763e-02 6.079136580228805542e-02 4.868734627962112427e-02 4.324911534786224365e-02 2.553945779800415039e-02 3.049329109489917755e-02 3.458587452769279480e-02 5.046106129884719849e-02 1.147141959518194199e-02 4.612695774994790554e-04 2.004787884652614594e-02 5.704264156520366669e-03 6.568251550197601318e-02 1.016972213983535767e-01 6.240738183259963989e-02 2.754587307572364807e-02 3.537436947226524353e-02 7.949427701532840729e-03 3.463991358876228333e-02 9.056287817656993866e-03 4.802327603101730347e-02 2.252554893493652344e-02 2.475188113749027252e-02 6.351877748966217041e-02 2.028310118475928903e-04 5.220048874616622925e-02 2.913684956729412079e-02 6.016969680786132812e-02 4.627197980880737305e-02 4.339192807674407959e-02 2.098574861884117126e-02 2.538292482495307922e-02 5.257035139948129654e-03 1.539449580013751984e-02 2.793015213683247566e-03 5.074102804064750671e-02 2.328310534358024597e-02 8.004887029528617859e-03 1.796360500156879425e-02 5.182391032576560974e-03 3.751255804672837257e-03 2.091778907924890518e-03 4.007826372981071472e-02 1.434064097702503204e-02 1.068459544330835342e-02 2.922353334724903107e-02 3.134047985076904297e-02 5.518307164311408997e-02 4.105755686759948730e-02 1.726882159709930420e-02 5.010604113340377808e-02 4.345329478383064270e-02 4.369212687015533447e-02 3.797523304820060730e-02 1.338875852525234222e-02 3.304424136877059937e-02 3.937504719942808151e-03 6.205791607499122620e-02 4.915890283882617950e-03 7.872677594423294067e-02 3.967548906803131104e-02 1.007010973989963531e-02 1.941779814660549164e-02 5.308967665769159794e-04 4.519061185419559479e-03 4.675683006644248962e-02 2.165286056697368622e-02 6.729649379849433899e-03 4.522156715393066406e-02 4.194066300988197327e-02 3.318754956126213074e-02 6.865906994789838791e-03 8.857214823365211487e-03 2.505264431238174438e-02 2.797342836856842041e-02 3.106886148452758789e-02 1.895775459706783295e-02 6.411778181791305542e-02 1.088169589638710022e-02 6.432853173464536667e-03 3.683921694755554199e-02 3.657113015651702881e-02 3.873993828892707825e-02
4.324334114789962769e-02 7.732192426919937134e-02 1.567050814628601074e-02 2.463142573833465576e-02 3.094694949686527252e-02 8.087238669395446777e-02 5.973050743341445923e-02 9.562925435602664948e-03 8.811808191239833832e-03 1.786814071238040924e-02 4.966681078076362610e-02 3.215610980987548828e-02 1.256211251020431519e-01 1.567884907126426697e-02 1.046732533723115921e-02 2.800405211746692657e-02 2.086169086396694183e-02 1.508101541548967361e-02 1.579992659389972687e-02 4.937702324241399765e-03 3.996676579117774963e-02 2.709714928641915321e-03 2.206051163375377655e-02 2.762487903237342834e-02 7.692826446145772934e-03 3.584882942959666252e-03 3.146660979837179184e-03 3.246875479817390442e-02 4.970365390181541443e-02 2.575174532830715179e-02 6.882608681917190552e-02 3.544359281659126282e-02 4.588794708251953125e-02 1.747500337660312653e-02 3.821111470460891724e-02 1.617019809782505035e-02 1.949542015790939331e-02 2.391087450087070465e-02 5.397214740514755249e-02 2.775830216705799103e-02 2.196659892797470093e-02 4.404965043067932129e-02 1.091566681861877441e-02 1.209423039108514786e-02 3.917770460247993469e-02 2.243916876614093781e-02 7.113428413867950439e-02 1.089243665337562561e-01 3.474720194935798645e-02 5.930628627538681030e-02 2.329475432634353638e-02 7.279317826032638550e-03 2.850055461749434471e-03 1.410239562392234802e-02 2.519910782575607300e-02 3.058851882815361023e-02 5.178677290678024292e-02 3.934370819479227066e-03 2.340070158243179321e-02 1.273582596331834793e-02 2.564295195043087006e-02 9.543880820274353027e-03 4.419412463903427124e-02 1.700879260897636414e-02 5.609575286507606506e-02 6.361872702836990356e-02 5.657165870070457458e-02 3.246765211224555969e-02 1.464671548455953598e-02 1.214701496064662933e-02 2.887099608778953552e-02 5.279821529984474182e-02 3.682692069560289383e-03 1.552907563745975494e-02 4.463393241167068481e-02 7.175555452704429626e-03 3.985634818673133850e-02 8.063975721597671509e-03 5.496577173471450806e-02 1.212659291923046112e-03 8.447032421827316284e-03 2.854666672646999359e-02 7.917643524706363678e-03 2.381902746856212616e-02 1.880625844933092594e-03 3.889659792184829712e-02 1.140563096851110458e-02 1.318024750798940659e-02 4.803429171442985535e-02 1.175359706394374371e-03 6.298677623271942139e-02 2.127314358949661255e-02 5.393657833337783813e-02 3.659906797111034393e-03 3.758875280618667603e-02 2.625253796577453613e-02 2.606803737580776215e-02 4.536259546875953674e-02 6.297436077147722244e-03 1.313914638012647629e-02 5.020348355174064636e-02 2.169178612530231476e-02 9.226850233972072601e-03 7.917509414255619049e-03 1.456337794661521912e-02 2.863762155175209045e-02 9.725970216095447540e-03 2.859814465045928955e-02 7.967337965965270996e-03 2.829229086637496948e-02 1.037378981709480286e-02 3.153531346470117569e-03 2.040989324450492859e-02 1.540300552733242512e-03 2.665858156979084015e-02 5.423115193843841553e-02
1.029433868825435638e-02 2.768178097903728485e-02 2.113879770040512085e-01 2.341304346919059753e-02 1.093469001352787018e-02 7.836749777197837830e-03 9.562925435602664948e-03 8.080580085515975952e-02 2.560976147651672363e-02 3.013904951512813568e-02 1.521569024771451950e-02 1.873392239212989807e-02 6.097254529595375061e-02 1.837756857275962830e-02 6.658516824245452881e-02 5.297658219933509827e-02 3.669383004307746887e-02 2.789759635925292969e-02 2.941956371068954468e-02 6.153990328311920166e-02 2.688422985374927521e-02 3.881914913654327393e-02 1.158407703042030334e-02 4.666410759091377258e-02 1.670743152499198914e-02 3.081710264086723328e-02 3.471384197473526001e-02 1.296893227845430374e-02 6.203195825219154358e-02 6.820082664489746094e-02 3.807153925299644470e-02 3.065945953130722046e-02 5.195747595280408859e-03 3.843201696872711182e-02 9.667788632214069366e-03 2.707846462726593018e-03 6.911779195070266724e-02 2.255480736494064331e-02 2.582837827503681183e-02 6.266478449106216431e-02 1.339088752865791321e-02 4.533899202942848206e-02 4.491437692195177078e-03 2.934519574046134949e-02 1.754092425107955933e-02 3.309629485011100769e-02 6.699560210108757019e-03 5.718791508115828037e-04 4.898981377482414246e-02 4.370209947228431702e-02 2.473583212122321129e-03 3.360861539840698242e-02 3.817370394244790077e-03 3.082782775163650513e-02 4.569220915436744690e-02 4.388294741511344910e-02 1.366430055350065231e-02 5.864619091153144836e-02 9.129881509579718113e-04 1.145230140537023544e-02 7.223337143659591675e-02 1.643605530261993408e-02 2.018339559435844421e-02 2.993231266736984253e-02 3.207622095942497253e-02 1.395229343324899673e-02 7.217975705862045288e-02 2.140894159674644470e-02 3.089631907641887665e-02 4.375370219349861145e-03 5.337417498230934143e-02 1.458366028964519501e-02 2.821417339146137238e-02 3.297078236937522888e-02 2.653958275914192200e-03 8.589508011937141418e-03 1.468078512698411942e-02 5.000501871109008789e-02 6.100034806877374649e-03 3.032349050045013428e-02 1.949905008077621460e-01 2.376373112201690674e-01 1.573991379700601101e-03 5.902817845344543457e-02 4.412489756941795349e-02 5.307759158313274384e-03 1.082780808210372925e-01 9.767173975706100464e-02 2.799632214009761810e-02 2.228529006242752075e-02 4.650261625647544861e-02 1.522479858249425888e-02 2.337457146495580673e-03 1.149808987975120544e-02 7.009929686319082975e-05 5.810863152146339417e-02 1.115526817739009857e-02 3.513708338141441345e-02 6.513390690088272095e-02 4.110298305749893188e-02 7.460197806358337402e-02 3.606300801038742065e-02 1.702700182795524597e-02 2.536223968490958214e-03 7.715338375419378281e-03 4.628457874059677124e-02 1.691387966275215149e-02 2.047857828438282013e-02 1.492084283381700516e-02 5.159846320748329163e-02 2.404307015240192413e-02 1.686408929526805878e-02 2.034195885062217712e-02 3.139438480138778687e-02 6.006735190749168396e-02 1.458913739770650864e-02
3.501028940081596375e-02 6.119603663682937622e-02 5.850360915064811707e-02 1.661077328026294708e-02 3.004169836640357971e-02 3.918506554327905178e-04 8.811808191239833832e-03 2.560976147651672363e-02 1.183505058288574219e-01 2.516230940818786621e-02 2.647422440350055695e-02 6.345886737108230591e-02 2.843735273927450180e-03 1.717478502541780472e-03 8.127617649734020233e-03 8.736315369606018066e-02 6.695619970560073853e-02 6.150176003575325012e-02 2.953674457967281342e-02 5.681308731436729431e-02 3.990318253636360168e-02 1.796034350991249084e-02 7.655160129070281982e-02 5.956184864044189453e-02 2.963730692863464355e-02 2.079576440155506134e-02 3.611809387803077698e-02 3.427036479115486145e-02 2.001291513442993164e-02 1.505325082689523697e-02 3.715372830629348755e-02 2.555138245224952698e-02 6.055018305778503418e-02 4.548019915819168091e-02 5.262887477874755859e-02 4.569305479526519775e-02 6.983514130115509033e-02 6.877771019935607910e-02 7.619970943778753281e-03 8.459332399070262909e-03 5.593812465667724609e-02 6.371221691370010376e-02 2.159022726118564606e-02 9.808219969272613525e-02 1.181074082851409912e-01 1.215577404946088791e-02 2.636324055492877960e-02 2.908413007389754057e-04 1.170697286725044250e-01 2.911886759102344513e-02 3.882288467139005661e-03 4.322982951998710632e-02 1.121919136494398117e-02 1.437585335224866867e-02 1.398617327213287354e-01 2.600902132689952850e-02 1.329897553659975529e-03 1.641346141695976257e-02 6.562465801835060120e-03 4.256420210003852844e-02 6.969025731086730957e-02 3.720095008611679077e-02 2.922356501221656799e-02 6.036885827779769897e-02 6.059719249606132507e-02 1.350474543869495392e-02 7.169049240474123508e-06 3.531944006681442261e-03 9.141185134649276733e-02 4.149346053600311279e-02 2.406949363648891449e-02 6.998442113399505615e-02 6.075512245297431946e-02 2.992337569594383240e-02 8.321614004671573639e-03 9.010563790798187256e-02 1.584631204605102539e-01 1.259013079106807709e-03 2.106418907642364502e-01 3.404568135738372803e-02 1.637805625796318054e-02 9.148890152573585510e-03 5.108520016074180603e-02 3.996332362294197083e-02 5.793868750333786011e-02 1.527265296317636967e-03 3.974922001361846924e-02 3.591466695070266724e-02 1.121238172054290771e-01 7.014451175928115845e-02 2.312204614281654358e-02 1.857713982462882996e-02 2.477967552840709686e-02 4.162800312042236328e-02 5.618435516953468323e-02 4.872389510273933411e-02 2.503794804215431213e-02 8.446066826581954956e-02 4.181563481688499451e-02 2.519322745501995087e-02 8.093545213341712952e-03 4.036669805645942688e-02 4.218398034572601318e-02 7.607877999544143677e-02 3.747420385479927063e-02 3.576387092471122742e-02 7.764320820569992065e-02 2.681586518883705139e-02 2.822623960673809052e-02 1.625599525868892670e-02 3.555131331086158752e-02 5.717332009226083755e-03 3.980483859777450562e-02 5.108993500471115112e-02 3.541423007845878601e-02 8.370645344257354736e-03
4.009207710623741150e-02 2.074852213263511658e-02 5.479384958744049072e-02 3.324700519442558289e-02 1.750555448234081268e-02 2.918395027518272400e-02 1.786814071238040924e-02 3.013904951512813568e-02 2.516230940818786621e-02 1.001497209072113037e-01 1.091076619923114777e-02 7.119323313236236572e-02 9.583375649526715279e-04 9.949668310582637787e-03 2.735858783125877380e-03 3.170762211084365845e-02 3.654270246624946594e-02 6.254895776510238647e-02 8.980719000101089478e-02 2.266204915940761566e-02 4.292827472090721130e-02 7.958903908729553223e-03 2.250975556671619415e-02 4.603374004364013672e-02 2.385898493230342865e-02 1.108238007873296738e-02 4.049830138683319092e-02 5.141680315136909485e-02 7.149750366806983948e-03 2.012930437922477722e-02 5.198949482291936874e-03 1.621497794985771179e-02 7.912138849496841431e-02 3.371232375502586365e-02 1.925012841820716858e-02 3.541760845109820366e-03 5.139076709747314453e-02 2.010896429419517517e-02 2.843676507472991943e-02 6.213324610143899918e-03 1.005723420530557632e-02 1.024723867885768414e-03 4.042067751288414001e-02 3.573079407215118408e-02 5.234777554869651794e-02 4.624140635132789612e-02 1.440440304577350616e-02 5.603041499853134155e-03 5.007626861333847046e-02 8.109243214130401611e-02 2.013248018920421600e-02 2.158793061971664429e-02 3.205757588148117065e-02 2.629964239895343781e-02 4.965516552329063416e-02 4.079498723149299622e-02 1.992578245699405670e-02 2.413231320679187775e-02 3.206014260649681091e-02 2.116483263671398163e-02 5.680697411298751831e-02 6.665467470884323120e-02 5.397524219006299973e-03 1.653155311942100525e-02 2.853967635019216686e-05 3.716345503926277161e-02 2.663849620148539543e-03 9.270811453461647034e-03 3.661124035716056824e-02 6.040329486131668091e-02 7.559540122747421265e-02 5.151288583874702454e-02 6.243501603603363037e-02 6.962032616138458252e-02 7.430179975926876068e-03 1.512879971414804459e-02 4.569524154067039490e-02 8.999697864055633545e-02 4.924941435456275940e-02 9.131877869367599487e-02 2.625214168801903725e-03 6.200363859534263611e-03 3.274402348324656487e-03 9.464257210493087769e-02 1.162500027567148209e-02 5.514239519834518433e-02 4.859151318669319153e-03 2.167910523712635040e-02 2.925817854702472687e-02 4.798239096999168396e-02 1.363228540867567062e-02 3.500350564718246460e-02 1.236331765539944172e-03 2.528429776430130005e-02 9.023110382258892059e-03 4.577558021992444992e-03 7.455001771450042725e-02 1.858802512288093567e-03 3.437698259949684143e-02 3.334935382008552551e-02 2.315500192344188690e-02 1.335592474788427353e-02 3.078438900411128998e-02 1.778497919440269470e-02 2.299237251281738281e-02 2.530630491673946381e-02 6.066814064979553223e-02 3.450656682252883911e-02 2.151184715330600739e-02 7.603506743907928467e-02 1.805211603641510010e-02 2.064182795584201813e-02 3.247146680951118469e-02 4.132956266403198242e-02 1.260941964574158192e-03 3.763874620199203491e-02
1.180669292807579041e-01 9.057307988405227661e-02 4.755867645144462585e-02 1.530527044087648392e-02 1.113247964531183243e-02 9.577972441911697388e-02 4.966681078076362610e-02 1.521569024771451950e-02 2.647422440350055695e-02 1.091076619923114777e-02 7.009037584066390991e-02 5.660435184836387634e-02 1.223665028810501099e-01 3.418940678238868713e-02 2.795799821615219116e-02 3.810891881585121155e-03 1.944760046899318695e-02 3.054505214095115662e-03 3.858645260334014893e-02 1.580977253615856171e-02 1.164915412664413452e-02 7.922154851257801056e-03 3.853973001241683960e-02 7.864796556532382965e-03 2.096355333924293518e-02 3.415874205529689789e-03 7.133569102734327316e-03 1.247137552127242088e-03 5.425920709967613220e-02 9.696593508124351501e-03 4.026564210653305054e-02 7.107829302549362183e-02 4.308704286813735962e-02 1.938207307830452919e-03 6.158133968710899353e-02 4.035742580890655518e-02 1.396765839308500290e-02 4.937970545142889023e-03 4.812226071953773499e-02 1.935860514640808105e-02 4.643439501523971558e-02 1.523250155150890350e-02 2.031692676246166229e-02 6.082602776587009430e-03 2.053403481841087341e-02 2.613135613501071930e-02 6.295927613973617554e-02 5.544427782297134399e-02 3.739462420344352722e-02 3.909149393439292908e-02 2.301765233278274536e-02 1.425567828118801117e-02 7.809035480022430420e-02 9.663784876465797424e-03 1.787110604345798492e-02 1.998566091060638428e-02 2.664365991950035095e-02 8.904279209673404694e-03 7.631694525480270386e-02 4.592622444033622742e-02 1.420642901211977005e-02 2.880208194255828857e-02 1.376651600003242493e-02 2.420699037611484528e-02 5.547864735126495361e-02 1.847238047048449516e-03 2.763330377638339996e-02 1.984153641387820244e-03 4.555713385343551636e-02 3.525694087147712708e-02 4.562436952255666256e-04 4.918512701988220215e-02 1.121424138545989990e-02 1.631556823849678040e-02 4.045455157756805420e-02 3.993269801139831543e-02 3.399660810828208923e-02 9.333441033959388733e-03 1.475826557725667953e-02 1.219226419925689697e-02 1.649222895503044128e-02 1.269749272614717484e-02 6.804565433412790298e-03 2.657187171280384064e-02 1.534965727478265762e-02 1.535988878458738327e-03 8.631069958209991455e-02 6.610373035073280334e-03 7.503376156091690063e-02 1.073557883501052856e-02 6.335788220167160034e-02 3.841529367491602898e-03 7.118996232748031616e-02 1.324370410293340683e-02 3.535440191626548767e-02 3.749659284949302673e-02 5.564122647047042847e-02 3.203350305557250977e-02 2.041448093950748444e-02 7.500983309000730515e-03 6.113004684448242188e-02 5.492055788636207581e-03 4.224045202136039734e-02 1.267942599952220917e-02 5.395676125772297382e-04 2.052490971982479095e-02 1.156678609549999237e-02 1.089055091142654419e-02 4.674464091658592224e-02 5.772558972239494324e-02 2.407143823802471161e-02 1.565725728869438171e-02 1.432506646960973740e-02 3.253037342801690102e-03 3.270578384399414062e-02 1.880609430372714996e-02
3.974223136901855469e-02 1.020903885364532471e-01 7.483242545276880264e-03 5.439125001430511475e-02 9.316746145486831665e-03 1.550493203103542328e-02 3.215610980987548828e-02 1.873392239212989807e-02 6.345886737108230591e-02 7.119323313236236572e-02 5.660435184836387634e-02 1.063376069068908691e-01 9.516129270195960999e-03 2.445545047521591187e-01 1.907683722674846649e-02 7.467112969607114792e-03 2.778932265937328339e-02 3.590534627437591553e-02 9.450370818376541138e-02 4.467737674713134766e-02 1.538727199658751488e-03 3.180501610040664673e-02 7.051665335893630981e-02 8.787254989147186279e-02 5.847176909446716309e-02 3.651845082640647888e-02 4.968979395925998688e-03 2.089061141014099121e-01 3.709087148308753967e-02 1.253700852394104004e-01 2.827653847634792328e-02 5.088326986879110336e-03 4.800350964069366455e-02 3.838164731860160828e-02 1.723449910059571266e-03 5.465796962380409241e-02 1.206839270889759064e-02 3.060007840394973755e-02 3.128223866224288940e-02 3.581420332193374634e-02 1.277500763535499573e-02 9.736528620123863220e-03 1.411397755146026611e-02 2.899345755577087402e-02 1.506447345018386841e-01 8.310150355100631714e-02 4.756921902298927307e-02 2.617615647614002228e-02 5.902920290827751160e-02 1.097977254539728165e-02 8.142531663179397583e-02 2.952359430491924286e-02 2.992627583444118500e-02 1.641961187124252319e-02 8.953104168176651001e-02 6.292112916707992554e-02 1.187421381473541260e-02 8.235540241003036499e-02 2.030547522008419037e-02 4.468084871768951416e-02 1.288532000035047531e-02 6.856584548950195312e-02 4.478677734732627869e-02 2.718562260270118713e-02 3.385761007666587830e-02 4.202555119991302490e-02 8.602584153413772583e-02 4.139409214258193970e-02 3.301895922049880028e-03 7.180181890726089478e-02 3.215565904974937439e-02 8.733773976564407349e-02 5.914295907132327557e-04 5.576663836836814880e-02 1.267685648053884506e-02 3.807176277041435242e-02 3.974530473351478577e-02 4.204762727022171021e-02 8.043893426656723022e-02 2.011359669268131256e-02 5.535721406340599060e-02 2.616747282445430756e-02 2.698485367000102997e-02 8.329826593399047852e-02 4.897949472069740295e-02 5.102406814694404602e-02 2.951492369174957275e-02 3.715752065181732178e-02 9.892347455024719238e-02 5.645761266350746155e-02 3.940570168197154999e-03 3.427514433860778809e-02 1.654157787561416626e-02 3.952797874808311462e-02 1.601865142583847046e-02 2.778565138578414917e-02 3.386972472071647644e-02 5.552781745791435242e-02 5.447137635201215744e-03 3.296269103884696960e-02 5.322098149918019772e-04 4.950605332851409912e-02 5.343664437532424927e-03 4.856249690055847168e-02 3.005442954599857330e-02 6.477912515401840210e-02 1.407990697771310806e-02 2.098143845796585083e-02 3.149318322539329529e-02 5.452116578817367554e-02 3.226270899176597595e-02 6.085428968071937561e-02 3.620728477835655212e-02 5.874692648649215698e-02 4.586828127503395081e-02 6.512240506708621979e-03
5.870655179023742676e-02 9.144954383373260498e-02 3.454393148422241211e-02 6.334462761878967285e-02 5.200659483671188354e-02 7.271818816661834717e-02 1.256211251020431519e-01 6.097254529595375061e-02 2.843735273927450180e-03 9.583375649526715279e-04 1.223665028810501099e-01 9.516129270195960999e-03 5.793129652738571167e-02 2.260146290063858032e-02 2.390456944704055786e-02 1.957887411117553711e-02 3.459986299276351929e-03 3.951284289360046387e-02 2.063740976154804230e-02 6.183607620187103748e-04 7.465163711458444595e-03 3.601355105638504028e-02 1.183922588825225830e-02 2.220041817054152489e-03 4.678930342197418213e-02 1.015733648091554642e-02 3.193098306655883789e-02 2.669158019125461578e-02 8.212427794933319092e-02 8.241021074354648590e-03 5.835164338350296021e-02 8.280660212039947510e-02 2.538042701780796051e-02 4.048217460513114929e-02 2.949951402842998505e-02 1.124135404825210571e-02 2.882248535752296448e-02 6.924610584974288940e-03 6.322934478521347046e-02 6.434281170368194580e-02 5.817449837923049927e-02 4.147707670927047729e-02 3.556926921010017395e-02 2.877063676714897156e-02 7.318716961890459061e-03 1.988558657467365265e-02 4.442228376865386963e-02 9.323625266551971436e-02 1.817728206515312195e-02 1.837981492280960083e-02 5.697922781109809875e-02 1.474771881476044655e-03 1.980252936482429504e-02 1.450788788497447968e-02 1.783135719597339630e-02 4.984680563211441040e-02 3.705850988626480103e-02 1.603797078132629395e-02 1.225791638717055321e-03 7.293507456779479980e-02 3.186655417084693909e-02 8.777233888395130634e-04 1.369345653802156448e-02 4.947882145643234253e-02 5.624061822891235352e-02 9.384175390005111694e-02 4.035671055316925049e-02 4.268423840403556824e-02 4.887792840600013733e-02 4.136808216571807861e-02 2.350961789488792419e-02 4.062136262655258179e-02 1.051013940013945103e-03 1.310345809906721115e-02 6.093764305114746094e-02 7.793765515089035034e-03 4.845656082034111023e-02 3.447618708014488220e-02 1.369863562285900116e-02 2.910761348903179169e-02 3.141043707728385925e-02 5.035117268562316895e-02 5.132912192493677139e-03 4.164549708366394043e-02 1.258637639693915844e-03 2.671668305993080139e-02 3.881036862730979919e-02 6.722654402256011963e-02 2.038907492533326149e-03 2.903245622292160988e-03 7.721413671970367432e-02 1.434977445751428604e-02 6.870632618665695190e-02 2.144406549632549286e-02 1.509390678256750107e-02 4.287068918347358704e-02 3.054108284413814545e-02 1.256827614270150661e-03 2.165427058935165405e-02 1.976625807583332062e-02 3.283746540546417236e-02 3.035093471407890320e-02 5.727433040738105774e-02 7.614056020975112915e-02 7.282597571611404419e-02 2.182486280798912048e-02 4.358977451920509338e-02 3.116896748542785645e-02 2.099026180803775787e-02 5.356616899371147156e-02 2.626252360641956329e-02 2.362412214279174805e-02 3.428003517910838127e-03 1.602036878466606140e-03 7.073794305324554443e-02 8.891598321497440338e-03
