1.658785194158554077e-01 1.377940773963928223e-01 4.319673776626586914e-02 4.106246307492256165e-02 3.058919496834278107e-02 1.721404790878295898e-01 1.332548856735229492e-01 5.144528672099113464e-02 2.059940248727798462e-02 2.844458445906639099e-02 1.192816272377967834e-01 5.507905036211013794e-02 1.233677342534065247e-01 5.024332180619239807e-02 1.493800990283489227e-02 2.324995584785938263e-03 7.496492471545934677e-03 4.484106600284576416e-02 1.749877817928791046e-02 1.384658366441726685e-02 2.828423678874969482e-02 3.042444400489330292e-02 1.520426757633686066e-02 1.837965473532676697e-02 5.873226094990968704e-03 1.433348469436168671e-02 7.287277281284332275e-02 5.184686928987503052e-02 1.109048537909984589e-02 3.115762025117874146e-02 1.486165355890989304e-02 1.101484056562185287e-02 7.056938484311103821e-03 4.139768332242965698e-02 7.772558927536010742e-02 1.784742064774036407e-02 1.246821973472833633e-02 4.096842184662818909e-02 8.921710774302482605e-03 5.180023238062858582e-02 6.637711822986602783e-02 2.641577273607254028e-02 3.369314968585968018e-02 3.775208070874214172e-02 4.939191788434982300e-02 5.960958823561668396e-02 1.684355735778808594e-01 2.920097112655639648e-02 5.466771777719259262e-03 1.197397056967020035e-02 1.181973330676555634e-02 2.425197325646877289e-02 2.346290275454521179e-02 7.465424016118049622e-03 2.342973090708255768e-02 2.257852256298065186e-02 4.076515324413776398e-03 8.489546179771423340e-02 2.473114989697933197e-02 2.073123678565025330e-02 3.007565625011920929e-02 5.913372617214918137e-03 2.138763852417469025e-02 4.208125546574592590e-02 3.016293980181217194e-02 7.009050250053405762e-02 1.514362287707626820e-03 2.665210142731666565e-02 2.341642603278160095e-02 3.274201974272727966e-02 3.684422466903924942e-03 2.998352237045764923e-02 5.720702558755874634e-02 5.626279488205909729e-02 5.363716557621955872e-02 2.183593250811100006e-02 1.709743775427341461e-02 3.996318951249122620e-02 6.296378374099731445e-02 6.559180468320846558e-02 2.088922820985317230e-02 1.486828736960887909e-02 1.937314309179782867e-02 1.138967182487249374e-02 7.485298905521631241e-03 9.327524341642856598e-03 1.041620690375566483e-02 2.360938675701618195e-02 6.853860686533153057e-04 1.035580411553382874e-02 7.934026420116424561e-02 6.253624707460403442e-02 5.064766481518745422e-02 5.883954837918281555e-02 3.301681717857718468e-03 7.461966481059789658e-03 5.297719687223434448e-02 5.171880125999450684e-02 1.071607694029808044e-02 3.236167132854461670e-02 1.734520867466926575e-02 4.398529231548309326e-02 3.299437463283538818e-02 3.978734835982322693e-03 2.278317697346210480e-03 4.227431491017341614e-02 3.868361189961433411e-02 5.338340997695922852e-02 3.691632673144340515e-02 9.860666468739509583e-04 3.886493621394038200e-03 5.691413767635822296e-03 1.827959530055522919e-02 4.168676678091287613e-03 7.394657284021377563e-02 2.583344094455242157e-02
1.377940773963928223e-01 1.545233577489852905e-01 5.157455801963806152e-03 2.729381807148456573e-02 1.343066804111003876e-02 1.500203162431716919e-01 1.546728461980819702e-01 1.851715892553329468e-02 1.897748094052076340e-03 8.934034965932369232e-03 1.157752946019172668e-01 3.015341237187385559e-02 1.534503102302551270e-01 4.876537993550300598e-02 4.834309220314025879e-02 2.343660593032836914e-02 4.703019186854362488e-02 1.692530140280723572e-02 4.247341770678758621e-03 3.930018749088048935e-03 3.845588490366935730e-02 5.117801576852798462e-02 1.843989640474319458e-02 1.680785603821277618e-02 1.872249878942966461e-02 3.128362074494361877e-02 1.969261094927787781e-02 1.233826391398906708e-02 1.942595839500427246e-02 5.516750970855355263e-04 6.349270790815353394e-02 3.243603557348251343e-02 1.750253885984420776e-02 1.871949620544910431e-02 4.938466474413871765e-02 2.508909255266189575e-02 3.541031852364540100e-02 1.152385864406824112e-02 2.534436527639627457e-03 4.934529587626457214e-02 1.784592680633068085e-02 3.179838508367538452e-02 9.900107979774475098e-04 2.820800803601741791e-02 1.196747832000255585e-02 2.142493985593318939e-02 8.500070124864578247e-02 1.763079874217510223e-02 2.079819096252322197e-03 6.773485336452722549e-03 4.534342885017395020e-02 3.064379654824733734e-02 9.824118576943874359e-03 1.753160730004310608e-02 2.217606455087661743e-02 6.847130134701728821e-03 7.160668261349201202e-03 4.625552147626876831e-02 1.519479602575302124e-02 2.455272339284420013e-02 2.785402908921241760e-02 1.055018045008182526e-02 4.976147785782814026e-02 6.646088510751724243e-02 2.653089724481105804e-02 6.258796155452728271e-02 1.092418935149908066e-02 3.324342891573905945e-02 2.004669234156608582e-02 4.768644273281097412e-02 2.504411898553371429e-02 5.921895429491996765e-02 3.034403547644615173e-02 5.207450687885284424e-02 1.108492538332939148e-02 9.458834305405616760e-03 2.080840803682804108e-02 8.007915690541267395e-03 3.443795070052146912e-02 3.033783473074436188e-02 3.181719034910202026e-02 6.014866288751363754e-03 1.188558060675859451e-02 4.875108134001493454e-03 1.389421150088310242e-02 2.351243421435356140e-02 2.886020578444004059e-02 1.300150342285633087e-02 3.906934335827827454e-02 4.544483125209808350e-02 2.784793637692928314e-02 3.278709948062896729e-02 4.457707703113555908e-02 7.669190317392349243e-02 4.681735299527645111e-03 2.626524865627288818e-02 5.926977470517158508e-02 1.973483711481094360e-02 1.409341208636760712e-02 1.179581042379140854e-02 2.078231424093246460e-02 2.215757407248020172e-02 7.369218766689300537e-02 4.078425839543342590e-02 6.257398054003715515e-03 2.927890792489051819e-02 4.420372098684310913e-02 2.918734028935432434e-02 1.907346583902835846e-02 9.421057999134063721e-02 1.323790755122900009e-02 7.923758588731288910e-03 2.555646933615207672e-03 4.539929702877998352e-02 1.312566101551055908e-01 1.299799140542745590e-02
4.319673776626586914e-02 5.157455801963806152e-03 1.264941543340682983e-01 1.888366229832172394e-02 2.085082931444048882e-03 2.139936201274394989e-03 2.893061935901641846e-02 1.623406559228897095e-01 2.921409346163272858e-02 1.270755380392074585e-02 2.807966433465480804e-03 7.251630723476409912e-02 1.974801719188690186e-02 2.868132479488849640e-02 2.808994427323341370e-02 1.169628184288740158e-02 5.065845698118209839e-02 2.766801789402961731e-02 2.518622204661369324e-02 5.364353582262992859e-02 4.163695126771926880e-02 4.516798257827758789e-02 1.177479745820164680e-03 1.756549626588821411e-02 4.042781889438629150e-02 3.596438840031623840e-02 6.920655257999897003e-03 8.475798182189464569e-03 3.780133649706840515e-02 3.334914520382881165e-02 1.136386953294277191e-02 4.519669339060783386e-02 2.127967402338981628e-02 5.359870195388793945e-02 1.965876482427120209e-02 5.948909372091293335e-02 2.288592793047428131e-02 5.244459584355354309e-02 3.122384473681449890e-02 5.439921747893095016e-03 7.165434211492538452e-02 6.228735297918319702e-02 3.317850083112716675e-02 3.617968037724494934e-02 1.258068531751632690e-01 9.146693348884582520e-02 8.469199389219284058e-02 2.152130194008350372e-02 5.341890454292297363e-02 2.540279366075992584e-02 1.506927236914634705e-02 1.383516844362020493e-02 2.166317775845527649e-02 5.440687760710716248e-02 6.131944805383682251e-02 4.540187120437622070e-02 6.712733884342014790e-04 1.828970573842525482e-02 6.313806027173995972e-02 5.834080651402473450e-02 4.835693165659904480e-02 2.916544117033481598e-02 3.589871525764465332e-02 5.855472758412361145e-02 1.517562195658683777e-02 1.247475761920213699e-02 1.713601127266883850e-02 3.491876646876335144e-02 1.947987126186490059e-03 5.382960662245750427e-02 7.233922928571701050e-02 2.925433591008186340e-02 5.115133896470069885e-02 3.941406309604644775e-02 4.564823955297470093e-02 5.613797158002853394e-02 1.979623548686504364e-02 7.928149774670600891e-03 6.292284280061721802e-02 1.777339540421962738e-02 2.188659012317657471e-01 8.395815640687942505e-02 2.095978893339633942e-02 4.925166140310466290e-04 4.291510954499244690e-02 2.892174758017063141e-02 8.391916751861572266e-02 5.206812918186187744e-02 3.483825922012329102e-02 2.145282924175262451e-02 4.111557081341743469e-02 4.843694716691970825e-02 2.337385900318622589e-02 5.337130278348922729e-02 4.810729995369911194e-02 7.231026887893676758e-03 4.544740542769432068e-02 7.440211623907089233e-02 2.427889732643961906e-03 6.399189587682485580e-03 6.671434640884399414e-02 2.037091739475727081e-02 2.380541525781154633e-02 1.531074941158294678e-02 6.397825665771961212e-03 7.772795855998992920e-03 2.318752743303775787e-02 5.484824534505605698e-03 1.515943557024002075e-02 2.132450789213180542e-02 5.143604427576065063e-02 7.690364727750420570e-04 2.444154210388660431e-02 3.532028570771217346e-02 6.174342706799507141e-02 3.094494342803955078e-02
4.106246307492256165e-02 2.729381807148456573e-02 1.888366229832172394e-02 1.420155167579650879e-01 7.263689488172531128e-02 3.198612481355667114e-02 5.423888936638832092e-02 5.385192483663558960e-02 3.428190248087048531e-03 2.693864703178405762e-02 3.429103270173072815e-02 9.677988477051258087e-03 2.698411233723163605e-02 3.677159175276756287e-02 2.973300032317638397e-02 9.500000625848770142e-03 3.081181459128856659e-02 6.298500299453735352e-02 6.062419340014457703e-02 7.831352204084396362e-02 1.889753900468349457e-02 9.434333071112632751e-03 1.651946455240249634e-02 2.147195674479007721e-02 2.379855327308177948e-02 1.395384129136800766e-02 3.796971589326858521e-02 2.039158158004283905e-02 3.356269747018814087e-02 3.898552851751446724e-03 2.103263512253761292e-02 5.844547599554061890e-02 6.539546418935060501e-03 3.013503365218639374e-02 6.543343514204025269e-02 2.030126377940177917e-02 4.033477231860160828e-02 1.793356612324714661e-02 3.965202346444129944e-02 5.095408856868743896e-02 1.246700808405876160e-02 6.925809662789106369e-03 3.992060199379920959e-03 1.025612466037273407e-02 1.471123658120632172e-02 9.238163009285926819e-03 2.452439628541469574e-02 2.073924057185649872e-02 4.570298269391059875e-02 3.284155204892158508e-02 3.837929666042327881e-02 2.137938514351844788e-02 3.483542473986744881e-03 3.186451643705368042e-02 2.089569903910160065e-02 1.727919653058052063e-02 4.141360148787498474e-02 3.097379021346569061e-02 1.107724034227430820e-03 7.093953341245651245e-02 6.435737758874893188e-02 6.902969628572463989e-02 4.615549743175506592e-02 5.547404289245605469e-02 7.543228100985288620e-03 2.544594556093215942e-02 4.973695054650306702e-02 1.601042039692401886e-02 1.178569719195365906e-02 4.433525726199150085e-02 2.639851346611976624e-02 9.543365798890590668e-03 9.194282442331314087e-02 2.775571495294570923e-02 5.028202012181282043e-02 7.539506535977125168e-03 2.215109393000602722e-02 2.313084434717893600e-03 8.431727183051407337e-04 2.365208417177200317e-02 4.231811687350273132e-02 1.102503575384616852e-02 6.433687359094619751e-02 4.887595027685165405e-02 1.636736653745174408e-02 1.243697758764028549e-02 1.105066016316413879e-02 1.942348666489124298e-02 1.270375587046146393e-02 2.388368360698223114e-03 8.104356005787849426e-03 3.956132382154464722e-02 2.159826923161745071e-03 2.903921157121658325e-02 2.612060494720935822e-02 4.588156938552856445e-02 3.369789570569992065e-02 9.769286960363388062e-03 4.509312286972999573e-02 3.748098388314247131e-02 1.072236336767673492e-02 4.911492764949798584e-02 4.406834021210670471e-02 1.831809803843498230e-02 1.247895788401365280e-02 3.707024455070495605e-02 1.823276281356811523e-02 5.885040853172540665e-03 4.051475599408149719e-02 1.667715795338153839e-02 3.791292756795883179e-02 5.003873631358146667e-02 4.147238284349441528e-02 2.428602240979671478e-02 4.018668085336685181e-02 4.611374065279960632e-02
3.058919496834278107e-02 1.343066804111003876e-02 2.085082931444048882e-03 7.263689488172531128e-02 1.426068991422653198e-01 2.993115223944187164e-02 3.699319437146186829e-02 2.227841177955269814e-03 7.209981326013803482e-03 2.522593364119529724e-02 2.138945739716291428e-03 1.422199048101902008e-02 2.066201157867908478e-02 9.777194820344448090e-03 6.783182034268975258e-04 6.430849898606538773e-03 8.154732175171375275e-03 3.653049468994140625e-02 4.430923610925674438e-02 5.728340148925781250e-02 6.577167194336652756e-03 1.148514263331890106e-02 3.070793813094496727e-03 1.418659649789333344e-02 1.254428178071975708e-02 7.433511316776275635e-03 4.097178205847740173e-02 3.148778900504112244e-02 4.371691495180130005e-02 1.464621443301439285e-02 6.702991575002670288e-02 5.157714709639549255e-02 2.369255572557449341e-02 1.473880652338266373e-02 8.957983553409576416e-02 1.700664684176445007e-02 3.133464977145195007e-02 8.374158293008804321e-03 8.498768508434295654e-02 7.134953141212463379e-02 2.063920907676219940e-02 8.404187858104705811e-03 1.262520067393779755e-02 1.228442043066024780e-02 4.373053833842277527e-02 8.992431685328483582e-03 4.058845341205596924e-02 3.205047221854329109e-03 3.671766072511672974e-02 3.816530853509902954e-02 2.738150395452976227e-02 3.216142207384109497e-02 6.238566245883703232e-03 1.011397596448659897e-02 1.848704926669597626e-02 1.909795030951499939e-02 5.381162092089653015e-02 9.044785052537918091e-03 2.128218114376068115e-02 4.405646771192550659e-02 4.639530554413795471e-02 6.252906471490859985e-02 5.256432667374610901e-02 1.167350336909294128e-01 1.424809824675321579e-02 4.070147126913070679e-02 2.934277430176734924e-02 2.344633685424923897e-04 1.112496573477983475e-02 4.680609330534934998e-02 8.482040720991790295e-04 2.208395488560199738e-02 7.131598889827728271e-02 3.566842898726463318e-02 4.932136833667755127e-02 4.106558393687009811e-03 1.982119167223572731e-03 1.541961543262004852e-02 4.110497981309890747e-02 5.194056313484907150e-03 8.044602349400520325e-03 3.049943968653678894e-02 5.156793072819709778e-02 5.765041336417198181e-02 6.846069544553756714e-02 2.284603193402290344e-02 1.391600444912910461e-02 6.727302912622690201e-03 3.315340355038642883e-02 1.799295097589492798e-02 6.014715880155563354e-02 4.062078520655632019e-02 8.941221982240676880e-03 4.030311852693557739e-02 5.283368751406669617e-02 3.734808415174484253e-02 5.332193896174430847e-02 8.398234844207763672e-03 2.880940213799476624e-02 5.817142315208911896e-03 4.609351977705955505e-03 2.930405363440513611e-02 6.462980806827545166e-02 2.977136056870222092e-03 3.944082558155059814e-02 6.139215081930160522e-02 1.209230814129114151e-02 5.760388076305389404e-02 3.803197527304291725e-03 5.308889225125312805e-02 2.050710655748844147e-02 6.161644309759140015e-02 3.788927942514419556e-02 5.647288635373115540e-02 1.054761372506618500e-02 3.609709441661834717e-02
1.721404790878295898e-01 1.500203162431716919e-01 2.139936201274394989e-03 3.198612481355667114e-02 2.993115223944187164e-02 1.621862202882766724e-01 1.839679330587387085e-01 3.970175236463546753e-02 1.546590868383646011e-02 6.256817374378442764e-03 1.327296942472457886e-01 1.159260347485542297e-01 1.319929361343383789e-01 1.276308149099349976e-01 2.840222232043743134e-02 2.568531036376953125e-02 2.678916603326797485e-02 2.711396664381027222e-03 1.092465966939926147e-02 2.566197328269481659e-02 3.323290497064590454e-02 4.834979772567749023e-02 2.793666499201208353e-04 1.940658316016197205e-02 1.128873042762279510e-02 3.801268711686134338e-02 6.560252048075199127e-03 6.883149500936269760e-03 3.900470957159996033e-02 5.662644654512405396e-02 5.914024077355861664e-03 7.239055121317505836e-04 7.654032669961452484e-03 1.531395502388477325e-02 4.658441990613937378e-02 1.067349687218666077e-02 1.472855103202164173e-03 2.159124985337257385e-02 2.189969457685947418e-02 2.578448690474033356e-02 1.257492415606975555e-02 4.942898638546466827e-03 2.545666322112083435e-02 4.093796759843826294e-02 1.688127033412456512e-02 3.235204517841339111e-02 1.931575983762741089e-01 5.524865910410881042e-02 1.735754124820232391e-02 5.232699681073427200e-03 2.512845769524574280e-02 9.330883622169494629e-03 3.446767851710319519e-02 1.917095109820365906e-02 4.594076424837112427e-02 2.897751703858375549e-02 1.648409292101860046e-02 5.747066438198089600e-02 9.251988958567380905e-04 6.247385405004024506e-03 1.132712792605161667e-02 1.273883855901658535e-03 1.925976574420928955e-02 4.541577026247978210e-02 3.548131883144378662e-02 5.507428944110870361e-02 2.180744521319866180e-02 4.424266517162322998e-02 4.618127830326557159e-03 3.738931566476821899e-02 1.485573593527078629e-02 1.427269075065851212e-02 1.198531128466129303e-02 3.892054036259651184e-02 1.044653356075286865e-02 3.531221300363540649e-02 1.172190182842314243e-03 6.861717905849218369e-03 3.486638143658638000e-02 1.755314506590366364e-02 1.836329326033592224e-02 3.152045980095863342e-02 1.735190302133560181e-02 4.417415242642164230e-03 3.986633569002151489e-02 2.350438944995403290e-02 1.948730275034904480e-02 3.243680577725172043e-03 1.905719377100467682e-02 2.837824635207653046e-02 1.371894869953393936e-02 3.955633565783500671e-02 6.926650553941726685e-02 3.106027282774448395e-02 2.056922577321529388e-02 3.796514868736267090e-02 1.059292722493410110e-02 2.104282192885875702e-02 1.955807209014892578e-02 3.302441537380218506e-02 1.075437385588884354e-02 4.195991903543472290e-02 2.021587640047073364e-02 4.436030285432934761e-04 2.868383750319480896e-02 1.680862158536911011e-02 2.540539018809795380e-03 4.472083225846290588e-02 2.713142521679401398e-02 5.136711150407791138e-02 3.275728598237037659e-02 4.361733421683311462e-02 3.043043240904808044e-02 1.085067447274923325e-02 1.511096954345703125e-01 5.340942740440368652e-02
1.332548856735229492e-01 1.546728461980819702e-01 2.893061935901641846e-02 5.423888936638832092e-02 3.699319437146186829e-02 1.839679330587387085e-01 1.769898682832717896e-01 4.604537039995193481e-02 1.336676720529794693e-02 2.813576348125934601e-02 1.258349865674972534e-01 5.088845267891883850e-02 1.522546410560607910e-01 7.982210069894790649e-02 6.267189979553222656e-02 2.079207636415958405e-02 4.390543699264526367e-02 2.227001450955867767e-02 2.017935365438461304e-02 4.989242181181907654e-02 2.320173569023609161e-02 1.279189367778599262e-03 2.076521515846252441e-02 2.820951864123344421e-02 5.377734079957008362e-02 3.024798259139060974e-02 8.503133058547973633e-02 8.480448275804519653e-03 4.605855792760848999e-02 2.118193078786134720e-03 5.853524431586265564e-02 2.414747886359691620e-02 1.852111076004803181e-03 2.021386660635471344e-02 1.477277278900146484e-02 1.175927370786666870e-02 1.913486048579216003e-02 3.213950991630554199e-02 1.738186739385128021e-02 6.562108546495437622e-02 6.096440181136131287e-02 3.033516556024551392e-02 9.389189071953296661e-03 2.113438211381435394e-02 2.028042264282703400e-02 5.140766873955726624e-02 1.093206107616424561e-01 1.076605468988418579e-01 6.769117317162454128e-04 2.857692167162895203e-02 1.274575013667345047e-02 7.258866447955369949e-03 1.836013235151767731e-02 2.487171813845634460e-02 1.777213811874389648e-02 5.369046702980995178e-04 7.206670939922332764e-03 2.123517217114567757e-03 7.197257131338119507e-02 2.199560217559337616e-02 3.143597394227981567e-03 2.527445368468761444e-02 2.448571845889091492e-02 5.766461789608001709e-02 7.416435051709413528e-03 9.072578698396682739e-02 5.821331404149532318e-03 2.808435447514057159e-02 3.399512544274330139e-02 4.971150308847427368e-02 4.513004422187805176e-02 2.663152106106281281e-02 4.083940759301185608e-02 5.460140481591224670e-02 3.658308833837509155e-02 1.556419767439365387e-02 2.638117782771587372e-02 2.998830750584602356e-02 8.300405927002429962e-03 7.379736751317977905e-02 2.718511037528514862e-02 1.367905270308256149e-02 1.032125577330589294e-02 1.898520626127719879e-02 3.524468466639518738e-02 3.916071727871894836e-02 4.615766927599906921e-02 7.970494031906127930e-02 9.356089681386947632e-02 3.901383839547634125e-03 4.161552339792251587e-02 8.034306019544601440e-02 8.057752251625061035e-02 5.768961459398269653e-02 1.754056289792060852e-02 1.859456486999988556e-02 4.708187654614448547e-02 9.077928029000759125e-03 3.461939841508865356e-02 3.143123164772987366e-02 2.693459205329418182e-02 2.673699345905333757e-04 4.418968036770820618e-02 1.508615817874670029e-02 1.936872676014900208e-02 1.975197345018386841e-03 2.033030800521373749e-02 1.658633700571954250e-03 3.342904523015022278e-02 1.001299321651458740e-01 4.227799549698829651e-02 6.999542564153671265e-02 4.121832549571990967e-02 2.973101101815700531e-02 6.871248036623001099e-02 2.820646762847900391e-02
5.144528672099113464e-02 1.851715892553329468e-02 1.623406559228897095e-01 5.385192483663558960e-02 2.227841177955269814e-03 3.970175236463546753e-02 4.604537039995193481e-02 1.264435946941375732e-01 1.023230422288179398e-02 5.083933472633361816e-03 5.697312206029891968e-02 1.602990739047527313e-02 6.727213039994239807e-03 2.641527540981769562e-02 1.284988224506378174e-01 4.603216424584388733e-02 1.696251146495342255e-02 2.907876670360565186e-02 2.488490194082260132e-02 8.004376292228698730e-02 2.768071182072162628e-02 5.982947349548339844e-02 2.234950102865695953e-02 7.270162459462881088e-03 6.445132195949554443e-02 7.493546698242425919e-03 2.306896820664405823e-02 2.889065816998481750e-02 2.444847486913204193e-02 1.149468030780553818e-02 2.630203589797019958e-02 3.533821925520896912e-02 3.918708860874176025e-02 3.356567770242691040e-02 2.422891557216644287e-03 9.941498190164566040e-02 2.254066430032253265e-02 4.138767719268798828e-02 4.987316206097602844e-02 1.247986964881420135e-02 2.921991422772407532e-02 7.508078590035438538e-03 1.275638863444328308e-02 1.368543691933155060e-02 3.834355995059013367e-02 3.592334687709808350e-02 5.135383456945419312e-02 4.115810990333557129e-02 4.710399731993675232e-02 6.136178225278854370e-02 3.879773616790771484e-02 1.927938871085643768e-02 4.840286076068878174e-02 2.834040671586990356e-02 3.048252081498503685e-03 4.452799633145332336e-02 2.375139854848384857e-02 5.515907704830169678e-02 8.694465458393096924e-02 9.520849585533142090e-02 1.299579162150621414e-02 4.087887704372406006e-02 5.423828214406967163e-02 1.936325058341026306e-02 6.605490297079086304e-02 7.476516067981719971e-02 5.836369469761848450e-02 1.269864756613969803e-02 5.582760088145732880e-03 4.160637781023979187e-02 5.257854238152503967e-03 5.482849851250648499e-02 4.414597526192665100e-03 1.409572578268125653e-04 9.097591042518615723e-03 1.160792168229818344e-02 1.693402044475078583e-02 6.428290158510208130e-03 3.720147768035531044e-03 5.697064567357301712e-03 1.648456752300262451e-01 5.781201273202896118e-02 4.908537026494741440e-03 3.964830189943313599e-03 5.160145089030265808e-02 1.112306956201791763e-02 1.548821330070495605e-01 1.096971780061721802e-01 1.910621114075183868e-02 2.140617556869983673e-02 1.860299892723560333e-02 3.644943982362747192e-02 4.241595510393381119e-03 2.535141818225383759e-02 2.159834839403629303e-02 9.796182624995708466e-03 1.759114861488342285e-02 2.654334995895624161e-03 4.900047183036804199e-02 5.135875567793846130e-02 4.201599210500717163e-02 8.986311964690685272e-03 1.912025175988674164e-02 6.119460333138704300e-03 6.161693483591079712e-03 3.637543693184852600e-02 1.819918304681777954e-02 5.154216662049293518e-02 1.556320674717426300e-02 4.634311422705650330e-02 6.079573929309844971e-02 6.139704212546348572e-02 2.249969728291034698e-02 4.779857024550437927e-02 2.331194281578063965e-02 3.564216429367661476e-03
2.059940248727798462e-02 1.897748094052076340e-03 2.921409346163272858e-02 3.428190248087048531e-03 7.209981326013803482e-03 1.546590868383646011e-02 1.336676720529794693e-02 1.023230422288179398e-02 1.611054837703704834e-01 5.717545747756958008e-02 2.427405491471290588e-02 5.023350939154624939e-02 2.331168157979846001e-03 4.542491864413022995e-03 2.567537501454353333e-02 5.141536518931388855e-02 3.448307514190673828e-02 3.483570739626884460e-02 5.818189680576324463e-02 3.092351183295249939e-02 4.531778395175933838e-02 1.355730742216110229e-02 5.148448795080184937e-02 3.935199975967407227e-02 1.590830087661743164e-02 2.689106948673725128e-02 1.335095241665840149e-02 6.302591413259506226e-02 2.941245445981621742e-03 3.657923266291618347e-02 3.729130141437053680e-03 3.887326270341873169e-02 3.265351057052612305e-02 1.529999077320098877e-02 6.225537136197090149e-02 2.518257685005664825e-02 2.777303382754325867e-02 2.053768374025821686e-02 1.330162398517131805e-02 5.907387007027864456e-03 1.005765167064964771e-03 6.183357536792755127e-02 1.749145798385143280e-02 8.785260841250419617e-03 4.500958323478698730e-02 2.558048069477081299e-02 1.389912236481904984e-02 2.385389991104602814e-02 5.617380142211914062e-02 2.891271747648715973e-02 2.848264062777161598e-03 2.749715000391006470e-02 6.483448669314384460e-04 5.323223769664764404e-02 7.621438801288604736e-02 6.075266748666763306e-03 5.716066341847181320e-03 2.746205776929855347e-02 6.296780775301158428e-04 5.868463963270187378e-02 4.167153965681791306e-03 2.095377445220947266e-02 3.960943594574928284e-02 3.387989476323127747e-02 2.312550321221351624e-02 1.020429097115993500e-02 5.452477186918258667e-02 6.543990224599838257e-03 6.262020021677017212e-02 4.958634078502655029e-02 5.470551550388336182e-02 2.411056682467460632e-02 1.800033450126647949e-02 2.073859609663486481e-02 1.162739004939794540e-02 3.256519883871078491e-02 7.385213673114776611e-02 5.184866860508918762e-02 4.220893979072570801e-02 8.772700093686580658e-03 9.687324985861778259e-03 2.406503260135650635e-02 4.583253059536218643e-03 4.724100604653358459e-02 6.762437056750059128e-03 4.759423609357327223e-04 1.735025085508823395e-02 3.164876834489405155e-04 5.269536003470420837e-02 5.574091151356697083e-02 4.236485809087753296e-02 5.979366600513458252e-02 1.462004054337739944e-02 5.238711368292570114e-03 1.327146682888269424e-02 4.188160598278045654e-02 4.952669516205787659e-02 2.221462689340114594e-02 3.760058805346488953e-02 2.831496298313140869e-02 5.165035836398601532e-04 2.008879929780960083e-02 5.307843536138534546e-02 1.538037974387407303e-02 4.498007148504257202e-02 1.647742465138435364e-02 5.870785191655158997e-02 5.326670780777931213e-02 1.442016474902629852e-02 5.065822973847389221e-03 4.655428230762481689e-02 1.083718799054622650e-02 2.391227521002292633e-02 8.139611221849918365e-03 3.410154022276401520e-03 5.300328135490417480e-02
2.844458445906639099e-02 8.934034965932369232e-03 1.270755380392074585e-02 2.693864703178405762e-02 2.522593364119529724e-02 6.256817374378442764e-03 2.813576348125934601e-02 5.083933472633361816e-03 5.717545747756958008e-02 1.821256130933761597e-01 5.428681522607803345e-02 3.054425306618213654e-02 1.349643338471651077e-02 1.713811792433261871e-02 2.198052592575550079e-02 6.222626566886901855e-02 7.957236468791961670e-02 4.039181768894195557e-02 4.749234020709991455e-02 3.143591433763504028e-02 2.239472046494483948e-02 2.298239618539810181e-02 1.722900383174419403e-02 4.095092788338661194e-02 1.022084336727857590e-02 1.645869389176368713e-02 4.534044861793518066e-02 5.772100016474723816e-02 3.558129817247390747e-02 2.849194779992103577e-02 1.128636114299297333e-02 4.206688329577445984e-02 1.775916293263435364e-02 3.229939565062522888e-02 1.630404777824878693e-02 5.076279863715171814e-02 4.100160300731658936e-02 3.369108075276017189e-03 1.638337224721908569e-02 2.606563828885555267e-02 3.282096982002258301e-02 1.257637795060873032e-02 5.008247122168540955e-02 2.201408334076404572e-02 1.621119678020477295e-02 2.081151679158210754e-02 2.051389217376708984e-02 2.072775363922119141e-02 1.967436447739601135e-02 1.031258925795555115e-01 1.234623324126005173e-02 1.952722668647766113e-02 1.788689009845256805e-02 8.807566016912460327e-03 2.918087318539619446e-02 1.038443818688392639e-01 3.007981181144714355e-02 2.590600028634071350e-02 3.231591731309890747e-02 2.975993789732456207e-02 2.586480416357517242e-02 5.757152661681175232e-02 3.851441293954849243e-02 2.196685597300529480e-02 2.315308339893817902e-02 1.688162609934806824e-02 1.756006851792335510e-02 2.597429975867271423e-02 8.826665580272674561e-02 9.876860305666923523e-03 1.184946224093437195e-01 4.080383107066154480e-02 2.501548826694488525e-02 4.213995113968849182e-02 3.269748017191886902e-02 2.755629643797874451e-02 6.420240551233291626e-02 1.157691776752471924e-01 3.337572142481803894e-02 8.826939761638641357e-02 1.570395007729530334e-02 2.372845634818077087e-02 1.394193153828382492e-02 2.425341866910457611e-02 4.476654157042503357e-02 9.287665784358978271e-02 9.600101970136165619e-03 1.523460913449525833e-02 3.567042574286460876e-02 8.253088593482971191e-02 8.433198928833007812e-02 2.998302318155765533e-02 5.122293531894683838e-02 5.351644475013017654e-03 2.386575378477573395e-02 2.488720603287220001e-02 4.450325295329093933e-02 4.179902747273445129e-02 2.367114461958408356e-02 2.408198080956935883e-02 6.028690189123153687e-02 1.987561210989952087e-02 3.417519107460975647e-02 4.841612651944160461e-02 7.064837962388992310e-03 6.349243223667144775e-02 3.742454946041107178e-02 9.764160960912704468e-02 2.047631144523620605e-02 5.736165121197700500e-02 1.504030171781778336e-02 2.906792052090167999e-02 4.151709750294685364e-02 5.200269073247909546e-02 7.364529371261596680e-02 4.900661110877990723e-02
1.192816272377967834e-01 1.157752946019172668e-01 2.807966433465480804e-03 3.429103270173072815e-02 2.138945739716291428e-03 1.327296942472457886e-01 1.258349865674972534e-01 5.697312206029891968e-02 2.427405491471290588e-02 5.428681522607803345e-02 1.693198084831237793e-01 2.453643828630447388e-02 1.659075319766998291e-01 4.845654964447021484e-02 3.584237396717071533e-02 3.338522976264357567e-03 2.057184837758541107e-02 1.315238536335527897e-03 5.680496804416179657e-03 8.386072702705860138e-03 6.751134991645812988e-02 1.305851852521300316e-03 3.655150532722473145e-02 5.354887247085571289e-02 3.738366812467575073e-02 6.276862323284149170e-02 1.332663232460618019e-03 1.989540830254554749e-02 6.597288697957992554e-02 4.246402159333229065e-02 1.031752326525747776e-03 5.401366390287876129e-03 7.678612321615219116e-02 2.117590233683586121e-02 2.569138072431087494e-02 5.705448798835277557e-03 6.517013162374496460e-02 1.724431663751602173e-02 4.231180250644683838e-02 6.147496402263641357e-02 2.426887489855289459e-02 6.226829718798398972e-04 7.493649143725633621e-03 3.489408642053604126e-02 4.507541234488599002e-05 5.203706026077270508e-02 8.021566271781921387e-02 6.517754495143890381e-02 6.061955820769071579e-03 9.956353460438549519e-05 1.976731978356838226e-02 2.564992755651473999e-02 1.490570139139890671e-02 8.741275221109390259e-02 5.540300905704498291e-02 5.155347287654876709e-03 6.401588022708892822e-02 7.355202734470367432e-02 6.066133826971054077e-02 5.953395366668701172e-02 1.981490850448608398e-02 3.522157296538352966e-02 3.756706044077873230e-02 1.199336647987365723e-01 6.739209592342376709e-02 1.026892736554145813e-01 2.452406659722328186e-02 3.577009588479995728e-02 6.937934551388025284e-03 6.817470490932464600e-02 6.388237234205007553e-03 6.211135163903236389e-02 1.413586083799600601e-02 4.802702367305755615e-02 1.601096242666244507e-02 4.462058469653129578e-02 4.828199744224548340e-03 1.411183178424835205e-02 2.313314005732536316e-02 3.501751227304339409e-03 5.198333412408828735e-02 4.098802804946899414e-03 1.111748814582824707e-02 4.396298434585332870e-03 2.682649344205856323e-02 2.932435832917690277e-02 2.388460561633110046e-03 3.500429913401603699e-02 3.406519442796707153e-02 2.338394895195960999e-02 2.843669615685939789e-03 5.686896294355392456e-02 5.076432973146438599e-02 8.093522489070892334e-02 4.180532321333885193e-02 1.959212124347686768e-02 1.340700872242450714e-02 4.808169603347778320e-02 2.406224980950355530e-02 1.283683255314826965e-02 3.111542388796806335e-02 5.855758860707283020e-02 5.869466811418533325e-02 2.240073867142200470e-02 3.312547504901885986e-02 1.460578013211488724e-02 3.717410936951637268e-02 4.550139605998992920e-02 6.746590882539749146e-02 6.542843580245971680e-02 2.602854743599891663e-02 5.792115256190299988e-02 4.642637446522712708e-02 1.667755097150802612e-02 7.120850682258605957e-02 1.050710491836071014e-02
5.507905036211013794e-02 3.015341237187385559e-02 7.251630723476409912e-02 9.677988477051258087e-03 1.422199048101902008e-02 1.159260347485542297e-01 5.088845267891883850e-02 1.602990739047527313e-02 5.023350939154624939e-02 3.054425306618213654e-02 2.453643828630447388e-02 1.475654393434524536e-01 4.469402506947517395e-02 2.174943834543228149e-01 8.827704004943370819e-03 2.416884899139404297e-02 4.677958041429519653e-02 6.400201469659805298e-02 1.469983253628015518e-02 6.790369749069213867e-03 4.161657020449638367e-02 9.168385528028011322e-03 4.078618064522743225e-02 2.476420253515243530e-02 2.195045351982116699e-02 1.691485173068940639e-03 1.865473948419094086e-02 1.850737631320953369e-01 1.569030433893203735e-02 1.999870240688323975e-01 5.485621094703674316e-02 1.174658350646495819e-02 3.821043297648429871e-02 2.854276634752750397e-02 1.241131871938705444e-02 1.250297576189041138e-02 5.281087011098861694e-03 1.398869697004556656e-02 1.928213052451610565e-02 5.318033322691917419e-02 5.208812654018402100e-02 1.515742391347885132e-03 5.156151205301284790e-02 3.866046294569969177e-02 6.259659677743911743e-02 5.865835770964622498e-02 3.659236058592796326e-02 1.306048128753900528e-02 1.379885338246822357e-02 4.372529312968254089e-02 3.432525554671883583e-03 4.991387948393821716e-02 8.024662733078002930e-03 2.601540181785821915e-03 5.270959064364433289e-02 1.208230201154947281e-02 6.819054484367370605e-02 4.499803110957145691e-02 1.578837633132934570e-02 8.134159143082797527e-04 3.279313817620277405e-02 2.156747691333293915e-02 1.260636001825332642e-02 1.166411302983760834e-02 3.874804452061653137e-02 5.374474823474884033e-02 4.384772479534149170e-02 3.751432523131370544e-02 1.721556112170219421e-02 4.420971497893333435e-02 6.893924437463283539e-03 1.822165027260780334e-02 1.426519826054573059e-02 6.580449640750885010e-02 2.820836193859577179e-02 1.292470260523259640e-03 1.482386607676744461e-02 2.276346273720264435e-02 8.235264569520950317e-02 3.736281394958496094e-02 2.369625493884086609e-02 1.959585025906562805e-02 4.731693863868713379e-02 9.478751569986343384e-03 4.954180680215358734e-03 5.702001228928565979e-02 1.826345338486135006e-03 5.041786003857851028e-03 1.318176686763763428e-01 1.527006626129150391e-01 3.760208934545516968e-02 2.877595648169517517e-02 2.517419867217540741e-02 2.487999014556407928e-02 1.626672782003879547e-02 4.241062700748443604e-02 1.606357283890247345e-02 1.314724422991275787e-02 2.290836162865161896e-02 1.183166541159152985e-02 1.437146309763193130e-02 6.358922459185123444e-03 1.453041192144155502e-02 3.702234849333763123e-02 2.471999498084187508e-03 2.952083759009838104e-02 3.024985082447528839e-02 4.268673807382583618e-02 6.402926519513130188e-03 1.002215687185525894e-02 6.725893472321331501e-04 7.931033149361610413e-03 3.621190041303634644e-02 4.361196234822273254e-02 2.173858229070901871e-03 5.097420141100883484e-02
1.233677342534065247e-01 1.534503102302551270e-01 1.974801719188690186e-02 2.698411233723163605e-02 2.066201157867908478e-02 1.319929361343383789e-01 1.522546410560607910e-01 6.727213039994239807e-03 2.331168157979846001e-03 1.349643338471651077e-02 1.659075319766998291e-01 4.469402506947517395e-02 1.952835023403167725e-01 7.406128197908401489e-02 4.737858474254608154e-02 1.248589623719453812e-02 5.730768293142318726e-02 6.112243607640266418e-02 1.894745230674743652e-02 6.749865598976612091e-03 1.385665312409400940e-02 1.207256689667701721e-02 1.788865216076374054e-02 2.249955944716930389e-02 5.891804117709398270e-03 2.302361885085701942e-03 3.016323223710060120e-02 5.318089202046394348e-02 3.268209844827651978e-02 6.291036307811737061e-02 1.523806303739547729e-01 8.816531859338283539e-03 1.055859401822090149e-01 2.840827032923698425e-02 7.858442142605781555e-03 3.758227452635765076e-02 4.915849491953849792e-02 4.146795719861984253e-02 1.539128553122282028e-02 3.088125959038734436e-02 1.816334202885627747e-02 3.739186329767107964e-03 2.611559070646762848e-02 1.212625671178102493e-02 1.260901149362325668e-02 6.748096644878387451e-02 3.816385939717292786e-02 9.251356869935989380e-02 4.598581790924072266e-02 2.741705439984798431e-02 2.043631160631775856e-03 4.290838539600372314e-02 4.379819706082344055e-02 4.154054913669824600e-03 4.433459043502807617e-02 2.311240183189511299e-03 5.243314057588577271e-02 3.009250015020370483e-02 2.867164555937051773e-03 2.963928878307342529e-02 1.830737665295600891e-02 1.631642808206379414e-03 6.497414410114288330e-02 6.208508089184761047e-02 2.505034580826759338e-02 1.457215696573257446e-01 2.755768038332462311e-02 2.210303209722042084e-03 2.965778298676013947e-02 3.732553496956825256e-02 3.694525361061096191e-02 2.258662134408950806e-02 4.331109300255775452e-02 5.227187275886535645e-02 4.988129809498786926e-02 8.448710665106773376e-03 1.731984317302703857e-02 1.478011906147003174e-02 3.597564250230789185e-02 2.062919549643993378e-02 3.358566435053944588e-03 4.651865363121032715e-02 2.400939539074897766e-02 4.019700735807418823e-02 2.786301448941230774e-02 6.392134726047515869e-02 1.318316068500280380e-02 5.940503999590873718e-02 8.578291535377502441e-02 6.899268366396427155e-03 4.433461651206016541e-02 3.017822094261646271e-02 7.940232753753662109e-02 4.358224943280220032e-02 2.960900543257594109e-03 4.807899147272109985e-02 7.005228102207183838e-02 1.557465549558401108e-02 1.913544908165931702e-02 1.111184805631637573e-02 1.704251952469348907e-02 1.460581086575984955e-02 4.171313717961311340e-02 1.745722629129886627e-02 2.069664560258388519e-02 3.485464677214622498e-02 7.518696133047342300e-03 2.542835893109440804e-03 2.361658401787281036e-02 2.803138643503189087e-02 7.975482940673828125e-02 4.448505491018295288e-02 4.469144623726606369e-03 1.876489073038101196e-02 2.733781188726425171e-02 4.354621842503547668e-02
