2.133862525224685669e-01 2.057798504829406738e-01 4.701604694128036499e-02 2.451990731060504913e-02 3.034016489982604980e-02 1.739151179790496826e-01 1.062130406498908997e-01 1.606240496039390564e-02 2.548985742032527924e-02 3.758348524570465088e-02 1.817886233329772949e-01 1.382950576953589916e-03 1.266777366399765015e-01 4.681724309921264648e-02 1.435801386833190918e-02 2.941933274269104004e-02 4.823801666498184204e-02 4.706236533820629120e-03 4.529716819524765015e-02 1.131586031988263130e-03 4.770032688975334167e-02 3.262516483664512634e-02 2.093374915421009064e-02 4.122671671211719513e-03 1.132914796471595764e-02 5.058835819363594055e-02 4.101251065731048584e-02 2.200774289667606354e-02 6.654528528451919556e-02 4.132218658924102783e-02 7.849414646625518799e-02 1.295353844761848450e-02 4.830903187394142151e-02 1.259674504399299622e-02 4.265695810317993164e-02 4.949781112372875214e-03 1.931650936603546143e-02 8.604995161294937134e-02 4.461564123630523682e-02 9.094864130020141602e-02 1.209901645779609680e-02 2.653294429183006287e-02 9.334347210824489594e-03 5.836870521306991577e-02 2.635180018842220306e-02 1.000029849819839001e-03 4.595874622464179993e-02 2.409277856349945068e-02 3.463348001241683960e-02 2.072384953498840332e-02 3.274635598063468933e-02 2.856056019663810730e-02 3.965130075812339783e-03 3.462748229503631592e-02 4.499581083655357361e-02 3.139162063598632812e-02 1.706372201442718506e-02 4.199903560220263898e-05 6.238689180463552475e-03 2.777245640754699707e-02 3.484881296753883362e-02 4.513062071055173874e-03 5.132253468036651611e-02 1.135512255132198334e-03 3.381087153684347868e-04 2.124229073524475098e-02 2.367863990366458893e-02 2.150776423513889313e-02 4.352052137255668640e-02 6.966673769056797028e-03 1.824763044714927673e-02 1.193970721215009689e-02 5.449918285012245178e-02 2.874548733234405518e-02 3.953606262803077698e-02 4.072659090161323547e-02 6.034044921398162842e-02 4.196399450302124023e-02 8.575120940804481506e-03 2.040109224617481232e-02 1.060659904032945633e-02 1.194083318114280701e-02 3.528543934226036072e-02 1.111915335059165955e-02 2.524780482053756714e-02 9.325458668172359467e-03 1.305790059268474579e-02 6.875846534967422485e-03 5.320261791348457336e-02 3.334470093250274658e-02 8.921074680984020233e-03 4.149292036890983582e-02 7.701025158166885376e-02 3.415268659591674805e-02 1.380103174597024918e-02 3.634167835116386414e-02 4.292643070220947266e-02 1.954407058656215668e-02 1.199073623865842819e-02 1.849298248998820782e-03 2.804307639598846436e-02 3.909068182110786438e-03 1.211513415910303593e-03 2.263340167701244354e-02 3.905783221125602722e-02 5.693946033716201782e-02 1.687257923185825348e-02 2.689640782773494720e-02 5.830659531056880951e-03 3.529631718993186951e-02 1.118041202425956726e-02 7.708761096000671387e-02 5.478051491081714630e-03 1.278688479214906693e-02 6.813400983810424805e-02 4.531829059123992920e-02
2.057798504829406738e-01 2.074433416128158569e-01 2.731394767761230469e-02 4.758990928530693054e-02 2.250186353921890259e-02 1.806356459856033325e-01 1.302338689565658569e-01 2.584019908681511879e-03 1.394305750727653503e-02 3.971668705344200134e-02 1.494534611701965332e-01 2.471834234893321991e-02 1.817091256380081177e-01 3.847715631127357483e-02 1.131791621446609497e-02 5.158460512757301331e-02 1.724533358355984092e-04 5.711080040782690048e-03 3.693269565701484680e-02 2.528543025255203247e-02 5.712523590773344040e-03 2.607560716569423676e-02 9.463569149374961853e-03 9.866165928542613983e-03 1.713991723954677582e-02 5.734768696129322052e-03 2.505668438971042633e-02 1.148283854126930237e-02 8.045115321874618530e-02 1.677037030458450317e-02 4.980551078915596008e-02 1.462613698095083237e-02 2.967381291091442108e-02 1.211028266698122025e-02 2.018878422677516937e-02 1.435701735317707062e-02 1.310319453477859497e-02 5.661500245332717896e-02 1.797132939100265503e-02 6.156103685498237610e-02 3.121372126042842865e-02 2.901711734011769295e-03 2.459350414574146271e-02 2.256025560200214386e-02 1.412920071743428707e-03 4.272135719656944275e-02 4.431815072894096375e-02 8.949249982833862305e-03 1.312931254506111145e-02 6.133814342319965363e-03 5.680036917328834534e-02 3.791446983814239502e-02 5.290966946631669998e-03 1.619555056095123291e-02 5.942393839359283447e-02 2.125699073076248169e-02 6.702404469251632690e-02 6.231988221406936646e-02 4.589859396219253540e-02 3.262675181031227112e-02 3.257186710834503174e-02 5.685064941644668579e-02 2.691390924155712128e-02 7.985202968120574951e-02 1.141053251922130585e-02 1.349162310361862183e-03 2.657822333276271820e-04 1.685567316599190235e-03 3.259970108047127724e-04 5.957849789410829544e-03 2.383669465780258179e-02 3.574275597929954529e-02 4.320541024208068848e-02 1.004047133028507233e-02 5.436847731471061707e-02 2.789348736405372620e-02 1.965699531137943268e-02 2.449446357786655426e-02 7.911593653261661530e-03 9.494554251432418823e-03 6.638200487941503525e-03 1.684604957699775696e-02 4.344328306615352631e-03 1.071454584598541260e-02 2.544128336012363434e-02 2.061270922422409058e-02 1.860861550085246563e-03 3.771125152707099915e-02 5.415282770991325378e-02 1.096490398049354553e-02 4.067600704729557037e-03 4.080987721681594849e-02 1.299215573817491531e-02 7.816079072654247284e-03 1.423156913369894028e-02 5.198551807552576065e-04 1.277017779648303986e-02 1.423509605228900909e-02 5.994925741106271744e-03 2.994895912706851959e-02 1.634684205055236816e-02 6.620625499635934830e-03 5.107707902789115906e-02 3.517615422606468201e-02 6.548505742102861404e-03 1.048761792480945587e-02 6.818872690200805664e-02 1.851575449109077454e-02 3.552490472793579102e-02 4.356656968593597412e-02 2.792790532112121582e-02 3.907443210482597351e-02 5.438538268208503723e-03 2.205143310129642487e-02 7.412114739418029785e-02 4.299440234899520874e-02
4.701604694128036499e-02 2.731394767761230469e-02 6.701064109802246094e-02 4.031995777040719986e-03 3.847651183605194092e-02 1.826035673730075359e-03 9.854230098426342010e-03 1.148539483547210693e-01 3.103489615023136139e-02 2.076185075566172600e-03 4.974476993083953857e-02 2.048923261463642120e-02 6.250659935176372528e-03 3.207940608263015747e-02 2.993667125701904297e-02 1.918358542025089264e-02 3.300712630152702332e-02 6.017169728875160217e-02 2.503299340605735779e-02 7.929706946015357971e-03 7.635442540049552917e-03 6.001823768019676208e-02 3.913930058479309082e-02 4.271976277232170105e-02 6.861260160803794861e-03 1.464150659739971161e-02 7.106243073940277100e-02 4.752704873681068420e-03 1.509298104792833328e-02 4.851757548749446869e-04 4.306892305612564087e-02 8.244026452302932739e-03 1.392257213592529297e-02 1.238698884844779968e-02 4.987465962767601013e-02 5.612181127071380615e-02 1.284115854650735855e-02 4.959509242326021194e-03 4.303309600800275803e-03 1.209862716495990753e-02 1.022767573595046997e-01 4.235259816050529480e-02 2.899754047393798828e-02 1.289232540875673294e-02 1.777885854244232178e-02 1.393909286707639694e-02 1.316295843571424484e-02 2.298414707183837891e-02 1.815647259354591370e-02 2.077709510922431946e-02 7.764109410345554352e-03 5.099034868180751801e-03 2.317683584988117218e-02 2.173043414950370789e-02 5.890418589115142822e-02 5.532620102167129517e-02 4.714979603886604309e-02 6.853546947240829468e-02 6.858834996819496155e-03 4.540391266345977783e-02 2.644438855350017548e-02 4.253394901752471924e-02 1.632596738636493683e-02 3.120752051472663879e-02 1.147421170026063919e-02 2.525386586785316467e-02 2.755355089902877808e-02 3.849226608872413635e-02 3.197112679481506348e-02 2.781844325363636017e-02 4.273013398051261902e-02 1.845968514680862427e-02 3.116860985755920410e-02 6.718531996011734009e-02 2.687629312276840210e-02 1.422680728137493134e-02 1.707610860466957092e-02 9.330214001238346100e-03 7.396765518933534622e-03 7.465212792158126831e-02 3.516494482755661011e-02 3.372546285390853882e-02 9.098853915929794312e-03 5.405319482088088989e-02 1.927744830027222633e-03 5.401405319571495056e-02 3.926971927285194397e-02 1.404405292123556137e-02 3.372242301702499390e-02 3.863458707928657532e-02 8.417768403887748718e-03 1.158258132636547089e-02 3.864203393459320068e-02 2.168050780892372131e-02 6.318772584199905396e-02 2.730183675885200500e-02 6.262086331844329834e-03 2.533423528075218201e-02 1.238745823502540588e-02 1.800714991986751556e-02 1.317368168383836746e-02 1.049168687313795090e-02 6.292124092578887939e-02 5.508400127291679382e-02 3.440081700682640076e-02 4.808260872960090637e-02 3.523195162415504456e-02 3.882919671013951302e-03 3.752873092889785767e-02 5.539883673191070557e-02 1.414568629115819931e-02 1.474450062960386276e-02 1.248405408114194870e-02 1.054274570196866989e-02 3.103461815044283867e-03 1.395753026008605957e-02
2.451990731060504913e-02 4.758990928530693054e-02 4.031995777040719986e-03 2.211280316114425659e-01 1.983288675546646118e-01 1.131332945078611374e-02 1.375580858439207077e-02 8.661676198244094849e-03 2.447767741978168488e-02 7.092141080647706985e-03 6.875077262520790100e-03 2.639559330418705940e-03 1.241645030677318573e-02 1.685291994363069534e-03 4.169235005974769592e-03 1.320264302194118500e-02 2.424368076026439667e-02 7.995250076055526733e-02 4.503698274493217468e-02 2.394667454063892365e-02 4.180950671434402466e-02 2.329508401453495026e-02 2.602681517601013184e-02 6.240831315517425537e-02 5.346729885786771774e-03 1.206583995372056961e-02 7.036943454295396805e-03 6.737589836120605469e-02 2.871762029826641083e-02 6.210454180836677551e-02 6.897020619362592697e-03 1.909417845308780670e-02 4.339104145765304565e-02 6.146763451397418976e-03 1.547620631754398346e-02 2.610887959599494934e-02 6.432294379919767380e-03 4.147774353623390198e-02 6.472355453297495842e-04 7.776490878313779831e-03 2.587721310555934906e-02 2.601314708590507507e-02 2.290832437574863434e-02 4.543266817927360535e-02 2.512865513563156128e-02 1.751410774886608124e-02 4.402695689350366592e-03 3.127113450318574905e-03 5.153130367398262024e-02 6.354490295052528381e-03 2.967345528304576874e-02 5.083503946661949158e-02 3.676344081759452820e-02 1.387374103069305420e-02 1.566486991941928864e-02 3.772745281457901001e-02 7.696665078401565552e-02 4.068227112293243408e-02 3.438837453722953796e-02 3.506882581859827042e-03 2.577741444110870361e-02 5.456130206584930420e-02 2.491642534732818604e-02 3.122849576175212860e-02 5.906756035983562469e-03 8.075911551713943481e-03 5.332760047167539597e-03 2.580524655058979988e-03 1.266383379697799683e-02 2.411874011158943176e-02 2.507875300943851471e-02 1.701678708195686340e-02 1.625753045082092285e-01 4.053632728755474091e-03 1.661989539861679077e-01 5.216061323881149292e-02 3.632471710443496704e-02 6.214123219251632690e-02 1.259428542107343674e-02 5.271613970398902893e-02 5.186180397868156433e-02 1.739923469722270966e-02 1.147313416004180908e-01 5.987683683633804321e-02 1.861298643052577972e-02 9.691282175481319427e-03 5.830914154648780823e-02 3.169615939259529114e-02 1.014673337340354919e-01 4.499235004186630249e-02 1.924815587699413300e-02 1.467930339276790619e-02 1.967383734881877899e-02 1.540442556142807007e-02 1.439483091235160828e-02 7.454688195139169693e-03 5.359337851405143738e-02 2.634023316204547882e-02 2.298003248870372772e-02 1.137909945100545883e-02 9.421192226000130177e-05 2.286818623542785645e-02 1.001479569822549820e-02 2.562280744314193726e-03 5.229870975017547607e-02 3.682828322052955627e-02 5.434418097138404846e-02 3.674155101180076599e-02 2.145292982459068298e-02 1.777842082083225250e-02 1.009168755263090134e-02 4.610328376293182373e-02 8.756128372624516487e-04 6.765847094357013702e-03 4.475135356187820435e-02 4.576807469129562378e-02
3.034016489982604980e-02 2.250186353921890259e-02 3.847651183605194092e-02 1.983288675546646118e-01 2.005800306797027588e-01 3.008490614593029022e-02 1.517139002680778503e-02 9.517604112625122070e-02 3.817538917064666748e-02 4.877404123544692993e-02 1.385526359081268311e-02 2.847165334969758987e-03 6.652794778347015381e-03 2.484511770308017731e-02 3.247795999050140381e-02 2.585936896502971649e-02 6.157979741692543030e-02 1.392724364995956421e-01 6.390836834907531738e-02 2.759821247309446335e-03 1.316717825829982758e-03 2.158968709409236908e-02 2.113911509513854980e-02 2.149169333279132843e-02 1.844838447868824005e-02 1.943253725767135620e-02 2.409127727150917053e-02 6.809303164482116699e-02 2.252823114395141602e-02 3.301772102713584900e-02 5.710624158382415771e-02 1.628223434090614319e-02 5.674833804368972778e-02 3.380655497312545776e-02 1.521576102823019028e-02 1.195291802287101746e-02 2.136913873255252838e-02 1.574667752720415592e-03 4.497191309928894043e-02 2.876235544681549072e-02 2.137394994497299194e-02 1.933562941849231720e-02 1.019254885613918304e-02 3.391633927822113037e-02 9.778598323464393616e-03 1.233786251395940781e-02 4.209719132632017136e-03 1.055483613163232803e-02 4.253684356808662415e-02 1.647807075642049313e-04 5.368585884571075439e-02 3.697730973362922668e-02 1.730410568416118622e-02 1.142868399620056152e-02 7.459252956323325634e-04 1.046233810484409332e-02 2.775617875158786774e-02 5.925397272221744061e-04 3.626013174653053284e-02 1.455422956496477127e-02 1.937739551067352295e-02 1.352805737406015396e-02 5.482504516839981079e-02 3.144115209579467773e-02 3.899442730471491814e-03 8.651876822113990784e-03 1.892525888979434967e-02 5.831861868500709534e-03 1.038411632180213928e-02 7.024997845292091370e-03 2.219079807400703430e-02 6.172179244458675385e-03 1.122238412499427795e-01 2.435755683109164238e-03 1.457938551902770996e-01 5.099735036492347717e-02 3.105666115880012512e-02 5.163189023733139038e-02 4.510739445686340332e-02 4.068833589553833008e-02 3.740096837282180786e-02 2.768514864146709442e-02 1.150501519441604614e-01 1.162784546613693237e-01 3.445192053914070129e-02 7.976792985573410988e-04 5.702598392963409424e-02 1.268911454826593399e-02 3.084679134190082550e-02 6.658751517534255981e-04 1.609817612916231155e-03 5.894768051803112030e-03 2.131258836016058922e-03 1.221829559653997421e-02 4.419752862304449081e-03 1.950890012085437775e-02 3.252285718917846680e-02 5.345083773136138916e-02 4.585469141602516174e-03 5.309451371431350708e-03 1.087477197870612144e-03 1.354833040386438370e-02 2.666624449193477631e-02 3.890213370323181152e-02 3.163497149944305420e-02 1.112671475857496262e-02 1.427808776497840881e-02 1.648890669457614422e-03 2.543102018535137177e-02 1.563653722405433655e-02 3.410259634256362915e-02 1.650282368063926697e-02 1.676648273132741451e-03 1.029966026544570923e-02 2.785172127187252045e-02 9.895846992731094360e-02
1.739151179790496826e-01 1.806356459856033325e-01 1.826035673730075359e-03 1.131332945078611374e-02 3.008490614593029022e-02 2.184352278709411621e-01 1.415975391864776611e-01 1.965799741446971893e-02 7.788669783622026443e-03 3.204657882452011108e-02 1.295258849859237671e-01 5.228164419531822205e-02 1.355432569980621338e-01 5.018166080117225647e-02 9.786783484742045403e-04 2.042503841221332550e-02 1.182167138904333115e-02 2.464010380208492279e-02 2.063782699406147003e-02 4.014659300446510315e-02 2.597734704613685608e-02 1.969699747860431671e-02 4.333684337325394154e-04 9.185327216982841492e-03 5.328363180160522461e-02 2.424291707575321198e-02 2.421469800174236298e-02 2.240574955940246582e-01 9.534593671560287476e-02 1.491181403398513794e-01 6.857834290713071823e-03 8.558345586061477661e-02 3.318513929843902588e-02 4.878991842269897461e-02 5.542178824543952942e-02 3.099191188812255859e-02 3.291260451078414917e-02 4.894229769706726074e-02 2.556188730522990227e-03 6.247960031032562256e-02 6.059006229043006897e-02 5.335256922990083694e-03 9.467126801609992981e-03 1.816021358536090702e-05 3.092069178819656372e-03 1.673956960439682007e-02 6.855514645576477051e-02 2.366593480110168457e-02 2.024125866591930389e-02 7.399556785821914673e-02 3.168196231126785278e-02 6.649153679609298706e-02 1.326798088848590851e-02 4.930546507239341736e-03 2.067677490413188934e-02 8.107265084981918335e-02 3.671099990606307983e-02 3.998481109738349915e-02 4.744581878185272217e-02 3.008941747248172760e-02 3.323407843708992004e-02 3.526632115244865417e-02 4.813605453819036484e-03 2.387680113315582275e-02 3.305449150502681732e-03 1.990496180951595306e-02 3.774708509445190430e-02 2.345948480069637299e-02 2.455552108585834503e-02 1.042570732533931732e-02 5.420897901058197021e-02 6.302191410213708878e-03 2.945319563150405884e-02 3.178110346198081970e-02 2.311093173921108246e-02 1.668556779623031616e-02 5.105235800147056580e-02 3.065329045057296753e-02 3.476738184690475464e-02 2.358712814748287201e-02 2.041913103312253952e-03 2.206155657768249512e-02 3.169826418161392212e-02 4.434293659869581461e-04 4.064007196575403214e-03 2.224966697394847870e-02 5.213852506130933762e-03 6.215402856469154358e-02 3.950621560215950012e-02 3.640571609139442444e-02 2.404390275478363037e-02 6.062179803848266602e-02 2.774254977703094482e-02 2.604618296027183533e-02 5.087799206376075745e-02 3.030792810022830963e-02 4.351101443171501160e-02 3.396676853299140930e-02 2.412157831713557243e-03 4.883602634072303772e-02 3.280321508646011353e-02 2.190518751740455627e-02 5.480965599417686462e-02 3.860469907522201538e-03 5.456048995256423950e-02 8.110603317618370056e-03 1.380001846700906754e-02 2.093863114714622498e-02 1.524270791560411453e-02 1.708114705979824066e-02 3.110328689217567444e-02 4.443534463644027710e-02 4.110040888190269470e-02 3.131262958049774170e-02 4.983480554074048996e-03 7.971201837062835693e-02
1.062130406498908997e-01 1.302338689565658569e-01 9.854230098426342010e-03 1.375580858439207077e-02 1.517139002680778503e-02 1.415975391864776611e-01 2.533755600452423096e-01 4.157341644167900085e-02 1.795718818902969360e-02 2.447173185646533966e-02 1.129175201058387756e-01 1.880147866904735565e-02 9.188097715377807617e-02 2.279605902731418610e-02 3.266541461925953627e-04 9.647882543504238129e-03 1.255908980965614319e-02 2.116080000996589661e-02 1.967587694525718689e-02 8.540511131286621094e-03 2.445087023079395294e-02 2.893400960601866245e-04 2.434677071869373322e-02 6.256407592445611954e-03 7.144640665501356125e-03 1.922636851668357849e-02 6.833164487034082413e-03 3.866011276841163635e-02 9.990769438445568085e-03 2.733802795410156250e-02 4.237213172018527985e-03 3.426439687609672546e-02 1.864615269005298615e-02 5.107747390866279602e-03 2.798409387469291687e-02 2.334566786885261536e-02 1.533685438334941864e-02 1.891485042870044708e-02 1.101619563996791840e-02 1.341998344287276268e-03 2.364894375205039978e-02 2.817075140774250031e-02 8.644738234579563141e-03 3.222753852605819702e-02 3.364717960357666016e-02 5.591406021267175674e-03 5.282313376665115356e-02 6.265839934349060059e-02 1.196945458650588989e-02 3.300350531935691833e-02 3.389334678649902344e-02 3.324983175843954086e-03 1.188272889703512192e-02 9.136192966252565384e-05 3.701579943299293518e-02 6.719007343053817749e-02 1.712543144822120667e-02 2.101003378629684448e-02 8.194303140044212341e-03 9.897990152239799500e-03 4.115032032132148743e-02 2.885255403816699982e-02 3.449111478403210640e-03 1.735531538724899292e-02 4.381144791841506958e-02 2.444623224437236786e-02 1.779981143772602081e-02 1.103319041430950165e-02 2.865140140056610107e-02 3.854558616876602173e-02 2.489742264151573181e-02 2.412889152765274048e-03 3.097404958680272102e-03 3.197584301233291626e-02 1.292471215128898621e-02 2.966511063277721405e-02 1.515328418463468552e-02 3.523234650492668152e-02 2.330791018903255463e-02 3.736031055450439453e-02 6.414963281713426113e-04 1.805703341960906982e-02 1.690864376723766327e-02 1.094123581424355507e-03 1.855450333096086979e-03 1.143609770224429667e-04 1.190779078751802444e-02 1.234178058803081512e-02 2.744998782873153687e-02 7.114609330892562866e-02 1.577981002628803253e-02 4.221364855766296387e-02 2.445833943784236908e-02 1.927239447832107544e-02 4.258832894265651703e-03 3.655969630926847458e-03 4.952081292867660522e-02 3.475923556834459305e-03 8.377166464924812317e-03 2.683184295892715454e-02 8.760789409279823303e-03 8.864065632224082947e-03 2.625952102243900299e-02 3.615045547485351562e-02 3.906706348061561584e-02 3.207077831029891968e-02 2.888613566756248474e-02 2.483684511389583349e-04 2.387714944779872894e-02 3.267959691584110260e-04 1.115902513265609741e-02 1.659698598086833954e-02 8.993174880743026733e-03 1.342732430202886462e-04 2.492598816752433777e-02 5.399105325341224670e-02
1.606240496039390564e-02 2.584019908681511879e-03 1.148539483547210693e-01 8.661676198244094849e-03 9.517604112625122070e-02 1.965799741446971893e-02 4.157341644167900085e-02 1.086146757006645203e-01 4.693260416388511658e-02 3.948853537440299988e-02 3.335396200418472290e-02 2.301362156867980957e-02 3.598665073513984680e-02 2.073598839342594147e-02 1.439184546470642090e-01 9.574335068464279175e-03 4.625695943832397461e-02 2.006143331527709961e-02 3.441209346055984497e-02 3.644398599863052368e-02 2.535247802734375000e-02 2.082640491425991058e-02 3.630387037992477417e-02 4.349333047866821289e-02 1.417025923728942871e-02 6.547935190610587597e-04 6.172099616378545761e-03 1.728512533009052277e-02 7.701019290834665298e-03 2.142472378909587860e-02 6.996663659811019897e-02 8.676995057612657547e-04 2.413281472399830818e-03 1.820336841046810150e-02 2.984828315675258636e-02 2.083619870245456696e-02 3.954729437828063965e-02 9.680562466382980347e-02 2.034898614510893822e-03 1.584286056458950043e-02 3.553265333175659180e-02 5.736441537737846375e-02 5.527137964963912964e-02 2.136402018368244171e-02 8.780392818152904510e-03 8.169431239366531372e-03 2.977739460766315460e-02 2.273812703788280487e-02 1.526039000600576401e-02 2.408493310213088989e-02 7.001247256994247437e-02 3.480886295437812805e-02 3.964365273714065552e-02 4.766263440251350403e-02 3.420345112681388855e-02 2.783406339585781097e-02 3.512880951166152954e-02 3.442734479904174805e-03 3.655575215816497803e-02 2.296800259500741959e-03 3.935424610972404480e-02 2.466513402760028839e-02 6.266679847612977028e-04 2.748185070231556892e-03 1.872769929468631744e-02 8.987365290522575378e-04 3.354441747069358826e-02 6.136187585070729256e-04 2.371174842119216919e-02 1.733044348657131195e-02 4.063554108142852783e-02 2.372696809470653534e-02 4.200026020407676697e-02 5.236942321062088013e-03 5.103746894747018814e-03 6.490991264581680298e-02 1.894957385957241058e-02 2.113737724721431732e-02 2.410116977989673615e-02 6.280007958412170410e-02 1.019143015146255493e-01 8.937996625900268555e-02 1.849858323112130165e-03 1.271297223865985870e-02 2.338926121592521667e-02 3.815051540732383728e-02 8.169663697481155396e-02 6.416492164134979248e-02 9.369489550590515137e-02 3.829725831747055054e-02 8.325001224875450134e-03 9.883679449558258057e-03 6.968754529953002930e-02 1.649975217878818512e-02 5.417006462812423706e-02 3.831434249877929688e-02 3.812035545706748962e-02 6.113144382834434509e-02 3.234812244772911072e-02 2.152051590383052826e-02 3.846573410555720329e-03 4.750684369355440140e-03 3.595714588300324976e-05 2.091182162985205650e-03 5.433365236967802048e-03 8.222535252571105957e-03 5.793321132659912109e-02 2.914587222039699554e-02 8.123616687953472137e-03 2.536869235336780548e-02 8.522241376340389252e-03 4.792334511876106262e-02 3.871280467137694359e-03 1.685906015336513519e-02 1.127505861222743988e-02 6.269451230764389038e-02
2.548985742032527924e-02 1.394305750727653503e-02 3.103489615023136139e-02 2.447767741978168488e-02 3.817538917064666748e-02 7.788669783622026443e-03 1.795718818902969360e-02 4.693260416388511658e-02 2.060658037662506104e-01 2.529069408774375916e-02 1.003358047455549240e-02 6.182647123932838440e-02 1.396906841546297073e-02 2.051240392029285431e-02 3.840393200516700745e-02 4.778172820806503296e-02 1.818970404565334320e-02 9.591348469257354736e-02 7.373020797967910767e-02 3.004821389913558960e-02 7.898106239736080170e-03 4.070629179477691650e-02 2.466401644051074982e-02 2.459517307579517365e-02 4.570380225777626038e-02 4.352058842778205872e-02 1.024926081299781799e-03 9.576962888240814209e-02 3.038552030920982361e-02 8.608617633581161499e-02 1.871991157531738281e-02 1.464092917740345001e-02 8.676041848957538605e-03 2.759966440498828888e-02 1.417403761297464371e-02 3.763214871287345886e-02 8.017275249585509300e-04 1.173303462564945221e-02 4.943320062011480331e-03 7.109203189611434937e-02 1.658877916634082794e-02 3.368706628680229187e-02 1.270416285842657089e-02 1.608966663479804993e-02 6.256198137998580933e-02 5.830321460962295532e-02 2.931757643818855286e-02 2.515752054750919342e-02 2.117472700774669647e-02 3.080730140209197998e-02 2.578744851052761078e-02 2.227951027452945709e-02 1.923627220094203949e-02 3.630636259913444519e-02 1.426540464162826538e-01 2.358254976570606232e-02 6.359040737152099609e-02 1.399834174662828445e-02 1.891104876995086670e-02 1.600993424654006958e-02 1.144329458475112915e-01 5.199011880904436111e-03 1.832419633865356445e-02 6.796752568334341049e-03 3.901940945070236921e-04 1.374513190239667892e-02 3.722963109612464905e-02 1.442017126828432083e-02 1.194770187139511108e-01 1.446269731968641281e-02 4.747421294450759888e-02 3.684586286544799805e-02 7.835852913558483124e-03 2.033755742013454437e-02 1.024556998163461685e-02 1.077120453119277954e-01 1.521436572074890137e-01 5.379157513380050659e-02 1.067636162042617798e-01 8.926794677972793579e-02 3.226513741537928581e-03 2.756227739155292511e-02 4.124244675040245056e-02 4.843416437506675720e-02 3.464850038290023804e-02 2.272946015000343323e-02 1.336832251399755478e-02 7.616323884576559067e-03 6.377317756414413452e-02 7.120227813720703125e-02 8.939103223383426666e-03 7.832225412130355835e-03 3.827803768217563629e-03 1.810602098703384399e-02 6.547723710536956787e-02 6.238517910242080688e-02 1.792310550808906555e-02 5.713784694671630859e-02 3.023058548569679260e-02 2.651069313287734985e-02 2.843762375414371490e-02 4.252684302628040314e-03 5.772010423243045807e-03 3.082962939515709877e-03 1.318979356437921524e-02 8.094605058431625366e-03 5.163033306598663330e-02 5.302968621253967285e-02 7.600622717291116714e-03 6.140301469713449478e-03 2.352814190089702606e-03 4.615174978971481323e-02 3.092505782842636108e-02 2.908212691545486450e-02 1.088721305131912231e-02 4.364778473973274231e-02
3.758348524570465088e-02 3.971668705344200134e-02 2.076185075566172600e-03 7.092141080647706985e-03 4.877404123544692993e-02 3.204657882452011108e-02 2.447173185646533966e-02 3.948853537440299988e-02 2.529069408774375916e-02 1.891588568687438965e-01 6.945899128913879395e-02 1.363536063581705093e-02 5.405708216130733490e-03 8.046629279851913452e-02 2.053659036755561829e-02 4.359627515077590942e-02 1.393443942070007324e-01 1.176862884312868118e-02 1.200182959437370300e-01 2.801878191530704498e-02 5.584816262125968933e-02 5.598886869847774506e-03 4.659117758274078369e-02 1.545469611883163452e-01 2.220428921282291412e-02 5.144958570599555969e-02 4.112271964550018311e-02 1.058376207947731018e-02 3.554150089621543884e-02 2.111990191042423248e-02 2.838816493749618530e-03 2.369022183120250702e-02 8.648589719086885452e-04 3.146282630041241646e-03 5.031328275799751282e-02 2.850932814180850983e-02 4.336056113243103027e-02 4.248512163758277893e-02 2.702209353446960449e-02 4.858918022364377975e-03 1.181202661246061325e-02 1.702966913580894470e-02 2.244055084884166718e-02 3.635203838348388672e-02 8.727114181965589523e-04 6.077206507325172424e-02 3.063312359154224396e-02 1.463947817683219910e-02 2.683640690520405769e-03 3.699981793761253357e-02 2.281986363232135773e-02 5.534539371728897095e-02 4.073140025138854980e-02 2.757733454927802086e-03 4.596866294741630554e-02 8.970832079648971558e-02 6.097173318266868591e-02 7.809235155582427979e-02 1.382588781416416168e-02 1.000640820711851120e-02 1.557342708110809326e-02 6.388826761394739151e-03 2.886448055505752563e-02 1.298859436064958572e-02 3.024298697710037231e-03 2.165976166725158691e-02 2.448012866079807281e-02 5.579678341746330261e-02 8.967758715152740479e-02 4.284458234906196594e-03 5.257830768823623657e-02 3.744216635823249817e-02 1.003060489892959595e-01 2.559191174805164337e-02 3.210965916514396667e-02 7.572693284600973129e-03 4.997183382511138916e-02 1.814790219068527222e-01 8.288846909999847412e-02 2.359358370304107666e-01 1.928823441267013550e-02 7.449060678482055664e-03 3.570430213585495949e-03 1.052837595343589783e-01 8.458565920591354370e-03 2.520482055842876434e-02 1.423717197030782700e-02 1.144305570051074028e-03 2.191436104476451874e-02 1.062184348702430725e-01 2.654451318085193634e-02 1.882299035787582397e-02 2.185012586414813995e-02 1.977031119167804718e-02 1.750399824231863022e-03 1.096124667674303055e-02 5.613927170634269714e-02 1.030566636472940445e-02 4.347255453467369080e-02 4.830285906791687012e-02 4.344056546688079834e-02 2.671282552182674408e-02 8.357977494597434998e-03 7.123720366507768631e-03 2.352908998727798462e-02 3.463591635227203369e-02 1.902871578931808472e-02 6.456970423460006714e-02 4.738944023847579956e-02 1.557065919041633606e-02 4.085858538746833801e-02 1.311120577156543732e-02 3.762818640097975731e-03 4.692085832357406616e-02 3.823105990886688232e-02 1.088136807084083557e-03
1.817886233329772949e-01 1.494534611701965332e-01 4.974476993083953857e-02 6.875077262520790100e-03 1.385526359081268311e-02 1.295258849859237671e-01 1.129175201058387756e-01 3.335396200418472290e-02 1.003358047455549240e-02 6.945899128913879395e-02 2.281621843576431274e-01 2.494475618004798889e-02 1.203173324465751648e-01 5.452223494648933411e-02 6.321181356906890869e-02 1.747925393283367157e-02 4.108973592519760132e-02 2.567411027848720551e-02 3.792419657111167908e-02 1.213327515870332718e-03 4.479848220944404602e-02 6.170063279569149017e-03 5.693587940186262131e-03 2.839409746229648590e-03 2.191581064835190773e-03 5.855392664670944214e-02 8.180712349712848663e-03 1.075785141438245773e-03 1.451206207275390625e-02 2.299603074789047241e-02 6.192782148718833923e-02 2.969535766169428825e-03 1.358143053948879242e-02 1.411401014775037766e-02 8.697457611560821533e-02 1.472019124776124954e-02 3.326072171330451965e-02 6.000744551420211792e-02 4.422616958618164062e-02 7.827906310558319092e-02 5.918219313025474548e-02 1.971012167632579803e-02 6.819407921284437180e-03 2.072395756840705872e-02 1.240010000765323639e-02 2.065926045179367065e-02 4.697452113032341003e-02 2.018214017152786255e-02 9.989762678742408752e-03 3.536511585116386414e-02 2.842026203870773315e-02 3.954853489995002747e-02 1.466286182403564453e-02 2.871100790798664093e-02 4.004018381237983704e-02 3.478744253516197205e-02 2.947989478707313538e-02 4.152790084481239319e-02 4.012550227344036102e-03 3.572978824377059937e-02 6.235534697771072388e-02 3.852921724319458008e-02 5.580444633960723877e-02 3.736955812200903893e-03 7.477892935276031494e-02 1.013900712132453918e-02 3.291397541761398315e-02 4.078953992575407028e-03 1.517529785633087158e-02 6.354840844869613647e-02 5.736898630857467651e-03 1.341276429593563080e-02 4.276786372065544128e-02 5.887315794825553894e-02 4.603579174727201462e-03 2.615727670490741730e-02 4.769644141197204590e-02 1.687573641538619995e-02 1.006362680345773697e-02 4.734958335757255554e-02 2.283343113958835602e-02 3.321591392159461975e-02 2.701731026172637939e-02 2.998707117512822151e-03 1.418425235897302628e-02 9.714272804558277130e-03 8.018605411052703857e-03 2.405386976897716522e-02 2.764626592397689819e-02 3.964760899543762207e-02 2.998679410666227341e-03 9.175668656826019287e-02 4.442535340785980225e-02 2.933714911341667175e-02 2.308861538767814636e-02 1.042080018669366837e-02 2.898365817964076996e-02 6.267988122999668121e-03 6.261858157813549042e-03 2.140828780829906464e-02 2.033245190978050232e-02 1.397809386253356934e-02 6.476991809904575348e-03 1.576926186680793762e-02 1.139136217534542084e-02 5.704257637262344360e-02 2.024580957368016243e-03 1.394783891737461090e-02 5.150919780135154724e-03 3.958622738718986511e-02 1.923982985317707062e-02 4.955089092254638672e-02 2.720845863223075867e-02 2.517546340823173523e-02 9.632622823119163513e-03 4.582809284329414368e-02
1.382950576953589916e-03 2.471834234893321991e-02 2.048923261463642120e-02 2.639559330418705940e-03 2.847165334969758987e-03 5.228164419531822205e-02 1.880147866904735565e-02 2.301362156867980957e-02 6.182647123932838440e-02 1.363536063581705093e-02 2.494475618004798889e-02 1.360626220703125000e-01 9.180781431496143341e-03 1.589449346065521240e-01 8.723296225070953369e-02 4.043117165565490723e-02 3.367938846349716187e-02 1.797894015908241272e-02 1.634132117033004761e-02 8.485540747642517090e-03 5.001664161682128906e-03 2.322323061525821686e-02 7.417331635951995850e-02 3.168518096208572388e-02 3.027710877358913422e-02 3.390856459736824036e-02 3.954324126243591309e-02 1.798751503229141235e-01 4.781393334269523621e-03 7.337351143360137939e-02 1.017387397587299347e-02 3.703414648771286011e-02 4.308183491230010986e-02 1.336032804101705551e-02 5.961765069514513016e-03 2.215599268674850464e-02 2.972747012972831726e-02 3.059752658009529114e-02 8.616160601377487183e-02 5.928236059844493866e-04 5.515019968152046204e-02 2.006383612751960754e-03 5.332396365702152252e-03 1.995867304503917694e-02 3.192306682467460632e-02 8.834795095026493073e-03 1.366265956312417984e-02 1.106041483581066132e-03 9.576154872775077820e-03 3.775968775153160095e-02 6.596551090478897095e-02 7.346555590629577637e-02 9.817455895245075226e-03 1.271303277462720871e-02 4.160047695040702820e-02 5.572729930281639099e-02 1.258950214833021164e-03 3.090629354119300842e-02 2.300475910305976868e-02 8.802969940006732941e-03 6.801021844148635864e-02 3.068306110799312592e-02 2.399219758808612823e-02 2.508275210857391357e-02 2.110228314995765686e-02 3.866845043376088142e-03 6.829597521573305130e-03 1.095047872513532639e-02 5.037856474518775940e-02 4.324600473046302795e-02 6.713109090924263000e-03 1.874537765979766846e-02 8.550414815545082092e-03 5.536364187719300389e-05 1.853494904935359955e-02 3.392488509416580200e-02 6.660242378711700439e-02 1.418953854590654373e-02 1.129545737057924271e-02 2.190699614584445953e-02 4.285891354084014893e-02 2.151111699640750885e-02 1.008333172649145126e-03 3.330657258629798889e-02 3.600123152136802673e-02 3.825031162705272436e-04 3.009986691176891327e-02 2.512380108237266541e-02 8.061994612216949463e-02 4.679241776466369629e-02 6.049337238073348999e-02 5.761480890214443207e-03 5.670041218400001526e-02 1.764387823641300201e-03 7.948186993598937988e-02 9.162082336843013763e-03 8.023951947689056396e-02 2.383269928395748138e-02 3.230940178036689758e-02 2.274382673203945160e-02 4.035139456391334534e-02 2.819092385470867157e-02 5.568402260541915894e-02 5.108355544507503510e-03 7.694480009377002716e-03 8.138927817344665527e-02 4.812912642955780029e-02 3.042427590116858482e-03 1.987546496093273163e-02 1.442642998881638050e-03 1.731628179550170898e-02 2.622803114354610443e-02 1.612819731235504150e-02 1.156803313642740250e-02 9.910707361996173859e-03 4.127328842878341675e-02
1.266777366399765015e-01 1.817091256380081177e-01 6.250659935176372528e-03 1.241645030677318573e-02 6.652794778347015381e-03 1.355432569980621338e-01 9.188097715377807617e-02 3.598665073513984680e-02 1.396906841546297073e-02 5.405708216130733490e-03 1.203173324465751648e-01 9.180781431496143341e-03 2.271319031715393066e-01 1.241591572761535645e-02 1.291718892753124237e-02 9.228163398802280426e-03 9.129556827247142792e-03 1.981320045888423920e-02 2.663035504519939423e-02 3.691194579005241394e-02 2.045767568051815033e-02 8.300318568944931030e-02 1.411382295191287994e-02 1.793953776359558105e-02 1.567642204463481903e-02 1.396653056144714355e-02 8.142156153917312622e-02 2.306284010410308838e-02 6.686952710151672363e-02 3.050139173865318298e-02 6.282085180282592773e-02 1.685239374637603760e-02 1.607287116348743439e-02 8.027818985283374786e-03 2.271901071071624756e-02 1.654307171702384949e-02 4.377610981464385986e-03 3.393519297242164612e-02 1.405978202819824219e-02 3.048994764685630798e-02 7.299411296844482422e-02 2.696433663368225098e-02 4.852955043315887451e-02 7.640622090548276901e-03 1.378916855901479721e-02 8.509472943842411041e-03 4.231822863221168518e-02 3.161723492667078972e-03 1.245988183654844761e-03 4.638497158885002136e-02 4.561525769531726837e-03 5.498224403709173203e-03 1.952194981276988983e-02 3.090826235711574554e-02 2.038087509572505951e-02 2.605431154370307922e-02 2.111968956887722015e-02 4.942297935485839844e-03 4.230374470353126526e-02 4.069549686391837895e-05 7.836111821234226227e-03 2.186489477753639221e-02 5.991114769130945206e-03 1.617008447647094727e-02 5.195691250264644623e-03 4.278883710503578186e-02 4.389447346329689026e-02 3.202416375279426575e-02 2.312146313488483429e-02 1.590422354638576508e-02 2.711168862879276276e-02 2.794595248997211456e-02 1.394845079630613327e-02 2.052980847656726837e-02 2.451877668499946594e-02 2.569722011685371399e-02 2.826077677309513092e-02 5.275529110804200172e-04 3.408999182283878326e-03 3.401574119925498962e-02 1.523290644399821758e-03 8.980868384242057800e-03 7.515772711485624313e-03 5.943974945694208145e-03 9.209119714796543121e-03 1.411002129316329956e-02 3.757717832922935486e-02 5.419173836708068848e-02 3.754178062081336975e-02 6.049817800521850586e-02 1.346026081591844559e-02 5.972173437476158142e-02 3.276727721095085144e-02 5.178492516279220581e-02 3.392789885401725769e-02 1.023653429001569748e-02 1.812126860022544861e-02 7.209645118564367294e-03 5.984342657029628754e-03 2.337500266730785370e-02 1.318058092147111893e-02 5.441240500658750534e-05 1.946028321981430054e-02 1.541623938828706741e-02 3.461330197751522064e-04 1.022744830697774887e-02 9.174752980470657349e-03 3.270709514617919922e-02 2.476405724883079529e-02 1.592133007943630219e-02 3.048391314223408699e-03 5.311701446771621704e-02 3.089147061109542847e-02 4.337430372834205627e-02 3.494321368634700775e-03 2.574705285951495171e-03
