5.913752689957618713e-02 1.380127817392349243e-01 7.857728749513626099e-02 3.490956127643585205e-02 3.221545740962028503e-02 9.683901816606521606e-02 7.744179666042327881e-02 3.694159677252173424e-03 2.461488544940948486e-02 1.360136200673878193e-03 1.202354431152343750e-01 2.142836526036262512e-02 7.129754871129989624e-02 6.088735535740852356e-03 2.105686813592910767e-02 3.063626401126384735e-02 1.425702590495347977e-03 1.876148954033851624e-02 4.923045635223388672e-03 1.261653960682451725e-03 2.215765602886676788e-02 1.314936205744743347e-02 4.421175457537174225e-03 3.845743462443351746e-02 1.018385142087936401e-01 5.207626521587371826e-02 6.472229212522506714e-02 4.099565744400024414e-02 2.110277069732546806e-03 8.511593565344810486e-03 3.625322598963975906e-03 3.684811294078826904e-02 5.868076113983988762e-04 3.565361723303794861e-02 2.973527414724230766e-03 3.291502222418785095e-02 1.976737519726157188e-03 2.914733439683914185e-02 2.402468584477901459e-02 9.151694830507040024e-04 1.375039666891098022e-02 2.079902589321136475e-02 8.989253081381320953e-03 2.323933877050876617e-02 7.437412161380052567e-03 2.889317274093627930e-02 6.284613907337188721e-02 5.231631919741630554e-02 9.948997758328914642e-03 2.316004224121570587e-02 1.065909024327993393e-02 1.373073551803827286e-02 2.271195687353610992e-02 3.589264303445816040e-02 5.355543456971645355e-03 1.954733766615390778e-02 1.061454322189092636e-02 3.237060084939002991e-02 2.574749989435076714e-03 5.833751056343317032e-04 3.389818593859672546e-02 6.313984841108322144e-02 1.698254793882369995e-02 3.219794109463691711e-02 6.434913724660873413e-02 3.013111278414726257e-02 1.886203326284885406e-02 1.203013956546783447e-02 1.587046682834625244e-02 3.406152874231338501e-02 5.653395876288414001e-02 4.258508235216140747e-02 7.361330557614564896e-03 2.349486574530601501e-02 2.722755633294582367e-02 1.646754215471446514e-03 2.458833344280719757e-02 1.379386894404888153e-02 1.828968711197376251e-02 1.742325723171234131e-02 1.763986609876155853e-02 3.098057210445404053e-02 5.428885668516159058e-02 4.261081665754318237e-02 2.812639577314257622e-03 2.651960588991641998e-03 8.178710006177425385e-03 3.264151164330542088e-04 1.089812070131301880e-02 1.345285959541797638e-02 5.419218912720680237e-03 4.768361896276473999e-02 8.393115364015102386e-03 2.281303331255912781e-02 3.272347152233123779e-02 3.677355870604515076e-02 5.278486758470535278e-02 1.872101239860057831e-02 3.532548202201724052e-03 1.540412288159132004e-02 5.473041092045605183e-04 2.412327006459236145e-02 4.935650900006294250e-02 1.773020438849925995e-02 1.359990611672401428e-02 1.090168114751577377e-02 4.305653274059295654e-02 2.715242654085159302e-02 1.947424747049808502e-02 1.237615384161472321e-02 1.866809837520122528e-02 7.173762656748294830e-03 5.082616582512855530e-03 1.680639013648033142e-02 7.881508208811283112e-03 5.979329347610473633e-03
1.380127817392349243e-01 4.929370060563087463e-02 7.626680284738540649e-02 1.826021261513233185e-02 1.235619373619556427e-02 4.472172632813453674e-02 3.999020904302597046e-02 1.061616558581590652e-02 1.169074885547161102e-02 1.207086257636547089e-02 1.005351766943931580e-01 5.131681915372610092e-03 9.810631722211837769e-02 9.980585426092147827e-03 8.353056386113166809e-03 5.003475584089756012e-03 2.558172866702079773e-02 1.717770658433437347e-02 1.021173782646656036e-02 9.243120439350605011e-03 2.477541193366050720e-02 3.007563389837741852e-02 1.488706446252763271e-03 2.982998825609683990e-02 2.945861779153347015e-02 4.942282568663358688e-03 2.262170426547527313e-03 1.017293147742748260e-02 1.196028012782335281e-02 4.841237515211105347e-02 2.596605569124221802e-02 1.021519955247640610e-02 5.300490884110331535e-04 1.839607255533337593e-03 1.355907879769802094e-02 4.900477454066276550e-02 1.274757180362939835e-02 2.538015507161617279e-02 3.296551480889320374e-02 3.677449747920036316e-02 1.408064621500670910e-03 2.060583792626857758e-02 1.171083841472864151e-02 6.275842897593975067e-03 3.095430147368460894e-04 1.720811123959720135e-03 4.036621749401092529e-02 3.539595007896423340e-02 2.701620198786258698e-02 5.608626082539558411e-02 6.543012801557779312e-03 3.352313488721847534e-02 1.122030615806579590e-02 4.494162648916244507e-02 2.618959918618202209e-02 3.690360113978385925e-02 1.710579730570316315e-02 1.600064523518085480e-02 1.173164509236812592e-02 7.278048433363437653e-03 1.820885762572288513e-02 4.540115222334861755e-02 9.533345000818371773e-04 2.719946578145027161e-02 5.971776321530342102e-02 2.996378950774669647e-02 1.078516524285078049e-02 1.066506188362836838e-02 1.571037690155208111e-03 3.531843051314353943e-02 1.787055842578411102e-02 6.850493699312210083e-02 1.215194538235664368e-02 2.522136084735393524e-02 5.250694695860147476e-03 3.359864279627799988e-02 1.854151859879493713e-02 6.016002735123038292e-04 3.703084215521812439e-02 2.856781147420406342e-02 2.489440143108367920e-02 5.124991014599800110e-02 1.973375305533409119e-02 4.470352828502655029e-02 5.261286348104476929e-02 1.862111873924732208e-02 8.574705570936203003e-03 1.834018155932426453e-02 3.647691756486892700e-02 2.367787808179855347e-02 3.126577287912368774e-02 4.476542398333549500e-02 4.318520426750183105e-02 2.128983661532402039e-02 5.065030977129936218e-02 4.280839487910270691e-02 9.674581699073314667e-03 5.951135884970426559e-03 5.624307319521903992e-03 2.089236630126833916e-03 1.975585334002971649e-02 1.276190392673015594e-02 1.636476442217826843e-02 5.111108839628286660e-05 1.205243356525897980e-02 2.368812635540962219e-02 2.245474420487880707e-02 4.517586529254913330e-02 3.947342559695243835e-02 1.549543719738721848e-02 1.036733482033014297e-02 8.245832286775112152e-03 5.926855839788913727e-03 2.148360572755336761e-02 1.369340252131223679e-02 2.498929947614669800e-02
7.857728749513626099e-02 7.626680284738540649e-02 1.358565688133239746e-02 3.254082985222339630e-03 3.103180602192878723e-02 2.620469965040683746e-02 1.210185885429382324e-02 2.357843071222305298e-01 1.644928008317947388e-02 4.049263894557952881e-02 6.495943665504455566e-02 2.738225832581520081e-02 5.401432514190673828e-02 8.539431728422641754e-03 2.639132924377918243e-02 5.424579605460166931e-02 4.029633104801177979e-02 4.850273951888084412e-02 3.333012340590357780e-03 2.092362567782402039e-02 6.344883702695369720e-03 6.113204732537269592e-02 4.040890932083129883e-02 1.004003640264272690e-02 2.911368943750858307e-02 5.344146862626075745e-03 5.780666321516036987e-02 6.641992181539535522e-02 4.489978030323982239e-02 3.100077994167804718e-02 7.134608924388885498e-02 9.261904284358024597e-03 3.775691986083984375e-02 9.993248619139194489e-03 5.772240087389945984e-02 3.470429405570030212e-02 4.771858220919966698e-04 9.658752009272575378e-03 5.753060057759284973e-02 2.702770754694938660e-02 8.861871901899576187e-04 3.604144975543022156e-02 9.566820226609706879e-03 4.028956219553947449e-02 5.710262805223464966e-02 1.819485798478126526e-02 5.172989144921302795e-02 3.406325727701187134e-02 2.181584760546684265e-02 1.356698945164680481e-02 1.418778672814369202e-02 2.082764403894543648e-03 4.677168652415275574e-02 6.873861886560916901e-03 2.206663042306900024e-02 4.661842808127403259e-02 1.081250607967376709e-02 3.795665130019187927e-02 6.410380452871322632e-02 2.497818879783153534e-02 1.514236559160053730e-03 4.024377092719078064e-02 3.114380128681659698e-02 2.259493991732597351e-02 3.557762503623962402e-02 3.328594937920570374e-02 2.672396600246429443e-02 1.901244930922985077e-02 1.675415970385074615e-02 3.835250856354832649e-03 1.936988905072212219e-02 1.073687672615051270e-01 1.478193886578083038e-02 1.538659911602735519e-03 6.796268373727798462e-02 3.129300847649574280e-02 3.578078001737594604e-02 4.867796599864959717e-02 2.527405135333538055e-02 4.466984793543815613e-02 7.646393030881881714e-02 4.027929902076721191e-02 2.813713997602462769e-02 9.492816403508186340e-03 3.459148854017257690e-02 3.985909000039100647e-02 4.613347724080085754e-02 2.261135494336485863e-03 7.249367423355579376e-03 1.936664432287216187e-02 4.348700866103172302e-02 6.537360697984695435e-02 4.424215480685234070e-02 6.685744971036911011e-02 3.266145288944244385e-02 7.553615607321262360e-03 5.890585482120513916e-02 4.312362894415855408e-02 2.564498595893383026e-02 3.158769756555557251e-02 1.142447814345359802e-02 3.529674559831619263e-02 2.699651569128036499e-02 7.474552094936370850e-02 1.069146674126386642e-02 2.279287390410900116e-02 3.865892812609672546e-02 3.809675946831703186e-02 8.062319830060005188e-03 2.327667549252510071e-02 5.718463659286499023e-02 3.414521738886833191e-02 4.308351874351501465e-02 6.357823498547077179e-03 1.146851480007171631e-01 5.163058266043663025e-02
3.490956127643585205e-02 1.826021261513233185e-02 3.254082985222339630e-03 6.137153133749961853e-03 2.907988242805004120e-02 1.713280379772186279e-02 1.120541431009769440e-02 9.895367175340652466e-02 5.990558490157127380e-02 6.285247206687927246e-02 2.569626644253730774e-02 1.035446226596832275e-01 2.524332329630851746e-02 9.559364616870880127e-02 8.780910633504390717e-03 7.434907555580139160e-02 6.419102847576141357e-02 1.009732931852340698e-01 1.254432555288076401e-02 4.818298667669296265e-02 4.911914467811584473e-02 2.202708274126052856e-02 3.261648491024971008e-02 1.935557089745998383e-02 6.740669161081314087e-02 1.044963859021663666e-02 4.680593311786651611e-02 1.471463683992624283e-02 3.220533579587936401e-02 8.192740380764007568e-02 4.011645168066024780e-02 4.992326255887746811e-03 3.105528280138969421e-02 3.752611577510833740e-02 4.834355786442756653e-03 6.693999283015727997e-03 4.513813927769660950e-02 1.496384385973215103e-02 7.940132170915603638e-03 2.521140500903129578e-03 4.369381815195083618e-03 2.690420672297477722e-02 5.824854131788015366e-03 4.501977935433387756e-02 3.663142852019518614e-04 5.750811100006103516e-02 1.762321963906288147e-02 1.837421767413616180e-02 7.805711030960083008e-02 3.559654578566551208e-02 3.006767854094505310e-02 2.879072353243827820e-02 1.766823790967464447e-02 4.146437626332044601e-03 4.527943208813667297e-02 2.043006243184208870e-03 1.277169119566679001e-02 7.375437021255493164e-02 1.403652224689722061e-02 7.025253027677536011e-03 1.082107499241828918e-01 2.451659925282001495e-02 1.127137988805770874e-01 1.487144548445940018e-02 3.857340291142463684e-02 2.068101242184638977e-02 8.472763001918792725e-03 1.399316452443599701e-02 1.182523295283317566e-01 2.143891528248786926e-02 7.298015989363193512e-03 4.631489142775535583e-02 2.568587362766265869e-01 6.185419857501983643e-03 3.245596215128898621e-02 6.033051013946533203e-02 2.238001860678195953e-02 8.165241777896881104e-02 4.816640540957450867e-02 8.985206484794616699e-02 4.356295987963676453e-02 6.595987081527709961e-02 1.036129519343376160e-01 1.209411653690040112e-03 2.758188918232917786e-02 8.482499420642852783e-02 5.950853228569030762e-02 2.307810075581073761e-02 1.182727739214897156e-01 7.675561308860778809e-02 3.965285792946815491e-02 6.829774007201194763e-03 1.137250941246747971e-02 3.272050293162465096e-03 7.859574630856513977e-03 2.261264808475971222e-02 5.028795823454856873e-02 1.125403959304094315e-02 5.486214533448219299e-03 2.114126225933432579e-03 1.416957564651966095e-02 8.975304663181304932e-03 3.489477187395095825e-02 7.579802069813013077e-03 3.015066869556903839e-02 3.965480625629425049e-02 3.401008993387222290e-02 6.523313373327255249e-02 3.924689255654811859e-03 1.410141028463840485e-02 1.152475271373987198e-02 2.692182548344135284e-02 1.742488518357276917e-02 3.310321643948554993e-02 1.308813318610191345e-02 2.723356895148754120e-02
3.221545740962028503e-02 1.235619373619556427e-02 3.103180602192878723e-02 2.907988242805004120e-02 3.874753788113594055e-02 2.201865985989570618e-02 5.904459208250045776e-02 1.082910671830177307e-01 3.489714488387107849e-02 4.713340476155281067e-02 3.908095881342887878e-03 1.224323920905590057e-02 2.492949739098548889e-02 4.002599511295557022e-03 3.924468904733657837e-02 8.517348766326904297e-02 2.788200788199901581e-02 4.327683243900537491e-03 1.448969938792288303e-03 1.156946923583745956e-02 3.572730580344796181e-03 3.008752316236495972e-02 8.829630911350250244e-03 1.667787786573171616e-03 4.105882719159126282e-02 1.883723586797714233e-02 3.902085497975349426e-02 2.525138296186923981e-02 1.208426058292388916e-01 9.247040748596191406e-02 2.393068373203277588e-02 4.275887459516525269e-02 4.659996554255485535e-02 3.967682644724845886e-02 3.322342038154602051e-02 1.769747585058212280e-02 6.252291053533554077e-02 4.516071081161499023e-02 2.220380492508411407e-02 1.205609440803527832e-01 3.305198997259140015e-02 4.394467920064926147e-02 3.288613259792327881e-02 2.308035641908645630e-02 2.601735293865203857e-02 6.135798618197441101e-02 2.166101522743701935e-02 7.596805808134377003e-04 1.684418134391307831e-02 3.974714782088994980e-04 7.874341309070587158e-02 3.958954289555549622e-02 7.029736414551734924e-03 3.674493357539176941e-02 7.165131624788045883e-03 7.764286361634731293e-03 4.348444566130638123e-02 9.946597740054130554e-03 5.394657701253890991e-02 5.263414978981018066e-02 4.024192690849304199e-02 3.878628835082054138e-02 3.282566741108894348e-02 8.469589799642562866e-02 1.156766898930072784e-02 3.821573033928871155e-02 6.089182570576667786e-02 2.868509292602539062e-02 1.887755468487739563e-02 1.013751793652772903e-02 5.415475741028785706e-02 2.202531136572360992e-02 6.266735494136810303e-02 2.393009327352046967e-02 1.836425811052322388e-01 2.474413625895977020e-02 6.406674161553382874e-03 6.713153421878814697e-02 2.042571455240249634e-02 1.433642487972974777e-02 7.979577779769897461e-02 5.522100999951362610e-02 4.158105328679084778e-02 7.714528590440750122e-02 2.182257920503616333e-02 2.417754568159580231e-02 8.396560326218605042e-03 4.001858830451965332e-02 4.820275679230690002e-02 1.169967278838157654e-01 3.592037037014961243e-02 4.009239375591278076e-02 3.738183295354247093e-03 2.130606584250926971e-02 1.554811894893646240e-01 1.099626068025827408e-02 1.252452936023473740e-02 4.956646822392940521e-03 3.970006946474313736e-03 2.270180545747280121e-02 3.613585606217384338e-02 1.224950421601533890e-02 2.968689613044261932e-02 5.899272393435239792e-03 9.770643897354602814e-03 1.267038658261299133e-02 3.799083083868026733e-02 1.392425596714019775e-02 5.243540182709693909e-02 4.513518884778022766e-03 2.517909742891788483e-02 1.544973533600568771e-02 1.806256547570228577e-02 3.742008656263351440e-02 3.320943191647529602e-02 2.306191623210906982e-02
9.683901816606521606e-02 4.472172632813453674e-02 2.620469965040683746e-02 1.713280379772186279e-02 2.201865985989570618e-02 4.026236757636070251e-02 1.097135469317436218e-01 1.128958072513341904e-03 2.809724397957324982e-02 2.087286487221717834e-02 7.908060401678085327e-02 7.945106178522109985e-02 6.115997582674026489e-02 6.391005963087081909e-02 1.772858947515487671e-02 2.064942382276058197e-02 5.985987838357686996e-03 1.841880031861364841e-03 1.010818872600793839e-02 8.248016238212585449e-03 2.591767907142639160e-02 6.168551277369260788e-03 1.073870062828063965e-02 3.385729715228080750e-02 7.113008946180343628e-02 3.682439774274826050e-02 5.757164210081100464e-02 5.824539344757795334e-03 3.555336152203381062e-04 7.368421554565429688e-02 7.254631072282791138e-02 2.623550780117511749e-02 1.309440098702907562e-02 2.694183960556983948e-02 1.183939073234796524e-02 1.865038089454174042e-02 1.391910854727029800e-02 6.710962951183319092e-02 6.034439429640769958e-03 8.063355460762977600e-03 5.674988031387329102e-03 1.867314055562019348e-02 1.180261466652154922e-02 6.595939397811889648e-03 2.245579287409782410e-02 3.639691323041915894e-02 9.723514318466186523e-02 6.983605027198791504e-02 2.207176201045513153e-02 8.642879314720630646e-03 2.669758908450603485e-02 2.234661020338535309e-02 1.003361865878105164e-02 2.737340517342090607e-02 3.593007102608680725e-02 8.001110516488552094e-03 3.562251478433609009e-02 3.309534117579460144e-02 1.696273311972618103e-02 3.036426566541194916e-02 4.780333954840898514e-03 3.530601412057876587e-02 5.863751098513603210e-02 3.266488760709762573e-02 6.609372049570083618e-02 6.081908941268920898e-02 4.541845992207527161e-03 5.941124632954597473e-03 7.915054447948932648e-03 1.457192283123731613e-02 2.843150682747364044e-02 1.989802718162536621e-02 3.809435293078422546e-02 2.529282495379447937e-02 4.670947417616844177e-02 3.482040390372276306e-02 4.593516059685498476e-04 8.973105810582637787e-03 5.696694925427436829e-02 4.603968933224678040e-03 5.459886044263839722e-03 4.912927281111478806e-03 3.116474486887454987e-02 1.846518367528915405e-02 1.069440413266420364e-02 3.786600381135940552e-02 4.161353781819343567e-02 2.570222504436969757e-02 3.771072626113891602e-02 5.402681604027748108e-02 7.647906430065631866e-03 6.596772465854883194e-03 9.247219190001487732e-03 4.383479058742523193e-02 2.923043258488178253e-02 3.363663330674171448e-02 1.037164684385061264e-02 6.007268279790878296e-02 1.997477188706398010e-02 1.837432011961936951e-02 3.837045980617403984e-03 3.222534433007240295e-02 3.591500967741012573e-02 2.360599115490913391e-02 6.263204663991928101e-02 8.195002563297748566e-03 1.238706428557634354e-02 1.722912304103374481e-02 1.123080775141716003e-02 1.401579566299915314e-02 1.274290680885314941e-02 3.123069368302822113e-02 4.739951714873313904e-02 1.692221499979496002e-02 5.136265885084867477e-03 1.795196207240223885e-03
7.744179666042327881e-02 3.999020904302597046e-02 1.210185885429382324e-02 1.120541431009769440e-02 5.904459208250045776e-02 1.097135469317436218e-01 6.289604306221008301e-02 3.196698054671287537e-02 8.312481222674250603e-04 1.511323172599077225e-02 7.095489650964736938e-02 2.621054649353027344e-02 5.636533349752426147e-02 3.469181433320045471e-02 2.245132811367511749e-02 4.007321782410144806e-03 1.009829109534621239e-03 3.741195425391197205e-02 9.223914275935385376e-06 2.594060730189085007e-03 3.459049761295318604e-02 4.393211752176284790e-02 3.259469941258430481e-02 7.732604164630174637e-03 1.011979393661022186e-02 8.010157616809010506e-04 8.940293639898300171e-02 3.851965814828872681e-02 2.202556841075420380e-02 4.783652722835540771e-02 3.697711601853370667e-02 3.161887871101498604e-03 1.457717828452587128e-02 2.188311703503131866e-02 1.635335758328437805e-02 2.825374715030193329e-02 3.633617982268333435e-02 3.630810976028442383e-02 4.119877517223358154e-02 3.287025727331638336e-03 2.167554944753646851e-02 1.725284382700920105e-02 6.357509642839431763e-03 2.667845983523875475e-04 9.600933990441262722e-04 5.495464429259300232e-03 7.642347365617752075e-02 7.693517953157424927e-02 1.420038379728794098e-02 1.219005603343248367e-02 4.230079054832458496e-02 2.248351089656352997e-02 8.906154893338680267e-03 3.540877625346183777e-02 3.725990280508995056e-02 2.577393874526023865e-02 4.763630405068397522e-02 3.425976727157831192e-03 4.972828901372849941e-04 1.979389041662216187e-02 2.973037073388695717e-03 3.659645095467567444e-02 1.648110896348953247e-02 6.598312407732009888e-03 4.404013976454734802e-02 2.843471616506576538e-02 5.967459641396999359e-03 3.134630993008613586e-02 1.249112468212842941e-02 1.998344808816909790e-02 2.355276234447956085e-02 1.251079328358173370e-02 2.509669400751590729e-02 2.941971272230148315e-02 3.131327033042907715e-02 2.307800948619842529e-02 3.198378905653953552e-02 2.088340744376182556e-02 4.636599123477935791e-02 3.107163356617093086e-03 1.594019122421741486e-02 1.595526188611984253e-02 3.648436814546585083e-02 1.125187892466783524e-02 2.139140665531158447e-02 2.889381349086761475e-02 2.619922906160354614e-02 1.886876672506332397e-02 4.817957803606987000e-02 2.035788074135780334e-02 5.226683337241411209e-03 1.849698647856712341e-02 2.824898250401020050e-02 2.751766704022884369e-02 3.917601704597473145e-02 2.535780146718025208e-02 1.543889567255973816e-02 5.519766733050346375e-02 2.915155701339244843e-02 1.220351550728082657e-02 8.345934562385082245e-03 7.256781216710805893e-03 1.331072766333818436e-02 3.493152186274528503e-02 9.710172191262245178e-03 2.831639721989631653e-02 2.062532864511013031e-02 2.123516611754894257e-02 1.038428582251071930e-02 9.576915763318538666e-03 5.046538263559341431e-02 4.660271108150482178e-02 9.548606351017951965e-03 3.743882849812507629e-02 2.398008853197097778e-02 6.469248235225677490e-02
3.694159677252173424e-03 1.061616558581590652e-02 2.357843071222305298e-01 9.895367175340652466e-02 1.082910671830177307e-01 1.128958072513341904e-03 3.196698054671287537e-02 2.349964529275894165e-02 1.657630503177642822e-02 3.366386517882347107e-02 1.229857094585895538e-02 5.349295958876609802e-02 2.380430884659290314e-02 5.100140720605850220e-02 1.552872657775878906e-01 7.255631033331155777e-03 3.240464255213737488e-02 4.163181409239768982e-02 5.432913079857826233e-02 3.136383742094039917e-02 2.633101679384708405e-02 1.282391045242547989e-02 2.649578824639320374e-02 1.288692280650138855e-02 4.025679454207420349e-02 1.542136166244745255e-02 4.248094558715820312e-02 7.806524634361267090e-02 2.568423189222812653e-02 7.271753158420324326e-03 2.296950481832027435e-02 2.540897391736507416e-02 8.170078694820404053e-02 1.595350913703441620e-02 9.720446914434432983e-02 2.966422028839588165e-02 4.715924337506294250e-02 1.122922915965318680e-02 1.655572210438549519e-03 4.182067059446126223e-04 2.618996240198612213e-02 1.958056353032588959e-02 2.384739741683006287e-02 8.158672600984573364e-02 5.305388197302818298e-02 4.806054756045341492e-02 1.115047838538885117e-02 8.622014895081520081e-03 1.384765654802322388e-02 3.748599812388420105e-02 2.767952717840671539e-02 1.119786594063043594e-02 6.670336425304412842e-02 3.944480419158935547e-02 4.725580569356679916e-03 1.972913555800914764e-02 4.717725142836570740e-02 7.030441612005233765e-02 4.734652489423751831e-02 2.523226290941238403e-02 2.651345916092395782e-02 4.594843462109565735e-02 3.294932469725608826e-02 3.257721196860074997e-03 2.929483354091644287e-02 4.503050446510314941e-02 4.247065633535385132e-02 4.211619123816490173e-02 1.954883523285388947e-02 3.755373507738113403e-02 4.015455953776836395e-03 3.432129696011543274e-02 9.927706792950630188e-03 7.964242249727249146e-03 1.122830435633659363e-01 5.926949158310890198e-02 4.330164752900600433e-03 3.942053392529487610e-02 6.032229587435722351e-02 6.031117588281631470e-02 2.565095424652099609e-01 6.863797456026077271e-02 5.112838372588157654e-02 2.312621101737022400e-02 2.882118709385395050e-02 3.972967714071273804e-02 1.238966137170791626e-01 1.126156002283096313e-01 7.803016901016235352e-02 4.545892402529716492e-02 1.687990501523017883e-02 5.908341333270072937e-02 7.266908418387174606e-03 3.233734145760536194e-02 7.376370579004287720e-02 3.721703216433525085e-02 1.088150218129158020e-02 4.700679332017898560e-02 5.174322519451379776e-03 4.505791142582893372e-02 1.293718069791793823e-02 1.409762725234031677e-02 3.777008503675460815e-02 6.583204120397567749e-02 1.305198520421981812e-01 2.811740525066852570e-02 4.011326283216476440e-02 3.412682935595512390e-02 3.392535075545310974e-02 5.639440845698118210e-03 1.697630807757377625e-02 3.193838149309158325e-02 1.527306251227855682e-02 9.747734293341636658e-03 4.368917644023895264e-02 3.771277610212564468e-03
2.461488544940948486e-02 1.169074885547161102e-02 1.644928008317947388e-02 5.990558490157127380e-02 3.489714488387107849e-02 2.809724397957324982e-02 8.312481222674250603e-04 1.657630503177642822e-02 3.455292060971260071e-02 8.558779954910278320e-02 2.427761070430278778e-02 6.404839456081390381e-02 4.384890943765640259e-02 8.221988379955291748e-02 4.022428300231695175e-03 1.964447274804115295e-02 5.508087202906608582e-02 1.459160298109054565e-01 4.398299008607864380e-02 3.332190588116645813e-02 4.770520329475402832e-02 4.533837549388408661e-03 2.075013518333435059e-02 2.843141369521617889e-02 4.731459543108940125e-02 2.881357073783874512e-02 2.130091749131679535e-02 6.128476560115814209e-02 4.687201231718063354e-02 4.368674010038375854e-02 5.915388837456703186e-02 4.963739961385726929e-02 1.090905349701642990e-02 2.612373605370521545e-02 1.532005891203880310e-02 7.054721005260944366e-03 3.029854502528905869e-03 8.292251080274581909e-02 1.874893903732299805e-02 3.754523396492004395e-02 2.204390801489353180e-02 3.619991615414619446e-02 1.094904821366071701e-02 3.543229773640632629e-02 1.106206253170967102e-01 4.684864357113838196e-02 3.566160053014755249e-02 4.709257557988166809e-02 7.225263118743896484e-02 1.003416907042264938e-02 2.966121397912502289e-02 5.508718639612197876e-02 4.237003158777952194e-03 4.267305508255958557e-02 7.921361178159713745e-02 4.815958067774772644e-02 5.869900062680244446e-02 1.009961310774087906e-02 1.395491231232881546e-02 8.309970609843730927e-03 3.598075360059738159e-02 2.515546046197414398e-02 4.492383450269699097e-02 4.317496344447135925e-02 2.699320018291473389e-02 3.901226818561553955e-02 3.577556461095809937e-03 5.024178698658943176e-02 4.455363005399703979e-02 4.775035753846168518e-02 7.981728762388229370e-02 7.172778248786926270e-02 4.224350303411483765e-02 4.172610864043235779e-02 4.779921472072601318e-02 3.000734746456146240e-02 1.989156603813171387e-01 4.963572323322296143e-02 7.465279847383499146e-02 6.109859794378280640e-02 8.453465066850185394e-03 5.375531315803527832e-02 2.306235022842884064e-02 1.545837242156267166e-02 4.931876435875892639e-02 4.349800199270248413e-02 8.053844794631004333e-03 4.711837042123079300e-03 3.064443729817867279e-02 4.379932209849357605e-02 3.567568957805633545e-02 1.473943050950765610e-02 4.302961751818656921e-02 2.405320852994918823e-02 1.397453993558883667e-02 4.484271630644798279e-03 1.588075421750545502e-03 9.398851543664932251e-02 5.958853289484977722e-02 1.728964596986770630e-02 1.909610815346240997e-02 4.940861091017723083e-02 2.603633329272270203e-02 5.235549062490463257e-02 4.302136600017547607e-03 3.712529316544532776e-02 9.579877369105815887e-03 4.019564390182495117e-02 2.529609203338623047e-02 3.622748702764511108e-02 5.790759250521659851e-02 5.803920701146125793e-02 8.425815030932426453e-03 3.659887611865997314e-02 3.793807327747344971e-02 4.674014076590538025e-02
1.360136200673878193e-03 1.207086257636547089e-02 4.049263894557952881e-02 6.285247206687927246e-02 4.713340476155281067e-02 2.087286487221717834e-02 1.511323172599077225e-02 3.366386517882347107e-02 8.558779954910278320e-02 5.457505956292152405e-02 2.174481960537377745e-05 5.676564946770668030e-02 4.240721464157104492e-03 3.776910901069641113e-02 6.221367511898279190e-03 8.457294851541519165e-02 6.837736070156097412e-02 1.329512987285852432e-02 7.904430478811264038e-02 9.819951839745044708e-03 1.554275676608085632e-02 4.334591329097747803e-02 2.424219995737075806e-02 1.008682921528816223e-01 2.290216833353042603e-02 6.879432592540979385e-03 1.926776766777038574e-02 5.046534538269042969e-02 5.352099239826202393e-02 9.000292420387268066e-02 1.871715113520622253e-02 3.345240140333771706e-03 8.839355781674385071e-03 2.361902268603444099e-03 2.605187706649303436e-02 7.008230779320001602e-03 6.364869326353073120e-02 2.692118473351001740e-02 2.886445634067058563e-02 1.861121691763401031e-02 3.407372906804084778e-02 3.184780478477478027e-02 2.666220813989639282e-02 4.042563028633594513e-03 5.693169310688972473e-02 1.571561396121978760e-02 1.004684437066316605e-02 9.007954504340887070e-04 4.719206690788269043e-02 5.838729441165924072e-02 1.874203234910964966e-02 3.733552992343902588e-02 5.158194527029991150e-02 3.303428366780281067e-02 5.042530968785285950e-02 1.300944685935974121e-01 3.506407141685485840e-02 4.979544505476951599e-02 1.055258139967918396e-02 1.667706295847892761e-02 5.113947391510009766e-02 2.554588206112384796e-02 1.097363885492086411e-02 3.146174550056457520e-02 2.943149954080581665e-02 7.337868213653564453e-03 1.886447542347013950e-03 1.861581020057201385e-02 4.611510410904884338e-02 1.079475134611129761e-01 8.594308048486709595e-02 1.034326758235692978e-02 1.213495358824729919e-01 9.443566203117370605e-02 5.711788684129714966e-02 2.823263034224510193e-02 6.250286102294921875e-02 1.791591644287109375e-01 1.622506231069564819e-02 1.959930956363677979e-01 1.858998206444084644e-03 1.841511577367782593e-02 5.211709812283515930e-02 9.207731485366821289e-02 2.790852263569831848e-02 6.338544934988021851e-02 3.350207582116127014e-02 2.847473882138729095e-02 6.975275930017232895e-03 5.785065516829490662e-02 2.050050161778926849e-02 1.269248500466346741e-02 1.963959075510501862e-02 3.086712583899497986e-02 7.816649042069911957e-03 6.285823881626129150e-03 9.279276430606842041e-02 4.576129838824272156e-02 5.100403353571891785e-02 4.917933419346809387e-02 1.997316721826791763e-03 3.751192940399050713e-03 1.915370114147663116e-02 2.887326665222644806e-02 1.941406913101673126e-02 1.847132109105587006e-02 1.370257977396249771e-02 5.518319085240364075e-02 2.156008500605821609e-03 4.157743602991104126e-02 5.904360208660364151e-03 3.327149152755737305e-02 1.278100069612264633e-02 1.525409612804651260e-02 7.534340023994445801e-02 5.552598834037780762e-02
1.202354431152343750e-01 1.005351766943931580e-01 6.495943665504455566e-02 2.569626644253730774e-02 3.908095881342887878e-03 7.908060401678085327e-02 7.095489650964736938e-02 1.229857094585895538e-02 2.427761070430278778e-02 2.174481960537377745e-05 6.719011068344116211e-02 3.188167884945869446e-02 6.422927230596542358e-02 6.091105565428733826e-02 4.727019742131233215e-02 1.319744996726512909e-02 3.371715545654296875e-02 1.374304411001503468e-03 1.272949040867388248e-03 2.308468893170356750e-02 2.575629018247127533e-02 4.143704101443290710e-02 2.821247465908527374e-02 8.049341849982738495e-03 6.459210067987442017e-02 5.134276580065488815e-03 8.097933232784271240e-02 4.312289878726005554e-02 2.009986201301217079e-03 6.153343990445137024e-02 1.755942590534687042e-02 7.675311528146266937e-03 2.305864728987216949e-02 3.948872443288564682e-03 6.542539689689874649e-03 2.422752231359481812e-02 1.113461446948349476e-03 7.532013952732086182e-02 2.944501675665378571e-02 1.594210602343082428e-02 1.596329530002549291e-04 1.771908486261963844e-03 8.485619910061359406e-03 1.142179779708385468e-02 3.697325289249420166e-02 4.316141456365585327e-02 5.947791412472724915e-02 5.661920830607414246e-02 1.824648305773735046e-02 2.302312664687633514e-02 1.691029593348503113e-02 2.938120067119598389e-02 9.965255856513977051e-03 7.741032633930444717e-03 1.107878866605460644e-03 3.462283313274383545e-02 1.234065927565097809e-02 2.972032874822616577e-02 4.558971151709556580e-03 2.854297310113906860e-02 4.081047605723142624e-03 6.750860810279846191e-02 5.366144701838493347e-02 3.344425931572914124e-02 7.745493203401565552e-02 2.380874380469322205e-02 2.888618968427181244e-02 3.194031864404678345e-02 2.034518122673034668e-02 3.317842632532119751e-02 6.785138696432113647e-02 5.218946188688278198e-02 1.104249991476535797e-02 5.451183766126632690e-02 2.450753375887870789e-02 4.844011738896369934e-03 2.828812971711158752e-02 5.855579860508441925e-03 2.386331930756568909e-02 2.186929248273372650e-02 1.390966121107339859e-02 5.216510593891143799e-02 4.153811559081077576e-02 1.766705326735973358e-02 1.596003957092761993e-02 3.147367760539054871e-02 3.468539565801620483e-02 1.116485707461833954e-02 3.060524817556142807e-03 1.653960905969142914e-02 7.486425805836915970e-03 5.932313948869705200e-02 2.067454159259796143e-02 3.494623675942420959e-02 3.489518910646438599e-02 1.409042254090309143e-02 5.916899442672729492e-02 1.865899935364723206e-02 1.678979583084583282e-02 1.562079763971269131e-03 3.187025664374232292e-03 5.987967830151319504e-03 6.636258959770202637e-02 1.721956208348274231e-02 2.534198029024992138e-05 2.476461790502071381e-02 4.573235288262367249e-02 9.466884657740592957e-03 3.897012397646903992e-02 3.330932697281241417e-03 1.137334853410720825e-02 3.641609475016593933e-02 1.571178250014781952e-02 2.255280734971165657e-03 4.844031762331724167e-03 3.263461217284202576e-02
2.142836526036262512e-02 5.131681915372610092e-03 2.738225832581520081e-02 1.035446226596832275e-01 1.224323920905590057e-02 7.945106178522109985e-02 2.621054649353027344e-02 5.349295958876609802e-02 6.404839456081390381e-02 5.676564946770668030e-02 3.188167884945869446e-02 6.990618072450160980e-03 7.144032977521419525e-03 2.180876731872558594e-01 8.131530880928039551e-02 7.242206484079360962e-02 4.400328174233436584e-02 4.526005312800407410e-02 1.532158162444829941e-02 8.852153271436691284e-02 3.825243189930915833e-02 5.294616892933845520e-02 5.232505872845649719e-02 1.990143209695816040e-02 3.471327573060989380e-02 7.314112037420272827e-03 3.991913050413131714e-03 2.317675054073333740e-01 6.096452008932828903e-03 1.156910136342048645e-01 3.985640034079551697e-02 3.024442121386528015e-02 2.343241684138774872e-02 2.791639789938926697e-02 2.414929680526256561e-02 1.078123785555362701e-02 4.799561947584152222e-02 2.931580133736133575e-02 1.764056831598281860e-02 4.389796033501625061e-02 9.293595328927040100e-03 2.060597017407417297e-02 2.291500382125377655e-02 4.165065661072731018e-02 2.328909039497375488e-01 1.123080253601074219e-01 1.365264994092285633e-03 1.002076664008200169e-03 2.068552747368812561e-02 3.911124542355537415e-03 2.752965316176414490e-02 3.067616559565067291e-02 3.865902498364448547e-02 2.817961759865283966e-02 3.084739670157432556e-02 2.430685423314571381e-02 5.887444689869880676e-02 9.068392217159271240e-03 8.380474522709846497e-03 5.623770505189895630e-02 7.137632369995117188e-02 5.983079969882965088e-02 4.831969365477561951e-02 7.104000449180603027e-02 5.969754885882139206e-03 1.845476590096950531e-02 1.985698379576206207e-02 1.560147199779748917e-02 9.541756473481655121e-03 1.815018942579627037e-03 7.449056953191757202e-03 6.380693987011909485e-03 5.897204205393791199e-02 8.695746213197708130e-02 7.196613121777772903e-03 4.820095002651214600e-02 1.259405631572008133e-02 4.380495846271514893e-02 9.828814864158630371e-02 8.516901172697544098e-03 2.738473378121852875e-02 4.906126484274864197e-02 7.062398642301559448e-02 3.191985189914703369e-02 2.789490483701229095e-02 7.379274070262908936e-02 2.029510214924812317e-02 5.316897481679916382e-02 3.949399664998054504e-02 5.346697568893432617e-02 3.118753060698509216e-02 4.198307916522026062e-02 2.310766838490962982e-02 6.337602436542510986e-02 1.772397384047508240e-02 1.055568922311067581e-02 4.728820919990539551e-02 5.136058852076530457e-02 6.386310607194900513e-02 1.438227016478776932e-02 1.161601208150386810e-02 6.423410959541797638e-03 3.597481176257133484e-02 5.933342128992080688e-02 1.424339786171913147e-02 2.017876598984003067e-03 3.832277283072471619e-02 1.908620819449424744e-02 2.344372868537902832e-02 5.272257700562477112e-02 3.184109181165695190e-02 3.802663832902908325e-02 2.457306347787380219e-02 1.446304563432931900e-02 8.615033328533172607e-02 4.987424612045288086e-02
7.129754871129989624e-02 9.810631722211837769e-02 5.401432514190673828e-02 2.524332329630851746e-02 2.492949739098548889e-02 6.115997582674026489e-02 5.636533349752426147e-02 2.380430884659290314e-02 4.384890943765640259e-02 4.240721464157104492e-03 6.422927230596542358e-02 7.144032977521419525e-03 6.221380829811096191e-02 2.598593011498451233e-02 2.812183089554309845e-02 1.354746427386999130e-02 2.586282603442668915e-02 6.397185381501913071e-03 3.283479809761047363e-02 2.373157255351543427e-02 1.295652426779270172e-02 2.980600669980049133e-02 4.145279154181480408e-02 9.921482764184474945e-03 4.384656902402639389e-03 1.180308870971202850e-02 2.081923559308052063e-02 4.256724938750267029e-02 5.251256376504898071e-02 4.252772778272628784e-03 8.008798211812973022e-02 1.644537597894668579e-02 1.077914424240589142e-02 9.379897266626358032e-03 1.446955744177103043e-02 2.672079205513000488e-02 1.713579334318637848e-02 4.037569463253021240e-02 4.549254477024078369e-02 1.328001823276281357e-02 8.855286985635757446e-03 1.508501730859279633e-02 8.335299207828938961e-04 2.145247720181941986e-02 4.662659764289855957e-02 5.356681067496538162e-03 5.728336423635482788e-02 3.013208322227001190e-02 3.486086428165435791e-02 9.240288287401199341e-03 1.588916755281388760e-03 2.267318591475486755e-02 1.188808865845203400e-02 2.218174934387207031e-02 3.163047134876251221e-03 9.691948071122169495e-03 4.939011111855506897e-02 1.334627717733383179e-02 5.127077549695968628e-02 8.103195577859878540e-03 2.189578954130411148e-03 4.113915842026472092e-03 8.832062594592571259e-03 7.293256465345621109e-03 4.946460202336311340e-02 5.719935148954391479e-02 1.540608052164316177e-02 1.218102779239416122e-02 2.241896092891693115e-02 2.826063893735408783e-02 3.392381966114044189e-02 2.538035623729228973e-02 7.888872176408767700e-03 3.200259059667587280e-02 1.980571448802947998e-02 5.843034759163856506e-02 1.434881240129470825e-02 7.213340606540441513e-03 2.354721352458000183e-02 2.015578560531139374e-02 2.717042528092861176e-02 1.915262825787067413e-02 7.974639534950256348e-03 3.045042045414447784e-02 1.968302577733993530e-02 1.889432221651077271e-02 1.781930960714817047e-02 3.295749425888061523e-02 4.515734314918518066e-02 2.460678294301033020e-02 4.594617336988449097e-02 3.007886186242103577e-02 4.865717887878417969e-02 3.091874532401561737e-02 1.222875807434320450e-02 4.229592625051736832e-03 2.756114676594734192e-02 1.321506500244140625e-02 1.658757403492927551e-02 6.973802112042903900e-03 7.274661678820848465e-03 1.492322515696287155e-02 2.960489131510257721e-02 4.008847847580909729e-02 3.268796205520629883e-02 2.187742292881011963e-02 1.126500871032476425e-02 3.368137031793594360e-02 3.334299102425575256e-02 7.789022289216518402e-03 4.522000253200531006e-02 2.434389851987361908e-02 1.872224174439907074e-02 4.422064498066902161e-02 4.565029963850975037e-02 4.977967962622642517e-02
