1.658556312322616577e-01 2.017124146223068237e-01 1.902898959815502167e-02 4.164761677384376526e-02 1.964974403381347656e-02 1.424537450075149536e-01 8.748999983072280884e-02 3.115301579236984253e-02 1.143217738717794418e-02 6.082521751523017883e-03 1.411918252706527710e-01 7.539252191781997681e-02 6.691384315490722656e-02 3.602721542119979858e-02 9.118057787418365479e-03 2.063057757914066315e-02 1.508105359971523285e-02 9.206609800457954407e-03 2.509064972400665283e-02 7.187344878911972046e-02 4.818204324692487717e-03 8.941465988755226135e-03 5.563684552907943726e-02 2.820036001503467560e-02 3.729809820652008057e-02 6.524974852800369263e-02 9.421424008905887604e-03 1.883197575807571411e-02 7.050157058984041214e-03 4.096845537424087524e-02 2.046317607164382935e-02 1.597876474261283875e-02 1.593283191323280334e-02 1.522560138255357742e-02 1.730621792376041412e-03 1.691505871713161469e-02 4.375166445970535278e-02 1.853355020284652710e-02 1.819854788482189178e-02 1.424049865454435349e-02 3.672392666339874268e-02 4.740308225154876709e-02 3.481484949588775635e-02 6.822938472032546997e-02 7.021208293735980988e-03 2.430535294115543365e-02 1.396182924509048462e-01 8.685583621263504028e-02 4.620795324444770813e-02 1.038137264549732208e-02 9.570902585983276367e-02 4.693127702921628952e-03 5.781982839107513428e-02 5.153597891330718994e-02 6.111888214945793152e-03 1.193829462863504887e-03 2.156889438629150391e-02 4.807677119970321655e-03 6.134194787591695786e-03 3.318698331713676453e-02 6.883135996758937836e-03 2.152654156088829041e-02 3.774953261017799377e-02 9.868413209915161133e-03 5.160070210695266724e-02 2.075214311480522156e-02 4.703199956566095352e-03 3.472214564681053162e-03 3.356520086526870728e-03 3.012896142899990082e-02 4.905386269092559814e-02 6.376522779464721680e-02 1.578583754599094391e-02 3.683570399880409241e-02 1.855500857345759869e-03 1.744036562740802765e-02 9.887990541756153107e-03 1.597827649675309658e-03 4.054730385541915894e-02 2.614276483654975891e-02 2.542874542996287346e-03 4.755298723466694355e-04 2.252503484487533569e-02 3.797784820199012756e-02 5.822179466485977173e-02 2.211066149175167084e-02 3.093353286385536194e-02 4.159617796540260315e-02 5.164906848222017288e-03 5.555605143308639526e-02 1.273951530456542969e-01 5.249818786978721619e-03 8.186569064855575562e-02 8.516701869666576385e-03 5.309760197997093201e-02 1.706127822399139404e-02 5.552518740296363831e-02 3.085281234234571457e-03 4.653959721326828003e-02 3.563801944255828857e-02 6.211447529494762421e-03 1.942147873342037201e-02 1.107340026646852493e-02 3.231780976057052612e-02 7.630999386310577393e-02 6.819308735430240631e-03 3.295837342739105225e-02 3.523124754428863525e-02 9.011995047330856323e-03 3.903067484498023987e-02 2.859416604042053223e-02 1.050666719675064087e-01 2.377317845821380615e-02 4.161399230360984802e-02 1.834316365420818329e-02 3.099779598414897919e-02
2.017124146223068237e-01 1.908230036497116089e-01 1.781935058534145355e-02 2.893611416220664978e-02 2.919680066406726837e-02 1.141748502850532532e-01 1.030109897255897522e-01 3.128257393836975098e-02 2.327038347721099854e-02 2.071747742593288422e-02 9.247493743896484375e-02 3.307670727372169495e-02 1.669658422470092773e-01 5.323715880513191223e-02 5.123789608478546143e-02 3.482191637158393860e-02 1.765924971550703049e-03 3.354735905304551125e-03 3.733841702342033386e-02 7.762684673070907593e-02 3.088548034429550171e-02 9.764723479747772217e-03 5.412706732749938965e-02 5.004905629903078079e-03 7.498170249164104462e-03 5.905140563845634460e-02 3.246133215725421906e-03 1.257583498954772949e-02 3.357401117682456970e-02 1.472035050392150879e-02 2.908557467162609100e-02 1.982189528644084930e-02 3.070723637938499451e-02 1.883766613900661469e-02 3.780298680067062378e-02 2.026878297328948975e-02 1.736479997634887695e-02 3.975221421569585800e-03 3.602434694766998291e-02 2.228956855833530426e-02 1.681509427726268768e-02 1.615967019461095333e-03 9.059234522283077240e-03 3.135659173130989075e-02 5.241181934252381325e-04 2.540151402354240417e-02 8.405444771051406860e-02 5.734249204397201538e-02 1.704576052725315094e-02 5.582365673035383224e-03 3.815791383385658264e-02 4.085449874401092529e-02 2.040727622807025909e-02 3.420629724860191345e-02 8.266208693385124207e-03 3.004661947488784790e-02 2.396082319319248199e-02 2.205910347402095795e-02 2.083797752857208252e-02 9.876245632767677307e-03 3.678213804960250854e-02 5.061173811554908752e-02 1.555364870000630617e-04 2.301115915179252625e-02 2.208843827247619629e-02 1.336118578910827637e-02 2.832439960911870003e-03 2.930830791592597961e-02 3.331660479307174683e-02 3.850935772061347961e-02 6.167622283101081848e-02 1.090153679251670837e-02 7.320424076169729233e-03 1.137241162359714508e-02 4.748346284031867981e-02 1.331016421318054199e-02 2.990189474076032639e-03 8.237358182668685913e-02 2.766271121799945831e-02 5.468178540468215942e-02 3.873665817081928253e-03 4.639741033315658569e-02 1.252188347280025482e-02 4.546978976577520370e-03 1.219746749848127365e-02 1.863647834397852421e-03 3.543013706803321838e-02 3.725323826074600220e-03 9.960070252418518066e-03 2.545988000929355621e-02 7.832127809524536133e-02 7.176449056714773178e-03 8.726917207241058350e-02 1.404365175403654575e-03 3.023205325007438660e-02 8.389445953071117401e-03 5.120732635259628296e-02 5.977667169645428658e-04 1.056237798184156418e-02 5.820928607136011124e-03 7.079816609621047974e-02 1.828260906040668488e-02 1.022814773023128510e-02 3.677567467093467712e-02 4.498521983623504639e-02 2.093143947422504425e-02 3.200553357601165771e-02 3.750944882631301880e-02 1.765822991728782654e-02 2.888219989836215973e-02 4.249730147421360016e-03 6.792919337749481201e-02 3.067708201706409454e-02 1.016185060143470764e-02 1.946602761745452881e-02 1.016657147556543350e-02
1.902898959815502167e-02 1.781935058534145355e-02 1.838885545730590820e-01 6.616302300244569778e-03 1.989286206662654877e-02 1.072340551763772964e-02 1.155159249901771545e-02 2.514898180961608887e-01 3.137275576591491699e-02 1.524211466312408447e-02 9.872259572148323059e-03 2.560172602534294128e-02 4.805552959442138672e-02 2.221784554421901703e-02 5.633239448070526123e-02 3.777850046753883362e-02 1.809661090373992920e-02 2.389941364526748657e-02 1.213221461512148380e-03 1.150177195668220520e-01 4.991802573204040527e-02 2.488776575773954391e-03 5.950570106506347656e-02 4.367221519351005554e-02 5.158723518252372742e-02 5.384704563766717911e-03 1.209155097603797913e-02 3.874391689896583557e-02 2.514390973374247551e-03 5.373190343379974365e-02 2.973569324240088463e-03 3.550460794940590858e-03 4.992515221238136292e-02 1.460408442653715611e-03 1.602512411773204803e-02 1.073198951780796051e-02 1.011434011161327362e-02 2.462550811469554901e-02 5.288993474096059799e-03 2.832144685089588165e-02 1.065346598625183105e-02 1.399720273911952972e-02 1.008637715131044388e-02 1.611192971467971802e-01 5.157871916890144348e-02 4.424076899886131287e-02 3.268530964851379395e-02 1.031295862048864365e-02 3.230401873588562012e-02 1.054085977375507355e-02 3.586340323090553284e-02 2.795050293207168579e-02 6.963604129850864410e-03 1.542590651661157608e-02 2.012406848371028900e-02 3.305671561975032091e-04 8.289550989866256714e-02 2.718171477317810059e-02 2.857472188770771027e-02 7.689466234296560287e-03 1.672367565333843231e-02 2.338705398142337799e-02 4.609758034348487854e-03 3.142658388242125511e-03 5.063590407371520996e-02 4.472503066062927246e-02 1.939247734844684601e-02 6.884858943521976471e-03 8.221592288464307785e-04 2.471859939396381378e-02 1.202733162790536880e-02 1.914693601429462433e-02 2.160662086680531502e-03 2.168982662260532379e-02 4.097457602620124817e-02 1.659320667386054993e-02 2.465016581118106842e-02 5.287182051688432693e-03 1.909508928656578064e-02 4.696213454008102417e-02 2.542201578617095947e-01 1.868745237588882446e-01 2.832988742738962173e-03 1.721355505287647247e-02 2.039722353219985962e-02 5.084509029984474182e-02 7.964113354682922363e-02 6.265220046043395996e-02 3.343909978866577148e-03 4.862979054450988770e-02 1.499800477176904678e-02 1.036125794053077698e-02 9.047438390552997589e-03 1.457733800634741783e-03 4.567632451653480530e-02 2.595144510269165039e-02 4.590808227658271790e-02 1.492656860500574112e-02 5.196095630526542664e-02 4.370399937033653259e-02 6.696909200400114059e-03 3.862468525767326355e-02 2.061600796878337860e-02 4.518899694085121155e-02 2.259867638349533081e-02 2.016210369765758514e-02 2.319145947694778442e-02 4.548529535531997681e-02 2.391714043915271759e-02 1.206216216087341309e-02 1.525147166103124619e-02 2.958059124648571014e-02 1.853054622188210487e-03 2.002969942986965179e-02 3.796328976750373840e-02 4.235463589429855347e-02
4.164761677384376526e-02 2.893611416220664978e-02 6.616302300244569778e-03 1.405009478330612183e-01 1.616365760564804077e-01 2.707941643893718719e-02 6.234118249267339706e-03 1.996912993490695953e-02 3.284062072634696960e-02 3.959460183978080750e-02 2.356730401515960693e-02 2.512080967426300049e-02 2.474665455520153046e-02 4.799276962876319885e-02 3.457761183381080627e-02 9.225013852119445801e-02 6.923068314790725708e-02 1.583704166114330292e-02 2.806735038757324219e-02 3.685194253921508789e-02 2.911773882806301117e-02 1.140256319195032120e-02 8.211344480514526367e-02 5.791128426790237427e-02 5.221424624323844910e-03 4.538746085017919540e-03 1.757023623213171959e-03 8.868549950420856476e-03 7.756541017442941666e-03 1.493766345083713531e-02 2.397299744188785553e-02 3.721143119037151337e-03 9.986542910337448120e-02 7.990442216396331787e-03 4.410395771265029907e-02 3.765580803155899048e-02 5.195411667227745056e-02 2.835372835397720337e-02 8.175976574420928955e-02 7.273051142692565918e-02 3.382884897291660309e-03 4.224075746606104076e-05 6.831296719610691071e-03 6.614602357149124146e-02 3.725306596606969833e-03 4.089455679059028625e-02 5.248331464827060699e-03 1.729965792037546635e-03 7.411335408687591553e-02 2.714039292186498642e-03 3.704862296581268311e-02 7.635477185249328613e-02 7.149640470743179321e-02 2.777164801955223083e-02 5.883362144231796265e-02 5.903494730591773987e-02 1.327090337872505188e-02 3.315915912389755249e-02 5.647788196802139282e-02 4.702027142047882080e-02 8.607407659292221069e-02 1.322640664875507355e-02 2.840350270271301270e-01 2.311304956674575806e-02 1.735563948750495911e-02 1.985158585011959076e-02 3.441007062792778015e-02 6.952664814889431000e-03 6.518100947141647339e-02 5.814429000020027161e-02 1.869728788733482361e-02 4.008068889379501343e-02 1.127476096153259277e-01 9.299267083406448364e-03 6.472492963075637817e-02 2.982803806662559509e-02 5.246921628713607788e-02 8.331710472702980042e-03 6.287217140197753906e-02 7.399125490337610245e-03 1.242880988866090775e-02 3.665545582771301270e-02 1.806689985096454620e-02 7.152390480041503906e-02 1.575777865946292877e-02 4.481841251254081726e-02 1.864981488324701786e-03 1.817753911018371582e-02 2.561706118285655975e-02 3.791012614965438843e-02 3.445645421743392944e-02 6.581250112503767014e-03 1.581042073667049408e-02 4.718909971415996552e-03 5.310348421335220337e-02 4.283825308084487915e-02 5.740013346076011658e-02 4.161341581493616104e-03 3.177196532487869263e-02 1.725777983665466309e-02 7.317962124943733215e-03 2.518511004745960236e-02 2.724801935255527496e-02 1.524100312963128090e-03 3.012561239302158356e-02 2.917800657451152802e-02 3.421132266521453857e-02 9.757646359503269196e-03 9.120451286435127258e-03 4.433158040046691895e-02 5.011031776666641235e-02 2.174674719572067261e-02 1.229254994541406631e-03 4.060791432857513428e-02 2.405720204114913940e-02 6.384429335594177246e-02
1.964974403381347656e-02 2.919680066406726837e-02 1.989286206662654877e-02 1.616365760564804077e-01 1.450825780630111694e-01 4.927917197346687317e-02 7.421836256980895996e-03 7.060199975967407227e-03 3.369698300957679749e-02 7.471820712089538574e-02 2.477893605828285217e-02 2.206635847687721252e-02 4.416538029909133911e-02 7.130222860723733902e-03 8.956080302596092224e-03 2.901541627943515778e-02 3.907765820622444153e-02 6.547104567289352417e-02 8.733189851045608521e-02 1.118009723722934723e-02 8.379332721233367920e-03 4.911546409130096436e-02 4.422523081302642822e-02 3.498381376266479492e-02 5.475413054227828979e-03 1.546331401914358139e-02 3.751290962100028992e-02 3.198987245559692383e-02 1.261015888303518295e-02 1.074709650129079819e-02 2.178163081407546997e-02 6.399098783731460571e-02 1.729753427207469940e-02 5.838022567331790924e-03 3.131409734487533569e-02 4.146083071827888489e-02 1.844386861193925142e-04 1.075408654287457466e-03 6.613783538341522217e-02 1.123285442590713501e-01 2.143805474042892456e-02 7.798752281814813614e-03 1.024829782545566559e-02 8.858396112918853760e-02 4.702595248818397522e-02 2.728823944926261902e-02 4.081885330379009247e-03 5.017821211367845535e-03 7.430373225361108780e-03 1.319224853068590164e-02 3.800024976953864098e-03 1.949048228561878204e-02 3.439310938119888306e-02 1.204405631870031357e-02 2.572501078248023987e-02 2.536359615623950958e-02 2.489836700260639191e-02 3.080466017127037048e-02 1.467627845704555511e-02 2.160426974296569824e-02 2.734567597508430481e-02 7.564104348421096802e-02 1.163682639598846436e-01 9.037437289953231812e-02 2.312412299215793610e-02 3.332977741956710815e-02 1.024747174233198166e-02 8.207798004150390625e-03 2.122625336050987244e-02 3.742545144632458687e-03 2.485138550400733948e-02 7.022270001471042633e-03 1.478399150073528290e-02 4.907245747745037079e-03 1.360850185155868530e-01 9.404076263308525085e-03 3.802476823329925537e-02 2.496157027781009674e-02 3.112178854644298553e-02 2.675511874258518219e-02 7.058206945657730103e-03 2.997939474880695343e-02 1.759095788002014160e-01 1.699340492486953735e-01 1.773963682353496552e-02 3.070117719471454620e-02 6.247830577194690704e-03 1.679123379290103912e-02 3.983492404222488403e-02 2.745839068666100502e-03 4.344150424003601074e-02 1.424382906407117844e-02 1.993129588663578033e-02 3.566891327500343323e-02 1.123912353068590164e-02 3.575950488448143005e-02 1.542691793292760849e-02 3.704321384429931641e-02 2.534603141248226166e-02 3.254500404000282288e-02 2.729729376733303070e-02 1.978845149278640747e-02 2.908669784665107727e-02 1.740140840411186218e-03 2.113428525626659393e-02 6.944216787815093994e-02 5.910184234380722046e-02 5.500683188438415527e-02 1.955149136483669281e-02 2.418746240437030792e-02 5.958074331283569336e-02 5.849017575383186340e-02 5.335305351763963699e-03 2.108818478882312775e-02 4.288031533360481262e-02 8.644565823487937450e-04
1.424537450075149536e-01 1.141748502850532532e-01 1.072340551763772964e-02 2.707941643893718719e-02 4.927917197346687317e-02 1.954773813486099243e-01 1.441569328308105469e-01 4.411243274807929993e-02 1.378765795379877090e-02 1.158547122031450272e-02 9.809402748942375183e-03 1.176757216453552246e-01 1.618778333067893982e-02 7.888919115066528320e-02 1.543602813035249710e-02 2.558359690010547638e-02 4.189129546284675598e-02 1.037447247654199600e-02 1.978790573775768280e-02 1.013895589858293533e-02 3.229498490691184998e-02 1.676487922668457031e-02 8.917600847780704498e-03 4.159780219197273254e-02 9.013825096189975739e-03 2.793646976351737976e-02 2.605852205306291580e-04 9.293505549430847168e-02 1.538811065256595612e-02 2.192150801420211792e-02 3.620794788002967834e-02 3.244179487228393555e-02 5.144293420016765594e-03 1.507320441305637360e-02 2.220184355974197388e-02 2.537847310304641724e-02 1.204007584601640701e-02 1.440751925110816956e-02 5.446888878941535950e-02 8.770955726504325867e-03 1.503891311585903168e-02 2.708242274820804596e-02 2.048846706748008728e-02 4.686844535171985626e-03 2.250382490456104279e-02 6.388100236654281616e-02 1.572260260581970215e-01 9.372057020664215088e-02 9.755359962582588196e-03 5.347524955868721008e-02 4.283555969595909119e-02 4.879556223750114441e-02 2.728802897036075592e-02 1.332242600619792938e-02 1.308854948729276657e-02 4.203414171934127808e-02 3.606817498803138733e-02 4.892408475279808044e-02 1.945679262280464172e-02 3.533968329429626465e-02 8.030519820749759674e-03 2.125791460275650024e-02 2.142832055687904358e-02 3.059207275509834290e-02 1.995817758142948151e-02 1.257058233022689819e-02 6.929188966751098633e-03 1.094317529350519180e-02 2.760730497539043427e-02 1.808791421353816986e-02 2.805634029209613800e-02 5.073891580104827881e-02 8.964341133832931519e-03 2.638429030776023865e-02 7.094312459230422974e-02 1.066394965164363384e-03 3.953112661838531494e-02 2.266804687678813934e-02 2.423230744898319244e-02 2.685174904763698578e-02 1.239845901727676392e-02 5.275794863700866699e-02 1.756772026419639587e-02 7.342262193560600281e-03 2.586710825562477112e-02 1.176078058779239655e-02 1.841385848820209503e-02 2.241153642535209656e-02 5.525222048163414001e-02 1.424122601747512817e-02 1.150308921933174133e-01 1.327858585864305496e-02 7.750064879655838013e-02 1.868974976241588593e-02 6.905321776866912842e-02 1.666628755629062653e-02 2.211876586079597473e-02 1.742946915328502655e-02 2.223346941173076630e-02 2.314255200326442719e-02 1.238919608294963837e-02 1.216399762779474258e-02 3.388124331831932068e-02 4.015072062611579895e-02 3.887814283370971680e-02 8.153021335601806641e-03 7.310203742235898972e-03 6.763165351003408432e-03 1.601153868250548840e-03 2.265883795917034149e-02 1.431107055395841599e-02 4.824332892894744873e-02 1.817139913327991962e-03 5.509111564606428146e-03 4.253962542861700058e-03 3.688845410943031311e-02
8.748999983072280884e-02 1.030109897255897522e-01 1.155159249901771545e-02 6.234118249267339706e-03 7.421836256980895996e-03 1.441569328308105469e-01 1.941911280155181885e-01 2.697471901774406433e-02 6.915052980184555054e-02 9.613721631467342377e-03 1.947486214339733124e-02 1.408840715885162354e-02 4.808601364493370056e-02 3.743846341967582703e-02 3.334085643291473389e-02 3.834421560168266296e-02 2.334141731262207031e-02 1.967824809253215790e-02 1.623047282919287682e-03 4.492946714162826538e-02 3.905115416273474693e-03 1.366128958761692047e-02 3.196097910404205322e-02 2.792951464653015137e-02 4.225381836295127869e-02 3.289083018898963928e-02 1.174086797982454300e-02 6.935961544513702393e-02 1.664269715547561646e-02 9.209297597408294678e-03 4.982151463627815247e-02 3.464580699801445007e-02 2.529472112655639648e-02 4.145241808146238327e-03 1.577482558786869049e-02 2.106038853526115417e-02 3.583363071084022522e-02 2.113043889403343201e-02 6.371834874153137207e-02 1.462501753121614456e-02 8.936201035976409912e-02 1.074529998004436493e-02 1.927275210618972778e-02 2.596682496368885040e-02 5.732351168990135193e-02 6.745599955320358276e-02 1.307957768440246582e-01 1.455409526824951172e-01 5.315408576279878616e-03 7.680115289986133575e-03 3.918439149856567383e-02 3.576061129570007324e-02 4.073227569460868835e-02 2.036845125257968903e-02 5.874721333384513855e-03 1.157624274492263794e-02 1.399073656648397446e-02 4.723964259028434753e-02 1.008035521954298019e-02 2.161940792575478554e-03 3.964260965585708618e-02 2.687052451074123383e-02 4.483072087168693542e-03 5.592644587159156799e-02 1.322677079588174820e-02 3.220305964350700378e-02 6.698539946228265762e-03 3.029564023017883301e-02 1.713584922254085541e-02 2.207693643867969513e-02 2.123093605041503906e-02 7.794220000505447388e-03 3.124417923390865326e-02 4.600731655955314636e-03 6.196756288409233093e-02 1.436120364814996719e-02 1.671691797673702240e-02 2.629000693559646606e-02 2.042249217629432678e-02 8.155978471040725708e-02 7.343731354922056198e-03 4.391157627105712891e-02 5.210500210523605347e-02 1.539202500134706497e-02 2.472519315779209137e-02 1.258241944015026093e-02 2.980626374483108521e-02 8.197983726859092712e-03 4.091465473175048828e-02 4.658501129597425461e-03 5.809654667973518372e-02 3.111086552962660789e-03 6.430984288454055786e-02 5.646700039505958557e-02 6.152259185910224915e-02 7.814583368599414825e-03 7.130248472094535828e-03 4.699506238102912903e-02 2.037538774311542511e-02 3.946545720100402832e-02 1.518806070089340210e-02 7.551659364253282547e-04 1.463353401049971581e-03 8.404778689146041870e-02 4.580532014369964600e-02 1.918933726847171783e-02 2.918062172830104828e-02 2.260376513004302979e-02 8.161045610904693604e-03 2.937747165560722351e-02 2.299228310585021973e-02 3.192026168107986450e-02 1.926567964255809784e-02 2.675332129001617432e-02 1.720259152352809906e-02 5.814718082547187805e-02
3.115301579236984253e-02 3.128257393836975098e-02 2.514898180961608887e-01 1.996912993490695953e-02 7.060199975967407227e-03 4.411243274807929993e-02 2.697471901774406433e-02 1.934718489646911621e-01 3.412723541259765625e-02 2.143531106412410736e-02 5.373028665781021118e-02 2.169305924326181412e-03 1.995427720248699188e-02 9.889264591038227081e-03 1.605917215347290039e-01 5.766341462731361389e-02 4.169430211186408997e-02 1.257947087287902832e-02 7.051074644550681114e-04 7.516921311616897583e-02 1.207409705966711044e-02 3.463373705744743347e-02 6.095936149358749390e-02 5.443691089749336243e-02 7.807013578712940216e-03 2.980398200452327728e-02 2.341717714443802834e-03 1.621373184025287628e-02 1.460460200905799866e-02 5.187363550066947937e-02 1.570782158523797989e-03 7.192107290029525757e-02 1.551637146621942520e-02 3.781488537788391113e-02 3.752362390514463186e-04 8.154145628213882446e-02 5.858990177512168884e-02 1.022741384804248810e-02 9.544594213366508484e-03 2.197007834911346436e-02 2.183111011981964111e-02 1.968386024236679077e-02 4.125355277210474014e-03 6.616745889186859131e-02 1.026250515133142471e-02 3.038204088807106018e-02 2.712210454046726227e-02 1.227552816271781921e-02 4.310604929924011230e-02 2.409705659374594688e-03 2.232552506029605865e-02 5.546292755752801895e-03 3.611974045634269714e-02 1.911776140332221985e-02 6.621354259550571442e-03 1.886366307735443115e-02 5.855752155184745789e-03 1.486525312066078186e-02 3.178973495960235596e-02 4.236708581447601318e-02 1.305482699535787106e-03 1.061635836958885193e-02 8.900037035346031189e-03 3.147331997752189636e-03 5.017601652070879936e-04 7.291981019079685211e-03 2.139807865023612976e-02 2.415109798312187195e-02 2.520555630326271057e-03 1.241489965468645096e-02 6.430234760046005249e-02 2.550563402473926544e-02 4.391412250697612762e-03 7.695559412240982056e-02 2.406360395252704620e-02 3.436251357197761536e-02 3.314664214849472046e-02 1.898835599422454834e-02 9.910275042057037354e-02 2.057440765202045441e-02 2.956073284149169922e-01 1.879877597093582153e-01 1.798431016504764557e-02 3.555137664079666138e-02 3.299085423350334167e-02 3.191013820469379425e-03 1.326913386583328247e-01 8.769880235195159912e-02 7.060594111680984497e-02 4.296209290623664856e-02 8.414288051426410675e-03 5.178777966648340225e-03 1.629792340099811554e-02 1.182989333756268024e-03 4.698849841952323914e-02 8.806160092353820801e-02 4.592387005686759949e-02 5.447658523917198181e-02 2.557326667010784149e-02 4.132720082998275757e-02 5.094343796372413635e-02 5.268737673759460449e-02 5.018861964344978333e-02 4.152175411581993103e-02 4.446559585630893707e-03 4.147351160645484924e-02 4.900697618722915649e-02 1.372812874615192413e-02 1.051721119438298047e-04 1.698825135827064514e-02 4.596568271517753601e-02 1.014189328998327255e-02 6.005744636058807373e-02 4.509653523564338684e-02 1.592539338162168860e-04 1.083867158740758896e-03
1.143217738717794418e-02 2.327038347721099854e-02 3.137275576591491699e-02 3.284062072634696960e-02 3.369698300957679749e-02 1.378765795379877090e-02 6.915052980184555054e-02 3.412723541259765625e-02 1.348385810852050781e-01 1.480424553155899048e-01 3.025185130536556244e-02 5.913187935948371887e-02 1.560760103166103363e-02 8.474341779947280884e-02 6.707902997732162476e-03 8.701097965240478516e-02 7.729210704565048218e-02 1.084097772836685181e-01 1.093137357383966446e-02 5.332293733954429626e-02 4.512890428304672241e-02 5.599630065262317657e-03 7.176560908555984497e-02 3.893749043345451355e-02 3.969627991318702698e-02 3.462534770369529724e-02 5.468276143074035645e-02 2.298071235418319702e-02 2.175079658627510071e-02 5.596107989549636841e-02 2.610525302588939667e-02 4.979966953396797180e-02 7.706789299845695496e-03 5.424520932137966156e-03 3.142982721328735352e-02 6.733758002519607544e-02 3.568714484572410583e-02 5.697473883628845215e-03 2.871360629796981812e-02 3.322679176926612854e-02 3.136150166392326355e-02 8.462571352720260620e-02 4.468238726258277893e-02 4.382790252566337585e-02 5.401656962931156158e-03 7.039955258369445801e-02 2.419929392635822296e-02 3.039923310279846191e-02 2.665504999458789825e-02 5.271260067820549011e-02 3.166800830513238907e-03 5.023820698261260986e-02 1.690000481903553009e-02 9.544987231492996216e-03 1.727636754512786865e-01 5.287464708089828491e-03 5.712850764393806458e-02 4.654513671994209290e-02 4.411756061017513275e-03 3.152237832546234131e-02 1.137368846684694290e-02 2.329571545124053955e-02 7.694324105978012085e-02 8.578857406973838806e-03 2.705537527799606323e-02 4.473031498491764069e-03 1.934273168444633484e-02 1.826084591448307037e-02 1.002018526196479797e-01 1.689308136701583862e-02 5.291994195431470871e-03 2.605177462100982666e-02 4.036087170243263245e-02 4.465255513787269592e-02 5.213164165616035461e-02 8.383632637560367584e-03 2.177364081144332886e-01 1.326347887516021729e-01 6.184738129377365112e-03 4.136840999126434326e-02 2.812356315553188324e-02 2.816805616021156311e-03 1.574986614286899567e-02 3.403529524803161621e-02 7.046760059893131256e-03 4.407764412462711334e-03 3.931051865220069885e-02 2.560872957110404968e-02 1.187129039317369461e-02 4.436133429408073425e-02 6.002179905772209167e-02 2.905653044581413269e-02 3.215587511658668518e-02 2.007452212274074554e-02 6.381023675203323364e-02 1.681205630302429199e-02 4.024016112089157104e-02 2.205435186624526978e-02 6.950632482767105103e-02 2.677553892135620117e-02 2.503869310021400452e-02 4.553350433707237244e-02 1.673206873238086700e-02 7.508748210966587067e-03 5.798507109284400940e-02 2.129473164677619934e-02 4.725642874836921692e-02 3.165245801210403442e-02 2.935758419334888458e-02 9.562887251377105713e-03 5.588806048035621643e-02 3.060285560786724091e-02 3.761474415659904480e-02 5.278412252664566040e-02 2.075631543993949890e-02 1.000847853720188141e-02
6.082521751523017883e-03 2.071747742593288422e-02 1.524211466312408447e-02 3.959460183978080750e-02 7.471820712089538574e-02 1.158547122031450272e-02 9.613721631467342377e-03 2.143531106412410736e-02 1.480424553155899048e-01 1.722670495510101318e-01 1.236992515623569489e-02 3.367215022444725037e-02 6.778235547244548798e-03 2.729539386928081512e-02 1.732952333986759186e-02 3.502924740314483643e-02 4.216773808002471924e-02 7.585445791482925415e-02 1.854022741317749023e-01 3.877234458923339844e-02 3.591631352901458740e-02 2.350270189344882965e-02 4.015240818262100220e-02 8.818331360816955566e-02 1.351169683039188385e-02 3.126117959618568420e-02 1.480434648692607880e-02 2.135830558836460114e-02 1.559926196932792664e-02 3.159156441688537598e-02 5.871657282114028931e-02 1.720071770250797272e-02 1.580017060041427612e-02 4.866272583603858948e-02 9.143925271928310394e-03 1.918452791869640350e-02 1.741096749901771545e-02 1.321695651859045029e-02 4.444412887096405029e-02 4.036141559481620789e-02 6.675444543361663818e-03 1.652605645358562469e-02 4.072636365890502930e-02 2.318965084850788116e-02 3.007743880152702332e-02 4.659649729728698730e-02 8.918868377804756165e-03 4.400767013430595398e-02 3.300569206476211548e-02 1.283926665782928467e-01 5.200752057135105133e-03 2.851087413728237152e-02 4.636956006288528442e-02 3.500187397003173828e-02 9.375270456075668335e-02 1.456426233053207397e-01 4.153961315751075745e-02 2.326908754184842110e-03 6.010978668928146362e-02 1.942703686654567719e-02 7.047653198242187500e-02 4.086915403604507446e-02 1.441494561731815338e-03 6.721303611993789673e-02 3.540050983428955078e-02 4.370001330971717834e-02 4.398581013083457947e-02 2.664947882294654846e-03 2.373396418988704681e-02 8.731240779161453247e-02 9.606378525495529175e-02 9.736005216836929321e-03 4.760128632187843323e-02 2.680303342640399933e-02 4.928257316350936890e-02 1.831884682178497314e-02 9.580401238054037094e-04 1.820781975984573364e-01 3.668186813592910767e-02 9.888073056936264038e-02 2.589887473732233047e-03 2.376560680568218231e-02 1.102784089744091034e-02 5.887794494628906250e-02 1.471050735563039780e-02 1.177546475082635880e-02 1.423336006700992584e-02 5.587639287114143372e-03 6.659244000911712646e-02 5.059609189629554749e-03 3.881221264600753784e-02 1.192692667245864868e-02 5.838027223944664001e-02 2.181172184646129608e-02 1.582609862089157104e-02 5.113708600401878357e-02 5.834604147821664810e-03 6.193599198013544083e-03 2.024087123572826385e-02 2.189232502132654190e-03 5.980294942855834961e-02 5.016569793224334717e-02 1.521004363894462585e-02 2.079392969608306885e-02 7.892870903015136719e-02 4.049379751086235046e-02 5.324482172727584839e-02 6.702785845845937729e-03 4.130391031503677368e-02 5.537563934922218323e-02 2.395438961684703827e-02 7.964851334691047668e-03 6.670447438955307007e-02 2.831206843256950378e-02 1.640512794256210327e-02 2.465385384857654572e-02
1.411918252706527710e-01 9.247493743896484375e-02 9.872259572148323059e-03 2.356730401515960693e-02 2.477893605828285217e-02 9.809402748942375183e-03 1.947486214339733124e-02 5.373028665781021118e-02 3.025185130536556244e-02 1.236992515623569489e-02 1.672717928886413574e-01 1.327730063349008560e-02 1.564493924379348755e-01 6.700506061315536499e-02 2.271968498826026917e-02 1.023716479539871216e-01 3.481904044747352600e-02 6.609689444303512573e-02 1.849031262099742889e-02 8.842907845973968506e-02 5.188774783164262772e-03 2.616779319941997528e-02 5.835593864321708679e-02 1.326096151024103165e-02 4.978397861123085022e-02 3.193653374910354614e-02 3.951044380664825439e-02 5.363952368497848511e-02 8.135789632797241211e-02 2.996717579662799835e-02 8.382202684879302979e-02 3.987869992852210999e-02 5.497023928910493851e-03 1.952688395977020264e-02 1.342169567942619324e-02 1.607381366193294525e-02 2.451537735760211945e-02 1.835326477885246277e-02 4.601396247744560242e-02 4.900176078081130981e-03 2.511498145759105682e-02 8.991676382720470428e-03 6.155362352728843689e-03 4.877258837223052979e-02 2.551209647208452225e-03 4.859640821814537048e-02 3.908445686101913452e-02 5.254821479320526123e-02 3.487721830606460571e-02 4.728943109512329102e-02 2.280639857053756714e-02 1.586466282606124878e-02 4.048867896199226379e-02 6.624047458171844482e-02 1.168147940188646317e-02 1.195095665752887726e-02 2.962294407188892365e-02 1.681497693061828613e-02 3.037909604609012604e-02 8.600481785833835602e-03 1.188729424029588699e-02 1.968003995716571808e-02 4.111656174063682556e-02 7.212306838482618332e-03 8.489484339952468872e-02 7.173819839954376221e-02 4.911102354526519775e-02 3.153563663363456726e-02 9.510472416877746582e-03 2.447060868144035339e-02 7.068138569593429565e-02 4.373408108949661255e-02 4.448750987648963928e-02 3.981520608067512512e-02 9.514028206467628479e-03 1.052039861679077148e-02 3.745200112462043762e-02 6.441107392311096191e-02 8.693753741681575775e-03 2.613925188779830933e-02 4.175261408090591431e-02 4.873472452163696289e-02 4.233796894550323486e-02 1.792284101247787476e-02 1.849853806197643280e-02 2.648210618644952774e-03 4.960329085588455200e-02 1.213279180228710175e-02 6.816758960485458374e-02 1.469302177429199219e-02 3.568070009350776672e-02 5.048691481351852417e-02 3.406021744012832642e-02 1.030999701470136642e-02 3.895370289683341980e-02 9.734508581459522247e-03 7.740337867289781570e-03 5.148624256253242493e-02 8.950386196374893188e-03 1.218818943016231060e-03 1.772287674248218536e-02 4.135134071111679077e-02 4.103178903460502625e-02 1.398423593491315842e-02 4.656418412923812866e-02 3.046221472322940826e-02 1.773760188370943069e-03 2.950508147478103638e-03 4.344173893332481384e-02 2.166306972503662109e-02 5.603318288922309875e-02 5.164025723934173584e-02 2.501511946320533752e-02 1.383681222796440125e-02 1.578425802290439606e-02 4.337152466177940369e-02
7.539252191781997681e-02 3.307670727372169495e-02 2.560172602534294128e-02 2.512080967426300049e-02 2.206635847687721252e-02 1.176757216453552246e-01 1.408840715885162354e-02 2.169305924326181412e-03 5.913187935948371887e-02 3.367215022444725037e-02 1.327730063349008560e-02 1.768163293600082397e-01 3.961614146828651428e-02 2.450227141380310059e-01 4.425444453954696655e-02 1.865179464221000671e-02 2.191321924328804016e-02 1.024749875068664551e-02 4.736147448420524597e-02 2.251932397484779358e-02 2.490152837708592415e-03 2.733054384589195251e-02 1.102675870060920715e-01 5.061897262930870056e-02 1.623146794736385345e-02 4.769237339496612549e-02 2.276479080319404602e-02 1.674522161483764648e-01 1.842230744659900665e-02 1.109175682067871094e-01 4.450732097029685974e-02 3.532757237553596497e-02 6.826544553041458130e-02 1.321478001773357391e-02 4.407823085784912109e-02 7.380130141973495483e-02 1.215509232133626938e-02 2.372228307649493217e-03 2.002914063632488251e-02 2.414985001087188721e-02 8.218938484787940979e-03 2.233603596687316895e-02 5.843100696802139282e-02 5.266605317592620850e-02 3.339141979813575745e-02 2.164141274988651276e-02 3.379498794674873352e-02 1.433039829134941101e-02 9.815216064453125000e-03 9.343252331018447876e-02 3.348714858293533325e-02 5.528389289975166321e-02 6.292580813169479370e-02 2.084211073815822601e-02 8.504834026098251343e-02 1.089366674423217773e-01 3.590279817581176758e-02 7.069632411003112793e-02 8.845063298940658569e-02 4.185425117611885071e-02 4.680294916033744812e-02 4.192204773426055908e-02 3.922725841403007507e-02 8.887112140655517578e-03 2.930207364261150360e-02 7.480881176888942719e-03 2.853547595441341400e-02 4.051526635885238647e-02 3.228464722633361816e-02 2.858329005539417267e-02 5.641464516520500183e-02 7.707307487726211548e-02 1.236531957983970642e-01 4.704393446445465088e-02 5.138423293828964233e-02 3.098893910646438599e-02 1.129742339253425598e-01 1.308266911655664444e-02 3.273849561810493469e-02 8.813484571874141693e-03 1.985483430325984955e-02 3.295331448316574097e-02 7.593876216560602188e-03 1.091080531477928162e-02 1.898510381579399109e-02 4.670838639140129089e-02 2.287935093045234680e-02 8.700493723154067993e-03 2.221818864345550537e-01 7.138270139694213867e-02 9.079604409635066986e-03 3.802365437150001526e-02 4.110924899578094482e-02 4.517184942960739136e-02 7.705990225076675415e-02 3.702919185161590576e-02 2.493805252015590668e-03 2.380791353061795235e-03 2.490134164690971375e-02 3.121981583535671234e-02 6.352487206459045410e-02 7.049079053103923798e-03 1.050238125026226044e-02 5.694708228111267090e-02 5.315137654542922974e-02 6.851693615317344666e-03 1.006267890334129333e-01 3.313284600153565407e-03 2.728514187037944794e-02 2.408213447779417038e-03 2.973386086523532867e-03 7.569005340337753296e-02 1.299410779029130936e-02 2.358974143862724304e-02 1.369581371545791626e-02 5.549681931734085083e-02
6.691384315490722656e-02 1.669658422470092773e-01 4.805552959442138672e-02 2.474665455520153046e-02 4.416538029909133911e-02 1.618778333067893982e-02 4.808601364493370056e-02 1.995427720248699188e-02 1.560760103166103363e-02 6.778235547244548798e-03 1.564493924379348755e-01 3.961614146828651428e-02 1.699688434600830078e-01 6.026872992515563965e-02 8.291235566139221191e-02 6.223275139927864075e-02 1.548320893198251724e-02 5.188161507248878479e-02 2.589413709938526154e-02 1.109002530574798584e-01 2.482744492590427399e-02 9.291906841099262238e-03 8.528407663106918335e-02 3.714514896273612976e-02 2.776328288018703461e-02 7.254255563020706177e-02 1.069359201937913895e-02 7.921852916479110718e-02 9.599647670984268188e-02 6.153912469744682312e-02 1.658769845962524414e-01 7.888241671025753021e-03 3.553407033905386925e-03 3.579297917895019054e-04 1.987376622855663300e-02 2.553339581936597824e-03 1.927219144999980927e-02 1.196689996868371964e-02 1.784092001616954803e-02 1.914935186505317688e-02 3.707619383931159973e-02 1.448135171085596085e-02 2.739929035305976868e-02 2.561034634709358215e-02 2.950245328247547150e-02 1.997138187289237976e-02 6.497465539723634720e-03 7.002037018537521362e-02 3.144520521163940430e-02 1.779285445809364319e-02 4.103871434926986694e-02 3.459277749061584473e-02 2.958079427480697632e-02 1.225460786372423172e-02 5.858533550053834915e-03 2.994288504123687744e-02 4.378144070506095886e-02 4.623759537935256958e-03 2.658100798726081848e-02 4.008783027529716492e-02 1.461006514728069305e-02 3.384296223521232605e-02 3.691943129524588585e-03 7.261543069034814835e-03 7.650279998779296875e-02 1.105741187930107117e-01 3.207805380225181580e-02 2.761261351406574249e-02 2.961010485887527466e-02 1.509612612426280975e-02 8.453486114740371704e-02 3.990705683827400208e-02 3.974238410592079163e-03 3.121210634708404541e-02 1.460189837962388992e-02 1.301528979092836380e-02 5.243203788995742798e-02 6.257061660289764404e-02 4.262406751513481140e-02 1.217296067625284195e-02 3.929312527179718018e-02 4.342875629663467407e-02 2.055183798074722290e-02 2.520499750971794128e-03 6.013346835970878601e-03 4.300519451498985291e-02 2.474519610404968262e-02 4.333104193210601807e-02 5.220308899879455566e-02 5.855359509587287903e-02 1.753105898387730122e-03 2.022175490856170654e-02 4.608235135674476624e-02 1.504424028098583221e-02 3.036261722445487976e-02 2.895225211977958679e-02 1.339736115187406540e-02 3.913804516196250916e-02 6.604563444852828979e-03 6.437986157834529877e-04 7.898840121924877167e-03 1.635517552495002747e-02 1.000497397035360336e-02 3.441698849201202393e-02 2.737855911254882812e-02 2.197863347828388214e-02 8.330231532454490662e-03 4.505619406700134277e-03 8.082960732281208038e-03 2.189205773174762726e-02 1.121030375361442566e-02 8.180043846368789673e-02 2.904327027499675751e-02 2.083720639348030090e-02 2.288396470248699188e-02 1.681748591363430023e-02
