1.970374584197998047e-01 1.665230244398117065e-01 1.943810284137725830e-02 8.407618734054267406e-04 2.187218703329563141e-02 1.422980725765228271e-01 8.516462147235870361e-02 1.320957392454147339e-02 7.027429342269897461e-02 3.536308556795120239e-02 1.022109165787696838e-01 1.150777284055948257e-02 6.408048421144485474e-02 3.009284660220146179e-02 4.839774221181869507e-02 3.781937062740325928e-02 3.568649291992187500e-02 1.089990418404340744e-02 4.888954758644104004e-02 2.752784453332424164e-02 2.433565817773342133e-02 2.374277636408805847e-02 1.563256420195102692e-02 1.883261650800704956e-02 3.271691873669624329e-02 5.778098106384277344e-02 2.540927194058895111e-02 7.073153555393218994e-02 3.608172386884689331e-02 8.008967339992523193e-02 2.441188134253025055e-02 8.068647235631942749e-03 1.207085326313972473e-02 5.874457769095897675e-03 5.789589136838912964e-03 2.565966174006462097e-02 2.160178869962692261e-02 4.978228360414505005e-03 1.933385990560054779e-02 1.806142739951610565e-02 1.282365620136260986e-02 9.113652631640434265e-03 1.182341389358043671e-02 4.208969883620738983e-03 2.037963131442666054e-03 6.407800316810607910e-02 7.437163591384887695e-02 4.744939133524894714e-02 4.953556135296821594e-02 1.164660323411226273e-02 3.483042120933532715e-02 4.579259082674980164e-02 1.127979438751935959e-02 1.545966509729623795e-02 4.210975021123886108e-02 2.200108394026756287e-02 6.058531254529953003e-02 6.103031337261199951e-02 1.499705482274293900e-02 1.586591452360153198e-02 1.765794679522514343e-02 1.616121083498001099e-02 2.708274405449628830e-03 1.335771195590496063e-02 1.665480062365531921e-02 6.409052293747663498e-03 7.960299961268901825e-03 3.941050963476300240e-04 5.161774158477783203e-02 3.543340787291526794e-02 3.950752317905426025e-02 7.287216372787952423e-03 1.598750986158847809e-02 1.407325267791748047e-02 2.705883979797363281e-02 1.502852421253919601e-02 7.174440473318099976e-02 1.987968571484088898e-02 2.053779177367687225e-02 2.037074230611324310e-02 3.388809412717819214e-02 2.764278650283813477e-02 1.133237848989665508e-03 2.394891902804374695e-02 2.005676506087183952e-03 6.354495417326688766e-03 9.795841760933399200e-03 1.929655484855175018e-02 4.348696768283843994e-02 4.604632779955863953e-02 8.735963702201843262e-02 8.122015744447708130e-03 1.295521296560764313e-02 6.060818210244178772e-03 2.140067890286445618e-02 5.187742412090301514e-03 2.942866459488868713e-02 8.722325786948204041e-03 6.703821476548910141e-03 3.669661283493041992e-02 2.868306636810302734e-02 3.796170651912689209e-02 1.230259542353451252e-03 1.537630893290042877e-02 8.865658193826675415e-03 1.175147574394941330e-02 3.362641483545303345e-02 2.246496081352233887e-02 4.712300375103950500e-03 5.969229340553283691e-02 1.178813260048627853e-02 3.242529183626174927e-02 1.657640677876770496e-03 2.879034169018268585e-02 6.229946389794349670e-03 2.024232596158981323e-02
1.665230244398117065e-01 2.201116979122161865e-01 3.015220724046230316e-02 1.527827885001897812e-02 1.975784078240394592e-03 1.168404966592788696e-01 9.646669030189514160e-02 9.955157293006777763e-04 9.195308387279510498e-02 2.926056645810604095e-02 5.319881439208984375e-02 1.703050802461802959e-03 8.112588524818420410e-02 3.492958098649978638e-02 5.497300997376441956e-02 3.308345377445220947e-02 2.535919845104217529e-02 6.296057719737291336e-03 3.689206205308437347e-03 7.701164111495018005e-03 1.311753224581480026e-02 3.446722030639648438e-02 1.214497536420822144e-02 1.180193480104207993e-02 3.197825700044631958e-02 6.202115118503570557e-02 2.173135057091712952e-02 7.322805374860763550e-02 1.097788452170789242e-03 7.985326647758483887e-02 4.749611765146255493e-02 2.880421839654445648e-02 9.582599624991416931e-03 1.543903723359107971e-02 1.177022606134414673e-02 2.463469095528125763e-02 2.114036120474338531e-02 1.745871454477310181e-02 1.594319939613342285e-02 3.066193079575896263e-03 2.850203309208154678e-03 2.316956780850887299e-02 1.278014387935400009e-02 9.728596545755863190e-03 7.067517191171646118e-02 6.488483864814043045e-03 8.751700073480606079e-02 3.673947416245937347e-03 3.619140014052391052e-02 1.180620212107896805e-02 8.360580354928970337e-02 1.758292689919471741e-02 2.031756192445755005e-02 2.471965365111827850e-02 3.502386808395385742e-02 2.165392599999904633e-02 7.456066459417343140e-02 9.005364030599594116e-02 5.159840453416109085e-03 8.195908740162849426e-03 3.467271162662655115e-04 2.136400155723094940e-02 8.629548363387584686e-03 2.215262502431869507e-03 1.306662335991859436e-02 9.029008448123931885e-03 5.220256280153989792e-03 2.775055821985006332e-03 6.352977454662322998e-02 2.736899256706237793e-02 5.124321579933166504e-02 5.039238557219505310e-02 3.869869560003280640e-02 9.870401769876480103e-02 5.245551094412803650e-02 3.991040959954261780e-02 6.061445176601409912e-02 3.753305971622467041e-02 3.540129959583282471e-02 5.888505838811397552e-03 2.474878355860710144e-02 9.697114583104848862e-04 2.826334722340106964e-02 2.535908482968807220e-03 2.553156763315200806e-02 1.729873009026050568e-02 6.474322639405727386e-03 2.328506205230951309e-03 4.565086588263511658e-02 1.292728073894977570e-02 1.315154135227203369e-01 1.787578314542770386e-02 8.517255634069442749e-02 1.184650789946317673e-02 3.277904540300369263e-02 7.906800135970115662e-03 3.108192980289459229e-02 1.442797388881444931e-02 1.259654108434915543e-02 1.610455662012100220e-02 3.262611478567123413e-02 4.809935018420219421e-02 2.523759007453918457e-02 1.352587807923555374e-02 1.008260529488325119e-02 1.646701991558074951e-02 3.792184218764305115e-02 2.410204894840717316e-02 2.755191922187805176e-02 7.707794755697250366e-02 3.785213455557823181e-02 3.588971868157386780e-02 4.821420181542634964e-03 3.756207972764968872e-02 2.643767185509204865e-02 1.490285620093345642e-02
1.943810284137725830e-02 3.015220724046230316e-02 1.266796439886093140e-01 8.701099082827568054e-03 2.767403377220034599e-03 1.939070038497447968e-02 1.959186419844627380e-02 1.361141204833984375e-01 2.151456428691744804e-03 3.550542891025543213e-02 4.994672536849975586e-02 1.314593572169542313e-02 2.741539105772972107e-02 4.405761137604713440e-02 4.077225551009178162e-02 1.636286033317446709e-03 2.740184310823678970e-03 2.301989123225212097e-03 1.966373296454548836e-03 3.907782584428787231e-02 8.473653346300125122e-03 1.955556683242321014e-02 2.612252533435821533e-02 8.463302627205848694e-03 1.355804037302732468e-02 1.834489405155181885e-02 2.553930692374706268e-02 4.757038876414299011e-02 2.440012246370315552e-02 6.016637012362480164e-02 3.966782242059707642e-02 3.231460973620414734e-02 4.111213982105255127e-02 1.684370078146457672e-02 1.131966430693864822e-02 2.368296729400753975e-03 1.922872033901512623e-03 6.563810631632804871e-03 1.189561001956462860e-02 3.199614211916923523e-02 1.257374696433544159e-02 2.868218719959259033e-02 4.030376672744750977e-02 9.870812296867370605e-02 7.849810644984245300e-03 2.194139361381530762e-02 1.225394662469625473e-02 6.554249674081802368e-02 1.349283754825592041e-02 1.065391208976507187e-02 7.329731434583663940e-02 6.901509314775466919e-02 1.725448854267597198e-02 1.317091938108205795e-02 9.326358325779438019e-03 1.830621995031833649e-02 1.078725140541791916e-02 1.685204543173313141e-02 6.605187058448791504e-02 1.658892072737216949e-02 8.503524586558341980e-03 3.681410476565361023e-02 6.825038231909275055e-03 1.403154246509075165e-02 1.032030675560235977e-02 2.229770831763744354e-02 3.427309915423393250e-02 1.485659088939428329e-02 2.874664776027202606e-02 3.271585330367088318e-02 3.278505802154541016e-02 5.767372902482748032e-03 3.459121286869049072e-02 1.234425455331802368e-01 2.071523666381835938e-02 3.946515172719955444e-02 7.918540388345718384e-03 2.067308314144611359e-02 3.579235076904296875e-02 2.259376831352710724e-02 2.043365687131881714e-01 1.605136245489120483e-01 1.410366129130125046e-02 6.761747412383556366e-03 1.967490836977958679e-02 1.541886944323778152e-02 5.450342595577239990e-02 3.334131464362144470e-02 3.650460764765739441e-02 3.636071830987930298e-02 3.285379149019718170e-03 8.787874132394790649e-03 1.373402774333953857e-02 1.242653746157884598e-02 2.023283205926418304e-02 7.076278328895568848e-03 3.236309275962412357e-04 1.010388415306806564e-02 2.451819181442260742e-02 3.824796155095100403e-02 4.356760159134864807e-02 7.080386858433485031e-03 3.926331922411918640e-02 2.952096052467823029e-02 2.727521955966949463e-02 1.923373714089393616e-02 4.952575638890266418e-02 3.199960291385650635e-02 4.344919580034911633e-04 5.752829462289810181e-02 2.236307784914970398e-02 3.194142132997512817e-02 5.032276269048452377e-03 6.463951617479324341e-02 3.065339755266904831e-03 9.309645742177963257e-03
8.407618734054267406e-04 1.527827885001897812e-02 8.701099082827568054e-03 1.776745170354843140e-01 1.814891546964645386e-01 5.049587786197662354e-02 1.775184937287122011e-04 2.023911662399768829e-02 1.631080731749534607e-02 4.163504019379615784e-02 2.366583421826362610e-02 1.278619654476642609e-02 1.480759703554213047e-03 6.053594499826431274e-02 1.975697465240955353e-02 3.126073395833373070e-03 6.047918461263179779e-03 4.803043231368064880e-02 5.154357478022575378e-02 6.297629792243242264e-03 1.066039595752954483e-02 2.531554922461509705e-02 1.563488505780696869e-02 7.831113762222230434e-04 1.453912165015935898e-02 2.209678851068019867e-02 8.407511748373508453e-03 2.758299000561237335e-02 3.373367944732308388e-03 1.796439476311206818e-02 2.045340836048126221e-02 2.227131836116313934e-02 2.448701858520507812e-02 3.219757461920380592e-03 2.464722283184528351e-02 1.304027438163757324e-02 2.113706804811954498e-02 2.690989151597023010e-02 8.273236453533172607e-02 2.434001117944717407e-02 1.254205964505672455e-02 1.214691717177629471e-02 1.664271950721740723e-02 1.657216623425483704e-02 2.668172679841518402e-02 1.500589679926633835e-02 4.005796089768409729e-02 3.777549415826797485e-02 3.164841979742050171e-02 2.025212161242961884e-02 3.141871094703674316e-02 2.654372481629252434e-03 1.381807681173086166e-02 4.070657305419445038e-03 1.122757140547037125e-02 1.726647489704191685e-03 3.735790029168128967e-02 1.326309796422719955e-02 1.775991544127464294e-02 9.317774325609207153e-03 5.768765509128570557e-02 4.268078878521919250e-02 8.125083148479461670e-02 4.869372770190238953e-02 2.596763428300619125e-03 2.330725267529487610e-02 8.674413897097110748e-03 6.173127330839633942e-03 3.358538821339607239e-02 7.513810414820909500e-04 3.885149955749511719e-02 4.443071037530899048e-02 1.335984766483306885e-01 8.975913748145103455e-03 8.653653413057327271e-02 1.184794120490550995e-02 3.980354592204093933e-02 1.915466226637363434e-02 2.121344394981861115e-02 2.762917429208755493e-02 2.670134650543332100e-03 1.478578057140111923e-02 6.599111109972000122e-02 6.353814154863357544e-02 6.742161232978105545e-03 1.561219058930873871e-02 2.312365546822547913e-02 2.181851677596569061e-02 1.123662739992141724e-01 3.628289559856057167e-03 6.782330106943845749e-03 9.357385570183396339e-04 1.096550375223159790e-02 7.570328190922737122e-03 2.080000191926956177e-02 8.861271664500236511e-03 5.906633101403713226e-03 4.625047743320465088e-02 1.428144611418247223e-02 3.352889046072959900e-02 1.756680756807327271e-02 5.904827266931533813e-03 3.568121790885925293e-02 3.042604029178619385e-02 1.007825043052434921e-02 1.310101943090558052e-03 2.216561511158943176e-02 3.158962354063987732e-02 2.299333736300468445e-02 2.030777558684349060e-02 3.805102780461311340e-02 3.505340591073036194e-02 1.567301712930202484e-02 1.668852940201759338e-02 5.195263074710965157e-04 1.802478102035820484e-03
2.187218703329563141e-02 1.975784078240394592e-03 2.767403377220034599e-03 1.814891546964645386e-01 1.969283819198608398e-01 6.933682016097009182e-04 5.911958590149879456e-02 8.598598651587963104e-03 5.514770373702049255e-02 1.994065940380096436e-02 2.128490060567855835e-02 5.956112965941429138e-02 1.853747991845011711e-03 1.404007431119680405e-02 3.577532619237899780e-02 8.842660114169120789e-03 1.251513510942459106e-02 9.321296960115432739e-02 8.597710728645324707e-02 1.380027271807193756e-02 1.108464039862155914e-02 2.150580659508705139e-02 3.675874695181846619e-02 2.238496765494346619e-02 6.144263315945863724e-04 1.400513201951980591e-02 5.608013831079006195e-03 4.247719049453735352e-02 1.799640990793704987e-02 3.551300242543220520e-02 4.027072712779045105e-02 6.424566730856895447e-03 4.464175924658775330e-02 8.820435032248497009e-03 4.556486755609512329e-02 3.906476777046918869e-03 7.530836388468742371e-03 1.965964026749134064e-02 6.854396313428878784e-02 5.505098029971122742e-02 6.192181725054979324e-03 1.913121715188026428e-02 4.311704542487859726e-03 3.673702303785830736e-04 1.774205453693866730e-02 1.113628409802913666e-02 4.444516450166702271e-02 3.970909491181373596e-02 2.047095820307731628e-02 2.208072319626808167e-02 3.402146697044372559e-02 1.581679843366146088e-02 2.561295591294765472e-02 1.549384836107492447e-02 3.945248201489448547e-03 5.213958024978637695e-02 1.663563400506973267e-02 2.374504879117012024e-02 3.758911043405532837e-03 3.056185506284236908e-02 5.485539510846138000e-02 5.649137869477272034e-02 6.262565404176712036e-02 9.532850980758666992e-02 1.996816694736480713e-02 4.366398323327302933e-03 1.042676810175180435e-02 5.588850937783718109e-03 6.484802346676588058e-03 3.866799175739288330e-03 4.486126452684402466e-02 3.307564556598663330e-02 9.945218265056610107e-02 2.161723002791404724e-02 8.697550743818283081e-02 6.566766183823347092e-03 5.692692101001739502e-02 8.312645554542541504e-02 4.517690464854240417e-02 3.205369785428047180e-02 5.007798317819833755e-03 2.958005527034401894e-03 9.356500953435897827e-02 1.264727413654327393e-01 2.168937213718891144e-02 1.079333480447530746e-02 2.812811546027660370e-02 1.834189705550670624e-02 1.202563103288412094e-02 3.251682734116911888e-03 8.199464529752731323e-03 4.922482650727033615e-03 5.904793366789817810e-02 8.850470185279846191e-03 1.955221220850944519e-02 1.046363171190023422e-02 1.668583042919635773e-02 2.368769375607371330e-03 9.293908253312110901e-03 1.858911104500293732e-02 1.410532556474208832e-02 1.368978898972272873e-02 1.133057754486799240e-02 9.835459059104323387e-04 1.246079429984092712e-02 1.064156088978052139e-02 1.791381090879440308e-02 1.483660936355590820e-02 1.968110539019107819e-02 1.360158156603574753e-02 7.565274718217551708e-04 4.117105621844530106e-03 1.562469359487295151e-02 1.254199538379907608e-02 3.388246893882751465e-02 4.183984547853469849e-02
1.422980725765228271e-01 1.168404966592788696e-01 1.939070038497447968e-02 5.049587786197662354e-02 6.933682016097009182e-04 2.554979622364044189e-01 2.339518517255783081e-01 5.113821849226951599e-02 1.822073571383953094e-02 3.320239018648862839e-03 8.448362350463867188e-02 5.422787368297576904e-02 8.752983808517456055e-02 7.123082876205444336e-02 5.198772624135017395e-02 4.949415102601051331e-02 3.998322039842605591e-02 3.316729515790939331e-02 2.922682836651802063e-02 4.874264821410179138e-03 4.034161567687988281e-02 1.834361068904399872e-02 6.884997338056564331e-02 4.495874419808387756e-02 9.823621250689029694e-03 2.914893440902233124e-02 2.997898031026124954e-03 6.547551602125167847e-02 1.283011306077241898e-02 3.991580009460449219e-02 7.229666411876678467e-02 2.022350206971168518e-02 2.141820878023281693e-04 1.543286349624395370e-02 2.907347399741411209e-03 5.186212807893753052e-02 2.701856940984725952e-02 2.016698569059371948e-02 2.906208671629428864e-02 1.098054577596485615e-03 1.972065679728984833e-02 5.361638497561216354e-03 5.408666562288999557e-03 3.378352150321006775e-02 9.750837832689285278e-02 4.730711504817008972e-02 1.935864537954330444e-01 1.287759542465209961e-01 3.554453328251838684e-02 4.603787511587142944e-02 1.164522469043731689e-01 8.183639496564865112e-03 1.312365639023482800e-03 3.113226732239127159e-03 2.920489758253097534e-02 3.254858404397964478e-02 2.354142814874649048e-02 4.198122769594192505e-02 4.354025796055793762e-02 3.219338506460189819e-02 2.282576635479927063e-02 8.032224141061306000e-03 2.092396654188632965e-02 3.005103021860122681e-02 5.610953550785779953e-03 3.485901048406958580e-03 5.828208290040493011e-03 2.919886633753776550e-02 3.826405107975006104e-02 2.999576739966869354e-02 3.045981284230947495e-03 1.937034912407398224e-02 3.296023607254028320e-02 4.540941119194030762e-02 4.220839962363243103e-02 1.009715162217617035e-02 1.000352576375007629e-02 2.166391536593437195e-02 6.323814392089843750e-02 1.748854666948318481e-02 1.436275430023670197e-02 1.957789622247219086e-02 2.213748171925544739e-02 3.695838525891304016e-02 4.568837117403745651e-03 1.199913304299116135e-02 7.532582152634859085e-03 9.891273453831672668e-03 4.086572676897048950e-02 3.344754502177238464e-02 6.168563663959503174e-02 1.197424251586198807e-02 1.738862483762204647e-03 1.906384597532451153e-03 1.000824756920337677e-02 2.901912201195955276e-03 1.201458089053630829e-02 2.526630647480487823e-02 5.473614111542701721e-02 2.666736394166946411e-02 7.923607714474201202e-03 1.794124394655227661e-02 4.377854987978935242e-02 3.076774999499320984e-02 3.619296848773956299e-02 1.825453527271747589e-02 1.877006143331527710e-02 3.788986802101135254e-02 1.245977077633142471e-02 6.011774390935897827e-02 2.980287931859493256e-02 1.846172846853733063e-02 7.860774174332618713e-03 6.645129527896642685e-03 1.280284300446510315e-02 2.342899329960346222e-02
8.516462147235870361e-02 9.646669030189514160e-02 1.959186419844627380e-02 1.775184937287122011e-04 5.911958590149879456e-02 2.339518517255783081e-01 2.945181727409362793e-01 4.400188103318214417e-02 4.519595578312873840e-02 6.932069361209869385e-02 6.659978628158569336e-02 6.671275943517684937e-02 7.748484611511230469e-02 1.482265293598175049e-01 3.729234635829925537e-02 3.885792195796966553e-02 4.493129998445510864e-02 3.337184712290763855e-02 5.165706574916839600e-02 4.819852765649557114e-03 8.310781791806221008e-03 2.987328916788101196e-02 3.763160854578018188e-02 5.106264352798461914e-02 7.424837443977594376e-03 1.169468741863965988e-02 4.573254380375146866e-03 1.311946893110871315e-03 3.820354351773858070e-03 6.441666744649410248e-03 7.726020365953445435e-02 2.079965732991695404e-02 4.097467288374900818e-02 1.091345795430243015e-03 4.397079721093177795e-02 3.262763842940330505e-02 3.058208338916301727e-02 6.615531165152788162e-04 4.768078401684761047e-02 3.235590085387229919e-02 7.488179951906204224e-03 1.006989181041717529e-02 2.598699415102601051e-03 5.900308955460786819e-03 9.680954739451408386e-03 5.965387448668479919e-02 2.369910627603530884e-01 2.888697385787963867e-01 1.922068744897842407e-02 2.388956584036350250e-02 1.150963008403778076e-01 2.954629994928836823e-02 1.257091201841831207e-02 7.253047078847885132e-03 7.801376283168792725e-03 1.342218369245529175e-02 1.819369383156299591e-02 2.119354205206036568e-03 7.069293409585952759e-03 2.056021243333816528e-02 2.252169325947761536e-02 3.090725280344486237e-02 9.205183945596218109e-03 1.220593415200710297e-02 2.158582955598831177e-02 2.024284913204610348e-05 3.301342949271202087e-03 6.545004434883594513e-03 1.643248833715915680e-03 2.310519106686115265e-02 4.358425736427307129e-03 2.089723199605941772e-02 2.334601618349552155e-02 2.852224931120872498e-02 5.043198913335800171e-02 3.414623439311981201e-02 4.097465425729751587e-02 5.530169606208801270e-02 1.167522743344306946e-03 1.988056860864162445e-02 2.262060530483722687e-02 8.452683687210083008e-03 2.765366621315479279e-02 1.988982409238815308e-02 1.574257621541619301e-03 1.637313980609178543e-03 2.153607457876205444e-02 3.247674182057380676e-02 1.724975183606147766e-03 1.696616038680076599e-02 8.334299176931381226e-02 3.407811746001243591e-03 1.209508255124092102e-01 1.246893079951405525e-03 9.453160688281059265e-03 1.309949532151222229e-02 1.837763190269470215e-02 5.378397647291421890e-03 1.987177878618240356e-02 1.851641759276390076e-02 1.298148278146982193e-02 2.382184751331806183e-02 7.602965459227561951e-03 1.253573782742023468e-02 4.337868653237819672e-03 7.441346533596515656e-04 3.166146110743284225e-03 2.676106430590152740e-02 2.143848873674869537e-02 1.461049914360046387e-02 3.144825808703899384e-03 1.623787451535463333e-03 2.168043889105319977e-02 8.043236099183559418e-03 2.173299528658390045e-02 1.939087733626365662e-02
1.320957392454147339e-02 9.955157293006777763e-04 1.361141204833984375e-01 2.023911662399768829e-02 8.598598651587963104e-03 5.113821849226951599e-02 4.400188103318214417e-02 1.421219259500503540e-01 2.567519247531890869e-02 4.354232922196388245e-02 2.161507308483123779e-02 1.052587479352951050e-02 2.739676972851157188e-03 2.171443030238151550e-02 5.164678767323493958e-02 2.024786360561847687e-02 1.727556250989437103e-02 4.499838687479496002e-03 1.548721548169851303e-02 2.817149087786674500e-02 2.339194901287555695e-02 2.638832852244377136e-02 1.841361075639724731e-02 8.349609561264514923e-03 1.797800324857234955e-02 1.825423911213874817e-02 1.636672578752040863e-02 2.165060304105281830e-02 3.087587654590606689e-02 6.450880318880081177e-02 1.999946124851703644e-02 1.585941202938556671e-02 4.716034512966871262e-03 8.186964318156242371e-03 7.624821737408638000e-03 1.094570383429527283e-02 7.855598814785480499e-03 1.946649514138698578e-02 2.351923659443855286e-02 1.184139773249626160e-02 1.189890783280134201e-02 4.150574561208486557e-03 7.175754290074110031e-03 2.111433632671833038e-02 3.828312456607818604e-02 2.175650186836719513e-02 1.035900972783565521e-02 3.835416585206985474e-02 2.119646407663822174e-03 1.619102258700877428e-04 5.705358088016510010e-02 3.696789965033531189e-02 2.338906191289424896e-02 2.239892445504665375e-02 6.496691494248807430e-04 1.476989034563302994e-02 1.627994934096932411e-03 2.348436973989009857e-02 4.393924772739410400e-02 2.859501354396343231e-02 1.825537532567977905e-02 1.743756234645843506e-02 1.680587418377399445e-02 9.314995259046554565e-03 1.148998923599720001e-02 2.081398619338870049e-03 2.371768467128276825e-02 2.207558974623680115e-02 9.357532486319541931e-03 2.516252174973487854e-02 2.068004198372364044e-02 7.931445725262165070e-03 2.133221365511417389e-02 5.206865724176168442e-03 3.181862831115722656e-02 7.697870489209890366e-03 2.299563027918338776e-02 1.724903471767902374e-02 7.147930562496185303e-03 1.309729274362325668e-02 1.136428788304328918e-01 1.165380403399467468e-01 6.516832392662763596e-03 4.554685205221176147e-03 2.434439584612846375e-02 1.482090167701244354e-02 6.431808322668075562e-02 6.984479725360870361e-02 4.376639798283576965e-02 3.839771030470728874e-03 1.793327927589416504e-02 1.348387356847524643e-02 1.850837096571922302e-02 5.247638095170259476e-03 1.903559081256389618e-02 7.333490066230297089e-03 1.143540255725383759e-02 2.472831169143319130e-03 2.195570617914199829e-02 3.626585006713867188e-02 2.483191527426242828e-02 5.942626856267452240e-03 6.072954740375280380e-03 1.039235386997461319e-02 2.447127597406506538e-03 8.402773179113864899e-03 2.266901172697544098e-02 2.039520069956779480e-03 4.931494593620300293e-03 1.366729941219091415e-02 2.426478825509548187e-02 2.694611810147762299e-02 1.164629682898521423e-02 1.224830094724893570e-02 9.451448917388916016e-03 3.896425291895866394e-02
7.027429342269897461e-02 9.195308387279510498e-02 2.151456428691744804e-03 1.631080731749534607e-02 5.514770373702049255e-02 1.822073571383953094e-02 4.519595578312873840e-02 2.567519247531890869e-02 2.090267688035964966e-01 1.784831732511520386e-01 1.349320984445512295e-03 2.990155853331089020e-02 6.212415173649787903e-03 4.739883914589881897e-02 2.071707509458065033e-02 3.222180902957916260e-02 1.061322726309299469e-02 4.975228756666183472e-02 1.636916422285139561e-03 5.898882634937763214e-03 3.663207404315471649e-03 9.437821805477142334e-03 5.122201051563024521e-03 5.217260867357254028e-02 3.043554536998271942e-02 9.524905122816562653e-03 3.200726211071014404e-02 2.902381308376789093e-02 5.587962269783020020e-02 2.458386588841676712e-03 4.499102756381034851e-02 4.385291598737239838e-03 1.158174127340316772e-02 5.227832123637199402e-02 7.803145330399274826e-03 3.507945314049720764e-02 3.753871191293001175e-03 2.399246906861662865e-03 2.421230077743530273e-02 2.313756011426448822e-02 3.612207621335983276e-02 1.014714967459440231e-02 2.593032829463481903e-02 3.634387627243995667e-02 4.673723503947257996e-02 2.107607387006282806e-02 2.981754578649997711e-02 6.923869997262954712e-02 4.830236732959747314e-02 1.970624923706054688e-02 7.244746387004852295e-02 1.674777083098888397e-02 1.397943776100873947e-02 1.451389025896787643e-02 1.013056561350822449e-01 5.452268291264772415e-03 8.416263759136199951e-02 2.657064981758594513e-02 6.776606664061546326e-03 4.550409503281116486e-03 4.382388293743133545e-02 5.016950517892837524e-02 1.613575965166091919e-02 1.236328855156898499e-02 4.531533271074295044e-02 1.987507194280624390e-02 6.104460917413234711e-04 2.475791051983833313e-02 1.269781887531280518e-01 1.405956782400608063e-02 7.492334395647048950e-02 8.921039290726184845e-03 2.981689199805259705e-02 8.621177822351455688e-02 1.195641048252582550e-02 5.083505995571613312e-03 2.737497091293334961e-01 1.265662610530853271e-01 1.010250821709632874e-01 1.266745477914810181e-02 1.732541946694254875e-03 2.133378200232982635e-02 6.323422491550445557e-02 3.387994319200515747e-02 3.113135229796171188e-03 3.543350100517272949e-02 2.824990311637520790e-03 5.616729333996772766e-02 9.738738834857940674e-02 4.499903321266174316e-02 6.863843649625778198e-02 3.741522878408432007e-02 6.552134454250335693e-02 1.490773912519216537e-02 2.356339618563652039e-02 1.553086563944816589e-02 4.274607449769973755e-02 8.903299458324909210e-03 5.356120876967906952e-03 5.193843040615320206e-03 1.023739669471979141e-02 4.870034754276275635e-02 1.306376513093709946e-02 4.901427892036736012e-04 2.382162027060985565e-03 2.956184744834899902e-02 9.392568841576576233e-03 4.359637852758169174e-03 2.321054786443710327e-02 6.946113705635070801e-02 4.467207938432693481e-02 4.385121911764144897e-02 2.728295139968395233e-02 3.463171795010566711e-02 1.180186308920383453e-02 5.854494124650955200e-02
3.536308556795120239e-02 2.926056645810604095e-02 3.550542891025543213e-02 4.163504019379615784e-02 1.994065940380096436e-02 3.320239018648862839e-03 6.932069361209869385e-02 4.354232922196388245e-02 1.784831732511520386e-01 2.281041890382766724e-01 8.089289069175720215e-03 2.455455064773559570e-02 1.535251177847385406e-02 2.498408779501914978e-02 1.397425215691328049e-02 3.722924366593360901e-02 2.998704090714454651e-02 7.647088728845119476e-03 7.018110901117324829e-02 4.663621075451374054e-03 3.139323368668556213e-02 2.271627448499202728e-02 4.956882074475288391e-02 2.998826652765274048e-02 7.032085675746202469e-03 3.464158251881599426e-02 4.202346876263618469e-02 3.344799950718879700e-02 2.881817892193794250e-02 3.754765167832374573e-02 9.014651924371719360e-02 1.338182110339403152e-02 2.399303019046783447e-02 2.065786346793174744e-02 8.918398059904575348e-03 1.510435994714498520e-02 3.924440592527389526e-02 1.920261234045028687e-02 3.787600249052047729e-02 2.150305733084678650e-02 2.561503835022449493e-02 3.783742710947990417e-02 2.956475876271724701e-02 8.482576161623001099e-02 7.999763637781143188e-02 6.268401443958282471e-02 7.095053046941757202e-02 1.085106749087572098e-02 5.799019709229469299e-02 8.681172132492065430e-02 8.488480746746063232e-02 1.477298792451620102e-02 6.842280738055706024e-03 9.766047820448875427e-03 4.216326773166656494e-02 8.905944973230361938e-02 4.041152074933052063e-03 6.064404547214508057e-02 7.532476913183927536e-03 8.481054008007049561e-02 2.132119797170162201e-02 2.321825362741947174e-02 1.545741036534309387e-02 3.944055177271366119e-03 2.594703622162342072e-02 6.454651057720184326e-02 1.065795216709375381e-02 3.333172947168350220e-02 2.375533804297447205e-02 7.777605205774307251e-03 7.394132763147354126e-02 4.605933278799057007e-02 7.406190037727355957e-02 6.045987457036972046e-02 4.303602874279022217e-02 4.267437011003494263e-02 7.470725476741790771e-02 2.454311549663543701e-01 7.229550182819366455e-02 1.929248571395874023e-01 1.166841015219688416e-02 1.552571821957826614e-02 2.781645208597183228e-02 4.973918199539184570e-02 3.184028342366218567e-02 6.026200950145721436e-03 2.947935275733470917e-02 4.885506629943847656e-02 1.164145767688751221e-01 1.279638707637786865e-01 4.546801373362541199e-02 9.058999828994274139e-03 1.186864972114562988e-01 1.243355218321084976e-02 9.269596077501773834e-03 4.272231087088584900e-02 6.422185152769088745e-02 4.906361177563667297e-02 2.360577881336212158e-02 7.511292351409792900e-04 1.351934578269720078e-02 4.180696979165077209e-02 5.206080153584480286e-02 3.420885652303695679e-03 4.394403100013732910e-02 4.480554908514022827e-02 2.056532353162765503e-02 5.010693147778511047e-02 1.346325851045548916e-03 1.387009024620056152e-01 3.902112692594528198e-02 2.737925387918949127e-02 2.014050446450710297e-02 2.561700530350208282e-02 2.068730443716049194e-02 4.815386608242988586e-02
1.022109165787696838e-01 5.319881439208984375e-02 4.994672536849975586e-02 2.366583421826362610e-02 2.128490060567855835e-02 8.448362350463867188e-02 6.659978628158569336e-02 2.161507308483123779e-02 1.349320984445512295e-03 8.089289069175720215e-03 1.377492547035217285e-01 1.112007629126310349e-02 5.967644974589347839e-02 1.038753055036067963e-02 3.532279655337333679e-02 9.186383336782455444e-03 1.510803401470184326e-02 8.420297876000404358e-03 6.614308338612318039e-03 6.514032837003469467e-03 2.470555948093533516e-03 4.938115179538726807e-02 6.200395058840513229e-03 1.545264106243848801e-02 9.159497916698455811e-03 1.096821576356887817e-02 3.571257367730140686e-02 1.340451370924711227e-02 8.241180330514907837e-02 1.861143857240676880e-02 2.919512800872325897e-02 9.553645213600248098e-06 1.083682477474212646e-02 1.639037206768989563e-02 1.649546250700950623e-02 4.213526472449302673e-02 4.790576919913291931e-02 8.020400069653987885e-03 1.812719856388866901e-03 1.027428265661001205e-02 2.052298560738563538e-02 2.601449191570281982e-02 1.641951128840446472e-02 3.606545552611351013e-02 8.427013456821441650e-02 6.258507072925567627e-02 8.720318973064422607e-02 5.551960319280624390e-02 1.037801615893840790e-02 8.638603612780570984e-03 2.683210186660289764e-02 3.135665506124496460e-02 2.244679816067218781e-02 3.484622389078140259e-02 2.672205679118633270e-03 5.068056285381317139e-03 1.164779346436262131e-02 1.274512964300811291e-03 1.056114491075277328e-02 2.394225448369979858e-02 5.868439562618732452e-03 1.700179278850555420e-02 2.225288888439536095e-03 1.718003489077091217e-02 5.709062889218330383e-02 4.089605435729026794e-02 2.563275862485170364e-03 1.306226570159196854e-02 1.820326782763004303e-03 3.010512515902519226e-02 1.480727735906839371e-02 3.170858696103096008e-02 1.530354376882314682e-02 4.217728227376937866e-02 8.632975630462169647e-03 9.147990494966506958e-03 3.046215698122978210e-02 5.449103191494941711e-02 2.502800710499286652e-02 1.631479337811470032e-02 3.745293244719505310e-02 2.739214524626731873e-02 6.528576835989952087e-03 4.349573981016874313e-03 9.781708009541034698e-03 2.102505974471569061e-02 1.639468036592006683e-02 4.774841479957103729e-03 5.667523667216300964e-02 1.733916811645030975e-02 4.644858837127685547e-02 4.174926877021789551e-02 1.638524979352951050e-02 1.294121146202087402e-02 1.513285655528306961e-02 1.500346697866916656e-02 4.668134078383445740e-02 7.044490426778793335e-03 1.545512024313211441e-02 4.153418540954589844e-02 3.233531024307012558e-04 6.828123703598976135e-03 2.041470259428024292e-02 1.798843033611774445e-02 3.002630732953548431e-02 2.027392946183681488e-02 1.316788885742425919e-02 8.554138243198394775e-03 3.905990626662969589e-03 1.895871572196483612e-02 2.553441189229488373e-02 8.836570195853710175e-03 7.377180270850658417e-03 2.466863952577114105e-04 4.026088863611221313e-02 1.991250924766063690e-02
1.150777284055948257e-02 1.703050802461802959e-03 1.314593572169542313e-02 1.278619654476642609e-02 5.956112965941429138e-02 5.422787368297576904e-02 6.671275943517684937e-02 1.052587479352951050e-02 2.990155853331089020e-02 2.455455064773559570e-02 1.112007629126310349e-02 2.314814478158950806e-01 6.568259000778198242e-02 3.728277385234832764e-01 7.681318093091249466e-03 4.185128957033157349e-02 2.995807491242885590e-02 4.122604150325059891e-03 4.272882267832756042e-02 3.120615612715482712e-03 2.395336888730525970e-02 3.014277480542659760e-02 7.291261851787567139e-02 1.085330918431282043e-02 1.844488829374313354e-02 1.334442570805549622e-02 2.824593801051378250e-03 1.462239772081375122e-01 4.713273420929908752e-02 7.615721970796585083e-02 3.796107321977615356e-02 3.398923575878143311e-02 3.067021258175373077e-03 3.361646085977554321e-02 1.607746072113513947e-02 3.984767198562622070e-02 1.976051367819309235e-02 1.282156631350517273e-02 1.868494041264057159e-02 2.685521356761455536e-02 1.390801393426954746e-03 2.232102863490581512e-02 2.473664842545986176e-02 4.416989535093307495e-02 8.916893601417541504e-02 4.192259162664413452e-02 4.730291664600372314e-02 7.632698118686676025e-02 3.369510918855667114e-02 5.107982829213142395e-02 2.702040411531925201e-02 9.554478526115417480e-02 2.750778570771217346e-02 1.891901250928640366e-03 3.550030663609504700e-02 8.272376842796802521e-03 1.284713391214609146e-02 1.140892412513494492e-02 4.975527990609407425e-03 3.001449257135391235e-02 7.519838958978652954e-02 2.940673567354679108e-02 2.027902519330382347e-03 3.425444941967725754e-03 5.261234566569328308e-02 2.304245717823505402e-02 1.474046241492033005e-02 3.828556090593338013e-02 1.343635562807321548e-02 1.633924618363380432e-02 3.195862472057342529e-02 3.324904665350914001e-02 1.817836612462997437e-02 3.388376440852880478e-03 5.354432389140129089e-02 6.259955465793609619e-02 6.462307274341583252e-02 5.015455558896064758e-02 1.163863614201545715e-01 4.273245111107826233e-02 3.188698785379528999e-03 1.375510729849338531e-02 4.280238971114158630e-02 4.834472667425870895e-03 8.253237232565879822e-03 8.776649832725524902e-03 4.779848083853721619e-02 1.744140498340129852e-02 2.253283113241195679e-01 9.121067076921463013e-02 5.115965753793716431e-02 6.330576259642839432e-03 1.782951317727565765e-02 1.299279835075139999e-02 1.903136819601058960e-02 2.383080683648586273e-02 8.644885569810867310e-02 4.129719734191894531e-02 6.184781715273857117e-02 1.201385725289583206e-02 2.277624793350696564e-02 1.390678621828556061e-02 4.028401896357536316e-02 1.614438183605670929e-02 3.451072424650192261e-02 3.001005575060844421e-02 6.155838258564472198e-03 3.246230632066726685e-02 1.109503488987684250e-02 1.617781072854995728e-01 2.025167644023895264e-02 2.879077196121215820e-02 8.139468729496002197e-03 2.616504766047000885e-02 2.230287715792655945e-02 7.456164062023162842e-02
6.408048421144485474e-02 8.112588524818420410e-02 2.741539105772972107e-02 1.480759703554213047e-03 1.853747991845011711e-03 8.752983808517456055e-02 7.748484611511230469e-02 2.739676972851157188e-03 6.212415173649787903e-03 1.535251177847385406e-02 5.967644974589347839e-02 6.568259000778198242e-02 1.519467532634735107e-01 5.667851120233535767e-02 3.836741670966148376e-02 3.444224223494529724e-02 2.555194497108459473e-02 1.664839510340243578e-04 1.839163526892662048e-02 5.848831962794065475e-03 1.390458922833204269e-02 5.141023173928260803e-02 2.003536745905876160e-02 2.664202265441417694e-02 8.314744569361209869e-03 2.472407883033156395e-03 4.546691104769706726e-02 1.140696275979280472e-02 1.955458335578441620e-02 1.743584126234054565e-02 5.917517095804214478e-02 4.743187222629785538e-03 2.721575275063514709e-02 9.614994749426841736e-03 2.555868215858936310e-02 5.424981936812400818e-02 3.780251368880271912e-02 2.522027352824807167e-03 5.000890232622623444e-04 1.251807250082492828e-02 1.171917747706174850e-02 5.836389027535915375e-03 1.228261739015579224e-02 2.160370815545320511e-03 3.517973795533180237e-02 2.175487950444221497e-02 7.986514270305633545e-02 4.486599937081336975e-02 4.190816357731819153e-02 4.929355811327695847e-03 1.114160381257534027e-02 4.570343345403671265e-02 1.926191151142120361e-02 4.265132918953895569e-02 3.311526775360107422e-02 5.751128308475017548e-03 1.275810133665800095e-02 6.631281692534685135e-03 2.318294532597064972e-02 5.276324227452278137e-02 1.621552184224128723e-02 1.585924997925758362e-02 1.464489847421646118e-02 8.680768078193068504e-04 2.487300522625446320e-02 7.245783507823944092e-02 1.916998880915343761e-03 5.153249483555555344e-03 3.962580114603042603e-02 1.571194641292095184e-02 3.586432337760925293e-02 3.102018684148788452e-02 5.336166825145483017e-03 2.703867293894290924e-02 5.696210544556379318e-03 3.086480125784873962e-02 8.424725383520126343e-03 5.211828742176294327e-03 8.421424776315689087e-03 4.417619854211807251e-02 2.174047753214836121e-02 3.455393388867378235e-02 1.219832152128219604e-02 2.075447700917720795e-02 2.483346499502658844e-02 1.186488382518291473e-02 7.703230716288089752e-03 2.696877904236316681e-02 4.146370291709899902e-02 2.097433246672153473e-02 2.783156931400299072e-02 1.754304580390453339e-02 3.356444835662841797e-02 2.940846979618072510e-02 2.536364831030368805e-02 2.667660824954509735e-02 2.400282770395278931e-02 3.183472203090786934e-03 1.730851270258426666e-02 2.658985927700996399e-02 7.458903826773166656e-03 2.126273931935429573e-03 1.261821389198303223e-02 2.192655205726623535e-02 2.119203098118305206e-02 1.864538341760635376e-02 6.612910423427820206e-03 2.151848934590816498e-02 3.043148852884769440e-02 3.196534886956214905e-02 6.097407545894384384e-03 2.006726805120706558e-03 6.761001423001289368e-03 1.444581779651343822e-03 1.265270169824361801e-02 1.573396846652030945e-02
