1.027971226722002029e-02 1.723819971084594727e-01 1.860377565026283264e-02 5.155203398317098618e-04 1.851531490683555603e-02 8.214321732521057129e-02 3.012888506054878235e-02 4.686224739998579025e-03 3.250704705715179443e-02 4.674877226352691650e-02 4.247350990772247314e-01 3.735856711864471436e-02 5.986035801470279694e-03 2.284806594252586365e-02 4.935630038380622864e-02 1.543409656733274460e-02 1.281205937266349792e-02 3.418323025107383728e-02 4.050136357545852661e-02 8.354234509170055389e-03 5.237361788749694824e-02 8.083154261112213135e-02 3.000725805759429932e-02 2.491844631731510162e-02 9.874531999230384827e-03 1.160521153360605240e-02 5.447737872600555420e-02 2.175234444439411163e-02 3.613082692027091980e-02 1.957103051245212555e-02 1.258455365896224976e-01 8.189075626432895660e-03 1.333154365420341492e-02 3.343314677476882935e-02 2.563728764653205872e-02 1.624472253024578094e-02 5.509838461875915527e-02 2.478232607245445251e-02 6.749331019818782806e-03 3.032224997878074646e-02 3.266645595431327820e-02 5.061067640781402588e-02 1.445956807583570480e-02 6.042793765664100647e-02 2.305662818253040314e-02 3.400292992591857910e-02 1.018711254000663757e-01 1.602449826896190643e-02 5.256798490881919861e-02 5.223301053047180176e-02 3.771606832742691040e-02 3.842376172542572021e-02 5.513438954949378967e-02 3.131018579006195068e-02 8.909208700060844421e-03 2.463005948811769485e-03 4.258843138813972473e-02 3.316596150398254395e-02 2.255110815167427063e-02 5.134246870875358582e-02 1.409937068819999695e-02 7.466938346624374390e-02 3.692041849717497826e-03 4.330988973379135132e-02 3.700800612568855286e-02 1.649194397032260895e-02 1.177843846380710602e-02 7.449640892446041107e-03 3.081732615828514099e-02 2.546382509171962738e-02 3.008304163813591003e-02 7.131241261959075928e-02 3.063925169408321381e-02 3.937484696507453918e-02 2.559573855251073837e-03 8.086710423231124878e-02 3.912840783596038818e-02 1.353898737579584122e-02 3.712792648002505302e-03 4.790883883833885193e-02 1.469623856246471405e-02 6.579354405403137207e-02 1.907919882796704769e-03 2.200362272560596466e-02 5.558032542467117310e-02 5.286210030317306519e-02 1.230491921305656433e-01 4.143780469894409180e-02 5.421183072030544281e-03 8.466454222798347473e-03 4.012081772089004517e-02 9.415429830551147461e-02 3.494856506586074829e-02 2.759615704417228699e-02 1.999912597239017487e-02 2.601805143058300018e-02 2.227797545492649078e-02 4.556541144847869873e-02 6.315607577562332153e-02 8.967943489551544189e-03 3.376723080873489380e-02 3.579065203666687012e-02 1.127000804990530014e-02 8.302196860313415527e-02 1.593849994242191315e-02 4.373075067996978760e-02 4.955568909645080566e-02 9.098920226097106934e-02 1.389898080378770828e-02 6.796581298112869263e-02 4.868921637535095215e-02 5.299794301390647888e-02 4.400058090686798096e-02 8.621502667665481567e-02 6.980933248996734619e-02 6.182376667857170105e-02
1.723819971084594727e-01 2.996792900376021862e-04 5.568934977054595947e-02 2.076905075227841735e-04 3.810231015086174011e-02 5.847537890076637268e-02 1.790930181741714478e-01 3.408293053507804871e-02 1.583206176292151213e-04 2.081746608018875122e-02 1.063660904765129089e-01 2.316893637180328369e-02 3.591959476470947266e-01 5.216087773442268372e-02 3.469402343034744263e-02 2.451671659946441650e-02 3.942227456718683243e-03 2.369247749447822571e-02 3.334265202283859253e-02 1.995788142085075378e-02 7.309105247259140015e-03 2.904883958399295807e-02 4.753002151846885681e-02 5.135615915060043335e-02 1.880611106753349304e-02 3.883231803774833679e-02 9.450106299482285976e-04 2.609922550618648529e-02 3.173465281724929810e-02 8.855203539133071899e-02 5.076915025711059570e-02 4.035694990307092667e-03 2.386772632598876953e-02 3.296580910682678223e-02 4.289701953530311584e-02 2.566087990999221802e-02 2.511081099510192871e-02 3.696904331445693970e-02 3.904205933213233948e-02 1.583696529269218445e-02 1.523217931389808655e-02 5.091790482401847839e-02 1.325094401836395264e-01 3.468550741672515869e-02 1.901845447719097137e-02 4.933334887027740479e-03 6.985568255186080933e-02 5.395557358860969543e-02 1.204415317624807358e-02 4.256565496325492859e-02 3.896431997418403625e-02 4.929749667644500732e-02 4.033575952053070068e-02 5.265962705016136169e-02 4.207933694124221802e-02 6.923242472112178802e-04 4.658668185584247112e-04 1.447281055152416229e-02 1.410402543842792511e-02 4.455300047993659973e-02 4.582366719841957092e-02 4.581762477755546570e-02 4.071008414030075073e-02 5.227346718311309814e-02 3.537023067474365234e-02 1.735189929604530334e-02 5.106658488512039185e-02 2.116912230849266052e-02 3.496751887723803520e-03 3.156579658389091492e-02 5.274696275591850281e-02 1.614275015890598297e-02 1.618711836636066437e-02 4.379035159945487976e-02 5.638727173209190369e-02 1.369238924235105515e-02 2.604479528963565826e-02 6.173573806881904602e-02 3.976000472903251648e-02 3.540463000535964966e-02 1.582888886332511902e-02 5.552739836275577545e-03 5.769482627511024475e-02 9.673867374658584595e-02 3.040850907564163208e-02 3.152193501591682434e-02 7.757021114230155945e-03 4.374810494482517242e-03 4.650191590189933777e-02 3.286272659897804260e-02 2.880798466503620148e-02 4.148663580417633057e-02 3.227511048316955566e-02 9.195419959723949432e-03 1.748766750097274780e-02 1.707211695611476898e-02 9.982978552579879761e-02 5.494828149676322937e-02 2.456792443990707397e-02 5.046211928129196167e-02 1.861178502440452576e-02 9.318280033767223358e-03 4.813709855079650879e-02 1.862255483865737915e-02 9.167923033237457275e-02 6.678075343370437622e-02 2.487649396061897278e-02 2.897596359252929688e-02 1.863906159996986389e-02 3.567636711522936821e-03 3.337180241942405701e-03 1.093473006039857864e-02 6.260381639003753662e-02 1.090383827686309814e-01 3.421894507482647896e-03 2.361217513680458069e-02
1.860377565026283264e-02 5.568934977054595947e-02 3.381823748350143433e-02 2.919344417750835419e-02 3.496202826499938965e-02 5.044877529144287109e-02 1.822948083281517029e-02 1.896833777427673340e-01 4.337734356522560120e-02 6.611429620534181595e-03 6.314761191606521606e-02 2.003328874707221985e-02 3.181489650160074234e-03 3.943956457078456879e-03 8.599737286567687988e-02 5.851293727755546570e-02 2.429022081196308136e-02 6.138739362359046936e-02 4.228695854544639587e-02 9.341395646333694458e-02 6.198501959443092346e-02 4.807067289948463440e-02 2.079417556524276733e-02 1.575555093586444855e-02 4.872430488467216492e-02 3.129968047142028809e-02 1.748140086419880390e-03 1.629653759300708771e-02 4.532800056040287018e-03 3.855916112661361694e-02 4.467547684907913208e-02 2.298429049551486969e-02 1.450549364089965820e-01 1.352448854595422745e-02 5.271025374531745911e-02 2.342470735311508179e-02 5.187474191188812256e-02 7.645726948976516724e-02 5.862635374069213867e-02 6.629578769207000732e-02 1.060262918472290039e-01 6.445729732513427734e-02 3.095842152833938599e-02 4.708310216665267944e-02 1.579234935343265533e-02 5.050472542643547058e-02 1.457365881651639938e-02 3.739820420742034912e-02 2.491085231304168701e-02 4.291725158691406250e-02 2.420013397932052612e-02 3.313469886779785156e-02 4.555483534932136536e-02 1.482543721795082092e-02 6.813905388116836548e-02 3.249610960483551025e-02 3.719821199774742126e-02 1.914603402838110924e-03 9.826382622122764587e-03 4.250475764274597168e-02 2.886825054883956909e-02 6.276265718042850494e-03 8.437241613864898682e-02 9.357525035738945007e-03 6.982470862567424774e-03 3.207178413867950439e-02 4.157099872827529907e-02 2.324276976287364960e-02 2.650315500795841217e-02 1.216790899634361267e-01 2.318850159645080566e-02 1.488229073584079742e-02 3.605730086565017700e-02 4.669876769185066223e-03 1.886196434497833252e-02 1.609990000724792480e-02 1.117709055542945862e-01 7.710885256528854370e-02 3.848553635179996490e-03 4.648861661553382874e-02 2.283978462219238281e-01 2.390590729191899300e-03 4.038963466882705688e-02 4.229344800114631653e-02 3.153961896896362305e-02 3.936085477471351624e-02 8.862365037202835083e-02 3.174366429448127747e-02 2.705416455864906311e-02 3.465516120195388794e-02 1.570242084562778473e-02 8.504649251699447632e-02 5.984538421034812927e-02 7.525844871997833252e-02 1.010207086801528931e-02 4.014127701520919800e-02 4.270493984222412109e-02 6.407991051673889160e-02 5.497199669480323792e-02 3.769912943243980408e-02 1.526457443833351135e-02 2.366349101066589355e-02 6.275433301925659180e-02 3.901325911283493042e-02 5.619861558079719543e-02 6.301177293062210083e-02 7.617267966270446777e-02 7.681358605623245239e-02 1.140299215912818909e-01 5.268137529492378235e-02 5.983909592032432556e-02 3.550637513399124146e-02 7.028253283351659775e-03 1.250986382365226746e-02 1.648172736167907715e-02 3.325527533888816833e-02
5.155203398317098618e-04 2.076905075227841735e-04 2.919344417750835419e-02 7.821710780262947083e-03 2.825047373771667480e-01 4.058698937296867371e-02 2.341201342642307281e-02 4.848264902830123901e-02 7.125156372785568237e-02 4.905760288238525391e-02 4.785142838954925537e-02 4.662349820137023926e-02 5.051578953862190247e-02 2.488889545202255249e-02 4.483188968151807785e-03 3.891550749540328979e-02 7.756087929010391235e-03 1.126903947442770004e-02 7.794276345521211624e-03 9.711927734315395355e-03 9.861014783382415771e-03 4.007427953183650970e-03 5.521878227591514587e-02 3.737431764602661133e-02 7.285954896360635757e-03 2.279289299622178078e-03 1.364992000162601471e-02 2.997982874512672424e-02 4.537169635295867920e-02 5.396621301770210266e-02 6.836760789155960083e-02 3.201731294393539429e-02 1.424732711166143417e-02 6.077410653233528137e-02 5.691495537757873535e-02 2.242397703230381012e-02 1.072513032704591751e-02 5.868301540613174438e-02 1.326806098222732544e-01 5.980351194739341736e-02 6.886166054755449295e-03 1.291052997112274170e-01 4.119303449988365173e-02 4.140664823353290558e-03 3.130378201603889465e-02 1.169077306985855103e-02 3.836695477366447449e-02 3.871135413646697998e-03 4.523438587784767151e-02 1.049936339259147644e-01 2.966655977070331573e-02 3.775133192539215088e-02 6.651312112808227539e-02 2.130169607698917389e-02 2.965501137077808380e-02 3.792932629585266113e-02 3.802882134914398193e-02 1.405505370348691940e-02 2.293050521984696388e-03 5.826878175139427185e-02 5.924203246831893921e-02 6.289720535278320312e-02 3.759365901350975037e-02 5.671259132213890553e-04 5.011976510286331177e-02 8.095324039459228516e-02 3.413476794958114624e-02 7.623383775353431702e-03 1.298495009541511536e-02 2.880896441638469696e-02 5.479157716035842896e-02 5.339229851961135864e-02 2.727560698986053467e-01 3.980956226587295532e-02 1.298856288194656372e-01 6.351291388273239136e-02 6.630618870258331299e-02 3.245646879076957703e-02 1.328605506569147110e-02 1.035918816924095154e-01 3.280941396951675415e-02 3.387006744742393494e-02 1.264555286616086960e-02 3.069569543004035950e-02 7.331506907939910889e-02 4.696736112236976624e-02 5.174561217427253723e-02 6.461420655250549316e-02 4.904925450682640076e-02 2.912293421104550362e-03 5.805997061543166637e-04 1.468486501835286617e-03 3.289775550365447998e-02 2.628947235643863678e-02 3.449646756052970886e-02 4.619548842310905457e-02 5.345440655946731567e-02 3.042232245206832886e-02 1.415117736905813217e-02 3.387059271335601807e-02 2.514952979981899261e-02 4.843969363719224930e-03 1.098121628165245056e-01 9.862159937620162964e-02 7.792457938194274902e-02 4.692470282316207886e-02 1.681685447692871094e-02 3.686886280775070190e-02 2.609053160995244980e-03 2.374330535531044006e-02 4.784499108791351318e-02 9.611076116561889648e-02 9.896001219749450684e-02 1.473237574100494385e-02 1.338442414999008179e-02 4.407079517841339111e-02
1.851531490683555603e-02 3.810231015086174011e-02 3.496202826499938965e-02 2.825047373771667480e-01 4.385116975754499435e-03 1.976994425058364868e-02 2.328053116798400879e-02 2.921456471085548401e-02 2.495110034942626953e-02 9.564005583524703979e-02 4.596582427620887756e-02 4.729045554995536804e-02 2.583858929574489594e-02 1.889057271182537079e-02 1.752608641982078552e-02 5.041936412453651428e-02 5.288124829530715942e-02 4.736420884728431702e-02 1.088484525680541992e-01 7.339055184274911880e-03 6.962584797292947769e-03 5.882514640688896179e-02 3.452567756175994873e-02 4.464501887559890747e-02 3.313724324107170105e-02 4.905215930193662643e-03 9.582134895026683807e-03 7.013743370771408081e-02 6.857588421553373337e-03 4.508595541119575500e-02 4.253204911947250366e-02 2.152376994490623474e-02 2.237098664045333862e-02 2.950088307261466980e-02 5.017701908946037292e-02 4.214369878172874451e-02 3.108049370348453522e-02 4.611872509121894836e-02 1.506990343332290649e-01 4.518776386976242065e-02 8.207699283957481384e-03 8.110053837299346924e-03 3.566663339734077454e-02 1.089149247854948044e-02 3.004605323076248169e-02 4.051268100738525391e-02 1.145125925540924072e-02 2.928312867879867554e-02 7.139253895729780197e-03 7.453886419534683228e-02 8.895531296730041504e-03 1.564219035208225250e-02 3.436100855469703674e-02 1.698923669755458832e-02 5.016191676259040833e-02 8.103969506919384003e-03 3.702212870121002197e-02 3.283026069402694702e-02 2.921539172530174255e-02 4.678899422287940979e-02 5.037954077124595642e-03 1.126327086240053177e-02 3.708163648843765259e-02 6.277265399694442749e-02 4.695701971650123596e-02 1.154819410294294357e-02 1.574399508535861969e-02 1.106551941484212875e-02 1.241131685674190521e-02 3.021973744034767151e-02 3.053388930857181549e-02 6.875668186694383621e-03 4.643672332167625427e-02 5.364570394158363342e-02 1.750673502683639526e-01 1.257827389054000378e-03 5.346581339836120605e-03 7.033881545066833496e-02 6.017925590276718140e-02 7.416718453168869019e-02 4.124074801802635193e-02 2.279722690582275391e-02 3.559316322207450867e-02 1.398826390504837036e-01 2.213091216981410980e-02 4.582854732871055603e-02 4.619853943586349487e-02 2.850818564184010029e-04 3.584645316004753113e-02 9.907927364110946655e-03 5.481005832552909851e-02 2.277199923992156982e-02 4.110239446163177490e-02 4.132804460823535919e-03 5.571671575307846069e-02 1.539926324039697647e-02 3.838438133243471384e-04 1.594588160514831543e-02 4.184791445732116699e-02 2.100618090480566025e-03 3.892279416322708130e-02 5.034492909908294678e-02 4.475351423025131226e-02 6.477576494216918945e-02 6.629874557256698608e-02 1.803855970501899719e-02 4.807566478848457336e-02 1.790604926645755768e-02 1.200805827975273132e-01 2.195922285318374634e-02 4.457215592265129089e-02 5.150412395596504211e-02 7.498639076948165894e-02 6.004875525832176208e-03 4.994563385844230652e-02 6.222169473767280579e-02
8.214321732521057129e-02 5.847537890076637268e-02 5.044877529144287109e-02 4.058698937296867371e-02 1.976994425058364868e-02 3.320332616567611694e-02 2.145309150218963623e-01 1.352707971818745136e-03 2.533268555998802185e-02 4.468002170324325562e-02 6.674005836248397827e-02 9.594488143920898438e-02 5.819746293127536774e-04 1.299935430288314819e-01 3.470436669886112213e-03 6.818742025643587112e-03 5.026010796427726746e-03 1.407199911773204803e-02 5.303808674216270447e-02 4.564381390810012817e-02 3.308049589395523071e-02 8.491616696119308472e-02 1.125897280871868134e-02 7.633441127836704254e-04 3.177652135491371155e-02 1.815207675099372864e-02 4.550713673233985901e-02 2.637927979230880737e-02 5.233198031783103943e-02 3.468579053878784180e-02 1.156662404537200928e-02 2.533113025128841400e-02 1.896400004625320435e-02 4.358856379985809326e-02 7.068587094545364380e-02 5.120688676834106445e-02 1.338808611035346985e-02 7.857135497033596039e-03 1.122398884035646915e-03 2.040484920144081116e-02 2.287559770047664642e-02 5.805861577391624451e-02 3.952085226774215698e-02 5.495015531778335571e-02 1.245668306946754456e-01 2.819440886378288269e-02 1.862614452838897705e-01 2.338477037847042084e-02 5.157419294118881226e-02 1.960879378020763397e-02 3.958356380462646484e-02 1.046000793576240540e-02 5.236691329628229141e-03 3.160203620791435242e-02 2.148739993572235107e-03 4.185155034065246582e-02 1.666977186687290668e-03 7.249367237091064453e-02 1.338658202439546585e-02 2.227476239204406738e-02 2.266800031065940857e-02 8.889728225767612457e-03 6.639727205038070679e-02 4.010431841015815735e-02 2.226910740137100220e-02 2.705139573663473129e-03 1.412553153932094574e-02 8.554472588002681732e-03 2.440794371068477631e-03 3.213733434677124023e-02 2.587935514748096466e-02 4.805780947208404541e-02 2.131681703031063080e-02 8.115972578525543213e-02 2.263445407152175903e-02 6.826292723417282104e-02 6.491782609373331070e-03 6.783177703619003296e-02 1.793842762708663940e-02 2.879764698445796967e-02 5.086379125714302063e-03 1.437640190124511719e-02 3.396299108862876892e-02 6.410175003111362457e-03 3.544403985142707825e-02 9.855259954929351807e-02 4.159440845251083374e-02 3.905517235398292542e-02 4.182885587215423584e-02 1.171456370502710342e-02 2.418535575270652771e-02 3.322985768318176270e-02 4.049738124012947083e-02 6.132206320762634277e-02 5.649641156196594238e-02 3.437839448451995850e-02 2.525013312697410583e-02 5.773965734988451004e-03 1.268529240041971207e-02 2.818547561764717102e-02 6.843036506325006485e-03 7.440850883722305298e-02 2.206530608236789703e-02 3.462201729416847229e-02 3.406649827957153320e-02 3.958446905016899109e-02 4.659515619277954102e-02 5.070235114544630051e-03 2.883211709558963776e-02 1.275301165878772736e-02 6.089933682233095169e-03 1.046465151011943817e-02 2.072557341307401657e-03 6.951682269573211670e-02 6.000804901123046875e-02 1.993980258703231812e-02
3.012888506054878235e-02 1.790930181741714478e-01 1.822948083281517029e-02 2.341201342642307281e-02 2.328053116798400879e-02 2.145309150218963623e-01 8.925971575081348419e-03 7.040224038064479828e-03 3.600938990712165833e-02 7.395073771476745605e-02 1.591110788285732269e-02 3.855390846729278564e-02 7.935152947902679443e-02 1.522152423858642578e-01 2.674236148595809937e-02 1.792710833251476288e-02 6.760374642908573151e-03 4.747669026255607605e-02 4.693681001663208008e-02 2.436395920813083649e-02 6.942378822714090347e-03 7.070417702198028564e-02 4.395025596022605896e-02 9.008590131998062134e-03 4.890297353267669678e-02 3.210644423961639404e-02 4.514699429273605347e-02 2.395406737923622131e-02 2.717657946050167084e-03 5.134686361998319626e-04 6.210630759596824646e-02 4.612416401505470276e-02 2.239721082150936127e-02 4.250721633434295654e-02 1.320753246545791626e-02 5.797850340604782104e-02 9.658087044954299927e-03 1.424852199852466583e-02 6.676993798464536667e-03 3.689014911651611328e-02 1.858459785580635071e-02 4.383338615298271179e-02 8.864783495664596558e-02 3.914698958396911621e-02 7.941298931837081909e-02 6.525415182113647461e-02 3.940116614103317261e-02 2.219317406415939331e-01 8.880185894668102264e-03 4.542207717895507812e-02 5.279354006052017212e-02 1.423273608088493347e-02 4.608711227774620056e-03 3.737694770097732544e-02 9.674594621174037457e-04 5.148002505302429199e-02 2.448448538780212402e-02 1.477699168026447296e-02 3.044087812304496765e-02 4.244867246598005295e-03 1.044992655515670776e-01 1.001000404357910156e-03 6.496407091617584229e-02 4.353323951363563538e-02 1.870651729404926300e-02 6.618376821279525757e-02 5.960073694586753845e-02 3.453443571925163269e-02 4.579279571771621704e-03 5.056077241897583008e-02 2.004142105579376221e-02 3.848639130592346191e-02 3.568083047866821289e-02 2.763423509895801544e-02 4.761055111885070801e-02 4.465526342391967773e-02 3.588585183024406433e-02 8.949825540184974670e-03 5.562126170843839645e-03 4.508270323276519775e-02 1.958415471017360687e-02 8.123850420815870166e-05 7.349869236350059509e-03 3.765695169568061829e-02 6.077179685235023499e-03 8.690503984689712524e-02 3.409522026777267456e-02 4.088133201003074646e-02 2.295018732547760010e-02 1.281978785991668701e-01 5.760774388909339905e-02 6.969954818487167358e-03 4.711398854851722717e-02 1.264147809706628323e-03 1.665254682302474976e-02 3.128185495734214783e-02 6.140515580773353577e-02 2.416816167533397675e-02 6.624212116003036499e-02 4.862130433320999146e-02 5.175539758056402206e-03 3.045243956148624420e-02 8.534588268958032131e-04 2.624690067023038864e-03 5.583772063255310059e-02 3.994694724678993225e-02 3.507494553923606873e-02 4.485576227307319641e-02 2.180249989032745361e-02 9.459315799176692963e-03 4.705489426851272583e-02 1.920649223029613495e-02 3.213917836546897888e-02 7.270715385675430298e-02 8.321740478277206421e-02 5.806605145335197449e-02
4.686224739998579025e-03 3.408293053507804871e-02 1.896833777427673340e-01 4.848264902830123901e-02 2.921456471085548401e-02 1.352707971818745136e-03 7.040224038064479828e-03 5.814060196280479431e-02 1.393918879330158234e-02 1.792900497093796730e-03 2.307120710611343384e-03 6.344577670097351074e-02 3.266007080674171448e-02 2.894314378499984741e-02 1.073533371090888977e-01 2.610365860164165497e-02 7.566762622445821762e-03 2.301422879099845886e-02 2.926172688603401184e-02 1.854702644050121307e-02 5.109967291355133057e-02 2.635814249515533447e-02 1.981600560247898102e-02 2.552430145442485809e-02 4.127449542284011841e-02 8.195063099265098572e-03 3.035180270671844482e-02 1.947075687348842621e-02 3.031649626791477203e-02 2.954173460602760315e-02 3.093366324901580811e-02 4.917967692017555237e-02 1.549503859132528305e-02 3.503213869407773018e-03 6.508657336235046387e-02 4.710687324404716492e-02 1.670484058558940887e-02 1.779478392563760281e-03 5.450804531574249268e-02 3.703711554408073425e-02 3.230779990553855896e-02 3.832668066024780273e-02 7.333000749349594116e-02 1.343239680863916874e-03 2.010601572692394257e-02 2.896743454039096832e-02 4.829861596226692200e-02 1.737204194068908691e-02 3.735493123531341553e-02 1.584279350936412811e-02 1.686393283307552338e-02 4.745516926050186157e-02 3.638043999671936035e-02 1.358258537948131561e-02 2.260146476328372955e-02 2.511473931372165680e-02 2.888583950698375702e-02 1.605823077261447906e-02 5.489887297153472900e-02 3.304194658994674683e-03 5.752651393413543701e-02 1.998872496187686920e-02 1.854735985398292542e-02 2.341751381754875183e-02 1.108955815434455872e-01 1.625529676675796509e-02 2.751242555677890778e-02 4.379967600107192993e-02 4.050952941179275513e-02 2.808367460966110229e-02 2.308626659214496613e-02 4.013774544000625610e-02 1.697226800024509430e-02 3.003207035362720490e-02 3.201776742935180664e-02 9.416860528290271759e-03 2.357179112732410431e-02 3.481880528852343559e-03 4.529933258891105652e-02 1.848633587360382080e-02 1.498614847660064697e-01 6.919416785240173340e-02 1.319603435695171356e-02 6.784525513648986816e-02 5.554706975817680359e-02 7.936835289001464844e-03 1.623739302158355713e-01 3.645696863532066345e-02 3.830991312861442566e-02 1.768826507031917572e-02 9.029065258800983429e-03 1.515191234648227692e-02 1.659200876019895077e-03 6.358942482620477676e-03 4.440708458423614502e-02 3.644922375679016113e-02 2.525857649743556976e-02 3.647939860820770264e-02 2.574511803686618805e-02 8.150200359523296356e-03 2.298511005938053131e-02 1.548039447516202927e-02 4.561575874686241150e-02 1.355248596519231796e-02 5.134782195091247559e-02 3.767065703868865967e-02 7.837420701980590820e-02 1.468842476606369019e-02 2.874583704397082329e-03 4.484887793660163879e-02 7.133149541914463043e-03 1.474471390247344971e-02 5.934366211295127869e-02 1.550255622714757919e-02 5.718584638088941574e-03 1.841758377850055695e-02
3.250704705715179443e-02 1.583206176292151213e-04 4.337734356522560120e-02 7.125156372785568237e-02 2.495110034942626953e-02 2.533268555998802185e-02 3.600938990712165833e-02 1.393918879330158234e-02 6.840421818196773529e-03 4.314910992980003357e-02 1.548506319522857666e-02 6.448178552091121674e-03 5.003925040364265442e-02 5.374708399176597595e-02 1.918387785553932190e-02 5.726333707571029663e-02 5.525173991918563843e-02 2.002184242010116577e-01 5.788122303783893585e-03 5.387354269623756409e-02 4.077011346817016602e-02 2.397649548947811127e-02 6.109215691685676575e-02 1.637680572457611561e-03 7.200134545564651489e-02 9.695569984614849091e-03 2.671695500612258911e-02 5.476164072751998901e-02 1.585091277956962585e-02 5.171046033501625061e-02 3.334007784724235535e-02 5.281561240553855896e-02 2.699285000562667847e-02 8.306038379669189453e-02 1.088016573339700699e-02 1.824051840230822563e-03 6.287204474210739136e-02 2.307557128369808197e-02 3.879682719707489014e-02 2.698347158730030060e-02 5.460918322205543518e-02 5.878305528312921524e-03 2.329829148948192596e-02 3.976580500602722168e-02 1.402068510651588440e-02 4.581416770815849304e-02 2.856996096670627594e-02 3.821789985522627831e-03 1.341699436306953430e-02 8.262773603200912476e-02 1.188435498625040054e-02 1.795899495482444763e-02 2.104790695011615753e-02 1.849175314418971539e-03 2.343025952577590942e-01 7.689318060874938965e-02 2.108282595872879028e-02 2.077445574104785919e-02 5.037565901875495911e-02 3.033035062253475189e-02 9.642888605594635010e-02 3.617280721664428711e-02 6.256697233766317368e-03 5.634126439690589905e-02 3.289377316832542419e-02 2.586767077445983887e-02 6.794357299804687500e-02 5.811963975429534912e-02 1.061353925615549088e-02 6.798729766160249710e-03 2.214597165584564209e-02 5.772455595433712006e-03 5.940703675150871277e-02 1.267107855528593063e-02 6.332328915596008301e-02 2.644626423716545105e-02 2.684652209281921387e-01 4.640078637748956680e-03 4.935569316148757935e-02 2.054517716169357300e-02 2.965154312551021576e-02 3.146652504801750183e-02 1.080072298645973206e-01 2.495766151696443558e-03 7.923440635204315186e-02 3.592048212885856628e-02 3.075698763132095337e-02 1.366496202535927296e-03 5.172778666019439697e-02 2.349033951759338379e-02 6.022145599126815796e-02 3.983447700738906860e-02 4.056854546070098877e-02 6.417401134967803955e-03 9.014395624399185181e-02 2.913367375731468201e-02 1.772378012537956238e-02 5.507426708936691284e-02 1.504194224253296852e-03 6.389842182397842407e-02 6.678532809019088745e-02 5.255317687988281250e-02 3.320931643247604370e-02 1.441929116845130920e-02 3.333114087581634521e-02 4.732386022806167603e-02 3.930095210671424866e-02 5.877677723765373230e-02 3.316702554002404213e-03 4.166834428906440735e-02 2.012868179008364677e-03 1.822238974273204803e-02 3.224856778979301453e-02 7.336533814668655396e-02 5.082854628562927246e-02 3.946472331881523132e-02
4.674877226352691650e-02 2.081746608018875122e-02 6.611429620534181595e-03 4.905760288238525391e-02 9.564005583524703979e-02 4.468002170324325562e-02 7.395073771476745605e-02 1.792900497093796730e-03 4.314910992980003357e-02 5.271761491894721985e-02 5.534223839640617371e-02 3.045041672885417938e-02 8.910057693719863892e-02 2.882129885256290436e-02 3.084227442741394043e-02 7.911637658253312111e-04 5.408734828233718872e-02 5.996677652001380920e-02 1.331866383552551270e-01 2.580253407359123230e-02 1.428480842150747776e-03 3.477297723293304443e-02 2.628596127033233643e-02 5.080689117312431335e-02 3.971986472606658936e-02 4.749738425016403198e-02 1.573372259736061096e-02 5.805494263768196106e-02 2.354330569505691528e-02 2.221195027232170105e-02 1.448231469839811325e-02 5.670307576656341553e-02 5.868596956133842468e-02 3.764889016747474670e-02 9.717658162117004395e-03 3.158429404720664024e-03 4.636945668607950211e-03 2.106486074626445770e-02 1.725756004452705383e-02 1.848668605089187622e-02 5.849524959921836853e-02 2.386613935232162476e-02 6.563290208578109741e-02 2.720301970839500427e-02 4.300569184124469757e-03 1.280709169805049896e-02 1.915730163455009460e-02 1.656220643781125546e-03 7.451815064996480942e-03 1.265836656093597412e-01 4.204240441322326660e-02 2.471500821411609650e-02 7.240938022732734680e-03 1.645030640065670013e-02 3.285308927297592163e-02 5.034964531660079956e-02 2.821710146963596344e-02 1.017722673714160919e-02 3.048684075474739075e-02 1.057536900043487549e-02 4.518326744437217712e-02 1.533763133920729160e-03 2.220864640548825264e-03 6.578547507524490356e-02 9.513314068317413330e-02 1.117651350796222687e-02 5.268129706382751465e-02 4.116079211235046387e-02 1.095937471836805344e-02 2.598906494677066803e-02 1.784485727548599243e-01 3.686984255909919739e-02 7.398115098476409912e-02 7.934730499982833862e-02 8.703941851854324341e-02 6.943559646606445312e-02 1.904083602130413055e-02 3.662958443164825439e-01 3.524208813905715942e-02 1.244236454367637634e-01 4.062637314200401306e-02 2.734446711838245392e-02 1.769652776420116425e-02 1.660341471433639526e-01 4.728230461478233337e-02 4.883018136024475098e-02 1.742400974035263062e-02 4.901285097002983093e-02 3.495371341705322266e-02 8.199676871299743652e-03 3.389094956219196320e-03 5.861278250813484192e-02 7.526005618274211884e-03 1.459672581404447556e-02 3.783037513494491577e-02 5.393342301249504089e-02 5.978249013423919678e-02 3.594918549060821533e-02 4.912499804049730301e-03 5.093301832675933838e-02 4.897078499197959900e-02 3.778181737288832664e-03 4.607365652918815613e-02 3.188200667500495911e-02 1.350723356008529663e-01 2.013015002012252808e-02 3.872336074709892273e-02 3.252261504530906677e-02 1.126980558037757874e-01 1.756812073290348053e-02 1.089450716972351074e-02 4.126702994108200073e-02 7.528217881917953491e-02 5.805108323693275452e-02 5.075582489371299744e-02 3.432624787092208862e-02
4.247350990772247314e-01 1.063660904765129089e-01 6.314761191606521606e-02 4.785142838954925537e-02 4.596582427620887756e-02 6.674005836248397827e-02 1.591110788285732269e-02 2.307120710611343384e-03 1.548506319522857666e-02 5.534223839640617371e-02 2.190643455833196640e-03 9.155257605016231537e-03 5.144660174846649170e-02 3.207230195403099060e-02 6.919772922992706299e-02 3.248302266001701355e-02 7.312085479497909546e-02 2.584562264382839203e-02 4.135854542255401611e-03 3.214053064584732056e-02 5.470631644129753113e-02 1.761136576533317566e-02 3.123813495039939880e-02 4.624949768185615540e-02 2.973018586635589600e-02 5.373130366206169128e-02 5.139923468232154846e-02 5.336348339915275574e-02 8.149468339979648590e-03 3.512641414999961853e-02 8.300275541841983795e-03 3.827257454395294189e-02 2.012514881789684296e-02 3.680371120572090149e-02 1.833158358931541443e-02 3.835847973823547363e-02 2.641179598867893219e-02 6.166296452283859253e-02 3.584393113851547241e-02 3.647428005933761597e-02 7.278972305357456207e-03 4.121083766222000122e-02 5.818819627165794373e-02 3.943527117371559143e-02 4.987342655658721924e-02 1.168639026582241058e-02 6.586901098489761353e-02 3.805373609066009521e-02 3.046991862356662750e-02 6.224046647548675537e-02 4.749383311718702316e-03 2.838336117565631866e-02 3.176444768905639648e-02 2.701314538717269897e-02 1.363125164061784744e-03 9.519127197563648224e-03 3.052080422639846802e-02 6.614073365926742554e-02 6.061696261167526245e-02 9.679513983428478241e-03 5.285852029919624329e-02 2.166462689638137817e-02 1.149254944175481796e-02 1.645791716873645782e-02 9.132816642522811890e-02 5.578104406595230103e-02 2.900740131735801697e-02 2.225576154887676239e-02 2.611299743875861168e-03 5.731406807899475098e-02 5.974767357110977173e-02 2.446965686976909637e-02 7.591297850012779236e-03 1.807409571483731270e-03 7.518272101879119873e-02 3.879243507981300354e-02 1.341565512120723724e-02 2.896771952509880066e-02 5.529220402240753174e-02 3.398694330826401711e-03 3.140846267342567444e-02 6.197770126163959503e-03 5.958033353090286255e-02 3.141302615404129028e-02 2.370403893291950226e-02 2.853427827358245850e-02 1.397080868482589722e-01 3.883918747305870056e-02 2.236877335235476494e-03 2.249183319509029388e-02 1.438719872385263443e-02 1.304813325405120850e-01 3.192698641214519739e-04 2.255633473396301270e-03 4.607792571187019348e-02 3.233040869235992432e-02 5.757504142820835114e-03 5.421619862318038940e-02 2.337366342544555664e-03 2.434746362268924713e-02 2.667295373976230621e-02 2.577229589223861694e-02 2.520981617271900177e-02 3.933311626315116882e-02 5.198216810822486877e-02 3.957515582442283630e-03 1.761920936405658722e-02 4.320357739925384521e-02 2.381996950134634972e-03 1.731971651315689087e-02 3.426345810294151306e-02 2.277691662311553955e-02 2.813534997403621674e-02 8.009282499551773071e-02 4.085149988532066345e-02 2.904908172786235809e-02
3.735856711864471436e-02 2.316893637180328369e-02 2.003328874707221985e-02 4.662349820137023926e-02 4.729045554995536804e-02 9.594488143920898438e-02 3.855390846729278564e-02 6.344577670097351074e-02 6.448178552091121674e-03 3.045041672885417938e-02 9.155257605016231537e-03 4.871263727545738220e-02 6.922779977321624756e-02 2.133233249187469482e-01 3.239628300070762634e-02 2.703285217285156250e-02 9.805994108319282532e-03 4.478549212217330933e-02 1.301209181547164917e-01 3.170198202133178711e-02 4.552174825221300125e-03 3.770314529538154602e-02 1.285440623760223389e-01 7.839658856391906738e-02 9.799253195524215698e-03 3.718288987874984741e-02 4.595960676670074463e-02 1.941983848810195923e-01 8.283824473619461060e-02 6.473983079195022583e-02 3.817337378859519958e-02 1.061471365392208099e-02 1.834852062165737152e-02 2.893159724771976471e-02 2.113716490566730499e-02 2.493314631283283234e-02 4.199166595935821533e-02 2.214876003563404083e-02 6.261869519948959351e-02 5.163323599845170975e-03 1.130169536918401718e-02 3.316818503662943840e-03 4.293787479400634766e-02 2.724337205290794373e-02 1.559646129608154297e-01 1.766251586377620697e-02 6.379305571317672729e-02 3.583463653922080994e-02 2.302778139710426331e-02 4.775168001651763916e-02 6.029767170548439026e-02 8.024347573518753052e-02 4.247961938381195068e-02 5.963130388408899307e-03 7.258246093988418579e-02 4.934933781623840332e-02 4.912696033716201782e-02 2.611616812646389008e-02 6.106822192668914795e-02 7.649645209312438965e-03 1.127877365797758102e-02 1.234306860715150833e-02 1.864310936070978642e-03 1.832213834859430790e-03 2.836917527019977570e-03 1.235596369951963425e-02 4.582920670509338379e-02 2.312692441046237946e-02 6.036952137947082520e-02 4.686916712671518326e-03 1.719103939831256866e-02 4.478391259908676147e-02 9.515163837932050228e-04 2.750148624181747437e-02 2.559649199247360229e-02 1.746713824104517698e-04 7.563620805740356445e-02 7.899670302867889404e-02 9.024705737829208374e-02 3.738026320934295654e-02 5.399236828088760376e-02 2.073334529995918274e-02 8.021169342100620270e-03 2.403819002211093903e-02 5.441430956125259399e-02 6.447946280241012573e-02 1.084851473569869995e-02 2.306566201150417328e-02 1.036783829331398010e-01 1.063995715230703354e-02 3.655059263110160828e-02 6.038226187229156494e-02 1.028000842779874802e-02 1.600099727511405945e-02 3.465262800455093384e-02 1.247228123247623444e-02 3.082344308495521545e-03 4.407294094562530518e-02 5.994411185383796692e-02 2.149387635290622711e-02 4.484334029257297516e-03 3.802727162837982178e-02 5.064744129776954651e-02 5.555361509323120117e-03 6.877807900309562683e-03 1.054063672199845314e-03 1.426203083246946335e-02 6.676537543535232544e-02 4.637695476412773132e-02 2.757073752582073212e-02 3.143842518329620361e-02 2.028227038681507111e-02 3.117182757705450058e-03 6.504537910223007202e-02 5.585961788892745972e-02 2.804939821362495422e-02
5.986035801470279694e-03 3.591959476470947266e-01 3.181489650160074234e-03 5.051578953862190247e-02 2.583858929574489594e-02 5.819746293127536774e-04 7.935152947902679443e-02 3.266007080674171448e-02 5.003925040364265442e-02 8.910057693719863892e-02 5.144660174846649170e-02 6.922779977321624756e-02 1.345286332070827484e-02 5.082593485713005066e-02 6.745590269565582275e-02 6.750907748937606812e-02 4.125233739614486694e-02 3.164171800017356873e-02 6.789129972457885742e-02 1.288015395402908325e-03 3.513802587985992432e-02 1.497255712747573853e-01 1.000651065260171890e-02 3.727133199572563171e-02 3.759998455643653870e-02 1.474695838987827301e-02 6.340108811855316162e-02 3.254558192566037178e-03 6.620305776596069336e-02 6.873591244220733643e-02 1.983744837343692780e-02 4.188516736030578613e-02 6.734550744295120239e-02 4.986478388309478760e-02 8.903135359287261963e-02 6.614959985017776489e-02 8.994881063699722290e-03 6.680199876427650452e-03 2.499204874038696289e-02 8.269623667001724243e-02 1.027225423604249954e-02 5.296615511178970337e-02 1.506652310490608215e-02 5.409361794590950012e-02 5.393750034272670746e-03 4.472897388041019440e-03 5.286499857902526855e-02 6.762146484106779099e-03 1.120726391673088074e-02 4.900567978620529175e-02 5.161933600902557373e-02 4.155313968658447266e-02 2.150043845176696777e-02 7.628376036882400513e-02 4.814461804926395416e-03 1.053515635430812836e-02 4.188422486186027527e-02 9.520979598164558411e-03 8.161170035600662231e-02 4.884583130478858948e-02 4.401728138327598572e-02 4.997338354587554932e-02 2.307293564081192017e-02 1.932646334171295166e-02 9.528012946248054504e-03 9.581154212355613708e-03 3.599275369197130203e-03 4.185233265161514282e-02 1.310200802981853485e-02 4.029810801148414612e-02 6.348756700754165649e-02 8.806791156530380249e-03 5.059098824858665466e-02 4.132149368524551392e-02 2.345989458262920380e-02 3.699093312025070190e-02 1.965581998229026794e-02 7.857182621955871582e-02 2.016202546656131744e-02 2.038068603724241257e-03 5.812351405620574951e-02 5.090250819921493530e-02 6.346458941698074341e-02 2.950256317853927612e-02 9.109334088861942291e-03 5.141896754503250122e-02 9.219578467309474945e-03 1.008229777216911316e-01 5.943158641457557678e-02 4.095229879021644592e-02 6.504870019853115082e-03 7.982393354177474976e-02 3.007184341549873352e-02 3.737024217844009399e-02 3.587874025106430054e-02 2.888457663357257843e-02 2.189473435282707214e-02 1.212278567254543304e-02 3.698551282286643982e-02 5.628868937492370605e-02 3.787268698215484619e-02 2.894886536523699760e-03 5.290216207504272461e-02 3.422278165817260742e-02 8.904870599508285522e-03 1.299604624509811401e-01 4.197041690349578857e-02 5.545691773295402527e-02 2.473768778145313263e-02 4.840417951345443726e-02 4.524686932563781738e-02 2.535091899335384369e-02 5.527163296937942505e-02 6.138220056891441345e-02 2.566203102469444275e-02 1.170898415148258209e-02
