2.887305617332458496e-02 3.368709683418273926e-01 5.368066485971212387e-03 4.153032600879669189e-02 1.767437160015106201e-02 1.256740838289260864e-01 3.468689695000648499e-02 2.460197173058986664e-02 3.617625683546066284e-02 3.446798026561737061e-02 1.191011816263198853e-01 9.965358767658472061e-04 8.478157222270965576e-02 4.185300320386886597e-02 3.427309915423393250e-02 1.566387154161930084e-02 3.420581109821796417e-03 5.206719972193241119e-03 9.070229716598987579e-03 1.699767820537090302e-02 2.839962951838970184e-02 8.774552494287490845e-03 8.681298233568668365e-03 3.445548191666603088e-02 1.278685498982667923e-02 1.167700905352830887e-02 2.099945768713951111e-02 2.678395994007587433e-02 5.007975175976753235e-02 1.684445142745971680e-02 4.458152130246162415e-02 2.784883230924606323e-02 2.115441299974918365e-02 8.091519586741924286e-03 1.284909714013338089e-02 3.558838798198848963e-04 5.695695802569389343e-02 1.939345337450504303e-02 1.383653935045003891e-02 4.323498532176017761e-02 5.124185234308242798e-02 6.909657269716262817e-02 6.254431791603565216e-03 1.414787024259567261e-02 2.438018843531608582e-02 8.404292166233062744e-02 6.658916920423507690e-02 1.841782778501510620e-02 7.125079166144132614e-03 8.167200535535812378e-02 4.821427538990974426e-02 4.919685795903205872e-02 3.309819474816322327e-02 6.348846852779388428e-02 1.743914559483528137e-02 7.832814007997512817e-03 4.338825121521949768e-02 1.798464544117450714e-02 6.738232821226119995e-02 6.448533385992050171e-02 5.462410300970077515e-02 3.211046010255813599e-02 2.230569720268249512e-02 1.003870368003845215e-01 1.692913845181465149e-02 2.160680294036865234e-02 1.308556180447340012e-02 5.030655488371849060e-02 7.192096859216690063e-02 1.393023878335952759e-02 1.046522520482540131e-02 2.897184900939464569e-02 4.537299682851880789e-04 2.463097497820854187e-02 1.524615753442049026e-02 7.208906114101409912e-02 3.997896332293748856e-03 2.307625487446784973e-02 2.273363992571830750e-02 2.768465504050254822e-02 3.323884680867195129e-02 4.397841542959213257e-02 7.871099561452865601e-02 4.057096689939498901e-02 5.163385067135095596e-03 2.228250913321971893e-02 2.004121430218219757e-02 4.662460833787918091e-02 1.400109287351369858e-02 4.482316225767135620e-02 4.491110891103744507e-02 2.857109159231185913e-02 6.092059239745140076e-02 7.247718423604965210e-02 2.229906059801578522e-02 1.175152882933616638e-02 4.633618146181106567e-02 7.314196228981018066e-02 1.837923564016819000e-02 3.827023133635520935e-02 2.199667133390903473e-02 3.135514259338378906e-02 4.596121236681938171e-02 6.109803915023803711e-03 9.153613448143005371e-02 9.307841956615447998e-02 1.457348745316267014e-02 6.733171641826629639e-02 3.750563599169254303e-03 7.201559096574783325e-02 2.254311461001634598e-03 2.660588547587394714e-02 9.062462300062179565e-02 8.154311776161193848e-02 3.550430759787559509e-02 5.676556006073951721e-02
3.368709683418273926e-01 4.944764822721481323e-02 6.563792005181312561e-03 1.968166232109069824e-02 4.577401652932167053e-02 1.486310511827468872e-01 8.626887202262878418e-02 2.903309091925621033e-02 8.952920138835906982e-02 2.392759360373020172e-02 9.691254794597625732e-02 1.184608228504657745e-02 1.238998919725418091e-01 4.649057984352111816e-02 3.578437119722366333e-02 2.563693124102428555e-05 3.687869524583220482e-03 2.198673598468303680e-02 2.203927375376224518e-02 4.438732564449310303e-02 2.106162346899509430e-02 9.774562902748584747e-03 3.781309351325035095e-02 2.979673258960247040e-02 1.096596848219633102e-02 3.539054095745086670e-02 6.964894384145736694e-02 7.579983025789260864e-02 3.474516049027442932e-02 3.943842276930809021e-02 2.539981529116630554e-02 1.409031730145215988e-02 2.550699934363365173e-02 1.130068954080343246e-02 1.925333961844444275e-02 2.903165109455585480e-02 2.297638729214668274e-02 1.041108928620815277e-02 3.454476967453956604e-02 2.781432587653398514e-03 1.316135656088590622e-02 3.364442288875579834e-02 6.307160947471857071e-03 3.341754898428916931e-02 7.073367387056350708e-02 3.033901005983352661e-02 6.585841625928878784e-02 3.283687308430671692e-02 6.259371293708682060e-04 8.642195910215377808e-02 6.283144652843475342e-02 7.874468713998794556e-02 1.277407351881265640e-02 1.643949374556541443e-02 5.643446370959281921e-02 4.166511446237564087e-02 2.881945576518774033e-03 5.266566947102546692e-02 6.765806674957275391e-02 4.804544895887374878e-02 1.609363406896591187e-02 6.260633468627929688e-02 3.511751443147659302e-02 9.310469776391983032e-02 4.863892681896686554e-03 8.931765332818031311e-03 3.542045876383781433e-02 1.531288120895624161e-02 3.277021646499633789e-02 5.506689473986625671e-02 4.752339050173759460e-02 6.911647319793701172e-02 2.917627245187759399e-02 4.339652135968208313e-02 3.661608323454856873e-02 7.235955446958541870e-02 4.041291400790214539e-02 3.254780918359756470e-02 6.648271344602108002e-03 3.427997231483459473e-02 1.428473088890314102e-02 4.566961526870727539e-02 4.732519388198852539e-02 1.300668902695178986e-02 8.725678548216819763e-03 3.471635980531573296e-03 1.359431818127632141e-02 1.241556461900472641e-02 1.647950708866119385e-02 5.278702080249786377e-02 2.648969367146492004e-02 9.149736911058425903e-02 6.115603819489479065e-02 1.015769168734550476e-01 1.508688367903232574e-02 2.834400907158851624e-02 9.650918655097484589e-03 7.587101310491561890e-02 4.388770461082458496e-02 3.048588149249553680e-02 3.207872435450553894e-02 1.162883173674345016e-02 2.251995354890823364e-02 2.257036278024315834e-03 9.907067567110061646e-02 1.016974151134490967e-01 2.356421761214733124e-02 4.892539232969284058e-02 1.415704283863306046e-02 9.408032149076461792e-02 7.533064577728509903e-03 2.753880620002746582e-02 5.438341200351715088e-02 6.073981896042823792e-02 8.688885718584060669e-02 3.219707682728767395e-02
5.368066485971212387e-03 6.563792005181312561e-03 1.770310476422309875e-02 1.429961994290351868e-02 7.114434987306594849e-02 2.554364874958992004e-02 1.541947294026613235e-02 1.464125812053680420e-01 2.842094004154205322e-02 1.929740770719945431e-03 1.130641344934701920e-02 2.757964655756950378e-02 1.057984214276075363e-02 1.159969568252563477e-01 2.364187873899936676e-02 1.996434666216373444e-02 4.931972362101078033e-03 2.318243868649005890e-02 4.698689281940460205e-02 1.301987003535032272e-02 3.205256909132003784e-02 3.366808965802192688e-02 3.188825771212577820e-02 9.260538499802350998e-04 5.090780183672904968e-02 8.531856536865234375e-02 2.256407402455806732e-02 7.212706655263900757e-02 1.792153529822826385e-02 5.931216850876808167e-02 1.451508887112140656e-02 5.647632759064435959e-03 3.356816945597529411e-03 2.680821530520915985e-02 1.325278449803590775e-02 1.395747810602188110e-01 7.935062795877456665e-02 4.686438292264938354e-02 2.007047273218631744e-02 2.382409758865833282e-02 2.421502210199832916e-02 1.034522522240877151e-02 4.549993947148323059e-02 2.566612660884857178e-01 3.029532730579376221e-02 1.821986585855484009e-02 1.227243524044752121e-02 1.445257663726806641e-02 3.810031339526176453e-02 4.488233011215925217e-03 4.490837454795837402e-02 3.723078966140747070e-02 2.505270019173622131e-02 4.636877402663230896e-02 3.950026631355285645e-02 3.644118830561637878e-02 7.314375787973403931e-02 7.620492577552795410e-02 7.524426281452178955e-02 4.063962027430534363e-02 6.262602983042597771e-04 1.251655630767345428e-02 2.354215085506439209e-02 1.792769506573677063e-02 5.754579231142997742e-02 5.474964529275894165e-02 2.460590377449989319e-02 2.487937174737453461e-02 2.301974780857563019e-02 1.101440470665693283e-02 4.091016948223114014e-02 1.435792446136474609e-02 2.699056826531887054e-02 1.911856979131698608e-02 2.076809527352452278e-03 3.696017712354660034e-02 3.544663637876510620e-02 1.431296765804290771e-02 1.931017637252807617e-02 1.097210496664047241e-02 2.533088326454162598e-01 4.453998804092407227e-02 3.548549860715866089e-02 3.740954399108886719e-02 9.344509802758693695e-03 2.252321876585483551e-02 8.718729019165039062e-03 2.231712266802787781e-02 1.830018498003482819e-02 6.250981241464614868e-02 3.322026878595352173e-02 2.714177221059799194e-02 4.449506476521492004e-02 3.620216157287359238e-04 4.994473606348037720e-02 5.138625204563140869e-02 8.365152403712272644e-03 3.655179962515830994e-02 4.343646112829446793e-03 2.400958724319934845e-02 5.822193622589111328e-02 5.010685697197914124e-02 1.840779371559619904e-02 7.134446408599615097e-03 2.043735235929489136e-02 7.406023889780044556e-02 6.625534500926733017e-03 1.291266549378633499e-02 5.066565051674842834e-02 5.305496044456958771e-03 1.574888974428176880e-01 3.308798000216484070e-02 2.288242243230342865e-02 1.785603910684585571e-02 1.071396246552467346e-01 2.073919214308261871e-02
4.153032600879669189e-02 1.968166232109069824e-02 1.429961994290351868e-02 1.256052404642105103e-02 2.126677334308624268e-01 2.362926676869392395e-02 2.087644115090370178e-02 2.486717328429222107e-02 5.163785815238952637e-02 4.868149012327194214e-02 4.731661826372146606e-02 4.474285244941711426e-02 2.523998543620109558e-02 2.681177295744419098e-02 4.877641052007675171e-02 3.489414975047111511e-02 8.660242892801761627e-03 1.981871761381626129e-02 8.268637955188751221e-02 6.403687596321105957e-02 2.569800615310668945e-02 2.971791848540306091e-02 7.669562008231878281e-03 1.786723919212818146e-02 6.141747906804084778e-02 1.491849310696125031e-02 9.944126941263675690e-03 6.152027845382690430e-02 3.726275404915213585e-03 2.512908540666103363e-02 1.491637621074914932e-02 1.263029780238866806e-02 6.284189224243164062e-02 1.587679982185363770e-02 4.035602509975433350e-02 2.686726860702037811e-02 4.115619510412216187e-02 3.908738028258085251e-03 1.247626915574073792e-01 1.588177084922790527e-01 4.551170766353607178e-02 3.990648686885833740e-02 4.958806559443473816e-03 4.797675833106040955e-02 4.592708870768547058e-02 3.486064821481704712e-02 1.443171780556440353e-02 1.645097322762012482e-02 2.314787916839122772e-02 4.451411217451095581e-02 7.450655102729797363e-02 5.623847246170043945e-02 4.132276028394699097e-02 5.797041952610015869e-02 6.339590996503829956e-02 1.088239178061485291e-01 7.782391458749771118e-02 5.477815866470336914e-03 5.160496756434440613e-02 2.941435948014259338e-02 5.739514157176017761e-02 1.528441067785024643e-02 4.823992028832435608e-02 2.862661518156528473e-02 4.412867128849029541e-03 1.977760344743728638e-02 6.165841594338417053e-02 2.622347511351108551e-02 2.730512293055653572e-03 1.602248288691043854e-02 1.937081664800643921e-02 2.825471945106983185e-02 6.864237040281295776e-02 5.588258802890777588e-02 4.083568602800369263e-02 1.448089070618152618e-02 6.900775432586669922e-02 9.563799016177654266e-03 4.790537804365158081e-02 3.963032364845275879e-02 1.846938952803611755e-02 3.617280628532171249e-03 2.442109771072864532e-02 7.093310356140136719e-02 3.127096220850944519e-02 3.094821795821189880e-02 4.879026114940643311e-02 1.254783943295478821e-02 4.387265071272850037e-02 6.760483980178833008e-02 5.079399794340133667e-03 3.323413431644439697e-02 3.027498349547386169e-02 9.493382647633552551e-03 8.637875318527221680e-02 5.376391112804412842e-02 1.193768344819545746e-02 1.897271908819675446e-02 1.475272700190544128e-02 4.259751737117767334e-02 2.637868188321590424e-02 3.581681475043296814e-02 1.213780790567398071e-02 8.415727876126766205e-03 2.752169594168663025e-02 6.339333951473236084e-02 3.609588742256164551e-02 3.166645392775535583e-02 1.090289186686277390e-02 5.541612580418586731e-02 9.339300915598869324e-03 4.790252819657325745e-02 4.813277348875999451e-02 2.991414256393909454e-02 8.389375172555446625e-03 3.471515839919447899e-03
1.767437160015106201e-02 4.577401652932167053e-02 7.114434987306594849e-02 2.126677334308624268e-01 4.167826473712921143e-02 1.307519525289535522e-02 5.114721879363059998e-02 3.611920028924942017e-02 6.031721830368041992e-02 4.751082509756088257e-02 5.418612621724605560e-03 2.962970547378063202e-02 3.416302613914012909e-03 5.424606148153543472e-03 6.238168105483055115e-03 4.924664273858070374e-03 6.520612165331840515e-03 4.819517582654953003e-02 1.153660342097282410e-01 8.375522494316101074e-02 4.718216136097908020e-02 1.106350030750036240e-02 2.313677594065666199e-02 2.847828716039657593e-02 2.598290145397186279e-02 1.446880307048559189e-02 1.630235277116298676e-02 1.102676242589950562e-02 9.541281498968601227e-03 1.604326255619525909e-02 1.747043244540691376e-02 3.728877380490303040e-02 2.538455463945865631e-02 4.845804348587989807e-02 4.019920155405998230e-02 2.465749718248844147e-02 2.606417424976825714e-02 3.312957286834716797e-02 1.280735880136489868e-01 1.859126687049865723e-01 1.236513406038284302e-01 6.607105489820241928e-03 6.941858213394880295e-03 5.257841199636459351e-02 1.270502433180809021e-02 6.396731734275817871e-02 2.104919403791427612e-02 1.627171412110328674e-02 2.133218199014663696e-02 8.727233507670462132e-04 2.673484198749065399e-02 7.390276994556188583e-03 3.130616247653961182e-02 1.317766401916742325e-02 3.882279992103576660e-02 9.284665808081626892e-03 1.090058777481317520e-02 3.029285930097103119e-02 1.942233415320515633e-03 4.112207517027854919e-02 2.990748174488544464e-02 3.524920716881752014e-02 3.289081528782844543e-02 3.871798980981111526e-03 1.246538199484348297e-02 1.120754145085811615e-02 5.069315806031227112e-02 2.706912904977798462e-02 4.531362652778625488e-02 5.851078312844038010e-03 5.472235754132270813e-02 1.146135618910193443e-03 1.233628019690513611e-01 2.895073220133781433e-02 1.573921740055084229e-01 4.264580458402633667e-02 1.715687848627567291e-02 1.089702174067497253e-02 2.187392115592956543e-02 1.014083027839660645e-01 2.378144860267639160e-02 2.522176504135131836e-02 8.312903344631195068e-02 1.321288049221038818e-01 3.719914704561233521e-02 5.993948876857757568e-02 4.642792791128158569e-02 5.919516459107398987e-02 9.022182971239089966e-02 1.997961476445198059e-02 2.579931356012821198e-02 2.184539847075939178e-02 2.473711036145687103e-02 1.134637743234634399e-02 4.426917806267738342e-02 4.466189444065093994e-02 1.168940030038356781e-02 3.926883265376091003e-02 2.721174061298370361e-02 3.342355415225028992e-02 4.114157333970069885e-02 1.362207904458045959e-02 9.066022932529449463e-03 2.009111456573009491e-02 5.932138860225677490e-02 5.872458219528198242e-03 1.825783774256706238e-02 3.111144900321960449e-02 2.554727531969547272e-02 2.995832636952400208e-02 3.719321638345718384e-02 5.097679048776626587e-02 3.472548723220825195e-02 1.992094703018665314e-02 2.368469722568988800e-03 3.385788574814796448e-02
1.256740838289260864e-01 1.486310511827468872e-01 2.554364874958992004e-02 2.362926676869392395e-02 1.307519525289535522e-02 6.029877439141273499e-02 9.182897210121154785e-02 5.984799191355705261e-02 1.177646126598119736e-02 5.844567436724901199e-03 4.805163294076919556e-02 7.930458337068557739e-02 5.785688757896423340e-02 6.600677222013473511e-02 1.107659842818975449e-02 7.420302834361791611e-03 8.190178312361240387e-03 1.329450588673353195e-02 4.329650197178125381e-03 3.172472119331359863e-02 6.047603208571672440e-03 1.141677424311637878e-02 1.338542532175779343e-02 1.600440475158393383e-03 2.379557117819786072e-02 1.845256797969341278e-02 2.511892095208168030e-02 4.776058718562126160e-02 2.704835310578346252e-02 3.632823750376701355e-02 1.889911293983459473e-02 8.958803489804267883e-03 1.322592888027429581e-02 4.190559685230255127e-02 1.499208156019449234e-02 5.452098324894905090e-02 3.218747675418853760e-02 1.507904194295406342e-02 3.797721862792968750e-02 2.564871683716773987e-02 3.837679978460073471e-03 8.549815975129604340e-03 8.257974870502948761e-03 1.049606688320636749e-02 4.293933883309364319e-02 2.487342059612274170e-02 7.905440032482147217e-02 5.076660588383674622e-02 4.289382323622703552e-02 4.913497832603752613e-05 1.328154653310775757e-02 1.775566302239894867e-02 3.540965961292386055e-03 1.488056592643260956e-02 7.913650944828987122e-03 4.770960658788681030e-02 3.720035403966903687e-02 1.257813721895217896e-02 2.875349484384059906e-02 5.016696173697710037e-03 4.207118880003690720e-03 3.827089443802833557e-02 3.143387287855148315e-02 3.769925609230995178e-02 3.017437411472201347e-03 2.627927751746028662e-04 1.532659307122230530e-02 1.805527694523334503e-02 1.623998396098613739e-02 3.498809784650802612e-02 8.460246026515960693e-03 2.548890002071857452e-02 2.653877064585685730e-02 6.321062147617340088e-02 1.063139550387859344e-02 3.786724060773849487e-02 2.520640753209590912e-02 2.768670953810214996e-02 1.218789815902709961e-02 9.622354991734027863e-03 4.307763651013374329e-02 2.270263433456420898e-02 2.305069193243980408e-02 1.286470517516136169e-02 1.157225295901298523e-02 2.990575134754180908e-02 8.516481146216392517e-03 5.232459306716918945e-02 4.766499623656272888e-02 3.294854983687400818e-02 5.184355750679969788e-02 1.805984531529247761e-03 4.881923273205757141e-02 1.826903782784938812e-02 9.955888614058494568e-03 2.628405392169952393e-02 5.020856484770774841e-02 1.754129491746425629e-02 2.216139435768127441e-02 3.268644586205482483e-02 4.278023540973663330e-02 3.305140882730484009e-02 1.089495792984962463e-02 1.691874675452709198e-02 2.429588325321674347e-02 1.069494802504777908e-02 2.183196507394313812e-02 1.778899319469928741e-02 8.350519463419914246e-03 6.136514246463775635e-02 4.011529032140970230e-03 4.652413725852966309e-02 1.885219849646091461e-02 2.997753676027059555e-03 5.588242784142494202e-02 2.154361270368099213e-02
3.468689695000648499e-02 8.626887202262878418e-02 1.541947294026613235e-02 2.087644115090370178e-02 5.114721879363059998e-02 9.182897210121154785e-02 8.013085275888442993e-02 1.729281246662139893e-02 2.028564363718032837e-02 4.273220896720886230e-03 4.669246450066566467e-02 3.388568758964538574e-02 5.018137395381927490e-02 9.306082874536514282e-02 2.210885100066661835e-02 2.965757623314857483e-02 3.471976518630981445e-02 2.411438897252082825e-02 4.828831180930137634e-02 1.000071875751018524e-03 4.458852577954530716e-03 2.617367357015609741e-02 1.276099588721990585e-02 3.802059963345527649e-02 1.703955046832561493e-02 1.675964891910552979e-02 1.589552499353885651e-02 5.637120082974433899e-02 4.547037929296493530e-02 5.788116157054901123e-02 4.434912651777267456e-02 1.759272627532482147e-02 1.144100539386272430e-02 1.513276156038045883e-02 1.987341418862342834e-02 2.830287814140319824e-02 1.451909448951482773e-02 2.885070629417896271e-02 1.595564931631088257e-02 4.763004556298255920e-02 3.642264381051063538e-02 7.205659896135330200e-02 1.809433847665786743e-02 3.023284114897251129e-02 5.278468877077102661e-02 4.735020920634269714e-02 7.629908621311187744e-02 5.696832388639450073e-02 8.583065122365951538e-02 3.705508261919021606e-02 2.518138103187084198e-02 3.578497841954231262e-02 2.192005515098571777e-02 4.589050542563199997e-03 4.600615054368972778e-02 6.455006077885627747e-03 6.278752814978361130e-03 2.589737763628363609e-03 1.604798808693885803e-02 1.319892704486846924e-02 9.813877753913402557e-03 7.066246122121810913e-03 3.135691210627555847e-02 4.146445915102958679e-02 1.432192418724298477e-02 2.661621198058128357e-02 2.039066888391971588e-02 6.817108951508998871e-03 3.314315900206565857e-02 6.812215433456003666e-04 1.400207355618476868e-02 1.692893356084823608e-02 2.247523888945579529e-02 1.687340624630451202e-02 6.441903114318847656e-02 2.718631550669670105e-02 2.531385980546474457e-02 3.543243929743766785e-02 1.883593760430812836e-02 4.090318083763122559e-02 4.066405817866325378e-02 2.857133187353610992e-02 1.771644107066094875e-03 3.657808899879455566e-02 3.712003584951162338e-03 3.132832422852516174e-02 5.385013297200202942e-03 9.469266049563884735e-03 7.237587589770555496e-03 3.207757696509361267e-02 4.122690856456756592e-02 4.898176994174718857e-03 4.663030058145523071e-02 5.183257628232240677e-03 2.200597897171974182e-02 3.292353823781013489e-02 9.112133993767201900e-04 1.399123109877109528e-02 3.417412564158439636e-02 2.246278710663318634e-02 4.087902605533599854e-02 2.025733329355716705e-02 1.479787658900022507e-02 2.428222447633743286e-02 1.252330467104911804e-02 1.435249950736761093e-02 6.288689561188220978e-03 1.700965128839015961e-02 2.451959066092967987e-02 5.344282835721969604e-03 1.556213945150375366e-02 2.079972811043262482e-02 2.007416076958179474e-02 1.286191586405038834e-02 3.391755372285842896e-02 2.810431644320487976e-03
2.460197173058986664e-02 2.903309091925621033e-02 1.464125812053680420e-01 2.486717328429222107e-02 3.611920028924942017e-02 5.984799191355705261e-02 1.729281246662139893e-02 3.220247477293014526e-02 2.546499483287334442e-02 2.141467481851577759e-02 1.955837756395339966e-02 8.215414360165596008e-03 9.345459751784801483e-03 9.723224677145481110e-03 9.629026055335998535e-02 2.531675435602664948e-02 3.407704457640647888e-02 1.898935437202453613e-02 3.710008040070533752e-02 9.435489773750305176e-03 4.191423952579498291e-02 1.481512747704982758e-02 3.780689463019371033e-02 3.481430932879447937e-02 5.980373919010162354e-02 8.910526521503925323e-03 5.214477702975273132e-02 3.959990665316581726e-02 5.009812116622924805e-02 4.869407042860984802e-02 4.106514528393745422e-02 1.318118348717689514e-02 5.889087542891502380e-02 7.992678880691528320e-02 4.092137515544891357e-02 1.733867637813091278e-02 3.533566743135452271e-02 4.034680314362049103e-03 6.890677660703659058e-02 1.556759327650070190e-02 1.862485334277153015e-02 2.590532414615154266e-02 1.981679582968354225e-03 2.400952391326427460e-02 5.613593012094497681e-02 1.077424734830856323e-02 1.228938903659582138e-02 2.526386873796582222e-03 2.254997380077838898e-02 7.699974626302719116e-02 1.688117161393165588e-02 1.357354968786239624e-02 3.896871209144592285e-02 2.089919988065958023e-03 3.314469009637832642e-02 1.896287314593791962e-02 6.373527646064758301e-02 3.039048984646797180e-02 1.899797469377517700e-02 1.150812581181526184e-02 4.943466745316982269e-03 8.212748169898986816e-02 1.117645110934972763e-02 3.182422369718551636e-02 2.915547520387917757e-04 5.497954785823822021e-02 2.406985266134142876e-03 1.251489203423261642e-02 1.346578169614076614e-02 2.959478460252285004e-02 9.659539908170700073e-03 9.208200499415397644e-03 4.930027946829795837e-02 3.234219178557395935e-02 1.991656236350536346e-02 2.869246527552604675e-02 2.239272929728031158e-02 9.669779799878597260e-03 4.446466267108917236e-02 4.099946469068527222e-02 1.580709964036941528e-01 1.558730602264404297e-01 5.204445682466030121e-03 5.336732789874076843e-02 1.069551985710859299e-02 2.210532873868942261e-02 1.194604337215423584e-01 7.642372697591781616e-02 7.336358726024627686e-02 5.212622880935668945e-02 3.542729094624519348e-02 8.274010382592678070e-03 9.097539819777011871e-03 5.176410079002380371e-03 4.929678142070770264e-02 4.788885265588760376e-02 1.273246947675943375e-02 1.505699567496776581e-02 3.553643077611923218e-02 2.484320476651191711e-02 4.731234535574913025e-02 6.324521452188491821e-02 4.436093196272850037e-02 1.204611919820308685e-02 4.214268550276756287e-02 5.413370952010154724e-02 4.775261878967285156e-02 1.531297527253627777e-02 6.787712872028350830e-02 5.358578637242317200e-02 2.929911017417907715e-02 8.673745207488536835e-03 1.979638636112213135e-02 2.773343957960605621e-02 3.923354670405387878e-02 3.659333661198616028e-02
3.617625683546066284e-02 8.952920138835906982e-02 2.842094004154205322e-02 5.163785815238952637e-02 6.031721830368041992e-02 1.177646126598119736e-02 2.028564363718032837e-02 2.546499483287334442e-02 2.104570530354976654e-02 1.467297226190567017e-01 1.960297301411628723e-02 6.050636246800422668e-02 7.385316304862499237e-03 6.623494625091552734e-02 5.241320282220840454e-02 4.046797752380371094e-02 3.595544770359992981e-02 4.031465947628021240e-02 8.896676450967788696e-02 6.222278252243995667e-02 2.186501957476139069e-02 2.187559194862842560e-02 5.184677615761756897e-02 1.507039181888103485e-02 4.065574705600738525e-02 1.225298177450895309e-02 1.935361884534358978e-02 1.241047773510217667e-02 2.192274434491991997e-03 3.243477642536163330e-02 5.455542355775833130e-03 2.173045836389064789e-02 4.800638929009437561e-02 5.273869633674621582e-02 5.330766364932060242e-02 2.770378626883029938e-02 2.687993273138999939e-02 3.071365132927894592e-02 4.768986254930496216e-02 6.328724324703216553e-02 1.063727214932441711e-02 3.882928192615509033e-02 8.116291463375091553e-02 3.186652809381484985e-02 7.364664226770401001e-02 7.599889766424894333e-03 1.259414851665496826e-02 2.402057498693466187e-02 2.294754423201084137e-02 4.126200079917907715e-02 8.178651332855224609e-02 6.460694223642349243e-02 2.455283328890800476e-02 4.603717941790819168e-03 1.053794845938682556e-01 4.309720546007156372e-02 2.049400284886360168e-02 5.559496930800378323e-04 1.407157257199287415e-02 1.007222849875688553e-02 6.573219317942857742e-03 2.830065414309501648e-02 7.941439747810363770e-02 5.808699131011962891e-02 1.015903428196907043e-02 1.883686333894729614e-02 4.279632121324539185e-02 4.671029746532440186e-03 3.329629078507423401e-02 6.152328848838806152e-02 3.478265553712844849e-02 9.537594765424728394e-02 5.158844869583845139e-04 2.684887684881687164e-02 1.375088561326265335e-02 4.328889772295951843e-02 2.191075682640075684e-01 5.992701277136802673e-02 1.939419806003570557e-01 8.404505997896194458e-02 8.756386116147041321e-03 1.975401863455772400e-02 3.888484090566635132e-02 3.035678528249263763e-02 4.587283730506896973e-02 5.991438031196594238e-02 1.391663099639117718e-03 2.681606076657772064e-02 6.217267736792564392e-02 7.138937711715698242e-03 2.232213504612445831e-02 5.513659678399562836e-03 9.913264773786067963e-03 4.669151082634925842e-02 4.798941314220428467e-02 3.239973215386271477e-03 2.526107244193553925e-02 6.557676941156387329e-02 8.455322682857513428e-02 2.400576835498213768e-03 8.518172055482864380e-02 3.122243797406554222e-03 2.279526554048061371e-03 3.509956598281860352e-02 2.072609402239322662e-02 4.729965329170227051e-02 1.434548292309045792e-02 7.708403747528791428e-03 4.878784064203500748e-03 1.049186568707227707e-03 5.841188877820968628e-02 3.332198038697242737e-02 3.862325474619865417e-02 1.547657418996095657e-02 1.108718812465667725e-01 5.113994702696800232e-03
3.446798026561737061e-02 2.392759360373020172e-02 1.929740770719945431e-03 4.868149012327194214e-02 4.751082509756088257e-02 5.844567436724901199e-03 4.273220896720886230e-03 2.141467481851577759e-02 1.467297226190567017e-01 7.058960199356079102e-02 3.129586577415466309e-02 6.932555884122848511e-02 3.183021908625960350e-03 3.014710918068885803e-02 2.050202339887619019e-03 3.008165955543518066e-02 1.379035785794258118e-02 1.468867715448141098e-02 1.416279077529907227e-01 6.374558061361312866e-02 2.953023649752140045e-02 3.586144652217626572e-03 7.600177079439163208e-03 7.880236953496932983e-03 2.750322455540299416e-03 2.800736762583255768e-02 3.294680267572402954e-02 3.798459097743034363e-02 1.273111905902624130e-02 1.543568260967731476e-02 2.440091781318187714e-02 9.499690495431423187e-03 7.219459861516952515e-02 2.773498930037021637e-02 5.947761610150337219e-02 1.180887222290039062e-02 5.252770334482192993e-02 2.212956361472606659e-02 2.191737107932567596e-02 4.624946787953376770e-02 2.086886577308177948e-02 4.706024657934904099e-03 2.257010899484157562e-02 3.804806247353553772e-02 1.821140386164188385e-02 6.033858284354209900e-02 2.664121054112911224e-02 1.436790637671947479e-02 3.484433889389038086e-02 1.444111168384552002e-01 3.353162482380867004e-02 1.123101823031902313e-02 4.368439689278602600e-02 4.519224911928176880e-02 7.662479579448699951e-02 1.501438617706298828e-01 2.804147079586982727e-02 4.162695258855819702e-02 4.414528608322143555e-02 8.612555451691150665e-03 4.423173516988754272e-02 3.673483431339263916e-02 2.307442761957645416e-02 1.120941154658794403e-02 3.400088520720601082e-03 9.456529282033443451e-03 4.102439433336257935e-02 3.880084678530693054e-02 1.918735727667808533e-02 8.384035527706146240e-02 4.444842785596847534e-02 7.939216680824756622e-03 3.348080068826675415e-02 9.546356648206710815e-02 6.114442646503448486e-02 1.864716038107872009e-02 7.455311715602874756e-03 1.970585882663726807e-01 7.860821485519409180e-02 1.908373534679412842e-01 8.948536589741706848e-03 2.577194198966026306e-02 9.188275784254074097e-02 9.680142998695373535e-02 2.419525571167469025e-02 9.574033319950103760e-02 7.221200969070196152e-03 4.966011270880699158e-03 7.168188691139221191e-02 6.128561869263648987e-02 9.837588295340538025e-03 1.615013228729367256e-03 7.934996858239173889e-03 6.039537116885185242e-02 3.693318739533424377e-02 2.442726492881774902e-02 4.372640699148178101e-02 7.569490931928157806e-03 9.047179482877254486e-03 1.776534190867096186e-05 1.382599235512316227e-03 3.364937752485275269e-02 4.050021618604660034e-02 1.179947331547737122e-02 1.199753303080797195e-02 1.497608516365289688e-02 2.546876668930053711e-02 3.228369727730751038e-02 2.357469126582145691e-02 1.790746115148067474e-02 1.408104225993156433e-02 2.350204810500144958e-02 1.961423456668853760e-02 5.187790375202894211e-04 2.997357025742530823e-02 1.658855564892292023e-02
1.191011816263198853e-01 9.691254794597625732e-02 1.130641344934701920e-02 4.731661826372146606e-02 5.418612621724605560e-03 4.805163294076919556e-02 4.669246450066566467e-02 1.955837756395339966e-02 1.960297301411628723e-02 3.129586577415466309e-02 7.993675023317337036e-02 5.329322442412376404e-02 7.616113126277923584e-02 2.585321292281150818e-02 4.402403533458709717e-02 1.831300742924213409e-02 2.473980374634265900e-02 2.662579715251922607e-02 5.985822062939405441e-04 1.979274302721023560e-02 7.320285309106111526e-03 1.080519333481788635e-02 1.783788017928600311e-02 6.198566872626543045e-03 5.102128908038139343e-02 3.762071952223777771e-02 1.413027569651603699e-02 7.086472958326339722e-02 6.597051769495010376e-02 8.379784971475601196e-02 4.466095194220542908e-02 5.146660376340150833e-03 3.067419631406664848e-03 2.330259792506694794e-02 2.670147828757762909e-02 1.467085443437099457e-02 1.870282553136348724e-02 4.270646255463361740e-03 1.470435177907347679e-03 3.462545201182365417e-02 1.151827443391084671e-02 8.524586446583271027e-04 3.224800806492567062e-03 3.602936491370201111e-02 2.623051777482032776e-02 9.336390532553195953e-03 3.778870403766632080e-02 3.210293874144554138e-02 4.389423411339521408e-03 3.155315667390823364e-02 1.113433949649333954e-02 7.937055197544395924e-04 2.799718827009201050e-02 2.254754118621349335e-02 1.369668543338775635e-02 2.367708086967468262e-02 4.753710236400365829e-03 3.333433344960212708e-02 1.308905542828142643e-03 1.470189448446035385e-02 1.287335995584726334e-02 2.064988389611244202e-02 2.271309681236743927e-02 4.389894753694534302e-02 4.600658640265464783e-02 3.655386716127395630e-02 8.741503581404685974e-03 2.294520847499370575e-02 5.761212669312953949e-03 2.543666958808898926e-02 4.047987516969442368e-03 1.765489764511585236e-02 1.721241511404514313e-02 2.718945965170860291e-02 1.957523263990879059e-02 5.250283703207969666e-02 2.874854393303394318e-02 2.227258309721946716e-02 1.468823477625846863e-02 2.837989665567874908e-02 1.657934114336967468e-02 6.200125906616449356e-03 1.970434375107288361e-02 1.037574931979179382e-02 1.846862956881523132e-02 5.936727859079837799e-03 2.964577451348304749e-02 7.152291014790534973e-03 9.880869649350643158e-03 3.045365028083324432e-02 3.394098579883575439e-02 4.113665595650672913e-02 2.782144956290721893e-02 2.025252766907215118e-02 1.235768664628267288e-02 6.257758010178804398e-03 2.513131685554981232e-02 2.403190918266773224e-02 3.663033246994018555e-02 9.848367422819137573e-03 7.128641940653324127e-03 4.319804534316062927e-02 2.940540015697479248e-02 4.630239680409431458e-02 3.210709430277347565e-03 1.800560392439365387e-02 4.220956936478614807e-03 1.846897415816783905e-02 2.527841553092002869e-02 5.804580170661211014e-03 4.355225712060928345e-03 2.071079611778259277e-02 1.689598080702126026e-03 1.088874787092208862e-02 9.287456050515174866e-03 4.742448031902313232e-02
9.965358767658472061e-04 1.184608228504657745e-02 2.757964655756950378e-02 4.474285244941711426e-02 2.962970547378063202e-02 7.930458337068557739e-02 3.388568758964538574e-02 8.215414360165596008e-03 6.050636246800422668e-02 6.932555884122848511e-02 5.329322442412376404e-02 7.276091724634170532e-02 5.150324478745460510e-02 2.477072477340698242e-01 1.611472479999065399e-02 6.202056258916854858e-02 5.730178952217102051e-02 1.146847568452358246e-02 6.171930953860282898e-02 2.829183079302310944e-02 1.304692775011062622e-02 2.085490897297859192e-02 1.287501025944948196e-02 6.935459375381469727e-02 2.815353684127330780e-02 1.309028547257184982e-02 1.909352955408394337e-03 1.844864189624786377e-01 4.218955710530281067e-02 1.794729977846145630e-01 3.133660927414894104e-02 4.037515074014663696e-02 2.380844019353389740e-02 6.349460035562515259e-02 2.243807539343833923e-02 6.750155240297317505e-03 2.523715607821941376e-02 3.298684209585189819e-02 3.134416043758392334e-02 2.095141261816024780e-02 2.015061676502227783e-02 1.852755993604660034e-02 2.326321788132190704e-03 1.859052479267120361e-02 7.352420687675476074e-02 1.278224773705005646e-02 1.252081803977489471e-02 5.668061785399913788e-03 1.139585394412279129e-02 4.229602217674255371e-02 4.202204570174217224e-02 4.372277855873107910e-02 6.414586305618286133e-02 2.290208078920841217e-02 8.682694286108016968e-02 4.359621182084083557e-02 6.741768866777420044e-02 6.255729496479034424e-02 4.939714074134826660e-02 3.578738495707511902e-02 2.949627349153161049e-03 9.216894209384918213e-02 2.215189300477504730e-02 5.691153462976217270e-03 1.355196814984083176e-02 2.408447861671447754e-02 3.080702573060989380e-02 2.728961966931819916e-02 2.295401133596897125e-02 3.357198834419250488e-02 2.727149240672588348e-02 2.795395068824291229e-02 6.957292556762695312e-02 1.488222554326057434e-02 2.592457644641399384e-02 1.091625634580850601e-02 8.862815797328948975e-02 2.772280201315879822e-02 8.040606975555419922e-03 7.018712349236011505e-03 3.762238100171089172e-02 5.562442541122436523e-02 1.480724196881055832e-02 1.462729461491107941e-02 1.934379804879426956e-03 2.938472293317317963e-02 5.381808802485466003e-02 4.179766401648521423e-02 1.000352352857589722e-01 1.217961758375167847e-01 5.081079900264739990e-03 2.842399850487709045e-02 1.157839037477970123e-02 3.465866670012474060e-02 8.773557841777801514e-02 9.292516112327575684e-02 3.212882671505212784e-03 2.749790810048580170e-02 2.886971645057201385e-02 1.275947876274585724e-02 6.737658381462097168e-02 5.246795713901519775e-02 3.757815808057785034e-02 6.191568914800882339e-03 5.967109277844429016e-02 6.093075498938560486e-02 2.724701166152954102e-02 5.584410578012466431e-02 5.129684880375862122e-02 1.933595724403858185e-02 2.600463107228279114e-02 7.607766985893249512e-02 3.992488980293273926e-02 2.857048809528350830e-02 5.036382353864610195e-04 1.152702723629772663e-03
8.478157222270965576e-02 1.238998919725418091e-01 1.057984214276075363e-02 2.523998543620109558e-02 3.416302613914012909e-03 5.785688757896423340e-02 5.018137395381927490e-02 9.345459751784801483e-03 7.385316304862499237e-03 3.183021908625960350e-03 7.616113126277923584e-02 5.150324478745460510e-02 7.703094184398651123e-02 2.267182804644107819e-02 2.456563524901866913e-02 2.155859395861625671e-02 2.992559783160686493e-02 2.369724027812480927e-02 9.484495967626571655e-03 9.396436507813632488e-04 5.977014079689979553e-03 3.143814206123352051e-02 2.291051298379898071e-02 1.155957020819187164e-02 3.871757537126541138e-02 2.077443338930606842e-02 2.637973986566066742e-03 4.624228179454803467e-02 4.764044284820556641e-02 6.569956988096237183e-02 4.252337664365768433e-02 2.025438938289880753e-03 6.924667395651340485e-03 5.508640897460281849e-04 3.189716488122940063e-02 4.013927653431892395e-02 4.799782112240791321e-02 1.358740217983722687e-02 2.185135893523693085e-02 1.544250920414924622e-02 3.037230344489216805e-03 8.117348887026309967e-03 8.391265757381916046e-03 1.524258311837911606e-02 1.671518012881278992e-02 1.126439403742551804e-02 2.875986881554126740e-02 2.759243361651897430e-02 1.167660672217607498e-02 1.798905991017818451e-02 2.078188955783843994e-02 1.339500676840543747e-02 9.083102457225322723e-03 1.566246151924133301e-02 3.196074441075325012e-02 4.990051314234733582e-02 2.639626152813434601e-02 2.813177555799484253e-02 1.339398697018623352e-02 1.985277235507965088e-02 3.390051797032356262e-02 1.879745721817016602e-02 9.609333239495754242e-03 4.782725125551223755e-02 3.287763893604278564e-02 4.195726662874221802e-02 2.104913257062435150e-02 4.054658487439155579e-02 1.432559080421924591e-02 3.165355650708079338e-03 1.477614138275384903e-02 1.900175958871841431e-02 1.427345722913742065e-02 2.996342070400714874e-02 2.026965143159031868e-03 4.263538494706153870e-02 4.263229668140411377e-02 1.023877505213022232e-02 2.672006748616695404e-02 3.087881579995155334e-02 5.870059248991310596e-04 1.833072490990161896e-02 9.089484810829162598e-03 1.971578970551490784e-02 1.197554636746644974e-02 1.933960616588592529e-02 2.267255261540412903e-02 1.704954542219638824e-02 3.584042133297771215e-04 3.905228897929191589e-02 2.468340285122394562e-02 1.116684637963771820e-02 3.353088721632957458e-02 2.443468011915683746e-02 1.907406747341156006e-02 1.843214966356754303e-02 4.545189440250396729e-02 2.553032897412776947e-02 3.657348081469535828e-02 9.674683213233947754e-03 1.639874465763568878e-02 5.421501584351062775e-03 2.769037894904613495e-02 5.069667100906372070e-02 3.221390303224325180e-03 1.321929693222045898e-02 2.973796334117650986e-03 1.844675838947296143e-02 1.463689957745373249e-03 6.396603304892778397e-03 3.571603447198867798e-02 8.845277130603790283e-03 1.130108442157506943e-02 1.281210221350193024e-02 4.133943468332290649e-02 4.956931807100772858e-03
