9.891389310359954834e-02 1.737490445375442505e-01 7.349638734012842178e-03 1.420572306960821152e-02 7.154452800750732422e-02 1.209112182259559631e-01 7.993021607398986816e-02 4.830361343920230865e-03 3.285830095410346985e-02 1.853757351636886597e-02 1.464168727397918701e-01 4.604897461831569672e-03 1.232855916023254395e-01 1.858603022992610931e-02 6.934420764446258545e-02 8.438237011432647705e-03 3.368098288774490356e-02 8.140661753714084625e-03 2.390380576252937317e-02 4.463912546634674072e-02 8.596464991569519043e-02 2.827918343245983124e-02 1.339823473244905472e-02 2.469657221809029579e-03 1.133319083601236343e-02 3.930989652872085571e-02 3.909478709101676941e-02 5.396545678377151489e-02 6.915047764778137207e-02 1.146593317389488220e-02 3.479076549410820007e-02 3.431726992130279541e-02 5.641816649585962296e-03 3.104148991405963898e-02 1.856196485459804535e-02 7.267241925001144409e-02 2.121884934604167938e-02 1.943909004330635071e-02 3.262276947498321533e-02 4.034746810793876648e-02 3.358632698655128479e-02 1.609937474131584167e-02 3.322978690266609192e-02 2.377647534012794495e-02 2.564864978194236755e-02 6.178224086761474609e-02 1.110710129141807556e-01 3.071407601237297058e-02 1.115328073501586914e-02 2.550144679844379425e-02 1.305908616632223129e-02 3.868508338928222656e-02 2.122447639703750610e-02 2.143674343824386597e-02 2.337639033794403076e-02 2.613558992743492126e-02 3.198842704296112061e-02 3.801880404353141785e-02 2.619165740907192230e-02 4.557120427489280701e-02 1.903823576867580414e-02 1.903098262846469879e-02 5.406161770224571228e-02 6.388826668262481689e-02 3.504029288887977600e-02 2.800554502755403519e-03 2.936518192291259766e-02 1.450171973556280136e-02 7.219642866402864456e-03 2.247486263513565063e-02 4.003442823886871338e-02 6.104484200477600098e-02 1.888473890721797943e-02 1.122217252850532532e-02 2.998387068510055542e-02 3.299843147397041321e-02 1.194756664335727692e-02 2.737512253224849701e-02 1.265845820307731628e-02 8.677048608660697937e-03 2.007068367674946785e-03 1.778656430542469025e-02 3.816940635442733765e-02 5.219078622758388519e-03 3.951579798012971878e-03 2.799722179770469666e-02 4.418086633086204529e-02 3.015871532261371613e-02 4.387554526329040527e-02 1.009448897093534470e-02 7.217567414045333862e-02 5.450081825256347656e-02 3.440188616514205933e-02 5.755363777279853821e-02 2.641782723367214203e-02 1.820278726518154144e-02 6.899634003639221191e-02 2.719203382730484009e-02 1.704573631286621094e-03 1.040884759277105331e-02 2.304203435778617859e-02 1.508223079144954681e-02 5.019126459956169128e-02 1.559322141110897064e-02 1.604386605322360992e-02 4.218632355332374573e-02 2.535496279597282410e-02 2.630172483623027802e-02 5.019915406592190266e-04 9.607344865798950195e-02 3.924726694822311401e-02 6.760229915380477905e-02 3.215714544057846069e-02 2.127325534820556641e-02 2.479568123817443848e-03 4.448636434972286224e-03
1.737490445375442505e-01 1.074076518416404724e-01 2.305961214005947113e-03 5.105715990066528320e-02 3.185171633958816528e-02 1.105152517557144165e-01 1.276371330022811890e-01 3.090782277286052704e-02 1.711035706102848053e-02 5.083527881652116776e-03 1.145215481519699097e-01 4.867425560951232910e-02 1.898165196180343628e-01 1.288677845150232315e-02 6.882137805223464966e-02 4.467149730771780014e-03 2.493909327313303947e-03 2.002416364848613739e-02 8.875010535120964050e-03 2.286672219634056091e-02 6.523842364549636841e-02 3.711043670773506165e-02 4.076636582612991333e-02 3.725764155387878418e-02 2.738985978066921234e-02 5.641673505306243896e-02 2.023464627563953400e-02 1.535730250179767609e-02 3.648133948445320129e-02 7.162195164710283279e-03 2.728427574038505554e-02 2.308621816337108612e-02 4.844888672232627869e-02 9.026546031236648560e-03 4.608940333127975464e-03 3.986624628305435181e-02 3.043925762176513672e-02 1.401530392467975616e-02 4.082674533128738403e-02 4.189794138073921204e-02 3.436401858925819397e-02 1.045131217688322067e-02 1.959681883454322815e-02 4.060928523540496826e-02 6.634108722209930420e-02 2.769238129258155823e-02 7.705143839120864868e-02 5.166084319353103638e-02 2.877326682209968567e-03 9.636123664677143097e-03 3.534954786300659180e-02 2.133882604539394379e-02 2.456731162965297699e-02 1.076453272253274918e-02 4.187703877687454224e-02 1.486773882061243057e-02 3.189486637711524963e-02 3.123502060770988464e-02 1.044107601046562195e-02 3.525323793292045593e-02 1.929330639541149139e-02 5.920168943703174591e-03 3.294147551059722900e-03 6.466537597589194775e-04 4.635320231318473816e-02 2.631510607898235321e-02 7.875052280724048615e-03 1.169338263571262360e-02 2.858717925846576691e-02 2.858811523765325546e-03 1.545365713536739349e-02 3.346852492541074753e-03 8.929104544222354889e-03 2.173924632370471954e-02 5.495091900229454041e-03 4.199608787894248962e-02 2.386125735938549042e-02 3.412554785609245300e-02 2.670116536319255829e-02 4.072048515081405640e-02 4.683094471693038940e-02 1.015920843929052353e-02 2.401084080338478088e-02 2.154375985264778137e-02 2.386343106627464294e-02 2.832125639542937279e-03 6.959531456232070923e-03 3.004955500364303589e-02 2.521740458905696869e-02 5.934792757034301758e-02 8.559923619031906128e-03 1.591171720065176487e-03 6.104715168476104736e-02 3.770500421524047852e-02 1.912590116262435913e-02 2.390906773507595062e-02 1.191891916096210480e-02 3.308358788490295410e-02 3.448698204010725021e-03 2.888864837586879730e-03 3.255086392164230347e-02 5.643303506076335907e-03 6.050228327512741089e-02 2.149785868823528290e-02 5.210598185658454895e-02 1.029841881245374680e-02 1.138236373662948608e-02 1.595751033164560795e-03 1.675085164606571198e-02 3.778205811977386475e-02 1.902348734438419342e-02 4.962188005447387695e-02 2.903789514675736427e-03 5.221857689321041107e-03 5.850502103567123413e-02 8.158827200531959534e-03
7.349638734012842178e-03 2.305961214005947113e-03 2.014208585023880005e-02 1.886881515383720398e-02 1.694036275148391724e-02 6.384560372680425644e-03 2.481061778962612152e-02 1.898318976163864136e-01 4.210565984249114990e-02 5.628779903054237366e-02 1.472305599600076675e-02 2.585261501371860504e-02 3.757967054843902588e-02 1.303707156330347061e-02 2.853445895016193390e-02 3.305991366505622864e-02 1.856447570025920868e-02 1.021291501820087433e-02 2.218729071319103241e-02 2.677874825894832611e-02 3.658466041088104248e-02 2.052705176174640656e-02 5.242638289928436279e-03 1.458888500928878784e-02 5.264961719512939453e-02 6.571873556822538376e-03 4.689550958573818207e-03 7.683346979320049286e-03 4.206811636686325073e-02 2.226920239627361298e-02 1.511608622968196869e-02 2.660045959055423737e-02 1.505399122834205627e-02 8.409754373133182526e-03 2.396792173385620117e-02 3.200638294219970703e-02 6.706314533948898315e-02 6.004860252141952515e-02 1.955083198845386505e-02 5.396753083914518356e-03 2.296729385852813721e-02 2.285993658006191254e-02 1.010396238416433334e-02 1.956906616687774658e-01 2.172419242560863495e-02 1.676763407886028290e-02 5.082623288035392761e-02 5.325745791196823120e-02 7.678262889385223389e-03 2.323814108967781067e-02 1.575257070362567902e-02 2.032151818275451660e-02 1.375992689281702042e-02 2.608216181397438049e-02 1.400672085583209991e-02 8.484223857522010803e-03 2.039600536227226257e-02 1.954076997935771942e-02 3.291722387075424194e-02 1.663003303110599518e-02 1.959517225623130798e-02 1.564230769872665405e-02 3.137717023491859436e-02 9.788047522306442261e-03 5.287528410553932190e-02 2.372604608535766602e-02 2.629999257624149323e-02 3.802297869697213173e-03 3.494234697427600622e-04 2.277684770524501801e-02 1.917678862810134888e-02 3.619703650474548340e-02 5.435206368565559387e-02 1.994852535426616669e-02 5.246842652559280396e-02 4.624023567885160446e-03 2.803547680377960205e-02 3.774394281208515167e-03 3.557107225060462952e-02 4.034723713994026184e-02 1.250853687524795532e-01 2.039583027362823486e-01 3.387084975838661194e-02 3.990687057375907898e-02 1.274890638887882233e-02 2.795210108160972595e-03 4.374004434794187546e-03 2.447318518534302711e-03 2.590065263211727142e-02 7.319835573434829712e-02 9.083317592740058899e-03 4.213671013712882996e-02 2.411995548754930496e-03 4.906328022480010986e-02 1.334767043590545654e-02 1.101607922464609146e-02 2.069468982517719269e-02 4.280885308980941772e-02 1.541863754391670227e-02 1.651256904006004333e-02 2.871044678613543510e-03 2.053263038396835327e-02 3.349169716238975525e-02 3.399144485592842102e-02 1.831565983593463898e-02 1.597859524190425873e-02 3.630038723349571228e-02 2.252611331641674042e-02 5.778774619102478027e-03 4.612199962139129639e-02 4.012079536914825439e-02 1.056209765374660492e-02 2.241013012826442719e-02 9.222643449902534485e-03 9.577871859073638916e-02 2.748552337288856506e-02
1.420572306960821152e-02 5.105715990066528320e-02 1.886881515383720398e-02 6.428599357604980469e-02 3.532331287860870361e-01 3.148709982633590698e-02 1.994677446782588959e-02 2.059840771835297346e-04 7.078126072883605957e-02 2.762483898550271988e-03 3.839306905865669250e-02 7.935478352010250092e-03 1.578118093311786652e-02 3.355362638831138611e-02 4.149198997765779495e-03 4.357791505753993988e-03 6.558451801538467407e-02 4.940694570541381836e-02 4.837292432785034180e-02 6.294495612382888794e-02 3.524935618042945862e-02 1.054411288350820541e-03 1.025529392063617706e-02 1.659943349659442902e-02 6.740983109921216965e-03 8.298585191369056702e-03 6.463802605867385864e-02 3.023315034806728363e-02 1.296988036483526230e-02 4.423746094107627869e-02 5.294924229383468628e-02 5.520236492156982422e-02 4.255208745598793030e-02 5.395033210515975952e-02 1.425874512642621994e-02 3.397793695330619812e-02 2.051608450710773468e-02 6.143070757389068604e-03 1.950183063745498657e-01 1.428685430437326431e-02 3.880280628800392151e-02 5.196031555533409119e-02 2.967884019017219543e-02 1.266431659460067749e-01 4.170351102948188782e-02 3.765188157558441162e-02 3.380892425775527954e-02 1.400534645654261112e-03 6.025307253003120422e-02 3.291628137230873108e-02 3.167568892240524292e-02 3.903876990079879761e-02 6.847989559173583984e-02 3.660908713936805725e-02 5.001353845000267029e-02 4.325917735695838928e-02 5.960351601243019104e-02 2.928945049643516541e-02 5.172906443476676941e-02 4.749786481261253357e-02 2.120705395936965942e-01 1.046869009733200073e-01 5.833839531987905502e-03 1.812617294490337372e-02 1.827307231724262238e-02 2.241322956979274750e-02 4.058416187763214111e-02 1.780945458449423313e-03 1.089007407426834106e-02 1.930744759738445282e-02 2.808405272662639618e-02 3.902218863368034363e-02 2.169400155544281006e-01 3.673604503273963928e-02 1.149658784270286560e-01 4.493467137217521667e-02 1.974514313042163849e-02 7.016134262084960938e-02 2.577055478468537331e-03 3.334477543830871582e-02 5.827239714562892914e-03 1.415008772164583206e-02 4.201520979404449463e-02 1.211560703814029694e-02 3.127381578087806702e-02 1.347833033651113510e-02 4.725284874439239502e-02 2.023029886186122894e-02 1.197597011923789978e-02 4.348604381084442139e-02 1.973967254161834717e-02 7.504130713641643524e-03 1.590910600498318672e-03 3.253924846649169922e-02 6.983704864978790283e-03 2.827538177371025085e-02 1.579563692212104797e-02 3.460977971553802490e-02 2.183454576879739761e-03 5.643940996378660202e-03 4.355039075016975403e-02 3.020643629133701324e-02 5.457752943038940430e-02 1.321793533861637115e-02 1.534221693873405457e-02 7.768072653561830521e-03 6.351410876959562302e-03 5.230009183287620544e-02 6.717582046985626221e-02 3.455341979861259460e-02 5.507377907633781433e-02 1.209893543273210526e-02 5.074702948331832886e-02 1.327962521463632584e-02 1.298350375145673752e-02 4.737108573317527771e-02
7.154452800750732422e-02 3.185171633958816528e-02 1.694036275148391724e-02 3.532331287860870361e-01 9.299820661544799805e-02 1.001108251512050629e-02 6.152141094207763672e-02 2.614615485072135925e-02 2.012344449758529663e-02 6.886975467205047607e-02 6.279011070728302002e-02 1.431374624371528625e-02 3.411439806222915649e-02 6.389848142862319946e-02 9.445864707231521606e-03 8.127706497907638550e-02 6.060606613755226135e-02 2.468434162437915802e-02 4.208209924399852753e-03 6.753185391426086426e-02 4.309879615902900696e-02 2.630900358781218529e-03 1.708476059138774872e-02 3.465627506375312805e-02 3.852595807984471321e-03 3.887268528342247009e-02 2.961970400065183640e-03 5.383141804486513138e-03 6.740458309650421143e-02 3.321899333968758583e-03 4.406997933983802795e-02 5.946908891201019287e-02 2.776617929339408875e-02 2.330015972256660461e-02 1.425572112202644348e-02 2.676594443619251251e-02 7.238217629492282867e-03 2.912178449332714081e-02 2.179093509912490845e-01 1.878194212913513184e-01 6.555896997451782227e-02 4.474982619285583496e-03 1.332803443074226379e-02 2.921985276043415070e-02 2.754401229321956635e-02 2.123026642948389053e-03 2.299215644598007202e-02 4.772572219371795654e-02 4.551217705011367798e-02 1.225229166448116302e-02 1.009850669652223587e-02 2.399749122560024261e-02 6.271915882825851440e-02 7.152058184146881104e-02 5.466663464903831482e-02 5.876130610704421997e-02 4.613764211535453796e-02 7.959976792335510254e-02 4.916364699602127075e-02 6.186753511428833008e-03 1.515030562877655029e-01 1.177586317062377930e-01 1.263043191283941269e-02 5.870446562767028809e-02 1.440049521625041962e-02 1.217942219227552414e-02 2.195836044847965240e-02 1.333278510719537735e-02 7.371310889720916748e-02 1.328691281378269196e-02 5.740999057888984680e-02 4.795845970511436462e-02 1.459379196166992188e-01 4.379748180508613586e-02 2.117825150489807129e-01 4.831332713365554810e-02 6.121731176972389221e-02 1.596637256443500519e-02 4.440671950578689575e-02 5.381677299737930298e-02 6.418330967426300049e-02 4.906651005148887634e-02 7.537245005369186401e-02 8.974336087703704834e-02 2.645326033234596252e-02 4.746785014867782593e-02 4.339488968253135681e-02 9.393558837473392487e-03 1.783220656216144562e-02 1.915924809873104095e-02 3.083504177629947662e-02 4.945866297930479050e-03 3.664239123463630676e-02 3.161881491541862488e-02 2.671267278492450714e-02 6.744143087416887283e-03 2.271830104291439056e-02 4.182891920208930969e-03 4.339835722930729389e-04 1.364160515367984772e-02 1.637709885835647583e-02 4.004492238163948059e-02 3.893486782908439636e-02 3.078403696417808533e-02 3.551466763019561768e-02 7.054754067212343216e-03 2.895635925233364105e-02 5.656626075506210327e-02 1.078837830573320389e-02 3.477539122104644775e-02 5.793676525354385376e-02 7.979403249919414520e-03 3.848421573638916016e-02 1.797504350543022156e-02 5.335904285311698914e-02 1.099456194788217545e-02
1.209112182259559631e-01 1.105152517557144165e-01 6.384560372680425644e-03 3.148709982633590698e-02 1.001108251512050629e-02 1.066339313983917236e-01 2.092990279197692871e-01 4.456154629588127136e-02 7.489470392465591431e-02 2.612746506929397583e-02 5.982115864753723145e-02 1.047973409295082092e-01 3.376130387187004089e-02 4.590394347906112671e-02 3.015920985490083694e-03 9.815967082977294922e-02 8.784369379281997681e-02 4.629287123680114746e-02 2.393919415771961212e-02 1.691806755843572319e-05 6.976133584976196289e-02 3.517789393663406372e-02 4.464475065469741821e-02 6.249649450182914734e-02 1.590059511363506317e-02 2.152108587324619293e-02 5.679767578840255737e-02 1.291083097457885742e-01 2.824993617832660675e-02 7.963886111974716187e-02 8.230006322264671326e-03 6.938855163753032684e-03 3.485512221232056618e-03 2.416102215647697449e-02 8.378122583962976933e-04 2.949900366365909576e-02 1.991453394293785095e-02 1.086599007248878479e-02 1.830064505338668823e-02 2.739516086876392365e-02 5.354866757988929749e-02 4.934381693601608276e-02 2.730415761470794678e-02 4.656596854329109192e-02 5.096256732940673828e-02 2.587119676172733307e-02 1.737146377563476562e-01 5.458269640803337097e-02 1.184284314513206482e-02 3.839850425720214844e-02 9.701352566480636597e-03 5.468549951910972595e-02 4.636107757687568665e-02 2.651197090744972229e-02 1.961547881364822388e-02 2.009406499564647675e-02 2.650717087090015411e-02 2.682322263717651367e-02 1.172011345624923706e-02 4.811744205653667450e-03 5.650498904287815094e-03 4.911423195153474808e-03 3.494933946058154106e-03 3.844466432929039001e-02 1.973930560052394867e-02 3.166669979691505432e-02 2.340839989483356476e-02 9.302245453000068665e-04 2.723576873540878296e-02 1.578551158308982849e-02 2.042458765208721161e-02 3.633722895756363869e-03 5.369417741894721985e-02 3.410688787698745728e-02 1.292904466390609741e-02 2.595065906643867493e-02 7.547888439148664474e-03 1.053623668849468231e-02 1.933868229389190674e-02 1.402149256318807602e-02 1.504746545106172562e-02 1.029769610613584518e-02 1.306285709142684937e-02 1.394349895417690277e-02 5.023183673620223999e-02 1.369877159595489502e-02 9.555154480040073395e-03 4.464654996991157532e-02 4.076485335826873779e-02 1.481770165264606476e-02 1.033392548561096191e-02 4.320564866065979004e-02 7.825420796871185303e-02 1.565447077155113220e-02 1.924553513526916504e-02 2.756523713469505310e-02 9.933942928910255432e-04 1.888617500662803650e-02 2.737140096724033356e-02 3.715268895030021667e-02 3.983723744750022888e-02 5.369375925511121750e-03 1.180263701826334000e-02 4.365459829568862915e-02 2.348946221172809601e-02 5.733247846364974976e-02 1.529381424188613892e-02 3.914865199476480484e-03 6.001753266900777817e-03 1.310612168163061142e-02 4.412034153938293457e-02 2.340410649776458740e-02 8.209571987390518188e-02 2.659893408417701721e-02 3.663954092189669609e-03 4.366379231214523315e-02
7.993021607398986816e-02 1.276371330022811890e-01 2.481061778962612152e-02 1.994677446782588959e-02 6.152141094207763672e-02 2.092990279197692871e-01 9.993406385183334351e-02 2.725256420671939850e-02 5.827426165342330933e-02 5.159761756658554077e-03 3.567722812294960022e-02 3.767006471753120422e-02 8.514767885208129883e-02 7.218461483716964722e-02 1.827752776443958282e-02 2.869948931038379669e-02 4.738682508468627930e-02 2.501718141138553619e-02 1.803576014935970306e-02 5.318365618586540222e-02 4.403514415025711060e-02 3.657335042953491211e-02 2.133194170892238617e-02 4.376309737563133240e-02 8.297348022460937500e-02 3.607504069805145264e-02 6.144907674752175808e-04 4.809275269508361816e-02 6.714549660682678223e-02 5.312498286366462708e-02 2.522248215973377228e-02 2.295012772083282471e-02 1.414504833519458771e-03 2.897039754316210747e-03 2.380796335637569427e-02 2.764827571809291840e-03 2.103446796536445618e-02 2.690756693482398987e-02 5.994179472327232361e-02 5.224839597940444946e-02 1.540729869157075882e-02 3.968789055943489075e-02 1.511515770107507706e-02 2.868439443409442902e-02 8.555193245410919189e-02 6.224770843982696533e-02 1.322108805179595947e-01 1.784693002700805664e-01 3.947405144572257996e-03 2.947181835770606995e-02 3.145902231335639954e-02 2.812564186751842499e-02 4.115730058401823044e-03 6.572424434125423431e-03 3.705382347106933594e-02 1.323237549513578415e-02 5.164537951350212097e-02 1.756646297872066498e-02 5.391961894929409027e-03 2.809479366987943649e-03 6.071233749389648438e-02 8.191701769828796387e-02 9.009815752506256104e-02 2.053962787613272667e-03 3.839723020792007446e-02 6.968600302934646606e-02 2.924984693527221680e-02 1.743882894515991211e-02 2.013232326135039330e-03 2.609363012015819550e-02 5.559206008911132812e-02 1.106986543163657188e-03 3.840904310345649719e-02 4.081708565354347229e-02 3.885607048869132996e-02 6.783923599869012833e-03 5.947603378444910049e-03 7.337305578403174877e-04 2.261482644826173782e-03 7.449686527252197266e-03 6.876130402088165283e-02 7.077372167259454727e-03 1.854756660759449005e-02 3.938680142164230347e-02 5.364106222987174988e-02 2.987787127494812012e-02 1.458494365215301514e-02 3.318287432193756104e-02 2.119775488972663879e-02 5.956504493951797485e-02 6.190441921353340149e-02 7.565897703170776367e-02 6.821673363447189331e-02 5.356736853718757629e-02 3.240194171667098999e-02 1.509598921984434128e-02 1.642100885510444641e-02 9.917600080370903015e-03 2.111406251788139343e-02 1.630242331884801388e-03 2.035192027688026428e-02 2.061041258275508881e-02 1.315970811992883682e-02 2.481175120919942856e-03 5.936483666300773621e-02 3.387999907135963440e-02 1.751614362001419067e-02 5.171243846416473389e-02 3.033783473074436188e-02 7.240093499422073364e-02 7.875225506722927094e-03 3.038176521658897400e-02 3.106622025370597839e-02 1.906359381973743439e-02 3.166570886969566345e-02 5.558847263455390930e-02
4.830361343920230865e-03 3.090782277286052704e-02 1.898318976163864136e-01 2.059840771835297346e-04 2.614615485072135925e-02 4.456154629588127136e-02 2.725256420671939850e-02 7.980968803167343140e-02 3.121634013950824738e-02 2.036672644317150116e-02 1.622436568140983582e-02 8.987286128103733063e-03 2.670541033148765564e-02 4.568560514599084854e-03 1.323899626731872559e-01 7.645907998085021973e-02 4.297381732612848282e-03 3.733142465353012085e-02 1.093956828117370605e-02 4.109552595764398575e-03 5.424897186458110809e-03 7.075838744640350342e-02 4.169095773249864578e-03 3.533407300710678101e-02 2.537417598068714142e-02 1.650544442236423492e-02 1.689850538969039917e-02 1.748310169205069542e-03 5.048682913184165955e-02 1.376280374825000763e-02 4.033231362700462341e-02 2.666722284629940987e-03 4.608110710978507996e-02 6.636705994606018066e-02 4.297473654150962830e-02 2.703319303691387177e-02 3.446134924888610840e-02 6.804805994033813477e-02 3.120314329862594604e-02 3.209817409515380859e-02 2.633965201675891876e-02 7.566363550722599030e-03 2.464756369590759277e-03 1.840550824999809265e-02 2.330470271408557892e-02 2.082534879446029663e-02 5.154720321297645569e-02 1.678955554962158203e-02 6.547288037836551666e-03 4.647891968488693237e-02 1.412243489176034927e-02 3.909632191061973572e-02 8.589001372456550598e-03 6.176836788654327393e-02 3.197330608963966370e-02 4.644656088203191757e-03 2.890010364353656769e-02 2.872519381344318390e-02 6.083356682211160660e-03 6.890475004911422729e-02 3.470940515398979187e-02 5.372988991439342499e-03 6.495258212089538574e-02 1.286946516484022141e-02 1.831400953233242035e-02 4.746513441205024719e-03 2.372903376817703247e-02 2.563990280032157898e-02 1.256706286221742630e-02 4.298412054777145386e-02 1.169385574758052826e-02 1.044085249304771423e-02 7.491286844015121460e-03 3.168329223990440369e-02 6.294739991426467896e-02 1.643882691860198975e-02 5.878602154552936554e-03 2.891827840358018875e-03 1.488493755459785461e-02 2.896787226200103760e-02 1.319878399372100830e-01 1.046233847737312317e-01 3.507672995328903198e-02 2.419279515743255615e-02 5.348449572920799255e-03 3.198456019163131714e-02 1.354165822267532349e-01 3.886276483535766602e-02 4.301286861300468445e-02 4.300642758607864380e-02 9.447999764233827591e-04 1.010685577057301998e-03 4.883252456784248352e-02 2.768141217529773712e-02 1.535790320485830307e-02 3.067614976316690445e-03 4.103144258260726929e-02 5.299025028944015503e-02 2.127172984182834625e-02 2.743380889296531677e-02 3.862876910716295242e-03 1.113967783749103546e-02 8.105507120490074158e-03 6.146967783570289612e-02 3.356262668967247009e-02 2.840453386306762695e-02 5.205798894166946411e-03 3.907864447683095932e-03 1.095502916723489761e-02 2.254311554133892059e-02 4.446476232260465622e-03 3.938400745391845703e-02 2.139344066381454468e-02 8.801002055406570435e-03 3.866021707653999329e-02 2.108152024447917938e-02
3.285830095410346985e-02 1.711035706102848053e-02 4.210565984249114990e-02 7.078126072883605957e-02 2.012344449758529663e-02 7.489470392465591431e-02 5.827426165342330933e-02 3.121634013950824738e-02 7.520684599876403809e-02 7.367837429046630859e-02 1.507395319640636444e-02 5.617000535130500793e-02 3.933894634246826172e-02 5.809042230248451233e-02 3.835961455479264259e-03 7.922926545143127441e-02 5.143640935420989990e-02 9.872758388519287109e-02 7.496790494769811630e-03 9.821402840316295624e-03 2.099252492189407349e-02 4.194591194391250610e-03 9.743597358465194702e-02 7.011049240827560425e-02 3.118745982646942139e-02 2.294510789215564728e-02 3.593452274799346924e-02 1.085316762328147888e-03 6.495106965303421021e-02 4.825364425778388977e-02 2.848897874355316162e-02 3.463165462017059326e-02 4.447301477193832397e-02 3.597257286310195923e-02 9.481237828731536865e-02 2.586695924401283264e-02 2.500256523489952087e-02 5.419092252850532532e-02 2.720941230654716492e-02 4.252027254551649094e-03 2.539524249732494354e-02 1.147721614688634872e-02 3.350998833775520325e-02 3.711222112178802490e-02 6.725346297025680542e-02 6.862515956163406372e-02 1.241228822618722916e-02 2.771416446194052696e-03 2.575548179447650909e-02 3.775811567902565002e-02 2.739069983363151550e-02 1.516142860054969788e-02 2.086894214153289795e-02 1.846569404006004333e-02 2.091049030423164368e-02 8.887404948472976685e-02 3.062238357961177826e-02 4.516742378473281860e-02 2.405393309891223907e-02 1.016902853734791279e-03 9.203357994556427002e-02 4.855116456747055054e-02 6.185004487633705139e-03 6.365267187356948853e-02 1.708021946251392365e-02 2.984398603439331055e-02 3.097716532647609711e-02 3.949827700853347778e-02 9.556776285171508789e-02 2.033075317740440369e-03 1.511002983897924423e-02 4.981729388236999512e-02 8.924458920955657959e-02 8.815536275506019592e-03 1.016346924006938934e-02 8.440171927213668823e-02 1.966682225465774536e-01 7.089043408632278442e-02 8.072212338447570801e-02 2.273635379970073700e-02 9.085129946470260620e-03 2.502601593732833862e-02 6.197797507047653198e-02 2.474919334053993225e-02 2.718380466103553772e-02 5.180463660508394241e-03 2.955497987568378448e-02 2.154657617211341858e-02 1.082406714558601379e-01 2.416712231934070587e-02 1.761477068066596985e-02 2.556972205638885498e-02 2.365742810070514679e-03 1.165070477873086929e-02 1.197094004601240158e-02 5.460793524980545044e-02 6.913990713655948639e-03 2.576543949544429779e-02 8.063971996307373047e-02 6.526082009077072144e-02 3.409441560506820679e-03 2.640048041939735413e-02 3.915192559361457825e-03 9.247891604900360107e-03 2.880481444299221039e-02 3.607289120554924011e-02 1.835119165480136871e-02 1.631577685475349426e-02 2.957410924136638641e-02 3.431297466158866882e-02 1.878093741834163666e-02 4.871434532105922699e-03 4.888036474585533142e-02 3.572145849466323853e-02 6.176996976137161255e-02 3.793539106845855713e-02
1.853757351636886597e-02 5.083527881652116776e-03 5.628779903054237366e-02 2.762483898550271988e-03 6.886975467205047607e-02 2.612746506929397583e-02 5.159761756658554077e-03 2.036672644317150116e-02 7.367837429046630859e-02 7.980281114578247070e-02 7.592946290969848633e-03 4.716992005705833435e-02 1.671816222369670868e-02 2.446636371314525604e-02 8.776040747761726379e-03 1.381455082446336746e-02 2.446782588958740234e-02 5.124393105506896973e-02 8.643074333667755127e-02 1.978532783687114716e-02 4.277083091437816620e-03 2.861641533672809601e-02 1.686724647879600525e-02 2.314934507012367249e-02 2.341136522591114044e-02 9.804095141589641571e-03 5.436941236257553101e-02 1.012704335153102875e-03 1.428556349128484726e-02 1.513066142797470093e-02 2.192449010908603668e-02 2.497082389891147614e-02 4.697899892926216125e-02 2.876130118966102600e-02 3.402911871671676636e-02 2.349812770262360573e-03 3.898133710026741028e-02 4.734875261783599854e-02 8.060982450842857361e-03 5.285220965743064880e-02 2.649526856839656830e-02 3.452842682600021362e-02 2.736131288111209869e-02 3.089486621320247650e-02 5.412819981575012207e-02 1.567588001489639282e-02 4.139987379312515259e-02 5.222308263182640076e-02 9.808618575334548950e-03 4.286881908774375916e-02 3.385305777192115784e-02 6.124786566942930222e-03 2.258407324552536011e-02 1.126276887953281403e-02 2.423001453280448914e-02 7.402987778186798096e-02 2.143610827624797821e-02 1.818174868822097778e-02 4.646907746791839600e-02 1.284952741116285324e-02 4.941909015178680420e-02 5.853486806154251099e-02 1.535094343125820160e-02 4.003511741757392883e-02 3.750974312424659729e-03 6.391420494765043259e-03 2.808142639696598053e-02 1.986646279692649841e-02 2.814529463648796082e-02 7.391204684972763062e-02 2.852490916848182678e-02 5.394179373979568481e-03 9.395928680896759033e-02 7.414013147354125977e-02 3.084138408303260803e-02 1.423245202749967575e-02 2.942528575658798218e-02 8.348949253559112549e-02 1.636373437941074371e-02 1.077137663960456848e-01 7.941348478198051453e-03 6.076261773705482483e-02 2.720297314226627350e-02 8.079082518815994263e-02 4.691088944673538208e-02 2.865253947675228119e-02 7.013041060417890549e-03 3.995097242295742035e-03 8.356264978647232056e-02 7.711882889270782471e-02 7.086370140314102173e-02 1.976838149130344391e-02 3.608726337552070618e-02 6.155065447092056274e-02 5.394390225410461426e-02 4.429944977164268494e-02 1.800530590116977692e-02 1.692924275994300842e-02 4.355684295296669006e-02 5.386710166931152344e-02 1.998308859765529633e-02 4.922635480761528015e-02 1.276316959410905838e-02 1.364820543676614761e-02 4.671908169984817505e-02 3.095323592424392700e-02 2.439369418425485492e-04 2.755501307547092438e-02 3.763584047555923462e-02 3.078911453485488892e-02 3.243743628263473511e-02 2.305381931364536285e-02 2.367807179689407349e-02 3.894902532920241356e-03 1.949852146208286285e-02 1.653581298887729645e-02
1.464168727397918701e-01 1.145215481519699097e-01 1.472305599600076675e-02 3.839306905865669250e-02 6.279011070728302002e-02 5.982115864753723145e-02 3.567722812294960022e-02 1.622436568140983582e-02 1.507395319640636444e-02 7.592946290969848633e-03 9.146697074174880981e-02 1.977315545082092285e-02 1.141507476568222046e-01 1.425933442078530788e-03 7.084658741950988770e-02 1.195572665892541409e-03 2.752807922661304474e-03 4.850256070494651794e-02 2.366515994071960449e-02 4.410660825669765472e-03 6.965616252273321152e-03 3.977649286389350891e-02 3.365324810147285461e-02 2.430889382958412170e-02 4.461872950196266174e-02 3.770467638969421387e-02 2.169516403228044510e-03 2.823097258806228638e-02 1.522992830723524094e-02 1.216854993253946304e-02 6.156527996063232422e-02 6.141250021755695343e-03 3.296331688761711121e-02 1.674281619489192963e-02 1.683684997260570526e-02 1.821497827768325806e-02 2.491091564297676086e-02 2.422456815838813782e-02 1.571106538176536560e-02 2.555819228291511536e-02 5.946847144514322281e-03 2.133557759225368500e-02 1.673686131834983826e-02 3.074517846107482910e-02 2.615147083997726440e-02 7.579258177429437637e-03 8.023215830326080322e-02 4.682945460081100464e-02 2.868728153407573700e-02 6.719186902046203613e-02 4.055784270167350769e-02 2.606020681560039520e-02 7.072328031063079834e-02 6.648703711107373238e-04 1.808624365366995335e-03 2.068143524229526520e-02 3.940322622656822205e-02 1.584745943546295166e-02 4.615552723407745361e-02 1.772743090987205505e-02 2.701801061630249023e-02 3.355093672871589661e-02 2.114929631352424622e-02 8.109433576464653015e-03 9.901160746812820435e-02 1.154210790991783142e-02 1.394607871770858765e-02 2.375522069633007050e-02 2.226343564689159393e-02 1.658438332378864288e-02 1.238429360091686249e-02 6.018084939569234848e-03 1.440027449280023575e-02 1.839417964220046997e-02 1.001434214413166046e-02 8.225361257791519165e-02 3.609896823763847351e-02 3.088251128792762756e-02 1.622264087200164795e-02 4.048822820186614990e-02 8.385328575968742371e-03 5.912604182958602905e-02 1.733543723821640015e-02 9.298616088926792145e-03 1.113088242709636688e-02 3.734584152698516846e-02 6.896155327558517456e-02 5.224017426371574402e-02 3.285533189773559570e-02 4.043888300657272339e-02 4.935080930590629578e-02 2.318562567234039307e-02 1.106945052742958069e-01 7.698389142751693726e-02 4.109339788556098938e-02 1.879736222326755524e-02 5.699990317225456238e-02 2.475455589592456818e-02 2.289811894297599792e-02 2.583945915102958679e-02 1.138587761670351028e-02 3.211731463670730591e-02 6.344810873270034790e-02 1.446982845664024353e-02 3.367353975772857666e-02 2.517032995820045471e-02 4.123461246490478516e-02 6.356336642056703568e-03 3.073516534641385078e-03 7.430171221494674683e-02 3.898575901985168457e-02 7.204840332269668579e-02 4.100043699145317078e-02 7.610852480866014957e-04 4.471618682146072388e-02 5.270238965749740601e-02
4.604897461831569672e-03 4.867425560951232910e-02 2.585261501371860504e-02 7.935478352010250092e-03 1.431374624371528625e-02 1.047973409295082092e-01 3.767006471753120422e-02 8.987286128103733063e-03 5.617000535130500793e-02 4.716992005705833435e-02 1.977315545082092285e-02 6.475666910409927368e-02 8.525521308183670044e-02 2.928688228130340576e-01 1.936426572501659393e-02 1.265971641987562180e-02 1.847229525446891785e-02 4.371836036443710327e-02 6.462591141462326050e-02 3.249508515000343323e-02 3.030022233724594116e-02 5.419519171118736267e-02 1.242776289582252502e-01 6.598135828971862793e-02 5.101260729134082794e-03 5.300687626004219055e-02 4.300095885992050171e-02 1.743123829364776611e-01 2.366052241995930672e-03 1.476034671068191528e-01 6.745340675115585327e-02 3.443897888064384460e-02 4.135475680232048035e-02 4.315615072846412659e-02 2.672333642840385437e-02 1.768586412072181702e-02 4.964528605341911316e-03 4.258805513381958008e-02 1.871663331985473633e-02 2.816989831626415253e-02 1.493813586421310902e-03 7.364705950021743774e-02 2.528703771531581879e-02 4.862101376056671143e-02 8.073770254850387573e-02 2.800655364990234375e-02 8.758535236120223999e-02 3.941644355654716492e-02 6.336899101734161377e-02 3.205042704939842224e-02 4.381093382835388184e-02 1.034716591238975525e-01 4.849798232316970825e-02 3.872431069612503052e-02 1.654892228543758392e-02 9.991291910409927368e-02 9.891176596283912659e-03 4.627714306116104126e-02 7.731930166482925415e-02 4.061203822493553162e-02 7.667350023984909058e-02 2.411342039704322815e-02 4.521282855421304703e-03 6.541866809129714966e-03 5.733853578567504883e-02 2.996015921235084534e-02 3.392483666539192200e-02 2.778032794594764709e-02 4.150614887475967407e-02 1.080854702740907669e-02 4.370026662945747375e-02 4.437793791294097900e-02 5.038053542375564575e-02 5.810723640024662018e-03 1.000563204288482666e-01 3.754709288477897644e-02 1.493912786245346069e-01 6.292071193456649780e-02 6.515832245349884033e-02 1.809336245059967041e-02 1.910149119794368744e-02 1.311097107827663422e-02 1.632080227136611938e-02 2.858283929526805878e-03 2.999357879161834717e-02 1.953011006116867065e-02 1.931901206262409687e-03 6.490740925073623657e-02 8.535899966955184937e-02 5.347238108515739441e-02 7.111445069313049316e-02 8.987077325582504272e-02 5.667336285114288330e-02 1.169608756899833679e-01 4.646243993192911148e-03 3.715708106756210327e-02 2.164797484874725342e-02 9.684650227427482605e-03 3.741470351815223694e-02 6.537631154060363770e-02 2.005149982869625092e-02 2.535019628703594208e-02 4.152762144804000854e-02 2.845916664227843285e-03 1.751570589840412140e-02 1.178978476673364639e-02 1.968338713049888611e-02 2.314676158130168915e-02 2.032110281288623810e-02 2.873736899346113205e-03 4.975282028317451477e-02 2.965184487402439117e-02 3.640716150403022766e-02 1.725749671459197998e-02 2.513799257576465607e-02 8.820679038763046265e-03
1.232855916023254395e-01 1.898165196180343628e-01 3.757967054843902588e-02 1.578118093311786652e-02 3.411439806222915649e-02 3.376130387187004089e-02 8.514767885208129883e-02 2.670541033148765564e-02 3.933894634246826172e-02 1.671816222369670868e-02 1.141507476568222046e-01 8.525521308183670044e-02 8.302865177392959595e-02 1.787199452519416809e-02 1.206419169902801514e-01 3.345714509487152100e-02 1.281493809074163437e-02 4.305299371480941772e-02 8.859487250447273254e-03 6.267322460189461708e-04 2.503723092377185822e-02 3.830157592892646790e-02 5.017000809311866760e-02 1.747373491525650024e-02 2.147813793271780014e-03 5.687091872096061707e-02 3.723462671041488647e-02 5.010643973946571350e-02 3.778965910896658897e-03 2.169728686567395926e-04 2.097728848457336426e-02 4.979847744107246399e-02 4.429454356431961060e-02 1.002192404121160507e-02 2.661062777042388916e-02 3.708039596676826477e-02 1.768673397600650787e-02 6.010144948959350586e-02 2.230896428227424622e-02 2.934774197638034821e-02 1.215732656419277191e-02 2.333770133554935455e-02 1.367951557040214539e-02 2.857181616127490997e-02 8.033008873462677002e-02 5.667373910546302795e-02 4.829834029078483582e-02 4.962078854441642761e-02 1.509862922830507159e-04 1.516808103770017624e-02 6.342090666294097900e-02 5.706343427300453186e-02 2.502305805683135986e-02 1.269537489861249924e-02 4.674547910690307617e-02 3.260622918605804443e-02 2.493460662662982941e-02 1.917887479066848755e-02 2.027628198266029358e-02 3.381984680891036987e-02 1.956527680158615112e-02 1.814948022365570068e-02 1.844308897852897644e-02 1.603115536272525787e-02 9.743575751781463623e-02 9.871590882539749146e-02 3.340122476220130920e-02 8.431112393736839294e-03 2.659879438579082489e-02 3.502395004034042358e-02 2.416318655014038086e-02 3.987190872430801392e-02 2.955729886889457703e-02 4.232778400182723999e-02 3.900285065174102783e-02 4.343453422188758850e-02 6.517039239406585693e-02 3.824676573276519775e-02 1.121080946177244186e-02 4.691075161099433899e-02 7.955919951200485229e-02 4.383199289441108704e-02 1.893267780542373657e-02 5.465692374855279922e-03 3.671623766422271729e-02 4.149340093135833740e-04 6.769868778064846992e-04 6.810782104730606079e-02 3.568333759903907776e-02 5.019911378622055054e-02 6.865876913070678711e-02 4.031359404325485229e-02 1.893681287765502930e-02 4.170569032430648804e-02 1.515148021280765533e-02 3.808333771303296089e-03 2.264014445245265961e-02 2.471742592751979828e-02 3.385335206985473633e-02 2.248337306082248688e-02 2.896488085389137268e-02 1.501738210208714008e-03 5.575258657336235046e-02 6.847912818193435669e-02 4.142853617668151855e-02 3.192330710589885712e-03 1.659393310546875000e-02 4.459441080689430237e-02 9.667068719863891602e-03 8.402071893215179443e-03 1.983658038079738617e-02 5.692103505134582520e-02 3.095620870590209961e-02 2.892205119132995605e-02 3.874864429235458374e-02 4.035142064094543457e-02
