8.368087559938430786e-02 1.407923847436904907e-01 1.727409427985548973e-03 3.069823607802391052e-02 4.532891884446144104e-02 9.951078146696090698e-02 7.253635674715042114e-02 7.730044424533843994e-02 2.589993923902511597e-02 2.216683002188801765e-03 6.864963471889495850e-02 6.403720006346702576e-03 5.990827083587646484e-02 4.353153705596923828e-02 7.239126414060592651e-02 7.539310026913881302e-03 1.720724068582057953e-02 4.781455546617507935e-02 6.443651020526885986e-02 9.364726953208446503e-03 5.819655954837799072e-02 4.121365025639533997e-03 5.528306588530540466e-02 2.688044309616088867e-02 1.510862633585929871e-02 4.382282122969627380e-02 2.891196869313716888e-02 3.255971893668174744e-02 7.279559504240751266e-03 4.942232742905616760e-02 3.128311363980174065e-03 3.836476802825927734e-02 1.997866295278072357e-02 2.061663754284381866e-02 2.802647091448307037e-02 5.090631917119026184e-02 6.790594011545181274e-02 1.996411383152008057e-02 1.926963031291961670e-02 8.383265812881290913e-04 7.167272269725799561e-02 6.039237137883901596e-03 1.745552010834217072e-02 3.889098763465881348e-02 1.829213462769985199e-02 4.279073700308799744e-02 9.075659513473510742e-02 3.183688968420028687e-02 3.308909386396408081e-02 2.561056613922119141e-02 8.829237893223762512e-03 1.631263643503189087e-02 9.088696911931037903e-03 6.105067208409309387e-02 2.416277863085269928e-02 3.585380315780639648e-02 1.750677265226840973e-02 5.168951582163572311e-03 4.232903942465782166e-02 7.742779701948165894e-02 1.713723503053188324e-02 1.525293383747339249e-02 4.104316234588623047e-02 1.840973831713199615e-02 5.117527674883604050e-03 5.239738896489143372e-02 1.444176770746707916e-02 5.745301954448223114e-03 3.021945245563983917e-02 3.243165835738182068e-02 4.699982330203056335e-02 2.971894107758998871e-02 2.550373412668704987e-02 4.692603368312120438e-03 4.139227420091629028e-02 7.101230323314666748e-02 1.169814448803663254e-02 3.669942542910575867e-02 2.325411187484860420e-04 3.447212651371955872e-02 5.927497986704111099e-03 3.313602507114410400e-02 2.497384324669837952e-02 3.239752724766731262e-02 2.414327487349510193e-02 5.946530494838953018e-03 5.649955943226814270e-02 1.932651363313198090e-02 1.235763356089591980e-02 3.596647083759307861e-02 6.396047025918960571e-02 5.152270197868347168e-02 9.499976038932800293e-02 2.022908814251422882e-02 4.476750269532203674e-02 6.146884523332118988e-03 5.121015012264251709e-03 6.321717053651809692e-02 3.049474582076072693e-02 7.705522235482931137e-03 2.972522377967834473e-02 3.868561238050460815e-02 3.480094298720359802e-02 1.268226467072963715e-02 8.810094557702541351e-03 3.658375004306435585e-03 4.358587786555290222e-03 3.255555778741836548e-02 8.354145288467407227e-02 6.939486134797334671e-03 2.724778093397617340e-02 5.415966268628835678e-03 1.270623691380023956e-02 1.121217291802167892e-02 5.277140066027641296e-02 4.401218891143798828e-02
1.407923847436904907e-01 7.261642813682556152e-02 5.072734877467155457e-02 9.152999147772789001e-03 9.432204999029636383e-03 1.459946781396865845e-01 1.184945479035377502e-01 7.503541558980941772e-02 2.014083415269851685e-02 4.676422849297523499e-02 7.811165601015090942e-02 5.301685258746147156e-02 1.372511386871337891e-01 9.009372442960739136e-03 2.928439993411302567e-03 1.631057448685169220e-02 2.234114520251750946e-02 5.757515504956245422e-02 5.230480805039405823e-03 1.116550993174314499e-02 6.862755864858627319e-03 7.745555602014064789e-03 3.835527598857879639e-02 8.729135990142822266e-02 2.078399527817964554e-03 2.859805524349212646e-02 3.581039607524871826e-02 6.169839948415756226e-02 3.501505032181739807e-02 3.316052630543708801e-02 8.360555022954940796e-02 4.767512902617454529e-02 1.953781209886074066e-02 1.045015361160039902e-02 2.020885795354843140e-02 2.795202657580375671e-02 5.466157570481300354e-02 2.188990265130996704e-02 2.283335290849208832e-02 1.680603064596652985e-02 2.184328250586986542e-02 3.757473081350326538e-02 1.148812589235603809e-03 4.708302766084671021e-02 7.137692719697952271e-02 3.368841018527746201e-03 1.020191237330436707e-01 3.360078111290931702e-02 1.774383895099163055e-02 8.584031462669372559e-02 5.239636823534965515e-02 4.843929037451744080e-02 3.444939106702804565e-02 2.284952066838741302e-02 2.413038164377212524e-02 7.635991275310516357e-02 9.937098249793052673e-03 8.927875023800879717e-05 1.669098064303398132e-02 8.562224917113780975e-03 1.319033373147249222e-02 4.310438409447669983e-02 3.831100091338157654e-02 5.195892974734306335e-02 6.650184746831655502e-03 4.958033561706542969e-02 7.003124058246612549e-02 5.938847083598375320e-03 5.600642785429954529e-02 2.627777867019176483e-02 3.059009276330471039e-02 5.291126668453216553e-03 1.139852032065391541e-02 2.724147401750087738e-02 3.574837371706962585e-02 3.229541331529617310e-02 1.963767036795616150e-02 5.386439338326454163e-02 4.027136042714118958e-02 2.341623045504093170e-02 8.521310985088348389e-02 3.486785292625427246e-02 1.172634959220886230e-01 3.831291571259498596e-02 3.192302584648132324e-02 4.671572148799896240e-02 6.781303882598876953e-02 6.840296834707260132e-02 2.933900989592075348e-02 3.863209858536720276e-02 3.173991292715072632e-02 3.947399556636810303e-02 6.993880867958068848e-02 5.824414547532796860e-03 2.764123491942882538e-02 3.438641130924224854e-02 2.064638398587703705e-02 2.632750943303108215e-02 7.384879514575004578e-03 2.219093963503837585e-02 3.372455388307571411e-02 3.883815370500087738e-03 9.831897914409637451e-03 7.525952998548746109e-03 1.746095158159732819e-02 8.175071328878402710e-03 4.477291367948055267e-03 2.720626071095466614e-02 8.284587413072586060e-02 1.117237191647291183e-02 2.261447906494140625e-02 1.290865335613489151e-02 3.515076264739036560e-02 4.025105014443397522e-02 3.167841583490371704e-02 2.021177485585212708e-02
1.727409427985548973e-03 5.072734877467155457e-02 1.654623821377754211e-02 1.498636510223150253e-02 8.726419182494282722e-04 2.861250005662441254e-02 7.312783971428871155e-03 1.280904114246368408e-01 7.526525296270847321e-03 7.320572435855865479e-02 1.443419978022575378e-02 5.052236467599868774e-02 2.023516409099102020e-02 4.321495443582534790e-02 1.759787835180759430e-02 1.903836801648139954e-02 6.616059690713882446e-03 1.464611664414405823e-02 6.101974099874496460e-02 4.977157339453697205e-02 1.219539530575275421e-02 8.081828057765960693e-02 6.546643376350402832e-02 2.866051532328128815e-02 3.285658312961459160e-03 6.709022074937820435e-02 1.332525908946990967e-02 1.544788759201765060e-02 5.586250685155391693e-03 1.417827326804399490e-03 2.001264877617359161e-02 3.139910055324435234e-03 5.534587800502777100e-02 6.428530439734458923e-03 2.985395118594169617e-02 1.906979456543922424e-02 1.076907590031623840e-01 7.395488023757934570e-02 8.050599135458469391e-03 1.487886719405651093e-02 5.222367122769355774e-02 3.889743238687515259e-03 2.515787445008754730e-02 1.802496239542961121e-02 3.551670536398887634e-02 1.331827938556671143e-01 1.043679844588041306e-02 8.084574341773986816e-02 1.105939745903015137e-01 8.409957587718963623e-02 7.163409143686294556e-03 3.878722339868545532e-02 7.213443517684936523e-02 6.073063984513282776e-02 1.712773554027080536e-02 1.077619418501853943e-01 2.796295285224914551e-02 4.348628222942352295e-03 6.164775788784027100e-02 1.853030920028686523e-02 1.660989411175251007e-02 2.054702863097190857e-02 1.643092185258865356e-02 4.226094111800193787e-02 9.629836422391235828e-04 2.331254817545413971e-02 8.001574315130710602e-03 4.057202860713005066e-02 6.945093045942485332e-04 1.655350206419825554e-03 3.067484498023986816e-02 1.101205870509147644e-02 2.863060496747493744e-02 3.759846836328506470e-02 1.905521564185619354e-02 3.135684132575988770e-02 2.552358433604240417e-03 3.293579071760177612e-02 5.793239921331405640e-02 9.496206766925752163e-04 6.740535795688629150e-02 5.838565994054079056e-03 1.410650182515382767e-02 1.346677821129560471e-02 2.151491120457649231e-02 4.163906350731849670e-02 6.151287257671356201e-02 6.058917194604873657e-02 2.392372675240039825e-02 1.884449273347854614e-02 2.014602161943912506e-02 7.123982906341552734e-02 1.461544539779424667e-02 1.433068700134754181e-02 2.022432349622249603e-02 7.142064720392227173e-02 5.853690207004547119e-02 3.745895996689796448e-02 5.066978279501199722e-03 2.753617800772190094e-02 3.631070628762245178e-02 1.441460940986871719e-02 7.217863947153091431e-02 1.340157724916934967e-02 9.241986088454723358e-03 1.186511442065238953e-01 2.587295137345790863e-02 1.362012512981891632e-02 6.537009030580520630e-02 1.714613661170005798e-02 4.401034489274024963e-02 9.217803925275802612e-02 7.132582366466522217e-02 8.310276269912719727e-02 2.959439717233181000e-02 1.109064593911170959e-01
3.069823607802391052e-02 9.152999147772789001e-03 1.498636510223150253e-02 4.996485263109207153e-02 1.772700101137161255e-01 4.250225424766540527e-02 2.430248260498046875e-02 9.867099113762378693e-03 2.959477156400680542e-02 1.090193837881088257e-01 2.519549336284399033e-03 1.662120409309864044e-02 3.861076012253761292e-02 4.095076397061347961e-02 9.076090529561042786e-03 5.145006254315376282e-02 9.241931140422821045e-02 3.179546818137168884e-02 5.727384984493255615e-02 3.002624027431011200e-02 5.571009963750839233e-02 7.399119436740875244e-02 2.052555046975612640e-02 1.011562440544366837e-02 2.155400440096855164e-02 1.153588946908712387e-02 1.900832355022430420e-02 1.542686820030212402e-01 3.462024033069610596e-02 2.384372986853122711e-02 1.121972873806953430e-02 3.084238059818744659e-02 4.980420321226119995e-02 3.155939653515815735e-02 3.212841227650642395e-02 1.835483312606811523e-02 5.527880415320396423e-02 3.625842183828353882e-02 1.275999378412961960e-02 2.096604369580745697e-02 2.883459441363811493e-02 6.440234184265136719e-02 7.131114252842962742e-04 1.196088641881942749e-02 2.374473959207534790e-02 2.489326894283294678e-02 2.501426078379154205e-02 2.969998866319656372e-02 3.040507622063159943e-02 2.974252216517925262e-02 1.033484470099210739e-02 3.647188469767570496e-02 7.310226559638977051e-02 7.689905469305813313e-04 1.610808074474334717e-02 1.623773016035556793e-02 1.270540207624435425e-01 9.349988400936126709e-02 3.201187402009963989e-02 2.861609309911727905e-02 2.014145813882350922e-02 8.146864175796508789e-02 1.334953028708696365e-02 7.690893113613128662e-02 1.979297399520874023e-02 3.791243582963943481e-02 6.209239736199378967e-02 2.879410050809383392e-02 7.710775732994079590e-02 1.929112896323204041e-02 7.678318023681640625e-02 5.806989967823028564e-03 2.007804438471794128e-02 5.462937057018280029e-02 5.604621022939682007e-02 4.996120184659957886e-02 6.596373766660690308e-02 3.495424985885620117e-02 1.123543549329042435e-02 5.607821792364120483e-02 6.398715078830718994e-03 3.036305308341979980e-02 9.106717258691787720e-02 3.101717680692672729e-03 3.737530484795570374e-02 2.863927185535430908e-02 2.130556106567382812e-02 2.672120556235313416e-02 8.076626807451248169e-02 7.180868089199066162e-02 4.526892676949501038e-02 2.473320625722408295e-02 1.516275387257337570e-02 4.196640104055404663e-02 6.955067813396453857e-02 9.458735585212707520e-03 7.088436186313629150e-02 4.021257907152175903e-02 3.554136678576469421e-02 5.564072355628013611e-02 1.657568104565143585e-02 2.567838132381439209e-02 2.231462672352790833e-02 4.975438490509986877e-02 5.193163175135850906e-03 1.357623562216758728e-02 9.650833159685134888e-02 9.623008221387863159e-02 2.268990501761436462e-02 1.523293927311897278e-02 6.160664558410644531e-02 3.926378488540649414e-02 5.743716657161712646e-02 9.698074311017990112e-03 1.474428863730281591e-04 2.037619054317474365e-02
4.532891884446144104e-02 9.432204999029636383e-03 8.726419182494282722e-04 1.772700101137161255e-01 3.865118324756622314e-02 2.244021743535995483e-03 4.489195533096790314e-03 2.853544894605875015e-03 2.189512923359870911e-02 5.665231961756944656e-03 2.106505073606967926e-02 6.343161314725875854e-02 3.048704378306865692e-02 3.609024360775947571e-02 4.031608626246452332e-02 3.909390792250633240e-02 5.805908888578414917e-02 1.098095159977674484e-02 5.928610637784004211e-02 4.534864332526922226e-03 3.972526639699935913e-02 1.084202993661165237e-02 4.203970544040203094e-03 4.210542514920234680e-02 4.186468198895454407e-02 3.055769950151443481e-03 1.079383399337530136e-02 5.793159082531929016e-02 3.068730793893337250e-02 4.198237136006355286e-02 3.289468213915824890e-02 4.967841506004333496e-02 2.175410976633429527e-03 1.661475002765655518e-02 8.052840083837509155e-02 2.100749686360359192e-02 6.782224774360656738e-02 2.874698117375373840e-02 1.822311244904994965e-02 5.345413833856582642e-02 6.545558571815490723e-02 1.878306828439235687e-02 3.602378442883491516e-02 7.072061300277709961e-02 6.924367044121026993e-03 2.321328595280647278e-02 1.903661154210567474e-02 4.773749038577079773e-03 3.774004802107810974e-02 8.052339404821395874e-02 1.310034934431314468e-02 5.977402254939079285e-02 6.918975710868835449e-02 7.419500499963760376e-02 1.249317079782485962e-02 2.319242246448993683e-02 9.659758210182189941e-02 1.017036065459251404e-01 9.089952334761619568e-03 2.595953270792961121e-02 2.159388735890388489e-03 8.698727190494537354e-02 2.000574313569813967e-04 6.042573228478431702e-02 2.566312439739704132e-02 1.590977981686592102e-02 1.941575482487678528e-02 1.672594621777534485e-02 6.903139501810073853e-02 9.857656806707382202e-02 7.053950801491737366e-03 3.483484685420989990e-02 4.611102864146232605e-02 6.448468565940856934e-02 4.049204662442207336e-02 4.514880850911140442e-02 3.828598558902740479e-02 3.173818066716194153e-02 4.835480824112892151e-02 2.654860168695449829e-02 2.683387324213981628e-02 1.378619521856307983e-01 1.159572228789329529e-01 1.288910955190658569e-01 4.301195964217185974e-02 1.813932135701179504e-02 1.912921667098999023e-02 2.788784727454185486e-02 2.120663225650787354e-02 7.122074719518423080e-03 1.366003137081861496e-02 1.986810192465782166e-02 4.202926158905029297e-02 1.399941183626651764e-02 4.320430383086204529e-02 8.641313016414642334e-02 1.927371509373188019e-02 2.558637782931327820e-02 2.025105245411396027e-02 2.783760614693164825e-02 1.956113055348396301e-02 1.166139915585517883e-02 7.231698371469974518e-03 3.406286239624023438e-02 2.358026802539825439e-02 8.309379918500781059e-04 1.332444977015256882e-02 4.721336998045444489e-03 5.986499786376953125e-02 1.723818853497505188e-02 4.825362004339694977e-03 1.081054331734776497e-03 5.451705772429704666e-03 2.754335105419158936e-02 4.876846447587013245e-02 5.419170483946800232e-02
9.951078146696090698e-02 1.459946781396865845e-01 2.861250005662441254e-02 4.250225424766540527e-02 2.244021743535995483e-03 5.307790264487266541e-02 1.559884399175643921e-01 6.333916634321212769e-02 3.438761830329895020e-02 2.815247513353824615e-02 1.042638570070266724e-01 3.861879929900169373e-02 7.142589986324310303e-02 3.561468422412872314e-02 5.754129588603973389e-02 2.878982014954090118e-02 5.757933482527732849e-02 6.403428316116333008e-02 1.363842748105525970e-02 9.198345243930816650e-03 3.906596079468727112e-02 3.640110045671463013e-02 2.659493312239646912e-02 5.741747841238975525e-02 4.305579885840415955e-02 3.532683849334716797e-02 1.978959143161773682e-02 4.256800189614295959e-02 6.731340289115905762e-02 4.106131568551063538e-02 3.522405400872230530e-02 3.937549889087677002e-02 5.813629552721977234e-02 1.977041549980640411e-02 1.065850481390953064e-01 3.473524004220962524e-02 4.683902114629745483e-02 6.795770674943923950e-02 2.341840788722038269e-02 9.271690994501113892e-02 5.851137684658169746e-04 4.681941866874694824e-02 1.665027625858783722e-02 1.898819394409656525e-02 3.330785781145095825e-02 4.462499916553497314e-02 1.490945070981979370e-01 4.225040785968303680e-03 1.389052066951990128e-02 1.289715524762868881e-02 2.824741043150424957e-02 1.559484191238880157e-02 1.776288263499736786e-02 4.872126132249832153e-02 6.643640808761119843e-03 5.302599817514419556e-02 1.335052307695150375e-02 7.119207084178924561e-02 2.359746582806110382e-02 4.512059688568115234e-02 4.556158091872930527e-03 5.879000574350357056e-02 1.804675348103046417e-02 2.460022456943988800e-02 2.804113365709781647e-02 1.947294548153877258e-02 3.523305803537368774e-02 1.402591727674007416e-02 8.930655568838119507e-02 2.650331333279609680e-02 2.410834655165672302e-02 1.311801024712622166e-03 3.743720054626464844e-02 4.300281032919883728e-02 3.602268174290657043e-02 5.688682664185762405e-03 3.772254660725593567e-02 1.176143297925591469e-03 9.798085317015647888e-03 1.433475594967603683e-02 5.985525622963905334e-02 1.616414054296910763e-03 8.824575692415237427e-03 1.660252176225185394e-02 5.182501301169395447e-02 1.315229479223489761e-02 3.358909487724304199e-02 5.177640542387962341e-02 1.945651322603225708e-02 4.292884096503257751e-02 6.628873944282531738e-02 3.208885714411735535e-02 5.610914900898933411e-02 1.496569812297821045e-02 2.670215629041194916e-02 9.225845336914062500e-03 1.705742254853248596e-02 4.159111413173377514e-04 1.367910765111446381e-02 8.971605449914932251e-03 1.469414681196212769e-02 6.737527251243591309e-02 1.200059242546558380e-02 2.568711154162883759e-02 2.528777904808521271e-02 6.833509076386690140e-03 9.106060117483139038e-02 8.997084572911262512e-03 6.732258200645446777e-02 4.182957485318183899e-02 1.333629339933395386e-02 7.988081872463226318e-02 1.766386441886425018e-02 1.104877982288599014e-02 5.142059549689292908e-02 8.883127011358737946e-03
7.253635674715042114e-02 1.184945479035377502e-01 7.312783971428871155e-03 2.430248260498046875e-02 4.489195533096790314e-03 1.559884399175643921e-01 6.794797629117965698e-02 2.430677600204944611e-02 4.144130647182464600e-02 6.677844375371932983e-02 9.833805263042449951e-02 9.146669879555702209e-03 1.100655645132064819e-01 1.019073948264122009e-01 2.148605696856975555e-02 3.052845597267150879e-02 2.238292433321475983e-02 2.454962814226746559e-04 1.345827337354421616e-02 1.579980924725532532e-02 1.368905603885650635e-02 3.807376325130462646e-02 7.835901342332363129e-03 1.241622120141983032e-02 5.663443729281425476e-02 4.421209171414375305e-02 1.356926281005144119e-02 6.578327622264623642e-03 6.244678795337677002e-02 4.654294252395629883e-02 7.134021818637847900e-02 1.820022985339164734e-02 2.618512511253356934e-02 1.013706438243389130e-02 3.526090458035469055e-02 3.261320292949676514e-03 4.568260535597801208e-02 1.824869960546493530e-02 2.535439468920230865e-02 7.494523376226425171e-02 4.993863776326179504e-02 3.619239479303359985e-02 2.929149381816387177e-02 3.283870220184326172e-02 4.142530634999275208e-02 6.632026750594377518e-03 9.899594634771347046e-02 1.233602613210678101e-01 3.174514323472976685e-02 7.432130724191665649e-02 2.235760353505611420e-02 6.249564141035079956e-02 3.160125389695167542e-02 4.319610446691513062e-02 4.619708657264709473e-02 3.037271648645401001e-02 4.139823466539382935e-02 4.609511047601699829e-02 2.367547154426574707e-02 6.118714436888694763e-02 5.839358270168304443e-02 7.056707888841629028e-02 5.764727294445037842e-02 4.789778217673301697e-02 1.712721888907253742e-03 5.288126692175865173e-02 2.744896896183490753e-02 4.307579249143600464e-03 2.084957994520664215e-02 2.030580863356590271e-02 1.720469258725643158e-02 8.485382422804832458e-03 2.219254337251186371e-02 1.985652372241020203e-03 2.958426810801029205e-02 2.624927833676338196e-02 1.846343651413917542e-02 5.483029875904321671e-03 1.708874106407165527e-02 4.509134218096733093e-02 6.221719086170196533e-02 5.079704523086547852e-02 4.569300450384616852e-03 4.115746915340423584e-02 4.302299767732620239e-02 2.672566659748554230e-02 6.491355132311582565e-03 2.263837493956089020e-02 1.406393200159072876e-02 2.519625239074230194e-02 1.199262868613004684e-02 1.211825460195541382e-01 3.857424017041921616e-03 2.855945564806461334e-02 2.716497704386711121e-02 2.783999592065811157e-02 1.976652257144451141e-02 5.002013966441154480e-02 4.471936263144016266e-03 1.177516393363475800e-02 5.100778490304946899e-02 2.906434051692485809e-02 8.004011958837509155e-02 8.519193157553672791e-03 1.985676214098930359e-02 4.150104895234107971e-02 2.330397628247737885e-02 6.170294713228940964e-03 6.891170144081115723e-02 5.209250375628471375e-02 1.557810138911008835e-02 8.316079527139663696e-02 1.189908571541309357e-02 2.732510864734649658e-02 2.831683307886123657e-02 7.216738909482955933e-02
7.730044424533843994e-02 7.503541558980941772e-02 1.280904114246368408e-01 9.867099113762378693e-03 2.853544894605875015e-03 6.333916634321212769e-02 2.430677600204944611e-02 5.493992939591407776e-03 4.938002303242683411e-02 1.152070891112089157e-02 2.835056930780410767e-02 2.346171298995614052e-03 5.703344196081161499e-02 4.461088031530380249e-02 1.922579854726791382e-01 4.625495895743370056e-02 7.188288867473602295e-02 5.699194595217704773e-02 3.182348981499671936e-02 1.135472953319549561e-01 1.130898832343518734e-03 9.632249921560287476e-02 7.996793836355209351e-02 1.374645680189132690e-01 6.111998856067657471e-02 7.318252325057983398e-02 4.951218515634536743e-02 6.971888989210128784e-02 2.228094451129436493e-02 6.928250193595886230e-02 3.409472480416297913e-02 2.283830381929874420e-02 1.296153571456670761e-02 5.628283694386482239e-02 5.064414814114570618e-02 3.579473868012428284e-02 4.371878877282142639e-02 5.926342681050300598e-02 4.707543179392814636e-03 5.990352481603622437e-02 4.633076116442680359e-02 4.513105750083923340e-02 5.981716886162757874e-02 1.432429626584053040e-02 5.292894691228866577e-02 3.604852780699729919e-02 2.436725189909338951e-03 6.502226740121841431e-02 5.938305333256721497e-02 2.704486809670925140e-02 3.071534913033246994e-03 1.817392418161034584e-03 3.215938434004783630e-02 2.132864668965339661e-02 4.793991521000862122e-02 1.306850463151931763e-02 3.886551037430763245e-02 2.191871404647827148e-02 2.232315018773078918e-02 6.882465630769729614e-02 1.228752173483371735e-02 8.094305172562599182e-03 6.641279906034469604e-02 6.658903509378433228e-02 6.578164547681808472e-02 2.815651940181851387e-03 8.482148498296737671e-02 3.309525549411773682e-02 4.042750224471092224e-02 2.062963135540485382e-02 2.422062866389751434e-02 3.220012784004211426e-02 5.797647312283515930e-02 3.153723478317260742e-02 3.955112397670745850e-02 8.573944121599197388e-02 2.640527905896306038e-03 1.548192929476499557e-02 3.604998067021369934e-02 2.465144358575344086e-02 6.961182504892349243e-02 5.867919325828552246e-02 5.082819983363151550e-02 7.792244199663400650e-03 4.236733540892601013e-02 7.241415977478027344e-02 3.227502480149269104e-02 3.284719586372375488e-02 6.956611573696136475e-02 3.976521641016006470e-02 1.574002578854560852e-02 4.929589107632637024e-02 3.395941806957125664e-03 6.124405190348625183e-02 8.193028159439563751e-03 3.314895788207650185e-03 4.059087485074996948e-02 3.351284563541412354e-02 8.941084379330277443e-04 1.769714988768100739e-02 4.100785404443740845e-02 1.346551347523927689e-02 2.584936097264289856e-02 3.163201734423637390e-02 2.452904731035232544e-02 4.353649914264678955e-02 5.481592565774917603e-02 3.025390580296516418e-02 6.262076646089553833e-02 1.700374484062194824e-02 2.474913140758872032e-03 6.629754602909088135e-02 3.480598330497741699e-03 2.730757929384708405e-03 8.146747015416622162e-03 1.722299493849277496e-02
2.589993923902511597e-02 2.014083415269851685e-02 7.526525296270847321e-03 2.959477156400680542e-02 2.189512923359870911e-02 3.438761830329895020e-02 4.144130647182464600e-02 4.938002303242683411e-02 1.997384615242481232e-02 4.554258659482002258e-02 4.765636473894119263e-02 5.424129590392112732e-02 4.678462818264961243e-02 1.051196595653891563e-03 9.862915612757205963e-04 5.667652934789657593e-02 2.510864473879337311e-02 9.389767050743103027e-02 4.789087921380996704e-02 8.090410847216844559e-04 1.626943796873092651e-02 3.218606859445571899e-02 7.398661226034164429e-02 2.445576339960098267e-02 6.875696033239364624e-02 3.177459910511970520e-02 3.680525720119476318e-02 4.977277666330337524e-02 5.661536008119583130e-03 5.482315644621849060e-02 4.491842910647392273e-02 2.421479858458042145e-02 1.655566506087779999e-02 4.377115890383720398e-02 1.138728857040405273e-02 5.040025711059570312e-02 4.004774615168571472e-02 1.373306941241025925e-02 1.736994460225105286e-02 2.892405167222023010e-02 1.283247768878936768e-02 9.208992123603820801e-02 6.077144667506217957e-02 3.232404217123985291e-02 9.471827000379562378e-02 2.341952547430992126e-02 1.675233989953994751e-02 6.265715230256319046e-03 3.161457180976867676e-02 2.497863897588104010e-04 5.393086746335029602e-02 5.077423527836799622e-02 5.774480290710926056e-03 6.123442202806472778e-02 8.917757868766784668e-02 1.218522340059280396e-02 1.507315039634704590e-02 4.142821207642555237e-02 1.338635943830013275e-02 2.990468405187129974e-03 2.002741908654570580e-03 2.758770063519477844e-02 5.672845616936683655e-02 4.058926180005073547e-02 4.944155365228652954e-02 5.205378402024507523e-03 6.573231518268585205e-02 4.632962867617607117e-02 5.594649538397789001e-02 2.055937983095645905e-02 2.728749252855777740e-02 7.457596063613891602e-02 2.541922265663743019e-03 2.105549164116382599e-02 2.843664027750492096e-02 4.030649363994598389e-02 1.390053331851959229e-01 7.246501743793487549e-02 3.613903000950813293e-02 2.805233187973499298e-02 8.491354994475841522e-03 3.599584102630615234e-02 6.967380642890930176e-02 3.763125836849212646e-02 5.027551203966140747e-02 5.617414042353630066e-02 6.046546623110771179e-02 8.849025703966617584e-03 4.436085745692253113e-02 3.832269832491874695e-02 2.804302982985973358e-02 1.323832012712955475e-02 1.383116468787193298e-02 5.303011089563369751e-02 1.209940947592258453e-02 3.838636353611946106e-02 2.713077515363693237e-02 4.658240824937820435e-02 9.790237061679363251e-03 3.397469222545623779e-02 6.929930299520492554e-03 6.595017015933990479e-02 4.717218130826950073e-02 6.113436073064804077e-02 1.146579254418611526e-02 3.784038498997688293e-02 2.046092227101325989e-02 6.206896156072616577e-03 2.435510745272040367e-03 1.726701855659484863e-02 7.821987569332122803e-02 5.124721676111221313e-02 3.473427519202232361e-02 7.254155725240707397e-02 6.189833953976631165e-02 6.116120517253875732e-02
2.216683002188801765e-03 4.676422849297523499e-02 7.320572435855865479e-02 1.090193837881088257e-01 5.665231961756944656e-03 2.815247513353824615e-02 6.677844375371932983e-02 1.152070891112089157e-02 4.554258659482002258e-02 2.542314305901527405e-02 3.972654417157173157e-02 6.161706522107124329e-02 3.848035819828510284e-03 4.779139906167984009e-02 1.047898363322019577e-02 2.720726653933525085e-02 2.418470685370266438e-04 1.439837068319320679e-01 2.036086469888687134e-02 4.037030413746833801e-02 1.329295895993709564e-02 4.906522482633590698e-02 6.993550062179565430e-02 5.011851713061332703e-02 5.199876800179481506e-02 2.351606264710426331e-02 3.631135821342468262e-02 6.386745721101760864e-02 5.864918977022171021e-02 3.695210814476013184e-02 5.014707893133163452e-02 4.940161481499671936e-02 2.780788950622081757e-02 5.286347493529319763e-02 7.675997912883758545e-02 3.075257502496242523e-02 8.642523735761642456e-02 1.114651653915643692e-02 1.542098633944988251e-02 1.572089828550815582e-02 1.119165681302547455e-03 3.358216583728790283e-02 5.045474693179130554e-02 2.412750013172626495e-02 4.077630490064620972e-02 5.988053232431411743e-02 3.573425486683845520e-02 6.907159090042114258e-02 2.728539146482944489e-02 8.812747895717620850e-02 2.244931273162364960e-02 3.878400474786758423e-02 6.629256997257471085e-03 1.479244884103536606e-02 4.129639640450477600e-02 3.091765567660331726e-02 1.215228512883186340e-01 3.589772060513496399e-02 3.264468535780906677e-02 2.611969225108623505e-02 6.351625919342041016e-02 4.250037297606468201e-02 4.523146152496337891e-02 7.639430928975343704e-03 9.041800163686275482e-03 8.735376596450805664e-02 8.587636053562164307e-03 6.329116225242614746e-02 1.385545451194047928e-02 4.422578960657119751e-02 4.862922057509422302e-02 3.949451819062232971e-02 4.889420047402381897e-02 4.462236538529396057e-02 3.719422267749905586e-03 3.139141015708446503e-03 8.208175189793109894e-03 1.991828382015228271e-01 1.765756756067276001e-01 9.313833713531494141e-02 7.043692469596862793e-02 1.067004073411226273e-02 4.519850388169288635e-02 3.034192509949207306e-02 4.339753463864326477e-02 3.478522226214408875e-02 4.403745010495185852e-02 5.345202982425689697e-02 2.270649885758757591e-03 1.175562478601932526e-02 2.858733758330345154e-02 5.793245136737823486e-02 2.674501575529575348e-02 4.177981987595558167e-02 1.624706387519836426e-02 3.780426224693655968e-03 1.841435395181179047e-02 1.069159153848886490e-02 2.304507046937942505e-02 6.188002880662679672e-03 9.210907667875289917e-02 6.234439089894294739e-02 7.202970236539840698e-02 2.981521375477313995e-02 5.245137959718704224e-02 4.666901440941728652e-05 6.023203954100608826e-02 8.750174939632415771e-02 1.011049076914787292e-01 2.372494339942932129e-02 3.145159408450126648e-02 3.387466445565223694e-02 3.221166133880615234e-02 9.775958023965358734e-03 3.628151118755340576e-02 8.486063219606876373e-03
6.864963471889495850e-02 7.811165601015090942e-02 1.443419978022575378e-02 2.519549336284399033e-03 2.106505073606967926e-02 1.042638570070266724e-01 9.833805263042449951e-02 2.835056930780410767e-02 4.765636473894119263e-02 3.972654417157173157e-02 3.936211764812469482e-02 2.353894338011741638e-02 5.051211267709732056e-02 5.380574241280555725e-02 3.335992246866226196e-02 5.359676107764244080e-02 1.754665281623601913e-03 5.083555728197097778e-02 4.089325666427612305e-02 4.304961860179901123e-02 4.450519755482673645e-02 4.252909496426582336e-02 4.310396686196327209e-02 1.734246872365474701e-02 2.652156166732311249e-02 1.900366321206092834e-02 2.246044017374515533e-02 5.238080397248268127e-02 3.853471577167510986e-02 6.230523064732551575e-02 1.062161196023225784e-02 4.210219252854585648e-03 8.224120736122131348e-02 3.007864952087402344e-02 1.490127854049205780e-02 2.571500092744827271e-02 4.139073193073272705e-02 1.877412572503089905e-02 5.108274519443511963e-03 2.541079372167587280e-02 8.648626506328582764e-03 1.205095672048628330e-03 7.156906276941299438e-02 2.495334856212139130e-02 2.735403552651405334e-02 1.694564335048198700e-02 4.679634794592857361e-02 3.366813063621520996e-02 5.174213275313377380e-02 5.256742238998413086e-03 4.123717918992042542e-02 2.944254875183105469e-02 5.388900171965360641e-03 3.928814828395843506e-02 3.359122946858406067e-02 4.598591476678848267e-02 5.096232518553733826e-02 2.744023688137531281e-02 2.580005116760730743e-02 1.838218607008457184e-02 1.963054947555065155e-02 1.692140102386474609e-02 5.289031565189361572e-02 4.569971561431884766e-02 6.738811731338500977e-02 3.708138316869735718e-02 1.617893390357494354e-02 1.040568668395280838e-02 8.003649860620498657e-02 3.275512531399726868e-02 2.325424924492835999e-02 8.258390426635742188e-02 6.157229468226432800e-02 4.662912804633378983e-03 1.072866283357143402e-02 4.475369676947593689e-02 2.019870094954967499e-02 5.237251147627830505e-02 3.952098265290260315e-02 1.456436142325401306e-02 6.051225587725639343e-02 4.338985681533813477e-02 6.179493665695190430e-02 5.370470136404037476e-02 2.612734958529472351e-02 7.920066826045513153e-03 5.287309736013412476e-02 2.856577746570110321e-02 3.049894794821739197e-02 3.874496091157197952e-03 1.899525895714759827e-02 4.383311048150062561e-02 5.703972652554512024e-02 6.889776885509490967e-02 3.199948230758309364e-03 4.311103001236915588e-02 3.484673798084259033e-02 8.520023524761199951e-02 2.100392803549766541e-02 4.817264527082443237e-02 5.083804577589035034e-02 1.414129789918661118e-02 6.922324001789093018e-02 1.957950182259082794e-02 7.494913414120674133e-03 1.033224686980247498e-01 1.429240684956312180e-02 2.924254350364208221e-02 9.510175138711929321e-02 3.757075592875480652e-02 1.120047178119421005e-03 1.143602747470140457e-02 7.465559244155883789e-02 1.528123673051595688e-02 2.563388831913471222e-02 5.280665680766105652e-02
6.403720006346702576e-03 5.301685258746147156e-02 5.052236467599868774e-02 1.662120409309864044e-02 6.343161314725875854e-02 3.861879929900169373e-02 9.146669879555702209e-03 2.346171298995614052e-03 5.424129590392112732e-02 6.161706522107124329e-02 2.353894338011741638e-02 5.888892337679862976e-02 6.011570245027542114e-02 1.270193308591842651e-01 4.009133949875831604e-02 4.991393908858299255e-02 3.888075798749923706e-02 6.227114796638488770e-02 4.856916889548301697e-02 1.367882546037435532e-02 3.790231188759207726e-03 4.915036261081695557e-02 7.109217345714569092e-02 1.344710774719715118e-02 8.962082117795944214e-02 5.647449940443038940e-02 4.310001805424690247e-02 7.530913501977920532e-02 4.819756746292114258e-02 6.649929098784923553e-03 1.984572038054466248e-02 2.343851327896118164e-02 2.224919572472572327e-02 4.901482164859771729e-02 7.132396847009658813e-02 3.478455543518066406e-02 1.786900125443935394e-02 7.152843475341796875e-02 4.164667043369263411e-04 4.126795753836631775e-02 1.683975942432880402e-02 3.588037937879562378e-02 3.253973647952079773e-02 5.153818801045417786e-02 8.451701700687408447e-02 3.269970417022705078e-02 3.937432914972305298e-02 3.509664162993431091e-02 2.433758974075317383e-02 7.056303322315216064e-02 1.964147016406059265e-02 5.171111971139907837e-02 2.945331297814846039e-02 2.446217648684978485e-02 1.551525108516216278e-02 5.875106900930404663e-03 1.093740165233612061e-01 7.824883610010147095e-02 1.974903978407382965e-02 2.901711501181125641e-02 2.230717428028583527e-02 1.538423914462327957e-02 3.297104686498641968e-02 5.105159431695938110e-02 6.452952511608600616e-03 3.517753630876541138e-02 2.181882224977016449e-02 7.343244552612304688e-02 3.737843036651611328e-02 3.129827976226806641e-02 1.020332798361778259e-02 1.620606891810894012e-02 5.761795118451118469e-02 1.493274047970771790e-02 3.284322097897529602e-02 2.710795961320400238e-03 5.046362057328224182e-02 1.778780668973922729e-02 6.266340613365173340e-02 5.912269279360771179e-02 3.116810694336891174e-02 2.406481094658374786e-02 3.109810687601566315e-02 2.408039011061191559e-02 1.899557560682296753e-01 7.821221649646759033e-02 7.837575860321521759e-03 5.363239720463752747e-02 8.462806791067123413e-02 1.913084648549556732e-02 4.914986342191696167e-02 4.790458455681800842e-02 4.480364546179771423e-02 2.828031964600086212e-02 1.557401288300752640e-02 5.553354695439338684e-02 6.782700121402740479e-02 2.335016243159770966e-02 9.172399342060089111e-02 1.147081404924392700e-01 1.282089203596115112e-02 1.030937395989894867e-02 3.607843816280364990e-02 5.853618681430816650e-02 1.984770037233829498e-02 2.759064547717571259e-02 4.033076390624046326e-02 3.609972447156906128e-02 1.385500468313694000e-02 3.329685330390930176e-02 4.070102423429489136e-02 6.616996228694915771e-02 5.795509368181228638e-02 3.520914167165756226e-02 8.732155896723270416e-03 5.425762757658958435e-02
5.990827083587646484e-02 1.372511386871337891e-01 2.023516409099102020e-02 3.861076012253761292e-02 3.048704378306865692e-02 7.142589986324310303e-02 1.100655645132064819e-01 5.703344196081161499e-02 4.678462818264961243e-02 3.848035819828510284e-03 5.051211267709732056e-02 6.011570245027542114e-02 8.335788547992706299e-02 2.720586955547332764e-02 8.621050417423248291e-02 6.337161175906658173e-03 2.960162237286567688e-02 4.346552491188049316e-02 8.211679011583328247e-02 5.339442566037178040e-02 2.569573000073432922e-02 1.105776708573102951e-02 1.287549827247858047e-02 9.094368666410446167e-03 2.867742255330085754e-02 8.008594065904617310e-02 4.505394771695137024e-02 5.666798679158091545e-04 1.267207711935043335e-01 2.720867283642292023e-03 2.087208181619644165e-01 1.834751851856708527e-02 3.755396232008934021e-02 2.866902761161327362e-02 5.233136564493179321e-02 3.098593838512897491e-02 4.002397879958152771e-02 3.108413703739643097e-02 1.123211462981998920e-03 2.806878089904785156e-02 4.752364009618759155e-02 2.038139849901199341e-02 1.428013574331998825e-02 6.589542329311370850e-02 6.148445233702659607e-02 6.222079321742057800e-02 2.110156789422035217e-02 1.929951459169387817e-02 5.960937589406967163e-02 9.891204535961151123e-02 9.146743454039096832e-03 4.228233173489570618e-02 3.485441952943801880e-02 3.321632742881774902e-02 5.680330470204353333e-02 2.317714504897594452e-03 1.880595274269580841e-02 5.359166860580444336e-02 3.751562535762786865e-02 2.348947711288928986e-02 1.977036707103252411e-02 5.781084299087524414e-02 2.158529311418533325e-02 2.538818679749965668e-02 7.129349280148744583e-03 4.913679510354995728e-02 4.885653778910636902e-02 4.517548158764839172e-02 1.436911337077617645e-02 3.883867710828781128e-02 1.648162864148616791e-02 7.506842911243438721e-02 3.783267363905906677e-02 3.021233528852462769e-02 1.085785701870918274e-01 1.005227342247962952e-01 4.114528000354766846e-02 1.306115929037332535e-02 1.431090640835464001e-04 3.625744581222534180e-02 7.542581856250762939e-02 2.695951238274574280e-02 1.698441104963421822e-03 1.146599501371383667e-01 3.771100193262100220e-02 3.973666578531265259e-02 2.737577632069587708e-02 5.917317420244216919e-02 7.894292473793029785e-03 4.436199739575386047e-02 6.102408841252326965e-02 4.191647842526435852e-02 3.378231823444366455e-02 5.041542276740074158e-02 3.164296224713325500e-02 3.609860688447952271e-02 6.029006838798522949e-02 2.221399545669555664e-02 7.663192693144083023e-03 1.709510455839335918e-03 2.967036888003349304e-02 9.640058502554893494e-03 3.753190103452652693e-04 9.293246269226074219e-02 2.907275222241878510e-02 1.284856628626585007e-02 8.493749052286148071e-02 1.405570097267627716e-02 3.383521363139152527e-02 2.379541099071502686e-02 2.625603973865509033e-02 1.369655132293701172e-03 1.317250262945890427e-02 3.091490454971790314e-02 1.192935183644294739e-02 6.877599284052848816e-03
