5.891634617000818253e-03 1.318536847829818726e-01 1.008069980889558792e-02 3.292131423950195312e-02 3.176563605666160583e-02 1.114674583077430725e-01 7.347700651735067368e-03 6.407825648784637451e-02 4.674207046627998352e-02 4.375181626528501511e-03 1.420402079820632935e-01 7.034508138895034790e-02 1.213333979249000549e-01 5.917122215032577515e-02 8.456131815910339355e-02 6.615878082811832428e-04 1.441425643861293793e-02 4.015586338937282562e-03 6.211528182029724121e-02 1.839569420553743839e-03 2.310919389128684998e-02 7.759737968444824219e-02 8.471488952636718750e-03 1.375898811966180801e-02 3.024288825690746307e-02 2.910969778895378113e-02 3.476314991712570190e-02 3.758892044425010681e-02 4.977150633931159973e-02 4.450233280658721924e-02 2.117851376533508301e-02 4.799402877688407898e-02 2.566799893975257874e-02 2.427552640438079834e-02 2.685187570750713348e-02 8.202328532934188843e-02 4.140279814600944519e-02 5.346503853797912598e-02 2.394050545990467072e-02 5.682950094342231750e-02 1.448091468773782253e-03 3.474075580015778542e-03 1.977628469467163086e-02 2.615685202181339264e-02 7.799386233091354370e-02 2.619657665491104126e-02 1.428367104381322861e-02 2.660366147756576538e-02 5.341515317559242249e-02 6.731369532644748688e-03 1.306964084506034851e-02 8.905819617211818695e-03 4.909561481326818466e-03 1.711473427712917328e-02 3.237127792090177536e-03 1.519458135589957237e-03 4.174896515905857086e-03 1.667392440140247345e-02 3.640902927145361900e-03 3.385846316814422607e-02 2.041566185653209686e-02 4.724813625216484070e-02 3.466343134641647339e-02 3.560493513941764832e-02 9.230862371623516083e-03 5.592274665832519531e-02 3.917264286428689957e-03 2.521263435482978821e-02 2.373388968408107758e-02 4.085016250610351562e-02 9.180703200399875641e-03 4.152189567685127258e-02 9.215661324560642242e-03 5.056781321763992310e-02 1.183477044105529785e-02 7.461261004209518433e-02 1.400299090892076492e-02 6.547413300722837448e-03 3.333320096135139465e-02 3.489875793457031250e-02 2.426694333553314209e-02 1.940113119781017303e-02 8.335110545158386230e-02 4.494606703519821167e-02 2.070032805204391479e-02 8.253995329141616821e-03 3.629828616976737976e-02 7.735148817300796509e-02 3.095353767275810242e-02 3.136437013745307922e-02 2.907396294176578522e-02 6.710388511419296265e-02 3.441622108221054077e-02 9.679880738258361816e-02 2.602146007120609283e-02 6.726713478565216064e-02 1.258231699466705322e-02 2.237694710493087769e-02 3.431523591279983521e-02 2.476538717746734619e-02 5.549670010805130005e-02 1.060225348919630051e-02 4.949436709284782410e-02 1.041346695274114609e-02 3.677564905956387520e-03 4.349335096776485443e-03 2.102967165410518646e-02 1.570925931446254253e-03 1.509866863489151001e-02 3.025448508560657501e-02 2.779493294656276703e-02 1.902507990598678589e-02 1.142317149788141251e-02 8.968518115580081940e-03 8.161504566669464111e-02 5.929349362850189209e-02
1.318536847829818726e-01 1.448773406445980072e-02 4.329975321888923645e-02 4.135667346417903900e-03 1.556928455829620361e-02 1.090563088655471802e-01 5.056997016072273254e-02 5.985257681459188461e-03 1.723124273121356964e-02 1.969992369413375854e-02 6.472714990377426147e-02 2.292122505605220795e-02 1.192006096243858337e-01 3.795159235596656799e-02 6.738349795341491699e-02 3.230537846684455872e-02 1.857400406152009964e-03 5.767044611275196075e-03 4.506307095289230347e-02 2.685556933283805847e-02 8.732435293495655060e-03 1.260243263095617294e-02 8.313963771797716618e-04 4.526558914221823215e-04 4.379758611321449280e-02 3.788394480943679810e-02 1.668163947761058807e-02 3.057507425546646118e-02 7.067198399454355240e-03 7.050830125808715820e-02 1.154422163963317871e-01 3.667477890849113464e-02 7.231363654136657715e-02 1.103849243372678757e-02 1.091607846319675446e-02 2.382299304008483887e-02 5.696767009794712067e-03 5.174246057868003845e-02 9.884148836135864258e-03 2.052227966487407684e-02 2.181616000598296523e-04 2.331008948385715485e-02 7.410693215206265450e-04 1.315179374068975449e-02 3.704996313899755478e-03 1.628099381923675537e-02 3.493040800094604492e-02 3.174543008208274841e-02 3.650950640439987183e-02 2.501249685883522034e-02 8.709895424544811249e-03 2.265620045363903046e-02 3.934404347091913223e-03 4.078220110386610031e-03 3.764974325895309448e-02 4.783277586102485657e-02 6.267460528761148453e-03 2.332849428057670593e-02 3.962229005992412567e-03 2.466557733714580536e-02 5.246489122509956360e-02 3.012282028794288635e-02 7.273741811513900757e-02 2.207241952419281006e-02 4.275167360901832581e-02 3.077565506100654602e-02 1.315731648355722427e-02 1.233489438891410828e-02 1.191910542547702789e-02 3.855410963296890259e-02 7.196499966084957123e-03 5.001403018832206726e-02 2.139801159501075745e-02 1.405831053853034973e-02 4.452571272850036621e-02 9.110597521066665649e-02 8.847317658364772797e-03 3.859858587384223938e-02 1.419290434569120407e-03 5.976593587547540665e-03 1.976920664310455322e-02 1.954900100827217102e-02 1.839960552752017975e-02 2.181761711835861206e-02 1.858484931290149689e-02 2.044798992574214935e-02 3.721790015697479248e-02 7.166945934295654297e-02 1.311210636049509048e-02 2.495210850611329079e-03 7.098993659019470215e-02 7.410652935504913330e-02 3.015711670741438866e-03 5.521875573322176933e-04 4.685195535421371460e-02 2.066389285027980804e-02 2.316855452954769135e-02 3.128974512219429016e-02 4.154753684997558594e-02 1.021464075893163681e-02 1.656018570065498352e-02 1.283009070903062820e-02 1.166764367371797562e-02 2.484030649065971375e-02 2.200167439877986908e-02 3.620364889502525330e-02 1.005537807941436768e-02 3.536998108029365540e-02 4.394554346799850464e-02 2.929184585809707642e-02 1.918367855250835419e-02 3.182222694158554077e-02 3.319934010505676270e-02 7.528024725615978241e-03 2.608964592218399048e-02 4.080665856599807739e-02
1.008069980889558792e-02 4.329975321888923645e-02 3.059015795588493347e-02 4.830508306622505188e-02 6.013498455286026001e-02 6.886513903737068176e-03 5.080809071660041809e-02 8.517437428236007690e-02 1.727426052093505859e-02 3.224310651421546936e-02 5.610017688013613224e-04 7.772868964821100235e-03 1.675173453986644745e-02 6.273973733186721802e-02 2.245225198566913605e-02 4.573704674839973450e-02 5.264502763748168945e-02 5.548303201794624329e-02 5.054475739598274231e-02 7.012484967708587646e-02 4.387579113245010376e-02 2.301452681422233582e-02 4.962471127510070801e-02 3.091915883123874664e-02 3.096092864871025085e-02 6.101629883050918579e-02 1.516696624457836151e-02 1.228816527873277664e-02 3.195712715387344360e-02 2.134872041642665863e-02 3.780957683920860291e-02 1.520598679780960083e-01 4.314725473523139954e-02 2.522077783942222595e-02 3.032468818128108978e-02 3.839139267802238464e-02 4.576838761568069458e-02 8.947613649070262909e-03 1.069328337907791138e-01 4.218944534659385681e-02 5.624354630708694458e-02 1.297444105148315430e-02 4.477424547076225281e-02 4.163275659084320068e-02 9.850586950778961182e-02 7.375947386026382446e-02 1.332781650125980377e-02 3.295788483228534460e-04 1.790685579180717468e-02 6.588614080101251602e-03 4.829806461930274963e-02 3.863600315526127815e-03 1.467309892177581787e-02 1.429428812116384506e-02 2.550954930484294891e-02 8.917107246816158295e-03 2.945821546018123627e-02 2.545818127691745758e-02 3.669542819261550903e-02 1.302016200497746468e-03 5.056291446089744568e-02 6.858002394437789917e-02 3.846511244773864746e-02 6.040827929973602295e-02 6.029931083321571350e-02 1.415120344609022141e-02 6.278029084205627441e-02 2.062416635453701019e-02 1.373585686087608337e-02 1.766483113169670105e-02 3.850110992789268494e-02 1.920836605131626129e-02 1.528346259146928787e-02 1.346744783222675323e-02 1.807940192520618439e-02 3.809048607945442200e-02 1.032561995089054108e-02 1.004782132804393768e-02 3.261167928576469421e-02 5.310991033911705017e-02 1.559013724327087402e-01 1.768339574337005615e-01 3.000942990183830261e-02 1.023889612406492233e-02 3.623646125197410583e-02 7.663894910365343094e-03 2.216046676039695740e-03 9.829496964812278748e-03 6.556508690118789673e-02 1.615393674001097679e-03 5.640589073300361633e-02 3.926017787307500839e-03 2.405773848295211792e-02 2.828422002494335175e-02 5.399360507726669312e-02 2.322564274072647095e-02 5.098272487521171570e-02 2.147897146642208099e-02 4.442817345261573792e-02 5.782618001103401184e-02 7.225371897220611572e-02 5.185476690530776978e-02 8.873284608125686646e-02 1.461555436253547668e-02 4.675991088151931763e-02 5.046037957072257996e-02 3.539160639047622681e-02 3.917564079165458679e-02 1.178454458713531494e-01 1.565868593752384186e-02 2.849399857223033905e-02 3.224931657314300537e-02 3.376253321766853333e-02 9.438839741051197052e-03 6.256846338510513306e-02 1.252658944576978683e-02
3.292131423950195312e-02 4.135667346417903900e-03 4.830508306622505188e-02 2.484110742807388306e-02 1.729704290628433228e-01 1.592065393924713135e-02 3.942604735493659973e-02 1.153997406363487244e-01 1.225765887647867203e-02 1.451632753014564514e-02 1.671170629560947418e-02 3.461098298430442810e-02 1.078446861356496811e-02 5.868962407112121582e-02 4.470397531986236572e-02 7.009278982877731323e-02 4.126366600394248962e-02 4.537751898169517517e-02 1.738657988607883453e-02 3.105348534882068634e-02 6.761013716459274292e-02 1.194793824106454849e-02 4.235793277621269226e-02 6.371355056762695312e-02 2.391738630831241608e-02 1.361581031233072281e-03 3.240368515253067017e-02 2.545333094894886017e-02 5.072651803493499756e-02 1.090773567557334900e-02 5.235440656542778015e-02 4.355493560433387756e-02 5.266593396663665771e-02 2.565016224980354309e-02 4.333306103944778442e-02 4.219849780201911926e-02 5.164961330592632294e-03 3.246144950389862061e-02 1.209677308797836304e-01 7.247367501258850098e-02 4.300844296813011169e-02 2.600601874291896820e-02 7.209743373095989227e-03 3.524324297904968262e-02 2.774693071842193604e-03 4.014855623245239258e-02 3.386216703802347183e-03 3.687771037220954895e-02 5.380322784185409546e-02 1.570948511362075806e-01 2.735277265310287476e-02 1.446586567908525467e-02 3.607078269124031067e-02 5.322379991412162781e-02 2.791731618344783783e-02 4.447650536894798279e-02 1.255613006651401520e-02 1.621939241886138916e-02 4.054116457700729370e-02 1.065229997038841248e-02 6.617655977606773376e-03 6.736327707767486572e-02 3.835979476571083069e-02 4.012656956911087036e-02 4.185847565531730652e-02 1.016437355428934097e-02 4.500889033079147339e-02 7.717601209878921509e-02 1.285449974238872528e-02 2.183889038860797882e-02 3.704326972365379333e-02 2.655892074108123779e-02 2.539746761322021484e-01 3.962931036949157715e-02 1.521611064672470093e-01 2.122292667627334595e-02 7.836807519197463989e-02 1.401685550808906555e-02 6.196396052837371826e-02 2.495084889233112335e-02 8.205500990152359009e-02 5.483741313219070435e-02 1.635689586400985718e-01 1.955255307257175446e-02 4.995628446340560913e-02 3.274146094918251038e-02 3.917356580495834351e-02 3.785370290279388428e-02 2.072095172479748726e-03 5.739400908350944519e-02 4.571054503321647644e-02 2.240042760968208313e-02 2.850944735109806061e-02 2.491628518328070641e-03 4.170880466699600220e-02 5.873963981866836548e-02 3.416112065315246582e-02 1.780370622873306274e-02 3.442251309752464294e-02 2.209690399467945099e-02 4.225193522870540619e-03 1.838651858270168304e-02 1.287722145207226276e-03 8.787724189460277557e-03 1.240002270787954330e-02 4.114882647991180420e-02 1.112449262291193008e-02 3.682800335809588432e-03 1.784416288137435913e-02 4.086337983608245850e-02 1.669960469007492065e-02 9.448724798858165741e-03 1.699147745966911316e-02 4.247992485761642456e-02 6.687353365123271942e-03 1.305771153420209885e-02
3.176563605666160583e-02 1.556928455829620361e-02 6.013498455286026001e-02 1.729704290628433228e-01 8.446164429187774658e-03 7.175817340612411499e-02 7.548512890934944153e-03 5.940569192171096802e-02 1.343855075538158417e-02 3.295971825718879700e-02 1.237456407397985458e-02 8.758963644504547119e-02 3.705249726772308350e-02 4.068525508046150208e-02 1.588659174740314484e-02 8.519325405359268188e-02 9.181573987007141113e-02 5.607052892446517944e-02 9.522049874067306519e-02 2.316346205770969391e-02 4.348179697990417480e-02 4.464597627520561218e-02 3.280848264694213867e-02 5.512710288166999817e-02 2.916090562939643860e-02 4.880445823073387146e-02 1.072486490011215210e-02 4.574421420693397522e-02 8.454889757558703423e-04 6.549015641212463379e-02 1.765651069581508636e-02 1.675778441131114960e-02 4.252742975950241089e-02 4.327517002820968628e-03 4.905992373824119568e-02 7.504282519221305847e-03 1.478729536756873131e-03 6.104139983654022217e-02 7.904207333922386169e-03 1.746957451105117798e-01 6.509328633546829224e-02 4.249162506312131882e-03 4.254243522882461548e-02 6.086612120270729065e-02 8.308238349854946136e-03 3.310870006680488586e-02 6.107708439230918884e-02 1.105016097426414490e-02 8.287110924720764160e-02 2.632053010165691376e-02 5.774547532200813293e-02 3.283086046576499939e-02 5.231282114982604980e-02 4.935736954212188721e-02 5.134191364049911499e-02 4.769793711602687836e-03 3.985689207911491394e-02 1.123544527217745781e-03 6.200790777802467346e-02 7.252194453030824661e-03 1.608720235526561737e-02 1.124114450067281723e-02 4.995835945010185242e-02 1.537436433136463165e-02 1.180403050966560841e-03 1.314807590097188950e-02 1.430294569581747055e-02 7.231213152408599854e-02 1.757687143981456757e-02 1.478698384016752243e-02 5.224319547414779663e-02 1.152417343109846115e-02 1.097986549139022827e-01 1.256260182708501816e-02 1.973946541547775269e-01 5.524700507521629333e-03 5.985464155673980713e-02 1.294186804443597794e-02 2.853121608495712280e-02 5.922377482056617737e-02 3.606855869293212891e-02 5.943759810179471970e-03 6.755013018846511841e-02 2.184713035821914673e-01 3.854988142848014832e-02 7.388449274003505707e-03 3.770565614104270935e-02 5.007848516106605530e-02 1.599469780921936035e-02 4.974377155303955078e-02 1.521134078502655029e-01 3.180464264005422592e-03 7.182130962610244751e-02 1.304894592612981796e-02 6.135435402393341064e-02 1.774659752845764160e-02 3.025948815047740936e-02 6.129393354058265686e-02 2.941904589533805847e-03 2.478962205350399017e-02 5.226425826549530029e-02 3.422518447041511536e-02 1.069930195808410645e-02 2.721829107031226158e-03 1.257145218551158905e-02 8.555832505226135254e-02 1.901252754032611847e-02 4.658846929669380188e-02 4.121233895421028137e-02 4.401255771517753601e-02 3.168684989213943481e-02 6.431792676448822021e-02 1.287852320820093155e-02 2.848468907177448273e-02 3.397071361541748047e-02 6.072961539030075073e-02
1.114674583077430725e-01 1.090563088655471802e-01 6.886513903737068176e-03 1.592065393924713135e-02 7.175817340612411499e-02 7.665785960853099823e-03 1.413044035434722900e-01 5.038084834814071655e-02 2.216841094195842743e-02 5.984792485833168030e-02 3.516825288534164429e-02 2.656372077763080597e-02 7.784435153007507324e-02 3.212388232350349426e-02 6.481523066759109497e-02 9.932333603501319885e-03 1.524664275348186493e-02 3.372813388705253601e-02 6.282456964254379272e-02 2.217675372958183289e-02 1.425159163773059845e-02 1.809323579072952271e-02 2.109126746654510498e-02 2.854120172560214996e-02 1.760852709412574768e-02 9.128247387707233429e-03 3.062912076711654663e-02 1.160443872213363647e-01 6.540634483098983765e-02 1.614589691162109375e-01 1.633466184139251709e-01 3.711709007620811462e-02 5.996637418866157532e-02 6.157792359590530396e-02 3.028561361134052277e-03 2.686054632067680359e-02 5.559310782700777054e-03 3.094600886106491089e-02 6.074388977140188217e-03 3.420056030154228210e-02 3.978072479367256165e-02 6.950634717941284180e-02 4.327940288931131363e-03 3.813903080299496651e-03 4.987248033285140991e-02 3.884697705507278442e-02 2.159291058778762817e-01 3.954696282744407654e-02 5.423762276768684387e-02 6.883534044027328491e-02 5.020625144243240356e-02 1.273813750594854355e-02 2.409179508686065674e-02 1.521348766982555389e-02 6.088103726506233215e-02 2.858068235218524933e-02 2.949621900916099548e-02 5.753400269895792007e-03 3.637064946815371513e-03 2.087417989969253540e-02 7.024736609309911728e-03 3.395788744091987610e-02 5.392059683799743652e-02 3.945092111825942993e-02 5.426867399364709854e-03 8.435063064098358154e-02 2.381261438131332397e-02 7.681256532669067383e-02 2.067711669951677322e-03 2.740089409053325653e-02 4.169525578618049622e-02 1.740835048258304596e-02 2.620318159461021423e-02 5.702431872487068176e-02 4.947974532842636108e-02 3.580078482627868652e-02 2.127989381551742554e-02 7.342481613159179688e-02 5.189214274287223816e-02 6.419563293457031250e-02 2.176401764154434204e-02 3.192713856697082520e-02 9.750308468937873840e-03 3.167143790051341057e-03 8.095940947532653809e-02 1.776937581598758698e-02 1.919740810990333557e-02 2.582740038633346558e-02 6.037063896656036377e-02 1.225788705050945282e-02 7.534816861152648926e-02 8.694836497306823730e-02 2.749089896678924561e-02 6.777615286409854889e-03 7.239075750112533569e-02 1.682999171316623688e-02 2.026904374361038208e-02 1.184680778533220291e-02 6.100205332040786743e-02 6.922335922718048096e-02 6.594914942979812622e-02 3.242573514580726624e-02 4.314287751913070679e-02 3.028937056660652161e-02 1.063280925154685974e-01 4.687583819031715393e-02 1.081743650138378143e-02 5.829261150211095810e-03 4.714941605925559998e-02 5.294806137681007385e-02 6.478793174028396606e-02 8.163561671972274780e-02 3.918981924653053284e-02 5.723013542592525482e-03 1.240777969360351562e-02 1.918958127498626709e-02
7.347700651735067368e-03 5.056997016072273254e-02 5.080809071660041809e-02 3.942604735493659973e-02 7.548512890934944153e-03 1.413044035434722900e-01 2.697372622787952423e-02 3.791360557079315186e-02 2.632975205779075623e-02 3.982032835483551025e-02 7.381410151720046997e-02 5.129037797451019287e-02 5.894534755498170853e-03 1.445579975843429565e-01 3.067134693264961243e-02 2.073416486382484436e-02 3.652024315670132637e-03 3.415117040276527405e-02 5.621638894081115723e-02 1.564489491283893585e-02 2.086886204779148102e-02 1.265292987227439880e-02 1.771458238363265991e-02 1.983098220080137253e-03 1.847925595939159393e-02 2.896854095160961151e-02 1.906542805954813957e-03 5.466079339385032654e-02 6.171077862381935120e-02 3.495893627405166626e-02 2.215291000902652740e-02 9.784309566020965576e-02 6.130570080131292343e-03 8.800933510065078735e-02 1.781597675289958715e-04 4.337762668728828430e-02 6.240023649297654629e-04 1.280003041028976440e-01 2.436275407671928406e-02 3.817487508058547974e-02 3.161277994513511658e-02 1.707142218947410583e-02 4.322599619626998901e-03 1.723879203200340271e-02 4.479401931166648865e-02 8.455950766801834106e-02 3.579403972253203392e-03 2.235727012157440186e-01 1.408236008137464523e-02 5.786506459116935730e-02 5.711437016725540161e-02 3.397032618522644043e-02 1.317125465720891953e-02 2.480875328183174133e-02 1.641501323319971561e-03 8.111064322292804718e-03 2.972381422296166420e-03 4.063057154417037964e-02 4.127707332372665405e-02 1.714295893907546997e-02 8.965171873569488525e-03 4.903777688741683960e-02 1.655438169836997986e-02 5.991963669657707214e-02 7.758803665637969971e-02 5.134422704577445984e-02 2.228657482191920280e-03 3.551907837390899658e-02 1.063946727663278580e-02 3.670547530055046082e-02 2.112443000078201294e-02 1.854950189590454102e-02 3.122889250516891479e-02 7.761373650282621384e-03 2.946800738573074341e-02 2.677557803690433502e-02 2.654632320627570152e-03 8.061225712299346924e-02 2.708569914102554321e-02 1.274915132671594620e-02 7.395268231630325317e-02 1.337595283985137939e-02 2.913302183151245117e-02 2.485611289739608765e-02 6.661459803581237793e-02 2.718894556164741516e-02 9.838275611400604248e-03 1.969251967966556549e-02 3.178096842020750046e-03 4.957049712538719177e-02 1.427152194082736969e-02 5.507921054959297180e-02 5.539905279874801636e-02 4.248549044132232666e-02 3.976889699697494507e-02 1.907110214233398438e-02 4.769612103700637817e-02 2.450208552181720734e-02 1.711085252463817596e-02 4.261076974216848612e-04 4.416077211499214172e-02 7.652878295630216599e-03 4.443532600998878479e-02 2.609169855713844299e-02 5.578034743666648865e-02 4.086164012551307678e-02 2.429754473268985748e-02 3.670673072338104248e-02 3.297224640846252441e-03 4.010100662708282471e-02 3.808673471212387085e-02 1.992335356771945953e-02 6.194560974836349487e-02 2.378255315124988556e-02 3.719290718436241150e-02 3.121839463710784912e-02
6.407825648784637451e-02 5.985257681459188461e-03 8.517437428236007690e-02 1.153997406363487244e-01 5.940569192171096802e-02 5.038084834814071655e-02 3.791360557079315186e-02 6.197753828018903732e-03 5.134038627147674561e-02 1.040036976337432861e-02 6.279594264924526215e-03 5.631369724869728088e-02 6.618999689817428589e-02 5.177762731909751892e-02 4.920169338583946228e-02 5.168975889682769775e-02 3.640617802739143372e-02 3.930672258138656616e-02 1.355023588985204697e-02 6.089450325816869736e-03 4.863459616899490356e-02 1.287412922829389572e-02 5.038396269083023071e-02 2.030631713569164276e-02 8.578637614846229553e-03 1.326776389032602310e-02 3.487716428935527802e-03 8.029370568692684174e-03 3.788812831044197083e-02 3.362470865249633789e-02 6.271104514598846436e-02 4.530389979481697083e-02 4.472628608345985413e-02 4.336686339229345322e-03 3.525299578905105591e-02 6.143108382821083069e-02 3.680805489420890808e-02 2.330680564045906067e-02 7.826966233551502228e-03 7.270195335149765015e-02 5.910610780119895935e-02 3.103873319923877716e-02 4.312941804528236389e-02 4.381696134805679321e-02 1.029047966003417969e-01 3.044681809842586517e-02 5.417641252279281616e-02 7.010247558355331421e-02 5.834160372614860535e-03 7.329986989498138428e-02 2.419163845479488373e-02 7.083104550838470459e-02 5.598394665867090225e-03 7.398101501166820526e-03 1.832460612058639526e-02 7.034252863377332687e-03 1.654301770031452179e-03 1.098705688491463661e-03 5.602469667792320251e-02 4.265007749199867249e-02 6.200727540999650955e-03 6.537755578756332397e-02 3.988853096961975098e-02 6.312304735183715820e-02 4.062508419156074524e-02 4.405457153916358948e-02 2.223045937716960907e-02 4.290737956762313843e-02 1.716564036905765533e-02 2.132854424417018890e-02 2.375728264451026917e-02 4.084453731775283813e-02 9.699827991425991058e-03 3.270180523395538330e-02 4.492523893713951111e-02 3.291298449039459229e-02 5.502171348780393600e-03 1.926477998495101929e-02 3.707888349890708923e-02 6.774086970835924149e-03 1.076392754912376404e-01 1.348602175712585449e-01 1.500225532799959183e-02 2.405669540166854858e-03 1.300981827080249786e-02 3.413667529821395874e-02 5.324750021100044250e-02 3.337572887539863586e-02 4.980432987213134766e-02 3.580047562718391418e-02 2.885957621037960052e-02 9.643410157877951860e-05 1.533740386366844177e-02 1.934141665697097778e-02 6.771840900182723999e-02 2.106498181819915771e-02 3.411814570426940918e-02 2.597549557685852051e-02 8.075959980487823486e-02 7.563263177871704102e-02 3.157899528741836548e-02 5.689840018749237061e-02 7.253005634993314743e-03 3.714089468121528625e-02 1.411379128694534302e-02 2.061907388269901276e-02 3.351451084017753601e-02 8.592024445533752441e-03 3.335298597812652588e-02 8.282215334475040436e-03 2.449410036206245422e-02 1.349301543086767197e-02 5.592199042439460754e-02 3.633214393630623817e-03 1.548513118177652359e-02 1.633574627339839935e-02
4.674207046627998352e-02 1.723124273121356964e-02 1.727426052093505859e-02 1.225765887647867203e-02 1.343855075538158417e-02 2.216841094195842743e-02 2.632975205779075623e-02 5.134038627147674561e-02 5.740111321210861206e-02 1.222046986222267151e-01 1.526520494371652603e-02 4.894390702247619629e-02 3.798697516322135925e-02 3.688334301114082336e-02 4.086993262171745300e-02 2.313380315899848938e-02 1.916961185634136200e-02 1.837565451860427856e-01 4.063959792256355286e-02 1.156849320977926254e-02 5.395669862627983093e-02 3.274819254875183105e-02 7.454083114862442017e-02 4.546654596924781799e-02 2.838386921212077141e-03 2.696585841476917267e-02 5.440670996904373169e-02 6.438615918159484863e-02 4.372075945138931274e-02 6.847743690013885498e-02 2.737951651215553284e-02 6.342025846242904663e-02 6.643375381827354431e-03 1.963438093662261963e-02 2.828184701502323151e-02 3.111068904399871826e-02 1.600654423236846924e-02 5.288086459040641785e-02 9.117132425308227539e-02 1.212649047374725342e-01 5.683895945549011230e-02 1.701861992478370667e-02 1.121928542852401733e-02 1.120923832058906555e-02 1.982049457728862762e-02 3.615893796086311340e-02 1.382978912442922592e-02 1.136228442192077637e-02 1.047377660870552063e-01 5.839568562805652618e-03 3.070072084665298462e-02 2.594957873225212097e-02 5.483424663543701172e-02 6.260448694229125977e-02 1.320002526044845581e-01 5.685564130544662476e-02 1.828293781727552414e-03 3.384407237172126770e-02 5.324946716427803040e-02 2.776048704981803894e-02 1.132357344031333923e-01 8.384767174720764160e-02 2.134164609014987946e-02 3.626030683517456055e-02 9.750864468514919281e-03 3.475054726004600525e-02 4.148183390498161316e-02 4.724381957203149796e-03 8.888574317097663879e-03 5.412092432379722595e-02 3.727633133530616760e-02 1.084648594260215759e-01 1.041718646883964539e-01 5.354850739240646362e-02 1.776234246790409088e-02 4.568760469555854797e-02 2.424330115318298340e-01 2.573628909885883331e-02 1.797112524509429932e-01 6.131744757294654846e-02 5.841727927327156067e-02 4.508998245000839233e-02 3.646242246031761169e-02 2.009747549891471863e-02 6.317057646811008453e-03 2.015466801822185516e-02 1.968836039304733276e-02 1.485388353466987610e-02 3.313155472278594971e-02 5.099271237850189209e-02 3.967928886413574219e-02 4.147391300648450851e-03 5.859547853469848633e-02 1.845494844019412994e-03 3.015913243871182203e-04 5.937897413969039917e-02 3.518686816096305847e-02 3.760089352726936340e-02 8.148963004350662231e-02 4.400559235364198685e-03 1.410302612930536270e-02 4.571328684687614441e-02 5.580296367406845093e-02 1.771477283909916878e-03 3.658135235309600830e-02 7.494013011455535889e-02 3.012655675411224365e-02 3.710661083459854126e-02 4.488324001431465149e-02 5.450343247503042221e-03 3.848127275705337524e-02 5.475316569209098816e-02 3.771597519516944885e-02 1.819637976586818695e-02 4.053239524364471436e-02 5.699808523058891296e-02
4.375181626528501511e-03 1.969992369413375854e-02 3.224310651421546936e-02 1.451632753014564514e-02 3.295971825718879700e-02 5.984792485833168030e-02 3.982032835483551025e-02 1.040036976337432861e-02 1.222046986222267151e-01 9.859167970716953278e-03 5.619428306818008423e-02 1.421814784407615662e-02 1.152165699750185013e-02 5.915826931595802307e-02 2.550677396357059479e-03 3.307743370532989502e-02 8.543873555026948452e-04 2.538942173123359680e-02 2.005291432142257690e-01 3.870930895209312439e-02 1.581687293946743011e-02 5.742287728935480118e-03 4.902859032154083252e-02 7.013647351413965225e-03 2.572371810674667358e-02 7.634943816810846329e-03 7.929118722677230835e-02 3.589336201548576355e-02 7.566880434751510620e-02 2.446148172020912170e-02 8.239073306322097778e-02 3.896121308207511902e-02 4.780066665261983871e-03 5.100752413272857666e-02 1.110251247882843018e-02 9.629203937947750092e-03 7.217818498611450195e-02 3.339080512523651123e-02 6.267083436250686646e-02 5.565851181745529175e-02 2.239174768328666687e-02 6.955053657293319702e-02 7.976447045803070068e-02 2.237839624285697937e-02 3.697532787919044495e-02 3.506530448794364929e-02 2.789935842156410217e-02 1.192252524197101593e-02 7.576152682304382324e-03 5.069448146969079971e-03 3.824907913804054260e-02 8.489228785037994385e-03 1.912214793264865875e-02 2.018971182405948639e-02 8.023312315344810486e-03 1.086474880576133728e-01 4.712944105267524719e-02 2.310680411756038666e-02 4.356729984283447266e-02 1.086612697690725327e-03 3.869666904211044312e-02 4.744791891425848007e-03 2.338224463164806366e-02 6.592785473912954330e-03 5.615509673953056335e-02 8.217564783990383148e-03 2.138274908065795898e-02 8.043524809181690216e-03 2.652095258235931396e-02 7.452855817973613739e-03 9.870748966932296753e-03 8.929678797721862793e-02 5.416169017553329468e-02 2.994199749082326889e-04 2.202576957643032074e-02 2.101874165236949921e-02 2.668575756251811981e-02 2.179753184318542480e-01 5.048975721001625061e-02 1.590174585580825806e-01 2.389869652688503265e-02 2.064155228435993195e-02 5.140460655093193054e-02 1.215897649526596069e-01 3.899177908897399902e-02 4.624886065721511841e-02 2.446485124528408051e-02 9.655041247606277466e-02 1.799138449132442474e-02 1.024780198931694031e-01 2.141089411452412605e-03 5.737173184752464294e-02 4.854186251759529114e-02 1.670540892519056797e-03 1.142266392707824707e-02 2.526012435555458069e-02 9.175214916467666626e-03 4.066063836216926575e-02 1.793348975479602814e-02 5.567954853177070618e-02 1.803173124790191650e-02 3.290145832579582930e-04 3.369087353348731995e-02 1.332456525415182114e-02 8.440164965577423573e-04 8.853196166455745697e-03 1.609900966286659241e-02 2.833231911063194275e-02 2.265072660520672798e-03 5.574478564085438848e-06 5.299479886889457703e-02 4.399393498897552490e-02 3.140858933329582214e-02 2.076770924031734467e-02 5.830046162009239197e-02 2.675575390458106995e-02
1.420402079820632935e-01 6.472714990377426147e-02 5.610017688013613224e-04 1.671170629560947418e-02 1.237456407397985458e-02 3.516825288534164429e-02 7.381410151720046997e-02 6.279594264924526215e-03 1.526520494371652603e-02 5.619428306818008423e-02 1.308181090280413628e-03 7.557329721748828888e-03 1.062988266348838806e-01 8.314448595046997070e-02 7.457859814167022705e-02 2.289782650768756866e-02 4.882695153355598450e-03 2.166158752515912056e-03 2.296517603099346161e-02 1.181151997298002243e-02 3.791374037973582745e-04 5.473942682147026062e-02 4.281773790717124939e-02 5.197114497423171997e-02 9.673613123595714569e-03 3.993103653192520142e-02 4.182796925306320190e-02 5.476224422454833984e-02 6.424368172883987427e-02 2.397662727162241936e-03 7.173924893140792847e-02 9.555013850331306458e-03 2.026324160397052765e-02 2.590334042906761169e-03 9.202099405229091644e-03 7.943566888570785522e-03 1.514465175569057465e-02 5.891925469040870667e-02 3.235765919089317322e-02 3.980147093534469604e-02 6.870555691421031952e-03 2.741412632167339325e-02 1.802370324730873108e-02 1.028850860893726349e-02 5.566396564245223999e-02 1.134527754038572311e-02 1.078819017857313156e-02 1.278693675994873047e-01 1.842017844319343567e-02 2.031025104224681854e-02 4.806988872587680817e-03 5.504444986581802368e-02 9.514182806015014648e-03 8.722674101591110229e-03 4.305155947804450989e-02 5.114103853702545166e-02 2.893740311264991760e-02 3.880722820758819580e-02 1.882234029471874237e-02 4.098962619900703430e-02 2.019661292433738708e-02 1.763709075748920441e-02 4.796816408634185791e-02 3.312288550660014153e-03 5.397798493504524231e-02 5.427722632884979248e-02 1.353816501796245575e-02 2.074631676077842712e-02 6.935551296919584274e-03 2.145075425505638123e-02 1.491240411996841431e-02 3.962627612054347992e-03 8.945635519921779633e-03 1.659045368432998657e-02 4.847640171647071838e-03 4.027394205331802368e-02 9.810219518840312958e-03 3.548267483711242676e-02 3.352247551083564758e-02 2.961359918117523193e-02 1.351573690772056580e-02 2.050386928021907806e-02 2.308482117950916290e-02 3.565268218517303467e-02 1.932218857109546661e-02 2.305714227259159088e-02 3.608282655477523804e-02 4.527869820594787598e-02 2.396459691226482391e-02 6.785984616726636887e-03 2.355281263589859009e-02 7.085088640451431274e-02 3.678983822464942932e-02 5.932072922587394714e-02 3.649451956152915955e-02 4.385176673531532288e-02 6.142090633511543274e-02 3.069330379366874695e-02 1.263907295651733875e-03 1.421703677624464035e-02 2.632981725037097931e-02 2.163112908601760864e-02 9.892977774143218994e-03 3.695515543222427368e-02 4.423215985298156738e-02 5.020066723227500916e-02 4.074667766690254211e-02 6.221597548574209213e-03 3.846241533756256104e-02 2.293468266725540161e-02 4.716748371720314026e-03 3.225035965442657471e-02 3.252341970801353455e-02 4.807734489440917969e-02 4.321428015828132629e-02 8.021241985261440277e-03
7.034508138895034790e-02 2.292122505605220795e-02 7.772868964821100235e-03 3.461098298430442810e-02 8.758963644504547119e-02 2.656372077763080597e-02 5.129037797451019287e-02 5.631369724869728088e-02 4.894390702247619629e-02 1.421814784407615662e-02 7.557329721748828888e-03 3.820270672440528870e-02 9.489852003753185272e-03 2.422793507575988770e-01 5.239044502377510071e-02 5.024437978863716125e-02 4.023668542504310608e-02 5.334885418415069580e-02 4.885375127196311951e-02 3.584509715437889099e-02 5.962568800896406174e-03 2.282558195292949677e-02 8.346116542816162109e-02 4.447901993989944458e-02 3.274602070450782776e-02 4.993542283773422241e-02 3.082134574651718140e-02 1.372771412134170532e-01 1.365334726870059967e-03 1.247638836503028870e-01 8.365314453840255737e-02 1.852171309292316437e-02 4.329814761877059937e-02 1.556813716888427734e-02 2.065906673669815063e-02 1.180644053965806961e-02 3.834415227174758911e-02 3.295968845486640930e-02 7.913842797279357910e-02 7.383714616298675537e-02 6.153372302651405334e-02 6.801742315292358398e-02 4.661704599857330322e-02 1.848903857171535492e-02 1.380630284547805786e-01 2.142880856990814209e-02 4.841966181993484497e-02 6.635271757841110229e-02 1.489145588129758835e-02 2.623225562274456024e-02 4.137958213686943054e-02 2.291495539247989655e-02 1.419251970946788788e-02 5.182800441980361938e-02 3.110356256365776062e-02 7.453338056802749634e-02 7.345239073038101196e-02 1.015579104423522949e-01 6.366638001054525375e-03 3.586683655157685280e-03 4.366715997457504272e-02 1.964489743113517761e-02 7.905926555395126343e-03 3.422118024900555611e-03 2.876437269151210785e-03 4.177368432283401489e-02 7.983106188476085663e-03 3.109655529260635376e-02 9.339773096144199371e-03 3.268572315573692322e-02 2.665068255737423897e-03 2.813715487718582153e-02 5.067631974816322327e-02 5.132953077554702759e-02 1.133061666041612625e-02 3.130656108260154724e-02 1.331579685211181641e-01 3.264011070132255554e-02 1.011499837040901184e-01 6.289725750684738159e-02 5.980955064296722412e-02 1.650071330368518829e-02 8.136655203998088837e-03 2.631661482155323029e-02 1.138212066143751144e-02 2.124871686100959778e-02 3.143831714987754822e-02 3.538709878921508789e-02 3.838815912604331970e-02 7.505546510219573975e-02 1.608150824904441833e-02 2.844676608219742775e-03 8.063843846321105957e-02 3.301438689231872559e-02 4.078840836882591248e-02 7.349838316440582275e-02 1.157198101282119751e-01 8.332118391990661621e-03 1.101786736398935318e-02 7.585030049085617065e-02 4.430928826332092285e-02 3.547024726867675781e-02 1.188492625951766968e-01 5.400772392749786377e-02 4.718708619475364685e-02 3.624057397246360779e-02 1.208030618727207184e-03 6.110646203160285950e-02 6.611316651105880737e-02 1.874523796141147614e-02 4.051962867379188538e-02 8.496244251728057861e-02 9.928548708558082581e-03 1.545011810958385468e-02 4.103198647499084473e-02 8.232709765434265137e-02
1.213333979249000549e-01 1.192006096243858337e-01 1.675173453986644745e-02 1.078446861356496811e-02 3.705249726772308350e-02 7.784435153007507324e-02 5.894534755498170853e-03 6.618999689817428589e-02 3.798697516322135925e-02 1.152165699750185013e-02 1.062988266348838806e-01 9.489852003753185272e-03 1.074008550494909286e-02 2.184414677321910858e-02 8.809129893779754639e-02 3.842306882143020630e-02 3.379398956894874573e-02 3.756759688258171082e-02 6.202535331249237061e-02 5.037523061037063599e-02 1.373448874801397324e-02 1.043091900646686554e-02 6.683091633021831512e-03 2.793804183602333069e-02 3.259921073913574219e-02 4.285307973623275757e-02 5.009367316961288452e-02 6.952840089797973633e-02 4.014459252357482910e-02 6.422122567892074585e-02 1.548224389553070068e-01 8.199086412787437439e-03 2.623817138373851776e-02 1.340567041188478470e-02 1.376392599195241928e-02 2.341334708034992218e-02 1.038907188922166824e-02 7.126988377422094345e-03 2.460314519703388214e-02 3.060266561806201935e-02 9.858159348368644714e-03 1.556986197829246521e-02 4.758846946060657501e-03 3.670120984315872192e-02 4.580442234873771667e-02 4.505585134029388428e-02 1.323600709438323975e-01 4.233218729496002197e-02 3.114362061023712158e-02 1.019669976085424423e-02 2.457347139716148376e-02 4.239032790064811707e-02 2.156319329515099525e-03 9.989151731133460999e-03 2.621577121317386627e-02 3.577731549739837646e-02 2.179252915084362030e-02 5.638230941258370876e-04 1.523599401116371155e-02 2.086968347430229187e-02 4.444947466254234314e-02 4.490365274250507355e-03 4.439602419734001160e-02 3.518025577068328857e-02 8.337688632309436798e-03 1.320871412754058838e-01 3.479116596281528473e-03 9.218861348927021027e-03 4.707109928131103516e-02 1.937252655625343323e-02 3.204001858830451965e-02 5.574355367571115494e-03 6.016296800225973129e-03 4.183799400925636292e-02 3.920454159379005432e-02 3.709929808974266052e-02 1.117732375860214233e-02 5.108498781919479370e-02 1.007430534809827805e-02 7.731664180755615234e-02 1.384238421451300383e-04 4.070342704653739929e-02 2.234156616032123566e-02 1.729267649352550507e-02 5.941495671868324280e-02 2.538049593567848206e-02 3.665819019079208374e-02 5.791233386844396591e-03 4.064633697271347046e-02 4.279948398470878601e-02 6.914800405502319336e-02 2.436980791389942169e-02 2.046162262558937073e-02 4.576082527637481689e-02 1.095097698271274567e-02 4.432912915945053101e-02 3.677662089467048645e-02 3.140230104327201843e-02 4.432237148284912109e-02 3.222360834479331970e-02 1.669300533831119537e-02 1.713911071419715881e-02 1.395406946539878845e-02 2.623185329139232635e-02 3.194697573781013489e-02 1.125006657093763351e-02 1.809135638177394867e-02 3.066053800284862518e-02 6.292945239692926407e-03 1.265996787697076797e-02 8.894856087863445282e-03 8.351983875036239624e-02 1.445824280381202698e-02 4.916603118181228638e-02 7.154709659516811371e-03 1.447968743741512299e-02
