1.392184495925903320e-01 1.319532096385955811e-01 2.741425856947898865e-02 2.248935028910636902e-02 9.521906264126300812e-03 1.278004795312881470e-01 4.531510919332504272e-02 3.448425792157649994e-03 4.423717502504587173e-03 2.469787187874317169e-02 1.048035025596618652e-01 5.153895821422338486e-03 1.074537858366966248e-01 2.118649706244468689e-02 2.188860438764095306e-02 1.073285471647977829e-02 4.008524119853973389e-02 1.121929846704006195e-02 1.369289122521877289e-02 7.210209034383296967e-03 4.200057312846183777e-02 6.548095494508743286e-02 5.002088379114866257e-03 3.029492683708667755e-02 1.435048133134841919e-02 1.872443594038486481e-02 4.715446010231971741e-02 2.973473817110061646e-02 6.351263076066970825e-02 3.617701306939125061e-02 6.229268386960029602e-02 6.414008326828479767e-03 1.346330996602773666e-02 9.094528853893280029e-03 2.242112345993518829e-02 6.200436968356370926e-03 2.583358064293861389e-02 6.193253025412559509e-02 1.339113712310791016e-02 3.118450380861759186e-02 4.789782688021659851e-03 3.942750860005617142e-03 1.506105903536081314e-02 2.220313530415296555e-03 6.904473155736923218e-02 2.955025434494018555e-02 8.970749378204345703e-02 2.702773176133632660e-02 1.605205051600933075e-02 1.013215165585279465e-02 2.771301195025444031e-02 4.093815106898546219e-03 1.746582984924316406e-02 9.860993362963199615e-03 3.900124691426753998e-03 1.921663247048854828e-02 2.756978385150432587e-03 1.163805183023214340e-02 2.314533106982707977e-02 2.536510489881038666e-02 9.846335276961326599e-03 1.286875549703836441e-02 1.311276759952306747e-02 2.149060368537902832e-03 2.556482097133994102e-03 2.461489476263523102e-02 4.380272235721349716e-03 1.447659637778997421e-02 6.056289002299308777e-02 4.094840027391910553e-03 3.869840875267982483e-02 8.329344913363456726e-03 8.217535167932510376e-02 3.801411390304565430e-02 1.234793569892644882e-02 4.470044281333684921e-03 2.698816359043121338e-02 3.041332121938467026e-03 8.620244264602661133e-02 8.709052950143814087e-02 1.983336172997951508e-02 3.494014963507652283e-02 4.690797254443168640e-02 3.027845546603202820e-02 3.237539157271385193e-02 1.313097123056650162e-02 1.032731961458921432e-02 4.093671962618827820e-02 5.552603397518396378e-03 2.375515736639499664e-02 3.871956467628479004e-02 2.585149742662906647e-02 2.669987268745899200e-02 6.013153865933418274e-02 2.142428420484066010e-02 3.794892458245158195e-03 1.717385253868997097e-03 2.382240258157253265e-02 1.036178786307573318e-02 7.256014738231897354e-03 4.357506055384874344e-03 1.229472365230321884e-02 2.477642893791198730e-02 4.384772852063179016e-02 3.743289038538932800e-02 4.311798140406608582e-02 8.240866474807262421e-03 1.493008341640233994e-02 2.313910052180290222e-02 1.317908242344856262e-02 2.685317303985357285e-03 8.449084125459194183e-03 2.191677875816822052e-02 5.530241876840591431e-03 3.418028727173805237e-02 4.514095932245254517e-02
1.319532096385955811e-01 1.377855539321899414e-01 3.179046884179115295e-02 4.622841253876686096e-02 2.085721120238304138e-02 1.492717862129211426e-01 6.278253346681594849e-02 1.487037516199052334e-03 2.665700390934944153e-03 2.510870620608329773e-02 8.549167960882186890e-02 5.155671853572130203e-03 1.063844636082649231e-01 4.473569244146347046e-02 6.287714932113885880e-03 5.403943825513124466e-03 7.604448124766349792e-03 2.993544330820441246e-03 9.642656892538070679e-03 1.164771057665348053e-02 2.808962389826774597e-02 4.052881523966789246e-02 2.504331432282924652e-02 3.583877906203269958e-02 1.423899177461862564e-02 1.746055856347084045e-02 2.497897110879421234e-02 1.068078633397817612e-02 2.942624129354953766e-02 1.316133979707956314e-02 3.972850739955902100e-02 4.304999485611915588e-03 4.745515529066324234e-03 9.041493758559226990e-03 1.687168888747692108e-02 3.581656515598297119e-02 3.549960255622863770e-02 6.074614077806472778e-02 1.284724287688732147e-02 5.129731819033622742e-02 1.798626594245433807e-02 8.961353451013565063e-03 2.669156901538372040e-02 2.836161106824874878e-02 3.549950942397117615e-02 3.597854450345039368e-02 1.086236163973808289e-01 3.688694909214973450e-02 1.619012653827667236e-02 1.797938346862792969e-02 2.176259830594062805e-02 2.209210209548473358e-02 1.770778931677341461e-02 1.153743546456098557e-02 3.121702745556831360e-02 9.481051005423069000e-03 3.622109815478324890e-02 1.647107116878032684e-02 1.810016296803951263e-02 1.572855631820857525e-03 1.941356994211673737e-02 8.616300299763679504e-03 1.788276247680187225e-02 2.693680673837661743e-02 7.538013625890016556e-03 2.675440907478332520e-02 1.623875834047794342e-02 2.716238610446453094e-02 5.859746411442756653e-02 2.986459247767925262e-02 4.731816798448562622e-02 1.954978145658969879e-02 9.979305416345596313e-02 2.245870046317577362e-02 1.908933743834495544e-02 2.604163065552711487e-02 2.004843391478061676e-02 2.753974683582782745e-02 3.386231511831283569e-02 7.052651792764663696e-02 2.919643931090831757e-02 2.778286114335060120e-02 6.552136689424514771e-02 1.589016430079936981e-02 2.109551429748535156e-02 3.703351318836212158e-02 4.952018149197101593e-03 4.148176312446594238e-02 2.465611137449741364e-02 2.723684348165988922e-02 5.119404569268226624e-02 4.201068356633186340e-02 3.320774063467979431e-02 3.740456700325012207e-02 3.083508834242820740e-02 2.493945183232426643e-03 1.613230630755424500e-02 7.857777178287506104e-03 5.612739361822605133e-03 2.543037058785557747e-03 3.060397692024707794e-03 1.601770333945751190e-02 4.250710457563400269e-02 6.091870367527008057e-02 1.418836880475282669e-02 2.207615040242671967e-02 4.363762214779853821e-03 3.618245245888829231e-03 1.953073660843074322e-03 3.468729928135871887e-02 2.791750477626919746e-03 1.778120361268520355e-02 1.074696797877550125e-02 1.876083551906049252e-03 2.039359323680400848e-02 2.014303207397460938e-02
2.741425856947898865e-02 3.179046884179115295e-02 2.774021122604608536e-03 5.998660344630479813e-03 1.143660489469766617e-02 2.345933020114898682e-02 8.722792565822601318e-02 2.831639349460601807e-01 5.490982905030250549e-02 4.054435063153505325e-03 6.373441964387893677e-02 6.258801370859146118e-02 2.330001816153526306e-02 3.883238136768341064e-02 4.727488011121749878e-02 2.603087015450000763e-02 3.554519265890121460e-02 3.762908279895782471e-02 1.082496717572212219e-01 5.164761561900377274e-03 6.680271774530410767e-02 1.099702436476945877e-02 1.733739674091339111e-02 2.638651803135871887e-02 4.699866287410259247e-03 2.526113390922546387e-02 1.541177369654178619e-02 7.893525063991546631e-02 5.203196778893470764e-02 3.838054090738296509e-02 2.568779280409216881e-03 4.795369878411293030e-02 5.172407999634742737e-02 6.158455274999141693e-03 3.700281679630279541e-02 1.028130669146776199e-02 5.743345990777015686e-02 1.812926493585109711e-02 8.070065081119537354e-02 3.928956016898155212e-02 3.935631364583969116e-02 9.624023921787738800e-03 2.206613123416900635e-02 3.024560632184147835e-03 3.440131247043609619e-02 2.686434425413608551e-02 6.848270539194345474e-03 3.401505947113037109e-02 3.098564967513084412e-02 2.805564925074577332e-02 1.248416304588317871e-02 1.170419901609420776e-02 4.634836316108703613e-02 3.994954377412796021e-02 1.033086609095335007e-02 1.863960921764373779e-02 1.183803426101803780e-03 1.595361717045307159e-02 1.139345951378345490e-02 1.750335283577442169e-02 1.167259830981492996e-02 1.558241713792085648e-02 9.346668422222137451e-02 5.096829496324062347e-03 4.086073860526084900e-02 3.979441523551940918e-02 2.762282267212867737e-02 5.674996227025985718e-02 9.312298148870468140e-03 3.127967566251754761e-02 2.430512011051177979e-02 2.379947900772094727e-02 6.157505791634321213e-03 1.504467427730560303e-02 1.645724847912788391e-02 1.941861771047115326e-02 3.481688210740685463e-03 2.952661737799644470e-02 3.552419831976294518e-03 6.311572622507810593e-03 1.640862673521041870e-01 1.150370016694068909e-01 7.752782199531793594e-03 3.537737764418125153e-03 3.291121497750282288e-02 1.035432051867246628e-02 7.819680124521255493e-02 8.139955252408981323e-02 3.920957073569297791e-02 2.056043967604637146e-02 2.752789668738842010e-02 5.048229359090328217e-03 4.931409284472465515e-02 6.653384864330291748e-02 4.492936283349990845e-02 7.647994160652160645e-02 1.575719937682151794e-02 5.811478570103645325e-02 2.232150919735431671e-02 5.615306552499532700e-03 4.684843868017196655e-02 8.145084604620933533e-03 9.208108484745025635e-02 1.872777938842773438e-02 4.330327734351158142e-02 3.446163609623908997e-02 5.129875987768173218e-02 5.271653458476066589e-02 2.781132049858570099e-02 9.764034301042556763e-03 1.757105812430381775e-02 4.613738879561424255e-02 2.841702429577708244e-03 2.649760991334915161e-02 6.068878248333930969e-02 3.142007067799568176e-02
2.248935028910636902e-02 4.622841253876686096e-02 5.998660344630479813e-03 1.232886500656604767e-02 9.330078214406967163e-02 4.102556779980659485e-02 1.153124496340751648e-01 7.571267336606979370e-02 1.594606228172779083e-02 2.363345026969909668e-02 5.003212392330169678e-02 3.227855265140533447e-02 3.669625520706176758e-02 6.661218404769897461e-02 4.379868134856224060e-02 5.209729075431823730e-02 4.400121048092842102e-02 8.898048847913742065e-02 4.976771771907806396e-02 5.285439640283584595e-02 2.616442181169986725e-02 2.402638643980026245e-02 2.308796346187591553e-02 2.668375149369239807e-02 8.269766345620155334e-03 3.054093755781650543e-02 6.167440861463546753e-02 9.939250303432345390e-04 2.594705205410718918e-03 3.048939816653728485e-02 2.974618226289749146e-02 4.252386838197708130e-02 4.989216476678848267e-02 3.501888364553451538e-02 1.603332161903381348e-02 2.788380719721317291e-02 3.078026324510574341e-02 7.327439263463020325e-03 7.459680084139108658e-03 2.873923070728778839e-02 3.882195055484771729e-02 2.202526107430458069e-02 1.703678257763385773e-02 3.102348186075687408e-02 2.156843431293964386e-02 3.500099759548902512e-03 1.670859940350055695e-02 3.532284498214721680e-02 2.277847006916999817e-02 5.440308526158332825e-02 3.834917023777961731e-02 1.366195548325777054e-02 5.592107027769088745e-02 1.334578031674027443e-03 3.701717033982276917e-02 3.798559680581092834e-02 2.416442520916461945e-02 4.410630092024803162e-02 2.738904953002929688e-02 3.381624817848205566e-02 5.604102090001106262e-02 2.713992819190025330e-02 1.460668537765741348e-02 1.919712126255035400e-01 4.854777082800865173e-02 2.513226354494690895e-03 5.008171871304512024e-02 4.030246287584304810e-02 1.089614350348711014e-02 1.141706481575965881e-02 4.426575079560279846e-02 3.926175832748413086e-02 2.302677482366561890e-01 4.927034676074981689e-02 8.382233977317810059e-02 3.355138469487428665e-03 2.006811648607254028e-02 2.206397429108619690e-02 2.637983113527297974e-02 4.626758024096488953e-02 3.853384405374526978e-02 1.014541164040565491e-01 1.458122488111257553e-02 7.554882764816284180e-02 2.187266200780868530e-02 1.659675315022468567e-02 1.398936100304126740e-02 6.811237428337335587e-03 4.362530633807182312e-02 1.658335095271468163e-03 6.529488135129213333e-03 5.687095969915390015e-02 8.346299827098846436e-02 5.194501206278800964e-02 3.916527703404426575e-02 5.204586312174797058e-02 2.004398778080940247e-02 9.180136024951934814e-03 3.742236644029617310e-02 2.854235656559467316e-02 5.100689455866813660e-02 2.377824857831001282e-02 7.002603262662887573e-02 3.998700901865959167e-02 3.620921820402145386e-02 2.733210846781730652e-02 1.243405491113662720e-01 1.153124421834945679e-01 4.274084419012069702e-02 2.156243892386555672e-03 6.842602044343948364e-02 1.042489111423492432e-01 1.490504015237092972e-02 3.469357267022132874e-02 1.963872760534286499e-01 9.441285580396652222e-02
9.521906264126300812e-03 2.085721120238304138e-02 1.143660489469766617e-02 9.330078214406967163e-02 2.276786416769027710e-02 1.440219231881201267e-03 4.776788130402565002e-02 2.972985930682625622e-05 1.274377573281526566e-02 9.941935539245605469e-02 3.757013380527496338e-02 3.360140696167945862e-02 2.001840807497501373e-02 2.658933773636817932e-02 2.413245849311351776e-02 6.463782861828804016e-03 1.288611739873886108e-01 2.021524496376514435e-02 5.958015564829111099e-03 2.503157965838909149e-02 2.375034242868423462e-02 4.848279524594545364e-03 8.521235431544482708e-04 1.311634387820959091e-02 6.130833551287651062e-02 3.618146479129791260e-02 2.577003324404358864e-03 6.580743193626403809e-02 4.710162431001663208e-02 1.163184735924005508e-02 7.140240073204040527e-02 3.934859484434127808e-02 1.595579460263252258e-02 5.669789016246795654e-02 5.447938293218612671e-02 3.964385017752647400e-02 5.064360797405242920e-02 2.015278302133083344e-02 7.282965630292892456e-02 7.689048349857330322e-02 5.753796547651290894e-03 6.495565921068191528e-02 6.180226802825927734e-02 1.248643547296524048e-02 1.596334762871265411e-02 4.665254056453704834e-02 1.186006329953670502e-02 4.529705643653869629e-02 2.487117238342761993e-02 4.763378202915191650e-02 4.078476876020431519e-02 2.122975699603557587e-02 7.308209687471389771e-02 1.052255649119615555e-02 4.235563799738883972e-02 6.375893135555088520e-04 2.249309793114662170e-02 2.694230154156684875e-02 5.266945809125900269e-02 6.193599477410316467e-02 4.350077733397483826e-02 3.828215971589088440e-02 2.957049384713172913e-02 2.858300693333148956e-02 1.392977312207221985e-02 1.952325255842879415e-04 2.247101441025733948e-02 1.884955796413123608e-03 2.005397155880928040e-02 3.573104739189147949e-02 4.680722206830978394e-02 4.828938096761703491e-02 2.376049384474754333e-02 3.037907928228378296e-02 1.052596643567085266e-01 3.219846263527870178e-02 2.077304525300860405e-03 7.326538860797882080e-02 1.017492935061454773e-01 5.329155176877975464e-02 8.477333188056945801e-02 5.174736306071281433e-02 1.265682131052017212e-01 2.254795879125595093e-01 6.486909836530685425e-02 1.852418854832649231e-02 4.280212335288524628e-03 3.819342330098152161e-02 1.069360226392745972e-02 1.840657927095890045e-02 2.105231955647468567e-02 3.428797051310539246e-02 1.215465739369392395e-01 3.374263644218444824e-02 1.025349795818328857e-01 2.587093040347099304e-02 3.458350896835327148e-02 5.589867383241653442e-02 8.195092529058456421e-02 6.216613203287124634e-02 1.764993928372859955e-02 3.309003263711929321e-02 2.833342552185058594e-02 6.431587040424346924e-03 1.012227265164256096e-03 8.856946229934692383e-02 4.858161509037017822e-02 4.669814184308052063e-02 9.115855395793914795e-02 1.873726956546306610e-02 2.495687268674373627e-02 7.938188314437866211e-02 2.051113359630107880e-02 6.781988777220249176e-03 1.571254879236221313e-01 9.445329755544662476e-02
1.278004795312881470e-01 1.492717862129211426e-01 2.345933020114898682e-02 4.102556779980659485e-02 1.440219231881201267e-03 1.253713816404342651e-01 1.398542821407318115e-01 5.672215297818183899e-02 3.212457150220870972e-02 1.699072681367397308e-02 6.635285168886184692e-02 2.415901608765125275e-02 9.681460261344909668e-02 2.297031506896018982e-02 8.296289294958114624e-02 2.220129594206809998e-02 3.767797723412513733e-02 8.862060494720935822e-03 1.015983708202838898e-02 2.399344556033611298e-02 9.457208216190338135e-03 6.016655266284942627e-02 2.115059457719326019e-02 3.577035292983055115e-02 7.043763063848018646e-03 3.146854043006896973e-02 3.891170397400856018e-02 1.383804436773061752e-02 5.900446791201829910e-03 7.371989544481039047e-03 5.542305484414100647e-02 1.056125666946172714e-02 8.314808830618858337e-03 1.801753602921962738e-02 5.807616282254457474e-03 1.220236066728830338e-02 1.337109040468931198e-02 1.996527425944805145e-02 8.624024689197540283e-03 3.468225523829460144e-02 1.774765737354755402e-02 1.217903569340705872e-02 4.345345310866832733e-03 7.999648340046405792e-03 2.737441973295062780e-04 5.680416245013475418e-03 1.784887164831161499e-01 4.170003347098827362e-03 1.823442801833152771e-02 2.690805308520793915e-02 2.409961633384227753e-02 4.319544881582260132e-02 8.111134171485900879e-03 1.049392670392990112e-02 9.059681557118892670e-03 2.015894465148448944e-02 2.158621139824390411e-02 8.061990141868591309e-03 1.068467646837234497e-02 2.417674288153648376e-02 2.374676987528800964e-04 2.778494358062744141e-02 1.100855041295289993e-02 2.882200665771961212e-02 1.018846686929464340e-02 1.085476600565016270e-03 2.076902426779270172e-02 1.088856905698776245e-02 5.079066380858421326e-02 1.977578923106193542e-02 5.079569667577743530e-02 2.669071964919567108e-02 6.500467658042907715e-02 1.018201280385255814e-02 3.864967450499534607e-02 4.020878300070762634e-02 1.769783906638622284e-02 3.454244881868362427e-02 2.651336230337619781e-02 7.021499425172805786e-02 2.252957597374916077e-02 1.261641178280115128e-02 3.009494766592979431e-02 2.408830076456069946e-02 3.517986461520195007e-02 2.207075245678424835e-02 4.152638092637062073e-02 3.649639338254928589e-02 2.669301070272922516e-02 7.228314131498336792e-02 6.793190538883209229e-02 3.845987096428871155e-02 9.513512253761291504e-02 7.439990993589162827e-03 2.691551926545798779e-04 6.069193035364151001e-02 4.799863323569297791e-03 2.151692844927310944e-02 5.852051544934511185e-03 3.540451824665069580e-02 1.712526194751262665e-02 6.266196724027395248e-03 1.704573258757591248e-02 1.742400787770748138e-02 8.469517342746257782e-03 4.555365070700645447e-02 1.022946322336792946e-03 2.120372653007507324e-02 7.336065173149108887e-03 1.510088425129652023e-02 2.623155899345874786e-02 6.981583312153816223e-03 1.648753508925437927e-02 3.781207650899887085e-02 6.011021509766578674e-02 2.262690686620771885e-04
4.531510919332504272e-02 6.278253346681594849e-02 8.722792565822601318e-02 1.153124496340751648e-01 4.776788130402565002e-02 1.398542821407318115e-01 8.132595568895339966e-02 5.614134669303894043e-02 4.027189686894416809e-02 2.808457799255847931e-02 6.011192128062248230e-02 4.598604515194892883e-02 5.859053134918212891e-02 1.085409969091415405e-01 1.491706725209951401e-02 1.691072992980480194e-02 5.905894562602043152e-02 4.858337342739105225e-02 3.873041644692420959e-02 8.264708332717418671e-03 4.543353617191314697e-02 1.417183317244052887e-02 1.512204110622406006e-02 4.680803418159484863e-02 3.156148269772529602e-02 1.056128088384866714e-02 9.783247858285903931e-02 3.072062693536281586e-02 2.465726621448993683e-02 5.461607500910758972e-02 7.123192399740219116e-02 2.582592144608497620e-02 1.781830936670303345e-02 1.861830614507198334e-02 2.827351912856101990e-02 2.728008851408958435e-02 2.418028004467487335e-02 5.452135577797889709e-02 8.008371223695576191e-04 4.397891834378242493e-02 2.211293764412403107e-02 3.550789318978786469e-03 2.827427722513675690e-02 6.410996429622173309e-03 1.137346029281616211e-01 2.289687655866146088e-02 8.438356965780258179e-02 1.239119321107864380e-01 2.986267022788524628e-02 2.473028935492038727e-02 4.561526700854301453e-02 2.965932525694370270e-02 1.355195883661508560e-02 4.533177707344293594e-03 6.793412566184997559e-02 3.805132955312728882e-02 6.987238675355911255e-02 1.283843722194433212e-02 3.874003142118453979e-02 7.406241446733474731e-02 3.331765532493591309e-02 9.922874160110950470e-03 3.051690384745597839e-02 1.990034617483615875e-02 4.955552518367767334e-02 4.903126135468482971e-02 3.826301917433738708e-02 3.337487950921058655e-02 6.035503745079040527e-02 2.741123363375663757e-02 1.488018642703536898e-05 1.057792641222476959e-02 6.079320330172777176e-03 4.796949028968811035e-02 2.002473361790180206e-02 3.283408656716346741e-02 8.571942336857318878e-03 3.040804155170917511e-02 1.082041952759027481e-02 3.475496917963027954e-02 1.035330966114997864e-01 6.553488969802856445e-02 1.604304835200309753e-02 5.231592804193496704e-02 9.319232404232025146e-02 3.936168178915977478e-02 1.532968413084745407e-02 4.217526689171791077e-02 4.243353754281997681e-02 1.662740483880043030e-03 1.140199005603790283e-01 4.900431632995605469e-02 1.207722350955009460e-01 8.491905778646469116e-02 3.430561348795890808e-02 3.652978315949440002e-02 4.161555692553520203e-02 2.650291100144386292e-02 2.122728340327739716e-02 2.683627232909202576e-02 2.208036370575428009e-02 3.196511883288621902e-03 5.582335963845252991e-02 4.204761609435081482e-02 1.346844946965575218e-03 5.622505676001310349e-03 2.514761406928300858e-03 1.813737303018569946e-02 2.508019469678401947e-02 3.731455653905868530e-02 3.737892583012580872e-02 1.115822046995162964e-02 1.035965606570243835e-02 1.087910123169422150e-02 8.638915605843067169e-03 3.294361382722854614e-02
3.448425792157649994e-03 1.487037516199052334e-03 2.831639349460601807e-01 7.571267336606979370e-02 2.972985930682625622e-05 5.672215297818183899e-02 5.614134669303894043e-02 2.928118221461772919e-02 2.152012102305889130e-02 3.618166968226432800e-02 3.348501026630401611e-02 4.360029473900794983e-02 3.149875625967979431e-02 4.709104448556900024e-02 1.437711566686630249e-01 1.468360051512718201e-02 9.055554866790771484e-03 4.099260643124580383e-02 2.401805482804775238e-03 2.763150073587894440e-02 1.913239248096942902e-02 4.869256168603897095e-02 3.017456270754337311e-02 3.390177711844444275e-02 2.858720906078815460e-02 1.729753427207469940e-02 7.324605435132980347e-02 5.775160714983940125e-02 4.892902448773384094e-03 2.022212184965610504e-02 4.995441064238548279e-02 2.521098358556628227e-03 6.943695992231369019e-02 6.483718752861022949e-03 1.005403045564889908e-02 7.073456048965454102e-02 1.037481129169464111e-01 1.291551720350980759e-02 3.030109405517578125e-02 2.037524804472923279e-02 6.532055791467428207e-03 5.385255813598632812e-02 6.764242425560951233e-04 6.060094386339187622e-02 3.468288481235504150e-02 5.137595348060131073e-03 4.022349044680595398e-02 5.030008498579263687e-03 1.298034656792879105e-02 9.569617919623851776e-03 2.162471413612365723e-02 9.608414024114608765e-03 1.308208517730236053e-02 7.021337747573852539e-02 1.469176635146141052e-02 2.988464012742042542e-02 5.969326570630073547e-02 1.528696250170469284e-02 1.491126883774995804e-02 3.683004062622785568e-03 1.063447352498769760e-02 2.435243874788284302e-02 2.757156454026699066e-02 1.603534817695617676e-02 4.521753638982772827e-02 6.245620083063840866e-03 1.072399201802909374e-03 2.047727030003443360e-04 2.326598204672336578e-02 2.453751675784587860e-02 2.286429516971111298e-02 2.180900052189826965e-02 5.543112289160490036e-03 5.256862565875053406e-02 5.556866526603698730e-04 1.662062853574752808e-02 1.298455800861120224e-02 5.432055331766605377e-03 1.600250718183815479e-03 4.080926626920700073e-02 1.182612478733062744e-01 9.525270760059356689e-02 3.919284790754318237e-02 2.754250168800354004e-02 2.023487119004130363e-03 8.138817735016345978e-03 1.086436957120895386e-01 6.053289398550987244e-02 2.742249332368373871e-02 3.121830523014068604e-02 1.315079256892204285e-02 4.064454138278961182e-02 5.649027600884437561e-02 4.832399263978004456e-02 1.003926098346710205e-01 5.642589181661605835e-02 2.757781930267810822e-02 4.323045536875724792e-02 1.839451724663376808e-03 6.604788359254598618e-03 6.137336045503616333e-02 1.077502779662609100e-02 9.828750789165496826e-02 5.976740270853042603e-02 9.888599626719951630e-03 3.917440772056579590e-03 1.879953965544700623e-02 4.827112704515457153e-02 3.258565813302993774e-02 1.492112758569419384e-03 3.885009512305259705e-02 5.001330375671386719e-02 2.905436046421527863e-02 3.460337966680526733e-02 1.358010619878768921e-02 2.317371405661106110e-02
4.423717502504587173e-03 2.665700390934944153e-03 5.490982905030250549e-02 1.594606228172779083e-02 1.274377573281526566e-02 3.212457150220870972e-02 4.027189686894416809e-02 2.152012102305889130e-02 8.967417478561401367e-02 2.174211433157324791e-03 1.313368696719408035e-02 6.849370896816253662e-02 2.715974673628807068e-02 5.435079708695411682e-02 1.908356696367263794e-02 6.455090641975402832e-02 3.533569350838661194e-02 1.129860728979110718e-01 5.556138977408409119e-02 4.339606314897537231e-02 5.133272148668766022e-03 4.374442249536514282e-02 8.226585388183593750e-02 8.164760470390319824e-02 4.522155225276947021e-02 3.631365019828081131e-03 3.608330339193344116e-02 4.824072238989174366e-04 3.521072864532470703e-02 1.188181526958942413e-02 2.611530199646949768e-02 5.230003967881202698e-03 5.003379657864570618e-02 2.927020378410816193e-02 8.428177679888904095e-04 1.309236418455839157e-02 5.762242898344993591e-02 8.955944329500198364e-03 3.515968844294548035e-02 3.377434238791465759e-02 5.337785184383392334e-02 8.209736645221710205e-02 5.361867602914571762e-03 3.944576904177665710e-02 5.151215195655822754e-02 2.307745814323425293e-02 3.073217533528804779e-02 3.863222524523735046e-02 3.904101252555847168e-02 1.661469414830207825e-02 3.567681089043617249e-02 2.903806604444980621e-02 5.190575867891311646e-02 5.812390148639678955e-02 6.286045163869857788e-02 1.678446307778358459e-02 1.400435995310544968e-02 3.163059428334236145e-02 2.302274480462074280e-02 3.942278772592544556e-02 1.887878403067588806e-02 1.881296746432781219e-02 2.555163949728012085e-02 1.045744307339191437e-02 2.526043541729450226e-02 2.913887985050678253e-02 2.190005220472812653e-02 3.237816505134105682e-03 6.958949565887451172e-02 1.672988058999180794e-03 1.739042578265070915e-03 5.406016856431961060e-02 1.761251129209995270e-02 1.699315570294857025e-02 2.725093439221382141e-02 3.818699717521667480e-02 1.184602975845336914e-01 6.857809424400329590e-02 2.575537189841270447e-02 8.280431851744651794e-03 6.024317070841789246e-02 2.148972824215888977e-02 6.188907101750373840e-02 4.219100251793861389e-02 2.068793028593063354e-02 7.534501142799854279e-03 9.468231350183486938e-03 1.010698825120925903e-02 7.818511873483657837e-02 2.506082132458686829e-02 7.187127601355314255e-03 1.253584120422601700e-02 1.116857584565877914e-02 2.877178601920604706e-02 4.290537908673286438e-02 1.665745861828327179e-02 1.316390465945005417e-03 4.746681079268455505e-02 1.082595884799957275e-01 1.132293790578842163e-02 2.757821232080459595e-02 1.877417229115962982e-02 2.965340204536914825e-02 1.058061514049768448e-02 2.227713726460933685e-02 1.432704646140336990e-02 3.894089907407760620e-02 3.114900365471839905e-02 2.878063730895519257e-02 3.802833333611488342e-02 2.802172861993312836e-02 7.303650490939617157e-03 4.353257827460765839e-03 1.422711554914712906e-02 1.033809315413236618e-02 1.119664590805768967e-02
2.469787187874317169e-02 2.510870620608329773e-02 4.054435063153505325e-03 2.363345026969909668e-02 9.941935539245605469e-02 1.699072681367397308e-02 2.808457799255847931e-02 3.618166968226432800e-02 2.174211433157324791e-03 7.611752301454544067e-02 3.906067833304405212e-02 1.831576041877269745e-02 1.678881794214248657e-02 3.197508677840232849e-02 2.173839136958122253e-02 8.796855062246322632e-02 1.212202087044715881e-01 3.208636492490768433e-02 2.259807884693145752e-01 7.547241635620594025e-03 1.599256694316864014e-02 1.129201613366603851e-02 3.477038070559501648e-02 9.665405005216598511e-02 1.419537933543324471e-03 2.050963602960109711e-02 7.143928669393062592e-03 2.472294680774211884e-02 1.004445739090442657e-02 8.940710686147212982e-03 5.030576512217521667e-02 2.087893150746822357e-02 1.226231828331947327e-02 4.680619388818740845e-02 2.195530803874135017e-03 2.652859129011631012e-02 3.046028502285480499e-02 4.885242786258459091e-03 4.916183277964591980e-02 5.175400059670209885e-03 2.296110801398754120e-02 5.868423730134963989e-02 7.542045321315526962e-03 2.828932553529739380e-02 3.031959384679794312e-02 1.850148290395736694e-02 2.429766207933425903e-02 8.263561874628067017e-03 4.789919778704643250e-02 6.923231482505798340e-02 4.562599956989288330e-02 5.351858213543891907e-02 8.017881959676742554e-02 6.109660025686025620e-03 1.535353902727365494e-02 1.008834391832351685e-01 1.159431994892656803e-03 1.312716901302337646e-01 1.717954501509666443e-02 4.340557381510734558e-02 3.434585779905319214e-02 2.733147703111171722e-02 5.213291570544242859e-02 6.317881494760513306e-02 5.642803758382797241e-02 7.755314558744430542e-02 1.729410700500011444e-02 2.067714929580688477e-02 1.442958042025566101e-02 3.040748648345470428e-02 1.366001963615417480e-01 3.432495146989822388e-02 2.828705869615077972e-02 6.771370023488998413e-02 8.250757306814193726e-02 7.704168558120727539e-03 7.744316756725311279e-02 2.014204710721969604e-01 7.663492858409881592e-02 8.729837834835052490e-02 1.348201334476470947e-01 3.588766232132911682e-02 2.725878916680812836e-02 1.108143702149391174e-01 1.055993512272834778e-02 3.900935873389244080e-02 4.991509765386581421e-02 1.777968369424343109e-02 5.691650137305259705e-02 1.749001145362854004e-01 4.114425927400588989e-02 4.390253219753503799e-03 5.656199529767036438e-03 2.085461094975471497e-02 4.299248382449150085e-02 2.907613292336463928e-02 2.024632506072521210e-02 7.872714661061763763e-03 5.204579234123229980e-02 7.965724915266036987e-02 3.458198159933090210e-02 1.607846468687057495e-02 4.878628253936767578e-02 1.245161145925521851e-02 8.195327222347259521e-02 2.449052967131137848e-02 2.817474491894245148e-02 4.536867514252662659e-02 7.253794930875301361e-03 4.566188529133796692e-02 3.709471970796585083e-02 5.029433965682983398e-02 3.599881893023848534e-03 4.120136052370071411e-02 4.422489553689956665e-03 3.551869094371795654e-02
1.048035025596618652e-01 8.549167960882186890e-02 6.373441964387893677e-02 5.003212392330169678e-02 3.757013380527496338e-02 6.635285168886184692e-02 6.011192128062248230e-02 3.348501026630401611e-02 1.313368696719408035e-02 3.906067833304405212e-02 1.268275380134582520e-01 2.815696597099304199e-02 9.968164563179016113e-02 1.422319747507572174e-02 1.362788304686546326e-02 8.784355595707893372e-04 5.811200942844152451e-03 2.076743729412555695e-02 3.153094276785850525e-02 1.339524704962968826e-02 2.120768837630748749e-02 7.413703948259353638e-02 2.598900534212589264e-02 2.510648779571056366e-02 1.243094634264707565e-02 1.103369332849979401e-02 5.381785705685615540e-02 7.798112183809280396e-02 2.045605506282299757e-04 5.729537457227706909e-02 1.843642070889472961e-02 4.900789819657802582e-03 1.036769617348909378e-02 1.367788296192884445e-02 1.161611545830965042e-02 2.807275392115116119e-02 1.927529834210872650e-02 2.285377681255340576e-02 3.599624708294868469e-02 1.664996333420276642e-02 2.406086400151252747e-02 1.324706710875034332e-02 2.207529731094837189e-02 9.895565919578075409e-03 1.936470973305404186e-03 2.334263920783996582e-02 7.747974991798400879e-02 6.036336347460746765e-02 2.218304015696048737e-02 2.609532326459884644e-02 1.254634931683540344e-03 3.968199715018272400e-03 1.716152392327785492e-02 2.273928560316562653e-02 3.281632671132683754e-03 1.230976730585098267e-02 5.107577890157699585e-03 6.898425519466400146e-03 1.937201246619224548e-02 3.129608556628227234e-02 1.017257943749427795e-02 1.288046967238187790e-02 1.613480411469936371e-02 6.389685440808534622e-03 4.251874610781669617e-02 3.293042629957199097e-02 5.842630285769701004e-03 4.162782803177833557e-03 2.298073284327983856e-02 1.199297327548265457e-02 2.174639143049716949e-02 4.524933174252510071e-03 5.299655720591545105e-02 1.165859680622816086e-02 4.214191064238548279e-02 3.334736393298953772e-04 2.218639850616455078e-02 7.482054177671670914e-03 5.702246725559234619e-02 5.010691657662391663e-02 2.896163426339626312e-02 2.395644597709178925e-02 2.460793405771255493e-02 5.021297186613082886e-02 9.042635560035705566e-03 1.109495852142572403e-02 1.345816999673843384e-02 2.770718000829219818e-02 4.413398914039134979e-03 8.301259018480777740e-03 4.393801838159561157e-02 3.122942335903644562e-02 3.850024938583374023e-02 3.699168190360069275e-02 1.736089773476123810e-02 1.285335398279130459e-03 3.481489419937133789e-02 2.044942975044250488e-02 2.581181190907955170e-02 1.719321869313716888e-02 5.686346441507339478e-03 3.073723055422306061e-02 2.259190939366817474e-02 1.826509460806846619e-02 3.725249692797660828e-02 2.634830214083194733e-02 3.881345503032207489e-03 1.173013355582952499e-02 8.820850402116775513e-03 5.517185106873512268e-02 4.149023443460464478e-03 1.356264017522335052e-02 1.620322279632091522e-02 5.790623370558023453e-03 2.065362595021724701e-02 1.866594329476356506e-02
5.153895821422338486e-03 5.155671853572130203e-03 6.258801370859146118e-02 3.227855265140533447e-02 3.360140696167945862e-02 2.415901608765125275e-02 4.598604515194892883e-02 4.360029473900794983e-02 6.849370896816253662e-02 1.831576041877269745e-02 2.815696597099304199e-02 2.558704232797026634e-03 2.799053210765123367e-03 2.409429997205734253e-01 3.935521468520164490e-02 1.600114628672599792e-02 3.717267513275146484e-02 6.073137279599905014e-03 1.324423849582672119e-01 7.947235368192195892e-03 2.698084898293018341e-02 1.407410111278295517e-02 3.373256698250770569e-02 3.569149225950241089e-02 5.455812066793441772e-02 2.266095951199531555e-02 5.478061735630035400e-02 5.219905287958681583e-04 8.101730048656463623e-02 4.305076971650123596e-02 1.222463473677635193e-01 1.740461029112339020e-02 1.274703294038772583e-01 6.969614326953887939e-02 1.662355102598667145e-02 4.490779712796211243e-02 4.779084026813507080e-02 7.612141780555248260e-03 4.927427321672439575e-02 6.180492416024208069e-02 2.750452607870101929e-03 2.385566756129264832e-02 2.736949594691395760e-03 4.109103605151176453e-02 1.053671389818191528e-01 1.656180620193481445e-02 1.996067538857460022e-02 1.642014482058584690e-03 6.400797516107559204e-02 6.992390006780624390e-02 2.376212552189826965e-02 5.380826815962791443e-02 2.161834575235843658e-02 1.165729016065597534e-02 3.176665306091308594e-02 9.870382398366928101e-02 5.146474391222000122e-02 4.138188436627388000e-03 5.015147849917411804e-02 3.259144024923443794e-03 5.190313979983329773e-02 7.756741344928741455e-02 3.836015239357948303e-02 6.594634056091308594e-02 4.338719323277473450e-02 1.747138984501361847e-02 5.257017910480499268e-02 5.991059541702270508e-02 2.094638347625732422e-02 8.390367031097412109e-03 1.223096624016761780e-02 8.446013927459716797e-02 1.994786784052848816e-02 4.304750636219978333e-02 5.563734099268913269e-02 4.195362329483032227e-02 1.254939381033182144e-02 1.059336680918931961e-02 7.590975612401962280e-03 1.156196929514408112e-02 2.865799004212021828e-03 6.897732615470886230e-02 1.817320287227630615e-02 3.934919834136962891e-02 5.446033179759979248e-02 3.613049909472465515e-02 4.038204997777938843e-02 9.082812815904617310e-02 4.855647683143615723e-02 5.258895456790924072e-02 5.884595215320587158e-02 4.935374483466148376e-02 1.346658449620008469e-02 1.359028462320566177e-02 3.151481226086616516e-02 1.862446963787078857e-02 4.589595273137092590e-02 5.193587765097618103e-02 5.164461210370063782e-02 1.844393089413642883e-02 2.456017769873142242e-02 2.972401864826679230e-02 3.519076388329267502e-03 1.508851815015077591e-02 2.655410021543502808e-02 6.235927343368530273e-02 1.318154856562614441e-02 5.975712463259696960e-02 4.625041037797927856e-02 1.984886452555656433e-02 7.402558624744415283e-02 6.691765040159225464e-02 1.133761741220951080e-02 2.234219573438167572e-02 1.000588107854127884e-02 3.577717021107673645e-02
1.074537858366966248e-01 1.063844636082649231e-01 2.330001816153526306e-02 3.669625520706176758e-02 2.001840807497501373e-02 9.681460261344909668e-02 5.859053134918212891e-02 3.149875625967979431e-02 2.715974673628807068e-02 1.678881794214248657e-02 9.968164563179016113e-02 2.799053210765123367e-03 1.453408151865005493e-01 9.191351011395454407e-03 4.521235823631286621e-02 4.551943857222795486e-03 3.027137927711009979e-02 3.012978844344615936e-02 4.033631645143032074e-03 2.769748447462916374e-03 5.424587801098823547e-02 8.414971828460693359e-02 1.941992342472076416e-02 4.053328558802604675e-02 1.750347204506397247e-02 3.599509969353675842e-02 5.061793699860572815e-02 9.010935202240943909e-03 3.132902458310127258e-02 3.398516215384006500e-03 1.904128678143024445e-02 1.149122696369886398e-02 9.234637953341007233e-03 1.050401106476783752e-02 6.199331022799015045e-03 4.232488106936216354e-03 2.441414399072527885e-03 7.376548647880554199e-02 2.438035421073436737e-02 6.927493959665298462e-02 4.573141410946846008e-02 2.239085920155048370e-02 6.221544463187456131e-04 1.316909119486808777e-02 3.700832277536392212e-02 4.304705187678337097e-02 9.962683916091918945e-02 5.786014720797538757e-02 9.142621420323848724e-03 4.911731928586959839e-02 2.287025190889835358e-02 2.225012704730033875e-02 4.908292321488261223e-04 1.278255222132429481e-04 5.863240221515297890e-04 2.971428260207176208e-02 9.772683493793010712e-03 1.311399322003126144e-02 1.325832773000001907e-02 2.984890947118401527e-03 9.862088598310947418e-03 4.218718968331813812e-03 3.301728889346122742e-02 1.582374796271324158e-02 2.572350390255451202e-02 5.683615803718566895e-02 2.442290633916854858e-02 2.673523034900426865e-03 3.388285636901855469e-02 3.215700015425682068e-02 3.071301616728305817e-02 1.095660310238599777e-02 8.452995121479034424e-02 7.103316020220518112e-03 4.940830543637275696e-02 3.907705843448638916e-02 2.200574381276965141e-03 7.537586614489555359e-03 3.637465089559555054e-02 1.020850390195846558e-01 5.419275909662246704e-02 3.161261603236198425e-02 2.619239129126071930e-02 3.981576114892959595e-02 1.972240395843982697e-02 2.629084920044988394e-04 4.288401082158088684e-02 3.335346281528472900e-02 1.320646423846483231e-02 1.489545870572328568e-02 3.977381810545921326e-02 2.281837910413742065e-02 7.561364676803350449e-03 5.139504745602607727e-02 2.058657817542552948e-02 1.558895129710435867e-02 2.742579951882362366e-02 3.691071178764104843e-03 9.806167334318161011e-03 2.751116640865802765e-03 1.156775746494531631e-02 2.756278216838836670e-02 4.094372503459453583e-03 4.157340154051780701e-02 4.331178590655326843e-02 2.372321486473083496e-02 4.704874940216541290e-03 1.434689480811357498e-02 2.774663269519805908e-02 2.349743433296680450e-02 1.867397502064704895e-02 1.131835114210844040e-02 4.271422326564788818e-02 2.784905768930912018e-02 8.450975641608238220e-03 4.987063817679882050e-03
