1.397539675235748291e-01 1.490001827478408813e-01 5.523159727454185486e-02 2.931872196495532990e-02 3.495109081268310547e-02 9.360863268375396729e-02 5.801956355571746826e-02 1.158945076167583466e-02 6.372334063053131104e-02 2.716483734548091888e-02 1.512679159641265869e-01 2.028281614184379578e-02 1.129605919122695923e-01 2.108787372708320618e-02 1.473200023174285889e-01 2.758914604783058167e-02 3.480994375422596931e-03 2.424814552068710327e-02 4.857347346842288971e-03 2.729503437876701355e-02 5.188249424099922180e-02 7.996831089258193970e-02 5.561009049415588379e-02 3.391223773360252380e-02 6.784667819738388062e-02 4.661169275641441345e-02 2.581204660236835480e-02 6.730468012392520905e-03 8.227763324975967407e-02 4.674709215760231018e-02 5.106310918927192688e-02 2.960441075265407562e-02 2.286349609494209290e-02 2.939513325691223145e-02 3.479161765426397324e-03 2.341165207326412201e-02 3.641404677182435989e-03 3.036843799054622650e-02 4.247268661856651306e-02 1.018744241446256638e-02 2.826277166604995728e-02 3.824263811111450195e-02 7.816334813833236694e-02 7.679179310798645020e-02 5.837866291403770447e-02 3.984596952795982361e-02 8.282947540283203125e-02 3.492092713713645935e-02 1.241846568882465363e-02 5.085645243525505066e-02 3.678413853049278259e-02 4.310598596930503845e-02 3.001924371346831322e-03 2.509602531790733337e-02 1.580946333706378937e-02 5.591550841927528381e-03 4.711386933922767639e-02 3.608052060008049011e-02 7.607469800859689713e-03 1.547712180763483047e-02 2.703079767525196075e-02 1.122030708938837051e-02 5.176043510437011719e-02 4.316039010882377625e-02 2.097282558679580688e-02 3.197231888771057129e-02 2.833341807126998901e-02 8.751387894153594971e-02 2.081856504082679749e-02 2.854768186807632446e-03 4.997690208256244659e-03 1.898886449635028839e-02 3.057462722063064575e-02 2.119389921426773071e-02 5.848026485182344913e-04 5.140178278088569641e-02 5.266911163926124573e-02 1.502418331801891327e-02 3.365769749507308006e-03 2.728683315217494965e-02 7.085058093070983887e-02 6.042159628123044968e-03 3.649871051311492920e-02 1.247984729707241058e-02 1.393153239041566849e-02 2.160207554697990417e-02 1.931255869567394257e-02 8.712779730558395386e-03 3.415058553218841553e-02 1.640181872062385082e-03 5.835059285163879395e-02 2.804715931415557861e-02 3.137401491403579712e-02 2.153506688773632050e-02 1.338044740259647369e-02 3.596567735075950623e-02 2.551541291177272797e-02 4.273099824786186218e-02 5.430571734905242920e-02 5.813436210155487061e-02 9.480616077780723572e-03 1.957668922841548920e-02 2.088565751910209656e-02 4.818360880017280579e-02 3.346601501107215881e-02 8.200480788946151733e-02 3.859256953001022339e-02 3.719063708558678627e-03 3.435040637850761414e-02 1.448476593941450119e-02 4.710374772548675537e-02 2.782906405627727509e-02 1.539891678839921951e-02 3.610040992498397827e-02 1.207980047911405563e-02 5.307628959417343140e-02
1.490001827478408813e-01 1.550520211458206177e-01 1.175925042480230331e-02 4.198391735553741455e-02 1.755429082550108433e-03 1.221952959895133972e-01 9.924034774303436279e-02 1.658561080694198608e-02 5.198102444410324097e-02 1.174436882138252258e-02 1.017401665449142456e-01 4.491839185357093811e-02 1.213171482086181641e-01 3.639010246843099594e-03 1.087592840194702148e-01 1.808764412999153137e-02 2.980872616171836853e-02 4.668746516108512878e-02 5.043981363996863365e-04 6.993321701884269714e-03 2.312682010233402252e-02 6.209759414196014404e-02 6.312787067145109177e-03 4.624665156006813049e-02 2.272603474557399750e-02 5.711471289396286011e-02 6.169206276535987854e-02 5.904195830225944519e-03 4.116171970963478088e-02 1.428940426558256149e-02 4.502331838011741638e-02 4.810057953000068665e-02 2.855493128299713135e-02 3.098337352275848389e-02 2.788164839148521423e-02 1.618594489991664886e-02 1.782203838229179382e-02 1.427146978676319122e-02 2.396390587091445923e-02 9.574074298143386841e-03 4.622764885425567627e-02 8.746471256017684937e-02 1.698520407080650330e-02 3.235042095184326172e-03 3.770036622881889343e-02 1.044752728193998337e-02 7.784617692232131958e-02 5.033757537603378296e-02 4.857100546360015869e-02 3.908085450530052185e-02 1.391336321830749512e-02 8.520185947418212891e-03 2.434914745390415192e-02 2.512370236217975616e-02 3.822398185729980469e-02 2.448016777634620667e-02 3.782628476619720459e-02 2.468248829245567322e-02 4.053471144288778305e-03 2.455325238406658173e-02 5.838694423437118530e-02 3.797932341694831848e-02 1.721998117864131927e-02 2.316679619252681732e-02 2.148518897593021393e-02 1.430954504758119583e-02 4.376072064042091370e-02 2.873509563505649567e-02 1.660201326012611389e-02 2.920810505747795105e-02 1.117252465337514877e-02 4.782661795616149902e-03 2.304712682962417603e-02 8.392003364861011505e-03 2.821401320397853851e-02 2.207835018634796143e-02 5.317774415016174316e-02 3.234762698411941528e-02 9.635756164789199829e-02 2.417722158133983612e-02 3.031676821410655975e-02 3.206445276737213135e-02 1.119177136570215225e-02 1.425749901682138443e-02 1.600319147109985352e-02 5.213093012571334839e-02 9.595777955837547779e-04 2.255697548389434814e-02 1.719984970986843109e-02 1.925744698382914066e-03 2.595901861786842346e-02 4.715973883867263794e-02 2.847049757838249207e-02 1.477258000522851944e-02 2.745757438242435455e-02 1.149618905037641525e-02 3.228395432233810425e-02 2.341706305742263794e-02 6.029099971055984497e-02 6.904259207658469677e-04 6.576500087976455688e-02 7.443982362747192383e-02 4.572571441531181335e-02 6.445501465350389481e-03 4.069970964337699115e-05 1.075318455696105957e-02 7.105199620127677917e-03 2.439315430819988251e-03 6.556130945682525635e-03 5.710046272724866867e-03 2.154013141989707947e-02 9.084832854568958282e-03 1.948164589703083038e-02 5.262143537402153015e-02 4.072840139269828796e-02 2.453254535794258118e-02
5.523159727454185486e-02 1.175925042480230331e-02 9.975676983594894409e-02 4.656170308589935303e-02 1.039457097649574280e-01 5.426184460520744324e-02 1.030233409255743027e-02 1.283588707447052002e-01 4.589679092168807983e-02 2.728272462263703346e-03 2.919644676148891449e-02 1.491489075124263763e-02 6.214444711804389954e-02 2.749820053577423096e-02 8.647073060274124146e-03 8.300667977891862392e-04 3.116822335869073868e-03 7.128515094518661499e-02 1.565742306411266327e-02 5.171754583716392517e-02 5.256175994873046875e-02 4.005562141537666321e-02 3.933607786893844604e-02 6.728904554620385170e-04 1.307200081646442413e-02 1.923753181472420692e-03 1.301397942006587982e-02 3.555656224489212036e-02 2.306497842073440552e-02 5.199586972594261169e-02 1.179166138172149658e-02 1.114656310528516769e-02 1.086696516722440720e-02 9.231542237102985382e-03 4.004186391830444336e-02 3.717145323753356934e-02 4.325844347476959229e-02 4.164011031389236450e-02 5.358763784170150757e-02 4.133706167340278625e-02 1.315535139292478561e-02 6.120538339018821716e-02 5.768288671970367432e-02 1.423566937446594238e-01 5.029417201876640320e-02 5.604820791631937027e-03 8.113080263137817383e-02 6.206463649868965149e-02 7.049241662025451660e-02 1.009542681276798248e-02 1.080346642993390560e-03 9.755398146808147430e-03 7.986930012702941895e-02 1.185814142227172852e-01 1.854542642831802368e-02 2.283190377056598663e-02 4.535333719104528427e-03 6.931237876415252686e-02 4.565656930208206177e-02 6.153604015707969666e-02 4.522714018821716309e-02 3.279702365398406982e-02 6.441055238246917725e-02 2.972750226035714149e-03 4.040797054767608643e-02 6.337370723485946655e-02 6.169117987155914307e-02 4.605339094996452332e-02 8.188632316887378693e-03 7.231625914573669434e-02 3.871782124042510986e-02 3.137097507715225220e-02 1.915924996137619019e-02 6.854442181065678596e-04 4.487277567386627197e-02 3.576802462339401245e-02 2.880580723285675049e-02 5.479586496949195862e-02 1.389481779187917709e-02 4.979092255234718323e-02 1.713360846042633057e-01 1.305922120809555054e-01 5.693632736802101135e-02 7.566209416836500168e-03 1.418802421540021896e-02 1.064671296626329422e-02 5.268753319978713989e-02 8.725699782371520996e-02 3.023911453783512115e-02 1.430032122880220413e-02 4.845050349831581116e-02 1.462479867041110992e-02 6.903059780597686768e-02 1.472807861864566803e-02 1.514617167413234711e-02 6.117426231503486633e-02 2.129546366631984711e-03 3.678302839398384094e-02 7.929548621177673340e-02 7.388760149478912354e-02 2.590150572359561920e-02 4.504462331533432007e-02 7.465760689228773117e-03 3.921912575606256723e-04 7.260228507220745087e-03 5.774590745568275452e-02 1.193684432655572891e-02 3.873065859079360962e-02 6.239322572946548462e-02 3.808423504233360291e-02 3.424694063141942024e-03 5.665187537670135498e-02 5.920875445008277893e-02 4.489092156291007996e-02 4.065050277858972549e-03 9.355210699141025543e-03
2.931872196495532990e-02 4.198391735553741455e-02 4.656170308589935303e-02 1.226891204714775085e-01 1.383790820837020874e-01 1.580335013568401337e-02 2.714283578097820282e-02 1.103977207094430923e-02 3.878914192318916321e-02 2.539710700511932373e-02 2.065587602555751801e-02 4.688144847750663757e-02 1.063089072704315186e-02 5.770090594887733459e-02 2.639844641089439392e-02 3.066637367010116577e-02 4.391038790345191956e-02 8.086035400629043579e-02 6.816589832305908203e-02 6.325370073318481445e-02 2.947283349931240082e-02 3.570566698908805847e-02 1.854442991316318512e-02 8.402198553085327148e-02 4.472471773624420166e-02 1.274731382727622986e-02 7.320228964090347290e-03 1.813251897692680359e-02 6.898366380482912064e-03 2.498701773583889008e-02 2.885603345930576324e-03 3.756611049175262451e-02 1.162742543965578079e-02 4.788950085639953613e-02 6.729751080274581909e-02 1.545208157040178776e-03 3.139939857646822929e-03 5.696871504187583923e-02 1.044878661632537842e-01 8.100651204586029053e-02 2.249105367809534073e-03 6.415977608412504196e-03 1.076770871877670288e-01 8.398522436618804932e-02 1.447327900677919388e-02 2.237873338162899017e-02 3.157778084278106689e-02 2.016157098114490509e-02 3.445552662014961243e-02 5.216231942176818848e-02 2.594985067844390869e-02 1.450764201581478119e-02 1.885359734296798706e-02 3.232244867831468582e-03 2.522179624065756798e-03 2.844357490539550781e-02 7.682413607835769653e-02 1.412672456353902817e-03 8.855877444148063660e-03 2.992211468517780304e-02 1.490939315408468246e-02 6.954846531152725220e-02 7.299604266881942749e-02 4.017203301191329956e-02 7.092071231454610825e-03 3.700718656182289124e-02 6.160692777484655380e-03 2.048039622604846954e-02 1.844764873385429382e-02 4.719023592770099640e-03 7.329636812210083008e-02 6.624112278223037720e-02 1.724520772695541382e-01 3.958230838179588318e-02 1.096675470471382141e-01 4.223247990012168884e-02 5.714251846075057983e-02 6.180652230978012085e-02 2.565463632345199585e-02 2.770077250897884369e-02 4.331313539296388626e-04 2.709819003939628601e-02 5.703438073396682739e-02 1.183786708861589432e-02 1.062195654958486557e-02 1.067358851432800293e-01 1.175157143734395504e-03 5.764615908265113831e-02 3.024799190461635590e-02 2.601576037704944611e-02 4.680990800261497498e-02 3.333696350455284119e-02 2.754131518304347992e-02 4.335886985063552856e-02 2.296850830316543579e-02 1.298968680202960968e-02 3.251695260405540466e-02 5.618206923827528954e-04 2.203215844929218292e-02 4.180301725864410400e-02 3.357733786106109619e-02 7.041599601507186890e-02 4.083074256777763367e-02 3.930211439728736877e-02 4.546545445919036865e-02 7.655430585145950317e-02 2.410587668418884277e-02 6.289142370223999023e-02 4.364589974284172058e-02 2.062432840466499329e-02 2.492384053766727448e-02 7.396608591079711914e-02 7.838769257068634033e-02 6.105949357151985168e-02 4.802613332867622375e-02 9.010837227106094360e-02
3.495109081268310547e-02 1.755429082550108433e-03 1.039457097649574280e-01 1.383790820837020874e-01 8.812040090560913086e-02 3.226469829678535461e-02 4.691564664244651794e-02 1.823106035590171814e-02 3.586227819323539734e-02 8.359134197235107422e-02 2.455960027873516083e-02 1.660957373678684235e-02 2.648533554747700691e-03 4.784056916832923889e-02 9.445671923458576202e-03 1.031486596912145615e-02 6.554977595806121826e-02 2.326849382370710373e-03 1.381593383848667145e-02 5.578985065221786499e-02 4.479839652776718140e-02 5.585295706987380981e-02 3.302025049924850464e-02 3.418302536010742188e-02 3.365677222609519958e-02 7.559647411108016968e-02 1.750475540757179260e-02 5.816039070487022400e-02 4.676099121570587158e-02 7.166472822427749634e-02 2.814550884068012238e-02 6.636627763509750366e-02 6.662537157535552979e-02 5.296370014548301697e-02 1.029430795460939407e-02 3.035285882651805878e-02 1.085109822452068329e-02 4.639589041471481323e-02 1.904543489217758179e-02 9.007416665554046631e-02 7.841162005206570029e-05 6.119753047823905945e-02 2.008174546062946320e-02 7.414244115352630615e-02 1.242037490010261536e-02 2.718713320791721344e-02 1.499713864177465439e-02 1.993233896791934967e-02 1.668167673051357269e-02 7.732971012592315674e-02 3.897706419229507446e-02 2.264688722789287567e-03 4.156968370079994202e-02 2.249327488243579865e-02 6.887169927358627319e-02 4.289782792329788208e-02 8.942413330078125000e-02 6.662070751190185547e-02 1.435276214033365250e-02 3.700564056634902954e-02 7.829813659191131592e-02 1.636353693902492523e-02 6.785508990287780762e-02 2.037254720926284790e-02 1.560391299426555634e-02 2.484500594437122345e-02 3.338249400258064270e-02 7.734136283397674561e-02 7.363802753388881683e-03 3.037312999367713928e-02 1.496879663318395615e-02 1.233244780451059341e-02 3.312420099973678589e-02 3.566486015915870667e-02 1.410665661096572876e-01 3.945386409759521484e-02 1.269579306244850159e-02 5.631859414279460907e-03 5.213633179664611816e-02 6.446290761232376099e-02 1.137911109253764153e-03 3.503150073811411858e-03 1.716935075819492340e-02 1.480626016855239868e-01 4.276474192738533020e-02 5.663652718067169189e-02 5.794804170727729797e-02 4.711553081870079041e-02 5.994988977909088135e-02 7.018792629241943359e-02 1.334937382489442825e-02 6.045645102858543396e-02 3.716654703021049500e-02 3.477086871862411499e-02 2.856457792222499847e-02 8.838433027267456055e-02 6.456352770328521729e-02 1.248522754758596420e-02 3.730172291398048401e-02 1.055921986699104309e-02 2.305939793586730957e-02 1.197908353060483932e-02 4.098395258188247681e-02 4.250367358326911926e-02 3.661850094795227051e-02 2.175221033394336700e-02 3.811231348663568497e-03 6.577350199222564697e-02 3.404329344630241394e-02 3.456570953130722046e-02 1.795580051839351654e-02 1.279698871076107025e-02 9.217965998686850071e-04 1.254471112042665482e-02 4.593215882778167725e-02 9.672970324754714966e-02
9.360863268375396729e-02 1.221952959895133972e-01 5.426184460520744324e-02 1.580335013568401337e-02 3.226469829678535461e-02 1.775911152362823486e-01 1.788010001182556152e-01 8.894351311028003693e-03 1.631927303969860077e-02 5.655197426676750183e-03 1.023020297288894653e-01 1.460167765617370605e-02 1.228129267692565918e-01 2.578182145953178406e-02 3.453499078750610352e-02 6.042010709643363953e-02 2.213422954082489014e-02 4.501426592469215393e-02 7.641530828550457954e-04 3.721786662936210632e-03 9.973886335501447320e-05 5.290029942989349365e-02 7.587485015392303467e-02 4.315823689103126526e-02 1.913637481629848480e-02 3.366454318165779114e-02 7.649517059326171875e-02 3.728600684553384781e-03 6.026860699057579041e-02 7.151370495557785034e-02 4.006307572126388550e-02 4.995270445942878723e-02 4.972827434539794922e-02 5.117671564221382141e-03 5.829962436109781265e-03 6.134660169482231140e-02 1.242856215685606003e-02 3.135163336992263794e-02 6.573573686182498932e-03 3.199464175850152969e-03 8.843532763421535492e-03 1.846911385655403137e-02 4.325627163052558899e-02 4.954422265291213989e-02 4.810850322246551514e-02 7.235585898160934448e-02 1.397822797298431396e-01 1.027220115065574646e-01 3.593951463699340820e-03 6.090185418725013733e-02 3.031760267913341522e-02 5.619035661220550537e-02 3.130350634455680847e-02 5.991654004901647568e-03 7.986247539520263672e-03 2.696665562689304352e-02 3.697630949318408966e-03 3.569806227460503578e-03 2.596142701804637909e-03 1.500098500400781631e-02 1.110277697443962097e-02 3.022917546331882477e-02 6.473595649003982544e-02 1.051205489784479141e-02 1.322428602725267410e-02 2.932480536401271820e-02 8.648205548524856567e-02 6.749014556407928467e-02 9.547716937959194183e-03 2.067032456398010254e-02 2.299572154879570007e-02 5.216933041810989380e-02 5.188061669468879700e-02 8.511675521731376648e-03 3.090299479663372040e-02 3.258934244513511658e-02 4.717633128166198730e-03 2.987481281161308289e-02 2.658086270093917847e-02 3.794319555163383484e-02 3.631308674812316895e-02 1.874292851425707340e-03 4.912149533629417419e-02 9.329878375865519047e-04 2.212686650454998016e-02 3.383848071098327637e-02 3.449136763811111450e-02 7.902205921709537506e-03 1.155311241745948792e-02 1.763636246323585510e-02 1.362438220530748367e-02 2.974416501820087433e-02 2.601215057075023651e-02 1.659914478659629822e-02 3.633848577737808228e-02 6.849004887044429779e-03 3.546673804521560669e-02 1.987407356500625610e-02 3.647887706756591797e-02 3.200594335794448853e-02 7.519251666963100433e-03 4.025849327445030212e-02 2.626878581941127777e-02 3.809666377492249012e-04 4.093831777572631836e-02 2.112210541963577271e-02 1.874911971390247345e-02 1.643063127994537354e-02 1.720852777361869812e-02 2.161895669996738434e-02 2.671342156827449799e-02 2.916695550084114075e-02 1.145950984209775925e-02 1.431640051305294037e-02 2.230857266113162041e-03 7.413147389888763428e-02
5.801956355571746826e-02 9.924034774303436279e-02 1.030233409255743027e-02 2.714283578097820282e-02 4.691564664244651794e-02 1.788010001182556152e-01 1.501495689153671265e-01 7.673592120409011841e-02 1.051180996000766754e-02 3.276262804865837097e-02 7.623977959156036377e-02 1.074642688035964966e-01 9.788733720779418945e-02 2.113395556807518005e-02 1.886002533137798309e-02 2.467763237655162811e-02 7.860361598432064056e-03 9.636126458644866943e-02 1.522715389728546143e-02 6.493520736694335938e-02 6.402919441461563110e-02 6.881672143936157227e-02 5.325155705213546753e-02 4.893126711249351501e-02 5.719378963112831116e-02 6.984002422541379929e-03 9.442564100027084351e-02 5.346218869090080261e-02 2.682460285723209381e-02 4.615786671638488770e-02 1.637393236160278320e-02 2.574481256306171417e-02 5.133434012532234192e-02 6.221464369446039200e-03 2.855586819350719452e-03 3.588185831904411316e-02 3.486280515789985657e-02 1.875432394444942474e-02 4.416683316230773926e-02 4.403163865208625793e-02 4.323224723339080811e-02 1.089899800717830658e-02 6.306898593902587891e-02 8.082524687051773071e-02 3.617241233587265015e-02 7.262000441551208496e-02 1.414872705936431885e-01 1.213371753692626953e-01 6.660266965627670288e-02 7.492560148239135742e-02 4.619278386235237122e-02 7.780452817678451538e-02 4.057991318404674530e-03 2.097885124385356903e-02 2.107489109039306641e-02 7.439129520207643509e-03 7.918851077556610107e-02 8.527975529432296753e-03 3.109752200543880463e-02 2.750170975923538208e-02 1.694121025502681732e-02 9.728011675179004669e-03 2.083293907344341278e-02 7.195945084095001221e-02 2.253781631588935852e-02 1.496276725083589554e-02 1.381269842386245728e-02 5.206476897001266479e-03 8.711695671081542969e-03 1.346628088504076004e-02 2.078711055219173431e-02 1.941850036382675171e-02 1.422742288559675217e-02 2.921184990555047989e-03 2.910433523356914520e-02 1.950132288038730621e-02 1.621168106794357300e-02 2.526301145553588867e-02 3.355369344353675842e-02 2.951549924910068512e-02 1.227062754333019257e-02 3.032796271145343781e-02 4.541049152612686157e-02 4.540092125535011292e-02 1.213824562728404999e-02 5.274524167180061340e-02 1.067716535180807114e-02 5.708677694201469421e-03 5.255611240863800049e-02 1.259528193622827530e-02 4.099407419562339783e-02 8.584610186517238617e-03 4.204691946506500244e-02 2.472143620252609253e-02 1.034004613757133484e-01 5.648151854984462261e-04 2.997446432709693909e-02 2.293344959616661072e-02 2.738285402301698923e-04 5.816357210278511047e-02 6.437348201870918274e-03 5.045784637331962585e-02 1.291490532457828522e-02 2.888358756899833679e-02 1.457287836819887161e-02 3.221273422241210938e-02 1.505312975496053696e-02 8.538099005818367004e-03 2.128775464370846748e-03 1.013053767383098602e-02 5.400904919952154160e-03 1.595371030271053314e-02 2.142371051013469696e-02 5.116987973451614380e-02 5.350162275135517120e-03 8.605052530765533447e-02
1.158945076167583466e-02 1.658561080694198608e-02 1.283588707447052002e-01 1.103977207094430923e-02 1.823106035590171814e-02 8.894351311028003693e-03 7.673592120409011841e-02 1.089276224374771118e-01 1.336006820201873779e-02 6.502221804112195969e-03 5.503817647695541382e-02 5.712025612592697144e-02 7.837726175785064697e-02 3.379058092832565308e-02 5.789477005600929260e-02 4.085313528776168823e-02 3.389194235205650330e-02 2.261824160814285278e-02 4.516851156949996948e-02 5.704824998974800110e-02 5.401012673974037170e-02 3.677780181169509888e-02 3.175830096006393433e-02 1.186924520879983902e-02 3.441764414310455322e-02 6.384266540408134460e-03 4.852229729294776917e-02 1.984797976911067963e-02 4.431284591555595398e-02 5.186796188354492188e-02 4.178562387824058533e-02 6.242306903004646301e-03 2.009871974587440491e-02 2.219389192759990692e-02 4.418274387717247009e-02 1.017604246735572815e-01 9.149789065122604370e-02 4.020145907998085022e-02 5.820891633629798889e-02 1.553268823772668839e-02 3.792330622673034668e-02 5.243573337793350220e-03 2.046486362814903259e-02 5.546122789382934570e-02 3.958307579159736633e-02 2.426978666335344315e-03 9.824536740779876709e-02 9.598176181316375732e-02 2.754310145974159241e-02 7.131357491016387939e-02 8.273573592305183411e-03 2.370129339396953583e-02 2.815795317292213440e-02 3.602694347500801086e-02 1.665494218468666077e-02 6.860698759555816650e-02 2.040058933198451996e-02 1.662524975836277008e-02 7.197518716566264629e-04 5.497947335243225098e-02 2.666366659104824066e-02 3.771123662590980530e-02 3.793619200587272644e-02 1.330310944467782974e-02 4.382492043077945709e-03 7.340458221733570099e-03 1.427077595144510269e-02 3.344677016139030457e-02 4.360400885343551636e-02 1.186296157538890839e-02 2.988130599260330200e-02 1.412486005574464798e-02 5.068099126219749451e-03 4.668770730495452881e-02 4.307714849710464478e-02 1.125946920365095139e-02 2.461946196854114532e-02 5.182841792702674866e-02 5.137833207845687866e-02 2.318685129284858704e-02 1.210050284862518311e-01 4.868002235889434814e-02 1.928490214049816132e-02 3.407811373472213745e-02 1.037343367934226990e-01 6.171077489852905273e-02 9.125273674726486206e-02 9.824360907077789307e-02 3.308985382318496704e-02 3.097928687930107117e-02 2.053848467767238617e-02 1.607710495591163635e-02 5.901034176349639893e-02 2.407039701938629150e-02 3.579579666256904602e-02 6.774371489882469177e-03 4.696221649646759033e-02 3.994196280837059021e-02 7.373020518571138382e-03 3.782136365771293640e-02 1.644486188888549805e-02 3.410451859235763550e-02 5.470481887459754944e-02 3.918066993355751038e-02 5.884258821606636047e-02 2.626706101000308990e-02 6.594471633434295654e-03 1.791403815150260925e-02 9.214557707309722900e-03 1.063852477818727493e-02 4.410301800817251205e-03 4.059778526425361633e-02 1.469895214540883899e-04 6.325093656778335571e-02 8.580888621509075165e-03 1.905261538922786713e-03
6.372334063053131104e-02 5.198102444410324097e-02 4.589679092168807983e-02 3.878914192318916321e-02 3.586227819323539734e-02 1.631927303969860077e-02 1.051180996000766754e-02 1.336006820201873779e-02 1.267040818929672241e-01 1.427616830915212631e-02 3.872367367148399353e-02 5.242175236344337463e-02 1.009423192590475082e-02 4.941513016819953918e-02 3.379782428964972496e-03 2.981152944266796112e-02 1.371738500893115997e-02 1.018826663494110107e-01 1.422135345637798309e-02 2.080890350043773651e-02 3.329524397850036621e-02 4.100338555872440338e-03 4.430828988552093506e-02 7.843407802283763885e-03 2.492148661985993385e-03 5.151336081326007843e-03 2.726650796830654144e-03 3.802840784192085266e-02 1.167786493897438049e-02 2.692384831607341766e-02 3.113886155188083649e-02 5.738485231995582581e-02 5.600123479962348938e-02 3.477126359939575195e-02 1.898196153342723846e-02 1.352963130921125412e-02 2.860520267859101295e-03 6.122045218944549561e-02 3.324946621432900429e-03 1.412297133356332779e-02 1.582759059965610504e-02 5.685701221227645874e-02 3.413703059777617455e-03 3.022282943129539490e-02 7.727073132991790771e-02 1.378195174038410187e-02 5.602076649665832520e-03 4.926657304167747498e-03 5.480471253395080566e-02 2.073582448065280914e-02 3.213881328701972961e-02 4.363925382494926453e-02 1.668301224708557129e-02 4.184004850685596466e-03 9.727354347705841064e-02 5.354121327400207520e-02 4.090420901775360107e-02 3.521539969369769096e-03 3.105745837092399597e-02 2.225222624838352203e-02 7.218413800001144409e-02 4.875984508544206619e-03 5.296886339783668518e-02 4.994295910000801086e-02 1.266565173864364624e-02 4.231062158942222595e-02 4.088144004344940186e-02 5.388241633772850037e-02 5.051739513874053955e-02 2.376805432140827179e-02 2.429678291082382202e-02 4.896299540996551514e-02 3.127992525696754456e-02 3.616056870669126511e-03 4.102958831936120987e-03 4.024621099233627319e-02 1.207443252205848694e-01 9.558894485235214233e-02 5.733218789100646973e-02 8.724221959710121155e-03 2.811813168227672577e-02 4.982788860797882080e-02 7.440995424985885620e-02 2.412526868283748627e-02 1.793870516121387482e-02 5.467233806848526001e-02 8.573238737881183624e-03 8.679809980094432831e-03 7.021060585975646973e-02 4.363847151398658752e-02 8.932814002037048340e-03 3.462544828653335571e-02 9.544973261654376984e-03 2.330275066196918488e-02 4.488153755664825439e-02 2.489076927304267883e-03 5.845178291201591492e-02 2.576440200209617615e-02 5.569344386458396912e-02 4.408910125494003296e-02 2.431877702474594116e-02 1.096405554562807083e-02 1.975479722023010254e-02 1.698372326791286469e-02 4.554998874664306641e-02 2.851201780140399933e-02 8.983517996966838837e-03 2.912187017500400543e-02 1.291751954704523087e-02 7.009758701315149665e-05 3.127750754356384277e-02 2.095117419958114624e-02 5.805765464901924133e-02 6.718590110540390015e-02 2.333177626132965088e-02 1.322898268699645996e-02
2.716483734548091888e-02 1.174436882138252258e-02 2.728272462263703346e-03 2.539710700511932373e-02 8.359134197235107422e-02 5.655197426676750183e-03 3.276262804865837097e-02 6.502221804112195969e-03 1.427616830915212631e-02 1.318903118371963501e-01 1.479689218103885651e-02 5.480673164129257202e-02 5.765882786363363266e-03 1.980098523199558258e-02 1.222039479762315750e-02 4.297935403883457184e-03 5.785767361521720886e-02 2.302323468029499054e-02 1.681528687477111816e-01 1.025051996111869812e-02 4.991881921887397766e-02 1.485799159854650497e-02 4.767293483018875122e-02 3.946639224886894226e-02 6.304106861352920532e-02 1.442978810518980026e-02 4.281155765056610107e-03 2.630147710442543030e-02 2.943674102425575256e-02 2.644847705960273743e-02 4.611073061823844910e-02 5.584151670336723328e-02 2.076035737991333008e-02 1.623750664293766022e-02 5.271766334772109985e-02 9.251248091459274292e-02 9.029278904199600220e-02 2.054929733276367188e-02 6.032758578658103943e-02 5.533665046095848083e-02 5.482934415340423584e-03 2.735828608274459839e-02 6.398615427315235138e-03 6.726909428834915161e-02 3.385622426867485046e-02 4.006101191043853760e-02 2.024903893470764160e-02 4.423531144857406616e-02 6.867758929729461670e-02 1.409870088100433350e-01 6.801936775445938110e-03 3.780272603034973145e-02 6.387406610883772373e-04 2.855394594371318817e-02 5.291747301816940308e-02 6.514140963554382324e-02 3.065110184252262115e-02 6.101888418197631836e-02 1.084424704313278198e-01 4.268962517380714417e-02 8.243793249130249023e-02 7.943864911794662476e-02 1.462747529149055481e-02 4.468321427702903748e-02 1.115314103662967682e-02 2.825323492288589478e-02 6.283122929744422436e-04 2.432514913380146027e-02 1.281933020800352097e-02 4.794287309050559998e-02 1.100554019212722778e-01 3.782705217599868774e-02 1.569368503987789154e-02 7.791330665349960327e-02 1.509989984333515167e-02 5.117966979742050171e-02 2.003671228885650635e-02 1.334574073553085327e-01 2.280567027628421783e-02 3.227479010820388794e-02 6.314535625278949738e-03 6.370517611503601074e-02 5.093310773372650146e-02 9.782305359840393066e-02 2.256210893392562866e-02 9.860565513372421265e-02 1.633125171065330505e-02 5.038204044103622437e-02 5.954797845333814621e-03 8.127387613058090210e-02 4.082083236426115036e-03 1.490958034992218018e-02 3.919678181409835815e-02 2.732087299227714539e-02 1.246708817780017853e-02 4.489615559577941895e-02 9.900096058845520020e-02 1.517738401889801025e-02 7.744633127003908157e-03 9.510581940412521362e-02 5.478702485561370850e-02 7.000967860221862793e-03 1.355915609747171402e-02 6.312710233032703400e-03 4.094905033707618713e-02 1.890886761248111725e-02 5.115778744220733643e-02 4.299126937985420227e-02 4.095213115215301514e-02 1.644524000585079193e-02 1.846874132752418518e-02 7.065810263156890869e-02 3.221813961863517761e-02 1.748507283627986908e-02 7.057628035545349121e-02 9.036709368228912354e-02
1.512679159641265869e-01 1.017401665449142456e-01 2.919644676148891449e-02 2.065587602555751801e-02 2.455960027873516083e-02 1.023020297288894653e-01 7.623977959156036377e-02 5.503817647695541382e-02 3.872367367148399353e-02 1.479689218103885651e-02 1.494888067245483398e-01 2.535811625421047211e-03 1.625034511089324951e-01 1.846560277044773102e-02 9.603902697563171387e-02 1.641452126204967499e-02 1.621374115347862244e-02 1.828829757869243622e-02 1.350471749901771545e-02 5.510308593511581421e-02 1.377983205020427704e-02 5.649855360388755798e-02 2.483248710632324219e-02 4.635273665189743042e-02 5.445464700460433960e-02 3.797563537955284119e-02 2.164440229535102844e-02 2.020276524126529694e-02 1.994713954627513885e-02 4.187328368425369263e-02 1.961303688585758209e-02 5.086183920502662659e-02 3.309678658843040466e-02 3.183018043637275696e-02 1.224645384354516864e-04 2.353709191083908081e-02 3.622186835855245590e-03 4.638602584600448608e-02 2.664952725172042847e-02 3.364307060837745667e-02 2.415431477129459381e-02 3.429214283823966980e-02 7.714205980300903320e-02 1.712808501906692982e-03 1.413214392960071564e-02 4.213117808103561401e-02 1.304399967193603516e-01 7.650090754032135010e-02 3.349705040454864502e-02 2.820294909179210663e-02 6.599518656730651855e-02 7.503478787839412689e-03 4.666037857532501221e-02 1.593341864645481110e-02 2.509137615561485291e-02 2.979214303195476532e-02 3.233604505658149719e-02 2.685779519379138947e-02 2.524481154978275299e-02 4.520323872566223145e-02 2.083710394799709320e-02 2.935405820608139038e-02 3.732476010918617249e-02 3.509685397148132324e-02 5.241498351097106934e-02 6.609246134757995605e-02 8.966372907161712646e-02 4.918200522661209106e-02 1.056547835469245911e-02 9.884689934551715851e-03 4.911120049655437469e-03 1.271550310775637627e-03 7.342316210269927979e-02 2.058386988937854767e-02 4.486231133341789246e-03 1.748096942901611328e-02 1.002145744860172272e-02 2.330414578318595886e-02 1.464512944221496582e-01 4.330268502235412598e-02 1.623032731004059315e-03 4.393236339092254639e-02 8.013576269149780273e-03 1.654380187392234802e-02 3.808328881859779358e-02 6.215459480881690979e-02 1.565516577102243900e-03 1.877448335289955139e-02 1.711749285459518433e-02 3.575804829597473145e-02 4.611839726567268372e-02 5.106551200151443481e-02 2.714314498007297516e-02 4.560206085443496704e-02 5.395639315247535706e-02 4.528372734785079956e-02 1.484640315175056458e-02 4.735345393419265747e-02 2.725286781787872314e-02 1.894393749535083771e-02 2.307674847543239594e-03 3.769914433360099792e-02 4.836586862802505493e-02 1.801054924726486206e-02 1.935135014355182648e-02 2.162832766771316528e-02 2.638753317296504974e-02 4.613955318927764893e-02 2.634084317833185196e-03 1.151966024190187454e-02 3.275227174162864685e-02 5.095449835062026978e-02 7.428263872861862183e-02 1.369654200971126556e-02 2.167092449963092804e-02 3.389566391706466675e-02
2.028281614184379578e-02 4.491839185357093811e-02 1.491489075124263763e-02 4.688144847750663757e-02 1.660957373678684235e-02 1.460167765617370605e-02 1.074642688035964966e-01 5.712025612592697144e-02 5.242175236344337463e-02 5.480673164129257202e-02 2.535811625421047211e-03 8.591656386852264404e-02 1.449776533991098404e-02 2.060248553752899170e-01 4.580744355916976929e-02 1.302189100533723831e-02 5.972731858491897583e-02 4.744520410895347595e-03 1.705476269125938416e-02 1.138327922672033310e-02 8.832271210849285126e-03 7.909247279167175293e-02 9.931357204914093018e-02 1.368067320436239243e-02 4.780421406030654907e-02 4.475288558751344681e-03 7.375412154942750931e-03 1.133751124143600464e-01 6.802718341350555420e-02 6.327213346958160400e-02 5.247120931744575500e-02 6.113599240779876709e-02 5.433049425482749939e-02 4.427332058548927307e-02 1.119230594485998154e-02 6.907746195793151855e-02 1.782740233466029167e-03 3.228079155087471008e-02 3.690508008003234863e-02 6.837040930986404419e-02 4.795376583933830261e-02 4.378127679228782654e-02 1.153820194303989410e-02 4.120195657014846802e-02 3.024267405271530151e-02 6.242320686578750610e-02 1.091263629496097565e-02 4.456305131316184998e-02 6.833513826131820679e-02 5.186812952160835266e-02 1.391611099243164062e-01 1.009903773665428162e-01 4.105963185429573059e-02 4.776015877723693848e-02 5.406339839100837708e-02 6.447423249483108521e-02 2.479184605181217194e-02 6.003945320844650269e-02 2.988311648368835449e-02 6.675351411104202271e-02 5.642557889223098755e-02 3.954418003559112549e-02 4.470305889844894409e-02 5.046324804425239563e-02 5.092620477080345154e-02 3.934613615274429321e-02 3.401725739240646362e-02 1.253209076821804047e-02 1.798431202769279480e-02 5.104641243815422058e-02 1.420877408236265182e-02 3.099773451685905457e-02 4.176998883485794067e-02 1.107686012983322144e-02 2.241587266325950623e-02 3.979266621172428131e-03 1.153458803892135620e-01 7.456050068140029907e-02 8.015749603509902954e-02 1.779023259878158569e-01 3.767383052036166191e-03 4.439643025398254395e-02 5.057064443826675415e-02 6.517107039690017700e-02 1.829295605421066284e-02 4.381258785724639893e-02 2.484867721796035767e-02 4.838266596198081970e-02 3.232463449239730835e-02 3.104486688971519470e-02 9.505681693553924561e-03 1.050516590476036072e-01 7.874844223260879517e-02 1.157050058245658875e-01 1.994040049612522125e-02 6.349339336156845093e-02 1.741477847099304199e-02 6.080234423279762268e-02 1.293162442743778229e-02 5.014592409133911133e-02 5.936329066753387451e-02 2.016480825841426849e-02 8.705414831638336182e-02 7.264447957277297974e-02 5.789531394839286804e-02 2.854124642908573151e-02 1.376187242567539215e-02 8.902482688426971436e-03 1.657599117606878281e-03 6.568625569343566895e-02 1.296947617083787918e-02 9.103712439537048340e-02 4.937144462019205093e-03 2.794561348855495453e-02 5.374548956751823425e-02 9.082045406103134155e-02
1.129605919122695923e-01 1.213171482086181641e-01 6.214444711804389954e-02 1.063089072704315186e-02 2.648533554747700691e-03 1.228129267692565918e-01 9.788733720779418945e-02 7.837726175785064697e-02 1.009423192590475082e-02 5.765882786363363266e-03 1.625034511089324951e-01 1.449776533991098404e-02 1.565953195095062256e-01 1.014977879822254181e-02 9.108446538448333740e-02 3.906635195016860962e-02 2.218544855713844299e-02 3.499548137187957764e-02 3.545100102201104164e-03 3.753025084733963013e-02 7.861373014748096466e-03 4.046977311372756958e-02 3.135553374886512756e-02 3.259416669607162476e-02 2.907092124223709106e-02 6.197889894247055054e-02 6.830874085426330566e-02 2.338878437876701355e-02 2.420814149081707001e-02 1.495335716754198074e-02 2.864367794245481491e-03 1.913981325924396515e-02 5.453593563288450241e-03 6.335835903882980347e-03 1.420573890209197998e-02 2.590838447213172913e-02 2.474284730851650238e-02 3.021525777876377106e-02 2.514266408979892731e-02 2.555804559960961342e-03 2.576455660164356232e-02 2.615377865731716156e-02 4.181140661239624023e-02 1.629274524748325348e-02 2.880272455513477325e-02 4.203777015209197998e-02 1.104631721973419189e-01 7.496061176061630249e-02 4.232028499245643616e-02 2.903839945793151855e-02 1.772317104041576385e-02 3.060042671859264374e-02 2.201168052852153778e-02 2.711851894855499268e-02 5.529756192117929459e-03 3.036496601998806000e-02 2.996887639164924622e-02 2.425657026469707489e-02 1.395747903734445572e-02 3.006811998784542084e-02 3.409254923462867737e-02 1.400520675815641880e-03 1.603754237294197083e-02 2.610837295651435852e-02 4.166110977530479431e-02 7.533935457468032837e-02 4.589585214853286743e-02 5.455391481518745422e-02 1.913690567016601562e-02 1.207991596311330795e-02 3.991112858057022095e-02 2.285102009773254395e-02 6.132472306489944458e-02 3.704348206520080566e-02 6.592056248337030411e-03 1.550158113241195679e-02 2.160689234733581543e-02 2.984206075780093670e-04 2.927295304834842682e-02 2.334779314696788788e-02 5.421967059373855591e-02 2.375263161957263947e-02 1.246979646384716034e-02 3.679217770695686340e-03 4.396792501211166382e-03 2.238080836832523346e-02 1.280001178383827209e-02 5.735177081078290939e-03 4.028670489788055420e-03 4.316273145377635956e-03 2.581367082893848419e-02 5.596781149506568909e-02 1.510431757196784019e-03 6.358610093593597412e-02 4.084590449929237366e-02 1.689860224723815918e-02 1.654637418687343597e-02 5.799067020416259766e-02 1.330946385860443115e-02 1.357730291783809662e-02 2.504084445536136627e-02 1.763407699763774872e-02 5.996090173721313477e-02 1.785907149314880371e-02 3.771967440843582153e-02 5.407575517892837524e-02 1.792328990995883942e-02 3.204278647899627686e-02 5.067142192274332047e-04 1.426542829722166061e-02 1.532034017145633698e-02 1.098057720810174942e-02 2.762027829885482788e-02 2.599675394594669342e-02 1.166038494557142258e-02 2.183682844042778015e-02
