1.682970374822616577e-01 1.698737740516662598e-01 3.643731027841567993e-02 1.135458610951900482e-02 1.134704425930976868e-02 8.694047480821609497e-02 5.832776799798011780e-02 8.770731277763843536e-03 3.284242376685142517e-02 1.444742176681756973e-02 1.452006101608276367e-01 5.874076113104820251e-02 1.029108241200447083e-01 5.373720824718475342e-02 1.778468862175941467e-02 2.091689035296440125e-03 2.206582017242908478e-02 1.027065236121416092e-02 9.536966681480407715e-03 1.187852397561073303e-02 3.225189819931983948e-02 5.010746791958808899e-02 9.172076359391212463e-03 5.048529710620641708e-03 8.885528077371418476e-04 7.911025313660502434e-04 3.979216888546943665e-02 2.160623297095298767e-02 2.547529898583889008e-02 3.676059097051620483e-02 1.540355011820793152e-02 1.334124617278575897e-02 3.460456430912017822e-02 1.546395104378461838e-02 4.550395533442497253e-02 1.701313816010951996e-02 2.922797203063964844e-02 4.330211132764816284e-02 3.306654049083590508e-03 1.562825776636600494e-02 1.364707131870090961e-04 1.136598922312259674e-02 7.256656885147094727e-02 7.132838666439056396e-02 6.040290743112564087e-02 2.939491160213947296e-02 1.536487489938735962e-01 4.785758256912231445e-02 2.012298256158828735e-02 2.041050419211387634e-02 1.068786084651947021e-01 2.393936738371849060e-02 2.116499096155166626e-02 3.553295508027076721e-02 1.241772901266813278e-02 2.854134328663349152e-02 2.126155607402324677e-02 2.254116907715797424e-02 9.757834486663341522e-03 2.050179988145828247e-02 1.118946354836225510e-02 3.309851884841918945e-02 1.135956123471260071e-02 3.132845973595976830e-03 9.543079882860183716e-03 4.769562929868698120e-02 2.090853266417980194e-02 5.420054122805595398e-02 6.226058583706617355e-03 8.081723004579544067e-03 4.266155883669853210e-03 7.417882233858108521e-02 1.472725300118327141e-03 4.523857682943344116e-02 3.096145112067461014e-03 6.164278090000152588e-02 2.795383706688880920e-02 3.264863044023513794e-03 1.300310436636209488e-02 4.708123579621315002e-02 1.218778267502784729e-02 5.890928674489259720e-03 2.344737946987152100e-02 1.642848737537860870e-02 1.353702694177627563e-02 2.853687386959791183e-03 1.385102327913045883e-02 1.490141078829765320e-02 4.974430799484252930e-02 7.827335037291049957e-03 1.104899272322654724e-01 3.922601789236068726e-02 1.741545088589191437e-02 9.372390061616897583e-02 4.379583895206451416e-02 4.127931967377662659e-02 3.440717607736587524e-02 4.028513655066490173e-02 1.702236942946910858e-02 1.183640863746404648e-02 2.472155168652534485e-02 3.144207596778869629e-02 5.911366268992424011e-02 5.833642929792404175e-02 1.019580848515033722e-02 5.764884129166603088e-02 4.124714434146881104e-02 2.044057287275791168e-02 3.966683149337768555e-02 4.233906045556068420e-02 3.722329437732696533e-02 5.383099988102912903e-02 1.241007447242736816e-02 8.839770220220088959e-03 3.428607061505317688e-02 5.233639851212501526e-02
1.698737740516662598e-01 1.412074267864227295e-01 5.174265243113040924e-03 2.758193574845790863e-02 1.622019149363040924e-02 1.568531244993209839e-01 1.328948587179183960e-01 3.400768339633941650e-02 1.697452552616596222e-02 8.848532103002071381e-03 6.462617218494415283e-02 5.282001197338104248e-02 8.960033208131790161e-02 6.240624189376831055e-02 1.611779257655143738e-02 2.705988241359591484e-03 9.010569192469120026e-03 3.839816199615597725e-03 2.291262336075305939e-02 1.464757975190877914e-02 1.835547573864459991e-02 4.630928859114646912e-03 1.837625401094555855e-03 1.115366630256175995e-02 1.821946818381547928e-03 2.449932135641574860e-02 1.540524512529373169e-02 4.698866233229637146e-02 2.841356955468654633e-02 4.201707243919372559e-02 6.695731729269027710e-02 1.385429315268993378e-02 6.538172252476215363e-03 1.109098736196756363e-02 8.468765765428543091e-03 2.496927604079246521e-02 1.872996985912322998e-02 1.558905467391014099e-02 8.332207798957824707e-03 2.555049210786819458e-02 2.412421070039272308e-02 1.436828356236219406e-02 1.629413478076457977e-02 6.213532388210296631e-02 2.561291493475437164e-02 5.828197300434112549e-02 1.166246384382247925e-01 5.405492708086967468e-02 1.776290126144886017e-02 1.755091734230518341e-02 4.660441353917121887e-02 7.666262984275817871e-02 9.383602067828178406e-03 1.865232922136783600e-02 8.309840224683284760e-03 1.210472453385591507e-02 1.669586636126041412e-02 5.061502009630203247e-02 9.436880238354206085e-03 9.296478703618049622e-03 1.482971291989088058e-02 1.852504163980484009e-02 1.907927542924880981e-02 1.662031561136245728e-02 1.404008362442255020e-02 4.452036321163177490e-02 1.091745775192975998e-02 8.413306437432765961e-03 2.976846182718873024e-03 5.086942017078399658e-02 1.683066971600055695e-02 2.156438305974006653e-02 3.334178403019905090e-02 2.658105827867984772e-02 8.591059595346450806e-04 2.899576537311077118e-02 3.941375762224197388e-02 1.962885819375514984e-02 2.619817107915878296e-02 1.507407613098621368e-02 7.862739264965057373e-03 5.596090573817491531e-03 3.143224865198135376e-03 1.801534183323383331e-02 4.566151648759841919e-03 3.575381264090538025e-02 2.026118896901607513e-02 6.045471876859664917e-03 3.364354744553565979e-02 1.614599488675594330e-02 3.172543272376060486e-02 6.274461746215820312e-02 4.222339019179344177e-02 1.594788022339344025e-02 2.778591960668563843e-02 2.330083586275577545e-02 3.098328597843647003e-02 6.444497406482696533e-02 4.652795195579528809e-02 4.540236666798591614e-02 1.450834143906831741e-02 2.175464108586311340e-02 5.540831014513969421e-02 1.584825292229652405e-02 2.031826041638851166e-02 1.374648045748472214e-02 3.309298306703567505e-02 2.382944524288177490e-02 2.046582847833633423e-02 2.447404767735861242e-05 4.452641308307647705e-02 3.755256906151771545e-02 2.349151857197284698e-02 2.195468358695507050e-02 1.885853335261344910e-02 3.055349551141262054e-02
3.643731027841567993e-02 5.174265243113040924e-03 1.633906178176403046e-02 1.106953062117099762e-02 2.264397777616977692e-02 3.588094934821128845e-02 3.632750734686851501e-02 4.005904123187065125e-02 3.677022084593772888e-02 5.061317235231399536e-03 5.717665422707796097e-03 2.771558053791522980e-02 4.886000417172908783e-03 6.206073239445686340e-02 2.314700558781623840e-02 3.557098284363746643e-02 2.241230942308902740e-02 3.256992250680923462e-02 1.562167890369892120e-02 1.709775254130363464e-02 7.315699011087417603e-02 5.662031471729278564e-02 4.140139371156692505e-02 7.947736419737339020e-03 2.029936388134956360e-02 2.271695621311664581e-02 1.248472835868597031e-02 7.582519948482513428e-02 4.957720264792442322e-02 7.271430641412734985e-02 3.868955746293067932e-02 1.116606965661048889e-02 3.554016351699829102e-02 3.419443219900131226e-02 3.769190236926078796e-02 2.791132777929306030e-02 2.784669212996959686e-02 6.213356554508209229e-02 2.716691419482231140e-02 7.677881978452205658e-03 3.021923293999861926e-05 2.107282727956771851e-02 2.274873433634638786e-03 6.863032281398773193e-02 8.374387025833129883e-02 7.617056369781494141e-02 1.334267144557088614e-04 2.531461231410503387e-02 2.428469620645046234e-02 5.602893233299255371e-02 4.338350147008895874e-02 4.402316734194755554e-02 1.127070374786853790e-02 6.632117554545402527e-03 2.095701731741428375e-02 2.481468394398689270e-02 1.981295645236968994e-02 7.897134870290756226e-02 2.292135357856750488e-02 1.707043685019016266e-02 4.562691971659660339e-02 3.920514602214097977e-03 1.437325682491064072e-02 3.177095577120780945e-02 2.874174155294895172e-02 4.322874546051025391e-02 2.675342559814453125e-02 3.357462352141737938e-03 2.616823092103004456e-02 4.413602873682975769e-02 7.650794927030801773e-03 6.333115696907043457e-02 4.127898812294006348e-02 1.425164565443992615e-02 3.944285586476325989e-02 6.121904402971267700e-02 1.303649973124265671e-03 1.988772116601467133e-02 1.152042895555496216e-01 2.831757627427577972e-02 5.813733208924531937e-03 3.729588165879249573e-02 1.637039892375469208e-02 2.739258855581283569e-02 6.850431859493255615e-02 1.954814791679382324e-02 3.425741940736770630e-02 2.435749769210815430e-02 3.630642220377922058e-02 2.598461136221885681e-02 2.963855862617492676e-02 5.616422742605209351e-02 1.789295487105846405e-02 2.591837197542190552e-02 9.378261864185333252e-03 9.779184125363826752e-03 6.193295586854219437e-03 3.399405628442764282e-02 3.298159688711166382e-02 5.689481273293495178e-03 7.384603843092918396e-03 3.153029456734657288e-02 1.120164021849632263e-01 8.370744436979293823e-02 5.555328447371721268e-03 1.000668015331029892e-02 2.460345067083835602e-02 8.716620504856109619e-03 1.613122969865798950e-02 6.071954965591430664e-02 3.618808928877115250e-03 3.654594765976071358e-03 3.170518949627876282e-02 7.369815558195114136e-02 4.859281703829765320e-02 7.639649324119091034e-03
1.135458610951900482e-02 2.758193574845790863e-02 1.106953062117099762e-02 3.099387325346469879e-02 9.836989641189575195e-02 7.759380340576171875e-02 9.170158952474594116e-02 2.621036209166049957e-02 6.122544035315513611e-02 3.707000613212585449e-02 5.012266803532838821e-03 1.828437438234686852e-03 3.432830562815070152e-03 1.019878033548593521e-02 4.202082753181457520e-03 3.104686737060546875e-02 4.173409938812255859e-02 1.190471928566694260e-02 3.897670283913612366e-02 1.541573740541934967e-02 1.738910377025604248e-02 3.108860738575458527e-02 3.017519786953926086e-02 1.397565659135580063e-02 1.100631663575768471e-03 2.508855052292346954e-02 8.787320926785469055e-03 1.819261908531188965e-02 1.285721827298402786e-02 8.154015988111495972e-03 1.682783663272857666e-02 1.020184159278869629e-02 2.971364744007587433e-02 1.181454584002494812e-02 2.742769382894039154e-02 6.108827888965606689e-03 2.348778024315834045e-02 1.012296602129936218e-02 9.832385927438735962e-02 3.820394724607467651e-02 2.078964933753013611e-02 2.303878404200077057e-02 5.505512282252311707e-02 3.978557884693145752e-02 3.603896126151084900e-02 3.077402338385581970e-02 7.467553019523620605e-03 2.713139541447162628e-02 1.787982136011123657e-02 4.061845131218433380e-03 6.990687549114227295e-02 4.236766323447227478e-02 4.615040868520736694e-02 3.219701722264289856e-02 3.624729113653302193e-03 3.053165972232818604e-02 3.160554915666580200e-02 8.935304358601570129e-03 3.781014308333396912e-02 8.822554722428321838e-03 1.485945004969835281e-02 1.406778115779161453e-02 7.164602726697921753e-02 5.529106780886650085e-02 2.994527667760848999e-02 2.519901841878890991e-02 8.479897864162921906e-03 4.005273804068565369e-02 2.568708732724189758e-02 1.126617938280105591e-02 2.293912461027503014e-03 2.729148231446743011e-02 1.753609776496887207e-01 6.106139626353979111e-03 1.355772018432617188e-01 2.983416430652141571e-02 2.309330925345420837e-02 2.946629188954830170e-02 4.868520796298980713e-02 1.336842030286788940e-02 2.517640404403209686e-02 5.335310846567153931e-02 5.865143984556198120e-02 5.741407163441181183e-03 8.207654207944869995e-02 1.187499426305294037e-02 1.342479884624481201e-02 3.467568382620811462e-02 2.181090600788593292e-02 2.194202877581119537e-02 1.109665492549538612e-03 1.595944352447986603e-02 1.752099208533763885e-02 2.193933818489313126e-03 9.488005191087722778e-03 1.171956304460763931e-02 1.360081415623426437e-02 9.219208732247352600e-04 5.261337012052536011e-02 2.272838912904262543e-02 2.536813914775848389e-02 3.095873817801475525e-02 4.266295209527015686e-02 4.923309013247489929e-02 1.307215890847146511e-03 2.082135714590549469e-02 1.618500612676143646e-02 3.653093799948692322e-02 1.526825781911611557e-02 2.676663454622030258e-03 2.607071958482265472e-02 6.965152453631162643e-03 2.420299127697944641e-02 7.580321747809648514e-03 1.162928529083728790e-02 2.345342654734849930e-03
1.134704425930976868e-02 1.622019149363040924e-02 2.264397777616977692e-02 9.836989641189575195e-02 1.366077177226543427e-02 1.676461845636367798e-02 4.629999771714210510e-02 9.703323245048522949e-03 7.160905748605728149e-03 1.862892694771289825e-02 5.776975769549608231e-03 2.874396182596683502e-02 2.150060422718524933e-02 1.040418073534965515e-02 1.643159054219722748e-02 4.101355001330375671e-02 3.256110101938247681e-02 4.192833602428436279e-02 9.964662790298461914e-02 8.489977568387985229e-03 4.872567579150199890e-02 2.008885145187377930e-02 5.822682287544012070e-04 4.871482029557228088e-03 7.615398615598678589e-03 2.788386493921279907e-02 2.580805122852325439e-02 7.689364254474639893e-03 1.986595056951045990e-02 6.028878688812255859e-02 4.071984440088272095e-02 9.516269899904727936e-03 5.921499803662300110e-03 6.160208489745855331e-03 5.447879899293184280e-03 1.739683328196406364e-03 1.136895734816789627e-03 4.056192561984062195e-02 5.112873390316963196e-02 9.256558120250701904e-02 7.467447314411401749e-03 2.593239769339561462e-02 2.140841819345951080e-02 3.211554512381553650e-02 7.184611633419990540e-03 1.381401903927326202e-02 7.741081062704324722e-04 1.425751578062772751e-02 3.349772840738296509e-02 2.295076847076416016e-03 7.572324573993682861e-02 1.678584329783916473e-02 6.288998760282993317e-03 1.423280313611030579e-02 4.469127580523490906e-02 4.294855054467916489e-03 2.879583509638905525e-03 2.954906551167368889e-03 7.621580734848976135e-03 2.226397045888006687e-04 3.933171927928924561e-02 2.961893379688262939e-02 3.458051010966300964e-02 2.505779638886451721e-02 2.084834314882755280e-02 3.232487663626670837e-02 2.274965308606624603e-02 1.989603228867053986e-02 1.208335161209106445e-02 1.863417401909828186e-02 1.150649506598711014e-02 2.867690636776387691e-04 7.189080864191055298e-02 3.421632200479507446e-02 1.150057986378669739e-01 1.773973368108272552e-02 2.973198704421520233e-02 7.986392593011260033e-04 1.177948713302612305e-02 1.258319057524204254e-02 1.036927569657564163e-02 2.199302241206169128e-02 1.659748330712318420e-02 9.993912279605865479e-02 2.981660421937704086e-03 2.206096611917018890e-02 4.517796449363231659e-03 4.515439737588167191e-03 5.963168106973171234e-03 1.956309936940670013e-02 2.531217597424983978e-02 2.356103062629699707e-02 4.855167493224143982e-02 1.101290062069892883e-02 2.183903940021991730e-02 1.379841007292270660e-02 5.601502954959869385e-03 3.349209669977426529e-03 4.329229146242141724e-02 3.573095798492431641e-02 2.397979982197284698e-02 2.752663753926753998e-02 2.533540688455104828e-02 9.251768700778484344e-03 3.241476602852344513e-03 5.724807269871234894e-03 1.120181288570165634e-02 2.454204112291336060e-02 3.084892034530639648e-02 2.418565191328525543e-02 2.329071052372455597e-02 1.670253835618495941e-02 1.734303683042526245e-02 3.749917820096015930e-02 6.601256132125854492e-02 3.282003104686737061e-02
8.694047480821609497e-02 1.568531244993209839e-01 3.588094934821128845e-02 7.759380340576171875e-02 1.676461845636367798e-02 9.101863205432891846e-02 2.231352925300598145e-01 4.194059222936630249e-02 1.573225366882979870e-03 8.174606598913669586e-03 6.558893248438835144e-03 9.006368927657604218e-03 6.431927531957626343e-02 4.897827655076980591e-02 5.364783853292465210e-02 1.491702441126108170e-02 9.382839780300855637e-04 1.358518283814191818e-02 1.861868798732757568e-02 3.419403359293937683e-02 5.311221256852149963e-02 8.098297566175460815e-02 1.747083663940429688e-02 1.746852137148380280e-02 8.800501935184001923e-03 1.863559591583907604e-03 7.546653598546981812e-02 2.704752236604690552e-02 5.725673958659172058e-02 3.647057339549064636e-02 6.986269354820251465e-02 8.531460538506507874e-03 5.326717160642147064e-03 5.488971713930368423e-03 3.913772478699684143e-02 5.133389495313167572e-03 4.332920536398887634e-02 3.816221281886100769e-02 2.609896287322044373e-02 6.792691070586442947e-03 3.034580312669277191e-02 1.230458635836839676e-02 8.150243759155273438e-02 7.352172397077083588e-03 3.976863808929920197e-03 1.574869640171527863e-02 1.517490744590759277e-01 1.736736856400966644e-02 2.177289128303527832e-02 7.658618502318859100e-03 4.151220992207527161e-02 3.088153898715972900e-03 1.698864623904228210e-02 1.673834212124347687e-02 1.673156954348087311e-02 1.509146112948656082e-02 1.397916302084922791e-02 2.585464157164096832e-02 1.043633092194795609e-02 2.314905449748039246e-02 1.429097354412078857e-02 2.072936110198497772e-02 2.079530095215886831e-04 5.507151782512664795e-02 2.910098806023597717e-02 3.428499773144721985e-02 5.034053325653076172e-02 1.670308411121368408e-02 1.825706847012042999e-02 6.479049474000930786e-02 3.005617298185825348e-02 1.676064543426036835e-02 6.096228584647178650e-02 2.042098157107830048e-02 6.855319254100322723e-03 8.613651990890502930e-02 5.808181129395961761e-03 9.839074686169624329e-03 3.539418801665306091e-02 1.752365753054618835e-02 1.007536612451076508e-02 5.268193408846855164e-02 2.973900549113750458e-02 1.889212615787982941e-02 3.001385740935802460e-02 3.979245200753211975e-02 1.093135029077529907e-02 1.023685187101364136e-02 2.222407236695289612e-02 4.008959233760833740e-02 6.851393729448318481e-03 2.991760149598121643e-02 1.810452202335000038e-03 5.904088169336318970e-02 3.214728087186813354e-02 5.698932800441980362e-03 2.923455648124217987e-02 9.013385511934757233e-03 1.508802920579910278e-02 1.468433067202568054e-02 1.318635791540145874e-02 1.796719059348106384e-02 1.108728442341089249e-02 8.154532313346862793e-02 1.806423813104629517e-02 2.792293578386306763e-02 3.999440930783748627e-03 2.352792397141456604e-02 3.911007940769195557e-02 4.642346873879432678e-02 5.322262644767761230e-03 4.163862019777297974e-02 1.126287207007408142e-01 3.948772326111793518e-02 3.880253061652183533e-02 4.151702742092311382e-04
5.832776799798011780e-02 1.328948587179183960e-01 3.632750734686851501e-02 9.170158952474594116e-02 4.629999771714210510e-02 2.231352925300598145e-01 1.233832910656929016e-01 2.066970430314540863e-02 6.922599277459084988e-04 1.402235496789216995e-02 7.659298181533813477e-02 8.081126958131790161e-03 3.780145570635795593e-02 3.199489414691925049e-02 3.513165190815925598e-02 2.401938475668430328e-02 2.807513251900672913e-02 2.065170556306838989e-02 1.590047776699066162e-02 1.059473771601915359e-02 1.432218588888645172e-02 3.179550543427467346e-02 1.223511341959238052e-02 2.117398194968700409e-02 2.693963237106800079e-02 3.067652694880962372e-02 4.448126256465911865e-02 2.557821944355964661e-02 4.092171788215637207e-03 5.521609634160995483e-02 1.270590536296367645e-02 1.148339547216892242e-02 1.431791204959154129e-02 3.565198509022593498e-03 1.909733004868030548e-02 5.489440169185400009e-03 3.610017523169517517e-02 2.224019356071949005e-02 7.414606865495443344e-03 2.495762147009372711e-02 3.780953818932175636e-03 2.337880199775099754e-03 8.930487185716629028e-02 1.134490314871072769e-02 2.887541987001895905e-02 5.644984915852546692e-02 1.238395720720291138e-01 1.313888132572174072e-01 1.167189143598079681e-02 2.306255698204040527e-02 7.665347307920455933e-02 5.128977447748184204e-02 3.187873959541320801e-02 3.779073804616928101e-02 1.476936973631381989e-02 7.012956775724887848e-03 1.978580621653236449e-05 6.974284071475267410e-03 3.203431516885757446e-02 1.395848859101533890e-02 1.293183583766222000e-02 1.850565895438194275e-02 4.887534771114587784e-03 1.746422797441482544e-02 1.270351279526948929e-02 1.048601977527141571e-02 4.139515012502670288e-02 3.051224350929260254e-02 1.973950490355491638e-02 5.968468636274337769e-02 2.638192102313041687e-02 2.599826455116271973e-02 1.148080304265022278e-01 3.706603497266769409e-02 2.569478936493396759e-02 1.212149579077959061e-02 1.361279096454381943e-02 1.342121604830026627e-02 2.497656270861625671e-03 3.269352763891220093e-02 1.103366259485483170e-02 1.901758462190628052e-02 1.640640385448932648e-02 1.480956654995679855e-02 2.538271620869636536e-02 1.327932160347700119e-02 1.391941797919571400e-03 2.993380464613437653e-02 1.066506095230579376e-02 2.285332418978214264e-03 2.049038000404834747e-02 2.338704094290733337e-02 6.674350798130035400e-02 5.034558102488517761e-02 9.322095662355422974e-03 3.054613014683127403e-03 4.423436895012855530e-02 3.453479707241058350e-02 1.089827250689268112e-02 2.279036119580268860e-02 1.694884523749351501e-02 3.265234082937240601e-02 2.489964291453361511e-02 5.935067310929298401e-02 1.751677627908065915e-04 1.067167054861783981e-02 2.076640166342258453e-02 1.200982835143804550e-02 7.910788990557193756e-03 3.996459767222404480e-02 1.096408348530530930e-03 1.363229379057884216e-02 1.028191223740577698e-01 2.630131877958774567e-02 6.022710353136062622e-03 6.645426154136657715e-03
8.770731277763843536e-03 3.400768339633941650e-02 4.005904123187065125e-02 2.621036209166049957e-02 9.703323245048522949e-03 4.194059222936630249e-02 2.066970430314540863e-02 9.371373802423477173e-03 1.096178218722343445e-02 3.652460174635052681e-03 2.318892069160938263e-02 2.610788121819496155e-02 4.121728241443634033e-02 1.381545700132846832e-02 6.159665808081626892e-02 1.995319616980850697e-04 1.044748257845640182e-02 6.509105861186981201e-02 1.505492534488439560e-02 1.101222820580005646e-02 1.704169251024723053e-02 2.272768691182136536e-02 4.356844816356897354e-03 2.143012173473834991e-02 1.295770634897053242e-03 8.667617104947566986e-03 8.160484023392200470e-03 2.671946212649345398e-02 1.466653961688280106e-02 4.133627191185951233e-02 2.579338289797306061e-02 1.620030216872692108e-02 2.045855671167373657e-02 1.181716471910476685e-02 1.367647014558315277e-02 3.149308264255523682e-02 2.876193448901176453e-02 1.079990155994892120e-02 3.869526088237762451e-02 1.867374032735824585e-02 6.534519139677286148e-03 3.439244581386446953e-03 1.043845433741807938e-02 2.346053533256053925e-02 1.622417196631431580e-02 4.023288376629352570e-03 8.505048230290412903e-03 9.808875620365142822e-04 1.069086510688066483e-02 1.444973889738321304e-02 3.697385638952255249e-02 8.856871165335178375e-03 1.790209859609603882e-02 8.129709400236606598e-03 1.438488811254501343e-02 6.171759217977523804e-03 6.447813939303159714e-03 6.822900846600532532e-03 3.668510122224688530e-03 5.994495935738086700e-03 2.806011401116847992e-02 9.485404938459396362e-03 1.213925983756780624e-02 3.952959552407264709e-02 2.343588136136531830e-02 3.009063750505447388e-02 4.884927067905664444e-03 1.263136975467205048e-03 1.948673278093338013e-02 2.502151951193809509e-02 8.231019601225852966e-03 5.290886014699935913e-02 4.772150143980979919e-02 4.430960863828659058e-02 3.173324465751647949e-02 3.716796636581420898e-02 2.680105902254581451e-02 1.718957349658012390e-02 6.063537206500768661e-03 8.785989135503768921e-03 1.140661165118217468e-01 7.659637928009033203e-02 5.589324980974197388e-02 2.365904487669467926e-02 1.224122848361730576e-02 1.380199659615755081e-02 7.140576839447021484e-02 4.571296274662017822e-02 3.276837989687919617e-02 1.734157837927341461e-02 1.280705258250236511e-02 2.842417918145656586e-02 1.232714019715785980e-02 3.431760473176836967e-03 5.634655803442001343e-02 3.507326915860176086e-02 4.671665839850902557e-03 3.133209422230720520e-03 2.966765686869621277e-02 2.449651807546615601e-02 1.723011210560798645e-02 4.428260494023561478e-03 2.779677323997020721e-02 3.751771897077560425e-02 3.553425660356879234e-03 2.315199933946132660e-02 2.643682062625885010e-02 2.594811283051967621e-02 1.403249334543943405e-03 6.182040553539991379e-03 1.681745424866676331e-02 3.971239924430847168e-02 9.255414828658103943e-03 1.922849565744400024e-02 1.066823583096265793e-02 1.014411682263016701e-03
3.284242376685142517e-02 1.697452552616596222e-02 3.677022084593772888e-02 6.122544035315513611e-02 7.160905748605728149e-03 1.573225366882979870e-03 6.922599277459084988e-04 1.096178218722343445e-02 6.732423603534698486e-02 1.138870865106582642e-01 2.618143707513809204e-02 1.096544042229652405e-01 1.643100194633007050e-02 6.107128784060478210e-02 5.112825706601142883e-02 7.405094336718320847e-03 1.925051584839820862e-02 5.834780260920524597e-02 5.235662683844566345e-02 2.686884626746177673e-02 9.032065048813819885e-03 4.080078378319740295e-02 3.550646826624870300e-02 3.861546143889427185e-02 6.336272694170475006e-03 5.444943159818649292e-02 1.634759083390235901e-02 1.553208753466606140e-02 9.121645241975784302e-03 2.020475082099437714e-02 5.937537178397178650e-03 7.726942654699087143e-03 2.902305871248245239e-02 3.913935646414756775e-02 1.179457828402519226e-02 2.617301419377326965e-02 8.017749525606632233e-03 1.781030790880322456e-03 2.906605601310729980e-02 7.361630909144878387e-03 3.349658846855163574e-02 3.781186044216156006e-02 5.652987863868474960e-03 6.353732664138078690e-03 5.022413283586502075e-02 1.856810064055025578e-03 5.552749708294868469e-02 2.177903428673744202e-02 1.784836314618587494e-02 1.555528957396745682e-02 2.412772504612803459e-03 3.084888495504856110e-02 1.962659880518913269e-02 2.859119139611721039e-02 7.549820095300674438e-02 4.865384835284203291e-04 2.032013237476348877e-02 1.124946773052215576e-02 2.012866176664829254e-02 1.797887682914733887e-02 2.573306672275066376e-03 3.375373780727386475e-02 3.017818182706832886e-02 3.421138972043991089e-03 2.083505690097808838e-02 8.915546350181102753e-03 3.524402156472206116e-02 7.531048264354467392e-03 6.865475326776504517e-02 2.674771659076213837e-02 4.514569789171218872e-02 1.248494163155555725e-02 6.500042974948883057e-02 1.263589411973953247e-02 1.586508937180042267e-02 3.293564170598983765e-02 1.547034680843353271e-01 9.099148213863372803e-02 7.288310676813125610e-02 2.430909499526023865e-02 7.077291957102715969e-04 2.216367796063423157e-02 5.708545446395874023e-02 3.833762928843498230e-02 2.436488494277000427e-02 1.531754247844219208e-02 1.866140216588973999e-02 2.061747200787067413e-02 6.086440756916999817e-02 7.576872408390045166e-02 4.123688268009573221e-05 3.166515752673149109e-02 1.859160140156745911e-02 6.542228162288665771e-02 2.957343496382236481e-02 3.685476630926132202e-02 1.783620752394199371e-02 1.653521880507469177e-02 1.385931670665740967e-01 7.008042931556701660e-02 3.558306396007537842e-02 1.853401400148868561e-02 2.963252551853656769e-02 1.022978802211582661e-03 1.494750753045082092e-02 3.390094265341758728e-02 1.700863614678382874e-02 1.829099841415882111e-02 1.820860058069229126e-02 4.688110668212175369e-03 2.750373631715774536e-02 4.172257333993911743e-02 2.088180370628833771e-02 1.928414776921272278e-02 2.313711307942867279e-02 3.328568115830421448e-02
1.444742176681756973e-02 8.848532103002071381e-03 5.061317235231399536e-03 3.707000613212585449e-02 1.862892694771289825e-02 8.174606598913669586e-03 1.402235496789216995e-02 3.652460174635052681e-03 1.138870865106582642e-01 3.635249286890029907e-02 4.934018477797508240e-03 3.487700596451759338e-03 4.304662346839904785e-03 3.961419314146041870e-02 1.114572118967771530e-02 4.819703288376331329e-03 2.026577293872833252e-02 3.411651030182838440e-02 6.758791208267211914e-02 4.531345516443252563e-02 4.077930375933647156e-02 1.095623988658189774e-02 4.814402665942907333e-03 1.948206126689910889e-02 4.867303371429443359e-02 4.396039992570877075e-02 5.323707312345504761e-02 4.129005968570709229e-02 7.233170326799154282e-03 3.189003467559814453e-02 3.688697144389152527e-02 1.095459051430225372e-02 2.426706440746784210e-02 5.860708188265562057e-03 1.964320614933967590e-02 1.952575705945491791e-02 3.614871576428413391e-02 1.029142178595066071e-02 2.401374280452728271e-02 1.983992010354995728e-02 2.685056999325752258e-02 9.665422141551971436e-03 5.941400886513292789e-04 8.257038891315460205e-02 3.683127462863922119e-02 4.041894525289535522e-02 2.802290208637714386e-02 9.794725105166435242e-03 6.838931236416101456e-03 6.393595784902572632e-02 1.865138672292232513e-02 5.461775697767734528e-03 9.218479506671428680e-03 5.660336464643478394e-03 3.637693077325820923e-02 5.473363399505615234e-02 2.463573589920997620e-02 4.853008140344172716e-04 1.287528127431869507e-02 1.970702782273292542e-02 2.169685438275337219e-02 5.271919071674346924e-04 1.668584346771240234e-02 2.793824858963489532e-02 1.535487454384565353e-02 4.466522485017776489e-03 2.144973911345005035e-02 4.337094724178314209e-02 1.447235554223880172e-04 2.714641019701957703e-02 4.213536903262138367e-02 1.485051214694976807e-02 6.410650908946990967e-02 4.358126223087310791e-02 1.283757854253053665e-02 1.025868114084005356e-02 6.093082949519157410e-02 1.149737611413002014e-01 5.712370947003364563e-02 9.258174896240234375e-02 1.988870650529861450e-02 3.746148198843002319e-02 9.714479558169841766e-03 5.572755262255668640e-02 3.580252826213836670e-02 2.964872308075428009e-02 8.129338733851909637e-03 2.692951820790767670e-04 3.953863400965929031e-03 6.919008493423461914e-02 5.209879949688911438e-03 4.058537632226943970e-02 1.639930345118045807e-02 1.604685001075267792e-02 6.372410804033279419e-03 3.847469389438629150e-02 5.374337360262870789e-02 3.623668849468231201e-02 2.260159142315387726e-02 2.798598632216453552e-02 3.898108005523681641e-02 3.613572567701339722e-02 2.272395789623260498e-02 4.825530201196670532e-02 2.725799754261970520e-02 4.271369427442550659e-03 2.229958027601242065e-02 2.529699169099330902e-02 1.891174539923667908e-02 4.855761304497718811e-03 3.081164881587028503e-02 1.253876276314258575e-02 2.941535087302327156e-03 4.176079854369163513e-02 9.871806018054485321e-03 3.664408111944794655e-03
1.452006101608276367e-01 6.462617218494415283e-02 5.717665422707796097e-03 5.012266803532838821e-03 5.776975769549608231e-03 6.558893248438835144e-03 7.659298181533813477e-02 2.318892069160938263e-02 2.618143707513809204e-02 4.934018477797508240e-03 1.608674675226211548e-01 2.144673839211463928e-02 7.256905734539031982e-02 2.081301296129822731e-03 2.739236131310462952e-02 9.108278900384902954e-03 3.846121579408645630e-02 3.998603206127882004e-03 4.114052280783653259e-02 4.832197725772857666e-02 1.722110551781952381e-03 6.729323416948318481e-02 2.089235000312328339e-03 3.778629004955291748e-03 1.961043477058410645e-02 1.417110301554203033e-02 5.270561948418617249e-02 2.324942313134670258e-02 8.799532800912857056e-02 3.886232525110244751e-02 2.310497127473354340e-02 7.002410129643976688e-04 2.327674068510532379e-02 7.453963160514831543e-03 1.137095224112272263e-02 3.176979348063468933e-02 2.993581071496009827e-02 6.772318482398986816e-02 1.584742218255996704e-02 6.591518409550189972e-03 2.414673753082752228e-02 7.605611812323331833e-03 1.732316985726356506e-02 1.991927623748779297e-02 4.487235844135284424e-02 1.261674519628286362e-02 1.070917919278144836e-01 9.968731552362442017e-02 1.367128640413284302e-02 9.451184421777725220e-03 1.057795062661170959e-02 1.951168663799762726e-02 3.414563834667205811e-02 1.737166382372379303e-02 2.514819148927927017e-03 4.915699828416109085e-03 4.761348664760589600e-02 1.165035273879766464e-02 9.647499769926071167e-03 5.162928253412246704e-03 3.318417157061048783e-06 3.215151280164718628e-02 4.791688174009323120e-03 1.173528935760259628e-02 7.191047072410583496e-02 4.237391054630279541e-02 6.656587123870849609e-03 1.571877859532833099e-02 2.360963029786944389e-03 1.603019051253795624e-02 1.878396049141883850e-02 7.555290590971708298e-03 1.035790774039924145e-03 6.949829310178756714e-02 6.128768902271986008e-03 2.992586605250835419e-02 2.736111357808113098e-02 9.144639596343040466e-03 4.562843590974807739e-02 1.767993345856666565e-02 3.386779874563217163e-02 2.147832699120044708e-02 2.371926093474030495e-03 3.426653891801834106e-02 2.507660724222660065e-02 2.767875790596008301e-02 4.572702571749687195e-02 3.816373646259307861e-02 1.945321098901331425e-03 1.736534200608730316e-02 1.143532469868659973e-01 4.254570603370666504e-02 5.884648859500885010e-02 5.318961292505264282e-02 7.235789671540260315e-03 2.580148540437221527e-02 5.682608857750892639e-02 2.054076083004474640e-02 1.840777578763663769e-03 2.757135219871997833e-02 9.834157302975654602e-03 1.811245270073413849e-02 2.342171967029571533e-02 2.754600346088409424e-02 2.331177238374948502e-03 3.294740617275238037e-02 7.123494055122137070e-03 1.737825386226177216e-02 1.483039744198322296e-02 4.270673543214797974e-02 2.262015081942081451e-02 4.141891002655029297e-02 3.334811702370643616e-02 6.233162060379981995e-02 4.203703626990318298e-02 4.613156616687774658e-02
5.874076113104820251e-02 5.282001197338104248e-02 2.771558053791522980e-02 1.828437438234686852e-03 2.874396182596683502e-02 9.006368927657604218e-03 8.081126958131790161e-03 2.610788121819496155e-02 1.096544042229652405e-01 3.487700596451759338e-03 2.144673839211463928e-02 8.734121918678283691e-02 2.395207528024911880e-03 2.621939480304718018e-01 1.567930169403553009e-02 4.216223023831844330e-03 9.944840567186474800e-04 1.979115419089794159e-02 4.208686202764511108e-02 6.449901848100125790e-04 1.403234153985977173e-02 1.642729714512825012e-02 7.983604818582534790e-02 4.762304946780204773e-02 6.157810799777507782e-03 3.351097111590206623e-04 2.686177007853984833e-02 1.416597366333007812e-01 2.030232921242713928e-03 1.716478168964385986e-01 8.189531043171882629e-03 4.274007678031921387e-02 1.270058378577232361e-02 1.425803266465663910e-02 3.264644369482994080e-02 2.106998302042484283e-02 4.027939215302467346e-02 1.133433729410171509e-02 1.118110306560993195e-02 2.592342905700206757e-03 2.227171696722507477e-02 5.283606238663196564e-03 2.144300192594528198e-02 2.899566665291786194e-02 4.928339272737503052e-02 3.126247785985469818e-03 5.446370318531990051e-02 4.072921350598335266e-02 5.297509953379631042e-02 8.354586362838745117e-02 3.587222890928387642e-03 1.312372367829084396e-02 5.997872911393642426e-03 1.112422440201044083e-02 2.970197424292564392e-02 2.234580367803573608e-02 4.231822490692138672e-02 6.238161027431488037e-02 2.733865380287170410e-02 3.200590610504150391e-02 2.647228352725505829e-02 3.332529589533805847e-02 3.426259756088256836e-02 1.413147989660501480e-02 2.430250868201255798e-02 9.711999446153640747e-03 3.058350412175059319e-03 2.234392799437046051e-02 3.394227474927902222e-02 2.337325364351272583e-02 2.054401300847530365e-02 2.682968042790889740e-02 4.367423430085182190e-02 3.704315423965454102e-02 1.675927825272083282e-02 1.654824614524841309e-02 9.882109612226486206e-02 1.540244836360216141e-02 5.325245857238769531e-02 5.543719977140426636e-02 1.032341830432415009e-02 1.964322436833754182e-04 4.897329956293106079e-02 3.546965494751930237e-02 2.060256898403167725e-02 9.067519567906856537e-03 1.549275475554168224e-03 2.300762012600898743e-02 1.886131763458251953e-01 5.144433677196502686e-02 3.578269481658935547e-02 1.475223619490861893e-02 1.250778231769800186e-02 2.833593823015689850e-02 2.408813312649726868e-02 1.388264470733702183e-03 1.926489919424057007e-02 4.184952750802040100e-02 3.271053358912467957e-02 3.908361494541168213e-02 8.553137071430683136e-03 3.492932301014661789e-03 1.694164425134658813e-02 2.219561487436294556e-02 3.133099898695945740e-02 3.894711285829544067e-02 2.728377236053347588e-03 4.361843224614858627e-03 3.077692724764347076e-02 2.872797101736068726e-02 2.970753982663154602e-02 7.143750786781311035e-02 1.057405956089496613e-02 4.415034502744674683e-02 6.205637939274311066e-03 1.339719165116548538e-02
1.029108241200447083e-01 8.960033208131790161e-02 4.886000417172908783e-03 3.432830562815070152e-03 2.150060422718524933e-02 6.431927531957626343e-02 3.780145570635795593e-02 4.121728241443634033e-02 1.643100194633007050e-02 4.304662346839904785e-03 7.256905734539031982e-02 2.395207528024911880e-03 1.190629452466964722e-01 4.108876362442970276e-02 4.829460382461547852e-02 5.597565323114395142e-03 4.629765637218952179e-03 8.076986297965049744e-03 2.236566878855228424e-02 2.613289095461368561e-02 2.057114616036415100e-02 5.077922716736793518e-02 9.241349995136260986e-03 1.043214742094278336e-02 2.821984887123107910e-02 1.958923041820526123e-02 2.136082760989665985e-02 2.291388995945453644e-02 3.800012869760394096e-03 3.335895016789436340e-02 4.310607537627220154e-02 3.391979262232780457e-03 7.641200907528400421e-03 1.674758456647396088e-02 3.618139773607254028e-02 9.804582223296165466e-03 2.638529986143112183e-02 2.999970456585288048e-03 4.170070216059684753e-02 2.979473955929279327e-02 3.957126662135124207e-02 2.665135310962796211e-03 9.809345938265323639e-03 1.773243397474288940e-02 4.746734350919723511e-02 2.104549668729305267e-02 1.094050109386444092e-01 3.660824522376060486e-02 7.418472319841384888e-03 1.232846919447183609e-02 1.669308170676231384e-02 2.762802317738533020e-02 1.829611137509346008e-02 2.029110491275787354e-02 1.826845854520797729e-02 1.078579109162092209e-02 2.118508890271186829e-02 2.267025969922542572e-02 1.334719453006982803e-02 1.781473681330680847e-02 6.739072967320680618e-03 2.079166285693645477e-02 9.535552002489566803e-03 2.410511858761310577e-02 1.476793549954891205e-02 7.051103562116622925e-02 8.601545356214046478e-03 2.292191609740257263e-02 1.946879364550113678e-02 2.446184493601322174e-02 2.397300489246845245e-02 1.290029659867286682e-02 4.273642320185899734e-03 3.709363192319869995e-02 1.835363171994686127e-02 7.191348075866699219e-02 2.566327527165412903e-02 4.964415449649095535e-03 1.403299509547650814e-03 1.456545945256948471e-02 3.622974827885627747e-02 4.555610194802284241e-02 9.641994722187519073e-03 1.716225594282150269e-02 2.017490006983280182e-02 2.072793198749423027e-03 3.616350144147872925e-02 3.631427884101867676e-02 2.308030053973197937e-02 1.141762454062700272e-02 5.402771010994911194e-02 3.281531482934951782e-02 1.817826181650161743e-02 8.330097049474716187e-02 2.484989911317825317e-02 1.720319502055644989e-02 1.513885520398616791e-02 3.731602430343627930e-02 2.939691394567489624e-02 6.353402975946664810e-03 3.465211717411875725e-03 2.591243246570229530e-03 1.550721563398838043e-02 7.158143073320388794e-02 3.800683422014117241e-03 2.423378825187683105e-02 7.243911735713481903e-03 9.664569981396198273e-03 4.316534381359815598e-03 1.333618722856044769e-02 5.254466831684112549e-02 4.109324514865875244e-02 1.261867675930261612e-02 1.603371277451515198e-02 2.834897954016923904e-03 6.396500021219253540e-02
