2.764466404914855957e-01 1.393078118562698364e-01 1.309298258274793625e-02 1.263774465769529343e-02 1.498475787229835987e-03 1.067589446902275085e-01 8.575347065925598145e-02 2.488910220563411713e-02 7.315673399716615677e-03 4.287033900618553162e-02 8.722709864377975464e-02 3.561738878488540649e-02 6.807854771614074707e-02 3.318315371870994568e-02 5.596838146448135376e-02 1.273117843084037304e-03 2.281675115227699280e-03 4.280048422515392303e-03 2.426557242870330811e-02 4.920293763279914856e-02 9.063541889190673828e-03 8.384118787944316864e-03 1.414123922586441040e-02 2.087389864027500153e-02 1.783409505151212215e-03 3.975365310907363892e-02 1.205957122147083282e-02 5.430842190980911255e-02 3.877101466059684753e-02 3.884889185428619385e-02 2.596021629869937897e-02 5.612773820757865906e-02 2.542586438357830048e-02 5.145868286490440369e-02 4.179336130619049072e-02 1.447955262847244740e-03 7.609754800796508789e-03 4.615762736648321152e-03 5.032420158386230469e-02 1.715317182242870331e-02 2.740774303674697876e-02 1.315055508166551590e-02 3.304739249870181084e-03 1.714774034917354584e-02 9.618978947401046753e-03 6.736160814762115479e-02 8.232134580612182617e-02 2.087459340691566467e-02 1.215247530490159988e-02 1.196650601923465729e-02 5.372733343392610550e-03 5.864746402949094772e-03 3.673322498798370361e-03 2.787697315216064453e-02 4.500468820333480835e-02 4.382003098726272583e-02 2.574129402637481689e-02 2.039682120084762573e-02 8.577488362789154053e-03 4.084348678588867188e-02 3.610494732856750488e-02 3.623615577816963196e-02 1.365044713020324707e-02 3.701828792691230774e-02 3.857294470071792603e-02 1.817650906741619110e-02 2.890095114707946777e-03 8.275047875940799713e-03 2.769108675420284271e-02 2.102233096957206726e-02 2.820562012493610382e-02 5.757075850851833820e-04 4.533330723643302917e-02 3.764004213735461235e-03 2.387752570211887360e-02 3.233926603570580482e-03 3.980482928454875946e-03 2.049713768064975739e-02 4.805129021406173706e-02 6.413852423429489136e-02 6.563210859894752502e-03 2.881828136742115021e-02 1.897355687106028199e-04 1.209457404911518097e-02 2.861760184168815613e-02 2.837846241891384125e-02 8.103707805275917053e-03 4.087732668267562985e-05 4.791958257555961609e-02 1.176819088868796825e-03 7.738647609949111938e-02 1.682035508565604687e-03 6.315300613641738892e-02 3.758441889658570290e-03 1.871742680668830872e-02 8.155134506523609161e-03 2.955683693289756775e-02 3.537549078464508057e-02 4.864422604441642761e-03 3.377337241545319557e-03 3.848170861601829529e-03 1.686520990915596485e-03 2.189669199287891388e-02 2.072394825518131256e-02 5.288787186145782471e-02 7.116585504263639450e-03 1.015936117619276047e-02 4.351082257926464081e-03 1.070012710988521576e-02 1.559884939342737198e-02 8.557393215596675873e-03 1.517423801124095917e-02 1.260158978402614594e-02 6.127150729298591614e-03 3.627763688564300537e-02 1.982030458748340607e-02
1.393078118562698364e-01 2.788868844509124756e-01 3.572731511667370796e-03 1.045530289411544800e-02 1.784609071910381317e-02 1.041379421949386597e-01 1.027632281184196472e-01 8.432383649051189423e-03 1.000795396976172924e-03 3.787387162446975708e-02 8.988686650991439819e-02 1.458568871021270752e-02 9.738322347402572632e-02 2.810532599687576294e-02 6.572896987199783325e-02 7.967022247612476349e-04 9.032379020936787128e-04 1.248695515096187592e-02 4.197279736399650574e-02 4.620723053812980652e-02 9.597542695701122284e-03 2.984667196869850159e-02 5.259490571916103363e-03 4.418740514665842056e-03 8.595092222094535828e-03 3.180620819330215454e-02 3.450507670640945435e-02 4.781956225633621216e-02 1.747973822057247162e-02 4.173987731337547302e-02 1.618811674416065216e-02 4.335273057222366333e-02 1.071650721132755280e-02 3.393745422363281250e-02 4.021776840090751648e-02 1.058248523622751236e-02 2.035577595233917236e-02 5.214016884565353394e-03 4.063861817121505737e-02 2.942944690585136414e-02 2.528149448335170746e-02 1.324858143925666809e-02 6.559806410223245621e-03 3.400255367159843445e-02 2.607009373605251312e-02 4.347541928291320801e-02 7.642581313848495483e-02 3.525315970182418823e-02 1.910517923533916473e-02 2.939033694565296173e-02 1.106080412864685059e-02 6.877518258988857269e-03 3.396452218294143677e-02 6.187535449862480164e-02 2.830577269196510315e-02 4.320987313985824585e-02 3.220270574092864990e-02 1.337286084890365601e-02 1.578870043158531189e-02 4.378795251250267029e-02 2.790626883506774902e-02 3.627415373921394348e-02 2.651945501565933228e-02 1.003477443009614944e-02 2.096397243440151215e-02 1.887440122663974762e-02 3.426135983318090439e-03 3.312061075121164322e-03 2.885856293141841888e-02 1.697269640862941742e-02 3.326198458671569824e-02 2.189740352332592010e-02 2.877359092235565186e-02 1.277977018617093563e-03 1.589181460440158844e-02 2.360628359019756317e-02 5.733867175877094269e-03 1.719235815107822418e-02 4.614118859171867371e-02 6.196211278438568115e-02 4.753933474421501160e-02 3.657861053943634033e-02 2.644297853112220764e-02 3.481969237327575684e-02 2.376213483512401581e-02 3.073388151824474335e-02 2.651168033480644226e-02 2.843355759978294373e-02 3.971920907497406006e-02 9.428570978343486786e-03 9.316051751375198364e-02 5.351961590349674225e-03 7.063855975866317749e-02 3.636975307017564774e-03 2.787176519632339478e-02 1.281559187918901443e-02 1.500344555824995041e-02 4.523833841085433960e-02 9.297810494899749756e-03 9.109272621572017670e-03 1.526785641908645630e-02 1.288483012467622757e-02 5.477127851918339729e-04 4.166114702820777893e-02 3.546353429555892944e-02 1.218489650636911392e-02 4.550090525299310684e-03 3.301721066236495972e-02 6.221744231879711151e-03 3.062826953828334808e-02 2.737258560955524445e-02 4.946444649249315262e-03 1.618775539100170135e-02 9.575042873620986938e-03 3.937504440546035767e-02 3.591097146272659302e-02
1.309298258274793625e-02 3.572731511667370796e-03 2.674517333507537842e-01 2.657678676769137383e-03 5.025047436356544495e-02 2.232529036700725555e-02 1.296460907906293869e-02 1.369136720895767212e-01 9.314885362982749939e-03 1.152920443564653397e-02 9.121354669332504272e-03 3.161785751581192017e-02 2.517879940569400787e-02 4.871017485857009888e-02 9.109861217439174652e-03 1.714527793228626251e-02 2.599752694368362427e-02 2.354978583753108978e-02 2.478745207190513611e-02 1.473409868776798248e-02 2.412522211670875549e-02 1.802946254611015320e-02 4.935448244214057922e-02 3.927193582057952881e-02 4.775143414735794067e-02 3.515810146927833557e-02 8.074893802404403687e-02 4.688765853643417358e-02 6.175600364804267883e-02 1.528881117701530457e-02 3.707878291606903076e-02 2.725815400481224060e-02 6.319846957921981812e-02 4.045053571462631226e-02 2.942554466426372528e-02 3.556682541966438293e-02 4.107957705855369568e-02 1.765803783200681210e-03 9.118425101041793823e-02 1.937772333621978760e-01 3.773066028952598572e-02 5.076467990875244141e-03 2.844221144914627075e-02 3.170340508222579956e-02 3.441065549850463867e-02 3.022055700421333313e-02 1.924815960228443146e-02 6.194210145622491837e-04 2.405298314988613129e-02 7.548976689577102661e-02 2.330054529011249542e-02 2.929510083049535751e-03 4.720879718661308289e-02 1.732019707560539246e-02 8.388818800449371338e-02 3.475834149867296219e-03 9.785472601652145386e-02 7.179803401231765747e-02 1.086243167519569397e-01 5.692163109779357910e-02 1.857190579175949097e-02 2.132467180490493774e-02 2.011051587760448456e-02 1.140407621860504150e-01 2.798448689281940460e-02 4.497628286480903625e-02 1.181740313768386841e-02 2.087999507784843445e-02 2.682045474648475647e-02 7.124569267034530640e-02 3.435467556118965149e-02 3.813658282160758972e-02 3.515380248427391052e-02 6.022397801280021667e-02 5.357257090508937836e-03 4.857186228036880493e-03 2.200163714587688446e-02 4.649263620376586914e-02 3.016523458063602448e-02 5.376993492245674133e-02 2.775426805019378662e-01 1.998718678951263428e-01 4.168936982750892639e-02 3.418052196502685547e-02 4.948017653077840805e-03 1.656559482216835022e-02 2.599501609802246094e-02 1.769454963505268097e-02 1.931273005902767181e-02 6.239011511206626892e-02 2.033218555152416229e-02 4.818338493350893259e-05 2.280649356544017792e-02 6.760909408330917358e-02 3.036702796816825867e-02 1.029741987586021423e-01 1.152200102806091309e-01 3.203388303518295288e-02 2.834703400731086731e-02 1.218790281563997269e-02 1.277696900069713593e-02 3.626862540841102600e-02 5.879483744502067566e-02 2.138663083314895630e-02 2.956143207848072052e-02 1.678166165947914124e-02 3.474747389554977417e-02 4.570363834500312805e-02 6.280633155256509781e-03 6.292532663792371750e-03 7.972215302288532257e-03 1.628195866942405701e-02 9.876631200313568115e-03 3.069136478006839752e-02 6.655129790306091309e-02 3.806339576840400696e-02
1.263774465769529343e-02 1.045530289411544800e-02 2.657678676769137383e-03 2.642624974250793457e-01 1.118255481123924255e-01 1.976746506989002228e-02 1.733863353729248047e-02 2.897450514137744904e-02 1.400174759328365326e-02 9.704920463263988495e-03 9.843582287430763245e-03 2.616753801703453064e-02 2.045428613200783730e-03 1.283528469502925873e-02 1.945023611187934875e-02 3.064820170402526855e-02 6.070625036954879761e-03 2.867484837770462036e-02 8.053364232182502747e-03 1.359063200652599335e-02 4.782080650329589844e-03 2.743516117334365845e-02 2.355569228529930115e-02 2.043651044368743896e-02 1.622806675732135773e-02 3.160729538649320602e-03 1.289899228140711784e-03 4.328566789627075195e-02 1.669976674020290375e-02 4.420599341392517090e-02 2.954112924635410309e-02 3.908545151352882385e-02 2.594886533915996552e-02 2.737453393638134003e-02 5.001211538910865784e-02 5.373091902583837509e-03 1.388374716043472290e-02 3.180855186656117439e-03 1.931879222393035889e-01 8.051831275224685669e-02 2.308147028088569641e-02 1.457564719021320343e-02 5.480421707034111023e-03 9.858295321464538574e-02 3.914151713252067566e-02 6.606027483940124512e-02 2.845079265534877777e-02 4.703044518828392029e-02 5.025467276573181152e-02 3.087743557989597321e-02 3.182102367281913757e-02 3.261588886380195618e-02 5.572117120027542114e-02 2.424682024866342545e-03 3.552380949258804321e-03 1.643614470958709717e-02 1.089874561876058578e-02 9.532144293189048767e-03 9.151680022478103638e-02 2.544088475406169891e-02 1.694145053625106812e-02 2.748980000615119934e-02 8.017321676015853882e-02 2.819194830954074860e-02 3.050926886498928070e-02 5.180100910365581512e-03 4.593555256724357605e-02 4.486014321446418762e-02 3.379024565219879150e-02 2.940078964456915855e-03 2.548473887145519257e-02 1.627815142273902893e-02 7.121449708938598633e-02 7.914518006145954132e-03 2.562154317274689674e-03 8.274633437395095825e-03 3.058621101081371307e-02 2.553457580506801605e-02 4.047436267137527466e-02 2.699950477108359337e-03 1.360407192260026932e-02 1.394918188452720642e-02 9.932579100131988525e-02 6.275083124637603760e-02 2.139340341091156006e-02 1.272960193455219269e-02 1.457026973366737366e-02 6.897605024278163910e-03 2.687059156596660614e-02 2.627128735184669495e-02 2.652021124958992004e-02 7.606732659041881561e-03 2.266996540129184723e-02 4.097750061191618443e-04 2.431707270443439484e-02 2.316058799624443054e-02 1.919752731919288635e-02 5.720329470932483673e-03 3.190696612000465393e-02 3.723208606243133545e-02 1.782311155693605542e-04 1.584542682394385338e-03 3.574179112911224365e-02 3.715753182768821716e-02 2.700761705636978149e-02 6.137972697615623474e-03 2.852270845323801041e-04 1.635434478521347046e-02 5.129262339323759079e-03 2.729636058211326599e-02 6.512816995382308960e-02 2.233873121440410614e-02 1.578012853860855103e-02 9.923739358782768250e-03 1.100063975900411606e-02 4.721322283148765564e-02
1.498475787229835987e-03 1.784609071910381317e-02 5.025047436356544495e-02 1.118255481123924255e-01 2.630145251750946045e-01 1.412968058139085770e-02 2.345444448292255402e-02 1.260570483282208443e-03 2.846397459506988525e-02 3.038558550179004669e-02 3.887328319251537323e-03 2.012619003653526306e-02 7.311076391488313675e-03 1.213326957076787949e-02 9.631779044866561890e-03 3.886605054140090942e-02 3.524984419345855713e-02 3.810321912169456482e-02 3.265680279582738876e-04 2.979975380003452301e-02 7.462469860911369324e-03 2.005343511700630188e-02 2.462929673492908478e-02 2.890374138951301575e-02 1.754026114940643311e-02 2.695967629551887512e-02 2.614214085042476654e-03 1.206084247678518295e-02 1.067187357693910599e-02 1.576351001858711243e-02 1.499513629823923111e-02 1.193714141845703125e-02 3.461190313100814819e-02 2.525314921513199806e-03 2.974047698080539703e-02 1.515476126223802567e-02 1.018580514937639236e-02 1.679612882435321808e-02 2.390518411993980408e-02 1.015238985419273376e-01 9.040313772857189178e-03 4.238083958625793457e-02 1.395865250378847122e-02 5.413914471864700317e-02 2.066110447049140930e-02 6.299731880426406860e-02 5.411469377577304840e-03 1.665997132658958435e-02 6.513005588203668594e-03 1.277801487594842911e-02 2.286348119378089905e-02 2.443986199796199799e-02 2.610619552433490753e-02 6.023144721984863281e-02 7.016320247203111649e-03 6.543304305523633957e-03 1.731266826391220093e-02 1.531306561082601547e-02 8.183243125677108765e-02 4.736936464905738831e-02 4.409990087151527405e-02 1.959966868162155151e-02 4.874327033758163452e-02 2.991517772898077965e-03 3.483398258686065674e-02 1.631633006036281586e-02 1.764665730297565460e-02 3.110315091907978058e-02 3.807380795478820801e-02 6.466443184763193130e-03 1.695634983479976654e-02 2.088634483516216278e-02 3.940396755933761597e-02 1.705429702997207642e-02 4.477350413799285889e-02 1.806019246578216553e-02 5.340573564171791077e-02 3.907493501901626587e-02 8.886166848242282867e-03 4.933778569102287292e-02 1.204254012554883957e-02 2.668539620935916901e-02 9.458333998918533325e-02 9.026670455932617188e-02 3.220746293663978577e-02 8.558944799005985260e-03 2.466851100325584412e-02 3.863230580464005470e-03 1.842245110310614109e-03 3.942684736102819443e-03 6.576963234692811966e-03 3.401309484615921974e-03 1.231612544506788254e-02 9.645725600421428680e-03 2.469897270202636719e-02 1.984678581357002258e-02 3.627675771713256836e-02 4.217277467250823975e-02 3.361904993653297424e-02 3.016422316431999207e-02 1.625088602304458618e-02 2.652979083359241486e-02 4.738599807024002075e-02 7.957220077514648438e-03 3.602402284741401672e-02 4.534330964088439941e-02 2.649542689323425293e-02 7.736473344266414642e-03 5.382186919450759888e-02 3.089577425271272659e-03 2.089533582329750061e-02 8.313278667628765106e-03 1.204536575824022293e-02 7.089945487678050995e-03 1.996186561882495880e-03 1.683064363896846771e-02
1.067589446902275085e-01 1.041379421949386597e-01 2.232529036700725555e-02 1.976746506989002228e-02 1.412968058139085770e-02 3.057062923908233643e-01 1.198629811406135559e-01 1.162243541330099106e-02 6.226731464266777039e-03 4.975472018122673035e-02 5.045167356729507446e-02 5.911897495388984680e-02 4.174060001969337463e-02 4.213866218924522400e-02 9.026979096233844757e-03 3.908395767211914062e-03 7.922991178929805756e-03 7.472428493201732635e-03 1.133112143725156784e-02 2.947591803967952728e-02 7.723757531493902206e-03 2.088121697306632996e-02 9.749535471200942993e-03 1.283363555558025837e-03 2.987887710332870483e-03 4.912213236093521118e-02 1.056885696016252041e-03 7.838579267263412476e-02 2.905983943492174149e-03 5.144698172807693481e-02 4.876673687249422073e-03 5.991387739777565002e-02 1.156806387007236481e-02 5.008673667907714844e-02 5.158494412899017334e-02 7.415734697133302689e-03 8.389879949390888214e-03 9.231225587427616119e-03 1.432382129132747650e-02 1.827323809266090393e-02 4.179364442825317383e-02 1.063640788197517395e-02 1.600078493356704712e-02 2.559651806950569153e-02 9.447359479963779449e-03 6.766463816165924072e-02 1.083362177014350891e-01 7.488364726305007935e-02 2.717803418636322021e-02 4.828444123268127441e-02 7.421586778946220875e-04 6.069144234061241150e-03 2.273441106081008911e-02 6.437325477600097656e-02 2.198338694870471954e-02 2.308880537748336792e-02 1.088506821542978287e-02 1.606226153671741486e-02 2.031716145575046539e-02 4.909427464008331299e-02 1.772296242415904999e-02 2.582160197198390961e-02 2.025655843317508698e-02 3.201479464769363403e-02 1.252415589988231659e-03 4.818374291062355042e-03 1.407552976161241531e-02 6.169974803924560547e-03 2.258773893117904663e-02 3.714565560221672058e-02 2.573432587087154388e-02 1.076349336653947830e-02 4.975776374340057373e-02 3.923456650227308273e-03 2.050255052745342255e-02 1.895782887004315853e-03 7.842940278351306915e-03 1.965240016579627991e-02 6.727253552526235580e-03 2.669905871152877808e-02 3.372415155172348022e-02 2.341610193252563477e-02 1.490120077505707741e-03 1.426752656698226929e-02 3.341779485344886780e-02 2.826932817697525024e-02 1.506486162543296814e-02 5.616003181785345078e-03 1.036313474178314209e-01 2.977830171585083008e-02 7.852022349834442139e-02 1.927610859274864197e-02 6.694860756397247314e-02 6.117208395153284073e-03 6.525886710733175278e-03 5.528321955353021622e-03 3.828618209809064865e-04 2.271877229213714600e-02 5.834772251546382904e-03 3.381867718417197466e-04 7.508713286370038986e-03 2.644642954692244530e-03 2.563275955617427826e-02 1.690151169896125793e-02 4.597203340381383896e-03 5.820666626095771790e-02 1.168717816472053528e-02 1.111986860632896423e-02 1.257079374045133591e-02 1.955853588879108429e-02 2.329480089247226715e-02 1.302867755293846130e-02 1.426868326961994171e-02 1.620905660092830658e-02 5.158593412488698959e-03 3.097604587674140930e-02
8.575347065925598145e-02 1.027632281184196472e-01 1.296460907906293869e-02 1.733863353729248047e-02 2.345444448292255402e-02 1.198629811406135559e-01 2.853463888168334961e-01 2.267470210790634155e-02 1.310693193227052689e-02 1.402403600513935089e-02 4.683974757790565491e-02 3.392217680811882019e-02 5.533332377672195435e-02 3.910231217741966248e-02 4.614742472767829895e-03 3.398425644263625145e-03 1.055669132620096207e-02 1.637132279574871063e-02 6.197506096214056015e-03 3.100270777940750122e-02 1.129587739706039429e-02 2.411913126707077026e-02 9.267219342291355133e-03 9.775347076356410980e-03 3.067738190293312073e-02 7.598518580198287964e-02 1.659441180527210236e-02 5.886211246252059937e-02 1.915608736453577876e-04 3.800467774271965027e-02 2.714471518993377686e-02 5.928484257310628891e-03 1.392722409218549728e-02 1.055311295203864574e-03 5.274420976638793945e-02 3.538727061823010445e-03 3.054774831980466843e-03 1.749093644320964813e-02 4.576971009373664856e-02 4.068173840641975403e-02 1.414218079298734665e-02 2.044606395065784454e-02 4.038269165903329849e-03 2.621183916926383972e-02 5.441372748464345932e-03 7.009166479110717773e-02 1.063193455338478088e-01 9.499327093362808228e-02 1.535854209214448929e-02 1.515614707022905350e-02 1.058533973991870880e-02 4.905691836029291153e-03 5.544341634958982468e-03 4.994990304112434387e-02 2.895115874707698822e-02 3.947380185127258301e-02 2.661342173814773560e-02 3.590062260627746582e-03 1.224894542247056961e-02 3.861249610781669617e-02 2.606484573334455490e-03 4.580167122185230255e-03 2.223583124577999115e-02 5.204123444855213165e-03 3.774228040128946304e-03 2.604815177619457245e-02 5.188400857150554657e-03 3.865681355819106102e-03 1.174113620072603226e-02 2.974471449851989746e-02 2.266915701329708099e-02 2.298344485461711884e-02 4.190867394208908081e-02 6.486070808023214340e-03 2.283387444913387299e-02 4.958884790539741516e-03 1.580997183918952942e-02 1.350525673478841782e-02 1.192668452858924866e-02 4.541160888038575649e-04 3.008210845291614532e-02 2.182782255113124847e-02 1.412651874125003815e-02 2.919962629675865173e-03 3.517765179276466370e-02 3.715750947594642639e-02 2.532664313912391663e-02 1.547637116163969040e-02 5.049197375774383545e-02 1.212488207966089249e-02 6.900412589311599731e-02 1.081680227071046829e-02 6.813572347164154053e-02 7.548542693257331848e-03 2.253336086869239807e-02 1.019445061683654785e-02 3.290897607803344727e-02 2.589354664087295532e-02 9.024119004607200623e-03 1.414055284112691879e-02 1.189008913934230804e-02 1.633656397461891174e-02 4.973156377673149109e-03 1.095195859670639038e-02 1.957902498543262482e-02 4.539705440402030945e-02 2.604876062832772732e-04 1.585221476852893829e-02 2.945763617753982544e-02 2.240130305290222168e-02 1.787057705223560333e-02 2.097445353865623474e-02 1.006823033094406128e-03 4.073712509125471115e-03 3.222595900297164917e-02 1.268608774989843369e-02
2.488910220563411713e-02 8.432383649051189423e-03 1.369136720895767212e-01 2.897450514137744904e-02 1.260570483282208443e-03 1.162243541330099106e-02 2.267470210790634155e-02 2.780632972717285156e-01 3.469547256827354431e-02 1.496060518547892570e-03 6.534713786095380783e-03 9.355015354230999947e-04 6.804891396313905716e-03 5.111231002956628799e-04 1.075969934463500977e-01 4.253038763999938965e-02 2.938245795667171478e-02 2.940869890153408051e-03 2.484641503542661667e-03 3.266546502709388733e-02 7.030972093343734741e-02 1.672548800706863403e-02 1.363513153046369553e-02 1.422505546361207962e-02 1.708131097257137299e-02 1.441588811576366425e-02 4.149980470538139343e-02 1.205253414809703827e-02 1.200094539672136307e-02 9.360350668430328369e-03 3.183609992265701294e-02 3.975691646337509155e-02 2.961244247853755951e-02 2.762123383581638336e-02 1.508523710072040558e-02 6.813736259937286377e-02 7.190261036157608032e-02 4.077702760696411133e-02 6.025380454957485199e-03 4.504095390439033508e-02 2.256335318088531494e-02 3.518443182110786438e-02 5.636109039187431335e-02 1.167405210435390472e-02 2.469557151198387146e-02 5.452480167150497437e-02 1.663756929337978363e-02 3.427566727623343468e-03 3.176843281835317612e-03 1.282616797834634781e-02 6.656704843044281006e-02 5.866936966776847839e-02 5.635769292712211609e-02 2.352102659642696381e-02 2.588012954220175743e-03 3.543467819690704346e-02 1.411661598831415176e-02 1.977939531207084656e-02 4.260686412453651428e-02 1.458084490150213242e-02 2.731332788243889809e-03 3.810422495007514954e-03 3.655185922980308533e-02 9.382556192576885223e-03 1.134915184229612350e-02 3.171795047819614410e-03 1.523301284760236740e-02 5.658476054668426514e-02 3.272582963109016418e-02 6.370507925748825073e-02 2.021570131182670593e-02 1.099182758480310440e-02 9.172048419713973999e-03 8.593549951910972595e-03 1.170642860233783722e-02 3.831409290432929993e-02 2.251005731523036957e-02 3.207989502698183060e-03 1.365914288908243179e-02 8.222340792417526245e-02 2.256014347076416016e-01 1.141353026032447815e-01 2.934244694188237190e-03 4.896131530404090881e-02 5.024325847625732422e-02 1.909589208662509918e-02 1.195596680045127869e-01 8.257161080837249756e-02 1.266789436340332031e-02 1.873686164617538452e-02 1.910974457859992981e-02 2.071307785809040070e-02 2.668894827365875244e-02 1.828479394316673279e-02 2.240268746390938759e-03 3.761788085103034973e-02 8.176630735397338867e-02 7.522998005151748657e-02 3.644932433962821960e-02 3.521395847201347351e-02 3.612095117568969727e-02 9.541645646095275879e-03 6.409505009651184082e-02 4.719986394047737122e-02 1.768715120851993561e-02 3.162048757076263428e-02 1.144538223743438721e-01 3.988757357001304626e-02 3.787602856755256653e-02 7.576436270028352737e-03 1.530054397881031036e-02 2.387120760977268219e-02 8.022374473512172699e-03 5.650439113378524780e-02 6.106469407677650452e-02 6.930138915777206421e-02
7.315673399716615677e-03 1.000795396976172924e-03 9.314885362982749939e-03 1.400174759328365326e-02 2.846397459506988525e-02 6.226731464266777039e-03 1.310693193227052689e-02 3.469547256827354431e-02 3.004926443099975586e-01 6.712739169597625732e-02 2.180715277791023254e-02 3.295315057039260864e-02 1.402456406503915787e-02 1.351645682007074356e-02 7.826729677617549896e-03 4.450519755482673645e-02 2.387177385389804840e-02 7.871226966381072998e-02 4.905448108911514282e-02 1.530596491647884250e-04 1.167979277670383453e-02 5.381042137742042542e-03 4.396995157003402710e-02 3.263954818248748779e-02 9.211587719619274139e-03 1.752798212692141533e-03 1.943092606961727142e-02 8.990094996988773346e-03 5.196086713112890720e-04 2.697722800076007843e-02 2.876630611717700958e-02 4.488229379057884216e-02 2.015744894742965698e-02 4.243167862296104431e-02 1.228248514235019684e-02 3.639227524399757385e-02 2.208793349564075470e-02 1.702825166285037994e-02 2.374448999762535095e-02 4.506127908825874329e-02 2.692844718694686890e-02 2.223123796284198761e-02 7.863635197281837463e-03 1.685551181435585022e-02 6.418889015913009644e-02 9.204990230500698090e-03 1.748190261423587799e-03 3.404639661312103271e-03 8.572304248809814453e-02 7.875043898820877075e-02 1.219182461500167847e-02 2.160730073228478432e-03 4.867308214306831360e-02 5.051789060235023499e-02 6.517425924539566040e-02 3.991922736167907715e-02 7.752433884888887405e-03 1.974227465689182281e-02 1.869952119886875153e-02 2.619166299700737000e-02 4.489837959408760071e-02 4.299969971179962158e-02 3.003361634910106659e-02 1.349451765418052673e-02 6.317169871181249619e-03 4.800304304808378220e-03 3.603891469538211823e-03 4.603981971740722656e-03 4.828414693474769592e-02 1.901962049305438995e-02 1.515839900821447372e-02 3.875378519296646118e-02 2.292673662304878235e-02 4.915783647447824478e-03 2.127917110919952393e-02 2.209083177149295807e-02 6.544685363769531250e-02 2.670044451951980591e-02 5.486468225717544556e-02 8.161310106515884399e-03 6.797813624143600464e-02 3.530195390339940786e-04 4.982954636216163635e-02 4.171638563275337219e-02 1.326199993491172791e-02 2.720271595535450615e-06 3.116593230515718460e-03 1.589411310851573944e-02 1.567414402961730957e-02 1.164156198501586914e-02 1.398568972945213318e-02 1.840851083397865295e-02 2.579220943152904510e-02 1.083252299576997757e-02 1.069784120772965252e-04 7.980318740010261536e-03 3.046079725027084351e-02 4.234511777758598328e-02 2.795193716883659363e-02 1.581974513828754425e-02 1.067883148789405823e-02 6.894823163747787476e-03 2.430344000458717346e-02 5.383129231631755829e-03 1.110984012484550476e-02 1.371788978576660156e-02 8.625131100416183472e-03 7.271654903888702393e-03 2.666511759161949158e-02 8.060367777943611145e-03 2.924202755093574524e-02 3.041228465735912323e-02 3.590232878923416138e-02 4.644138738512992859e-02 5.478341132402420044e-03 3.607321530580520630e-02
4.287033900618553162e-02 3.787387162446975708e-02 1.152920443564653397e-02 9.704920463263988495e-03 3.038558550179004669e-02 4.975472018122673035e-02 1.402403600513935089e-02 1.496060518547892570e-03 6.712739169597625732e-02 2.983814775943756104e-01 1.788290776312351227e-02 1.307923160493373871e-02 1.575570087879896164e-03 3.487708047032356262e-02 1.471316441893577576e-02 5.815709009766578674e-02 4.499573260545730591e-02 4.346324503421783447e-02 7.659727334976196289e-02 1.663313060998916626e-02 1.173033262602984905e-03 9.833259508013725281e-03 3.040852770209312439e-02 4.944606125354766846e-02 1.265350077301263809e-02 6.412505637854337692e-03 2.478852635249495506e-03 2.197960764169692993e-02 3.997459542006254196e-03 1.399571821093559265e-02 6.046614609658718109e-03 6.048994511365890503e-02 1.881007477641105652e-02 7.538608461618423462e-02 5.055106431245803833e-02 2.040616795420646667e-02 2.335329540073871613e-02 1.505782455205917358e-02 3.044799668714404106e-03 1.692292839288711548e-02 2.227191813290119171e-02 2.077688835561275482e-02 1.706526987254619598e-02 6.416862830519676208e-03 3.473598510026931763e-02 3.791291266679763794e-02 2.316523529589176178e-02 2.757383882999420166e-02 5.725633352994918823e-02 1.084470227360725403e-01 1.213644980452954769e-03 9.795401245355606079e-03 2.867015451192855835e-02 4.927659034729003906e-02 1.966865733265876770e-02 8.369679749011993408e-02 2.562359161674976349e-02 1.491371542215347290e-02 1.886124350130558014e-02 2.396686747670173645e-02 1.408507209271192551e-02 2.189785428345203400e-02 2.646803855895996094e-03 4.938526451587677002e-02 2.093032188713550568e-02 6.207371130585670471e-03 8.437340147793292999e-03 1.978250592947006226e-02 2.191325463354587555e-02 5.324145779013633728e-02 2.790270373225212097e-02 9.856794029474258423e-03 1.884793891804292798e-04 4.605648666620254517e-02 3.323493897914886475e-02 3.028495982289314270e-02 4.141245037317276001e-02 8.737043291330337524e-02 3.524959087371826172e-02 1.266329288482666016e-01 3.053908934816718102e-03 1.785650290548801422e-02 2.726198174059391022e-02 8.877013623714447021e-02 1.360876113176345825e-02 5.612968001514673233e-03 7.736331783235073090e-03 3.248454231652431190e-05 6.055806949734687805e-02 1.126795541495084763e-02 4.481874778866767883e-02 2.172085078200325370e-04 1.001486834138631821e-02 1.368503668345510960e-03 2.957042306661605835e-02 6.050601229071617126e-02 1.899950951337814331e-02 3.706325544044375420e-03 3.686377033591270447e-02 2.610444277524948120e-02 2.765019983053207397e-02 3.482026234269142151e-02 1.915227388963103294e-03 1.278630737215280533e-02 1.651012897491455078e-02 2.729356288909912109e-02 2.002476900815963745e-02 6.759089417755603790e-03 1.947517134249210358e-02 3.606420755386352539e-02 2.842638641595840454e-02 9.147755801677703857e-03 2.955055981874465942e-02 3.941798955202102661e-02 4.945783875882625580e-03 1.828079298138618469e-02
8.722709864377975464e-02 8.988686650991439819e-02 9.121354669332504272e-03 9.843582287430763245e-03 3.887328319251537323e-03 5.045167356729507446e-02 4.683974757790565491e-02 6.534713786095380783e-03 2.180715277791023254e-02 1.788290776312351227e-02 2.664830386638641357e-01 1.519646216183900833e-02 8.569751679897308350e-02 3.616624325513839722e-02 8.993396162986755371e-02 3.269194392487406731e-03 3.601276315748691559e-03 1.809737272560596466e-02 9.743189439177513123e-03 3.060864657163619995e-02 2.166130207479000092e-02 5.658317357301712036e-02 2.415561350062489510e-03 1.040362287312746048e-03 1.143125351518392563e-02 1.919599622488021851e-02 3.353888541460037231e-02 6.849006284028291702e-03 2.516952529549598694e-02 1.314197573810815811e-02 2.948117814958095551e-02 2.560705645009875298e-03 1.430372335016727448e-02 1.052962802350521088e-02 2.911732345819473267e-02 2.947608940303325653e-02 3.025095909833908081e-02 3.420797875151038170e-03 6.350085884332656860e-02 2.722810395061969757e-02 3.623266937211155891e-03 8.705784566700458527e-03 4.788051359355449677e-03 1.392843481153249741e-02 2.213158644735813141e-03 4.022565856575965881e-02 4.275631159543991089e-02 7.864247076213359833e-03 3.670860780403017998e-03 2.803121227771043777e-03 1.424592081457376480e-02 1.214107964187860489e-02 1.280645281076431274e-02 2.606669440865516663e-02 1.881498284637928009e-02 4.721371829509735107e-02 4.691012948751449585e-02 6.008308846503496170e-03 1.183624379336833954e-02 5.671104788780212402e-02 1.744165830314159393e-02 3.210441395640373230e-02 4.605392366647720337e-02 1.074027735739946365e-02 5.165212228894233704e-02 4.278977215290069580e-02 2.015530504286289215e-02 2.399235032498836517e-02 1.921877078711986542e-02 2.077695727348327637e-02 2.286493219435214996e-02 3.352183848619461060e-03 3.646200895309448242e-02 2.131521701812744141e-02 2.819770015776157379e-02 1.155473291873931885e-02 1.091498043388128281e-02 2.390317991375923157e-02 2.239143103361129761e-02 4.530651867389678955e-02 6.364002078771591187e-02 2.686152607202529907e-02 2.355681266635656357e-03 6.999872857704758644e-04 3.199761733412742615e-03 1.680112211033701897e-03 3.506650030612945557e-02 4.700081050395965576e-02 2.027413249015808105e-02 1.146097388118505478e-02 2.654052898287773132e-02 4.173636808991432190e-02 3.902230784296989441e-02 2.589663863182067871e-02 3.143497928977012634e-02 3.628258034586906433e-02 1.226078439503908157e-02 1.708049513399600983e-02 5.050125531852245331e-03 1.623267889954149723e-03 1.522387657314538956e-02 1.321891695261001587e-02 2.184521593153476715e-02 9.273626841604709625e-03 2.300436049699783325e-02 7.933343760669231415e-03 1.417510770261287689e-02 2.983333729207515717e-02 9.786320850253105164e-03 1.346049713902175426e-03 4.727911204099655151e-02 2.979300729930400848e-02 9.344908175989985466e-04 1.295038033276796341e-02 2.651732414960861206e-02 2.709768153727054596e-02
3.561738878488540649e-02 1.458568871021270752e-02 3.161785751581192017e-02 2.616753801703453064e-02 2.012619003653526306e-02 5.911897495388984680e-02 3.392217680811882019e-02 9.355015354230999947e-04 3.295315057039260864e-02 1.307923160493373871e-02 1.519646216183900833e-02 2.804086208343505859e-01 4.518196452409029007e-03 1.162386909127235413e-01 3.318989416584372520e-03 9.206829592585563660e-03 2.274058014154434204e-02 1.753068529069423676e-02 1.080128084868192673e-02 5.764599423855543137e-03 1.192035246640443802e-02 4.347606096416711807e-03 2.439903281629085541e-02 1.731604896485805511e-02 2.516166493296623230e-02 2.737220143899321556e-03 3.190873935818672180e-02 6.954350322484970093e-02 1.497557573020458221e-02 5.878427624702453613e-02 2.416090294718742371e-02 4.866509884595870972e-02 1.157425995916128159e-02 4.921251907944679260e-02 1.507329870946705341e-03 2.598843351006507874e-02 2.063902281224727631e-02 2.506222203373908997e-02 1.397966220974922180e-02 1.022962969727814198e-03 1.547066401690244675e-02 8.168215863406658173e-03 4.796331282705068588e-03 9.946429170668125153e-03 5.556216835975646973e-02 2.303295955061912537e-02 3.534809872508049011e-02 3.598382696509361267e-02 8.936479687690734863e-03 1.158228795975446701e-02 6.633670534938573837e-03 1.273363642394542694e-02 4.097245167940855026e-03 4.666671156883239746e-02 2.637919783592224121e-02 1.635227538645267487e-02 1.896674558520317078e-02 3.566861152648925781e-02 5.950788408517837524e-02 1.830063015222549438e-02 3.951118327677249908e-03 1.133344136178493500e-02 4.778689146041870117e-02 1.616855710744857788e-02 2.506055310368537903e-02 5.043866578489542007e-03 3.921471163630485535e-02 3.333744779229164124e-02 2.359665371477603912e-02 5.379942245781421661e-03 2.908157929778099060e-02 3.572931140661239624e-02 3.387423604726791382e-02 1.695433631539344788e-02 1.830190792679786682e-02 3.516240045428276062e-02 3.284537419676780701e-02 5.650928616523742676e-02 5.513859912753105164e-02 1.137599628418684006e-02 2.105235820636153221e-03 2.329958230257034302e-02 1.690619066357612610e-02 1.740265637636184692e-02 4.462591931223869324e-02 1.576711423695087433e-02 1.508209295570850372e-02 2.826064452528953552e-02 1.184571161866188049e-01 8.269160240888595581e-02 2.675881236791610718e-02 1.065504853613674641e-03 5.379414930939674377e-02 1.048213522881269455e-02 2.194252610206604004e-02 1.439095567911863327e-02 5.139172077178955078e-03 3.398448973894119263e-02 5.793130490928888321e-03 5.820668302476406097e-03 1.083662454038858414e-02 1.200524251908063889e-02 2.023170702159404755e-02 3.184925392270088196e-02 1.029405556619167328e-02 8.934497833251953125e-03 2.243114076554775238e-02 2.033309079706668854e-02 1.365747209638357162e-02 2.564107999205589294e-03 4.604930803179740906e-02 6.465908139944076538e-02 8.866544812917709351e-03 6.827151868492364883e-03 4.028048366308212280e-02 2.967176772654056549e-02
6.807854771614074707e-02 9.738322347402572632e-02 2.517879940569400787e-02 2.045428613200783730e-03 7.311076391488313675e-03 4.174060001969337463e-02 5.533332377672195435e-02 6.804891396313905716e-03 1.402456406503915787e-02 1.575570087879896164e-03 8.569751679897308350e-02 4.518196452409029007e-03 2.677583098411560059e-01 1.443782239221036434e-03 9.748843312263488770e-02 8.064525201916694641e-03 9.240332990884780884e-03 2.147331461310386658e-02 1.621923060156404972e-03 2.076104283332824707e-02 2.394534088671207428e-02 1.022394150495529175e-01 1.415909267961978912e-02 3.793380921706557274e-03 1.727255247533321381e-02 1.647688075900077820e-02 6.583234667778015137e-02 1.522276084870100021e-02 1.401094906032085419e-02 1.133049093186855316e-02 5.216446891427040100e-02 2.769653499126434326e-02 2.401952818036079407e-02 2.567864768207073212e-02 3.732044994831085205e-02 1.805177889764308929e-02 1.508786808699369431e-02 1.124839670956134796e-02 1.510317716747522354e-02 3.792606666684150696e-02 1.362110208719968796e-02 5.205014604143798351e-04 3.056734567508101463e-03 4.712083190679550171e-02 2.452940121293067932e-02 5.650343000888824463e-02 2.640237100422382355e-02 2.275437302887439728e-02 5.613992456346750259e-03 6.430624052882194519e-03 4.906256217509508133e-03 8.298201486468315125e-03 1.554573792964220047e-02 4.656086489558219910e-02 3.099344670772552490e-02 2.302893623709678650e-02 1.072983723133802414e-02 6.215787027031183243e-03 3.600483015179634094e-02 3.783022612333297729e-02 3.343223035335540771e-02 3.058146871626377106e-02 2.351000718772411346e-02 1.189323607832193375e-02 1.930805668234825134e-02 4.992816597223281860e-02 3.025342337787151337e-02 3.831807523965835571e-02 3.225910291075706482e-02 3.017788380384445190e-02 3.000987879931926727e-02 8.469264023005962372e-03 1.953339390456676483e-02 2.351405471563339233e-02 2.011607401072978973e-02 4.730186425149440765e-03 1.578062400221824646e-02 6.393364164978265762e-03 1.543174497783184052e-02 3.579378128051757812e-02 6.591730564832687378e-02 4.614790435880422592e-03 1.748763024806976318e-03 8.638796396553516388e-03 6.939596962183713913e-03 1.992702949792146683e-03 3.697507083415985107e-02 7.616246491670608521e-02 4.483205731958150864e-03 3.604253754019737244e-02 4.002971574664115906e-02 3.861883282661437988e-02 2.710102126002311707e-02 4.117938131093978882e-02 2.142477035522460938e-02 2.276378497481346130e-02 1.510837487876415253e-02 1.710014976561069489e-02 1.644348725676536560e-02 6.868662312626838684e-03 3.387739509344100952e-02 2.183077856898307800e-02 2.467542327940464020e-02 2.166907303035259247e-02 4.001158103346824646e-02 8.902722038328647614e-03 7.469491567462682724e-03 3.319585695862770081e-02 2.261567628011107445e-03 5.833167582750320435e-03 2.347826026380062103e-02 1.045815274119377136e-02 6.735390983521938324e-03 2.079143561422824860e-02 8.049886673688888550e-03 9.567596018314361572e-03
