1.917095333337783813e-01 1.971502155065536499e-01 3.115455433726310730e-02 2.617955952882766724e-02 5.561891943216323853e-02 6.324268877506256104e-02 6.031443923711776733e-02 6.765592377632856369e-03 3.070526942610740662e-02 3.187015652656555176e-02 1.706331223249435425e-01 2.882187627255916595e-02 1.347850561141967773e-01 2.033663727343082428e-02 6.983952969312667847e-02 3.147140890359878540e-02 1.810152828693389893e-02 3.595877811312675476e-02 5.919409543275833130e-02 4.674159362912178040e-02 4.532453045248985291e-02 4.343779291957616806e-03 2.019413001835346222e-02 3.635142743587493896e-02 6.742025166749954224e-02 4.737763106822967529e-02 4.719753563404083252e-02 1.397553738206624985e-02 8.051922544836997986e-03 4.532180726528167725e-02 6.066463887691497803e-02 3.836249187588691711e-02 6.681390106678009033e-03 1.909904554486274719e-02 2.455393597483634949e-02 4.907330963760614395e-03 2.664250135421752930e-02 1.153579819947481155e-02 2.740717679262161255e-02 2.000043354928493500e-02 2.341662906110286713e-02 2.171115018427371979e-02 2.051100321114063263e-02 2.328258752822875977e-02 6.003024522215127945e-03 2.542765811085700989e-02 4.128151759505271912e-02 6.389268487691879272e-02 4.882008209824562073e-02 3.071606904268264771e-02 9.066095575690269470e-03 1.275417208671569824e-02 1.820215024054050446e-02 2.187705598771572113e-03 5.747627094388008118e-02 9.200530126690864563e-03 3.864344675093889236e-03 5.536077916622161865e-02 1.334572676569223404e-03 1.545824389904737473e-02 9.795912541449069977e-03 1.956764049828052521e-02 4.812601022422313690e-03 3.708010911941528320e-02 6.640474498271942139e-02 1.744103990495204926e-02 1.952670514583587646e-02 4.311757162213325500e-02 2.947776205837726593e-02 3.324896842241287231e-02 7.999056018888950348e-03 3.416015300899744034e-03 7.537907455116510391e-03 8.322194963693618774e-02 1.690897904336452484e-02 2.396161109209060669e-02 2.986928075551986694e-02 1.469929888844490051e-02 1.479683630168437958e-02 3.479850292205810547e-02 1.967343129217624664e-02 4.960862454026937485e-03 8.489907532930374146e-02 5.487320013344287872e-04 4.152332618832588196e-02 2.179504372179508209e-02 1.200149301439523697e-02 2.763533964753150940e-02 3.497033566236495972e-02 3.781728446483612061e-02 1.080825105309486389e-01 2.690249122679233551e-02 8.733325451612472534e-02 2.083550207316875458e-02 3.855695948004722595e-02 7.716464344412088394e-03 6.440439075231552124e-02 5.884624272584915161e-02 1.249797083437442780e-02 3.462325781583786011e-03 1.270817127078771591e-02 1.378696970641613007e-02 3.797233104705810547e-02 1.302938617300242186e-04 6.116703152656555176e-03 2.027101442217826843e-02 3.383621200919151306e-02 2.767025120556354523e-02 1.737792044878005981e-02 2.068533934652805328e-02 6.030054017901420593e-02 5.047932267189025879e-02 4.541813395917415619e-03 7.691217469982802868e-04 7.751429826021194458e-02 5.595720931887626648e-02
1.971502155065536499e-01 2.174932211637496948e-01 1.250588987022638321e-02 1.921267015859484673e-03 6.132360082119703293e-03 1.161201596260070801e-01 1.120008230209350586e-01 3.396409749984741211e-02 4.147503152489662170e-02 1.092424988746643066e-02 1.578607708215713501e-01 2.268582582473754883e-02 1.751330941915512085e-01 4.818715527653694153e-02 8.919188752770423889e-03 5.672738887369632721e-03 1.734396256506443024e-02 7.644350826740264893e-02 3.708307072520256042e-02 2.011549845337867737e-02 1.618876680731773376e-02 3.114187903702259064e-02 1.525259297341108322e-02 1.868674904108047485e-02 2.776226494461297989e-03 1.750108972191810608e-02 2.023867517709732056e-02 2.729308232665061951e-02 2.984693273901939392e-02 8.290888369083404541e-02 1.782905124127864838e-02 1.451035123318433762e-02 1.470257341861724854e-02 2.539321035146713257e-02 3.585502039641141891e-03 1.937215402722358704e-02 2.473121881484985352e-02 3.666508197784423828e-02 1.637075468897819519e-02 1.436153706163167953e-02 3.210634691640734673e-03 4.666528850793838501e-02 4.195518326014280319e-03 1.130360364913940430e-02 3.649532049894332886e-02 1.001997757703065872e-02 6.872306764125823975e-02 9.158501774072647095e-02 2.258526720106601715e-02 4.959386307746171951e-03 3.846023697406053543e-03 4.139266163110733032e-02 5.082901194691658020e-02 9.332853369414806366e-03 5.403437092900276184e-02 8.529802784323692322e-03 2.517556771636009216e-03 5.008536949753761292e-02 3.789027407765388489e-02 2.010566927492618561e-02 2.963475184515118599e-03 2.362429536879062653e-02 1.527364458888769150e-02 1.169770956039428711e-02 6.719474494457244873e-02 7.963811978697776794e-03 1.116186380386352539e-03 5.036314204335212708e-02 1.836516521871089935e-02 1.722608506679534912e-02 6.817224901169538498e-03 1.876582764089107513e-02 1.200739759951829910e-03 2.243275381624698639e-02 8.460152894258499146e-03 1.071229949593544006e-02 2.678426355123519897e-02 9.119366295635700226e-03 5.078103393316268921e-03 5.543264001607894897e-02 4.470796138048171997e-02 6.019136309623718262e-02 2.327482774853706360e-02 8.391374722123146057e-03 3.088705800473690033e-02 9.373690118081867695e-04 2.125111222267150879e-02 3.548569232225418091e-02 3.259929595515131950e-03 1.521731493994593620e-03 4.447824507951736450e-02 2.014579996466636658e-02 7.540133595466613770e-02 4.627500101923942566e-02 3.706871531903743744e-03 3.932664170861244202e-02 1.174347009509801865e-02 2.935800876002758741e-04 1.991832256317138672e-02 2.295309491455554962e-02 2.657263074070215225e-03 4.437586292624473572e-02 4.242286831140518188e-02 1.755498931743204594e-03 1.849499158561229706e-02 8.331003598868846893e-03 3.490842133760452271e-02 3.684396669268608093e-02 2.176059782505035400e-02 1.021463051438331604e-02 3.053732402622699738e-02 2.959973411634564400e-03 3.103570267558097839e-02 1.004939619451761246e-02 1.017477065324783325e-01 4.703263286501169205e-03
3.115455433726310730e-02 1.250588987022638321e-02 4.899051506072282791e-03 2.051251474767923355e-03 4.577577859163284302e-02 1.246901415288448334e-02 2.815296314656734467e-02 1.455892324447631836e-01 2.177118323743343353e-02 3.511846065521240234e-02 8.071981370449066162e-03 1.001009810715913773e-02 9.870430454611778259e-03 5.089300498366355896e-02 1.221359800547361374e-02 4.933161288499832153e-02 7.380133122205734253e-02 7.592754065990447998e-02 5.153780803084373474e-02 1.435483247041702271e-02 8.821659721434116364e-03 3.894713521003723145e-02 2.455410547554492950e-02 3.214832395315170288e-03 1.899244077503681183e-02 8.552971296012401581e-03 7.843505591154098511e-02 1.171349454671144485e-02 8.041073381900787354e-02 4.209108650684356689e-03 1.758608222007751465e-02 3.762365318834781647e-03 1.445171702653169632e-02 4.536841809749603271e-02 5.941703915596008301e-03 1.172668486833572388e-02 7.462795078754425049e-02 3.895961120724678040e-02 1.062788888812065125e-01 4.347167164087295532e-02 6.142288818955421448e-02 3.755781427025794983e-02 1.220077276229858398e-02 9.034810215234756470e-02 1.706007122993469238e-02 6.608408689498901367e-02 2.278155460953712463e-02 2.438176982104778290e-02 6.380376871675252914e-03 5.195652320981025696e-02 3.275813534855842590e-02 3.493136167526245117e-02 4.676699638366699219e-02 6.147956103086471558e-02 4.287847876548767090e-02 1.087289676070213318e-01 7.772885262966156006e-02 1.662943698465824127e-02 6.323395669460296631e-02 2.218059450387954712e-02 2.693393826484680176e-02 3.918226808309555054e-03 5.144985765218734741e-02 6.586250662803649902e-02 1.783702336251735687e-02 6.940896809101104736e-02 2.678509335964918137e-03 5.991335492581129074e-03 1.600204594433307648e-02 5.993507429957389832e-02 1.454527210444211960e-02 6.965471897274255753e-03 1.456381753087043762e-02 2.278321050107479095e-02 3.648728877305984497e-02 1.746251620352268219e-02 2.974168024957180023e-02 2.020635642111301422e-03 1.542703714221715927e-02 3.203690424561500549e-02 5.580569431185722351e-02 2.324694767594337463e-02 2.085256204009056091e-02 4.289989545941352844e-02 4.284940194338560104e-03 8.238665759563446045e-02 3.632150124758481979e-03 1.449068076908588409e-02 1.300275512039661407e-02 6.440225057303905487e-03 1.709996536374092102e-02 7.082919776439666748e-02 1.282223314046859741e-01 8.370060473680496216e-02 1.529167499393224716e-02 5.295724794268608093e-02 6.214728206396102905e-02 4.173474013805389404e-02 3.996331617236137390e-02 2.555366791784763336e-02 1.302463375031948090e-02 2.753995126113295555e-03 7.433763146400451660e-02 8.226687461137771606e-02 2.331722155213356018e-02 5.313757061958312988e-02 6.404674798250198364e-02 4.723911359906196594e-02 3.752301633358001709e-02 8.406634628772735596e-02 2.788102813065052032e-02 9.198243916034698486e-02 5.890033673495054245e-03 6.548586301505565643e-03 1.948780193924903870e-02 6.658580154180526733e-02
2.617955952882766724e-02 1.921267015859484673e-03 2.051251474767923355e-03 9.362866729497909546e-02 3.187773525714874268e-01 2.926615998148918152e-03 6.923254579305648804e-03 4.338262230157852173e-02 1.290779933333396912e-02 1.173042356967926025e-01 2.265330404043197632e-02 3.711085068061947823e-03 5.838691443204879761e-02 1.671432331204414368e-02 3.668082877993583679e-02 5.093194544315338135e-02 2.452048845589160919e-02 3.690886497497558594e-02 3.487470746040344238e-02 1.113161910325288773e-02 5.675260350108146667e-02 1.076071150600910187e-02 1.405895780771970749e-02 1.612876169383525848e-02 4.885234683752059937e-02 1.195646170526742935e-02 2.134177088737487793e-02 5.284709110856056213e-02 3.131047636270523071e-02 5.841183662414550781e-02 8.088591694831848145e-02 3.947266191244125366e-02 3.554502502083778381e-02 3.445226326584815979e-02 1.436031516641378403e-02 4.527844861149787903e-02 4.401291534304618835e-02 4.303995147347450256e-02 1.233025714755058289e-01 4.346183687448501587e-02 1.216690056025981903e-03 5.617367103695869446e-02 4.686482250690460205e-02 3.948764130473136902e-02 3.769989311695098877e-02 3.803612664341926575e-03 2.804566547274589539e-02 2.295964956283569336e-02 5.341987311840057373e-02 4.310859367251396179e-02 4.958197474479675293e-02 2.223821915686130524e-02 1.423418149352073669e-02 7.864594459533691406e-02 2.482802048325538635e-02 3.868703916668891907e-02 5.417433753609657288e-02 5.492150783538818359e-02 2.727728709578514099e-02 1.288168039172887802e-02 4.832817986607551575e-02 1.500757317990064621e-02 1.827091723680496216e-02 3.709455952048301697e-02 4.975847899913787842e-02 3.810007125139236450e-02 5.211627110838890076e-02 1.960552856326103210e-02 4.032396152615547180e-02 2.640733495354652405e-02 7.691641896963119507e-02 3.439573198556900024e-02 2.235281169414520264e-01 4.596459120512008667e-02 1.639172732830047607e-01 2.721772156655788422e-02 3.558287769556045532e-02 1.159729138016700745e-01 2.602987177670001984e-02 5.138767138123512268e-02 2.606579847633838654e-02 4.262568429112434387e-02 1.421375572681427002e-01 5.204048380255699158e-02 2.507795393466949463e-02 1.202842444181442261e-01 3.924285620450973511e-02 3.093682602047920227e-02 4.012064263224601746e-02 2.667880244553089142e-02 1.237075310200452805e-02 6.051111221313476562e-02 2.699485514312982559e-03 9.141460992395877838e-03 4.350876435637474060e-02 2.440909296274185181e-02 2.191975340247154236e-02 1.949004712514579296e-03 3.455132246017456055e-02 8.243397623300552368e-02 3.260978683829307556e-02 5.704670771956443787e-02 6.127684935927391052e-02 7.716894615441560745e-03 1.341623533517122269e-02 1.360546145588159561e-02 2.109782956540584564e-02 3.550296276807785034e-02 5.121617019176483154e-02 4.380368813872337341e-02 4.492031037807464600e-02 8.664357475936412811e-03 3.546973317861557007e-02 5.609236285090446472e-02 2.787988260388374329e-02 2.963633649051189423e-02
5.561891943216323853e-02 6.132360082119703293e-03 4.577577859163284302e-02 3.187773525714874268e-01 9.576193988323211670e-02 1.714389538392424583e-03 6.241549737751483917e-03 3.109074570238590240e-02 3.869711235165596008e-02 6.099831685423851013e-02 2.304136380553245544e-02 8.672542870044708252e-03 3.754000365734100342e-02 1.220939401537179947e-02 5.397877842187881470e-02 2.408638037741184235e-02 4.774447157979011536e-02 6.826025247573852539e-02 5.518761649727821350e-02 4.768176376819610596e-02 9.441947331652045250e-04 8.188508450984954834e-03 3.413267061114311218e-02 1.756093278527259827e-02 2.118875505402684212e-03 7.870395481586456299e-02 2.165647596120834351e-02 1.835114508867263794e-02 2.187751606106758118e-02 8.840595930814743042e-02 8.628856390714645386e-02 5.471417307853698730e-02 5.651488900184631348e-02 5.905556678771972656e-02 3.356821835041046143e-02 2.763754315674304962e-02 3.750589489936828613e-02 7.353885471820831299e-02 1.185771301388740540e-01 1.995204985141754150e-01 7.711200416088104248e-02 6.248328834772109985e-03 5.564059317111968994e-02 1.740636862814426422e-02 2.230668626725673676e-02 5.409468337893486023e-02 5.320743098855018616e-02 6.328132748603820801e-02 7.958539575338363647e-02 3.875399753451347351e-02 1.567747630178928375e-02 4.774819314479827881e-02 8.426108397543430328e-03 2.776031754910945892e-02 4.395202174782752991e-02 4.378774017095565796e-02 4.465613886713981628e-02 5.888301879167556763e-02 6.828904896974563599e-02 6.346141546964645386e-02 6.537546217441558838e-02 5.080654472112655640e-02 2.514862827956676483e-02 2.437657304108142853e-02 5.779967829585075378e-02 5.069211125373840332e-02 5.663868039846420288e-03 5.314917652867734432e-04 4.286600276827812195e-02 3.033317439258098602e-02 3.677798435091972351e-02 1.632170937955379486e-02 5.728874728083610535e-02 3.583743702620267868e-03 1.884809285402297974e-01 1.543330214917659760e-02 1.288945507258176804e-02 4.543969035148620605e-02 6.809031218290328979e-02 2.226205542683601379e-03 5.721449106931686401e-02 3.095385432243347168e-02 8.273113518953323364e-02 6.638038903474807739e-02 2.769493311643600464e-02 2.480854652822017670e-02 9.011249989271163940e-03 7.075448054820299149e-03 6.378006935119628906e-02 7.801834493875503540e-02 6.109926477074623108e-02 2.931274101138114929e-02 1.602090708911418915e-02 2.100027538836002350e-02 4.821857903152704239e-03 5.799631029367446899e-02 4.128916561603546143e-02 4.059280734509229660e-03 7.230909075587987900e-03 1.972077973186969757e-02 4.176671430468559265e-02 6.682993378490209579e-03 9.217507205903530121e-03 1.503161340951919556e-02 3.399016708135604858e-02 4.023596271872520447e-02 2.954936027526855469e-02 5.413822084665298462e-02 3.622127696871757507e-02 8.915440738201141357e-02 5.612848326563835144e-02 8.113828301429748535e-02 2.351556718349456787e-02 1.470442675054073334e-02 1.287892460823059082e-01 4.063405841588973999e-02
6.324268877506256104e-02 1.161201596260070801e-01 1.246901415288448334e-02 2.926615998148918152e-03 1.714389538392424583e-03 1.798554211854934692e-01 1.718060076236724854e-01 3.739176783710718155e-03 9.415002539753913879e-03 7.270870730280876160e-03 8.074902743101119995e-02 1.136184781789779663e-01 7.662996649742126465e-02 7.843349128961563110e-02 3.770685568451881409e-02 3.795950487256050110e-02 9.370832704007625580e-03 1.886452361941337585e-02 4.074136260896921158e-03 3.173350915312767029e-02 1.546667795628309250e-02 8.528945967555046082e-03 1.156363822519779205e-02 3.025092417374253273e-03 2.293499745428562164e-02 1.157687231898307800e-02 3.233196958899497986e-02 7.078137714415788651e-03 1.530783250927925110e-02 2.979729697108268738e-02 4.524189606308937073e-02 2.777807787060737610e-02 1.077728997915983200e-02 9.301887621404603124e-05 2.817691303789615631e-02 1.261557731777429581e-02 2.459577471017837524e-02 3.289189562201499939e-02 5.126360338181257248e-03 2.022395469248294830e-02 3.644677996635437012e-02 2.358942292630672455e-02 9.085356257855892181e-03 3.731699660420417786e-02 2.028400264680385590e-02 1.112534292042255402e-02 1.399956196546554565e-01 7.605002820491790771e-02 3.437196090817451477e-02 1.496224943548440933e-02 4.652660712599754333e-02 3.000273369252681732e-02 2.844314835965633392e-02 1.856978423893451691e-02 4.308395087718963623e-02 7.057817652821540833e-03 3.727953135967254639e-02 3.875128924846649170e-02 3.447004035115242004e-02 1.987845264375209808e-02 1.641722209751605988e-02 3.525548055768013000e-02 3.656060621142387390e-02 1.632178202271461487e-02 3.200488165020942688e-02 1.289523206651210785e-02 6.433628499507904053e-02 6.465226411819458008e-02 1.703963801264762878e-02 5.893419310450553894e-02 3.017452172935009003e-02 3.288335725665092468e-02 1.832775399088859558e-02 8.718560449779033661e-03 1.497906399890780449e-03 1.585203409194946289e-02 1.366974133998155594e-02 5.726061761379241943e-03 2.279812842607498169e-02 1.856370456516742706e-02 2.469442319124937057e-03 7.381619070656597614e-04 3.167502582073211670e-02 2.292286604642868042e-02 1.961993239820003510e-02 2.395878918468952179e-02 4.011896997690200806e-02 3.991175442934036255e-02 1.842982508242130280e-02 4.847946017980575562e-02 3.478343412280082703e-02 3.784681484103202820e-02 7.625967264175415039e-03 5.001555755734443665e-02 3.199831768870353699e-02 1.064392086118459702e-02 3.415578743442893028e-03 3.222355619072914124e-02 2.340477146208286285e-02 1.289840601384639740e-02 1.933755166828632355e-02 2.146702632308006287e-02 4.533571749925613403e-02 5.135570466518402100e-02 8.424741029739379883e-02 6.523352582007646561e-03 4.597247752826660872e-04 4.766079131513834000e-03 3.070367500185966492e-03 9.161977097392082214e-03 2.076138509437441826e-03 6.906796246767044067e-03 3.094220906496047974e-02 2.424735762178897858e-02 5.516104772686958313e-02 1.177277974784374237e-02
6.031443923711776733e-02 1.120008230209350586e-01 2.815296314656734467e-02 6.923254579305648804e-03 6.241549737751483917e-03 1.718060076236724854e-01 1.979744434356689453e-01 1.210090587846934795e-03 2.350947819650173187e-02 1.038154703564941883e-03 8.173355460166931152e-02 5.774869769811630249e-02 6.550711393356323242e-02 9.486053138971328735e-02 4.344242066144943237e-02 1.723040640354156494e-02 9.328857064247131348e-03 1.164599787443876266e-02 3.478365391492843628e-02 4.261654615402221680e-02 3.676154464483261108e-02 6.461132317781448364e-02 2.362232888117432594e-03 1.025077793747186661e-02 2.845936268568038940e-02 2.147833816707134247e-02 6.582523230463266373e-03 1.726489514112472534e-02 7.867605984210968018e-02 2.676946856081485748e-02 1.249530911445617676e-02 6.401774473488330841e-03 4.667103290557861328e-02 1.261437218636274338e-02 4.348470643162727356e-02 4.139337316155433655e-02 3.309066221117973328e-02 1.798815093934535980e-03 1.173462811857461929e-02 7.452053483575582504e-03 1.124138236045837402e-01 4.407619312405586243e-02 1.919733174145221710e-02 4.232446476817131042e-02 4.860404133796691895e-02 1.143768057227134705e-02 1.551786959171295166e-01 1.145417466759681702e-01 6.360101047903299332e-03 2.836055122315883636e-02 2.978675067424774170e-02 2.023700810968875885e-02 3.104794956743717194e-02 2.002201601862907410e-02 3.668966516852378845e-02 1.942345127463340759e-02 3.462669998407363892e-02 2.784481830894947052e-02 7.997919805347919464e-03 2.546079456806182861e-02 2.463349886238574982e-02 2.401509881019592285e-02 2.652565762400627136e-02 3.289257735013961792e-02 5.602927133440971375e-02 1.250784099102020264e-02 2.939729206264019012e-02 2.103973552584648132e-02 2.614085748791694641e-02 6.854192912578582764e-02 8.805903606116771698e-03 1.766808889806270599e-02 5.374190863221883774e-03 1.515820063650608063e-02 3.001472912728786469e-03 3.499271348118782043e-02 3.982793539762496948e-02 9.883380495011806488e-03 2.530274447053670883e-03 1.502510160207748413e-02 1.615136861801147461e-02 4.747350513935089111e-02 6.098072510212659836e-03 4.491241276264190674e-02 1.534111704677343369e-02 2.841865085065364838e-02 6.592428684234619141e-02 6.528755649924278259e-03 2.193288132548332214e-02 5.734487436711788177e-03 3.059897385537624359e-02 3.135511185973882675e-03 5.080685019493103027e-02 4.411899670958518982e-02 2.499596215784549713e-02 3.591568022966384888e-02 6.897114217281341553e-02 4.068934358656406403e-03 1.181027851998806000e-02 5.306441802531480789e-03 3.078280948102474213e-03 4.923801869153976440e-03 6.920848973095417023e-03 1.993510499596595764e-02 4.724998399615287781e-02 4.053194448351860046e-02 9.228878654539585114e-03 5.487091466784477234e-02 2.532609365880489349e-02 1.866349577903747559e-02 3.535456955432891846e-02 3.296028822660446167e-02 2.525726146996021271e-02 1.030770223587751389e-02 1.998206786811351776e-02 1.891971006989479065e-02
6.765592377632856369e-03 3.396409749984741211e-02 1.455892324447631836e-01 4.338262230157852173e-02 3.109074570238590240e-02 3.739176783710718155e-03 1.210090587846934795e-03 8.833045139908790588e-03 3.398726880550384521e-02 1.668369583785533905e-02 2.812378294765949249e-02 1.288056373596191406e-02 6.319078058004379272e-02 3.699011728167533875e-02 1.385218054056167603e-01 3.485808894038200378e-02 2.691242471337318420e-02 1.965421997010707855e-02 2.761342935264110565e-02 9.752461483003571630e-05 3.539053350687026978e-02 2.109177596867084503e-02 6.104866415262222290e-02 1.721089333295822144e-02 5.649843369610607624e-04 5.480900034308433533e-02 7.608021795749664307e-02 7.243776693940162659e-03 2.081364579498767853e-02 5.121465399861335754e-02 2.970332652330398560e-02 1.875317189842462540e-03 2.035121247172355652e-02 9.039437398314476013e-03 2.228005416691303253e-02 3.608285635709762573e-02 5.680320039391517639e-02 5.719094350934028625e-02 4.566600546240806580e-02 3.804150735959410667e-03 3.708159923553466797e-02 5.932851694524288177e-03 3.024742240086197853e-03 8.610370568931102753e-03 7.857943885028362274e-03 3.939829021692276001e-02 5.488242208957672119e-02 8.237711340188980103e-02 3.073351271450519562e-02 2.283129841089248657e-02 7.398084551095962524e-02 2.828674763441085815e-02 5.329514667391777039e-02 1.269815862178802490e-02 1.235856302082538605e-02 3.932472318410873413e-02 5.731219798326492310e-02 2.144654467701911926e-02 1.596848107874393463e-02 1.379764545708894730e-02 3.487512841820716858e-02 2.401544153690338135e-02 9.516328573226928711e-03 2.199410274624824524e-02 4.324604570865631104e-02 1.480617001652717590e-02 1.155867241322994232e-02 2.159715443849563599e-02 3.225947171449661255e-02 3.129025176167488098e-02 5.947235506027936935e-03 2.269971743226051331e-02 5.228304490447044373e-02 2.737793838605284691e-03 1.911316812038421631e-02 5.089139193296432495e-02 2.090349420905113220e-02 1.880491897463798523e-02 6.094255670905113220e-02 1.736615959089249372e-04 8.329707384109497070e-02 1.929990947246551514e-02 2.660891599953174591e-02 1.129848696291446686e-02 3.203794360160827637e-02 5.975743755698204041e-02 1.248094588518142700e-01 7.243649661540985107e-02 8.130881190299987793e-02 2.735145017504692078e-02 4.138790816068649292e-02 4.921496659517288208e-02 1.419573184102773666e-02 8.387427777051925659e-03 2.897471562027931213e-02 4.704781621694564819e-02 5.476733203977346420e-03 3.796365857124328613e-02 3.330497071146965027e-02 4.430696740746498108e-02 3.310538828372955322e-03 1.726525835692882538e-03 1.073119714856147766e-01 6.871526688337326050e-02 5.082290992140769958e-02 2.841314859688282013e-02 3.299815207719802856e-02 3.456732258200645447e-02 6.413263082504272461e-02 7.514529675245285034e-02 1.768237911164760590e-03 3.018926829099655151e-02 4.688562825322151184e-02 4.107153043150901794e-02 4.974400624632835388e-02 9.044878184795379639e-02
3.070526942610740662e-02 4.147503152489662170e-02 2.177118323743343353e-02 1.290779933333396912e-02 3.869711235165596008e-02 9.415002539753913879e-03 2.350947819650173187e-02 3.398726880550384521e-02 1.244219467043876648e-01 1.184734925627708435e-01 6.828810553997755051e-03 7.400850206613540649e-02 1.437349151819944382e-02 3.024995699524879456e-02 5.364940967410802841e-03 5.087132006883621216e-02 6.042231619358062744e-02 5.939279124140739441e-02 5.577527731657028198e-02 6.009267270565032959e-02 7.144201546907424927e-02 2.718304283916950226e-02 6.157676503062248230e-02 1.039440557360649109e-01 3.008057363331317902e-02 5.985090043395757675e-03 1.070196391083300114e-03 1.216550078243017197e-02 5.744315218180418015e-03 1.943223550915718079e-02 3.585739806294441223e-02 1.901529030874371529e-03 4.519158974289894104e-02 1.688837818801403046e-02 2.099313028156757355e-02 1.054985355585813522e-02 2.620195411145687103e-02 2.469975128769874573e-02 3.731481265276670456e-03 5.447509512305259705e-02 2.624255605041980743e-03 2.596417441964149475e-02 3.463429212570190430e-02 1.220927666872739792e-02 1.079327911138534546e-01 3.307230398058891296e-02 2.938803099095821381e-02 2.546141855418682098e-02 3.511055931448936462e-02 2.983881393447518349e-03 1.192700769752264023e-02 2.309850230813026428e-02 6.792805623263120651e-03 3.828470408916473389e-02 8.812560886144638062e-02 1.653089188039302826e-02 2.248005708679556847e-03 1.003266032785177231e-02 1.249592471867799759e-02 1.067907176911830902e-02 1.377255748957395554e-02 4.989345744252204895e-02 2.758948318660259247e-02 1.972441188991069794e-02 3.388788551092147827e-02 1.010610908269882202e-02 1.616096496582031250e-02 5.211836472153663635e-02 8.839785307645797729e-02 3.778309747576713562e-02 3.788379579782485962e-02 7.380113005638122559e-03 2.741408534348011017e-02 9.659316274337470531e-04 4.712507873773574829e-02 4.460509866476058960e-02 1.610610187053680420e-01 1.547195166349411011e-01 1.958659291267395020e-01 2.226388640701770782e-02 1.483410783112049103e-02 1.996091753244400024e-02 1.002232059836387634e-01 3.576381877064704895e-02 2.616874687373638153e-02 6.278786808252334595e-03 1.740423589944839478e-02 3.276354447007179260e-02 9.990742802619934082e-02 5.754081066697835922e-03 1.644962280988693237e-02 1.702476851642131805e-02 3.803090006113052368e-02 3.274760395288467407e-02 1.195588521659374237e-02 1.502887625247240067e-02 2.882866002619266510e-02 5.273546092212200165e-03 7.175194332376122475e-04 4.445417970418930054e-02 2.476493269205093384e-02 5.510319396853446960e-02 3.186076506972312927e-02 7.369686663150787354e-02 1.246718503534793854e-02 2.901269309222698212e-02 5.756516754627227783e-02 2.401398122310638428e-02 5.205490067601203918e-02 5.957049783319234848e-03 1.121149398386478424e-02 3.996545448899269104e-02 2.453957684338092804e-02 5.881393793970346451e-03 6.473457906395196915e-03 1.863284036517143250e-02
3.187015652656555176e-02 1.092424988746643066e-02 3.511846065521240234e-02 1.173042356967926025e-01 6.099831685423851013e-02 7.270870730280876160e-03 1.038154703564941883e-03 1.668369583785533905e-02 1.184734925627708435e-01 1.635667830705642700e-01 2.375986985862255096e-02 6.974144279956817627e-02 5.526605248451232910e-02 3.253349289298057556e-02 6.492572370916604996e-03 1.788848452270030975e-02 7.406187802553176880e-02 5.527868866920471191e-03 1.032818388193845749e-02 3.339111059904098511e-02 2.620861493051052094e-02 7.145844399929046631e-03 3.534172475337982178e-02 8.729138225317001343e-02 4.038495942950248718e-02 4.330090805888175964e-02 1.249452680349349976e-02 3.022422548383474350e-03 2.035223506391048431e-02 3.856276720762252808e-02 4.214491322636604309e-02 2.720010653138160706e-02 4.276174306869506836e-02 2.720952965319156647e-02 1.854589907452464104e-03 5.460997670888900757e-02 9.168606251478195190e-03 1.750185899436473846e-02 4.481359198689460754e-02 2.433128841221332550e-02 4.246957600116729736e-02 2.562869712710380554e-02 4.513626173138618469e-02 2.786447294056415558e-02 3.665102273225784302e-02 6.734660267829895020e-02 3.359347581863403320e-02 7.844327948987483978e-03 3.872963041067123413e-02 1.598257869482040405e-01 1.672565564513206482e-02 2.234437875449657440e-02 6.784449331462383270e-03 9.379558265209197998e-03 3.175406157970428467e-02 1.510829925537109375e-01 1.208857074379920959e-02 1.246457174420356750e-02 8.409114927053451538e-02 3.283110633492469788e-02 7.020007073879241943e-02 4.621429741382598877e-02 5.093903839588165283e-02 4.545164853334426880e-02 5.628892779350280762e-02 2.518997993320226669e-03 3.800578415393829346e-02 4.964422434568405151e-02 1.066930498927831650e-02 1.846146024763584137e-02 8.558920025825500488e-02 6.993420887738466263e-03 1.244263630360364914e-02 2.669506147503852844e-02 7.108187675476074219e-02 2.091838233172893524e-02 5.893451161682605743e-04 1.983828544616699219e-01 4.529251158237457275e-02 1.842866092920303345e-01 3.405037149786949158e-02 5.086437240242958069e-02 6.043272092938423157e-02 1.883218623697757721e-02 6.529564410448074341e-02 7.672417908906936646e-02 4.442035406827926636e-02 2.498216368257999420e-02 4.643021151423454285e-02 4.326400905847549438e-02 4.934612289071083069e-02 5.938013270497322083e-02 6.494375411421060562e-03 4.030054062604904175e-02 2.604699134826660156e-02 1.061248779296875000e-02 9.828783571720123291e-03 3.152263909578323364e-02 4.721082001924514771e-02 9.024576842784881592e-02 2.960034459829330444e-02 6.295115686953067780e-03 2.106641605496406555e-02 7.074408931657671928e-04 1.855141669511795044e-02 1.066990662366151810e-02 3.547989297658205032e-03 7.503324747085571289e-02 1.520524267107248306e-02 6.153885275125503540e-03 4.012558609247207642e-02 5.072531849145889282e-02 2.973761782050132751e-02 1.879886910319328308e-02 7.079905364662408829e-03 4.963110014796257019e-02
1.706331223249435425e-01 1.578607708215713501e-01 8.071981370449066162e-03 2.265330404043197632e-02 2.304136380553245544e-02 8.074902743101119995e-02 8.173355460166931152e-02 2.812378294765949249e-02 6.828810553997755051e-03 2.375986985862255096e-02 2.129594236612319946e-01 4.724804777652025223e-03 1.599967032670974731e-01 1.158888917416334152e-02 8.951900526881217957e-03 3.281799703836441040e-02 1.354817952960729599e-02 2.139127813279628754e-02 3.520070016384124756e-02 3.213933855295181274e-02 2.102577313780784607e-02 7.824866473674774170e-02 3.110157791525125504e-03 3.152436390519142151e-02 5.718461237847805023e-03 2.087649330496788025e-02 3.775075543671846390e-03 5.208298098295927048e-03 1.170875970274209976e-02 6.090458948165178299e-03 3.203326091170310974e-02 3.621111810207366943e-02 1.985233509913086891e-03 4.327971488237380981e-02 1.449710875749588013e-02 4.514766391366720200e-03 1.975641958415508270e-02 3.921517357230186462e-02 1.174040324985980988e-02 9.126281365752220154e-03 2.869249694049358368e-02 1.491867005825042725e-02 8.255749009549617767e-03 1.411134097725152969e-02 2.738415822386741638e-02 2.300012484192848206e-02 8.485799282789230347e-02 4.161851853132247925e-02 4.263238236308097839e-02 1.952264690771698952e-03 7.629079278558492661e-03 7.769938558340072632e-03 2.127212472259998322e-02 1.034683268517255783e-02 2.788702212274074554e-02 9.823670610785484314e-03 1.268561091274023056e-02 2.924471162259578705e-02 3.748891130089759827e-02 5.480849742889404297e-02 7.882828824222087860e-03 2.244243398308753967e-02 3.011640626937150955e-03 2.758663147687911987e-02 1.176264435052871704e-01 6.437033414840698242e-02 1.334955822676420212e-02 5.298390053212642670e-03 1.757485233247280121e-02 5.598514527082443237e-02 1.362388138659298420e-03 9.182994067668914795e-02 2.849279344081878662e-02 1.973170787096023560e-02 1.360454969108104706e-02 7.719749212265014648e-02 1.178784575313329697e-02 1.784954033792018890e-02 5.152957513928413391e-03 4.738863930106163025e-02 4.121802747249603271e-03 6.075392011553049088e-03 2.560253255069255829e-02 7.528626825660467148e-03 6.227251887321472168e-02 2.435710281133651733e-02 3.941771015524864197e-02 7.841575890779495239e-03 2.160988934338092804e-02 8.668486773967742920e-02 5.873202160000801086e-02 1.208525896072387695e-01 4.167011752724647522e-02 6.862021982669830322e-02 1.154591701924800873e-02 1.712446659803390503e-02 5.365143716335296631e-02 2.035339176654815674e-02 3.490041941404342651e-02 2.079329267144203186e-02 1.738824066706001759e-03 1.637745462357997894e-02 4.661978408694267273e-02 1.830333098769187927e-02 1.181547064334154129e-02 5.746791139245033264e-03 9.806174784898757935e-03 3.764896187931299210e-03 8.664701133966445923e-03 5.295815691351890564e-02 4.411464184522628784e-02 3.397376090288162231e-02 8.127029053866863251e-03 6.585657596588134766e-03 7.970980368554592133e-03 3.017996903508901596e-03
2.882187627255916595e-02 2.268582582473754883e-02 1.001009810715913773e-02 3.711085068061947823e-03 8.672542870044708252e-03 1.136184781789779663e-01 5.774869769811630249e-02 1.288056373596191406e-02 7.400850206613540649e-02 6.974144279956817627e-02 4.724804777652025223e-03 9.679576754570007324e-02 3.812067583203315735e-02 1.592748612165451050e-01 1.887460984289646149e-02 2.427326142787933350e-02 2.634072676301002502e-02 4.695495963096618652e-02 1.789246127009391785e-02 3.413278982043266296e-02 3.642693907022476196e-02 5.455913022160530090e-03 5.753670632839202881e-02 1.807227730751037598e-02 3.417660668492317200e-02 4.831364750862121582e-02 4.408771637827157974e-03 1.794938892126083374e-01 7.168279029428958893e-03 1.121102347970008850e-01 9.709614329040050507e-03 7.542616804130375385e-04 7.769712246954441071e-03 2.128602750599384308e-02 3.631013096310198307e-04 2.652589790523052216e-02 2.796444110572338104e-02 3.200306743383407593e-02 1.510564144700765610e-02 2.480971626937389374e-02 7.095136493444442749e-02 2.205906808376312256e-02 3.027117811143398285e-02 4.349998384714126587e-02 1.121398657560348511e-01 1.004947572946548462e-01 2.056117914617061615e-02 2.220559678971767426e-02 1.383969560265541077e-02 2.747087925672531128e-02 4.925562813878059387e-02 5.902583152055740356e-02 3.900013118982315063e-02 4.019179940223693848e-02 5.568744987249374390e-02 5.947649106383323669e-02 5.685184523463249207e-02 5.148327723145484924e-02 2.401971817016601562e-02 3.449940681457519531e-02 1.072937855497002602e-03 5.937537923455238342e-02 8.682746440172195435e-03 7.850506342947483063e-03 3.507617220748215914e-04 2.716951258480548859e-02 5.748346820473670959e-02 6.341778486967086792e-02 8.078492246568202972e-03 6.148906797170639038e-02 1.160304062068462372e-02 1.645762287080287933e-02 3.888757154345512390e-02 3.360246866941452026e-02 1.107635162770748138e-02 2.580530010163784027e-02 7.513029128313064575e-02 2.555640414357185364e-02 7.338979840278625488e-02 8.590242941863834858e-05 1.747874426655471325e-03 8.987507224082946777e-02 5.594230070710182190e-02 9.070887416601181030e-02 3.006716258823871613e-02 8.756884187459945679e-02 1.922239363193511963e-02 7.510284334421157837e-02 1.142844781279563904e-01 6.888210773468017578e-03 1.227328553795814514e-02 8.798441849648952484e-03 1.367982476949691772e-02 4.289310425519943237e-02 3.606685670092701912e-03 2.183858118951320648e-02 1.635127700865268707e-03 2.497832104563713074e-02 9.151043370366096497e-03 3.076533600687980652e-02 7.319223135709762573e-03 6.220531649887561798e-03 3.787589818239212036e-02 2.440583333373069763e-02 5.793409422039985657e-02 8.012047037482261658e-03 2.986140921711921692e-02 1.766949892044067383e-02 7.019614335149526596e-03 1.652357541024684906e-02 4.977977648377418518e-02 3.782751038670539856e-02 4.273886606097221375e-02 2.041973359882831573e-02 4.261647537350654602e-02 1.611744798719882965e-02
1.347850561141967773e-01 1.751330941915512085e-01 9.870430454611778259e-03 5.838691443204879761e-02 3.754000365734100342e-02 7.662996649742126465e-02 6.550711393356323242e-02 6.319078058004379272e-02 1.437349151819944382e-02 5.526605248451232910e-02 1.599967032670974731e-01 3.812067583203315735e-02 2.140045762062072754e-01 1.839935220777988434e-02 3.423159942030906677e-02 2.479805238544940948e-02 5.532017908990383148e-03 7.164665311574935913e-02 4.279033467173576355e-02 2.090252190828323364e-02 2.647485351189970970e-03 1.005234792828559875e-01 2.094691991806030273e-02 2.128713950514793396e-02 1.435919571667909622e-02 1.347327232360839844e-02 3.250284492969512939e-02 1.960806548595428467e-02 1.001342106610536575e-02 8.176924660801887512e-03 1.496906578540802002e-01 1.017782278358936310e-02 1.301849260926246643e-02 1.177878235466778278e-03 6.005596369504928589e-03 9.798719547688961029e-03 2.274692431092262268e-02 9.644699282944202423e-03 1.590169966220855713e-02 2.237182669341564178e-02 1.599363051354885101e-02 3.365109488368034363e-02 2.590433135628700256e-02 2.698107622563838959e-03 4.891812428832054138e-02 7.782811671495437622e-02 7.183698564767837524e-02 5.554698035120964050e-02 4.282805323600769043e-02 2.066649682819843292e-02 2.540721558034420013e-02 1.607682439498603344e-03 1.948754116892814636e-02 2.795983105897903442e-02 4.466874524950981140e-02 4.570563137531280518e-02 2.594541385769844055e-02 4.977165162563323975e-02 2.444108016788959503e-02 4.742783028632402420e-03 4.125807061791419983e-02 4.642163217067718506e-02 3.675699466839432716e-03 2.773724123835563660e-02 8.340055495500564575e-02 1.077903062105178833e-01 9.008403867483139038e-03 2.645694091916084290e-02 5.286921281367540359e-03 6.991906464099884033e-02 3.321450669318437576e-03 9.350271522998809814e-02 4.799585044384002686e-02 7.956968247890472412e-02 1.571429707109928131e-02 9.033929556608200073e-02 2.388205192983150482e-02 4.035067930817604065e-02 6.899861246347427368e-02 5.829730257391929626e-02 3.355811908841133118e-02 5.905087292194366455e-02 7.121284306049346924e-02 2.216140739619731903e-02 2.042909525334835052e-02 2.495387941598892212e-02 6.240125373005867004e-02 6.452590692788362503e-03 1.382947061210870743e-02 1.055281832814216614e-01 1.592547819018363953e-02 8.337370306253433228e-02 6.103825941681861877e-02 3.374302387237548828e-02 5.748955532908439636e-03 6.167471408843994141e-02 5.825197696685791016e-02 3.601496666669845581e-02 2.679367363452911377e-02 2.559545263648033142e-02 1.294958125799894333e-02 1.113927923142910004e-03 4.253291711211204529e-02 2.609578706324100494e-02 5.633490509353578091e-04 2.584083413239568472e-04 5.003511323593556881e-04 1.680869422852993011e-02 1.903554052114486694e-02 4.817925393581390381e-03 3.375016152858734131e-02 7.915434427559375763e-03 8.578697219491004944e-03 2.756960690021514893e-02 4.579352214932441711e-03 7.259207963943481445e-02
