1.697090417146682739e-01 1.346673965454101562e-01 4.099162667989730835e-02 2.108828164637088776e-02 1.254172716289758682e-02 1.394363492727279663e-01 7.752055674791336060e-02 4.263718426227569580e-02 1.166597846895456314e-02 2.192651294171810150e-02 6.021731346845626831e-02 2.795458585023880005e-02 9.203102439641952515e-02 3.460298478603363037e-02 6.359653919935226440e-02 2.805404737591743469e-02 2.247085422277450562e-02 2.357580885291099548e-02 1.899695396423339844e-02 1.885261945426464081e-02 3.437472507357597351e-02 6.862345617264509201e-03 4.606090486049652100e-02 5.485250428318977356e-02 1.086356677114963531e-02 1.406079903244972229e-02 2.963893115520477295e-03 4.412076249718666077e-02 2.434539981186389923e-02 4.245995730161666870e-02 3.399882838129997253e-02 4.207724239677190781e-03 2.431550435721874237e-02 1.240834314376115799e-02 1.542893424630165100e-02 2.760121598839759827e-02 4.250282049179077148e-02 3.330916911363601685e-02 1.302946358919143677e-02 7.563863415271043777e-03 4.285664856433868408e-02 2.612447924911975861e-02 7.400254905223846436e-02 2.294874936342239380e-02 1.078740321099758148e-02 1.498412340879440308e-02 6.588256359100341797e-02 4.747126623988151550e-02 2.334748022258281708e-02 3.099684789776802063e-02 1.598591357469558716e-02 4.145860671997070312e-02 4.071388766169548035e-02 2.913986332714557648e-02 2.484570071101188660e-02 1.402063877321779728e-03 4.464505985379219055e-02 1.480403169989585876e-02 2.758900262415409088e-02 3.805335238575935364e-02 3.655411675572395325e-02 1.270391419529914856e-02 3.601760789752006531e-02 5.347054917365312576e-03 1.948846387676894665e-03 1.451137475669384003e-02 2.926981821656227112e-02 4.221098497509956360e-02 3.543839603662490845e-02 1.191217266023159027e-02 7.714068982750177383e-03 6.807292345911264420e-03 2.175756916403770447e-02 8.848874829709529877e-03 2.246628701686859131e-02 2.472792565822601318e-02 8.888569660484790802e-03 8.267621509730815887e-03 8.851843886077404022e-03 3.680206090211868286e-02 5.495888367295265198e-02 1.135124359279870987e-02 3.002216666936874390e-02 7.789891213178634644e-03 9.463378228247165680e-03 7.264370098710060120e-03 3.396779298782348633e-02 5.080285668373107910e-02 3.644092381000518799e-02 2.717239409685134888e-02 5.679077282547950745e-02 3.522741608321666718e-03 2.246880345046520233e-02 1.059381011873483658e-02 4.814717452973127365e-03 2.250174805521965027e-02 1.342156995087862015e-02 2.656755968928337097e-02 5.352367181330919266e-03 5.865449551492929459e-03 1.384336873888969421e-02 6.676262128166854382e-04 1.331829465925693512e-02 4.086345434188842773e-02 2.062060497701168060e-02 1.334502547979354858e-02 2.093082107603549957e-02 2.205311879515647888e-02 1.836336590349674225e-02 9.704103693366050720e-03 6.435635499656200409e-03 3.755695745348930359e-02 6.922539323568344116e-02 6.716701388359069824e-02 1.081082038581371307e-02 2.928412891924381256e-02
1.346673965454101562e-01 1.913479268550872803e-01 3.305916860699653625e-02 3.245484456419944763e-02 3.655236959457397461e-02 1.446769088506698608e-01 1.498759835958480835e-01 4.999404773116111755e-03 1.793134957551956177e-02 4.428308457136154175e-03 4.014854133129119873e-02 2.358367480337619781e-02 1.166186556220054626e-01 2.234654128551483154e-02 8.975210599601268768e-03 1.914504356682300568e-02 3.595920652151107788e-02 1.168856676667928696e-02 7.520562037825584412e-03 3.660744056105613708e-02 2.446121163666248322e-02 9.699971415102481842e-03 4.476548731327056885e-02 2.264792099595069885e-02 1.163252722471952438e-02 1.914907060563564301e-02 3.211587201803922653e-03 7.845788262784481049e-03 3.398334234952926636e-02 2.465549111366271973e-02 2.960694208741188049e-02 2.522551082074642181e-02 3.043283149600028992e-02 3.429793566465377808e-02 1.131220720708370209e-02 2.578689716756343842e-02 3.798380866646766663e-02 1.967035233974456787e-02 2.470204420387744904e-02 9.347160346806049347e-03 3.470000997185707092e-02 9.037707932293415070e-03 5.911662057042121887e-02 2.225093543529510498e-02 2.871352992951869965e-02 7.049914449453353882e-02 1.299975812435150146e-01 1.240783482789993286e-01 1.795528270304203033e-02 2.632655436173081398e-03 2.030675485730171204e-02 1.564284041523933411e-02 6.772188842296600342e-02 5.150143988430500031e-03 2.778642252087593079e-02 8.643954060971736908e-03 4.893177002668380737e-02 3.226444125175476074e-02 1.341424137353897095e-02 2.548297401517629623e-03 3.785664215683937073e-02 2.351966500282287598e-02 8.748666383326053619e-03 3.060516342520713806e-02 8.911567740142345428e-03 3.169021755456924438e-02 2.733250521123409271e-02 2.234798297286033630e-02 3.719874098896980286e-02 1.422450505197048187e-02 3.621453419327735901e-02 9.661238640546798706e-03 2.481613121926784515e-02 2.839870378375053406e-02 6.180633790791034698e-04 2.333830198040232062e-04 2.481276541948318481e-02 2.427701139822602272e-03 2.681914158165454865e-02 2.854730701074004173e-03 2.931846491992473602e-02 1.880817674100399017e-02 2.552610449492931366e-02 2.871115691959857941e-02 5.898280441761016846e-02 2.193492092192173004e-02 3.104665130376815796e-02 2.108169347047805786e-02 1.480426406487822533e-03 1.071150414645671844e-02 1.111785918474197388e-01 2.980391122400760651e-02 7.366769015789031982e-02 8.588349446654319763e-03 2.700473740696907043e-02 4.190888255834579468e-02 4.449323192238807678e-02 1.655366830527782440e-02 1.793588511645793915e-02 2.296405471861362457e-02 5.225658882409334183e-03 2.332335151731967926e-02 1.634558476507663727e-02 3.070874325931072235e-02 3.647923469543457031e-03 8.076031692326068878e-03 1.937768422067165375e-02 2.024855092167854309e-02 1.001610886305570602e-02 3.550954908132553101e-02 1.404210180044174194e-02 5.574345588684082031e-02 1.435810979455709457e-02 1.537620555609464645e-02 7.194641232490539551e-02 6.750736385583877563e-02
4.099162667989730835e-02 3.305916860699653625e-02 5.682532861828804016e-02 1.298862975090742111e-02 4.507213830947875977e-02 3.066725656390190125e-02 6.312167737632989883e-03 7.500337809324264526e-02 7.240866869688034058e-02 5.226343497633934021e-02 4.492760822176933289e-02 5.137749249115586281e-04 9.571617469191551208e-03 4.213032126426696777e-02 6.194900721311569214e-02 2.661628462374210358e-02 1.263687107712030411e-02 6.064999476075172424e-02 4.063427622895687819e-04 9.471455216407775879e-02 6.285419315099716187e-02 3.395422175526618958e-02 8.144479244947433472e-03 5.017252638936042786e-02 3.397358348593115807e-03 5.857290327548980713e-02 1.869536936283111572e-02 1.182934194803237915e-01 3.988730604760348797e-04 1.606931164860725403e-02 2.479737810790538788e-02 7.499215006828308105e-02 1.185107789933681488e-02 1.989528909325599670e-02 3.675730526447296143e-02 2.331202477216720581e-02 4.041200503706932068e-02 8.116506040096282959e-03 4.020035639405250549e-02 2.284170314669609070e-02 5.339337140321731567e-02 1.284722238779067993e-01 1.091198921203613281e-01 3.771113231778144836e-02 8.538313955068588257e-02 1.692692190408706665e-02 5.274945870041847229e-02 2.894955128431320190e-02 6.812515854835510254e-02 5.591575801372528076e-02 3.966663498431444168e-03 1.126853078603744507e-01 4.522198066115379333e-02 8.589288592338562012e-02 4.357747361063957214e-02 3.742282465100288391e-02 2.665541507303714752e-02 3.538307547569274902e-02 1.712315157055854797e-02 6.118443235754966736e-02 2.290144329890608788e-03 3.478308394551277161e-02 2.685040002688765526e-03 5.930052325129508972e-02 3.187941387295722961e-02 3.662667050957679749e-02 5.283583700656890869e-02 2.739180438220500946e-02 5.919364094734191895e-02 7.249370217323303223e-02 7.501183077692985535e-03 4.567854106426239014e-03 4.495686292648315430e-02 1.062601618468761444e-02 2.212857652921229601e-04 3.296805918216705322e-02 5.541493371129035950e-02 3.024176927283406258e-03 3.982643783092498779e-02 7.601749617606401443e-03 1.378736943006515503e-01 8.384276181459426880e-02 3.102461062371730804e-02 4.579254612326622009e-02 4.607377201318740845e-02 5.422777682542800903e-02 1.456262916326522827e-02 5.055199936032295227e-02 8.181772381067276001e-02 2.465632557868957520e-02 1.795210130512714386e-02 4.302603751420974731e-02 3.411159291863441467e-02 1.147390529513359070e-02 1.713814213871955872e-02 1.631041290238499641e-03 3.370382264256477356e-02 5.316893104463815689e-03 4.752726107835769653e-02 1.587792858481407166e-02 4.066894575953483582e-02 2.925390191376209259e-02 1.294975049859203864e-06 2.010327391326427460e-02 5.431516561657190323e-03 5.974705517292022705e-02 2.023947052657604218e-02 4.301749542355537415e-02 8.336296677589416504e-02 2.216452499851584435e-03 5.121615901589393616e-02 2.597011812031269073e-02 1.197237297892570496e-01 2.428541891276836395e-02 7.232655584812164307e-02 6.445521954447031021e-03
2.108828164637088776e-02 3.245484456419944763e-02 1.298862975090742111e-02 1.122998520731925964e-01 1.152802705764770508e-01 1.045071147382259369e-02 3.364587947726249695e-02 3.253366425633430481e-02 3.125562891364097595e-02 1.262990757822990417e-02 1.562169566750526428e-02 2.795342542231082916e-02 4.819565266370773315e-02 4.879167675971984863e-02 3.130068629980087280e-02 7.668059552088379860e-04 1.172764692455530167e-02 1.541294343769550323e-02 6.026651337742805481e-02 5.403109267354011536e-02 6.805478781461715698e-02 6.646411493420600891e-03 1.905123516917228699e-02 3.923583775758743286e-02 1.643512584269046783e-02 7.585837040096521378e-03 2.140510514436755329e-05 4.788975231349468231e-03 1.503325626254081726e-02 6.857579201459884644e-02 2.896070852875709534e-02 7.901196926832199097e-02 4.254914075136184692e-02 5.303263664245605469e-02 3.036174178123474121e-02 3.487809747457504272e-02 5.202337726950645447e-02 1.761022396385669708e-02 2.779466100037097931e-02 4.739229381084442139e-02 3.934949636459350586e-02 3.168084844946861267e-02 3.043464943766593933e-02 1.688282005488872528e-02 3.603126388043165207e-04 1.477211713790893555e-02 3.019391745328903198e-02 1.010716240853071213e-02 4.604039713740348816e-02 1.039654761552810669e-02 1.001063436269760132e-01 3.864059690386056900e-03 1.471891347318887711e-02 8.767443709075450897e-03 3.156060120090842247e-03 2.716665528714656830e-02 2.650148421525955200e-02 5.258238688111305237e-02 4.312075302004814148e-02 2.264480106532573700e-02 5.102293938398361206e-02 3.396445512771606445e-02 8.604432642459869385e-02 6.692166626453399658e-02 5.694134160876274109e-03 2.153450623154640198e-02 4.555885493755340576e-02 6.612889468669891357e-02 4.451273381710052490e-02 2.340133301913738251e-02 4.536969587206840515e-02 4.335515573620796204e-02 1.138520389795303345e-01 3.080489300191402435e-02 5.448218807578086853e-02 4.877104237675666809e-02 2.011568099260330200e-02 7.914767600595951080e-03 3.408075124025344849e-02 3.883916884660720825e-02 5.593219399452209473e-02 6.229274347424507141e-02 5.991552025079727173e-02 3.351017832756042480e-02 5.002339184284210205e-02 1.228751838207244873e-01 9.258733130991458893e-03 6.382898427546024323e-03 2.231789380311965942e-02 7.559319492429494858e-03 6.659349426627159119e-03 3.408758714795112610e-02 1.694888807833194733e-02 1.473771221935749054e-02 1.680597662925720215e-02 2.015862055122852325e-02 1.574640534818172455e-02 1.023036614060401917e-02 2.237830497324466705e-02 2.307252027094364166e-02 2.553840912878513336e-02 4.856964945793151855e-02 5.285783857107162476e-02 1.198755204677581787e-02 1.586162485182285309e-02 8.685750886797904968e-03 5.599291995167732239e-03 5.947624519467353821e-02 1.285599311813712120e-03 1.364108454436063766e-02 2.993343770503997803e-02 2.221633476438000798e-04 4.096623510122299194e-02 5.178151652216911316e-02 2.697188965976238251e-02 3.820479661226272583e-02
1.254172716289758682e-02 3.655236959457397461e-02 4.507213830947875977e-02 1.152802705764770508e-01 1.276095211505889893e-01 2.059308439493179321e-02 4.492172971367835999e-02 4.128129407763481140e-02 9.310981258749961853e-03 4.522808641195297241e-02 2.171904407441616058e-02 1.452684868127107620e-02 2.203161083161830902e-02 1.985117979347705841e-02 5.226562172174453735e-02 4.040041193366050720e-02 3.578516095876693726e-02 5.143985152244567871e-02 5.918148532509803772e-02 3.080800175666809082e-02 5.881166458129882812e-02 3.795562079176306725e-03 9.022281505167484283e-03 3.871558699756860733e-03 1.057317294180393219e-02 3.643660619854927063e-02 2.136519365012645721e-02 2.531431429088115692e-02 5.512624979019165039e-03 5.844016745686531067e-02 3.117645718157291412e-02 2.656679041683673859e-02 4.287992417812347412e-02 2.346150763332843781e-02 5.846615531481802464e-04 1.157946977764368057e-02 2.015724033117294312e-02 9.179726243019104004e-03 2.725803293287754059e-02 8.177697658538818359e-02 7.420101668685674667e-03 2.108397893607616425e-02 1.849964633584022522e-02 8.808167651295661926e-03 2.457730658352375031e-02 4.406587779521942139e-02 3.926971182227134705e-02 3.828863427042961121e-02 3.068046644330024719e-03 6.632950622588396072e-03 3.274757415056228638e-02 2.032173052430152893e-02 4.275270178914070129e-02 2.566825971007347107e-02 1.214845012873411179e-02 4.556690528988838196e-02 1.636452600359916687e-02 3.262811899185180664e-02 5.048616603016853333e-02 4.268756881356239319e-02 5.400521308183670044e-02 5.188842490315437317e-02 4.884105920791625977e-02 1.665895059704780579e-02 5.008672829717397690e-03 1.009174529463052750e-02 1.770996674895286560e-02 5.456922948360443115e-02 1.670389436185359955e-02 3.504077671095728874e-03 4.228543839417397976e-04 2.103363908827304840e-02 8.271612972021102905e-02 1.055836584419012070e-02 7.975379377603530884e-02 3.767891973257064819e-02 3.008499508723616600e-03 5.370377330109477043e-04 4.694916773587465286e-03 7.952142506837844849e-03 3.633132204413414001e-02 4.544875398278236389e-02 5.206868052482604980e-02 5.630435794591903687e-02 2.220539376139640808e-02 8.031424134969711304e-02 1.780141703784465790e-02 2.900914987549185753e-03 4.757378995418548584e-02 2.729026786983013153e-02 3.006187966093420982e-03 1.403153780847787857e-02 3.304566070437431335e-02 5.485253408551216125e-03 5.098828114569187164e-03 3.754273802042007446e-02 3.602321073412895203e-02 2.190743573009967804e-02 4.453290626406669617e-02 2.364071831107139587e-02 1.377352746203541756e-03 4.794105887413024902e-02 1.120424829423427582e-02 6.275141611695289612e-03 2.022533863782882690e-02 2.404813282191753387e-02 2.252887934446334839e-02 5.271172896027565002e-02 3.138108178973197937e-02 3.270302712917327881e-02 1.293151173740625381e-02 1.085469126701354980e-02 3.212143480777740479e-02 5.849000066518783569e-02 3.169481456279754639e-02 1.994787342846393585e-02
1.394363492727279663e-01 1.446769088506698608e-01 3.066725656390190125e-02 1.045071147382259369e-02 2.059308439493179321e-02 1.360725909471511841e-01 2.095708698034286499e-01 2.239282242953777313e-02 1.285804063081741333e-02 1.995973847806453705e-02 1.283173821866512299e-02 6.900725513696670532e-02 2.205078490078449249e-02 5.562271922826766968e-02 6.637450307607650757e-02 3.108786419034004211e-02 2.495788037776947021e-03 6.655828654766082764e-02 1.360519509762525558e-02 2.127737551927566528e-02 2.549658901989459991e-02 5.786269903182983398e-02 5.444470047950744629e-02 4.435348510742187500e-02 1.642793975770473480e-02 3.064478747546672821e-03 1.731812953948974609e-02 7.767114788293838501e-02 3.987570479512214661e-02 1.089963465929031372e-01 6.012337282299995422e-02 5.960808321833610535e-02 7.269579917192459106e-02 3.997182846069335938e-02 2.347143739461898804e-02 4.371540620923042297e-02 3.806979581713676453e-02 2.948071109130978584e-03 4.874968528747558594e-02 1.152345072478055954e-02 3.481457009911537170e-02 2.374216355383396149e-02 5.771225690841674805e-02 7.267610169947147369e-03 5.805467441678047180e-02 4.276502132415771484e-02 1.588652431964874268e-01 7.896156609058380127e-02 5.355476588010787964e-02 1.052406500093638897e-03 5.634063854813575745e-02 1.817371696233749390e-02 5.333450809121131897e-02 2.263435721397399902e-02 1.967841573059558868e-02 4.132051020860671997e-02 8.576585911214351654e-03 6.992700695991516113e-02 4.132025688886642456e-02 3.069521486759185791e-02 2.796557545661926270e-02 4.694995284080505371e-02 6.652634590864181519e-02 6.902793049812316895e-02 7.031171768903732300e-02 8.443502336740493774e-02 2.392573282122612000e-02 3.735836967825889587e-02 2.642364241182804108e-02 2.899598516523838043e-02 4.144257679581642151e-02 6.421767175197601318e-02 1.581072993576526642e-02 1.850948110222816467e-02 7.027711719274520874e-02 2.066917531192302704e-02 1.019932981580495834e-02 1.744355447590351105e-02 4.950428754091262817e-02 5.261578038334846497e-02 2.904716879129409790e-02 1.236961875110864639e-02 6.440339982509613037e-02 2.118067070841789246e-02 7.273602299392223358e-03 3.233669325709342957e-02 3.841150552034378052e-02 5.522161722183227539e-02 8.988331258296966553e-02 8.689673244953155518e-02 9.777096658945083618e-02 2.605360001325607300e-02 8.263628929853439331e-02 2.355296723544597626e-02 7.033067941665649414e-02 4.802573844790458679e-02 2.076394157484173775e-03 5.403300747275352478e-03 7.326990365982055664e-03 2.404469065368175507e-02 1.755627244710922241e-02 3.437934070825576782e-02 1.043081656098365784e-02 1.796988584101200104e-02 3.450206294655799866e-02 8.881594985723495483e-03 7.384014874696731567e-02 2.281471621245145798e-03 3.347850218415260315e-02 6.506436318159103394e-02 8.791305124759674072e-03 2.100641839206218719e-03 5.338221043348312378e-02 4.296032339334487915e-02 5.232695490121841431e-02 4.501301795244216919e-02
7.752055674791336060e-02 1.498759835958480835e-01 6.312167737632989883e-03 3.364587947726249695e-02 4.492172971367835999e-02 2.095708698034286499e-01 1.804263442754745483e-01 1.763144158758223057e-03 1.372216641902923584e-02 1.463699340820312500e-02 1.546242367476224899e-02 5.669398605823516846e-02 3.872276842594146729e-02 1.533289253711700439e-02 4.616419598460197449e-02 2.828930737450718880e-03 1.668242737650871277e-03 8.421469829045236111e-04 2.026562951505184174e-02 1.148663833737373352e-02 4.554770886898040771e-03 1.930401101708412170e-02 5.190427228808403015e-02 3.134187310934066772e-02 4.132571071386337280e-02 1.730431453324854374e-03 5.347449332475662231e-03 2.447355166077613831e-02 4.252914339303970337e-02 1.523911207914352417e-02 4.627675283700227737e-03 6.342726759612560272e-03 3.189766034483909607e-02 3.945404663681983948e-02 5.138556472957134247e-03 3.597263945266604424e-03 3.116454742848873138e-02 1.072912383824586868e-02 3.369544073939323425e-02 1.124068861827254295e-03 5.533285439014434814e-02 2.288012951612472534e-02 4.861047863960266113e-02 1.194993779063224792e-02 5.793867260217666626e-02 2.397787384688854218e-02 1.940454095602035522e-01 2.149691730737686157e-01 1.538454648107290268e-02 2.337034232914447784e-02 5.089467857033014297e-03 3.083064593374729156e-02 7.858030498027801514e-02 7.566422689706087112e-03 3.686875104904174805e-02 1.594496890902519226e-02 4.902207851409912109e-02 3.696279600262641907e-03 7.013057172298431396e-02 3.927614539861679077e-02 7.433845661580562592e-03 1.272573880851268768e-02 5.277428030967712402e-02 1.012478489428758621e-02 6.806840002536773682e-02 1.282761711627244949e-02 1.144318282604217529e-02 2.365631237626075745e-02 7.618705276399850845e-03 2.721278741955757141e-02 2.357410965487360954e-03 2.500030025839805603e-02 3.777997940778732300e-02 1.198988221585750580e-02 4.420739039778709412e-02 2.624523476697504520e-04 1.406170986592769623e-02 1.649708114564418793e-02 3.449396044015884399e-02 2.007884322665631771e-04 7.654306944459676743e-03 4.335094615817070007e-02 2.454546280205249786e-02 4.251541569828987122e-02 4.353478550910949707e-02 7.714073359966278076e-02 5.716828629374504089e-02 4.527555778622627258e-02 1.918452419340610504e-02 1.873231492936611176e-02 6.329232454299926758e-02 1.052509155124425888e-02 1.166275963187217712e-01 1.120718754827976227e-02 3.122952952980995178e-02 1.973942294716835022e-02 8.644368790555745363e-05 2.875444944947957993e-03 2.433641813695430756e-02 1.519102603197097778e-02 6.996623426675796509e-02 7.142913527786731720e-04 8.465996943414211273e-03 3.455059370025992393e-03 5.332658998668193817e-03 3.469161689281463623e-02 4.620056971907615662e-02 2.094711922109127045e-02 2.058849297463893890e-02 6.721609272062778473e-03 1.767886430025100708e-02 2.215475402772426605e-02 1.149340998381376266e-02 2.305157482624053955e-02 2.575094252824783325e-02 2.609178982675075531e-02
4.263718426227569580e-02 4.999404773116111755e-03 7.500337809324264526e-02 3.253366425633430481e-02 4.128129407763481140e-02 2.239282242953777313e-02 1.763144158758223057e-03 1.078210026025772095e-01 8.294647932052612305e-02 9.113959036767482758e-03 8.387883193790912628e-03 2.728843502700328827e-02 1.353824045509099960e-02 2.061801729723811150e-03 6.003392115235328674e-02 1.119782496243715286e-02 3.668399527668952942e-03 2.235321328043937683e-02 7.492489647120237350e-03 8.399121463298797607e-02 6.732782721519470215e-02 5.324781313538551331e-02 4.592931270599365234e-02 3.491973737254738808e-03 4.750789329409599304e-02 1.350615732371807098e-02 2.426052279770374298e-02 4.775288701057434082e-02 6.261967122554779053e-02 1.594804599881172180e-02 3.573440946638584137e-03 8.605088107287883759e-03 4.425707831978797913e-02 4.820723459124565125e-02 3.703954629600048065e-03 2.813127078115940094e-02 5.035137385129928589e-02 3.872196655720472336e-03 5.569559521973133087e-03 7.917874306440353394e-02 1.203843206167221069e-02 2.736845426261425018e-02 2.541567198932170868e-02 5.618704855442047119e-02 1.850676164031028748e-02 5.788661167025566101e-02 2.755740843713283539e-02 1.448921859264373779e-02 3.977274987846612930e-03 8.331216126680374146e-02 2.445037476718425751e-03 5.497933551669120789e-02 2.562925405800342560e-02 5.532704759389162064e-03 3.281049430370330811e-04 5.163814872503280640e-02 1.065795868635177612e-02 5.377301573753356934e-02 1.471766154281795025e-03 2.497614361345767975e-03 2.348251640796661377e-02 5.523436143994331360e-02 8.250829763710498810e-03 5.433459207415580750e-02 1.434041187167167664e-02 3.095332160592079163e-02 2.569887787103652954e-02 2.079880982637405396e-02 4.804273322224617004e-02 1.314854715019464493e-02 1.532304007560014725e-02 4.667348787188529968e-02 1.789188385009765625e-02 5.560120567679405212e-03 1.058845967054367065e-02 3.620816022157669067e-02 3.427895903587341309e-02 2.370397187769412994e-02 3.975814953446388245e-02 9.590795263648033142e-03 1.382673680782318115e-01 1.569022834300994873e-01 6.730845570564270020e-02 1.626273058354854584e-02 2.683304436504840851e-02 4.372309893369674683e-02 5.050298199057579041e-02 6.601390242576599121e-02 1.528866961598396301e-02 1.065216679126024246e-02 2.533757872879505157e-02 1.199280284345149994e-02 3.306485712528228760e-02 2.953561954200267792e-02 8.402556180953979492e-02 6.948367506265640259e-02 3.280884772539138794e-02 5.709853023290634155e-03 2.464410150423645973e-03 1.732059754431247711e-02 7.660392206162214279e-03 4.287841916084289551e-02 4.485701397061347961e-02 5.085492040961980820e-03 2.106867171823978424e-02 4.929888993501663208e-03 1.455625519156455994e-02 8.494701236486434937e-03 3.716823086142539978e-02 3.062275424599647522e-02 2.346656844019889832e-02 2.139342762529850006e-02 1.630186475813388824e-02 1.660034991800785065e-02 1.079371571540832520e-02 1.632021181285381317e-02
1.166597846895456314e-02 1.793134957551956177e-02 7.240866869688034058e-02 3.125562891364097595e-02 9.310981258749961853e-03 1.285804063081741333e-02 1.372216641902923584e-02 8.294647932052612305e-02 1.525475233793258667e-01 7.950256764888763428e-02 2.281585149466991425e-02 6.061160936951637268e-02 1.692413352429866791e-04 4.110871348530054092e-03 1.705345325171947479e-02 8.765816688537597656e-02 8.667992800474166870e-02 2.974525839090347290e-02 1.450917916372418404e-03 8.634589612483978271e-04 2.313045226037502289e-02 2.248714212328195572e-03 6.993257254362106323e-02 6.037083640694618225e-02 3.963951393961906433e-02 6.096262484788894653e-02 1.070117577910423279e-03 8.780261874198913574e-02 4.298628866672515869e-02 6.552816927433013916e-02 4.619982466101646423e-02 2.623351104557514191e-02 3.422236442565917969e-02 9.265034459531307220e-04 3.108010254800319672e-02 1.848131418228149414e-02 1.441254932433366776e-02 2.061832696199417114e-02 2.178224734961986542e-03 1.619627512991428375e-02 1.022274326533079147e-02 3.274670988321304321e-02 6.784663069993257523e-03 3.875041613355278969e-03 1.174574950709939003e-03 4.971448215655982494e-04 2.396881207823753357e-02 4.818595189135521650e-04 9.799189120531082153e-02 2.204169705510139465e-02 2.814052067697048187e-02 2.159804105758666992e-02 5.738116335123777390e-03 4.891989380121231079e-02 6.930068880319595337e-02 1.371766533702611923e-02 4.429127275943756104e-02 1.082090809941291809e-01 2.422094531357288361e-02 2.938021905720233917e-02 3.514724224805831909e-02 3.288718685507774353e-02 1.214904987136833370e-04 3.971611708402633667e-02 4.890240263193845749e-03 6.648641079664230347e-03 5.778901651501655579e-02 1.472922507673501968e-02 1.608468294143676758e-01 2.030278556048870087e-02 1.436550468206405640e-01 3.828050196170806885e-02 4.677470400929450989e-02 4.906040430068969727e-02 5.770674720406532288e-02 3.591505810618400574e-02 1.486829072237014771e-01 8.943095803260803223e-02 6.709089130163192749e-02 3.483063355088233948e-02 6.031385157257318497e-03 6.578544527292251587e-02 2.077420055866241455e-02 1.982398517429828644e-02 4.893628135323524475e-02 1.102294307202100754e-02 4.382044542580842972e-03 1.856556162238121033e-02 5.168962292373180389e-03 4.273089021444320679e-02 4.702681303024291992e-02 2.011207491159439087e-02 1.939762965776026249e-03 3.833122178912162781e-02 3.693161532282829285e-02 5.064542870968580246e-03 4.885962232947349548e-02 1.381016708910465240e-02 3.225221112370491028e-02 1.493331044912338257e-02 2.123799920082092285e-02 3.441125899553298950e-02 3.185522556304931641e-02 8.587199449539184570e-02 2.466470375657081604e-02 1.812162809073925018e-02 3.130115196108818054e-02 3.127902373671531677e-02 4.060871154069900513e-02 1.387428399175405502e-02 9.046893566846847534e-03 2.300693653523921967e-02 5.937706306576728821e-02 3.620234876871109009e-02 1.554875914007425308e-02 1.026432774960994720e-02
2.192651294171810150e-02 4.428308457136154175e-03 5.226343497633934021e-02 1.262990757822990417e-02 4.522808641195297241e-02 1.995973847806453705e-02 1.463699340820312500e-02 9.113959036767482758e-03 7.950256764888763428e-02 1.494348347187042236e-01 6.930121890036389232e-05 4.113533347845077515e-02 1.872030086815357208e-02 5.712572485208511353e-02 3.999738022685050964e-02 1.802393607795238495e-02 3.731490671634674072e-02 2.842242084443569183e-02 3.477108851075172424e-02 2.339481748640537262e-02 2.614631876349449158e-02 5.969667807221412659e-03 4.933301359415054321e-02 5.076937004923820496e-02 2.631879597902297974e-02 5.697524920105934143e-02 3.013062104582786560e-02 1.826786203309893608e-03 2.338588237762451172e-03 2.143260557204484940e-03 4.624452814459800720e-02 1.742455363273620605e-02 3.069707192480564117e-02 5.094104632735252380e-02 2.963241189718246460e-02 5.052560300100594759e-05 8.012488484382629395e-03 5.593997426331043243e-03 2.517055161297321320e-02 2.811936661601066589e-02 1.513072475790977478e-02 2.384455129504203796e-02 3.703973814845085144e-02 9.881448000669479370e-03 1.843766868114471436e-02 6.241927668452262878e-02 8.275355212390422821e-04 1.274840533733367920e-02 9.669544175267219543e-03 7.780484855175018311e-02 5.327723920345306396e-02 5.743852630257606506e-02 1.318999286741018295e-02 5.252327769994735718e-03 5.498865246772766113e-02 7.327847182750701904e-02 4.068752750754356384e-03 5.488424375653266907e-02 2.628215216100215912e-02 1.255168206989765167e-02 3.717254614457488060e-03 3.043265454471111298e-02 3.971315547823905945e-02 5.566404387354850769e-02 2.049140445888042450e-02 1.077816169708967209e-02 3.251568600535392761e-02 1.967001706361770630e-02 5.237030982971191406e-02 3.589038923382759094e-02 6.853862106800079346e-02 9.650745429098606110e-03 1.665792055428028107e-02 5.288864672183990479e-02 4.981897771358489990e-02 1.109168399125337601e-02 3.891107812523841858e-02 1.030661016702651978e-01 3.751610219478607178e-02 3.533332794904708862e-02 3.366753458976745605e-02 3.990447521209716797e-02 3.913545608520507812e-02 2.575873397290706635e-02 3.801335021853446960e-02 2.619568444788455963e-02 1.806644909083843231e-02 1.908982172608375549e-02 7.061823457479476929e-02 4.983311891555786133e-02 3.740866854786872864e-02 1.522284559905529022e-02 2.219040691852569580e-02 4.757647402584552765e-03 1.447320356965065002e-02 3.765609115362167358e-02 6.670285761356353760e-02 2.911752834916114807e-02 5.305816978216171265e-02 5.397579818964004517e-02 3.474950557574629784e-03 1.559009030461311340e-02 3.891379013657569885e-02 2.491805888712406158e-02 1.454465463757514954e-02 4.483743011951446533e-02 5.374585278332233429e-03 4.423027485609054565e-02 1.633284427225589752e-02 4.213208332657814026e-02 2.261323854327201843e-02 2.753597125411033630e-02 5.599363520741462708e-02 4.446841031312942505e-02 3.674798831343650818e-02 9.490687400102615356e-03
6.021731346845626831e-02 4.014854133129119873e-02 4.492760822176933289e-02 1.562169566750526428e-02 2.171904407441616058e-02 1.283173821866512299e-02 1.546242367476224899e-02 8.387883193790912628e-03 2.281585149466991425e-02 6.930121890036389232e-05 1.456116139888763428e-01 4.534116759896278381e-02 8.844253420829772949e-02 2.628045715391635895e-02 5.259013921022415161e-02 3.517614677548408508e-02 8.071521879173815250e-04 3.607064113020896912e-02 4.008463025093078613e-02 2.504279837012290955e-02 1.517955213785171509e-02 4.142221808433532715e-02 7.348388433456420898e-03 4.214440938085317612e-03 2.182349562644958496e-02 3.243389725685119629e-02 6.211019586771726608e-03 4.001143202185630798e-02 6.958489865064620972e-02 1.395827066153287888e-02 6.559071689844131470e-02 2.600987907499074936e-03 1.033105328679084778e-02 1.182540971785783768e-02 1.026546233333647251e-03 4.104902595281600952e-02 3.207522258162498474e-02 2.438089065253734589e-02 3.365529328584671021e-02 1.137005910277366638e-02 1.703268848359584808e-02 7.017529755830764771e-02 6.951247155666351318e-02 2.061126939952373505e-02 1.686895638704299927e-02 4.367598798125982285e-03 5.476260930299758911e-02 3.997174277901649475e-02 2.443946711719036102e-02 2.819499745965003967e-02 4.698370769619941711e-02 5.828955024480819702e-02 2.358275279402732849e-02 6.876733154058456421e-03 1.042421814054250717e-02 3.686118498444557190e-02 3.765723109245300293e-02 6.863992661237716675e-03 5.464319512248039246e-02 4.527279362082481384e-02 1.510265003889799118e-02 2.868944033980369568e-02 2.784495614469051361e-02 1.182307861745357513e-02 1.093475520610809326e-01 6.388849765062332153e-02 1.943094469606876373e-02 1.689600571990013123e-02 4.616484045982360840e-02 2.637483738362789154e-02 2.839634893462061882e-03 1.541080232709646225e-02 4.875996615737676620e-03 1.127178780734539032e-02 5.266262218356132507e-02 3.079144749790430069e-03 2.811365062370896339e-03 4.237067885696887970e-03 1.657613739371299744e-02 3.664823994040489197e-02 2.033813390880823135e-03 5.604335665702819824e-02 1.104047335684299469e-02 1.333941426128149033e-02 3.727490082383155823e-02 4.952017962932586670e-02 8.549334108829498291e-02 3.482537716627120972e-02 5.399205163121223450e-02 3.978375345468521118e-02 5.333802849054336548e-02 8.395220339298248291e-02 4.860540479421615601e-02 1.517504174262285233e-02 4.597056657075881958e-02 1.776323281228542328e-02 1.047957688570022583e-02 2.849451266229152679e-03 4.171733930706977844e-02 5.297453328967094421e-02 4.011016339063644409e-02 9.314177557826042175e-03 4.735530354082584381e-03 4.782212153077125549e-02 3.584442893043160439e-03 2.951659029349684715e-03 2.433022484183311462e-03 5.039403215050697327e-02 4.180275648832321167e-02 3.616311773657798767e-02 2.394677326083183289e-02 7.243007421493530273e-02 1.004460174590349197e-02 2.153342403471469879e-02 2.368155308067798615e-02 2.955048717558383942e-02
2.795458585023880005e-02 2.358367480337619781e-02 5.137749249115586281e-04 2.795342542231082916e-02 1.452684868127107620e-02 6.900725513696670532e-02 5.669398605823516846e-02 2.728843502700328827e-02 6.061160936951637268e-02 4.113533347845077515e-02 4.534116759896278381e-02 1.460831612348556519e-01 1.230535097420215607e-02 2.900119721889495850e-01 8.450633287429809570e-02 3.391704708337783813e-02 7.059971988201141357e-02 5.950595811009407043e-02 2.565525658428668976e-02 5.269448459148406982e-02 2.256631106138229370e-02 2.004335075616836548e-02 4.205405712127685547e-02 3.867836669087409973e-03 1.398742198944091797e-02 3.071316331624984741e-02 2.824381738901138306e-02 1.445705443620681763e-01 3.146042302250862122e-02 1.424446552991867065e-01 5.780822783708572388e-02 5.368791148066520691e-02 1.904179528355598450e-02 4.695941880345344543e-02 2.386716566979885101e-02 3.317396715283393860e-02 1.129615027457475662e-02 1.308650430291891098e-02 3.298602998256683350e-02 2.867919765412807465e-02 4.726174473762512207e-02 3.427598252892494202e-02 5.043404176831245422e-02 2.485254034399986267e-02 1.153322830796241760e-01 6.489723175764083862e-02 9.533421136438846588e-03 7.409295067191123962e-03 3.697999939322471619e-02 5.290162190794944763e-02 8.418819308280944824e-02 7.352473586797714233e-02 2.902078256011009216e-02 1.819421537220478058e-02 3.300982713699340820e-02 2.975197881460189819e-02 3.611991181969642639e-02 6.023872271180152893e-02 3.325879340991377831e-03 1.865102536976337433e-02 7.465998642146587372e-03 1.949608884751796722e-02 1.487648673355579376e-02 1.078178547322750092e-02 2.835944108664989471e-02 1.267978735268115997e-02 4.336262866854667664e-02 5.703889951109886169e-02 9.040790610015392303e-03 3.107866039499640465e-03 2.056823484599590302e-02 3.450426459312438965e-02 2.854222618043422699e-02 3.263575583696365356e-02 4.943982511758804321e-02 1.291787158697843552e-02 1.327297538518905640e-01 4.471759125590324402e-02 3.837238065898418427e-03 9.088063240051269531e-02 1.405603834427893162e-03 4.287654533982276917e-02 1.984396204352378845e-02 2.252794057130813599e-02 1.406528800725936890e-01 8.960644900798797607e-02 1.324544195085763931e-02 9.373123757541179657e-03 1.011570915579795837e-02 1.402802318334579468e-01 2.410842850804328918e-02 3.966794535517692566e-02 8.272342383861541748e-03 2.836076542735099792e-02 2.429435588419437408e-02 5.554111301898956299e-02 2.922421507537364960e-02 5.812843795865774155e-03 1.976792467758059502e-03 3.545602038502693176e-02 1.120834145694971085e-02 3.757854551076889038e-02 2.794342674314975739e-02 3.202306106686592102e-02 3.603604435920715332e-02 3.002301417291164398e-02 3.451593965291976929e-02 9.569844231009483337e-03 1.175178587436676025e-02 2.853712625801563263e-02 3.983154892921447754e-03 4.242486134171485901e-02 1.806252822279930115e-02 4.785351827740669250e-02 3.142700716853141785e-02 7.172451168298721313e-02
9.203102439641952515e-02 1.166186556220054626e-01 9.571617469191551208e-03 4.819565266370773315e-02 2.203161083161830902e-02 2.205078490078449249e-02 3.872276842594146729e-02 1.353824045509099960e-02 1.692413352429866791e-04 1.872030086815357208e-02 8.844253420829772949e-02 1.230535097420215607e-02 1.266417950391769409e-01 6.422930862754583359e-03 4.538530856370925903e-02 4.084241762757301331e-02 5.884266272187232971e-02 2.469079010188579559e-02 3.293753787875175476e-02 2.861974947154521942e-02 5.157693848013877869e-02 1.688452064990997314e-02 3.850619867444038391e-02 5.995483603328466415e-03 2.145092701539397240e-03 6.496381945908069611e-03 5.604788661003112793e-03 5.165309086441993713e-02 4.685937613248825073e-02 4.535128548741340637e-02 5.724490433931350708e-02 4.775917902588844299e-02 1.472365763038396835e-02 3.474316745996475220e-02 5.481175333261489868e-02 1.084491726942360401e-03 7.400425150990486145e-03 3.738213703036308289e-02 1.254271157085895538e-02 1.905793324112892151e-02 3.911908343434333801e-02 5.111594498157501221e-02 5.494607239961624146e-02 3.024823032319545746e-02 8.041745051741600037e-03 1.562196854501962662e-02 4.752848669886589050e-02 6.303564459085464478e-02 1.939223706722259521e-02 3.492540447041392326e-03 7.000001519918441772e-02 7.696086168289184570e-02 3.786207735538482666e-02 7.812550291419029236e-03 1.487615704536437988e-02 1.685391552746295929e-02 1.701604388654232025e-02 1.399479061365127563e-02 1.418783888220787048e-02 5.167316645383834839e-02 2.339227125048637390e-02 2.038032747805118561e-02 1.384467072784900665e-02 6.250878423452377319e-02 7.456137239933013916e-02 7.875250279903411865e-02 2.637922577559947968e-02 4.350008815526962280e-02 6.918227672576904297e-02 1.194899994879961014e-02 4.492602497339248657e-02 8.026196621358394623e-03 3.567118942737579346e-02 3.538179025053977966e-02 1.044092234224081039e-02 1.727781631052494049e-02 3.595223277807235718e-02 2.093865536153316498e-02 2.996814809739589691e-02 2.627579495310783386e-02 6.496631354093551636e-02 1.948083005845546722e-02 2.563646808266639709e-02 1.426276192069053650e-02 4.369194060564041138e-02 4.686515033245086670e-02 2.123996615409851074e-02 3.963837027549743652e-02 3.630121052265167236e-02 5.996116995811462402e-02 6.130135804414749146e-02 2.449299581348896027e-02 3.784544393420219421e-02 2.430068515241146088e-02 1.940591819584369659e-02 5.324731022119522095e-02 3.244337439537048340e-02 8.041770197451114655e-03 2.086086198687553406e-02 1.601572730578482151e-03 1.732057519257068634e-02 1.786459423601627350e-02 2.962463349103927612e-02 1.245174789801239967e-03 4.947358276695013046e-03 3.387533500790596008e-02 1.078327652066946030e-02 1.044140942394733429e-02 2.474950999021530151e-02 1.064466126263141632e-02 1.672586984932422638e-02 1.096973475068807602e-02 1.652256585657596588e-02 2.920954488217830658e-02 3.457976505160331726e-02 5.124830827116966248e-02
