6.127926707267761230e-02 2.504836022853851318e-01 5.055014044046401978e-02 1.051159296184778214e-02 4.959600511938333511e-03 1.462377011775970459e-01 6.695689260959625244e-02 6.893126666545867920e-02 4.385767877101898193e-02 3.745223954319953918e-02 1.348873376846313477e-01 1.551179215312004089e-03 1.082635670900344849e-01 4.948756843805313110e-02 1.784155331552028656e-02 6.138020753860473633e-02 3.659376129508018494e-02 1.978887431323528290e-02 3.052091598510742188e-02 6.409243680536746979e-03 2.945253625512123108e-02 6.668300181627273560e-02 1.037424653768539429e-01 6.272739171981811523e-02 3.794737532734870911e-02 1.811175048351287842e-02 4.932182282209396362e-02 5.021400004625320435e-02 5.907886847853660583e-02 1.026588864624500275e-02 1.034330204129219055e-02 3.177329525351524353e-02 5.724888294935226440e-02 3.558842092752456665e-02 2.320824749767780304e-02 5.720595270395278931e-02 4.177363589406013489e-04 5.551817268133163452e-02 9.480288252234458923e-03 2.323594642803072929e-03 5.008632689714431763e-02 4.583652690052986145e-02 5.892303213477134705e-02 3.557494282722473145e-02 4.839851707220077515e-02 1.857932284474372864e-02 8.726040832698345184e-03 1.559225842356681824e-02 1.216276176273822784e-02 2.766821533441543579e-03 4.877013340592384338e-02 3.880511596798896790e-02 1.958213746547698975e-02 1.649802923202514648e-02 3.464755415916442871e-02 2.271312475204467773e-02 5.008625611662864685e-02 2.232352271676063538e-02 4.080032557249069214e-02 4.651889577507972717e-02 4.024063050746917725e-02 1.188415288925170898e-02 1.065418124198913574e-02 6.419634446501731873e-03 4.234313219785690308e-02 8.694393932819366455e-02 3.113303892314434052e-02 3.065978921949863434e-02 8.623331785202026367e-03 3.371357172727584839e-02 1.443619187921285629e-02 3.395134955644607544e-02 1.318005472421646118e-01 1.790787465870380402e-02 4.539002478122711182e-02 5.170263350009918213e-02 5.941507592797279358e-02 1.584290061146020889e-03 5.972375348210334778e-02 4.525138437747955322e-02 7.463783770799636841e-02 1.786220259964466095e-02 1.825719140470027924e-02 1.563465967774391174e-02 2.041294053196907043e-02 1.498426683247089386e-02 1.066650077700614929e-02 3.210979327559471130e-02 8.384924381971359253e-03 2.636006474494934082e-02 7.801896892488002777e-03 3.009843267500400543e-02 3.304840624332427979e-02 5.838195234537124634e-02 4.128447547554969788e-02 1.655160821974277496e-02 3.171861916780471802e-02 1.665765605866909027e-02 3.623261814936995506e-03 3.973415121436119080e-02 7.773542404174804688e-02 7.029621861875057220e-03 5.964401364326477051e-02 8.364086598157882690e-02 3.331531479489058256e-04 1.717489212751388550e-02 1.044461801648139954e-01 2.382348058745265007e-03 5.192669853568077087e-02 5.117359757423400879e-02 4.157705232501029968e-02 3.450283780694007874e-02 6.655663996934890747e-02 6.115898117423057556e-02 9.470152668654918671e-03 4.692211374640464783e-02
2.504836022853851318e-01 4.904231056571006775e-02 1.038952842354774475e-01 5.033964663743972778e-02 1.079369429498910904e-02 4.557305946946144104e-02 1.598373502492904663e-01 7.132511585950851440e-03 4.896894469857215881e-02 5.026164464652538300e-03 1.118175536394119263e-01 7.898689806461334229e-02 1.957362890243530273e-01 3.135639056563377380e-02 6.253264099359512329e-02 4.546656738966703415e-03 1.486120466142892838e-02 3.666127473115921021e-02 2.248929999768733978e-02 1.930766366422176361e-02 6.906160712242126465e-02 8.429556339979171753e-02 7.630538940429687500e-02 3.961430490016937256e-02 9.138554334640502930e-03 1.855051703751087189e-02 9.340221993625164032e-03 2.969703078269958496e-02 2.700214460492134094e-02 5.198109522461891174e-02 5.029217526316642761e-02 5.746628716588020325e-02 6.080155819654464722e-02 5.668006092309951782e-02 3.849779441952705383e-02 2.845111861824989319e-02 2.540544234216213226e-02 6.927786767482757568e-02 4.847795516252517700e-02 1.499827113002538681e-02 7.833992689847946167e-02 7.263604551553726196e-02 3.208171948790550232e-02 1.962079107761383057e-02 2.403400465846061707e-02 4.395785555243492126e-02 6.113461777567863464e-02 4.745840653777122498e-02 1.696537248790264130e-02 1.811468228697776794e-02 3.555689472705125809e-03 4.165081679821014404e-02 3.927792608737945557e-02 4.810614138841629028e-02 2.675842866301536560e-02 5.132333561778068542e-02 3.882963210344314575e-02 6.267596781253814697e-02 5.573689937591552734e-03 4.876409471035003662e-02 9.267785353586077690e-04 9.287768974900245667e-03 4.692999646067619324e-02 8.093525655567646027e-03 2.276225574314594269e-02 9.589977562427520752e-03 1.999993994832038879e-02 1.451521739363670349e-02 4.925191402435302734e-02 7.677837461233139038e-02 3.959297388792037964e-02 6.403985619544982910e-02 1.363380998373031616e-02 6.826580967754125595e-03 1.126619521528482437e-02 1.101210899651050568e-02 2.469958178699016571e-02 1.100232005119323730e-01 2.750782854855060577e-02 1.831560395658016205e-02 5.329733714461326599e-02 1.629583165049552917e-02 8.392855525016784668e-03 4.413919523358345032e-02 2.309572137892246246e-02 6.085226684808731079e-02 2.149053663015365601e-02 3.234206512570381165e-02 1.108230184763669968e-02 3.945299237966537476e-02 4.953466355800628662e-02 1.939148306846618652e-01 1.067765802145004272e-01 5.074020847678184509e-02 3.348156064748764038e-02 3.347456082701683044e-02 4.210861027240753174e-02 4.936640616506338120e-03 6.978635676205158234e-03 1.596012711524963379e-02 1.977998577058315277e-02 5.845614522695541382e-02 5.256928876042366028e-02 4.759752005338668823e-02 5.066697485744953156e-03 2.698765508830547333e-02 3.990418463945388794e-02 3.249411005526781082e-03 7.478542829630896449e-05 1.264266017824411392e-02 3.663584589958190918e-02 5.951403081417083740e-02 3.602221980690956116e-02 2.800103649497032166e-02 4.590803757309913635e-03 3.856209293007850647e-02
5.055014044046401978e-02 1.038952842354774475e-01 2.354012802243232727e-03 1.636392176151275635e-01 4.184313490986824036e-02 4.683646187186241150e-02 1.953743025660514832e-02 2.405444234609603882e-01 5.656191706657409668e-02 1.979867741465568542e-02 3.902050480246543884e-02 5.718337371945381165e-02 9.568106383085250854e-02 2.175040915608406067e-02 6.479317694902420044e-02 2.525718696415424347e-02 2.846655249595642090e-02 4.460367839783430099e-03 5.229977890849113464e-02 2.930684015154838562e-02 2.628534846007823944e-02 3.529712557792663574e-02 3.329010307788848877e-02 4.120887443423271179e-02 1.536102034151554108e-02 6.613598670810461044e-03 4.367788508534431458e-02 4.737624526023864746e-02 3.046779893338680267e-02 1.257510390132665634e-02 3.531072661280632019e-02 2.756288647651672363e-02 1.716955192387104034e-02 5.503980442881584167e-02 5.050381273031234741e-02 5.530482530593872070e-02 2.153238654136657715e-02 3.690611943602561951e-02 4.007839411497116089e-02 4.978637024760246277e-02 6.821427494287490845e-03 1.262362487614154816e-02 4.380651935935020447e-02 5.980029702186584473e-02 1.067841332405805588e-02 7.801886647939682007e-03 5.593057721853256226e-02 5.313924700021743774e-02 8.307225257158279419e-02 2.688837051391601562e-02 3.423258289694786072e-02 3.275880590081214905e-03 2.389312162995338440e-02 2.134119346737861633e-02 4.762064293026924133e-02 6.508521735668182373e-02 2.217030897736549377e-02 2.856759587302803993e-03 1.705634780228137970e-02 6.414126139134168625e-03 5.438246950507164001e-02 6.303704809397459030e-03 4.407005757093429565e-02 1.085419114679098129e-02 4.061439540237188339e-04 4.386015608906745911e-02 3.978503495454788208e-02 2.268184674903750420e-03 4.458766430616378784e-02 3.279735893011093140e-02 1.133547537028789520e-02 4.201879259198904037e-03 1.009355112910270691e-01 1.351065933704376221e-02 5.657157301902770996e-02 4.576018080115318298e-02 4.816559702157974243e-02 1.150088291615247726e-02 2.337405830621719360e-02 5.077500361949205399e-03 1.276863217353820801e-01 5.328527465462684631e-02 1.060940604656934738e-02 1.366620534099638462e-03 3.111259452998638153e-02 3.348594903945922852e-02 6.623236089944839478e-02 4.505454003810882568e-02 3.508995287120342255e-03 2.410935703665018082e-04 7.399433106184005737e-02 1.221227226778864861e-03 1.542213708162307739e-01 4.326768685132265091e-03 4.889449849724769592e-02 6.086048204451799393e-03 7.074811309576034546e-02 3.243652870878577232e-03 2.359473705291748047e-02 1.766765303909778595e-02 3.592558577656745911e-02 2.479709126055240631e-02 5.538265034556388855e-02 3.770914301276206970e-02 7.468448951840400696e-03 1.372427400201559067e-02 3.589838370680809021e-02 4.179414361715316772e-02 1.068034581840038300e-02 5.913687404245138168e-03 5.840992089360952377e-03 3.693482279777526855e-02 3.643926978111267090e-02 5.462105944752693176e-02 7.968075573444366455e-03 1.110737249255180359e-01
1.051159296184778214e-02 5.033964663743972778e-02 1.636392176151275635e-01 3.580566868185997009e-02 2.540124356746673584e-01 2.083197608590126038e-02 5.405627191066741943e-02 7.155907154083251953e-02 9.750608354806900024e-02 3.006312251091003418e-02 2.803743630647659302e-02 1.510164700448513031e-02 2.214584313333034515e-02 3.886066004633903503e-02 1.697568781673908234e-02 4.015577025711536407e-03 2.014480717480182648e-02 4.816563427448272705e-02 4.695631563663482666e-02 5.016395449638366699e-02 3.668887540698051453e-02 3.967565298080444336e-02 1.750956289470195770e-03 6.048680283129215240e-03 4.835209995508193970e-02 2.985607832670211792e-03 3.563989698886871338e-02 1.663436647504568100e-03 2.426457032561302185e-02 4.817614331841468811e-02 1.468459982424974442e-02 1.247735228389501572e-02 4.140798375010490417e-02 1.577268354594707489e-02 1.009779609739780426e-02 2.679597586393356323e-02 2.126891911029815674e-02 3.674152866005897522e-02 4.812106117606163025e-02 1.296132151037454605e-02 2.252505160868167877e-02 5.484610795974731445e-02 1.153018232434988022e-02 1.440474484115839005e-02 1.018397510051727295e-02 1.716943457722663879e-02 7.028146088123321533e-02 6.316340994089841843e-03 2.277449704706668854e-02 5.261476710438728333e-02 3.013823181390762329e-02 2.733176108449697495e-03 4.915362223982810974e-02 2.879282459616661072e-02 2.829607203602790833e-02 2.217774651944637299e-02 4.735941439867019653e-02 3.785644844174385071e-02 1.808292977511882782e-02 3.785775601863861084e-02 5.785058066248893738e-02 5.290903523564338684e-02 1.256464123725891113e-01 1.116473451256752014e-01 2.088843658566474915e-02 4.398424178361892700e-02 9.197546169161796570e-03 6.278273463249206543e-02 1.360097806900739670e-02 3.661863878369331360e-02 4.415299743413925171e-02 1.587957143783569336e-02 1.816279143095016479e-01 2.767252502962946892e-03 1.388987451791763306e-01 4.826932400465011597e-02 5.713908746838569641e-02 4.679228737950325012e-02 6.271260976791381836e-02 1.760833314619958401e-03 1.035710517317056656e-02 9.110227972269058228e-02 3.059702925384044647e-03 4.123002663254737854e-02 1.605113148689270020e-01 3.156056860461831093e-03 5.042491480708122253e-02 2.155371755361557007e-02 1.001373864710330963e-02 1.133517697453498840e-01 3.419386968016624451e-02 5.951312556862831116e-02 3.911662101745605469e-02 3.954730927944183350e-02 4.530490189790725708e-02 1.107358559966087341e-02 1.328933797776699066e-02 2.052574045956134796e-02 2.822366543114185333e-02 9.659375995397567749e-03 1.793671958148479462e-02 7.564604282379150391e-03 1.277515012770891190e-02 3.235470876097679138e-02 4.419896006584167480e-02 7.096379995346069336e-02 2.844418864697217941e-03 1.085408776998519897e-02 4.690225049853324890e-02 3.130175406113266945e-03 8.754671434871852398e-04 4.026031121611595154e-02 7.576338015496730804e-03 4.730632156133651733e-02 4.140907153487205505e-02 3.683930635452270508e-02
4.959600511938333511e-03 1.079369429498910904e-02 4.184313490986824036e-02 2.540124356746673584e-01 4.193276539444923401e-02 4.272851720452308655e-02 2.048149518668651581e-02 6.117817014455795288e-03 4.360998049378395081e-02 4.584771394729614258e-02 1.172795309685170650e-03 4.709852859377861023e-02 1.017351262271404266e-02 1.047949213534593582e-02 2.062068320810794830e-02 3.015821985900402069e-02 3.631929401308298111e-03 5.566077679395675659e-02 1.643912866711616516e-02 2.190332114696502686e-02 2.025335282087326050e-02 3.434900939464569092e-02 3.975162282586097717e-02 2.728150412440299988e-02 4.038669541478157043e-02 2.934053726494312286e-02 2.075205743312835693e-02 7.470902521163225174e-03 2.235024236142635345e-02 3.072343021631240845e-02 4.561310634016990662e-02 3.444666042923927307e-02 3.960157185792922974e-02 6.828144658356904984e-03 5.076976493000984192e-02 4.720508679747581482e-02 3.679569810628890991e-02 2.240599878132343292e-02 4.028085619211196899e-02 1.604481413960456848e-02 7.221187651157379150e-02 8.355942554771900177e-03 8.978675119578838348e-03 6.813894957304000854e-02 1.252975966781377792e-02 6.068297475576400757e-02 4.265540093183517456e-02 1.918286900036036968e-03 3.382827388122677803e-03 1.834621839225292206e-02 1.084865769371390343e-03 2.485506236553192139e-02 3.527809679508209229e-02 4.359576106071472168e-02 1.526754256337881088e-02 2.037509344518184662e-02 1.387768518179655075e-02 9.901678422465920448e-04 7.929278165102005005e-02 2.844862081110477448e-02 3.884286060929298401e-02 4.551658406853675842e-02 2.100937813520431519e-02 9.225764870643615723e-02 3.356008231639862061e-02 4.937766864895820618e-02 2.038854733109474182e-02 1.901963353157043457e-02 7.212662138044834137e-03 4.273668676614761353e-02 1.012596860527992249e-02 1.828577741980552673e-02 3.584016114473342896e-02 6.447406858205795288e-02 1.149136349558830261e-01 2.547480724751949310e-02 5.508838221430778503e-02 9.446304757148027420e-04 1.211515814065933228e-02 7.702079415321350098e-02 3.157653287053108215e-02 6.345945596694946289e-02 3.839385136961936951e-02 9.142307192087173462e-02 8.562534302473068237e-02 4.726048186421394348e-02 2.212832123041152954e-02 2.678427472710609436e-02 1.105289347469806671e-02 5.217258632183074951e-02 3.503836691379547119e-02 4.324557632207870483e-02 3.321892768144607544e-02 2.038756012916564941e-02 1.930557936429977417e-02 2.482087118551135063e-03 1.425038464367389679e-02 2.663403376936912537e-02 1.081499923020601273e-02 2.423650119453668594e-03 1.073413714766502380e-02 3.339779749512672424e-02 1.165906712412834167e-02 1.399104669690132141e-02 1.222547516226768494e-02 4.986289143562316895e-02 1.548003591597080231e-02 6.431151181459426880e-02 4.002578929066658020e-02 3.261197730898857117e-02 5.895620957016944885e-02 2.865658141672611237e-02 6.004821043461561203e-03 3.733484540134668350e-03 7.684623706154525280e-04 4.917452111840248108e-02
1.462377011775970459e-01 4.557305946946144104e-02 4.683646187186241150e-02 2.083197608590126038e-02 4.272851720452308655e-02 4.086674377322196960e-02 1.400496363639831543e-01 4.128297790884971619e-02 3.982467949390411377e-02 1.290821284055709839e-02 1.124322786927223206e-01 6.094242632389068604e-02 1.011618040502071381e-02 3.026580624282360077e-02 8.280185610055923462e-02 4.826275259256362915e-02 5.527250096201896667e-02 5.012836679816246033e-02 4.369176179170608521e-02 4.316135868430137634e-02 1.634614309296011925e-03 1.622995175421237946e-02 5.838712304830551147e-02 9.038629941642284393e-03 2.252540364861488342e-02 4.566880688071250916e-02 6.195693090558052063e-02 4.579498246312141418e-02 2.005470171570777893e-02 4.873950779438018799e-02 6.525600329041481018e-03 3.869741410017013550e-02 2.648432366549968719e-02 7.907170802354812622e-03 1.693903841078281403e-02 6.923620589077472687e-03 5.059783160686492920e-02 3.274784423410892487e-03 1.791471429169178009e-02 5.217884108424186707e-02 2.427078783512115479e-02 4.917172715067863464e-02 3.968975692987442017e-02 1.658925600349903107e-02 4.211007803678512573e-02 3.003848716616630554e-02 1.668305993080139160e-01 4.345588013529777527e-02 1.384294405579566956e-02 4.107011109590530396e-02 1.394829805940389633e-02 5.401596799492835999e-02 6.942263990640640259e-02 1.641154661774635315e-02 3.193015465512871742e-03 4.984636977314949036e-02 7.338768988847732544e-02 3.354004397988319397e-02 5.373747646808624268e-02 1.023515593260526657e-02 2.290446497499942780e-02 6.914909929037094116e-02 6.665772199630737305e-02 3.824448958039283752e-02 3.495931997895240784e-02 4.625346884131431580e-02 3.718078369274735451e-03 2.683727443218231201e-02 2.955968491733074188e-02 4.080099612474441528e-02 2.381920255720615387e-02 2.220130339264869690e-02 3.977243602275848389e-02 2.663482166826725006e-02 3.069200320169329643e-03 3.137002885341644287e-02 2.436280017718672752e-03 4.546141251921653748e-02 9.262009710073471069e-02 4.105503112077713013e-02 4.511300649028271437e-04 6.282857060432434082e-02 6.285781413316726685e-02 2.459444291889667511e-02 4.444750770926475525e-02 1.300866249948740005e-02 6.968604400753974915e-03 9.411527216434478760e-02 7.359357923269271851e-02 5.270567536354064941e-02 1.466001756489276886e-02 4.621656611561775208e-02 2.120350487530231476e-02 2.194250561296939850e-02 1.433830242604017258e-02 3.953941538929939270e-02 4.244540631771087646e-02 3.806293010711669922e-03 6.377886980772018433e-02 5.246257409453392029e-02 7.264010608196258545e-02 6.804278586059808731e-03 3.183001652359962463e-02 4.617241770029067993e-02 7.117044180631637573e-03 7.787516806274652481e-03 4.926276579499244690e-02 6.813333928585052490e-02 2.595176175236701965e-02 2.854322781786322594e-03 5.112462863326072693e-02 3.972492739558219910e-02 1.383702363818883896e-02 3.450981900095939636e-02 1.320354267954826355e-02 2.341331727802753448e-02
6.695689260959625244e-02 1.598373502492904663e-01 1.953743025660514832e-02 5.405627191066741943e-02 2.048149518668651581e-02 1.400496363639831543e-01 6.344421952962875366e-02 6.178658828139305115e-02 2.759697660803794861e-02 6.343203783035278320e-02 9.924986958503723145e-02 9.114343672990798950e-02 3.526636958122253418e-02 3.553464636206626892e-02 5.346301198005676270e-02 7.152038626372814178e-03 4.122973605990409851e-02 5.609880015254020691e-02 1.015624497085809708e-02 2.993105165660381317e-02 1.453701406717300415e-02 3.142192959785461426e-02 2.329081855714321136e-02 2.048317983280867338e-04 3.186554461717605591e-02 3.012872068211436272e-03 3.689701855182647705e-02 5.751383304595947266e-02 3.889587474986910820e-03 5.832488648593425751e-03 3.859197348356246948e-02 1.732492260634899139e-02 2.932970412075519562e-02 3.610118851065635681e-02 4.435298964381217957e-02 2.383543876931071281e-03 1.150411553680896759e-02 5.352570861577987671e-02 1.501888036727905273e-02 3.534736810252070427e-03 4.948171228170394897e-02 1.122738420963287354e-02 2.568632364273071289e-02 2.213084697723388672e-02 2.746118232607841492e-02 1.483335741795599461e-03 9.089448302984237671e-02 1.515098214149475098e-01 4.857068881392478943e-02 2.264485694468021393e-02 2.218391187489032745e-02 8.320425637066364288e-03 4.435687884688377380e-02 2.435041591525077820e-02 3.552270308136940002e-02 5.780115723609924316e-02 9.282485395669937134e-02 5.226939544081687927e-02 3.774009272456169128e-02 4.339948669075965881e-02 6.969860196113586426e-02 3.721961379051208496e-02 1.004873495548963547e-02 2.704109624028205872e-02 5.387100204825401306e-02 9.213040582835674286e-03 3.879895061254501343e-02 1.831202767789363861e-02 5.470302328467369080e-02 3.262588754296302795e-02 2.376224659383296967e-02 3.808790445327758789e-02 1.715224981307983398e-02 2.636515162885189056e-02 2.343704551458358765e-02 1.048583257943391800e-02 7.047689519822597504e-03 7.371930405497550964e-04 1.549955923110246658e-02 3.031387738883495331e-02 1.966899819672107697e-02 9.298595599830150604e-03 3.613168746232986450e-02 2.441004663705825806e-02 1.749228499829769135e-02 7.081502676010131836e-02 1.569908112287521362e-02 6.337621062994003296e-02 1.147716641426086426e-01 1.291045732796192169e-02 2.750024385750293732e-02 9.479226917028427124e-02 6.277064979076385498e-02 9.081065654754638672e-02 1.483371108770370483e-02 2.030093595385551453e-02 3.076002933084964752e-02 1.847410947084426880e-02 7.452751044183969498e-03 1.493797404691576958e-03 4.829967767000198364e-02 2.567826025187969208e-02 2.845276333391666412e-02 4.714838787913322449e-02 1.744075119495391846e-02 3.375418111681938171e-02 6.353051960468292236e-02 2.804381772875785828e-02 2.479824423789978027e-02 3.292742650955915451e-03 3.742170333862304688e-02 4.831758514046669006e-02 3.324842453002929688e-02 1.369814202189445496e-02 2.758331224322319031e-02 3.357082232832908630e-02
6.893126666545867920e-02 7.132511585950851440e-03 2.405444234609603882e-01 7.155907154083251953e-02 6.117817014455795288e-03 4.128297790884971619e-02 6.178658828139305115e-02 6.509103626012802124e-02 3.033749386668205261e-02 4.832457005977630615e-02 9.240771643817424774e-03 4.058910906314849854e-02 4.366596229374408722e-03 1.729773916304111481e-02 2.710578143596649170e-01 3.083620034158229828e-02 2.801585942506790161e-03 5.858468264341354370e-02 6.362993270158767700e-02 3.292873501777648926e-02 4.555102437734603882e-02 2.175726369023323059e-02 1.360945496708154678e-02 6.359356339089572430e-04 1.482193265110254288e-02 3.720185160636901855e-02 6.137619167566299438e-02 1.213925704360008240e-02 7.738757878541946411e-02 1.432147901505231857e-02 4.051816463470458984e-02 5.612387880682945251e-02 1.887942431494593620e-03 1.132557541131973267e-02 4.585658013820648193e-02 7.042607665061950684e-02 1.903184130787849426e-02 3.122720122337341309e-02 5.804514139890670776e-02 5.525018274784088135e-02 4.321223869919776917e-02 1.379646477289497852e-03 5.100044980645179749e-02 5.949387699365615845e-02 1.883497345261275768e-03 1.061251461505889893e-01 1.821417361497879028e-02 4.266158491373062134e-02 2.499355934560298920e-03 7.499169558286666870e-02 2.169998362660408020e-02 5.764163099229335785e-03 1.232415065169334412e-01 4.458517208695411682e-02 2.770450524985790253e-02 5.825708433985710144e-02 2.795449085533618927e-02 1.003887387923896313e-03 2.909529209136962891e-02 5.203641206026077271e-02 4.103309288620948792e-02 4.464523121714591980e-02 6.881328299641609192e-03 2.357115596532821655e-02 1.758763194084167480e-02 3.772715479135513306e-02 2.172452770173549652e-02 5.026505514979362488e-02 7.011050730943679810e-02 3.659395128488540649e-02 1.606358028948307037e-02 4.090806841850280762e-02 1.009331494569778442e-01 7.610433734953403473e-03 1.133270263671875000e-01 1.050944998860359192e-02 5.360456556081771851e-02 9.832878410816192627e-02 9.305585175752639771e-03 3.380209952592849731e-02 9.445960819721221924e-02 2.241153083741664886e-02 1.322149205952882767e-02 1.833739131689071655e-02 3.426314145326614380e-02 3.330875188112258911e-02 1.146467551589012146e-01 5.040672048926353455e-02 2.809055522084236145e-02 2.205446362495422363e-02 4.144208133220672607e-02 8.985129185020923615e-03 2.063278341665863991e-03 5.220552906394004822e-02 3.028268180787563324e-02 2.817777357995510101e-02 5.558927077800035477e-04 2.465724200010299683e-02 2.579302340745925903e-02 3.288817033171653748e-02 2.803484909236431122e-02 3.884560987353324890e-02 2.990300953388214111e-02 1.927017420530319214e-02 5.175601318478584290e-02 1.475440367357805371e-04 1.176871266216039658e-02 4.034239798784255981e-02 4.444101825356483459e-02 2.728006429970264435e-02 4.691947996616363525e-02 6.932455301284790039e-02 3.109355270862579346e-02 3.763762861490249634e-02 5.245561152696609497e-02 2.024897933006286621e-02
4.385767877101898193e-02 4.896894469857215881e-02 5.656191706657409668e-02 9.750608354806900024e-02 4.360998049378395081e-02 3.982467949390411377e-02 2.759697660803794861e-02 3.033749386668205261e-02 8.029243350028991699e-02 5.467525124549865723e-02 3.968924656510353088e-02 1.100740879774093628e-01 4.174599051475524902e-02 3.058692891499958932e-05 3.173276782035827637e-02 4.365826398134231567e-02 2.841773815453052521e-02 3.205908089876174927e-02 3.607676923274993896e-02 2.052289992570877075e-02 4.988545179367065430e-02 2.910296618938446045e-02 3.431688994169235229e-02 1.655958406627178192e-02 1.951010525226593018e-02 1.881552673876285553e-02 4.862437397241592407e-02 2.448822557926177979e-02 4.187126457691192627e-02 5.977184511721134186e-03 3.989625349640846252e-02 4.409529268741607666e-02 3.481753915548324585e-02 1.408866606652736664e-02 3.208657354116439819e-02 4.377989470958709717e-02 1.143477391451597214e-02 3.568139672279357910e-02 1.869294978678226471e-02 1.879720017313957214e-02 4.751710221171379089e-03 1.001025456935167313e-02 3.807454369962215424e-03 1.578779146075248718e-02 6.331245601177215576e-02 7.054016739130020142e-02 7.530116941779851913e-03 3.361215349286794662e-03 1.346838325262069702e-01 5.331320688128471375e-03 8.869889192283153534e-03 1.439690589904785156e-02 2.186853624880313873e-02 2.752738632261753082e-02 1.202697455883026123e-01 2.617550082504749298e-02 2.781453914940357208e-02 3.213313594460487366e-02 1.922492310404777527e-02 1.807796023786067963e-02 1.807634346187114716e-02 3.777685761451721191e-02 4.223176836967468262e-02 9.851217269897460938e-02 4.464345425367355347e-02 3.207203000783920288e-02 7.842123508453369141e-03 4.662117455154657364e-03 7.373923808336257935e-02 5.727736651897430420e-02 3.508920967578887939e-02 6.698613613843917847e-02 3.339575231075286865e-02 1.136023434810340405e-03 4.759342595934867859e-02 7.334908843040466309e-02 1.419010311365127563e-01 5.939834937453269958e-02 1.254919469356536865e-01 3.406902402639389038e-02 1.656366325914859772e-02 3.857292607426643372e-02 2.828347124159336090e-02 9.233755990862846375e-03 4.606338590383529663e-02 3.179405257105827332e-02 4.977729544043540955e-02 2.827909588813781738e-02 9.528148919343948364e-02 6.855807453393936157e-02 1.276777498424053192e-02 1.836908608675003052e-02 3.519534319639205933e-02 5.639771744608879089e-02 8.772213011980056763e-03 7.289921492338180542e-02 1.566965947858989239e-03 2.151805162429809570e-02 2.660551667213439941e-02 4.693210124969482422e-03 1.690048724412918091e-02 2.155166119337081909e-02 1.244681049138307571e-02 3.115317039191722870e-02 3.146485239267349243e-02 3.111091069877147675e-02 1.219905819743871689e-02 6.364490836858749390e-02 3.069305419921875000e-02 1.745503395795822144e-02 1.607031002640724182e-02 6.097681820392608643e-02 2.980146557092666626e-02 4.852499812841415405e-03 2.871140651404857635e-02 3.489521518349647522e-02
3.745223954319953918e-02 5.026164464652538300e-03 1.979867741465568542e-02 3.006312251091003418e-02 4.584771394729614258e-02 1.290821284055709839e-02 6.343203783035278320e-02 4.832457005977630615e-02 5.467525124549865723e-02 7.789986580610275269e-02 5.847011692821979523e-03 7.912354916334152222e-02 1.521955896168947220e-02 9.811318665742874146e-02 2.079303562641143799e-02 2.437433786690235138e-02 1.378786936402320862e-02 7.870098575949668884e-03 2.867187559604644775e-02 1.804569736123085022e-02 1.235552690923213959e-02 3.249403787776827812e-03 2.769491821527481079e-02 1.065170317888259888e-01 2.405757829546928406e-02 1.055154483765363693e-03 2.691153064370155334e-02 2.947032917290925980e-03 3.430068120360374451e-02 5.243961513042449951e-02 3.291355818510055542e-02 3.050573356449604034e-02 4.051868617534637451e-02 8.595250546932220459e-02 3.836662694811820984e-02 6.387049797922372818e-03 4.283338412642478943e-02 5.774678429588675499e-04 1.239308156073093414e-02 7.392562925815582275e-03 4.154658690094947815e-02 7.275526225566864014e-02 1.345820073038339615e-02 2.768751699477434158e-03 5.487329885363578796e-02 6.618939340114593506e-02 1.551126688718795776e-02 1.196855120360851288e-02 8.055932819843292236e-02 7.204472273588180542e-02 4.180682078003883362e-02 7.577148266136646271e-03 2.747954567894339561e-03 5.684287752956151962e-03 3.193295095115900040e-03 1.171620935201644897e-01 2.083865739405155182e-02 1.448943000286817551e-02 7.226779591292142868e-03 2.869681268930435181e-02 5.613989755511283875e-02 6.413299590349197388e-02 1.336802914738655090e-02 1.540403463877737522e-04 3.275291994214057922e-02 3.085634671151638031e-02 3.977644816040992737e-02 1.287718955427408218e-02 3.694701299536973238e-04 3.650954738259315491e-02 7.471776753664016724e-02 2.447124943137168884e-02 7.759170979261398315e-02 7.763461768627166748e-02 6.419045478105545044e-02 1.147192064672708511e-02 3.915895894169807434e-02 1.778022646903991699e-01 9.410595893859863281e-02 1.260974258184432983e-01 1.012150291353464127e-02 4.055687412619590759e-02 3.252408653497695923e-02 7.545492798089981079e-02 3.162212669849395752e-02 1.460208743810653687e-01 9.140007197856903076e-03 1.145033352077007294e-02 2.025837823748588562e-02 3.935915231704711914e-02 2.097828872501850128e-02 4.536944627761840820e-02 2.642355673015117645e-02 5.100855976343154907e-02 7.894097827374935150e-03 4.592835158109664917e-02 2.800907753407955170e-02 2.361368760466575623e-02 7.000711280852556229e-03 4.065401852130889893e-03 1.534631475806236267e-02 1.715075410902500153e-02 1.104744430631399155e-02 3.999668359756469727e-02 3.959461301565170288e-02 2.619037590920925140e-02 2.554785925894975662e-03 4.689682647585868835e-02 4.019201174378395081e-02 5.288897082209587097e-02 4.544993117451667786e-02 1.893794536590576172e-02 5.254433955997228622e-03 9.703574702143669128e-03 6.798613350838422775e-03 7.471167482435703278e-03
1.348873376846313477e-01 1.118175536394119263e-01 3.902050480246543884e-02 2.803743630647659302e-02 1.172795309685170650e-03 1.124322786927223206e-01 9.924986958503723145e-02 9.240771643817424774e-03 3.968924656510353088e-02 5.847011692821979523e-03 7.859366387128829956e-02 6.792081147432327271e-02 1.704693138599395752e-01 5.183830857276916504e-02 1.191557571291923523e-02 4.091766849160194397e-02 4.639753699302673340e-02 5.312828719615936279e-02 1.356302481144666672e-02 6.202511955052614212e-03 3.304390236735343933e-02 6.252165138721466064e-02 3.541460260748863220e-02 1.821067184209823608e-02 1.464700326323509216e-02 2.625508792698383331e-02 5.028109299018979073e-04 6.673579663038253784e-02 6.812362372875213623e-02 3.654402494430541992e-02 9.774307254701852798e-04 4.254874214529991150e-02 2.469715103507041931e-02 2.143255667760968208e-03 2.499224618077278137e-03 1.153070293366909027e-02 1.172054279595613480e-02 4.719563946127891541e-02 4.665311425924301147e-02 2.139734476804733276e-02 2.303976193070411682e-02 3.879435732960700989e-02 1.087784767150878906e-02 4.168550297617912292e-02 4.753820225596427917e-02 6.368659436702728271e-02 6.153656542301177979e-02 8.172612637281417847e-02 2.949655801057815552e-02 2.328537590801715851e-02 2.579094842076301575e-02 8.241020143032073975e-03 2.450187318027019501e-02 5.311198066920042038e-03 3.438101848587393761e-03 1.281993463635444641e-02 5.828207731246948242e-02 5.663783103227615356e-02 1.079106051474809647e-02 2.697867155075073242e-02 2.155027166008949280e-02 9.329637512564659119e-03 4.880254343152046204e-02 3.600953891873359680e-02 7.781185954809188843e-02 6.323350220918655396e-02 7.084318436682224274e-03 8.703703992068767548e-03 1.492077484726905823e-02 8.372785523533821106e-03 9.507139911875128746e-04 4.080720618367195129e-02 2.961796708405017853e-03 5.199290812015533447e-02 1.792481727898120880e-02 3.995185717940330505e-02 7.065100222826004028e-02 3.302208334207534790e-02 9.610671550035476685e-02 8.608153089880943298e-03 1.345934253185987473e-02 3.055811859667301178e-02 5.327371135354042053e-02 2.560635283589363098e-02 5.425853654742240906e-02 3.699965309351682663e-03 4.601159319281578064e-02 1.567736454308032990e-02 8.422967791557312012e-02 6.227522715926170349e-02 1.588431885465979576e-03 2.113960683345794678e-02 6.637477874755859375e-02 6.839334219694137573e-02 2.480216883122920990e-02 3.894502297043800354e-02 4.321399144828319550e-03 3.230499476194381714e-02 1.049216184765100479e-02 4.108874499797821045e-02 1.130240689963102341e-02 8.038953877985477448e-03 1.613197848200798035e-02 9.996301494538784027e-03 8.996148593723773956e-03 9.614440612494945526e-03 3.598345816135406494e-02 1.641553267836570740e-02 3.675314784049987793e-02 5.926313251256942749e-02 6.352018564939498901e-02 1.885462738573551178e-02 3.628304600715637207e-02 2.555320784449577332e-02 5.079036206007003784e-02 6.020206958055496216e-02
1.551179215312004089e-03 7.898689806461334229e-02 5.718337371945381165e-02 1.510164700448513031e-02 4.709852859377861023e-02 6.094242632389068604e-02 9.114343672990798950e-02 4.058910906314849854e-02 1.100740879774093628e-01 7.912354916334152222e-02 6.792081147432327271e-02 7.714530080556869507e-02 4.218754544854164124e-02 1.838351190090179443e-01 3.035691007971763611e-02 5.139214545488357544e-02 4.076774045825004578e-02 2.250296436250209808e-02 1.540030166506767273e-02 2.341453358530998230e-02 4.574190825223922729e-03 1.452077738940715790e-02 6.319775432348251343e-02 9.262512437999248505e-03 3.231192752718925476e-02 4.813500121235847473e-02 4.294490069150924683e-02 1.391489058732986450e-01 5.494754388928413391e-02 6.714744493365287781e-03 3.773573040962219238e-02 1.875721290707588196e-02 7.928188890218734741e-03 2.649388648569583893e-02 3.660671040415763855e-02 5.995775386691093445e-02 2.282940410077571869e-02 7.525712996721267700e-02 4.776155948638916016e-02 6.580679863691329956e-02 5.269526154734194279e-04 1.455303654074668884e-02 3.247969225049018860e-02 1.718313782475888729e-03 1.396331042051315308e-01 5.107539519667625427e-02 2.853390760719776154e-02 4.430490732192993164e-02 2.151530236005783081e-02 5.667784810066223145e-02 1.350080361589789391e-03 1.199006754904985428e-02 3.347661718726158142e-02 1.531669218093156815e-02 7.875963300466537476e-02 1.522921025753021240e-02 8.163259923458099365e-02 4.399816691875457764e-02 2.278923429548740387e-02 4.525744542479515076e-02 8.032584190368652344e-02 4.514611512422561646e-02 5.929185077548027039e-02 3.031543921679258347e-03 5.283355340361595154e-02 2.254520170390605927e-02 9.731202386319637299e-03 2.180463448166847229e-02 3.182461252436041832e-03 4.215357825160026550e-02 2.831232734024524689e-02 5.708792433142662048e-02 8.629810065031051636e-03 5.848293006420135498e-02 5.493896454572677612e-02 1.022256091237068176e-01 4.731904715299606323e-02 5.990070104598999023e-02 1.463653594255447388e-01 6.241314858198165894e-02 2.365923672914505005e-02 4.365263879299163818e-02 3.089456818997859955e-02 1.201831176877021790e-02 5.889746546745300293e-02 3.036594390869140625e-02 1.782198064029216766e-02 5.732218269258737564e-04 1.612349450588226318e-01 8.819837123155593872e-02 3.661713376641273499e-02 6.847067177295684814e-02 3.809660300612449646e-02 1.398148946464061737e-02 8.481239899992942810e-03 8.558558672666549683e-02 8.230190724134445190e-02 3.528806194663047791e-02 6.106359884142875671e-02 6.376014556735754013e-03 4.068796709179878235e-02 8.646274358034133911e-02 9.627823717892169952e-03 6.020626053214073181e-02 3.849738091230392456e-02 8.287996053695678711e-03 4.797739163041114807e-02 1.199262738227844238e-01 3.879602625966072083e-02 6.783001124858856201e-02 3.651362657546997070e-02 1.426267623901367188e-01 1.922855526208877563e-02 3.873059898614883423e-02 1.087420806288719177e-01 1.484531760215759277e-01
1.082635670900344849e-01 1.957362890243530273e-01 9.568106383085250854e-02 2.214584313333034515e-02 1.017351262271404266e-02 1.011618040502071381e-02 3.526636958122253418e-02 4.366596229374408722e-03 4.174599051475524902e-02 1.521955896168947220e-02 1.704693138599395752e-01 4.218754544854164124e-02 5.998304858803749084e-02 1.855119131505489349e-02 1.119566336274147034e-02 2.545288391411304474e-02 1.713189482688903809e-02 1.484386809170246124e-02 4.982467368245124817e-02 4.615160450339317322e-02 1.446298509836196899e-02 1.293358765542507172e-02 3.370590973645448685e-03 3.170549124479293823e-02 4.139862488955259323e-03 8.765753358602523804e-03 1.562808454036712646e-02 4.604084044694900513e-02 4.522374644875526428e-02 2.870715223252773285e-02 8.561720699071884155e-02 3.081411123275756836e-02 7.487683743238449097e-02 5.889445915818214417e-02 2.791179902851581573e-02 1.546536199748516083e-02 2.735725976526737213e-02 2.736784331500530243e-02 5.491475388407707214e-02 2.350088022649288177e-02 2.429794892668724060e-02 5.500376597046852112e-02 2.242820151150226593e-02 4.345966130495071411e-02 1.845411397516727448e-02 2.100493945181369781e-02 2.393702790141105652e-02 4.778892546892166138e-02 5.515428259968757629e-03 4.441145434975624084e-02 2.004450373351573944e-02 3.990556672215461731e-02 6.065940856933593750e-02 6.873945891857147217e-02 2.345075644552707672e-02 4.382378980517387390e-02 5.932988598942756653e-02 3.765416517853736877e-02 2.705612219870090485e-02 5.817095935344696045e-02 8.226314559578895569e-03 4.090606421232223511e-02 4.954706877470016479e-02 1.586100435815751553e-03 4.350163415074348450e-02 1.862737536430358887e-01 7.240530569106340408e-03 1.101743243634700775e-02 3.852677717804908752e-02 4.838575422763824463e-02 5.322119966149330139e-02 2.239224128425121307e-02 1.847033388912677765e-02 3.789731115102767944e-02 7.653629779815673828e-02 5.401723459362983704e-02 4.001483321189880371e-02 3.857729211449623108e-02 4.559690505266189575e-02 4.483179003000259399e-02 1.287798304110765457e-02 9.865688532590866089e-02 1.891534216701984406e-02 9.909429587423801422e-03 2.850806899368762970e-02 2.242693677544593811e-02 8.359490893781185150e-03 1.766594126820564270e-02 9.226081892848014832e-03 4.126802831888198853e-02 3.662324324250221252e-02 1.230200938880443573e-02 1.145351603627204895e-01 6.131172925233840942e-02 4.246181994676589966e-02 1.510512549430131912e-02 3.430051961913704872e-03 3.518650308251380920e-02 3.111617453396320343e-02 2.525869943201541901e-02 8.023863658308982849e-03 1.893002539873123169e-02 4.136902838945388794e-02 1.861622929573059082e-02 5.233160406351089478e-02 4.870715364813804626e-02 4.801990091800689697e-02 1.596569456160068512e-02 2.066954039037227631e-03 1.406882330775260925e-02 1.903664693236351013e-02 2.150858193635940552e-02 2.377215132582932711e-04 9.291490539908409119e-03 2.553469873964786530e-02 1.072547882795333862e-01
