3.484696894884109497e-02 2.111261487007141113e-01 8.873990923166275024e-02 9.829108603298664093e-03 3.453819826245307922e-02 1.885700523853302002e-01 1.271730065345764160e-01 5.736189894378185272e-03 7.621204946190118790e-03 5.677678063511848450e-02 1.055054143071174622e-01 1.409924868494272232e-02 2.491531893610954285e-02 2.713491022586822510e-02 2.950613945722579956e-02 2.950193174183368683e-02 7.974743843078613281e-03 2.218331582844257355e-02 1.561585161834955215e-02 8.426642976701259613e-03 2.076697163283824921e-02 1.948171481490135193e-02 4.157019406557083130e-02 3.442380204796791077e-02 5.799651890993118286e-02 1.146952062845230103e-01 3.416788205504417419e-02 1.535072922706604004e-02 1.059754379093647003e-02 1.011724546551704407e-01 2.430088631808757782e-02 3.306737169623374939e-02 4.762836918234825134e-02 5.439041182398796082e-02 4.716981202363967896e-02 2.982514351606369019e-02 3.958627581596374512e-02 4.294035211205482483e-02 2.674083225429058075e-02 3.941746801137924194e-02 8.953849971294403076e-02 2.284641005098819733e-02 5.305361747741699219e-02 1.842976920306682587e-02 6.830736994743347168e-02 5.237172357738018036e-03 1.072491928935050964e-01 2.686558477580547333e-02 3.552604466676712036e-02 8.855592459440231323e-02 2.693540044128894806e-02 2.241246402263641357e-02 2.182670496404170990e-02 3.005377948284149170e-02 6.961499899625778198e-02 7.043071836233139038e-02 6.064452696591615677e-03 5.450581759214401245e-02 8.839608170092105865e-03 2.065271697938442230e-02 2.571036480367183685e-02 7.031279802322387695e-02 4.372955765575170517e-03 1.907374523580074310e-02 1.986693404614925385e-02 5.079931393265724182e-02 2.109400928020477295e-02 4.062039405107498169e-02 2.792584151029586792e-02 1.515399664640426636e-02 1.461183931678533554e-02 2.035256661474704742e-02 1.671963557600975037e-02 4.603454098105430603e-02 6.608851253986358643e-02 1.321386452764272690e-02 1.127134263515472412e-02 4.973447322845458984e-02 4.380583763122558594e-02 3.037706203758716583e-02 2.773176506161689758e-02 3.028289182111620903e-03 8.421990089118480682e-03 1.400266773998737335e-02 4.705917090177536011e-02 1.304740458726882935e-01 9.610945358872413635e-03 3.962875902652740479e-02 1.157628279179334641e-02 6.106850504875183105e-02 4.088194295763969421e-02 3.062760643661022186e-02 4.457348957657814026e-02 3.769240900874137878e-02 8.251469582319259644e-02 4.866062477231025696e-02 3.042259998619556427e-02 1.994960568845272064e-02 2.122678048908710480e-02 3.790401667356491089e-02 1.838442310690879822e-02 7.233537733554840088e-02 1.473545376211404800e-02 3.477182611823081970e-02 6.684552412480115891e-03 1.480093970894813538e-02 4.654778912663459778e-02 3.243107348680496216e-02 6.768704205751419067e-02 2.934930101037025452e-02 3.318213298916816711e-02 4.493549466133117676e-02 1.703711599111557007e-02 1.256856601685285568e-02 7.309345155954360962e-02 2.832178398966789246e-02
2.111261487007141113e-01 2.092345850542187691e-03 5.397460609674453735e-02 2.777175046503543854e-02 1.357267890125513077e-02 4.509834200143814087e-02 5.616285279393196106e-02 5.274065211415290833e-02 4.252135381102561951e-02 5.329891666769981384e-02 2.592972293496131897e-02 3.004352003335952759e-02 1.831028312444686890e-01 2.465809695422649384e-02 3.386297449469566345e-02 1.597808673977851868e-02 4.497671499848365784e-03 5.078256130218505859e-02 9.527379274368286133e-02 1.695496588945388794e-02 7.441630959510803223e-02 6.597849074751138687e-03 1.434170454740524292e-02 3.065102361142635345e-02 9.124150499701499939e-03 1.481832587160170078e-03 4.897814989089965820e-02 6.244276091456413269e-02 2.654225565493106842e-02 3.417669236660003662e-02 2.059815637767314911e-02 3.201869875192642212e-02 3.653487935662269592e-02 6.070447340607643127e-02 4.366334527730941772e-02 6.102535501122474670e-02 4.463334754109382629e-02 4.638635739684104919e-02 3.456587344408035278e-02 4.668867960572242737e-02 6.426691263914108276e-02 4.176264256238937378e-02 1.872444525361061096e-02 3.511324524879455566e-02 8.663488924503326416e-02 3.089917823672294617e-02 7.876513898372650146e-02 9.868160635232925415e-02 1.675727404654026031e-02 5.188405513763427734e-02 4.048653319478034973e-02 5.168523639440536499e-02 2.163020521402359009e-02 4.670721665024757385e-02 5.568159371614456177e-02 6.697580963373184204e-02 3.168427944183349609e-02 6.590433418750762939e-02 5.291220545768737793e-02 3.463103622198104858e-02 3.451305255293846130e-02 9.690170176327228546e-03 1.217167079448699951e-02 1.004396192729473114e-02 5.514160916209220886e-02 1.121815145015716553e-01 1.083423994714394212e-04 6.437080353498458862e-02 5.996392294764518738e-02 6.250387430191040039e-02 4.573621600866317749e-02 1.203175913542509079e-02 5.103670060634613037e-02 2.989985281601548195e-03 2.357187308371067047e-02 7.968381978571414948e-03 4.670185595750808716e-02 6.271331012248992920e-02 1.017318740487098694e-01 1.707801967859268188e-02 1.181033346801996231e-02 8.301743655465543270e-04 7.405741140246391296e-03 7.894906401634216309e-02 6.905690580606460571e-02 8.934926241636276245e-03 2.114245295524597168e-02 7.988905161619186401e-02 6.130073592066764832e-02 2.877452410757541656e-03 3.157720342278480530e-02 2.163214609026908875e-02 1.321530621498823166e-02 2.021832205355167389e-02 3.317512199282646179e-02 1.703627035021781921e-02 2.239844761788845062e-02 2.308955974876880646e-02 9.055697359144687653e-03 1.976803876459598541e-02 1.055573020130395889e-02 3.703206405043601990e-02 1.153401099145412445e-02 5.049995612353086472e-03 2.537381835281848907e-02 8.270629495382308960e-02 2.740596234798431396e-02 3.758536651730537415e-02 3.391940146684646606e-02 2.196670323610305786e-02 1.471725553274154663e-01 4.893347248435020447e-02 2.732995338737964630e-02 5.862134322524070740e-02 7.744172587990760803e-03 1.303573604673147202e-02
8.873990923166275024e-02 5.397460609674453735e-02 3.502995893359184265e-02 2.688339911401271820e-02 1.113030780106782913e-02 2.368694171309471130e-02 3.581950441002845764e-02 1.803606301546096802e-01 1.663986966013908386e-02 1.003174204379320145e-02 3.653049841523170471e-02 1.146436762064695358e-02 4.608302563428878784e-02 1.241677068173885345e-02 5.139644071459770203e-02 1.702658645808696747e-02 8.490949124097824097e-02 3.440051898360252380e-02 1.860787533223628998e-02 6.893903017044067383e-03 2.493548393249511719e-02 3.341860696673393250e-02 1.131619513034820557e-02 6.983884423971176147e-02 3.725714981555938721e-02 1.146197319030761719e-02 2.409450896084308624e-02 1.282179169356822968e-02 9.389128535985946655e-03 4.196469113230705261e-02 9.254386276006698608e-02 1.909241452813148499e-02 1.941038481891155243e-02 1.226432807743549347e-02 2.819664590060710907e-02 1.914856582880020142e-02 2.120712772011756897e-02 9.398681111633777618e-03 1.349552124738693237e-01 2.016207575798034668e-02 2.541723474860191345e-02 6.055099423974752426e-03 9.902010671794414520e-03 2.095729112625122070e-02 6.532125174999237061e-02 1.071343291550874710e-02 9.212605655193328857e-03 8.568146079778671265e-02 2.710812166333198547e-02 1.255107522010803223e-01 2.847376745194196701e-03 3.234477341175079346e-02 6.385495513677597046e-02 3.535198792815208435e-02 2.931965328752994537e-02 2.841460332274436951e-02 4.279428161680698395e-03 2.835188806056976318e-02 2.072762139141559601e-02 1.276729851961135864e-01 1.815252192318439484e-02 1.915914937853813171e-02 2.180377766489982605e-02 2.701936289668083191e-02 4.117282107472419739e-02 4.675518348813056946e-02 4.319673031568527222e-02 2.034080028533935547e-02 4.856603220105171204e-03 6.131427362561225891e-02 3.900951938703656197e-03 8.367295563220977783e-02 3.855600208044052124e-02 7.223211694508790970e-03 7.660637050867080688e-02 2.214485034346580505e-02 3.067382052540779114e-02 4.478819295763969421e-02 9.779515676200389862e-03 1.550286309793591499e-03 1.546108871698379517e-01 2.029553242027759552e-02 9.775909036397933960e-02 6.616423279047012329e-02 3.201754391193389893e-02 1.470830589532852173e-01 2.367117069661617279e-02 1.028328202664852142e-02 3.382449969649314880e-02 6.377674872055649757e-04 5.578655377030372620e-02 7.007858157157897949e-02 2.466215379536151886e-02 1.066296594217419624e-03 1.796540245413780212e-02 7.691823691129684448e-02 4.462876915931701660e-02 5.055063217878341675e-02 2.631763927638530731e-02 6.294347345829010010e-02 5.651514977216720581e-02 4.625820741057395935e-02 4.890656843781471252e-02 4.395454656332731247e-03 2.110218163579702377e-03 2.757432311773300171e-02 2.922542393207550049e-02 8.603390306234359741e-03 1.440397948026657104e-01 1.961752772331237793e-02 1.280480250716209412e-02 8.005115389823913574e-02 2.222654968500137329e-02 4.850700870156288147e-02 4.846828430891036987e-02 6.936785578727722168e-02
9.829108603298664093e-03 2.777175046503543854e-02 2.688339911401271820e-02 2.457614755257964134e-04 1.388847269117832184e-02 4.738579317927360535e-02 4.327179864048957825e-02 5.306386947631835938e-02 1.279348321259021759e-02 4.333158582448959351e-02 2.051059529185295105e-02 5.185340344905853271e-02 1.118466351181268692e-02 3.495493531227111816e-02 7.408623117953538895e-03 1.994007453322410583e-02 6.195506826043128967e-02 4.460497200489044189e-02 4.821956530213356018e-02 3.928684070706367493e-02 1.317013241350650787e-02 2.161376550793647766e-02 6.404148042201995850e-02 1.822910271584987640e-02 7.593608647584915161e-02 3.334778593853116035e-03 8.362389169633388519e-03 3.814084082841873169e-02 3.626196878030896187e-03 5.295716226100921631e-02 3.949875757098197937e-02 5.704590305685997009e-02 4.513808339834213257e-02 3.246201574802398682e-02 6.462200731039047241e-02 1.334907114505767822e-02 3.453981876373291016e-02 1.639413065277040005e-03 1.420237869024276733e-01 1.151552498340606689e-01 2.394953183829784393e-02 2.089889720082283020e-02 1.435482874512672424e-02 4.011511430144309998e-02 1.982717588543891907e-02 1.197134610265493393e-02 9.476915001869201660e-04 2.002426423132419586e-02 7.417159155011177063e-03 1.014767512679100037e-01 3.333977237343788147e-02 8.530291728675365448e-03 7.616255432367324829e-02 7.909389585256576538e-02 2.173404768109321594e-02 2.235782518982887268e-02 5.574960261583328247e-02 1.111277844756841660e-03 8.879507333040237427e-02 5.131022259593009949e-02 5.811079218983650208e-02 3.709232434630393982e-02 1.408926546573638916e-01 3.061006590723991394e-02 4.394330084323883057e-02 3.523819521069526672e-02 4.128422960638999939e-02 4.742593690752983093e-02 1.062414981424808502e-02 2.591252885758876801e-02 2.950171381235122681e-02 1.471034809947013855e-02 1.367498040199279785e-01 3.179882094264030457e-02 7.716272026300430298e-02 9.880907833576202393e-03 2.267956733703613281e-02 5.060372874140739441e-02 4.645122960209846497e-02 3.708623349666595459e-02 4.034870769828557968e-03 4.566694051027297974e-02 1.214021742343902588e-01 5.895308218896389008e-03 2.908578328788280487e-02 4.298682883381843567e-02 1.794362626969814301e-02 2.678148681297898293e-03 2.143321372568607330e-02 7.527925074100494385e-02 4.750174703076481819e-04 2.682534046471118927e-03 1.717348955571651459e-02 3.554909676313400269e-02 4.092907533049583435e-02 2.414647117257118225e-02 3.688248991966247559e-02 1.510088983923196793e-02 1.653278246521949768e-02 3.181347623467445374e-02 1.020713057368993759e-02 6.090794131159782410e-02 9.990840218961238861e-03 1.640031929127871990e-03 7.205107063055038452e-02 5.922921374440193176e-02 1.647720485925674438e-02 2.088914997875690460e-02 2.006082423031330109e-02 1.603090390563011169e-02 1.239319425076246262e-02 3.665577154606580734e-03 1.450434885919094086e-02 2.046916075050830841e-02 5.846699350513517857e-04 5.139160528779029846e-02
3.453819826245307922e-02 1.357267890125513077e-02 1.113030780106782913e-02 1.388847269117832184e-02 1.323765027336776257e-04 3.480212390422821045e-02 7.879513502120971680e-02 3.437621146440505981e-02 6.919369101524353027e-02 1.262052077800035477e-02 7.585147768259048462e-02 4.505485296249389648e-03 1.767760328948497772e-02 1.342804916203022003e-02 6.282605230808258057e-02 8.744177222251892090e-02 2.703267149627208710e-02 8.620428293943405151e-02 1.155158951878547668e-01 1.100047305226325989e-01 4.463408514857292175e-02 1.491489112377166748e-01 8.678942918777465820e-03 2.882626280188560486e-02 6.639731116592884064e-03 4.468655958771705627e-02 3.927205130457878113e-02 5.733216553926467896e-02 5.768009275197982788e-02 2.662347629666328430e-02 4.637011513113975525e-02 5.626860260963439941e-02 8.564862608909606934e-02 1.178464386612176895e-03 6.393147259950637817e-02 2.554905833676457405e-03 1.551460847258567810e-02 1.028274185955524445e-02 3.171539306640625000e-02 1.447603255510330200e-01 8.044457435607910156e-02 1.350911334156990051e-02 2.862729504704475403e-02 3.146879747509956360e-02 3.079231269657611847e-02 2.346236817538738251e-02 9.553316049277782440e-03 3.296635299921035767e-02 2.873477898538112640e-02 1.679813838563859463e-03 6.953838281333446503e-03 3.598163649439811707e-02 4.005716368556022644e-02 1.897953636944293976e-02 2.713883109390735626e-02 9.656455367803573608e-02 1.844655722379684448e-02 1.725928485393524170e-02 2.097563259303569794e-02 1.324507687240839005e-02 3.459006547927856445e-02 4.890561848878860474e-02 8.870680816471576691e-03 4.037514328956604004e-02 3.021604381501674652e-02 1.097990199923515320e-02 4.626768454909324646e-02 5.797965452075004578e-02 1.919237710535526276e-02 4.516563564538955688e-02 1.278159301728010178e-02 4.027768224477767944e-02 7.226653397083282471e-03 1.314154416322708130e-01 1.283691078424453735e-01 4.609219729900360107e-02 4.774720594286918640e-02 9.394868277013301849e-03 2.922751009464263916e-02 4.009361565113067627e-02 8.117799460887908936e-02 5.857269838452339172e-02 1.307383924722671509e-01 9.914375841617584229e-02 1.540140621364116669e-02 2.754594199359416962e-03 2.326398901641368866e-02 4.629650153219699860e-03 1.005818368867039680e-03 8.763974532485008240e-03 8.419357473030686378e-04 1.624146290123462677e-02 3.915030881762504578e-02 4.807535931468009949e-02 1.240549888461828232e-02 8.912088721990585327e-02 4.294315353035926819e-02 1.081780437380075455e-02 2.434011176228523254e-02 1.448833267204463482e-03 3.460265323519706726e-02 2.141734585165977478e-02 2.670738287270069122e-02 1.026301831007003784e-02 1.908506616018712521e-03 1.190297305583953857e-02 3.061936795711517334e-02 1.720196194946765900e-02 5.035855248570442200e-02 6.868864409625530243e-03 6.016027182340621948e-02 2.967044524848461151e-02 4.076690971851348877e-02 3.452339395880699158e-02 4.917941056191921234e-03 2.729921601712703705e-02
1.885700523853302002e-01 4.509834200143814087e-02 2.368694171309471130e-02 4.738579317927360535e-02 3.480212390422821045e-02 5.383484438061714172e-02 3.071035146713256836e-01 3.932921588420867920e-02 1.265303976833820343e-02 2.744917757809162140e-02 6.921725720167160034e-02 4.298084229230880737e-02 8.993693441152572632e-02 3.734209015965461731e-02 9.937466122210025787e-03 5.671535432338714600e-02 2.586013078689575195e-02 3.339594975113868713e-02 8.117737248539924622e-03 3.017174825072288513e-02 6.862703710794448853e-02 7.557953149080276489e-02 4.877879470586776733e-02 3.435994684696197510e-02 5.611518025398254395e-02 1.367473974823951721e-02 1.323012709617614746e-01 4.409094527363777161e-02 5.212726444005966187e-02 5.167712643742561340e-02 4.931426048278808594e-02 7.278050296008586884e-03 1.501594018191099167e-02 3.023586980998516083e-02 1.347583997994661331e-02 1.957061514258384705e-02 6.148362997919321060e-03 5.912610143423080444e-02 4.852274805307388306e-02 4.434757679700851440e-02 4.854317381978034973e-02 6.102873012423515320e-02 2.831916511058807373e-02 5.825148522853851318e-02 3.561261296272277832e-02 5.329288542270660400e-02 1.799447685480117798e-01 1.296782493591308594e-01 3.339108079671859741e-02 3.996795043349266052e-03 1.875028572976589203e-02 3.116986155509948730e-02 5.422807484865188599e-02 1.667362824082374573e-02 4.858033359050750732e-02 4.664390906691551208e-02 8.424723637290298939e-04 6.529461825266480446e-05 1.706237159669399261e-02 3.593543916940689087e-02 5.662937648594379425e-03 2.512480691075325012e-02 1.405374146997928619e-02 3.906743973493576050e-02 3.990609198808670044e-02 3.924654796719551086e-02 5.194314196705818176e-02 3.901869431138038635e-02 3.120979666709899902e-02 6.848256289958953857e-02 2.161313965916633606e-02 1.766117662191390991e-02 3.161664307117462158e-02 6.274706870317459106e-02 2.506793290376663208e-02 2.344915270805358887e-02 3.892853111028671265e-02 2.802483551204204559e-02 2.893449738621711731e-02 6.004132330417633057e-02 1.274281553924083710e-02 3.372084349393844604e-02 1.238060090690851212e-02 4.014204815030097961e-02 2.430146187543869019e-02 3.171323239803314209e-02 5.492324009537696838e-02 1.540745198726654053e-01 3.363839164376258850e-02 2.485571429133415222e-02 4.568519070744514465e-03 5.827216431498527527e-02 6.801521033048629761e-02 6.359708309173583984e-02 4.813325405120849609e-02 8.467835932970046997e-02 8.945080451667308807e-03 3.301844373345375061e-02 4.534513130784034729e-02 1.335376035422086716e-02 6.413274258375167847e-02 3.650363162159919739e-02 2.494297362864017487e-02 3.169455751776695251e-02 4.087443277239799500e-02 5.247779563069343567e-02 8.892920799553394318e-03 5.292785353958606720e-03 1.667577214539051056e-02 1.290819048881530762e-02 6.025557219982147217e-02 5.708524957299232483e-02 1.989362575113773346e-02 6.657062098383903503e-03 5.054803565144538879e-02 1.259715259075164795e-01
1.271730065345764160e-01 5.616285279393196106e-02 3.581950441002845764e-02 4.327179864048957825e-02 7.879513502120971680e-02 3.071035146713256836e-01 6.184532493352890015e-02 2.333501353859901428e-02 2.403204701840877533e-02 6.022347509860992432e-02 2.087502367794513702e-02 8.995561860501766205e-03 8.005294948816299438e-03 1.835039630532264709e-02 3.109298646450042725e-02 4.207137227058410645e-02 1.218939106911420822e-02 3.625574987381696701e-03 7.637872546911239624e-02 2.101814560592174530e-02 6.246507167816162109e-03 2.317647822201251984e-02 1.381624583154916763e-02 5.285919830203056335e-02 8.615195006132125854e-02 1.214685756713151932e-02 4.557212442159652710e-02 9.180598892271518707e-03 4.756444692611694336e-02 1.419425662606954575e-02 4.009382054209709167e-02 4.158747196197509766e-02 9.227945655584335327e-02 2.079209871590137482e-02 7.773710042238235474e-02 4.562915116548538208e-02 6.676726788282394409e-02 5.440300703048706055e-02 6.249220576137304306e-03 1.708322390913963318e-02 3.280143812298774719e-02 4.590823082253336906e-04 5.657988786697387695e-02 5.195028148591518402e-03 2.016474120318889618e-02 4.490246996283531189e-02 1.174052134156227112e-01 2.115959078073501587e-01 2.991231856867671013e-03 3.334211930632591248e-02 7.451408077031373978e-03 3.665959462523460388e-02 1.329757831990718842e-02 2.202819101512432098e-02 5.028585717082023621e-02 9.931705147027969360e-02 3.586905822157859802e-02 5.113909021019935608e-02 4.898357391357421875e-02 4.130731895565986633e-02 4.717360064387321472e-02 1.932273991405963898e-02 8.148245513439178467e-03 5.486642941832542419e-03 2.879749611020088196e-02 1.416250504553318024e-02 5.206044390797615051e-02 8.317961543798446655e-02 2.111854590475559235e-02 1.204821653664112091e-02 3.464769944548606873e-02 4.334788024425506592e-02 1.066471170634031296e-02 5.880362540483474731e-02 2.841218188405036926e-02 1.463090255856513977e-02 2.215422876179218292e-02 4.466873407363891602e-02 5.914650112390518188e-02 4.021783545613288879e-02 1.010306086391210556e-02 3.069799020886421204e-02 1.233421498909592628e-03 6.364659871906042099e-03 5.583504959940910339e-02 1.865622820332646370e-03 4.266467876732349396e-03 8.572515845298767090e-02 1.577815227210521698e-02 5.277338251471519470e-02 8.664331398904323578e-03 6.470758467912673950e-02 2.541852649301290512e-03 5.363420769572257996e-02 2.670069970190525055e-02 1.305490173399448395e-02 2.941266866400837898e-03 2.010311558842658997e-02 5.397208034992218018e-02 5.252461880445480347e-02 3.508701175451278687e-02 1.621186546981334686e-02 1.842705160379409790e-02 2.005456760525703430e-02 2.584508620202541351e-02 3.195086494088172913e-02 5.087406560778617859e-02 2.117863483726978302e-02 1.218086257576942444e-01 5.516154691576957703e-02 4.765612259507179260e-02 1.037665177136659622e-02 5.418772995471954346e-02 2.319066785275936127e-02 6.107828766107559204e-02 3.941751271486282349e-02
5.736189894378185272e-03 5.274065211415290833e-02 1.803606301546096802e-01 5.306386947631835938e-02 3.437621146440505981e-02 3.932921588420867920e-02 2.333501353859901428e-02 7.181599270552396774e-03 5.340381339192390442e-02 5.521042644977569580e-02 1.768834516406059265e-02 3.290910646319389343e-02 6.764962524175643921e-02 2.275354415178298950e-02 1.120283976197242737e-01 1.410646364092826843e-02 4.172081127762794495e-02 8.495230227708816528e-02 2.335530705749988556e-02 2.427063323557376862e-02 1.724147237837314606e-02 2.315130084753036499e-02 2.142519690096378326e-02 7.417209912091493607e-03 2.832404896616935730e-02 1.691827736794948578e-02 1.493581291288137436e-02 5.443603917956352234e-02 6.231204792857170105e-02 3.037425922229886055e-03 1.315661519765853882e-01 1.693689078092575073e-02 1.235966011881828308e-01 2.976031228899955750e-02 2.400580421090126038e-02 7.137759029865264893e-02 2.429176680743694305e-02 2.620208077132701874e-02 9.463240392506122589e-03 1.354806125164031982e-02 1.889431104063987732e-02 5.244802683591842651e-03 4.998290538787841797e-02 1.445405371487140656e-02 7.500352803617715836e-03 4.253678023815155029e-02 1.526971533894538879e-02 3.288444504141807556e-02 3.761409223079681396e-02 6.689292937517166138e-02 5.358006060123443604e-02 1.677816547453403473e-02 2.064400725066661835e-02 1.023952569812536240e-02 5.177107080817222595e-02 2.415065653622150421e-02 4.512047395110130310e-02 3.288001054897904396e-03 4.691790044307708740e-02 2.268933504819869995e-02 2.835032530128955841e-03 4.028401523828506470e-02 1.441552340984344482e-01 1.708747260272502899e-02 6.861322559416294098e-03 2.037075720727443695e-02 5.229700729250907898e-02 1.224697101861238480e-03 4.297366365790367126e-02 3.311041742563247681e-03 1.031436212360858917e-02 7.390211336314678192e-03 1.280690543353557587e-02 1.737905293703079224e-02 2.917298674583435059e-02 3.772531403228640556e-03 2.227939851582050323e-02 6.199766416102647781e-03 1.236400194466114044e-02 7.155976444482803345e-02 2.710731029510498047e-01 4.444848001003265381e-02 2.309960871934890747e-02 2.799677662551403046e-02 5.035867914557456970e-02 6.801319867372512817e-02 3.701111301779747009e-02 1.089682709425687790e-02 2.919920347630977631e-02 3.418225049972534180e-02 1.884152553975582123e-02 1.164499903097748756e-03 3.117050789296627045e-02 6.629671156406402588e-02 7.743731886148452759e-02 3.260197490453720093e-02 9.104686975479125977e-02 1.414176356047391891e-02 3.199964761734008789e-02 2.953540533781051636e-02 8.826150000095367432e-02 1.258513480424880981e-01 9.632652252912521362e-02 7.430790364742279053e-02 3.256494551897048950e-02 2.071333676576614380e-02 1.184269115328788757e-01 2.203059382736682892e-02 2.213369496166706085e-02 3.446662053465843201e-02 1.270777881145477295e-01 2.150353044271469116e-02 3.338742069900035858e-03 5.607566609978675842e-02 2.761623822152614594e-02 1.507512945681810379e-02
7.621204946190118790e-03 4.252135381102561951e-02 1.663986966013908386e-02 1.279348321259021759e-02 6.919369101524353027e-02 1.265303976833820343e-02 2.403204701840877533e-02 5.340381339192390442e-02 2.001995220780372620e-03 1.284388005733489990e-01 3.009726107120513916e-02 4.099259153008460999e-02 6.804611999541521072e-03 1.385788526386022568e-02 3.395711304619908333e-03 4.369635507464408875e-02 4.573272541165351868e-02 5.655749142169952393e-02 4.213018715381622314e-02 5.552634969353675842e-02 1.660091988742351532e-02 9.389848262071609497e-02 1.580838859081268311e-02 4.300140310078859329e-03 2.576144598424434662e-02 3.814532887190580368e-03 9.129574173130095005e-04 4.817556589841842651e-02 4.297738429158926010e-03 3.713051602244377136e-02 5.899920314550399780e-02 2.521018311381340027e-02 1.896007917821407318e-02 1.634987443685531616e-02 1.085197553038597107e-02 2.513150312006473541e-02 1.550234761089086533e-02 7.670042570680379868e-03 4.237092658877372742e-02 8.466777205467224121e-02 4.169172793626785278e-02 3.107733651995658875e-02 6.425037980079650879e-02 1.761257462203502655e-02 1.272995956242084503e-02 8.459731936454772949e-03 2.274297550320625305e-02 2.093651704490184784e-02 1.898063533008098602e-02 5.970819666981697083e-02 3.245456889271736145e-02 3.153343498706817627e-02 3.388955071568489075e-02 3.203203529119491577e-02 2.185761369764804840e-02 1.731164753437042236e-02 1.262433081865310669e-02 1.549536176025867462e-02 6.840681307949125767e-04 6.445524841547012329e-02 1.817051786929368973e-03 2.174395322799682617e-02 1.200572773814201355e-02 7.749998569488525391e-02 3.245661780238151550e-02 9.242126718163490295e-03 3.453962504863739014e-02 3.412792831659317017e-02 7.800190150737762451e-02 3.267450956627726555e-03 1.797435246407985687e-02 1.024771332740783691e-01 3.856745734810829163e-02 5.113596841692924500e-02 2.942570857703685760e-02 7.334826886653900146e-02 1.264488250017166138e-01 6.716658920049667358e-02 8.480583876371383667e-02 3.127051889896392822e-02 5.497738346457481384e-02 6.561523675918579102e-02 8.085459470748901367e-03 9.617394208908081055e-02 3.747346624732017517e-02 1.627926342189311981e-02 6.945631466805934906e-03 4.295227676630020142e-02 5.486520752310752869e-02 9.977666195482015610e-04 2.502118423581123352e-02 1.927829161286354065e-02 9.337291121482849121e-03 9.453711658716201782e-02 3.342991322278976440e-02 2.857866138219833374e-02 1.259414665400981903e-02 7.158865034580230713e-02 1.521413493901491165e-02 1.816349290311336517e-02 2.358157187700271606e-02 1.511388458311557770e-02 9.405273944139480591e-03 2.698935009539127350e-02 5.814822390675544739e-03 2.023256383836269379e-02 2.594824694097042084e-02 3.098770417273044586e-02 8.276876993477344513e-03 7.381265982985496521e-03 3.629497950896620750e-03 3.132626786828041077e-02 3.191041946411132812e-02 1.668591052293777466e-02 7.360213994979858398e-02 3.234474360942840576e-02
5.677678063511848450e-02 5.329891666769981384e-02 1.003174204379320145e-02 4.333158582448959351e-02 1.262052077800035477e-02 2.744917757809162140e-02 6.022347509860992432e-02 5.521042644977569580e-02 1.284388005733489990e-01 5.868351086974143982e-02 3.661464527249336243e-02 4.371300339698791504e-02 1.009117718786001205e-02 4.695297032594680786e-02 2.424053102731704712e-02 7.915778085589408875e-03 1.350580155849456787e-02 3.933176770806312561e-02 1.169190257787704468e-01 3.557794168591499329e-02 2.361502498388290405e-02 4.575398191809654236e-02 2.429246529936790466e-02 1.352949650026857853e-03 3.697866201400756836e-02 2.279233559966087341e-02 3.272839821875095367e-03 7.033587247133255005e-02 1.227839943021535873e-02 1.046772208064794540e-02 4.788277670741081238e-02 7.594455499202013016e-03 1.647870987653732300e-02 4.968985915184020996e-02 2.969361655414104462e-02 2.611340023577213287e-02 1.565350405871868134e-02 3.911774232983589172e-02 4.068455845117568970e-02 1.728576421737670898e-02 3.684541583061218262e-02 4.354665428400039673e-02 3.553520888090133667e-02 3.951275721192359924e-02 2.683583274483680725e-02 7.485235482454299927e-02 6.454224139451980591e-02 1.954877376556396484e-02 1.155141927301883698e-02 8.232126384973526001e-02 3.825680119916796684e-03 3.126370906829833984e-02 4.801442846655845642e-03 5.281117558479309082e-02 3.333570808172225952e-02 5.777229368686676025e-02 4.747971892356872559e-02 6.326439976692199707e-02 1.772765815258026123e-02 4.009123891592025757e-02 2.783889882266521454e-02 8.815079927444458008e-02 4.766668379306793213e-02 7.084861397743225098e-03 1.874845474958419800e-02 2.753357216715812683e-02 6.117122620344161987e-02 4.345725849270820618e-02 1.964696869254112244e-02 7.091300189495086670e-02 6.349434703588485718e-02 5.071762576699256897e-02 1.710321754217147827e-02 7.296811044216156006e-02 4.360263794660568237e-02 5.605662241578102112e-02 3.217629715800285339e-02 1.213905438780784607e-01 5.258246883749961853e-02 1.344288289546966553e-01 8.979605510830879211e-03 5.060552805662155151e-02 8.417427539825439453e-02 9.828763455152511597e-02 5.904270336031913757e-02 4.784013703465461731e-02 3.675713017582893372e-02 2.011201810091733932e-03 2.304718084633350372e-02 8.869592845439910889e-02 3.204803168773651123e-02 3.792260959744453430e-02 1.698671095073223114e-02 3.320585936307907104e-03 4.850991442799568176e-02 4.509655758738517761e-02 1.436292380094528198e-02 5.213787779211997986e-02 3.442711010575294495e-02 1.456890534609556198e-02 6.861253827810287476e-02 3.488563373684883118e-02 3.096621856093406677e-02 4.682232066988945007e-02 3.884048387408256531e-02 5.592758208513259888e-02 9.792082011699676514e-02 2.664414606988430023e-02 1.021628007292747498e-01 6.525211036205291748e-02 3.337739035487174988e-02 3.639627993106842041e-02 2.663982473313808441e-02 1.328610535711050034e-02 3.414234891533851624e-02 2.709979936480522156e-02
1.055054143071174622e-01 2.592972293496131897e-02 3.653049841523170471e-02 2.051059529185295105e-02 7.585147768259048462e-02 6.921725720167160034e-02 2.087502367794513702e-02 1.768834516406059265e-02 3.009726107120513916e-02 3.661464527249336243e-02 5.316493101418018341e-03 8.421381562948226929e-02 1.234722435474395752e-01 5.346676707267761230e-02 3.398501127958297729e-02 1.582118310034275055e-02 3.026070632040500641e-02 2.497566118836402893e-02 8.733091503381729126e-02 8.575386554002761841e-02 1.808472909033298492e-02 6.108954176306724548e-02 5.861270427703857422e-02 2.232234925031661987e-02 3.391840681433677673e-02 1.210042834281921387e-01 1.878928765654563904e-02 5.052397400140762329e-02 3.517840057611465454e-02 3.564978018403053284e-02 9.361152537167072296e-03 1.514281630516052246e-01 8.016535639762878418e-02 6.777684204280376434e-03 1.988913491368293762e-02 9.994766116142272949e-02 7.791715860366821289e-02 5.115659907460212708e-02 3.649761900305747986e-02 4.290965944528579712e-02 5.508068576455116272e-02 1.245701219886541367e-03 2.439055126160383224e-03 1.504856161773204803e-02 5.116413906216621399e-02 6.346980482339859009e-02 8.071471005678176880e-02 9.422547370195388794e-02 2.191149815917015076e-02 4.143419791944324970e-04 3.733549965545535088e-03 3.995704278349876404e-02 3.348783357068896294e-03 2.900398522615432739e-02 4.190976917743682861e-02 1.054464578628540039e-01 3.511415794491767883e-02 8.799817413091659546e-03 5.818136408925056458e-02 4.174991045147180557e-03 1.503310259431600571e-02 1.023304536938667297e-01 1.599303446710109711e-02 1.950855553150177002e-02 9.371348470449447632e-02 7.927348464727401733e-02 8.490809798240661621e-02 5.816750600934028625e-02 1.799981296062469482e-02 4.618988931179046631e-02 4.118828475475311279e-02 1.637440174818038940e-02 6.612675637006759644e-02 1.617331802845001221e-02 5.302328616380691528e-02 7.450312376022338867e-02 4.766905680298805237e-02 5.288032814860343933e-03 2.052959520369768143e-03 1.812945306301116943e-02 2.727997489273548126e-02 4.456676915287971497e-02 6.688599940389394760e-03 2.752445824444293976e-02 8.128513395786285400e-02 1.124623045325279236e-02 7.820194214582443237e-02 1.081276498734951019e-02 2.159046009182929993e-02 2.664593607187271118e-02 1.229143235832452774e-02 4.179805889725685120e-02 1.133985891938209534e-01 5.505493842065334320e-03 6.171011365950107574e-03 3.851769864559173584e-02 4.692239686846733093e-02 5.531214643269777298e-03 1.628044806420803070e-02 2.754020318388938904e-02 4.006394371390342712e-02 3.514030575752258301e-02 4.267120733857154846e-02 2.375569567084312439e-02 7.741978764533996582e-02 4.707744717597961426e-02 4.211369901895523071e-02 6.059863138943910599e-03 3.534397482872009277e-02 2.614204026758670807e-02 2.125036157667636871e-02 7.323370128870010376e-02 4.593820497393608093e-02 4.529904574155807495e-02 1.138038113713264465e-01 3.437704592943191528e-02
1.409924868494272232e-02 3.004352003335952759e-02 1.146436762064695358e-02 5.185340344905853271e-02 4.505485296249389648e-03 4.298084229230880737e-02 8.995561860501766205e-03 3.290910646319389343e-02 4.099259153008460999e-02 4.371300339698791504e-02 8.421381562948226929e-02 3.986199945211410522e-02 4.118924587965011597e-02 1.214454025030136108e-01 3.654021769762039185e-02 6.959877908229827881e-02 1.230540033429861069e-02 7.260840851813554764e-03 3.124745097011327744e-03 3.148672357201576233e-02 9.529512375593185425e-03 8.566451072692871094e-02 7.973779737949371338e-02 7.097354531288146973e-02 3.776779770851135254e-02 9.525839239358901978e-03 5.419587716460227966e-02 1.485747098922729492e-01 3.100416064262390137e-02 1.313243359327316284e-01 1.303551159799098969e-02 1.508380752056837082e-02 3.228912129998207092e-02 4.942482337355613708e-02 2.923111245036125183e-02 2.990063279867172241e-02 2.030827105045318604e-02 3.272563219070434570e-02 5.677007511258125305e-02 3.094576112926006317e-02 2.281626313924789429e-02 5.384031217545270920e-03 5.221611261367797852e-02 1.996966637670993805e-02 5.187571048736572266e-02 2.606494352221488953e-02 8.792019449174404144e-03 3.527039662003517151e-02 6.351073831319808960e-02 2.961293794214725494e-02 4.735167324542999268e-02 4.418390337377786636e-03 2.203347161412239075e-02 4.630726948380470276e-02 3.883805125951766968e-02 4.747893661260604858e-03 5.008195340633392334e-02 2.993659675121307373e-02 2.626124536618590355e-03 3.787755221128463745e-02 1.440286915749311447e-02 3.620092198252677917e-02 2.346074394881725311e-02 2.514933981001377106e-02 2.396951429545879364e-02 1.372256036847829819e-02 8.509189635515213013e-02 2.879353938624262810e-03 1.367436163127422333e-02 1.977260969579219818e-02 7.352747488766908646e-03 1.524758711457252502e-02 2.978354692459106445e-02 3.197314217686653137e-02 1.369060855358839035e-02 4.181600734591484070e-02 1.708181388676166534e-02 2.234230749309062958e-02 8.952466771006584167e-03 6.686300784349441528e-02 1.683981902897357941e-02 6.714377552270889282e-02 9.297358803451061249e-03 5.974311009049415588e-02 1.323484722524881363e-02 2.221772633492946625e-02 3.237186372280120850e-02 3.350760787725448608e-03 3.018022887408733368e-02 4.503286629915237427e-02 5.092754494398832321e-03 1.182611845433712006e-02 5.078052729368209839e-02 7.150230929255485535e-03 4.150046408176422119e-02 4.405298084020614624e-02 5.478198453783988953e-02 6.564882397651672363e-02 4.618881642818450928e-02 1.061008311808109283e-02 4.232174251228570938e-03 2.864790335297584534e-02 2.376368828117847443e-02 2.533370628952980042e-02 3.277742117643356323e-02 6.059411540627479553e-02 1.507084444165229797e-02 1.418964751064777374e-02 3.786460682749748230e-02 2.175857499241828918e-02 3.882618620991706848e-02 8.886323124170303345e-02 1.905789040029048920e-02 2.455317415297031403e-03 3.620621562004089355e-02 2.900418825447559357e-02
2.491531893610954285e-02 1.831028312444686890e-01 4.608302563428878784e-02 1.118466351181268692e-02 1.767760328948497772e-02 8.993693441152572632e-02 8.005294948816299438e-03 6.764962524175643921e-02 6.804611999541521072e-03 1.009117718786001205e-02 1.234722435474395752e-01 4.118924587965011597e-02 2.362947724759578705e-02 1.047670692205429077e-01 4.340661317110061646e-02 9.391673840582370758e-03 3.569744154810905457e-02 4.434496909379959106e-02 3.404666855931282043e-02 4.982076212763786316e-02 2.982325106859207153e-02 3.959538787603378296e-02 6.152953580021858215e-02 1.694518700242042542e-02 4.735731706023216248e-02 3.375618159770965576e-02 1.006538793444633484e-01 3.493376541882753372e-03 7.046580314636230469e-02 3.187463851645588875e-03 5.676404759287834167e-02 3.451531985774636269e-03 3.572507575154304504e-02 3.761366009712219238e-02 4.390089958906173706e-02 1.657795533537864685e-02 5.414160341024398804e-02 5.100803822278976440e-02 9.156748652458190918e-03 2.900655008852481842e-02 3.684380277991294861e-02 4.440411180257797241e-02 6.295154243707656860e-02 1.391563657671213150e-02 5.963360145688056946e-02 3.882528468966484070e-02 7.056792080402374268e-02 1.595329120755195618e-02 2.670989744365215302e-02 2.447721362113952637e-02 3.179738298058509827e-02 2.838802337646484375e-02 5.059659481048583984e-02 1.627679541707038879e-02 3.594546020030975342e-02 1.111020147800445557e-02 6.622236222028732300e-02 8.016198873519897461e-03 6.006791442632675171e-02 8.370278775691986084e-02 9.321045130491256714e-03 4.337050765752792358e-02 1.357462722808122635e-02 3.669026494026184082e-02 3.342923521995544434e-02 1.368866562843322754e-01 2.826945856213569641e-02 1.020970568060874939e-02 1.655164873227477074e-03 3.498629480600357056e-02 7.086057681590318680e-03 1.529326941817998886e-02 1.481708046048879623e-02 6.513129174709320068e-02 3.760550916194915771e-02 5.121529102325439453e-02 7.459913846105337143e-03 2.291850745677947998e-02 9.735054336488246918e-03 4.304265603423118591e-02 2.844984456896781921e-02 2.386194281280040741e-02 4.786360636353492737e-02 4.693114385008811951e-02 3.152933716773986816e-02 4.634388908743858337e-02 3.744946559891104698e-03 5.138991028070449829e-02 5.111869797110557556e-02 3.942016884684562683e-02 2.516876906156539917e-02 6.595757603645324707e-02 2.936089411377906799e-02 6.042671948671340942e-02 6.770587991923093796e-03 4.855932667851448059e-02 5.663085263222455978e-03 3.521777316927909851e-02 2.037713490426540375e-02 1.793859340250492096e-02 1.310939341783523560e-02 6.050896272063255310e-02 8.421893231570720673e-03 2.911036461591720581e-02 4.008254781365394592e-02 5.890940502285957336e-02 5.705962888896465302e-03 1.509314868599176407e-02 1.360862255096435547e-01 1.315357070416212082e-02 4.736695811152458191e-02 3.795106336474418640e-02 3.066513314843177795e-02 1.907360740005970001e-02 4.227902740240097046e-02 2.924164570868015289e-02
