1.113726943731307983e-01 2.386619150638580322e-01 6.338126957416534424e-02 1.392484549432992935e-02 2.459438703954219818e-02 1.038562878966331482e-01 1.646202802658081055e-02 8.543276344425976276e-04 3.738538175821304321e-02 4.836254939436912537e-02 2.350080013275146484e-01 4.619443044066429138e-02 7.752975821495056152e-02 6.425993144512176514e-02 7.193461805582046509e-02 3.468397259712219238e-02 6.272652745246887207e-02 3.998507559299468994e-02 1.336549525149166584e-03 1.917847432196140289e-02 5.769659206271171570e-02 1.717901788651943207e-02 3.871339932084083557e-02 1.102262660861015320e-01 2.950582653284072876e-02 6.917986273765563965e-02 8.431618660688400269e-02 2.345956116914749146e-02 1.260743141174316406e-01 4.961357265710830688e-02 1.769253797829151154e-02 5.367504432797431946e-02 2.378434315323829651e-02 4.674379248172044754e-03 8.614571765065193176e-03 1.735091325826942921e-03 2.389243431389331818e-02 5.653345584869384766e-02 3.769035264849662781e-02 3.415265679359436035e-02 9.714658372104167938e-03 2.044137008488178253e-02 8.046285249292850494e-03 2.021859437227249146e-01 2.216245047748088837e-02 3.491432592272758484e-02 1.577355116605758667e-01 5.308274179697036743e-02 5.294760316610336304e-02 1.577847450971603394e-02 2.117084152996540070e-02 2.380528114736080170e-02 1.873824186623096466e-02 3.197927959263324738e-03 2.304250746965408325e-02 1.128476392477750778e-02 3.582511097192764282e-02 6.499664485454559326e-02 4.414191097021102905e-02 4.362986981868743896e-02 7.657362520694732666e-02 8.597114682197570801e-02 5.535057559609413147e-02 7.249622792005538940e-02 2.193968556821346283e-02 8.767385035753250122e-03 4.208184406161308289e-02 3.279250860214233398e-02 1.838101260364055634e-02 8.155453950166702271e-03 3.129187226295471191e-02 6.870862096548080444e-02 4.438861086964607239e-02 3.660140186548233032e-02 5.631896480917930603e-02 2.413097210228443146e-02 8.352018892765045166e-03 8.346278965473175049e-02 1.227189227938652039e-02 3.345651552081108093e-02 9.297980926930904388e-03 2.171380072832107544e-02 1.093220487236976624e-01 4.653949290513992310e-02 2.118384232744574547e-03 7.931096851825714111e-02 3.645479679107666016e-02 7.494230568408966064e-02 1.553984731435775757e-01 8.143408596515655518e-02 2.179137989878654480e-02 8.524538017809391022e-03 4.884000518359243870e-04 5.332662165164947510e-02 1.364544779062271118e-02 3.607155755162239075e-02 4.079919308423995972e-02 4.639014601707458496e-02 3.126123920083045959e-02 6.136033311486244202e-02 1.621231622993946075e-02 2.372852154076099396e-02 3.867411613464355469e-02 4.887943342328071594e-02 1.631885766983032227e-02 4.939259961247444153e-02 2.321499586105346680e-02 3.712493553757667542e-02 6.467956118285655975e-03 9.499823674559593201e-03 8.508077263832092285e-02 1.301544997841119766e-02 3.767909854650497437e-02 5.006905272603034973e-02 6.409271061420440674e-02 2.424157969653606415e-02
2.386619150638580322e-01 8.356123417615890503e-02 4.361846670508384705e-02 4.666892066597938538e-02 5.583675950765609741e-02 2.128551155328750610e-01 4.712351784110069275e-02 1.471858844161033630e-02 3.533917665481567383e-02 1.138707343488931656e-02 5.185580998659133911e-02 6.046960502862930298e-02 2.967507243156433105e-01 1.363655328750610352e-01 3.816250711679458618e-02 4.733511712402105331e-03 1.403790153563022614e-02 3.883675858378410339e-02 6.603098660707473755e-02 3.594470769166946411e-02 3.213812410831451416e-02 6.460923701524734497e-02 1.618851348757743835e-02 6.520285457372665405e-02 4.919948987662792206e-03 4.185926541686058044e-02 3.761703148484230042e-02 4.086717963218688965e-02 1.631459034979343414e-02 3.902188688516616821e-02 5.296605825424194336e-02 4.894196614623069763e-02 4.274126142263412476e-02 9.009111672639846802e-03 1.557150296866893768e-02 6.413461174815893173e-03 1.742565259337425232e-02 7.452407479286193848e-02 3.023214638233184814e-02 5.420019477605819702e-02 5.951387807726860046e-02 1.186168473213911057e-02 4.819890484213829041e-02 8.078419417142868042e-02 3.508953005075454712e-02 3.952519595623016357e-02 5.897620320320129395e-02 1.697952859103679657e-02 1.889210566878318787e-02 3.525948897004127502e-02 5.418113246560096741e-02 1.062559559941291809e-01 4.025265574455261230e-02 3.330803243443369865e-03 4.504748061299324036e-02 1.841585524380207062e-02 1.251198202371597290e-01 1.797200180590152740e-02 4.071075841784477234e-02 1.691184006631374359e-02 1.693835714831948280e-03 1.104263681918382645e-02 1.038560364395380020e-02 3.175412118434906006e-02 7.016333937644958496e-02 2.151923440396785736e-02 7.278789766132831573e-03 1.764572970569133759e-02 4.665688797831535339e-02 2.108400128781795502e-02 5.818456411361694336e-04 4.725401103496551514e-02 4.154765978455543518e-02 1.648437045514583588e-02 3.143257694318890572e-03 3.111992031335830688e-03 9.071304462850093842e-03 2.855280041694641113e-02 3.833364322781562805e-02 2.373870834708213806e-02 1.345417369157075882e-02 4.511808231472969055e-02 6.006959453225135803e-02 4.630495607852935791e-02 1.589284092187881470e-02 2.267689257860183716e-02 4.177200049161911011e-02 3.139247000217437744e-02 7.878061383962631226e-03 1.501405891031026840e-02 1.980606466531753540e-02 3.917023167014122009e-02 9.801601991057395935e-03 4.398696124553680420e-02 1.654955744743347168e-02 1.319293212145566940e-02 4.998149350285530090e-03 3.171425545588135719e-03 5.103818699717521667e-02 4.004758317023515701e-03 4.027418419718742371e-02 8.988977409899234772e-03 1.877112500369548798e-02 1.184440962970256805e-02 3.638008236885070801e-02 2.296503866091370583e-03 3.346786648035049438e-02 1.064617261290550232e-01 1.062782015651464462e-02 7.119034975767135620e-02 4.538173601031303406e-02 1.535168476402759552e-02 2.468162402510643005e-02 7.127495855093002319e-02 1.607750356197357178e-02 7.483838591724634171e-03
6.338126957416534424e-02 4.361846670508384705e-02 1.863908837549388409e-03 5.628138780593872070e-02 3.551748022437095642e-02 1.354034841060638428e-01 6.492518633604049683e-02 1.305568218231201172e-01 3.532394766807556152e-02 1.214538887143135071e-02 1.681183697655797005e-03 8.761438727378845215e-02 3.711546584963798523e-02 1.638882458209991455e-01 4.066916182637214661e-03 5.418952088803052902e-03 4.610757902264595032e-02 1.364624500274658203e-02 6.374289095401763916e-02 2.301586233079433441e-02 8.466834202408790588e-03 4.268186166882514954e-03 8.880097419023513794e-03 2.491487562656402588e-02 8.998832665383815765e-03 6.395281292498111725e-03 3.190721571445465088e-02 2.639211155474185944e-02 5.742999911308288574e-02 3.282503783702850342e-02 2.170465141534805298e-02 1.392774516716599464e-03 3.130991477519273758e-03 3.839647024869918823e-02 5.081121250987052917e-02 3.909150511026382446e-02 2.122810482978820801e-02 1.881906762719154358e-02 3.133076801896095276e-02 2.974840253591537476e-02 3.727740549948066473e-04 1.386362360790371895e-03 7.090302649885416031e-03 5.796058475971221924e-02 1.347497664391994476e-02 1.514153275638818741e-02 8.548071235418319702e-02 3.650515526533126831e-02 2.233582548797130585e-02 2.068612165749073029e-02 7.592801004648208618e-03 3.300750255584716797e-02 1.746509037911891937e-02 3.637215867638587952e-02 1.994004286825656891e-02 1.312073785811662674e-02 4.018121212720870972e-02 2.423335053026676178e-02 1.509976293891668320e-02 1.335835782811045647e-03 6.574342958629131317e-03 3.670107945799827576e-02 2.978591248393058777e-02 2.270820178091526031e-02 6.962482584640383720e-04 2.033482678234577179e-02 2.277524769306182861e-02 2.574092894792556763e-02 2.703653275966644287e-02 2.260355651378631592e-02 3.105119429528713226e-02 4.411452263593673706e-02 4.994791373610496521e-02 2.841450273990631104e-02 3.831469640135765076e-02 2.793785743415355682e-02 5.897042900323867798e-02 2.423617243766784668e-02 4.476802051067352295e-02 1.233100797981023788e-02 7.724133133888244629e-02 8.722116053104400635e-02 2.990058995783329010e-02 5.159346037544310093e-04 3.230861946940422058e-02 4.871666803956031799e-02 9.389371611177921295e-03 1.071961037814617157e-02 1.214138511568307877e-02 3.019218333065509796e-02 2.738246880471706390e-02 2.233081869781017303e-02 1.323013287037611008e-02 6.430834066122770309e-03 5.145951732993125916e-02 8.487539738416671753e-02 1.507038343697786331e-02 1.878660544753074646e-02 4.776518419384956360e-02 1.847951323725283146e-03 1.543203368782997131e-02 2.963165752589702606e-02 1.054487656801939011e-03 2.034815214574337006e-02 4.620636627078056335e-02 8.933723904192447662e-03 4.724773019552230835e-02 1.020952500402927399e-02 2.110207825899124146e-02 1.024187169969081879e-02 6.135718151926994324e-02 4.953014850616455078e-02 4.737421125173568726e-02 3.875115141272544861e-02 3.952375426888465881e-02 3.757350519299507141e-02
1.392484549432992935e-02 4.666892066597938538e-02 5.628138780593872070e-02 1.404632329940795898e-01 2.431587427854537964e-01 5.078118667006492615e-02 2.709040604531764984e-02 5.401305481791496277e-02 5.714822188019752502e-02 4.649829119443893433e-02 7.400548551231622696e-03 6.030318140983581543e-02 8.659343421459197998e-02 1.880335807800292969e-02 5.666391458362340927e-03 3.562218695878982544e-02 1.349655259400606155e-02 6.422185152769088745e-02 6.416586041450500488e-02 2.730465866625308990e-02 4.065618664026260376e-02 2.770704589784145355e-02 1.424861047416925430e-02 3.955902159214019775e-02 1.154338940978050232e-02 7.832483202219009399e-02 3.526433929800987244e-02 7.579913735389709473e-02 3.823835775256156921e-02 1.643000356853008270e-02 2.758522145450115204e-02 3.123136982321739197e-02 4.466467350721359253e-02 3.674420760944485664e-03 7.766214013099670410e-02 2.585975825786590576e-02 4.824767261743545532e-02 3.052928112447261810e-02 1.880507171154022217e-01 4.123513773083686829e-02 5.168368294835090637e-02 1.466487254947423935e-02 6.318777054548263550e-02 3.834450850263237953e-03 5.167653039097785950e-02 1.987190358340740204e-02 3.365250304341316223e-02 2.289291843771934509e-02 7.006554305553436279e-02 1.524174679070711136e-02 2.973328530788421631e-02 2.593349106609821320e-02 5.096914619207382202e-02 1.430966239422559738e-02 2.825482189655303955e-02 5.052962806075811386e-03 3.107100725173950195e-02 2.196515165269374847e-02 6.121232174336910248e-03 5.105596780776977539e-02 6.464165449142456055e-02 2.531169354915618896e-02 5.202927812933921814e-02 9.406720846891403198e-02 3.364232927560806274e-02 2.601787215098738670e-03 2.809521183371543884e-02 3.131082653999328613e-02 8.209739811718463898e-03 2.909763902425765991e-02 4.023686051368713379e-02 9.923133999109268188e-03 1.649871617555618286e-01 2.632584236562252045e-02 1.276599615812301636e-01 1.285236235707998276e-02 1.575324684381484985e-02 1.417071279138326645e-02 6.192618235945701599e-02 3.350326791405677795e-02 2.428377233445644379e-02 2.477011294104158878e-04 1.487176418304443359e-01 2.162433788180351257e-02 5.792398378252983093e-02 1.790186204016208649e-02 3.941776603460311890e-02 2.212114399299025536e-03 2.524201385676860809e-02 5.252625793218612671e-02 2.045597508549690247e-02 1.725991815328598022e-02 4.628153145313262939e-02 1.707796193659305573e-02 3.953928500413894653e-02 3.469499200582504272e-02 9.592463262379169464e-03 2.785049565136432648e-02 8.232321590185165405e-03 2.167765051126480103e-02 1.024219859391450882e-02 1.862166076898574829e-02 1.581802498549222946e-03 3.591004014015197754e-02 3.233329951763153076e-02 4.874310921877622604e-03 1.502246223390102386e-02 1.291064918041229248e-02 2.857087552547454834e-02 1.950487308204174042e-02 2.909860201179981232e-02 4.835842549800872803e-02 4.567750170826911926e-02 4.744148813188076019e-03 4.663714766502380371e-02 5.150096956640481949e-03
2.459438703954219818e-02 5.583675950765609741e-02 3.551748022437095642e-02 2.431587427854537964e-01 6.973793357610702515e-02 4.673295654356479645e-03 2.274561673402786255e-02 3.296222910284996033e-02 4.050951451063156128e-02 5.536669120192527771e-02 2.957605384290218353e-02 9.298172593116760254e-02 8.574949949979782104e-02 1.604376174509525299e-02 8.301586844027042389e-03 4.567252472043037415e-02 2.784449234604835510e-02 5.410619080066680908e-02 5.827470123767852783e-02 4.596910625696182251e-02 3.553671762347221375e-02 3.152620047330856323e-02 4.208992049098014832e-02 6.102505605667829514e-03 3.727942937985062599e-03 1.455393061041831970e-02 2.342743799090385437e-02 4.142643883824348450e-02 1.149295084178447723e-02 6.695585697889328003e-02 2.756772562861442566e-02 2.634399570524692535e-02 8.948486298322677612e-02 3.431086661294102669e-03 7.923036068677902222e-02 3.009908273816108704e-02 1.075032502412796021e-01 2.997249923646450043e-02 1.085315942764282227e-01 7.697676122188568115e-02 5.829568952322006226e-02 2.385234832763671875e-02 7.635376881808042526e-03 3.369003999978303909e-03 1.451389584690332413e-02 4.711846262216567993e-02 2.830804511904716492e-02 5.173990875482559204e-02 4.830465465784072876e-02 3.404634539037942886e-03 3.522740304470062256e-02 2.502145431935787201e-02 5.178925767540931702e-02 4.983028769493103027e-02 2.854935266077518463e-02 2.353081852197647095e-02 2.356764487922191620e-02 5.297692492604255676e-02 8.828956633806228638e-03 1.047050356864929199e-01 2.703226916491985321e-02 1.696883887052536011e-02 8.789180964231491089e-02 1.620315248146653175e-03 8.846021257340908051e-03 5.152913555502891541e-02 3.217360377311706543e-02 3.005058038979768753e-03 2.581325918436050415e-02 4.061688110232353210e-02 5.166763067245483398e-02 4.568228498101234436e-02 6.034111604094505310e-03 2.733257226645946503e-02 1.274257153272628784e-01 1.542453654110431671e-03 3.408682346343994141e-02 2.831303887069225311e-02 1.303557865321636200e-02 3.224730491638183594e-02 4.204462096095085144e-02 1.246987283229827881e-02 1.290202885866165161e-01 2.499226927757263184e-01 2.310545928776264191e-02 2.087041735649108887e-02 2.748142369091510773e-02 2.184110879898071289e-02 3.265092521905899048e-02 3.899810835719108582e-02 2.570486068725585938e-02 2.674535848200321198e-02 8.454635739326477051e-02 1.395361311733722687e-02 2.632094174623489380e-02 3.773301094770431519e-02 3.072728775441646576e-02 2.474137954413890839e-02 3.653090447187423706e-02 6.226236000657081604e-03 2.677050046622753143e-02 6.103275716304779053e-02 2.517605759203433990e-02 5.968168377876281738e-03 6.782869994640350342e-02 3.429397183936089277e-04 5.975741520524024963e-02 1.319097355008125305e-02 2.142220735549926758e-02 3.755333647131919861e-02 5.267642810940742493e-02 1.589938811957836151e-02 2.136539854109287262e-02 2.936345711350440979e-02 3.934680426027625799e-04 5.300130695104598999e-02
1.038562878966331482e-01 2.128551155328750610e-01 1.354034841060638428e-01 5.078118667006492615e-02 4.673295654356479645e-03 1.038021892309188843e-01 1.561419516801834106e-01 4.202474281191825867e-02 3.281192481517791748e-02 4.678159952163696289e-03 5.414434894919395447e-02 6.001842394471168518e-02 8.755234628915786743e-02 5.936807394027709961e-02 8.976317476481199265e-04 7.676846347749233246e-03 2.466086996719241142e-03 3.869480267167091370e-02 7.925745844841003418e-02 4.279234446585178375e-03 9.042891860008239746e-02 5.036158859729766846e-02 1.568234115839004517e-01 1.004540324211120605e-01 2.749553881585597992e-02 5.040838569402694702e-02 4.974995180964469910e-02 4.581951722502708435e-02 6.341367959976196289e-02 6.527122110128402710e-02 6.986641883850097656e-02 1.110501401126384735e-02 4.388036578893661499e-02 6.967291235923767090e-02 4.076078534126281738e-02 3.128635138273239136e-02 3.478231281042098999e-02 4.760292917490005493e-02 2.014540880918502808e-02 1.014780402183532715e-01 9.830418974161148071e-02 4.235296696424484253e-02 1.975394785404205322e-02 7.820463925600051880e-02 1.140154059976339340e-02 3.183980658650398254e-02 2.038499563932418823e-01 6.156927719712257385e-02 6.422694772481918335e-02 6.087783724069595337e-02 2.232242003083229065e-02 4.939142614603042603e-02 4.224297404289245605e-02 3.644047677516937256e-02 1.308311941102147102e-03 2.266625314950942993e-02 7.217475771903991699e-02 3.578199446201324463e-02 2.760418865364044905e-04 5.728940293192863464e-02 4.029753617942333221e-03 1.029240526258945465e-02 2.873125486075878143e-02 1.104049198329448700e-02 9.322769194841384888e-02 3.829479590058326721e-02 4.441920318640768528e-04 2.444145828485488892e-02 3.129277005791664124e-02 3.434552624821662903e-02 6.991589441895484924e-03 9.741140902042388916e-02 6.352829933166503906e-02 1.663791574537754059e-02 1.023161457851529121e-03 7.208764553070068359e-02 1.748689450323581696e-02 7.699172198772430420e-02 2.600485272705554962e-02 6.322147697210311890e-02 3.267720714211463928e-02 2.622214378789067268e-03 7.116138190031051636e-02 2.709504589438438416e-02 8.106115274131298065e-03 6.168123334646224976e-02 2.845790423452854156e-02 4.794317111372947693e-02 3.548639267683029175e-02 4.558277875185012817e-02 2.170814387500286102e-02 5.618455260992050171e-02 8.497773855924606323e-02 3.679066896438598633e-02 4.871120303869247437e-02 4.770220816135406494e-02 5.649254098534584045e-02 1.337326597422361374e-02 6.636200845241546631e-02 1.061686221510171890e-02 3.012871742248535156e-02 9.991870261728763580e-03 3.717287629842758179e-02 2.777747437357902527e-02 2.115631662309169769e-02 3.909661993384361267e-02 3.919208794832229614e-02 7.699422538280487061e-02 7.721234578639268875e-03 6.526014953851699829e-02 5.525548383593559265e-02 5.207907781004905701e-02 7.080615498125553131e-03 6.233197636902332306e-03 2.840550988912582397e-02 7.005999330431222916e-03
1.646202802658081055e-02 4.712351784110069275e-02 6.492518633604049683e-02 2.709040604531764984e-02 2.274561673402786255e-02 1.561419516801834106e-01 1.330152153968811035e-01 5.604813247919082642e-02 2.873260714113712311e-02 1.409136690199375153e-02 6.593490391969680786e-02 5.144232418388128281e-03 1.480027288198471069e-01 6.510706990957260132e-02 5.652259103953838348e-03 5.262386053800582886e-03 1.685370923951268196e-03 4.684725776314735413e-03 5.000522360205650330e-02 4.804782103747129440e-03 1.810333505272865295e-02 1.181399915367364883e-02 7.154196035116910934e-03 5.266973376274108887e-02 9.172683348879218102e-04 5.399828776717185974e-03 1.260830163955688477e-01 2.666703984141349792e-02 2.824634686112403870e-02 1.381610780954360962e-01 8.507608622312545776e-02 3.143224865198135376e-02 2.989178057760000229e-03 3.682425618171691895e-02 4.959080833941698074e-03 2.611058950424194336e-02 7.553702685981988907e-03 4.573107883334159851e-02 3.918259218335151672e-02 2.636533230543136597e-02 2.560547925531864166e-02 4.014234989881515503e-02 5.719681456685066223e-02 3.557865694165229797e-02 8.634299971163272858e-03 4.104696214199066162e-02 3.740631788969039917e-02 4.467239081859588623e-01 3.720066323876380920e-02 3.545913845300674438e-02 3.749217838048934937e-02 4.808956384658813477e-02 1.793052814900875092e-02 3.569948300719261169e-02 1.407846622169017792e-02 4.943724349141120911e-02 7.324948161840438843e-02 4.996272549033164978e-02 3.902178257703781128e-02 5.586172640323638916e-02 4.902186803519725800e-03 9.358902461826801300e-03 3.758213296532630920e-02 2.354591712355613708e-02 6.011161953210830688e-02 5.169627442955970764e-02 1.332607120275497437e-03 3.055472671985626221e-02 3.383566066622734070e-02 1.553228683769702911e-02 8.007807657122612000e-03 2.502545900642871857e-02 3.311859443783760071e-02 3.378290683031082153e-02 3.046239353716373444e-02 6.244616582989692688e-02 3.990872204303741455e-02 6.285153795033693314e-03 2.541500516235828400e-02 5.889184027910232544e-02 2.885041758418083191e-02 9.197311848402023315e-02 4.818154498934745789e-02 2.687327563762664795e-02 9.586001932621002197e-02 2.604931592941284180e-02 4.029148444533348083e-02 2.181986533105373383e-02 1.026923507452011108e-01 2.492986619472503662e-01 1.454646699130535126e-02 7.040782948024570942e-04 7.865969836711883545e-02 3.591487556695938110e-02 4.039133340120315552e-02 4.520010948181152344e-02 3.750814497470855713e-02 5.498344544321298599e-03 4.653146862983703613e-02 5.735900998115539551e-02 4.796972125768661499e-02 5.194002762436866760e-02 8.565995097160339355e-02 2.046249434351921082e-02 1.422872394323348999e-01 3.964091464877128601e-02 1.128454431891441345e-01 2.792261913418769836e-02 2.989070955663919449e-03 7.868245989084243774e-02 1.079699769616127014e-02 4.014204069972038269e-02 2.906382083892822266e-02 5.072036292403936386e-03 5.301718786358833313e-02 2.623041719198226929e-02
8.543276344425976276e-04 1.471858844161033630e-02 1.305568218231201172e-01 5.401305481791496277e-02 3.296222910284996033e-02 4.202474281191825867e-02 5.604813247919082642e-02 6.847536563873291016e-02 3.988994751125574112e-03 2.083352021872997284e-02 3.228733688592910767e-02 3.289782255887985229e-02 2.825105562806129456e-03 3.903572261333465576e-02 1.070485934615135193e-01 1.073431503027677536e-02 4.219170659780502319e-02 1.394441118463873863e-03 2.350737340748310089e-02 5.891843140125274658e-02 1.535265613347291946e-02 7.160595804452896118e-02 2.734261564910411835e-02 1.127178780734539032e-02 2.328683249652385712e-02 3.937775641679763794e-02 5.366789549589157104e-02 7.531489711254835129e-03 2.838691882789134979e-02 8.370953612029552460e-03 2.282709442079067230e-02 1.476485515013337135e-03 4.289639741182327271e-02 8.202645927667617798e-03 1.303957030177116394e-02 4.451264813542366028e-02 5.355424806475639343e-02 1.780181378126144409e-02 1.935992948710918427e-02 9.700427763164043427e-03 4.773829132318496704e-02 2.881417050957679749e-02 2.622959017753601074e-02 3.288388624787330627e-02 1.323703397065401077e-02 4.435760527849197388e-02 4.580845416057854891e-04 5.622694641351699829e-02 4.192883148789405823e-03 1.530459267087280750e-04 5.111291259527206421e-02 4.096290096640586853e-02 4.696640744805335999e-02 1.524073071777820587e-02 5.472416989505290985e-03 2.743229502812027931e-03 1.972672156989574432e-02 2.197358198463916779e-02 1.319828908890485764e-02 8.338379859924316406e-02 4.289539530873298645e-03 2.182442136108875275e-02 2.835571579635143280e-02 8.444886654615402222e-03 4.590480774641036987e-02 2.298920042812824249e-02 2.075820602476596832e-02 4.092513397336006165e-02 3.113960288465023041e-02 2.836820669472217560e-02 2.148824569303542376e-05 4.804707691073417664e-02 1.382746547460556030e-02 7.607720047235488892e-02 6.925873458385467529e-02 9.354618377983570099e-03 3.331624902784824371e-04 9.014454670250415802e-03 2.894337289035320282e-02 5.160132423043251038e-02 1.169027164578437805e-01 6.231602281332015991e-02 1.557465363293886185e-02 2.638033777475357056e-02 4.727746918797492981e-02 1.951076090335845947e-02 1.159103885293006897e-01 6.235477700829505920e-02 2.910132892429828644e-02 8.396651595830917358e-03 4.994398728013038635e-02 2.496439404785633087e-02 7.965425960719585419e-03 2.698611840605735779e-02 2.640336193144321442e-02 5.705074593424797058e-02 3.773237019777297974e-02 1.308805868029594421e-02 3.495607525110244751e-02 3.865255415439605713e-02 1.820916123688220978e-02 1.491520320996642113e-03 2.050868794322013855e-02 6.182663142681121826e-03 3.584743663668632507e-02 1.724063791334629059e-02 3.817839920520782471e-02 3.913064301013946533e-02 3.117605112493038177e-02 1.304002106189727783e-02 5.637611728161573410e-03 1.298990938812494278e-02 3.590067848563194275e-03 1.489854068495333195e-03 3.477187454700469971e-02 4.275967553257942200e-02
3.738538175821304321e-02 3.533917665481567383e-02 3.532394766807556152e-02 5.714822188019752502e-02 4.050951451063156128e-02 3.281192481517791748e-02 2.873260714113712311e-02 3.988994751125574112e-03 6.445586681365966797e-02 5.727045610547065735e-02 3.855478391051292419e-02 6.940062623471021652e-03 8.870831690728664398e-03 3.000203892588615417e-02 1.270011765882372856e-03 1.528192963451147079e-02 4.924841970205307007e-02 3.366383165121078491e-02 3.242950141429901123e-02 4.598507285118103027e-02 4.528513178229331970e-02 8.894546772353351116e-04 6.248966977000236511e-02 1.250892598181962967e-02 2.288893237709999084e-02 1.171269360929727554e-02 7.001758553087711334e-03 2.739108353853225708e-02 5.870689451694488525e-02 6.062884256243705750e-02 7.525725755840539932e-03 6.858015432953834534e-03 4.221495240926742554e-02 5.539385136216878891e-03 3.006157930940389633e-03 2.339543588459491730e-02 1.037844736129045486e-02 2.027011103928089142e-02 7.164189219474792480e-02 1.493930350989103317e-02 1.500716153532266617e-02 6.629519164562225342e-02 5.092895589768886566e-04 2.255078032612800598e-02 6.113950535655021667e-02 3.808316215872764587e-02 7.402272522449493408e-02 2.076841890811920166e-02 4.771718755364418030e-02 1.469617243856191635e-02 5.510127171874046326e-02 3.396605700254440308e-02 3.509849309921264648e-02 4.614493995904922485e-02 6.223055347800254822e-02 1.929073408246040344e-02 3.991502895951271057e-02 6.443466059863567352e-03 3.551568835973739624e-02 3.010814264416694641e-02 6.044185254722833633e-03 5.875667091459035873e-03 1.350035145878791809e-02 1.960299722850322723e-02 1.072760112583637238e-02 8.511971682310104370e-03 3.144001215696334839e-02 5.993752554059028625e-02 1.992321945726871490e-02 2.827986702322959900e-02 9.215331636369228363e-03 6.562104076147079468e-02 5.088677629828453064e-02 5.687593016773462296e-03 1.246907282620668411e-02 5.415616929531097412e-02 1.222962737083435059e-01 3.031454049050807953e-02 6.319011002779006958e-02 3.993700817227363586e-02 7.986689917743206024e-03 2.060938253998756409e-02 6.020054966211318970e-02 7.812976092100143433e-02 2.177261747419834137e-02 2.519622817635536194e-02 5.773270037025213242e-03 1.219541206955909729e-02 2.021630667150020599e-02 3.189703077077865601e-02 5.566526670008897781e-03 1.241802703589200974e-02 1.640987582504749298e-02 3.211604803800582886e-02 9.677334688603878021e-03 1.151779107749462128e-02 1.220611482858657837e-02 4.939598962664604187e-02 4.623248428106307983e-02 2.478425391018390656e-02 5.242992658168077469e-03 2.919755410403013229e-03 5.938758607953786850e-03 3.853876143693923950e-02 2.807166799902915955e-02 2.534142881631851196e-02 4.279365390539169312e-02 2.068302594125270844e-02 2.610859926789999008e-03 2.470745891332626343e-02 1.531410869210958481e-02 4.272526502609252930e-02 3.441803157329559326e-03 5.821100436151027679e-03 1.659584604203701019e-02 1.745232194662094116e-02
4.836254939436912537e-02 1.138707343488931656e-02 1.214538887143135071e-02 4.649829119443893433e-02 5.536669120192527771e-02 4.678159952163696289e-03 1.409136690199375153e-02 2.083352021872997284e-02 5.727045610547065735e-02 6.639587879180908203e-02 1.874781213700771332e-02 1.482068281620740891e-02 4.823393002152442932e-02 9.580939076840877533e-03 3.634220361709594727e-02 4.987413063645362854e-02 1.581241935491561890e-02 2.191254310309886932e-02 3.109922073781490326e-02 3.816311247646808624e-03 5.780619382858276367e-02 4.956703167408704758e-03 2.267542667686939240e-02 1.130217388272285461e-01 1.110596861690282822e-02 9.055485017597675323e-03 1.358766341581940651e-03 5.206563696265220642e-02 7.564993947744369507e-02 4.907895345240831375e-03 1.537224929779767990e-02 2.120039984583854675e-02 4.984758328646421432e-03 5.111572891473770142e-02 2.376103401184082031e-02 2.414317103102803230e-03 1.685238792560994625e-03 1.013824064284563065e-02 3.116083331406116486e-02 3.350943326950073242e-02 7.762624882161617279e-03 4.469540715217590332e-02 2.557547390460968018e-02 1.322311069816350937e-02 4.172169044613838196e-02 2.235773764550685883e-02 4.034296050667762756e-02 2.118103392422199249e-02 3.832035884261131287e-02 4.886462911963462830e-02 1.869879290461540222e-02 1.640376262366771698e-02 7.332627661526203156e-03 4.892984870821237564e-03 3.210346028208732605e-02 6.356409937143325806e-02 6.107871606945991516e-02 5.142286419868469238e-02 1.115785352885723114e-02 1.082954276353120804e-02 1.251250505447387695e-03 1.048202067613601685e-02 1.865946687757968903e-02 3.297507017850875854e-02 6.533126346766948700e-03 3.438117355108261108e-02 2.537203393876552582e-02 3.176815807819366455e-04 1.538777165114879608e-02 4.316133260726928711e-02 9.914491325616836548e-02 3.209146484732627869e-02 4.697236791253089905e-02 4.427596181631088257e-02 3.848051652312278748e-02 4.424647893756628036e-03 6.455946248024702072e-03 1.514721959829330444e-01 3.782885521650314331e-02 8.734008669853210449e-02 2.540606539696455002e-03 4.574520140886306763e-02 1.819510944187641144e-02 3.756801411509513855e-02 2.095029503107070923e-02 1.024434491991996765e-01 1.701260916888713837e-02 4.769534617662429810e-02 2.363921888172626495e-02 3.890626877546310425e-02 2.000462496653199196e-03 5.144916847348213196e-02 4.283258318901062012e-02 2.097976859658956528e-03 2.638923190534114838e-02 2.640860714018344879e-02 1.699839485809206963e-03 2.194839157164096832e-02 2.673279494047164917e-02 4.951880499720573425e-02 1.654928177595138550e-02 1.079726777970790863e-02 1.956073334440588951e-03 1.659384556114673615e-02 2.664738334715366364e-02 8.576477877795696259e-03 6.462021730840206146e-03 3.888594731688499451e-02 1.903915405273437500e-02 1.153183821588754654e-02 2.603920735418796539e-02 2.066075336188077927e-03 1.974453777074813843e-02 1.990074664354324341e-02 3.593535721302032471e-02 3.198376297950744629e-02
2.350080013275146484e-01 5.185580998659133911e-02 1.681183697655797005e-03 7.400548551231622696e-03 2.957605384290218353e-02 5.414434894919395447e-02 6.593490391969680786e-02 3.228733688592910767e-02 3.855478391051292419e-02 1.874781213700771332e-02 1.806953549385070801e-02 4.423648491501808167e-02 2.444080449640750885e-02 5.211451649665832520e-02 1.132370345294475555e-02 2.751759067177772522e-02 7.503686100244522095e-02 2.319819480180740356e-02 7.801626622676849365e-02 2.991903759539127350e-02 1.265558972954750061e-02 2.150553278625011444e-02 1.115545351058244705e-02 1.835568249225616455e-02 2.398354932665824890e-02 5.905198398977518082e-03 1.926092244684696198e-02 5.247261840850114822e-03 2.241180650889873505e-02 1.755932904779911041e-02 4.277426749467849731e-02 1.965736597776412964e-02 5.225407704710960388e-02 3.998298197984695435e-02 2.279870025813579559e-02 9.487113356590270996e-02 3.429449861869215965e-03 6.511996686458587646e-02 3.290572762489318848e-02 1.042171195149421692e-02 5.030148103833198547e-02 2.719902060925960541e-02 9.264983236789703369e-03 7.821501791477203369e-02 5.961589515209197998e-02 4.903411027044057846e-03 1.151792258024215698e-01 9.833861887454986572e-02 2.832043357193470001e-02 3.147934330627322197e-03 4.204941540956497192e-02 3.365400806069374084e-02 5.558732897043228149e-02 3.043732605874538422e-02 8.577822707593441010e-03 1.110024191439151764e-02 1.564667001366615295e-02 4.212399572134017944e-02 7.782997190952301025e-02 4.280754923820495605e-02 3.777172416448593140e-02 1.036916114389896393e-02 4.128423333168029785e-02 3.153827413916587830e-02 1.168397534638643265e-02 1.746277697384357452e-02 2.055440656840801239e-02 1.509655453264713287e-02 6.760231684893369675e-03 3.197618573904037476e-02 4.262723401188850403e-02 3.521762788295745850e-02 3.912213072180747986e-02 3.443928062915802002e-02 3.816632553935050964e-02 8.981917053461074829e-03 5.016688629984855652e-02 5.457974970340728760e-03 5.161899700760841370e-02 6.137247756123542786e-02 1.628085784614086151e-02 3.311758860945701599e-02 8.384186774492263794e-03 4.207228310406208038e-03 3.349205106496810913e-02 1.173231936991214752e-02 1.326066255569458008e-02 8.125414699316024780e-02 3.421862423419952393e-02 2.849543280899524689e-02 6.663988530635833740e-02 1.041817851364612579e-02 3.801167756319046021e-02 3.585365414619445801e-02 5.484481528401374817e-02 1.375690475106239319e-02 2.196462824940681458e-02 7.861198857426643372e-03 1.194039359688758850e-02 8.749620988965034485e-03 2.906323596835136414e-02 1.443041022866964340e-02 2.568286145105957985e-03 7.014226168394088745e-02 3.341824049130082130e-03 4.244265332818031311e-02 5.976098403334617615e-02 5.477634258568286896e-03 2.415951900184154510e-02 6.205383688211441040e-02 2.235415577888488770e-02 6.019603461027145386e-02 4.510557651519775391e-02 4.975219815969467163e-02 3.540343046188354492e-02 4.933365806937217712e-02
4.619443044066429138e-02 6.046960502862930298e-02 8.761438727378845215e-02 6.030318140983581543e-02 9.298172593116760254e-02 6.001842394471168518e-02 5.144232418388128281e-03 3.289782255887985229e-02 6.940062623471021652e-03 1.482068281620740891e-02 4.423648491501808167e-02 7.820704579353332520e-02 8.724480122327804565e-02 3.034287393093109131e-01 3.821814060211181641e-02 7.216322701424360275e-03 2.757055452093482018e-03 2.902744710445404053e-02 8.079685270786285400e-02 9.443309158086776733e-03 8.243400370702147484e-04 6.433123350143432617e-02 1.853208094835281372e-01 1.438819169998168945e-01 3.119033761322498322e-02 8.990578935481607914e-04 4.675505682826042175e-03 2.456804178655147552e-02 1.100245714187622070e-01 2.296972647309303284e-02 8.778150659054517746e-04 5.841340869665145874e-02 3.176659718155860901e-02 2.270579524338245392e-02 2.433574013411998749e-02 4.629258066415786743e-02 2.972195856273174286e-02 1.829781569540500641e-02 2.632816694676876068e-02 3.411904722452163696e-02 2.012044750154018402e-02 2.800383232533931732e-02 2.983244135975837708e-02 1.080394312739372253e-01 1.096500605344772339e-01 1.719421148300170898e-02 6.904359906911849976e-02 3.577249823138117790e-03 5.669201537966728210e-02 3.763705119490623474e-02 1.586062833666801453e-02 2.355655096471309662e-02 1.864182297140359879e-03 1.070899143815040588e-02 3.875381499528884888e-02 5.103540606796741486e-03 1.200728584080934525e-02 5.280571430921554565e-02 7.708158344030380249e-02 5.256501026451587677e-03 5.056390911340713501e-02 8.776316791772842407e-02 1.704154536128044128e-02 2.289489097893238068e-02 3.631440922617912292e-02 1.276488997973501682e-03 2.943491004407405853e-02 2.720976248383522034e-02 2.893585711717605591e-03 1.315615419298410416e-02 4.888106137514114380e-02 6.659355945885181427e-03 6.299422681331634521e-02 3.654741216450929642e-03 2.818511426448822021e-02 3.702097339555621147e-03 1.352729462087154388e-02 6.914667785167694092e-02 2.856649644672870636e-02 5.592320486903190613e-02 1.008211448788642883e-02 7.674352824687957764e-02 8.657197654247283936e-02 7.156910002231597900e-02 1.662323251366615295e-02 7.935256510972976685e-02 1.190437842160463333e-02 3.597331419587135315e-02 6.020779535174369812e-02 7.864283397793769836e-03 1.037664525210857391e-02 7.595838047564029694e-03 1.627314649522304535e-02 6.435856223106384277e-02 1.365611609071493149e-02 4.017120599746704102e-02 1.984261535108089447e-02 4.471033439040184021e-02 2.578652231022715569e-03 6.961121410131454468e-02 3.858106955885887146e-02 6.119318306446075439e-02 1.654671132564544678e-02 3.405829891562461853e-03 1.410730066709220409e-03 1.729593984782695770e-02 1.378701254725456238e-02 2.142444439232349396e-02 4.973276704549789429e-02 3.318256465718150139e-03 3.706257790327072144e-02 4.591876268386840820e-02 7.000342942774295807e-03 8.681062608957290649e-02 2.197035821154713631e-03 1.060584373772144318e-02
7.752975821495056152e-02 2.967507243156433105e-01 3.711546584963798523e-02 8.659343421459197998e-02 8.574949949979782104e-02 8.755234628915786743e-02 1.480027288198471069e-01 2.825105562806129456e-03 8.870831690728664398e-03 4.823393002152442932e-02 2.444080449640750885e-02 8.724480122327804565e-02 9.517569839954376221e-02 9.712097793817520142e-02 4.286463186144828796e-02 4.673175513744354248e-02 6.241349503397941589e-02 6.203477270901203156e-03 1.814454421401023865e-02 9.526866674423217773e-02 2.687805891036987305e-02 4.128536581993103027e-02 9.180567227303981781e-03 2.434690110385417938e-02 6.136141251772642136e-03 4.136611707508563995e-03 6.365942955017089844e-02 3.620357811450958252e-02 3.446503728628158569e-02 4.160477593541145325e-02 3.674720600247383118e-02 6.926728878170251846e-03 4.426311701536178589e-02 4.393421113491058350e-02 1.055992860347032547e-02 2.035184763371944427e-02 3.553247451782226562e-02 1.003261283040046692e-01 4.783783853054046631e-02 6.649468839168548584e-02 5.452762916684150696e-02 3.078998439013957977e-02 5.889653041958808899e-02 5.140418186783790588e-02 3.924488555639982224e-03 5.683448910713195801e-02 1.866130977869033813e-01 2.384592965245246887e-02 1.342403702437877655e-02 2.771844342350959778e-02 1.432165037840604782e-02 5.311306938529014587e-02 6.018197908997535706e-02 4.240145161747932434e-02 2.592180855572223663e-02 3.056933172047138214e-02 6.248424202203750610e-02 5.338869243860244751e-02 1.872098818421363831e-02 7.023048587143421173e-03 6.039132177829742432e-02 3.564494103193283081e-02 1.709236018359661102e-02 3.901445865631103516e-02 8.730161003768444061e-03 2.164809964597225189e-02 2.088724821805953979e-02 3.295821696519851685e-02 8.364433422684669495e-03 4.789924249053001404e-02 3.705427423119544983e-02 8.141329884529113770e-02 3.178052604198455811e-02 4.816370457410812378e-02 2.629397064447402954e-02 5.357022862881422043e-03 1.895542629063129425e-02 5.860842019319534302e-02 3.082874044775962830e-02 5.366154015064239502e-02 4.882627725601196289e-02 3.700269758701324463e-02 2.905545383691787720e-02 1.070230919867753983e-02 5.730901286005973816e-02 6.480046547949314117e-03 1.480486593209207058e-03 5.836415290832519531e-02 9.961684234440326691e-03 1.568748056888580322e-01 3.775700181722640991e-02 1.202957425266504288e-02 4.262778535485267639e-02 6.534661352634429932e-02 4.979111626744270325e-02 2.091321349143981934e-02 1.758409291505813599e-02 4.884133860468864441e-02 1.503825094550848007e-02 6.504713743925094604e-02 3.299472108483314514e-02 3.211684152483940125e-02 8.733137696981430054e-02 1.662664860486984253e-02 6.175798922777175903e-02 2.190011553466320038e-02 3.066512010991573334e-02 4.861915484070777893e-02 2.587027661502361298e-02 1.166023779660463333e-02 5.526707321405410767e-02 3.759200219064950943e-03 1.635518111288547516e-02 3.124175127595663071e-03 3.540327399969100952e-02 8.224096149206161499e-03
