2.709633111953735352e-01 2.907294929027557373e-01 2.487004548311233521e-02 1.037113275378942490e-02 2.870615571737289429e-02 1.554361283779144287e-01 1.082436963915824890e-01 2.086015976965427399e-02 5.756843369454145432e-03 3.322999179363250732e-02 1.381994634866714478e-01 8.975823409855365753e-03 1.523276120424270630e-01 1.243381202220916748e-02 1.406442373991012573e-02 4.120461642742156982e-02 3.532586619257926941e-02 8.867600932717323303e-03 5.602423101663589478e-03 5.649185739457607269e-03 2.732279896736145020e-02 3.520757332444190979e-02 2.127592451870441437e-02 1.449430733919143677e-02 8.691227994859218597e-03 1.076688617467880249e-02 1.947914063930511475e-02 6.281951069831848145e-02 1.752008497714996338e-02 2.166255563497543335e-02 3.773983940482139587e-02 2.469079196453094482e-02 3.219959512352943420e-02 1.792978681623935699e-02 2.033345215022563934e-02 2.111902926117181778e-03 2.658770885318517685e-03 2.999046444892883301e-02 9.681680239737033844e-03 1.668171025812625885e-02 9.423252195119857788e-03 1.336744800209999084e-02 6.280616857111454010e-03 7.900836318731307983e-02 5.701962485909461975e-02 7.595942914485931396e-02 9.496128559112548828e-02 8.459559082984924316e-02 7.249573711305856705e-03 1.958738453686237335e-02 1.114368718117475510e-02 7.594161201268434525e-03 3.575387410819530487e-03 2.784235216677188873e-02 1.060549402609467506e-03 1.461980747990310192e-03 8.349943906068801880e-03 2.457551844418048859e-02 2.512967400252819061e-02 4.654263611882925034e-03 8.620722219347953796e-03 2.525763120502233505e-04 3.638986125588417053e-02 3.889121115207672119e-03 8.324026712216436863e-04 8.876400068402290344e-03 1.691967062652111053e-02 3.064037114381790161e-02 3.023678669705986977e-03 3.939681872725486755e-02 2.027678303420543671e-03 5.243587121367454529e-02 1.557383127510547638e-02 1.660701073706150055e-02 1.045087072998285294e-02 1.225549355149269104e-02 5.527565721422433853e-03 2.953647449612617493e-02 6.197630893439054489e-03 2.848356403410434723e-02 2.494459971785545349e-02 7.848385721445083618e-03 1.808007247745990753e-03 5.364867858588695526e-03 1.737002283334732056e-02 7.950959727168083191e-03 2.010031603276729584e-03 1.912033744156360626e-02 1.525813620537519455e-02 6.184997502714395523e-03 5.764835327863693237e-02 1.649301126599311829e-02 6.536612659692764282e-02 7.774236612021923065e-03 1.267457660287618637e-02 2.358368970453739166e-02 4.623989015817642212e-02 1.441463362425565720e-02 1.153051294386386871e-02 3.438089042901992798e-03 6.774338427931070328e-03 3.121457248926162720e-02 1.052727736532688141e-02 4.934534896165132523e-03 8.871070109307765961e-03 1.104319933801889420e-02 6.613234523683786392e-03 2.137840026989579201e-03 1.335915643721818924e-02 1.648195646703243256e-02 2.311247028410434723e-02 3.626313805580139160e-02 2.338709868490695953e-02 1.508466154336929321e-02 2.058632485568523407e-02 4.914707690477371216e-02
2.907294929027557373e-01 2.801181375980377197e-01 6.493539363145828247e-02 5.017196759581565857e-02 2.453151158988475800e-02 1.683640033006668091e-01 2.122715264558792114e-01 7.129146251827478409e-04 4.080374538898468018e-02 3.092778846621513367e-02 1.861845701932907104e-01 5.285898968577384949e-02 2.118969857692718506e-01 6.341946870088577271e-02 1.611175015568733215e-03 4.881776403635740280e-03 8.903359062969684601e-03 3.382709622383117676e-02 1.437189429998397827e-02 2.901480533182621002e-02 5.537053570151329041e-03 2.247045747935771942e-02 4.339204356074333191e-02 4.726067930459976196e-02 2.541947923600673676e-02 2.497438341379165649e-03 3.086802549660205841e-02 1.208793953992426395e-03 1.089977752417325974e-02 1.040905807167291641e-02 1.958869211375713348e-02 4.985000006854534149e-03 5.782222747802734375e-02 4.993278998881578445e-03 9.532852098345756531e-03 6.401057471521198750e-04 1.490748766809701920e-02 1.386467274278402328e-02 2.809641137719154358e-02 2.597097121179103851e-02 1.276555657386779785e-02 3.244387335143983364e-04 3.022367879748344421e-02 5.925738811492919922e-02 2.095887437462806702e-02 2.500967867672443390e-02 7.515422254800796509e-02 8.974153548479080200e-02 2.253358438611030579e-02 3.733654320240020752e-02 2.235981868579983711e-03 1.427151728421449661e-02 2.368439361453056335e-02 4.713604599237442017e-02 9.033165872097015381e-03 1.616486907005310059e-02 1.868815906345844269e-02 2.793683856725692749e-02 1.308339741080999374e-02 2.798694185912609100e-02 1.295458991080522537e-02 1.390084531158208847e-02 3.973179683089256287e-02 1.072672381997108459e-02 2.937859296798706055e-02 9.019266068935394287e-02 7.647620048373937607e-03 1.477412041276693344e-02 6.117321550846099854e-03 5.614194087684154510e-03 2.058495534583926201e-03 1.951182447373867035e-02 1.162600517272949219e-02 5.341663211584091187e-02 2.105750702321529388e-02 1.848090253770351410e-02 1.585330627858638763e-02 5.551309790462255478e-03 1.070643775165081024e-02 2.726752078160643578e-03 3.180720284581184387e-02 2.494041621685028076e-02 4.876231774687767029e-03 2.688113041222095490e-02 2.768967300653457642e-02 1.141336280852556229e-02 1.092359703034162521e-02 3.139693289995193481e-02 4.857406392693519592e-02 2.179720066487789154e-02 4.402513056993484497e-02 3.430423140525817871e-02 6.741210818290710449e-02 3.173055127263069153e-02 1.719265431165695190e-02 1.536289509385824203e-02 6.143379956483840942e-02 3.747014328837394714e-02 1.434847805649042130e-02 6.169225671328604221e-04 8.919751271605491638e-03 3.754494711756706238e-02 3.995456546545028687e-02 3.142004832625389099e-02 1.212984137237071991e-02 1.271980628371238708e-02 4.755125567317008972e-02 4.310825094580650330e-02 1.497046835720539093e-02 2.823495306074619293e-02 7.362351287156343460e-03 1.859358884394168854e-02 1.534531917423009872e-02 2.196440100669860840e-02 6.006345152854919434e-02 5.247365310788154602e-02
2.487004548311233521e-02 6.493539363145828247e-02 1.752668321132659912e-01 2.888680621981620789e-02 2.255312725901603699e-02 1.472602039575576782e-02 6.830480694770812988e-02 2.546765804290771484e-01 1.235571578145027161e-01 1.052239071577787399e-02 2.216969430446624756e-02 3.826344385743141174e-02 1.999327540397644043e-02 4.221908748149871826e-02 2.805041335523128510e-02 1.051509566605091095e-02 6.005753297358751297e-03 8.795411139726638794e-02 7.648380100727081299e-02 1.106137558817863464e-01 1.702578552067279816e-02 2.453227527439594269e-02 1.864720135927200317e-02 2.101381309330463409e-02 1.336473319679498672e-02 4.713706299662590027e-02 2.564682066440582275e-02 6.022501736879348755e-02 3.409493342041969299e-02 1.030175015330314636e-02 1.293160952627658844e-03 4.741889238357543945e-02 5.320987477898597717e-02 1.549625676125288010e-02 4.617037251591682434e-02 1.119700819253921509e-02 6.414663046598434448e-02 3.984215483069419861e-02 6.846112082712352276e-04 3.198290988802909851e-02 7.955356268212199211e-04 2.300797216594219208e-02 5.896803736686706543e-02 1.597406715154647827e-02 2.925582230091094971e-03 3.174449130892753601e-02 4.117261990904808044e-02 1.605405472218990326e-02 6.451558321714401245e-02 1.779855601489543915e-02 7.383274496532976627e-04 5.955374985933303833e-02 2.715216018259525299e-02 4.162971302866935730e-02 1.132580339908599854e-01 3.645543009042739868e-02 4.366753250360488892e-02 6.431879475712776184e-03 1.468688994646072388e-02 3.562659397721290588e-02 5.227362737059593201e-02 6.814830936491489410e-03 2.146197669208049774e-02 2.238254237454384565e-04 1.480813417583703995e-02 3.409319370985031128e-02 1.925718970596790314e-02 4.890801012516021729e-02 1.398878358304500580e-02 3.378706425428390503e-02 5.398797336965799332e-03 2.825528196990489960e-02 1.996594667434692383e-02 3.347742184996604919e-02 5.837166681885719299e-02 4.923208430409431458e-02 8.085840195417404175e-02 4.657439514994621277e-02 5.355297774076461792e-02 7.623048126697540283e-02 1.687256693840026855e-01 1.741571724414825439e-01 1.805581711232662201e-02 5.740918964147567749e-02 1.185779646039009094e-02 3.773659467697143555e-02 4.769986867904663086e-02 4.675393924117088318e-02 1.615728810429573059e-02 5.007780343294143677e-02 1.386446994729340076e-03 1.901175640523433685e-02 4.295121878385543823e-02 4.968113824725151062e-02 5.013164132833480835e-02 2.959066070616245270e-02 4.127475246787071228e-02 2.304314635694026947e-03 4.485027492046356201e-02 4.322553053498268127e-02 8.230415731668472290e-02 6.886575371026992798e-03 1.777272298932075500e-02 5.472498387098312378e-02 7.823047228157520294e-03 2.937613055109977722e-02 1.618245616555213928e-02 3.211261704564094543e-02 5.718065798282623291e-02 3.524390608072280884e-02 3.203634917736053467e-02 3.694619610905647278e-02 1.409707008861005306e-03 4.317617788910865784e-02 2.212768420577049255e-03 1.581118069589138031e-02
1.037113275378942490e-02 5.017196759581565857e-02 2.888680621981620789e-02 2.109292447566986084e-01 2.081972509622573853e-01 3.556627035140991211e-02 1.770057156682014465e-02 4.543009679764509201e-03 3.066721186041831970e-02 7.748223375529050827e-03 2.286317430844064802e-05 3.586960583925247192e-02 2.732107415795326233e-02 3.615614026784896851e-02 1.067202445119619370e-02 3.570335451513528824e-03 1.989049091935157776e-02 1.038192212581634521e-02 4.212671890854835510e-03 3.251833841204643250e-03 2.392177004367113113e-03 3.241541981697082520e-02 1.927207573316991329e-03 1.462081912904977798e-02 1.015007682144641876e-02 1.016040518879890442e-02 2.662312425673007965e-02 4.291474353522062302e-03 1.451080571860074997e-02 2.394033130258321762e-03 1.608501374721527100e-02 1.181003078818321228e-02 4.577424377202987671e-02 2.447611466050148010e-02 3.321116045117378235e-02 2.798845618963241577e-02 2.475957386195659637e-02 6.514165084809064865e-03 1.573564261198043823e-01 1.833253353834152222e-01 5.079519469290971756e-03 3.423759713768959045e-02 1.709706732071936131e-03 4.114484414458274841e-02 2.168124727904796600e-02 1.167968846857547760e-02 3.707738593220710754e-02 5.011520162224769592e-02 1.096184551715850830e-02 2.032466791570186615e-02 3.337401896715164185e-02 2.468059957027435303e-02 6.611353904008865356e-02 1.313576940447092056e-02 6.197714246809482574e-04 2.020895294845104218e-02 5.456487089395523071e-02 9.262955747544765472e-03 6.908867508172988892e-02 4.411251842975616455e-02 7.888747751712799072e-02 2.722827903926372528e-02 3.715435788035392761e-02 5.481694359332323074e-03 1.416241470724344254e-02 6.673242151737213135e-02 5.294071044772863388e-03 2.514895796775817871e-02 5.207150429487228394e-02 1.452077180147171021e-02 4.148701578378677368e-02 5.024283751845359802e-02 7.924224436283111572e-02 9.501533582806587219e-03 5.576786771416664124e-02 3.120350837707519531e-02 1.525154151022434235e-02 2.224677428603172302e-02 1.056430209428071976e-02 4.502385482192039490e-02 2.935658674687147141e-03 4.149710014462471008e-02 4.453531652688980103e-02 1.342226192355155945e-02 2.299205958843231201e-02 5.657614674419164658e-03 1.252177823334932327e-02 5.766800139099359512e-03 3.405775409191846848e-03 5.361563991755247116e-03 5.483244545757770538e-03 8.484237827360630035e-03 5.358679220080375671e-03 1.319902250543236732e-03 1.669356599450111389e-03 8.084530942142009735e-03 5.364999547600746155e-02 1.964331232011318207e-02 1.293352618813514709e-02 3.542666137218475342e-02 1.041096542030572891e-02 3.064855560660362244e-02 1.380081754177808762e-03 1.925134472548961639e-02 1.728629320859909058e-02 1.581244356930255890e-02 2.568182721734046936e-02 2.695904858410358429e-02 7.840035483241081238e-03 1.343074254691600800e-02 2.435760013759136200e-02 1.929558999836444855e-02 2.784715034067630768e-02 1.441540103405714035e-02 1.542947068810462952e-02 1.158674620091915131e-02
2.870615571737289429e-02 2.453151158988475800e-02 2.255312725901603699e-02 2.081972509622573853e-01 1.992449611425399780e-01 1.950657181441783905e-02 5.667314399033784866e-03 6.725703924894332886e-02 6.755471695214509964e-03 2.592168748378753662e-03 3.010114468634128571e-02 4.297340661287307739e-02 1.193131972104310989e-02 5.278469994664192200e-02 2.087421016767621040e-03 1.788531988859176636e-02 4.534823447465896606e-02 5.757358158007264137e-04 2.573554404079914093e-03 3.331720083951950073e-02 3.142037615180015564e-02 1.518173888325691223e-02 3.083653049543499947e-03 3.078029118478298187e-02 1.343691488727927208e-03 4.145774990320205688e-02 1.364519447088241577e-02 4.225119575858116150e-02 1.126038562506437302e-02 1.118836645036935806e-02 2.792296372354030609e-02 1.464522723108530045e-02 1.794379577040672302e-02 8.908472955226898193e-03 1.982500217854976654e-02 4.528167471289634705e-02 3.542697057127952576e-02 3.155959397554397583e-02 1.268073767423629761e-01 2.558633387088775635e-01 1.782491058111190796e-02 8.508282713592052460e-03 1.004001591354608536e-02 4.529497772455215454e-02 2.482326328754425049e-02 4.355808254331350327e-03 2.449079789221286774e-02 1.940413191914558411e-02 3.350538387894630432e-02 1.573383249342441559e-02 2.497038058936595917e-02 4.492331668734550476e-02 3.831366077065467834e-02 6.425121426582336426e-02 7.838322781026363373e-03 5.492296069860458374e-02 3.140552341938018799e-02 3.172662109136581421e-02 9.717090055346488953e-03 7.384116202592849731e-02 6.174849346280097961e-02 3.146362677216529846e-02 2.510591596364974976e-02 2.536597661674022675e-02 5.492561683058738708e-02 3.860057890415191650e-02 1.132539566606283188e-02 3.424682840704917908e-02 6.627971678972244263e-02 1.075416337698698044e-02 2.891334146261215210e-02 5.206211656332015991e-02 3.908220306038856506e-02 3.823065664619207382e-03 4.918674379587173462e-02 4.239702224731445312e-02 4.672872647643089294e-02 2.576179616153240204e-02 5.665393080562353134e-03 2.004033885896205902e-02 2.651946991682052612e-02 4.096516966819763184e-02 4.481197521090507507e-02 6.846757233142852783e-02 2.918665483593940735e-02 2.553021162748336792e-02 9.681981056928634644e-03 1.047463063150644302e-02 3.402722254395484924e-02 2.256184816360473633e-02 1.353877224028110504e-02 5.889985710382461548e-03 4.177690949290990829e-03 1.863439753651618958e-02 4.840586334466934204e-04 2.153811976313591003e-02 3.304553916677832603e-03 2.685021376237273216e-03 4.342665895819664001e-03 3.112503141164779663e-02 1.410912442952394485e-02 3.870266675949096680e-02 2.251864410936832428e-02 4.285049159079790115e-03 1.322003314271569252e-03 3.419009223580360413e-02 1.023944187909364700e-02 1.405335310846567154e-02 2.961568348109722137e-02 2.553547732532024384e-03 4.564771801233291626e-02 1.437994092702865601e-02 6.130472198128700256e-02 1.391701982356607914e-03 3.450905904173851013e-02 1.285394467413425446e-02
1.554361283779144287e-01 1.683640033006668091e-01 1.472602039575576782e-02 3.556627035140991211e-02 1.950657181441783905e-02 2.626183927059173584e-01 2.196288555860519409e-01 2.534063719213008881e-02 2.221277169883251190e-02 4.775435104966163635e-02 9.189387410879135132e-02 6.702559441328048706e-02 2.822105772793292999e-02 4.226344823837280273e-02 2.033241651952266693e-02 2.241330221295356750e-02 1.008388958871364594e-02 2.721938118338584900e-02 5.969960615038871765e-02 6.147115305066108704e-02 8.980128914117813110e-03 1.179107185453176498e-02 3.987082466483116150e-02 2.375522814691066742e-02 5.141460523009300232e-02 1.538073364645242691e-02 2.310116961598396301e-02 3.484331443905830383e-02 2.994473837316036224e-02 7.812398485839366913e-03 6.309363245964050293e-02 3.046797355636954308e-03 3.532486408948898315e-02 5.446817260235548019e-03 2.209694648627191782e-04 4.106609150767326355e-02 3.913636785000562668e-03 8.551430888473987579e-03 4.293030500411987305e-02 5.914992094039916992e-02 3.199071437120437622e-02 3.917280957102775574e-02 2.346563339233398438e-02 3.655475750565528870e-02 5.959002301096916199e-04 5.045122280716896057e-02 2.100158631801605225e-01 9.814261645078659058e-02 1.338042784482240677e-02 4.406872391700744629e-02 9.324242360889911652e-03 6.345987319946289062e-02 1.606724224984645844e-02 3.140693763270974159e-03 1.497956545790657401e-04 2.468688413500785828e-02 2.992943301796913147e-02 6.629099603742361069e-03 8.246647194027900696e-03 4.238304682075977325e-03 3.184220939874649048e-02 3.698314353823661804e-02 3.414834290742874146e-02 4.656377248466014862e-03 9.295948781073093414e-03 5.570696201175451279e-03 2.419940428808331490e-03 4.835087805986404419e-03 1.461720932275056839e-02 4.736597463488578796e-02 1.490455400198698044e-02 1.013480723486281931e-04 3.259522840380668640e-02 2.542144060134887695e-02 3.143059089779853821e-02 2.083572372794151306e-02 1.127438247203826904e-02 3.304506465792655945e-02 2.929762192070484161e-02 6.529773771762847900e-02 1.074551977217197418e-02 1.038645952939987183e-02 3.011479601263999939e-02 4.302286356687545776e-02 1.225869078189134598e-02 1.846717856824398041e-02 4.567345604300498962e-03 1.332100480794906616e-03 3.848250955343246460e-03 1.103960257023572922e-02 7.283976674079895020e-02 3.472331538796424866e-02 3.994685411453247070e-02 3.037279471755027771e-02 8.042552508413791656e-03 2.241753786802291870e-02 2.982201613485813141e-02 6.910431385040283203e-02 9.576793760061264038e-03 2.868210710585117340e-02 2.625901252031326294e-03 9.063778445124626160e-03 3.180692438036203384e-04 6.159272417426109314e-02 1.040154322981834412e-02 5.976993124932050705e-03 2.871742099523544312e-02 6.566852331161499023e-03 3.128484264016151428e-02 3.385860845446586609e-02 8.547948673367500305e-03 4.993856418877840042e-04 2.152449823915958405e-02 9.899754077196121216e-03 3.193078190088272095e-02 6.072009727358818054e-02
1.082436963915824890e-01 2.122715264558792114e-01 6.830480694770812988e-02 1.770057156682014465e-02 5.667314399033784866e-03 2.196288555860519409e-01 2.894322872161865234e-01 4.456829745322465897e-03 1.142617873847484589e-02 3.207748755812644958e-02 1.015804633498191833e-01 7.069894927553832531e-04 7.438334077596664429e-02 3.667271509766578674e-02 1.528536062687635422e-02 1.572195626795291901e-02 1.949828490614891052e-02 6.172130815684795380e-04 1.950002624653279781e-03 7.272414863109588623e-02 2.685606665909290314e-02 2.467973716557025909e-02 8.121854043565690517e-04 9.322981350123882294e-03 1.572717912495136261e-02 3.930258378386497498e-02 1.452565938234329224e-02 7.108833640813827515e-02 5.482122674584388733e-02 4.232320189476013184e-02 2.652412839233875275e-02 2.594738081097602844e-02 3.476989641785621643e-02 1.393468864262104034e-02 4.767280817031860352e-02 3.114503063261508942e-02 7.362700998783111572e-03 3.430082648992538452e-02 4.206706583499908447e-02 4.689496010541915894e-02 9.025537408888339996e-03 4.637240618467330933e-02 9.647032245993614197e-03 1.467916648834943771e-02 4.927705042064189911e-03 1.043041050434112549e-01 1.692827343940734863e-01 2.095628827810287476e-01 6.677907891571521759e-03 3.491124510765075684e-02 9.867594577372074127e-03 6.559520028531551361e-03 1.027329452335834503e-02 2.105420269072055817e-02 2.046057768166065216e-02 1.514049898833036423e-02 1.402254961431026459e-02 1.959413848817348480e-02 4.973792005330324173e-03 4.675893113017082214e-02 1.772935502231121063e-02 1.435488555580377579e-02 5.471979454159736633e-02 9.535067714750766754e-03 2.514423802495002747e-02 4.642772488296031952e-03 3.062670119106769562e-02 4.016235470771789551e-02 3.385654464364051819e-02 3.312287479639053345e-02 2.877036482095718384e-02 4.980782419443130493e-02 3.409666195511817932e-02 4.065486136823892593e-03 2.056643180549144745e-02 1.118114870041608810e-02 1.374610885977745056e-02 1.897889003157615662e-02 5.424196831881999969e-03 3.091401420533657074e-02 6.481336057186126709e-02 6.566732376813888550e-02 2.951625548303127289e-02 1.473888102918863297e-02 6.332176271826028824e-03 6.268132012337446213e-03 4.327311180531978607e-03 3.844907879829406738e-02 3.387395665049552917e-02 9.089570492506027222e-03 8.859506994485855103e-02 3.020895877853035927e-03 7.273466140031814575e-02 3.216393291950225830e-02 1.875995099544525146e-02 1.489621773362159729e-02 1.094158273190259933e-02 1.350683718919754028e-02 1.166110858321189880e-02 4.172060638666152954e-03 4.601262509822845459e-03 8.716960437595844269e-03 5.659538507461547852e-02 1.475032977759838104e-02 3.299977630376815796e-02 3.609452396631240845e-02 6.540759652853012085e-02 2.129933424293994904e-02 4.597491119056940079e-03 2.018657140433788300e-02 3.395485132932662964e-02 3.189233317971229553e-02 2.057711593806743622e-02 1.365827210247516632e-02 4.629711806774139404e-02 7.544916123151779175e-02
2.086015976965427399e-02 7.129146251827478409e-04 2.546765804290771484e-01 4.543009679764509201e-03 6.725703924894332886e-02 2.534063719213008881e-02 4.456829745322465897e-03 1.919754892587661743e-01 5.234820395708084106e-02 3.121660090982913971e-02 2.745216339826583862e-02 2.949763275682926178e-02 6.307953037321567535e-03 9.449145756661891937e-03 1.529470086097717285e-01 2.841577678918838501e-02 6.067808251827955246e-03 4.196918755769729614e-02 3.428167104721069336e-02 3.659745678305625916e-02 4.149642214179039001e-02 1.219064090400934219e-02 2.590910717844963074e-02 6.942745763808488846e-03 8.573377504944801331e-03 1.221544109284877777e-02 8.408826775848865509e-03 4.980380833148956299e-02 3.779257461428642273e-02 6.436064839363098145e-03 1.482596714049577713e-02 2.290732972323894501e-02 4.461518302559852600e-02 2.816415391862392426e-02 7.024754583835601807e-02 2.167809382081031799e-02 1.838152855634689331e-02 5.861661210656166077e-02 4.252180084586143494e-02 1.266028732061386108e-03 4.701451957225799561e-02 3.285492956638336182e-02 4.180815070867538452e-02 1.437657419592142105e-02 3.628539666533470154e-02 8.991088718175888062e-02 5.753267183899879456e-02 1.712475717067718506e-02 7.512692362070083618e-03 8.721305057406425476e-03 9.873367846012115479e-03 2.338156290352344513e-02 1.261008251458406448e-02 6.661330349743366241e-03 4.224681481719017029e-02 1.538774743676185608e-02 2.772037312388420105e-02 1.307008508592844009e-02 3.334185853600502014e-02 1.700666546821594238e-02 3.182033076882362366e-02 4.291507974267005920e-02 6.015687715262174606e-03 1.629483536817133427e-03 1.146320137195289135e-03 5.171417724341154099e-03 1.816149987280368805e-02 9.358129464089870453e-03 3.491275757551193237e-02 3.410134091973304749e-02 3.945380076766014099e-02 1.973210461437702179e-02 1.022742968052625656e-02 1.353705022484064102e-02 2.328858897089958191e-02 3.839753568172454834e-02 2.208379097282886505e-02 2.788259414955973625e-03 2.430894412100315094e-02 2.001672051846981049e-03 2.840110659599304199e-01 1.757528036832809448e-01 4.345424473285675049e-03 3.194899111986160278e-02 6.746703293174505234e-03 2.527222223579883575e-02 9.725682437419891357e-02 8.584784716367721558e-02 3.072970546782016754e-02 1.222450658679008484e-02 5.027447640895843506e-02 5.905460938811302185e-02 1.507987454533576965e-02 2.092505432665348053e-02 2.897528000175952911e-02 4.701866209506988525e-02 5.235394090414047241e-02 3.357408568263053894e-02 3.282191604375839233e-02 2.249003946781158447e-02 5.664037168025970459e-02 2.468895399942994118e-04 3.519346565008163452e-02 5.257344618439674377e-02 2.818370796740055084e-02 3.283494710922241211e-02 4.578983038663864136e-02 1.263804174959659576e-02 3.081452287733554840e-02 4.181409627199172974e-02 1.354294014163315296e-03 3.247017413377761841e-02 3.324885293841362000e-02 7.239766884595155716e-03 3.939124755561351776e-03 1.064210161566734314e-01
5.756843369454145432e-03 4.080374538898468018e-02 1.235571578145027161e-01 3.066721186041831970e-02 6.755471695214509964e-03 2.221277169883251190e-02 1.142617873847484589e-02 5.234820395708084106e-02 1.927313357591629028e-01 5.127358809113502502e-02 4.257912281900644302e-03 5.731910839676856995e-02 2.409627661108970642e-02 3.616765141487121582e-02 2.150614932179450989e-02 4.393087700009346008e-02 5.005574971437454224e-02 1.193008124828338623e-01 2.506261132657527924e-02 1.897872425615787506e-02 1.964053884148597717e-02 9.165124967694282532e-03 3.623832017183303833e-02 2.290681377053260803e-02 7.397324778139591217e-03 6.612894590944051743e-03 2.402907982468605042e-02 1.996824145317077637e-02 4.669088870286941528e-03 3.326677251607179642e-03 5.821926519274711609e-03 4.524385929107666016e-02 4.910689312964677811e-04 1.610709726810455322e-02 1.535017695277929306e-02 4.346824064850807190e-02 1.806741952896118164e-02 6.384704727679491043e-03 1.739620603621006012e-02 2.750059030950069427e-02 2.780678495764732361e-02 4.923619702458381653e-02 1.444283965975046158e-02 1.962470076978206635e-02 2.247163094580173492e-02 5.552460998296737671e-02 4.461864754557609558e-02 4.526756331324577332e-02 9.534564614295959473e-02 4.561795387417078018e-03 4.781891405582427979e-02 5.355098098516464233e-02 3.229514136910438538e-02 1.177446264773607254e-02 7.698325067758560181e-02 3.424678742885589600e-02 7.417870685458183289e-03 1.408915966749191284e-02 3.775691729970276356e-04 1.322728674858808517e-02 2.502089925110340118e-02 1.265552011318504810e-03 2.052316442131996155e-02 3.951520659029483795e-03 2.132863737642765045e-02 6.431685294955968857e-03 2.287805452942848206e-02 2.908230759203433990e-02 1.310029346495866776e-02 1.691803336143493652e-02 1.173824630677700043e-02 1.303953956812620163e-02 6.607404910027980804e-03 3.390854224562644958e-02 4.623976536095142365e-03 4.324979707598686218e-02 1.071963831782341003e-01 1.663384586572647095e-02 1.003946140408515930e-01 6.646995991468429565e-02 3.654168918728828430e-02 2.627822104841470718e-03 5.718304589390754700e-02 5.895383656024932861e-02 1.049045659601688385e-02 4.030224308371543884e-02 2.079870365560054779e-02 1.299049612134695053e-02 5.732160061597824097e-02 7.012612186372280121e-03 1.150062680244445801e-02 5.097310058772563934e-03 1.767864334397017956e-03 2.313645370304584503e-02 1.536681223660707474e-02 3.421135246753692627e-03 2.374255331233143806e-03 9.407054632902145386e-02 4.929257184267044067e-02 6.577837280929088593e-03 2.022840268909931183e-02 1.773114129900932312e-02 1.615590043365955353e-02 4.219857603311538696e-02 1.919441483914852142e-02 7.390614598989486694e-03 6.560699082911014557e-03 2.405089884996414185e-02 4.088414832949638367e-02 2.778532542288303375e-02 1.146758627146482468e-02 2.543802373111248016e-02 4.144137725234031677e-03 7.067696191370487213e-03 4.236838594079017639e-02 3.163622226566076279e-03
3.322999179363250732e-02 3.092778846621513367e-02 1.052239071577787399e-02 7.748223375529050827e-03 2.592168748378753662e-03 4.775435104966163635e-02 3.207748755812644958e-02 3.121660090982913971e-02 5.127358809113502502e-02 2.068544775247573853e-01 2.185448817908763885e-02 2.681419812142848969e-02 2.522740326821804047e-02 6.675167381763458252e-02 3.813127521425485611e-03 3.024232015013694763e-02 3.198470547795295715e-02 1.881914958357810974e-02 4.888551682233810425e-02 7.625361904501914978e-03 1.249009463936090469e-02 3.198363119736313820e-03 3.865200281143188477e-02 5.305950343608856201e-02 8.922845125198364258e-03 3.368899226188659668e-03 3.893731860443949699e-03 1.448468491435050964e-02 3.709805756807327271e-02 1.644114404916763306e-02 1.266253925859928131e-02 3.680019825696945190e-02 7.754581049084663391e-03 2.548717707395553589e-02 9.442064911127090454e-03 6.554685533046722412e-03 1.795270480215549469e-02 1.593355834484100342e-02 1.089353859424591064e-02 1.751994341611862183e-02 5.686790216714143753e-03 1.170228328555822372e-02 3.966541960835456848e-02 1.081781461834907532e-02 2.149330824613571167e-02 7.560151070356369019e-02 4.137907549738883972e-02 2.928013727068901062e-02 6.818201392889022827e-03 7.546714693307876587e-02 3.990023955702781677e-02 2.191981859505176544e-02 5.354591179639101028e-03 7.750337012112140656e-03 3.693289589136838913e-03 8.760505169630050659e-02 5.948822479695081711e-03 2.350329235196113586e-02 4.454948380589485168e-02 1.906578429043292999e-02 1.546407025307416916e-02 2.993454597890377045e-02 6.929605733603239059e-03 6.400966085493564606e-04 1.350071630440652370e-03 7.356577552855014801e-03 2.457692101597785950e-02 2.236950024962425232e-02 2.776194550096988678e-02 2.740016579627990723e-02 4.803561046719551086e-02 3.746127476915717125e-03 2.397626824676990509e-02 2.227730350568890572e-03 3.720267117023468018e-02 2.051231218501925468e-03 2.731874957680702209e-02 1.057050228118896484e-01 2.735354704782366753e-03 1.057592332363128662e-01 1.707687787711620331e-02 1.583300344645977020e-02 2.021525986492633820e-02 4.265191406011581421e-02 3.016462735831737518e-02 5.262637883424758911e-02 8.401755243539810181e-03 2.012707293033599854e-02 4.145241342484951019e-03 6.054005399346351624e-02 3.240368515253067017e-02 6.961921229958534241e-03 5.719196517020463943e-03 8.027710020542144775e-03 2.170400880277156830e-02 2.031880058348178864e-02 1.248530694283545017e-03 6.696521770209074020e-03 4.789250716567039490e-02 4.757286235690116882e-02 7.555494084954261780e-03 1.576726697385311127e-02 3.449473297223448753e-03 8.972156792879104614e-03 3.570117801427841187e-02 2.673239912837743759e-03 2.798993512988090515e-02 1.431168429553508759e-02 4.760800674557685852e-02 9.527915157377719879e-03 3.114461433142423630e-03 1.811278611421585083e-02 6.245444063097238541e-03 1.841902360320091248e-02 1.852296851575374603e-02 4.665192216634750366e-02
1.381994634866714478e-01 1.861845701932907104e-01 2.216969430446624756e-02 2.286317430844064802e-05 3.010114468634128571e-02 9.189387410879135132e-02 1.015804633498191833e-01 2.745216339826583862e-02 4.257912281900644302e-03 2.185448817908763885e-02 2.429369390010833740e-01 1.296308636665344238e-02 1.211123540997505188e-01 1.247931178659200668e-02 1.412111893296241760e-02 2.930141240358352661e-02 2.869939245283603668e-02 1.708832383155822754e-02 2.441990422084927559e-03 2.998039126396179199e-03 4.548007249832153320e-02 1.875798590481281281e-02 1.986660622060298920e-02 2.043871022760868073e-02 8.067240938544273376e-03 1.437031384557485580e-02 1.004520617425441742e-02 6.799401715397834778e-03 5.379279330372810364e-02 8.465583436191082001e-03 3.519436717033386230e-02 6.639822851866483688e-03 5.862590391188859940e-03 3.907429985702037811e-03 2.195376716554164886e-02 5.534462165087461472e-03 2.890377305448055267e-02 9.613299742341041565e-03 4.992113262414932251e-02 4.593085031956434250e-03 1.106680650264024734e-02 3.949010279029607773e-03 7.489488460123538971e-03 7.680798321962356567e-02 6.179897114634513855e-02 4.360894113779067993e-02 6.909463554620742798e-02 6.712716817855834961e-02 9.051674976944923401e-03 1.135372836142778397e-02 9.847671724855899811e-03 1.706039038253948092e-04 5.590851287706755102e-05 1.879966445267200470e-02 5.762861110270023346e-03 2.657495625317096710e-02 2.062125876545906067e-02 3.067014273256063461e-03 1.580190099775791168e-02 1.605403423309326172e-02 1.212164480239152908e-02 1.656511798501014709e-02 1.683570817112922668e-02 3.147530555725097656e-02 3.439130261540412903e-02 2.679936215281486511e-02 5.386358592659235001e-03 6.573618855327367783e-03 2.924499660730361938e-02 2.692065201699733734e-02 1.982039585709571838e-02 3.448586165904998779e-02 1.648983359336853027e-02 4.260227456688880920e-02 1.815564371645450592e-02 1.983697898685932159e-02 2.295776829123497009e-02 1.002894341945648193e-02 2.165691368281841278e-02 5.319296382367610931e-03 4.712225496768951416e-02 1.194174122065305710e-02 1.561642996966838837e-02 1.226367522031068802e-02 2.613829448819160461e-02 2.080979011952877045e-02 2.464517205953598022e-02 3.175219893455505371e-02 3.770772740244865417e-02 2.828634809702634811e-03 5.631252378225326538e-02 4.774867370724678040e-02 5.151294544339179993e-02 1.760763116180896759e-02 7.273591589182615280e-03 4.598051775246858597e-03 4.435319080948829651e-02 1.565937511622905731e-02 1.834054850041866302e-02 1.305947825312614441e-02 2.968965284526348114e-02 1.070211641490459442e-02 1.572874002158641815e-02 1.107388176023960114e-02 1.622415520250797272e-02 4.029085393995046616e-03 4.234006628394126892e-02 9.550769813358783722e-03 7.234587334096431732e-03 1.574614830315113068e-02 1.401584409177303314e-02 4.674031399190425873e-03 2.208816731581464410e-04 5.520602688193321228e-03 5.372438579797744751e-02 5.961390212178230286e-03
8.975823409855365753e-03 5.285898968577384949e-02 3.826344385743141174e-02 3.586960583925247192e-02 4.297340661287307739e-02 6.702559441328048706e-02 7.069894927553832531e-04 2.949763275682926178e-02 5.731910839676856995e-02 2.681419812142848969e-02 1.296308636665344238e-02 1.944877505302429199e-01 4.818595945835113525e-02 1.268949061632156372e-01 2.015454880893230438e-02 6.443568319082260132e-02 6.517782062292098999e-02 1.916059292852878571e-03 1.545176608487963676e-03 3.733766078948974609e-02 5.481820087879896164e-03 3.606117563322186470e-03 4.015229269862174988e-02 4.043386504054069519e-02 4.405179992318153381e-02 1.506254542618989944e-02 2.126701176166534424e-02 9.872545301914215088e-02 8.459224365651607513e-03 5.064663663506507874e-02 3.781743580475449562e-03 3.148224204778671265e-02 3.900840878486633301e-02 1.238613668829202652e-02 2.106767380610108376e-03 6.033372133970260620e-02 8.549824357032775879e-03 1.206359174102544785e-02 7.669739425182342529e-04 4.101995751261711121e-02 2.452832460403442383e-02 2.482481114566326141e-02 1.983857713639736176e-02 7.698267232626676559e-03 7.558376342058181763e-02 9.190579503774642944e-02 4.574969783425331116e-02 1.788085512816905975e-02 1.348926685750484467e-02 4.326912760734558105e-02 9.547865018248558044e-03 3.745516389608383179e-02 1.857396028935909271e-02 3.230578498914837837e-03 7.027860730886459351e-03 1.606488600373268127e-02 2.650635316967964172e-02 1.402689144015312195e-02 9.335707291029393673e-04 1.481111440807580948e-02 3.823432326316833496e-02 1.887768693268299103e-02 1.775818690657615662e-02 3.219322860240936279e-02 1.617932505905628204e-02 1.429642178118228912e-02 4.039889201521873474e-03 6.627438962459564209e-02 5.730780586600303650e-02 1.495214179158210754e-02 5.515557527542114258e-02 9.840806014835834503e-03 4.023382067680358887e-02 3.333438932895660400e-02 1.992980390787124634e-02 3.048413433134555817e-02 5.594107136130332947e-02 2.664862014353275299e-02 4.712299630045890808e-02 4.511289671063423157e-02 1.032226905226707458e-02 7.990294694900512695e-02 8.599878638051450253e-04 1.774493418633937836e-02 1.367563195526599884e-02 1.124463044106960297e-02 1.706715486943721771e-02 4.859546199440956116e-03 4.010463878512382507e-02 2.156061679124832153e-02 2.664296329021453857e-02 1.024946570396423340e-02 1.715562120079994202e-02 2.877338416874408722e-02 6.399711128324270248e-03 1.555879041552543640e-02 4.698267579078674316e-02 7.147532701492309570e-02 3.839267883449792862e-03 2.713143266737461090e-02 8.060127496719360352e-03 8.236886002123355865e-03 7.115275599062442780e-03 2.121804282069206238e-02 2.458111941814422607e-02 1.994950696825981140e-02 4.530485719442367554e-02 3.680865466594696045e-02 1.597608439624309540e-02 1.158023346215486526e-02 3.172713890671730042e-02 4.528584703803062439e-02 2.009398676455020905e-02 1.616134657524526119e-03 2.277206629514694214e-02 1.387322205118834972e-03
1.523276120424270630e-01 2.118969857692718506e-01 1.999327540397644043e-02 2.732107415795326233e-02 1.193131972104310989e-02 2.822105772793292999e-02 7.438334077596664429e-02 6.307953037321567535e-03 2.409627661108970642e-02 2.522740326821804047e-02 1.211123540997505188e-01 4.818595945835113525e-02 2.283653914928436279e-01 1.787481084465980530e-02 5.123645067214965820e-02 1.814990118145942688e-02 3.148651123046875000e-02 5.324841942638158798e-03 3.415114060044288635e-02 2.765418030321598053e-02 2.540404722094535828e-02 4.109863191843032837e-02 1.981632225215435028e-02 1.124516408890485764e-02 3.970824927091598511e-02 1.393042691051959991e-02 3.356837900355458260e-03 2.879679389297962189e-02 2.476484328508377075e-02 2.185266092419624329e-02 7.650345563888549805e-02 1.505931932479143143e-02 2.171373926103115082e-02 3.645833209156990051e-02 1.523526664823293686e-02 1.795057090930640697e-03 2.921528369188308716e-02 3.911365754902362823e-03 3.094360977411270142e-02 2.943067066371440887e-02 1.804296486079692841e-02 1.770563982427120209e-02 2.931100875139236450e-02 7.826968282461166382e-02 4.822556301951408386e-02 4.310584440827369690e-02 1.749032922089099884e-02 4.901152849197387695e-02 9.702091105282306671e-03 9.305896237492561340e-03 1.200644951313734055e-02 4.235901311039924622e-02 8.238192647695541382e-03 3.517181426286697388e-02 2.270145632792264223e-04 8.581105619668960571e-03 4.442796576768159866e-03 1.320396549999713898e-02 2.281299792230129242e-02 4.660982172936201096e-03 1.780603826045989990e-02 2.819676697254180908e-02 1.941188052296638489e-02 1.632077246904373169e-02 2.036463655531406403e-02 5.546907335519790649e-02 2.706362865865230560e-02 2.013188088312745094e-03 9.564042091369628906e-03 9.808279573917388916e-03 1.538913138210773468e-02 2.479464374482631683e-02 1.978411525487899780e-02 4.461291711777448654e-03 2.520166710019111633e-02 1.730102486908435822e-02 5.014294758439064026e-03 9.067280334420502186e-04 1.745756715536117554e-02 3.487956710159778595e-03 1.830113492906093597e-02 1.435135398060083389e-02 1.816125772893428802e-02 2.931169979274272919e-02 3.718615509569644928e-03 2.381270378828048706e-02 1.900709047913551331e-02 5.618286505341529846e-02 1.402721181511878967e-02 2.795348875224590302e-02 2.604503743350505829e-02 1.348601188510656357e-03 5.225872993469238281e-02 9.431636892259120941e-03 1.094781607389450073e-02 3.024842217564582825e-02 4.649891704320907593e-02 2.793728932738304138e-02 1.283061318099498749e-02 1.992985978722572327e-02 8.551073260605335236e-03 3.976688161492347717e-02 3.389876335859298706e-03 5.251679569482803345e-02 1.227616565302014351e-03 1.168388966470956802e-02 2.206123434007167816e-02 8.129995316267013550e-03 3.339068591594696045e-02 1.859975419938564301e-02 3.113318420946598053e-02 2.248304709792137146e-02 2.863326109945774078e-02 1.201540231704711914e-02 5.700383335351943970e-02 4.486828297376632690e-02
