6.002921238541603088e-02 1.732615679502487183e-01 2.772611007094383240e-02 3.450587764382362366e-02 7.071393728256225586e-02 1.472497433423995972e-01 4.675937816500663757e-02 2.043714746832847595e-02 6.325408816337585449e-02 2.738617360591888428e-02 1.221574619412422180e-01 1.788789778947830200e-02 1.642193943262100220e-01 4.711052775382995605e-02 5.816319957375526428e-02 8.193108951672911644e-04 8.620337583124637604e-03 3.420208021998405457e-02 1.644492708146572113e-02 3.681750223040580750e-02 4.190522059798240662e-02 1.700058393180370331e-02 1.019239332526922226e-02 2.934265322983264923e-02 1.044530700892210007e-02 7.679519057273864746e-02 1.965026929974555969e-02 5.520779173821210861e-03 3.066595236305147409e-04 5.521338607650250196e-05 3.778353566303849220e-03 2.986609004437923431e-02 7.972516119480133057e-02 2.037608250975608826e-02 1.533361244946718216e-02 7.861940562725067139e-02 9.052927605807781219e-03 7.646480202674865723e-02 6.400580517947673798e-03 4.292285442352294922e-02 1.924545317888259888e-02 8.285470306873321533e-02 7.964780554175376892e-03 9.697995334863662720e-02 1.756892912089824677e-02 3.982005175203084946e-03 5.673452466726303101e-02 7.140468060970306396e-02 1.810804754495620728e-02 2.907227259129285812e-03 2.955088391900062561e-02 1.078203599900007248e-02 1.717826671665534377e-04 3.272880241274833679e-02 3.110721893608570099e-02 3.066454827785491943e-02 1.193949766457080841e-02 9.281823784112930298e-02 3.152386844158172607e-02 5.403980612754821777e-03 3.230332583189010620e-02 3.472914174199104309e-02 7.952115498483181000e-03 3.477113321423530579e-02 5.767420306801795959e-02 5.594541877508163452e-02 3.731264919042587280e-02 1.709086261689662933e-02 3.263029968366026878e-03 4.521389678120613098e-02 4.665587469935417175e-02 7.813849300146102905e-02 1.558797527104616165e-02 6.836429238319396973e-04 2.303456712979823351e-04 5.002240464091300964e-02 4.951654002070426941e-02 2.543998323380947113e-02 5.845505744218826294e-03 1.258691959083080292e-02 5.032858625054359436e-02 5.658063292503356934e-02 9.277736768126487732e-03 6.218557804822921753e-02 5.745496228337287903e-02 4.334970563650131226e-02 1.664009131491184235e-02 3.600156307220458984e-02 6.748564541339874268e-03 3.062907233834266663e-02 1.562522165477275848e-02 3.440147265791893005e-02 1.452967375516891479e-01 2.621078304946422577e-02 5.945802479982376099e-02 3.074829466640949249e-02 5.979232490062713623e-03 5.740192532539367676e-02 8.626775443553924561e-02 3.987796604633331299e-02 5.472447350621223450e-02 2.651041606441140175e-03 2.398990280926227570e-02 4.542481899261474609e-02 6.222608685493469238e-02 5.032227560877799988e-02 2.344652311876416206e-03 3.083416726440191269e-03 6.234635598957538605e-03 5.501684918999671936e-02 4.678068310022354126e-02 1.763452030718326569e-02 7.808955758810043335e-02 3.585845232009887695e-02 8.620949089527130127e-02 1.159730479121208191e-01
1.732615679502487183e-01 5.276032164692878723e-02 2.992156893014907837e-02 1.439297664910554886e-02 1.696654781699180603e-02 7.497942447662353516e-02 1.583131700754165649e-01 1.664758287370204926e-02 2.220250852406024933e-02 2.538404613733291626e-02 2.315016090869903564e-02 6.613910198211669922e-02 1.514462381601333618e-01 5.268464237451553345e-02 4.899105802178382874e-02 9.705142676830291748e-02 9.092853963375091553e-02 1.588478498160839081e-02 1.565312035381793976e-02 8.559740148484706879e-03 1.370085775852203369e-02 3.909819945693016052e-02 3.040683828294277191e-02 1.479128655046224594e-02 3.711130842566490173e-02 2.259524725377559662e-02 7.422111183404922485e-02 5.574753507971763611e-02 1.779198274016380310e-02 2.986938133835792542e-02 1.169816851615905762e-01 3.113505616784095764e-02 6.157806143164634705e-02 5.201270803809165955e-02 4.257934167981147766e-02 1.676456816494464874e-02 5.540189892053604126e-02 1.373507175594568253e-02 1.928789354860782623e-02 1.278027333319187164e-02 2.878972142934799194e-02 6.066831946372985840e-02 5.490033701062202454e-02 4.732662066817283630e-02 5.790423229336738586e-02 4.083706066012382507e-02 5.435347557067871094e-02 2.335157431662082672e-02 3.710680454969406128e-02 2.748345583677291870e-02 1.076874905265867710e-03 4.580695927143096924e-02 5.019430071115493774e-02 1.537586189806461334e-02 5.667206645011901855e-02 3.344603627920150757e-02 6.480320543050765991e-02 5.432932078838348389e-02 1.525107119232416153e-02 5.711641535162925720e-02 4.356801137328147888e-02 8.123766630887985229e-02 5.484273284673690796e-02 1.482452172785997391e-02 3.525093570351600647e-02 4.685762524604797363e-02 1.858854293823242188e-02 5.844118073582649231e-02 2.502187713980674744e-02 1.054233778268098831e-02 2.353106252849102020e-02 4.319965094327926636e-02 1.091436296701431274e-02 2.022730931639671326e-02 2.001644484698772430e-02 2.306737191975116730e-02 4.480671882629394531e-02 3.342405334115028381e-02 3.104860894381999969e-02 3.938280791044235229e-02 1.114582264563068748e-04 8.311189711093902588e-02 2.373588643968105316e-02 3.365635871887207031e-03 8.876539766788482666e-02 5.106222257018089294e-02 3.162452951073646545e-02 2.658711001276969910e-02 3.258005157113075256e-02 6.849425286054611206e-02 1.287304162979125977e-01 4.143626429140567780e-03 5.057504400610923767e-02 2.594288624823093414e-02 3.618336468935012817e-02 4.264564812183380127e-02 1.174739189445972443e-02 5.039779469370841980e-02 5.909458920359611511e-02 3.024217486381530762e-02 3.493720293045043945e-02 6.604269146919250488e-02 2.619102224707603455e-02 1.248478703200817108e-02 3.348879516124725342e-03 2.791465818881988525e-02 3.501420840620994568e-02 4.405587539076805115e-02 9.711237996816635132e-02 1.823328621685504913e-02 3.738014400005340576e-02 8.365512825548648834e-03 2.986118942499160767e-02 1.215600315481424332e-02 5.046301521360874176e-03 1.025550514459609985e-01
2.772611007094383240e-02 2.992156893014907837e-02 9.656101465225219727e-02 8.243130147457122803e-02 5.040572723373770714e-04 5.940401181578636169e-02 1.302872300148010254e-01 1.690977066755294800e-01 2.184171229600906372e-02 6.373621523380279541e-02 2.561591193079948425e-02 4.396734014153480530e-02 5.954901129007339478e-02 6.597522646188735962e-02 4.746559262275695801e-02 4.097826033830642700e-02 2.324070408940315247e-02 4.012880101799964905e-02 2.544709853827953339e-02 6.858488079160451889e-03 3.016598708927631378e-02 1.348750479519367218e-02 3.827207954600453377e-03 3.093670681118965149e-02 1.962915435433387756e-02 1.425873488187789917e-02 3.894745185971260071e-02 3.863923624157905579e-02 1.072602346539497375e-03 4.878573492169380188e-02 1.055092588067054749e-01 2.219776064157485962e-02 3.081502206623554230e-02 1.459358166903257370e-02 2.723512426018714905e-02 3.333095833659172058e-02 7.980915904045104980e-02 7.114298641681671143e-02 1.817801035940647125e-02 1.912646368145942688e-02 3.829981759190559387e-02 1.753295212984085083e-02 1.357846520841121674e-02 1.208914965391159058e-01 1.000480167567729950e-02 4.600888118147850037e-02 1.083402428776025772e-02 3.612784668803215027e-02 1.193228513002395630e-01 5.523983016610145569e-02 2.321819029748439789e-02 3.143761307001113892e-02 8.851455152034759521e-02 1.340570151805877686e-01 4.527296125888824463e-02 3.763204813003540039e-02 4.723333567380905151e-02 3.073585964739322662e-02 3.395652398467063904e-02 3.277178620919585228e-03 3.469214425422251225e-04 8.872113190591335297e-03 9.536581928841769695e-04 3.621786832809448242e-02 4.569916799664497375e-02 6.736031267791986465e-03 2.931707166135311127e-02 3.284878656268119812e-02 5.015354603528976440e-02 4.877838119864463806e-02 1.921318843960762024e-02 8.885471033863723278e-04 4.549762606620788574e-02 4.895140975713729858e-02 9.440094232559204102e-03 4.000173136591911316e-02 3.173379227519035339e-02 7.022744044661521912e-03 4.313405224820598960e-05 1.231139060109853745e-02 8.059985935688018799e-02 1.563283801078796387e-01 5.417846608906984329e-03 2.990220300853252411e-02 9.259627014398574829e-02 1.694028638303279877e-02 4.954477399587631226e-02 4.992077127099037170e-02 1.862786523997783661e-02 1.203026399016380310e-01 5.630566552281379700e-02 4.394763335585594177e-02 4.994254559278488159e-02 6.005728244781494141e-02 4.755546897649765015e-02 1.336389407515525818e-02 2.988083101809024811e-02 2.039682865142822266e-02 3.822648152709007263e-02 7.383122574537992477e-03 1.636485941708087921e-02 3.046011552214622498e-02 5.215975269675254822e-02 3.509395197033882141e-02 1.533362362533807755e-02 5.980336666107177734e-02 2.309348434209823608e-02 9.132268838584423065e-03 4.745776578783988953e-02 4.504754021763801575e-02 1.636462099850177765e-02 3.209422156214714050e-02 4.675465077161788940e-02 6.826450116932392120e-03 7.734139263629913330e-02 4.167922958731651306e-02
3.450587764382362366e-02 1.439297664910554886e-02 8.243130147457122803e-02 5.170726682990789413e-03 1.350371539592742920e-01 6.503700278699398041e-03 1.982655376195907593e-02 6.117765791714191437e-03 1.470230147242546082e-02 5.563930608332157135e-03 1.880941353738307953e-02 9.583283215761184692e-03 1.724304631352424622e-02 6.576147675514221191e-02 4.101168736815452576e-02 5.857083573937416077e-02 5.777468532323837280e-02 3.318895772099494934e-02 3.200956061482429504e-02 2.406004816293716431e-03 3.641645237803459167e-02 3.998175635933876038e-02 9.471704252064228058e-03 2.716555818915367126e-02 5.577631760388612747e-03 1.360809616744518280e-02 2.562307193875312805e-02 3.080782294273376465e-02 2.173780277371406555e-02 4.024698957800865173e-02 5.677136033773422241e-02 5.467790737748146057e-02 6.457065790891647339e-02 3.595985844731330872e-02 7.982935756444931030e-03 4.622625559568405151e-02 4.475152492523193359e-02 3.622495755553245544e-02 8.138246089220046997e-02 1.111952960491180420e-02 3.019623644649982452e-02 1.635480113327503204e-02 4.055503383278846741e-02 8.185217157006263733e-03 8.130178600549697876e-02 1.312331948429346085e-02 5.069936066865921021e-02 5.526966415345668793e-04 3.193062171339988708e-02 1.005245223641395569e-01 3.149855509400367737e-02 6.225890479981899261e-03 1.313188206404447556e-02 4.191388189792633057e-02 1.969344541430473328e-02 1.839866302907466888e-02 3.236333606764674187e-03 7.971782237291336060e-03 3.374993801116943359e-03 3.619172424077987671e-02 7.195891439914703369e-02 1.612211763858795166e-02 1.468406617641448975e-01 6.062282249331474304e-02 5.295084416866302490e-02 2.403573133051395416e-02 4.059222526848316193e-03 4.385839030146598816e-02 7.334987074136734009e-02 5.655391141772270203e-02 9.163909405469894409e-02 3.322307020425796509e-02 1.407003253698348999e-01 5.383301526308059692e-02 8.581008017063140869e-02 8.213526010513305664e-02 3.440774977207183838e-02 3.825035877525806427e-03 2.102436311542987823e-02 4.308383911848068237e-02 3.082903102040290833e-02 5.466114357113838196e-02 9.623945504426956177e-02 3.252493962645530701e-02 2.086948789656162262e-02 1.659997552633285522e-02 1.736264675855636597e-02 2.603705786168575287e-02 1.709683984518051147e-02 4.370417818427085876e-02 1.044888272881507874e-01 4.498283565044403076e-02 1.202572043985128403e-02 8.534941822290420532e-03 4.350970685482025146e-02 6.900174915790557861e-02 4.493197426199913025e-02 1.024730782955884933e-02 3.578443825244903564e-02 5.009654164314270020e-02 1.200204901397228241e-02 4.946721717715263367e-02 1.721729338169097900e-02 8.321098983287811279e-03 4.040091112256050110e-02 3.938735276460647583e-02 3.421458229422569275e-02 2.712473645806312561e-02 1.290560606867074966e-02 1.295129768550395966e-02 1.998023129999637604e-02 3.844575956463813782e-02 4.425743967294692993e-02 2.026951126754283905e-02 2.381991408765316010e-02 2.118648961186408997e-02
7.071393728256225586e-02 1.696654781699180603e-02 5.040572723373770714e-04 1.350371539592742920e-01 3.012033738195896149e-02 4.215035587549209595e-02 3.753490373492240906e-02 3.247914463281631470e-02 7.768034189939498901e-02 6.133854761719703674e-02 2.546320669353008270e-02 2.000937424600124359e-02 9.557751007378101349e-03 6.348086986690759659e-03 5.787524208426475525e-02 2.967937476933002472e-02 2.786320820450782776e-02 2.836877293884754181e-02 5.794299766421318054e-02 1.409519277513027191e-02 9.256524033844470978e-03 1.043930836021900177e-02 7.259278744459152222e-02 3.042721562087535858e-02 3.388173133134841919e-02 6.689175963401794434e-02 9.803706780076026917e-03 5.862531065940856934e-02 1.383493375033140182e-02 1.636231690645217896e-02 3.716891631484031677e-02 5.861708149313926697e-02 2.773377485573291779e-02 1.865155249834060669e-02 4.632929340004920959e-02 4.329774528741836548e-02 2.527062082663178444e-03 4.632478952407836914e-02 9.786573052406311035e-02 1.343991905450820923e-01 2.721837349236011505e-02 7.407294958829879761e-02 1.632266491651535034e-02 8.743539452552795410e-03 1.084590405225753784e-01 1.145848929882049561e-01 3.449786826968193054e-02 8.141973987221717834e-03 7.654535770416259766e-02 5.388661846518516541e-02 9.292666800320148468e-03 3.408733010292053223e-02 3.641404211521148682e-02 8.611901849508285522e-02 3.428724408149719238e-02 5.682890489697456360e-02 2.277400158345699310e-02 9.044925868511199951e-02 2.219476923346519470e-02 8.395710960030555725e-03 2.370177768170833588e-02 1.037531942129135132e-01 9.111119061708450317e-02 7.849647849798202515e-02 2.181546762585639954e-03 9.262886829674243927e-03 3.202628344297409058e-02 1.235784217715263367e-02 5.410935357213020325e-02 1.158710662275552750e-02 7.256765663623809814e-02 1.894279010593891144e-02 6.208135187625885010e-02 6.814530584961175919e-03 6.774652004241943359e-02 6.002333387732505798e-02 3.404007852077484131e-02 6.190533190965652466e-02 9.309189394116401672e-03 4.617572203278541565e-02 7.800614833831787109e-02 6.351770134642720222e-04 1.018029674887657166e-01 6.667334586381912231e-02 3.727944195270538330e-02 4.577456414699554443e-02 1.560742408037185669e-02 6.574930250644683838e-02 2.974588423967361450e-02 1.710249483585357666e-02 5.724125355482101440e-02 3.133937343955039978e-02 2.024910598993301392e-02 4.060228914022445679e-02 5.610291287302970886e-02 6.847183685749769211e-03 5.373080819845199585e-02 1.617470756173133850e-03 2.256102301180362701e-02 1.130075193941593170e-02 8.145426400005817413e-03 2.868337370455265045e-02 6.545362621545791626e-02 4.551558196544647217e-02 6.148042157292366028e-02 1.803929917514324188e-02 2.104872092604637146e-02 6.438998878002166748e-02 6.546587101183831692e-04 1.063586100935935974e-01 2.340974658727645874e-02 5.835699662566184998e-02 3.436848893761634827e-02 3.563819825649261475e-02 6.416554003953933716e-02 1.849084347486495972e-02
1.472497433423995972e-01 7.497942447662353516e-02 5.940401181578636169e-02 6.503700278699398041e-03 4.215035587549209595e-02 4.371207952499389648e-02 4.088643193244934082e-02 4.200094938278198242e-02 1.453738752752542496e-02 3.400598143343813717e-05 3.367387875914573669e-02 1.386174559593200684e-01 1.512880623340606689e-01 1.229949668049812317e-01 4.653221368789672852e-02 7.349734008312225342e-02 4.529113322496414185e-02 9.686359018087387085e-02 2.067231573164463043e-03 6.455858051776885986e-02 2.055046521127223969e-02 6.388431787490844727e-02 5.426841974258422852e-02 1.782665401697158813e-02 6.674445420503616333e-02 1.901808567345142365e-02 9.414149448275566101e-03 5.323156248778104782e-03 1.376968622207641602e-01 1.941489288583397865e-03 5.009055137634277344e-02 6.489968299865722656e-02 2.127533219754695892e-02 9.541981853544712067e-03 1.368767861276865005e-02 4.065549001097679138e-02 5.190955009311437607e-03 1.310628559440374374e-02 2.333169616758823395e-02 2.754379063844680786e-02 1.572156883776187897e-02 7.705520372837781906e-03 1.624846272170543671e-02 2.931439690291881561e-02 5.110156536102294922e-02 2.422219142317771912e-02 2.099776268005371094e-01 2.288395166397094727e-02 3.263292601332068443e-03 3.713859990239143372e-02 3.429925814270973206e-02 1.312330737709999084e-02 5.869770795106887817e-02 9.428081102669239044e-03 4.859575629234313965e-02 8.465472608804702759e-02 6.932341307401657104e-02 6.076621264219284058e-02 3.622412681579589844e-02 3.040844202041625977e-02 2.266110479831695557e-02 5.061832442879676819e-02 2.034699358046054840e-02 1.222493126988410950e-02 2.723763883113861084e-02 3.353919833898544312e-02 1.783000864088535309e-02 1.386867184191942215e-02 4.052214697003364563e-02 8.353337645530700684e-02 3.980516269803047180e-02 3.354985266923904419e-02 7.404030300676822662e-03 7.181259337812662125e-03 4.183311015367507935e-02 2.964493818581104279e-03 2.875089272856712341e-02 8.972257375717163086e-03 7.861735671758651733e-02 8.676326274871826172e-02 8.755608648061752319e-02 7.029544562101364136e-02 7.620032876729965210e-02 1.047234609723091125e-02 3.841354325413703918e-02 1.127911731600761414e-02 1.672146469354629517e-02 6.561107188463211060e-02 5.270316824316978455e-02 6.473702937364578247e-02 1.057121530175209045e-01 4.459643363952636719e-02 4.855798557400703430e-02 4.587238654494285583e-02 1.457263249903917313e-02 1.728868857026100159e-02 3.878010436892509460e-02 2.582866698503494263e-03 3.913984075188636780e-02 6.157538667321205139e-02 4.254340380430221558e-02 3.883600980043411255e-02 5.003901314921677113e-04 2.351557463407516479e-02 3.671229258179664612e-02 3.946626186370849609e-02 6.029969453811645508e-02 4.551226738840341568e-03 3.926996886730194092e-02 4.622646793723106384e-02 6.951883435249328613e-02 7.478983700275421143e-02 2.089436911046504974e-02 3.301071375608444214e-02 2.874215878546237946e-02 2.282976731657981873e-02
4.675937816500663757e-02 1.583131700754165649e-01 1.302872300148010254e-01 1.982655376195907593e-02 3.753490373492240906e-02 4.088643193244934082e-02 6.546888966113328934e-03 6.074472516775131226e-02 6.078255176544189453e-02 6.929962337017059326e-02 7.251417636871337891e-02 1.051862537860870361e-01 6.598684936761856079e-02 1.067716255784034729e-01 2.302489057183265686e-02 1.163266319781541824e-02 1.445697620511054993e-02 5.640336498618125916e-02 3.023208351805806160e-03 5.179801955819129944e-02 2.144974097609519958e-02 2.500677481293678284e-02 5.197220598347485065e-04 4.650319367647171021e-02 4.094372689723968506e-02 2.519418485462665558e-02 1.149860322475433350e-01 2.496111206710338593e-02 7.891935855150222778e-02 9.712057188153266907e-03 1.679830402135848999e-01 1.512507628649473190e-02 1.033799499273300171e-01 3.238121792674064636e-02 6.556727737188339233e-02 6.645950023084878922e-03 3.511640429496765137e-02 8.747319877147674561e-02 4.818187654018402100e-02 2.186688035726547241e-02 4.203663021326065063e-02 1.842635683715343475e-02 6.057922728359699249e-03 4.430613946169614792e-03 6.659670174121856689e-02 1.038541831076145172e-02 5.720370635390281677e-02 3.008361160755157471e-01 3.088248334825038910e-02 3.001329861581325531e-02 2.044411189854145050e-02 2.524843672290444374e-03 5.252872360870242119e-04 6.954841082915663719e-04 2.494427375495433807e-02 7.495446503162384033e-02 2.225396782159805298e-02 7.569815963506698608e-02 4.082166776061058044e-02 4.257868602871894836e-02 2.425322681665420532e-02 5.488430336117744446e-02 6.830336898565292358e-02 8.865479379892349243e-03 6.380286067724227905e-02 1.178114637732505798e-01 2.661337144672870636e-02 9.031550958752632141e-03 2.430235594511032104e-02 1.466140616685152054e-02 1.169811841100454330e-02 6.288284063339233398e-02 1.028237026184797287e-02 5.439388565719127655e-03 2.525823749601840973e-02 2.697769366204738617e-02 6.707891076803207397e-02 3.754739463329315186e-02 1.753803226165473461e-04 5.544217303395271301e-02 2.419579774141311646e-02 6.584831327199935913e-02 3.103026421740651131e-03 6.234489753842353821e-02 7.765694055706262589e-03 4.937716200947761536e-02 2.461533062160015106e-02 3.791454806923866272e-02 1.035601869225502014e-01 9.521602839231491089e-02 2.591737173497676849e-02 4.114110767841339111e-02 1.963807642459869385e-01 8.551171049475669861e-03 2.692054212093353271e-02 1.742085255682468414e-02 2.200588583946228027e-02 4.484473168849945068e-02 4.216733947396278381e-02 2.198942378163337708e-02 5.583861097693443298e-02 3.897907212376594543e-02 2.372944727540016174e-02 6.348353624343872070e-02 1.262641698122024536e-02 6.544064730405807495e-03 5.603301525115966797e-02 7.056384533643722534e-02 1.568005606532096863e-02 3.247576067224144936e-03 5.699108005501329899e-04 2.978908130899071693e-03 2.921764366328716278e-02 5.060356855392456055e-02 5.703556165099143982e-02 4.771996662020683289e-02
2.043714746832847595e-02 1.664758287370204926e-02 1.690977066755294800e-01 6.117765791714191437e-03 3.247914463281631470e-02 4.200094938278198242e-02 6.074472516775131226e-02 6.439282745122909546e-02 2.132811769843101501e-02 3.902808949351310730e-02 1.656832732260227203e-02 2.754171146079897881e-03 4.577661305665969849e-02 4.898274689912796021e-02 1.002353504300117493e-01 3.707388415932655334e-02 3.444076329469680786e-02 1.057119015604257584e-02 5.261321086436510086e-03 4.453736916184425354e-02 3.146709874272346497e-03 6.935120373964309692e-02 1.679602079093456268e-02 1.354003231972455978e-02 3.975424543023109436e-02 1.726044691167771816e-03 5.550026521086692810e-02 5.945071112364530563e-03 2.248632349073886871e-02 1.451680064201354980e-02 2.903213165700435638e-02 9.210609644651412964e-02 5.280341953039169312e-02 2.701815590262413025e-02 2.095877937972545624e-02 2.800797298550605774e-02 4.852873831987380981e-02 1.314942166209220886e-02 1.070277858525514603e-02 2.131175249814987183e-02 4.903716500848531723e-03 6.620617955923080444e-02 2.639910578727722168e-02 6.777710467576980591e-02 1.209222897887229919e-02 4.196430742740631104e-02 1.583406887948513031e-02 2.749359118752181530e-04 1.596074365079402924e-02 1.589389145374298096e-02 3.652844578027725220e-02 8.716435171663761139e-03 1.528751011937856674e-02 2.721068821847438812e-02 2.710063755512237549e-02 3.955029696226119995e-02 3.746615350246429443e-02 6.864900887012481689e-02 4.631693661212921143e-02 1.832227967679500580e-02 4.242851212620735168e-02 1.027125678956508636e-02 2.396238595247268677e-02 3.668874874711036682e-02 1.181164011359214783e-02 6.321307271718978882e-02 3.844354674220085144e-02 2.693977020680904388e-02 6.072724983096122742e-02 4.635426029562950134e-02 3.276411443948745728e-02 1.351580303162336349e-02 2.723813429474830627e-02 1.405307091772556305e-02 2.053305879235267639e-02 3.918724134564399719e-02 7.228774949908256531e-03 2.992122434079647064e-03 3.026463650166988373e-02 4.327249526977539062e-02 2.007013559341430664e-01 1.814822405576705933e-01 7.494711317121982574e-03 2.035169862210750580e-03 4.023274406790733337e-02 4.751028120517730713e-02 5.097730085253715515e-02 4.092281684279441833e-02 7.083135098218917847e-02 4.280081763863563538e-02 1.244803890585899353e-02 9.318963438272476196e-02 4.175525158643722534e-02 4.052340053021907806e-03 8.719460107386112213e-03 4.290609154850244522e-03 8.977310359477996826e-02 1.591079495847225189e-02 2.966528991237282753e-03 3.543876577168703079e-03 9.897474199533462524e-03 3.825070708990097046e-02 1.051419302821159363e-01 1.246153656393289566e-02 7.520618289709091187e-02 4.992137104272842407e-02 3.654265403747558594e-02 4.542461410164833069e-02 8.298359811305999756e-03 1.127739809453487396e-02 1.689178869128227234e-02 2.317791990935802460e-02 5.626969039440155029e-02 3.359382599592208862e-02 9.312241338193416595e-03 1.515637431293725967e-02
6.325408816337585449e-02 2.220250852406024933e-02 2.184171229600906372e-02 1.470230147242546082e-02 7.768034189939498901e-02 1.453738752752542496e-02 6.078255176544189453e-02 2.132811769843101501e-02 4.492456465959548950e-02 5.623923614621162415e-02 4.021814465522766113e-02 5.665626749396324158e-02 3.243143483996391296e-02 3.883239254355430603e-02 1.830892078578472137e-02 3.383060917258262634e-02 6.873314827680587769e-02 1.133576333522796631e-01 9.223262220621109009e-02 1.981527172029018402e-02 8.292053639888763428e-02 2.500881999731063843e-02 3.127862513065338135e-02 3.799985349178314209e-02 1.094482839107513428e-02 3.577477484941482544e-02 3.221920132637023926e-02 3.928092774003744125e-03 2.615614561364054680e-03 2.388265915215015411e-02 1.758948341012001038e-02 5.607596784830093384e-02 5.349410325288772583e-02 7.417916785925626755e-03 7.075402885675430298e-02 4.599798843264579773e-02 9.509149007499217987e-03 3.215719386935234070e-02 7.907380908727645874e-02 1.055364385247230530e-01 8.806541562080383301e-02 2.539387438446283340e-03 1.426532631739974022e-03 5.731863528490066528e-02 5.836832523345947266e-02 9.688544273376464844e-02 3.104552254080772400e-02 7.458486407995223999e-02 6.106754019856452942e-02 1.059019193053245544e-01 3.075906448066234589e-02 2.688163518905639648e-02 4.589208588004112244e-02 6.595939397811889648e-02 1.046178862452507019e-01 2.183756791055202484e-02 4.639067873358726501e-02 8.741112053394317627e-02 2.914564870297908783e-02 2.983132936060428619e-02 1.887041889131069183e-02 1.021196693181991577e-01 1.092345491051673889e-01 8.969362080097198486e-02 3.445553779602050781e-02 7.958666421473026276e-03 4.523124173283576965e-02 3.213423117995262146e-02 3.814185783267021179e-02 6.029040366411209106e-02 3.685393184423446655e-02 6.427816301584243774e-02 9.527073241770267487e-03 3.379423543810844421e-02 4.896553605794906616e-02 5.068363994359970093e-02 2.281589508056640625e-01 9.585061110556125641e-03 5.509600974619388580e-03 6.965314596891403198e-02 4.539388418197631836e-02 2.571521885693073273e-02 7.205092161893844604e-02 1.700921915471553802e-02 3.462774306535720825e-02 2.036242745816707611e-02 1.899867132306098938e-02 3.320056572556495667e-02 4.733164608478546143e-02 3.378656134009361267e-02 3.607983142137527466e-02 8.308251388370990753e-03 3.840257599949836731e-02 7.837497442960739136e-02 6.027417257428169250e-02 9.555371850728988647e-02 5.308397859334945679e-02 3.637471795082092285e-02 8.033560216426849365e-02 4.573105275630950928e-02 4.767709597945213318e-02 3.381680697202682495e-02 5.014964193105697632e-02 3.300883807241916656e-03 5.611491948366165161e-02 9.718171320855617523e-03 5.491915345191955566e-02 3.980460762977600098e-02 4.758047312498092651e-02 2.327595651149749756e-02 3.640883415937423706e-02 3.982367739081382751e-02 1.969804055988788605e-02 5.140929017215967178e-03 3.452655673027038574e-02 8.464303798973560333e-03
2.738617360591888428e-02 2.538404613733291626e-02 6.373621523380279541e-02 5.563930608332157135e-03 6.133854761719703674e-02 3.400598143343813717e-05 6.929962337017059326e-02 3.902808949351310730e-02 5.623923614621162415e-02 5.584825947880744934e-02 1.490006409585475922e-02 8.421169221401214600e-02 6.063452363014221191e-02 6.593358702957630157e-03 1.849591173231601715e-02 2.239355072379112244e-02 2.109155990183353424e-02 6.787839531898498535e-02 2.124429941177368164e-01 3.680114075541496277e-02 3.299601748585700989e-02 1.395004242658615112e-02 1.096953358501195908e-02 7.781395222991704941e-03 3.536125412210822105e-03 6.435246765613555908e-02 3.931712359189987183e-03 8.948638290166854858e-02 3.826387599110603333e-02 3.804178908467292786e-02 7.354320585727691650e-02 2.237843722105026245e-02 5.679324641823768616e-02 3.467376343905925751e-03 3.766752779483795166e-02 7.256886363029479980e-02 7.167574018239974976e-02 2.220410853624343872e-02 2.106353081762790680e-02 7.833489030599594116e-02 5.107034370303153992e-02 5.218270793557167053e-02 9.351702407002449036e-03 1.219661068171262741e-02 8.693500421941280365e-03 3.942802920937538147e-02 7.175020128488540649e-02 1.573140732944011688e-02 2.580191195011138916e-02 3.537457436323165894e-02 3.394017741084098816e-02 3.154339734464883804e-03 3.235885500907897949e-02 3.439834341406822205e-02 1.049325335770845413e-02 5.964703857898712158e-02 6.675247102975845337e-02 2.922626957297325134e-02 6.930755078792572021e-02 1.443025767803192139e-01 3.410076349973678589e-02 1.868918165564537048e-02 3.395682573318481445e-02 4.964451491832733154e-02 2.532693743705749512e-02 2.057594619691371918e-02 7.817311212420463562e-03 4.680565744638442993e-02 4.576843231916427612e-02 1.288496330380439758e-02 3.883263561874628067e-03 5.762375146150588989e-02 8.708679117262363434e-03 5.517519637942314148e-02 4.854277521371841431e-02 5.831002071499824524e-02 6.921951472759246826e-02 1.637551784515380859e-01 1.045756135135889053e-02 1.570035219192504883e-01 4.406079649925231934e-02 9.831391274929046631e-02 3.622112795710563660e-03 3.165397420525550842e-02 5.004421994090080261e-02 2.094166725873947144e-02 3.013982996344566345e-02 3.151661530137062073e-02 5.209141969680786133e-02 2.997121773660182953e-02 5.610365793108940125e-02 5.876481905579566956e-02 3.333448618650436401e-02 1.401054486632347107e-02 1.026515290141105652e-02 3.333033993840217590e-02 5.227656289935112000e-02 6.605921080335974693e-04 7.468058168888092041e-02 7.432031631469726562e-02 3.726401925086975098e-02 3.004381246864795685e-02 5.848031025379896164e-03 8.385749906301498413e-02 5.032710731029510498e-02 4.188134521245956421e-02 5.362489726394414902e-03 3.345564240589737892e-03 7.794097065925598145e-02 1.423457078635692596e-02 4.530357569456100464e-02 3.983974829316139221e-02 4.478455986827611923e-03 5.132204666733741760e-02 6.551365368068218231e-03 5.928957462310791016e-02
1.221574619412422180e-01 2.315016090869903564e-02 2.561591193079948425e-02 1.880941353738307953e-02 2.546320669353008270e-02 3.367387875914573669e-02 7.251417636871337891e-02 1.656832732260227203e-02 4.021814465522766113e-02 1.490006409585475922e-02 6.441576778888702393e-02 3.113291412591934204e-02 1.100938618183135986e-01 3.522473573684692383e-02 2.841884456574916840e-02 5.202633887529373169e-02 2.068128250539302826e-02 1.485508121550083160e-02 5.029839929193258286e-03 2.150932414224371314e-05 2.769536338746547699e-02 1.107084304094314575e-01 3.852052986621856689e-02 3.962194547057151794e-02 3.707315772771835327e-02 2.048556506633758545e-02 9.821695089340209961e-02 4.553512856364250183e-02 1.141575723886489868e-01 2.611462771892547607e-02 2.022485481575131416e-03 7.624322082847356796e-03 6.667418032884597778e-02 1.100438553839921951e-02 9.751426987349987030e-03 6.320604681968688965e-02 1.739071868360042572e-02 4.006391763687133789e-02 1.337867509573698044e-02 4.862453322857618332e-03 5.622548609972000122e-02 1.159038511104881763e-03 3.478945046663284302e-02 4.232502728700637817e-02 5.052771419286727905e-02 1.402899157255887985e-02 9.118413925170898438e-02 4.422170575708150864e-03 5.352763831615447998e-02 6.003831326961517334e-02 1.107574533671140671e-02 5.359345674514770508e-02 6.559868901968002319e-02 2.074976824223995209e-02 9.581258520483970642e-03 3.793379291892051697e-02 1.131876371800899506e-02 9.593854658305644989e-03 1.147685497999191284e-01 3.424586355686187744e-02 3.258797898888587952e-02 3.299082862213253975e-03 4.173379391431808472e-02 2.453743107616901398e-02 1.354945451021194458e-01 7.652352750301361084e-02 1.232052408158779144e-02 4.943629726767539978e-02 4.303678125143051147e-02 1.564974430948495865e-03 1.819595228880643845e-03 1.436429563909769058e-02 1.524257380515336990e-02 1.841750554740428925e-02 3.447918221354484558e-03 6.236753985285758972e-02 3.664697334170341492e-02 3.728402405977249146e-02 3.276932239532470703e-02 2.304298616945743561e-02 2.100770547986030579e-02 6.957779079675674438e-02 1.255960948765277863e-02 3.707352094352245331e-03 2.774292975664138794e-02 7.572899758815765381e-02 4.049282148480415344e-02 9.601612389087677002e-02 3.800303861498832703e-02 4.130573570728302002e-02 2.371684461832046509e-02 5.909737572073936462e-02 8.039583265781402588e-02 1.545072160661220551e-02 6.619442254304885864e-02 7.682080380618572235e-03 2.473755553364753723e-02 1.502518169581890106e-02 5.713479965925216675e-02 4.636140540242195129e-02 3.262366726994514465e-02 8.006087690591812134e-02 3.323788940906524658e-02 9.417436085641384125e-03 5.073077604174613953e-02 4.805088788270950317e-02 5.478509515523910522e-02 8.687772788107395172e-03 1.233153697103261948e-02 1.668350026011466980e-02 4.234380647540092468e-02 2.363374456763267517e-02 2.806830452755093575e-03 2.316656894981861115e-02 4.262454807758331299e-02 2.502786181867122650e-02
1.788789778947830200e-02 6.613910198211669922e-02 4.396734014153480530e-02 9.583283215761184692e-03 2.000937424600124359e-02 1.386174559593200684e-01 1.051862537860870361e-01 2.754171146079897881e-03 5.665626749396324158e-02 8.421169221401214600e-02 3.113291412591934204e-02 1.267903205007314682e-02 2.569100260734558105e-02 1.661582440137863159e-01 1.364710927009582520e-02 2.120690979063510895e-02 1.839916594326496124e-02 4.676631093025207520e-02 6.462198495864868164e-02 3.237773105502128601e-02 2.666932763531804085e-03 3.462276980280876160e-02 9.484375827014446259e-03 3.275274485349655151e-02 2.088534832000732422e-02 1.755717024207115173e-02 2.812054194509983063e-02 1.790476143360137939e-01 1.624180749058723450e-02 9.517204761505126953e-02 1.133236847817897797e-02 2.929906360805034637e-02 1.252762321382761002e-02 3.909515589475631714e-02 1.633726060390472412e-02 2.715068310499191284e-02 2.127633988857269287e-02 4.118122160434722900e-02 5.315287038683891296e-03 6.848903745412826538e-02 1.444819197058677673e-02 8.375735953450202942e-03 7.724604010581970215e-02 3.784241154789924622e-02 3.892929852008819580e-02 5.859857425093650818e-03 5.362443253397941589e-02 4.456114396452903748e-02 5.243985727429389954e-02 6.922169029712677002e-02 1.997496001422405243e-02 9.637009352445602417e-03 2.521690912544727325e-02 1.930784806609153748e-02 1.032453402876853943e-02 7.846100255846977234e-03 2.409148775041103363e-02 5.439586937427520752e-02 3.957180306315422058e-02 1.669207215309143066e-02 2.265407703816890717e-02 8.133142441511154175e-02 6.782783567905426025e-02 5.597941577434539795e-02 1.358111761510372162e-02 3.794012591242790222e-02 3.255079314112663269e-02 1.963263936340808868e-02 4.238696768879890442e-02 1.407572068274021149e-02 5.164760351181030273e-02 3.446222469210624695e-02 1.086273416876792908e-02 5.324846133589744568e-02 4.514994099736213684e-02 6.072512641549110413e-02 3.932344168424606323e-02 2.405453659594058990e-02 8.977024257183074951e-02 1.117685623466968536e-02 9.556400589644908905e-03 6.272862106561660767e-02 1.026786342263221741e-01 1.012401133775711060e-01 4.926379304379224777e-03 9.172607096843421459e-04 3.361193835735321045e-02 7.578519731760025024e-02 4.276986420154571533e-02 4.357659071683883667e-02 1.014993712306022644e-02 2.689572982490062714e-02 3.512724116444587708e-02 5.241172388195991516e-02 5.549512431025505066e-02 1.173259466886520386e-01 6.704531610012054443e-02 1.189385913312435150e-02 4.912527278065681458e-02 1.472907979041337967e-02 7.364468649029731750e-03 5.943585652858018875e-03 3.123882226645946503e-02 3.990089148283004761e-02 2.468617074191570282e-02 1.709153316915035248e-02 4.778551869094371796e-03 2.716898731887340546e-02 8.689894340932369232e-03 5.434580519795417786e-02 1.875390112400054932e-02 2.266520261764526367e-02 1.885678991675376892e-02 7.357218116521835327e-02 5.613067653030157089e-03 5.461525171995162964e-03
1.642193943262100220e-01 1.514462381601333618e-01 5.954901129007339478e-02 1.724304631352424622e-02 9.557751007378101349e-03 1.512880623340606689e-01 6.598684936761856079e-02 4.577661305665969849e-02 3.243143483996391296e-02 6.063452363014221191e-02 1.100938618183135986e-01 2.569100260734558105e-02 5.248607322573661804e-02 1.648302003741264343e-02 6.526037119328975677e-03 6.118115037679672241e-03 3.617068752646446228e-02 3.634361177682876587e-02 2.140975743532180786e-02 3.760720789432525635e-02 2.268765307962894440e-02 7.575811445713043213e-02 5.074009671807289124e-02 1.698469929397106171e-02 2.988312393426895142e-02 6.220393348485231400e-03 3.597321920096874237e-03 4.828343167901039124e-02 5.914451926946640015e-02 4.122402053326368332e-03 1.565888822078704834e-01 5.763217061758041382e-02 6.140196695923805237e-02 1.603967137634754181e-02 6.707595288753509521e-02 1.082779560238122940e-02 2.581249736249446869e-02 2.836202271282672882e-02 1.380284130573272705e-02 2.133216708898544312e-02 6.182421371340751648e-02 2.847774513065814972e-02 5.807186663150787354e-02 1.220480538904666901e-02 4.969328641891479492e-02 2.220815606415271759e-02 8.192342938855290413e-04 1.638926449231803417e-03 5.387996509671211243e-02 6.232719868421554565e-03 2.298874035477638245e-02 3.197313100099563599e-02 4.580931738018989563e-02 4.064236581325531006e-02 4.887945950031280518e-02 6.113024055957794189e-02 7.831249386072158813e-02 2.941132336854934692e-02 6.224117800593376160e-02 1.201306656002998352e-02 5.523148551583290100e-02 4.282906651496887207e-02 2.043659985065460205e-02 3.172859549522399902e-02 3.851669281721115112e-02 5.863955616950988770e-02 3.066288307309150696e-02 8.731680922210216522e-03 3.537877649068832397e-02 5.600123107433319092e-02 3.094738721847534180e-02 5.490333214402198792e-02 2.309004776179790497e-02 4.933468624949455261e-02 2.760385535657405853e-02 4.567153379321098328e-02 5.647294223308563232e-02 4.822598397731781006e-02 3.317346051335334778e-02 1.203546673059463501e-02 4.969248175621032715e-02 2.026308700442314148e-02 4.011217504739761353e-02 4.294891655445098877e-02 7.106359582394361496e-03 4.587393626570701599e-02 2.623647637665271759e-02 2.997209504246711731e-02 5.006533488631248474e-02 2.535440586507320404e-02 1.769662718288600445e-03 7.964079827070236206e-02 7.490950822830200195e-02 4.089939221739768982e-02 4.489556327462196350e-02 9.722904302179813385e-03 2.159705571830272675e-02 5.443159118294715881e-02 2.333714999258518219e-02 4.980198293924331665e-02 2.863227389752864838e-02 1.945322938263416290e-02 2.897427603602409363e-02 4.605172947049140930e-02 3.372028470039367676e-02 6.793450564146041870e-02 2.846822515130043030e-02 1.720618456602096558e-02 7.930591702461242676e-03 6.326606124639511108e-02 2.352664992213249207e-02 9.587655658833682537e-04 8.406434208154678345e-03 1.570645533502101898e-02 2.538949251174926758e-02 3.169572446495294571e-03
