1.068020910024642944e-01 2.184975594282150269e-01 1.013572793453931808e-02 1.504917815327644348e-02 1.547322608530521393e-02 1.415278017520904541e-01 8.056445419788360596e-02 1.421709731221199036e-02 4.712435230612754822e-02 6.578838452696800232e-03 9.658793359994888306e-02 1.154645998030900955e-02 8.603478223085403442e-02 3.342547686770558357e-03 2.182197012007236481e-02 7.282362133264541626e-02 3.441925346851348877e-02 4.261270165443420410e-02 2.131941728293895721e-02 7.271523121744394302e-03 2.463964372873306274e-02 9.149410761892795563e-03 5.359701812267303467e-03 1.787742041051387787e-02 4.552100598812103271e-02 3.043644130229949951e-02 5.585408303886651993e-03 3.072568587958812714e-02 2.774287387728691101e-02 3.595804050564765930e-02 1.296920236200094223e-02 2.507099881768226624e-02 3.916469961404800415e-02 2.331963181495666504e-02 4.698197543621063232e-02 8.728703251108527184e-04 3.807900846004486084e-02 2.442264370620250702e-02 9.889001399278640747e-02 2.426062524318695068e-02 5.180579051375389099e-02 3.651638329029083252e-02 4.736660793423652649e-02 2.027197740972042084e-03 1.400318834930658340e-02 4.003363847732543945e-02 9.234673529863357544e-02 1.450314931571483612e-02 4.333225637674331665e-02 6.662902422249317169e-03 8.331795781850814819e-02 3.650832921266555786e-02 3.511798381805419922e-02 6.448101717978715897e-03 1.616390235722064972e-02 1.301437150686979294e-02 4.897915571928024292e-02 2.244584821164608002e-02 1.426268927752971649e-02 8.274217136204242706e-03 6.852973252534866333e-02 4.141391441226005554e-02 5.370129272341728210e-02 7.169084856286644936e-04 1.189189031720161438e-02 3.424933925271034241e-02 2.033258043229579926e-02 2.262444980442523956e-02 3.065766999498009682e-03 2.482294291257858276e-02 1.371664460748434067e-02 4.964819550514221191e-02 5.647145211696624756e-02 2.510193176567554474e-02 2.941320091485977173e-02 2.701977826654911041e-02 5.279596149921417236e-02 8.857861394062638283e-04 5.271955393254756927e-03 2.327170409262180328e-02 2.448269352316856384e-02 1.146197691559791565e-02 7.096318900585174561e-02 2.301629632711410522e-02 5.126567557454109192e-02 3.107193624600768089e-03 3.736328706145286560e-02 2.999122720211744308e-03 7.367955055087804794e-03 4.638300091028213501e-02 2.688551321625709534e-02 7.459128648042678833e-02 3.743663057684898376e-02 3.569973632693290710e-02 6.247769296169281006e-02 3.960070013999938965e-02 2.967102639377117157e-02 1.057309936732053757e-02 1.750382781028747559e-02 1.926913857460021973e-02 7.352695800364017487e-03 1.310471259057521820e-02 3.390581905841827393e-02 3.216335922479629517e-02 1.258140709251165390e-02 2.693886682391166687e-02 2.711560949683189392e-02 2.875790931284427643e-02 2.405749820172786713e-02 7.198246195912361145e-03 6.454797927290201187e-03 2.968991175293922424e-02 2.272333018481731415e-02 2.848585136234760284e-02 1.123323943465948105e-02 1.938044652342796326e-02
2.184975594282150269e-01 1.207938715815544128e-01 1.348869316279888153e-02 2.852639742195606232e-02 4.722298681735992432e-02 1.736849248409271240e-01 1.401814669370651245e-01 3.640866279602050781e-02 2.511479891836643219e-02 1.984006911516189575e-02 9.361354261636734009e-02 3.781051561236381531e-02 9.718697518110275269e-02 6.263749301433563232e-02 5.251938104629516602e-02 1.491577085107564926e-02 3.255388885736465454e-02 1.923361606895923615e-02 3.904959186911582947e-02 3.072399704251438379e-04 8.447129221167415380e-05 5.257956217974424362e-04 5.097995162941515446e-04 1.263152924366295338e-03 4.635098204016685486e-02 4.386158287525177002e-02 1.227257587015628815e-02 2.753436565399169922e-02 4.873004928231239319e-02 2.057106792926788330e-02 3.711833432316780090e-02 4.545454430626705289e-06 6.817247718572616577e-02 8.218931034207344055e-03 7.033129036426544189e-02 3.363555297255516052e-02 4.917695000767707825e-02 1.323805190622806549e-02 9.493208676576614380e-02 1.722464524209499359e-02 6.780709140002727509e-03 3.216829895973205566e-02 3.948168829083442688e-02 3.878436237573623657e-02 2.463877946138381958e-02 5.519924685359001160e-02 1.028434857726097107e-01 3.414053097367286682e-02 3.513009846210479736e-02 7.530516479164361954e-03 6.610474735498428345e-02 6.277095526456832886e-02 2.225169539451599121e-02 3.451800346374511719e-02 4.667807370424270630e-02 2.710709720849990845e-02 3.627501055598258972e-02 8.430718630552291870e-02 6.039923522621393204e-03 7.493370212614536285e-03 5.156277865171432495e-02 5.068825185298919678e-02 6.125732790678739548e-03 2.339522540569305420e-02 5.281509459018707275e-02 8.971136994659900665e-03 5.123845115303993225e-02 9.563789935782551765e-04 1.498938538134098053e-02 2.468023449182510376e-02 2.275304496288299561e-02 2.017702674493193626e-03 2.284211665391921997e-02 3.631809353828430176e-02 2.878033369779586792e-02 3.277464210987091064e-02 4.459100216627120972e-02 3.862202167510986328e-02 1.651733182370662689e-02 2.703115809708833694e-03 7.511658594012260437e-03 1.337268669158220291e-02 2.911808434873819351e-03 3.826164826750755310e-02 1.286562718451023102e-02 1.899796910583972931e-02 3.678970411419868469e-02 2.998693613335490227e-03 3.237379714846611023e-02 1.352366898208856583e-02 2.447656122967600822e-03 2.009628899395465851e-02 8.196784183382987976e-03 1.349661033600568771e-02 4.494781023822724819e-04 1.702868565917015076e-02 4.432953149080276489e-02 1.734513044357299805e-02 2.665267325937747955e-03 1.196977216750383377e-02 3.477903828024864197e-02 6.055331323295831680e-03 1.350454892963171005e-02 1.687282882630825043e-02 1.249056868255138397e-02 1.132575515657663345e-02 2.644792012870311737e-02 5.213342607021331787e-02 9.118643589317798615e-03 1.350291632115840912e-02 3.608515486121177673e-03 2.080585435032844543e-02 3.210036456584930420e-02 4.394078627228736877e-02 7.777474075555801392e-02 3.045075759291648865e-02
1.013572793453931808e-02 1.348869316279888153e-02 4.412442073225975037e-02 1.160523202270269394e-02 3.575346246361732483e-02 4.921035096049308777e-02 4.107724875211715698e-02 1.411893069744110107e-01 6.383236497640609741e-02 5.606457963585853577e-02 2.971613965928554535e-02 5.141895636916160583e-02 9.743406437337398529e-03 3.169856593012809753e-02 3.123710677027702332e-02 4.070429131388664246e-02 6.037128157913684845e-03 7.772674411535263062e-02 1.389101892709732056e-02 7.430430967360734940e-03 2.562051522545516491e-04 6.434814631938934326e-02 4.383696988224983215e-02 5.454879254102706909e-02 6.438119336962699890e-03 7.249894551932811737e-03 4.998123645782470703e-02 9.112535044550895691e-03 2.695379778742790222e-02 1.838860101997852325e-02 1.050890330225229263e-02 1.999859325587749481e-02 1.636958404560573399e-05 1.147656422108411789e-02 1.497371215373277664e-02 1.455348264425992966e-02 8.045559749007225037e-03 1.425628550350666046e-02 1.053379289805889130e-02 8.414471149444580078e-02 3.058328479528427124e-02 2.840412966907024384e-02 1.395042054355144501e-02 5.249131936579942703e-03 1.700379513204097748e-02 2.719463966786861420e-02 3.336582332849502563e-02 3.083065338432788849e-02 5.942779779434204102e-02 4.139531403779983521e-02 5.611129570752382278e-03 3.231392055749893188e-02 3.210527822375297546e-02 7.302289362996816635e-03 2.622256215545348823e-05 3.372136503458023071e-02 1.506567746400833130e-02 1.496394257992506027e-02 2.108628489077091217e-02 3.078141994774341583e-02 2.880968339741230011e-02 4.037318378686904907e-02 3.511032462120056152e-02 4.512805864214897156e-02 4.368888586759567261e-02 4.296405613422393799e-02 2.092861011624336243e-02 1.690642908215522766e-02 5.134581029415130615e-02 1.157337892800569534e-02 3.786798566579818726e-02 1.717858575284481049e-02 6.055172532796859741e-03 1.353522669523954391e-02 6.919870525598526001e-02 2.232330478727817535e-02 1.361072249710559845e-02 1.634198799729347229e-02 7.126085460186004639e-03 4.106305539608001709e-02 1.696451902389526367e-01 8.046867698431015015e-02 4.690147191286087036e-02 9.678388014435768127e-03 4.822903499007225037e-02 3.806978836655616760e-02 4.792504012584686279e-02 5.345815792679786682e-02 6.632436998188495636e-03 1.931606978178024292e-02 2.633955143392086029e-02 1.332169119268655777e-02 2.764396741986274719e-02 5.969764664769172668e-02 3.512985538691282272e-03 1.314611267298460007e-02 5.686071887612342834e-02 6.531576160341501236e-03 1.199780870229005814e-02 2.024286240339279175e-02 5.072286725044250488e-02 2.850150875747203827e-02 9.483315050601959229e-03 1.211513672024011612e-02 2.860837988555431366e-02 2.507675252854824066e-02 6.558224558830261230e-03 1.440706755965948105e-02 1.670742407441139221e-02 1.078711077570915222e-02 5.893907696008682251e-02 2.670572139322757721e-02 1.981731317937374115e-02 4.992019850760698318e-03 2.111791819334030151e-02 2.611712925136089325e-02
1.504917815327644348e-02 2.852639742195606232e-02 1.160523202270269394e-02 2.093571424484252930e-01 3.998933136463165283e-01 8.257208392024040222e-03 1.819965662434697151e-03 1.131949108093976974e-02 8.921571075916290283e-03 7.171147316694259644e-02 5.569963157176971436e-02 6.536728888750076294e-02 6.027054041624069214e-02 5.824267864227294922e-02 3.591904044151306152e-02 4.389815405011177063e-02 2.879616804420948029e-04 4.856347665190696716e-02 5.953186750411987305e-02 1.731651462614536285e-02 1.059910655021667480e-02 1.217654626816511154e-02 5.097123980522155762e-02 6.391114741563796997e-02 2.961524529382586479e-03 5.068583041429519653e-02 1.866285107098519802e-03 5.412545055150985718e-02 3.221226111054420471e-02 1.080862805247306824e-02 3.072684444487094879e-02 2.818100713193416595e-02 1.642075926065444946e-02 2.291499637067317963e-02 6.944841239601373672e-03 4.918384365737438202e-04 1.843916811048984528e-02 3.323901817202568054e-02 2.624603509902954102e-01 4.075962677597999573e-02 3.104205057024955750e-02 4.785178229212760925e-03 2.744637243449687958e-02 5.145036801695823669e-02 3.713821619749069214e-02 3.903817757964134216e-02 1.866209320724010468e-02 8.483864367008209229e-03 1.692178659141063690e-02 1.859194785356521606e-02 3.884578123688697815e-02 7.693191990256309509e-03 7.158543169498443604e-02 2.018325217068195343e-02 1.007170975208282471e-01 4.283951967954635620e-02 3.181171789765357971e-02 3.924620524048805237e-02 3.808284550905227661e-02 2.631070092320442200e-03 1.970494836568832397e-01 6.735855340957641602e-02 3.086275793612003326e-02 9.660345385782420635e-04 6.465489417314529419e-02 7.146390527486801147e-02 4.403648525476455688e-02 3.347143530845642090e-02 5.625230073928833008e-02 2.300789207220077515e-02 7.819553464651107788e-02 3.377310698851943016e-03 3.175875842571258545e-01 4.354205913841724396e-03 7.260118424892425537e-02 2.661135233938694000e-02 1.230296213179826736e-02 2.496998757123947144e-02 3.315133228898048401e-02 5.054819583892822266e-02 2.636876143515110016e-02 9.004391729831695557e-03 1.002930998802185059e-01 8.616265654563903809e-02 4.897072166204452515e-02 6.152806803584098816e-03 2.794339880347251892e-02 6.759781856089830399e-03 2.822574786841869354e-02 1.311334967613220215e-01 2.411403879523277283e-02 1.120866555720567703e-02 5.618826951831579208e-03 3.263381496071815491e-02 1.255828142166137695e-01 2.304186671972274780e-02 1.358868181705474854e-02 2.186315599828958511e-03 8.394190110266208649e-03 4.114362969994544983e-02 3.427845984697341919e-02 1.653750427067279816e-02 3.752649202942848206e-02 1.049114950001239777e-02 7.534932345151901245e-02 2.942810300737619400e-03 5.370181053876876831e-02 1.352383522316813469e-03 4.790980741381645203e-02 2.552208676934242249e-02 3.072023764252662659e-02 1.268779393285512924e-02 2.666799910366535187e-02 1.605666987597942352e-02 3.014391055330634117e-03 2.259645983576774597e-02
1.547322608530521393e-02 4.722298681735992432e-02 3.575346246361732483e-02 3.998933136463165283e-01 1.413762271404266357e-01 6.899088621139526367e-04 3.573579341173171997e-02 3.250331059098243713e-02 2.094879187643527985e-02 4.596905410289764404e-02 2.757357805967330933e-02 1.605335250496864319e-02 3.321814537048339844e-02 5.876197665929794312e-02 1.882388629019260406e-02 7.162358611822128296e-02 2.062848769128322601e-02 1.003939076326787472e-03 3.367200260981917381e-03 3.216425830032676458e-04 7.148148864507675171e-02 2.138979546725749969e-02 6.961254775524139404e-02 7.125073671340942383e-02 2.862420305609703064e-02 8.119539916515350342e-02 3.023024648427963257e-02 6.253928691148757935e-02 1.033433228731155396e-01 9.159127622842788696e-02 3.506961837410926819e-02 3.668030491098761559e-03 1.461759209632873535e-02 2.096786722540855408e-02 6.334001570940017700e-02 5.717949941754341125e-03 2.302190661430358887e-02 2.193172927945852280e-03 1.311197876930236816e-01 9.173864871263504028e-02 4.977203533053398132e-02 2.768135443329811096e-02 3.218542039394378662e-02 1.874861866235733032e-02 1.548091229051351547e-02 4.595290403813123703e-03 3.757281228899955750e-03 4.045539721846580505e-02 5.726119875907897949e-02 2.979234419763088226e-02 6.539785116910934448e-02 1.051918566226959229e-01 3.918437287211418152e-02 4.758437722921371460e-02 2.328497730195522308e-02 7.225426286458969116e-02 2.302535809576511383e-02 3.344170004129409790e-02 4.874923825263977051e-02 7.262461632490158081e-02 8.590047061443328857e-02 3.151433076709508896e-03 3.734356909990310669e-02 6.108840461820363998e-03 6.538665853440761566e-03 4.748376831412315369e-02 2.128928527235984802e-02 9.861967526376247406e-03 4.768104851245880127e-02 3.046274743974208832e-02 6.209701299667358398e-02 5.132021382451057434e-02 1.512871235609054565e-01 1.562044303864240646e-02 1.536545753479003906e-01 2.848214842379093170e-02 5.864948406815528870e-02 6.950248032808303833e-02 3.470251336693763733e-02 2.246116288006305695e-02 2.719123475253582001e-02 4.252947494387626648e-02 4.127046465873718262e-02 1.560657322406768799e-01 5.865869577974081039e-03 4.599924385547637939e-02 1.103965099900960922e-02 1.279439777135848999e-02 7.818979024887084961e-02 1.285006105899810791e-01 5.207497626543045044e-02 5.087015219032764435e-03 3.738734498620033264e-02 5.620552971959114075e-02 4.044217616319656372e-02 5.303457845002412796e-03 4.625649191439151764e-03 2.121127955615520477e-02 1.805188320577144623e-02 5.764642264693975449e-03 5.165617540478706360e-02 2.290471084415912628e-02 2.149628102779388428e-02 1.647343300282955170e-02 3.060540743172168732e-02 3.254445269703865051e-02 1.040440634824335575e-03 3.448062390089035034e-02 9.028969332575798035e-03 3.851933032274246216e-02 2.706464612856507301e-03 1.246462203562259674e-02 4.187906533479690552e-02 4.714979231357574463e-02 2.318275906145572662e-02 6.758210062980651855e-02
1.415278017520904541e-01 1.736849248409271240e-01 4.921035096049308777e-02 8.257208392024040222e-03 6.899088621139526367e-04 7.755822688341140747e-02 1.858366429805755615e-01 8.593767881393432617e-03 1.910734921693801880e-02 4.143543913960456848e-02 1.690613292157649994e-02 8.462058007717132568e-02 1.989534124732017517e-02 8.916302770376205444e-02 5.183723568916320801e-02 2.562599070370197296e-02 8.070542477071285248e-03 4.956474527716636658e-02 2.243321202695369720e-02 2.243058010935783386e-02 2.893790230154991150e-02 8.637083694338798523e-03 2.283607795834541321e-02 1.403860654681921005e-02 4.677895084023475647e-02 5.637567117810249329e-02 1.388429384678602219e-02 4.700166359543800354e-02 6.144498288631439209e-02 2.097934857010841370e-02 7.686746865510940552e-02 3.093046694993972778e-02 2.955164387822151184e-02 9.870374575257301331e-03 1.953607611358165741e-02 3.926291316747665405e-02 8.908563293516635895e-03 1.302370708435773849e-02 1.435955986380577087e-02 1.458664424717426300e-02 3.213416785001754761e-02 4.340591281652450562e-02 2.339235134422779083e-02 6.978609599173069000e-03 1.454091444611549377e-02 4.668200761079788208e-02 1.634866297245025635e-01 5.891902372241020203e-02 4.207059368491172791e-02 6.859334558248519897e-02 1.892882585525512695e-02 1.127820182591676712e-02 8.122078143060207367e-03 3.957178071141242981e-02 4.550396651029586792e-02 1.280094496905803680e-02 6.009672069922089577e-04 6.176646798849105835e-03 2.510814554989337921e-02 1.041272189468145370e-02 2.166116319131106138e-04 2.654381794854998589e-03 8.524002507328987122e-03 1.807439886033535004e-02 1.721084117889404297e-02 4.718104377388954163e-02 1.504870597273111343e-02 4.367562755942344666e-02 3.638867288827896118e-02 1.530009415000677109e-02 1.154117658734321594e-02 4.227532818913459778e-02 5.003187060356140137e-02 4.958011582493782043e-02 5.069380998611450195e-02 5.233284085988998413e-03 4.054447636008262634e-02 5.211075767874717712e-02 2.713322639465332031e-03 2.750575356185436249e-02 2.531488612294197083e-02 4.270594194531440735e-02 8.752704598009586334e-03 4.321161657571792603e-02 3.453256189823150635e-02 2.172661386430263519e-02 6.221871078014373779e-02 6.335367262363433838e-02 5.281860008835792542e-03 3.455164656043052673e-02 2.272357977926731110e-02 4.789489880204200745e-02 2.774847112596035004e-02 5.026960745453834534e-03 2.772165834903717041e-02 2.667979337275028229e-02 6.528982520103454590e-02 4.062594100832939148e-02 1.193858403712511063e-02 3.027837723493576050e-02 1.708141528069972992e-02 2.863917499780654907e-02 1.527074258774518967e-02 4.563349299132823944e-03 6.186947226524353027e-02 1.572970673441886902e-02 1.921749860048294067e-02 2.839757874608039856e-02 2.339167147874832153e-02 5.376272276043891907e-02 2.712413668632507324e-02 1.595691777765750885e-02 1.171560026705265045e-02 5.352704226970672607e-02 7.394614070653915405e-02 1.154895499348640442e-02
8.056445419788360596e-02 1.401814669370651245e-01 4.107724875211715698e-02 1.819965662434697151e-03 3.573579341173171997e-02 1.858366429805755615e-01 1.009171009063720703e-01 2.330271340906620026e-02 6.460897624492645264e-02 1.405628956854343414e-02 2.167268469929695129e-02 2.176680415868759155e-02 5.297432839870452881e-02 7.179210335016250610e-02 7.441493868827819824e-02 3.164960443973541260e-02 5.733990296721458435e-02 4.402412846684455872e-02 9.780681692063808441e-03 7.306448183953762054e-03 2.182734198868274689e-02 4.210154525935649872e-03 2.617835253477096558e-02 1.310562249273061752e-02 1.954841800034046173e-02 2.894845232367515564e-02 7.508380804210901260e-03 7.226275280117988586e-03 4.483884572982788086e-02 3.630376607179641724e-02 3.840693458914756775e-02 2.754222974181175232e-02 4.592497367411851883e-03 3.230680152773857117e-02 3.037265129387378693e-02 4.666023701429367065e-02 2.418796159327030182e-02 4.084170982241630554e-02 4.354511201381683350e-02 2.936239540576934814e-02 3.143157437443733215e-02 9.652130305767059326e-03 4.397652670741081238e-02 3.412368521094322205e-02 3.265166888013482094e-03 4.132957011461257935e-02 1.641751676797866821e-01 1.199667081236839294e-01 1.779881678521633148e-02 8.258112706243991852e-03 8.241140842437744141e-02 8.804323524236679077e-02 1.214106194674968719e-02 3.317603096365928650e-02 5.650030449032783508e-03 9.690892882645130157e-03 3.994921687990427017e-03 4.707128554582595825e-02 1.005021622404456139e-03 2.801954932510852814e-02 3.827010979875922203e-03 5.637421738356351852e-03 4.130620136857032776e-02 3.699453175067901611e-02 4.671631008386611938e-02 3.514621406793594360e-02 5.147502571344375610e-02 6.358293443918228149e-02 2.204726636409759521e-02 1.580795086920261383e-02 1.886575855314731598e-02 4.819400608539581299e-02 1.221643015742301941e-02 2.356202527880668640e-02 4.759201034903526306e-02 2.604268491268157959e-02 2.825740957632660866e-03 1.783742010593414307e-02 7.613223046064376831e-02 2.890253067016601562e-02 5.592810362577438354e-02 3.500238060951232910e-02 3.758209943771362305e-02 4.764765501022338867e-02 3.131351247429847717e-02 4.805310815572738647e-02 1.028046458959579468e-01 5.679445713758468628e-02 3.187223896384239197e-02 3.431656584143638611e-02 2.291047014296054840e-02 6.067004799842834473e-02 2.678470686078071594e-02 1.748115941882133484e-02 2.187063544988632202e-02 5.193088948726654053e-02 6.589549034833908081e-02 4.281868785619735718e-02 1.124145649373531342e-02 8.965431712567806244e-03 7.417204231023788452e-02 3.356520831584930420e-02 1.250921655446290970e-02 1.046193391084671021e-02 3.610703721642494202e-02 9.081390500068664551e-02 7.624038960784673691e-03 4.860148765146732330e-03 3.915647417306900024e-02 2.017000317573547363e-02 5.227372422814369202e-02 7.137034088373184204e-03 9.983190335333347321e-03 7.494502235203981400e-03 4.518578201532363892e-02 4.159733280539512634e-02
1.421709731221199036e-02 3.640866279602050781e-02 1.411893069744110107e-01 1.131949108093976974e-02 3.250331059098243713e-02 8.593767881393432617e-03 2.330271340906620026e-02 1.013022437691688538e-01 6.544803734868764877e-03 4.240554943680763245e-02 7.033923268318176270e-02 2.539131231606006622e-02 6.124046817421913147e-02 1.393459271639585495e-02 1.380019932985305786e-01 7.846272550523281097e-03 1.085899025201797485e-02 1.128965872339904308e-03 1.062771677970886230e-02 1.643052697181701660e-02 2.736331894993782043e-03 6.692022085189819336e-02 1.058907806873321533e-02 1.241425331681966782e-02 3.466913476586341858e-02 3.900240361690521240e-02 6.810659077018499374e-03 1.510506030172109604e-02 3.667140752077102661e-02 3.126249462366104126e-02 7.700550369918346405e-03 3.463071584701538086e-02 1.134135108441114426e-02 2.240814641118049622e-02 9.093488566577434540e-03 1.728198304772377014e-02 1.277386862784624100e-02 8.618674241006374359e-03 7.039820775389671326e-03 3.588715568184852600e-02 2.057835645973682404e-02 2.940266160294413567e-03 3.863550350069999695e-02 2.901180461049079895e-02 5.793718993663787842e-02 3.750727698206901550e-02 3.243874758481979370e-02 4.592134058475494385e-02 1.153347361832857132e-02 5.025233328342437744e-02 2.802497474476695061e-03 1.551776938140392303e-02 1.812393078580498695e-03 4.472795873880386353e-03 3.200424835085868835e-02 6.649791449308395386e-02 5.157502018846571445e-04 3.239113092422485352e-02 5.755320936441421509e-02 2.171702682971954346e-02 3.050976432859897614e-02 5.004771053791046143e-02 3.625882789492607117e-02 1.980134658515453339e-02 3.502142056822776794e-02 4.249582998454570770e-03 7.061148993670940399e-03 8.696647360920906067e-03 3.764034714549779892e-03 1.515966467559337616e-02 2.783953584730625153e-02 4.061180725693702698e-02 1.322209276258945465e-02 1.517062168568372726e-02 4.500699788331985474e-02 3.518941253423690796e-02 3.507914766669273376e-02 2.497939392924308777e-02 2.276224829256534576e-02 3.525605797767639160e-02 2.009268403053283691e-01 1.148421019315719604e-01 1.552936807274818420e-02 4.863063246011734009e-02 7.246438879519701004e-03 4.940699785947799683e-02 1.093376055359840393e-01 5.989190191030502319e-02 2.151396591216325760e-03 1.017421111464500427e-02 8.740394376218318939e-03 2.800453826785087585e-02 3.201692365109920502e-03 9.880770929157733917e-03 5.043613165616989136e-02 7.943229377269744873e-02 2.462432160973548889e-02 2.877811156213283539e-02 4.283938324078917503e-04 8.323724381625652313e-03 6.161848083138465881e-02 4.966699704527854919e-02 2.231757529079914093e-02 2.782818302512168884e-02 1.264863554388284683e-02 6.622475385665893555e-02 5.854701250791549683e-02 1.116140373051166534e-02 1.781919412314891815e-02 2.084814198315143585e-02 3.648123517632484436e-02 3.175024315714836121e-02 2.039242535829544067e-02 3.408276289701461792e-02 1.221923902630805969e-02 4.691576957702636719e-02
4.712435230612754822e-02 2.511479891836643219e-02 6.383236497640609741e-02 8.921571075916290283e-03 2.094879187643527985e-02 1.910734921693801880e-02 6.460897624492645264e-02 6.544803734868764877e-03 1.174028962850570679e-01 1.360663473606109619e-01 5.362800136208534241e-02 4.703612998127937317e-02 3.582525625824928284e-02 4.657395556569099426e-02 1.303342729806900024e-02 7.222782820463180542e-02 6.336915493011474609e-02 2.055374383926391602e-01 2.364878728985786438e-02 5.131682753562927246e-02 4.101817309856414795e-02 1.419550855644047260e-03 1.344853895716369152e-03 2.171598374843597412e-02 5.283545330166816711e-02 2.369135059416294098e-02 2.658199332654476166e-02 4.055754467844963074e-02 1.020424067974090576e-01 5.527531728148460388e-02 7.359079271554946899e-02 2.287114225327968597e-02 7.300391327589750290e-03 1.677156612277030945e-02 5.752059444785118103e-02 9.582658112049102783e-02 2.558324486017227173e-02 1.076947990804910660e-02 4.142370820045471191e-02 6.454299390316009521e-02 9.677704423666000366e-03 1.085639521479606628e-01 2.645048126578330994e-02 1.287210732698440552e-02 1.008777990937232971e-01 9.342271834611892700e-02 1.313531845808029175e-01 6.960931420326232910e-02 1.006024330854415894e-01 1.101532876491546631e-01 8.374390751123428345e-02 4.503533244132995605e-02 9.249026887118816376e-03 2.634576335549354553e-02 1.106869205832481384e-01 4.395483806729316711e-02 3.213058039546012878e-02 2.975028194487094879e-02 1.648120209574699402e-02 1.640503667294979095e-02 9.154868870973587036e-02 8.050044625997543335e-02 2.875805087387561798e-02 5.117446184158325195e-03 3.905213205143809319e-03 1.259968895465135574e-02 1.687328703701496124e-02 4.487932473421096802e-02 2.391409315168857574e-02 3.896711766719818115e-02 2.835214510560035706e-02 2.274877950549125671e-02 1.990054734051227570e-02 2.460037171840667725e-02 3.636580705642700195e-02 6.629360839724540710e-03 3.090490996837615967e-01 2.054290473461151123e-01 9.370119124650955200e-02 3.601767495274543762e-02 7.738233078271150589e-03 2.401188947260379791e-02 4.934278875589370728e-02 4.614589735865592957e-02 5.373591184616088867e-02 6.125125661492347717e-02 5.745800957083702087e-02 2.189018949866294861e-02 1.215486600995063782e-01 2.981435321271419525e-02 5.649315938353538513e-02 2.948557399213314056e-02 2.100707404315471649e-02 1.568470895290374756e-02 4.283710941672325134e-02 7.885824143886566162e-02 3.780821105465292931e-03 6.244102492928504944e-02 1.149023249745368958e-01 6.820043176412582397e-02 2.350262179970741272e-02 2.958603203296661377e-02 2.161014359444379807e-03 4.087938740849494934e-02 2.145044319331645966e-02 1.221734192222356796e-02 3.889540955424308777e-02 5.364146456122398376e-02 6.712167710065841675e-02 2.310061268508434296e-02 1.929353736340999603e-02 9.828715585172176361e-03 4.427947103977203369e-02 6.131915748119354248e-02 4.300487786531448364e-02 5.429239943623542786e-02
6.578838452696800232e-03 1.984006911516189575e-02 5.606457963585853577e-02 7.171147316694259644e-02 4.596905410289764404e-02 4.143543913960456848e-02 1.405628956854343414e-02 4.240554943680763245e-02 1.360663473606109619e-01 1.277913898229598999e-01 3.157152980566024780e-02 2.508035674691200256e-02 1.333758421242237091e-02 5.840472504496574402e-02 3.766087815165519714e-03 4.113615304231643677e-02 1.347315870225429535e-02 4.876596480607986450e-02 1.420781612396240234e-01 1.360166165977716446e-02 5.237912386655807495e-02 2.654417045414447784e-02 3.420519828796386719e-02 6.221804022789001465e-02 2.725023962557315826e-02 4.535399004817008972e-02 1.417806465178728104e-02 3.911563381552696228e-02 4.212315380573272705e-02 2.131011802703142166e-03 9.409377723932266235e-02 7.332882285118103027e-02 5.958920344710350037e-02 7.983682304620742798e-02 3.988744318485260010e-02 1.951879262924194336e-02 4.012427851557731628e-02 2.624926716089248657e-02 1.968888007104396820e-02 4.532589390873908997e-02 2.737333253026008606e-02 9.321760386228561401e-02 5.023578181862831116e-02 1.792610436677932739e-02 6.889638304710388184e-02 2.692519221454858780e-03 4.619262740015983582e-02 2.609878778457641602e-03 2.261468581855297089e-02 1.208713352680206299e-01 4.134717211127281189e-02 6.761439144611358643e-02 1.712965965270996094e-02 1.575817726552486420e-02 3.915495797991752625e-02 2.268947809934616089e-01 2.513034734874963760e-03 8.272071182727813721e-02 3.881749138236045837e-02 1.520225498825311661e-02 8.533127605915069580e-03 6.660051178187131882e-03 6.980047374963760376e-02 2.099844813346862793e-02 3.731170296669006348e-02 9.053313173353672028e-03 7.576815038919448853e-02 7.251818198710680008e-03 5.556552112102508545e-02 1.907749474048614502e-02 2.594607137143611908e-02 3.743295744061470032e-02 2.336052432656288147e-02 1.949038356542587280e-02 1.575181819498538971e-02 2.267779782414436340e-02 5.817881226539611816e-02 2.870445549488067627e-01 6.715325172990560532e-03 1.912369132041931152e-01 2.208952978253364563e-02 2.969689294695854187e-02 1.924593746662139893e-02 5.388892255723476410e-03 3.857246413826942444e-02 1.777994260191917419e-02 1.468492858111858368e-02 4.150005115661770105e-04 6.552589684724807739e-02 9.575793147087097168e-02 1.465731486678123474e-02 1.706481166183948517e-02 1.002851221710443497e-02 2.372615598142147064e-02 5.342368409037590027e-02 8.616755902767181396e-02 2.857811516150832176e-03 7.460881490260362625e-03 4.586821049451828003e-02 5.109586566686630249e-02 1.491425093263387680e-02 4.830732010304927826e-03 6.012824177742004395e-02 7.567955181002616882e-03 1.695846021175384521e-02 1.951726339757442474e-02 4.550039395689964294e-02 1.843963749706745148e-02 5.615746602416038513e-02 4.806598648428916931e-02 4.234056919813156128e-02 3.141373768448829651e-02 7.163053005933761597e-02 2.957763150334358215e-03 3.257215768098831177e-02 4.087307676672935486e-02
9.658793359994888306e-02 9.361354261636734009e-02 2.971613965928554535e-02 5.569963157176971436e-02 2.757357805967330933e-02 1.690613292157649994e-02 2.167268469929695129e-02 7.033923268318176270e-02 5.362800136208534241e-02 3.157152980566024780e-02 7.223033905029296875e-02 4.251192137598991394e-02 1.697788238525390625e-01 5.004507256671786308e-04 3.990278765559196472e-02 2.886236086487770081e-02 5.008914042264223099e-03 5.285701528191566467e-02 9.454740211367607117e-03 7.237601559609174728e-03 1.815232448279857635e-02 2.988101728260517120e-02 1.070109102874994278e-02 2.508107200264930725e-02 3.647159412503242493e-02 1.150583848357200623e-02 2.800596877932548523e-02 1.268866937607526779e-02 5.616863444447517395e-02 8.505767211318016052e-03 6.225729361176490784e-02 3.098815865814685822e-02 3.448301227763295174e-03 3.175251418724656105e-03 8.590091019868850708e-03 2.308745868504047394e-03 2.069053612649440765e-02 7.228704635053873062e-03 1.916417293250560760e-02 3.913028910756111145e-02 1.099235191941261292e-02 2.963135484606027603e-03 3.279048576951026917e-02 4.346180707216262817e-03 3.884102776646614075e-02 1.922902651131153107e-02 4.280469939112663269e-02 5.608670786023139954e-02 1.091279368847608566e-02 6.581790745258331299e-03 2.903006784617900848e-02 4.836833849549293518e-02 5.372416228055953979e-02 5.420846398919820786e-03 1.617494039237499237e-02 3.130661323666572571e-02 2.749398909509181976e-02 6.841181218624114990e-02 1.942822011187672615e-03 3.605457395315170288e-02 1.822119764983654022e-02 1.263809017837047577e-02 4.123809188604354858e-02 3.558002412319183350e-02 7.175545394420623779e-02 4.824871197342872620e-02 3.713053837418556213e-02 7.209679577499628067e-03 1.431482750922441483e-02 3.860170952975749969e-03 1.769009418785572052e-02 2.054087817668914795e-02 1.987646147608757019e-02 2.361025102436542511e-02 1.611393317580223083e-02 5.333673907443881035e-04 7.527361158281564713e-03 4.388159513473510742e-02 3.533291071653366089e-02 2.618801593780517578e-02 2.663662470877170563e-02 9.733363986015319824e-03 4.039362445473670959e-02 4.813382867723703384e-03 5.002740770578384399e-03 9.489248506724834442e-03 2.572883479297161102e-02 2.699600532650947571e-02 3.626750549301505089e-03 4.831473901867866516e-02 6.009953841567039490e-02 6.981582939624786377e-02 5.365902557969093323e-02 3.492629039101302624e-04 3.931245207786560059e-02 2.278899587690830231e-02 1.428973861038684845e-02 2.388693019747734070e-02 8.496232330799102783e-03 5.754168704152107239e-02 3.977205604314804077e-02 3.561419434845447540e-03 7.822411134839057922e-03 6.929928902536630630e-03 9.108779020607471466e-03 1.325848139822483063e-02 5.108793824911117554e-02 2.705184184014797211e-02 6.486362963914871216e-02 4.013085737824440002e-02 1.344747003167867661e-02 9.019968099892139435e-03 2.855776343494653702e-03 2.405090199317783117e-04 1.547537371516227722e-02 3.665177850052714348e-03
1.154645998030900955e-02 3.781051561236381531e-02 5.141895636916160583e-02 6.536728888750076294e-02 1.605335250496864319e-02 8.462058007717132568e-02 2.176680415868759155e-02 2.539131231606006622e-02 4.703612998127937317e-02 2.508035674691200256e-02 4.251192137598991394e-02 7.252448052167892456e-02 1.085947174578905106e-02 2.078039050102233887e-01 4.625170491635799408e-03 8.451727218925952911e-03 4.857849329710006714e-02 3.670846298336982727e-02 3.523832932114601135e-02 2.075720578432083130e-02 3.555798903107643127e-02 1.875419914722442627e-02 8.605025708675384521e-02 8.176539093255996704e-02 4.693776741623878479e-02 3.774332255125045776e-02 6.240568310022354126e-02 1.179452762007713318e-01 5.888810381293296814e-02 5.455990880727767944e-02 4.481647536158561707e-02 8.395459502935409546e-02 2.381980419158935547e-02 1.935908384621143341e-02 1.973576657474040985e-02 2.326000481843948364e-02 4.321401007473468781e-03 1.346478145569562912e-02 2.782828174531459808e-02 5.241563543677330017e-02 1.288242754526436329e-03 1.822906918823719025e-02 9.813394863158464432e-04 3.615541383624076843e-02 1.187933534383773804e-01 7.617788761854171753e-02 1.736048795282840729e-02 2.199882082641124725e-02 5.882636457681655884e-02 4.263800382614135742e-02 5.185624212026596069e-02 5.603868886828422546e-02 3.536477312445640564e-02 1.268095057457685471e-02 6.176083907485008240e-02 1.060576215386390686e-01 4.858305305242538452e-02 1.049274485558271408e-02 2.041568048298358917e-02 2.309841569513082504e-03 2.728611230850219727e-02 1.091290116310119629e-01 6.962843326618894935e-05 6.330522242933511734e-03 6.046393886208534241e-02 5.520546063780784607e-02 3.428979590535163879e-02 1.005923375487327576e-02 7.914926111698150635e-02 1.162971928715705872e-01 6.615220755338668823e-02 7.088869344443082809e-03 6.089292466640472412e-02 8.151809126138687134e-02 2.458669245243072510e-02 3.626773133873939514e-02 9.730498492717742920e-02 2.680503390729427338e-02 3.780543431639671326e-02 9.925769269466400146e-02 4.540837556123733521e-02 7.882581092417240143e-03 4.698108881711959839e-02 5.093348398804664612e-02 3.648552671074867249e-02 6.566281616687774658e-02 3.043982945382595062e-02 4.698252305388450623e-03 1.336886584758758545e-01 5.898025352507829666e-03 2.363921888172626495e-02 1.927754259668290615e-03 3.843456134200096130e-02 6.642896216362714767e-03 2.314128167927265167e-02 4.262553527951240540e-02 3.355224058032035828e-02 2.915991470217704773e-02 2.062794193625450134e-02 3.817940829321742058e-03 4.041007161140441895e-02 5.729605257511138916e-02 2.805394493043422699e-02 1.498567499220371246e-02 4.407349973917007446e-02 5.357559304684400558e-03 2.585717011243104935e-03 9.013310074806213379e-02 4.304328188300132751e-02 2.024388872087001801e-02 1.233094930648803711e-02 7.543666753917932510e-03 5.353713873773813248e-03 2.345731295645236969e-02 1.194545347243547440e-02 2.460937201976776123e-02
8.603478223085403442e-02 9.718697518110275269e-02 9.743406437337398529e-03 6.027054041624069214e-02 3.321814537048339844e-02 1.989534124732017517e-02 5.297432839870452881e-02 6.124046817421913147e-02 3.582525625824928284e-02 1.333758421242237091e-02 1.697788238525390625e-01 1.085947174578905106e-02 8.292427659034729004e-02 1.883471757173538208e-02 3.965692222118377686e-02 4.543298482894897461e-02 2.321172133088111877e-02 1.937279477715492249e-02 1.089386921375989914e-02 3.528817556798458099e-03 6.743616424500942230e-03 5.773137882351875305e-02 1.353772636502981186e-02 1.721938326954841614e-02 4.113225731998682022e-03 4.886651411652565002e-03 4.207840189337730408e-03 5.315718706697225571e-03 9.686975926160812378e-02 2.511214651167392731e-02 9.970271587371826172e-02 1.332929008640348911e-03 3.688986226916313171e-02 6.405094638466835022e-03 1.177606731653213501e-02 6.748183071613311768e-02 3.912404179573059082e-02 1.291226968169212341e-02 1.788233593106269836e-02 7.985786534845829010e-03 2.975651063024997711e-02 3.450948372483253479e-02 1.565276412293314934e-03 4.502294585108757019e-02 3.734831139445304871e-02 1.162914559245109558e-03 7.940074801445007324e-02 9.629756957292556763e-02 4.717873525805771351e-04 2.162124030292034149e-02 1.669376343488693237e-02 2.266768133267760277e-03 5.850491672754287720e-02 4.161233082413673401e-02 9.340147487819194794e-03 4.588075447827577591e-03 1.506094913929700851e-02 4.457139223814010620e-02 2.316704019904136658e-02 2.814345248043537140e-02 1.293991133570671082e-02 2.384583465754985809e-02 2.617491595447063446e-02 1.566172949969768524e-02 1.162992324680089951e-02 8.494000881910324097e-02 2.583965845406055450e-02 1.068582106381654739e-02 2.380909025669097900e-02 2.858105115592479706e-02 1.133645232766866684e-02 2.959334477782249451e-02 4.665867984294891357e-02 2.452471817377954721e-04 4.891676362603902817e-03 3.185443347319960594e-03 5.266496911644935608e-02 4.493324831128120422e-02 1.328129973262548447e-02 4.481417685747146606e-02 1.212923228740692139e-02 3.258991986513137817e-02 1.308111939579248428e-02 3.469638153910636902e-02 1.516514178365468979e-02 4.325607046484947205e-02 2.849299833178520203e-02 2.758973278105258942e-02 4.274433851242065430e-02 1.372620742768049240e-02 7.100753486156463623e-02 4.777979850769042969e-02 8.715549111366271973e-02 3.458605334162712097e-02 6.001546606421470642e-02 8.229176513850688934e-03 2.898340113461017609e-02 4.298203438520431519e-02 4.245939850807189941e-02 2.153013087809085846e-02 4.625686910003423691e-03 2.461137436330318451e-02 9.033855982124805450e-03 1.048955135047435760e-02 5.425009410828351974e-03 6.664770096540451050e-02 3.871003165841102600e-02 2.480259165167808533e-02 6.218322739005088806e-02 2.952562877908349037e-03 2.390146255493164062e-02 4.074649885296821594e-03 3.307279199361801147e-02 3.012837143614888191e-03 1.768345758318901062e-02 4.541536793112754822e-03
