2.482082322239875793e-02 2.115640491247177124e-01 2.102594263851642609e-02 1.684987731277942657e-02 3.999043628573417664e-02 1.246605589985847473e-01 2.577486261725425720e-02 8.473434485495090485e-03 3.017339669167995453e-02 1.282924413681030273e-02 2.564512193202972412e-01 1.886428706347942352e-02 1.365986615419387817e-01 3.267166763544082642e-02 4.130475223064422607e-02 6.440364569425582886e-02 3.019608370959758759e-02 2.645459771156311035e-02 5.892735440284013748e-03 7.534866780042648315e-02 4.130735620856285095e-02 6.563668698072433472e-02 3.466227650642395020e-02 1.511919777840375900e-02 3.963013738393783569e-02 1.036083102226257324e-01 1.219789963215589523e-02 2.135017886757850647e-02 8.419717848300933838e-02 1.376034971326589584e-02 3.649282082915306091e-02 2.404188364744186401e-02 2.444811165332794189e-02 2.194391330704092979e-03 4.022084176540374756e-02 1.766987331211566925e-02 2.700442075729370117e-02 1.525272848084568977e-03 6.348855048418045044e-02 2.145156450569629669e-02 3.769403696060180664e-02 4.332066699862480164e-02 3.828708454966545105e-02 1.395494490861892700e-01 1.697819307446479797e-02 6.182654201984405518e-02 1.622178032994270325e-02 3.947577998042106628e-02 1.194273121654987335e-02 1.071773096919059753e-02 3.515533730387687683e-02 2.042467519640922546e-02 1.211264543235301971e-02 8.640431798994541168e-03 6.535591930150985718e-02 8.964166976511478424e-03 5.694868043065071106e-03 1.794558763504028320e-02 2.834361046552658081e-02 4.327125102281570435e-02 2.840717555955052376e-03 4.248923435807228088e-02 1.331690605729818344e-02 4.407998919486999512e-02 1.067089289426803589e-01 1.293380558490753174e-02 4.046875610947608948e-02 5.047293752431869507e-02 7.058128714561462402e-03 8.195806294679641724e-02 3.759982436895370483e-02 6.778824143111705780e-03 1.759467646479606628e-02 1.048239320516586304e-02 5.033506825566291809e-02 2.634110674262046814e-02 1.683676242828369141e-02 3.308093920350074768e-02 8.257087320089340210e-03 4.680081829428672791e-02 4.049669578671455383e-02 1.791821233928203583e-02 9.158787876367568970e-02 2.766377991065382957e-03 2.243367768824100494e-02 6.320882588624954224e-02 7.540554273873567581e-03 3.892038017511367798e-02 2.738454751670360565e-02 3.528736531734466553e-02 1.682068221271038055e-02 1.896230503916740417e-02 2.330837072804570198e-03 5.119699612259864807e-02 8.268986642360687256e-02 5.610159412026405334e-02 3.029054589569568634e-02 6.361448764801025391e-02 3.724066540598869324e-02 4.293373227119445801e-02 2.213337924331426620e-03 2.921310067176818848e-02 9.026213549077510834e-03 2.923677675426006317e-02 1.991321332752704620e-02 1.648632436990737915e-02 7.012338377535343170e-03 7.430196553468704224e-02 2.942210622131824493e-02 4.501766990870237350e-03 3.427263349294662476e-02 4.187753889709711075e-03 1.539995148777961731e-02 4.287176206707954407e-02 4.998947959393262863e-03 5.941692739725112915e-03
2.115640491247177124e-01 4.448829963803291321e-02 7.453563157469034195e-03 1.306516584008932114e-02 7.967762649059295654e-03 4.641139879822731018e-02 4.944536089897155762e-02 3.119204193353652954e-02 6.313756108283996582e-02 1.124929729849100113e-02 1.394339501857757568e-01 3.342955559492111206e-02 1.812351793050765991e-01 3.560524806380271912e-02 1.750737614929676056e-02 2.564787305891513824e-02 3.422714769840240479e-03 1.652946509420871735e-02 3.689138963818550110e-02 1.200995296239852905e-01 2.482548169791698456e-02 3.298347443342208862e-02 2.800758555531501770e-02 2.457113238051533699e-03 3.059257753193378448e-02 2.981971204280853271e-02 4.530816525220870972e-02 3.903053002431988716e-03 6.181627884507179260e-02 2.090454660356044769e-02 1.484989468008279800e-02 1.271362602710723877e-02 3.874244540929794312e-02 1.489174365997314453e-02 2.560408320277929306e-03 1.079009100794792175e-02 3.155281394720077515e-02 4.314730688929557800e-02 4.208620265126228333e-02 2.044074609875679016e-02 4.823888838291168213e-02 1.471353694796562195e-02 1.725005917251110077e-02 5.970651656389236450e-02 2.705584093928337097e-02 8.176756091415882111e-03 1.465178187936544418e-02 1.348513644188642502e-03 1.639661029912531376e-03 4.946517758071422577e-03 2.275624312460422516e-02 1.518999412655830383e-02 1.235085353255271912e-02 1.480462960898876190e-02 3.382479399442672729e-02 9.105458855628967285e-03 7.543592154979705811e-02 1.029136311262845993e-02 3.788496926426887512e-02 4.951143264770507812e-02 4.388281609863042831e-03 2.891337685286998749e-02 5.433285981416702271e-02 2.959301229566335678e-03 2.072766050696372986e-02 1.412986405193805695e-02 5.311284214258193970e-02 3.819845244288444519e-02 1.110049709677696228e-02 1.642116345465183258e-02 1.023370958864688873e-02 1.352333649992942810e-02 3.524235635995864868e-02 5.284924991428852081e-03 2.430111728608608246e-02 3.972590714693069458e-02 4.374699294567108154e-02 1.483336649835109711e-02 1.095866784453392029e-02 1.799753680825233459e-02 3.695600852370262146e-02 3.488885238766670227e-02 1.241198158822953701e-03 1.544735394418239594e-02 3.679640218615531921e-02 3.366571292281150818e-02 4.771515261381864548e-03 5.551398918032646179e-02 7.972295582294464111e-02 4.102602228522300720e-02 7.811480201780796051e-03 4.212607815861701965e-02 2.506030350923538208e-02 6.188823282718658447e-02 1.826311345212161541e-04 1.032762043178081512e-02 2.011927030980587006e-02 5.565967410802841187e-02 8.447977155447006226e-02 1.312948856502771378e-02 4.242599476128816605e-03 6.555225234478712082e-03 3.271373361349105835e-02 3.182012587785720825e-02 1.126097235828638077e-02 2.313647791743278503e-02 6.547577679157257080e-02 7.089122384786605835e-02 2.395125851035118103e-02 2.690326049923896790e-02 1.421647612005472183e-02 6.120079010725021362e-02 1.713914825813844800e-04 2.290134690701961517e-02 1.326816715300083160e-02 5.405235663056373596e-02
2.102594263851642609e-02 7.453563157469034195e-03 6.633073091506958008e-02 8.702659606933593750e-02 6.086047366261482239e-02 6.766431033611297607e-02 2.093514055013656616e-02 3.318919837474822998e-01 1.270605623722076416e-01 5.017194896936416626e-02 2.005195058882236481e-02 3.586248680949211121e-02 7.619702816009521484e-02 6.463453918695449829e-02 7.329411804676055908e-02 3.845841437578201294e-02 1.482973434031009674e-02 2.056430093944072723e-02 1.026795804500579834e-02 5.363731831312179565e-02 2.487129904329776764e-02 6.262023001909255981e-02 1.877310499548912048e-02 3.517482057213783264e-02 1.493469160050153732e-02 1.961047761142253876e-02 1.751740649342536926e-02 3.382243216037750244e-02 3.326011821627616882e-02 1.046322733163833618e-01 4.608197137713432312e-02 6.430289149284362793e-02 1.052062734961509705e-01 8.466692268848419189e-02 3.980087861418724060e-02 1.463641412556171417e-02 7.996316999197006226e-03 7.982425391674041748e-02 3.440738096833229065e-02 9.835032746195793152e-03 3.134049475193023682e-02 1.818372868001461029e-02 1.513209193944931030e-02 1.176360473036766052e-01 6.288738921284675598e-03 5.423600669018924236e-04 4.131222516298294067e-02 1.920598372817039490e-02 3.773705661296844482e-02 2.417167648673057556e-03 1.771048828959465027e-02 4.087466374039649963e-02 7.418170105665922165e-03 1.344120129942893982e-03 5.446163192391395569e-02 3.404742572456598282e-03 3.182223811745643616e-02 8.661676547490060329e-04 5.442032590508460999e-02 1.124493964016437531e-02 4.711963236331939697e-02 2.940467000007629395e-02 3.973099961876869202e-02 1.786230318248271942e-02 6.389342248439788818e-03 2.893761172890663147e-02 3.048936137929558754e-03 6.636248528957366943e-02 4.813539981842041016e-02 6.038201600313186646e-02 4.879735410213470459e-02 2.708703838288784027e-02 4.858536645770072937e-03 4.979443922638893127e-02 1.888344250619411469e-02 9.024243056774139404e-02 5.093959718942642212e-02 5.401756986975669861e-02 2.156615443527698517e-02 7.978776469826698303e-03 1.692209839820861816e-01 7.795556634664535522e-02 3.227945417165756226e-02 2.342460304498672485e-02 7.604645192623138428e-02 6.237452849745750427e-03 7.130533456802368164e-02 2.647885493934154510e-02 6.276927888393402100e-02 1.050810702145099640e-02 4.921161755919456482e-02 5.086069181561470032e-02 3.913668543100357056e-02 2.148352563381195068e-02 4.032988846302032471e-02 5.638219416141510010e-02 1.221200078725814819e-01 6.967181805521249771e-03 1.601624861359596252e-02 4.494900628924369812e-02 1.230983622372150421e-02 2.619826793670654297e-02 1.372858416289091110e-02 1.338126230984926224e-02 7.011417299509048462e-02 5.347636342048645020e-02 1.564118266105651855e-02 6.092217564582824707e-02 5.522939190268516541e-02 1.661419682204723358e-02 2.657439000904560089e-02 7.486797869205474854e-02 4.942085593938827515e-02 1.039620023220777512e-02 5.910599976778030396e-02 3.077515866607427597e-03
1.684987731277942657e-02 1.306516584008932114e-02 8.702659606933593750e-02 3.391171619296073914e-02 2.783393263816833496e-01 9.323920123279094696e-03 1.644204743206501007e-02 1.443396788090467453e-02 7.232449203729629517e-02 4.647315293550491333e-02 1.269069220870733261e-02 3.186356648802757263e-02 1.363830920308828354e-02 6.587176024913787842e-02 1.533374097198247910e-02 6.136862188577651978e-02 4.959065839648246765e-02 2.766794711351394653e-02 3.513118019327521324e-03 2.609740383923053741e-02 5.327203124761581421e-02 3.366699069738388062e-02 3.181972773745656013e-03 1.451213029213249683e-03 5.251019075512886047e-02 5.415754392743110657e-02 6.961791310459375381e-03 1.038533821702003479e-01 6.165904551744461060e-02 1.030831113457679749e-01 2.400871179997920990e-02 5.293910577893257141e-02 9.882305562496185303e-02 7.332182675600051880e-02 1.466325819492340088e-01 1.233770325779914856e-02 1.177697256207466125e-02 3.330507501959800720e-02 1.049799174070358276e-01 4.004150629043579102e-02 5.730358883738517761e-02 4.601969569921493530e-02 6.506070960313081741e-03 2.147763408720493317e-02 2.064408361911773682e-02 1.152489800006151199e-02 5.188644398003816605e-03 1.466962229460477829e-02 8.460631221532821655e-02 4.670040681958198547e-02 1.392648904584348202e-03 3.559010475873947144e-02 2.123525552451610565e-02 4.912899434566497803e-02 8.467093110084533691e-02 6.904549896717071533e-02 5.159823223948478699e-02 9.386106394231319427e-03 3.241646662354469299e-02 2.682655863463878632e-02 1.424053870141506195e-02 1.146763563156127930e-03 1.230820864439010620e-01 5.227672681212425232e-02 4.125168174505233765e-02 1.904013007879257202e-02 3.470773622393608093e-02 1.387522276490926743e-02 1.210149005055427551e-02 3.268335759639739990e-02 1.393859367817640305e-02 3.998307883739471436e-02 2.829379439353942871e-01 6.646337453275918961e-03 1.531919240951538086e-01 5.464737769216299057e-03 4.435689654201269150e-03 4.214276373386383057e-02 9.489140356890857220e-04 3.261448815464973450e-02 4.396520555019378662e-02 3.765838965773582458e-02 9.604895859956741333e-02 1.690719723701477051e-01 7.990609854459762573e-02 4.793196450918912888e-03 6.091593205928802490e-02 1.461944449692964554e-02 8.480986952781677246e-02 6.913801282644271851e-02 2.634743787348270416e-02 5.173486843705177307e-02 3.037923388183116913e-02 3.035363182425498962e-02 2.641350217163562775e-02 5.253607779741287231e-02 3.345576301217079163e-02 2.016601897776126862e-02 2.760719321668148041e-02 2.230875194072723389e-02 2.364994771778583527e-02 1.083426550030708313e-02 4.137690179049968719e-03 3.523615375161170959e-02 4.970490187406539917e-02 2.228659391403198242e-02 4.246975481510162354e-02 4.357961937785148621e-02 3.598560765385627747e-02 4.285591840744018555e-02 2.063347585499286652e-02 6.988544017076492310e-02 2.073323167860507965e-02 2.341724373400211334e-02 4.912570491433143616e-02 4.792172461748123169e-02
3.999043628573417664e-02 7.967762649059295654e-03 6.086047366261482239e-02 2.783393263816833496e-01 5.531410221010446548e-03 3.203772753477096558e-02 1.903097890317440033e-02 4.679326899349689484e-03 7.091533858329057693e-03 5.814722552895545959e-02 4.045157227665185928e-03 5.757320299744606018e-02 2.926036342978477478e-02 3.763544559478759766e-02 1.849529147148132324e-02 3.482607752084732056e-02 5.893617123365402222e-02 4.065516591072082520e-02 1.302333772182464600e-01 5.593929067254066467e-02 3.209745138883590698e-02 8.327956311404705048e-03 3.268072754144668579e-02 2.045197412371635437e-02 1.175081077963113785e-02 4.934731870889663696e-03 1.858158782124519348e-02 1.032157428562641144e-02 8.143317699432373047e-02 2.850428223609924316e-02 5.600069463253021240e-02 5.787092261016368866e-03 3.192793112248182297e-03 1.698976941406726837e-02 1.264085806906223297e-02 8.475588634610176086e-03 2.027713879942893982e-02 2.178796567022800446e-02 8.053834550082683563e-03 1.252359002828598022e-01 2.791324444115161896e-02 1.205554790794849396e-02 1.198145654052495956e-02 1.228467747569084167e-02 3.408717736601829529e-02 3.746308386325836182e-02 4.995001852512359619e-02 4.561287909746170044e-02 1.383419334888458252e-01 5.753783881664276123e-02 2.147026546299457550e-02 2.169165387749671936e-02 7.240692153573036194e-03 6.381499767303466797e-02 1.318347547203302383e-02 4.772496223449707031e-02 3.451609611511230469e-02 3.085007332265377045e-02 4.534545540809631348e-02 3.898686543107032776e-02 7.207442820072174072e-02 1.069548428058624268e-01 5.605589225888252258e-02 6.756196171045303345e-02 7.645662873983383179e-02 4.175992310047149658e-02 1.815199106931686401e-02 4.945237562060356140e-02 6.191653758287429810e-02 1.410288549959659576e-02 6.072671711444854736e-02 4.678394272923469543e-02 1.002452298998832703e-01 5.284740589559078217e-03 2.205744832754135132e-01 5.418770760297775269e-02 5.618568509817123413e-03 3.859262540936470032e-02 5.951286852359771729e-02 2.959257178008556366e-02 2.182321064174175262e-02 3.774190694093704224e-02 1.792154610157012939e-01 1.082720980048179626e-01 4.971229285001754761e-02 1.068227109499275684e-03 1.070735789835453033e-02 2.354711905354633927e-04 8.512884378433227539e-03 4.106681421399116516e-02 3.536330163478851318e-02 2.185981906950473785e-02 1.182678900659084320e-02 4.224898666143417358e-02 2.775695640593767166e-03 4.974653571844100952e-02 2.285029366612434387e-02 1.303670275956392288e-02 6.167159602046012878e-02 6.025982275605201721e-02 4.671871662139892578e-02 4.453169927000999451e-02 4.704197123646736145e-02 4.648691415786743164e-02 2.842388581484556198e-03 8.245491981506347656e-02 1.174754370003938675e-02 1.148990094661712646e-01 3.413385897874832153e-02 1.491910405457019806e-02 4.881376400589942932e-02 2.599052526056766510e-02 6.016756524331867695e-04 1.967450976371765137e-02 2.390824258327484131e-02 1.819761656224727631e-02
1.246605589985847473e-01 4.641139879822731018e-02 6.766431033611297607e-02 9.323920123279094696e-03 3.203772753477096558e-02 1.044530514627695084e-02 2.024789452552795410e-01 6.266990303993225098e-02 5.545052513480186462e-02 4.401041567325592041e-02 1.051898449659347534e-01 2.697928063571453094e-02 5.386476963758468628e-02 4.592974670231342316e-03 7.806732505559921265e-02 2.354518277570605278e-03 1.411524135619401932e-02 5.687431246042251587e-02 2.748726494610309601e-02 1.236764714121818542e-02 2.939190715551376343e-03 3.323405981063842773e-02 8.080903440713882446e-03 4.016586579382419586e-03 1.015525776892900467e-02 3.238002536818385124e-03 4.746092110872268677e-02 5.625384394079446793e-03 5.621416494250297546e-02 3.659017849713563919e-03 4.414630681276321411e-02 5.826418101787567139e-02 5.635141953825950623e-02 2.028062241151928902e-03 3.765679197385907173e-03 1.019715238362550735e-02 2.380735427141189575e-02 1.711567863821983337e-02 3.092801198363304138e-02 3.648412227630615234e-02 2.342857234179973602e-02 4.067325964570045471e-02 1.819214038550853729e-02 1.180614810436964035e-02 5.284093320369720459e-02 3.856240585446357727e-02 1.502018868923187256e-01 7.002152502536773682e-02 3.654561191797256470e-02 2.618139050900936127e-02 9.863478690385818481e-02 2.105861715972423553e-02 7.346254307776689529e-03 3.425457328557968140e-02 1.258303970098495483e-02 1.853429712355136871e-02 8.529183454811573029e-03 5.610022693872451782e-02 2.326848916709423065e-02 1.424645353108644485e-02 3.590692207217216492e-02 6.464391946792602539e-02 5.328200757503509521e-03 2.286421880125999451e-02 4.306727647781372070e-02 7.403562217950820923e-02 6.938134133815765381e-02 7.752061635255813599e-02 9.990091435611248016e-03 4.430136084556579590e-02 2.195638790726661682e-02 3.377177566289901733e-02 1.882634498178958893e-02 3.145313635468482971e-02 1.603191532194614410e-02 3.771790862083435059e-02 2.484872192144393921e-02 3.333790972828865051e-02 1.840226352214813232e-02 2.538732439279556274e-02 8.976801484823226929e-02 3.252445906400680542e-02 1.792332902550697327e-02 4.940862208604812622e-02 4.382979869842529297e-02 5.707718804478645325e-02 6.237338483333587646e-02 6.684227287769317627e-02 2.799089625477790833e-02 6.015701219439506531e-02 5.401098169386386871e-03 1.928815990686416626e-02 5.434920638799667358e-02 3.431393066421151161e-03 1.590361818671226501e-02 8.765937760472297668e-03 1.198236248455941677e-03 4.123913496732711792e-02 1.216554082930088043e-02 2.416833676397800446e-02 3.914408013224601746e-02 5.568085983395576477e-02 3.378646820783615112e-02 1.475323364138603210e-02 5.260708183050155640e-02 3.832952585071325302e-03 1.332614943385124207e-02 1.744734356179833412e-03 8.035769313573837280e-02 4.228676483035087585e-02 6.090256199240684509e-02 1.127249673008918762e-01 1.232355274260044098e-02 5.102874338626861572e-02 4.368992149829864502e-02 9.453267604112625122e-02
2.577486261725425720e-02 4.944536089897155762e-02 2.093514055013656616e-02 1.644204743206501007e-02 1.903097890317440033e-02 2.024789452552795410e-01 2.951111271977424622e-02 9.034940972924232483e-03 5.732036009430885315e-02 1.766748027876019478e-03 5.130472034215927124e-02 6.111508980393409729e-02 7.173475623130798340e-02 6.896934658288955688e-02 6.568456441164016724e-02 2.029384113848209381e-02 6.210602354258298874e-03 3.777586668729782104e-02 3.835451230406761169e-02 8.080273866653442383e-03 3.713252022862434387e-02 2.994858287274837494e-02 2.940561808645725250e-02 1.318031456321477890e-02 5.399070680141448975e-02 1.857953961007297039e-03 2.949454821646213531e-02 6.687422096729278564e-02 4.353239014744758606e-02 1.271210703998804092e-02 1.004057098180055618e-02 3.089624689891934395e-03 9.914928814396262169e-04 2.764413133263587952e-02 5.091784987598657608e-03 1.208241228596307337e-04 4.147207364439964294e-03 2.221640385687351227e-02 8.238918147981166840e-03 2.233824878931045532e-02 3.167305141687393188e-02 4.134968668222427368e-02 3.336772695183753967e-02 1.084655802696943283e-02 1.583587191998958588e-02 2.864061482250690460e-02 1.197108402848243713e-01 1.414760351181030273e-01 1.565345562994480133e-02 2.494904585182666779e-02 5.922247841954231262e-02 4.179893806576728821e-02 6.691196002066135406e-03 3.404560685157775879e-02 3.780133277177810669e-02 2.963672764599323273e-02 3.370210900902748108e-02 2.371791377663612366e-02 4.416550975292921066e-03 2.175685390830039978e-02 6.129771843552589417e-02 5.945597961544990540e-02 3.935637325048446655e-02 3.181708231568336487e-02 5.731775984168052673e-02 5.319755524396896362e-02 3.825500980019569397e-02 5.913765728473663330e-02 5.357920378446578979e-02 6.398104876279830933e-02 3.607327118515968323e-03 2.478269301354885101e-02 1.707337237894535065e-02 4.886597022414207458e-02 3.655813634395599365e-02 1.505784690380096436e-02 5.427294224500656128e-02 3.676721081137657166e-02 9.355615824460983276e-03 1.743218116462230682e-02 4.536614939570426941e-02 2.333260886371135712e-02 3.324078395962715149e-02 5.852950364351272583e-02 1.302906405180692673e-02 4.789634421467781067e-02 3.469257429242134094e-02 9.097840636968612671e-02 4.526713490486145020e-02 3.807741776108741760e-02 1.250956207513809204e-02 2.026126720011234283e-02 2.319777570664882660e-02 3.146945685148239136e-02 3.325285762548446655e-02 5.502352723851799965e-04 5.150361685082316399e-04 6.638256460428237915e-02 6.001045182347297668e-02 5.184724181890487671e-02 1.587336696684360504e-02 3.892826382070779800e-03 1.705888845026493073e-02 3.391619771718978882e-03 1.361487433314323425e-02 1.087512727826833725e-02 1.736457459628582001e-02 7.201270759105682373e-02 2.108008414506912231e-02 3.925156313925981522e-03 1.900187879800796509e-02 7.316496223211288452e-02 2.178087271749973297e-02 1.957466825842857361e-02 4.537202790379524231e-02 2.262381464242935181e-02
8.473434485495090485e-03 3.119204193353652954e-02 3.318919837474822998e-01 1.443396788090467453e-02 4.679326899349689484e-03 6.266990303993225098e-02 9.034940972924232483e-03 2.682930091395974159e-03 3.239756077527999878e-02 5.562002211809158325e-02 2.176273427903652191e-02 9.087625890970230103e-03 5.202557891607284546e-02 1.261219754815101624e-02 1.343449801206588745e-01 1.338014006614685059e-02 3.095881268382072449e-02 3.511377051472663879e-02 2.846624515950679779e-02 6.437693722546100616e-03 5.360695533454418182e-03 3.265276923775672913e-02 3.286127373576164246e-02 6.015211716294288635e-02 2.891422016546130180e-03 2.801957167685031891e-02 3.054176457226276398e-02 1.879085041582584381e-02 1.440635621547698975e-01 3.481721878051757812e-02 1.199674210511147976e-03 3.430681303143501282e-02 5.063185840845108032e-02 3.811721131205558777e-02 1.400251220911741257e-02 3.598276898264884949e-02 3.511973889544606209e-03 2.815515361726284027e-02 2.388267777860164642e-02 3.342302143573760986e-02 9.490705281496047974e-02 1.456829346716403961e-02 2.127207070589065552e-02 9.239503182470798492e-03 1.786876656115055084e-02 4.783806204795837402e-02 5.832078866660594940e-03 3.417640924453735352e-02 2.492539957165718079e-02 3.008723817765712738e-02 3.385356068611145020e-02 1.930276490747928619e-02 3.019758313894271851e-02 3.511141985654830933e-03 1.165605895221233368e-02 2.801322750747203827e-02 8.044561371207237244e-03 5.379725992679595947e-02 7.560796290636062622e-02 6.432795897126197815e-03 1.350664068013429642e-02 2.487315237522125244e-02 1.533579174429178238e-02 4.994470626115798950e-02 7.162744551897048950e-02 5.773654952645301819e-02 8.748752065002918243e-03 1.162322144955396652e-02 5.977969244122505188e-02 3.567973151803016663e-02 3.201285377144813538e-02 7.766540162265300751e-03 2.308861585333943367e-04 8.884674869477748871e-03 3.758630529046058655e-02 3.370160236954689026e-02 2.025885134935379028e-02 4.998447746038436890e-02 1.400451734662055969e-02 1.727119646966457367e-02 2.440783083438873291e-01 2.515096366405487061e-01 1.930113509297370911e-02 2.627922967076301575e-02 8.878538385033607483e-03 2.451272308826446533e-02 9.195333719253540039e-02 3.399011865258216858e-02 3.328067017719149590e-03 5.883038509637117386e-03 4.720854386687278748e-02 2.305788919329643250e-02 1.999816484749317169e-02 1.411071419715881348e-02 2.887231670320034027e-02 5.559916794300079346e-02 9.937221184372901917e-03 7.147505134344100952e-02 2.179767750203609467e-02 2.669356018304824829e-02 7.150162011384963989e-02 6.643600016832351685e-02 3.748761862516403198e-02 7.936924695968627930e-02 6.308137439191341400e-03 2.659954875707626343e-02 1.494158152490854263e-02 2.243155054748058319e-02 4.789682105183601379e-02 7.788629271090030670e-03 4.763709381222724915e-02 5.269788205623626709e-02 1.524686068296432495e-02 4.157206788659095764e-02 1.292163282632827759e-01 5.175430327653884888e-02
3.017339669167995453e-02 6.313756108283996582e-02 1.270605623722076416e-01 7.232449203729629517e-02 7.091533858329057693e-03 5.545052513480186462e-02 5.732036009430885315e-02 3.239756077527999878e-02 1.911674067378044128e-02 7.531855255365371704e-02 1.713211648166179657e-02 1.893477700650691986e-02 4.575354233384132385e-02 2.565073594450950623e-02 7.889708504080772400e-03 1.896581985056400299e-02 3.090407140552997589e-02 3.674289211630821228e-02 5.312865227460861206e-02 1.256349869072437286e-02 1.680506020784378052e-02 1.612154766917228699e-02 2.517127897590398788e-03 3.799464553594589233e-02 6.882093846797943115e-02 7.955448701977729797e-03 1.512867491692304611e-02 2.013082429766654968e-02 3.759372606873512268e-02 4.173935577273368835e-02 2.670626342296600342e-02 5.614456720650196075e-03 2.361891232430934906e-02 6.569161545485258102e-03 4.118652269244194031e-02 5.165922641754150391e-02 5.645956378430128098e-03 2.714006043970584869e-02 3.684309497475624084e-02 1.607588678598403931e-02 6.372524891048669815e-03 5.653924494981765747e-02 1.313045900315046310e-02 3.815795853734016418e-02 5.451871827244758606e-02 3.098655259236693382e-03 2.251988463103771210e-02 3.558011353015899658e-02 8.243669569492340088e-02 3.937316313385963440e-02 3.181976499035954475e-03 3.470290976110845804e-04 3.689154982566833496e-02 7.576078921556472778e-02 7.444024831056594849e-02 1.665733754634857178e-02 8.884871751070022583e-02 8.782977238297462463e-03 8.206553175114095211e-04 2.457242645323276520e-02 3.181885182857513428e-02 4.556002840399742126e-02 4.553404450416564941e-02 4.620311781764030457e-02 1.062024012207984924e-02 5.938406288623809814e-02 4.191993176937103271e-02 3.442785888910293579e-02 1.770370006561279297e-01 1.442338689230382442e-03 8.082102984189987183e-02 3.849812969565391541e-02 3.149776533246040344e-02 1.468368247151374817e-02 4.118552431464195251e-02 2.254260703921318054e-02 2.022566795349121094e-01 9.543383866548538208e-02 5.543592944741249084e-02 2.829951979219913483e-02 9.104811586439609528e-03 2.502768114209175110e-02 1.118861809372901917e-01 6.706467270851135254e-02 2.156569808721542358e-02 3.641917603090405464e-03 3.234858810901641846e-02 5.178568884730339050e-02 1.512208878993988037e-01 4.738768190145492554e-02 2.286126371473073959e-03 2.276893937960267067e-03 8.568060584366321564e-03 5.350524932146072388e-02 3.127054311335086823e-03 3.637159988284111023e-02 1.535556185990571976e-02 6.197958067059516907e-02 1.142172366380691528e-01 2.201113093178719282e-04 1.914424821734428406e-02 4.666731692850589752e-03 7.112809456884860992e-03 2.556243725121021271e-02 8.576457388699054718e-03 1.717694662511348724e-02 2.670240774750709534e-02 2.728086896240711212e-02 3.804948180913925171e-02 4.640143364667892456e-02 2.188756130635738373e-03 3.271656483411788940e-02 1.389626599848270416e-02 7.248456031084060669e-02 1.501108985394239426e-03 3.452467173337936401e-02
1.282924413681030273e-02 1.124929729849100113e-02 5.017194896936416626e-02 4.647315293550491333e-02 5.814722552895545959e-02 4.401041567325592041e-02 1.766748027876019478e-03 5.562002211809158325e-02 7.531855255365371704e-02 1.026152260601520538e-02 1.167096477001905441e-02 2.444177679717540741e-02 1.830360107123851776e-02 2.950275130569934845e-02 2.460908610373735428e-03 5.136929452419281006e-02 1.240757927298545837e-01 3.575734421610832214e-02 2.866755612194538116e-02 4.294563084840774536e-02 1.584294997155666351e-02 4.850241914391517639e-02 3.991125151515007019e-02 6.214201822876930237e-02 6.652093678712844849e-02 3.056234866380691528e-02 6.011963635683059692e-02 1.314317248761653900e-02 1.795185543596744537e-02 6.497900187969207764e-02 3.461978957056999207e-02 8.104293048381805420e-02 5.394476279616355896e-02 3.106741607189178467e-02 1.303662173449993134e-02 4.762782156467437744e-02 1.879944466054439545e-02 2.747058309614658356e-02 2.367761684581637383e-03 9.067383408546447754e-02 7.920024544000625610e-02 5.312943086028099060e-02 7.518790662288665771e-02 5.300241708755493164e-02 4.123464971780776978e-02 1.360948011279106140e-02 4.661355540156364441e-02 1.957347802817821503e-02 6.109570339322090149e-02 2.010400742292404175e-01 5.631139129400253296e-02 2.042142860591411591e-02 4.251757636666297913e-02 2.198669314384460449e-02 5.827584862709045410e-02 1.161099895834922791e-01 4.652723670005798340e-03 8.015287667512893677e-02 5.726172402501106262e-02 4.246820881962776184e-02 2.404355257749557495e-02 5.841230973601341248e-03 1.348311197943985462e-03 1.053320020437240601e-01 5.743203312158584595e-02 1.930435933172702789e-02 6.406668573617935181e-02 3.926532343029975891e-02 1.693930663168430328e-02 6.566865835338830948e-03 2.605263516306877136e-02 8.967285044491291046e-03 1.999947056174278259e-02 2.431692741811275482e-02 4.238564055413007736e-03 8.889795280992984772e-03 1.292199175804853439e-02 1.918759495019912720e-01 7.652436196804046631e-02 1.997325718402862549e-01 8.285302668809890747e-02 3.627337142825126648e-02 7.810439448803663254e-03 1.131727825850248337e-02 1.506137568503618240e-02 7.930969446897506714e-02 2.048380486667156219e-02 1.700918003916740417e-02 1.058652848005294800e-01 1.111330017447471619e-01 5.222070217132568359e-02 7.041408214718103409e-03 8.182805031538009644e-03 8.672662824392318726e-02 1.576874591410160065e-02 9.424339234828948975e-02 3.950289450585842133e-03 2.634156309068202972e-02 4.306117817759513855e-02 1.483167055994272232e-02 1.833155378699302673e-02 6.026100739836692810e-02 3.782166913151741028e-02 3.254628553986549377e-02 2.348407357931137085e-02 1.650295918807387352e-03 6.432878319174051285e-03 1.157458219677209854e-02 3.407192975282669067e-02 3.816869109869003296e-02 4.444273561239242554e-02 4.615368694067001343e-02 5.132701247930526733e-02 1.956150121986865997e-02 1.972439140081405640e-02 9.562735445797443390e-03
2.564512193202972412e-01 1.394339501857757568e-01 2.005195058882236481e-02 1.269069220870733261e-02 4.045157227665185928e-03 1.051898449659347534e-01 5.130472034215927124e-02 2.176273427903652191e-02 1.713211648166179657e-02 1.167096477001905441e-02 7.452595233917236328e-02 1.678299903869628906e-02 1.641057729721069336e-01 3.385628014802932739e-02 2.938880352303385735e-03 1.095750555396080017e-02 2.455563284456729889e-02 1.835573464632034302e-02 3.893395513296127319e-02 3.457130119204521179e-02 3.518997505307197571e-02 6.443381775170564651e-03 2.030795626342296600e-02 6.899067666381597519e-03 2.521724253892898560e-02 8.087925612926483154e-02 3.558522788807749748e-03 1.254505850374698639e-02 1.019239127635955811e-01 7.101350463926792145e-03 4.210747405886650085e-02 4.109860584139823914e-02 1.720860973000526428e-02 2.589565142989158630e-02 4.292258992791175842e-02 1.313127391040325165e-02 2.310373820364475250e-02 4.543234780430793762e-02 3.059455566108226776e-02 4.193192347884178162e-03 3.326998651027679443e-02 1.807438954710960388e-02 5.110105499625205994e-03 9.646014869213104248e-02 1.938791014254093170e-02 4.030016809701919556e-02 8.644974231719970703e-02 2.611026354134082794e-02 3.746940195560455322e-02 3.166365250945091248e-02 1.764690317213535309e-02 2.204296737909317017e-02 2.465016208589076996e-02 1.866155304014682770e-02 7.695651799440383911e-02 5.231122300028800964e-02 3.966081514954566956e-02 2.296138089150190353e-03 2.662796527147293091e-02 2.814519964158535004e-02 7.540118694305419922e-02 1.937497989274561405e-03 1.783868111670017242e-02 1.926770061254501343e-02 1.229076981544494629e-01 1.066801920533180237e-01 5.977713689208030701e-02 2.332093752920627594e-02 7.687656907364726067e-04 5.622189491987228394e-02 1.343271695077419281e-02 4.116816073656082153e-02 2.785622887313365936e-02 6.520809978246688843e-02 1.593419909477233887e-02 5.365457385778427124e-02 3.094974160194396973e-02 3.453014651313424110e-03 6.706719845533370972e-02 1.491666119545698166e-02 1.513376832008361816e-02 3.913990408182144165e-02 2.994957752525806427e-02 1.656035520136356354e-02 3.265172615647315979e-02 1.783372461795806885e-02 1.901254057884216309e-02 9.968859143555164337e-03 7.434687763452529907e-02 4.431890323758125305e-02 3.874241933226585388e-02 5.903567653149366379e-03 2.385542541742324829e-02 5.775902420282363892e-02 1.354544423520565033e-02 1.367473229765892029e-02 4.958989098668098450e-02 1.926574297249317169e-02 5.266756191849708557e-02 4.757776390761137009e-03 1.234887633472681046e-02 4.415683820843696594e-02 3.621003776788711548e-02 1.416636817157268524e-02 4.415528848767280579e-03 3.501106426119804382e-02 1.178384525701403618e-03 4.327833652496337891e-02 1.157573610544204712e-02 4.645559936761856079e-02 1.568731293082237244e-02 4.058812558650970459e-02 3.578152880072593689e-02 3.719041356816887856e-03 1.698026061058044434e-02 6.515924632549285889e-02
1.886428706347942352e-02 3.342955559492111206e-02 3.586248680949211121e-02 3.186356648802757263e-02 5.757320299744606018e-02 2.697928063571453094e-02 6.111508980393409729e-02 9.087625890970230103e-03 1.893477700650691986e-02 2.444177679717540741e-02 1.678299903869628906e-02 1.623837091028690338e-02 7.054436486214399338e-03 1.800653189420700073e-01 1.538926456123590469e-02 6.513901054859161377e-02 1.564171351492404938e-02 1.745674945414066315e-02 1.034935489296913147e-01 5.050728470087051392e-02 4.049000516533851624e-02 1.616767258383333683e-03 3.768556192517280579e-02 1.430852059274911880e-02 3.311926499009132385e-02 1.651679724454879761e-02 2.867021784186363220e-02 1.909801363945007324e-01 3.493917360901832581e-02 1.537840515375137329e-01 2.898636739701032639e-03 5.898730829358100891e-02 2.399888448417186737e-02 9.468194097280502319e-03 5.441108345985412598e-02 2.041504159569740295e-02 5.169974174350500107e-03 2.529897913336753845e-02 3.420705720782279968e-02 3.548821806907653809e-02 3.494193404912948608e-02 2.508517540991306305e-02 3.545839712023735046e-02 1.465006265789270401e-02 7.958956062793731689e-02 7.924134284257888794e-02 5.728507414460182190e-02 1.650446280837059021e-02 4.318599030375480652e-02 2.368124760687351227e-02 4.148039594292640686e-02 8.872252702713012695e-02 4.264543205499649048e-02 1.938298344612121582e-02 3.945282846689224243e-02 4.169556498527526855e-02 1.917302724905312061e-04 4.702773690223693848e-02 2.236564643681049347e-02 5.298315361142158508e-02 5.375845357775688171e-02 1.240932419896125793e-01 1.071527879685163498e-02 1.583968661725521088e-02 3.108814731240272522e-02 7.202925160527229309e-03 4.644852131605148315e-03 9.185101836919784546e-03 6.259088963270187378e-02 1.244270615279674530e-02 3.717429935932159424e-02 5.456895753741264343e-02 1.402921527624130249e-01 9.091106802225112915e-02 1.751988194882869720e-02 5.081395804882049561e-02 2.560771442949771881e-02 2.677675522863864899e-02 7.101868744939565659e-03 5.795279145240783691e-02 2.729143574833869934e-02 6.865718215703964233e-02 4.114140942692756653e-02 1.065366156399250031e-02 4.716259613633155823e-02 5.450437217950820923e-02 3.443191573023796082e-02 2.526205033063888550e-02 1.273862738162279129e-02 3.795487806200981140e-02 2.088150568306446075e-02 1.875659450888633728e-03 4.653464630246162415e-02 2.348762564361095428e-02 1.788150705397129059e-02 1.321531739085912704e-02 6.355753540992736816e-02 3.096256405115127563e-02 3.423377498984336853e-02 2.601503208279609680e-02 1.271292287856340408e-02 4.702510777860879898e-03 2.459279447793960571e-02 4.591540247201919556e-02 2.264640992507338524e-03 5.189168825745582581e-02 4.804055020213127136e-02 4.984155297279357910e-02 7.705567404627799988e-03 2.203635871410369873e-02 4.879408702254295349e-02 3.027469851076602936e-02 3.605381026864051819e-02 4.128564149141311646e-02 1.718687452375888824e-02 1.175860036164522171e-02
1.365986615419387817e-01 1.812351793050765991e-01 7.619702816009521484e-02 1.363830920308828354e-02 2.926036342978477478e-02 5.386476963758468628e-02 7.173475623130798340e-02 5.202557891607284546e-02 4.575354233384132385e-02 1.830360107123851776e-02 1.641057729721069336e-01 7.054436486214399338e-03 5.572369322180747986e-02 9.141625836491584778e-03 4.518857225775718689e-02 2.011698670685291290e-03 1.889098621904850006e-02 1.905450597405433655e-02 4.415703564882278442e-02 7.571152597665786743e-02 1.416470948606729507e-02 6.052798405289649963e-02 3.012170642614364624e-02 5.540444515645503998e-03 5.219333246350288391e-02 8.868046849966049194e-02 3.615180775523185730e-02 2.442347072064876556e-02 4.551876708865165710e-02 3.828511387109756470e-02 2.684826962649822235e-02 1.127226464450359344e-02 2.971314452588558197e-02 4.385531321167945862e-02 6.724412739276885986e-02 2.088660839945077896e-03 5.127956625074148178e-03 4.967398941516876221e-02 4.872264806181192398e-03 3.511135652661323547e-02 1.490489859133958817e-02 1.745288074016571045e-02 1.087743043899536133e-02 5.329678207635879517e-02 4.517864063382148743e-02 3.174486756324768066e-02 3.171795979142189026e-02 2.187146618962287903e-02 9.476387640461325645e-05 5.803258158266544342e-03 2.487164922058582306e-02 1.051489962264895439e-03 3.312758402898907661e-03 2.366610337048768997e-03 5.477000400424003601e-02 9.339111857116222382e-03 6.323725730180740356e-02 5.320112034678459167e-02 4.018899425864219666e-02 3.038673475384712219e-02 1.822281070053577423e-02 6.795268505811691284e-02 2.315727993845939636e-02 2.228964678943157196e-02 1.065150741487741470e-02 1.081721708178520203e-01 3.081021830439567566e-02 4.372499138116836548e-02 8.446946740150451660e-03 5.228146165609359741e-02 1.926846243441104889e-02 1.903001032769680023e-02 4.468915052711963654e-03 4.626324772834777832e-02 4.059987887740135193e-02 2.270392701029777527e-02 1.500975713133811951e-02 2.932249940931797028e-02 7.063394784927368164e-02 4.087619017809629440e-03 2.800304256379604340e-02 3.980163112282752991e-02 4.014784470200538635e-02 9.955774061381816864e-03 5.308304727077484131e-02 2.104745991528034210e-02 2.911961264908313751e-02 5.706713348627090454e-02 6.246888265013694763e-02 4.731941595673561096e-02 7.602155674248933792e-03 4.372854530811309814e-02 2.225485444068908691e-02 2.445832639932632446e-02 8.101809769868850708e-03 3.715021070092916489e-03 1.733150333166122437e-02 3.006703406572341919e-02 3.979776054620742798e-02 4.536745138466358185e-03 6.846005097031593323e-03 9.070008061826229095e-03 4.433672130107879639e-02 3.943459317088127136e-02 4.617134481668472290e-02 1.603371836245059967e-02 5.887445434927940369e-02 9.654260426759719849e-02 1.585440826602280140e-03 2.434286288917064667e-02 3.195327520370483398e-02 4.306917637586593628e-02 4.633205756545066833e-02 5.153234675526618958e-02 1.817365176975727081e-02 2.513920888304710388e-03
