8.253633230924606323e-02 1.125942468643188477e-01 4.999466240406036377e-02 5.094757769256830215e-03 1.496340427547693253e-02 7.459818571805953979e-02 6.645369529724121094e-02 9.273813664913177490e-02 4.726033192127943039e-03 1.114755403250455856e-02 8.327915519475936890e-02 2.118183113634586334e-02 7.134752720594406128e-02 6.408735644072294235e-03 1.396733708679676056e-02 5.123684927821159363e-02 5.014740675687789917e-02 4.177714511752128601e-02 1.039190031588077545e-02 8.079896681010723114e-03 4.175972566008567810e-02 3.405923768877983093e-02 6.400503963232040405e-02 1.126533746719360352e-02 7.008766289800405502e-03 3.058355301618576050e-02 7.590915542095899582e-03 4.444343037903308868e-03 6.862258166074752808e-02 3.256158158183097839e-02 7.133892271667718887e-03 6.716860830783843994e-02 3.025052137672901154e-02 4.878770560026168823e-02 5.472887773066759109e-03 1.923774182796478271e-02 3.270760178565979004e-02 1.089949626475572586e-02 1.448404975235462189e-02 5.740249529480934143e-02 3.999892249703407288e-02 2.765490859746932983e-02 4.668471869081258774e-03 3.919354453682899475e-02 2.815308421850204468e-02 6.199648231267929077e-02 6.489714235067367554e-02 7.133200019598007202e-02 4.641882330179214478e-02 2.968247048556804657e-02 6.919987499713897705e-02 5.344681441783905029e-02 3.861060738563537598e-02 2.820783481001853943e-02 7.980068027973175049e-02 3.553786873817443848e-02 3.571106353774666786e-03 2.300983853638172150e-02 2.249022945761680603e-02 2.392558194696903229e-02 1.803067326545715332e-02 2.811161614954471588e-02 1.074106153100728989e-02 2.844369038939476013e-02 1.969612203538417816e-02 8.086169138550758362e-03 4.365070164203643799e-02 2.499421313405036926e-02 2.196601405739784241e-02 3.237130865454673767e-02 4.271416366100311279e-02 4.115891829133033752e-02 3.556074807420372963e-03 2.811924554407596588e-02 1.974343508481979370e-02 2.617424726486206055e-02 1.862655766308307648e-02 8.288634940981864929e-03 2.605210058391094208e-02 1.817598938941955566e-02 2.144755050539970398e-02 2.014315687119960785e-02 1.367524731904268265e-02 8.120865561068058014e-03 4.027112200856208801e-02 6.624571047723293304e-03 1.111894566565752029e-02 1.053338311612606049e-02 1.815001852810382843e-02 1.670546457171440125e-02 8.087906986474990845e-02 3.994188085198402405e-02 1.747666671872138977e-02 3.041907213628292084e-03 5.717430263757705688e-02 5.790670588612556458e-02 2.169337868690490723e-02 3.541117906570434570e-02 2.004433050751686096e-02 1.836488954722881317e-02 1.962137036025524139e-02 7.355038542300462723e-03 3.141120448708534241e-02 4.977425187826156616e-02 4.536257684230804443e-02 6.501770112663507462e-03 3.536286065354943275e-03 5.341694131493568420e-02 1.330734696239233017e-02 3.671491146087646484e-02 7.491039484739303589e-02 5.105981230735778809e-02 6.049071904271841049e-03 1.568484306335449219e-02 5.096941068768501282e-02 3.179608285427093506e-02
1.125942468643188477e-01 8.147633075714111328e-02 3.667755424976348877e-02 1.313025597482919693e-02 1.541970670223236084e-02 8.844702690839767456e-02 7.748939096927642822e-02 5.694326013326644897e-02 2.755980193614959717e-02 3.298330307006835938e-02 6.906270235776901245e-02 4.346747323870658875e-02 7.041478157043457031e-02 3.257373347878456116e-02 2.088161371648311615e-02 3.574613481760025024e-02 6.364712864160537720e-02 4.145267978310585022e-02 3.326117992401123047e-02 8.463810198009014130e-03 3.939105570316314697e-02 1.821299642324447632e-02 3.303778544068336487e-02 1.785564050078392029e-02 2.113646455109119415e-02 2.377593517303466797e-02 3.342421026900410652e-03 4.188699275255203247e-02 5.719627812504768372e-02 4.575915634632110596e-02 2.442025812342762947e-03 3.420704603195190430e-02 9.802332147955894470e-03 2.175998501479625702e-02 1.038754358887672424e-02 4.664214327931404114e-03 1.284459885209798813e-02 6.553433835506439209e-03 4.194673523306846619e-02 4.814533982425928116e-03 5.757451057434082031e-02 2.577093988656997681e-02 1.227345224469900131e-02 5.604000389575958252e-02 6.551609933376312256e-02 4.235063213855028152e-03 6.423815339803695679e-02 8.782491832971572876e-02 7.166887517087161541e-04 3.819223865866661072e-02 4.884209483861923218e-02 1.828599162399768829e-02 6.342410575598478317e-03 1.572930626571178436e-02 7.934383302927017212e-02 1.825200580060482025e-02 1.054946146905422211e-02 3.551091998815536499e-02 1.308383326977491379e-02 4.814639687538146973e-03 1.716868951916694641e-02 6.881642621010541916e-03 3.030207753181457520e-02 2.436629496514797211e-02 2.895281184464693069e-03 1.709830015897750854e-02 3.159939497709274292e-02 1.098636444658041000e-02 1.909874565899372101e-02 1.483076903969049454e-02 1.239013578742742538e-02 7.655327208340167999e-03 6.859537214040756226e-03 5.531378835439682007e-02 4.734389018267393112e-03 3.994633257389068604e-02 2.093668095767498016e-03 1.142352726310491562e-02 3.318569436669349670e-02 5.095573514699935913e-02 3.372082859277725220e-02 4.713988676667213440e-02 4.332216084003448486e-02 1.991722360253334045e-02 3.506327047944068909e-02 9.024469181895256042e-03 1.159411855041980743e-02 2.592929825186729431e-02 9.165038354694843292e-03 5.190851911902427673e-02 8.635389059782028198e-02 6.764166057109832764e-03 8.121488988399505615e-02 3.190313279628753662e-02 2.033603377640247345e-02 2.548240870237350464e-02 4.423826932907104492e-03 1.469015236943960190e-02 2.837210486177355051e-04 2.426636777818202972e-02 3.173120692372322083e-02 3.266003448516130447e-03 6.297498941421508789e-02 2.669394388794898987e-02 9.639993659220635891e-04 3.835653886198997498e-02 2.239571331301704049e-04 1.954194158315658569e-02 8.202456869184970856e-03 8.857171982526779175e-03 9.006899595260620117e-02 5.335080623626708984e-02 8.402990177273750305e-03 5.769017618149518967e-03 3.212929889559745789e-02 1.511475257575511932e-02
4.999466240406036377e-02 3.667755424976348877e-02 4.390443116426467896e-02 7.470290176570415497e-03 3.418466821312904358e-02 3.577802702784538269e-02 1.013695355504751205e-02 5.907683447003364563e-02 5.525362491607666016e-02 5.922514479607343674e-03 1.191944442689418793e-02 2.352562732994556427e-02 8.232897147536277771e-03 4.522386938333511353e-02 5.905944108963012695e-02 3.851941600441932678e-02 2.464071847498416901e-02 4.142808914184570312e-02 9.247088804841041565e-03 1.605861075222492218e-02 4.123651236295700073e-02 2.378151938319206238e-02 3.704393655061721802e-02 1.182496082037687302e-02 2.649238705635070801e-02 2.500507421791553497e-02 3.163035213947296143e-02 7.331761717796325684e-02 1.103019416332244873e-01 6.385892629623413086e-02 4.525775834918022156e-02 1.086176745593547821e-02 4.973188042640686035e-02 5.659321323037147522e-03 2.792814746499061584e-03 6.840011477470397949e-02 5.812539160251617432e-02 2.425990812480449677e-02 6.228623539209365845e-02 3.798122704029083252e-02 3.581280261278152466e-02 1.972116529941558838e-02 3.978586196899414062e-02 1.863707974553108215e-02 6.699535995721817017e-02 2.287246659398078918e-02 2.199302986264228821e-02 1.536969002336263657e-02 4.106466472148895264e-02 2.305919490754604340e-02 6.912054866552352905e-02 1.051905676722526550e-01 4.698457568883895874e-02 6.242196261882781982e-02 4.934897273778915405e-02 1.340493559837341309e-03 3.143714740872383118e-02 6.196922808885574341e-02 2.194092236459255219e-02 3.400748968124389648e-02 3.744933381676673889e-02 3.966525569558143616e-02 6.502968724817037582e-03 2.588560804724693298e-02 3.218301385641098022e-02 3.962367400527000427e-02 3.869660943746566772e-02 6.258561462163925171e-02 3.784479200839996338e-02 2.546226419508457184e-02 4.567459225654602051e-02 3.920238092541694641e-02 1.193928066641092300e-02 4.731157794594764709e-02 1.537493988871574402e-02 3.753028437495231628e-02 3.841653466224670410e-03 3.558222902938723564e-03 2.344985865056514740e-02 3.569084685295820236e-03 1.499468544352566823e-05 9.958867728710174561e-02 1.629418693482875824e-02 1.746041700243949890e-02 2.948326431214809418e-02 2.490435168147087097e-02 1.065085604786872864e-01 2.933241426944732666e-02 5.741102155297994614e-03 5.292616784572601318e-02 3.445443511009216309e-02 6.435798853635787964e-02 2.764733508229255676e-02 5.415907129645347595e-02 1.394778583198785782e-02 9.157594293355941772e-03 6.038938462734222412e-02 1.176267787814140320e-01 5.268885567784309387e-02 4.240665957331657410e-02 2.160131558775901794e-02 5.035464093089103699e-02 6.435169279575347900e-02 9.872020781040191650e-02 3.008237667381763458e-02 4.773290827870368958e-03 2.512882836163043976e-02 3.883553296327590942e-02 1.670513115823268890e-02 4.517244920134544373e-02 5.023341253399848938e-02 6.720662862062454224e-02 3.630116954445838928e-02 4.833799973130226135e-02 1.960007473826408386e-02 8.785089850425720215e-02
5.094757769256830215e-03 1.313025597482919693e-02 7.470290176570415497e-03 6.960795074701309204e-02 1.245417147874832153e-01 1.898081973195075989e-02 3.724157437682151794e-02 9.026864543557167053e-03 2.863051369786262512e-02 4.662651196122169495e-02 2.766021341085433960e-02 5.146423727273941040e-02 4.094580188393592834e-02 3.569962456822395325e-03 8.683613687753677368e-02 2.870710939168930054e-02 5.629610642790794373e-02 1.535773929208517075e-02 1.832424290478229523e-02 1.067905337549746037e-03 8.711671456694602966e-03 2.746795862913131714e-02 1.020673848688602448e-02 2.935872226953506470e-02 2.431743778288364410e-02 2.541335485875606537e-02 5.434849485754966736e-02 7.622069213539361954e-03 2.109157294034957886e-02 3.202304244041442871e-02 3.914631158113479614e-02 1.416233275085687637e-02 1.601886190474033356e-02 4.003298655152320862e-02 3.970322664827108383e-03 2.098340168595314026e-02 3.479344397783279419e-02 2.291630022227764130e-02 1.036658436059951782e-01 1.161446943879127502e-01 3.276275843381881714e-02 1.867641345597803593e-03 3.555490076541900635e-02 5.308812111616134644e-02 1.201317925006151199e-02 3.956089541316032410e-02 3.057130053639411926e-02 1.268105860799551010e-02 2.533969469368457794e-02 4.615455120801925659e-02 3.229997307062149048e-02 6.243559066206216812e-03 5.019823461771011353e-02 1.824087812565267086e-04 4.322074353694915771e-02 5.062483623623847961e-02 6.497652828693389893e-02 2.423763275146484375e-02 5.383895710110664368e-02 1.634286344051361084e-02 5.563419312238693237e-02 1.630818657577037811e-02 1.102007105946540833e-01 1.560926716774702072e-02 4.287283495068550110e-02 1.355862058699131012e-02 6.448502186685800552e-03 3.401849418878555298e-02 2.590115927159786224e-02 9.985172189772129059e-03 1.204969733953475952e-02 3.203733637928962708e-02 1.050675511360168457e-01 3.657437115907669067e-02 6.500972807407379150e-02 5.873559508472681046e-03 6.937023252248764038e-02 1.266354322433471680e-02 2.753135561943054199e-02 4.174474254250526428e-02 1.461954694241285324e-02 4.339128732681274414e-02 6.119520869106054306e-03 5.765960086137056351e-03 5.328843370079994202e-02 5.094264075160026550e-02 3.218648582696914673e-02 5.565821379423141479e-02 4.149520769715309143e-02 1.378917973488569260e-02 1.609940431080758572e-03 2.381898090243339539e-02 4.710432887077331543e-02 1.080895867198705673e-02 2.573665045201778412e-02 6.300659477710723877e-02 3.668795526027679443e-02 3.522236645221710205e-02 5.313667654991149902e-02 1.192801073193550110e-02 1.597666530869901180e-03 1.074995566159486771e-02 1.025541685521602631e-03 2.458405867218971252e-02 2.866962552070617676e-02 1.928650029003620148e-02 3.428939729928970337e-02 2.089067362248897552e-02 4.680497944355010986e-02 1.214038673788309097e-02 2.134579233825206757e-02 2.545814961194992065e-02 3.118349052965641022e-02 1.911974512040615082e-02 3.561384277418255806e-03 3.954214230179786682e-02
1.496340427547693253e-02 1.541970670223236084e-02 3.418466821312904358e-02 1.245417147874832153e-01 7.478012144565582275e-02 1.270001009106636047e-02 2.965490892529487610e-02 5.517173931002616882e-02 1.419958565384149551e-02 4.318169876933097839e-02 4.786372184753417969e-02 9.501877240836620331e-03 4.593053087592124939e-02 8.820910938084125519e-03 6.603566557168960571e-02 2.491161040961742401e-02 2.886391989886760712e-02 2.694033086299896240e-03 3.515596687793731689e-02 4.512610286474227905e-02 4.305323958396911621e-02 2.121892198920249939e-02 7.616532966494560242e-03 3.043291624635457993e-03 3.824177663773298264e-03 9.639536961913108826e-03 3.513691714033484459e-03 2.645933069288730621e-02 3.630911558866500854e-02 1.840766402892768383e-03 1.111260242760181427e-02 6.529054953716695309e-04 4.252602905035018921e-02 1.657089591026306152e-02 3.662014380097389221e-02 5.214731395244598389e-02 1.614362746477127075e-02 3.372280672192573547e-02 1.055233702063560486e-01 1.522559970617294312e-01 1.821637898683547974e-02 2.406168170273303986e-02 6.185365840792655945e-03 3.704776987433433533e-02 3.638567402958869934e-02 2.268935367465019226e-02 2.712561003863811493e-02 1.557729579508304596e-02 3.871234878897666931e-02 6.523571908473968506e-02 7.349072024226188660e-03 3.183924779295921326e-02 5.468023195862770081e-02 1.907958462834358215e-02 3.507036343216896057e-02 2.703747898340225220e-02 6.604462116956710815e-02 1.443603076040744781e-02 5.287228152155876160e-02 2.422324847429990768e-03 2.537576109170913696e-02 3.130751475691795349e-02 9.340052306652069092e-02 5.462007131427526474e-03 5.506667867302894592e-02 1.489575370214879513e-03 4.278120771050453186e-02 1.366476900875568390e-02 2.055975422263145447e-02 6.217983737587928772e-02 3.943662345409393311e-02 8.455871790647506714e-02 1.114921644330024719e-01 6.801160052418708801e-03 1.347040385007858276e-01 4.614431411027908325e-02 3.969847410917282104e-02 2.483771415427327156e-03 5.049959197640419006e-02 6.167260184884071350e-02 1.995489234104752541e-03 5.971295759081840515e-02 1.750366017222404480e-02 2.045248448848724365e-02 3.345132572576403618e-03 3.845033794641494751e-02 4.632458835840225220e-02 3.049477003514766693e-02 3.330278396606445312e-02 1.961991563439369202e-02 1.135345734655857086e-02 1.444466970860958099e-02 4.619970545172691345e-02 5.048127844929695129e-02 7.073996216058731079e-02 3.689490631222724915e-02 1.478445436805486679e-02 1.865268126130104065e-02 4.103005304932594299e-02 2.508854027837514877e-03 4.193637892603874207e-02 3.065743856132030487e-02 1.937683112919330597e-02 4.302727058529853821e-02 3.279176354408264160e-02 2.195762842893600464e-02 4.672365635633468628e-02 2.615933120250701904e-02 2.974908985197544098e-02 2.632155269384384155e-02 9.941910393536090851e-03 2.753852121531963348e-02 1.152758114039897919e-02 2.747494541108608246e-02 5.286552011966705322e-02 7.055261731147766113e-02
7.459818571805953979e-02 8.844702690839767456e-02 3.577802702784538269e-02 1.898081973195075989e-02 1.270001009106636047e-02 1.049381643533706665e-01 8.344186842441558838e-02 1.739923655986785889e-02 8.501259982585906982e-02 3.849646449089050293e-02 6.416196376085281372e-02 5.759921669960021973e-02 7.083444297313690186e-02 7.196833938360214233e-02 1.208928320556879044e-02 9.075982496142387390e-03 1.084402948617935181e-02 5.201846733689308167e-02 9.859350509941577911e-03 3.025466389954090118e-02 4.653273150324821472e-02 3.365654498338699341e-02 5.187073349952697754e-02 4.617732018232345581e-03 8.099710568785667419e-03 2.333070896565914154e-02 4.329972341656684875e-02 6.239586044102907181e-03 3.169569373130798340e-02 5.440971627831459045e-02 4.342179000377655029e-02 5.645431205630302429e-02 6.538987159729003906e-02 2.834169939160346985e-02 4.403490945696830750e-02 5.289396736770868301e-03 3.563525527715682983e-02 3.110786713659763336e-02 2.164729870855808258e-02 4.249984025955200195e-02 6.755718588829040527e-02 5.743895471096038818e-02 4.981824755668640137e-02 4.074411094188690186e-02 4.290314391255378723e-02 5.963464826345443726e-02 8.279133588075637817e-02 7.769013941287994385e-02 4.476276785135269165e-02 6.845803931355476379e-03 4.887208715081214905e-02 1.050918642431497574e-02 1.574418134987354279e-02 1.081458013504743576e-02 6.852707825601100922e-03 1.015348359942436218e-02 2.852644957602024078e-02 8.107566274702548981e-03 2.169327996671199799e-02 7.335208822041749954e-03 9.023565798997879028e-03 1.266651786863803864e-02 3.806586191058158875e-02 2.132679149508476257e-02 1.998877339065074921e-02 1.241803821176290512e-02 4.175051674246788025e-02 3.112274222075939178e-02 2.395846135914325714e-02 4.203565791249275208e-02 7.054860703647136688e-03 3.480268269777297974e-02 1.112783607095479965e-02 5.316958995535969734e-04 7.602654397487640381e-03 2.813700772821903229e-02 7.696904987096786499e-02 3.009520284831523895e-02 6.706007570028305054e-02 4.431511461734771729e-02 3.311397880315780640e-02 5.279758945107460022e-02 6.526290625333786011e-02 4.290820285677909851e-02 8.350196294486522675e-03 3.491998836398124695e-02 2.112987451255321503e-02 1.664928719401359558e-02 4.753309302031993866e-03 9.231778793036937714e-03 9.966628998517990112e-02 5.237311590462923050e-03 2.091974020004272461e-02 2.640604600310325623e-02 1.046437304466962814e-02 1.260500494390726089e-02 4.979414865374565125e-02 4.005415737628936768e-02 5.069656297564506531e-02 1.495648827403783798e-02 3.102285414934158325e-02 1.692295260727405548e-02 5.663672462105751038e-02 4.081028699874877930e-02 2.182983234524726868e-02 2.673632837831974030e-02 1.992674544453620911e-02 1.517173834145069122e-02 1.916518434882164001e-02 6.046167388558387756e-02 7.315984368324279785e-02 5.587255582213401794e-02 4.688656702637672424e-02 3.274585306644439697e-02 4.026472568511962891e-02 2.897099964320659637e-02
6.645369529724121094e-02 7.748939096927642822e-02 1.013695355504751205e-02 3.724157437682151794e-02 2.965490892529487610e-02 8.344186842441558838e-02 1.084317415952682495e-01 3.055366501212120056e-02 3.833256661891937256e-02 1.218169834464788437e-02 5.686205253005027771e-02 1.449348125606775284e-02 5.647503957152366638e-02 3.039668314158916473e-02 5.065146461129188538e-02 3.964082151651382446e-02 9.557369048707187176e-04 4.557390138506889343e-02 2.216950245201587677e-02 3.393222019076347351e-02 3.776007890701293945e-02 7.266185712069272995e-03 7.115872204303741455e-02 1.396357547491788864e-02 1.652633212506771088e-02 2.455440536141395569e-02 4.569994285702705383e-02 4.156180843710899353e-02 5.001657456159591675e-02 2.548225596547126770e-02 2.358240820467472076e-02 5.408684536814689636e-02 7.532913237810134888e-02 1.667740568518638611e-02 2.713193744421005249e-02 2.582306042313575745e-02 4.536775499582290649e-02 4.834765568375587463e-02 4.975302144885063171e-02 1.487662643194198608e-02 5.647609382867813110e-02 3.213218599557876587e-02 2.293640933930873871e-02 4.030866548418998718e-02 2.213044650852680206e-02 6.132167205214500427e-02 7.032150775194168091e-02 6.606394052505493164e-02 3.027584962546825409e-02 1.606383360922336578e-02 6.059113144874572754e-02 4.249030351638793945e-02 2.682887017726898193e-02 6.742144934833049774e-03 1.088202837854623795e-02 3.485156968235969543e-02 1.159286033362150192e-02 1.342556905001401901e-02 1.550501305609941483e-02 4.088321235030889511e-03 3.454909473657608032e-02 3.947990015149116516e-02 3.935683891177177429e-02 1.854638382792472839e-02 8.871723897755146027e-03 2.235376648604869843e-02 4.097189009189605713e-02 4.559153318405151367e-02 4.288935661315917969e-02 5.283948034048080444e-03 4.588006436824798584e-02 4.085286706686019897e-02 3.835301846265792847e-02 4.462239146232604980e-02 1.180762425065040588e-02 2.735844347625970840e-03 7.375914603471755981e-02 4.094840586185455322e-02 2.068143337965011597e-02 2.296892739832401276e-02 2.361725084483623505e-02 3.655465692281723022e-02 1.143352780491113663e-02 7.064187899231910706e-03 4.151183238718658686e-04 5.539153236895799637e-03 3.438377985730767250e-03 1.637035794556140900e-02 3.450798615813255310e-02 3.986732568591833115e-03 7.128354907035827637e-02 4.654449597001075745e-02 1.166249718517065048e-02 1.772079244256019592e-02 2.568653598427772522e-02 3.305475413799285889e-02 6.088296696543693542e-02 1.241170614957809448e-02 3.755887970328330994e-02 2.460309071466326714e-03 4.342320188879966736e-02 7.524922955781221390e-03 5.913754180073738098e-02 5.244076624512672424e-02 3.318986296653747559e-02 2.958975732326507568e-02 8.439679630100727081e-03 5.632920935750007629e-02 1.103765890002250671e-02 1.479012146592140198e-02 7.569484412670135498e-02 5.550577491521835327e-02 2.463247068226337433e-02 3.229096904397010803e-02 3.710933029651641846e-02 3.878156095743179321e-02
9.273813664913177490e-02 5.694326013326644897e-02 5.907683447003364563e-02 9.026864543557167053e-03 5.517173931002616882e-02 1.739923655986785889e-02 3.055366501212120056e-02 5.314712598919868469e-02 9.249150753021240234e-05 2.842935733497142792e-02 6.572604924440383911e-02 4.349521920084953308e-02 1.080065127462148666e-02 3.311911970376968384e-02 1.133513972163200378e-01 1.908561028540134430e-02 3.915019799023866653e-03 7.651499006897211075e-03 1.686257682740688324e-02 2.503083646297454834e-02 6.005305051803588867e-02 4.111370816826820374e-02 5.499227717518806458e-02 1.379516720771789551e-02 4.945190995931625366e-02 8.148361928761005402e-03 2.116795070469379425e-02 3.414645791053771973e-02 5.742485076189041138e-02 1.334164198487997055e-02 1.733181998133659363e-03 6.587935239076614380e-02 2.944768778979778290e-02 5.660879984498023987e-02 3.862005844712257385e-02 4.837878048419952393e-02 2.368007600307464600e-02 1.983255706727504730e-02 6.439334899187088013e-02 6.754311919212341309e-02 7.740173488855361938e-02 4.481699783354997635e-03 5.333885084837675095e-03 5.656250938773155212e-02 3.592346608638763428e-02 8.409666828811168671e-03 2.681904099881649017e-02 1.460339128971099854e-02 7.065840065479278564e-02 2.578081004321575165e-02 1.820450834929943085e-02 2.739781513810157776e-02 1.164241787046194077e-02 2.896277699619531631e-03 5.286343395709991455e-02 3.968638181686401367e-02 3.330114856362342834e-02 9.615982323884963989e-02 2.859322167932987213e-02 6.753677036613225937e-03 1.006344519555568695e-02 2.161654829978942871e-02 1.919603906571865082e-02 5.123042315244674683e-02 5.071805417537689209e-02 6.569562014192342758e-03 2.234297432005405426e-02 2.035684138536453247e-02 2.941562794148921967e-02 3.402991220355033875e-02 4.754220321774482727e-02 2.452135831117630005e-02 7.097165565937757492e-03 6.076325103640556335e-02 2.163206040859222412e-02 1.032019150443375111e-03 3.502584621310234070e-02 4.892227705568075180e-03 7.211633771657943726e-02 4.697341471910476685e-02 1.205122247338294983e-01 1.439002156257629395e-01 5.958107486367225647e-02 1.134788710623979568e-02 3.662201762199401855e-02 5.596863850951194763e-02 2.369641959667205811e-01 1.656724363565444946e-01 3.526558354496955872e-02 4.302460327744483948e-02 2.501229755580425262e-02 4.246451705694198608e-02 4.007973521947860718e-02 1.664931885898113251e-02 5.203370377421379089e-02 7.207433879375457764e-02 1.980424486100673676e-02 6.784144788980484009e-03 1.930665597319602966e-02 1.360696856863796711e-03 1.271261647343635559e-02 1.804270967841148376e-02 4.815482348203659058e-02 3.064449876546859741e-02 1.173345372080802917e-02 5.419164523482322693e-02 4.391157999634742737e-02 6.250367313623428345e-02 3.078177198767662048e-02 6.179209332913160324e-03 6.884680688381195068e-02 1.376610249280929565e-02 7.742345798760652542e-03 3.980921208858489990e-02 1.440468877553939819e-01 1.271882094442844391e-02
4.726033192127943039e-03 2.755980193614959717e-02 5.525362491607666016e-02 2.863051369786262512e-02 1.419958565384149551e-02 8.501259982585906982e-02 3.833256661891937256e-02 9.249150753021240234e-05 7.315792888402938843e-02 6.783759593963623047e-02 3.310667816549539566e-04 2.526031620800495148e-02 2.430076152086257935e-02 1.196394786238670349e-01 1.680727303028106689e-02 3.240240737795829773e-02 4.248696938157081604e-02 3.269475698471069336e-02 1.624615280888974667e-03 1.039534062147140503e-02 4.355264827609062195e-02 1.790478639304637909e-02 3.578095138072967529e-02 4.078594967722892761e-02 3.155325353145599365e-02 1.694462634623050690e-02 9.900480508804321289e-02 9.117229841649532318e-03 8.154521137475967407e-02 2.242173254489898682e-02 6.066571176052093506e-02 2.987168915569782257e-02 3.450653702020645142e-02 1.645039767026901245e-02 5.176165699958801270e-02 1.441474771127104759e-03 5.876691639423370361e-02 2.246369607746601105e-02 3.197112306952476501e-02 6.125729903578758240e-02 3.188704699277877808e-02 9.351053833961486816e-02 6.485545635223388672e-02 4.768057912588119507e-02 3.638155013322830200e-02 5.134680494666099548e-02 3.895288705825805664e-02 1.537091471254825592e-02 9.770862758159637451e-02 8.843987248837947845e-03 3.797718882560729980e-02 3.381602093577384949e-02 4.159088432788848877e-02 9.346622042357921600e-03 1.140298396348953247e-01 4.198955744504928589e-02 1.039719115942716599e-02 3.133952617645263672e-02 1.564326323568820953e-02 2.335063414648175240e-03 3.859674558043479919e-02 4.622635990381240845e-02 2.609807066619396210e-02 7.048995792865753174e-02 5.872487090528011322e-03 7.098602503538131714e-02 2.718244865536689758e-02 1.904413662850856781e-02 4.196742177009582520e-02 7.325239479541778564e-02 5.813147127628326416e-02 5.516083911061286926e-02 3.302111104130744934e-02 5.878350697457790375e-03 6.948720663785934448e-02 7.235711440443992615e-03 1.192844137549400330e-01 1.033759340643882751e-01 7.880430668592453003e-02 1.075504627078771591e-02 2.923324331641197205e-02 2.884878544136881828e-03 6.261730194091796875e-02 4.647357761859893799e-02 9.821910643950104713e-04 2.249385602772235870e-02 1.461426634341478348e-02 7.707110140472650528e-03 6.433276832103729248e-02 7.713405787944793701e-02 9.074459224939346313e-02 9.923751465976238251e-03 4.780660197138786316e-02 7.471276447176933289e-03 8.819788694381713867e-02 4.659853130578994751e-02 2.887192182242870331e-02 5.081836506724357605e-02 1.234482275322079659e-03 3.217628598213195801e-02 3.847050480544567108e-03 4.686075728386640549e-03 7.021114975214004517e-02 7.569835986942052841e-03 4.425167292356491089e-02 2.838968858122825623e-02 4.596015438437461853e-02 4.318932443857192993e-02 3.951477259397506714e-02 6.664214888587594032e-04 6.840279675088822842e-04 4.142774641513824463e-02 4.852721467614173889e-02 3.747260430827736855e-03 1.086951568722724915e-01 2.120121754705905914e-02
1.114755403250455856e-02 3.298330307006835938e-02 5.922514479607343674e-03 4.662651196122169495e-02 4.318169876933097839e-02 3.849646449089050293e-02 1.218169834464788437e-02 2.842935733497142792e-02 6.783759593963623047e-02 9.130486845970153809e-02 9.420454502105712891e-03 5.701350048184394836e-02 1.603285782039165497e-02 5.076435580849647522e-02 1.998456753790378571e-02 4.567070677876472473e-02 5.562071222811937332e-03 5.488868802785873413e-02 8.319603651762008667e-02 3.165899217128753662e-02 8.111665025353431702e-03 2.204499393701553345e-02 4.841474071145057678e-02 4.272380471229553223e-02 3.037372790277004242e-02 7.566172163933515549e-03 4.377425462007522583e-02 2.315580099821090698e-02 5.588854197412729263e-03 2.307065762579441071e-02 3.486820310354232788e-02 4.647866636514663696e-02 1.736981235444545746e-02 4.976394586265087128e-03 8.057233877480030060e-03 2.726647444069385529e-02 1.865629106760025024e-02 4.255362227559089661e-02 4.020478576421737671e-02 4.573354497551918030e-02 3.974738717079162598e-02 2.881121262907981873e-02 2.596341632306575775e-02 1.296622212976217270e-02 4.419966787099838257e-02 5.844906717538833618e-02 1.044016331434249878e-03 2.085633948445320129e-02 1.783592998981475830e-02 8.112185448408126831e-02 4.653561115264892578e-02 2.653686143457889557e-02 2.818996086716651917e-02 3.249144926667213440e-02 7.279504090547561646e-02 7.125444710254669189e-02 1.745211146771907806e-02 2.488710545003414154e-02 4.727049171924591064e-02 1.497758179903030396e-02 1.717209070920944214e-02 5.752362310886383057e-02 6.801136303693056107e-03 5.705028772354125977e-03 1.145669724792242050e-02 2.849080599844455719e-02 2.960555814206600189e-02 2.757366374135017395e-02 1.721825078129768372e-02 6.564881652593612671e-02 6.341167539358139038e-02 2.307199686765670776e-02 5.060240253806114197e-02 4.392520338296890259e-02 6.778179854154586792e-02 2.455024234950542450e-02 3.506990894675254822e-02 1.097465977072715759e-01 5.115035176277160645e-02 9.342091530561447144e-02 7.754387706518173218e-02 6.081967428326606750e-02 1.792673021554946899e-02 7.976949959993362427e-02 2.112673595547676086e-02 3.896235674619674683e-02 2.411587722599506378e-02 1.412263698875904083e-02 4.496415704488754272e-02 7.695621997117996216e-02 3.287314623594284058e-02 3.048097901046276093e-02 1.516712643206119537e-02 2.234713733196258545e-02 2.467459812760353088e-02 2.073848992586135864e-02 6.330472230911254883e-02 3.079600632190704346e-02 8.161554113030433655e-03 2.505493164062500000e-02 8.475092239677906036e-03 1.202510390430688858e-02 8.502727374434471130e-03 7.463035173714160919e-03 1.818703487515449524e-02 1.706777326762676239e-02 1.132654491811990738e-02 1.711713895201683044e-02 1.385645940899848938e-03 4.238088428974151611e-02 3.578061982989311218e-02 2.837882377207279205e-02 1.361751928925514221e-02 2.454374916851520538e-02 9.710361249744892120e-03 4.252566769719123840e-02
8.327915519475936890e-02 6.906270235776901245e-02 1.191944442689418793e-02 2.766021341085433960e-02 4.786372184753417969e-02 6.416196376085281372e-02 5.686205253005027771e-02 6.572604924440383911e-02 3.310667816549539566e-04 9.420454502105712891e-03 8.968724310398101807e-02 8.541164570488035679e-04 7.565052062273025513e-02 4.109505098313093185e-03 2.338466048240661621e-02 4.071477428078651428e-02 9.782685898244380951e-03 2.511826157569885254e-02 2.094739302992820740e-02 1.099322643131017685e-02 2.944427914917469025e-02 8.035307377576828003e-02 8.040380477905273438e-02 2.028555236756801605e-02 7.099154754541814327e-04 3.737567365169525146e-02 9.305427782237529755e-03 5.737465620040893555e-02 8.498206734657287598e-02 3.276798501610755920e-02 2.648365125060081482e-02 8.524277247488498688e-03 6.565936841070652008e-03 9.801305830478668213e-03 2.076822146773338318e-02 5.581393837928771973e-03 2.484466694295406342e-02 2.761156111955642700e-02 1.342460326850414276e-02 1.286740764044225216e-03 2.488731965422630310e-02 2.052691020071506500e-02 1.842120848596096039e-02 6.011065561324357986e-03 4.296177998185157776e-02 3.149927780032157898e-02 6.194908916950225830e-02 5.017374083399772644e-02 2.222571521997451782e-02 2.976553328335285187e-02 5.046819522976875305e-02 2.523648180067539215e-02 4.603264108300209045e-02 1.582850702106952667e-03 2.401241287589073181e-02 1.970331370830535889e-02 2.226497419178485870e-02 3.054184839129447937e-02 5.140921473503112793e-02 2.763467840850353241e-02 1.869291067123413086e-02 3.216797485947608948e-03 2.376139536499977112e-02 6.618800573050975800e-03 5.891128629446029663e-02 5.687893927097320557e-02 4.018086940050125122e-02 3.482771664857864380e-02 4.321154952049255371e-02 3.552910313010215759e-02 4.331249371170997620e-02 3.378190845251083374e-02 4.442541673779487610e-02 4.640967026352882385e-02 2.226279489696025848e-02 5.753375589847564697e-02 5.573587119579315186e-02 4.951199889183044434e-02 5.333742499351501465e-02 2.712156437337398529e-02 3.175736404955387115e-03 3.570627793669700623e-02 4.247958213090896606e-02 1.822149939835071564e-02 3.118103602901101112e-03 3.635045513510704041e-02 5.244569107890129089e-02 3.906944766640663147e-02 4.296175763010978699e-02 1.402774918824434280e-02 6.991388648748397827e-02 7.344185560941696167e-02 3.814836964011192322e-02 4.988212510943412781e-02 3.419720008969306946e-02 3.422249108552932739e-02 1.512202899903059006e-02 6.431898102164268494e-03 3.368096053600311279e-02 4.562696442008018494e-02 4.750516265630722046e-03 1.976265013217926025e-02 2.340442687273025513e-02 4.896098747849464417e-03 5.208434537053108215e-03 2.923641726374626160e-02 1.673521287739276886e-02 2.364149875938892365e-02 1.351591479033231735e-02 2.159034274518489838e-02 1.216337084770202637e-02 1.266992278397083282e-02 4.271247424185276031e-03 1.848465471994131804e-04 6.271386146545410156e-02 4.163682088255882263e-02
2.118183113634586334e-02 4.346747323870658875e-02 2.352562732994556427e-02 5.146423727273941040e-02 9.501877240836620331e-03 5.759921669960021973e-02 1.449348125606775284e-02 4.349521920084953308e-02 2.526031620800495148e-02 5.701350048184394836e-02 8.541164570488035679e-04 4.094560444355010986e-02 5.153956636786460876e-02 8.258054405450820923e-02 2.105554565787315369e-02 3.439975157380104065e-02 3.742730617523193359e-02 1.720122620463371277e-02 7.748641818761825562e-02 4.439780022948980331e-03 5.921951960772275925e-03 4.945071879774332047e-03 6.083125248551368713e-02 4.493654519319534302e-02 5.398852005600929260e-02 2.639779075980186462e-02 5.875274166464805603e-02 1.504623442888259888e-01 4.568485077470541000e-03 1.020530909299850464e-01 1.022671535611152649e-02 5.483009293675422668e-02 2.188588120043277740e-02 2.455832064151763916e-02 1.772230677306652069e-02 6.838132441043853760e-02 5.037117749452590942e-02 1.265248004347085953e-02 1.710336096584796906e-02 6.800746172666549683e-02 1.957094110548496246e-02 1.066101156175136566e-02 6.453988607972860336e-03 2.291507832705974579e-02 1.556089967489242554e-01 2.480703406035900116e-02 7.707303389906883240e-03 6.803166866302490234e-02 3.801199421286582947e-02 3.728159237653017044e-03 1.312553137540817261e-02 2.836013026535511017e-02 7.530266046524047852e-02 1.202269829809665680e-02 4.763391986489295959e-02 8.076602965593338013e-02 1.006857864558696747e-02 7.138438522815704346e-02 3.717652335762977600e-02 5.276927258819341660e-04 1.139072235673666000e-02 7.768414169549942017e-02 4.371278733015060425e-02 3.359299525618553162e-02 2.863981574773788452e-02 2.250846289098262787e-02 3.254195302724838257e-02 6.384271383285522461e-02 4.901948198676109314e-02 5.108771845698356628e-02 1.381721068173646927e-02 5.134932324290275574e-02 5.684371665120124817e-02 4.210276901721954346e-02 2.780911698937416077e-02 1.950870617292821407e-03 6.627529859542846680e-02 2.324908971786499023e-02 4.930512979626655579e-02 6.965588033199310303e-02 3.022757731378078461e-02 1.725036278367042542e-02 3.885031491518020630e-02 3.791797906160354614e-02 2.003361657261848450e-02 2.407804504036903381e-02 3.482696786522865295e-02 3.568673506379127502e-02 1.235698461532592773e-01 6.319051980972290039e-02 2.632436715066432953e-02 3.873185440897941589e-02 7.187083363533020020e-02 2.438824810087680817e-02 9.482301771640777588e-02 1.221961975097656250e-01 2.746052853763103485e-02 6.628085393458604813e-03 2.340791933238506317e-02 2.802202850580215454e-02 1.765275374054908752e-02 1.271754316985607147e-02 1.473819836974143982e-02 2.455062419176101685e-02 1.064732857048511505e-02 5.842733755707740784e-02 2.870984375476837158e-03 4.694645106792449951e-02 1.307177357375621796e-02 5.311556905508041382e-02 7.456915080547332764e-02 7.083331048488616943e-02 1.417095959186553955e-02 2.320591919124126434e-02 3.150979429483413696e-02 5.617212131619453430e-02
7.134752720594406128e-02 7.041478157043457031e-02 8.232897147536277771e-03 4.094580188393592834e-02 4.593053087592124939e-02 7.083444297313690186e-02 5.647503957152366638e-02 1.080065127462148666e-02 2.430076152086257935e-02 1.603285782039165497e-02 7.565052062273025513e-02 5.153956636786460876e-02 8.992572128772735596e-02 7.244914025068283081e-02 4.736250266432762146e-03 3.241961821913719177e-02 7.426904048770666122e-03 2.081440016627311707e-02 2.211319841444492340e-02 3.872403642162680626e-03 2.294892445206642151e-02 8.865173906087875366e-02 3.485324233770370483e-02 3.464226797223091125e-02 1.208363380283117294e-02 4.224116355180740356e-02 1.937473565340042114e-02 3.419303148984909058e-02 5.140159651637077332e-02 1.258372212760150433e-03 2.210621163249015808e-02 2.769781276583671570e-02 4.364907369017601013e-02 3.019420430064201355e-02 5.255467258393764496e-03 2.609748020768165588e-02 2.342642843723297119e-02 4.806495085358619690e-02 6.833191495388746262e-03 1.066910196095705032e-02 2.227389439940452576e-02 4.360858816653490067e-03 3.417854756116867065e-02 3.527091443538665771e-02 4.747543018311262131e-03 3.023086173925548792e-04 6.362789124250411987e-02 4.612227156758308411e-02 3.778026625514030457e-02 3.972787410020828247e-02 1.341455616056919098e-02 3.796199709177017212e-02 2.582560107111930847e-02 4.235259070992469788e-02 1.350690051913261414e-02 2.764357998967170715e-02 2.630821429193019867e-02 1.784603483974933624e-02 3.316289745271205902e-03 6.484253704547882080e-02 3.444481268525123596e-02 4.245387017726898193e-02 1.076882611960172653e-02 3.634411469101905823e-02 4.410190135240554810e-02 7.398078590631484985e-02 1.317449379712343216e-02 1.323382463306188583e-02 4.500947147607803345e-02 4.738188162446022034e-02 1.568890735507011414e-02 6.893038284033536911e-03 4.984357208013534546e-02 3.516284376382827759e-02 3.193077445030212402e-02 4.302782192826271057e-02 5.072769150137901306e-02 5.096406117081642151e-02 6.228902935981750488e-02 1.588365435600280762e-02 1.354141160845756531e-02 4.870098549872636795e-03 1.221271045506000519e-02 2.461554831825196743e-04 1.415355596691370010e-02 4.173727333545684814e-02 5.678416043519973755e-02 1.055308058857917786e-02 3.025494143366813660e-02 3.747149929404258728e-02 8.591154217720031738e-02 6.472352147102355957e-02 1.161767519079148769e-03 5.332583189010620117e-02 2.125438489019870758e-02 2.149534411728382111e-02 4.236387461423873901e-02 6.359916180372238159e-03 4.457822442054748535e-02 2.768833748996257782e-02 4.911683965474367142e-03 2.899096347391605377e-02 3.732467442750930786e-02 3.548959642648696899e-02 3.119377978146076202e-02 3.467343747615814209e-02 1.159514486789703369e-02 2.449898980557918549e-02 1.980135403573513031e-02 3.181749582290649414e-02 2.295830473303794861e-02 9.684224613010883331e-03 1.902692019939422607e-02 3.740995004773139954e-02 3.439610823988914490e-02 2.364211715757846832e-02
