1.357121169567108154e-01 1.327841728925704956e-01 3.770012408494949341e-02 1.353263948112726212e-02 1.935181766748428345e-02 1.687108278274536133e-01 1.016341596841812134e-01 4.129710793495178223e-02 1.821688190102577209e-02 1.397064700722694397e-02 7.143327593803405762e-02 1.665855012834072113e-02 8.233194798231124878e-02 7.857471704483032227e-03 4.939832910895347595e-02 2.239657379686832428e-02 4.155564121901988983e-03 3.188271448016166687e-02 3.488914575427770615e-03 7.782851811498403549e-03 3.292528912425041199e-02 1.162853743880987167e-02 2.942373231053352356e-02 1.771156117320060730e-02 2.729252912104129791e-02 4.472664371132850647e-02 5.848809611052274704e-03 4.521737620234489441e-02 3.906711935997009277e-02 4.220852255821228027e-02 8.014625310897827148e-02 2.754442952573299408e-02 1.978507824242115021e-02 5.131184589117765427e-03 1.367923105135560036e-03 2.312672324478626251e-02 2.478073164820671082e-02 1.930007338523864746e-02 1.725818030536174774e-02 8.590416982769966125e-04 1.545827835798263550e-02 5.300240591168403625e-02 4.940572660416364670e-03 3.536872193217277527e-02 2.845513075590133667e-02 2.430468425154685974e-02 1.009026393294334412e-01 6.638582050800323486e-02 4.409162327647209167e-02 6.266654236242175102e-04 1.481185480952262878e-02 2.405869029462337494e-02 3.369477763772010803e-02 3.868509456515312195e-02 2.239896357059478760e-02 4.767754301428794861e-02 1.595772057771682739e-02 7.148370146751403809e-03 7.357690483331680298e-03 2.774536423385143280e-02 1.167325675487518311e-02 9.505917318165302277e-03 9.136159904301166534e-03 1.177267916500568390e-02 2.381914481520652771e-02 1.565989479422569275e-02 1.667225547134876251e-02 2.463397383689880371e-02 3.296118602156639099e-02 3.096342785283923149e-03 8.401329629123210907e-03 1.351640094071626663e-02 8.498563431203365326e-03 2.471907297149300575e-03 7.351482752710580826e-03 6.854538340121507645e-03 1.570406742393970490e-02 2.035954594612121582e-02 1.399876642972230911e-02 1.029474940150976181e-02 2.655425295233726501e-02 5.854411423206329346e-02 1.234454941004514694e-02 1.051831990480422974e-02 4.836717620491981506e-02 1.631890051066875458e-02 2.237948589026927948e-02 1.833279617130756378e-02 3.450549440458416939e-03 5.656307563185691833e-02 4.257970675826072693e-02 2.412441186606884003e-02 5.455796048045158386e-02 9.321115911006927490e-03 1.414653193205595016e-02 1.550949085503816605e-02 8.559860289096832275e-03 1.852781698107719421e-02 1.207957742735743523e-03 2.797571197152137756e-02 4.459648951888084412e-02 1.863613910973072052e-02 1.398399937897920609e-02 1.239099074155092239e-02 4.498472437262535095e-02 3.332316130399703979e-02 1.822388730943202972e-02 1.675074920058250427e-02 1.308287307620048523e-02 3.469713265076279640e-03 8.091716095805168152e-03 2.521510608494281769e-02 1.896924898028373718e-02 3.301978483796119690e-02 4.943963140249252319e-02 4.907457530498504639e-02
1.327841728925704956e-01 1.208360642194747925e-01 4.068284481763839722e-02 5.137809086591005325e-03 6.868810392916202545e-03 1.671281754970550537e-01 1.123018413782119751e-01 9.879979304969310760e-03 2.965880185365676880e-02 3.536800295114517212e-02 7.318305969238281250e-02 1.102075632661581039e-02 9.220217168331146240e-02 2.698676474392414093e-02 6.499541550874710083e-02 3.063588170334696770e-03 2.118526026606559753e-02 6.262069195508956909e-02 2.756816521286964417e-02 5.675357300788164139e-03 2.408923767507076263e-02 2.579122409224510193e-02 2.397178299725055695e-02 1.721708849072456360e-02 3.585700178518891335e-03 1.094786333851516247e-03 1.259379182010889053e-02 4.583406820893287659e-02 2.861707285046577454e-02 8.133529871702194214e-02 1.216712407767772675e-02 2.659678645431995392e-02 2.972876653075218201e-02 2.047960180789232254e-03 9.809938492253422737e-04 9.382440708577632904e-03 4.228442162275314331e-02 2.248101867735385895e-02 6.668153218924999237e-03 1.585860922932624817e-02 1.022834703326225281e-02 9.384087286889553070e-03 3.946278616786003113e-02 9.777376428246498108e-03 6.344433408230543137e-03 3.958776220679283142e-02 4.089087992906570435e-02 3.798372298479080200e-02 5.401313304901123047e-02 9.190932847559452057e-03 6.718244403600692749e-02 2.855977788567543030e-02 1.481585390865802765e-02 1.457321830093860626e-02 1.263838261365890503e-02 4.203845281153917313e-03 5.674473941326141357e-02 3.439386934041976929e-02 1.459751743823289871e-02 9.591389447450637817e-03 8.321276865899562836e-03 5.832517053931951523e-03 2.919170819222927094e-02 3.155496204271912575e-03 2.116446942090988159e-02 2.244469523429870605e-02 7.760655600577592850e-03 7.052951026707887650e-03 4.340211302042007446e-02 1.842779107391834259e-02 1.349929440766572952e-02 2.283096686005592346e-02 1.457721088081598282e-02 2.462829835712909698e-02 1.091338228434324265e-02 2.227506414055824280e-02 2.380422689020633698e-02 3.429549932479858398e-02 2.140209265053272247e-02 3.936780150979757309e-03 1.299398863920941949e-04 5.247160047292709351e-02 2.461694739758968353e-02 3.555300086736679077e-02 4.914470948278903961e-03 4.337004199624061584e-02 2.747935988008975983e-02 1.438791677355766296e-02 3.650947287678718567e-02 2.193632908165454865e-02 3.652277216315269470e-02 2.734274417161941528e-02 2.338796295225620270e-02 3.098112298175692558e-03 1.732589490711688995e-02 1.973669603466987610e-02 2.119259350001811981e-02 5.266616120934486389e-02 2.412644447758793831e-03 2.476577833294868469e-02 7.135826628655195236e-03 1.228223368525505066e-02 4.556870460510253906e-02 8.907693438231945038e-03 2.515409886837005615e-02 2.647379785776138306e-02 2.891367673873901367e-02 9.831962175667285919e-03 3.939405083656311035e-03 9.177649393677711487e-03 2.869901992380619049e-02 2.250105142593383789e-03 6.679333001375198364e-02 1.847312785685062408e-02 4.100947082042694092e-02 6.616625934839248657e-02
3.770012408494949341e-02 4.068284481763839722e-02 1.245920881628990173e-01 3.463882580399513245e-02 1.077352557331323624e-02 2.819633483886718750e-02 2.343833912163972855e-03 1.349387168884277344e-01 4.702151194214820862e-02 4.200974851846694946e-02 1.377778407186269760e-02 4.312831908464431763e-02 1.048766775056719780e-03 4.917121957987546921e-03 3.034097142517566681e-02 6.095443386584520340e-03 3.360091894865036011e-02 2.616693731397390366e-03 4.911734536290168762e-02 8.347375318408012390e-03 2.588358009234070778e-03 6.783701945096254349e-03 6.639265269041061401e-02 6.748137623071670532e-02 3.590906504541635513e-03 4.161307960748672485e-02 2.235110476613044739e-02 8.662739396095275879e-02 4.253748431801795959e-02 9.885390102863311768e-02 5.593885108828544617e-02 5.663307756185531616e-02 8.582869544625282288e-03 1.850935630500316620e-02 1.624641381204128265e-02 1.897451584227383137e-03 5.242457147687673569e-03 9.476061910390853882e-03 1.762219145894050598e-02 9.839209727942943573e-03 2.838073670864105225e-02 9.924361482262611389e-03 3.799063339829444885e-02 5.980075895786285400e-02 3.763133287429809570e-02 3.024436067789793015e-03 4.389167577028274536e-02 2.296647988259792328e-02 1.891488954424858093e-02 3.538291901350021362e-02 3.674522787332534790e-02 2.198405377566814423e-02 4.914727993309497833e-03 5.207159370183944702e-02 5.806460510939359665e-03 8.994656801223754883e-02 1.478866767138242722e-02 1.796740293502807617e-02 3.645372390747070312e-02 3.243340179324150085e-02 2.497998997569084167e-02 9.300162084400653839e-03 1.851645857095718384e-02 3.839689493179321289e-02 1.494936738163232803e-02 2.710879035294055939e-02 4.330712929368019104e-02 4.315981268882751465e-02 2.046779729425907135e-02 2.260717377066612244e-02 2.021252410486340523e-03 4.127203673124313354e-02 6.281747948378324509e-03 2.645952068269252777e-02 1.215893495827913284e-02 2.887044847011566162e-02 2.907416783273220062e-02 1.361291948705911636e-02 4.513376951217651367e-02 4.220320284366607666e-02 1.038581952452659607e-01 1.013002917170524597e-01 1.470980048179626465e-02 3.581818193197250366e-02 1.044728886336088181e-02 1.348042488098144531e-02 1.678897067904472351e-02 6.967571377754211426e-02 9.452776983380317688e-03 2.153053507208824158e-02 5.008353851735591888e-03 1.902661286294460297e-02 2.215212024748325348e-02 3.682610392570495605e-02 4.124125465750694275e-03 8.946613408625125885e-03 2.801196277141571045e-02 6.650758534669876099e-02 3.598677366971969604e-02 5.554017145186662674e-03 1.116717047989368439e-02 4.249325022101402283e-02 2.400817535817623138e-02 5.263305455446243286e-02 3.543937811627984047e-03 5.438084900379180908e-02 4.584655538201332092e-02 5.234228447079658508e-02 2.845155447721481323e-02 4.081010818481445312e-02 2.889665775001049042e-02 8.684934675693511963e-02 1.433471869677305222e-02 4.694656468927860260e-03 1.509659271687269211e-02 9.336690418422222137e-03
1.353263948112726212e-02 5.137809086591005325e-03 3.463882580399513245e-02 1.354676187038421631e-01 7.809484750032424927e-02 1.907417736947536469e-02 2.472066786140203476e-03 3.229274973273277283e-02 8.143486827611923218e-02 2.404319494962692261e-02 4.503658972680568695e-03 1.582402735948562622e-02 4.994037112737714779e-07 2.344102412462234497e-02 6.135291885584592819e-03 1.685558259487152100e-02 2.076530456542968750e-02 1.002150587737560272e-02 5.711121857166290283e-02 3.708761185407638550e-02 2.084461599588394165e-02 1.800473220646381378e-02 6.409983336925506592e-02 4.341134801506996155e-02 1.299749687314033508e-02 5.919025745242834091e-03 4.159432277083396912e-02 1.762968115508556366e-02 1.810535974800586700e-02 2.243525534868240356e-02 1.234811171889305115e-02 4.282366018742322922e-03 2.089057117700576782e-02 4.951202776283025742e-03 4.965841397643089294e-02 2.544024027884006500e-02 1.015019509941339493e-02 3.311519324779510498e-02 8.516430854797363281e-02 5.405714735388755798e-02 2.156151644885540009e-02 3.604666516184806824e-02 8.075380697846412659e-03 2.484092675149440765e-02 3.322656452655792236e-02 2.258267067372798920e-02 9.843196719884872437e-03 4.594606813043355942e-03 1.077224686741828918e-02 5.340086645446717739e-04 4.945316351950168610e-03 2.259011380374431610e-02 1.832950301468372345e-02 6.319237407296895981e-03 2.776385098695755005e-02 1.501971017569303513e-02 3.223264589905738831e-02 9.033246169565245509e-05 1.198463328182697296e-02 1.225202344357967377e-03 3.450392559170722961e-02 3.846070915460586548e-02 3.747783228754997253e-02 4.892240837216377258e-02 1.686383038759231567e-02 7.585943676531314850e-03 4.449147731065750122e-02 4.452692717313766479e-02 4.702198505401611328e-02 3.905498981475830078e-02 4.062641784548759460e-02 2.205569483339786530e-02 8.304303139448165894e-02 3.760791942477226257e-02 8.157216757535934448e-02 1.984108611941337585e-02 6.950450688600540161e-02 1.484163664281368256e-02 2.130735479295253754e-02 2.190541848540306091e-02 1.587087102234363556e-02 2.869823947548866272e-04 2.602341957390308380e-02 4.459377750754356384e-02 5.939413234591484070e-02 1.284562610089778900e-02 5.909452680498361588e-03 2.193595841526985168e-02 3.017242439091205597e-02 3.311821445822715759e-02 2.926423586905002594e-02 1.257743965834379196e-02 5.769455339759588242e-03 2.834283513948321342e-03 6.585066765546798706e-02 4.867640882730484009e-02 2.771944925189018250e-02 4.356911405920982361e-02 7.563155144453048706e-03 1.746162027120590210e-02 2.759818220511078835e-03 4.531291313469409943e-03 1.469864975661039352e-02 3.232823684811592102e-02 9.007235057651996613e-03 1.522486843168735504e-02 1.010859478265047073e-02 4.484833404421806335e-02 1.486845966428518295e-02 1.025370904244482517e-03 3.321635595057159662e-04 2.587526291608810425e-02 2.248190902173519135e-02 2.282261289656162262e-02 3.770201653242111206e-02 1.433163601905107498e-02
1.935181766748428345e-02 6.868810392916202545e-03 1.077352557331323624e-02 7.809484750032424927e-02 1.385330259799957275e-01 4.283962026238441467e-02 3.732092306017875671e-02 2.194919250905513763e-02 1.059018075466156006e-01 1.980238594114780426e-02 7.111183833330869675e-03 2.937799878418445587e-02 2.574796555563807487e-03 3.100259043276309967e-02 1.979967765510082245e-02 7.580580189824104309e-03 6.794839864596724510e-04 4.419223219156265259e-02 1.036172918975353241e-02 7.970616221427917480e-03 3.940114378929138184e-02 2.911092340946197510e-02 4.331760853528976440e-02 2.945692464709281921e-02 7.943578995764255524e-03 4.258917272090911865e-02 4.616406187415122986e-02 4.125734791159629822e-02 1.905593648552894592e-02 3.620100393891334534e-02 1.457186299376189709e-03 4.515089094638824463e-03 2.152858069166541100e-03 2.561667375266551971e-02 3.007813170552253723e-02 2.045922167599201202e-02 2.452193200588226318e-02 1.521342992782592773e-02 5.009615421295166016e-02 6.811743229627609253e-02 3.857348812744021416e-03 5.574302375316619873e-02 6.740965414792299271e-03 1.197420060634613037e-02 4.108460992574691772e-02 2.568724565207958221e-02 1.664205081760883331e-02 3.207896137610077858e-03 1.457378268241882324e-02 2.309125848114490509e-02 2.105568535625934601e-02 3.846978768706321716e-02 1.013951841741800308e-02 1.454256288707256317e-02 1.660714857280254364e-02 3.737268596887588501e-02 6.726501509547233582e-03 1.977596059441566467e-02 9.473627433180809021e-03 2.095321193337440491e-03 1.948259957134723663e-02 2.926236018538475037e-02 3.979290649294853210e-02 3.716748952865600586e-02 1.182438340038061142e-02 1.147635467350482941e-02 1.137690152972936630e-02 2.287542447447776794e-04 3.265303373336791992e-02 2.753964997828006744e-02 1.277791336178779602e-02 2.867545001208782196e-02 8.050195127725601196e-02 4.383805394172668457e-02 8.622049540281295776e-02 9.639353491365909576e-03 1.134482305496931076e-02 3.944427147507667542e-02 3.662368655204772949e-02 1.891174539923667908e-02 1.515081804245710373e-02 1.262521557509899139e-02 8.338855206966400146e-02 5.946602672338485718e-02 4.302689060568809509e-02 1.874597743153572083e-02 1.614572363905608654e-03 4.955424461513757706e-03 1.782433129847049713e-02 1.447614841163158417e-02 2.525765448808670044e-02 2.478570491075515747e-02 1.683471351861953735e-02 5.312374327331781387e-03 8.339742198586463928e-03 4.817287996411323547e-02 7.521004974842071533e-02 4.544788226485252380e-02 2.069220691919326782e-02 3.130671393591910601e-05 2.963342703878879547e-02 2.926431130617856979e-03 4.849989339709281921e-02 1.038212049752473831e-02 1.305437553673982620e-02 4.276302643120288849e-03 2.375031076371669769e-02 4.578640311956405640e-02 3.029370214790105820e-03 4.699067398905754089e-02 2.070965059101581573e-02 5.103936418890953064e-02 1.658644340932369232e-02 5.077527835965156555e-03 4.410575330257415771e-02 2.388456650078296661e-02
1.687108278274536133e-01 1.671281754970550537e-01 2.819633483886718750e-02 1.907417736947536469e-02 4.283962026238441467e-02 2.011746615171432495e-01 2.167203724384307861e-01 2.113597467541694641e-02 3.643190115690231323e-02 2.855850942432880402e-02 5.565018951892852783e-02 1.220283508300781250e-01 8.728522807359695435e-02 7.060988247394561768e-02 2.218209393322467804e-02 6.977888196706771851e-02 6.708453875035047531e-03 2.206695079803466797e-02 2.537307329475879669e-02 4.400176182389259338e-02 1.597012951970100403e-02 2.566688053775578737e-04 8.932054042816162109e-02 5.390475690364837646e-02 2.860697545111179352e-02 1.648937724530696869e-02 1.789792440831661224e-02 7.177297770977020264e-02 1.300352532416582108e-02 7.253512740135192871e-02 7.554863393306732178e-02 6.437168456614017487e-03 1.008880324661731720e-02 7.543451647507026792e-05 2.790486440062522888e-02 3.957542590796947479e-03 9.966162964701652527e-03 1.267130114138126373e-02 3.109381534159183502e-02 3.529262542724609375e-02 5.132655613124370575e-03 6.029805168509483337e-03 3.619418293237686157e-02 1.037143357098102570e-02 2.181961946189403534e-02 3.053125366568565369e-02 1.458141803741455078e-01 1.377031207084655762e-01 2.451864816248416901e-02 1.831877417862415314e-02 1.148653998970985413e-01 2.234689332544803619e-02 1.427712105214595795e-02 1.973906904458999634e-02 1.520843245089054108e-02 5.773896723985671997e-02 4.566761106252670288e-02 2.482605725526809692e-02 2.138602919876575470e-02 4.280732572078704834e-02 1.863926276564598083e-02 3.774392232298851013e-02 2.250590547919273376e-02 1.618218980729579926e-02 1.629480160772800446e-02 1.792247593402862549e-02 3.079306706786155701e-02 1.094672922044992447e-02 2.118560299277305603e-02 1.024495810270309448e-02 5.047733895480632782e-03 2.151660434901714325e-02 2.053729817271232605e-02 1.131188124418258667e-03 2.029360271990299225e-02 1.569549180567264557e-02 1.908975839614868164e-02 4.706856235861778259e-02 3.700961545109748840e-02 1.787128299474716187e-02 2.515064319595694542e-03 7.742877304553985596e-02 3.534065932035446167e-02 1.810778118669986725e-02 1.558159664273262024e-02 3.519890829920768738e-02 1.164661254733800888e-02 2.770412527024745941e-02 2.898314222693443298e-02 3.172779455780982971e-02 5.757078155875205994e-02 2.297245524823665619e-02 1.004635617136955261e-01 2.445648238062858582e-02 5.007956922054290771e-02 9.264959953725337982e-03 2.119612880051136017e-02 2.024646289646625519e-02 2.221365272998809814e-02 3.535938262939453125e-02 3.137445077300071716e-03 1.338978856801986694e-02 1.663938601268455386e-04 1.950820349156856537e-02 1.168063096702098846e-02 1.287308172322809696e-03 9.888458298519253731e-04 6.883420515805482864e-03 3.352664038538932800e-02 3.731974586844444275e-02 2.188571030274033546e-03 9.225965477526187897e-03 5.097394387121312320e-05 7.745114620774984360e-03 4.382152855396270752e-02 9.799000620841979980e-02
1.016341596841812134e-01 1.123018413782119751e-01 2.343833912163972855e-03 2.472066786140203476e-03 3.732092306017875671e-02 2.167203724384307861e-01 1.818903982639312744e-01 3.193021938204765320e-02 5.141751095652580261e-02 1.218405552208423615e-02 2.484387531876564026e-02 1.567317172884941101e-02 6.545335054397583008e-02 7.963959872722625732e-02 3.019224852323532104e-02 2.391050755977630615e-02 1.016356889158487320e-02 1.183071359992027283e-02 5.442556721391156316e-05 2.447922900319099426e-02 2.906190697103738785e-03 2.036064490675926208e-02 1.883748546242713928e-02 7.149562239646911621e-02 4.192281886935234070e-02 1.751527749001979828e-02 2.202625572681427002e-02 5.659956485033035278e-02 2.655348926782608032e-02 7.546952366828918457e-02 4.897759482264518738e-02 5.898243933916091919e-02 2.517862617969512939e-02 7.502874359488487244e-03 6.609668955206871033e-03 4.902781546115875244e-02 2.123097510775551200e-04 3.567517921328544617e-02 4.283028095960617065e-02 2.975229918956756592e-02 1.557984109967947006e-02 5.231821164488792419e-02 5.296354368329048157e-02 1.566663943231105804e-02 5.246397480368614197e-02 2.914394065737724304e-02 8.228401839733123779e-02 1.305809468030929565e-01 6.604801118373870850e-02 3.867811709642410278e-02 3.493577241897583008e-02 4.394634068012237549e-02 4.214827902615070343e-03 3.927874192595481873e-02 4.190021008253097534e-02 3.654683381319046021e-02 1.044421084225177765e-02 1.408860832452774048e-02 5.389911308884620667e-02 5.198793485760688782e-03 6.880462169647216797e-02 1.364075858145952225e-02 2.424175105988979340e-02 1.806654036045074463e-02 2.676772698760032654e-02 4.657045379281044006e-02 4.635066539049148560e-02 6.458255648612976074e-02 3.462444583419710398e-04 3.241956979036331177e-02 1.615460589528083801e-02 3.297866135835647583e-02 9.410885162651538849e-03 3.291473537683486938e-02 4.345513414591550827e-03 4.322827979922294617e-02 1.029545292258262634e-01 4.440351948142051697e-02 3.317756578326225281e-02 3.576739225536584854e-03 1.499325037002563477e-02 4.744030535221099854e-02 3.196579217910766602e-02 1.452196110039949417e-02 5.799831077456474304e-02 1.859670132398605347e-02 6.994124501943588257e-03 3.106973879039287567e-02 9.468749165534973145e-03 3.560667484998703003e-02 1.217619702219963074e-02 9.000186808407306671e-03 7.564035058021545410e-02 1.799380639567971230e-03 3.703393449541181326e-04 1.211173553019762039e-02 8.591322228312492371e-03 8.970298804342746735e-03 4.553306102752685547e-02 2.964466344565153122e-03 3.086342103779315948e-02 5.573053378611803055e-03 1.567123271524906158e-02 1.043563429266214371e-02 2.817134372889995575e-02 2.667547389864921570e-02 2.165458863601088524e-04 3.008788265287876129e-02 2.345137111842632294e-02 6.041479855775833130e-02 2.326288260519504547e-02 2.597173303365707397e-02 5.183339491486549377e-02 6.073756609112024307e-03 2.066562324762344360e-02 2.383824251592159271e-02
4.129710793495178223e-02 9.879979304969310760e-03 1.349387168884277344e-01 3.229274973273277283e-02 2.194919250905513763e-02 2.113597467541694641e-02 3.193021938204765320e-02 1.646299511194229126e-01 2.426382713019847870e-02 7.917016744613647461e-02 1.078097522258758545e-02 3.910119086503982544e-02 1.999619044363498688e-02 1.709324773401021957e-03 8.284737169742584229e-02 1.167398411780595779e-02 6.398151163011789322e-03 2.516415901482105255e-02 2.026517502963542938e-02 3.592672199010848999e-02 2.666678465902805328e-02 5.729612335562705994e-02 3.333656862378120422e-02 4.051482304930686951e-02 1.272153016179800034e-02 1.038441341370344162e-02 3.121018968522548676e-02 3.729610145092010498e-02 3.982451744377613068e-03 5.711189284920692444e-02 3.659477923065423965e-03 2.502660267055034637e-02 6.134334020316600800e-03 1.962319202721118927e-02 1.619353308342397213e-03 4.700233042240142822e-02 3.486232459545135498e-02 2.497993991710245609e-04 5.507986992597579956e-02 5.240000411868095398e-02 5.240386351943016052e-03 4.431846365332603455e-02 3.369071707129478455e-02 5.812947452068328857e-02 1.065604481846094131e-02 1.838035136461257935e-02 2.370047010481357574e-02 5.847343057394027710e-02 5.002708639949560165e-03 5.875379592180252075e-02 7.099625468254089355e-02 7.569128274917602539e-02 1.886818185448646545e-02 1.573093049228191376e-02 3.698877990245819092e-02 3.960995003581047058e-03 1.135987509042024612e-02 1.979429833590984344e-02 7.557251024991273880e-03 1.909256912767887115e-02 3.133172914385795593e-02 2.671891637146472931e-02 5.434494931250810623e-03 1.958935894072055817e-02 3.304889658465981483e-03 1.464095525443553925e-02 4.634781554341316223e-02 6.472171097993850708e-02 5.000012740492820740e-02 3.645699471235275269e-02 2.002942003309726715e-02 2.253358066082000732e-02 2.713788300752639771e-02 2.298804000020027161e-02 1.570306532084941864e-02 2.983303181827068329e-02 2.184440568089485168e-02 5.603880062699317932e-02 3.262099996209144592e-02 9.307526983320713043e-03 1.206484064459800720e-01 1.049637272953987122e-01 2.854451164603233337e-02 3.870156779885292053e-02 2.229038812220096588e-02 2.174427174031734467e-02 6.427574902772903442e-02 9.079699963331222534e-02 4.584793373942375183e-02 6.798967719078063965e-02 6.330864876508712769e-02 1.197326229885220528e-03 2.230987884104251862e-02 3.602520003914833069e-02 1.033407729119062424e-02 7.528863847255706787e-03 1.107046008110046387e-02 7.758911699056625366e-02 4.431843012571334839e-02 3.828427195549011230e-02 1.558270957320928574e-02 2.871213667094707489e-02 1.943701878190040588e-02 6.706423312425613403e-02 5.028220475651323795e-04 1.058929506689310074e-02 1.300839893519878387e-02 1.554103475064039230e-02 3.250343725085258484e-02 8.008514530956745148e-03 4.519959911704063416e-02 3.813387081027030945e-02 1.880055177025496960e-03 3.470788523554801941e-02 1.232451647520065308e-01 3.134124726057052612e-02
1.821688190102577209e-02 2.965880185365676880e-02 4.702151194214820862e-02 8.143486827611923218e-02 1.059018075466156006e-01 3.643190115690231323e-02 5.141751095652580261e-02 2.426382713019847870e-02 1.885074377059936523e-01 6.466163694858551025e-02 2.257533557713031769e-02 5.444207042455673218e-02 5.212108045816421509e-02 3.560366109013557434e-02 4.560851678252220154e-02 1.451254356652498245e-02 6.239962577819824219e-02 3.354040533304214478e-02 2.244181558489799500e-02 2.512069232761859894e-02 8.472889661788940430e-02 1.282777730375528336e-02 1.001738831400871277e-01 6.805354356765747070e-02 8.333237841725349426e-03 1.026018187403678894e-01 2.715210057795047760e-02 8.529243990778923035e-03 9.912946261465549469e-03 5.678920075297355652e-02 3.809671103954315186e-02 1.598992571234703064e-02 6.049592047929763794e-02 8.311068639159202576e-03 6.569376587867736816e-02 6.851705163717269897e-02 8.375567942857742310e-02 6.564416736364364624e-02 2.179398143198341131e-04 1.459924597293138504e-02 3.925641253590583801e-02 9.757138788700103760e-02 1.354034338146448135e-02 2.040435187518596649e-02 4.627087339758872986e-02 5.197386816143989563e-02 2.955152094364166260e-02 1.109932735562324524e-02 1.242196485400199890e-01 3.518809750676155090e-02 2.194007486104965210e-02 2.253791131079196930e-02 3.918610140681266785e-02 4.571870341897010803e-02 2.229724079370498657e-01 1.740550436079502106e-02 4.415572155267000198e-03 4.535176604986190796e-02 3.920364752411842346e-02 1.132976915687322617e-02 2.608091197907924652e-02 5.498262122273445129e-03 2.356712147593498230e-02 7.399462163448333740e-02 1.515294518321752548e-02 2.913741581141948700e-02 1.935828104615211487e-02 8.171038329601287842e-02 3.748644841834902763e-03 2.905995771288871765e-02 9.264543652534484863e-02 5.461569875478744507e-03 4.105852916836738586e-02 4.938694089651107788e-02 5.656860023736953735e-02 4.563467577099800110e-02 3.090356588363647461e-01 2.735838666558265686e-02 1.685375273227691650e-01 3.376712091267108917e-03 3.634928539395332336e-02 3.703035786747932434e-02 4.079131409525871277e-02 1.758473808877170086e-04 3.890131041407585144e-02 6.953541934490203857e-02 4.772641137242317200e-02 2.564152237027883530e-03 6.880613416433334351e-02 1.154430117458105087e-02 2.247590757906436920e-02 3.250008216127753258e-03 2.949603833258152008e-02 6.483948230743408203e-02 1.507853902876377106e-02 6.051008403301239014e-02 6.135408580303192139e-02 2.112132497131824493e-02 6.539699435234069824e-02 9.385560639202594757e-03 3.895782632753252983e-03 4.250442236661911011e-02 3.236453607678413391e-02 2.591769769787788391e-02 4.523118212819099426e-02 5.135237239301204681e-03 3.016547765582799911e-03 6.550496071577072144e-02 2.705547586083412170e-02 3.308429941534996033e-02 3.044141829013824463e-02 1.360245980322360992e-02 3.999334573745727539e-02 4.458348080515861511e-02 8.150880038738250732e-02 2.432995289564132690e-02
1.397064700722694397e-02 3.536800295114517212e-02 4.200974851846694946e-02 2.404319494962692261e-02 1.980238594114780426e-02 2.855850942432880402e-02 1.218405552208423615e-02 7.917016744613647461e-02 6.466163694858551025e-02 2.542318701744079590e-01 1.860322244465351105e-02 3.027440421283245087e-02 5.136286839842796326e-02 9.432549029588699341e-02 8.185024559497833252e-02 3.052786737680435181e-02 4.459016770124435425e-02 2.238409966230392456e-02 6.616400182247161865e-02 5.151443183422088623e-03 4.234355315566062927e-02 6.784690171480178833e-02 4.869829863309860229e-02 7.545512914657592773e-02 2.101060375571250916e-02 1.430013403296470642e-02 7.099490612745285034e-02 1.753074303269386292e-02 2.293579094111919403e-02 6.996538490056991577e-02 3.331662854179739952e-03 2.988943830132484436e-02 2.797806262969970703e-02 2.733669802546501160e-02 3.013129346072673798e-02 8.006894588470458984e-02 3.704541549086570740e-02 4.301234707236289978e-02 2.875006198883056641e-02 1.396969985216856003e-02 1.846057362854480743e-02 5.521564558148384094e-02 2.199580147862434387e-02 3.239225223660469055e-02 2.431189455091953278e-02 1.400706768035888672e-01 2.470192499458789825e-02 6.457804888486862183e-02 1.131755486130714417e-02 1.245536357164382935e-01 4.747747443616390228e-03 9.041836112737655640e-02 3.487699106335639954e-02 2.213581837713718414e-02 2.743075415492057800e-02 5.283508822321891785e-02 8.849145844578742981e-03 6.187195330858230591e-02 1.883076317608356476e-02 2.699879929423332214e-02 2.346292138099670410e-02 5.404280871152877808e-02 4.909148439764976501e-02 5.372029170393943787e-02 3.061391413211822510e-02 1.727099716663360596e-02 4.476571083068847656e-02 3.531524911522865295e-02 7.563415914773941040e-03 1.861133798956871033e-02 4.347554221749305725e-02 1.012927014380693436e-02 4.056885465979576111e-02 1.099587418138980865e-02 5.445366352796554565e-02 9.837470948696136475e-03 6.557278684340417385e-04 1.580219566822052002e-01 4.808241501450538635e-03 1.356446295976638794e-01 5.512416362762451172e-02 3.869477659463882446e-02 2.462208643555641174e-02 3.998415172100067139e-02 1.587276905775070190e-02 1.104858443140983582e-01 5.147751048207283020e-02 6.309449672698974609e-02 1.492363866418600082e-02 1.091615334153175354e-01 1.697262004017829895e-02 1.478819828480482101e-02 8.204575628042221069e-02 2.040055394172668457e-02 4.255344159901142120e-03 8.656148798763751984e-03 2.256605401635169983e-02 3.618269413709640503e-02 1.369914785027503967e-02 4.686049744486808777e-02 3.510547056794166565e-02 1.597987674176692963e-02 3.893737494945526123e-02 1.547947712242603302e-02 2.306595072150230408e-02 1.002811081707477570e-02 4.784719273447990417e-02 1.336496509611606598e-02 1.936754398047924042e-02 2.761965245008468628e-02 3.666865453124046326e-02 1.060851011425256729e-02 6.016963720321655273e-02 4.451601952314376831e-02 2.646553143858909607e-02 3.308369964361190796e-02
7.143327593803405762e-02 7.318305969238281250e-02 1.377778407186269760e-02 4.503658972680568695e-03 7.111183833330869675e-03 5.565018951892852783e-02 2.484387531876564026e-02 1.078097522258758545e-02 2.257533557713031769e-02 1.860322244465351105e-02 1.299531757831573486e-01 2.275244891643524170e-02 4.916286468505859375e-02 5.795562267303466797e-02 3.779885545372962952e-02 1.608627289533615112e-02 1.972272992134094238e-02 2.348641306161880493e-02 3.767558187246322632e-02 2.753853239119052887e-02 7.715088780969381332e-03 3.221866860985755920e-02 2.411486767232418060e-02 4.470130801200866699e-02 2.852048166096210480e-02 1.263645198196172714e-02 9.929930791258811951e-03 2.244855044409632683e-03 3.928836435079574585e-02 1.197117660194635391e-02 1.809263788163661957e-02 2.914215810596942902e-02 2.386544644832611084e-02 1.546473708003759384e-02 6.014808546751737595e-03 1.718480023555457592e-03 2.420567721128463745e-02 3.035193867981433868e-02 1.892530359327793121e-02 1.328336354345083237e-02 1.813707314431667328e-02 2.108376659452915192e-02 1.316546648740768433e-02 4.210093058645725250e-03 1.270417496562004089e-02 1.375035848468542099e-02 3.019809164106845856e-02 5.033860914409160614e-03 1.993585750460624695e-02 7.210190407931804657e-03 4.293126612901687622e-02 3.344017267227172852e-02 3.093035705387592316e-02 1.578028872609138489e-02 1.382474228739738464e-02 2.520659007132053375e-02 1.502708904445171356e-02 4.084276224602945149e-05 2.298143878579139709e-02 2.098836749792098999e-02 5.329414270818233490e-03 8.673960110172629356e-04 2.123835729435086250e-03 6.632049102336168289e-03 3.552091121673583984e-02 2.464603818953037262e-02 2.635999396443367004e-02 6.339792627841234207e-03 2.136384136974811554e-02 2.537931315600872040e-02 1.281829830259084702e-02 1.642899960279464722e-02 7.987089455127716064e-03 2.538213320076465607e-02 1.267763203941285610e-03 1.830003596842288971e-02 4.578932002186775208e-02 9.232110343873500824e-03 5.687952786684036255e-02 2.470906823873519897e-02 8.380930870771408081e-03 1.115316152572631836e-02 1.146754994988441467e-02 2.903709746897220612e-02 1.030896138399839401e-02 1.587249711155891418e-02 4.215104132890701294e-02 2.570032700896263123e-02 5.018528923392295837e-02 4.166475310921669006e-02 2.214510180056095123e-02 3.026174195110797882e-02 7.532585412263870239e-03 1.722209714353084564e-02 1.733558066189289093e-02 1.217971555888652802e-02 2.360179089009761810e-02 1.758579630404710770e-03 3.549982327967882156e-03 2.334633097052574158e-02 3.638125583529472351e-02 2.274913340806961060e-02 2.309484779834747314e-02 2.582481317222118378e-02 3.963464125990867615e-02 1.582973264157772064e-02 2.303991280496120453e-02 1.427421811968088150e-02 1.387613359838724136e-02 1.393903512507677078e-02 7.961879484355449677e-03 1.372075639665126801e-02 9.531812742352485657e-03 2.141749858856201172e-02 7.097522262483835220e-03 2.804769948124885559e-02
1.665855012834072113e-02 1.102075632661581039e-02 4.312831908464431763e-02 1.582402735948562622e-02 2.937799878418445587e-02 1.220283508300781250e-01 1.567317172884941101e-02 3.910119086503982544e-02 5.444207042455673218e-02 3.027440421283245087e-02 2.275244891643524170e-02 1.312403827905654907e-01 6.293293833732604980e-02 2.831768989562988281e-01 2.732681483030319214e-02 7.633870095014572144e-02 1.897215284407138824e-02 3.080081194639205933e-02 7.290202658623456955e-03 7.225101441144943237e-02 3.675648570060729980e-02 6.904117763042449951e-02 1.563090085983276367e-01 6.487758457660675049e-02 4.240294173359870911e-02 2.669561095535755157e-02 1.655339449644088745e-02 1.686597317457199097e-01 5.829466506838798523e-02 9.832488000392913818e-02 4.157127439975738525e-02 2.785987220704555511e-02 4.298161715269088745e-02 2.311041951179504395e-02 3.154716268181800842e-02 5.250257672742009163e-04 1.801989227533340454e-02 9.431603248231112957e-04 1.224583014845848083e-02 1.474582962691783905e-02 2.140611642971634865e-03 6.856477819383144379e-03 8.193136006593704224e-02 1.617095549590885639e-03 1.858895085752010345e-02 4.429578036069869995e-02 7.746741175651550293e-02 2.414424158632755280e-02 2.675504609942436218e-02 7.496195845305919647e-03 3.438105806708335876e-02 3.190442221239209175e-03 1.200225763022899628e-02 4.633578937500715256e-03 5.032913386821746826e-02 5.923820659518241882e-02 2.518042922019958496e-02 4.669445008039474487e-02 2.002422325313091278e-02 1.498248055577278137e-02 4.759358242154121399e-02 3.618157282471656799e-02 1.043265312910079956e-02 3.835288807749748230e-02 1.343602314591407776e-02 9.859562851488590240e-03 8.815303444862365723e-02 8.078109472990036011e-02 5.807898566126823425e-02 4.458507895469665527e-02 3.065615706145763397e-02 4.433309659361839294e-02 2.621079422533512115e-02 4.290746152400970459e-02 1.063280552625656128e-02 1.506051514297723770e-02 5.606774240732192993e-02 1.904681324958801270e-02 4.748835414648056030e-02 5.736559629440307617e-02 1.780018582940101624e-02 1.502648089081048965e-02 2.739090658724308014e-02 1.472495379857718945e-03 1.496939733624458313e-02 1.233396958559751511e-02 2.737160399556159973e-02 1.215453352779150009e-02 3.539702296257019043e-02 6.133364047855138779e-03 7.100825756788253784e-02 1.124862488359212875e-02 7.625693082809448242e-02 3.274410963058471680e-02 2.675007656216621399e-02 3.886611014604568481e-02 3.516593575477600098e-02 1.280009187757968903e-02 1.242551356554031372e-01 1.277648508548736572e-01 4.659796133637428284e-02 2.899409271776676178e-03 2.514218725264072418e-02 2.890077978372573853e-02 5.182946100831031799e-02 2.792083844542503357e-02 5.735646933317184448e-02 5.100158974528312683e-02 6.891244649887084961e-02 4.319431260228157043e-02 3.367239981889724731e-02 2.577278576791286469e-02 8.836889266967773438e-02 5.458176881074905396e-02 2.834456227719783783e-02 3.330500563606619835e-03
8.233194798231124878e-02 9.220217168331146240e-02 1.048766775056719780e-03 4.994037112737714779e-07 2.574796555563807487e-03 8.728522807359695435e-02 6.545335054397583008e-02 1.999619044363498688e-02 5.212108045816421509e-02 5.136286839842796326e-02 4.916286468505859375e-02 6.293293833732604980e-02 1.365471184253692627e-01 2.169709093868732452e-02 5.399139598011970520e-02 1.432770583778619766e-02 1.785002066753804684e-03 7.023163139820098877e-03 8.503635181114077568e-04 2.025838941335678101e-02 2.451561391353607178e-02 4.031049832701683044e-02 6.999194156378507614e-03 1.241689641028642654e-02 1.812578737735748291e-02 3.175020962953567505e-02 2.061322517693042755e-02 5.015501379966735840e-02 1.741997152566909790e-02 5.549623817205429077e-02 5.060368403792381287e-02 2.093358710408210754e-02 1.612092182040214539e-02 1.484322454780340195e-02 2.117162756621837616e-02 1.835939288139343262e-02 3.776150196790695190e-02 2.262900210916996002e-02 4.915011115372180939e-03 1.199590880423784256e-02 8.890279568731784821e-03 4.163273796439170837e-02 6.557243876159191132e-03 1.634525880217552185e-02 4.944792762398719788e-02 9.755653329193592072e-03 3.961879014968872070e-02 3.890147432684898376e-02 2.543927729129791260e-02 1.095059607177972794e-02 6.869152188301086426e-03 1.139611843973398209e-02 3.466242551803588867e-02 2.743091993033885956e-02 2.194974338635802269e-03 2.118963003158569336e-02 7.480604574084281921e-03 1.709863194264471531e-03 2.449643984436988831e-02 2.864965982735157013e-02 4.267529002390801907e-04 1.706857816316187382e-03 2.394070290029048920e-02 1.341907493770122528e-02 2.246828936040401459e-02 3.223627433180809021e-02 1.362909283488988876e-02 9.553475305438041687e-03 1.510085817426443100e-02 8.857432752847671509e-03 7.765159476548433304e-03 1.591461710631847382e-02 3.443022957071661949e-03 1.005479693412780762e-02 7.227200549095869064e-03 7.614288013428449631e-03 1.323069632053375244e-02 1.628018170595169067e-02 2.011071890592575073e-03 6.407645996659994125e-03 2.362564392387866974e-02 3.288270439952611923e-03 4.154347348958253860e-03 1.919841766357421875e-02 6.451419740915298462e-02 2.148297615349292755e-02 3.597287833690643311e-02 3.328987210988998413e-02 4.215921089053153992e-02 4.055660590529441833e-02 8.349320851266384125e-03 1.977085135877132416e-02 3.300557658076286316e-02 2.530596032738685608e-02 4.222797229886054993e-03 1.115524792112410069e-03 1.718820445239543915e-02 2.147508552297949791e-03 3.276743739843368530e-02 2.012553704844322056e-05 1.939831860363483429e-02 2.090204693377017975e-02 2.020549215376377106e-02 6.288102827966213226e-03 2.568181231617927551e-02 2.142285741865634918e-02 1.366845797747373581e-02 1.405097311362624168e-03 1.515363436192274094e-02 2.528495527803897858e-02 1.506557129323482513e-02 1.126311998814344406e-02 4.839684814214706421e-03 7.995244115591049194e-03 7.741105277091264725e-03 5.818923562765121460e-02
