5.436443164944648743e-02 2.209989577531814575e-01 2.059073746204376221e-02 1.514850836247205734e-02 2.617395669221878052e-02 1.774361580610275269e-01 7.270348817110061646e-02 2.136536315083503723e-02 3.049744106829166412e-02 1.886381208896636963e-02 1.727478951215744019e-01 8.225300689446157776e-07 1.317664384841918945e-01 6.800461560487747192e-02 2.877312712371349335e-02 5.220916122198104858e-03 2.151869796216487885e-02 3.432395681738853455e-02 2.305119065567851067e-03 3.923582658171653748e-02 4.649686068296432495e-02 3.830422088503837585e-02 3.855143487453460693e-02 6.021232809871435165e-03 3.218150138854980469e-02 1.109791701310314238e-04 2.386487089097499847e-02 3.249421343207359314e-02 3.702961653470993042e-02 4.140290897339582443e-03 4.473918676376342773e-02 2.242816053330898285e-02 2.982179820537567139e-02 2.677636407315731049e-02 7.537699490785598755e-02 2.551354281604290009e-02 4.521290585398674011e-02 5.241686478257179260e-02 1.358570251613855362e-02 4.109298344701528549e-03 3.398703876882791519e-03 9.299739263951778412e-03 2.721565216779708862e-02 1.901048090076074004e-04 3.627217188477516174e-02 3.356885537505149841e-02 1.004598662257194519e-01 1.921817846596240997e-02 2.676330879330635071e-02 2.041107043623924255e-02 2.202204242348670959e-02 2.379077300429344177e-02 6.352864950895309448e-02 1.897521503269672394e-02 1.440199092030525208e-02 4.857943858951330185e-03 5.822248756885528564e-02 3.384799882769584656e-02 4.302258312236517668e-04 1.686398871243000031e-02 1.594739407300949097e-02 3.266942128539085388e-02 1.083028130233287811e-02 4.669031128287315369e-02 3.715499863028526306e-02 6.910949200391769409e-02 5.637625977396965027e-02 4.027334228157997131e-02 1.942452415823936462e-02 2.139795199036598206e-02 2.146056480705738068e-02 3.215690329670906067e-02 3.036121465265750885e-02 1.480868551880121231e-02 9.102904237806797028e-03 3.101955913007259369e-02 2.710206434130668640e-02 2.269158884882926941e-02 1.688351668417453766e-02 3.629142045974731445e-02 3.713745251297950745e-02 1.970543060451745987e-03 1.820445619523525238e-02 5.784456059336662292e-02 3.214684873819351196e-02 6.192458327859640121e-03 1.664902665652334690e-04 1.096489094197750092e-02 1.942388713359832764e-02 1.557369623333215714e-02 2.983505278825759888e-02 1.275408663786947727e-03 6.195496395230293274e-02 5.606314167380332947e-02 3.191152587532997131e-02 3.375812247395515442e-02 2.211494557559490204e-02 3.337633609771728516e-02 2.025677636265754700e-02 4.502465948462486267e-03 1.302316691726446152e-02 2.636196650564670563e-02 3.310160711407661438e-02 3.659452497959136963e-02 4.377145320177078247e-03 1.214643474668264389e-02 2.396078966557979584e-02 5.738460272550582886e-02 8.741381578147411346e-03 2.805204503238201141e-02 5.280347540974617004e-02 9.381189011037349701e-03 2.510007843375205994e-02 1.060255523771047592e-02 6.062126532196998596e-02 2.562156133353710175e-02
2.209989577531814575e-01 8.941042423248291016e-02 3.601816017180681229e-03 2.066950500011444092e-02 4.046770185232162476e-02 1.610234230756759644e-01 1.206255480647087097e-01 9.575787000358104706e-03 1.356477569788694382e-02 1.166879758238792419e-02 1.340855211019515991e-01 3.215386345982551575e-02 1.354851424694061279e-01 4.135659337043762207e-02 1.220677606761455536e-02 7.827915251255035400e-03 2.295487374067306519e-02 4.220727458596229553e-02 3.678689152002334595e-02 1.897406950592994690e-02 4.269434511661529541e-02 2.898499369621276855e-02 1.073659770190715790e-02 1.507161278277635574e-02 3.603567136451601982e-03 1.652133651077747345e-02 4.921540245413780212e-02 1.653737388551235199e-02 5.602069199085235596e-02 2.253049053251743317e-03 2.772070094943046570e-02 1.333019882440567017e-02 6.417171563953161240e-03 4.245740175247192383e-02 8.343797922134399414e-02 1.518234331160783768e-02 2.233774960041046143e-02 4.970284551382064819e-02 9.195667691528797150e-03 6.670125294476747513e-03 1.186859607696533203e-02 1.666207797825336456e-02 2.558298036456108093e-02 4.712578840553760529e-03 2.503635361790657043e-02 1.414699107408523560e-02 1.566604524850845337e-01 1.190100461244583130e-01 2.942473068833351135e-02 2.409409172832965851e-02 6.894626654684543610e-03 5.030332878232002258e-02 3.944440186023712158e-02 3.195710480213165283e-02 2.539487788453698158e-03 4.762225970625877380e-02 2.563495561480522156e-02 2.014768868684768677e-02 9.467845782637596130e-03 1.085225120186805725e-02 3.992353752255439758e-02 7.382396142929792404e-03 3.107663430273532867e-02 3.443295881152153015e-02 5.217021331191062927e-03 3.407254815101623535e-02 7.065253797918558121e-03 3.607096523046493530e-02 2.438870444893836975e-02 3.922473639249801636e-02 3.324785828590393066e-02 2.768322639167308807e-02 4.950138181447982788e-02 4.668806865811347961e-02 1.168291456997394562e-02 2.507453039288520813e-02 1.785579370334744453e-03 2.133370935916900635e-02 7.959397509694099426e-03 6.134194508194923401e-02 1.517743058502674103e-02 7.800980471074581146e-03 2.208885177969932556e-02 4.644837602972984314e-02 1.214677188545465469e-02 1.551807578653097153e-02 3.953319787979125977e-02 3.685501962900161743e-02 6.063827127218246460e-02 7.893180847167968750e-02 7.350375503301620483e-02 2.706195786595344543e-02 3.313961997628211975e-02 3.097622469067573547e-02 1.765595749020576477e-02 2.075889334082603455e-02 3.544486686587333679e-02 3.350380063056945801e-02 5.622117314487695694e-03 1.666495390236377716e-02 3.473162278532981873e-02 8.323092944920063019e-03 4.752099886536598206e-02 2.866500057280063629e-02 3.185199201107025146e-02 4.538064450025558472e-02 4.509786516427993774e-02 3.854749724268913269e-02 1.208255067467689514e-02 5.355189554393291473e-03 9.724181145429611206e-03 4.324021562933921814e-02 2.017449773848056793e-02 3.205782547593116760e-02 3.781309584155678749e-03 1.369247864931821823e-02
2.059073746204376221e-02 3.601816017180681229e-03 3.624434769153594971e-02 1.415768172591924667e-02 1.072575614671222866e-04 3.707835450768470764e-02 3.531825169920921326e-02 1.712482720613479614e-01 5.969921499490737915e-02 1.889675296843051910e-02 2.976794540882110596e-02 2.548789605498313904e-02 4.929692670702934265e-02 3.375683724880218506e-02 8.574243634939193726e-02 6.613480299711227417e-02 3.145496174693107605e-02 4.033983871340751648e-02 3.835483267903327942e-02 6.604633294045925140e-03 2.114296332001686096e-02 4.153966903686523438e-02 2.660540305078029633e-02 2.868324285373091698e-03 2.475413680076599121e-02 2.873654291033744812e-02 1.538895443081855774e-02 4.020481556653976440e-02 5.578550044447183609e-03 3.355795890092849731e-02 3.598273266106843948e-03 5.010512657463550568e-03 2.097587659955024719e-02 2.647910453379154205e-02 2.488043531775474548e-02 3.625905513763427734e-02 9.039239957928657532e-03 4.690144583582878113e-02 8.780056238174438477e-02 3.046414069831371307e-02 3.166435658931732178e-02 2.995383925735950470e-02 6.680633127689361572e-02 1.074544936418533325e-01 1.633839309215545654e-02 4.524697549641132355e-03 4.985841363668441772e-02 1.474365312606096268e-02 8.358554542064666748e-02 7.211361825466156006e-02 1.260899752378463745e-02 3.092145547270774841e-02 7.649435102939605713e-02 4.003094881772994995e-02 5.196347832679748535e-02 3.729650378227233887e-02 1.262019667774438858e-02 1.284499764442443848e-01 3.289666399359703064e-02 6.022702902555465698e-03 7.156255841255187988e-02 3.014140762388706207e-02 1.532897818833589554e-02 6.460505537688732147e-03 1.967277750372886658e-02 1.318542752414941788e-02 2.789724431931972504e-02 2.749801427125930786e-02 3.372927755117416382e-02 2.155675366520881653e-02 4.543262347579002380e-02 8.285925141535699368e-04 4.597818478941917419e-02 3.791714087128639221e-02 1.747248135507106781e-02 1.028178352862596512e-02 8.755185641348361969e-03 5.529532674700021744e-03 2.190040424466133118e-02 1.771504059433937073e-02 1.564725488424301147e-01 1.441865265369415283e-01 7.956729829311370850e-02 1.743458956480026245e-02 2.046592999249696732e-03 4.663060605525970459e-02 3.629939630627632141e-02 3.875980898737907410e-02 5.180228035897016525e-03 3.580402955412864685e-02 2.252524532377719879e-02 3.253091871738433838e-02 6.158625334501266479e-02 1.462628412991762161e-02 4.648390784859657288e-02 1.896119676530361176e-02 3.627582639455795288e-02 5.924677848815917969e-02 5.903502460569143295e-03 3.547678887844085693e-02 3.449688106775283813e-02 2.926612459123134613e-02 2.022030577063560486e-02 2.878840640187263489e-02 4.086498916149139404e-02 5.855816602706909180e-02 4.614272341132164001e-02 2.444007433950901031e-02 1.106351427733898163e-02 2.586382441222667694e-02 4.077535122632980347e-02 7.058560103178024292e-02 2.884593559429049492e-03 5.099171400070190430e-02 1.436641346663236618e-02 6.407746672630310059e-02
1.514850836247205734e-02 2.066950500011444092e-02 1.415768172591924667e-02 7.094555068761110306e-03 1.487526893615722656e-01 5.438747256994247437e-02 7.039487361907958984e-02 4.977967217564582825e-02 1.607457995414733887e-01 8.228795975446701050e-02 4.035698249936103821e-02 1.740354485809803009e-02 1.041118148714303970e-02 3.275694698095321655e-02 3.015982545912265778e-02 3.392453864216804504e-02 3.710428252816200256e-02 2.248964831233024597e-02 2.804287895560264587e-02 6.774552166461944580e-03 2.658921852707862854e-02 7.057767361402511597e-02 3.768422454595565796e-02 3.782102838158607483e-02 3.643909841775894165e-02 1.616546362638473511e-01 2.200246229767799377e-02 3.009241074323654175e-02 2.748089097440242767e-02 6.145139411091804504e-02 8.927689492702484131e-02 3.739421442151069641e-02 2.784001827239990234e-02 3.924139309674501419e-04 1.085699349641799927e-02 4.116347432136535645e-02 7.560383062809705734e-03 4.884524270892143250e-02 1.651599705219268799e-01 9.316246211528778076e-02 4.500046372413635254e-02 2.331038564443588257e-02 1.678757742047309875e-02 1.092027872800827026e-02 3.397502750158309937e-02 4.785793647170066833e-02 2.594606950879096985e-02 2.250509522855281830e-02 4.066835343837738037e-02 2.439101971685886383e-02 5.695910193026065826e-03 1.037252321839332581e-02 5.324736237525939941e-02 5.345349758863449097e-02 8.369199186563491821e-02 7.135116308927536011e-02 2.192881330847740173e-02 2.463790960609912872e-02 4.089941456913948059e-02 2.391502447426319122e-02 5.197516828775405884e-02 3.377866744995117188e-02 9.804228320717811584e-03 6.307534873485565186e-02 1.954016834497451782e-02 4.322907701134681702e-02 1.494208350777626038e-03 3.762299567461013794e-02 7.402340415865182877e-03 5.549341067671775818e-02 5.628583580255508423e-02 6.967455148696899414e-02 1.165531799197196960e-01 7.513072341680526733e-02 7.048943638801574707e-02 4.530718922615051270e-02 7.886186987161636353e-02 5.142213776707649231e-02 1.322840154170989990e-01 1.096178218722343445e-01 2.763957343995571136e-02 1.488219480961561203e-02 5.632890388369560242e-02 9.360291808843612671e-02 5.521372705698013306e-02 6.540063768625259399e-02 2.661060355603694916e-02 4.329038783907890320e-02 2.751594595611095428e-02 3.040945157408714294e-03 6.274376809597015381e-02 9.485421702265739441e-03 5.722631514072418213e-02 2.606179937720298767e-02 7.880131900310516357e-02 4.499530419707298279e-02 3.621513396501541138e-02 1.622325927019119263e-02 1.594895496964454651e-02 1.828730292618274689e-02 5.858259275555610657e-03 1.034938357770442963e-02 8.881662040948867798e-03 3.826875239610671997e-03 6.885331589728593826e-03 1.455895230174064636e-02 5.698715895414352417e-02 1.262072287499904633e-02 3.717298060655593872e-02 2.867220900952816010e-02 4.356854408979415894e-02 6.266593188047409058e-02 4.842375591397285461e-02 4.732206463813781738e-03 8.622458577156066895e-02 7.055366784334182739e-02
2.617395669221878052e-02 4.046770185232162476e-02 1.072575614671222866e-04 1.487526893615722656e-01 1.575655862689018250e-02 7.190690934658050537e-02 1.608146168291568756e-02 1.942503498867154121e-03 3.166702389717102051e-02 5.318119004368782043e-02 3.704155609011650085e-02 8.387923985719680786e-02 1.802696287631988525e-02 3.263888880610466003e-02 3.877094388008117676e-02 1.850224286317825317e-02 1.859155111014842987e-02 3.669647872447967529e-02 3.865445032715797424e-02 2.117575518786907196e-02 1.581667922437191010e-02 2.317966520786285400e-02 6.288448721170425415e-02 6.292790174484252930e-03 5.025588907301425934e-04 3.731286153197288513e-03 7.205639779567718506e-02 1.507463026791810989e-02 2.100942842662334442e-02 9.335020929574966431e-02 4.426457453519105911e-03 3.322238475084304810e-02 3.778380528092384338e-02 6.539472192525863647e-02 3.995931893587112427e-02 6.984824687242507935e-02 2.611339092254638672e-02 6.921968609094619751e-02 1.531955599784851074e-01 1.541767865419387817e-01 5.636581033468246460e-02 1.788839325308799744e-02 4.672565683722496033e-02 3.089554980397224426e-02 3.684484213590621948e-02 1.383261755108833313e-02 5.485563725233078003e-02 3.208868205547332764e-02 4.383240640163421631e-02 2.510177344083786011e-02 5.786834284663200378e-03 8.817258290946483612e-03 7.472893595695495605e-02 1.360591799020767212e-01 1.137845776975154877e-02 3.387130051851272583e-02 4.425167664885520935e-02 1.423084735870361328e-02 2.027505636215209961e-02 3.755173832178115845e-02 4.450629279017448425e-02 6.957584060728549957e-03 3.482032567262649536e-02 4.410700127482414246e-02 4.065192118287086487e-02 3.031573072075843811e-02 4.798978194594383240e-02 1.497615408152341843e-02 4.338752105832099915e-02 1.506109908223152161e-02 5.388117581605911255e-02 1.128519028425216675e-01 1.841524802148342133e-02 3.493116796016693115e-02 9.316543489694595337e-02 8.716295659542083740e-02 5.211930721998214722e-02 4.873275011777877808e-02 1.216362603008747101e-02 4.845118150115013123e-02 5.263316258788108826e-02 1.003444194793701172e-02 1.153914351016283035e-02 2.288923263549804688e-01 6.694829557090997696e-03 2.537650242447853088e-02 4.047873616218566895e-02 3.795158350840210915e-03 3.203849121928215027e-02 3.856579214334487915e-02 1.933132670819759369e-02 2.281486988067626953e-03 5.673890560865402222e-02 5.575046688318252563e-02 5.817611888051033020e-02 2.850835397839546204e-02 2.587729692459106445e-02 6.510311365127563477e-02 3.484350815415382385e-02 1.806550845503807068e-02 8.171082474291324615e-03 2.660660259425640106e-02 3.140821680426597595e-02 5.548232700675725937e-03 4.914666991680860519e-03 5.445836484432220459e-02 5.544454231858253479e-02 5.668916273862123489e-03 1.356581132858991623e-02 8.863399177789688110e-02 9.857706725597381592e-03 1.287056878209114075e-02 6.581411510705947876e-02 1.147625781595706940e-02 2.222635783255100250e-02 1.875088177621364594e-02
1.774361580610275269e-01 1.610234230756759644e-01 3.707835450768470764e-02 5.438747256994247437e-02 7.190690934658050537e-02 6.232979893684387207e-02 1.469996422529220581e-01 1.472020987421274185e-02 4.259204119443893433e-02 2.492241002619266510e-02 1.337022930383682251e-01 8.043841272592544556e-02 1.037302613258361816e-01 3.182108700275421143e-02 1.137282419949769974e-02 6.825575232505798340e-02 4.758239910006523132e-02 5.849092733114957809e-03 7.641690783202648163e-03 6.941833533346652985e-03 6.068732123821973801e-03 3.924553841352462769e-02 3.723386302590370178e-02 1.416923198848962784e-02 2.720173262059688568e-02 3.090059943497180939e-02 2.654521912336349487e-02 2.462855726480484009e-02 4.357609897851943970e-02 3.803404793143272400e-02 8.006012439727783203e-02 2.049683965742588043e-02 2.344694919884204865e-02 3.872627764940261841e-02 1.998480223119258881e-02 1.850575953722000122e-02 5.616587772965431213e-02 2.896336652338504791e-02 2.163259312510490417e-02 2.547237090766429901e-02 2.937475778162479401e-02 5.242104828357696533e-02 3.602491691708564758e-02 1.488597411662340164e-02 1.575281471014022827e-02 6.566109508275985718e-02 9.411272406578063965e-02 2.737397886812686920e-02 3.364031761884689331e-02 2.131749503314495087e-02 1.944175735116004944e-02 6.269814446568489075e-03 3.256806358695030212e-02 3.131243959069252014e-02 1.474156044423580170e-02 4.525981098413467407e-02 4.606201499700546265e-02 5.312403198331594467e-03 1.517952419817447662e-02 7.536044809967279434e-03 2.234225161373615265e-02 4.652649536728858948e-02 2.243884094059467316e-02 2.650839835405349731e-02 1.123476028442382812e-02 1.005232259631156921e-01 1.243933103978633881e-02 2.460713125765323639e-02 3.732161223888397217e-02 3.391004726290702820e-02 2.768816426396369934e-03 4.606354236602783203e-02 1.433703023940324783e-02 4.891928657889366150e-02 4.412950482219457626e-03 1.826701499521732330e-02 2.356423996388912201e-02 1.119206193834543228e-03 1.832977682352066040e-02 2.964757196605205536e-02 6.960418540984392166e-03 2.644183300435543060e-02 3.563961014151573181e-02 1.811981014907360077e-02 2.009357139468193054e-02 6.184387952089309692e-02 5.218819528818130493e-02 3.211157396435737610e-02 9.810785949230194092e-02 2.043137513101100922e-02 9.361095726490020752e-02 4.328155145049095154e-02 8.346519619226455688e-02 4.679862409830093384e-02 4.132610931992530823e-02 7.644027471542358398e-03 4.483783990144729614e-02 2.020246535539627075e-02 1.973388344049453735e-02 3.499044338241219521e-03 5.964294075965881348e-03 4.511039238423109055e-03 3.106357343494892120e-02 5.231927707791328430e-02 2.161305211484432220e-02 8.408742956817150116e-03 3.909175470471382141e-02 2.860091626644134521e-02 1.182983722537755966e-02 6.790417432785034180e-02 1.732797175645828247e-02 4.185247421264648438e-02 3.271213173866271973e-02 2.926079556345939636e-02 2.805797010660171509e-02 6.163381412625312805e-02
7.270348817110061646e-02 1.206255480647087097e-01 3.531825169920921326e-02 7.039487361907958984e-02 1.608146168291568756e-02 1.469996422529220581e-01 7.842908799648284912e-02 3.072676993906497955e-02 3.000235930085182190e-02 1.935357227921485901e-02 8.543188869953155518e-02 1.079989448189735413e-01 7.406701892614364624e-02 9.132596850395202637e-02 2.278598956763744354e-02 1.379350572824478149e-02 2.982119843363761902e-02 1.134660746902227402e-02 1.837239228188991547e-02 1.255281083285808563e-02 1.212903670966625214e-02 2.990048564970493317e-02 8.981189690530300140e-03 1.597786508500576019e-02 6.375270429998636246e-03 3.152127563953399658e-02 2.342213131487369537e-02 4.654740542173385620e-02 1.105549186468124390e-02 1.926928386092185974e-02 5.834013596177101135e-02 3.214680776000022888e-02 9.074868634343147278e-03 2.074253559112548828e-02 8.070210367441177368e-02 2.660779841244220734e-02 1.279890909790992737e-02 2.439749799668788910e-02 7.376224268227815628e-03 3.970747813582420349e-03 1.050499547272920609e-02 3.708270937204360962e-02 1.441795099526643753e-02 1.120779290795326233e-02 3.774737939238548279e-02 4.124455526471138000e-02 1.448449194431304932e-01 1.267082393169403076e-01 9.906287305057048798e-03 3.755652531981468201e-02 5.367358028888702393e-02 5.849488452076911926e-02 1.312441937625408173e-02 9.726546704769134521e-03 1.855717226862907410e-02 6.504364311695098877e-02 7.303746789693832397e-02 1.456724200397729874e-02 5.057738628238439560e-03 9.458516724407672882e-03 5.040502920746803284e-02 3.398024663329124451e-02 4.469132050871849060e-02 3.037397982552647591e-03 2.987609058618545532e-02 5.376037955284118652e-02 2.329779602587223053e-02 2.480162773281335831e-03 4.616936296224594116e-02 2.103267610073089600e-02 5.581865552812814713e-03 1.492356602102518082e-02 5.538662523031234741e-02 4.828384611755609512e-03 5.384267307817935944e-03 8.925559930503368378e-03 2.058709971606731415e-02 8.128015324473381042e-03 2.366322092711925507e-02 1.100688055157661438e-02 5.594101268798112869e-03 2.904053777456283569e-02 3.033035807311534882e-02 6.990174762904644012e-03 3.377297148108482361e-02 4.009333997964859009e-02 3.391710668802261353e-02 2.454365231096744537e-02 1.065005809068679810e-01 6.505281478166580200e-02 2.688762266188859940e-03 3.974536806344985962e-02 5.281471833586692810e-02 2.657676674425601959e-02 2.269794233143329620e-02 3.098903037607669830e-02 5.076280236244201660e-02 1.236214302480220795e-02 3.169258125126361847e-03 5.558005347847938538e-02 3.374823182821273804e-02 4.278583079576492310e-02 6.437528878450393677e-02 1.341419410891830921e-03 1.288228295743465424e-02 3.589268401265144348e-02 2.707059262320399284e-03 5.916298925876617432e-02 2.373678795993328094e-02 6.687078624963760376e-02 2.137871924787759781e-03 2.014441974461078644e-02 3.734398633241653442e-02 4.713165760040283203e-02 4.763914272189140320e-02 3.431013319641351700e-03
2.136536315083503723e-02 9.575787000358104706e-03 1.712482720613479614e-01 4.977967217564582825e-02 1.942503498867154121e-03 1.472020987421274185e-02 3.072676993906497955e-02 2.951963990926742554e-02 3.629867732524871826e-02 1.833509095013141632e-02 4.868110176175832748e-03 2.734388597309589386e-02 6.733825895935297012e-03 4.915156960487365723e-02 1.005544811487197876e-01 5.001355893909931183e-03 8.065595291554927826e-03 3.988001868128776550e-02 2.038484625518321991e-02 2.161204116418957710e-03 1.345967035740613937e-02 2.709211967885494232e-02 4.334908723831176758e-02 2.466168254613876343e-02 3.555267676711082458e-02 8.406857959926128387e-03 1.528831012547016144e-02 4.470196738839149475e-02 3.713706042617559433e-03 2.068104222416877747e-02 4.424887709319591522e-03 2.458474412560462952e-02 2.882385812699794769e-02 4.522182792425155640e-02 3.638011217117309570e-02 9.994026273488998413e-03 3.538147360086441040e-02 9.358453564345836639e-03 3.402911126613616943e-02 4.219768941402435303e-02 5.449270829558372498e-02 4.503852687776088715e-03 6.217474117875099182e-03 9.690578281879425049e-02 4.399869218468666077e-02 2.408537268638610840e-02 9.850971400737762451e-03 2.696285396814346313e-02 1.834807684645056725e-03 2.464726753532886505e-02 2.604877576231956482e-02 4.095510765910148621e-02 2.336020953953266144e-02 8.811472798697650433e-04 4.566304385662078857e-02 4.468640312552452087e-02 1.517827971838414669e-03 6.108527258038520813e-02 3.073797188699245453e-02 1.973977871239185333e-02 5.475793033838272095e-02 2.872309461236000061e-02 7.043780293315649033e-03 1.144909486174583435e-02 2.395379589870572090e-03 5.019199475646018982e-02 9.565484710037708282e-03 6.158779375255107880e-03 2.826042659580707550e-02 1.302602048963308334e-02 2.269611135125160217e-02 2.819333970546722412e-02 2.153833024203777313e-02 7.974949665367603302e-03 1.944552734494209290e-02 4.530568420886993408e-02 1.580047234892845154e-02 2.480315230786800385e-02 7.941576093435287476e-02 5.093113705515861511e-02 1.775438636541366577e-01 8.958911895751953125e-02 2.022607252001762390e-02 1.153266150504350662e-02 4.258782044053077698e-02 2.234762348234653473e-02 8.282653987407684326e-02 2.356228604912757874e-02 5.293437093496322632e-02 7.087570428848266602e-02 6.314991414546966553e-02 2.998993545770645142e-02 1.346504036337137222e-02 3.040769509971141815e-02 3.240908263251185417e-03 2.625547349452972412e-02 7.185372989624738693e-03 2.009439095854759216e-02 3.115272335708141327e-02 3.319843113422393799e-02 3.044147975742816925e-02 4.291772842407226562e-02 4.695507884025573730e-02 3.667701967060565948e-03 4.564031958580017090e-03 3.540154546499252319e-02 1.949611306190490723e-02 3.274113987572491169e-04 1.331065036356449127e-02 8.940547704696655273e-03 2.622568421065807343e-02 4.447239264845848083e-02 7.503256201744079590e-03 2.209799177944660187e-02 1.989445183426141739e-03 3.425440983846783638e-03
3.049744106829166412e-02 1.356477569788694382e-02 5.969921499490737915e-02 1.607457995414733887e-01 3.166702389717102051e-02 4.259204119443893433e-02 3.000235930085182190e-02 3.629867732524871826e-02 9.680579416453838348e-03 1.456331759691238403e-01 3.697597607970237732e-02 1.166411675512790680e-02 6.364942062646150589e-03 7.608683779835700989e-03 3.396764397621154785e-02 2.388698607683181763e-02 5.219810642302036285e-03 1.605862528085708618e-01 9.373372793197631836e-02 2.405980788171291351e-02 4.148561973124742508e-03 6.232513859868049622e-02 3.463208675384521484e-02 1.037547178566455841e-02 1.470003556460142136e-02 1.183800958096981049e-02 2.125593709934037179e-05 1.046600565314292908e-02 2.032486721873283386e-02 9.365318715572357178e-02 3.498272597789764404e-02 1.866407808847725391e-03 2.405309118330478668e-02 3.092694468796253204e-02 1.314386259764432907e-02 3.268356993794441223e-02 5.059493705630302429e-02 5.173607170581817627e-02 8.508251048624515533e-03 8.128216117620468140e-02 4.157606884837150574e-02 4.299027472734451294e-02 8.323593996465206146e-03 3.264442458748817444e-02 6.303175538778305054e-02 1.680386811494827271e-02 1.253480091691017151e-02 2.733993716537952423e-02 2.770198136568069458e-02 6.517755798995494843e-03 7.275319658219814301e-04 1.145880669355392456e-03 1.446706429123878479e-02 4.219553992152214050e-02 1.055156514048576355e-01 5.076901242136955261e-02 1.416006824001669884e-03 5.857658386230468750e-02 4.839882627129554749e-02 3.014899417757987976e-02 5.560317635536193848e-02 4.333278909325599670e-02 3.276408649981021881e-03 1.885704323649406433e-02 1.389407813549041748e-01 3.300873329862952232e-03 4.828994628041982651e-03 3.170523419976234436e-02 7.102977484464645386e-03 6.070530414581298828e-02 6.627807766199111938e-02 1.977537944912910461e-02 1.663104631006717682e-02 4.797926172614097595e-03 3.436914831399917603e-02 1.467656623572111130e-02 1.962227672338485718e-01 3.777906298637390137e-02 2.029726505279541016e-01 1.098431274294853210e-01 3.692135214805603027e-02 3.426631912589073181e-02 3.912760410457849503e-03 8.477102965116500854e-02 1.310631483793258667e-01 9.484215080738067627e-02 2.194972336292266846e-02 6.733643240295350552e-04 1.240770295262336731e-01 2.239874377846717834e-02 3.028034605085849762e-02 6.411062180995941162e-02 4.614961892366409302e-02 3.227449255064129829e-03 2.350409887731075287e-02 2.176896855235099792e-02 6.651946157217025757e-02 5.448635295033454895e-02 1.027402132749557495e-01 3.694112598896026611e-02 6.020220927894115448e-03 3.885867819190025330e-02 1.035657711327075958e-02 1.333402656018733978e-02 8.697844110429286957e-03 3.662564978003501892e-02 2.175206318497657776e-02 7.805795222520828247e-02 8.039060980081558228e-03 1.820346899330615997e-02 2.278749831020832062e-02 2.328002080321311951e-02 2.453574165701866150e-02 3.729308769106864929e-02 4.640776291489601135e-02 2.622649632394313812e-02
1.886381208896636963e-02 1.166879758238792419e-02 1.889675296843051910e-02 8.228795975446701050e-02 5.318119004368782043e-02 2.492241002619266510e-02 1.935357227921485901e-02 1.833509095013141632e-02 1.456331759691238403e-01 5.868266522884368896e-02 1.670980267226696014e-02 1.501695159822702408e-02 1.973161846399307251e-02 5.942877009510993958e-02 3.087274031713604927e-03 5.035851895809173584e-02 7.390401512384414673e-02 7.433008402585983276e-02 1.685815006494522095e-01 5.431515350937843323e-02 3.049130365252494812e-02 3.059017099440097809e-02 3.787785768508911133e-03 5.637641996145248413e-02 1.723595708608627319e-02 5.278979241847991943e-02 8.999945595860481262e-03 5.018011853098869324e-02 2.393576502799987793e-02 4.544226452708244324e-02 1.847635954618453979e-02 7.839003950357437134e-02 4.206550307571887970e-03 2.281425334513187408e-02 8.897016756236553192e-03 5.028310418128967285e-02 2.403961308300495148e-02 6.333981454372406006e-02 4.505093023180961609e-02 2.252896316349506378e-02 7.295767217874526978e-02 4.645797610282897949e-02 3.491377085447311401e-02 1.226527057588100433e-02 2.363677695393562317e-02 1.231139972805976868e-01 4.849064722657203674e-02 1.721791923046112061e-03 6.663613021373748779e-02 1.804787814617156982e-01 4.539361596107482910e-02 4.929820075631141663e-02 4.239247739315032959e-02 3.583255410194396973e-02 2.369645982980728149e-02 1.344361156225204468e-01 6.977362185716629028e-02 1.057699918746948242e-01 7.407168857753276825e-03 1.347457244992256165e-02 3.342360630631446838e-02 1.238700188696384430e-02 9.222317487001419067e-02 8.949655294418334961e-02 5.176413804292678833e-02 5.339584499597549438e-02 3.347404673695564270e-02 7.172977086156606674e-03 3.477606177330017090e-02 3.217632323503494263e-02 3.585237264633178711e-02 1.633831113576889038e-02 4.361009225249290466e-02 1.270372699946165085e-02 4.795740917325019836e-02 5.286574736237525940e-02 2.782144770026206970e-02 1.201383471488952637e-01 1.746031083166599274e-02 1.339322030544281006e-01 2.972010895609855652e-02 2.459624782204627991e-02 7.798108458518981934e-02 7.025881111621856689e-02 1.919149607419967651e-02 1.386188156902790070e-02 1.611964032053947449e-02 5.761288572102785110e-03 2.520649507641792297e-02 4.650755226612091064e-02 1.791224256157875061e-02 4.331734403967857361e-02 2.773951366543769836e-02 1.887829974293708801e-02 2.149240300059318542e-02 2.434214949607849121e-02 5.917150527238845825e-02 1.750689931213855743e-02 3.890874236822128296e-02 6.008939445018768311e-02 2.176496386528015137e-02 2.851859480142593384e-02 6.309316307306289673e-02 3.960068803280591965e-03 4.522489756345748901e-02 2.705824561417102814e-03 1.366508565843105316e-02 6.758715957403182983e-02 9.076974354684352875e-03 3.323626518249511719e-02 1.995097659528255463e-02 1.067737862467765808e-02 3.145355731248855591e-02 1.520214043557643890e-02 9.230109862983226776e-03 2.906683087348937988e-02
1.727478951215744019e-01 1.340855211019515991e-01 2.976794540882110596e-02 4.035698249936103821e-02 3.704155609011650085e-02 1.337022930383682251e-01 8.543188869953155518e-02 4.868110176175832748e-03 3.697597607970237732e-02 1.670980267226696014e-02 6.758856028318405151e-02 8.850248530507087708e-03 1.673130691051483154e-01 2.403408847749233246e-02 1.243890076875686646e-02 2.209746092557907104e-02 2.798585779964923859e-02 1.596211455762386322e-02 2.847723476588726044e-02 7.181028369814157486e-03 3.067279420793056488e-02 4.607065021991729736e-02 1.496248599141836166e-02 5.951990373432636261e-03 1.845117285847663879e-02 2.223879797384142876e-03 2.513238601386547089e-02 2.825065515935420990e-02 4.101333394646644592e-02 7.720380090177059174e-03 9.690866572782397270e-04 3.615958988666534424e-02 2.772649750113487244e-02 5.342745687812566757e-03 4.864758998155593872e-02 8.172674104571342468e-03 1.041696406900882721e-02 4.136187955737113953e-03 1.434650272130966187e-02 9.459601133130490780e-04 3.453785181045532227e-02 2.890230529010295868e-02 6.953729316592216492e-03 1.074057258665561676e-02 9.589174762368202209e-03 5.072403326630592346e-02 1.049986630678176880e-01 5.390059947967529297e-02 4.485445097088813782e-03 3.491110401228070259e-03 3.997822850942611694e-02 4.635041579604148865e-02 2.215430838987231255e-03 6.640248931944370270e-03 1.640474773012101650e-03 7.675853092223405838e-03 4.004832357168197632e-02 2.472925372421741486e-02 2.346684224903583527e-02 2.196756936609745026e-02 5.191072821617126465e-02 3.056322410702705383e-02 9.704962372779846191e-03 3.847502544522285461e-02 1.768855452537536621e-01 9.475570917129516602e-02 4.140699654817581177e-02 7.820069789886474609e-03 1.847964711487293243e-02 5.524930730462074280e-02 3.467262908816337585e-02 6.616739183664321899e-02 2.750029973685741425e-02 4.218489676713943481e-02 1.283667515963315964e-02 4.217450693249702454e-02 4.718552902340888977e-02 2.711265347898006439e-02 3.773126751184463501e-02 3.015447407960891724e-02 1.678819899098016322e-05 1.822697743773460388e-02 1.025583315640687943e-02 4.304992035031318665e-02 4.691336676478385925e-02 4.357314668595790863e-03 3.517545014619827271e-02 2.504003234207630157e-02 1.619028858840465546e-02 7.814963348209857941e-03 1.413094438612461090e-02 5.960914865136146545e-02 7.410356774926185608e-03 6.501481682062149048e-02 3.502264991402626038e-02 2.259307727217674255e-02 5.801435327157378197e-04 3.755240142345428467e-02 7.928060367703437805e-03 2.503800764679908752e-02 4.445323720574378967e-03 4.351144284009933472e-02 3.660326451063156128e-02 2.994387783110141754e-02 1.698580756783485413e-02 4.805736243724822998e-02 2.113401144742965698e-02 1.683200593106448650e-03 5.298501625657081604e-02 3.681909292936325073e-02 3.300847858190536499e-02 1.476277038455009460e-02 4.676584526896476746e-02 2.374282106757164001e-02 1.480075996369123459e-02 4.173585399985313416e-02
8.225300689446157776e-07 3.215386345982551575e-02 2.548789605498313904e-02 1.740354485809803009e-02 8.387923985719680786e-02 8.043841272592544556e-02 1.079989448189735413e-01 2.734388597309589386e-02 1.166411675512790680e-02 1.501695159822702408e-02 8.850248530507087708e-03 7.069208193570375443e-03 1.661208458244800568e-02 2.178944647312164307e-01 2.323234826326370239e-02 2.096367068588733673e-02 3.714019432663917542e-02 7.134649902582168579e-02 6.576374918222427368e-02 5.141496658325195312e-04 2.160734497010707855e-02 1.945963501930236816e-02 5.494111776351928711e-02 9.799979627132415771e-03 4.898581188172101974e-03 6.809712853282690048e-03 7.679869979619979858e-02 1.688575372099876404e-02 6.453832611441612244e-03 1.044878065586090088e-01 4.829884693026542664e-02 1.305273920297622681e-02 1.059191580861806870e-02 2.888977527618408203e-02 2.870601415634155273e-02 1.029964908957481384e-02 1.677459478378295898e-02 2.942023985087871552e-02 1.842257007956504822e-02 6.774398498237133026e-03 4.513650760054588318e-02 8.463431894779205322e-02 4.713976010680198669e-02 3.060949780046939850e-02 5.993632599711418152e-02 8.181068551493808627e-05 1.491542998701334000e-02 5.580228194594383240e-02 1.390380319207906723e-02 2.150911465287208557e-02 5.787836387753486633e-02 4.573376849293708801e-03 4.425323754549026489e-02 3.571266680955886841e-02 1.735746301710605621e-02 3.651345148682594299e-02 1.236819196492433548e-02 8.290137164294719696e-03 4.875871166586875916e-02 2.076146937906742096e-02 7.621327787637710571e-02 2.236864715814590454e-02 1.898119971156120300e-02 2.181763947010040283e-02 4.585380852222442627e-02 8.210304379463195801e-02 3.415887430310249329e-02 2.718005888164043427e-02 1.286126300692558289e-02 2.170080691576004028e-02 2.690173685550689697e-02 8.876395970582962036e-02 3.037655353546142578e-02 5.530064180493354797e-02 1.522167958319187164e-02 2.770810015499591827e-02 5.002307891845703125e-02 3.345700388308614492e-04 2.369555830955505371e-02 5.285644158720970154e-02 1.742671616375446320e-02 2.666947431862354279e-03 3.651545196771621704e-02 1.324408035725355148e-02 5.340963136404752731e-03 1.701996289193630219e-02 2.714302204549312592e-02 1.266927272081375122e-02 4.842228814959526062e-02 2.257825434207916260e-02 5.686902999877929688e-02 2.462782710790634155e-02 4.737443104386329651e-02 6.912770867347717285e-02 2.429906651377677917e-02 4.688155278563499451e-02 3.003379143774509430e-02 5.596750974655151367e-02 4.289377108216285706e-02 2.511605620384216309e-02 1.897524483501911163e-02 8.514410583302378654e-04 4.788609221577644348e-02 5.220661312341690063e-02 3.675236180424690247e-02 1.451712474226951599e-02 3.160229325294494629e-02 5.816444382071495056e-02 4.800601303577423096e-02 8.883549273014068604e-02 2.353219129145145416e-02 3.355369553901255131e-04 4.413647949695587158e-02 1.856525428593158722e-02 5.586440861225128174e-02 6.436631828546524048e-02
1.317664384841918945e-01 1.354851424694061279e-01 4.929692670702934265e-02 1.041118148714303970e-02 1.802696287631988525e-02 1.037302613258361816e-01 7.406701892614364624e-02 6.733825895935297012e-03 6.364942062646150589e-03 1.973161846399307251e-02 1.673130691051483154e-01 1.661208458244800568e-02 2.790899202227592468e-02 2.834520675241947174e-02 7.329862564802169800e-03 1.247012335807085037e-02 2.432368136942386627e-02 1.781021244823932648e-02 1.387886609882116318e-02 3.079557558521628380e-03 9.876783005893230438e-03 8.066806197166442871e-02 1.455930247902870178e-02 4.156972467899322510e-02 3.397921845316886902e-02 3.994584083557128906e-03 2.120399661362171173e-02 7.903327234089374542e-03 2.729713916778564453e-02 2.358292415738105774e-02 4.587564989924430847e-02 1.515389536507427692e-03 9.833078831434249878e-03 1.896457932889461517e-02 2.679258771240711212e-02 1.010192651301622391e-02 1.119359117001295090e-02 2.927014604210853577e-02 1.483518863096833229e-03 6.079923827201128006e-03 3.379589691758155823e-02 4.132616147398948669e-02 9.060028940439224243e-03 3.915014117956161499e-02 7.551243156194686890e-02 2.180035598576068878e-02 4.913502559065818787e-02 6.571020931005477905e-02 3.863168507814407349e-02 3.216774761676788330e-02 3.525484353303909302e-02 4.672255367040634155e-02 8.629717864096164703e-03 6.084461929276585579e-04 3.557156771421432495e-02 8.324265480041503906e-03 5.761254206299781799e-02 5.142368003726005554e-02 6.286906450986862183e-02 4.710442200303077698e-02 4.353002458810806274e-02 8.763401769101619720e-03 4.196231439709663391e-02 3.762789815664291382e-02 6.013616919517517090e-02 4.192653670907020569e-02 3.295896202325820923e-02 2.639031223952770233e-02 8.160959929227828979e-03 2.967503666877746582e-02 1.231737807393074036e-02 9.214305318892002106e-03 1.974030770361423492e-02 5.661127157509326935e-03 1.976525783538818359e-02 3.570091351866722107e-02 9.391578845679759979e-03 1.463178079575300217e-02 3.776895627379417419e-02 1.692968793213367462e-02 2.937911823391914368e-02 2.763625467196106911e-03 2.187268435955047607e-02 3.709623590111732483e-02 3.955810889601707458e-02 2.829089947044849396e-02 1.481817848980426788e-02 3.877440840005874634e-02 3.523096675053238869e-03 3.474010527133941650e-02 1.188373775221407413e-03 1.419466640800237656e-02 2.228213287889957428e-02 1.698904670774936676e-02 6.767121702432632446e-02 1.704987138509750366e-02 1.440270862076431513e-04 3.111081756651401520e-02 4.461850598454475403e-02 9.613429429009556770e-04 7.163312751799821854e-03 2.658983878791332245e-02 2.747289836406707764e-02 2.816693857312202454e-02 2.931807003915309906e-02 6.376417586579918861e-04 4.424379020929336548e-02 2.386611327528953552e-02 8.435753174126148224e-03 4.684976488351821899e-02 1.167216151952743530e-02 2.260164171457290649e-02 5.077871307730674744e-02 2.857035957276821136e-03 3.975275158882141113e-02 4.863616079092025757e-02
