4.371606186032295227e-02 9.500886499881744385e-02 1.253634132444858551e-02 4.335453268140554428e-03 3.421261534094810486e-02 2.930836938321590424e-02 6.616900674998760223e-03 2.861885353922843933e-02 4.162978380918502808e-02 1.752598024904727936e-02 9.363671392202377319e-02 1.134753506630659103e-02 7.052348554134368896e-02 5.862972140312194824e-02 4.148520156741142273e-02 4.950130358338356018e-02 4.956156387925148010e-02 5.042558163404464722e-02 4.826900735497474670e-02 2.928693592548370361e-02 1.688632182776927948e-03 4.231673479080200195e-02 1.096007041633129120e-02 2.083739824593067169e-02 2.339058183133602142e-02 4.899239540100097656e-02 4.063136875629425049e-03 6.132470071315765381e-02 1.122878342866897583e-01 4.075895249843597412e-02 8.416459895670413971e-03 1.236750651150941849e-02 2.074177190661430359e-02 2.681816555559635162e-02 5.079380795359611511e-02 3.434844687581062317e-02 4.736569151282310486e-02 7.174141355790197849e-04 1.574741303920745850e-02 4.371860623359680176e-02 1.361291948705911636e-02 4.664846637751907110e-04 5.155265703797340393e-02 1.988565362989902496e-02 5.519463494420051575e-02 8.486076840199530125e-04 7.229080796241760254e-02 5.169254541397094727e-02 2.281514555215835571e-02 1.856626942753791809e-02 3.081276826560497284e-02 3.205586969852447510e-02 3.650542721152305603e-02 3.312584012746810913e-02 9.610337205231189728e-03 1.179184182547032833e-03 1.895027793943881989e-02 4.763700813055038452e-02 3.081991337239742279e-02 3.021014155820012093e-03 2.086918242275714874e-02 4.380374774336814880e-02 5.491445213556289673e-02 4.452913254499435425e-02 3.236116841435432434e-02 3.929834067821502686e-02 3.206671774387359619e-02 2.528273873031139374e-02 5.322922021150588989e-02 1.121827051974833012e-03 4.202427342534065247e-02 3.083970397710800171e-03 6.436218507587909698e-03 2.746365033090114594e-03 2.273978106677532196e-02 1.769064180552959442e-02 3.134449943900108337e-03 3.515221551060676575e-02 1.411663368344306946e-02 3.502536099404096603e-03 5.490579642355442047e-03 3.792882338166236877e-02 3.998890984803438187e-03 3.225563094019889832e-02 5.857332609593868256e-03 1.561719179153442383e-02 4.356192424893379211e-03 2.328433329239487648e-03 1.799749734345823526e-04 3.013063967227935791e-02 9.532424807548522949e-02 1.525260158814489841e-03 2.833519130945205688e-02 2.866706065833568573e-02 6.313933432102203369e-02 1.182132307440042496e-02 1.796882861526682973e-04 5.641657393425703049e-03 2.332938462495803833e-02 2.538529783487319946e-02 6.081649661064147949e-02 3.200495243072509766e-02 8.912520133890211582e-04 3.808628534898161888e-03 2.490349858999252319e-02 3.076431900262832642e-02 6.926840543746948242e-02 1.318972907029092312e-03 5.075608938932418823e-02 3.351830411702394485e-03 5.071536637842655182e-03 3.266828879714012146e-02 1.560398191213607788e-02 2.784522064030170441e-02 4.240433871746063232e-02 5.045421794056892395e-02
9.500886499881744385e-02 1.128465682268142700e-02 8.077422156929969788e-03 2.046306431293487549e-02 2.619869448244571686e-02 1.288352310657501221e-01 1.224028244614601135e-01 6.575587391853332520e-02 2.078932151198387146e-02 1.412574481219053268e-02 3.363239392638206482e-02 4.736633971333503723e-02 1.087657213211059570e-01 7.345131784677505493e-02 2.974689751863479614e-02 2.943949587643146515e-02 7.958605140447616577e-02 7.949720136821269989e-03 3.656917810440063477e-02 4.374935757368803024e-03 8.294070512056350708e-02 3.436113893985748291e-02 3.381457552313804626e-02 4.216153919696807861e-02 2.304949611425399780e-02 1.600921899080276489e-02 2.088526077568531036e-02 2.310685627162456512e-02 3.287300094962120056e-02 1.513429544866085052e-02 3.575275093317031860e-02 1.170322578400373459e-02 2.660242095589637756e-02 3.682078421115875244e-02 2.970026060938835144e-02 2.706221537664532661e-03 5.754961073398590088e-02 2.991656772792339325e-02 1.409013383090496063e-02 1.301428303122520447e-02 4.117161035537719727e-02 1.546501927077770233e-02 1.095797959715127945e-02 2.686097100377082825e-02 2.196455560624599457e-02 8.707609027624130249e-03 4.745406284928321838e-02 3.584609553217887878e-02 2.080205082893371582e-02 1.541140722110867500e-03 8.535919710993766785e-03 4.380695894360542297e-02 6.028589978814125061e-02 5.924906954169273376e-02 5.584586784243583679e-02 5.257349461317062378e-03 2.230042032897472382e-02 2.714722044765949249e-02 3.972484543919563293e-02 6.630013138055801392e-02 3.828381747007369995e-02 5.312103778123855591e-02 3.509188443422317505e-02 4.652627184987068176e-02 9.475089609622955322e-03 2.488113380968570709e-02 4.512860998511314392e-02 4.529783129692077637e-02 2.497870102524757385e-02 4.212288558483123779e-02 5.351361259818077087e-02 4.325089603662490845e-02 3.986436873674392700e-02 5.008747428655624390e-02 9.350107982754707336e-03 2.833550795912742615e-02 2.557033114135265350e-02 5.976313352584838867e-02 8.533643186092376709e-02 1.373190991580486298e-02 4.799362272024154663e-02 1.509789563715457916e-02 1.877876347862184048e-04 2.543319715186953545e-03 3.547597303986549377e-02 2.896273881196975708e-02 2.201440557837486267e-02 6.633959710597991943e-02 7.652469212189316750e-04 5.395936779677867889e-03 3.095629997551441193e-02 2.810099348425865173e-02 1.977290026843547821e-02 4.747005552053451538e-02 1.627164706587791443e-02 3.948552533984184265e-03 4.828072711825370789e-02 1.974209770560264587e-02 4.324807226657867432e-02 1.042060554027557373e-01 1.173407584428787231e-02 5.994647275656461716e-03 6.346536974888294935e-05 8.129233494400978088e-03 3.426100686192512512e-02 1.625881716609001160e-02 3.096493892371654510e-02 4.768354073166847229e-02 2.317262627184391022e-02 1.701550371944904327e-02 7.342026382684707642e-02 3.565634414553642273e-02 5.498646199703216553e-02 1.295910310000181198e-02 1.700879633426666260e-02 7.889989763498306274e-03
1.253634132444858551e-02 8.077422156929969788e-03 1.075080502778291702e-02 3.909182175993919373e-02 6.520533561706542969e-02 4.809587728232145309e-03 2.128295227885246277e-02 1.025842204689979553e-01 9.774437174201011658e-03 4.353490471839904785e-02 2.281344309449195862e-02 1.696552522480487823e-02 5.631906539201736450e-02 4.516304656863212585e-02 5.819305777549743652e-02 4.956445097923278809e-02 4.574931785464286804e-02 4.138787742704153061e-03 1.173460111021995544e-02 4.314442351460456848e-02 8.519791811704635620e-02 1.825862005352973938e-02 3.714647376909852028e-03 1.213453263044357300e-01 2.624576538801193237e-02 2.908780798316001892e-02 3.628565743565559387e-02 3.293579816818237305e-02 5.691702011972665787e-03 1.037685722112655640e-01 2.239302732050418854e-02 2.201262488961219788e-02 7.216455880552530289e-03 2.603047341108322144e-02 4.927143454551696777e-04 4.673736542463302612e-02 2.184427343308925629e-02 2.106281183660030365e-02 3.115647658705711365e-02 2.607388235628604889e-02 6.190226599574089050e-02 2.039522491395473480e-02 1.666429638862609863e-02 3.866635262966156006e-02 6.004208698868751526e-02 1.328496355563402176e-02 5.063451360911130905e-03 1.380081195384263992e-02 8.093275129795074463e-03 4.347659274935722351e-02 6.216811761260032654e-02 1.811564713716506958e-02 3.311602771282196045e-02 3.665302321314811707e-02 1.643164642155170441e-02 3.253203257918357849e-02 7.210610434412956238e-03 3.868839889764785767e-02 9.078389406204223633e-02 4.016144946217536926e-02 8.071182668209075928e-02 6.430953741073608398e-02 7.588191423565149307e-03 5.365626141428947449e-02 5.190264061093330383e-02 8.215908892452716827e-03 1.003951113671064377e-02 6.208832561969757080e-02 5.650298297405242920e-02 6.539852917194366455e-02 8.198410272598266602e-02 8.492062240839004517e-02 2.188004553318023682e-02 1.741887480020523071e-01 1.482751499861478806e-02 7.910556346178054810e-02 1.057850942015647888e-02 1.762724108994007111e-02 2.979169599711894989e-02 3.372503444552421570e-02 2.267860919237136841e-01 1.884091794490814209e-01 8.688253350555896759e-03 6.774665787816047668e-03 1.520638447254896164e-02 3.589622676372528076e-02 1.063497811555862427e-01 6.123349070549011230e-02 4.284342750906944275e-02 3.314363583922386169e-02 5.520894192159175873e-03 6.105563789606094360e-02 1.851870305836200714e-02 1.682178117334842682e-02 1.889037899672985077e-02 3.790631890296936035e-02 5.040198937058448792e-02 9.240783751010894775e-03 3.732277825474739075e-02 6.179038062691688538e-02 2.583756297826766968e-02 3.927559778094291687e-02 1.103107538074254990e-02 2.219388075172901154e-02 1.202837564051151276e-02 9.027422219514846802e-02 4.214720427989959717e-02 1.060990896075963974e-02 1.073658466339111328e-02 1.544174086302518845e-02 5.626653507351875305e-02 1.814208552241325378e-02 2.395145222544670105e-02 1.264991145581007004e-02 2.050475403666496277e-02 3.490550816059112549e-02
4.335453268140554428e-03 2.046306431293487549e-02 3.909182175993919373e-02 3.670651838183403015e-02 2.128948718309402466e-01 6.931415200233459473e-02 7.244944572448730469e-02 5.062064621597528458e-03 5.308466404676437378e-02 2.867699041962623596e-02 2.763393707573413849e-02 2.428980171680450439e-02 1.436305232346057892e-02 5.260799080133438110e-02 1.242508151335641742e-04 1.152838114649057388e-03 4.849902167916297913e-02 5.195447057485580444e-02 8.955873548984527588e-02 4.333081841468811035e-02 3.250258043408393860e-02 2.636630460619926453e-02 1.851155981421470642e-02 6.266966927796602249e-03 2.162139117717742920e-02 3.384354338049888611e-02 2.940679527819156647e-02 6.705448031425476074e-04 5.212384834885597229e-02 5.319710075855255127e-02 7.111294567584991455e-02 6.583368033170700073e-02 2.029885910451412201e-02 1.122335121035575867e-01 3.933184221386909485e-02 3.500306978821754456e-02 4.907020553946495056e-02 1.323730405420064926e-02 1.543072704225778580e-02 5.565974395722150803e-03 3.827062994241714478e-02 2.092902176082134247e-02 3.127926960587501526e-02 9.280372178182005882e-04 4.635886475443840027e-02 3.252563253045082092e-02 5.120892077684402466e-02 1.653025113046169281e-02 7.241467386484146118e-02 3.543990897014737129e-04 7.110721897333860397e-03 3.499658778309822083e-02 4.657347220927476883e-03 3.062617219984531403e-02 7.863537222146987915e-02 4.055003449320793152e-02 9.160520136356353760e-02 3.142606094479560852e-02 6.274884939193725586e-02 1.152999885380268097e-02 7.655292004346847534e-02 1.034867390990257263e-02 6.191113963723182678e-02 1.413111668080091476e-02 4.259847477078437805e-02 4.642705991864204407e-02 1.795706152915954590e-02 6.211654841899871826e-02 1.204171404242515564e-02 1.423014793545007706e-02 1.069698203355073929e-02 4.536730702966451645e-03 5.089759454131126404e-02 1.016112510114908218e-02 3.211423382163047791e-02 8.064467459917068481e-03 9.485370665788650513e-02 2.912843832746148109e-03 1.284781284630298615e-02 2.875054068863391876e-02 3.465908020734786987e-02 4.102979786694049835e-03 8.837539702653884888e-02 5.389345809817314148e-02 4.986298829317092896e-02 5.681377276778221130e-02 4.653635900467634201e-03 2.360575273633003235e-02 1.020589023828506470e-01 2.985191904008388519e-02 4.247714951634407043e-02 6.639036536216735840e-02 4.363034665584564209e-02 3.801749262493103743e-04 1.705731824040412903e-02 5.548199638724327087e-02 8.271847851574420929e-03 3.213686868548393250e-02 6.740175932645797729e-02 3.706699644681066275e-04 6.840465590357780457e-03 1.062314771115779877e-02 3.501795232295989990e-02 4.616902396082878113e-02 3.515591099858283997e-02 3.044300712645053864e-02 8.736694231629371643e-03 7.012401521205902100e-02 4.989967867732048035e-02 7.234770804643630981e-02 4.672875627875328064e-02 2.219760976731777191e-02 1.759972423315048218e-02 7.400365546345710754e-03 1.268204883672297001e-03 7.400045543909072876e-02
3.421261534094810486e-02 2.619869448244571686e-02 6.520533561706542969e-02 2.128948718309402466e-01 5.052488297224044800e-02 3.718625381588935852e-02 2.403045631945133209e-02 7.247424870729446411e-02 6.562766432762145996e-02 1.110994629561901093e-02 1.403517741709947586e-02 1.062627695500850677e-02 2.286431938409805298e-02 2.445059828460216522e-02 1.949355751276016235e-02 2.891168557107448578e-02 1.605901867151260376e-02 2.352393418550491333e-02 1.169609427452087402e-01 4.410612396895885468e-03 2.177052898332476616e-03 1.409884355962276459e-02 3.447455540299415588e-02 1.033239345997571945e-02 2.392245829105377197e-02 3.468586876988410950e-02 2.139526605606079102e-02 2.247327193617820740e-02 3.661325201392173767e-02 5.958642438054084778e-02 3.472286090254783630e-02 2.353112213313579559e-02 1.924847066402435303e-02 8.516021771356463432e-04 1.581135950982570648e-02 1.225962489843368530e-02 2.032357081770896912e-02 3.531999886035919189e-02 7.557985931634902954e-02 1.512906048446893692e-02 5.123093724250793457e-02 1.563158445060253143e-02 8.204709738492965698e-03 3.351384401321411133e-02 3.158839244861155748e-04 5.882723256945610046e-02 9.360305033624172211e-03 1.971239410340785980e-02 4.564804211258888245e-02 2.804080396890640259e-02 5.671763420104980469e-02 3.759589046239852905e-02 2.449501492083072662e-02 1.254531461745500565e-02 8.823827654123306274e-02 4.372159764170646667e-02 7.812643796205520630e-02 3.362348675727844238e-02 5.794632434844970703e-02 3.996510803699493408e-02 5.716812238097190857e-02 5.345171317458152771e-02 5.038172379136085510e-02 3.887242823839187622e-02 3.511265292763710022e-02 5.963755305856466293e-03 9.698283858597278595e-03 4.097354784607887268e-02 2.133019734174013138e-03 7.974382489919662476e-03 2.660238929092884064e-02 3.709979355335235596e-02 4.630754142999649048e-02 1.640707487240433693e-03 6.904318183660507202e-02 2.443816512823104858e-02 5.505322664976119995e-02 1.740888878703117371e-02 9.001664072275161743e-02 7.957667857408523560e-02 2.981429174542427063e-02 3.185482695698738098e-02 6.321448087692260742e-02 9.384855628013610840e-02 3.329487750306725502e-03 5.273650959134101868e-02 3.576542483642697334e-03 1.523876003921031952e-02 5.128536373376846313e-02 1.160185709595680237e-01 3.764212876558303833e-02 3.055703639984130859e-02 4.659312590956687927e-02 7.851946866139769554e-04 2.550026588141918182e-02 3.501236066222190857e-02 4.403534904122352600e-02 7.040010765194892883e-03 7.121192291378974915e-03 3.312512533739209175e-03 2.243196964263916016e-02 3.410213813185691833e-02 5.988742038607597351e-02 1.632298715412616730e-02 2.290346659719944000e-02 5.435609817504882812e-02 4.093483090400695801e-03 3.941147029399871826e-02 2.233144827187061310e-02 4.681519418954849243e-02 9.720231406390666962e-03 1.559136318974196911e-03 4.273922531865537167e-04 5.803112289868295193e-04 2.601220086216926575e-02 4.514325875788927078e-03
2.930836938321590424e-02 1.288352310657501221e-01 4.809587728232145309e-03 6.931415200233459473e-02 3.718625381588935852e-02 4.515232890844345093e-02 2.640669345855712891e-01 1.281109079718589783e-02 5.973974242806434631e-02 7.264428585767745972e-02 1.497297198511660099e-04 1.219879835844039917e-01 2.255118638277053833e-02 1.805844902992248535e-01 1.533287391066551208e-02 1.092009022831916809e-01 1.003191694617271423e-01 1.491571217775344849e-02 7.391605526208877563e-02 2.889874950051307678e-02 4.703452438116073608e-02 3.661911562085151672e-02 1.190648227930068970e-02 3.201862797141075134e-02 5.064909905195236206e-02 1.839589886367321014e-02 3.934197127819061279e-02 7.553057372570037842e-02 5.768867582082748413e-02 2.346030436456203461e-02 3.071506321430206299e-02 9.749048389494419098e-03 4.683436825871467590e-02 4.299072548747062683e-02 2.675353363156318665e-02 2.520886063575744629e-02 3.825571388006210327e-02 3.051526285707950592e-02 1.613645069301128387e-02 5.109901726245880127e-02 5.300186946988105774e-02 6.451798975467681885e-02 4.868255555629730225e-02 5.251863971352577209e-02 9.273161180317401886e-03 2.766117081046104431e-02 1.750275641679763794e-01 5.196617450565099716e-03 2.347112260758876801e-02 4.696636646986007690e-02 4.198967292904853821e-02 7.559750229120254517e-03 4.170511290431022644e-02 1.993582770228385925e-02 3.401125781238079071e-03 2.422249317169189453e-02 1.486108638346195221e-02 2.190934680402278900e-02 1.672259531915187836e-02 3.569399565458297729e-02 2.043371461331844330e-02 5.549221858382225037e-02 4.080412164330482483e-02 4.846722632646560669e-02 4.729293659329414368e-02 4.134459793567657471e-02 3.464567009359598160e-03 1.270419545471668243e-02 5.536267161369323730e-02 5.060194060206413269e-02 2.719751745462417603e-02 4.308014735579490662e-02 5.129542574286460876e-02 3.710384713485836983e-03 1.263611763715744019e-02 3.409147029742598534e-03 3.162465244531631470e-02 2.970968000590801239e-02 3.648325055837631226e-02 5.312313511967658997e-02 3.033399581909179688e-02 2.182986028492450714e-02 4.913496226072311401e-02 4.274224117398262024e-02 3.264741599559783936e-02 3.880344564095139503e-03 1.652780734002590179e-02 2.361336257308721542e-03 6.291084736585617065e-02 1.477186661213636398e-02 2.104807831346988678e-02 1.637765765190124512e-02 3.031190298497676849e-02 4.695625603199005127e-02 3.529841313138604164e-03 4.684482887387275696e-02 1.671298220753669739e-02 1.208652742207050323e-02 5.993718281388282776e-02 6.787429098039865494e-03 1.943290792405605316e-02 1.353190932422876358e-02 5.127204954624176025e-02 2.747949771583080292e-02 1.197998411953449249e-02 2.576915547251701355e-02 4.690414667129516602e-02 6.407208740711212158e-02 1.278316974639892578e-02 4.274133965373039246e-02 7.053371518850326538e-03 4.242958500981330872e-02 4.159092903137207031e-02 9.564385749399662018e-03 4.087554663419723511e-02 1.874535530805587769e-02
6.616900674998760223e-03 1.224028244614601135e-01 2.128295227885246277e-02 7.244944572448730469e-02 2.403045631945133209e-02 2.640669345855712891e-01 6.433402746915817261e-02 5.022814124822616577e-02 1.706314273178577423e-02 1.557408599182963371e-03 3.257011994719505310e-02 4.239058494567871094e-02 4.999318625777959824e-03 4.828927665948867798e-02 1.724223420023918152e-02 1.103782728314399719e-01 9.869137406349182129e-02 5.881130322813987732e-02 5.253443121910095215e-02 9.169584512710571289e-02 4.157316312193870544e-02 1.652264222502708435e-02 7.098361849784851074e-02 2.708798833191394806e-02 5.889231711626052856e-02 6.044132262468338013e-02 5.171575769782066345e-02 1.138997077941894531e-01 4.424164444208145142e-02 2.761886082589626312e-02 3.976661339402198792e-02 5.252085626125335693e-02 1.224828045815229416e-02 8.719887584447860718e-02 4.821284487843513489e-02 5.582602694630622864e-03 2.581486292183399200e-02 2.592449076473712921e-03 4.030134528875350952e-02 1.655978895723819733e-02 3.829142823815345764e-02 5.212007090449333191e-02 3.728043660521507263e-02 1.797985099256038666e-02 1.080189086496829987e-02 2.255247905850410461e-02 1.654586046934127808e-01 1.024904623627662659e-01 2.457345463335514069e-02 6.310292333364486694e-02 5.051643401384353638e-02 2.888667630031704903e-03 2.123260684311389923e-02 4.973846673965454102e-02 4.788285866379737854e-02 5.129252560436725616e-03 8.762072771787643433e-02 5.046743154525756836e-02 5.382871720939874649e-03 3.035030141472816467e-02 4.189872369170188904e-02 2.965683862566947937e-02 6.218005716800689697e-02 6.916576623916625977e-02 2.119601890444755554e-02 2.633251808583736420e-02 5.523646622896194458e-02 1.966772973537445068e-02 4.933984205126762390e-02 4.268884658813476562e-02 8.767028921283781528e-04 3.390432521700859070e-02 3.329972922801971436e-02 2.961855009198188782e-02 5.129194259643554688e-02 8.227562531828880310e-03 2.127978578209877014e-02 1.272011548280715942e-02 4.798911139369010925e-02 2.910622209310531616e-02 2.865506522357463837e-02 6.502695381641387939e-02 4.620310291647911072e-02 2.397757023572921753e-02 2.075883746147155762e-02 4.837369173765182495e-02 1.177651528269052505e-02 4.201189801096916199e-02 4.913091287016868591e-02 4.502317309379577637e-02 6.247763987630605698e-03 1.765050739049911499e-02 4.763912409543991089e-02 5.970933288335800171e-02 2.279678359627723694e-02 1.033415719866752625e-01 6.210187077522277832e-02 4.164090380072593689e-02 3.561281412839889526e-02 7.114582695066928864e-03 1.167074078693985939e-03 1.089005544781684875e-02 4.442353174090385437e-02 4.494296386837959290e-03 3.279639035463333130e-02 1.694690994918346405e-02 3.538062563166022301e-03 5.880714207887649536e-02 3.408566862344741821e-02 8.845293894410133362e-03 1.169436890631914139e-02 9.380687028169631958e-03 1.290294714272022247e-02 5.018666386604309082e-02 2.964258193969726562e-02 3.416632115840911865e-02
2.861885353922843933e-02 6.575587391853332520e-02 1.025842204689979553e-01 5.062064621597528458e-03 7.247424870729446411e-02 1.281109079718589783e-02 5.022814124822616577e-02 7.250393927097320557e-02 2.228095941245555878e-02 2.841880917549133301e-02 1.671756431460380554e-02 2.133130282163619995e-02 3.675515204668045044e-02 1.890631578862667084e-02 1.378265321254730225e-01 1.023956481367349625e-02 2.392044104635715485e-02 3.656129166483879089e-02 4.868528991937637329e-02 5.265564844012260437e-02 3.319795802235603333e-02 7.132476568222045898e-02 5.632841214537620544e-02 5.832375586032867432e-02 3.132051229476928711e-02 6.511322688311338425e-03 7.015924435108900070e-03 4.280479624867439270e-02 2.649801969528198242e-02 6.612816452980041504e-02 2.881523594260215759e-02 6.956907454878091812e-03 2.688284032046794891e-02 5.047792568802833557e-02 3.103226795792579651e-02 3.867811709642410278e-02 8.382483571767807007e-02 5.636702850461006165e-02 2.212077379226684570e-02 1.054609641432762146e-01 2.135436283424496651e-03 3.200631355866789818e-03 6.802429258823394775e-02 2.747944928705692291e-02 8.278815075755119324e-03 1.417985931038856506e-02 8.461622055619955063e-04 5.924798175692558289e-02 4.028568044304847717e-02 3.028980828821659088e-02 3.092516586184501648e-02 2.138351090252399445e-03 4.190183058381080627e-02 3.452797979116439819e-02 5.147914960980415344e-02 2.938765287399291992e-02 3.038128465414047241e-02 1.558219548314809799e-02 1.464140485040843487e-03 4.305112734436988831e-02 3.244598628953099251e-03 4.429432377219200134e-02 2.354527078568935394e-02 2.495644986629486084e-02 1.829156838357448578e-02 5.316849797964096069e-03 2.836713567376136780e-02 5.758178886026144028e-03 4.037040472030639648e-02 2.965071983635425568e-02 9.624164085835218430e-04 6.644064094871282578e-03 7.526367437094449997e-03 4.781755432486534119e-02 2.165346406400203705e-03 3.493961691856384277e-02 7.023385912179946899e-02 1.055298093706369400e-02 2.001376415137201548e-04 3.517523407936096191e-02 1.259488761425018311e-01 1.453285664319992065e-01 3.703879425302147865e-03 7.813587784767150879e-02 3.358505666255950928e-02 2.907807379961013794e-02 9.042123705148696899e-02 8.263326436281204224e-02 3.874818608164787292e-02 3.533456847071647644e-02 2.336795441806316376e-02 1.189706847071647644e-02 1.490810792893171310e-02 2.290172874927520752e-02 1.397657673805952072e-02 1.598642580211162567e-02 5.065441504120826721e-02 6.884186528623104095e-03 2.709452621638774872e-02 2.590659260749816895e-02 3.561035543680191040e-02 1.068546995520591736e-01 4.390507191419601440e-02 2.983260340988636017e-02 1.550530921667814255e-02 2.281554415822029114e-02 4.013140872120857239e-02 1.146670524030923843e-02 2.006059437990188599e-01 4.007537849247455597e-03 1.122692227363586426e-02 6.091696023941040039e-02 8.019442320801317692e-04 5.547590926289558411e-02 4.499901458621025085e-02 4.872369021177291870e-02
4.162978380918502808e-02 2.078932151198387146e-02 9.774437174201011658e-03 5.308466404676437378e-02 6.562766432762145996e-02 5.973974242806434631e-02 1.706314273178577423e-02 2.228095941245555878e-02 9.408241510391235352e-02 1.559047549962997437e-01 1.384274475276470184e-02 3.811165317893028259e-02 2.171965781599283218e-03 4.247055202722549438e-02 2.074363641440868378e-02 6.340547930449247360e-03 1.217780075967311859e-02 9.545414149761199951e-02 2.971367910504341125e-02 1.711093634366989136e-02 1.981933414936065674e-02 2.326957881450653076e-02 3.936866298317909241e-02 1.603165082633495331e-02 3.668700903654098511e-02 6.020770594477653503e-02 2.914570458233356476e-02 5.114785581827163696e-02 3.023936413228511810e-02 5.282486230134963989e-02 3.200476290658116341e-03 9.821311570703983307e-03 7.255841046571731567e-02 2.960714325308799744e-02 6.116465851664543152e-02 7.061886787414550781e-02 2.680039964616298676e-02 4.787250235676765442e-02 3.983372077345848083e-02 4.019314423203468323e-02 5.209435895085334778e-02 7.720993459224700928e-02 1.472812518477439880e-02 2.182913385331630707e-02 2.763452567160129547e-02 1.472865883260965347e-02 3.649891540408134460e-02 1.730378530919551849e-02 5.773611739277839661e-02 3.078873455524444580e-02 1.255507022142410278e-02 2.961605042219161987e-02 1.844542473554611206e-02 6.194446608424186707e-02 1.688588112592697144e-01 1.166716068983078003e-01 5.924409255385398865e-02 3.951996564865112305e-03 8.831830695271492004e-03 3.932098858058452606e-03 5.486515816301107407e-03 3.425792977213859558e-02 6.350633502006530762e-02 7.293257862329483032e-02 1.825985126197338104e-02 3.884520009160041809e-02 1.248743757605552673e-02 4.108637943863868713e-02 1.601884700357913971e-02 4.085886478424072266e-02 8.825192600488662720e-02 4.944407939910888672e-02 1.474124658852815628e-02 1.658341847360134125e-02 1.333113014698028564e-02 4.793613031506538391e-02 2.840738892555236816e-01 1.782705076038837433e-02 1.189223155379295349e-01 1.051654946058988571e-02 8.543443679809570312e-02 2.362826652824878693e-02 9.104640781879425049e-02 1.648247241973876953e-02 1.317133195698261261e-02 4.200379177927970886e-02 1.670673675835132599e-02 4.405542835593223572e-02 1.412697695195674896e-02 7.794945687055587769e-02 4.436640813946723938e-02 6.056037265807390213e-03 2.927583642303943634e-02 3.868457302451133728e-02 5.901119112968444824e-02 5.214050412178039551e-02 5.180299654603004456e-02 5.795019492506980896e-02 1.776385158300399780e-01 7.449532300233840942e-02 2.372599905356764793e-03 3.912416473031044006e-02 8.871971070766448975e-02 1.711688091745600104e-04 3.280786424875259399e-02 4.432474449276924133e-02 4.804870113730430603e-02 2.196568623185157776e-02 2.613406814634799957e-02 4.908719658851623535e-02 2.585576288402080536e-02 3.226689621806144714e-02 4.184659570455551147e-02 5.066765472292900085e-02 1.688854023814201355e-02 4.491424933075904846e-02
1.752598024904727936e-02 1.412574481219053268e-02 4.353490471839904785e-02 2.867699041962623596e-02 1.110994629561901093e-02 7.264428585767745972e-02 1.557408599182963371e-03 2.841880917549133301e-02 1.559047549962997437e-01 8.841037750244140625e-02 2.310210093855857849e-02 5.369025096297264099e-02 4.168257862329483032e-02 4.944569617509841919e-02 1.370415650308132172e-02 2.034823223948478699e-02 2.567056566476821899e-02 6.768114119768142700e-02 6.083772331476211548e-02 8.128399401903152466e-02 3.217986226081848145e-02 4.790252819657325745e-02 6.949712336063385010e-02 4.437292926013469696e-03 5.076206475496292114e-02 2.528421115130186081e-03 3.144795447587966919e-02 4.502499103546142578e-02 3.094841027632355690e-03 9.689815342426300049e-03 4.261269792914390564e-02 4.891669377684593201e-02 4.444320127367973328e-02 2.294025942683219910e-02 2.474238909780979156e-02 5.105463787913322449e-02 1.007368508726358414e-02 5.358060821890830994e-02 2.741392329335212708e-02 4.938060045242309570e-02 2.330667898058891296e-02 7.276060432195663452e-02 4.768583551049232483e-02 2.168517000973224640e-02 4.130617529153823853e-02 4.161595553159713745e-02 3.373661264777183533e-02 1.682960614562034607e-02 7.617400586605072021e-02 5.480766296386718750e-02 3.884792700409889221e-02 1.750788278877735138e-02 3.307134658098220825e-02 2.043993212282657623e-02 1.990745775401592255e-03 1.364270448684692383e-01 4.908507317304611206e-02 1.359050977043807507e-03 8.654988557100296021e-02 1.848798617720603943e-02 1.480998098850250244e-02 8.382023125886917114e-02 2.088274777634069324e-04 2.411209419369697571e-02 2.188265509903430939e-02 4.426649957895278931e-02 5.877731740474700928e-02 5.991788953542709351e-02 6.704787164926528931e-02 3.277790546417236328e-02 9.203644841909408569e-02 6.995738297700881958e-02 7.713909447193145752e-02 3.884014114737510681e-02 7.286603003740310669e-02 7.699888199567794800e-02 8.128404617309570312e-02 1.665133386850357056e-01 3.907996416091918945e-02 1.990346312522888184e-01 4.306713864207267761e-02 2.846898697316646576e-02 5.076592043042182922e-02 5.250255391001701355e-02 3.865454345941543579e-02 9.629135020077228546e-03 4.290845536161214113e-04 3.059816174209117889e-02 2.578251063823699951e-02 1.304742097854614258e-01 4.063120484352111816e-02 2.874226309359073639e-02 1.901622489094734192e-02 5.679326504468917847e-02 1.054717376828193665e-01 1.547868549823760986e-02 2.292556129395961761e-02 2.626076340675354004e-02 1.010873317718505859e-01 6.126244738698005676e-02 3.105176612734794617e-02 4.603900387883186340e-02 9.594893455505371094e-02 3.171252831816673279e-02 3.498265147209167480e-02 2.259298041462898254e-02 6.676555424928665161e-02 8.595810085535049438e-02 7.895905524492263794e-02 1.777899265289306641e-02 1.955861225724220276e-02 4.857392609119415283e-02 2.192031033337116241e-02 4.835410788655281067e-02 3.890439122915267944e-02 9.330400079488754272e-02
9.363671392202377319e-02 3.363239392638206482e-02 2.281344309449195862e-02 2.763393707573413849e-02 1.403517741709947586e-02 1.497297198511660099e-04 3.257011994719505310e-02 1.671756431460380554e-02 1.384274475276470184e-02 2.310210093855857849e-02 4.374378174543380737e-02 1.679395698010921478e-02 9.311555325984954834e-02 9.776093065738677979e-04 7.474850118160247803e-02 3.354553133249282837e-03 1.816072128713130951e-02 3.020298853516578674e-02 3.373907506465911865e-02 2.284857816994190216e-02 2.369449846446514130e-02 4.173694550991058350e-02 6.329747848212718964e-03 1.147143077105283737e-02 4.338212311267852783e-03 3.317920491099357605e-02 1.526235975325107574e-02 3.896600380539894104e-02 7.583228498697280884e-02 8.027231320738792419e-03 1.444299984723329544e-02 8.956835605204105377e-03 6.568355951458215714e-03 6.360393762588500977e-02 4.978075996041297913e-02 3.536827489733695984e-02 4.604950547218322754e-02 1.858759485185146332e-02 4.754815623164176941e-02 6.409803777933120728e-02 3.901698812842369080e-02 8.181638084352016449e-03 3.754718601703643799e-02 3.636426478624343872e-02 1.412520278245210648e-02 1.961657404899597168e-02 3.446945175528526306e-02 7.357572205364704132e-03 2.407725527882575989e-02 1.397553645074367523e-02 6.315790116786956787e-02 3.883542725816369057e-03 4.732603207230567932e-02 4.503461718559265137e-02 7.172418758273124695e-03 5.266623338684439659e-04 3.259448334574699402e-03 4.620293620973825455e-03 1.166666019707918167e-02 1.777994446456432343e-02 1.261250302195549011e-02 1.968648470938205719e-02 4.642157256603240967e-02 6.827206164598464966e-02 6.090817600488662720e-02 4.443015903234481812e-02 4.653728008270263672e-02 1.469405554234981537e-02 2.606668695807456970e-02 2.098889462649822235e-02 3.263958543539047241e-02 3.972326219081878662e-02 6.057297810912132263e-03 2.283758483827114105e-02 5.486412718892097473e-02 1.684446632862091064e-02 1.398149225860834122e-02 4.314868897199630737e-02 4.099907726049423218e-02 5.264413356781005859e-02 1.530151255428791046e-02 5.404075235128402710e-02 4.998262599110603333e-02 1.805248670279979706e-02 4.887842573225498199e-03 1.344289351254701614e-02 6.373456120491027832e-02 2.043872140347957611e-02 4.632966965436935425e-02 5.916457995772361755e-02 5.950853228569030762e-02 3.939709812402725220e-02 1.051852246746420860e-03 3.285054489970207214e-02 5.489352159202098846e-03 2.837986126542091370e-02 1.929537393152713776e-02 2.735733054578304291e-03 3.114027902483940125e-02 1.610751450061798096e-02 1.572181656956672668e-02 1.419819612056016922e-02 7.936345413327217102e-03 8.425065898336470127e-04 2.246322855353355408e-02 3.985784947872161865e-03 1.220831461250782013e-02 5.750263109803199768e-02 5.358272045850753784e-02 1.694899052381515503e-02 3.238410502672195435e-02 8.540611714124679565e-02 8.725527673959732056e-03 5.931063741445541382e-02 4.942258074879646301e-02 1.991113089025020599e-02
1.134753506630659103e-02 4.736633971333503723e-02 1.696552522480487823e-02 2.428980171680450439e-02 1.062627695500850677e-02 1.219879835844039917e-01 4.239058494567871094e-02 2.133130282163619995e-02 3.811165317893028259e-02 5.369025096297264099e-02 1.679395698010921478e-02 5.146833136677742004e-02 9.434444457292556763e-02 3.004775941371917725e-01 1.942756399512290955e-02 2.653891406953334808e-02 2.450745552778244019e-02 5.912011489272117615e-02 1.069638505578041077e-01 8.709603548049926758e-02 2.512044087052345276e-02 2.657300047576427460e-02 1.896117329597473145e-01 6.694089621305465698e-02 3.924379497766494751e-02 2.104752510786056519e-02 6.361426785588264465e-03 1.320158243179321289e-01 6.859946250915527344e-02 4.543121904134750366e-02 1.305021792650222778e-01 4.763384535908699036e-02 5.008139461278915405e-02 2.494104020297527313e-02 2.973634749650955200e-02 4.773166403174400330e-02 7.179814577102661133e-02 4.788916558027267456e-03 1.998421177268028259e-02 9.960778988897800446e-03 4.278734326362609863e-02 5.007005855441093445e-02 1.186363399028778076e-02 9.364921716041862965e-04 1.189114674925804138e-01 9.660264477133750916e-03 5.827330052852630615e-02 7.225535064935684204e-02 5.120282992720603943e-02 4.988355189561843872e-02 7.543547078967094421e-03 2.521211840212345123e-02 1.184291206300258636e-02 6.372877210378646851e-02 9.917916730046272278e-03 2.277570404112339020e-02 6.235725805163383484e-02 5.766342580318450928e-02 1.010142615996301174e-03 5.956439301371574402e-02 2.645817585289478302e-02 5.693922564387321472e-02 1.811086200177669525e-02 1.005382463335990906e-02 7.415846455842256546e-03 7.968985289335250854e-02 1.722611486911773682e-02 1.475918758660554886e-02 5.565532296895980835e-02 6.069788709282875061e-02 7.743155583739280701e-03 2.034443803131580353e-02 4.956117272377014160e-02 6.335979327559471130e-03 8.145654574036598206e-03 2.796150743961334229e-02 1.807711273431777954e-02 2.342662401497364044e-02 1.322545260190963745e-01 5.718539282679557800e-02 4.929858259856700897e-03 4.154208581894636154e-03 7.964277267456054688e-02 3.817104175686836243e-02 5.619021132588386536e-03 2.742738835513591766e-02 2.764545381069183350e-03 6.398031115531921387e-02 1.520409733057022095e-01 2.063029073178768158e-02 8.614344522356987000e-03 5.851088464260101318e-02 2.146045863628387451e-02 5.519812926650047302e-02 4.741464555263519287e-02 2.190263569355010986e-02 5.982470139861106873e-02 8.006324991583824158e-03 4.836955294013023376e-02 8.177054114639759064e-03 3.680333495140075684e-02 3.578517958521842957e-02 3.628486767411231995e-02 4.588117077946662903e-02 8.081101812422275543e-03 3.451947495341300964e-02 1.590922661125659943e-02 8.653364330530166626e-02 7.251909375190734863e-02 2.695690840482711792e-02 2.687646821141242981e-02 4.984158277511596680e-02 3.192700678482651711e-03 2.805793844163417816e-02 1.443747878074645996e-01 3.364182636141777039e-02
7.052348554134368896e-02 1.087657213211059570e-01 5.631906539201736450e-02 1.436305232346057892e-02 2.286431938409805298e-02 2.255118638277053833e-02 4.999318625777959824e-03 3.675515204668045044e-02 2.171965781599283218e-03 4.168257862329483032e-02 9.311555325984954834e-02 9.434444457292556763e-02 5.083864182233810425e-02 8.506705984473228455e-03 8.264706283807754517e-02 6.837923079729080200e-03 2.325155539438128471e-03 8.938333950936794281e-03 4.966147243976593018e-02 3.066001273691654205e-02 1.551312487572431564e-02 7.592695206403732300e-02 5.046707764267921448e-02 2.569936029613018036e-02 5.851000081747770309e-03 1.975361444056034088e-02 1.076221745461225510e-02 3.384351730346679688e-02 3.179854527115821838e-02 4.030518233776092529e-02 3.792518749833106995e-02 1.506895758211612701e-02 4.058614745736122131e-02 2.040668576955795288e-02 6.312733143568038940e-02 1.809487678110599518e-02 5.780894681811332703e-02 1.414203457534313202e-02 2.040537260472774506e-02 1.159795559942722321e-03 4.207175970077514648e-02 1.511257048696279526e-02 2.423384226858615875e-02 3.123747743666172028e-02 3.622498735785484314e-02 4.971012100577354431e-02 4.849596321582794189e-02 2.547345124185085297e-02 9.537564590573310852e-03 5.230986862443387508e-04 3.449290245771408081e-02 1.802676357328891754e-02 1.885593868792057037e-02 4.396225884556770325e-02 1.721666194498538971e-02 2.960520214401185513e-04 2.499022521078586578e-02 4.345753230154514313e-03 1.050921855494379997e-03 3.187541291117668152e-02 4.590615257620811462e-02 1.392794586718082428e-02 4.555283859372138977e-02 4.632062837481498718e-02 3.104402869939804077e-02 5.885691940784454346e-02 1.727586798369884491e-02 1.478273328393697739e-02 1.750670187175273895e-02 4.236978292465209961e-02 1.601025089621543884e-02 1.001960504800081253e-02 1.049069687724113464e-02 2.352857589721679688e-02 2.721877209842205048e-02 1.036944519728422165e-02 9.717330336570739746e-03 8.500502444803714752e-03 4.104533046483993530e-02 5.831681564450263977e-02 3.490051627159118652e-02 4.101170599460601807e-02 1.606086827814579010e-02 2.076208032667636871e-02 3.115949966013431549e-02 1.086265966296195984e-02 4.806572943925857544e-02 6.056708097457885742e-02 6.717320997267961502e-03 3.409024327993392944e-02 4.936260730028152466e-02 7.569224573671817780e-03 2.192616648972034454e-02 4.992968589067459106e-02 2.951738052070140839e-02 3.037274628877639771e-02 2.165167219936847687e-02 7.709326222538948059e-03 2.006613463163375854e-02 1.541652344167232513e-02 1.222719904035329819e-02 3.289866447448730469e-02 1.147246570326387882e-03 5.445503164082765579e-03 1.489807385951280594e-02 1.322825718671083450e-02 1.488396711647510529e-02 9.768224321305751801e-03 4.559082910418510437e-02 3.620873764157295227e-02 5.943126603960990906e-02 1.508856005966663361e-02 3.771320730447769165e-02 6.456172466278076172e-02 1.787823624908924103e-03 1.375914271920919418e-02
