2.779424749314785004e-02 1.951402425765991211e-01 6.102360319346189499e-03 3.659772872924804688e-02 5.307788029313087463e-02 8.210143446922302246e-02 2.960487268865108490e-02 2.703462028875946999e-03 1.520444750785827637e-01 7.800909876823425293e-02 2.324327975511550903e-01 6.332512944936752319e-02 5.672473460435867310e-02 1.642946444917470217e-04 2.258145064115524292e-02 3.995276242494583130e-02 2.206711843609809875e-02 2.136902511119842529e-02 1.581279002130031586e-02 7.411102764308452606e-03 6.979986280202865601e-02 3.699447959661483765e-02 7.720652222633361816e-02 3.391802683472633362e-02 1.955942809581756592e-02 1.934564672410488129e-02 2.366343140602111816e-02 4.066460579633712769e-02 5.690389499068260193e-02 3.695016726851463318e-02 5.177193880081176758e-02 3.475879505276679993e-02 6.764816120266914368e-03 1.170541066676378250e-02 4.568340629339218140e-02 2.154696919023990631e-02 1.010305713862180710e-03 6.472951918840408325e-02 1.197980018332600594e-03 1.927862293086946011e-03 3.946685418486595154e-02 5.260838568210601807e-02 1.473547704517841339e-02 6.618443131446838379e-02 6.778127700090408325e-02 7.247646152973175049e-02 2.862828411161899567e-02 5.749279260635375977e-02 6.182370334863662720e-02 1.105164177715778351e-02 2.310346066951751709e-02 1.242170855402946472e-02 1.055440679192543030e-02 2.295092307031154633e-02 2.218435518443584442e-02 1.130507141351699829e-02 8.410268463194370270e-03 2.009669877588748932e-02 4.327132552862167358e-02 3.189139999449253082e-03 1.220219954848289490e-02 2.213466912508010864e-02 4.392919689416885376e-02 6.099902465939521790e-02 8.457703888416290283e-02 4.905135184526443481e-02 2.570127882063388824e-02 2.928064391016960144e-02 4.063706845045089722e-02 2.664960734546184540e-02 3.595037758350372314e-02 4.062344506382942200e-02 1.673897355794906616e-02 8.598379045724868774e-02 4.073570296168327332e-02 7.858218252658843994e-02 1.447082012891769409e-01 2.059044502675533295e-02 1.137240510433912277e-02 2.740237489342689514e-02 4.196119681000709534e-02 9.750067442655563354e-02 3.615901246666908264e-02 1.113759912550449371e-02 3.096853382885456085e-02 3.025292232632637024e-02 1.271739322692155838e-02 5.450366809964179993e-02 8.254246413707733154e-02 3.730422258377075195e-02 9.990957379341125488e-02 3.045010380446910858e-02 6.533904001116752625e-03 6.879812479019165039e-02 5.988564342260360718e-02 5.074618384242057800e-02 3.534347563982009888e-02 1.607576385140419006e-02 8.002859540283679962e-03 2.608753368258476257e-02 9.236657992005348206e-03 3.018748573958873749e-02 4.666044935584068298e-02 1.903366483747959137e-02 5.132151022553443909e-02 4.866196960210800171e-02 4.678257927298545837e-02 3.174245357513427734e-02 9.486355818808078766e-03 5.444645509123802185e-02 3.283113613724708557e-02 1.160491406917572021e-01 6.160076335072517395e-02 3.945318609476089478e-02 3.447277843952178955e-02 4.556206986308097839e-02
1.951402425765991211e-01 4.422810394316911697e-03 7.834030315279960632e-03 2.936874516308307648e-02 2.029192633926868439e-03 3.505296632647514343e-02 2.789801657199859619e-01 1.287004817277193069e-02 5.179188027977943420e-02 2.325995452702045441e-02 7.063607685267925262e-03 8.268550969660282135e-03 2.227349430322647095e-01 6.704416126012802124e-03 5.135716870427131653e-02 9.855360724031925201e-03 9.194894693791866302e-03 1.562757045030593872e-02 1.515712495893239975e-02 5.506720766425132751e-02 5.517546087503433228e-02 1.861614733934402466e-02 3.244220465421676636e-02 1.726133748888969421e-02 6.670007854700088501e-02 3.133514896035194397e-02 1.424418836832046509e-01 2.860732935369014740e-02 9.523025900125503540e-02 5.437214672565460205e-02 5.553567409515380859e-02 2.926497347652912140e-02 3.312367573380470276e-02 2.552671544253826141e-02 3.506986191496253014e-03 1.572446897625923157e-02 1.183956675231456757e-02 9.824260324239730835e-02 7.674921303987503052e-03 4.465381801128387451e-02 7.179324328899383545e-02 4.444955661892890930e-02 2.576559223234653473e-02 3.713758662343025208e-02 1.706794276833534241e-02 5.365319922566413879e-02 1.756622642278671265e-01 3.740834072232246399e-02 5.822051782160997391e-03 6.317929178476333618e-02 4.919949918985366821e-02 4.992310423403978348e-03 7.388389110565185547e-02 3.998529911041259766e-02 3.512043505907058716e-03 4.293556511402130127e-02 5.061836168169975281e-02 3.526996076107025146e-02 2.425132505595684052e-02 1.811297051608562469e-02 4.638586193323135376e-02 4.304442927241325378e-02 8.489035069942474365e-02 8.384538441896438599e-02 6.434310972690582275e-02 7.020084559917449951e-02 3.487749770283699036e-02 5.439046025276184082e-02 6.211943551898002625e-02 3.790457174181938171e-02 3.657088673207908869e-04 4.244260862469673157e-02 2.085662214085459709e-03 1.301902681589126587e-01 5.053133144974708557e-02 4.505311325192451477e-02 9.003561921417713165e-03 2.556750550866127014e-02 2.744321525096893311e-02 1.909135282039642334e-02 3.160622715950012207e-02 2.157203853130340576e-02 3.896012529730796814e-02 5.205796100199222565e-03 2.500863559544086456e-02 1.215530782938003540e-01 1.813312247395515442e-02 7.504338771104812622e-02 3.028814680874347687e-02 7.036125659942626953e-02 1.071551218628883362e-01 6.253107637166976929e-02 6.176529079675674438e-02 6.598694622516632080e-02 9.633200615644454956e-02 4.117249511182308197e-03 7.946157455444335938e-02 3.536276891827583313e-02 1.235897094011306763e-02 4.758388921618461609e-02 5.491279298439621925e-04 1.660658605396747589e-02 3.292487189173698425e-02 6.608366221189498901e-02 5.503415595740079880e-03 4.131100699305534363e-02 2.426812238991260529e-02 1.434422191232442856e-02 1.559370756149291992e-02 1.764979586005210876e-02 3.719568718224763870e-03 5.562626197934150696e-02 5.344263836741447449e-02 3.963485360145568848e-02 2.896151132881641388e-02 3.349840268492698669e-02
6.102360319346189499e-03 7.834030315279960632e-03 5.537465214729309082e-02 3.693767637014389038e-02 2.115491963922977448e-02 6.232866644859313965e-02 7.007414847612380981e-02 1.660995632410049438e-01 4.038814455270767212e-03 3.567790985107421875e-02 2.712128497660160065e-02 8.597888983786106110e-03 4.585677816066890955e-04 6.400311738252639771e-02 7.086981087923049927e-02 4.244318231940269470e-02 3.669146820902824402e-02 9.203527122735977173e-03 1.272313892841339111e-01 2.291052043437957764e-02 5.912595987319946289e-02 9.927245788276195526e-03 5.448244139552116394e-02 2.020888403058052063e-02 5.748179182410240173e-02 3.807458654046058655e-02 1.038455311208963394e-02 9.605949744582176208e-04 4.461593180894851685e-02 1.502069458365440369e-02 1.039089560508728027e-01 3.791355993598699570e-03 5.500828102231025696e-02 4.753335937857627869e-02 8.571689017117023468e-03 2.495436929166316986e-02 5.509743466973304749e-02 5.597643926739692688e-02 6.906855851411819458e-03 1.693165302276611328e-02 2.951945550739765167e-02 1.985398493707180023e-02 4.224403202533721924e-02 1.129463538527488708e-01 2.666645683348178864e-02 1.445629750378429890e-03 2.942198328673839569e-02 3.153938334435224533e-03 8.889904245734214783e-03 5.471591278910636902e-02 2.267492935061454773e-02 4.266430065035820007e-02 1.815761625766754150e-02 3.074805811047554016e-02 3.441153094172477722e-02 7.951059192419052124e-02 1.636135624721646309e-03 2.476972714066505432e-02 1.502043101936578751e-02 1.061487570405006409e-02 2.641879767179489136e-02 9.689304232597351074e-02 6.542021781206130981e-02 3.752126125618815422e-03 3.085956163704395294e-02 8.566293865442276001e-02 2.756349928677082062e-02 5.235538259148597717e-02 1.275449991226196289e-01 1.235047820955514908e-02 8.066045492887496948e-02 2.272561378777027130e-02 2.302714064717292786e-02 1.181837469339370728e-01 2.347562834620475769e-02 3.560814261436462402e-02 1.948551274836063385e-02 1.183025240898132324e-01 9.456605650484561920e-03 5.615592375397682190e-02 1.500911563634872437e-01 1.489703059196472168e-01 5.191221088171005249e-02 9.941557422280311584e-03 4.684443399310112000e-02 6.477609276771545410e-02 3.468596190214157104e-02 7.403162121772766113e-02 5.232335024629719555e-05 1.049090251326560974e-01 4.547592718154191971e-03 8.093026117421686649e-04 7.318494468927383423e-02 1.408615207765251398e-04 1.426381408236920834e-03 2.768132463097572327e-02 2.090195566415786743e-02 9.671277366578578949e-03 3.922857344150543213e-03 3.274864703416824341e-02 6.085356324911117554e-02 5.137598514556884766e-02 3.982936963438987732e-02 6.119086965918540955e-02 3.763738647103309631e-02 1.341023575514554977e-02 5.530495569109916687e-02 1.546431891620159149e-02 4.116149246692657471e-02 2.496311627328395844e-02 3.421531990170478821e-02 5.243306979537010193e-02 6.338076293468475342e-02 4.441924765706062317e-02 3.196562081575393677e-02 7.017254829406738281e-03
3.659772872924804688e-02 2.936874516308307648e-02 3.693767637014389038e-02 7.682617008686065674e-02 2.356303669512271881e-02 7.515451312065124512e-02 6.468978710472583771e-03 1.850564219057559967e-02 5.189717561006546021e-02 8.137346059083938599e-02 5.155493319034576416e-02 1.543702930212020874e-02 4.920979961752891541e-02 4.844889789819717407e-02 2.529389783740043640e-02 6.161974743008613586e-02 1.090479195117950439e-01 4.842562228441238403e-02 7.392944395542144775e-02 3.246807679533958435e-02 3.977807611227035522e-02 5.276079475879669189e-02 3.561674803495407104e-02 1.579563505947589874e-02 3.164140507578849792e-03 6.095676124095916748e-02 2.812613965943455696e-03 4.086580500006675720e-02 1.925075612962245941e-02 3.123560547828674316e-02 5.588520318269729614e-02 1.954101584851741791e-02 7.196065853349864483e-04 1.419813837856054306e-02 5.541918799281120300e-03 2.171147614717483521e-03 9.755056817084550858e-04 1.370748132467269897e-02 7.327140867710113525e-02 4.924474656581878662e-02 3.124889172613620758e-02 2.904686331748962402e-02 4.850122705101966858e-02 1.265616621822118759e-03 2.072061225771903992e-02 1.403578557074069977e-02 2.244330383837223053e-02 1.001420617103576660e-02 1.013993378728628159e-02 3.954376652836799622e-02 2.727741003036499023e-02 5.191019736230373383e-03 5.118778720498085022e-02 2.765953168272972107e-02 6.239700317382812500e-02 2.416666038334369659e-02 2.047248557209968567e-02 3.594839572906494141e-02 1.701875030994415283e-02 1.718206703662872314e-02 5.460640788078308105e-02 3.229872137308120728e-02 6.400069221854209900e-03 3.614440187811851501e-02 2.303149923682212830e-02 4.847447946667671204e-02 2.218178287148475647e-02 1.152373570948839188e-02 8.796719834208488464e-03 7.811198383569717407e-02 1.776181161403656006e-02 5.598158389329910278e-02 7.496274262666702271e-02 4.356475919485092163e-02 1.039220318198204041e-01 6.149424985051155090e-02 3.405540436506271362e-02 1.588142663240432739e-02 3.890704363584518433e-02 1.142009132308885455e-04 4.246786236763000488e-02 5.831601098179817200e-02 1.279938407242298126e-02 1.189012452960014343e-02 4.635148495435714722e-02 3.870766237378120422e-02 3.406177461147308350e-02 3.211124241352081299e-02 2.984151709824800491e-03 1.059308722615242004e-01 1.396723184734582901e-02 4.560392815619707108e-03 1.953314617276191711e-02 6.119301170110702515e-02 1.068677380681037903e-01 4.520116746425628662e-02 9.819677472114562988e-02 1.177948992699384689e-02 1.813969761133193970e-02 1.809661835432052612e-02 9.497786313295364380e-02 4.178351908922195435e-02 4.120396822690963745e-02 7.445624470710754395e-02 4.016613215208053589e-02 2.771937102079391479e-02 9.363339841365814209e-02 3.156464919447898865e-02 2.577081788331270218e-03 2.339900471270084381e-02 1.641169004142284393e-02 4.366528987884521484e-02 4.362536594271659851e-02 6.972791161388158798e-03 6.571082770824432373e-02 4.840787500143051147e-02
5.307788029313087463e-02 2.029192633926868439e-03 2.115491963922977448e-02 2.356303669512271881e-02 8.853989094495773315e-02 1.001677736639976501e-01 4.613782279193401337e-03 3.545704856514930725e-02 5.607653781771659851e-02 2.986831963062286377e-02 8.296369342133402824e-04 2.745603397488594055e-02 2.674556896090507507e-02 4.721289500594139099e-02 4.118895903229713440e-02 3.057411871850490570e-02 3.196826204657554626e-02 8.943723514676094055e-04 4.550508037209510803e-02 1.044693589210510254e-02 6.216995790600776672e-02 4.151594184804707766e-04 6.821994483470916748e-02 4.227499663829803467e-02 4.518999159336090088e-02 4.218728095293045044e-02 1.550084352493286133e-01 1.034838706254959106e-02 9.823586046695709229e-02 3.034958802163600922e-02 1.505963411182165146e-02 1.635367237031459808e-02 4.796155542135238647e-02 1.879234332591295242e-03 5.995770450681447983e-03 7.448498159646987915e-03 5.369739979505538940e-02 3.007201664149761200e-02 2.810020814649760723e-04 1.039006635546684265e-01 3.724050521850585938e-02 2.778261899948120117e-02 3.586691617965698242e-02 4.567588493227958679e-02 1.912750676274299622e-02 1.063883397728204727e-02 1.642960868775844574e-02 3.380162641406059265e-02 4.617539793252944946e-02 4.817671328783035278e-02 2.713059261441230774e-02 1.385839562863111496e-02 5.370656773447990417e-02 5.918719992041587830e-02 2.638796158134937286e-02 7.012429088354110718e-02 1.079186797142028809e-02 2.895782329142093658e-02 2.454088255763053894e-02 3.635548055171966553e-03 5.807130038738250732e-02 4.311472922563552856e-02 6.556963548064231873e-03 2.511979639530181885e-02 2.180508710443973541e-02 1.085571758449077606e-02 3.832874819636344910e-02 4.876143485307693481e-02 3.592187166213989258e-02 7.940099388360977173e-02 4.328385740518569946e-02 1.926281489431858063e-03 4.900137335062026978e-02 2.570002712309360504e-02 4.717422649264335632e-02 1.654971949756145477e-02 2.284412458539009094e-02 4.805032536387443542e-02 4.508624598383903503e-02 7.790415082126855850e-03 1.984765380620956421e-02 1.512177940458059311e-02 6.884155794978141785e-03 8.631349354982376099e-02 2.226770855486392975e-02 3.672177344560623169e-02 1.361703779548406601e-02 3.457562997937202454e-02 9.606771171092987061e-02 1.201900187879800797e-02 1.953231729567050934e-02 4.427600943017750978e-04 1.232605334371328354e-02 5.133448168635368347e-02 3.985954076051712036e-02 4.529795795679092407e-02 5.213416367769241333e-02 3.013314120471477509e-02 1.660851016640663147e-02 5.073623731732368469e-02 4.910976812243461609e-02 5.822416767477989197e-02 1.234296634793281555e-01 4.812043905258178711e-02 2.650085277855396271e-02 6.890280637890100479e-03 1.393530052155256271e-02 1.017978694289922714e-02 2.861609309911727905e-02 5.476363003253936768e-02 6.998293101787567139e-02 5.905286222696304321e-02 3.219279274344444275e-02 4.728526994585990906e-02 3.498996049165725708e-02 5.106715857982635498e-02
8.210143446922302246e-02 3.505296632647514343e-02 6.232866644859313965e-02 7.515451312065124512e-02 1.001677736639976501e-01 3.963793814182281494e-02 1.406539976596832275e-01 6.841413676738739014e-03 9.007335454225540161e-02 7.213244587182998657e-02 2.733546309173107147e-02 1.044707596302032471e-01 2.606193162500858307e-02 1.459409445524215698e-01 3.479822725057601929e-02 6.866427510976791382e-02 9.196709841489791870e-03 3.391939774155616760e-02 4.572214558720588684e-02 1.264158170670270920e-02 4.418503120541572571e-02 1.388584822416305542e-02 4.429735243320465088e-02 8.115413598716259003e-03 9.937861934304237366e-03 6.581410299986600876e-03 1.480774395167827606e-02 6.804389413446187973e-03 5.029400344938039780e-03 2.312564663589000702e-02 6.443911790847778320e-02 2.133681066334247589e-02 5.252119898796081543e-02 2.190656587481498718e-02 5.574945826083421707e-03 5.238797888159751892e-02 1.745605608448386192e-03 3.439001366496086121e-02 2.243815362453460693e-02 4.959006607532501221e-02 4.334101453423500061e-03 2.909178100526332855e-02 1.122728176414966583e-02 7.158283144235610962e-02 9.474996477365493774e-02 3.963781148195266724e-02 9.235303848981857300e-02 6.582579761743545532e-02 5.556180328130722046e-02 3.875345690175890923e-03 1.735596545040607452e-02 3.717876598238945007e-02 7.822699844837188721e-02 2.448066882789134979e-02 4.319966956973075867e-02 3.697219491004943848e-02 3.617867827415466309e-02 1.172891184687614441e-01 3.660924732685089111e-02 6.726239621639251709e-02 3.311261534690856934e-02 5.958141759037971497e-02 3.630873560905456543e-02 2.327347174286842346e-02 1.749943569302558899e-02 4.359609261155128479e-02 1.195677556097507477e-02 1.071633677929639816e-02 2.942123264074325562e-02 6.968789547681808472e-02 2.766421250998973846e-02 4.916461557149887085e-02 4.911411553621292114e-03 2.484894916415214539e-02 5.933909118175506592e-02 6.548089534044265747e-02 4.676872491836547852e-02 5.172937177121639252e-03 3.262061625719070435e-02 2.755643799901008606e-02 4.755546152591705322e-02 4.967709630727767944e-02 1.001783180981874466e-03 6.540825963020324707e-02 1.805942319333553314e-02 4.525453969836235046e-02 3.877578675746917725e-02 5.699468031525611877e-02 7.111490517854690552e-02 2.825129963457584381e-02 4.858453199267387390e-02 4.515440389513969421e-02 2.129419893026351929e-02 1.271810010075569153e-02 3.315284103155136108e-02 3.264277055859565735e-02 2.672796510159969330e-02 5.410140380263328552e-02 1.440580096095800400e-02 1.768500171601772308e-02 4.594855010509490967e-02 4.965885728597640991e-02 7.958433777093887329e-02 1.227523945271968842e-02 1.355635225772857666e-01 4.850302264094352722e-02 4.905872046947479248e-02 2.259877696633338928e-02 2.578411996364593506e-02 2.651753090322017670e-02 3.835328668355941772e-02 8.777491748332977295e-02 2.685911580920219421e-02 7.635191828012466431e-02 5.612206459045410156e-02 4.462007060647010803e-02
2.960487268865108490e-02 2.789801657199859619e-01 7.007414847612380981e-02 6.468978710472583771e-03 4.613782279193401337e-03 1.406539976596832275e-01 2.368107251822948456e-02 5.108929798007011414e-02 3.303003311157226562e-02 1.452544238418340683e-02 1.012900546193122864e-01 2.405247092247009277e-02 1.023575197905302048e-02 5.894551519304513931e-03 1.916442438960075378e-02 6.163026392459869385e-02 3.603439545258879662e-04 1.769095077179372311e-03 2.878271229565143585e-02 1.075918041169643402e-02 3.537880256772041321e-03 6.458633393049240112e-02 3.805985674262046814e-02 1.599162817001342773e-02 3.489612787961959839e-02 1.632676832377910614e-02 2.017802558839321136e-02 4.922744259238243103e-02 3.045338951051235199e-02 7.274166494607925415e-02 6.698235124349594116e-02 3.610290354117751122e-03 1.693266816437244415e-02 4.106526076793670654e-02 2.722894214093685150e-02 6.586568779312074184e-04 6.730317324399948120e-02 1.645100302994251251e-02 4.092063009738922119e-02 3.221695497632026672e-02 8.116652071475982666e-02 3.640865162014961243e-02 4.508869897108525038e-04 1.018331423401832581e-01 2.477160841226577759e-02 3.399434313178062439e-02 2.278047241270542145e-02 2.057255804538726807e-01 1.773982308804988861e-02 1.645879819989204407e-02 3.320242092013359070e-02 2.207524143159389496e-02 1.369281858205795288e-02 6.099252775311470032e-02 1.936408504843711853e-02 4.539416730403900146e-02 4.974772036075592041e-02 5.094988644123077393e-02 1.591647975146770477e-02 9.818071499466896057e-03 9.805770590901374817e-03 9.397769346833229065e-03 5.850000679492950439e-02 9.661769866943359375e-02 5.218268837779760361e-03 4.033162817358970642e-02 2.972758188843727112e-02 1.019902899861335754e-02 9.426250308752059937e-02 4.842657223343849182e-02 3.620690107345581055e-02 4.924765601754188538e-02 2.640367671847343445e-02 6.614723056554794312e-02 9.825324639678001404e-03 9.109954535961151123e-02 2.889645658433437347e-02 9.325920604169368744e-03 1.703022420406341553e-02 3.361702337861061096e-02 4.169126600027084351e-02 8.390820771455764771e-02 6.433086097240447998e-02 1.618138700723648071e-02 6.321012042462825775e-03 2.232183516025543213e-02 1.158967893570661545e-02 8.377181738615036011e-02 2.116760425269603729e-02 2.920049615204334259e-02 9.657537192106246948e-02 4.445177689194679260e-02 6.242932006716728210e-02 1.129223927855491638e-01 2.850244008004665375e-02 3.181323409080505371e-02 3.261202201247215271e-02 1.587213128805160522e-01 1.180355087853968143e-03 1.959450356662273407e-02 5.792229622602462769e-02 5.665650963783264160e-02 5.691822990775108337e-02 3.721965104341506958e-02 1.126754563301801682e-02 4.316286742687225342e-02 6.279747188091278076e-02 5.894812755286693573e-03 3.235032036900520325e-02 6.167795136570930481e-02 8.564828336238861084e-02 4.886449128389358521e-02 3.907200321555137634e-02 1.666237600147724152e-02 6.761481612920761108e-02 3.174025937914848328e-02
2.703462028875946999e-03 1.287004817277193069e-02 1.660995632410049438e-01 1.850564219057559967e-02 3.545704856514930725e-02 6.841413676738739014e-03 5.108929798007011414e-02 1.940221153199672699e-02 2.024250105023384094e-02 5.462499707937240601e-02 1.831955462694168091e-02 6.263754516839981079e-02 2.853662520647048950e-02 2.754367701709270477e-02 1.460814625024795532e-01 1.592336222529411316e-03 4.868292063474655151e-02 3.863870352506637573e-02 3.814844042062759399e-02 8.616507798433303833e-02 5.233970005065202713e-03 4.911399632692337036e-02 9.974193759262561798e-03 2.239327877759933472e-02 1.878315955400466919e-02 1.196515280753374100e-02 7.757581025362014771e-02 2.291761897504329681e-02 2.312368154525756836e-02 3.303802013397216797e-02 9.837679564952850342e-02 7.194599136710166931e-03 3.782663121819496155e-02 5.506994575262069702e-02 2.462063916027545929e-02 6.093167513608932495e-02 1.511419937014579773e-02 9.241063892841339111e-02 3.124048188328742981e-02 1.443637255579233170e-02 2.964177727699279785e-02 2.080172859132289886e-02 2.687005512416362762e-02 1.112384255975484848e-03 3.898603096604347229e-02 1.346475630998611450e-02 6.206175684928894043e-02 2.472074888646602631e-02 4.192594438791275024e-03 7.152326405048370361e-02 1.220836117863655090e-02 2.985201962292194366e-02 4.546229541301727295e-02 1.094482559710741043e-02 3.581032902002334595e-02 1.046077534556388855e-02 4.665948078036308289e-02 4.584163054823875427e-02 2.471674978733062744e-02 3.924271836876869202e-02 4.025518149137496948e-02 6.350720673799514771e-02 2.025382360443472862e-03 3.234848752617835999e-02 3.274153172969818115e-02 2.143230102956295013e-02 3.046553395688533783e-02 3.451455757021903992e-02 2.517873421311378479e-02 2.109283395111560822e-02 3.305196762084960938e-02 5.298769474029541016e-02 2.893885783851146698e-02 1.353722531348466873e-02 1.276863645762205124e-02 2.088651061058044434e-02 3.442220389842987061e-02 2.468604594469070435e-03 2.517385967075824738e-02 6.213447824120521545e-02 1.236209571361541748e-01 4.697949439287185669e-02 2.065783739089965820e-02 4.638579208403825760e-03 3.782168030738830566e-03 9.955492615699768066e-02 6.236141920089721680e-02 1.162458956241607666e-01 4.906690120697021484e-02 2.579524181783199310e-02 5.951715633273124695e-02 4.180569201707839966e-02 6.265881657600402832e-02 5.311014503240585327e-02 1.759650930762290955e-02 9.062773548066616058e-03 1.567985676229000092e-02 4.291286319494247437e-02 4.094421491026878357e-02 2.705224044620990753e-02 4.387975670397281647e-03 3.238272853195667267e-03 5.321590695530176163e-03 2.041537873446941376e-02 5.899463966488838196e-02 2.845475263893604279e-02 8.310488425195217133e-03 6.420687586069107056e-02 4.534079879522323608e-02 1.749267056584358215e-02 5.117305740714073181e-02 2.957073785364627838e-02 2.656137757003307343e-02 1.637561246752738953e-02 1.679785549640655518e-02 4.823611304163932800e-02
1.520444750785827637e-01 5.179188027977943420e-02 4.038814455270767212e-03 5.189717561006546021e-02 5.607653781771659851e-02 9.007335454225540161e-02 3.303003311157226562e-02 2.024250105023384094e-02 2.207997813820838928e-02 5.908546969294548035e-03 2.204515226185321808e-02 3.810108080506324768e-02 3.884141147136688232e-02 6.438075006008148193e-02 4.088209476321935654e-03 4.663890227675437927e-02 1.267134491354227066e-02 1.434281170368194580e-01 4.468686133623123169e-02 1.643428392708301544e-02 5.728189274668693542e-02 6.544872373342514038e-02 5.506602674722671509e-02 5.158030986785888672e-02 3.354940563440322876e-03 4.244366288185119629e-02 4.395551979541778564e-02 5.655247345566749573e-02 2.411046624183654785e-02 3.851142153143882751e-02 9.391323663294315338e-03 5.553399026393890381e-02 1.642660424113273621e-02 3.948406502604484558e-02 3.421953320503234863e-02 1.185359433293342590e-02 3.368267044425010681e-02 1.766016893088817596e-02 1.885648444294929504e-02 1.915002986788749695e-02 2.157848328351974487e-02 1.211541891098022461e-02 2.559791877865791321e-02 4.254496097564697266e-02 1.357727590948343277e-02 1.125861238688230515e-02 1.042008846998214722e-01 1.445433404296636581e-02 1.133866533637046814e-01 1.810841448605060577e-02 7.310881745070219040e-03 3.365292027592658997e-02 5.197774618864059448e-02 5.020772106945514679e-03 6.055343896150588989e-02 6.384078413248062134e-02 4.055064171552658081e-02 2.990054339170455933e-02 2.220488712191581726e-02 3.859062865376472473e-02 4.415823146700859070e-02 2.347900718450546265e-02 6.925977021455764771e-02 6.284163892269134521e-02 6.022856757044792175e-02 1.795672439038753510e-02 2.081977203488349915e-02 2.549279294908046722e-02 3.731503337621688843e-02 5.881955847144126892e-02 8.552931994199752808e-02 1.178520694375038147e-01 5.190858244895935059e-02 1.010784972459077835e-02 4.945741966366767883e-02 1.099992543458938599e-01 2.968123555183410645e-01 1.559163723140954971e-02 1.337031275033950806e-01 3.544658794999122620e-02 2.091693133115768433e-02 6.602679193019866943e-02 1.468424964696168900e-02 1.129087526351213455e-02 4.264827445149421692e-02 3.566354885697364807e-02 1.583679986651986837e-04 3.711571916937828064e-02 1.319172140210866928e-02 1.829899288713932037e-02 9.778424166142940521e-03 2.799207717180252075e-02 4.310806840658187866e-02 5.485514923930168152e-02 4.837296903133392334e-03 3.529501706361770630e-02 9.413021616637706757e-03 1.007507741451263428e-01 3.869790956377983093e-02 1.194760296493768692e-02 3.276631701737642288e-03 4.461626522243022919e-03 4.623311758041381836e-02 3.038213960826396942e-02 8.865611255168914795e-02 9.818303585052490234e-02 4.171458631753921509e-02 2.902361936867237091e-02 2.002188935875892639e-02 2.869827486574649811e-02 5.499963182955980301e-03 9.624809771776199341e-02 4.724505357444286346e-03 4.903155565261840820e-02 4.239200428128242493e-02 5.494000390172004700e-02
7.800909876823425293e-02 2.325995452702045441e-02 3.567790985107421875e-02 8.137346059083938599e-02 2.986831963062286377e-02 7.213244587182998657e-02 1.452544238418340683e-02 5.462499707937240601e-02 5.908546969294548035e-03 5.470959097146987915e-02 5.734151601791381836e-02 5.048484355211257935e-02 4.290649294853210449e-02 5.303854495286941528e-02 3.029501065611839294e-02 5.033021047711372375e-02 2.064354019239544868e-03 8.508561551570892334e-02 8.154433965682983398e-02 4.375985264778137207e-02 5.000536888837814331e-02 1.178749278187751770e-02 6.277545541524887085e-02 6.380331516265869141e-02 2.485398203134536743e-03 5.629000067710876465e-02 6.518898904323577881e-02 4.925069585442543030e-02 3.761351481080055237e-02 2.917726710438728333e-02 6.292052567005157471e-02 4.373294487595558167e-02 1.336485706269741058e-02 2.948503382503986359e-02 3.518413379788398743e-02 8.323268033564090729e-03 3.971016034483909607e-02 1.327819935977458954e-02 5.433424562215805054e-02 4.301365837454795837e-02 3.416210412979125977e-02 4.515893384814262390e-02 4.911325126886367798e-02 1.596252899616956711e-03 6.594964861869812012e-02 5.841661989688873291e-02 9.679508209228515625e-02 6.110943481326103210e-02 3.592336922883987427e-02 2.161796763539314270e-02 4.583154991269111633e-02 5.174984782934188843e-02 6.423766911029815674e-02 2.078640833497047424e-02 1.793785206973552704e-02 1.973380520939826965e-02 4.532194137573242188e-02 1.017235293984413147e-01 3.765808790922164917e-02 1.685733441263437271e-03 3.441093023866415024e-03 5.818006023764610291e-02 1.486909016966819763e-02 2.460553124547004700e-02 8.530635386705398560e-02 4.081446677446365356e-02 1.237201038748025894e-02 9.234578348696231842e-03 1.648703590035438538e-02 8.563543111085891724e-02 6.720008328557014465e-03 3.119795024394989014e-02 2.396105043590068817e-02 1.240638568997383118e-01 2.584665082395076752e-02 1.374352909624576569e-02 1.136405486613512039e-02 2.107149660587310791e-01 1.507776975631713867e-02 1.495334040373563766e-02 4.507843777537345886e-02 6.009986251592636108e-02 1.333136204630136490e-02 5.888628214597702026e-02 1.359978050459176302e-04 6.546238064765930176e-02 6.070910766720771790e-02 3.696658834815025330e-02 2.744914963841438293e-02 1.132131516933441162e-01 3.714397922158241272e-02 2.738580107688903809e-02 3.029712103307247162e-02 6.757483631372451782e-02 4.554872214794158936e-02 2.213058061897754669e-02 8.806429058313369751e-02 4.780473653227090836e-03 4.791650921106338501e-03 1.706493645906448364e-02 1.658363267779350281e-02 4.170566797256469727e-02 8.376348763704299927e-03 7.792392862029373646e-04 4.041648656129837036e-02 9.142320603132247925e-03 2.324524894356727600e-02 6.175041198730468750e-02 8.006922900676727295e-03 1.317922584712505341e-02 5.802982021123170853e-03 6.473770737648010254e-02 4.906386137008666992e-02 5.039116367697715759e-03 7.373430300503969193e-03 7.360817492008209229e-02
2.324327975511550903e-01 7.063607685267925262e-03 2.712128497660160065e-02 5.155493319034576416e-02 8.296369342133402824e-04 2.733546309173107147e-02 1.012900546193122864e-01 1.831955462694168091e-02 2.204515226185321808e-02 5.734151601791381836e-02 2.948849461972713470e-02 3.982940688729286194e-02 1.914595067501068115e-01 3.545361012220382690e-02 2.563439495861530304e-02 3.427490964531898499e-02 3.423855453729629517e-02 7.161824498325586319e-03 1.805853284895420074e-02 6.629376113414764404e-02 3.890160471200942993e-02 4.607800021767616272e-02 5.337343737483024597e-02 6.674766191281378269e-04 2.584268152713775635e-02 4.170100763440132141e-02 3.162868320941925049e-02 6.272919476032257080e-02 7.643686234951019287e-02 5.121527984738349915e-02 1.759576797485351562e-01 1.947177387773990631e-02 1.990478672087192535e-02 2.251145057380199432e-02 8.263217657804489136e-02 2.903843298554420471e-02 4.235493484884500504e-03 1.502520442008972168e-01 8.109986037015914917e-02 4.647989198565483093e-02 1.256642490625381470e-02 1.620976068079471588e-02 6.065291818231344223e-03 1.298098713159561157e-01 5.886965245008468628e-02 5.025301873683929443e-02 3.973072394728660583e-03 7.751771807670593262e-02 3.358062356710433960e-03 7.592409383505582809e-03 5.853608250617980957e-03 2.109690569341182709e-02 7.396066933870315552e-02 4.211112973280251026e-04 1.214599795639514923e-02 3.705172985792160034e-02 4.412607103586196899e-02 4.385757446289062500e-02 6.114523857831954956e-02 5.872477777302265167e-03 2.823352068662643433e-02 2.888707444071769714e-02 1.962244510650634766e-02 3.699460253119468689e-02 5.380695313215255737e-02 6.461648643016815186e-02 2.412446402013301849e-02 2.588042058050632477e-03 1.535943150520324707e-02 5.254547297954559326e-02 6.011473387479782104e-02 1.572048291563987732e-03 1.829373650252819061e-02 3.461933881044387817e-02 1.516077853739261627e-02 4.332925751805305481e-02 7.908899337053298950e-02 2.371429465711116791e-02 5.082806572318077087e-02 2.206822298467159271e-02 5.200723931193351746e-02 1.301063504070043564e-02 1.572711393237113953e-02 4.925806820392608643e-02 1.230133697390556335e-02 5.241072177886962891e-02 7.718543708324432373e-02 3.194081410765647888e-02 4.111267998814582825e-02 8.226977288722991943e-02 2.833284251391887665e-02 1.573409289121627808e-01 4.747093096375465393e-02 3.714091610163450241e-03 5.160856992006301880e-03 4.730498883873224258e-03 4.746559262275695801e-02 1.754118129611015320e-03 4.823815077543258667e-02 4.610779881477355957e-02 2.653665281832218170e-02 3.291564434766769409e-02 1.982123404741287231e-02 5.306439846754074097e-02 4.206106066703796387e-03 5.786583572626113892e-02 4.196039214730262756e-02 1.249396055936813354e-02 3.865996748208999634e-02 8.375178091228008270e-03 6.488034874200820923e-02 2.131908200681209564e-03 1.379874348640441895e-02 1.021169591695070267e-02 6.192345172166824341e-04 2.612042240798473358e-02
6.332512944936752319e-02 8.268550969660282135e-03 8.597888983786106110e-03 1.543702930212020874e-02 2.745603397488594055e-02 1.044707596302032471e-01 2.405247092247009277e-02 6.263754516839981079e-02 3.810108080506324768e-02 5.048484355211257935e-02 3.982940688729286194e-02 2.263383008539676666e-02 3.757174313068389893e-02 1.909175366163253784e-01 2.434798702597618103e-02 3.714706003665924072e-02 8.837777189910411835e-03 6.025058031082153320e-02 4.039965197443962097e-02 6.580203026533126831e-02 7.442019879817962646e-02 2.323645353317260742e-02 2.744488790631294250e-02 2.094654366374015808e-02 3.577334061264991760e-02 1.966411806643009186e-02 3.628206253051757812e-02 5.119238048791885376e-02 2.414458617568016052e-02 1.047186106443405151e-01 1.022783964872360229e-01 2.488180622458457947e-02 6.894312053918838501e-02 5.744481086730957031e-02 2.100929617881774902e-02 2.370466245338320732e-03 4.196821898221969604e-02 1.598258316516876221e-02 3.310096450150012970e-03 6.284073926508426666e-03 1.687129028141498566e-02 1.948503032326698303e-02 5.196204036474227905e-02 5.005199834704399109e-02 6.562922894954681396e-02 5.748960375785827637e-02 4.005945753306150436e-03 6.672739237546920776e-02 1.677750982344150543e-02 1.361832022666931152e-02 3.286885470151901245e-02 7.351551949977874756e-02 2.159550413489341736e-02 4.436354711651802063e-02 2.370296791195869446e-02 2.619700320065021515e-02 1.083009503781795502e-02 1.578303240239620209e-02 1.594467833638191223e-02 8.446210063993930817e-03 1.776088401675224304e-02 2.901715226471424103e-03 9.241641237167641521e-05 4.992664977908134460e-02 3.308288380503654480e-02 2.296659536659717560e-02 1.009433716535568237e-02 3.432387858629226685e-02 2.579129114747047424e-02 3.903111442923545837e-02 1.936663058586418629e-03 1.330185215920209885e-03 4.373988136649131775e-02 6.879339367151260376e-02 8.838460780680179596e-03 5.915469676256179810e-02 4.921832680702209473e-02 4.712985828518867493e-02 1.880848221480846405e-02 3.700564429163932800e-02 6.792695820331573486e-02 6.897496432065963745e-02 1.820292696356773376e-02 6.566207855939865112e-03 8.519445359706878662e-02 1.168253645300865173e-01 2.843797579407691956e-02 3.986172005534172058e-02 5.536324903368949890e-02 5.210644006729125977e-02 5.105454102158546448e-02 2.344227954745292664e-02 2.352337760385125875e-04 9.096968919038772583e-02 1.611401885747909546e-02 4.161616787314414978e-02 4.079135134816169739e-02 4.381071485113352537e-04 1.180410967208445072e-03 1.306453533470630646e-02 1.771228387951850891e-02 4.479853436350822449e-02 2.320550382137298584e-02 9.017929434776306152e-03 2.240107208490371704e-02 7.055675238370895386e-02 3.943297639489173889e-02 2.128126099705696106e-03 3.453334793448448181e-02 4.340940620750188828e-03 5.195325985550880432e-02 1.271883491426706314e-02 2.718494087457656860e-02 4.516857210546731949e-03 3.147407667711377144e-03 7.789529860019683838e-02
5.672473460435867310e-02 2.227349430322647095e-01 4.585677816066890955e-04 4.920979961752891541e-02 2.674556896090507507e-02 2.606193162500858307e-02 1.023575197905302048e-02 2.853662520647048950e-02 3.884141147136688232e-02 4.290649294853210449e-02 1.914595067501068115e-01 3.757174313068389893e-02 1.831361465156078339e-02 3.081534989178180695e-03 8.819753676652908325e-02 3.406436368823051453e-02 1.648215204477310181e-02 1.238683611154556274e-02 9.632165543735027313e-03 2.249825932085514069e-02 3.478355333209037781e-02 8.962446451187133789e-02 5.211843550205230713e-02 4.537552595138549805e-02 5.671759694814682007e-02 5.190930888056755066e-02 2.133308164775371552e-02 3.855329006910324097e-02 4.937905445694923401e-02 1.702445931732654572e-02 4.214010015130043030e-02 3.695464506745338440e-02 6.617554277181625366e-02 1.740928855724632740e-03 7.238605618476867676e-02 5.585866793990135193e-02 3.591213680920191109e-05 1.851105391979217529e-01 5.210804566740989685e-02 4.127352312207221985e-02 1.209583040326833725e-02 2.829314768314361572e-02 7.971946150064468384e-03 1.004852633923292160e-02 1.170807518064975739e-02 5.307139083743095398e-02 7.411116361618041992e-02 3.643975034356117249e-02 1.319728326052427292e-02 1.358876191079616547e-02 7.284614443778991699e-02 3.496112674474716187e-02 9.468111209571361542e-03 6.013280153274536133e-02 5.780578032135963440e-02 1.226569060236215591e-02 5.829382315278053284e-02 4.948739707469940186e-02 2.660286799073219299e-02 6.414728704839944839e-03 1.233317796140909195e-02 6.162452977150678635e-03 7.093749195337295532e-02 1.412622444331645966e-02 5.182961001992225647e-02 7.737500220537185669e-02 1.469960063695907593e-02 6.275784969329833984e-02 4.475349094718694687e-03 6.799204740673303604e-03 1.296070404350757599e-02 6.026132404804229736e-02 2.789801359176635742e-02 2.987881191074848175e-02 2.292894385755062103e-02 4.269222542643547058e-02 4.829586297273635864e-02 2.905276976525783539e-02 2.274013124406337738e-02 3.101625852286815643e-02 6.749739870429039001e-03 1.375749055296182632e-02 1.402156427502632141e-03 5.714179482311010361e-03 2.177294110879302025e-03 7.746155373752117157e-03 7.855202257633209229e-02 3.497414290904998779e-02 5.080120265483856201e-02 3.688855841755867004e-02 1.088875066488981247e-02 5.710025504231452942e-02 3.162253275513648987e-02 1.249029338359832764e-01 1.390599086880683899e-02 5.205161496996879578e-02 1.589906960725784302e-02 5.565338209271430969e-02 3.603274375200271606e-02 3.194862231612205505e-02 4.181139543652534485e-02 3.609460964798927307e-02 1.604052446782588959e-02 2.301983162760734558e-02 8.833365514874458313e-03 1.072096899151802063e-01 3.138202056288719177e-02 1.710853166878223419e-02 3.110306151211261749e-02 5.799600854516029358e-02 1.208653077483177185e-01 3.794107958674430847e-02 2.434900589287281036e-02 7.312735076993703842e-03 3.503854200243949890e-02 6.081813573837280273e-02
