1.728898584842681885e-01 1.755905747413635254e-01 1.787582598626613617e-02 2.516190987080335617e-03 3.399727866053581238e-02 1.888384222984313965e-01 1.435842216014862061e-01 1.444612536579370499e-02 5.669029429554939270e-02 1.419225987046957016e-02 1.380653381347656250e-01 2.483981288969516754e-02 1.134256422519683838e-01 6.772122345864772797e-03 2.180854044854640961e-02 1.342454180121421814e-02 6.601626984775066376e-03 7.548655569553375244e-02 5.728971585631370544e-02 4.198505356907844543e-02 3.292038291692733765e-02 4.060224816203117371e-02 1.955778710544109344e-02 5.178143037483096123e-04 2.368819154798984528e-02 1.658549299463629723e-03 2.149472385644912720e-02 2.187329716980457306e-02 7.733011245727539062e-02 3.924007341265678406e-02 1.238130219280719757e-02 1.037451438605785370e-03 7.790152449160814285e-03 1.284905825741589069e-03 6.757954601198434830e-03 2.013683505356311798e-02 1.179317757487297058e-02 5.216432362794876099e-02 1.202494464814662933e-02 5.596182774752378464e-03 3.731577191501855850e-03 2.391327172517776489e-03 2.031923085451126099e-02 2.043399028480052948e-02 1.914627477526664734e-02 6.491537392139434814e-02 1.253484040498733521e-01 5.886668222956359386e-04 1.667759381234645844e-02 1.719755306839942932e-02 1.465666480362415314e-02 5.586609710007905960e-03 1.198288146406412125e-02 4.933478310704231262e-03 2.089290693402290344e-02 1.936076581478118896e-02 3.744253143668174744e-02 2.371572889387607574e-03 1.016317121684551239e-02 1.315092574805021286e-02 1.919724047183990479e-02 1.537525560706853867e-03 1.189826242625713348e-02 4.308666288852691650e-02 2.229660190641880035e-02 7.218148093670606613e-03 4.201164841651916504e-02 3.638147562742233276e-02 3.230715543031692505e-02 3.208783641457557678e-02 2.241902053356170654e-02 1.298080012202262878e-02 3.860155818983912468e-03 5.064247921109199524e-02 1.966451108455657959e-02 6.304228305816650391e-02 2.157624810934066772e-02 1.509341690689325333e-02 2.244287170469760895e-02 1.545111089944839478e-02 2.707235049456357956e-03 3.527382761240005493e-02 5.416192486882209778e-02 4.489218443632125854e-02 4.791324026882648468e-03 1.659744791686534882e-02 5.348813906311988831e-02 5.794545263051986694e-02 1.152007747441530228e-02 3.532792627811431885e-02 3.345178207382559776e-03 3.993606567382812500e-02 9.199184179306030273e-02 3.133703768253326416e-02 4.222304560244083405e-03 6.912283599376678467e-03 2.638918347656726837e-02 3.133951872587203979e-02 1.772338710725307465e-02 1.372672524303197861e-02 5.578983109444379807e-03 1.389520941302180290e-03 1.191072445362806320e-02 7.768735755234956741e-03 2.326284069567918777e-03 5.744159594178199768e-02 3.254285082221031189e-02 5.508681759238243103e-02 1.331403199583292007e-02 8.708521723747253418e-03 4.082314670085906982e-03 2.100713551044464111e-02 1.699306257069110870e-02 1.805767044425010681e-02 6.282996386289596558e-02 4.172663763165473938e-02
1.755905747413635254e-01 1.901656985282897949e-01 2.528704516589641571e-02 6.562666967511177063e-03 9.740838780999183655e-03 1.980265229940414429e-01 1.760157644748687744e-01 6.724268314428627491e-04 4.519136250019073486e-02 2.875171042978763580e-02 1.255983859300613403e-01 9.214122779667377472e-03 1.207403391599655151e-01 1.632869802415370941e-02 2.065338753163814545e-02 2.210395969450473785e-02 8.150856010615825653e-03 5.123429000377655029e-02 4.631948098540306091e-02 4.384040459990501404e-02 2.963759005069732666e-02 5.387901142239570618e-02 3.789419308304786682e-02 5.712573416531085968e-03 2.656590938568115234e-02 3.102226182818412781e-03 5.984312854707241058e-03 4.736501350998878479e-02 9.301818907260894775e-02 8.274692110717296600e-03 1.997546106576919556e-02 4.102575592696666718e-03 3.314949944615364075e-02 1.915514236316084862e-03 3.304463461972773075e-04 1.926435343921184540e-02 1.335297897458076477e-02 1.191247068345546722e-02 8.167903870344161987e-03 2.202735096216201782e-02 1.917351037263870239e-03 1.764444634318351746e-02 2.606132812798023224e-02 3.283524140715599060e-02 3.155853133648633957e-03 3.851024806499481201e-02 1.254320144653320312e-01 1.291177608072757721e-02 1.471322495490312576e-02 3.512282390147447586e-03 3.903836244717240334e-03 2.599564753472805023e-02 3.156561776995658875e-02 2.141646482050418854e-02 1.973087899386882782e-03 1.264054793864488602e-02 3.809688240289688110e-02 4.755881801247596741e-02 1.555194519460201263e-02 5.952730425633490086e-04 1.050507836043834686e-02 7.823227904736995697e-03 4.882163181900978088e-02 3.535328805446624756e-02 2.810011617839336395e-02 8.126722648739814758e-03 4.075595736503601074e-02 4.376056417822837830e-02 1.143931411206722260e-02 1.064621936529874802e-02 3.463763371109962463e-02 1.043460052460432053e-02 3.918150812387466431e-02 2.327615628018975258e-03 2.546101249754428864e-02 3.031663224101066589e-02 1.152929104864597321e-02 3.260926157236099243e-02 3.461791947484016418e-02 2.764029614627361298e-02 1.027654390782117844e-02 1.293757464736700058e-02 8.487902581691741943e-02 4.352939315140247345e-03 1.978917233645915985e-02 7.329488638788461685e-03 3.310040384531021118e-02 6.317722052335739136e-02 3.374495357275009155e-02 3.488547727465629578e-02 2.331037074327468872e-02 1.668616384267807007e-02 7.063159346580505371e-02 3.522938862442970276e-02 1.831664890050888062e-02 1.453301589936017990e-02 1.969278417527675629e-02 5.235949996858835220e-03 5.687894765287637711e-03 1.063260715454816818e-02 7.580674253404140472e-03 1.137395040132105350e-03 4.215798340737819672e-03 4.848248325288295746e-03 4.481945186853408813e-02 9.267646074295043945e-02 4.228065535426139832e-02 6.454011797904968262e-02 2.665135450661182404e-02 1.666729897260665894e-02 1.487937290221452713e-02 2.907193452119827271e-02 3.449926152825355530e-02 9.013535454869270325e-03 1.282758265733718872e-02 6.520254164934158325e-02
1.787582598626613617e-02 2.528704516589641571e-02 5.111982673406600952e-02 3.628744557499885559e-02 3.962151333689689636e-02 4.132264852523803711e-02 1.935002021491527557e-02 1.082642003893852234e-01 2.307968912646174431e-03 1.881061866879463196e-02 7.589485030621290207e-03 3.911784663796424866e-02 1.111030578613281250e-02 3.184454143047332764e-02 6.317014805972576141e-03 1.301081199198961258e-02 5.623252363875508308e-04 4.198857396841049194e-02 2.941148169338703156e-02 3.552311565726995468e-03 2.035124227404594421e-02 3.946536406874656677e-02 4.990260116755962372e-03 6.612177006900310516e-03 1.572677679359912872e-02 3.215033188462257385e-02 4.171118885278701782e-02 1.985702291131019592e-02 3.117535263299942017e-02 1.169651001691818237e-02 3.265190171077847481e-04 2.638316340744495392e-02 2.598959952592849731e-02 3.621369600296020508e-02 3.351021558046340942e-02 2.712864428758621216e-02 2.480229549109935760e-02 4.540331661701202393e-02 5.298546049743890762e-03 4.252058640122413635e-02 2.127109840512275696e-02 2.715856768190860748e-02 8.940666913986206055e-03 1.044400706887245178e-01 1.977983303368091583e-02 4.763308912515640259e-02 4.109931644052267075e-03 1.838957145810127258e-02 2.615961432456970215e-02 3.407171741127967834e-02 3.594433143734931946e-02 4.111668840050697327e-02 7.645159494131803513e-03 5.157596431672573090e-03 5.467722192406654358e-02 4.411462321877479553e-02 2.397323586046695709e-02 5.436371639370918274e-02 6.835185736417770386e-02 1.625485718250274658e-02 4.981444031000137329e-02 3.101191669702529907e-02 2.290904056280851364e-03 2.860358916223049164e-02 3.014030121266841888e-02 1.395567506551742554e-02 9.600457735359668732e-03 4.685632511973381042e-02 7.867902517318725586e-03 5.368478130549192429e-03 5.793789750896394253e-04 1.501978188753128052e-02 4.536781832575798035e-02 3.752882033586502075e-02 1.642975024878978729e-02 8.472840301692485809e-03 5.441155750304460526e-03 2.298636175692081451e-02 5.900978576391935349e-04 4.521355777978897095e-02 1.253373920917510986e-01 6.477736681699752808e-02 3.797833621501922607e-02 1.127969659864902496e-02 3.423034679144620895e-03 1.302734203636646271e-02 3.425786644220352173e-02 2.292127162218093872e-02 2.451957762241363525e-02 1.659085042774677277e-02 2.442713826894760132e-03 4.048696905374526978e-02 2.416179701685905457e-02 9.404539130628108978e-03 1.940433867275714874e-02 8.353666402399539948e-03 4.398137703537940979e-02 7.442413829267024994e-03 2.321495302021503448e-02 4.118635132908821106e-02 2.661885693669319153e-03 3.435028949752449989e-03 1.927684620022773743e-02 2.993758069351315498e-03 2.605147846043109894e-02 3.663868457078933716e-02 6.440353579819202423e-03 2.806589007377624512e-02 1.404954120516777039e-03 1.586811803281307220e-02 4.651218652725219727e-02 4.439737275242805481e-02 1.445895805954933167e-02 9.634261950850486755e-03 4.306080192327499390e-02 6.279755383729934692e-02
2.516190987080335617e-03 6.562666967511177063e-03 3.628744557499885559e-02 1.074002310633659363e-01 2.094816565513610840e-01 5.616420507431030273e-02 2.591859735548496246e-02 5.162106754141859710e-05 2.437188103795051575e-02 7.011310011148452759e-02 2.423344366252422333e-02 4.284179955720901489e-02 1.025446504354476929e-02 7.836553454399108887e-02 3.478871658444404602e-02 1.692161150276660919e-02 2.185226231813430786e-02 5.202854052186012268e-02 1.354684829711914062e-01 2.861846052110195160e-02 3.646892309188842773e-02 2.297274023294448853e-02 7.118199951946735382e-03 2.117047458887100220e-02 1.239212288055568933e-04 4.494379682000726461e-04 3.216789290308952332e-02 5.124675855040550232e-02 2.601527422666549683e-02 4.915437661111354828e-03 1.415776088833808899e-02 3.509520739316940308e-02 2.893668785691261292e-02 2.113855816423892975e-02 6.773946434259414673e-02 2.785464376211166382e-02 2.338817529380321503e-02 4.561015591025352478e-02 1.513612866401672363e-01 5.105301737785339355e-02 4.719807207584381104e-02 1.894234679639339447e-02 2.469853684306144714e-02 2.055194787681102753e-02 2.562354132533073425e-02 2.710236236453056335e-02 4.470391571521759033e-02 1.127734966576099396e-02 4.235860891640186310e-03 4.592888429760932922e-02 9.610193781554698944e-03 1.389289554208517075e-02 7.133990526199340820e-03 1.077691093087196350e-02 4.101476818323135376e-02 8.713057264685630798e-03 8.880712836980819702e-02 1.329289749264717102e-02 2.185930684208869934e-02 5.319816619157791138e-02 1.188731715083122253e-01 5.546244233846664429e-02 1.386975590139627457e-02 3.645450342446565628e-03 1.795006915926933289e-02 1.625673845410346985e-02 2.188123017549514771e-02 2.386095002293586731e-02 4.983328655362129211e-02 1.387776993215084076e-02 3.383542224764823914e-02 1.591674517840147018e-03 2.124514132738113403e-01 3.584853606298565865e-03 1.186212077736854553e-01 1.222709473222494125e-02 4.729435965418815613e-02 7.010001689195632935e-02 8.390093222260475159e-03 5.120496451854705811e-02 1.237015053629875183e-02 3.099348023533821106e-02 9.266519546508789062e-02 1.387801393866539001e-02 4.577315598726272583e-02 4.330835863947868347e-02 1.560231391340494156e-02 2.102792821824550629e-02 1.289772894233465195e-02 7.302109152078628540e-02 2.813870646059513092e-02 3.446704149246215820e-02 4.460568353533744812e-02 4.145700111985206604e-02 7.111822813749313354e-02 7.962554693222045898e-03 3.749684989452362061e-02 3.165983781218528748e-02 1.103204209357500076e-02 8.514767512679100037e-03 2.431904338300228119e-02 3.254814445972442627e-02 1.640637591481208801e-02 1.017185859382152557e-02 3.669341560453176498e-03 7.373137865215539932e-03 4.259651154279708862e-02 5.213006865233182907e-03 3.572221100330352783e-02 2.813169732689857483e-03 2.857740409672260284e-02 4.623535275459289551e-02 4.199812561273574829e-02 2.187362685799598694e-02 3.899572044610977173e-02 3.343551605939865112e-02
3.399727866053581238e-02 9.740838780999183655e-03 3.962151333689689636e-02 2.094816565513610840e-01 1.355738192796707153e-01 1.590198464691638947e-02 2.719489671289920807e-02 1.901345886290073395e-02 5.849134176969528198e-02 2.836919389665126801e-02 3.626846149563789368e-02 1.963886246085166931e-02 2.902573905885219574e-02 8.672846853733062744e-02 2.437801798805594444e-03 3.831011801958084106e-02 8.679418824613094330e-03 9.723743051290512085e-02 1.370434463024139404e-01 5.782955326139926910e-03 1.953843981027603149e-03 4.747406020760536194e-02 1.498741284012794495e-02 3.618333861231803894e-02 3.308835625648498535e-02 4.471932351589202881e-02 2.237779647111892700e-02 4.053065925836563110e-02 2.153900824487209320e-02 4.021651670336723328e-02 1.011188793927431107e-02 2.229591831564903259e-02 3.024906478822231293e-02 4.320704564452171326e-02 1.633362961001694202e-03 1.445800345391035080e-02 4.496900737285614014e-02 5.086127296090126038e-02 1.463622301816940308e-01 1.548529416322708130e-01 1.454820018261671066e-02 1.481257751584053040e-02 3.295075520873069763e-02 5.492959171533584595e-03 5.287089943885803223e-02 3.234240412712097168e-02 4.584307596087455750e-02 1.307615451514720917e-02 2.454929798841476440e-02 3.577646799385547638e-03 1.878498308360576630e-02 1.180296950042247772e-02 6.952395197004079819e-03 5.131857004016637802e-03 1.775502413511276245e-02 3.171318396925926208e-02 5.270928516983985901e-02 4.692692309617996216e-02 1.732239685952663422e-02 3.496879435260780156e-05 1.409413665533065796e-02 5.743766948580741882e-02 2.329631336033344269e-02 6.477736681699752808e-02 5.657744128257036209e-03 7.087998092174530029e-03 2.117014676332473755e-02 1.601134426891803741e-02 6.006206944584846497e-02 1.414940599352121353e-02 2.196007594466209412e-02 3.617722913622856140e-02 1.412764005362987518e-02 1.042533107101917267e-02 1.121088489890098572e-01 6.807760894298553467e-02 8.249224722385406494e-02 1.960365287959575653e-02 2.493915706872940063e-02 5.357403308153152466e-02 1.962468586862087250e-02 1.783091342076659203e-03 7.082853466272354126e-02 1.968996971845626831e-01 2.297699637711048126e-02 1.489463727921247482e-02 4.112504422664642334e-03 1.342076528817415237e-02 6.883797049522399902e-02 3.046379610896110535e-02 7.854362018406391144e-03 1.647117361426353455e-02 7.970022968947887421e-03 2.155700325965881348e-02 5.662067234516143799e-02 3.296431154012680054e-02 7.405863702297210693e-02 9.774588979780673981e-03 4.584790766239166260e-02 4.184532910585403442e-02 2.417018264532089233e-02 1.098416093736886978e-02 3.046133555471897125e-02 5.024908110499382019e-02 6.803188472986221313e-02 4.688867554068565369e-02 2.360260300338268280e-02 5.504262167960405350e-03 3.891808539628982544e-02 5.785660818219184875e-02 6.837596744298934937e-02 4.446130990982055664e-02 7.363702170550823212e-03 2.757503464818000793e-02 2.871320582926273346e-02 2.275765687227249146e-02
1.888384222984313965e-01 1.980265229940414429e-01 4.132264852523803711e-02 5.616420507431030273e-02 1.590198464691638947e-02 2.319350242614746094e-01 2.015545070171356201e-01 4.273444786667823792e-02 8.007828146219253540e-02 1.836696080863475800e-02 1.152440160512924194e-01 1.563137471675872803e-01 1.154899671673774719e-01 9.914242476224899292e-02 2.489073760807514191e-02 1.563735865056514740e-02 1.580952666699886322e-02 6.041507795453071594e-02 1.104131224565207958e-03 1.884628273546695709e-02 9.047647006809711456e-03 1.120514608919620514e-02 1.753995381295681000e-02 1.210398506373167038e-02 2.652697265148162842e-03 3.129134885966777802e-03 9.921827912330627441e-02 9.735343605279922485e-02 5.092857778072357178e-02 8.269849419593811035e-02 2.942648530006408691e-02 1.361057814210653305e-02 4.912062734365463257e-02 6.309633608907461166e-04 1.431203819811344147e-02 8.978539146482944489e-03 1.903758943080902100e-02 5.735938996076583862e-02 2.399218641221523285e-02 1.382674183696508408e-02 1.544288545846939087e-02 2.197984047234058380e-02 4.430508613586425781e-02 1.641310192644596100e-02 1.199678238481283188e-02 6.265098601579666138e-02 1.665299981832504272e-01 4.054234304931014776e-04 4.068501293659210205e-02 5.889594554901123047e-02 6.350332871079444885e-03 3.516634553670883179e-02 3.431677445769309998e-02 3.113971091806888580e-02 1.747609116137027740e-02 1.442096754908561707e-02 1.021277252584695816e-02 6.452570110559463501e-02 2.307827398180961609e-02 4.312952049076557159e-03 1.615681499242782593e-02 6.447745114564895630e-02 2.485243603587150574e-02 1.644189283251762390e-02 3.023258037865161896e-02 5.459162406623363495e-03 2.589451521635055542e-02 2.115292288362979889e-02 4.679293371737003326e-03 8.537552505731582642e-02 3.178980946540832520e-02 2.461906895041465759e-02 3.334985300898551941e-02 4.899452626705169678e-02 2.155718207359313965e-02 1.809890940785408020e-02 2.388125844299793243e-02 3.959622979164123535e-02 3.386122733354568481e-02 3.710853308439254761e-02 3.133744746446609497e-02 1.191889960318803787e-02 9.087830036878585815e-02 1.521803345531225204e-02 1.634535752236843109e-02 1.854355074465274811e-02 5.635900422930717468e-02 6.571769714355468750e-02 1.295168697834014893e-01 8.506610244512557983e-02 7.465569302439689636e-03 4.005272872745990753e-03 8.247358351945877075e-02 9.473551064729690552e-03 2.300267666578292847e-02 1.367392949759960175e-02 2.837422490119934082e-02 2.900617569684982300e-02 2.897207066416740417e-02 4.139159992337226868e-02 1.753743737936019897e-02 4.058767482638359070e-02 7.880737632513046265e-02 1.189143117517232895e-02 5.788518860936164856e-02 9.047866612672805786e-02 1.885711960494518280e-02 5.998882651329040527e-02 4.708278924226760864e-03 2.869945764541625977e-02 4.299645312130451202e-03 1.336831320077180862e-02 5.672725848853588104e-03 1.663114130496978760e-02 6.343143433332443237e-02 1.985036302357912064e-03
1.435842216014862061e-01 1.760157644748687744e-01 1.935002021491527557e-02 2.591859735548496246e-02 2.719489671289920807e-02 2.015545070171356201e-01 2.517895996570587158e-01 3.304608538746833801e-02 5.241996049880981445e-02 6.100420281291007996e-02 9.303452819585800171e-02 1.068207807838916779e-02 1.310197114944458008e-01 7.772524654865264893e-02 1.929697580635547638e-02 1.534917578101158142e-02 1.243321318179368973e-02 1.373658701777458191e-02 9.942665696144104004e-03 2.948777005076408386e-02 2.642363682389259338e-02 2.306271158158779144e-02 7.434898056089878082e-03 5.767346825450658798e-03 7.024160120636224747e-03 2.352306991815567017e-02 3.196275606751441956e-02 1.539014838635921478e-02 6.922481209039688110e-02 1.233531348407268524e-02 1.034533381462097168e-01 1.629631966352462769e-02 6.656944751739501953e-02 1.520892605185508728e-02 4.858094453811645508e-02 2.267584018409252167e-02 4.564819391816854477e-03 2.905998937785625458e-02 1.524943672120571136e-02 3.630973026156425476e-02 4.492845758795738220e-02 2.776950784027576447e-02 2.082926034927368164e-02 6.373594980686903000e-03 6.319811195135116577e-02 3.912795707583427429e-02 1.481101214885711670e-01 1.084552481770515442e-01 1.032138336449861526e-02 2.111110091209411621e-02 3.131349757313728333e-02 5.891880765557289124e-02 1.388455129927024245e-04 2.713942714035511017e-02 1.191368978470563889e-02 1.667494513094425201e-02 5.393985658884048462e-02 4.593904130160808563e-03 3.205448761582374573e-02 1.774018630385398865e-02 2.229486033320426941e-02 1.213958580046892166e-02 7.150132209062576294e-02 3.763429448008537292e-02 9.228640701621770859e-04 6.712254136800765991e-02 1.321110874414443970e-03 2.579623647034168243e-02 2.831648476421833038e-02 4.194658249616622925e-02 2.451215311884880066e-02 1.402945443987846375e-02 6.113871932029724121e-02 2.496079728007316589e-02 1.719781383872032166e-02 1.857017166912555695e-02 3.891232237219810486e-02 2.696676738560199738e-02 2.679716795682907104e-02 2.632551267743110657e-02 2.155424095690250397e-02 3.760106116533279419e-02 6.332670152187347412e-02 6.092892587184906006e-02 2.319268649443984032e-03 7.101675961166620255e-03 9.426735341548919678e-03 5.536182969808578491e-02 2.002453058958053589e-02 2.404902689158916473e-02 4.385172575712203979e-02 3.512929379940032959e-02 3.985743597149848938e-02 4.025899618864059448e-02 1.102229207754135132e-02 1.888250000774860382e-03 3.297549113631248474e-02 5.947619210928678513e-03 3.866121172904968262e-02 3.957699239253997803e-02 2.466060779988765717e-02 1.050881110131740570e-03 4.017568752169609070e-02 9.604908525943756104e-03 9.368074685335159302e-02 9.349842369556427002e-02 3.304350748658180237e-02 3.693182393908500671e-02 2.253714017570018768e-02 6.995709985494613647e-02 3.400441026315093040e-03 8.435258641839027405e-04 1.256951037794351578e-02 2.720614662393927574e-03 8.006532490253448486e-02 3.794771153479814529e-03
1.444612536579370499e-02 6.724268314428627491e-04 1.082642003893852234e-01 5.162106754141859710e-05 1.901345886290073395e-02 4.273444786667823792e-02 3.304608538746833801e-02 9.313301742076873779e-02 5.223995074629783630e-02 3.483769297599792480e-02 2.161692082881927490e-02 3.377300873398780823e-02 2.050299942493438721e-02 1.534183602780103683e-02 7.939635217189788818e-02 1.504160277545452118e-02 6.595963612198829651e-03 3.502191603183746338e-02 3.954290598630905151e-02 1.312044542282819748e-02 5.232208874076604843e-03 4.028780758380889893e-02 3.777419775724411011e-02 2.413024939596652985e-02 7.125698495656251907e-03 3.876132890582084656e-02 2.116828225553035736e-02 4.290984570980072021e-02 2.653109841048717499e-02 3.478678874671459198e-03 1.661250554025173187e-02 2.447274280712008476e-03 1.936368271708488464e-02 1.664152368903160095e-03 2.119389735162258148e-02 3.927512839436531067e-02 3.522082045674324036e-02 6.414873898029327393e-02 2.649850025773048401e-02 3.225830942392349243e-02 4.602386802434921265e-02 1.023049117065966129e-03 2.523511275649070740e-02 3.121727518737316132e-02 5.632388591766357422e-02 9.213271550834178925e-04 2.733568102121353149e-02 3.235401213169097900e-02 9.541776962578296661e-03 4.755934234708547592e-03 3.583676740527153015e-02 3.111112862825393677e-02 3.903706371784210205e-02 1.773426681756973267e-02 3.599962964653968811e-02 1.085948012769222260e-02 1.811434887349605560e-02 1.914941146969795227e-02 4.709737375378608704e-02 2.735179476439952850e-02 1.334541197866201401e-02 1.236390322446823120e-03 1.595474779605865479e-02 1.731342449784278870e-02 4.138284921646118164e-02 9.752901270985603333e-03 2.548947464674711227e-03 7.451372686773538589e-03 7.715368643403053284e-03 8.064729720354080200e-02 3.669500118121504784e-03 2.268938347697257996e-02 9.501415188424289227e-04 1.810768269933760166e-03 8.331544697284698486e-03 1.502950116991996765e-02 3.790545277297496796e-03 1.207060553133487701e-02 2.959278039634227753e-02 5.737936124205589294e-03 6.207713112235069275e-02 8.500987291336059570e-02 3.933610767126083374e-02 1.161917112767696381e-02 1.830612868070602417e-02 1.321836956776678562e-03 6.308189034461975098e-02 6.900715827941894531e-02 1.429053582251071930e-02 7.071489468216896057e-03 1.910916343331336975e-02 4.555278271436691284e-02 2.849071100354194641e-02 1.403036992996931076e-02 1.914383610710501671e-03 6.631334545090794563e-04 1.181768719106912613e-02 1.295405626296997070e-02 8.721995167434215546e-03 6.632518954575061798e-03 9.856568649411201477e-03 8.058205130510032177e-04 8.743701502680778503e-03 8.066333830356597900e-04 3.582729957997798920e-03 2.762025035917758942e-02 3.391359746456146240e-02 2.521555637940764427e-03 7.157357409596443176e-03 8.772443048655986786e-03 4.860549047589302063e-02 3.835977613925933838e-02 7.814220152795314789e-03 1.242151111364364624e-02 1.065244972705841064e-01 8.645378053188323975e-02
5.669029429554939270e-02 4.519136250019073486e-02 2.307968912646174431e-03 2.437188103795051575e-02 5.849134176969528198e-02 8.007828146219253540e-02 5.241996049880981445e-02 5.223995074629783630e-02 7.314138114452362061e-02 1.149854585528373718e-01 2.260358072817325592e-02 7.619407027959823608e-02 6.365149747580289841e-03 6.489770952612161636e-03 2.910478785634040833e-02 1.386431418359279633e-02 1.549310702830553055e-02 8.138482272624969482e-02 4.793635383248329163e-02 3.629532456398010254e-02 1.645917817950248718e-02 5.286849290132522583e-02 5.765847116708755493e-02 6.055876985192298889e-02 1.225515268743038177e-02 7.306849118322134018e-03 1.519736927002668381e-02 6.183096393942832947e-02 6.865426898002624512e-02 4.157055914402008057e-02 6.761875748634338379e-02 1.805982552468776703e-02 4.035270214080810547e-02 1.423812843859195709e-02 3.356954827904701233e-02 3.295299131423234940e-03 2.195568988099694252e-03 4.949973523616790771e-02 1.879780367016792297e-02 1.923718675971031189e-02 3.801028057932853699e-02 8.857211470603942871e-02 4.395727813243865967e-02 1.704040355980396271e-02 1.828095912933349609e-01 4.002675786614418030e-02 9.535787627100944519e-03 6.663312017917633057e-02 1.150989308953285217e-01 1.312494929879903793e-02 1.192114222794771194e-02 4.334968701004981995e-02 6.563562899827957153e-03 1.353088207542896271e-02 1.637068390846252441e-01 4.577513411641120911e-02 2.913174219429492950e-02 2.277710707858204842e-03 2.356074377894401550e-02 1.172483805567026138e-02 2.916290424764156342e-02 1.749580958858132362e-03 2.378113195300102234e-02 5.167373269796371460e-02 5.491503328084945679e-02 7.454105466604232788e-02 1.464465074241161346e-02 3.290215134620666504e-02 3.036160208284854889e-02 1.017613187432289124e-01 4.712177067995071411e-02 2.258138358592987061e-02 2.506413124501705170e-02 6.689865887165069580e-02 1.037446036934852600e-02 3.030205518007278442e-02 1.355117112398147583e-01 4.155246540904045105e-02 8.091664314270019531e-02 4.003365710377693176e-02 1.798871345818042755e-02 5.350117385387420654e-02 3.903324156999588013e-02 6.973825395107269287e-02 8.634931407868862152e-03 2.312299981713294983e-02 1.396161690354347229e-02 3.603625576943159103e-03 7.778555154800415039e-02 3.431788831949234009e-02 2.397501282393932343e-02 1.849486841820180416e-03 8.261282346211373806e-04 3.878104314208030701e-02 8.105753920972347260e-03 2.480040676891803741e-02 2.124467678368091583e-02 5.368719249963760376e-02 2.204280532896518707e-02 1.223188708536326885e-03 8.907435461878776550e-03 1.073499117046594620e-02 1.549497805535793304e-02 4.055882617831230164e-02 1.186340814456343651e-03 3.601965308189392090e-02 1.803169213235378265e-02 4.477639868855476379e-02 1.022377330809831619e-02 6.626019626855850220e-02 1.963763870298862457e-02 1.056389603763818741e-02 7.271493226289749146e-02 4.258860647678375244e-02 4.865831509232521057e-02 2.381652966141700745e-02
1.419225987046957016e-02 2.875171042978763580e-02 1.881061866879463196e-02 7.011310011148452759e-02 2.836919389665126801e-02 1.836696080863475800e-02 6.100420281291007996e-02 3.483769297599792480e-02 1.149854585528373718e-01 9.039326757192611694e-02 9.447468444705009460e-03 2.353419736027717590e-02 4.876125231385231018e-02 5.875141173601150513e-02 3.848425671458244324e-02 3.779001708608120680e-04 5.120404064655303955e-02 1.224109809845685959e-02 1.965866088867187500e-01 4.377635568380355835e-02 6.292551010847091675e-02 2.059687487781047821e-02 2.064030617475509644e-02 8.204966038465499878e-02 3.546292334794998169e-02 6.994806975126266479e-02 2.749635092914104462e-02 5.330914165824651718e-03 3.247767221182584763e-03 6.096926983445882797e-03 4.912528092972934246e-04 1.369343884289264679e-02 3.725552186369895935e-02 5.404209345579147339e-02 4.717279225587844849e-02 4.476067144423723221e-03 3.917890042066574097e-02 3.394673764705657959e-02 4.432423412799835205e-02 7.359628565609455109e-03 1.991879381239414215e-02 2.336560748517513275e-02 1.270576473325490952e-02 1.535419467836618423e-02 9.376442432403564453e-02 2.659999392926692963e-02 2.007566578686237335e-02 9.064056910574436188e-03 5.447682738304138184e-02 1.880000382661819458e-01 1.312465686351060867e-02 6.777661293745040894e-02 1.324453298002481461e-02 5.006869789212942123e-03 4.896209761500358582e-02 1.653236895799636841e-01 2.462070435285568237e-02 6.154117360711097717e-02 2.586716786026954651e-02 1.116544008255004883e-02 5.827337130904197693e-02 3.562903776764869690e-02 9.512209892272949219e-02 4.863445460796356201e-02 2.921103499829769135e-03 2.349121728911995888e-03 6.223841104656457901e-03 1.503544487059116364e-02 5.407824367284774780e-02 5.988042056560516357e-02 4.069770872592926025e-02 7.048520445823669434e-02 2.955535054206848145e-02 3.316827118396759033e-02 2.769662812352180481e-02 3.766043111681938171e-02 2.770895324647426605e-02 1.270989477634429932e-01 1.564132608473300934e-02 7.788909971714019775e-02 3.087143227458000183e-02 3.343599149957299232e-03 7.025920599699020386e-02 5.794561281800270081e-02 1.755563728511333466e-02 5.619156360626220703e-02 3.320042788982391357e-02 1.937392540276050568e-02 6.764128059148788452e-02 8.967859670519828796e-03 1.407567039132118225e-02 7.910259813070297241e-02 1.474254205822944641e-02 5.179389193654060364e-02 1.523484382778406143e-02 1.464413758367300034e-02 5.228045210242271423e-02 2.314507402479648590e-02 4.465378820896148682e-02 9.057544171810150146e-03 2.093873731791973114e-02 3.215146809816360474e-02 9.823720902204513550e-03 3.338956460356712341e-02 2.673555910587310791e-02 4.624713584780693054e-02 3.640190698206424713e-03 1.063208002597093582e-02 2.389805205166339874e-02 3.555230796337127686e-02 2.965303882956504822e-02 2.178018726408481598e-02 6.031538941897451878e-04 3.316610679030418396e-02 3.637278452515602112e-02 4.281341284513473511e-02
1.380653381347656250e-01 1.255983859300613403e-01 7.589485030621290207e-03 2.423344366252422333e-02 3.626846149563789368e-02 1.152440160512924194e-01 9.303452819585800171e-02 2.161692082881927490e-02 2.260358072817325592e-02 9.447468444705009460e-03 1.591318994760513306e-01 5.272752419114112854e-02 1.106586828827857971e-01 2.499636076390743256e-02 2.252582646906375885e-02 1.639430783689022064e-02 2.054024487733840942e-02 6.951612234115600586e-02 1.279510930180549622e-02 2.425417862832546234e-02 3.437009826302528381e-02 5.807656049728393555e-02 8.841543458402156830e-04 1.974434033036231995e-02 2.601507585495710373e-04 4.547203704714775085e-02 1.830364950001239777e-02 2.565499581396579742e-02 3.068792074918746948e-02 9.620547294616699219e-03 2.491171285510063171e-02 3.521178290247917175e-02 5.496366322040557861e-02 1.923466473817825317e-02 3.066540509462356567e-02 4.288513585925102234e-02 4.572002962231636047e-02 2.440160326659679413e-02 1.631581969559192657e-02 2.385957632213830948e-03 1.211945060640573502e-02 8.776722475886344910e-03 4.225456342101097107e-02 2.830529585480690002e-03 3.236434608697891235e-02 1.469114795327186584e-02 8.557961881160736084e-02 4.425371438264846802e-02 4.095405712723731995e-02 1.173795480281114578e-02 2.710481733083724976e-02 1.406099926680326462e-02 3.001958690583705902e-02 2.269124798476696014e-02 1.967131532728672028e-02 3.539808560162782669e-03 2.131822705268859863e-02 4.974852129817008972e-02 4.277640953660011292e-02 4.804878309369087219e-02 7.268588989973068237e-02 7.538085337728261948e-03 3.071039728820323944e-02 2.957741916179656982e-02 6.475526839494705200e-02 4.789515584707260132e-02 1.757926773279905319e-03 4.937209561467170715e-02 3.215721994638442993e-02 7.522868923842906952e-03 2.133926749229431152e-02 8.029920607805252075e-02 1.366491778753697872e-03 7.269673980772495270e-03 1.728245615959167480e-02 9.483707137405872345e-03 2.899287501350045204e-04 4.390786867588758469e-03 7.795221172273159027e-03 2.146727778017520905e-02 3.934887703508138657e-03 4.081968218088150024e-02 3.852697834372520447e-02 6.101808510720729828e-03 2.509511075913906097e-02 9.656067937612533569e-03 3.424895182251930237e-02 3.459889441728591919e-02 4.335611686110496521e-02 1.769630121998488903e-03 4.747972637414932251e-02 6.600920110940933228e-02 1.375323068350553513e-02 2.567368745803833008e-02 2.833788469433784485e-02 4.034482687711715698e-02 1.674189046025276184e-02 2.112111076712608337e-02 1.514261867851018906e-02 7.721163332462310791e-03 4.433945566415786743e-02 4.112941399216651917e-02 1.720517873764038086e-02 1.170214638113975525e-02 4.556581005454063416e-02 5.761725828051567078e-02 4.256862215697765350e-03 1.423929445445537567e-02 2.088591270148754120e-02 4.545300453901290894e-02 5.326908547431230545e-03 1.141462242230772972e-03 4.216242581605911255e-02 1.127572031691670418e-03 8.238618075847625732e-02 3.658093139529228210e-02
2.483981288969516754e-02 9.214122779667377472e-03 3.911784663796424866e-02 4.284179955720901489e-02 1.963886246085166931e-02 1.563137471675872803e-01 1.068207807838916779e-02 3.377300873398780823e-02 7.619407027959823608e-02 2.353419736027717590e-02 5.272752419114112854e-02 1.748380810022354126e-01 7.385025918483734131e-02 2.879292070865631104e-01 1.798936282284557819e-03 1.238307729363441467e-02 2.012042514979839325e-02 5.546313524246215820e-02 5.504563916474580765e-03 3.943799063563346863e-03 3.807559236884117126e-02 1.070689503103494644e-02 4.721699282526969910e-02 5.599540472030639648e-02 2.074409648776054382e-02 1.776293292641639709e-02 1.228463184088468552e-02 2.010785788297653198e-01 8.515251427888870239e-02 2.074700742959976196e-01 8.831679075956344604e-02 2.164039947092533112e-02 2.100096549838781357e-03 1.782316528260707855e-02 1.772001758217811584e-02 3.984755277633666992e-02 2.511003799736499786e-02 3.591361269354820251e-02 4.880822263658046722e-03 2.004035934805870056e-02 3.072466887533664703e-02 4.266669973731040955e-03 8.883662521839141846e-03 1.645318977534770966e-02 5.551552399992942810e-02 7.507422473281621933e-03 8.113388903439044952e-03 1.557136047631502151e-02 1.675191894173622131e-02 7.174201309680938721e-02 2.007074467837810516e-02 4.324007034301757812e-02 4.304396919906139374e-03 8.809367194771766663e-03 2.767762355506420135e-02 3.506615292280912399e-03 3.987551853060722351e-02 3.400329500436782837e-02 9.008874185383319855e-04 6.420257501304149628e-03 2.522936090826988220e-02 1.129668299108743668e-02 2.940616942942142487e-02 4.324698820710182190e-02 5.361517891287803650e-02 6.741065299138426781e-04 3.815348818898200989e-02 4.935256391763687134e-02 7.615191861987113953e-03 3.610855713486671448e-02 5.588228255510330200e-02 4.540483281016349792e-02 9.319631755352020264e-02 4.953171685338020325e-02 3.016679733991622925e-02 1.195183210074901581e-02 1.749960146844387054e-02 3.682729229331016541e-02 1.213682466186583042e-03 6.890704482793807983e-02 4.985298961400985718e-03 1.115528307855129242e-02 4.678736999630928040e-02 9.520281106233596802e-02 4.276926070451736450e-02 5.869677662849426270e-02 2.311426401138305664e-02 1.688521169126033783e-02 1.724629998207092285e-01 1.434003859758377075e-01 6.750882416963577271e-02 1.061413623392581940e-02 3.605691716074943542e-02 2.363374643027782440e-02 1.351675204932689667e-02 2.758475765585899353e-02 4.397093877196311951e-02 6.905435770750045776e-02 2.718850411474704742e-02 4.127169959247112274e-03 1.586614362895488739e-02 2.379186451435089111e-02 4.583143815398216248e-02 5.481793731451034546e-02 4.919063299894332886e-02 4.965760931372642517e-02 2.151719108223915100e-02 3.748691827058792114e-02 2.903477475047111511e-02 5.619176104664802551e-02 1.624664850533008575e-02 5.072221904993057251e-02 3.609457239508628845e-02 1.843713037669658661e-02 1.350024621933698654e-02 4.190656170248985291e-02
1.134256422519683838e-01 1.207403391599655151e-01 1.111030578613281250e-02 1.025446504354476929e-02 2.902573905885219574e-02 1.154899671673774719e-01 1.310197114944458008e-01 2.050299942493438721e-02 6.365149747580289841e-03 4.876125231385231018e-02 1.106586828827857971e-01 7.385025918483734131e-02 1.957973390817642212e-01 2.217910718172788620e-03 2.977675944566726685e-02 3.007197054103016853e-03 2.076823636889457703e-02 4.514136165380477905e-02 1.789250597357749939e-02 2.149469032883644104e-02 3.133886307477951050e-02 5.831474438309669495e-02 1.468158978968858719e-02 1.991579867899417877e-02 1.605304190889000893e-03 3.564228489995002747e-02 4.153440520167350769e-02 2.023602463304996490e-02 1.359045505523681641e-02 1.671259291470050812e-02 3.962218295782804489e-03 2.984397299587726593e-02 4.051798209547996521e-02 2.489048987627029419e-02 2.090510725975036621e-02 5.875646136701107025e-03 2.568348497152328491e-02 1.147765293717384338e-02 1.893979031592607498e-03 8.779484196566045284e-04 3.917806316167116165e-03 2.162356860935688019e-02 1.184872537851333618e-02 4.691843874752521515e-03 1.773852482438087463e-02 9.541770443320274353e-03 9.684848785400390625e-02 8.524496853351593018e-02 3.233488276600837708e-02 3.827397525310516357e-02 9.929204359650611877e-03 3.500237315893173218e-02 6.672478746622800827e-03 2.373647689819335938e-02 3.261141479015350342e-02 2.006876096129417419e-02 2.735226787626743317e-02 5.698210443370044231e-04 2.884217537939548492e-02 4.303461313247680664e-02 2.642708271741867065e-02 1.620959490537643433e-02 4.886797796643804759e-06 4.025689885020256042e-02 3.305943310260772705e-02 8.213180303573608398e-02 5.908581893891096115e-03 3.859249129891395569e-02 1.857869327068328857e-02 2.708043716847896576e-02 2.892866171896457672e-02 9.062111377716064453e-03 8.648237213492393494e-03 2.137331850826740265e-02 1.119670551270246506e-02 4.574789479374885559e-02 3.617508336901664734e-03 2.655531652271747589e-02 2.581812255084514618e-02 1.690530776977539062e-02 1.672776602208614349e-02 2.905797399580478668e-02 3.436221927404403687e-02 9.799818508327007294e-03 2.108896337449550629e-02 5.282301921397447586e-03 2.873428538441658020e-02 7.048671692609786987e-02 3.904861956834793091e-02 2.983118221163749695e-02 3.165129199624061584e-02 8.353102952241897583e-03 3.907153755426406860e-02 8.931408077478408813e-02 1.072682254016399384e-02 1.912619918584823608e-02 5.432936176657676697e-02 7.814968936145305634e-03 3.965702373534440994e-03 9.195591323077678680e-03 1.162523590028285980e-02 3.127397596836090088e-02 1.775461062788963318e-02 1.602345705032348633e-02 2.246057242155075073e-02 3.285956010222434998e-02 1.754281669855117798e-02 2.035997249186038971e-02 4.537394735962152481e-03 4.004168137907981873e-02 1.885781064629554749e-02 5.845743231475353241e-03 2.073256298899650574e-02 3.675715997815132141e-02 3.921969980001449585e-02 5.913597345352172852e-02
