1.641049683094024658e-01 9.996615350246429443e-02 1.408720482140779495e-02 6.658884137868881226e-02 9.927951544523239136e-02 6.099452078342437744e-02 9.381340816617012024e-03 3.989933803677558899e-02 1.722667180001735687e-02 8.757010073168203235e-05 6.166080012917518616e-02 4.343329463154077530e-03 5.930311605334281921e-02 1.120417844504117966e-02 3.576230257749557495e-02 3.213308379054069519e-02 1.635563001036643982e-02 3.625492006540298462e-02 3.554006293416023254e-02 2.886399812996387482e-02 4.032093659043312073e-02 3.074702247977256775e-02 4.301358480006456375e-03 7.076383917592465878e-04 2.690424025058746338e-02 2.988692186772823334e-02 3.294773027300834656e-02 4.098260030150413513e-02 4.187197983264923096e-02 6.852372735738754272e-02 6.223763898015022278e-02 1.514374930411577225e-02 1.001008320599794388e-02 2.696114592254161835e-03 1.015158253721892834e-03 3.789636492729187012e-02 3.534147888422012329e-02 3.636702895164489746e-02 1.894794218242168427e-02 4.316269233822822571e-02 1.468346454203128815e-02 3.626161441206932068e-02 1.198076549917459488e-02 3.653619065880775452e-02 9.633650071918964386e-03 1.650243252515792847e-02 2.823251858353614807e-02 7.255480624735355377e-03 3.617557883262634277e-02 1.859087310731410980e-02 1.449356041848659515e-02 4.454684443771839142e-03 2.796093467622995377e-03 9.139100089669227600e-03 1.937379501760005951e-02 7.912909612059593201e-03 2.260829880833625793e-02 4.492957144975662231e-03 9.461920708417892456e-03 8.007279597222805023e-03 4.457023739814758301e-02 4.733880236744880676e-02 2.546485140919685364e-02 7.719589862972497940e-03 2.600791677832603455e-02 3.635443747043609619e-02 1.668426394462585449e-02 2.614137157797813416e-02 1.758175529539585114e-02 2.902635373175144196e-02 1.738079264760017395e-02 5.092535167932510376e-02 7.628513872623443604e-02 1.198470033705234528e-02 8.960804343223571777e-02 3.244222328066825867e-02 8.309074677526950836e-03 2.333926968276500702e-02 1.256465795449912548e-03 4.018521308898925781e-02 2.883171476423740387e-02 2.166109904646873474e-02 3.861230984330177307e-02 7.343928515911102295e-02 2.482746914029121399e-02 1.888799481093883514e-02 3.457001177594065666e-03 1.539654843509197235e-02 6.191661953926086426e-02 6.048132851719856262e-02 2.046909183263778687e-02 1.763568073511123657e-02 2.246930822730064392e-02 1.040423382073640823e-02 5.057782307267189026e-02 6.359727680683135986e-02 1.980203203856945038e-02 5.835027899593114853e-03 3.879998251795768738e-02 4.888276569545269012e-03 5.591119080781936646e-02 2.438072860240936279e-02 2.929767780005931854e-02 3.660481423139572144e-02 1.944706775248050690e-02 1.939682848751544952e-02 3.870128095149993896e-02 2.097362885251641273e-03 6.079807505011558533e-02 5.597072839736938477e-02 3.763029724359512329e-02 3.100912831723690033e-02 2.495403215289115906e-02 4.233449697494506836e-02 7.168458402156829834e-02 6.407567858695983887e-02
9.996615350246429443e-02 1.654272079467773438e-01 6.345811561914160848e-05 1.453195139765739441e-02 3.821425512433052063e-02 5.966427549719810486e-02 5.527707934379577637e-02 2.303885295987129211e-02 1.446549687534570694e-02 3.916767425835132599e-03 1.657992228865623474e-02 1.743642240762710571e-02 6.638121604919433594e-02 8.173050731420516968e-02 5.315697193145751953e-02 1.268220879137516022e-02 1.832272298634052277e-02 9.966131299734115601e-03 5.055378191173076630e-03 2.085262537002563477e-02 3.743058443069458008e-02 8.058913052082061768e-03 2.621562406420707703e-02 3.727498115040361881e-04 9.540053084492683411e-03 3.159397095441818237e-02 4.099127836525440216e-03 2.293339371681213379e-02 1.579607464373111725e-02 6.811889261007308960e-02 1.393824163824319839e-02 1.402509026229381561e-02 1.470379624515771866e-02 3.404685528948903084e-03 1.175924437120556831e-03 2.484029717743396759e-02 4.819214716553688049e-02 1.973982714116573334e-02 2.735446766018867493e-02 6.683678925037384033e-02 3.863843530416488647e-02 1.672345772385597229e-02 7.717038970440626144e-03 4.600504413247108459e-02 3.841213183477520943e-04 1.210709568113088608e-02 2.248483896255493164e-02 2.345223166048526764e-02 2.256501838564872742e-02 2.709191292524337769e-03 1.657584495842456818e-02 9.442097507417201996e-03 3.863522410392761230e-02 3.190511465072631836e-02 3.059403225779533386e-02 5.696984007954597473e-02 7.704916410148143768e-03 3.431669203564524651e-03 3.665048256516456604e-02 2.958688884973526001e-02 2.769436314702033997e-02 7.951007224619388580e-03 8.768406696617603302e-03 1.309784036129713058e-02 4.568188160192221403e-04 9.403922595083713531e-03 5.819323705509305000e-04 2.166502363979816437e-02 1.087752357125282288e-02 3.123265877366065979e-02 2.263254299759864807e-02 8.777610026299953461e-03 4.541511461138725281e-02 1.924956962466239929e-02 4.854561388492584229e-02 4.376537632197141647e-03 1.101035065948963165e-02 1.242627669125795364e-02 6.029780488461256027e-03 6.858490407466888428e-03 3.832743689417839050e-02 2.241108566522598267e-02 3.124289214611053467e-02 3.233689814805984497e-02 2.897188067436218262e-02 2.557819336652755737e-02 1.791714690625667572e-02 9.989948943257331848e-03 1.752349548041820526e-02 5.744833499193191528e-02 3.770573809742927551e-02 5.395162384957075119e-03 1.395429018884897232e-02 7.809340022504329681e-03 5.050309002399444580e-02 5.863178148865699768e-02 3.097641095519065857e-02 2.384068258106708527e-02 2.432890981435775757e-02 1.696051657199859619e-02 2.427110075950622559e-02 1.366554852575063705e-02 1.120248064398765564e-02 2.592524886131286621e-02 2.474454417824745178e-02 2.498038671910762787e-02 2.192752994596958160e-02 3.926012199372053146e-03 1.380038075149059296e-02 9.731983765959739685e-03 2.092124335467815399e-02 1.431571878492832184e-02 6.672520656138658524e-03 7.764019537717103958e-03 4.350063856691122055e-03 4.728266503661870956e-03
1.408720482140779495e-02 6.345811561914160848e-05 6.887529045343399048e-02 7.059722393751144409e-02 4.890218842774629593e-03 1.375874876976013184e-02 2.328472211956977844e-02 1.025704741477966309e-01 1.129376292228698730e-01 2.723748562857508659e-03 2.704517543315887451e-02 4.308059066534042358e-02 2.556451037526130676e-02 5.679134745150804520e-03 3.893678262829780579e-02 3.256142139434814453e-03 4.700269177556037903e-02 3.075045533478260040e-02 1.455012243241071701e-02 5.647972226142883301e-03 3.393210470676422119e-02 1.264629699289798737e-02 1.104912813752889633e-02 2.051129378378391266e-02 4.732573404908180237e-02 2.377763390541076660e-02 6.059741135686635971e-03 3.413007035851478577e-02 4.070216324180364609e-03 3.618166595697402954e-02 3.434929240029305220e-04 1.971869170665740967e-02 7.384442142210900784e-04 1.327765523456037045e-03 2.462216280400753021e-02 4.486472532153129578e-02 4.888598807156085968e-03 3.950913250446319580e-02 6.435471773147583008e-02 2.263591252267360687e-02 8.324721828103065491e-03 2.010031417012214661e-02 6.470985710620880127e-02 1.191396340727806091e-01 1.425385242328047752e-03 1.776489987969398499e-02 3.780588507652282715e-02 3.053792379796504974e-02 8.513382636010646820e-03 3.077701665461063385e-03 4.620376974344253540e-02 1.143352128565311432e-02 7.294037193059921265e-02 2.451149374246597290e-02 2.077782526612281799e-02 4.556153900921344757e-03 9.814146161079406738e-02 1.355446525849401951e-03 8.029114454984664917e-02 3.208277747035026550e-02 2.845242060720920563e-02 2.976765669882297516e-02 8.396822959184646606e-03 1.820415258407592773e-02 1.688134297728538513e-02 1.559906266629695892e-02 1.568309403955936432e-02 2.638442441821098328e-02 7.145423442125320435e-03 2.311109937727451324e-02 1.560895470902323723e-03 2.759715728461742401e-02 2.283387631177902222e-02 3.195448964834213257e-02 6.123936735093593597e-03 2.813567966222763062e-02 8.722305297851562500e-02 2.350530959665775299e-02 5.574107915163040161e-02 5.899703319300897419e-05 8.064170181751251221e-02 1.698343455791473389e-02 7.723113521933555603e-03 2.993247844278812408e-02 4.156414046883583069e-02 3.672585263848304749e-02 1.474445126950740814e-02 3.128029033541679382e-02 2.283800765872001648e-02 3.819983825087547302e-02 4.603241384029388428e-02 2.970005013048648834e-02 5.135817080736160278e-02 7.243654690682888031e-03 6.795735657215118408e-02 1.002711430191993713e-01 4.338635597378015518e-03 7.194239646196365356e-03 1.351510733366012573e-02 3.573906049132347107e-02 2.238695975393056870e-03 2.259338088333606720e-02 2.692920528352260590e-02 2.412153035402297974e-02 4.281131550669670105e-02 2.062025479972362518e-03 1.085257902741432190e-02 1.832757890224456787e-02 2.895044349133968353e-02 4.798186570405960083e-02 1.557018794119358063e-02 5.413892865180969238e-02 4.378475248813629150e-02 3.868997842073440552e-02 2.002729102969169617e-03 5.822103703394532204e-04
6.658884137868881226e-02 1.453195139765739441e-02 7.059722393751144409e-02 1.469496339559555054e-01 1.351256221532821655e-01 1.758878119289875031e-02 3.456052765250205994e-02 2.124908380210399628e-02 3.312375023961067200e-02 1.868481002748012543e-02 3.610516898334026337e-03 2.412565238773822784e-02 1.247542258352041245e-02 2.684371545910835266e-02 1.322798617184162140e-02 9.386116638779640198e-03 1.955319568514823914e-02 5.272832512855529785e-02 1.817741803824901581e-02 2.197315916419029236e-02 1.683181524276733398e-02 1.303212065249681473e-02 3.912609070539474487e-03 7.115276996046304703e-03 3.194153681397438049e-02 3.122033178806304932e-02 5.581875890493392944e-02 3.001814708113670349e-02 3.978406265377998352e-02 4.808827489614486694e-02 5.131084099411964417e-02 4.356074205134063959e-04 9.899757802486419678e-03 4.265432711690664291e-03 5.647891387343406677e-02 7.031574379652738571e-03 1.180103886872529984e-02 2.015691995620727539e-02 1.548478007316589355e-01 8.763474225997924805e-02 2.030663937330245972e-02 2.640756033360958099e-02 2.079647593200206757e-02 2.120932936668395996e-02 2.376703917980194092e-02 3.517522290349006653e-02 2.104048430919647217e-02 1.194822322577238083e-02 1.927525736391544342e-02 2.509968727827072144e-02 2.540138550102710724e-02 2.381554618477821350e-02 4.489533137530088425e-03 1.630867831408977509e-03 3.415250219404697418e-03 1.291922014206647873e-02 2.080216258764266968e-02 5.638194270431995392e-03 6.299801915884017944e-02 3.322698175907135010e-02 9.433776140213012695e-02 3.337442502379417419e-02 1.667060889303684235e-02 1.325310487300157547e-02 2.803290262818336487e-02 1.617009937763214111e-02 8.535116910934448242e-03 1.082112314179539680e-03 5.370692536234855652e-02 2.770879492163658142e-02 2.754419576376676559e-03 1.061901930370368063e-04 1.380780190229415894e-01 4.925149027258157730e-03 8.621873706579208374e-02 5.309585016220808029e-03 8.154240436851978302e-03 1.870827516540884972e-03 2.657973207533359528e-02 4.073445126414299011e-02 3.962215036153793335e-03 2.251035720109939575e-02 1.018373202532529831e-02 1.114098634570837021e-02 3.519481793045997620e-02 6.567140109837055206e-03 2.656594151630997658e-03 1.378967333585023880e-02 1.672706566751003265e-02 5.781150609254837036e-02 1.286757527850568295e-03 1.776427589356899261e-02 9.089352563023567200e-03 1.930062100291252136e-02 4.894399270415306091e-02 5.083691701292991638e-02 3.900825604796409607e-02 1.002807170152664185e-03 1.389293372631072998e-02 7.819135673344135284e-03 1.830111630260944366e-02 2.171894162893295288e-02 9.634613059461116791e-03 1.161952968686819077e-02 4.951952397823333740e-02 4.035820811986923218e-02 4.078373312950134277e-02 2.511109225451946259e-02 2.619494125247001648e-02 4.640549421310424805e-03 2.399542927742004395e-02 5.842314567416906357e-03 5.305243283510208130e-02 3.064955025911331177e-02 1.676551438868045807e-02 3.693696856498718262e-02
9.927951544523239136e-02 3.821425512433052063e-02 4.890218842774629593e-03 1.351256221532821655e-01 1.879115551710128784e-01 5.688188970088958740e-02 2.977792918682098389e-02 2.955362014472484589e-02 1.778458431363105774e-02 1.135784853249788284e-02 2.003322169184684753e-02 3.087565070018172264e-03 7.880101911723613739e-03 1.276271510869264603e-02 2.693450078368186951e-02 2.614578604698181152e-02 1.799471490085124969e-02 1.047801822423934937e-01 1.273376196622848511e-01 9.316914714872837067e-03 1.218013186007738113e-02 1.369260530918836594e-02 2.423125132918357849e-02 4.070934373885393143e-03 3.004834055900573730e-02 5.205709487199783325e-02 4.263429343700408936e-02 1.117481850087642670e-02 7.672651205211877823e-03 6.353454198688268661e-03 4.435790330171585083e-02 4.232249781489372253e-02 2.701547928154468536e-02 1.224507577717304230e-02 5.694532301276922226e-04 6.719091907143592834e-03 1.898410730063915253e-02 3.656692802906036377e-03 1.068379953503608704e-01 1.488361954689025879e-01 7.348272949457168579e-02 2.262293174862861633e-02 1.761689968407154083e-02 8.814270794391632080e-02 3.584377467632293701e-02 5.005050450563430786e-02 2.462209016084671021e-02 9.683580137789249420e-03 9.944888763129711151e-03 3.731087222695350647e-02 2.708256058394908905e-02 1.895166002213954926e-02 1.024604737758636475e-01 2.862844057381153107e-02 1.456245966255664825e-02 2.563192136585712433e-02 9.381818585097789764e-03 2.873929217457771301e-02 4.270456265658140182e-03 1.386981830000877380e-02 3.070016764104366302e-02 4.082756489515304565e-02 8.330122567713260651e-03 7.943139970302581787e-02 1.037218794226646423e-02 4.742833971977233887e-02 2.163889072835445404e-02 2.010322734713554382e-02 6.195344403386116028e-02 8.794750273227691650e-02 3.342638956382870674e-03 5.606975778937339783e-02 3.245385736227035522e-02 3.959588706493377686e-02 1.057344749569892883e-01 2.450042217969894409e-02 4.079309850931167603e-02 2.879612380638718605e-03 3.818117827177047729e-02 2.537722699344158173e-02 4.488820210099220276e-02 5.193606950342655182e-03 7.822689414024353027e-02 1.972593814134597778e-01 4.406816512346267700e-02 7.699673529714345932e-03 7.923436351120471954e-03 1.906709559261798859e-02 1.155318133533000946e-02 4.448087885975837708e-02 7.206585723906755447e-03 7.952130585908889771e-02 5.651444569230079651e-02 5.613846331834793091e-02 3.629090636968612671e-02 6.376608461141586304e-02 3.094800747931003571e-02 5.226224288344383240e-02 1.246207300573587418e-02 4.180649761110544205e-03 1.086635235697031021e-02 1.547547522932291031e-02 4.661516100168228149e-02 3.514177724719047546e-02 1.188756618648767471e-02 6.694603711366653442e-03 4.094957187771797180e-02 1.615872979164123535e-02 9.011849761009216309e-03 5.937043577432632446e-03 4.730355739593505859e-02 8.385405689477920532e-02 2.145591378211975098e-02 8.867686614394187927e-03 3.762762248516082764e-02 6.293803453445434570e-02
6.099452078342437744e-02 5.966427549719810486e-02 1.375874876976013184e-02 1.758878119289875031e-02 5.688188970088958740e-02 2.038355022668838501e-01 2.016653567552566528e-01 1.490112394094467163e-02 2.008961327373981476e-02 1.926201954483985901e-02 6.144750863313674927e-02 7.692930102348327637e-02 6.810317188501358032e-02 7.859224826097488403e-02 2.212423086166381836e-02 1.975873112678527832e-02 3.476104140281677246e-02 1.825751177966594696e-02 1.830767653882503510e-02 2.202428691089153290e-02 1.358898635953664780e-02 2.125260606408119202e-02 3.125604987144470215e-02 3.266708180308341980e-02 1.255974173545837402e-02 3.939347341656684875e-02 3.399800509214401245e-03 5.960883572697639465e-02 2.678138576447963715e-02 7.083240151405334473e-02 1.604761928319931030e-02 1.125704497098922729e-02 1.864995062351226807e-02 4.164767451584339142e-03 7.039658725261688232e-02 1.243752427399158478e-02 2.820043358951807022e-03 4.152105748653411865e-02 1.168240420520305634e-02 1.746485824696719646e-03 2.056352794170379639e-02 2.436529844999313354e-03 1.035802648402750492e-03 5.003377422690391541e-02 1.583793573081493378e-02 3.537130728363990784e-02 1.872492134571075439e-01 8.005437254905700684e-02 2.181837148964405060e-02 4.296601191163063049e-02 1.897224411368370056e-02 7.219561841338872910e-03 1.846881397068500519e-02 3.155847638845443726e-02 2.659624814987182617e-02 4.742232710123062134e-02 9.104944183491170406e-04 1.936131156980991364e-02 1.096622366458177567e-02 7.172654295573011041e-05 7.048183586448431015e-03 1.898600719869136810e-02 1.317412964999675751e-02 4.108788818120956421e-02 2.740123681724071503e-02 1.848155073821544647e-02 4.000163637101650238e-03 4.056113213300704956e-02 2.355632930994033813e-02 2.025124616920948029e-02 7.911948487162590027e-03 4.125587269663810730e-02 1.588893122971057892e-02 1.090314984321594238e-02 1.625050231814384460e-02 1.468547061085700989e-02 1.148432493209838867e-02 4.287435731384903193e-04 1.637979224324226379e-02 1.256628986448049545e-02 1.167741138488054276e-02 4.329460486769676208e-02 1.351645216345787048e-02 3.917136695235967636e-03 2.647730580065399408e-04 7.664309814572334290e-03 1.999601349234580994e-02 2.340314909815788269e-02 4.728666041046380997e-03 2.813330665230751038e-02 9.864301979541778564e-02 1.057276036590337753e-02 4.279077798128128052e-02 4.438283387571573257e-03 3.136545419692993164e-03 2.161921747028827667e-02 8.841513656079769135e-03 3.790204972028732300e-02 2.593594044446945190e-02 2.515685372054576874e-02 2.885353192687034607e-02 2.923916280269622803e-02 5.022932589054107666e-02 3.721943125128746033e-02 5.852860957384109497e-02 1.564206928014755249e-02 2.109492383897304535e-02 5.193150788545608521e-02 6.236461922526359558e-02 7.248727232217788696e-02 4.331102594733238220e-02 4.526342451572418213e-02 2.881655283272266388e-02 3.465459495782852173e-02 8.851115405559539795e-02 4.194073751568794250e-02
9.381340816617012024e-03 5.527707934379577637e-02 2.328472211956977844e-02 3.456052765250205994e-02 2.977792918682098389e-02 2.016653567552566528e-01 1.905401945114135742e-01 2.583250775933265686e-02 1.610258035361766815e-02 3.904255107045173645e-02 8.723214268684387207e-02 3.377792984247207642e-02 1.130884215235710144e-01 7.243556529283523560e-02 5.023499019443988800e-03 4.419477283954620361e-02 2.870464883744716644e-02 1.429063547402620316e-02 1.648012548685073853e-02 2.564481925219297409e-03 7.654367014765739441e-03 1.676354743540287018e-02 1.195771526545286179e-02 5.299341678619384766e-02 3.176504746079444885e-02 5.876482464373111725e-03 6.988167297095060349e-03 2.380263432860374451e-02 1.921149902045726776e-02 4.294184222817420959e-02 4.009008780121803284e-02 6.277249008417129517e-02 1.213703677058219910e-02 8.891241997480392456e-02 2.714029885828495026e-02 2.119303122162818909e-02 2.040729299187660217e-02 2.966087684035301208e-02 7.138136774301528931e-03 1.050375681370496750e-02 3.621863946318626404e-02 2.306014858186244965e-02 3.475034236907958984e-02 2.745022997260093689e-02 2.164893411099910736e-02 3.056779690086841583e-02 1.596393734216690063e-01 1.653008013963699341e-01 1.792425662279129028e-02 1.011995691806077957e-02 7.205621153116226196e-02 3.549093008041381836e-02 2.015949785709381104e-02 3.999647218734025955e-03 2.516718115657567978e-03 2.295211888849735260e-02 2.358782291412353516e-02 2.490075770765542984e-03 1.389697939157485962e-02 4.001576825976371765e-02 1.470702141523361206e-02 1.257218234241008759e-02 2.807785384356975555e-02 2.982997894287109375e-02 8.754803799092769623e-03 4.142741113901138306e-02 4.445424303412437439e-03 3.132482245564460754e-02 2.518585138022899628e-02 1.161929592490196228e-02 2.501267008483409882e-02 2.400276064872741699e-02 3.139554336667060852e-02 1.968797668814659119e-02 1.390637923032045364e-02 1.303872372955083847e-02 8.093958720564842224e-03 1.525305677205324173e-02 3.623773157596588135e-02 9.220010600984096527e-03 1.647105254232883453e-02 2.197946608066558838e-02 4.136180796194821596e-04 3.477218374609947205e-02 2.330736024305224419e-03 1.571306772530078888e-02 1.268511079251766205e-02 1.061042211949825287e-02 2.752251736819744110e-02 8.104879409074783325e-03 1.118971854448318481e-01 4.885769914835691452e-03 1.098551228642463684e-01 4.361998289823532104e-03 6.137653440237045288e-02 3.307738527655601501e-02 5.000890232622623444e-03 1.783251389861106873e-02 3.079618513584136963e-02 8.842488750815391541e-03 2.324091829359531403e-02 3.241232037544250488e-02 4.821444302797317505e-02 1.178550347685813904e-02 3.043770417571067810e-02 1.607479155063629150e-02 1.423056237399578094e-02 4.918766766786575317e-02 1.650269329547882080e-02 8.707272820174694061e-03 1.278746314346790314e-02 4.746805503964424133e-02 1.954320073127746582e-02 1.419469527900218964e-02 1.953774131834506989e-02 4.360197857022285461e-02
3.989933803677558899e-02 2.303885295987129211e-02 1.025704741477966309e-01 2.124908380210399628e-02 2.955362014472484589e-02 1.490112394094467163e-02 2.583250775933265686e-02 1.398903131484985352e-01 6.702689919620752335e-03 9.857699275016784668e-03 4.504949785768985748e-03 4.347391892224550247e-03 4.704924300312995911e-02 2.629548311233520508e-02 1.061350628733634949e-01 4.035333916544914246e-02 2.844347245991230011e-02 2.187280356884002686e-02 1.249841507524251938e-02 1.049447804689407349e-02 1.716614351607859135e-03 4.365515336394309998e-02 3.478364273905754089e-02 2.658907789736986160e-03 1.610193168744444847e-03 2.691181190311908722e-02 6.917730439454317093e-03 2.558049745857715607e-02 2.277998812496662140e-02 3.178004175424575806e-02 6.530601065605878830e-03 1.238480210304260254e-02 4.043217748403549194e-02 2.334907650947570801e-02 3.130659833550453186e-02 4.690231755375862122e-02 7.328112144023180008e-03 1.805609092116355896e-02 4.633728787302970886e-02 5.929845198988914490e-02 1.387017965316772461e-02 2.334284363314509392e-03 1.632980629801750183e-02 1.171348430216312408e-02 1.980373263359069824e-02 5.544416978955268860e-02 2.135634981095790863e-02 3.734258562326431274e-02 1.281631179153919220e-02 2.521564252674579620e-02 7.233338057994842529e-02 5.190327391028404236e-02 2.215021662414073944e-02 3.114782832562923431e-02 3.590764850378036499e-02 4.563353955745697021e-02 3.098519518971443176e-02 2.547939307987689972e-02 4.455095902085304260e-02 3.275049850344657898e-03 1.276601455174386501e-03 3.834595531225204468e-02 5.608621612191200256e-02 1.447449345141649246e-02 3.613113611936569214e-02 3.037423267960548401e-02 2.887093927711248398e-03 3.072533197700977325e-02 1.630340935662388802e-03 2.407453581690788269e-02 1.317623071372509003e-02 4.408645909279584885e-03 1.522416248917579651e-02 1.334703341126441956e-02 2.973849512636661530e-02 1.832551695406436920e-02 5.152528733015060425e-02 3.957482799887657166e-02 4.311935510486364365e-03 4.488753527402877808e-02 1.248357072472572327e-01 8.622728288173675537e-02 3.338140249252319336e-02 2.332961186766624451e-02 1.209232863038778305e-02 1.407490856945514679e-02 9.655904024839401245e-02 3.600221127271652222e-02 2.974423766136169434e-02 3.054693574085831642e-03 2.435627393424510956e-03 3.186532482504844666e-02 9.898099116981029510e-03 2.536869049072265625e-02 5.659428238868713379e-02 2.481295540928840637e-02 1.187387667596340179e-02 3.122329153120517731e-02 1.179165765643119812e-02 5.331065622158348560e-04 1.336892228573560715e-02 3.044408187270164490e-02 3.203953430056571960e-02 1.464440952986478806e-02 6.822730414569377899e-03 4.161008819937705994e-02 2.018630132079124451e-02 3.372033685445785522e-02 1.856767572462558746e-02 6.802836060523986816e-02 2.363610267639160156e-02 1.916308538056910038e-03 2.163718640804290771e-02 9.668146376498043537e-04 2.567948959767818451e-02 2.036683261394500732e-02
1.722667180001735687e-02 1.446549687534570694e-02 1.129376292228698730e-01 3.312375023961067200e-02 1.778458431363105774e-02 2.008961327373981476e-02 1.610258035361766815e-02 6.702689919620752335e-03 1.805446743965148926e-01 9.175048023462295532e-02 2.154749445617198944e-02 5.461253970861434937e-02 2.400996908545494080e-02 3.356419503688812256e-03 1.818333193659782410e-02 6.129792332649230957e-02 2.046343684196472168e-02 8.568150550127029419e-02 3.751761466264724731e-02 3.087220713496208191e-02 5.742681678384542465e-03 1.892075687646865845e-02 6.188667938113212585e-02 2.948400750756263733e-02 2.126796543598175049e-02 2.100017853081226349e-03 6.848609447479248047e-02 4.859845340251922607e-02 5.508126560016535223e-05 3.248389437794685364e-02 4.162547178566455841e-03 2.417882345616817474e-02 8.846633136272430420e-03 2.678053639829158783e-02 4.479378461837768555e-02 3.555813059210777283e-02 1.194173563271760941e-02 2.376577258110046387e-02 2.610049583017826080e-02 3.454145789146423340e-02 3.925952687859535217e-02 7.460355293005704880e-03 1.555854454636573792e-02 4.645654559135437012e-02 1.675948686897754669e-02 2.986808307468891144e-02 1.653067208826541901e-02 2.597432211041450500e-02 4.745105281472206116e-02 1.353321969509124756e-02 1.045704726129770279e-02 4.506758973002433777e-02 2.978692203760147095e-02 1.476316619664430618e-02 4.255332425236701965e-02 8.826731704175472260e-03 1.086670812219381332e-02 1.908472925424575806e-02 9.264528634957969189e-04 2.206022152677178383e-03 2.780018933117389679e-02 5.305238883011043072e-04 9.293359704315662384e-03 2.448784559965133667e-02 1.561942696571350098e-02 2.636312693357467651e-02 1.413990976288914680e-03 4.034728556871414185e-02 4.572468996047973633e-02 6.375154945999383926e-03 2.378590218722820282e-02 2.894344367086887360e-02 6.309940945357084274e-03 1.952105946838855743e-02 3.950591757893562317e-02 6.167190149426460266e-03 1.544221788644790649e-01 6.274606287479400635e-02 1.048850789666175842e-01 4.290603473782539368e-02 4.604477062821388245e-02 7.412933744490146637e-03 1.213683262467384338e-01 3.192658722400665283e-02 6.073047872632741928e-03 7.399206515401601791e-03 3.557562828063964844e-02 6.052266806364059448e-03 7.902455329895019531e-02 6.484040524810552597e-03 1.087193284183740616e-02 5.804374814033508301e-02 1.512827724218368530e-02 4.466362297534942627e-02 2.286651171743869781e-03 9.243063628673553467e-03 3.812232520431280136e-03 4.027656465768814087e-02 5.861882120370864868e-02 3.088625706732273102e-02 2.499094931408762932e-03 5.172173958271741867e-03 3.702518343925476074e-02 4.159247130155563354e-02 2.097155898809432983e-02 4.023724794387817383e-02 1.362137682735919952e-02 1.752518001012504101e-03 1.006758771836757660e-02 1.552449818700551987e-02 2.877098880708217621e-02 7.408251054584980011e-03 2.513504028320312500e-02 2.628459967672824860e-02 1.642738841474056244e-02 3.255168208852410316e-03
8.757010073168203235e-05 3.916767425835132599e-03 2.723748562857508659e-03 1.868481002748012543e-02 1.135784853249788284e-02 1.926201954483985901e-02 3.904255107045173645e-02 9.857699275016784668e-03 9.175048023462295532e-02 2.171085774898529053e-01 2.656480297446250916e-02 1.079203467816114426e-02 1.660842821002006531e-02 4.873497784137725830e-02 3.189758956432342529e-02 3.342820564284920692e-03 5.433610454201698303e-02 5.865090340375900269e-02 6.212415173649787903e-02 2.117519266903400421e-02 1.068471372127532959e-02 4.166568070650100708e-02 2.156641567125916481e-04 4.334801062941551208e-02 1.469590142369270325e-02 9.703223593533039093e-03 2.599167451262474060e-02 3.349617123603820801e-02 4.600330069661140442e-02 4.393139109015464783e-02 6.102314218878746033e-03 4.048696719110012054e-03 6.283416412770748138e-03 1.038264483213424683e-02 1.538281515240669250e-02 4.849517717957496643e-03 2.056960389018058777e-02 8.262454532086849213e-03 1.923543587327003479e-02 8.200294338166713715e-03 3.058398701250553131e-02 4.378318786621093750e-02 3.294271603226661682e-02 4.350688308477401733e-02 4.034503921866416931e-02 3.092859871685504913e-02 1.404747483320534229e-03 1.318734791129827499e-02 9.311769157648086548e-03 7.747352868318557739e-02 6.497308146208524704e-03 9.582734666764736176e-03 1.045706868171691895e-02 1.895088888704776764e-02 3.758792066946625710e-03 5.854089930653572083e-02 1.490507461130619049e-02 6.610907614231109619e-02 3.502916172146797180e-02 9.215558879077434540e-03 1.748736016452312469e-02 1.680523902177810669e-02 8.101166225969791412e-03 3.293773159384727478e-02 3.075028210878372192e-02 1.129424758255481720e-02 9.760830551385879517e-03 2.093894407153129578e-02 3.594605997204780579e-02 7.395461201667785645e-02 6.442049890756607056e-02 4.784583114087581635e-03 2.288132905960083008e-02 4.902664944529533386e-02 7.295240461826324463e-02 2.921014965977519751e-04 7.094528526067733765e-02 1.367633491754531860e-01 4.625677317380905151e-02 1.524668931961059570e-01 8.753375150263309479e-03 3.662843257188796997e-02 6.230356171727180481e-02 3.582607582211494446e-02 2.597797429189085960e-03 4.081121459603309631e-02 2.554516308009624481e-02 2.972397767007350922e-02 1.330578885972499847e-02 9.992118924856185913e-02 2.101123891770839691e-02 5.481516197323799133e-02 5.745891854166984558e-02 3.722397610545158386e-02 4.693929571658372879e-03 3.123651631176471710e-02 2.193150110542774200e-02 2.218160778284072876e-02 2.074037119746208191e-02 4.375645518302917480e-02 1.752679119817912579e-03 4.131990019232034683e-03 6.508784741163253784e-02 3.553124889731407166e-02 1.906764879822731018e-02 6.337766349315643311e-02 1.940524671226739883e-03 2.177164889872074127e-02 2.780408039689064026e-02 6.399366073310375214e-03 2.755150385200977325e-02 2.793700620532035828e-02 5.186770111322402954e-02 2.955719642341136932e-02 1.576039381325244904e-02 3.269598633050918579e-02
6.166080012917518616e-02 1.657992228865623474e-02 2.704517543315887451e-02 3.610516898334026337e-03 2.003322169184684753e-02 6.144750863313674927e-02 8.723214268684387207e-02 4.504949785768985748e-03 2.154749445617198944e-02 2.656480297446250916e-02 1.590261310338973999e-01 2.466842532157897949e-02 7.935652136802673340e-02 1.280071865767240524e-02 2.994066476821899414e-02 2.009485848248004913e-02 2.482996205799281597e-04 3.533922135829925537e-02 2.516007283702492714e-03 2.290471689775586128e-03 1.251180749386548996e-02 2.777845226228237152e-02 1.241753902286291122e-02 1.588221080601215363e-02 2.466537430882453918e-02 3.017151542007923126e-02 1.948951557278633118e-02 2.255797758698463440e-02 5.210223793983459473e-02 5.556983873248100281e-03 4.043736681342124939e-02 2.135228551924228668e-02 1.060677319765090942e-02 1.623015105724334717e-02 1.958896964788436890e-02 2.073090523481369019e-02 8.206047117710113525e-03 1.215674728155136108e-02 1.952376775443553925e-02 2.462302893400192261e-02 8.334388956427574158e-03 1.084084855392575264e-03 7.613117806613445282e-03 4.034458473324775696e-02 1.604397967457771301e-02 1.564565300941467285e-02 7.695980370044708252e-02 8.164316415786743164e-02 2.207607030868530273e-02 7.506357505917549133e-03 9.034029208123683929e-03 2.210680767893791199e-02 1.130047254264354706e-02 2.366045862436294556e-02 3.310120478272438049e-02 1.662126183509826660e-02 1.405739970505237579e-02 3.900017589330673218e-02 1.571490429341793060e-02 2.399188280105590820e-02 2.073823101818561554e-02 3.130036965012550354e-02 2.083281427621841431e-02 3.734916076064109802e-02 3.138909116387367249e-02 3.968340530991554260e-02 2.589726634323596954e-02 2.213434502482414246e-02 6.720928940922021866e-03 2.771550230681896210e-02 1.832889579236507416e-02 8.177956193685531616e-02 1.672776788473129272e-02 7.062048651278018951e-03 3.158878907561302185e-02 3.537381812930107117e-02 2.630959637463092804e-02 3.314671292901039124e-02 4.542178008705377579e-03 1.956353336572647095e-02 7.520547136664390564e-03 3.384704515337944031e-02 4.515036195516586304e-02 2.369404956698417664e-02 1.591333188116550446e-02 2.910067327320575714e-02 1.261119171977043152e-02 3.580542281270027161e-02 2.891710773110389709e-02 3.446349129080772400e-02 5.804974585771560669e-02 3.537622839212417603e-02 5.795417726039886475e-02 2.612015232443809509e-02 4.806649405509233475e-03 6.918027997016906738e-03 2.804363146424293518e-02 7.667764555662870407e-03 7.829433307051658630e-03 2.584718540310859680e-02 1.128081130445934832e-04 1.037973724305629730e-02 3.888114541769027710e-02 4.014553129673004150e-02 2.349026501178741455e-02 3.460800275206565857e-02 1.262226141989231110e-03 1.371845975518226624e-02 1.372763793915510178e-02 6.971320253796875477e-04 1.381115429103374481e-02 6.208638660609722137e-04 1.515389233827590942e-02 1.816061697900295258e-02 5.416265502572059631e-02 1.058250572532415390e-02
4.343329463154077530e-03 1.743642240762710571e-02 4.308059066534042358e-02 2.412565238773822784e-02 3.087565070018172264e-03 7.692930102348327637e-02 3.377792984247207642e-02 4.347391892224550247e-03 5.461253970861434937e-02 1.079203467816114426e-02 2.466842532157897949e-02 2.202397733926773071e-01 1.048982050269842148e-02 2.333838790655136108e-01 3.649786114692687988e-02 3.583209589123725891e-02 5.810013785958290100e-02 6.834589876234531403e-03 4.193403944373130798e-02 2.492504566907882690e-02 2.537062391638755798e-03 5.037453770637512207e-02 6.651965528726577759e-02 1.934177358634769917e-03 4.216067865490913391e-02 5.749069969169795513e-04 1.027067936956882477e-02 1.791710704565048218e-01 9.844340384006500244e-03 1.705187559127807617e-01 3.669958189129829407e-02 1.596351526677608490e-02 1.864723488688468933e-02 2.219059504568576813e-02 3.122449107468128204e-02 4.286488052457571030e-03 1.666326448321342468e-02 4.557925090193748474e-02 6.346289813518524170e-02 4.767316207289695740e-02 1.457543391734361649e-02 2.746573649346828461e-02 3.444544598460197449e-02 2.259991131722927094e-02 9.314898401498794556e-02 8.130499720573425293e-02 1.623964495956897736e-02 2.807999961078166962e-02 2.127449773252010345e-02 3.125544264912605286e-02 1.839813217520713806e-02 5.598837882280349731e-02 5.339533835649490356e-02 2.525954321026802063e-02 1.477857027202844620e-02 4.914281889796257019e-02 5.238885059952735901e-03 1.411954965442419052e-02 9.350983053445816040e-02 1.008923165500164032e-02 6.452211737632751465e-02 6.026685982942581177e-02 5.734897777438163757e-02 8.634560741484165192e-03 3.501221165060997009e-02 7.599557284265756607e-03 3.856344893574714661e-02 4.857371747493743896e-02 4.989037755876779556e-03 6.430521607398986816e-02 9.809733368456363678e-03 4.045151919126510620e-02 3.703536465764045715e-02 6.460450589656829834e-02 2.988719567656517029e-02 1.996301300823688507e-02 5.342664942145347595e-02 3.639461845159530640e-02 8.899687975645065308e-02 3.005474247038364410e-02 2.033348008990287781e-02 2.347424626350402832e-02 5.934477970004081726e-02 4.281206801533699036e-02 3.964753076434135437e-02 1.954928413033485413e-02 2.741711400449275970e-02 3.369649499654769897e-02 8.508261293172836304e-02 1.032466813921928406e-02 6.185640022158622742e-02 4.946013167500495911e-02 3.492346033453941345e-02 2.389468252658843994e-02 4.522542469203472137e-03 3.324593603610992432e-02 9.344080463051795959e-03 1.212415006011724472e-02 2.094207331538200378e-02 4.449172317981719971e-02 3.610551357269287109e-02 5.251502618193626404e-02 2.224609069526195526e-02 3.051944263279438019e-02 2.060141973197460175e-02 7.163156569004058838e-02 5.340368673205375671e-02 1.298351492732763290e-02 1.713396399281919003e-03 4.325132817029953003e-02 1.444950886070728302e-02 2.459343289956450462e-03 2.487050928175449371e-02 1.003071293234825134e-02 2.369949128478765488e-03 7.594658434391021729e-02
5.930311605334281921e-02 6.638121604919433594e-02 2.556451037526130676e-02 1.247542258352041245e-02 7.880101911723613739e-03 6.810317188501358032e-02 1.130884215235710144e-01 4.704924300312995911e-02 2.400996908545494080e-02 1.660842821002006531e-02 7.935652136802673340e-02 1.048982050269842148e-02 1.669178307056427002e-01 1.994098909199237823e-02 2.268704771995544434e-02 4.820738453418016434e-03 5.950023885816335678e-03 1.295393053442239761e-02 2.160995267331600189e-02 1.144246570765972137e-02 1.201492617838084698e-03 3.653171658515930176e-02 1.179783139377832413e-02 1.531766541302204132e-02 1.185080129653215408e-02 4.805744439363479614e-02 1.113473530858755112e-02 1.372084487229585648e-02 6.036433205008506775e-02 1.448375917971134186e-02 6.308127939701080322e-02 2.831284329295158386e-02 5.543477600440382957e-04 1.235053408890962601e-03 1.192178856581449509e-02 7.739847991615533829e-03 3.691667923703789711e-03 5.770909134298563004e-03 2.177464589476585388e-02 2.523213997483253479e-02 3.266233205795288086e-02 2.652766415849328041e-03 4.456677008420228958e-03 3.242444712668657303e-03 3.206525230780243874e-03 2.127970941364765167e-02 6.960482150316238403e-02 1.013012081384658813e-01 1.861522346735000610e-02 1.522310776636004448e-03 5.080974660813808441e-03 1.965509727597236633e-03 1.643452327698469162e-03 8.269698359072208405e-03 1.835942640900611877e-02 3.067131852731108665e-03 6.088546477258205414e-03 2.611405029892921448e-02 1.759785972535610199e-02 9.417610242962837219e-03 1.807168358936905861e-03 6.446962244808673859e-03 2.251946832984685898e-03 1.770314294844865799e-03 8.459841832518577576e-03 4.823737964034080505e-02 1.750873774290084839e-02 3.747633472084999084e-02 2.344134822487831116e-02 3.163917735219001770e-02 3.530052676796913147e-02 5.702632665634155273e-02 1.771940477192401886e-02 6.875170394778251648e-03 2.203501388430595398e-02 3.027901798486709595e-02 2.476617507636547089e-02 2.557288482785224915e-02 1.695222780108451843e-02 6.039252504706382751e-03 2.698473818600177765e-02 1.936275511980056763e-02 4.844158515334129333e-02 2.417304320260882378e-03 2.279971959069371223e-03 5.424321163445711136e-03 5.912358872592449188e-03 2.631627954542636871e-02 4.551434889435768127e-03 3.973587974905967712e-02 4.706262052059173584e-02 1.903305947780609131e-02 6.237328425049781799e-02 2.333210408687591553e-02 4.166316706687211990e-03 3.156834840774536133e-02 2.222069073468446732e-03 4.361598938703536987e-02 4.425903782248497009e-03 2.187045104801654816e-02 3.116321563720703125e-02 3.255780786275863647e-02 2.955069951713085175e-02 3.778946772217750549e-02 5.209044553339481354e-03 7.076502591371536255e-02 4.166613519191741943e-02 2.485441789031028748e-02 3.300774842500686646e-03 7.450041361153125763e-03 2.635905519127845764e-02 7.139829453080892563e-03 8.355946280062198639e-03 3.510634973645210266e-02 9.865785948932170868e-03 6.701446324586868286e-02
