5.668719112873077393e-02 2.006589323282241821e-01 9.098526090383529663e-03 3.596201539039611816e-02 2.179107256233692169e-02 1.414924561977386475e-01 5.834195017814636230e-02 3.373444825410842896e-02 4.390554968267679214e-03 2.459654817357659340e-03 2.181261628866195679e-01 4.240982234477996826e-02 1.594946831464767456e-01 4.571760818362236023e-02 6.171091273427009583e-02 3.648324171081185341e-03 4.040876403450965881e-03 5.182471871376037598e-02 2.120926231145858765e-02 4.252157360315322876e-02 2.319583483040332794e-02 3.062257915735244751e-02 1.817779266275465488e-03 5.030623078346252441e-02 1.079503539949655533e-02 3.100604983046650887e-03 3.990994021296501160e-02 5.643548443913459778e-02 3.706185147166252136e-02 5.994724109768867493e-02 2.134893648326396942e-02 1.381363719701766968e-02 1.761296018958091736e-02 3.302127495408058167e-02 9.896734729409217834e-03 1.801816560328006744e-02 7.389300968497991562e-03 1.338513661175966263e-02 5.436471849679946899e-02 6.094751879572868347e-02 5.610872805118560791e-02 7.088498771190643311e-02 2.670566737651824951e-02 3.007117845118045807e-02 1.482684398069977760e-03 2.620479464530944824e-02 1.088781431317329407e-01 5.656104534864425659e-02 4.171748086810112000e-02 3.065885044634342194e-02 3.294715285301208496e-02 2.456399239599704742e-02 1.630439050495624542e-02 2.685713768005371094e-02 1.057102810591459274e-02 3.474810719490051270e-02 3.286880999803543091e-02 4.883151873946189880e-02 4.111017566174268723e-03 4.142579156905412674e-03 1.879470981657505035e-02 1.238795742392539978e-02 4.828356951475143433e-02 3.657922521233558655e-02 5.367999523878097534e-02 9.083449840545654297e-03 1.408483367413282394e-02 7.083846256136894226e-03 3.109807334840297699e-02 2.323925495147705078e-03 3.148610470816493034e-03 5.721751227974891663e-02 5.092693492770195007e-03 2.799200452864170074e-02 1.663117110729217529e-02 6.084689497947692871e-02 1.853462494909763336e-02 3.001082874834537506e-02 8.860690519213676453e-03 3.768325224518775940e-02 3.196735307574272156e-02 5.142645910382270813e-03 4.653157666325569153e-03 4.806445911526679993e-02 3.928815945982933044e-03 2.981963567435741425e-02 3.183964639902114868e-02 4.680781066417694092e-02 1.077573299407958984e-01 1.440351177006959915e-02 4.853361099958419800e-02 4.664292559027671814e-02 1.518589723855257034e-02 5.995158478617668152e-02 2.409392967820167542e-02 9.279245510697364807e-03 4.338876344263553619e-03 5.839306488633155823e-02 2.660117484629154205e-02 4.667810350656509399e-02 1.704429648816585541e-02 1.350519619882106781e-02 3.279722109436988831e-02 3.301456943154335022e-02 3.773853182792663574e-03 2.080894634127616882e-02 1.996211474761366844e-03 7.388652116060256958e-02 4.016961529850959778e-02 1.586367748677730560e-02 9.611682966351509094e-03 2.001469209790229797e-02 8.883750066161155701e-03 1.900739222764968872e-02 2.974202670156955719e-02 2.465916238725185394e-02
2.006589323282241821e-01 5.306954309344291687e-02 2.187380567193031311e-02 6.385999917984008789e-02 5.008619651198387146e-02 1.221765875816345215e-01 8.434911072254180908e-02 1.764347404241561890e-02 7.371475803665816784e-04 2.189479582011699677e-02 9.738608449697494507e-02 6.018428876996040344e-02 1.615897417068481445e-01 4.741314053535461426e-02 2.681534551084041595e-02 3.242771700024604797e-02 2.900387905538082123e-02 2.700403146445751190e-02 2.997662313282489777e-02 2.124788425862789154e-02 1.043640356510877609e-02 6.489291042089462280e-02 1.308030635118484497e-02 8.249191567301750183e-03 4.174415487796068192e-03 5.318380147218704224e-02 3.745048120617866516e-02 7.120682299137115479e-02 1.849303767085075378e-02 6.604330241680145264e-02 1.592498831450939178e-02 1.773981563746929169e-02 3.812848776578903198e-02 1.097042672336101532e-02 1.580444280989468098e-03 5.621523037552833557e-02 6.440730392932891846e-02 2.993563190102577209e-03 3.413891792297363281e-02 3.946985304355621338e-02 9.620249271392822266e-03 5.161802843213081360e-02 3.278915956616401672e-02 8.156270720064640045e-03 3.706195205450057983e-02 3.417298663407564163e-03 8.192281424999237061e-02 9.714539628475904465e-04 4.015228152275085449e-02 2.553896978497505188e-02 9.337450377643108368e-03 6.413511931896209717e-03 2.451473148539662361e-03 9.447950869798660278e-03 1.667260192334651947e-02 3.231741860508918762e-02 1.554456446319818497e-02 3.771738708019256592e-02 9.484008885920047760e-03 4.827305302023887634e-02 3.991715144366025925e-03 4.777606576681137085e-03 2.633780706673860550e-03 5.978663265705108643e-02 1.145763043314218521e-02 2.014564163982868195e-02 3.427718952298164368e-02 1.395059097558259964e-02 2.183097414672374725e-03 1.007125596515834332e-03 3.560140030458569527e-03 3.655835753306746483e-03 8.228547871112823486e-03 8.289388380944728851e-03 1.012067403644323349e-02 6.342805176973342896e-02 1.050582155585289001e-03 3.391372412443161011e-02 2.840368449687957764e-02 2.032396383583545685e-02 2.987841144204139709e-02 2.911696769297122955e-02 2.125086821615695953e-02 4.304966330528259277e-02 9.652688167989253998e-03 6.084876134991645813e-03 4.153646528720855713e-02 4.125026986002922058e-03 5.489258561283349991e-03 1.908673532307147980e-02 5.750690028071403503e-02 5.271559953689575195e-02 6.963293999433517456e-02 6.850393861532211304e-02 4.254008829593658447e-02 3.310564160346984863e-02 4.260254651308059692e-02 4.682637378573417664e-02 2.909625181928277016e-03 1.857472816482186317e-03 4.312047734856605530e-02 5.123810470104217529e-02 4.243908450007438660e-02 2.340771071612834930e-02 3.968580439686775208e-02 2.540718391537666321e-02 1.829185709357261658e-02 7.175730913877487183e-02 3.290479769930243492e-03 1.689394749701023102e-02 3.429893031716346741e-02 1.336283609271049500e-02 2.333331853151321411e-02 6.227108184248209000e-03 3.944332711398601532e-03 9.913781657814979553e-03
9.098526090383529663e-03 2.187380567193031311e-02 7.106226682662963867e-02 3.194494545459747314e-02 4.637432470917701721e-02 3.270410466939210892e-03 3.148235380649566650e-02 1.125277504324913025e-01 1.422135625034570694e-02 6.715378910303115845e-02 6.971943075768649578e-04 1.065178774297237396e-02 1.923124492168426514e-02 1.442579180002212524e-02 4.095498006790876389e-03 2.185250259935855865e-02 4.479891434311866760e-02 9.669265896081924438e-02 6.780680269002914429e-02 1.456184498965740204e-02 5.812593176960945129e-02 4.760435223579406738e-02 3.007867187261581421e-02 4.425049200654029846e-02 8.114101365208625793e-03 5.162270367145538330e-02 4.056812077760696411e-02 6.773183122277259827e-03 1.323762629181146622e-02 3.970544412732124329e-02 6.289380043745040894e-02 6.487827003002166748e-02 4.278631135821342468e-02 6.143788807094097137e-03 6.893873959779739380e-02 3.917543217539787292e-03 2.414024248719215393e-02 2.441375143826007843e-02 6.955895572900772095e-03 2.978013269603252411e-02 5.018151178956031799e-02 7.522655278444290161e-02 7.630709558725357056e-02 4.601271077990531921e-02 3.624696284532546997e-02 2.617411501705646515e-02 3.295945376157760620e-02 3.750500828027725220e-02 5.603458732366561890e-02 4.926177114248275757e-02 1.560406945645809174e-02 1.050308495759963989e-01 6.556608527898788452e-02 6.618251651525497437e-02 2.751869335770606995e-02 4.635251685976982117e-02 1.021355576813220978e-02 1.401395257562398911e-02 5.132983624935150146e-02 8.347542025148868561e-04 3.908842056989669800e-02 6.249320879578590393e-02 2.962001971900463104e-02 2.557185478508472443e-02 3.334020078182220459e-02 1.560829393565654755e-02 3.348876163363456726e-02 4.027729853987693787e-02 1.262865029275417328e-02 2.923108823597431183e-02 5.648509040474891663e-02 7.475238293409347534e-02 6.817083340138196945e-03 3.747567534446716309e-02 3.598134592175483704e-02 8.005083352327346802e-02 7.404196262359619141e-02 7.327074557542800903e-02 1.641007140278816223e-02 2.704449929296970367e-02 6.645406596362590790e-03 2.315556555986404419e-01 7.118966430425643921e-02 2.563391171861439943e-04 6.479270756244659424e-02 2.352069877088069916e-02 3.672337532043457031e-02 1.929588243365287781e-02 2.953722514212131500e-02 7.527843862771987915e-02 9.254520386457443237e-02 3.792701661586761475e-02 4.199094325304031372e-02 5.664251744747161865e-02 1.849160715937614441e-02 3.615159168839454651e-02 1.005428954958915710e-01 2.212687209248542786e-02 4.547736048698425293e-02 3.423805162310600281e-02 4.238922148942947388e-02 5.330507084727287292e-02 3.257343918085098267e-02 3.426522016525268555e-02 1.219455897808074951e-01 2.160975709557533264e-03 2.805476076900959015e-02 1.936298236250877380e-02 6.360033899545669556e-02 4.916495829820632935e-02 5.984636396169662476e-02 1.148463115096092224e-01 5.107105895876884460e-02 1.132632791996002197e-01 5.466227233409881592e-02 4.207366704940795898e-02
3.596201539039611816e-02 6.385999917984008789e-02 3.194494545459747314e-02 5.953691899776458740e-02 2.137655168771743774e-01 3.559951856732368469e-02 2.996581047773361206e-02 7.399559020996093750e-03 6.835544109344482422e-02 6.965299602597951889e-03 1.662913896143436432e-02 3.480093181133270264e-02 4.592875018715858459e-02 8.274407126009464264e-03 1.362423505634069443e-02 6.109436228871345520e-02 1.525881048291921616e-02 9.054517000913619995e-02 3.162738867104053497e-03 6.284699589014053345e-02 5.479705333709716797e-02 7.480374723672866821e-02 2.833956852555274963e-02 2.235044166445732117e-02 4.429801926016807556e-02 6.635803729295730591e-02 1.777657121419906616e-02 1.912148087285459042e-03 1.581359654664993286e-03 3.617401421070098877e-02 3.721657022833824158e-02 1.028547901660203934e-02 1.862634526332840323e-04 7.952683418989181519e-02 7.761297281831502914e-03 1.820346526801586151e-02 6.563676148653030396e-02 1.092987693846225739e-02 1.479469239711761475e-01 1.911874860525131226e-02 1.815629005432128906e-01 4.674945771694183350e-02 3.209209442138671875e-02 4.397743567824363708e-02 3.703078255057334900e-02 5.605081561952829361e-03 2.251279726624488831e-02 6.859366782009601593e-03 1.879746839404106140e-02 6.826973054558038712e-03 7.330321241170167923e-03 1.881113462150096893e-02 5.170413479208946228e-02 1.872951351106166840e-02 5.332896113395690918e-02 6.154011562466621399e-02 6.377921672537922859e-04 1.996688917279243469e-02 6.281165033578872681e-02 2.844826318323612213e-03 2.740120328962802887e-02 6.296358769759535789e-04 3.272949019446969032e-03 1.633428931236267090e-01 1.137101277709007263e-02 3.296823054552078247e-02 2.554541639983654022e-02 3.757403045892715454e-02 4.231904074549674988e-02 1.883744634687900543e-02 1.875219983048737049e-03 1.449586357921361923e-02 1.452167183160781860e-01 3.784437105059623718e-02 8.341184258460998535e-02 9.335526265203952789e-03 5.324438959360122681e-02 4.655049741268157959e-02 3.222354501485824585e-02 4.845564067363739014e-02 1.067045237869024277e-02 1.544672250747680664e-02 6.020106375217437744e-02 3.581031784415245056e-02 5.470755323767662048e-02 6.240849848836660385e-03 2.633243612945079803e-02 1.792505942285060883e-02 5.718109011650085449e-02 4.220368713140487671e-02 7.576511707156896591e-03 3.782600909471511841e-02 1.549023110419511795e-02 4.533531144261360168e-02 1.937794126570224762e-02 4.494160041213035583e-02 1.192240044474601746e-02 5.618425831198692322e-02 9.333105757832527161e-03 1.062636636197566986e-02 4.577569663524627686e-03 2.275754464790225029e-03 5.781675502657890320e-02 7.002319395542144775e-02 6.262822449207305908e-02 1.380506996065378189e-02 2.434189058840274811e-02 1.124910116195678711e-01 2.877793461084365845e-02 8.882883936166763306e-02 1.597140915691852570e-02 2.468349039554595947e-02 2.021681703627109528e-02 4.750447720289230347e-02 1.912217214703559875e-02 3.349582478404045105e-02
2.179107256233692169e-02 5.008619651198387146e-02 4.637432470917701721e-02 2.137655168771743774e-01 5.858617648482322693e-02 5.570104345679283142e-02 3.597957314923405647e-03 2.918585576117038727e-02 7.323590666055679321e-02 4.859412088990211487e-02 1.080183312296867371e-02 3.784026205539703369e-02 3.445753455162048340e-02 1.412921026349067688e-02 3.697904571890830994e-02 3.695554286241531372e-02 1.909620314836502075e-02 1.204296797513961792e-01 3.326141089200973511e-02 3.360940888524055481e-02 8.648769557476043701e-02 3.959821164608001709e-02 6.588695943355560303e-02 1.689209602773189545e-02 2.348000556230545044e-02 1.190608926117420197e-02 5.036889389157295227e-02 7.203292101621627808e-02 3.003102913498878479e-02 1.069485582411289215e-02 2.091568708419799805e-02 8.188855648040771484e-02 3.009191341698169708e-02 3.001356497406959534e-02 1.013174559921026230e-02 4.918619245290756226e-02 1.101672463119029999e-02 1.116077648475766182e-03 6.213353946805000305e-02 1.421806067228317261e-01 3.081608191132545471e-02 8.314556442201137543e-03 1.898187398910522461e-02 3.010044572874903679e-03 2.521501295268535614e-02 1.313386484980583191e-02 5.000680312514305115e-02 2.840179391205310822e-02 1.994965225458145142e-02 7.310479879379272461e-02 1.233198493719100952e-02 1.255581341683864594e-02 4.526952654123306274e-02 1.025265231728553772e-01 2.192810364067554474e-02 1.130977421998977661e-01 7.594545371830463409e-03 1.379930321127176285e-02 3.968786075711250305e-02 7.327139028348028660e-04 5.126984324306249619e-03 3.329256316646933556e-03 9.374003112316131592e-02 4.899547994136810303e-02 3.568569896742701530e-03 1.004497148096561432e-02 2.993819490075111389e-02 2.431573905050754547e-02 3.249053657054901123e-02 1.261753379367291927e-03 6.631534779444336891e-04 4.038569703698158264e-02 5.326958745718002319e-02 3.061710670590400696e-02 5.375255830585956573e-03 3.290396183729171753e-02 4.284101352095603943e-02 7.303053885698318481e-02 4.512937273830175400e-03 7.061579823493957520e-02 6.677406281232833862e-02 7.999965921044349670e-03 4.640526324510574341e-02 2.990454994142055511e-02 1.432186085730791092e-02 8.444815874099731445e-03 8.091567084193229675e-03 3.087245300412178040e-02 1.301869517192244530e-03 1.355812884867191315e-03 3.343193605542182922e-02 1.736044883728027344e-02 1.704970747232437134e-02 5.179687961935997009e-02 2.978093456476926804e-03 1.846732385456562042e-02 1.193802151829004288e-02 1.078553125262260437e-02 4.187031462788581848e-02 4.664330929517745972e-02 2.212422713637351990e-02 5.060697719454765320e-02 3.508629649877548218e-02 6.932380795478820801e-02 2.225049771368503571e-02 9.751501493155956268e-03 2.755014924332499504e-03 4.347755014896392822e-02 3.780498355627059937e-02 6.906889379024505615e-02 1.070821192115545273e-02 5.446134507656097412e-02 2.912764437496662140e-02 2.932013478130102158e-03 7.626394927501678467e-02 1.519604027271270752e-02
1.414924561977386475e-01 1.221765875816345215e-01 3.270410466939210892e-03 3.559951856732368469e-02 5.570104345679283142e-02 5.423738807439804077e-02 1.532032340764999390e-01 2.137082442641258240e-02 2.379529736936092377e-02 5.928555503487586975e-02 1.064534187316894531e-01 5.345436558127403259e-02 1.158184409141540527e-01 2.865989133715629578e-02 3.699374943971633911e-02 6.420490797609090805e-03 1.960911415517330170e-02 2.463984489440917969e-02 2.815248258411884308e-02 1.396230980753898621e-02 3.264348581433296204e-02 1.053408160805702209e-02 7.717631757259368896e-03 6.096128374338150024e-02 4.326176643371582031e-02 2.693581208586692810e-02 5.680658388882875443e-03 1.934706000611186028e-03 5.222243070602416992e-02 4.858308285474777222e-02 1.442842558026313782e-02 6.895714439451694489e-03 1.108715590089559555e-02 4.301450029015541077e-02 6.196859851479530334e-02 2.018879912793636322e-02 5.407528486102819443e-03 3.973249718546867371e-02 3.291159495711326599e-02 4.896540939807891846e-02 3.601301088929176331e-02 5.034929141402244568e-02 3.936317935585975647e-02 7.035610266029834747e-03 4.044410213828086853e-02 2.496084757149219513e-02 9.455232322216033936e-02 5.985810235142707825e-02 3.647781535983085632e-02 4.478369280695915222e-02 1.171842566691339016e-03 9.951859712600708008e-03 2.837918512523174286e-02 3.456350881606340408e-03 1.314950268715620041e-02 4.407928511500358582e-02 3.802240639925003052e-02 1.179482438601553440e-03 1.890142634510993958e-02 2.448624372482299805e-02 4.987279325723648071e-02 9.879616089165210724e-03 5.562133155763149261e-03 9.630862623453140259e-03 4.783609881997108459e-02 1.648516952991485596e-02 2.609756076708436012e-03 5.608162656426429749e-02 2.726082457229495049e-03 1.643650606274604797e-02 1.360206585377454758e-02 2.805065549910068512e-02 5.061144009232521057e-03 1.030771620571613312e-02 1.088577508926391602e-02 2.338777668774127960e-02 3.923702239990234375e-02 2.612997032701969147e-02 2.062154188752174377e-02 2.416386455297470093e-02 1.575198583304882050e-02 3.538995236158370972e-02 3.857190161943435669e-02 6.089045107364654541e-02 1.568551920354366302e-02 4.097802937030792236e-02 3.904949873685836792e-02 3.991520404815673828e-02 4.148204997181892395e-02 1.833374239504337311e-02 3.232318162918090820e-02 6.388109177350997925e-02 4.185099527239799500e-02 5.786632373929023743e-02 1.959010027348995209e-02 4.758270457386970520e-02 5.000979453325271606e-02 9.695367887616157532e-03 2.713397890329360962e-02 3.712919354438781738e-02 4.851873219013214111e-02 1.844167523086071014e-02 1.980480924248695374e-02 3.620494902133941650e-02 2.188423648476600647e-03 1.848332211375236511e-02 9.526221454143524170e-02 1.147464942187070847e-02 4.652289301156997681e-02 1.107675023376941681e-02 2.418350055813789368e-02 9.289164096117019653e-03 2.046205848455429077e-02 1.938858069479465485e-02 1.916222833096981049e-02 3.790762508288025856e-03
5.834195017814636230e-02 8.434911072254180908e-02 3.148235380649566650e-02 2.996581047773361206e-02 3.597957314923405647e-03 1.532032340764999390e-01 2.343282289803028107e-02 1.714756526052951813e-02 1.049718167632818222e-02 5.929448828101158142e-02 7.815531641244888306e-02 1.274478342384099960e-02 8.186864852905273438e-02 1.289359945803880692e-02 4.527959600090980530e-02 3.090083040297031403e-02 1.812410540878772736e-02 1.827564835548400879e-02 1.545831747353076935e-02 4.301607981324195862e-02 4.375225678086280823e-02 3.564620018005371094e-02 2.076881751418113708e-02 9.516180492937564850e-03 5.627424642443656921e-02 1.074341777712106705e-02 6.624545902013778687e-02 3.403484122827649117e-03 1.056581083685159683e-02 1.410297863185405731e-02 8.729867637157440186e-03 2.357385121285915375e-03 3.447422012686729431e-02 4.672208055853843689e-02 2.367857098579406738e-02 1.814686693251132965e-02 7.646902464330196381e-03 3.826658800244331360e-02 1.146272849291563034e-02 1.796422153711318970e-02 1.614866778254508972e-02 1.213954016566276550e-02 1.034276187419891357e-02 3.995920345187187195e-02 1.012044725939631462e-03 7.276520878076553345e-02 6.953528523445129395e-02 1.347918361425399780e-01 1.857271045446395874e-02 1.707935333251953125e-02 4.988436400890350342e-02 2.589169330894947052e-02 5.742822773754596710e-03 2.013896033167839050e-02 3.154027462005615234e-02 4.567067697644233704e-02 5.185602977871894836e-02 6.043401081115007401e-04 3.099039569497108459e-02 3.415522724390029907e-02 6.029811874032020569e-02 1.646606437861919403e-02 1.652911119163036346e-02 6.498865783214569092e-02 7.512161880731582642e-02 7.594023831188678741e-03 6.129572167992591858e-03 4.270696640014648438e-02 5.658342037349939346e-03 2.189007028937339783e-02 2.890822850167751312e-02 9.987269341945648193e-02 1.089735794812440872e-02 1.969775184988975525e-02 2.600339706987142563e-03 5.131509900093078613e-02 4.717187955975532532e-02 2.743195369839668274e-02 9.700756520032882690e-03 1.984765566885471344e-02 3.382806107401847839e-02 3.983035217970609665e-03 4.375146329402923584e-02 3.605243191123008728e-02 1.275995932519435883e-02 4.812012985348701477e-02 2.463747002184391022e-02 4.740512371063232422e-02 1.107973419129848480e-02 6.019878014922142029e-02 2.690514177083969116e-02 6.553240120410919189e-02 3.090777434408664703e-02 2.383101731538772583e-02 6.217771023511886597e-02 1.235927864909172058e-01 1.121857296675443649e-02 1.700098626315593719e-02 4.335140064358711243e-02 3.358658403158187866e-02 4.108083620667457581e-02 1.548640988767147064e-02 2.343142591416835785e-02 4.519504308700561523e-02 1.126575097441673279e-02 4.349536076188087463e-02 1.192980334162712097e-01 4.002761095762252808e-02 4.867944493889808655e-02 1.328537054359912872e-02 2.888633869588375092e-02 5.171518400311470032e-02 2.784892730414867401e-02 3.903416171669960022e-02 2.745831385254859924e-02 4.275247920304536819e-03
3.373444825410842896e-02 1.764347404241561890e-02 1.125277504324913025e-01 7.399559020996093750e-03 2.918585576117038727e-02 2.137082442641258240e-02 1.714756526052951813e-02 4.687081649899482727e-02 3.519484028220176697e-02 1.307851052843034267e-03 4.434422403573989868e-02 1.532308943569660187e-02 2.592938393354415894e-02 2.400152757763862610e-02 1.008524373173713684e-01 7.610165327787399292e-02 8.114552125334739685e-03 1.642227731645107269e-02 9.523201733827590942e-03 3.105936385691165924e-02 2.482847496867179871e-02 6.695314496755599976e-02 8.107678964734077454e-03 3.917454183101654053e-02 2.211000770330429077e-02 1.147588714957237244e-02 1.541785057634115219e-02 1.833127252757549286e-02 1.888338476419448853e-02 4.672041162848472595e-02 2.600638195872306824e-02 1.771147479303181171e-03 1.701330207288265228e-02 1.758850924670696259e-02 3.281681239604949951e-02 6.470566987991333008e-02 7.988626509904861450e-02 2.277642861008644104e-02 3.468154743313789368e-02 6.978323217481374741e-03 4.103854671120643616e-02 6.865620613098144531e-03 8.941690321080386639e-04 3.030619584023952484e-02 1.805147342383861542e-02 2.156504988670349121e-02 2.034835517406463623e-02 3.583401069045066833e-02 9.832294657826423645e-03 2.783685456961393356e-03 5.765366554260253906e-02 6.719029694795608521e-02 2.775679342448711395e-02 3.775875084102153778e-03 2.503213286399841309e-02 3.935018181800842285e-02 1.962389424443244934e-02 8.148179389536380768e-03 4.557450860738754272e-02 2.145734056830406189e-02 2.759058214724063873e-02 1.393215265125036240e-02 1.287044957280158997e-02 5.774634890258312225e-03 3.563600778579711914e-02 2.965819835662841797e-02 1.759603386744856834e-03 3.201197832822799683e-03 2.810925990343093872e-02 8.980753831565380096e-03 5.259318742901086807e-03 3.528155758976936340e-02 1.429875753819942474e-02 3.183374926447868347e-02 1.909235864877700806e-02 2.075325325131416321e-02 1.959527656435966492e-02 2.331857569515705109e-02 4.972214996814727783e-02 1.748223975300788879e-02 2.926701307296752930e-02 9.324152767658233643e-02 7.722026109695434570e-02 7.897002995014190674e-02 2.814388461410999298e-02 6.398489233106374741e-03 7.709485292434692383e-02 4.500218853354454041e-02 4.723648726940155029e-02 3.212546184659004211e-02 3.185775503516197205e-02 5.485946685075759888e-02 2.153873443603515625e-02 9.811067953705787659e-03 6.981800496578216553e-02 3.369646519422531128e-02 2.570720203220844269e-02 1.063403859734535217e-02 4.408572241663932800e-02 3.481446206569671631e-02 3.467680141329765320e-02 4.152407497167587280e-02 3.078955225646495819e-03 4.173542186617851257e-02 6.142827123403549194e-02 3.494555875658988953e-02 5.493126437067985535e-02 2.950744237750768661e-03 6.630982458591461182e-02 3.563667088747024536e-02 8.190593123435974121e-02 6.794264167547225952e-02 1.460961624979972839e-02 4.357097670435905457e-02 6.931844353675842285e-02 2.593634091317653656e-02
4.390554968267679214e-03 7.371475803665816784e-04 1.422135625034570694e-02 6.835544109344482422e-02 7.323590666055679321e-02 2.379529736936092377e-02 1.049718167632818222e-02 3.519484028220176697e-02 2.055322751402854919e-02 9.072071313858032227e-02 4.291480779647827148e-02 4.216475784778594971e-02 4.060178250074386597e-02 3.591413050889968872e-02 8.075985126197338104e-03 6.797353923320770264e-02 2.531082369387149811e-02 1.192806884646415710e-01 4.470507055521011353e-02 2.151353098452091217e-02 1.366355642676353455e-02 3.711275756359100342e-03 8.874598890542984009e-03 3.717299178242683411e-02 2.231931500136852264e-02 1.156179141253232956e-02 2.047205902636051178e-02 5.925170332193374634e-02 9.477318264544010162e-03 3.641980141401290894e-02 9.013763628900051117e-03 4.255437478423118591e-02 7.234632223844528198e-02 2.976294048130512238e-02 1.850262051448225975e-03 6.847133394330739975e-03 3.214930370450019836e-02 3.872825950384140015e-02 5.191978812217712402e-02 7.538903038948774338e-03 1.820743549615144730e-03 1.847160048782825470e-02 2.705530077219009399e-02 6.009534467011690140e-03 1.014332696795463562e-01 5.038897693157196045e-02 7.054397463798522949e-02 7.041213661432266235e-02 2.704923972487449646e-02 2.037394791841506958e-02 2.384365536272525787e-02 4.099520295858383179e-02 3.086107037961483002e-02 4.714560881257057190e-02 4.577605053782463074e-02 7.701748516410589218e-03 5.662064533680677414e-03 2.118230797350406647e-02 2.024913020431995392e-02 1.742481626570224762e-02 8.870597183704376221e-02 5.062080919742584229e-02 2.935752086341381073e-02 4.907976090908050537e-02 1.482703629881143570e-02 2.201190218329429626e-02 3.036519326269626617e-02 3.191734850406646729e-02 4.595779255032539368e-02 7.599654141813516617e-03 5.381570011377334595e-02 2.096830308437347412e-02 5.686832219362258911e-02 1.627799309790134430e-02 3.839552029967308044e-02 5.659946426749229431e-02 1.968518197536468506e-01 7.520636916160583496e-02 8.549605309963226318e-02 5.831713974475860596e-02 1.989183574914932251e-02 2.669730689376592636e-03 7.809770107269287109e-02 5.062281340360641479e-02 1.931968331336975098e-02 1.334736403077840805e-02 1.600092463195323944e-02 1.134229358285665512e-02 8.540322072803974152e-03 7.537510246038436890e-02 3.174604848027229309e-02 1.341509725898504257e-02 3.602933511137962341e-02 4.488491918891668320e-03 3.758287429809570312e-02 9.763641864992678165e-04 7.174766063690185547e-02 2.214937843382358551e-02 2.996070310473442078e-02 1.665219105780124664e-02 1.052845176309347153e-02 2.094228751957416534e-02 3.282715752720832825e-02 4.247956722974777222e-02 3.099672496318817139e-02 1.330950297415256500e-02 4.560149833559989929e-02 2.151412190869450569e-03 5.251121893525123596e-02 4.953807685524225235e-03 1.397971529513597488e-02 2.249466069042682648e-02 1.728290691971778870e-03 9.786437265574932098e-03 2.025751769542694092e-02 7.433278020471334457e-03
2.459654817357659340e-03 2.189479582011699677e-02 6.715378910303115845e-02 6.965299602597951889e-03 4.859412088990211487e-02 5.928555503487586975e-02 5.929448828101158142e-02 1.307851052843034267e-03 9.072071313858032227e-02 3.170514106750488281e-02 1.564049720764160156e-02 7.560609281063079834e-02 5.329224094748497009e-02 2.504428662359714508e-02 1.568967849016189575e-02 1.271847821772098541e-02 2.535713650286197662e-02 2.765834517776966095e-02 1.227367818355560303e-01 2.743069082498550415e-02 3.711577504873275757e-02 2.885543182492256165e-02 4.541214182972908020e-02 1.079155411571264267e-02 1.940150000154972076e-02 2.566668391227722168e-02 5.507408082485198975e-02 3.832215676084160805e-03 9.531117975711822510e-03 2.172802761197090149e-02 6.798957474529743195e-03 4.484763368964195251e-03 3.241171361878514290e-03 4.729693289846181870e-03 2.756882645189762115e-02 6.475091725587844849e-02 5.286285653710365295e-03 2.244505286216735840e-02 1.569025451317429543e-03 2.853818237781524658e-02 2.271286025643348694e-02 2.238393947482109070e-02 8.613980375230312347e-03 4.406485706567764282e-03 3.654404357075691223e-02 5.407164338976144791e-03 2.640236727893352509e-02 1.296339649707078934e-02 4.474738612771034241e-02 9.678111225366592407e-02 1.207916648127138615e-03 3.999363631010055542e-02 1.859986223280429840e-02 3.906756266951560974e-02 2.796557359397411346e-02 9.495057910680770874e-02 2.913659904152154922e-03 3.674735128879547119e-02 1.766369305551052094e-02 4.381347820162773132e-02 6.306698545813560486e-03 3.168857097625732422e-02 1.005962211638689041e-02 5.769291892647743225e-03 1.171192899346351624e-02 3.076155669987201691e-03 3.056918038055300713e-03 2.332144975662231445e-02 9.329933673143386841e-03 4.299628734588623047e-02 4.898871853947639465e-02 2.300131507217884064e-02 7.968027144670486450e-02 3.170254454016685486e-02 5.082134623080492020e-03 3.276123106479644775e-02 1.645354181528091431e-02 1.333227157592773438e-01 5.406610295176506042e-02 1.254893541336059570e-01 6.949655245989561081e-03 4.048728570342063904e-02 6.350017338991165161e-02 9.270580857992172241e-02 2.257695421576499939e-02 3.018419258296489716e-02 3.235459327697753906e-02 1.269451994448900223e-02 2.732650004327297211e-02 1.445113569498062134e-01 3.072602115571498871e-02 2.281949110329151154e-02 1.881489343941211700e-02 1.423286274075508118e-03 1.201557088643312454e-02 5.878508463501930237e-02 5.159576982259750366e-02 1.343901362270116806e-02 2.563453651964664459e-02 1.291360799223184586e-02 5.167363584041595459e-02 5.390271544456481934e-02 2.259749546647071838e-02 3.297655656933784485e-02 6.889373762533068657e-04 2.570649795234203339e-02 2.662341296672821045e-02 5.892947688698768616e-02 6.188948825001716614e-02 1.008732710033655167e-02 1.369751151651144028e-02 4.401423037052154541e-03 1.796556520275771618e-03 1.124403625726699829e-02 6.969050038605928421e-03 2.403326705098152161e-02
2.181261628866195679e-01 9.738608449697494507e-02 6.971943075768649578e-04 1.662913896143436432e-02 1.080183312296867371e-02 1.064534187316894531e-01 7.815531641244888306e-02 4.434422403573989868e-02 4.291480779647827148e-02 1.564049720764160156e-02 4.670514911413192749e-02 4.144578054547309875e-02 1.614421308040618896e-01 2.604408189654350281e-03 2.676542848348617554e-02 4.396074265241622925e-02 6.494550500065088272e-03 6.586740259081125259e-03 2.323238551616668701e-02 2.773331664502620697e-02 1.775165274739265442e-02 1.352510154247283936e-01 6.905246526002883911e-03 3.120789118111133575e-02 1.214700844138860703e-02 5.978848785161972046e-02 4.144615679979324341e-02 1.318457629531621933e-02 3.870831429958343506e-02 9.758092463016510010e-03 2.597957290709018707e-02 1.901500299572944641e-02 9.373769164085388184e-03 1.791082508862018585e-02 2.859409153461456299e-02 1.960292086005210876e-02 7.413081079721450806e-02 2.012937096878886223e-03 1.729338988661766052e-02 2.137909084558486938e-02 5.210566520690917969e-02 6.113937124609947205e-03 2.131200209259986877e-02 4.679733887314796448e-02 4.220441356301307678e-02 6.633830815553665161e-02 1.118703112006187439e-01 3.241086751222610474e-02 6.594721227884292603e-03 3.283336386084556580e-02 2.844552695751190186e-02 9.880235884338617325e-04 3.615445643663406372e-02 3.002233803272247314e-03 2.135237306356430054e-02 1.389602851122617722e-02 1.041145063936710358e-02 9.815291501581668854e-03 3.241784498095512390e-02 3.520160913467407227e-02 4.464719071984291077e-02 4.822798073291778564e-03 3.447857685387134552e-03 4.901433363556861877e-02 6.667826324701309204e-02 4.460712522268295288e-02 1.272185472771525383e-03 5.730787292122840881e-02 3.906695172190666199e-02 5.098477005958557129e-03 9.406278841197490692e-03 5.595534667372703552e-02 2.326704852748662233e-04 2.229620702564716339e-02 2.643149532377719879e-02 2.347960695624351501e-02 3.140149638056755066e-02 2.740881405770778656e-02 2.184490486979484558e-02 5.256919562816619873e-02 8.460305631160736084e-03 2.744792029261589050e-02 4.536076914519071579e-03 3.814405528828501701e-03 5.366414319723844528e-03 1.676347292959690094e-02 5.672412738204002380e-02 7.606623321771621704e-02 1.633062958717346191e-02 1.426960807293653488e-02 8.261589705944061279e-02 7.545985281467437744e-02 4.701172932982444763e-02 6.285256892442703247e-02 1.301623973995447159e-02 5.256240814924240112e-02 6.846399512141942978e-03 5.762902647256851196e-02 3.369283303618431091e-02 7.580603472888469696e-03 6.112972623668611050e-04 3.945263475179672241e-02 1.310086064040660858e-02 2.321889996528625488e-02 3.129601106047630310e-02 5.245478078722953796e-02 2.872131019830703735e-02 1.185096614062786102e-02 4.623401165008544922e-02 2.448591589927673340e-02 8.472176268696784973e-03 2.500597387552261353e-02 1.949341036379337311e-02 2.019470557570457458e-02 3.030702844262123108e-02 5.852791666984558105e-02
4.240982234477996826e-02 6.018428876996040344e-02 1.065178774297237396e-02 3.480093181133270264e-02 3.784026205539703369e-02 5.345436558127403259e-02 1.274478342384099960e-02 1.532308943569660187e-02 4.216475784778594971e-02 7.560609281063079834e-02 4.144578054547309875e-02 1.465521194040775299e-02 3.414373379200696945e-03 1.943306475877761841e-01 2.800066210329532623e-02 2.864863164722919464e-02 5.608178302645683289e-02 1.048440765589475632e-02 1.314055174589157104e-02 1.724101603031158447e-02 3.313035517930984497e-02 5.938067659735679626e-02 5.672755837440490723e-02 2.069879136979579926e-02 9.190049953758716583e-03 2.778231725096702576e-02 7.258259505033493042e-02 7.839507609605789185e-02 7.238706201314926147e-02 7.801415026187896729e-02 2.114376239478588104e-02 4.606745671480894089e-03 1.081856153905391693e-02 2.429176867008209229e-02 2.693239040672779083e-02 9.275073558092117310e-02 2.272141166031360626e-02 1.183581911027431488e-02 3.720996610354632139e-04 7.404904067516326904e-02 3.184604644775390625e-02 2.426050044596195221e-02 7.406641729176044464e-03 3.751362860202789307e-02 8.538670837879180908e-02 2.901812270283699036e-02 7.159593701362609863e-02 3.423867747187614441e-02 2.863226644694805145e-02 1.061269640922546387e-02 1.624693535268306732e-02 1.353360619395971298e-02 5.647697951644659042e-03 1.860438287258148193e-02 1.030043419450521469e-02 1.157842390239238739e-02 6.799595803022384644e-02 3.110665082931518555e-02 6.859339773654937744e-02 7.723220437765121460e-02 5.301405861973762512e-02 6.207313761115074158e-02 2.953042834997177124e-02 1.657402026467025280e-03 3.678904846310615540e-02 3.362559899687767029e-02 2.343051508069038391e-02 3.035754710435867310e-02 1.225533057004213333e-02 2.140257135033607483e-02 1.670236885547637939e-02 2.474225685000419617e-02 1.101322472095489502e-02 7.730437908321619034e-03 1.122642122209072113e-02 5.288538988679647446e-03 8.475249260663986206e-02 5.447605624794960022e-02 4.921574518084526062e-02 5.617990344762802124e-02 2.566272579133510590e-02 3.596788272261619568e-02 3.507356718182563782e-02 3.386188670992851257e-02 3.972868621349334717e-02 7.417122367769479752e-03 4.123407602310180664e-02 2.659990452229976654e-02 4.850232601165771484e-02 1.398423220962285995e-02 4.372385516762733459e-02 1.741511747241020203e-02 6.636393070220947266e-02 6.439082324504852295e-02 2.241019718348979950e-02 9.716877713799476624e-03 5.784812197089195251e-02 3.722918778657913208e-02 1.460415124893188477e-02 1.710734516382217407e-02 4.994546622037887573e-02 2.535237581469118595e-04 7.960819639265537262e-03 2.299621328711509705e-02 2.015769667923450470e-02 4.234854504466056824e-02 4.193889722228050232e-02 6.150939315557479858e-02 2.103537134826183319e-02 1.304622390307486057e-03 4.301489144563674927e-02 7.114032655954360962e-02 8.704310283064842224e-03 4.241020884364843369e-03 5.098987370729446411e-02 4.758514091372489929e-02
1.594946831464767456e-01 1.615897417068481445e-01 1.923124492168426514e-02 4.592875018715858459e-02 3.445753455162048340e-02 1.158184409141540527e-01 8.186864852905273438e-02 2.592938393354415894e-02 4.060178250074386597e-02 5.329224094748497009e-02 1.614421308040618896e-01 3.414373379200696945e-03 4.760139435529708862e-02 2.382986014708876610e-03 1.317230891436338425e-02 1.141196209937334061e-02 2.766816504299640656e-02 1.601698063313961029e-02 2.345934044569730759e-03 2.593390829861164093e-02 3.534754039719700813e-03 5.158809944987297058e-02 5.578392650932073593e-03 1.901371404528617859e-02 4.866787348873913288e-04 1.516255829483270645e-02 5.573306605219841003e-02 5.437413346953690052e-04 3.292132541537284851e-02 1.922877505421638489e-02 2.105321176350116730e-02 5.706653930246829987e-03 3.386117517948150635e-02 1.806564070284366608e-02 3.987514227628707886e-02 1.515989098697900772e-02 5.816140677779912949e-03 4.615471884608268738e-02 3.904049471020698547e-02 1.501398161053657532e-02 1.770548336207866669e-02 5.230387207120656967e-03 5.770454648882150650e-03 1.832376420497894287e-02 1.785027235746383667e-02 3.282534703612327576e-02 9.958931803703308105e-02 5.070587620139122009e-02 1.448076497763395309e-02 1.637297309935092926e-02 1.523813512176275253e-02 2.276585809886455536e-02 3.114589117467403412e-02 2.780486270785331726e-02 1.543738599866628647e-02 9.244506247341632843e-03 3.077801689505577087e-02 1.703424938023090363e-02 3.727903962135314941e-02 3.028830513358116150e-02 3.181966766715049744e-02 4.343350604176521301e-02 3.119321912527084351e-02 2.775593847036361694e-02 4.544737562537193298e-02 6.168505176901817322e-02 3.707753261551260948e-03 1.822762191295623779e-02 1.011584233492612839e-02 2.854398451745510101e-02 1.196160446852445602e-02 2.893862500786781311e-02 4.116611555218696594e-02 1.413735095411539078e-02 7.113371044397354126e-03 2.021936513483524323e-02 5.019511282444000244e-02 4.312891885638237000e-02 2.096812799572944641e-02 5.361234769225120544e-02 1.058155857026576996e-02 4.108012467622756958e-02 1.724888943135738373e-02 2.929598558694124222e-03 9.812624193727970123e-03 2.867218293249607086e-02 3.651332855224609375e-02 4.772876203060150146e-02 4.429562762379646301e-02 5.658010952174663544e-03 1.798870041966438293e-02 9.319367259740829468e-02 3.826728207059204578e-04 4.405434057116508484e-02 1.552056986838579178e-02 4.043817147612571716e-02 1.043199095875024796e-02 4.104308038949966431e-02 3.136622905731201172e-02 3.922045230865478516e-02 5.586872342973947525e-03 3.652606159448623657e-02 1.365127321332693100e-02 5.842154845595359802e-02 1.190760079771280289e-02 8.275518193840980530e-03 2.802813798189163208e-02 3.364608064293861389e-02 3.407933562994003296e-02 2.300918102264404297e-02 1.324705779552459717e-02 6.105078384280204773e-03 3.521151468157768250e-02 8.544363081455230713e-03 2.916143089532852173e-02 5.378657020628452301e-03
