7.816864550113677979e-02 2.900606393814086914e-01 5.160393659025430679e-03 1.174094248563051224e-02 4.961263854056596756e-03 1.514427214860916138e-01 1.390598118305206299e-01 2.043374627828598022e-02 2.617342211306095123e-02 3.491354361176490784e-02 1.968105882406234741e-01 6.354051828384399414e-02 8.135629445314407349e-02 4.090964328497648239e-03 8.216508477926254272e-02 2.466592937707901001e-02 4.884154722094535828e-02 8.839308284223079681e-03 2.166822366416454315e-02 6.629367358982563019e-03 2.538839355111122131e-02 5.399927869439125061e-02 1.509909797459840775e-02 2.571482583880424500e-02 2.612609229981899261e-02 7.822919636964797974e-02 5.802719853818416595e-03 2.031299658119678497e-02 2.689095772802829742e-02 3.399529308080673218e-02 5.306493490934371948e-02 1.251012925058603287e-02 5.847338959574699402e-02 4.288591444492340088e-02 3.519511595368385315e-02 2.900793775916099548e-02 3.777561476454138756e-03 2.503379620611667633e-02 4.145933315157890320e-02 1.821302808821201324e-02 6.361611187458038330e-02 7.522987574338912964e-02 4.607619717717170715e-02 2.860478311777114868e-02 1.322197029367089272e-03 1.920418068766593933e-02 8.749005943536758423e-02 8.067095279693603516e-02 5.544856190681457520e-02 5.054588429629802704e-03 4.333626478910446167e-03 2.752818167209625244e-02 3.861775994300842285e-02 2.262263931334018707e-02 2.792276907712221146e-03 1.527856290340423584e-02 5.293192341923713684e-02 1.639078557491302490e-02 2.542078308761119843e-02 5.395906977355480194e-03 4.059351980686187744e-02 1.837225444614887238e-02 1.866598427295684814e-02 9.131478145718574524e-03 2.524397335946559906e-02 2.545613609254360199e-02 2.821062505245208740e-02 1.530668511986732483e-02 4.669938236474990845e-02 1.287588570266962051e-02 2.822985127568244934e-02 9.630484506487846375e-03 7.784812711179256439e-03 2.107227453961968422e-03 3.265006840229034424e-02 3.660017997026443481e-02 3.857760503888130188e-02 4.148917738348245621e-03 3.852090612053871155e-02 2.046723663806915283e-02 5.265774950385093689e-02 1.133237313479185104e-02 4.518935084342956543e-02 3.323509916663169861e-02 3.352473303675651550e-02 1.086533069610595703e-02 8.599848486483097076e-03 7.126802951097488403e-02 2.828594669699668884e-02 4.862417001277208328e-03 1.280395314097404480e-02 9.089105576276779175e-02 2.919700182974338531e-02 1.798226498067378998e-02 4.781896620988845825e-02 4.725931957364082336e-02 7.524161133915185928e-03 4.660705104470252991e-03 6.923612207174301147e-02 2.553882822394371033e-02 2.194956131279468536e-02 4.469786584377288818e-02 1.102816220372915268e-02 4.386224225163459778e-02 8.981045335531234741e-03 3.145486488938331604e-02 4.705300182104110718e-02 9.592896327376365662e-03 6.760158110409975052e-03 2.923021465539932251e-02 3.118313290178775787e-02 7.448549848049879074e-03 2.595178224146366119e-02 9.376867674291133881e-03 3.268817905336618423e-03 3.064498305320739746e-02
2.900606393814086914e-01 8.126318454742431641e-02 2.617162093520164490e-02 4.044739902019500732e-02 6.446928717195987701e-03 7.171490788459777832e-02 1.753250807523727417e-01 2.052882686257362366e-02 4.636467993259429932e-02 2.142153121531009674e-02 1.193316802382469177e-01 5.031309276819229126e-02 1.439621448516845703e-01 4.694735631346702576e-03 8.421774208545684814e-02 4.005598649382591248e-02 3.010245040059089661e-02 2.006481587886810303e-02 4.662288725376129150e-02 2.668519131839275360e-02 1.699307002127170563e-02 8.111637085676193237e-02 2.492967993021011353e-02 3.166900202631950378e-02 1.461380440741777420e-02 1.266598142683506012e-02 6.302207242697477341e-03 4.038201272487640381e-02 7.005377672612667084e-03 3.601286932826042175e-02 5.987784266471862793e-02 5.461740493774414062e-02 4.099386278539896011e-03 8.386362344026565552e-03 2.350255660712718964e-02 6.952026486396789551e-02 3.001656010746955872e-02 1.066146232187747955e-02 7.935142144560813904e-03 5.283668264746665955e-02 3.536074981093406677e-02 7.175814360380172729e-02 3.734743222594261169e-02 3.164527565240859985e-02 9.295866824686527252e-03 1.855427399277687073e-02 9.255084395408630371e-02 1.597461402416229248e-01 4.072032868862152100e-02 2.796590328216552734e-02 2.707921341061592102e-02 2.700606174767017365e-02 1.805562339723110199e-02 1.829170621931552887e-02 2.674199081957340240e-02 2.217237465083599091e-02 2.723034098744392395e-02 3.109753876924514771e-02 6.550305336713790894e-02 2.365580759942531586e-02 2.621247619390487671e-02 3.674340993165969849e-02 5.540707334876060486e-02 6.652767304331064224e-03 2.283780835568904877e-02 1.092445291578769684e-02 3.265477344393730164e-02 5.946002202108502388e-04 1.868906803429126740e-02 4.095378518104553223e-02 5.408316478133201599e-02 3.372567147016525269e-02 4.642210155725479126e-02 1.276688463985919952e-02 1.053715962916612625e-02 3.529948368668556213e-02 3.930562234017997980e-04 5.296899471431970596e-03 1.192982308566570282e-02 1.263683754950761795e-02 1.552241761237382889e-02 4.650236666202545166e-02 3.866888349875807762e-03 7.642618846148252487e-03 1.376471016556024551e-02 6.166142597794532776e-02 7.435762882232666016e-02 8.037953078746795654e-02 4.697405174374580383e-02 1.070004422217607498e-02 6.230574473738670349e-02 9.417938441038131714e-02 1.108248904347419739e-02 5.478462576866149902e-02 5.791068449616432190e-02 6.424584984779357910e-02 2.768795192241668701e-02 3.222614293918013573e-03 7.069722563028335571e-02 5.043297260999679565e-02 9.761566296219825745e-03 4.915511235594749451e-02 6.243938580155372620e-03 1.157309673726558685e-02 3.443545848131179810e-02 5.533179640769958496e-02 1.955227367579936981e-02 5.508425645530223846e-03 9.030893445014953613e-03 3.169686719775199890e-02 5.286766961216926575e-02 1.814061589539051056e-02 3.105273842811584473e-02 2.890181541442871094e-02 1.577564142644405365e-02 1.767141185700893402e-02
5.160393659025430679e-03 2.617162093520164490e-02 4.917625919915735722e-04 1.097796251997351646e-03 3.585544973611831665e-02 8.968479186296463013e-02 1.081767305731773376e-02 1.276648342609405518e-01 1.599419279955327511e-03 8.650333620607852936e-03 5.702759604901075363e-03 4.363316670060157776e-02 2.368472889065742493e-02 5.463059246540069580e-02 2.387325651943683624e-02 3.000601194798946381e-02 5.286530405282974243e-02 6.482983380556106567e-02 2.521306835114955902e-02 4.357105866074562073e-02 2.635505516082048416e-03 2.538075298070907593e-02 3.785391524434089661e-02 2.519684843719005585e-02 3.687071800231933594e-02 1.006039883941411972e-02 5.617887247353792191e-03 1.584994606673717499e-02 1.946013793349266052e-02 1.651773788034915924e-02 1.537443045526742935e-02 1.623794622719287872e-02 2.011931128799915314e-02 2.068563830107450485e-03 7.313575595617294312e-02 2.336741611361503601e-02 7.308498024940490723e-02 1.804228872060775757e-02 3.458820749074220657e-03 1.674041897058486938e-02 5.920853000134229660e-03 4.311363026499748230e-02 1.889296248555183411e-02 3.074556402862071991e-02 5.604014266282320023e-03 1.109473593533039093e-02 1.520992722362279892e-02 3.787227673456072807e-03 8.167827501893043518e-03 6.396386772394180298e-02 6.739124655723571777e-03 1.989696174860000610e-02 1.041276305913925171e-01 9.250099211931228638e-02 7.805453985929489136e-02 5.302745476365089417e-02 3.924243897199630737e-02 3.996525704860687256e-02 4.651078581809997559e-02 1.606193743646144867e-02 4.471133928745985031e-03 4.892031848430633545e-02 3.825519606471061707e-02 3.404701128602027893e-02 4.402911581564694643e-04 1.977764256298542023e-02 2.691421844065189362e-02 1.283978018909692764e-02 8.697565644979476929e-02 2.374713867902755737e-02 2.239862643182277679e-02 3.696061670780181885e-02 6.946147978305816650e-02 1.678864285349845886e-02 1.007336005568504333e-01 3.794785961508750916e-02 3.539275377988815308e-02 5.311387032270431519e-02 3.810504078865051270e-02 2.291432768106460571e-02 1.863894909620285034e-01 1.504741460084915161e-01 7.894763350486755371e-02 3.352984040975570679e-02 1.195241045206785202e-02 5.376643501222133636e-03 6.689874082803726196e-02 6.885663419961929321e-02 5.943399667739868164e-02 2.795260865241289139e-03 3.278869390487670898e-02 7.427272200584411621e-02 6.392120849341154099e-03 7.935806363821029663e-02 4.728128761053085327e-02 2.987779863178730011e-02 7.345624733716249466e-03 1.363848918117582798e-03 1.318702474236488342e-02 4.804941639304161072e-02 1.085806172341108322e-02 8.365534245967864990e-03 1.646015793085098267e-02 2.569323405623435974e-03 2.407867647707462311e-02 7.254190742969512939e-02 8.101929724216461182e-02 4.272750020027160645e-02 3.046724572777748108e-02 2.015499956905841827e-02 1.552359573543071747e-02 6.355093792080879211e-03 1.258310023695230484e-02 3.766870871186256409e-02 2.818121388554573059e-02 3.662244230508804321e-02
1.174094248563051224e-02 4.044739902019500732e-02 1.097796251997351646e-03 5.821435153484344482e-02 3.686865270137786865e-01 1.476777531206607819e-02 1.642372342757880688e-03 2.637168392539024353e-02 1.946864277124404907e-02 3.027476370334625244e-02 9.101094678044319153e-03 1.702288724482059479e-02 5.936108995229005814e-03 9.905549231916666031e-04 1.626440696418285370e-02 7.912994362413883209e-03 6.799161434173583984e-03 7.227645814418792725e-02 2.721404097974300385e-02 5.205609276890754700e-02 1.203092187643051147e-02 9.224832057952880859e-02 4.218309372663497925e-02 1.107101421803236008e-02 1.844169571995735168e-02 4.238399118185043335e-02 3.652725741267204285e-02 1.656533963978290558e-02 2.556826919317245483e-03 5.042544379830360413e-02 8.670444041490554810e-02 1.617595739662647247e-02 4.201739095151424408e-03 4.062999039888381958e-02 1.668699830770492554e-02 1.281899400055408478e-02 8.863622322678565979e-03 3.534251451492309570e-02 9.429442137479782104e-02 3.532182425260543823e-02 8.084666915237903595e-03 5.872107297182083130e-02 8.025185763835906982e-02 6.845676898956298828e-02 2.510524913668632507e-02 5.863674450665712357e-03 9.773962199687957764e-03 2.869760245084762573e-02 8.024924434721469879e-03 3.231390193104743958e-02 8.918459713459014893e-02 6.442943215370178223e-02 3.360788151621818542e-02 1.691577956080436707e-02 5.105558037757873535e-02 2.444382384419441223e-02 8.858321607112884521e-02 9.401701390743255615e-03 7.254622876644134521e-02 5.831057205796241760e-03 6.919346749782562256e-02 1.299955099821090698e-01 5.553622543811798096e-02 6.314219534397125244e-02 8.035873994231224060e-03 5.818460602313280106e-03 1.674711331725120544e-02 2.123751118779182434e-02 2.497901208698749542e-02 3.083294443786144257e-02 2.555565908551216125e-02 1.632175059057772160e-03 2.306461483240127563e-01 4.337340220808982849e-02 7.722321897745132446e-02 5.532083287835121155e-02 3.873145207762718201e-03 2.784829959273338318e-02 5.041357874870300293e-02 3.602465242147445679e-02 2.173160575330257416e-02 2.223118394613265991e-02 1.887428164482116699e-01 1.057251095771789551e-01 3.171607851982116699e-02 3.455961868166923523e-02 2.451658807694911957e-02 4.016310721635818481e-02 4.557168483734130859e-02 6.912121921777725220e-02 2.370702475309371948e-02 2.353719808161258698e-02 3.026644699275493622e-02 6.956681609153747559e-02 6.707638502120971680e-02 1.668159663677215576e-02 3.576442599296569824e-02 2.873971872031688690e-02 1.677247695624828339e-02 5.672691389918327332e-03 6.605676561594009399e-02 5.119848996400833130e-02 2.804223075509071350e-02 7.711156457662582397e-02 5.627809464931488037e-02 5.892992392182350159e-02 4.935152828693389893e-02 1.775950938463211060e-02 3.864156454801559448e-02 3.920968994498252869e-02 3.854450210928916931e-02 6.265061348676681519e-02 1.955563202500343323e-02 9.166978299617767334e-02 3.928790986537933350e-02 3.663912788033485413e-02
4.961263854056596756e-03 6.446928717195987701e-03 3.585544973611831665e-02 3.686865270137786865e-01 2.821495756506919861e-02 7.995107211172580719e-03 3.553187474608421326e-03 4.971927404403686523e-02 2.410961873829364777e-02 4.026133567094802856e-02 6.076578050851821899e-03 7.528053130954504013e-03 4.714162496384233236e-04 2.982815355062484741e-02 5.909880995750427246e-02 3.419814631342887878e-02 2.571571059525012970e-02 8.453508839011192322e-03 5.596651881933212280e-02 5.475281924009323120e-02 6.363439373672008514e-03 1.055110394954681396e-01 3.880840167403221130e-02 6.108247116208076477e-02 3.303729370236396790e-02 3.597133234143257141e-02 9.520511142909526825e-03 3.092999570071697235e-03 2.899527736008167267e-02 2.714788541197776794e-02 3.386971727013587952e-02 4.396395385265350342e-02 3.519136086106300354e-02 2.227926999330520630e-02 2.869181893765926361e-02 4.477422218769788742e-03 3.139178082346916199e-02 4.692917317152023315e-02 2.070475742220878601e-02 1.258549280464649200e-02 4.095412418246269226e-02 3.165643662214279175e-02 1.151880435645580292e-02 5.729298666119575500e-02 3.958967514336109161e-03 3.771959245204925537e-02 3.702800348401069641e-02 4.158631339669227600e-02 6.804482545703649521e-03 7.877015322446823120e-02 3.616148978471755981e-02 1.766319759190082550e-02 6.822206825017929077e-02 5.701295658946037292e-02 7.072784006595611572e-02 6.169999018311500549e-02 1.452271174639463425e-02 1.553506404161453247e-02 3.678632667288184166e-03 2.271289192140102386e-02 9.465970098972320557e-03 1.662943959236145020e-01 5.476678535342216492e-02 3.738423436880111694e-02 2.453224733471870422e-03 6.086558569222688675e-03 1.663726381957530975e-02 1.207226514816284180e-02 2.257696352899074554e-02 2.432084456086158752e-02 2.412914484739303589e-02 5.137182027101516724e-02 1.143698170781135559e-01 5.574716627597808838e-02 1.149042993783950806e-01 2.715239487588405609e-02 3.989934176206588745e-02 5.352571979165077209e-02 6.380945444107055664e-03 2.557197120040655136e-03 2.147956192493438721e-02 4.752099514007568359e-02 7.072714716196060181e-02 2.818346582353115082e-02 3.651930019259452820e-02 3.429239243268966675e-02 2.551996149122714996e-03 6.893401034176349640e-03 3.568990901112556458e-02 3.286830708384513855e-02 3.649666532874107361e-02 5.822745338082313538e-02 3.554224967956542969e-02 2.495029475539922714e-03 6.188991665840148926e-02 8.731658756732940674e-02 2.137394435703754425e-02 3.012083843350410461e-02 5.331366881728172302e-02 3.251126781105995178e-02 6.019622087478637695e-02 1.182776596397161484e-02 5.030918121337890625e-02 1.089051458984613419e-02 6.742867082357406616e-02 2.997524477541446686e-02 7.993527501821517944e-02 1.468857750296592712e-02 3.589602559804916382e-02 2.975035645067691803e-02 8.170533925294876099e-02 1.070804670453071594e-01 4.932194203138351440e-02 3.492840379476547241e-02 3.886683657765388489e-02 7.308796048164367676e-02
1.514427214860916138e-01 7.171490788459777832e-02 8.968479186296463013e-02 1.476777531206607819e-02 7.995107211172580719e-03 1.336543541401624680e-02 3.322212100028991699e-01 5.399215966463088989e-02 3.576526418328285217e-02 2.257765270769596100e-02 2.202256582677364349e-02 6.745510548353195190e-02 4.074754565954208374e-02 4.378038644790649414e-02 6.018140539526939392e-02 8.807259798049926758e-02 6.984160840511322021e-02 1.800615340471267700e-02 6.404422968626022339e-02 1.732816174626350403e-02 5.740610882639884949e-02 6.994326831772923470e-04 3.511390835046768188e-02 4.840392619371414185e-02 1.809987053275108337e-02 5.700003355741500854e-02 1.516511430963873863e-03 4.393858090043067932e-02 3.876332193613052368e-02 5.643362179398536682e-02 4.335431382060050964e-02 2.978779189288616180e-02 4.619056358933448792e-03 1.548780780285596848e-02 3.411316126585006714e-02 5.311440676450729370e-03 7.218721508979797363e-02 1.824223995208740234e-02 1.221716310828924179e-02 2.490359358489513397e-02 1.780855841934680939e-02 2.002244070172309875e-02 8.674468263052403927e-04 5.450538173317909241e-02 8.961773477494716644e-03 5.519933253526687622e-02 1.029706895351409912e-01 2.559591084718704224e-02 5.394792556762695312e-02 3.646457940340042114e-02 2.863209135830402374e-02 1.123543456196784973e-02 2.974803186953067780e-02 6.260976660996675491e-03 2.240709960460662842e-02 1.208426337689161301e-02 2.427713386714458466e-02 6.398646533489227295e-02 1.869363524019718170e-02 6.554514169692993164e-02 1.202169712632894516e-02 4.040432721376419067e-02 4.234119504690170288e-02 1.617632340639829636e-03 9.758652187883853912e-03 2.474959753453731537e-02 2.504223585128784180e-02 8.401860482990741730e-03 4.094730690121650696e-02 4.820623621344566345e-02 4.897439107298851013e-02 3.956822212785482407e-03 1.843473687767982483e-02 3.286187350749969482e-02 6.475838832557201385e-03 2.592984354123473167e-03 3.634481132030487061e-02 3.638482093811035156e-02 2.533509768545627594e-02 3.837917745113372803e-02 8.496636524796485901e-03 6.776564288884401321e-03 6.095362827181816101e-02 5.491949617862701416e-03 9.898991324007511139e-03 3.878389671444892883e-02 1.898162066936492920e-02 1.939688622951507568e-02 8.969585597515106201e-02 1.273499988019466400e-02 1.430102623999118805e-02 6.829409301280975342e-02 2.290394157171249390e-02 5.313162505626678467e-02 6.524290144443511963e-02 2.947420440614223480e-02 2.474307641386985779e-02 5.373510718345642090e-02 3.986706212162971497e-02 3.817056538537144661e-03 9.934000670909881592e-03 4.574520047754049301e-03 4.582814127206802368e-02 6.464204192161560059e-02 7.066784799098968506e-02 1.499568764120340347e-02 6.634332239627838135e-03 1.031897217035293579e-02 3.518646582961082458e-03 1.387219410389661789e-02 4.125178605318069458e-02 8.356232941150665283e-02 4.357171244919300079e-03 8.495454676449298859e-03 9.654670022428035736e-03 5.836113542318344116e-02
1.390598118305206299e-01 1.753250807523727417e-01 1.081767305731773376e-02 1.642372342757880688e-03 3.553187474608421326e-03 3.322212100028991699e-01 1.700917817652225494e-02 3.649369627237319946e-02 3.221045946702361107e-03 4.182518646121025085e-02 6.166047882288694382e-03 5.432525277137756348e-02 6.320302933454513550e-02 3.679285524412989616e-03 3.627230599522590637e-02 1.104434486478567123e-02 3.600327298045158386e-02 4.814683925360441208e-03 4.485410079360008240e-02 1.772816106677055359e-02 3.621597588062286377e-02 4.613396897912025452e-02 5.647198297083377838e-03 3.832603618502616882e-02 9.437941946089267731e-03 1.497484929859638214e-02 2.025545015931129456e-02 2.750276401638984680e-02 3.824010025709867477e-03 5.018166825175285339e-02 8.200316131114959717e-02 3.065307624638080597e-02 3.924949560314416885e-03 6.343916524201631546e-03 1.261816266924142838e-02 4.198602959513664246e-02 4.757525864988565445e-03 8.708441630005836487e-03 8.738849312067031860e-03 9.723863564431667328e-03 5.960482731461524963e-02 5.160651728510856628e-02 6.245220080018043518e-03 1.131809130311012268e-02 2.441574633121490479e-02 8.801305666565895081e-03 1.253543794155120850e-01 1.119462847709655762e-01 6.950473040342330933e-02 1.556186378002166748e-02 3.676990047097206116e-02 2.095723524689674377e-02 2.696093171834945679e-02 8.638112992048263550e-02 1.764073595404624939e-02 3.530544415116310120e-02 8.914763107895851135e-03 3.366657719016075134e-02 7.760499417781829834e-02 3.714415058493614197e-02 5.876118782907724380e-03 2.191787213087081909e-02 1.470858464017510414e-03 2.596039697527885437e-02 4.056382551789283752e-02 2.856229059398174286e-02 2.948625013232231140e-02 1.614599302411079407e-02 2.663964405655860901e-02 2.602882497012615204e-02 1.916057044581975788e-05 2.736960537731647491e-02 2.648501191288232803e-03 4.208637401461601257e-02 3.758694604039192200e-02 1.134519744664430618e-02 4.119579121470451355e-02 2.614738652482628822e-03 5.422414839267730713e-02 5.945289041846990585e-03 2.081891288980841637e-03 1.709788665175437927e-02 6.691726297140121460e-02 2.336736395955085754e-02 1.751752756536006927e-02 6.328733172267675400e-03 1.855152100324630737e-02 3.811294212937355042e-02 6.108755245804786682e-03 4.258618690073490143e-03 6.170967593789100647e-02 1.542703807353973389e-02 2.529176510870456696e-02 1.034643128514289856e-02 4.547280725091695786e-03 4.362583905458450317e-02 1.786431297659873962e-02 4.421236738562583923e-02 1.775536499917507172e-02 2.940405625849962234e-03 4.970223642885684967e-03 3.586212918162345886e-02 9.070881642401218414e-03 4.169761668890714645e-03 9.850911796092987061e-03 2.568059600889682770e-03 1.764941588044166565e-02 4.554346203804016113e-02 2.094713598489761353e-02 1.074375584721565247e-02 3.525688871741294861e-02 7.833927124738693237e-02 9.818442165851593018e-03 2.185070421546697617e-03 2.614496834576129913e-02 5.126829072833061218e-02
2.043374627828598022e-02 2.052882686257362366e-02 1.276648342609405518e-01 2.637168392539024353e-02 4.971927404403686523e-02 5.399215966463088989e-02 3.649369627237319946e-02 4.379883781075477600e-02 1.849314011633396149e-02 1.220784499309957027e-03 3.107808902859687805e-02 7.838999852538108826e-03 5.640899762511253357e-02 2.792614046484231949e-03 1.263509243726730347e-01 2.252789586782455444e-02 4.124279692769050598e-02 1.152007840573787689e-02 2.271805703639984131e-02 2.030390314757823944e-02 1.721789687871932983e-02 5.522732157260179520e-03 1.793320477008819580e-02 1.167950220406055450e-02 3.955137729644775391e-02 5.004204809665679932e-02 4.557932168245315552e-02 1.669944962486624718e-03 2.524469047784805298e-02 1.910313032567501068e-02 1.925303414463996887e-02 3.007831517606973648e-03 3.094519861042499542e-02 1.472531165927648544e-02 5.800581350922584534e-02 1.252428162842988968e-02 1.514152716845273972e-02 2.922127768397331238e-02 9.928570128977298737e-03 4.145214799791574478e-03 8.128366433084011078e-03 4.006718471646308899e-02 1.886560395359992981e-02 1.914746873080730438e-02 6.694570183753967285e-02 6.479454040527343750e-02 6.262444658204913139e-04 1.041561737656593323e-02 2.018928155303001404e-02 6.132382899522781372e-02 3.514493256807327271e-02 7.115308195352554321e-03 5.511191859841346741e-02 4.446144774556159973e-02 3.036443516612052917e-02 2.414512075483798981e-02 6.804452091455459595e-02 5.376034975051879883e-02 1.077844016253948212e-02 9.113027714192867279e-03 1.061720121651887894e-02 3.792604058980941772e-02 2.294251509010791779e-02 4.666102677583694458e-02 4.480537772178649902e-02 1.978152617812156677e-02 1.338072866201400757e-02 3.035688214004039764e-02 1.673910208046436310e-02 1.829857565462589264e-02 9.079579263925552368e-03 3.348689759150147438e-03 9.160677436739206314e-04 1.768997125327587128e-02 4.064593091607093811e-02 1.658107526600360870e-02 1.417618524283170700e-02 1.616086252033710480e-02 8.255944587290287018e-03 2.145713195204734802e-02 1.527257263660430908e-01 7.751093059778213501e-02 8.956699632108211517e-03 8.737819269299507141e-03 2.143813483417034149e-02 3.896100819110870361e-02 8.727101981639862061e-02 7.150683552026748657e-02 4.107010085135698318e-03 5.676796659827232361e-02 1.314280554652214050e-02 6.898073852062225342e-02 2.804377116262912750e-02 5.582984164357185364e-02 2.031711302697658539e-02 5.432434380054473877e-02 1.337370648980140686e-02 1.667224615812301636e-02 7.882049307227134705e-03 3.675304725766181946e-02 1.362888887524604797e-02 1.558467932045459747e-02 8.023729547858238220e-03 8.786521852016448975e-03 2.943439036607742310e-02 4.199320822954177856e-02 1.017895806580781937e-02 2.554058842360973358e-02 2.552201971411705017e-02 1.882855966687202454e-02 3.825637977570295334e-03 2.270366065204143524e-02 2.483286336064338684e-02 1.153709366917610168e-02 2.617441490292549133e-02 9.723537601530551910e-03
2.617342211306095123e-02 4.636467993259429932e-02 1.599419279955327511e-03 1.946864277124404907e-02 2.410961873829364777e-02 3.576526418328285217e-02 3.221045946702361107e-03 1.849314011633396149e-02 3.913380950689315796e-02 7.834821939468383789e-02 3.406976349651813507e-03 6.935497373342514038e-02 9.482897818088531494e-03 6.767850369215011597e-02 4.893469158560037613e-03 3.952673170715570450e-03 4.350613430142402649e-02 9.863014519214630127e-02 5.278271809220314026e-02 4.243153706192970276e-02 2.779987454414367676e-02 2.958323247730731964e-02 5.675944685935974121e-02 2.843295969069004059e-02 7.077249884605407715e-02 4.852689057588577271e-02 4.443836864084005356e-03 6.055187899619340897e-03 6.951070576906204224e-02 2.081110514700412750e-02 5.368850752711296082e-02 4.645076394081115723e-02 1.714446768164634705e-02 4.958572238683700562e-02 5.655473098158836365e-02 4.991409555077552795e-02 2.278479281812906265e-03 1.069285441190004349e-02 1.974250376224517822e-02 7.325508445501327515e-02 1.686033420264720917e-02 9.796863049268722534e-02 6.276822835206985474e-02 7.883743382990360260e-03 4.930481314659118652e-02 1.847089827060699463e-02 4.210677742958068848e-02 1.300559844821691513e-02 7.478292286396026611e-02 5.898556858301162720e-02 4.405448585748672485e-02 6.287633627653121948e-02 4.708334803581237793e-02 1.134192720055580139e-01 1.675296127796173096e-01 1.574465334415435791e-01 1.697516813874244690e-02 2.723304927349090576e-02 1.600525341928005219e-02 7.099521346390247345e-03 3.985170647501945496e-02 1.910160295665264130e-02 1.350633502006530762e-01 2.285437425598502159e-03 3.272020816802978516e-02 5.267100036144256592e-02 3.389812633395195007e-02 4.462378472089767456e-02 9.950178861618041992e-02 3.355155140161514282e-02 2.911084098741412163e-03 1.304818876087665558e-02 4.179663211107254028e-02 1.284705381840467453e-02 7.310304790735244751e-03 1.366499811410903931e-02 3.463666439056396484e-01 4.564082249999046326e-02 1.115097105503082275e-01 8.453383296728134155e-02 1.833098474889993668e-03 3.851997479796409607e-02 5.062834173440933228e-02 3.460444882512092590e-02 9.434824809432029724e-03 1.955265877768397331e-03 2.512626163661479950e-02 1.141897682100534439e-02 8.365805447101593018e-02 4.084152728319168091e-02 4.120663553476333618e-02 5.231152288615703583e-03 4.857532680034637451e-02 2.293252944946289062e-02 1.025730837136507034e-02 3.169760107994079590e-03 3.877988550812005997e-03 2.111314237117767334e-02 1.252237111330032349e-01 5.799369886517524719e-02 6.286309659481048584e-02 4.403455927968025208e-02 2.192716579884290695e-03 3.770256415009498596e-03 4.202499613165855408e-02 7.848515361547470093e-02 7.234371732920408249e-03 2.005383558571338654e-02 4.039230942726135254e-02 1.673984900116920471e-02 6.124763749539852142e-03 7.569438777863979340e-03 1.298108417540788651e-02 4.435048624873161316e-02 1.736417971551418304e-02 1.603063568472862244e-02
3.491354361176490784e-02 2.142153121531009674e-02 8.650333620607852936e-03 3.027476370334625244e-02 4.026133567094802856e-02 2.257765270769596100e-02 4.182518646121025085e-02 1.220784499309957027e-03 7.834821939468383789e-02 7.295227795839309692e-02 4.545266926288604736e-02 9.613242931663990021e-03 2.829570695757865906e-02 1.506325323134660721e-02 3.443003818392753601e-02 6.359716877341270447e-03 3.493839129805564880e-02 1.116032619029283524e-02 1.637684851884841919e-01 5.024495720863342285e-02 8.659555576741695404e-03 3.136961534619331360e-02 3.358460217714309692e-02 1.088694706559181213e-01 2.182690985500812531e-02 8.501823246479034424e-02 6.815754342824220657e-03 9.217001497745513916e-02 2.338918298482894897e-02 1.815583370625972748e-02 1.507473271340131760e-02 2.532510086894035339e-02 5.591051280498504639e-02 4.982203990221023560e-02 2.338714525103569031e-02 2.920933812856674194e-02 1.408971752971410751e-02 2.474178001284599304e-02 4.904833808541297913e-02 4.871610179543495178e-02 3.055754862725734711e-02 8.073312044143676758e-02 6.931442767381668091e-02 2.445789054036140442e-03 2.695094235241413116e-02 2.033463492989540100e-02 1.534742116928100586e-02 1.116606872528791428e-02 3.945395350456237793e-02 9.933401644229888916e-02 5.435856804251670837e-02 2.912519499659538269e-02 1.693212799727916718e-02 4.453955963253974915e-02 2.125694602727890015e-02 1.521099656820297241e-01 2.210143767297267914e-02 2.300396375358104706e-02 2.316034212708473206e-02 3.218504041433334351e-02 6.647139042615890503e-02 1.769189164042472839e-02 6.379704177379608154e-02 4.291310161352157593e-02 2.826059982180595398e-02 3.351470082998275757e-02 4.889326170086860657e-02 2.548672817647457123e-02 5.070013552904129028e-02 5.755480378866195679e-02 3.880411619320511818e-03 2.673812396824359894e-02 6.215029954910278320e-02 5.139308795332908630e-02 9.649113565683364868e-02 4.216548055410385132e-02 3.623211011290550232e-02 1.825360208749771118e-01 5.028802435845136642e-03 2.027698308229446411e-01 9.421740658581256866e-03 2.568009868264198303e-02 1.379204727709293365e-02 1.924776136875152588e-01 1.040627900511026382e-02 4.991682991385459900e-02 1.651952601969242096e-02 3.364176303148269653e-02 8.556436747312545776e-02 1.739858835935592651e-02 1.796169951558113098e-02 6.605182774364948273e-03 2.350468002259731293e-02 1.735494472086429596e-02 2.326374314725399017e-02 9.836801327764987946e-03 1.894243061542510986e-02 4.584345594048500061e-02 1.773964613676071167e-02 1.009609103202819824e-01 8.724975399672985077e-03 2.577105350792407990e-02 2.232329547405242920e-02 2.540718019008636475e-02 5.384546145796775818e-02 9.666219353675842285e-03 9.626514464616775513e-02 5.865333229303359985e-02 5.060016992501914501e-04 3.965217247605323792e-02 4.406369104981422424e-02 4.123612120747566223e-02 4.136816039681434631e-02 4.662645235657691956e-02 6.470888387411832809e-03 1.163963973522186279e-02
1.968105882406234741e-01 1.193316802382469177e-01 5.702759604901075363e-03 9.101094678044319153e-03 6.076578050851821899e-03 2.202256582677364349e-02 6.166047882288694382e-03 3.107808902859687805e-02 3.406976349651813507e-03 4.545266926288604736e-02 4.562049731612205505e-02 2.929277252405881882e-03 1.419302821159362793e-01 8.614213764667510986e-02 5.859469249844551086e-02 4.757041856646537781e-02 5.077883135527372360e-03 1.035265438258647919e-02 8.062383159995079041e-03 4.444222152233123779e-02 5.647785030305385590e-03 4.894210025668144226e-02 3.614556416869163513e-02 1.893016695976257324e-02 4.011418670415878296e-02 2.335914224386215210e-02 3.048871830105781555e-02 1.015111431479454041e-02 8.349625393748283386e-03 5.973133817315101624e-02 1.743271131999790668e-03 2.827331237494945526e-02 4.145510867238044739e-02 1.977455988526344299e-02 7.968097925186157227e-02 5.327767878770828247e-02 4.855226725339889526e-02 5.611870437860488892e-02 1.900830306112766266e-02 2.093892917037010193e-02 1.437944360077381134e-02 7.822501473128795624e-03 8.877802640199661255e-03 9.396957233548164368e-03 9.668206423521041870e-02 4.783408343791961670e-02 1.080920621752738953e-01 9.033972024917602539e-02 5.629049614071846008e-02 4.776400700211524963e-02 3.218058496713638306e-02 4.009993281215429306e-03 5.741648375988006592e-03 6.115338206291198730e-02 4.630997776985168457e-02 1.762488484382629395e-02 2.770884521305561066e-02 8.134841918945312500e-02 4.963409528136253357e-02 2.406627312302589417e-02 1.094533037394285202e-02 5.395455285906791687e-02 1.011448912322521210e-02 2.279868721961975098e-02 1.228463053703308105e-01 6.237177923321723938e-02 5.015715584158897400e-02 3.615346550941467285e-02 2.411722205579280853e-02 1.578539051115512848e-02 4.531489685177803040e-02 1.715704239904880524e-02 3.556138649582862854e-02 3.536535659804940224e-03 4.684150218963623047e-02 1.902732811868190765e-02 8.670222014188766479e-02 3.062044270336627960e-02 1.166901551187038422e-02 2.259238809347152710e-02 1.458894833922386169e-02 5.820795148611068726e-02 3.933632373809814453e-02 1.139119267463684082e-02 1.461118273437023163e-02 1.673660427331924438e-02 7.280410826206207275e-02 4.054385796189308167e-02 4.728487133979797363e-02 8.816535025835037231e-02 3.924715146422386169e-02 1.351625621318817139e-01 2.390965819358825684e-02 5.681238695979118347e-02 9.433577768504619598e-03 2.610298432409763336e-02 1.468812488019466400e-02 3.166471794247627258e-02 1.233991421759128571e-02 4.211403056979179382e-02 7.315499335527420044e-02 6.097763031721115112e-02 4.695410374552011490e-03 2.112551964819431305e-02 1.399561576545238495e-02 3.713945671916007996e-02 2.034306962741538882e-04 1.303278002887964249e-02 2.108908072113990784e-02 7.182575017213821411e-02 1.200695149600505829e-02 1.416618376970291138e-02 2.356849797070026398e-02 8.954016957432031631e-04 6.791897863149642944e-02 3.454701043665409088e-03
6.354051828384399414e-02 5.031309276819229126e-02 4.363316670060157776e-02 1.702288724482059479e-02 7.528053130954504013e-03 6.745510548353195190e-02 5.432525277137756348e-02 7.838999852538108826e-03 6.935497373342514038e-02 9.613242931663990021e-03 2.929277252405881882e-03 8.436635253019630909e-04 8.692102879285812378e-02 2.855785787105560303e-01 5.254901945590972900e-02 4.599464684724807739e-02 8.045732975006103516e-03 3.111555706709623337e-04 8.902841061353683472e-02 2.692123129963874817e-02 1.103829126805067062e-02 1.972367055714130402e-02 1.890371786430478096e-03 3.708091005682945251e-02 1.101023238152265549e-02 9.231715463101863861e-03 8.190814405679702759e-03 2.044270783662796021e-01 3.228494897484779358e-02 6.556687504053115845e-02 8.085460215806961060e-02 2.568642795085906982e-02 6.389238405972719193e-03 1.498415879905223846e-02 3.267262130975723267e-02 7.963057607412338257e-03 5.323044955730438232e-02 5.946510285139083862e-02 2.284169569611549377e-02 2.375914249569177628e-03 6.622176151722669601e-04 2.762223966419696808e-02 1.094179693609476089e-02 4.129512235522270203e-02 1.344323307275772095e-01 1.285652164369821548e-02 4.545303992927074432e-03 4.038309305906295776e-02 2.004563622176647186e-02 3.456277027726173401e-02 6.254900246858596802e-02 4.821513313800096512e-03 1.756697148084640503e-02 1.124792080372571945e-02 4.716113954782485962e-02 5.798716843128204346e-02 6.280489265918731689e-02 7.491042464971542358e-02 8.256588876247406006e-02 4.562149196863174438e-02 8.495587855577468872e-02 2.250842936336994171e-02 8.455461263656616211e-02 5.157722625881433487e-03 2.633579634130001068e-02 6.663683801889419556e-02 2.937743440270423889e-02 2.085550501942634583e-02 3.274717181921005249e-02 2.830547653138637543e-02 6.992599461227655411e-03 4.745460301637649536e-02 3.403534740209579468e-02 7.537385448813438416e-03 3.412638977169990540e-02 3.945336863398551941e-02 7.271260768175125122e-02 5.162704363465309143e-02 1.558341681957244873e-01 8.132043480873107910e-02 2.218445762991905212e-02 6.415776442736387253e-03 2.426383830606937408e-02 4.487492144107818604e-03 1.950819976627826691e-02 8.354844525456428528e-03 4.852897673845291138e-02 6.620790809392929077e-02 8.309841156005859375e-02 3.506981208920478821e-02 9.724327176809310913e-02 8.296924829483032227e-02 3.161580860614776611e-02 1.441563712432980537e-03 6.399348378181457520e-03 8.063566870987415314e-03 1.047521596774458885e-03 6.653361022472381592e-02 1.741850748658180237e-02 1.344554591923952103e-02 1.998775079846382141e-02 2.972778305411338806e-02 2.131093479692935944e-02 6.963931769132614136e-02 1.998136006295681000e-02 3.508421406149864197e-02 3.120744787156581879e-02 1.017173901200294495e-01 4.666617140173912048e-03 1.792827807366847992e-02 2.438964694738388062e-02 5.404602270573377609e-03 3.094549849629402161e-02 2.315656095743179321e-02 1.307339780032634735e-02 6.387802306562662125e-03
8.135629445314407349e-02 1.439621448516845703e-01 2.368472889065742493e-02 5.936108995229005814e-03 4.714162496384233236e-04 4.074754565954208374e-02 6.320302933454513550e-02 5.640899762511253357e-02 9.482897818088531494e-03 2.829570695757865906e-02 1.419302821159362793e-01 8.692102879285812378e-02 4.003957286477088928e-02 7.989436388015747070e-02 1.468648314476013184e-01 1.117627918720245361e-01 1.034930068999528885e-02 5.652869865298271179e-02 4.674872383475303650e-03 3.317005466669797897e-03 2.845974639058113098e-02 5.151984840631484985e-02 1.314221322536468506e-02 2.865293808281421661e-02 7.127209007740020752e-02 3.346202522516250610e-02 5.129493027925491333e-02 4.702020436525344849e-02 1.229434367269277573e-02 6.729330122470855713e-02 6.325303763151168823e-02 6.138416472822427750e-03 5.561622604727745056e-02 1.842322945594787598e-02 1.651359722018241882e-02 2.330879494547843933e-02 1.798772066831588745e-02 7.405047863721847534e-02 2.338868007063865662e-02 2.058077417314052582e-02 5.285885185003280640e-02 2.856041491031646729e-02 3.937968984246253967e-02 6.342662870883941650e-02 4.686413705348968506e-02 4.467373713850975037e-02 4.760057479143142700e-02 7.707896083593368530e-02 2.854191989172250032e-04 6.779906898736953735e-02 6.055589299649000168e-03 4.117627814412117004e-02 5.273956921882927418e-04 6.456942856311798096e-02 3.208171576261520386e-03 1.849812828004360199e-02 5.254567414522171021e-02 6.521144509315490723e-02 6.520986557006835938e-02 8.381989784538745880e-03 7.863857597112655640e-02 4.592862352728843689e-02 3.022083314135670662e-03 8.718409575521945953e-03 5.370824411511421204e-02 7.075868546962738037e-02 2.547051943838596344e-02 6.104411184787750244e-02 7.494765520095825195e-02 8.728367276489734650e-03 4.101736098527908325e-02 1.559092896059155464e-03 1.887756027281284332e-02 7.375831715762615204e-03 5.921289324760437012e-02 7.354976143687963486e-03 7.429290097206830978e-03 8.992966264486312866e-03 5.563358962535858154e-02 4.915801435708999634e-02 4.781349375844001770e-02 2.569984085857868195e-02 5.294992029666900635e-02 3.343500196933746338e-02 2.319292910397052765e-02 4.562761634588241577e-02 3.748860582709312439e-02 1.177168637514114380e-01 4.142212867736816406e-02 7.036644965410232544e-02 1.406709663569927216e-03 2.739924751222133636e-02 4.402470216155052185e-02 6.813944783061742783e-03 9.444034844636917114e-02 4.252767562866210938e-02 2.904775319620966911e-04 4.363654553890228271e-02 2.034836634993553162e-02 4.198867827653884888e-03 2.636884897947311401e-02 2.940220758318901062e-02 2.251148968935012817e-02 6.515391170978546143e-02 3.174281213432550430e-03 3.375961631536483765e-02 1.736883260309696198e-02 6.597103178501129150e-02 1.594494469463825226e-02 5.525945127010345459e-02 2.188887074589729309e-02 3.767619282007217407e-02 1.826614700257778168e-02 2.184272976592183113e-03 2.404516190290451050e-02 4.790105670690536499e-02
