3.866378962993621826e-02 2.409245967864990234e-01 2.758971787989139557e-02 3.388668596744537354e-02 1.693023927509784698e-02 1.686102747917175293e-01 6.785647571086883545e-02 1.919371308758854866e-03 6.364008295349776745e-04 4.838752374053001404e-02 1.681127399206161499e-01 3.158485749736428261e-03 1.186646595597267151e-01 1.604869030416011810e-02 2.676727995276451111e-02 1.660991832613945007e-02 7.728803320787847042e-04 2.065392024815082550e-02 1.812099292874336243e-02 5.306827370077371597e-03 2.668852685019373894e-03 2.496167272329330444e-02 2.804867364466190338e-02 4.358745645731687546e-03 2.005805633962154388e-02 1.070821192115545273e-02 2.954574115574359894e-02 1.533428090624511242e-03 1.898670569062232971e-03 3.666374832391738892e-02 7.290658354759216309e-02 4.323047772049903870e-02 2.220066636800765991e-02 5.843086540699005127e-02 2.385240606963634491e-02 3.227571770548820496e-02 3.304155915975570679e-02 1.927132532000541687e-02 5.855704657733440399e-03 1.209633890539407730e-02 1.762719079852104187e-02 2.107048593461513519e-02 1.387314777821302414e-02 1.086737066507339478e-01 2.265784144401550293e-02 1.732665579766035080e-03 9.116112254559993744e-03 8.130908943712711334e-03 4.790274053812026978e-02 6.428008526563644409e-02 3.850962966680526733e-02 2.238584496080875397e-02 2.054789569228887558e-03 2.247694507241249084e-02 1.917650178074836731e-02 4.799636080861091614e-02 3.282652050256729126e-02 4.796988889575004578e-02 5.562734603881835938e-02 3.135249391198158264e-02 4.605476930737495422e-02 3.679116070270538330e-02 1.488918066024780273e-02 7.738808635622262955e-03 3.126727044582366943e-02 2.721297321841120720e-03 6.117885466665029526e-03 2.565569244325160980e-02 3.276168182492256165e-02 1.959228888154029846e-02 2.335887588560581207e-02 3.519202023744583130e-02 7.755310274660587311e-03 1.285474747419357300e-02 3.106890246272087097e-02 1.845522969961166382e-02 1.121689472347497940e-02 8.301586844027042389e-03 3.976382687687873840e-02 8.067748509347438812e-03 1.140465144999325275e-03 1.054249331355094910e-02 2.174743451178073883e-02 3.426404297351837158e-02 2.369834668934345245e-02 4.322283901274204254e-03 4.121811687946319580e-02 1.482356246560811996e-02 5.463067814707756042e-02 5.388341099023818970e-02 1.354771666228771210e-02 1.328503433614969254e-02 3.147368878126144409e-02 2.841696143150329590e-02 4.781303554773330688e-02 2.905999310314655304e-02 3.959921747446060181e-02 1.555611845105886459e-02 5.384079413488507271e-04 2.829669974744319916e-02 2.110191993415355682e-02 7.444146554917097092e-03 7.240731269121170044e-02 5.096390843391418457e-02 6.864781491458415985e-03 1.548135094344615936e-02 2.476879581809043884e-02 5.402893945574760437e-02 2.890246175229549408e-02 1.128782425075769424e-02 3.924345970153808594e-02 1.630956865847110748e-02 4.002973809838294983e-02 3.382414579391479492e-02 3.017952851951122284e-02 1.142349652945995331e-02
2.409245967864990234e-01 7.376089692115783691e-02 5.566801875829696655e-03 2.795536536723375320e-03 3.394400700926780701e-02 1.535167247056961060e-01 1.142450794577598572e-01 8.608935400843620300e-03 1.426100265234708786e-02 3.897485090419650078e-03 1.359344571828842163e-01 4.861134663224220276e-02 1.576159000396728516e-01 1.003197953104972839e-02 3.684249892830848694e-02 8.082018233835697174e-03 1.024692505598068237e-02 1.144127082079648972e-02 4.149510711431503296e-02 3.271103277802467346e-02 3.230281919240951538e-02 2.704148553311824799e-02 4.462106153368949890e-02 9.827743284404277802e-03 1.264221500605344772e-02 4.230045527219772339e-02 3.532493021339178085e-03 6.129719316959381104e-02 1.849025115370750427e-02 6.720929406583309174e-03 5.233717709779739380e-02 1.194620411843061447e-02 5.570179317146539688e-03 3.786113858222961426e-02 3.521975502371788025e-02 6.680374033749103546e-03 3.545171394944190979e-02 3.916920721530914307e-02 2.883874997496604919e-02 1.760013587772846222e-02 9.929437190294265747e-03 4.553495964501053095e-04 2.835912071168422699e-02 8.238156139850616455e-02 1.061934139579534531e-02 3.694086149334907532e-02 1.370026264339685440e-02 3.774702921509742737e-02 2.171813696622848511e-02 5.539560317993164062e-02 3.521871194243431091e-02 2.787453122437000275e-02 7.447918877005577087e-03 3.997743595391511917e-03 3.394602611660957336e-02 5.979130789637565613e-02 1.897653215564787388e-03 3.820700570940971375e-02 4.412069171667098999e-02 5.439875647425651550e-02 6.096351519227027893e-02 3.047646582126617432e-02 2.005564048886299133e-02 3.245098143815994263e-02 2.932140417397022247e-02 2.680145949125289917e-02 4.669798945542424917e-04 7.612378802150487900e-03 2.344931662082672119e-02 3.667438402771949768e-02 4.274163395166397095e-02 6.396814435720443726e-02 1.731883920729160309e-02 3.533838316798210144e-02 2.745961397886276245e-02 1.347697619348764420e-02 7.184615824371576309e-03 4.184188693761825562e-02 6.590320914983749390e-02 1.808805204927921295e-02 1.341351401060819626e-02 1.801680400967597961e-02 1.524749025702476501e-02 3.061296418309211731e-02 1.979187875986099243e-02 2.511408552527427673e-02 1.665615290403366089e-02 2.563216025009751320e-03 6.843528151512145996e-02 8.256458677351474762e-03 1.650754362344741821e-02 2.306653372943401337e-02 7.624469697475433350e-02 7.507240772247314453e-02 2.939230576157569885e-02 4.361363872885704041e-02 2.903876081109046936e-02 5.331012234091758728e-02 4.083507508039474487e-02 2.865250222384929657e-02 1.573259755969047546e-02 2.172206295654177666e-03 4.160827025771141052e-02 9.687525220215320587e-03 8.861133828759193420e-03 1.916326582431793213e-02 2.690004557371139526e-02 6.890206038951873779e-02 2.209445461630821228e-02 2.385728247463703156e-02 2.383090741932392120e-02 1.979716680943965912e-02 3.048719838261604309e-02 3.689082339406013489e-02 7.489466806873679161e-04 2.458609268069267273e-02
2.758971787989139557e-02 5.566801875829696655e-03 1.627034693956375122e-02 3.412640094757080078e-02 2.632542140781879425e-02 1.438182685524225235e-02 1.226358581334352493e-03 2.631354629993438721e-01 1.055778004229068756e-02 3.025715705007314682e-03 1.218672934919595718e-02 2.963831648230552673e-02 8.359825587831437588e-04 9.416166692972183228e-03 6.260898709297180176e-02 2.841195557266473770e-03 1.564216800034046173e-02 9.257665835320949554e-03 5.313370376825332642e-03 5.385760217905044556e-03 7.075238227844238281e-02 4.847502335906028748e-02 6.045569200068712234e-03 1.247007586061954498e-02 8.673334494233131409e-03 7.622839510440826416e-02 2.840477973222732544e-02 7.815958932042121887e-03 1.087564043700695038e-02 5.997691769152879715e-03 3.444541711360216141e-03 3.789721801877021790e-02 2.528523840010166168e-02 1.040681265294551849e-02 3.278199583292007446e-02 1.592055521905422211e-02 8.084805309772491455e-02 7.756758481264114380e-03 3.720831824466586113e-03 1.604334637522697449e-02 5.579735711216926575e-02 7.232282310724258423e-02 6.232579238712787628e-03 4.141142964363098145e-02 3.428117930889129639e-02 5.250657349824905396e-02 2.094969339668750763e-02 1.601592812221497297e-04 1.596069545485079288e-03 3.955154493451118469e-02 3.079003095626831055e-02 2.404453605413436890e-02 1.635131426155567169e-02 1.163716893643140793e-02 5.707214004360139370e-04 6.243522092700004578e-02 4.943564161658287048e-02 1.642555464059114456e-03 4.360624775290489197e-02 1.165833696722984314e-02 2.711491659283638000e-02 1.473587937653064728e-02 5.933835357427597046e-02 3.780940175056457520e-02 1.814351603388786316e-02 3.397638909518718719e-03 8.823675307212397456e-05 2.125939168035984039e-02 1.759136095643043518e-02 3.220975399017333984e-02 2.156811766326427460e-02 4.590569809079170227e-02 1.813863590359687805e-02 3.342391178011894226e-02 5.769127979874610901e-03 4.483522847294807434e-03 1.805284805595874786e-02 1.653899997472763062e-02 3.549566492438316345e-02 1.455540652386844158e-03 2.250798046588897705e-01 7.903387397527694702e-02 1.555055938661098480e-02 2.341499924659729004e-02 3.608584403991699219e-02 1.306670624762773514e-02 1.046482920646667480e-01 6.651380658149719238e-02 2.426602691411972046e-02 7.258937694132328033e-04 4.332959651947021484e-02 2.439462020993232727e-02 5.652702972292900085e-02 2.528884820640087128e-02 2.879823558032512665e-02 3.629783168435096741e-02 3.372287377715110779e-02 5.210651550441980362e-03 3.027263842523097992e-02 1.367670949548482895e-02 4.952271468937397003e-03 5.456904880702495575e-03 4.182572290301322937e-02 3.016311209648847580e-03 2.958946116268634796e-02 4.068513214588165283e-02 7.511179894208908081e-02 1.734450459480285645e-02 4.755631089210510254e-02 4.360941052436828613e-02 3.902370482683181763e-02 1.197753846645355225e-02 4.241355881094932556e-02 3.637919202446937561e-02 4.703719913959503174e-02 2.814581990242004395e-02
3.388668596744537354e-02 2.795536536723375320e-03 3.412640094757080078e-02 3.550494089722633362e-02 1.281291544437408447e-01 4.209271445870399475e-02 1.478992775082588196e-02 4.672930762171745300e-02 1.035022735595703125e-02 8.339718915522098541e-03 2.347470819950103760e-02 5.085720121860504150e-02 6.148408632725477219e-03 7.157043367624282837e-02 2.415185049176216125e-02 2.908451482653617859e-02 4.201950877904891968e-02 1.284846365451812744e-01 6.209465861320495605e-02 3.512587863951921463e-03 1.010481920093297958e-02 1.012298278510570526e-03 3.743220493197441101e-02 1.248344965279102325e-02 6.349607836455106735e-03 4.652310907840728760e-02 1.909251883625984192e-02 4.664986580610275269e-02 5.173042882233858109e-03 2.746659144759178162e-02 3.041625954210758209e-02 2.062712050974369049e-02 2.897505275905132294e-02 1.205454394221305847e-02 2.935112453997135162e-02 3.449825569987297058e-02 6.986930966377258301e-02 2.088815718889236450e-02 1.835294365882873535e-01 9.777389466762542725e-02 1.477218419313430786e-02 5.077942088246345520e-02 1.023339806124567986e-03 2.936909161508083344e-02 7.309897989034652710e-02 2.781918086111545563e-02 1.067529339343309402e-02 3.582059964537620544e-02 1.352243218570947647e-02 1.338174752891063690e-02 1.335627585649490356e-02 2.236324176192283630e-02 6.310625001788139343e-03 1.978387869894504547e-02 5.896316841244697571e-02 5.412716418504714966e-02 4.105636849999427795e-02 1.391915790736675262e-02 9.678705036640167236e-02 1.881460472941398621e-02 6.923242658376693726e-02 3.691902756690979004e-02 6.844626367092132568e-02 5.216136202216148376e-02 1.070622634142637253e-02 2.893086150288581848e-02 1.792689040303230286e-02 3.417313098907470703e-02 4.409902170300483704e-02 2.470770478248596191e-02 6.300435960292816162e-02 2.474632859230041504e-02 1.460391730070114136e-01 1.021946687251329422e-02 9.054803848266601562e-02 1.306177116930484772e-02 3.131367266178131104e-02 4.837814345955848694e-02 6.620056927204132080e-02 7.847177237272262573e-02 2.662871778011322021e-02 2.384590916335582733e-03 1.261722296476364136e-01 3.131370246410369873e-02 3.112033009529113770e-02 3.103296458721160889e-02 1.536964438855648041e-02 1.366384094581007957e-03 6.881030648946762085e-02 2.271159901283681393e-04 5.287668108940124512e-02 1.433914620429277420e-02 1.286870427429676056e-02 8.067705668509006500e-03 7.451587915420532227e-02 1.138519868254661560e-02 4.124975949525833130e-02 3.862083703279495239e-02 4.281920939683914185e-02 1.075723557732999325e-03 2.726429887115955353e-02 4.812167212367057800e-02 1.974591240286827087e-02 3.020927309989929199e-02 7.995447143912315369e-03 4.612407088279724121e-02 4.608256369829177856e-02 5.437631160020828247e-02 6.104328110814094543e-02 3.679534420371055603e-02 2.442979253828525543e-02 7.421384006738662720e-02 1.090049161575734615e-03 3.492290386930108070e-03 3.556807711720466614e-02 8.414825424551963806e-04
1.693023927509784698e-02 3.394400700926780701e-02 2.632542140781879425e-02 1.281291544437408447e-01 2.304672496393322945e-03 3.048161230981349945e-02 4.215462133288383484e-03 7.718386128544807434e-03 1.043678913265466690e-02 5.175616219639778137e-02 1.591349393129348755e-02 5.268354341387748718e-02 3.267617896199226379e-02 4.694979265332221985e-02 1.427917089313268661e-02 3.308960795402526855e-02 1.686847209930419922e-02 6.683580577373504639e-02 7.653409242630004883e-02 7.357335649430751801e-03 2.688848972320556641e-02 1.076375041157007217e-02 2.206915960414335132e-04 3.042706474661827087e-02 3.311257576569914818e-03 6.620632950216531754e-03 1.355373882688581944e-03 3.020308446139097214e-03 1.844626269303262234e-03 5.510825663805007935e-02 4.650887101888656616e-02 2.659934200346469879e-02 4.060935694724321365e-03 1.601917110383510590e-02 5.514886230230331421e-02 2.616493590176105499e-02 1.053992845118045807e-02 1.165160792879760265e-03 9.072659164667129517e-02 1.308451592922210693e-01 1.826190948486328125e-02 2.078872360289096832e-02 2.026542834937572479e-02 7.217672467231750488e-02 1.073416136205196381e-02 2.581699192523956299e-02 2.176924608647823334e-02 3.714907541871070862e-02 2.939514815807342529e-02 2.686707489192485809e-02 3.037023916840553284e-02 4.268583282828330994e-02 4.788466915488243103e-02 4.078277200460433960e-02 4.087526723742485046e-02 4.191253706812858582e-02 3.747121244668960571e-02 2.213958278298377991e-02 1.806352473795413971e-02 5.852767452597618103e-02 1.807521097362041473e-02 4.138849675655364990e-02 4.023463651537895203e-02 1.437722332775592804e-02 3.025406785309314728e-02 1.465293671935796738e-02 8.980288170278072357e-03 3.809338063001632690e-02 1.997145265340805054e-02 4.363907128572463989e-02 8.921364694833755493e-02 1.739986799657344818e-02 9.883890300989151001e-02 2.228572592139244080e-02 6.568001955747604370e-02 8.340246044099330902e-03 1.620541326701641083e-02 7.372692693024873734e-03 3.189296647906303406e-02 2.526736445724964142e-02 1.087491773068904877e-02 6.806696299463510513e-03 5.183690041303634644e-02 8.544708043336868286e-02 6.007315218448638916e-02 3.055643849074840546e-02 7.889595814049243927e-03 1.460945885628461838e-02 1.462223194539546967e-02 1.601511798799037933e-02 4.190283361822366714e-03 3.439109399914741516e-02 2.201300114393234253e-02 1.235436275601387024e-02 1.558272726833820343e-02 1.189424376934766769e-02 2.757013589143753052e-02 1.195053663104772568e-02 3.476908802986145020e-02 8.811298757791519165e-04 8.245551586151123047e-02 8.228932321071624756e-02 1.734727248549461365e-02 7.829747349023818970e-02 5.175060406327247620e-02 5.768262967467308044e-02 1.190209668129682541e-02 5.232652649283409119e-02 6.653070449829101562e-03 4.527381970547139645e-04 1.270268671214580536e-02 6.714100483804941177e-03 3.072662837803363800e-02 2.258262038230895996e-02 8.099424093961715698e-02 6.160313263535499573e-02
1.686102747917175293e-01 1.535167247056961060e-01 1.438182685524225235e-02 4.209271445870399475e-02 3.048161230981349945e-02 3.585867211222648621e-02 2.290321290493011475e-01 5.508418753743171692e-02 5.326526612043380737e-02 5.410934984683990479e-02 9.532848745584487915e-02 8.627808839082717896e-02 6.016562879085540771e-02 4.926905035972595215e-02 4.863788932561874390e-02 1.532816349936183542e-05 2.150215581059455872e-02 3.421622887253761292e-02 6.664691865444183350e-02 3.092743083834648132e-02 3.212262317538261414e-02 9.815571829676628113e-03 3.225170448422431946e-02 3.699954971671104431e-02 1.440714004274923354e-05 1.282183360308408737e-02 5.456299707293510437e-02 6.190215703099966049e-03 1.172156259417533875e-02 7.171947974711656570e-03 6.068349815905094147e-03 1.586124673485755920e-02 2.683465601876378059e-03 1.361948437988758087e-02 3.290012851357460022e-02 4.050569981336593628e-02 2.192083373665809631e-02 6.979621946811676025e-03 3.633778169751167297e-02 4.373763687908649445e-03 1.216532569378614426e-02 4.739167913794517517e-02 2.796388231217861176e-02 9.566982835531234741e-02 6.814639270305633545e-02 8.197011798620223999e-02 2.292582690715789795e-01 5.316379666328430176e-02 6.035938113927841187e-02 6.283985078334808350e-02 6.560955196619033813e-02 1.910434663295745850e-02 3.540505096316337585e-02 1.770921424031257629e-02 5.555426329374313354e-02 2.221421152353286743e-02 4.640335589647293091e-02 2.355779334902763367e-02 5.068866536021232605e-02 3.811021521687507629e-02 1.726148650050163269e-02 7.650016341358423233e-03 3.037056140601634979e-02 4.903934895992279053e-02 5.898395553231239319e-03 1.642042957246303558e-02 4.592911805957555771e-03 1.498423330485820770e-02 3.442002460360527039e-02 2.387255989015102386e-02 2.735757082700729370e-02 1.469345111399888992e-02 2.536922879517078400e-02 1.062497380189597607e-03 3.735202550888061523e-02 6.493778899312019348e-03 1.253113895654678345e-02 4.794484004378318787e-02 3.126908466219902039e-02 3.385659679770469666e-02 4.123575612902641296e-02 1.467954367399215698e-02 3.205131366848945618e-02 6.023214012384414673e-02 3.166255354881286621e-02 3.425735235214233398e-02 4.558658972382545471e-02 4.512728378176689148e-02 5.944093689322471619e-02 3.737924247980117798e-02 1.753333769738674164e-02 3.548309579491615295e-02 2.575350925326347351e-02 3.993252664804458618e-02 3.789290087297558784e-03 2.648911811411380768e-02 1.256447192281484604e-02 1.031081099063158035e-02 1.291622873395681381e-02 5.750888586044311523e-02 9.915809147059917450e-03 1.100626774132251740e-02 1.321151200681924820e-02 2.833492867648601532e-02 3.605050966143608093e-02 2.076760865747928619e-02 7.607228122651576996e-03 1.084377244114875793e-02 5.582303740084171295e-03 4.878998547792434692e-02 4.450714588165283203e-02 5.004819110035896301e-02 1.342103444039821625e-02 2.922058850526809692e-02 1.226402353495359421e-02 2.864824980497360229e-02
6.785647571086883545e-02 1.142450794577598572e-01 1.226358581334352493e-03 1.478992775082588196e-02 4.215462133288383484e-03 2.290321290493011475e-01 7.989760488271713257e-02 1.026257127523422241e-02 3.452334180474281311e-02 5.832453817129135132e-02 5.862362310290336609e-02 5.761199630796909332e-03 8.790098875761032104e-02 7.913651317358016968e-02 4.336477816104888916e-02 6.467485800385475159e-03 1.400058390572667122e-04 1.323625538498163223e-02 3.544803336262702942e-02 4.736804403364658356e-03 3.284124284982681274e-02 6.245976779609918594e-03 2.915910631418228149e-02 4.100747033953666687e-02 3.267971053719520569e-02 7.221687119454145432e-03 5.234185978770256042e-02 3.684870153665542603e-02 1.075073331594467163e-02 1.492183376103639603e-02 3.599674999713897705e-02 1.354925893247127533e-02 7.381520699709653854e-03 6.787630263715982437e-03 6.237957626581192017e-02 3.538503497838973999e-02 3.307055681943893433e-02 3.837921470403671265e-02 1.400012057274580002e-02 1.967763341963291168e-02 4.678912088274955750e-02 1.392711047083139420e-02 2.522596903145313263e-02 1.476362626999616623e-02 6.377484533004462719e-04 2.100283280014991760e-02 1.740310788154602051e-01 1.244396045804023743e-01 1.528333593159914017e-02 9.610277600586414337e-03 4.834287241101264954e-02 2.155254781246185303e-02 3.152919188141822815e-02 3.910785913467407227e-02 1.907898485660552979e-02 2.328043058514595032e-02 2.968914341181516647e-04 3.463618224486708641e-03 3.541898354887962341e-02 1.050418335944414139e-02 5.423620715737342834e-02 2.134020440280437469e-02 3.626775369048118591e-02 3.865554928779602051e-02 1.149181555956602097e-02 3.450406342744827271e-02 2.090112492442131042e-02 2.382989414036273956e-02 2.017522603273391724e-02 1.456859521567821503e-02 5.222468636929988861e-03 1.890781335532665253e-02 3.979342058300971985e-02 2.487844042479991913e-02 4.590661823749542236e-02 3.639266127720475197e-03 2.799962088465690613e-02 2.729347720742225647e-02 3.113646619021892548e-02 5.699577555060386658e-02 1.569228805601596832e-02 8.552592992782592773e-02 2.086717635393142700e-02 4.124671220779418945e-02 4.327849671244621277e-02 3.124452568590641022e-02 1.485140528529882431e-02 1.225901301950216293e-02 6.359474360942840576e-02 1.957463845610618591e-02 2.087569236755371094e-02 2.193024381995201111e-02 8.852658420801162720e-02 2.066002041101455688e-02 2.488720417022705078e-02 8.236758294515311718e-04 4.259815439581871033e-02 8.950483053922653198e-03 3.179909661412239075e-02 2.337451279163360596e-02 4.398678895086050034e-03 3.141143359243869781e-03 2.554534748196601868e-02 9.218989871442317963e-03 3.879909589886665344e-02 2.254750020802021027e-02 1.313045993447303772e-02 6.941364705562591553e-02 1.700808294117450714e-02 2.912412583827972412e-02 1.728479564189910889e-02 5.045351013541221619e-02 8.752848021686077118e-03 1.296989992260932922e-02 3.448196873068809509e-02 7.348610088229179382e-04
1.919371308758854866e-03 8.608935400843620300e-03 2.631354629993438721e-01 4.672930762171745300e-02 7.718386128544807434e-03 5.508418753743171692e-02 1.026257127523422241e-02 3.585448488593101501e-02 6.561747286468744278e-03 1.367010176181793213e-02 3.192180022597312927e-02 3.139431774616241455e-02 5.905108992010354996e-03 5.440057441592216492e-02 2.070527523756027222e-01 2.647658996284008026e-02 2.415628358721733093e-02 2.540262416005134583e-02 2.389866858720779419e-02 5.605279933661222458e-03 1.170798297971487045e-02 1.170851010829210281e-02 7.247117464430630207e-04 3.566193953156471252e-02 2.412510290741920471e-02 1.637842692434787750e-02 5.830195266753435135e-03 7.873475551605224609e-03 2.103161625564098358e-02 2.748830430209636688e-02 1.599799096584320068e-02 1.865132339298725128e-02 3.400644287467002869e-02 8.571703918278217316e-03 4.176469054073095322e-03 1.201545819640159607e-02 4.813577979803085327e-02 4.887996474280953407e-04 1.416842937469482422e-01 6.001477688550949097e-02 1.618835143744945526e-02 6.075247749686241150e-02 2.733968384563922882e-02 3.527261689305305481e-02 3.463289886713027954e-02 1.244703680276870728e-02 2.422035858035087585e-02 1.890383101999759674e-02 1.006610225886106491e-02 3.823704645037651062e-02 4.925861954689025879e-03 1.141717284917831421e-02 2.081490121781826019e-02 1.212448254227638245e-02 4.495583474636077881e-03 3.120859386399388313e-03 2.014011330902576447e-02 1.246371213346719742e-02 5.347131285816431046e-03 2.111719548702239990e-02 3.071755170822143555e-02 2.024001441895961761e-02 8.439918048679828644e-03 2.720006741583347321e-02 2.300551347434520721e-02 4.507330432534217834e-02 5.717268958687782288e-02 2.489752508699893951e-02 3.571074828505516052e-02 2.176691219210624695e-02 2.330147847533226013e-02 2.231066673994064331e-02 5.032318178564310074e-03 1.006214320659637451e-01 1.739245466887950897e-02 1.168341189622879028e-01 4.605698212981224060e-02 1.985674351453781128e-02 4.747395589947700500e-02 4.631616175174713135e-03 1.941980123519897461e-01 4.978409409523010254e-02 4.079365357756614685e-02 7.774636615067720413e-03 2.977536059916019440e-02 2.381003089249134064e-02 2.300756275653839111e-01 7.523358613252639771e-02 8.096616715192794800e-03 4.558479040861129761e-02 1.469653565436601639e-02 5.119900405406951904e-02 2.388694137334823608e-02 7.025299221277236938e-02 8.899817243218421936e-03 4.705158993601799011e-03 1.648387871682643890e-02 1.965370215475559235e-02 1.691857539117336273e-02 2.214512974023818970e-02 8.014146238565444946e-03 5.654123425483703613e-02 7.148436270654201508e-03 6.165818870067596436e-02 1.839655451476573944e-02 2.284604497253894806e-02 4.250758141279220581e-02 4.286045208573341370e-03 1.172968652099370956e-02 4.010320827364921570e-02 3.913028538227081299e-02 2.199167013168334961e-02 4.193599894642829895e-02 4.249103367328643799e-02 2.033358067274093628e-02 3.861221298575401306e-02
6.364008295349776745e-04 1.426100265234708786e-02 1.055778004229068756e-02 1.035022735595703125e-02 1.043678913265466690e-02 5.326526612043380737e-02 3.452334180474281311e-02 6.561747286468744278e-03 9.226196445524692535e-03 1.712919026613235474e-01 7.970350998220965266e-05 9.778356179594993591e-03 4.487270116806030273e-02 5.140332505106925964e-02 1.680913381278514862e-02 1.634608022868633270e-02 2.836548350751399994e-02 5.596403032541275024e-02 2.292619086802005768e-03 7.907436520326882601e-05 2.591932006180286407e-02 1.963077299296855927e-02 6.846765428781509399e-02 2.391974627971649170e-02 6.038321554660797119e-02 7.610086351633071899e-02 2.785345539450645447e-02 2.178907394409179688e-02 1.809870079159736633e-02 1.404255721718072891e-02 1.746256276965141296e-02 2.537457644939422607e-02 7.237187027931213379e-02 8.876557461917400360e-03 4.415513947606086731e-02 1.591524109244346619e-02 6.036346312612295151e-03 1.375189633108675480e-03 3.479546308517456055e-02 5.249051749706268311e-02 7.587586529552936554e-03 3.724535927176475525e-02 3.287276998162269592e-02 3.832965716719627380e-02 1.953563652932643890e-02 2.273438684642314911e-02 2.087908796966075897e-02 4.018604010343551636e-02 2.327366173267364502e-02 3.665726259350776672e-02 6.120275706052780151e-03 3.264805302023887634e-02 1.826056279242038727e-02 3.025717288255691528e-02 3.560417145490646362e-02 2.809179574251174927e-02 1.479848101735115051e-02 2.866516634821891785e-02 2.767526358366012573e-02 4.412229359149932861e-02 5.529399495571851730e-03 9.011790156364440918e-02 1.989698782563209534e-02 5.856990441679954529e-02 1.428811624646186829e-02 1.219169981777667999e-02 1.300437748432159424e-02 2.226173877716064453e-02 3.791482001543045044e-02 8.019492030143737793e-03 2.680200710892677307e-02 2.741914615035057068e-02 8.196393400430679321e-02 6.854944862425327301e-03 5.546999722719192505e-02 2.645195834338665009e-02 2.704623341560363770e-01 1.468431353569030762e-01 1.605390608310699463e-01 6.197816133499145508e-02 3.228690102696418762e-02 2.445830404758453369e-02 1.255440562963485718e-01 3.959647566080093384e-02 2.216528169810771942e-02 6.747171282768249512e-02 1.469649374485015869e-02 1.691986434161663055e-02 1.625629812479019165e-01 9.487471729516983032e-02 8.076266385614871979e-03 1.836861856281757355e-02 3.189792111515998840e-02 2.757130004465579987e-02 2.075893990695476532e-02 3.840438276529312134e-02 3.992472589015960693e-02 9.111125022172927856e-02 9.826369583606719971e-02 3.064821101725101471e-02 9.712272323668003082e-03 3.682767599821090698e-02 2.211971208453178406e-02 1.471868483349680901e-03 5.772554129362106323e-02 6.753288954496383667e-02 6.893289834260940552e-02 7.979665696620941162e-02 2.608402073383331299e-02 1.458964310586452484e-02 2.889422327280044556e-02 4.040274396538734436e-02 2.506620809435844421e-02 9.422594681382179260e-03 6.784278154373168945e-02 3.189424052834510803e-02
4.838752374053001404e-02 3.897485090419650078e-03 3.025715705007314682e-03 8.339718915522098541e-03 5.175616219639778137e-02 5.410934984683990479e-02 5.832453817129135132e-02 1.367010176181793213e-02 1.712919026613235474e-01 2.325047971680760384e-03 9.118567220866680145e-03 9.914842993021011353e-02 4.547843337059020996e-02 6.143538281321525574e-03 2.864650264382362366e-02 2.523285150527954102e-02 3.084173612296581268e-02 2.844060771167278290e-03 2.587095834314823151e-02 3.239776939153671265e-02 4.971396178007125854e-02 3.156235814094543457e-02 5.029671825468540192e-03 3.688006848096847534e-02 5.530725046992301941e-02 1.300958264619112015e-02 1.332266163080930710e-02 9.400551766157150269e-02 1.645641215145587921e-02 4.066614061594009399e-02 1.543746888637542725e-02 5.438861995935440063e-02 1.519252895377576351e-03 3.707949444651603699e-02 2.224841341376304626e-02 3.307146206498146057e-02 1.916421204805374146e-02 2.380327321588993073e-02 5.294923111796379089e-02 1.366986893117427826e-02 1.967841200530529022e-02 3.984175994992256165e-02 1.683860830962657928e-02 5.852098390460014343e-02 1.817367970943450928e-02 5.305752530694007874e-02 4.908026009798049927e-02 4.889025166630744934e-02 8.317293971776962280e-02 8.780152350664138794e-02 2.944613248109817505e-02 1.369666215032339096e-02 4.436495155096054077e-02 4.527174308896064758e-02 2.033570408821105957e-02 7.306175678968429565e-02 2.771572396159172058e-02 5.333919450640678406e-02 5.308163166046142578e-02 4.757908731698989868e-02 3.488820791244506836e-02 7.785944640636444092e-02 1.420357823371887207e-02 7.545521855354309082e-02 3.927654400467872620e-02 9.205590933561325073e-03 1.461117528378963470e-02 2.399575337767601013e-02 9.284680336713790894e-02 1.197643503546714783e-01 3.697494277730584145e-03 4.817705601453781128e-02 6.068457663059234619e-02 7.225461304187774658e-02 2.732997760176658630e-02 1.774287410080432892e-02 6.037864089012145996e-02 2.754717469215393066e-01 5.589069798588752747e-02 2.377377003431320190e-01 5.880714952945709229e-02 2.782584540545940399e-02 2.635801769793033600e-02 2.622642554342746735e-02 4.552512895315885544e-03 1.478251069784164429e-01 3.773177415132522583e-02 4.416178166866302490e-02 9.738705307245254517e-02 1.464477330446243286e-01 5.005202069878578186e-02 3.141278401017189026e-02 4.755672067403793335e-03 3.740243241190910339e-02 5.738221853971481323e-02 1.730441115796566010e-03 1.220520120114088058e-02 6.978134810924530029e-02 7.740812003612518311e-02 2.831285819411277771e-02 2.688284032046794891e-02 6.532122939825057983e-02 8.756768889725208282e-03 2.588997595012187958e-02 2.041742578148841858e-02 6.825515627861022949e-02 1.110469270497560501e-02 4.469935223460197449e-02 9.516229480504989624e-02 7.062556222081184387e-03 6.668873876333236694e-02 4.580245167016983032e-02 1.803369726985692978e-03 7.179350405931472778e-02 6.028759293258190155e-03 2.014988660812377930e-02
1.681127399206161499e-01 1.359344571828842163e-01 1.218672934919595718e-02 2.347470819950103760e-02 1.591349393129348755e-02 9.532848745584487915e-02 5.862362310290336609e-02 3.192180022597312927e-02 7.970350998220965266e-05 9.118567220866680145e-03 3.199236840009689331e-02 2.468084171414375305e-02 1.225396171212196350e-01 3.693879349157214165e-03 9.150012582540512085e-02 5.921875126659870148e-03 8.617503568530082703e-03 1.296078693121671677e-02 2.994424477219581604e-02 7.967640995047986507e-04 4.812531638890504837e-03 7.017063349485397339e-02 5.724040418863296509e-02 8.834049105644226074e-03 3.532894328236579895e-02 1.926778815686702728e-02 5.240489915013313293e-02 4.386102408170700073e-02 2.685566246509552002e-02 3.814823552966117859e-02 1.183294691145420074e-02 5.281647294759750366e-02 1.524596475064754486e-03 7.797078788280487061e-02 4.604306817054748535e-02 5.656138807535171509e-02 1.217613555490970612e-02 4.627013951539993286e-02 1.423427090048789978e-02 2.649744227528572083e-02 1.312991976737976074e-02 4.080411419272422791e-02 1.300753094255924225e-02 8.893051184713840485e-03 2.600962296128273010e-02 2.831753110513091087e-03 4.243649914860725403e-02 5.476824473589658737e-03 2.892336994409561157e-02 4.689276963472366333e-02 5.809432268142700195e-02 6.908475607633590698e-02 3.506320714950561523e-02 7.025279104709625244e-03 3.199765831232070923e-02 1.507788430899381638e-02 3.909263759851455688e-02 9.934843517839908600e-03 3.553192690014839172e-02 2.716733328998088837e-02 1.991511695086956024e-02 2.149275131523609161e-02 2.153664268553256989e-02 2.015568083152174950e-03 4.842257499694824219e-02 2.361503802239894867e-02 7.611936423927545547e-03 1.169327646493911743e-02 2.956271916627883911e-02 3.081110864877700806e-02 1.866182498633861542e-02 5.499945580959320068e-02 1.606942899525165558e-02 3.386324271559715271e-02 2.695029787719249725e-02 2.078605256974697113e-02 1.095082238316535950e-02 3.338532149791717529e-02 2.828791365027427673e-02 1.312432158738374710e-02 3.538610413670539856e-03 1.169661339372396469e-02 2.381558902561664581e-02 5.485378578305244446e-02 4.263007268309593201e-02 7.156436890363693237e-02 1.362526975572109222e-02 3.996257856488227844e-02 4.449561238288879395e-02 2.502486295998096466e-02 9.262708772439509630e-05 7.570858299732208252e-02 1.784870587289333344e-02 2.316575124859809875e-02 2.112479507923126221e-02 3.289530286565423012e-03 1.528097502887248993e-02 3.799844160676002502e-02 5.870779231190681458e-02 2.279798034578561783e-03 2.407377958297729492e-02 1.354850269854068756e-02 5.754891410470008850e-02 1.908615976572036743e-02 4.403131082653999329e-02 4.419482126832008362e-02 9.185091592371463776e-03 3.382702171802520752e-02 8.686115033924579620e-03 4.415062814950942993e-02 3.626414760947227478e-02 2.101500891149044037e-02 3.585135191679000854e-02 2.146648056805133820e-02 2.231351099908351898e-02 5.036127194762229919e-02
3.158485749736428261e-03 4.861134663224220276e-02 2.963831648230552673e-02 5.085720121860504150e-02 5.268354341387748718e-02 8.627808839082717896e-02 5.761199630796909332e-03 3.139431774616241455e-02 9.778356179594993591e-03 9.914842993021011353e-02 2.468084171414375305e-02 2.189096808433532715e-02 5.281429365277290344e-02 2.321231961250305176e-01 2.682520635426044464e-02 4.738885909318923950e-02 3.994661569595336914e-02 6.252653896808624268e-02 1.452314667403697968e-02 1.962752826511859894e-02 3.937665745615959167e-02 1.731896586716175079e-02 9.936306625604629517e-02 2.277721837162971497e-02 2.578677795827388763e-02 8.056566119194030762e-03 1.295638550072908401e-02 1.193600967526435852e-01 3.420735895633697510e-02 4.001643881201744080e-02 2.034387178719043732e-02 1.598031260073184967e-02 1.044798642396926880e-02 4.252033308148384094e-03 1.007895171642303467e-02 5.653240904211997986e-02 2.191031165421009064e-02 7.483229041099548340e-03 1.401524525135755539e-02 4.620015993714332581e-02 3.534742817282676697e-02 6.282357871532440186e-02 2.031282987445592880e-03 8.101398125290870667e-03 6.110233813524246216e-02 2.409195154905319214e-02 2.985460311174392700e-02 6.827474385499954224e-02 3.601437807083129883e-02 5.064080283045768738e-02 3.197712823748588562e-02 6.921657919883728027e-02 4.676064848899841309e-02 3.692005202174186707e-02 7.601408753544092178e-03 5.500636622309684753e-02 5.957074835896492004e-02 1.749284192919731140e-02 1.374650862999260426e-03 2.913794713094830513e-03 6.634237617254257202e-02 2.026709727942943573e-02 8.214960992336273193e-02 1.426713541150093079e-02 1.859556883573532104e-02 8.956792764365673065e-03 2.332309260964393616e-02 3.019620105624198914e-02 1.642608456313610077e-02 1.448583789169788361e-03 2.347937785089015961e-02 5.088521167635917664e-03 5.294942110776901245e-02 3.280417621135711670e-02 4.596810415387153625e-02 1.653160154819488525e-02 8.044173568487167358e-02 1.092999335378408432e-02 6.526543200016021729e-02 6.958957761526107788e-02 1.228028442710638046e-02 5.170015618205070496e-02 1.028134021908044815e-02 3.747624903917312622e-02 2.224391140043735504e-02 1.913197524845600128e-02 1.668916270136833191e-02 1.922528631985187531e-02 9.323222190141677856e-02 4.518285766243934631e-02 5.016919597983360291e-02 1.306589809246361256e-03 2.096641249954700470e-02 5.132897570729255676e-02 8.770803362131118774e-02 5.154218897223472595e-02 8.065490983426570892e-03 1.101375594735145569e-01 6.315892934799194336e-02 2.457296289503574371e-02 3.182607889175415039e-02 3.885947167873382568e-03 2.751162042841315269e-03 6.506370753049850464e-02 1.236166059970855713e-02 6.415404379367828369e-02 5.827589775435626507e-04 7.799784094095230103e-02 5.721937399357557297e-03 3.479650244116783142e-02 2.944816369563341141e-03 3.296305611729621887e-02 1.117443013936281204e-02 3.369354084134101868e-02 3.856122493743896484e-02 3.857612237334251404e-02
1.186646595597267151e-01 1.576159000396728516e-01 8.359825587831437588e-04 6.148408632725477219e-03 3.267617896199226379e-02 6.016562879085540771e-02 8.790098875761032104e-02 5.905108992010354996e-03 4.487270116806030273e-02 4.547843337059020996e-02 1.225396171212196350e-01 5.281429365277290344e-02 3.847304359078407288e-02 3.162509202957153320e-02 1.107178479433059692e-01 1.164077688008546829e-02 2.691063843667507172e-02 1.892536645755171776e-03 6.023776158690452576e-02 3.646605089306831360e-02 1.010483503341674805e-02 8.918855339288711548e-02 5.342084914445877075e-02 1.565699279308319092e-02 4.213074222207069397e-03 4.402119293808937073e-02 3.302101418375968933e-02 5.583919584751129150e-02 1.361472625285387039e-02 1.064180117100477219e-02 3.924915194511413574e-02 1.561126671731472015e-03 1.694736653007566929e-03 3.744728118181228638e-02 1.065389439463615417e-02 4.836150631308555603e-02 2.578710950911045074e-02 1.619360595941543579e-02 5.218845233321189880e-02 1.169207971543073654e-02 3.604384511709213257e-02 4.368196800351142883e-02 3.728166595101356506e-02 1.421402860432863235e-02 3.167860209941864014e-02 3.063467890024185181e-02 3.978731855750083923e-02 4.310182854533195496e-02 5.384298413991928101e-02 4.650222510099411011e-02 2.731256186962127686e-02 7.764107082039117813e-03 1.058193482458591461e-02 1.194511167705059052e-02 6.239923182874917984e-03 4.297469183802604675e-02 2.153949579223990440e-03 1.842837780714035034e-02 2.594393119215965271e-02 1.906304620206356049e-02 2.761123888194561005e-02 3.229736164212226868e-02 1.313321944326162338e-02 3.066837601363658905e-02 9.943747892975807190e-03 6.513623148202896118e-02 1.498732436448335648e-02 5.041991919279098511e-02 5.365954246371984482e-03 1.806189771741628647e-03 7.400982547551393509e-03 3.718753159046173096e-02 1.799937570467591286e-03 1.130251679569482803e-02 1.030544098466634750e-02 1.049500890076160431e-02 2.029063180088996887e-02 2.621061727404594421e-02 5.682259052991867065e-02 1.007602922618389130e-02 2.770763076841831207e-02 2.621325664222240448e-02 3.156476095318794250e-02 4.174641892313957214e-02 3.466788679361343384e-02 2.553939633071422577e-02 3.046511486172676086e-02 3.825621679425239563e-02 2.396109513938426971e-02 4.087482392787933350e-02 4.069546237587928772e-02 2.497674524784088135e-02 6.362583488225936890e-02 3.381741419434547424e-02 2.239142172038555145e-02 3.805612027645111084e-02 2.153113484382629395e-03 1.834891177713871002e-02 9.019881486892700195e-02 5.097946152091026306e-03 3.716508671641349792e-02 2.524471282958984375e-02 5.106995999813079834e-02 2.938236854970455170e-02 3.777216887101531029e-03 1.391145517118275166e-03 3.341245464980602264e-03 4.584864526987075806e-02 1.945356372743844986e-03 2.615099772810935974e-02 7.674045860767364502e-03 3.381559625267982483e-02 8.213756605982780457e-03 8.998766541481018066e-03 2.283616550266742706e-02 1.470359507948160172e-03
