6.702091544866561890e-02 1.429396569728851318e-01 1.370279025286436081e-02 3.021262027323246002e-02 2.957570180296897888e-02 1.642051190137863159e-01 1.020494922995567322e-01 3.045907942578196526e-03 4.498434718698263168e-03 2.833196893334388733e-02 1.617058515548706055e-01 7.570628542453050613e-03 9.858977794647216797e-02 5.104607343673706055e-02 2.511172741651535034e-02 3.079356253147125244e-02 3.012774512171745300e-02 3.275360912084579468e-02 4.609036445617675781e-02 1.012239791452884674e-02 1.389015524182468653e-04 5.490439012646675110e-02 3.152973949909210205e-02 9.635911136865615845e-02 8.452665805816650391e-02 1.864925585687160492e-02 8.701932616531848907e-03 3.021801635622978210e-02 3.624588251113891602e-02 4.400439187884330750e-02 3.896315395832061768e-02 2.181315608322620392e-02 1.390908192843198776e-02 1.981198973953723907e-02 5.978324916213750839e-03 2.402621321380138397e-02 1.187602709978818893e-02 3.400322422385215759e-02 7.294709794223308563e-03 2.254909463226795197e-02 9.873491711914539337e-03 3.127815946936607361e-02 8.108624257147312164e-03 3.210914134979248047e-02 6.658003479242324829e-02 6.115076318383216858e-02 4.565829411149024963e-02 3.813071176409721375e-02 1.914759539067745209e-02 4.200235754251480103e-02 1.203149370849132538e-02 2.005827240645885468e-02 5.250703170895576477e-02 1.865467056632041931e-02 2.431449480354785919e-02 2.429988235235214233e-03 8.421449922025203705e-03 1.133226417005062103e-02 3.207495063543319702e-02 1.078145951032638550e-02 1.369504351168870926e-02 3.120651235803961754e-04 7.803024258464574814e-03 2.685586921870708466e-03 1.775679551064968109e-02 1.152769196778535843e-02 3.273995965719223022e-02 2.176731266081333160e-02 3.255262970924377441e-02 3.019116586074233055e-03 3.694874048233032227e-02 1.325117773376405239e-04 4.476874321699142456e-02 1.333725755102932453e-03 5.110999569296836853e-02 5.928268074057996273e-04 1.547855697572231293e-02 3.968209202867001295e-04 3.884452953934669495e-02 3.843974694609642029e-02 2.525904960930347443e-02 2.130680717527866364e-02 7.655589282512664795e-02 3.268180787563323975e-02 1.666754484176635742e-02 3.233566135168075562e-02 8.758002519607543945e-02 3.669202327728271484e-02 2.295061387121677399e-02 3.285443782806396484e-02 4.207149613648653030e-03 3.455536067485809326e-02 8.357818238437175751e-03 5.919544957578182220e-03 7.586408406496047974e-03 3.479545935988426208e-03 1.560014905408024788e-03 1.336934324353933334e-02 4.866190254688262939e-02 3.517951816320419312e-02 4.350474104285240173e-02 1.856551505625247955e-02 1.891193725168704987e-02 2.890306152403354645e-02 4.410972446203231812e-02 2.882601879537105560e-02 2.819849550724029541e-02 1.083700265735387802e-02 1.495886594057083130e-02 3.173460252583026886e-03 2.539400383830070496e-02 5.807910114526748657e-02 6.242551654577255249e-02 6.769984494894742966e-03 7.502475054934620857e-04 3.989098221063613892e-02
1.429396569728851318e-01 7.406257092952728271e-02 1.675219647586345673e-02 1.499965507537126541e-02 2.057871781289577484e-02 8.724803477525711060e-02 8.810942620038986206e-02 7.183412089943885803e-03 2.261000126600265503e-02 1.640217378735542297e-02 7.754753530025482178e-02 4.090921580791473389e-02 1.129807829856872559e-01 6.621774286031723022e-02 8.017122745513916016e-02 3.629450500011444092e-02 4.218244925141334534e-03 1.913191378116607666e-02 2.474516071379184723e-02 3.044252656400203705e-02 3.845819830894470215e-02 8.221627026796340942e-02 1.772049441933631897e-02 3.847921732813119888e-03 6.557007879018783569e-02 2.442731708288192749e-02 3.792374953627586365e-02 3.007336147129535675e-02 6.211842410266399384e-03 2.085335366427898407e-02 1.045383512973785400e-02 2.549740858376026154e-02 9.526778012514114380e-03 1.484030485153198242e-02 9.657455608248710632e-03 3.115069493651390076e-02 6.118302233517169952e-03 1.321231015026569366e-02 3.842176496982574463e-02 5.418719723820686340e-03 5.188688635826110840e-02 4.233192279934883118e-02 8.522100746631622314e-03 1.122650783509016037e-02 4.568237066268920898e-02 9.124131500720977783e-02 9.853941388428211212e-03 3.301981836557388306e-02 2.349428273737430573e-02 8.475080132484436035e-03 1.014371775090694427e-02 2.572419866919517517e-02 3.209333121776580811e-02 1.800204999744892120e-02 3.107052110135555267e-02 1.985784247517585754e-02 3.099882043898105621e-02 3.380581364035606384e-02 2.411631867289543152e-02 1.677636988461017609e-02 1.866129785776138306e-02 2.044104272499680519e-03 2.316571626579388976e-04 3.588021546602249146e-02 2.534845098853111267e-02 2.204851806163787842e-02 3.320437297224998474e-02 2.589323557913303375e-02 2.046091295778751373e-02 1.956384070217609406e-02 3.276063129305839539e-02 9.117042645812034607e-03 1.018182025291025639e-03 2.014718577265739441e-02 1.180751714855432510e-02 1.084907259792089462e-02 1.945999078452587128e-02 1.582234352827072144e-02 2.869202569127082825e-02 3.586627170443534851e-02 5.165669694542884827e-02 4.659207537770271301e-02 3.079709038138389587e-02 2.792629227042198181e-02 7.237906008958816528e-02 6.036123633384704590e-02 4.619225859642028809e-02 6.401336938142776489e-02 1.742137782275676727e-02 5.799377337098121643e-02 1.746261306107044220e-02 3.438002243638038635e-02 1.273865718394517899e-02 2.475680038332939148e-02 3.898624703288078308e-02 1.296398346312344074e-03 3.610058920457959175e-03 1.857171207666397095e-02 2.565510943531990051e-02 1.315130852162837982e-02 7.017577998340129852e-03 2.865557372570037842e-02 1.186348404735326767e-02 5.744469165802001953e-02 7.036955654621124268e-02 1.550602633506059647e-02 3.186382353305816650e-03 4.508054256439208984e-02 1.922421157360076904e-02 2.095586992800235748e-02 3.366164863109588623e-02 4.076952114701271057e-02 5.204987153410911560e-02 6.368841230869293213e-02 3.589100763201713562e-02 2.264232747256755829e-02
1.370279025286436081e-02 1.675219647586345673e-02 1.112152114510536194e-01 1.081154216080904007e-02 1.741342432796955109e-02 3.422649577260017395e-02 2.667136257514357567e-03 1.987390220165252686e-01 2.883538231253623962e-02 6.088677421212196350e-02 4.216724634170532227e-02 4.037973284721374512e-02 2.842547371983528137e-02 9.435728937387466431e-02 9.297030046582221985e-03 3.008371032774448395e-02 2.791300043463706970e-02 2.099874429404735565e-02 3.900394309312105179e-03 2.595698460936546326e-02 8.462825790047645569e-03 2.729776874184608459e-02 1.876644790172576904e-02 3.098110854625701904e-02 8.676329627633094788e-03 1.554770022630691528e-02 1.607119850814342499e-02 1.181963011622428894e-01 5.349910934455692768e-04 2.382286079227924347e-02 1.801313459873199463e-02 1.380469743162393570e-02 2.198803424835205078e-02 1.284856349229812622e-02 8.781639859080314636e-03 6.368190050125122070e-03 5.358167737722396851e-02 6.118250265717506409e-02 1.352558564394712448e-02 4.508971236646175385e-03 2.520220167934894562e-02 3.234132379293441772e-02 2.111171837896108627e-03 5.713676568120718002e-03 5.666365101933479309e-02 9.879574924707412720e-02 1.340314466506242752e-02 1.133096404373645782e-02 6.587023381143808365e-03 8.803023025393486023e-03 2.235329709947109222e-02 6.570003926753997803e-02 4.805692657828330994e-02 2.524105645716190338e-02 2.116364985704421997e-02 3.241771832108497620e-02 4.348196834325790405e-02 3.065754659473896027e-02 4.439723491668701172e-02 6.042161956429481506e-02 1.500002574175596237e-02 4.949491936713457108e-03 4.543859884142875671e-02 2.507279440760612488e-02 7.337675988674163818e-02 4.181224852800369263e-02 1.399245671927928925e-02 2.149830013513565063e-02 1.750525273382663727e-02 2.425630576908588409e-02 2.567060478031635284e-02 2.780086733400821686e-02 9.472326934337615967e-02 7.903049699962139130e-03 4.627005383372306824e-02 3.009190224111080170e-02 1.072420179843902588e-02 4.146970435976982117e-02 5.942964181303977966e-02 1.118806973099708557e-01 2.887598574161529541e-01 2.333288192749023438e-01 2.214368619024753571e-02 2.394143491983413696e-02 8.273135870695114136e-03 2.966364845633506775e-02 1.490873284637928009e-02 5.723293125629425049e-02 5.398083105683326721e-02 9.086222201585769653e-02 1.602405309677124023e-02 3.036961518228054047e-02 8.847869001328945160e-03 7.775316387414932251e-02 3.724201116710901260e-03 1.060184836387634277e-02 4.481451958417892456e-02 2.602998539805412292e-02 3.502451628446578979e-02 3.623410686850547791e-02 1.230963226407766342e-02 4.458970390260219574e-03 4.452180117368698120e-02 2.477598376572132111e-02 2.354729734361171722e-02 4.890861921012401581e-03 1.625844836235046387e-02 4.129971191287040710e-02 4.824114590883255005e-02 1.193618215620517731e-02 3.802972659468650818e-02 8.994170278310775757e-02 2.392260730266571045e-02 5.239156261086463928e-02 5.638314411044120789e-02 9.290473163127899170e-02
3.021262027323246002e-02 1.499965507537126541e-02 1.081154216080904007e-02 4.379519820213317871e-02 1.318276971578598022e-01 2.627753652632236481e-03 4.267595242708921432e-03 4.952906817197799683e-02 2.849161066114902496e-02 3.921041265130043030e-02 1.448941044509410858e-02 7.132101804018020630e-03 2.862014062702655792e-02 3.665148094296455383e-02 2.972506731748580933e-02 1.372223906219005585e-02 7.065460551530122757e-03 1.593581400811672211e-02 3.790033608675003052e-02 4.355808347463607788e-02 5.583286285400390625e-03 4.334913939237594604e-02 8.634923957288265228e-03 2.011857181787490845e-02 2.817232161760330200e-02 3.674416244029998779e-02 1.883554458618164062e-02 2.138106618076562881e-03 1.019424945116043091e-02 5.032531917095184326e-03 4.544450901448726654e-03 1.257653906941413879e-02 2.490062639117240906e-02 1.524127367883920670e-02 2.139360085129737854e-02 1.260107289999723434e-02 3.189828991889953613e-02 3.414804115891456604e-02 8.034315705299377441e-02 4.435854405164718628e-02 6.401563528925180435e-03 2.617690339684486389e-02 1.288254745304584503e-02 2.869207179173827171e-03 4.818606004118919373e-02 5.654473323374986649e-03 3.229910135269165039e-02 1.546332798898220062e-02 1.997188664972782135e-03 2.172339148819446564e-02 6.086362153291702271e-02 7.336804270744323730e-02 3.300464898347854614e-02 1.154399570077657700e-02 1.831233128905296326e-02 4.498593881726264954e-02 2.139335870742797852e-02 2.154044061899185181e-02 4.212813451886177063e-02 4.968944191932678223e-02 1.705587282776832581e-02 1.086199190467596054e-02 3.334221616387367249e-02 3.713317587971687317e-02 8.172045461833477020e-03 1.381391566246747971e-02 4.148665443062782288e-02 4.176522197667509317e-04 2.922113798558712006e-02 2.076024189591407776e-02 2.112842537462711334e-02 3.211371228098869324e-02 1.011978089809417725e-01 1.577067188918590546e-02 5.342490598559379578e-02 2.734102308750152588e-02 4.622969776391983032e-03 8.246609941124916077e-03 2.019553072750568390e-02 1.457807701081037521e-02 7.954592001624405384e-04 3.262526588514447212e-03 3.444224968552589417e-02 5.583702027797698975e-02 1.225921139121055603e-02 9.850542992353439331e-03 3.177707642316818237e-02 2.616220153868198395e-02 4.966769367456436157e-02 3.892409801483154297e-02 7.419447414577007294e-03 4.402339085936546326e-02 1.326435990631580353e-02 1.138985436409711838e-02 1.154228858649730682e-02 6.951949093490839005e-03 3.348593832924962044e-03 2.806181274354457855e-02 3.524608165025711060e-02 3.273151814937591553e-02 8.378775964956730604e-05 9.947845712304115295e-03 3.970467019826173782e-03 4.925057291984558105e-02 2.291957847774028778e-02 5.988381057977676392e-02 2.280129864811897278e-02 4.336908459663391113e-02 9.081282652914524078e-03 2.643210068345069885e-02 2.015120163559913635e-02 1.687634922564029694e-02 4.474930465221405029e-02 1.678416132926940918e-02 2.032375708222389221e-02 2.725217305123806000e-02
2.957570180296897888e-02 2.057871781289577484e-02 1.741342432796955109e-02 1.318276971578598022e-01 5.185324326157569885e-02 2.096571726724505424e-03 2.782063931226730347e-02 5.134698748588562012e-02 2.565078809857368469e-02 2.314874902367591858e-02 1.949981041252613068e-02 1.552925631403923035e-02 3.709126636385917664e-02 4.198176786303520203e-02 3.499171510338783264e-02 2.899407036602497101e-02 1.245948718860745430e-03 1.924132369458675385e-02 2.650820836424827576e-02 2.756621874868869781e-02 2.813965268433094025e-02 3.267514705657958984e-02 3.156147198751568794e-03 1.924456283450126648e-02 1.828528381884098053e-02 1.691329851746559143e-02 2.584902197122573853e-02 2.153008803725242615e-02 1.237536035478115082e-02 4.673532210290431976e-03 2.462834585458040237e-03 9.772784076631069183e-03 1.691004075109958649e-02 1.869691349565982819e-02 1.341838296502828598e-02 2.194340899586677551e-02 1.407484617084264755e-02 4.980855435132980347e-02 5.694081261754035950e-02 4.059419780969619751e-02 1.599706895649433136e-02 1.735340245068073273e-02 2.037258446216583252e-02 1.307768654078245163e-02 3.734146058559417725e-02 4.726674407720565796e-02 1.747630164027214050e-02 5.499494262039661407e-03 1.865694485604763031e-02 2.270902320742607117e-02 1.850602403283119202e-02 3.549464419484138489e-02 3.315739333629608154e-03 8.722341619431972504e-03 2.075440250337123871e-02 3.409720212221145630e-02 1.131757721304893494e-02 9.275062009692192078e-03 3.349005058407783508e-02 2.319698408246040344e-02 1.767135970294475555e-02 2.884035464376211166e-03 2.375438064336776733e-02 5.016586184501647949e-02 1.445153541862964630e-02 1.474283635616302490e-02 5.742735415697097778e-02 1.663713902235031128e-02 1.844210736453533173e-02 1.577856391668319702e-02 1.462677400559186935e-02 4.853010550141334534e-02 5.932472646236419678e-02 2.974797412753105164e-02 5.925979837775230408e-02 3.216362372040748596e-02 1.790981926023960114e-02 2.412330359220504761e-03 1.854725927114486694e-02 9.353547357022762299e-03 3.468769043684005737e-02 3.154949471354484558e-02 2.221114374697208405e-02 6.313059478998184204e-02 3.647269308567047119e-02 3.623392200097441673e-03 5.968582700006663799e-04 1.348174922168254852e-02 3.095560520887374878e-02 2.079755067825317383e-02 3.448449540883302689e-03 1.544713322073221207e-02 1.631667278707027435e-02 4.463661462068557739e-02 3.386704484000802040e-03 3.333902917802333832e-03 5.001186858862638474e-03 1.739753410220146179e-02 1.898953132331371307e-02 3.506749495863914490e-02 7.612270768731832504e-03 9.308390319347381592e-03 5.987348966300487518e-03 2.345307543873786926e-02 1.813956350088119507e-02 6.350274384021759033e-02 8.581054396927356720e-03 4.021755233407020569e-02 1.432000752538442612e-02 2.450604923069477081e-02 1.365800295025110245e-02 3.053483553230762482e-02 2.540760859847068787e-02 1.265339180827140808e-02 2.818785607814788818e-02 9.455724619328975677e-03
1.642051190137863159e-01 8.724803477525711060e-02 3.422649577260017395e-02 2.627753652632236481e-03 2.096571726724505424e-03 1.189252436161041260e-01 1.869829148054122925e-01 1.047191675752401352e-02 2.716348879039287567e-02 4.389007017016410828e-02 1.343315243721008301e-01 7.880818098783493042e-02 1.097126305103302002e-01 4.983607679605484009e-02 1.631188392639160156e-02 1.743418909609317780e-02 3.148487955331802368e-02 3.062668442726135254e-02 4.182676598429679871e-02 4.843562096357345581e-02 1.603758335113525391e-02 2.056171000003814697e-02 3.095531836152076721e-02 7.603829354047775269e-02 4.271825775504112244e-02 3.511367365717887878e-02 2.467978745698928833e-02 1.199909951537847519e-02 5.201038904488086700e-03 4.280273243784904480e-02 1.161151938140392303e-02 1.837887242436408997e-02 8.912514895200729370e-04 1.701630093157291412e-02 7.543280255049467087e-03 9.854969382286071777e-02 8.616558462381362915e-02 4.449527710676193237e-03 1.859504356980323792e-02 3.030080907046794891e-02 6.831037253141403198e-02 5.340855568647384644e-02 1.336436439305543900e-02 1.117037422955036163e-02 3.269683569669723511e-02 2.737889066338539124e-02 1.410580724477767944e-01 8.941163122653961182e-02 2.204275131225585938e-02 2.776904217898845673e-02 1.614399813115596771e-02 1.925557106733322144e-02 1.461186353117227554e-02 2.384731546044349670e-02 7.527584210038185120e-03 2.493679150938987732e-02 2.186507359147071838e-02 4.219918977469205856e-03 1.269831322133541107e-02 1.011392008513212204e-02 9.117230772972106934e-03 3.110840544104576111e-02 4.173852875828742981e-02 1.255290000699460506e-03 6.482179276645183563e-03 2.877334319055080414e-02 3.125049173831939697e-02 2.261876128613948822e-02 1.076478138566017151e-02 3.043557889759540558e-02 4.136105533689260483e-03 4.600756242871284485e-02 2.388078905642032623e-02 4.009272530674934387e-02 2.960995584726333618e-02 2.647205442190170288e-02 1.382679562084376812e-03 2.896911837160587311e-02 3.155244514346122742e-02 5.405824258923530579e-02 2.009304054081439972e-02 8.319057524204254150e-03 8.082157373428344727e-02 4.799814522266387939e-02 9.497013874351978302e-03 9.835673123598098755e-02 4.094273224472999573e-02 5.019077286124229431e-02 4.859667271375656128e-02 2.065589465200901031e-02 4.815438762307167053e-02 2.260878682136535645e-02 3.398514539003372192e-02 4.244933836162090302e-03 4.605415835976600647e-02 7.005931809544563293e-03 2.055289223790168762e-02 2.009186148643493652e-02 1.133130583912134171e-02 3.752567619085311890e-02 5.795600637793540955e-02 1.300920732319355011e-02 3.809951990842819214e-02 3.695757314562797546e-02 4.834688082337379456e-02 3.536638617515563965e-02 2.292562648653984070e-02 3.647010400891304016e-02 4.021841567009687424e-03 2.260582707822322845e-02 1.365729980170726776e-02 7.907935418188571930e-03 3.401987999677658081e-02 9.754294529557228088e-03 5.559068545699119568e-02 1.581732556223869324e-02
1.020494922995567322e-01 8.810942620038986206e-02 2.667136257514357567e-03 4.267595242708921432e-03 2.782063931226730347e-02 1.869829148054122925e-01 1.307099610567092896e-01 1.508220192044973373e-02 1.075349748134613037e-02 1.399508473696187139e-04 9.945795685052871704e-02 3.937812149524688721e-02 1.025635674595832825e-01 5.065182596445083618e-02 5.968234688043594360e-02 3.832183778285980225e-02 3.377351444214582443e-03 1.038654893636703491e-02 5.418764799833297729e-02 2.783861197531223297e-02 3.094678558409214020e-02 1.228137174621224403e-03 2.595490403473377228e-02 2.640936151146888733e-02 6.389686372131109238e-03 3.174682334065437317e-02 1.278779841959476471e-02 5.001998320221900940e-02 1.008450053632259369e-02 3.565673902630805969e-02 1.225739344954490662e-02 5.361109506338834763e-03 4.897863138467073441e-03 6.842894479632377625e-03 7.680945564061403275e-03 1.119108274579048157e-01 7.718444615602493286e-02 3.256356343626976013e-02 1.951403729617595673e-02 7.986828684806823730e-03 1.390656107105314732e-03 5.144738033413887024e-02 2.518913522362709045e-02 2.190294489264488220e-02 5.945201846770942211e-04 7.288290560245513916e-02 1.209828853607177734e-01 1.246741563081741333e-01 1.531219761818647385e-02 4.681101068854331970e-02 5.998912081122398376e-02 8.517629653215408325e-02 3.413696959614753723e-02 5.427778698503971100e-03 9.945668280124664307e-03 4.324186593294143677e-02 9.336636401712894440e-03 5.161340907216072083e-02 1.770183816552162170e-02 1.113318372517824173e-02 6.680372636765241623e-03 3.493174910545349121e-02 5.501735955476760864e-02 5.510544404387474060e-02 3.407729789614677429e-03 6.480044871568679810e-02 1.136375404894351959e-02 6.578682456165552139e-03 1.943158544600009918e-02 2.472869819030165672e-03 6.074479222297668457e-02 3.272956609725952148e-02 1.377837546169757843e-02 8.313087746500968933e-03 2.090238593518733978e-02 1.182180829346179962e-02 1.666982891038060188e-03 3.630764409899711609e-02 1.860622316598892212e-02 4.792468994855880737e-02 2.788416109979152679e-02 1.386218890547752380e-02 4.606044292449951172e-02 6.276480853557586670e-02 1.661046780645847321e-02 8.864581584930419922e-02 1.066752430051565170e-02 1.337127201259136200e-02 1.048190705478191376e-02 4.518925398588180542e-02 5.965533107519149780e-02 3.457329235970973969e-03 5.365740507841110229e-02 2.783347293734550476e-02 5.868059769272804260e-02 3.216433152556419373e-02 4.954034835100173950e-02 2.401215210556983948e-02 1.410516817122697830e-02 2.566428668797016144e-02 2.577733434736728668e-02 1.653641113080084324e-03 4.510907083749771118e-02 3.743841499090194702e-02 4.541130363941192627e-02 5.093116778880357742e-03 4.907400533556938171e-02 5.490447953343391418e-02 1.140696578659117222e-03 7.683591451495885849e-03 3.819048777222633362e-02 3.943714872002601624e-02 1.834159903228282928e-02 2.392346225678920746e-02 7.181993871927261353e-02 7.332450151443481445e-02
3.045907942578196526e-03 7.183412089943885803e-03 1.987390220165252686e-01 4.952906817197799683e-02 5.134698748588562012e-02 1.047191675752401352e-02 1.508220192044973373e-02 9.102463722229003906e-02 4.889409244060516357e-02 4.911380354315042496e-03 7.623070850968360901e-03 4.398700967431068420e-02 1.489087380468845367e-02 1.139145810157060623e-02 1.652877032756805420e-01 1.420813519507646561e-02 4.151427187025547028e-03 3.222489356994628906e-02 3.998432680964469910e-02 5.273954197764396667e-02 1.720445416867733002e-02 4.953759908676147461e-02 2.902834676206111908e-02 3.757945448160171509e-02 3.843498229980468750e-02 1.355319377034902573e-02 1.769805885851383209e-02 1.492168661206960678e-02 4.715295881032943726e-02 1.342472136020660400e-01 2.004808373749256134e-02 2.463254332542419434e-02 1.353351492434740067e-02 3.171671926975250244e-02 2.816716209053993225e-02 3.142178431153297424e-02 3.236977383494377136e-02 4.787530377507209778e-02 1.243233680725097656e-03 1.562221813946962357e-02 2.122972393408417702e-03 3.125429525971412659e-02 1.761681400239467621e-02 7.226783782243728638e-02 8.877202868461608887e-03 1.579468697309494019e-02 4.464333876967430115e-02 7.418913394212722778e-02 4.212921112775802612e-02 1.465265918523073196e-02 1.157584227621555328e-02 6.700761150568723679e-03 3.945119678974151611e-02 3.730488941073417664e-02 4.322303831577301025e-02 1.595224812626838684e-02 3.149024024605751038e-02 4.923028498888015747e-02 1.706475578248500824e-02 1.122777629643678665e-02 5.765446461737155914e-03 4.597507882863283157e-03 2.791948802769184113e-02 6.875949911773204803e-03 5.945773795247077942e-02 4.456482827663421631e-02 4.939447715878486633e-02 3.972095251083374023e-02 5.596967786550521851e-02 2.235725708305835724e-02 4.256717860698699951e-03 4.928212240338325500e-02 6.181152909994125366e-02 4.606464505195617676e-02 3.386083990335464478e-02 2.832826599478721619e-02 1.131546124815940857e-02 5.968644097447395325e-02 2.304801158607006073e-02 6.031063571572303772e-02 2.185488343238830566e-01 2.070873230695724487e-01 1.520209480077028275e-02 3.626393526792526245e-02 6.113993749022483826e-02 3.019698429852724075e-03 1.016777828335762024e-01 5.529672652482986450e-02 2.499374002218246460e-02 1.999071985483169556e-02 4.837549477815628052e-02 6.647715717554092407e-02 6.123249232769012451e-02 3.373519331216812134e-02 2.044369280338287354e-02 4.248300194740295410e-02 3.174074366688728333e-02 3.516392409801483154e-02 3.504019696265459061e-04 5.615845322608947754e-02 5.219181533902883530e-03 2.986904047429561615e-02 2.324379049241542816e-02 2.610386535525321960e-02 2.224017400294542313e-03 2.057171240448951721e-02 3.642167523503303528e-02 3.905596956610679626e-02 6.565887480974197388e-02 2.779826708137989044e-02 6.685193628072738647e-02 1.051472499966621399e-03 7.783600687980651855e-02 6.059578806161880493e-02 5.640896037220954895e-02 2.493392908945679665e-03
4.498434718698263168e-03 2.261000126600265503e-02 2.883538231253623962e-02 2.849161066114902496e-02 2.565078809857368469e-02 2.716348879039287567e-02 1.075349748134613037e-02 4.889409244060516357e-02 1.286096125841140747e-01 9.191393852233886719e-02 3.084703907370567322e-02 3.077975846827030182e-02 3.930940292775630951e-03 8.374387025833129883e-02 1.239141263067722321e-02 6.706400960683822632e-02 4.827523976564407349e-02 7.786042988300323486e-02 1.138695981353521347e-02 2.795009315013885498e-02 1.931126695126295090e-03 3.106135502457618713e-02 1.539093349128961563e-02 2.411490492522716522e-02 9.002802893519401550e-03 4.638561978936195374e-02 1.110709644854068756e-02 4.799913242459297180e-02 7.323306798934936523e-02 1.313952952623367310e-01 5.305809155106544495e-02 4.094772785902023315e-02 2.111005783081054688e-02 6.518314126878976822e-03 1.756041496992111206e-02 1.804480329155921936e-02 2.403266727924346924e-03 4.992388188838958740e-02 2.911683917045593262e-02 3.379547968506813049e-02 1.272946968674659729e-02 2.526406385004520416e-02 2.658422803506255150e-03 1.748942211270332336e-02 1.632834039628505707e-02 9.550284594297409058e-02 5.754573643207550049e-02 1.203476102091372013e-03 6.214126572012901306e-02 7.559524383395910263e-04 7.613757997751235962e-02 5.305266380310058594e-02 6.243992596864700317e-03 1.480252249166369438e-03 5.257495865225791931e-02 3.116345033049583435e-03 2.180425822734832764e-02 1.110824476927518845e-02 8.459047973155975342e-02 3.872435167431831360e-02 3.033543191850185394e-02 1.302821934223175049e-02 3.495912253856658936e-02 2.543960139155387878e-02 2.544897422194480896e-02 7.057005539536476135e-03 4.270290490239858627e-03 2.578538656234741211e-02 7.902965694665908813e-02 3.278855979442596436e-02 1.575221121311187744e-02 2.598017454147338867e-02 7.319656759500503540e-02 4.380019754171371460e-02 5.466421600431203842e-03 6.965358741581439972e-03 1.731276661157608032e-01 3.083445876836776733e-02 6.949128210544586182e-02 5.158841237425804138e-02 1.191055029630661011e-02 4.653687775135040283e-02 6.472871452569961548e-02 3.161621466279029846e-02 6.382666528224945068e-02 6.891811732202768326e-03 2.402688376605510712e-03 6.043901294469833374e-02 6.644609570503234863e-02 1.065849326550960541e-02 3.826433792710304260e-02 5.836787819862365723e-02 1.630742452107369900e-03 5.174671486020088196e-02 5.181574821472167969e-02 2.828973811119794846e-03 3.271703422069549561e-02 2.484438195824623108e-02 1.232043802738189697e-01 5.919820815324783325e-02 3.832384012639522552e-03 3.209410980343818665e-02 1.334938779473304749e-02 1.671709492802619934e-02 5.048372223973274231e-02 4.557147994637489319e-02 3.584284335374832153e-02 4.068370163440704346e-02 2.349449321627616882e-02 1.992638595402240753e-02 1.257647760212421417e-02 2.119272015988826752e-02 4.917708411812782288e-02 8.076113462448120117e-02 6.919679790735244751e-02 5.812943726778030396e-02
2.833196893334388733e-02 1.640217378735542297e-02 6.088677421212196350e-02 3.921041265130043030e-02 2.314874902367591858e-02 4.389007017016410828e-02 1.399508473696187139e-04 4.911380354315042496e-03 9.191393852233886719e-02 1.156035140156745911e-01 3.328740596771240234e-02 1.766999252140522003e-02 2.725556725636124611e-03 5.690973252058029175e-03 2.922257222235202789e-02 3.483393043279647827e-02 6.162030622363090515e-02 3.111955150961875916e-02 4.811419919133186340e-02 1.460013259202241898e-02 7.863129489123821259e-03 3.904677927494049072e-03 2.836661227047443390e-02 5.041752010583877563e-02 3.952066600322723389e-02 2.980243228375911713e-02 2.708534337580204010e-02 7.476953417062759399e-02 5.628312751650810242e-02 2.756899781525135040e-02 8.470491319894790649e-02 2.803374640643596649e-02 1.945095136761665344e-02 5.739968642592430115e-02 4.950331640429794788e-04 5.663489550352096558e-02 3.105154074728488922e-02 2.906942926347255707e-02 3.209967166185379028e-02 1.885830983519554138e-02 1.318234764039516449e-02 7.224190235137939453e-02 7.562317699193954468e-02 4.616026580333709717e-02 3.791119903326034546e-02 1.866364851593971252e-02 2.329586073756217957e-02 1.808624528348445892e-02 2.463879808783531189e-02 4.956698417663574219e-02 6.766371428966522217e-02 3.884208202362060547e-02 4.937182366847991943e-02 3.871407732367515564e-02 3.490586299449205399e-03 4.494572803378105164e-02 5.382404476404190063e-02 1.737351529300212860e-02 5.722546577453613281e-02 4.845851659774780273e-02 2.551682293415069580e-02 3.069254010915756226e-02 1.744275353848934174e-02 1.215899735689163208e-02 9.111424908041954041e-03 3.156824409961700439e-02 3.119910694658756256e-02 4.122376069426536560e-02 4.238770902156829834e-02 1.162503287196159363e-02 1.174295395612716675e-01 3.977851197123527527e-02 4.493580386042594910e-02 3.496472910046577454e-02 2.373340912163257599e-02 8.069572970271110535e-03 4.302377998828887939e-02 1.813826858997344971e-01 1.445716060698032379e-02 5.490420386195182800e-02 5.830587446689605713e-02 5.181202292442321777e-02 3.257450833916664124e-02 3.608182445168495178e-02 1.246686000376939774e-02 6.423174869269132614e-03 2.475112117826938629e-02 5.519618839025497437e-02 2.718109451234340668e-02 1.289505362510681152e-01 1.795574836432933807e-02 8.574101142585277557e-03 2.159486524760723114e-02 1.216252893209457397e-02 3.410730138421058655e-02 7.041799835860729218e-03 7.984791882336139679e-03 3.349961712956428528e-02 3.904765099287033081e-02 5.979986488819122314e-02 4.617619328200817108e-03 1.069396547973155975e-02 2.693887986242771149e-02 1.299667637795209885e-02 5.410820990800857544e-02 3.051255829632282257e-02 1.696357503533363342e-02 7.302748411893844604e-02 3.092416934669017792e-02 2.960731089115142822e-02 5.056013353168964386e-03 2.166406996548175812e-02 3.190114162862300873e-03 2.165320515632629395e-02 7.575846463441848755e-02 5.355227366089820862e-02
1.617058515548706055e-01 7.754753530025482178e-02 4.216724634170532227e-02 1.448941044509410858e-02 1.949981041252613068e-02 1.343315243721008301e-01 9.945795685052871704e-02 7.623070850968360901e-03 3.084703907370567322e-02 3.328740596771240234e-02 8.043409883975982666e-02 6.420820206403732300e-02 1.529183238744735718e-01 5.190161615610122681e-02 4.961318150162696838e-02 3.831996396183967590e-02 3.194452961906790733e-03 8.932114578783512115e-03 5.485878512263298035e-02 2.659323997795581818e-02 4.624823108315467834e-03 3.380671888589859009e-02 2.760774083435535431e-02 7.992509007453918457e-02 5.894396081566810608e-02 2.540891524404287338e-03 1.279813610017299652e-02 1.260568294674158096e-02 2.165264450013637543e-02 4.148785490542650223e-03 1.322164200246334076e-02 1.131117343902587891e-03 5.584226921200752258e-03 4.086416214704513550e-03 2.827469818294048309e-02 6.382770836353302002e-02 2.170238085091114044e-02 7.937044836580753326e-03 3.867298364639282227e-03 2.749092644080519676e-03 1.580143533647060394e-02 1.791295222938060760e-02 1.887205801904201508e-02 1.067292876541614532e-02 3.898759931325912476e-02 3.625428676605224609e-02 7.980947196483612061e-02 6.963793188333511353e-02 8.707671426236629486e-03 3.252101596444845200e-03 4.896445572376251221e-02 4.615613073110580444e-02 2.735376730561256409e-02 4.436635971069335938e-02 2.884819917380809784e-02 1.375172473490238190e-02 4.066159576177597046e-02 3.611858561635017395e-02 9.098483249545097351e-03 2.892997860908508301e-02 7.405607961118221283e-03 4.062595963478088379e-02 5.195415113121271133e-03 4.580853041261434555e-03 1.148013025522232056e-01 2.461265400052070618e-02 4.222551826387643814e-03 3.097213804721832275e-02 2.085190638899803162e-02 1.271202508360147476e-02 1.478005945682525635e-02 3.670224547386169434e-02 2.171943336725234985e-02 4.633268807083368301e-03 3.441066481173038483e-03 5.216445773839950562e-02 4.176087211817502975e-03 1.929222419857978821e-02 1.085950341075658798e-02 2.441276609897613525e-02 1.994362566620111465e-03 3.125772252678871155e-02 2.578779868781566620e-02 1.868645101785659790e-02 2.607806771993637085e-02 3.633566200733184814e-02 3.117182850837707520e-02 5.044526606798171997e-02 9.898692369461059570e-03 3.903967514634132385e-02 2.491090446710586548e-02 6.170141324400901794e-02 1.510384026914834976e-02 2.071395143866539001e-02 4.077055491507053375e-03 9.326858707936480641e-05 3.145552799105644226e-02 9.490739554166793823e-03 1.773446425795555115e-02 1.969861797988414764e-02 2.329594455659389496e-02 3.862779587507247925e-02 3.273363783955574036e-02 2.979663573205471039e-02 1.455837767571210861e-02 7.846005260944366455e-03 8.314968086779117584e-03 7.262550294399261475e-03 4.218121990561485291e-02 2.033356018364429474e-02 4.760447517037391663e-02 5.548801738768815994e-03 5.922069028019905090e-02 2.224737219512462616e-02 1.704862527549266815e-02 3.786241263151168823e-02
7.570628542453050613e-03 4.090921580791473389e-02 4.037973284721374512e-02 7.132101804018020630e-03 1.552925631403923035e-02 7.880818098783493042e-02 3.937812149524688721e-02 4.398700967431068420e-02 3.077975846827030182e-02 1.766999252140522003e-02 6.420820206403732300e-02 1.041599214076995850e-01 4.708197712898254395e-02 4.729129374027252197e-01 5.620776209980249405e-03 2.825005725026130676e-02 1.025658659636974335e-02 4.250886291265487671e-02 2.119939029216766357e-02 1.606148108839988708e-02 2.609465457499027252e-02 3.693641349673271179e-02 7.975585758686065674e-02 1.256685610860586166e-02 2.812753897160291672e-03 3.366895765066146851e-02 3.197558224201202393e-02 1.029869392514228821e-01 4.304033145308494568e-02 5.561241880059242249e-02 6.500432267785072327e-03 4.008011519908905029e-02 2.554385364055633545e-02 2.082511223852634430e-02 2.254571393132209778e-02 3.692549839615821838e-02 6.163262203335762024e-02 2.478471957147121429e-02 1.666020974516868591e-02 2.370148524641990662e-02 1.021544169634580612e-02 6.440864503383636475e-02 9.112980915233492851e-04 4.994230717420578003e-02 1.245662197470664978e-01 3.110843710601329803e-02 4.613184928894042969e-02 2.210508659482002258e-02 3.373195230960845947e-02 3.030616231262683868e-02 1.127003505825996399e-02 3.914155066013336182e-02 1.740804524160921574e-03 2.212036028504371643e-02 4.239444062113761902e-02 4.058934003114700317e-02 3.851567208766937256e-02 2.868293970823287964e-02 9.230215847492218018e-02 5.300022289156913757e-02 4.537194967269897461e-03 5.899741314351558685e-03 8.464103564620018005e-03 1.430100854486227036e-02 5.258068069815635681e-02 2.215787768363952637e-02 1.916331984102725983e-02 3.412238508462905884e-02 2.015455812215805054e-02 1.462973374873399734e-02 1.799954473972320557e-02 2.266694791615009308e-02 6.098904833197593689e-02 5.165361240506172180e-02 4.819846712052822113e-03 2.648815885186195374e-02 3.326984867453575134e-02 4.909621179103851318e-02 1.498694159090518951e-02 9.210498631000518799e-02 1.572905480861663818e-02 1.127518117427825928e-01 4.843017458915710449e-02 4.670970886945724487e-02 6.784898787736892700e-02 5.498393252491950989e-02 3.746892511844635010e-02 3.135898709297180176e-02 2.570058777928352356e-02 4.843206703662872314e-02 1.032758206129074097e-01 2.721550501883029938e-02 1.257279813289642334e-01 6.154114380478858948e-03 1.895696297287940979e-02 3.256928175687789917e-02 2.224116958677768707e-02 4.171410948038101196e-02 4.406988248229026794e-02 9.993352927267551422e-03 2.029235474765300751e-02 6.329226307570934296e-04 1.901218108832836151e-02 1.544198673218488693e-02 4.924651980400085449e-02 1.631465367972850800e-02 2.695883251726627350e-02 2.503189444541931152e-02 8.968082256615161896e-03 6.188235059380531311e-02 6.061238422989845276e-02 5.103559419512748718e-02 2.049860917031764984e-02 7.825916260480880737e-02 6.107570603489875793e-02 9.666770696640014648e-03
9.858977794647216797e-02 1.129807829856872559e-01 2.842547371983528137e-02 2.862014062702655792e-02 3.709126636385917664e-02 1.097126305103302002e-01 1.025635674595832825e-01 1.489087380468845367e-02 3.930940292775630951e-03 2.725556725636124611e-03 1.529183238744735718e-01 4.708197712898254395e-02 6.737498193979263306e-02 5.091289058327674866e-02 4.127275571227073669e-02 1.306215580552816391e-02 5.249273031949996948e-02 3.464303538203239441e-02 2.371098659932613373e-02 1.906399801373481750e-02 7.829802110791206360e-03 7.115920633077621460e-02 3.249966306611895561e-03 3.530213981866836548e-02 7.353724911808967590e-03 7.691796869039535522e-03 4.414970520883798599e-03 1.302213594317436218e-02 2.867417223751544952e-02 1.973556540906429291e-02 3.462085127830505371e-02 2.692645415663719177e-02 1.963609643280506134e-02 1.063956785947084427e-02 6.658336613327264786e-03 4.742465168237686157e-02 3.460566326975822449e-02 6.747195869684219360e-02 1.647921465337276459e-02 7.846154272556304932e-03 2.636136859655380249e-02 1.450067851692438126e-02 3.027243947144597769e-04 1.780327595770359039e-02 1.269156299531459808e-02 1.559522841125726700e-02 4.678142070770263672e-02 2.952787280082702637e-02 1.866128668189048767e-02 4.023227840662002563e-02 4.356826096773147583e-02 2.603508904576301575e-02 2.561014890670776367e-02 5.833601579070091248e-02 3.256030147895216942e-03 2.699583396315574646e-02 4.800278984475880861e-04 1.222078502178192139e-02 8.889899589121341705e-03 3.085067123174667358e-02 3.653329610824584961e-02 1.414900459349155426e-02 2.994212321937084198e-02 9.371067397296428680e-03 2.875181473791599274e-02 5.776158347725868225e-02 1.295267045497894287e-02 1.891878782771527767e-03 1.387533359229564667e-02 2.800012473016977310e-03 6.654837634414434433e-04 2.372704073786735535e-02 8.781292475759983063e-03 1.586047373712062836e-02 6.785156205296516418e-03 4.136219620704650879e-02 1.678540953435003757e-03 1.272196788340806961e-02 2.350598946213722229e-02 5.787647794932126999e-03 2.411426976323127747e-02 6.738202273845672607e-02 2.228046767413616180e-02 2.292989520356059074e-03 3.076745895668864250e-03 4.052280262112617493e-02 9.802446700632572174e-03 1.114785894751548767e-01 2.459330111742019653e-02 5.688833817839622498e-02 2.491553686559200287e-02 6.342403590679168701e-02 4.267544485628604889e-03 2.986724860966205597e-02 7.295860443264245987e-03 2.604055777192115784e-02 7.667341269552707672e-03 2.294869162142276764e-02 2.490285784006118774e-02 2.901720581576228142e-03 2.381069771945476532e-02 1.268746331334114075e-02 3.468061983585357666e-02 2.612924575805664062e-02 5.784352310001850128e-03 3.154057543724775314e-03 2.499708533287048340e-02 6.374390423297882080e-02 1.448882743716239929e-02 2.933743596076965332e-02 1.656774617731571198e-02 2.611447311937808990e-02 7.095183245837688446e-03 8.491928456351161003e-04 3.392094373703002930e-02 4.032478854060173035e-02
