1.528492867946624756e-01 1.894327253103256226e-01 7.133442442864179611e-03 6.908187642693519592e-03 3.038017079234123230e-02 2.170253843069076538e-01 1.227182522416114807e-01 4.571679455693811178e-04 1.569628342986106873e-02 1.494602952152490616e-02 1.017363965511322021e-01 1.792374812066555023e-02 8.259158581495285034e-02 2.441074326634407043e-02 1.174605824053287506e-02 2.848240081220865250e-03 5.970186553895473480e-03 3.209682181477546692e-02 3.747884184122085571e-02 3.326906263828277588e-02 1.429494656622409821e-02 1.068009063601493835e-03 6.724060513079166412e-03 4.778049886226654053e-02 1.714243553578853607e-02 4.022426903247833252e-02 2.198306098580360413e-02 7.401957362890243530e-02 2.180420421063899994e-02 1.690892502665519714e-02 8.443122729659080505e-03 2.263075485825538635e-02 5.517370253801345825e-02 2.317989245057106018e-02 2.873982489109039307e-02 1.354376319795846939e-03 3.103612549602985382e-02 2.075723558664321899e-02 1.233332138508558273e-02 3.911399468779563904e-02 3.358501940965652466e-02 3.286677598953247070e-02 7.022846490144729614e-03 7.082108873873949051e-03 7.886199280619621277e-03 8.389248512685298920e-03 6.388118863105773926e-02 5.175103433430194855e-04 2.254917845129966736e-02 2.909799572080373764e-03 3.614942356944084167e-02 3.554463386535644531e-02 2.676808740943670273e-03 1.100098993629217148e-02 2.680378220975399017e-02 1.791409403085708618e-02 4.419226665049791336e-03 1.134853903204202652e-02 3.287886083126068115e-02 2.109151147305965424e-02 5.856322590261697769e-03 2.006305195391178131e-02 4.574434459209442139e-02 1.298754196614027023e-02 1.550240162760019302e-02 2.315829508006572723e-02 3.138099238276481628e-02 1.193846575915813446e-02 2.945848554372787476e-02 7.940082997083663940e-02 4.401674959808588028e-03 4.945137724280357361e-02 1.300800242461264133e-03 8.158853743225336075e-04 2.208669437095522881e-03 4.826798290014266968e-02 2.866419730708003044e-03 1.583299413323402405e-02 3.203187510371208191e-02 2.709772065281867981e-02 3.095263428986072540e-02 1.121895853430032730e-02 4.941047728061676025e-02 3.291416913270950317e-02 5.834577232599258423e-02 1.626782305538654327e-02 7.895553135313093662e-04 4.563332186080515385e-04 2.790991403162479401e-02 4.941731318831443787e-02 1.637508906424045563e-02 2.520048245787620544e-02 5.363363306969404221e-03 3.114643506705760956e-02 1.221006084233522415e-02 3.780819848179817200e-02 1.420417800545692444e-02 3.180246800184249878e-02 3.356127068400382996e-03 2.201604098081588745e-02 1.744348322972655296e-03 4.193382803350687027e-03 5.419586785137653351e-03 5.087962374091148376e-02 2.957275509834289551e-02 4.172067344188690186e-02 6.175619084388017654e-03 1.903503760695457458e-02 3.680914174765348434e-03 3.098583593964576721e-02 9.919411502778530121e-03 2.335715480148792267e-02 2.492032758891582489e-02 1.236672513186931610e-02 6.477616727352142334e-02 3.725821897387504578e-02
1.894327253103256226e-01 1.522358655929565430e-01 3.278432413935661316e-02 5.970998108386993408e-02 4.783628508448600769e-02 1.843587011098861694e-01 1.650100201368331909e-01 2.508516795933246613e-02 2.170521207153797150e-02 3.236023709177970886e-03 5.114398524165153503e-02 2.029211260378360748e-03 9.758944809436798096e-02 3.427230194211006165e-02 6.306950934231281281e-03 3.408355405554175377e-03 7.802720181643962860e-03 9.342879988253116608e-03 1.847014576196670532e-02 5.036406591534614563e-02 2.352976985275745392e-02 1.743986830115318298e-02 1.097349077463150024e-02 5.533340573310852051e-02 1.828930526971817017e-02 4.073853045701980591e-02 3.472352400422096252e-03 8.101272583007812500e-02 1.382200419902801514e-02 4.584476351737976074e-03 1.858339831233024597e-02 2.336072176694869995e-02 3.886341303586959839e-02 3.337064385414123535e-02 3.117969026789069176e-03 1.359330024570226669e-02 2.530373819172382355e-02 5.981096997857093811e-03 4.151234030723571777e-02 6.700066383928060532e-03 1.964884810149669647e-02 3.937669098377227783e-03 4.281584173440933228e-02 2.557751350104808807e-02 1.459691021591424942e-02 5.434202030301094055e-03 3.565932065248489380e-02 1.305813714861869812e-02 9.458083659410476685e-03 2.438110485672950745e-02 6.286370009183883667e-02 3.216290846467018127e-02 1.698172185570001602e-03 1.497383508831262589e-02 4.553388804197311401e-02 9.046163409948348999e-03 2.773533016443252563e-02 4.273303225636482239e-02 6.871502380818128586e-03 9.278345853090286255e-03 2.989490702748298645e-02 2.762214839458465576e-02 4.465639591217041016e-02 1.337911467999219894e-02 1.621487899683415890e-03 2.770314551889896393e-02 5.431696400046348572e-02 2.085398696362972260e-02 5.280820652842521667e-03 2.304290235042572021e-02 6.543050054460763931e-03 4.798843991011381149e-03 1.436542905867099762e-02 2.222944237291812897e-02 5.290377885103225708e-03 2.335225418210029602e-02 4.677197430282831192e-03 1.401737518608570099e-02 2.857544831931591034e-02 6.822422612458467484e-03 4.629455972462892532e-03 2.275069989264011383e-02 3.002419881522655487e-02 3.869250789284706116e-02 3.198953345417976379e-02 4.237472265958786011e-02 9.063278324902057648e-03 1.608876697719097137e-02 2.636902732774615288e-03 6.107660755515098572e-02 8.958427235484123230e-03 9.153191931545734406e-03 2.904750220477581024e-02 1.938577368855476379e-02 1.653790968703106046e-04 2.727444656193256378e-02 4.806271754205226898e-03 3.239204408600926399e-03 1.065800245851278305e-02 5.817048717290163040e-03 2.544563263654708862e-02 4.164247214794158936e-02 2.321825362741947174e-02 8.107036352157592773e-03 1.270542293787002563e-02 3.904347494244575500e-02 2.249931171536445618e-02 2.852109260857105255e-02 4.714774712920188904e-02 1.376497838646173477e-02 2.308659069240093231e-02 3.127390518784523010e-02 3.975214436650276184e-03 7.424550130963325500e-03 2.785799093544483185e-02 8.879683166742324829e-02
7.133442442864179611e-03 3.278432413935661316e-02 1.130282208323478699e-01 4.466194659471511841e-02 1.086547784507274628e-02 1.544898841530084610e-02 4.486197978258132935e-02 9.428147226572036743e-02 1.409762445837259293e-02 1.702315919101238251e-02 1.270531676709651947e-02 2.912352420389652252e-02 1.640984974801540375e-02 3.584717959165573120e-02 1.969054155051708221e-02 6.973150651901960373e-03 7.596486248075962067e-03 3.266660124063491821e-02 2.374831587076187134e-02 4.236925393342971802e-02 5.862863734364509583e-02 3.543391823768615723e-02 7.912198081612586975e-03 5.740179680287837982e-03 4.179322160780429840e-03 4.331185668706893921e-02 2.850897051393985748e-02 2.991219609975814819e-02 3.423153981566429138e-02 1.363061740994453430e-02 7.376701571047306061e-03 2.958513982594013214e-02 1.307798363268375397e-02 5.884472280740737915e-02 8.470653556287288666e-03 1.423616055399179459e-02 3.522873390465974808e-03 1.201370544731616974e-02 2.027902938425540924e-02 2.794763073325157166e-02 2.287247404456138611e-02 2.968380227684974670e-02 3.045125305652618408e-02 1.257755607366561890e-01 2.804082632064819336e-02 8.875744789838790894e-02 3.419756144285202026e-02 7.242184132337570190e-03 4.018691554665565491e-02 2.150308154523372650e-02 3.279506415128707886e-02 8.551428094506263733e-03 1.543913315981626511e-02 7.459651213139295578e-03 3.032418899238109589e-02 9.802909567952156067e-03 3.831615671515464783e-03 3.537237644195556641e-02 1.089406386017799377e-01 5.889633670449256897e-02 9.592118440195918083e-04 2.007866278290748596e-02 2.987542003393173218e-02 4.575316607952117920e-02 2.440167590975761414e-02 9.373110719025135040e-03 9.473741985857486725e-03 1.027989853173494339e-02 2.678512362763285637e-03 7.487814873456954956e-03 3.023378923535346985e-02 1.836306788027286530e-02 6.396088004112243652e-02 7.375292479991912842e-03 3.614178299903869629e-02 2.909874357283115387e-02 4.414189606904983521e-03 2.235816605389118195e-02 2.658513002097606659e-02 8.697559684514999390e-02 1.508802920579910278e-01 2.111952155828475952e-01 3.097050823271274567e-02 3.516137227416038513e-02 5.359948053956031799e-02 2.133466675877571106e-02 3.161659836769104004e-02 2.887865528464317322e-03 5.796411260962486267e-02 2.149151265621185303e-02 1.378406397998332977e-02 4.197485744953155518e-02 1.260353904217481613e-02 5.502811819314956665e-02 1.817240263335406780e-03 3.140634298324584961e-02 8.417328819632530212e-03 2.477569039911031723e-03 5.002039670944213867e-02 7.432531565427780151e-03 9.175537154078483582e-03 3.093073889613151550e-02 4.930391162633895874e-02 6.861589848995208740e-02 1.269482541829347610e-02 2.601236291229724884e-02 2.196653746068477631e-02 1.077628228813409805e-02 2.252984419465065002e-02 2.340135350823402405e-02 3.684116154909133911e-02 5.075329914689064026e-02 4.249143600463867188e-02 2.510769665241241455e-02 1.309197694063186646e-01 1.159607619047164917e-01
6.908187642693519592e-03 5.970998108386993408e-02 4.466194659471511841e-02 1.673209518194198608e-01 4.206863641738891602e-01 2.404495328664779663e-02 6.875907629728317261e-02 4.215371981263160706e-02 4.581278935074806213e-02 1.026520505547523499e-02 1.378179714083671570e-02 4.484042525291442871e-02 8.638322353363037109e-03 1.841888763010501862e-02 1.106995856389403343e-03 2.270379103720188141e-02 2.054481767117977142e-02 9.556227922439575195e-02 2.806131169199943542e-02 7.231451570987701416e-03 2.338607236742973328e-02 3.033288195729255676e-02 2.545850537717342377e-02 1.130689051933586597e-03 4.209884209558367729e-04 3.432163968682289124e-02 4.169582575559616089e-02 9.461675584316253662e-02 2.790180593729019165e-02 8.926258236169815063e-02 5.178780853748321533e-02 1.697083376348018646e-02 3.471584990620613098e-03 2.000758610665798187e-02 2.046069689095020294e-02 2.296973392367362976e-02 7.447125390172004700e-03 2.427671663463115692e-02 1.108687296509742737e-01 1.536487340927124023e-01 1.014300063252449036e-02 8.851717226207256317e-03 2.906752750277519226e-02 4.104086384177207947e-02 3.523983061313629150e-02 9.011648595333099365e-03 2.183435484766960144e-02 2.910264395177364349e-02 1.988844387233257294e-02 1.675367541611194611e-02 3.226795792579650879e-02 2.275113761425018311e-02 5.175498500466346741e-02 3.906614705920219421e-02 2.034469507634639740e-02 1.394164189696311951e-02 3.031942807137966156e-02 2.800613455474376678e-02 5.444673821330070496e-02 4.852521046996116638e-02 1.451563537120819092e-01 3.073426708579063416e-02 1.440825406461954117e-02 2.845219336450099945e-02 4.444325808435678482e-03 1.226684544235467911e-02 3.142851218581199646e-02 3.207133617252111435e-03 9.416855871677398682e-03 4.185028746724128723e-02 4.222633317112922668e-02 3.689754009246826172e-02 1.730710268020629883e-01 8.076895028352737427e-03 5.099548771977424622e-02 1.901613734662532806e-02 1.308653876185417175e-02 7.906358689069747925e-03 2.940206788480281830e-02 3.109460882842540741e-02 1.087221689522266388e-02 4.806933924555778503e-02 1.312596946954727173e-01 7.789211720228195190e-02 8.434235118329524994e-03 3.529213834553956985e-03 3.703803988173604012e-03 5.202943831682205200e-02 1.044155880808830261e-01 2.857556939125061035e-02 6.463363021612167358e-02 2.168107405304908752e-02 5.397076159715652466e-02 3.651112690567970276e-02 9.267209097743034363e-03 1.659866981208324432e-02 6.874517071992158890e-03 3.584168106317520142e-02 1.546255871653556824e-02 8.728316053748130798e-03 2.010317891836166382e-02 4.226037114858627319e-02 9.323947131633758545e-03 2.348575554788112640e-02 1.131426729261875153e-02 1.378069911152124405e-02 2.010643854737281799e-02 3.106788173317909241e-02 2.931249514222145081e-02 5.644530430436134338e-02 2.546617947518825531e-02 1.007332466542720795e-03 2.813091501593589783e-02 4.203932732343673706e-02 2.588730119168758392e-02 5.941760912537574768e-02
3.038017079234123230e-02 4.783628508448600769e-02 1.086547784507274628e-02 4.206863641738891602e-01 2.261781394481658936e-01 5.373121239244937897e-03 1.355944573879241943e-02 1.278348118066787720e-01 3.430121019482612610e-02 4.210524633526802063e-02 3.194362670183181763e-02 4.420947283506393433e-02 8.386053144931793213e-03 4.536889493465423584e-02 3.564630076289176941e-02 5.966881290078163147e-03 2.930328994989395142e-02 8.993174880743026733e-02 1.944245398044586182e-01 1.376331876963376999e-02 6.632737070322036743e-02 4.141448065638542175e-02 5.596686387434601784e-04 3.101614862680435181e-02 1.441096328198909760e-02 4.819489084184169769e-03 8.712340146303176880e-03 1.540122181177139282e-02 2.794781140983104706e-02 3.484591841697692871e-02 3.908534348011016846e-02 3.232036158442497253e-02 1.263410085812211037e-03 7.419501431286334991e-03 2.805176563560962677e-02 1.753815636038780212e-02 4.229090362787246704e-02 2.453741431236267090e-02 1.327734738588333130e-01 2.315872758626937866e-01 6.178608164191246033e-02 2.426932333037257195e-03 4.014929383993148804e-02 6.512675900012254715e-03 2.425027266144752502e-02 8.168264292180538177e-03 3.146668663248419762e-03 6.777755916118621826e-03 4.683802649378776550e-02 2.211810089647769928e-02 4.726743325591087341e-02 3.618959710001945496e-02 4.363376181572675705e-03 3.025393187999725342e-02 1.445021387189626694e-02 3.341999277472496033e-02 2.475167438387870789e-02 5.927394144237041473e-03 1.453670952469110489e-02 1.710905320942401886e-02 1.300270408391952515e-01 1.098603382706642151e-01 9.545938111841678619e-03 3.744559735059738159e-02 1.585780642926692963e-02 4.385912418365478516e-02 6.502331048250198364e-02 1.228069588541984558e-01 2.040652558207511902e-03 8.038068562746047974e-02 7.367723155766725540e-03 1.246719900518655777e-02 9.844313561916351318e-02 1.559071987867355347e-01 1.346880197525024414e-01 2.957755699753761292e-02 6.002584844827651978e-02 2.718960680067539215e-02 7.523287087678909302e-02 4.070992767810821533e-02 1.386845950037240982e-02 2.112502232193946838e-02 1.689041256904602051e-01 5.062863603234291077e-02 5.061909183859825134e-02 2.737009897828102112e-02 4.380942322313785553e-03 3.278508782386779785e-02 1.922898693010210991e-03 5.981705337762832642e-02 2.778493613004684448e-02 1.594197563827037811e-02 3.093233890831470490e-02 1.692173629999160767e-02 3.887602360919117928e-03 5.385055206716060638e-03 6.171144917607307434e-02 3.988907858729362488e-02 1.220695301890373230e-02 1.289183925837278366e-02 3.358537331223487854e-02 2.422795258462429047e-02 5.690816789865493774e-02 2.694099955260753632e-02 6.359124183654785156e-02 3.555748611688613892e-02 1.276102475821971893e-02 2.147809369489550591e-03 3.041132353246212006e-02 3.061204403638839722e-02 5.519815906882286072e-02 3.384195268154144287e-02 2.195772156119346619e-02 2.779969014227390289e-02 5.245494470000267029e-02 4.693014547228813171e-02
2.170253843069076538e-01 1.843587011098861694e-01 1.544898841530084610e-02 2.404495328664779663e-02 5.373121239244937897e-03 1.847561299800872803e-01 2.845838665962219238e-01 4.562549293041229248e-02 3.374335821717977524e-03 3.125752788037061691e-03 3.220657631754875183e-02 1.615808904170989990e-02 1.817206665873527527e-02 2.924083918333053589e-02 4.448504000902175903e-02 8.254555054008960724e-03 1.814811490476131439e-02 2.770700259134173393e-03 2.009630016982555389e-02 3.087536431849002838e-02 2.985468879342079163e-02 1.347894966602325439e-02 2.016189508140087128e-02 2.844527177512645721e-02 2.493914589285850525e-02 3.723197802901268005e-02 1.787908002734184265e-02 2.339523285627365112e-02 4.519714787602424622e-02 4.553884640336036682e-02 1.974705606698989868e-02 1.566453091800212860e-02 3.007830306887626648e-02 3.085341537371277809e-03 9.426312148571014404e-02 2.386960573494434357e-02 1.158383302390575409e-02 1.845181174576282501e-02 4.874673485755920410e-02 5.888203531503677368e-02 2.199209481477737427e-02 2.298774383962154388e-02 2.766650728881359100e-02 2.554480358958244324e-02 2.130557969212532043e-02 4.337550327181816101e-02 2.118846327066421509e-01 9.323003888130187988e-02 1.320577040314674377e-02 4.644074290990829468e-02 7.784525398164987564e-03 3.940451145172119141e-02 2.990122651681303978e-03 3.444808721542358398e-02 1.841172017157077789e-02 9.669148363173007965e-03 2.269142121076583862e-02 4.023978859186172485e-02 3.912585321813821793e-03 1.909373141825199127e-02 1.641828939318656921e-02 4.532270506024360657e-02 4.664690420031547546e-02 1.608551363460719585e-03 2.116451069014146924e-04 3.387937322258949280e-02 2.507431991398334503e-02 1.742926239967346191e-02 7.158593833446502686e-02 1.790940994396805763e-03 4.839316383004188538e-02 4.578784108161926270e-02 4.748637229204177856e-02 5.961695313453674316e-02 2.674383297562599182e-02 4.998565465211868286e-02 1.251114252954721451e-02 1.754003576934337616e-02 7.971080951392650604e-03 9.871039539575576782e-02 4.883015528321266174e-02 1.198623795062303543e-02 2.208753861486911774e-02 4.430896788835525513e-02 2.136168256402015686e-02 1.335133146494626999e-02 2.714216709136962891e-02 3.579553961753845215e-02 1.624450460076332092e-02 5.688181146979331970e-02 3.491923585534095764e-02 2.711435779929161072e-02 1.406629942357540131e-02 3.315421566367149353e-02 6.298449356108903885e-03 2.880088053643703461e-03 4.817624017596244812e-02 4.121514037251472473e-02 6.585197057574987411e-03 2.026409655809402466e-02 5.148116126656532288e-02 3.526131622493267059e-03 5.186155810952186584e-02 3.556768409907817841e-03 1.293157227337360382e-03 5.759613588452339172e-02 3.375455364584922791e-02 1.324119232594966888e-02 2.212736289948225021e-03 5.346400663256645203e-02 3.856577211990952492e-03 2.026924118399620056e-02 2.948391623795032501e-02 4.195354133844375610e-02 1.758881472051143646e-02 9.044049680233001709e-02
1.227182522416114807e-01 1.650100201368331909e-01 4.486197978258132935e-02 6.875907629728317261e-02 1.355944573879241943e-02 2.845838665962219238e-01 2.091842591762542725e-01 1.841310784220695496e-02 7.101836614310741425e-03 2.969773113727569580e-02 3.595253080129623413e-02 2.425312064588069916e-02 4.252364486455917358e-02 3.393123671412467957e-02 3.188950940966606140e-02 4.713240079581737518e-03 2.521711774170398712e-02 5.859519820660352707e-03 9.384183213114738464e-03 2.909218333661556244e-02 4.197428748011589050e-02 2.729607000946998596e-02 2.544348873198032379e-02 2.077678218483924866e-02 1.041097473353147507e-02 1.315757166594266891e-02 1.836461387574672699e-02 5.712851881980895996e-02 2.070155367255210876e-02 2.394324168562889099e-02 2.350789261981844902e-03 3.458186611533164978e-02 3.202488645911216736e-02 1.643864624202251434e-02 5.683754757046699524e-02 3.011770173907279968e-02 1.191337406635284424e-02 1.170898228883743286e-02 6.911478191614151001e-02 3.004788886755704880e-03 4.344370961189270020e-02 4.490865394473075867e-03 1.343777589499950409e-02 2.590299397706985474e-02 5.362086743116378784e-02 4.954290390014648438e-02 1.713352352380752563e-01 2.004977017641067505e-01 4.512401670217514038e-02 4.336535930633544922e-02 1.591900363564491272e-02 3.423480782657861710e-03 1.443375833332538605e-02 3.477993980050086975e-02 1.501927804201841354e-02 1.492387428879737854e-02 2.156464941799640656e-02 1.272150315344333649e-02 1.338116358965635300e-03 1.695031858980655670e-02 1.250360254198312759e-02 6.906756199896335602e-03 5.379954352974891663e-02 1.533500570803880692e-02 1.304108090698719025e-02 3.340293467044830322e-02 3.535702079534530640e-02 4.068412631750106812e-02 1.577063463628292084e-02 8.312059217132627964e-04 4.143193736672401428e-02 3.984385728836059570e-02 3.730135038495063782e-02 9.877432137727737427e-03 2.286932989954948425e-02 4.384498670697212219e-02 2.377459406852722168e-02 7.119697984308004379e-03 4.639689624309539795e-02 7.650958746671676636e-02 1.857363060116767883e-02 4.431160166859626770e-02 2.438435889780521393e-02 6.066897884011268616e-03 5.609959736466407776e-02 7.601306308060884476e-03 1.366161042824387550e-03 1.423547696322202682e-02 5.775835830718278885e-03 3.783610463142395020e-02 3.839091956615447998e-02 2.102773636579513550e-02 9.185208380222320557e-02 1.253050565719604492e-02 4.563719779253005981e-02 8.761518634855747223e-03 1.245167339220643044e-03 6.279847584664821625e-03 9.322075056843459606e-04 1.534796878695487976e-02 6.030354648828506470e-02 1.698016561567783356e-02 1.928278990089893341e-02 3.676248714327812195e-02 1.442768797278404236e-02 2.802167460322380066e-02 3.051290661096572876e-02 8.546263910830020905e-03 2.407155372202396393e-02 2.913007512688636780e-02 1.827505975961685181e-02 9.343790821731090546e-03 5.267217755317687988e-03 1.163235120475292206e-02 4.910445306450128555e-03 1.169856935739517212e-01
4.571679455693811178e-04 2.508516795933246613e-02 9.428147226572036743e-02 4.215371981263160706e-02 1.278348118066787720e-01 4.562549293041229248e-02 1.841310784220695496e-02 1.199400052428245544e-01 1.337961573153734207e-02 7.435476407408714294e-03 2.123477123677730560e-02 2.625798434019088745e-02 3.077436983585357666e-02 3.167752549052238464e-02 9.821917861700057983e-02 1.975836465135216713e-03 2.958873473107814789e-02 1.765875727869570255e-03 4.220047220587730408e-02 3.963494673371315002e-02 1.758230850100517273e-02 5.321895703673362732e-02 3.592363744974136353e-02 1.183975674211978912e-02 8.717295713722705841e-03 2.770805964246392250e-03 3.009546175599098206e-02 4.683602973818778992e-02 2.150641754269599915e-02 4.521132633090019226e-02 4.178702831268310547e-02 5.075236782431602478e-03 3.845692053437232971e-02 7.576148957014083862e-03 4.604049399495124817e-02 7.126553356647491455e-02 4.030032083392143250e-02 7.754246145486831665e-02 1.888490095734596252e-02 4.359613358974456787e-02 4.815525561571121216e-02 3.405052423477172852e-02 3.908678516745567322e-02 1.633591763675212860e-02 1.951657049357891083e-02 4.754269868135452271e-02 3.812616690993309021e-02 6.715304683893918991e-03 4.006409272551536560e-02 3.356219083070755005e-02 8.599538356065750122e-02 4.189408197999000549e-02 1.953710615634918213e-02 1.610114239156246185e-03 1.639044843614101410e-02 9.291024180129170418e-04 2.442917786538600922e-02 2.573326416313648224e-02 1.129087805747985840e-02 1.881652162410318851e-03 7.472839206457138062e-03 2.735104225575923920e-02 3.408634569495916367e-03 4.674446303397417068e-03 2.037039212882518768e-02 1.493208482861518860e-02 1.451798528432846069e-02 1.869268715381622314e-02 4.986348561942577362e-03 1.822465658187866211e-02 9.777721017599105835e-03 3.901869058609008789e-02 4.438143968582153320e-02 4.455216974020004272e-02 2.500493265688419342e-02 3.801499493420124054e-03 1.041937153786420822e-02 1.934308931231498718e-02 1.847292110323905945e-02 1.319869328290224075e-02 1.466538459062576294e-01 1.625542044639587402e-01 5.969568621367216110e-03 1.283430680632591248e-02 3.663418442010879517e-02 1.085298787802457809e-02 9.264819324016571045e-02 3.593907877802848816e-02 2.170673571527004242e-02 3.456296399235725403e-02 1.741291768848896027e-02 4.016500897705554962e-04 2.468979358673095703e-02 3.186076134443283081e-02 1.292687747627496719e-02 2.127779414877295494e-03 1.230090018361806870e-02 1.226852461695671082e-02 4.223783686757087708e-02 2.815895155072212219e-02 5.646971520036458969e-03 7.256427779793739319e-03 3.118309378623962402e-02 4.986487329006195068e-02 6.101980805397033691e-03 1.964172348380088806e-03 9.722260758280754089e-03 2.741836244240403175e-03 4.404844343662261963e-02 2.870793687179684639e-03 8.587104268372058868e-03 8.089545182883739471e-03 8.645735215395689011e-04 1.041304320096969604e-02 1.706103608012199402e-02 2.362738549709320068e-02
1.569628342986106873e-02 2.170521207153797150e-02 1.409762445837259293e-02 4.581278935074806213e-02 3.430121019482612610e-02 3.374335821717977524e-03 7.101836614310741425e-03 1.337961573153734207e-02 1.269675791263580322e-01 7.249985635280609131e-02 1.655496656894683838e-02 8.250165730714797974e-02 5.113693699240684509e-02 1.104695051908493042e-01 9.131824597716331482e-03 3.288350999355316162e-02 3.359102457761764526e-02 1.136466860771179199e-01 1.688758470118045807e-02 3.056429512798786163e-02 3.177138417959213257e-02 4.458724986761808395e-03 3.968343511223793030e-02 1.284959260374307632e-03 3.749189153313636780e-02 3.284397348761558533e-02 2.029079943895339966e-02 8.240168914198875427e-03 2.956928685307502747e-03 9.069175459444522858e-03 2.342224679887294769e-02 4.818154871463775635e-02 3.104692511260509491e-02 2.066403813660144806e-02 7.888586260378360748e-03 3.305055573582649231e-02 5.260111391544342041e-02 1.311122160404920578e-02 2.283199876546859741e-02 5.721068009734153748e-02 4.447657242417335510e-02 3.660422563552856445e-02 5.524278152734041214e-03 1.533766929060220718e-02 1.271239481866359711e-02 3.690539672970771790e-02 4.548458009958267212e-02 7.281524594873189926e-04 9.706917405128479004e-02 2.516889199614524841e-02 3.684365749359130859e-02 1.760492846369743347e-02 1.798144774511456490e-03 8.097451180219650269e-03 7.235082238912582397e-02 2.422313950955867767e-02 9.286052547395229340e-03 9.480424225330352783e-03 2.582425624132156372e-02 1.393161900341510773e-02 8.654396049678325653e-03 2.399151399731636047e-02 3.096466884016990662e-02 2.837088331580162048e-02 3.206538408994674683e-02 4.289845377206802368e-02 4.154905676841735840e-02 1.444510300643742085e-03 7.649986445903778076e-02 4.147254675626754761e-02 1.229988876730203629e-02 6.388367712497711182e-02 2.939176280051469803e-03 4.277938976883888245e-03 1.622252538800239563e-02 1.421096734702587128e-02 2.428978234529495239e-01 8.237063884735107422e-02 9.437877684831619263e-02 5.324695631861686707e-02 9.275738149881362915e-03 6.669185310602188110e-02 1.122652366757392883e-01 3.829662688076496124e-03 4.660416394472122192e-02 4.173025861382484436e-02 2.190425246953964233e-02 2.884174929931759834e-03 1.388726755976676941e-02 5.038096010684967041e-02 4.772535338997840881e-02 2.865780610591173172e-03 4.494571592658758163e-03 4.521366581320762634e-02 4.209894686937332153e-02 5.638095736503601074e-02 3.847119165584445000e-03 2.405851380899548531e-03 2.919824793934822083e-03 9.592766873538494110e-03 4.139532893896102905e-02 2.611539512872695923e-02 3.759673237800598145e-02 1.277316547930240631e-02 7.441014051437377930e-03 1.088685728609561920e-02 1.185871288180351257e-02 1.757493615150451660e-02 1.338217034935951233e-02 6.830987986177206039e-03 2.098455838859081268e-02 2.380642574280500412e-03 2.690151333808898926e-02 4.903639853000640869e-02 8.845752454362809658e-04 3.899018745869398117e-03
1.494602952152490616e-02 3.236023709177970886e-03 1.702315919101238251e-02 1.026520505547523499e-02 4.210524633526802063e-02 3.125752788037061691e-03 2.969773113727569580e-02 7.435476407408714294e-03 7.249985635280609131e-02 1.786200106143951416e-01 2.467141486704349518e-02 7.173749804496765137e-02 1.739412546157836914e-02 1.989180454984307289e-03 2.733719721436500549e-02 1.194008253514766693e-02 2.056084573268890381e-02 7.309853099286556244e-03 3.445509076118469238e-02 1.738805882632732391e-02 2.634235192090272903e-03 3.450184315443038940e-02 2.180843846872448921e-03 1.341913640499114990e-02 1.945833116769790649e-02 4.730070382356643677e-02 4.764924570918083191e-02 4.958075005561113358e-03 2.270067296922206879e-02 4.749006778001785278e-02 1.767598465085029602e-02 2.210839092731475830e-02 2.178735844790935516e-02 1.274339575320482254e-02 1.878333464264869690e-02 5.760441417805850506e-04 2.920365147292613983e-02 3.567213565111160278e-02 5.750425904989242554e-02 6.214972212910652161e-02 4.556448385119438171e-02 1.905272342264652252e-02 4.880492016673088074e-02 1.983971707522869110e-02 2.828961052000522614e-02 4.049299750477075577e-03 9.165574796497821808e-03 1.020261831581592560e-02 8.945376425981521606e-02 7.350343465805053711e-02 2.467595506459474564e-03 3.312955051660537720e-02 1.405584719032049179e-02 3.228112356737256050e-03 9.122166037559509277e-02 1.240546256303787231e-01 1.071931049227714539e-02 5.663301423192024231e-02 3.415747359395027161e-02 1.051540765911340714e-02 3.971644863486289978e-02 5.848895385861396790e-02 9.346131235361099243e-03 7.309106178581714630e-03 3.390226513147354126e-02 2.792896144092082977e-02 7.796111982315778732e-03 9.838232770562171936e-03 5.455246567726135254e-02 5.472616106271743774e-02 6.623984873294830322e-02 3.720456361770629883e-02 2.255959436297416687e-02 4.261340200901031494e-02 2.488304162397980690e-03 4.523363336920738220e-02 2.483347617089748383e-02 9.110265970230102539e-02 7.575643807649612427e-02 7.730761915445327759e-02 7.682262221351265907e-04 3.621004521846771240e-02 4.698877409100532532e-02 8.181933313608169556e-02 1.765705458819866180e-02 8.044407702982425690e-03 3.776722121983766556e-03 1.344725210219621658e-02 4.424613341689109802e-02 4.131702706217765808e-02 1.657001487910747528e-02 4.113416746258735657e-02 1.097713038325309753e-02 3.507773950695991516e-02 1.538122817873954773e-02 1.488253101706504822e-02 2.660476788878440857e-02 6.669426709413528442e-02 4.367912188172340393e-03 4.630524665117263794e-03 3.005128912627696991e-02 3.459696471691131592e-02 3.122690133750438690e-02 1.166964322328567505e-02 2.173975808545947075e-04 5.362226162105798721e-03 2.363420836627483368e-02 1.846654899418354034e-02 2.347902767360210419e-02 5.702393129467964172e-03 3.421385213732719421e-02 1.467831060290336609e-02 2.731593325734138489e-02 3.411275148391723633e-02 6.141424924135208130e-02 1.840990595519542694e-02
1.017363965511322021e-01 5.114398524165153503e-02 1.270531676709651947e-02 1.378179714083671570e-02 3.194362670183181763e-02 3.220657631754875183e-02 3.595253080129623413e-02 2.123477123677730560e-02 1.655496656894683838e-02 2.467141486704349518e-02 1.359796375036239624e-01 4.563338006846606731e-04 9.732478111982345581e-02 2.042544260621070862e-02 2.559570036828517914e-02 2.152236178517341614e-03 1.789856888353824615e-02 2.163635939359664917e-02 3.513679606840014458e-03 1.940729655325412750e-02 1.530268508940935135e-02 4.780862852931022644e-02 2.639189176261425018e-02 2.170407399535179138e-02 1.793924486264586449e-03 9.207354858517646790e-03 3.907822072505950928e-02 3.916941955685615540e-02 6.476707011461257935e-02 2.005943283438682556e-02 4.341245815157890320e-02 1.613957434892654419e-02 1.599462144076824188e-02 4.034155979752540588e-02 1.564289070665836334e-02 4.054921679198741913e-03 1.077850442379713058e-02 9.700788185000419617e-03 5.534719675779342651e-03 7.154510822147130966e-03 3.182749450206756592e-02 1.483417674899101257e-02 9.533232077956199646e-03 3.590029850602149963e-02 1.010061893612146378e-02 2.990106306970119476e-02 6.007445603609085083e-02 5.111661180853843689e-02 1.754666119813919067e-02 2.212365623563528061e-03 1.176070887595415115e-02 1.140465959906578064e-02 1.602669432759284973e-02 2.152220811694860458e-03 9.256456396542489529e-04 1.232284959405660629e-02 3.604841232299804688e-02 5.861670710146427155e-03 1.031887438148260117e-02 2.406918909400701523e-03 7.299055345356464386e-03 2.139324694871902466e-02 1.289556082338094711e-02 3.462403547018766403e-03 4.463613778352737427e-02 2.583467774093151093e-02 1.734323427081108093e-02 1.769703812897205353e-02 1.088249962776899338e-02 4.596325755119323730e-02 1.141667552292346954e-02 2.674591378308832645e-04 8.146037580445408821e-04 7.408597040921449661e-03 1.616515591740608215e-02 3.774001449346542358e-02 3.313432913273572922e-03 2.666416577994823456e-02 1.229286077432334423e-03 1.087336428463459015e-02 6.170468870550394058e-03 1.114932168275117874e-02 1.149167306721210480e-02 1.191180199384689331e-02 3.835627064108848572e-02 1.074304059147834778e-02 2.766250446438789368e-02 2.573822624981403351e-02 8.920724503695964813e-03 8.817836060188710690e-04 4.672495275735855103e-02 8.170820027589797974e-02 2.275073528289794922e-02 3.558091074228286743e-02 5.308393854647874832e-03 3.113500215113162994e-02 1.453614607453346252e-02 3.291006013751029968e-02 2.585024230938870460e-05 3.358723595738410950e-02 1.777021959424018860e-02 3.860307112336158752e-02 2.057971246540546417e-02 4.602178186178207397e-02 5.980741232633590698e-03 8.691642142366617918e-05 1.049819029867649078e-02 1.792470552027225494e-02 3.225825726985931396e-02 3.843444166705012321e-03 8.721789345145225525e-03 9.422373026609420776e-03 1.137689966708421707e-02 1.406864542514085770e-02 1.754875667393207550e-02 5.047680810093879700e-03
1.792374812066555023e-02 2.029211260378360748e-03 2.912352420389652252e-02 4.484042525291442871e-02 4.420947283506393433e-02 1.615808904170989990e-02 2.425312064588069916e-02 2.625798434019088745e-02 8.250165730714797974e-02 7.173749804496765137e-02 4.563338006846606731e-04 1.848609894514083862e-01 1.102434750646352768e-02 2.133076041936874390e-01 7.965963333845138550e-03 5.448129493743181229e-03 2.636243961751461029e-02 4.783491790294647217e-02 1.141796186566352844e-01 5.223724246025085449e-02 4.746020212769508362e-02 2.439901046454906464e-02 8.943055570125579834e-02 8.934275060892105103e-02 3.243488445878028870e-02 2.811842225492000580e-02 3.083259426057338715e-02 2.281656265258789062e-01 4.217214882373809814e-02 1.841118335723876953e-01 2.701856382191181183e-02 4.640636593103408813e-02 2.110017463564872742e-03 6.333309691399335861e-03 3.306465968489646912e-02 7.767667621374130249e-02 5.181644484400749207e-02 3.539868071675300598e-02 2.614835463464260101e-02 1.039562188088893890e-02 2.912519127130508423e-02 7.927937060594558716e-02 4.241863638162612915e-02 2.108683809638023376e-02 6.357941031455993652e-02 1.083144638687372208e-02 6.488741934299468994e-02 1.010753307491540909e-02 6.276916712522506714e-02 9.812812320888042450e-03 1.408755630254745483e-01 1.395684629678726196e-01 3.697342053055763245e-02 2.559860423207283020e-02 4.813998192548751831e-02 6.505477428436279297e-02 3.088961169123649597e-02 3.320403769612312317e-02 2.026051469147205353e-02 1.729123666882514954e-02 5.065695382654666901e-03 7.153006643056869507e-02 4.441342782229185104e-03 3.317540884017944336e-02 3.061382099986076355e-02 2.131481096148490906e-02 9.671970456838607788e-02 6.573006510734558105e-02 2.878923155367374420e-02 7.738331705331802368e-02 2.636562846601009369e-02 6.103718653321266174e-02 6.361206620931625366e-02 5.681874975562095642e-02 1.693764142692089081e-02 5.268836766481399536e-02 2.114622294902801514e-02 1.403186656534671783e-02 4.440082982182502747e-02 1.510855555534362793e-02 1.839745603501796722e-02 3.185310587286949158e-02 3.122510202229022980e-02 3.648859634995460510e-02 2.912548929452896118e-02 3.246436826884746552e-03 3.600951982662081718e-03 2.542443759739398956e-02 4.452004656195640564e-02 3.389230370521545410e-02 3.579203505069017410e-03 5.030738562345504761e-02 7.626029546372592449e-04 4.529251530766487122e-02 3.432558849453926086e-02 3.405772149562835693e-02 1.019591465592384338e-02 1.919460110366344452e-02 4.178350418806076050e-02 8.223541826009750366e-02 3.125620260834693909e-02 3.348581865429878235e-02 2.302141487598419189e-02 5.157573148608207703e-02 4.464445263147354126e-02 5.615876242518424988e-02 4.160640016198158264e-02 6.824973970651626587e-02 1.905298419296741486e-02 3.800511732697486877e-02 2.385878562927246094e-02 1.863910630345344543e-02 1.118405908346176147e-02 2.970085665583610535e-02 3.788594901561737061e-02 1.987752504646778107e-02
8.259158581495285034e-02 9.758944809436798096e-02 1.640984974801540375e-02 8.638322353363037109e-03 8.386053144931793213e-03 1.817206665873527527e-02 4.252364486455917358e-02 3.077436983585357666e-02 5.113693699240684509e-02 1.739412546157836914e-02 9.732478111982345581e-02 1.102434750646352768e-02 1.591069847345352173e-01 6.332462280988693237e-02 5.114657804369926453e-02 3.508738474920392036e-03 1.265565864741802216e-02 1.792262122035026550e-02 6.356282159686088562e-03 3.763559833168983459e-02 4.787190351635217667e-03 4.766040667891502380e-02 8.350763469934463501e-03 1.478553563356399536e-02 6.476664450019598007e-03 4.769540857523679733e-03 1.126211415976285934e-02 4.073777049779891968e-02 8.459313958883285522e-02 1.283774850890040398e-03 1.408708691596984863e-01 1.302441768348217010e-02 1.485549006611108780e-02 1.528703258372843266e-03 6.108542531728744507e-02 2.979593724012374878e-02 4.984139464795589447e-03 3.931089863181114197e-02 2.764634415507316589e-02 5.217974830884486437e-05 3.105953335762023926e-02 4.092101380228996277e-02 4.960368946194648743e-02 2.911731041967868805e-02 3.799067065119743347e-02 3.295652940869331360e-02 3.963944688439369202e-02 3.610706701874732971e-02 4.372802376747131348e-02 2.383358217775821686e-02 3.357806056737899780e-02 2.046677283942699432e-02 4.166326671838760376e-02 5.048414692282676697e-03 1.424989663064479828e-02 1.802618848159909248e-03 2.935863845050334930e-02 3.546028584241867065e-02 8.455174043774604797e-03 2.748669590801000595e-03 3.123597800731658936e-02 1.196577958762645721e-02 7.896883413195610046e-03 1.559075620025396347e-02 3.316831216216087341e-02 6.072822213172912598e-02 5.979325994849205017e-02 2.341762557625770569e-02 9.274467825889587402e-03 3.383587673306465149e-02 1.550063677132129669e-02 2.379636280238628387e-02 1.800366304814815521e-02 6.590009201318025589e-03 4.500641021877527237e-03 2.245708741247653961e-02 2.148508466780185699e-02 1.707795821130275726e-02 3.125031292438507080e-02 3.510742262005805969e-02 1.560195581987500191e-03 4.665218293666839600e-03 1.230635680258274078e-02 1.696738786995410919e-02 2.406090125441551208e-02 1.825525797903537750e-02 2.718676812946796417e-02 4.248688742518424988e-02 6.135037168860435486e-02 2.407830394804477692e-02 2.498134225606918335e-02 4.175259917974472046e-02 4.866613820195198059e-02 5.811452493071556091e-02 4.535612184554338455e-03 1.907324604690074921e-02 1.372786145657300949e-02 1.982472464442253113e-02 2.218588633695617318e-04 1.290565356612205505e-02 2.387189678847789764e-02 8.373684249818325043e-03 2.167769894003868103e-02 6.316359341144561768e-02 3.928143158555030823e-02 1.250669453293085098e-02 5.695531610399484634e-03 5.259697325527667999e-03 7.517053280025720596e-03 1.729960925877094269e-02 6.988209206610918045e-03 1.299832761287689209e-02 3.356983140110969543e-02 1.573135703802108765e-02 5.264448747038841248e-02 2.697347290813922882e-02
