1.922061443328857422e-01 1.998891234397888184e-01 4.961228370666503906e-02 6.079869344830513000e-03 1.994021236896514893e-03 1.698683500289916992e-01 1.234065219759941101e-01 9.094906039535999298e-03 3.663931787014007568e-02 1.178134465590119362e-03 1.657301485538482666e-01 2.574048005044460297e-03 1.450042575597763062e-01 3.004120849072933197e-02 3.306161379441618919e-03 1.566382311284542084e-02 2.205450087785720825e-02 6.828325986862182617e-02 5.923257023096084595e-02 1.966268755495548248e-03 2.304070815443992615e-02 4.168087244033813477e-02 1.374591980129480362e-02 9.903453290462493896e-03 3.295286372303962708e-02 4.404436796903610229e-03 3.425524756312370300e-02 1.143715064972639084e-02 3.959894552826881409e-02 5.652117729187011719e-02 3.804159909486770630e-02 1.800096035003662109e-02 2.650630474090576172e-02 1.193725690245628357e-02 2.582250162959098816e-03 3.025084733963012695e-02 4.626735113561153412e-03 2.866168878972530365e-02 1.271651778370141983e-02 1.694472134113311768e-02 1.377132814377546310e-02 2.290915511548519135e-02 2.853720262646675110e-02 6.530187674798071384e-04 5.168546363711357117e-02 4.117078706622123718e-02 1.209954172372817993e-01 8.250305056571960449e-02 3.542049229145050049e-02 2.359918504953384399e-02 1.023954711854457855e-02 2.274246513843536377e-02 1.185648608952760696e-02 2.769065834581851959e-02 4.355377703905105591e-02 5.522443726658821106e-02 1.543352566659450531e-02 4.050124064087867737e-02 6.453652866184711456e-03 6.674777250736951828e-03 7.390321046113967896e-02 5.523859336972236633e-02 1.231790613383054733e-02 4.529004916548728943e-02 4.693169612437486649e-03 2.112604305148124695e-02 4.141097143292427063e-02 1.946206763386726379e-02 1.218027248978614807e-02 3.318273276090621948e-02 3.954202681779861450e-02 6.782727316021919250e-03 3.289107000455260277e-03 3.296424448490142822e-02 4.576521678245626390e-05 3.467804193496704102e-02 8.379044942557811737e-03 4.442105814814567566e-02 2.821089467033743858e-03 1.224780455231666565e-02 3.977816551923751831e-02 1.322855241596698761e-02 3.545248508453369141e-02 1.859293878078460693e-02 8.727380074560642242e-03 2.509949915111064911e-02 6.657869089394807816e-03 3.473028913140296936e-02 3.484212979674339294e-02 5.235919356346130371e-02 5.316475871950387955e-03 1.461962144821882248e-02 2.340080402791500092e-02 3.144236654043197632e-02 1.973025314509868622e-02 2.517909929156303406e-02 3.426459804177284241e-02 8.722268044948577881e-03 2.707825042307376862e-02 4.764284007251262665e-03 6.864367052912712097e-03 1.878176815807819366e-02 4.638896137475967407e-02 4.728818312287330627e-02 6.529009435325860977e-03 3.537473455071449280e-02 3.907734528183937073e-02 7.057758420705795288e-02 4.813522100448608398e-02 1.092149596661329269e-02 1.372774969786405563e-02 5.100085958838462830e-02 8.043069974519312382e-04 7.485065143555402756e-03 1.923166401684284210e-02 7.876290008425712585e-03
1.998891234397888184e-01 2.045264095067977905e-01 1.365673262625932693e-02 2.396688982844352722e-02 2.965756133198738098e-02 1.524906158447265625e-01 1.362415701150894165e-01 4.041757807135581970e-02 2.993046119809150696e-02 1.594004966318607330e-02 1.129034459590911865e-01 4.105472937226295471e-02 1.327293366193771362e-01 5.203199759125709534e-02 1.813509315252304077e-02 3.193404152989387512e-02 4.917748272418975830e-02 1.953674294054508209e-02 5.202491581439971924e-02 2.205794304609298706e-02 8.509867824614048004e-03 3.633602336049079895e-02 1.466294005513191223e-02 2.136987447738647461e-02 2.350410632789134979e-02 1.523365825414657593e-02 1.812142692506313324e-02 2.005623839795589447e-02 2.584292739629745483e-02 7.513238489627838135e-02 6.058773957192897797e-03 3.623503446578979492e-02 7.005276158452033997e-03 1.211356930434703827e-02 2.482561022043228149e-02 3.549737483263015747e-02 2.957516536116600037e-02 1.855645701289176941e-02 1.207753270864486694e-02 3.174707666039466858e-02 1.953946240246295929e-02 5.333957448601722717e-02 3.107266314327716827e-02 6.532797962427139282e-02 6.962020695209503174e-02 1.616698689758777618e-02 1.014887243509292603e-01 1.030118763446807861e-01 2.396772615611553192e-02 1.241744868457317352e-02 2.176285907626152039e-02 1.780672930181026459e-02 1.906183548271656036e-02 1.577140018343925476e-02 2.567420527338981628e-02 5.606326833367347717e-02 5.516808852553367615e-02 2.784336730837821960e-02 2.144443802535533905e-02 1.241419464349746704e-02 6.775270402431488037e-02 4.851556569337844849e-02 2.553278813138604164e-03 4.251698032021522522e-02 1.707545248791575432e-03 4.362142831087112427e-02 9.670148603618144989e-03 1.701055467128753662e-02 2.549477107822895050e-02 1.420081127434968948e-02 5.159278586506843567e-02 3.259196877479553223e-02 6.068233866244554520e-03 2.293870784342288971e-02 1.064606290310621262e-02 5.092304199934005737e-02 1.734901336021721363e-03 5.148078128695487976e-02 1.598838157951831818e-02 6.771643459796905518e-02 8.347775787115097046e-03 2.247937582433223724e-02 3.533256240189075470e-03 1.771242171525955200e-02 1.078273053281009197e-03 3.506233543157577515e-02 2.599691785871982574e-02 6.178248673677444458e-03 6.789393723011016846e-02 5.950671434402465820e-02 3.976938128471374512e-02 4.845504090189933777e-02 5.490510165691375732e-02 1.873728819191455841e-02 5.365777760744094849e-03 5.610099062323570251e-02 2.835614047944545746e-02 5.285846535116434097e-03 8.123176172375679016e-03 8.524402976036071777e-03 2.138268388807773590e-02 2.268177457153797150e-03 5.292342975735664368e-02 2.647355757653713226e-02 3.124211542308330536e-02 1.151580084115266800e-02 3.512615337967872620e-02 1.030682846903800964e-01 3.310187906026840210e-02 7.194356061518192291e-03 2.380171231925487518e-02 5.475078523159027100e-02 1.479811500757932663e-03 2.178238332271575928e-02 5.051001161336898804e-02 4.432243853807449341e-02
4.961228370666503906e-02 1.365673262625932693e-02 9.385140240192413330e-02 3.778950870037078857e-02 1.218065526336431503e-02 5.191051587462425232e-02 1.447689533233642578e-02 3.029670715332031250e-01 8.832518011331558228e-02 5.085107311606407166e-02 3.377057146281003952e-03 7.156879454851150513e-02 3.472249663900583982e-04 6.864639371633529663e-02 1.480208593420684338e-03 1.334559451788663864e-02 5.361729767173528671e-03 3.498205542564392090e-02 3.972592949867248535e-02 3.009414486587047577e-02 5.534363538026809692e-02 2.883288264274597168e-02 4.713871330022811890e-02 4.858557507395744324e-02 2.903117053210735321e-02 1.171863917261362076e-02 3.642234951257705688e-02 1.462653577327728271e-01 5.232281610369682312e-02 1.136458888649940491e-01 9.743786603212356567e-02 6.529749929904937744e-02 3.434134880080819130e-03 3.275415301322937012e-02 3.424945101141929626e-02 6.632498651742935181e-02 1.604105904698371887e-02 1.471284218132495880e-02 1.445824503898620605e-01 1.912433654069900513e-02 1.744844764471054077e-02 3.908558934926986694e-02 3.104386478662490845e-02 8.268930017948150635e-03 3.658153489232063293e-02 1.455535273998975754e-02 2.041942067444324493e-02 4.566527158021926880e-02 1.477313693612813950e-02 1.743378303945064545e-02 9.730622696224600077e-05 2.945652976632118225e-02 3.055180795490741730e-02 1.124510820955038071e-02 3.734407946467399597e-02 5.834406986832618713e-02 9.236744791269302368e-02 7.782553788274526596e-03 3.367400541901588440e-02 5.461011454463005066e-02 2.430158201605081558e-03 1.264597289264202118e-02 4.262409731745719910e-02 2.857561409473419189e-02 6.386959459632635117e-03 2.501281909644603729e-02 3.328974172472953796e-02 4.125360772013664246e-02 3.600052744150161743e-02 6.568551529198884964e-03 3.278402611613273621e-02 3.622666746377944946e-02 2.766821905970573425e-02 6.962700188159942627e-02 3.526942338794469833e-03 3.570761159062385559e-02 6.981318444013595581e-02 4.231123626232147217e-02 3.015837818384170532e-02 2.385664917528629303e-02 2.568030357360839844e-01 7.300145179033279419e-02 4.381276294589042664e-02 2.254484593868255615e-02 2.929321117699146271e-02 1.657149009406566620e-02 7.122554816305637360e-03 2.639189362525939941e-02 5.482056736946105957e-02 5.717595573514699936e-03 2.541577257215976715e-02 1.267031859606504440e-02 1.458050828659906983e-04 2.635490708053112030e-02 3.019028715789318085e-02 9.697395376861095428e-03 3.588919714093208313e-02 3.458895906805992126e-02 2.248615399003028870e-02 5.978175625205039978e-02 1.811811234802007675e-04 5.171855166554450989e-02 2.504444308578968048e-02 1.349862664937973022e-02 4.982025921344757080e-02 8.042054623365402222e-02 2.095815353095531464e-02 3.588702529668807983e-02 5.381019040942192078e-02 2.270609512925148010e-02 3.862597793340682983e-02 2.687278762459754944e-02 1.716625690460205078e-02 6.494436878710985184e-03 3.256425634026527405e-02 3.379517421126365662e-02
6.079869344830513000e-03 2.396688982844352722e-02 3.778950870037078857e-02 1.316476613283157349e-01 1.712698638439178467e-01 8.667904883623123169e-03 3.893316909670829773e-02 2.009566873311996460e-02 1.097708009183406830e-02 6.911380216479301453e-03 3.841317957267165184e-03 2.003559470176696777e-02 1.004052441567182541e-02 5.281080678105354309e-02 1.288052368909120560e-02 2.092355303466320038e-02 8.636080659925937653e-03 1.758911460638046265e-02 6.994391232728958130e-02 7.641974091529846191e-02 2.959408611059188843e-02 4.576742276549339294e-02 8.203446865081787109e-03 2.381886728107929230e-02 1.474654069170355797e-03 2.446121908724308014e-02 5.917651206254959106e-02 3.394170850515365601e-02 2.534143254160881042e-02 2.760893665254116058e-03 1.528924331068992615e-03 3.291675820946693420e-02 3.315392136573791504e-02 8.948503062129020691e-03 3.617919608950614929e-02 2.196194231510162354e-02 3.957833722233772278e-02 6.841420195996761322e-03 8.255790919065475464e-02 6.128861382603645325e-02 1.332739461213350296e-02 1.025013625621795654e-02 4.477145150303840637e-02 2.953226119279861450e-02 4.569949582219123840e-02 6.053936108946800232e-02 1.691691391170024872e-02 2.305692993104457855e-02 2.751719392836093903e-02 1.026201248168945312e-02 3.962490241974592209e-03 5.173650011420249939e-02 2.112443000078201294e-02 2.023092936724424362e-03 2.649667300283908844e-02 3.399824351072311401e-02 5.619528889656066895e-02 5.715657491236925125e-03 8.201961405575275421e-03 1.229109242558479309e-02 5.099800229072570801e-02 2.691345289349555969e-02 5.561749264597892761e-02 8.030994795262813568e-03 1.697809621691703796e-02 1.736872363835573196e-03 4.762906581163406372e-03 1.086020469665527344e-02 1.805113255977630615e-02 7.938940823078155518e-02 2.608488500118255615e-02 2.951090782880783081e-02 1.080005541443824768e-01 3.987701237201690674e-02 7.874418795108795166e-02 2.011919207870960236e-02 2.480797283351421356e-02 2.624611184000968933e-02 2.849677018821239471e-02 4.785116016864776611e-02 6.455443799495697021e-02 3.119786502793431282e-03 6.274694204330444336e-02 7.588692754507064819e-02 2.188712731003761292e-02 1.335389912128448486e-02 3.073356486856937408e-02 1.757683977484703064e-02 6.723219994455575943e-04 2.702173590660095215e-02 4.155263677239418030e-02 3.688781708478927612e-02 7.698234170675277710e-02 1.372229307889938354e-02 2.708047255873680115e-02 1.090456452220678329e-02 1.434817630797624588e-02 3.372871503233909607e-02 3.186960518360137939e-02 3.459459915757179260e-02 4.026740416884422302e-02 3.511019051074981689e-02 1.169678196310997009e-02 9.078354574739933014e-03 2.624213509261608124e-02 3.657726198434829712e-02 1.778284832835197449e-02 3.841982409358024597e-02 2.372852526605129242e-02 1.131057622842490673e-03 2.860363014042377472e-02 3.247220069169998169e-02 4.263829067349433899e-02 1.608411967754364014e-02 9.155770763754844666e-03 8.121585473418235779e-03
1.994021236896514893e-03 2.965756133198738098e-02 1.218065526336431503e-02 1.712698638439178467e-01 1.377497762441635132e-01 1.260682940483093262e-02 4.512833431363105774e-02 4.561394080519676208e-02 2.998579107224941254e-02 2.196289971470832825e-02 1.959121972322463989e-02 4.054595530033111572e-02 7.488903589546680450e-03 4.072947800159454346e-02 3.563543409109115601e-02 1.851974055171012878e-02 2.087812405079603195e-03 1.483084633946418762e-03 7.237000763416290283e-02 7.494074851274490356e-02 2.408914268016815186e-02 4.696910455822944641e-02 1.402267441153526306e-02 5.290966946631669998e-03 5.508710816502571106e-02 7.618925999850034714e-03 4.615715146064758301e-02 4.824927076697349548e-02 3.937990963459014893e-02 1.864682510495185852e-02 7.063240557909011841e-02 6.420985609292984009e-02 2.061217790469527245e-03 1.608853228390216827e-02 1.227031648159027100e-02 2.102328650653362274e-02 1.549360621720552444e-02 1.715988665819168091e-02 1.076072454452514648e-01 1.037865057587623596e-01 2.032992430031299591e-02 1.686971448361873627e-02 1.778800599277019501e-02 4.566955938935279846e-02 1.661023683845996857e-02 4.250553995370864868e-02 2.883110754191875458e-02 1.159755419939756393e-02 3.865347802639007568e-02 7.730883546173572540e-03 1.235625520348548889e-02 4.390816763043403625e-02 9.385743178427219391e-03 2.287086658179759979e-02 2.445666119456291199e-02 3.185824304819107056e-02 4.568919166922569275e-02 3.749158233404159546e-02 1.720769517123699188e-02 1.459259539842605591e-03 4.051645845174789429e-02 4.517051950097084045e-02 1.197498198598623276e-02 1.730618439614772797e-02 5.008042789995670319e-03 1.249845325946807861e-02 4.678411036729812622e-02 9.410670958459377289e-03 6.109492853283882141e-03 7.049454748630523682e-02 1.642988249659538269e-02 1.355764456093311310e-02 1.236452311277389526e-01 4.194591939449310303e-02 1.100760027766227722e-01 1.346110086888074875e-02 2.228105999529361725e-02 2.008390054106712341e-02 5.579669401049613953e-02 6.687758117914199829e-02 7.271828502416610718e-02 3.098662383854389191e-02 8.488781005144119263e-02 9.943123161792755127e-02 3.652076795697212219e-02 1.488265930674970150e-03 2.093980647623538971e-02 1.102280616760253906e-02 1.976628974080085754e-02 6.482014805078506470e-02 4.571999981999397278e-02 2.532162144780158997e-02 1.077571138739585876e-01 1.136950310319662094e-02 1.213092263787984848e-02 1.102036796510219574e-02 2.876150049269199371e-02 3.667520359158515930e-03 2.445049025118350983e-02 4.238329827785491943e-02 2.818702347576618195e-02 3.036805056035518646e-02 1.540085580199956894e-02 1.250465773046016693e-02 4.569404118228703737e-04 5.877739191055297852e-02 2.824229001998901367e-02 2.398476749658584595e-02 3.191617361153475940e-05 2.823486179113388062e-02 2.360213920474052429e-02 2.414620667695999146e-02 2.267541363835334778e-02 1.146650407463312149e-02 2.215988561511039734e-02 1.972926221787929535e-02
1.698683500289916992e-01 1.524906158447265625e-01 5.191051587462425232e-02 8.667904883623123169e-03 1.260682940483093262e-02 2.036856561899185181e-01 2.138265371322631836e-01 3.370280563831329346e-02 1.117969769984483719e-02 5.433113500475883484e-02 8.955252170562744141e-02 7.594624161720275879e-02 1.046827509999275208e-01 7.757295668125152588e-02 4.492340236902236938e-02 7.318090647459030151e-03 2.144077094271779060e-03 1.051806509494781494e-01 4.582267254590988159e-03 1.062096282839775085e-02 1.732838712632656097e-02 3.953751549124717712e-02 2.704793773591518402e-02 2.508224861230701208e-05 2.321262657642364502e-02 1.220144424587488174e-02 2.802231535315513611e-02 4.280425235629081726e-02 3.578055649995803833e-02 2.148732542991638184e-02 3.485958278179168701e-02 2.570712938904762268e-02 1.350917480885982513e-02 1.958777941763401031e-02 1.757992431521415710e-02 1.289527630433440208e-03 2.816989831626415253e-02 1.745698414742946625e-02 4.706773161888122559e-02 2.632384561002254486e-02 3.614046797156333923e-02 1.085769385099411011e-02 2.386003360152244568e-02 5.542146787047386169e-02 7.887920737266540527e-02 4.939843900501728058e-03 1.837790608406066895e-01 7.573953270912170410e-02 1.726643741130828857e-02 3.219079971313476562e-02 6.408715993165969849e-02 6.531902402639389038e-02 3.611212596297264099e-02 2.015735954046249390e-02 2.658513002097606659e-02 4.605735838413238525e-02 7.275800406932830811e-02 3.227282315492630005e-02 5.302615836262702942e-02 2.793531306087970734e-02 8.537339419126510620e-02 3.976145386695861816e-02 5.656743049621582031e-02 2.220673114061355591e-02 6.758709251880645752e-02 1.507870387285947800e-02 1.493506599217653275e-02 4.871380515396595001e-03 1.672551967203617096e-02 5.884936079382896423e-02 1.655730046331882477e-02 1.533908117562532425e-02 1.709338836371898651e-02 7.203010842204093933e-03 3.802403062582015991e-02 3.240193054080009460e-02 1.664717867970466614e-02 1.191616151481866837e-02 5.233198031783103943e-02 3.013732843101024628e-02 4.932470619678497314e-02 1.198384352028369904e-02 5.876083299517631531e-02 3.598472476005554199e-02 9.751211851835250854e-03 1.650994457304477692e-02 1.802793331444263458e-02 3.237109631299972534e-02 1.470128074288368225e-02 2.112644724547863007e-02 1.969827897846698761e-02 3.132554516196250916e-02 3.153157234191894531e-02 7.384290546178817749e-02 4.763090983033180237e-02 3.675594925880432129e-02 4.712766036391258240e-02 2.336949855089187622e-02 4.724529013037681580e-02 3.034417517483234406e-02 1.136708073318004608e-02 8.410671725869178772e-03 2.472866699099540710e-02 2.206172421574592590e-02 4.261231049895286560e-02 9.961431846022605896e-03 3.141625598073005676e-02 8.004096895456314087e-02 2.314303442835807800e-02 2.361240796744823456e-02 1.509703602641820908e-02 8.042937144637107849e-03 1.447490230202674866e-02 1.563886180520057678e-02 5.118563398718833923e-02 8.883818984031677246e-02
1.234065219759941101e-01 1.362415701150894165e-01 1.447689533233642578e-02 3.893316909670829773e-02 4.512833431363105774e-02 2.138265371322631836e-01 1.916463077068328857e-01 3.857349231839179993e-02 3.675177693367004395e-02 3.512816131114959717e-02 6.758901476860046387e-02 7.734919898211956024e-03 8.997343480587005615e-02 5.433529242873191833e-02 1.449388684704899788e-03 2.167284302413463593e-02 1.961394026875495911e-02 2.728089317679405212e-02 2.048937045037746429e-02 3.024809993803501129e-03 2.690490707755088806e-02 3.489189594984054565e-02 9.471178054809570312e-03 3.251215675845742226e-03 3.193483455106616020e-03 1.719809020869433880e-03 2.161742001771926880e-02 6.170360371470451355e-02 7.098568975925445557e-02 6.466760765761137009e-03 1.838535442948341370e-02 1.586991176009178162e-02 2.257733233273029327e-02 5.035598948597908020e-02 1.491830404847860336e-02 5.142380250617861748e-04 1.334408484399318695e-02 7.569505833089351654e-03 3.503538668155670166e-03 2.501028589904308319e-02 4.921276122331619263e-02 4.499029833823442459e-03 1.691635116003453732e-03 1.414540875703096390e-02 2.121417596936225891e-02 1.269356533885002136e-02 1.439572870731353760e-01 1.484504193067550659e-01 1.704892516136169434e-02 3.040748275816440582e-02 4.566534236073493958e-02 2.721831575036048889e-02 3.371302410960197449e-02 2.096648328006267548e-02 1.433081552386283875e-02 1.936052553355693817e-02 3.022170253098011017e-02 3.870158642530441284e-02 2.782934717833995819e-02 3.499564528465270996e-02 2.942174300551414490e-02 2.130773290991783142e-02 5.779220536351203918e-02 3.906253352761268616e-02 3.382380306720733643e-02 1.501203048974275589e-02 5.058430507779121399e-02 5.303709581494331360e-02 8.472263813018798828e-03 1.249152049422264099e-01 4.615746904164552689e-03 1.369329169392585754e-02 4.507972300052642822e-02 3.056271560490131378e-02 2.427033148705959320e-02 5.273199174553155899e-03 9.023686870932579041e-03 1.681976951658725739e-02 3.972278535366058350e-02 2.262613177299499512e-02 2.248445898294448853e-02 8.509204722940921783e-03 7.288609165698289871e-03 1.807021908462047577e-02 3.168556466698646545e-02 3.162076324224472046e-02 4.487201943993568420e-02 3.157383296638727188e-03 7.909235358238220215e-02 2.056459896266460419e-02 4.532043263316154480e-02 1.026256754994392395e-02 7.510820031166076660e-02 6.641120463609695435e-02 2.552799135446548462e-02 8.908698335289955139e-03 1.416495721787214279e-02 2.691296860575675964e-02 4.979778826236724854e-02 6.087739951908588409e-03 5.680934526026248932e-03 2.945876307785511017e-02 8.606421761214733124e-03 5.968710407614707947e-02 4.015885293483734131e-02 1.656789518892765045e-02 4.846738651394844055e-02 6.092285737395286560e-02 1.539664156734943390e-02 2.073658630251884460e-02 2.411147113889455795e-03 4.535327665507793427e-03 2.031436376273632050e-02 2.511305967345833778e-03 3.266866132616996765e-02 4.041293263435363770e-02
9.094906039535999298e-03 4.041757807135581970e-02 3.029670715332031250e-01 2.009566873311996460e-02 4.561394080519676208e-02 3.370280563831329346e-02 3.857349231839179993e-02 1.088773459196090698e-01 5.111189093440771103e-03 1.149119460023939610e-03 2.815762348473072052e-02 5.390534177422523499e-02 3.828561678528785706e-02 1.307519525289535522e-02 1.203941460698843002e-02 7.960205897688865662e-03 9.535417892038822174e-03 2.714890427887439728e-02 3.661250323057174683e-02 1.926923543214797974e-02 1.893395371735095978e-02 4.228025674819946289e-02 6.227629631757736206e-02 4.026703163981437683e-02 7.983725517988204956e-02 2.271472103893756866e-02 5.552342534065246582e-02 2.313217520713806152e-02 3.212698549032211304e-02 7.632360793650150299e-04 1.496837940067052841e-02 9.265000931918621063e-03 2.718671225011348724e-02 1.787975244224071503e-02 2.160754986107349396e-02 5.526134278625249863e-03 7.804124802350997925e-02 5.959099903702735901e-02 3.901965916156768799e-02 3.128714114427566528e-02 6.571713835000991821e-02 8.461706340312957764e-03 2.218061499297618866e-02 3.283556923270225525e-02 2.966670691967010498e-02 1.321661379188299179e-02 8.187998319044709206e-04 1.153769716620445251e-02 5.080899596214294434e-02 5.875457078218460083e-02 2.414184622466564178e-02 1.041364041157066822e-03 1.984647288918495178e-02 3.950403258204460144e-02 1.445793453603982925e-02 7.771986722946166992e-02 1.038670316338539124e-01 1.238497532904148102e-02 6.453803274780511856e-03 5.572594702243804932e-02 5.551327485591173172e-03 2.850521169602870941e-02 7.311864197254180908e-02 3.496493026614189148e-02 2.607189305126667023e-02 3.423483297228813171e-02 8.550680940970778465e-04 5.005940794944763184e-02 2.072339877486228943e-02 4.936808254569768906e-03 2.106080995872616768e-03 1.311324071139097214e-02 2.074860222637653351e-02 1.072285417467355728e-02 1.114958245307207108e-02 3.759365156292915344e-02 2.062261290848255157e-02 5.125558003783226013e-03 4.464862402528524399e-03 1.868113316595554352e-02 1.538281589746475220e-01 5.122930556535720825e-02 2.990650013089179993e-02 6.229348946362733841e-03 3.907436132431030273e-02 4.409567918628454208e-03 1.816872693598270416e-02 1.285451813600957394e-03 8.259067684412002563e-02 1.879616081714630127e-02 5.196255631744861603e-03 5.161842331290245056e-02 4.788333177566528320e-02 4.666290245950222015e-03 5.731242708861827850e-03 3.613664582371711731e-02 8.207709528505802155e-03 5.228545144200325012e-02 2.218073233962059021e-02 4.590668156743049622e-02 5.167138576507568359e-02 3.680980578064918518e-02 2.170631662011146545e-02 1.630024425685405731e-02 5.746579542756080627e-02 7.935564219951629639e-02 8.224883116781711578e-03 1.330709457397460938e-02 7.120316382497549057e-03 9.124743193387985229e-02 4.902911931276321411e-02 3.384474664926528931e-02 1.442387048155069351e-02 6.159112229943275452e-02 3.288428857922554016e-02 1.005049794912338257e-01
3.663931787014007568e-02 2.993046119809150696e-02 8.832518011331558228e-02 1.097708009183406830e-02 2.998579107224941254e-02 1.117969769984483719e-02 3.675177693367004395e-02 5.111189093440771103e-03 1.346965730190277100e-01 8.017872273921966553e-02 4.179706424474716187e-02 8.602114766836166382e-02 1.485634362325072289e-03 2.798693627119064331e-02 1.902514509856700897e-02 3.783862292766571045e-02 2.296822145581245422e-02 7.996840029954910278e-02 3.848042339086532593e-02 1.938495971262454987e-02 4.758330434560775757e-02 2.415166422724723816e-02 5.690682306885719299e-02 1.714695058763027191e-02 1.937752589583396912e-02 2.656146511435508728e-02 2.685835398733615875e-02 2.214702591300010681e-02 9.287712164223194122e-03 3.296295925974845886e-02 3.555599227547645569e-02 4.119738191366195679e-02 4.294381663203239441e-02 1.918092183768749237e-02 2.482305839657783508e-02 2.315147966146469116e-02 2.432974986732006073e-02 2.640527114272117615e-02 2.379025332629680634e-02 7.546667754650115967e-02 3.249833732843399048e-02 1.754954457283020020e-02 5.887308716773986816e-02 2.911606058478355408e-02 3.157255053520202637e-02 4.245147574692964554e-03 3.747155517339706421e-02 4.676302429288625717e-03 8.982263505458831787e-02 1.357311941683292389e-02 1.687906868755817413e-02 2.510661818087100983e-02 1.731798984110355377e-02 2.071898616850376129e-02 1.097733527421951294e-01 3.525394573807716370e-02 3.960140049457550049e-03 4.310042038559913635e-02 2.430633269250392914e-02 2.280743233859539032e-02 7.881298661231994629e-03 4.307004809379577637e-02 3.171843290328979492e-02 9.240829385817050934e-03 3.289321064949035645e-02 1.410620287060737610e-02 1.350141130387783051e-02 6.768450140953063965e-02 7.103990763425827026e-02 3.000916726887226105e-02 3.816050663590431213e-02 5.412754416465759277e-02 1.199082192033529282e-02 3.713313862681388855e-02 4.562947899103164673e-02 2.983083017170429230e-02 9.728416055440902710e-02 1.779105700552463531e-02 1.100358515977859497e-01 8.573312312364578247e-02 6.548283994197845459e-02 2.985643409192562103e-02 4.434122145175933838e-02 1.960963569581508636e-02 6.994473189115524292e-02 6.639072299003601074e-02 5.179673433303833008e-02 3.855483233928680420e-02 8.642497658729553223e-02 2.088183350861072540e-02 5.444220826029777527e-02 3.900378942489624023e-02 4.390592500567436218e-02 4.209456965327262878e-02 5.976031348109245300e-02 1.925493776798248291e-02 5.124964192509651184e-02 1.104460470378398895e-02 2.005718561122193933e-04 5.963702127337455750e-02 3.306594863533973694e-02 1.661565899848937988e-02 1.314908266067504883e-01 1.000141352415084839e-02 1.202981732785701752e-02 4.293267056345939636e-02 1.690272614359855652e-02 5.773701518774032593e-02 3.634110838174819946e-02 2.893116325139999390e-02 6.909333169460296631e-03 3.366235643625259399e-02 4.261847585439682007e-02 2.891425788402557373e-02 1.078445836901664734e-02 1.346698775887489319e-02
1.178134465590119362e-03 1.594004966318607330e-02 5.085107311606407166e-02 6.911380216479301453e-03 2.196289971470832825e-02 5.433113500475883484e-02 3.512816131114959717e-02 1.149119460023939610e-03 8.017872273921966553e-02 1.434678137302398682e-01 4.880770668387413025e-02 3.066830523312091827e-02 2.402471564710140228e-02 1.450568065047264099e-02 3.368643519934266806e-04 2.638301067054271698e-02 2.829614840447902679e-02 4.147483408451080322e-02 7.183679938316345215e-02 3.311499953269958496e-03 1.018823496997356415e-02 3.612105175852775574e-02 3.281933441758155823e-02 2.288820035755634308e-02 3.553873673081398010e-02 1.673374325037002563e-02 4.296524077653884888e-02 2.215893240645527840e-03 4.055796563625335693e-02 3.423604741692543030e-02 7.970738224685192108e-03 2.408559620380401611e-02 4.471820965409278870e-02 2.882714569568634033e-02 2.429969049990177155e-02 1.942233741283416748e-02 9.244916029274463654e-03 1.111463829874992371e-02 1.695924624800682068e-02 3.675666823983192444e-02 1.892083697021007538e-02 4.663629457354545593e-02 6.754288915544748306e-03 2.520670555531978607e-02 9.218510240316390991e-03 1.215203572064638138e-02 1.428448688238859177e-02 2.360890991985797882e-02 2.834707312285900116e-02 6.474879384040832520e-02 2.668560296297073364e-02 7.439009379595518112e-03 2.152281068265438080e-02 4.755358211696147919e-03 4.872601479291915894e-02 5.591608211398124695e-02 7.033255696296691895e-02 3.616371750831604004e-02 6.481892894953489304e-03 2.761107170954346657e-03 3.069952502846717834e-02 7.486247923225164413e-03 2.861412987112998962e-02 1.560411299578845501e-03 2.434743382036685944e-02 1.989934034645557404e-02 4.143167287111282349e-02 3.117690095677971840e-03 4.075666517019271851e-02 5.323956906795501709e-02 5.642497912049293518e-02 2.151085063815116882e-02 1.603161171078681946e-02 7.355306297540664673e-02 1.438350509852170944e-02 4.534129798412322998e-02 4.662745073437690735e-02 5.748660862445831299e-02 8.062045089900493622e-03 7.957614958286285400e-02 4.319210071116685867e-03 3.234108164906501770e-02 1.227608602494001389e-02 6.457473337650299072e-02 4.656428471207618713e-02 2.035342622548341751e-03 1.219055429100990295e-02 1.475369744002819061e-02 2.105089649558067322e-02 5.453352630138397217e-02 1.356538943946361542e-02 5.296766757965087891e-03 1.931633614003658295e-02 7.667151745408773422e-03 6.856656633317470551e-03 7.206273730844259262e-03 5.114218220114707947e-02 2.305139787495136261e-02 1.709768548607826233e-02 2.131576277315616608e-02 2.576438244432210922e-03 2.997823804616928101e-02 5.065301805734634399e-02 3.477768227458000183e-02 3.047118894755840302e-02 7.657709531486034393e-03 5.481988657265901566e-03 3.558764606714248657e-02 4.222064465284347534e-02 3.673361241817474365e-02 3.531638765707612038e-03 4.196191730443388224e-04 5.954924225807189941e-02 3.779809549450874329e-02 9.667192399501800537e-02 6.557904928922653198e-02
1.657301485538482666e-01 1.129034459590911865e-01 3.377057146281003952e-03 3.841317957267165184e-03 1.959121972322463989e-02 8.955252170562744141e-02 6.758901476860046387e-02 2.815762348473072052e-02 4.179706424474716187e-02 4.880770668387413025e-02 1.438646018505096436e-01 4.047866538166999817e-02 1.323621422052383423e-01 2.397010847926139832e-02 4.968291148543357849e-02 1.799673400819301605e-02 9.840665385127067566e-03 4.350632429122924805e-02 1.529043447226285934e-02 4.214168339967727661e-02 6.890930235385894775e-03 8.391680568456649780e-02 1.045356877148151398e-02 4.149617627263069153e-03 2.524769306182861328e-02 7.147667463868856430e-03 3.424180299043655396e-02 8.163400925695896149e-03 2.141499705612659454e-02 2.475235424935817719e-02 7.472839206457138062e-03 3.093076497316360474e-02 1.531459670513868332e-02 7.689054589718580246e-03 1.990589126944541931e-02 4.191241785883903503e-02 3.187157958745956421e-02 2.061850950121879578e-02 1.062916778028011322e-02 4.406148940324783325e-02 2.152418531477451324e-02 4.286784306168556213e-02 1.905945874750614166e-02 5.860209092497825623e-02 4.883336648344993591e-02 1.256783772259950638e-02 7.768294215202331543e-02 7.121302187442779541e-02 5.756304040551185608e-02 1.395323127508163452e-02 5.370086804032325745e-02 2.737778425216674805e-02 2.477092668414115906e-02 3.316214680671691895e-02 4.357650876045227051e-02 4.544460773468017578e-02 5.844327062368392944e-02 6.034290418028831482e-02 3.767956793308258057e-02 2.182916924357414246e-02 4.442497622221708298e-03 5.674908310174942017e-02 1.307044271379709244e-02 3.327464684844017029e-02 8.073566108942031860e-02 3.623055294156074524e-02 1.970390416681766510e-02 1.477978285402059555e-02 2.151290187612175941e-03 1.610324159264564514e-02 3.196215257048606873e-02 2.763812430202960968e-02 2.120650187134742737e-02 1.111641246825456619e-02 2.140985243022441864e-02 3.655572608113288879e-02 9.917728602886199951e-03 2.702524699270725250e-02 3.369365632534027100e-02 3.398222848773002625e-02 2.853850089013576508e-02 3.572977147996425629e-03 3.930956125259399414e-02 3.432003781199455261e-02 1.736414618790149689e-02 3.163412213325500488e-02 3.848281130194664001e-02 1.470349170267581940e-02 5.942592397332191467e-02 3.145703114569187164e-03 3.825456276535987854e-02 1.236046403646469116e-01 1.780660822987556458e-03 5.862435698509216309e-02 4.463825374841690063e-02 6.194054614752531052e-03 2.317406982183456421e-02 3.522317111492156982e-02 2.996659651398658752e-02 1.547824963927268982e-02 3.888322412967681885e-02 4.214768111705780029e-02 4.354361910372972488e-03 1.616632379591464996e-02 2.524174936115741730e-02 2.590378560125827789e-02 7.397571112960577011e-03 8.427863940596580505e-03 4.869796708226203918e-02 3.612925112247467041e-02 2.936604432761669159e-02 5.875038728117942810e-02 3.072491101920604706e-02 2.713776938617229462e-02 3.669009730219841003e-02 6.880687922239303589e-02
2.574048005044460297e-03 4.105472937226295471e-02 7.156879454851150513e-02 2.003559470176696777e-02 4.054595530033111572e-02 7.594624161720275879e-02 7.734919898211956024e-03 5.390534177422523499e-02 8.602114766836166382e-02 3.066830523312091827e-02 4.047866538166999817e-02 1.127086803317070007e-01 2.353760041296482086e-02 2.165504395961761475e-01 2.893036231398582458e-02 2.914506196975708008e-02 7.404465228319168091e-03 3.449527174234390259e-02 3.758968412876129150e-02 4.651004448533058167e-02 4.836482927203178406e-02 8.647807873785495758e-03 5.390776693820953369e-02 3.077557682991027832e-02 1.745114289224147797e-02 6.284379865974187851e-03 4.751489683985710144e-02 1.227137818932533264e-01 2.799705043435096741e-02 5.752209573984146118e-02 3.678857535123825073e-02 3.551504574716091156e-03 5.462250858545303345e-02 3.351995721459388733e-02 2.300183847546577454e-02 8.699694648385047913e-03 4.355853423476219177e-02 4.394444078207015991e-02 3.834679350256919861e-02 4.126653820276260376e-02 6.462068855762481689e-02 4.500550031661987305e-02 4.020507633686065674e-02 5.624279752373695374e-02 1.695483475923538208e-01 2.613236382603645325e-02 1.376710087060928345e-01 3.517798613756895065e-03 3.006523475050926208e-02 2.003345824778079987e-02 3.626633062958717346e-02 5.929424241185188293e-02 4.109394177794456482e-02 4.166161641478538513e-03 5.673877522349357605e-02 1.250676438212394714e-02 9.859669208526611328e-02 9.346491424366831779e-04 3.880460932850837708e-02 2.338402159512042999e-02 1.397582888603210449e-02 2.571257948875427246e-02 2.566112391650676727e-02 3.838662523776292801e-03 4.264938179403543472e-04 4.106994892936199903e-04 3.244653576985001564e-03 5.175517871975898743e-02 2.123674377799034119e-02 6.059427186846733093e-02 2.997135557234287262e-02 7.422668486833572388e-02 2.703715674579143524e-02 3.145186975598335266e-02 3.331918641924858093e-02 2.743724733591079712e-02 7.580448687076568604e-02 1.843234710395336151e-02 1.233907043933868408e-01 1.062992494553327560e-02 5.831709876656532288e-02 9.350887499749660492e-03 5.368631333112716675e-02 1.196312345564365387e-02 6.213910505175590515e-02 1.134562864899635315e-02 2.020584791898727417e-02 3.230829164385795593e-02 6.856449693441390991e-02 2.682487294077873230e-02 5.947596207261085510e-02 6.565992534160614014e-02 2.736919792369008064e-03 7.949791103601455688e-02 1.534868590533733368e-02 6.432450842112302780e-03 4.254987835884094238e-02 3.504823520779609680e-02 4.774545133113861084e-02 1.190151926130056381e-02 1.140400581061840057e-02 7.186602335423231125e-03 7.362139970064163208e-02 2.845077589154243469e-02 4.496220871806144714e-02 2.788523770868778229e-02 4.021731391549110413e-02 4.223086684942245483e-02 4.504319280385971069e-03 2.211756631731987000e-02 5.543660745024681091e-02 7.418382912874221802e-02 2.123882435262203217e-02 3.184966370463371277e-02 2.841506898403167725e-02 3.229791298508644104e-02
1.450042575597763062e-01 1.327293366193771362e-01 3.472249663900583982e-04 1.004052441567182541e-02 7.488903589546680450e-03 1.046827509999275208e-01 8.997343480587005615e-02 3.828561678528785706e-02 1.485634362325072289e-03 2.402471564710140228e-02 1.323621422052383423e-01 2.353760041296482086e-02 1.721424758434295654e-01 4.400504380464553833e-02 6.233563274145126343e-02 2.948964945971965790e-02 3.313162922859191895e-02 5.180556327104568481e-02 2.923045679926872253e-02 1.007607672363519669e-02 3.208972513675689697e-02 6.228016689419746399e-02 5.531363654881715775e-03 1.416076533496379852e-02 4.336100071668624878e-02 3.171845525503158569e-02 8.079771883785724640e-03 1.557262241840362549e-02 1.629500463604927063e-02 5.675423145294189453e-02 8.583468385040760040e-03 1.279928628355264664e-02 4.616035521030426025e-02 3.728409484028816223e-02 1.322220545262098312e-02 3.984488174319267273e-02 2.886251918971538544e-02 1.967632584273815155e-02 7.500383653677999973e-04 2.000559866428375244e-02 2.546129561960697174e-02 9.656823240220546722e-03 4.459230601787567139e-02 3.849671036005020142e-02 4.262545704841613770e-02 1.657311618328094482e-02 7.610209286212921143e-02 7.110206782817840576e-02 2.039100416004657745e-02 2.326096175238490105e-03 3.470760583877563477e-02 5.377337336540222168e-02 2.815872244536876678e-02 5.305153317749500275e-03 8.996525406837463379e-02 3.944864496588706970e-02 1.153012737631797791e-02 5.024425685405731201e-03 4.438085481524467468e-03 2.379430644214153290e-02 1.981857232749462128e-02 7.099336478859186172e-03 2.005834132432937622e-02 4.175392910838127136e-02 4.389579407870769501e-03 6.248803436756134033e-02 1.809373963624238968e-03 1.903817616403102875e-02 3.181668370962142944e-02 4.294865950942039490e-02 5.393113568425178528e-02 4.615972191095352173e-02 1.279068179428577423e-02 1.093073002994060516e-02 2.365928702056407928e-02 1.970641547814011574e-03 1.570312306284904480e-02 4.468995332717895508e-02 5.164317414164543152e-02 3.397130966186523438e-02 1.023887563496828079e-02 1.083516608923673630e-02 5.210556834936141968e-02 3.443778259679675102e-03 6.921394728124141693e-03 4.523220937699079514e-03 2.159434743225574493e-02 2.509468048810958862e-02 8.551482856273651123e-02 6.784076243638992310e-02 4.192183911800384521e-02 1.476872526109218597e-02 4.301410168409347534e-02 5.458448827266693115e-02 7.651903666555881500e-03 3.646864742040634155e-02 2.640226669609546661e-02 9.425244294106960297e-03 1.516265235841274261e-02 7.289575878530740738e-03 1.826401241123676300e-02 1.508758123964071274e-02 3.179500252008438110e-02 2.192411804571747780e-03 2.082954905927181244e-02 1.874929852783679962e-02 3.808203618973493576e-03 1.055268496274948120e-01 3.395183011889457703e-02 3.940113261342048645e-02 2.450483292341232300e-02 3.906608326360583305e-04 2.367093972861766815e-02 2.607494406402111053e-02 1.950137503445148468e-02 6.858021952211856842e-03
