1.272884458303451538e-01 1.316167861223220825e-01 2.618571184575557709e-02 2.146529592573642731e-02 1.274662651121616364e-02 1.576295047998428345e-01 1.148315072059631348e-01 4.437387734651565552e-02 1.234831754118204117e-02 1.784286275506019592e-02 2.085973620414733887e-01 1.994223333895206451e-02 1.496956199407577515e-01 1.903688721358776093e-02 3.410226851701736450e-02 3.638681024312973022e-02 8.303928188979625702e-03 3.589481115341186523e-02 1.494639925658702850e-02 3.683643043041229248e-02 3.697196254506707191e-03 4.079880192875862122e-02 3.483149409294128418e-02 3.140559419989585876e-02 9.302047081291675568e-03 6.441969424486160278e-03 2.736440300941467285e-02 6.640343461185693741e-03 2.995989099144935608e-02 3.431480005383491516e-02 6.889235228300094604e-02 2.617406658828258514e-02 2.868611738085746765e-02 1.277962233871221542e-02 2.647013869136571884e-03 3.835822641849517822e-02 1.035462785512208939e-02 9.340198710560798645e-03 1.838058978319168091e-02 3.210131451487541199e-02 3.883008146658539772e-03 4.892207682132720947e-03 2.992682158946990967e-02 5.942441523075103760e-02 2.491413056850433350e-02 1.834445446729660034e-02 7.632667571306228638e-02 1.068239007145166397e-02 1.687855087220668793e-02 2.048108726739883423e-02 8.835311047732830048e-03 2.598386257886886597e-02 6.064803525805473328e-02 3.776273503899574280e-02 1.214272622019052505e-02 4.788139369338750839e-03 1.518745068460702896e-02 2.826265990734100342e-02 2.656228095293045044e-02 3.517302125692367554e-02 2.757767587900161743e-02 2.648231573402881622e-02 2.567270956933498383e-02 1.751978695392608643e-02 2.673450857400894165e-02 9.797269478440284729e-03 1.386114768683910370e-02 1.240401063114404678e-02 3.146849945187568665e-02 2.037869393825531006e-02 1.000762078911066055e-02 1.867824047803878784e-02 6.764405407011508942e-03 4.168185219168663025e-02 7.103050127625465393e-03 4.372519254684448242e-02 2.513510733842849731e-02 1.434214645996689796e-03 1.276491396129131317e-02 1.704513840377330780e-02 4.712359607219696045e-02 1.961615122854709625e-02 3.074925579130649567e-02 2.502256305888295174e-03 2.497880905866622925e-02 1.120658498257398605e-02 6.773813161998987198e-03 1.961104571819305420e-03 3.953580930829048157e-02 1.256170589476823807e-02 1.871621236205101013e-02 4.512572288513183594e-02 1.435691956430673599e-02 2.275886200368404388e-02 3.291815891861915588e-02 2.790109999477863312e-02 4.231232777237892151e-02 3.558525815606117249e-02 1.410338282585144043e-02 4.478225111961364746e-02 3.381503745913505554e-03 2.548647299408912659e-02 2.999911084771156311e-02 4.882045090198516846e-02 1.316587091423571110e-03 2.717943489551544189e-02 1.651453552767634392e-03 1.648484542965888977e-02 4.870746284723281860e-03 1.136457920074462891e-02 4.061513580381870270e-03 4.141554236412048340e-04 5.387968383729457855e-03 2.056489512324333191e-02 1.290543936192989349e-02 1.727436855435371399e-02
1.316167861223220825e-01 1.441010981798171997e-01 3.445703163743019104e-02 5.851507559418678284e-02 6.163499783724546432e-03 1.168934255838394165e-01 1.440197974443435669e-01 2.149755880236625671e-02 3.125137835741043091e-02 1.571708917617797852e-02 9.115895628929138184e-02 2.315120026469230652e-02 1.266702711582183838e-01 2.346276305615901947e-02 1.088606752455234528e-02 9.393182583153247833e-03 2.597575075924396515e-02 1.266382075846195221e-02 1.629221066832542419e-02 9.272826462984085083e-02 3.350378200411796570e-02 7.448233198374509811e-03 2.467370219528675079e-02 7.279092445969581604e-03 8.018613792955875397e-03 7.346679456532001495e-03 7.156409556046128273e-04 2.022978151217103004e-04 1.274166535586118698e-02 3.820818662643432617e-02 4.402282088994979858e-02 2.949024550616741180e-02 6.035434547811746597e-03 1.253995858132839203e-02 2.839014632627367973e-03 3.041125461459159851e-02 6.149791646748781204e-03 2.174921520054340363e-02 9.221259504556655884e-03 1.619729027152061462e-02 1.243229024112224579e-02 2.226589946076273918e-03 4.042729735374450684e-02 2.385494485497474670e-02 3.285763086751103401e-03 5.228682421147823334e-03 4.342938587069511414e-02 6.196209415793418884e-02 8.721328340470790863e-03 1.791902072727680206e-02 2.230345271527767181e-02 1.557529438287019730e-02 1.218227948993444443e-02 1.800216734409332275e-02 5.186909064650535583e-02 8.003863506019115448e-03 6.138007622212171555e-03 2.120050787925720215e-02 2.209614962339401245e-02 4.439667612314224243e-02 5.004710331559181213e-02 2.289234288036823273e-02 2.519105619285255671e-04 1.808989979326725006e-02 2.552909031510353088e-02 3.280496597290039062e-02 4.759659245610237122e-02 6.356433033943176270e-02 1.633743755519390106e-02 3.406290337443351746e-02 1.152276247739791870e-02 5.942421965301036835e-03 2.351701445877552032e-02 4.201642237603664398e-03 8.695730939507484436e-03 6.364655494689941406e-02 1.739331148564815521e-02 2.498289570212364197e-02 9.699531830847263336e-03 5.030266568064689636e-02 5.446763316285796463e-05 4.281926900148391724e-02 7.284184917807579041e-03 9.400039911270141602e-03 6.877148896455764771e-02 7.287143729627132416e-03 1.377061661332845688e-02 1.857435517013072968e-02 1.793134212493896484e-02 3.024662658572196960e-02 3.149168193340301514e-02 6.327439844608306885e-02 5.913068726658821106e-02 9.286191314458847046e-03 2.736655808985233307e-02 1.741708442568778992e-02 3.659613430500030518e-02 2.056743949651718140e-03 2.672742307186126709e-02 1.582089811563491821e-02 9.617229923605918884e-03 6.465405225753784180e-03 1.232363004237413406e-02 4.955291002988815308e-02 2.875420497730374336e-03 1.502268761396408081e-02 1.313592772930860519e-02 3.284820541739463806e-02 2.346522733569145203e-02 2.817208692431449890e-02 2.132356911897659302e-02 2.858801558613777161e-02 2.801830321550369263e-02 3.973488882184028625e-02 2.087475918233394623e-02 4.317917674779891968e-02
2.618571184575557709e-02 3.445703163743019104e-02 1.235005110502243042e-01 3.058533370494842529e-02 1.879998743534088135e-01 2.610017918050289154e-02 2.315966784954071045e-02 1.910193115472793579e-01 2.198485424742102623e-03 1.275801938027143478e-02 3.354483097791671753e-02 9.503926150500774384e-03 4.965844098478555679e-03 3.433984890580177307e-02 3.611257299780845642e-02 7.363028824329376221e-02 8.326085656881332397e-02 8.616677671670913696e-02 3.405864536762237549e-02 1.402658410370349884e-02 8.902443945407867432e-02 6.115925684571266174e-02 2.169223688542842865e-02 5.682309344410896301e-02 3.202671930193901062e-02 4.854017496109008789e-02 2.608867734670639038e-02 5.068471655249595642e-02 1.908715814352035522e-02 7.126183714717626572e-03 5.536185111850500107e-03 1.169556286185979843e-02 6.366883963346481323e-02 2.765261195600032806e-02 3.419645503163337708e-02 3.511879220604896545e-02 4.931106232106685638e-03 5.630952864885330200e-02 6.143894419074058533e-02 7.247407454997301102e-03 1.074310392141342163e-02 6.803996860980987549e-02 1.088788732886314392e-02 9.069684310816228390e-04 6.697389483451843262e-02 1.419370900839567184e-02 7.889337837696075439e-03 2.864202111959457397e-02 4.563435912132263184e-03 3.632838279008865356e-02 3.469101712107658386e-02 4.714050143957138062e-02 3.613086789846420288e-02 3.689358383417129517e-02 3.086604177951812744e-02 4.837153945118188858e-03 5.597976595163345337e-02 3.847577050328254700e-02 2.886867895722389221e-02 2.078701369464397430e-02 5.011736415326595306e-03 3.079021908342838287e-02 5.300546064972877502e-02 2.876629866659641266e-02 1.914358884096145630e-02 1.180693134665489197e-02 4.574466124176979065e-02 4.930730909109115601e-02 4.060717672109603882e-02 2.911479957401752472e-02 8.355794101953506470e-02 3.121738322079181671e-02 5.131741613149642944e-02 4.501694813370704651e-02 3.704359382390975952e-02 4.459226503968238831e-02 2.412826195359230042e-02 4.033577814698219299e-02 7.291881740093231201e-02 9.908169507980346680e-03 2.219070196151733398e-01 1.619184166193008423e-01 3.302835673093795776e-02 6.249307096004486084e-02 2.045643143355846405e-02 4.731502383947372437e-02 8.042019605636596680e-02 5.368092283606529236e-02 1.012600678950548172e-02 5.455264821648597717e-02 3.398141637444496155e-02 4.894852265715599060e-02 6.252232193946838379e-02 1.837386935949325562e-02 3.643382340669631958e-02 3.783311694860458374e-02 2.041853033006191254e-02 3.478793427348136902e-02 4.746991395950317383e-02 1.794045418500900269e-02 1.541368849575519562e-02 2.152338065207004547e-02 5.548328161239624023e-02 3.420339152216911316e-02 2.042810432612895966e-02 4.466958343982696533e-03 5.122819170355796814e-02 2.318880753591656685e-03 8.096874505281448364e-02 8.451839908957481384e-03 4.772141575813293457e-02 3.787541761994361877e-02 5.137049034237861633e-02 5.088611319661140442e-02 3.202749043703079224e-02 3.574031218886375427e-02
2.146529592573642731e-02 5.851507559418678284e-02 3.058533370494842529e-02 1.630940139293670654e-01 2.766314521431922913e-02 6.585009396076202393e-02 4.874261096119880676e-03 4.963228851556777954e-02 1.686211489140987396e-02 2.569144032895565033e-02 2.230418100953102112e-02 1.140834856778383255e-02 1.076268614269793034e-03 1.856333948671817780e-02 3.509943932294845581e-02 1.290900725871324539e-02 5.492422357201576233e-02 5.380161106586456299e-02 6.171082332730293274e-02 1.892411895096302032e-02 1.064532203599810600e-03 3.008370101451873779e-02 2.578400075435638428e-02 1.628691330552101135e-02 2.213357714936137199e-03 2.679128199815750122e-02 5.292811989784240723e-02 2.272799462080001831e-01 2.545866556465625763e-02 1.412798017263412476e-01 5.850289389491081238e-02 2.771861851215362549e-02 4.181974753737449646e-02 8.578378707170486450e-03 2.293119952082633972e-02 4.057117924094200134e-02 7.359274476766586304e-02 3.906188532710075378e-02 1.555957198143005371e-01 7.279342412948608398e-02 1.566429138183593750e-01 1.710316725075244904e-02 5.075615644454956055e-02 6.227033212780952454e-03 3.097068285569548607e-03 3.714413940906524658e-02 1.911359466612339020e-02 7.381647825241088867e-03 8.752188831567764282e-02 3.814499825239181519e-02 1.744092442095279694e-02 1.073972322046756744e-03 5.198371037840843201e-02 1.452093827538192272e-03 9.185042232275009155e-03 8.050349354743957520e-02 5.592288449406623840e-03 1.638942211866378784e-02 3.032133169472217560e-02 4.871463403105735779e-02 2.967829816043376923e-02 1.124448701739311218e-02 6.843869388103485107e-02 5.367867276072502136e-02 5.349336564540863037e-02 4.699371382594108582e-02 2.711270190775394440e-02 3.968552220612764359e-03 3.714608773589134216e-02 4.741317033767700195e-02 4.414188489317893982e-02 1.209879945963621140e-02 2.667112946510314941e-01 8.210081607103347778e-03 1.262584477663040161e-01 1.485163066536188126e-02 6.932599470019340515e-03 1.912333630025386810e-02 1.421693619340658188e-02 6.434850394725799561e-03 1.009592413902282715e-01 5.015248432755470276e-02 2.274294793605804443e-01 3.615421801805496216e-02 8.247457444667816162e-03 2.302504889667034149e-02 4.052855819463729858e-02 5.901885684579610825e-03 8.990595117211341858e-03 7.094859611243009567e-03 2.877318114042282104e-02 1.317338901571929455e-03 3.403201932087540627e-03 1.234975270926952362e-02 8.977552503347396851e-02 7.269748300313949585e-02 3.619080781936645508e-02 3.979570418596267700e-02 3.675943985581398010e-02 3.563901409506797791e-02 7.321770768612623215e-03 1.795764267444610596e-02 4.435842111706733704e-02 8.433260023593902588e-03 3.610485419631004333e-02 1.834618858993053436e-02 5.292825866490602493e-03 3.552063181996345520e-02 1.804601587355136871e-02 3.590432927012443542e-02 3.932796046137809753e-02 5.515937507152557373e-02 1.603882387280464172e-02 1.010562572628259659e-02 2.062323503196239471e-03 8.944772183895111084e-03
1.274662651121616364e-02 6.163499783724546432e-03 1.879998743534088135e-01 2.766314521431922913e-02 5.591717734932899475e-02 2.006676606833934784e-02 3.841895842924714088e-03 8.616293221712112427e-02 2.952956594526767731e-02 1.740683428943157196e-02 5.385315790772438049e-02 2.990540675818920135e-02 2.275496348738670349e-02 8.744961768388748169e-02 6.015034019947052002e-02 5.037986556999385357e-04 2.375776320695877075e-02 2.077908813953399658e-02 2.670902060344815254e-03 6.662615388631820679e-02 9.253811091184616089e-03 2.378426492214202881e-02 6.462392956018447876e-02 3.220824524760246277e-02 7.927710562944412231e-02 4.397833347320556641e-02 3.297157213091850281e-02 2.721207216382026672e-02 5.939991772174835205e-02 4.214349389076232910e-02 5.192498862743377686e-02 2.256763540208339691e-02 3.763275686651468277e-03 1.369117666035890579e-02 1.554819010198116302e-02 2.509710937738418579e-02 4.090440273284912109e-02 9.569146484136581421e-02 1.025458239018917084e-02 1.608649939298629761e-01 1.572256162762641907e-02 3.807869506999850273e-03 5.976754426956176758e-02 8.759091794490814209e-02 3.824876993894577026e-02 7.548846304416656494e-02 8.842472732067108154e-02 6.248756498098373413e-02 3.390614315867424011e-02 5.727653950452804565e-02 8.772924542427062988e-02 3.180040512233972549e-03 1.792493090033531189e-02 2.339634858071804047e-02 3.687685728073120117e-02 6.384459882974624634e-02 3.504685312509536743e-02 5.249044671654701233e-02 2.064615860581398010e-02 2.074588462710380554e-02 3.472617268562316895e-02 3.650746494531631470e-02 3.801270574331283569e-02 2.679672464728355408e-02 1.624369807541370392e-02 2.643319591879844666e-02 9.319753199815750122e-02 1.085941959172487259e-02 3.669629245996475220e-02 3.408800065517425537e-02 4.230041801929473877e-02 8.251260221004486084e-02 5.963891278952360153e-03 5.228416994214057922e-02 3.951780125498771667e-02 1.765744201838970184e-02 5.557964090257883072e-03 2.660214342176914215e-02 7.975270971655845642e-03 5.174179747700691223e-02 3.953947871923446655e-02 7.985974103212356567e-02 2.237219177186489105e-02 2.471191249787807465e-02 1.643656939268112183e-02 2.891809120774269104e-02 8.842707425355911255e-02 2.555700019001960754e-03 6.188745796680450439e-02 4.522199556231498718e-02 1.839804835617542267e-02 4.352825880050659180e-02 2.503451146185398102e-02 2.518140338361263275e-02 4.455113317817449570e-03 1.092858612537384033e-01 1.882436126470565796e-02 1.646803133189678192e-02 7.722901646047830582e-03 5.775315314531326294e-02 1.643955893814563751e-02 3.441385179758071899e-02 5.635194852948188782e-02 1.784130930900573730e-02 2.515636570751667023e-02 3.817338496446609497e-02 1.420516800135374069e-02 5.619281437247991562e-03 4.791183024644851685e-02 1.534579880535602570e-02 1.496784854680299759e-02 3.398110717535018921e-02 7.177570462226867676e-02 2.518555847927927971e-04 1.495953463017940521e-02 7.179911248385906219e-03
1.576295047998428345e-01 1.168934255838394165e-01 2.610017918050289154e-02 6.585009396076202393e-02 2.006676606833934784e-02 1.289700120687484741e-01 1.610081791877746582e-01 6.621328741312026978e-02 6.717786192893981934e-03 2.531944401562213898e-02 1.401329040527343750e-01 5.130888149142265320e-02 1.139727830886840820e-01 4.431790113449096680e-02 2.440315857529640198e-02 7.929096370935440063e-02 2.083626389503479004e-02 4.143875837326049805e-02 9.223695844411849976e-03 5.126398988068103790e-03 3.058799728751182556e-02 9.490392170846462250e-03 2.509044855833053589e-02 4.716655239462852478e-02 2.783164754509925842e-02 7.998169894563034177e-05 4.867865238338708878e-03 4.141514375805854797e-02 3.632105188444256783e-03 1.638850010931491852e-02 4.904983937740325928e-02 5.400195345282554626e-02 6.515376269817352295e-03 1.589954644441604614e-02 3.144067153334617615e-02 4.266558587551116943e-02 7.288487628102302551e-03 2.029961533844470978e-02 3.250668942928314209e-02 2.553126774728298187e-02 8.824677020311355591e-02 4.120010137557983398e-02 8.576110936701297760e-03 4.747594520449638367e-02 5.365017335861921310e-03 3.856201469898223877e-02 7.901103049516677856e-02 3.408358246088027954e-02 5.354333203285932541e-03 1.084800157696008682e-02 2.289122715592384338e-02 3.636084496974945068e-02 2.189598046243190765e-02 4.585243389010429382e-02 1.319884136319160461e-02 3.446594625711441040e-02 2.287444286048412323e-02 1.504784170538187027e-02 6.846918840892612934e-04 8.127816952764987946e-03 4.265573248267173767e-02 7.123698014765977859e-03 4.257164150476455688e-02 4.774500057101249695e-02 2.561631612479686737e-02 1.679440401494503021e-02 6.317348219454288483e-03 3.724168241024017334e-02 7.286915089935064316e-03 2.615768648684024811e-02 8.718878030776977539e-03 4.542745649814605713e-03 5.316124856472015381e-02 2.643314935266971588e-02 6.198539957404136658e-02 2.549280971288681030e-02 1.670762337744235992e-02 3.732003644108772278e-02 2.976956032216548920e-02 1.387661788612604141e-02 1.136108580976724625e-02 5.242616310715675354e-02 4.201994836330413818e-02 2.068911679089069366e-02 3.286328911781311035e-02 5.936436355113983154e-02 3.215382248163223267e-02 1.740967854857444763e-02 1.968966424465179443e-02 9.513549157418310642e-04 1.099017355591058731e-02 3.875124454498291016e-02 3.293297067284584045e-02 2.249112352728843689e-02 4.552226513624191284e-02 1.203035819344222546e-03 3.394501283764839172e-02 1.444445271044969559e-02 9.091199375689029694e-03 1.246729958802461624e-02 3.517024964094161987e-02 7.227902766317129135e-03 9.632490575313568115e-03 1.694443635642528534e-02 9.146803058683872223e-03 9.325326420366764069e-03 4.333511739969253540e-02 2.259796485304832458e-02 2.302541397511959076e-02 2.479375526309013367e-02 1.506089698523283005e-03 8.503377437591552734e-03 4.471649229526519775e-02 2.511980943381786346e-02 5.661345552653074265e-03 1.551770884543657303e-02
1.148315072059631348e-01 1.440197974443435669e-01 2.315966784954071045e-02 4.874261096119880676e-03 3.841895842924714088e-03 1.610081791877746582e-01 1.828362196683883667e-01 4.364927485585212708e-02 6.692486349493265152e-03 1.284754928201436996e-02 1.132932156324386597e-01 1.466596731916069984e-03 8.764712512493133545e-02 9.396829642355442047e-03 2.110947482287883759e-02 4.886504262685775757e-02 1.796323806047439575e-02 2.467499673366546631e-02 2.050416544079780579e-02 2.548335678875446320e-02 1.561768352985382080e-02 1.742889289744198322e-03 3.617125004529953003e-02 1.574468053877353668e-02 2.000318467617034912e-02 1.568832620978355408e-02 3.755744174122810364e-02 2.261109463870525360e-02 4.417502507567405701e-02 1.624061167240142822e-02 2.673207968473434448e-02 3.444542363286018372e-02 4.750220477581024170e-02 3.667845949530601501e-02 1.256990828551352024e-03 1.965705119073390961e-02 8.949857205152511597e-03 5.710338428616523743e-02 7.805166766047477722e-03 1.631836872547864914e-03 3.231729939579963684e-02 1.953305490314960480e-02 6.515957880765199661e-03 3.365132957696914673e-03 7.864882238209247589e-03 6.603795103728771210e-03 2.441998803988099098e-03 1.643355786800384521e-01 1.793231628835201263e-02 3.344126418232917786e-02 1.152522116899490356e-02 2.049899287521839142e-02 4.993451759219169617e-02 1.565928570926189423e-02 2.220969833433628082e-02 2.032047696411609650e-02 5.401662550866603851e-03 9.502185508608818054e-03 4.217584058642387390e-02 4.659147001802921295e-03 2.903039101511240005e-03 1.164016220718622208e-02 6.946338713169097900e-02 1.000891905277967453e-02 3.500612825155258179e-02 2.528805471956729889e-02 3.582465462386608124e-03 3.889685124158859253e-02 1.092277653515338898e-02 9.663590230047702789e-03 1.793018355965614319e-02 1.017975248396396637e-02 1.162136625498533249e-02 2.543992828577756882e-03 1.172474306076765060e-02 2.844532020390033722e-02 1.520432252436876297e-02 2.918388461694121361e-03 1.880397833883762360e-02 2.886739792302250862e-03 9.576429612934589386e-03 4.873296618461608887e-02 1.762100495398044586e-02 3.208730369806289673e-03 3.674930334091186523e-02 5.126168020069599152e-03 3.720435500144958496e-02 2.804270572960376740e-02 1.053184494376182556e-01 3.224125877022743225e-02 4.284764453768730164e-02 9.832412004470825195e-02 1.359343677759170532e-01 2.753513120114803314e-02 3.822803869843482971e-02 1.076815929263830185e-02 1.609042473137378693e-02 4.075279831886291504e-02 2.645877003669738770e-02 1.769265905022621155e-02 1.439828891307115555e-02 2.933982014656066895e-02 3.220288082957267761e-02 7.330697495490312576e-03 6.496891728602349758e-04 6.451695691794157028e-03 2.511869743466377258e-02 1.708283461630344391e-02 1.861996133811771870e-03 1.999288611114025116e-02 2.285291813313961029e-02 2.912003919482231140e-02 3.187758475542068481e-02 1.490943972021341324e-02 1.423929166048765182e-02 1.665855199098587036e-02
4.437387734651565552e-02 2.149755880236625671e-02 1.910193115472793579e-01 4.963228851556777954e-02 8.616293221712112427e-02 6.621328741312026978e-02 4.364927485585212708e-02 1.566886007785797119e-01 3.631966933608055115e-02 2.373344451189041138e-02 1.238309685140848160e-02 5.483850836753845215e-02 3.540063276886940002e-02 2.062721736729145050e-02 9.715702384710311890e-02 6.316557526588439941e-02 4.712754115462303162e-02 1.901304785860702395e-04 2.113041467964649200e-03 8.399356156587600708e-02 2.732591237872838974e-03 1.547688152641057968e-03 3.720827866345643997e-03 2.402766421437263489e-02 8.488899096846580505e-03 3.394269198179244995e-02 5.521794781088829041e-03 3.333773929625749588e-03 1.933456584811210632e-02 1.080147176980972290e-02 5.296374112367630005e-02 2.987657301127910614e-02 4.835125803947448730e-02 7.248453050851821899e-02 3.220668062567710876e-02 1.178572606295347214e-02 4.464808106422424316e-02 7.377396523952484131e-02 2.929752692580223083e-02 4.423017427325248718e-02 2.326458692550659180e-02 2.533320523798465729e-02 5.739147309213876724e-04 2.348386682569980621e-02 5.135532468557357788e-02 4.701497778296470642e-02 6.456030905246734619e-02 8.288839459419250488e-02 3.173426166176795959e-02 1.563490182161331177e-02 3.704804182052612305e-02 5.739871785044670105e-02 5.983419716358184814e-02 5.665029957890510559e-02 7.865472580306231976e-04 1.549030467867851257e-02 2.184988372027873993e-02 2.017040923237800598e-02 5.459618754684925079e-03 1.567000144859775901e-04 2.227536961436271667e-02 6.945324712432920933e-04 2.710180915892124176e-02 2.101174369454383850e-02 4.859691113233566284e-02 1.168188988231122494e-03 1.522951107472181320e-02 3.218700364232063293e-02 2.678747102618217468e-02 6.603622809052467346e-03 1.362168136984109879e-02 1.005447655916213989e-02 3.931484743952751160e-02 6.696011871099472046e-03 1.289912499487400055e-02 4.863595962524414062e-02 1.937870308756828308e-02 3.272643778473138809e-03 3.927491605281829834e-02 4.233938641846179962e-03 1.525429934263229370e-01 1.368933022022247314e-01 2.572638913989067078e-02 8.040366228669881821e-04 1.147644594311714172e-02 2.532985247671604156e-02 1.373537331819534302e-01 6.248171627521514893e-02 1.979152671992778778e-02 3.510092571377754211e-02 4.082311317324638367e-02 2.054256200790405273e-02 8.508770912885665894e-02 8.771407301537692547e-04 5.280591920018196106e-02 1.914837025105953217e-02 3.664036467671394348e-02 2.897424157708883286e-03 4.232349246740341187e-02 7.550198584794998169e-02 2.714824303984642029e-02 4.486872255802154541e-02 2.752086333930492401e-02 2.145582251250743866e-02 4.484748840332031250e-02 1.331025548279285431e-02 6.509454548358917236e-02 4.492037743330001831e-02 8.301818370819091797e-02 4.014962760265916586e-04 7.959324866533279419e-03 2.345575951039791107e-02 1.609180122613906860e-02 3.765976056456565857e-02 4.395682364702224731e-02 2.764825522899627686e-02
1.234831754118204117e-02 3.125137835741043091e-02 2.198485424742102623e-03 1.686211489140987396e-02 2.952956594526767731e-02 6.717786192893981934e-03 6.692486349493265152e-03 3.631966933608055115e-02 1.365069895982742310e-01 8.011241257190704346e-02 2.246206067502498627e-02 5.351232364773750305e-02 5.141321104019880295e-03 4.585793986916542053e-02 2.074658684432506561e-02 5.570615082979202271e-02 3.263631463050842285e-02 1.406568586826324463e-01 8.167388290166854858e-02 1.158559788018465042e-02 5.343010649085044861e-02 2.788380719721317291e-02 5.759471282362937927e-02 3.965352475643157959e-02 4.175340384244918823e-02 4.077339544892311096e-03 2.993891201913356781e-02 9.010161273181438446e-03 1.607738435268402100e-02 5.720514059066772461e-02 9.019145742058753967e-03 4.690764471888542175e-02 2.267558686435222626e-02 5.169828981161117554e-02 4.133264347910881042e-02 2.813619934022426605e-02 2.290870249271392822e-02 2.504820190370082855e-02 1.403429172933101654e-02 8.891561883501708508e-04 2.083898521959781647e-02 8.344177901744842529e-02 2.396625652909278870e-02 4.087575711309909821e-03 1.073010824620723724e-02 6.824750453233718872e-03 2.323471271665766835e-04 2.015845477581024170e-02 8.580742776393890381e-02 2.160696499049663544e-02 3.696680441498756409e-02 6.981892138719558716e-02 1.338902302086353302e-02 3.400452435016632080e-02 9.994879364967346191e-02 2.300966531038284302e-02 3.375643398612737656e-03 8.736049756407737732e-03 2.338315546512603760e-02 2.789950184524059296e-02 5.947208846919238567e-04 4.572445899248123169e-02 3.729996085166931152e-02 2.535329945385456085e-02 2.702689729630947113e-03 2.268267795443534851e-02 3.137815743684768677e-02 1.721407286822795868e-02 7.558204978704452515e-02 5.931153520941734314e-02 1.956389052793383598e-03 4.062122851610183716e-02 4.571651667356491089e-02 2.500779367983341217e-02 7.001263555139303207e-03 8.343338966369628906e-02 1.442984789609909058e-01 7.933087646961212158e-03 8.455233275890350342e-02 8.580195717513561249e-03 2.346758171916007996e-02 5.811986979097127914e-03 3.532593604177236557e-03 5.326049402356147766e-02 7.362972944974899292e-02 3.354052826762199402e-02 3.193318843841552734e-03 1.987401861697435379e-03 2.989605069160461426e-02 2.179451053962111473e-03 3.569252789020538330e-02 1.938813552260398865e-02 1.144012901932001114e-02 2.804925106465816498e-02 5.001739040017127991e-02 2.518293447792530060e-02 2.309490740299224854e-02 8.263222128152847290e-02 8.866060525178909302e-02 3.554207831621170044e-02 1.058049127459526062e-02 1.132794003933668137e-02 3.928282856941223145e-02 5.859882105141878128e-03 5.127489566802978516e-02 1.178657294076401740e-05 1.014345604926347733e-02 8.934830874204635620e-02 1.270767115056514740e-02 4.514111578464508057e-02 2.191730961203575134e-02 2.836927305907011032e-03 2.878873795270919800e-02 3.485984727740287781e-02 5.424264445900917053e-02 5.067684873938560486e-02
1.784286275506019592e-02 1.571708917617797852e-02 1.275801938027143478e-02 2.569144032895565033e-02 1.740683428943157196e-02 2.531944401562213898e-02 1.284754928201436996e-02 2.373344451189041138e-02 8.011241257190704346e-02 1.316387653350830078e-01 1.111471676267683506e-03 4.365624114871025085e-02 2.300831675529479980e-02 8.515797555446624756e-02 6.659162789583206177e-02 1.628780970349907875e-03 6.844702363014221191e-02 4.834364727139472961e-02 1.244533434510231018e-01 3.772289678454399109e-02 1.557805202901363373e-02 4.973297938704490662e-02 1.566488412208855152e-03 5.132678896188735962e-02 1.110266777686774731e-03 3.331782994791865349e-03 3.523324802517890930e-02 8.588725700974464417e-03 3.321475908160209656e-02 1.550100184977054596e-02 7.409618794918060303e-02 1.248859241604804993e-02 5.828024819493293762e-02 2.847934514284133911e-02 3.882916271686553955e-02 7.261333521455526352e-03 3.532517002895474434e-03 3.446086496114730835e-02 3.449464589357376099e-02 3.532088175415992737e-02 7.643551379442214966e-02 1.418370194733142853e-02 1.265996787697076797e-02 9.207468479871749878e-02 3.871901193633675575e-03 8.290244638919830322e-02 1.515528373420238495e-02 2.027264051139354706e-02 2.479594573378562927e-02 7.788614835590124130e-03 2.346904948353767395e-03 1.958007365465164185e-02 3.629974555224180222e-03 2.841343730688095093e-02 1.202837564051151276e-02 3.599794209003448486e-02 2.088947035372257233e-02 5.676481500267982483e-02 1.723226346075534821e-02 1.095790695399045944e-02 4.379973933100700378e-02 5.956979095935821533e-02 3.202117979526519775e-02 5.051394924521446228e-02 2.606617473065853119e-02 3.170149028301239014e-02 6.735378410667181015e-04 1.615110225975513458e-02 6.892354786396026611e-02 2.410162612795829773e-02 2.809589914977550507e-02 1.983154565095901489e-03 5.818836018443107605e-02 7.989699952304363251e-03 1.809834357118234038e-04 1.173289772123098373e-02 4.728667438030242920e-02 8.469121158123016357e-02 2.017957903444766998e-02 5.978324636816978455e-02 3.523653000593185425e-02 1.958833821117877960e-02 2.034843899309635162e-02 1.057590991258621216e-01 5.943861790001392365e-03 3.314974531531333923e-02 3.973469510674476624e-02 7.111039757728576660e-02 3.743835166096687317e-02 1.088048890233039856e-01 1.799201220273971558e-02 4.601651802659034729e-02 8.533039130270481110e-03 1.977093890309333801e-02 4.269389063119888306e-02 2.037110738456249237e-03 1.188364345580339432e-02 2.481892518699169159e-02 1.144497748464345932e-02 1.670835912227630615e-02 3.552729496732354164e-03 1.750287599861621857e-02 1.368114352226257324e-02 8.484740741550922394e-03 1.523542776703834534e-02 2.141643874347209930e-02 2.700513787567615509e-02 4.088267683982849121e-02 1.139590609818696976e-02 4.547961801290512085e-02 2.403242513537406921e-02 6.215932313352823257e-03 3.448114544153213501e-02 5.184627138078212738e-03 2.871687151491641998e-02 5.801490321755409241e-02
2.085973620414733887e-01 9.115895628929138184e-02 3.354483097791671753e-02 2.230418100953102112e-02 5.385315790772438049e-02 1.401329040527343750e-01 1.132932156324386597e-01 1.238309685140848160e-02 2.246206067502498627e-02 1.111471676267683506e-03 1.401775628328323364e-01 8.376483805477619171e-03 1.407806426286697388e-01 1.699518179520964622e-03 1.821283251047134399e-02 2.105589769780635834e-02 2.808166667819023132e-03 1.251475140452384949e-02 3.246464580297470093e-02 1.593448221683502197e-02 8.924926631152629852e-03 7.962596416473388672e-02 3.586855903267860413e-02 4.228259995579719543e-02 1.891400851309299469e-02 9.816680103540420532e-03 8.191904425621032715e-02 1.952273212373256683e-02 3.190826100762933493e-04 2.045645192265510559e-02 6.081075966358184814e-02 3.297409042716026306e-02 7.151252776384353638e-02 1.696114614605903625e-02 3.244319185614585876e-02 2.952662482857704163e-02 2.246502088382840157e-03 2.542353980243206024e-02 9.276445023715496063e-03 1.533919107168912888e-02 1.004142686724662781e-02 2.606351114809513092e-02 1.075275149196386337e-02 8.204781264066696167e-02 4.144074395298957825e-02 2.249507233500480652e-02 5.523979291319847107e-02 2.113983407616615295e-02 1.908678933978080750e-02 2.119513228535652161e-02 3.400126006454229355e-03 5.390052217990159988e-03 1.727907359600067139e-02 2.493500150740146637e-02 3.349563851952552795e-02 1.034016627818346024e-02 1.826990954577922821e-02 1.354847662150859833e-02 2.105911029502749443e-03 2.021355554461479187e-02 5.465677753090858459e-02 1.500407513231039047e-02 6.449829787015914917e-02 7.045930624008178711e-02 4.509740322828292847e-02 1.921691745519638062e-02 6.971772294491529465e-03 2.093378221616148949e-03 8.191331289708614349e-03 1.601065136492252350e-02 1.852101273834705353e-02 4.077932983636856079e-02 2.122091315686702728e-02 2.089881151914596558e-02 9.630796499550342560e-03 2.687437226995825768e-03 4.126281663775444031e-02 1.700409501791000366e-02 2.949862554669380188e-02 1.623484678566455841e-02 5.509970709681510925e-02 7.181734591722488403e-02 1.852937787771224976e-02 2.745763771235942841e-02 8.150296285748481750e-03 3.561792150139808655e-02 5.298343673348426819e-02 1.241487264633178711e-02 1.836185157299041748e-02 8.313443511724472046e-03 2.304631471633911133e-02 7.480217516422271729e-02 3.350274637341499329e-02 5.570257455110549927e-02 1.096444856375455856e-02 3.323431685566902161e-02 4.036016762256622314e-02 1.189273688942193985e-02 3.040097071789205074e-04 4.593638330698013306e-02 9.335108101367950439e-03 4.028637334704399109e-02 1.290872320532798767e-02 1.962845399975776672e-02 1.133813709020614624e-02 5.117713008075952530e-03 5.190948024392127991e-03 1.488409936428070068e-02 1.328715123236179352e-02 4.582798853516578674e-02 1.239281846210360527e-04 1.421051938086748123e-02 1.414611469954252243e-02 4.260744899511337280e-02 1.404468901455402374e-02 2.326987683773040771e-02
1.994223333895206451e-02 2.315120026469230652e-02 9.503926150500774384e-03 1.140834856778383255e-02 2.990540675818920135e-02 5.130888149142265320e-02 1.466596731916069984e-03 5.483850836753845215e-02 5.351232364773750305e-02 4.365624114871025085e-02 8.376483805477619171e-03 1.151804924011230469e-01 2.280081808567047119e-02 1.270020157098770142e-01 4.558411613106727600e-02 9.161157533526420593e-03 1.301564741879701614e-02 2.919840067625045776e-02 1.213449891656637192e-02 1.217445824295282364e-02 1.269529201090335846e-02 1.935742422938346863e-02 5.184321478009223938e-02 2.925659529864788055e-02 4.197774827480316162e-02 3.015603683888912201e-02 1.462641078978776932e-02 9.492497146129608154e-02 4.463930428028106689e-02 7.869182527065277100e-02 5.263926088809967041e-02 1.370815187692642212e-02 1.339147146791219711e-02 4.795719310641288757e-02 9.136635810136795044e-03 4.762421548366546631e-02 7.221870124340057373e-03 2.856367081403732300e-02 5.939674377441406250e-02 4.058404639363288879e-02 2.634295076131820679e-02 8.742894046008586884e-03 4.283126443624496460e-02 2.903262898325920105e-02 9.909119457006454468e-02 3.342635184526443481e-02 5.742584913969039917e-02 5.495052412152290344e-02 1.745123416185379028e-02 2.479908987879753113e-02 3.888341411948204041e-02 1.958149857819080353e-02 2.510433644056320190e-02 2.675556577742099762e-02 6.665133684873580933e-02 5.925280507653951645e-03 1.186142303049564362e-02 1.857900246977806091e-02 3.462404757738113403e-02 4.386236891150474548e-02 5.431555956602096558e-02 3.930488228797912598e-02 1.230488717555999756e-02 6.268949247896671295e-03 5.677560809999704361e-03 1.308784447610378265e-02 2.027538418769836426e-02 1.314835064113140106e-02 3.040260821580886841e-02 4.274298250675201416e-02 6.088808923959732056e-02 3.619945049285888672e-02 2.015591226518154144e-02 2.744832262396812439e-02 2.369138039648532867e-02 4.598574340343475342e-02 2.442038990557193756e-02 4.104509949684143066e-02 8.026137202978134155e-02 3.961444646120071411e-02 1.899068988859653473e-02 6.073801964521408081e-02 1.710807264316827059e-04 2.872847393155097961e-02 3.760436549782752991e-03 7.892025634646415710e-03 3.083454817533493042e-02 2.477841451764106750e-02 1.886873506009578705e-02 6.997728347778320312e-02 3.449086472392082214e-02 3.982688300311565399e-03 9.893949143588542938e-03 3.902041818946599960e-03 2.582019194960594177e-02 1.597454212605953217e-02 2.297037839889526367e-02 6.291008740663528442e-02 1.968147978186607361e-02 1.098245289176702499e-02 3.735765581950545311e-03 1.604811474680900574e-02 1.012001745402812958e-02 4.917373508214950562e-02 4.806566052138805389e-03 8.352588862180709839e-03 4.363003186881542206e-03 4.960845038294792175e-02 5.167947150766849518e-03 4.471823945641517639e-02 2.826999872922897339e-02 2.443759702146053314e-02 4.387249797582626343e-02 6.119716167449951172e-02 3.720222413539886475e-02 1.343902386724948883e-02
1.496956199407577515e-01 1.266702711582183838e-01 4.965844098478555679e-03 1.076268614269793034e-03 2.275496348738670349e-02 1.139727830886840820e-01 8.764712512493133545e-02 3.540063276886940002e-02 5.141321104019880295e-03 2.300831675529479980e-02 1.407806426286697388e-01 2.280081808567047119e-02 1.440902054309844971e-01 2.619888819754123688e-02 2.592939138412475586e-02 7.879605516791343689e-03 3.508219867944717407e-02 2.521168626844882965e-02 2.506725722923874855e-03 3.033919073641300201e-02 3.263835608959197998e-02 3.559315204620361328e-02 2.965137735009193420e-02 2.464977279305458069e-02 2.276143990457057953e-03 1.381193660199642181e-02 8.057238534092903137e-03 1.287593040615320206e-02 1.624728552997112274e-02 2.465836331248283386e-02 1.837252266705036163e-02 2.790029719471931458e-02 1.057911664247512817e-02 8.020346052944660187e-03 2.609420195221900940e-02 2.330387569963932037e-02 3.913059830665588379e-02 3.446567058563232422e-02 3.032374195754528046e-02 2.972988225519657135e-02 3.642197465524077415e-03 1.825091312639415264e-03 1.271636318415403366e-02 1.857077516615390778e-02 1.593565382063388824e-02 2.264129696413874626e-03 7.715448737144470215e-02 2.869339846074581146e-02 2.228301391005516052e-02 4.813084006309509277e-02 4.797833040356636047e-03 3.457964956760406494e-02 1.777608133852481842e-02 2.808188833296298981e-02 3.026718040928244591e-03 1.745315454900264740e-02 3.042288823053240776e-03 4.381557926535606384e-03 4.558276757597923279e-02 5.018754303455352783e-02 7.023307029157876968e-03 2.264150232076644897e-02 4.658877104520797729e-02 4.282911121845245361e-02 1.386665645986795425e-02 9.425075352191925049e-02 3.250316157937049866e-02 1.639644615352153778e-02 2.702526375651359558e-02 4.429162479937076569e-03 1.250143721699714661e-02 3.411665186285972595e-02 2.145611913874745369e-03 1.478819455951452255e-02 3.687872784212231636e-03 2.917755581438541412e-02 1.137960236519575119e-02 5.853693466633558273e-03 1.530610024929046631e-02 3.650885820388793945e-02 1.359176263213157654e-02 8.153314702212810516e-04 1.499246060848236084e-02 3.615972772240638733e-02 1.134272851049900055e-02 2.998491935431957245e-02 9.484101319685578346e-04 2.334772609174251556e-02 4.577595368027687073e-02 1.093703904189169407e-03 8.347773924469947815e-03 2.960205450654029846e-02 1.297527737915515900e-02 3.765451163053512573e-02 2.804340049624443054e-02 3.500113030895590782e-03 1.002476923167705536e-02 4.593925178050994873e-02 2.238302119076251984e-02 4.372711852192878723e-02 9.250695002265274525e-04 1.007250417023897171e-02 5.252515431493520737e-03 8.210913278162479401e-03 8.253664709627628326e-03 1.497804932296276093e-02 2.536036632955074310e-02 6.323304492980241776e-03 3.614855557680130005e-02 5.807380075566470623e-04 1.018651109188795090e-02 1.657766848802566528e-02 2.686569001525640488e-03 5.406662449240684509e-02 3.524587955325841904e-03 1.362329442054033279e-02
