2.999557554721832275e-01 1.958992332220077515e-01 5.335991270840167999e-03 9.619669988751411438e-03 2.024184726178646088e-02 1.267383247613906860e-01 1.184160932898521423e-01 1.797486655414104462e-02 1.216574673890136182e-04 3.462614491581916809e-03 1.506053209304809570e-01 1.693064719438552856e-02 1.563870012760162354e-01 5.067984387278556824e-02 1.001275330781936646e-01 1.939636771567165852e-03 3.874494927003979683e-03 3.248380497097969055e-03 2.685275487601757050e-02 4.629697185009717941e-03 1.716037839651107788e-02 3.523232787847518921e-02 7.353351917117834091e-03 1.140586659312248230e-02 8.916553109884262085e-03 2.841518726199865341e-03 3.098965995013713837e-02 4.027197882533073425e-02 3.487792238593101501e-02 3.613676410168409348e-03 4.992060735821723938e-02 4.770535044372081757e-03 1.916318386793136597e-02 1.940608397126197815e-02 2.116897702217102051e-02 3.467562049627304077e-02 6.180964410305023193e-02 2.901545725762844086e-02 2.720094472169876099e-02 6.857395637780427933e-04 6.581861060112714767e-03 1.156687829643487930e-02 1.548571698367595673e-02 1.615993864834308624e-02 5.195134878158569336e-02 4.447349905967712402e-02 8.800493180751800537e-02 4.960646480321884155e-02 3.484746068716049194e-02 4.123982414603233337e-02 9.851562976837158203e-02 1.725690811872482300e-02 1.322180684655904770e-02 2.267198450863361359e-02 1.466752961277961731e-02 1.589324697852134705e-02 3.489214181900024414e-02 1.416512113064527512e-02 6.853890139609575272e-03 1.179631799459457397e-02 1.479987055063247681e-02 3.044200688600540161e-02 3.156792372465133667e-02 3.274395316839218140e-02 1.823625154793262482e-02 3.778055310249328613e-02 7.059267722070217133e-03 1.694919541478157043e-02 1.620074966922402382e-03 9.951717220246791840e-03 1.139529608190059662e-02 4.330356791615486145e-02 1.868730993010103703e-03 4.961084574460983276e-02 5.342964548617601395e-03 5.708623677492141724e-02 7.760307285934686661e-03 1.331801526248455048e-02 5.775016546249389648e-02 4.160024225711822510e-02 1.870578899979591370e-02 2.425068430602550507e-02 6.456246599555015564e-03 2.107532881200313568e-02 4.607479274272918701e-02 1.956679858267307281e-02 2.965332381427288055e-02 3.434212505817413330e-02 3.256997838616371155e-02 5.357015412300825119e-03 1.134039536118507385e-01 7.991124875843524933e-03 5.975763127207756042e-02 8.898270316421985626e-03 5.384379997849464417e-03 1.780646666884422302e-02 6.354952603578567505e-02 2.535896748304367065e-02 3.040065057575702667e-02 6.741572637110948563e-03 1.026070397347211838e-02 5.756978876888751984e-03 2.225595153868198395e-02 1.399022061377763748e-02 2.307487186044454575e-03 9.958500973880290985e-03 7.355547510087490082e-03 3.415871411561965942e-02 2.224989235401153564e-03 4.237142205238342285e-02 7.854140130802989006e-05 2.029873244464397430e-02 1.395820360630750656e-02 2.918310463428497314e-02 6.134787574410438538e-02 1.902116648852825165e-02
1.958992332220077515e-01 3.093298375606536865e-01 1.050543598830699921e-02 2.729502506554126740e-02 4.636603221297264099e-02 1.661375761032104492e-01 1.782600879669189453e-01 6.930754519999027252e-03 8.002553135156631470e-03 3.386555984616279602e-02 1.209218949079513550e-01 1.692209206521511078e-02 1.478522717952728271e-01 5.882016941905021667e-02 6.703266501426696777e-02 4.631355870515108109e-03 5.208187736570835114e-03 1.266132388263940811e-02 2.511933073401451111e-02 2.795933559536933899e-02 7.474330812692642212e-02 5.626500584185123444e-03 3.196835890412330627e-02 2.107397466897964478e-02 1.652834936976432800e-02 2.346324361860752106e-02 7.160624116659164429e-02 2.162998728454113007e-02 6.603892147541046143e-02 2.264700457453727722e-02 6.456617265939712524e-02 5.372749175876379013e-03 1.247374154627323151e-02 2.980173565447330475e-02 1.012930367141962051e-02 9.693852043710649014e-04 4.822087660431861877e-02 1.383640104904770851e-03 7.390405982732772827e-03 2.819682471454143524e-02 1.599135622382164001e-02 1.673481310717761517e-04 2.354313619434833527e-02 9.177649393677711487e-03 3.185323625802993774e-02 2.631395496428012848e-02 7.717263698577880859e-02 7.993290573358535767e-02 1.724302396178245544e-02 5.535407364368438721e-02 1.155357882380485535e-01 2.541841007769107819e-02 1.285739336162805557e-02 1.662728376686573029e-02 1.189421117305755615e-02 4.022872820496559143e-02 3.166788443922996521e-02 9.951347485184669495e-03 1.697850762866437435e-03 5.031553562730550766e-03 2.986268838867545128e-03 2.879434451460838318e-02 1.961819268763065338e-02 3.414904326200485229e-02 1.277240179479122162e-02 3.959397971630096436e-02 1.730236224830150604e-03 3.381448984146118164e-02 2.226699329912662506e-02 3.080904670059680939e-02 1.025198027491569519e-02 4.183835163712501526e-02 1.989173889160156250e-02 3.284007310867309570e-02 2.341234311461448669e-02 2.941489592194557190e-02 1.519020646810531616e-02 1.260202471166849136e-02 5.822625011205673218e-02 3.856372321024537086e-03 2.764773741364479065e-02 2.231498435139656067e-02 1.777370832860469818e-02 1.586834155023097992e-02 5.409358441829681396e-02 7.368466351181268692e-03 1.523368060588836670e-02 2.682682313024997711e-02 1.786030083894729614e-02 3.235774580389261246e-03 7.680894434452056885e-02 1.247474644333124161e-02 7.448913902044296265e-02 7.947745732963085175e-03 3.888299316167831421e-02 5.213801283389329910e-03 4.763863049447536469e-03 2.243354683741927147e-03 7.160270586609840393e-03 1.603778265416622162e-02 3.076370432972908020e-02 6.592096295207738876e-03 1.629486307501792908e-02 1.579368859529495239e-02 1.224426366388797760e-02 1.504845544695854187e-02 1.172057911753654480e-02 1.419189479202032089e-02 9.596117772161960602e-03 2.640212140977382660e-02 7.585666142404079437e-03 2.606969326734542847e-02 2.365742251276969910e-02 1.671334542334079742e-02 5.815938860177993774e-02 1.838493719696998596e-02
5.335991270840167999e-03 1.050543598830699921e-02 1.544610112905502319e-01 5.727935116738080978e-03 2.953912317752838135e-02 4.552158061414957047e-04 3.766955109313130379e-03 9.959028661251068115e-02 2.183248847723007202e-02 2.695347554981708527e-02 1.927842572331428528e-02 1.124981604516506195e-02 2.388138324022293091e-02 2.471461333334445953e-02 2.603146247565746307e-02 1.844104006886482239e-02 1.370236184448003769e-02 3.424284979701042175e-02 2.827915363013744354e-02 2.295218966901302338e-02 1.583159528672695160e-02 1.220690738409757614e-02 3.949723392724990845e-02 3.383811563253402710e-02 1.193329691886901855e-02 2.695392817258834839e-03 5.730063095688819885e-02 2.360727451741695404e-02 2.068841084837913513e-02 4.041770938783884048e-03 2.256134152412414551e-02 1.373747363686561584e-02 8.208643645048141479e-03 2.041384950280189514e-02 6.832932122051715851e-03 2.029929123818874359e-02 3.725324058905243874e-03 3.339036926627159119e-02 1.001400407403707504e-02 2.166318939998745918e-03 3.300930932164192200e-02 5.317879375070333481e-03 4.772239178419113159e-02 4.830351471900939941e-02 7.878214120864868164e-03 3.512919321656227112e-02 4.022572189569473267e-02 4.067181795835494995e-02 1.293925940990447998e-02 2.010331861674785614e-02 3.152919933199882507e-02 2.929108962416648865e-02 3.310250816866755486e-03 4.003180656582117081e-03 1.151676010340452194e-02 3.206981718540191650e-02 3.941548243165016174e-02 1.418977882713079453e-02 2.776649221777915955e-02 1.964366808533668518e-02 2.495873253792524338e-03 9.687707759439945221e-03 2.708153799176216125e-03 1.046557095833122730e-03 6.169878412038087845e-03 1.930537633597850800e-02 1.929378719069063663e-03 4.767280537635087967e-03 2.690886519849300385e-02 7.377060130238533020e-03 2.271766960620880127e-02 4.784107580780982971e-02 7.499716244637966156e-03 3.954428061842918396e-02 1.184038538485765457e-02 4.576706886291503906e-02 4.430659487843513489e-02 1.454134564846754074e-02 3.619718365371227264e-03 1.407224405556917191e-02 9.732171893119812012e-02 7.022430002689361572e-02 3.892753273248672485e-02 2.534969151020050049e-02 4.155157506465911865e-02 2.689481899142265320e-02 3.539648652076721191e-02 4.504347965121269226e-02 3.269772231578826904e-02 9.509842842817306519e-03 1.672440324909985065e-03 1.803701743483543396e-02 2.650339528918266296e-02 2.445906028151512146e-02 8.389384485781192780e-03 1.270159892737865448e-02 3.641687333583831787e-02 6.771567277610301971e-03 1.668994128704071045e-02 2.364875189960002899e-02 1.960933580994606018e-02 1.666618324816226959e-02 1.139071583747863770e-02 4.503523185849189758e-02 2.701860666275024414e-02 4.296311642974615097e-03 2.784900180995464325e-02 9.902739897370338440e-03 9.048352949321269989e-03 2.723792754113674164e-02 1.315319817513227463e-02 1.104404218494892120e-02 2.425267547369003296e-02 1.422473136335611343e-02 9.282280690968036652e-03 5.082011595368385315e-02
9.619669988751411438e-03 2.729502506554126740e-02 5.727935116738080978e-03 1.978889554738998413e-01 9.261404722929000854e-02 4.448766354471445084e-03 1.879679621197283268e-03 1.327947527170181274e-02 2.016042917966842651e-02 6.065806373953819275e-03 4.084133729338645935e-02 1.287658378714695573e-04 1.379958633333444595e-02 2.696956880390644073e-02 4.273113980889320374e-02 1.698897569440305233e-03 1.018763240426778793e-02 6.261304020881652832e-02 3.469128906726837158e-02 2.981460280716419220e-02 1.770864613354206085e-02 2.371267788112163544e-02 8.003976196050643921e-03 1.411113422363996506e-03 2.316872356459498405e-03 1.142140943557024002e-02 1.452655764296650887e-03 4.219804424792528152e-03 2.290607988834381104e-02 2.534291334450244904e-02 2.433941885828971863e-02 1.886653527617454529e-02 5.850358679890632629e-02 3.276963019743561745e-03 4.512027651071548462e-02 1.683109253644943237e-02 2.631249465048313141e-02 4.594615194946527481e-03 5.773925408720970154e-02 6.195246800780296326e-02 6.455703172832727432e-03 3.178102197125554085e-03 6.596533930860459805e-04 1.273752935230731964e-02 1.465482730418443680e-02 8.444382809102535248e-03 1.580459065735340118e-02 2.302735112607479095e-02 1.557543873786926270e-04 1.747751794755458832e-02 6.999725848436355591e-02 2.744437009096145630e-02 1.806521601974964142e-02 1.161367911845445633e-02 2.614376693964004517e-02 2.558318898081779480e-03 2.817029505968093872e-02 9.932693094015121460e-03 2.732358314096927643e-02 2.816598676145076752e-02 8.259969949722290039e-02 2.763103507459163666e-02 6.221543252468109131e-02 6.482849270105361938e-02 1.338682696223258972e-02 8.478840813040733337e-03 2.055273856967687607e-03 8.719372563064098358e-03 1.537150423973798752e-02 5.459642969071865082e-03 1.006455509923398495e-03 2.345129847526550293e-02 5.024090781807899475e-02 2.022637240588665009e-02 3.173769265413284302e-02 9.459885954856872559e-02 2.729566581547260284e-02 2.303990349173545837e-02 2.343753539025783539e-02 2.451110444962978363e-02 1.607085391879081726e-02 1.352596376091241837e-02 6.131476908922195435e-02 2.867970429360866547e-02 3.175398707389831543e-02 4.445491649676114321e-04 1.311419904232025146e-02 9.401833522133529186e-04 3.620763495564460754e-02 4.645850975066423416e-03 2.360078506171703339e-02 1.817590184509754181e-02 1.499469578266143799e-02 1.041873730719089508e-02 2.198947593569755554e-02 1.130315847694873810e-02 3.441070439293980598e-03 5.622820183634757996e-02 3.269808366894721985e-02 3.209465742111206055e-02 7.311089895665645599e-03 5.922766285948455334e-04 3.316969424486160278e-02 2.550277393311262131e-03 4.286710545420646667e-02 4.486882314085960388e-02 6.803400814533233643e-03 6.148931011557579041e-02 8.866112679243087769e-03 2.386398985981941223e-02 1.879762485623359680e-02 3.841244848445057869e-03 9.798750281333923340e-03 2.092667855322360992e-04 1.587385870516300201e-02 5.570888053625822067e-03
2.024184726178646088e-02 4.636603221297264099e-02 2.953912317752838135e-02 9.261404722929000854e-02 1.992253661155700684e-01 1.417296752333641052e-02 1.505242940038442612e-02 1.780461519956588745e-02 1.713130809366703033e-02 5.123981088399887085e-02 2.564679272472858429e-02 1.868467219173908234e-02 4.136902280151844025e-03 3.018673881888389587e-02 2.748105674982070923e-02 1.073969248682260513e-02 1.169894076883792877e-02 6.522178649902343750e-02 7.051145285367965698e-02 3.499318659305572510e-02 2.688846737146377563e-02 3.052818588912487030e-02 3.282831981778144836e-02 9.439453482627868652e-03 2.432489767670631409e-02 2.467227354645729065e-02 1.737562008202075958e-02 2.720136195421218872e-02 8.082990534603595734e-03 7.635322399437427521e-03 2.081287652254104614e-02 6.072630174458026886e-03 4.101310670375823975e-02 8.934819139540195465e-03 3.959582373499870300e-02 2.002915181219577789e-02 2.508362010121345520e-02 1.376188080757856369e-02 7.617484778165817261e-02 7.961861044168472290e-02 6.890315096825361252e-03 1.305008400231599808e-02 3.604557365179061890e-03 4.600496962666511536e-03 2.353819832205772400e-02 6.557819899171590805e-03 1.369115617126226425e-02 6.126856897026300430e-03 9.610812179744243622e-03 3.106001019477844238e-02 6.521856039762496948e-02 2.492420841008424759e-03 1.918687857687473297e-02 1.956397027242928743e-04 1.524732448160648346e-02 1.175962854176759720e-03 1.464275456964969635e-02 1.269848458468914032e-02 4.228075593709945679e-02 1.438837312161922455e-02 5.703190714120864868e-02 4.883013665676116943e-02 5.147864669561386108e-02 5.911386013031005859e-02 2.916769590228796005e-04 5.714198108762502670e-03 1.166468951851129532e-02 9.755448438227176666e-03 3.355067595839500427e-02 2.082292921841144562e-02 2.491246536374092102e-02 2.508231811225414276e-02 5.910431593656539917e-02 6.875888258218765259e-02 6.683670729398727417e-02 6.054564565420150757e-02 3.425794839859008789e-02 1.543133868835866451e-03 4.402791615575551987e-03 2.050849236547946930e-02 3.431854769587516785e-03 4.821544978767633438e-03 7.536569237709045410e-02 6.533331423997879028e-02 1.695554889738559723e-02 2.312271110713481903e-02 1.325661689043045044e-02 9.346876293420791626e-03 5.697544664144515991e-02 3.154709190130233765e-02 6.385659798979759216e-03 3.964098170399665833e-02 2.526833117008209229e-02 8.638351224362850189e-03 3.339332714676856995e-02 2.574561163783073425e-02 1.502949558198451996e-02 2.775176987051963806e-02 3.187613934278488159e-02 4.901224747300148010e-03 9.481164626777172089e-03 3.397188149392604828e-03 4.558052401989698410e-03 1.684483699500560760e-02 2.491307072341442108e-02 2.409831807017326355e-02 8.132080547511577606e-03 2.241944335401058197e-02 1.220036391168832779e-02 1.009744871407747269e-02 2.984894067049026489e-02 1.787428930401802063e-02 1.122272480279207230e-02 1.824638806283473969e-02 2.296457998454570770e-02 3.338484093546867371e-02
1.267383247613906860e-01 1.661375761032104492e-01 4.552158061414957047e-04 4.448766354471445084e-03 1.417296752333641052e-02 3.380096256732940674e-01 4.310517013072967529e-01 2.791123930364847183e-03 7.967560552060604095e-03 4.326346889138221741e-02 7.900658994913101196e-02 1.336918622255325317e-01 1.431464496999979019e-02 1.624853760004043579e-01 6.661435123533010483e-03 2.403211593627929688e-02 2.311239950358867645e-02 2.877004817128181458e-02 6.096301972866058350e-02 1.311115827411413193e-02 2.142733149230480194e-02 3.846456855535507202e-02 9.707565419375896454e-03 5.381219834089279175e-02 2.885689772665500641e-02 8.575588464736938477e-03 2.386591769754886627e-02 4.946184903383255005e-02 1.494563277810811996e-02 4.637684300541877747e-02 7.132261991500854492e-02 3.578078001737594604e-02 1.485058758407831192e-02 1.361277047544717789e-02 1.912571303546428680e-02 2.448197640478610992e-02 1.729912869632244110e-02 2.347792498767375946e-02 1.149192918092012405e-02 2.526117954403162003e-03 1.572657376527786255e-02 2.063475782051682472e-03 6.851248443126678467e-02 2.030439302325248718e-02 6.510703265666961670e-02 2.698642574250698090e-02 1.752435117959976196e-01 7.739997655153274536e-02 2.557885833084583282e-03 4.161197319626808167e-02 3.986917436122894287e-02 3.775593265891075134e-02 2.204092964529991150e-02 1.694076880812644958e-02 1.865571975940838456e-04 1.932169869542121887e-02 2.190100401639938354e-02 3.299615532159805298e-02 2.499118633568286896e-02 1.188038964755833149e-03 1.101792603731155396e-02 9.826584719121456146e-03 3.463185392320156097e-03 1.782604493200778961e-02 2.801790088415145874e-02 5.132210627198219299e-02 2.339081652462482452e-02 8.488690480589866638e-03 1.335590705275535583e-02 5.717384815216064453e-02 2.276836708188056946e-02 8.211919521272648126e-06 1.337030623108148575e-02 4.465240612626075745e-02 6.652614101767539978e-03 1.357271242886781693e-02 3.569595143198966980e-02 6.316481530666351318e-02 3.491384163498878479e-02 3.859451040625572205e-02 5.128276720643043518e-02 2.745589055120944977e-02 6.873351521790027618e-03 5.909448862075805664e-02 2.167576225474476814e-03 1.964736357331275940e-02 1.059069484472274780e-02 2.408920042216777802e-02 2.689616940915584564e-02 4.709618538618087769e-02 3.594952821731567383e-02 6.241247989237308502e-03 6.309403479099273682e-02 5.013354867696762085e-02 1.811182312667369843e-02 1.235441397875547409e-02 5.465042591094970703e-02 2.281050197780132294e-03 3.715031221508979797e-02 6.597195751965045929e-03 2.048644982278347015e-02 6.618257146328687668e-03 3.697717562317848206e-02 1.547530665993690491e-02 3.867107629776000977e-02 2.251802571117877960e-02 1.555720530450344086e-02 1.497441902756690979e-02 1.181425806134939194e-02 6.785422563552856445e-02 4.546915739774703979e-02 1.503442227840423584e-02 1.829129271209239960e-02 4.264429584145545959e-02 3.810967504978179932e-02 3.196782246232032776e-02
1.184160932898521423e-01 1.782600879669189453e-01 3.766955109313130379e-03 1.879679621197283268e-03 1.505242940038442612e-02 4.310517013072967529e-01 3.767242729663848877e-01 1.209426019340753555e-02 1.304604206234216690e-02 3.461614251136779785e-02 7.160075753927230835e-02 8.324282616376876831e-02 2.820270508527755737e-02 1.305232197046279907e-01 6.390084046870470047e-03 1.367943827062845230e-02 1.883340254426002502e-02 2.072087489068508148e-02 6.594258546829223633e-02 1.406058762222528458e-02 5.306634120643138885e-03 3.176674991846084595e-02 1.071027945727109909e-02 4.061842337250709534e-02 1.301813218742609024e-02 9.386084042489528656e-03 3.573503345251083374e-02 1.119245495647192001e-02 6.623580120503902435e-03 4.855576902627944946e-02 5.401905998587608337e-02 3.947050869464874268e-02 1.056964416056871414e-02 1.215357519686222076e-02 1.606777124106884003e-02 2.357790246605873108e-02 1.041315030306577682e-02 1.321671716868877411e-02 4.313819576054811478e-03 9.620583616197109222e-03 4.167008399963378906e-02 4.837220907211303711e-02 3.370598331093788147e-02 1.544298604130744934e-02 1.004157140851020813e-01 2.917721867561340332e-02 1.653428673744201660e-01 2.171333283185958862e-01 6.054415367543697357e-03 2.444364875555038452e-02 2.206310257315635681e-02 3.487189067527651787e-03 4.512972664088010788e-03 2.921152487397193909e-02 3.478648373857140541e-03 2.124728402122855186e-03 6.910786032676696777e-04 2.620615065097808838e-02 4.634731914848089218e-03 1.880370453000068665e-02 9.095367277041077614e-04 1.883330754935741425e-02 2.465272322297096252e-02 1.395846903324127197e-02 4.527324810624122620e-02 6.627032160758972168e-02 1.771146990358829498e-02 6.615004502236843109e-03 1.676409877836704254e-02 1.740077137947082520e-02 2.112760022282600403e-02 6.023440510034561157e-02 6.008164025843143463e-03 2.950792387127876282e-02 1.987534947693347931e-02 4.762988910079002380e-02 2.275499142706394196e-02 3.243387117981910706e-02 6.579364184290170670e-03 3.549991175532341003e-02 3.043607575818896294e-03 3.351535648107528687e-02 3.073493484407663345e-03 5.583927407860755920e-02 8.250100538134574890e-03 2.244603075087070465e-02 9.227233007550239563e-03 1.317442487925291061e-02 1.230010762810707092e-02 1.483484823256731033e-02 4.214142262935638428e-02 7.022597361356019974e-03 4.028792958706617355e-03 5.105306208133697510e-02 5.930092651396989822e-03 1.467342488467693329e-02 2.567164786159992218e-02 3.612253814935684204e-02 6.712009664624929428e-03 9.553519077599048615e-03 6.381273735314607620e-03 1.146151102147996426e-03 3.649129718542098999e-02 6.228435784578323364e-02 1.060639321804046631e-02 6.331343669444322586e-03 1.749248988926410675e-02 2.841368084773421288e-03 1.110942685045301914e-03 4.942236095666885376e-02 8.598729618825018406e-04 3.337238729000091553e-02 2.413882501423358917e-02 1.714022643864154816e-02 4.794018343091011047e-02 7.766709476709365845e-02
1.797486655414104462e-02 6.930754519999027252e-03 9.959028661251068115e-02 1.327947527170181274e-02 1.780461519956588745e-02 2.791123930364847183e-03 1.209426019340753555e-02 1.643169522285461426e-01 1.554419565945863724e-02 1.832182519137859344e-02 4.466013982892036438e-02 1.028188224881887436e-02 4.500727355480194092e-02 1.180826500058174133e-02 1.335748881101608276e-01 4.888832103461027145e-03 6.968654692173004150e-03 4.706008825451135635e-03 4.622147418558597565e-03 3.938035294413566589e-02 3.664133697748184204e-02 3.816904127597808838e-02 1.377646811306476593e-02 2.103797532618045807e-02 1.207164255902171135e-03 2.961197309195995331e-02 3.578891977667808533e-02 5.368542298674583435e-02 2.844813466072082520e-02 4.343418031930923462e-02 2.576611749827861786e-02 2.844452857971191406e-03 2.436573803424835205e-02 1.874581351876258850e-02 1.647615805268287659e-02 8.467803150415420532e-02 6.261946260929107666e-02 2.072871662676334381e-02 9.907311759889125824e-03 2.043270505964756012e-02 2.590879239141941071e-02 4.864918068051338196e-03 3.471937030553817749e-03 1.468588970601558685e-02 2.693870663642883301e-02 1.654983125627040863e-02 8.145250380039215088e-03 1.541251689195632935e-02 1.030163560062646866e-02 2.229158394038677216e-02 1.929835602641105652e-02 1.035968139767646790e-01 2.240452356636524200e-02 4.232583567500114441e-02 4.506802186369895935e-03 1.509392447769641876e-02 1.909371465444564819e-02 1.429845299571752548e-02 9.806826710700988770e-03 5.800538230687379837e-03 1.792221330106258392e-02 5.936254165135324001e-04 2.901232801377773285e-02 4.606724902987480164e-02 8.006541058421134949e-03 1.718959212303161621e-02 1.140630105510354042e-03 4.264502786099910736e-03 1.487592514604330063e-02 6.023054197430610657e-02 1.450614910572767258e-02 1.547831762582063675e-02 1.137058809399604797e-02 1.805294677615165710e-02 9.118393063545227051e-03 5.910469591617584229e-02 1.346475444734096527e-02 1.657493039965629578e-02 6.902047246694564819e-02 8.210319094359874725e-03 1.032786145806312561e-01 1.310638189315795898e-01 1.364952512085437775e-02 1.762744411826133728e-02 3.843956068158149719e-02 1.917639980092644691e-03 6.374227255582809448e-02 9.961242973804473877e-02 5.859219469130039215e-03 1.653365604579448700e-02 7.517971843481063843e-02 2.240678295493125916e-03 7.111661601811647415e-03 2.491795644164085388e-02 4.077019169926643372e-02 3.315576910972595215e-02 4.418585449457168579e-02 2.250369451940059662e-02 8.046597242355346680e-03 5.339004565030336380e-04 1.137324422597885132e-02 1.189237274229526520e-02 1.867979019880294800e-02 1.566243171691894531e-02 2.363077178597450256e-02 2.108734101057052612e-02 3.915172070264816284e-02 2.734956331551074982e-02 1.943620480597019196e-02 1.276490464806556702e-02 3.257901966571807861e-02 4.599168524146080017e-02 6.267771124839782715e-03 2.138381265103816986e-02 1.437149010598659515e-02 3.974701464176177979e-02
1.216574673890136182e-04 8.002553135156631470e-03 2.183248847723007202e-02 2.016042917966842651e-02 1.713130809366703033e-02 7.967560552060604095e-03 1.304604206234216690e-02 1.554419565945863724e-02 2.210830599069595337e-01 7.900281995534896851e-02 3.684308007359504700e-02 3.633239120244979858e-02 2.368508838117122650e-02 7.520863786339759827e-03 3.508275374770164490e-03 4.284384474158287048e-02 4.464741796255111694e-02 3.318189829587936401e-02 2.926911227405071259e-02 3.761860076338052750e-03 3.837079927325248718e-02 1.234167441725730896e-02 3.469142317771911621e-02 3.512195497751235962e-02 4.736373666673898697e-03 1.067575765773653984e-03 1.224111020565032959e-02 7.545289117842912674e-03 1.344712078571319580e-02 5.883488338440656662e-03 1.781651750206947327e-02 1.649004966020584106e-02 8.246937766671180725e-03 6.442570593208074570e-03 1.078667235560715199e-03 1.257302821613848209e-03 2.869347343221306801e-03 6.673981994390487671e-02 2.243517525494098663e-02 1.603290252387523651e-02 8.859634399414062500e-03 3.490122407674789429e-02 3.257000073790550232e-02 1.226865686476230621e-02 7.038815319538116455e-02 3.576057404279708862e-02 8.121231570839881897e-03 5.109997093677520752e-02 4.887067154049873352e-02 5.134725943207740784e-02 2.830130979418754578e-02 5.915132164955139160e-02 1.234364230185747147e-02 2.032656595110893250e-02 5.737920850515365601e-02 5.127403512597084045e-02 1.894912496209144592e-02 2.426476031541824341e-02 1.847041398286819458e-02 2.010801620781421661e-02 1.977176219224929810e-02 2.116793952882289886e-02 1.245515048503875732e-02 3.656282322481274605e-03 5.632985383272171021e-03 2.998144552111625671e-02 1.439290703274309635e-03 1.296385424211621284e-03 7.663089781999588013e-02 9.085165336728096008e-03 5.752843990921974182e-02 1.754398271441459656e-02 3.619065880775451660e-02 3.528918325901031494e-02 3.789921104907989502e-02 3.488522395491600037e-02 9.684284776449203491e-02 4.972714930772781372e-02 7.246372103691101074e-02 2.595683559775352478e-02 2.144486084580421448e-02 9.129436686635017395e-03 5.490180477499961853e-02 4.261755943298339844e-02 3.378926590085029602e-02 3.471535816788673401e-02 6.740027572959661484e-03 5.813437048345804214e-03 3.559257090091705322e-02 7.326481863856315613e-03 9.202232584357261658e-03 3.662278875708580017e-02 3.512466326355934143e-02 1.873187161982059479e-02 3.238765290006995201e-03 1.553544774651527405e-02 3.248247504234313965e-02 1.371971145272254944e-02 2.684386074542999268e-02 1.101064123213291168e-02 7.745457347482442856e-03 4.092845600098371506e-03 3.471000865101814270e-02 1.678461581468582153e-02 1.210473594255745411e-03 1.756298542022705078e-02 3.987910691648721695e-03 4.871441982686519623e-03 2.178821945562958717e-03 1.347780507057905197e-02 1.346560381352901459e-02 3.178592771291732788e-02 2.246236987411975861e-02 4.143780842423439026e-02 4.886834416538476944e-03 8.753021061420440674e-02
3.462614491581916809e-03 3.386555984616279602e-02 2.695347554981708527e-02 6.065806373953819275e-03 5.123981088399887085e-02 4.326346889138221741e-02 3.461614251136779785e-02 1.832182519137859344e-02 7.900281995534896851e-02 3.006962537765502930e-01 4.461575299501419067e-02 1.800538785755634308e-02 2.534283138811588287e-02 8.921405673027038574e-02 8.323597721755504608e-03 1.685107126832008362e-02 4.220475628972053528e-02 3.047917410731315613e-02 5.184999480843544006e-02 2.501390129327774048e-02 1.088356506079435349e-02 4.783539101481437683e-02 4.525838792324066162e-02 7.902568578720092773e-02 7.840347476303577423e-03 4.309351556003093719e-03 3.310076519846916199e-02 1.197089627385139465e-02 7.195787038654088974e-03 6.133341789245605469e-02 2.759155351668596268e-03 3.553792834281921387e-02 8.000510185956954956e-02 2.241982333362102509e-02 5.568179301917552948e-03 5.939494818449020386e-02 1.589073054492473602e-02 3.876408934593200684e-02 4.968579858541488647e-02 3.291744738817214966e-02 9.792591445147991180e-04 4.036063700914382935e-02 9.175125509500503540e-02 1.207668427377939224e-02 9.757307916879653931e-02 6.982751935720443726e-02 3.727567382156848907e-04 2.659706957638263702e-02 5.488015338778495789e-02 7.866110652685165405e-02 1.901454105973243713e-02 4.312080517411231995e-02 2.361625991761684418e-02 4.093896131962537766e-04 2.578634209930896759e-02 1.115948185324668884e-01 4.287232086062431335e-02 1.837769150733947754e-02 2.379466965794563293e-02 2.237128652632236481e-02 5.011641979217529297e-02 4.785622470080852509e-03 6.854059174656867981e-03 3.191738948225975037e-02 5.124399065971374512e-02 3.336603939533233643e-02 4.324655979871749878e-02 3.551049530506134033e-02 7.444638758897781372e-02 4.173580557107925415e-02 9.669762104749679565e-02 2.564700134098529816e-02 6.411941349506378174e-02 1.155100017786026001e-02 2.975423075258731842e-02 2.603878825902938843e-02 6.839320063591003418e-02 1.780150681734085083e-01 2.424466796219348907e-02 2.168821990489959717e-01 8.599706925451755524e-04 1.714984700083732605e-02 1.668873801827430725e-02 5.616683140397071838e-02 8.921990543603897095e-02 3.584241960197687149e-03 3.336897352710366249e-03 2.239587903022766113e-02 2.295030839741230011e-02 1.098444089293479919e-01 2.421548217535018921e-02 1.538722682744264603e-02 2.182599389925599098e-03 3.555781394243240356e-02 4.905572533607482910e-02 6.392255425453186035e-03 7.242277264595031738e-02 5.942706950008869171e-03 1.152028981596231461e-02 2.005830779671669006e-02 3.854205086827278137e-02 1.055693905800580978e-02 5.125096812844276428e-02 2.139705931767821312e-03 6.080292165279388428e-02 2.206577733159065247e-02 1.129287667572498322e-02 4.957770928740501404e-02 1.956921815872192383e-02 2.264795452356338501e-02 1.568595319986343384e-02 3.087907331064343452e-03 3.069722279906272888e-02 2.435942180454730988e-02 1.596290618181228638e-02 2.234367653727531433e-02
1.506053209304809570e-01 1.209218949079513550e-01 1.927842572331428528e-02 4.084133729338645935e-02 2.564679272472858429e-02 7.900658994913101196e-02 7.160075753927230835e-02 4.466013982892036438e-02 3.684308007359504700e-02 4.461575299501419067e-02 2.717713713645935059e-01 3.962709754705429077e-02 1.174672245979309082e-01 1.976968161761760712e-02 8.853416144847869873e-02 9.936205111443996429e-03 1.437172107398509979e-02 3.330903127789497375e-02 4.005197435617446899e-02 2.690405957400798798e-02 1.737786270678043365e-02 5.853511765599250793e-02 1.937230676412582397e-02 2.198414504528045654e-02 2.429900690913200378e-02 2.129128901287913322e-03 6.245797500014305115e-03 3.684929385781288147e-02 2.463984303176403046e-02 2.063077688217163086e-02 1.589044742286205292e-02 2.603460848331451416e-02 2.358125895261764526e-02 2.280179969966411591e-02 1.140001229941844940e-02 3.885655105113983154e-02 5.777694284915924072e-02 1.503929216414690018e-02 4.919901257380843163e-04 1.889972388744354248e-02 1.483218930661678314e-02 2.143303304910659790e-02 2.750844694674015045e-02 3.181768953800201416e-02 8.535663783550262451e-02 7.063648104667663574e-02 7.419054955244064331e-02 1.968217082321643829e-02 2.572214044630527496e-02 9.039428085088729858e-03 7.384610921144485474e-02 3.705433756113052368e-02 3.317106887698173523e-02 3.463970869779586792e-02 9.224787354469299316e-03 3.483351785689592361e-03 3.902363590896129608e-03 1.342569757252931595e-02 3.077281266450881958e-02 2.835930325090885162e-02 2.652184106409549713e-02 1.286696642637252808e-02 1.317612919956445694e-02 5.650837346911430359e-02 3.755961358547210693e-02 4.700748249888420105e-02 2.115538902580738068e-02 1.158664282411336899e-02 1.517803780734539032e-02 5.755084380507469177e-02 7.391318678855895996e-03 5.898082256317138672e-02 4.661510139703750610e-02 5.668615456670522690e-03 3.840580210089683533e-02 3.813017532229423523e-02 3.874180838465690613e-02 5.338391289114952087e-02 3.518587443977594376e-03 4.157226160168647766e-02 2.450073696672916412e-02 1.446190197020769119e-02 4.196549206972122192e-02 4.025217145681381226e-02 9.704724885523319244e-03 9.667171165347099304e-03 4.232310503721237183e-02 4.744122549891471863e-02 4.575079306960105896e-02 2.813894487917423248e-02 8.419953286647796631e-02 3.185126185417175293e-02 2.870372124016284943e-02 2.436949871480464935e-02 1.440904568880796432e-02 2.013145759701728821e-02 1.147949323058128357e-02 2.031704783439636230e-02 2.479756996035575867e-02 8.383876993320882320e-04 3.213203698396682739e-02 2.597638219594955444e-02 1.809667237102985382e-02 5.525448825210332870e-03 9.802176617085933685e-03 1.696931570768356323e-02 3.155115246772766113e-02 6.648740731179714203e-03 2.601733058691024780e-02 5.181367974728345871e-03 2.022690698504447937e-02 2.159820869565010071e-02 3.533026203513145447e-02 1.829527504742145538e-02 2.234501577913761139e-02 2.530771866440773010e-02
1.693064719438552856e-02 1.692209206521511078e-02 1.124981604516506195e-02 1.287658378714695573e-04 1.868467219173908234e-02 1.336918622255325317e-01 8.324282616376876831e-02 1.028188224881887436e-02 3.633239120244979858e-02 1.800538785755634308e-02 3.962709754705429077e-02 2.114718854427337646e-01 2.648138813674449921e-02 2.486978620290756226e-01 1.762490719556808472e-02 2.553264610469341278e-02 1.424028817564249039e-02 2.939219027757644653e-02 2.849143370985984802e-02 5.515373777598142624e-04 4.332934506237506866e-03 1.746773347258567810e-02 5.879278108477592468e-02 4.245506599545478821e-02 9.900310076773166656e-03 1.452116668224334717e-02 4.091777652502059937e-02 1.060239225625991821e-01 4.880376532673835754e-02 1.139717772603034973e-01 4.609738662838935852e-02 7.836185395717620850e-04 4.834623541682958603e-03 1.088477112352848053e-02 3.488277434371411800e-04 6.272953469306230545e-03 1.221406855620443821e-03 1.603741757571697235e-02 3.370502963662147522e-02 1.759334094822406769e-02 5.945699755102396011e-03 7.582836318761110306e-03 6.164454389363527298e-03 8.618074934929609299e-04 2.511135116219520569e-02 1.145634334534406662e-02 9.715191088616847992e-03 4.897404462099075317e-02 5.958509631454944611e-03 3.800662979483604431e-02 3.465709974989295006e-03 4.554176703095436096e-02 2.721818350255489349e-02 5.454050260595977306e-04 7.630290929228067398e-03 1.798175647854804993e-02 9.692505933344364166e-03 7.076745969243347645e-04 1.042843703180551529e-02 1.791168004274368286e-02 1.649586111307144165e-02 1.032550446689128876e-02 8.860355010256171227e-04 3.543035825714468956e-03 7.511535193771123886e-03 1.375266443938016891e-02 3.733006119728088379e-02 3.950611874461174011e-02 1.429727766662836075e-02 1.072092261165380478e-02 1.297743991017341614e-02 2.090107649564743042e-02 2.795930206775665283e-02 2.964681386947631836e-02 2.158032543957233429e-02 9.198218584060668945e-03 4.858663678169250488e-02 4.134131595492362976e-02 4.958333820104598999e-02 4.287598188966512680e-03 3.041227906942367554e-02 1.098562963306903839e-02 2.890143170952796936e-02 2.598190307617187500e-02 1.290215179324150085e-02 3.400871157646179199e-02 4.109153989702463150e-03 1.575467362999916077e-02 6.948623806238174438e-02 7.749065011739730835e-02 6.764874793589115143e-03 6.392926443368196487e-03 6.654179841279983521e-02 2.135139890015125275e-03 3.221747651696205139e-02 2.312832698225975037e-02 1.625087298452854156e-02 2.637100033462047577e-02 1.413619378581643105e-03 1.314211636781692505e-02 1.735388068482279778e-04 1.173797342926263809e-02 2.373987250030040741e-02 5.233004689216613770e-03 2.450521849095821381e-02 1.057762186974287033e-02 1.407695468515157700e-02 6.487901788204908371e-03 4.927077330648899078e-03 6.702616810798645020e-02 2.201279066503047943e-02 1.740506291389465332e-02 4.066096618771553040e-03 2.107712207362055779e-03 4.853353276848793030e-02 5.931923538446426392e-02
1.563870012760162354e-01 1.478522717952728271e-01 2.388138324022293091e-02 1.379958633333444595e-02 4.136902280151844025e-03 1.431464496999979019e-02 2.820270508527755737e-02 4.500727355480194092e-02 2.368508838117122650e-02 2.534283138811588287e-02 1.174672245979309082e-01 2.648138813674449921e-02 2.799397706985473633e-01 7.910765707492828369e-03 9.535395354032516479e-02 2.223043330013751984e-02 1.911409758031368256e-02 3.646573424339294434e-02 4.063830152153968811e-02 3.407838568091392517e-02 4.624942317605018616e-02 3.047928959131240845e-02 4.233394749462604523e-03 1.869926229119300842e-02 2.628081105649471283e-02 2.821630053222179413e-02 3.169124200940132141e-02 3.188725188374519348e-02 5.209179222583770752e-02 1.642949506640434265e-02 7.043250650167465210e-02 1.186744775623083115e-02 4.878271743655204773e-02 3.672602772712707520e-02 2.940452285110950470e-02 3.575917333364486694e-02 6.581404805183410645e-02 3.229168802499771118e-02 3.338165988679975271e-04 2.672562934458255768e-02 3.086093068122863770e-02 5.756569560617208481e-03 1.995253562927246094e-02 2.640967257320880890e-02 8.689660578966140747e-02 5.261003971099853516e-02 5.623169615864753723e-02 7.126221805810928345e-02 3.128035739064216614e-02 2.636650390923023224e-02 5.998204648494720459e-02 2.114338614046573639e-02 5.596680101007223129e-03 3.364285454154014587e-02 5.958185996860265732e-03 1.816897839307785034e-02 5.001755431294441223e-03 7.298051845282316208e-03 1.344460248947143555e-02 2.969289757311344147e-02 3.021305054426193237e-02 1.490703783929347992e-02 3.037979081273078918e-02 3.532319969963282347e-04 2.707380615174770355e-02 6.794169545173645020e-02 2.076218836009502411e-02 8.661496452987194061e-03 1.414479501545429230e-02 4.314360022544860840e-02 3.338627982884645462e-03 7.231828570365905762e-02 2.661410346627235413e-02 6.789704412221908569e-02 3.398964926600456238e-02 6.055158749222755432e-02 1.795264333486557007e-02 4.211788997054100037e-02 2.847465500235557556e-02 3.835405455902218819e-03 1.851666159927845001e-02 1.689846813678741455e-02 2.449789829552173615e-02 4.530577734112739563e-02 5.420623347163200378e-02 2.674453705549240112e-02 2.318309061229228973e-02 4.574832692742347717e-02 2.427844516932964325e-02 2.972229558508843184e-04 9.626329690217971802e-02 4.945630673319101334e-03 8.425411581993103027e-02 2.303969673812389374e-02 1.055626198649406433e-02 2.667341381311416626e-02 6.873311847448348999e-02 1.981615088880062103e-02 7.343147415667772293e-03 1.185392215847969055e-02 2.379054203629493713e-03 2.240462042391300201e-02 2.287963591516017914e-02 2.083146572113037109e-02 1.808081567287445068e-02 1.696638762950897217e-02 1.410392299294471741e-02 2.878263965249061584e-02 2.335430867969989777e-02 1.793053746223449707e-02 7.254092488437891006e-03 2.969951368868350983e-02 3.190145269036293030e-02 1.542999409139156342e-02 5.108229443430900574e-02 3.047285787761211395e-02
