3.001334667205810547e-01 3.425674140453338623e-01 6.562090478837490082e-03 1.922207535244524479e-03 1.380167342722415924e-02 1.908153444528579712e-01 1.249229460954666138e-01 4.333855584263801575e-02 2.248413860797882080e-02 6.191153544932603836e-03 2.513720393180847168e-01 1.579483970999717712e-03 1.390732377767562866e-01 1.565875299274921417e-02 1.291709765791893005e-02 1.457939273677766323e-03 2.664617821574211121e-02 1.549944095313549042e-02 2.207320183515548706e-02 5.990706384181976318e-03 4.214154090732336044e-03 1.945983432233333588e-02 4.051167052239179611e-03 1.929233968257904053e-02 8.273127488791942596e-03 1.494439225643873215e-02 3.576498478651046753e-03 1.454674825072288513e-02 2.504594251513481140e-02 3.535490483045578003e-02 7.563032209873199463e-02 5.514225456863641739e-03 1.114382781088352203e-02 2.021111361682415009e-02 2.189341746270656586e-02 4.090677201747894287e-02 3.541882848367094994e-03 9.906154870986938477e-02 1.776679046452045441e-02 2.107498049736022949e-02 1.569055765867233276e-02 7.028988562524318695e-03 2.212298102676868439e-02 1.785702444612979889e-02 2.635766565799713135e-02 4.009999334812164307e-02 1.307232975959777832e-01 5.263536795973777771e-02 5.864872597157955170e-03 1.744474656879901886e-02 9.453109465539455414e-03 1.340641872957348824e-03 1.357949618250131607e-02 5.538450554013252258e-02 8.778493502177298069e-04 2.438774891197681427e-02 1.216938439756631851e-02 1.160895824432373047e-02 2.705794386565685272e-02 7.664816826581954956e-02 1.321488991379737854e-02 3.457272052764892578e-02 3.643414005637168884e-02 5.087275430560112000e-02 3.089857287704944611e-02 2.228442579507827759e-02 1.748353359289467335e-03 1.734884828329086304e-02 1.166122686117887497e-02 1.527747721411287785e-03 7.946643978357315063e-03 1.519551686942577362e-02 1.951867365278303623e-03 9.825560264289379120e-03 1.923064887523651123e-02 1.728040352463722229e-02 3.351379558444023132e-02 3.296322829555720091e-04 2.808063477277755737e-02 3.148578852415084839e-02 2.185964584350585938e-02 3.518013516440987587e-03 1.415341533720493317e-02 2.958589792251586914e-02 2.233155630528926849e-02 3.344657644629478455e-02 1.565688475966453552e-02 6.128577049821615219e-03 1.774148270487785339e-02 5.418348591774702072e-03 2.758775651454925537e-02 1.336345914751291275e-03 4.393097478896379471e-03 2.857366017997264862e-02 7.809439208358526230e-03 1.647014915943145752e-02 1.270971260964870453e-02 2.835510997101664543e-03 1.016001868993043900e-02 1.796035841107368469e-02 7.373258005827665329e-03 1.945024728775024414e-02 1.046511810272932053e-02 2.090232633054256439e-02 4.054566845297813416e-03 1.974042318761348724e-02 7.923654280602931976e-03 4.391836374998092651e-02 1.227641105651855469e-02 4.681484773755073547e-03 1.092979777604341507e-02 3.274249657988548279e-02 9.002967737615108490e-03 1.013257354497909546e-02 3.509393706917762756e-02 3.954962641000747681e-02
3.425674140453338623e-01 3.026210963726043701e-01 2.278065308928489685e-02 2.462248317897319794e-02 3.994471207261085510e-02 1.399234384298324585e-01 1.222361996769905090e-01 2.654707431793212891e-02 4.104951024055480957e-02 1.649380847811698914e-02 1.627338379621505737e-01 1.019775215536355972e-02 1.639097183942794800e-01 3.681080043315887451e-02 4.550192132592201233e-02 9.629392065107822418e-03 9.999969042837619781e-03 6.270986050367355347e-03 2.811386622488498688e-02 7.993801496922969818e-03 3.258418664336204529e-02 3.419455513358116150e-02 3.468514978885650635e-02 2.720407769083976746e-02 9.964763186872005463e-03 2.098865620791912079e-02 8.218589238822460175e-03 5.696420371532440186e-02 9.646719321608543396e-03 3.409743309020996094e-02 3.098045475780963898e-03 8.842946030199527740e-03 4.046713933348655701e-03 5.773599259555339813e-03 3.167719393968582153e-02 6.563188880681991577e-02 2.312730066478252411e-02 8.575792610645294189e-02 2.872896566987037659e-02 3.855006769299507141e-02 5.298466421663761139e-03 2.062638849020004272e-02 3.674315661191940308e-02 1.308588031679391861e-02 5.488878116011619568e-02 9.544964879751205444e-03 9.584330767393112183e-02 7.654903084039688110e-02 8.299599401652812958e-03 7.684533484280109406e-04 5.409182514995336533e-03 6.310450844466686249e-04 1.965115405619144440e-02 4.032003879547119141e-02 1.917624613270163536e-03 2.134372713044285774e-03 2.670784294605255127e-02 6.912135519087314606e-03 1.206672191619873047e-02 4.471853747963905334e-02 1.524845231324434280e-02 6.366569083184003830e-03 1.346650999039411545e-02 2.018269710242748260e-02 1.933684572577476501e-02 2.369667775928974152e-02 3.123330650851130486e-03 1.809878274798393250e-02 1.433783769607543945e-02 6.679318379610776901e-03 3.216718882322311401e-02 1.664912514388561249e-02 1.996930874884128571e-02 4.287682846188545227e-02 2.344391867518424988e-02 5.947289522737264633e-03 1.722388435155153275e-03 2.380650304257869720e-02 5.148791894316673279e-02 4.933153744786977768e-03 6.231323257088661194e-02 1.095681078732013702e-02 1.057595573365688324e-02 5.294504808261990547e-04 1.731435023248195648e-02 1.385885849595069885e-02 2.373036369681358337e-02 8.325955830514431000e-03 1.037421636283397675e-02 4.211330413818359375e-02 1.390741765499114990e-02 2.300512231886386871e-02 4.452473670244216919e-02 9.960854426026344299e-03 1.571124768815934658e-03 2.681939676403999329e-02 2.202670089900493622e-02 3.155754879117012024e-02 2.507224911823868752e-03 9.066645056009292603e-03 2.893043216317892075e-03 1.137826312333345413e-02 5.999722052365541458e-03 2.511161379516124725e-02 1.573375775478780270e-04 2.820309065282344818e-02 2.792469039559364319e-02 3.749092295765876770e-02 3.523825900629162788e-03 5.534325167536735535e-02 1.560017233714461327e-03 3.179137408733367920e-02 1.752498559653759003e-02 3.792359959334135056e-03 3.016725182533264160e-02 5.624442361295223236e-03
6.562090478837490082e-03 2.278065308928489685e-02 2.931904494762420654e-01 4.702115897089242935e-03 5.063650757074356079e-02 3.427271917462348938e-02 2.226158417761325836e-02 1.938774138689041138e-01 2.841313369572162628e-02 1.128069683909416199e-02 2.590515092015266418e-02 1.421108003705739975e-02 2.643907442688941956e-02 1.469330512918531895e-03 5.617132782936096191e-02 1.395473722368478775e-02 3.708265023306012154e-03 2.513672690838575363e-03 1.067116577178239822e-02 1.670585386455059052e-02 1.855066075222566724e-04 4.325689002871513367e-02 9.002604521811008453e-03 2.690343244466930628e-04 3.335932968184351921e-03 3.650324419140815735e-02 3.800940886139869690e-02 4.566888511180877686e-02 4.195301979780197144e-02 9.739302098751068115e-03 3.567956760525703430e-02 3.109277458861470222e-03 1.267123129218816757e-02 1.661137863993644714e-02 7.002916652709245682e-03 8.268569409847259521e-02 6.615074723958969116e-02 3.771154955029487610e-02 4.118792340159416199e-02 3.563863784074783325e-02 1.824716292321681976e-02 9.905291721224784851e-03 6.900823675096035004e-03 6.400964409112930298e-02 2.279803855344653130e-03 3.680389374494552612e-02 9.608308784663677216e-03 4.226243868470191956e-02 2.353935036808252335e-03 1.562722772359848022e-02 1.794345676898956299e-02 7.583161350339651108e-04 4.027951508760452271e-02 6.833789497613906860e-02 1.876361295580863953e-02 1.979633606970310211e-02 1.093563530594110489e-02 6.494735833257436752e-03 2.347859181463718414e-02 7.825629785656929016e-03 7.132247556000947952e-03 2.894447883591055870e-03 1.496619824320077896e-02 5.861211195588111877e-02 2.850140817463397980e-02 1.177643146365880966e-02 1.625678502023220062e-02 6.897119339555501938e-03 7.727101445198059082e-03 5.367986485362052917e-02 4.416295886039733887e-02 8.487967401742935181e-02 1.516149099916219711e-02 8.750483393669128418e-02 4.219979420304298401e-02 8.225218206644058228e-02 2.480218559503555298e-02 2.782823517918586731e-02 3.438326530158519745e-03 1.895862817764282227e-02 3.214768767356872559e-01 2.773894369602203369e-01 2.054735273122787476e-02 3.973313048481941223e-02 6.421101838350296021e-02 7.894574082456529140e-04 6.626450270414352417e-02 1.031714454293251038e-01 3.061043331399559975e-03 1.101085357367992401e-02 5.546898394823074341e-02 4.602209851145744324e-02 4.576964303851127625e-02 8.618988841772079468e-02 1.789306849241256714e-02 3.081789799034595490e-02 1.824914850294589996e-02 2.221671678125858307e-02 3.103614319115877151e-03 1.469381246715784073e-02 5.657875444740056992e-03 1.774906180799007416e-02 3.637725114822387695e-02 1.133175101131200790e-02 3.021092712879180908e-02 1.734513603150844574e-02 2.340858429670333862e-02 2.123957313597202301e-02 2.906161360442638397e-02 9.084417670965194702e-02 7.060518953949213028e-03 1.004964578896760941e-02 2.414861880242824554e-02 1.679600030183792114e-02 5.538767203688621521e-02 4.057978466153144836e-02
1.922207535244524479e-03 2.462248317897319794e-02 4.702115897089242935e-03 2.029138207435607910e-01 3.590918779373168945e-01 2.936356887221336365e-02 2.782179787755012512e-02 8.385499566793441772e-02 2.754298597574234009e-02 2.950460463762283325e-02 4.333419783506542444e-04 5.436166748404502869e-02 4.012651275843381882e-03 4.711603000760078430e-02 9.254601784050464630e-03 2.375872991979122162e-02 3.158182278275489807e-02 1.222358085215091705e-02 3.169387578964233398e-02 4.566445574164390564e-02 1.429400686174631119e-02 3.983328118920326233e-02 2.227788977324962616e-02 9.199500083923339844e-03 4.276096075773239136e-02 2.034421823918819427e-02 1.038728374987840652e-02 6.232916936278343201e-02 3.598121553659439087e-02 4.092594981193542480e-02 1.230067852884531021e-02 3.366468846797943115e-02 2.294438192620873451e-03 3.629649057984352112e-02 8.575521409511566162e-02 3.078763931989669800e-02 3.840791806578636169e-02 1.152011100202798843e-03 1.750777959823608398e-01 1.724981665611267090e-01 8.058458915911614895e-04 1.931223645806312561e-02 2.075791126117110252e-03 3.532999753952026367e-02 3.431639075279235840e-02 2.187423221766948700e-02 2.452675625681877136e-02 5.272734537720680237e-02 3.110041096806526184e-02 6.114387884736061096e-02 2.379899844527244568e-02 3.669929504394531250e-02 2.162021957337856293e-02 3.485614806413650513e-02 2.864898741245269775e-02 2.159423753619194031e-02 6.746847927570343018e-02 6.428925693035125732e-02 6.409332621842622757e-03 7.798262685537338257e-02 2.637650817632675171e-02 5.616107210516929626e-02 2.326060459017753601e-02 6.193483993411064148e-02 2.993097528815269470e-02 1.868417300283908844e-02 1.545071043074131012e-02 2.845763787627220154e-02 6.132234819233417511e-03 6.800699234008789062e-02 3.525505959987640381e-02 1.524742599576711655e-02 8.480517566204071045e-02 4.807665199041366577e-02 1.972318068146705627e-02 4.017034918069839478e-02 1.241291128098964691e-02 4.063884913921356201e-02 2.375220879912376404e-02 1.736800186336040497e-02 5.431213648989796638e-04 9.903061389923095703e-02 1.290274262428283691e-01 2.247352711856365204e-02 3.749861195683479309e-02 2.766771242022514343e-02 4.730470478534698486e-02 8.729666471481323242e-03 2.707784250378608704e-02 2.253784053027629852e-02 8.298993925563991070e-04 5.832483619451522827e-02 1.760413870215415955e-02 1.407559961080551147e-02 3.042619675397872925e-02 1.605568639934062958e-02 1.234651133418083191e-01 3.463919088244438171e-02 9.627830237150192261e-03 2.462318399921059608e-03 2.110604196786880493e-02 1.139942929148674011e-02 6.586360931396484375e-02 4.977043252438306808e-03 2.732843533158302307e-02 6.448139995336532593e-02 1.109173521399497986e-02 8.121534436941146851e-02 2.442321740090847015e-03 5.084835737943649292e-02 4.496500641107559204e-02 4.921292886137962341e-02 5.326898023486137390e-02 7.305475417524576187e-03 1.958753913640975952e-02 4.506928101181983948e-02
1.380167342722415924e-02 3.994471207261085510e-02 5.063650757074356079e-02 3.590918779373168945e-01 1.713380664587020874e-01 5.275361612439155579e-02 4.233171790838241577e-02 2.119538933038711548e-02 2.008405141532421112e-02 5.370365455746650696e-03 2.231820486485958099e-03 1.847307942807674408e-02 1.120114233344793320e-02 2.588949166238307953e-02 3.940789029002189636e-02 1.654874905943870544e-02 5.114433821290731430e-03 2.470802888274192810e-02 4.888609424233436584e-02 5.744365975260734558e-02 2.556283399462699890e-02 7.062375079840421677e-03 2.645068615674972534e-02 1.371761132031679153e-02 4.428289458155632019e-02 2.373839961364865303e-03 5.018949508666992188e-02 5.895274877548217773e-02 2.863961458206176758e-02 2.971731312572956085e-02 3.384907729923725128e-03 6.167090497910976410e-03 1.422797515988349915e-02 1.038619200699031353e-03 7.963034510612487793e-02 4.403249919414520264e-02 5.256949737668037415e-02 2.094170637428760529e-02 1.118785440921783447e-01 1.434057056903839111e-01 1.316852774471044540e-02 5.284697562456130981e-02 2.810649015009403229e-02 1.963342353701591492e-02 2.154975943267345428e-02 1.451332494616508484e-02 1.418636832386255264e-02 4.639552906155586243e-02 4.041769425384700298e-04 4.347700253129005432e-02 2.916503697633743286e-02 1.152310636825859547e-03 2.945070154964923859e-02 2.092698216438293457e-02 1.785246282815933228e-02 8.520892821252346039e-03 1.685560122132301331e-02 4.852850362658500671e-02 2.407118678092956543e-02 3.927996009588241577e-02 4.554123803973197937e-02 1.164209321141242981e-01 7.450907677412033081e-02 5.783778615295886993e-03 3.680936526507139206e-03 2.435597591102123260e-03 2.480380050837993622e-02 3.215676546096801758e-02 1.656511425971984863e-02 1.183266099542379379e-02 1.462986785918474197e-02 2.637081593275070190e-02 4.395296797156333923e-02 2.183521538972854614e-02 1.232096110470592976e-03 3.231009840965270996e-02 4.125577211380004883e-02 6.020387634634971619e-03 1.380321197211742401e-02 3.733484074473381042e-02 3.118168003857135773e-02 2.169227413833141327e-02 7.024119794368743896e-02 7.237768918275833130e-02 7.452559471130371094e-02 2.633238770067691803e-02 2.310043387115001678e-02 1.967500522732734680e-02 1.386810280382633209e-02 1.066883187741041183e-02 2.165663056075572968e-02 7.458240725100040436e-03 1.042731219058623537e-05 2.485080622136592865e-02 1.082994695752859116e-02 5.005192942917346954e-03 1.664691232144832611e-02 4.505119752138853073e-03 2.758253132924437523e-03 3.108321921899914742e-03 3.905941173434257507e-02 7.526160217821598053e-03 1.031117234379053116e-02 8.451626636087894440e-03 4.706003237515687943e-03 1.002588681876659393e-02 2.642452716827392578e-02 2.072858996689319611e-02 5.986531730741262436e-03 3.058137558400630951e-02 2.846464328467845917e-02 1.511375140398740768e-02 7.718075066804885864e-02 4.660594463348388672e-02 8.127032779157161713e-03 3.873154148459434509e-02
1.908153444528579712e-01 1.399234384298324585e-01 3.427271917462348938e-02 2.936356887221336365e-02 5.275361612439155579e-02 1.969547569751739502e-01 1.538266092538833618e-01 6.287110969424247742e-03 2.294013090431690216e-02 1.874391548335552216e-02 1.071781218051910400e-01 6.403784453868865967e-02 6.136426702141761780e-02 3.381729125976562500e-02 2.492535859346389771e-03 2.471778308972716331e-03 4.164704587310552597e-03 2.295842207968235016e-02 3.827445441856980324e-03 2.556006796658039093e-02 3.913296386599540710e-02 4.738293588161468506e-02 1.576875895261764526e-02 7.317655254155397415e-03 4.046366363763809204e-02 3.696418926119804382e-02 2.282223291695117950e-02 2.517678961157798767e-02 4.001518338918685913e-02 5.362441018223762512e-02 7.437839359045028687e-02 1.743313297629356384e-02 4.774951841682195663e-03 2.199962362647056580e-02 2.031781524419784546e-02 2.961613005027174950e-03 4.175129532814025879e-02 2.260888461023569107e-03 2.031430229544639587e-02 1.181145664304494858e-02 2.467934228479862213e-02 3.337949886918067932e-02 3.915180638432502747e-02 8.067801594734191895e-03 6.606690585613250732e-02 3.170356899499893188e-02 1.238625943660736084e-01 6.970270723104476929e-02 3.272087872028350830e-02 1.674712076783180237e-02 4.778331145644187927e-03 3.116882580798119307e-04 1.710813306272029877e-02 3.654270991683006287e-02 2.415507286787033081e-02 1.482517924159765244e-03 5.373923107981681824e-03 9.036922128871083260e-04 4.148496314883232117e-02 1.446490269154310226e-02 4.647423513233661652e-03 6.844779476523399353e-03 6.192890927195549011e-03 4.848136566579341888e-03 9.279937949031591415e-04 7.540397811681032181e-03 5.018548294901847839e-02 4.849080741405487061e-02 5.966302473098039627e-03 3.223088383674621582e-02 5.038355942815542221e-03 2.002734318375587463e-02 1.462177652865648270e-02 4.939010739326477051e-02 2.817296981811523438e-02 8.996980264782905579e-03 1.152767450548708439e-03 2.067168429493904114e-02 2.159889042377471924e-02 3.720618784427642822e-02 4.335767403244972229e-02 9.278587996959686279e-03 8.269576937891542912e-04 4.397489596158266068e-03 8.745978586375713348e-03 6.104094907641410828e-03 2.516488777473568916e-03 2.449425123631954193e-02 4.767216369509696960e-02 7.492400705814361572e-03 2.146391570568084717e-02 1.102135609835386276e-02 2.440113574266433716e-02 3.131053969264030457e-02 1.858349330723285675e-02 1.505160052329301834e-02 2.841239050030708313e-02 3.719048947095870972e-02 1.109165605157613754e-02 2.127369679510593414e-02 2.709603123366832733e-02 1.749660633504390717e-02 3.416987881064414978e-02 2.021485753357410431e-02 1.262661349028348923e-02 9.291453287005424500e-03 1.091318298131227493e-02 1.840836368501186371e-02 1.631260104477405548e-02 5.342448595911264420e-03 4.514552652835845947e-02 2.006439305841922760e-02 3.361171856522560120e-02 1.034326013177633286e-02 1.200142689049243927e-02 2.083504945039749146e-02
1.249229460954666138e-01 1.222361996769905090e-01 2.226158417761325836e-02 2.782179787755012512e-02 4.233171790838241577e-02 1.538266092538833618e-01 2.222223430871963501e-01 1.690824516117572784e-02 1.065509859472513199e-03 2.114262618124485016e-02 7.264696806669235229e-02 4.325382784008979797e-02 6.302751600742340088e-02 5.213588848710060120e-02 3.534050658345222473e-02 1.265168841928243637e-02 1.702811568975448608e-02 2.000426314771175385e-02 3.567842021584510803e-02 3.973946906626224518e-03 3.707530349493026733e-02 4.007923230528831482e-02 1.058727689087390900e-02 1.309715863317251205e-02 3.554963693022727966e-02 4.716822877526283264e-02 5.638077110052108765e-02 1.882587932050228119e-02 3.640490397810935974e-02 3.951455652713775635e-02 2.470192871987819672e-02 1.817690953612327576e-02 5.316922906786203384e-03 2.558230422437191010e-02 4.482945799827575684e-02 3.955785185098648071e-03 3.790168790146708488e-03 6.425606086850166321e-03 2.730351686477661133e-02 1.900898409076035023e-03 7.036583498120307922e-03 2.872960269451141357e-02 4.155749082565307617e-02 3.928378596901893616e-02 4.549331497400999069e-03 2.857705019414424896e-02 1.101670861244201660e-01 1.307537108659744263e-01 1.965920208021998405e-03 3.625257639214396477e-03 2.420344017446041107e-02 6.683562416583299637e-03 1.624867506325244904e-02 1.649975962936878204e-02 4.152009729295969009e-03 5.889151245355606079e-03 4.377343505620956421e-02 8.486928418278694153e-03 8.495974354445934296e-03 1.837522163987159729e-02 4.014102742075920105e-02 4.921974614262580872e-02 7.071075029671192169e-03 1.976433768868446350e-02 2.078171260654926300e-02 1.086608786135911942e-02 2.575718052685260773e-02 3.374229744076728821e-02 1.548093627206981182e-03 3.538008779287338257e-02 4.121123347431421280e-03 3.525367006659507751e-02 8.209768682718276978e-03 3.237953782081604004e-02 2.379235345870256424e-03 6.759710609912872314e-03 6.411059759557247162e-03 1.397012639790773392e-02 7.849221117794513702e-03 1.546052098274230957e-02 2.027335576713085175e-02 2.258654311299324036e-02 1.069068908691406250e-03 1.512613333761692047e-02 2.592114359140396118e-02 1.949780038557946682e-03 2.478477731347084045e-02 1.157250907272100449e-02 1.181274931877851486e-02 2.847455209121108055e-03 6.202974170446395874e-02 3.390003403183072805e-04 7.828989624977111816e-02 5.299312033457681537e-05 3.797922283411026001e-02 1.279262825846672058e-02 3.388218209147453308e-02 2.751030586659908295e-02 2.594594471156597137e-02 2.969829924404621124e-02 4.354947432875633240e-02 2.099833637475967407e-02 5.894193798303604126e-02 4.980454593896865845e-02 1.371634751558303833e-02 3.311891108751296997e-02 6.096761301159858704e-02 4.010228440165519714e-02 8.182949386537075043e-03 6.713117659091949463e-02 4.139182344079017639e-02 5.571289360523223877e-02 4.580624029040336609e-02 2.247449010610580444e-03 2.674887143075466156e-02 6.696567684412002563e-02
4.333855584263801575e-02 2.654707431793212891e-02 1.938774138689041138e-01 8.385499566793441772e-02 2.119538933038711548e-02 6.287110969424247742e-03 1.690824516117572784e-02 2.140167504549026489e-01 5.996586754918098450e-03 9.595225565135478973e-03 5.099237710237503052e-02 2.963317371904850006e-02 5.183593556284904480e-02 1.045462712645530701e-01 1.097060889005661011e-01 1.011673919856548309e-02 2.003708109259605408e-02 5.307662487030029297e-02 1.249017752707004547e-02 5.189102515578269958e-02 4.880370199680328369e-02 4.134528711438179016e-02 2.029371075332164764e-02 3.272354975342750549e-02 2.899316884577274323e-02 1.970079541206359863e-02 3.770929994061589241e-03 1.700775139033794403e-02 4.009469971060752869e-02 4.620274901390075684e-02 3.963887691497802734e-03 2.127771638333797455e-02 2.819892764091491699e-02 2.448061294853687286e-02 1.743334718048572540e-02 1.282524433918297291e-03 8.048757910728454590e-02 4.615142941474914551e-02 2.362330630421638489e-02 5.493440479040145874e-02 1.997428759932518005e-02 1.851732470095157623e-02 4.479037225246429443e-02 4.795270413160324097e-02 4.140301793813705444e-02 5.115477368235588074e-02 1.334941200911998749e-02 2.466047555208206177e-02 6.122924853116273880e-03 1.654376089572906494e-02 8.270264416933059692e-02 4.523492231965065002e-02 3.920269757509231567e-02 5.345941707491874695e-02 1.366730593144893646e-02 1.171315927058458328e-02 3.265644237399101257e-02 2.820908650755882263e-02 1.221082080155611038e-02 4.137491434812545776e-02 4.960751533508300781e-02 1.465006079524755478e-02 4.575520008802413940e-02 2.626239322125911713e-02 8.010570704936981201e-02 4.741008952260017395e-02 2.446344308555126190e-02 3.981588780879974365e-02 1.746050827205181122e-02 1.394113246351480484e-02 6.032983772456645966e-03 3.224821528419852257e-03 2.059537358582019806e-02 1.932436972856521606e-02 8.830787613987922668e-03 4.145354777574539185e-02 4.427359253168106079e-02 9.630640037357807159e-03 2.882352098822593689e-02 2.096662670373916626e-02 3.045043051242828369e-01 3.181834816932678223e-01 2.530554868280887604e-02 3.031054325401782990e-02 3.878124291077256203e-03 5.178289115428924561e-02 1.146264150738716125e-01 8.155021816492080688e-02 5.480773001909255981e-02 4.161346331238746643e-02 3.200047463178634644e-02 6.765783578157424927e-02 3.377867862582206726e-02 2.337553724646568298e-02 1.722320355474948883e-02 4.373558610677719116e-02 3.697317093610763550e-02 2.326452173292636871e-02 1.539160683751106262e-02 2.807046286761760712e-02 1.925235055387020111e-02 2.702287584543228149e-02 3.494030609726905823e-02 5.566537147387862206e-04 3.451696783304214478e-02 4.517934098839759827e-02 5.509210377931594849e-02 3.770019859075546265e-02 1.860592700541019440e-02 2.113867551088333130e-02 1.419903011992573738e-03 2.784062549471855164e-02 2.448035217821598053e-02 2.278605848550796509e-02 7.291053235530853271e-02 2.865093061700463295e-03
2.248413860797882080e-02 4.104951024055480957e-02 2.841313369572162628e-02 2.754298597574234009e-02 2.008405141532421112e-02 2.294013090431690216e-02 1.065509859472513199e-03 5.996586754918098450e-03 2.378574460744857788e-01 1.228894889354705811e-01 1.652344129979610443e-02 9.260673820972442627e-02 4.142099246382713318e-02 7.379530370235443115e-02 6.909026205539703369e-02 1.902758330106735229e-02 1.527569536119699478e-02 9.658437967300415039e-02 4.263226315379142761e-02 3.973180055618286133e-02 4.400553554296493530e-02 3.235886991024017334e-02 5.621747300028800964e-02 2.962100505828857422e-02 4.277244582772254944e-02 1.317030470818281174e-02 2.967510558664798737e-02 6.707607954740524292e-02 2.228890545666217804e-02 3.347051888704299927e-02 3.313983604311943054e-02 7.356655783951282501e-03 1.969629898667335510e-02 5.528327077627182007e-03 1.809145696461200714e-02 1.832546107470989227e-02 4.870560020208358765e-03 3.770033642649650574e-02 2.137297205626964569e-02 3.974539041519165039e-02 2.552950382232666016e-02 9.120954573154449463e-02 3.699114173650741577e-02 6.993538234382867813e-03 1.120084300637245178e-01 6.751277297735214233e-02 6.808856502175331116e-03 6.001164205372333527e-03 1.278687454760074615e-02 2.580511942505836487e-02 4.215885698795318604e-02 1.616717316210269928e-02 2.064784243702888489e-02 2.213649218901991844e-03 7.616664469242095947e-02 3.478020057082176208e-02 4.041681438684463501e-02 1.335785258561372757e-02 2.398610347881913185e-03 2.166829816997051239e-02 8.175399154424667358e-03 9.935483336448669434e-03 3.060448798350989819e-04 4.766958300024271011e-03 1.426548510789871216e-02 2.715813182294368744e-02 3.952078521251678467e-02 2.146892808377742767e-02 4.017918929457664490e-02 4.454520065337419510e-03 1.326835714280605316e-02 2.026572078466415405e-02 2.360035199671983719e-03 1.030945964157581329e-02 4.338241368532180786e-02 3.886227682232856750e-02 1.801155805587768555e-01 1.143257021903991699e-01 1.060573235154151917e-01 4.475744441151618958e-02 3.857394680380821228e-02 1.004325896501541138e-01 6.207311898469924927e-02 2.954872511327266693e-02 1.694185845553874969e-02 3.381596133112907410e-02 2.359363064169883728e-02 3.296177834272384644e-02 1.859048008918762207e-02 1.577564515173435211e-02 2.307726815342903137e-02 2.873463928699493408e-02 2.639361843466758728e-02 5.829989537596702576e-02 9.017909877002239227e-03 3.105037100613117218e-02 4.588470980525016785e-02 4.811083897948265076e-02 4.287623614072799683e-02 2.815818972885608673e-02 2.940916642546653748e-02 7.097347173839807510e-03 2.338974550366401672e-02 4.948808252811431885e-02 4.336571693420410156e-02 1.766848191618919373e-02 2.936527598649263382e-03 2.988173067569732666e-02 1.166094001382589340e-02 3.405967727303504944e-02 4.120772704482078552e-03 1.136687351390719414e-03 1.597578520886600018e-03 4.454941302537918091e-02 4.198363423347473145e-02 3.699056431651115417e-02
6.191153544932603836e-03 1.649380847811698914e-02 1.128069683909416199e-02 2.950460463762283325e-02 5.370365455746650696e-03 1.874391548335552216e-02 2.114262618124485016e-02 9.595225565135478973e-03 1.228894889354705811e-01 2.264921963214874268e-01 1.454697363078594208e-02 1.670659985393285751e-03 2.629362978041172028e-02 3.197042644023895264e-02 8.002493530511856079e-03 1.440916303545236588e-02 2.520025335252285004e-02 1.902540773153305054e-02 9.852967411279678345e-02 3.344524279236793518e-02 4.328614845871925354e-02 1.172701176255941391e-02 4.498936980962753296e-02 5.924882739782333374e-02 2.804204076528549194e-02 2.142677642405033112e-02 2.698548510670661926e-02 7.682806998491287231e-02 5.360313225537538528e-03 5.340269953012466431e-02 4.091803729534149170e-02 1.464783563278615475e-03 2.657122095115482807e-04 1.371635869145393372e-02 1.248135324567556381e-02 7.553589995950460434e-03 2.415779512375593185e-03 1.606131158769130707e-02 3.298530355095863342e-02 1.428885199129581451e-02 2.109360694885253906e-02 4.289630800485610962e-02 5.858735367655754089e-02 1.577876321971416473e-02 5.695586651563644409e-02 8.987344801425933838e-02 4.356148838996887207e-02 2.869704738259315491e-02 1.612802594900131226e-02 5.566504225134849548e-02 8.293373882770538330e-02 2.145311422646045685e-02 2.027706243097782135e-02 1.811683736741542816e-02 2.916352264583110809e-02 3.566056862473487854e-02 1.487112324684858322e-02 3.167565912008285522e-02 7.443160749971866608e-03 1.919198036193847656e-02 6.103786174207925797e-03 8.818478323519229889e-03 2.459075767546892166e-03 5.611111875623464584e-03 1.215484808199107647e-03 9.173997095786035061e-04 2.358170598745346069e-02 1.762208715081214905e-02 2.539765834808349609e-02 2.334112487733364105e-02 4.687086865305900574e-02 2.728266268968582153e-02 2.682077698409557343e-02 4.495326895266771317e-03 4.797044768929481506e-02 4.145763441920280457e-02 8.705130219459533691e-02 1.585482358932495117e-01 7.840679585933685303e-02 1.004352271556854248e-01 3.359865862876176834e-03 1.741189695894718170e-02 3.189560957252979279e-03 8.933336287736892700e-02 2.370675653219223022e-02 6.401955336332321167e-02 1.649728789925575256e-02 2.050103433430194855e-02 5.158197507262229919e-02 2.779254689812660217e-02 4.821275174617767334e-02 1.398096606135368347e-02 1.105558779090642929e-02 3.732023015618324280e-02 1.917608198709785938e-03 3.658672794699668884e-02 4.148030653595924377e-03 2.261602133512496948e-02 3.076796419918537140e-02 5.061038210988044739e-02 1.254506036639213562e-02 2.202593488618731499e-03 1.854688860476016998e-02 3.395444480702280998e-03 1.163645368069410324e-02 3.361674025654792786e-02 4.565953277051448822e-04 2.668658271431922913e-02 6.060894578695297241e-03 5.334695056080818176e-02 2.866664901375770569e-02 1.801343820989131927e-02 4.912196658551692963e-03 5.982804670929908752e-02 8.571466431021690369e-03 6.146720051765441895e-02
2.513720393180847168e-01 1.627338379621505737e-01 2.590515092015266418e-02 4.333419783506542444e-04 2.231820486485958099e-03 1.071781218051910400e-01 7.264696806669235229e-02 5.099237710237503052e-02 1.652344129979610443e-02 1.454697363078594208e-02 2.860061228275299072e-01 2.936807647347450256e-02 1.461362540721893311e-01 5.894577596336603165e-03 5.582571029663085938e-02 2.290203049778938293e-02 3.748246654868125916e-02 3.366236016154289246e-02 1.855113171041011810e-02 3.489315742626786232e-03 1.457214471884071827e-03 1.024789363145828247e-02 8.290613070130348206e-03 1.472935732454061508e-02 5.474997218698263168e-03 7.198635023087263107e-03 1.517634559422731400e-02 1.719301752746105194e-02 1.316904928535223007e-02 1.360229495912790298e-02 5.943005904555320740e-02 1.543405931442975998e-02 1.218809187412261963e-02 1.055346988141536713e-02 3.399423137307167053e-02 6.576405465602874756e-02 2.818708494305610657e-02 3.343647718429565430e-02 3.064561635255813599e-02 2.688282914459705353e-02 2.767506521195173264e-03 2.483666688203811646e-02 1.636223867535591125e-02 1.491584628820419312e-02 5.092979967594146729e-02 2.598411217331886292e-02 7.412629574537277222e-02 4.637799039483070374e-02 5.629790481179952621e-03 1.553311571478843689e-02 4.826619476079940796e-02 1.205174066126346588e-02 6.177465617656707764e-02 4.322546347975730896e-02 2.860162034630775452e-02 7.543180137872695923e-03 1.276803482323884964e-02 4.759491980075836182e-02 4.276633262634277344e-02 3.942835703492164612e-02 1.390492822974920273e-02 1.376395579427480698e-02 5.573515966534614563e-02 6.539656221866607666e-02 1.072245091199874878e-01 8.024106919765472412e-02 1.319312397390604019e-02 3.653495805338025093e-03 2.147568576037883759e-02 1.614270173013210297e-02 5.525159649550914764e-03 1.387645117938518524e-02 1.100165862590074539e-02 3.468358889222145081e-02 1.749102957546710968e-02 2.361202053725719452e-02 7.703226525336503983e-03 2.622848749160766602e-02 2.214070595800876617e-02 1.665032655000686646e-02 1.714213564991950989e-02 7.850524038076400757e-03 4.929161071777343750e-02 1.424517575651407242e-02 2.873026765882968903e-02 2.578428480774164200e-03 5.761282145977020264e-02 4.543340206146240234e-02 4.296477418392896652e-03 2.235995978116989136e-02 2.894334495067596436e-02 3.023374266922473907e-02 2.526961453258991241e-02 7.451230194419622421e-03 1.310156658291816711e-02 1.868688734248280525e-03 1.354828756302595139e-02 3.471365571022033691e-02 2.135983668267726898e-02 4.952034913003444672e-03 5.322481039911508560e-03 1.413763035088777542e-02 1.425561588257551193e-02 1.020278595387935638e-02 1.660762238316237926e-03 4.069704096764326096e-03 1.273495517671108246e-02 5.295421183109283447e-02 2.547113224864006042e-03 7.942174375057220459e-02 4.065923392772674561e-02 8.829372003674507141e-03 2.675878815352916718e-02 1.073431316763162613e-02 7.474965881556272507e-03 5.446834489703178406e-03
1.579483970999717712e-03 1.019775215536355972e-02 1.421108003705739975e-02 5.436166748404502869e-02 1.847307942807674408e-02 6.403784453868865967e-02 4.325382784008979797e-02 2.963317371904850006e-02 9.260673820972442627e-02 1.670659985393285751e-03 2.936807647347450256e-02 2.773614525794982910e-01 8.758130483329296112e-03 2.709916234016418457e-01 1.482893712818622589e-02 4.560739919543266296e-02 1.484210323542356491e-02 3.994223079644143581e-04 3.225935995578765869e-02 1.624621264636516571e-02 5.028917803429067135e-04 5.614682286977767944e-02 9.201564639806747437e-02 4.712833091616630554e-02 7.655646651983261108e-03 5.559135752264410257e-05 3.700477257370948792e-02 1.293461322784423828e-01 6.884215772151947021e-02 2.177889347076416016e-01 2.914683520793914795e-02 2.859713137149810791e-02 1.779647171497344971e-02 6.291864905506372452e-03 2.583498694002628326e-02 3.789376094937324524e-02 2.367350459098815918e-02 2.934022992849349976e-02 3.057955764234066010e-02 1.721728779375553131e-02 6.163257174193859100e-03 5.530367791652679443e-02 4.221475869417190552e-02 1.367662847042083740e-02 1.273631900548934937e-01 6.915054470300674438e-02 5.000357702374458313e-02 1.056051906198263168e-02 1.590020954608917236e-02 7.205473631620407104e-02 5.130258947610855103e-02 3.567872568964958191e-02 1.472700573503971100e-02 2.679734304547309875e-02 4.583609115798026323e-04 3.871582448482513428e-02 1.924922131001949310e-02 3.530073538422584534e-02 1.966397091746330261e-02 2.027956797974184155e-04 3.315641358494758606e-02 5.379931535571813583e-04 2.865234273485839367e-04 5.581966787576675415e-02 1.588247157633304596e-02 9.215507656335830688e-03 3.368833288550376892e-02 2.031413838267326355e-02 7.019678014330565929e-04 4.131854325532913208e-02 4.759854171425104141e-03 3.295414149761199951e-02 9.415641427040100098e-03 1.895661279559135437e-02 1.549870707094669342e-02 4.753720015287399292e-02 5.976328998804092407e-02 5.055440962314605713e-02 1.096116080880165100e-01 2.238208428025245667e-02 2.758330665528774261e-02 2.776399999856948853e-02 3.312541171908378601e-02 4.053452517837285995e-03 1.139637082815170288e-02 1.290911156684160233e-02 4.596025124192237854e-02 3.786621987819671631e-02 4.022810980677604675e-02 7.095882296562194824e-02 2.413862384855747223e-02 9.702901355922222137e-03 3.046027757227420807e-02 2.766420878469944000e-02 2.915949001908302307e-02 4.938453063368797302e-02 9.755378961563110352e-02 1.967614516615867615e-02 4.908123984932899475e-03 1.412329636514186859e-02 1.325231697410345078e-02 2.643764950335025787e-02 1.138545293360948563e-02 1.699730195105075836e-02 2.754670567810535431e-02 2.538205496966838837e-02 1.118458807468414307e-02 2.414295077323913574e-02 4.222944553475826979e-04 7.558471709489822388e-02 3.928834944963455200e-02 5.590076558291912079e-03 5.357593670487403870e-02 1.349723339080810547e-02 4.148660227656364441e-02 2.244157344102859497e-02
1.390732377767562866e-01 1.639097183942794800e-01 2.643907442688941956e-02 4.012651275843381882e-03 1.120114233344793320e-02 6.136426702141761780e-02 6.302751600742340088e-02 5.183593556284904480e-02 4.142099246382713318e-02 2.629362978041172028e-02 1.461362540721893311e-01 8.758130483329296112e-03 2.698746025562286377e-01 1.510744262486696243e-02 7.603950053453445435e-02 1.304249558597803116e-02 2.677267603576183319e-02 2.406971529126167297e-02 1.129312068223953247e-02 1.167972385883331299e-02 2.058454044163227081e-02 5.703255161643028259e-02 8.608272299170494080e-03 1.275186706334352493e-02 1.200532540678977966e-02 1.022032927721738815e-02 1.001568045467138290e-02 8.522345684468746185e-03 4.976966977119445801e-02 2.379943057894706726e-02 4.772868752479553223e-02 1.906063407659530640e-02 1.742424070835113525e-02 4.036557395011186600e-03 5.363120231777429581e-03 4.545828327536582947e-02 2.923474274575710297e-02 2.508623711764812469e-02 1.701797917485237122e-02 1.157242897897958755e-02 8.141982369124889374e-03 1.594214700162410736e-02 1.122984942048788071e-02 3.726090863347053528e-02 4.685290530323982239e-02 5.677782371640205383e-02 4.258340969681739807e-02 5.291799455881118774e-02 3.993722796440124512e-02 1.807254180312156677e-02 2.241770364344120026e-02 1.672311685979366302e-02 3.400534018874168396e-02 4.694495722651481628e-02 4.071971774101257324e-02 1.824066601693630219e-02 3.697199746966362000e-02 9.524043998681008816e-04 1.367731206119060516e-02 2.778484858572483063e-02 5.932520143687725067e-03 3.891251981258392334e-05 8.448475040495395660e-03 2.227515354752540588e-02 5.236674472689628601e-02 7.174897193908691406e-02 2.708497829735279083e-02 7.608941290527582169e-03 3.676263615489006042e-02 2.578524313867092133e-02 2.555336244404315948e-02 2.496088109910488129e-02 5.962356925010681152e-03 1.623960770666599274e-02 2.983775921165943146e-02 8.849686011672019958e-03 1.304087601602077484e-02 6.018371786922216415e-03 3.514156118035316467e-02 1.516322605311870575e-02 2.327398583292961121e-02 1.518430840224027634e-02 1.763628236949443817e-02 2.449103258550167084e-02 3.763122484087944031e-02 1.837760396301746368e-02 2.514772303402423859e-02 4.297395423054695129e-02 1.746331527829170227e-02 2.357243187725543976e-02 2.681153640151023865e-02 4.464973229914903641e-03 4.612060263752937317e-02 1.530975289642810822e-02 5.064304452389478683e-03 2.748725935816764832e-02 6.807847414165735245e-03 3.056924045085906982e-02 7.403525989502668381e-03 1.909052836708724499e-03 1.168700214475393295e-02 6.314713507890701294e-03 1.559920422732830048e-02 1.151366438716650009e-02 2.408433519303798676e-02 1.290342584252357483e-02 4.672419745475053787e-03 2.483405917882919312e-02 9.492579847574234009e-03 3.869951888918876648e-02 2.381150238215923309e-02 8.070060983300209045e-03 1.333995070308446884e-02 1.274364534765481949e-02 1.076063048094511032e-02 8.088648901320993900e-04
