2.984019368886947632e-02 3.295237720012664795e-01 6.315593421459197998e-02 7.920737378299236298e-03 5.911651253700256348e-02 1.285221055150032043e-02 8.277560025453567505e-02 1.209960598498582840e-02 3.329354524612426758e-02 5.407215561717748642e-03 2.136051952838897705e-01 6.151527166366577148e-03 4.773480817675590515e-02 1.623325049877166748e-02 6.392139941453933716e-02 4.613108932971954346e-02 5.029603466391563416e-02 3.882294520735740662e-02 2.122738957405090332e-02 3.612427413463592529e-02 8.719977922737598419e-03 2.199055813252925873e-02 6.282279733568429947e-03 3.433253988623619080e-02 4.580263793468475342e-02 3.699944168329238892e-02 4.389331117272377014e-02 3.227422386407852173e-02 1.193845528177917004e-03 3.915163129568099976e-02 6.264659762382507324e-02 5.171133670955896378e-03 2.238049358129501343e-02 4.528884217143058777e-02 1.843546144664287567e-02 2.944113127887248993e-02 3.707736358046531677e-02 2.186683472245931625e-03 9.546937420964241028e-03 4.714839532971382141e-02 8.409013040363788605e-03 2.008011005818843842e-02 1.876897923648357391e-02 8.811224251985549927e-03 4.019912332296371460e-02 7.053954154253005981e-02 1.293907612562179565e-01 3.604115545749664307e-02 7.440621405839920044e-02 2.394329197704792023e-02 2.564292587339878082e-02 1.093815173953771591e-02 3.929850831627845764e-02 1.463445462286472321e-02 1.698501780629158020e-02 1.561437360942363739e-02 5.847987905144691467e-02 1.342105213552713394e-02 1.490909978747367859e-02 2.989469654858112335e-02 8.880278095602989197e-03 3.155994415283203125e-02 2.861338667571544647e-02 1.348317265510559082e-01 3.302266821265220642e-02 4.941499233245849609e-02 2.740401588380336761e-02 2.790648117661476135e-02 1.168505754321813583e-02 3.047102130949497223e-02 1.960739679634571075e-02 5.536606535315513611e-02 4.674161784350872040e-03 1.724928803741931915e-02 2.243600971996784210e-02 2.499218389857560396e-04 3.333660215139389038e-02 1.741669699549674988e-02 5.041079223155975342e-02 5.355878919363021851e-02 4.897566512227058411e-02 6.156649906188249588e-03 9.075728058815002441e-02 3.899994865059852600e-02 7.278578728437423706e-02 5.331232398748397827e-02 3.171537443995475769e-02 3.292709589004516602e-02 5.704193934798240662e-02 5.091000720858573914e-02 1.610518433153629303e-02 6.570671498775482178e-02 3.908072784543037415e-02 4.690350033342838287e-03 5.149824172258377075e-02 6.957208365201950073e-02 5.231196433305740356e-02 5.358565133064985275e-03 2.999010309576988220e-02 2.460016869008541107e-02 2.510083466768264771e-02 9.202839806675910950e-03 7.599486503750085831e-03 2.820188924670219421e-02 2.149303443729877472e-02 3.911186754703521729e-02 2.470288984477519989e-02 1.172299403697252274e-02 1.941291242837905884e-02 3.370165079832077026e-02 1.372779067605733871e-02 4.722857847809791565e-02 5.974724143743515015e-02 1.296709477901458740e-02 2.741459384560585022e-02 3.148935735225677490e-02
3.295237720012664795e-01 5.121669173240661621e-02 5.921541154384613037e-02 2.084946259856224060e-02 5.759795196354389191e-03 6.644706428050994873e-02 2.783208526670932770e-02 3.990016132593154907e-02 2.179093717131763697e-04 2.609211765229701996e-02 1.547522693872451782e-01 1.239743083715438843e-02 2.018641382455825806e-01 4.494967311620712280e-02 1.974330097436904907e-02 1.348812226206064224e-02 2.427793294191360474e-02 7.807021494954824448e-03 4.751887917518615723e-02 6.063057109713554382e-02 4.564585164189338684e-02 8.414885029196739197e-03 5.907777324318885803e-02 2.291495352983474731e-02 3.189222887158393860e-02 4.014264792203903198e-02 2.725326269865036011e-02 3.878391161561012268e-02 1.331051252782344818e-02 2.216091565787792206e-02 2.920578233897686005e-02 1.363580953329801559e-02 7.851083576679229736e-02 5.798089876770973206e-02 2.982642315328121185e-02 7.870894856750965118e-03 5.414529889822006226e-02 1.375419739633798599e-02 4.968253523111343384e-02 3.114922670647501945e-03 2.541925944387912750e-02 2.735964767634868622e-02 9.852412156760692596e-03 4.343167692422866821e-02 7.971055060625076294e-02 9.468986093997955322e-02 1.720445789396762848e-02 5.268344283103942871e-02 3.024943731725215912e-02 3.076087869703769684e-02 4.487344622611999512e-02 6.927324831485748291e-02 2.521498315036296844e-02 3.513012081384658813e-02 3.057408146560192108e-02 2.404807694256305695e-02 3.433701023459434509e-02 6.294825673103332520e-02 3.251808084314689040e-05 2.743710763752460480e-02 1.203104015439748764e-02 3.334197029471397400e-02 3.628774720709770918e-04 1.411614567041397095e-01 2.662629261612892151e-02 3.224350884556770325e-02 3.129146620631217957e-02 1.889313943684101105e-02 1.047754660248756409e-02 3.049015253782272339e-02 2.039350755512714386e-02 4.037086386233568192e-03 4.059064760804176331e-02 4.842700902372598648e-03 1.298726815730333328e-02 1.082628592848777771e-02 3.551130369305610657e-02 6.364293396472930908e-02 2.345670200884342194e-02 4.727648105472326279e-03 2.953847497701644897e-02 6.876885890960693359e-04 1.677199080586433411e-02 6.515242904424667358e-02 1.524369884282350540e-02 9.666940197348594666e-03 3.139263018965721130e-02 4.176920652389526367e-02 1.704364642500877380e-02 6.984562426805496216e-02 1.017082948237657547e-02 6.907433271408081055e-04 1.696988195180892944e-02 5.172485858201980591e-02 2.110579423606395721e-02 3.024681098759174347e-02 2.569455653429031372e-02 3.129826486110687256e-02 1.857882365584373474e-02 4.972651600837707520e-03 4.574448335915803909e-03 5.460257641971111298e-03 4.051906242966651917e-02 1.900703459978103638e-02 2.100543864071369171e-02 9.509139694273471832e-03 2.265753038227558136e-02 4.216681048274040222e-02 6.294149160385131836e-02 8.014643192291259766e-02 6.474008783698081970e-03 2.348740771412849426e-02 1.866697333753108978e-02 2.561216615140438080e-02 3.420620411634445190e-02 3.477502241730690002e-02
6.315593421459197998e-02 5.921541154384613037e-02 1.644886098802089691e-02 5.431667715311050415e-02 3.311450406908988953e-02 6.713112443685531616e-02 5.924948304891586304e-02 1.529123336076736450e-01 1.674629561603069305e-02 2.251317538321018219e-02 5.792050808668136597e-02 2.149190008640289307e-02 1.140293106436729431e-02 3.713270649313926697e-02 1.168144866824150085e-02 9.267255081795156002e-04 3.420582041144371033e-02 5.193338170647621155e-02 2.109482325613498688e-02 3.493482619524002075e-02 3.344695270061492920e-02 4.364155605435371399e-02 3.266715630888938904e-02 1.504314038902521133e-02 3.087374009191989899e-02 3.339307010173797607e-02 2.669706381857395172e-02 5.151927005499601364e-03 1.284259278327226639e-02 2.735971007496118546e-03 2.326628752052783966e-02 9.864822961390018463e-03 3.680137544870376587e-02 4.279155284166336060e-02 5.756112933158874512e-02 2.630044240504503250e-03 1.191310491412878036e-02 1.049294099211692810e-01 9.090118855237960815e-02 7.749515026807785034e-02 3.162755444645881653e-02 1.805018400773406029e-03 4.700133949518203735e-02 1.314448658376932144e-02 5.252661649137735367e-04 2.135968580842018127e-02 1.220701411366462708e-01 4.056909307837486267e-02 6.775077432394027710e-03 3.539568930864334106e-02 3.272294998168945312e-02 4.713412746787071228e-02 7.578477263450622559e-02 9.725361317396163940e-02 6.474091112613677979e-02 4.167081788182258606e-02 1.563357375562191010e-02 3.597265854477882385e-02 5.525044631212949753e-03 1.894289255142211914e-02 6.243063881993293762e-02 1.005171332508325577e-02 5.211945250630378723e-02 8.708583191037178040e-03 2.781749702990055084e-02 4.265138879418373108e-02 7.248040754348039627e-03 5.532512068748474121e-02 2.985750790685415268e-03 7.011160254478454590e-03 5.446823779493570328e-03 1.232810132205486298e-02 3.889122046530246735e-03 7.240251172333955765e-03 3.433802723884582520e-02 3.312575817108154297e-02 2.615333534777164459e-02 1.754709519445896149e-02 3.140965476632118225e-02 4.043328762054443359e-02 2.067987769842147827e-01 1.670098602771759033e-01 8.223287761211395264e-03 3.260308504104614258e-02 2.808856964111328125e-02 2.651437185704708099e-02 4.338042065501213074e-02 8.957561105489730835e-03 3.895079251378774643e-03 5.046528205275535583e-02 2.140539512038230896e-02 2.183755487203598022e-02 1.926241628825664520e-02 2.492570551112294197e-03 9.967295452952384949e-03 1.879893388831987977e-04 2.835209667682647705e-02 1.039020791649818420e-01 2.383881807327270508e-02 8.770398795604705811e-02 2.889096364378929138e-02 6.627948582172393799e-02 3.728666901588439941e-02 4.629731923341751099e-02 7.358614355325698853e-02 9.947308152914047241e-02 1.590637490153312683e-02 3.665744513273239136e-02 6.241144239902496338e-02 2.056506089866161346e-02 4.424878582358360291e-02 5.014961585402488708e-02 2.122443728148937225e-02 1.087597105652093887e-02 6.097567453980445862e-02 4.047527164220809937e-02
7.920737378299236298e-03 2.084946259856224060e-02 5.431667715311050415e-02 6.359212100505828857e-02 2.369186654686927795e-02 5.048426985740661621e-02 1.570424810051918030e-02 1.865549571812152863e-02 2.815273962914943695e-02 4.858868569135665894e-02 6.376378983259201050e-02 3.455697745084762573e-02 3.792359307408332825e-02 6.788204773329198360e-04 4.394973814487457275e-02 4.041542857885360718e-02 1.194424927234649658e-02 5.096862092614173889e-02 5.190332978963851929e-02 6.410332862287759781e-03 3.071475401520729065e-02 1.042782887816429138e-02 1.635187119245529175e-02 7.278992235660552979e-02 3.687232499942183495e-03 3.955218475311994553e-03 2.584062516689300537e-02 4.866093024611473083e-02 7.706264965236186981e-03 1.162246428430080414e-02 6.646128743886947632e-02 2.101828576996922493e-03 6.449218839406967163e-02 4.765624552965164185e-02 2.295010536909103394e-02 2.079571783542633057e-02 1.351852808147668839e-02 1.338888145983219147e-02 9.212190657854080200e-02 2.308518253266811371e-02 3.082953765988349915e-02 2.093503810465335846e-02 1.687086187303066254e-02 2.865027636289596558e-02 4.643461667001247406e-03 8.148818276822566986e-03 4.632399603724479675e-02 2.755866199731826782e-02 4.764418583363294601e-03 7.831300050020217896e-02 7.291314005851745605e-02 5.157516803592443466e-03 4.785654693841934204e-02 3.423179686069488525e-02 2.380496822297573090e-03 8.686337620019912720e-02 3.640565648674964905e-02 5.396434664726257324e-02 4.139819741249084473e-02 3.536960482597351074e-02 6.116227596066892147e-04 2.931200712919235229e-02 6.657638587057590485e-03 4.262704402208328247e-02 6.332482676953077316e-03 3.883025795221328735e-02 8.093896321952342987e-03 3.776006028056144714e-02 3.383456543087959290e-02 4.274328798055648804e-02 1.928117824718356133e-03 4.841484595090150833e-03 7.125039398670196533e-02 2.964981272816658020e-02 5.868963524699211121e-02 3.544593229889869690e-02 2.565962821245193481e-02 4.465302079916000366e-02 2.571271918714046478e-02 3.941559419035911560e-02 5.056281015276908875e-02 1.070662122219800949e-02 1.073991581797599792e-01 6.009235978126525879e-02 2.148259058594703674e-02 7.611801475286483765e-02 5.752309784293174744e-02 5.076536163687705994e-02 3.760089725255966187e-02 2.195819467306137085e-02 1.834754250012338161e-03 4.574651271104812622e-02 2.891838364303112030e-02 9.740146808326244354e-03 1.212232094258069992e-02 3.931942209601402283e-02 7.732942700386047363e-03 4.591944441199302673e-02 1.350903324782848358e-02 2.255888283252716064e-02 3.798910230398178101e-02 2.369147911667823792e-02 1.590366847813129425e-02 1.092606617021374404e-04 5.822230875492095947e-02 1.949607022106647491e-02 6.309320777654647827e-02 1.620448194444179535e-02 1.673162914812564850e-03 4.468037188053131104e-02 1.768887229263782501e-02 1.919373497366905212e-02 1.983354613184928894e-02 3.613353008404374123e-03 5.796598270535469055e-03 9.095796942710876465e-02
5.911651253700256348e-02 5.759795196354389191e-03 3.311450406908988953e-02 2.369186654686927795e-02 4.883232712745666504e-02 8.659468963742256165e-03 5.945750325918197632e-02 1.851711235940456390e-02 4.845133423805236816e-02 7.135502994060516357e-02 1.631217636168003082e-02 1.036396995186805725e-02 1.314512640237808228e-02 5.196968838572502136e-02 1.237646769732236862e-02 5.472907051444053650e-02 4.929334670305252075e-02 3.038665838539600372e-02 1.259078234434127808e-01 1.829638145864009857e-02 7.410825788974761963e-02 3.836612403392791748e-02 4.688647389411926270e-02 2.488786168396472931e-02 4.625001922249794006e-02 1.269288640469312668e-02 2.101691067218780518e-02 4.725362360477447510e-02 3.190318122506141663e-02 4.459660872817039490e-02 5.396258831024169922e-02 1.801540888845920563e-02 8.991466462612152100e-02 1.265342440456151962e-02 6.886367499828338623e-02 2.264863066375255585e-02 2.976155094802379608e-02 7.259814441204071045e-02 6.353390961885452271e-02 1.907354146242141724e-01 8.575034886598587036e-02 1.699465513229370117e-02 1.792758889496326447e-02 2.989471890032291412e-02 2.761891484260559082e-02 7.769542187452316284e-02 9.837865363806486130e-04 5.091048032045364380e-02 6.836949288845062256e-02 6.223759148269891739e-03 2.313823252916336060e-02 4.910691455006599426e-02 7.863971404731273651e-03 4.307930916547775269e-02 4.742334783077239990e-02 2.752282889559864998e-03 4.710287321358919144e-03 7.608097977936267853e-03 4.754466190934181213e-02 4.582386836409568787e-02 4.699935391545295715e-02 1.040526926517486572e-01 9.255239740014076233e-03 2.432849630713462830e-02 3.845453262329101562e-02 4.791002348065376282e-02 7.639770954847335815e-02 9.293619543313980103e-03 2.907874435186386108e-02 1.435193512588739395e-02 8.890774101018905640e-02 5.154452286660671234e-03 6.997641175985336304e-02 9.289068169891834259e-03 5.952202156186103821e-02 2.090800320729613304e-03 6.936427950859069824e-02 7.604293059557676315e-03 1.397663541138172150e-02 3.174345567822456360e-02 5.587654933333396912e-02 4.401909932494163513e-02 4.555455595254898071e-02 4.827691614627838135e-02 8.225760422646999359e-03 1.832931675016880035e-02 3.576472168788313866e-03 1.622068509459495544e-02 3.114772960543632507e-02 7.951544597744941711e-03 4.090068396180868149e-03 1.856548828072845936e-03 6.218364089727401733e-02 1.425755955278873444e-02 3.748722374439239502e-03 2.343046106398105621e-02 1.096811890602111816e-02 6.311522424221038818e-02 4.596098512411117554e-02 2.547469176352024078e-02 1.709924452006816864e-02 5.308593437075614929e-02 1.350359339267015457e-02 3.266623243689537048e-02 9.108068048954010010e-02 4.564658552408218384e-02 4.041386768221855164e-02 3.934961557388305664e-02 4.703910276293754578e-02 2.765882946550846100e-02 3.794398903846740723e-02 2.668836526572704315e-02 1.785323023796081543e-02 2.538199163973331451e-02 2.390549890697002411e-02 2.150030247867107391e-02
1.285221055150032043e-02 6.644706428050994873e-02 6.713112443685531616e-02 5.048426985740661621e-02 8.659468963742256165e-03 5.461145564913749695e-02 2.676754891872406006e-01 5.067643523216247559e-02 1.746128313243389130e-02 2.992787584662437439e-02 1.017619110643863678e-02 3.755711019039154053e-02 9.953039884567260742e-02 7.596940733492374420e-03 6.916331499814987183e-02 4.452704265713691711e-02 1.195104606449604034e-02 3.728418052196502686e-02 6.574997678399085999e-03 3.087286092340946198e-02 6.483693420886993408e-02 1.182240713387727737e-02 5.181206855922937393e-03 4.132219776511192322e-02 1.380456029437482357e-03 4.242280870676040649e-02 9.553940966725349426e-03 6.372392922639846802e-02 8.788087964057922363e-02 1.599703729152679443e-02 7.039695233106613159e-02 6.109795346856117249e-02 4.179062321782112122e-02 1.275109872221946716e-02 3.802253678441047668e-02 2.880740351974964142e-02 7.631300017237663269e-03 7.227528840303421021e-03 2.881933376193046570e-02 6.363923195749521255e-03 3.256845101714134216e-02 3.486522659659385681e-02 7.737960666418075562e-02 1.763611473143100739e-02 6.847295910120010376e-03 2.872982807457447052e-02 1.812693849205970764e-02 5.323110893368721008e-02 9.022933430969715118e-03 1.738067599944770336e-03 6.378408521413803101e-02 2.091614902019500732e-02 1.549821346998214722e-02 1.483726035803556442e-02 1.006117612123489380e-01 1.600817777216434479e-02 3.471754956990480423e-03 8.145361393690109253e-02 1.191057730466127396e-02 4.066956788301467896e-02 1.419678446836769581e-03 9.754019789397716522e-03 2.586170472204685211e-02 4.442539066076278687e-02 2.208620309829711914e-03 4.292673990130424500e-02 2.385462168604135513e-03 6.624987721443176270e-02 4.431264009326696396e-03 3.368359431624412537e-02 2.415357902646064758e-02 2.593606151640415192e-02 2.887745387852191925e-03 2.501137182116508484e-02 6.904291454702615738e-03 2.262534573674201965e-03 1.938379742205142975e-02 5.501286685466766357e-02 2.194454148411750793e-02 3.686681389808654785e-02 1.246734522283077240e-02 1.815750636160373688e-02 1.660971320234239101e-03 1.104852464050054550e-02 8.198419213294982910e-02 6.392314098775386810e-03 7.517729885876178741e-03 5.168671905994415283e-02 3.671800717711448669e-02 4.336616024374961853e-02 5.625480040907859802e-02 4.040668532252311707e-02 7.830791175365447998e-02 2.338178083300590515e-02 8.777827024459838867e-03 3.553649410605430603e-02 1.637797057628631592e-02 1.568770781159400940e-02 1.289501599967479706e-02 9.216640610247850418e-04 2.653967402875423431e-02 3.842353180516511202e-04 3.075693733990192413e-02 1.768190599977970123e-02 1.406927034258842468e-02 3.917458001524209976e-03 3.551469743251800537e-02 3.602790832519531250e-02 7.221001386642456055e-02 3.705773502588272095e-02 3.363263234496116638e-02 2.478655986487865448e-02 5.168537795543670654e-02 8.174420893192291260e-02 3.015105985105037689e-02 5.633773282170295715e-03
8.277560025453567505e-02 2.783208526670932770e-02 5.924948304891586304e-02 1.570424810051918030e-02 5.945750325918197632e-02 2.676754891872406006e-01 1.575602777302265167e-02 4.881284385919570923e-02 6.024123728275299072e-02 4.971355944871902466e-02 3.561884164810180664e-02 2.901574410498142242e-02 2.995933033525943756e-02 6.135766208171844482e-02 3.926201723515987396e-03 3.826610743999481201e-02 3.283572942018508911e-02 8.084651082754135132e-02 4.195806384086608887e-02 3.284468129277229309e-02 1.927028968930244446e-02 1.446037087589502335e-02 7.179173827171325684e-02 1.715729571878910065e-02 4.480719193816184998e-02 2.241121418774127960e-02 1.018873676657676697e-01 3.379731252789497375e-02 4.475453868508338928e-03 5.426694080233573914e-02 3.222472965717315674e-02 3.554696217179298401e-02 8.325341343879699707e-02 2.022088132798671722e-02 1.794727332890033722e-02 4.373681917786598206e-02 4.331706091761589050e-02 2.174344845116138458e-02 2.595721557736396790e-02 1.468349620699882507e-02 9.368501603603363037e-02 3.395412350073456764e-03 7.135207951068878174e-02 4.220047965645790100e-02 5.299501493573188782e-02 1.844309829175472260e-02 2.634266316890716553e-01 1.687311101704835892e-03 4.043225571513175964e-02 4.097490385174751282e-02 1.969143748283386230e-02 3.190081799402832985e-03 5.424862354993820190e-02 2.032233588397502899e-02 4.355544596910476685e-02 2.685245871543884277e-02 5.648263171315193176e-02 3.074334003031253815e-02 2.164441533386707306e-02 7.834657095372676849e-03 3.706574812531471252e-02 1.820176467299461365e-02 6.186131853610277176e-03 6.083271000534296036e-03 4.974128305912017822e-02 5.606624484062194824e-02 3.073346428573131561e-02 4.441928118467330933e-03 5.244141072034835815e-02 2.142092026770114899e-02 5.306036211550235748e-03 1.637651398777961731e-02 2.459940873086452484e-02 1.336276438087224960e-02 1.391982473433017731e-02 2.861337037757039070e-03 6.825165823101997375e-03 5.436140298843383789e-02 4.300957173109054565e-02 4.065363481640815735e-02 2.424184978008270264e-02 4.406871274113655090e-03 4.867228865623474121e-02 1.731188595294952393e-02 6.086376681923866272e-02 1.211768575012683868e-02 5.149608943611383438e-03 5.892153084278106689e-02 5.898916348814964294e-02 3.621255233883857727e-02 6.987109780311584473e-03 4.463369399309158325e-02 3.170406445860862732e-03 1.142433006316423416e-02 5.623165518045425415e-02 1.225084625184535980e-02 7.857228815555572510e-02 8.673378266394138336e-03 8.593527972698211670e-02 2.407711744308471680e-02 4.197739530354738235e-03 2.691187337040901184e-02 4.805045202374458313e-02 6.619196385145187378e-02 3.764111548662185669e-02 2.003268152475357056e-02 3.466175124049186707e-02 7.053127884864807129e-02 5.938053131103515625e-02 4.987299069762229919e-02 8.759889006614685059e-02 1.114622503519058228e-01 6.770138442516326904e-02 2.036062441766262054e-02 2.808843739330768585e-02 2.064403146505355835e-02
1.209960598498582840e-02 3.990016132593154907e-02 1.529123336076736450e-01 1.865549571812152863e-02 1.851711235940456390e-02 5.067643523216247559e-02 4.881284385919570923e-02 6.716992706060409546e-02 5.541138350963592529e-03 6.302274763584136963e-02 1.522451755590736866e-03 1.130998320877552032e-02 1.341533102095127106e-02 2.920076437294483185e-02 1.747092455625534058e-01 1.994705386459827423e-02 2.447894401848316193e-02 8.386081457138061523e-02 1.201328076422214508e-02 6.933693587779998779e-02 8.973480015993118286e-02 2.894803322851657867e-02 2.226443216204643250e-02 1.307697780430316925e-02 2.120116539299488068e-02 6.037179753184318542e-02 1.897874847054481506e-02 2.728884108364582062e-02 1.497469004243612289e-02 1.860562915680930018e-04 4.294583201408386230e-02 6.305220304057002068e-04 4.309766739606857300e-02 7.323715835809707642e-02 1.106023602187633514e-02 5.453804507851600647e-02 1.364134699106216431e-01 1.787469722330570221e-02 5.833093822002410889e-02 4.546500369906425476e-02 3.149383887648582458e-02 1.973663643002510071e-02 2.761681750416755676e-02 3.558510914444923401e-02 4.934288933873176575e-02 3.527816385030746460e-02 1.234658248722553253e-02 2.073042839765548706e-02 1.891904324293136597e-02 7.119742222130298615e-03 2.589444257318973541e-02 2.618921548128128052e-02 3.375630453228950500e-02 5.791085958480834961e-02 3.616974875330924988e-02 3.128346428275108337e-02 3.792003542184829712e-02 2.867182344198226929e-02 9.938589297235012054e-03 5.849954858422279358e-02 3.791606426239013672e-02 5.763789638876914978e-02 7.583044003695249557e-03 5.614615604281425476e-02 1.136617083102464676e-02 6.240782514214515686e-02 2.808391302824020386e-02 1.834131404757499695e-02 2.696032263338565826e-02 3.199769183993339539e-02 2.994742430746555328e-02 1.359921973198652267e-02 1.316305715590715408e-02 6.341476738452911377e-02 1.154687837697565556e-03 1.176346186548471451e-02 2.691819332540035248e-02 5.517238751053810120e-02 1.948629878461360931e-02 1.051526889204978943e-02 2.491611093282699585e-01 2.089227139949798584e-01 5.791831389069557190e-02 1.502073090523481369e-02 6.732528656721115112e-02 6.269307434558868408e-02 8.581253141164779663e-02 4.091862123459577560e-03 1.593890227377414703e-02 1.139053329825401306e-01 4.253007471561431885e-02 3.365121409296989441e-02 1.513459347188472748e-02 1.012029126286506653e-02 4.224731028079986572e-02 1.836896687746047974e-02 2.593301981687545776e-02 3.835850208997726440e-02 1.481971517205238342e-02 3.174743056297302246e-02 9.171091951429843903e-03 2.733746543526649475e-02 1.030123978853225708e-02 2.203648351132869720e-02 2.927597053349018097e-02 3.220320504624396563e-04 2.874073386192321777e-02 3.815695270895957947e-02 6.965149194002151489e-02 5.564650893211364746e-02 6.916484236717224121e-02 7.746435701847076416e-03 7.522131502628326416e-02 1.771028339862823486e-02 1.780746690928936005e-02 7.112394273281097412e-02
3.329354524612426758e-02 2.179093717131763697e-04 1.674629561603069305e-02 2.815273962914943695e-02 4.845133423805236816e-02 1.746128313243389130e-02 6.024123728275299072e-02 5.541138350963592529e-03 8.073687553405761719e-02 7.784058898687362671e-02 4.976873286068439484e-03 4.029842093586921692e-02 1.657720655202865601e-02 1.771785505115985870e-02 3.650680929422378540e-02 1.011232510209083557e-01 1.143290475010871887e-02 6.419570744037628174e-02 6.405144184827804565e-02 5.277563352137804031e-03 2.271461300551891327e-02 9.298837539972737432e-05 1.248203739523887634e-01 6.930898129940032959e-02 1.950517110526561737e-02 6.226641684770584106e-02 4.555286467075347900e-02 5.866524204611778259e-02 2.230299822986125946e-02 1.927073486149311066e-02 2.030648663640022278e-02 2.696963213384151459e-02 3.985672444105148315e-02 3.669838607311248779e-02 2.305513061583042145e-02 2.129605971276760101e-02 1.342940516769886017e-02 5.111658014357089996e-03 3.932734020054340363e-03 3.150952979922294617e-02 4.269274324178695679e-02 9.530300647020339966e-02 4.252420738339424133e-02 3.955084830522537231e-02 3.156711161136627197e-02 1.823731884360313416e-02 5.193143151700496674e-03 3.960676118731498718e-02 7.792287319898605347e-02 4.855171218514442444e-02 3.296107798814773560e-02 4.838715121150016785e-02 2.582649327814579010e-02 8.787360042333602905e-03 9.308017045259475708e-02 6.293336302042007446e-02 7.543783634901046753e-02 9.766723960638046265e-03 1.618251204490661621e-02 1.581277698278427124e-02 9.652473032474517822e-02 3.638556972146034241e-02 1.590568758547306061e-02 4.510025493800640106e-03 7.259477395564317703e-03 4.214762523770332336e-02 6.342124193906784058e-02 3.685361519455909729e-02 9.225939400494098663e-03 4.297128471080213785e-04 7.069627940654754639e-02 6.939577311277389526e-02 1.347627956420183182e-02 3.386557474732398987e-02 5.216039717197418213e-03 7.852946221828460693e-02 1.966119557619094849e-01 9.724926948547363281e-02 9.614808857440948486e-02 2.985883131623268127e-02 3.922662232071161270e-03 4.413214698433876038e-02 2.155542373657226562e-02 4.281055927276611328e-02 7.915532588958740234e-02 3.641800209879875183e-02 2.869174443185329437e-02 5.320398136973381042e-02 4.154953733086585999e-02 3.379027126356959343e-03 1.401299331337213516e-02 1.688820123672485352e-02 1.428472623229026794e-02 2.494427002966403961e-02 8.507182449102401733e-02 1.074344571679830551e-02 5.220107734203338623e-02 6.489753723144531250e-02 1.059588491916656494e-01 8.570659160614013672e-02 1.707882247865200043e-02 5.420244485139846802e-02 1.630044355988502502e-02 5.239630863070487976e-02 8.441483229398727417e-02 2.348922379314899445e-02 5.794225260615348816e-02 1.744984090328216553e-02 4.343543946743011475e-02 3.239305317401885986e-02 1.607846282422542572e-02 1.151067204773426056e-02 3.920397907495498657e-02 3.714704886078834534e-02 1.106091216206550598e-02 3.975536674261093140e-03
5.407215561717748642e-03 2.609211765229701996e-02 2.251317538321018219e-02 4.858868569135665894e-02 7.135502994060516357e-02 2.992787584662437439e-02 4.971355944871902466e-02 6.302274763584136963e-02 7.784058898687362671e-02 1.019413024187088013e-01 3.825752064585685730e-02 3.896883875131607056e-02 2.345130778849124908e-02 9.002652950584888458e-04 4.478377103805541992e-02 8.832179754972457886e-02 1.935955323278903961e-02 1.992319151759147644e-02 8.390008658170700073e-02 5.310514196753501892e-02 4.609705938491970301e-04 1.654938235878944397e-02 6.988968700170516968e-02 1.200482025742530823e-01 4.207289963960647583e-02 5.835701152682304382e-02 2.960413694381713867e-02 3.567945957183837891e-02 1.342716906219720840e-02 5.928774550557136536e-02 4.511022325459634885e-06 1.063563022762537003e-02 5.897535476833581924e-03 4.533303435891866684e-03 1.789652742445468903e-02 5.331373959779739380e-02 2.803973294794559479e-02 3.357075527310371399e-02 4.913089424371719360e-02 1.405704766511917114e-02 2.431340329349040985e-02 2.613871358335018158e-02 4.310027137398719788e-02 4.224908724427223206e-02 6.528779398649930954e-03 3.519066795706748962e-02 3.746512159705162048e-02 3.436253406107425690e-03 4.737059399485588074e-02 1.225381270051002502e-01 3.405208885669708252e-02 6.219017505645751953e-02 5.233992636203765869e-02 5.763398855924606323e-02 1.060490147210657597e-03 3.185064718127250671e-02 8.401177823543548584e-03 1.894121430814266205e-02 3.276573494076728821e-02 1.486770249903202057e-02 6.573642790317535400e-02 2.739409357309341431e-02 3.107052296400070190e-02 5.694592744112014771e-02 1.381425280123949051e-02 9.088967926800251007e-03 5.256181117147207260e-03 2.362464554607868195e-02 3.429403901100158691e-02 8.465569466352462769e-02 9.426514804363250732e-02 1.632571034133434296e-02 1.121159736067056656e-02 1.980588212609291077e-02 3.827502205967903137e-02 2.462400496006011963e-02 3.695243224501609802e-02 1.837893277406692505e-01 1.750968769192695618e-02 7.432600110769271851e-02 5.717267096042633057e-02 6.044239178299903870e-02 7.241618819534778595e-03 1.395799666643142700e-01 1.915146782994270325e-02 2.770773600786924362e-03 3.663767594844102859e-03 3.876869380474090576e-02 2.764691226184368134e-02 2.291375696659088135e-01 3.419608250260353088e-02 5.381255969405174255e-02 5.786487087607383728e-02 1.465077977627515793e-02 5.030070617794990540e-02 5.935001187026500702e-03 4.754045605659484863e-02 5.117237940430641174e-02 4.462373256683349609e-02 4.298472404479980469e-02 4.238870739936828613e-02 2.499560359865427017e-03 7.606451399624347687e-03 4.060216620564460754e-02 6.264754384756088257e-02 1.264048274606466293e-02 1.012514438480138779e-02 2.038796059787273407e-02 5.411660298705101013e-02 4.146925732493400574e-02 7.628218736499547958e-04 5.920788273215293884e-02 2.543512731790542603e-02 1.647438295185565948e-02 3.140600398182868958e-02 3.930399194359779358e-02
2.136051952838897705e-01 1.547522693872451782e-01 5.792050808668136597e-02 6.376378983259201050e-02 1.631217636168003082e-02 1.017619110643863678e-02 3.561884164810180664e-02 1.522451755590736866e-03 4.976873286068439484e-03 3.825752064585685730e-02 7.561311125755310059e-02 1.232664752751588821e-02 2.257809191942214966e-01 1.343257352709770203e-02 8.286118507385253906e-02 3.719109576195478439e-03 4.287163913249969482e-02 1.469554845243692398e-02 3.462161123752593994e-02 1.273136585950851440e-02 5.022973194718360901e-02 3.920821845531463623e-02 4.665548726916313171e-02 3.088321164250373840e-02 2.802212536334991455e-02 1.094876206479966640e-03 5.074905976653099060e-02 4.363335296511650085e-02 9.557372331619262695e-02 5.476374179124832153e-02 8.802671730518341064e-02 5.276563391089439392e-02 5.520351603627204895e-02 3.484321525320410728e-03 5.966864898800849915e-02 5.082051083445549011e-02 5.746329203248023987e-02 3.960181027650833130e-02 5.864986777305603027e-02 2.319391816854476929e-02 5.240098387002944946e-02 5.405083764344453812e-03 7.073706015944480896e-03 6.996072828769683838e-03 1.373893395066261292e-02 4.376180842518806458e-02 1.014188453555107117e-01 5.527073889970779419e-02 3.353375941514968872e-02 3.123898617923259735e-02 7.597813755273818970e-02 7.720714807510375977e-02 4.377952963113784790e-02 3.952421993017196655e-02 3.364153578877449036e-02 1.005402067676186562e-03 1.444218680262565613e-02 2.783751487731933594e-02 8.065593428909778595e-03 1.396752987056970596e-02 1.413089688867330551e-02 7.519128918647766113e-02 2.451233752071857452e-02 2.541109360754489899e-02 3.821523115038871765e-02 8.851543813943862915e-02 6.356484442949295044e-02 2.841625973815098405e-05 3.804926946759223938e-02 2.494538202881813049e-02 1.088682096451520920e-02 3.455754369497299194e-02 1.432635635137557983e-02 4.028255864977836609e-02 2.641201391816139221e-02 2.821341156959533691e-02 2.850698307156562805e-02 6.387281697243452072e-03 2.322312258183956146e-02 4.734517633914947510e-02 9.135336149483919144e-04 3.929184749722480774e-03 3.546333871781826019e-03 5.068872496485710144e-02 7.116992957890033722e-03 7.082592695951461792e-03 3.865647315979003906e-02 5.128557607531547546e-02 5.070694163441658020e-02 1.303793024271726608e-02 2.766533754765987396e-02 1.711290702223777771e-02 4.166715592145919800e-02 1.651930250227451324e-02 4.116348549723625183e-02 4.976030811667442322e-02 6.522721052169799805e-02 5.460131913423538208e-03 2.491583488881587982e-02 5.893632397055625916e-02 1.930135861039161682e-02 3.360638767480850220e-02 5.577946454286575317e-02 1.006441656500101089e-02 4.599495232105255127e-02 6.642133742570877075e-02 9.666121006011962891e-02 2.184425108134746552e-02 9.824017994105815887e-03 2.321799052879214287e-03 2.246222086250782013e-02 6.347103416919708252e-02 1.382257975637912750e-02 4.310859367251396179e-02 4.934117197990417480e-02 3.849460184574127197e-02
6.151527166366577148e-03 1.239743083715438843e-02 2.149190008640289307e-02 3.455697745084762573e-02 1.036396995186805725e-02 3.755711019039154053e-02 2.901574410498142242e-02 1.130998320877552032e-02 4.029842093586921692e-02 3.896883875131607056e-02 1.232664752751588821e-02 8.681634068489074707e-02 5.739414598792791367e-03 1.582392007112503052e-01 6.932230666279792786e-03 4.097265750169754028e-02 6.558466702699661255e-03 1.577552221715450287e-02 7.131072133779525757e-02 5.308261606842279434e-03 8.121469616889953613e-02 4.171463660895824432e-03 4.068850353360176086e-02 3.198606148362159729e-02 8.397104591131210327e-02 1.314280275255441666e-02 6.377284415066242218e-03 8.917536586523056030e-02 3.445066104177385569e-04 7.763689011335372925e-02 2.807487919926643372e-02 1.070698257535696030e-03 7.311378419399261475e-02 6.615456193685531616e-02 7.600817084312438965e-02 5.939969047904014587e-02 3.782683983445167542e-02 1.593303866684436798e-02 1.255345623940229416e-02 3.688759356737136841e-02 9.093402884900569916e-03 1.628022082149982452e-02 2.268982492387294769e-02 6.552734412252902985e-03 7.188703119754791260e-02 3.890765365213155746e-03 5.837516114115715027e-02 2.938843518495559692e-02 3.679224476218223572e-02 2.560911234468221664e-03 8.252530358731746674e-03 7.562346756458282471e-02 2.511682733893394470e-02 3.584436327219009399e-02 9.417976252734661102e-03 1.167077664285898209e-02 3.061401844024658203e-02 2.701661922037601471e-02 3.086007572710514069e-02 2.681581489741802216e-02 6.090579088777303696e-03 3.452105075120925903e-02 3.137363493442535400e-02 7.019281387329101562e-03 3.707173466682434082e-02 1.958541758358478546e-02 6.860714405775070190e-02 5.703353136777877808e-02 2.867798553779721260e-03 1.152562070637941360e-02 1.917641237378120422e-02 2.685069851577281952e-02 2.551759593188762665e-02 2.140964381396770477e-02 4.638762399554252625e-02 5.862613325007259846e-04 5.511354655027389526e-02 3.452572226524353027e-02 6.689482927322387695e-02 5.087986588478088379e-02 2.338837645947933197e-02 2.390601206570863724e-03 4.891426488757133484e-02 2.230060100555419922e-02 2.015200676396489143e-03 2.907297946512699127e-02 8.046478964388370514e-03 2.013905346393585205e-02 2.692173793911933899e-02 9.721925482153892517e-03 6.233532726764678955e-02 1.234824676066637039e-02 9.077218174934387207e-02 3.404916031286120415e-03 4.557516798377037048e-02 9.402009658515453339e-03 1.642126776278018951e-02 2.817618101835250854e-02 2.141854912042617798e-02 4.155484214425086975e-02 1.700657606124877930e-02 4.699172824621200562e-02 2.426049858331680298e-02 1.150400470942258835e-02 4.291140660643577576e-02 2.933336421847343445e-03 3.609066829085350037e-02 1.664967462420463562e-02 2.965647727251052856e-02 5.357988551259040833e-02 2.607488771900534630e-03 1.977518387138843536e-02 1.747067645192146301e-02 3.498933836817741394e-02 2.980481367558240891e-03 5.561991035938262939e-02
4.773480817675590515e-02 2.018641382455825806e-01 1.140293106436729431e-02 3.792359307408332825e-02 1.314512640237808228e-02 9.953039884567260742e-02 2.995933033525943756e-02 1.341533102095127106e-02 1.657720655202865601e-02 2.345130778849124908e-02 2.257809191942214966e-01 5.739414598792791367e-03 8.171165734529495239e-02 6.489938497543334961e-02 1.281711459159851074e-01 1.766302622854709625e-02 5.499438196420669556e-02 1.100962422788143158e-02 1.444847788661718369e-02 7.458791881799697876e-02 1.492481585592031479e-02 2.277242764830589294e-02 2.374694496393203735e-02 4.016106948256492615e-02 2.942172810435295105e-02 4.665234591811895370e-03 2.863545902073383331e-02 1.544805243611335754e-02 7.173413783311843872e-02 2.423511818051338196e-02 9.304172545671463013e-02 8.910099044442176819e-03 8.324542641639709473e-02 3.006464987993240356e-02 4.611324146389961243e-02 3.767027705907821655e-02 1.525458693504333496e-02 1.100617647171020508e-01 5.711396038532257080e-02 3.761062398552894592e-03 3.825672669336199760e-03 1.604794524610042572e-02 2.544514089822769165e-02 3.204813227057456970e-02 3.575023962184786797e-03 1.790431141853332520e-02 5.170511081814765930e-03 7.616674900054931641e-02 2.302707545459270477e-02 9.330428205430507660e-03 3.608715953305363655e-03 3.206885652616620064e-03 5.283433198928833008e-02 2.967355027794837952e-02 4.122707247734069824e-02 8.837787434458732605e-03 1.026071328669786453e-02 7.848306559026241302e-04 3.532246872782707214e-02 5.568559840321540833e-02 2.663957327604293823e-02 4.011568799614906311e-02 3.873958718031644821e-03 2.099226973950862885e-02 1.313663367182016373e-02 9.861429780721664429e-02 3.525074338540434837e-03 2.264259010553359985e-02 4.070981219410896301e-02 5.561744794249534607e-02 8.792595006525516510e-03 3.541930392384529114e-02 5.291707441210746765e-02 2.478668466210365295e-02 6.241972371935844421e-02 3.410413861274719238e-02 1.657896861433982849e-02 2.150732092559337616e-02 1.869554817676544189e-02 3.976386040449142456e-03 4.861867055296897888e-03 2.146515436470508575e-02 3.324991092085838318e-02 6.243428587913513184e-02 4.413862526416778564e-02 2.600244618952274323e-02 8.868405595421791077e-03 3.848275169730186462e-02 5.488887429237365723e-03 4.507871717214584351e-02 5.402802675962448120e-02 3.730735555291175842e-02 1.621920615434646606e-02 3.566302731633186340e-02 4.601351544260978699e-02 2.491151168942451477e-02 5.529561638832092285e-02 2.966364100575447083e-02 8.757667616009712219e-03 3.933933097869157791e-03 2.768832072615623474e-02 4.093636292964220047e-03 4.266896471381187439e-02 2.720092609524726868e-02 1.622821087948977947e-03 2.965687401592731476e-02 3.024731762707233429e-02 6.982743740081787109e-02 1.704021729528903961e-02 1.857279799878597260e-02 5.700184777379035950e-02 6.985527276992797852e-02 1.187707576900720596e-02 1.955987326800823212e-02 3.896591439843177795e-02 1.706773228943347931e-02
