1.617072671651840210e-01 2.299367785453796387e-01 1.349989324808120728e-02 2.559118904173374176e-02 5.414480809122323990e-03 1.146901026368141174e-01 7.638864219188690186e-02 3.899338841438293457e-02 7.330895960330963135e-02 4.556375090032815933e-03 1.887859702110290527e-01 5.202422291040420532e-02 1.309031546115875244e-01 5.918491259217262268e-02 1.237300224602222443e-02 7.879759185016155243e-03 4.879774525761604309e-03 8.546664379537105560e-03 2.044577710330486298e-02 2.074660547077655792e-02 9.998166933655738831e-03 5.277678743004798889e-02 2.311456575989723206e-02 2.363219857215881348e-02 2.319690585136413574e-02 4.285926371812820435e-02 5.429223645478487015e-03 1.772057078778743744e-02 3.430935367941856384e-02 4.972449690103530884e-02 7.942174561321735382e-03 3.686400130391120911e-02 4.879859043285250664e-04 1.424583233892917633e-02 1.899307034909725189e-02 3.113259747624397278e-02 2.590235881507396698e-02 1.101559121161699295e-02 2.343067154288291931e-02 1.127789448946714401e-02 3.641034290194511414e-02 4.054869338870048523e-02 3.412008658051490784e-02 2.622598223388195038e-02 2.028934471309185028e-02 4.676451906561851501e-03 1.325782090425491333e-01 6.343997269868850708e-02 4.167458042502403259e-02 2.722311578691005707e-02 1.492280326783657074e-02 9.629952721297740936e-03 1.660076901316642761e-02 1.534498389810323715e-02 2.770091220736503601e-02 4.861930385231971741e-02 4.134738072752952576e-02 1.288674678653478622e-02 4.095034673810005188e-02 3.997044637799263000e-02 4.362156614661216736e-02 3.994689136743545532e-02 9.307430591434240341e-04 3.448585420846939087e-02 3.131073713302612305e-02 1.438070554286241531e-02 1.100714225322008133e-02 5.039501469582319260e-03 2.101918496191501617e-02 3.602762892842292786e-02 2.715998329222202301e-02 6.276641786098480225e-02 4.922438785433769226e-02 3.911730647087097168e-02 4.844767972826957703e-02 6.894374638795852661e-02 1.107611693441867828e-02 3.469757363200187683e-02 8.651679381728172302e-03 2.757757902145385742e-02 1.772625744342803955e-02 4.102873429656028748e-02 2.846117503941059113e-02 3.594986349344253540e-02 6.873340159654617310e-02 1.626943796873092651e-02 2.812213264405727386e-03 2.361131832003593445e-02 2.877826429903507233e-02 7.045598700642585754e-03 6.273253262042999268e-02 1.452833227813243866e-02 9.675470180809497833e-03 6.162872165441513062e-02 2.574038878083229065e-02 8.973873220384120941e-03 4.691810533404350281e-02 6.081266328692436218e-02 1.984530501067638397e-02 1.759048551321029663e-02 3.936599474400281906e-03 1.082615368068218231e-02 3.337015211582183838e-02 5.545854195952415466e-02 1.429210323840379715e-02 3.171587130054831505e-03 1.882319524884223938e-02 2.481273561716079712e-02 2.938129007816314697e-02 5.276545509696006775e-02 5.284495651721954346e-02 3.381915763020515442e-02 8.629258722066879272e-03 1.694648712873458862e-02 2.204421348869800568e-02 5.895990133285522461e-02
2.299367785453796387e-01 1.537883430719375610e-01 4.031922202557325363e-03 1.675638370215892792e-02 2.517440915107727051e-02 1.364612877368927002e-01 1.650274395942687988e-01 9.181565605103969574e-03 1.280544046312570572e-02 3.362114727497100830e-02 1.457424312829971313e-01 6.225484237074851990e-02 1.536809802055358887e-01 1.149362578871659935e-04 9.356056340038776398e-03 3.089744038879871368e-02 6.793264765292406082e-03 2.255951240658760071e-02 9.818466380238533020e-03 9.039239026606082916e-03 3.527557710185647011e-03 4.282248765230178833e-02 2.598959207534790039e-02 2.236028760671615601e-02 5.025770980864763260e-03 2.646244131028652191e-02 4.592612013220787048e-02 3.884184360504150391e-02 7.822429761290550232e-03 7.824032008647918701e-02 1.970155164599418640e-02 3.518859669566154480e-02 8.894763886928558350e-03 1.193968672305345535e-02 3.967428114265203476e-03 3.002277761697769165e-02 4.573135077953338623e-02 2.892870269715785980e-02 4.238397255539894104e-02 2.559469640254974365e-02 2.301264181733131409e-02 3.741240873932838440e-02 3.358419612050056458e-02 1.955622062087059021e-02 9.426499716937541962e-03 3.324575722217559814e-02 9.520597010850906372e-02 6.114633381366729736e-02 1.241872645914554596e-02 3.926508128643035889e-02 1.383984833955764771e-02 6.508449558168649673e-03 5.129313468933105469e-02 1.190784946084022522e-02 2.656896784901618958e-02 5.874434486031532288e-02 2.720996737480163574e-02 1.186034362763166428e-02 1.168814860284328461e-02 3.666117787361145020e-02 3.647059947252273560e-02 3.140399232506752014e-02 2.057790383696556091e-02 3.047428838908672333e-02 4.941669479012489319e-02 6.106985360383987427e-02 3.365173563361167908e-02 2.302316203713417053e-02 1.209282595664262772e-02 1.085392292588949203e-02 1.505435351282358170e-02 5.426704138517379761e-02 1.965320855379104614e-02 3.466139361262321472e-02 1.527970377355813980e-02 3.778501600027084351e-02 4.831994697451591492e-02 1.664870791137218475e-02 2.514046058058738708e-02 2.509201876819133759e-02 1.120404619723558426e-02 4.768265038728713989e-02 3.330821171402931213e-02 1.648413576185703278e-02 7.067274302244186401e-03 3.127435967326164246e-02 5.526058841496706009e-03 3.036855161190032959e-02 2.247754484415054321e-02 9.693410247564315796e-03 1.148931123316287994e-02 3.182941675186157227e-02 1.880797557532787323e-02 2.838705852627754211e-02 4.862157255411148071e-02 4.399439319968223572e-02 1.775570213794708252e-02 8.593468926846981049e-03 2.325554937124252319e-02 4.687164444476366043e-03 1.590267382562160492e-02 1.574091427028179169e-02 3.453594818711280823e-02 1.727962866425514221e-02 9.675653651356697083e-03 4.531900212168693542e-02 2.731152996420860291e-02 3.141442313790321350e-02 6.151982117444276810e-03 1.895130798220634460e-02 6.807528901845216751e-03 3.444466856308281422e-04 1.725223474204540253e-02 2.631013095378875732e-02 5.683911591768264771e-02 9.980504401028156281e-03
1.349989324808120728e-02 4.031922202557325363e-03 1.474180817604064941e-01 7.915078313089907169e-04 5.532129108905792236e-02 4.347593709826469421e-02 4.404840618371963501e-02 1.510104686021804810e-01 1.781111583113670349e-02 2.681721933186054230e-02 8.065374195575714111e-02 1.310100872069597244e-02 3.994661569595336914e-02 4.695471376180648804e-03 2.165978774428367615e-02 3.518616035580635071e-02 5.161406099796295166e-02 2.350961416959762573e-02 2.098170574754476547e-03 4.411276802420616150e-02 1.732503995299339294e-02 6.694516539573669434e-02 3.777935728430747986e-02 2.431944198906421661e-02 3.331599012017250061e-02 2.166312560439109802e-02 6.481456756591796875e-02 2.678511478006839752e-02 3.209072351455688477e-02 8.436393924057483673e-03 6.426738575100898743e-03 1.542526204138994217e-02 1.606493070721626282e-02 1.996986009180545807e-02 2.489334903657436371e-02 2.554129995405673981e-02 1.606961712241172791e-03 4.582922533154487610e-02 2.469602441124152392e-05 1.574458088725805283e-03 1.930837635882198811e-03 3.439011797308921814e-02 4.705061204731464386e-03 3.184838593006134033e-02 7.118786871433258057e-02 4.029406234622001648e-02 4.993743076920509338e-02 6.519315391778945923e-02 4.203617572784423828e-02 4.189195856451988220e-02 2.764145657420158386e-02 3.390245884656906128e-02 2.415745891630649567e-02 2.037314698100090027e-02 3.397746011614799500e-02 8.023735135793685913e-03 2.427299693226814270e-02 2.459961688145995140e-03 3.636598587036132812e-02 1.911640632897615433e-03 3.730082511901855469e-02 2.300003357231616974e-02 2.305010519921779633e-02 8.737283758819103241e-03 1.623510569334030151e-02 6.423425674438476562e-02 4.194356501102447510e-02 1.225754711776971817e-02 4.271258041262626648e-02 4.180813208222389221e-02 2.995379641652107239e-02 7.248267997056245804e-03 4.301798995584249496e-03 1.856263354420661926e-02 1.323537062853574753e-02 8.171096444129943848e-02 5.547190457582473755e-02 5.889471247792243958e-02 2.073661796748638153e-02 2.600204199552536011e-02 1.776724606752395630e-01 9.630395472049713135e-02 4.910469055175781250e-02 1.614767685532569885e-02 1.817705668509006500e-02 3.009873442351818085e-02 1.264233887195587158e-01 5.336657166481018066e-02 1.026766095310449600e-02 3.616021946072578430e-03 1.115071959793567657e-02 2.887987159192562103e-02 3.533287718892097473e-02 5.179605912417173386e-03 5.299021955579519272e-03 7.548683788627386093e-03 9.541948325932025909e-03 1.402668468654155731e-02 8.926748298108577728e-03 1.872384175658226013e-02 2.594585716724395752e-02 7.094885222613811493e-03 3.445030376315116882e-02 2.209728769958019257e-02 2.126639895141124725e-02 1.055992860347032547e-02 3.625791147351264954e-02 9.254271164536476135e-03 9.806249290704727173e-03 4.890396725386381149e-03 4.438763484358787537e-03 3.787950426340103149e-02 2.640577219426631927e-02 4.913074895739555359e-02 7.596116513013839722e-02 4.255197569727897644e-02
2.559118904173374176e-02 1.675638370215892792e-02 7.915078313089907169e-04 1.758069545030593872e-01 2.780759334564208984e-01 1.967291347682476044e-02 3.043449856340885162e-02 2.603638451546430588e-03 4.485228285193443298e-02 2.698555588722229004e-02 8.109483867883682251e-03 6.722084432840347290e-02 3.759349882602691650e-02 1.025065872818231583e-02 2.464067935943603516e-02 9.099852177314460278e-04 1.476970128715038300e-02 2.237945608794689178e-02 4.232197254896163940e-02 2.345748245716094971e-02 1.988566480576992035e-02 3.776371479034423828e-02 3.666953742504119873e-02 6.598365493118762970e-03 1.515593100339174271e-02 6.318204104900360107e-02 4.097418859601020813e-02 5.419635772705078125e-02 1.102344132959842682e-02 2.103992551565170288e-02 3.647458180785179138e-02 3.412826731801033020e-02 2.757702022790908813e-02 2.119602821767330170e-02 1.289351098239421844e-02 3.944813832640647888e-02 1.410690229386091232e-02 1.502852234989404678e-02 1.526281237602233887e-01 1.430980414152145386e-01 2.005217969417572021e-02 4.173481836915016174e-02 6.712078303098678589e-02 3.748516738414764404e-02 3.722004219889640808e-02 6.925465166568756104e-02 1.285993587225675583e-02 2.571682445704936981e-02 5.059029534459114075e-02 1.246194615960121155e-01 2.260446734726428986e-02 3.297523409128189087e-02 2.852602861821651459e-02 7.930992171168327332e-03 9.696224704384803772e-03 1.924655400216579437e-02 5.378861352801322937e-02 2.794498950242996216e-02 4.123240709304809570e-02 6.619576364755630493e-02 9.722711145877838135e-02 2.258155494928359985e-02 4.733079404104501009e-04 1.188312377780675888e-02 3.298136964440345764e-02 1.215017680078744888e-02 1.244471967220306396e-02 2.980932034552097321e-02 6.806038320064544678e-02 1.517169084399938583e-02 3.750014817342162132e-03 4.306940734386444092e-02 1.323403567075729370e-01 2.213805355131626129e-02 6.762661784887313843e-02 5.246688053011894226e-02 2.898612292483448982e-03 5.516697093844413757e-02 4.569442570209503174e-02 2.756163664162158966e-02 2.082163468003273010e-02 6.387940049171447754e-02 1.012115329504013062e-01 9.914990514516830444e-02 2.223431132733821869e-02 2.696380717679858208e-03 1.013406785205006599e-03 1.186004001647233963e-02 5.552986264228820801e-02 4.429627954959869385e-02 1.122610084712505341e-02 3.288812562823295593e-02 1.111065410077571869e-02 3.179288003593683243e-03 2.146688103675842285e-02 3.953204303979873657e-02 5.366726592183113098e-02 2.757021225988864899e-02 5.352187901735305786e-02 5.301523581147193909e-02 3.797338902950286865e-02 4.245005175471305847e-02 4.911952838301658630e-02 1.632214151322841644e-02 1.440643519163131714e-02 2.665480226278305054e-02 4.445039480924606323e-02 8.014434576034545898e-02 7.595195434987545013e-03 9.311910718679428101e-03 1.728491298854351044e-02 4.886291176080703735e-02 2.495338395237922668e-02 5.005683004856109619e-02 1.126798894256353378e-02 3.945309668779373169e-02
5.414480809122323990e-03 2.517440915107727051e-02 5.532129108905792236e-02 2.780759334564208984e-01 1.878629177808761597e-01 1.230248808860778809e-02 3.931596502661705017e-02 4.263393208384513855e-02 4.793164879083633423e-02 2.793878130614757538e-02 1.476262975484132767e-02 8.574008941650390625e-02 3.780517494305968285e-03 3.476708009839057922e-02 5.798235535621643066e-02 2.704979106783866882e-02 2.447465807199478149e-02 4.187067225575447083e-02 9.998521953821182251e-02 1.911866106092929840e-02 2.432590164244174957e-02 9.109226055443286896e-03 2.721025794744491577e-02 4.577734507620334625e-03 2.708233520388603210e-02 4.423817619681358337e-02 2.561774104833602905e-02 2.132583223283290863e-02 5.747262388467788696e-02 4.210929200053215027e-02 4.319591075181961060e-02 1.374485716223716736e-02 2.944081835448741913e-02 1.865927595645189285e-03 4.634457640349864960e-03 2.272427640855312347e-02 2.441985532641410828e-02 1.264900062233209610e-02 1.311368048191070557e-01 1.659760028123855591e-01 3.214549645781517029e-02 1.967443153262138367e-03 7.650158554315567017e-02 6.335943937301635742e-02 4.729249700903892517e-02 3.175006061792373657e-02 3.369458392262458801e-02 1.504031103104352951e-02 2.570318430662155151e-02 6.933632493019104004e-02 5.601673573255538940e-02 8.017782121896743774e-03 1.470444072037935257e-02 3.982524201273918152e-02 3.705029562115669250e-02 1.141625829041004181e-02 5.108500644564628601e-02 2.602013945579528809e-02 2.095388062298297882e-02 3.355407342314720154e-02 1.359877139329910278e-01 2.727093547582626343e-02 3.288961201906204224e-02 5.471181124448776245e-03 2.784967422485351562e-02 1.878764480352401733e-02 5.866417661309242249e-02 1.406452432274818420e-02 4.446904361248016357e-02 2.952649071812629700e-02 2.041061222553253174e-02 5.090399086475372314e-02 7.138039916753768921e-02 1.798547804355621338e-02 7.933353632688522339e-02 2.515175193548202515e-02 1.155591383576393127e-02 6.206027790904045105e-02 8.346540853381156921e-03 3.778482228517532349e-02 3.660932928323745728e-02 4.072567075490951538e-02 1.234238296747207642e-01 2.108560502529144287e-01 3.243526443839073181e-02 3.549096640199422836e-03 2.718275226652622223e-02 5.768698453903198242e-02 3.351395949721336365e-02 5.005686730146408081e-02 1.923211291432380676e-02 3.489810600876808167e-02 1.796287018805742264e-03 3.552994132041931152e-02 5.977173149585723877e-02 3.025840595364570618e-02 1.098128734156489372e-03 3.948284685611724854e-02 2.394346892833709717e-02 3.337805718183517456e-02 5.189172551035881042e-02 4.462385550141334534e-03 3.225543722510337830e-02 2.050128206610679626e-02 2.391072176396846771e-02 9.657491929829120636e-03 1.526575442403554916e-02 7.687860727310180664e-02 6.125999242067337036e-02 3.315844014286994934e-02 1.202118024230003357e-02 3.238767012953758240e-02 3.310463950037956238e-02 2.501534670591354370e-02 2.671798691153526306e-03 4.986694827675819397e-02
1.146901026368141174e-01 1.364612877368927002e-01 4.347593709826469421e-02 1.967291347682476044e-02 1.230248808860778809e-02 1.543379127979278564e-01 2.450864762067794800e-01 2.020794153213500977e-02 2.023120597004890442e-02 3.265580162405967712e-02 9.797856211662292480e-02 1.305556148290634155e-01 2.918173559010028839e-02 1.582785397768020630e-01 6.203890964388847351e-02 3.218431025743484497e-02 6.350667681545019150e-03 2.090932801365852356e-03 2.289354428648948669e-02 2.319729328155517578e-02 3.162268921732902527e-02 2.092605829238891602e-02 1.240359339863061905e-02 6.560057401657104492e-03 3.584931790828704834e-02 9.012117981910705566e-03 1.635189354419708252e-02 3.996276482939720154e-02 3.472681716084480286e-02 6.656501442193984985e-02 1.331732142716646194e-03 3.177644312381744385e-02 1.300571765750646591e-02 4.070245847105979919e-02 1.862141303718090057e-02 4.772380739450454712e-02 2.613114938139915466e-02 6.226126849651336670e-02 7.326742634177207947e-03 1.672158762812614441e-02 1.435832120478153229e-02 5.172582343220710754e-03 1.100033521652221680e-02 4.524106532335281372e-02 9.541392326354980469e-03 6.882732361555099487e-02 1.441371589899063110e-01 1.890136487782001495e-02 5.057449638843536377e-02 3.453165292739868164e-02 9.945069439709186554e-03 1.717211492359638214e-02 7.671622559428215027e-03 1.653434708714485168e-02 2.059804648160934448e-02 2.980635687708854675e-02 6.151609867811203003e-02 3.436249122023582458e-02 1.004099380224943161e-02 4.157406091690063477e-02 1.617057435214519501e-02 1.098122727125883102e-02 5.531892180442810059e-03 4.381224513053894043e-02 3.925677388906478882e-02 2.485400065779685974e-02 4.058654978871345520e-02 5.867432057857513428e-02 1.807998865842819214e-02 1.722398400306701660e-02 4.734420403838157654e-02 2.020093612372875214e-02 8.394095348194241524e-04 2.969035319983959198e-02 4.935520235449075699e-03 1.978804171085357666e-02 3.022950701415538788e-02 5.576728284358978271e-02 3.215846419334411621e-02 2.557189948856830597e-02 3.915196284651756287e-02 4.615352675318717957e-02 5.197411403059959412e-02 1.772303320467472076e-02 3.061780147254467010e-02 1.637665554881095886e-03 4.959679767489433289e-02 3.327559307217597961e-02 8.787663280963897705e-02 1.676573790609836578e-02 7.757493853569030762e-02 5.237122997641563416e-02 6.897317618131637573e-02 4.860113933682441711e-02 2.115006931126117706e-02 4.030605312436819077e-03 1.136675290763378143e-02 5.085673183202743530e-02 2.598212659358978271e-02 2.553525194525718689e-02 1.820732839405536652e-02 1.179344207048416138e-02 3.001628257334232330e-02 4.924453049898147583e-02 2.202605828642845154e-02 3.725162148475646973e-02 1.476319879293441772e-02 2.871031127870082855e-02 1.156776864081621170e-02 2.355980128049850464e-02 8.649279363453388214e-03 2.926642447710037231e-02 1.262715272605419159e-02 1.655642129480838776e-02 9.001585096120834351e-02 5.434573441743850708e-02
7.638864219188690186e-02 1.650274395942687988e-01 4.404840618371963501e-02 3.043449856340885162e-02 3.931596502661705017e-02 2.450864762067794800e-01 1.704178750514984131e-01 2.782423235476016998e-02 2.382017113268375397e-02 4.310867190361022949e-02 5.401472374796867371e-02 6.495019048452377319e-02 6.525220721960067749e-02 1.186091080307960510e-01 4.656662419438362122e-02 2.995196171104907990e-02 9.571132250130176544e-03 1.371523714624345303e-03 7.209839671850204468e-02 4.853364825248718262e-02 1.780932769179344177e-02 2.243226580321788788e-02 1.457570772618055344e-02 2.978201583027839661e-02 3.578016161918640137e-02 4.061562940478324890e-02 4.633592069149017334e-02 9.725958108901977539e-03 7.690388709306716919e-02 6.504595279693603516e-02 9.615860134363174438e-02 4.885275661945343018e-02 2.751783095300197601e-02 1.248931512236595154e-03 2.903562039136886597e-02 3.409950062632560730e-02 3.331584110856056213e-02 8.973892778158187866e-03 5.972735956311225891e-02 1.012738794088363647e-02 1.104530319571495056e-02 1.922763325273990631e-02 1.488455571234226227e-02 3.593862801790237427e-02 4.947190755046904087e-04 6.846813857555389404e-02 1.658515930175781250e-01 1.242135614156723022e-01 9.369863569736480713e-02 1.102126389741897583e-02 5.397652089595794678e-02 8.298144675791263580e-03 6.239155307412147522e-03 2.456593886017799377e-02 1.096524391323328018e-02 4.036636650562286377e-02 6.709088571369647980e-03 3.054349310696125031e-02 2.215983159840106964e-02 6.759286671876907349e-02 3.517520427703857422e-02 3.958615288138389587e-02 4.669546335935592651e-02 5.184949189424514771e-02 4.101362451910972595e-02 5.581719055771827698e-02 7.452426850795745850e-02 5.246568471193313599e-02 2.115173451602458954e-02 4.122110456228256226e-02 1.889972388744354248e-02 5.420101433992385864e-02 4.111166112124919891e-03 1.900305226445198059e-02 1.935080252587795258e-02 5.301982164382934570e-02 2.546253241598606110e-02 2.190289832651615143e-02 3.295331448316574097e-02 5.727208405733108521e-02 5.623064562678337097e-02 4.418155550956726074e-02 3.891290631145238876e-03 5.880336835980415344e-02 6.241560354828834534e-02 1.124274916946887970e-02 1.531441323459148407e-02 2.843684703111648560e-02 8.105196803808212280e-02 1.828476041555404663e-02 1.646145805716514587e-02 5.961702391505241394e-02 1.395527087152004242e-02 7.870831526815891266e-03 2.348160371184349060e-02 1.078140363097190857e-02 4.180390853434801102e-03 4.065122455358505249e-03 8.281950838863849640e-03 2.681152150034904480e-02 1.107446849346160889e-02 4.423103760927915573e-03 7.410694845020771027e-03 1.651589572429656982e-02 6.364654749631881714e-03 5.724826827645301819e-02 1.721183210611343384e-02 4.798047244548797607e-02 4.995204508304595947e-03 1.638808287680149078e-02 2.171798050403594971e-02 4.361407831311225891e-03 3.178099170327186584e-03 1.065492443740367889e-02 3.890331462025642395e-02 5.139538645744323730e-02
3.899338841438293457e-02 9.181565605103969574e-03 1.510104686021804810e-01 2.603638451546430588e-03 4.263393208384513855e-02 2.020794153213500977e-02 2.782423235476016998e-02 1.503341346979141235e-01 2.518382854759693146e-02 2.207085303962230682e-02 6.973318289965391159e-03 4.629207402467727661e-02 2.995670773088932037e-02 4.105499014258384705e-02 1.471768170595169067e-01 6.404699385166168213e-02 4.623263701796531677e-02 3.186300396919250488e-03 1.010235864669084549e-02 5.358208902180194855e-03 3.484256565570831299e-02 9.126883931457996368e-03 4.791557788848876953e-02 6.083022803068161011e-02 1.114655518904328346e-03 1.588287204504013062e-02 2.804350107908248901e-02 2.113077603280544281e-02 2.623971551656723022e-02 4.089460521936416626e-02 2.096933498978614807e-02 4.312443360686302185e-02 1.990083046257495880e-02 1.413751766085624695e-02 1.466716080904006958e-02 1.027966663241386414e-02 2.995619177818298340e-02 2.942870184779167175e-02 1.892133266665041447e-03 3.791491687297821045e-02 4.129170998930931091e-02 4.515366628766059875e-02 2.026603743433952332e-02 5.712480470538139343e-02 6.047170981764793396e-02 1.800039224326610565e-02 2.944467589259147644e-02 4.313452169299125671e-02 2.393242344260215759e-02 5.111785233020782471e-02 2.438781969249248505e-02 3.686087206006050110e-02 8.403243869543075562e-02 4.771568626165390015e-02 3.065042570233345032e-02 2.414385601878166199e-02 1.300560031086206436e-02 7.470184005796909332e-03 3.941341862082481384e-02 3.546122461557388306e-02 4.771564528346061707e-02 3.782897815108299255e-02 3.615568578243255615e-02 9.114695712924003601e-03 3.725219145417213440e-02 6.217283383011817932e-02 2.687761932611465454e-02 6.101371720433235168e-03 3.367537260055541992e-02 2.588195540010929108e-02 4.160940647125244141e-02 2.771974168717861176e-02 6.885671056807041168e-03 2.710197120904922485e-02 2.554842084646224976e-02 5.297967791557312012e-02 3.245879709720611572e-02 3.846768662333488464e-02 2.879725536331534386e-03 1.757602207362651825e-03 1.812073439359664917e-01 1.088126674294471741e-01 3.623002395033836365e-02 1.238568499684333801e-02 6.279712542891502380e-03 2.953580021858215332e-02 1.446637511253356934e-01 1.122789308428764343e-01 3.965258598327636719e-02 6.435768213123083115e-03 2.215529233217239380e-02 8.056634105741977692e-03 4.235094413161277771e-02 8.733165450394153595e-03 2.628562599420547485e-02 4.963714629411697388e-03 1.775063201785087585e-02 3.839196264743804932e-02 4.461412876844406128e-02 2.536386437714099884e-02 1.916285604238510132e-02 3.742592409253120422e-02 8.129219710826873779e-02 1.781642250716686249e-02 2.674914337694644928e-02 5.392644926905632019e-02 1.913509331643581390e-02 3.260110318660736084e-02 2.458166331052780151e-02 4.231113940477371216e-02 2.558024227619171143e-02 4.019853100180625916e-02 4.373028874397277832e-02 2.192693576216697693e-02 5.169039592146873474e-02 6.175237894058227539e-02
7.330895960330963135e-02 1.280544046312570572e-02 1.781111583113670349e-02 4.485228285193443298e-02 4.793164879083633423e-02 2.023120597004890442e-02 2.382017113268375397e-02 2.518382854759693146e-02 1.170979067683219910e-01 9.666378796100616455e-02 5.176331102848052979e-02 3.524387255311012268e-02 4.201263561844825745e-02 1.109910942614078522e-02 3.684424096718430519e-03 1.013008430600166321e-01 2.349567972123622894e-02 1.147629916667938232e-01 9.074966423213481903e-03 1.739655248820781708e-02 2.399754710495471954e-02 5.558775737881660461e-02 2.934181131422519684e-02 5.527092888951301575e-02 6.624510884284973145e-02 1.264684600755572319e-03 3.635589778423309326e-02 2.962759882211685181e-02 2.667158469557762146e-02 1.790244877338409424e-02 2.621541731059551239e-02 2.086691185832023621e-02 1.403051242232322693e-02 3.415213525295257568e-02 2.042425982654094696e-02 5.329548940062522888e-02 3.528594225645065308e-02 1.147375069558620453e-02 5.066094174981117249e-02 4.418272525072097778e-02 1.740030944347381592e-02 8.509044349193572998e-02 2.290688268840312958e-02 3.764825407415628433e-03 6.954032462090253830e-03 4.076513275504112244e-02 1.662529073655605316e-02 4.265456646680831909e-02 9.575892239809036255e-02 2.770900912582874298e-02 3.738601878285408020e-02 2.112380042672157288e-02 4.106161370873451233e-02 9.122458845376968384e-02 1.319370716810226440e-01 6.096657365560531616e-02 2.533067949116230011e-02 4.402267932891845703e-02 3.996275365352630615e-02 5.299255996942520142e-02 5.331837013363838196e-02 4.102497547864913940e-02 3.892726823687553406e-02 4.520886763930320740e-02 2.850073389708995819e-02 2.893588691949844360e-02 4.853640496730804443e-02 2.658730000257492065e-02 8.310149610042572021e-02 5.446320772171020508e-02 6.921458989381790161e-02 3.765446692705154419e-02 5.799142643809318542e-02 7.781828939914703369e-02 1.008844822645187378e-01 3.832913935184478760e-03 2.167045474052429199e-01 8.128958195447921753e-02 7.794791460037231445e-02 2.970171347260475159e-02 2.868050709366798401e-02 3.199984505772590637e-02 4.371474310755729675e-02 7.605715654790401459e-03 1.932602748274803162e-02 6.657449062913656235e-03 1.375477202236652374e-02 6.353992968797683716e-03 2.986061200499534607e-02 3.872497752308845520e-02 3.487667441368103027e-02 1.436796155758202076e-03 6.799769122153520584e-03 4.679324477910995483e-02 3.311679139733314514e-02 4.801798984408378601e-02 1.650149747729301453e-02 3.093057312071323395e-02 1.033234223723411560e-02 9.090879932045936584e-03 5.186586081981658936e-02 4.848375916481018066e-02 1.729347184300422668e-02 7.066665589809417725e-02 4.571564495563507080e-02 5.880699679255485535e-02 1.733293011784553528e-02 3.358788322657346725e-03 3.996649757027626038e-03 2.614606544375419617e-02 2.809423580765724182e-02 3.720564022660255432e-02 3.819379955530166626e-02 5.364307668060064316e-03 1.023077033460140228e-02 1.600266247987747192e-02
4.556375090032815933e-03 3.362114727497100830e-02 2.681721933186054230e-02 2.698555588722229004e-02 2.793878130614757538e-02 3.265580162405967712e-02 4.310867190361022949e-02 2.207085303962230682e-02 9.666378796100616455e-02 1.755363047122955322e-01 1.594184711575508118e-02 4.640077054500579834e-02 3.618007153272628784e-02 6.198466196656227112e-02 3.511347994208335876e-02 7.543578278273344040e-03 4.727315157651901245e-02 5.704514309763908386e-02 1.375130861997604370e-01 6.335804611444473267e-02 3.157049790024757385e-02 3.260596841573715210e-02 2.723914803937077522e-03 2.552579157054424286e-02 4.440131038427352905e-02 8.495512418448925018e-03 1.851195283234119415e-02 5.337940528988838196e-03 2.646757662296295166e-02 8.366020023822784424e-02 3.098672814667224884e-02 6.969412416219711304e-02 1.514805667102336884e-02 4.485649988055229187e-02 3.352750092744827271e-02 3.748511150479316711e-02 2.904851175844669342e-02 8.801190182566642761e-03 1.818965561687946320e-02 5.891205370426177979e-02 4.806961864233016968e-02 5.201061442494392395e-02 4.692173749208450317e-02 3.610425442457199097e-02 1.798134110867977142e-02 8.226197957992553711e-02 1.367559842765331268e-02 1.337533257901668549e-02 4.923065658658742905e-03 1.206069737672805786e-01 4.347576573491096497e-02 2.217336930334568024e-02 7.486742734909057617e-02 1.391417346894741058e-02 4.261020570993423462e-02 1.149945110082626343e-01 7.575341314077377319e-02 2.752963081002235413e-02 8.248100429773330688e-02 5.176014453172683716e-02 6.654685735702514648e-02 5.204969272017478943e-02 3.912187740206718445e-02 1.302666403353214264e-02 8.078890852630138397e-03 3.607335686683654785e-02 7.271096855401992798e-02 1.452632062137126923e-02 5.959156155586242676e-02 3.181513398885726929e-02 8.233810961246490479e-02 4.319395869970321655e-02 2.610437944531440735e-02 4.787763953208923340e-02 2.109086886048316956e-02 1.840871758759021759e-02 8.399810642004013062e-02 1.602651178836822510e-01 2.016573026776313782e-02 1.583030819892883301e-01 1.687336713075637817e-02 1.821449585258960724e-02 9.608589112758636475e-02 3.846302255988121033e-02 6.761667132377624512e-02 2.743035554885864258e-02 5.782137811183929443e-02 3.354976698756217957e-02 6.197348237037658691e-02 2.742270939052104950e-02 1.645570993423461914e-02 1.834190450608730316e-02 2.474531531333923340e-02 4.303354769945144653e-02 5.274458974599838257e-02 1.641805842518806458e-02 2.439601719379425049e-02 1.975245028734207153e-02 2.680923230946063995e-02 5.106337741017341614e-02 4.957074299454689026e-02 1.161774992942810059e-02 1.988584920763969421e-02 3.942941781133413315e-03 1.469559688121080399e-02 1.913654431700706482e-02 2.727110870182514191e-02 1.084227021783590317e-02 1.804469712078571320e-02 1.175623480230569839e-02 3.717152168974280357e-03 2.008267305791378021e-02 9.939501760527491570e-04 4.002275690436363220e-02 1.626308634877204895e-02 5.333326756954193115e-02
1.887859702110290527e-01 1.457424312829971313e-01 8.065374195575714111e-02 8.109483867883682251e-03 1.476262975484132767e-02 9.797856211662292480e-02 5.401472374796867371e-02 6.973318289965391159e-03 5.176331102848052979e-02 1.594184711575508118e-02 1.428609341382980347e-01 2.572551555931568146e-02 1.383583098649978638e-01 7.695974782109260559e-03 4.664336517453193665e-02 2.342148451134562492e-03 2.524707233533263206e-03 4.270857200026512146e-02 6.016625091433525085e-02 2.365257777273654938e-02 3.732683602720499039e-03 5.114991217851638794e-02 2.963726595044136047e-02 1.907067932188510895e-02 6.050908565521240234e-02 2.694040909409523010e-02 2.090257592499256134e-02 5.711487308144569397e-02 2.088090777397155762e-02 1.026721205562353134e-03 1.189384981989860535e-02 1.428508479148149490e-02 5.510027986019849777e-03 3.556041419506072998e-02 8.404829539358615875e-03 5.174572020769119263e-02 3.065640851855278015e-02 1.635671965777873993e-02 1.549282111227512360e-02 2.158950082957744598e-02 3.959469497203826904e-02 3.829099470749497414e-03 8.395611308515071869e-03 1.103750709444284439e-02 2.231756970286369324e-02 1.841149665415287018e-02 1.065936014056205750e-01 6.257519870996475220e-02 5.291640385985374451e-02 1.954310946166515350e-02 5.407741293311119080e-02 3.237539529800415039e-02 4.159799218177795410e-02 5.695536732673645020e-03 4.198340326547622681e-02 9.160834364593029022e-03 7.031929492950439453e-02 1.884172670543193817e-02 6.434324197471141815e-03 2.650807425379753113e-02 3.371737897396087646e-02 2.186165191233158112e-02 1.888943836092948914e-02 1.277130283415317535e-02 5.851158499717712402e-02 6.028970703482627869e-03 1.867417478933930397e-03 1.167933922260999680e-02 1.768220029771327972e-02 3.732451796531677246e-02 3.237131051719188690e-03 3.219584748148918152e-02 5.166475195437669754e-03 4.045612365007400513e-02 1.688373275101184845e-02 3.938644006848335266e-02 2.083029365167021751e-03 3.324879705905914307e-02 2.511433325707912445e-02 5.439995229244232178e-02 6.472662091255187988e-02 4.481539502739906311e-02 3.186510503292083740e-02 3.963568806648254395e-02 8.418236672878265381e-02 1.613530330359935760e-02 5.028187111020088196e-02 9.341962286271154881e-04 1.891321875154972076e-02 8.429896086454391479e-03 4.812574014067649841e-02 6.634473800659179688e-02 3.919588029384613037e-02 1.917042955756187439e-02 3.509659087285399437e-03 2.730380976572632790e-03 2.419763058423995972e-02 3.365286812186241150e-02 2.062287181615829468e-02 7.611229550093412399e-03 1.289208419620990753e-02 2.147234044969081879e-02 3.963448852300643921e-02 5.028397962450981140e-02 6.102896761149168015e-03 8.571286685764789581e-03 1.734648086130619049e-02 5.686973687261343002e-03 2.297594770789146423e-02 2.820045314729213715e-02 2.001049369573593140e-02 1.226410362869501114e-02 1.052927970886230469e-02 2.163460478186607361e-02 4.648962616920471191e-02 3.343298286199569702e-02
5.202422291040420532e-02 6.225484237074851990e-02 1.310100872069597244e-02 6.722084432840347290e-02 8.574008941650390625e-02 1.305556148290634155e-01 6.495019048452377319e-02 4.629207402467727661e-02 3.524387255311012268e-02 4.640077054500579834e-02 2.572551555931568146e-02 1.601527780294418335e-01 4.849208891391754150e-02 2.858124077320098877e-01 7.197822444140911102e-03 2.418821863830089569e-02 5.873171240091323853e-02 2.172409929335117340e-02 1.044545173645019531e-01 2.768087014555931091e-02 1.978602446615695953e-02 1.779603026807308197e-02 5.178521946072578430e-02 3.583605587482452393e-02 4.343981668353080750e-02 3.327481821179389954e-02 3.037226945161819458e-02 1.609404534101486206e-01 1.099360920488834381e-02 9.582851827144622803e-02 1.227221190929412842e-01 2.479708055034279823e-03 9.782168082892894745e-03 6.646004319190979004e-02 2.730017900466918945e-02 8.951758034527301788e-03 2.204854413866996765e-02 2.347737178206443787e-02 2.804572880268096924e-02 5.274548754096031189e-02 3.813875839114189148e-03 4.632172640413045883e-03 8.567286655306816101e-03 9.120294451713562012e-02 1.179849505424499512e-01 4.585167393088340759e-02 8.593702688813209534e-03 2.584734000265598297e-02 6.053722929209470749e-03 6.407978385686874390e-02 1.377552095800638199e-02 4.264294728636741638e-02 2.451733313500881195e-02 1.145897526293992996e-02 2.619612775743007660e-02 8.246780931949615479e-02 6.197686493396759033e-02 5.287390202283859253e-02 3.409645333886146545e-02 5.451445281505584717e-02 7.809303700923919678e-03 7.495885342359542847e-02 1.244807150214910507e-02 1.569778844714164734e-02 7.188488263636827469e-03 1.352176535874605179e-02 2.854757942259311676e-02 2.816683985292911530e-02 5.140124121680855751e-04 9.446008130908012390e-03 6.567682325839996338e-02 5.470875278115272522e-02 4.851287230849266052e-03 1.888429373502731323e-02 2.494283579289913177e-02 1.501422608271241188e-03 1.085184589028358459e-01 2.903668675571680069e-03 1.229820474982261658e-01 1.763284392654895782e-02 4.269728437066078186e-02 4.765860736370086670e-02 5.806850269436836243e-02 3.951676189899444580e-02 1.177581725642085075e-04 9.143037721514701843e-03 7.306170463562011719e-02 3.444421291351318359e-02 7.847571372985839844e-02 8.422820828855037689e-03 7.852840423583984375e-02 1.731456629931926727e-02 8.466909080743789673e-02 9.227384626865386963e-02 6.644841283559799194e-02 4.880498349666595459e-02 1.972302235662937164e-02 7.163256872445344925e-03 1.183324726298451424e-03 2.969139814376831055e-02 3.794880956411361694e-02 1.733505912125110626e-02 1.919839903712272644e-02 1.190156396478414536e-02 5.122234299778938293e-02 1.232537906616926193e-02 2.072604186832904816e-02 2.241578511893749237e-02 1.139091793447732925e-02 2.619860507547855377e-02 9.230117313563823700e-03 7.205711305141448975e-02 4.422618448734283447e-02 7.957117259502410889e-02 8.794907480478286743e-03 5.713088437914848328e-02
1.309031546115875244e-01 1.536809802055358887e-01 3.994661569595336914e-02 3.759349882602691650e-02 3.780517494305968285e-03 2.918173559010028839e-02 6.525220721960067749e-02 2.995670773088932037e-02 4.201263561844825745e-02 3.618007153272628784e-02 1.383583098649978638e-01 4.849208891391754150e-02 1.505758166313171387e-01 5.836621671915054321e-02 1.780111528933048248e-02 9.990039281547069550e-03 1.500098221004009247e-02 8.111156523227691650e-03 2.064991742372512817e-02 3.775920346379280090e-02 3.537353128194808960e-02 4.566295817494392395e-02 2.253556810319423676e-02 9.824773296713829041e-03 1.357637997716665268e-02 2.056118659675121307e-02 1.638205489143729210e-03 3.133062645792961121e-02 4.971224069595336914e-02 3.616858739405870438e-03 8.615158498287200928e-02 3.254362940788269043e-02 2.329712547361850739e-02 1.767337322235107422e-02 8.054316043853759766e-03 8.066942542791366577e-02 7.664459943771362305e-02 4.757968126796185970e-04 6.167250871658325195e-02 3.686215728521347046e-02 7.266118656843900681e-03 2.784788422286510468e-02 1.110091153532266617e-02 3.643518779426813126e-03 4.191185813397169113e-03 1.305489987134933472e-02 8.145805448293685913e-02 1.093947887420654297e-01 1.042069029062986374e-02 7.875164970755577087e-03 7.832414470613002777e-03 3.893007058650255203e-03 4.899832606315612793e-02 2.327393740415573120e-02 2.551250904798507690e-02 4.413745366036891937e-03 7.063908502459526062e-03 2.190499752759933472e-02 1.743418909609317780e-02 2.329055685549974442e-03 9.675587527453899384e-03 1.752153737470507622e-03 1.516235759481787682e-03 3.580519231036305428e-03 3.383655473589897156e-02 8.373487740755081177e-02 2.750655263662338257e-02 3.458992019295692444e-02 5.889424937777221203e-04 1.567562483251094818e-02 9.780103340744972229e-03 1.890677213668823242e-02 1.892702654004096985e-03 1.502889115363359451e-02 8.369951508939266205e-03 3.692011162638664246e-02 9.519103914499282837e-03 1.273523829877376556e-02 2.273952029645442963e-02 2.788879536092281342e-02 3.228280320763587952e-02 2.952845580875873566e-02 2.648335322737693787e-02 2.615378238260746002e-03 1.384234894067049026e-02 3.658586367964744568e-02 4.902919009327888489e-02 1.747188158333301544e-02 4.877605009824037552e-03 4.610965494066476822e-03 3.795744106173515320e-02 3.445650683715939522e-03 5.297031998634338379e-02 1.910063438117504120e-02 2.339075319468975067e-02 2.011663839221000671e-02 2.949627488851547241e-02 4.605704743880778551e-04 6.501033203676342964e-04 2.856253087520599365e-02 1.392059773206710815e-02 2.149841561913490295e-02 2.569627016782760620e-02 3.285727277398109436e-02 2.010662807151675224e-03 1.645773532800376415e-03 3.307845816016197205e-02 2.715401060413569212e-04 1.513988617807626724e-02 5.640610121190547943e-03 2.174233086407184601e-02 3.067144937813282013e-02 8.223693817853927612e-03 5.061991978436708450e-03 5.049795657396316528e-02 4.517170786857604980e-02
