2.926450688391923904e-03 1.241499036550521851e-01 2.716572396457195282e-02 1.262332312762737274e-03 5.868896096944808960e-02 1.550464481115341187e-01 6.047257781028747559e-02 1.312926691025495529e-02 4.155672341585159302e-02 9.832579642534255981e-03 1.282229125499725342e-01 3.641845285892486572e-02 1.357852816581726074e-01 3.728978708386421204e-02 2.271271497011184692e-02 4.454731533769518137e-04 6.493622809648513794e-02 4.037386551499366760e-02 1.688567921519279480e-02 3.612065315246582031e-02 5.858868360519409180e-02 7.272541988641023636e-03 1.691821729764342308e-03 5.282219126820564270e-02 1.178430765867233276e-02 3.219839185476303101e-02 1.823071762919425964e-02 2.584222937002778053e-03 5.366912111639976501e-03 2.329830452799797058e-02 4.355682060122489929e-02 2.540717646479606628e-02 3.395318612456321716e-02 5.302186310291290283e-02 5.755019374191761017e-03 1.613453961908817291e-02 2.216386049985885620e-02 2.869068831205368042e-02 4.503154754638671875e-02 2.910328097641468048e-02 7.507870346307754517e-02 6.871595233678817749e-02 3.355497494339942932e-02 9.494154900312423706e-02 6.360737234354019165e-02 6.609407812356948853e-02 9.651581197977066040e-02 1.494074938818812370e-03 1.133095100522041321e-02 3.387742862105369568e-02 5.376219004392623901e-02 2.870691381394863129e-02 9.112289175391197205e-03 5.601683631539344788e-02 2.142869867384433746e-02 5.626633763313293457e-03 7.223240286111831665e-02 1.213438436388969421e-01 6.321247667074203491e-02 2.551894076168537140e-02 1.427438389509916306e-02 8.980567567050457001e-03 3.945033997297286987e-02 4.386548325419425964e-02 3.144710510969161987e-02 2.002360858023166656e-02 2.806529775261878967e-02 1.089461147785186768e-02 3.518171235918998718e-02 6.272624433040618896e-02 4.421299695968627930e-02 6.137949973344802856e-02 2.301263855770230293e-03 5.038576573133468628e-02 2.982905879616737366e-02 3.238278627395629883e-02 4.903045669198036194e-02 3.415471315383911133e-02 4.607083275914192200e-02 1.012974306941032410e-01 1.291296351701021194e-02 5.951776169240474701e-03 5.677154660224914551e-02 2.309357747435569763e-02 2.562994137406349182e-03 2.887914888560771942e-02 5.750077310949563980e-03 5.857923254370689392e-02 7.855763286352157593e-02 1.895069889724254608e-02 6.044147908687591553e-02 1.935560069978237152e-02 5.051853880286216736e-02 9.264405071735382080e-02 7.043369114398956299e-02 2.584400586783885956e-02 1.771698356606066227e-03 5.353101994842290878e-03 3.216641396284103394e-02 2.429313212633132935e-02 3.308484330773353577e-02 5.833085998892784119e-02 2.430362440645694733e-02 2.786048687994480133e-03 2.617472223937511444e-02 3.158656880259513855e-02 2.569271810352802277e-02 2.467902004718780518e-02 5.530014634132385254e-02 7.105702906847000122e-02 4.456890746951103210e-02 5.078559368848800659e-02 1.919570937752723694e-02 1.307001523673534393e-02 1.015408523380756378e-02 9.299656376242637634e-03
1.241499036550521851e-01 3.687724238261580467e-03 8.771465718746185303e-02 1.790812239050865173e-02 4.797422792762517929e-03 1.044892445206642151e-01 1.715578734874725342e-01 2.820665016770362854e-02 3.450796753168106079e-02 6.264024879783391953e-03 7.646684348583221436e-02 4.810842126607894897e-02 1.532232463359832764e-01 6.870294362306594849e-02 2.927159704267978668e-02 3.020236827433109283e-02 4.803624004125595093e-02 1.823289506137371063e-02 9.922485332936048508e-04 4.810332134366035461e-02 2.014907449483871460e-02 2.075256034731864929e-02 5.126659944653511047e-02 3.827182948589324951e-02 4.909402877092361450e-02 3.360938979312777519e-03 6.586054712533950806e-02 2.929069846868515015e-02 6.301001179963350296e-03 2.282680757343769073e-02 6.052326411008834839e-02 2.728948369622230530e-02 8.202254772186279297e-02 1.680530258454382420e-03 9.855846874415874481e-03 1.126164197921752930e-02 5.755772441625595093e-02 3.090780787169933319e-02 4.556175321340560913e-02 4.755917564034461975e-02 1.606030575931072235e-02 9.356689639389514923e-03 2.664262428879737854e-02 6.263989210128784180e-02 2.183236181735992432e-03 1.173367910087108612e-02 7.341383397579193115e-02 7.372485101222991943e-02 2.376850135624408722e-02 1.710857264697551727e-02 5.750268697738647461e-03 3.528593480587005615e-02 7.755435537546873093e-03 4.928756505250930786e-03 4.877920448780059814e-02 1.400365307927131653e-02 2.138275094330310822e-02 1.669188961386680603e-02 1.173274870961904526e-02 3.762669488787651062e-02 6.398367881774902344e-02 1.614005654118955135e-03 4.410602897405624390e-02 4.113801568746566772e-02 9.831727482378482819e-03 7.317877316381782293e-05 2.793243154883384705e-02 3.468593349680304527e-03 5.065592750906944275e-02 5.083640664815902710e-02 1.412021368741989136e-02 5.870601162314414978e-02 2.500529401004314423e-02 6.360874325037002563e-02 1.102120243012905121e-02 9.514063276583328843e-05 5.092308670282363892e-02 3.842662647366523743e-02 1.279698032885789871e-02 2.138605527579784393e-02 3.460004925727844238e-02 7.661752868443727493e-03 1.037332117557525635e-01 4.296148254070430994e-04 2.442244999110698700e-02 1.047719269990921021e-02 9.520155191421508789e-02 2.142419805750250816e-03 5.615675449371337891e-02 8.458150178194046021e-02 2.979964762926101685e-02 3.301749378442764282e-02 2.806225605309009552e-02 3.685251250863075256e-02 4.611798375844955444e-02 4.302739351987838745e-02 6.830487400293350220e-02 3.018772788345813751e-02 4.350595176219940186e-03 2.196337282657623291e-02 5.841126665472984314e-02 2.190040424466133118e-02 1.445259258616715670e-04 2.591300755739212036e-02 5.949525162577629089e-02 3.160647675395011902e-02 3.769770637154579163e-02 1.057083532214164734e-02 1.416435651481151581e-02 2.434815093874931335e-02 3.046427480876445770e-02 3.891696408390998840e-02 2.748395083472132683e-03 1.143727451562881470e-02 5.330885201692581177e-02 5.902416631579399109e-02
2.716572396457195282e-02 8.771465718746185303e-02 7.204952836036682129e-02 3.661771863698959351e-02 3.024635091423988342e-02 1.154022011905908585e-02 4.012791067361831665e-02 2.052573412656784058e-01 4.515843838453292847e-02 3.999916464090347290e-02 6.454749405384063721e-02 1.088107004761695862e-02 2.205870114266872406e-02 3.638156503438949585e-02 5.022292956709861755e-02 1.736290380358695984e-02 3.679380938410758972e-02 1.618135254830121994e-03 2.100116806104779243e-03 7.026465982198715210e-02 3.022610023617744446e-02 4.650665447115898132e-02 1.187059842050075531e-02 3.071336261928081512e-02 1.835089176893234253e-03 3.916615620255470276e-02 2.325876988470554352e-02 5.182301253080368042e-02 6.755183567292988300e-04 5.533574149012565613e-04 4.918734077364206314e-03 4.064495861530303955e-02 5.025459080934524536e-02 1.737934909760951996e-02 1.958646327257156372e-01 6.727241724729537964e-02 1.458572968840599060e-02 2.820864692330360413e-02 5.672467872500419617e-02 7.148317247629165649e-02 1.139187160879373550e-02 3.295460715889930725e-02 2.005286328494548798e-02 1.701985597610473633e-01 9.408388286828994751e-03 3.261097474023699760e-03 1.727244444191455841e-02 2.875791303813457489e-02 1.011461541056632996e-01 2.870076149702072144e-02 3.711330145597457886e-02 1.956573314964771271e-02 7.094170153141021729e-02 4.472068324685096741e-02 9.274518489837646484e-02 5.162312835454940796e-02 1.066953036934137344e-02 6.317044049501419067e-02 9.648517519235610962e-02 2.868886850774288177e-02 6.616033613681793213e-02 1.373218279331922531e-02 8.001270703971385956e-03 6.235631927847862244e-02 8.693401701748371124e-03 1.705945283174514771e-02 2.278179628774523735e-03 1.674775592982769012e-02 2.757074683904647827e-02 5.033374577760696411e-02 1.229651458561420441e-02 1.552387699484825134e-02 3.224865347146987915e-02 4.552491940557956696e-03 3.464579954743385315e-02 2.043698728084564209e-02 2.969443798065185547e-02 1.782582327723503113e-02 1.542902784422039986e-03 3.361398726701736450e-02 1.984773427248001099e-01 1.084956079721450806e-01 1.599841937422752380e-02 3.001727163791656494e-02 2.318094670772552490e-02 6.249088793992996216e-02 2.074934914708137512e-02 2.326011285185813904e-02 7.911550812423229218e-03 3.172828257083892822e-02 9.942187927663326263e-03 1.436230912804603577e-02 3.225963935256004333e-02 4.555347934365272522e-02 3.444680944085121155e-03 5.298165604472160339e-02 7.552519440650939941e-03 3.908041864633560181e-02 7.398930191993713379e-02 7.411812245845794678e-02 2.768785320222377777e-02 4.171978798694908619e-04 1.050993949174880981e-01 5.068586766719818115e-02 3.480707108974456787e-02 4.189175367355346680e-02 1.843859255313873291e-02 2.573556452989578247e-02 1.207127496600151062e-01 3.437080234289169312e-02 1.402273122221231461e-02 3.066156245768070221e-02 5.303265899419784546e-02 1.664614118635654449e-02 8.500018157064914703e-03 5.346485972404479980e-02
1.262332312762737274e-03 1.790812239050865173e-02 3.661771863698959351e-02 7.195051759481430054e-02 1.901293732225894928e-02 5.040104500949382782e-03 2.805498056113719940e-02 6.327822804450988770e-02 3.916098177433013916e-02 7.733225822448730469e-02 1.812256872653961182e-02 2.908240258693695068e-02 1.894083619117736816e-02 7.609620224684476852e-03 1.797322183847427368e-02 4.036412388086318970e-02 3.358748927712440491e-02 4.291837289929389954e-02 2.148250304162502289e-02 2.616201899945735931e-02 8.577479049563407898e-03 3.332961350679397583e-02 1.288198051042854786e-03 3.314312547445297241e-02 1.660170964896678925e-02 9.059755131602287292e-03 1.984595693647861481e-02 2.442984841763973236e-02 4.266884177923202515e-02 3.672001417726278305e-03 8.432362228631973267e-02 3.238476440310478210e-02 3.127934038639068604e-02 1.454159524291753769e-02 3.087146580219268799e-02 7.446076720952987671e-03 2.188433147966861725e-02 2.625625953078269958e-02 6.217311322689056396e-02 1.566170598380267620e-03 6.188779324293136597e-02 5.697399028576910496e-04 2.483868040144443512e-02 6.680617574602365494e-03 7.255668193101882935e-02 1.182487234473228455e-02 3.794811293482780457e-02 7.993000559508800507e-03 1.974737644195556641e-02 3.334853798151016235e-02 7.572563737630844116e-02 4.750718548893928528e-02 3.777311742305755615e-02 5.405835062265396118e-02 8.426514267921447754e-02 7.759976387023925781e-02 3.937711566686630249e-02 4.534732550382614136e-03 2.578094229102134705e-02 3.295133262872695923e-02 2.072229795157909393e-02 7.898763567209243774e-02 7.316489517688751221e-02 5.633243173360824585e-02 1.108437660150229931e-03 1.145961973816156387e-02 9.975451976060867310e-03 6.339621264487504959e-03 1.818233868107199669e-03 1.766361482441425323e-02 1.761694252490997314e-02 2.437733346596360207e-03 1.742320507764816284e-01 5.566546320915222168e-02 6.738419830799102783e-02 4.947677254676818848e-02 9.247250109910964966e-02 3.783575072884559631e-02 5.760033428668975830e-02 3.306547645479440689e-03 4.392670094966888428e-02 1.648350246250629425e-02 1.195419928990304470e-03 9.143194556236267090e-02 8.460940420627593994e-02 1.860194653272628784e-02 1.127637252211570740e-01 1.288482308154925704e-04 1.197124719619750977e-01 7.135294377803802490e-02 1.305904518812894821e-02 2.170561254024505615e-02 1.449024584144353867e-02 3.528841212391853333e-02 2.621850185096263885e-02 5.493047833442687988e-02 7.369409501552581787e-02 5.946636572480201721e-02 4.605083912611007690e-02 4.643310233950614929e-02 1.914607360959053040e-02 1.557746250182390213e-02 7.630740851163864136e-02 2.228479459881782532e-02 1.364995539188385010e-02 2.248195745050907135e-02 3.899246826767921448e-02 6.592326611280441284e-02 3.071910003200173378e-03 5.023088678717613220e-02 3.368872776627540588e-02 1.108473241329193115e-01 2.821092307567596436e-02 1.127911582589149475e-01 2.232151664793491364e-02 8.582493290305137634e-03
5.868896096944808960e-02 4.797422792762517929e-03 3.024635091423988342e-02 1.901293732225894928e-02 8.795177936553955078e-02 1.277803350239992142e-02 2.309311181306838989e-03 1.351479534059762955e-02 1.489003282040357590e-02 5.315975472331047058e-02 2.940569631755352020e-02 6.136696785688400269e-03 5.678334459662437439e-02 1.463192608207464218e-02 1.378367245197296143e-01 2.503750100731849670e-02 1.182258781045675278e-02 2.216172963380813599e-02 1.185809895396232605e-01 1.437902599573135376e-01 5.392923951148986816e-02 1.583541482686996460e-01 3.890018537640571594e-02 3.661030530929565430e-02 1.282859221100807190e-02 4.090273752808570862e-02 2.897316962480545044e-02 6.791415810585021973e-02 1.445369143038988113e-02 3.278674185276031494e-02 4.535364359617233276e-02 4.790623672306537628e-03 1.909205876290798187e-02 7.131680101156234741e-02 1.408201456069946289e-02 2.725983038544654846e-02 4.703194275498390198e-02 2.195202000439167023e-02 3.983341529965400696e-02 1.724191159009933472e-01 1.888686977326869965e-02 3.801968693733215332e-02 9.525857120752334595e-02 4.312586784362792969e-02 3.233988210558891296e-02 1.629003509879112244e-02 1.435842458158731461e-02 1.579317450523376465e-01 8.910209871828556061e-04 2.169001288712024689e-02 4.581459984183311462e-02 7.696634856984019279e-04 2.584590390324592590e-02 1.240849681198596954e-02 5.340562388300895691e-02 4.817349836230278015e-02 2.042103372514247894e-02 2.167160995304584503e-02 2.685872372239828110e-03 1.541168242692947388e-02 5.549750849604606628e-02 1.052931621670722961e-01 1.478794496506452560e-02 8.896286785602569580e-02 3.008531220257282257e-02 1.533106435090303421e-02 4.508443176746368408e-02 6.990208476781845093e-02 2.667634980753064156e-03 3.649625927209854126e-02 6.076484173536300659e-02 1.009233742952346802e-01 1.743327639997005463e-02 3.190482780337333679e-02 1.703833788633346558e-01 5.100743100047111511e-02 8.458751440048217773e-02 4.041761532425880432e-02 2.245815098285675049e-02 7.830803282558917999e-03 1.871949806809425354e-02 2.632540836930274963e-02 3.773782774806022644e-02 1.154697835445404053e-01 4.337973892688751221e-02 2.342380583286285400e-02 2.309044264256954193e-02 3.839064761996269226e-02 1.703562587499618530e-02 8.571270853281021118e-02 3.969378769397735596e-03 3.938459977507591248e-02 4.854761809110641479e-02 9.853389114141464233e-02 3.345655277371406555e-02 4.933498054742813110e-02 2.329488098621368408e-02 1.668431796133518219e-02 1.847336441278457642e-02 2.833149023354053497e-02 3.802869096398353577e-02 1.368443714454770088e-03 2.862728945910930634e-02 6.785874068737030029e-02 5.169400945305824280e-02 7.006755471229553223e-02 1.280289259739220142e-03 7.358291745185852051e-02 4.159687459468841553e-02 1.478118007071316242e-03 7.776851300150156021e-03 3.559432178735733032e-02 5.483671277761459351e-02 4.455198347568511963e-02 2.256511338055133820e-02 2.669271826744079590e-02
1.550464481115341187e-01 1.044892445206642151e-01 1.154022011905908585e-02 5.040104500949382782e-03 1.277803350239992142e-02 8.298655040562152863e-03 1.833250373601913452e-01 1.879758201539516449e-03 2.191350236535072327e-02 1.161696761846542358e-02 1.859024167060852051e-02 5.991816520690917969e-02 7.880321890115737915e-02 2.983449772000312805e-02 2.191874012351036072e-02 5.035152193158864975e-03 4.754115641117095947e-02 3.332931920886039734e-02 6.724691018462181091e-03 9.464646130800247192e-02 4.611974582076072693e-02 7.213637232780456543e-02 9.240776300430297852e-03 5.440369620919227600e-02 4.697822034358978271e-02 3.774916380643844604e-02 1.707753352820873260e-02 8.383102715015411377e-03 4.712685942649841309e-02 1.981222536414861679e-03 7.091776933521032333e-03 6.760594248771667480e-02 7.506258040666580200e-02 5.630074813961982727e-02 3.928179666399955750e-02 1.023973077535629272e-01 5.346220731735229492e-02 5.297623574733734131e-02 3.805304318666458130e-02 3.617995604872703552e-02 1.810091198422014713e-03 1.331145968288183212e-02 9.308947250247001648e-03 5.110568925738334656e-02 3.472657501697540283e-02 2.008115127682685852e-02 1.258682757616043091e-01 7.970924675464630127e-02 2.141025103628635406e-02 7.793936412781476974e-03 1.018557511270046234e-02 7.091104518622159958e-03 6.118918955326080322e-02 5.599434021860361099e-03 2.266801893711090088e-02 5.468398332595825195e-02 3.229271993041038513e-02 5.367483943700790405e-02 5.631410330533981323e-02 1.507665403187274933e-02 2.223142981529235840e-02 2.789021097123622894e-02 5.124774947762489319e-02 2.667757682502269745e-02 4.332768917083740234e-02 7.418364286422729492e-02 2.961085177958011627e-02 6.670620292425155640e-02 1.972867734730243683e-02 1.254390366375446320e-02 2.048290893435478210e-02 8.743269369006156921e-03 2.403615228831768036e-02 1.073562819510698318e-02 5.901248008012771606e-02 3.662033379077911377e-02 5.396879091858863831e-02 1.980575360357761383e-02 8.261327457148581743e-05 4.458718001842498779e-02 4.155094549059867859e-02 1.082676649093627930e-02 6.502587348222732544e-02 2.021103166043758392e-02 2.424365654587745667e-02 2.556550502777099609e-02 9.537286311388015747e-02 5.470258742570877075e-02 4.333263263106346130e-02 6.004653871059417725e-02 9.209774434566497803e-03 9.801156073808670044e-02 9.314353018999099731e-02 6.969974935054779053e-02 3.018211387097835541e-02 2.121253497898578644e-02 1.774343848228454590e-02 5.663844291120767593e-03 3.983966633677482605e-02 2.448402717709541321e-02 2.995790354907512665e-02 4.195353761315345764e-02 4.838069528341293335e-02 3.773044422268867493e-02 6.011608242988586426e-02 8.642521686851978302e-03 1.595426350831985474e-02 4.192744847387075424e-03 3.962992690503597260e-03 4.127939417958259583e-02 3.588130325078964233e-02 9.513628669083118439e-03 6.495188176631927490e-02 1.353340409696102142e-02 2.178226597607135773e-02 3.419047454372048378e-03
6.047257781028747559e-02 1.715578734874725342e-01 4.012791067361831665e-02 2.805498056113719940e-02 2.309311181306838989e-03 1.833250373601913452e-01 1.788927055895328522e-02 3.410440310835838318e-02 6.157280504703521729e-02 3.743502125144004822e-02 1.481011211872100830e-01 3.855241835117340088e-02 9.034062922000885010e-02 6.267189979553222656e-02 3.703855723142623901e-02 3.673147410154342651e-02 5.447026342153549194e-02 7.705881260335445404e-03 4.189904034137725830e-02 3.390509262681007385e-02 6.134044751524925232e-02 6.867298483848571777e-02 3.195653483271598816e-02 4.273616150021553040e-02 4.874449595808982849e-02 3.316245600581169128e-02 7.868128828704357147e-03 3.266800567507743835e-02 4.742476716637611389e-02 9.648279286921024323e-03 6.719764787703752518e-03 4.775492008775472641e-03 3.295604884624481201e-02 4.653979092836380005e-02 3.813106566667556763e-02 3.187695145606994629e-02 2.908551320433616638e-02 2.878158353269100189e-02 1.241233944892883301e-02 1.615715026855468750e-02 4.921862110495567322e-02 5.176975950598716736e-02 3.156628832221031189e-02 2.985471300780773163e-02 2.630774863064289093e-02 1.931857876479625702e-02 5.308756232261657715e-02 1.633815020322799683e-01 1.585162989795207977e-02 1.767914555966854095e-02 1.420114748179912567e-02 1.475728768855333328e-02 2.897416613996028900e-02 1.340756472200155258e-02 1.863245479762554169e-02 2.095052786171436310e-02 6.389733403921127319e-02 5.881391465663909912e-02 3.955112770199775696e-02 1.940899412147700787e-03 5.056125577539205551e-03 3.142637759447097778e-02 2.725189365446567535e-02 6.318762898445129395e-02 5.102174356579780579e-02 5.689929053187370300e-02 7.394005544483661652e-03 6.180562824010848999e-02 8.126535266637802124e-02 5.572848021984100342e-02 1.015550736337900162e-02 8.805826306343078613e-02 3.733182325959205627e-03 1.898893713951110840e-02 5.096614733338356018e-02 3.445453196763992310e-02 3.064598701894283295e-02 9.666976518929004669e-03 1.320420950651168823e-02 3.264648094773292542e-02 2.963271923363208771e-02 4.158991947770118713e-02 7.106343656778335571e-02 3.973620384931564331e-02 7.228077203035354614e-02 2.842690236866474152e-02 7.008355855941772461e-02 6.729706376791000366e-02 2.053749281913042068e-03 7.445495575666427612e-02 3.732822835445404053e-02 8.189487457275390625e-02 5.169352144002914429e-02 7.168509811162948608e-02 4.452588409185409546e-02 1.734700798988342285e-02 4.786150995641946793e-03 1.634474284946918488e-02 1.802317425608634949e-02 9.345528669655323029e-03 2.225294895470142365e-02 3.057477623224258423e-02 3.714241087436676025e-02 4.768311232328414917e-02 2.743714675307273865e-02 1.757796667516231537e-02 1.703618466854095459e-02 1.958896219730377197e-02 7.997974008321762085e-02 7.123351097106933594e-02 2.304660528898239136e-02 3.344571217894554138e-02 3.601926937699317932e-02 5.199110507965087891e-02 2.855302579700946808e-02 3.549787029623985291e-02
1.312926691025495529e-02 2.820665016770362854e-02 2.052573412656784058e-01 6.327822804450988770e-02 1.351479534059762955e-02 1.879758201539516449e-03 3.410440310835838318e-02 2.362168021500110626e-02 6.894569098949432373e-02 7.817929610610008240e-03 1.497832033783197403e-02 8.359079807996749878e-02 1.219552755355834961e-02 1.170908361673355103e-01 2.144671827554702759e-01 1.693754829466342926e-02 4.306134954094886780e-02 4.171224683523178101e-02 3.230749443173408508e-02 2.722472138702869415e-02 2.971940301358699799e-02 1.530676148831844330e-02 3.703063726425170898e-02 7.860442623496055603e-03 6.289488170295953751e-03 3.609643504023551941e-02 6.478299386799335480e-03 3.971608355641365051e-02 9.792270138859748840e-03 5.221945419907569885e-02 2.347459830343723297e-02 3.459674492478370667e-02 4.348328709602355957e-02 5.731968581676483154e-02 7.995522022247314453e-02 6.248228624463081360e-02 9.204024821519851685e-02 6.479523330926895142e-02 5.209019407629966736e-02 3.717664256691932678e-02 1.370318792760372162e-02 4.444679245352745056e-03 1.243830844759941101e-02 8.512330800294876099e-02 1.834863796830177307e-02 2.667839266359806061e-02 3.077884390950202942e-02 2.225128002464771271e-02 1.737237721681594849e-02 6.663367897272109985e-02 6.736951321363449097e-02 2.445486560463905334e-02 1.469907583668828011e-03 1.506933290511369705e-02 3.859376534819602966e-02 4.192014038562774658e-02 2.650453895330429077e-02 4.357989132404327393e-02 6.857236474752426147e-02 1.920839771628379822e-02 1.743125915527343750e-02 3.216039389371871948e-02 1.853504031896591187e-02 3.947101905941963196e-02 3.472341969609260559e-02 1.174319162964820862e-02 2.584850043058395386e-02 3.948637098073959351e-02 4.413270950317382812e-02 2.701367996633052826e-02 4.180903360247612000e-02 3.399135544896125793e-02 6.558191776275634766e-02 6.101433653384447098e-03 8.920448017306625843e-04 1.434004865586757660e-02 4.267140477895736694e-02 2.089099399745464325e-02 3.404511138796806335e-02 2.556218020617961884e-02 1.934250742197036743e-01 2.164138555526733398e-01 6.904601305723190308e-02 2.047838829457759857e-02 7.342386245727539062e-02 4.156829044222831726e-02 1.014853715896606445e-01 5.311695113778114319e-02 7.351486384868621826e-02 7.760190963745117188e-02 1.240485813468694687e-02 4.238522797822952271e-02 1.128366403281688690e-02 3.233111277222633362e-02 2.543780952692031860e-02 7.151062041521072388e-02 2.947832457721233368e-02 1.440341211855411530e-02 6.073759123682975769e-02 4.604907706379890442e-02 8.431068062782287598e-02 7.584162801504135132e-02 5.268505588173866272e-02 4.719342663884162903e-02 6.130771711468696594e-02 6.753845140337944031e-03 4.694563150405883789e-02 5.068960413336753845e-02 6.628383696079254150e-02 1.090223435312509537e-02 2.002470754086971283e-02 5.698815733194351196e-02 2.078925631940364838e-02 5.491379275918006897e-02 4.550079815089702606e-03 9.012909978628158569e-02
4.155672341585159302e-02 3.450796753168106079e-02 4.515843838453292847e-02 3.916098177433013916e-02 1.489003282040357590e-02 2.191350236535072327e-02 6.157280504703521729e-02 6.894569098949432373e-02 8.499032817780971527e-03 9.824958629906177521e-03 5.428020283579826355e-02 3.513051569461822510e-02 3.244873136281967163e-02 3.661511093378067017e-02 9.387481957674026489e-03 1.342210732400417328e-02 3.950519859790802002e-02 1.964556127786636353e-01 5.580609291791915894e-02 2.366216666996479034e-02 4.403172805905342102e-02 7.525005191564559937e-02 3.264985978603363037e-02 7.493571937084197998e-02 7.545407861471176147e-02 1.096237637102603912e-02 2.831425331532955170e-02 2.136701531708240509e-02 1.657955721020698547e-02 3.412621840834617615e-02 5.265879631042480469e-02 1.965331658720970154e-02 3.645633580163121223e-03 4.255902394652366638e-02 2.430961839854717255e-02 3.335344046354293823e-02 7.949016056954860687e-03 1.013523549772799015e-03 3.789064288139343262e-02 2.638716064393520355e-02 2.711111912503838539e-03 5.547116696834564209e-02 4.852799698710441589e-02 6.841149181127548218e-02 8.302010595798492432e-02 4.336060583591461182e-02 3.187389345839619637e-03 5.102664232254028320e-03 5.565916746854782104e-02 6.512226909399032593e-02 3.456122428178787231e-02 4.367286339402198792e-02 3.192589804530143738e-02 3.047489002346992493e-02 2.536197304725646973e-01 5.843890830874443054e-03 6.786850839853286743e-02 5.720689520239830017e-02 1.797174103558063507e-02 7.345461100339889526e-02 1.341476887464523315e-01 5.063602328300476074e-02 1.165357306599617004e-01 4.848684743046760559e-02 3.106619790196418762e-02 1.874156296253204346e-02 2.186110429465770721e-02 2.828717790544033051e-02 3.576160967350006104e-02 6.197462230920791626e-02 1.205687597393989563e-02 5.749045405536890030e-03 1.329638808965682983e-02 5.066827312111854553e-02 1.620493084192276001e-02 1.365368515253067017e-01 2.055732607841491699e-01 4.962595552206039429e-02 1.374184042215347290e-01 3.196539590135216713e-03 4.158062487840652466e-02 5.314751528203487396e-03 3.540135920047760010e-02 5.485443398356437683e-02 2.926205098628997803e-02 1.061426475644111633e-02 4.744253307580947876e-02 1.136562973260879517e-01 4.045338183641433716e-02 3.074087144341319799e-04 2.403588406741619110e-02 3.104673884809017181e-02 2.992105484008789062e-02 4.479333758354187012e-03 3.713108226656913757e-02 3.154006227850914001e-02 2.880152314901351929e-03 5.452296882867813110e-02 4.713572934269905090e-02 5.570709332823753357e-02 3.926924988627433777e-02 4.698758479207754135e-03 3.110352344810962677e-02 3.463222458958625793e-02 3.086980059742927551e-02 7.949889451265335083e-02 4.202542454004287720e-02 3.942097350955009460e-02 2.708865096792578697e-03 2.377279289066791534e-02 5.178548395633697510e-02 1.112771779298782349e-02 1.460300851613283157e-02 4.966445639729499817e-02 4.991262033581733704e-02 6.219765171408653259e-02
9.832579642534255981e-03 6.264024879783391953e-03 3.999916464090347290e-02 7.733225822448730469e-02 5.315975472331047058e-02 1.161696761846542358e-02 3.743502125144004822e-02 7.817929610610008240e-03 9.824958629906177521e-03 1.207877974957227707e-02 3.872532770037651062e-02 4.086417704820632935e-02 1.257002353668212891e-02 6.512521207332611084e-02 3.349687205627560616e-03 1.842909306287765503e-02 3.766110911965370178e-02 5.955320317298173904e-03 1.388000845909118652e-01 3.361117467284202576e-02 2.341381646692752838e-02 7.249861210584640503e-02 8.442360162734985352e-02 6.710819154977798462e-02 2.009555138647556305e-02 3.627669299021363258e-03 5.148717015981674194e-02 4.496499523520469666e-02 1.380373071879148483e-02 6.165184080600738525e-03 1.464707124978303909e-02 4.513649269938468933e-02 4.558683838695287704e-03 6.434778124094009399e-02 1.909079588949680328e-02 5.478399340063333511e-03 2.474853768944740295e-03 2.788921259343624115e-02 7.856598496437072754e-02 4.280385747551918030e-02 3.789058700203895569e-02 4.845575243234634399e-02 1.590291969478130341e-02 3.489549085497856140e-02 6.150677055120468140e-02 6.669878214597702026e-02 3.962384536862373352e-02 3.680687770247459412e-02 4.127447609789669514e-04 9.145364165306091309e-02 4.657655954360961914e-02 2.781035937368869781e-02 7.333160843700170517e-03 2.237418480217456818e-02 5.732747539877891541e-02 1.505056321620941162e-01 2.348258346319198608e-02 4.568828735500574112e-03 3.748729452490806580e-02 6.047547236084938049e-02 6.788317859172821045e-02 5.655450746417045593e-02 3.089299798011779785e-02 3.943224623799324036e-02 7.585308514535427094e-03 6.856948882341384888e-02 1.908788643777370453e-02 6.312780827283859253e-02 1.151921413838863373e-02 2.010324411094188690e-02 6.525627523660659790e-02 5.155998468399047852e-02 8.534304052591323853e-02 1.100458279252052307e-01 5.470529571175575256e-02 2.417740970849990845e-02 3.052643127739429474e-02 9.951809048652648926e-02 5.381755996495485306e-03 1.461844742298126221e-01 4.579092562198638916e-02 8.657331345602869987e-04 4.441642761230468750e-02 1.510256230831146240e-01 3.522545564919710159e-03 5.753676593303680420e-02 4.499264992773532867e-03 4.597117006778717041e-02 2.199288643896579742e-02 5.335248634219169617e-02 2.614057855680584908e-03 4.250946268439292908e-02 2.705040387809276581e-02 4.127706214785575867e-02 3.599860146641731262e-02 6.271810829639434814e-02 1.062656715512275696e-01 1.938780536875128746e-03 2.964071743190288544e-02 2.898230217397212982e-02 2.225239574909210205e-02 5.870599765330553055e-03 6.650654226541519165e-02 1.595190726220607758e-02 1.417683996260166168e-02 2.453239075839519501e-02 8.446308784186840057e-03 6.962533108890056610e-03 1.891503669321537018e-02 3.813688084483146667e-02 3.372301533818244934e-02 1.977550610899925232e-02 6.598532199859619141e-02 8.791482448577880859e-02 2.343722619116306305e-02 5.376395210623741150e-02
1.282229125499725342e-01 7.646684348583221436e-02 6.454749405384063721e-02 1.812256872653961182e-02 2.940569631755352020e-02 1.859024167060852051e-02 1.481011211872100830e-01 1.497832033783197403e-02 5.428020283579826355e-02 3.872532770037651062e-02 1.060288492590188980e-02 2.744021639227867126e-02 1.051192954182624817e-01 5.758436396718025208e-02 3.414144366979598999e-02 4.769022762775421143e-02 1.008894760161638260e-02 1.740830205380916595e-02 2.759161032736301422e-02 8.920621126890182495e-03 5.907135456800460815e-02 9.993837028741836548e-02 4.375766962766647339e-02 7.990326732397079468e-03 1.534885168075561523e-02 1.391281932592391968e-02 1.341440677642822266e-01 4.169260710477828979e-02 1.625866442918777466e-02 3.975836932659149170e-02 6.417615711688995361e-02 6.405431777238845825e-02 2.126696147024631500e-02 4.376959800720214844e-02 3.984028473496437073e-03 4.904830828309059143e-02 2.978689223527908325e-02 4.667817149311304092e-03 2.172645740211009979e-02 3.042005933821201324e-02 1.792449317872524261e-02 4.524610191583633423e-02 1.361235789954662323e-02 4.141689464449882507e-02 9.954055398702621460e-02 4.447873216122388840e-03 3.576403483748435974e-02 1.076161041855812073e-01 3.909978270530700684e-02 2.531641721725463867e-02 4.633359238505363464e-02 1.458456553518772125e-02 2.442529983818531036e-02 2.669329009950160980e-02 2.741712145507335663e-02 1.785593293607234955e-02 6.689764559268951416e-02 6.198124587535858154e-02 3.195933764800429344e-03 3.398183733224868774e-02 2.190438844263553619e-02 1.361066196113824844e-02 1.520103076472878456e-03 2.625681646168231964e-02 8.105203509330749512e-02 3.417178988456726074e-02 2.273086644709110260e-02 2.744878455996513367e-02 4.128195717930793762e-02 2.117861062288284302e-03 2.333393320441246033e-02 8.072499185800552368e-02 4.199881479144096375e-02 5.672702938318252563e-02 1.959827356040477753e-02 3.201957046985626221e-02 4.747591912746429443e-02 4.579345509409904480e-02 4.882393777370452881e-02 4.269721731543540955e-02 4.205431789159774780e-02 4.487428069114685059e-02 7.516766339540481567e-02 2.669476345181465149e-02 2.557834237813949585e-02 5.622069910168647766e-02 8.498582243919372559e-02 3.661308810114860535e-02 4.221837595105171204e-02 2.059552073478698730e-02 2.863410674035549164e-02 8.455891907215118408e-02 9.834614396095275879e-02 1.066111307591199875e-02 4.276109114289283752e-02 2.564867772161960602e-02 2.094446495175361633e-02 6.037002056837081909e-02 1.069949287921190262e-02 1.534868869930505753e-02 4.378791525959968567e-02 4.844176024198532104e-02 3.214956074953079224e-02 4.925242811441421509e-02 1.178319286555051804e-02 4.192098975181579590e-02 1.163283288478851318e-01 3.342488035559654236e-02 1.507879886776208878e-02 4.010961949825286865e-02 5.428405478596687317e-03 5.818513687700033188e-03 5.896069481968879700e-02 4.461291804909706116e-02 7.949245627969503403e-04 1.992330420762300491e-03
3.641845285892486572e-02 4.810842126607894897e-02 1.088107004761695862e-02 2.908240258693695068e-02 6.136696785688400269e-03 5.991816520690917969e-02 3.855241835117340088e-02 8.359079807996749878e-02 3.513051569461822510e-02 4.086417704820632935e-02 2.744021639227867126e-02 3.585092723369598389e-02 2.317853271961212158e-02 1.890963912010192871e-01 4.963603243231773376e-02 3.771094232797622681e-02 3.211532533168792725e-02 1.081175878643989563e-01 9.717048704624176025e-02 5.389574170112609863e-02 4.912358522415161133e-02 8.137788623571395874e-03 1.058386266231536865e-01 7.098619639873504639e-02 7.624838035553693771e-03 1.726040430366992950e-02 9.393642097711563110e-02 1.083222031593322754e-01 1.057927496731281281e-02 9.823413193225860596e-02 4.265088960528373718e-02 3.176484629511833191e-02 4.027854278683662415e-02 2.194690145552158356e-02 3.296918794512748718e-02 3.082574717700481415e-02 5.024184659123420715e-02 9.194874204695224762e-03 8.351338654756546021e-02 1.933762244880199432e-02 2.899995306506752968e-03 1.727494597434997559e-02 5.258350819349288940e-02 3.737818822264671326e-02 1.120331734418869019e-01 5.523865297436714172e-02 3.187355399131774902e-02 1.337294466793537140e-02 1.763303577899932861e-02 1.072300411760807037e-02 6.259645521640777588e-02 9.651651233434677124e-02 4.606962949037551880e-02 3.584745153784751892e-02 5.882654711604118347e-02 2.243125438690185547e-02 2.670253999531269073e-02 6.927896291017532349e-02 3.456225246191024780e-02 2.505064010620117188e-03 1.013805344700813293e-01 9.875017404556274414e-02 2.944777719676494598e-02 4.003717005252838135e-02 6.831034086644649506e-03 4.293826594948768616e-02 3.892151406034827232e-03 3.899358958005905151e-02 3.343237563967704773e-02 2.492241933941841125e-02 2.321730181574821472e-02 3.634578315541148186e-03 6.648991256952285767e-02 2.969524823129177094e-02 2.252762205898761749e-02 1.124938204884529114e-02 1.109289228916168213e-01 1.850345730781555176e-02 1.248465385288000107e-02 8.876920677721500397e-03 3.551922366023063660e-02 4.751428216695785522e-02 6.955883651971817017e-02 8.076015859842300415e-02 2.714195102453231812e-02 4.300183430314064026e-02 3.362773358821868896e-02 6.383845210075378418e-02 1.009891182184219360e-01 1.231658179312944412e-02 9.210503846406936646e-02 1.765124499797821045e-02 3.301488235592842102e-02 1.356829074211418629e-03 4.604519531130790710e-02 5.427991598844528198e-02 4.180474206805229187e-02 1.190464477986097336e-02 4.506899788975715637e-02 5.261557549238204956e-02 6.496506929397583008e-02 7.144539803266525269e-02 3.044098801910877228e-02 5.837077274918556213e-02 5.793971568346023560e-02 5.863182246685028076e-02 1.787791028618812561e-02 5.006957799196243286e-02 8.114052563905715942e-02 2.956029959022998810e-02 9.915176779031753540e-03 3.038948401808738708e-03 2.178928069770336151e-02 4.148375242948532104e-02 9.411645121872425079e-03 4.340514913201332092e-02
1.357852816581726074e-01 1.532232463359832764e-01 2.205870114266872406e-02 1.894083619117736816e-02 5.678334459662437439e-02 7.880321890115737915e-02 9.034062922000885010e-02 1.219552755355834961e-02 3.244873136281967163e-02 1.257002353668212891e-02 1.051192954182624817e-01 2.317853271961212158e-02 1.318595185875892639e-02 6.182897835969924927e-02 7.581087760627269745e-03 2.385540120303630829e-02 1.326031889766454697e-02 3.899220749735832214e-02 8.540890179574489594e-03 7.354760169982910156e-02 2.843407727777957916e-02 7.247737795114517212e-02 7.175602018833160400e-02 6.247387081384658813e-02 5.934416875243186951e-02 3.357852343469858170e-03 2.304715476930141449e-02 6.454963982105255127e-02 1.797186210751533508e-02 1.779683679342269897e-02 3.398653119802474976e-02 9.281777776777744293e-03 7.870052941143512726e-03 4.988679662346839905e-02 4.082099720835685730e-02 4.529157187789678574e-03 2.718492038547992706e-02 5.767197534441947937e-02 7.860663346946239471e-03 4.986690729856491089e-02 7.415458094328641891e-03 2.236472070217132568e-02 5.294931307435035706e-02 5.560009740293025970e-04 6.201522890478372574e-03 4.283712804317474365e-02 5.203080922365188599e-02 5.282117053866386414e-02 7.050307467579841614e-03 1.449069101363420486e-02 6.795440614223480225e-02 3.912654519081115723e-02 3.675701469182968140e-02 5.490946397185325623e-02 2.683730563148856163e-03 2.807293273508548737e-02 4.061077255755662918e-03 4.399828612804412842e-02 3.979019448161125183e-02 2.069218829274177551e-02 2.075388096272945404e-02 1.796326600015163422e-02 2.185924723744392395e-02 3.604493662714958191e-02 2.299241907894611359e-02 5.089828372001647949e-02 2.257384546101093292e-02 6.377181038260459900e-03 2.085357345640659332e-02 2.844987809658050537e-02 2.160551398992538452e-02 7.381175458431243896e-02 1.638741791248321533e-02 2.823846042156219482e-02 1.594805531203746796e-02 2.955400943756103516e-02 2.182800881564617157e-02 3.139521181583404541e-02 2.706105634570121765e-02 3.837023675441741943e-02 5.241613090038299561e-02 1.916364394128322601e-02 2.279981411993503571e-02 1.635993644595146179e-02 3.787529841065406799e-02 2.342208847403526306e-02 6.522517651319503784e-02 1.578314113430678844e-03 5.134186521172523499e-02 1.378837972879409790e-02 4.808157216757535934e-03 2.531684376299381256e-02 4.256467334926128387e-03 7.512969523668289185e-02 2.491932548582553864e-02 3.528672456741333008e-02 9.908854030072689056e-03 2.781096380203962326e-03 2.297716774046421051e-02 5.959063023328781128e-02 5.505847185850143433e-02 1.489582937210798264e-02 1.284694205969572067e-02 6.014795973896980286e-02 4.663614556193351746e-02 4.491170123219490051e-02 1.131298393011093140e-01 1.479435060173273087e-02 3.150634840130805969e-02 3.484031418338418007e-03 4.250891506671905518e-02 4.187481850385665894e-02 2.854766696691513062e-02 5.006686970591545105e-02 1.666784659028053284e-02 6.604932248592376709e-02
