2.104859799146652222e-01 3.117936849594116211e-01 4.078275337815284729e-02 1.534396037459373474e-02 9.807535447180271149e-03 1.993919163942337036e-01 1.682288348674774170e-01 3.640277311205863953e-02 6.298020482063293457e-02 1.716833375394344330e-02 2.294448763132095337e-01 1.679951325058937073e-02 2.007071971893310547e-01 2.042782492935657501e-02 6.348495185375213623e-02 6.185962352901697159e-03 7.766194641590118408e-03 3.661735728383064270e-02 3.348251432180404663e-02 9.258230216801166534e-03 9.643424302339553833e-03 2.138105221092700958e-02 2.002341300249099731e-02 5.157244578003883362e-02 7.272546645253896713e-03 5.619996227324008942e-03 7.377638015896081924e-03 5.938978865742683411e-02 6.809479743242263794e-02 1.303804200142621994e-02 6.244887039065361023e-02 6.264460273087024689e-03 2.096133539453148842e-03 9.689865633845329285e-03 2.139201853424310684e-03 5.102634057402610779e-02 4.010018333792686462e-02 2.312131226062774658e-02 1.571868732571601868e-02 7.345473393797874451e-03 6.376333534717559814e-02 5.796395614743232727e-02 3.729415766429156065e-04 8.999611251056194305e-03 4.283926263451576233e-02 8.451105654239654541e-02 8.175089955329895020e-03 1.108714714646339417e-01 3.262573480606079102e-02 4.532520251814275980e-04 3.446540795266628265e-03 1.672777161002159119e-02 3.082679212093353271e-02 9.974925778806209564e-03 1.496782060712575912e-02 3.648792579770088196e-02 4.673110321164131165e-02 6.311625987291336060e-02 1.074577961117029190e-02 3.753171488642692566e-02 5.771489068865776062e-02 4.656446631997823715e-03 2.278501167893409729e-02 3.992252051830291748e-03 5.978954583406448364e-02 5.821864306926727295e-02 1.271406654268503189e-02 1.373901870101690292e-02 1.299710199236869812e-02 5.100861936807632446e-02 3.551121056079864502e-02 2.524220198392868042e-02 5.984005518257617950e-03 3.041917644441127777e-02 1.361161097884178162e-02 5.395934358239173889e-02 4.090204369276762009e-03 2.261901088058948517e-02 7.694276981055736542e-03 1.941079087555408478e-02 1.151749957352876663e-02 7.522038184106349945e-03 2.949604205787181854e-02 1.454621460288763046e-02 6.770903617143630981e-02 3.602167218923568726e-02 1.072788424789905548e-02 3.312290832400321960e-02 2.099804207682609558e-02 1.593069173395633698e-02 5.173482000827789307e-02 2.138456329703330994e-02 8.869042992591857910e-02 1.094824355095624924e-02 2.931129559874534607e-02 3.345147892832756042e-02 1.628306135535240173e-02 8.328668773174285889e-03 4.888993501663208008e-02 2.198476903140544891e-02 3.477170318365097046e-02 4.218108579516410828e-02 2.721392922103404999e-02 5.217716842889785767e-02 2.044698782265186310e-02 1.027533598244190216e-02 2.169663272798061371e-02 3.975930064916610718e-02 9.555580909363925457e-04 3.792574256658554077e-02 1.038299314677715302e-02 3.105262480676174164e-02 5.080790724605321884e-03 1.033804845064878464e-02 2.764165168628096581e-03 1.851511374115943909e-02
3.117936849594116211e-01 2.082511484622955322e-01 1.961881753231864423e-05 4.465159028768539429e-02 7.632436230778694153e-03 1.956832259893417358e-01 2.261682003736495972e-01 3.376528993248939514e-02 4.865755885839462280e-02 3.899339213967323303e-02 1.818159669637680054e-01 7.071672379970550537e-02 2.325200736522674561e-01 6.458656862378120422e-03 6.324166059494018555e-02 1.067736186087131500e-02 2.337576262652873993e-02 7.021796703338623047e-02 5.561766028404235840e-02 4.187161102890968323e-02 2.278239466249942780e-02 7.363708317279815674e-02 2.088414132595062256e-02 1.613162644207477570e-02 5.221468582749366760e-02 1.228802092373371124e-02 6.408540159463882446e-02 1.709896512329578400e-02 8.044885471463203430e-03 2.414901368319988251e-02 3.092394024133682251e-02 2.526940032839775085e-02 1.414383063092827797e-03 1.072127092629671097e-02 5.978391971439123154e-03 3.516471758484840393e-02 1.404015114530920982e-03 5.771524459123611450e-02 3.206629306077957153e-02 1.064988318830728531e-02 5.549986287951469421e-02 5.387950688600540161e-02 2.733595296740531921e-02 1.905315183103084564e-02 1.805959641933441162e-02 8.799580391496419907e-04 1.951653882861137390e-02 6.641908735036849976e-02 2.096262387931346893e-02 3.058973886072635651e-02 8.733422495424747467e-03 1.130152214318513870e-02 1.394879538565874100e-02 9.473619051277637482e-03 4.172544926404953003e-02 2.524981088936328888e-02 3.414040431380271912e-03 4.632918909192085266e-02 3.173866542056202888e-03 3.125528991222381592e-02 2.354579791426658630e-02 1.260815770365297794e-03 4.832422360777854919e-03 1.726822927594184875e-02 2.255961066111922264e-03 1.005865447223186493e-02 5.277511198073625565e-03 6.116646341979503632e-03 6.641514133661985397e-03 5.435069650411605835e-02 2.264191210269927979e-02 4.551636520773172379e-03 9.409148246049880981e-03 4.528871178627014160e-02 1.345464587211608887e-02 2.949432469904422760e-02 3.994956240057945251e-02 1.212869212031364441e-02 3.973812982439994812e-02 2.767682448029518127e-02 9.497576393187046051e-03 9.710914455354213715e-03 3.580924356356263161e-03 1.274219155311584473e-02 6.819227337837219238e-02 4.411045834422111511e-02 3.287070989608764648e-02 3.643123060464859009e-02 5.749402567744255066e-02 5.032926052808761597e-02 3.652069717645645142e-02 4.513733554631471634e-03 1.572911255061626434e-02 7.941261865198612213e-03 5.722218658775091171e-03 6.983146816492080688e-02 2.569368109107017517e-02 3.961469046771526337e-03 1.629590056836605072e-02 3.562901169061660767e-02 4.782177507877349854e-02 3.546788543462753296e-02 1.446816232055425644e-02 4.833860695362091064e-02 1.016881316900253296e-02 1.009132247418165207e-02 2.402388677000999451e-02 5.785863380879163742e-03 3.245998173952102661e-02 2.116267755627632141e-02 3.654724359512329102e-02 3.136407211422920227e-02 2.496602758765220642e-02 6.063849851489067078e-02 1.813737861812114716e-02 2.215189114212989807e-02
4.078275337815284729e-02 1.961881753231864423e-05 7.520949468016624451e-03 1.785283349454402924e-02 6.938996259123086929e-03 1.753125153481960297e-02 8.318373002111911774e-03 3.109076917171478271e-01 5.748730152845382690e-02 3.715018928050994873e-02 4.681481979787349701e-03 5.564049631357192993e-02 1.588391140103340149e-03 2.505701966583728790e-02 3.301811963319778442e-02 4.840246587991714478e-02 9.934555739164352417e-02 9.820429608225822449e-03 2.975131012499332428e-02 1.168610341846942902e-02 1.588697358965873718e-02 8.139108866453170776e-02 1.136762350797653198e-01 5.244271084666252136e-02 5.636006966233253479e-02 1.894585415720939636e-02 3.387365862727165222e-02 9.284254908561706543e-02 1.246325485408306122e-02 2.150593884289264679e-02 5.275059491395950317e-02 2.831544913351535797e-02 2.850783057510852814e-02 1.224655807018280029e-01 4.053294286131858826e-02 1.825971528887748718e-02 4.633694514632225037e-02 2.434544265270233154e-02 3.098824620246887207e-02 4.145298153162002563e-02 1.706180628389120102e-03 3.205255419015884399e-02 5.276145786046981812e-02 1.173224300146102905e-02 2.158113755285739899e-02 1.249454636126756668e-02 2.895943820476531982e-02 1.742116175591945648e-02 2.464749477803707123e-02 2.612949535250663757e-02 4.147319868206977844e-02 4.546405747532844543e-02 6.186082027852535248e-03 1.786744967103004456e-02 1.433992944657802582e-02 4.306012298911809921e-03 6.426478177309036255e-02 3.008836507797241211e-02 3.563300892710685730e-02 6.272001564502716064e-02 1.424272544682025909e-02 3.921077027916908264e-02 2.244824543595314026e-02 3.858529031276702881e-02 3.234958974644541740e-03 5.478011071681976318e-02 1.328043453395366669e-02 3.973166644573211670e-02 7.357316790148615837e-04 1.849986054003238678e-02 5.306548997759819031e-02 1.699477434158325195e-02 1.919602788984775543e-02 3.683723136782646179e-02 9.982230514287948608e-02 3.843698650598526001e-02 1.930972188711166382e-02 4.863462597131729126e-02 1.014421284198760986e-01 4.102759063243865967e-02 2.667814195156097412e-01 1.217213571071624756e-01 5.215393006801605225e-02 1.877454668283462524e-02 1.603038981556892395e-02 4.582515358924865723e-02 2.510877884924411774e-02 8.308991789817810059e-03 2.480116672813892365e-02 4.695945978164672852e-02 1.373436395078897476e-02 3.580623492598533630e-02 5.430221930146217346e-02 3.012198721989989281e-03 3.447042778134346008e-02 2.764347940683364868e-03 4.903655499219894409e-02 4.431237280368804932e-02 4.418642818927764893e-02 2.688825130462646484e-02 9.087081067264080048e-03 2.274428121745586395e-02 6.258895248174667358e-02 5.106732249259948730e-02 3.635179251432418823e-02 3.918024525046348572e-02 5.252605676651000977e-02 5.460236221551895142e-02 4.544114693999290466e-02 1.393398735672235489e-02 1.347641926258802414e-02 2.839529700577259064e-02 2.827601879835128784e-02 3.304890543222427368e-02 1.028793398290872574e-02 5.478939786553382874e-02
1.534396037459373474e-02 4.465159028768539429e-02 1.785283349454402924e-02 1.162170618772506714e-01 2.074842154979705811e-01 4.489807412028312683e-02 2.822248637676239014e-02 3.244468197226524353e-02 5.250044539570808411e-02 1.334324013441801071e-02 4.822733812034130096e-03 1.324153132736682892e-02 5.990501027554273605e-03 3.933017700910568237e-02 2.385630458593368530e-02 6.959284842014312744e-02 4.137422516942024231e-02 5.411928147077560425e-02 8.611263334751129150e-02 1.711260154843330383e-02 1.924516446888446808e-02 2.467185445129871368e-02 3.328198567032814026e-02 4.078717529773712158e-02 2.697367593646049500e-02 1.728473231196403503e-02 2.957109827548265457e-03 4.177150130271911621e-02 3.266349807381629944e-02 4.322566464543342590e-02 8.973264135420322418e-03 2.596366591751575470e-02 8.243633806705474854e-02 9.899167343974113464e-03 8.619192242622375488e-02 2.173207141458988190e-02 9.331429377198219299e-03 4.367546737194061279e-02 1.548517346382141113e-01 1.360995620489120483e-01 6.015756353735923767e-02 5.750549957156181335e-02 1.885113120079040527e-02 1.186924753710627556e-03 5.995459482073783875e-02 4.841990303248167038e-03 4.290020558983087540e-03 1.373942848294973373e-02 8.175746537744998932e-03 2.649158798158168793e-02 1.087512727826833725e-02 1.859475113451480865e-02 6.676796078681945801e-02 4.972201585769653320e-02 2.137448079884052277e-02 5.378955230116844177e-02 1.232226565480232239e-02 3.387107700109481812e-02 4.874865338206291199e-02 6.826493144035339355e-02 5.453802272677421570e-02 4.978468641638755798e-03 7.384287565946578979e-02 5.707021057605743408e-02 1.133189573884010315e-01 4.227106645703315735e-02 4.056440293788909912e-02 4.131830111145973206e-02 2.649888861924409866e-03 1.346619799733161926e-02 2.990927547216415405e-02 3.382296860218048096e-02 1.518657803535461426e-01 1.074882503598928452e-02 1.624296158552169800e-01 6.624459754675626755e-03 3.026352822780609131e-02 1.280827564187347889e-03 4.322823137044906616e-02 5.024412274360656738e-02 1.553011708892881870e-03 5.710087716579437256e-02 9.960768371820449829e-02 1.352914422750473022e-01 1.068495027720928192e-02 4.047463089227676392e-02 2.449660748243331909e-02 2.097142860293388367e-02 6.724355369806289673e-02 6.959345936775207520e-02 3.937650844454765320e-02 1.036993563175201416e-01 6.102703139185905457e-02 3.793139010667800903e-02 8.037105202674865723e-02 7.318145036697387695e-02 4.542769119143486023e-02 1.402271632105112076e-02 1.164568495005369186e-02 5.990125238895416260e-03 4.562843963503837585e-02 3.790073841810226440e-02 2.871479652822017670e-02 3.620459139347076416e-02 1.784626208245754242e-02 7.235680520534515381e-02 3.485097736120223999e-02 1.352554094046354294e-02 3.401923552155494690e-02 4.291439056396484375e-02 6.326986104249954224e-02 6.789597123861312866e-02 3.441309928894042969e-02 4.460375290364027023e-03 2.007643319666385651e-02 3.235433995723724365e-02
9.807535447180271149e-03 7.632436230778694153e-03 6.938996259123086929e-03 2.074842154979705811e-01 1.036952361464500427e-01 2.476221509277820587e-02 3.413712605834007263e-02 2.992291189730167389e-02 2.407744032097980380e-04 5.412580817937850952e-02 2.142934128642082214e-02 2.444818615913391113e-02 2.030012570321559906e-02 5.499174073338508606e-02 9.520925581455230713e-03 5.406960844993591309e-02 3.355299681425094604e-02 7.514092326164245605e-02 6.857375055551528931e-02 7.195617072284221649e-04 8.402847498655319214e-02 3.864907659590244293e-03 4.819295834749937057e-03 2.661173231899738312e-02 1.666651852428913116e-02 3.390473499894142151e-02 2.996235853061079979e-03 2.620507217943668365e-02 4.845032095909118652e-02 5.169499665498733521e-02 3.504963219165802002e-02 5.949679762125015259e-03 1.041806023567914963e-02 3.412171453237533569e-02 4.087964072823524475e-02 7.851116359233856201e-03 3.038129769265651703e-02 3.828517394140362740e-03 1.421005427837371826e-01 1.568514555692672729e-01 3.454131633043289185e-02 3.965219948440790176e-03 8.386079967021942139e-02 5.744133610278367996e-03 2.613003551959991455e-02 1.492577046155929565e-02 1.393009535968303680e-02 1.608118601143360138e-02 1.735807955265045166e-02 5.983454734086990356e-02 3.972752019762992859e-03 1.111815217882394791e-03 6.951984483748674393e-03 8.302610367536544800e-02 4.660824313759803772e-02 6.262104958295822144e-02 1.981951668858528137e-02 5.159709975123405457e-02 1.791502907872200012e-02 3.360788524150848389e-02 6.434381008148193359e-02 9.083556942641735077e-03 4.131754487752914429e-02 3.807241097092628479e-02 5.198050290346145630e-02 2.078168280422687531e-02 1.157364062964916229e-02 4.516871995292603970e-04 3.886348009109497070e-02 8.699959143996238708e-03 2.502631582319736481e-02 4.064559191465377808e-02 8.851122856140136719e-02 9.596096724271774292e-02 1.733709275722503662e-01 5.594372004270553589e-02 4.576042667031288147e-02 3.299628198146820068e-02 3.271631523966789246e-02 1.680714660324156284e-03 5.573318526148796082e-02 3.616771847009658813e-02 1.160498112440109253e-01 1.567768603563308716e-01 3.862831369042396545e-02 3.858178108930587769e-02 6.483773142099380493e-02 3.484687581658363342e-02 3.352495655417442322e-02 5.455864965915679932e-02 2.229815348982810974e-02 9.113357402384281158e-03 2.694900846108794212e-03 6.125885248184204102e-02 3.747854009270668030e-02 9.502706117928028107e-03 8.714410476386547089e-03 1.475720945745706558e-02 5.167760327458381653e-02 9.846333414316177368e-03 1.309621799737215042e-02 1.364732813090085983e-02 1.712298579514026642e-02 2.987299859523773193e-02 5.229896865785121918e-03 5.159506201744079590e-02 2.431101724505424500e-02 4.263587296009063721e-02 2.038217335939407349e-02 2.738684602081775665e-02 2.375398576259613037e-02 5.294702015817165375e-03 5.189455300569534302e-02 1.858250796794891357e-02 1.813651644624769688e-03 2.147236606106162071e-03
1.993919163942337036e-01 1.956832259893417358e-01 1.753125153481960297e-02 4.489807412028312683e-02 2.476221509277820587e-02 1.698212474584579468e-01 2.741504907608032227e-01 2.586219459772109985e-03 1.134079787880182266e-02 4.435160011053085327e-02 1.380973756313323975e-01 2.125286124646663666e-02 5.764145776629447937e-02 5.458429828286170959e-02 3.175931796431541443e-02 1.442844863049685955e-03 2.362935990095138550e-02 9.728889912366867065e-03 2.330883592367172241e-02 2.146133407950401306e-02 3.030605055391788483e-02 2.357179671525955200e-02 7.205624599009752274e-03 3.066944330930709839e-02 3.808319568634033203e-03 2.947743982076644897e-02 4.332538321614265442e-02 1.253307517617940903e-02 1.773038320243358612e-02 2.464719302952289581e-02 8.252364397048950195e-02 2.469581784680485725e-03 8.912073448300361633e-03 3.289034217596054077e-02 6.741174031049013138e-03 2.980376034975051880e-02 1.858844608068466187e-02 1.771331881172955036e-03 4.391630738973617554e-02 1.028999965637922287e-02 3.218359872698783875e-02 2.263729646801948547e-02 2.029332332313060760e-02 3.590747714042663574e-02 1.444461662322282791e-02 3.646701574325561523e-02 1.910787820816040039e-01 8.471618592739105225e-02 2.682776539586484432e-04 1.724400208331644535e-03 3.006837889552116394e-02 1.524729840457439423e-02 9.779378771781921387e-03 3.562095761299133301e-02 8.091041818261146545e-03 2.778670378029346466e-02 1.125762518495321274e-02 3.644074499607086182e-02 3.250747919082641602e-02 9.009567089378833771e-03 4.447856172919273376e-02 1.750135421752929688e-02 4.512040317058563232e-02 1.668436266481876373e-02 3.051820769906044006e-02 1.005720123648643494e-01 3.046540543437004089e-02 1.919247955083847046e-02 6.240789964795112610e-02 2.586457692086696625e-02 3.629314946010708809e-03 3.087591193616390228e-02 2.096193283796310425e-02 3.362128138542175293e-02 4.122374206781387329e-02 3.444400429725646973e-02 1.794885657727718353e-02 1.367010269314050674e-02 1.549596991389989853e-02 1.650991477072238922e-02 3.595267981290817261e-02 5.997119843959808350e-02 4.388756304979324341e-02 1.651034131646156311e-02 5.741287022829055786e-03 3.338018059730529785e-02 2.790023200213909149e-02 3.831344470381736755e-02 3.661264106631278992e-02 1.802803389728069305e-02 9.742227941751480103e-02 4.878549650311470032e-02 6.600881367921829224e-02 2.645519096404314041e-03 2.385789714753627777e-02 7.776698470115661621e-02 4.073731973767280579e-02 1.154082175344228745e-02 8.120026439428329468e-03 4.476615786552429199e-02 6.677961349487304688e-02 4.334574565291404724e-02 5.506676807999610901e-02 5.314887384884059429e-04 3.169494494795799255e-02 2.875016629695892334e-02 2.336000464856624603e-02 6.714143790304660797e-03 1.698644086718559265e-02 1.106418669223785400e-02 2.257757121697068214e-03 3.997905179858207703e-02 2.409897372126579285e-02 3.836601600050926208e-02 3.987301886081695557e-02 7.980049401521682739e-02
1.682288348674774170e-01 2.261682003736495972e-01 8.318373002111911774e-03 2.822248637676239014e-02 3.413712605834007263e-02 2.741504907608032227e-01 2.068729102611541748e-01 2.335844747722148895e-02 2.581304684281349182e-02 4.375334456562995911e-02 1.362522542476654053e-01 2.493713982403278351e-02 1.231357008218765259e-01 9.848637506365776062e-03 2.087444253265857697e-02 1.622875221073627472e-02 7.584814727306365967e-02 3.495688363909721375e-02 4.070573300123214722e-02 4.165730252861976624e-02 1.916052401065826416e-02 1.201844681054353714e-02 6.963857915252447128e-03 4.916054010391235352e-02 1.967836543917655945e-02 1.352802850306034088e-02 3.408989310264587402e-02 4.186584427952766418e-02 6.807961035519838333e-03 2.495837025344371796e-02 7.316637784242630005e-04 3.063435852527618408e-02 7.083770819008350372e-03 2.156587783247232437e-03 4.691698588430881500e-03 5.440478399395942688e-02 4.292344301939010620e-02 3.199883503839373589e-03 5.089006200432777405e-02 2.820713631808757782e-02 5.608100816607475281e-02 6.058849394321441650e-02 2.518947003409266472e-03 1.274666097015142441e-02 3.453894332051277161e-02 7.014477998018264771e-02 2.189835011959075928e-01 1.556282043457031250e-01 3.993861842900514603e-03 3.862153366208076477e-02 4.131378233432769775e-02 4.205504804849624634e-02 1.320331171154975891e-02 3.863421501591801643e-03 1.137846522033214569e-02 2.556435391306877136e-02 3.069249913096427917e-02 1.307327952235937119e-02 1.143690943717956543e-02 1.185817644000053406e-03 3.115125373005867004e-02 2.285277284681797028e-02 7.245275191962718964e-03 1.341078523546457291e-02 7.036697864532470703e-02 2.484443970024585724e-02 2.208129316568374634e-02 3.265240695327520370e-03 6.697552744299173355e-03 1.939321868121623993e-02 1.461258344352245331e-02 1.054225116968154907e-02 3.821755945682525635e-02 4.613623023033142090e-02 1.877793669700622559e-02 3.841126710176467896e-02 1.425159908831119537e-02 1.909156271722167730e-04 3.380305692553520203e-02 2.073785662651062012e-02 6.017006933689117432e-03 3.640085831284523010e-02 4.626206308603286743e-02 1.797426491975784302e-02 3.486115112900733948e-02 9.445705451071262360e-03 3.289432451128959656e-02 3.771369811147451401e-03 2.360914647579193115e-02 1.621828041970729828e-02 1.227710023522377014e-02 3.021510131657123566e-02 8.476179093122482300e-02 3.548734262585639954e-02 3.293971717357635498e-02 4.191906377673149109e-02 4.457751289010047913e-02 1.876031979918479919e-02 5.683431774377822876e-02 1.172269694507122040e-02 7.143368571996688843e-02 4.280750453472137451e-02 3.301142901182174683e-02 2.148365601897239685e-02 4.607433080673217773e-02 9.356895461678504944e-03 1.440821774303913116e-02 1.069145128130912781e-01 1.827086322009563446e-02 5.417331308126449585e-02 4.373835027217864990e-02 2.143408544361591339e-02 1.095619425177574158e-02 6.685850676149129868e-03 2.344901673495769501e-02 2.649968490004539490e-02
3.640277311205863953e-02 3.376528993248939514e-02 3.109076917171478271e-01 3.244468197226524353e-02 2.992291189730167389e-02 2.586219459772109985e-03 2.335844747722148895e-02 5.380944907665252686e-02 2.096497267484664917e-02 1.768651977181434631e-02 5.432677455246448517e-03 1.003523077815771103e-02 1.079916581511497498e-02 3.779757395386695862e-02 9.385823458433151245e-02 4.357510432600975037e-02 4.075919091701507568e-02 5.723499879240989685e-02 1.203548721969127655e-02 1.290072686970233917e-02 3.024440072476863861e-02 2.570437267422676086e-02 7.228621095418930054e-02 4.106988757848739624e-02 1.313927117735147476e-02 7.612299639731645584e-03 4.767792299389839172e-02 2.596844732761383057e-02 2.045701071619987488e-02 5.300858244299888611e-02 1.124786958098411560e-02 2.196755260229110718e-02 1.734156720340251923e-02 6.524112075567245483e-02 1.259764656424522400e-02 1.214427500963211060e-02 8.830558508634567261e-03 9.006967395544052124e-02 3.890722990036010742e-02 2.416839823126792908e-02 1.289956569671630859e-01 1.437052618712186813e-02 4.558021575212478638e-02 1.274607032537460327e-01 2.090458758175373077e-02 1.848199591040611267e-02 1.966982521116733551e-02 4.223101958632469177e-02 2.491930685937404633e-02 3.481500782072544098e-03 2.140876464545726776e-02 2.618224360048770905e-02 9.289581328630447388e-03 7.325853407382965088e-02 3.820404782891273499e-02 2.187749184668064117e-02 1.331277750432491302e-02 2.696969918906688690e-02 4.354459419846534729e-02 8.063311129808425903e-02 1.560555584728717804e-02 4.136869683861732483e-03 2.098028361797332764e-02 6.036103703081607819e-03 1.576686091721057892e-02 7.151678670197725296e-03 1.726367697119712830e-02 3.752513229846954346e-02 2.197062363848090172e-03 9.203706867992877960e-03 4.224063828587532043e-02 1.058916794136166573e-03 8.044548332691192627e-03 2.361780777573585510e-02 7.767199538648128510e-03 1.714177615940570831e-02 5.256782099604606628e-02 5.956453830003738403e-02 1.977765932679176331e-02 2.980473637580871582e-02 2.015028744935989380e-01 1.064375191926956177e-01 3.828222304582595825e-02 4.407091811299324036e-02 3.188302740454673767e-02 5.521428957581520081e-02 9.787014126777648926e-02 1.189627572894096375e-01 9.085796773433685303e-02 1.279428303241729736e-01 3.529608622193336487e-02 2.374702319502830505e-02 2.836928144097328186e-02 1.456072367727756500e-02 1.130815688520669937e-02 1.490979106165468693e-03 3.924300521612167358e-02 2.987452223896980286e-02 1.508297398686408997e-03 4.226768389344215393e-02 1.380773494020104408e-03 3.953451290726661682e-02 5.329180508852005005e-02 6.604227423667907715e-02 1.205327105708420277e-03 1.994747668504714966e-02 1.937762019224464893e-03 1.346544083207845688e-02 1.047571282833814621e-02 2.064054831862449646e-02 2.080232277512550354e-02 2.761408686637878418e-02 2.948714792728424072e-02 2.380835637450218201e-02 2.943786792457103729e-02 3.275046870112419128e-02
6.298020482063293457e-02 4.865755885839462280e-02 5.748730152845382690e-02 5.250044539570808411e-02 2.407744032097980380e-04 1.134079787880182266e-02 2.581304684281349182e-02 2.096497267484664917e-02 4.168754070997238159e-02 3.028547763824462891e-02 4.139574989676475525e-02 2.007700316607952118e-02 2.149097248911857605e-02 3.409435227513313293e-02 2.054822631180286407e-02 1.232971088029444218e-03 7.772095501422882080e-02 4.254986718297004700e-02 8.136564493179321289e-02 2.678000740706920624e-02 6.760988850146532059e-03 3.520954027771949768e-02 1.462042517960071564e-02 5.455926060676574707e-02 3.452516347169876099e-02 1.787754148244857788e-02 4.948360845446586609e-02 1.514418236911296844e-02 3.680524602532386780e-02 1.510515343397855759e-02 4.192882031202316284e-02 5.202201008796691895e-02 1.087080389261245728e-01 2.532621845602989197e-02 9.178537130355834961e-02 6.179906427860260010e-02 4.760093241930007935e-02 6.603713333606719971e-02 3.679770976305007935e-02 1.542573235929012299e-02 1.271786261349916458e-02 8.196973055601119995e-02 1.825199276208877563e-02 4.321829974651336670e-02 7.823646592441946268e-05 3.099146671593189240e-02 3.591946139931678772e-02 2.232492715120315552e-02 1.008440852165222168e-01 7.596232928335666656e-03 2.844758331775665283e-02 5.322213098406791687e-02 4.776093410328030586e-04 5.963482894003391266e-03 1.879626363515853882e-01 5.244183912873268127e-02 3.888723626732826233e-02 5.651859939098358154e-02 1.795969717204570770e-02 7.484583649784326553e-03 8.055666089057922363e-02 2.479390986263751984e-02 6.037769839167594910e-02 6.309530232101678848e-03 2.111174911260604858e-02 6.597472820430994034e-03 1.423831284046173096e-02 2.206847071647644043e-02 3.246957808732986450e-02 4.331889376044273376e-02 6.682623643428087234e-03 2.590916305780410767e-02 2.823381498456001282e-02 2.542533352971076965e-02 2.311818487942218781e-02 8.328718692064285278e-02 1.375990211963653564e-01 1.979556120932102203e-02 1.184737682342529297e-01 8.572074025869369507e-02 1.123203546740114689e-03 3.262877929955720901e-03 5.812511220574378967e-02 4.799840971827507019e-02 4.291373863816261292e-02 7.061374187469482422e-02 1.931437104940414429e-02 2.410557493567466736e-02 6.295890361070632935e-02 5.265593901276588440e-02 3.089558333158493042e-03 3.271366655826568604e-02 3.750314004719257355e-03 6.558647006750106812e-02 6.192239467054605484e-03 2.178306505084037781e-02 7.906796410679817200e-03 1.357567012310028076e-01 1.599587798118591309e-01 3.725428506731987000e-02 6.676782667636871338e-02 4.543541371822357178e-02 3.817639872431755066e-02 6.324453651905059814e-02 4.340317845344543457e-02 4.880032502114772797e-03 2.492221072316169739e-02 5.426657199859619141e-02 1.673705875873565674e-02 2.584178373217582703e-02 6.574434041976928711e-02 5.157826468348503113e-02 4.853758588433265686e-02 1.524748560041189194e-02 5.743857473134994507e-02 5.636143032461404800e-04
1.716833375394344330e-02 3.899339213967323303e-02 3.715018928050994873e-02 1.334324013441801071e-02 5.412580817937850952e-02 4.435160011053085327e-02 4.375334456562995911e-02 1.768651977181434631e-02 3.028547763824462891e-02 6.756585836410522461e-02 3.097300603985786438e-02 1.143040368333458900e-03 5.385041981935501099e-02 9.256576746702194214e-02 2.411661110818386078e-02 3.796127857640385628e-03 2.066929824650287628e-02 1.851902343332767487e-02 4.979111254215240479e-02 1.624732650816440582e-02 4.424119740724563599e-02 1.389250345528125763e-02 3.845457360148429871e-02 9.934472292661666870e-02 5.521176382899284363e-03 9.300289675593376160e-03 4.240134358406066895e-02 4.219971224665641785e-02 4.254768788814544678e-02 6.136362999677658081e-02 4.490251094102859497e-02 2.581472508609294891e-02 3.582987701520323753e-03 3.639853000640869141e-02 3.430786542594432831e-03 4.304703325033187866e-02 6.039379164576530457e-02 2.128805965185165405e-02 4.328537359833717346e-02 4.261975176632404327e-03 3.414651378989219666e-02 2.936846949160099030e-02 4.537862539291381836e-02 3.605703637003898621e-02 7.461558282375335693e-02 4.436172172427177429e-02 5.020448565483093262e-02 2.895223721861839294e-02 2.394532412290573120e-02 1.456985473632812500e-01 7.831417769193649292e-02 1.486007217317819595e-02 4.364698007702827454e-02 1.956267096102237701e-02 2.572311833500862122e-02 1.558339744806289673e-01 4.250883683562278748e-02 2.914935164153575897e-02 3.540636971592903137e-02 1.216093543916940689e-02 1.652281545102596283e-02 9.044867940247058868e-03 6.266350299119949341e-02 4.303430020809173584e-02 7.939087226986885071e-03 1.705553196370601654e-02 2.264722809195518494e-02 3.457285463809967041e-02 4.845961928367614746e-02 2.163557894527912140e-02 8.048322051763534546e-02 2.235132269561290741e-02 9.043768979609012604e-03 4.321552440524101257e-02 5.123577639460563660e-02 4.188599810004234314e-02 2.977317199110984802e-02 2.139707952737808228e-01 2.049480564892292023e-02 1.626987904310226440e-01 8.301680535078048706e-02 1.874470338225364685e-02 5.281957983970642090e-02 4.968868196010589600e-02 1.749824360013008118e-02 6.430246401578187943e-03 4.343918338418006897e-02 2.249792777001857758e-02 1.004845555871725082e-02 1.413545012474060059e-01 3.685258701443672180e-02 2.758777886629104614e-02 2.542050741612911224e-02 8.496293448843061924e-04 1.728395931422710419e-02 4.048243910074234009e-02 1.526546664535999298e-02 3.620878979563713074e-02 3.345202654600143433e-02 3.730124607682228088e-02 2.744672633707523346e-02 2.882895432412624359e-02 1.866251043975353241e-02 3.367282077670097351e-02 2.741437964141368866e-02 2.420161291956901550e-02 2.023561857640743256e-02 3.543372079730033875e-02 1.525040017440915108e-03 4.940284043550491333e-02 1.252540852874517441e-02 4.205526784062385559e-02 6.897765398025512695e-02 1.144878938794136047e-02 1.041350886225700378e-02 1.699624955654144287e-02
2.294448763132095337e-01 1.818159669637680054e-01 4.681481979787349701e-03 4.822733812034130096e-03 2.142934128642082214e-02 1.380973756313323975e-01 1.362522542476654053e-01 5.432677455246448517e-03 4.139574989676475525e-02 3.097300603985786438e-02 1.798662245273590088e-01 1.701795123517513275e-02 2.238617837429046631e-01 1.380378007888793945e-02 1.090986840426921844e-02 2.636506222188472748e-02 4.203681275248527527e-02 1.329216361045837402e-02 3.539749607443809509e-02 2.535050176084041595e-02 2.335388213396072388e-03 3.722423687577247620e-02 3.185668960213661194e-02 1.739843189716339111e-02 4.193126689642667770e-03 4.380943998694419861e-02 5.155123770236968994e-03 9.759826213121414185e-02 6.230492144823074341e-02 1.179067697376012802e-02 8.447345346212387085e-02 2.016486600041389465e-02 2.088351361453533173e-02 3.350649727508425713e-03 3.006242401897907257e-02 8.302005380392074585e-02 2.740346454083919525e-02 1.793300383724272251e-03 3.309324011206626892e-02 1.364568807184696198e-02 6.466875970363616943e-02 3.348835185170173645e-02 4.624909255653619766e-03 6.647486239671707153e-03 1.419270690530538559e-02 9.407673962414264679e-03 9.956583380699157715e-02 8.611637353897094727e-02 2.857339009642601013e-02 2.409495227038860321e-02 2.311790734529495239e-02 1.474226173013448715e-02 6.639552861452102661e-02 4.725169017910957336e-02 4.945297911763191223e-02 7.353286445140838623e-02 2.736654598265886307e-03 4.286627471446990967e-02 1.673179678618907928e-02 8.648897521197795868e-03 3.860607370734214783e-02 7.295791147043928504e-05 3.837221860885620117e-02 1.319208648055791855e-02 3.919731825590133667e-02 1.262627542018890381e-01 1.616066880524158478e-02 1.311631035059690475e-02 5.735097918659448624e-03 4.716175026260316372e-04 5.234358832240104675e-03 2.107453159987926483e-02 7.100979797542095184e-03 2.456378191709518433e-02 5.857854150235652924e-03 4.372384026646614075e-02 4.740443453192710876e-02 3.095705993473529816e-03 7.114434242248535156e-02 2.427162136882543564e-03 3.727231174707412720e-02 5.030820518732070923e-02 3.677568584680557251e-02 3.915603831410408020e-02 3.491605073213577271e-02 9.419160895049571991e-03 1.506478711962699890e-02 4.761531483381986618e-03 6.137214601039886475e-03 2.479822374880313873e-02 5.714862793684005737e-02 4.651378095149993896e-02 1.109172031283378601e-01 3.596938028931617737e-02 7.044342812150716782e-03 3.021653508767485619e-03 3.319660946726799011e-02 2.624280378222465515e-02 6.367404758930206299e-02 1.029010117053985596e-02 4.164055734872817993e-02 1.205536071211099625e-02 7.432569563388824463e-02 6.287573277950286865e-02 3.981782123446464539e-02 4.584402777254581451e-03 4.305391386151313782e-02 2.621401660144329071e-02 1.135352905839681625e-02 9.244200773537158966e-03 6.660297513008117676e-03 2.056618407368659973e-02 6.117030861787497997e-04 8.570066653192043304e-03 3.895209357142448425e-02 2.447554282844066620e-02
1.679951325058937073e-02 7.071672379970550537e-02 5.564049631357192993e-02 1.324153132736682892e-02 2.444818615913391113e-02 2.125286124646663666e-02 2.493713982403278351e-02 1.003523077815771103e-02 2.007700316607952118e-02 1.143040368333458900e-03 1.701795123517513275e-02 3.064234741032123566e-02 4.826486483216285706e-02 1.579053550958633423e-01 1.754952408373355865e-02 2.149734273552894592e-02 3.324794769287109375e-02 4.169733449816703796e-02 5.461507663130760193e-02 1.374312210828065872e-03 1.505494024604558945e-02 3.450172021985054016e-02 3.485073894262313843e-02 2.292347326874732971e-02 2.640787279233336449e-03 2.064636722207069397e-02 3.091515507549047470e-03 1.782799363136291504e-01 4.722370952367782593e-02 1.199446916580200195e-01 1.721706241369247437e-03 5.309069901704788208e-02 1.745436899363994598e-02 3.748947288841009140e-03 4.033804312348365784e-02 1.069271843880414963e-02 2.641123719513416290e-02 8.564982563257217407e-04 4.931892827153205872e-02 1.995398849248886108e-02 5.652396008372306824e-02 1.505346875637769699e-02 3.311917930841445923e-02 3.678565472364425659e-02 4.803463071584701538e-02 4.316250607371330261e-02 3.474488109350204468e-02 3.858524560928344727e-02 3.013183921575546265e-02 8.844483527354896069e-04 3.081302903592586517e-02 1.976139098405838013e-02 4.365994781255722046e-02 5.633427761495113373e-03 7.713774591684341431e-02 3.146424144506454468e-02 2.212448976933956146e-02 1.205661054700613022e-02 5.796310491859912872e-03 1.332257874310016632e-02 4.226948693394660950e-02 5.230386182665824890e-02 1.734113693237304688e-02 3.277044743299484253e-02 1.428306335583329201e-03 4.380695894360542297e-02 4.126863181591033936e-02 3.155543282628059387e-02 6.647911667823791504e-02 6.332571804523468018e-02 5.499137938022613525e-02 4.996174946427345276e-02 2.096451260149478912e-02 1.022155955433845520e-02 2.724762074649333954e-02 5.640660598874092102e-02 5.414474382996559143e-02 3.796222060918807983e-02 5.331748351454734802e-02 5.349920317530632019e-02 7.992383907549083233e-04 5.329008772969245911e-02 3.533383458852767944e-02 1.741908863186836243e-02 5.882728099822998047e-02 3.418036177754402161e-02 3.012496605515480042e-02 4.223600402474403381e-02 5.449328571557998657e-02 3.555512800812721252e-02 2.690839767456054688e-02 3.130404278635978699e-02 5.159904435276985168e-02 4.512510076165199280e-02 4.547874256968498230e-02 2.572362683713436127e-02 5.596436094492673874e-03 8.145674131810665131e-03 3.522822260856628418e-02 2.851640991866588593e-02 3.795403987169265747e-02 2.562191337347030640e-02 2.439270960167050362e-03 7.360357791185379028e-02 3.891799831762909889e-03 4.071827977895736694e-03 2.025186829268932343e-02 4.156773164868354797e-02 2.135073579847812653e-02 5.418463423848152161e-02 2.280910499393939972e-02 5.132745206356048584e-02 4.563935846090316772e-02 7.961698621511459351e-02 7.584979385137557983e-02 2.508640289306640625e-02
2.007071971893310547e-01 2.325200736522674561e-01 1.588391140103340149e-03 5.990501027554273605e-03 2.030012570321559906e-02 5.764145776629447937e-02 1.231357008218765259e-01 1.079916581511497498e-02 2.149097248911857605e-02 5.385041981935501099e-02 2.238617837429046631e-01 4.826486483216285706e-02 1.388758271932601929e-01 1.725471019744873047e-02 9.081178158521652222e-02 3.095339052379131317e-03 5.390885053202509880e-04 7.708133663982152939e-03 1.915484853088855743e-02 1.107925735414028168e-02 2.343736961483955383e-02 6.145520135760307312e-02 2.101082913577556610e-02 2.548871561884880066e-02 3.082267940044403076e-02 1.455301232635974884e-02 7.646197918802499771e-03 7.020082324743270874e-02 5.218793451786041260e-02 2.208587899804115295e-02 9.330135583877563477e-02 2.020047977566719055e-02 2.958769537508487701e-02 2.687777020037174225e-02 2.164712361991405487e-02 4.255483299493789673e-02 3.485471010208129883e-02 5.706123635172843933e-02 2.140617370605468750e-02 7.701202761381864548e-03 3.039246052503585815e-02 3.240137174725532532e-02 1.582529582083225250e-02 4.571959376335144043e-02 3.076946549117565155e-02 2.643043408170342445e-04 7.648628670722246170e-03 2.845984324812889099e-02 1.662540249526500702e-02 1.151244156062602997e-02 5.335580185055732727e-02 2.451340481638908386e-02 3.438693657517433167e-02 7.698315661400556564e-03 4.026954993605613708e-02 9.553320705890655518e-03 2.313093427801504731e-04 7.558270543813705444e-02 3.493520617485046387e-02 3.777231648564338684e-02 6.092389114201068878e-03 2.664956450462341309e-02 3.291742131114006042e-02 8.856831118464469910e-03 7.652623206377029419e-02 1.812959313392639160e-01 2.702423743903636932e-02 1.220313832163810730e-02 5.095086991786956787e-02 5.962707567960023880e-03 4.303884506225585938e-02 3.611651808023452759e-02 2.472293004393577576e-02 3.343388438224792480e-02 9.448279626667499542e-03 3.214155137538909912e-02 5.170022323727607727e-02 5.851255264133214951e-03 7.063458114862442017e-02 2.344671450555324554e-02 1.362098287791013718e-02 6.885082460939884186e-03 5.843586474657058716e-02 3.196281939744949341e-02 2.358217723667621613e-02 4.749317595269531012e-04 1.972942426800727844e-02 4.533657059073448181e-02 3.340473026037216187e-02 8.427069522440433502e-03 6.350283324718475342e-02 3.640102595090866089e-02 1.180101186037063599e-02 1.571634411811828613e-02 6.883669644594192505e-02 6.772457063198089600e-02 4.148531332612037659e-02 3.681545704603195190e-02 1.461586356163024902e-02 2.678131917491555214e-03 5.577185004949569702e-02 3.858712688088417053e-02 1.095031872391700745e-01 4.894965142011642456e-02 1.576059730723500252e-05 1.344165671616792679e-02 2.137208916246891022e-02 1.364669017493724823e-02 2.156880497932434082e-02 9.396211057901382446e-02 3.391693532466888428e-02 1.139823440462350845e-02 3.666519001126289368e-02 2.388116205111145973e-03 9.393193572759628296e-02 5.140570923686027527e-02
