1.120990365743637085e-01 1.948142349720001221e-01 1.981445029377937317e-02 5.039016250520944595e-03 3.459205850958824158e-02 1.166263371706008911e-01 4.613657668232917786e-02 1.754133589565753937e-02 1.046893186867237091e-02 4.632106795907020569e-02 1.029146388173103333e-01 2.549080550670623779e-02 9.246672689914703369e-02 2.274435944855213165e-02 5.350291728973388672e-02 8.407565765082836151e-03 1.307126251049339771e-03 6.856384221464395523e-03 2.514386922121047974e-02 3.733581677079200745e-02 1.312398933805525303e-03 2.095729485154151917e-02 5.384125187993049622e-02 1.295749563723802567e-02 2.544321818277239799e-03 6.455561378970742226e-04 6.640937924385070801e-02 4.528976976871490479e-03 3.354414552450180054e-02 1.019749511033296585e-02 5.135570466518402100e-02 2.869608812034130096e-02 2.887418493628501892e-02 1.577260158956050873e-02 1.240099314600229263e-02 5.627634748816490173e-02 3.642791137099266052e-02 4.777875170111656189e-02 6.066902540624141693e-03 1.262230705469846725e-02 3.300374746322631836e-02 3.097977116703987122e-02 2.650984749197959900e-02 2.032264135777950287e-02 5.218058824539184570e-03 1.873153634369373322e-02 6.111207231879234314e-02 2.893550880253314972e-02 3.188212215900421143e-02 1.955847069621086121e-02 6.598862260580062866e-02 1.645191200077533722e-02 1.771054975688457489e-02 9.415933745913207531e-04 1.614655926823616028e-02 2.211148850619792938e-02 2.024061791598796844e-02 2.914342842996120453e-02 1.558431517332792282e-02 1.001957524567842484e-02 1.252884790301322937e-02 2.052266150712966919e-02 4.655146971344947815e-03 1.972668617963790894e-02 2.431287989020347595e-02 1.008266769349575043e-02 2.500371076166629791e-03 3.195537626743316650e-02 2.481616102159023285e-04 7.960939779877662659e-03 9.303811937570571899e-03 2.720602974295616150e-02 1.608730293810367584e-02 3.723672125488519669e-03 2.700284682214260101e-02 3.853492904454469681e-03 3.371665626764297485e-02 1.617502793669700623e-02 2.000758610665798187e-02 1.010498404502868652e-02 1.351753436028957367e-02 6.114913616329431534e-03 2.191856037825345993e-03 9.101965464651584625e-03 1.106045488268136978e-02 2.701597986742854118e-03 3.198409825563430786e-02 2.411024086177349091e-02 5.215877294540405273e-02 6.276860088109970093e-02 8.135971613228321075e-03 2.725912444293498993e-02 1.729254052042961121e-02 2.199322357773780823e-02 2.503529377281665802e-02 2.328184247016906738e-02 1.701094768941402435e-02 4.633484408259391785e-02 9.869181085377931595e-04 1.181158516556024551e-02 5.252302624285221100e-03 3.177167847752571106e-02 4.202288389205932617e-02 2.918858453631401062e-02 1.404535304754972458e-02 8.631763979792594910e-03 1.883768290281295776e-02 3.756452351808547974e-02 2.633799612522125244e-02 5.278875678777694702e-02 1.084892172366380692e-02 2.136431634426116943e-02 4.057373106479644775e-02 3.906305413693189621e-03 3.478236496448516846e-02 6.495437026023864746e-02
1.948142349720001221e-01 8.478613197803497314e-02 2.122776210308074951e-02 5.209046974778175354e-02 1.498175878077745438e-02 1.164914071559906006e-01 5.721396952867507935e-02 4.163022618740797043e-03 3.882952407002449036e-02 6.788042373955249786e-03 8.756591379642486572e-02 3.742644563317298889e-02 1.067076697945594788e-01 5.019637569785118103e-02 6.732257455587387085e-02 2.320966310799121857e-02 2.169354120269417763e-03 4.826338216662406921e-02 7.000691443681716919e-02 7.475477643311023712e-03 1.834679022431373596e-02 3.913564980030059814e-02 5.566881224513053894e-02 9.528751485049724579e-03 2.007501386106014252e-02 1.698943972587585449e-02 4.280835017561912537e-02 2.234820090234279633e-02 1.805669255554676056e-02 1.610721810720860958e-03 4.658948630094528198e-02 1.474832650274038315e-02 4.758547991514205933e-02 1.739344932138919830e-02 2.366066444665193558e-03 6.663936376571655273e-02 2.490507625043392181e-02 1.236247923225164413e-02 2.941230684518814087e-02 2.625259570777416229e-02 3.125978261232376099e-02 5.053605139255523682e-02 4.470846056938171387e-02 5.724585149437189102e-03 1.446420792490243912e-02 1.211930252611637115e-02 3.744633123278617859e-02 2.144830767065286636e-03 2.605850249528884888e-02 4.360574856400489807e-02 1.360795497894287109e-01 6.575822364538908005e-03 4.272126592695713043e-03 4.194005858153104782e-03 1.984286494553089142e-02 3.993668034672737122e-02 2.179070375859737396e-02 3.149294108152389526e-02 2.417838573455810547e-02 4.202716518193483353e-03 2.320506982505321503e-02 3.305729944258928299e-03 1.857075490988790989e-03 5.674591753631830215e-03 1.610456034541130066e-02 3.270713612437248230e-02 2.656866982579231262e-02 1.714742183685302734e-02 1.570266485214233398e-02 2.573839947581291199e-02 2.052026242017745972e-02 9.664476849138736725e-03 2.769960835576057434e-02 1.816538744606077671e-03 3.773067146539688110e-02 4.101317375898361206e-02 4.669042769819498062e-03 3.836315870285034180e-02 1.355844922363758087e-02 1.437467429786920547e-02 4.407908767461776733e-02 6.527005881071090698e-02 1.506554614752531052e-02 3.193097189068794250e-02 1.536332815885543823e-02 1.831988804042339325e-02 1.841719634830951691e-02 1.538632065057754517e-02 6.679876893758773804e-02 7.955291122198104858e-02 2.715195063501596451e-03 4.676783829927444458e-02 6.010844837874174118e-03 2.740267664194107056e-02 1.189338602125644684e-02 1.912509789690375328e-03 1.042335480451583862e-02 2.092990279197692871e-02 3.985383734107017517e-02 4.148436337709426880e-02 1.646119356155395508e-02 1.709454110823571682e-03 7.520338054746389389e-03 2.980202995240688324e-02 7.087233476340770721e-03 8.557193912565708160e-03 4.043195024132728577e-02 3.018652275204658508e-02 2.322034910321235657e-03 1.520103123039007187e-02 1.619146391749382019e-02 3.111593984067440033e-02 4.656925797462463379e-02 4.720305092632770538e-03 1.957572065293788910e-02 5.555542185902595520e-02
1.981445029377937317e-02 2.122776210308074951e-02 2.416381426155567169e-02 4.739884287118911743e-02 6.524558644741773605e-03 5.416032299399375916e-02 3.542595729231834412e-02 2.608722746372222900e-01 4.738842695951461792e-02 1.405509840697050095e-02 1.716502942144870758e-02 4.767925292253494263e-02 6.344024091958999634e-03 2.929294481873512268e-02 8.444098383188247681e-02 2.556450106203556061e-02 1.643817685544490814e-02 5.499533563852310181e-02 6.300119310617446899e-02 2.304205484688282013e-02 5.104624852538108826e-02 1.161554269492626190e-02 2.479875646531581879e-02 6.898550782352685928e-03 9.543504565954208374e-03 2.870560437440872192e-02 6.821790011599659920e-04 9.494791738688945770e-03 7.236324716359376907e-03 3.553208336234092712e-02 4.453887417912483215e-02 1.114241685718297958e-02 4.704303294420242310e-02 4.353332519531250000e-02 4.881698265671730042e-02 5.044132843613624573e-02 3.880199044942855835e-02 6.816368550062179565e-02 4.679658636450767517e-02 5.420652404427528381e-02 6.970575451850891113e-02 6.853228807449340820e-02 2.445174381136894226e-02 1.861060969531536102e-02 3.368375822901725769e-02 4.966274648904800415e-02 1.690482534468173981e-02 4.344949871301651001e-02 2.756221592426300049e-02 2.852880954742431641e-02 3.691030293703079224e-02 9.470905177295207977e-03 4.226476699113845825e-02 1.232345029711723328e-02 7.143072783946990967e-02 2.376784803345799446e-03 2.947985194623470306e-02 3.234542906284332275e-02 7.086900994181632996e-03 1.958299987018108368e-02 5.838685203343629837e-03 1.086331624537706375e-02 6.576139479875564575e-03 7.664487231522798538e-03 4.720011353492736816e-02 3.620374575257301331e-02 2.427236549556255341e-02 3.209052234888076782e-02 4.068587720394134521e-02 1.058469992130994797e-02 2.071595937013626099e-02 2.327588386833667755e-02 3.446876257658004761e-02 1.741127669811248779e-02 1.394134946167469025e-02 1.095089223235845566e-02 5.847046896815299988e-02 1.611320115625858307e-02 1.537552103400230408e-02 2.252306416630744934e-02 1.624180823564529419e-01 7.600110769271850586e-02 9.129121899604797363e-03 1.018847227096557617e-01 9.804900735616683960e-02 2.362766675651073456e-02 3.036009520292282104e-02 3.937850892543792725e-02 8.219921588897705078e-02 2.376592345535755157e-02 4.044175148010253906e-02 6.935278419405221939e-03 2.277249470353126526e-02 2.646406367421150208e-02 8.434952050447463989e-02 1.262223348021507263e-02 7.159309089183807373e-02 6.070130690932273865e-02 3.746853023767471313e-02 1.200400851666927338e-02 1.731480844318866730e-02 5.822157859802246094e-02 2.005601488053798676e-02 4.722845554351806641e-02 3.968887776136398315e-02 7.682777475565671921e-03 4.898209869861602783e-02 3.070539049804210663e-02 6.839545443654060364e-03 3.771841526031494141e-02 2.092067338526248932e-02 1.478540594689548016e-03 1.497665513306856155e-02 2.532964199781417847e-02 1.209762319922447205e-02 6.607303023338317871e-02
5.039016250520944595e-03 5.209046974778175354e-02 4.739884287118911743e-02 1.222596131265163422e-02 2.203563153743743896e-01 3.469259664416313171e-02 5.051511898636817932e-02 4.006280004978179932e-02 5.611148197203874588e-03 5.052246898412704468e-02 2.943924814462661743e-02 3.183033317327499390e-02 9.936749003827571869e-03 5.948751792311668396e-02 2.069582231342792511e-02 2.865285612642765045e-02 2.514637541025876999e-03 7.730547804385423660e-03 3.262722864747047424e-03 5.956872180104255676e-02 3.507811203598976135e-02 3.651614824775606394e-04 1.782133430242538452e-02 6.500303279608488083e-03 2.501603029668331146e-02 4.489772766828536987e-02 1.120720617473125458e-02 7.428437471389770508e-03 8.587760850787162781e-03 1.307131024077534676e-03 2.929832972586154938e-02 5.598222371190786362e-03 5.304981488734483719e-03 4.034742340445518494e-02 2.345026470720767975e-03 2.557765692472457886e-03 4.558687657117843628e-02 1.838056556880474091e-02 9.434264153242111206e-02 1.708435118198394775e-01 1.548901293426752090e-02 3.764640539884567261e-02 9.121011942625045776e-03 5.139785632491111755e-02 3.097575902938842773e-02 7.411669194698333740e-02 4.558457806706428528e-02 5.558509752154350281e-02 4.937607049942016602e-02 2.499443106353282928e-02 8.911878615617752075e-02 8.726590126752853394e-02 4.530123248696327209e-02 1.228808611631393433e-02 7.324185222387313843e-03 6.299719959497451782e-02 3.902029246091842651e-02 1.531941071152687073e-02 1.688327826559543610e-02 1.880118995904922485e-02 5.709401145577430725e-02 5.147106945514678955e-02 6.920975446701049805e-02 2.666779421269893646e-02 2.306110784411430359e-02 1.743048243224620819e-02 1.535929087549448013e-02 7.490114774554967880e-03 6.891404837369918823e-02 4.038050770759582520e-02 9.299364173784852028e-04 2.597297914326190948e-02 1.302043497562408447e-01 2.349359355866909027e-02 8.445690572261810303e-02 6.538970628753304482e-04 2.687709406018257141e-02 5.773046240210533142e-02 1.593769527971744537e-02 3.757275268435478210e-02 4.444495216012001038e-02 4.271875694394111633e-02 3.312478587031364441e-02 2.490997686982154846e-02 1.363694947212934494e-02 1.202392112463712692e-02 4.391758143901824951e-02 3.190709277987480164e-02 2.787774056196212769e-02 3.352529928088188171e-02 3.189008682966232300e-02 2.483463659882545471e-02 4.324287176132202148e-02 4.520160704851150513e-02 2.587345987558364868e-02 2.199290320277214050e-02 6.176811642944812775e-03 4.019753634929656982e-02 7.165720313787460327e-02 2.651716209948062897e-02 2.463735453784465790e-02 2.513297647237777710e-02 3.101132810115814209e-02 4.678083956241607666e-02 2.618260867893695831e-02 1.149076502770185471e-02 5.000380426645278931e-02 5.974780395627021790e-02 3.377031534910202026e-02 3.293880447745323181e-02 1.854428462684154510e-02 6.200423464179039001e-03 1.776864007115364075e-02 6.020391732454299927e-02 5.384494736790657043e-02 3.379004821181297302e-02
3.459205850958824158e-02 1.498175878077745438e-02 6.524558644741773605e-03 2.203563153743743896e-01 3.820944949984550476e-02 2.827963978052139282e-02 7.398095447570085526e-03 1.824736781418323517e-02 3.344434872269630432e-02 1.615645922720432281e-02 4.287573508918285370e-03 1.666934974491596222e-02 2.499237842857837677e-02 1.027194433845579624e-03 1.535462681204080582e-02 1.599495485424995422e-02 9.873764961957931519e-02 1.189300324767827988e-02 5.141731817275285721e-03 6.472612172365188599e-02 1.632614247500896454e-02 3.999298065900802612e-02 9.051441447809338570e-04 2.409129776060581207e-02 6.722299149259924889e-04 3.372815996408462524e-02 1.020017713308334351e-01 2.828483469784259796e-02 6.478253286331892014e-03 4.767905175685882568e-02 1.849312521517276764e-02 4.467428475618362427e-02 2.948374673724174500e-02 4.169046133756637573e-02 2.994976006448268890e-03 1.815395802259445190e-02 1.439020503312349319e-02 3.352370485663414001e-02 3.975755721330642700e-02 1.796137094497680664e-01 4.745650291442871094e-02 1.751495292410254478e-03 1.305247936397790909e-02 6.139631848782300949e-03 3.657575696706771851e-02 1.385328266769647598e-02 1.741621270775794983e-02 1.258280314505100250e-02 7.868203334510326385e-03 4.852033406496047974e-02 8.040753751993179321e-02 8.141689002513885498e-02 4.745871759951114655e-03 2.875402756035327911e-02 6.304381787776947021e-02 5.710793286561965942e-02 1.355351042002439499e-02 2.804449200630187988e-02 3.093815781176090240e-02 2.389723807573318481e-02 5.262014269828796387e-02 4.026598483324050903e-02 4.020068794488906860e-02 5.123826861381530762e-02 6.919067236594855785e-04 1.005514524877071381e-02 1.109913270920515060e-02 1.399055588990449905e-02 3.959558159112930298e-02 1.808935403823852539e-02 4.037501662969589233e-02 1.788823120296001434e-02 6.168936938047409058e-02 5.349608138203620911e-02 1.183084473013877869e-01 4.725278168916702271e-02 2.809289097785949707e-02 1.570388861000537872e-02 2.969575114548206329e-02 6.570269167423248291e-02 2.385962940752506256e-02 3.177717700600624084e-02 2.232152968645095825e-02 3.297078609466552734e-02 4.096652194857597351e-02 1.024103607051074505e-03 4.639572277665138245e-02 2.759099297691136599e-04 2.578704617917537689e-02 1.235976219177246094e-01 4.545685648918151855e-02 1.127642113715410233e-02 1.348980795592069626e-02 3.900665789842605591e-02 3.572175651788711548e-02 5.952843464910984039e-03 1.095114834606647491e-02 2.736274152994155884e-02 3.679959848523139954e-02 6.767336744815111160e-04 2.715807780623435974e-02 2.425874397158622742e-02 5.489771440625190735e-02 4.398199915885925293e-02 4.755630623549222946e-03 2.274676784873008728e-02 2.516222745180130005e-02 2.428561914712190628e-03 7.246851921081542969e-02 9.231456206180155277e-04 6.188252940773963928e-02 5.219733715057373047e-02 6.908611208200454712e-02 7.958024740219116211e-02 3.705979511141777039e-02 2.144869603216648102e-02
1.166263371706008911e-01 1.164914071559906006e-01 5.416032299399375916e-02 3.469259664416313171e-02 2.827963978052139282e-02 8.905039727687835693e-02 1.301515400409698486e-01 1.153585035353899002e-02 8.983032777905464172e-03 7.092820946127176285e-03 2.571644634008407593e-02 9.141996502876281738e-02 1.800612173974514008e-02 5.400754511356353760e-02 2.938390709459781647e-02 3.612999990582466125e-02 3.645806759595870972e-02 4.281630739569664001e-02 1.140541806817054749e-01 3.706106171011924744e-02 6.310156080871820450e-03 3.038311004638671875e-02 3.151006996631622314e-02 4.403704032301902771e-02 1.115557923913002014e-02 7.902750745415687561e-03 1.989791728556156158e-02 3.160604974254965782e-03 3.326119389384984970e-03 4.356429353356361389e-02 7.669472601264715195e-03 2.118938602507114410e-02 1.684712624410167336e-04 8.544844458810985088e-04 2.832477167248725891e-02 2.516620606184005737e-02 2.263026684522628784e-02 1.059727001120336354e-04 3.309359401464462280e-02 3.797920793294906616e-02 3.120246529579162598e-02 2.745921537280082703e-02 1.340474002063274384e-02 1.395652419887483120e-03 2.177482005208730698e-03 1.782851479947566986e-02 1.386875212192535400e-01 4.795765131711959839e-02 7.817164994776248932e-03 1.053933240473270416e-02 4.855018854141235352e-02 5.459556123241782188e-04 1.478240918368101120e-02 9.611495770514011383e-03 1.479108701460063457e-03 1.901597715914249420e-03 1.551140192896127701e-02 4.512071318458765745e-04 9.198582731187343597e-03 1.183827500790357590e-02 1.602065190672874451e-02 2.967894077301025391e-02 3.913582861423492432e-02 1.219136547297239304e-02 4.020927473902702332e-02 2.701195888221263885e-02 7.229117676615715027e-03 1.261587254703044891e-03 3.704549744725227356e-02 2.818311937153339386e-02 3.322335891425609589e-03 9.776202961802482605e-03 2.852275595068931580e-02 9.927540086209774017e-03 4.702451173216104507e-03 6.634199526160955429e-03 1.243551913648843765e-02 1.952680759131908417e-02 5.971523933112621307e-03 1.241212803870439529e-02 1.860968768596649170e-02 6.163082085549831390e-03 2.934691263362765312e-03 1.679783500730991364e-02 2.109929732978343964e-02 3.827866539359092712e-02 1.516711525619029999e-02 2.231817878782749176e-02 2.668812125921249390e-02 1.552150584757328033e-02 4.900642111897468567e-02 1.192433293908834457e-02 1.276498101651668549e-02 9.240659885108470917e-03 1.517721358686685562e-02 2.039343304932117462e-02 2.780852466821670532e-02 8.623265894129872322e-04 2.251841127872467041e-02 4.717638343572616577e-02 1.975182443857192993e-02 4.256786312907934189e-03 8.046524971723556519e-02 2.011097967624664307e-03 3.884689137339591980e-02 3.399895271286368370e-03 1.815539039671421051e-02 9.420554153621196747e-03 2.347379736602306366e-02 4.162080213427543640e-02 2.071242220699787140e-02 4.372280463576316833e-02 1.628087088465690613e-02 7.490149582736194134e-04 2.783773094415664673e-02 1.615161262452602386e-02
4.613657668232917786e-02 5.721396952867507935e-02 3.542595729231834412e-02 5.051511898636817932e-02 7.398095447570085526e-03 1.301515400409698486e-01 1.053446009755134583e-01 2.906843647360801697e-02 1.311656534671783447e-01 2.492613531649112701e-02 9.534146636724472046e-03 4.380292817950248718e-02 6.490678060799837112e-03 9.805229306221008301e-02 2.947649452835321426e-03 7.030960172414779663e-03 1.116022001951932907e-02 1.986468909308314323e-03 4.241214320063591003e-02 1.308953575789928436e-02 1.733165793120861053e-02 4.339342936873435974e-02 1.444951444864273071e-02 4.709203168749809265e-02 3.243378549814224243e-02 4.854876920580863953e-02 1.757168769836425781e-02 1.012239046394824982e-02 2.280173264443874359e-02 2.802580036222934723e-02 9.844223037362098694e-03 1.278326846659183502e-03 7.074434310197830200e-03 1.783357001841068268e-02 6.333015859127044678e-03 2.955183759331703186e-02 5.425141006708145142e-02 4.590131284203380346e-04 3.639279678463935852e-02 4.725118353962898254e-02 3.395633026957511902e-02 1.679921336472034454e-02 8.113987743854522705e-03 3.845596313476562500e-02 2.620264515280723572e-02 1.658800058066844940e-02 1.169826090335845947e-01 1.445616185665130615e-01 1.708266511559486389e-02 3.312200680375099182e-02 2.039092034101486206e-02 1.940866187214851379e-02 3.061558119952678680e-02 4.252426791936159134e-03 2.068878896534442902e-02 8.531918376684188843e-02 3.092072717845439911e-02 6.970483809709548950e-02 2.108511887490749359e-02 2.039754576981067657e-02 2.829398028552532196e-02 7.617308758199214935e-03 9.479375183582305908e-02 4.260319471359252930e-02 6.328114867210388184e-02 3.633930161595344543e-02 4.211295861750841141e-03 4.736145026981830597e-03 5.395335704088211060e-02 4.495710134506225586e-03 2.549091354012489319e-03 2.298654429614543915e-02 4.229209199547767639e-02 3.442645445466041565e-02 3.976327925920486450e-02 1.327045448124408722e-02 2.934587001800537109e-02 4.991934075951576233e-02 4.619336873292922974e-02 5.082464218139648438e-02 2.111353445798158646e-03 1.935073919594287872e-02 1.513170730322599411e-02 1.787024363875389099e-02 3.598233684897422791e-02 3.886020928621292114e-02 3.168842941522598267e-02 6.346593052148818970e-02 3.989673405885696411e-02 8.349947631359100342e-02 7.763889431953430176e-02 2.703072503209114075e-02 5.026171728968620300e-02 1.473103463649749756e-02 3.771796077489852905e-02 2.362123318016529083e-02 5.662478879094123840e-02 3.235264122486114502e-02 1.131818909198045731e-02 2.114369720220565796e-02 3.797828406095504761e-02 1.233635749667882919e-02 6.462364643812179565e-02 5.080256611108779907e-02 3.348740935325622559e-02 3.292528167366981506e-02 7.399752736091613770e-02 2.949990332126617432e-02 2.040959335863590240e-02 2.491672756150364876e-03 2.520646713674068451e-02 6.681060791015625000e-02 2.276309020817279816e-02 1.657198555767536163e-02 3.281963989138603210e-02 4.546259995549917221e-03
1.754133589565753937e-02 4.163022618740797043e-03 2.608722746372222900e-01 4.006280004978179932e-02 1.824736781418323517e-02 1.153585035353899002e-02 2.906843647360801697e-02 3.548931330442428589e-02 1.642592484131455421e-03 6.772809475660324097e-02 2.295689657330513000e-02 9.655519388616085052e-03 5.274281650781631470e-02 8.832711726427078247e-03 2.030594944953918457e-01 2.100933343172073364e-02 2.975576370954513550e-02 1.229569874703884125e-02 6.089301407337188721e-02 8.608933538198471069e-02 7.832919247448444366e-03 1.145724020898342133e-02 4.987822845578193665e-02 1.709716767072677612e-02 1.391552947461605072e-02 2.349054627120494843e-02 3.653922304511070251e-02 3.953697625547647476e-03 4.845556989312171936e-02 1.669240556657314301e-02 6.606985628604888916e-02 2.345394156873226166e-02 9.072937071323394775e-03 1.083675958216190338e-02 4.321775957942008972e-02 3.152296319603919983e-02 3.098807297646999359e-02 4.300720244646072388e-02 8.925149450078606606e-04 2.855993434786796570e-02 3.620294108986854553e-02 1.490234863013029099e-02 5.147787276655435562e-03 2.383353188633918762e-02 1.499702222645282745e-02 5.119912791997194290e-03 1.305013988167047501e-02 1.773181185126304626e-02 6.523770745843648911e-03 3.178168088197708130e-02 3.120970353484153748e-02 2.347740903496742249e-02 3.137124329805374146e-02 6.329709198325872421e-03 3.058643778786063194e-03 4.473344422876834869e-03 8.445027284324169159e-03 4.635531455278396606e-02 5.569041892886161804e-02 8.513285219669342041e-02 4.837721586227416992e-02 2.757718320935964584e-03 2.813282608985900879e-02 9.402978233993053436e-03 9.811458177864551544e-03 5.142109468579292297e-02 6.566363573074340820e-02 7.512777298688888550e-02 1.951891928911209106e-02 2.222947776317596436e-02 1.512647792696952820e-02 1.437567546963691711e-02 2.551339752972126007e-02 2.512732520699501038e-02 4.032563790678977966e-02 6.123439222574234009e-02 4.780542105436325073e-02 8.685721084475517273e-03 1.725367386825382710e-03 4.475872963666915894e-02 2.177305966615676880e-01 1.653428226709365845e-01 2.878596261143684387e-02 7.879747077822685242e-03 1.223176484927535057e-03 3.223508596420288086e-02 1.454913020133972168e-01 3.260141238570213318e-02 4.085586871951818466e-03 6.863716058433055878e-03 2.247119881212711334e-02 5.350780114531517029e-02 5.849233828485012054e-03 1.077534910291433334e-02 6.751749198883771896e-03 2.369077131152153015e-02 2.887290902435779572e-02 1.792054250836372375e-02 6.038128864020109177e-03 1.254615467041730881e-02 2.132957428693771362e-02 7.223679684102535248e-03 4.951141774654388428e-02 3.925552591681480408e-02 6.034483760595321655e-02 8.774812333285808563e-03 6.542799994349479675e-03 6.021298468112945557e-03 4.677398502826690674e-02 4.621367156505584717e-02 4.527664184570312500e-02 3.054646961390972137e-02 1.253686193376779556e-02 8.868655189871788025e-03 1.555198431015014648e-02 4.436047002673149109e-02
1.046893186867237091e-02 3.882952407002449036e-02 4.738842695951461792e-02 5.611148197203874588e-03 3.344434872269630432e-02 8.983032777905464172e-03 1.311656534671783447e-01 1.642592484131455421e-03 5.961102619767189026e-02 8.837722241878509521e-02 4.457152262330055237e-02 6.510055810213088989e-02 3.471687436103820801e-02 1.195586174726486206e-01 4.589602351188659668e-02 8.245563507080078125e-02 9.799222461879253387e-03 9.634198248386383057e-02 4.122456908226013184e-02 5.306939035654067993e-02 6.086917966604232788e-02 2.526584640145301819e-02 3.905952721834182739e-02 2.601638995110988617e-02 3.066404536366462708e-02 8.324237167835235596e-02 6.293527036905288696e-02 1.861200667917728424e-02 2.362384460866451263e-02 9.004274755716323853e-02 4.342238232493400574e-02 4.715498536825180054e-02 1.804928667843341827e-02 5.171310529112815857e-02 1.707453653216362000e-02 3.243759274482727051e-02 2.592576108872890472e-02 1.716190576553344727e-02 5.474121123552322388e-02 2.518537640571594238e-02 3.792179981246590614e-03 4.297834262251853943e-02 5.542142689228057861e-02 1.770106330513954163e-02 3.127960860729217529e-02 1.053814291954040527e-01 3.544401004910469055e-02 7.158932089805603027e-02 7.308877259492874146e-02 6.061097234487533569e-02 2.802734449505805969e-02 5.224452912807464600e-02 5.459977686405181885e-02 6.311381608247756958e-02 7.731563597917556763e-02 3.774105384945869446e-02 1.237123925238847733e-02 2.051163464784622192e-02 3.979310020804405212e-02 1.930882222950458527e-02 2.932512760162353516e-02 9.328723698854446411e-02 8.425612002611160278e-02 1.140503864735364914e-02 1.332972571253776550e-02 2.639378421008586884e-02 8.870084770023822784e-03 2.392926067113876343e-02 3.464336972683668137e-03 5.578881874680519104e-02 3.842865675687789917e-02 1.553642842918634415e-02 5.558872967958450317e-02 1.060844678431749344e-02 9.928175806999206543e-02 9.303377568721771240e-02 1.914812773466110229e-01 8.429315686225891113e-02 1.458637267351150513e-01 1.919392612762749195e-03 1.497608609497547150e-02 5.225480720400810242e-02 8.334043622016906738e-02 8.292119204998016357e-02 3.304683789610862732e-02 3.197553008794784546e-02 6.138261873275041580e-03 2.814551815390586853e-02 2.246479317545890808e-02 2.268369495868682861e-02 1.294401008635759354e-04 1.629620790481567383e-02 7.311991602182388306e-02 7.558297365903854370e-02 6.049261242151260376e-02 7.060177624225616455e-02 3.184552490711212158e-02 8.823897689580917358e-02 8.391119539737701416e-02 9.066768735647201538e-02 5.672714114189147949e-02 3.539570793509483337e-02 1.528214849531650543e-02 4.027840867638587952e-02 1.935149915516376495e-02 5.269035324454307556e-02 2.815283602103590965e-03 4.780461639165878296e-02 5.965469777584075928e-02 6.197639927268028259e-02 2.201600745320320129e-02 2.199893258512020111e-02 4.311326146125793457e-02 1.856786943972110748e-02 3.206155076622962952e-02 3.607163578271865845e-02
4.632106795907020569e-02 6.788042373955249786e-03 1.405509840697050095e-02 5.052246898412704468e-02 1.615645922720432281e-02 7.092820946127176285e-03 2.492613531649112701e-02 6.772809475660324097e-02 8.837722241878509521e-02 7.708950340747833252e-02 7.704693824052810669e-03 5.923243612051010132e-02 2.448216080665588379e-02 7.527877390384674072e-02 1.844829134643077850e-02 2.662356756627559662e-02 6.450425833463668823e-03 7.284036278724670410e-02 1.221020296216011047e-01 6.720998883247375488e-02 3.740688040852546692e-02 4.269821569323539734e-02 4.876485094428062439e-02 1.161400601267814636e-01 6.301541626453399658e-02 1.316921226680278778e-02 8.563253097236156464e-03 6.685936357825994492e-03 1.014320738613605499e-02 3.188115358352661133e-02 5.180597305297851562e-03 7.069357484579086304e-02 3.638639301061630249e-02 4.055600613355636597e-02 1.311739068478345871e-02 5.227115377783775330e-02 8.561657741665840149e-03 1.303957216441631317e-02 3.375969082117080688e-02 7.219310384243726730e-03 2.901911549270153046e-02 2.042477019131183624e-02 5.307787656784057617e-02 3.454275429248809814e-03 1.591627113521099091e-02 5.671009421348571777e-02 2.350930124521255493e-02 6.862636655569076538e-03 3.031841665506362915e-02 1.474085748195648193e-01 4.912830889225006104e-03 4.517270997166633606e-02 2.923853136599063873e-02 5.351052060723304749e-02 8.411829359829425812e-03 4.321115091443061829e-02 2.094530686736106873e-02 3.538413345813751221e-02 5.511708185076713562e-02 2.751011401414871216e-02 8.759251981973648071e-02 9.096756577491760254e-03 5.121573060750961304e-02 4.611388221383094788e-02 1.570429094135761261e-02 9.620192460715770721e-03 6.587603129446506500e-03 1.743021234869956970e-02 3.244958072900772095e-02 4.749624058604240417e-02 1.181001737713813782e-01 2.536972239613533020e-02 2.145220059901475906e-03 4.334344342350959778e-02 6.365420669317245483e-02 4.535212740302085876e-02 2.139768097549676895e-03 1.797212064266204834e-01 8.101065456867218018e-02 1.715685725212097168e-01 3.043235093355178833e-02 4.523620009422302246e-02 4.085643216967582703e-02 1.878731250762939453e-01 8.009558171033859253e-02 9.140875190496444702e-02 4.783460404723882675e-03 2.518967492505908012e-03 3.085450083017349243e-02 1.789849847555160522e-01 1.075416281819343567e-01 6.277676671743392944e-02 2.341041527688503265e-02 1.564371213316917419e-02 4.429676383733749390e-02 2.913166582584381104e-02 2.785239554941654205e-02 9.065810590982437134e-02 1.544010080397129059e-02 8.771075867116451263e-03 4.969840869307518005e-02 1.781478710472583771e-02 1.939534395933151245e-02 1.621777005493640900e-02 7.088672369718551636e-02 2.251011505722999573e-02 3.165647760033607483e-02 1.643992774188518524e-02 2.870956622064113617e-02 4.406708106398582458e-02 4.781200364232063293e-02 3.896988928318023682e-02 4.920332133769989014e-02 3.765509650111198425e-02 2.603897592052817345e-03 2.420717477798461914e-02
1.029146388173103333e-01 8.756591379642486572e-02 1.716502942144870758e-02 2.943924814462661743e-02 4.287573508918285370e-03 2.571644634008407593e-02 9.534146636724472046e-03 2.295689657330513000e-02 4.457152262330055237e-02 7.704693824052810669e-03 5.708258599042892456e-02 1.670486852526664734e-02 1.015364080667495728e-01 1.467316132038831711e-02 5.283219367265701294e-02 1.518979948014020920e-02 4.091663286089897156e-03 7.854454219341278076e-02 3.182801604270935059e-02 4.192006960511207581e-02 2.779464051127433777e-02 4.997282102704048157e-02 1.261160150170326233e-02 4.114576056599617004e-02 1.960788108408451080e-02 3.621080517768859863e-02 2.091562375426292419e-02 1.071849837899208069e-02 2.335389330983161926e-02 1.586785912513732910e-02 4.059728235006332397e-02 9.907828643918037415e-03 1.795145682990550995e-02 1.390107348561286926e-02 1.074567530304193497e-02 2.291634678840637207e-02 5.916275456547737122e-02 4.501904919743537903e-02 1.510906126350164413e-02 2.507460676133632660e-02 1.193931419402360916e-02 9.838907979428768158e-03 3.302175551652908325e-03 1.515225879848003387e-02 3.764872252941131592e-02 3.568430989980697632e-02 3.380361711606383324e-03 3.716677799820899963e-02 3.405804187059402466e-02 1.733797974884510040e-02 2.035245671868324280e-02 5.162136629223823547e-02 3.207247331738471985e-02 3.172954916954040527e-02 2.994357980787754059e-02 1.254065893590450287e-02 2.981509082019329071e-02 2.632414177060127258e-02 2.236941456794738770e-02 9.003041312098503113e-03 7.095043547451496124e-03 2.299046330153942108e-02 5.174623802304267883e-03 3.276216099038720131e-03 5.715868901461362839e-03 4.929972067475318909e-02 4.279080778360366821e-02 3.146676346659660339e-02 2.534800209105014801e-02 3.598405793309211731e-02 7.771455682814121246e-03 3.734358772635459900e-02 2.196021936833858490e-02 1.484892418375238776e-04 1.802159706130623817e-03 1.769790425896644592e-02 1.801207475364208221e-02 4.117265809327363968e-03 2.828343212604522705e-02 1.829129271209239960e-02 1.848480105400085449e-02 4.958079382777214050e-02 2.552814222872257233e-02 2.976803295314311981e-02 1.752920262515544891e-02 2.867590822279453278e-02 4.634644463658332825e-02 8.414287120103836060e-02 2.447158657014369965e-02 6.469996180385351181e-03 1.015860587358474731e-02 4.733049497008323669e-02 3.673827508464455605e-03 7.791899889707565308e-02 3.404763713479042053e-02 2.998157776892185211e-02 3.703638538718223572e-02 5.781525280326604843e-03 8.744884282350540161e-03 2.185525186359882355e-02 2.625914663076400757e-02 2.088643424212932587e-02 2.004620060324668884e-02 2.349568903446197510e-02 3.813976421952247620e-02 3.617999702692031860e-02 4.457799717783927917e-02 3.542020916938781738e-02 2.159971743822097778e-02 2.480901777744293213e-02 9.373049251735210419e-03 9.483528137207031250e-02 9.236282669007778168e-03 1.185257546603679657e-02 5.245863273739814758e-02 6.208090111613273621e-02
2.549080550670623779e-02 3.742644563317298889e-02 4.767925292253494263e-02 3.183033317327499390e-02 1.666934974491596222e-02 9.141996502876281738e-02 4.380292817950248718e-02 9.655519388616085052e-03 6.510055810213088989e-02 5.923243612051010132e-02 1.670486852526664734e-02 2.441587299108505249e-02 1.896897889673709869e-02 1.859528124332427979e-01 2.301871031522750854e-02 4.911943525075912476e-02 1.473470241762697697e-03 9.336837381124496460e-02 9.354978054761886597e-02 4.742652177810668945e-02 4.396594688296318054e-02 2.857779525220394135e-02 8.529419451951980591e-02 1.392795890569686890e-02 3.451687842607498169e-02 9.213555604219436646e-03 2.710534725338220596e-03 8.020335435867309570e-02 1.874364330433309078e-03 5.908859148621559143e-02 6.973201781511306763e-02 2.854271046817302704e-02 6.020652130246162415e-02 1.277554896660149097e-03 2.689122222363948822e-02 5.338329076766967773e-02 3.650240600109100342e-02 7.786030881106853485e-03 5.772558599710464478e-02 3.978857025504112244e-02 2.774758264422416687e-02 1.550558954477310181e-02 5.046143382787704468e-02 4.265240579843521118e-02 1.443528681993484497e-01 3.025298751890659332e-02 2.229968272149562836e-02 6.679432839155197144e-02 7.441712915897369385e-02 4.666196554899215698e-02 9.225443936884403229e-03 3.265209123492240906e-02 2.181257680058479309e-02 4.377989470958709717e-02 6.397227197885513306e-02 8.921138942241668701e-03 1.100813299417495728e-01 1.790504530072212219e-02 7.540040183812379837e-03 5.990743171423673630e-03 2.384535223245620728e-02 7.786601036787033081e-02 1.632701233029365540e-02 8.913485333323478699e-03 1.452050358057022095e-02 1.217442192137241364e-02 4.856728017330169678e-02 2.570348605513572693e-02 8.420700207352638245e-03 2.981103584170341492e-02 4.905790090560913086e-02 6.151685863733291626e-02 8.754461258649826050e-02 2.884245244786143303e-03 2.271954342722892761e-02 4.332783445715904236e-02 7.783818244934082031e-02 9.506356902420520782e-03 5.609835311770439148e-02 3.201843425631523132e-02 5.134677886962890625e-02 5.989476665854454041e-02 3.094604797661304474e-02 4.599740728735923767e-02 5.291735753417015076e-02 7.646750658750534058e-03 9.895202703773975372e-03 1.053984090685844421e-02 1.184435933828353882e-02 1.381522417068481445e-02 1.011075973510742188e-01 1.755181141197681427e-02 3.299476951360702515e-02 6.884176749736070633e-03 8.691015653312206268e-03 1.114770025014877319e-02 1.653580181300640106e-02 1.611443236470222473e-03 1.316806860268115997e-02 4.095309227705001831e-02 1.966089755296707153e-02 7.049676962196826935e-03 4.165378585457801819e-02 9.033196605741977692e-03 3.159131482243537903e-02 3.945170715451240540e-02 2.334378287196159363e-02 5.320256948471069336e-02 3.516815230250358582e-02 6.404682993888854980e-02 3.295706410426646471e-04 7.088874699547886848e-04 3.814791142940521240e-02 1.277906727045774460e-02 2.899439074099063873e-02 2.381824329495429993e-02
9.246672689914703369e-02 1.067076697945594788e-01 6.344024091958999634e-03 9.936749003827571869e-03 2.499237842857837677e-02 1.800612173974514008e-02 6.490678060799837112e-03 5.274281650781631470e-02 3.471687436103820801e-02 2.448216080665588379e-02 1.015364080667495728e-01 1.896897889673709869e-02 8.255449682474136353e-02 9.782712906599044800e-03 4.248140007257461548e-02 6.208281964063644409e-03 2.188291400671005249e-02 1.465437747538089752e-02 2.747314050793647766e-02 1.394331920892000198e-02 1.949263154529035091e-03 3.668230026960372925e-02 1.308412197977304459e-02 2.029119618237018585e-02 2.447262033820152283e-02 1.810473762452602386e-02 7.493271958082914352e-03 2.290399558842182159e-02 7.974916696548461914e-02 3.302108088973909616e-04 9.954749047756195068e-02 1.359623298048973083e-02 3.232328221201896667e-02 5.378271918743848801e-03 1.961285620927810669e-02 3.533327206969261169e-02 4.526361078023910522e-02 4.722312837839126587e-02 1.587372459471225739e-02 2.828954905271530151e-02 4.514149576425552368e-02 2.463839948177337646e-02 5.080061964690685272e-03 2.086616866290569305e-02 2.314249426126480103e-02 9.435227257199585438e-04 2.032885141670703888e-02 4.316508769989013672e-02 3.310420364141464233e-02 1.642505987547338009e-03 3.804361820220947266e-02 2.917631156742572784e-02 4.962365701794624329e-02 5.593227967619895935e-02 2.007416076958179474e-02 1.825245097279548645e-02 2.791907452046871185e-02 2.496226876974105835e-02 6.185126025229692459e-03 4.932567849755287170e-02 9.382315911352634430e-03 1.526421960443258286e-02 3.313939273357391357e-02 1.646623015403747559e-02 1.856618933379650116e-02 5.257993936538696289e-02 4.134683683514595032e-02 7.392707280814647675e-03 2.094286493957042694e-02 2.753985114395618439e-02 1.435724180191755295e-02 2.577778138220310211e-02 7.910992950201034546e-03 1.393657643347978592e-02 3.673251718282699585e-03 2.672953717410564423e-02 2.726470306515693665e-02 8.337277919054031372e-03 1.662536151707172394e-02 1.370401028543710709e-02 3.804421424865722656e-02 5.093282833695411682e-02 1.194479968398809433e-02 7.551420945674180984e-03 3.240238875150680542e-02 3.516912832856178284e-02 5.967580946162343025e-04 1.725800149142742157e-02 6.593453884124755859e-02 6.428134161978960037e-03 4.222626797854900360e-03 1.818706281483173370e-02 2.807949110865592957e-02 3.481221571564674377e-02 3.726872429251670837e-02 2.482083253562450409e-02 2.839306928217411041e-02 2.009449154138565063e-02 2.003384195268154144e-02 6.038539111614227295e-03 1.016451139003038406e-02 1.148133818060159683e-02 2.714409120380878448e-02 3.289874643087387085e-02 2.547001838684082031e-02 1.901636645197868347e-02 1.610585302114486694e-02 1.812143623828887939e-02 1.280037965625524521e-02 3.768939152359962463e-02 9.510589763522148132e-03 5.192230269312858582e-02 8.212464861571788788e-03 7.436831947416067123e-03 1.128388941287994385e-02 3.260859847068786621e-02
