6.147650256752967834e-02 1.261764913797378540e-01 5.451177060604095459e-02 9.322117082774639130e-03 1.850680261850357056e-02 1.368380188941955566e-01 9.389900416135787964e-02 5.009355768561363220e-02 1.507088448852300644e-02 1.817455701529979706e-02 1.106868758797645569e-01 1.694215461611747742e-03 9.041660279035568237e-02 5.762439966201782227e-02 5.940732359886169434e-02 3.561450913548469543e-02 3.021498955786228180e-02 1.500434428453445435e-02 5.356050562113523483e-03 1.413133088499307632e-02 1.007369346916675568e-02 4.518898576498031616e-02 1.139161363244056702e-02 2.056241780519485474e-02 2.227232977747917175e-02 1.749503985047340393e-02 2.369756624102592468e-02 3.931304439902305603e-03 2.354072779417037964e-02 1.303443103097379208e-03 3.056891076266765594e-02 8.413990959525108337e-03 1.316860970109701157e-02 7.590449880808591843e-03 3.112630546092987061e-02 5.563504993915557861e-03 1.003864873200654984e-02 2.916319295763969421e-03 2.986159734427928925e-02 6.392575334757566452e-03 1.521603390574455261e-02 1.069272588938474655e-02 1.055536232888698578e-02 2.730046398937702179e-02 4.312064871191978455e-02 9.442373411729931831e-04 1.010480597615242004e-01 3.500964865088462830e-02 1.754015870392322540e-02 1.588245481252670288e-02 3.266195068135857582e-03 2.819608431309461594e-03 2.757713943719863892e-02 2.070482820272445679e-02 4.130613058805465698e-03 3.372998908162117004e-02 4.202875867486000061e-02 3.672210499644279480e-02 1.341579202562570572e-02 2.074842527508735657e-02 3.652131184935569763e-02 2.125528268516063690e-02 3.628085553646087646e-02 6.369974464178085327e-02 7.933561690151691437e-03 2.231640554964542389e-02 3.087008371949195862e-02 7.570114452391862869e-03 2.052274532616138458e-02 1.598525210283696651e-03 2.017456665635108948e-02 6.065282039344310760e-03 3.198599442839622498e-02 2.886186540126800537e-02 1.934776431880891323e-03 4.076914861798286438e-02 3.406947106122970581e-02 2.752938307821750641e-02 4.003053903579711914e-02 1.579615101218223572e-02 1.744459383189678192e-02 1.181856915354728699e-02 3.672441095113754272e-02 5.036857351660728455e-02 4.486447200179100037e-03 4.833695129491388798e-04 2.269717864692211151e-02 3.468434512615203857e-02 7.469508331269025803e-03 3.100978024303913116e-02 3.006956353783607483e-02 6.610285490751266479e-04 1.704232580959796906e-02 3.242935240268707275e-02 6.325348466634750366e-02 1.954686455428600311e-02 3.771135210990905762e-02 1.139186602085828781e-02 2.373169735074043274e-02 1.510510500520467758e-02 2.021151594817638397e-02 1.605436019599437714e-02 1.213508378714323044e-02 1.125235483050346375e-02 2.195856905018445104e-05 9.149414487183094025e-03 3.649810561910271645e-03 1.984814926981925964e-02 2.068965323269367218e-02 2.543726377189159393e-02 2.172797359526157379e-02 8.124730736017227173e-02 4.782665893435478210e-02 3.641356900334358215e-02 1.745610497891902924e-02 1.897297799587249756e-02
1.261764913797378540e-01 2.186629921197891235e-02 5.264335870742797852e-02 3.774574398994445801e-02 3.256627917289733887e-02 7.073111832141876221e-02 6.863273680210113525e-02 2.903204411268234253e-02 1.082420162856578827e-02 8.461182937026023865e-03 6.227372959256172180e-02 2.771456353366374969e-02 1.326322853565216064e-01 3.904875367879867554e-02 5.018607154488563538e-02 2.397217787802219391e-03 1.340501196682453156e-02 3.313807770609855652e-02 2.000070735812187195e-02 1.610353938303887844e-03 9.194801561534404755e-03 2.332134172320365906e-02 2.346274070441722870e-02 3.266247361898422241e-02 6.064386572688817978e-03 3.885051235556602478e-03 2.112968452274799347e-02 6.158449873328208923e-02 2.682455629110336304e-02 4.148202762007713318e-02 3.334997966885566711e-02 6.293620681390166283e-04 2.477709017693996429e-02 4.040771164000034332e-03 2.739879861474037170e-02 1.951328106224536896e-02 1.769263297319412231e-02 4.248062893748283386e-02 4.010570421814918518e-02 2.525679767131805420e-02 6.964631378650665283e-02 3.364281356334686279e-02 3.140004700981080532e-04 1.292441878467798233e-02 2.295811893418431282e-03 3.072190470993518829e-02 8.952234685420989990e-02 5.631515011191368103e-02 7.197667378932237625e-03 1.419074647128582001e-02 9.744093753397464752e-03 2.298371866345405579e-02 3.363373503088951111e-02 3.051563166081905365e-02 5.117998924106359482e-03 5.402899812906980515e-03 3.233674168586730957e-02 1.950759440660476685e-02 1.870129257440567017e-02 1.436144858598709106e-02 1.408238150179386139e-02 3.548295050859451294e-02 8.780693169683218002e-04 3.097249194979667664e-02 1.149619813077151775e-03 7.118251640349626541e-03 9.596797637641429901e-03 1.025192160159349442e-02 7.890430279076099396e-03 2.688593044877052307e-02 1.927728019654750824e-02 2.177217788994312286e-02 3.032353892922401428e-02 9.781307308003306389e-04 2.681761234998703003e-02 8.501033880747854710e-04 1.869317516684532166e-02 3.824823722243309021e-02 3.022764809429645538e-03 2.005415409803390503e-02 5.819216743111610413e-02 3.719025477766990662e-02 4.337286204099655151e-02 5.007833614945411682e-02 7.155916537158191204e-04 1.886618993012234569e-04 1.068700291216373444e-02 2.960311435163021088e-02 1.463350187987089157e-02 5.253973416984081268e-03 1.309189759194850922e-02 9.773193858563899994e-03 3.092921711504459381e-02 1.092853955924510956e-03 6.445638835430145264e-02 9.358243085443973541e-03 2.034537680447101593e-02 3.787089511752128601e-02 1.124994829297065735e-02 1.109343022108078003e-02 1.422317977994680405e-02 3.068550862371921539e-02 3.072908334434032440e-02 2.459028549492359161e-02 3.471666574478149414e-02 9.791478514671325684e-03 4.625376313924789429e-03 1.551331486552953720e-02 4.277460277080535889e-02 3.055853582918643951e-02 9.368868544697761536e-03 2.289590425789356232e-02 1.425596699118614197e-02 2.065035142004489899e-02 4.277703166007995605e-02 1.668094657361507416e-02
5.451177060604095459e-02 5.264335870742797852e-02 2.357940189540386200e-02 4.033077880740165710e-02 1.102795079350471497e-01 1.456393860280513763e-02 4.185541532933712006e-03 2.778257429599761963e-01 3.773697093129158020e-02 5.807429179549217224e-02 1.005697529762983322e-02 8.866213262081146240e-02 3.610372543334960938e-02 5.315010249614715576e-02 1.107649179175496101e-03 4.337283596396446228e-02 1.630749553442001343e-02 3.839050233364105225e-02 2.791098318994045258e-02 8.106935769319534302e-03 6.127484608441591263e-03 1.876655966043472290e-02 5.088296532630920410e-02 4.022112116217613220e-02 1.010807976126670837e-02 1.268425676971673965e-02 3.186083957552909851e-02 1.278743799775838852e-02 9.971499443054199219e-02 9.875919669866561890e-02 2.762072719633579254e-02 3.586720675230026245e-02 4.118313267827033997e-02 7.789804786443710327e-02 2.389194630086421967e-02 5.050807073712348938e-02 3.088817559182643890e-02 3.114069439470767975e-02 1.241004988551139832e-01 2.358641661703586578e-02 3.265847219154238701e-03 1.259518414735794067e-02 4.252090677618980408e-02 9.494992345571517944e-02 3.988082334399223328e-02 6.610849499702453613e-02 5.155872926115989685e-02 4.050439968705177307e-02 1.094087120145559311e-02 2.691397443413734436e-02 3.115114942193031311e-02 4.175196215510368347e-02 4.521689191460609436e-02 6.730589549988508224e-03 4.582704603672027588e-02 5.243007466197013855e-02 9.461329318583011627e-03 7.677930593490600586e-02 2.263277769088745117e-02 3.962728381156921387e-02 2.618252299726009369e-02 2.641163580119609833e-02 1.016455814242362976e-01 2.538423053920269012e-02 7.034889422357082367e-03 1.267337705940008163e-02 2.009133435785770416e-02 2.077367715537548065e-02 4.690425470471382141e-02 2.501534856855869293e-02 1.127451378852128983e-02 9.508281014859676361e-03 3.315111249685287476e-02 5.421437695622444153e-02 2.086246386170387268e-02 6.994392722845077515e-02 2.693870477378368378e-02 4.571130871772766113e-02 1.804444193840026855e-02 6.029106304049491882e-02 1.547221243381500244e-01 9.151386469602584839e-02 2.822802029550075531e-02 5.784370005130767822e-03 4.647302255034446716e-02 3.817520290613174438e-02 6.504439562559127808e-02 1.907486468553543091e-02 1.572131216526031494e-01 9.528520703315734863e-02 1.717234402894973755e-02 3.404695913195610046e-02 4.113201517611742020e-03 1.255039963871240616e-02 2.491071820259094238e-03 7.475996762514114380e-02 6.280110776424407959e-02 5.804805085062980652e-02 1.264584530144929886e-02 1.873259432613849640e-02 3.244602680206298828e-02 3.831224516034126282e-02 4.476878419518470764e-02 2.446846803650259972e-03 3.997435420751571655e-02 3.645992651581764221e-02 2.848784998059272766e-02 6.155627965927124023e-02 1.790981739759445190e-03 6.547199096530675888e-03 4.031742364168167114e-02 1.455365419387817383e-01 2.066210610792040825e-03 1.920306496322154999e-02 4.424662888050079346e-02 5.575694516301155090e-02
9.322117082774639130e-03 3.774574398994445801e-02 4.033077880740165710e-02 3.170327842235565186e-02 6.246807426214218140e-02 3.271906822919845581e-02 4.921437054872512817e-02 9.786874055862426758e-03 1.318659335374832153e-01 3.689701855182647705e-02 7.112939842045307159e-03 4.267157986760139465e-02 1.464651338756084442e-02 2.088849805295467377e-02 3.919484838843345642e-02 3.481391444802284241e-02 5.463765189051628113e-02 1.235388740897178650e-01 7.889862172305583954e-03 3.704182431101799011e-02 2.253918908536434174e-02 6.381112616509199142e-03 2.073942869901657104e-02 4.133444651961326599e-02 7.746568371658213437e-06 2.084283716976642609e-02 1.834435015916824341e-02 4.970270767807960510e-02 8.180019445717334747e-03 2.297100052237510681e-02 2.540322719141840935e-03 3.468437492847442627e-02 1.011442765593528748e-01 4.521204531192779541e-02 3.267910331487655640e-02 6.735297292470932007e-02 2.306255325675010681e-02 4.612011834979057312e-03 1.414205729961395264e-01 4.513719305396080017e-02 1.307147741317749023e-02 2.869852120056748390e-03 6.485185027122497559e-02 1.347082108259201050e-01 5.051037296652793884e-02 2.210975810885429382e-02 6.985133048146963120e-03 4.533801227807998657e-02 4.120695218443870544e-02 2.003583684563636780e-02 2.174371667206287384e-02 1.786922104656696320e-02 5.258894711732864380e-02 4.394776001572608948e-02 5.163673684000968933e-02 5.594089161604642868e-03 3.518063202500343323e-02 1.698294468224048615e-02 2.630261145532131195e-02 5.399400740861892700e-02 1.420686393976211548e-01 6.383095751516520977e-04 1.733438484370708466e-02 3.035997226834297180e-02 3.223161026835441589e-02 4.805563017725944519e-02 4.135348647832870483e-02 3.062395192682743073e-02 1.006471365690231323e-02 3.588779643177986145e-02 1.186678465455770493e-02 3.026502393186092377e-02 1.051204800605773926e-01 2.251171506941318512e-02 1.917920424602925777e-03 2.375593967735767365e-02 1.177952066063880920e-02 3.787194192409515381e-02 4.256861656904220581e-02 6.950749456882476807e-02 3.910435363650321960e-02 1.184010878205299377e-02 1.262523978948593140e-02 4.415996745228767395e-02 3.628544881939888000e-02 3.849136084318161011e-02 4.929590970277786255e-03 1.353572029620409012e-02 7.581808604300022125e-03 5.932044237852096558e-02 5.218534730374813080e-03 1.885565114207565784e-03 1.621808111667633057e-02 1.255768164992332458e-02 5.869047716259956360e-02 6.263673305511474609e-02 3.368298709392547607e-02 1.376179698854684830e-02 1.010076235979795456e-02 4.609148949384689331e-03 1.113703940063714981e-02 8.368837647140026093e-03 5.238002538681030273e-02 1.111559942364692688e-02 1.283118221908807755e-02 9.167962707579135895e-03 2.730273269116878510e-02 5.981184169650077820e-02 2.919100224971771240e-02 1.763879880309104919e-02 8.803260326385498047e-02 3.116221167147159576e-02 1.648107077926397324e-03 4.484788980334997177e-03 2.093926770612597466e-03 1.801845990121364594e-02
1.850680261850357056e-02 3.256627917289733887e-02 1.102795079350471497e-01 6.246807426214218140e-02 7.993087917566299438e-02 4.116082936525344849e-02 6.536990404129028320e-02 5.120775476098060608e-02 2.410539798438549042e-02 6.123027577996253967e-02 2.365685813128948212e-02 7.981912791728973389e-02 2.663735114037990570e-02 3.633230924606323242e-02 2.837350592017173767e-03 2.054438740015029907e-02 9.680961258709430695e-03 3.604242205619812012e-02 1.024461686611175537e-01 7.158680818974971771e-03 1.401415094733238220e-02 5.721585825085639954e-02 1.396192330867052078e-02 2.666366053745150566e-04 3.012020140886306763e-03 2.976408787071704865e-02 6.719869375228881836e-02 9.546446055173873901e-02 5.327101796865463257e-02 6.626100745052099228e-03 6.769796367734670639e-03 4.961054399609565735e-02 6.578791886568069458e-03 4.950701445341110229e-02 3.140497207641601562e-02 1.076600141823291779e-02 2.452220767736434937e-02 2.488458901643753052e-02 2.484032139182090759e-02 5.457374826073646545e-02 7.576506584882736206e-02 2.785176597535610199e-02 2.399836666882038116e-03 4.539700970053672791e-02 6.438171118497848511e-02 1.824401877820491791e-02 4.225768148899078369e-02 1.023458316922187805e-02 8.981444872915744781e-03 4.726511985063552856e-02 2.137734368443489075e-02 3.339533228427171707e-03 1.891731284558773041e-02 1.420877501368522644e-02 1.516477391123771667e-02 3.526487201452255249e-02 8.694612234830856323e-02 3.235706686973571777e-02 4.325793683528900146e-02 5.522179603576660156e-02 1.969747804105281830e-02 4.115745425224304199e-02 4.213041439652442932e-02 1.028444897383451462e-02 1.099587604403495789e-02 4.847953468561172485e-02 4.097312316298484802e-02 1.464169356040656567e-03 1.885799877345561981e-02 1.206602603197097778e-01 2.982892096042633057e-02 5.129031091928482056e-02 8.757797069847583771e-03 8.803893625736236572e-02 1.201241835951805115e-01 4.135751351714134216e-02 7.595337927341461182e-02 3.975510597229003906e-02 6.877191364765167236e-02 6.691455375403165817e-03 1.056316494941711426e-02 3.232182189822196960e-02 3.864724189043045044e-02 1.577174216508865356e-01 1.067593507468700409e-02 9.398010559380054474e-03 6.162899732589721680e-02 4.903080686926841736e-02 6.627213954925537109e-02 1.622516475617885590e-02 9.660372161306440830e-04 7.771100103855133057e-02 2.972794510424137115e-02 8.374890312552452087e-03 2.274268306791782379e-03 6.631318479776382446e-02 9.733407199382781982e-02 5.138617381453514099e-02 2.637769468128681183e-02 4.024012945592403412e-03 3.339051967486739159e-03 2.062982879579067230e-02 3.839304670691490173e-02 3.252078592777252197e-02 2.230698056519031525e-02 5.137207359075546265e-02 5.531413108110427856e-02 2.066864073276519775e-02 1.444046199321746826e-02 1.064644567668437958e-02 7.585956156253814697e-02 4.230686277151107788e-02 8.772705681622028351e-03 2.505349460989236832e-03 6.858266144990921021e-02 1.335344612598419189e-01
1.368380188941955566e-01 7.073111832141876221e-02 1.456393860280513763e-02 3.271906822919845581e-02 4.116082936525344849e-02 6.698571145534515381e-02 1.346406042575836182e-01 2.187312766909599304e-02 6.903083622455596924e-02 4.896755144000053406e-02 1.115361973643302917e-01 6.471155583858489990e-02 5.119006335735321045e-02 5.191276594996452332e-02 1.301715895533561707e-02 4.735903069376945496e-02 3.437253087759017944e-02 3.048165328800678253e-02 4.654506221413612366e-02 2.270120382308959961e-02 2.102825324982404709e-03 1.165634579956531525e-02 1.710346341133117676e-02 3.199620172381401062e-02 3.222940117120742798e-02 2.895357087254524231e-02 3.868152154609560966e-03 9.885731339454650879e-02 4.928122833371162415e-02 3.286881605163216591e-03 1.212192047387361526e-02 2.709975698962807655e-03 1.473955623805522919e-02 4.598293919116258621e-03 4.083599895238876343e-02 3.275514021515846252e-02 1.380781177431344986e-02 5.174675243324600160e-05 1.574238389730453491e-02 1.456799171864986420e-02 2.186071686446666718e-02 4.526335746049880981e-02 3.172862902283668518e-02 9.374332148581743240e-04 7.031577080488204956e-02 1.508375443518161774e-02 1.565884798765182495e-01 6.824924051761627197e-02 1.462561544030904770e-02 7.719955593347549438e-02 3.753496706485748291e-02 4.915430769324302673e-02 1.456471811980009079e-02 1.080353837460279465e-02 4.942584782838821411e-02 4.902194067835807800e-02 5.244458466768264771e-02 1.293534412980079651e-02 2.461045794188976288e-02 4.259680211544036865e-02 7.548655569553375244e-02 1.248769927769899368e-02 2.712745778262615204e-02 7.306963950395584106e-02 3.117685904726386070e-03 4.414317011833190918e-02 2.562020160257816315e-02 2.497049979865550995e-02 1.924835331737995148e-02 2.691295929253101349e-02 2.261607721447944641e-02 8.780417032539844513e-03 6.670149415731430054e-02 1.612431555986404419e-02 4.288021102547645569e-02 2.830405160784721375e-02 4.920567572116851807e-02 3.533947467803955078e-02 2.566825598478317261e-02 3.784720599651336670e-02 1.548612210899591446e-02 2.184654353186488152e-03 2.039474062621593475e-02 3.870385512709617615e-02 4.627293092198669910e-04 3.641796857118606567e-02 2.884396351873874664e-03 3.113636933267116547e-02 2.358491532504558563e-02 5.173869431018829346e-02 2.801031991839408875e-02 1.232688780874013901e-02 3.428418561816215515e-02 3.311945125460624695e-02 4.408486932516098022e-02 2.220622991444543004e-04 3.504261747002601624e-02 4.042421653866767883e-02 1.989695802330970764e-02 1.570252887904644012e-02 1.557208690792322159e-02 1.530918478965759277e-02 1.724422536790370941e-02 3.894960507750511169e-02 3.086880594491958618e-02 7.187901996076107025e-03 2.756960503756999969e-02 2.772048488259315491e-02 4.720756039023399353e-02 6.589815765619277954e-02 6.899053603410720825e-02 6.481141597032546997e-02 3.454791009426116943e-02 6.729375571012496948e-02 5.123815685510635376e-02 3.919206559658050537e-02
9.389900416135787964e-02 6.863273680210113525e-02 4.185541532933712006e-03 4.921437054872512817e-02 6.536990404129028320e-02 1.346406042575836182e-01 6.201200932264328003e-02 3.566540405154228210e-02 8.533553220331668854e-03 2.995089069008827209e-02 1.021461933851242065e-01 5.022442713379859924e-02 2.826755680143833160e-02 1.097840070724487305e-01 2.143269591033458710e-02 3.852261602878570557e-02 5.318631976842880249e-02 5.428126454353332520e-02 2.215786091983318329e-02 2.438264898955821991e-02 1.195032731629908085e-03 3.896694630384445190e-02 2.173203416168689728e-02 6.423233449459075928e-02 2.725765109062194824e-02 2.519966289401054382e-02 4.739493131637573242e-02 2.397820167243480682e-02 4.620781913399696350e-02 4.679277166724205017e-02 9.577242285013198853e-02 1.350851450115442276e-02 1.007394026964902878e-02 9.678837843239307404e-03 2.609891258180141449e-02 1.213762816041707993e-02 2.096525020897388458e-02 5.774711444973945618e-02 4.784232750535011292e-02 2.909249998629093170e-02 6.518300622701644897e-02 4.827617108821868896e-02 2.687682397663593292e-02 3.790766000747680664e-02 9.879663586616516113e-03 6.087720394134521484e-03 1.178959459066390991e-01 1.232921332120895386e-01 1.312626060098409653e-02 1.913566701114177704e-02 2.064043097198009491e-02 2.843996509909629822e-02 2.399280481040477753e-02 3.302051872014999390e-02 1.922847330570220947e-02 6.132295820862054825e-03 4.108468536287546158e-03 1.884805411100387573e-02 9.688051417469978333e-03 1.649033464491367340e-02 9.770766831934452057e-03 3.249789401888847351e-02 2.827634476125240326e-02 1.632328703999519348e-02 9.724332392215728760e-02 4.550410434603691101e-02 1.138836983591318130e-02 2.555292472243309021e-02 4.649485275149345398e-02 4.589610919356346130e-02 2.328880131244659424e-03 2.595878206193447113e-02 2.758155018091201782e-02 7.056057918816804886e-03 9.929914027452468872e-02 5.912550911307334900e-02 5.382160842418670654e-02 2.623091451823711395e-02 9.293242357671260834e-03 4.438642412424087524e-02 2.544728852808475494e-02 4.403726756572723389e-02 2.620757929980754852e-02 6.084170565009117126e-02 4.302833974361419678e-02 8.118721656501293182e-03 2.241431968286633492e-03 1.829225197434425354e-02 9.118468314409255981e-02 8.639073371887207031e-02 6.469636410474777222e-02 5.963925272226333618e-02 1.259788125753402710e-02 1.625784114003181458e-02 1.667998544871807098e-02 8.568173274397850037e-03 4.452208522707223892e-03 3.961062058806419373e-02 2.264824882149696350e-02 1.486265566200017929e-02 2.079404890537261963e-02 3.007417079061269760e-03 2.139636874198913574e-02 4.971981048583984375e-02 4.804351180791854858e-02 1.098910812288522720e-02 1.208308152854442596e-02 3.930674120783805847e-02 3.356303647160530090e-02 3.756235912442207336e-02 3.612763807177543640e-02 1.958874985575675964e-02 3.729702159762382507e-02 3.008810430765151978e-02 2.410602197051048279e-02 2.148196846246719360e-02
5.009355768561363220e-02 2.903204411268234253e-02 2.778257429599761963e-01 9.786874055862426758e-03 5.120775476098060608e-02 2.187312766909599304e-02 3.566540405154228210e-02 1.496748533099889755e-02 2.335024625062942505e-02 1.080023683607578278e-02 2.303807437419891357e-02 1.964332349598407745e-02 2.002784982323646545e-03 5.810777842998504639e-02 9.796963632106781006e-02 2.912733890116214752e-02 3.834738582372665405e-02 2.691437304019927979e-02 6.860238313674926758e-02 9.732544422149658203e-03 1.436986681073904037e-02 7.558663934469223022e-02 5.190053582191467285e-02 7.711205631494522095e-03 1.999897649511694908e-03 1.482858974486589432e-02 3.854161500930786133e-02 2.323693409562110901e-02 2.567097544670104980e-04 1.237989682704210281e-02 5.198850855231285095e-02 2.767096459865570068e-02 9.214499965310096741e-03 4.584514722228050232e-02 9.250113740563392639e-03 7.295314222574234009e-03 2.075280807912349701e-02 6.333988159894943237e-02 4.529448971152305603e-02 4.166563600301742554e-02 5.591278523206710815e-02 2.261538431048393250e-02 3.472900390625000000e-02 1.258326508104801178e-02 7.526664528995752335e-03 1.824149861931800842e-02 5.268266797065734863e-02 7.180807297118008137e-04 4.595170915126800537e-02 1.872628461569547653e-03 1.724381931126117706e-03 3.707488998770713806e-02 2.455625496804714203e-02 3.418164700269699097e-02 3.088336624205112457e-02 1.152476109564304352e-02 1.816231012344360352e-02 3.997633233666419983e-02 1.286260224878787994e-02 1.326364837586879730e-02 4.701108857989311218e-02 3.143172012642025948e-03 1.989563181996345520e-02 8.678889833390712738e-03 3.153490647673606873e-02 5.430697277188301086e-02 1.788326911628246307e-02 2.719582058489322662e-02 1.710932515561580658e-02 2.680540271103382111e-02 1.638224348425865173e-02 5.891324952244758606e-02 2.193396212533116341e-03 6.438546627759933472e-02 1.631303317844867706e-02 7.718461751937866211e-02 1.725476235151290894e-03 2.297465503215789795e-02 2.059222385287284851e-02 4.531264677643775940e-02 1.430071741342544556e-01 8.874785900115966797e-02 5.631684884428977966e-02 3.458287566900253296e-02 4.298699274659156799e-02 1.163702551275491714e-02 8.280097693204879761e-02 9.299703873693943024e-03 1.506660366430878639e-03 4.316931217908859253e-02 1.661499403417110443e-02 7.313590496778488159e-02 1.631395425647497177e-03 2.184919267892837524e-02 2.230961434543132782e-02 2.882430562749505043e-03 5.788095295429229736e-02 7.525481283664703369e-02 4.031900316476821899e-02 2.888612262904644012e-02 8.584512397646903992e-03 3.139366582036018372e-02 3.397222980856895447e-02 1.305822934955358505e-02 4.609727859497070312e-02 1.022420823574066162e-02 7.902517914772033691e-03 5.521977320313453674e-02 5.228893458843231201e-02 2.687697065994143486e-03 1.508865877985954285e-02 4.736154805868864059e-03 7.326612249016761780e-03 2.802840992808341980e-02 8.038213476538658142e-03 4.990489780902862549e-02
1.507088448852300644e-02 1.082420162856578827e-02 3.773697093129158020e-02 1.318659335374832153e-01 2.410539798438549042e-02 6.903083622455596924e-02 8.533553220331668854e-03 2.335024625062942505e-02 3.302218765020370483e-02 3.506071120500564575e-02 1.711033098399639130e-02 1.370415985584259033e-01 1.150515861809253693e-02 1.096592843532562256e-02 4.015790671110153198e-02 9.683386422693729401e-03 2.139700762927532196e-02 1.413720846176147461e-01 5.540939792990684509e-02 6.241300702095031738e-02 1.490656659007072449e-02 5.036918446421623230e-02 6.652469933032989502e-02 4.091016948223114014e-02 6.956902891397476196e-02 2.219154685735702515e-02 2.331707626581192017e-02 2.088070847094058990e-03 3.490430535748600960e-03 4.116760194301605225e-02 1.252723671495914459e-02 3.827951848506927490e-02 3.072901815176010132e-02 3.528528846800327301e-03 3.734137490391731262e-02 3.578217700123786926e-02 7.084012613631784916e-04 3.455059230327606201e-02 6.237207725644111633e-02 1.510129496455192566e-02 5.243959650397300720e-02 2.554473839700222015e-02 1.716905087232589722e-02 6.673409137874841690e-03 1.170302703976631165e-01 7.632718235254287720e-02 5.076175928115844727e-02 1.686888746917247772e-02 9.063342213630676270e-02 1.820123638026416302e-03 5.545932427048683167e-02 4.155129566788673401e-02 2.893459796905517578e-02 8.038189844228327274e-04 1.035418510437011719e-01 3.206467628479003906e-02 7.161953544709831476e-05 7.100554648786783218e-03 3.311185166239738464e-02 2.238878980278968811e-02 8.644348382949829102e-02 4.485369473695755005e-02 1.600627042353153229e-02 2.131128124892711639e-02 4.971561022102832794e-03 2.774716354906558990e-02 4.592691734433174133e-02 2.828777395188808441e-02 7.451062649488449097e-02 1.034026965498924255e-02 2.010205201804637909e-02 4.219038411974906921e-02 7.200332731008529663e-02 9.593459544703364372e-04 9.889866225421428680e-03 1.421380415558815002e-02 1.519995182752609253e-01 2.953388169407844543e-02 1.359455734491348267e-01 3.787839040160179138e-02 4.744136705994606018e-02 3.978474810719490051e-02 4.380470141768455505e-02 2.147774212062358856e-02 2.162376046180725098e-02 3.905291110277175903e-02 1.743610575795173645e-02 2.164492383599281311e-02 8.242233842611312866e-02 3.179872408509254456e-03 3.784092515707015991e-02 1.839254051446914673e-02 3.244372457265853882e-02 2.417382039129734039e-02 2.314677461981773376e-02 3.309183195233345032e-02 1.131449081003665924e-02 8.417211472988128662e-03 3.379823639988899231e-02 3.284611180424690247e-02 1.836256124079227448e-02 1.238253433257341385e-02 1.104215439409017563e-02 2.453511394560337067e-02 9.450637735426425934e-03 4.060328006744384766e-02 6.570487283170223236e-03 6.581552326679229736e-02 3.718115016818046570e-02 4.524472728371620178e-02 2.320260740816593170e-02 3.796171396970748901e-02 7.798506878316402435e-03 2.400783263146877289e-02 1.759038306772708893e-02 3.106102719902992249e-02
1.817455701529979706e-02 8.461182937026023865e-03 5.807429179549217224e-02 3.689701855182647705e-02 6.123027577996253967e-02 4.896755144000053406e-02 2.995089069008827209e-02 1.080023683607578278e-02 3.506071120500564575e-02 5.989430472254753113e-02 4.586891829967498779e-02 2.695137634873390198e-02 3.741046786308288574e-02 7.968761771917343140e-02 6.750944070518016815e-03 1.732090488076210022e-02 3.646077215671539307e-02 1.459052320569753647e-02 1.187397390604019165e-01 2.006875723600387573e-02 2.140616066753864288e-03 7.326950784772634506e-03 3.112923912703990936e-02 2.696298062801361084e-02 1.528999581933021545e-02 3.540291916579008102e-03 5.577587336301803589e-02 4.797276854515075684e-02 2.277534455060958862e-03 3.924805205315351486e-03 1.214855071157217026e-02 4.716544225811958313e-02 2.530981972813606262e-02 3.423314169049263000e-02 5.804888159036636353e-02 2.002796716988086700e-02 3.609015792608261108e-02 2.365875057876110077e-02 6.842656433582305908e-02 4.021205753087997437e-02 3.643549978733062744e-02 2.013317868113517761e-02 2.543565584346652031e-03 8.430663001490756869e-05 2.573304809629917145e-04 3.249879926443099976e-02 3.537502512335777283e-02 3.782891109585762024e-02 3.901224583387374878e-02 5.209932476282119751e-02 1.041538640856742859e-02 1.538987271487712860e-02 9.981963783502578735e-03 8.096469537122175097e-05 5.002157762646675110e-02 5.135291814804077148e-02 2.081701718270778656e-02 3.033230639994144440e-02 3.977704793214797974e-02 4.602660425007343292e-03 3.615808859467506409e-02 4.108923301100730896e-02 6.779300747439265251e-04 4.675373062491416931e-02 1.100844237953424454e-02 1.707481220364570618e-02 5.958552472293376923e-03 7.547176908701658249e-03 5.978617072105407715e-02 8.716094493865966797e-02 4.354676231741905212e-02 4.398417659103870392e-03 1.613743603229522705e-03 4.461248591542243958e-02 4.205393791198730469e-02 5.154716223478317261e-02 1.046453788876533508e-01 9.054669737815856934e-02 2.423172444105148315e-02 1.246472150087356567e-01 1.941120624542236328e-02 5.473969504237174988e-02 4.140850901603698730e-02 4.598969966173171997e-02 1.383197028189897537e-02 5.055523663759231567e-02 7.752258330583572388e-02 9.799957275390625000e-03 3.015666035935282707e-03 5.193701758980751038e-02 2.048857510089874268e-03 3.500084578990936279e-02 2.939738333225250244e-02 3.173562139272689819e-02 1.462896587327122688e-03 4.079980775713920593e-02 3.383147716522216797e-02 3.969255834817886353e-02 3.919179365038871765e-02 9.103613905608654022e-03 7.901757955551147461e-03 2.316642738878726959e-02 4.438425414264202118e-03 3.263681381940841675e-02 3.195405751466751099e-02 3.416692093014717102e-02 2.329564839601516724e-02 3.360109403729438782e-02 2.708983607590198517e-02 3.804849460721015930e-03 2.992776781320571899e-02 4.547220841050148010e-02 5.568697582930326462e-03 8.374369703233242035e-03 7.176100462675094604e-02 1.545538939535617828e-02
1.106868758797645569e-01 6.227372959256172180e-02 1.005697529762983322e-02 7.112939842045307159e-03 2.365685813128948212e-02 1.115361973643302917e-01 1.021461933851242065e-01 2.303807437419891357e-02 1.711033098399639130e-02 4.586891829967498779e-02 3.867128118872642517e-02 1.795615628361701965e-02 5.133384838700294495e-02 6.436474621295928955e-02 5.456117168068885803e-02 1.985864341259002686e-02 1.789480261504650116e-02 2.815831080079078674e-02 4.389747232198715210e-02 2.839151956140995026e-02 1.725678518414497375e-02 3.838776051998138428e-02 2.350860461592674255e-02 3.512335196137428284e-02 2.040017023682594299e-02 1.967632025480270386e-02 1.507754996418952942e-02 4.100405424833297729e-02 2.062923507764935493e-03 3.741934895515441895e-02 1.324057299643754959e-02 1.339808572083711624e-03 4.280162684153765440e-04 7.480356842279434204e-03 9.424559772014617920e-03 1.318130735307931900e-02 1.587901450693607330e-02 2.110963314771652222e-02 1.234684139490127563e-02 1.735279522836208344e-02 3.004455007612705231e-02 3.027646988630294800e-02 2.591412328183650970e-02 3.793337196111679077e-02 1.162327360361814499e-02 2.362284250557422638e-02 7.775483280420303345e-02 5.308057367801666260e-02 1.603149995207786560e-02 6.817760295234620571e-04 2.457419410347938538e-02 2.192168310284614563e-02 3.538738936185836792e-02 2.409964799880981445e-02 1.289214938879013062e-02 2.082451805472373962e-02 4.636906832456588745e-02 5.186375696212053299e-03 2.178579568862915039e-02 2.194189280271530151e-02 3.224347531795501709e-02 3.140383586287498474e-02 1.272340118885040283e-02 4.554169625043869019e-02 2.802081033587455750e-02 2.723994292318820953e-02 3.036362305283546448e-02 7.669431623071432114e-03 2.225416246801614761e-03 5.969654396176338196e-02 3.131176345050334930e-03 1.852916926145553589e-02 2.842119894921779633e-02 1.556268520653247833e-02 1.195316482335329056e-02 4.210728779435157776e-02 2.365953102707862854e-02 3.732024878263473511e-02 4.616213962435722351e-02 2.349476143717765808e-02 2.330949716269969940e-02 5.769698764197528362e-04 2.907458692789077759e-02 3.925930708646774292e-02 1.364848483353853226e-02 2.182333730161190033e-02 5.047579854726791382e-02 4.100952669978141785e-02 5.312889348715543747e-03 4.557565599679946899e-02 4.997663572430610657e-02 3.376347571611404419e-02 6.887643132358789444e-03 2.637999877333641052e-02 2.814731374382972717e-02 1.256457809358835220e-02 1.138801127672195435e-02 2.504844218492507935e-02 1.008516736328601837e-02 3.349001333117485046e-02 1.055590622127056122e-02 1.751710474491119385e-02 2.881956472992897034e-02 1.710946235107257962e-04 2.981819678097963333e-03 8.275191299617290497e-03 2.606585621833801270e-02 4.214422311633825302e-03 9.738098829984664917e-03 2.975462377071380615e-02 1.885978155769407749e-03 2.064579725265502930e-02 6.245077401399612427e-02 3.362319245934486389e-02 1.615885877981781960e-03 5.379934795200824738e-03
1.694215461611747742e-03 2.771456353366374969e-02 8.866213262081146240e-02 4.267157986760139465e-02 7.981912791728973389e-02 6.471155583858489990e-02 5.022442713379859924e-02 1.964332349598407745e-02 1.370415985584259033e-01 2.695137634873390198e-02 1.795615628361701965e-02 1.110578998923301697e-01 5.662012472748756409e-02 2.856016755104064941e-01 9.100137278437614441e-03 3.193314373493194580e-02 3.185181692242622375e-02 7.967557013034820557e-02 6.170456856489181519e-02 2.055176300927996635e-03 2.979814447462558746e-02 1.535266451537609100e-02 7.458152621984481812e-02 4.771747160702943802e-03 7.262597326189279556e-03 2.660016529262065887e-02 4.385696724057197571e-02 1.730363219976425171e-01 3.263674303889274597e-02 1.378428936004638672e-01 1.812373660504817963e-02 3.178526088595390320e-02 2.063330030068755150e-03 1.029899064451456070e-02 3.898017108440399170e-03 2.813366800546646118e-02 1.855854503810405731e-02 5.051149055361747742e-02 2.630152273923158646e-03 2.963098697364330292e-02 8.191074430942535400e-02 3.036517277359962463e-02 2.364041138207539916e-04 2.199544385075569153e-02 4.602459818124771118e-02 4.682765901088714600e-02 4.057306796312332153e-02 2.484052442014217377e-02 2.385408617556095123e-02 4.752252623438835144e-02 9.620625525712966919e-03 2.469510585069656372e-02 1.199871767312288284e-02 1.975371688604354858e-02 7.687745243310928345e-02 1.236533746123313904e-01 1.012135446071624756e-01 6.808440200984477997e-03 9.486098773777484894e-03 2.306540310382843018e-02 6.110191717743873596e-02 7.521293312311172485e-02 4.256831854581832886e-02 3.101487830281257629e-02 2.456030249595642090e-02 2.316208370029926300e-02 1.543623954057693481e-02 2.193357329815626144e-03 1.854008436203002930e-02 2.984604425728321075e-02 1.607402111403644085e-03 6.026471033692359924e-02 2.169821877032518387e-03 1.044303085654973984e-02 9.599836170673370361e-02 6.097623333334922791e-02 9.406637400388717651e-02 5.990280769765377045e-03 1.187019646167755127e-01 1.723542436957359314e-02 1.623034942895174026e-03 2.595112472772598267e-02 4.547413066029548645e-02 9.021436795592308044e-03 3.194733709096908569e-02 4.124807938933372498e-02 5.036073923110961914e-02 2.320670522749423981e-02 1.460945010185241699e-01 8.366667479276657104e-02 4.560659825801849365e-02 1.956731826066970825e-02 2.227200753986835480e-02 3.863476589322090149e-02 2.203067764639854431e-02 3.458729013800621033e-02 1.299218554049730301e-02 2.394907642155885696e-03 1.730958372354507446e-02 3.044384531676769257e-02 2.295734174549579620e-02 4.356482625007629395e-02 2.764282561838626862e-02 6.146411225199699402e-02 1.978855952620506287e-02 1.914773322641849518e-02 2.125719189643859863e-02 5.865275161340832710e-04 1.915266329888254404e-04 8.901142328977584839e-02 9.426869451999664307e-02 4.691972956061363220e-02 2.834112197160720825e-02 3.226616978645324707e-02 5.487064272165298462e-02 7.329349219799041748e-02
9.041660279035568237e-02 1.326322853565216064e-01 3.610372543334960938e-02 1.464651338756084442e-02 2.663735114037990570e-02 5.119006335735321045e-02 2.826755680143833160e-02 2.002784982323646545e-03 1.150515861809253693e-02 3.741046786308288574e-02 5.133384838700294495e-02 5.662012472748756409e-02 3.406878188252449036e-02 1.794585213065147400e-02 2.716492302715778351e-02 3.638039901852607727e-02 4.163012839853763580e-03 1.707389391958713531e-02 2.034161612391471863e-02 3.014144254848361015e-03 1.370816584676504135e-02 4.433494806289672852e-02 3.038052236661314964e-03 7.222965825349092484e-03 1.011941488832235336e-02 6.623202469199895859e-03 6.090089678764343262e-02 1.500434428453445435e-02 4.394259676337242126e-02 8.695064112544059753e-03 1.018759533762931824e-01 2.223303727805614471e-02 3.398886183276772499e-04 1.157453376799821854e-02 3.705113893374800682e-03 2.740602940320968628e-02 3.910078201442956924e-03 3.644873946905136108e-02 7.137190084904432297e-03 2.271610498428344727e-02 5.571948736906051636e-02 2.083113789558410645e-02 1.153075601905584335e-02 4.156539216637611389e-03 2.873543091118335724e-02 1.838341169059276581e-02 8.669718354940414429e-02 5.053117126226425171e-02 3.574067726731300354e-03 4.252362251281738281e-02 1.015583612024784088e-02 3.088823053985834122e-03 2.972005121409893036e-02 4.879099503159523010e-02 1.077985949814319611e-02 1.472309138625860214e-02 4.148010537028312683e-02 6.990408990532159805e-03 3.076697699725627899e-02 2.836133062373846769e-04 1.006233040243387222e-02 2.939443476498126984e-02 3.961619362235069275e-02 2.986953407526016235e-02 6.622736342251300812e-03 5.718090012669563293e-02 1.146394480019807816e-02 5.518368910998106003e-03 1.815797947347164154e-02 1.587730646133422852e-02 2.053321711719036102e-02 6.641446053981781006e-02 1.694567315280437469e-02 4.347375780344009399e-02 6.717511266469955444e-02 7.561807520687580109e-03 3.796099498867988586e-02 2.466531097888946533e-02 2.174334973096847534e-02 3.834481164813041687e-02 1.308527588844299316e-02 5.045691505074501038e-03 1.079192291945219040e-02 1.812960952520370483e-02 7.616578135639429092e-03 5.048584192991256714e-03 5.468367598950862885e-03 2.629370801150798798e-02 5.626929178833961487e-02 1.360982190817594528e-02 3.089532442390918732e-02 1.205106731504201889e-02 3.889933228492736816e-02 4.727354273200035095e-02 2.493540570139884949e-02 1.874566636979579926e-02 2.015588339418172836e-03 5.985096469521522522e-02 1.901237480342388153e-02 1.101756934076547623e-02 1.155565772205591202e-02 7.481535896658897400e-03 2.213674224913120270e-02 1.425858936272561550e-03 3.410771489143371582e-02 5.450410768389701843e-03 1.077115908265113831e-02 2.159720472991466522e-02 2.635045722126960754e-02 2.513873577117919922e-02 2.105938270688056946e-02 3.207461535930633545e-02 1.531270239502191544e-02 1.674417965114116669e-02 1.975286565721035004e-02 7.349230349063873291e-03
