3.946781456470489502e-01 1.233392655849456787e-01 1.630422472953796387e-02 1.637287437915802002e-02 2.662101062014698982e-03 1.023470088839530945e-01 7.178167998790740967e-02 6.308500654995441437e-03 6.673285737633705139e-03 1.936183311045169830e-03 8.349281549453735352e-02 6.890057586133480072e-03 5.827745795249938965e-02 1.899329759180545807e-02 1.557935215532779694e-02 1.652586460113525391e-02 1.703593134880065918e-02 5.395525135099887848e-03 2.823907323181629181e-02 2.408127114176750183e-02 4.325447604060173035e-02 2.129431627690792084e-02 1.116921007633209229e-02 6.877474021166563034e-03 1.914838701486587524e-02 2.851459570229053497e-02 2.134734578430652618e-02 2.311124000698328018e-03 6.184634286910295486e-03 3.429930424317717552e-03 2.516499161720275879e-02 6.910196039825677872e-03 3.094531130045652390e-03 7.256675045937299728e-03 2.421908080577850342e-02 3.117089532315731049e-02 2.127574011683464050e-02 1.776308380067348480e-02 2.211206592619419098e-02 2.197935804724693298e-02 3.378007933497428894e-02 9.460066794417798519e-04 1.320388726890087128e-02 1.889195479452610016e-02 1.214691903442144394e-02 5.055837798863649368e-03 8.071011304855346680e-02 3.114760294556617737e-02 1.079050078988075256e-02 2.081678062677383423e-02 3.824311075732111931e-03 1.233463454991579056e-02 7.905190810561180115e-03 3.789900511037558317e-04 1.518306322395801544e-02 1.670722849667072296e-02 1.432331837713718414e-02 8.476161397993564606e-03 2.679254859685897827e-02 3.889290243387222290e-02 6.922469008713960648e-03 8.378448896110057831e-03 5.428333301097154617e-03 4.359858855605125427e-02 3.529121726751327515e-02 4.077767580747604370e-02 2.389805577695369720e-02 3.708977252244949341e-02 1.486694905906915665e-02 7.046069949865341187e-03 3.730661701411008835e-03 7.356538844760507345e-05 3.931952640414237976e-02 6.198555696755647659e-03 3.045831434428691864e-02 4.374429117888212204e-03 7.956249639391899109e-03 5.143944639712572098e-03 6.290404126048088074e-03 1.284540072083473206e-02 1.831004768610000610e-02 1.464118901640176773e-02 3.305874066427350044e-03 3.212836012244224548e-02 1.035424973815679550e-02 2.891959156841039658e-03 2.321824990212917328e-02 2.770052850246429443e-02 2.745697647333145142e-02 1.216069562360644341e-03 5.531154945492744446e-02 2.272029407322406769e-02 4.212806746363639832e-02 2.122667245566844940e-02 4.404057934880256653e-02 9.009181521832942963e-03 6.277115084230899811e-03 5.569819360971450806e-03 4.608364775776863098e-03 5.525032058358192444e-03 1.487305387854576111e-03 2.787396870553493500e-02 5.988771095871925354e-03 9.675582870841026306e-03 2.766643301583826542e-04 5.817104247398674488e-04 1.381033100187778473e-02 3.171299770474433899e-02 1.300214137881994247e-02 5.291317589581012726e-03 2.764986269176006317e-02 2.003696560859680176e-02 1.036586146801710129e-02 2.959009725600481033e-03 3.081678878515958786e-03 1.342047099024057388e-02
1.233392655849456787e-01 3.948131501674652100e-01 2.562103234231472015e-02 2.120981551706790924e-02 2.057213336229324341e-03 8.292290568351745605e-02 7.350556552410125732e-02 3.876820206642150879e-03 7.495370227843523026e-03 3.245972329750657082e-04 8.751609176397323608e-02 1.167480368167161942e-02 7.341141998767852783e-02 5.361384712159633636e-03 9.546901099383831024e-03 1.090282574295997620e-02 9.059636853635311127e-03 5.055571906268596649e-03 2.619558945298194885e-02 1.764159277081489563e-02 3.775786608457565308e-02 2.025778964161872864e-02 4.185566678643226624e-03 3.864541882649064064e-03 1.196901872754096985e-02 1.876047067344188690e-02 1.843114569783210754e-02 6.012537982314825058e-03 8.244337514042854309e-03 3.403508337214589119e-03 2.389995008707046509e-02 7.935122586786746979e-03 2.849486656486988068e-03 1.884396933019161224e-02 1.554319448769092560e-02 2.600883319973945618e-02 2.262322232127189636e-02 2.306979708373546600e-02 2.771182544529438019e-02 3.363262489438056946e-02 3.156688064336776733e-02 2.255896688438951969e-04 1.030503679066896439e-02 2.072905190289020538e-02 9.039216674864292145e-03 6.588567048311233521e-04 6.934385746717453003e-02 3.492737933993339539e-02 8.742196485400199890e-03 2.167964540421962738e-02 3.045786637812852859e-03 1.024733763188123703e-02 2.118613757193088531e-02 1.645786501467227936e-02 7.231846451759338379e-03 2.777829952538013458e-02 1.883790642023086548e-02 7.744841743260622025e-03 3.508144989609718323e-02 6.006794795393943787e-02 2.267436822876334190e-03 1.928789715748280287e-04 9.989259764552116394e-03 4.022109508514404297e-02 3.936836868524551392e-02 4.885823279619216919e-02 1.552728749811649323e-02 2.640411816537380219e-02 2.210705168545246124e-02 1.244727987796068192e-02 1.006299257278442383e-02 7.146446499973535538e-03 5.086859315633773804e-02 7.915994152426719666e-03 3.251234814524650574e-02 6.819513160735368729e-03 3.455976489931344986e-03 6.807499448768794537e-04 8.518716320395469666e-03 2.247571200132369995e-02 6.625762674957513809e-03 1.450799219310283661e-02 7.006986998021602631e-03 2.633362263441085815e-02 3.919767681509256363e-03 1.906558871269226074e-02 1.991143450140953064e-02 2.473368868231773376e-02 1.695721410214900970e-02 6.530592218041419983e-03 4.248000681400299072e-02 2.089626155793666840e-02 4.312356561422348022e-02 2.360654994845390320e-02 4.263281077146530151e-02 1.839590817689895630e-02 5.414717365056276321e-03 3.062710864469408989e-03 4.891455173492431641e-03 5.037449300289154053e-03 7.513697724789381027e-03 1.313628349453210831e-02 8.496983908116817474e-03 3.627836937084794044e-03 4.844492767006158829e-03 1.556863659061491489e-03 7.528077811002731323e-03 2.597256563603878021e-02 1.392603944987058640e-02 2.241683192551136017e-03 2.730621583759784698e-02 2.245807461440563202e-02 4.242186434566974640e-03 2.957614196930080652e-04 2.396296244114637375e-03 2.266488596796989441e-02
1.630422472953796387e-02 2.562103234231472015e-02 3.839353621006011963e-01 8.798848837614059448e-02 1.562754064798355103e-01 2.831310778856277466e-02 2.768526785075664520e-02 2.382860034704208374e-01 2.120582014322280884e-02 1.722545921802520752e-02 2.543278504163026810e-03 3.002749383449554443e-02 1.569548738189041615e-03 3.637259081006050110e-02 6.758519262075424194e-02 8.802831172943115234e-03 1.297648902982473373e-02 4.564824700355529785e-02 8.077070116996765137e-03 3.824259340763092041e-02 3.451785817742347717e-02 4.814007878303527832e-02 2.705371938645839691e-02 1.670284755527973175e-02 1.990037597715854645e-02 2.298417314887046814e-02 6.414396688342094421e-03 4.414771497249603271e-02 8.688014000654220581e-02 6.902963668107986450e-02 4.085373133420944214e-02 1.369298668578267097e-03 2.312735095620155334e-02 2.992861531674861908e-02 9.989619255065917969e-03 5.312009155750274658e-02 1.057524140924215317e-02 3.979500755667686462e-02 2.259466983377933502e-02 3.660251945257186890e-02 1.016527879983186722e-02 6.815537344664335251e-04 2.557517029345035553e-02 3.126621618866920471e-02 2.274399809539318085e-02 4.596318677067756653e-02 2.695590816438198090e-02 2.820778079330921173e-02 1.570212538354098797e-03 5.675288848578929901e-03 1.803459413349628448e-02 1.880601979792118073e-02 5.029978230595588684e-03 6.324508041143417358e-02 2.659096196293830872e-02 8.182208053767681122e-03 5.265663564205169678e-02 4.248325899243354797e-02 4.479537904262542725e-02 4.427621886134147644e-02 5.731664597988128662e-03 1.143254525959491730e-02 2.050806209444999695e-02 1.756693050265312195e-02 4.081036522984504700e-02 5.886036530137062073e-02 2.337249182164669037e-02 9.219337254762649536e-03 1.797419786453247070e-02 6.180344149470329285e-03 9.091803804039955139e-03 2.089567855000495911e-02 3.101570904254913330e-02 2.142847888171672821e-02 2.566582709550857544e-02 1.861452311277389526e-02 1.105617731809616089e-02 1.444102358072996140e-02 4.274225234985351562e-02 1.612230762839317322e-02 1.898417472839355469e-01 1.016182154417037964e-01 1.379270199686288834e-02 1.755921915173530579e-02 4.905896633863449097e-02 2.708351239562034607e-02 7.557362318038940430e-03 6.435781717300415039e-02 8.887835778295993805e-03 2.608349919319152832e-02 2.358502894639968872e-02 6.878439802676439285e-03 3.713627532124519348e-02 1.544075924903154373e-02 1.006753882393240929e-03 4.753028601408004761e-02 9.296658448874950409e-03 4.071337636560201645e-03 1.463243924081325531e-02 9.811987169086933136e-03 7.084141951054334641e-03 2.002766169607639313e-02 1.167843677103519440e-02 4.886073991656303406e-03 2.207535551860928535e-03 4.528536647558212280e-02 5.527185648679733276e-02 1.071013435721397400e-01 3.039864823222160339e-02 2.524557895958423615e-02 2.430719323456287384e-02 1.458345633000135422e-02 9.503245353698730469e-03 1.542045734822750092e-02 6.652477383613586426e-02 2.904063090682029724e-02
1.637287437915802002e-02 2.120981551706790924e-02 8.798848837614059448e-02 3.954086303710937500e-01 8.911958336830139160e-02 1.264554448425769806e-02 2.216788753867149353e-02 1.643670984776690602e-04 1.823011972010135651e-02 1.383403409272432327e-02 1.189432758837938309e-02 2.179126068949699402e-02 1.028026919811964035e-02 9.323841892182826996e-03 1.429117750376462936e-02 8.742691017687320709e-03 1.645791903138160706e-02 4.869132488965988159e-02 8.506481349468231201e-02 4.003069922327995300e-02 4.802494496107101440e-02 2.334138844162225723e-03 2.669132687151432037e-02 1.563883572816848755e-02 1.701342314481735229e-02 2.034932561218738556e-02 2.373036928474903107e-02 4.024330701213330030e-04 3.303652256727218628e-02 1.536967232823371887e-03 1.157948374748229980e-02 1.677812822163105011e-02 4.493159800767898560e-02 1.144287642091512680e-02 5.772397294640541077e-02 3.377514891326427460e-03 3.744646534323692322e-02 3.896521404385566711e-02 4.600684344768524170e-02 3.431278310017660260e-05 2.317386865615844727e-02 7.783323060721158981e-03 7.340852636843919754e-03 1.340141519904136658e-02 4.626870527863502502e-02 2.052988111972808838e-02 1.791853085160255432e-02 1.476890128105878830e-02 5.531441420316696167e-03 2.275494486093521118e-02 1.458498835563659668e-02 2.225436456501483917e-02 2.920414321124553680e-02 2.961665578186511993e-02 1.903620548546314240e-02 1.001731492578983307e-02 9.698508656583726406e-04 2.413363568484783173e-02 7.874289527535438538e-03 1.035726722329854965e-02 4.281598702073097229e-02 6.007860973477363586e-02 3.836623951792716980e-02 3.095069341361522675e-02 9.894341230392456055e-03 1.757010444998741150e-02 7.417297456413507462e-03 8.001742884516716003e-03 3.850588202476501465e-02 2.412267960608005524e-02 4.014560952782630920e-02 1.509232725948095322e-02 5.304441228508949280e-02 4.307803511619567871e-02 2.489380352199077606e-02 1.514421589672565460e-02 3.013829514384269714e-02 3.362202271819114685e-02 2.232851646840572357e-02 3.121049143373966217e-02 1.885048672556877136e-02 3.684239229187369347e-03 7.132180035114288330e-02 9.553702920675277710e-02 4.550513252615928650e-02 3.027592226862907410e-02 5.580667406320571899e-02 1.739185652695596218e-03 2.348396228626370430e-03 4.212776664644479752e-03 1.718321256339550018e-02 4.541252739727497101e-03 3.644500393420457840e-03 2.877655439078807831e-03 2.492607384920120239e-02 5.650535691529512405e-03 3.732369095087051392e-02 1.471754442900419235e-02 3.542055562138557434e-02 3.079594485461711884e-02 2.096513286232948303e-02 2.174456231296062469e-02 6.999059580266475677e-03 3.698798827826976776e-03 3.222247213125228882e-02 2.800951525568962097e-02 4.363662376999855042e-02 3.412384167313575745e-02 3.817754238843917847e-02 2.893878147006034851e-02 3.675115760415792465e-03 2.501814626157283783e-03 1.494298689067363739e-02 2.693090587854385376e-03 4.497783631086349487e-02 1.571618951857089996e-02
2.662101062014698982e-03 2.057213336229324341e-03 1.562754064798355103e-01 8.911958336830139160e-02 4.014293551445007324e-01 4.671046510338783264e-03 7.815442979335784912e-03 2.828262560069561005e-02 1.910602673888206482e-02 3.606319427490234375e-02 6.063671316951513290e-03 4.712456371635198593e-03 5.183292552828788757e-03 2.477283123880624771e-03 8.982356637716293335e-03 5.643290001899003983e-03 2.375327982008457184e-02 3.444624319672584534e-02 8.130256831645965576e-02 3.916880860924720764e-02 4.723305627703666687e-02 2.249247860163450241e-03 1.855669356882572174e-02 1.401916891336441040e-02 2.650671079754829407e-02 1.141406502574682236e-02 7.928337436169385910e-05 6.570893339812755585e-03 2.672145515680313110e-02 6.005840841680765152e-04 2.707094699144363403e-02 6.050371448509395123e-04 3.490172699093818665e-02 1.145910285413265228e-02 3.645516932010650635e-02 1.863520359620451927e-03 1.329651288688182831e-02 2.339392155408859253e-02 4.338635876774787903e-02 1.575426384806632996e-02 4.337630700320005417e-03 1.197091117501258850e-02 1.041238289326429367e-02 1.619598269462585449e-02 1.642823778092861176e-02 1.720318198204040527e-02 5.093143787235021591e-03 1.419813185930252075e-02 2.251747250556945801e-02 3.443308919668197632e-02 1.701092161238193512e-02 5.256939213722944260e-03 3.894594684243202209e-02 4.854030534625053406e-02 2.270983159542083740e-02 4.599254205822944641e-02 2.358103729784488678e-02 7.906488142907619476e-03 4.173648729920387268e-02 9.389914572238922119e-03 5.555622652173042297e-02 8.401042222976684570e-02 8.709176443517208099e-03 2.307365089654922485e-02 1.435939408838748932e-02 2.887583896517753601e-02 8.535747416317462921e-03 2.348542213439941406e-02 3.175324946641921997e-02 4.201766103506088257e-03 4.224405810236930847e-02 1.925387652590870857e-03 2.744820341467857361e-02 2.649385482072830200e-02 4.184312745928764343e-02 2.882177382707595825e-02 2.329638041555881500e-02 2.759168110787868500e-02 1.615287270396947861e-03 3.444594144821166992e-02 7.034895010292530060e-03 9.722422808408737183e-03 5.377086251974105835e-02 1.121913343667984009e-01 6.186002492904663086e-02 2.016903460025787354e-02 2.648962475359439850e-02 2.526144089642912149e-04 1.880106329917907715e-02 4.045925661921501160e-02 2.702745376154780388e-03 5.929117091000080109e-03 8.086876943707466125e-03 4.714439623057842255e-03 7.424073293805122375e-03 1.352987065911293030e-02 1.796754635870456696e-02 1.913953572511672974e-02 9.439731948077678680e-03 1.249731890857219696e-02 2.858297433704137802e-03 4.167224280536174774e-03 1.049665268510580063e-02 1.633494393900036812e-03 3.075799718499183655e-02 1.555475126951932907e-02 7.111887447535991669e-03 5.607728287577629089e-02 4.050860647112131119e-03 4.390110820531845093e-02 2.522667869925498962e-03 2.687255386263132095e-03 7.131217513233423233e-03 4.912870936095714569e-03 2.661805786192417145e-02 5.908910557627677917e-02
1.023470088839530945e-01 8.292290568351745605e-02 2.831310778856277466e-02 1.264554448425769806e-02 4.671046510338783264e-03 3.917370736598968506e-01 1.178815737366676331e-01 3.742668312042951584e-03 1.035735569894313812e-02 8.626640774309635162e-03 7.051841169595718384e-02 5.375731363892555237e-02 5.362021178007125854e-02 6.967551261186599731e-02 2.614143118262290955e-02 8.414175361394882202e-03 1.550377439707517624e-02 1.798649318516254425e-02 1.901837997138500214e-02 1.417831890285015106e-02 7.698080502450466156e-03 1.287610363215208054e-02 2.796517126262187958e-02 2.541910856962203979e-02 3.627739101648330688e-02 2.714934386312961578e-02 2.634214982390403748e-02 3.284280747175216675e-02 1.379916677251458168e-03 3.259337320923805237e-02 4.161433316767215729e-03 1.790773309767246246e-02 5.756961647421121597e-03 2.120589837431907654e-03 2.472937479615211487e-02 4.357278812676668167e-03 3.138765459880232811e-04 1.966988202184438705e-03 1.919480226933956146e-02 2.496774122118949890e-02 1.283726375550031662e-02 5.010042339563369751e-03 6.093670148402452469e-03 1.936903968453407288e-02 3.677211329340934753e-02 1.064682472497224808e-02 1.263123452663421631e-01 5.702733621001243591e-02 1.211465918458998203e-03 2.552641928195953369e-02 5.385523661971092224e-03 2.509519644081592560e-02 1.364464499056339264e-02 1.479436177760362625e-02 3.181340172886848450e-03 6.845108699053525925e-03 3.815317293629050255e-03 8.320262655615806580e-03 1.821546116843819618e-03 1.766913197934627533e-02 1.216429192572832108e-02 2.267595194280147552e-02 1.679961010813713074e-02 3.543641418218612671e-02 3.534570708870887756e-02 2.454579062759876251e-02 1.422305870801210403e-02 1.078961323946714401e-02 3.389849152881652117e-04 1.223071757704019547e-02 6.316229701042175293e-03 2.709810622036457062e-03 1.200593076646327972e-02 9.906870312988758087e-03 2.132704854011535645e-02 1.196055859327316284e-02 6.940347608178853989e-03 7.179827429354190826e-03 3.749715164303779602e-03 1.170944236218929291e-02 1.518234424293041229e-02 2.423931099474430084e-02 2.447226317599415779e-03 6.482552736997604370e-03 6.867374759167432785e-03 2.317337784916162491e-03 5.603400990366935730e-03 2.135821850970387459e-03 4.608599096536636353e-02 1.937159337103366852e-02 5.281114950776100159e-02 1.626006513833999634e-02 6.023092567920684814e-02 3.095871536061167717e-03 2.968880347907543182e-02 1.290684798732399940e-03 1.848605228587985039e-03 8.920653723180294037e-03 5.607875064015388489e-03 4.484272561967372894e-03 1.103898882865905762e-02 4.655418545007705688e-02 1.578548923134803772e-02 3.931264579296112061e-02 1.531359460204839706e-02 1.602723263204097748e-02 2.124521881341934204e-02 3.606760129332542419e-02 3.580537065863609314e-02 3.846874088048934937e-02 3.230150043964385986e-02 1.984127052128314972e-02 1.603131741285324097e-02 2.240712055936455727e-03 2.854740247130393982e-02 3.871426742989569902e-04
7.178167998790740967e-02 7.350556552410125732e-02 2.768526785075664520e-02 2.216788753867149353e-02 7.815442979335784912e-03 1.178815737366676331e-01 3.966876864433288574e-01 2.302444307133555412e-03 1.413556002080440521e-02 8.728790096938610077e-03 5.567723140120506287e-02 3.979386389255523682e-02 4.363813996315002441e-02 6.765300780534744263e-02 2.281021885573863983e-02 8.464439888484776020e-04 1.043191738426685333e-02 8.789410814642906189e-03 8.067295420914888382e-04 2.247082535177469254e-03 1.065083220601081848e-02 8.234983310103416443e-03 2.982785366475582123e-02 2.784916386008262634e-02 1.436680927872657776e-02 1.765562104992568493e-03 1.151717454195022583e-02 6.601905450224876404e-03 5.338234826922416687e-03 1.883563771843910217e-02 3.733435412868857384e-03 1.015987526625394821e-02 9.118106216192245483e-03 8.429884910583496094e-03 8.023682050406932831e-03 3.093135775998234749e-03 1.826849998906254768e-03 7.419494446367025375e-03 1.889657042920589447e-02 3.280786424875259399e-02 1.033936161547899246e-02 3.913964144885540009e-03 2.551343478262424469e-02 3.202418237924575806e-02 5.424578115344047546e-02 3.466693684458732605e-02 1.136808469891548157e-01 7.338997721672058105e-02 4.728556610643863678e-03 2.473578602075576782e-02 2.602479979395866394e-02 4.187186807394027710e-02 1.635104231536388397e-02 1.359920576214790344e-02 4.966064821928739548e-03 1.200082805007696152e-02 1.037557702511548996e-02 3.620346076786518097e-03 8.390515111386775970e-03 2.259055152535438538e-02 2.306816540658473969e-02 1.289250142872333527e-02 1.951654069125652313e-02 1.012857072055339813e-02 3.166407719254493713e-02 1.890821009874343872e-02 1.014383789151906967e-02 1.100269146263599396e-02 9.702994488179683685e-03 6.711249705404043198e-03 1.311871781945228577e-02 2.729360421653836966e-04 7.700600195676088333e-03 1.080010272562503815e-02 1.636448316276073456e-02 1.792702637612819672e-02 2.133587934076786041e-02 1.640622876584529877e-02 3.891695290803909302e-02 8.863462135195732117e-03 3.247249173000454903e-03 1.509888563305139542e-02 1.085359323769807816e-02 2.179857902228832245e-02 1.202837377786636353e-02 5.088607314974069595e-03 1.146924868226051331e-02 1.279892772436141968e-02 5.079963058233261108e-02 3.111791610717773438e-02 4.818370193243026733e-02 1.096256170421838760e-02 5.791293829679489136e-02 5.712183192372322083e-03 1.627153344452381134e-02 6.629301700741052628e-03 5.585717037320137024e-03 4.851407371461391449e-03 1.897702738642692566e-02 3.508723527193069458e-02 2.777979942038655281e-03 1.561623066663742065e-02 8.019383065402507782e-03 1.811864413321018219e-02 4.321293672546744347e-04 7.140035158954560757e-04 1.651594229042530060e-02 2.735947817564010620e-02 2.044237777590751648e-02 2.158945240080356598e-02 3.212456405162811279e-02 1.849314011633396149e-02 4.642846528440713882e-03 2.270149439573287964e-02 1.139294909080490470e-04 1.193984970450401306e-02
6.308500654995441437e-03 3.876820206642150879e-03 2.382860034704208374e-01 1.643670984776690602e-04 2.828262560069561005e-02 3.742668312042951584e-03 2.302444307133555412e-03 4.198195338249206543e-01 3.753651166334748268e-03 2.450496889650821686e-02 1.781276240944862366e-02 8.227837271988391876e-03 2.626537717878818512e-02 5.330289248377084732e-03 8.473262935876846313e-02 2.405537851154804230e-02 2.073731087148189545e-02 1.929372176527976990e-02 5.590620916336774826e-03 3.050754405558109283e-02 1.940244808793067932e-02 3.445796668529510498e-02 1.144022308290004730e-02 9.037759155035018921e-03 2.977613732218742371e-02 8.427238091826438904e-03 2.669108286499977112e-02 3.565719723701477051e-02 2.524973265826702118e-02 4.763005301356315613e-02 2.255740575492382050e-03 2.702134847640991211e-02 9.204467758536338806e-03 1.113056484609842300e-02 9.753553196787834167e-03 5.862020328640937805e-02 5.725965648889541626e-02 2.697021514177322388e-02 9.982131421566009521e-03 8.338705636560916901e-03 2.134199626743793488e-02 4.660775419324636459e-03 1.977865956723690033e-02 3.347876295447349548e-02 2.030321210622787476e-02 1.144970301538705826e-02 6.266982760280370712e-03 5.158664425835013390e-04 6.558579392731189728e-03 2.454476431012153625e-02 3.535568341612815857e-02 3.972211480140686035e-02 6.134130433201789856e-02 7.804527878761291504e-02 9.489256190136075020e-04 2.693452127277851105e-02 9.517937898635864258e-03 1.966713182628154755e-02 4.120888188481330872e-02 4.601027816534042358e-02 7.952932268381118774e-03 2.847161516547203064e-02 3.175109624862670898e-02 1.968166604638099670e-02 2.043274976313114166e-02 1.317841187119483948e-02 2.348359115421772003e-02 1.297648996114730835e-02 6.172057706862688065e-03 5.044539459049701691e-03 8.540148264728486538e-04 5.856775213032960892e-03 1.490471232682466507e-02 5.467481911182403564e-03 2.167712431401014328e-03 1.719295978546142578e-02 6.347955204546451569e-03 1.104327011853456497e-02 1.188893895596265793e-02 1.261685136705636978e-02 1.131154224276542664e-01 9.074752777814865112e-02 3.702754527330398560e-02 3.176181390881538391e-02 3.665911499410867691e-03 2.459766343235969543e-03 6.781764328479766846e-02 7.689280807971954346e-02 7.575464551337063313e-04 2.382100000977516174e-02 5.737226922065019608e-03 3.205944551154971123e-03 1.131195854395627975e-02 4.641034640371799469e-03 1.881993934512138367e-02 1.178005151450634003e-02 8.104793727397918701e-03 1.246372354216873646e-03 1.250288542360067368e-02 7.333690766245126724e-03 1.886211894452571869e-02 2.668111398816108704e-02 4.035510588437318802e-03 3.757291007786989212e-03 1.370717422105371952e-03 1.901745423674583435e-02 3.425107151269912720e-02 2.257494814693927765e-02 5.029788240790367126e-02 9.292416274547576904e-03 1.120961364358663559e-02 1.777899451553821564e-02 3.337244736030697823e-03 7.097856607288122177e-03 2.295427210628986359e-02 3.361331671476364136e-02
6.673285737633705139e-03 7.495370227843523026e-03 2.120582014322280884e-02 1.823011972010135651e-02 1.910602673888206482e-02 1.035735569894313812e-02 1.413556002080440521e-02 3.753651166334748268e-03 4.311487972736358643e-01 6.124297529458999634e-02 8.388811838813126087e-04 2.553496137261390686e-02 8.787615224719047546e-03 2.146618627011775970e-02 4.909998737275600433e-03 3.740601241588592529e-02 3.389767929911613464e-02 4.755042120814323425e-02 3.997004777193069458e-02 2.868516184389591217e-02 1.057026628404855728e-02 8.653911761939525604e-03 6.229721009731292725e-02 5.307374149560928345e-02 1.364609133452177048e-02 3.691790625452995300e-03 6.450798828154802322e-04 2.024496346712112427e-02 1.350051909685134888e-02 3.744809702038764954e-02 1.003594137728214264e-02 2.541107684373855591e-02 8.377339690923690796e-03 3.412366285920143127e-02 1.847273204475641251e-03 2.138967439532279968e-02 1.200550422072410583e-02 2.031032368540763855e-02 1.576281525194644928e-02 5.064734071493148804e-02 1.357919443398714066e-02 6.411720812320709229e-02 8.652365766465663910e-03 1.766941882669925690e-02 1.719962619245052338e-02 8.917782455682754517e-03 2.802256122231483459e-02 2.034198306500911713e-02 5.759995058178901672e-02 4.817416518926620483e-02 5.153398495167493820e-03 6.779189570806920528e-04 4.103796184062957764e-02 2.326100319623947144e-02 6.641182303428649902e-02 3.631835803389549255e-02 1.827738247811794281e-02 2.812179736793041229e-02 3.200508281588554382e-02 2.218955010175704956e-02 3.039041534066200256e-02 2.381955459713935852e-02 7.600068114697933197e-03 4.787252098321914673e-02 1.599180698394775391e-02 1.407530438154935837e-02 1.544110104441642761e-02 1.932453550398349762e-02 5.112882331013679504e-02 3.440442669671028852e-04 3.683198988437652588e-02 1.550224423408508301e-02 1.783174462616443634e-02 1.446783635765314102e-02 2.192357555031776428e-02 1.372976601123809814e-02 8.591842651367187500e-02 5.252883955836296082e-02 3.771301358938217163e-02 2.522799931466579437e-02 1.293280906975269318e-02 5.061044357717037201e-03 4.109212756156921387e-02 3.533147647976875305e-02 9.405615739524364471e-03 1.758357882499694824e-02 2.266012690961360931e-02 1.148422062397003174e-02 6.905863061547279358e-03 1.506306114606559277e-03 1.381068490445613861e-02 1.441962458193302155e-02 1.566971652209758759e-02 5.440915119834244251e-04 2.404822036623954773e-02 3.195836395025253296e-02 2.698251977562904358e-03 5.121092312037944794e-03 6.502015143632888794e-02 4.723815619945526123e-02 1.049305777996778488e-02 2.807759493589401245e-02 2.550665289163589478e-03 1.733639859594404697e-03 1.873786561191082001e-02 1.597198285162448883e-02 6.725841201841831207e-03 4.582269117236137390e-03 2.980363182723522186e-02 6.315649952739477158e-03 5.321819335222244263e-04 2.173886634409427643e-02 8.807357400655746460e-03 1.118792779743671417e-02 1.219067908823490143e-02 1.367480400949716568e-02
1.936183311045169830e-03 3.245972329750657082e-04 1.722545921802520752e-02 1.383403409272432327e-02 3.606319427490234375e-02 8.626640774309635162e-03 8.728790096938610077e-03 2.450496889650821686e-02 6.124297529458999634e-02 4.441408812999725342e-01 1.249267021194100380e-03 3.069343045353889465e-02 9.904723614454269409e-03 3.144271299242973328e-02 2.971743047237396240e-02 4.850975796580314636e-02 4.906092211604118347e-02 5.136467516422271729e-02 6.297543644905090332e-02 1.344972569495439529e-02 1.463140081614255905e-02 1.264860015362501144e-02 4.493853077292442322e-02 5.807957425713539124e-02 1.180622028186917305e-03 1.100280042737722397e-02 2.386912005022168159e-03 9.409112390130758286e-04 2.164445904782041907e-04 9.124465286731719971e-03 3.072460414841771126e-03 1.226999796926975250e-02 2.281387336552143097e-02 2.220348827540874481e-02 3.950471058487892151e-02 1.200027856975793839e-02 1.695054583251476288e-02 2.473483979701995850e-02 9.996866720030084252e-05 3.515443997457623482e-03 3.134264424443244934e-02 2.193314023315906525e-02 3.150613605976104736e-02 2.390200644731521606e-02 2.570567280054092407e-02 2.329642139375209808e-02 4.763206001371145248e-03 1.967914588749408722e-02 4.646610096096992493e-02 7.603168487548828125e-02 9.938693605363368988e-03 1.955819502472877502e-02 2.777939848601818085e-02 4.691798239946365356e-02 4.362654313445091248e-02 6.983862817287445068e-02 2.434750832617282867e-02 2.216290310025215149e-02 2.168712578713893890e-02 1.686377264559268951e-02 3.141066059470176697e-02 5.162005871534347534e-02 6.780495494604110718e-02 8.359201252460479736e-02 3.644891455769538879e-02 2.422045730054378510e-02 1.325950212776660919e-02 3.403619676828384399e-02 5.327623337507247925e-02 3.549708053469657898e-02 5.855168029665946960e-02 2.034079469740390778e-02 2.046617120504379272e-02 2.279048785567283630e-02 3.713095560669898987e-02 1.421834714710712433e-02 4.692637175321578979e-02 7.473077625036239624e-02 4.340502433478832245e-03 6.255361437797546387e-02 2.279004082083702087e-02 4.206155426800251007e-03 4.105743393301963806e-02 7.084118574857711792e-02 2.484133467078208923e-03 2.429619804024696350e-02 4.644951224327087402e-02 4.491226375102996826e-02 1.005888916552066803e-02 5.930146202445030212e-02 6.749956402927637100e-03 3.037738380953669548e-03 1.586485467851161957e-02 8.084976114332675934e-03 2.310087718069553375e-02 2.298177219927310944e-02 1.705421879887580872e-02 3.243053331971168518e-03 2.830413542687892914e-02 1.896049454808235168e-02 1.988058444112539291e-03 4.700264253187924623e-04 5.659138318151235580e-03 6.436577066779136658e-03 3.432551398873329163e-02 2.302898094058036804e-02 2.491753082722425461e-03 3.456431254744529724e-02 1.231986843049526215e-02 5.897628609091043472e-03 1.110187266021966934e-02 2.107277745380997658e-03 6.643792614340782166e-03 1.300373207777738571e-02 1.781836338341236115e-02 8.864389732480049133e-03
8.349281549453735352e-02 8.751609176397323608e-02 2.543278504163026810e-03 1.189432758837938309e-02 6.063671316951513290e-03 7.051841169595718384e-02 5.567723140120506287e-02 1.781276240944862366e-02 8.388811838813126087e-04 1.249267021194100380e-03 4.041996896266937256e-01 7.867899723351001740e-03 9.633141756057739258e-02 3.400014713406562805e-03 2.498305030167102814e-02 2.190789394080638885e-02 1.207024417817592621e-02 8.761074393987655640e-03 4.445026069879531860e-02 3.793806210160255432e-02 6.519089639186859131e-02 4.619603604078292847e-02 5.117992870509624481e-03 2.601997228339314461e-03 2.330575883388519287e-02 4.293554276227951050e-02 9.299817495048046112e-03 1.846825145184993744e-02 3.279278054833412170e-02 1.744944974780082703e-02 5.399215966463088989e-02 1.827814802527427673e-02 5.543950479477643967e-03 3.416535258293151855e-02 2.204594202339649200e-02 3.650186210870742798e-02 3.514011949300765991e-02 1.092689018696546555e-02 9.902799502015113831e-03 2.148387022316455841e-02 9.977022185921669006e-03 1.268138922750949860e-02 8.477504365146160126e-03 1.035262923687696457e-02 2.106883795931935310e-03 1.183114480227231979e-02 5.138927698135375977e-02 3.985736891627311707e-02 6.278992630541324615e-03 1.975403167307376862e-02 1.472058589570224285e-03 1.721726916730403900e-02 3.563258796930313110e-02 2.076928317546844482e-02 1.408084877766668797e-03 2.150954678654670715e-02 2.725360915064811707e-02 2.546192554291337729e-04 4.201332479715347290e-02 3.648911416530609131e-02 2.781109884381294250e-03 1.420641969889402390e-02 2.463273890316486359e-02 6.600165367126464844e-02 4.369122162461280823e-02 5.676991492509841919e-02 2.026162110269069672e-02 3.267543390393257141e-02 1.028853189200162888e-02 8.976642973721027374e-03 4.759036470204591751e-03 1.502597238868474960e-02 2.018437162041664124e-02 2.083977451547980309e-03 1.807489804923534393e-02 8.400185965001583099e-03 4.112916067242622375e-03 8.886881172657012939e-03 1.543096918612718582e-02 1.378290913999080658e-02 1.274308841675519943e-02 2.787783555686473846e-02 1.016185525804758072e-02 2.351627498865127563e-02 5.167780909687280655e-03 3.674089442938566208e-03 3.846806287765502930e-02 4.603671282529830933e-02 1.700078323483467102e-02 2.427893318235874176e-02 2.304880879819393158e-02 3.012027963995933533e-02 3.788215667009353638e-02 3.743387386202812195e-02 3.617130592465400696e-02 3.232516720890998840e-02 2.956345444545149803e-03 1.346153486520051956e-02 1.019943389110267162e-03 1.144758798182010651e-02 7.325933780521154404e-03 8.324209600687026978e-03 1.088424120098352432e-02 2.017142809927463531e-02 1.044845324940979481e-03 6.558476015925407410e-04 5.373827647417783737e-03 2.472505718469619751e-02 1.901093311607837677e-02 6.494669243693351746e-03 1.554160565137863159e-02 1.718565635383129120e-02 8.163291029632091522e-03 6.852915510535240173e-03 6.490143481642007828e-03 7.351290900260210037e-03
6.890057586133480072e-03 1.167480368167161942e-02 3.002749383449554443e-02 2.179126068949699402e-02 4.712456371635198593e-03 5.375731363892555237e-02 3.979386389255523682e-02 8.227837271988391876e-03 2.553496137261390686e-02 3.069343045353889465e-02 7.867899723351001740e-03 4.106500744819641113e-01 4.763658216688781977e-04 1.203034147620201111e-01 8.942903019487857819e-03 1.905627362430095673e-02 2.067254297435283661e-02 3.045627288520336151e-02 1.481754519045352936e-02 2.949104271829128265e-02 3.839559853076934814e-02 6.005424074828624725e-03 6.493552029132843018e-02 5.922404676675796509e-02 4.746382683515548706e-02 6.017753109335899353e-02 1.015723031014204025e-02 1.143004223704338074e-01 1.144603639841079712e-02 1.025683209300041199e-01 3.217486198991537094e-03 1.478948350995779037e-02 2.969768363982439041e-03 1.141989603638648987e-02 1.596321910619735718e-02 1.761709805577993393e-03 6.426913663744926453e-03 8.662492036819458008e-03 8.279200643301010132e-03 1.406053081154823303e-02 2.918389393016695976e-03 1.840509474277496338e-02 2.153211273252964020e-03 4.602127894759178162e-02 3.583734109997749329e-02 1.630896329879760742e-02 5.506208539009094238e-02 2.092159539461135864e-02 9.431327343918383121e-04 7.138969376683235168e-03 3.375978395342826843e-02 4.245860874652862549e-02 1.897733658552169800e-02 3.542394191026687622e-02 2.713482128456234932e-03 3.698966652154922485e-02 3.639731928706169128e-02 3.157553076744079590e-02 7.330304011702537537e-03 3.140400722622871399e-02 1.571625121869146824e-03 6.624655798077583313e-03 2.305589616298675537e-02 3.337035700678825378e-02 3.998259489890187979e-04 2.708273008465766907e-02 2.526179887354373932e-02 3.725556656718254089e-02 3.537605982273817062e-03 1.608750224113464355e-02 1.675565727055072784e-02 1.388290897011756897e-02 1.413672603666782379e-02 1.666490337811410427e-03 1.971404254436492920e-02 1.348891109228134155e-02 2.667301520705223083e-02 2.855081483721733093e-02 2.978496998548507690e-02 1.943167671561241150e-02 5.274324212223291397e-03 3.284482518211007118e-03 3.917122259736061096e-02 2.308320067822933197e-02 1.285880338400602341e-02 3.698392584919929504e-02 5.980295594781637192e-03 1.827750355005264282e-02 8.901543915271759033e-02 5.995608493685722351e-02 3.264177218079566956e-02 6.757198716513812542e-04 1.988912373781204224e-02 8.934582583606243134e-03 1.069921534508466721e-02 1.006688084453344345e-02 2.199530135840177536e-03 5.748609546571969986e-03 1.359720528125762939e-02 5.118424072861671448e-03 1.642525009810924530e-02 2.332829637452960014e-03 5.001645069569349289e-03 1.321947574615478516e-02 6.174235139042139053e-03 1.967725576832890511e-03 1.253255759365856647e-03 2.000249736011028290e-02 9.522835724055767059e-03 2.506014145910739899e-02 2.032276988029479980e-02 2.242548763751983643e-02 4.737257957458496094e-03 7.974772714078426361e-03 2.357265353202819824e-02 4.367477726191282272e-03
5.827745795249938965e-02 7.341141998767852783e-02 1.569548738189041615e-03 1.028026919811964035e-02 5.183292552828788757e-03 5.362021178007125854e-02 4.363813996315002441e-02 2.626537717878818512e-02 8.787615224719047546e-03 9.904723614454269409e-03 9.633141756057739258e-02 4.763658216688781977e-04 4.008475840091705322e-01 1.065657008439302444e-02 3.322472795844078064e-02 1.989478617906570435e-02 4.283842165023088455e-03 1.578008756041526794e-02 4.513846710324287415e-02 3.192675858736038208e-02 3.814941272139549255e-02 4.429599270224571228e-02 3.272249596193432808e-03 5.529741756618022919e-03 8.288271725177764893e-03 3.000885620713233948e-02 4.279118031263351440e-03 2.496615983545780182e-02 3.521640226244926453e-02 3.036437556147575378e-02 4.452381655573844910e-02 6.668528541922569275e-03 2.864880487322807312e-03 2.983963117003440857e-02 1.088839489966630936e-02 3.580801934003829956e-02 4.425786435604095459e-02 8.974782191216945648e-03 5.770689342170953751e-03 2.478220127522945404e-02 4.293381934985518456e-04 6.141071673482656479e-03 9.885763283818960190e-04 4.481292795389890671e-03 6.187069229781627655e-03 2.572008594870567322e-02 2.920481562614440918e-02 5.051642283797264099e-02 6.222737953066825867e-03 1.518701389431953430e-02 1.957153901457786560e-03 1.459722686558961868e-02 2.390996553003787994e-02 1.541368849575519562e-02 5.830547306686639786e-04 2.860134467482566833e-02 2.816191129386425018e-02 1.746455393731594086e-02 3.263504058122634888e-02 3.491767495870590210e-02 1.663633249700069427e-02 1.117615867406129837e-02 1.866099610924720764e-02 4.463625699281692505e-02 3.272876888513565063e-02 5.827188864350318909e-02 7.541255559772253036e-03 1.756319962441921234e-02 1.502884179353713989e-02 1.996943913400173187e-02 5.612420383840799332e-03 2.522493526339530945e-02 3.511592745780944824e-02 3.350295301061123610e-04 1.286423765122890472e-02 2.267304062843322754e-02 5.768010858446359634e-03 3.728764830157160759e-03 9.461402893066406250e-03 3.769065253436565399e-03 9.915351867675781250e-03 4.346015676856040955e-02 2.228510938584804535e-02 1.826234906911849976e-02 1.518874429166316986e-02 1.059191580861806870e-02 2.705079689621925354e-02 4.513777419924736023e-02 2.626429684460163116e-02 1.915787346661090851e-02 1.070007495582103729e-02 1.497240364551544189e-02 4.458462819457054138e-02 4.254723340272903442e-02 2.336331829428672791e-02 3.788878768682479858e-02 2.264523645862936974e-03 2.924969978630542755e-02 6.803554017096757889e-03 2.090902999043464661e-02 2.310054609552025795e-03 3.088083583861589432e-03 1.300977449864149094e-02 3.451949730515480042e-02 2.535263542085886002e-03 2.324429573491215706e-03 1.033912133425474167e-02 1.428696699440479279e-02 8.306658826768398285e-03 6.028761854395270348e-04 2.772093517705798149e-03 1.974229700863361359e-02 5.808350630104541779e-03 1.450778916478157043e-02 2.630420960485935211e-02 3.844832628965377808e-02
