1.668868772685527802e-02 2.282352298498153687e-01 2.825452573597431183e-02 2.541156858205795288e-02 2.172654680907726288e-02 2.280257791280746460e-01 6.663762032985687256e-02 3.910081833600997925e-02 5.767249967902898788e-03 8.345635724253952503e-04 2.072161138057708740e-01 5.431148037314414978e-02 8.871811628341674805e-02 6.912981718778610229e-02 3.137555345892906189e-02 2.236713096499443054e-02 1.185812428593635559e-02 4.027877002954483032e-02 4.049449041485786438e-02 2.868571318686008453e-02 2.974756062030792236e-02 2.395883016288280487e-02 4.213145934045314789e-03 1.173978205770254135e-02 3.593871369957923889e-02 2.260735258460044861e-02 4.876343905925750732e-02 3.551186621189117432e-02 3.616325557231903076e-02 5.411738064140081406e-03 8.264342695474624634e-02 2.205734699964523315e-02 5.265396460890769958e-02 1.533309742808341980e-02 7.104238867759704590e-02 3.128651157021522522e-02 1.312500704079866409e-02 1.906535215675830841e-02 2.086229622364044189e-02 2.984774298965930939e-02 5.841395258903503418e-02 4.562156647443771362e-02 5.415388196706771851e-02 4.611553624272346497e-02 5.684292316436767578e-02 3.274172544479370117e-02 7.996612042188644409e-02 2.133218757808208466e-02 1.348970551043748856e-02 6.860084831714630127e-02 6.241590529680252075e-02 5.321017652750015259e-02 2.911921590566635132e-03 3.228650428354740143e-03 2.338185720145702362e-02 7.184231281280517578e-02 5.011033639311790466e-02 6.381295621395111084e-02 1.919878832995891571e-02 4.114834591746330261e-02 5.678747966885566711e-02 1.537936273962259293e-02 2.249478828161954880e-03 1.401013345457613468e-03 4.124103114008903503e-02 6.044809147715568542e-02 9.291649796068668365e-03 6.627100054174661636e-03 3.039640840142965317e-03 5.144923925399780273e-02 2.038833918049931526e-03 3.341659205034375191e-03 2.095128968358039856e-02 4.336118698120117188e-02 3.140740841627120972e-02 2.728082984685897827e-02 8.184468001127243042e-02 2.351727895438671112e-02 5.001068487763404846e-02 3.096918016672134399e-02 2.018920518457889557e-02 3.023970313370227814e-02 3.842148557305335999e-02 1.025116816163063049e-01 3.087367489933967590e-02 1.424714922904968262e-01 5.894497968256473541e-03 3.468958660960197449e-02 2.896802732720971107e-03 3.083176538348197937e-02 6.938150525093078613e-02 8.099633455276489258e-02 1.005126312375068665e-01 1.963710971176624298e-02 3.836774500086903572e-03 3.949116542935371399e-02 2.158578112721443176e-02 5.378467962145805359e-03 2.416664548218250275e-02 1.762468181550502777e-02 3.281201049685478210e-02 1.531907916069030762e-02 1.628192514181137085e-02 4.497957602143287659e-02 4.561005160212516785e-03 3.728071227669715881e-02 1.976150274276733398e-02 5.339239165186882019e-02 1.088055036962032318e-02 3.154264017939567566e-02 1.411489676684141159e-02 8.559477515518665314e-03 4.980932921171188354e-02 4.866549000144004822e-02 8.116957731544971466e-03 2.267373056383803487e-04
2.282352298498153687e-01 2.947514131665229797e-02 6.353419739753007889e-03 1.637697592377662659e-02 2.937261760234832764e-02 1.857196241617202759e-01 1.870396435260772705e-01 2.840383909642696381e-02 5.147915706038475037e-02 6.276941858232021332e-03 7.049325108528137207e-02 3.172652423381805420e-02 2.067584395408630371e-01 7.711125072091817856e-03 3.974696993827819824e-02 8.664342761039733887e-02 5.032768845558166504e-02 2.870643138885498047e-02 4.951891303062438965e-02 2.797719463706016541e-02 7.640582323074340820e-02 8.866282552480697632e-02 3.059931914322078228e-04 1.502383593469858170e-02 1.200526114553213120e-02 3.658195585012435913e-02 8.798523247241973877e-02 1.147058792412281036e-02 6.712890416383743286e-02 1.263027917593717575e-02 4.431559517979621887e-02 6.267430726438760757e-03 1.305511780083179474e-02 3.298367187380790710e-02 1.696821674704551697e-02 1.081389561295509338e-01 9.897205978631973267e-02 2.003315649926662445e-02 3.945806622505187988e-02 4.418585449457168579e-02 1.719240390229970217e-04 6.296929437667131424e-03 2.287016995251178741e-02 2.616667188704013824e-02 2.496875263750553131e-02 4.270395264029502869e-03 8.151984959840774536e-02 4.279871657490730286e-02 4.865789413452148438e-02 8.896203339099884033e-02 1.598658272996544838e-03 5.887759383767843246e-03 3.286267444491386414e-02 7.603895664215087891e-02 2.579097822308540344e-02 7.554963231086730957e-03 3.667901828885078430e-02 2.106255665421485901e-02 1.811667531728744507e-02 7.987573742866516113e-02 5.227191746234893799e-02 1.374561898410320282e-02 3.181540220975875854e-02 5.998102575540542603e-02 1.914942753501236439e-03 3.797072172164916992e-02 1.177477650344371796e-02 3.260163962841033936e-02 9.545825421810150146e-03 3.836039081215858459e-02 5.172609165310859680e-02 1.949442550539970398e-03 5.456100217998027802e-03 2.172197401523590088e-02 6.298596411943435669e-02 2.899111248552799225e-02 2.170660765841603279e-03 4.396725073456764221e-02 1.151306740939617157e-02 2.540129423141479492e-02 3.996381163597106934e-02 4.187450557947158813e-02 2.939416468143463135e-02 7.410872727632522583e-02 2.012309990823268890e-02 5.750258639454841614e-02 3.124834969639778137e-02 3.130326513200998306e-03 2.683352120220661163e-02 3.813400864601135254e-02 5.914917960762977600e-02 7.064459472894668579e-02 5.903373286128044128e-02 8.076062798500061035e-02 3.062612377107143402e-02 6.299615651369094849e-02 5.226595327258110046e-03 1.088031101971864700e-02 1.063931384123861790e-03 1.193624921143054962e-02 4.952963814139366150e-02 5.876371636986732483e-02 3.637835755944252014e-02 2.048099413514137268e-03 2.502864692360162735e-03 4.074337333440780640e-02 3.448935970664024353e-02 5.498795583844184875e-02 1.704740338027477264e-02 3.760907426476478577e-02 5.990697443485260010e-02 1.651349104940891266e-02 1.460466347634792328e-02 4.172348976135253906e-02 4.487641900777816772e-02 2.220035344362258911e-02
2.825452573597431183e-02 6.353419739753007889e-03 3.220344707369804382e-02 5.773106589913368225e-03 3.769963234663009644e-02 4.940234869718551636e-02 1.022274512797594070e-02 2.672986090183258057e-01 6.200737133622169495e-02 1.168934106826782227e-01 4.623399302363395691e-02 9.123927913606166840e-03 1.521876198239624500e-03 5.733695626258850098e-02 5.839162692427635193e-02 2.418431267142295837e-02 9.468803182244300842e-05 2.381828986108303070e-02 3.966273739933967590e-02 1.418337196810171008e-04 3.505974262952804565e-02 6.318482756614685059e-02 1.240049581974744797e-02 3.341362997889518738e-02 5.900020524859428406e-02 4.957479238510131836e-02 6.091734394431114197e-03 2.228825725615024567e-02 5.248004570603370667e-02 1.326798740774393082e-02 3.756604343652725220e-02 4.898599535226821899e-02 4.080359637737274170e-02 5.171355977654457092e-02 6.251473724842071533e-02 3.620612993836402893e-02 2.573559433221817017e-02 1.175857381895184517e-03 3.747607767581939697e-02 4.695035144686698914e-02 2.263495512306690216e-02 3.218055516481399536e-02 3.051590360701084137e-02 1.454186439514160156e-01 5.532396212220191956e-02 4.089348763227462769e-02 4.341027885675430298e-02 3.549647331237792969e-02 4.457485675811767578e-02 1.522411033511161804e-02 3.755744919180870056e-02 1.571497321128845215e-02 3.982297331094741821e-02 2.109649963676929474e-02 2.778116613626480103e-02 1.905100606381893158e-02 2.319600619375705719e-02 1.796487905085086823e-02 5.700645595788955688e-02 1.566445827484130859e-02 1.015192922204732895e-02 2.782985381782054901e-02 2.299271337687969208e-02 1.628754474222660065e-02 5.110419914126396179e-02 1.113065928220748901e-01 6.064878776669502258e-02 4.165142308920621872e-04 1.410893350839614868e-02 2.176524326205253601e-02 7.411811966449022293e-03 1.356332655996084213e-02 2.738671749830245972e-02 5.459838360548019409e-02 4.690295457839965820e-02 1.168866269290447235e-02 5.519798398017883301e-02 8.790409192442893982e-03 2.376608923077583313e-02 8.957345969974994659e-03 2.748470008373260498e-01 1.559174656867980957e-01 2.684198692440986633e-02 6.035609543323516846e-02 7.015486061573028564e-02 9.437627159059047699e-03 1.303962916135787964e-01 8.318445831537246704e-02 4.386776592582464218e-03 1.902365870773792267e-02 1.300959289073944092e-02 4.301243275403976440e-02 8.266273885965347290e-03 1.871318183839321136e-02 7.930742576718330383e-03 7.620609831064939499e-04 7.234802842140197754e-02 8.240775018930435181e-02 7.040182128548622131e-03 8.634660392999649048e-03 2.438846416771411896e-02 3.591113165020942688e-02 8.016273379325866699e-03 1.268914993852376938e-02 4.157825559377670288e-02 6.326647847890853882e-02 4.388185963034629822e-02 2.890557795763015747e-02 1.654562167823314667e-02 7.112798094749450684e-02 4.217092320322990417e-02 3.789578378200531006e-02 3.016632515937089920e-03 1.205576136708259583e-01 1.629276946187019348e-02 3.384904190897941589e-02
2.541156858205795288e-02 1.637697592377662659e-02 5.773106589913368225e-03 3.076259745284914970e-03 1.660478264093399048e-01 1.041597686707973480e-02 5.755566991865634918e-03 1.940941996872425079e-02 1.781008322723209858e-03 6.366845965385437012e-02 3.655909746885299683e-02 1.838949508965015411e-02 5.297620221972465515e-02 6.459335796535015106e-03 2.292445488274097443e-02 7.915234193205833435e-03 1.259030215442180634e-02 1.703006029129028320e-02 4.096942022442817688e-02 7.408010959625244141e-02 4.921883344650268555e-02 5.168529972434043884e-02 2.584086917340755463e-02 4.496505111455917358e-02 1.319678872823715210e-02 1.709356158971786499e-02 2.776256762444972992e-03 5.355949979275465012e-03 1.773422583937644958e-02 5.229543894529342651e-03 5.024100095033645630e-02 2.359007485210895538e-02 2.086026966571807861e-02 1.120439618825912476e-01 6.183276884257793427e-03 4.229259863495826721e-02 5.135459825396537781e-03 2.280884049832820892e-02 1.324194967746734619e-01 6.865400075912475586e-02 2.006536722183227539e-02 1.170563232153654099e-02 5.623526871204376221e-02 4.000801965594291687e-02 3.385201096534729004e-02 4.640414193272590637e-02 2.292569959536194801e-03 6.643043458461761475e-02 3.684153780341148376e-02 3.583731502294540405e-02 1.594943180680274963e-02 7.585726212710142136e-03 3.076347522437572479e-02 5.173610523343086243e-02 5.143924430012702942e-02 3.150267899036407471e-02 2.943011932075023651e-02 6.865356862545013428e-02 4.563108459115028381e-02 2.685684477910399437e-03 4.733423888683319092e-02 2.629668451845645905e-02 3.018667735159397125e-02 9.633315494284033775e-04 4.210321605205535889e-02 2.777818962931632996e-02 1.569317094981670380e-02 1.108336262404918671e-02 3.517181426286697388e-02 6.252056336961686611e-04 4.147979617118835449e-02 1.148055586963891983e-02 2.987580001354217529e-01 3.077463060617446899e-02 2.071290761232376099e-01 5.997911095619201660e-03 1.140683889389038086e-02 1.191318500787019730e-02 4.931176081299781799e-02 1.076413169503211975e-01 2.354692108929157257e-02 2.254358958452939987e-03 1.036781594157218933e-01 3.728798404335975647e-02 1.737843453884124756e-02 7.186162471771240234e-02 2.294165082275867462e-02 3.518073260784149170e-02 6.377441342920064926e-03 8.196955919265747070e-02 8.607389405369758606e-03 1.081268768757581711e-02 2.031038701534271240e-02 5.020280554890632629e-02 7.430877070873975754e-03 5.450957454741001129e-03 1.026075985282659531e-02 2.828753925859928131e-02 1.047517918050289154e-02 1.910262508317828178e-03 1.608375832438468933e-02 3.236403316259384155e-02 1.817703829146921635e-03 2.101385965943336487e-02 2.780770324170589447e-02 3.314313292503356934e-02 8.737758616916835308e-04 1.020743045955896378e-03 3.647163510322570801e-02 4.239483922719955444e-02 1.080766413360834122e-02 6.247969809919595718e-03 4.184948280453681946e-03 1.912852376699447632e-02 6.094678770750761032e-03 2.278940752148628235e-02
2.172654680907726288e-02 2.937261760234832764e-02 3.769963234663009644e-02 1.660478264093399048e-01 5.906857550144195557e-03 2.068867906928062439e-02 1.889212056994438171e-02 1.795028150081634521e-02 2.630758844316005707e-02 2.400543354451656342e-02 5.034624040126800537e-02 4.377714172005653381e-02 3.177827969193458557e-02 3.528058528900146484e-02 9.898941032588481903e-03 9.685567766427993774e-02 2.635901328176259995e-03 3.284103795886039734e-02 1.316777151077985764e-02 3.755541518330574036e-02 5.866779014468193054e-02 4.541444778442382812e-02 3.260961547493934631e-02 7.155175320804119110e-03 2.853982895612716675e-02 5.011927336454391479e-02 1.499289367347955704e-02 2.358617633581161499e-02 1.440006494522094727e-02 5.179005861282348633e-02 2.481466159224510193e-02 7.183659821748733521e-02 1.848793402314186096e-02 9.381245076656341553e-02 5.300699919462203979e-02 3.973135352134704590e-02 2.934522181749343872e-02 3.705740720033645630e-02 1.381769180297851562e-01 9.482172131538391113e-02 5.412383005023002625e-02 5.499342828989028931e-02 4.223640635609626770e-02 3.962130472064018250e-02 1.842049695551395416e-02 5.041937530040740967e-02 3.140293806791305542e-02 1.556374598294496536e-02 3.142280876636505127e-02 3.655970469117164612e-02 5.032164044678211212e-03 2.922729589045047760e-02 4.725016653537750244e-02 6.541547924280166626e-02 4.941843077540397644e-02 4.320639744400978088e-02 1.341337058693170547e-02 5.616150796413421631e-02 1.060784310102462769e-01 2.602392993867397308e-02 3.623533621430397034e-02 7.607545703649520874e-03 2.014399319887161255e-02 6.192056462168693542e-02 3.864401206374168396e-02 2.273253165185451508e-02 8.860716596245765686e-03 4.609448835253715515e-03 1.537744887173175812e-03 2.543842606246471405e-02 8.161591738462448120e-02 5.055544525384902954e-02 1.637749969959259033e-01 1.747581735253334045e-02 1.895729601383209229e-01 7.384999841451644897e-02 1.953503582626581192e-03 2.355735749006271362e-03 1.317927055060863495e-02 1.799856685101985931e-02 9.174095466732978821e-03 4.177712276577949524e-02 2.559822611510753632e-02 1.433184295892715454e-01 2.977496199309825897e-02 7.526060938835144043e-02 1.461350242607295513e-03 1.971490308642387390e-02 1.821987330913543701e-02 4.270681366324424744e-02 3.237921744585037231e-03 4.715424776077270508e-02 3.988421987742185593e-03 4.037902504205703735e-02 5.958491936326026917e-02 1.434242874383926392e-01 1.276815775781869888e-02 1.658077538013458252e-02 2.971288189291954041e-02 3.673639148473739624e-02 5.148272588849067688e-02 4.736147820949554443e-02 4.434691369533538818e-02 4.040546342730522156e-02 5.184163339436054230e-03 9.573538787662982941e-03 7.757839560508728027e-02 2.387882582843303680e-02 3.907002881169319153e-02 4.378456249833106995e-02 2.508496306836605072e-02 4.019189625978469849e-03 6.956197321414947510e-02 1.650900207459926605e-02 1.611215248703956604e-02 3.259755671024322510e-02
2.280257791280746460e-01 1.857196241617202759e-01 4.940234869718551636e-02 1.041597686707973480e-02 2.068867906928062439e-02 8.599182218313217163e-02 2.454075366258621216e-01 6.262958049774169922e-02 2.023615129292011261e-02 3.561126068234443665e-02 6.284898519515991211e-02 2.596215531229972839e-02 1.304030865430831909e-01 2.569260261952877045e-02 4.196697473526000977e-02 4.651798680424690247e-02 3.513576835393905640e-02 5.151995271444320679e-02 1.621121307834982872e-03 1.537456922233104706e-02 1.345989108085632324e-02 4.011856764554977417e-02 2.346816658973693848e-02 1.246871612966060638e-02 1.033348217606544495e-02 1.221342571079730988e-02 3.270979598164558411e-02 3.640906512737274170e-02 7.425521314144134521e-02 4.594826139509677887e-03 1.053976174443960190e-02 1.227993518114089966e-02 4.817423596978187561e-02 5.236426740884780884e-02 2.724037133157253265e-02 1.381719578057527542e-02 2.052023634314537048e-02 1.870794966816902161e-02 1.484713237732648849e-02 8.204262703657150269e-02 5.303857102990150452e-02 6.702352315187454224e-02 1.268540881574153900e-02 1.129681318998336792e-01 3.287177160382270813e-02 9.698713198304176331e-03 2.896383106708526611e-01 1.654714904725551605e-02 5.980510637164115906e-02 5.376868322491645813e-02 2.091593667864799500e-02 2.184125036001205444e-02 1.944101974368095398e-02 6.089149508625268936e-03 2.321076951920986176e-02 3.723721718415617943e-03 4.306961596012115479e-02 2.897735871374607086e-02 5.367045477032661438e-02 4.931832849979400635e-02 1.084825024008750916e-03 9.200966916978359222e-03 1.364678423851728439e-02 1.096644066274166107e-02 1.685551553964614868e-02 3.875858709216117859e-02 2.029699645936489105e-02 1.657258160412311554e-02 5.102428793907165527e-02 2.999804727733135223e-02 4.318349063396453857e-02 5.930286645889282227e-02 7.410682737827301025e-02 3.447569534182548523e-02 5.621442943811416626e-02 3.008228167891502380e-02 5.381825566291809082e-02 2.712819352746009827e-02 3.512646630406379700e-02 4.079553857445716858e-02 1.607772894203662872e-02 2.547159045934677124e-02 3.592594712972640991e-02 8.283472806215286255e-02 3.997616097331047058e-02 6.448838114738464355e-02 2.354970201849937439e-02 6.761289667338132858e-03 2.170899324119091034e-02 4.042725265026092529e-02 5.039094015955924988e-02 4.729563370347023010e-02 6.533871591091156006e-02 7.291360199451446533e-02 4.325094074010848999e-02 4.171625711023807526e-03 5.924319848418235779e-03 4.662636667490005493e-03 3.134632017463445663e-03 1.199736818671226501e-02 1.312173809856176376e-02 5.203108862042427063e-02 5.804393906146287918e-03 2.121164463460445404e-02 2.276553772389888763e-02 1.233226340264081955e-02 1.208382286131381989e-02 8.703884668648242950e-03 9.519243612885475159e-03 4.782246425747871399e-02 2.985163591802120209e-02 1.930834725499153137e-02 3.054625540971755981e-02 1.627455465495586395e-02 3.857652656733989716e-03 1.471509411931037903e-02
6.663762032985687256e-02 1.870396435260772705e-01 1.022274512797594070e-02 5.755566991865634918e-03 1.889212056994438171e-02 2.454075366258621216e-01 5.182789266109466553e-02 2.685104683041572571e-02 1.695189625024795532e-02 8.852103725075721741e-03 6.747212260961532593e-02 4.805899880011565983e-05 1.533754169940948486e-01 5.268390290439128876e-03 6.763846613466739655e-03 4.952108114957809448e-02 5.496270209550857544e-02 4.115878138691186905e-03 8.307931944727897644e-03 2.907093800604343414e-02 1.339745987206697464e-02 4.466249421238899231e-02 6.136328913271427155e-03 3.080058656632900238e-02 1.611384004354476929e-02 2.817704528570175171e-02 7.460039854049682617e-02 5.196173489093780518e-02 4.136118222959339619e-04 6.309460848569869995e-02 6.028212234377861023e-02 2.091422863304615021e-02 3.425996378064155579e-02 1.245749834924936295e-02 9.512607753276824951e-02 3.193716332316398621e-02 2.217629551887512207e-02 5.661451071500778198e-02 3.373759612441062927e-02 1.076871380209922791e-01 8.686838671565055847e-03 3.076187521219253540e-02 5.765961110591888428e-02 9.552359580993652344e-02 6.456785835325717926e-03 5.967134982347488403e-02 2.041713148355484009e-01 2.599421441555023193e-01 5.291629210114479065e-02 1.630994118750095367e-02 4.396972805261611938e-02 1.056052651256322861e-02 1.436931081116199493e-03 1.762006082572042942e-03 5.290335044264793396e-02 4.455655068159103394e-02 3.537331148982048035e-02 5.917991977185010910e-03 2.504529431462287903e-02 5.584996938705444336e-02 1.926600188016891479e-02 7.048077881336212158e-03 8.553786203265190125e-03 4.426769539713859558e-02 8.878059685230255127e-03 9.658753871917724609e-03 7.562512997537851334e-03 3.606724785640835762e-03 2.207987755537033081e-02 6.278873234987258911e-02 5.169231072068214417e-02 2.828277461230754852e-02 7.006406038999557495e-02 2.222142554819583893e-02 1.022801361978054047e-02 8.374942466616630554e-03 7.280677556991577148e-03 3.471354767680168152e-02 1.000592336058616638e-01 6.059376150369644165e-02 2.784774266183376312e-02 1.410869415849447250e-03 5.866666138172149658e-02 2.600591629743576050e-02 1.898606307804584503e-02 3.725284710526466370e-02 4.143052920699119568e-02 4.645806550979614258e-02 3.177480399608612061e-02 2.361286990344524384e-02 1.199903432279825211e-02 1.036670524626970291e-02 5.607880651950836182e-02 5.790107324719429016e-02 1.311620604246854782e-02 6.067669019103050232e-03 4.823551513254642487e-03 8.576541207730770111e-03 3.220172971487045288e-02 3.782302141189575195e-02 3.392163664102554321e-02 2.808344177901744843e-02 1.579673029482364655e-02 2.678529731929302216e-02 6.462473422288894653e-02 5.873878486454486847e-03 8.248969912528991699e-02 4.639446735382080078e-03 8.041817694902420044e-03 1.177834626287221909e-02 7.072012405842542648e-03 4.116110876202583313e-02 2.232564799487590790e-02 3.482277691364288330e-02 1.200120523571968079e-02 1.048398111015558243e-02
3.910081833600997925e-02 2.840383909642696381e-02 2.672986090183258057e-01 1.940941996872425079e-02 1.795028150081634521e-02 6.262958049774169922e-02 2.685104683041572571e-02 6.063046678900718689e-02 8.030722290277481079e-02 4.880098626017570496e-02 6.692393124103546143e-02 4.603529348969459534e-02 2.329175733029842377e-02 2.153411880135536194e-02 6.375101208686828613e-02 3.960891067981719971e-02 3.394443076103925705e-03 3.808282688260078430e-02 6.157217081636190414e-03 8.359101414680480957e-02 4.355395585298538208e-02 2.218719758093357086e-02 1.541352923959493637e-02 1.192940399050712585e-02 3.793640062212944031e-02 3.029631450772285461e-03 6.908819824457168579e-02 5.387441255152225494e-03 3.605234669521450996e-04 2.361382357776165009e-02 5.091220140457153320e-02 1.249183639883995056e-01 8.057378232479095459e-02 1.302847117185592651e-01 5.380431562662124634e-02 5.753026530146598816e-02 4.252539947628974915e-02 2.605788968503475189e-02 6.135110929608345032e-02 6.175814941525459290e-02 7.125316560268402100e-02 1.132501009851694107e-02 5.459694191813468933e-02 2.593567781150341034e-02 7.422968745231628418e-02 5.923087522387504578e-02 1.126372627913951874e-02 1.186473947018384933e-02 1.471006497740745544e-02 2.036402188241481781e-02 5.904382094740867615e-03 5.243126302957534790e-02 1.021160930395126343e-01 8.801983296871185303e-02 3.504206612706184387e-02 5.640298128128051758e-02 2.625551447272300720e-02 1.522214803844690323e-02 2.733970433473587036e-02 1.904913783073425293e-02 1.111913844943046570e-02 2.114840783178806305e-02 8.080942928791046143e-02 4.816452786326408386e-02 1.130296848714351654e-02 8.498145639896392822e-02 2.926997840404510498e-02 2.941654436290264130e-02 1.307075843214988708e-02 6.160081550478935242e-02 1.714915037155151367e-03 2.970360219478607178e-02 1.270464807748794556e-02 1.674039475619792938e-02 3.635408729314804077e-02 1.242685224860906601e-02 1.867388002574443817e-02 1.483275927603244781e-02 2.508718334138393402e-02 1.338070351630449295e-02 8.403838425874710083e-02 5.791812390089035034e-02 5.938445404171943665e-02 3.529654815793037415e-02 2.830995060503482819e-02 1.097295247018337250e-02 1.099891141057014465e-01 3.193121403455734253e-02 4.620004072785377502e-02 7.124763913452625275e-03 7.204880565404891968e-02 8.505047298967838287e-03 6.856699287891387939e-02 6.443071365356445312e-02 3.294373303651809692e-02 4.370322450995445251e-02 3.295137360692024231e-02 9.117446094751358032e-02 1.044638734310865402e-02 3.848681459203362465e-03 4.351086542010307312e-02 3.081635199487209320e-02 7.661117240786552429e-03 4.646527394652366638e-02 8.491183817386627197e-02 1.615949533879756927e-02 1.467981189489364624e-02 3.478776663541793823e-02 6.611517071723937988e-02 2.302984520792961121e-02 4.308435320854187012e-02 1.304943859577178955e-02 4.070666804909706116e-02 2.981320209801197052e-02 5.258446559309959412e-02 2.415577322244644165e-02
5.767249967902898788e-03 5.147915706038475037e-02 6.200737133622169495e-02 1.781008322723209858e-03 2.630758844316005707e-02 2.023615129292011261e-02 1.695189625024795532e-02 8.030722290277481079e-02 2.348629944026470184e-02 1.228942647576332092e-01 2.911156415939331055e-02 3.675124421715736389e-02 3.083891049027442932e-02 1.631191559135913849e-02 1.507793669588863850e-03 3.470328450202941895e-02 8.137029409408569336e-02 1.361150145530700684e-01 6.389956176280975342e-02 5.791905149817466736e-02 4.911300167441368103e-02 2.970074862241744995e-02 1.935415528714656830e-02 7.041111588478088379e-02 4.918161407113075256e-02 6.807573139667510986e-03 1.503294985741376877e-02 4.615196213126182556e-02 4.002855718135833740e-02 1.478151977062225342e-02 3.092763759195804596e-02 4.828682541847229004e-02 1.766540226526558399e-03 7.568532135337591171e-03 3.592613711953163147e-02 7.953584194183349609e-02 6.173899862915277481e-03 1.254709344357252121e-02 5.346223479136824608e-04 9.552800655364990234e-02 4.847515374422073364e-02 7.820372283458709717e-02 2.463366091251373291e-02 5.360024794936180115e-02 2.985847368836402893e-02 4.595114663243293762e-02 2.249563299119472504e-02 4.415709897875785828e-02 3.833002597093582153e-02 2.434623800218105316e-02 2.391546731814742088e-03 1.854572258889675140e-02 6.124047213234007359e-04 6.098447740077972412e-02 1.581825613975524902e-01 5.835255235433578491e-02 4.092795029282569885e-02 4.594300687313079834e-02 1.757231354713439941e-02 5.532737821340560913e-02 2.223803661763668060e-02 4.827723652124404907e-02 1.808294095098972321e-02 2.171766199171543121e-02 4.812795296311378479e-02 3.754989057779312134e-02 4.773524031043052673e-02 4.526573792099952698e-02 2.852155268192291260e-02 4.693899303674697876e-02 3.558836877346038818e-02 5.461084656417369843e-03 6.026971712708473206e-02 6.046577543020248413e-02 1.611987873911857605e-02 9.704413823783397675e-03 2.486608028411865234e-01 5.490954965353012085e-02 3.504608199000358582e-02 3.234901279211044312e-02 3.268366912379860878e-03 5.928870290517807007e-02 9.126614779233932495e-02 5.887171626091003418e-02 3.320123255252838135e-02 3.577553108334541321e-02 3.758494555950164795e-02 1.321462448686361313e-02 1.465498656034469604e-01 7.763226330280303955e-02 2.186338882893323898e-03 4.264767467975616455e-02 1.004581153392791748e-02 1.134891994297504425e-02 8.194020017981529236e-03 4.670111089944839478e-02 3.077124990522861481e-02 3.673036769032478333e-02 9.606496989727020264e-02 3.722507879137992859e-02 5.385934561491012573e-02 6.368283927440643311e-02 3.969616070389747620e-02 4.615028202533721924e-02 2.690148912370204926e-02 1.403633784502744675e-02 4.088275134563446045e-03 2.793473377823829651e-02 4.930812120437622070e-02 8.489114791154861450e-02 2.200101502239704132e-02 2.079815790057182312e-02 1.063556969165802002e-02 5.131693556904792786e-02 6.543378811329603195e-03 7.874311506748199463e-02
8.345635724253952503e-04 6.276941858232021332e-03 1.168934106826782227e-01 6.366845965385437012e-02 2.400543354451656342e-02 3.561126068234443665e-02 8.852103725075721741e-03 4.880098626017570496e-02 1.228942647576332092e-01 1.358123612590134144e-03 2.003017440438270569e-02 1.235645613633096218e-03 3.656261041760444641e-02 2.911279350519180298e-02 5.430676043033599854e-02 1.441133115440607071e-02 7.678405195474624634e-02 3.372595831751823425e-02 1.374173313379287720e-01 2.037119120359420776e-02 2.379454672336578369e-02 3.554954007267951965e-02 1.980423368513584137e-02 2.952273003756999969e-02 3.428249433636665344e-02 6.574773043394088745e-02 9.833701886236667633e-03 5.039071664214134216e-03 4.385625571012496948e-02 2.404252626001834869e-02 3.398940898478031158e-03 1.841041073203086853e-02 5.851243156939744949e-03 7.425788044929504395e-02 1.975184120237827301e-02 1.685014925897121429e-02 1.913145929574966431e-02 2.082916535437107086e-02 4.518362134695053101e-02 2.088652178645133972e-02 3.307180246338248253e-03 3.564353659749031067e-02 7.126627862453460693e-02 1.301130978390574455e-04 3.183393739163875580e-03 5.543991923332214355e-02 3.574190288782119751e-02 4.543881490826606750e-02 4.959602281451225281e-02 9.430661797523498535e-02 4.879888147115707397e-02 4.138517379760742188e-02 4.555309936404228210e-02 7.033562660217285156e-02 6.655814498662948608e-02 6.702070683240890503e-02 4.162534698843955994e-02 6.550578027963638306e-02 3.221142664551734924e-02 4.921244084835052490e-02 4.174611717462539673e-02 3.984518721699714661e-02 2.873328886926174164e-02 4.347630217671394348e-02 2.935253456234931946e-02 3.650005906820297241e-02 1.879308745265007019e-02 2.504797186702489853e-03 1.109809335321187973e-02 2.733768336474895477e-02 2.813513576984405518e-02 9.284222498536109924e-03 3.510532155632972717e-02 1.234843488782644272e-02 6.999712437391281128e-02 9.035080671310424805e-03 1.091371402144432068e-01 2.102604508399963379e-01 2.067722962237894535e-04 1.576482355594635010e-01 2.313351258635520935e-02 6.747555918991565704e-03 3.743271529674530029e-02 7.307176291942596436e-02 1.930682919919490814e-04 6.893649231642484665e-03 1.110460236668586731e-02 3.385736420750617981e-02 4.215912427753210068e-03 1.452465653419494629e-01 2.165769971907138824e-02 2.430178411304950714e-02 2.574211545288562775e-02 1.872604899108409882e-02 5.207316204905509949e-02 1.980967447161674500e-02 2.031059749424457550e-02 6.356998533010482788e-02 4.014439880847930908e-02 4.088655486702919006e-02 5.815168842673301697e-02 4.324576631188392639e-02 1.148332003504037857e-02 9.127604775130748749e-03 1.334140426479279995e-03 1.610496640205383301e-02 3.457860276103019714e-02 1.114760991185903549e-02 4.978244751691818237e-02 6.351567571982741356e-04 2.557425014674663544e-02 3.458919376134872437e-02 4.955248162150382996e-02 2.418630942702293396e-02 9.517329186201095581e-02 6.833198480308055878e-03
2.072161138057708740e-01 7.049325108528137207e-02 4.623399302363395691e-02 3.655909746885299683e-02 5.034624040126800537e-02 6.284898519515991211e-02 6.747212260961532593e-02 6.692393124103546143e-02 2.911156415939331055e-02 2.003017440438270569e-02 6.590601056814193726e-03 1.017028540372848511e-01 5.664870887994766235e-02 1.376235783100128174e-01 6.607702374458312988e-02 2.090872451663017273e-02 4.269307479262351990e-02 3.720087406691163778e-04 3.296039626002311707e-02 1.784585230052471161e-02 2.065796032547950745e-02 9.262765757739543915e-03 3.066259063780307770e-02 5.117681249976158142e-02 1.411257404834032059e-02 3.657525405287742615e-03 3.330835170345380902e-05 1.554341986775398254e-02 1.669355779886245728e-01 1.107449736446142197e-02 1.001478061079978943e-01 1.274240203201770782e-02 2.590977959334850311e-02 2.018367871642112732e-02 2.861675620079040527e-02 1.711622439324855804e-02 3.039683774113655090e-02 2.918405830860137939e-02 5.418992950581014156e-04 6.479979306459426880e-02 7.302610576152801514e-02 4.257220774888992310e-02 2.751196920871734619e-02 1.951635442674160004e-02 3.595941700041294098e-03 1.159904338419437408e-02 4.297543689608573914e-02 5.514615401625633240e-02 1.846080273389816284e-02 7.241293787956237793e-02 4.860793799161911011e-02 1.125270221382379532e-02 4.708934202790260315e-02 8.375088125467300415e-02 8.025352843105792999e-03 8.006727695465087891e-02 4.380250349640846252e-02 6.756534427404403687e-02 3.382193297147750854e-02 1.183154061436653137e-02 2.036603167653083801e-02 9.206077083945274353e-03 1.237360201776027679e-02 8.875751867890357971e-03 1.261784788221120834e-02 7.471617311239242554e-02 2.180750295519828796e-02 3.880741074681282043e-02 6.926183402538299561e-02 6.566120684146881104e-02 4.912971332669258118e-02 3.393623605370521545e-02 6.544524431228637695e-02 4.443258792161941528e-02 2.123574167490005493e-02 1.573109254240989685e-02 5.113456398248672485e-02 1.475158520042896271e-02 4.008626565337181091e-02 4.517134279012680054e-02 5.405814200639724731e-02 4.461544379591941833e-02 7.060921192169189453e-02 6.843281537294387817e-02 2.309961430728435516e-02 1.599835604429244995e-02 1.693943440914154053e-01 1.417773589491844177e-02 3.563755750656127930e-02 8.109568059444427490e-02 2.822632901370525360e-02 1.334415972232818604e-01 3.092327341437339783e-02 1.049396768212318420e-02 4.900978133082389832e-02 4.528502747416496277e-02 3.278222307562828064e-02 2.614557184278964996e-02 1.154274959117174149e-02 2.839319407939910889e-02 2.919016638770699501e-03 4.998811706900596619e-02 5.083884671330451965e-02 2.749783173203468323e-02 3.998499363660812378e-03 1.231717038899660110e-02 1.359124947339296341e-02 3.385407477617263794e-02 5.146167427301406860e-02 3.778529912233352661e-02 4.039080813527107239e-03 2.538137510418891907e-02 3.754680976271629333e-02 9.219499304890632629e-03 2.884764969348907471e-02 3.279556334018707275e-02
5.431148037314414978e-02 3.172652423381805420e-02 9.123927913606166840e-03 1.838949508965015411e-02 4.377714172005653381e-02 2.596215531229972839e-02 4.805899880011565983e-05 4.603529348969459534e-02 3.675124421715736389e-02 1.235645613633096218e-03 1.017028540372848511e-01 2.765395306050777435e-02 6.036094948649406433e-02 2.680838108062744141e-01 4.282812774181365967e-02 1.086599752306938171e-01 3.661583364009857178e-02 4.928899183869361877e-02 2.844616025686264038e-02 3.834027424454689026e-02 1.782874949276447296e-02 1.005160622298717499e-02 7.847988046705722809e-03 4.621602594852447510e-02 2.063844352960586548e-02 4.672639071941375732e-03 1.241107564419507980e-02 1.653055548667907715e-01 7.284199446439743042e-02 9.871547669172286987e-02 2.096725068986415863e-02 3.858590964227914810e-03 3.178945556282997131e-02 1.043248642235994339e-02 3.068566694855690002e-02 4.240825027227401733e-02 1.807693019509315491e-02 4.020752850919961929e-03 1.435873657464981079e-02 4.985582083463668823e-02 2.494735457003116608e-02 4.391645267605781555e-02 6.317355483770370483e-02 3.469780087471008301e-02 9.748475998640060425e-02 3.019012138247489929e-02 6.209508050233125687e-03 6.909096986055374146e-02 2.358014322817325592e-02 3.007979877293109894e-02 3.190658614039421082e-02 1.504908874630928040e-02 7.898041605949401855e-02 1.109029576182365417e-01 5.346488207578659058e-02 3.273515403270721436e-02 1.177789345383644104e-01 1.277751177549362183e-01 2.756453678011894226e-02 1.021741051226854324e-02 6.249008327722549438e-02 3.180974349379539490e-02 7.526585459709167480e-02 9.316579997539520264e-02 7.731513585895299911e-03 1.590406335890293121e-02 3.312559053301811218e-02 2.223687618970870972e-02 3.579544275999069214e-02 6.582129001617431641e-02 4.888306185603141785e-02 3.560347110033035278e-02 1.972742378711700439e-02 5.555286630988121033e-02 2.273708395659923553e-02 5.389115214347839355e-02 8.749948441982269287e-02 8.249593898653984070e-03 1.289326045662164688e-02 4.798476770520210266e-02 1.859679073095321655e-02 4.556293040513992310e-02 6.271904706954956055e-02 7.196080684661865234e-02 5.588130559772253036e-03 5.550103960558772087e-04 7.968636602163314819e-02 7.212996017187833786e-03 2.429972775280475616e-02 3.253634274005889893e-02 5.292359739542007446e-02 2.589449100196361542e-02 1.852980628609657288e-02 3.773419559001922607e-02 1.577678881585597992e-02 7.493027020245790482e-03 2.912895753979682922e-02 3.843892738223075867e-02 5.376514047384262085e-03 3.872383758425712585e-02 1.328398124314844608e-03 4.792626202106475830e-02 4.946660622954368591e-02 2.642115287017077208e-04 1.226741913706064224e-02 9.691263735294342041e-02 1.447801757603883743e-02 5.863168835639953613e-02 2.017527446150779724e-02 3.895395621657371521e-02 5.352090299129486084e-02 3.520873934030532837e-02 4.557747393846511841e-02 6.255228072404861450e-02 3.672093898057937622e-02 2.763046137988567352e-02
8.871811628341674805e-02 2.067584395408630371e-01 1.521876198239624500e-03 5.297620221972465515e-02 3.177827969193458557e-02 1.304030865430831909e-01 1.533754169940948486e-01 2.329175733029842377e-02 3.083891049027442932e-02 3.656261041760444641e-02 5.664870887994766235e-02 6.036094948649406433e-02 3.577488288283348083e-02 2.156040817499160767e-02 2.840626984834671021e-02 4.645228758454322815e-02 2.579035423696041107e-02 1.901288330554962158e-02 4.958742763847112656e-03 1.953829824924468994e-02 8.753509260714054108e-03 7.611215114593505859e-03 1.014672312885522842e-02 3.735578432679176331e-02 4.468484967947006226e-02 3.656459599733352661e-02 1.028270367532968521e-02 6.317523121833801270e-02 7.585648447275161743e-02 1.872754469513893127e-02 1.092573702335357666e-01 5.147737264633178711e-02 3.854754939675331116e-02 2.574335411190986633e-02 1.945058628916740417e-02 3.216026723384857178e-02 2.874724380671977997e-02 3.260876238346099854e-02 1.422000303864479065e-02 2.253513317555189133e-03 2.012747339904308319e-02 3.093113750219345093e-02 5.716240406036376953e-02 5.309652909636497498e-02 4.921297356486320496e-02 4.389058426022529602e-02 1.391278952360153198e-01 1.078154370188713074e-01 1.825064793229103088e-02 2.715079672634601593e-02 2.398218587040901184e-02 6.308124214410781860e-02 1.554152928292751312e-02 1.753721572458744049e-02 2.500859647989273071e-02 3.622390702366828918e-02 1.402963791042566299e-02 4.076858609914779663e-02 2.559490874409675598e-02 3.038757480680942535e-02 4.569624084979295731e-03 2.601801184937357903e-03 4.100236110389232635e-03 1.149282907135784626e-03 8.755306899547576904e-02 1.108869910240173340e-01 8.197765797376632690e-03 4.653945937752723694e-02 3.891199082136154175e-02 7.939375191926956177e-02 4.721031710505485535e-02 8.632415533065795898e-02 5.215638503432273865e-02 5.398864299058914185e-02 2.411255985498428345e-02 1.022013183683156967e-02 2.132022567093372345e-02 2.894979156553745270e-02 2.747370861470699310e-03 5.483616143465042114e-02 2.925905399024486542e-02 1.598108746111392975e-02 1.006153225898742676e-02 6.308062374591827393e-02 4.857570677995681763e-02 2.800387144088745117e-02 2.923510596156120300e-02 6.748148053884506226e-02 3.821128234267234802e-02 2.611209265887737274e-02 3.265156969428062439e-02 3.846233477815985680e-03 1.395168527960777283e-02 1.039435388520359993e-03 5.061118304729461670e-02 2.565871365368366241e-02 3.516273805871605873e-03 2.473173849284648895e-02 2.847330272197723389e-02 2.258603274822235107e-02 1.452992763370275497e-02 2.384132146835327148e-02 1.170670427381992340e-02 4.674016311764717102e-02 3.662423416972160339e-02 2.811167202889919281e-02 2.352395094931125641e-03 8.833775669336318970e-02 2.990074642002582550e-02 5.247866734862327576e-02 1.407993864268064499e-02 1.678375899791717529e-02 5.835941061377525330e-03 2.175042219460010529e-02 5.280960351228713989e-02 3.912052884697914124e-02
