1.564231216907501221e-01 2.200560718774795532e-01 9.206985123455524445e-03 1.506652217358350754e-02 3.475945070385932922e-02 4.629534482955932617e-02 5.761375650763511658e-02 1.838318817317485809e-02 6.777964532375335693e-03 4.211617261171340942e-02 6.481987237930297852e-02 7.564259227365255356e-03 7.935263961553573608e-02 1.476008631289005280e-02 3.431644663214683533e-02 2.606833726167678833e-02 2.467566868290305138e-03 3.619185462594032288e-02 1.094376575201749802e-02 5.178043991327285767e-02 4.531790688633918762e-02 3.137892484664916992e-02 3.012228198349475861e-02 1.914117368869483471e-03 3.600300848484039307e-02 2.494101598858833313e-02 1.304982136934995651e-02 5.826841667294502258e-02 1.333704870194196701e-02 9.204682894051074982e-03 2.054523676633834839e-02 2.247809804975986481e-02 3.652628883719444275e-02 5.313594266772270203e-02 2.831486985087394714e-02 3.266605362296104431e-02 5.086573958396911621e-02 1.446497812867164612e-02 1.398020051419734955e-02 1.213446445763111115e-02 8.288191631436347961e-03 2.863144129514694214e-02 3.224228322505950928e-02 2.866385132074356079e-02 1.161548588424921036e-02 1.846924237906932831e-02 1.534202229231595993e-02 1.576430723071098328e-02 1.583145000040531158e-02 8.162283897399902344e-02 3.002533875405788422e-02 2.177636884152889252e-02 5.586782936006784439e-04 2.912455983459949493e-02 3.224749490618705750e-02 1.679474115371704102e-02 1.359973219223320484e-03 2.875931188464164734e-02 2.169074304401874542e-02 2.260601148009300232e-02 2.921341545879840851e-02 1.999149285256862640e-02 5.008772015571594238e-03 7.461685221642255783e-03 1.395597122609615326e-02 5.551026202738285065e-03 3.952460363507270813e-02 5.454627797007560730e-02 8.345193229615688324e-03 5.723853595554828644e-03 2.964496985077857971e-02 7.056150585412979126e-03 1.109015010297298431e-02 3.096749261021614075e-02 5.880580842494964600e-02 1.812581345438957214e-02 1.369316130876541138e-02 1.786111108958721161e-02 3.771120309829711914e-02 2.687135711312294006e-02 5.152823403477668762e-03 3.708318574354052544e-03 1.802401430904865265e-02 6.284775584936141968e-02 5.691051110625267029e-02 2.385858073830604553e-02 4.999026190489530563e-03 7.772045210003852844e-03 6.507628411054611206e-02 2.406597509980201721e-02 7.843216508626937866e-02 2.823997521772980690e-03 3.299946663901209831e-03 1.380583620630204678e-03 1.511428412050008774e-02 1.584364101290702820e-02 5.686866585165262222e-03 2.351562865078449249e-02 2.579418383538722992e-02 3.120563551783561707e-02 2.190683595836162567e-02 1.014316640794277191e-02 2.506918646395206451e-02 1.020538900047540665e-02 2.468539215624332428e-02 5.996877327561378479e-03 5.670895427465438843e-02 2.741225250065326691e-02 7.526750676333904266e-03 5.651769787073135376e-02 5.078800488263368607e-03 1.073227543383836746e-02 3.502333164215087891e-02 8.475816808640956879e-03 1.156343612819910049e-02 2.347642369568347931e-02
2.200560718774795532e-01 1.476235836744308472e-01 7.218650076538324356e-03 2.219602838158607483e-02 6.832817569375038147e-03 6.254345923662185669e-02 9.215063601732254028e-02 1.998779922723770142e-02 3.583509847521781921e-02 3.668452426791191101e-02 7.100916653871536255e-02 1.682735793292522430e-02 8.975990116596221924e-02 3.375865146517753601e-02 5.377362668514251709e-02 2.516591176390647888e-02 3.236312652006745338e-03 1.793231000192463398e-03 1.765962317585945129e-02 2.118909172713756561e-02 7.148475199937820435e-02 3.496883064508438110e-02 5.846661981195211411e-03 1.602859981358051300e-02 4.198694601655006409e-03 4.262143000960350037e-02 2.051783539354801178e-02 2.495587104931473732e-03 1.629647798836231232e-02 2.609026804566383362e-02 1.348612736910581589e-02 1.806096732616424561e-02 3.031165152788162231e-02 5.767011269927024841e-02 8.119895122945308685e-03 5.971539393067359924e-02 5.942926183342933655e-02 9.154522791504859924e-03 1.505994237959384918e-02 6.266783457249403000e-03 5.987043026834726334e-03 4.014527052640914917e-02 1.406214758753776550e-02 4.090880611329339445e-05 3.803607076406478882e-02 7.658284157514572144e-03 5.632753483951091766e-03 2.679499424993991852e-02 3.863793611526489258e-02 7.254068553447723389e-02 3.846092894673347473e-02 3.223770856857299805e-02 2.364855958148837090e-03 2.898314408957958221e-02 2.301341854035854340e-02 5.226311739534139633e-03 1.479885913431644440e-02 3.571743518114089966e-02 4.216812085360288620e-03 2.524461038410663605e-02 1.647192053496837616e-02 2.792438678443431854e-02 2.736083790659904480e-02 1.046534068882465363e-02 2.987596392631530762e-02 1.063103973865509033e-02 2.397963590919971466e-02 9.616041928529739380e-02 3.667854517698287964e-02 3.586198762059211731e-02 2.913241088390350342e-02 6.882872548885643482e-04 2.562515204772353172e-03 6.310871243476867676e-02 6.208394467830657959e-02 4.867604747414588928e-02 7.684450596570968628e-03 2.643405646085739136e-02 4.826437309384346008e-02 2.109729126095771790e-02 2.114807430189102888e-04 4.019127518404275179e-04 1.834696717560291290e-02 5.087158083915710449e-02 3.655762225389480591e-02 3.384034847840666771e-03 2.028585784137248993e-02 4.198685288429260254e-03 7.381476461887359619e-03 5.027470737695693970e-02 4.850343987345695496e-02 8.659273386001586914e-03 2.774373628199100494e-02 1.917094225063920021e-03 1.409789454191923141e-02 9.978407761082053185e-04 2.899639774113893509e-03 1.878865435719490051e-02 4.248217120766639709e-02 4.232796654105186462e-02 4.777483642101287842e-03 1.291764620691537857e-02 3.727954253554344177e-02 6.360901519656181335e-03 1.592308282852172852e-02 1.743809506297111511e-02 2.943733520805835724e-02 6.047457084059715271e-02 2.990415878593921661e-02 3.444110602140426636e-02 1.176504231989383698e-02 3.164861584082245827e-03 3.281646966934204102e-02 7.131023332476615906e-03 4.029854387044906616e-02 4.765305668115615845e-02
9.206985123455524445e-03 7.218650076538324356e-03 1.102975830435752869e-01 1.715456508100032806e-02 3.076960146427154541e-02 9.695784188807010651e-03 4.399098083376884460e-02 2.945343405008316040e-02 1.124387327581644058e-02 9.043875150382518768e-03 8.456216193735599518e-03 3.531054407358169556e-02 2.082580327987670898e-02 5.442356341518461704e-04 1.015366241335868835e-02 3.141675144433975220e-02 2.810066193342208862e-02 6.188667565584182739e-02 5.149339325726032257e-03 2.472910843789577484e-02 9.465788491070270538e-03 2.421880839392542839e-03 3.170243278145790100e-02 8.256143890321254730e-03 2.446264401078224182e-02 1.110336091369390488e-02 8.893514983355998993e-03 3.526490181684494019e-02 1.622166670858860016e-02 6.037919968366622925e-02 1.727538742125034332e-02 2.162896469235420227e-02 3.996964544057846069e-02 2.141920616850256920e-03 6.917905062437057495e-02 4.187041148543357849e-02 5.442457739263772964e-03 3.541484475135803223e-02 1.465878915041685104e-02 3.986026346683502197e-02 9.168935567140579224e-02 9.278922341763973236e-03 2.235518395900726318e-02 1.560084223747253418e-01 1.652572676539421082e-02 1.071669161319732666e-01 4.482581838965415955e-02 9.149844408966600895e-04 2.769221551716327667e-02 3.482981584966182709e-03 1.624438882572576404e-04 7.291971240192651749e-03 8.499070070683956146e-03 2.484220080077648163e-02 1.592475920915603638e-02 1.069439854472875595e-02 2.622936293482780457e-02 5.408389260992407799e-04 3.432421386241912842e-02 6.691213697195053101e-02 3.318584337830543518e-02 2.290850505232810974e-03 4.877736046910285950e-02 1.260303705930709839e-01 1.785316690802574158e-02 2.108222991228103638e-02 7.373185828328132629e-03 3.577074408531188965e-02 8.853727951645851135e-03 3.579477779567241669e-04 5.016715265810489655e-03 1.293954672291874886e-03 1.182784140110015869e-02 1.421031309291720390e-03 2.161471731960773468e-02 1.762744225561618805e-02 2.614787220954895020e-02 1.411692006513476372e-03 6.184433773159980774e-02 1.543481741100549698e-02 9.776566177606582642e-02 1.268582940101623535e-01 1.333519816398620605e-02 1.679858006536960602e-02 5.430701747536659241e-02 2.035509981215000153e-02 2.782964892685413361e-02 4.561175778508186340e-02 2.631848864257335663e-02 3.603624179959297180e-03 2.023907750844955444e-02 9.435662068426609039e-03 5.629754066467285156e-02 4.311370104551315308e-02 2.829530835151672363e-02 9.566625580191612244e-03 5.491730943322181702e-02 8.344928175210952759e-02 9.622639976441860199e-03 2.912916243076324463e-02 2.981731668114662170e-02 1.297836098819971085e-02 7.344114035367965698e-02 2.834763191640377045e-02 4.509492777287960052e-03 4.200351610779762268e-02 2.577936649322509766e-02 3.132093464955687523e-03 5.194388702511787415e-02 9.473988786339759827e-03 3.497600788250565529e-03 3.937174566090106964e-03 1.720983348786830902e-02 1.392702665179967880e-02 5.135872960090637207e-02 6.880714744329452515e-02
1.506652217358350754e-02 2.219602838158607483e-02 1.715456508100032806e-02 1.647058725357055664e-01 1.722392141819000244e-01 8.540168404579162598e-03 9.033330716192722321e-03 1.448840554803609848e-02 9.415286593139171600e-03 2.449989877641201019e-02 7.256537210196256638e-03 4.902607295662164688e-03 1.195022650063037872e-02 5.146624986082315445e-03 4.984495230019092560e-03 3.554733702912926674e-03 4.113302752375602722e-02 1.287100762128829956e-01 1.117750257253646851e-01 1.951151527464389801e-02 4.320845752954483032e-02 3.361565247178077698e-02 3.207639092579483986e-03 3.984282724559307098e-03 3.858345001935958862e-02 5.860018078237771988e-03 1.933864504098892212e-02 8.857016218826174736e-04 3.423056006431579590e-02 1.627900823950767517e-02 1.940939389169216156e-02 1.130175963044166565e-02 8.159969002008438110e-02 1.041486859321594238e-02 6.662541627883911133e-02 6.871340423822402954e-02 2.448412589728832245e-02 2.500264160335063934e-02 4.425211623311042786e-02 3.345683589577674866e-02 1.671028672717511654e-03 2.303529530763626099e-02 6.677866447716951370e-03 1.901401206851005554e-02 4.800882190465927124e-03 5.202655121684074402e-02 1.901079551316797733e-03 3.273261338472366333e-02 4.617128148674964905e-02 1.077008619904518127e-02 5.430737882852554321e-02 4.833384230732917786e-02 1.690740697085857391e-03 1.664690673351287842e-02 2.162781544029712677e-02 4.556805640459060669e-02 4.190862551331520081e-02 2.934793569147586823e-02 1.188236102461814880e-02 8.965650573372840881e-03 3.997797146439552307e-02 8.248367905616760254e-02 3.061883337795734406e-02 2.954287221655249596e-03 3.202845156192779541e-02 1.497889310121536255e-02 2.874229662120342255e-02 3.597440570592880249e-02 9.667078033089637756e-03 5.990334972739219666e-02 1.055581029504537582e-02 4.481817781925201416e-02 6.001136079430580139e-02 3.362568467855453491e-02 1.038669515401124954e-02 5.272994935512542725e-02 1.046543940901756287e-02 1.108492258936166763e-02 2.788141369819641113e-02 2.497630007565021515e-02 1.449349336326122284e-02 1.247900351881980896e-02 6.647492200136184692e-02 7.166989147663116455e-02 2.971565909683704376e-02 2.590649388730525970e-02 1.475599245168268681e-03 2.748177153989672661e-03 2.396510168910026550e-02 4.363887757062911987e-02 3.948047012090682983e-02 2.078036405146121979e-02 9.511698735877871513e-04 3.013419546186923981e-02 3.471731767058372498e-02 6.602316716453060508e-05 5.357663705945014954e-02 4.780997708439826965e-02 1.809173822402954102e-02 1.329229213297367096e-02 1.073994208127260208e-02 1.736769266426563263e-02 3.288213908672332764e-02 1.075415406376123428e-02 9.605223312973976135e-03 1.788575574755668640e-02 7.683331519365310669e-02 1.598228327929973602e-02 4.865711089223623276e-03 1.159952953457832336e-02 3.309861570596694946e-02 4.034506529569625854e-02 1.163750607520341873e-02 1.050243712961673737e-02 5.476536601781845093e-02 2.906289324164390564e-02
3.475945070385932922e-02 6.832817569375038147e-03 3.076960146427154541e-02 1.722392141819000244e-01 1.596531122922897339e-01 3.022842667996883392e-02 3.634821996092796326e-02 5.726625677198171616e-03 4.880735650658607483e-02 1.631223410367965698e-02 5.618833005428314209e-03 2.314735017716884613e-02 2.234158851206302643e-02 1.691901497542858124e-02 7.444775663316249847e-03 1.003389013931155205e-03 4.956427589058876038e-02 5.898418277502059937e-02 8.877046406269073486e-02 4.119213670492172241e-02 7.694839965552091599e-03 1.033151149749755859e-02 1.309566292911767960e-02 1.952204853296279907e-03 1.410333160310983658e-02 1.517061889171600342e-02 2.617783471941947937e-02 2.803298272192478180e-02 7.643924094736576080e-03 4.646544158458709717e-02 2.799757011234760284e-02 2.646788954734802246e-02 6.005546450614929199e-02 2.367715910077095032e-02 4.927552491426467896e-02 4.839394241571426392e-02 2.463890612125396729e-02 1.684292219579219818e-02 4.176128283143043518e-02 5.920599400997161865e-02 1.734560239128768444e-03 3.656217362731695175e-03 3.998038545250892639e-02 2.099247835576534271e-02 2.117293141782283783e-02 3.775221109390258789e-02 2.119059488177299500e-02 1.951542799361050129e-04 5.240257829427719116e-03 4.043467342853546143e-02 6.642930954694747925e-02 4.486291483044624329e-02 3.162007778882980347e-02 1.272423006594181061e-02 5.501751974225044250e-02 4.881514236330986023e-02 3.236822038888931274e-02 3.747105598449707031e-02 4.537699744105339050e-02 5.079260095953941345e-03 4.463295917958021164e-03 8.035627752542495728e-02 2.624105662107467651e-03 5.016515403985977173e-02 1.857303269207477570e-02 1.667054742574691772e-02 7.196695543825626373e-03 2.669791691005229950e-02 2.090919204056262970e-02 1.582894288003444672e-02 1.389613654464483261e-02 2.358196116983890533e-02 3.185886144638061523e-02 1.727646589279174805e-02 2.615190111100673676e-02 1.747152023017406464e-02 2.604831196367740631e-02 5.155075807124376297e-03 3.719995170831680298e-02 2.891544811427593231e-02 2.546258643269538879e-02 3.180113807320594788e-02 4.231332987546920776e-02 6.438352912664413452e-02 6.718872487545013428e-02 5.967394448816776276e-03 1.805939152836799622e-02 3.558753291144967079e-03 2.351877838373184204e-02 5.110793188214302063e-02 2.874160557985305786e-02 2.676790207624435425e-02 5.475846305489540100e-02 1.039079390466213226e-02 7.748884614557027817e-03 3.817291557788848877e-02 3.319345414638519287e-02 3.457905258983373642e-03 1.318262983113527298e-02 8.472534827888011932e-03 1.879064715467393398e-03 2.516094408929347992e-02 7.339478470385074615e-03 3.605904430150985718e-02 2.090063644573092461e-03 4.503079224377870560e-03 3.344836831092834473e-02 1.045146770775318146e-02 3.300561383366584778e-02 5.426616221666336060e-02 1.479043252766132355e-02 1.685659168288111687e-03 2.159511437639594078e-03 1.911126449704170227e-02 1.626563072204589844e-02 1.457867491990327835e-02
4.629534482955932617e-02 6.254345923662185669e-02 9.695784188807010651e-03 8.540168404579162598e-03 3.022842667996883392e-02 2.445659488439559937e-01 3.110298216342926025e-01 4.942456725984811783e-04 5.011278390884399414e-02 5.280042067170143127e-03 7.114205509424209595e-03 6.436041742563247681e-02 2.662494778633117676e-03 4.027697071433067322e-02 9.236126206815242767e-03 3.835572302341461182e-02 1.425432600080966949e-02 6.786334514617919922e-02 3.194426000118255615e-02 1.844130083918571472e-02 3.363423049449920654e-02 2.566897496581077576e-02 1.796631328761577606e-02 1.541260909289121628e-02 6.162672862410545349e-02 5.828758236020803452e-03 2.189482748508453369e-02 6.689344998449087143e-03 2.938024885952472687e-02 1.338129956275224686e-02 9.461217559874057770e-03 4.420704394578933716e-02 3.073755465447902679e-02 1.427530962973833084e-02 2.984084747731685638e-02 2.020275406539440155e-02 1.969483867287635803e-02 1.888252981007099152e-02 2.004818804562091827e-02 1.348320487886667252e-02 4.848517477512359619e-02 1.372905913740396500e-02 2.076505683362483978e-02 2.007650211453437805e-02 4.011254012584686279e-02 5.607310682535171509e-02 2.271210104227066040e-01 2.250940650701522827e-01 6.331465672701597214e-03 1.670197583734989166e-02 2.079533599317073822e-02 1.294353976845741272e-02 3.391622379422187805e-02 7.390060462057590485e-03 1.798254810273647308e-02 1.924206875264644623e-02 5.130158271640539169e-03 5.882722791284322739e-03 2.374769747257232666e-02 1.463707815855741501e-02 4.416176117956638336e-03 2.991483360528945923e-02 1.981473900377750397e-02 1.000048778951168060e-02 1.556847360916435719e-03 1.697774231433868408e-02 1.881592348217964172e-02 8.147943019866943359e-02 3.338461369276046753e-02 9.119278751313686371e-03 4.725007712841033936e-02 4.241355508565902710e-02 2.765083126723766327e-02 1.923620700836181641e-03 1.274469215422868729e-02 2.554798312485218048e-02 4.138902202248573303e-02 2.800006978213787079e-02 3.685840219259262085e-02 7.243408262729644775e-02 3.941216040402650833e-03 1.785081252455711365e-02 4.609908908605575562e-02 1.673588715493679047e-02 4.282008484005928040e-02 5.500815808773040771e-02 3.010093793272972107e-02 2.388988994061946869e-02 5.027134716510772705e-02 3.328437684103846550e-03 8.776251971721649170e-02 2.997729694470763206e-03 1.797163337469100952e-01 2.705559507012367249e-02 2.511787600815296173e-02 1.093028485774993896e-02 3.448897227644920349e-02 6.213996186852455139e-02 2.511784434318542480e-02 4.138291254639625549e-02 3.045802377164363861e-02 8.141292259097099304e-03 1.069301459938287735e-02 5.265729967504739761e-03 1.696479693055152893e-02 2.472632378339767456e-02 3.218864277005195618e-02 3.116271086037158966e-02 1.633952371776103973e-02 8.850536309182643890e-03 3.143694624304771423e-02 2.312789671123027802e-02 1.218140474520623684e-03 4.366136714816093445e-02 4.574141278862953186e-02 3.000914491713047028e-02
5.761375650763511658e-02 9.215063601732254028e-02 4.399098083376884460e-02 9.033330716192722321e-03 3.634821996092796326e-02 3.110298216342926025e-01 2.626541852951049805e-01 4.848590120673179626e-03 5.209803208708763123e-02 4.772393032908439636e-02 1.421578135341405869e-02 9.109906107187271118e-02 1.603644341230392456e-02 6.950609385967254639e-02 7.225347682833671570e-03 2.340938337147235870e-02 2.901398763060569763e-02 5.168544873595237732e-02 4.089703783392906189e-03 8.733752183616161346e-03 4.258705675601959229e-02 3.344932198524475098e-02 1.595882698893547058e-02 1.312550436705350876e-02 1.117493520723655820e-04 1.564212515950202942e-02 1.523693371564149857e-02 4.152457416057586670e-02 5.339017370715737343e-04 2.560726739466190338e-02 3.752338001504540443e-03 4.029927775263786316e-02 1.742121018469333649e-02 1.852050051093101501e-02 4.240467026829719543e-02 2.167801372706890106e-02 7.127602584660053253e-03 4.046416282653808594e-02 5.190993193536996841e-03 1.240359712392091751e-02 6.390491873025894165e-02 3.213376551866531372e-02 5.322463437914848328e-02 3.811195027083158493e-03 3.374956548213958740e-02 4.228939861059188843e-02 2.323238700628280640e-01 2.768451273441314697e-01 5.392862949520349503e-03 4.463995620608329773e-02 1.285671140067279339e-03 1.624009758234024048e-02 3.355102613568305969e-02 7.074783556163311005e-03 8.705612272024154663e-03 1.641907170414924622e-02 3.883099555969238281e-02 2.626564912497997284e-02 4.081854596734046936e-03 2.683127298951148987e-02 2.649173885583877563e-02 1.351916790008544922e-02 3.672991693019866943e-02 1.158146746456623077e-02 1.033828780055046082e-02 1.510108821094036102e-02 1.299082674086093903e-02 8.319228887557983398e-02 3.265100717544555664e-02 2.701487392187118530e-03 1.141884457319974899e-02 3.427181392908096313e-02 2.188721206039190292e-03 1.523112971335649490e-02 9.213089942932128906e-03 4.219823330640792847e-02 5.722310859709978104e-03 2.080023847520351410e-02 2.037654630839824677e-02 1.246967120096087456e-03 9.760055691003799438e-03 3.196575120091438293e-02 2.963770367205142975e-02 2.496883831918239594e-02 1.250188332051038742e-02 4.949043318629264832e-02 1.694897934794425964e-02 3.372392430901527405e-02 6.861217319965362549e-02 8.449156768620014191e-03 6.007975339889526367e-02 9.789706207811832428e-03 1.958742886781692505e-01 2.650728076696395874e-02 7.538769394159317017e-03 5.869874730706214905e-03 4.648319445550441742e-03 3.233961388468742371e-02 2.910025976598262787e-02 2.894711866974830627e-02 1.330619491636753082e-02 1.999316923320293427e-02 1.062571629881858826e-02 1.349101122468709946e-02 4.916684702038764954e-03 9.190107695758342743e-03 1.231597363948822021e-02 2.674920111894607544e-02 1.083307340741157532e-02 1.812171190977096558e-02 2.801620401442050934e-02 2.250096574425697327e-02 2.438357658684253693e-02 9.203561581671237946e-03 1.155702024698257446e-02 2.654850110411643982e-02
1.838318817317485809e-02 1.998779922723770142e-02 2.945343405008316040e-02 1.448840554803609848e-02 5.726625677198171616e-03 4.942456725984811783e-04 4.848590120673179626e-03 1.409173309803009033e-01 2.645023632794618607e-03 1.258892705664038658e-03 3.862975537776947021e-02 1.647820882499217987e-02 2.823788486421108246e-02 2.248174138367176056e-02 7.795244455337524414e-02 1.224659383296966553e-02 2.512157894670963287e-02 3.201091662049293518e-02 4.488639999181032181e-03 6.820882204920053482e-03 4.881864041090011597e-02 3.716467693448066711e-02 2.529548667371273041e-02 1.747666299343109131e-02 2.212874777615070343e-02 3.715814556926488876e-03 3.103970363736152649e-02 5.582159757614135742e-02 4.340907093137502670e-03 6.036056950688362122e-02 3.960112854838371277e-02 1.126231718808412552e-02 4.349795356392860413e-02 1.628956175409257412e-03 3.726023063063621521e-02 1.400815416127443314e-02 1.112776994705200195e-02 2.080643363296985626e-02 1.624842546880245209e-02 5.992404650896787643e-03 1.258557196706533432e-02 8.731074631214141846e-03 5.988163407891988754e-03 5.681296810507774353e-03 1.136905886232852936e-02 1.030309032648801804e-02 1.740154810249805450e-02 1.430856902152299881e-02 1.453186385333538055e-02 8.899914100766181946e-03 2.159294299781322479e-02 1.793974637985229492e-02 6.928314268589019775e-02 1.181769091635942459e-02 2.528608217835426331e-02 1.322491187602281570e-02 1.601700298488140106e-02 1.896042004227638245e-02 1.434829365462064743e-02 4.552692640572786331e-03 1.955249346792697906e-03 1.521932519972324371e-02 2.994630113244056702e-02 4.009224101901054382e-02 4.781618341803550720e-02 3.224883228540420532e-02 8.738173171877861023e-03 7.516257930546998978e-03 1.672710524871945381e-03 7.715272717177867889e-03 1.880299486219882965e-02 2.187719941139221191e-02 1.624218933284282684e-02 1.117476914077997208e-02 3.711086884140968323e-02 1.102847419679164886e-02 3.411749377846717834e-03 5.479292012751102448e-03 2.303238026797771454e-02 4.485525190830230713e-03 9.045059233903884888e-02 5.382773652672767639e-02 1.778742298483848572e-02 4.114818293601274490e-03 5.082292854785919189e-02 1.202065683901309967e-02 9.310123324394226074e-02 4.647818580269813538e-02 2.054019086062908173e-02 6.694450508803129196e-03 1.232493110001087189e-02 7.001931220293045044e-02 2.872130135074257851e-03 1.190512441098690033e-02 6.080025341361761093e-03 1.080378517508506775e-02 1.455094199627637863e-02 6.898833066225051880e-02 4.200785607099533081e-02 1.358909346163272858e-02 1.088819187134504318e-02 3.558024764060974121e-03 2.324047125875949860e-02 2.745182253420352936e-02 8.762568235397338867e-03 2.933016978204250336e-02 7.815285772085189819e-02 1.464433409273624420e-02 2.317118458449840546e-02 3.301048651337623596e-02 2.009522542357444763e-02 3.386974334716796875e-03 1.449821051210165024e-02 4.454912617802619934e-03 3.707094490528106689e-02 2.122353762388229370e-02
6.777964532375335693e-03 3.583509847521781921e-02 1.124387327581644058e-02 9.415286593139171600e-03 4.880735650658607483e-02 5.011278390884399414e-02 5.209803208708763123e-02 2.645023632794618607e-03 1.984341442584991455e-01 7.868152856826782227e-02 5.769398529082536697e-03 7.738176267594099045e-03 1.315508969128131866e-02 3.390786424279212952e-02 2.337063476443290710e-02 5.272531509399414062e-02 7.537513971328735352e-02 5.091958865523338318e-02 1.111104805022478104e-02 4.772634059190750122e-02 1.841082982718944550e-02 1.561129186302423477e-02 2.907147072255611420e-02 1.885064318776130676e-02 4.486399516463279724e-02 1.014614710584282875e-03 2.981581725180149078e-02 5.128466710448265076e-02 1.066074706614017487e-02 1.064951252192258835e-02 2.240836434066295624e-02 2.334533259272575378e-02 3.802574798464775085e-02 3.045388869941234589e-02 1.710077375173568726e-02 5.908789858222007751e-02 5.181454494595527649e-02 8.321723341941833496e-02 3.624016046524047852e-02 2.793949656188488007e-02 6.694919615983963013e-02 1.344823390245437622e-01 8.966657519340515137e-02 3.475323691964149475e-02 1.177305448800325394e-02 2.506980486214160919e-02 4.252979531884193420e-03 4.115909337997436523e-02 2.037066500633955002e-03 4.383719712495803833e-02 7.739264052361249924e-03 2.014563046395778656e-02 2.359788306057453156e-02 5.427738185971975327e-03 1.610901206731796265e-01 4.034147039055824280e-02 4.879644885659217834e-02 3.805473819375038147e-02 1.093995478004217148e-02 1.609774865210056305e-02 2.504957141354680061e-03 6.885019596666097641e-03 5.959463864564895630e-02 4.235079977661371231e-03 5.990075692534446716e-02 4.550149291753768921e-02 4.456455633044242859e-02 2.341917157173156738e-02 9.378857910633087158e-02 4.735068231821060181e-02 4.852196574211120605e-02 2.977347560226917267e-02 6.987763568758964539e-03 4.509789124131202698e-02 2.885900437831878662e-02 2.592617878690361977e-03 1.863421201705932617e-01 5.688666924834251404e-02 2.766028279438614845e-03 4.264154657721519470e-02 3.333430364727973938e-02 1.401746086776256561e-02 2.734050340950489044e-02 3.883486241102218628e-02 6.295187771320343018e-02 3.086463548243045807e-03 3.423159942030906677e-02 3.586627915501594543e-02 4.864342510700225830e-02 2.723849378526210785e-02 1.089000850915908813e-01 3.794386610388755798e-02 3.420740738511085510e-02 3.031977266073226929e-02 9.139872854575514793e-04 1.563595980405807495e-02 8.744741976261138916e-02 1.259425003081560135e-02 2.252349816262722015e-02 8.730745874345302582e-03 2.409507520496845245e-02 1.264506485313177109e-02 5.514604598283767700e-02 4.930275306105613708e-02 1.381722278892993927e-02 4.946864023804664612e-02 2.038413099944591522e-02 4.634765908122062683e-02 8.099376223981380463e-03 4.351052921265363693e-03 3.175804018974304199e-02 3.265701979398727417e-02 7.095985859632492065e-02 7.047732174396514893e-02 3.381055220961570740e-02 2.251646108925342560e-02
4.211617261171340942e-02 3.668452426791191101e-02 9.043875150382518768e-03 2.449989877641201019e-02 1.631223410367965698e-02 5.280042067170143127e-03 4.772393032908439636e-02 1.258892705664038658e-03 7.868152856826782227e-02 2.338891178369522095e-01 2.796666324138641357e-02 3.496390581130981445e-02 3.725106269121170044e-02 3.875761292874813080e-03 4.670610651373863220e-03 1.370099093765020370e-02 4.820974171161651611e-02 5.290018022060394287e-02 2.438458427786827087e-02 1.424769964069128036e-02 6.138757336884737015e-03 2.634429745376110077e-02 6.029992830008268356e-03 8.311874419450759888e-02 1.194071024656295776e-02 4.721447452902793884e-02 1.137133873999118805e-02 7.136957347393035889e-02 3.809887543320655823e-02 1.038045287132263184e-01 2.626395225524902344e-02 1.594767207279801369e-03 4.422278702259063721e-02 6.684944499284029007e-03 8.704348467290401459e-03 9.702124632894992828e-03 2.966988459229469299e-02 2.583024092018604279e-02 6.375473737716674805e-02 1.093748491257429123e-02 7.223036140203475952e-03 5.329630151391029358e-02 1.268425434827804565e-01 2.538440562784671783e-02 1.389718428254127502e-02 4.931567981839179993e-02 1.531431451439857483e-02 9.160506539046764374e-03 1.674197264946997166e-03 4.127570241689682007e-02 3.603053838014602661e-02 3.794382512569427490e-02 2.438360592350363731e-03 4.106296226382255554e-03 3.260186314582824707e-02 2.592218108475208282e-02 7.825376465916633606e-03 2.778514102101325989e-02 2.127760276198387146e-02 1.161332428455352783e-02 1.649870909750461578e-02 1.854320056736469269e-02 6.079569831490516663e-02 4.478152096271514893e-02 2.899451740086078644e-02 6.763731129467487335e-03 2.875285223126411438e-02 6.131692230701446533e-02 5.142272263765335083e-02 2.067656628787517548e-02 1.071655675768852234e-01 3.200668469071388245e-02 2.247315272688865662e-02 1.939891092479228973e-02 3.054450964555144310e-03 1.992715708911418915e-02 8.374865353107452393e-02 1.940087825059890747e-01 1.015653386712074280e-01 7.234947383403778076e-02 2.566302008926868439e-02 8.452224545180797577e-03 1.209753379225730896e-02 7.455255836248397827e-02 1.614089310169219971e-02 6.662521511316299438e-02 1.754081621766090393e-02 1.159153785556554794e-02 2.516950480639934540e-03 7.226800918579101562e-02 4.371981322765350342e-02 1.590507477521896362e-02 8.775505237281322479e-03 4.544526804238557816e-03 1.257126312702894211e-02 7.450236938893795013e-03 3.359804674983024597e-02 3.725878521800041199e-02 3.585984557867050171e-02 9.006659500300884247e-03 2.350812032818794250e-02 2.985508413985371590e-03 1.090654404833912849e-03 1.831526681780815125e-02 2.404226548969745636e-02 1.683567278087139130e-02 3.717032447457313538e-02 5.133784841746091843e-03 7.263602223247289658e-03 1.624131202697753906e-02 4.690361768007278442e-02 7.757664192467927933e-03 2.383829466998577118e-02 5.018105730414390564e-02 4.998154565691947937e-02 7.626129686832427979e-02
6.481987237930297852e-02 7.100916653871536255e-02 8.456216193735599518e-03 7.256537210196256638e-03 5.618833005428314209e-03 7.114205509424209595e-03 1.421578135341405869e-02 3.862975537776947021e-02 5.769398529082536697e-03 2.796666324138641357e-02 1.595313847064971924e-01 6.930260453373193741e-03 6.145174056291580200e-02 1.589962840080261230e-02 4.170823097229003906e-02 2.820222266018390656e-02 3.419754654169082642e-02 1.200164668262004852e-02 2.577335573732852936e-03 1.055342238396406174e-02 2.120988816022872925e-02 3.423477336764335632e-02 2.664992026984691620e-02 1.184901595115661621e-02 2.394203096628189087e-02 9.072537533938884735e-03 2.613701671361923218e-02 2.205472439527511597e-02 5.239798501133918762e-02 1.076701446436345577e-03 6.163985282182693481e-02 1.318699680268764496e-02 1.935181953012943268e-02 2.689457871019840240e-02 2.133847028017044067e-02 4.257392510771751404e-02 2.745840884745121002e-02 1.135411206632852554e-03 1.121068466454744339e-02 4.802334681153297424e-02 9.332479909062385559e-03 2.954926900565624237e-02 2.559201978147029877e-02 3.324740752577781677e-02 2.353598363697528839e-02 6.264263647608458996e-04 3.283319529145956039e-04 4.485972691327333450e-03 9.782628156244754791e-03 4.743986949324607849e-02 2.344715036451816559e-02 2.036427333950996399e-02 4.757064580917358398e-02 1.042273826897144318e-02 3.417893126606941223e-02 2.589790336787700653e-02 3.825417533516883850e-02 2.110037207603454590e-02 1.043323241174221039e-02 6.891836877912282944e-03 1.625547930598258972e-02 1.073227357119321823e-02 6.479959469288587570e-03 5.283129867166280746e-03 6.640587002038955688e-02 3.010402806103229523e-02 7.195886573754251003e-04 3.969572950154542923e-03 1.421670056879520416e-02 2.587402611970901489e-02 3.160269930958747864e-02 1.072563230991363525e-02 3.272255510091781616e-02 2.837929129600524902e-02 4.254982993006706238e-02 2.738568559288978577e-02 2.870355546474456787e-02 1.342361140996217728e-02 3.525990620255470276e-02 5.570770706981420517e-03 1.631440035998821259e-02 2.318148501217365265e-02 3.693831339478492737e-02 1.360159087926149368e-02 1.461143605411052704e-02 1.796905510127544403e-02 6.149883940815925598e-02 9.842966683208942413e-03 2.832717821002006531e-02 3.964689094573259354e-03 1.489937398582696915e-02 6.164288893342018127e-02 1.367355789989233017e-02 4.861214663833379745e-03 5.762844346463680267e-03 1.544019486755132675e-02 2.267753705382347107e-02 8.577905595302581787e-03 2.569511346518993378e-02 2.715197764337062836e-02 4.534926731139421463e-03 1.782963611185550690e-02 6.896309787407517433e-04 3.101478330790996552e-03 3.918986022472381592e-02 1.710931397974491119e-02 8.725210092961788177e-03 2.996829804033041000e-03 1.623035990633070469e-03 1.449915952980518341e-02 6.973304320126771927e-03 8.915125392377376556e-03 1.382140070199966431e-02 2.763006463646888733e-02 1.029680832289159298e-03 1.552257500588893890e-02
7.564259227365255356e-03 1.682735793292522430e-02 3.531054407358169556e-02 4.902607295662164688e-03 2.314735017716884613e-02 6.436041742563247681e-02 9.109906107187271118e-02 1.647820882499217987e-02 7.738176267594099045e-03 3.496390581130981445e-02 6.930260453373193741e-03 1.904179453849792480e-01 2.474500983953475952e-02 1.750521063804626465e-01 4.615172371268272400e-02 1.504425052553415298e-02 1.516570337116718292e-02 5.074547603726387024e-02 2.439775038510560989e-03 3.861947730183601379e-02 9.147964417934417725e-03 8.728915709070861340e-04 9.757216321304440498e-05 3.619221597909927368e-02 1.834030263125896454e-02 2.833072654902935028e-02 9.566015563905239105e-03 3.525849059224128723e-02 5.946259479969739914e-03 1.438354235142469406e-02 9.265255648642778397e-04 4.122063517570495605e-02 7.239517290145158768e-03 4.081045463681221008e-02 1.082541793584823608e-02 1.188628841191530228e-02 1.567438803613185883e-02 2.183266333304345608e-04 2.031720615923404694e-02 2.444978617131710052e-02 1.813422515988349915e-02 1.268265419639647007e-03 9.414339438080787659e-03 1.164425350725650787e-02 1.533997505903244019e-01 1.640366315841674805e-01 2.157601714134216309e-02 7.013249397277832031e-02 2.619587071239948273e-02 4.974920675158500671e-02 7.290045917034149170e-02 1.004256829619407654e-01 7.430306635797023773e-03 4.174598958343267441e-03 7.148790359497070312e-02 1.389067992568016052e-02 4.192945198155939579e-04 2.296201884746551514e-02 1.228735689073801041e-02 1.276997104287147522e-02 2.128970995545387268e-02 2.405066741630434990e-03 3.657338023185729980e-02 5.050056613981723785e-03 1.008898112922906876e-02 3.215454518795013428e-02 2.946390025317668915e-02 7.863826118409633636e-03 1.848111674189567566e-02 1.252576988190412521e-02 6.773825269192457199e-03 1.242379657924175262e-03 2.682569064199924469e-02 1.227569021284580231e-02 7.407245691865682602e-03 3.643756266683340073e-03 3.111176565289497375e-02 2.775061503052711487e-02 1.733107864856719971e-02 2.220034832134842873e-03 2.239966951310634613e-02 9.206030517816543579e-03 3.025571070611476898e-02 1.489417813718318939e-02 5.571777746081352234e-02 3.688321262598037720e-02 6.534671410918235779e-03 3.145829588174819946e-02 7.295515388250350952e-02 8.907662332057952881e-02 8.858324959874153137e-03 5.557874683290719986e-03 3.596993535757064819e-02 2.105298265814781189e-02 4.922306910157203674e-02 1.773522980511188507e-02 2.147275395691394806e-02 2.941960992757230997e-04 4.103150591254234314e-02 5.191657319664955139e-02 8.253910578787326813e-03 1.414826512336730957e-02 3.903397172689437866e-02 6.688403431326150894e-03 1.382331084460020065e-02 4.024539887905120850e-02 1.720946468412876129e-02 2.363130636513233185e-02 1.472596824169158936e-02 2.247869595885276794e-02 4.241600167006254196e-03 1.241596415638923645e-02 5.322740878909826279e-03 5.168387666344642639e-02 1.952849794179201126e-03 4.135073348879814148e-02
7.935263961553573608e-02 8.975990116596221924e-02 2.082580327987670898e-02 1.195022650063037872e-02 2.234158851206302643e-02 2.662494778633117676e-03 1.603644341230392456e-02 2.823788486421108246e-02 1.315508969128131866e-02 3.725106269121170044e-02 6.145174056291580200e-02 2.474500983953475952e-02 1.706990152597427368e-01 3.809032589197158813e-02 5.050077661871910095e-02 2.241264656186103821e-02 4.045246541500091553e-02 2.821664139628410339e-02 9.437925182282924652e-03 1.808604598045349121e-02 1.641093939542770386e-02 2.929380722343921661e-02 1.244818419218063354e-02 1.076193340122699738e-02 3.030846081674098969e-02 1.764404401183128357e-02 1.221258658915758133e-02 3.442970663309097290e-02 1.279770024120807648e-02 5.779699422419071198e-03 2.127266861498355865e-02 3.307677060365676880e-02 9.644947946071624756e-03 3.809744492173194885e-02 2.985540218651294708e-02 2.902712672948837280e-02 3.423355147242546082e-02 1.623193919658660889e-02 2.088976092636585236e-02 2.821343019604682922e-02 2.375139668583869934e-02 2.701259404420852661e-02 2.354764565825462341e-02 9.388185106217861176e-03 3.545103222131729126e-02 1.240751892328262329e-02 4.838995635509490967e-03 1.399914640933275223e-02 2.437108196318149567e-02 3.584492579102516174e-02 2.330579049885272980e-02 2.017921768128871918e-02 2.909015677869319916e-02 2.425500191748142242e-02 6.497066468000411987e-02 2.113885991275310516e-02 1.813648641109466553e-02 1.845791749656200409e-02 1.281736232340335846e-02 8.794059045612812042e-03 3.575609251856803894e-02 5.036896094679832458e-03 1.121846586465835571e-02 4.936038982123136520e-03 2.725003473460674286e-02 3.032721206545829773e-02 2.078568004071712494e-02 3.159511834383010864e-03 6.448560860008001328e-03 1.760825887322425842e-02 1.429559290409088135e-02 1.663674414157867432e-02 2.160261198878288269e-02 8.523259311914443970e-03 3.005961701273918152e-02 1.056738849729299545e-02 2.003538049757480621e-02 1.812777854502201080e-02 4.231089353561401367e-02 1.473572757095098495e-02 1.136867236346006393e-02 4.326330032199621201e-03 2.042518369853496552e-02 2.079696953296661377e-02 2.779650874435901642e-02 2.799110859632492065e-02 4.133286327123641968e-02 2.256825193762779236e-02 3.279943391680717468e-02 4.409867152571678162e-02 2.158140577375888824e-02 3.125534579157829285e-02 8.209590800106525421e-03 2.133801952004432678e-02 2.501920424401760101e-02 1.153105869889259338e-02 9.363538585603237152e-03 6.971364840865135193e-03 2.687163278460502625e-02 2.697759121656417847e-02 1.314115803688764572e-02 7.607946172356605530e-03 1.178332231938838959e-02 8.343274705111980438e-03 2.031050994992256165e-02 4.048903938382863998e-03 2.710210718214511871e-02 1.149517204612493515e-02 3.293310105800628662e-02 6.359549239277839661e-03 6.798801943659782410e-03 1.691149361431598663e-02 5.515105440281331539e-04 1.399722322821617126e-02 1.373289152979850769e-02 2.015758119523525238e-02
