4.932216182351112366e-02 1.242051497101783752e-01 2.543671755120158195e-03 7.468038704246282578e-03 1.033155899494886398e-02 8.843629807233810425e-02 6.314350664615631104e-02 7.337492890655994415e-03 3.932801634073257446e-02 4.888827726244926453e-02 6.778857856988906860e-02 2.558829262852668762e-02 6.683396548032760620e-02 8.909405209124088287e-03 3.676085919141769409e-02 2.782493270933628082e-02 3.137253969907760620e-02 2.533217705786228180e-02 3.541065007448196411e-02 1.758328266441822052e-02 9.696379303932189941e-03 4.275550134479999542e-03 9.852835908532142639e-03 3.567831590771675110e-02 4.403305426239967346e-02 4.117592051625251770e-02 1.797156222164630890e-02 3.463320434093475342e-02 1.196730136871337891e-02 1.278093457221984863e-02 2.847737073898315430e-02 2.385595813393592834e-02 5.495198443531990051e-02 2.087656781077384949e-02 4.520764574408531189e-02 2.380507998168468475e-03 1.731874421238899231e-02 1.826649717986583710e-02 2.325109392404556274e-02 3.567501902580261230e-02 2.850932255387306213e-02 2.752251550555229187e-02 7.445795089006423950e-02 5.159547086805105209e-03 3.059702180325984955e-02 1.408138219267129898e-02 6.137338280677795410e-02 2.010820619761943817e-02 4.030170850455760956e-03 5.350471287965774536e-02 4.856040701270103455e-02 3.037230856716632843e-02 1.645300164818763733e-02 2.651297301054000854e-02 1.711227931082248688e-02 2.665153704583644867e-03 2.459936030209064484e-02 1.943539478816092014e-03 3.484655171632766724e-02 2.695696428418159485e-02 4.703411832451820374e-02 2.560122869908809662e-02 3.717234358191490173e-03 5.185655131936073303e-02 9.587062522768974304e-03 9.942937642335891724e-03 4.931564629077911377e-02 2.377658709883689880e-02 5.184784997254610062e-03 4.143087565898895264e-02 1.580366492271423340e-02 8.508923463523387909e-03 3.858828917145729065e-02 9.924241341650485992e-03 1.727168820798397064e-02 6.218185881152749062e-04 3.843227028846740723e-02 5.973223224282264709e-02 3.184845671057701111e-03 2.831598976626992226e-03 8.212812244892120361e-02 5.146093666553497314e-02 5.164367333054542542e-02 6.382045801728963852e-03 1.157863438129425049e-02 2.094268612563610077e-02 2.347950823605060577e-02 2.403667010366916656e-02 6.997486576437950134e-03 3.874553367495536804e-02 4.480627179145812988e-02 1.258997619152069092e-02 1.471133437007665634e-02 5.983891431242227554e-03 1.167668867856264114e-02 4.056821763515472412e-02 3.344055637717247009e-02 4.360045772045850754e-03 2.718046680092811584e-02 2.898461371660232544e-02 4.176355898380279541e-02 1.455186959356069565e-02 6.031898036599159241e-02 1.021420024335384369e-02 2.988356724381446838e-02 5.205296725034713745e-02 1.444757916033267975e-02 1.372981537133455276e-02 2.134184725582599640e-02 3.283316642045974731e-02 1.286440622061491013e-02 5.279855057597160339e-02 2.134885266423225403e-02 4.176264628767967224e-03 2.633659169077873230e-02 3.356951475143432617e-02
1.242051497101783752e-01 5.336066335439682007e-02 1.460542250424623489e-02 3.057943098247051239e-02 2.094086632132530212e-02 8.687622845172882080e-02 5.729265138506889343e-02 2.186076529324054718e-02 1.831240393221378326e-02 9.828886017203330994e-03 7.471235096454620361e-02 4.212996363639831543e-02 8.481502532958984375e-02 2.205926552414894104e-02 4.321094974875450134e-02 1.919811964035034180e-02 4.363159835338592529e-02 2.773487381637096405e-02 2.701710164546966553e-02 3.340198472142219543e-02 3.168122842907905579e-02 2.854181267321109772e-02 7.238958962261676788e-03 2.738602645695209503e-02 1.865588314831256866e-02 2.287510037422180176e-02 3.304911404848098755e-02 1.262010540813207626e-02 2.816293947398662567e-02 6.432495079934597015e-03 4.775638505816459656e-02 1.371844857931137085e-02 5.995719134807586670e-02 1.651441864669322968e-02 1.675824262201786041e-02 1.433627121150493622e-02 2.431767992675304413e-02 4.863184317946434021e-02 2.240104973316192627e-02 3.703640773892402649e-02 4.560413304716348648e-03 7.811937946826219559e-03 3.789126058109104633e-04 3.200266882777214050e-02 5.014099925756454468e-02 2.169752679765224457e-02 7.412999868392944336e-02 2.620411664247512817e-02 7.592184003442525864e-03 4.238304868340492249e-02 1.329402439296245575e-02 1.197645906358957291e-02 7.352460641413927078e-03 1.471600588411092758e-02 1.676028594374656677e-02 7.419808767735958099e-03 4.042821377515792847e-02 9.544651024043560028e-03 3.087228536605834961e-02 1.117712468840181828e-03 1.343862805515527725e-02 1.454284414649009705e-02 3.270338475704193115e-02 2.065101452171802521e-02 3.573947027325630188e-02 6.606034934520721436e-02 4.092147201299667358e-02 3.837493015453219414e-03 9.522007778286933899e-03 5.268981307744979858e-02 2.450921572744846344e-02 3.242577239871025085e-02 6.944208871573209763e-03 2.857726253569126129e-02 1.157404971309006214e-03 1.273970585316419601e-02 8.768379688262939453e-03 1.693127524049486965e-05 1.039572432637214661e-02 1.180425845086574554e-02 5.914867669343948364e-02 4.582977667450904846e-02 3.061530552804470062e-02 1.817448064684867859e-02 2.506713382899761200e-03 2.243989519774913788e-02 2.266430668532848358e-02 8.361166715621948242e-02 9.006230160593986511e-03 1.677666325122117996e-03 6.554106622934341431e-02 2.674565650522708893e-02 2.247815951704978943e-02 6.581005454063415527e-02 2.819856442511081696e-02 5.248665343970060349e-03 1.785604842007160187e-02 9.754710830748081207e-03 2.121600881218910217e-02 2.627893723547458649e-02 7.653478533029556274e-03 5.095439963042736053e-03 2.862068265676498413e-02 3.203088417649269104e-03 1.378254033625125885e-02 1.382227521389722824e-02 9.633006528019905090e-03 2.478777244687080383e-02 1.885965839028358459e-02 2.274335548281669617e-02 1.759952679276466370e-02 3.066491521894931793e-02 1.768662780523300171e-02 3.290340304374694824e-02 4.957303777337074280e-02 2.810473088175058365e-03
2.543671755120158195e-03 1.460542250424623489e-02 1.959030888974666595e-02 6.607998162508010864e-02 6.085457280278205872e-02 4.506490752100944519e-02 5.928184837102890015e-02 1.492226421833038330e-01 1.837933668866753578e-03 1.139697968028485775e-03 1.531318062916398048e-03 7.119034882634878159e-03 4.040152952075004578e-02 4.689678549766540527e-03 3.253641724586486816e-02 1.573865674436092377e-02 2.271182648837566376e-02 7.405593991279602051e-02 1.283729355782270432e-02 1.316267699003219604e-01 9.288835525512695312e-02 3.704567998647689819e-02 2.311606332659721375e-02 6.334248930215835571e-02 3.116274997591972351e-02 5.427528917789459229e-02 1.153117511421442032e-02 4.996705055236816406e-02 4.123879596590995789e-02 5.319806747138500214e-03 2.441490814089775085e-02 4.251804947853088379e-02 1.054107099771499634e-01 2.753158099949359894e-02 3.754435479640960693e-02 3.116021491587162018e-02 4.026041924953460693e-02 5.082495510578155518e-02 5.875585973262786865e-02 5.787540599703788757e-02 1.131036598235368729e-02 3.525336831808090210e-02 4.233151557855308056e-04 6.224500481039285660e-03 7.782160490751266479e-02 2.552103437483310699e-02 1.646296679973602295e-02 1.396014913916587830e-02 3.293990716338157654e-02 8.227693033404648304e-04 5.417765676975250244e-02 2.524607256054878235e-02 6.131121143698692322e-02 2.623958140611648560e-02 2.457105740904808044e-02 7.328470796346664429e-02 2.892828546464443207e-02 1.097786352038383484e-01 4.255168884992599487e-02 3.431413695216178894e-02 1.203310675919055939e-02 1.264580991119146347e-02 3.260466456413269043e-02 1.419551111757755280e-02 1.160080637782812119e-02 4.100875594303943217e-05 3.119406988844275475e-03 1.163303107023239136e-02 9.669946134090423584e-02 3.136250376701354980e-02 7.882084697484970093e-02 8.660922944545745850e-02 6.599102169275283813e-02 3.683784510940313339e-03 2.524306997656822205e-02 7.958556711673736572e-02 4.586230590939521790e-02 5.449106544256210327e-02 3.149010241031646729e-02 3.970336169004440308e-02 1.560953706502914429e-01 3.577730804681777954e-02 5.686327815055847168e-02 6.809400767087936401e-02 4.986291006207466125e-02 8.930480107665061951e-03 2.334684319794178009e-02 4.718142375349998474e-02 1.462512649595737457e-02 7.562636863440275192e-03 2.047593891620635986e-02 2.808811143040657043e-02 4.615935683250427246e-02 2.698114141821861267e-02 8.132678456604480743e-03 3.534992039203643799e-02 5.753714218735694885e-02 6.473563611507415771e-02 2.158222952857613564e-03 2.850473858416080475e-02 1.902871765196323395e-02 5.473214387893676758e-02 2.871392481029033661e-02 4.474918544292449951e-02 1.240963637828826904e-01 7.232403848320245743e-03 4.113548249006271362e-02 7.141087949275970459e-02 4.715665057301521301e-02 1.158522255718708038e-02 8.820730447769165039e-02 9.321601130068302155e-03 5.889162048697471619e-02 2.487196819856762886e-03 3.858567774295806885e-02 5.046622082591056824e-02
7.468038704246282578e-03 3.057943098247051239e-02 6.607998162508010864e-02 1.127525866031646729e-01 1.169579848647117615e-01 1.569002866744995117e-02 9.666258469223976135e-03 1.797640696167945862e-02 1.682638772763311863e-03 2.717895433306694031e-02 5.805957596749067307e-03 5.888278782367706299e-02 1.349427271634340286e-02 5.014987662434577942e-02 6.080028787255287170e-02 2.758477069437503815e-02 8.445871993899345398e-03 6.255111098289489746e-02 9.266515076160430908e-02 2.377641946077346802e-02 1.127649913541972637e-03 3.786620870232582092e-02 2.391947060823440552e-02 1.311270520091056824e-03 3.689140826463699341e-02 6.148773804306983948e-02 2.493056841194629669e-02 1.079863123595714569e-02 2.034234628081321716e-02 2.547251991927623749e-02 1.612863503396511078e-02 5.553158745169639587e-02 2.127536572515964508e-02 7.595665007829666138e-02 1.709570735692977905e-02 4.336183145642280579e-02 7.099766749888658524e-03 1.001513283699750900e-02 4.713369160890579224e-02 5.476433411240577698e-02 4.376956820487976074e-02 3.996529430150985718e-02 1.240345649421215057e-02 7.611257024109363556e-05 3.466903045773506165e-02 2.236019819974899292e-02 9.301586076617240906e-03 4.374493844807147980e-03 9.658057242631912231e-03 1.038005389273166656e-02 5.555381998419761658e-02 1.604169793426990509e-02 1.254043169319629669e-02 4.395160451531410217e-02 3.733580932021141052e-02 1.594731584191322327e-02 2.345198020339012146e-02 3.109420940745621920e-04 3.125201538205146790e-02 4.004965350031852722e-02 3.747014328837394714e-02 9.042672067880630493e-02 7.857538014650344849e-02 3.063253872096538544e-02 6.766908336430788040e-03 4.029193427413702011e-03 1.879463158547878265e-02 4.399728029966354370e-02 7.968517392873764038e-02 8.446839451789855957e-02 1.031365618109703064e-01 4.712791182100772858e-03 1.360845118761062622e-01 2.780332975089550018e-02 1.086136177182197571e-01 2.720892243087291718e-02 6.055960431694984436e-02 3.388831019401550293e-02 2.695584669709205627e-02 6.301735993474721909e-04 1.120366156101226807e-02 2.752458490431308746e-02 3.290493786334991455e-02 4.355480894446372986e-02 5.214486271142959595e-02 1.101178582757711411e-02 2.249572612345218658e-02 1.481858314946293831e-03 6.927490979433059692e-02 6.315700709819793701e-02 3.433488309383392334e-02 1.985765621066093445e-02 1.052334345877170563e-02 6.201498210430145264e-02 2.522663958370685577e-02 9.177682921290397644e-03 2.474445104598999023e-02 2.597183221951127052e-03 3.501839563250541687e-02 1.533686835318803787e-02 1.403761375695466995e-02 3.236053511500358582e-02 1.930189877748489380e-02 4.112754389643669128e-02 3.965248912572860718e-02 1.467003580182790756e-02 2.960898913443088531e-02 4.924945533275604248e-02 3.099899180233478546e-02 1.766188442707061768e-02 1.659832708537578583e-02 1.638230122625827789e-02 2.461411245167255402e-02 4.987610131502151489e-02 2.182055637240409851e-02 1.859785430133342743e-02
1.033155899494886398e-02 2.094086632132530212e-02 6.085457280278205872e-02 1.169579848647117615e-01 1.470153480768203735e-01 3.539120778441429138e-02 1.264291256666183472e-02 5.230135843157768250e-02 7.826039567589759827e-03 3.831829503178596497e-02 1.577939465641975403e-02 1.803163252770900726e-02 2.585555799305438995e-02 2.526501007378101349e-02 1.294761803001165390e-02 6.788954883813858032e-02 3.310464322566986084e-02 3.162517445161938667e-03 1.544734388589859009e-01 1.108955475501716137e-03 5.233500152826309204e-03 4.277014732360839844e-02 2.298585325479507446e-02 1.983376592397689819e-02 3.377541899681091309e-02 6.927140057086944580e-03 1.778082363307476044e-02 3.220663592219352722e-02 1.006420608609914780e-02 4.915201291441917419e-02 1.153087615966796875e-02 1.894985884428024292e-02 2.044070325791835785e-02 4.734263569116592407e-02 5.148627236485481262e-02 3.767441492527723312e-03 4.124113544821739197e-02 2.952924743294715881e-02 5.934708565473556519e-02 5.946688726544380188e-02 1.920249126851558685e-02 1.794684119522571564e-02 6.325152516365051270e-02 4.674215242266654968e-02 6.324324011802673340e-02 8.296481519937515259e-02 3.170235455036163330e-02 1.509687490761280060e-02 3.686524927616119385e-02 3.083590045571327209e-02 6.438597291707992554e-02 2.680231444537639618e-02 6.386219710111618042e-02 3.615453466773033142e-02 3.397823870182037354e-02 5.505119636654853821e-02 6.031391397118568420e-02 7.574912160634994507e-02 4.882020875811576843e-02 4.960687458515167236e-02 7.583534810692071915e-03 9.761156886816024780e-02 7.092838734388351440e-02 1.052801087498664856e-01 1.729718968272209167e-02 3.087987750768661499e-02 1.696395128965377808e-02 4.648972675204277039e-02 1.157010998576879501e-02 4.311001300811767578e-02 5.693105980753898621e-02 3.501504659652709961e-02 7.253047823905944824e-02 2.674151398241519928e-02 1.011660769581794739e-01 3.258541924878954887e-03 4.752594605088233948e-02 1.310170534998178482e-02 5.857637617737054825e-03 5.229647085070610046e-02 2.613567514345049858e-03 3.526918590068817139e-02 1.151580959558486938e-01 1.695595830678939819e-01 5.253792926669120789e-02 3.093772381544113159e-02 3.887343406677246094e-02 6.499072909355163574e-02 3.603122383356094360e-02 6.405501160770654678e-03 1.345507521182298660e-02 1.190264709293842316e-03 2.706051059067249298e-02 5.969224870204925537e-02 1.814573071897029877e-02 3.691015020012855530e-02 6.248813588172197342e-03 2.237349562346935272e-02 1.418261788785457611e-02 1.353849098086357117e-02 3.564168512821197510e-02 1.093691401183605194e-02 2.615453675389289856e-02 2.202531695365905762e-02 1.486510597169399261e-02 2.788011357188224792e-02 2.036503329873085022e-02 3.496385365724563599e-02 9.348915889859199524e-03 2.785575017333030701e-02 3.349763154983520508e-02 4.439718089997768402e-03 5.359796062111854553e-02 4.948756843805313110e-02 3.762235864996910095e-02 6.326565891504287720e-02
8.843629807233810425e-02 8.687622845172882080e-02 4.506490752100944519e-02 1.569002866744995117e-02 3.539120778441429138e-02 6.034488230943679810e-02 1.964843720197677612e-01 9.184068068861961365e-03 2.269464731216430664e-02 4.405245557427406311e-02 3.125572577118873596e-02 1.638650707900524139e-02 2.806813083589076996e-02 4.095902666449546814e-02 1.733752526342868805e-02 9.448164142668247223e-03 4.017512500286102295e-02 4.451347980648279190e-03 7.187924534082412720e-02 9.956799447536468506e-03 1.828394643962383270e-02 5.448669940233230591e-02 1.775667816400527954e-02 1.381426211446523666e-02 5.376799777150154114e-02 3.229753300547599792e-02 3.039247915148735046e-02 1.162517443299293518e-02 6.304697692394256592e-02 3.029807098209857941e-02 9.758549183607101440e-02 6.892156600952148438e-02 4.194606095552444458e-03 4.931343719363212585e-02 5.236439872533082962e-03 2.017996832728385925e-02 2.116201259195804596e-02 4.367684200406074524e-02 4.457660764455795288e-02 2.241232804954051971e-02 3.464807989075779915e-03 3.198490291833877563e-02 5.010830610990524292e-02 5.907132104039192200e-02 4.449335113167762756e-02 2.211621217429637909e-02 1.456214785575866699e-01 7.850109785795211792e-02 3.817650675773620605e-02 2.129613608121871948e-02 1.736547052860260010e-02 2.955681085586547852e-02 3.782657533884048462e-02 2.070635929703712463e-02 2.310767583549022675e-02 2.106516063213348389e-02 1.638635993003845215e-02 9.427203238010406494e-02 6.636994890868663788e-03 3.371274098753929138e-02 2.448330074548721313e-02 3.176516667008399963e-02 1.552741136401891708e-02 2.785061858594417572e-02 5.657815560698509216e-02 5.853324010968208313e-02 6.590522825717926025e-02 1.877465099096298218e-02 3.620407730340957642e-02 1.169829145073890686e-01 1.251182332634925842e-02 8.974936790764331818e-03 2.596398815512657166e-02 5.989202857017517090e-02 2.944181300699710846e-02 1.890951022505760193e-02 2.817029133439064026e-03 3.814391419291496277e-02 5.306463688611984253e-02 8.446180075407028198e-02 9.975793072953820229e-04 9.771354962140321732e-04 5.818724166601896286e-03 6.549975751113379374e-06 4.451103042811155319e-03 9.771972149610519409e-02 3.628902137279510498e-02 3.025217726826667786e-02 5.185426771640777588e-02 5.602379515767097473e-02 3.438666462898254395e-02 8.018583059310913086e-03 6.274913251399993896e-02 5.173369869589805603e-02 6.191694177687168121e-03 6.814613193273544312e-02 1.204753280035220087e-04 2.075390890240669250e-02 3.994320984929800034e-03 2.880477346479892731e-02 4.361417144536972046e-02 2.951452508568763733e-02 1.139541622251272202e-02 2.378308773040771484e-02 1.978438347578048706e-03 3.597201406955718994e-02 9.555820375680923462e-03 2.836272865533828735e-02 2.385416440665721893e-02 3.066168399527668953e-03 7.638838887214660645e-02 5.118663981556892395e-02 1.672131009399890900e-02 5.848749354481697083e-02 1.442578732967376709e-01 4.279085248708724976e-02
6.314350664615631104e-02 5.729265138506889343e-02 5.928184837102890015e-02 9.666258469223976135e-03 1.264291256666183472e-02 1.964843720197677612e-01 5.483934283256530762e-02 1.949109137058258057e-03 3.360081836581230164e-02 3.332650661468505859e-02 3.641729056835174561e-02 2.206507697701454163e-02 3.197292238473892212e-02 4.460988566279411316e-02 3.385671228170394897e-02 2.739614248275756836e-02 2.718751132488250732e-02 4.540501162409782410e-02 3.587356582283973694e-02 8.154882118105888367e-03 2.458076365292072296e-02 5.301162134855985641e-03 6.775281392037868500e-03 8.992927148938179016e-03 3.421025723218917847e-02 6.194222718477249146e-03 2.439894899725914001e-02 3.978152759373188019e-03 8.673885837197303772e-03 2.573690749704837799e-02 2.851570956408977509e-03 1.483347732573747635e-02 2.384128421545028687e-02 3.485647588968276978e-02 3.719210252165794373e-02 2.234861627221107483e-02 1.195522584021091461e-02 1.213986892253160477e-03 4.354180023074150085e-02 3.389238566160202026e-02 3.587238490581512451e-02 3.275260329246520996e-03 2.657951973378658295e-02 1.178551614284515381e-01 5.430014804005622864e-03 4.043249413371086121e-03 1.027205139398574829e-01 1.024543866515159607e-01 3.764669597148895264e-02 1.841777004301548004e-02 3.090767888352274895e-03 1.174162421375513077e-02 3.596639260649681091e-02 3.997829183936119080e-02 9.439457207918167114e-04 1.427500601857900620e-02 1.527290232479572296e-02 8.252233266830444336e-02 3.661672398447990417e-02 3.234997624531388283e-03 1.667149923741817474e-02 2.494507655501365662e-02 9.378899820148944855e-03 2.943170256912708282e-03 4.775163717567920685e-03 1.904992014169692993e-02 9.154727682471275330e-03 6.771307438611984253e-03 2.789285220205783844e-02 6.640369538217782974e-03 3.587224334478378296e-02 7.873805239796638489e-03 3.970177099108695984e-02 1.337513700127601624e-02 1.385951880365610123e-02 3.334126994013786316e-02 1.576886884868144989e-02 1.075501553714275360e-02 5.659693107008934021e-02 6.932314485311508179e-02 3.791489824652671814e-02 6.576096056960523129e-04 1.676508225500583649e-02 2.095284871757030487e-03 5.802589654922485352e-02 4.692631959915161133e-02 2.070302516222000122e-02 3.770249336957931519e-02 2.124576084315776825e-02 3.678149729967117310e-02 4.819821193814277649e-02 2.309571253135800362e-03 6.874565780162811279e-02 4.091846570372581482e-02 5.945933237671852112e-02 5.200485512614250183e-02 4.387041553854942322e-02 1.167942676693201065e-02 1.685719378292560577e-02 1.957538910210132599e-02 3.437112644314765930e-02 9.395225904881954193e-03 1.047201827168464661e-02 2.739818021655082703e-02 3.948644548654556274e-02 4.922981024719774723e-04 1.916953362524509430e-02 1.829602010548114777e-02 1.030471455305814743e-02 3.868408501148223877e-02 5.748272314667701721e-02 3.800547868013381958e-02 2.981725893914699554e-02 5.170889198780059814e-02 6.239187903702259064e-03 6.606817245483398438e-02
7.337492890655994415e-03 2.186076529324054718e-02 1.492226421833038330e-01 1.797640696167945862e-02 5.230135843157768250e-02 9.184068068861961365e-03 1.949109137058258057e-03 5.472465232014656067e-02 5.689373984932899475e-02 2.271765843033790588e-02 7.455053273588418961e-03 6.412433832883834839e-02 1.562299579381942749e-02 3.163820877671241760e-02 6.423427909612655640e-02 1.302033960819244385e-01 1.411594301462173462e-01 4.093726724386215210e-02 1.335027813911437988e-01 8.064717054367065430e-02 5.374101176857948303e-02 4.889425355941057205e-03 1.065664738416671753e-02 5.234441906213760376e-02 1.340304035693407059e-02 6.241204589605331421e-02 3.459574654698371887e-02 1.153437606990337372e-02 1.024671643972396851e-02 4.221552610397338867e-02 6.454428285360336304e-02 3.898913413286209106e-02 2.018568851053714752e-02 2.068891189992427826e-02 4.096920043230056763e-02 3.183129802346229553e-02 4.504427313804626465e-02 9.784941375255584717e-02 2.830532006919384003e-02 3.726010024547576904e-02 8.529094606637954712e-02 4.072567820549011230e-02 1.231675967574119568e-02 4.089624620974063873e-03 6.714216899126768112e-03 2.187101729214191437e-02 1.044476218521595001e-02 2.805671654641628265e-02 4.179270472377538681e-03 1.386683899909257889e-02 4.316455870866775513e-02 3.529717400670051575e-02 5.024449154734611511e-02 5.744094029068946838e-03 1.741678081452846527e-02 4.791096225380897522e-02 1.828863658010959625e-02 7.395253516733646393e-03 1.040403395891189575e-01 3.354445099830627441e-03 2.673704549670219421e-02 6.494005024433135986e-02 2.698998525738716125e-02 3.500685468316078186e-02 2.281360700726509094e-02 6.165269762277603149e-02 4.187063314020633698e-03 3.590310225263237953e-03 6.798774749040603638e-02 3.240041807293891907e-02 5.274065583944320679e-02 2.479845285415649414e-02 8.655036799609661102e-03 1.176704838871955872e-02 6.199494749307632446e-02 6.629328709095716476e-03 2.811244875192642212e-02 1.506842300295829773e-02 3.214227780699729919e-02 2.567029930651187897e-02 1.550497114658355713e-01 1.749175786972045898e-01 2.364614047110080719e-02 1.141406521201133728e-01 2.723006159067153931e-02 5.932701006531715393e-02 8.049795031547546387e-02 1.773552969098091125e-02 1.465672533959150314e-02 6.184274330735206604e-02 3.786744549870491028e-02 3.286584466695785522e-02 9.539842605590820312e-02 5.795884132385253906e-02 1.941565982997417450e-02 6.312956660985946655e-02 6.533287465572357178e-02 9.582573547959327698e-03 4.126450791954994202e-02 1.544267777353525162e-02 6.135022640228271484e-02 3.190476074814796448e-02 4.191279783844947815e-02 2.116848528385162354e-02 5.233840271830558777e-02 6.511788815259933472e-02 2.545531839132308960e-02 1.040831767022609711e-02 6.410079449415206909e-02 6.550031155347824097e-02 3.203498572111129761e-02 4.179058223962783813e-02 3.301622346043586731e-02 5.211540311574935913e-02 3.375108912587165833e-02 6.330513954162597656e-02
3.932801634073257446e-02 1.831240393221378326e-02 1.837933668866753578e-03 1.682638772763311863e-03 7.826039567589759827e-03 2.269464731216430664e-02 3.360081836581230164e-02 5.689373984932899475e-02 8.224768191576004028e-02 3.019425272941589355e-02 3.470609337091445923e-02 5.676483735442161560e-02 2.027147635817527771e-02 6.206802278757095337e-02 2.386038377881050110e-02 4.826850816607475281e-02 3.807784244418144226e-02 8.119117468595504761e-02 4.648998379707336426e-02 3.007351607084274292e-02 2.479451149702072144e-02 3.347737342119216919e-02 9.005689062178134918e-03 2.062609605491161346e-02 1.257222611457109451e-02 5.030210316181182861e-02 1.103594433516263962e-02 2.917581796646118164e-02 3.871125355362892151e-02 2.542737638577818871e-03 2.346540801227092743e-03 6.426240783184766769e-03 8.513843640685081482e-03 6.741456687450408936e-02 2.165735326707363129e-02 3.355216234922409058e-02 2.266640402376651764e-02 5.761920008808374405e-03 1.051340252161026001e-03 1.003716420382261276e-02 1.403176807798445225e-03 3.452228382229804993e-02 3.836596384644508362e-02 1.337268762290477753e-02 6.540021393448114395e-03 8.648100309073925018e-03 2.258607186377048492e-02 2.226485870778560638e-02 2.917960844933986664e-02 3.440768644213676453e-02 3.433687612414360046e-02 1.968675293028354645e-03 8.707991801202297211e-04 2.150842733681201935e-02 5.044260248541831970e-02 2.106134966015815735e-02 4.921914264559745789e-02 1.552453543990850449e-02 1.591416634619235992e-02 1.707001356407999992e-03 4.406408593058586121e-02 2.840905077755451202e-02 3.996588289737701416e-02 2.920268289744853973e-02 3.329990431666374207e-02 2.251785993576049805e-02 4.260732326656579971e-03 1.425326336175203323e-02 6.195477768778800964e-02 5.449279770255088806e-02 1.441285945475101471e-02 8.402741700410842896e-02 5.536179058253765106e-03 1.915187947452068329e-02 2.321864478290081024e-02 6.117612123489379883e-02 9.750892221927642822e-02 6.543812155723571777e-02 7.647033780813217163e-02 1.066794339567422867e-02 2.806396782398223877e-02 2.483086101710796356e-02 2.888588234782218933e-02 2.813186682760715485e-02 1.263346895575523376e-02 2.708256803452968597e-02 8.110885322093963623e-02 7.207841426134109497e-02 1.021643728017807007e-01 4.212585091590881348e-02 1.997237652540206909e-02 3.412403911352157593e-02 8.410012349486351013e-03 8.299840986728668213e-02 5.361238867044448853e-02 4.536039754748344421e-02 3.098140703514218330e-03 1.723316311836242676e-02 3.454013913869857788e-02 9.770030155777931213e-03 1.513183768838644028e-02 8.147370070219039917e-03 7.074858248233795166e-02 3.439784049987792969e-02 2.483442239463329315e-02 1.590953581035137177e-02 1.264861039817333221e-02 3.675960749387741089e-02 9.571690112352371216e-03 3.735966235399246216e-02 2.726958692073822021e-02 6.376298516988754272e-02 1.377811096608638763e-02 1.610666327178478241e-02 4.279758036136627197e-02 4.651488270610570908e-03
4.888827726244926453e-02 9.828886017203330994e-03 1.139697968028485775e-03 2.717895433306694031e-02 3.831829503178596497e-02 4.405245557427406311e-02 3.332650661468505859e-02 2.271765843033790588e-02 3.019425272941589355e-02 8.872337639331817627e-02 1.814398542046546936e-02 4.623616486787796021e-02 1.446301583200693130e-02 7.784544676542282104e-02 3.346964716911315918e-02 5.464024841785430908e-02 3.706252202391624451e-02 4.328338056802749634e-02 1.141727417707443237e-01 2.713566459715366364e-02 6.996289640665054321e-02 2.676338516175746918e-02 5.797498300671577454e-02 1.150773167610168457e-01 6.989385932683944702e-02 2.248723059892654419e-02 4.654239490628242493e-02 5.574997141957283020e-02 1.220197137445211411e-02 4.854630678892135620e-02 4.364897322375327349e-04 5.030221119523048401e-02 1.561898458749055862e-02 4.534052219241857529e-03 1.785085164010524750e-02 2.709238603711128235e-02 1.367738284170627594e-02 2.955279313027858734e-02 6.029432639479637146e-02 2.104128524661064148e-02 2.958294749259948730e-02 1.221585273742675781e-02 1.941001415252685547e-02 7.693768478929996490e-03 4.857378825545310974e-02 6.582979112863540649e-02 5.943216383457183838e-04 1.326178293675184250e-02 2.649766765534877777e-02 8.844963461160659790e-02 1.110090501606464386e-02 1.148874405771493912e-02 3.610815107822418213e-02 5.489555001258850098e-02 2.903254469856619835e-03 5.190972611308097839e-02 3.776333481073379517e-02 1.361286733299493790e-02 6.015000119805335999e-02 3.540593385696411133e-02 4.457277059555053711e-02 2.429895289242267609e-02 2.469200640916824341e-02 1.130836829543113708e-02 1.452386146411299706e-03 1.984560117125511169e-02 6.121833622455596924e-02 3.320581465959548950e-02 5.046834051609039307e-02 1.042224094271659851e-01 2.290987968444824219e-02 1.456755958497524261e-02 5.935449153184890747e-03 4.209143295884132385e-02 4.803607612848281860e-02 7.039147894829511642e-03 3.082954883575439453e-02 1.734891384840011597e-01 2.655934169888496399e-02 1.553635448217391968e-01 3.080989234149456024e-02 2.987202070653438568e-02 2.983922511339187622e-02 4.823125153779983521e-02 1.993869431316852570e-02 1.317302435636520386e-01 5.670590698719024658e-02 4.943225905299186707e-02 5.414259061217308044e-02 9.213393926620483398e-02 3.557159379124641418e-02 3.366231173276901245e-02 3.733868524432182312e-02 2.034904435276985168e-02 2.990966895595192909e-03 2.069993317127227783e-02 3.928836062550544739e-02 1.885327883064746857e-02 4.630496725440025330e-02 9.907926619052886963e-02 1.128821261227130890e-02 3.877692297101020813e-02 7.734109461307525635e-02 1.753583492245525122e-04 4.016771912574768066e-02 6.602530926465988159e-02 2.443042211234569550e-02 5.305896699428558350e-02 3.943843767046928406e-03 2.065674215555191040e-02 8.440977334976196289e-02 4.059874638915061951e-02 5.737972911447286606e-03 4.891452938318252563e-02 3.500871732831001282e-02 6.456512957811355591e-02
6.778857856988906860e-02 7.471235096454620361e-02 1.531318062916398048e-03 5.805957596749067307e-03 1.577939465641975403e-02 3.125572577118873596e-02 3.641729056835174561e-02 7.455053273588418961e-03 3.470609337091445923e-02 1.814398542046546936e-02 5.517108365893363953e-02 4.968986846506595612e-03 8.776591718196868896e-02 2.058961801230907440e-02 4.958125762641429901e-03 1.490422245115041733e-02 1.006174250505864620e-03 2.767399884760379791e-02 1.239664386957883835e-02 7.318779081106185913e-02 5.624020844697952271e-02 7.317256927490234375e-02 1.662971638143062592e-02 2.908540703356266022e-02 5.869079753756523132e-02 9.505398338660597801e-04 3.661467507481575012e-02 6.289653480052947998e-02 5.958164483308792114e-02 2.423682622611522675e-02 5.566563457250595093e-02 4.244926944375038147e-02 5.453851819038391113e-02 3.048146516084671021e-02 2.139317058026790619e-02 2.057806029915809631e-02 3.627740591764450073e-02 1.070937141776084900e-02 3.391746804118156433e-02 1.607587561011314392e-02 1.145433448255062103e-02 1.351580675691366196e-02 1.868403516709804535e-02 3.816115856170654297e-02 5.283756181597709656e-03 1.793950609862804413e-02 5.829719081521034241e-02 2.683968842029571533e-02 1.593513600528240204e-02 1.544565614312887192e-02 3.615077957510948181e-02 5.365000106394290924e-04 3.716750815510749817e-02 3.485064581036567688e-02 3.488112613558769226e-02 2.762401849031448364e-02 2.920069545507431030e-02 4.569856449961662292e-02 2.277076989412307739e-02 9.100952302105724812e-04 5.031193606555461884e-03 3.643850982189178467e-02 1.046575233340263367e-02 1.167048700153827667e-02 4.980661347508430481e-02 5.125046893954277039e-02 8.848858997225761414e-03 1.270579546689987183e-02 1.325211860239505768e-02 1.145979017019271851e-02 3.054568311199545860e-03 3.502552583813667297e-02 1.013631187379360199e-02 5.072007887065410614e-03 9.782832115888595581e-03 1.307059545069932938e-02 3.232817351818084717e-02 5.809779278934001923e-03 5.160505883395671844e-03 2.304419502615928650e-02 1.007148623466491699e-02 1.068825833499431610e-02 6.038228422403335571e-02 3.675584495067596436e-02 5.076166614890098572e-02 2.016291767358779907e-02 3.802912309765815735e-02 3.692879341542720795e-03 1.038004923611879349e-02 5.332772806286811829e-02 3.577394783496856689e-02 8.550125360488891602e-02 2.508444711565971375e-02 2.139125578105449677e-02 9.418377652764320374e-03 3.293450549244880676e-02 2.797259390354156494e-02 9.712209925055503845e-03 2.152617648243904114e-02 1.200356613844633102e-02 3.385605057701468468e-03 1.993653597310185432e-03 1.948695629835128784e-02 3.822460770606994629e-02 1.087126671336591244e-03 4.590742755681276321e-03 1.122030802071094513e-02 6.072972973925061524e-05 9.862749837338924408e-03 5.304852500557899475e-02 3.207747265696525574e-02 1.278998702764511108e-02 4.859245568513870239e-02 4.027300700545310974e-02 6.724928971379995346e-03 1.071075256913900375e-02
2.558829262852668762e-02 4.212996363639831543e-02 7.119034882634878159e-03 5.888278782367706299e-02 1.803163252770900726e-02 1.638650707900524139e-02 2.206507697701454163e-02 6.412433832883834839e-02 5.676483735442161560e-02 4.623616486787796021e-02 4.968986846506595612e-03 8.244413137435913086e-02 4.682639986276626587e-02 1.955539584159851074e-01 5.379642546176910400e-02 1.006395593285560608e-01 6.197767332196235657e-02 3.575663315132260323e-03 3.499614447355270386e-02 4.630452394485473633e-02 3.312776098027825356e-03 5.859635770320892334e-02 5.409827828407287598e-02 4.408788308501243591e-02 1.692531444132328033e-02 1.178098656237125397e-02 4.548443108797073364e-02 1.253835707902908325e-01 6.733796745538711548e-02 1.285492777824401855e-01 7.709764689207077026e-02 4.710556194186210632e-02 3.446578606963157654e-02 8.853844366967678070e-03 4.864069074392318726e-02 5.934955552220344543e-02 5.175051838159561157e-02 2.323909290134906769e-02 6.476420909166336060e-02 1.709050312638282776e-02 3.643079847097396851e-02 3.638821095228195190e-02 5.466284975409507751e-02 4.315092414617538452e-02 8.742848783731460571e-02 7.469653617590665817e-03 2.147208526730537415e-02 1.414478849619626999e-02 3.598519787192344666e-02 4.000924155116081238e-02 1.297034323215484619e-02 3.715283423662185669e-02 7.454884052276611328e-02 5.041265860199928284e-02 5.751369148492813110e-02 2.775804605334997177e-04 2.829007990658283234e-02 1.157280579209327698e-01 4.730384424328804016e-02 9.581439942121505737e-02 3.305195644497871399e-02 6.065867096185684204e-02 4.673346132040023804e-02 3.300708904862403870e-02 1.146354619413614273e-02 6.906900554895401001e-03 5.673504248261451721e-02 1.023072935640811920e-02 6.740987737430259585e-05 5.748798698186874390e-02 1.950402045622467995e-03 1.289269141852855682e-02 5.952716339379549026e-03 2.753203734755516052e-02 5.548573564738035202e-03 1.825125887989997864e-02 7.605017721652984619e-02 6.631974130868911743e-02 3.675819607451558113e-03 8.035819232463836670e-02 4.742394387722015381e-02 1.631083153188228607e-02 7.141679525375366211e-02 4.804724082350730896e-02 6.982260197401046753e-02 1.649201661348342896e-02 1.867391169071197510e-02 1.817167364060878754e-02 7.188471406698226929e-02 7.892969995737075806e-02 8.014342747628688812e-03 2.099335193634033203e-02 5.534295924007892609e-03 6.229619681835174561e-02 7.149420678615570068e-02 1.264331280253827572e-03 4.187501966953277588e-02 2.783746272325515747e-02 1.903257891535758972e-02 4.035891965031623840e-03 3.770163282752037048e-02 6.393089424818754196e-03 6.824813783168792725e-02 4.344497248530387878e-02 3.650620952248573303e-02 3.510262072086334229e-02 1.079529803246259689e-02 6.025961600244045258e-03 1.518456847406923771e-03 4.354659467935562134e-02 4.953041672706604004e-02 4.397474974393844604e-02 4.783894494175910950e-02 4.279288649559020996e-02 1.331686787307262421e-02 8.131066709756851196e-02
6.683396548032760620e-02 8.481502532958984375e-02 4.040152952075004578e-02 1.349427271634340286e-02 2.585555799305438995e-02 2.806813083589076996e-02 3.197292238473892212e-02 1.562299579381942749e-02 2.027147635817527771e-02 1.446301583200693130e-02 8.776591718196868896e-02 4.682639986276626587e-02 6.831578165292739868e-02 3.391617909073829651e-02 5.700055509805679321e-03 6.281062960624694824e-03 2.814733609557151794e-02 3.473398834466934204e-02 1.299778558313846588e-02 1.542170159518718719e-02 4.242722690105438232e-02 6.135625764727592468e-02 5.151299759745597839e-03 2.394836768507957458e-02 3.654916957020759583e-02 2.835844410583376884e-03 2.599293738603591919e-02 2.084016334265470505e-03 7.202434539794921875e-02 5.930545274168252945e-03 1.025908142328262329e-01 3.971260040998458862e-02 4.887089133262634277e-02 3.998983278870582581e-02 2.663622424006462097e-02 3.590642474591732025e-03 3.388000652194023132e-02 3.179608285427093506e-02 2.585415914654731750e-02 1.780662685632705688e-02 2.083555236458778381e-02 6.423635780811309814e-02 3.593333438038825989e-02 1.250744052231311798e-02 3.740166500210762024e-02 2.025465853512287140e-02 3.922896832227706909e-02 1.063070725649595261e-02 1.202635932713747025e-02 7.971079088747501373e-03 5.842060968279838562e-02 5.236222222447395325e-02 3.200349956750869751e-02 7.960696704685688019e-03 3.619726002216339111e-02 6.455540657043457031e-02 3.077212488278746605e-03 3.718483820557594299e-02 7.925992831587791443e-03 3.609658777713775635e-02 1.708239130675792694e-02 5.244574323296546936e-02 1.988321729004383087e-02 1.553549896925687790e-02 6.180099397897720337e-02 1.164084523916244507e-01 2.176528796553611755e-02 4.392367601394653320e-02 1.821706071496009827e-02 1.092940662056207657e-02 7.756100967526435852e-03 1.913242787122726440e-02 1.876903697848320007e-02 3.436439856886863708e-02 2.854768559336662292e-02 5.580611526966094971e-03 5.001446232199668884e-03 2.507532015442848206e-02 3.478163853287696838e-02 3.261132165789604187e-02 3.102526068687438965e-02 2.177140489220619202e-02 2.864652685821056366e-02 2.779483236372470856e-02 9.711828082799911499e-02 1.502861920744180679e-02 5.063447728753089905e-02 8.821015805006027222e-02 4.122283309698104858e-02 2.911914885044097900e-02 5.549617484211921692e-02 8.190480619668960571e-02 6.255260668694972992e-03 4.950789362192153931e-02 7.804480381309986115e-03 4.157738760113716125e-02 3.634232655167579651e-02 5.891294218599796295e-03 8.657544851303100586e-03 1.754928566515445709e-02 2.724329242482781410e-03 4.050076007843017578e-02 2.823409065604209900e-02 6.881339848041534424e-02 3.200007486157119274e-04 2.303997240960597992e-02 2.425145544111728668e-02 4.782028868794441223e-02 8.686576038599014282e-03 4.986311495304107666e-02 6.308187544345855713e-02 6.039916537702083588e-03 6.455691903829574585e-02 4.393929615616798401e-03 9.983606636524200439e-03 1.723940111696720123e-02
