1.318506747484207153e-01 1.845501214265823364e-01 4.135195910930633545e-02 3.231453895568847656e-02 3.482793644070625305e-02 1.398605853319168091e-01 9.291292726993560791e-02 2.790179103612899780e-02 4.984410852193832397e-02 3.333641216158866882e-02 1.535300314426422119e-01 4.444893915206193924e-03 9.450113028287887573e-02 1.171989459544420242e-02 4.090872406959533691e-02 3.178952261805534363e-02 1.456829905509948730e-02 1.270000264048576355e-02 1.403948664665222168e-02 9.920306503772735596e-03 1.812897622585296631e-03 4.861366003751754761e-03 1.293184701353311539e-02 2.025059796869754791e-02 1.492237020283937454e-02 2.317666634917259216e-02 2.682383358478546143e-02 2.316923066973686218e-02 8.429852873086929321e-02 7.618426345288753510e-03 3.726217523217201233e-02 2.914942987263202667e-02 1.334511674940586090e-03 3.818285092711448669e-02 1.246002316474914551e-02 1.065059006214141846e-02 4.386699292808771133e-03 2.941323816776275635e-02 2.225619927048683167e-02 2.909160964190959930e-02 6.850983947515487671e-03 2.108209766447544098e-02 1.489671599119901657e-02 2.512447535991668701e-02 3.749630972743034363e-02 4.819884523749351501e-02 1.013443693518638611e-01 6.137160584330558777e-03 2.846654504537582397e-02 9.180335327982902527e-03 5.713855382055044174e-03 2.052759937942028046e-02 1.154728792607784271e-02 3.783606737852096558e-02 1.432819012552499771e-02 1.789394766092300415e-03 5.233106017112731934e-02 1.331640221178531647e-02 3.335013985633850098e-03 4.928235709667205811e-02 2.572016976773738861e-02 1.059015840291976929e-02 1.336649525910615921e-02 1.460663974285125732e-02 1.324897538870573044e-02 3.599987551569938660e-02 1.073701959103345871e-02 1.498820353299379349e-02 1.204973459243774414e-02 3.378196433186531067e-02 9.411038458347320557e-02 2.831105375662446022e-03 3.375612571835517883e-02 4.260538145899772644e-02 9.249782562255859375e-02 1.641423627734184265e-02 2.050988376140594482e-02 2.823296701535582542e-03 8.937532082200050354e-03 9.700959548354148865e-03 5.829012766480445862e-02 7.023449242115020752e-02 6.206411868333816528e-03 2.442994713783264160e-02 1.843252405524253845e-02 2.461882680654525757e-02 2.891781181097030640e-02 3.461058065295219421e-02 1.549402531236410141e-02 4.046532884240150452e-02 5.712588503956794739e-02 4.963431879878044128e-02 3.755959123373031616e-02 4.649097565561532974e-03 5.505413562059402466e-02 1.908650621771812439e-02 2.928525209426879883e-02 6.364103406667709351e-02 9.082536213099956512e-03 4.230970982462167740e-03 7.747882977128028870e-03 2.486866666004061699e-03 1.015529874712228775e-02 2.760198898613452911e-03 7.860660552978515625e-03 1.714686118066310883e-02 2.681931853294372559e-02 4.077496752142906189e-02 1.415085513144731522e-02 1.253988780081272125e-02 2.940485626459121704e-02 1.062355004251003265e-02 2.632511779665946960e-03 4.017870407551527023e-03 1.379105821251869202e-02 2.363923564553260803e-02
1.845501214265823364e-01 1.559727638959884644e-01 5.927463062107563019e-04 2.732814475893974304e-02 4.308925569057464600e-02 1.010707616806030273e-01 9.712204337120056152e-02 2.003143541514873505e-02 5.021406337618827820e-02 2.756322501227259636e-04 1.261990815401077271e-01 2.187239006161689758e-02 1.191111132502555847e-01 2.493596635758876801e-02 3.417193144559860229e-02 5.113636609166860580e-03 1.240453030914068222e-02 8.480960503220558167e-03 8.530156686902046204e-03 7.400068454444408417e-03 2.380016259849071503e-02 1.990002207458019257e-02 3.545407950878143311e-02 1.379433460533618927e-02 1.733045838773250580e-02 3.529225289821624756e-02 4.212980717420578003e-02 3.478634869679808617e-03 5.678708106279373169e-02 6.501588504761457443e-03 3.341092169284820557e-02 1.007413305342197418e-02 4.431593418121337891e-02 3.321084007620811462e-02 2.986031398177146912e-02 3.472790867090225220e-02 3.762490116059780121e-03 2.280822768807411194e-02 5.747086554765701294e-02 8.925566216930747032e-04 1.599381677806377411e-02 3.527358546853065491e-02 1.436091260984539986e-04 2.779801748692989349e-02 2.758905850350856781e-02 2.687004394829273224e-02 5.393821373581886292e-02 2.686717920005321503e-02 3.630253300070762634e-02 3.614445775747299194e-02 1.851627789437770844e-02 3.363673016428947449e-02 1.511592324823141098e-02 2.442641183733940125e-02 3.481265902519226074e-02 6.400168640539050102e-04 3.287118300795555115e-02 3.630358260124921799e-03 5.700938636437058449e-04 3.266244754195213318e-02 1.692975126206874847e-02 2.595891058444976807e-02 4.421907290816307068e-02 1.861868612468242645e-02 2.358025312423706055e-02 6.472479552030563354e-02 6.493199616670608521e-03 2.279478823766112328e-03 1.516133174300193787e-02 4.932090267539024353e-02 5.879396572709083557e-02 2.090510725975036621e-02 1.651484891772270203e-02 9.622032195329666138e-02 8.454532921314239502e-02 3.418577834963798523e-02 5.061339121311903000e-03 1.488576922565698624e-02 8.044756948947906494e-03 6.148725282400846481e-03 2.740946412086486816e-02 3.485848754644393921e-02 4.756785929203033447e-02 3.549934923648834229e-02 3.291509114205837250e-03 1.080444734543561935e-02 2.543915994465351105e-02 2.310296148061752319e-02 2.546086907386779785e-02 4.056183621287345886e-02 2.347313798964023590e-02 5.127101019024848938e-02 1.900690980255603790e-02 1.009750831872224808e-02 2.574098762124776840e-03 1.369487261399626732e-03 3.866761550307273865e-02 8.698205649852752686e-02 1.430847123265266418e-02 3.412901610136032104e-02 8.192335255444049835e-03 3.515948355197906494e-02 4.407462105154991150e-02 3.314973413944244385e-02 9.644858539104461670e-03 2.721007354557514191e-02 1.456422545015811920e-02 7.295891642570495605e-02 2.889371849596500397e-02 4.329261183738708496e-02 1.802721992135047913e-02 3.966109082102775574e-02 2.418624982237815857e-02 3.653681138530373573e-03 4.294926766306161880e-03 1.457809843122959137e-02
4.135195910930633545e-02 5.927463062107563019e-04 3.548394516110420227e-02 4.977784585207700729e-03 5.167507752776145935e-02 2.087044063955545425e-03 3.469538316130638123e-02 1.409286856651306152e-01 3.676398470997810364e-02 5.848002806305885315e-02 4.355148598551750183e-02 5.230763927102088928e-02 2.425581403076648712e-02 5.410042405128479004e-02 3.060947731137275696e-02 2.101268991827964783e-02 6.466276943683624268e-02 5.978021770715713501e-02 1.154665648937225342e-02 5.826946347951889038e-02 1.178229227662086487e-02 1.783144846558570862e-02 2.991509251296520233e-02 6.368308514356613159e-02 8.893962018191814423e-03 1.736065745353698730e-02 5.669637024402618408e-02 4.890754073858261108e-02 1.119517721235752106e-02 1.539251953363418579e-01 4.227389022707939148e-02 2.837196690961718559e-03 4.547724127769470215e-02 2.895521931350231171e-02 1.912476867437362671e-02 3.060287237167358398e-02 3.135061415378004313e-04 4.082220792770385742e-02 6.067040562629699707e-02 5.758402124047279358e-02 5.626467987895011902e-02 8.531377650797367096e-03 5.789717286825180054e-02 1.129261776804924011e-01 3.799283504486083984e-02 1.736340671777725220e-02 1.681564748287200928e-02 2.542327158153057098e-02 2.284560538828372955e-02 2.431621076539158821e-03 2.689685113728046417e-02 4.788019869010895491e-04 1.642948761582374573e-02 1.129326224327087402e-01 6.615946441888809204e-02 9.076545387506484985e-02 8.017087355256080627e-03 1.056915372610092163e-01 3.391165658831596375e-02 6.430360488593578339e-03 5.605865642428398132e-02 4.346739873290061951e-02 4.062520340085029602e-02 2.503878064453601837e-02 5.250516906380653381e-02 2.559351362287998199e-02 4.147406294941902161e-02 9.658207185566425323e-03 2.041041664779186249e-02 5.851565301418304443e-02 1.562496460974216461e-02 5.620836466550827026e-02 5.268866196274757385e-02 5.204721540212631226e-02 5.138427391648292542e-02 1.085307821631431580e-01 8.915312588214874268e-02 6.046044453978538513e-02 3.388483077287673950e-03 4.580933228135108948e-02 8.069296926259994507e-02 5.374607443809509277e-02 1.231337990611791611e-02 2.710798010230064392e-02 2.194372378289699554e-02 9.628185071051120758e-03 2.895267866551876068e-02 3.169499710202217102e-02 2.214043773710727692e-02 7.613324373960494995e-02 6.778522580862045288e-02 2.232984639704227448e-02 6.355985999107360840e-03 4.132017120718955994e-02 4.755473881959915161e-02 6.220703199505805969e-02 5.919944122433662415e-02 1.216993182897567749e-01 3.895990177989006042e-02 2.765105664730072021e-02 1.673792488873004913e-02 1.714638993144035339e-02 1.866343431174755096e-02 7.940761744976043701e-03 6.917340308427810669e-02 1.582109555602073669e-02 6.265392154455184937e-02 8.709030598402023315e-02 3.231099247932434082e-02 4.298470914363861084e-02 5.175097659230232239e-02 6.467995792627334595e-02 8.451187051832675934e-03 3.166301921010017395e-02 4.660344682633876801e-03 6.832318007946014404e-02
3.231453895568847656e-02 2.732814475893974304e-02 4.977784585207700729e-03 7.074607163667678833e-02 3.115516304969787598e-01 1.768761430867016315e-04 2.008430659770965576e-02 5.533989518880844116e-02 6.437358260154724121e-02 2.696953527629375458e-02 2.085280977189540863e-02 1.281321141868829727e-02 3.699942678213119507e-02 2.732239849865436554e-02 8.048879913985729218e-03 5.455827806144952774e-03 5.343092232942581177e-02 2.751555666327476501e-02 2.652876637876033783e-02 5.736753344535827637e-03 7.434025406837463379e-02 4.174963012337684631e-02 7.567971944808959961e-02 3.908772952854633331e-03 2.663084678351879120e-02 2.980058081448078156e-02 6.549929734319448471e-03 2.062726579606533051e-02 2.769357711076736450e-02 2.737318351864814758e-02 2.857379801571369171e-02 1.676540262997150421e-02 5.031389370560646057e-02 3.356822533532977104e-03 3.409587964415550232e-02 3.051280800718814135e-04 8.197539299726486206e-02 8.832153677940368652e-02 1.854346692562103271e-01 5.800918117165565491e-02 2.635191567242145538e-02 9.788046590983867645e-03 2.236679196357727051e-03 5.563370138406753540e-02 1.697161421179771423e-02 1.812021131627261639e-03 2.216960489749908447e-02 1.770285703241825104e-02 2.894654311239719391e-02 2.372658997774124146e-02 2.370750345289707184e-02 1.466979552060365677e-02 8.731263689696788788e-03 2.019730955362319946e-02 3.628234565258026123e-02 4.081437736749649048e-02 1.410810742527246475e-03 3.555823350325226784e-03 3.704328462481498718e-02 2.458637952804565430e-02 8.400957286357879639e-02 2.368701621890068054e-03 9.447173029184341431e-02 6.464345753192901611e-02 3.418222442269325256e-02 1.171746291220188141e-02 3.619622811675071716e-02 5.826247856020927429e-02 1.574724763631820679e-01 2.380464412271976471e-02 1.805452629923820496e-02 7.289531081914901733e-02 1.712579876184463501e-01 2.201860584318637848e-02 1.234176661819219589e-02 3.589703515172004700e-02 2.201339416205883026e-02 1.194232609122991562e-02 1.354878582060337067e-02 7.057523820549249649e-03 1.383621618151664734e-02 1.600597612559795380e-02 1.012423634529113770e-01 5.221477895975112915e-02 4.867761582136154175e-02 5.879788193851709366e-03 5.111636128276586533e-03 8.035550825297832489e-03 1.039949655532836914e-01 3.793910518288612366e-02 1.635663211345672607e-02 2.588793635368347168e-02 3.689803183078765869e-02 1.412751153111457825e-02 1.620719954371452332e-02 8.006932586431503296e-02 3.297752514481544495e-02 1.111693959683179855e-02 1.037579867988824844e-02 2.161659300327301025e-02 4.434550181031227112e-02 2.026333240792155266e-03 4.401446878910064697e-02 4.662244766950607300e-02 2.772340364754199982e-02 3.265562281012535095e-02 5.919136479496955872e-02 7.013329863548278809e-02 1.643336564302444458e-02 2.644807100296020508e-02 4.472843930125236511e-02 1.640476100146770477e-02 2.890895865857601166e-02 6.061331368982791901e-03 7.454209495335817337e-03 2.115278504788875580e-02
3.482793644070625305e-02 4.308925569057464600e-02 5.167507752776145935e-02 3.115516304969787598e-01 6.622007489204406738e-02 3.514436632394790649e-02 8.203455805778503418e-02 2.270663157105445862e-02 1.936772093176841736e-02 3.709180280566215515e-02 2.125516161322593689e-02 1.734088361263275146e-02 1.447737962007522583e-02 4.677631333470344543e-02 6.462959200143814087e-02 8.470097184181213379e-02 6.109173595905303955e-02 1.097596157342195511e-02 2.656455710530281067e-02 2.794133685529232025e-02 2.541900146752595901e-03 5.053035169839859009e-02 3.359487745910882950e-03 1.651766337454319000e-02 5.349796731024980545e-03 7.716932334005832672e-03 5.420241504907608032e-02 1.635325374081730843e-03 3.361650183796882629e-02 2.607781998813152313e-02 3.720017266459763050e-04 2.197652310132980347e-02 4.756171628832817078e-02 1.341047324240207672e-02 6.393286865204572678e-03 5.166119709610939026e-02 2.988123521208763123e-02 3.919669240713119507e-02 2.059866636991500854e-01 1.934164762496948242e-01 2.935241721570491791e-02 3.480518981814384460e-02 3.845781087875366211e-02 2.493893727660179138e-02 5.158894136548042297e-02 6.579847633838653564e-02 9.420037269592285156e-03 2.765648625791072845e-02 4.033295065164566040e-02 1.535615185275673866e-03 2.014234196394681931e-03 2.211121469736099243e-02 8.960431441664695740e-03 5.976840108633041382e-02 5.884326249361038208e-02 1.257127057760953903e-02 3.023778460919857025e-02 4.341648146510124207e-02 1.833431236445903778e-02 8.413054794073104858e-02 1.416096370667219162e-02 7.197729311883449554e-03 2.272399514913558960e-02 1.147025525569915771e-01 6.021968089044094086e-03 2.643694914877414703e-02 3.038158267736434937e-02 1.515871286392211914e-02 6.559439748525619507e-02 2.973250485956668854e-02 3.284599259495735168e-02 5.293104797601699829e-03 1.362548619508743286e-01 1.567007228732109070e-02 1.233401745557785034e-01 4.035429656505584717e-02 4.559766873717308044e-02 4.588036611676216125e-02 1.199630834162235260e-02 1.555857062339782715e-02 6.679708510637283325e-02 4.554172232747077942e-02 5.323246866464614868e-02 1.112538501620292664e-01 5.696485284715890884e-03 1.642652228474617004e-02 4.233913123607635498e-02 5.179066583514213562e-02 2.267654053866863251e-02 1.687541790306568146e-02 6.720660254359245300e-03 5.528671666979789734e-02 2.086874842643737793e-02 7.066765427589416504e-02 5.547182634472846985e-03 2.670464105904102325e-02 8.814168162643909454e-03 4.648722335696220398e-02 3.696259483695030212e-02 1.343301776796579361e-02 2.292476035654544830e-02 2.045937441289424896e-02 2.124794386327266693e-02 6.026059016585350037e-02 5.433895438909530640e-02 3.850364685058593750e-02 2.110602334141731262e-02 4.069948196411132812e-02 6.655402481555938721e-03 4.725263267755508423e-02 3.451806679368019104e-02 7.735656574368476868e-03 1.746226660907268524e-02 4.021759331226348877e-02 2.689397893846035004e-02 3.415740281343460083e-02
1.398605853319168091e-01 1.010707616806030273e-01 2.087044063955545425e-03 1.768761430867016315e-04 3.514436632394790649e-02 1.213157176971435547e-01 1.693569719791412354e-01 7.104407995939254761e-03 3.483380749821662903e-02 7.299915701150894165e-02 8.849375694990158081e-02 9.566114097833633423e-02 5.040521174669265747e-02 1.087961718440055847e-01 1.426532212644815445e-02 4.629768431186676025e-03 1.832052133977413177e-02 5.221861973404884338e-02 2.407217398285865784e-02 3.513546288013458252e-02 1.405566837638616562e-02 3.255477547645568848e-02 4.788928851485252380e-02 1.491041760891675949e-02 2.761776186525821686e-02 3.898765658959746361e-03 1.359508559107780457e-02 6.663978099822998047e-02 8.703919127583503723e-03 4.579684883356094360e-02 3.426891565322875977e-02 2.385777048766613007e-02 2.623241767287254333e-02 7.377677131444215775e-03 6.710554659366607666e-02 6.180211901664733887e-02 1.035294402390718460e-02 1.518279314041137695e-03 2.263349667191505432e-02 4.408987984061241150e-02 1.582322269678115845e-02 3.823892772197723389e-02 3.119695000350475311e-02 4.611963033676147461e-02 3.278307244181632996e-02 2.515118569135665894e-02 1.394376605749130249e-01 8.124372363090515137e-02 8.206108585000038147e-03 1.125059439800679684e-03 3.744075447320938110e-02 7.689100224524736404e-03 2.569677308201789856e-02 4.471845179796218872e-02 1.163802854716777802e-02 1.671820692718029022e-02 3.122534044086933136e-02 4.566536843776702881e-02 6.840341538190841675e-02 4.228917416185140610e-03 8.090510964393615723e-03 6.534986943006515503e-02 4.810485616326332092e-02 9.872445836663246155e-03 1.492534205317497253e-02 1.890414976514875889e-03 2.081251516938209534e-02 1.171932648867368698e-02 2.482824772596359253e-02 5.987181887030601501e-02 3.189538791775703430e-02 8.118000626564025879e-02 1.894402690231800079e-02 3.598691429942846298e-03 1.405299641191959381e-02 1.502565108239650726e-02 4.708537086844444275e-02 5.571581423282623291e-02 4.135224223136901855e-02 5.335780791938304901e-03 5.339867901057004929e-03 8.326943963766098022e-03 2.578662522137165070e-02 5.758352112025022507e-03 3.049048408865928650e-02 2.841897681355476379e-02 1.214678864926099777e-02 1.726277638226747513e-03 1.528008282184600830e-02 8.963939733803272247e-03 3.055390715599060059e-02 5.142002832144498825e-03 3.054221160709857941e-02 5.764360073953866959e-03 1.456396467983722687e-02 1.331691513769328594e-03 4.831118509173393250e-03 5.202522873878479004e-02 3.612687112763524055e-03 1.495205238461494446e-02 1.430981978774070740e-02 2.418085001409053802e-02 2.585489675402641296e-02 3.352440148591995239e-02 4.393279179930686951e-02 6.572689861059188843e-02 5.075091496109962463e-03 6.760574877262115479e-02 1.690168492496013641e-02 6.234122812747955322e-02 4.006335046142339706e-03 3.161035478115081787e-02 4.155642166733741760e-02 1.068009156733751297e-02 2.890504524111747742e-02 4.302784055471420288e-02
9.291292726993560791e-02 9.712204337120056152e-02 3.469538316130638123e-02 2.008430659770965576e-02 8.203455805778503418e-02 1.693569719791412354e-01 1.511507779359817505e-01 3.008298762142658234e-02 2.114170975983142853e-02 3.333620727062225342e-03 5.128198117017745972e-02 1.383849605917930603e-02 4.498018696904182434e-02 6.672462075948715210e-02 3.184706438332796097e-03 3.676528809592127800e-03 3.583899885416030884e-02 1.061770040541887283e-02 1.981172338128089905e-02 1.093915756791830063e-02 4.066346213221549988e-02 8.251364342868328094e-03 8.594764396548271179e-03 2.518121153116226196e-03 1.947659254074096680e-02 1.957550877705216408e-03 5.807491485029459000e-03 2.085061371326446533e-02 2.532032132148742676e-02 2.245779335498809814e-02 2.736731246113777161e-02 2.310383878648281097e-02 3.462895378470420837e-02 5.347527097910642624e-03 4.081000387668609619e-02 1.850865595042705536e-02 1.396771613508462906e-02 1.193996425718069077e-02 4.459540173411369324e-02 2.699975296854972839e-02 2.454696036875247955e-02 2.817761711776256561e-02 2.366661652922630310e-02 1.964227482676506042e-02 2.905545011162757874e-02 2.972641028463840485e-02 8.533190935850143433e-02 9.356764703989028931e-02 1.528471894562244415e-02 4.688248410820960999e-02 1.707552187144756317e-02 2.356104925274848938e-02 5.295300111174583435e-02 2.220589108765125275e-02 5.047927144914865494e-03 2.562294900417327881e-02 1.732991822063922882e-02 2.486594393849372864e-02 3.281166031956672668e-02 3.666179999709129333e-02 2.139010652899742126e-02 6.729961186647415161e-02 2.083893492817878723e-02 2.023846842348575592e-02 1.023395173251628876e-02 2.952214330434799194e-02 1.529522053897380829e-02 1.372704282402992249e-02 1.983381807804107666e-02 4.896171763539314270e-02 1.526067219674587250e-02 3.435194864869117737e-02 8.050180040299892426e-03 2.634024061262607574e-02 5.095421895384788513e-02 1.240940950810909271e-02 1.021724473685026169e-02 1.452469825744628906e-02 4.102817177772521973e-02 3.053832240402698517e-02 1.246720086783170700e-02 2.999935671687126160e-02 5.120943486690521240e-02 1.444591581821441650e-02 1.009065192192792892e-02 1.432300824671983719e-02 1.479044649749994278e-02 1.864884607493877411e-02 4.537091444944962859e-05 3.263346478343009949e-02 3.812546283006668091e-02 2.534949406981468201e-02 5.579081922769546509e-02 8.404201827943325043e-03 1.001533679664134979e-02 2.172336354851722717e-02 2.421882818453013897e-04 7.068539410829544067e-02 3.518838435411453247e-03 4.464195668697357178e-02 3.075014241039752960e-02 4.624259658157825470e-03 8.698857389390468597e-03 1.448504440486431122e-02 5.346001125872135162e-03 3.183218091726303101e-02 2.187820384278893471e-03 4.898952692747116089e-02 4.401494562625885010e-02 1.369601767510175705e-02 1.294338610023260117e-02 5.452306941151618958e-02 1.250115316361188889e-02 2.081085368990898132e-02 3.401556983590126038e-02 2.980935573577880859e-02
2.790179103612899780e-02 2.003143541514873505e-02 1.409286856651306152e-01 5.533989518880844116e-02 2.270663157105445862e-02 7.104407995939254761e-03 3.008298762142658234e-02 4.856948740780353546e-03 2.042421698570251465e-02 1.325854379683732986e-02 6.401533633470535278e-02 3.214154019951820374e-02 3.881029784679412842e-02 2.443546056747436523e-02 1.708938628435134888e-01 2.209749259054660797e-02 5.149858072400093079e-03 6.467009335756301880e-02 1.168094482272863388e-02 1.046136859804391861e-02 1.782017387449741364e-02 4.446105100214481354e-03 3.563094511628150940e-02 5.240219086408615112e-02 4.355772957205772400e-02 1.138029806315898895e-02 4.474218294490128756e-04 4.874986916547641158e-05 3.535755351185798645e-02 1.531968079507350922e-02 1.971812359988689423e-02 3.114997036755084991e-02 2.618919126689434052e-02 2.780847437679767609e-02 2.908074297010898590e-02 2.992402389645576477e-02 4.040936753153800964e-02 2.919477038085460663e-02 6.070137023925781250e-02 1.028085034340620041e-02 3.712038323283195496e-02 9.093502536416053772e-03 1.470082718878984451e-02 9.998545050621032715e-03 3.248832002282142639e-02 2.795506641268730164e-02 6.533931009471416473e-03 1.597304455935955048e-02 2.772125182673335075e-03 1.241400744765996933e-02 2.312994183739647269e-04 8.636164711788296700e-04 3.568286076188087463e-02 9.576888382434844971e-02 2.888953872025012970e-02 4.530799016356468201e-02 1.416514627635478973e-02 3.920656628906726837e-03 4.164371266961097717e-02 5.432266369462013245e-02 5.266089737415313721e-02 4.332584887742996216e-02 2.277223765850067139e-02 1.022567693144083023e-02 1.324693392962217331e-02 8.753028814680874348e-04 1.228348538279533386e-02 1.250806730240583420e-02 3.651232272386550903e-02 7.651630043983459473e-02 2.261479757726192474e-02 1.669006235897541046e-02 4.295230284333229065e-02 9.292272478342056274e-02 4.944954812526702881e-02 3.514609858393669128e-02 9.914237260818481445e-02 7.292318344116210938e-02 3.777650371193885803e-02 1.399755198508501053e-02 1.724174618721008301e-01 8.204076439142227173e-02 6.855936348438262939e-02 5.001038312911987305e-02 3.496330603957176208e-02 4.371748492121696472e-02 1.029685884714126587e-01 5.236471444368362427e-02 2.851785533130168915e-02 2.956291846930980682e-02 9.157407097518444061e-03 6.064040958881378174e-02 3.202378749847412109e-02 6.424339860677719116e-02 2.948868088424205780e-02 4.490335471928119659e-03 3.182845935225486755e-02 2.837740071117877960e-02 1.806057174690067768e-03 1.930009340867400169e-03 2.675709500908851624e-02 1.069386024028062820e-02 5.800399556756019592e-02 1.892089284956455231e-02 2.977317944169044495e-02 3.505983203649520874e-02 4.880097880959510803e-02 4.118280857801437378e-02 2.516541443765163422e-02 3.877651318907737732e-02 3.250929713249206543e-02 5.345239862799644470e-02 1.982702873647212982e-02 1.583809964358806610e-02 5.145632848143577576e-02 8.400092273950576782e-02
4.984410852193832397e-02 5.021406337618827820e-02 3.676398470997810364e-02 6.437358260154724121e-02 1.936772093176841736e-02 3.483380749821662903e-02 2.114170975983142853e-02 2.042421698570251465e-02 5.307034030556678772e-02 1.658399105072021484e-01 6.684948690235614777e-03 4.213835299015045166e-02 1.742233335971832275e-02 6.279835850000381470e-02 1.912591233849525452e-02 8.761713397689163685e-04 3.511637449264526367e-02 1.266947537660598755e-01 6.764113903045654297e-02 3.064790042117238045e-03 2.839582972228527069e-02 3.472280874848365784e-02 3.361253067851066589e-02 8.661535382270812988e-02 3.052160143852233887e-02 3.350558923557400703e-03 4.278839379549026489e-02 2.277391962707042694e-02 4.987740516662597656e-02 6.893184781074523926e-02 8.075753226876258850e-03 3.280523046851158142e-02 4.973313584923744202e-02 5.689080432057380676e-02 2.603312209248542786e-02 3.280325792729854584e-03 8.879532106220722198e-03 5.269841104745864868e-02 1.540134777314960957e-03 4.249583929777145386e-02 9.911390952765941620e-03 7.954005897045135498e-02 3.611081838607788086e-02 2.622293867170810699e-02 7.130738347768783569e-02 3.088239580392837524e-02 9.716912172734737396e-03 1.294479519128799438e-02 1.202145591378211975e-01 3.460753709077835083e-03 2.449363097548484802e-02 3.697201237082481384e-02 5.789914727210998535e-02 2.820491045713424683e-02 7.031850516796112061e-02 1.548652537167072296e-02 3.298708051443099976e-02 2.900298684835433960e-03 3.844980895519256592e-02 9.971835650503635406e-03 3.045646473765373230e-02 2.476337179541587830e-02 7.959385216236114502e-02 2.683368325233459473e-02 3.919357433915138245e-03 8.938065730035305023e-03 1.984179019927978516e-02 1.140999980270862579e-02 1.033733338117599487e-01 1.067081373184919357e-02 7.842838764190673828e-02 5.000293254852294922e-02 9.640739113092422485e-02 5.799966678023338318e-02 2.651272527873516083e-02 6.868268549442291260e-02 2.466608583927154541e-01 8.048332482576370239e-02 1.422918289899826050e-01 6.159982457756996155e-02 7.585920393466949463e-03 1.723626628518104553e-02 1.420101709663867950e-02 7.106573879718780518e-02 2.361181937158107758e-02 4.360065236687660217e-02 3.610876575112342834e-02 3.265549987554550171e-02 9.998988360166549683e-03 5.842351168394088745e-02 5.497852340340614319e-02 1.073179487138986588e-02 1.237343065440654755e-02 2.401464246213436127e-02 1.039136052131652832e-01 5.227345600724220276e-02 4.129241779446601868e-02 6.714588403701782227e-02 7.327760010957717896e-02 4.502190649509429932e-02 1.202672440558671951e-02 3.652250766754150391e-02 1.665627025067806244e-02 5.288951471447944641e-02 5.969945807009935379e-03 4.832930490374565125e-02 2.058283053338527679e-02 8.181328326463699341e-02 4.198983078822493553e-04 1.176279596984386444e-02 2.087591914460062981e-03 4.103862121701240540e-02 7.301346398890018463e-03 3.809335827827453613e-02 1.041367836296558380e-02 6.349795311689376831e-02
3.333641216158866882e-02 2.756322501227259636e-04 5.848002806305885315e-02 2.696953527629375458e-02 3.709180280566215515e-02 7.299915701150894165e-02 3.333620727062225342e-03 1.325854379683732986e-02 1.658399105072021484e-01 8.985602855682373047e-02 7.154684979468584061e-03 4.352040961384773254e-02 8.775563910603523254e-03 1.602531969547271729e-02 1.188374217599630356e-02 4.233767464756965637e-02 4.384924843907356262e-02 6.555193662643432617e-02 1.885263472795486450e-01 3.410544991493225098e-02 4.752466082572937012e-02 9.795069694519042969e-03 4.357377812266349792e-02 9.800052642822265625e-02 8.253292180597782135e-03 2.857264364138245583e-03 1.820863410830497742e-02 6.684418022632598877e-02 1.467911759391427040e-03 3.244958817958831787e-02 4.920237883925437927e-02 9.985788492485880852e-04 5.053197965025901794e-03 2.365288324654102325e-02 2.176003530621528625e-02 2.035107091069221497e-02 2.373419702053070068e-02 2.344134449958801270e-02 1.931874454021453857e-02 9.658341296017169952e-03 7.753910496830940247e-03 1.248806994408369064e-02 5.652666557580232620e-03 6.548857316374778748e-03 4.122447688132524490e-03 6.013726070523262024e-02 8.288697339594364166e-03 2.263555116951465607e-02 1.601490192115306854e-02 1.048189699649810791e-01 2.395801618695259094e-02 6.539373658597469330e-03 2.522577159106731415e-02 2.951822010800242424e-03 1.788615807890892029e-02 4.907059296965599060e-02 1.385566545650362968e-03 4.715104773640632629e-02 4.459036141633987427e-02 2.193871513009071350e-02 6.773287057876586914e-02 2.637058496475219727e-02 6.497958302497863770e-02 8.331560343503952026e-02 3.661427646875381470e-02 8.576094172894954681e-03 4.083162639290094376e-03 7.625849451869726181e-03 7.499612984247505665e-04 6.543175876140594482e-02 3.361028060317039490e-02 3.626313805580139160e-02 1.381354779005050659e-01 5.466523021459579468e-02 4.517356306314468384e-02 4.319180548191070557e-02 1.001597382128238678e-02 1.713749468326568604e-01 7.238755375146865845e-02 1.891277134418487549e-01 3.623740747570991516e-02 1.545594166964292526e-02 3.109334968030452728e-02 1.081043109297752380e-01 2.425839891657233238e-03 2.237301133573055267e-02 5.518310703337192535e-03 2.195201441645622253e-02 2.584768459200859070e-02 9.344215691089630127e-02 1.126686763018369675e-02 4.055272415280342102e-02 3.319342434406280518e-02 3.326113522052764893e-02 3.720258548855781555e-02 6.826955080032348633e-02 5.934402346611022949e-02 4.714766889810562134e-02 4.434430599212646484e-02 6.989988498389720917e-03 3.664630278944969177e-02 4.873722791671752930e-02 1.502150483429431915e-02 8.462796919047832489e-03 2.588366344571113586e-02 6.593161076307296753e-02 2.401376329362392426e-02 3.001926094293594360e-02 3.662551939487457275e-02 6.019720062613487244e-02 1.270739641040563583e-02 2.844945341348648071e-02 1.525591406971216202e-02 9.483397938311100006e-03 1.001852005720138550e-02 3.504846617579460144e-02
1.535300314426422119e-01 1.261990815401077271e-01 4.355148598551750183e-02 2.085280977189540863e-02 2.125516161322593689e-02 8.849375694990158081e-02 5.128198117017745972e-02 6.401533633470535278e-02 6.684948690235614777e-03 7.154684979468584061e-03 1.453973650932312012e-01 1.923402026295661926e-02 1.077772974967956543e-01 3.088693507015705109e-02 2.259498089551925659e-02 1.004334189929068089e-03 9.981230832636356354e-03 2.556675858795642853e-02 7.386212702840566635e-03 1.498893275856971741e-02 1.486365776509046555e-02 4.430602118372917175e-02 1.486327685415744781e-02 1.641983725130558014e-02 1.965814456343650818e-02 3.355167806148529053e-02 8.846209384500980377e-03 5.535625293850898743e-02 3.531569987535476685e-02 7.453718036413192749e-02 1.028119120746850967e-02 8.110688999295234680e-03 3.584699705243110657e-02 2.433382533490657806e-02 2.913117781281471252e-02 1.330452691763639450e-02 3.352103009819984436e-02 1.375779230147600174e-02 2.827725559473037720e-02 4.313073121011257172e-03 3.001667093485593796e-03 1.358946692198514938e-02 2.978572063148021698e-02 3.223392879590392113e-03 6.648382637649774551e-03 1.510921865701675415e-02 4.806705564260482788e-02 2.929086051881313324e-02 2.514175698161125183e-02 1.259070355445146561e-03 2.043532766401767731e-02 1.667336933314800262e-02 3.130745026282966137e-04 1.572168432176113129e-02 2.394453063607215881e-02 5.985266529023647308e-03 1.625477219931781292e-03 5.405831150710582733e-03 4.106967896223068237e-02 3.601842373609542847e-02 6.918926723301410675e-03 7.229219656437635422e-03 1.566088758409023285e-02 1.994725316762924194e-02 5.552387982606887817e-02 4.545558616518974304e-02 1.266036299057304859e-03 8.798762224614620209e-03 5.529084242880344391e-03 3.163229301571846008e-02 2.289156801998615265e-02 7.933579385280609131e-03 7.214577868580818176e-03 3.444999083876609802e-02 1.293696649372577667e-02 2.897745184600353241e-02 2.464153990149497986e-02 2.516836300492286682e-02 2.341859787702560425e-02 1.631969213485717773e-02 1.096904836595058441e-02 1.888796687126159668e-02 4.100338742136955261e-02 2.579817175865173340e-02 2.695222571492195129e-02 1.322378218173980713e-02 8.893364109098911285e-03 3.447288763709366322e-04 8.586276322603225708e-03 1.904995739459991455e-02 2.635602280497550964e-02 2.242627181112766266e-02 1.593257300555706024e-02 1.600370183587074280e-02 1.284085586667060852e-02 2.746852487325668335e-02 1.985629834234714508e-02 1.874672621488571167e-02 9.310854366049170494e-04 2.079878002405166626e-03 1.297062169760465622e-02 2.170520834624767303e-02 1.162658073008060455e-02 2.868302166461944580e-03 6.220013368874788284e-03 3.203873336315155029e-02 5.817406345158815384e-03 4.528475180268287659e-02 1.834919303655624390e-02 1.518641691654920578e-02 1.960888877511024475e-02 1.716099865734577179e-02 5.211151670664548874e-03 1.716510020196437836e-02 1.818264089524745941e-02 2.195177786052227020e-02
4.444893915206193924e-03 2.187239006161689758e-02 5.230763927102088928e-02 1.281321141868829727e-02 1.734088361263275146e-02 9.566114097833633423e-02 1.383849605917930603e-02 3.214154019951820374e-02 4.213835299015045166e-02 4.352040961384773254e-02 1.923402026295661926e-02 1.292328685522079468e-01 2.859201095998287201e-02 3.088639080524444580e-01 2.979869209229946136e-02 2.954798564314842224e-02 5.158181884326040745e-04 2.871845848858356476e-02 1.402013003826141357e-02 3.914402052760124207e-02 5.639184266328811646e-03 1.916212216019630432e-02 1.342254877090454102e-01 1.076351553201675415e-01 3.517005220055580139e-02 4.950262978672981262e-02 2.254560589790344238e-02 2.384018599987030029e-01 1.538673788309097290e-02 1.830568313598632812e-01 4.053955897688865662e-02 5.312508344650268555e-02 1.648945175111293793e-02 7.764479145407676697e-03 5.857788771390914917e-02 2.672521770000457764e-02 4.149416089057922363e-02 4.191025719046592712e-02 1.859580911695957184e-02 3.895259276032447815e-02 1.154659688472747803e-02 1.035634893923997879e-02 2.201150543987751007e-02 5.702821537852287292e-02 4.080755263566970825e-02 6.725465506315231323e-02 1.991105964407324791e-03 1.875267550349235535e-02 4.132769256830215454e-02 1.459279190748929977e-02 1.384412776678800583e-02 6.752516608685255051e-03 8.367194235324859619e-02 4.586312919855117798e-03 2.892708405852317810e-02 4.166731983423233032e-02 8.089179173111915588e-03 3.027022758033126593e-04 3.783715888857841492e-02 5.616258829832077026e-02 6.462360918521881104e-02 3.800062695518136024e-03 1.682599261403083801e-02 2.387101575732231140e-02 3.131575882434844971e-02 7.226917892694473267e-03 4.067303985357284546e-02 2.286311239004135132e-02 2.058573253452777863e-02 3.410127386450767517e-02 9.785732626914978027e-02 2.162943966686725616e-02 3.749849647283554077e-02 7.726923376321792603e-02 4.908532835543155670e-03 6.535499542951583862e-02 9.728751331567764282e-02 6.794633716344833374e-02 4.527889192104339600e-02 9.691828489303588867e-02 2.376630157232284546e-02 1.660650968551635742e-02 6.223281100392341614e-02 6.376998871564865112e-02 2.427752129733562469e-02 2.097232080996036530e-02 3.024557419121265411e-02 3.644273383542895317e-03 1.090014576911926270e-01 1.208399683237075806e-01 2.998692914843559265e-03 3.479467704892158508e-02 8.986126631498336792e-03 1.494762860238552094e-02 1.228809356689453125e-02 2.817766368389129639e-02 5.758634209632873535e-02 7.579346001148223877e-02 3.866132348775863647e-02 4.008137434720993042e-02 3.820224478840827942e-02 2.179630659520626068e-02 3.337071463465690613e-02 1.196078397333621979e-02 5.514911189675331116e-02 6.971395015716552734e-02 1.041784230619668961e-02 5.868189502507448196e-03 2.852836437523365021e-02 5.649185273796319962e-03 2.503304556012153625e-02 5.183126777410507202e-02 3.599375113844871521e-02 6.348532438278198242e-02 3.187918337062001228e-03 1.835765875875949860e-02
9.450113028287887573e-02 1.191111132502555847e-01 2.425581403076648712e-02 3.699942678213119507e-02 1.447737962007522583e-02 5.040521174669265747e-02 4.498018696904182434e-02 3.881029784679412842e-02 1.742233335971832275e-02 8.775563910603523254e-03 1.077772974967956543e-01 2.859201095998287201e-02 1.318191736936569214e-01 2.016999199986457825e-02 1.794508658349514008e-02 8.450876921415328979e-04 1.574904471635818481e-02 2.352438494563102722e-02 1.330292131751775742e-02 9.499423205852508545e-03 3.344117896631360054e-03 1.298790425062179565e-02 2.040950953960418701e-02 4.207314923405647278e-02 1.305771060287952423e-02 9.545229375362396240e-03 1.023389864712953568e-02 1.823411439545452595e-03 4.674065485596656799e-02 5.821526981890201569e-03 6.317184865474700928e-02 8.655965328216552734e-03 1.060979533940553665e-02 2.669063396751880646e-02 5.635213106870651245e-03 1.099545392207801342e-03 7.169304444687440991e-05 2.949295565485954285e-02 5.115741863846778870e-02 1.871241442859172821e-02 5.228809546679258347e-03 1.501367334276437759e-02 9.035156108438968658e-03 5.280888080596923828e-02 2.594855427742004395e-02 4.614226054400205612e-03 3.018720773980021477e-03 3.211256861686706543e-02 8.722604252398014069e-03 7.771854754537343979e-03 2.715926989912986755e-02 1.692409999668598175e-02 5.561958625912666321e-02 1.284761633723974228e-02 9.672952815890312195e-03 3.279708698391914368e-02 3.885281085968017578e-02 1.692865788936614990e-02 2.494542486965656281e-02 5.022114515304565430e-02 2.299087867140769958e-02 2.356068417429924011e-02 2.653009630739688873e-02 4.727810155600309372e-04 5.838245525956153870e-02 9.922561049461364746e-02 2.339678118005394936e-03 3.603196702897548676e-03 2.553879655897617340e-02 1.792473904788494110e-02 8.307950571179389954e-03 1.068204175680875778e-02 1.408574916422367096e-02 3.999303653836250305e-02 1.485141180455684662e-02 3.010615147650241852e-02 1.845918595790863037e-02 6.779048591852188110e-03 3.678593412041664124e-02 3.554744645953178406e-02 3.847101470455527306e-03 1.046140957623720169e-02 2.004183596000075340e-03 7.795528508722782135e-03 8.553594350814819336e-03 1.609396189451217651e-02 2.712539583444595337e-02 3.862024098634719849e-02 1.241101138293743134e-02 4.265504889190196991e-03 1.326881349086761475e-02 5.703744478523731232e-03 5.637224391102790833e-02 5.137087032198905945e-02 3.323176503181457520e-02 1.538582425564527512e-02 3.138117492198944092e-02 2.849292382597923279e-02 1.459610299207270145e-03 4.831977188587188721e-03 5.382643546909093857e-03 2.030044235289096832e-02 2.483307383954524994e-02 1.057448796927928925e-02 2.097322046756744385e-02 2.328313700854778290e-02 1.849978975951671600e-02 6.947302608750760555e-04 8.497924543917179108e-03 3.372590988874435425e-03 2.316788397729396820e-02 1.037345360964536667e-02 1.713156118057668209e-03 3.341753501445055008e-03 1.281686592847108841e-02 2.805161848664283752e-02
