1.321167647838592529e-01 1.838799268007278442e-01 1.105798175558447838e-03 1.155544631183147430e-02 2.652066759765148163e-02 9.368119388818740845e-02 7.685516029596328735e-02 3.712724521756172180e-02 8.324256166815757751e-03 1.052585151046514511e-02 1.525313407182693481e-01 5.621683597564697266e-02 1.514390558004379272e-01 3.081042086705565453e-03 7.920828461647033691e-02 2.152980118989944458e-02 5.346177145838737488e-03 5.336603894829750061e-02 1.769966445863246918e-02 3.715520724654197693e-02 4.431408271193504333e-02 7.287399470806121826e-02 4.926046356558799744e-02 3.489392623305320740e-02 1.712578162550926208e-02 3.258950076997280121e-03 5.031991377472877502e-02 5.724354460835456848e-02 3.110305592417716980e-02 1.288397610187530518e-02 3.185500577092170715e-02 4.321505781263113022e-03 4.084191471338272095e-02 6.207511294633150101e-03 3.474593535065650940e-02 3.336224239319562912e-03 3.047096170485019684e-02 6.020468473434448242e-02 3.161110356450080872e-02 3.137233108282089233e-02 3.046563267707824707e-02 1.640846394002437592e-02 1.065955683588981628e-02 6.726551055908203125e-02 5.828469246625900269e-02 1.533892005681991577e-02 6.617572903633117676e-02 2.758775837719440460e-02 2.252628095448017120e-02 2.857930772006511688e-02 2.001059055328369141e-02 3.454339876770973206e-02 2.150626666843891144e-02 4.431154578924179077e-02 2.780233882367610931e-02 3.922894969582557678e-02 1.384495757520198822e-02 4.784370306879281998e-03 8.679417893290519714e-03 8.948964066803455353e-03 3.058870881795883179e-02 5.546832829713821411e-02 9.926361031830310822e-03 5.429834127426147461e-02 1.829431205987930298e-02 5.100058764219284058e-02 1.802289113402366638e-02 3.549952805042266846e-02 4.472097754478454590e-02 4.156615957617759705e-02 2.708845771849155426e-02 2.867737598717212677e-02 1.584055647253990173e-02 3.169813752174377441e-02 2.314318343997001648e-02 3.813193738460540771e-02 9.013071656227111816e-03 2.053446322679519653e-02 1.435519754886627197e-02 3.467087075114250183e-02 3.149025514721870422e-02 2.483845455572009087e-03 3.580423071980476379e-02 2.330581285059452057e-02 4.367863386869430542e-02 3.907174244523048401e-02 4.577278718352317810e-02 4.205076768994331360e-02 8.419516496360301971e-03 7.023782283067703247e-02 5.652937665581703186e-02 7.936430722475051880e-02 5.453951284289360046e-02 3.145521134138107300e-02 5.786336027085781097e-03 7.007074076682329178e-03 9.033035486936569214e-03 4.796931520104408264e-02 1.325627672486007214e-03 6.554580759257078171e-03 1.262802281416952610e-03 1.668277382850646973e-02 4.931312054395675659e-02 1.332613360136747360e-02 6.618800107389688492e-03 2.421857416629791260e-02 5.223581567406654358e-02 7.075392641127109528e-03 6.889252457767724991e-03 1.189332548528909683e-02 4.434325546026229858e-02 8.018007501959800720e-03 3.460489213466644287e-02 3.315219283103942871e-02 2.375248447060585022e-02 3.705372661352157593e-02
1.838799268007278442e-01 1.365877091884613037e-01 4.255092889070510864e-02 9.507280774414539337e-03 1.092329435050487518e-02 9.767063707113265991e-02 8.643177151679992676e-02 1.935662701725959778e-02 2.708662534132599831e-03 3.259626403450965881e-02 1.617162525653839111e-01 7.039465755224227905e-02 1.550589948892593384e-01 5.685669369995594025e-03 8.171260356903076172e-02 1.537682674825191498e-02 3.441313654184341431e-02 3.476423397660255432e-02 1.167153473943471909e-02 3.779881820082664490e-02 2.071716263890266418e-02 3.334081918001174927e-02 5.795583128929138184e-02 3.090383857488632202e-02 2.660382352769374847e-02 9.434912353754043579e-03 9.769479744136333466e-03 7.286128401756286621e-02 5.030062980949878693e-03 1.942037139087915421e-03 3.169777616858482361e-02 8.042550645768642426e-03 1.091329660266637802e-02 3.467926522716879845e-03 2.980164438486099243e-02 4.211391322314739227e-03 3.445311449468135834e-03 3.484584763646125793e-02 2.151227369904518127e-02 7.472952827811241150e-03 5.666248966008424759e-03 1.659494265913963318e-02 1.378721557557582855e-02 5.434138700366020203e-02 5.173979699611663818e-02 2.307275868952274323e-02 8.608730882406234741e-02 5.020216107368469238e-02 1.120354980230331421e-02 8.982172585092484951e-04 1.216985937207937241e-02 4.514648579061031342e-03 2.879294753074645996e-02 9.393083862960338593e-03 2.408068440854549408e-02 4.309311043471097946e-03 1.767079904675483704e-02 1.041378267109394073e-02 3.386102244257926941e-02 4.539400339126586914e-02 1.127330306917428970e-02 4.159815981984138489e-02 4.488676041364669800e-02 7.521888613700866699e-02 1.068651862442493439e-02 3.478517290204763412e-03 6.801032926887273788e-03 4.481286555528640747e-02 5.122050270438194275e-02 1.744655892252922058e-02 2.114451862871646881e-02 3.393539786338806152e-02 9.040534496307373047e-04 2.069997601211071014e-02 2.935251221060752869e-02 9.379188530147075653e-03 1.613313332200050354e-03 3.560700267553329468e-02 1.752393506467342377e-02 7.130304351449012756e-03 4.733532201498746872e-03 4.471332952380180359e-02 4.277852829545736313e-03 2.027470618486404419e-02 3.124075941741466522e-02 2.142456360161304474e-02 2.021216601133346558e-02 1.828116364777088165e-02 1.824911311268806458e-02 3.652668371796607971e-02 4.699936881661415100e-02 7.613737136125564575e-02 5.002074688673019409e-02 2.695316076278686523e-02 2.778195217251777649e-02 1.627747202292084694e-03 2.212121337652206421e-02 4.647898487746715546e-03 1.389717310667037964e-02 1.307235378772020340e-02 1.001010090112686157e-02 1.531253475695848465e-02 3.400969877839088440e-02 3.174149245023727417e-02 4.051746428012847900e-02 3.997485712170600891e-02 6.143289059400558472e-02 1.136405300348997116e-02 2.384148724377155304e-02 4.316008463501930237e-02 6.791317835450172424e-03 2.771985530853271484e-02 1.815372891724109650e-02 2.331948466598987579e-02 5.755032226443290710e-02 6.816696375608444214e-02
1.105798175558447838e-03 4.255092889070510864e-02 9.198085218667984009e-02 3.996926173567771912e-02 2.972301840782165527e-02 4.065724089741706848e-02 4.377370700240135193e-02 6.572008877992630005e-02 1.983101479709148407e-02 6.201323121786117554e-03 3.197352588176727295e-02 2.499195933341979980e-02 2.796853892505168915e-03 3.467146074399352074e-03 3.804502636194229126e-02 1.116861104965209961e-01 6.939361989498138428e-02 2.944606728851795197e-02 6.561756134033203125e-02 2.500190166756510735e-04 5.683356150984764099e-02 2.983715571463108063e-02 1.993826404213905334e-02 5.089924484491348267e-02 1.630699262022972107e-02 2.987085469067096710e-02 5.940036103129386902e-02 7.527664769440889359e-03 1.411525812000036240e-02 2.269005775451660156e-02 3.429243341088294983e-02 7.638891786336898804e-02 6.307648122310638428e-02 5.934458971023559570e-02 1.826461963355541229e-02 2.938977070152759552e-02 4.480441287159919739e-02 2.620141208171844482e-02 1.756901480257511139e-02 4.195636510848999023e-02 1.455084607005119324e-02 6.028946489095687866e-03 4.731860011816024780e-02 1.343085337430238724e-02 8.569453656673431396e-02 7.723889499902725220e-02 1.400230266153812408e-02 3.977751731872558594e-02 5.692376941442489624e-02 2.432155981659889221e-02 1.582064479589462280e-02 1.714776270091533661e-02 1.413487549871206284e-02 5.719293281435966492e-02 1.365686114877462387e-02 2.566626109182834625e-02 4.398394376039505005e-02 1.315512228757143021e-02 9.455820545554161072e-03 4.721474368125200272e-03 6.671807169914245605e-02 4.827391728758811951e-02 3.300762921571731567e-02 4.113502800464630127e-02 5.027946084737777710e-02 4.273520037531852722e-02 5.449074879288673401e-02 7.815162092447280884e-02 2.885336056351661682e-02 1.164310500025749207e-01 3.466317802667617798e-02 4.792126640677452087e-02 1.904356852173805237e-02 6.134597957134246826e-02 4.506139084696769714e-02 2.101819403469562531e-02 6.529666483402252197e-02 2.056789584457874298e-02 5.240990594029426575e-02 2.608221396803855896e-02 1.040229648351669312e-01 3.126340359449386597e-02 5.156287178397178650e-02 3.022168949246406555e-02 6.999140232801437378e-02 8.099551312625408173e-03 4.769829660654067993e-02 4.195613786578178406e-02 4.207514226436614990e-02 2.641180716454982758e-02 5.152731668204069138e-03 3.881395235657691956e-02 2.609216608107089996e-02 2.095303684473037720e-02 3.905208408832550049e-02 3.036318346858024597e-02 5.496121197938919067e-02 2.093198150396347046e-02 1.016028225421905518e-03 2.268184162676334381e-02 1.926074363291263580e-02 5.578315630555152893e-02 5.987172946333885193e-02 1.094587706029415131e-02 2.264522761106491089e-02 3.263101354241371155e-02 3.038092702627182007e-02 5.820054095238447189e-03 2.509554848074913025e-02 1.927457191050052643e-02 4.062190279364585876e-02 1.158213894814252853e-02 3.713542222976684570e-02 1.800024881958961487e-02 9.700195491313934326e-02 5.895845964550971985e-02
1.155544631183147430e-02 9.507280774414539337e-03 3.996926173567771912e-02 1.211797818541526794e-01 1.653271019458770752e-01 6.798307597637176514e-02 6.373360753059387207e-02 3.959698230028152466e-02 1.791479438543319702e-02 2.134697511792182922e-02 9.341863915324211121e-03 9.804484248161315918e-02 5.369523074477910995e-03 1.657763682305812836e-02 3.067593555897474289e-03 5.881024897098541260e-02 3.744591772556304932e-02 7.452788949012756348e-02 2.021255344152450562e-02 8.230516314506530762e-02 4.457990452647209167e-02 1.457982347346842289e-03 4.266501590609550476e-02 5.372712016105651855e-02 1.475393678992986679e-02 6.723672896623611450e-02 3.323294222354888916e-03 2.212284691631793976e-02 3.599768504500389099e-03 1.219588331878185272e-02 5.093963444232940674e-02 3.034100309014320374e-02 3.996582329273223877e-02 4.535998031497001648e-02 5.804347246885299683e-02 3.165947645902633667e-02 1.270348485559225082e-02 1.862225495278835297e-02 7.705590873956680298e-02 2.565683051943778992e-02 5.612838268280029297e-02 5.223834142088890076e-02 6.029031053185462952e-02 4.308952391147613525e-02 1.102751586586236954e-02 2.780552580952644348e-02 4.708488285541534424e-02 3.153156861662864685e-02 2.659435570240020752e-02 2.765801176428794861e-02 4.450508393347263336e-03 1.593702286481857300e-02 1.592656038701534271e-02 4.931382834911346436e-02 7.307607680559158325e-02 2.030777372419834137e-02 4.553454928100109100e-03 5.244085565209388733e-02 1.570839993655681610e-02 5.451873689889907837e-02 9.717041626572608948e-03 5.731912702322006226e-02 1.723975688219070435e-02 1.261304132640361786e-03 2.908158488571643829e-02 2.083635143935680389e-02 3.697138279676437378e-02 3.353365138173103333e-02 2.482960559427738190e-02 4.086534492671489716e-03 2.533846534788608551e-02 2.611054480075836182e-02 9.437096118927001953e-02 2.492505870759487152e-02 9.780314564704895020e-02 1.087306160479784012e-02 8.240556344389915466e-03 3.606133908033370972e-02 2.139150537550449371e-02 2.736954577267169952e-02 3.772175312042236328e-02 3.102039545774459839e-02 6.744368374347686768e-02 7.482384145259857178e-02 3.396983072161674500e-02 3.595327958464622498e-02 9.283407591283321381e-03 1.658883504569530487e-02 3.969347104430198669e-03 4.544303193688392639e-02 2.759909629821777344e-02 7.062937598675489426e-03 2.780705690383911133e-02 1.773785240948200226e-02 1.987620629370212555e-02 3.281468152999877930e-02 2.399307861924171448e-02 4.717952013015747070e-02 3.689524531364440918e-02 8.594056591391563416e-03 3.406650200486183167e-02 6.807249784469604492e-02 4.276386927813291550e-03 1.156524755060672760e-02 3.858283860608935356e-03 1.600493118166923523e-02 2.535632066428661346e-02 5.378537997603416443e-02 6.034506857395172119e-02 3.735578805208206177e-02 1.009958684444427490e-01 2.032461017370223999e-02 9.173083119094371796e-03 1.886512897908687592e-02 3.291030228137969971e-02 1.805552467703819275e-02
2.652066759765148163e-02 1.092329435050487518e-02 2.972301840782165527e-02 1.653271019458770752e-01 1.290629506111145020e-01 4.538566991686820984e-02 3.728544339537620544e-02 3.702231869101524353e-02 2.086532302200794220e-02 3.185649588704109192e-02 2.022623457014560699e-02 9.749583154916763306e-02 1.802764646708965302e-02 3.347146883606910706e-02 7.792012300342321396e-03 1.885500736534595490e-02 4.507674649357795715e-02 7.711803168058395386e-02 4.623264074325561523e-03 6.962650269269943237e-02 1.187803689390420914e-02 3.463473916053771973e-02 2.193870209157466888e-02 5.157526209950447083e-02 5.767697934061288834e-03 5.126317963004112244e-02 5.950441583991050720e-03 1.650020293891429901e-02 2.125698328018188477e-02 2.084258571267127991e-02 4.957357048988342285e-02 4.622624721378087997e-03 2.652771770954132080e-02 2.254583127796649933e-02 5.387733131647109985e-02 1.732719317078590393e-02 8.652123506180942059e-04 1.181994937360286713e-02 9.111722558736801147e-02 4.143527522683143616e-02 4.231030121445655823e-02 5.907384306192398071e-02 4.791645705699920654e-02 1.861616782844066620e-02 2.443177811801433563e-02 1.623138226568698883e-02 3.413625434041023254e-02 2.537999302148818970e-02 4.067898541688919067e-02 3.826005011796951294e-02 2.022732980549335480e-02 2.007683366537094116e-02 8.115313947200775146e-03 4.308104515075683594e-02 5.603139847517013550e-02 1.640907488763332367e-02 8.085236884653568268e-03 4.621399939060211182e-02 1.521473377943038940e-02 7.390269637107849121e-02 3.601599112153053284e-02 5.289020761847496033e-02 1.611392386257648468e-02 9.490583091974258423e-03 5.995722487568855286e-02 5.261454731225967407e-02 2.000549808144569397e-02 2.712901681661605835e-03 6.950417999178171158e-03 4.110030457377433777e-02 7.099889917299151421e-04 2.785209566354751587e-02 9.312570840120315552e-02 1.892400532960891724e-02 1.045802906155586243e-01 1.621457398869097233e-03 9.763862006366252899e-03 7.801286410540342331e-03 3.439545631408691406e-02 2.568323398008942604e-03 2.922904677689075470e-02 3.359825909137725830e-02 9.362950176000595093e-02 9.120985865592956543e-02 2.129467017948627472e-02 3.167925775051116943e-02 5.977086257189512253e-04 4.352182149887084961e-02 9.695815853774547577e-03 1.640083640813827515e-02 3.432432934641838074e-02 5.225457996129989624e-02 1.158732268959283829e-02 6.686616688966751099e-03 5.248610302805900574e-02 3.346957638859748840e-02 2.533019706606864929e-02 4.803448915481567383e-02 1.468741893768310547e-02 1.502215769141912460e-02 3.790886700153350830e-02 7.170870900154113770e-02 2.834885381162166595e-02 2.228615432977676392e-02 1.190339308232069016e-02 1.875799894332885742e-02 4.519339650869369507e-02 6.306514889001846313e-02 7.972164452075958252e-02 4.493492469191551208e-02 1.091280505061149597e-01 1.147636491805315018e-02 1.984108053147792816e-02 6.768136285245418549e-03 1.796469278633594513e-02 1.351668313145637512e-02
9.368119388818740845e-02 9.767063707113265991e-02 4.065724089741706848e-02 6.798307597637176514e-02 4.538566991686820984e-02 1.399346888065338135e-01 1.389353275299072266e-01 1.039883960038423538e-02 1.972687803208827972e-02 6.052146200090646744e-03 6.793890148401260376e-02 4.116925597190856934e-02 9.742331504821777344e-02 5.106679745949804783e-04 8.028432726860046387e-03 2.262712828814983368e-02 3.085638629272580147e-03 6.590688228607177734e-02 1.441287342458963394e-02 4.603488743305206299e-02 3.974915295839309692e-02 6.935216952115297318e-03 2.033552899956703186e-02 7.406122051179409027e-03 5.345782265067100525e-03 1.041141990572214127e-02 2.160234143957495689e-03 4.086974263191223145e-02 9.051197208464145660e-03 3.459744527935981750e-02 1.786306500434875488e-02 3.181150881573557854e-03 1.273282570764422417e-03 2.688803011551499367e-03 2.589143440127372742e-02 2.629160322248935699e-02 1.215778477489948273e-02 1.090961694717407227e-02 1.853496022522449493e-02 4.589664563536643982e-02 9.609008207917213440e-03 5.030350014567375183e-02 4.524887725710868835e-02 2.032281272113323212e-02 6.122986972332000732e-02 3.929837048053741455e-02 1.105009615421295166e-01 1.085109785199165344e-01 2.302437834441661835e-02 2.890324778854846954e-02 6.814718991518020630e-02 6.272393511608242989e-04 5.268793180584907532e-02 2.960110455751419067e-02 3.767301328480243683e-03 1.894727349281311035e-02 1.502840034663677216e-02 3.983376920223236084e-02 3.607363672927021980e-03 2.036883728578686714e-03 3.630827879533171654e-03 3.061582148075103760e-02 3.289753198623657227e-02 6.055834516882896423e-02 5.728619638830423355e-03 1.260812673717737198e-02 2.256594225764274597e-02 3.461796790361404419e-02 4.762697964906692505e-02 3.099252469837665558e-02 3.406529501080513000e-02 2.677827887237071991e-02 5.138635635375976562e-02 3.450570255517959595e-02 6.096566841006278992e-02 2.446317300200462341e-02 6.622643023729324341e-02 9.736594744026660919e-03 5.598008260130882263e-02 1.731960847973823547e-02 5.485489964485168457e-03 2.843192405998706818e-02 3.562333062291145325e-02 2.498105540871620178e-02 3.299734555184841156e-03 5.435972288250923157e-02 1.476075500249862671e-03 6.215136032551527023e-03 6.199305504560470581e-02 5.356645677238702774e-03 3.226443007588386536e-02 5.829593911767005920e-02 1.106061786413192749e-02 5.504409223794937134e-02 4.018114414066076279e-03 1.735939993523061275e-03 1.232058648020029068e-02 9.565425105392932892e-03 5.151393264532089233e-02 4.534940049052238464e-02 2.272044681012630463e-02 4.267361760139465332e-02 2.332422509789466858e-02 1.953403837978839874e-02 1.805531792342662811e-03 2.657315460965037346e-03 1.544545218348503113e-02 4.102018848061561584e-02 4.230814799666404724e-02 5.082054808735847473e-02 1.900216564536094666e-02 4.027270711958408356e-03 2.588620409369468689e-02 4.988858848810195923e-02 8.552251383662223816e-03 8.503625541925430298e-02
7.685516029596328735e-02 8.643177151679992676e-02 4.377370700240135193e-02 6.373360753059387207e-02 3.728544339537620544e-02 1.389353275299072266e-01 1.345734894275665283e-01 1.054931664839386940e-03 2.050995826721191406e-02 5.600484088063240051e-03 5.429400876164436340e-02 2.784132212400436401e-02 8.496635407209396362e-02 3.278065705671906471e-03 6.728216540068387985e-03 1.819730363786220551e-02 2.917977981269359589e-04 7.352319359779357910e-02 2.358640544116497040e-02 3.667053207755088806e-02 3.767456859350204468e-02 1.949669606983661652e-02 1.359944790601730347e-02 6.740194745361804962e-03 2.564327046275138855e-02 3.110822662711143494e-02 6.683459971100091934e-03 1.385321561247110367e-02 6.885788170620799065e-04 5.620626732707023621e-02 1.544010825455188751e-02 2.072172425687313080e-02 1.842118240892887115e-02 1.163437962532043457e-02 1.967061311006546021e-02 1.489397231489419937e-02 1.034442801028490067e-03 3.635933855548501015e-03 2.473020181059837341e-02 4.398101195693016052e-02 1.711403764784336090e-02 4.950791969895362854e-02 3.707354143261909485e-02 4.539551213383674622e-02 9.577694535255432129e-02 5.979645252227783203e-02 1.004898399114608765e-01 1.078927218914031982e-01 3.943946212530136108e-02 1.914136856794357300e-02 7.616633176803588867e-02 8.062900044023990631e-03 3.333164379000663757e-02 1.253670547157526016e-02 7.338931318372488022e-03 2.539041452109813690e-02 6.292509380728006363e-03 5.576926097273826599e-02 3.252537921071052551e-03 8.925735019147396088e-03 2.683938480913639069e-02 3.016292676329612732e-02 3.189310804009437561e-02 6.713228672742843628e-02 4.216973204165697098e-03 1.183465868234634399e-02 1.541307568550109863e-02 4.680645838379859924e-02 4.231867194175720215e-02 3.433474525809288025e-02 4.770287871360778809e-02 1.763845235109329224e-02 5.961573496460914612e-02 2.565562259405851364e-03 5.994766578078269958e-02 1.456081215292215347e-02 5.325344577431678772e-02 1.517584454268217087e-02 8.205210417509078979e-02 9.018666110932826996e-03 1.035385672003030777e-02 3.126379474997520447e-02 2.939218096435070038e-02 3.736164048314094543e-02 2.678337320685386658e-02 6.458856165409088135e-02 1.284108683466911316e-02 1.255988515913486481e-02 4.941732808947563171e-02 2.125513367354869843e-02 2.832927554845809937e-02 8.151412010192871094e-02 1.004551444202661514e-02 3.961122035980224609e-02 2.575053258624393493e-05 5.650451872497797012e-03 1.462422311305999756e-02 1.672477647662162781e-02 4.950167611241340637e-02 3.962320089340209961e-02 3.331378474831581116e-02 2.853489294648170471e-02 2.579085156321525574e-02 1.025425922125577927e-02 2.532636281102895737e-03 3.336516907438635826e-03 1.377230323851108551e-02 4.367015883326530457e-02 3.624486550688743591e-02 5.777835100889205933e-02 7.861100602895021439e-04 1.104045286774635315e-02 9.220863692462444305e-03 6.645677238702774048e-02 1.272886153310537338e-02 4.520238563418388367e-02
3.712724521756172180e-02 1.935662701725959778e-02 6.572008877992630005e-02 3.959698230028152466e-02 3.702231869101524353e-02 1.039883960038423538e-02 1.054931664839386940e-03 1.099738404154777527e-01 2.166145108640193939e-02 4.263276979327201843e-02 6.495578587055206299e-02 1.425819564610719681e-02 5.706879496574401855e-02 3.981031104922294617e-02 1.298230439424514771e-01 3.023953363299369812e-02 1.957119069993495941e-02 3.102308511734008789e-02 5.098452791571617126e-02 8.547001518309116364e-03 2.029871568083763123e-02 2.258762717247009277e-02 4.700870066881179810e-02 1.657337509095668793e-02 1.356012653559446335e-02 1.352269900962710381e-03 6.111843977123498917e-03 1.996093802154064178e-02 2.484733797609806061e-02 2.642481029033660889e-02 9.091150015592575073e-03 1.694094389677047729e-02 5.112128704786300659e-02 2.402320690453052521e-02 9.435160085558891296e-03 5.105327442288398743e-02 8.849441073834896088e-03 4.182496294379234314e-02 4.687376692891120911e-02 7.128632068634033203e-02 4.630719125270843506e-02 2.826174907386302948e-02 3.177666291594505310e-02 1.966276951134204865e-02 4.685848578810691833e-02 4.632261395454406738e-02 1.344346720725297928e-02 1.314634457230567932e-02 3.280857577919960022e-02 6.644219160079956055e-03 3.198488056659698486e-02 2.719540335237979889e-02 7.592082954943180084e-03 1.971328258514404297e-02 6.295348051935434341e-03 2.187982760369777679e-02 2.021752670407295227e-02 4.981445893645286560e-02 3.032004088163375854e-02 1.899234391748905182e-02 2.495072036981582642e-02 1.828035339713096619e-02 3.344864398241043091e-02 1.646983437240123749e-03 3.141257539391517639e-02 7.081403397023677826e-03 4.463290050625801086e-02 4.558321088552474976e-02 4.417672287672758102e-03 1.972504891455173492e-02 1.563141308724880219e-02 1.673398911952972412e-02 4.695167392492294312e-02 7.206552475690841675e-02 1.166672166436910629e-02 1.780630275607109070e-02 1.073524821549654007e-02 4.868171364068984985e-02 9.783051162958145142e-02 4.335793852806091309e-02 6.523215770721435547e-02 6.362237781286239624e-02 2.426478452980518341e-02 5.352035164833068848e-02 6.336881965398788452e-02 1.347316429018974304e-02 8.751653134822845459e-02 6.922302395105361938e-02 5.308980587869882584e-03 1.423653122037649155e-02 3.855079039931297302e-02 5.206561088562011719e-02 1.941232755780220032e-02 2.111875265836715698e-02 5.882613360881805420e-03 4.698342178016901016e-03 1.529061701148748398e-02 1.578643359243869781e-02 4.406596347689628601e-02 6.419483572244644165e-02 2.906357124447822571e-02 5.273806676268577576e-02 7.413222454488277435e-03 2.555753849446773529e-02 4.020934179425239563e-02 4.341292008757591248e-02 6.154566258192062378e-02 1.843330264091491699e-02 6.035198271274566650e-02 3.990328311920166016e-02 5.491131916642189026e-03 3.434094414114952087e-02 2.762141078710556030e-02 1.438418030738830566e-02 6.508623808622360229e-02 4.210318438708782196e-03
8.324256166815757751e-03 2.708662534132599831e-03 1.983101479709148407e-02 1.791479438543319702e-02 2.086532302200794220e-02 1.972687803208827972e-02 2.050995826721191406e-02 2.166145108640193939e-02 7.504130899906158447e-02 5.775645840913057327e-03 2.495580725371837616e-02 5.651730112731456757e-03 7.508775684982538223e-03 5.413335189223289490e-02 1.131588499993085861e-02 4.099038243293762207e-02 2.186811529099941254e-02 8.504169434309005737e-02 9.372083470225334167e-03 4.859075695276260376e-02 7.149626314640045166e-02 4.223768040537834167e-02 6.420677993446588516e-03 2.534339390695095062e-02 2.306408621370792389e-02 1.442760787904262543e-02 4.540563095360994339e-03 5.299774184823036194e-02 5.475151911377906799e-02 2.423491515219211578e-02 8.236417546868324280e-03 6.441698968410491943e-02 2.680574357509613037e-02 3.276064991950988770e-02 3.028343431651592255e-02 3.306375071406364441e-02 2.044341713190078735e-02 1.651638559997081757e-02 1.477446057833731174e-03 6.585824489593505859e-02 1.161578204482793808e-02 8.004923909902572632e-02 3.172450885176658630e-02 1.914258114993572235e-02 2.120391093194484711e-02 6.605913490056991577e-02 4.198691248893737793e-02 6.946887075901031494e-02 8.587382733821868896e-02 4.043090343475341797e-02 3.814926370978355408e-02 4.296175763010978699e-02 6.175483018159866333e-02 1.192984636873006821e-02 1.039153859019279480e-01 2.631640806794166565e-02 5.866177007555961609e-02 4.279255121946334839e-02 1.190746854990720749e-02 4.347266256809234619e-02 7.695780694484710693e-02 4.561245813965797424e-02 4.684876278042793274e-02 5.116385594010353088e-02 4.688990861177444458e-02 4.343082383275032043e-02 3.673343732953071594e-02 3.000923059880733490e-02 4.015531856566667557e-03 3.658642619848251343e-02 5.141912773251533508e-02 6.094714626669883728e-02 6.729826331138610840e-02 2.961997501552104950e-02 2.132462710142135620e-02 3.793152049183845520e-02 1.205881834030151367e-01 6.174189597368240356e-02 9.429392218589782715e-02 1.744283922016620636e-02 3.920252993702888489e-02 4.308295994997024536e-02 7.642821967601776123e-02 3.213326632976531982e-02 6.179555132985115051e-02 2.750482037663459778e-02 2.765458635985851288e-02 4.060980677604675293e-02 3.896817937493324280e-02 1.285122614353895187e-02 2.776598744094371796e-02 4.533190652728080750e-02 3.869683295488357544e-02 1.606896705925464630e-02 3.804311901330947876e-02 1.501160394400358200e-02 3.593514207750558853e-03 3.813995793461799622e-02 3.064124658703804016e-02 1.808011345565319061e-02 4.586725682020187378e-02 2.956352941691875458e-02 1.563844829797744751e-02 1.680281199514865875e-02 2.735096402466297150e-02 4.651870205998420715e-02 6.759008020162582397e-02 4.840882867574691772e-02 4.301068559288978577e-02 2.309499308466911316e-02 9.767504036426544189e-02 1.963907293975353241e-02 1.632841886021196842e-03 1.078344788402318954e-02 2.459377236664295197e-02 2.286928705871105194e-03
1.052585151046514511e-02 3.259626403450965881e-02 6.201323121786117554e-03 2.134697511792182922e-02 3.185649588704109192e-02 6.052146200090646744e-03 5.600484088063240051e-03 4.263276979327201843e-02 5.775645840913057327e-03 1.235610693693161011e-01 2.002822048962116241e-02 1.529652532190084457e-02 1.044020242989063263e-02 6.212506443262100220e-02 5.782681517302989960e-03 4.334099218249320984e-02 6.605287780985236168e-04 1.819463260471820831e-02 5.194017291069030762e-02 2.990385331213474274e-02 1.838226057589054108e-02 2.990005351603031158e-02 1.486615743488073349e-02 3.761308640241622925e-02 4.825357347726821899e-02 9.056551381945610046e-03 2.675720304250717163e-02 1.826176419854164124e-02 3.405769541859626770e-02 4.145136103034019470e-02 5.202312394976615906e-02 1.380393747240304947e-02 6.301568821072578430e-03 5.888244602829217911e-03 2.584099210798740387e-02 2.337206155061721802e-02 2.351583540439605713e-02 4.080623853951692581e-03 2.423270046710968018e-02 2.668792009353637695e-02 4.147778078913688660e-02 3.942419961094856262e-02 6.448703259229660034e-02 4.268958047032356262e-02 5.264824256300926208e-02 6.268188357353210449e-02 2.492797188460826874e-02 4.231957718729972839e-02 6.083650514483451843e-02 5.190223455429077148e-02 3.648770973086357117e-02 3.245249763131141663e-02 3.594426438212394714e-02 3.108031861484050751e-02 6.176909431815147400e-02 6.511618196964263916e-02 3.540463373064994812e-02 3.762358427047729492e-02 2.569120936095714569e-02 7.011466193944215775e-03 4.621523246169090271e-02 3.221929818391799927e-02 4.509353265166282654e-02 1.855690777301788330e-02 1.813035644590854645e-02 1.391514856368303299e-02 5.219270661473274231e-02 1.020242460072040558e-02 3.181816637516021729e-02 7.480214815586805344e-03 3.179186955094337463e-02 4.682436212897300720e-02 3.019186481833457947e-02 4.156932234764099121e-02 8.547851815819740295e-03 4.010494425892829895e-02 6.257849745452404022e-03 5.671326443552970886e-02 5.328524857759475708e-02 5.101521313190460205e-02 1.098282542079687119e-02 2.700166404247283936e-02 3.257179632782936096e-02 9.233349561691284180e-02 3.703578561544418335e-02 3.591387718915939331e-02 2.013939246535301208e-02 3.717777132987976074e-02 4.874096810817718506e-02 4.293521866202354431e-02 4.341128747910261154e-03 3.956096246838569641e-03 1.929148100316524506e-02 2.560728602111339569e-02 1.855038478970527649e-02 2.086536213755607605e-02 5.220013856887817383e-02 3.190298378467559814e-02 5.063522234559059143e-02 4.377045482397079468e-02 2.944975905120372772e-02 3.827065601944923401e-02 5.145789124071598053e-03 6.183156371116638184e-02 1.466363086365163326e-03 1.120857079513370991e-03 5.562369525432586670e-02 2.462791046127676964e-03 3.553509712219238281e-02 3.020518086850643158e-02 3.970408439636230469e-02 4.206447303295135498e-02 1.888581737875938416e-02 6.299336254596710205e-02 3.348800539970397949e-02 1.275286450982093811e-02
1.525313407182693481e-01 1.617162525653839111e-01 3.197352588176727295e-02 9.341863915324211121e-03 2.022623457014560699e-02 6.793890148401260376e-02 5.429400876164436340e-02 6.495578587055206299e-02 2.495580725371837616e-02 2.002822048962116241e-02 1.501849442720413208e-01 4.053469281643629074e-03 1.551102697849273682e-01 6.418398767709732056e-02 9.062695503234863281e-02 6.604489404708147049e-03 5.117353424429893494e-02 1.438403688371181488e-02 1.914743217639625072e-03 1.393646001815795898e-02 3.367532417178153992e-02 8.484776318073272705e-02 4.212180897593498230e-02 3.019501455128192902e-02 2.063721790909767151e-02 4.032794386148452759e-02 7.125390227884054184e-03 8.668352663516998291e-02 3.386079147458076477e-02 2.392596192657947540e-02 8.897759765386581421e-02 3.400828456506133080e-03 4.525525495409965515e-02 2.257225103676319122e-02 2.719019912183284760e-02 6.717384792864322662e-03 1.281187962740659714e-02 4.647888243198394775e-03 1.551514724269509315e-03 1.762525364756584167e-02 3.081505000591278076e-02 6.260228902101516724e-02 3.792869672179222107e-02 5.141797661781311035e-02 2.551005780696868896e-02 2.262532524764537811e-02 1.146221384406089783e-01 9.949087351560592651e-02 3.253979608416557312e-02 2.971756272017955780e-02 4.514298867434263229e-03 4.845891520380973816e-02 2.310287393629550934e-02 3.392986208200454712e-02 3.904098412021994591e-03 4.813527315855026245e-02 7.267942186444997787e-03 1.616373844444751740e-02 3.347711637616157532e-02 3.544086823239922523e-03 4.547964036464691162e-02 3.927415609359741211e-02 5.043813213706016541e-02 1.882308162748813629e-02 3.795566409826278687e-02 6.569382268935441971e-03 4.224226344376802444e-03 3.640076145529747009e-02 4.834264144301414490e-02 5.204767361283302307e-02 3.474668040871620178e-02 6.087812781333923340e-02 1.229458302259445190e-02 2.878493443131446838e-02 2.706904523074626923e-02 5.144729465246200562e-02 4.766853991895914078e-03 2.059550257399678230e-03 2.248786576092243195e-02 4.466289281845092773e-02 4.010299965739250183e-02 1.459671091288328171e-02 5.295147746801376343e-02 1.938361674547195435e-02 2.325950749218463898e-02 1.368340570479631424e-02 9.076848626136779785e-02 7.486653327941894531e-02 4.998811334371566772e-02 2.249400503933429718e-02 1.616887561976909637e-02 8.342047035694122314e-02 2.372556366026401520e-02 1.483126450330018997e-02 1.891283690929412842e-02 1.383325923234224319e-02 1.865426450967788696e-02 6.178557500243186951e-02 1.629242114722728729e-02 4.551090300083160400e-03 2.965633757412433624e-02 2.219138480722904205e-02 2.332624420523643494e-02 1.393155660480260849e-02 4.070040211081504822e-02 1.104218605905771255e-02 4.353899508714675903e-02 2.411147207021713257e-02 1.554149389266967773e-02 5.537718161940574646e-02 4.409792274236679077e-02 3.646481782197952271e-02 2.554197423160076141e-02 2.152549289166927338e-02 8.082441985607147217e-02 8.421893417835235596e-02
5.621683597564697266e-02 7.039465755224227905e-02 2.499195933341979980e-02 9.804484248161315918e-02 9.749583154916763306e-02 4.116925597190856934e-02 2.784132212400436401e-02 1.425819564610719681e-02 5.651730112731456757e-03 1.529652532190084457e-02 4.053469281643629074e-03 7.201772928237915039e-02 5.433680117130279541e-02 1.404395848512649536e-01 1.136792004108428955e-01 6.747120618820190430e-02 3.097408451139926910e-02 1.417502164840698242e-01 1.209619920700788498e-02 5.400349572300910950e-02 5.625091865658760071e-02 5.753358826041221619e-02 8.942108601331710815e-02 1.083431914448738098e-01 1.392517425119876862e-02 4.427547380328178406e-02 2.491913177073001862e-02 1.520114392042160034e-01 2.978779748082160950e-02 8.454371243715286255e-02 5.532751604914665222e-02 4.559326544404029846e-02 1.277003809809684753e-02 1.396508421748876572e-02 5.779133737087249756e-02 4.583001136779785156e-02 2.817069925367832184e-02 1.625264994800090790e-02 7.651706039905548096e-02 3.727826848626136780e-02 3.524371609091758728e-02 1.064928621053695679e-02 1.310567930340766907e-02 2.677356638014316559e-02 3.043619357049465179e-02 2.544450759887695312e-02 2.344717830419540405e-02 2.604378573596477509e-02 2.988047525286674500e-02 2.128197811543941498e-02 1.699155755341053009e-02 1.003884747624397278e-01 2.592240087687969208e-02 3.621591627597808838e-02 6.771513819694519043e-02 3.890921175479888916e-02 1.319647650234401226e-03 2.354967780411243439e-02 5.860592704266309738e-03 2.118524163961410522e-02 4.951803386211395264e-02 3.712761681526899338e-03 4.583362315315753222e-04 2.177987433969974518e-02 3.990532457828521729e-02 3.009212901815772057e-03 3.217412531375885010e-02 3.062877058982849121e-02 4.048668220639228821e-02 8.572813123464584351e-02 1.067357603460550308e-02 3.961988165974617004e-02 6.800087541341781616e-02 7.489277049899101257e-03 8.260478824377059937e-02 9.159217588603496552e-03 2.856058254837989807e-02 1.997023634612560272e-02 1.633426919579505920e-02 1.691702939569950104e-02 5.220177397131919861e-02 4.903095588088035583e-02 3.922147676348686218e-03 2.381807379424571991e-02 1.806538179516792297e-02 6.042187102138996124e-03 6.914444267749786377e-02 5.584543570876121521e-02 8.454407565295696259e-03 1.537190750241279602e-02 6.034091860055923462e-02 4.157973453402519226e-02 2.128018438816070557e-02 5.378791689872741699e-02 3.575345873832702637e-02 2.822303213179111481e-02 2.348077669739723206e-02 4.089627042412757874e-02 7.152592297643423080e-03 6.725671142339706421e-02 3.503468632698059082e-02 2.157500758767127991e-02 6.036954745650291443e-02 1.791659556329250336e-02 4.976657778024673462e-02 5.887956824153661728e-03 6.581839919090270996e-02 9.570314548909664154e-03 4.893975332379341125e-02 1.382960565388202667e-02 2.627626527100801468e-03 2.200768887996673584e-02 2.455857023596763611e-02 9.538886137306690216e-03 2.399821067228913307e-03 3.769976273179054260e-02
1.514390558004379272e-01 1.550589948892593384e-01 2.796853892505168915e-03 5.369523074477910995e-03 1.802764646708965302e-02 9.742331504821777344e-02 8.496635407209396362e-02 5.706879496574401855e-02 7.508775684982538223e-03 1.044020242989063263e-02 1.551102697849273682e-01 5.433680117130279541e-02 1.441537886857986450e-01 2.106550522148609161e-02 8.911821246147155762e-02 4.903104528784751892e-02 3.831376880407333374e-02 5.072410032153129578e-02 2.056792611256241798e-03 1.202425453811883926e-02 5.093589052557945251e-02 7.633206993341445923e-02 6.314083933830261230e-02 3.197985514998435974e-02 1.835156790912151337e-02 2.489004284143447876e-03 6.736996024847030640e-02 7.267599552869796753e-02 2.866848744451999664e-02 6.669030059128999710e-03 3.472393378615379333e-02 2.218796871602535248e-02 4.113555699586868286e-02 3.825804963707923889e-02 2.857231162488460541e-02 1.437198463827371597e-02 2.276504226028919220e-02 6.799338757991790771e-02 4.520728066563606262e-02 2.215640805661678314e-02 3.731066361069679260e-02 2.722353674471378326e-02 3.030084306374192238e-03 5.752339959144592285e-02 6.118274852633476257e-02 3.418922191485762596e-03 7.918681949377059937e-02 9.778232872486114502e-02 4.935693927109241486e-03 3.368989797309041023e-03 5.330984480679035187e-03 3.220267593860626221e-02 3.425006568431854248e-02 3.767370060086250305e-02 3.350523486733436584e-02 7.552111521363258362e-03 2.068785391747951508e-02 2.564272144809365273e-03 2.384454384446144104e-02 1.087787467986345291e-02 3.134431689977645874e-02 6.026595830917358398e-02 1.583871431648731232e-02 4.669507965445518494e-02 2.810163237154483795e-02 3.484538942575454712e-02 2.636677213013172150e-02 3.044903650879859924e-02 3.189224377274513245e-02 3.129323199391365051e-02 8.130512433126568794e-04 2.437498606741428375e-02 1.763699389994144440e-02 3.016429953277111053e-03 5.086014512926340103e-03 2.834791503846645355e-02 8.725645951926708221e-03 1.067386101931333542e-02 2.293243817985057831e-02 4.005834087729454041e-02 5.305266007781028748e-02 1.981060206890106201e-02 5.289046093821525574e-02 3.070732951164245605e-02 3.076864406466484070e-02 2.904278971254825592e-02 5.932289734482765198e-02 6.517035514116287231e-02 4.857350606471300125e-03 5.600367113947868347e-02 4.226579144597053528e-02 9.265982359647750854e-02 1.781377382576465607e-02 4.901149496436119080e-02 5.424942821264266968e-03 1.254562381654977798e-02 2.115291543304920197e-02 4.816004261374473572e-02 1.344210281968116760e-02 2.235210314393043518e-02 2.088704705238342285e-02 1.686696661636233330e-03 4.766671359539031982e-02 3.591841319575905800e-03 4.622727259993553162e-02 3.837510244920849800e-03 4.800321161746978760e-02 6.726856343448162079e-03 5.283912643790245056e-03 3.815449774265289307e-02 1.955617964267730713e-02 2.115708030760288239e-02 2.714617550373077393e-02 1.596879772841930389e-02 2.017376478761434555e-03 6.346894055604934692e-02
