3.074673004448413849e-02 2.538775801658630371e-01 3.219397040084004402e-03 1.751877740025520325e-02 4.962596297264099121e-02 3.604483604431152344e-02 3.509773313999176025e-02 4.565997794270515442e-02 2.636049315333366394e-02 4.134476650506258011e-03 4.668075591325759888e-03 5.005256086587905884e-02 6.139991804957389832e-02 1.610026694834232330e-02 4.226524755358695984e-02 1.901822350919246674e-02 1.296249125152826309e-02 6.924994289875030518e-02 3.176617994904518127e-02 1.692242361605167389e-02 2.409055456519126892e-02 8.717725425958633423e-02 6.429577618837356567e-02 2.303225174546241760e-02 2.575302729383111000e-03 1.522069238126277924e-02 5.204213038086891174e-02 1.024642307311296463e-02 2.103846333920955658e-02 2.731771208345890045e-02 3.374274447560310364e-02 1.347082480788230896e-02 2.705549821257591248e-02 2.635738253593444824e-02 6.950387358665466309e-02 4.673230648040771484e-02 3.565403446555137634e-02 1.493169460445642471e-02 2.458129636943340302e-02 2.619671449065208435e-02 2.703185379505157471e-02 1.163587346673011780e-02 3.444250673055648804e-02 3.584121912717819214e-02 4.232482239603996277e-02 5.635264795273542404e-03 5.084170401096343994e-02 8.106116438284516335e-04 2.697277627885341644e-02 3.322510421276092529e-02 1.026394218206405640e-01 1.669902168214321136e-02 5.368371494114398956e-03 1.327590644359588623e-02 5.995403509587049484e-03 6.721231155097484589e-03 4.896070435643196106e-02 3.574738278985023499e-02 5.368230864405632019e-03 4.507709667086601257e-02 3.963587433099746704e-02 1.509225927293300629e-02 2.928893640637397766e-02 3.440401703119277954e-02 3.022973053157329559e-02 3.748551383614540100e-02 2.222410589456558228e-02 3.859045356512069702e-02 7.238202542066574097e-02 1.707491651177406311e-02 7.835908979177474976e-02 3.522999212145805359e-02 4.036854580044746399e-02 3.527359291911125183e-02 7.975872606039047241e-02 1.162330806255340576e-02 5.707811936736106873e-02 3.501595556735992432e-02 3.900748118758201599e-02 4.768570512533187866e-02 5.183447152376174927e-02 2.306617563590407372e-03 6.862159073352813721e-02 5.343682691454887390e-02 8.125208318233489990e-03 1.582425436936318874e-03 7.490535732358694077e-03 2.659966796636581421e-02 6.187370419502258301e-02 5.318001285195350647e-02 1.502490136772394180e-02 1.764496439136564732e-03 1.777441985905170441e-02 6.024216860532760620e-02 2.266071550548076630e-02 5.623828992247581482e-02 3.656063973903656006e-02 1.605508103966712952e-02 1.468639262020587921e-02 9.033939987421035767e-02 4.340953379869461060e-02 4.803006723523139954e-02 5.003857240080833435e-02 4.481767863035202026e-02 1.668221503496170044e-02 2.564975991845130920e-02 3.654300421476364136e-02 4.321505874395370483e-02 1.346054393798112869e-02 4.343220498412847519e-03 6.340293586254119873e-02 4.814476519823074341e-02 1.018291711807250977e-02 4.511594772338867188e-02 0.000000000000000000e+00 0.000000000000000000e+00
2.538775801658630371e-01 1.213719230145215988e-02 4.276686161756515503e-02 4.841066524386405945e-02 6.774261593818664551e-02 1.853210479021072388e-02 1.406834460794925690e-02 1.574937626719474792e-02 7.136753946542739868e-02 5.092282313853502274e-03 5.052138492465019226e-02 2.750519476830959320e-02 1.038350015878677368e-01 3.051698207855224609e-03 2.330961637198925018e-02 5.623472854495048523e-02 5.689787492156028748e-02 8.033522218465805054e-02 8.174433559179306030e-02 1.009427662938833237e-02 3.882851451635360718e-02 7.876867800951004028e-02 7.165368646383285522e-02 1.029965374618768692e-02 2.201708778738975525e-02 1.157475169748067856e-02 2.453714795410633087e-02 2.949632890522480011e-02 3.177499398589134216e-03 2.803178131580352783e-02 2.645826898515224457e-02 8.861148729920387268e-03 3.078731894493103027e-02 1.472332328557968140e-02 3.232412412762641907e-02 2.684366889297962189e-03 1.205731928348541260e-02 9.500076062977313995e-03 7.186447270214557648e-03 7.292504608631134033e-02 6.948470836505293846e-04 2.979011042043566704e-03 2.926901355385780334e-02 6.591699086129665375e-03 6.256579421460628510e-03 1.130481623113155365e-02 4.542041569948196411e-02 2.967888023704290390e-03 3.114214539527893066e-02 7.444840669631958008e-02 8.012830466032028198e-02 5.828327033668756485e-03 3.407420963048934937e-02 1.286287978291511536e-02 2.269388874992728233e-03 4.154258593916893005e-02 5.845918506383895874e-02 3.717349376529455185e-03 6.795925553888082504e-03 1.419426407665014267e-02 9.387861005961894989e-03 5.230447277426719666e-02 6.546177715063095093e-02 2.141770906746387482e-02 1.406780816614627838e-02 2.324139699339866638e-02 3.777275234460830688e-02 3.593895211815834045e-02 8.095873147249221802e-02 3.486212715506553650e-02 5.086015909910202026e-02 5.126263573765754700e-02 2.927408739924430847e-02 1.220536138862371445e-02 4.689283296465873718e-02 3.111908212304115295e-02 9.959018975496292114e-02 3.858747333288192749e-02 8.054301887750625610e-02 2.793309651315212250e-02 3.456367552280426025e-02 2.793710120022296906e-02 4.895911738276481628e-02 2.525583282113075256e-02 3.358414024114608765e-02 4.982511326670646667e-02 1.561389211565256119e-02 2.487669512629508972e-02 1.197729408740997314e-01 3.169577568769454956e-02 2.669708803296089172e-03 4.842263832688331604e-02 1.032716222107410431e-02 6.645027548074722290e-02 1.883486844599246979e-02 3.539065644145011902e-02 7.545738667249679565e-02 3.787779808044433594e-02 1.252551935613155365e-02 6.969452649354934692e-02 3.874497488141059875e-02 1.363625982776284218e-03 1.103711035102605820e-02 4.451174288988113403e-02 4.084551706910133362e-02 3.045413084328174591e-02 7.390800863504409790e-03 6.393690407276153564e-02 2.033624425530433655e-02 1.221155282109975815e-02 4.010548815131187439e-02 7.703839801251888275e-04 1.109198294579982758e-02 2.800045721232891083e-02 0.000000000000000000e+00 0.000000000000000000e+00
3.219397040084004402e-03 4.276686161756515503e-02 2.518009208142757416e-02 2.508950047194957733e-02 2.399452589452266693e-02 7.425424642860889435e-03 4.174274951219558716e-02 1.400938481092453003e-01 3.667633235454559326e-02 2.008963376283645630e-02 3.500917926430702209e-02 1.054126545786857605e-01 9.296448297391179949e-06 4.842843487858772278e-02 1.726744696497917175e-02 3.816573694348335266e-02 1.289192885160446167e-01 2.168421074748039246e-02 3.610382229089736938e-02 1.434340141713619232e-02 2.226065471768379211e-02 2.873286604881286621e-02 1.637699268758296967e-02 4.692927747964859009e-02 2.002717927098274231e-03 1.420034468173980713e-02 1.339606568217277527e-02 7.575112860649824142e-03 1.489203143864870071e-02 2.015703357756137848e-02 2.265677042305469513e-02 1.341618131846189499e-02 3.089597262442111969e-02 3.362483531236648560e-02 6.908670812845230103e-02 2.332651242613792419e-02 5.627997964620590210e-02 1.180319208651781082e-02 2.353777550160884857e-02 4.965965077280998230e-02 3.774806857109069824e-02 1.250099483877420425e-02 1.834283024072647095e-02 5.499134771525859833e-03 3.029485046863555908e-02 2.075939252972602844e-02 2.383507415652275085e-02 3.214788390323519707e-03 3.717891499400138855e-02 2.508270367980003357e-02 2.315130457282066345e-02 1.153974141925573349e-02 2.724933438003063202e-02 2.857030183076858521e-02 2.173955738544464111e-02 1.294676773250102997e-02 9.537316113710403442e-02 1.908719725906848907e-02 7.251861691474914551e-02 2.658146992325782776e-02 4.640361666679382324e-02 1.438410393893718719e-02 1.993697695434093475e-02 1.315397769212722778e-02 6.014844402670860291e-02 2.281744219362735748e-02 4.795642103999853134e-03 4.220705106854438782e-02 5.474874749779701233e-02 2.098381519317626953e-02 5.150947347283363342e-02 2.702631615102291107e-02 1.883852854371070862e-02 4.521306604146957397e-02 8.818509057164192200e-03 3.500303253531455994e-02 1.402000244706869125e-02 1.293409150093793869e-03 6.113471090793609619e-02 4.656409472227096558e-02 1.038998737931251526e-01 1.611856818199157715e-01 2.219760231673717499e-02 4.037925228476524353e-02 5.782537162303924561e-02 3.232654184103012085e-02 7.457713782787322998e-02 1.014787703752517700e-01 1.129595935344696045e-01 4.449055995792150497e-03 1.949693774804472923e-03 6.199340149760246277e-02 1.779326051473617554e-02 4.464451223611831665e-02 4.072823375463485718e-02 9.074851125478744507e-02 1.370256487280130386e-02 5.368867143988609314e-02 3.770776838064193726e-02 5.808524042367935181e-02 3.398106619715690613e-02 5.090611055493354797e-02 3.051683679223060608e-02 2.444478869438171387e-02 1.041848771274089813e-02 3.494087979197502136e-02 2.327036857604980469e-02 4.896527528762817383e-02 1.547189801931381226e-02 3.688488155603408813e-02 7.556401193141937256e-02 1.911723241209983826e-02 4.603406786918640137e-02 5.462585482746362686e-03 0.000000000000000000e+00 0.000000000000000000e+00
1.751877740025520325e-02 4.841066524386405945e-02 2.508950047194957733e-02 7.178438827395439148e-03 1.103243455290794373e-01 6.263993680477142334e-02 4.183609783649444580e-02 2.658035233616828918e-02 6.168368458747863770e-02 3.125793486833572388e-02 3.817060217261314392e-02 9.548467397689819336e-02 5.248805973678827286e-03 8.694354444742202759e-02 5.795847624540328979e-03 2.223198674619197845e-02 7.926315814256668091e-02 9.594823420047760010e-02 1.008873507380485535e-01 6.832474842667579651e-03 7.538030389696359634e-03 4.687507636845111847e-03 6.555321812629699707e-02 2.620343491435050964e-02 1.862304843962192535e-02 4.845893010497093201e-03 3.910972923040390015e-02 3.947609663009643555e-02 1.100466819480061531e-03 1.852893643081188202e-02 6.163474917411804199e-02 3.279727324843406677e-02 4.429453518241643906e-03 3.526665642857551575e-02 2.331386134028434753e-02 6.514971703290939331e-02 1.568503864109516144e-02 1.805492863059043884e-02 1.520061492919921875e-01 6.080318707972764969e-03 1.002856250852346420e-02 4.297500848770141602e-02 2.919081039726734161e-02 1.326625328510999680e-02 3.275591880083084106e-02 4.754171893000602722e-02 2.036089263856410980e-02 1.378381438553333282e-02 3.525115922093391418e-02 2.888009697198867798e-02 1.904138550162315369e-02 3.664653003215789795e-02 1.066943909972906113e-02 2.056741155683994293e-02 2.152037061750888824e-02 2.352751232683658600e-02 2.381559647619724274e-02 2.843722514808177948e-02 5.443374440073966980e-02 1.612116955220699310e-02 6.978317350149154663e-02 4.420036450028419495e-02 1.295784711837768555e-01 2.110614627599716187e-02 3.817813470959663391e-02 5.587717890739440918e-02 6.226149573922157288e-02 3.674105927348136902e-02 4.252647981047630310e-02 3.631398826837539673e-02 9.797906130552291870e-02 3.558295778930187225e-03 1.338318586349487305e-01 5.381575226783752441e-02 9.250997751951217651e-02 4.017878789454698563e-03 9.522470086812973022e-02 2.960127592086791992e-02 5.663932859897613525e-02 3.295411169528961182e-02 2.854843623936176300e-02 6.375711411237716675e-02 4.905090853571891785e-02 1.316775381565093994e-01 2.450330182909965515e-02 1.900950074195861816e-02 2.022393234074115753e-02 1.002664212137460709e-02 2.562954276800155640e-02 7.022288441658020020e-02 1.807096041738986969e-02 4.291148111224174500e-02 1.247179228812456131e-02 1.706097088754177094e-02 4.358049109578132629e-02 2.896642684936523438e-02 2.203334122896194458e-02 7.668207585811614990e-02 6.223880127072334290e-02 7.208614051342010498e-02 4.136131331324577332e-02 1.229143235832452774e-02 5.992824211716651917e-03 5.613393336534500122e-02 3.345046937465667725e-02 2.703480422496795654e-02 4.637308791279792786e-02 5.062689888291060925e-04 7.863215170800685883e-03 1.708840578794479370e-02 2.656520530581474304e-02 4.222796112298965454e-02 2.385626174509525299e-02 3.441165760159492493e-02 0.000000000000000000e+00 0.000000000000000000e+00
4.962596297264099121e-02 6.774261593818664551e-02 2.399452589452266693e-02 1.103243455290794373e-01 5.308799073100090027e-02 4.904812574386596680e-02 6.684817373752593994e-03 8.040579967200756073e-03 2.727814950048923492e-02 6.207602098584175110e-03 3.373257350176572800e-03 5.290661752223968506e-02 4.207078740000724792e-02 6.771332770586013794e-02 4.147371277213096619e-02 1.198991760611534119e-02 1.007829383015632629e-01 1.973239332437515259e-02 1.336007267236709595e-01 5.049166455864906311e-02 8.720543980598449707e-02 2.855593338608741760e-02 2.387681603431701660e-02 3.809761255979537964e-02 4.426371678709983826e-02 1.025475095957517624e-02 2.129999548196792603e-02 6.130415573716163635e-02 4.346399009227752686e-02 2.559448033571243286e-02 8.935035206377506256e-03 6.119180843234062195e-02 2.156190201640129089e-02 4.191932082176208496e-02 1.430950686335563660e-02 1.193623291328549385e-03 4.198697581887245178e-02 2.502907812595367432e-02 3.440770134329795837e-02 1.278684139251708984e-01 6.497579813003540039e-02 4.521357640624046326e-02 5.799664184451103210e-03 5.983758345246315002e-02 1.410523336380720139e-02 3.434832440689206123e-03 3.158349171280860901e-02 5.896321032196283340e-03 5.441502202302217484e-03 3.376493975520133972e-02 2.506374381482601166e-02 1.794012263417243958e-02 4.095670580863952637e-02 7.166479248553514481e-03 3.248049691319465637e-02 8.175268769264221191e-02 7.956583984196186066e-03 2.761903777718544006e-02 3.628700599074363708e-02 4.909062292426824570e-03 1.127169653773307800e-02 5.643548443913459778e-02 2.851543202996253967e-02 2.826503245159983635e-03 2.550850994884967804e-02 8.030683733522891998e-03 1.307344585657119751e-01 1.282662749290466309e-01 5.026005581021308899e-02 4.012395441532135010e-02 1.574493572115898132e-02 2.780651859939098358e-02 3.384106978774070740e-02 1.679125428199768066e-02 6.614366918802261353e-02 1.430454105138778687e-02 4.086712747812271118e-02 5.210273712873458862e-02 1.356566045433282852e-02 4.039458930492401123e-02 7.257135584950447083e-03 6.203442811965942383e-03 1.049404889345169067e-01 1.022774204611778259e-01 3.903741389513015747e-02 4.673194885253906250e-02 9.421405382454395294e-03 1.803288795053958893e-02 5.423267930746078491e-02 3.070157021284103394e-02 2.292086370289325714e-02 1.689394377171993256e-02 2.605426125228404999e-02 9.018848836421966553e-02 2.119168266654014587e-02 7.341754436492919922e-02 1.002434547990560532e-02 5.848850123584270477e-03 1.491662464104592800e-03 5.941595509648323059e-02 4.126556217670440674e-03 5.454626306891441345e-02 2.261799760162830353e-02 4.195191338658332825e-02 1.085570827126502991e-02 6.972658913582563400e-03 2.529334276914596558e-02 6.539678573608398438e-02 2.982620894908905029e-02 2.996500767767429352e-02 2.425528690218925476e-02 3.483597561717033386e-02 7.742390502244234085e-03 3.071494027972221375e-02 0.000000000000000000e+00 0.000000000000000000e+00
3.604483604431152344e-02 1.853210479021072388e-02 7.425424642860889435e-03 6.263993680477142334e-02 4.904812574386596680e-02 6.040456239134073257e-03 1.947815269231796265e-01 3.414839133620262146e-02 2.209175191819667816e-02 1.504892855882644653e-02 8.680873364210128784e-02 3.699094802141189575e-02 1.150102019309997559e-01 2.125098556280136108e-02 6.954138725996017456e-02 1.081786677241325378e-02 2.238819189369678497e-02 1.089147031307220459e-01 1.322546601295471191e-01 2.412180788815021515e-02 7.468126714229583740e-02 7.320554554462432861e-02 1.576990075409412384e-02 3.460494428873062134e-02 2.908705174922943115e-02 8.098858594894409180e-02 2.758766524493694305e-02 3.966309502720832825e-02 1.695474609732627869e-02 3.357895463705062866e-02 2.140646392945200205e-04 2.711103670299053192e-02 1.128634158521890640e-02 4.193757474422454834e-02 3.367501497268676758e-02 5.002170801162719727e-03 1.267362665385007858e-02 7.467029988765716553e-02 9.178630076348781586e-03 1.988351903855800629e-02 1.436875164508819580e-01 4.052523989230394363e-03 9.730190038681030273e-03 1.998897083103656769e-02 7.100202143192291260e-03 2.416250482201576233e-02 1.805190443992614746e-01 4.907993599772453308e-02 3.862655162811279297e-02 4.096633195877075195e-02 3.416225686669349670e-02 5.021868273615837097e-02 3.493449091911315918e-02 2.452907711267471313e-02 1.599000208079814911e-02 3.785856068134307861e-02 1.440460328012704849e-02 7.867230102419853210e-03 3.190796822309494019e-02 1.074574887752532959e-02 1.729261130094528198e-02 3.541350364685058594e-02 2.142990194261074066e-02 2.947389893233776093e-02 5.847974214702844620e-03 2.606954239308834076e-02 9.831491857767105103e-02 7.231296598911285400e-02 3.520866483449935913e-02 3.949885070323944092e-02 2.515624836087226868e-02 1.527715846896171570e-02 3.126211836934089661e-02 4.756460338830947876e-02 9.382531978189945221e-03 1.737010851502418518e-02 1.861832104623317719e-02 5.291339755058288574e-02 2.869406156241893768e-02 9.333276003599166870e-02 1.780794002115726471e-02 1.525006163865327835e-02 6.412539631128311157e-02 1.276607345789670944e-02 3.570393100380897522e-02 1.172725949436426163e-02 2.158729126676917076e-03 4.044426023028790951e-04 5.619473382830619812e-02 3.708132728934288025e-02 1.577006769366562366e-03 9.032440930604934692e-02 7.819056510925292969e-02 2.961005456745624542e-02 5.511042103171348572e-02 1.215370744466781616e-01 1.445123110897839069e-03 7.179807126522064209e-02 3.240524232387542725e-02 3.093832917511463165e-02 1.076989807188510895e-02 2.028063684701919556e-02 3.821562603116035461e-02 6.057299207895994186e-03 1.383555587381124496e-02 3.023994527757167816e-02 2.303872723132371902e-03 3.166886791586875916e-02 4.033261444419622421e-03 1.388929958920925856e-04 3.227943554520606995e-02 3.690402489155530930e-03 5.536974593997001648e-02 3.634338453412055969e-02 0.000000000000000000e+00 0.000000000000000000e+00
3.509773313999176025e-02 1.406834460794925690e-02 4.174274951219558716e-02 4.183609783649444580e-02 6.684817373752593994e-03 1.947815269231796265e-01 3.582914546132087708e-02 6.371417641639709473e-02 2.467541769146919250e-02 2.039747871458530426e-02 1.123001575469970703e-01 4.884283989667892456e-02 9.724979102611541748e-02 7.092893123626708984e-02 1.801668293774127960e-02 1.616604067385196686e-02 3.390871360898017883e-02 5.773436278104782104e-02 7.450812309980392456e-02 1.534593477845191956e-02 1.435352582484483719e-02 5.017232894897460938e-02 3.385023772716522217e-02 7.058691233396530151e-03 3.516799956560134888e-02 1.028605625033378601e-01 4.058730788528919220e-03 3.830932453274726868e-02 2.307760901749134064e-02 5.055085197091102600e-02 2.179629355669021606e-02 1.667058654129505157e-02 2.554858662188053131e-02 2.374833635985851288e-02 6.500115152448415756e-03 1.265789009630680084e-02 3.798261284828186035e-02 7.923000492155551910e-03 5.306318402290344238e-03 4.131049662828445435e-02 1.222725398838520050e-02 8.225502446293830872e-03 3.494768962264060974e-02 3.664551302790641785e-02 4.801774397492408752e-02 2.963056787848472595e-02 1.329572498798370361e-01 1.182325780391693115e-01 4.931878671050071716e-02 2.502224594354629517e-02 7.694443315267562866e-02 6.098638102412223816e-02 1.219347678124904633e-02 1.375081762671470642e-02 3.211937472224235535e-02 8.405802771449089050e-03 4.961309954524040222e-02 5.602120235562324524e-02 7.182792574167251587e-02 5.715329200029373169e-02 3.595894947648048401e-02 1.279830746352672577e-02 5.504151806235313416e-02 2.559686638414859772e-02 3.312633559107780457e-02 1.713246293365955353e-02 5.588830634951591492e-02 3.311717882752418518e-02 3.155959071591496468e-03 1.788194663822650909e-02 1.466863672249019146e-03 9.146686643362045288e-03 1.310005318373441696e-02 3.018993511795997620e-02 2.825903892517089844e-02 2.753902785480022430e-02 4.200289025902748108e-02 3.319521993398666382e-02 2.224897500127553940e-03 4.594550654292106628e-02 6.739342957735061646e-02 4.413791745901107788e-02 1.999855414032936096e-02 2.062126994132995605e-02 1.931085251271724701e-03 3.356574475765228271e-02 2.156804874539375305e-02 1.495591457933187485e-02 4.306306689977645874e-02 2.804251573979854584e-02 3.444650396704673767e-02 3.031976334750652313e-02 1.449507288634777069e-02 2.301886677742004395e-03 3.817016631364822388e-02 3.815357759594917297e-02 4.462340474128723145e-02 5.994627997279167175e-02 5.524052679538726807e-02 9.192848205566406250e-02 3.540638461709022522e-02 1.941415481269359589e-02 3.223399445414543152e-02 7.036581169813871384e-03 5.531171709299087524e-02 5.723918002331629395e-05 4.926734790205955505e-02 1.254022028297185898e-02 7.445602118968963623e-02 9.987560100853443146e-03 5.615182593464851379e-02 5.611176043748855591e-02 2.021121233701705933e-02 3.850280866026878357e-02 0.000000000000000000e+00 0.000000000000000000e+00
4.565997794270515442e-02 1.574937626719474792e-02 1.400938481092453003e-01 2.658035233616828918e-02 8.040579967200756073e-03 3.414839133620262146e-02 6.371417641639709473e-02 2.205204963684082031e-02 3.015051409602165222e-02 5.813936144113540649e-02 5.043366923928260803e-02 2.682115696370601654e-02 5.100640282034873962e-02 9.338988922536373138e-03 1.211402565240859985e-01 1.251943595707416534e-02 6.407637149095535278e-02 4.013364762067794800e-02 2.642577327787876129e-02 2.490304969251155853e-02 7.121945731341838837e-03 1.788605377078056335e-02 1.938049308955669403e-02 1.153053622692823410e-02 4.595667496323585510e-02 9.477376192808151245e-02 3.816268872469663620e-03 1.156592220067977905e-01 2.452244237065315247e-02 2.879272960126399994e-02 3.934800252318382263e-02 2.913642115890979767e-02 8.420305675826966763e-04 2.489547058939933777e-02 4.068192839622497559e-02 7.880269736051559448e-02 3.701449930667877197e-02 5.138279870152473450e-02 2.465210109949111938e-02 4.368363693356513977e-02 3.620695322751998901e-02 3.775670006871223450e-02 1.907622255384922028e-02 3.552688285708427429e-02 5.360159650444984436e-02 1.195648685097694397e-02 3.643814101815223694e-02 1.626526564359664917e-02 3.497581183910369873e-02 6.044389307498931885e-02 2.144959941506385803e-02 1.242646109312772751e-02 4.208671860396862030e-03 1.607931964099407196e-02 2.830148115754127502e-02 7.400137837976217270e-03 4.874502494931221008e-02 2.488010749220848083e-02 5.428697541356086731e-02 3.075321763753890991e-02 5.443122610449790955e-02 3.853930905461311340e-02 9.452469646930694580e-03 1.833816617727279663e-02 2.301541157066822052e-02 7.394120097160339355e-03 3.981700912117958069e-02 4.871109873056411743e-02 4.768076911568641663e-02 2.463692985475063324e-02 4.484911914914846420e-03 6.452655047178268433e-02 3.905433788895606995e-02 6.918825209140777588e-03 4.503449052572250366e-02 1.079174596816301346e-02 3.820737078785896301e-02 5.850377306342124939e-02 4.993611201643943787e-02 4.174867644906044006e-02 1.610139608383178711e-01 1.293104290962219238e-01 5.217507015913724899e-03 3.970835357904434204e-02 3.225932270288467407e-02 4.067818447947502136e-02 9.876894205808639526e-02 4.857722297310829163e-02 9.404642134904861450e-02 4.505192115902900696e-02 2.482117712497711182e-02 3.305288031697273254e-02 1.052730809897184372e-02 3.801570832729339600e-02 3.847670927643775940e-02 1.632853224873542786e-02 4.054147005081176758e-02 3.859753161668777466e-02 4.604271054267883301e-02 1.129814237356185913e-02 5.144631862640380859e-02 8.801069110631942749e-02 1.162869948893785477e-02 7.180110365152359009e-02 1.338168606162071228e-02 1.815835759043693542e-02 8.141117542982101440e-02 5.638219788670539856e-02 3.285672143101692200e-02 4.875786602497100830e-02 5.677698552608489990e-02 6.025286391377449036e-02 3.607526421546936035e-02 1.207962539047002792e-02 0.000000000000000000e+00 0.000000000000000000e+00
2.636049315333366394e-02 7.136753946542739868e-02 3.667633235454559326e-02 6.168368458747863770e-02 2.727814950048923492e-02 2.209175191819667816e-02 2.467541769146919250e-02 3.015051409602165222e-02 7.390478858724236488e-04 1.016353964805603027e-01 4.352365806698799133e-02 1.007778421044349670e-01 2.583745308220386505e-02 4.901604726910591125e-02 2.720236778259277344e-02 1.299661677330732346e-02 1.074561569839715958e-02 1.177801191806793213e-01 7.098916172981262207e-02 2.661096397787332535e-03 3.632812947034835815e-02 3.421052545309066772e-02 9.174945950508117676e-02 1.051640487276017666e-03 1.938320323824882507e-02 4.094700515270233154e-02 2.059846930205821991e-02 5.784001201391220093e-02 4.363313317298889160e-02 7.804479449987411499e-02 1.878488436341285706e-02 2.778418734669685364e-02 1.338236220180988312e-02 3.795861965045332909e-03 5.901196599006652832e-02 4.141494631767272949e-02 3.625010699033737183e-02 8.146917819976806641e-02 5.372459441423416138e-02 7.866530679166316986e-03 6.957523524761199951e-02 6.389751099050045013e-03 4.008987545967102051e-02 7.196850609034299850e-03 3.165016882121562958e-03 3.401600196957588196e-02 2.735888212919235229e-02 2.009162679314613342e-02 4.736950248479843140e-02 8.592118392698466778e-04 6.393401324748992920e-02 2.042571641504764557e-02 4.674943536520004272e-02 2.893426083028316498e-02 7.662130147218704224e-02 3.074981831014156342e-02 3.809313522651791573e-03 2.469051256775856018e-02 5.257843062281608582e-02 1.906170696020126343e-02 1.342879887670278549e-02 6.778836250305175781e-02 2.048636227846145630e-02 1.143564283847808838e-02 1.976162008941173553e-02 5.263642221689224243e-02 4.765646159648895264e-02 2.273789606988430023e-02 5.876243114471435547e-02 3.272872418165206909e-02 7.996151223778724670e-03 9.894451126456260681e-03 2.312506403541192412e-04 1.713903248310089111e-02 5.474541336297988892e-02 3.286737576127052307e-02 1.648064404726028442e-01 6.109588593244552612e-02 9.264916926622390747e-02 3.487194702029228210e-02 3.749558702111244202e-02 1.688102260231971741e-02 1.289289072155952454e-02 6.794790178537368774e-02 2.886255271732807159e-02 3.208395093679428101e-02 3.350354358553886414e-02 1.044709235429763794e-02 1.234844028949737549e-01 2.737840078771114349e-02 5.719618871808052063e-02 2.912368066608905792e-02 1.309990882873535156e-02 4.817702993750572205e-02 5.023349821567535400e-02 1.205321215093135834e-02 5.121165886521339417e-02 1.415674574673175812e-02 1.906402595341205597e-02 3.024277836084365845e-02 3.550780937075614929e-02 1.942365057766437531e-02 4.969622474163770676e-03 4.356242343783378601e-02 2.419539913535118103e-02 1.029149629175662994e-02 1.380879693897441030e-04 3.360321372747421265e-02 5.104334093630313873e-03 2.709287218749523163e-03 2.137450315058231354e-02 7.062411867082118988e-03 4.558871313929557800e-02 3.368675708770751953e-02 0.000000000000000000e+00 0.000000000000000000e+00
4.134476650506258011e-03 5.092282313853502274e-03 2.008963376283645630e-02 3.125793486833572388e-02 6.207602098584175110e-03 1.504892855882644653e-02 2.039747871458530426e-02 5.813936144113540649e-02 1.016353964805603027e-01 1.586101017892360687e-02 1.229704823344945908e-02 2.546967193484306335e-02 1.633156463503837585e-02 8.870678953826427460e-03 7.643057964742183685e-03 1.775220595300197601e-02 7.658275216817855835e-02 9.837307035923004150e-02 1.188596114516258240e-01 3.900565952062606812e-02 1.034985110163688660e-02 4.691139794886112213e-03 1.021082047373056412e-02 7.152245938777923584e-02 1.452953205443918705e-03 4.582492262125015259e-02 1.265376619994640350e-02 3.735160827636718750e-02 1.834744028747081757e-02 3.664113953709602356e-02 2.080555073916912079e-02 3.247532621026039124e-02 6.710352003574371338e-02 6.551912426948547363e-02 3.984564542770385742e-02 1.107868738472461700e-02 1.127906795591115952e-02 5.084019526839256287e-02 6.580199301242828369e-02 3.026936389505863190e-02 3.504858911037445068e-02 2.149306051433086395e-02 4.610283765941858292e-03 2.456793934106826782e-02 4.697120189666748047e-02 5.198565125465393066e-02 3.595800325274467468e-02 8.900729939341545105e-03 5.588708445429801941e-02 7.882206887006759644e-02 3.579232841730117798e-02 3.910043276846408844e-03 2.297985134646296501e-03 5.562376603484153748e-02 5.608169734477996826e-02 7.574399560689926147e-02 6.022644415497779846e-02 1.086594711523503065e-04 7.097020000219345093e-02 1.765845715999603271e-02 7.594371587038040161e-02 1.406491175293922424e-02 4.911998286843299866e-02 3.464351594448089600e-02 7.910816930234432220e-03 1.185145694762468338e-02 9.324505180120468140e-02 3.736750781536102295e-02 3.452166542410850525e-02 2.196199074387550354e-02 8.607158064842224121e-02 7.065757527016103268e-04 2.357399556785821915e-03 5.272757261991500854e-02 1.887241727672517300e-03 1.466115284711122513e-02 6.425026059150695801e-02 1.409783065319061279e-01 8.003119379281997681e-03 1.334333568811416626e-01 2.056754007935523987e-02 4.095854610204696655e-02 5.570734292268753052e-02 1.115683689713478088e-01 5.704854801297187805e-02 1.012226268649101257e-01 1.193223800510168076e-02 6.221050396561622620e-02 5.331997200846672058e-02 1.033153459429740906e-01 1.456616912037134171e-02 4.129327833652496338e-02 4.306076839566230774e-02 7.150158286094665527e-03 5.017764121294021606e-02 4.513240605592727661e-02 3.357086330652236938e-02 6.595131009817123413e-02 2.424653246998786926e-02 3.224820131435990334e-03 7.024783641099929810e-02 4.088890552520751953e-02 3.048129007220268250e-02 4.584065452218055725e-02 5.680766701698303223e-02 1.833706162869930267e-02 3.601631522178649902e-02 6.947576254606246948e-02 2.345087938010692596e-02 1.545012183487415314e-02 5.902121588587760925e-02 2.492811530828475952e-02 3.058026358485221863e-02 2.858831314370036125e-03 0.000000000000000000e+00 0.000000000000000000e+00
4.668075591325759888e-03 5.052138492465019226e-02 3.500917926430702209e-02 3.817060217261314392e-02 3.373257350176572800e-03 8.680873364210128784e-02 1.123001575469970703e-01 5.043366923928260803e-02 4.352365806698799133e-02 1.229704823344945908e-02 1.612477935850620270e-02 3.293133154511451721e-02 1.468301713466644287e-01 3.318197652697563171e-02 6.680514197796583176e-03 1.759477332234382629e-02 2.521667070686817169e-02 2.421922795474529266e-02 5.970256403088569641e-02 1.803935877978801727e-02 4.463849589228630066e-02 3.735847771167755127e-02 5.662962794303894043e-02 2.003818750381469727e-02 2.388850785791873932e-02 4.633491486310958862e-02 2.957250922918319702e-02 1.309626083821058273e-02 6.596389412879943848e-02 3.244138881564140320e-02 4.310249164700508118e-02 4.384963586926460266e-02 2.693316899240016937e-02 6.491558626294136047e-03 3.272762289270758629e-03 1.831521838903427124e-02 1.727640070021152496e-02 4.513951763510704041e-02 9.848283603787422180e-03 5.538460612297058105e-02 1.043103728443384171e-02 7.784670591354370117e-02 1.806517317891120911e-02 6.053879857063293457e-02 2.903230302035808563e-02 1.888921111822128296e-02 9.988573938608169556e-02 7.936727255582809448e-02 3.512530028820037842e-02 4.451732337474822998e-02 3.695096354931592941e-03 3.581956401467323303e-02 3.266785060986876488e-03 3.472622483968734741e-02 1.041901856660842896e-02 3.180781379342079163e-02 3.490447252988815308e-02 3.035171702504158020e-02 1.507368590682744980e-02 1.918689534068107605e-02 1.019622664898633957e-02 2.644316852092742920e-02 3.450651839375495911e-02 9.347253479063510895e-03 6.954003125429153442e-02 8.760377019643783569e-02 1.843553036451339722e-02 1.199674606323242188e-02 2.107419259846210480e-02 1.367278303951025009e-02 1.254408806562423706e-02 2.302783913910388947e-02 1.680484786629676819e-02 2.042174898087978363e-02 2.816340327262878418e-02 1.111252233386039734e-02 6.557832658290863037e-02 3.759234026074409485e-02 2.869952283799648285e-02 4.532202705740928650e-02 6.303236633539199829e-02 7.228043396025896072e-04 1.179083287715911865e-01 8.118293434381484985e-02 3.201228752732276917e-02 1.866606622934341431e-02 5.818639323115348816e-02 5.223623663187026978e-02 2.834581583738327026e-02 1.437801308929920197e-02 6.120022013783454895e-02 5.658105947077274323e-03 3.162250295281410217e-02 2.885314263403415680e-02 2.475310675799846649e-02 4.859003797173500061e-02 4.844828695058822632e-02 1.487228833138942719e-02 1.477882266044616699e-02 1.782513037323951721e-02 1.889292523264884949e-02 3.868329524993896484e-02 3.059755638241767883e-02 5.449157208204269409e-03 2.499462105333805084e-02 4.045550152659416199e-02 1.484250836074352264e-02 3.235912322998046875e-02 1.281615253537893295e-02 6.587426178157329559e-03 7.098227739334106445e-02 1.231946982443332672e-03 6.393257994204759598e-03 2.817754633724689484e-02 0.000000000000000000e+00 0.000000000000000000e+00
5.005256086587905884e-02 2.750519476830959320e-02 1.054126545786857605e-01 9.548467397689819336e-02 5.290661752223968506e-02 3.699094802141189575e-02 4.884283989667892456e-02 2.682115696370601654e-02 1.007778421044349670e-01 2.546967193484306335e-02 3.293133154511451721e-02 1.081607770174741745e-03 7.419959455728530884e-02 1.983169913291931152e-01 5.949474871158599854e-03 4.019720945507287979e-03 2.940095588564872742e-02 5.411489680409431458e-02 8.717451989650726318e-02 3.840752691030502319e-02 1.938415807671844959e-04 1.842378452420234680e-02 5.522634461522102356e-02 4.252485930919647217e-02 4.175993427634239197e-02 1.454561762511730194e-02 8.208241197280585766e-04 5.425093322992324829e-02 1.194418687373399734e-02 7.693426311016082764e-02 5.040717869997024536e-02 1.037866920232772827e-01 5.346598103642463684e-02 9.592784568667411804e-03 4.001289606094360352e-02 2.310904674232006073e-02 4.551771283149719238e-02 6.069674156606197357e-03 1.711089164018630981e-02 1.983401924371719360e-02 2.233840152621269226e-02 1.612101495265960693e-02 1.658715307712554932e-02 3.527082875370979309e-02 1.434592157602310181e-01 3.195369616150856018e-02 7.814620435237884521e-02 3.246060386300086975e-02 4.249451309442520142e-02 2.466108649969100952e-02 1.786064915359020233e-02 1.747353002429008484e-02 7.936795055866241455e-02 2.900947257876396179e-02 2.893831953406333923e-02 3.668883815407752991e-02 9.816148318350315094e-03 4.131239838898181915e-03 1.798129826784133911e-02 4.844708368182182312e-02 4.719792306423187256e-02 2.062595449388027191e-02 1.166501566767692566e-01 5.873536691069602966e-03 3.241165727376937866e-02 1.181641221046447754e-02 2.597962878644466400e-02 1.173010002821683884e-02 5.340278148651123047e-02 3.806550428271293640e-02 4.068537056446075439e-02 3.258243575692176819e-02 6.170132756233215332e-02 5.262048542499542236e-02 4.689671471714973450e-02 6.951568648219108582e-03 4.598470777273178101e-02 7.540736347436904907e-02 1.113749220967292786e-01 7.041124999523162842e-02 4.658876359462738037e-02 9.461943060159683228e-02 3.324647247791290283e-02 5.399053171277046204e-02 5.577020812779664993e-03 4.797474667429924011e-02 1.416532509028911591e-02 4.699589312076568604e-02 4.360052943229675293e-02 6.622841954231262207e-02 8.325208723545074463e-02 2.297398075461387634e-02 2.606819942593574524e-02 1.369663514196872711e-02 3.037367388606071472e-02 5.982242524623870850e-02 1.145602297037839890e-02 2.703077346086502075e-02 2.078230120241641998e-02 1.658915914595127106e-02 1.731183007359504700e-02 6.315708160400390625e-02 3.864422440528869629e-02 9.708682075142860413e-03 1.718466915190219879e-02 1.202281191945075989e-02 4.924758523702621460e-02 1.833462901413440704e-02 2.182689122855663300e-02 6.400849670171737671e-02 4.563949070870876312e-03 4.817613959312438965e-02 3.761052340269088745e-02 2.462702989578247070e-02 0.000000000000000000e+00 0.000000000000000000e+00
6.139991804957389832e-02 1.038350015878677368e-01 9.296448297391179949e-06 5.248805973678827286e-03 4.207078740000724792e-02 1.150102019309997559e-01 9.724979102611541748e-02 5.100640282034873962e-02 2.583745308220386505e-02 1.633156463503837585e-02 1.468301713466644287e-01 7.419959455728530884e-02 1.718362560495734215e-03 2.118172310292720795e-02 1.540553476661443710e-02 1.691029220819473267e-02 9.488244540989398956e-03 5.320194363594055176e-02 4.991089925169944763e-03 2.908412739634513855e-02 3.137476369738578796e-02 4.556026309728622437e-02 1.546655409038066864e-02 4.367416352033615112e-02 4.158785939216613770e-02 3.898215945810079575e-03 1.776017062366008759e-02 2.127807028591632843e-02 5.227290838956832886e-02 2.974895574152469635e-02 8.895075321197509766e-02 7.874392904341220856e-04 8.917380124330520630e-02 4.159541800618171692e-02 1.843002997338771820e-02 5.841527879238128662e-02 2.635957300662994385e-02 1.294874027371406555e-02 4.224219918251037598e-02 7.957730442285537720e-02 1.353835500776767731e-02 6.372427940368652344e-02 5.370510276407003403e-03 2.295225858688354492e-02 2.439376339316368103e-02 1.343130599707365036e-02 7.735797017812728882e-02 6.110775098204612732e-02 1.586437970399856567e-02 3.047789074480533600e-02 1.367056183516979218e-02 3.335508704185485840e-02 1.088743936270475388e-02 4.567300435155630112e-03 2.157722786068916321e-02 2.300822176039218903e-02 7.534082233905792236e-02 6.911462172865867615e-03 3.915485739707946777e-02 2.801629016175866127e-03 4.410907626152038574e-02 7.035487890243530273e-02 3.463412821292877197e-02 5.499324295669794083e-03 3.338479623198509216e-02 8.338616043329238892e-02 3.615802526473999023e-02 4.948258399963378906e-02 2.432115748524665833e-02 3.159686923027038574e-02 2.913076244294643402e-02 6.563131697475910187e-03 3.051859699189662933e-02 5.723004415631294250e-02 1.666272059082984924e-02 4.224216192960739136e-02 8.548907935619354248e-03 2.967427112162113190e-02 3.754372149705886841e-02 4.238833859562873840e-02 8.547147735953330994e-03 4.905933514237403870e-02 8.375402539968490601e-02 5.864232778549194336e-03 2.249248698353767395e-02 6.632633041590452194e-03 1.254799123853445053e-02 5.052851140499114990e-02 1.260040514171123505e-02 3.982696309685707092e-02 2.223275415599346161e-02 5.847187712788581848e-02 3.365487605333328247e-02 3.878675401210784912e-02 3.330073878169059753e-02 3.164799709338694811e-04 7.040699571371078491e-02 1.500056125223636627e-02 1.159705035388469696e-02 3.533130220603197813e-04 1.875062845647335052e-02 1.040228232741355896e-01 4.632326960563659668e-02 1.202215254306793213e-02 1.463437546044588089e-02 6.009715422987937927e-02 4.971678555011749268e-02 2.815861068665981293e-02 1.488268468528985977e-02 9.414410218596458435e-03 6.836422532796859741e-02 4.445601254701614380e-02 2.611682517454028130e-03 3.881294652819633484e-02 0.000000000000000000e+00 0.000000000000000000e+00
