6.800372153520584106e-02 3.442989587783813477e-01 1.558830142021179199e-01 4.717808589339256287e-02 4.706281423568725586e-02 4.953835159540176392e-02 9.914294816553592682e-03 4.858881235122680664e-02 1.939846202731132507e-02 8.964300155639648438e-02 2.165937721729278564e-01 4.023271054029464722e-02 1.929285079240798950e-01 6.265570968389511108e-02 1.066156551241874695e-01 8.231780491769313812e-03 4.654446989297866821e-02 2.129993960261344910e-02 5.389678105711936951e-02 1.616203784942626953e-02 2.559564076364040375e-02 4.162473604083061218e-02 4.058390855789184570e-02 5.307685583829879761e-02 2.235063351690769196e-02 2.317904308438301086e-02 5.175901204347610474e-02 4.897329583764076233e-02 9.117480367422103882e-03 4.275676980614662170e-02 3.415503352880477905e-02 8.861576206982135773e-03 7.802000734955072403e-03 5.573328584432601929e-02 3.006321191787719727e-02 7.145816925913095474e-03 2.846646495163440704e-02 4.475557431578636169e-02 5.086063966155052185e-02 4.929403960704803467e-02 1.314111240208148956e-02 3.849468380212783813e-02 4.307353496551513672e-02 7.890731096267700195e-03 1.859334111213684082e-02 7.118964567780494690e-03 5.660254135727882385e-02 1.661512069404125214e-02 3.022886812686920166e-02 1.477351132780313492e-02 2.386518195271492004e-02 5.293887574225664139e-03 5.037007480859756470e-02 1.016641128808259964e-02 7.980976253747940063e-03 5.236323550343513489e-02 5.600688979029655457e-02 2.152589708566665649e-02 1.709041744470596313e-02 1.598171517252922058e-02 4.040909558534622192e-02 2.062256820499897003e-02 3.138446807861328125e-02 2.895777672529220581e-02 3.617014735937118530e-02 7.132796104997396469e-03 4.597632586956024170e-02 2.905036695301532745e-02 2.177174761891365051e-02 6.346204131841659546e-02 1.757897436618804932e-02 3.418298810720443726e-02 1.514808833599090576e-02 3.429447486996650696e-02 9.713888168334960938e-03 3.229982778429985046e-02 1.355748856440186501e-03 9.613489359617233276e-02 7.210797048173844814e-04 6.590041518211364746e-02 5.335085093975067139e-02 5.209914874285459518e-03 3.618631511926651001e-02 3.092343918979167938e-02 2.937171794474124908e-02 1.602945476770401001e-02 3.975023329257965088e-02 1.025169808417558670e-02 4.669200256466865540e-02 9.496016800403594971e-02 3.947738558053970337e-02 6.638247985392808914e-03 1.045828312635421753e-02 3.798844292759895325e-02 6.530911475419998169e-02 7.902684062719345093e-02 3.987388685345649719e-02 2.360209822654724121e-02 2.962171100080013275e-02 4.602009896188974380e-03 2.257656492292881012e-02 8.881108462810516357e-02 2.660325542092323303e-02 3.436637669801712036e-02 4.896806180477142334e-02 8.028453588485717773e-02 4.348074644804000854e-02 2.765034325420856476e-02 4.000025987625122070e-02 6.755472160875797272e-03 5.356689542531967163e-02 4.925948381423950195e-02 3.023353032767772675e-02 3.525133058428764343e-02 7.488767057657241821e-02 1.099779605865478516e-01
3.442989587783813477e-01 9.298331290483474731e-02 2.347238175570964813e-02 4.933627322316169739e-02 1.991676725447177887e-02 1.012414097785949707e-01 1.040251776576042175e-01 4.687489010393619537e-03 4.876481369137763977e-02 2.883749082684516907e-02 1.130247339606285095e-01 1.210845354944467545e-02 2.939728796482086182e-01 1.988645084202289581e-02 9.505351632833480835e-02 8.748742192983627319e-02 1.257020235061645508e-02 5.391308106482028961e-03 4.745246469974517822e-02 4.069488029927015305e-03 7.001058757305145264e-02 8.564981631934642792e-03 7.130180165404453874e-05 7.229538168758153915e-03 4.681372269988059998e-02 1.965098828077316284e-02 9.030440822243690491e-03 1.508797053247690201e-02 1.795900799334049225e-02 1.113351434469223022e-02 8.052926510572433472e-02 3.422797843813896179e-02 4.889229312539100647e-03 2.351266890764236450e-02 2.370502427220344543e-02 1.003896910697221756e-02 3.342478349804878235e-02 1.733693666756153107e-02 5.004647746682167053e-02 7.424413412809371948e-02 5.377564579248428345e-03 1.255551725625991821e-02 2.067098766565322876e-02 6.530173867940902710e-02 1.990397088229656219e-02 4.406958445906639099e-02 8.126082271337509155e-02 3.533225879073143005e-02 4.386503715068101883e-03 3.288977965712547302e-02 2.858987264335155487e-02 2.949815057218074799e-02 1.238814648240804672e-02 4.692487046122550964e-02 2.427616156637668610e-02 3.699797019362449646e-02 2.935106493532657623e-02 1.184906996786594391e-02 2.162242494523525238e-02 5.211218073964118958e-02 1.051357574760913849e-02 5.703201144933700562e-02 5.132941156625747681e-02 2.182090096175670624e-02 9.035264700651168823e-02 2.354852668941020966e-02 5.480198888108134270e-04 3.050676733255386353e-02 2.868548780679702759e-02 6.123960763216018677e-02 3.947145491838455200e-02 1.013897638767957687e-02 3.940362855792045593e-02 1.300452742725610733e-02 6.129246577620506287e-02 2.996997907757759094e-02 3.284937888383865356e-02 6.604140624403953552e-03 6.563319265842437744e-02 2.586815878748893738e-02 5.553705245256423950e-02 2.784491889178752899e-02 1.302969176322221756e-03 3.471076488494873047e-02 5.336538329720497131e-02 2.400376833975315094e-03 2.572821825742721558e-02 6.498047709465026855e-02 6.073833719710819423e-05 3.161274269223213196e-02 6.780579686164855957e-02 1.274617202579975128e-02 5.729913339018821716e-02 4.296778514981269836e-02 4.679941013455390930e-02 2.831028774380683899e-02 2.750604879111051559e-03 1.527656707912683487e-02 5.663598701357841492e-02 1.606650464236736298e-02 1.572206057608127594e-02 4.704680293798446655e-02 1.751204207539558411e-02 6.295022089034318924e-03 5.872122943401336670e-02 4.085036460310220718e-03 5.552700161933898926e-02 3.138902038335800171e-02 2.228306233882904053e-02 6.504715979099273682e-02 1.392760407179594040e-02 1.859981007874011993e-02 9.667812846601009369e-03 2.791730128228664398e-02 8.490175753831863403e-02 2.541614510118961334e-02
1.558830142021179199e-01 2.347238175570964813e-02 7.811605930328369141e-03 2.068457193672657013e-02 3.437800332903862000e-02 1.142123807221651077e-02 7.079795002937316895e-02 1.472050994634628296e-01 9.206647984683513641e-03 2.496953494846820831e-02 6.389794498682022095e-02 5.985549651086330414e-03 4.409538581967353821e-02 8.473732508718967438e-03 2.839865721762180328e-02 2.256213128566741943e-02 3.603044664487242699e-03 2.703546732664108276e-02 2.107771858572959900e-02 6.264848262071609497e-02 1.781346090137958527e-02 1.475942973047494888e-02 5.921207368373870850e-02 1.721931621432304382e-02 4.051898419857025146e-02 2.213602140545845032e-02 8.127676323056221008e-03 7.249058783054351807e-02 3.167490661144256592e-02 8.544764481484889984e-03 5.398466438055038452e-02 6.979037076234817505e-02 5.349190160632133484e-02 4.848919436335563660e-02 9.424122050404548645e-03 1.162153780460357666e-01 5.232057720422744751e-02 8.674164861440658569e-02 1.053025200963020325e-02 1.740133273415267467e-03 2.666277112439274788e-03 4.893724247813224792e-02 4.676272161304950714e-03 1.183504387736320496e-01 5.897352006286382675e-03 3.063257411122322083e-02 6.313709169626235962e-02 1.233449392020702362e-02 4.579548910260200500e-02 1.915252022445201874e-02 3.008486703038215637e-02 4.670120775699615479e-03 2.702489867806434631e-02 4.892471432685852051e-02 2.674244577065110207e-03 1.349409669637680054e-02 4.935657232999801636e-02 6.917104870080947876e-02 3.325193747878074646e-02 1.204127911478281021e-02 2.136258222162723541e-02 9.204135835170745850e-02 1.817409321665763855e-02 2.204138785600662231e-02 8.283100277185440063e-02 4.559306427836418152e-02 7.412806153297424316e-03 1.095544360578060150e-02 3.001425415277481079e-02 1.456997077912092209e-02 3.890373930335044861e-02 2.862196788191795349e-02 3.504287824034690857e-02 5.863860994577407837e-02 4.091247543692588806e-02 5.203678458929061890e-02 3.353065252304077148e-02 6.519434042274951935e-03 9.788773022592067719e-03 4.852137342095375061e-02 1.474307477474212646e-01 1.850400269031524658e-01 3.457727283239364624e-02 2.964114211499691010e-02 8.820756338536739349e-03 2.104713022708892822e-02 1.043018326163291931e-02 2.993509359657764435e-02 1.524840667843818665e-02 1.179939135909080505e-02 4.847043380141258240e-02 1.303479261696338654e-02 3.210185840725898743e-02 3.015435859560966492e-02 2.133420109748840332e-02 4.016426578164100647e-02 3.130156919360160828e-02 4.045623540878295898e-02 3.754428774118423462e-02 6.409123539924621582e-02 2.467005141079425812e-02 6.436713784933090210e-02 6.421163678169250488e-02 2.315413020551204681e-02 7.223759591579437256e-02 5.119305476546287537e-02 9.702518582344055176e-03 2.629339881241321564e-02 8.211842179298400879e-02 6.260025501251220703e-02 7.708437740802764893e-03 6.164673343300819397e-02 6.087172776460647583e-03 3.908304963260889053e-03 6.514053046703338623e-02 5.704463273286819458e-02
4.717808589339256287e-02 4.933627322316169739e-02 2.068457193672657013e-02 5.633505061268806458e-02 7.311432063579559326e-02 1.974357664585113525e-02 1.719464920461177826e-02 4.544321913272142410e-03 1.761864311993122101e-02 6.528146564960479736e-02 7.809109985828399658e-03 2.313225995749235153e-03 8.018254302442073822e-04 2.557946927845478058e-02 1.521899737417697906e-02 2.624470554292201996e-02 9.178926236927509308e-03 5.290994886308908463e-03 1.037124916911125183e-02 6.102168560028076172e-02 8.729064837098121643e-03 4.667917266488075256e-02 2.584221214056015015e-02 8.877513557672500610e-02 9.059935808181762695e-03 2.029230352491140366e-03 9.637833572924137115e-03 9.879123419523239136e-02 3.796639665961265564e-02 7.428269088268280029e-02 4.962684214115142822e-02 5.431103706359863281e-02 4.856320470571517944e-02 6.847783923149108887e-03 3.884872421622276306e-02 3.296796977519989014e-02 2.329300902783870697e-02 1.914169080555438995e-02 1.648053526878356934e-02 2.252793312072753906e-02 6.337781995534896851e-02 5.743617564439773560e-02 1.501463726162910461e-02 1.213723141700029373e-02 1.290425192564725876e-02 3.867964446544647217e-02 7.240799069404602051e-02 1.618052273988723755e-02 3.034426271915435791e-02 3.566426411271095276e-02 3.597720339894294739e-02 4.775115475058555603e-02 5.067174206487834454e-04 4.992634803056716919e-02 4.391478747129440308e-02 1.078100129961967468e-02 6.734890490770339966e-02 4.007238149642944336e-02 5.287457630038261414e-02 5.683160852640867233e-03 1.260042190551757812e-01 4.841576889157295227e-02 8.098092675209045410e-02 6.400076299905776978e-02 2.832856401801109314e-02 2.032246440649032593e-02 3.053161688148975372e-02 6.504976749420166016e-02 8.592700958251953125e-02 7.734383922070264816e-03 2.474276721477508545e-02 6.673836708068847656e-02 1.592994034290313721e-01 1.429328788071870804e-02 5.263965949416160583e-02 8.518136292695999146e-02 4.003290459513664246e-02 5.369399115443229675e-02 4.694864619523286819e-03 5.703022330999374390e-02 3.665021061897277832e-02 3.047647885978221893e-02 1.492572575807571411e-02 4.923411831259727478e-02 1.958839222788810730e-02 3.795431926846504211e-02 4.470146261155605316e-03 2.727169916033744812e-02 7.862309366464614868e-02 5.618305876851081848e-02 1.136185973882675171e-02 4.600461944937705994e-02 5.758197978138923645e-02 6.581094861030578613e-02 5.541033670306205750e-02 2.666689455509185791e-02 2.713683526962995529e-03 7.230095565319061279e-02 4.352967813611030579e-02 4.049142077565193176e-02 2.831445774063467979e-03 2.898093126714229584e-02 5.928209796547889709e-02 3.769257664680480957e-02 3.141187597066164017e-03 6.223954260349273682e-02 4.711262509226799011e-02 1.501659210771322250e-02 1.615377329289913177e-02 3.425876051187515259e-02 4.681489244103431702e-02 4.559922590851783752e-02 3.215765580534934998e-03 3.852109238505363464e-02 1.409946009516716003e-02 1.238863449543714523e-03
4.706281423568725586e-02 1.991676725447177887e-02 3.437800332903862000e-02 7.311432063579559326e-02 1.456116046756505966e-02 2.700337581336498260e-02 1.276567112654447556e-02 1.642081886529922485e-02 2.525368332862854004e-02 6.993919145315885544e-03 2.538931090384721756e-03 2.834893763065338135e-02 5.128593370318412781e-02 8.698537014424800873e-03 4.600984975695610046e-02 6.371431797742843628e-02 4.834856837987899780e-02 1.157419756054878235e-01 8.363673090934753418e-02 2.932235971093177795e-02 6.337482947856187820e-03 2.243890240788459778e-02 1.633676886558532715e-02 1.718593575060367584e-02 3.775902092456817627e-02 4.634873010218143463e-03 2.712536416947841644e-02 2.511843480169773102e-02 2.192336693406105042e-02 2.852464467287063599e-02 3.429929912090301514e-02 4.046298936009407043e-02 3.475264459848403931e-02 1.991046592593193054e-03 3.813381120562553406e-02 5.220530927181243896e-02 3.252826258540153503e-02 3.388246521353721619e-02 1.037552133202552795e-01 9.589874744415283203e-02 4.463905096054077148e-02 1.552836503833532333e-02 1.111482735723257065e-02 3.346132114529609680e-02 1.256941165775060654e-02 1.698203012347221375e-02 2.895698137581348419e-02 4.083700105547904968e-02 1.519857812672853470e-02 1.500919554382562637e-02 5.127036571502685547e-02 3.269109129905700684e-02 4.838326573371887207e-02 8.297479897737503052e-02 2.293200604617595673e-02 5.791815370321273804e-02 3.352401405572891235e-02 8.667824789881706238e-03 9.333521872758865356e-02 5.806072801351547241e-02 3.037997521460056305e-02 1.014387980103492737e-01 6.402323022484779358e-03 4.132998641580343246e-03 6.086301524192094803e-03 1.705217361450195312e-02 4.933213349431753159e-04 3.607418015599250793e-02 7.223654538393020630e-02 1.190173067152500153e-02 5.331715196371078491e-02 2.778354473412036896e-02 6.370061635971069336e-02 4.306916147470474243e-02 1.584095060825347900e-01 2.358608506619930267e-02 5.042687430977821350e-02 3.450596705079078674e-02 9.274692274630069733e-03 3.209688514471054077e-02 1.256539672613143921e-02 1.856157183647155762e-02 2.867342531681060791e-02 9.273288398981094360e-02 1.932029798626899719e-02 2.198589779436588287e-02 3.539423458278179169e-03 2.573344670236110687e-02 1.886565936729311943e-03 1.683156192302703857e-02 4.731997847557067871e-02 5.105757713317871094e-02 6.169752031564712524e-02 4.957490414381027222e-02 1.218524668365716934e-02 1.658755727112293243e-02 5.658096075057983398e-02 9.042213205248117447e-04 2.281841821968555450e-02 2.218564413487911224e-02 3.882822021842002869e-02 1.559829991310834885e-02 7.456141058355569839e-03 1.787572167813777924e-02 3.802410140633583069e-02 2.828239649534225464e-02 5.214503966271877289e-03 2.500444836914539337e-02 8.985582739114761353e-03 1.630172319710254669e-02 1.277463627047836781e-03 5.304171517491340637e-02 5.357017740607261658e-02 1.516178436577320099e-02 2.542084641754627228e-02 4.748924076557159424e-02
4.953835159540176392e-02 1.012414097785949707e-01 1.142123807221651077e-02 1.974357664585113525e-02 2.700337581336498260e-02 4.149965196847915649e-02 2.173371613025665283e-01 3.987599536776542664e-02 1.945994794368743896e-02 2.011792548000812531e-02 1.848657429218292236e-02 1.420753914862871170e-02 4.238999262452125549e-02 5.993759259581565857e-02 4.222276061773300171e-02 1.590957492589950562e-02 1.236750651150941849e-02 3.321798518300056458e-03 8.259871043264865875e-03 9.521489962935447693e-03 3.209493681788444519e-02 5.540010333061218262e-02 3.323139250278472900e-02 2.780419960618019104e-02 6.050498690456151962e-03 6.329400837421417236e-02 4.385758563876152039e-02 7.597947120666503906e-02 3.551596403121948242e-02 3.815455362200737000e-02 5.593063682317733765e-02 2.120128460228443146e-02 1.396950334310531616e-02 2.922975085675716400e-02 4.855959489941596985e-02 2.242327108979225159e-02 5.957174301147460938e-02 9.950551204383373260e-03 2.545348182320594788e-02 8.802915364503860474e-02 1.594538055360317230e-02 1.414300291799008846e-03 8.086472004652023315e-02 9.805244952440261841e-02 6.839373707771301270e-02 7.497416436672210693e-02 2.222410142421722412e-01 2.033979259431362152e-02 4.865005239844322205e-02 3.092224709689617157e-02 1.589381881058216095e-02 3.972958400845527649e-02 9.100403636693954468e-03 3.510675206780433655e-02 3.602928295731544495e-02 2.701919712126255035e-02 6.443385966122150421e-03 1.879616454243659973e-02 5.415757000446319580e-02 2.580868452787399292e-02 1.810516230762004852e-03 4.904815554618835449e-02 3.768629580736160278e-02 7.761472463607788086e-02 6.958558410406112671e-02 3.596730530261993408e-02 3.210072964429855347e-02 4.699047654867172241e-02 3.787203505635261536e-02 1.089009238057769835e-04 1.701352000236511230e-02 4.837969783693552017e-03 5.376949533820152283e-02 4.401122033596038818e-02 3.831353038549423218e-02 3.134860470890998840e-02 3.372752666473388672e-02 4.647066444158554077e-02 4.066527634859085083e-02 5.134885758161544800e-02 3.091742098331451416e-02 1.594906114041805267e-02 5.011224374175071716e-02 1.223697513341903687e-02 9.215947240591049194e-02 4.986228793859481812e-02 1.741550117731094360e-02 3.336622379720211029e-03 7.471846044063568115e-02 5.930939316749572754e-02 1.731034368276596069e-02 6.804548669606447220e-03 7.097384333610534668e-02 4.730834439396858215e-02 3.218636661767959595e-02 1.618790999054908752e-02 2.990261279046535492e-02 4.971992224454879761e-03 4.227926023304462433e-03 1.350576151162385941e-02 1.976412720978260040e-02 2.601085044443607330e-02 4.856560844928026199e-03 3.708594292402267456e-02 9.975744411349296570e-03 3.840908035635948181e-02 1.366420369595289230e-02 3.666357323527336121e-02 5.989272147417068481e-03 4.799439013004302979e-02 1.177761517465114594e-02 1.018552109599113464e-02 4.260516539216041565e-02 1.809740252792835236e-02 2.810912579298019409e-02 6.252878904342651367e-02
9.914294816553592682e-03 1.040251776576042175e-01 7.079795002937316895e-02 1.719464920461177826e-02 1.276567112654447556e-02 2.173371613025665283e-01 6.096245348453521729e-02 2.555992826819419861e-02 1.421597227454185486e-02 3.059962391853332520e-02 3.027950972318649292e-02 3.511631628498435020e-03 9.295943379402160645e-02 5.083582550287246704e-02 4.068733379244804382e-02 7.637672871351242065e-02 3.065199218690395355e-02 4.096589982509613037e-02 7.638995535671710968e-03 5.487461760640144348e-02 3.416116535663604736e-02 5.461310967803001404e-02 4.014046862721443176e-02 1.841800101101398468e-02 1.664828695356845856e-02 2.247284399345517159e-03 7.249110937118530273e-02 6.618446111679077148e-02 4.908343777060508728e-02 6.308052688837051392e-02 2.029947564005851746e-02 6.857649423182010651e-03 3.319796919822692871e-02 9.986104443669319153e-03 7.416503969579935074e-03 3.106062859296798706e-02 1.022484432905912399e-02 2.609796635806560516e-02 2.459882199764251709e-02 7.949110865592956543e-02 5.368049442768096924e-02 1.024587824940681458e-02 6.963865831494331360e-03 1.571893841028213501e-01 1.782905310392379761e-02 1.554136723279953003e-02 1.622617840766906738e-01 2.032598853111267090e-01 3.016570396721363068e-02 4.128834232687950134e-02 3.229296067729592323e-03 1.937560550868511200e-02 2.335429564118385315e-02 7.763625122606754303e-03 2.615834400057792664e-02 5.425991863012313843e-02 9.664499200880527496e-03 2.436687052249908447e-02 1.228687446564435959e-02 3.274969384074211121e-02 4.783334583044052124e-02 2.307849936187267303e-02 3.965359181165695190e-02 5.289407074451446533e-02 3.270184248685836792e-02 6.600677967071533203e-03 4.064106568694114685e-02 2.413219027221202850e-02 3.705580905079841614e-02 2.263309061527252197e-02 2.318207919597625732e-02 1.359635591506958008e-02 2.519920468330383301e-03 3.585998434573411942e-03 5.936324223875999451e-02 1.121119037270545959e-02 5.476493015885353088e-02 2.441185154020786285e-02 3.213624656200408936e-02 1.657492294907569885e-02 1.986182108521461487e-02 5.369764193892478943e-02 4.633952677249908447e-02 3.890170017257332802e-03 5.379009619355201721e-02 4.076209291815757751e-02 5.242822691798210144e-02 3.405969822779297829e-03 2.673351019620895386e-02 2.204229868948459625e-02 5.642824992537498474e-02 5.619857087731361389e-02 1.221480127424001694e-02 6.133750453591346741e-02 8.051761239767074585e-02 5.094038695096969604e-02 9.419385343790054321e-02 2.821917086839675903e-02 3.640665858983993530e-02 4.296405985951423645e-02 6.703066639602184296e-03 6.455586291849613190e-03 3.444342687726020813e-02 3.662501275539398193e-02 2.115306258201599121e-02 6.689162552356719971e-02 3.271357715129852295e-02 1.842816732823848724e-02 1.158532220870256424e-02 1.773058436810970306e-02 8.187822252511978149e-02 3.464546054601669312e-02 3.771013021469116211e-02 4.505482316017150879e-02 9.303804486989974976e-03 7.657086104154586792e-02
4.858881235122680664e-02 4.687489010393619537e-03 1.472050994634628296e-01 4.544321913272142410e-03 1.642081886529922485e-02 3.987599536776542664e-02 2.555992826819419861e-02 9.677624702453613281e-02 1.679805666208267212e-02 2.252565172966569662e-05 5.817343667149543762e-02 4.227770119905471802e-02 8.539500646293163300e-03 3.820832818746566772e-02 1.758544892072677612e-01 3.349472582340240479e-02 2.665250375866889954e-02 1.823312789201736450e-02 3.469350934028625488e-02 1.193863339722156525e-03 1.169557403773069382e-02 3.609259799122810364e-02 5.271003395318984985e-02 1.594434306025505066e-02 3.109813481569290161e-02 2.828261069953441620e-02 5.169232189655303955e-02 1.470918767154216766e-02 3.943480923771858215e-02 3.850919660180807114e-03 1.035625115036964417e-01 2.715147659182548523e-02 3.903192281723022461e-02 5.206541158258914948e-03 2.705463208258152008e-02 9.097544476389884949e-03 5.638839304447174072e-02 7.820475101470947266e-02 5.378218833357095718e-03 7.635437883436679840e-03 7.672984618693590164e-03 4.883517697453498840e-02 6.580878049135208130e-03 4.441639874130487442e-03 9.914801456034183502e-03 1.104970090091228485e-02 1.890414208173751831e-02 1.482044067233800888e-02 8.837614208459854126e-03 1.099469885230064392e-02 2.706089615821838379e-02 5.053059663623571396e-03 1.152344048023223877e-02 1.518806070089340210e-02 1.788448169827461243e-02 2.382253296673297882e-03 2.844313718378543854e-02 1.789660193026065826e-02 6.755009293556213379e-02 7.237076014280319214e-02 1.068965904414653778e-02 3.379239141941070557e-02 4.937212169170379639e-02 1.281332783401012421e-02 6.888794153928756714e-02 6.139661744236946106e-02 4.381554201245307922e-02 4.951905831694602966e-02 1.240214053541421890e-02 9.908990003168582916e-03 2.886234968900680542e-02 1.220933347940444946e-02 2.696526050567626953e-02 4.043106455355882645e-03 1.890126802027225494e-02 4.061239212751388550e-02 1.833200827240943909e-02 8.604996837675571442e-03 2.399257197976112366e-02 2.237565815448760986e-02 1.483312845230102539e-01 1.336462497711181641e-01 2.721183001995086670e-02 4.957220703363418579e-02 2.656399272382259369e-02 2.958360500633716583e-02 1.352769434452056885e-01 8.046033233404159546e-02 5.485266447067260742e-03 7.569415494799613953e-03 5.861473269760608673e-03 5.201634485274553299e-03 2.056666649878025055e-02 5.001763626933097839e-02 4.777048900723457336e-02 2.333293482661247253e-02 6.778800161555409431e-04 3.695452958345413208e-02 5.598319321870803833e-02 3.128214739263057709e-03 5.486232787370681763e-02 2.955067530274391174e-02 9.459649212658405304e-03 4.497702047228813171e-02 1.915507949888706207e-02 1.957023143768310547e-02 4.044706374406814575e-02 2.316591702401638031e-02 2.770303748548030853e-02 3.609721735119819641e-02 5.777350161224603653e-03 4.468556120991706848e-02 6.924505531787872314e-02 3.948122635483741760e-02 5.665042996406555176e-02 4.799303784966468811e-02
1.939846202731132507e-02 4.876481369137763977e-02 9.206647984683513641e-03 1.761864311993122101e-02 2.525368332862854004e-02 1.945994794368743896e-02 1.421597227454185486e-02 1.679805666208267212e-02 1.200130656361579895e-01 7.005531340837478638e-02 8.505489677190780640e-03 1.020852290093898773e-02 2.000574208796024323e-02 4.464180395007133484e-02 8.235481567680835724e-03 2.926531434059143066e-02 5.830704700201749802e-03 8.649137616157531738e-02 6.656175851821899414e-02 3.918665647506713867e-02 1.024900120683014393e-03 2.963814698159694672e-02 4.434972628951072693e-02 1.169545575976371765e-02 1.884033344686031342e-02 1.017568167299032211e-02 5.503230169415473938e-02 3.891458734869956970e-02 3.553242981433868408e-02 6.720086187124252319e-02 4.373057186603546143e-02 3.730746218934655190e-03 2.253156527876853943e-02 2.210890688002109528e-02 3.541203215718269348e-03 1.924285851418972015e-02 1.458976650610566139e-03 3.395662829279899597e-02 1.996913459151983261e-03 2.826251462101936340e-02 2.493004128336906433e-02 6.686992943286895752e-02 1.018518581986427307e-02 4.259584099054336548e-02 5.572526715695858002e-03 3.137649968266487122e-02 3.597640991210937500e-02 1.303097698837518692e-02 1.042504608631134033e-01 2.587681263685226440e-02 1.393595430999994278e-02 1.165674999356269836e-02 3.326709847897291183e-03 5.906610935926437378e-02 1.449606120586395264e-01 4.672570526599884033e-02 2.444280870258808136e-02 1.642711460590362549e-02 2.674095146358013153e-02 2.054262533783912659e-02 2.155159600079059601e-02 2.009035833179950714e-02 4.686604067683219910e-02 2.931428514420986176e-02 5.815838463604450226e-03 2.409216947853565216e-02 5.185510497540235519e-03 7.360848248936235905e-04 8.933637291193008423e-03 3.333358466625213623e-02 4.306096956133842468e-02 5.823812633752822876e-02 1.931230165064334869e-02 1.774721080437302589e-03 4.550645500421524048e-02 3.470914065837860107e-02 9.761129319667816162e-02 5.503602791577577591e-03 1.239152774214744568e-01 7.138094305992126465e-02 2.168209105730056763e-02 2.600782364606857300e-02 3.812564164400100708e-02 3.926688432693481445e-02 2.915586903691291809e-02 2.196073532104492188e-03 2.425749553367495537e-03 2.548765577375888824e-02 8.748692274093627930e-02 4.522494971752166748e-02 2.038942463696002960e-02 1.147856283932924271e-02 2.586193196475505829e-02 7.533665746450424194e-02 1.696166349574923515e-03 1.733792200684547424e-02 5.719613283872604370e-03 3.477608412504196167e-02 3.837396577000617981e-02 2.222610823810100555e-02 4.314931109547615051e-02 1.177315786480903625e-02 2.975965291261672974e-02 4.388663545250892639e-02 9.544543921947479248e-03 2.119466848671436310e-02 2.336812019348144531e-02 5.590541660785675049e-02 2.867210283875465393e-02 1.170109398663043976e-02 2.588486066088080406e-03 3.105377778410911560e-02 1.227240823209285736e-02 8.829525671899318695e-03 5.246829241514205933e-02 2.094115916406735778e-04
8.964300155639648438e-02 2.883749082684516907e-02 2.496953494846820831e-02 6.528146564960479736e-02 6.993919145315885544e-03 2.011792548000812531e-02 3.059962391853332520e-02 2.252565172966569662e-05 7.005531340837478638e-02 1.120152249932289124e-01 4.353043064475059509e-02 2.060112729668617249e-02 2.055030083283782005e-03 9.978470206260681152e-02 6.946835666894912720e-03 9.622913599014282227e-02 2.979535236954689026e-02 1.253000739961862564e-02 9.654793888330459595e-02 7.615927606821060181e-03 9.016791358590126038e-03 1.739990152418613434e-02 9.487764909863471985e-03 2.820149995386600494e-02 1.598396152257919312e-02 1.821563579142093658e-02 6.603559479117393494e-03 7.385489344596862793e-02 1.888676360249519348e-02 1.286070048809051514e-02 4.117731377482414246e-02 4.198027017991989851e-04 9.939094074070453644e-03 3.364618122577667236e-02 9.674634784460067749e-03 5.116484127938747406e-03 1.522735971957445145e-02 2.026716433465480804e-02 2.476846240460872650e-02 5.028140917420387268e-02 2.949520945549011230e-02 3.214684128761291504e-02 3.559741890057921410e-03 2.712919842451810837e-03 2.072324790060520172e-02 5.914686992764472961e-02 1.006227801553905010e-03 5.589828826487064362e-03 2.115724794566631317e-02 1.157458275556564331e-01 1.374243758618831635e-02 5.054014548659324646e-02 2.025963738560676575e-03 3.023352660238742828e-02 1.683122664690017700e-02 9.418280422687530518e-02 3.596386313438415527e-02 1.631971076130867004e-02 2.479236386716365814e-02 4.223863780498504639e-02 4.302138835191726685e-02 4.478328302502632141e-02 1.035963557660579681e-02 1.487491279840469360e-02 4.033429175615310669e-02 4.146056249737739563e-03 4.001630470156669617e-02 1.471683848649263382e-02 3.203043341636657715e-02 4.344499111175537109e-02 2.076402679085731506e-02 6.565419025719165802e-03 4.269652068614959717e-02 9.929094463586807251e-03 4.585865885019302368e-02 2.384666725993156433e-02 2.542595192790031433e-02 1.521680951118469238e-01 8.394559472799301147e-02 1.352266967296600342e-01 1.385764125734567642e-02 1.752847433090209961e-02 4.274147003889083862e-02 1.285336613655090332e-01 6.058747414499521255e-03 5.826195701956748962e-02 8.440636447630822659e-04 6.826703902333974838e-03 1.172831468284130096e-02 1.297507435083389282e-01 3.548181429505348206e-02 9.231156436726450920e-04 8.426915854215621948e-03 1.148475985974073410e-02 1.342283561825752258e-03 3.713312372565269470e-02 3.393044695258140564e-02 1.533585018478333950e-03 1.411294005811214447e-02 1.106598321348428726e-02 3.806771337985992432e-02 3.171552717685699463e-02 3.144607879221439362e-03 2.096738480031490326e-02 3.734573721885681152e-02 1.982539705932140350e-02 1.878040842711925507e-03 1.850464008748531342e-02 7.408823003061115742e-04 4.729568958282470703e-02 5.686035379767417908e-03 3.409046679735183716e-02 1.961761340498924255e-02 1.471900381147861481e-02 3.201114945113658905e-03 2.261443063616752625e-02
2.165937721729278564e-01 1.130247339606285095e-01 6.389794498682022095e-02 7.809109985828399658e-03 2.538931090384721756e-03 1.848657429218292236e-02 3.027950972318649292e-02 5.817343667149543762e-02 8.505489677190780640e-03 4.353043064475059509e-02 8.093374967575073242e-02 6.729682534933090210e-02 1.979449540376663208e-01 6.515240669250488281e-02 8.136177062988281250e-02 1.272978913038969040e-02 1.566939242184162140e-02 6.428806483745574951e-02 3.076941519975662231e-02 1.298103109002113342e-02 4.912523552775382996e-02 3.707979992032051086e-02 2.642237208783626556e-02 5.304638668894767761e-02 7.861919701099395752e-02 2.646801806986331940e-02 8.586540818214416504e-03 2.592148957774043083e-03 1.098642572760581970e-01 1.810360327363014221e-02 4.170832037925720215e-02 2.038158476352691650e-02 7.594212889671325684e-02 2.023748680949211121e-02 1.517791580408811569e-02 2.338764443993568420e-02 2.728942036628723145e-02 2.178998664021492004e-02 3.481844440102577209e-02 3.512925282120704651e-02 4.422219470143318176e-02 5.827713385224342346e-02 1.288946866989135742e-01 7.603820413351058960e-02 3.344912827014923096e-02 5.165839195251464844e-02 1.338275074958801270e-01 7.884597033262252808e-02 3.441814333200454712e-02 2.840666845440864563e-02 6.653210520744323730e-02 5.820761993527412415e-02 2.085661143064498901e-02 3.692724555730819702e-02 4.990762472152709961e-02 4.956741258502006531e-02 1.370383147150278091e-02 6.482584029436111450e-02 7.264450658112764359e-03 7.447561621665954590e-02 5.452846363186836243e-02 4.172350279986858368e-03 5.490043386816978455e-02 3.770430013537406921e-02 1.187227517366409302e-01 9.796825051307678223e-02 3.158085281029343605e-03 1.551500800997018814e-02 1.667467318475246429e-02 5.075898021459579468e-02 4.706386476755142212e-02 5.922690033912658691e-03 3.156809881329536438e-02 3.060435317456722260e-02 5.185249820351600647e-02 6.872354447841644287e-02 1.448484137654304504e-02 3.746068477630615234e-02 3.396131470799446106e-02 1.423993147909641266e-03 3.393931547179818153e-03 4.923884198069572449e-02 6.373258074745535851e-04 2.592655643820762634e-02 9.424833580851554871e-03 1.333373074885457754e-04 3.492515161633491516e-02 7.234039949253201485e-04 3.010636568069458008e-02 3.458582237362861633e-02 4.227780923247337341e-02 1.795409247279167175e-02 6.650830060243606567e-02 6.507986038923263550e-02 5.464871227741241455e-02 6.893872469663619995e-02 4.983105137944221497e-02 2.751860581338405609e-02 2.397996606305241585e-03 2.576044760644435883e-02 4.551352560520172119e-02 5.946595594286918640e-02 6.345335859805345535e-03 3.850625082850456238e-02 1.030358001589775085e-01 6.750046461820602417e-02 5.386715754866600037e-02 6.612940132617950439e-02 1.397761981934309006e-02 4.750689957290887833e-03 4.864215850830078125e-02 4.474550019949674606e-03 4.087992757558822632e-02 1.590698026120662689e-02 1.087847724556922913e-02 1.038858816027641296e-01
4.023271054029464722e-02 1.210845354944467545e-02 5.985549651086330414e-03 2.313225995749235153e-03 2.834893763065338135e-02 1.420753914862871170e-02 3.511631628498435020e-03 4.227770119905471802e-02 1.020852290093898773e-02 2.060112729668617249e-02 6.729682534933090210e-02 8.657431602478027344e-02 5.572487041354179382e-02 2.042144685983657837e-01 5.050626024603843689e-02 4.037441685795783997e-02 4.486126080155372620e-02 5.875216796994209290e-02 1.503659226000308990e-02 2.091486006975173950e-02 4.593213647603988647e-02 2.258929237723350525e-02 4.124192520976066589e-02 2.153510227799415588e-02 2.366053871810436249e-02 7.680473476648330688e-02 1.926846429705619812e-02 1.659045517444610596e-01 1.644594781100749969e-02 1.770602315664291382e-01 1.689217612147331238e-02 2.310855314135551453e-02 3.770727291703224182e-02 3.006178513169288635e-02 2.436648309230804443e-02 3.199738636612892151e-02 2.344026975333690643e-02 1.663232035934925079e-02 2.813436090946197510e-02 9.699131362140178680e-03 1.479184906929731369e-02 1.348460372537374496e-02 1.632767915725708008e-02 2.165917493402957916e-02 1.481005456298589706e-02 1.794438622891902924e-02 2.431286871433258057e-02 5.513237416744232178e-02 1.141378469765186310e-02 4.223033320158720016e-03 5.613775923848152161e-02 6.499420106410980225e-02 4.112211614847183228e-02 5.551698058843612671e-02 1.491843629628419876e-02 9.856985881924629211e-03 3.183893114328384399e-02 4.038025438785552979e-02 1.039682403206825256e-01 1.868920214474201202e-02 5.416380986571311951e-02 2.878652326762676239e-02 1.025377959012985229e-02 2.610740065574645996e-02 1.683038473129272461e-02 7.071518152952194214e-02 3.325902507640421391e-04 5.292388424277305603e-02 6.731201708316802979e-02 3.922489657998085022e-02 8.851354941725730896e-03 4.979932680726051331e-02 7.992626726627349854e-02 2.978930249810218811e-02 5.844438076019287109e-02 1.105971075594425201e-02 2.191636711359024048e-02 5.135542154312133789e-02 6.118611618876457214e-02 2.647561766207218170e-02 1.725895889103412628e-02 2.132911235094070435e-02 4.045930877327919006e-02 8.065798878669738770e-02 9.675228036940097809e-03 9.374652057886123657e-03 7.791133248247206211e-04 3.480732813477516174e-02 7.960788905620574951e-02 9.844940155744552612e-02 7.242731750011444092e-02 6.166571751236915588e-02 3.139717504382133484e-02 7.914619520306587219e-03 4.689040407538414001e-02 3.238334879279136658e-02 1.102943718433380127e-02 7.036083191633224487e-02 3.076103888452053070e-02 2.781064715236425400e-03 1.693916507065296173e-02 9.503292851150035858e-03 5.014969501644372940e-03 2.714546862989664078e-03 3.371043875813484192e-02 4.592199251055717468e-02 4.061844199895858765e-02 3.785052150487899780e-02 6.688059773296117783e-03 6.791620701551437378e-02 1.661818288266658783e-02 3.243829682469367981e-02 4.294169321656227112e-02 3.802547289524227381e-04 1.909848186187446117e-03 6.350475549697875977e-02
1.929285079240798950e-01 2.939728796482086182e-01 4.409538581967353821e-02 8.018254302442073822e-04 5.128593370318412781e-02 4.238999262452125549e-02 9.295943379402160645e-02 8.539500646293163300e-03 2.000574208796024323e-02 2.055030083283782005e-03 1.979449540376663208e-01 5.572487041354179382e-02 1.134550869464874268e-01 2.861956879496574402e-02 1.775228418409824371e-02 2.672575972974300385e-02 3.559580445289611816e-02 1.150253135710954666e-02 3.823567647486925125e-03 4.665819928050041199e-02 2.139513567090034485e-02 6.044336035847663879e-02 9.092805907130241394e-03 4.538978636264801025e-02 2.805414423346519470e-02 2.252446673810482025e-02 1.732894219458103180e-02 5.537997186183929443e-02 3.443394554778933525e-03 5.260129645466804504e-02 9.986583888530731201e-02 1.126903370022773743e-01 3.237423719838261604e-03 7.453219592571258545e-02 1.146077271550893784e-02 4.084274172782897949e-02 1.764695718884468079e-02 3.513798490166664124e-02 3.408600762486457825e-02 1.550734159536659718e-03 1.385655906051397324e-02 2.045626752078533173e-02 1.136158965528011322e-02 5.130845680832862854e-02 1.736125908792018890e-02 9.831630624830722809e-03 1.737939268350601196e-01 1.263944357633590698e-01 7.562382612377405167e-03 3.279152140021324158e-02 1.180933415889739990e-02 5.547700077295303345e-02 6.988682597875595093e-02 1.898683607578277588e-02 2.806574665009975433e-02 4.695184156298637390e-02 1.787794567644596100e-02 2.118912152945995331e-02 6.127959582954645157e-03 2.835944294929504395e-02 4.717863723635673523e-02 3.442284883931279182e-03 2.473422512412071228e-02 9.757173247635364532e-03 9.660962224006652832e-02 3.011371754109859467e-02 1.481676707044243813e-03 4.211294651031494141e-02 3.471946343779563904e-03 3.979948163032531738e-02 1.630930602550506592e-02 1.989590562880039215e-02 3.968025371432304382e-02 1.526783220469951630e-02 2.485061762854456902e-03 5.551113560795783997e-02 4.134575650095939636e-02 4.282464459538459778e-02 7.532770745456218719e-03 1.705688983201980591e-02 8.386803528992459178e-05 1.836324296891689301e-02 1.259654108434915543e-02 1.330128125846385956e-02 3.783256188035011292e-02 5.495768412947654724e-02 3.531588613986968994e-02 1.735834777355194092e-02 1.355749368667602539e-02 4.649079963564872742e-02 2.774617634713649750e-02 3.101271018385887146e-02 7.037440687417984009e-02 8.840129524469375610e-02 4.496957734227180481e-02 3.890240937471389771e-02 2.106399647891521454e-02 1.316024363040924072e-02 5.892100557684898376e-02 5.568122118711471558e-02 3.663286566734313965e-02 9.069548919796943665e-03 3.826859593391418457e-02 3.652609139680862427e-02 3.434512391686439514e-02 1.705211028456687927e-02 2.336307615041732788e-02 4.210651852190494537e-03 6.320211291313171387e-02 3.590885922312736511e-02 9.337187744677066803e-03 1.418231520801782608e-03 8.916541934013366699e-02 8.203168399631977081e-03 2.482537738978862762e-02 4.020269215106964111e-02
