1.835245192050933838e-01 1.620369404554367065e-01 4.503221716731786728e-03 4.320614039897918701e-02 1.049919053912162781e-02 1.443061232566833496e-01 1.435615271329879761e-01 1.322908326983451843e-02 2.497118152678012848e-02 7.281218189746141434e-03 1.281047314405441284e-01 5.631062015891075134e-02 9.445835649967193604e-02 2.016906626522541046e-02 2.409303560853004456e-02 9.224329143762588501e-03 4.791221022605895996e-02 4.316665232181549072e-02 5.437866970896720886e-02 2.222203090786933899e-02 3.181640803813934326e-02 3.667863830924034119e-02 2.973217703402042389e-02 3.662282135337591171e-03 3.814774972852319479e-04 1.657132059335708618e-02 5.177098140120506287e-02 2.898397855460643768e-02 2.268156968057155609e-02 1.942805014550685883e-02 3.558740392327308655e-02 2.964228764176368713e-02 4.461031779646873474e-02 3.266825154423713684e-02 3.658455982804298401e-02 7.564598321914672852e-02 6.085618585348129272e-02 4.491585306823253632e-03 6.688452325761318207e-03 1.290210988372564316e-02 2.394266054034233093e-02 3.009263426065444946e-02 1.581235416233539581e-02 3.062051907181739807e-02 8.923936635255813599e-03 6.741444021463394165e-02 8.936458826065063477e-02 8.312890678644180298e-02 8.219565451145172119e-02 3.162325173616409302e-02 3.056925348937511444e-02 7.945101242512464523e-04 1.840484794229269028e-03 3.542203456163406372e-02 5.308888852596282959e-02 2.658765763044357300e-02 7.998140528798103333e-03 7.205405738204717636e-03 2.015400305390357971e-02 4.715453833341598511e-02 3.505634889006614685e-02 6.918824743479490280e-03 4.059417918324470520e-02 7.712780497968196869e-03 3.645902872085571289e-02 2.403972670435905457e-02 3.605910018086433411e-02 2.617976395413279533e-03 2.334687858819961548e-02 2.655253186821937561e-02 3.882221411913633347e-03 3.861706331372261047e-02 7.705326192080974579e-03 1.795214787125587463e-02 3.503507375717163086e-02 2.572240307927131653e-03 7.395706139504909515e-03 1.001773960888385773e-02 4.025153443217277527e-02 1.977808959782123566e-02 2.911735326051712036e-02 4.735168442130088806e-02 2.120909653604030609e-02 3.705792874097824097e-02 3.172272443771362305e-02 1.712018623948097229e-02 4.643832519650459290e-02 5.147268250584602356e-02 2.808768488466739655e-02 3.004850819706916809e-02 3.954298049211502075e-02 4.784257709980010986e-02 6.817621737718582153e-02 8.231099694967269897e-03 3.723704069852828979e-02 3.371273353695869446e-02 2.153701521456241608e-02 2.404753305017948151e-02 4.163531959056854248e-02 3.743483219295740128e-03 1.197788119316101074e-02 1.292097754776477814e-02 3.511074930429458618e-02 1.771087944507598877e-02 1.699391752481460571e-02 5.244420468807220459e-02 3.273936733603477478e-02 5.575729906558990479e-02 6.055574119091033936e-02 4.944375157356262207e-02 2.146194130182266235e-02 8.349645882844924927e-03 3.775211423635482788e-02 3.578622639179229736e-02 4.405258968472480774e-02 9.583565406501293182e-03
1.620369404554367065e-01 1.959686130285263062e-01 1.157798152416944504e-02 4.479752480983734131e-02 4.641838837414979935e-03 1.492628604173660278e-01 1.619824916124343872e-01 1.970515772700309753e-02 2.617399953305721283e-02 1.632983610033988953e-02 1.169274076819419861e-01 2.990898862481117249e-02 1.234526187181472778e-01 1.097609940916299820e-02 9.381036460399627686e-02 9.651215746998786926e-03 9.437890723347663879e-03 5.696871876716613770e-02 2.934965305030345917e-02 1.267964020371437073e-02 3.618103265762329102e-02 6.347662210464477539e-02 2.084393240511417389e-02 1.432625693269073963e-03 1.579161174595355988e-02 3.279516473412513733e-03 6.564309448003768921e-02 2.765100216493010521e-03 5.773731507360935211e-03 3.232177719473838806e-02 4.509439691901206970e-03 1.702951081097126007e-02 1.245762500911951065e-02 3.926917538046836853e-02 1.848922111093997955e-02 8.469571918249130249e-02 5.729209631681442261e-02 7.548017799854278564e-02 1.226103678345680237e-02 2.632115222513675690e-02 4.960097372531890869e-02 3.258748725056648254e-02 1.104278862476348877e-02 2.792907692492008209e-02 8.337449282407760620e-03 4.970747604966163635e-02 9.087184816598892212e-02 6.061320751905441284e-02 1.394050102680921555e-02 1.025045942515134811e-02 4.512408748269081116e-03 4.970777779817581177e-02 1.143852993845939636e-02 4.373159259557723999e-02 5.420271679759025574e-02 2.319522202014923096e-02 7.322753779590129852e-03 2.104418817907571793e-03 4.142271354794502258e-02 1.610382460057735443e-02 1.296912785619497299e-02 3.424201393499970436e-03 2.964440919458866119e-02 2.381341345608234406e-02 5.167995765805244446e-02 4.403940588235855103e-02 3.643817827105522156e-02 2.721136435866355896e-03 1.528991479426622391e-02 4.295154660940170288e-02 1.992970705032348633e-02 3.515621274709701538e-02 4.664124920964241028e-02 2.649952098727226257e-02 1.661184616386890411e-02 5.044126883149147034e-03 3.409119695425033569e-02 2.973096258938312531e-02 1.358416490256786346e-02 6.028939504176378250e-03 7.668108213692903519e-03 1.782700978219509125e-02 3.278463706374168396e-02 4.744968377053737640e-03 1.608151383697986603e-02 6.242439616471529007e-03 3.437623381614685059e-02 2.966672554612159729e-02 4.290099069476127625e-02 5.392169952392578125e-02 2.452277019619941711e-02 3.834137925878167152e-03 4.663870483636856079e-02 3.412557393312454224e-02 4.492668807506561279e-02 3.342174366116523743e-02 1.837804727256298065e-02 6.179894506931304932e-02 3.746658191084861755e-02 2.101014927029609680e-02 1.511017233133316040e-02 5.415957421064376831e-02 1.298260129988193512e-02 9.219401516020298004e-03 1.019480265676975250e-02 5.405525118112564087e-02 1.233995053917169571e-02 5.926013365387916565e-02 4.250069614499807358e-03 6.112529337406158447e-02 8.564799092710018158e-03 1.930302754044532776e-02 8.238620124757289886e-03 3.566776635125279427e-03 1.604583114385604858e-02 8.045431971549987793e-02
4.503221716731786728e-03 1.157798152416944504e-02 1.516352742910385132e-01 2.657487057149410248e-02 1.663254387676715851e-02 2.201586030423641205e-03 1.026289258152246475e-02 1.554344147443771362e-01 4.302957653999328613e-02 2.195800095796585083e-02 1.534590264782309532e-03 5.811137333512306213e-02 1.617565564811229706e-02 1.852690801024436951e-02 8.408305794000625610e-02 5.319933220744132996e-02 1.549594849348068237e-02 3.670216538012027740e-03 5.188206210732460022e-02 1.273435354232788086e-02 2.540475502610206604e-02 2.767829224467277527e-02 2.621364220976829529e-02 3.377594426274299622e-02 3.669244423508644104e-02 2.676718868315219879e-02 3.423248603940010071e-02 2.643177518621087074e-03 3.542189300060272217e-02 3.610869869589805603e-02 4.291917011141777039e-02 2.509846165776252747e-02 1.950289681553840637e-02 2.628969587385654449e-02 2.723325975239276886e-02 1.491770427674055099e-02 5.338444188237190247e-02 1.061859261244535446e-02 2.266635373234748840e-02 4.852018877863883972e-02 6.133481860160827637e-02 1.677497848868370056e-02 2.065983787178993225e-02 1.167563796043395996e-01 4.450101777911186218e-02 3.642781823873519897e-02 1.791194453835487366e-02 3.413031622767448425e-02 2.196995355188846588e-02 5.918102338910102844e-03 5.675536394119262695e-02 7.478120177984237671e-02 1.317890081554651260e-02 1.323472615331411362e-02 2.383515983819961548e-02 1.308109704405069351e-02 8.430060930550098419e-03 2.728103287518024445e-02 5.996435508131980896e-02 2.251012437045574188e-02 4.140476137399673462e-02 2.033456228673458099e-02 2.562021464109420776e-02 4.832135513424873352e-03 3.702421486377716064e-02 4.137975163757801056e-03 3.591102361679077148e-02 1.564229652285575867e-02 1.546912733465433121e-02 5.262894555926322937e-02 2.233892679214477539e-02 3.545682120602577925e-04 3.612768277525901794e-02 4.947303235530853271e-02 1.307174097746610641e-03 6.356963422149419785e-03 2.796460129320621490e-02 1.105401106178760529e-02 5.305462703108787537e-02 1.919015496969223022e-02 1.850022077560424805e-01 1.918889433145523071e-01 2.181641198694705963e-02 6.443163752555847168e-02 4.421797394752502441e-02 4.824661463499069214e-02 7.371078431606292725e-02 1.557600125670433044e-02 6.176221743226051331e-02 4.295590519905090332e-02 7.984923198819160461e-03 8.625359833240509033e-02 1.835155673325061798e-02 3.220444172620773315e-02 4.944432526826858521e-02 4.146637395024299622e-02 3.206215798854827881e-02 4.562456905841827393e-02 2.509835362434387207e-02 1.193489064462482929e-03 2.685952000319957733e-02 5.216051265597343445e-02 2.449109405279159546e-02 4.229139536619186401e-02 1.266562379896640778e-03 4.873567447066307068e-02 4.342847317457199097e-02 1.048720534890890121e-02 3.105142153799533844e-02 1.312527619302272797e-02 8.499178290367126465e-02 5.866730213165283203e-02 1.464156247675418854e-02 1.674711890518665314e-02 5.165322870016098022e-02 6.143812090158462524e-02
4.320614039897918701e-02 4.479752480983734131e-02 2.657487057149410248e-02 1.287056952714920044e-01 8.631478995084762573e-02 6.800879538059234619e-02 5.072240158915519714e-02 1.786733418703079224e-02 7.171112112700939178e-03 3.888690611347556114e-03 5.824324209243059158e-03 3.468863293528556824e-02 2.442851103842258453e-02 1.602399162948131561e-02 2.415674366056919098e-02 1.380006503313779831e-02 2.541297115385532379e-02 3.483510762453079224e-02 2.061202656477689743e-03 3.562651202082633972e-02 4.415504168719053268e-03 1.029242016375064850e-02 1.145739760249853134e-02 3.389940038323402405e-02 1.157690212130546570e-02 2.111696824431419373e-02 1.424054801464080811e-02 2.704196609556674957e-02 7.365950942039489746e-02 1.676933839917182922e-03 5.492474138736724854e-02 1.641557179391384125e-02 3.504487872123718262e-02 3.684367053210735321e-03 6.725830491632223129e-03 2.493778616189956665e-02 1.604048721492290497e-02 2.835418563336133957e-03 6.249778345227241516e-02 5.362295731902122498e-02 9.793973527848720551e-03 4.353429656475782394e-03 4.212902113795280457e-02 1.330212038010358810e-02 2.894400246441364288e-02 7.416966557502746582e-02 4.979206621646881104e-02 6.486551463603973389e-02 5.475022271275520325e-02 9.162873961031436920e-03 1.708747446537017822e-02 4.906550049781799316e-03 1.968837529420852661e-02 3.971401974558830261e-02 6.482172012329101562e-02 8.549746125936508179e-03 7.777364552021026611e-02 6.542367488145828247e-02 1.004990004003047943e-02 4.903064295649528503e-02 6.444859504699707031e-02 4.719867371022701263e-03 8.839130401611328125e-03 1.252165623009204865e-02 5.218515871092677116e-04 4.163996130228042603e-02 2.973838709294795990e-02 8.032477460801601410e-03 5.168101191520690918e-02 2.839307126123458147e-04 1.475120056420564651e-02 4.623124003410339355e-02 1.610973030328750610e-01 1.083057653158903122e-02 8.207409083843231201e-02 1.502051204442977905e-02 2.822907269001007080e-02 1.911566779017448425e-02 1.803926751017570496e-02 2.505164407193660736e-02 3.021161630749702454e-02 1.830702275037765503e-02 1.013436987996101379e-01 1.691521517932415009e-02 1.550279930233955383e-02 2.625448629260063171e-02 1.948267966508865356e-02 9.285035543143749237e-03 3.800396993756294250e-02 1.387855503708124161e-02 4.491801187396049500e-02 2.482371637597680092e-03 1.455705985426902771e-02 4.759883508086204529e-02 6.081098108552396297e-04 4.706470668315887451e-02 3.973696008324623108e-02 1.994132623076438904e-02 2.481162920594215393e-02 4.498076811432838440e-02 3.772141784429550171e-02 1.142877899110317230e-02 3.813489153981208801e-02 1.259113429114222527e-03 1.288894284516572952e-02 5.108563974499702454e-02 1.897970028221607208e-02 2.439181320369243622e-02 3.775195404887199402e-02 2.798998169600963593e-02 2.643615752458572388e-02 5.244281515479087830e-02 1.333816675469279289e-03 7.802259642630815506e-03 4.087139293551445007e-02 4.356607422232627869e-02
1.049919053912162781e-02 4.641838837414979935e-03 1.663254387676715851e-02 8.631478995084762573e-02 1.171939671039581299e-01 2.708023227751255035e-02 2.335393428802490234e-02 1.775277219712734222e-02 3.183734789490699768e-02 4.501749295741319656e-03 1.850909739732742310e-02 4.246321693062782288e-02 6.272014696151018143e-03 2.462089061737060547e-02 4.876916110515594482e-02 3.294609021395444870e-03 7.797967642545700073e-02 1.236991141922771931e-03 7.419607788324356079e-02 3.520239144563674927e-02 2.239594422280788422e-02 4.730008542537689209e-02 1.990954950451850891e-02 2.359187044203281403e-02 2.161590941250324249e-02 2.068611979484558105e-02 1.484495028853416443e-02 5.045804381370544434e-02 2.077740430831909180e-02 7.971607893705368042e-02 1.238865498453378677e-02 1.137239113450050354e-02 7.638996839523315430e-02 7.466972339898347855e-03 1.409668824635446072e-03 2.472911775112152100e-02 9.427406825125217438e-03 1.885706186294555664e-02 6.590280681848526001e-02 1.505435556173324585e-01 1.786968298256397247e-02 2.197280526161193848e-02 2.231440506875514984e-02 5.148980394005775452e-02 2.479818649590015411e-02 1.072376384399831295e-03 5.307131796143949032e-04 1.829225569963455200e-02 3.098229505121707916e-02 1.149554736912250519e-02 5.540318321436643600e-03 3.231433779001235962e-02 9.062232822179794312e-02 6.741894781589508057e-02 5.399224162101745605e-02 1.011550426483154297e-02 2.139892429113388062e-02 2.488361857831478119e-02 5.873800441622734070e-02 6.606007367372512817e-02 4.930341243743896484e-02 1.235975623130798340e-01 4.443624243140220642e-02 2.903945557773113251e-02 3.760229423642158508e-02 3.666980937123298645e-02 2.675313688814640045e-02 2.051354013383388519e-02 4.205254092812538147e-02 1.298251468688249588e-02 8.939296007156372070e-02 3.096437267959117889e-02 7.254995405673980713e-03 3.259794414043426514e-02 1.791466213762760162e-02 1.392628159373998642e-02 1.313703134655952454e-02 3.548695519566535950e-02 3.708325698971748352e-02 3.961560316383838654e-03 3.983780741691589355e-03 4.059070255607366562e-03 2.717364020645618439e-02 1.138951256871223450e-01 4.871839482802897692e-04 5.644488614052534103e-03 5.151578225195407867e-03 3.911262005567550659e-02 4.324124380946159363e-02 6.150456890463829041e-02 7.574663031846284866e-03 3.381699696183204651e-02 2.593060780782252550e-04 3.693873062729835510e-02 5.705376714468002319e-02 1.534873712807893753e-02 1.774413697421550751e-02 2.656733430922031403e-02 1.237459853291511536e-02 1.198017876595258713e-02 9.332407265901565552e-03 2.079971879720687866e-02 3.001945652067661285e-02 7.764976937323808670e-03 5.330119654536247253e-02 2.983494428917765617e-03 5.359544605016708374e-02 1.086771953850984573e-02 3.853723779320716858e-02 5.357783287763595581e-03 2.251523546874523163e-02 1.759134419262409210e-02 1.039220485836267471e-02 4.280129820108413696e-02 2.057568915188312531e-02 8.344565331935882568e-02
1.443061232566833496e-01 1.492628604173660278e-01 2.201586030423641205e-03 6.800879538059234619e-02 2.708023227751255035e-02 2.380202263593673706e-01 2.981435954570770264e-01 2.057827077805995941e-02 5.147224664688110352e-02 4.277047887444496155e-02 7.059057056903839111e-02 1.300446242094039917e-01 4.839848354458808899e-02 1.515599489212036133e-01 3.886604681611061096e-02 4.052359610795974731e-02 1.111580580472946167e-01 1.917167566716670990e-02 3.112655133008956909e-02 3.785538487136363983e-03 4.060984402894973755e-02 5.030313506722450256e-02 2.662182413041591644e-02 8.397480845451354980e-02 2.047616057097911835e-02 1.067313738167285919e-02 5.339373275637626648e-02 4.576368629932403564e-02 2.939499728381633759e-02 3.224161919206380844e-03 1.078448444604873657e-02 2.787088975310325623e-02 1.061016134917736053e-02 2.085477672517299652e-02 1.169724110513925552e-02 1.646819338202476501e-02 2.621252834796905518e-02 3.893398866057395935e-02 4.039159044623374939e-03 7.143718749284744263e-02 2.948010899126529694e-02 9.430908411741256714e-02 3.130840882658958435e-02 3.313180059194564819e-02 5.729636922478675842e-02 5.222126841545104980e-03 1.831993162631988525e-01 1.345495879650115967e-01 3.409526124596595764e-02 5.819705501198768616e-02 1.103903166949748993e-02 5.199103150516748428e-03 1.301362831145524979e-02 3.000726737082004547e-02 5.441688746213912964e-02 5.970839783549308777e-02 2.803200110793113708e-02 4.822372272610664368e-02 2.552158758044242859e-02 2.680118894204497337e-03 2.997767738997936249e-02 8.763106307014822960e-04 1.031628157943487167e-02 3.417192399501800537e-02 9.734659455716609955e-03 2.227827534079551697e-02 2.705268934369087219e-02 3.813813999295234680e-02 4.389815777540206909e-02 5.566009879112243652e-02 1.473649870604276657e-02 7.526943087577819824e-02 5.466654151678085327e-02 4.666047915816307068e-02 6.618123035877943039e-03 3.688679262995719910e-02 1.579251512885093689e-02 3.832150995731353760e-02 3.728263545781373978e-03 6.988732516765594482e-02 5.782740935683250427e-02 4.646806046366691589e-03 4.932825639843940735e-02 2.427211590111255646e-02 3.874199837446212769e-02 3.115274943411350250e-02 6.126802787184715271e-02 1.221215631812810898e-02 1.862144912593066692e-03 2.033010870218276978e-02 3.308613970875740051e-02 5.017958581447601318e-02 3.258106857538223267e-02 5.254388600587844849e-02 2.024813927710056305e-02 3.979567438364028931e-02 4.129068925976753235e-03 1.939971582032740116e-03 2.369147166609764099e-02 1.822299696505069733e-02 2.881756983697414398e-02 2.643858641386032104e-02 1.117250230163335800e-02 1.673819124698638916e-02 1.370183564722537994e-02 1.933901687152683735e-03 3.871096670627593994e-02 7.121004909276962280e-02 3.157257288694381714e-02 3.437975794076919556e-02 2.246556058526039124e-02 1.086427597329020500e-03 9.738927334547042847e-02 2.758021652698516846e-02 4.124912619590759277e-02 5.546008050441741943e-02
1.435615271329879761e-01 1.619824916124343872e-01 1.026289258152246475e-02 5.072240158915519714e-02 2.335393428802490234e-02 2.981435954570770264e-01 2.430326342582702637e-01 2.040195465087890625e-02 4.472527280449867249e-02 1.741600036621093750e-02 7.130374759435653687e-02 6.166915968060493469e-02 5.592066049575805664e-02 1.144970804452896118e-01 3.074759989976882935e-02 7.335138507187366486e-04 9.887862205505371094e-02 6.229374557733535767e-03 2.464966848492622375e-03 2.497847191989421844e-02 3.841142728924751282e-02 4.030311480164527893e-03 1.976257190108299255e-02 6.752481311559677124e-02 1.293406262993812561e-02 2.756842039525508881e-02 9.727396070957183838e-03 2.886085957288742065e-02 5.612143501639366150e-02 5.839980021119117737e-02 3.614566102623939514e-02 1.649427972733974457e-02 6.726783700287342072e-03 1.932509429752826691e-02 3.725346922874450684e-02 4.936379194259643555e-02 1.618554070591926575e-02 2.413266897201538086e-02 9.559763595461845398e-03 5.037821084260940552e-02 4.548207856714725494e-03 4.457263275980949402e-02 1.704942621290683746e-02 1.626786217093467712e-02 6.173803936690092087e-03 2.249522879719734192e-02 1.956185847520828247e-01 1.952816694974899292e-01 3.380290418863296509e-02 6.026508286595344543e-02 2.473096735775470734e-02 3.343538567423820496e-02 1.732055284082889557e-02 1.982703246176242828e-02 6.206529960036277771e-02 3.878483921289443970e-02 3.608894720673561096e-02 4.162758216261863708e-02 4.629130288958549500e-02 3.104235045611858368e-02 2.243982069194316864e-02 1.014651264995336533e-02 9.571360424160957336e-03 7.829198241233825684e-02 3.551429137587547302e-03 3.579797688871622086e-03 2.990127354860305786e-02 1.284679025411605835e-02 3.304385393857955933e-02 3.706081211566925049e-02 1.258045155555009842e-02 5.434976145625114441e-02 3.013602085411548615e-02 2.401470579206943512e-02 3.336078301072120667e-02 3.768447786569595337e-02 2.901186607778072357e-02 4.383907094597816467e-02 4.136914387345314026e-02 4.587186127901077271e-02 5.136961489915847778e-02 5.408297479152679443e-02 6.348969880491495132e-03 1.165846176445484161e-02 2.454615570604801178e-02 1.142085809260606766e-02 4.845691099762916565e-02 8.858378045260906219e-03 3.808170184493064880e-02 1.711151376366615295e-02 1.462888717651367188e-02 3.539977595210075378e-02 5.136242881417274475e-02 7.820203155279159546e-02 1.778923347592353821e-02 4.852705821394920349e-02 5.911997286602854729e-04 8.066355437040328979e-02 1.081554335542023182e-03 2.004349231719970703e-02 2.656912431120872498e-03 4.244344681501388550e-02 1.301787141710519791e-02 1.597000285983085632e-02 1.446095108985900879e-02 1.352707482874393463e-02 1.150755770504474640e-02 4.902148991823196411e-02 4.055080190300941467e-02 3.089823015034198761e-02 4.013000801205635071e-02 3.135334001854062080e-03 3.447572514414787292e-02 8.005958050489425659e-03 7.228458672761917114e-02 4.700698703527450562e-02
1.322908326983451843e-02 1.970515772700309753e-02 1.554344147443771362e-01 1.786733418703079224e-02 1.775277219712734222e-02 2.057827077805995941e-02 2.040195465087890625e-02 1.474897265434265137e-01 5.516317207366228104e-03 1.744133606553077698e-02 2.795056626200675964e-02 6.205373257398605347e-02 3.184757754206657410e-02 2.247182279825210571e-02 1.395976245403289795e-01 1.414380408823490143e-02 7.894862443208694458e-03 1.971356384456157684e-02 1.487152912886813283e-04 1.545363338664174080e-03 2.994604222476482391e-02 4.448346048593521118e-02 8.742424659430980682e-03 5.073422100394964218e-03 1.156589854508638382e-02 5.582240223884582520e-02 6.837897934019565582e-03 5.062247440218925476e-02 9.753379039466381073e-03 2.022206597030162811e-02 1.378576830029487610e-02 1.907948637381196022e-03 3.697010222822427750e-03 3.262217342853546143e-02 3.443330526351928711e-02 1.924674957990646362e-02 2.482235245406627655e-02 1.048853807151317596e-02 6.740317493677139282e-02 3.748929500579833984e-02 1.291166339069604874e-02 9.560938924551010132e-03 1.231660135090351105e-03 5.404995009303092957e-02 6.617607921361923218e-02 5.283248424530029297e-02 9.351543150842189789e-03 1.174695603549480438e-02 6.737926602363586426e-02 1.337199471890926361e-02 2.218278869986534119e-02 3.650353848934173584e-02 2.048754133284091949e-02 4.599886760115623474e-02 6.163637619465589523e-03 3.356777504086494446e-02 3.061020688619464636e-04 5.914816260337829590e-02 1.733916625380516052e-02 2.854955149814486504e-03 6.195981800556182861e-02 4.047161433845758438e-03 4.839058220386505127e-02 4.826933518052101135e-02 3.887548670172691345e-02 1.980472588911652565e-03 2.616052329540252686e-02 6.954302079975605011e-03 8.306713774800300598e-03 4.478673264384269714e-02 1.083042565733194351e-02 1.041808724403381348e-02 3.006097674369812012e-02 6.474496424198150635e-02 2.870264649391174316e-02 4.641776904463768005e-02 1.325709745287895203e-02 1.254161121323704720e-03 2.394970506429672241e-02 1.421108748763799667e-02 1.607139706611633301e-01 1.161710992455482483e-01 3.235638840124011040e-03 2.631411701440811157e-02 1.816961914300918579e-02 4.497910290956497192e-02 1.067771911621093750e-01 5.968032404780387878e-02 4.224825650453567505e-03 5.419565737247467041e-02 1.295006275177001953e-02 1.481039216741919518e-04 4.439330473542213440e-02 7.264346349984407425e-03 4.346191138029098511e-02 7.456216029822826385e-03 5.988221615552902222e-02 2.154550887644290924e-02 3.113914281129837036e-02 3.444727335590869188e-04 8.919074200093746185e-03 2.342027984559535980e-02 3.827692195773124695e-02 7.703556120395660400e-02 2.225026488304138184e-02 1.465731859207153320e-02 2.705615758895874023e-02 1.500132679939270020e-02 4.450367018580436707e-02 1.729103922843933105e-02 3.904941678047180176e-02 8.912054449319839478e-02 2.571050450205802917e-02 1.221197191625833511e-02 2.236552536487579346e-02 1.830898411571979523e-02
2.497118152678012848e-02 2.617399953305721283e-02 4.302957653999328613e-02 7.171112112700939178e-03 3.183734789490699768e-02 5.147224664688110352e-02 4.472527280449867249e-02 5.516317207366228104e-03 1.952812373638153076e-01 1.223366707563400269e-01 3.091922029852867126e-02 8.710046298801898956e-03 4.720874875783920288e-02 3.369708359241485596e-02 1.777112483978271484e-02 2.520075254142284393e-02 2.787219732999801636e-02 7.085660845041275024e-02 3.281445708125829697e-03 3.618509322404861450e-02 7.477944344282150269e-02 7.836864329874515533e-03 5.118729174137115479e-02 3.257200494408607483e-02 2.823262102901935577e-02 1.592455245554447174e-02 1.880162395536899567e-02 4.223006963729858398e-02 3.557321429252624512e-02 2.927780337631702423e-02 4.657905548810958862e-02 1.129801478236913681e-02 7.500712573528289795e-02 6.221518293023109436e-02 2.045047283172607422e-02 3.557026386260986328e-02 6.385236512869596481e-03 1.038087531924247742e-02 5.594409070909023285e-03 2.543817460536956787e-02 2.040166407823562622e-02 8.985952287912368774e-02 4.024706035852432251e-02 2.962861582636833191e-02 2.822582609951496124e-02 1.565283350646495819e-02 1.110813952982425690e-02 4.141367040574550629e-03 1.113269701600074768e-01 7.623207569122314453e-02 3.849594667553901672e-02 3.103269077837467194e-02 2.357957325875759125e-02 2.442978508770465851e-02 9.762405604124069214e-02 7.171781361103057861e-02 1.557234791107475758e-03 3.198893275111913681e-03 3.718146309256553650e-02 3.967257216572761536e-03 1.135212276130914688e-02 1.213401183485984802e-02 1.976010575890541077e-02 1.392061542719602585e-02 1.787258312106132507e-02 7.929301820695400238e-03 2.945037186145782471e-02 4.566056281328201294e-02 4.490207880735397339e-02 9.741056710481643677e-03 1.965391635894775391e-02 8.041599765419960022e-03 1.380575168877840042e-02 8.005629293620586395e-03 1.654798351228237152e-02 8.728762157261371613e-03 2.198661416769027710e-01 5.808142945170402527e-02 1.111627519130706787e-01 7.015038747340440750e-03 6.261146068572998047e-02 9.688903577625751495e-03 7.025458035059273243e-04 5.057192873209714890e-03 4.990549013018608093e-02 2.119302935898303986e-02 5.918031930923461914e-02 1.195924170315265656e-02 4.080850630998611450e-02 9.317003935575485229e-02 2.459600009024143219e-02 1.739109493792057037e-02 2.734673582017421722e-02 2.723682112991809845e-02 9.580297023057937622e-02 4.114055633544921875e-02 1.526527479290962219e-02 1.422973349690437317e-03 9.060627222061157227e-02 1.211443170905113220e-02 4.624190181493759155e-02 2.512880787253379822e-02 3.195577114820480347e-02 2.168028056621551514e-02 1.335377711802721024e-02 2.309670299291610718e-02 7.372411433607339859e-03 8.512242697179317474e-03 6.075671408325433731e-03 1.805243827402591705e-02 3.051164001226425171e-02 8.438132703304290771e-03 2.202192507684230804e-02 4.631935432553291321e-02 2.165673486888408661e-02 3.655426204204559326e-02
7.281218189746141434e-03 1.632983610033988953e-02 2.195800095796585083e-02 3.888690611347556114e-03 4.501749295741319656e-03 4.277047887444496155e-02 1.741600036621093750e-02 1.744133606553077698e-02 1.223366707563400269e-01 1.885648816823959351e-01 1.217452064156532288e-02 9.900339879095554352e-03 1.860093325376510620e-02 3.966721519827842712e-02 2.560352906584739685e-02 2.472727559506893158e-02 2.974173054099082947e-03 6.895949598401784897e-03 1.193059980869293213e-01 2.360739745199680328e-02 2.854335354641079903e-03 3.472326323390007019e-02 1.700960285961627960e-02 3.821559250354766846e-02 1.450796797871589661e-02 3.579236567020416260e-02 2.244690246880054474e-02 4.429245367646217346e-02 1.666923426091670990e-02 7.212587445974349976e-02 6.132715381681919098e-03 1.892280764877796173e-02 4.811849445104598999e-02 1.564776152372360229e-02 6.220659986138343811e-02 4.616163671016693115e-02 5.046320147812366486e-03 2.961394749581813812e-02 8.275643736124038696e-02 2.750560827553272247e-02 2.592076547443866730e-02 3.669029101729393005e-02 1.168568879365921021e-01 1.210669055581092834e-02 3.563857637345790863e-03 5.166572704911231995e-02 2.330894768238067627e-02 4.286623373627662659e-02 1.687338663032278419e-04 1.066144928336143494e-01 1.766273938119411469e-02 4.916948452591896057e-02 2.963840775191783905e-02 3.397866711020469666e-02 1.738685555756092072e-02 8.893671631813049316e-02 3.405549796298146248e-03 6.670748349279165268e-03 2.242860384285449982e-02 5.803193431347608566e-03 6.614977121353149414e-02 5.602022167295217514e-03 7.101412862539291382e-02 5.326744541525840759e-02 2.567956969141960144e-02 1.966747455298900604e-02 5.385532230138778687e-02 1.165338419377803802e-02 2.999930828809738159e-02 4.867794364690780640e-02 2.523995004594326019e-02 5.854669585824012756e-02 2.907577157020568848e-02 3.563481941819190979e-02 1.942643336951732635e-02 1.658538915216922760e-02 3.284930810332298279e-02 1.981063932180404663e-01 6.017732620239257812e-02 1.454007327556610107e-01 1.935542188584804535e-02 2.946967817842960358e-02 2.245726063847541809e-02 3.772709984332323074e-03 6.693533807992935181e-02 3.430759534239768982e-02 7.508897688239812851e-03 6.443053949624300003e-03 3.798244521021842957e-03 1.722979545593261719e-01 2.560557238757610321e-02 1.816555741243064404e-03 4.399631172418594360e-02 1.646685414016246796e-02 3.832389786839485168e-02 3.606213256716728210e-02 1.691275276243686676e-02 2.243554405868053436e-02 3.846906498074531555e-02 4.441444575786590576e-02 3.243794664740562439e-02 6.145360879600048065e-03 9.181644767522811890e-02 3.259246423840522766e-02 2.517244219779968262e-02 3.594254376366734505e-03 2.424718067049980164e-02 4.098775237798690796e-02 3.398001566529273987e-02 7.318048272281885147e-03 5.768591165542602539e-02 5.321783944964408875e-03 2.238250710070133209e-02 2.662662416696548462e-02 2.123727928847074509e-03 4.922339692711830139e-02
1.281047314405441284e-01 1.169274076819419861e-01 1.534590264782309532e-03 5.824324209243059158e-03 1.850909739732742310e-02 7.059057056903839111e-02 7.130374759435653687e-02 2.795056626200675964e-02 3.091922029852867126e-02 1.217452064156532288e-02 1.587871760129928589e-01 2.856596186757087708e-02 9.411074221134185791e-02 1.536037307232618332e-02 2.311740070581436157e-02 2.175955660641193390e-02 5.927910562604665756e-03 1.203677710145711899e-02 3.749559447169303894e-02 4.445425001904368401e-04 1.701954193413257599e-02 3.125887364149093628e-02 3.414605185389518738e-02 4.670347273349761963e-02 1.081230305135250092e-02 1.342699397355318069e-02 2.039099857211112976e-02 1.407549809664487839e-02 4.491684213280677795e-02 1.181381661444902420e-02 2.793156728148460388e-02 3.407370671629905701e-02 1.972099952399730682e-02 1.837380602955818176e-02 9.574491530656814575e-03 4.242248367518186569e-03 2.034166455268859863e-02 2.785798721015453339e-02 1.775497570633888245e-02 6.441792473196983337e-03 5.224342644214630127e-02 3.503652289509773254e-02 3.052654862403869629e-02 5.792551487684249878e-02 1.451624557375907898e-02 1.624060422182083130e-02 6.249297037720680237e-02 5.158069357275962830e-02 6.896688789129257202e-02 2.972039021551609039e-02 2.540183998644351959e-02 3.443036228418350220e-02 3.132438659667968750e-02 2.498059300705790520e-03 1.101137604564428329e-02 4.063756391406059265e-02 4.564286675304174423e-03 1.919928379356861115e-02 5.791199952363967896e-02 1.406290289014577866e-02 6.419683806598186493e-03 2.548869140446186066e-02 3.198539093136787415e-02 5.576350912451744080e-02 7.257785648107528687e-02 5.498529970645904541e-02 5.214057117700576782e-02 3.118308447301387787e-02 2.060274034738540649e-02 4.809251055121421814e-03 5.224814172834157944e-03 3.820058703422546387e-02 1.927403360605239868e-02 6.060539744794368744e-03 3.130461648106575012e-02 2.019300125539302826e-02 1.485046464949846268e-02 7.498203776776790619e-03 2.752043679356575012e-02 1.782491803169250488e-02 3.976817429065704346e-02 5.998351797461509705e-02 1.453960780054330826e-03 4.531235620379447937e-02 2.797702886164188385e-02 2.126713655889034271e-02 6.473649293184280396e-02 4.141069576144218445e-02 5.169073119759559631e-02 3.367963805794715881e-02 4.056696593761444092e-02 5.663133785128593445e-02 3.057759627699851990e-02 2.714163623750209808e-03 6.687282025814056396e-02 2.225551987066864967e-03 3.739200159907341003e-02 3.488758578896522522e-02 6.198369339108467102e-02 1.208478771150112152e-02 5.228868871927261353e-02 3.093032911419868469e-02 7.307601481443271041e-05 4.324142634868621826e-02 1.259619020856916904e-03 3.598050773143768311e-02 4.276942834258079529e-02 4.701291769742965698e-02 2.991137839853763580e-02 3.030274994671344757e-02 2.182836178690195084e-03 2.535304613411426544e-02 3.658208996057510376e-02 4.524869844317436218e-02 4.022828489542007446e-02 3.979234769940376282e-02
5.631062015891075134e-02 2.990898862481117249e-02 5.811137333512306213e-02 3.468863293528556824e-02 4.246321693062782288e-02 1.300446242094039917e-01 6.166915968060493469e-02 6.205373257398605347e-02 8.710046298801898956e-03 9.900339879095554352e-03 2.856596186757087708e-02 1.548784822225570679e-01 3.150298446416854858e-02 2.665517032146453857e-01 5.160751752555370331e-03 3.065491467714309692e-02 1.052687992341816425e-03 3.749487688764929771e-03 4.692414030432701111e-02 3.760624211281538010e-03 6.342399865388870239e-03 6.881318986415863037e-02 1.060215607285499573e-01 9.528384357690811157e-02 5.448947660624980927e-03 1.346598938107490540e-02 4.839720949530601501e-02 8.556796610355377197e-02 2.990266121923923492e-02 8.585301786661148071e-02 4.080636054277420044e-02 1.628145761787891388e-02 7.904421538114547729e-03 2.271443605422973633e-02 1.583540253341197968e-02 7.838194258511066437e-03 1.571937464177608490e-02 2.465605735778808594e-02 1.087891124188899994e-02 8.383881300687789917e-03 1.243664789944887161e-02 9.645169973373413086e-02 3.314127912744879723e-03 3.277165442705154419e-02 1.014757230877876282e-01 5.679216980934143066e-02 3.254856541752815247e-02 2.755980752408504486e-02 5.827243998646736145e-02 2.248329669237136841e-02 9.136168658733367920e-02 2.899391204118728638e-02 1.773055642843246460e-03 1.352777518332004547e-02 2.039773017168045044e-02 9.554950520396232605e-03 1.565065816976130009e-03 3.912010043859481812e-02 1.898657344281673431e-02 6.789062172174453735e-03 1.171379815787076950e-02 3.599255532026290894e-02 1.604047603905200958e-02 2.956122346222400665e-02 1.313322503119707108e-02 1.768739707767963409e-02 3.111139126121997833e-02 1.991822384297847748e-02 8.700276724994182587e-03 3.562577441334724426e-02 9.287278167903423309e-03 1.676508039236068726e-02 4.035199061036109924e-02 7.016319781541824341e-02 1.052336115390062332e-02 3.288483619689941406e-02 3.021831391379237175e-03 2.792567387223243713e-02 3.124989196658134460e-02 1.266824174672365189e-02 4.153143614530563354e-02 3.703229501843452454e-02 1.402206998318433762e-02 4.071704298257827759e-02 6.010430678725242615e-02 4.511090368032455444e-02 2.437183819711208344e-02 8.951042778789997101e-03 6.160850822925567627e-02 8.103416860103607178e-02 4.058647900819778442e-02 1.678805984556674957e-02 7.386605441570281982e-02 4.563697800040245056e-02 4.233932867646217346e-02 3.682262450456619263e-02 5.116942804306745529e-03 3.044790029525756836e-02 7.074753195047378540e-02 4.424764961004257202e-02 3.726457059383392334e-02 2.589052543044090271e-02 1.488803420215845108e-02 1.345937605947256088e-02 1.766091771423816681e-02 6.064030807465314865e-03 1.282395329326391220e-02 5.139989661984145641e-04 1.185885164886713028e-02 3.384459763765335083e-02 1.436902675777673721e-02 2.450977638363838196e-02 1.965222880244255066e-02 4.660804197192192078e-02 4.254330694675445557e-02 2.832804806530475616e-02
9.445835649967193604e-02 1.234526187181472778e-01 1.617565564811229706e-02 2.442851103842258453e-02 6.272014696151018143e-03 4.839848354458808899e-02 5.592066049575805664e-02 3.184757754206657410e-02 4.720874875783920288e-02 1.860093325376510620e-02 9.411074221134185791e-02 3.150298446416854858e-02 1.847291737794876099e-01 8.071147836744785309e-03 1.008815169334411621e-01 1.111790817230939865e-02 1.625736244022846222e-02 1.759650558233261108e-02 1.284410711377859116e-02 2.235548198223114014e-02 4.705330729484558105e-02 6.357120722532272339e-02 1.857453398406505585e-02 1.395887788385152817e-02 2.148923464119434357e-02 1.558982953429222107e-02 4.347416758537292480e-02 1.820159517228603363e-02 3.122135438024997711e-02 9.021140635013580322e-03 2.689282037317752838e-02 1.681279204785823822e-02 3.205297514796257019e-02 5.493199080228805542e-02 5.970418918877840042e-03 1.868549548089504242e-02 3.785338997840881348e-02 6.134239956736564636e-02 2.872036397457122803e-02 2.303316257894039154e-02 4.951349273324012756e-02 3.132291510701179504e-02 4.617746453732252121e-03 9.428739547729492188e-03 2.433876041322946548e-03 7.258556317538022995e-03 5.159627646207809448e-02 2.630436420440673828e-02 1.760316547006368637e-03 1.087084691971540451e-02 2.593944966793060303e-02 2.521321177482604980e-02 6.485766498371958733e-04 4.050753545016050339e-03 1.517228223383426666e-02 1.866979338228702545e-02 2.445235103368759155e-02 3.956605680286884308e-03 3.283593431115150452e-02 1.062312722206115723e-02 1.287694927304983139e-02 2.465397818014025688e-03 1.666289195418357849e-02 5.434687808156013489e-02 4.841206967830657959e-02 6.458931416273117065e-02 1.367736607789993286e-02 4.426718223839998245e-03 2.417575195431709290e-02 3.981233574450016022e-03 6.586656440049409866e-03 1.342240488156676292e-03 1.827188394963741302e-02 1.797092519700527191e-02 1.438098773360252380e-02 8.741606958210468292e-03 2.766179293394088745e-02 9.036672301590442657e-03 6.410449743270874023e-02 3.426564857363700867e-03 2.088154479861259460e-02 6.116576027125120163e-03 6.229161284863948822e-03 2.419812604784965515e-03 1.581989577971398830e-03 2.430587308481335640e-03 3.975525498390197754e-02 6.407518684864044189e-02 5.697007291018962860e-03 1.575656794011592865e-02 3.521589934825897217e-02 2.741704508662223816e-02 3.204420208930969238e-02 6.801225990056991577e-02 2.036222442984580994e-02 3.836372494697570801e-02 2.430162578821182251e-02 4.281983710825443268e-03 7.061209529638290405e-02 8.762603625655174255e-03 1.559009868651628494e-02 2.523218980059027672e-03 2.598458901047706604e-02 3.881676495075225830e-02 1.342980749905109406e-02 6.262346357107162476e-02 3.226214647293090820e-02 2.570092305541038513e-02 4.199299216270446777e-02 2.719227038323879242e-02 4.385418724268674850e-03 3.221930563449859619e-02 1.135621219873428345e-02 4.843991994857788086e-02 3.852549940347671509e-02 6.732215732336044312e-02
