1.954832822084426880e-01 2.384484559297561646e-01 1.812329143285751343e-02 3.350567817687988281e-02 1.056425535352900624e-04 1.568515896797180176e-01 1.120020598173141479e-01 3.199782595038414001e-02 1.987227983772754669e-02 6.662826985120773315e-03 1.843893378973007202e-01 1.893178559839725494e-02 1.873916089534759521e-01 1.191674731671810150e-03 2.975731715559959412e-02 8.496822789311408997e-03 9.524060413241386414e-03 1.879342459142208099e-02 3.576176008209586143e-03 2.202004380524158478e-02 4.883160442113876343e-02 3.897946700453758240e-02 3.382956841960549355e-03 2.407386712729930878e-02 1.048127096146345139e-02 2.097844146192073822e-02 3.570758178830146790e-02 2.162865549325942993e-02 3.436991572380065918e-02 9.602076373994350433e-03 8.527366071939468384e-02 1.550262277305591851e-05 1.860229112207889557e-02 1.855333894491195679e-02 6.274173501878976822e-03 1.574699883349239826e-03 1.157538592815399170e-02 1.223578769713640213e-02 4.099210351705551147e-02 4.880262911319732666e-02 8.233108092099428177e-04 4.992586094886064529e-03 2.104192040860652924e-02 3.034383989870548248e-02 3.413873538374900818e-02 4.193670582026243210e-03 1.073670610785484314e-01 6.292857974767684937e-02 7.184182759374380112e-04 1.691903360188007355e-02 3.214859869331121445e-03 8.548608049750328064e-03 4.002765193581581116e-02 1.012769062072038651e-02 2.564420690760016441e-03 1.722751557826995850e-02 3.906475007534027100e-02 2.372924005612730980e-03 4.340311139822006226e-02 1.105754449963569641e-02 2.814710326492786407e-02 2.050795359537005424e-03 4.105788096785545349e-02 9.061911143362522125e-03 8.132701367139816284e-02 7.089846581220626831e-02 1.184999197721481323e-02 8.921015076339244843e-03 1.248439867049455643e-02 6.352896452881395817e-04 2.330225519835948944e-02 3.883682936429977417e-02 2.892300859093666077e-02 3.139691054821014404e-02 3.009550273418426514e-03 1.711300574243068695e-02 2.055996097624301910e-02 1.974762976169586182e-02 1.693967846222221851e-03 3.663009963929653168e-03 6.198110524564981461e-03 4.223235882818698883e-03 2.356142736971378326e-02 2.063068374991416931e-02 1.936830207705497742e-02 3.279666975140571594e-02 1.152015384286642075e-02 2.009611390531063080e-02 4.207969829440116882e-02 6.979544460773468018e-02 4.119907319545745850e-02 6.295754760503768921e-02 1.974558085203170776e-02 5.434522405266761780e-02 6.639114581048488617e-03 1.549487235024571419e-03 2.165991626679897308e-02 1.056172791868448257e-02 2.926759608089923859e-02 5.443450063467025757e-03 1.529077533632516861e-02 1.950513012707233429e-02 1.236093603074550629e-02 3.207144141197204590e-02 3.529915586113929749e-02 1.376652973704040051e-03 3.267085924744606018e-02 1.930330654431600124e-05 4.052159190177917480e-02 3.960199654102325439e-02 5.453784763813018799e-02 5.547427758574485779e-02 7.505834568291902542e-03 4.248579964041709900e-02 7.427027076482772827e-02 3.408812731504440308e-02
2.384484559297561646e-01 1.542980819940567017e-01 2.689787745475769043e-02 1.659537293016910553e-02 1.264528464525938034e-02 1.526266485452651978e-01 1.066336706280708313e-01 6.912780553102493286e-02 1.075491867959499359e-02 4.034743178635835648e-03 1.422805190086364746e-01 7.638011127710342407e-03 1.785869896411895752e-01 3.759011253714561462e-02 3.313916176557540894e-02 3.879662603139877319e-02 5.116505548357963562e-03 3.521072492003440857e-02 2.179053844884037971e-03 8.857647888362407684e-03 1.954968273639678955e-02 2.906035259366035461e-02 3.973576822318136692e-04 1.726252585649490356e-02 1.124066393822431564e-02 7.043386343866586685e-03 2.623518183827400208e-02 7.848966866731643677e-03 6.744606792926788330e-02 5.200032144784927368e-02 2.088371105492115021e-02 8.568870835006237030e-04 9.906286373734474182e-03 1.479217782616615295e-03 1.311834994703531265e-02 1.917846500873565674e-02 1.424864679574966431e-02 2.098245546221733093e-02 6.554798223078250885e-03 5.282934010028839111e-02 4.313040990382432938e-03 2.259761281311511993e-02 3.515532612800598145e-02 7.393492385745048523e-03 4.669194575399160385e-03 1.172476564534008503e-03 7.247649133205413818e-02 1.271768752485513687e-02 2.992097102105617523e-02 8.626847993582487106e-04 6.956234108656644821e-03 1.763459481298923492e-02 3.246356174349784851e-02 5.186245311051607132e-03 1.469682343304157257e-02 4.361498728394508362e-02 2.397035248577594757e-02 2.215335331857204437e-02 3.915960714221000671e-02 2.535070292651653290e-02 3.123633377254009247e-02 5.630355793982744217e-03 4.292356967926025391e-02 1.026340643875300884e-03 7.284712046384811401e-02 7.875498384237289429e-02 1.664308831095695496e-03 2.338699437677860260e-02 3.226548805832862854e-02 4.947219416499137878e-02 3.262843936681747437e-02 1.106945332139730453e-02 2.062303759157657623e-02 1.225534011609852314e-03 7.394657470285892487e-03 2.589043788611888885e-02 2.037155814468860626e-02 2.333764545619487762e-02 1.574870385229587555e-02 1.450843922793865204e-02 2.120275981724262238e-02 2.039356157183647156e-02 9.565166383981704712e-02 4.503244906663894653e-02 2.150521147996187210e-03 2.897561900317668915e-02 2.106668613851070404e-02 1.902176998555660248e-02 5.303839966654777527e-02 9.356275200843811035e-03 2.668825909495353699e-02 4.248730465769767761e-02 3.363436833024024963e-02 1.394527684897184372e-02 1.349573582410812378e-02 1.122336182743310928e-02 2.418897300958633423e-02 5.138351023197174072e-02 1.622540317475795746e-02 9.806578746065497398e-04 1.112590427510440350e-03 2.383915707468986511e-02 2.380381710827350616e-02 2.264326252043247223e-02 3.210196271538734436e-02 1.107328478246927261e-02 4.113038536161184311e-03 9.218269959092140198e-03 4.989007115364074707e-02 4.615249484777450562e-02 6.249422207474708557e-03 3.043956868350505829e-02 4.061606246978044510e-03 5.306942388415336609e-02 5.926248431205749512e-02 4.648221191018819809e-03
1.812329143285751343e-02 2.689787745475769043e-02 6.758175045251846313e-02 1.667858660221099854e-02 6.483833491802215576e-02 2.260299772024154663e-02 5.358225200325250626e-03 7.814443856477737427e-02 7.731733471155166626e-02 5.711258575320243835e-02 6.206633523106575012e-02 1.132730543613433838e-01 1.089579463005065918e-01 9.863911569118499756e-02 8.199506998062133789e-02 5.587516352534294128e-02 2.323757670819759369e-02 2.681560814380645752e-03 3.856844082474708557e-02 5.241590738296508789e-02 1.484900247305631638e-02 3.703642636537551880e-02 4.535084590315818787e-02 4.965211078524589539e-02 3.855704516172409058e-02 4.211984109133481979e-03 6.438456475734710693e-02 7.197372615337371826e-02 4.500038921833038330e-02 4.319895058870315552e-02 3.894836455583572388e-02 1.171862799674272537e-02 2.073841355741024017e-02 4.327714908868074417e-03 3.331433609127998352e-02 6.779542192816734314e-03 3.405166417360305786e-02 4.420766979455947876e-02 6.922128796577453613e-02 2.669777604751288891e-04 1.976849436759948730e-01 6.043186038732528687e-02 5.183071643114089966e-02 4.240924958139657974e-03 3.674633102491497993e-03 3.369015827775001526e-02 2.793466299772262573e-02 2.856005914509296417e-02 2.798118628561496735e-02 2.296959795057773590e-02 3.460732102394104004e-02 4.911043122410774231e-02 4.184874519705772400e-02 1.003315951675176620e-02 7.951297797262668610e-03 3.940258175134658813e-02 1.036790106445550919e-02 3.896160423755645752e-02 2.001184783875942230e-02 5.915657617151737213e-03 4.267192259430885315e-02 1.073287706822156906e-02 8.729985915124416351e-03 3.631791472434997559e-02 3.615422919392585754e-02 5.744814127683639526e-02 4.294063523411750793e-02 6.983286235481500626e-03 3.936093300580978394e-02 3.608513250946998596e-02 3.252474963665008545e-02 8.037735521793365479e-02 4.549565166234970093e-02 7.217424362897872925e-02 4.247891530394554138e-02 4.094428941607475281e-02 7.241029292345046997e-02 1.841688342392444611e-02 5.458303540945053101e-02 4.329669103026390076e-02 2.109449207782745361e-01 1.054457798600196838e-01 6.914718542248010635e-04 6.122151389718055725e-02 3.837110102176666260e-02 4.040857776999473572e-03 2.653172239661216736e-02 3.199592232704162598e-02 1.399083994328975677e-02 8.796186302788555622e-04 1.070426125079393387e-02 1.586521975696086884e-02 4.009205847978591919e-02 3.941586241126060486e-03 5.524066835641860962e-02 7.197078317403793335e-03 9.867619723081588745e-02 2.231951802968978882e-02 2.435615472495555878e-02 1.938049914315342903e-03 1.349432859569787979e-03 2.535236254334449768e-02 7.292171567678451538e-02 5.545276775956153870e-02 2.279037423431873322e-02 4.913189634680747986e-02 2.933451719582080841e-02 3.911387920379638672e-02 4.281948506832122803e-02 4.621689394116401672e-02 2.474949136376380920e-02 6.768610328435897827e-02 3.019560500979423523e-02 1.847743801772594452e-02 5.823224410414695740e-02 2.300340496003627777e-02
3.350567817687988281e-02 1.659537293016910553e-02 1.667858660221099854e-02 1.500025540590286255e-01 1.452679932117462158e-01 4.629865661263465881e-02 3.469329327344894409e-02 2.586942911148071289e-02 6.112303584814071655e-02 2.151842601597309113e-02 2.463727444410324097e-02 2.705227211117744446e-02 6.366541236639022827e-02 6.336807273328304291e-03 1.299981493502855301e-02 5.569881945848464966e-02 6.997001171112060547e-02 3.173776715993881226e-02 1.110358908772468567e-01 3.587352484464645386e-02 4.543093964457511902e-03 4.680422320961952209e-02 6.683008279651403427e-03 3.285166621208190918e-02 5.103411152958869934e-02 3.007603995501995087e-02 2.436949126422405243e-02 9.752863645553588867e-02 6.497740000486373901e-02 8.597873896360397339e-02 9.692466259002685547e-02 6.550917774438858032e-02 8.055881597101688385e-03 2.246808260679244995e-02 2.326692454516887665e-02 4.322411864995956421e-02 2.772173099219799042e-02 3.274170309305191040e-02 1.127778664231300354e-01 8.610700070858001709e-02 5.139016732573509216e-02 4.492827504873275757e-02 3.187087178230285645e-02 4.291530326008796692e-02 1.829037629067897797e-02 5.270209535956382751e-02 8.620658516883850098e-02 3.964526951313018799e-02 5.642880499362945557e-02 1.888164319097995758e-02 1.003021653741598129e-02 2.881935052573680878e-02 1.816640235483646393e-02 4.103453457355499268e-02 4.459371045231819153e-02 1.422311831265687943e-02 3.652284666895866394e-02 1.462829113006591797e-02 5.911340937018394470e-03 8.069311268627643585e-03 2.441379241645336151e-02 3.053427673876285553e-02 1.135440394282341003e-01 8.953636139631271362e-02 5.476741120219230652e-02 3.220326825976371765e-02 3.825796768069267273e-02 4.132458474487066269e-03 2.144060283899307251e-02 5.280623212456703186e-02 5.804710462689399719e-02 8.005486801266670227e-03 1.410625725984573364e-01 9.020081721246242523e-03 1.081684082746505737e-01 1.201790408231317997e-03 3.880104050040245056e-02 6.449443846940994263e-02 1.503457315266132355e-02 3.695897758007049561e-02 4.510406777262687683e-02 4.733552411198616028e-02 3.991253301501274109e-02 9.121704101562500000e-02 1.803036284400150180e-04 4.507336392998695374e-02 3.710942715406417847e-02 5.013260990381240845e-02 8.852234482765197754e-02 1.084386929869651794e-02 4.097916558384895325e-02 1.432361168554052711e-04 2.631037682294845581e-02 3.268254175782203674e-02 4.192263633012771606e-02 2.856098301708698273e-02 5.376017838716506958e-02 2.458505146205425262e-02 1.120055280625820160e-02 2.556878887116909027e-02 4.167257342487573624e-03 3.096772916615009308e-02 3.747061267495155334e-02 6.705156713724136353e-02 1.716794446110725403e-02 4.701421409845352173e-02 2.857946977019309998e-02 2.735937759280204773e-02 6.454481277614831924e-03 4.672824963927268982e-02 3.753206878900527954e-02 6.525102257728576660e-02 2.348282746970653534e-02 1.355193182826042175e-02 5.175685882568359375e-02 9.529849141836166382e-02
1.056425535352900624e-04 1.264528464525938034e-02 6.483833491802215576e-02 1.452679932117462158e-01 1.476179361343383789e-01 4.315394908189773560e-02 3.386405482888221741e-02 1.633683219552040100e-02 4.677983000874519348e-02 4.174295067787170410e-02 4.523262754082679749e-02 5.044510215520858765e-02 7.014718651771545410e-02 9.975778870284557343e-03 9.001029655337333679e-03 6.586311012506484985e-02 6.509971618652343750e-02 1.597477495670318604e-02 6.705659627914428711e-02 3.542827814817428589e-02 1.645358465611934662e-02 6.294681876897811890e-02 2.409703657031059265e-02 1.201975625008344650e-02 2.986836992204189301e-02 3.910335898399353027e-02 1.491772010922431946e-02 8.096186071634292603e-02 3.260900452733039856e-02 1.053878962993621826e-01 3.318674489855766296e-02 6.106459349393844604e-02 6.172140128910541534e-03 2.540855109691619873e-02 5.838919430971145630e-03 3.627476096153259277e-02 4.522595554590225220e-02 3.239030390977859497e-02 5.944326519966125488e-02 1.467202454805374146e-01 6.004870682954788208e-02 9.974575601518154144e-03 5.164782702922821045e-02 3.537268564105033875e-02 1.530984183773398399e-03 4.117587581276893616e-02 1.048823371529579163e-01 1.389263290911912918e-02 1.910024695098400116e-02 1.412422955036163330e-02 3.735655546188354492e-02 5.788731202483177185e-02 3.612758964300155640e-02 5.430421605706214905e-02 3.319161385297775269e-02 4.811416193842887878e-02 4.577923938632011414e-02 4.057497158646583557e-02 3.803861886262893677e-02 3.700140118598937988e-02 2.670301310718059540e-02 2.111022919416427612e-02 1.012846454977989197e-01 7.683688402175903320e-02 4.613408446311950684e-02 2.526451274752616882e-02 2.937776781618595123e-02 2.109103091061115265e-02 1.172889024019241333e-02 5.125817283987998962e-02 4.606244713068008423e-02 2.330324426293373108e-02 1.024914830923080444e-01 3.285917267203330994e-02 1.337190419435501099e-01 2.980677410960197449e-02 1.209599804133176804e-02 4.290337488055229187e-02 4.830225929617881775e-02 3.969813138246536255e-02 4.028041288256645203e-02 4.316923767328262329e-02 1.082623898983001709e-01 1.294025480747222900e-01 1.392184570431709290e-02 5.743490904569625854e-02 3.883625939488410950e-02 2.345043607056140900e-02 7.187752425670623779e-02 3.041008673608303070e-02 3.606520965695381165e-02 4.880583286285400391e-02 6.372155994176864624e-02 4.881652817130088806e-02 2.522239461541175842e-02 3.309796005487442017e-02 7.755964994430541992e-02 3.360492177307605743e-03 1.154203899204730988e-02 2.412715926766395569e-02 3.499444201588630676e-02 1.103755552321672440e-02 1.258541829884052277e-02 4.141595214605331421e-03 4.651956260204315186e-02 5.533032491803169250e-02 5.998494476079940796e-02 6.371671706438064575e-02 3.098048828542232513e-02 6.259810179471969604e-02 5.350761115550994873e-02 3.778403857722878456e-03 1.216301508247852325e-02 1.933398284018039703e-02 9.395044296979904175e-03 5.380238220095634460e-02
1.568515896797180176e-01 1.526266485452651978e-01 2.260299772024154663e-02 4.629865661263465881e-02 4.315394908189773560e-02 1.656762510538101196e-01 1.769804656505584717e-01 6.610703421756625175e-04 7.890541106462478638e-03 1.215864159166812897e-02 1.011177897453308105e-01 2.802677638828754425e-02 7.678863406181335449e-02 4.696648195385932922e-02 2.720116637647151947e-02 4.714444279670715332e-02 8.188007026910781860e-02 2.334651723504066467e-02 3.199284151196479797e-02 1.372293755412101746e-02 1.830531656742095947e-02 5.003096535801887512e-03 7.124546915292739868e-02 5.048707127571105957e-02 9.310209192335605621e-03 1.090081688016653061e-02 1.155484188348054886e-02 1.118407305330038071e-02 3.638138249516487122e-02 1.060410775244235992e-02 6.452228128910064697e-02 4.951221868395805359e-02 3.975349292159080505e-02 6.601069867610931396e-02 1.522133592516183853e-02 1.711712218821048737e-02 4.225193709135055542e-02 3.857976570725440979e-02 7.596316933631896973e-02 8.408223278820514679e-03 2.460935525596141815e-02 6.904903054237365723e-02 5.260742455720901489e-02 8.926729671657085419e-03 9.652382694184780121e-03 1.005394309759140015e-01 1.462961286306381226e-01 4.533690214157104492e-02 1.260949485003948212e-02 4.797514155507087708e-02 1.192043721675872803e-02 4.734683781862258911e-03 3.126432374119758606e-02 1.916283369064331055e-02 2.011405117809772491e-02 8.425531908869743347e-03 3.218006715178489685e-02 2.477525500580668449e-03 2.823469229042530060e-02 2.490736916661262512e-02 1.536648906767368317e-02 2.138724178075790405e-02 5.189189687371253967e-02 9.919037111103534698e-03 6.843753624707460403e-03 8.476347476243972778e-02 2.179239876568317413e-03 1.972130127251148224e-02 2.061188453808426857e-03 2.894684905186295509e-03 2.685374952852725983e-02 2.609134651720523834e-02 4.572242498397827148e-02 3.893257305026054382e-02 1.393929868936538696e-02 1.992910727858543396e-02 3.886763751506805420e-02 4.847953096032142639e-02 3.378036990761756897e-02 1.920606009662151337e-02 3.137896955013275146e-02 2.197844348847866058e-02 1.501637045294046402e-02 6.012135744094848633e-02 1.783699914813041687e-02 2.212326414883136749e-02 2.321642637252807617e-02 3.609550744295120239e-02 1.313113793730735779e-02 1.084970962256193161e-02 6.454648077487945557e-02 1.531060598790645599e-02 8.894237130880355835e-02 5.019970983266830444e-02 9.802566841244697571e-03 3.079794161021709442e-02 2.485737949609756470e-02 9.728639386594295502e-03 3.201024606823921204e-02 8.929382078349590302e-03 1.362950308248400688e-03 1.989782555028796196e-03 4.672847688198089600e-02 7.475047372281551361e-03 2.589982934296131134e-02 9.393410757184028625e-03 1.918313652276992798e-02 4.728750884532928467e-02 9.709887206554412842e-03 4.006520286202430725e-02 2.436234056949615479e-02 1.249344274401664734e-02 2.743957005441188812e-02 7.809206098318099976e-02 1.490461081266403198e-01 8.025024086236953735e-03
1.120020598173141479e-01 1.066336706280708313e-01 5.358225200325250626e-03 3.469329327344894409e-02 3.386405482888221741e-02 1.769804656505584717e-01 1.495517492294311523e-01 6.161461398005485535e-02 2.711792290210723877e-02 1.728285104036331177e-02 7.892563939094543457e-02 1.476035639643669128e-02 5.844830349087715149e-02 3.573704510927200317e-02 1.491433568298816681e-02 4.466396570205688477e-02 7.174117118120193481e-02 2.261682786047458649e-02 1.699190773069858551e-02 1.278024818748235703e-02 2.890993200708180666e-04 7.496566977351903915e-03 4.603667184710502625e-02 5.481854453682899475e-02 2.048921398818492889e-02 2.053545787930488586e-02 2.701471000909805298e-02 1.947561278939247131e-02 1.261979155242443085e-02 3.627705154940485954e-03 7.088374346494674683e-02 3.507748991250991821e-02 4.614085704088211060e-02 6.806846708059310913e-02 7.554438896477222443e-03 1.669639721512794495e-02 3.273400291800498962e-02 4.902591928839683533e-02 8.630338124930858612e-03 3.779358044266700745e-02 2.560118958353996277e-02 1.782073080539703369e-02 4.423182457685470581e-02 7.197693735361099243e-02 1.306901313364505768e-02 5.333725363016128540e-02 1.374339759349822998e-01 1.343071758747100830e-01 1.864637061953544617e-02 1.596237160265445709e-02 8.182067424058914185e-03 2.165966853499412537e-02 1.314235571771860123e-02 1.518230699002742767e-02 2.607020735740661621e-02 2.174132689833641052e-02 2.296916395425796509e-02 6.056924164295196533e-02 4.617775324732065201e-03 2.946424670517444611e-02 8.488646708428859711e-03 2.224629977717995644e-03 4.451956972479820251e-02 1.047744764946401119e-03 6.253044586628675461e-03 6.780404597520828247e-02 2.005716226994991302e-02 2.756695449352264404e-02 1.472106855362653732e-02 4.470158834010362625e-03 1.852678135037422180e-02 1.127045415341854095e-02 2.962474711239337921e-02 8.749607950448989868e-03 5.995527608320116997e-04 5.203426117077469826e-04 3.798152133822441101e-02 2.742712385952472687e-02 1.228354778140783310e-02 2.698248438537120819e-02 1.014652755111455917e-02 1.504825800657272339e-02 2.658186294138431549e-02 5.700373649597167969e-02 2.688369527459144592e-02 4.319256171584129333e-02 2.912710420787334442e-02 4.347654525190591812e-03 1.686801202595233917e-02 3.333280235528945923e-02 2.873449400067329407e-02 2.572201937437057495e-02 1.015607640147209167e-02 1.495147403329610825e-02 3.461995348334312439e-02 1.684265770018100739e-02 3.232042863965034485e-02 4.148457664996385574e-03 1.410097628831863403e-02 3.622230887413024902e-02 7.972740568220615387e-03 2.761999890208244324e-02 2.861803863197565079e-03 2.223148755729198456e-02 2.256081067025661469e-02 7.203831337392330170e-03 3.186137601733207703e-02 2.217249944806098938e-03 2.515155449509620667e-02 2.334371395409107208e-02 5.289022997021675110e-02 5.070777982473373413e-02 2.408207394182682037e-02 1.525626704096794128e-02 1.439343839883804321e-01 1.648361422121524811e-02
3.199782595038414001e-02 6.912780553102493286e-02 7.814443856477737427e-02 2.586942911148071289e-02 1.633683219552040100e-02 6.610703421756625175e-04 6.161461398005485535e-02 8.234427124261856079e-02 2.323956228792667389e-02 6.927486509084701538e-02 7.368730753660202026e-02 3.149135969579219818e-03 3.361567482352256775e-02 1.077502220869064331e-01 1.954455487430095673e-02 5.115694832056760788e-03 5.655203759670257568e-02 4.900966957211494446e-02 2.090103551745414734e-02 5.729122459888458252e-02 2.747352980077266693e-02 5.929392948746681213e-02 4.425356537103652954e-02 1.754857040941715240e-02 4.720146581530570984e-02 6.015158817172050476e-02 1.002902686595916748e-01 8.295556530356407166e-03 2.728912048041820526e-02 3.653055056929588318e-02 1.231290586292743683e-02 5.929480120539665222e-02 4.029700532555580139e-02 2.965901605784893036e-02 1.699243299663066864e-02 8.616743236780166626e-02 4.573406651616096497e-02 2.453332021832466125e-02 6.631657481193542480e-02 2.750723622739315033e-02 5.151337012648582458e-02 8.584347553551197052e-03 1.234377827495336533e-02 3.363081067800521851e-02 1.363452523946762085e-02 1.028051152825355530e-01 4.928871244192123413e-02 5.869531631469726562e-02 2.189891971647739410e-02 7.927732169628143311e-02 3.964457660913467407e-03 2.625294961035251617e-02 6.306954473257064819e-02 4.287236183881759644e-02 1.091281045228242874e-02 4.705615807324647903e-03 2.663794346153736115e-02 2.731902897357940674e-02 6.291316449642181396e-02 5.140733905136585236e-03 4.281457513570785522e-02 3.190518170595169067e-02 4.022124782204627991e-02 1.435294095426797867e-02 5.071192234754562378e-02 1.919101737439632416e-02 1.959325559437274933e-02 1.915865391492843628e-02 4.613696038722991943e-02 6.636238843202590942e-02 5.309163406491279602e-02 4.040595144033432007e-02 2.173504233360290527e-02 3.625707328319549561e-02 8.822422474622726440e-03 7.704865187406539917e-02 1.256057713180780411e-02 8.406854420900344849e-02 1.459569949656724930e-02 1.895682886242866516e-02 2.010734230279922485e-01 1.978865265846252441e-01 3.622449189424514771e-02 1.855041086673736572e-02 3.656174987554550171e-02 4.195123910903930664e-02 1.170373633503913879e-01 1.107782572507858276e-01 4.255500156432390213e-03 5.913211032748222351e-02 1.226284168660640717e-02 5.412926524877548218e-02 3.200915828347206116e-02 1.487364526838064194e-02 1.399519145488739014e-01 5.450158938765525818e-02 3.970671817660331726e-02 5.925396457314491272e-02 2.299822680652141571e-02 2.910122089087963104e-02 2.779779024422168732e-02 6.673786789178848267e-02 9.947602637112140656e-03 5.825230851769447327e-03 5.730922892689704895e-02 6.835721433162689209e-02 6.287942640483379364e-03 6.032073497772216797e-02 6.540086120367050171e-02 5.499949306249618530e-02 7.957898080348968506e-02 2.857541665434837341e-02 1.071383338421583176e-02 2.134711667895317078e-02 4.509993642568588257e-02 3.275224938988685608e-02
1.987227983772754669e-02 1.075491867959499359e-02 7.731733471155166626e-02 6.112303584814071655e-02 4.677983000874519348e-02 7.890541106462478638e-03 2.711792290210723877e-02 2.323956228792667389e-02 1.358505487442016602e-01 1.028739884495735168e-01 5.978285335004329681e-03 9.711161255836486816e-02 1.748993434011936188e-02 7.647491991519927979e-02 3.895896673202514648e-02 6.009374186396598816e-02 5.837577581405639648e-02 1.642802953720092773e-01 7.343199104070663452e-02 2.373277395963668823e-02 4.964331164956092834e-02 4.838829860091209412e-02 4.382565617561340332e-02 5.982428789138793945e-02 9.894761256873607635e-03 1.647757180035114288e-02 3.840395063161849976e-02 3.741978481411933899e-02 4.103174805641174316e-02 4.373316839337348938e-02 3.698110207915306091e-02 2.061611507087945938e-03 1.002448890358209610e-02 1.025586295872926712e-02 4.294958710670471191e-02 8.979141712188720703e-03 1.126514188945293427e-02 1.856674998998641968e-02 1.318587455898523331e-02 7.954034954309463501e-02 2.963444031774997711e-02 4.703185707330703735e-02 4.262397438287734985e-02 6.762070208787918091e-02 4.085822030901908875e-02 7.931836694478988647e-02 5.146353971213102341e-03 3.564943745732307434e-02 1.085589639842510223e-02 4.196800291538238525e-02 3.765071928501129150e-02 3.729654103517532349e-02 1.787330955266952515e-02 2.451476827263832092e-02 6.409067660570144653e-02 4.068987071514129639e-02 3.628749772906303406e-02 4.565414786338806152e-02 4.495248198509216309e-02 5.916207097470760345e-03 1.586770266294479370e-02 8.311697281897068024e-03 1.328789442777633667e-01 7.948449254035949707e-02 2.512360550463199615e-02 6.783276051282882690e-02 6.891826633363962173e-03 4.250321537256240845e-02 6.864196062088012695e-02 4.135756753385066986e-03 2.077251672744750977e-02 3.329943120479583740e-02 5.592158436775207520e-02 4.386981017887592316e-03 5.965467914938926697e-02 5.319523811340332031e-02 9.315556287765502930e-02 8.968832343816757202e-02 1.061346679925918579e-01 9.676989912986755371e-02 1.766681671142578125e-02 4.213063046336174011e-02 7.451823353767395020e-02 1.094016432762145996e-02 6.031939759850502014e-02 2.900620747823268175e-04 2.033218555152416229e-02 3.954155743122100830e-02 8.789414167404174805e-02 1.548185851424932480e-02 6.510378420352935791e-02 1.053859759122133255e-02 4.993535578250885010e-03 1.205018069595098495e-02 1.579010486602783203e-02 2.586205117404460907e-02 2.514766529202461243e-02 7.709661126136779785e-02 5.057318136096000671e-02 4.648209735751152039e-02 9.382239542901515961e-03 3.256712807342410088e-03 4.974286258220672607e-02 1.310598198324441910e-02 2.120849117636680603e-02 3.295941278338432312e-02 8.674443699419498444e-03 4.094484820961952209e-02 2.815940044820308685e-02 1.711766980588436127e-02 4.043498076498508453e-03 3.940147534012794495e-02 4.684828687459230423e-03 8.150086551904678345e-02 6.409128010272979736e-02 2.784398384392261505e-03
6.662826985120773315e-03 4.034743178635835648e-03 5.711258575320243835e-02 2.151842601597309113e-02 4.174295067787170410e-02 1.215864159166812897e-02 1.728285104036331177e-02 6.927486509084701538e-02 1.028739884495735168e-01 1.061122715473175049e-01 1.397474296391010284e-02 3.651429712772369385e-02 2.073665522038936615e-02 9.000385552644729614e-02 4.331598430871963501e-02 4.251218400895595551e-03 2.138852886855602264e-02 7.427124679088592529e-02 6.877726316452026367e-02 1.435208879411220551e-02 2.998440153896808624e-02 6.165102869272232056e-02 1.834530942142009735e-02 3.401680290699005127e-02 2.581283263862133026e-02 5.090722441673278809e-02 1.437720190733671188e-02 6.654642056673765182e-04 3.838265314698219299e-02 5.165618658065795898e-02 3.629141720011830330e-04 6.793700158596038818e-03 7.071024924516677856e-02 2.683256752789020538e-03 1.955343410372734070e-02 3.509770706295967102e-02 5.756637547165155411e-03 5.650501698255538940e-03 1.060014870017766953e-02 4.885894432663917542e-02 5.560855567455291748e-02 1.523697096854448318e-02 5.678870901465415955e-02 5.510406568646430969e-02 3.127253381535410881e-03 2.181157656013965607e-02 3.233022242784500122e-02 2.485168725252151489e-02 5.735487863421440125e-02 1.103534922003746033e-01 1.786633022129535675e-02 2.341673150658607483e-02 3.133435733616352081e-03 5.334065109491348267e-02 3.906486928462982178e-02 9.516543895006179810e-02 5.195306241512298584e-02 4.096525162458419800e-02 4.019050300121307373e-02 3.084525279700756073e-02 1.301453355699777603e-02 3.373069316148757935e-02 6.247633695602416992e-02 7.610743399709463120e-03 1.660981774330139160e-02 4.600083827972412109e-02 1.042315177619457245e-02 5.549530684947967529e-02 1.845242455601692200e-02 4.524908959865570068e-02 1.989258639514446259e-02 5.362584721297025681e-03 4.059773311018943787e-02 4.301271587610244751e-02 3.977395966649055481e-02 2.883139066398143768e-03 1.181450113654136658e-02 1.006957888603210449e-01 3.746581450104713440e-02 1.232736036181449890e-01 1.630071550607681274e-02 1.524403039366006851e-02 1.351434458047151566e-02 1.300350110977888107e-02 8.687542751431465149e-03 1.813714392483234406e-03 1.999029889702796936e-02 9.845823049545288086e-03 7.076241075992584229e-02 1.194436289370059967e-02 7.771126180887222290e-02 3.953249752521514893e-02 5.137062072753906250e-02 1.416876725852489471e-02 2.014333568513393402e-02 2.810678631067276001e-02 6.049707904458045959e-02 1.690687029622495174e-03 2.299356274306774139e-02 4.309399053454399109e-02 2.084919065237045288e-02 5.867724865674972534e-02 3.625182062387466431e-02 2.131514437496662140e-02 7.673429325222969055e-03 2.883594110608100891e-02 2.858617808669805527e-03 1.195944659411907196e-02 5.826131906360387802e-03 2.642822079360485077e-02 1.517140213400125504e-02 4.148128628730773926e-02 1.802258566021919250e-02 4.978046938776969910e-02 4.049926251173019409e-02 1.135994493961334229e-02
1.843893378973007202e-01 1.422805190086364746e-01 6.206633523106575012e-02 2.463727444410324097e-02 4.523262754082679749e-02 1.011177897453308105e-01 7.892563939094543457e-02 7.368730753660202026e-02 5.978285335004329681e-03 1.397474296391010284e-02 1.933290064334869385e-01 4.535970836877822876e-02 1.962402313947677612e-01 3.517331928014755249e-02 5.607964843511581421e-02 1.269248686730861664e-02 9.919843869283795357e-04 5.711921676993370056e-02 5.656782910227775574e-02 5.010616034269332886e-02 1.116739306598901749e-02 8.450215309858322144e-02 5.946431774646043777e-03 3.128779679536819458e-02 1.618849672377109528e-02 2.385525405406951904e-02 1.009464729577302933e-02 1.846590079367160797e-02 1.173334568738937378e-02 4.397906363010406494e-02 3.695211187005043030e-02 4.523597657680511475e-03 3.421036526560783386e-02 1.915515772998332977e-02 2.736878348514437675e-03 5.387010984122753143e-03 2.565165981650352478e-02 1.879869773983955383e-02 3.267318382859230042e-02 1.423242595046758652e-02 4.542689025402069092e-02 1.814708113670349121e-02 1.526462566107511520e-02 3.474455699324607849e-02 5.652316287159919739e-02 4.220915958285331726e-02 1.061672642827033997e-01 1.079981550574302673e-01 1.337756752036511898e-03 2.517362590879201889e-03 1.123900152742862701e-02 2.178119961172342300e-03 1.899124123156070709e-02 3.184280544519424438e-02 2.662452496588230133e-02 8.465043269097805023e-03 2.436016313731670380e-02 4.081420134752988815e-03 4.501356929540634155e-02 2.326419018208980560e-02 3.163397312164306641e-02 2.669808454811573029e-02 2.897040918469429016e-02 2.373366057872772217e-02 7.271151989698410034e-02 3.565162047743797302e-02 2.925549075007438660e-02 9.522881358861923218e-03 1.234027743339538574e-02 5.157919600605964661e-03 2.671109512448310852e-03 3.533438965678215027e-02 5.788405239582061768e-02 3.762437030673027039e-02 2.485037967562675476e-02 6.660155951976776123e-03 2.482755668461322784e-02 1.196261402219533920e-02 3.553192317485809326e-02 1.887915842235088348e-02 3.902821568772196770e-03 3.383688163012266159e-03 1.828934624791145325e-02 8.969387039542198181e-03 7.573241367936134338e-03 6.437684595584869385e-02 1.890148408710956573e-02 5.556041374802589417e-02 6.002269685268402100e-03 1.834020763635635376e-02 4.038512706756591797e-02 9.321673959493637085e-02 9.952539950609207153e-02 8.442175388336181641e-02 2.237519249320030212e-02 3.023305721580982208e-02 4.029074683785438538e-02 4.041502717882394791e-03 6.830101483501493931e-04 2.353265881538391113e-02 3.079079557210206985e-03 6.390274036675691605e-03 1.211755350232124329e-02 4.161561280488967896e-02 3.149922937154769897e-02 4.977194592356681824e-03 3.706675767898559570e-02 4.231737554073333740e-02 2.561221085488796234e-02 1.952810911461710930e-03 3.050719201564788818e-02 4.920971766114234924e-02 6.476894952356815338e-03 2.322565391659736633e-02 8.282160758972167969e-02 3.494425863027572632e-02
1.893178559839725494e-02 7.638011127710342407e-03 1.132730543613433838e-01 2.705227211117744446e-02 5.044510215520858765e-02 2.802677638828754425e-02 1.476035639643669128e-02 3.149135969579219818e-03 9.711161255836486816e-02 3.651429712772369385e-02 4.535970836877822876e-02 1.036316454410552979e-01 4.864084068685770035e-03 2.176293134689331055e-01 1.704747788608074188e-02 7.841383665800094604e-02 7.366591691970825195e-02 1.755965873599052429e-02 3.053910098969936371e-02 1.095017418265342712e-02 2.801954001188278198e-02 2.376401610672473907e-02 7.627640664577484131e-02 9.822438657283782959e-02 5.609384272247552872e-03 4.490874707698822021e-02 3.827219828963279724e-02 1.265656501054763794e-01 6.675974931567907333e-03 1.272058039903640747e-01 2.450138144195079803e-02 7.989445701241493225e-03 3.691565990447998047e-02 1.023157965391874313e-03 1.532022282481193542e-02 1.267714519053697586e-02 5.471427459269762039e-03 1.284667290747165680e-02 4.590867087244987488e-02 7.821828126907348633e-02 1.548397541046142578e-02 3.279235586524009705e-02 8.525516837835311890e-03 7.914877496659755707e-03 7.455497235059738159e-02 6.110137328505516052e-02 8.075917139649391174e-03 4.789602383971214294e-02 6.171048060059547424e-02 4.099426418542861938e-02 2.698013931512832642e-02 6.027116999030113220e-02 9.909470827551558614e-05 1.603100448846817017e-02 1.255509792827069759e-03 4.707474261522293091e-03 6.620099768042564392e-03 2.895459532737731934e-02 4.924114421010017395e-02 4.860826954245567322e-02 3.631213307380676270e-02 2.169481851160526276e-02 5.379037186503410339e-02 4.724339023232460022e-02 3.593056695535778999e-03 4.213732108473777771e-02 5.660993233323097229e-02 4.932458326220512390e-02 9.080027788877487183e-02 5.911845713853836060e-02 4.779000207781791687e-02 2.987831458449363708e-02 2.461952902376651764e-02 2.741470187902450562e-02 4.447310697287321091e-03 2.283501066267490387e-02 1.009616106748580933e-01 5.536577105522155762e-02 8.640968054533004761e-02 2.685786969959735870e-02 4.313011094927787781e-02 3.590427106246352196e-03 1.641869358718395233e-02 1.808405295014381409e-02 5.795251205563545227e-02 1.719036698341369629e-02 1.381603069603443146e-02 7.710013072937726974e-03 7.937955856323242188e-02 1.327681168913841248e-02 7.499101012945175171e-02 1.537828985601663589e-02 3.848314657807350159e-02 9.613941074348986149e-04 3.031255491077899933e-02 2.267277427017688751e-02 4.887053370475769043e-02 1.653315871953964233e-02 1.917388103902339935e-02 3.593007475137710571e-02 2.722104080021381378e-03 2.059154771268367767e-02 1.738991960883140564e-02 1.199702359735965729e-02 1.985250227153301239e-02 2.232703939080238342e-02 5.115664564073085785e-03 1.407674793154001236e-02 5.082490295171737671e-02 2.852499112486839294e-02 4.930752143263816833e-02 7.267308235168457031e-02 1.815908960998058319e-02 8.285617455840110779e-03 4.397647455334663391e-02 5.389099940657615662e-02
1.873916089534759521e-01 1.785869896411895752e-01 1.089579463005065918e-01 6.366541236639022827e-02 7.014718651771545410e-02 7.678863406181335449e-02 5.844830349087715149e-02 3.361567482352256775e-02 1.748993434011936188e-02 2.073665522038936615e-02 1.962402313947677612e-01 4.864084068685770035e-03 1.931288540363311768e-01 1.004643738269805908e-02 6.101361662149429321e-02 6.778338458389043808e-03 1.242459751665592194e-03 3.515381738543510437e-02 2.917383052408695221e-02 2.066169492900371552e-02 7.556951022706925869e-04 3.360341861844062805e-02 3.151851892471313477e-02 4.668670706450939178e-03 1.672951504588127136e-02 6.222772877663373947e-03 8.690522052347660065e-03 5.986781045794487000e-02 7.260274607688188553e-03 8.005794137716293335e-02 4.326419904828071594e-02 2.594414632767438889e-03 1.737027242779731750e-02 1.163348741829395294e-02 2.695675380527973175e-02 4.033886641263961792e-02 2.414324507117271423e-02 2.852100320160388947e-02 1.245672255754470825e-02 1.068113651126623154e-02 1.948429085314273834e-02 2.580112405121326447e-02 2.618224173784255981e-02 3.633134439587593079e-02 1.473974343389272690e-02 7.891312986612319946e-02 5.564723163843154907e-02 1.060086786746978760e-01 1.364235393702983856e-02 2.542321942746639252e-02 2.936939708888530731e-02 3.127284720540046692e-02 3.164047747850418091e-02 1.633196137845516205e-02 3.789458796381950378e-02 1.321269199252128601e-02 5.529804900288581848e-02 4.461349919438362122e-02 1.088413130491971970e-02 5.092874169349670410e-02 2.046349458396434784e-02 2.779786475002765656e-02 2.166927605867385864e-02 6.891966913826763630e-04 9.916790574789047241e-02 1.330308169126510620e-01 3.237701207399368286e-02 1.068860059604048729e-03 3.351136296987533569e-02 8.431807160377502441e-03 7.262862473726272583e-02 2.580461092293262482e-02 2.599973790347576141e-02 4.944630339741706848e-02 3.978997468948364258e-02 3.758950904011726379e-02 1.017941813915967941e-02 3.705031424760818481e-02 4.788955673575401306e-03 1.164568774402141571e-02 1.438587456941604614e-01 5.673348531126976013e-02 3.462851792573928833e-02 2.066106162965297699e-02 2.657346986234188080e-02 5.100824683904647827e-02 6.515194475650787354e-02 4.279194772243499756e-02 4.405306652188301086e-02 4.026225954294204712e-02 1.115134824067354202e-02 6.107634678483009338e-02 9.239140897989273071e-02 6.626284867525100708e-02 1.910220831632614136e-02 5.195114016532897949e-02 4.018378630280494690e-02 4.432225599884986877e-02 1.678986661136150360e-02 1.319283503107726574e-03 2.779388101771473885e-03 8.918439853005111217e-04 1.629153080284595490e-02 3.775076195597648621e-02 3.687804937362670898e-02 3.177106752991676331e-02 1.972717233002185822e-02 1.765725016593933105e-02 2.169924415647983551e-02 3.537632524967193604e-02 2.771226875483989716e-02 6.289073498919606209e-04 2.271174080669879913e-02 4.123394563794136047e-02 8.092107623815536499e-02 3.282375168055295944e-03
