1.134326756000518799e-01 1.737135946750640869e-01 4.189725592732429504e-02 5.615917220711708069e-02 3.292483277618885040e-03 8.840505033731460571e-02 5.280959606170654297e-02 5.170051380991935730e-02 3.853143006563186646e-02 4.993551969528198242e-02 7.492199540138244629e-02 4.869279637932777405e-02 6.537137180566787720e-02 4.052623733878135681e-02 5.523363873362541199e-02 1.879928447306156158e-02 1.862440258264541626e-02 2.142642624676227570e-02 8.882924914360046387e-02 8.683901280164718628e-02 3.085650689899921417e-02 5.750619247555732727e-02 2.212594635784626007e-02 8.623164147138595581e-03 2.872416935861110687e-02 3.464767709374427795e-02 1.443436276167631149e-02 4.824971780180931091e-02 4.684315249323844910e-02 3.968409821391105652e-02 5.372731760144233704e-02 1.693895831704139709e-02 1.804100908339023590e-02 1.629052497446537018e-02 1.018779259175062180e-02 3.362904861569404602e-02 3.401944041252136230e-02 4.255461320281028748e-02 4.384159296751022339e-02 5.548010021448135376e-02 2.499729953706264496e-02 7.309986278414726257e-03 5.799483507871627808e-02 3.301011398434638977e-02 4.743718355894088745e-02 6.372117251157760620e-02 5.331870168447494507e-02 6.877698749303817749e-02 1.089234650135040283e-02 4.831028357148170471e-02 1.893655396997928619e-02 1.718275435268878937e-02 1.710514724254608154e-02 5.009625852108001709e-02 1.042148098349571228e-02 2.808553911745548248e-02 2.826641686260700226e-02 1.532199792563915253e-02 5.357214063405990601e-02 1.263223495334386826e-02 2.217143587768077850e-02 6.284888088703155518e-02 5.311117856763303280e-04 5.471319705247879028e-02 3.160067275166511536e-02 2.725196070969104767e-02 4.626438021659851074e-02 4.415583983063697815e-02 2.674216590821743011e-02 9.458347922191023827e-04 6.560389697551727295e-02 7.399724423885345459e-02 3.796415776014328003e-02 4.355723038315773010e-02 7.305908016860485077e-03 2.588465064764022827e-02 8.345038630068302155e-03 2.217354776803404093e-04 3.961208835244178772e-02 3.777433186769485474e-02 2.775174565613269806e-02 2.233875356614589691e-02 8.281403034925460815e-02 4.213959351181983948e-02 5.318386480212211609e-02 4.347043111920356750e-02 1.027476135641336441e-02 9.663569740951061249e-03 2.194306068122386932e-02 2.902206778526306152e-02 8.839547634124755859e-03 2.116279490292072296e-02 5.295942351222038269e-02 2.158022113144397736e-02 1.406565308570861816e-02 4.606938362121582031e-02 3.715771809220314026e-02 2.108596079051494598e-02 4.257017746567726135e-02 4.174263030290603638e-02 8.447837829589843750e-02 8.313336223363876343e-02 2.016434632241725922e-02 4.802633076906204224e-02 2.183864638209342957e-02 6.100743636488914490e-02 2.715003862977027893e-02 3.766985610127449036e-02 3.837036341428756714e-02 1.521806884557008743e-02 2.320137619972229004e-02 6.639278493821620941e-03 2.049226313829421997e-02 9.955235570669174194e-02 5.123688280582427979e-02 1.031655147671699524e-01
1.737135946750640869e-01 1.006413400173187256e-01 3.347563743591308594e-02 7.569352537393569946e-02 5.862001329660415649e-03 3.729791939258575439e-02 2.109626121819019318e-02 4.370691254734992981e-03 4.854939505457878113e-02 3.855959698557853699e-02 4.786196723580360413e-02 2.994602546095848083e-03 5.879643559455871582e-02 3.776962868869304657e-03 6.866832077503204346e-02 1.786939240992069244e-02 9.777208790183067322e-03 2.753259614109992981e-02 8.203518390655517578e-02 1.620767265558242798e-01 1.530126668512821198e-02 5.528104305267333984e-02 2.699943259358406067e-02 2.009617164731025696e-04 3.704747930169105530e-02 1.510874135419726372e-03 8.025901392102241516e-03 4.078894853591918945e-02 2.546814829111099243e-02 1.829675585031509399e-02 4.275158792734146118e-02 5.338866263628005981e-02 1.927577704191207886e-02 2.300454676151275635e-02 1.858677156269550323e-02 4.503232240676879883e-02 2.009800821542739868e-02 8.669146895408630371e-02 2.950325375422835350e-03 4.968073964118957520e-02 7.336375117301940918e-02 7.695323228836059570e-02 1.159877236932516098e-02 2.560015767812728882e-02 7.856859266757965088e-02 4.235807061195373535e-02 4.054312128573656082e-03 2.663807757198810577e-02 2.903374098241329193e-02 6.880331318825483322e-03 1.728740520775318146e-02 2.232556231319904327e-02 1.963753439486026764e-02 4.565611016005277634e-03 3.188419342041015625e-02 1.564149744808673859e-02 5.855891481041908264e-02 4.966511204838752747e-02 5.900543183088302612e-02 2.132353559136390686e-02 4.544445872306823730e-02 7.632098346948623657e-02 2.430853061378002167e-02 7.090637087821960449e-02 2.335929498076438904e-02 2.948985248804092407e-02 6.879261881113052368e-02 7.113238796591758728e-03 4.632922634482383728e-02 5.152232479304075241e-03 3.039828315377235413e-02 5.173030868172645569e-02 3.088640421628952026e-02 2.926052734255790710e-02 1.388437952846288681e-02 3.435650840401649475e-02 2.788337320089340210e-02 7.153266668319702148e-02 3.917799890041351318e-02 8.087185211479663849e-03 7.230334915220737457e-03 1.904471777379512787e-02 5.915478616952896118e-02 7.677055150270462036e-02 7.439722865819931030e-02 2.221835777163505554e-02 9.887862019240856171e-03 7.775715738534927368e-02 6.148407980799674988e-02 4.100900609046220779e-03 3.718607127666473389e-02 1.134016364812850952e-02 4.863165318965911865e-02 5.582718923687934875e-02 5.824955925345420837e-02 3.792172670364379883e-02 8.012314327061176300e-03 4.389837384223937988e-02 2.419245056807994843e-02 4.019555822014808655e-02 9.254185855388641357e-02 5.262815207242965698e-02 3.131709247827529907e-02 5.307954177260398865e-02 5.396665632724761963e-02 7.969357818365097046e-02 9.210990369319915771e-02 6.041887775063514709e-02 2.333991974592208862e-02 3.698403088492341340e-05 2.586427330970764160e-02 2.143320068717002869e-02 2.115341648459434509e-02 1.004194840788841248e-02 3.654519096016883850e-02 2.356489375233650208e-02
4.189725592732429504e-02 3.347563743591308594e-02 1.247223615646362305e-01 1.296206098049879074e-02 7.268887944519519806e-03 1.316537335515022278e-02 2.067252434790134430e-02 3.066405653953552246e-01 1.391484402120113373e-02 3.371586650609970093e-02 3.782889246940612793e-02 7.475259155035018921e-02 1.605151593685150146e-02 6.048068031668663025e-02 1.554224640130996704e-03 4.658266552723944187e-04 4.629275947809219360e-02 1.216239482164382935e-02 3.484297543764114380e-02 3.597427904605865479e-02 7.550737261772155762e-02 4.356490820646286011e-02 4.842682927846908569e-02 1.044623553752899170e-02 3.060013754293322563e-03 4.162802360951900482e-03 4.184921830892562866e-02 5.853536725044250488e-02 7.362233847379684448e-02 3.871586546301841736e-02 3.378448635339736938e-02 1.105765253305435181e-01 5.764164403080940247e-02 8.630121499300003052e-02 1.220386847853660583e-02 6.078080087900161743e-02 3.598108887672424316e-02 9.999223053455352783e-03 9.027469903230667114e-03 2.087009325623512268e-02 6.368122249841690063e-02 7.524913549423217773e-02 7.691243290901184082e-02 1.928578019142150879e-01 7.793060969561338425e-03 1.801320724189281464e-02 2.706160070374608040e-03 8.155776187777519226e-03 1.097606029361486435e-02 3.584184497594833374e-02 6.565929204225540161e-02 5.712589249014854431e-02 5.106449127197265625e-02 6.421323120594024658e-02 3.199424594640731812e-02 3.403083980083465576e-02 3.840211406350135803e-02 3.035711869597434998e-02 1.494312938302755356e-02 7.804655469954013824e-03 2.031147480010986328e-03 2.740366198122501373e-02 7.491994183510541916e-03 6.817487627267837524e-02 5.839306861162185669e-02 3.722278401255607605e-02 4.589204490184783936e-02 6.214805319905281067e-02 3.235583379864692688e-02 2.135557122528553009e-02 9.250135160982608795e-03 4.526846110820770264e-02 2.242675051093101501e-02 1.215052790939807892e-02 1.205763593316078186e-02 1.128432154655456543e-02 2.219104208052158356e-02 2.116692252457141876e-02 2.325195260345935822e-02 6.259257346391677856e-02 1.550452858209609985e-01 6.343799084424972534e-02 4.691497981548309326e-02 2.945488691329956055e-02 5.959502235054969788e-02 5.249977484345436096e-02 1.268287096172571182e-02 1.035370677709579468e-02 4.205875843763351440e-02 1.640950795263051987e-03 3.591296076774597168e-02 2.490282990038394928e-02 1.610818319022655487e-02 1.720483601093292236e-02 7.385501265525817871e-02 1.988486386835575104e-02 4.641902819275856018e-02 5.393952131271362305e-03 6.194139644503593445e-02 7.084497809410095215e-02 4.183181747794151306e-02 6.910812575370073318e-03 6.534018367528915405e-02 1.277998927980661392e-02 9.167423122562468052e-04 5.168368667364120483e-02 1.734250411391258240e-02 4.698646068572998047e-02 5.113927647471427917e-02 2.069514058530330658e-02 6.286633014678955078e-02 1.231371890753507614e-02 1.439115777611732483e-02 2.866968326270580292e-02 9.977010078728199005e-03 7.566278427839279175e-02
5.615917220711708069e-02 7.569352537393569946e-02 1.296206098049879074e-02 1.361498236656188965e-01 1.100424602627754211e-01 4.615454748272895813e-02 6.164608523249626160e-03 1.742018945515155792e-02 8.568743243813514709e-03 4.179862886667251587e-02 1.148623228073120117e-02 3.815924748778343201e-02 1.682571507990360260e-02 5.237095430493354797e-02 1.395977754145860672e-02 7.696212828159332275e-02 4.721030220389366150e-02 3.912015631794929504e-02 6.234452873468399048e-02 6.541097909212112427e-02 1.613844186067581177e-02 5.133690685033798218e-02 5.108875781297683716e-02 8.526005595922470093e-02 2.768105454742908478e-02 6.600615102797746658e-03 3.254539100453257561e-03 1.597915217280387878e-02 4.674453660845756531e-02 6.265921145677566528e-02 9.420422837138175964e-03 3.436772525310516357e-02 4.203372821211814880e-02 1.062697079032659531e-02 9.806220419704914093e-03 4.991254583001136780e-02 4.408648610115051270e-02 8.748897910118103027e-02 4.483593627810478210e-02 5.980389192700386047e-02 2.711394801735877991e-02 6.628666073083877563e-03 5.927654355764389038e-02 6.991061568260192871e-02 9.623376280069351196e-02 7.709054648876190186e-02 1.843841187655925751e-02 2.141612395644187927e-02 2.632156386971473694e-02 5.050404742360115051e-02 2.047857083380222321e-02 2.025337889790534973e-02 5.466179922223091125e-02 2.893925085663795471e-02 1.513393013738095760e-03 5.786182009615004063e-04 3.386522829532623291e-02 9.568866342306137085e-02 7.137405127286911011e-02 6.258577108383178711e-02 1.741879060864448547e-02 5.321614071726799011e-02 1.549575291574001312e-02 4.015347361564636230e-02 1.985053904354572296e-02 3.331175772473216057e-03 3.521429374814033508e-02 6.505219638347625732e-02 7.570253312587738037e-02 3.369327262043952942e-02 4.989817738533020020e-02 3.823445178568363190e-03 1.205234378576278687e-01 1.710983552038669586e-02 5.557214468717575073e-02 4.824954643845558167e-02 3.771510347723960876e-02 1.947269216179847717e-02 1.779239997267723083e-02 1.796910725533962250e-02 5.570658668875694275e-02 4.227146878838539124e-02 9.302942454814910889e-02 2.770591713488101959e-02 2.316169999539852142e-02 1.042067538946866989e-02 5.116946995258331299e-02 4.039056971669197083e-02 6.987655907869338989e-02 7.737825810909271240e-02 7.566096261143684387e-03 3.801789833232760429e-03 5.784435197710990906e-03 4.409066215157508850e-02 2.861384488642215729e-02 2.514248155057430267e-02 8.666299399919807911e-04 2.545928582549095154e-02 5.677364021539688110e-02 9.063687175512313843e-03 5.916301161050796509e-02 5.267641693353652954e-02 3.386173024773597717e-02 5.158728919923305511e-03 3.758365288376808167e-02 5.579311773180961609e-02 6.696340441703796387e-02 5.096030980348587036e-02 8.905960246920585632e-03 5.383897572755813599e-02 8.552676998078823090e-03 1.261074561625719070e-02 4.022837057709693909e-02 1.085444446653127670e-02 2.539076842367649078e-02 2.305092103779315948e-02
3.292483277618885040e-03 5.862001329660415649e-03 7.268887944519519806e-03 1.100424602627754211e-01 1.091051697731018066e-01 2.970437332987785339e-02 1.128809619694948196e-02 1.023924909532070160e-02 3.587047383189201355e-02 1.710896193981170654e-02 3.618035838007926941e-02 6.934722419828176498e-03 4.786630719900131226e-02 3.495384752750396729e-02 4.291152209043502808e-02 1.272880565375089645e-02 1.661103032529354095e-02 1.379369664937257767e-02 6.300697475671768188e-02 3.078619018197059631e-02 2.449529431760311127e-02 6.097681447863578796e-02 2.114132791757583618e-02 1.107982639223337173e-02 9.736626408994197845e-03 9.684748016297817230e-03 5.120842531323432922e-02 6.323180347681045532e-02 6.196590140461921692e-02 7.176787406206130981e-02 1.487481291405856609e-03 3.832673828583210707e-04 2.845597453415393829e-02 1.261798199266195297e-02 2.035823464393615723e-02 3.241368383169174194e-02 3.470100834965705872e-02 3.611020278185606003e-03 2.685673907399177551e-02 1.293478310108184814e-01 4.961888119578361511e-02 3.352512791752815247e-02 5.423773825168609619e-02 1.459384057670831680e-02 7.658566534519195557e-02 6.090958043932914734e-02 2.049592323601245880e-02 1.027078134939074516e-03 2.776195853948593140e-02 7.504969090223312378e-02 2.864777483046054840e-02 6.601395551115274429e-03 1.965117640793323517e-02 3.978431224822998047e-02 4.788666218519210815e-02 2.832909859716892242e-02 1.442711520940065384e-02 4.085208848118782043e-02 2.165150642395019531e-02 2.363192662596702576e-02 1.961924880743026733e-02 1.023367326706647873e-02 1.076845545321702957e-02 9.879517601802945137e-04 3.561759367585182190e-02 3.273778781294822693e-02 1.880013197660446167e-02 2.219115756452083588e-02 2.330568991601467133e-02 4.333489760756492615e-02 4.694309458136558533e-02 4.504564404487609863e-02 6.662242114543914795e-02 4.983781371265649796e-03 1.491427421569824219e-01 4.917194694280624390e-02 3.091965056955814362e-02 4.144854843616485596e-02 2.324039302766323090e-02 2.977876365184783936e-02 4.008356109261512756e-02 1.512225158512592316e-02 9.045683592557907104e-02 1.216605305671691895e-01 5.527785792946815491e-02 6.394352018833160400e-02 1.944526284933090210e-02 4.454517364501953125e-02 3.708977997303009033e-02 7.877666503190994263e-02 2.732059452682733536e-03 1.524223294109106064e-02 2.159872837364673615e-02 3.019764786586165428e-03 5.684516951441764832e-02 2.278618700802326202e-02 3.631606325507164001e-02 1.522952225059270859e-02 2.803553082048892975e-02 2.997728763148188591e-03 6.650858372449874878e-02 5.765909701585769653e-02 5.188662558794021606e-02 1.228208001703023911e-02 5.971003323793411255e-02 3.581833094358444214e-02 2.024986967444419861e-02 3.705695969983935356e-03 7.127474993467330933e-02 7.093118969351053238e-03 5.339398607611656189e-02 5.202499777078628540e-02 1.610974408686161041e-02 3.155039250850677490e-02 4.593918099999427795e-02 5.311203375458717346e-02
8.840505033731460571e-02 3.729791939258575439e-02 1.316537335515022278e-02 4.615454748272895813e-02 2.970437332987785339e-02 1.476689726114273071e-01 1.999805122613906860e-01 1.846105442382395267e-03 3.146776184439659119e-02 4.135617986321449280e-03 8.185279369354248047e-02 6.949480623006820679e-02 1.224910989403724670e-01 9.849880635738372803e-02 1.765382103621959686e-02 6.274937838315963745e-02 3.361559659242630005e-02 7.788147777318954468e-03 6.080454215407371521e-03 9.881742153083905578e-05 5.967921391129493713e-02 4.751933738589286804e-02 2.395067922770977020e-02 4.544164985418319702e-02 5.848897621035575867e-02 3.841528296470642090e-02 4.609209299087524414e-02 4.276891704648733139e-03 4.361130669713020325e-02 7.580970413982868195e-04 4.312595992814749479e-04 4.796344786882400513e-02 5.911638494580984116e-03 5.403578281402587891e-02 3.221378428861498833e-03 8.266869932413101196e-03 3.852509334683418274e-02 4.337180405855178833e-02 3.167370334267616272e-02 9.265792556107044220e-03 1.889814622700214386e-02 2.606299147009849548e-02 1.802205108106136322e-02 4.513145983219146729e-02 4.738717898726463318e-02 1.681810989975929260e-02 1.310897022485733032e-01 9.484219551086425781e-02 3.805114328861236572e-02 6.861981749534606934e-02 6.419926881790161133e-03 6.078068912029266357e-02 2.503381296992301941e-02 2.536907978355884552e-02 1.500892080366611481e-02 3.645023331046104431e-02 1.241568475961685181e-02 1.334272325038909912e-02 1.831378415226936340e-02 2.896047197282314301e-02 2.250247169286012650e-03 2.083567716181278229e-02 3.966680914163589478e-02 4.342358931899070740e-02 4.204748198390007019e-03 3.738242760300636292e-02 2.495221979916095734e-02 5.617694184184074402e-02 5.662524327635765076e-02 2.408555895090103149e-02 1.844828948378562927e-02 2.893248759210109711e-02 1.931813545525074005e-02 4.359148070216178894e-02 4.382485151290893555e-02 3.647849662229418755e-03 2.269916236400604248e-02 1.351915951818227768e-02 1.252958318218588829e-03 3.258204460144042969e-02 1.314271241426467896e-02 1.304586604237556458e-02 3.112569078803062439e-02 3.484327346086502075e-02 1.876013539731502533e-02 2.387430332601070404e-02 3.683247137814760208e-03 2.312666177749633789e-02 2.436401508748531342e-02 4.087559133768081665e-02 2.717806398868560791e-02 1.259403023868799210e-02 1.420008111745119095e-02 1.957845315337181091e-02 7.544827647507190704e-03 3.092630766332149506e-02 5.526030063629150391e-02 1.622038334608078003e-02 2.031354978680610657e-02 3.491253778338432312e-02 4.280629381537437439e-02 4.292782861739397049e-03 2.804702706634998322e-02 4.496273770928382874e-02 2.843818441033363342e-02 5.393612012267112732e-02 4.188308864831924438e-02 2.411140501499176025e-02 3.287057043053209782e-04 3.767222911119461060e-02 4.447140172123908997e-02 7.219181861728429794e-03 2.435356145724654198e-04 6.010896340012550354e-02 1.151591390371322632e-01 3.645682707428932190e-02
5.280959606170654297e-02 2.109626121819019318e-02 2.067252434790134430e-02 6.164608523249626160e-03 1.128809619694948196e-02 1.999805122613906860e-01 1.883849948644638062e-01 8.917481638491153717e-03 1.201119180768728256e-02 1.010664831846952438e-02 9.801806509494781494e-02 5.126560851931571960e-02 1.214486286044120789e-01 6.954841315746307373e-02 2.937049232423305511e-02 5.674879997968673706e-02 2.053440175950527191e-02 1.231453847140073776e-02 1.634188182651996613e-02 8.895128034055233002e-03 2.401769347488880157e-02 2.343067154288291931e-02 3.692555427551269531e-02 3.457891196012496948e-02 1.255686394870281219e-02 9.147314121946692467e-04 1.468384638428688049e-02 4.534983262419700623e-02 2.897126134485006332e-03 3.771977871656417847e-02 3.975470364093780518e-02 4.147359728813171387e-02 2.652966603636741638e-02 2.057729475200176239e-02 1.562706381082534790e-02 1.433816086500883102e-02 3.538056835532188416e-02 1.457712985575199127e-02 5.907774344086647034e-02 3.617821261286735535e-02 1.675385795533657074e-02 3.606004640460014343e-02 3.966272994875907898e-02 3.448148444294929504e-02 4.427444189786911011e-02 7.555398624390363693e-03 1.445674002170562744e-01 1.462973952293395996e-01 1.238945592194795609e-02 5.802473053336143494e-02 1.811981201171875000e-02 4.260302707552909851e-02 1.374506950378417969e-02 4.634594544768333435e-02 2.805350348353385925e-02 1.783594489097595215e-02 5.323445051908493042e-02 8.338171057403087616e-03 1.678109355270862579e-02 7.150258868932723999e-03 2.932069636881351471e-02 1.712697185575962067e-02 6.747465580701828003e-02 8.396669290959835052e-03 5.967224948108196259e-03 4.326010495424270630e-02 7.800691761076450348e-03 7.955670356750488281e-03 4.389634728431701660e-02 9.715681895613670349e-03 4.181880038231611252e-03 2.415043115615844727e-02 4.979346878826618195e-03 2.826563315466046333e-03 2.732334472239017487e-02 2.286808565258979797e-03 1.891773007810115814e-02 5.121503025293350220e-02 3.289009630680084229e-02 1.291067060083150864e-02 3.966089710593223572e-02 5.951695144176483154e-02 4.109834507107734680e-02 2.764689177274703979e-02 8.370094932615756989e-03 3.989333286881446838e-03 1.587785221636295319e-02 2.369970828294754028e-02 1.957443915307521820e-02 5.487140640616416931e-02 6.321752816438674927e-02 6.515200436115264893e-02 7.058940082788467407e-02 7.890965789556503296e-02 4.247014410793781281e-03 6.481267046183347702e-03 1.372876577079296112e-02 6.038689054548740387e-03 3.744775429368019104e-02 8.236963185481727123e-04 4.514924064278602600e-02 2.920148707926273346e-02 3.685634210705757141e-02 2.118021063506603241e-02 1.924702525138854980e-02 4.021159186959266663e-02 4.168755933642387390e-02 1.521336007863283157e-02 2.989174239337444305e-02 3.993394598364830017e-02 3.425232321023941040e-02 3.401086106896400452e-02 4.805709421634674072e-02 9.306912310421466827e-03 8.571320772171020508e-02 6.991630047559738159e-02
5.170051380991935730e-02 4.370691254734992981e-03 3.066405653953552246e-01 1.742018945515155792e-02 1.023924909532070160e-02 1.846105442382395267e-03 8.917481638491153717e-03 1.480982452630996704e-01 2.419280819594860077e-02 2.512102015316486359e-03 2.295607142150402069e-02 3.647182881832122803e-02 4.939947277307510376e-02 1.744393445551395416e-02 1.304895877838134766e-01 1.866220729425549507e-03 3.519058972597122192e-02 4.128321539610624313e-03 3.732511831913143396e-04 2.727270685136318207e-02 2.804603800177574158e-02 4.189282655715942383e-02 1.525855436921119690e-02 1.255095191299915314e-02 3.987884894013404846e-02 1.108109299093484879e-02 4.652788862586021423e-02 4.250023514032363892e-02 2.008069679141044617e-02 5.506196618080139160e-02 4.120308440178632736e-03 7.882039994001388550e-02 2.029727213084697723e-02 1.350602880120277405e-02 2.776214107871055603e-02 7.328437268733978271e-02 1.603162474930286407e-02 8.167023770511150360e-03 6.833787262439727783e-02 1.510135363787412643e-02 9.288936853408813477e-02 6.541756738442927599e-05 6.184881553053855896e-02 1.590588837862014771e-01 3.529943153262138367e-02 4.928802326321601868e-02 1.485047023743391037e-02 1.353919971734285355e-03 2.420180663466453552e-02 5.134352296590805054e-02 8.404682576656341553e-02 7.159901410341262817e-02 1.210060529410839081e-02 6.669402867555618286e-02 2.392705343663692474e-02 2.141156792640686035e-02 1.707689091563224792e-02 7.778810337185859680e-03 2.235149964690208435e-02 4.532171785831451416e-02 3.690661117434501648e-02 1.259665377438068390e-02 3.483268991112709045e-02 1.610828749835491180e-02 4.918873310089111328e-02 3.836846910417079926e-03 4.932899773120880127e-02 1.483294181525707245e-02 1.444082707166671753e-02 3.001419827342033386e-03 3.232768923044204712e-02 1.634110696613788605e-02 4.145121667534112930e-03 7.410834543406963348e-03 2.042782492935657501e-03 3.431963920593261719e-02 1.731939055025577545e-02 1.137300301343202591e-02 1.779907196760177612e-02 5.153247341513633728e-02 2.268189489841461182e-01 3.439363464713096619e-02 1.358009595423936844e-02 2.934907749295234680e-02 4.642781242728233337e-02 1.889793784357607365e-03 1.066072732210159302e-01 7.845368981361389160e-02 4.981600679457187653e-03 4.629062023013830185e-04 6.299522519111633301e-02 2.268474735319614410e-02 2.497703954577445984e-02 3.406774625182151794e-02 6.927087088115513325e-04 7.390417158603668213e-02 4.564279224723577499e-03 3.192949667572975159e-02 2.311647869646549225e-02 1.715410500764846802e-02 2.926905825734138489e-02 2.125128172338008881e-02 3.379772230982780457e-02 4.845201224088668823e-02 5.446819588541984558e-02 3.608460538089275360e-03 8.329086005687713623e-03 1.087647210806608200e-02 5.864048004150390625e-02 1.841849274933338165e-02 5.300996080040931702e-02 6.379951536655426025e-02 6.703313440084457397e-02 1.688368245959281921e-02 5.433280766010284424e-02 3.058379143476486206e-02
3.853143006563186646e-02 4.854939505457878113e-02 1.391484402120113373e-02 8.568743243813514709e-03 3.587047383189201355e-02 3.146776184439659119e-02 1.201119180768728256e-02 2.419280819594860077e-02 1.332137882709503174e-01 5.469649285078048706e-02 7.205089088529348373e-03 2.660383237525820732e-03 3.769511356949806213e-02 2.965075522661209106e-02 2.919918857514858246e-02 5.461111292243003845e-02 1.450474932789802551e-02 7.260472327470779419e-02 1.951120421290397644e-02 2.524114027619361877e-02 1.326488424092531204e-02 3.894402831792831421e-02 7.093197107315063477e-02 4.504852741956710815e-02 2.243066951632499695e-02 1.459426525980234146e-02 3.323913365602493286e-02 1.195465493947267532e-02 1.976082846522331238e-02 5.613726004958152771e-02 9.085295721888542175e-03 1.810102164745330811e-02 8.394038304686546326e-03 5.127622187137603760e-02 3.585687652230262756e-02 2.295025251805782318e-02 4.228577390313148499e-02 2.766550332307815552e-02 1.969353668391704559e-02 3.897704556584358215e-02 8.208218961954116821e-02 8.187550120055675507e-03 1.041195262223482132e-02 4.925747588276863098e-02 4.716667532920837402e-02 9.721233509480953217e-03 1.173968520015478134e-02 1.858199201524257660e-02 5.837736651301383972e-02 3.248604387044906616e-02 2.815284393727779388e-02 7.360977586358785629e-03 3.509053960442543030e-02 4.851654917001724243e-02 8.755755424499511719e-02 3.897233679890632629e-02 7.056273519992828369e-02 4.618950933218002319e-02 2.805506251752376556e-02 4.858279228210449219e-02 1.715872623026371002e-02 3.149178251624107361e-02 3.359098732471466064e-02 2.224991470575332642e-02 2.355745434761047363e-02 3.049221634864807129e-02 4.453383386135101318e-02 5.686024203896522522e-02 5.826468765735626221e-02 5.368768796324729919e-02 3.100532852113246918e-02 1.836430653929710388e-02 3.373636677861213684e-02 4.665866959840059280e-03 2.289290539920330048e-02 2.478566206991672516e-02 1.075396761298179626e-01 5.994523526169359684e-04 8.847454190254211426e-02 6.000890582799911499e-02 4.316303506493568420e-02 3.311941772699356079e-02 5.099789425730705261e-02 9.087559767067432404e-03 2.991567552089691162e-02 3.523848578333854675e-02 2.062658406794071198e-02 5.102878436446189880e-02 2.166220173239707947e-02 6.250647455453872681e-02 1.444927044212818146e-02 7.449519634246826172e-02 2.684983238577842712e-02 3.403352573513984680e-02 6.452027708292007446e-02 8.937805145978927612e-02 5.892884731292724609e-02 7.287765294313430786e-02 5.959759466350078583e-03 5.085844546556472778e-02 1.914853975176811218e-02 1.413512043654918671e-02 1.406589988619089127e-02 8.043739013373851776e-03 1.668148487806320190e-02 1.203146530315279961e-03 1.723642461001873016e-03 4.916702583432197571e-02 7.640038430690765381e-02 5.274062976241111755e-02 2.353936061263084412e-02 3.643401339650154114e-02 1.129348017275333405e-02 3.190041705965995789e-02 7.891718298196792603e-02 2.797582000494003296e-02
4.993551969528198242e-02 3.855959698557853699e-02 3.371586650609970093e-02 4.179862886667251587e-02 1.710896193981170654e-02 4.135617986321449280e-03 1.010664831846952438e-02 2.512102015316486359e-03 5.469649285078048706e-02 1.259996742010116577e-01 2.201147004961967468e-02 6.386943906545639038e-02 1.608938351273536682e-02 5.030932649970054626e-02 9.585028514266014099e-03 1.609575119800865650e-03 4.379723104648292065e-04 7.625198457390069962e-03 1.211501434445381165e-01 2.743536420166492462e-02 2.471721731126308441e-02 1.020954176783561707e-02 8.486857265233993530e-02 1.972382189705967903e-03 4.289979487657546997e-02 6.880202144384384155e-02 5.265346542000770569e-02 5.408414173871278763e-03 5.793792009353637695e-02 2.808760665357112885e-02 1.103548891842365265e-02 4.030231758952140808e-02 5.949484556913375854e-02 5.503126978874206543e-02 3.549290448427200317e-02 1.037477236241102219e-02 5.550111830234527588e-02 1.482753921300172806e-02 2.452025935053825378e-02 1.992481411434710026e-04 2.294844202697277069e-02 2.544427663087844849e-02 1.679851487278938293e-02 4.076864942908287048e-02 4.563443735241889954e-02 5.363938212394714355e-02 3.056317334994673729e-03 4.436841979622840881e-02 3.198647499084472656e-02 6.565336138010025024e-02 2.592045068740844727e-02 7.345698028802871704e-02 4.665102064609527588e-02 6.413085758686065674e-02 3.454680740833282471e-02 1.062654182314872742e-01 2.552114240825176239e-02 2.340549789369106293e-02 6.413913518190383911e-02 5.570560321211814880e-02 1.965089701116085052e-02 1.002741456031799316e-01 3.131377696990966797e-02 9.135710075497627258e-03 5.333610996603965759e-02 5.199121683835983276e-02 4.522792994976043701e-03 1.599940704181790352e-03 6.244369968771934509e-02 6.622485816478729248e-02 1.319301966577768326e-02 1.421859953552484512e-02 2.259371615946292877e-02 3.653580695390701294e-02 5.551420152187347412e-02 2.354231476783752441e-02 4.927750676870346069e-02 7.890368252992630005e-02 2.123827673494815826e-02 1.081446334719657898e-01 3.199842199683189392e-02 6.560570746660232544e-02 6.037379428744316101e-02 5.475565418601036072e-02 1.408184529282152653e-03 9.427017718553543091e-02 6.347384303808212280e-02 5.538158863782882690e-02 3.759378194808959961e-02 3.011297062039375305e-02 8.772934786975383759e-03 1.365948095917701721e-02 1.146107912063598633e-02 3.575432300567626953e-02 4.656709730625152588e-02 9.349647164344787598e-02 2.824334241449832916e-02 2.535388059914112091e-02 3.800255246460437775e-03 2.294480241835117340e-02 2.278077602386474609e-02 4.317995533347129822e-02 9.097750484943389893e-02 4.609748721122741699e-02 1.484603807330131531e-02 4.846795275807380676e-02 2.762141451239585876e-02 1.340090576559305191e-02 5.758758261799812317e-02 1.868185214698314667e-02 4.108108952641487122e-02 5.407417938113212585e-02 5.581180099397897720e-03 2.183548361063003540e-02 2.259813435375690460e-02 1.227508485317230225e-02
7.492199540138244629e-02 4.786196723580360413e-02 3.782889246940612793e-02 1.148623228073120117e-02 3.618035838007926941e-02 8.185279369354248047e-02 9.801806509494781494e-02 2.295607142150402069e-02 7.205089088529348373e-03 2.201147004961967468e-02 1.659431755542755127e-01 2.563870511949062347e-02 1.185710653662681580e-01 1.748672872781753540e-02 3.814518824219703674e-02 3.738524625077843666e-03 1.978276669979095459e-02 2.682372182607650757e-02 1.801677606999874115e-02 2.377344481647014618e-02 8.244452066719532013e-03 5.474025383591651917e-02 4.927148576825857162e-03 1.097733341157436371e-02 8.314422331750392914e-03 4.580245353281497955e-03 6.563051044940948486e-02 1.065235026180744171e-02 1.668446138501167297e-02 5.020875111222267151e-02 4.022061824798583984e-02 2.527812030166387558e-03 3.274229541420936584e-02 1.273542363196611404e-02 6.388811394572257996e-03 9.070632047951221466e-03 2.173467911779880524e-02 5.971061065793037415e-02 2.492923056706786156e-03 3.490375820547342300e-03 3.658000379800796509e-03 3.800162300467491150e-02 4.905262961983680725e-02 1.432608161121606827e-02 3.772209584712982178e-02 3.876009956002235413e-02 1.119967028498649597e-01 6.211277842521667480e-02 2.503808960318565369e-02 5.969067662954330444e-02 4.629361908882856369e-03 6.586194504052400589e-03 9.636919014155864716e-03 6.324215978384017944e-02 2.024377882480621338e-02 3.294705599546432495e-02 3.420897945761680603e-02 6.456599105149507523e-03 1.819503679871559143e-02 3.159306943416595459e-02 4.696210473775863647e-02 3.850647434592247009e-02 1.172378659248352051e-02 9.405843913555145264e-03 8.811111748218536377e-02 7.865560799837112427e-02 1.838517747819423676e-02 6.661096122115850449e-03 2.093964815139770508e-02 5.113445967435836792e-02 3.611460328102111816e-02 2.537363767623901367e-02 2.878937311470508575e-02 3.158770874142646790e-02 2.047153376042842865e-02 3.087294846773147583e-02 1.152561325579881668e-02 1.449518650770187378e-02 7.590966671705245972e-02 3.141759335994720459e-02 3.389592468738555908e-02 4.947849735617637634e-02 2.835539355874061584e-02 2.583114616572856903e-02 2.224786765873432159e-02 6.389645277522504330e-04 4.429532214999198914e-02 2.409833483397960663e-02 3.673890605568885803e-02 2.070891298353672028e-02 5.762668326497077942e-02 8.825165033340454102e-02 4.641697183251380920e-02 1.122647803276777267e-02 2.072374336421489716e-03 4.196300730109214783e-02 2.844650112092494965e-02 2.042296901345252991e-02 1.844630017876625061e-02 5.981406662613153458e-03 9.927025064826011658e-03 4.139152914285659790e-02 3.103014267981052399e-02 6.082465127110481262e-02 1.898505166172981262e-02 4.826388135552406311e-02 2.487241849303245544e-02 3.869061544537544250e-02 3.749265149235725403e-02 3.233511745929718018e-02 6.972505361773073673e-04 5.004885792732238770e-02 6.650244351476430893e-03 5.450901016592979431e-02 6.722421944141387939e-02 8.643391728401184082e-02
4.869279637932777405e-02 2.994602546095848083e-03 7.475259155035018921e-02 3.815924748778343201e-02 6.934722419828176498e-03 6.949480623006820679e-02 5.126560851931571960e-02 3.647182881832122803e-02 2.660383237525820732e-03 6.386943906545639038e-02 2.563870511949062347e-02 1.410709619522094727e-01 3.842066274955868721e-03 2.554156482219696045e-01 3.562091616913676262e-03 3.857731074094772339e-02 8.113796822726726532e-03 7.854247093200683594e-02 1.351387947797775269e-01 5.510828923434019089e-03 1.929329521954059601e-02 4.702340345829725266e-03 2.345479652285575867e-02 1.694123446941375732e-02 1.122733205556869507e-02 4.932226985692977905e-02 1.197710074484348297e-02 1.589813530445098877e-01 1.691919378936290741e-02 1.402706652879714966e-01 4.590922966599464417e-02 2.591927163302898407e-02 4.021064378321170807e-03 2.553908340632915497e-02 3.638101741671562195e-02 4.141534119844436646e-02 2.728200890123844147e-02 2.769530937075614929e-02 5.585635825991630554e-02 2.547281049191951752e-02 4.971421509981155396e-02 4.897466395050287247e-03 4.701859503984451294e-02 1.051537040621042252e-02 3.564419597387313843e-02 2.379387617111206055e-02 5.890699476003646851e-02 5.823564529418945312e-02 6.239639595150947571e-02 6.086745113134384155e-02 3.898850828409194946e-02 1.749153435230255127e-02 7.014442235231399536e-03 1.835180446505546570e-02 6.313280761241912842e-02 1.717977412045001984e-02 4.969589784741401672e-02 5.015377886593341827e-03 2.854135818779468536e-02 1.828714832663536072e-02 5.081588029861450195e-02 7.054489105939865112e-02 2.183071896433830261e-02 4.832881689071655273e-02 3.886193782091140747e-02 9.566917084157466888e-03 2.605834230780601501e-02 1.345860119909048080e-02 1.797282136976718903e-02 4.839981719851493835e-02 1.348591502755880356e-02 8.574903942644596100e-03 2.112609334290027618e-03 7.922425866127014160e-03 4.792371019721031189e-02 1.926965825259685516e-02 7.207594811916351318e-02 2.261057868599891663e-02 2.764990925788879395e-02 7.894796878099441528e-02 2.019483968615531921e-02 1.189897768199443817e-02 4.037528485059738159e-02 3.482024744153022766e-02 4.202998802065849304e-02 2.000441588461399078e-02 1.624287804588675499e-03 4.728409927338361740e-03 6.113033741712570190e-02 3.187402337789535522e-02 2.067901194095611572e-02 4.498289525508880615e-02 3.869101405143737793e-02 3.799534961581230164e-02 3.163525834679603577e-02 1.151643460616469383e-03 2.639512903988361359e-02 1.585010066628456116e-02 1.737979799509048462e-02 5.517950281500816345e-03 5.816791206598281860e-03 2.108079940080642700e-02 2.262032218277454376e-02 5.305083841085433960e-02 6.651275604963302612e-02 7.102937251329421997e-02 8.338147308677434921e-04 2.532594464719295502e-02 4.965510591864585876e-02 9.649465233087539673e-02 2.452939748764038086e-02 4.694928973913192749e-02 2.041566185653209686e-02 2.136527933180332184e-02 1.289690192788839340e-02 1.538199838250875473e-02
6.537137180566787720e-02 5.879643559455871582e-02 1.605151593685150146e-02 1.682571507990360260e-02 4.786630719900131226e-02 1.224910989403724670e-01 1.214486286044120789e-01 4.939947277307510376e-02 3.769511356949806213e-02 1.608938351273536682e-02 1.185710653662681580e-01 3.842066274955868721e-03 1.549023240804672241e-01 1.194209232926368713e-02 7.811396569013595581e-02 2.638548379763960838e-03 4.604634828865528107e-03 1.349939778447151184e-02 1.072185859084129333e-02 8.432742208242416382e-03 3.097534365952014923e-02 5.024977028369903564e-02 3.439016640186309814e-02 4.610991850495338440e-02 2.187989093363285065e-02 3.821719437837600708e-02 7.494562119245529175e-02 7.043845951557159424e-03 2.637861110270023346e-02 1.520968321710824966e-02 2.656239084899425507e-02 4.574077203869819641e-02 6.949243135750293732e-03 1.811040565371513367e-02 3.502511233091354370e-02 3.290413692593574524e-02 3.061551786959171295e-02 6.970148533582687378e-02 5.916062742471694946e-02 1.626472920179367065e-02 5.091316625475883484e-02 2.421101089566946030e-03 2.788002975285053253e-02 7.244075834751129150e-02 2.250807918608188629e-02 3.281478211283683777e-02 8.194954693317413330e-02 6.747958064079284668e-02 5.240655038505792618e-03 5.599015951156616211e-02 7.715568877756595612e-03 1.612876728177070618e-02 3.634311491623520851e-03 5.474067479372024536e-02 1.963819190859794617e-02 2.634776383638381958e-02 4.859415441751480103e-02 4.593670368194580078e-02 9.302527643740177155e-03 3.508327528834342957e-02 3.771769255399703979e-02 3.604019060730934143e-02 3.579331561923027039e-02 4.189183190464973450e-02 4.834427312016487122e-02 6.386258453130722046e-02 1.537287421524524689e-02 1.646681502461433411e-02 1.445538364350795746e-02 2.898354083299636841e-02 1.387745607644319534e-02 4.640212655067443848e-02 5.249621346592903137e-03 5.805356428027153015e-02 5.114466417580842972e-03 1.695584505796432495e-02 5.455331876873970032e-02 1.116173574700951576e-03 4.089940339326858521e-02 7.123347837477922440e-03 4.551505669951438904e-02 5.631140619516372681e-02 1.147936657071113586e-02 2.796072885394096375e-02 3.364227712154388428e-02 4.400824010372161865e-02 6.752880662679672241e-02 7.782807201147079468e-02 8.324158377945423126e-03 1.000001188367605209e-02 6.578909233212471008e-03 8.206841349601745605e-02 8.315634913742542267e-03 3.994083777070045471e-02 3.201580420136451721e-02 8.288222015835344791e-04 2.060447819530963898e-03 1.445327233523130417e-02 4.839517176151275635e-02 5.575664341449737549e-03 1.913452707231044769e-02 1.578470878303050995e-02 3.557238355278968811e-02 1.855406351387500763e-02 2.044865675270557404e-02 1.532664289698004723e-03 2.761920541524887085e-02 3.015269711613655090e-02 3.927191346883773804e-02 4.351951181888580322e-02 2.041780948638916016e-02 1.765542849898338318e-02 1.297308597713708878e-02 4.767276719212532043e-02 2.661455795168876648e-02 7.199934124946594238e-02
