1.044416707009077072e-02 4.683912917971611023e-02 2.445918135344982147e-02 2.664918266236782074e-02 1.804028265178203583e-02 1.283622980117797852e-01 1.696056872606277466e-02 4.875066503882408142e-02 2.974960207939147949e-02 2.670271322131156921e-02 1.548700630664825439e-01 5.130502209067344666e-02 9.483852237462997437e-02 3.066579997539520264e-02 3.283725678920745850e-02 2.724757045507431030e-02 2.281799353659152985e-02 4.354384541511535645e-02 1.173731754533946514e-03 1.007269881665706635e-02 5.566949024796485901e-02 3.303989395499229431e-02 1.039242930710315704e-02 4.127826169133186340e-02 5.561300739645957947e-02 3.016871586441993713e-02 8.040216751396656036e-03 1.247932016849517822e-02 3.522465378046035767e-02 8.329141885042190552e-03 4.221036657691001892e-02 3.344062343239784241e-02 1.601776666939258575e-02 4.375693947076797485e-02 4.588807746767997742e-02 1.277514360845088959e-02 1.232075784355401993e-02 2.113965898752212524e-02 5.586083978414535522e-03 4.983139410614967346e-02 5.417876411229372025e-03 1.380789652466773987e-02 4.089875891804695129e-02 1.990148983895778656e-02 8.256060630083084106e-02 2.895556204020977020e-02 1.010520085692405701e-01 3.403970599174499512e-02 1.442995388060808182e-02 3.542742505669593811e-02 2.679452486336231232e-02 5.786699056625366211e-02 2.587227709591388702e-02 3.023339062929153442e-02 3.074153326451778412e-02 1.091708149760961533e-02 3.411253169178962708e-02 4.226619750261306763e-02 2.026476338505744934e-02 3.389664366841316223e-02 1.372815854847431183e-02 2.243407769128680229e-03 1.002063043415546417e-02 7.580205798149108887e-03 2.493830025196075439e-02 1.044456735253334045e-01 2.525778301060199738e-02 4.042856395244598389e-03 2.712585031986236572e-02 5.881176143884658813e-02 2.126218983903527260e-03 2.787806466221809387e-02 9.352049790322780609e-03 1.517872791737318039e-02 1.424449402838945389e-02 1.289721857756376266e-02 7.925648987293243408e-02 1.551722874864935875e-03 1.125412341207265854e-02 4.322176054120063782e-02 2.818608190864324570e-03 4.178198799490928650e-02 4.424453154206275940e-02 6.266283988952636719e-02 4.982400685548782349e-02 3.183856979012489319e-02 7.490468025207519531e-02 1.291503943502902985e-02 4.696804285049438477e-02 2.317635715007781982e-02 4.321863129734992981e-02 8.918769657611846924e-03 5.312777310609817505e-02 5.345598235726356506e-02 4.338476806879043579e-02 5.516737326979637146e-02 2.117141708731651306e-02 1.000778470188379288e-02 4.857102409005165100e-02 1.699564233422279358e-02 4.860982298851013184e-02 9.280756115913391113e-02 6.658791750669479370e-02 1.492986734956502914e-02 2.199553855461999774e-04 8.785215765237808228e-02 3.482633456587791443e-02 1.198988780379295349e-02 3.251720592379570007e-02 5.903201643377542496e-03 2.623343281447887421e-02 1.937505602836608887e-02 3.718761727213859558e-03 5.780844390392303467e-02 1.047890353947877884e-02 3.990569710731506348e-02
4.683912917971611023e-02 1.034873444586992264e-02 8.381510153412818909e-03 5.014162883162498474e-02 3.564656898379325867e-02 4.368047043681144714e-02 7.259294390678405762e-02 3.787761181592941284e-02 1.746358722448348999e-02 2.039923332631587982e-02 2.391942031681537628e-02 2.779311500489711761e-02 1.078884825110435486e-01 1.119795367121696472e-01 2.071737125515937805e-02 2.303692325949668884e-02 5.225634202361106873e-02 3.154517710208892822e-02 2.880899235606193542e-02 4.402080178260803223e-02 8.371288329362869263e-02 3.856465220451354980e-02 4.089613258838653564e-02 2.884322311729192734e-04 4.535490646958351135e-03 1.000061538070440292e-02 4.005739092826843262e-02 4.552863072603940964e-03 3.179848939180374146e-02 5.805661529302597046e-02 4.674727842211723328e-02 1.632969453930854797e-02 6.373360008001327515e-02 4.446169827133417130e-03 2.741861343383789062e-02 1.574277505278587341e-02 4.358962178230285645e-02 1.666979119181632996e-02 5.249376967549324036e-02 1.090463157743215561e-02 4.127919673919677734e-02 2.944396995007991791e-02 3.059903159737586975e-02 3.585996478796005249e-02 6.512776017189025879e-02 1.557155232876539230e-02 5.025242641568183899e-02 2.717980369925498962e-02 1.752585917711257935e-02 1.956925354897975922e-02 2.801724709570407867e-02 4.330832138657569885e-02 3.424484282732009888e-02 1.579245179891586304e-02 2.575279399752616882e-02 1.714626885950565338e-02 4.519612714648246765e-02 2.469436638057231903e-02 2.800556086003780365e-02 8.672560006380081177e-02 6.403101980686187744e-02 4.768514260649681091e-02 3.506629914045333862e-02 3.742315620183944702e-02 1.300376094877719879e-02 8.890986442565917969e-02 1.886315830051898956e-02 4.876698181033134460e-02 2.501237578690052032e-02 3.850515931844711304e-02 3.486659377813339233e-02 5.256687290966510773e-03 4.922303929924964905e-02 1.842192560434341431e-02 6.637042760848999023e-02 2.355768665438517928e-04 6.767004728317260742e-03 5.447256565093994141e-02 4.106298834085464478e-02 3.195077180862426758e-02 7.135220617055892944e-02 5.400304868817329407e-02 1.668803743086755276e-03 2.266637980937957764e-02 1.536639966070652008e-02 4.785419441759586334e-03 2.218547835946083069e-02 2.257921360433101654e-02 2.596711181104183197e-02 7.282853126525878906e-03 4.829515889286994934e-02 7.722355425357818604e-03 1.836260408163070679e-02 7.014035433530807495e-02 4.171522334218025208e-02 6.553641706705093384e-02 1.201335061341524124e-02 4.065803065896034241e-02 3.643274307250976562e-02 1.612147316336631775e-02 1.924197934567928314e-02 1.097872667014598846e-02 4.795617982745170593e-02 1.929435692727565765e-02 1.242124754935503006e-02 1.482078153640031815e-02 4.523856099694967270e-03 2.916520275175571442e-02 3.297458961606025696e-02 4.276449605822563171e-02 1.831490732729434967e-02 6.672732066363096237e-03 3.307618573307991028e-02 2.143887244164943695e-02 7.919675670564174652e-03 6.392761319875717163e-02
2.445918135344982147e-02 8.381510153412818909e-03 8.591233193874359131e-02 2.710944972932338715e-03 9.169989079236984253e-02 8.562580682337284088e-03 1.233282312750816345e-02 3.008174300193786621e-01 7.269156724214553833e-02 1.688102446496486664e-02 1.176600065082311630e-02 2.638152614235877991e-02 1.949286460876464844e-02 6.308764219284057617e-02 6.773184239864349365e-02 6.005693227052688599e-02 3.883045539259910583e-02 9.587147086858749390e-02 2.198872901499271393e-02 2.280331961810588837e-02 3.825811669230461121e-02 6.044874712824821472e-02 6.187247484922409058e-02 1.086731180548667908e-01 4.041348397731781006e-02 6.094317417591810226e-03 3.018049709498882294e-02 6.182767916470766068e-03 4.469466209411621094e-02 2.608206868171691895e-02 7.550243288278579712e-03 3.616715222597122192e-02 8.368013799190521240e-02 1.556811574846506119e-02 3.221032395958900452e-02 1.255415752530097961e-02 2.709472551941871643e-02 3.759853774681687355e-03 9.246196597814559937e-03 7.853761315345764160e-03 4.368586465716362000e-02 1.206829305738210678e-02 3.206033632159233093e-02 2.197963371872901917e-02 8.440243452787399292e-02 2.387898042798042297e-02 4.943780228495597839e-02 6.098513305187225342e-02 1.995140127837657928e-02 2.571080625057220459e-02 5.220881663262844086e-03 2.046514675021171570e-02 8.867649734020233154e-02 3.610535711050033569e-02 7.610403001308441162e-02 5.020108819007873535e-02 3.012538142502307892e-02 3.589368611574172974e-02 1.062921732664108276e-01 3.174222633242607117e-02 4.701354075223207474e-03 1.750599220395088196e-02 1.247263047844171524e-02 2.516644820570945740e-02 4.658684507012367249e-02 1.048146560788154602e-02 5.090174265205860138e-03 3.154539316892623901e-02 1.385341025888919830e-02 3.833501785993576050e-02 2.185149118304252625e-02 1.240223273634910583e-02 1.018337905406951904e-03 5.155141279101371765e-02 5.872426927089691162e-02 6.254462152719497681e-02 1.061202213168144226e-02 2.974196104332804680e-03 4.558495711535215378e-03 9.663982689380645752e-02 1.415200233459472656e-01 6.137483287602663040e-03 2.656733803451061249e-02 1.540853292681276798e-03 9.164103306829929352e-03 2.194969216361641884e-03 1.088000535964965820e-01 4.804426804184913635e-02 5.627524107694625854e-02 4.049306362867355347e-02 9.662366472184658051e-03 3.869384154677391052e-02 3.761136904358863831e-02 1.005118712782859802e-02 7.551886141300201416e-03 1.868622004985809326e-02 2.295669540762901306e-02 2.468350157141685486e-02 4.457384720444679260e-02 4.579600412398576736e-03 4.043502360582351685e-02 2.343274280428886414e-02 4.018371179699897766e-02 2.944020926952362061e-02 1.329037453979253769e-02 2.577319042757153511e-03 3.301856573671102524e-03 6.983238458633422852e-02 2.782302722334861755e-02 1.434656418859958649e-02 4.600145295262336731e-02 3.001993335783481598e-02 2.462208271026611328e-03 1.130865537561476231e-03 1.426851563155651093e-02 6.236919201910495758e-03
2.664918266236782074e-02 5.014162883162498474e-02 2.710944972932338715e-03 4.471517354249954224e-02 1.251081377267837524e-01 4.527450352907180786e-02 1.374985650181770325e-02 4.436223208904266357e-02 1.436475571244955063e-02 1.617128215730190277e-02 4.228899627923965454e-02 5.830512568354606628e-02 3.825578093528747559e-02 4.477469995617866516e-02 7.490941882133483887e-02 3.881810232996940613e-02 2.477079816162586212e-02 2.912002429366111755e-02 6.765738129615783691e-02 2.166782505810260773e-02 5.469997227191925049e-02 1.023807525634765625e-01 5.889593809843063354e-02 2.393319457769393921e-02 2.962596341967582703e-02 7.500548660755157471e-02 6.341444328427314758e-03 9.228671342134475708e-02 2.913499064743518829e-02 3.548471629619598389e-02 4.612739384174346924e-02 4.785110428929328918e-02 6.582392752170562744e-02 3.558998554944992065e-02 2.625714801251888275e-02 4.619381856173276901e-03 3.232485428452491760e-02 8.887636661529541016e-02 5.241708457469940186e-02 5.045099928975105286e-02 1.166735962033271790e-02 6.329340487718582153e-02 4.132710769772529602e-02 6.069600582122802734e-02 2.991975843906402588e-02 5.186016112565994263e-02 2.794253267347812653e-02 1.917799748480319977e-02 7.025618106126785278e-02 5.776673927903175354e-02 1.733243651688098907e-02 8.321741595864295959e-03 2.450507320463657379e-02 2.608449384570121765e-02 1.441212370991706848e-02 4.193821921944618225e-02 8.856399357318878174e-02 5.776089057326316833e-02 4.702988266944885254e-02 1.740480586886405945e-02 1.791730336844921112e-02 2.655778080224990845e-02 1.360728740692138672e-01 1.029822900891304016e-01 6.780483573675155640e-02 1.792442612349987030e-02 2.024650946259498596e-02 2.553890831768512726e-02 3.495706245303153992e-02 9.549389034509658813e-02 4.599780216813087463e-02 7.625034451484680176e-02 1.534925997257232666e-01 1.425342261791229248e-02 3.770462051033973694e-02 2.544553205370903015e-02 4.524436220526695251e-02 2.906690351665019989e-02 6.105965748429298401e-02 3.880001232028007507e-02 2.485836297273635864e-02 1.924230903387069702e-02 1.601622253656387329e-01 2.579091675579547882e-02 1.358245406299829483e-02 1.746405847370624542e-02 3.223963081836700439e-02 5.670166760683059692e-02 1.379016321152448654e-04 1.716632023453712463e-02 1.431891135871410370e-02 7.135320454835891724e-02 2.215338684618473053e-02 3.152672573924064636e-02 3.566885367035865784e-02 2.438935637474060059e-02 4.868531227111816406e-02 1.782214082777500153e-02 1.034196559339761734e-02 1.509875338524580002e-02 7.395365275442600250e-03 4.868489131331443787e-02 1.504855882376432419e-02 1.545823644846677780e-02 2.834287472069263458e-03 4.566093906760215759e-03 6.281574815511703491e-02 1.080814376473426819e-02 2.391708828508853912e-02 7.218471914529800415e-02 3.869049251079559326e-02 1.626794226467609406e-02 2.844786085188388824e-02 4.353745281696319580e-02 2.710714004933834076e-02 3.257730603218078613e-02
1.804028265178203583e-02 3.564656898379325867e-02 9.169989079236984253e-02 1.251081377267837524e-01 6.739801913499832153e-02 2.696167863905429840e-02 4.198526963591575623e-02 3.272533789277076721e-02 7.533919811248779297e-02 5.985561758279800415e-02 4.448538273572921753e-02 2.075359784066677094e-02 3.953571245074272156e-02 6.813316047191619873e-02 3.665867075324058533e-02 6.480099260807037354e-02 5.241754278540611267e-02 7.406525313854217529e-02 1.152207627892494202e-01 3.169283643364906311e-02 3.152412921190261841e-02 9.023534506559371948e-02 3.217129781842231750e-02 1.345297787338495255e-02 6.075722351670265198e-02 7.464039139449596405e-03 3.336060419678688049e-02 6.458122283220291138e-02 2.737864851951599121e-02 6.274369359016418457e-02 3.405385464429855347e-02 4.134202748537063599e-02 2.385173738002777100e-02 7.789289578795433044e-03 4.705578833818435669e-02 2.360986545681953430e-02 6.215073168277740479e-03 3.569202870130538940e-02 5.307849869132041931e-02 1.809510588645935059e-01 3.033909760415554047e-02 5.436844076029956341e-04 7.066649384796619415e-03 1.767192222177982330e-02 6.822891533374786377e-02 2.114978060126304626e-02 2.028953097760677338e-02 4.907571896910667419e-02 3.376042842864990234e-02 1.620017178356647491e-02 5.028939992189407349e-02 1.573375798761844635e-02 1.102405786514282227e-02 6.832722574472427368e-02 1.995372585952281952e-02 7.277280092239379883e-02 6.862230598926544189e-02 4.382940754294395447e-02 7.233656477183103561e-03 3.498332202434539795e-02 2.777747996151447296e-02 2.206371910870075226e-02 6.916311383247375488e-02 3.295430541038513184e-02 2.182780206203460693e-02 1.242074277251958847e-02 6.251017004251480103e-02 2.114364877343177795e-02 1.443627697881311178e-04 2.624209225177764893e-02 2.110592648386955261e-02 4.027531296014785767e-02 3.332728147506713867e-02 5.531299114227294922e-02 5.268053710460662842e-02 1.414975244551897049e-02 1.896615885198116302e-02 1.038976535201072693e-01 3.299657022580504417e-03 8.314473181962966919e-02 4.948572069406509399e-02 5.525120720267295837e-02 1.647912152111530304e-02 1.329367011785507202e-01 4.011195152997970581e-02 4.829232022166252136e-02 2.584027312695980072e-02 3.459905460476875305e-02 1.123562902212142944e-01 1.434831470251083374e-01 4.264909029006958008e-02 2.266812510788440704e-02 2.053783461451530457e-02 5.354521423578262329e-02 6.489361170679330826e-03 4.087618365883827209e-02 3.846984356641769409e-02 1.720811799168586731e-02 3.404977172613143921e-02 5.783967301249504089e-02 6.200287491083145142e-02 4.003429412841796875e-02 2.373872697353363037e-02 2.482238039374351501e-02 1.102221235632896423e-01 4.227918758988380432e-02 2.396657690405845642e-02 1.988933607935905457e-02 2.202434279024600983e-02 1.402039974927902222e-01 2.832062169909477234e-02 3.362859413027763367e-02 7.395599968731403351e-04 2.855928614735603333e-03 3.805285319685935974e-02 1.235650759190320969e-02
1.283622980117797852e-01 4.368047043681144714e-02 8.562580682337284088e-03 4.527450352907180786e-02 2.696167863905429840e-02 3.423852473497390747e-02 6.526595354080200195e-02 2.541470713913440704e-02 3.248157678171992302e-03 1.444100029766559601e-02 7.152136415243148804e-02 2.937255240976810455e-02 5.431535467505455017e-02 6.906467489898204803e-03 3.258231282234191895e-02 2.412030287086963654e-02 1.209122687578201294e-02 1.353277545422315598e-02 5.405886098742485046e-02 6.423369050025939941e-03 2.453593350946903229e-02 1.406270917505025864e-02 1.330344099551439285e-02 3.700218349695205688e-02 1.514795795083045959e-02 5.674363672733306885e-02 3.143867105245590210e-02 3.112402744591236115e-02 5.183040723204612732e-02 7.352450047619640827e-04 1.295634545385837555e-02 2.023732988163828850e-03 6.872080732136964798e-03 6.744556874036788940e-02 7.130087353289127350e-03 5.263435840606689453e-02 3.797252848744392395e-02 3.316495567560195923e-02 1.320612430572509766e-02 3.154245391488075256e-02 8.071620948612689972e-03 2.662354335188865662e-02 1.785601861774921417e-02 2.395022101700305939e-02 4.347468540072441101e-02 6.779050827026367188e-02 1.394209265708923340e-01 5.570700392127037048e-02 3.935477882623672485e-02 5.612128879874944687e-03 3.301408886909484863e-02 1.171562937088310719e-03 4.036948084831237793e-02 7.150446623563766479e-02 1.429542619735002518e-02 3.366139717400074005e-03 1.151943299919366837e-02 8.262937888503074646e-03 5.199842527508735657e-02 1.714073866605758667e-02 1.822769292630255222e-03 3.820884972810745239e-02 4.936592653393745422e-02 1.962934061884880066e-02 2.671275101602077484e-02 4.762108251452445984e-02 9.845760650932788849e-03 1.227801665663719177e-02 3.164510941132903099e-03 2.222216455265879631e-03 4.529340565204620361e-02 5.740812048316001892e-02 5.340249836444854736e-02 5.939046666026115417e-02 3.103371523320674896e-02 7.473856210708618164e-02 7.058930932544171810e-04 4.627593606710433960e-02 9.333812631666660309e-03 4.718529060482978821e-02 3.449308499693870544e-02 9.506472945213317871e-02 3.427625820040702820e-02 5.091893021017313004e-03 6.274108774960041046e-03 1.733812689781188965e-02 4.320323467254638672e-02 4.590252356138080359e-04 4.322017729282379150e-02 9.376332908868789673e-02 7.456831634044647217e-02 2.676240727305412292e-02 3.152543678879737854e-02 7.150489836931228638e-02 2.650672756135463715e-02 1.227417867630720139e-02 2.855742909014225006e-02 3.664167225360870361e-02 3.159212321043014526e-02 1.386241335421800613e-02 4.594819247722625732e-02 3.428851813077926636e-02 3.946565836668014526e-02 2.828819304704666138e-02 1.675578765571117401e-03 3.734055161476135254e-02 2.126344107091426849e-02 1.010109111666679382e-02 5.200273916125297546e-02 9.874716401100158691e-03 2.508025430142879486e-02 2.220319770276546478e-02 4.436877369880676270e-02 1.074559334665536880e-02 1.676962524652481079e-02 4.438922740519046783e-03
1.696056872606277466e-02 7.259294390678405762e-02 1.233282312750816345e-02 1.374985650181770325e-02 4.198526963591575623e-02 6.526595354080200195e-02 1.227717963047325611e-03 4.112228285521268845e-03 3.283222392201423645e-02 3.341803327202796936e-02 3.956158086657524109e-02 6.227121222764253616e-03 1.686759106814861298e-02 8.996120840311050415e-02 2.447246015071868896e-02 2.784586511552333832e-02 1.320548169314861298e-02 2.221919782459735870e-02 4.962437972426414490e-02 2.348701469600200653e-03 1.188218686729669571e-02 2.946171350777149200e-02 2.571753598749637604e-02 1.547439489513635635e-02 7.177789695560932159e-03 5.412065889686346054e-03 1.575940288603305817e-02 2.028308436274528503e-02 2.495968155562877655e-02 6.144586578011512756e-02 3.958075121045112610e-02 4.509520158171653748e-02 2.260011993348598480e-02 1.691977493464946747e-02 3.127135336399078369e-02 1.748591428622603416e-03 3.002598695456981659e-02 4.098324105143547058e-02 2.766672335565090179e-02 3.578498959541320801e-03 2.240388095378875732e-02 3.931010887026786804e-02 3.384409472346305847e-02 3.026817739009857178e-02 2.374161593616008759e-02 2.845942787826061249e-02 7.682917267084121704e-02 1.022205948829650879e-01 1.128510292619466782e-02 8.011985570192337036e-03 3.013479337096214294e-02 2.700309827923774719e-02 3.574801608920097351e-02 6.749766180291771889e-04 5.952376872301101685e-03 2.418470196425914764e-02 3.071708045899868011e-02 1.456652767956256866e-02 5.224668234586715698e-02 4.271457716822624207e-02 5.162799730896949768e-02 4.139545187354087830e-02 2.317652571946382523e-03 1.929127424955368042e-02 2.726939320564270020e-02 4.326649382710456848e-02 1.949336193501949310e-02 1.410751231014728546e-02 2.370861731469631195e-02 2.941714227199554443e-02 7.272304594516754150e-02 9.647563099861145020e-03 6.167781352996826172e-02 1.878136023879051208e-02 5.928792431950569153e-02 2.628800086677074432e-02 1.674351841211318970e-02 5.519082769751548767e-02 1.848120614886283875e-02 1.592978485859930515e-03 1.729934662580490112e-02 4.361020028591156006e-02 5.066789314150810242e-02 2.125553973019123077e-02 3.323848359286785126e-03 1.829390227794647217e-02 3.394496813416481018e-02 1.707766554318368435e-03 1.036999896168708801e-01 5.797651782631874084e-02 2.128461003303527832e-02 2.501877024769783020e-02 6.753861904144287109e-02 1.048317458480596542e-02 4.986048676073551178e-03 5.664493888616561890e-02 2.193120308220386505e-03 2.388716302812099457e-02 3.839326649904251099e-02 3.197538107633590698e-02 2.689699456095695496e-02 1.687819883227348328e-02 1.025144755840301514e-02 3.726420551538467407e-02 7.350887171924114227e-03 1.236351765692234039e-02 1.219378877431154251e-02 3.028677962720394135e-02 7.157646864652633667e-02 6.383999437093734741e-02 1.501538325101137161e-02 5.126711353659629822e-02 1.387842837721109390e-02 2.486167103052139282e-02 3.801166638731956482e-02 1.993581280112266541e-02
4.875066503882408142e-02 3.787761181592941284e-02 3.008174300193786621e-01 4.436223208904266357e-02 3.272533789277076721e-02 2.541470713913440704e-02 4.112228285521268845e-03 1.416228152811527252e-02 5.294870957732200623e-02 3.407850489020347595e-02 5.151738971471786499e-02 2.325735986232757568e-02 2.033117786049842834e-02 2.761022746562957764e-02 1.927143037319183350e-01 4.241525381803512573e-02 4.521907120943069458e-02 4.428659379482269287e-02 2.160159312188625336e-02 1.728460378944873810e-02 8.189142681658267975e-03 1.337680965662002563e-02 3.914447873830795288e-02 4.773297160863876343e-02 3.944179043173789978e-02 3.647451847791671753e-02 8.634297549724578857e-02 9.041277319192886353e-02 6.695007532835006714e-02 3.427029028534889221e-02 4.038101062178611755e-02 1.979395560920238495e-02 3.451242111623287201e-03 4.373341426253318787e-02 4.209404438734054565e-02 2.296324260532855988e-02 4.228964820504188538e-02 3.574502468109130859e-02 9.212085045874118805e-03 2.662068931385874748e-03 6.843294948339462280e-02 9.558844566345214844e-02 5.117882415652275085e-02 4.031593725085258484e-02 5.159686878323554993e-02 1.938401907682418823e-02 5.663171410560607910e-03 7.509150356054306030e-02 3.982467204332351685e-02 3.148198500275611877e-02 4.446280002593994141e-02 5.135942623019218445e-02 6.050545349717140198e-02 3.040068550035357475e-03 8.191291242837905884e-02 1.002693772315979004e-01 5.299019068479537964e-02 4.841674119234085083e-02 4.301972687244415283e-02 7.213068194687366486e-03 7.930868119001388550e-02 3.091949038207530975e-02 3.307091817259788513e-02 5.547389015555381775e-02 3.494814038276672363e-02 7.115346845239400864e-03 1.828615181148052216e-02 2.895083092153072357e-02 3.815088421106338501e-02 6.145491078495979309e-02 1.303274277597665787e-02 2.869243919849395752e-02 1.129626762121915817e-02 1.070786826312541962e-02 1.146579012274742126e-01 1.187018025666475296e-02 7.427617162466049194e-02 6.515855342149734497e-02 3.997831791639328003e-02 2.203838340938091278e-02 2.576090991497039795e-01 1.194262579083442688e-01 1.909547671675682068e-02 1.717501290841028094e-04 4.699248075485229492e-02 3.546073101460933685e-03 1.633364707231521606e-01 5.153751466423273087e-03 5.728875286877155304e-03 4.130573198199272156e-02 6.426291167736053467e-02 5.264220014214515686e-02 7.423840463161468506e-02 5.210974253714084625e-03 7.426570355892181396e-02 1.004139240831136703e-02 1.402781624346971512e-02 3.429502993822097778e-02 2.599170617759227753e-02 1.895077410154044628e-03 6.779455393552780151e-02 5.300881341099739075e-02 1.177920922636985779e-01 6.312321871519088745e-03 5.045588593930006027e-03 6.789583247154951096e-03 1.498892456293106079e-01 5.081827193498611450e-02 3.429884836077690125e-02 5.315453186631202698e-02 1.958691701292991638e-02 5.749262636527419090e-04 6.647779792547225952e-02 6.737811118364334106e-02 2.498086728155612946e-02 4.487062338739633560e-03
2.974960207939147949e-02 1.746358722448348999e-02 7.269156724214553833e-02 1.436475571244955063e-02 7.533919811248779297e-02 3.248157678171992302e-03 3.283222392201423645e-02 5.294870957732200623e-02 7.109133154153823853e-02 6.104561686515808105e-02 1.876408047974109650e-02 8.313301019370555878e-03 3.316489281132817268e-03 5.210281163454055786e-02 3.544068429619073868e-03 4.123971797525882721e-03 5.899902433156967163e-03 1.209756210446357727e-01 2.306282334029674530e-02 2.982688508927822113e-02 2.506020478904247284e-02 7.494394201785326004e-03 2.504726499319076538e-02 5.661661550402641296e-02 6.894324719905853271e-02 2.545025572180747986e-02 9.653633460402488708e-03 3.620418533682823181e-02 8.228745311498641968e-02 4.098828136920928955e-02 5.231913179159164429e-02 4.116870090365409851e-02 8.718937635421752930e-02 5.644431710243225098e-02 5.465776473283767700e-02 1.210448797792196274e-02 1.137578207999467850e-02 4.324000701308250427e-02 1.025978773832321167e-01 2.704458311200141907e-02 1.488499436527490616e-02 4.850564152002334595e-02 3.002161532640457153e-02 2.084880322217941284e-02 2.229752950370311737e-02 4.707830399274826050e-02 2.095465169986709952e-04 3.338714689016342163e-02 2.751542953774333000e-03 3.598359599709510803e-02 6.497140973806381226e-02 2.823576331138610840e-02 1.980988308787345886e-02 5.202632769942283630e-02 1.298224925994873047e-01 5.108491703867912292e-02 1.768792048096656799e-02 9.562748484313488007e-03 4.475619271397590637e-02 6.186551600694656372e-02 8.224140852689743042e-02 2.741829492151737213e-02 3.233997523784637451e-02 8.556611090898513794e-02 3.342404216527938843e-02 2.419065870344638824e-02 5.015910603106021881e-03 7.608702778816223145e-02 2.655422687530517578e-02 2.667318331077694893e-03 5.906538292765617371e-02 1.630389876663684845e-02 8.540238440036773682e-02 2.630592323839664459e-02 2.671651914715766907e-02 4.749536886811256409e-02 1.250361353158950806e-01 4.226442053914070129e-02 1.682907491922378540e-01 2.774229273200035095e-02 1.324239186942577362e-02 5.097655951976776123e-02 3.712794277817010880e-03 2.978349849581718445e-02 9.906737506389617920e-02 3.188810124993324280e-02 2.596220700070261955e-03 3.977878019213676453e-02 9.786247462034225464e-02 1.658853329718112946e-02 2.792837284505367279e-02 2.709165588021278381e-02 8.305469900369644165e-02 3.634142503142356873e-02 6.940380204468965530e-03 3.649529814720153809e-02 1.341873034834861755e-02 5.268067121505737305e-02 1.442871615290641785e-02 6.089940294623374939e-02 3.084427118301391602e-02 2.258392050862312317e-02 2.088426612317562103e-02 2.101420424878597260e-02 5.501711741089820862e-02 7.216808944940567017e-02 5.518220737576484680e-02 3.909777849912643433e-02 4.101186245679855347e-02 2.639893256127834320e-02 1.572429575026035309e-02 2.028474584221839905e-02 3.166916593909263611e-02 5.778054147958755493e-02 1.161579415202140808e-02 2.121760323643684387e-02
2.670271322131156921e-02 2.039923332631587982e-02 1.688102446496486664e-02 1.617128215730190277e-02 5.985561758279800415e-02 1.444100029766559601e-02 3.341803327202796936e-02 3.407850489020347595e-02 6.104561686515808105e-02 4.294380918145179749e-02 2.780769392848014832e-02 1.808164827525615692e-02 2.043373184278607368e-03 7.560427300631999969e-03 1.709283888339996338e-02 4.378835111856460571e-02 2.750212885439395905e-02 4.378142952919006348e-02 1.094287559390068054e-01 3.446242213249206543e-02 1.003824640065431595e-03 5.587723106145858765e-02 6.127306073904037476e-02 6.165963411331176758e-02 3.174189012497663498e-03 2.648692205548286438e-02 1.000671014189720154e-01 9.689253568649291992e-02 6.504690647125244141e-02 7.639598846435546875e-02 5.461665242910385132e-02 2.338443696498870850e-02 4.272075835615396500e-03 3.393743932247161865e-02 7.159014232456684113e-03 3.240455314517021179e-02 5.308133084326982498e-03 2.793667651712894440e-02 3.323458507657051086e-02 3.463439643383026123e-02 5.566268414258956909e-02 7.797197997570037842e-02 1.648728922009468079e-02 9.229944646358489990e-02 5.530450120568275452e-02 5.218058358877897263e-03 3.740257397294044495e-02 3.924128040671348572e-02 3.243879601359367371e-02 8.651316910982131958e-02 3.607214614748954773e-02 1.624857191927731037e-03 2.850861661136150360e-02 6.601628661155700684e-02 3.180572018027305603e-02 5.396670475602149963e-02 3.811887651681900024e-02 4.461184516549110413e-02 5.429204925894737244e-02 4.459363594651222229e-02 2.425083518028259277e-02 2.994060143828392029e-02 2.059679105877876282e-02 2.569868601858615875e-02 1.441643480211496353e-02 5.693347379565238953e-02 3.487820923328399658e-02 2.443733625113964081e-02 6.580943614244461060e-02 5.932073667645454407e-02 6.345567107200622559e-02 1.951150596141815186e-02 2.981100417673587799e-02 6.091457325965166092e-03 4.455522168427705765e-03 4.064124822616577148e-02 3.785589337348937988e-02 2.199275419116020203e-02 7.910851389169692993e-02 1.019317060708999634e-01 2.817781269550323486e-02 1.178358681499958038e-02 2.153004333376884460e-02 9.355210512876510620e-02 2.461598254740238190e-02 7.119352463632822037e-03 4.445473849773406982e-02 1.628406159579753876e-02 5.928190052509307861e-02 1.130844950675964355e-01 3.519268333911895752e-02 4.802582040429115295e-02 1.357423420995473862e-02 5.159893259406089783e-02 4.179080203175544739e-02 3.909687977284193039e-03 7.344342023134231567e-02 4.765965044498443604e-02 2.854656241834163666e-02 4.832242056727409363e-02 9.473495185375213623e-03 4.314290359616279602e-03 5.633925274014472961e-02 4.781691730022430420e-02 8.508674055337905884e-02 5.323095619678497314e-02 5.465041846036911011e-02 4.286555200815200806e-02 6.919282022863626480e-03 2.006377093493938446e-02 1.800340414047241211e-02 2.627931907773017883e-02 8.516305126249790192e-03 1.294585410505533218e-02 3.793777897953987122e-02 4.900452494621276855e-02
1.548700630664825439e-01 2.391942031681537628e-02 1.176600065082311630e-02 4.228899627923965454e-02 4.448538273572921753e-02 7.152136415243148804e-02 3.956158086657524109e-02 5.151738971471786499e-02 1.876408047974109650e-02 2.780769392848014832e-02 3.679438307881355286e-02 4.746652022004127502e-02 8.182343840599060059e-02 6.492186337709426880e-02 2.667952515184879303e-02 1.541772577911615372e-02 4.479049239307641983e-03 1.223077252507209778e-02 1.680451631546020508e-02 1.674047484993934631e-02 1.190268062055110931e-02 2.505295351147651672e-02 5.688857287168502808e-03 3.870166838169097900e-02 1.947868615388870239e-02 2.445340529084205627e-02 1.045799721032381058e-02 3.700988739728927612e-02 3.871010988950729370e-02 1.566625945270061493e-02 9.977022558450698853e-02 3.730044513940811157e-02 5.407869815826416016e-02 9.720221161842346191e-03 2.559540793299674988e-02 1.496935170143842697e-02 1.012290082871913910e-02 3.654026612639427185e-02 1.244636904448270798e-02 5.448377132415771484e-02 3.983177244663238525e-02 3.647977113723754883e-02 6.830828264355659485e-03 2.750235237181186676e-02 5.562841147184371948e-02 4.944708198308944702e-02 8.736000955104827881e-02 1.087852567434310913e-01 1.987848058342933655e-02 6.742686778306961060e-02 2.159091457724571228e-02 5.662127863615751266e-03 3.174768527969717979e-03 2.690485678613185883e-02 1.329322904348373413e-02 2.368891052901744843e-02 1.745374500751495361e-02 2.474810741841793060e-02 5.737921223044395447e-03 3.170973062515258789e-02 2.948934026062488556e-02 2.225696854293346405e-02 2.574932016432285309e-02 1.336680632084608078e-02 1.173027977347373962e-01 9.301690757274627686e-02 3.234793990850448608e-02 4.761807993054389954e-02 6.193486228585243225e-02 8.372628944925963879e-04 4.010606557130813599e-02 3.161719813942909241e-02 9.142624214291572571e-03 2.731247805058956146e-02 4.629856906831264496e-03 5.094890296459197998e-02 3.862359374761581421e-02 6.135427951812744141e-02 1.338881850242614746e-01 3.898606821894645691e-02 2.832354046404361725e-02 4.078395664691925049e-02 3.667163103818893433e-02 3.538677468895912170e-02 1.529817702248692513e-03 3.449979051947593689e-02 1.296417862176895142e-01 3.637575730681419373e-02 1.186435017734766006e-02 2.011587098240852356e-02 3.020414151251316071e-02 1.053392235189676285e-02 1.252210140228271484e-01 1.967525342479348183e-03 1.546091865748167038e-03 5.797918885946273804e-02 1.342465262860059738e-02 3.886989131569862366e-02 5.170674622058868408e-02 3.896090015769004822e-02 5.232416465878486633e-02 8.314082771539688110e-02 1.604730449616909027e-02 1.934782974421977997e-02 2.539316378533840179e-02 1.157924532890319824e-02 3.515593335032463074e-02 3.358536213636398315e-02 6.908407062292098999e-02 2.367377467453479767e-02 2.259596996009349823e-02 1.507358829258009791e-04 2.041057497262954712e-02 2.585621178150177002e-02 2.100922400131821632e-03 1.394655648618936539e-02
5.130502209067344666e-02 2.779311500489711761e-02 2.638152614235877991e-02 5.830512568354606628e-02 2.075359784066677094e-02 2.937255240976810455e-02 6.227121222764253616e-03 2.325735986232757568e-02 8.313301019370555878e-03 1.808164827525615692e-02 4.746652022004127502e-02 5.110793560743331909e-02 1.767249405384063721e-02 2.260451316833496094e-01 1.339709199965000153e-02 3.184037283062934875e-03 5.806742608547210693e-02 9.784234315156936646e-02 4.824744164943695068e-02 3.561398759484291077e-02 3.391927480697631836e-02 3.053249418735504150e-02 1.372195128351449966e-02 3.675636276602745056e-02 2.855777274817228317e-03 2.620615065097808838e-02 4.534666240215301514e-02 8.337198942899703979e-02 1.059547998011112213e-02 1.368834916502237320e-02 4.973294958472251892e-02 7.535453885793685913e-03 3.804148733615875244e-02 7.297307718545198441e-03 1.556429639458656311e-02 1.717907749116420746e-02 2.419778332114219666e-02 1.340976823121309280e-02 1.691434904932975769e-02 3.548858314752578735e-02 7.231594063341617584e-03 9.197825938463211060e-02 2.393152564764022827e-02 2.540360391139984131e-02 7.137221843004226685e-02 4.270794987678527832e-02 4.533019848167896271e-03 5.030584335327148438e-02 6.259404122829437256e-02 1.434615533798933029e-02 1.102457940578460693e-01 4.951379820704460144e-02 2.338031306862831116e-02 1.124297827482223511e-02 4.069826751947402954e-02 3.741253912448883057e-02 1.855502724647521973e-01 3.472200408577919006e-02 4.220409318804740906e-03 1.767955720424652100e-02 3.856646944768726826e-04 1.418838836252689362e-02 4.928123950958251953e-02 5.674966797232627869e-02 2.870742417871952057e-02 3.732768818736076355e-02 1.042887382209300995e-02 3.129291906952857971e-02 7.473515719175338745e-02 5.530330352485179901e-03 8.270191401243209839e-02 3.161254152655601501e-02 1.258756674360483885e-04 6.753002852201461792e-02 4.580471199005842209e-03 3.418239578604698181e-02 6.365623325109481812e-02 5.468234047293663025e-02 4.230970889329910278e-02 6.710350513458251953e-02 6.868425011634826660e-02 3.746180608868598938e-02 6.829906255006790161e-02 6.807619333267211914e-02 5.092125013470649719e-02 7.502643857151269913e-03 2.146606147289276123e-02 3.502213954925537109e-02 3.373982850462198257e-03 4.176025837659835815e-02 5.296527408063411713e-03 5.249369516968727112e-02 1.449677627533674240e-02 4.267420154064893723e-04 6.181691586971282959e-02 1.278066635131835938e-02 4.144660010933876038e-02 2.548182755708694458e-02 3.258534893393516541e-02 5.554427392780780792e-03 6.685814354568719864e-03 4.755047708749771118e-02 5.365903675556182861e-02 4.298308119177818298e-02 5.350712314248085022e-02 4.069060832262039185e-02 4.328611493110656738e-02 5.526898056268692017e-02 1.400100886821746826e-01 6.729034334421157837e-02 8.769202977418899536e-03 2.046919241547584534e-02 7.082336395978927612e-02 1.087713427841663361e-02 1.672377809882164001e-02 8.766797184944152832e-02
9.483852237462997437e-02 1.078884825110435486e-01 1.949286460876464844e-02 3.825578093528747559e-02 3.953571245074272156e-02 5.431535467505455017e-02 1.686759106814861298e-02 2.033117786049842834e-02 3.316489281132817268e-03 2.043373184278607368e-03 8.182343840599060059e-02 1.767249405384063721e-02 2.235244214534759521e-02 1.281820982694625854e-02 6.553375720977783203e-02 3.767971321940422058e-02 1.878116279840469360e-02 9.751457255333662033e-04 5.381025257520377636e-04 7.262639701366424561e-02 4.156731441617012024e-02 2.543202415108680725e-02 1.054434571415185928e-02 1.947519555687904358e-02 1.558159384876489639e-02 2.273759990930557251e-02 5.261762533336877823e-03 1.768678240478038788e-02 1.732258312404155731e-02 5.093153566122055054e-02 5.372313782572746277e-02 9.775884449481964111e-03 6.935621052980422974e-02 1.507224142551422119e-02 2.683735825121402740e-02 3.423452749848365784e-02 2.085602469742298126e-02 1.916221156716346741e-02 6.142558157444000244e-02 1.928241690620779991e-03 1.144705340266227722e-02 1.482449355535209179e-03 1.893985830247402191e-02 5.124741233885288239e-03 1.815006369724869728e-03 5.748172104358673096e-02 8.083517104387283325e-02 1.275191735476255417e-02 1.217245776206254959e-02 3.236680850386619568e-02 1.876722276210784912e-02 2.641186863183975220e-02 3.289233148097991943e-02 8.634243858978152275e-04 4.919382557272911072e-02 5.876581743359565735e-02 5.613528657704591751e-03 4.952976480126380920e-02 3.420156985521316528e-02 7.698850333690643311e-02 2.504273504018783569e-02 9.529975068289786577e-05 4.552887380123138428e-02 2.363393455743789673e-02 4.376280680298805237e-02 1.282796561717987061e-01 1.692901179194450378e-02 1.394679863005876541e-02 3.467782586812973022e-02 4.706562496721744537e-03 6.528168916702270508e-02 4.625694453716278076e-02 1.440734695643186569e-02 4.088724777102470398e-02 2.339578792452812195e-02 2.343627065420150757e-02 1.481878198683261871e-02 4.998422786593437195e-02 5.502876639366149902e-02 5.185050144791603088e-02 3.648829832673072815e-02 6.591508165001869202e-03 1.007681619375944138e-02 4.674527049064636230e-02 5.208761617541313171e-02 6.427623331546783447e-02 7.289596647024154663e-02 2.632440067827701569e-03 3.285724297165870667e-02 4.210891947150230408e-02 5.332766100764274597e-03 1.549770589917898178e-03 6.434001028537750244e-03 7.165119051933288574e-02 1.747829467058181763e-02 9.567583911120891571e-03 3.278022166341543198e-03 5.308134481310844421e-02 3.924999013543128967e-02 1.008723955601453781e-02 2.438010880723595619e-03 3.324167057871818542e-02 1.288720406591892242e-02 2.068906649947166443e-02 6.880115251988172531e-03 2.564959786832332611e-02 1.605202816426753998e-02 1.222474616952240467e-03 2.143182232975959778e-02 5.434256047010421753e-02 1.500437618233263493e-03 8.826174773275852203e-03 2.582604624330997467e-02 4.886804614216089249e-03 1.133644487708806992e-02 1.895484887063503265e-02
