1.364893168210983276e-01 2.533443272113800049e-01 1.139577245339751244e-03 4.654815420508384705e-02 3.652845323085784912e-02 1.893438100814819336e-01 1.200909912586212158e-01 1.940047554671764374e-02 2.904268354177474976e-02 8.309489348903298378e-04 1.549546122550964355e-01 8.658201992511749268e-02 9.093024581670761108e-02 3.784674406051635742e-02 8.268725126981735229e-02 1.877136714756488800e-02 3.483772650361061096e-02 2.099433355033397675e-02 9.759185835719108582e-03 1.787482760846614838e-03 1.260321587324142456e-02 5.966417863965034485e-02 4.114825278520584106e-02 4.156978428363800049e-02 7.306090556085109711e-03 1.534192543476819992e-02 4.513802938163280487e-03 2.656830940395593643e-03 4.797314852476119995e-02 4.560891538858413696e-02 5.812596902251243591e-02 2.655412070453166962e-02 2.273639105260372162e-02 4.718974232673645020e-02 1.669321767985820770e-02 9.922955185174942017e-02 5.227354913949966431e-02 5.180853419005870819e-03 2.308069728314876556e-02 6.733607500791549683e-03 1.109032332897186279e-02 1.192349661141633987e-02 3.695685882121324539e-03 1.649442128837108612e-03 1.359946187585592270e-02 2.057925239205360413e-02 2.577053941786289215e-02 3.954594954848289490e-03 2.978600002825260162e-02 4.915314540266990662e-02 5.350388213992118835e-02 2.778810076415538788e-02 2.813262306153774261e-02 2.910565212368965149e-02 2.215765975415706635e-02 5.850427225232124329e-02 4.194005951285362244e-02 1.980474218726158142e-02 6.830325722694396973e-02 5.053330585360527039e-02 9.145810268819332123e-03 9.859967045485973358e-03 2.476933225989341736e-02 5.385711416602134705e-02 4.992322064936161041e-03 2.182613685727119446e-02 2.482488192617893219e-02 3.677732497453689575e-02 1.745404861867427826e-02 5.967561528086662292e-02 1.925998949445784092e-03 4.474678635597229004e-02 5.325277149677276611e-02 2.695412142202258110e-03 3.109412454068660736e-02 1.851512864232063293e-02 2.251815423369407654e-02 1.387399714440107346e-02 6.065905094146728516e-02 3.212415054440498352e-02 9.683177922852337360e-04 3.813414275646209717e-02 2.729772403836250305e-02 2.920394763350486755e-02 3.904941678047180176e-02 6.531246006488800049e-02 3.594836965203285217e-02 8.845048956573009491e-03 1.773919723927974701e-02 2.688055858016014099e-02 2.503487840294837952e-02 7.680745795369148254e-03 2.619602903723716736e-02 1.704037189483642578e-02 2.438060939311981201e-02 4.021123051643371582e-03 1.455736812204122543e-02 6.669379305094480515e-03 1.379978004842996597e-02 3.063556924462318420e-02 1.977510750293731689e-03 1.701254164800047874e-03 9.014029987156391144e-03 1.787372864782810211e-02 1.718529313802719116e-02 5.785716697573661804e-03 1.087229419499635696e-02 3.586593270301818848e-02 9.729070588946342468e-03 5.316407606005668640e-02 2.421926148235797882e-02 2.995676174759864807e-02 1.673208735883235931e-02 2.311022393405437469e-02 7.473324425518512726e-03 1.100566424429416656e-02
2.533443272113800049e-01 1.248961910605430603e-01 3.213731944561004639e-02 3.122633509337902069e-02 2.398871071636676788e-02 1.717388480901718140e-01 1.358584016561508179e-01 4.137558117508888245e-02 1.694507896900177002e-03 2.221535146236419678e-02 1.487181186676025391e-01 6.962855160236358643e-02 1.319467127323150635e-01 4.336311668157577515e-02 4.907346516847610474e-02 1.473319018259644508e-03 2.585131116211414337e-02 2.867338433861732483e-02 1.966660656034946442e-02 1.019659731537103653e-02 1.453663408756256104e-02 6.945249438285827637e-02 1.926760189235210419e-02 1.961137540638446808e-02 2.818083949387073517e-02 4.197057336568832397e-03 8.161110803484916687e-03 5.544854700565338135e-02 3.430700674653053284e-02 3.131012618541717529e-02 4.390873387455940247e-02 1.717463694512844086e-02 2.271070331335067749e-02 4.229237511754035950e-02 5.739135202020406723e-03 6.326210498809814453e-02 5.201140046119689941e-02 3.609430044889450073e-02 2.665655314922332764e-02 8.401875384151935577e-03 6.079061422497034073e-03 1.365502947010099888e-03 2.147891186177730560e-02 2.286399342119693756e-02 4.217088595032691956e-02 2.961944788694381714e-02 4.124080389738082886e-02 3.744350001215934753e-02 7.942699827253818512e-03 8.247407153248786926e-03 4.031996708363294601e-03 3.347150515764951706e-03 2.903566882014274597e-02 2.765345945954322815e-02 3.313490003347396851e-02 1.722266711294651031e-02 4.296303540468215942e-02 4.398741759359836578e-03 3.266343846917152405e-02 4.657324776053428650e-02 8.067149668931961060e-03 2.832697704434394836e-02 1.600904390215873718e-02 5.726677831262350082e-03 6.867145653814077377e-03 8.557648397982120514e-03 3.548260033130645752e-02 2.531912922859191895e-02 8.159238845109939575e-03 3.751028701663017273e-02 2.104013925418257713e-03 5.053824186325073242e-02 1.416687294840812683e-02 1.078936457633972168e-02 2.026094682514667511e-02 1.302253076573833823e-04 7.786919741192832589e-05 7.072587497532367706e-03 5.436406657099723816e-02 3.110889578238129616e-03 1.940460130572319031e-02 1.853697933256626129e-02 2.748757414519786835e-02 7.235720288008451462e-03 1.996364590013399720e-04 3.043409623205661774e-02 1.001596171408891678e-02 5.632967222481966019e-03 3.526565060019493103e-02 4.224399477243423462e-02 3.217912837862968445e-02 2.309188991785049438e-02 1.583547703921794891e-02 4.041998088359832764e-02 2.888406813144683838e-02 2.290474995970726013e-02 1.572281122207641602e-03 1.723578013479709625e-02 3.390036150813102722e-02 3.439055010676383972e-02 1.512297056615352631e-02 3.570762462913990021e-03 2.076033875346183777e-02 3.210427984595298767e-02 1.153799612075090408e-02 1.646127551794052124e-02 1.809815503656864166e-02 4.165406525135040283e-02 8.199218660593032837e-03 8.640919625759124756e-02 4.787490703165531158e-03 2.340646460652351379e-03 1.344482973217964172e-02 3.546584770083427429e-02 4.144880175590515137e-02 2.853967063128948212e-02
1.139577245339751244e-03 3.213731944561004639e-02 4.373748227953910828e-02 1.286232378333806992e-02 1.384068932384252548e-02 2.386177424341440201e-03 4.189990833401679993e-02 1.046065837144851685e-01 2.596655115485191345e-02 3.053626418113708496e-02 2.521977759897708893e-02 4.694627597928047180e-02 4.496788606047630310e-02 7.309133652597665787e-03 8.366305381059646606e-02 1.588769815862178802e-02 1.767687872052192688e-02 3.010804532095789909e-03 4.327594861388206482e-02 1.773500815033912659e-02 5.188054591417312622e-02 4.860819876194000244e-02 6.985509302467107773e-03 3.099358873441815376e-03 4.117507115006446838e-02 4.906020686030387878e-02 5.369598511606454849e-03 5.538342520594596863e-02 2.163821458816528320e-02 1.934584416449069977e-02 2.908694930374622345e-02 3.079595603048801422e-02 6.725704669952392578e-02 1.354981679469347000e-02 5.731450021266937256e-02 2.479965798556804657e-02 7.052676379680633545e-02 5.745412781834602356e-02 1.771130599081516266e-02 3.333798423409461975e-02 4.037105478346347809e-03 4.085716977715492249e-02 9.192336350679397583e-03 3.780142217874526978e-02 6.307148188352584839e-02 4.507161676883697510e-03 5.639892071485519409e-02 2.321090549230575562e-02 3.987517580389976501e-02 2.018490061163902283e-02 3.426016867160797119e-02 5.151170492172241211e-02 1.194280013442039490e-02 5.505063012242317200e-02 1.236708182841539383e-02 2.605303004384040833e-02 1.207957789301872253e-02 5.815392732620239258e-02 2.067706920206546783e-02 3.022092022001743317e-02 1.189917977899312973e-02 5.271269753575325012e-02 2.402898157015442848e-03 3.795716911554336548e-02 5.122559890151023865e-02 3.079087473452091217e-02 1.035505346953868866e-02 4.576071351766586304e-02 5.796018056571483612e-03 3.110256791114807129e-02 1.719029247760772705e-02 3.237736970186233521e-02 7.586239278316497803e-02 1.440505497157573700e-03 6.685405224561691284e-02 3.486469760537147522e-02 1.284381467849016190e-02 1.562767848372459412e-02 5.026290938258171082e-02 2.828554250299930573e-02 2.375938296318054199e-01 3.557309806346893311e-01 1.525358203798532486e-02 3.512825071811676025e-02 5.875963345170021057e-02 4.051626846194267273e-02 2.733935602009296417e-02 5.178943648934364319e-02 2.235965803265571594e-02 2.311936020851135254e-02 2.859131433069705963e-02 7.323963195085525513e-02 1.353794336318969727e-02 5.319411307573318481e-02 6.331635173410177231e-03 2.638400346040725708e-02 3.416624665260314941e-02 2.290519326925277710e-02 5.812289938330650330e-02 4.889011383056640625e-02 6.659305188804864883e-03 7.483553141355514526e-03 2.753687091171741486e-02 4.390645772218704224e-02 6.559002399444580078e-02 6.147905439138412476e-02 1.092654187232255936e-02 2.884201146662235260e-02 6.576460599899291992e-02 3.766977787017822266e-02 5.083752796053886414e-02 3.343591094017028809e-02 2.952161431312561035e-02 8.009864948689937592e-03 2.503534592688083649e-02 4.307559225708246231e-03
4.654815420508384705e-02 3.122633509337902069e-02 1.286232378333806992e-02 1.104604601860046387e-01 3.077378273010253906e-01 5.771058052778244019e-02 6.506483070552349091e-03 2.508462779223918915e-02 3.257999196648597717e-02 3.718646615743637085e-02 2.355696400627493858e-03 2.458690479397773743e-02 2.342696487903594971e-02 3.731640428304672241e-02 8.033579215407371521e-03 3.984846919775009155e-02 3.286653384566307068e-02 8.248429000377655029e-02 9.751117229461669922e-02 3.051597066223621368e-02 1.516416110098361969e-02 2.620065584778785706e-02 4.347800090909004211e-02 8.349212259054183960e-02 1.475896779447793961e-02 1.651562191545963287e-02 2.371796965599060059e-02 8.362211287021636963e-02 2.822106517851352692e-02 2.974322810769081116e-02 3.029575571417808533e-02 1.503269071690738201e-03 3.468276932835578918e-02 1.476699672639369965e-02 3.931222856044769287e-02 1.553817186504602432e-03 3.329123603180050850e-03 2.216813713312149048e-02 1.436919867992401123e-01 1.243158727884292603e-01 2.119522774592041969e-03 2.847354486584663391e-02 1.300048828125000000e-02 2.156338095664978027e-02 5.824666004627943039e-03 1.923966407775878906e-02 8.594405953772366047e-04 1.889723166823387146e-02 5.263554677367210388e-02 1.130809076130390167e-02 1.064541935920715332e-02 3.656828403472900391e-02 6.065654102712869644e-03 1.221461594104766846e-02 1.898575015366077423e-02 7.647388614714145660e-03 2.173474244773387909e-02 3.827629983425140381e-02 2.436485514044761658e-02 2.587860263884067535e-02 1.107906997203826904e-01 1.183742359280586243e-01 2.667323872447013855e-02 4.129335284233093262e-02 5.606172140687704086e-03 5.605852231383323669e-03 2.478063479065895081e-02 1.626188866794109344e-02 7.267837971448898315e-02 2.143196202814579010e-02 3.977122902870178223e-02 1.919403485953807831e-02 1.382593065500259399e-01 4.718098416924476624e-02 1.049877479672431946e-01 2.423412166535854340e-02 3.233311697840690613e-02 6.989628821611404419e-02 2.693134918808937073e-02 2.666477859020233154e-02 2.331719920039176941e-02 3.421401977539062500e-02 2.871538884937763214e-02 6.510279141366481781e-03 2.073236741125583649e-02 2.215828187763690948e-02 6.576519925147294998e-03 1.582139730453491211e-02 7.007918506860733032e-02 4.064302518963813782e-02 2.333081886172294617e-02 3.065407834947109222e-02 1.332717016339302063e-02 2.784134261310100555e-02 1.990558952093124390e-02 1.378072891384363174e-03 5.350725725293159485e-03 2.744263224303722382e-02 3.264879435300827026e-02 3.637121245265007019e-02 2.523344382643699646e-02 3.263897029682993889e-03 1.565805263817310333e-02 3.666463866829872131e-02 3.068182989954948425e-02 1.315569411963224411e-02 4.423660691827535629e-03 7.901872694492340088e-02 1.268373150378465652e-02 4.000761359930038452e-02 4.154466092586517334e-02 2.729407977312803268e-03 1.027792971581220627e-02 3.064845502376556396e-02 2.150221914052963257e-02 6.711211521178483963e-03
3.652845323085784912e-02 2.398871071636676788e-02 1.384068932384252548e-02 3.077378273010253906e-01 1.043590009212493896e-01 4.553072154521942139e-02 7.746116071939468384e-02 1.384359691292047501e-02 2.133970707654953003e-02 4.057639092206954956e-02 5.650903563946485519e-03 3.356980532407760620e-02 1.040289178490638733e-02 1.045504659414291382e-01 1.878941082395613194e-03 2.163990959525108337e-02 1.905261451611295342e-04 1.807128638029098511e-02 5.973657965660095215e-02 7.710388302803039551e-02 1.916361227631568909e-02 6.389478687196969986e-03 3.839826583862304688e-02 9.841581340879201889e-04 2.771510183811187744e-02 3.544883336871862411e-03 5.917660519480705261e-02 5.257237330079078674e-02 2.848048321902751923e-02 1.113268956542015076e-01 1.402600016444921494e-02 8.575736545026302338e-03 8.202555775642395020e-02 2.564316987991333008e-02 6.789558683522045612e-04 2.473685517907142639e-02 5.229930393397808075e-03 4.007649607956409454e-03 1.054997518658638000e-01 1.902758479118347168e-01 2.489767782390117645e-02 2.643717639148235321e-02 7.038689218461513519e-03 3.947289288043975830e-02 7.509504910558462143e-03 8.944908156991004944e-03 3.184389322996139526e-02 2.320335060358047485e-02 3.111843951046466827e-02 8.112416416406631470e-02 2.743091993033885956e-02 1.451762951910495758e-02 4.352883622050285339e-02 6.166222691535949707e-02 6.169916596263647079e-03 1.187585853040218353e-02 1.481600757688283920e-02 4.843929037451744080e-02 5.766950920224189758e-02 7.842978090047836304e-02 1.113161370158195496e-01 1.380897760391235352e-01 4.885226022452116013e-03 1.392160914838314056e-02 2.191516011953353882e-02 3.345607221126556396e-02 4.698804393410682678e-02 3.496306762099266052e-02 5.776089429855346680e-02 1.261435914784669876e-02 5.168300867080688477e-02 6.965557695366442204e-04 5.694275721907615662e-02 1.032876968383789062e-01 1.232008039951324463e-01 5.068265646696090698e-02 5.173440556973218918e-03 3.902124986052513123e-02 1.436925679445266724e-02 4.192284122109413147e-02 4.722252022475004196e-03 2.892387658357620239e-02 1.469023078680038452e-01 2.064346820116043091e-01 4.913226142525672913e-02 4.824280273169279099e-03 2.577117411419749260e-03 4.010378569364547729e-02 5.548399686813354492e-02 2.444844879209995270e-02 3.764329105615615845e-02 3.569560125470161438e-02 4.418892785906791687e-02 1.516410242766141891e-02 3.296019509434700012e-02 9.208930283784866333e-02 3.572769090533256531e-02 4.207041859626770020e-02 4.585969448089599609e-02 7.522024679929018021e-03 1.040271762758493423e-02 3.182163834571838379e-02 1.371277263388037682e-03 5.214924365282058716e-02 8.147048205137252808e-02 8.490658551454544067e-02 6.180179119110107422e-02 4.748567193746566772e-02 3.264575451612472534e-02 4.668707773089408875e-02 3.485502302646636963e-02 1.574340835213661194e-02 3.218683879822492599e-03 2.092370390892028809e-02 4.922317713499069214e-02 4.064208269119262695e-02
1.893438100814819336e-01 1.717388480901718140e-01 2.386177424341440201e-03 5.771058052778244019e-02 4.553072154521942139e-02 1.201080679893493652e-01 3.554313182830810547e-01 6.100712344050407410e-03 3.149394644424319267e-03 2.654688432812690735e-05 7.713725417852401733e-02 1.633274853229522705e-01 4.875027015805244446e-02 9.826576709747314453e-02 3.694296174217015505e-05 1.097013130784034729e-01 1.915127038955688477e-02 8.902793750166893005e-03 3.036835230886936188e-02 4.048383561894297600e-04 2.117022499442100525e-02 2.162357233464717865e-02 4.740736633539199829e-02 1.456018351018428802e-02 3.558090329170227051e-02 9.701249003410339355e-02 6.524582952260971069e-02 1.227146387100219727e-01 4.217509925365447998e-02 9.683056920766830444e-02 5.392179265618324280e-02 1.361350412480533123e-03 1.792844757437705994e-02 8.648398332297801971e-03 1.439148094505071640e-02 3.295578062534332275e-02 6.839340180158615112e-02 2.820915542542934418e-02 4.852633178234100342e-02 4.923606291413307190e-03 2.574786543846130371e-03 4.332579672336578369e-02 2.787585742771625519e-02 4.552770033478736877e-02 1.558879017829895020e-02 2.443753182888031006e-02 7.011574506759643555e-02 4.402921348810195923e-02 4.166137799620628357e-02 1.035550888627767563e-02 6.298190355300903320e-02 4.268587753176689148e-02 1.799341873265802860e-03 2.133309841156005859e-02 5.273960903286933899e-02 7.887996733188629150e-03 4.299015924334526062e-02 3.521902021020650864e-03 2.914629131555557251e-02 2.782610990107059479e-02 1.333402353338897228e-03 5.773787572979927063e-02 1.227066200226545334e-02 4.274624399840831757e-03 1.474046614021062851e-02 3.676740452647209167e-02 3.207774600014090538e-03 2.353386953473091125e-03 3.091274760663509369e-02 2.549216151237487793e-02 2.844313532114028931e-02 2.800359576940536499e-02 3.303163917735219002e-03 8.333279192447662354e-02 2.265011519193649292e-02 2.229296043515205383e-02 4.925728589296340942e-02 1.055387593805789948e-02 4.255898296833038330e-02 1.000277418643236160e-02 5.166121572256088257e-02 1.040611322969198227e-02 5.219871643930673599e-03 1.749885035678744316e-03 2.481523528695106506e-02 6.040624156594276428e-02 6.653998047113418579e-02 1.283230911940336227e-02 3.629036620259284973e-02 5.943871662020683289e-02 8.555811829864978790e-03 3.580212965607643127e-02 6.996725499629974365e-02 3.284427151083946228e-02 4.950155504047870636e-03 2.045549824833869934e-02 6.062878761440515518e-03 5.985653959214687347e-03 1.730621606111526489e-02 1.944360882043838501e-02 3.589921444654464722e-02 1.328043546527624130e-02 2.640070393681526184e-02 2.029115520417690277e-02 1.402527093887329102e-02 3.532325103878974915e-02 2.265502000227570534e-03 3.731318935751914978e-02 3.047025017440319061e-02 1.600919291377067566e-02 5.549750290811061859e-03 2.571076713502407074e-02 2.416084520518779755e-03 1.592734642326831818e-02 2.676219679415225983e-02 4.061552230268716812e-03
1.200909912586212158e-01 1.358584016561508179e-01 4.189990833401679993e-02 6.506483070552349091e-03 7.746116071939468384e-02 3.554313182830810547e-01 1.156281605362892151e-01 1.143120974302291870e-02 3.332217782735824585e-02 1.298537105321884155e-02 6.072342395782470703e-02 1.180826351046562195e-01 6.537045538425445557e-02 1.667605638504028320e-01 3.809056058526039124e-02 8.945147506892681122e-03 2.677370607852935791e-02 1.000808645039796829e-02 1.259247027337551117e-02 2.673333697021007538e-02 1.175965461879968643e-02 2.219928195700049400e-03 1.733050495386123657e-02 6.080083549022674561e-03 6.232376396656036377e-02 8.648273348808288574e-02 2.226622775197029114e-02 2.702854387462139130e-02 2.689740993082523346e-02 6.777856498956680298e-02 3.331431001424789429e-02 2.218217402696609497e-02 1.117293350398540497e-02 3.025004640221595764e-02 5.558128282427787781e-02 1.281993277370929718e-02 7.051078137010335922e-03 6.429695338010787964e-02 3.913693130016326904e-02 5.494534038007259369e-03 2.123914845287799835e-02 2.266909182071685791e-02 2.558664791285991669e-02 1.702019385993480682e-02 6.246146559715270996e-02 3.307832777500152588e-02 1.221932992339134216e-01 1.423106938600540161e-01 4.089554771780967712e-02 2.672696020454168320e-03 4.035975784063339233e-02 2.712266519665718079e-02 2.351273596286773682e-02 2.139727817848324776e-03 4.531602934002876282e-02 1.160418963991105556e-03 2.529849298298358917e-02 1.944642327725887299e-02 3.334959968924522400e-02 1.132580451667308807e-02 2.773179300129413605e-02 4.712148755788803101e-02 2.414399571716785431e-02 1.678037084639072418e-02 3.396938741207122803e-02 2.533217519521713257e-02 7.626190781593322754e-03 2.851940132677555084e-02 5.683901836164295673e-04 6.007592007517814636e-02 4.580491408705711365e-02 1.694710180163383484e-02 4.816608130931854248e-02 5.804037302732467651e-02 2.994527854025363922e-02 2.033793739974498749e-02 1.250244118273258209e-02 2.489046566188335419e-02 8.050464093685150146e-02 1.052211504429578781e-02 4.407701641321182251e-02 2.259708754718303680e-02 4.603451490402221680e-02 1.967410184442996979e-02 5.078013986349105835e-02 6.491374969482421875e-02 8.148705214262008667e-02 4.558526852633804083e-04 5.012839287519454956e-02 1.325731258839368820e-02 6.282909959554672241e-02 2.383229322731494904e-03 1.152214128524065018e-03 4.339358769357204437e-03 1.607718318700790405e-02 7.617214694619178772e-03 2.336553856730461121e-02 1.499045360833406448e-02 2.631938830018043518e-02 4.176195338368415833e-02 1.720516756176948547e-02 2.972181141376495361e-02 9.654353372752666473e-03 1.513298833742737770e-03 2.842021919786930084e-02 2.182988822460174561e-02 4.465069994330406189e-02 3.722225502133369446e-02 2.865045331418514252e-02 7.833778113126754761e-02 4.489251226186752319e-02 4.842174053192138672e-02 1.880234852433204651e-02 2.907844632863998413e-02 2.680280059576034546e-02 3.724645078182220459e-02
1.940047554671764374e-02 4.137558117508888245e-02 1.046065837144851685e-01 2.508462779223918915e-02 1.384359691292047501e-02 6.100712344050407410e-03 1.143120974302291870e-02 2.724286168813705444e-02 1.338999718427658081e-02 2.106458693742752075e-02 2.244335040450096130e-02 7.502616941928863525e-02 7.679729256778955460e-03 1.128803007304668427e-02 2.193721383810043335e-01 3.553023189306259155e-02 1.097491011023521423e-02 2.004832215607166290e-02 1.016634050756692886e-02 4.209738690406084061e-03 6.587519496679306030e-02 1.274977810680866241e-02 4.321743920445442200e-02 6.357555836439132690e-02 4.322212934494018555e-02 1.116166636347770691e-02 2.155351266264915466e-02 1.700868085026741028e-02 3.964259847998619080e-02 3.140157833695411682e-02 1.432175468653440475e-02 2.554030716419219971e-02 1.214959472417831421e-02 1.687817508354783058e-03 3.319922834634780884e-02 3.551619872450828552e-02 6.760191917419433594e-02 8.081477135419845581e-02 1.964792609214782715e-04 1.755397021770477295e-02 1.613821648061275482e-02 1.003582403063774109e-02 1.117417216300964355e-02 2.999479137361049652e-02 3.451367840170860291e-02 1.159202773123979568e-02 5.271498858928680420e-02 2.935818955302238464e-02 4.066619649529457092e-02 4.174068942666053772e-02 6.405207514762878418e-02 5.039855465292930603e-02 3.123612329363822937e-02 2.743065170943737030e-02 3.171647712588310242e-02 5.723550170660018921e-02 1.771311648190021515e-02 1.804558560252189636e-02 1.641693897545337677e-02 1.437596231698989868e-02 2.466297894716262817e-02 7.806291431188583374e-02 2.416663803160190582e-02 1.800652965903282166e-02 4.938929527997970581e-02 5.384552106261253357e-02 1.968025974929332733e-02 2.692122198641300201e-02 2.803002856671810150e-02 2.488509565591812134e-02 1.177379488945007324e-02 6.630603456869721413e-04 3.501736326143145561e-03 4.320518579334020615e-03 4.020061716437339783e-02 6.533956620842218399e-03 1.529610250145196915e-02 2.546043507754802704e-02 2.365467324852943420e-02 4.521948471665382385e-02 2.371655851602554321e-01 2.021890133619308472e-02 1.490174978971481323e-02 2.466339617967605591e-02 4.021467268466949463e-02 2.590639330446720123e-02 1.554584801197052002e-01 1.153301224112510681e-01 2.213216014206409454e-02 1.420143432915210724e-02 1.566347107291221619e-02 3.670148318633437157e-03 5.169646441936492920e-02 4.903860855847597122e-03 4.138519242405891418e-02 3.619359806180000305e-02 1.593921147286891937e-02 3.098807111382484436e-02 4.522118542809039354e-04 4.258856177330017090e-02 5.194799229502677917e-02 2.781663648784160614e-02 5.110983923077583313e-02 8.525460958480834961e-02 7.619997020810842514e-03 4.851265624165534973e-02 1.886232942342758179e-02 2.980587445199489594e-02 2.899795770645141602e-02 1.143550220876932144e-02 8.947175927460193634e-03 4.478291422128677368e-02 8.616570383310317993e-03 1.638673432171344757e-02 2.283247373998165131e-02 1.669618301093578339e-02
2.904268354177474976e-02 1.694507896900177002e-03 2.596655115485191345e-02 3.257999196648597717e-02 2.133970707654953003e-02 3.149394644424319267e-03 3.332217782735824585e-02 1.338999718427658081e-02 1.136855036020278931e-01 1.010399013757705688e-01 6.053944583982229233e-03 1.294928044080734253e-01 2.742262557148933411e-02 8.272438496351242065e-02 2.543119154870510101e-02 4.898827150464057922e-02 1.855580136179924011e-02 1.215313151478767395e-01 4.942450672388076782e-02 1.496914401650428772e-02 3.499525412917137146e-02 7.618447125423699617e-05 3.426595404744148254e-02 2.130818180739879608e-02 2.462977916002273560e-02 9.412545710802078247e-03 6.500349938869476318e-02 5.179748684167861938e-02 1.775408536195755005e-02 3.077416680753231049e-03 1.414574775844812393e-02 4.368420690298080444e-02 2.265759930014610291e-02 1.039232872426509857e-02 4.907645657658576965e-02 3.563960641622543335e-02 6.505852192640304565e-02 4.242584854364395142e-02 1.091188099235296249e-02 2.162065356969833374e-02 2.637131698429584503e-02 7.725996524095535278e-02 6.629135459661483765e-02 3.344871103763580322e-02 6.254661828279495239e-02 2.415616065263748169e-02 3.236498218029737473e-03 1.917949877679347992e-02 5.299026891589164734e-02 3.357772529125213623e-02 1.599461189471185207e-03 2.713073417544364929e-02 2.595350332558155060e-02 4.199826717376708984e-02 1.366878002882003784e-01 2.748117037117481232e-02 6.881698966026306152e-02 3.031613491475582123e-02 6.788367405533790588e-03 4.988606274127960205e-02 3.868357464671134949e-02 7.390158623456954956e-02 2.351877745240926743e-03 2.665252238512039185e-02 7.712213788181543350e-03 4.006240889430046082e-02 2.832687832415103912e-02 6.630782037973403931e-02 3.213550522923469543e-02 1.001998502761125565e-02 4.276269674301147461e-02 4.906363040208816528e-02 5.354066938161849976e-02 8.316170424222946167e-03 2.664503641426563263e-02 5.090498924255371094e-02 2.006506472826004028e-01 5.174262076616287231e-02 1.261342763900756836e-01 6.401304900646209717e-02 1.700938446447253227e-03 5.744878668338060379e-03 1.474631130695343018e-01 2.096864767372608185e-02 6.266479939222335815e-02 4.304636642336845398e-02 3.552198037505149841e-02 4.341812804341316223e-03 8.789968490600585938e-02 3.855767101049423218e-02 2.971948310732841492e-02 1.599289663136005402e-02 3.197849541902542114e-02 6.095699220895767212e-02 4.782910645008087158e-02 5.661202594637870789e-03 6.065548583865165710e-02 3.205763921141624451e-02 5.013390630483627319e-02 2.021094970405101776e-02 1.737866923213005066e-02 3.831172734498977661e-02 2.807141654193401337e-02 3.398093581199645996e-02 3.837860375642776489e-02 6.609495729207992554e-02 5.618829280138015747e-02 8.291090279817581177e-02 1.901726610958576202e-02 1.479160226881504059e-02 5.219431128352880478e-03 4.004070535302162170e-02 2.118052355945110321e-02 4.615920130163431168e-03 3.923199605196714401e-03 7.363194134086370468e-03
8.309489348903298378e-04 2.221535146236419678e-02 3.053626418113708496e-02 3.718646615743637085e-02 4.057639092206954956e-02 2.654688432812690735e-05 1.298537105321884155e-02 2.106458693742752075e-02 1.010399013757705688e-01 1.290136277675628662e-01 1.718238345347344875e-03 4.032115638256072998e-02 2.191353775560855865e-02 2.795835607685148716e-04 1.773960329592227936e-02 5.381165072321891785e-02 2.678206376731395721e-02 6.115604564547538757e-02 1.274259984493255615e-01 1.129762176424264908e-02 1.687282510101795197e-02 2.207870408892631531e-02 1.248141191899776459e-02 6.902922689914703369e-02 6.814251653850078583e-03 1.012334693223237991e-02 5.655765160918235779e-02 3.346661105751991272e-02 3.793353447690606117e-03 1.592511124908924103e-02 6.196212954819202423e-03 4.018765687942504883e-02 5.249580368399620056e-02 2.085364609956741333e-02 1.827229186892509460e-02 2.045542187988758087e-02 8.087757043540477753e-03 2.264430187642574310e-02 2.743012085556983948e-02 1.462173461914062500e-02 2.019269159063696861e-03 1.283326651901006699e-02 1.578884548507630825e-03 7.229950744658708572e-03 1.101477909833192825e-02 1.080023217946290970e-02 2.159458398818969727e-02 2.377692237496376038e-02 2.835893072187900543e-02 7.981327176094055176e-02 1.090752333402633667e-02 4.104687366634607315e-03 3.551132604479789734e-02 3.609928861260414124e-02 4.031200334429740906e-02 8.560188859701156616e-02 3.724948689341545105e-02 1.064482480287551880e-01 2.491150796413421631e-02 9.307541884481906891e-03 5.116883665323257446e-02 4.264149814844131470e-02 5.323357507586479187e-02 3.755499050021171570e-02 3.889827802777290344e-02 2.996596321463584900e-02 1.583455875515937805e-02 2.714952826499938965e-02 7.485600560903549194e-02 2.010656148195266724e-02 4.094566777348518372e-02 4.498797655105590820e-02 6.110832840204238892e-02 7.408963982015848160e-03 1.557787600904703140e-02 6.447249650955200195e-02 1.584386103786528111e-03 1.408134996891021729e-01 6.553704291582107544e-02 1.120198294520378113e-01 4.714576352853327990e-04 1.410956028848886490e-02 8.268175274133682251e-02 7.516656816005706787e-02 3.245596587657928467e-02 9.924252331256866455e-02 2.538199909031391144e-02 1.102634891867637634e-02 4.695851728320121765e-02 1.326707303524017334e-01 5.412922706454992294e-03 3.077352419495582581e-03 5.504271015524864197e-03 2.886874228715896606e-02 2.961832797154784203e-03 6.077315192669630051e-03 2.875749720260500908e-03 6.579720415174961090e-03 1.933840289711952209e-02 3.147415816783905029e-02 5.585078150033950806e-03 1.732905767858028412e-02 1.573472842574119568e-02 4.032136499881744385e-02 3.116241656243801117e-02 3.157971426844596863e-02 9.559568949043750763e-03 6.827851384878158569e-02 1.627916586585342884e-03 3.518174216151237488e-02 2.678709477186203003e-02 1.148950122296810150e-02 5.799070000648498535e-03 2.799378894269466400e-02 2.966310270130634308e-02 2.905402518808841705e-02
1.549546122550964355e-01 1.487181186676025391e-01 2.521977759897708893e-02 2.355696400627493858e-03 5.650903563946485519e-03 7.713725417852401733e-02 6.072342395782470703e-02 2.244335040450096130e-02 6.053944583982229233e-03 1.718238345347344875e-03 1.200823336839675903e-01 3.261689841747283936e-02 1.183689683675765991e-01 5.891924723982810974e-02 1.257561594247817993e-01 2.645583823323249817e-02 2.434998750686645508e-02 6.068996153771877289e-03 1.467905845493078232e-02 3.648358210921287537e-02 3.583885729312896729e-02 1.119108349084854126e-01 6.488353013992309570e-02 7.239791750907897949e-02 2.448546141386032104e-02 1.662939041852951050e-02 3.038878180086612701e-02 9.022279991768300533e-04 3.313754126429557800e-02 5.270439758896827698e-02 1.100073219276964664e-03 1.517047267407178879e-02 1.372576598078012466e-02 8.128291927278041840e-03 5.479675903916358948e-02 1.165273785591125488e-01 6.452318280935287476e-02 1.387523394078016281e-02 1.413169130682945251e-02 1.420833263546228409e-02 3.868951275944709778e-02 1.719505339860916138e-02 3.409821167588233948e-02 1.008306071162223816e-02 2.227420918643474579e-02 5.984998866915702820e-02 3.315104171633720398e-02 6.759895477443933487e-03 3.578039631247520447e-02 1.483937026932835579e-03 4.812395200133323669e-02 5.443941056728363037e-02 4.300339613109827042e-03 5.647288169711828232e-03 4.339789226651191711e-02 3.365191444754600525e-02 4.275694489479064941e-03 3.427033498883247375e-02 5.846390500664710999e-02 7.127683609724044800e-03 5.347231402993202209e-03 2.072763442993164062e-02 1.216365583240985870e-02 2.069990523159503937e-02 5.010828003287315369e-02 4.793764557689428329e-03 3.015738166868686676e-02 4.846291244029998779e-02 1.582379825413227081e-02 1.153861917555332184e-02 4.159710928797721863e-02 2.532700076699256897e-02 6.557974964380264282e-02 5.782432854175567627e-02 2.927388995885848999e-02 1.070050615817308426e-02 8.538248948752880096e-03 6.514541804790496826e-02 5.163872847333550453e-04 3.260922431945800781e-02 7.567040156573057175e-03 5.461330991238355637e-03 1.384756178595125675e-03 1.174328103661537170e-02 3.916617110371589661e-02 3.547756001353263855e-02 7.001306861639022827e-02 3.707654774188995361e-02 5.283431615680456161e-03 2.339304611086845398e-02 4.662226140499114990e-02 6.454797089099884033e-02 4.035669937729835510e-02 1.949443481862545013e-02 6.806420162320137024e-03 1.914787106215953827e-02 4.512542486190795898e-02 1.083085965365171432e-02 2.338425442576408386e-02 2.172476612031459808e-02 2.127030678093433380e-02 2.936691790819168091e-02 3.402060642838478088e-02 4.370552953332662582e-03 1.785456947982311249e-02 3.204371407628059387e-02 9.912615641951560974e-03 6.539889145642518997e-03 1.514761336147785187e-02 4.049251973628997803e-02 2.305768616497516632e-02 1.522420533001422882e-02 3.770782379433512688e-03 1.644864119589328766e-02 9.939093142747879028e-03 9.818580001592636108e-03
8.658201992511749268e-02 6.962855160236358643e-02 4.694627597928047180e-02 2.458690479397773743e-02 3.356980532407760620e-02 1.633274853229522705e-01 1.180826351046562195e-01 7.502616941928863525e-02 1.294928044080734253e-01 4.032115638256072998e-02 3.261689841747283936e-02 9.254162013530731201e-02 8.980449289083480835e-03 3.507837355136871338e-01 3.527535870671272278e-02 1.916624978184700012e-02 1.212880667299032211e-02 2.383496798574924469e-02 6.079827249050140381e-02 3.366401419043540955e-02 1.811867207288742065e-02 4.856564477086067200e-02 8.301722258329391479e-02 6.208707112818956375e-03 5.041945725679397583e-02 1.228873990476131439e-02 3.667334560304880142e-03 1.504325419664382935e-01 2.525415644049644470e-02 9.799423813819885254e-02 5.821072496473789215e-03 4.365652799606323242e-02 8.280825614929199219e-02 5.186654999852180481e-02 9.515026211738586426e-02 1.226375252008438110e-02 6.770292669534683228e-02 4.752922803163528442e-02 2.101655304431915283e-02 9.972528554499149323e-03 1.931502856314182281e-02 6.963050458580255508e-03 5.721911787986755371e-02 4.210197925567626953e-02 1.277001500129699707e-01 7.635042816400527954e-02 2.214624918997287750e-02 7.517280522733926773e-03 2.929520048201084137e-02 9.738770127296447754e-02 8.803685009479522705e-02 2.815327793359756470e-02 4.823945090174674988e-02 5.369216203689575195e-02 1.568675972521305084e-02 1.058107092976570129e-01 6.278249621391296387e-02 5.625151097774505615e-02 4.889735579490661621e-02 8.042688481509685516e-03 5.323125422000885010e-02 8.920819312334060669e-02 4.945543035864830017e-02 8.209129795432090759e-03 2.161151729524135590e-02 2.289868704974651337e-02 2.242674585431814194e-03 1.107196323573589325e-02 5.032299831509590149e-02 4.850626364350318909e-02 2.543829381465911865e-02 5.423997715115547180e-02 2.443991787731647491e-02 4.438139498233795166e-02 4.397001117467880249e-02 6.381444633007049561e-02 1.821930706501007080e-01 1.949354633688926697e-02 2.327186055481433868e-03 4.755593836307525635e-02 6.558165699243545532e-02 4.769521579146385193e-02 3.882351890206336975e-02 1.396698597818613052e-02 5.192253738641738892e-02 3.187932446599006653e-02 6.945719476789236069e-03 3.624743968248367310e-02 9.538961946964263916e-02 4.079524427652359009e-02 3.298629447817802429e-02 5.781133100390434265e-02 3.207537904381752014e-02 2.171329967677593231e-02 2.668875036761164665e-03 2.069555455818772316e-03 2.575264312326908112e-02 5.237965285778045654e-02 1.982600055634975433e-02 6.019033119082450867e-02 1.049040630459785461e-02 1.437181420624256134e-02 8.511756896041333675e-04 2.497969567775726318e-02 4.626666661351919174e-03 6.316452287137508392e-03 2.191130444407463074e-02 3.215803205966949463e-02 2.356123877689242363e-03 2.889589173719286919e-03 3.328495472669601440e-02 8.169215172529220581e-02 2.579027973115444183e-02 4.696944728493690491e-03 2.924205269664525986e-03 1.544669643044471741e-02
9.093024581670761108e-02 1.319467127323150635e-01 4.496788606047630310e-02 2.342696487903594971e-02 1.040289178490638733e-02 4.875027015805244446e-02 6.537045538425445557e-02 7.679729256778955460e-03 2.742262557148933411e-02 2.191353775560855865e-02 1.183689683675765991e-01 8.980449289083480835e-03 1.349147409200668335e-01 6.405199319124221802e-02 6.995741277933120728e-02 1.025654934346675873e-02 1.612086780369281769e-02 2.213551290333271027e-02 1.140330359339714050e-02 2.643817476928234100e-02 1.957007870078086853e-02 4.796023666858673096e-02 4.324983060359954834e-02 3.517321124672889709e-02 1.689358614385128021e-02 4.951707087457180023e-03 1.012760307639837265e-02 1.975510455667972565e-02 3.907363116741180420e-02 5.174366012215614319e-02 7.262521237134933472e-02 2.071734331548213959e-02 9.243496693670749664e-03 3.772334754467010498e-02 3.593003377318382263e-03 4.849196970462799072e-02 4.506000503897666931e-02 1.038146764039993286e-02 1.136477105319499969e-02 2.014774829149246216e-02 4.355545714497566223e-02 1.752055250108242035e-02 3.812632337212562561e-02 3.920713812112808228e-02 2.334936708211898804e-02 2.780555933713912964e-02 4.058253765106201172e-02 7.154963165521621704e-02 9.563339874148368835e-03 7.061193231493234634e-03 7.874134927988052368e-03 2.159601310268044472e-03 4.912470653653144836e-02 1.967232301831245422e-02 5.128356628119945526e-03 7.629011292010545731e-03 1.552549540065228939e-03 3.880656883120536804e-02 6.799551658332347870e-03 1.896910928189754486e-02 1.427034847438335419e-02 1.263748947530984879e-02 1.280880998820066452e-02 4.295865073800086975e-02 4.507149383425712585e-02 6.436321884393692017e-02 1.958064502105116844e-03 1.588482782244682312e-02 1.222340948879718781e-02 1.886078901588916779e-02 5.130256339907646179e-02 4.240959417074918747e-03 9.697924368083477020e-03 4.582837224006652832e-02 2.211618423461914062e-02 2.455060137435793877e-03 2.379309386014938354e-02 1.670653931796550751e-02 7.879965938627719879e-03 2.379120327532291412e-02 9.527355432510375977e-03 1.348879653960466385e-02 1.035290583968162537e-02 1.200408861041069031e-02 2.455500885844230652e-03 5.112248286604881287e-02 3.135107085108757019e-02 3.624584153294563293e-02 3.455270826816558838e-02 4.621634259819984436e-02 3.821484372019767761e-02 3.483111411333084106e-02 5.329114198684692383e-02 4.182154685258865356e-02 9.314692579209804535e-03 7.387088146060705185e-03 6.603646092116832733e-03 8.660081657581031322e-04 2.080071903765201569e-02 1.083152182400226593e-02 1.749351434409618378e-02 2.778283553197979927e-03 2.717302553355693817e-02 1.125553436577320099e-02 1.602672412991523743e-02 1.210744120180606842e-02 1.493733935058116913e-02 7.012194022536277771e-03 9.144769050180912018e-03 2.258068695664405823e-02 2.313868026249110699e-04 2.258192747831344604e-02 1.507060229778289795e-02 2.050972543656826019e-02 3.847483545541763306e-02 5.428605712950229645e-03
