1.524822264909744263e-01 2.897771298885345459e-01 9.003882296383380890e-03 1.887634396553039551e-02 8.789854124188423157e-03 2.254783362150192261e-01 1.777251213788986206e-01 1.993309147655963898e-02 5.616396083496510983e-04 1.509543880820274353e-02 2.694133520126342773e-01 2.579837664961814880e-02 1.750535517930984497e-01 3.567745536565780640e-02 4.945233464241027832e-02 4.188040329609066248e-04 1.061178650707006454e-02 3.337799385190010071e-02 5.479435622692108154e-02 2.711489610373973846e-02 1.150667294859886169e-02 3.678968548774719238e-02 5.695935711264610291e-02 1.466479897499084473e-02 2.459430368617177010e-03 3.389432327821850777e-03 3.215006785467267036e-03 2.056295983493328094e-02 7.792614400386810303e-02 1.693584397435188293e-02 8.219421654939651489e-02 1.172926556318998337e-02 1.247639302164316177e-02 2.110778540372848511e-02 1.107003446668386459e-02 3.512490168213844299e-02 3.315578401088714600e-02 1.976711302995681763e-02 2.944875136017799377e-02 3.033669292926788330e-02 6.019952520728111267e-02 1.207956764847040176e-02 2.368651703000068665e-02 2.164963260293006897e-02 3.304556757211685181e-02 4.366738721728324890e-02 1.352204978466033936e-01 2.674374030902981758e-03 1.216228306293487549e-02 4.713957756757736206e-02 1.026074308902025223e-02 1.678788289427757263e-02 3.230774030089378357e-02 7.543768151663243771e-04 4.471569508314132690e-02 5.627001449465751648e-02 1.045086607336997986e-02 1.938357949256896973e-02 1.476912293583154678e-02 2.992772497236728668e-02 3.774812910705804825e-03 2.779804170131683350e-02 4.337820690125226974e-03 2.011772058904170990e-02 4.544284567236900330e-02 4.631077498197555542e-02 6.250451784580945969e-03 2.990770712494850159e-02 3.188440948724746704e-02 1.640605740249156952e-02 6.115320138633251190e-04 2.003843151032924652e-02 5.310877226293087006e-03 1.887181587517261505e-02 2.208863198757171631e-02 4.753049835562705994e-02 2.499911375343799591e-02 2.504630759358406067e-02 3.809786634519696236e-03 2.187010273337364197e-02 3.596059232950210571e-02 6.770911626517772675e-03 7.698211818933486938e-02 1.974813640117645264e-02 3.367990953847765923e-03 3.115411475300788879e-02 6.178286299109458923e-02 2.937369979918003082e-02 4.117386043071746826e-02 3.117420338094234467e-02 2.717698737978935242e-02 2.777797635644674301e-04 1.730207167565822601e-02 2.745250985026359558e-02 2.610615268349647522e-02 2.183306217193603516e-02 3.003586269915103912e-02 2.056136913597583771e-02 6.967019289731979370e-02 3.882673010230064392e-02 5.115346051752567291e-03 1.207427959889173508e-02 8.576842024922370911e-03 1.060005091130733490e-02 6.094994023442268372e-02 2.297701867064461112e-04 4.000578075647354126e-02 9.428385645151138306e-03 7.637735921889543533e-03 3.631402552127838135e-02 8.996026590466499329e-03 1.487688720226287842e-02 4.048408567905426025e-02 2.419250644743442535e-02 2.595675736665725708e-02 1.603282522410154343e-03
2.897771298885345459e-01 1.397278904914855957e-01 4.799576848745346069e-02 1.537114381790161133e-02 1.365405414253473282e-02 1.229536980390548706e-01 1.664835512638092041e-01 2.660373784601688385e-02 1.031527295708656311e-02 5.137429758906364441e-02 1.044922471046447754e-01 4.919279366731643677e-03 2.604426443576812744e-01 5.819819867610931396e-02 1.495134457945823669e-02 5.612730048596858978e-03 2.531516179442405701e-02 5.621167272329330444e-02 4.939084500074386597e-02 4.947261139750480652e-02 2.171332761645317078e-02 1.406415831297636032e-02 3.580732271075248718e-02 1.552563253790140152e-02 4.020490869879722595e-02 2.636695094406604767e-02 2.476318366825580597e-02 4.125538468360900879e-02 4.405638575553894043e-02 7.204821333289146423e-03 5.988423526287078857e-02 2.639209479093551636e-02 6.269623339176177979e-02 1.535994745790958405e-02 1.449553016573190689e-02 1.643339917063713074e-02 4.780380800366401672e-02 1.091975718736648560e-02 4.674830473959445953e-03 1.276613026857376099e-02 5.970957875251770020e-02 1.022039726376533508e-02 1.447250507771968842e-02 7.614115253090858459e-03 8.300800807774066925e-03 3.581562545150518417e-03 7.809194922447204590e-02 3.003848530352115631e-02 8.990834467113018036e-03 6.851852685213088989e-02 2.926054969429969788e-02 1.433811895549297333e-02 5.678721703588962555e-03 3.807800263166427612e-02 2.426383551210165024e-03 4.610601440072059631e-02 3.744214773178100586e-02 3.737698122859001160e-02 4.140706267207860947e-03 2.929368987679481506e-02 2.529812417924404144e-02 2.597510442137718201e-02 2.347760135307908058e-03 1.493389252573251724e-02 9.271220862865447998e-02 3.825185075402259827e-02 1.892284490168094635e-02 2.065628208220005035e-02 4.626256413757801056e-03 4.038231447339057922e-02 1.566358096897602081e-02 8.011822588741779327e-03 4.679735749959945679e-03 5.703994259238243103e-02 1.749998889863491058e-02 6.682298332452774048e-02 1.064409408718347549e-02 2.527221292257308960e-02 2.715235389769077301e-02 3.677316382527351379e-02 4.452396184206008911e-02 8.732644841074943542e-03 4.229471459984779358e-02 7.066846359521150589e-03 2.949155680835247040e-02 4.056426510214805603e-02 6.581857055425643921e-02 4.608812928199768066e-02 5.258558783680200577e-03 2.691148780286312103e-02 4.063415341079235077e-03 5.556079372763633728e-02 8.593189530074596405e-03 3.762593492865562439e-02 2.311506308615207672e-02 6.092336028814315796e-03 4.259701818227767944e-02 8.526510000228881836e-02 5.217085126787424088e-03 2.036068961024284363e-02 4.910260811448097229e-02 2.622128091752529144e-02 2.808287553489208221e-02 3.128439188003540039e-02 7.669447362422943115e-02 3.581261727958917618e-03 2.797942049801349640e-02 8.558537811040878296e-03 2.236251160502433777e-02 9.307287633419036865e-03 1.491139270365238190e-02 4.634088650345802307e-02 6.303018331527709961e-02 6.014922168105840683e-03 5.596653092652559280e-03 1.337076816707849503e-02
9.003882296383380890e-03 4.799576848745346069e-02 5.808527767658233643e-02 3.536018729209899902e-02 3.252615034580230713e-02 3.493499010801315308e-02 2.664488554000854492e-02 1.844150722026824951e-01 1.465459167957305908e-02 3.039878420531749725e-02 2.949522063136100769e-02 1.899007894098758698e-02 9.143174625933170319e-03 2.856118232011795044e-02 2.294690161943435669e-02 2.148960530757904053e-02 2.114005200564861298e-02 3.529401868581771851e-02 2.312215603888034821e-02 2.680918760597705841e-02 5.212297663092613220e-03 2.381544373929500580e-02 3.282953798770904541e-02 2.021470107138156891e-02 1.336140558123588562e-02 4.842431098222732544e-02 9.698011726140975952e-02 1.736108027398586273e-02 7.974214851856231689e-03 2.291841804981231689e-02 3.401575237512588501e-02 4.687868058681488037e-03 6.059895269572734833e-03 1.958342082798480988e-02 2.933974191546440125e-02 2.979129925370216370e-02 2.255939319729804993e-02 5.298256129026412964e-02 4.242575913667678833e-02 3.672268241643905640e-02 7.004159688949584961e-02 2.909632213413715363e-02 2.547739446163177490e-02 2.881797403097152710e-02 2.974071726202964783e-02 2.937583252787590027e-02 1.432821713387966156e-02 1.213160250335931778e-02 3.452914208173751831e-02 2.709161303937435150e-02 2.683228068053722382e-02 6.680254824459552765e-03 6.505287718027830124e-03 9.239183738827705383e-03 8.119013509713113308e-04 8.539191447198390961e-03 7.820105180144309998e-03 4.127499833703041077e-02 3.470079228281974792e-02 4.212443530559539795e-02 3.356455639004707336e-02 4.400165379047393799e-02 1.492247264832258224e-02 1.538576278835535049e-02 1.034319493919610977e-02 3.772268816828727722e-02 2.778650261461734772e-02 8.174201357178390026e-04 2.201529033482074738e-02 2.444202080368995667e-02 1.517704408615827560e-02 1.006211061030626297e-02 1.413549296557903290e-02 3.180411830544471741e-02 2.978228963911533356e-02 5.408826749771833420e-03 2.286501601338386536e-02 1.726746000349521637e-02 1.738690026104450226e-02 2.349943295121192932e-02 2.671940624713897705e-01 2.265697121620178223e-01 1.317744329571723938e-02 1.394164399243891239e-03 4.000851139426231384e-02 3.048205049708485603e-03 2.097079157829284668e-02 7.307276129722595215e-02 2.270295284688472748e-02 2.266966179013252258e-02 1.121164392679929733e-02 1.236553024500608444e-02 1.717684441246092319e-03 1.882076263427734375e-02 7.361575961112976074e-02 4.784680530428886414e-02 3.230667486786842346e-02 9.124995209276676178e-03 4.061120003461837769e-02 3.865806758403778076e-02 1.287023071199655533e-03 4.747615754604339600e-02 2.964445389807224274e-02 6.192396953701972961e-02 1.740580052137374878e-02 2.892601676285266876e-02 1.012058276683092117e-02 3.409387543797492981e-02 3.968456014990806580e-02 3.557931631803512573e-02 1.702583394944667816e-02 1.265348121523857117e-02 1.929841004312038422e-02 3.944197669625282288e-02 7.565582543611526489e-02 4.923268780112266541e-02
1.887634396553039551e-02 1.537114381790161133e-02 3.536018729209899902e-02 5.141603574156761169e-02 1.873466968536376953e-01 1.695422083139419556e-02 2.995953708887100220e-02 2.008944517001509666e-03 4.448015615344047546e-02 5.294686183333396912e-02 1.354564540088176727e-02 7.352370303124189377e-03 3.826857730746269226e-02 2.209756709635257721e-02 5.237757787108421326e-02 6.746460683643817902e-03 8.557119965553283691e-02 9.562916308641433716e-02 5.532437190413475037e-02 4.890336655080318451e-03 3.576295822858810425e-02 3.206226602196693420e-02 4.065204411745071411e-02 3.860821947455406189e-02 4.320241510868072510e-02 3.820909420028328896e-03 3.008079528808593750e-02 5.342024192214012146e-02 5.073457024991512299e-03 2.813383191823959351e-02 3.336258977651596069e-02 2.421198971569538116e-02 3.856842219829559326e-02 4.129275307059288025e-02 3.346719220280647278e-02 6.584366317838430405e-03 9.232740849256515503e-03 1.903078705072402954e-02 5.054035037755966187e-02 7.478137034922838211e-03 6.829250603914260864e-03 1.609756052494049072e-02 1.587698608636856079e-02 1.053855288773775101e-02 1.082494482398033142e-02 3.829561918973922729e-02 3.747508674860000610e-02 3.178876265883445740e-02 1.948521099984645844e-02 4.337545484304428101e-03 4.279081895947456360e-02 6.157686188817024231e-02 6.834184285253286362e-03 5.086249858140945435e-02 3.523330390453338623e-02 3.841494768857955933e-02 1.647366583347320557e-02 1.306895352900028229e-02 8.021979033946990967e-02 2.686516940593719482e-02 1.284911781549453735e-01 1.163982897996902466e-01 3.144184872508049011e-02 1.510657928884029388e-02 5.350764468312263489e-02 2.366729266941547394e-02 2.558857575058937073e-02 2.525079622864723206e-02 5.397808179259300232e-02 4.869553074240684509e-02 3.875778988003730774e-03 3.102225624024868011e-02 7.394216209650039673e-02 4.942174255847930908e-02 2.266726829111576080e-02 5.216222628951072693e-02 5.608401820063591003e-02 8.139210753142833710e-03 3.501841798424720764e-02 1.418291404843330383e-02 3.183592483401298523e-02 1.288752723485231400e-02 1.064810678362846375e-01 4.125412553548812866e-02 2.223227359354496002e-02 1.262034755200147629e-02 4.410893470048904419e-02 6.735850125551223755e-02 1.881702616810798645e-02 6.857962906360626221e-02 1.716191880404949188e-02 6.790164858102798462e-02 3.995006904006004333e-03 3.484268859028816223e-02 2.451807819306850433e-02 2.819401398301124573e-02 4.822608083486557007e-02 4.274894297122955322e-02 2.045719511806964874e-02 7.188654690980911255e-02 1.077448483556509018e-02 3.655842319130897522e-02 4.193207249045372009e-03 2.633121982216835022e-02 5.623890832066535950e-02 1.107017975300550461e-02 1.732461526989936829e-02 8.951348066329956055e-02 1.340860035270452499e-02 1.395116001367568970e-02 1.692212559282779694e-02 2.113624289631843567e-02 2.297246642410755157e-02 1.638960279524326324e-02 6.955552101135253906e-02 1.117856726050376892e-01
8.789854124188423157e-03 1.365405414253473282e-02 3.252615034580230713e-02 1.873466968536376953e-01 7.283513247966766357e-02 2.292553335428237915e-02 1.410428714007139206e-02 5.893288925290107727e-02 5.190462619066238403e-02 1.362717431038618088e-02 3.212086483836174011e-02 9.003256447613239288e-03 2.824131213128566742e-02 2.985209971666336060e-02 4.145393893122673035e-02 7.049163803458213806e-03 6.577832158654928207e-03 9.162407368421554565e-03 4.675908386707305908e-02 9.365472942590713501e-03 3.977240622043609619e-02 1.066518016159534454e-02 1.684767007827758789e-02 1.113879773765802383e-02 1.922253705561161041e-02 3.426815615966916084e-03 1.610416360199451447e-02 5.605374649167060852e-02 2.755681611597537994e-02 4.081908240914344788e-02 1.702721416950225830e-02 2.886662445962429047e-02 1.185404602438211441e-02 2.109405025839805603e-02 7.639281451702117920e-03 1.323425397276878357e-02 2.308728359639644623e-02 1.712413853965699673e-03 8.449582010507583618e-02 7.002332061529159546e-02 3.601286094635725021e-03 1.787449727999046445e-04 1.517241727560758591e-02 6.233313586562871933e-03 2.011994644999504089e-02 2.776815555989742279e-02 2.247606776654720306e-02 1.395925786346197128e-02 4.287923127412796021e-02 1.408011419698596001e-03 9.076157584786415100e-03 1.233829092234373093e-02 2.056585811078548431e-02 1.923814532347023487e-03 4.154659807682037354e-02 7.276622112840414047e-03 2.540065534412860870e-02 1.902472786605358124e-02 6.248492747545242310e-02 6.255760043859481812e-02 5.528656020760536194e-02 4.849037528038024902e-02 3.915509581565856934e-02 2.052375115454196930e-03 5.011598765850067139e-02 4.701255261898040771e-02 2.610016055405139923e-02 2.393552660942077637e-02 3.123404644429683685e-02 4.871097393333911896e-03 2.147649787366390228e-02 2.709825336933135986e-02 4.108897224068641663e-02 1.984702423214912415e-02 9.258965402841567993e-02 9.503537788987159729e-03 6.752231623977422714e-03 2.066649124026298523e-02 3.637180849909782410e-02 7.014009170234203339e-04 9.437552653253078461e-03 1.627639867365360260e-02 5.372884497046470642e-02 5.164245516061782837e-02 4.258339176885783672e-04 4.774435237050056458e-02 9.348796680569648743e-03 5.087268073111772537e-03 3.189903870224952698e-02 6.760958785889670253e-05 2.571438625454902649e-02 2.156746573746204376e-02 1.163847465068101883e-02 6.955932360142469406e-03 7.244761101901531219e-03 3.769257338717579842e-03 5.100464075803756714e-02 5.302478559315204620e-03 3.179781883955001831e-02 4.096601158380508423e-03 2.535364218056201935e-02 4.542279988527297974e-02 3.161769360303878784e-02 9.086564183235168457e-03 4.103235434740781784e-03 1.579063758254051208e-02 2.661404386162757874e-02 1.265434622764587402e-01 2.318346127867698669e-02 6.188711896538734436e-02 1.729640737175941467e-02 4.121769964694976807e-02 6.282288115471601486e-03 6.232401821762323380e-03 4.406563937664031982e-02 7.393310219049453735e-02
2.254783362150192261e-01 1.229536980390548706e-01 3.493499010801315308e-02 1.695422083139419556e-02 2.292553335428237915e-02 7.853721082210540771e-02 2.754512429237365723e-01 2.340957149863243103e-02 5.802042782306671143e-02 6.238980963826179504e-02 2.916655130684375763e-02 7.225862145423889160e-02 9.674025326967239380e-02 7.049120962619781494e-02 5.188068374991416931e-02 1.606464385986328125e-02 1.601652614772319794e-02 1.387412287294864655e-02 4.400998353958129883e-02 2.492980659008026123e-02 2.589669264853000641e-02 3.358161449432373047e-02 7.736951857805252075e-02 5.889432504773139954e-02 9.590214118361473083e-03 3.296569734811782837e-02 8.298385143280029297e-02 7.711182534694671631e-02 7.850658148527145386e-02 6.245430558919906616e-02 6.824484444223344326e-04 4.642061516642570496e-02 1.112155336886644363e-02 2.357876859605312347e-02 2.667200006544589996e-02 2.145916596055030823e-02 2.371442131698131561e-02 1.706209219992160797e-02 4.172479733824729919e-02 2.695789560675621033e-02 4.284292459487915039e-02 7.939512282609939575e-02 5.443513765931129456e-02 4.276878014206886292e-02 5.481227114796638489e-02 2.866098657250404358e-02 8.720625936985015869e-02 7.215909659862518311e-02 1.737528666853904724e-02 2.165465615689754486e-02 4.469076811801642179e-04 7.447727769613265991e-02 2.112406119704246521e-02 2.539965137839317322e-02 2.055480703711509705e-02 1.493759267032146454e-02 3.081954084336757660e-02 6.209257524460554123e-03 2.240139432251453400e-02 3.406901285052299500e-02 1.613629423081874847e-02 5.188060551881790161e-02 4.691543430089950562e-02 2.286105649545788765e-03 4.066926240921020508e-02 2.945312112569808960e-02 1.661399565637111664e-02 1.053353492170572281e-02 1.069436967372894287e-02 4.175802320241928101e-02 2.224288694560527802e-02 3.762818640097975731e-03 2.177942544221878052e-03 4.341590777039527893e-02 2.919088117778301239e-02 3.348481550347059965e-04 1.645283587276935577e-02 5.743989720940589905e-02 2.817567437887191772e-03 4.980341531336307526e-03 6.542475521564483643e-02 1.667807251214981079e-02 8.147196844220161438e-03 8.030785247683525085e-03 1.254917383193969727e-01 3.972245752811431885e-02 5.138266831636428833e-02 2.008201740682125092e-02 3.901331126689910889e-02 3.783652558922767639e-02 9.456772357225418091e-02 8.020606474019587040e-04 8.449053019285202026e-02 1.178953517228364944e-02 1.291790138930082321e-02 3.718546405434608459e-02 3.461205959320068359e-02 2.897952310740947723e-02 3.801289200782775879e-02 5.776247475296258926e-03 5.169895011931657791e-03 5.371447652578353882e-03 3.893438726663589478e-02 6.220320984721183777e-02 1.403382234275341034e-02 3.142509842291474342e-03 1.425067428499460220e-02 1.175560615956783295e-02 2.348709851503372192e-03 5.066074803471565247e-02 8.680807426571846008e-03 5.670259706676006317e-04 4.160894826054573059e-02 4.379943385720252991e-02 5.413277447223663330e-02 6.242194026708602905e-02
1.777251213788986206e-01 1.664835512638092041e-01 2.664488554000854492e-02 2.995953708887100220e-02 1.410428714007139206e-02 2.754512429237365723e-01 1.425560563802719116e-01 1.101640239357948303e-02 2.977290563285350800e-02 4.161634668707847595e-02 6.204628199338912964e-02 8.972080796957015991e-02 1.017372757196426392e-01 4.161170870065689087e-02 1.108747869729995728e-01 6.138086784631013870e-03 4.066883027553558350e-02 3.885782137513160706e-02 1.939802989363670349e-02 1.244493410922586918e-03 3.513160720467567444e-02 7.059968262910842896e-02 6.111114099621772766e-02 9.079147875308990479e-02 2.006437815725803375e-02 1.235649362206459045e-02 6.284352391958236694e-02 4.986312612891197205e-02 1.309794634580612183e-01 1.135079655796289444e-02 2.366580627858638763e-02 4.204788058996200562e-02 5.221344158053398132e-02 4.279626533389091492e-02 4.544190131127834320e-03 4.840236902236938477e-02 7.542624324560165405e-02 7.135748397558927536e-03 5.934198386967182159e-03 3.430827707052230835e-02 4.315136745572090149e-02 1.339949108660221100e-02 7.534785568714141846e-02 3.369010984897613525e-02 2.589282579720020294e-02 4.670232161879539490e-02 1.734068393707275391e-01 1.860398352146148682e-01 1.539226970635354519e-03 2.496982552111148834e-02 6.629829877056181431e-04 5.339089781045913696e-03 8.676908910274505615e-02 2.521372772753238678e-02 5.978701519779860973e-04 1.439149305224418640e-02 2.742761187255382538e-02 4.809849895536899567e-03 2.289579808712005615e-02 3.675216063857078552e-02 1.415977021679282188e-03 1.415408123284578323e-02 6.542451679706573486e-02 1.230751909315586090e-02 7.257134467363357544e-02 3.634085133671760559e-02 3.028238564729690552e-02 6.248357519507408142e-02 2.193968556821346283e-02 1.415312057361006737e-03 1.914246939122676849e-02 6.659123301506042480e-02 1.243653241544961929e-02 2.291122451424598694e-02 3.680935362353920937e-03 1.841776818037033081e-02 6.897336244583129883e-02 1.503889914602041245e-02 3.915393725037574768e-02 5.036656185984611511e-02 7.633796334266662598e-02 3.359188884496688843e-02 2.478839643299579620e-02 1.086891535669565201e-02 2.615432068705558777e-02 1.128377299755811691e-02 4.922782629728317261e-02 6.808178126811981201e-02 4.289997741580009460e-02 4.456133767962455750e-02 7.541120052337646484e-03 8.180754631757736206e-02 5.734603852033615112e-02 4.212070256471633911e-02 9.762576781213283539e-03 3.046896867454051971e-02 2.501553623005747795e-03 2.715901657938957214e-02 8.501938544213771820e-03 1.844682730734348297e-02 3.017417900264263153e-02 1.696520112454891205e-02 3.818606585264205933e-02 6.780359894037246704e-03 7.371956110000610352e-02 4.783825948834419250e-02 9.177339961752295494e-04 2.010342292487621307e-02 6.086783111095428467e-02 4.365231469273567200e-02 6.458935327827930450e-03 6.914715468883514404e-02 4.746878892183303833e-02 5.349317193031311035e-02 2.817597473040223122e-03 6.356145441532135010e-02
1.993309147655963898e-02 2.660373784601688385e-02 1.844150722026824951e-01 2.008944517001509666e-03 5.893288925290107727e-02 2.340957149863243103e-02 1.101640239357948303e-02 9.351227432489395142e-02 2.477107569575309753e-02 3.921366482973098755e-02 4.323835298418998718e-02 2.941818907856941223e-02 4.189316555857658386e-02 3.919346258044242859e-02 6.544615328311920166e-02 6.945538520812988281e-02 6.165920197963714600e-02 4.671200364828109741e-02 6.302250176668167114e-02 6.942698732018470764e-03 3.005877323448657990e-02 3.312901407480239868e-02 1.661188341677188873e-02 4.429915454238653183e-03 1.056349370628595352e-02 6.528831273317337036e-02 1.093445252627134323e-02 2.609094418585300446e-02 9.169732220470905304e-03 1.266595907509326935e-02 2.782449591904878616e-03 2.672921121120452881e-02 3.912782669067382812e-02 4.350901022553443909e-02 3.978179302066564560e-03 1.524017774499952793e-03 1.242581196129322052e-02 1.256027370691299438e-01 1.095906249247491360e-03 5.132084712386131287e-02 7.315042614936828613e-02 2.023352682590484619e-02 4.088636860251426697e-02 9.902629256248474121e-02 3.079346194863319397e-02 1.876883022487163544e-02 3.550516068935394287e-02 1.578278280794620514e-02 1.389739941805601120e-02 2.366998605430126190e-02 4.153991118073463440e-02 4.381018877029418945e-02 2.336381375789642334e-02 2.264367975294589996e-02 3.583797067403793335e-02 6.005228031426668167e-03 1.026654243469238281e-02 4.412991926074028015e-02 4.966556094586849213e-03 1.062260381877422333e-02 1.170191541314125061e-02 1.231042481958866119e-02 2.080157957971096039e-02 3.325059264898300171e-02 2.225071936845779419e-02 2.134530618786811829e-02 9.432839229702949524e-03 6.298267282545566559e-03 4.258093237876892090e-02 6.868971884250640869e-02 2.916363626718521118e-02 4.510923847556114197e-02 5.460901302285492420e-04 5.615941807627677917e-02 8.639236912131309509e-03 1.885510794818401337e-02 2.220866829156875610e-02 6.388532463461160660e-03 2.339887060225009918e-02 2.465284615755081177e-02 1.943040192127227783e-01 1.098807081580162048e-01 5.236410288489423692e-05 3.402039036154747009e-02 1.981434039771556854e-02 1.804734021425247192e-02 1.013692468404769897e-01 1.560168564319610596e-01 1.566062122583389282e-02 2.860397100448608398e-02 2.813108637928962708e-02 5.672001745551824570e-03 4.028296098113059998e-02 2.687632665038108826e-02 1.695184595882892609e-02 3.139900974929332733e-03 2.400346286594867706e-02 5.978098884224891663e-02 1.130927447229623795e-02 7.762397639453411102e-03 3.701801970601081848e-02 1.967716589570045471e-02 1.762117957696318626e-03 3.975493367761373520e-03 3.883458301424980164e-02 1.179698947817087173e-02 2.790549769997596741e-02 6.173184141516685486e-02 5.179561208933591843e-03 2.635767497122287750e-02 2.694913558661937714e-02 5.028249230235815048e-03 4.720644652843475342e-02 2.644800767302513123e-02 2.798005938529968262e-02 8.107727020978927612e-02
5.616396083496510983e-04 1.031527295708656311e-02 1.465459167957305908e-02 4.448015615344047546e-02 5.190462619066238403e-02 5.802042782306671143e-02 2.977290563285350800e-02 2.477107569575309753e-02 7.584853470325469971e-02 1.585673838853836060e-01 3.939552232623100281e-02 2.504524029791355133e-02 3.151426091790199280e-02 2.759977802634239197e-02 3.291204199194908142e-02 8.345638215541839600e-02 2.535548992455005646e-02 1.573979556560516357e-01 7.661634683609008789e-02 3.066405467689037323e-02 1.121091749519109726e-02 3.051307424902915955e-02 1.116849929094314575e-01 6.490153074264526367e-02 3.593563660979270935e-02 1.421037502586841583e-02 8.047401905059814453e-02 1.837375573813915253e-02 7.007519155740737915e-02 3.177302703261375427e-02 9.807402268052101135e-03 8.615797013044357300e-02 1.866417750716209412e-02 1.995568163692951202e-02 3.185873106122016907e-02 1.732985861599445343e-02 2.140396647155284882e-02 3.118579974398016930e-03 3.977823257446289062e-02 3.191328421235084534e-02 1.473136153072118759e-02 1.260622637346386909e-03 4.317961260676383972e-02 6.268457323312759399e-02 5.172761157155036926e-02 6.041156500577926636e-02 5.206671729683876038e-02 9.711579419672489166e-03 2.346518822014331818e-02 2.432318590581417084e-02 2.800492383539676666e-02 3.492909297347068787e-02 4.210482165217399597e-02 9.825893677771091461e-03 7.399009168148040771e-02 5.970682576298713684e-02 2.418782934546470642e-02 7.012943737208843231e-03 4.242525994777679443e-02 2.689906768500804901e-02 4.052166640758514404e-02 6.510716676712036133e-02 2.335522882640361786e-02 6.909062713384628296e-02 7.383739203214645386e-02 1.115947030484676361e-02 7.722295355051755905e-03 1.728995330631732941e-02 1.089953929185867310e-01 6.142700836062431335e-02 4.267242178320884705e-02 7.624758780002593994e-02 1.686545903794467449e-03 1.696773059666156769e-02 6.256758421659469604e-02 5.154225975275039673e-03 2.323292046785354614e-01 4.941495880484580994e-02 7.769521325826644897e-02 1.002534702420234680e-01 4.168160725384950638e-03 2.354460209608078003e-02 7.705026865005493164e-02 9.316181391477584839e-02 4.355986788868904114e-02 1.860547065734863281e-02 2.147839218378067017e-02 3.257351368665695190e-02 1.377466320991516113e-01 6.278271228075027466e-02 7.030023634433746338e-02 5.250975489616394043e-02 3.688377887010574341e-02 6.091430783271789551e-02 6.692732125520706177e-02 6.191563233733177185e-02 3.319587931036949158e-02 1.535141374915838242e-02 1.275433693081140518e-02 1.030288189649581909e-01 1.328217424452304840e-02 6.962328217923641205e-03 4.928080365061759949e-03 2.074156701564788818e-02 1.498758606612682343e-02 4.511330649256706238e-02 3.391867876052856445e-02 7.225976139307022095e-02 4.055841825902462006e-03 6.868482381105422974e-02 2.073177881538867950e-02 1.035592231346527115e-05 7.206084206700325012e-03 2.900033444166183472e-02 4.766074568033218384e-02 8.096075616776943207e-03
1.509543880820274353e-02 5.137429758906364441e-02 3.039878420531749725e-02 5.294686183333396912e-02 1.362717431038618088e-02 6.238980963826179504e-02 4.161634668707847595e-02 3.921366482973098755e-02 1.585673838853836060e-01 7.173263281583786011e-02 4.282159358263015747e-02 1.499573932960629463e-03 5.798695981502532959e-02 7.792775332927703857e-02 1.713868230581283569e-02 7.990721613168716431e-02 6.679060310125350952e-02 1.173087954521179199e-02 1.936182975769042969e-01 1.391055155545473099e-02 1.481439359486103058e-02 1.028387770056724548e-01 8.373792283236980438e-03 7.290138304233551025e-02 9.532893076539039612e-03 4.882106091827154160e-03 4.787665233016014099e-02 2.080444060266017914e-02 1.708192192018032074e-02 1.534931920468807220e-02 5.307596921920776367e-02 7.419940084218978882e-04 5.838047340512275696e-02 5.181231349706649780e-02 3.969474509358406067e-02 3.241278231143951416e-02 9.724137373268604279e-03 6.444343179464340210e-02 6.219189986586570740e-02 1.604656316339969635e-02 8.609128184616565704e-03 6.645134836435317993e-02 1.755603775382041931e-02 4.047801345586776733e-02 8.943773061037063599e-02 2.899687737226486206e-02 7.053961604833602905e-02 6.500030308961868286e-02 1.824946515262126923e-02 9.432711452245712280e-02 3.078630007803440094e-02 2.661867300048470497e-03 7.775397598743438721e-02 8.258779346942901611e-02 4.044847562909126282e-02 9.217313677072525024e-02 2.400784566998481750e-02 2.118708938360214233e-02 5.927767604589462280e-02 6.806220114231109619e-02 5.559377837926149368e-03 3.592867637053132057e-03 2.947703003883361816e-02 8.213327080011367798e-02 5.332113802433013916e-02 3.539451956748962402e-02 5.026622489094734192e-02 2.235257066786289215e-03 4.342576861381530762e-02 3.140430897474288940e-02 4.205989092588424683e-02 3.887132927775382996e-02 5.987576767802238464e-02 7.585843559354543686e-03 6.185258179903030396e-02 6.312175840139389038e-02 5.881689116358757019e-02 3.133549392223358154e-01 3.964154049754142761e-02 2.271045595407485962e-01 1.166935451328754425e-02 1.598453894257545471e-02 2.390332520008087158e-02 5.791683215647935867e-03 2.899051085114479065e-02 1.172028556466102600e-01 4.301714152097702026e-02 6.043986976146697998e-02 3.876929357647895813e-02 3.107473440468311310e-02 1.182477641850709915e-02 8.642242848873138428e-02 4.536410421133041382e-02 7.842449843883514404e-02 1.989641226828098297e-03 3.725155815482139587e-02 1.957992836833000183e-02 3.331958130002021790e-02 1.181037127971649170e-01 7.358629256486892700e-02 8.003171533346176147e-03 9.039679169654846191e-02 3.384041413664817810e-02 4.030885919928550720e-02 5.476743355393409729e-02 2.569629624485969543e-02 3.178759291768074036e-02 3.154318407177925110e-02 2.160755544900894165e-02 1.825712621212005615e-02 6.126893684267997742e-02 1.433817483484745026e-02 6.061014905571937561e-02 7.754618674516677856e-02 2.417295426130294800e-02 4.322114866226911545e-03
2.694133520126342773e-01 1.044922471046447754e-01 2.949522063136100769e-02 1.354564540088176727e-02 3.212086483836174011e-02 2.916655130684375763e-02 6.204628199338912964e-02 4.323835298418998718e-02 3.939552232623100281e-02 4.282159358263015747e-02 9.210242331027984619e-02 2.655469067394733429e-02 1.259263008832931519e-01 6.106726825237274170e-02 2.495316416025161743e-02 4.735270142555236816e-02 2.947031520307064056e-02 4.869243875145912170e-02 1.333158556371927261e-02 3.570346161723136902e-02 3.172628115862607956e-03 1.660529710352420807e-02 6.220696959644556046e-03 7.976524531841278076e-03 1.274029817432165146e-02 6.260400637984275818e-03 2.498697675764560699e-02 5.009563639760017395e-02 3.521198034286499023e-02 4.426100477576255798e-02 4.460568726062774658e-02 2.403402002528309822e-03 1.220052503049373627e-02 2.515797677915543318e-04 1.664065197110176086e-02 2.116285823285579681e-02 6.698726676404476166e-03 1.887483894824981689e-02 7.780263666063547134e-03 1.894895918667316437e-02 6.666211877018213272e-03 1.503540202975273132e-02 2.675455249845981598e-02 8.631180971860885620e-03 2.668954618275165558e-02 3.581984341144561768e-02 9.879887849092483521e-02 2.038034982979297638e-02 4.705425351858139038e-02 1.412495225667953491e-02 1.253405236639082432e-03 4.371992126107215881e-02 1.959398016333580017e-02 4.039221443235874176e-03 5.091557651758193970e-02 4.298745468258857727e-02 5.152127891778945923e-02 3.448343835771083832e-03 5.347772967070341110e-03 1.599723473191261292e-02 5.870357155799865723e-03 7.598275784403085709e-03 3.404473885893821716e-02 6.818992551416158676e-03 1.025585308670997620e-01 7.134021818637847900e-02 5.169250816106796265e-02 2.088061347603797913e-02 4.737691581249237061e-02 4.243827983736991882e-02 3.363058716058731079e-02 5.612354725599288940e-02 2.242346853017807007e-02 3.345227567479014397e-03 3.279474005103111267e-02 1.671360805630683899e-02 5.955317523330450058e-03 3.337198868393898010e-02 4.832285270094871521e-02 1.520652230829000473e-02 6.231777369976043701e-02 2.885350026190280914e-02 2.998117171227931976e-02 6.025535613298416138e-02 4.718531668186187744e-02 9.259932488203048706e-02 6.472454220056533813e-02 3.368468210101127625e-02 1.210938580334186554e-02 7.186427712440490723e-02 4.805587977170944214e-02 4.976383969187736511e-02 3.757065907120704651e-02 2.611704729497432709e-02 6.015490274876356125e-03 2.441168017685413361e-02 7.302582729607820511e-03 5.733961984515190125e-02 4.066181927919387817e-02 2.118073403835296631e-02 6.445017457008361816e-02 5.455365031957626343e-02 1.463120337575674057e-02 5.136247258633375168e-03 5.026263743638992310e-02 3.204452991485595703e-02 2.394899539649486542e-02 3.909100592136383057e-02 1.522498391568660736e-02 7.560448348522186279e-02 2.675881795585155487e-02 4.793911799788475037e-02 2.965733408927917480e-02 9.012940339744091034e-03 4.340575076639652252e-03 2.227393724024295807e-02
2.579837664961814880e-02 4.919279366731643677e-03 1.899007894098758698e-02 7.352370303124189377e-03 9.003256447613239288e-03 7.225862145423889160e-02 8.972080796957015991e-02 2.941818907856941223e-02 2.504524029791355133e-02 1.499573932960629463e-03 2.655469067394733429e-02 3.567647561430931091e-02 3.026600554585456848e-02 1.225834786891937256e-01 6.976718083024024963e-03 2.754548192024230957e-02 1.226542610675096512e-02 5.216935276985168457e-02 5.415733531117439270e-02 1.038762368261814117e-02 1.829435490071773529e-02 5.919697508215904236e-02 7.934276759624481201e-02 2.086104080080986023e-02 1.705129072070121765e-02 6.149603053927421570e-03 4.681836441159248352e-02 8.409568667411804199e-02 5.528730526566505432e-02 7.215362787246704102e-02 8.216788619756698608e-02 3.617715835571289062e-02 6.201567128300666809e-02 4.384847730398178101e-02 1.249132491648197174e-02 4.824559390544891357e-02 1.501251570880413055e-02 3.476587589830160141e-03 6.434682011604309082e-02 4.351662471890449524e-02 6.303192675113677979e-02 4.522149637341499329e-02 4.344667308032512665e-03 1.537620928138494492e-02 3.874864196404814720e-03 4.857790097594261169e-02 6.183093879371881485e-03 4.969056323170661926e-02 3.913349937647581100e-03 5.189549550414085388e-02 5.410754680633544922e-02 6.421937048435211182e-02 3.049447201192378998e-02 1.326873712241649628e-02 2.976390533149242401e-02 6.995513290166854858e-02 6.833868473768234253e-02 4.497885704040527344e-03 7.508499175310134888e-02 4.005553945899009705e-02 6.279542297124862671e-02 4.449609550647437572e-04 2.046989277005195618e-02 1.241358928382396698e-02 4.768660292029380798e-02 3.914046287536621094e-02 1.292338874191045761e-02 5.054583773016929626e-02 7.824466563761234283e-03 2.320912480354309082e-02 3.000571765005588531e-02 8.206415921449661255e-03 9.289992973208427429e-03 2.070022933185100555e-02 3.761898726224899292e-02 7.316014263778924942e-03 5.652386695146560669e-02 3.811370953917503357e-02 1.041024923324584961e-02 2.910200692713260651e-02 2.483214996755123138e-02 3.471093252301216125e-03 1.090221386402845383e-02 4.534265026450157166e-02 7.605306804180145264e-02 6.526052206754684448e-02 1.917650923132896423e-02 3.117123432457447052e-02 8.264506608247756958e-02 1.463748607784509659e-02 2.266876399517059326e-02 2.232356928288936615e-02 5.210237577557563782e-03 3.322380036115646362e-02 4.447980597615242004e-02 6.158337462693452835e-03 1.400017831474542618e-02 4.460196569561958313e-02 2.636867761611938477e-02 4.672132898122072220e-03 4.191390052437782288e-02 3.488214919343590736e-03 9.085137280635535717e-04 1.390123181045055389e-02 3.228154405951499939e-02 3.179357573390007019e-02 3.611636161804199219e-02 6.852335063740611076e-04 4.043051600456237793e-02 1.690742559731006622e-02 2.460874058306217194e-02 5.228745937347412109e-02 4.287931695580482483e-02 3.649478778243064880e-02 1.601629331707954407e-02 3.782285377383232117e-02
1.750535517930984497e-01 2.604426443576812744e-01 9.143174625933170319e-03 3.826857730746269226e-02 2.824131213128566742e-02 9.674025326967239380e-02 1.017372757196426392e-01 4.189316555857658386e-02 3.151426091790199280e-02 5.798695981502532959e-02 1.259263008832931519e-01 3.026600554585456848e-02 8.881293237209320068e-02 2.988168783485889435e-02 1.471385732293128967e-02 7.492800801992416382e-02 4.418091848492622375e-02 1.278002839535474777e-02 1.876820623874664307e-02 5.238728597760200500e-02 3.579628095030784607e-02 2.216728217899799347e-02 2.931223809719085693e-02 6.341798603534698486e-02 4.490992054343223572e-03 4.027524497359991074e-03 2.363245002925395966e-02 9.109830856323242188e-02 6.003347039222717285e-02 6.775675714015960693e-02 2.581099979579448700e-02 3.111582249402999878e-02 3.624106198549270630e-02 9.152337908744812012e-03 2.190728299319744110e-02 2.388192154467105865e-02 2.955357544124126434e-02 8.236287976615130901e-04 2.207580395042896271e-02 8.185951039195060730e-03 6.358785182237625122e-02 4.681563749909400940e-02 1.495034899562597275e-02 4.176172241568565369e-02 6.779308430850505829e-03 2.039176039397716522e-02 2.344575896859169006e-02 4.864350892603397369e-03 1.316600479185581207e-02 6.493552029132843018e-02 1.428835187107324600e-02 5.562924593687057495e-02 4.307205323129892349e-03 5.728912726044654846e-02 9.957560338079929352e-03 4.739894717931747437e-02 7.399060297757387161e-03 1.767808571457862854e-02 2.129438705742359161e-02 8.520099334418773651e-03 1.225053798407316208e-02 6.734765321016311646e-02 8.680282160639762878e-03 2.363067679107189178e-02 5.580213293433189392e-02 1.018108576536178589e-01 4.216748476028442383e-02 1.363917998969554901e-02 2.187180891633033752e-02 5.943828821182250977e-02 6.223943200893700123e-04 4.768586158752441406e-02 2.285468764603137970e-02 3.505260497331619263e-02 4.518257454037666321e-03 1.153036858886480331e-02 3.153767436742782593e-02 1.440747082233428955e-02 2.670940011739730835e-02 4.399647191166877747e-02 2.020147070288658142e-02 4.119845852255821228e-02 3.291738219559192657e-03 2.317126281559467316e-02 1.652928069233894348e-02 1.791093870997428894e-02 3.289325162768363953e-02 1.046112999320030212e-01 3.422020934522151947e-03 4.577592387795448303e-02 4.334995150566101074e-02 2.654623053967952728e-02 2.094304363708943129e-04 1.429292187094688416e-02 1.059468602761626244e-03 4.603461921215057373e-02 1.796204969286918640e-02 2.119504846632480621e-02 2.119316905736923218e-02 3.382052527740597725e-03 2.843787334859371185e-02 1.376720797270536423e-02 5.302472040057182312e-03 3.541857376694679260e-02 3.046347014605998993e-02 1.585533469915390015e-02 6.014800444245338440e-02 3.688488155603408813e-03 3.376177698373794556e-02 3.478663787245750427e-02 1.376703754067420959e-02 7.397809531539678574e-03 7.409233599901199341e-02 1.029687188565731049e-02 5.682131648063659668e-02 9.017070382833480835e-02
