4.098709300160408020e-02 2.514981329441070557e-01 2.885742671787738800e-02 6.028248742222785950e-02 1.032803133130073547e-01 1.253692805767059326e-01 2.137686125934123993e-02 1.303653139621019363e-02 8.244706690311431885e-02 3.189586848020553589e-02 2.182215452194213867e-01 4.303107783198356628e-02 8.063676953315734863e-02 5.797068402171134949e-02 2.783575840294361115e-02 9.334905073046684265e-03 3.774658218026161194e-02 6.694423500448465347e-03 3.017333522439002991e-02 3.425123542547225952e-02 3.938401117920875549e-02 3.736608475446701050e-02 3.207698091864585876e-02 1.664095744490623474e-02 8.526275050826370716e-04 3.683329373598098755e-02 1.949650608003139496e-02 3.725601360201835632e-02 1.890068501234054565e-02 5.738922581076622009e-02 2.906652865931391716e-03 4.896698147058486938e-02 3.646382316946983337e-02 5.672836676239967346e-02 1.432780735194683075e-02 9.931283071637153625e-03 2.751703932881355286e-02 2.842721529304981232e-02 1.706404238939285278e-02 6.995004415512084961e-02 7.802307605743408203e-02 2.571871690452098846e-02 2.004685084102675319e-04 3.630246222019195557e-02 2.086330391466617584e-02 5.390905961394309998e-02 9.091491252183914185e-02 3.171162307262420654e-02 1.784755848348140717e-02 1.892331242561340332e-02 2.762701921164989471e-02 2.881331369280815125e-02 4.918706789612770081e-02 4.067680612206459045e-02 3.361756354570388794e-02 4.167148843407630920e-03 1.757178397383540869e-04 4.331662133336067200e-02 1.514039002358913422e-02 3.174254298210144043e-02 1.092196069657802582e-02 5.083623155951499939e-02 2.128486149013042450e-02 6.139871664345264435e-03 1.011613663285970688e-02 4.928135871887207031e-02 3.463429398834705353e-03 9.672224521636962891e-03 4.669228568673133850e-02 1.027236655354499817e-01 5.164746195077896118e-02 1.321332901716232300e-01 3.320211917161941528e-02 3.326514735817909241e-03 1.096055358648300171e-01 1.765966974198818207e-02 5.488361697643995285e-03 2.694865502417087555e-02 3.738832473754882812e-02 4.328713566064834595e-02 3.494237363338470459e-02 4.043567553162574768e-02 1.353825349360704422e-02 1.468142122030258179e-02 2.671488374471664429e-02 2.564443740993738174e-03 2.254626248031854630e-03 2.648887224495410919e-02 9.005447849631309509e-03 3.926734998822212219e-02 6.569020450115203857e-02 3.839662298560142517e-02 4.638972133398056030e-02 2.057230658829212189e-02 6.100673973560333252e-02 1.699270680546760559e-02 2.770187333226203918e-02 1.640597009100019932e-03 2.518978156149387360e-02 7.995298132300376892e-03 2.170484699308872223e-02 3.718535974621772766e-02 4.037722572684288025e-02 3.479053732007741928e-03 3.899771347641944885e-02 4.532873257994651794e-02 5.542813334614038467e-03 4.719585180282592773e-02 4.697860404849052429e-02 3.658874658867716789e-03 4.015110433101654053e-02 1.756738126277923584e-02 1.040192507207393646e-02 2.342791855335235596e-02 4.483565315604209900e-02 1.917508989572525024e-02
2.514981329441070557e-01 9.073517471551895142e-02 3.615033626556396484e-02 7.525924593210220337e-02 8.436383306980133057e-02 1.239233240485191345e-01 9.818174690008163452e-02 2.243787050247192383e-02 1.816533505916595459e-02 6.117059290409088135e-02 2.034217715263366699e-01 2.163067646324634552e-02 1.931870281696319580e-01 2.191380411386489868e-02 2.414003014564514160e-02 4.447890818119049072e-02 4.340168461203575134e-02 4.569949954748153687e-02 5.940227583050727844e-02 1.212260569445788860e-03 3.669497370719909668e-02 4.534640535712242126e-02 1.059664506465196609e-02 7.458398584276437759e-03 1.983301341533660889e-02 8.003812283277511597e-03 3.421879559755325317e-02 4.056088998913764954e-02 6.103222817182540894e-02 3.610887378454208374e-02 9.633834473788738251e-03 4.218576475977897644e-02 1.087508350610733032e-02 2.418083511292934418e-02 1.753708161413669586e-02 2.800055220723152161e-02 3.085162118077278137e-02 3.402379155158996582e-02 1.035674884915351868e-01 2.416033856570720673e-02 4.177718982100486755e-02 4.879327025264501572e-03 3.753752261400222778e-02 6.277482490986585617e-03 1.383869722485542297e-02 7.017139345407485962e-02 9.451268613338470459e-02 2.913113869726657867e-02 3.595397993922233582e-02 1.036069169640541077e-02 4.001165926456451416e-02 5.455898586660623550e-03 2.391389198601245880e-02 5.554175376892089844e-02 7.251710444688796997e-02 5.197619087994098663e-03 2.183499746024608612e-02 2.959165722131729126e-02 4.152626916766166687e-02 1.746216602623462677e-02 3.874203562736511230e-02 4.242603853344917297e-02 3.477883338928222656e-02 1.712655276060104370e-02 5.540877208113670349e-02 3.121621906757354736e-02 2.348654437810182571e-03 3.077593259513378143e-02 8.218137547373771667e-03 3.005950152873992920e-02 2.731782384216785431e-02 4.179559275507926941e-02 8.991603553295135498e-02 3.255050256848335266e-02 4.081454128026962280e-02 2.548880502581596375e-02 1.961362175643444061e-02 2.497773244976997375e-02 2.691015601158142090e-03 6.511198729276657104e-02 1.154401805251836777e-02 1.965247094631195068e-02 6.248901598155498505e-03 1.675414852797985077e-02 1.751529797911643982e-02 2.859487757086753845e-02 5.245560780167579651e-03 8.840267546474933624e-04 3.776704892516136169e-02 1.715059392154216766e-02 1.562504097819328308e-02 3.896844014525413513e-02 2.623007260262966156e-02 1.564868539571762085e-02 2.316603250801563263e-02 1.226367242634296417e-02 1.416057068854570389e-02 2.480198442935943604e-02 2.845427393913269043e-02 1.664137840270996094e-02 2.654023468494415283e-02 1.102084293961524963e-02 8.867701515555381775e-03 5.044206231832504272e-02 5.561221763491630554e-02 2.045380137860774994e-02 4.201388359069824219e-02 4.024183005094528198e-02 3.399034217000007629e-02 3.461977466940879822e-02 4.700846038758754730e-03 2.938559511676430702e-03 2.399513684213161469e-02 4.254914075136184692e-02 2.496163360774517059e-02 2.796326950192451477e-02
2.885742671787738800e-02 3.615033626556396484e-02 2.201749570667743683e-02 5.437604337930679321e-02 3.142276778817176819e-02 5.345303565263748169e-02 8.782103657722473145e-02 9.800856560468673706e-02 3.780969604849815369e-02 7.373973727226257324e-02 2.452397346496582031e-02 5.376712977886199951e-02 2.214659377932548523e-02 3.704829141497612000e-02 1.408596523106098175e-02 5.689391121268272400e-02 7.650749385356903076e-02 6.627295515500009060e-04 1.258878968656063080e-02 2.967492304742336273e-02 3.483106568455696106e-02 3.313131630420684814e-02 2.691186498850584030e-03 1.090867444872856140e-02 4.932300001382827759e-02 2.358621731400489807e-02 2.202960103750228882e-02 1.027295365929603577e-01 7.323506753891706467e-03 1.262541487812995911e-02 6.776836514472961426e-02 2.184990420937538147e-02 4.619347304105758667e-02 2.744823135435581207e-02 1.424598135054111481e-02 4.272157326340675354e-02 5.701139941811561584e-02 2.438051253557205200e-02 5.501131713390350342e-02 6.656425539404153824e-03 7.054360210895538330e-02 1.710171252489089966e-02 2.071474865078926086e-02 3.901051729917526245e-02 4.905375838279724121e-02 2.695991098880767822e-02 7.267989218235015869e-02 1.494384258985519409e-01 1.978793554008007050e-02 2.341436780989170074e-02 1.469904440455138683e-03 5.304162949323654175e-02 5.434514954686164856e-02 1.433260040357708931e-03 2.725544013082981110e-02 3.089871257543563843e-02 5.328618362545967102e-02 2.968746237456798553e-02 6.117680668830871582e-02 2.477471949532628059e-03 3.037355840206146240e-02 4.704608395695686340e-02 2.552400156855583191e-02 4.199010878801345825e-02 2.001215890049934387e-02 3.491619601845741272e-02 4.685241356492042542e-02 1.178306899964809418e-02 1.198658533394336700e-02 3.536456450819969177e-02 3.577183559536933899e-02 3.248431533575057983e-02 7.404533028602600098e-02 4.527351632714271545e-02 4.503268748521804810e-02 3.180058300495147705e-02 2.745520137250423431e-02 4.466490820050239563e-03 3.171876445412635803e-02 6.559561192989349365e-02 1.417654454708099365e-01 1.410107910633087158e-01 7.931608706712722778e-02 3.200697526335716248e-02 4.431491717696189880e-02 1.951522752642631531e-02 3.067228943109512329e-02 1.945630833506584167e-02 2.187822945415973663e-03 4.231356829404830933e-02 6.039051339030265808e-02 1.225519925355911255e-02 1.840144544839859009e-01 4.057698696851730347e-02 4.113536793738603592e-03 1.730406843125820160e-02 4.490436613559722900e-02 1.527426838874816895e-01 2.672475762665271759e-02 3.205431252717971802e-02 2.379802428185939789e-02 7.769109308719635010e-02 3.531498834490776062e-02 8.665306866168975830e-02 4.086885973811149597e-02 6.653366982936859131e-02 4.992108419537544250e-02 2.441144548356533051e-02 1.235061604529619217e-02 5.639345571398735046e-02 2.251300401985645294e-02 6.992425769567489624e-02 2.453865855932235718e-02 4.386755637824535370e-03 2.959386631846427917e-02 1.281433273106813431e-02
6.028248742222785950e-02 7.525924593210220337e-02 5.437604337930679321e-02 6.743122637271881104e-02 2.704240679740905762e-01 6.904715299606323242e-02 1.624971441924571991e-02 1.766324974596500397e-02 2.843221463263034821e-02 4.937608912587165833e-02 6.818316876888275146e-02 1.955113373696804047e-03 3.403401747345924377e-02 7.307050749659538269e-03 3.506303578615188599e-02 4.834080114960670471e-02 4.027720540761947632e-03 6.760109215974807739e-02 4.580501094460487366e-02 1.153420656919479370e-02 1.818902790546417236e-02 6.512787193059921265e-03 2.809513360261917114e-02 4.108160501345992088e-04 3.580477088689804077e-02 1.920499838888645172e-02 1.786055043339729309e-02 1.169734727591276169e-02 3.808836638927459717e-02 1.411210000514984131e-02 4.560544714331626892e-02 5.464987829327583313e-02 1.602134294807910919e-02 3.920150920748710632e-02 1.103111170232295990e-02 4.491161555051803589e-03 3.645853837952017784e-03 2.282974682748317719e-02 8.490919321775436401e-02 2.634557336568832397e-02 3.367704525589942932e-02 8.813209831714630127e-03 1.166287250816822052e-02 5.607304349541664124e-02 4.609322547912597656e-02 6.390447914600372314e-02 5.561745166778564453e-02 1.642417535185813904e-02 3.562496975064277649e-02 6.023086607456207275e-02 1.503879297524690628e-02 3.859541937708854675e-02 5.311273504048585892e-03 3.474311530590057373e-02 9.701046161353588104e-03 2.428940869867801666e-02 3.056921996176242828e-02 2.094097435474395752e-02 2.488278225064277649e-02 2.818362321704626083e-03 4.349754750728607178e-02 7.571186125278472900e-02 5.362093448638916016e-02 1.434101816266775131e-02 2.391845919191837311e-02 6.045899540185928345e-02 5.243848077952861786e-03 1.074696145951747894e-02 2.411346137523651123e-02 1.041871868073940277e-02 2.825559116899967194e-03 4.187914729118347168e-02 1.270450651645660400e-01 3.554073348641395569e-02 9.521779417991638184e-02 7.225002627819776535e-03 3.567446547094732523e-04 5.534190684556961060e-02 5.816189944744110107e-02 1.015790086239576340e-02 4.616333171725273132e-03 1.477632112801074982e-02 6.029234081506729126e-02 8.377054333686828613e-02 1.996106468141078949e-02 2.940554730594158173e-02 6.569547113031148911e-04 2.167898975312709808e-02 3.146852133795619011e-03 2.784775756299495697e-02 7.054626941680908203e-03 8.327206596732139587e-03 2.344479039311408997e-02 2.112465008394792676e-04 2.803237549960613251e-02 2.604522183537483215e-02 2.490650676190853119e-02 2.702121809124946594e-02 1.706159114837646484e-02 1.243538223206996918e-02 5.147194117307662964e-02 7.728702388703823090e-03 3.838667646050453186e-02 5.527554079890251160e-02 7.477279752492904663e-03 3.663572296500205994e-02 5.132146552205085754e-02 4.059793055057525635e-02 4.567477479577064514e-02 7.906066253781318665e-03 9.968767873942852020e-03 2.206093631684780121e-02 4.494589939713478088e-02 6.670663505792617798e-02 6.123575940728187561e-02 2.950118621811270714e-03
1.032803133130073547e-01 8.436383306980133057e-02 3.142276778817176819e-02 2.704240679740905762e-01 1.185641735792160034e-01 3.714786842465400696e-02 1.786225289106369019e-02 1.976988837122917175e-02 4.077925533056259155e-02 8.399343490600585938e-02 7.282245904207229614e-02 1.800076663494110107e-02 1.226975768804550171e-02 2.019947161898016930e-03 2.753722108900547028e-02 4.711639508605003357e-02 1.633616629987955093e-03 3.608416020870208740e-02 1.852503567934036255e-01 2.929019741714000702e-02 3.792532486841082573e-03 1.376512181013822556e-02 3.021832183003425598e-02 2.402887679636478424e-02 3.613536478951573372e-03 1.142933499068021774e-02 5.238391458988189697e-02 3.183514624834060669e-02 3.870601579546928406e-02 3.924046829342842102e-02 4.255008883774280548e-03 3.362614288926124573e-02 5.541509017348289490e-03 3.849893342703580856e-03 3.340489789843559265e-02 2.266997843980789185e-02 4.993540793657302856e-02 1.715454272925853729e-02 6.770491600036621094e-02 4.615461826324462891e-02 5.051066167652606964e-03 1.073551829904317856e-03 2.900243923068046570e-02 2.965367212891578674e-02 3.190746158361434937e-02 2.220887131989002228e-02 2.371664904057979584e-02 8.684763684868812561e-03 4.555778950452804565e-02 1.427987311035394669e-02 1.244098180904984474e-03 1.248356699943542480e-02 1.790668256580829620e-02 3.162321075797080994e-02 1.878147246316075325e-03 1.104453578591346741e-01 9.864238090813159943e-03 4.748326167464256287e-02 1.607032865285873413e-02 2.246814966201782227e-02 1.571301370859146118e-02 6.512979418039321899e-02 1.247446425259113312e-02 5.955672636628150940e-02 1.024612039327621460e-02 5.415831506252288818e-02 6.200845353305339813e-03 3.501699492335319519e-02 1.674584485590457916e-02 4.504340887069702148e-02 8.568629622459411621e-03 5.685093253850936890e-02 1.493662148714065552e-01 4.646406695246696472e-02 1.660508364439010620e-01 4.283254221081733704e-02 2.904436364769935608e-02 5.587619170546531677e-02 1.705213077366352081e-02 7.377499714493751526e-03 8.933108299970626831e-03 1.360245607793331146e-02 3.148575127124786377e-02 1.506723910570144653e-01 3.736421465873718262e-02 1.931645907461643219e-02 3.467881307005882263e-02 3.626631200313568115e-02 1.031341310590505600e-02 3.005474992096424103e-02 4.687844961881637573e-02 2.979306690394878387e-02 6.853171437978744507e-02 2.792226849123835564e-03 3.728040680289268494e-02 8.333477191627025604e-03 4.616638645529747009e-02 5.535087548196315765e-04 1.772143132984638214e-02 2.158232033252716064e-02 2.600403688848018646e-02 4.154098406434059143e-02 2.716697519645094872e-03 6.067319214344024658e-02 2.821933850646018982e-02 4.900974780321121216e-02 2.179061993956565857e-02 1.539983972907066345e-02 4.069390520453453064e-02 2.936348877847194672e-02 1.204159762710332870e-02 6.336244288831949234e-03 1.840734668076038361e-02 4.371477756649255753e-03 5.928521603345870972e-02 2.648681169375777245e-03
1.253692805767059326e-01 1.239233240485191345e-01 5.345303565263748169e-02 6.904715299606323242e-02 3.714786842465400696e-02 9.394186735153198242e-02 3.649908602237701416e-01 1.735537871718406677e-02 3.381659090518951416e-02 5.823849514126777649e-02 4.889028146862983704e-02 3.266080841422080994e-02 3.552529215812683105e-02 1.450985670089721680e-01 1.052082981914281845e-02 2.153940126299858093e-02 5.560339987277984619e-02 4.314946010708808899e-02 1.183862909674644470e-01 3.810481354594230652e-02 1.579048112034797668e-02 7.483129855245351791e-03 4.703058674931526184e-02 4.105858039110898972e-03 4.073452576994895935e-02 2.810756303369998932e-02 7.855420000851154327e-03 5.125904455780982971e-02 4.938150942325592041e-02 3.212001547217369080e-02 1.389505267143249512e-01 3.917996957898139954e-02 1.566722244024276733e-02 4.291095584630966187e-02 2.597607672214508057e-02 3.415348241105675697e-03 3.623178694397211075e-03 1.121385581791400909e-02 3.605682030320167542e-02 4.835073649883270264e-02 4.681479185819625854e-02 1.416458166204392910e-03 6.543493270874023438e-02 2.066770568490028381e-02 4.126965999603271484e-02 6.922255456447601318e-02 1.212264597415924072e-01 2.730251103639602661e-02 3.883827850222587585e-02 9.783158078789710999e-03 6.149707734584808350e-02 2.378389984369277954e-02 5.822492763400077820e-02 3.784513473510742188e-02 1.332021504640579224e-01 3.998022060841321945e-03 4.304461181163787842e-02 3.040210902690887451e-02 3.362191468477249146e-02 1.571948826313018799e-02 2.207258716225624084e-03 3.883275762200355530e-02 7.953259162604808807e-03 9.138242341578006744e-03 3.412317484617233276e-02 2.868719631806015968e-03 4.679498076438903809e-02 5.007844418287277222e-02 1.185957062989473343e-02 4.710981994867324829e-02 4.732030443847179413e-03 4.127369448542594910e-02 8.670657873153686523e-03 3.066932037472724915e-02 1.648316509090363979e-03 2.811412326991558075e-02 2.313500270247459412e-02 1.559880096465349197e-02 1.469007879495620728e-01 6.829261034727096558e-02 7.056359201669692993e-02 6.436610966920852661e-02 4.074157215654850006e-03 7.560903578996658325e-02 5.069880187511444092e-02 2.454931102693080902e-02 1.073013618588447571e-02 9.887169580906629562e-04 3.337658569216728210e-02 1.059082569554448128e-03 1.298198848962783813e-01 3.526482731103897095e-02 4.026828333735466003e-03 1.378785818815231323e-02 5.280026793479919434e-02 5.293641984462738037e-02 3.229157254099845886e-02 2.966404519975185394e-02 3.410857915878295898e-02 3.652325645089149475e-02 1.642671823501586914e-01 3.817830234766006470e-02 7.406198419630527496e-03 3.567503532394766808e-03 5.391131713986396790e-02 4.109671339392662048e-02 1.153475940227508545e-01 1.024331450462341309e-01 5.369444191455841064e-02 4.193174466490745544e-02 2.307436225237324834e-04 8.854724466800689697e-03 3.407276421785354614e-02 7.150000333786010742e-02 1.368584670126438141e-02 9.321800433099269867e-03
2.137686125934123993e-02 9.818174690008163452e-02 8.782103657722473145e-02 1.624971441924571991e-02 1.786225289106369019e-02 3.649908602237701416e-01 8.206432312726974487e-02 6.605576723814010620e-02 4.831186681985855103e-02 4.627148807048797607e-02 9.077157825231552124e-03 1.964227482676506042e-02 1.430513337254524231e-02 1.324342042207717896e-01 2.362668700516223907e-02 5.657256767153739929e-02 1.012408174574375153e-02 6.586360745131969452e-03 9.124729782342910767e-02 5.899344570934772491e-03 4.904991947114467621e-04 2.921781130135059357e-02 9.607773274183273315e-03 5.499417707324028015e-02 4.783105477690696716e-02 5.892276391386985779e-02 4.416015464812517166e-03 2.605063468217849731e-02 3.002043254673480988e-02 4.353027045726776123e-02 2.800677344202995300e-02 1.736790314316749573e-02 9.806710295379161835e-04 2.090683951973915100e-02 3.910068422555923462e-02 6.205244734883308411e-02 7.040574401617050171e-02 4.919162765145301819e-02 1.156420540064573288e-02 4.182804748415946960e-02 1.012362092733383179e-01 2.814799919724464417e-02 5.733486637473106384e-02 9.824483096599578857e-02 4.776088520884513855e-02 4.273677989840507507e-02 1.859241425991058350e-01 2.043584138154983521e-01 5.771262571215629578e-03 2.739795483648777008e-02 7.504772860556840897e-03 9.046028368175029755e-03 9.510104358196258545e-02 8.483823388814926147e-02 8.875859528779983521e-02 6.380424648523330688e-02 3.227716684341430664e-02 5.400800332427024841e-02 2.886490523815155029e-02 1.139073260128498077e-02 2.488056942820549011e-02 5.719939991831779480e-02 3.239365667104721069e-02 6.259755045175552368e-02 6.079659215174615383e-04 5.446320399641990662e-02 5.659564584493637085e-02 5.701244994997978210e-02 1.123835053294897079e-02 4.681025631725788116e-03 5.778389051556587219e-03 1.351222977973520756e-03 1.604703627526760101e-02 3.844648599624633789e-02 5.173235386610031128e-02 3.246721252799034119e-02 1.761951670050621033e-02 2.524167858064174652e-02 1.259339749813079834e-01 1.095308084040880203e-02 4.020708799362182617e-02 5.807053670287132263e-02 4.687206447124481201e-02 1.674542203545570374e-02 6.515402346849441528e-02 4.050714895129203796e-02 2.201093360781669617e-03 1.062717195600271225e-02 2.367482148110866547e-02 7.535111159086227417e-03 2.674589119851589203e-02 5.830404814332723618e-03 3.138249367475509644e-02 5.359948053956031799e-02 6.385671347379684448e-02 3.179036453366279602e-02 1.165011245757341385e-02 3.752774745225906372e-02 3.615317121148109436e-02 2.382071875035762787e-02 7.253356277942657471e-02 8.804746903479099274e-03 1.829398237168788910e-02 4.031118750572204590e-02 1.043498236685991287e-02 2.365137450397014618e-02 3.664052113890647888e-02 7.623502612113952637e-02 3.043866157531738281e-02 5.903989076614379883e-03 3.519028425216674805e-02 1.365118543617427349e-03 2.169559523463249207e-02 5.203668400645256042e-02 3.486559167504310608e-02 1.451091491617262363e-03
1.303653139621019363e-02 2.243787050247192383e-02 9.800856560468673706e-02 1.766324974596500397e-02 1.976988837122917175e-02 1.735537871718406677e-02 6.605576723814010620e-02 1.014269795268774033e-02 2.018401771783828735e-02 5.076668225228786469e-03 5.763718392699956894e-03 9.542915970087051392e-03 2.187409438192844391e-02 4.329206049442291260e-02 2.668363787233829498e-02 3.540183976292610168e-02 5.960176698863506317e-03 9.223577380180358887e-02 3.744799178093671799e-03 3.772548586130142212e-02 2.277775295078754425e-02 4.178400710225105286e-02 2.784262225031852722e-02 2.120326645672321320e-02 5.393994040787220001e-03 1.319647021591663361e-02 4.217479005455970764e-02 3.138534724712371826e-02 1.204783003777265549e-02 2.425579878035932779e-04 8.347080089151859283e-03 1.342774648219347000e-02 2.440814673900604248e-02 9.613891597837209702e-04 4.712320864200592041e-03 3.574231173843145370e-03 5.441168695688247681e-02 2.171670459210872650e-02 4.449966177344322205e-02 2.249008603394031525e-02 1.100761350244283676e-02 1.298144366592168808e-02 2.498586475849151611e-02 5.450665205717086792e-02 7.092123851180076599e-03 3.557356831151992083e-04 2.296528406441211700e-02 5.445775017142295837e-02 2.879415638744831085e-02 6.530334800481796265e-02 2.068000286817550659e-02 7.092318031936883926e-03 9.611449390649795532e-02 6.363452225923538208e-02 2.982292883098125458e-02 4.476438462734222412e-02 3.152153640985488892e-02 4.020385909825563431e-03 8.837915211915969849e-02 5.308427289128303528e-02 2.591320686042308807e-02 3.245489671826362610e-02 2.124578133225440979e-02 1.536554377526044846e-02 9.064076468348503113e-03 3.210934251546859741e-02 6.426588445901870728e-02 4.240524768829345703e-02 1.117140869610011578e-03 2.444081194698810577e-02 1.649266667664051056e-02 3.584107756614685059e-02 3.142204135656356812e-02 2.352199144661426544e-02 3.289748355746269226e-02 5.499155260622501373e-03 5.323943682014942169e-03 4.814685671590268612e-04 2.248998358845710754e-02 1.967075467109680176e-02 8.497311174869537354e-02 9.460138529539108276e-02 4.992378130555152893e-02 2.693701907992362976e-02 2.222111448645591736e-02 2.721515484154224396e-04 3.643780574202537537e-02 1.949612982571125031e-02 1.268681418150663376e-02 2.038997132331132889e-03 1.523799728602170944e-03 4.037107899785041809e-02 1.677803695201873779e-02 1.455557253211736679e-02 5.391223356127738953e-02 4.356919601559638977e-02 2.079574018716812134e-02 1.765308715403079987e-02 3.856446966528892517e-02 6.632159650325775146e-02 3.532275557518005371e-02 2.162927202880382538e-02 9.595012292265892029e-03 4.373322241008281708e-03 4.194004461169242859e-02 3.111354447901248932e-02 4.762607160955667496e-03 3.814183920621871948e-02 5.542437545955181122e-03 3.170220181345939636e-02 6.860343273729085922e-03 1.020925026386976242e-02 1.297708973288536072e-02 5.862568970769643784e-03 1.536029856652021408e-02 3.031639195978641510e-02
8.244706690311431885e-02 1.816533505916595459e-02 3.780969604849815369e-02 2.843221463263034821e-02 4.077925533056259155e-02 3.381659090518951416e-02 4.831186681985855103e-02 2.018401771783828735e-02 4.894848912954330444e-02 9.496446698904037476e-02 4.185508936643600464e-02 4.008053615689277649e-02 2.546068839728832245e-02 4.162374883890151978e-02 5.873256828635931015e-03 3.350385650992393494e-02 1.412939000874757767e-02 2.740729972720146179e-02 1.701370812952518463e-02 1.585626602172851562e-02 2.682241611182689667e-02 1.554240565747022629e-02 2.633102983236312866e-02 4.733339324593544006e-02 3.180916234850883484e-02 2.360557578504085541e-02 1.853883452713489532e-02 1.822279766201972961e-02 1.374291162937879562e-02 8.206965401768684387e-03 1.433969847857952118e-02 4.736026283353567123e-03 3.677910566329956055e-02 6.432820577174425125e-03 3.283944353461265564e-02 1.677181757986545563e-02 2.006300911307334900e-02 2.956843562424182892e-02 5.682365223765373230e-02 2.743745036423206329e-02 5.027323961257934570e-02 3.732118010520935059e-02 2.338921278715133667e-02 4.328347742557525635e-02 3.176901116967201233e-02 2.697406150400638580e-02 4.793372470885515213e-03 1.330939028412103653e-02 5.046198889613151550e-02 4.943986609578132629e-02 2.170364744961261749e-02 2.584098838269710541e-04 4.298721440136432648e-03 1.726475171744823456e-02 1.086868047714233398e-01 5.497314035892486572e-02 4.318881779909133911e-02 2.298472682014107704e-03 2.302666939795017242e-02 3.276197612285614014e-02 2.844324707984924316e-02 5.156470835208892822e-02 3.462905297055840492e-04 6.141744181513786316e-02 1.831611990928649902e-02 1.811728999018669128e-02 5.714335013180971146e-03 2.614303119480609894e-02 6.189918145537376404e-02 3.617300465703010559e-02 3.409074991941452026e-02 6.486492604017257690e-02 5.487548559904098511e-02 3.569943457841873169e-02 3.519563004374504089e-02 2.004526928067207336e-02 6.437135487794876099e-02 4.888999834656715393e-02 5.919435992836952209e-02 8.624462038278579712e-02 9.926573373377323151e-03 2.719054184854030609e-02 2.607462927699089050e-02 9.553171694278717041e-03 2.484007272869348526e-03 3.359371796250343323e-02 1.741275750100612640e-02 6.821660790592432022e-03 1.534732524305582047e-02 4.984085261821746826e-02 1.435075234621763229e-02 2.060285583138465881e-02 3.370279073715209961e-02 3.586084395647048950e-02 1.097555179148912430e-02 2.741142548620700836e-02 3.790247067809104919e-02 5.021731182932853699e-02 4.902916401624679565e-02 2.716813760343939066e-04 5.635939911007881165e-02 2.357051474973559380e-03 2.061338536441326141e-02 1.813865266740322113e-02 1.785301417112350464e-02 3.579811751842498779e-02 6.371574103832244873e-02 4.522698000073432922e-02 2.272994443774223328e-02 7.199955638498067856e-03 3.430796042084693909e-02 2.862734347581863403e-02 9.683545678853988647e-03 2.945971791632473469e-04 1.288307830691337585e-02 3.162252157926559448e-02
3.189586848020553589e-02 6.117059290409088135e-02 7.373973727226257324e-02 4.937608912587165833e-02 8.399343490600585938e-02 5.823849514126777649e-02 4.627148807048797607e-02 5.076668225228786469e-03 9.496446698904037476e-02 4.703944548964500427e-02 8.400465548038482666e-02 2.803672850131988525e-02 5.859322100877761841e-02 3.850401937961578369e-02 1.773108541965484619e-02 9.033703804016113281e-02 5.243394896388053894e-02 2.599933184683322906e-02 6.231027841567993164e-02 5.245679989457130432e-03 1.861655712127685547e-02 5.821107188239693642e-04 3.564486280083656311e-02 4.654438793659210205e-02 4.241360351443290710e-03 1.760949008166790009e-02 7.149264216423034668e-02 2.778659947216510773e-02 2.940905513241887093e-03 2.777076140046119690e-02 2.805910073220729828e-02 1.427368726581335068e-02 5.268916115164756775e-02 5.525963846594095230e-03 4.261967539787292480e-02 2.349876984953880310e-02 2.135233767330646515e-02 1.396610401570796967e-02 2.847333997488021851e-02 5.496304482221603394e-02 4.882103763520717621e-03 2.028477936983108521e-02 2.827456220984458923e-02 6.892581284046173096e-02 3.155600652098655701e-02 8.116543292999267578e-02 1.327023003250360489e-02 4.733883962035179138e-02 2.791852224618196487e-03 2.223962545394897461e-02 1.245388761162757874e-02 5.290665104985237122e-02 6.567361950874328613e-02 1.143665891140699387e-02 6.230411585420370102e-03 3.584803268313407898e-02 5.481297522783279419e-02 3.151517733931541443e-02 4.590974003076553345e-02 2.184814028441905975e-02 1.378824561834335327e-02 2.206309139728546143e-02 2.109347842633724213e-02 3.571349754929542542e-02 2.227320894598960876e-02 7.520985603332519531e-02 1.031647343188524246e-02 5.576172843575477600e-03 6.163270398974418640e-02 7.042636722326278687e-02 3.549767658114433289e-02 5.128949880599975586e-02 7.418047636747360229e-02 7.896231859922409058e-02 8.231085538864135742e-02 1.647786051034927368e-02 2.880011871457099915e-02 1.261024326086044312e-01 2.327143400907516479e-02 1.455984860658645630e-01 1.402483694255352020e-02 1.750359684228897095e-02 5.242152139544487000e-03 6.684483587741851807e-02 9.894049167633056641e-02 6.427337415516376495e-03 2.148790750652551651e-03 1.344905700534582138e-02 3.701410070061683655e-02 4.001197963953018188e-02 3.403952345252037048e-02 1.275034621357917786e-02 5.139902234077453613e-03 1.816842518746852875e-02 3.817790746688842773e-02 7.100363727658987045e-04 4.720919951796531677e-02 1.814475841820240021e-02 8.923413604497909546e-02 4.001995176076889038e-02 2.029656432569026947e-02 1.950663141906261444e-02 1.832267828285694122e-02 6.485356390476226807e-02 1.720967888832092285e-02 1.876998320221900940e-02 4.443825036287307739e-02 5.363845452666282654e-02 2.390933409333229065e-02 3.511209413409233093e-02 6.870299112051725388e-03 9.511183016002178192e-03 9.563861414790153503e-03 2.592279389500617981e-02 5.250620096921920776e-02 3.368659643456339836e-03
2.182215452194213867e-01 2.034217715263366699e-01 2.452397346496582031e-02 6.818316876888275146e-02 7.282245904207229614e-02 4.889028146862983704e-02 9.077157825231552124e-03 5.763718392699956894e-03 4.185508936643600464e-02 8.400465548038482666e-02 7.513105869293212891e-02 2.149269729852676392e-02 2.010245323181152344e-01 2.149189263582229614e-02 3.771938011050224304e-02 3.268217295408248901e-02 3.863091021776199341e-02 3.657564753666520119e-03 2.521583624184131622e-02 2.806449681520462036e-02 2.284236811101436615e-02 9.657877497375011444e-03 4.471493512392044067e-02 3.030630759894847870e-02 2.318208105862140656e-02 1.861451193690299988e-03 3.035640530288219452e-02 4.647571593523025513e-02 1.643069647252559662e-02 4.610789194703102112e-02 7.145293056964874268e-02 1.769424043595790863e-02 8.889001794159412384e-03 1.104698702692985535e-02 2.707493118941783905e-02 2.410028129816055298e-02 4.181426763534545898e-02 5.975594278424978256e-03 5.640082061290740967e-02 7.672514766454696655e-03 4.557492211461067200e-03 6.178868189454078674e-02 3.874585777521133423e-02 7.300545275211334229e-02 3.945908322930335999e-02 1.094958465546369553e-02 1.516940593719482422e-01 1.481324993073940277e-02 4.184885881841182709e-03 3.948448970913887024e-02 1.126768346875905991e-02 5.789121860289014876e-05 1.247780676931142807e-02 4.683541506528854370e-02 3.717141598463058472e-02 3.780832141637802124e-02 1.573865674436092377e-02 3.655781224370002747e-02 5.876712501049041748e-03 4.484643414616584778e-02 5.297083407640457153e-02 4.022687207907438278e-03 1.174544449895620346e-02 6.704616546630859375e-02 8.493947982788085938e-02 7.276690006256103516e-02 2.509781159460544586e-02 1.321679726243019104e-02 2.752107381820678711e-02 6.863867398351430893e-03 5.378710106015205383e-02 3.058383055031299591e-02 1.013558474369347095e-03 1.764991134405136108e-02 2.528268098831176758e-02 4.210805892944335938e-02 3.217761591076850891e-02 5.699671432375907898e-02 5.547065287828445435e-02 6.885372847318649292e-02 1.109779346734285355e-02 5.072390660643577576e-02 7.901110686361789703e-03 2.789460681378841400e-02 6.353273987770080566e-02 7.941814139485359192e-03 5.103853531181812286e-03 2.253262512385845184e-02 2.834071405231952667e-02 3.127534687519073486e-02 7.473734766244888306e-02 1.474412344396114349e-02 4.522830992937088013e-02 2.717172913253307343e-02 8.597922511398792267e-03 4.373492673039436340e-02 3.974712640047073364e-02 1.476349588483572006e-02 2.688801474869251251e-02 2.620656415820121765e-02 3.570257499814033508e-02 1.955152675509452820e-02 2.481890143826603889e-03 3.758347360417246819e-03 3.464082255959510803e-02 3.545886278152465820e-02 1.298605278134346008e-02 9.488816373050212860e-03 4.456053301692008972e-02 4.229933023452758789e-02 3.132427483797073364e-02 3.538824617862701416e-02 4.364642873406410217e-02 3.160490840673446655e-02 2.194661088287830353e-02 4.535849019885063171e-02
4.303107783198356628e-02 2.163067646324634552e-02 5.376712977886199951e-02 1.955113373696804047e-03 1.800076663494110107e-02 3.266080841422080994e-02 1.964227482676506042e-02 9.542915970087051392e-03 4.008053615689277649e-02 2.803672850131988525e-02 2.149269729852676392e-02 2.086518891155719757e-02 4.039234295487403870e-02 2.021648436784744263e-01 1.094879861921072006e-02 8.985150605440139771e-03 1.944703608751296997e-02 4.009436070919036865e-02 1.843203790485858917e-02 1.924483291804790497e-02 8.978283964097499847e-03 9.480545297265052795e-03 7.977829873561859131e-02 7.985855638980865479e-02 4.387662559747695923e-02 6.627114117145538330e-02 4.603461921215057373e-02 8.335277438163757324e-02 5.941554903984069824e-02 2.368528395891189575e-02 4.520143195986747742e-02 2.439889684319496155e-02 1.906264945864677429e-02 7.522143423557281494e-03 2.446081303060054779e-02 5.857509002089500427e-02 7.592917978763580322e-02 2.957353182137012482e-02 8.815009146928787231e-03 1.589356921613216400e-02 2.214889973402023315e-02 2.421562001109123230e-02 1.086804177612066269e-02 3.125880658626556396e-02 5.308724567294120789e-02 1.167102903127670288e-02 9.090352803468704224e-03 9.155693463981151581e-03 2.403552457690238953e-02 3.508782759308815002e-02 8.998420834541320801e-02 6.665661931037902832e-02 3.620619326829910278e-02 8.870517835021018982e-03 2.795817889273166656e-02 6.890994310379028320e-02 2.965579181909561157e-02 3.679073229432106018e-02 2.132849767804145813e-02 1.850281469523906708e-02 2.936906181275844574e-02 9.766899049282073975e-03 8.114331401884555817e-03 2.196126431226730347e-02 5.869359523057937622e-02 6.486210972070693970e-02 3.014815039932727814e-02 7.074458152055740356e-02 1.223393436521291733e-02 2.050944790244102478e-02 1.484869420528411865e-02 1.735961064696311951e-03 4.235213249921798706e-02 1.413353625684976578e-02 4.033907502889633179e-02 2.081688866019248962e-02 4.827512800693511963e-02 4.107391461730003357e-02 4.019276425242424011e-02 2.520428039133548737e-02 3.784531354904174805e-02 1.147450227290391922e-02 1.023778505623340607e-02 6.115394178777933121e-03 8.074202574789524078e-03 4.338035732507705688e-02 2.777648158371448517e-03 3.704844741150736809e-03 1.332393661141395569e-02 1.707205921411514282e-02 5.124803259968757629e-02 3.515094518661499023e-03 2.019058912992477417e-03 3.935288172215223312e-03 1.915367506444454193e-02 8.723787963390350342e-03 2.382492413744330406e-03 2.193738520145416260e-02 1.700570806860923767e-02 2.278630621731281281e-02 6.376890093088150024e-02 6.505799479782581329e-03 1.400812435895204544e-02 3.299370408058166504e-02 1.533887349069118500e-02 4.070681706070899963e-02 5.729621276259422302e-02 2.058096230030059814e-02 8.661900646984577179e-03 1.614717207849025726e-02 3.067229129374027252e-02 6.047444418072700500e-03 1.658714190125465393e-02 2.507776580750942230e-02 7.036124356091022491e-03 4.276794940233230591e-02
8.063676953315734863e-02 1.931870281696319580e-01 2.214659377932548523e-02 3.403401747345924377e-02 1.226975768804550171e-02 3.552529215812683105e-02 1.430513337254524231e-02 2.187409438192844391e-02 2.546068839728832245e-02 5.859322100877761841e-02 2.010245323181152344e-01 4.039234295487403870e-02 4.672290384769439697e-02 3.101386502385139465e-02 1.411111559718847275e-02 3.259724751114845276e-02 9.659440256655216217e-03 2.330232411623001099e-02 3.575360774993896484e-02 3.231932641938328743e-03 4.417475685477256775e-02 9.143082424998283386e-03 2.614080719649791718e-02 3.259673342108726501e-02 8.220853284001350403e-03 9.382024407386779785e-03 3.463282436132431030e-02 2.429736033082008362e-02 5.300521478056907654e-02 5.730832368135452271e-02 6.223363429307937622e-02 2.210017293691635132e-03 1.939699426293373108e-02 1.315790880471467972e-02 2.469334052875638008e-03 3.673806041479110718e-02 1.747220568358898163e-02 2.009121887385845184e-02 1.053144633769989014e-01 3.390711918473243713e-02 4.109814390540122986e-02 2.277548052370548248e-02 4.150997474789619446e-02 2.194782346487045288e-02 3.711862489581108093e-02 2.060694061219692230e-02 5.168700590729713440e-02 1.841864734888076782e-02 1.113704685121774673e-02 5.517610907554626465e-02 2.313248440623283386e-02 4.348066449165344238e-02 5.709594488143920898e-02 4.428333789110183716e-02 5.975477397441864014e-03 3.713901620358228683e-03 3.801102191209793091e-02 2.164877206087112427e-02 2.330836653709411621e-02 1.091844774782657623e-02 4.235381260514259338e-02 2.076661400496959686e-02 5.330389365553855896e-02 3.726868703961372375e-02 1.079514697194099426e-01 1.151083633303642273e-01 1.887289434671401978e-02 2.325060404837131500e-02 1.598304882645606995e-02 6.064272299408912659e-02 1.704578474164009094e-02 1.791733317077159882e-02 4.513395577669143677e-02 2.877304702997207642e-02 1.887074671685695648e-02 3.701605368405580521e-03 1.107850112020969391e-02 1.597771979868412018e-02 2.648692205548286438e-02 8.254137635231018066e-02 2.613193914294242859e-02 3.109307214617729187e-02 4.315355792641639709e-02 4.273199290037155151e-02 3.505186736583709717e-02 1.894708909094333649e-02 8.335584425367414951e-04 3.798163682222366333e-02 1.477613858878612518e-02 6.580168008804321289e-02 6.380051374435424805e-02 9.387942962348461151e-03 7.965189963579177856e-02 6.764625757932662964e-02 1.539932331070303917e-03 4.682313650846481323e-02 3.957208618521690369e-02 9.943651966750621796e-03 1.919242553412914276e-02 3.504783287644386292e-02 1.186391804367303848e-03 3.439693897962570190e-02 1.884727180004119873e-02 1.825041323900222778e-02 1.090378835797309875e-01 1.443160418421030045e-02 1.278787106275558472e-02 1.305337529629468918e-02 6.194946914911270142e-02 7.091497071087360382e-03 2.571590803563594818e-02 5.531168356537818909e-02 1.868464611470699310e-02 7.444981951266527176e-03 6.434706598520278931e-02 2.496740035712718964e-02
