4.270976409316062927e-02 1.946850419044494629e-01 3.303948417305946350e-02 4.011803306639194489e-03 2.778097055852413177e-02 1.442926675081253052e-01 6.243792362511157990e-03 7.006553933024406433e-03 1.674768701195716858e-02 2.891132840886712074e-03 1.020137444138526917e-01 1.682714931666851044e-02 4.633707553148269653e-02 5.130067467689514160e-02 5.432231351733207703e-02 3.300191834568977356e-02 2.280056662857532501e-02 1.628526952117681503e-04 3.130530938506126404e-02 2.327921241521835327e-02 2.731882408261299133e-02 4.125832393765449524e-02 3.639310970902442932e-02 4.003839567303657532e-02 5.643206834793090820e-02 1.063556224107742310e-01 3.900012699887156487e-03 5.583504214882850647e-03 6.062350049614906311e-02 1.198625774122774601e-03 1.468938868492841721e-02 2.771967835724353790e-02 8.723372593522071838e-03 3.048879094421863556e-02 4.278795327991247177e-03 3.623862937092781067e-02 6.276407092809677124e-02 1.137189660221338272e-02 3.565292805433273315e-02 8.134842850267887115e-03 3.072945028543472290e-02 3.082798607647418976e-02 6.296483334153890610e-04 5.326388776302337646e-02 2.126679569482803345e-02 4.755092412233352661e-02 9.185764193534851074e-02 7.371613755822181702e-03 5.163400992751121521e-02 5.416427552700042725e-02 2.661229483783245087e-02 1.834035268984735012e-03 1.660192199051380157e-02 3.058095835149288177e-02 3.868145495653152466e-02 4.758689552545547485e-02 2.627033682074397802e-04 1.041233167052268982e-01 8.808130770921707153e-02 9.212621301412582397e-02 2.430566586554050446e-02 5.377178546041250229e-03 2.401424758136272430e-02 2.036919258534908295e-02 7.503981236368417740e-03 3.857567906379699707e-02 4.557422921061515808e-02 7.319265045225620270e-03 1.308047212660312653e-03 5.725157912820577621e-03 3.610005229711532593e-02 4.885668307542800903e-02 7.351263612508773804e-02 1.185149699449539185e-02 1.830260269343852997e-02 4.676103964447975159e-02 4.269239678978919983e-02 8.113865740597248077e-03 5.102299526333808899e-02 1.311965007334947586e-02 5.068664997816085815e-02 1.153383962810039520e-02 4.692414309829473495e-03 5.512318387627601624e-02 6.694722687825560570e-04 3.861114382743835449e-02 1.180960051715373993e-02 2.676380611956119537e-02 1.756975986063480377e-02 2.688520215451717377e-02 4.711935296654701233e-02 4.801659844815731049e-03 8.421695977449417114e-02 1.783023029565811157e-02 3.094273805618286133e-02 1.425652019679546356e-02 2.528772689402103424e-02 1.630169898271560669e-02 5.600091069936752319e-03 3.395556285977363586e-02 3.121944901067763567e-04 7.277370989322662354e-02 1.329168584197759628e-02 2.043153718113899231e-02 3.752595931291580200e-02 5.044023972004652023e-03 6.822857260704040527e-02 2.378980815410614014e-02 2.621012739837169647e-02 4.559082537889480591e-02 3.882529586553573608e-02 4.265134409070014954e-02 4.617810994386672974e-02 7.670145016163587570e-03 3.357723727822303772e-02 6.252852617762982845e-04
1.946850419044494629e-01 3.998532518744468689e-02 2.079375088214874268e-03 5.783808417618274689e-03 1.297782082110643387e-02 1.157466769218444824e-01 7.657120376825332642e-02 1.181740872561931610e-02 2.550172060728073120e-02 2.938134223222732544e-02 9.561979025602340698e-02 4.060313478112220764e-02 1.091966703534126282e-01 3.909827768802642822e-02 4.693764075636863708e-02 3.692173212766647339e-02 3.064498491585254669e-02 2.220468968152999878e-02 4.918437916785478592e-03 3.037934750318527222e-02 1.484682224690914154e-02 5.577874183654785156e-02 2.384454570710659027e-02 3.840133547782897949e-02 8.636389859020709991e-03 9.528704732656478882e-02 4.325180128216743469e-02 3.668455034494400024e-02 3.385082632303237915e-02 1.807299628853797913e-02 7.663357071578502655e-03 4.389686882495880127e-02 1.988304080441594124e-03 2.116557583212852478e-02 1.122072618454694748e-02 4.676041007041931152e-02 6.166817620396614075e-02 1.137490733526647091e-03 1.686855219304561615e-02 1.437388919293880463e-02 4.965381324291229248e-02 8.035132661461830139e-03 2.057143114507198334e-02 3.010358102619647980e-02 1.634851843118667603e-02 5.896460264921188354e-03 5.996593832969665527e-02 2.396879158914089203e-02 9.411041624844074249e-03 2.831265516579151154e-02 4.201847594231367111e-03 1.001727394759654999e-02 1.372169982641935349e-02 9.072836110135540366e-05 1.033624447882175446e-02 3.952643275260925293e-02 8.222064934670925140e-03 2.447619475424289703e-02 8.861148357391357422e-02 9.916958212852478027e-02 1.731727086007595062e-02 7.915025576949119568e-03 3.656353056430816650e-02 4.488653317093849182e-02 3.312841057777404785e-02 4.104683175683021545e-02 3.632616950199007988e-03 1.892235688865184784e-02 1.457110606133937836e-02 1.521618105471134186e-02 8.233063854277133942e-03 6.797586102038621902e-03 1.151871867477893829e-02 3.953431546688079834e-02 5.219246819615364075e-02 1.632978953421115875e-02 3.156490251421928406e-02 2.929801587015390396e-03 2.447503502480685711e-04 2.895683282986283302e-03 4.629404470324516296e-02 1.031328551471233368e-02 1.328197307884693146e-02 3.129168599843978882e-02 4.167115688323974609e-02 1.397078204900026321e-02 1.573788747191429138e-02 2.692948281764984131e-02 1.038596779108047485e-02 6.577997119165956974e-04 1.390325184911489487e-02 2.920738980174064636e-02 2.151292376220226288e-02 1.659283414483070374e-02 5.401496589183807373e-02 1.036326400935649872e-02 4.932674765586853027e-02 2.650338411331176758e-02 6.151752918958663940e-02 4.308030009269714355e-02 3.243367373943328857e-02 6.280921399593353271e-02 3.899012226611375809e-03 4.253218881785869598e-03 3.647798672318458557e-02 1.782570593059062958e-02 4.490416496992111206e-02 6.900153588503599167e-03 6.772816926240921021e-02 2.059194073081016541e-02 1.697710948064923286e-03 2.409654855728149414e-02 1.982168294489383698e-02 2.731870301067829132e-02 8.974628150463104248e-02 3.444355446845293045e-03
3.303948417305946350e-02 2.079375088214874268e-03 4.477792605757713318e-02 2.027735300362110138e-02 2.997267059981822968e-02 5.056783929467201233e-02 6.648000329732894897e-02 3.097630739212036133e-01 4.366546403616666794e-03 7.671854645013809204e-02 3.725557774305343628e-02 2.141458541154861450e-02 1.855190470814704895e-02 1.502445712685585022e-02 4.723734036087989807e-02 5.910817906260490417e-02 6.335805635899305344e-03 6.537121720612049103e-03 1.609680987894535065e-02 5.930105689913034439e-03 4.247444495558738708e-02 7.548823207616806030e-02 3.146912530064582825e-02 1.969975791871547699e-02 1.776349171996116638e-02 2.395290322601795197e-02 1.634395122528076172e-02 2.602644264698028564e-02 9.770586155354976654e-03 7.723329123109579086e-03 2.142334543168544769e-02 4.567680880427360535e-02 2.189084887504577637e-02 3.981252014636993408e-02 1.551038306206464767e-02 5.961993709206581116e-02 1.557711604982614517e-02 3.659088909626007080e-02 6.493338849395513535e-03 8.436421304941177368e-02 5.572295561432838440e-02 1.246373821049928665e-02 2.335280366241931915e-02 3.266327828168869019e-02 6.427458953112363815e-03 1.838929019868373871e-02 4.841648414731025696e-02 9.624705649912357330e-03 4.098720848560333252e-03 6.459282338619232178e-02 3.557694330811500549e-02 3.723054751753807068e-02 3.391561657190322876e-02 3.688380867242813110e-02 2.501072362065315247e-02 7.422336190938949585e-02 2.036067470908164978e-02 9.907723404467105865e-03 2.919043228030204773e-02 2.958136610686779022e-04 3.557389974594116211e-02 2.708706632256507874e-02 2.723366580903530121e-02 2.998885512351989746e-02 2.896608412265777588e-02 1.574555784463882446e-02 4.502532072365283966e-03 5.329891666769981384e-02 2.760522440075874329e-02 4.403635114431381226e-02 3.317195549607276917e-02 9.942341595888137817e-03 1.295747980475425720e-02 2.901867218315601349e-02 9.454835206270217896e-03 1.863184012472629547e-02 2.133515663444995880e-02 1.273808814585208893e-02 2.874130755662918091e-02 1.882991753518581390e-02 3.861882984638214111e-01 1.102387607097625732e-01 6.212856620550155640e-02 1.298120766878128052e-01 6.362507492303848267e-02 1.387095777317881584e-03 7.529252767562866211e-02 7.771074771881103516e-02 2.384379692375659943e-02 3.977795690298080444e-02 2.593158371746540070e-02 2.202804386615753174e-02 6.472348421812057495e-02 4.498598724603652954e-02 1.285898592323064804e-02 1.130331829190254211e-01 2.487059682607650757e-02 3.021195158362388611e-02 1.009054630994796753e-01 4.739180579781532288e-02 5.429907143115997314e-02 7.709220051765441895e-02 1.171311712823808193e-03 1.121603325009346008e-02 1.998384855687618256e-02 1.088515222072601318e-01 6.304369866847991943e-02 1.777474209666252136e-02 9.504753351211547852e-02 1.589543302543461323e-03 7.485461235046386719e-02 7.603513449430465698e-02 2.699425444006919861e-02 3.081027604639530182e-02 5.355685949325561523e-02 2.788670733571052551e-02
4.011803306639194489e-03 5.783808417618274689e-03 2.027735300362110138e-02 1.848439313471317291e-02 1.749714314937591553e-01 3.552227839827537537e-02 6.951472023501992226e-04 1.663716696202754974e-02 2.609661221504211426e-02 5.179855599999427795e-02 1.201627869158983231e-02 8.945349603891372681e-03 5.015583708882331848e-02 3.543727844953536987e-02 3.532881382852792740e-03 1.726480945944786072e-02 1.557898614555597305e-02 1.261915359646081924e-02 2.478829026222229004e-02 3.389135748147964478e-02 1.780972816050052643e-02 3.709432110190391541e-02 4.036758095026016235e-02 2.349478751420974731e-02 1.664371974766254425e-02 3.141010180115699768e-03 1.849616877734661102e-02 4.111029207706451416e-02 4.191430658102035522e-02 2.837583981454372406e-02 1.234789565205574036e-02 3.395336214452981949e-03 4.727131873369216919e-02 1.149102207273244858e-02 4.972003400325775146e-02 1.236181613057851791e-02 6.242653820663690567e-03 1.186545006930828094e-02 6.761603988707065582e-03 2.240482345223426819e-02 4.666154086589813232e-02 3.577789664268493652e-02 2.287698909640312195e-02 1.187332123517990112e-01 2.647707425057888031e-02 1.317837554961442947e-02 9.246673434972763062e-03 3.105177544057369232e-02 4.698493517935276031e-03 5.005862936377525330e-02 7.369261700659990311e-03 2.699261717498302460e-02 1.294050924479961395e-02 6.113046314567327499e-03 1.202008221298456192e-02 1.871656742878258228e-03 8.706098794937133789e-02 2.675477182492613792e-03 3.560905158519744873e-02 2.336153946816921234e-02 5.573872849345207214e-02 3.902694582939147949e-02 9.148757159709930420e-02 5.153580754995346069e-02 3.280330216512084007e-03 2.480284310877323151e-02 3.919180016964673996e-03 5.097633600234985352e-02 3.607183322310447693e-02 2.572949975728988647e-02 2.843913994729518890e-02 2.313614450395107269e-02 8.149272203445434570e-02 1.591465808451175690e-02 1.412719190120697021e-01 2.905726805329322815e-02 2.433352544903755188e-02 5.547565966844558716e-02 5.659426748752593994e-02 4.906766489148139954e-02 4.832322895526885986e-02 2.944730222225189209e-02 2.196187153458595276e-02 2.925578132271766663e-02 2.387956716120243073e-02 3.083929605782032013e-02 3.576704487204551697e-02 2.647430449724197388e-02 4.035690054297447205e-02 5.790024530142545700e-03 3.465671464800834656e-02 8.965025655925273895e-03 2.771925879642367363e-03 2.236674726009368896e-02 3.779837861657142639e-02 2.318453602492809296e-02 8.988403715193271637e-03 4.882242996245622635e-03 1.885546557605266571e-02 1.256142184138298035e-02 5.107479169964790344e-02 4.797550290822982788e-02 4.896922782063484192e-02 3.042270056903362274e-02 2.269513718783855438e-02 8.684204658493399620e-04 3.205617889761924744e-02 3.141224384307861328e-02 1.792285405099391937e-02 2.914620004594326019e-02 2.424487285315990448e-02 3.048210777342319489e-02 2.394329383969306946e-02 3.541751205921173096e-02 8.992770686745643616e-03 3.000500239431858063e-02
2.778097055852413177e-02 1.297782082110643387e-02 2.997267059981822968e-02 1.749714314937591553e-01 2.696596551686525345e-03 2.325729094445705414e-02 3.989715874195098877e-02 1.614826731383800507e-02 3.156006336212158203e-02 6.750635802745819092e-02 1.050058659166097641e-02 2.679616771638393402e-02 3.850609064102172852e-02 2.313073910772800446e-02 1.480313111096620560e-02 5.159284453839063644e-03 4.102415591478347778e-02 4.220639914274215698e-02 7.731864601373672485e-02 3.649552166461944580e-02 1.440818328410387039e-02 8.420182392001152039e-03 2.069625072181224823e-03 2.901359088718891144e-02 1.059443317353725433e-02 1.347427163273096085e-02 3.324006916955113411e-03 5.002529919147491455e-02 2.253493852913379669e-02 5.566716194152832031e-03 2.852536970749497414e-03 3.858290240168571472e-02 3.042293153703212738e-02 4.275587946176528931e-02 3.797424957156181335e-02 4.081177711486816406e-02 4.638793319463729858e-02 2.928642742335796356e-02 5.475230887532234192e-02 1.023841872811317444e-01 1.535588037222623825e-02 2.317681722342967987e-02 1.240357290953397751e-02 3.767963871359825134e-02 2.006930066272616386e-03 1.986355707049369812e-02 1.735619828104972839e-02 2.898262441158294678e-02 1.395543012768030167e-02 7.340329140424728394e-02 1.269440446048974991e-02 3.955897688865661621e-02 2.183086144214030355e-05 6.900073960423469543e-03 1.147367758676409721e-03 9.823205880820751190e-03 7.880727760493755341e-03 4.297100380063056946e-02 1.373526919633150101e-02 1.771667599678039551e-02 7.629305124282836914e-02 9.037822484970092773e-02 2.131544426083564758e-02 1.800625026226043701e-02 2.937950380146503448e-02 8.354019373655319214e-03 1.205263659358024597e-02 2.226097695529460907e-02 2.059971913695335388e-02 1.331478822976350784e-02 4.803103208541870117e-02 3.659927099943161011e-02 7.655125111341476440e-02 2.074497984722256660e-03 2.079221755266189575e-01 1.188590098172426224e-02 1.919051632285118103e-02 2.507467567920684814e-02 4.149505123496055603e-02 1.418615225702524185e-02 4.830165579915046692e-02 9.399806731380522251e-04 1.050677150487899780e-03 1.274298429489135742e-01 2.429222874343395233e-02 1.421658135950565338e-02 5.731607973575592041e-02 3.149310126900672913e-02 6.346972286701202393e-02 5.364275351166725159e-02 3.301348164677619934e-02 2.745535224676132202e-02 2.092342823743820190e-02 2.174329943954944611e-02 6.006960943341255188e-02 3.287000581622123718e-02 3.485288470983505249e-02 2.568029426038265228e-02 5.723111703991889954e-02 2.159705385565757751e-02 3.711316734552383423e-02 2.956721931695938110e-02 1.309782359749078751e-02 2.049903757870197296e-02 1.755367033183574677e-02 5.397349968552589417e-02 3.130108863115310669e-02 5.399683956056833267e-03 2.225896902382373810e-02 3.317743912339210510e-02 5.705472826957702637e-02 2.591888047754764557e-02 4.632345959544181824e-02 1.978550665080547333e-02 5.307550728321075439e-02 2.144424244761466980e-02
1.442926675081253052e-01 1.157466769218444824e-01 5.056783929467201233e-02 3.552227839827537537e-02 2.325729094445705414e-02 4.109786450862884521e-02 1.358567029237747192e-01 1.339989062398672104e-02 4.665420204401016235e-02 2.621767856180667877e-02 1.193151101469993591e-01 4.966145753860473633e-02 5.412076041102409363e-02 4.476991016417741776e-03 1.201406121253967285e-02 2.591284224763512611e-03 8.031522482633590698e-02 3.733773157000541687e-02 2.233172580599784851e-02 7.442933507263660431e-03 3.730489686131477356e-02 3.057722561061382294e-02 2.182497829198837280e-02 3.761667385697364807e-02 2.618118375539779663e-02 9.967634081840515137e-02 2.167822048068046570e-02 9.373595938086509705e-03 5.696755251847207546e-04 2.496211603283882141e-02 1.113071590662002563e-01 4.085405915975570679e-02 4.888480994850397110e-03 2.489606849849224091e-02 4.436054266989231110e-03 2.716932259500026703e-02 2.747177518904209137e-02 3.866504505276679993e-02 3.379122167825698853e-02 1.147643080912530422e-03 8.508761972188949585e-02 3.686336055397987366e-02 7.495013624429702759e-02 1.923490688204765320e-02 6.626226007938385010e-02 7.051881402730941772e-02 2.213757187128067017e-01 3.336921706795692444e-02 1.038538943976163864e-02 6.866490002721548080e-03 1.661990582942962646e-02 2.707363851368427277e-02 2.476536855101585388e-02 6.921224296092987061e-02 5.544329993426799774e-03 1.847237534821033478e-02 2.219408005475997925e-02 7.174297422170639038e-02 2.407631278038024902e-02 3.280318528413772583e-02 9.967554360628128052e-03 1.559062954038381577e-02 6.154704373329877853e-03 8.387346751987934113e-03 1.346107223071157932e-03 6.608130782842636108e-02 3.252541273832321167e-02 3.873102366924285889e-02 8.529951795935630798e-03 2.529101446270942688e-02 4.677597060799598694e-02 3.218998759984970093e-02 3.396669775247573853e-02 3.909757360816001892e-02 6.600779294967651367e-02 1.877221092581748962e-02 9.010845795273780823e-03 3.174268454313278198e-02 3.003600984811782837e-02 1.629911549389362335e-02 4.711809009313583374e-02 2.414149045944213867e-02 1.112865004688501358e-02 7.462903857231140137e-02 5.431009456515312195e-03 5.172183737158775330e-02 3.937314078211784363e-02 7.706461846828460693e-02 4.308343678712844849e-02 3.510018810629844666e-02 6.096440181136131287e-02 4.962262511253356934e-02 8.992891013622283936e-02 2.744884416460990906e-02 3.903144970536231995e-02 7.773234508931636810e-03 4.324914515018463135e-02 3.246274963021278381e-02 1.657363958656787872e-02 6.969989277422428131e-03 4.820451512932777405e-02 2.242507040500640869e-02 4.626817069947719574e-03 6.020444445312023163e-03 6.218612194061279297e-02 3.593024238944053650e-02 2.763383276760578156e-02 1.487553585320711136e-02 2.355349622666835785e-02 8.684870600700378418e-02 4.462486132979393005e-02 2.706044539809226990e-02 1.162979751825332642e-02 6.766293942928314209e-02 7.050292938947677612e-02 6.577538698911666870e-02
6.243792362511157990e-03 7.657120376825332642e-02 6.648000329732894897e-02 6.951472023501992226e-04 3.989715874195098877e-02 1.358567029237747192e-01 4.456235561519861221e-03 2.994787134230136871e-02 5.729639902710914612e-02 3.679199516773223877e-02 3.007399477064609528e-02 2.345472015440464020e-02 9.896514564752578735e-02 2.795723453164100647e-02 5.156804621219635010e-02 6.069804541766643524e-03 2.040817216038703918e-02 4.571500699967145920e-03 1.926857978105545044e-02 7.798558473587036133e-02 8.145199716091156006e-02 4.464637115597724915e-02 4.025073722004890442e-02 1.428746432065963745e-02 6.261770613491535187e-03 7.682733703404664993e-03 5.242063105106353760e-02 5.120420455932617188e-02 5.672539025545120239e-02 3.706810297444462776e-03 3.346908092498779297e-02 5.199837684631347656e-02 3.706786409020423889e-02 2.161236666142940521e-02 2.549513615667819977e-02 6.128947436809539795e-02 1.422642171382904053e-02 1.052813883870840073e-02 5.510383285582065582e-03 3.388862684369087219e-02 9.359807707369327545e-03 4.239523410797119141e-02 3.371575102210044861e-02 1.840102113783359528e-02 4.343906790018081665e-02 4.693495482206344604e-02 2.029386162757873535e-01 7.760191708803176880e-02 2.726349234580993652e-02 5.828987061977386475e-02 6.181777268648147583e-02 3.597823157906532288e-02 3.354116529226303101e-02 2.983700856566429138e-02 2.004709467291831970e-02 5.226099118590354919e-02 4.788099788129329681e-03 3.113613650202751160e-02 1.448260061442852020e-02 1.108650676906108856e-02 3.971661627292633057e-02 8.020714856684207916e-03 1.929469406604766846e-02 9.715789929032325745e-03 2.318188548088073730e-02 1.296104490756988525e-02 7.315262220799922943e-03 2.373493276536464691e-02 4.489405080676078796e-02 6.824983749538660049e-03 5.045193806290626526e-02 4.500286281108856201e-02 5.995571613311767578e-02 8.288677781820297241e-03 7.126698642969131470e-02 1.262655109167098999e-02 4.697338864207267761e-02 2.926171571016311646e-02 6.070733536034822464e-03 2.398432698100805283e-03 1.188172586262226105e-02 3.571223095059394836e-02 1.971346139907836914e-02 3.256973996758460999e-02 2.326045930385589600e-02 3.186002746224403381e-02 4.890573024749755859e-02 4.372110217809677124e-02 7.552114129066467285e-02 6.337906420230865479e-02 3.277648240327835083e-02 5.237577110528945923e-02 3.035181667655706406e-03 4.802225902676582336e-02 1.533001847565174103e-02 3.964263573288917542e-02 1.042978605255484581e-03 3.920399397611618042e-02 4.327449016273021698e-03 3.890334814786911011e-02 5.024252459406852722e-02 2.160034514963626862e-02 2.067366801202297211e-02 2.630691975355148315e-02 7.085274904966354370e-02 1.822920329868793488e-02 4.081051796674728394e-03 5.995187535881996155e-02 2.446456626057624817e-02 4.879549611359834671e-03 4.499256238341331482e-02 7.716669887304306030e-02 2.076870203018188477e-02 2.565360441803932190e-02 3.257055766880512238e-03 2.510679652914404869e-03
7.006553933024406433e-03 1.181740872561931610e-02 3.097630739212036133e-01 1.663716696202754974e-02 1.614826731383800507e-02 1.339989062398672104e-02 2.994787134230136871e-02 1.115873381495475769e-01 3.421524539589881897e-02 8.410663902759552002e-02 4.194498993456363678e-03 1.723673008382320404e-02 1.344770938158035278e-02 2.484202757477760315e-02 1.193595379590988159e-01 4.093534871935844421e-02 4.744951426982879639e-02 6.661808118224143982e-03 7.209386676549911499e-02 7.034401595592498779e-02 7.293421775102615356e-02 8.958317339420318604e-03 1.410219259560108185e-02 4.730110615491867065e-02 4.483634606003761292e-02 5.378796160221099854e-02 9.022778831422328949e-03 4.188287630677223206e-02 2.577571757137775421e-02 4.134481772780418396e-02 4.210291896015405655e-03 1.374117750674486160e-02 7.865914143621921539e-03 4.205762594938278198e-02 1.208983547985553741e-02 1.046192869544029236e-01 3.818885982036590576e-02 1.314873713999986649e-02 5.346673727035522461e-02 2.744025550782680511e-02 7.065456360578536987e-03 3.125992952845990658e-04 3.023013845086097717e-02 8.128045499324798584e-02 7.041910290718078613e-02 5.035990476608276367e-02 1.425605639815330505e-02 5.651335418224334717e-02 1.130768377333879471e-02 1.911049149930477142e-02 6.639750674366950989e-03 3.526381915435194969e-03 2.893524058163166046e-02 1.548503991216421127e-02 2.376147173345088959e-02 3.270517289638519287e-02 1.155431196093559265e-02 1.537491846829652786e-02 1.187167409807443619e-02 5.381922423839569092e-02 1.525205373764038086e-02 1.902299001812934875e-02 1.130047347396612167e-02 6.169734895229339600e-02 3.124737925827503204e-02 4.184992611408233643e-02 4.128264635801315308e-02 3.133883234113454819e-03 1.485905516892671585e-02 1.206522714346647263e-02 6.277656648308038712e-03 1.012845057994127274e-02 3.113152459263801575e-02 1.007317472249269485e-02 4.087278991937637329e-02 1.113299559801816940e-02 9.973045438528060913e-03 4.160634055733680725e-02 5.132127087563276291e-03 2.243283018469810486e-02 2.808369696140289307e-01 1.702340096235275269e-01 3.591046854853630066e-02 6.874436140060424805e-02 1.740655116736888885e-02 3.000077418982982635e-02 1.484889835119247437e-01 6.239302456378936768e-02 4.593583941459655762e-02 2.249372191727161407e-02 2.914934046566486359e-02 5.670928582549095154e-02 4.709935560822486877e-02 1.617562212049961090e-02 3.564649820327758789e-02 8.054681122303009033e-02 1.296431641094386578e-03 6.427730433642864227e-03 1.204323489218950272e-02 3.560847416520118713e-02 4.409202560782432556e-02 2.143872715532779694e-02 5.420507118105888367e-02 3.887431323528289795e-02 2.369702607393264771e-02 2.670333534479141235e-02 2.521997690200805664e-02 1.264204084873199463e-02 6.885051727294921875e-02 1.233729813247919083e-02 1.180890668183565140e-02 3.171205893158912659e-02 4.284402355551719666e-02 2.000501193106174469e-02 7.222635205835103989e-03 6.092755123972892761e-02
1.674768701195716858e-02 2.550172060728073120e-02 4.366546403616666794e-03 2.609661221504211426e-02 3.156006336212158203e-02 4.665420204401016235e-02 5.729639902710914612e-02 3.421524539589881897e-02 5.377109721302986145e-02 1.574419885873794556e-01 1.266582030802965164e-02 2.374754054471850395e-03 3.373812884092330933e-02 3.835550695657730103e-02 3.283090516924858093e-02 3.466114029288291931e-02 8.144912123680114746e-02 3.238006830215454102e-01 1.032028272747993469e-01 4.269377794116735458e-03 4.003359749913215637e-02 3.859686106443405151e-02 4.085482563823461533e-03 2.254750579595565796e-02 5.075561627745628357e-02 4.277576133608818054e-02 9.468599408864974976e-02 6.820049136877059937e-02 5.390000715851783752e-02 2.830285951495170593e-02 1.599339582026004791e-02 1.521149650216102600e-03 1.880936883389949799e-02 6.219674274325370789e-02 2.708086930215358734e-02 5.123847629874944687e-03 3.863593563437461853e-02 2.717709401622414589e-03 3.142795339226722717e-02 8.102627471089363098e-03 1.665214821696281433e-02 4.478896781802177429e-02 3.182131797075271606e-02 7.942600548267364502e-02 3.256567567586898804e-02 5.815235152840614319e-02 1.180952135473489761e-02 2.747334365267306566e-04 5.139807611703872681e-02 2.232217462733387947e-03 3.701274469494819641e-02 2.971041388809680939e-02 1.655417494475841522e-02 2.066372334957122803e-02 8.245036005973815918e-02 4.789316654205322266e-02 1.898075453937053680e-02 3.021333180367946625e-02 4.209473729133605957e-03 2.790130116045475006e-02 5.183446407318115234e-02 3.307323157787322998e-02 3.477495536208152771e-02 4.283381626009941101e-02 8.682465180754661560e-03 2.098821662366390228e-02 7.909798994660377502e-03 1.469552144408226013e-02 5.805329233407974243e-02 3.653397411108016968e-02 5.765674263238906860e-02 3.551455959677696228e-02 1.691267266869544983e-02 1.191765442490577698e-02 3.157889097929000854e-02 1.416180748492479324e-02 2.331388443708419800e-01 3.591040731407701969e-04 1.466526538133621216e-01 6.727172061800956726e-03 5.169095471501350403e-03 2.607062272727489471e-02 9.885711222887039185e-02 2.278473973274230957e-02 2.417014539241790771e-02 1.228870674967765808e-01 6.216410920023918152e-02 2.763480506837368011e-02 8.664177358150482178e-02 5.677434429526329041e-02 4.718688130378723145e-02 2.407036162912845612e-02 8.722793310880661011e-03 8.447638899087905884e-02 3.375748544931411743e-02 4.415640980005264282e-02 1.402106322348117828e-02 5.196163803339004517e-02 1.245560795068740845e-01 7.996911555528640747e-02 7.063201814889907837e-02 2.804709039628505707e-02 1.292788051068782806e-02 1.494876574724912643e-02 4.716272279620170593e-02 1.956097967922687531e-02 5.368363112211227417e-02 9.150003083050251007e-03 4.524009674787521362e-02 3.064962662756443024e-02 2.386574633419513702e-02 3.627131925895810127e-03 1.284007541835308075e-02 5.968073010444641113e-02 4.313865210860967636e-04 3.973833844065666199e-02
2.891132840886712074e-03 2.938134223222732544e-02 7.671854645013809204e-02 5.179855599999427795e-02 6.750635802745819092e-02 2.621767856180667877e-02 3.679199516773223877e-02 8.410663902759552002e-02 1.574419885873794556e-01 7.282645255327224731e-02 3.957508131861686707e-02 6.374470144510269165e-02 3.048438020050525665e-02 7.810734957456588745e-02 1.272741518914699554e-02 9.215198457241058350e-03 8.308045566082000732e-02 8.813221007585525513e-03 2.491002231836318970e-01 4.082703962922096252e-02 8.115310221910476685e-02 7.865030318498611450e-02 8.455042727291584015e-03 1.013818196952342987e-02 1.040544174611568451e-02 3.208393603563308716e-02 8.135894313454627991e-03 1.127054020762443542e-01 4.136377200484275818e-02 1.618687249720096588e-02 5.052899569272994995e-02 5.591119080781936646e-02 4.429007321596145630e-02 7.064127177000045776e-02 1.414934825152158737e-02 5.021825805306434631e-02 5.257558077573776245e-02 8.705570362508296967e-03 5.058879032731056213e-03 9.731255471706390381e-03 3.053766489028930664e-02 2.600459381937980652e-02 6.728327716700732708e-04 9.515491873025894165e-02 1.722354069352149963e-02 5.452186986804008484e-02 4.152084141969680786e-02 4.973094910383224487e-02 1.359233912080526352e-02 5.454654991626739502e-02 2.167685329914093018e-02 1.504961308091878891e-02 1.801065285690128803e-03 3.950843960046768188e-02 2.999945729970932007e-02 5.122308805584907532e-02 8.413374423980712891e-03 1.995179057121276855e-02 3.562184423208236694e-02 8.878639899194240570e-03 1.814297586679458618e-02 4.067358747124671936e-02 1.106312964111566544e-02 5.335721652954816818e-03 7.766637019813060760e-03 1.234608003869652748e-03 1.484748627990484238e-02 1.789076020941138268e-03 4.983416199684143066e-02 1.011716574430465698e-01 4.157835990190505981e-02 2.835858426988124847e-02 5.901087075471878052e-02 1.202507615089416504e-01 7.040151953697204590e-02 2.086012996733188629e-02 9.005433320999145508e-02 1.847390830516815186e-01 1.589684933423995972e-02 1.062093377113342285e-01 1.083320938050746918e-03 4.882383346557617188e-02 7.454774528741836548e-02 2.235774695873260498e-01 2.325538173317909241e-02 1.476038154214620590e-02 3.270505368709564209e-02 6.822179257869720459e-02 4.524948075413703918e-02 7.065595686435699463e-02 2.509712614119052887e-02 3.079540841281414032e-02 2.252777107059955597e-02 8.461683243513107300e-02 3.824477642774581909e-02 8.513610810041427612e-02 2.997532300651073456e-02 3.314476925879716873e-03 6.493997760117053986e-03 5.859033763408660889e-02 1.991167291998863220e-02 4.325029440224170685e-03 3.698681294918060303e-02 1.089321356266736984e-02 3.838452696800231934e-02 4.559113178402185440e-03 2.606396749615669250e-02 3.842632099986076355e-02 4.261176101863384247e-03 3.802383318543434143e-02 4.957987461239099503e-03 3.345671296119689941e-02 3.864917904138565063e-02 5.111261084675788879e-02 3.224941715598106384e-02 1.103723328560590744e-02
1.020137444138526917e-01 9.561979025602340698e-02 3.725557774305343628e-02 1.201627869158983231e-02 1.050058659166097641e-02 1.193151101469993591e-01 3.007399477064609528e-02 4.194498993456363678e-03 1.266582030802965164e-02 3.957508131861686707e-02 6.242655962705612183e-02 5.316639319062232971e-02 1.207471787929534912e-01 2.843469940125942230e-02 2.138705924153327942e-02 5.514942109584808350e-03 3.213232755661010742e-02 2.865383028984069824e-02 3.807898610830307007e-02 3.457415150478482246e-03 2.379738353192806244e-02 2.407919988036155701e-02 5.994195863604545593e-02 4.826322942972183228e-02 3.487585484981536865e-02 2.738738246262073517e-02 1.683097146451473236e-02 7.308473438024520874e-02 6.180266290903091431e-02 8.739221841096878052e-02 4.216620326042175293e-02 2.302663028240203857e-02 2.858203090727329254e-02 2.305926568806171417e-02 2.113039977848529816e-02 3.103519417345523834e-02 1.138017978519201279e-03 1.531581487506628036e-02 4.012924432754516602e-02 7.336800917983055115e-04 3.383389115333557129e-02 5.303508043289184570e-02 3.043212369084358215e-02 6.175927072763442993e-02 3.556523844599723816e-02 2.297526784241199493e-02 1.052705422043800354e-01 5.091284587979316711e-02 2.515224739909172058e-02 4.581456258893013000e-02 1.554881129413843155e-02 4.326919093728065491e-02 2.754501067101955414e-02 4.676292091608047485e-02 3.635813668370246887e-02 4.682798311114311218e-02 1.921552233397960663e-02 6.003381311893463135e-02 5.785401538014411926e-02 3.456794843077659607e-02 2.800344116985797882e-02 3.274862840771675110e-02 7.183773908764123917e-03 4.968202859163284302e-02 1.378079503774642944e-01 5.925981700420379639e-02 4.826464690268039703e-03 1.234484184533357620e-02 5.312620848417282104e-02 4.693749174475669861e-02 6.394195556640625000e-02 4.179173335433006287e-02 2.648250199854373932e-03 3.315509110689163208e-02 4.190838709473609924e-02 1.859833672642707825e-02 1.115533150732517242e-02 2.196692302823066711e-02 1.726410351693630219e-02 4.292293637990951538e-02 6.248734891414642334e-02 3.630109131336212158e-02 1.480179559439420700e-02 4.816174134612083435e-02 2.047986723482608795e-03 1.084893196821212769e-02 1.679395325481891632e-02 2.813435159623622894e-02 6.936229765415191650e-02 5.256315693259239197e-02 7.929448969662189484e-03 6.584991514682769775e-02 1.419512368738651276e-02 4.237860441207885742e-03 8.019275031983852386e-03 1.800214406102895737e-03 2.520624734461307526e-02 1.866440661251544952e-02 1.467304863035678864e-02 1.563054323196411133e-02 1.844295114278793335e-02 4.613154008984565735e-02 3.587590297684073448e-03 5.580036900937557220e-03 1.255824323743581772e-02 1.624030247330665588e-02 3.858440741896629333e-02 1.260210573673248291e-02 2.238592132925987244e-02 1.493259984999895096e-02 1.561327837407588959e-02 4.920687153935432434e-02 2.334747090935707092e-02 8.642346598207950592e-03 4.399954900145530701e-02 1.810588687658309937e-02
1.682714931666851044e-02 4.060313478112220764e-02 2.141458541154861450e-02 8.945349603891372681e-03 2.679616771638393402e-02 4.966145753860473633e-02 2.345472015440464020e-02 1.723673008382320404e-02 2.374754054471850395e-03 6.374470144510269165e-02 5.316639319062232971e-02 1.937981322407722473e-02 5.935569480061531067e-02 1.918136924505233765e-01 6.469371914863586426e-02 1.019122377038002014e-01 4.381877556443214417e-02 6.131000816822052002e-02 2.762988209724426270e-02 4.849805310368537903e-02 7.694731466472148895e-03 1.634176447987556458e-02 9.181702509522438049e-03 3.331452608108520508e-02 5.424138158559799194e-03 4.140846431255340576e-02 1.918619871139526367e-02 1.641141027212142944e-01 6.006005778908729553e-02 1.456083655357360840e-01 4.037674143910408020e-02 3.446985036134719849e-02 4.248732235282659531e-03 5.910884216427803040e-02 1.106640882790088654e-02 2.782453782856464386e-02 3.111205250024795532e-02 5.391186848282814026e-02 6.653695832937955856e-03 3.846636041998863220e-02 3.241585195064544678e-02 4.810493066906929016e-02 4.851898923516273499e-02 2.477868832647800446e-02 5.246801301836967468e-02 3.354049474000930786e-02 4.457148723304271698e-03 3.476969525218009949e-02 2.255135402083396912e-02 4.619671497493982315e-03 1.208376605063676834e-02 1.548194885253906250e-02 2.289609797298908234e-02 4.603524878621101379e-02 8.112744987010955811e-02 2.057560719549655914e-02 1.087025776505470276e-01 5.907516553997993469e-02 4.063193872570991516e-02 4.439748451113700867e-02 2.450630627572536469e-02 5.188376829028129578e-02 6.571730971336364746e-02 2.617429010570049286e-02 5.067260004580020905e-03 2.449316158890724182e-02 2.595629356801509857e-02 3.333131223917007446e-02 2.902645431458950043e-02 1.233904156833887100e-02 3.529990464448928833e-02 1.761094294488430023e-02 4.041959345340728760e-02 2.589137852191925049e-02 3.622217103838920593e-02 6.692390888929367065e-02 8.681014180183410645e-02 4.321262612938880920e-02 2.818917855620384216e-02 2.814753912389278412e-02 2.537175081670284271e-02 9.364373236894607544e-02 3.347102552652359009e-02 2.551007457077503204e-02 3.139309957623481750e-02 6.258296221494674683e-02 2.383281663060188293e-02 4.057566076517105103e-02 8.975328505039215088e-02 7.355074584484100342e-02 1.847999915480613708e-02 2.879462018609046936e-02 6.277997046709060669e-02 3.416464105248451233e-02 2.122233808040618896e-02 8.076098561286926270e-02 4.433150961995124817e-02 1.040131598711013794e-02 7.376794237643480301e-03 1.343352440744638443e-02 6.736448267474770546e-04 6.410954147577285767e-02 3.484677523374557495e-02 2.815525606274604797e-02 1.089825062081217766e-03 3.420922905206680298e-02 3.357456251978874207e-02 4.437931999564170837e-02 2.475847722962498665e-03 4.880974534898996353e-03 8.456926047801971436e-02 2.099630609154701233e-02 7.467004470527172089e-03 3.978449478745460510e-02 2.723215147852897644e-02 7.344762980937957764e-02
4.633707553148269653e-02 1.091966703534126282e-01 1.855190470814704895e-02 5.015583708882331848e-02 3.850609064102172852e-02 5.412076041102409363e-02 9.896514564752578735e-02 1.344770938158035278e-02 3.373812884092330933e-02 3.048438020050525665e-02 1.207471787929534912e-01 5.935569480061531067e-02 4.985659196972846985e-02 2.767088636755943298e-02 2.959951385855674744e-02 2.698572352528572083e-02 2.351153083145618439e-02 1.264447439461946487e-02 1.870115473866462708e-02 6.122625246644020081e-02 2.537927404046058655e-02 5.914028733968734741e-02 9.240415529347956181e-04 4.897097125649452209e-02 2.636520890519022942e-03 5.220326408743858337e-02 8.941985666751861572e-02 7.370115071535110474e-02 2.114399895071983337e-02 3.532567247748374939e-02 4.020215198397636414e-02 3.054860606789588928e-02 3.583611547946929932e-02 2.315314859151840210e-02 2.889643190428614616e-03 2.615160867571830750e-02 4.254617914557456970e-02 1.552273333072662354e-02 3.014632873237133026e-02 1.772429980337619781e-02 3.136368468403816223e-02 3.544888272881507874e-02 2.510413527488708496e-02 2.920419350266456604e-02 7.822602055966854095e-03 2.108099684119224548e-02 7.926630973815917969e-02 5.186818912625312805e-02 4.603777080774307251e-03 4.356700554490089417e-02 1.211351435631513596e-02 1.932166516780853271e-02 7.468573749065399170e-02 1.817795261740684509e-02 1.120436936616897583e-02 3.245477378368377686e-02 5.044276639819145203e-02 4.002108052372932434e-02 2.109040692448616028e-02 3.015991486608982086e-02 2.344845049083232880e-02 2.930712513625621796e-02 6.018274277448654175e-02 1.045448407530784607e-01 8.558584749698638916e-02 8.895677328109741211e-02 2.423919737339019775e-02 4.124556854367256165e-02 6.427196413278579712e-02 1.693380624055862427e-02 8.993290364742279053e-02 4.776797257363796234e-03 1.242001634091138840e-02 1.883819326758384705e-02 3.392469137907028198e-02 5.150594562292098999e-02 3.578350320458412170e-02 2.483810484409332275e-02 1.227833516895771027e-02 5.244685709476470947e-02 9.398940019309520721e-03 3.086524829268455505e-02 2.501873113214969635e-02 5.268355086445808411e-02 3.117424435913562775e-02 3.509450703859329224e-02 1.208055764436721802e-02 6.329707056283950806e-02 5.853361636400222778e-02 9.295620955526828766e-03 1.568166655488312244e-03 6.122960522770881653e-02 8.184153586626052856e-03 7.450740784406661987e-02 3.573830425739288330e-02 3.458223491907119751e-02 3.564384952187538147e-02 2.103556413203477859e-03 5.767403170466423035e-02 1.359415240585803986e-02 5.892932880669832230e-03 4.972320050001144409e-02 6.244502961635589600e-02 3.069397248327732086e-02 1.832085102796554565e-02 1.559026539325714111e-02 1.989803090691566467e-02 1.969261467456817627e-02 2.555988915264606476e-02 1.275167893618345261e-02 1.162581611424684525e-02 2.258318476378917694e-03 3.070671856403350830e-02 5.232001096010208130e-02 2.886909060180187225e-02 4.584847390651702881e-02
