2.167829275131225586e-01 2.211854010820388794e-01 4.576472193002700806e-02 2.888332121074199677e-02 2.109066396951675415e-02 2.139175832271575928e-01 1.519574224948883057e-01 3.582646325230598450e-02 2.637741900980472565e-02 2.092258073389530182e-02 1.563924252986907959e-01 1.384810451418161392e-02 1.344769150018692017e-01 1.035085972398519516e-02 1.930712349712848663e-02 1.607554405927658081e-02 2.421898767352104187e-02 4.214708134531974792e-02 3.939021751284599304e-02 5.518330633640289307e-02 5.855917185544967651e-02 5.925530567765235901e-02 2.098685130476951599e-02 2.572261495515704155e-03 2.196572022512555122e-03 4.215114284306764603e-03 4.447419196367263794e-03 1.406686473637819290e-02 2.302565611898899078e-02 3.339312225580215454e-02 1.514382194727659225e-02 1.613122969865798950e-02 2.190495841205120087e-02 1.865887083113193512e-02 1.436665421351790428e-03 8.659935742616653442e-02 4.720470681786537170e-02 1.050926279276609421e-02 3.220273926854133606e-02 3.236423479393124580e-03 4.588316753506660461e-02 3.051644749939441681e-02 9.320340119302272797e-03 1.162689458578824997e-02 2.512594871222972870e-02 5.822195112705230713e-02 8.304847031831741333e-02 7.737609557807445526e-03 4.718609899282455444e-02 3.455274179577827454e-02 3.475039452314376831e-02 2.582267625257372856e-03 3.028966113924980164e-02 2.191249094903469086e-02 6.891354452818632126e-03 2.396544441580772400e-02 1.056396681815385818e-02 7.341568823903799057e-03 2.631563320755958557e-02 4.717857763171195984e-02 5.906607490032911301e-03 8.996474556624889374e-03 4.303340986371040344e-02 1.277408283203840256e-02 3.237679600715637207e-02 1.324539724737405777e-02 4.422668740153312683e-02 2.077387273311614990e-02 1.974575966596603394e-02 1.352643594145774841e-02 3.824467211961746216e-02 3.656446933746337891e-02 4.208496212959289551e-02 7.620037067681550980e-03 4.284587223082780838e-03 3.070651553571224213e-02 2.047609537839889526e-02 3.755607828497886658e-02 2.226037345826625824e-02 6.245288625359535217e-02 4.878044500946998596e-02 2.728417329490184784e-02 1.191555056720972061e-03 2.223744988441467285e-02 5.127864424139261246e-03 2.502683363854885101e-02 1.725458726286888123e-02 4.589868243783712387e-03 3.320636972784996033e-02 9.660144895315170288e-02 1.137672271579504013e-02 1.270706485956907272e-02 2.259168401360511780e-02 7.592067122459411621e-03 3.621754050254821777e-02 6.445466540753841400e-03 1.236499752849340439e-02 9.904972277581691742e-03 1.716361939907073975e-02 6.369418650865554810e-02 3.289723023772239685e-02 6.576239317655563354e-02 1.597273163497447968e-02 1.765251718461513519e-02 6.404569745063781738e-02 2.346550673246383667e-02 4.389137402176856995e-02 1.664697751402854919e-02 1.101120188832283020e-02 4.025158286094665527e-02 4.995357617735862732e-02 4.853025544434785843e-03 5.489093810319900513e-02 7.071592845022678375e-03 1.435331068933010101e-02 1.517836749553680420e-02
2.211854010820388794e-01 2.125247716903686523e-01 2.415677998214960098e-03 1.993415318429470062e-02 1.432815659791231155e-02 1.478783786296844482e-01 1.580194085836410522e-01 5.510655697435140610e-03 2.352565154433250427e-02 1.998852193355560303e-02 1.370252072811126709e-01 3.036975674331188202e-02 1.219154670834541321e-01 6.422645412385463715e-03 1.822516694664955139e-02 4.036571364849805832e-03 3.002476505935192108e-02 1.094399485737085342e-02 1.491966750472784042e-02 7.629748433828353882e-02 8.022823929786682129e-02 2.570815756916999817e-02 3.843685239553451538e-02 1.285608112812042236e-02 1.543397363275289536e-02 1.706064678728580475e-02 5.144561827182769775e-02 4.043281823396682739e-02 4.984487220644950867e-02 1.487043499946594238e-02 4.603415355086326599e-02 5.088443402200937271e-03 8.306614123284816742e-03 1.307646743953227997e-02 2.487549372017383575e-02 2.584988623857498169e-02 4.764527454972267151e-02 1.411268580704927444e-02 2.413107454776763916e-02 4.020081367343664169e-03 8.546943776309490204e-03 3.244293481111526489e-02 8.471871726214885712e-03 3.130346536636352539e-02 1.403771061450242996e-02 5.185595527291297913e-02 5.914486944675445557e-02 6.274393945932388306e-02 1.298703136853873730e-03 9.872278198599815369e-03 2.561883814632892609e-02 3.172186017036437988e-02 9.664664976298809052e-03 2.435803040862083435e-02 5.481810774654150009e-03 1.569839566946029663e-02 9.923486039042472839e-03 8.295218460261821747e-03 2.308667637407779694e-02 3.265720605850219727e-02 2.556481026113033295e-02 3.082518093287944794e-02 3.577332571148872375e-02 8.020943962037563324e-03 3.134750947356224060e-02 2.192372223362326622e-03 5.679180473089218140e-02 2.785526774823665619e-02 1.858689449727535248e-02 4.907836765050888062e-02 2.257543429732322693e-02 3.969329595565795898e-02 5.017369240522384644e-02 3.617994487285614014e-02 5.931107327342033386e-02 2.301575429737567902e-02 8.668136782944202423e-03 4.183721169829368591e-02 4.483815573621541262e-04 2.725874632596969604e-02 1.915548928081989288e-02 3.243766725063323975e-02 1.615435071289539337e-02 5.854107812047004700e-02 2.954523079097270966e-02 2.067783288657665253e-02 4.454451799392700195e-02 3.981726989150047302e-02 8.992159739136695862e-03 1.223068404942750931e-02 5.894409492611885071e-02 1.443534530699253082e-02 5.010712146759033203e-02 3.983456641435623169e-02 2.905927784740924835e-02 6.798969116061925888e-03 3.113224357366561890e-02 5.164939537644386292e-02 1.365266926586627960e-02 3.768567368388175964e-02 1.756527088582515717e-02 6.097189337015151978e-02 3.617925569415092468e-02 6.311693787574768066e-02 5.645983666181564331e-02 8.919079555198550224e-04 1.510900724679231644e-02 2.478635683655738831e-02 2.907837368547916412e-02 6.151372194290161133e-02 1.054084971547126770e-01 6.881679594516754150e-02 5.125328898429870605e-02 1.872494816780090332e-02 1.527862157672643661e-02 1.359520014375448227e-02
4.576472193002700806e-02 2.415677998214960098e-03 1.472274959087371826e-01 5.428547039628028870e-03 4.141254350543022156e-02 2.123023569583892822e-02 4.859967902302742004e-02 1.311115324497222900e-01 2.056872704997658730e-03 2.019957080483436584e-02 4.215068649500608444e-03 6.163866491988301277e-04 4.587652906775474548e-02 6.711943447589874268e-02 7.097590714693069458e-02 1.918184570968151093e-02 1.917099952697753906e-02 1.119186449795961380e-02 4.840350896120071411e-02 7.592769712209701538e-02 5.613291636109352112e-03 3.484587371349334717e-02 1.360757369548082352e-02 1.058422960340976715e-03 8.593038655817508698e-03 2.957407571375370026e-02 4.555030167102813721e-02 7.895429432392120361e-02 3.275331109762191772e-02 2.547800913453102112e-02 2.538867294788360596e-02 2.487612515687942505e-02 4.764686897397041321e-02 2.576288022100925446e-02 3.847523778676986694e-02 4.867059178650379181e-03 1.069113165140151978e-01 2.955876663327217102e-02 6.190472096204757690e-02 5.832117982208728790e-03 3.905472531914710999e-02 1.741622574627399445e-02 1.440668758004903793e-02 5.351796001195907593e-02 1.106818392872810364e-02 1.995791308581829071e-02 1.542369648814201355e-02 3.918199986219406128e-02 2.524114586412906647e-02 4.832691326737403870e-02 9.856265038251876831e-03 6.201017647981643677e-03 2.974513359367847443e-02 4.875487834215164185e-02 3.109051287174224854e-02 6.055748462677001953e-02 3.159372135996818542e-02 3.534912317991256714e-02 8.658844232559204102e-02 2.332835271954536438e-02 5.168162286281585693e-03 3.022117167711257935e-02 9.855119138956069946e-02 4.907234385609626770e-02 6.067549809813499451e-02 4.985434003174304962e-03 2.810291945934295654e-02 4.137298464775085449e-02 5.351310595870018005e-02 2.335650101304054260e-02 2.512761764228343964e-02 1.478491723537445068e-02 1.839742809534072876e-02 6.249384954571723938e-02 3.193553769960999489e-03 3.888092935085296631e-02 4.443736374378204346e-02 4.095519334077835083e-02 2.827683091163635254e-02 1.151473596692085266e-01 1.956633329391479492e-01 1.876305043697357178e-01 1.352418586611747742e-02 3.124793246388435364e-02 1.983169838786125183e-02 1.632131077349185944e-02 9.858485311269760132e-02 9.327485412359237671e-02 9.174172580242156982e-02 1.063027605414390564e-02 2.579215914011001587e-02 2.249453589320182800e-02 2.972844615578651428e-02 1.070459559559822083e-02 8.013722300529479980e-02 5.354250222444534302e-02 5.608727410435676575e-02 5.588947609066963196e-02 2.219832316040992737e-02 3.287477185949683189e-03 2.456972433719784021e-04 3.071283921599388123e-03 9.209069423377513885e-03 6.088481843471527100e-02 2.807914651930332184e-02 1.257321517914533615e-02 6.741710007190704346e-02 3.631986305117607117e-02 9.694709442555904388e-03 6.631342694163322449e-03 3.835004195570945740e-02 1.428772811777889729e-04 2.317141368985176086e-02 3.587889950722455978e-03 5.244560912251472473e-02 3.386704251170158386e-02
2.888332121074199677e-02 1.993415318429470062e-02 5.428547039628028870e-03 1.685333251953125000e-01 1.982374191284179688e-01 7.250870764255523682e-02 2.676077932119369507e-02 2.328139357268810272e-02 5.729975644499063492e-03 4.954404756426811218e-02 1.340330205857753754e-02 3.651337698101997375e-02 1.720514893531799316e-02 8.629786223173141479e-02 4.224170744419097900e-02 7.440788671374320984e-03 6.229250505566596985e-02 1.344219502061605453e-02 1.624327339231967926e-02 3.279117867350578308e-02 2.008977718651294708e-02 2.848085761070251465e-02 2.329299785196781158e-02 1.517592463642358780e-02 1.294104568660259247e-02 4.210251197218894958e-02 4.793218895792961121e-02 1.115516573190689087e-01 5.360170826315879822e-02 6.728255003690719604e-02 3.325337311252951622e-03 7.099110167473554611e-03 1.486693881452083588e-02 3.798722848296165466e-02 7.284379564225673676e-03 3.475452587008476257e-02 1.156289316713809967e-02 4.252988472580909729e-02 9.109098464250564575e-02 5.669150501489639282e-02 2.552684769034385681e-02 1.011215243488550186e-02 2.502466924488544464e-02 3.381480276584625244e-02 6.964788306504487991e-03 1.680143876001238823e-03 2.072143368422985077e-02 7.510731928050518036e-03 4.237477481365203857e-02 4.202075302600860596e-02 2.295788750052452087e-02 3.265488520264625549e-02 7.383306324481964111e-02 1.847903989255428314e-02 2.819463424384593964e-02 5.562352947890758514e-03 6.716459989547729492e-02 4.396109655499458313e-02 6.949777901172637939e-02 2.595524676144123077e-02 5.047841370105743408e-02 2.292850054800510406e-02 8.701080083847045898e-02 4.849414527416229248e-02 4.401481244713068008e-03 1.175521407276391983e-02 1.520065870136022568e-02 2.432963252067565918e-02 8.042697608470916748e-02 3.890203312039375305e-02 1.197036355733871460e-02 1.504320930689573288e-02 2.050703912973403931e-01 1.505435816943645477e-02 1.331653445959091187e-01 4.422600567340850830e-02 6.971459090709686279e-02 6.890769302845001221e-02 4.643764719367027283e-02 9.039479494094848633e-02 6.653969734907150269e-02 1.395350228995084763e-02 5.160394310951232910e-02 5.383274704217910767e-02 7.810114882886409760e-03 2.288421802222728729e-02 1.144773210398852825e-03 7.951785228215157986e-04 5.482910573482513428e-02 1.267518699169158936e-01 3.542603179812431335e-02 1.222460996359586716e-02 5.981237161904573441e-03 5.283921025693416595e-03 1.115309819579124451e-02 1.811056747101247311e-03 2.229341864585876465e-02 1.291451137512922287e-02 1.635840744711458683e-03 2.439612150192260742e-02 4.081077128648757935e-02 5.164691247045993805e-03 4.460882768034934998e-02 2.980019338428974152e-02 9.291556477546691895e-02 3.036737907677888870e-03 3.118304722011089325e-02 6.279356032609939575e-02 4.604722186923027039e-02 2.356085553765296936e-02 3.704192815348505974e-03 4.333617538213729858e-02 3.240844979882240295e-02 1.688916422426700592e-02 5.587156489491462708e-02 2.531465888023376465e-02
2.109066396951675415e-02 1.432815659791231155e-02 4.141254350543022156e-02 1.982374191284179688e-01 1.350002139806747437e-01 1.004153266549110413e-01 6.216757465153932571e-03 3.494116477668285370e-03 3.584214299917221069e-02 3.805131092667579651e-02 3.861258551478385925e-02 5.475444719195365906e-02 1.254751533269882202e-02 3.081674873828887939e-02 1.281271502375602722e-02 2.967736124992370605e-02 1.290045864880084991e-02 1.785752177238464355e-02 1.918219961225986481e-03 4.263000935316085815e-02 7.053909357637166977e-03 2.481298893690109253e-02 7.603850215673446655e-03 1.383232790976762772e-02 7.124653458595275879e-02 1.004003435373306274e-01 2.260595560073852539e-03 4.941855743527412415e-02 1.206570398062467575e-02 4.955616220831871033e-02 2.708997391164302826e-02 8.384972810745239258e-03 1.378184091299772263e-02 7.459039799869060516e-03 5.251930281519889832e-02 4.082664474844932556e-02 9.282261133193969727e-03 1.811448670923709869e-02 8.545313775539398193e-02 1.183635145425796509e-01 1.883700117468833923e-02 9.526608511805534363e-03 2.215685509145259857e-02 5.907150730490684509e-02 2.249148301780223846e-02 3.750224038958549500e-02 5.461402609944343567e-02 1.747517846524715424e-02 5.269116163253784180e-02 6.405053660273551941e-03 1.868410222232341766e-02 1.049401424825191498e-02 5.013187974691390991e-02 8.257064968347549438e-03 4.517221450805664062e-02 5.472652986645698547e-02 6.996817141771316528e-02 1.894862391054630280e-02 1.612275466322898865e-02 1.641233451664447784e-02 2.553175389766693115e-02 1.148491818457841873e-02 2.703947387635707855e-02 3.520433604717254639e-02 2.064810693264007568e-02 1.204999163746833801e-02 4.232106357812881470e-02 2.120347879827022552e-02 4.661499336361885071e-02 1.566177606582641602e-02 7.552063465118408203e-02 4.388193413615226746e-02 1.299991905689239502e-01 1.334158144891262054e-02 1.398517787456512451e-01 3.277434036135673523e-02 3.294101916253566742e-03 4.634692799299955368e-03 4.356383904814720154e-02 3.385452181100845337e-02 1.968711987137794495e-02 2.288242988288402557e-02 1.405919250100851059e-02 4.316426068544387817e-02 3.837032616138458252e-02 1.952250301837921143e-02 1.032015215605497360e-02 2.065453305840492249e-02 6.688209250569343567e-04 2.184399962425231934e-02 1.325002871453762054e-02 3.947743400931358337e-02 1.528205070644617081e-02 1.587404310703277588e-02 3.745594993233680725e-02 1.039339601993560791e-02 1.189163979142904282e-02 1.434655115008354187e-02 6.129467394202947617e-03 1.603348366916179657e-02 3.272990882396697998e-02 5.277191847562789917e-02 3.384179621934890747e-02 3.906855359673500061e-02 3.661394119262695312e-02 2.329591102898120880e-02 4.942708835005760193e-02 1.663931645452976227e-03 5.521523999050259590e-04 2.938510477542877197e-02 2.313815243542194366e-02 2.663727663457393646e-02 2.817687019705772400e-02 6.537032313644886017e-03 1.839033141732215881e-02 1.217430923134088516e-02
2.139175832271575928e-01 1.478783786296844482e-01 2.123023569583892822e-02 7.250870764255523682e-02 1.004153266549110413e-01 1.938405334949493408e-01 2.141453176736831665e-01 1.290789712220430374e-02 4.801431670784950256e-02 5.866711027920246124e-03 1.108922734856605530e-01 9.789488464593887329e-02 8.759938925504684448e-02 9.973406046628952026e-02 2.162702614441514015e-03 1.996306888759136200e-02 5.149906501173973083e-03 4.320770129561424255e-02 4.044937714934349060e-02 4.162964597344398499e-02 8.623319678008556366e-03 4.959029331803321838e-02 2.777541521936655045e-03 3.666042163968086243e-02 1.397227495908737183e-02 9.313715994358062744e-02 2.399518154561519623e-02 2.306753210723400116e-02 5.504665151238441467e-02 8.728230372071266174e-03 1.069574803113937378e-01 2.883871458470821381e-02 4.955232888460159302e-02 1.303050201386213303e-02 7.374717295169830322e-02 6.248325482010841370e-02 2.114259824156761169e-02 1.893627457320690155e-02 2.300465945154428482e-03 5.929475277662277222e-02 1.580580510199069977e-02 1.648877398110926151e-03 2.917568199336528778e-02 6.494887918233871460e-02 2.003380469977855682e-02 1.774222590029239655e-02 1.585718244314193726e-01 2.706026844680309296e-02 3.652735054492950439e-02 4.646893963217735291e-02 7.047593593597412109e-02 8.672012388706207275e-02 4.394390806555747986e-02 3.264098428189754486e-03 4.627520963549613953e-02 4.602164030075073242e-02 2.620518207550048828e-02 9.266058355569839478e-02 4.161832854151725769e-02 7.134217768907546997e-02 8.990608900785446167e-02 7.031755149364471436e-02 5.960193648934364319e-02 8.546105027198791504e-02 1.436340902000665665e-02 4.963965620845556259e-03 7.130768150091171265e-02 5.500436201691627502e-02 3.644700348377227783e-02 2.118569239974021912e-02 3.871202096343040466e-02 3.642005100846290588e-02 2.637633122503757477e-02 2.490489510819315910e-03 5.592044070363044739e-02 3.450975567102432251e-02 3.591811656951904297e-02 2.086929045617580414e-02 1.877760700881481171e-02 5.392066761851310730e-02 1.413217838853597641e-02 3.514812514185905457e-02 1.273353770375251770e-02 2.836462482810020447e-02 7.132867723703384399e-02 6.523509509861469269e-03 2.091277576982975006e-02 3.221493214368820190e-03 7.169277220964431763e-02 3.633746132254600525e-02 4.787323996424674988e-03 2.149170637130737305e-02 2.738024294376373291e-02 3.522123768925666809e-02 5.846052989363670349e-02 5.253919959068298340e-02 8.386760950088500977e-02 4.848536476492881775e-02 6.147723272442817688e-02 3.065184690058231354e-02 8.234866894781589508e-03 1.420970633625984192e-02 5.247328430414199829e-02 3.705023974180221558e-02 6.725285202264785767e-02 4.441724624484777451e-03 8.726382255554199219e-02 5.361384153366088867e-02 4.116882383823394775e-02 4.163467884063720703e-02 8.544012159109115601e-02 5.622260645031929016e-02 4.918972775340080261e-02 2.021714672446250916e-02 7.383495103567838669e-03 4.511182382702827454e-02
1.519574224948883057e-01 1.580194085836410522e-01 4.859967902302742004e-02 2.676077932119369507e-02 6.216757465153932571e-03 2.141453176736831665e-01 2.281853705644607544e-01 5.720844492316246033e-03 7.496658246964216232e-03 2.785911411046981812e-02 1.323221474885940552e-01 3.126372396945953369e-02 9.073144197463989258e-02 3.559749200940132141e-02 1.782370917499065399e-02 2.229598537087440491e-02 1.016626507043838501e-02 5.460768938064575195e-02 1.562758721411228180e-02 6.859821081161499023e-02 7.830670103430747986e-03 1.815018430352210999e-02 6.755182985216379166e-03 4.335162416100502014e-02 6.265432573854923248e-03 2.900471352040767670e-02 6.135412678122520447e-02 1.547446940094232559e-02 5.398013070225715637e-02 5.023502558469772339e-02 3.173965215682983398e-02 3.967651631683111191e-03 9.531443007290363312e-03 2.480861172080039978e-02 1.093084271997213364e-02 1.266443170607089996e-02 3.524140641093254089e-02 6.332644820213317871e-02 3.249675780534744263e-02 6.725200219079852104e-04 4.719292744994163513e-02 2.987335808575153351e-02 4.664286226034164429e-02 7.954881340265274048e-02 3.915408626198768616e-02 6.528935581445693970e-02 1.452067345380783081e-01 1.199669837951660156e-01 2.426035515964031219e-02 3.848631307482719421e-02 5.450798943638801575e-02 4.560938477516174316e-02 6.567689590156078339e-03 6.026685610413551331e-02 6.739886943250894547e-03 3.278160467743873596e-02 3.947316482663154602e-02 5.733379721641540527e-02 1.865720376372337341e-02 3.022356331348419189e-02 1.513826940208673477e-02 2.859717234969139099e-02 1.950708334334194660e-03 3.236966952681541443e-02 5.579998716711997986e-02 3.657948598265647888e-02 2.841931767761707306e-02 6.207418628036975861e-03 1.405148953199386597e-02 1.444373279809951782e-02 1.303935609757900238e-02 2.432217448949813843e-02 4.473603889346122742e-02 4.325789958238601685e-02 4.762969166040420532e-02 4.222762212157249451e-02 2.334957197308540344e-02 1.038110442459583282e-02 6.379114836454391479e-02 1.055951789021492004e-02 8.900444954633712769e-03 3.394564986228942871e-02 2.077856659889221191e-02 3.138161078095436096e-02 3.224861249327659607e-02 4.520801827311515808e-02 2.766502648591995239e-02 4.665817692875862122e-02 1.289093587547540665e-02 5.061400681734085083e-02 7.945048063993453979e-02 2.911550551652908325e-02 6.972556561231613159e-02 4.311567172408103943e-02 5.884348228573799133e-02 2.775518782436847687e-02 1.849691197276115417e-02 3.823148086667060852e-02 3.915439546108245850e-02 3.882793476805090904e-03 1.297787111252546310e-02 1.411065179854631424e-02 4.477595537900924683e-02 3.185062855482101440e-02 1.502507459372282028e-02 5.023322254419326782e-02 2.699520811438560486e-02 2.029581926763057709e-02 1.597300730645656586e-02 7.545484602451324463e-02 7.701969891786575317e-02 6.209842860698699951e-02 3.435968235135078430e-02 2.540504746139049530e-02 2.090204320847988129e-02 9.444219060242176056e-03
3.582646325230598450e-02 5.510655697435140610e-03 1.311115324497222900e-01 2.328139357268810272e-02 3.494116477668285370e-03 1.290789712220430374e-02 5.720844492316246033e-03 2.132311314344406128e-01 5.557471141219139099e-02 3.338328003883361816e-02 1.109000481665134430e-02 1.598792895674705505e-02 2.451044693589210510e-02 1.514963340014219284e-02 1.910687834024429321e-01 5.107743293046951294e-02 8.442210033535957336e-03 3.574024885892868042e-02 1.193363498896360397e-02 3.208205476403236389e-02 3.299498232081532478e-03 5.683936551213264465e-02 6.956417858600616455e-02 8.135563880205154419e-02 1.148523762822151184e-02 5.558203905820846558e-03 8.877993561327457428e-03 1.459070947021245956e-02 1.465794723480939865e-02 1.882956363260746002e-02 6.000091787427663803e-03 3.140387311577796936e-02 1.259448658674955368e-02 1.775355450809001923e-02 6.781803071498870850e-02 1.330769900232553482e-02 3.678335994482040405e-02 1.575435698032379150e-02 9.198234975337982178e-02 3.678032010793685913e-02 4.645592346787452698e-02 3.924139961600303650e-02 3.613062202930450439e-02 1.923475996591150761e-03 1.864555478096008301e-02 2.400786988437175751e-02 6.161044817417860031e-03 9.570831432938575745e-03 4.025901481509208679e-02 6.842240225523710251e-03 4.414604976773262024e-03 2.191483229398727417e-02 1.041993685066699982e-02 1.456487807445228100e-03 3.378989547491073608e-02 2.560865506529808044e-02 5.075700953602790833e-02 1.357210893183946609e-02 4.547944292426109314e-02 3.286601044237613678e-03 3.368595149368047714e-03 3.567204996943473816e-02 5.146662518382072449e-02 1.001615636050701141e-02 1.086092321202158928e-03 2.029163949191570282e-02 2.249787375330924988e-02 3.241778351366519928e-03 2.200776245445013046e-03 3.305240068584680557e-03 3.153034299612045288e-02 1.370064076036214828e-02 4.143397510051727295e-02 2.025589346885681152e-02 3.598625212907791138e-02 1.070087682455778122e-02 3.909588605165481567e-02 4.283040016889572144e-02 5.663020908832550049e-02 2.078572288155555725e-02 1.785863041877746582e-01 1.392306387424468994e-01 1.910124719142913818e-02 2.080256864428520203e-02 2.782713808119297028e-02 4.925781115889549255e-02 1.533141732215881348e-01 1.056075766682624817e-01 1.684935204684734344e-02 5.143899843096733093e-02 8.132877759635448456e-03 1.075570820830762386e-03 1.315219420939683914e-02 2.370055951178073883e-02 5.248536914587020874e-02 3.051765821874141693e-02 1.850999069574754685e-05 6.901887711137533188e-03 7.027196232229471207e-03 2.525459975004196167e-02 2.888357639312744141e-02 2.157459966838359833e-02 1.260563265532255173e-02 4.399467725306749344e-03 1.413111761212348938e-02 2.512107836082577705e-03 6.388322263956069946e-02 1.272648456506431103e-03 2.655218169093132019e-02 2.033244632184505463e-02 1.825708523392677307e-02 4.538240376859903336e-03 8.322928100824356079e-03 6.203684024512767792e-03 6.682036817073822021e-02 6.506560835987329483e-03
2.637741900980472565e-02 2.352565154433250427e-02 2.056872704997658730e-03 5.729975644499063492e-03 3.584214299917221069e-02 4.801431670784950256e-02 7.496658246964216232e-03 5.557471141219139099e-02 1.339848935604095459e-01 7.263900339603424072e-02 4.025007132440805435e-03 4.655778035521507263e-02 4.100366309285163879e-02 2.112987451255321503e-02 1.164932386018335819e-03 5.494587123394012451e-02 2.830226719379425049e-02 7.772703468799591064e-02 2.753201127052307129e-02 3.549705818295478821e-02 1.672224141657352448e-03 4.666850902140140533e-03 6.743580847978591919e-02 2.766737341880798340e-02 6.606301665306091309e-02 2.002011518925428391e-03 2.598745748400688171e-02 6.157011911273002625e-02 1.719758100807666779e-02 4.032149538397789001e-02 1.018599886447191238e-02 7.520549464970827103e-03 4.802093654870986938e-02 3.820807859301567078e-02 2.788761071860790253e-02 6.610003183595836163e-04 3.528853505849838257e-02 1.319415401667356491e-02 2.052599191665649414e-02 1.898657716810703278e-02 9.402677416801452637e-03 2.076844312250614166e-02 1.066866237670183182e-02 1.341543626040220261e-02 3.451906517148017883e-02 4.036727175116539001e-02 3.740872815251350403e-02 1.323668379336595535e-02 6.450201570987701416e-02 2.314729057252407074e-02 2.407409437000751495e-02 7.004314102232456207e-03 5.687541887164115906e-02 4.260496795177459717e-02 7.509753108024597168e-02 1.106440089643001556e-02 4.522998351603746414e-03 1.485517807304859161e-02 6.996382027864456177e-02 2.058027684688568115e-02 1.362382341176271439e-02 1.831919327378273010e-02 1.122959144413471222e-02 5.820650234818458557e-02 1.450156234204769135e-02 4.210693761706352234e-02 4.320334177464246750e-03 1.214684359729290009e-02 4.053055867552757263e-02 3.716042498126626015e-03 7.730188663117587566e-04 3.669068589806556702e-02 5.182133056223392487e-03 1.648728176951408386e-02 3.721883893013000488e-02 5.060639604926109314e-02 1.840816438198089600e-01 8.023153990507125854e-02 1.028961762785911560e-01 3.480248898267745972e-02 1.790434122085571289e-02 3.433110564947128296e-02 7.490002363920211792e-02 7.919458299875259399e-02 3.678496181964874268e-02 3.209878504276275635e-02 4.172375053167343140e-02 3.935571014881134033e-02 2.187439613044261932e-02 6.812552362680435181e-02 3.040370345115661621e-02 3.832124173641204834e-03 4.566318821161985397e-03 1.127700228244066238e-02 3.198037669062614441e-02 2.316166460514068604e-02 9.619811549782752991e-03 7.051736861467361450e-02 6.412089616060256958e-02 5.554768815636634827e-02 1.081425510346889496e-02 1.304323785006999969e-02 1.816329458961263299e-04 2.027604728937149048e-03 1.765921246260404587e-03 2.073194831609725952e-02 8.910698816180229187e-03 3.037317283451557159e-02 8.676793426275253296e-03 1.873524300754070282e-02 2.585113793611526489e-02 1.663191616535186768e-02 4.983812198042869568e-02 1.175770815461874008e-02 2.477018348872661591e-02 9.734887629747390747e-03
2.092258073389530182e-02 1.998852193355560303e-02 2.019957080483436584e-02 4.954404756426811218e-02 3.805131092667579651e-02 5.866711027920246124e-03 2.785911411046981812e-02 3.338328003883361816e-02 7.263900339603424072e-02 1.695836484432220459e-01 1.041082851588726044e-02 3.137263283133506775e-02 2.978100813925266266e-02 3.017784655094146729e-02 1.592269726097583771e-02 3.488547354936599731e-02 6.035761907696723938e-02 3.676861152052879333e-02 1.381511986255645752e-01 2.638841047883033752e-03 7.796773221343755722e-03 6.061573512852191925e-03 7.134108245372772217e-02 8.122446015477180481e-04 1.343040377832949162e-03 4.554202407598495483e-02 3.154838830232620239e-02 6.199654936790466309e-02 9.288158267736434937e-03 3.607603535056114197e-02 3.655576379969716072e-03 4.296910762786865234e-02 3.454070165753364563e-02 9.434728883206844330e-03 4.117755964398384094e-02 2.570724673569202423e-02 4.857636988162994385e-03 5.720658227801322937e-02 1.282529905438423157e-03 1.581212505698204041e-02 3.580770222470164299e-03 1.971729472279548645e-02 3.666212409734725952e-02 1.912803389132022858e-02 5.560381803661584854e-03 3.303440660238265991e-02 4.432104155421257019e-02 1.460702531039714813e-02 1.515377126634120941e-02 3.667098283767700195e-02 7.350694853812456131e-03 1.577947288751602173e-02 2.214008010923862457e-02 6.932115182280540466e-03 1.120607368648052216e-02 6.503783166408538818e-02 3.320896998047828674e-02 3.671386837959289551e-02 3.568427637219429016e-02 1.031478494405746460e-02 1.392242033034563065e-02 4.960875585675239563e-02 1.210192963480949402e-02 6.718979775905609131e-02 1.035703439265489578e-02 3.929229453206062317e-03 3.036361560225486755e-02 3.437963500618934631e-02 1.490510441362857819e-02 4.915024340152740479e-02 8.505678921937942505e-02 1.113111851736903191e-03 2.082698047161102295e-03 5.030692368745803833e-02 7.007844001054763794e-02 8.996989578008651733e-03 1.055960822850465775e-02 1.400890201330184937e-01 1.817132160067558289e-02 1.538154333829879761e-01 2.455846220254898071e-02 2.992575056850910187e-02 7.225234806537628174e-02 1.442921161651611328e-01 4.045297205448150635e-02 2.563275769352912903e-02 2.146086096763610840e-02 2.659687306731939316e-04 2.318076603114604950e-02 1.101039648056030273e-01 2.225421741604804993e-02 3.579466789960861206e-02 2.763352589681744576e-03 1.140864100307226181e-02 1.836370863020420074e-02 2.919934876263141632e-02 4.220801591873168945e-02 1.913865469396114349e-02 4.791883379220962524e-02 4.705892503261566162e-02 3.025515936315059662e-02 3.517907112836837769e-02 2.792877145111560822e-02 1.538731716573238373e-02 2.102507278323173523e-02 8.821392431855201721e-03 2.267569303512573242e-02 3.249616548418998718e-02 3.022491559386253357e-02 4.263325128704309464e-03 5.105391517281532288e-02 2.944832295179367065e-02 1.263494230806827545e-02 5.078039690852165222e-02 3.855945914983749390e-02 2.887885086238384247e-03
1.563924252986907959e-01 1.370252072811126709e-01 4.215068649500608444e-03 1.340330205857753754e-02 3.861258551478385925e-02 1.108922734856605530e-01 1.323221474885940552e-01 1.109000481665134430e-02 4.025007132440805435e-03 1.041082851588726044e-02 1.892339885234832764e-01 6.391672883182764053e-03 1.175915226340293884e-01 2.479289285838603973e-02 1.147706992924213409e-03 6.266932468861341476e-04 2.579250605776906013e-03 1.491772104054689407e-02 2.773848176002502441e-02 2.992847748100757599e-02 8.159362711012363434e-03 7.295429706573486328e-02 3.773837909102439880e-02 6.063023582100868225e-02 1.452819444239139557e-02 1.703774183988571167e-02 5.351068452000617981e-02 4.191587492823600769e-02 2.593935467302799225e-02 3.737775841727852821e-03 2.584544569253921509e-02 2.773243747651576996e-02 8.673550561070442200e-03 1.288997940719127655e-02 6.708715576678514481e-03 4.525256529450416565e-02 4.307696223258972168e-02 4.309495911002159119e-02 1.790717057883739471e-02 1.787805184721946716e-02 1.222696807235479355e-02 2.422366105020046234e-02 1.657438836991786957e-02 8.875443041324615479e-02 6.139742326922714710e-04 2.737576700747013092e-02 8.996035903692245483e-02 4.715474694967269897e-02 1.210722792893648148e-02 1.980106718838214874e-02 6.929493043571710587e-03 1.091893948614597321e-02 9.041349985636770725e-04 1.888518035411834717e-02 1.511987112462520599e-02 1.368958223611116409e-02 3.479823097586631775e-02 1.913489401340484619e-02 1.196505851112306118e-03 4.164762794971466064e-02 2.469734661281108856e-02 3.146675182506442070e-03 1.028525410220026970e-03 1.288356259465217590e-02 7.182095199823379517e-02 6.012252718210220337e-02 1.534251309931278229e-02 2.614906802773475647e-02 1.039388356730341911e-03 4.599593952298164368e-02 1.344508491456508636e-02 1.359888352453708649e-02 2.247056923806667328e-02 3.602011501789093018e-02 3.378902375698089600e-02 4.819157067686319351e-03 1.744484715163707733e-02 1.097861677408218384e-02 1.369296573102474213e-02 3.405815921723842621e-03 1.665557920932769775e-02 4.515520483255386353e-02 2.957604592666029930e-03 7.564909011125564575e-02 4.416668787598609924e-03 4.591178148984909058e-02 5.069601535797119141e-02 2.587834186851978302e-02 5.387724936008453369e-02 1.549541577696800232e-02 4.467171058058738708e-02 7.299553602933883667e-02 1.531685143709182739e-02 5.029676482081413269e-02 6.295204162597656250e-02 3.736103326082229614e-02 3.151258826255798340e-02 1.150866225361824036e-02 8.760915137827396393e-03 3.311552852392196655e-02 1.450400613248348236e-02 5.903756245970726013e-02 4.114451259374618530e-02 1.489171665161848068e-02 2.863208297640085220e-03 4.694709926843643188e-02 2.397076040506362915e-02 1.270450837910175323e-02 9.909786283969879150e-03 1.354883704334497452e-02 5.808569118380546570e-02 5.087984725832939148e-02 1.057665888220071793e-02 1.728625409305095673e-02 5.352786928415298462e-02 3.746255533769726753e-03
1.384810451418161392e-02 3.036975674331188202e-02 6.163866491988301277e-04 3.651337698101997375e-02 5.475444719195365906e-02 9.789488464593887329e-02 3.126372396945953369e-02 1.598792895674705505e-02 4.655778035521507263e-02 3.137263283133506775e-02 6.391672883182764053e-03 1.351474523544311523e-01 4.371700342744588852e-03 1.860605180263519287e-01 9.407799690961837769e-03 5.817142874002456665e-02 4.076337069272994995e-02 4.247169010341167450e-03 6.103118509054183960e-02 2.474212832748889923e-02 3.286590054631233215e-02 5.278048105537891388e-03 7.000562548637390137e-02 2.017713338136672974e-02 3.974364697933197021e-02 5.589846521615982056e-02 2.578512206673622131e-02 2.893486246466636658e-02 6.051035970449447632e-02 5.954143032431602478e-02 6.151752918958663940e-02 4.615655168890953064e-02 5.576981231570243835e-02 7.798988837748765945e-03 4.354421794414520264e-02 3.196349740028381348e-02 5.754676088690757751e-02 6.126117892563343048e-03 3.181143850088119507e-02 1.202137302607297897e-02 7.955617271363735199e-03 3.593991696834564209e-02 3.018081421032547951e-03 6.596435606479644775e-02 4.695188999176025391e-02 6.523748859763145447e-03 2.981976792216300964e-02 2.122464403510093689e-02 2.455740049481391907e-02 3.292351588606834412e-02 1.267867535352706909e-02 1.294171810150146484e-02 7.221312989713624120e-05 8.597801439464092255e-03 1.841062866151332855e-02 3.693159669637680054e-02 2.825026027858257294e-02 1.371182408183813095e-02 5.850802734494209290e-02 2.745624445378780365e-02 2.537230961024761200e-02 4.572482034564018250e-02 9.702023235149681568e-04 1.307983184233307838e-03 3.062647010665386915e-04 2.489959262311458588e-02 1.811985485255718231e-02 7.115140557289123535e-02 4.093766212463378906e-02 3.161988407373428345e-02 8.519639074802398682e-02 5.899894516915082932e-03 1.652737520635128021e-02 4.012745618820190430e-02 6.738855689764022827e-02 5.953042302280664444e-03 3.492072224617004395e-02 3.353887703269720078e-03 2.888371609151363373e-02 1.525126118212938309e-02 7.262270431965589523e-03 2.861993946135044098e-02 4.560745507478713989e-02 4.639274999499320984e-02 6.257943063974380493e-02 2.566919289529323578e-02 9.004546329379081726e-03 2.766449376940727234e-02 9.663870930671691895e-02 9.525174647569656372e-02 2.236541733145713806e-02 2.859788015484809875e-02 2.731166966259479523e-02 3.632880002260208130e-02 3.295445349067449570e-03 1.022795774042606354e-02 4.095556959509849548e-02 1.224218122661113739e-02 3.912831470370292664e-02 1.092340983450412750e-02 3.902008384466171265e-02 4.799596592783927917e-02 1.760764047503471375e-02 7.848049513995647430e-03 2.304241294041275978e-03 4.800009541213512421e-03 4.823974799364805222e-03 1.218736451119184494e-02 2.574959071353077888e-03 4.549803212285041809e-02 5.780342221260070801e-02 1.595813594758510590e-02 4.061721637845039368e-02 2.902011945843696594e-02 4.605265706777572632e-02 2.333468943834304810e-02
1.344769150018692017e-01 1.219154670834541321e-01 4.587652906775474548e-02 1.720514893531799316e-02 1.254751533269882202e-02 8.759938925504684448e-02 9.073144197463989258e-02 2.451044693589210510e-02 4.100366309285163879e-02 2.978100813925266266e-02 1.175915226340293884e-01 4.371700342744588852e-03 1.742035448551177979e-01 4.909758269786834717e-02 4.453115910291671753e-02 1.998204365372657776e-02 1.807050406932830811e-02 2.426404971629381180e-03 7.243951549753546715e-04 1.290797535330057144e-02 2.002155594527721405e-02 6.314998865127563477e-02 6.598607450723648071e-02 6.491663306951522827e-02 6.052754074335098267e-02 3.133219853043556213e-02 1.989714615046977997e-02 1.184186339378356934e-02 9.737807326018810272e-03 3.230448067188262939e-02 3.948993980884552002e-02 2.960361354053020477e-02 5.266284104436635971e-03 1.422450784593820572e-02 5.308261606842279434e-03 6.340520828962326050e-02 5.902236327528953552e-02 3.770295530557632446e-02 6.992489099502563477e-03 1.901159645058214664e-03 1.402925420552492142e-02 9.964794851839542389e-03 2.327970601618289948e-02 5.690309032797813416e-02 3.873127698898315430e-02 1.217818353325128555e-02 5.879137665033340454e-02 2.879340760409832001e-02 2.645966969430446625e-02 2.457927726209163666e-02 1.718168146908283234e-02 2.767546474933624268e-02 1.362017914652824402e-02 2.510777674615383148e-02 6.209277780726552010e-04 1.313587650656700134e-02 1.879335194826126099e-02 7.808330003172159195e-03 8.424563333392143250e-03 4.194561019539833069e-02 1.290622912347316742e-02 1.370720565319061279e-02 3.377736359834671021e-02 6.329981237649917603e-02 7.187990844249725342e-02 8.473981171846389771e-02 3.490614145994186401e-02 1.686510513536632061e-03 3.002302255481481552e-03 2.146445401012897491e-02 2.673860639333724976e-03 9.044492617249488831e-04 6.001862231642007828e-03 4.904832318425178528e-02 1.700573414564132690e-02 2.447518706321716309e-02 2.186243236064910889e-02 1.764596812427043915e-02 5.408627912402153015e-04 3.734389320015907288e-02 4.004701972007751465e-03 3.356200084090232849e-02 1.161008700728416443e-02 5.119712278246879578e-02 5.309435725212097168e-02 3.579547256231307983e-02 4.978672787547111511e-02 4.552698507905006409e-02 6.788124889135360718e-02 6.390446424484252930e-02 3.700887318700551987e-03 4.430725052952766418e-02 2.864959649741649628e-02 5.150837823748588562e-02 6.731195747852325439e-02 1.530413981527090073e-02 3.427894786000251770e-02 6.966958288103342056e-03 1.969486242160201073e-03 3.298348933458328247e-02 5.199402570724487305e-03 6.875403970479965210e-02 3.891014680266380310e-02 1.370010524988174438e-02 2.446657232940196991e-02 6.298433989286422729e-03 4.916938766837120056e-02 3.425330296158790588e-02 6.096299737691879272e-03 1.666960492730140686e-02 5.558306351304054260e-02 5.042430013418197632e-02 5.171704106032848358e-03 1.426583621650934219e-02 3.901254013180732727e-02 1.258362457156181335e-02
