6.760501116514205933e-02 1.984028518199920654e-01 8.963961154222488403e-02 3.794817999005317688e-02 2.253206213936209679e-03 2.123293429613113403e-01 6.302264519035816193e-03 2.445459924638271332e-02 5.939494445919990540e-02 4.195243492722511292e-02 2.563832104206085205e-01 1.020014937967061996e-02 2.464332282543182373e-01 3.051473200321197510e-02 1.054644491523504257e-02 3.021780215203762054e-02 3.267528861761093140e-02 6.616466492414474487e-02 2.403436461463570595e-03 4.157761484384536743e-02 5.373406782746315002e-02 7.299004495143890381e-02 3.663615323603153229e-03 1.215448044240474701e-02 2.167050167918205261e-02 1.651444286108016968e-02 4.484065994620323181e-02 1.618858799338340759e-02 3.538899868726730347e-02 1.144134253263473511e-02 6.418855488300323486e-02 3.119517117738723755e-02 4.961540549993515015e-02 4.537503421306610107e-02 1.787839271128177643e-02 3.579691424965858459e-02 4.814900830388069153e-02 5.605892091989517212e-02 3.033940121531486511e-02 1.539518125355243683e-02 3.250162303447723389e-02 2.957162074744701385e-02 3.827783279120922089e-03 3.880193457007408142e-02 1.949770934879779816e-02 6.090079434216022491e-03 9.708434343338012695e-02 1.927877962589263916e-02 4.410104081034660339e-02 4.260465130209922791e-02 1.001744717359542847e-02 2.151797525584697723e-02 1.227848511189222336e-02 4.822631180286407471e-02 3.933395724743604660e-03 3.265736624598503113e-02 4.651448875665664673e-02 3.709726780652999878e-02 1.035812869668006897e-01 2.245737053453922272e-02 3.527641668915748596e-02 5.712628364562988281e-02 4.884774610400199890e-02 2.997180446982383728e-02 5.427186936140060425e-02 4.501448199152946472e-02 2.740687131881713867e-02 2.798802219331264496e-02 1.679025404155254364e-02 6.913872808218002319e-02 5.572651047259569168e-03 9.478658437728881836e-03 6.692466884851455688e-02 3.383386880159378052e-02 2.908650413155555725e-02 5.046603456139564514e-02 6.392440758645534515e-03 3.940120711922645569e-02 1.533830910921096802e-02 4.713041335344314575e-02 2.876839227974414825e-02 4.364430904388427734e-02 8.552665822207927704e-04 4.620726779103279114e-02 2.509661391377449036e-02 1.695008762180805206e-02 4.002213850617408752e-02 5.567262414842844009e-03 5.682371184229850769e-02 3.402854874730110168e-02 7.483781781047582626e-03 7.806269568391144276e-04 6.028542295098304749e-02 4.432692006230354309e-02 3.225953504443168640e-02 9.662886150181293488e-03 1.418998185545206070e-02 4.284540936350822449e-02 2.135161869227886200e-02 2.657245099544525146e-02 4.523173347115516663e-02 3.768274793401360512e-03 1.324612461030483246e-02 1.078883409500122070e-01 2.875192090868949890e-02 3.106950595974922180e-02 9.761624969542026520e-03 7.562364637851715088e-02 1.287216972559690475e-02 3.512727096676826477e-02 6.848096102476119995e-02 2.573459967970848083e-02 1.355701778084039688e-02 2.144078956916928291e-03 3.392211347818374634e-02 9.850285202264785767e-02
1.984028518199920654e-01 5.448497086763381958e-02 2.786137163639068604e-02 1.448095962405204773e-02 1.199068594723939896e-02 1.632345914840698242e-01 1.184970661997795105e-01 4.376954585313796997e-02 2.741131372749805450e-02 1.174056809395551682e-02 1.725680828094482422e-01 3.963334858417510986e-02 2.295386195182800293e-01 4.126361757516860962e-02 5.328525975346565247e-02 5.510253831744194031e-03 2.907065302133560181e-02 1.013357564806938171e-02 2.256864495575428009e-02 1.596578583121299744e-02 7.637557107955217361e-03 3.454630449414253235e-02 4.411476850509643555e-02 1.470043417066335678e-02 3.939489275217056274e-02 3.545104712247848511e-02 6.783404946327209473e-02 3.656151518225669861e-02 1.517253555357456207e-02 5.428700242191553116e-03 4.294448345899581909e-02 8.998322300612926483e-03 5.359011236578226089e-03 4.170721396803855896e-03 4.008506238460540771e-02 1.450808811932802200e-02 1.594599522650241852e-02 1.681162975728511810e-02 2.763201668858528137e-02 7.235934492200613022e-03 1.553503517061471939e-02 3.991304431110620499e-03 7.030826061964035034e-03 5.108627304434776306e-02 6.530518084764480591e-02 4.345476627349853516e-02 4.754105210304260254e-02 3.859131038188934326e-02 3.704039007425308228e-02 2.767640352249145508e-02 3.129680082201957703e-02 1.840126700699329376e-02 2.439628355205059052e-02 2.771388180553913116e-02 5.143741890788078308e-02 1.545421499758958817e-02 3.170196712017059326e-02 4.118587821722030640e-02 6.436128169298171997e-03 7.340442854911088943e-03 7.512776553630828857e-02 4.384971410036087036e-02 5.630264803767204285e-02 4.388931766152381897e-02 1.189791318029165268e-02 6.889710202813148499e-03 1.126344036310911179e-02 2.666912786662578583e-02 5.575990676879882812e-02 7.956957072019577026e-02 4.873424395918846130e-02 6.294713914394378662e-02 4.625917971134185791e-02 6.993466615676879883e-02 6.295091006904840469e-03 4.629518464207649231e-02 1.210016291588544846e-02 2.960322052240371704e-02 3.066511079668998718e-02 1.312819309532642365e-02 6.144789978861808777e-03 7.082413136959075928e-02 5.929563567042350769e-02 5.265462026000022888e-02 5.984469875693321228e-02 3.828987106680870056e-02 7.157666236162185669e-02 2.619024738669395447e-02 5.017830431461334229e-02 6.612697616219520569e-03 1.081762928515672684e-02 4.455612227320671082e-02 6.435231119394302368e-02 5.583088379353284836e-03 8.921985514461994171e-03 3.687978163361549377e-02 9.563510119915008545e-02 1.909669302403926849e-02 4.079240374267101288e-03 1.258484460413455963e-02 4.798858612775802612e-02 1.929283887147903442e-02 3.313277289271354675e-02 6.547308713197708130e-02 3.057695552706718445e-02 1.624000578885897994e-04 3.881663084030151367e-02 5.561594665050506592e-02 3.353960812091827393e-02 4.489640519022941589e-02 7.933794520795345306e-03 3.738347813487052917e-02 4.654432646930217743e-03 3.046643920242786407e-03 5.030819401144981384e-02 2.885348536074161530e-02
8.963961154222488403e-02 2.786137163639068604e-02 7.244959473609924316e-02 3.109071776270866394e-02 4.035636782646179199e-02 5.612031370401382446e-02 3.111657127737998962e-02 1.690501719713211060e-01 9.354588389396667480e-02 7.509941607713699341e-02 4.432081431150436401e-02 2.375519275665283203e-02 1.773814111948013306e-02 3.311065956950187683e-02 7.595094293355941772e-02 5.842095986008644104e-02 2.465548459440469742e-03 4.284241050481796265e-02 6.067121401429176331e-02 5.058714747428894043e-02 1.075362786650657654e-02 6.030428037047386169e-02 7.288762181997299194e-02 3.288730233907699585e-02 4.480176791548728943e-02 2.998115494847297668e-02 3.366442769765853882e-02 3.286046162247657776e-02 1.792529597878456116e-02 1.069553121924400330e-01 8.708087354898452759e-02 2.473287470638751984e-02 4.597721248865127563e-02 3.963554650545120239e-02 5.120457336306571960e-02 1.253813505172729492e-02 3.219988569617271423e-02 9.186526387929916382e-02 6.385882850736379623e-03 3.316732356324791908e-03 3.211875259876251221e-02 1.817473582923412323e-02 2.732734568417072296e-02 4.329476505517959595e-02 1.671933196485042572e-02 1.497531682252883911e-02 4.134513065218925476e-02 3.882632590830326080e-04 3.334676846861839294e-02 4.414681717753410339e-02 1.156192924827337265e-02 1.214897539466619492e-02 5.952299572527408600e-03 2.691711671650409698e-02 1.435196250677108765e-01 6.473734974861145020e-02 4.076027870178222656e-02 1.825007796287536621e-02 2.213386446237564087e-02 4.589219763875007629e-02 3.604788333177566528e-02 3.041404671967029572e-02 1.094053033739328384e-02 5.360224097967147827e-02 7.937028259038925171e-02 2.179056406021118164e-03 2.315623685717582703e-02 3.324919566512107849e-02 2.008322253823280334e-02 3.644115477800369263e-02 9.347626939415931702e-03 3.184663876891136169e-02 2.196126990020275116e-02 5.961410701274871826e-02 2.003240585327148438e-02 2.407406829297542572e-02 6.705207377672195435e-02 3.558222949504852295e-02 9.779755026102066040e-03 3.616574406623840332e-02 1.009819954633712769e-01 1.145175695419311523e-01 3.478853404521942139e-02 7.926780730485916138e-02 1.933024823665618896e-02 3.163445973768830299e-03 2.031752467155456543e-02 6.024850159883499146e-02 4.887118190526962280e-02 4.471541196107864380e-02 3.304674476385116577e-02 1.282166782766580582e-02 1.404555980116128922e-02 7.026163488626480103e-02 4.270177707076072693e-02 1.239387970417737961e-02 5.295439809560775757e-02 3.454413637518882751e-02 2.878927625715732574e-02 9.805017150938510895e-03 1.646589860320091248e-02 3.857462434098124504e-04 1.121293902397155762e-01 1.271224580705165863e-02 5.279261246323585510e-02 3.416382148861885071e-02 2.812555618584156036e-02 4.798110201954841614e-02 7.692092098295688629e-03 3.210372477769851685e-02 7.844655960798263550e-02 1.605699956417083740e-01 2.011316083371639252e-02 2.022242732346057892e-02 1.018179021775722504e-02 1.997120492160320282e-02
3.794817999005317688e-02 1.448095962405204773e-02 3.109071776270866394e-02 2.504570223391056061e-02 1.238040626049041748e-01 7.729715853929519653e-02 1.517301332205533981e-02 1.319618429988622665e-02 3.807942941784858704e-02 3.545643761754035950e-02 6.896234303712844849e-02 1.330962777137756348e-02 1.514958310872316360e-02 1.663870364427566528e-02 2.582634240388870239e-02 8.449500426650047302e-03 2.691640052944421768e-03 6.251628696918487549e-02 7.702393922954797745e-03 5.492854118347167969e-02 2.605580165982246399e-02 1.681091729551553726e-03 9.424868971109390259e-02 1.565501466393470764e-02 3.008052706718444824e-02 1.763896457850933075e-02 1.797955855727195740e-02 4.890529811382293701e-02 6.993484497070312500e-02 2.472950518131256104e-02 4.063339158892631531e-02 9.324888139963150024e-02 2.519361861050128937e-02 5.249232798814773560e-02 6.258232891559600830e-02 3.454710543155670166e-02 1.434162259101867676e-02 2.083915099501609802e-02 8.365868031978607178e-02 5.670127272605895996e-02 3.956747055053710938e-02 2.420678921043872833e-02 4.478732298593968153e-04 4.470271617174148560e-02 1.827390398830175400e-03 6.237190216779708862e-03 8.800446055829524994e-03 6.709825247526168823e-02 4.349598661065101624e-02 6.181021407246589661e-02 3.386432677507400513e-02 9.364537545479834080e-04 1.023620367050170898e-02 2.624645456671714783e-02 6.027306243777275085e-02 6.921502947807312012e-02 1.911831088364124298e-02 2.545820176601409912e-02 2.047359384596347809e-02 3.937414661049842834e-02 8.134767413139343262e-03 2.951815724372863770e-02 7.477881759405136108e-02 5.237625539302825928e-02 1.313698105514049530e-02 1.485910080373287201e-02 3.089409787207841873e-03 2.110463380813598633e-02 5.742048844695091248e-03 3.377805650234222412e-02 5.376796051859855652e-02 1.551371533423662186e-02 1.387213021516799927e-01 3.070835582911968231e-02 4.531076550483703613e-02 3.775397315621376038e-02 2.455059811472892761e-02 5.082354694604873657e-02 9.032304515130817890e-04 9.840779937803745270e-03 1.330298930406570435e-02 3.655889770016074181e-03 8.337144553661346436e-02 3.514948859810829163e-02 3.033985849469900131e-03 1.293831691145896912e-02 2.061817608773708344e-02 1.050140056759119034e-02 2.900601364672183990e-02 3.464071452617645264e-02 4.935874044895172119e-02 7.273419201374053955e-02 4.878835380077362061e-02 3.708605840802192688e-02 4.147311300039291382e-02 1.182470284402370453e-02 5.125340074300765991e-02 5.081335827708244324e-02 4.574910923838615417e-02 1.044683530926704407e-02 1.610382087528705597e-02 2.497415617108345032e-02 3.798172576352953911e-03 2.867327630519866943e-02 4.053276777267456055e-02 1.224245596677064896e-02 3.994606807827949524e-02 4.251425713300704956e-02 3.791370615363121033e-02 6.282708048820495605e-02 1.147425826638936996e-02 5.951942875981330872e-02 5.284759029746055603e-02 1.901653409004211426e-02 3.770858794450759888e-02 1.798563078045845032e-02
2.253206213936209679e-03 1.199068594723939896e-02 4.035636782646179199e-02 1.238040626049041748e-01 1.100702118128538132e-02 1.205720845609903336e-02 1.721243374049663544e-02 4.399684257805347443e-03 3.486692160367965698e-02 4.138069972395896912e-02 2.277994714677333832e-02 2.138563618063926697e-02 1.264104992151260376e-02 1.386644667945802212e-03 9.619598276913166046e-03 3.736538812518119812e-02 1.496523339301347733e-02 1.254019979387521744e-02 8.320132642984390259e-02 4.591368511319160461e-02 6.309472024440765381e-02 4.764663800597190857e-02 2.525936067104339600e-02 7.343209534883499146e-02 1.212630607187747955e-02 5.610032007098197937e-02 3.627305850386619568e-03 3.701503574848175049e-02 1.769122295081615448e-02 3.018332459032535553e-02 3.369944542646408081e-02 5.649333074688911438e-02 4.893849790096282959e-02 2.613526582717895508e-02 1.504156365990638733e-02 5.114867165684700012e-02 2.689331769943237305e-03 5.093779880553483963e-03 8.440220355987548828e-02 9.419289976358413696e-02 7.767257280647754669e-03 5.354166030883789062e-02 5.402312427759170532e-02 4.381969198584556580e-02 5.228364840149879456e-02 3.509948402643203735e-02 2.002164022997021675e-03 4.862456023693084717e-02 5.161720886826515198e-02 4.892177134752273560e-02 2.612793073058128357e-02 1.212847302667796612e-03 2.524926327168941498e-02 3.526830673217773438e-02 4.832138307392597198e-03 5.702748894691467285e-02 6.373345851898193359e-02 6.804132461547851562e-02 3.253999724984169006e-02 1.248726248741149902e-02 2.649994008243083954e-02 2.782974019646644592e-02 9.063074365258216858e-03 3.811457380652427673e-02 1.280556619167327881e-02 1.075488701462745667e-02 3.859988972544670105e-02 5.446403101086616516e-02 4.885743930935859680e-02 1.381312124431133270e-02 2.321454323828220367e-02 3.328581899404525757e-02 7.786055654287338257e-02 4.174047335982322693e-02 7.290627062320709229e-02 1.810931041836738586e-02 2.042268589138984680e-02 1.408398896455764771e-02 8.547085337340831757e-03 5.682903900742530823e-02 2.069751359522342682e-02 2.635446563363075256e-02 8.083553612232208252e-02 1.466799676418304443e-01 6.003902480006217957e-02 3.123388811945915222e-02 4.118372872471809387e-02 9.630731306970119476e-03 6.961401551961898804e-02 6.048437580466270447e-02 2.724515041336417198e-03 3.560272231698036194e-02 4.272229969501495361e-02 3.788429498672485352e-02 4.154852405190467834e-02 1.478577777743339539e-02 4.408020526170730591e-02 6.259205192327499390e-02 7.897115498781204224e-02 2.741386555135250092e-02 1.997526548802852631e-02 4.358655214309692383e-02 3.390465304255485535e-02 2.394368313252925873e-02 5.057804659008979797e-02 1.119756791740655899e-02 4.424438625574111938e-02 6.907621026039123535e-02 5.352705717086791992e-03 3.945147991180419922e-02 1.780010014772415161e-02 2.087303437292575836e-03 3.878943622112274170e-03 5.593414418399333954e-03 5.180002003908157349e-02 4.234620556235313416e-02
2.123293429613113403e-01 1.632345914840698242e-01 5.612031370401382446e-02 7.729715853929519653e-02 1.205720845609903336e-02 3.787818551063537598e-02 1.323270890861749649e-02 6.937144324183464050e-03 4.571664705872535706e-02 3.831160813570022583e-02 1.227144077420234680e-01 1.057209074497222900e-01 2.142640799283981323e-01 5.835874006152153015e-02 7.594280689954757690e-02 4.623149987310171127e-03 2.118426375091075897e-02 3.783251717686653137e-02 4.276488348841667175e-02 9.572928771376609802e-03 2.331859990954399109e-02 4.842127487063407898e-02 1.028919685631990433e-02 6.528473645448684692e-02 3.389366716146469116e-02 4.308922588825225830e-02 1.964066550135612488e-02 1.529127731919288635e-02 9.305068105459213257e-02 3.311416134238243103e-02 4.213577136397361755e-02 3.006225218996405602e-03 5.161952227354049683e-02 5.019563809037208557e-02 8.959859609603881836e-03 1.184745412319898605e-02 2.698688302189111710e-03 1.200506556779146194e-02 1.736682094633579254e-02 3.838074207305908203e-02 6.213009357452392578e-02 7.216670550405979156e-03 2.505666576325893402e-02 2.351747639477252960e-02 7.517325133085250854e-02 4.807763174176216125e-02 1.272148489952087402e-01 5.237727984786033630e-02 5.912957713007926941e-02 1.994337886571884155e-03 3.171024844050407410e-02 2.601532638072967529e-02 3.597166761755943298e-02 2.666268683969974518e-02 1.999377086758613586e-02 1.609944552183151245e-02 3.106273338198661804e-02 8.849529176950454712e-02 9.056887030601501465e-02 1.248167455196380615e-02 4.143084213137626648e-02 6.452365964651107788e-02 6.066375970840454102e-02 7.067548483610153198e-02 8.292530663311481476e-03 1.348793320357799530e-02 2.653189189732074738e-02 1.566829346120357513e-02 3.149671480059623718e-02 5.581096932291984558e-02 1.378438714891672134e-02 2.404829673469066620e-02 2.699060831218957901e-03 3.198649734258651733e-02 2.628064155578613281e-02 2.751713432371616364e-02 2.442559227347373962e-02 8.264409005641937256e-02 2.081003971397876740e-02 1.648382283747196198e-02 2.300916984677314758e-02 7.677537947893142700e-02 3.955778479576110840e-02 5.496476963162422180e-02 1.752954721450805664e-02 4.604962840676307678e-02 8.200184255838394165e-02 2.929264679551124573e-02 5.216540768742561340e-02 4.951872304081916809e-02 9.771517477929592133e-03 3.781900182366371155e-02 1.609715260565280914e-02 6.798412650823593140e-02 2.073448896408081055e-02 1.438724622130393982e-02 6.898289918899536133e-02 1.499871909618377686e-02 2.899877168238162994e-02 1.980561949312686920e-02 8.211846463382244110e-03 3.129361569881439209e-02 1.468192692846059799e-02 6.362816691398620605e-02 2.626624703407287598e-02 7.091702520847320557e-02 1.771856471896171570e-02 4.273227229714393616e-02 4.594320058822631836e-02 1.788035593926906586e-02 3.541651740670204163e-02 4.036068916320800781e-03 3.084668703377246857e-02 4.991161171346902847e-03 8.174890279769897461e-02 2.237408980727195740e-02
6.302264519035816193e-03 1.184970661997795105e-01 3.111657127737998962e-02 1.517301332205533981e-02 1.721243374049663544e-02 1.323270890861749649e-02 4.742655530571937561e-02 2.370342984795570374e-02 4.768945276737213135e-02 1.587318070232868195e-02 1.496534496545791626e-01 4.301385208964347839e-02 4.311274364590644836e-02 1.411971403285861015e-03 1.248112414032220840e-03 2.340631000697612762e-02 5.375454202294349670e-02 6.032528821378946304e-03 1.538242911919951439e-03 6.247069686651229858e-02 7.030603475868701935e-03 4.669976606965065002e-02 4.984241444617509842e-03 1.708200434222817421e-03 1.915729418396949768e-02 1.786327548325061798e-02 3.793456405401229858e-02 5.629947781562805176e-02 1.860649138689041138e-02 4.135684669017791748e-02 3.002336248755455017e-02 6.527753174304962158e-02 6.044948101043701172e-02 6.923673674464225769e-03 2.903049997985363007e-02 6.008636672049760818e-03 4.405653104186058044e-02 1.424863338470458984e-01 1.160140428692102432e-02 1.207630801945924759e-02 7.241763919591903687e-02 8.724723942577838898e-03 3.705183416604995728e-02 7.493694871664047241e-02 9.521665982902050018e-03 5.284774582833051682e-03 1.629696972668170929e-02 2.344340085983276367e-01 2.319570444524288177e-02 3.141333535313606262e-02 3.148547932505607605e-02 5.739708989858627319e-02 1.137171406298875809e-02 3.986997157335281372e-02 3.844982013106346130e-02 8.035784214735031128e-02 8.035425096750259399e-03 1.667847111821174622e-02 4.671089723706245422e-02 7.137629436329007149e-04 1.737785898149013519e-02 6.723026186227798462e-02 3.056283667683601379e-02 3.000128082931041718e-02 7.212004065513610840e-02 4.764286056160926819e-02 2.693107724189758301e-02 7.178366649895906448e-03 3.322198614478111267e-02 1.075414102524518967e-02 3.704132512211799622e-02 1.051208563148975372e-02 1.967847347259521484e-02 6.547638680785894394e-03 5.832212418317794800e-02 1.131874024868011475e-01 8.623568341135978699e-03 3.774882853031158447e-02 2.468873187899589539e-02 3.622819483280181885e-02 6.288366019725799561e-02 2.953284047544002533e-02 2.082113176584243774e-02 4.183070734143257141e-02 6.078462582081556320e-03 4.763887729495763779e-03 8.990046568214893341e-03 3.192532435059547424e-02 5.053718574345111847e-03 6.366248428821563721e-02 3.789696842432022095e-02 1.696533523499965668e-02 8.346602320671081543e-02 2.329473197460174561e-02 6.191920861601829529e-02 1.572926528751850128e-02 4.440833255648612976e-02 4.314913228154182434e-02 8.974197320640087128e-03 7.099912967532873154e-03 4.080721363425254822e-02 2.253778465092182159e-02 2.625667676329612732e-02 2.458290755748748779e-02 6.164631340652704239e-03 6.467383354902267456e-03 3.884929418563842773e-02 4.436550661921501160e-02 2.950760163366794586e-02 9.123789146542549133e-03 3.687542164698243141e-03 1.513080671429634094e-02 8.358945138752460480e-03 4.904825612902641296e-02 6.036881357431411743e-03 5.823450163006782532e-02
2.445459924638271332e-02 4.376954585313796997e-02 1.690501719713211060e-01 1.319618429988622665e-02 4.399684257805347443e-03 6.937144324183464050e-03 2.370342984795570374e-02 1.189772877842187881e-02 5.118168890476226807e-02 4.643696174025535583e-02 3.601756691932678223e-02 8.561732247471809387e-03 4.720419645309448242e-02 1.164769753813743591e-02 1.181291714310646057e-01 5.248725041747093201e-02 2.917144075036048889e-02 4.637658968567848206e-02 1.936922036111354828e-02 3.739311918616294861e-02 6.309653818607330322e-02 6.094885617494583130e-02 3.810420865193009377e-03 2.186601795256137848e-02 5.873885378241539001e-02 1.583867333829402924e-02 4.672264214605093002e-03 1.494367886334657669e-02 1.465431693941354752e-02 1.467656437307596207e-02 3.845493122935295105e-02 7.903210818767547607e-03 2.033203653991222382e-02 1.086732558906078339e-02 1.784642599523067474e-02 3.907600790262222290e-02 5.705633014440536499e-02 5.369790643453598022e-02 2.593930624425411224e-02 6.666400935500860214e-03 1.616737246513366699e-02 3.095994703471660614e-02 1.414811518043279648e-02 2.853123843669891357e-02 3.251191601157188416e-02 2.155384514480829239e-03 4.377324879169464111e-02 3.182774782180786133e-02 7.852504961192607880e-03 1.683336310088634491e-02 1.242233719676733017e-02 3.223543986678123474e-02 1.148392260074615479e-02 3.093655407428741455e-02 6.589046120643615723e-02 4.464336112141609192e-02 5.060625076293945312e-02 1.227195188403129578e-02 1.416334882378578186e-02 3.017020039260387421e-02 2.307122340425848961e-03 3.838218376040458679e-02 3.977701533585786819e-03 4.468809347599744797e-03 2.533932914957404137e-03 1.439754478633403778e-02 3.545619780197739601e-03 4.502051696181297302e-02 3.059916757047176361e-02 5.103774741291999817e-02 9.883363731205463409e-03 1.489678956568241119e-02 2.088331803679466248e-02 6.288916803896427155e-03 2.432362176477909088e-02 2.889693249017000198e-03 5.746741592884063721e-02 3.540691733360290527e-02 3.682945971377193928e-04 3.991191461682319641e-02 8.423875272274017334e-02 7.957969605922698975e-02 5.605684965848922729e-02 1.309749577194452286e-02 1.517662662081420422e-03 2.663036249577999115e-02 7.426244765520095825e-02 6.130775436758995056e-02 3.224551677703857422e-02 4.584245849400758743e-03 1.228088233619928360e-02 8.626439608633518219e-03 4.564120620489120483e-02 3.537163138389587402e-02 2.104635164141654968e-02 2.811216190457344055e-02 5.519951134920120239e-02 4.257762432098388672e-02 4.982104524970054626e-02 2.137677744030952454e-02 4.532891325652599335e-03 2.040466666221618652e-02 2.038198895752429962e-02 1.132547296583652496e-02 1.409912202507257462e-02 3.656094521284103394e-02 2.928576990962028503e-02 2.053173817694187164e-02 1.088538859039545059e-02 5.952774360775947571e-02 1.485378481447696686e-02 9.321838617324829102e-02 2.473846636712551117e-02 3.947330638766288757e-02 3.896120563149452209e-02 4.093739017844200134e-02
5.939494445919990540e-02 2.741131372749805450e-02 9.354588389396667480e-02 3.807942941784858704e-02 3.486692160367965698e-02 4.571664705872535706e-02 4.768945276737213135e-02 5.118168890476226807e-02 3.679929301142692566e-02 7.356011867523193359e-02 4.859888926148414612e-03 2.435107342898845673e-02 1.640665158629417419e-02 1.921422965824604034e-02 8.994289673864841461e-03 3.167762479279190302e-04 7.533746212720870972e-02 1.825527250766754150e-01 8.280508220195770264e-02 4.663772415369749069e-03 4.917496815323829651e-02 1.877655461430549622e-02 1.119069103151559830e-02 8.036154508590698242e-02 3.235073387622833252e-02 3.376243636012077332e-02 4.009189084172248840e-02 3.760299086570739746e-02 5.892345216125249863e-03 9.555551223456859589e-03 6.979942321777343750e-03 7.562749832868576050e-02 5.428504571318626404e-02 1.762066781520843506e-02 1.263862662017345428e-02 1.190591324120759964e-02 1.969943754374980927e-02 3.240698482841253281e-03 2.856167592108249664e-02 3.808825463056564331e-02 4.031741619110107422e-02 3.365729749202728271e-02 3.218256402760744095e-03 1.995768584311008453e-02 5.465454887598752975e-03 7.071929052472114563e-03 4.613076802343130112e-03 4.583254083991050720e-02 4.364948719739913940e-02 1.374804414808750153e-02 4.877702891826629639e-02 9.954630397260189056e-03 3.534872457385063171e-02 4.799516126513481140e-02 1.415113806724548340e-01 8.138737827539443970e-02 2.531839534640312195e-02 4.709379374980926514e-02 6.871294695883989334e-03 1.912756636738777161e-02 1.132638677954673767e-01 7.062233053147792816e-03 6.162103638052940369e-02 4.172473400831222534e-02 5.144499242305755615e-02 3.879796341061592102e-02 5.301457829773426056e-03 4.246761277318000793e-02 7.948555797338485718e-02 3.242225199937820435e-02 4.919662699103355408e-02 1.253182142972946167e-01 2.711378224194049835e-02 4.905174137093126774e-04 2.916409447789192200e-02 7.972401380538940430e-02 1.804225444793701172e-01 1.430440507829189301e-02 8.351425081491470337e-02 1.627180911600589752e-02 2.974095568060874939e-02 1.615000143647193909e-02 5.131630599498748779e-02 1.004110276699066162e-01 2.125622332096099854e-02 2.533185109496116638e-02 2.932945732027292252e-03 2.637906372547149658e-02 1.768712513148784637e-02 2.276385901495814323e-03 1.114814821630716324e-02 3.898017108440399170e-02 2.683877386152744293e-02 7.395140826702117920e-02 5.717193335294723511e-02 2.986439689993858337e-02 9.829512797296047211e-03 4.087787494063377380e-02 3.567493113223463297e-04 1.827999949455261230e-02 4.775597155094146729e-02 1.237490121275186539e-02 3.938546031713485718e-02 1.469636894762516022e-02 9.928589686751365662e-03 4.397070780396461487e-02 9.010466746985912323e-03 2.845046855509281158e-02 5.161476880311965942e-02 7.839068770408630371e-03 1.645730435848236084e-02 3.985535353422164917e-02 3.994758054614067078e-02 2.575107850134372711e-03 1.027329452335834503e-02 3.212650306522846222e-03
4.195243492722511292e-02 1.174056809395551682e-02 7.509941607713699341e-02 3.545643761754035950e-02 4.138069972395896912e-02 3.831160813570022583e-02 1.587318070232868195e-02 4.643696174025535583e-02 7.356011867523193359e-02 1.568892155773937702e-03 3.754020482301712036e-02 2.301777247339487076e-03 3.072518296539783478e-02 3.887446364387869835e-03 3.525825962424278259e-02 3.535697236657142639e-02 3.171219676733016968e-02 1.653017289936542511e-02 1.217562034726142883e-01 2.249379176646471024e-03 3.047914057970046997e-02 3.915130719542503357e-02 4.108437150716781616e-02 5.483434721827507019e-02 2.409691177308559418e-02 2.831337414681911469e-02 9.464958682656288147e-03 2.436455339193344116e-02 9.748784941621124744e-04 3.236680850386619568e-02 2.502455189824104309e-02 2.685236558318138123e-02 3.792127827182412148e-03 4.003088176250457764e-02 1.516245771199464798e-02 1.854009809903800488e-03 2.289710007607936859e-02 9.248604066669940948e-03 1.707539148628711700e-02 4.482274502515792847e-02 1.728340797126293182e-02 2.542736567556858063e-02 8.003565482795238495e-03 3.566841827705502510e-03 4.129767417907714844e-02 1.314081624150276184e-02 2.261169627308845520e-02 3.561710193753242493e-02 5.265054479241371155e-02 8.274657279253005981e-02 8.460706099867820740e-03 6.137550622224807739e-02 1.118239015340805054e-03 1.261379942297935486e-02 9.270451031625270844e-03 9.745660424232482910e-02 3.795860707759857178e-02 1.396133750677108765e-02 8.532088249921798706e-03 1.265852712094783783e-02 5.587426945567131042e-02 6.356928497552871704e-02 3.345455601811408997e-02 1.130133215337991714e-02 6.136592710390686989e-04 2.401786856353282928e-02 8.201388642191886902e-03 3.675653785467147827e-02 4.303647205233573914e-02 4.482448101043701172e-02 7.576162368059158325e-02 4.872932285070419312e-02 4.542815685272216797e-02 5.425688624382019043e-02 7.441854476928710938e-02 6.186507269740104675e-02 3.366949409246444702e-02 8.279848098754882812e-02 2.970742993056774139e-02 9.622905403375625610e-02 3.645124286413192749e-02 7.312742620706558228e-02 2.668291516602039337e-02 1.342920511960983276e-01 1.144152693450450897e-02 3.524871915578842163e-02 1.427414454519748688e-02 5.112856626510620117e-02 5.627758428454399109e-02 8.251856267452239990e-02 2.881995402276515961e-02 3.652161732316017151e-02 5.409001023508608341e-04 3.529175650328397751e-03 4.002271161880344152e-04 1.902232132852077484e-02 2.513888664543628693e-02 4.436768591403961182e-02 5.592283606529235840e-02 1.358456630259752274e-02 3.170235455036163330e-02 6.585024297237396240e-03 3.973916172981262207e-03 4.850862547755241394e-02 1.277130842208862305e-02 1.093411538749933243e-02 2.219445444643497467e-02 1.541543286293745041e-03 1.559772249311208725e-02 1.061094459146261215e-03 8.546673692762851715e-03 3.649644926190376282e-02 3.004152514040470123e-02 1.231953874230384827e-02 3.408569097518920898e-02 3.218228742480278015e-02
2.563832104206085205e-01 1.725680828094482422e-01 4.432081431150436401e-02 6.896234303712844849e-02 2.277994714677333832e-02 1.227144077420234680e-01 1.496534496545791626e-01 3.601756691932678223e-02 4.859888926148414612e-03 3.754020482301712036e-02 5.689314752817153931e-02 2.856629341840744019e-02 1.750110983848571777e-01 4.742530640214681625e-03 2.013504318892955780e-02 1.703440584242343903e-02 2.904189378023147583e-02 2.913411147892475128e-02 1.027607731521129608e-02 2.793870493769645691e-02 5.882100667804479599e-03 7.514731585979461670e-02 6.400920450687408447e-03 3.580968454480171204e-02 6.526245921850204468e-02 3.551056236028671265e-02 4.686151631176471710e-03 2.449809946119785309e-02 8.847592398524284363e-03 1.417929772287607193e-02 2.002768218517303467e-02 2.531018666923046112e-02 1.443557906895875931e-02 2.228330820798873901e-03 3.637625277042388916e-02 4.234017804265022278e-02 1.943495869636535645e-02 4.806541278958320618e-02 8.957478217780590057e-03 2.275090292096138000e-02 8.750461041927337646e-03 3.659573569893836975e-02 3.469641506671905518e-02 3.692191466689109802e-02 8.922682609409093857e-04 1.940674148499965668e-02 7.922715693712234497e-02 1.340384632349014282e-01 5.109269917011260986e-02 1.295164343900978565e-03 2.672434411942958832e-02 2.693158807232975960e-03 1.244503655470907688e-03 4.624952375888824463e-02 3.559211501851677895e-03 4.954062029719352722e-02 3.853444010019302368e-02 5.085005611181259155e-02 4.801986366510391235e-02 6.420823186635971069e-02 9.345005452632904053e-02 6.949456036090850830e-02 3.401691466569900513e-02 1.397632155567407608e-02 1.575986109673976898e-02 4.386917129158973694e-02 3.624494746327400208e-02 2.407235838472843170e-02 3.814645484089851379e-02 7.843754440546035767e-02 2.378825470805168152e-02 8.874249644577503204e-03 5.926628783345222473e-02 1.410662080161273479e-03 4.734605178236961365e-02 7.103430479764938354e-02 2.272357605397701263e-02 2.397479489445686340e-02 4.218503087759017944e-02 3.726003691554069519e-02 9.199266321957111359e-03 6.024168059229850769e-02 1.827047020196914673e-02 4.571099206805229187e-02 2.458188496530056000e-02 2.339801751077175140e-02 7.504901289939880371e-02 6.841780990362167358e-02 1.845121383666992188e-02 4.361362755298614502e-02 8.313121646642684937e-02 7.148059457540512085e-02 8.373159915208816528e-02 9.648182988166809082e-02 2.936040982604026794e-02 3.569403430446982384e-03 1.297610439360141754e-02 2.522393688559532166e-02 8.765268139541149139e-03 4.519577603787183762e-03 3.755632415413856506e-02 2.122985757887363434e-02 3.025572188198566437e-02 9.271153248846530914e-03 2.193393558263778687e-02 2.606357261538505554e-02 5.540669709444046021e-02 8.114594221115112305e-02 3.578920289874076843e-02 9.285963326692581177e-02 4.338181111961603165e-03 8.957387879490852356e-03 1.219562068581581116e-02 1.609491184353828430e-03 1.196815352886915207e-02 8.184495568275451660e-02
1.020014937967061996e-02 3.963334858417510986e-02 2.375519275665283203e-02 1.330962777137756348e-02 2.138563618063926697e-02 1.057209074497222900e-01 4.301385208964347839e-02 8.561732247471809387e-03 2.435107342898845673e-02 2.301777247339487076e-03 2.856629341840744019e-02 6.744913011789321899e-02 1.411721762269735336e-02 1.356190145015716553e-01 2.831130288541316986e-02 1.066816039383411407e-02 1.783894747495651245e-02 4.996929690241813660e-02 5.672078207135200500e-02 1.726114191114902496e-02 7.569422014057636261e-03 1.865703985095024109e-02 7.541064172983169556e-02 4.229317978024482727e-02 4.293378069996833801e-02 1.209125388413667679e-03 4.528222605586051941e-02 7.147944718599319458e-02 1.271490356884896755e-03 1.054019629955291748e-01 2.452803030610084534e-02 4.828393459320068359e-02 2.987961284816265106e-02 4.441853985190391541e-02 1.081753708422183990e-02 1.682758890092372894e-02 1.806955039501190186e-02 3.174513578414916992e-02 1.797781884670257568e-02 8.031107485294342041e-03 3.438140079379081726e-02 3.980390727519989014e-02 3.370547667145729065e-02 1.988577842712402344e-02 1.178315505385398865e-01 3.817438613623380661e-03 3.927613422274589539e-02 2.269901335239410400e-02 7.424629479646682739e-02 6.088209152221679688e-02 8.401427417993545532e-03 7.794034481048583984e-02 1.035159546881914139e-02 4.179225116968154907e-02 1.266679354012012482e-02 2.736006490886211395e-02 1.152790896594524384e-02 3.022538125514984131e-02 4.640704486519098282e-03 9.159786626696586609e-03 6.418102234601974487e-02 1.470070797950029373e-02 2.791988290846347809e-02 1.069746818393468857e-02 6.706952303647994995e-02 3.264096006751060486e-02 4.241595976054668427e-03 1.409987732768058777e-02 1.918458193540573120e-02 5.871587200090289116e-04 1.425597630441188812e-02 1.834828173741698265e-03 3.462099283933639526e-02 7.054038345813751221e-03 4.920804128050804138e-02 4.796046018600463867e-02 3.462127968668937683e-02 3.380222618579864502e-02 1.989553496241569519e-02 2.092227339744567871e-03 3.732404112815856934e-02 4.531627148389816284e-02 3.006404079496860504e-02 1.119813695549964905e-02 3.271608799695968628e-02 3.465884551405906677e-02 4.866761714220046997e-02 2.197287231683731079e-02 5.974873155355453491e-02 4.193032532930374146e-02 4.413266200572252274e-03 3.060936927795410156e-02 2.738981135189533234e-02 3.954333811998367310e-02 7.906060200184583664e-04 4.597502201795578003e-02 2.269147895276546478e-02 4.880829900503158569e-02 2.528924681246280670e-02 4.180330038070678711e-02 4.781454801559448242e-03 1.991283893585205078e-02 2.464071381837129593e-03 4.324162006378173828e-02 2.242545410990715027e-02 1.852899044752120972e-02 1.548830885440111160e-02 2.229229919612407684e-02 2.954392135143280029e-02 3.366389870643615723e-02 7.644895464181900024e-02 2.091194130480289459e-02 2.738337218761444092e-02 1.910802349448204041e-02 1.000220514833927155e-02 5.929607152938842773e-02
2.464332282543182373e-01 2.295386195182800293e-01 1.773814111948013306e-02 1.514958310872316360e-02 1.264104992151260376e-02 2.142640799283981323e-01 4.311274364590644836e-02 4.720419645309448242e-02 1.640665158629417419e-02 3.072518296539783478e-02 1.750110983848571777e-01 1.411721762269735336e-02 8.816998451948165894e-02 3.147669881582260132e-02 1.403951086103916168e-02 1.333526056259870529e-02 8.005128055810928345e-02 2.666181884706020355e-02 3.028256352990865707e-03 6.071633473038673401e-02 1.875084824860095978e-02 6.318680942058563232e-02 2.309459261596202850e-02 2.778423391282558441e-02 5.384204536676406860e-02 4.010900482535362244e-02 1.724595725536346436e-01 2.584472484886646271e-02 2.091678231954574585e-02 2.016385644674301147e-02 4.775291308760643005e-02 3.571541979908943176e-02 6.500764936208724976e-02 1.908663101494312286e-02 3.273832798004150391e-02 3.932437673211097717e-02 1.070379745215177536e-02 2.340963296592235565e-02 1.683212257921695709e-02 7.666673511266708374e-03 3.498540818691253662e-02 2.247476205229759216e-02 7.255396805703639984e-03 3.283949196338653564e-02 1.539670489728450775e-02 2.921380102634429932e-02 1.197828501462936401e-01 5.141841992735862732e-02 2.977400273084640503e-02 1.064807642251253128e-02 3.423457220196723938e-02 2.205956727266311646e-02 5.077237728983163834e-03 9.107020683586597443e-03 2.310286089777946472e-02 5.597039125859737396e-03 4.457402043044567108e-03 4.357022698968648911e-03 4.589570313692092896e-02 3.382344031706452370e-03 1.203504973091185093e-03 1.786831393837928772e-02 2.605294063687324524e-02 9.354863315820693970e-03 1.953671686351299286e-02 1.064161881804466248e-01 1.276452932506799698e-02 3.286289051175117493e-02 5.657520610839128494e-03 4.731617122888565063e-02 2.565128915011882782e-02 3.704015538096427917e-02 1.489184051752090454e-02 4.580686241388320923e-02 4.644295200705528259e-03 3.550017997622489929e-02 2.795736119151115417e-02 3.061952069401741028e-02 2.656180970370769501e-02 4.127738624811172485e-02 4.133976995944976807e-02 4.515228793025016785e-02 4.919829778373241425e-03 4.343891516327857971e-02 1.981272548437118530e-02 2.647393196821212769e-02 3.164366260170936584e-02 7.393864542245864868e-02 3.642231971025466919e-02 8.026284165680408478e-03 6.959492713212966919e-02 2.554249577224254608e-02 1.409946242347359657e-03 3.991303965449333191e-02 5.496649444103240967e-02 2.300959825515747070e-02 1.838467549532651901e-03 1.469564344733953476e-02 2.357317879796028137e-02 2.576726116240024567e-02 3.684023395180702209e-02 1.991480402648448944e-02 2.540338970720767975e-02 6.448066234588623047e-02 4.091177508234977722e-02 2.460598200559616089e-02 4.470108821988105774e-02 4.386277496814727783e-02 4.995670542120933533e-02 2.315805479884147644e-02 1.751693151891231537e-02 9.979531168937683105e-03 2.483481168746948242e-02 3.234536200761795044e-02 1.311484072357416153e-02 3.605742380023002625e-02
