2.250275611877441406e-01 1.066060960292816162e-01 9.500852786004543304e-03 6.250064470805227757e-04 6.650610826909542084e-03 8.075125515460968018e-02 7.582195103168487549e-02 2.754191868007183075e-02 4.031032789498567581e-03 3.877784591168165207e-03 7.997250556945800781e-02 3.149453178048133850e-02 6.551200896501541138e-02 1.907527633011341095e-02 6.595502048730850220e-02 2.205267548561096191e-02 7.157387211918830872e-03 3.118406236171722412e-02 3.120624087750911713e-02 1.623647287487983704e-02 8.845048956573009491e-03 5.451521277427673340e-02 1.035391725599765778e-02 1.551908813416957855e-02 3.633541613817214966e-02 2.338087372481822968e-02 9.834074415266513824e-03 5.684252362698316574e-03 4.091352224349975586e-02 1.392049621790647507e-02 5.874081980437040329e-03 1.557279564440250397e-02 1.537304278463125229e-02 1.432634238153696060e-02 9.347796440124511719e-03 3.625847771763801575e-02 3.987671807408332825e-03 1.833172515034675598e-03 2.412061579525470734e-02 1.787119545042514801e-03 2.154494449496269226e-02 4.922368563711643219e-03 2.050750143826007843e-02 5.485182255506515503e-02 4.133069142699241638e-02 4.013348743319511414e-02 7.486199587583541870e-02 7.595050334930419922e-02 4.288012627512216568e-03 2.980654686689376831e-02 1.380999386310577393e-02 1.980679109692573547e-02 9.468351490795612335e-03 1.618400448933243752e-03 8.899945765733718872e-03 1.498900819569826126e-02 1.467116456478834152e-02 4.591524600982666016e-03 1.153225358575582504e-02 8.627358824014663696e-03 4.009897529613226652e-04 5.845556501299142838e-03 4.203576222062110901e-02 4.099168814718723297e-03 4.335477203130722046e-02 1.700749620795249939e-02 3.296176902949810028e-03 8.275287225842475891e-03 1.801901310682296753e-02 2.831562981009483337e-02 2.146453224122524261e-02 8.998437784612178802e-03 2.866217680275440216e-02 2.730302140116691589e-02 2.483372809365391731e-03 2.940793288871645927e-03 1.154133398085832596e-02 2.968183020129799843e-03 2.462941780686378479e-02 8.472681976854801178e-03 4.456740338355302811e-03 5.337402224540710449e-02 6.795394420623779297e-02 2.213536389172077179e-02 2.061206661164760590e-02 9.056153148412704468e-02 3.763023391366004944e-02 1.087518688291311264e-02 7.291872985661029816e-03 2.260046266019344330e-02 7.735888659954071045e-02 3.211616724729537964e-02 6.255631893873214722e-02 1.666915230453014374e-02 2.082850411534309387e-02 3.499240800738334656e-02 3.055369481444358826e-02 2.328626811504364014e-02 4.141017422080039978e-02 6.765465252101421356e-03 6.991861388087272644e-03 9.399505215696990490e-04 1.238818746060132980e-02 1.321948133409023285e-02 3.270595148205757141e-02 4.030760750174522400e-02 1.722572930157184601e-02 1.894186250865459442e-03 1.004003081470727921e-02 2.755523659288883209e-02 4.176896531134843826e-03 2.316126413643360138e-02 1.417653728276491165e-02 3.231425955891609192e-02 5.690896511077880859e-02 1.868902519345283508e-02
1.066060960292816162e-01 2.261512726545333862e-01 2.061329409480094910e-02 1.336713600903749466e-02 5.127253942191600800e-03 7.105011492967605591e-02 7.984318584203720093e-02 4.360599443316459656e-02 1.698978058993816376e-02 1.514068245887756348e-02 6.356122344732284546e-02 7.694243686273694038e-04 5.367038398981094360e-02 4.535575397312641144e-03 3.822416439652442932e-02 4.588430747389793396e-03 2.418199554085731506e-02 5.452562868595123291e-02 1.575443334877490997e-02 1.197834126651287079e-02 1.743375509977340698e-02 6.163221970200538635e-02 1.297866739332675934e-02 1.895262673497200012e-02 6.888538133352994919e-03 2.075071632862091064e-02 2.657939493656158447e-02 2.401228994131088257e-02 3.171603754162788391e-02 3.180440980941057205e-03 1.914573088288307190e-02 1.920565031468868256e-02 3.973423969000577927e-03 4.180784337222576141e-03 1.178819406777620316e-02 8.737948723137378693e-03 1.931518688797950745e-02 2.146907895803451538e-02 2.938930629170499742e-05 4.789428319782018661e-03 1.569673418998718262e-02 7.094592321664094925e-03 1.769882999360561371e-02 1.079906616359949112e-02 2.882885374128818512e-02 2.678583934903144836e-02 4.942879825830459595e-02 9.088132530450820923e-02 1.889008446596562862e-03 2.419427596032619476e-02 1.741810119710862637e-03 7.780332118272781372e-03 3.306009620428085327e-02 5.986762698739767075e-03 1.166182220913469791e-03 6.934589240700006485e-03 3.632040694355964661e-02 1.501891575753688812e-02 2.956320066004991531e-03 1.230303547345101833e-03 1.026878133416175842e-02 6.560087203979492188e-03 6.201621610671281815e-03 8.814563974738121033e-03 2.343100868165493011e-02 1.624883152544498444e-02 4.141365643590688705e-03 6.408943794667720795e-03 1.926311291754245758e-02 2.947476692497730255e-02 1.567229861393570900e-03 7.107371464371681213e-03 4.243137314915657043e-03 5.158043466508388519e-03 1.379055320285260677e-04 4.499643575400114059e-03 3.909637033939361572e-02 1.573743484914302826e-02 2.389655448496341705e-02 2.329275710508227348e-03 7.955530658364295959e-03 2.081977017223834991e-02 1.672836579382419586e-02 3.128088265657424927e-02 6.633778568357229233e-03 7.324888557195663452e-02 2.213172428309917450e-02 1.405307464301586151e-02 1.773891411721706390e-02 1.322747487574815750e-02 5.105148628354072571e-02 1.011790148913860321e-02 6.575274467468261719e-02 2.096417918801307678e-02 5.088067799806594849e-02 4.670551046729087830e-02 1.505884993821382523e-02 2.519037015736103058e-02 4.572252929210662842e-02 2.343524247407913208e-03 3.996387589722871780e-03 1.292760018259286880e-02 4.083955194801092148e-03 1.153106801211833954e-02 7.076995447278022766e-03 1.654103584587574005e-02 4.997276235371828079e-03 2.957724779844284058e-02 1.717146672308444977e-02 3.475707769393920898e-02 1.098053809255361557e-02 7.352958898991346359e-03 5.313229747116565704e-03 2.073943056166172028e-02 3.359336405992507935e-02 2.576939575374126434e-02
9.500852786004543304e-03 2.061329409480094910e-02 2.226221412420272827e-01 1.449777465313673019e-02 3.514828393235802650e-03 4.617016389966011047e-02 2.167971432209014893e-02 7.422068715095520020e-02 3.378159552812576294e-02 3.046517632901668549e-02 2.414111606776714325e-02 1.162850018590688705e-02 2.566582523286342621e-02 2.921526087448000908e-03 1.881510205566883087e-02 2.213404141366481781e-02 2.270293422043323517e-02 6.496066600084304810e-02 1.818861998617649078e-02 2.286233380436897278e-02 1.979893073439598083e-02 1.294624898582696915e-02 1.442485209554433823e-02 2.589930221438407898e-02 5.377637222409248352e-03 2.364704199135303497e-02 5.170773714780807495e-02 6.362318992614746094e-02 3.322175145149230957e-02 1.605497859418392181e-02 8.711440023034811020e-04 1.154977362602949142e-02 9.510620497167110443e-03 4.915383458137512207e-02 3.917436674237251282e-02 1.172939315438270569e-02 1.134534087032079697e-02 4.477291181683540344e-02 7.953721284866333008e-02 3.008355386555194855e-02 4.254464525729417801e-03 2.654556371271610260e-02 8.765965700149536133e-03 4.717991501092910767e-02 1.512612309306859970e-02 2.197219990193843842e-02 3.649713099002838135e-02 4.235555976629257202e-02 4.447143524885177612e-02 8.702950552105903625e-03 3.131048008799552917e-02 3.302524983882904053e-02 5.260555073618888855e-03 8.708210662007331848e-03 1.223765546455979347e-03 7.324620150029659271e-03 4.235720261931419373e-02 3.694870276376605034e-03 3.938104212284088135e-02 3.740501031279563904e-02 2.721010707318782806e-02 2.557380869984626770e-02 1.675159111618995667e-02 8.303591981530189514e-03 4.344590939581394196e-03 9.144714102149009705e-03 2.771643362939357758e-02 1.113141071982681751e-03 3.248018398880958557e-02 2.025598846375942230e-02 3.615127643570303917e-03 1.062925346195697784e-02 9.967502951622009277e-02 8.517127484083175659e-03 5.492509156465530396e-02 3.379521146416664124e-02 2.802558802068233490e-02 3.571806708350777626e-03 4.931585490703582764e-02 3.524126019328832626e-03 1.261458098888397217e-01 1.183433383703231812e-01 4.660531133413314819e-02 4.540801420807838440e-02 7.255353033542633057e-03 4.106167331337928772e-02 3.224710375070571899e-02 5.475098639726638794e-02 2.716704271733760834e-02 2.778709493577480316e-02 4.576512146741151810e-03 1.157025434076786041e-02 4.549661651253700256e-02 1.711611077189445496e-02 7.002577930688858032e-02 3.661580756306648254e-02 2.293084934353828430e-02 9.901209734380245209e-03 6.479088217020034790e-03 3.350284323096275330e-02 3.465876728296279907e-02 1.265506446361541748e-02 1.416050828993320465e-02 2.135313674807548523e-02 6.846804171800613403e-02 1.457484252750873566e-02 3.986639529466629028e-02 8.626496419310569763e-03 1.877571339718997478e-03 3.815488144755363464e-02 3.448683768510818481e-02 2.069590380415320396e-03 2.208843827247619629e-02 3.349414467811584473e-02 5.618587508797645569e-02 1.222767829895019531e-01
6.250064470805227757e-04 1.336713600903749466e-02 1.449777465313673019e-02 2.554666399955749512e-01 2.764147520065307617e-01 1.234182994812726974e-02 1.096999179571866989e-02 1.589950174093246460e-02 7.554981857538223267e-02 3.111059404909610748e-02 1.085035130381584167e-02 3.630262613296508789e-02 1.129393558949232101e-02 1.729655079543590546e-02 2.895748056471347809e-02 3.465602174401283264e-02 3.093137964606285095e-02 1.862902753055095673e-02 2.095654793083667755e-02 1.336456835269927979e-02 9.332022629678249359e-03 3.036832809448242188e-02 6.757077295333147049e-03 1.701910048723220825e-02 2.448793686926364899e-02 5.147165805101394653e-02 1.099527552723884583e-01 3.323390334844589233e-02 4.502242431044578552e-02 2.681759558618068695e-02 4.117601737380027771e-02 3.339994326233863831e-02 4.494412336498498917e-03 1.796172582544386387e-03 5.966465920209884644e-02 1.264143269509077072e-03 2.127014100551605225e-02 5.997276678681373596e-02 7.649520039558410645e-02 2.907615341246128082e-02 6.373949348926544189e-02 5.048442631959915161e-02 5.492573976516723633e-02 9.909585118293762207e-02 4.876649379730224609e-02 2.010826952755451202e-02 1.036776881664991379e-02 1.970760291442275047e-03 1.291981805115938187e-02 3.274323046207427979e-02 6.533347535878419876e-03 3.480075299739837646e-02 4.060798510909080505e-02 2.859636396169662476e-02 1.939485198818147182e-03 1.201809756457805634e-02 4.508245736360549927e-02 2.014212682843208313e-02 6.096788123250007629e-02 3.784603625535964966e-02 1.465699672698974609e-01 1.129646599292755127e-01 1.263947691768407822e-02 5.708905681967735291e-02 2.130340598523616791e-02 5.147533491253852844e-02 1.965048164129257202e-02 4.193320125341415405e-02 2.456028759479522705e-02 2.630025520920753479e-02 3.297211602330207825e-03 8.869893103837966919e-02 1.974294334650039673e-01 1.397528499364852905e-02 8.835408836603164673e-02 1.446326263248920441e-02 7.821448892354965210e-02 6.831190548837184906e-04 8.689712733030319214e-03 4.637640714645385742e-02 5.949707701802253723e-02 3.664766624569892883e-02 1.236230581998825073e-01 3.579611703753471375e-02 4.193628265056759119e-04 5.874747037887573242e-02 3.743422031402587891e-02 5.750938504934310913e-02 2.287447452545166016e-02 3.076683357357978821e-02 3.024104610085487366e-02 3.277226537466049194e-02 6.188348680734634399e-02 7.800322771072387695e-02 3.535266220569610596e-02 1.830513961613178253e-02 2.181080356240272522e-02 3.161424770951271057e-02 3.477865457534790039e-02 4.878444969654083252e-02 7.811629679054021835e-03 5.860155448317527771e-03 1.205040048807859421e-02 1.028400287032127380e-02 2.667020261287689209e-02 5.091278254985809326e-02 5.722805485129356384e-02 5.297039449214935303e-02 1.118699833750724792e-02 1.586882211267948151e-02 9.091297164559364319e-03 5.539156869053840637e-02 2.021812275052070618e-02 5.114712752401828766e-03 1.739500164985656738e-01 4.799386113882064819e-02
6.650610826909542084e-03 5.127253942191600800e-03 3.514828393235802650e-03 2.764147520065307617e-01 2.758407592773437500e-01 3.506980463862419128e-02 2.846692875027656555e-02 1.827175263315439224e-03 6.453853845596313477e-02 3.521881625056266785e-02 5.237726122140884399e-02 1.370505336672067642e-02 1.519545726478099823e-02 2.992010116577148438e-02 3.358332812786102295e-02 3.726024180650711060e-03 4.155224189162254333e-03 7.236956059932708740e-02 2.569901943206787109e-02 4.047081992030143738e-02 5.741217732429504395e-02 2.134069800376892090e-02 1.104839984327554703e-02 1.920717954635620117e-02 9.324523620307445526e-03 6.587246805429458618e-02 1.254227291792631149e-02 4.450992867350578308e-02 2.157260663807392120e-02 5.951160937547683716e-02 2.062246017158031464e-02 7.830372080206871033e-03 4.509063810110092163e-02 3.241375088691711426e-02 3.512107580900192261e-02 2.359667606651782990e-02 4.122789949178695679e-02 3.596835583448410034e-02 7.321062684059143066e-02 7.056132704019546509e-02 3.080526739358901978e-02 5.648790858685970306e-03 1.463397033512592316e-02 7.579705212265253067e-03 5.047657061368227005e-03 1.496965810656547546e-02 3.552828729152679443e-02 1.744151487946510315e-02 8.760044001974165440e-04 1.377367042005062103e-02 1.653487794101238251e-02 9.013873524963855743e-03 9.070418775081634521e-02 7.470132410526275635e-02 2.161335386335849762e-02 2.257255278527736664e-02 1.939081214368343353e-02 1.384169422090053558e-02 8.974772877991199493e-03 2.232687734067440033e-02 7.785987854003906250e-02 1.021497026085853577e-01 2.332776971161365509e-02 1.648793183267116547e-02 4.801514092832803726e-03 1.311825867742300034e-02 2.389870584011077881e-02 3.269956260919570923e-02 2.147272415459156036e-02 1.538082724437117577e-04 4.066969454288482666e-02 1.773870363831520081e-02 1.646314263343811035e-01 4.065903276205062866e-02 1.804471909999847412e-01 3.408370539546012878e-02 4.658943414688110352e-02 2.410552091896533966e-02 2.637377381324768066e-02 3.242373466491699219e-02 2.783404849469661713e-02 2.005317434668540955e-02 2.088120579719543457e-01 1.250509172677993774e-01 2.389917150139808655e-02 5.771589931100606918e-03 3.380310907959938049e-02 4.472462087869644165e-02 3.752722591161727905e-02 2.169965300709009171e-03 1.283959299325942993e-02 8.174614980816841125e-03 2.097962610423564911e-02 2.652833424508571625e-02 3.204990550875663757e-02 4.537090286612510681e-02 1.951462775468826294e-02 3.098110482096672058e-02 1.144047081470489502e-02 1.080987695604562759e-02 5.455629900097846985e-02 6.306724250316619873e-02 2.347725443542003632e-02 3.572667390108108521e-02 3.653304185718297958e-03 3.876721486449241638e-02 3.977220878005027771e-02 3.403769060969352722e-02 9.093621745705604553e-03 5.668810382485389709e-02 3.696789965033531189e-02 2.798534557223320007e-02 5.868895445019006729e-03 1.172909792512655258e-02 6.131337955594062805e-02 3.194446116685867310e-02
8.075125515460968018e-02 7.105011492967605591e-02 4.617016389966011047e-02 1.234182994812726974e-02 3.506980463862419128e-02 2.354279607534408569e-01 1.068870946764945984e-01 3.056547045707702637e-02 1.011410448700189590e-02 2.622082829475402832e-02 4.840025678277015686e-02 6.233515590429306030e-02 3.749980777502059937e-02 3.916175290942192078e-02 3.110540844500064850e-02 1.616870053112506866e-02 4.996418487280607224e-03 4.225994274020195007e-02 3.965205326676368713e-02 2.909091114997863770e-02 4.616582300513982773e-03 3.555947169661521912e-02 8.254338987171649933e-03 8.982172235846519470e-03 6.184020079672336578e-03 5.411277338862419128e-02 2.945364266633987427e-02 3.869260102510452271e-02 4.028174281120300293e-02 1.209776289761066437e-02 1.802899688482284546e-02 8.906953968107700348e-03 1.991442404687404633e-02 2.830228535458445549e-03 1.937694661319255829e-02 1.801732182502746582e-02 1.314721722155809402e-02 1.049403939396142960e-02 3.776088356971740723e-02 3.993341233581304550e-03 1.090738363564014435e-02 6.461112061515450478e-04 1.023024506866931915e-02 4.103403072804212570e-03 3.895928710699081421e-02 1.006192062050104141e-02 9.758976846933364868e-02 8.388980478048324585e-02 1.451655197888612747e-02 7.810187991708517075e-03 1.422535721212625504e-02 3.006896562874317169e-02 2.105566114187240601e-02 1.970207877457141876e-02 5.082608200609683990e-03 2.452201675623655319e-03 6.709830462932586670e-02 2.100707590579986572e-02 6.810886319726705551e-03 4.574019927531480789e-03 6.184199824929237366e-03 6.935747805982828140e-03 2.052824757993221283e-02 2.907117083668708801e-02 1.149041019380092621e-02 8.000286296010017395e-03 2.718607662245631218e-03 4.303221590816974640e-03 3.058230876922607422e-02 3.280705958604812622e-02 2.116809599101543427e-02 1.184381078928709030e-02 2.933769486844539642e-02 2.061845920979976654e-02 1.678233151324093342e-03 1.452217902988195419e-02 1.307838782668113708e-02 1.465490739792585373e-02 8.306700736284255981e-03 2.132542990148067474e-02 4.388951230794191360e-03 1.043283194303512573e-02 4.605127498507499695e-02 1.835134625434875488e-02 4.428376257419586182e-02 3.735324740409851074e-02 8.496288210153579712e-03 7.767692208290100098e-03 4.841661080718040466e-02 1.425384636968374252e-02 5.841601639986038208e-02 1.416299305856227875e-02 4.348777234554290771e-02 5.003887042403221130e-02 5.338367447257041931e-02 4.044706374406814575e-02 1.615842059254646301e-02 2.642776817083358765e-02 2.172951959073543549e-02 7.323937024921178818e-03 4.688500892370939255e-03 1.652723923325538635e-02 5.903686396777629852e-03 2.033615484833717346e-03 1.487193629145622253e-02 3.913461416959762573e-02 9.900910779833793640e-03 6.076735444366931915e-03 8.182263001799583435e-03 2.305188402533531189e-02 2.810580097138881683e-02 1.773813553154468536e-02 8.974066004157066345e-03 4.060261417180299759e-03 3.265650197863578796e-02 4.918525740504264832e-02
7.582195103168487549e-02 7.984318584203720093e-02 2.167971432209014893e-02 1.096999179571866989e-02 2.846692875027656555e-02 1.068870946764945984e-01 2.414170205593109131e-01 2.186553180217742920e-02 1.990759931504726410e-02 3.134275600314140320e-02 4.462841898202896118e-02 5.179468542337417603e-02 2.617959678173065186e-02 3.342749178409576416e-02 1.418318320065736771e-02 3.147349134087562561e-02 2.642122330144047737e-03 1.418880466371774673e-02 2.304507605731487274e-02 2.807655744254589081e-02 2.034478588029742241e-03 3.422269597649574280e-02 3.665592521429061890e-04 6.694742478430271149e-04 2.357369102537631989e-02 7.479480654001235962e-02 3.987669572234153748e-02 2.514548785984516144e-02 5.032529681921005249e-02 3.759006038308143616e-03 1.998614706099033356e-02 9.143678471446037292e-04 1.257494557648897171e-02 1.774535165168344975e-03 2.213635854423046112e-02 2.455690316855907440e-02 6.508290022611618042e-02 1.329185720533132553e-02 1.370356185361742973e-03 2.827364485710859299e-03 6.342004518955945969e-03 1.014334429055452347e-02 6.109086796641349792e-03 1.434357743710279465e-02 3.670622780919075012e-02 1.782734692096710205e-02 8.087062835693359375e-02 9.239370375871658325e-02 5.152489058673381805e-03 6.456415285356342793e-04 2.019165828824043274e-02 3.769344463944435120e-02 2.946406416594982147e-02 2.742083184421062469e-02 1.240914594382047653e-02 1.087558455765247345e-02 7.517724484205245972e-02 3.969045728445053101e-02 3.281086683273315430e-03 7.734876126050949097e-03 5.956793669611215591e-03 1.418501976877450943e-02 1.457954850047826767e-02 3.004476055502891541e-02 1.146176364272832870e-02 2.134552597999572754e-02 1.127320900559425354e-02 1.317992713302373886e-02 4.205108433961868286e-02 3.617448359727859497e-02 8.780795149505138397e-03 1.014567632228136063e-02 4.646910820156335831e-03 1.631653634831309319e-03 8.019605651497840881e-03 2.474187128245830536e-02 3.019766323268413544e-02 2.399961836636066437e-02 2.480686269700527191e-02 1.379154901951551437e-02 1.633666455745697021e-02 2.048491127789020538e-02 9.357874514535069466e-04 4.503249004483222961e-02 7.046213746070861816e-02 9.764959104359149933e-03 7.645092438906431198e-03 4.431370180100202560e-03 6.157689914107322693e-02 1.949833333492279053e-02 5.879902094602584839e-02 1.180256158113479614e-02 3.371769189834594727e-02 4.512676224112510681e-02 3.832326456904411316e-02 3.313821926712989807e-02 4.095388576388359070e-02 8.657171390950679779e-03 3.681711480021476746e-02 1.275654975324869156e-02 4.553153645247220993e-03 9.688394493423402309e-04 6.346953101456165314e-03 7.390839979052543640e-03 2.344128862023353577e-02 4.422644525766372681e-02 8.460813201963901520e-03 3.379481378942728043e-03 9.429083205759525299e-03 1.039615459740161896e-02 2.946383319795131683e-02 8.638324216008186340e-03 6.946059875190258026e-03 1.055243192240595818e-03 2.420590631663799286e-02 5.070820823311805725e-02
2.754191868007183075e-02 4.360599443316459656e-02 7.422068715095520020e-02 1.589950174093246460e-02 1.827175263315439224e-03 3.056547045707702637e-02 2.186553180217742920e-02 2.232079356908798218e-01 2.150608971714973450e-02 2.415471524000167847e-02 5.589685216546058655e-02 1.066868565976619720e-02 3.609599545598030090e-02 1.289455394726246595e-04 7.825433462858200073e-02 1.065971143543720245e-02 3.322213888168334961e-02 3.031102195382118225e-02 1.892254874110221863e-02 1.955344341695308685e-03 1.684354245662689209e-02 2.137233130633831024e-02 9.807501919567584991e-03 1.386526972055435181e-02 3.648340329527854919e-02 1.334047038108110428e-02 1.934695988893508911e-02 4.680377617478370667e-02 2.320600301027297974e-02 3.831670433282852173e-02 3.198868408799171448e-02 2.374923974275588989e-02 1.932446099817752838e-02 3.196458145976066589e-02 4.649168346077203751e-03 2.996887778863310814e-04 1.912757381796836853e-02 8.866863325238227844e-03 2.046414464712142944e-02 2.052249759435653687e-02 1.994386687874794006e-02 5.438448116183280945e-02 2.110144123435020447e-02 1.491206139326095581e-02 3.624312952160835266e-02 1.209566835314035416e-02 1.506455987691879272e-02 3.075724281370639801e-02 3.846769034862518311e-02 7.270531263202428818e-03 5.498853512108325958e-03 3.131618257611989975e-03 4.632542841136455536e-03 3.627538681030273438e-02 2.313902787864208221e-02 4.877009429037570953e-03 1.411740202456712723e-02 9.016958996653556824e-03 5.182604119181632996e-02 9.794047102332115173e-03 6.972653325647115707e-03 2.873735793400555849e-04 5.955980345606803894e-02 6.148288026452064514e-03 4.840797185897827148e-02 2.804123610258102417e-02 3.498657606542110443e-03 3.817662131041288376e-03 1.799502596259117126e-02 5.788457766175270081e-02 1.726391725242137909e-03 3.346625342965126038e-02 7.671675411984324455e-04 1.416143216192722321e-02 2.029680460691452026e-02 2.338924817740917206e-02 1.529983896762132645e-02 6.575376261025667191e-03 3.869808744639158249e-03 7.817143574357032776e-03 1.397873163223266602e-01 8.915288001298904419e-02 3.383265808224678040e-02 3.601922839879989624e-02 1.775404624640941620e-02 5.916159600019454956e-03 7.280663400888442993e-02 7.535199820995330811e-02 4.678086191415786743e-02 5.631896480917930603e-02 8.877004496753215790e-03 6.749530788511037827e-03 3.278540680184960365e-03 9.316352196037769318e-03 1.988105662167072296e-02 6.459954194724559784e-03 1.587464474141597748e-02 5.917514674365520477e-03 5.808853730559349060e-02 2.217185311019420624e-02 1.016377285122871399e-02 1.646676100790500641e-03 5.538154859095811844e-03 3.351661562919616699e-02 3.061604127287864685e-02 7.179010659456253052e-02 1.434265915304422379e-02 1.292049139738082886e-02 8.424260653555393219e-03 3.513524308800697327e-02 8.085387758910655975e-03 5.204476043581962585e-02 2.922737412154674530e-02 3.769882896449416876e-04 6.216084957122802734e-02 5.712842941284179688e-02
4.031032789498567581e-03 1.698978058993816376e-02 3.378159552812576294e-02 7.554981857538223267e-02 6.453853845596313477e-02 1.011410448700189590e-02 1.990759931504726410e-02 2.150608971714973450e-02 2.504669427871704102e-01 7.143043726682662964e-02 3.106417134404182434e-02 3.981000185012817383e-02 1.471263729035854340e-02 4.411065950989723206e-02 1.268202811479568481e-02 8.364877104759216309e-02 2.264996431767940521e-02 5.901000276207923889e-02 6.155860144644975662e-03 4.427255317568778992e-02 4.742967337369918823e-02 6.258946657180786133e-02 7.961078546941280365e-03 7.230305112898349762e-03 6.259484216570854187e-03 2.056446857750415802e-02 2.741753496229648590e-02 3.954454511404037476e-02 5.553333088755607605e-02 6.240887939929962158e-02 1.090649589896202087e-01 2.819780260324478149e-02 2.291554212570190430e-02 2.690191613510251045e-03 3.245013952255249023e-02 2.738530002534389496e-02 3.618966415524482727e-02 3.099236264824867249e-02 6.616973131895065308e-02 7.476838678121566772e-02 5.244543403387069702e-02 1.965531846508383751e-03 5.199456587433815002e-02 2.345182234421372414e-03 4.518445581197738647e-02 3.474472463130950928e-02 2.452770946547389030e-03 1.908764825202524662e-03 4.746446758508682251e-02 8.870687335729598999e-03 6.410261243581771851e-02 3.632906451821327209e-02 1.523970440030097961e-02 2.401489764451980591e-02 5.134324356913566589e-02 3.085759235545992851e-03 3.413603827357292175e-02 4.267296940088272095e-02 3.268695995211601257e-02 3.480367362499237061e-02 8.590945973992347717e-03 1.033924892544746399e-02 4.952764138579368591e-02 2.932269498705863953e-02 1.490635517984628677e-02 2.691397257149219513e-02 2.845127135515213013e-02 3.767096623778343201e-02 8.139487355947494507e-02 4.430585727095603943e-02 5.577330943197011948e-03 4.486882314085960388e-02 5.514054000377655029e-02 2.997358329594135284e-02 1.000312063843011856e-02 2.218992076814174652e-02 2.165429145097732544e-01 3.979979455471038818e-02 6.489870697259902954e-02 7.541243731975555420e-02 2.402557060122489929e-03 4.896439239382743835e-02 2.017264068126678467e-01 6.751555204391479492e-02 1.519173569977283478e-02 4.557467997074127197e-02 1.973895542323589325e-02 2.189320512115955353e-03 7.618142664432525635e-02 5.051214620471000671e-02 6.749991327524185181e-02 2.851714380085468292e-02 2.668559178709983826e-02 3.032579645514488220e-02 5.152314156293869019e-02 4.280332848429679871e-02 1.848901621997356415e-02 3.092207200825214386e-02 1.539660245180130005e-02 3.087301924824714661e-02 5.085419863462448120e-03 1.742430217564105988e-02 2.816034667193889618e-02 2.971445210278034210e-02 5.558603629469871521e-02 4.944937700201990083e-06 3.800176829099655151e-02 4.747856408357620239e-02 2.137441374361515045e-02 5.023548752069473267e-02 1.994580728933215141e-03 2.564093284308910370e-02 3.369081392884254456e-02 4.759838804602622986e-02 6.753774732351303101e-02 2.244516648352146149e-02
3.877784591168165207e-03 1.514068245887756348e-02 3.046517632901668549e-02 3.111059404909610748e-02 3.521881625056266785e-02 2.622082829475402832e-02 3.134275600314140320e-02 2.415471524000167847e-02 7.143043726682662964e-02 2.558239698410034180e-01 8.658191189169883728e-03 2.868862822651863098e-02 1.083969417959451675e-02 1.037700218148529530e-03 3.553707385435700417e-03 3.343001380562782288e-02 8.490069955587387085e-02 5.071862041950225830e-02 1.630196571350097656e-01 7.299247384071350098e-02 3.726220875978469849e-02 2.445219550281763077e-03 6.223213393241167068e-03 2.331595681607723236e-02 2.283659577369689941e-02 1.819303818047046661e-02 2.980948984622955322e-02 7.047859579324722290e-02 1.366597134619951248e-02 5.110548809170722961e-03 1.625195890665054321e-02 6.271401885896921158e-03 9.118484333157539368e-03 4.744958278024569154e-05 1.305876951664686203e-02 3.412675578147172928e-03 3.604801837354898453e-03 1.093468628823757172e-02 3.288104012608528137e-02 2.514094486832618713e-02 2.657089382410049438e-03 2.989674219861626625e-03 2.342024631798267365e-02 3.945415839552879333e-03 3.777671977877616882e-02 1.883572153747081757e-02 7.352619897574186325e-03 3.919913899153470993e-03 2.478728769347071648e-03 7.254587113857269287e-02 8.674112148582935333e-03 2.723934501409530640e-02 2.041416987776756287e-02 5.425105988979339600e-02 1.335647609084844589e-02 2.379546687006950378e-02 5.105468630790710449e-02 3.221995010972023010e-02 1.693335361778736115e-02 3.743177652359008789e-02 2.149071730673313141e-02 4.432801622897386551e-03 1.706722937524318695e-02 1.792733371257781982e-02 3.280862467363476753e-03 2.214527130126953125e-02 1.268983632326126099e-02 1.515566185116767883e-02 4.421795904636383057e-02 7.051690947264432907e-03 1.020803898572921753e-01 6.787761813029646873e-04 9.317786432802677155e-03 6.137070432305335999e-02 5.424949526786804199e-02 2.954690717160701752e-02 5.113200098276138306e-02 1.598372310400009155e-01 1.734884805046021938e-03 5.658366903662681580e-02 1.794885471463203430e-02 3.423628862947225571e-03 2.371165668591856956e-03 4.269969090819358826e-02 3.543364629149436951e-02 4.520538076758384705e-02 7.016703952103853226e-03 5.237475968897342682e-03 3.101621940732002258e-02 3.245195001363754272e-02 1.679087802767753601e-02 6.459223106503486633e-03 6.298559159040451050e-02 1.832876354455947876e-02 2.567922882735729218e-02 1.574011519551277161e-02 1.797369308769702911e-02 2.172357961535453796e-02 7.091518025845289230e-03 3.644723072648048401e-02 1.643207669258117676e-02 2.782604843378067017e-02 1.173518225550651550e-02 2.376695396378636360e-03 4.427194595336914062e-03 3.399086371064186096e-02 2.246413379907608032e-02 3.079472482204437256e-02 2.095646969974040985e-02 6.056104227900505066e-02 1.695603504776954651e-02 1.358608249574899673e-03 1.994270645081996918e-02 1.587813906371593475e-02 2.050037868320941925e-02 1.304409094154834747e-02
7.997250556945800781e-02 6.356122344732284546e-02 2.414111606776714325e-02 1.085035130381584167e-02 5.237726122140884399e-02 4.840025678277015686e-02 4.462841898202896118e-02 5.589685216546058655e-02 3.106417134404182434e-02 8.658191189169883728e-03 2.510326206684112549e-01 1.889263838529586792e-02 7.340935617685317993e-02 1.356289070099592209e-02 6.111671775579452515e-02 8.754397742450237274e-03 1.252513471990823746e-02 1.705634291283786297e-03 1.125849899835884571e-03 7.755069062113761902e-03 2.953325025737285614e-02 7.558903098106384277e-02 2.854539314284920692e-03 4.078956786543130875e-03 2.357266843318939209e-02 1.990582095459103584e-03 3.246073797345161438e-02 3.318752162158489227e-03 1.010287925601005554e-01 1.323758624494075775e-02 6.227063015103340149e-02 7.420757901854813099e-04 7.471192162483930588e-03 4.297058656811714172e-02 2.673030644655227661e-02 2.581015694886445999e-03 2.015686035156250000e-02 2.631294727325439453e-02 2.301661297678947449e-02 1.763498410582542419e-02 7.298870477825403214e-03 2.403849968686699867e-03 1.353411818854510784e-03 3.513861820101737976e-02 4.550711810588836670e-02 3.047455474734306335e-02 5.100172758102416992e-02 4.097457975149154663e-02 2.151099406182765961e-02 7.234415039420127869e-03 5.019366741180419922e-03 1.678143162280321121e-03 1.361548621207475662e-02 1.614801585674285889e-02 2.107399143278598785e-02 1.431204262189567089e-03 1.188812660984694958e-03 2.245439682155847549e-03 9.005155414342880249e-03 6.494955625385046005e-03 2.890461124479770660e-02 2.539947070181369781e-02 3.053472749888896942e-02 1.046884432435035706e-02 7.137091457843780518e-02 1.378524489700794220e-02 1.395827904343605042e-02 3.865608572959899902e-02 4.307853989303112030e-03 3.820068016648292542e-02 1.842202059924602509e-02 9.666383266448974609e-03 3.168468829244375229e-03 2.023936994373798370e-02 2.348527312278747559e-02 5.778085440397262573e-03 1.828009821474552155e-02 1.552365068346261978e-02 2.478365041315555573e-02 1.811610348522663116e-02 2.557373605668544769e-02 1.005774922668933868e-02 2.038929238915443420e-02 2.235777117311954498e-02 1.622639596462249756e-02 6.167685240507125854e-02 5.393032729625701904e-02 4.610593244433403015e-02 3.781437128782272339e-02 3.610129654407501221e-02 6.775229424238204956e-02 6.002737209200859070e-02 3.235809132456779480e-02 9.994676336646080017e-03 1.963925547897815704e-03 3.574242442846298218e-02 2.291603945195674896e-02 1.156737003475427628e-02 2.645775303244590759e-02 2.127961628139019012e-02 9.543103165924549103e-03 5.647222977131605148e-03 2.876389212906360626e-02 9.496802464127540588e-03 1.699066534638404846e-02 6.995616015046834946e-03 1.487297192215919495e-02 1.592592522501945496e-02 6.471469067037105560e-03 2.544968761503696442e-02 2.860577078536152840e-03 5.327573744580149651e-04 8.732911199331283569e-03 1.882817741716280580e-04 6.478049606084823608e-02 6.387881468981504440e-03
3.149453178048133850e-02 7.694243686273694038e-04 1.162850018590688705e-02 3.630262613296508789e-02 1.370505336672067642e-02 6.233515590429306030e-02 5.179468542337417603e-02 1.066868565976619720e-02 3.981000185012817383e-02 2.868862822651863098e-02 1.889263838529586792e-02 2.501589953899383545e-01 1.732977852225303650e-02 1.125865280628204346e-01 4.632305353879928589e-02 3.642978891730308533e-02 3.762249276041984558e-02 1.818596199154853821e-02 2.609758870676159859e-03 5.590394511818885803e-02 1.142114197136834264e-04 3.545692935585975647e-02 4.057659953832626343e-02 3.708700835704803467e-02 4.003766551613807678e-02 7.487551122903823853e-02 6.575534120202064514e-03 7.045550644397735596e-02 2.277604304254055023e-02 5.807710438966751099e-02 9.678020142018795013e-04 1.320037245750427246e-02 4.881243780255317688e-02 4.359081760048866272e-02 4.029838368296623230e-02 3.621751815080642700e-02 4.116643965244293213e-02 1.903126761317253113e-02 2.452674694359302521e-02 3.247835114598274231e-02 5.808763671666383743e-03 8.127016946673393250e-03 1.356609282083809376e-03 3.066500090062618256e-02 5.165630206465721130e-02 5.056563392281532288e-02 7.391607016324996948e-02 4.688213113695383072e-03 2.138374559581279755e-02 2.042628265917301178e-02 1.925502717494964600e-02 7.238022983074188232e-02 2.161993272602558136e-02 2.345558023080229759e-03 9.548616595566272736e-03 5.180404055863618851e-03 3.924821689724922180e-02 4.083617776632308960e-02 1.678626984357833862e-02 1.286956109106540680e-02 3.103154012933373451e-03 4.864971712231636047e-02 2.836503274738788605e-02 3.021418489515781403e-02 5.885738413780927658e-03 1.538236346095800400e-02 2.167972922325134277e-02 1.355975586920976639e-02 9.529365226626396179e-03 6.180071737617254257e-03 3.742046654224395752e-02 3.278803080320358276e-02 4.847847670316696167e-02 3.362880274653434753e-02 3.845793893560767174e-03 1.562189031392335892e-02 3.224199870601296425e-03 3.990714251995086670e-02 5.074181780219078064e-02 2.692256681621074677e-02 3.468050062656402588e-02 4.765455797314643860e-02 1.039689853787422180e-01 6.906224787235260010e-02 7.743740919977426529e-03 4.373694956302642822e-02 7.770726457238197327e-03 1.980003714561462402e-02 6.266633421182632446e-02 5.591601599007844925e-03 3.908305987715721130e-02 1.059923321008682251e-02 6.453595124185085297e-03 1.507409848272800446e-02 4.701292142271995544e-02 2.099813520908355713e-02 3.153135627508163452e-02 2.382485382258892059e-02 1.814113557338714600e-02 1.976484432816505432e-02 8.193972520530223846e-03 3.640469629317522049e-03 1.674043200910091400e-02 2.415288705378770828e-03 5.390984471887350082e-03 9.241259656846523285e-03 1.215607277117669582e-03 1.541508734226226807e-02 4.937871359288692474e-03 7.158306986093521118e-02 4.285936430096626282e-02 5.744204972870647907e-04 4.557058215141296387e-03 9.251565672457218170e-03 1.141913980245590210e-01 8.883826434612274170e-03
6.551200896501541138e-02 5.367038398981094360e-02 2.566582523286342621e-02 1.129393558949232101e-02 1.519545726478099823e-02 3.749980777502059937e-02 2.617959678173065186e-02 3.609599545598030090e-02 1.471263729035854340e-02 1.083969417959451675e-02 7.340935617685317993e-02 1.732977852225303650e-02 2.296171039342880249e-01 1.608787290751934052e-02 6.877481937408447266e-02 1.226775231771171093e-03 1.430941000580787659e-02 2.258020080626010895e-02 2.604082599282264709e-02 4.594569094479084015e-03 1.119561772793531418e-02 6.994117051362991333e-02 5.913206376135349274e-03 4.318125080317258835e-03 7.719531655311584473e-03 4.518156871199607849e-03 3.530665859580039978e-02 1.377489231526851654e-02 2.269482426345348358e-02 1.276426669210195541e-02 5.684949085116386414e-02 1.197389792650938034e-02 1.046397839672863483e-03 1.254468690603971481e-02 6.867934949696063995e-03 3.749722242355346680e-02 2.341783046722412109e-02 2.027276903390884399e-02 1.575317978858947754e-02 2.768208971247076988e-03 1.666124080657027662e-05 4.602009430527687073e-04 1.586378435604274273e-03 2.301099710166454315e-03 2.763318084180355072e-02 2.442740462720394135e-02 4.390120506286621094e-02 3.723872080445289612e-02 1.336231082677841187e-02 2.195626683533191681e-02 1.603536307811737061e-03 4.572941921651363373e-03 2.002697810530662537e-02 2.750863507390022278e-02 4.506607353687286377e-02 3.526913933455944061e-03 6.731073837727308273e-03 9.789438918232917786e-03 2.218980714678764343e-02 2.148763462901115417e-02 2.833789773285388947e-02 2.809987054206430912e-04 1.909057609736919403e-04 4.742223303765058517e-03 3.652077168226242065e-02 4.032845422625541687e-02 6.280532572418451309e-03 2.337184268981218338e-03 2.860396867617964745e-03 1.321233436465263367e-02 6.111855152994394302e-03 1.692147576250135899e-03 3.020681207999587059e-03 1.281155738979578018e-02 1.371264737099409103e-02 6.239209789782762527e-03 1.312391646206378937e-02 1.514013018459081650e-02 2.002993784844875336e-02 3.546698018908500671e-02 2.438345737755298615e-02 9.312046691775321960e-03 1.297958288341760635e-02 1.387208700180053711e-02 6.729429587721824646e-03 4.944941028952598572e-02 4.599103704094886780e-02 5.739557743072509766e-02 1.258603110909461975e-02 3.576522693037986755e-02 2.910932153463363647e-02 2.081635035574436188e-02 3.630750626325607300e-02 3.629704704508185387e-03 4.613981768488883972e-02 3.575390949845314026e-02 3.017239272594451904e-03 1.494689565151929855e-02 1.572133786976337433e-02 1.521827094256877899e-02 1.976935192942619324e-02 1.237170118838548660e-02 2.201213734224438667e-03 3.189183073118329048e-03 2.125777304172515869e-02 1.360146515071392059e-02 3.437233343720436096e-02 1.307050883769989014e-02 4.044418223202228546e-03 3.365896269679069519e-02 3.605669597163796425e-03 1.483167405240237713e-03 1.095278374850749969e-02 5.233520176261663437e-03 7.396279275417327881e-02 2.016943879425525665e-02
