1.639832854270935059e-01 1.775236874818801880e-01 3.937627375125885010e-02 1.088769268244504929e-02 2.537289820611476898e-02 1.573680490255355835e-01 1.337533295154571533e-01 1.156167592853307724e-02 3.695400804281234741e-02 1.993240602314472198e-02 2.164203375577926636e-01 6.391064822673797607e-02 9.401750564575195312e-02 5.973640456795692444e-02 1.836060732603073120e-02 6.952529400587081909e-02 5.168728157877922058e-02 1.191337499767541885e-02 2.820874750614166260e-02 1.925517618656158447e-02 1.414359174668788910e-02 3.851865977048873901e-02 5.460837483406066895e-02 6.585621088743209839e-02 2.976278960704803467e-02 3.708333149552345276e-02 9.191245771944522858e-03 3.234029188752174377e-02 3.400383517146110535e-02 1.768307201564311981e-02 8.675384521484375000e-02 1.226096414029598236e-02 2.937545813620090485e-02 2.993577718734741211e-02 1.646318845450878143e-02 3.027282282710075378e-02 1.038449816405773163e-02 1.257873233407735825e-02 1.550199836492538452e-02 2.893123961985111237e-02 6.262980867177248001e-03 2.071562968194484711e-02 1.012470666319131851e-02 8.390778675675392151e-04 4.406137159094214439e-04 2.069498784840106964e-02 3.262225165963172913e-02 1.806145766749978065e-03 4.294565692543983459e-02 9.880903176963329315e-03 4.229148477315902710e-02 6.881662458181381226e-02 5.192971602082252502e-02 1.341562252491712570e-03 3.274667263031005859e-02 7.761188782751560211e-03 5.206799134612083435e-03 2.475653542205691338e-03 6.241391226649284363e-02 4.957361146807670593e-02 6.123201455920934677e-03 5.358381941914558411e-02 5.172117426991462708e-02 2.300710231065750122e-02 7.183578610420227051e-02 3.580657020211219788e-02 3.639408946037292480e-02 6.152793299406766891e-03 3.292159736156463623e-02 4.571919143199920654e-02 2.458014711737632751e-02 1.230052951723337173e-02 3.855550661683082581e-02 1.338245067745447159e-02 3.789236024022102356e-02 3.234057873487472534e-02 6.117266416549682617e-02 6.338015664368867874e-03 2.734444476664066315e-02 4.171618446707725525e-02 2.105491235852241516e-02 1.435161754488945007e-02 9.268859401345252991e-03 1.070259045809507370e-02 1.546206511557102203e-02 4.995448142290115356e-02 4.406482726335525513e-02 2.158160693943500519e-02 3.032126277685165405e-02 4.558599740266799927e-02 4.077753424644470215e-02 4.706066474318504333e-02 5.399913340806961060e-02 3.777812421321868896e-02 9.902684018015861511e-03 2.888601087033748627e-02 1.514527853578329086e-02 1.339327078312635422e-02 4.838762339204549789e-03 3.793618083000183105e-02 2.901882305741310120e-02 4.260389506816864014e-02 8.703406900167465210e-03 1.948527619242668152e-02 3.348388895392417908e-02 1.375033333897590637e-02 8.621923625469207764e-03 3.761501982808113098e-02 3.768822876736521721e-03 1.885904930531978607e-02 7.067681755870580673e-03 1.512838061898946762e-02 1.070841774344444275e-02 1.514688041061162949e-02 4.202527459710836411e-03 1.696599274873733521e-02
1.775236874818801880e-01 1.555185616016387939e-01 2.827651100233197212e-03 2.651310153305530548e-02 8.620337583124637604e-03 9.986843913793563843e-02 1.477956026792526245e-01 3.324922919273376465e-02 2.112237922847270966e-02 3.003238700330257416e-02 1.668467372655868530e-01 5.532075092196464539e-02 1.093288436532020569e-01 7.350917905569076538e-02 8.074594661593437195e-03 5.910068005323410034e-02 6.618007272481918335e-02 1.951809041202068329e-02 2.177185565233230591e-02 1.720588281750679016e-02 2.277950197458267212e-02 1.484733074903488159e-02 5.183896422386169434e-02 5.988064780831336975e-02 2.105064876377582550e-02 1.778707094490528107e-02 3.646927699446678162e-02 4.172143060714006424e-03 1.340058911591768265e-02 7.966745761223137379e-04 1.781902648508548737e-02 1.118227839469909668e-02 4.092402232345193624e-04 6.128341425210237503e-03 3.033303469419479370e-02 5.671485513448715210e-02 5.308213457465171814e-02 6.787428865209221840e-04 1.757459540385752916e-04 1.653030887246131897e-02 3.009886480867862701e-02 2.500403672456741333e-02 8.560512214899063110e-03 1.439114008098840714e-02 1.347425486892461777e-02 5.744747351855039597e-03 1.508928462862968445e-02 4.481369629502296448e-02 6.994104385375976562e-02 2.188735641539096832e-03 1.471481937915086746e-02 5.125484615564346313e-02 7.568588107824325562e-02 1.453246921300888062e-02 4.062058404088020325e-02 1.020079199224710464e-02 4.247523099184036255e-02 2.267756685614585876e-02 5.581882596015930176e-02 5.643554776906967163e-02 3.557258751243352890e-04 6.576666980981826782e-02 2.972632832825183868e-02 5.198395252227783203e-02 6.759541481733322144e-02 4.786791279911994934e-02 4.162064194679260254e-02 2.364373393356800079e-02 3.403590619564056396e-02 5.245828535407781601e-03 3.247646242380142212e-02 3.219221904873847961e-02 5.502261593937873840e-02 4.939656332135200500e-02 2.906238287687301636e-02 3.531349450349807739e-02 6.492100656032562256e-02 1.355118770152330399e-02 2.527849189937114716e-02 4.095792397856712341e-02 1.671481505036354065e-02 1.485059130936861038e-02 2.088407799601554871e-02 3.158827126026153564e-02 1.211630553007125854e-02 1.454329025000333786e-02 3.950348496437072754e-02 5.031532421708106995e-02 2.890104241669178009e-02 3.260714933276176453e-02 4.241159558296203613e-02 4.400686826556921005e-03 4.234393127262592316e-03 7.143250852823257446e-02 2.740523219108581543e-02 5.695026740431785583e-02 1.646589860320091248e-02 1.372886449098587036e-02 3.038214333355426788e-02 2.938010729849338531e-02 1.605159230530261993e-02 1.423038076609373093e-02 2.936102822422981262e-02 3.500270470976829529e-02 2.548353374004364014e-02 2.433807775378227234e-02 3.991885110735893250e-02 8.839534595608711243e-03 2.910050749778747559e-02 3.488287702202796936e-02 2.066500671207904816e-02 1.999078318476676941e-02 1.743331737816333771e-02 3.516490384936332703e-02 2.062921179458498955e-03 9.285635314881801605e-03
3.937627375125885010e-02 2.827651100233197212e-03 3.140426240861415863e-03 3.633408993482589722e-02 1.441243477165699005e-02 2.817803248763084412e-02 5.132665857672691345e-03 1.135411262512207031e-01 2.025451324880123138e-02 7.443584967404603958e-03 2.778421528637409210e-02 2.601114800199866295e-03 2.999220229685306549e-02 7.826311513781547546e-03 1.385698094964027405e-02 6.881292164325714111e-02 4.000620171427726746e-02 7.743835914880037308e-03 2.018364332616329193e-02 1.942409388720989227e-02 6.504328921437263489e-03 3.995812684297561646e-02 4.920088686048984528e-03 5.826691631227731705e-03 3.300638124346733093e-02 6.479422748088836670e-02 3.162105800583958626e-03 1.531584281474351883e-02 2.622007392346858978e-02 7.934244349598884583e-03 6.846930086612701416e-02 2.937424555420875549e-02 5.501234903931617737e-02 3.329881583340466022e-04 7.538927346467971802e-02 9.460734203457832336e-03 1.566530577838420868e-02 3.748200088739395142e-02 2.569268457591533661e-03 8.059092611074447632e-02 4.750837106257677078e-03 1.708548143506050110e-02 2.016578242182731628e-02 3.639401122927665710e-02 3.969195485115051270e-02 1.694406755268573761e-02 2.318027801811695099e-02 1.716198213398456573e-02 1.391429919749498367e-02 3.412275388836860657e-02 2.163019264116883278e-03 2.349868603050708771e-02 6.360819190740585327e-02 1.660212315618991852e-02 4.240285605192184448e-02 3.621745482087135315e-02 2.082224190235137939e-02 9.442195296287536621e-03 1.523932348936796188e-02 2.626646310091018677e-02 3.381283953785896301e-02 3.669044002890586853e-02 9.999298304319381714e-02 9.599291533231735229e-02 3.045756742358207703e-02 3.107759356498718262e-02 5.287275463342666626e-02 7.272803690284490585e-03 4.712410643696784973e-02 2.429244294762611389e-02 5.464335903525352478e-03 2.681973204016685486e-02 4.055638983845710754e-02 3.513059392571449280e-02 2.969885990023612976e-02 4.285788629204034805e-03 1.051771640777587891e-02 3.053588233888149261e-02 1.201588567346334457e-02 2.670238493010401726e-03 1.576974838972091675e-01 1.779648512601852417e-01 1.889639906585216522e-02 5.353664979338645935e-02 2.313747070729732513e-02 3.572987392544746399e-02 4.904233291745185852e-02 1.144093554466962814e-02 3.331075608730316162e-02 2.877363935112953186e-02 5.349501501768827438e-03 6.310097873210906982e-02 1.030346006155014038e-02 3.729488328099250793e-02 4.097697883844375610e-02 3.738292306661605835e-02 1.033469382673501968e-02 2.199769578874111176e-02 7.514597475528717041e-02 2.858087792992591858e-02 3.168630599975585938e-02 7.741158362478017807e-03 5.696852877736091614e-02 2.045586518943309784e-02 9.306863881647586823e-03 2.838829718530178070e-02 5.097536486573517323e-04 3.755098953843116760e-02 1.999521441757678986e-02 9.437121450901031494e-03 1.039972603321075439e-01 3.972411155700683594e-02 1.630154089070856571e-03 8.307448588311672211e-03 7.162959873676300049e-02 6.822554394602775574e-03
1.088769268244504929e-02 2.651310153305530548e-02 3.633408993482589722e-02 6.595037132501602173e-02 2.735373973846435547e-01 1.723004132509231567e-02 3.711264813318848610e-03 7.100709248334169388e-03 2.937424182891845703e-02 1.273361444473266602e-01 2.163310535252094269e-03 1.638805121183395386e-02 5.770931765437126160e-02 8.454465121030807495e-02 2.836740575730800629e-02 5.750939995050430298e-02 2.860857732594013214e-02 5.351711809635162354e-02 6.497240066528320312e-02 1.042315084487199783e-02 2.608801238238811493e-02 5.279010906815528870e-02 2.555312030017375946e-02 5.563805811107158661e-03 1.190045569092035294e-02 5.472311750054359436e-02 1.879074424505233765e-02 7.741854339838027954e-02 1.074086595326662064e-02 8.738785050809383392e-03 2.431589737534523010e-02 2.112276386469602585e-03 1.490079984068870544e-02 7.777080405503511429e-03 1.376488432288169861e-02 3.598507493734359741e-02 9.310035966336727142e-03 9.317137300968170166e-02 1.320851147174835205e-01 8.219330757856369019e-02 2.824733778834342957e-02 2.799583598971366882e-02 4.482248798012733459e-02 4.136413708329200745e-02 1.821750774979591370e-02 2.921970561146736145e-02 7.144364062696695328e-03 5.566006526350975037e-03 1.780597865581512451e-02 6.523136049509048462e-02 5.100810527801513672e-02 2.549772709608078003e-02 1.602283492684364319e-02 2.627139911055564880e-02 1.597045175731182098e-02 5.917306244373321533e-02 4.754097014665603638e-02 1.715453714132308960e-02 3.786509111523628235e-02 1.339572854340076447e-02 3.451808169484138489e-02 4.358945414423942566e-02 2.471768669784069061e-02 2.209783159196376801e-02 2.579074911773204803e-02 5.113125219941139221e-02 3.156767040491104126e-02 3.802393376827239990e-02 6.206730753183364868e-02 8.822090178728103638e-02 2.942163264378905296e-03 1.486273016780614853e-02 1.028750687837600708e-01 2.519487589597702026e-02 1.380417943000793457e-01 5.500942841172218323e-02 1.962372101843357086e-02 1.136980485171079636e-03 6.664651632308959961e-02 7.433634251356124878e-02 1.806508190929889679e-02 6.866056472063064575e-02 8.598211407661437988e-02 6.593769043684005737e-02 1.428857259452342987e-02 5.864775180816650391e-02 5.169852077960968018e-02 1.906865835189819336e-02 9.393361210823059082e-02 2.897503226995468140e-02 3.755723312497138977e-02 9.294062852859497070e-03 4.673814773559570312e-02 2.991098212078213692e-03 3.040336072444915771e-02 5.231497064232826233e-02 1.520086918026208878e-02 3.467948362231254578e-02 8.909919299185276031e-03 2.186628803610801697e-02 1.348402630537748337e-02 1.285479590296745300e-02 3.847101703286170959e-02 8.724926039576530457e-03 7.459366694092750549e-03 8.414897136390209198e-03 1.390733383595943451e-02 1.266878191381692886e-02 4.561794549226760864e-02 3.362609073519706726e-02 3.384888544678688049e-02 5.821906402707099915e-02 2.615948580205440521e-02 5.631623789668083191e-03 3.345091640949249268e-02 3.603893890976905823e-02
2.537289820611476898e-02 8.620337583124637604e-03 1.441243477165699005e-02 2.735373973846435547e-01 5.614954605698585510e-02 2.014256268739700317e-02 1.662880741059780121e-02 1.548232790082693100e-02 3.886440768837928772e-02 8.043254911899566650e-02 1.665662974119186401e-02 1.571230590343475342e-02 4.192812368273735046e-02 6.223976984620094299e-02 4.687249287962913513e-02 5.058076605200767517e-02 1.282418239861726761e-02 1.739279367029666901e-02 7.272625714540481567e-02 5.072939768433570862e-02 4.649772495031356812e-02 6.264061667025089264e-03 2.884235978126525879e-02 1.700542122125625610e-02 1.799342338927090168e-03 4.929216951131820679e-02 1.479139318689703941e-04 3.607938066124916077e-02 2.246737293899059296e-02 3.804921172559261322e-03 5.292420741170644760e-03 1.520516071468591690e-02 7.946366816759109497e-02 4.095372185111045837e-02 4.578959196805953979e-02 1.591631770133972168e-02 2.111702971160411835e-02 5.460513010621070862e-02 9.587594121694564819e-02 1.182403787970542908e-01 6.681443750858306885e-02 1.268552709370851517e-02 2.268628217279911041e-02 4.377504810690879822e-02 1.488833501935005188e-02 2.918672934174537659e-02 2.495400793850421906e-02 1.417818665504455566e-02 5.962214991450309753e-02 2.438383549451828003e-02 6.890748441219329834e-02 1.126223616302013397e-02 3.453111648559570312e-02 9.969435632228851318e-03 3.912031650543212891e-02 4.732582252472639084e-03 2.448940463364124298e-02 2.973742038011550903e-02 1.063071889802813530e-03 6.348691880702972412e-03 1.920442655682563782e-02 1.064398884773254395e-02 7.257915288209915161e-02 8.567215874791145325e-03 1.336781308054924011e-02 6.497011333703994751e-02 5.245995707809925079e-03 6.845967844128608704e-03 3.009836748242378235e-02 5.893665179610252380e-02 2.229570597410202026e-02 1.537505886517465115e-04 5.098418518900871277e-02 3.819834440946578979e-02 1.406844407320022583e-01 7.885570824146270752e-02 4.525134712457656860e-02 4.200076218694448471e-04 2.032526955008506775e-02 1.721799746155738831e-02 2.638943865895271301e-02 4.533155634999275208e-02 4.113163799047470093e-02 1.590517312288284302e-01 4.722471162676811218e-02 3.859291598200798035e-02 6.075910106301307678e-02 5.557277053594589233e-02 5.826234072446823120e-02 2.423009090125560760e-02 2.854034071788191795e-03 2.849074080586433411e-02 5.853794980794191360e-03 2.417955920100212097e-02 1.338615268468856812e-02 1.920641958713531494e-02 9.436620748601853848e-04 1.060627028346061707e-02 3.935198485851287842e-02 3.306076303124427795e-02 5.530065670609474182e-02 3.240505978465080261e-02 2.415807358920574188e-02 5.001560971140861511e-02 5.385383497923612595e-03 1.412611361593008041e-02 2.716786973178386688e-02 3.406023234128952026e-02 2.220791578292846680e-02 6.831107661128044128e-03 4.269564151763916016e-02 7.664947304874658585e-03 4.844117909669876099e-02 9.159871377050876617e-03 2.915675193071365356e-02 7.747252471745014191e-03
1.573680490255355835e-01 9.986843913793563843e-02 2.817803248763084412e-02 1.723004132509231567e-02 2.014256268739700317e-02 1.245300993323326111e-01 2.190904617309570312e-01 6.080176215618848801e-03 2.303212136030197144e-02 8.105930872261524200e-03 1.198005154728889465e-01 8.614256978034973145e-02 6.128395348787307739e-02 8.859772235155105591e-02 4.342107102274894714e-02 2.989441901445388794e-02 1.155749522149562836e-02 1.046651601791381836e-02 3.957700729370117188e-02 3.056288696825504303e-03 4.064321890473365784e-02 2.805111184716224670e-02 6.943696737289428711e-02 6.584958732128143311e-02 2.806957624852657318e-02 3.509899228811264038e-02 2.945139631628990173e-02 2.687602490186691284e-02 5.297256633639335632e-02 7.066603749990463257e-02 1.123069003224372864e-01 1.932246237993240356e-02 2.214228548109531403e-02 3.055823035538196564e-02 1.012640073895454407e-02 2.710626646876335144e-02 3.513993695378303528e-02 1.726540364325046539e-02 6.802207790315151215e-03 2.223799936473369598e-02 9.982376359403133392e-03 3.339309990406036377e-02 5.007461830973625183e-02 1.355541311204433441e-02 5.400615558028221130e-02 8.645713329315185547e-02 1.297061294317245483e-01 2.014390192925930023e-02 1.779574155807495117e-02 2.015879750251770020e-02 1.330459490418434143e-02 5.335614085197448730e-02 5.499663203954696655e-02 1.522293034940958023e-02 2.932967618107795715e-02 2.030524797737598419e-02 5.780744832009077072e-03 8.130123838782310486e-03 1.757931895554065704e-02 5.502904206514358521e-02 1.905458979308605194e-02 3.076362051069736481e-02 8.848023600876331329e-03 4.422958940267562866e-02 8.075126446783542633e-03 1.322062592953443527e-02 8.098264224827289581e-03 1.287220604717731476e-02 1.089691929519176483e-02 3.030932880938053131e-02 7.576388306915760040e-03 1.668728888034820557e-02 1.422637607902288437e-02 8.542389608919620514e-03 3.175904974341392517e-02 1.217524521052837372e-02 4.934222903102636337e-03 4.836517199873924255e-02 2.275082096457481384e-02 1.922606676816940308e-02 8.079442195594310760e-04 2.392889233306050301e-03 4.122510179877281189e-02 3.442800045013427734e-02 4.492395743727684021e-02 6.699069868773221970e-03 1.494619809091091156e-02 2.939539030194282532e-02 8.333071321249008179e-02 5.818041786551475525e-02 4.648421425372362137e-03 6.864226423203945160e-03 7.573863118886947632e-02 4.451883956789970398e-02 1.129083451814949512e-03 2.845990657806396484e-02 3.683289140462875366e-02 5.446765944361686707e-02 5.498103797435760498e-03 6.135025992989540100e-03 1.794634759426116943e-02 1.633294671773910522e-02 1.158408541232347488e-02 2.615792676806449890e-02 4.300621524453163147e-02 3.207679837942123413e-02 4.987150803208351135e-02 3.516991809010505676e-02 2.982182800769805908e-02 5.340559408068656921e-02 1.974534802138805389e-02 1.602372713387012482e-02 8.410260081291198730e-02 1.252986788749694824e-01 3.865038603544235229e-02 4.437215998768806458e-02
1.337533295154571533e-01 1.477956026792526245e-01 5.132665857672691345e-03 3.711264813318848610e-03 1.662880741059780121e-02 2.190904617309570312e-01 1.396932154893875122e-01 2.840180508792400360e-02 2.410931140184402466e-02 2.741472097113728523e-03 1.274201422929763794e-01 5.526768043637275696e-02 8.623283356428146362e-02 1.143332645297050476e-01 5.621045082807540894e-02 3.542222082614898682e-02 5.577123537659645081e-02 3.955234587192535400e-02 1.468896493315696716e-02 5.401574447751045227e-02 3.095917217433452606e-02 3.178213909268379211e-02 4.838432744145393372e-02 5.818458646535873413e-02 3.303509904071688652e-03 2.992043457925319672e-02 1.901248283684253693e-02 1.418342441320419312e-02 2.218304015696048737e-02 7.909131795167922974e-02 2.807184681296348572e-02 4.589988663792610168e-02 9.090043604373931885e-03 2.133379317820072174e-02 2.364233601838350296e-03 1.746999658644199371e-02 2.405406720936298370e-02 3.958540782332420349e-02 3.052258689422160387e-04 7.380704395473003387e-03 3.566596284508705139e-02 4.495800472795963287e-03 8.099700324237346649e-03 1.285400707274675369e-02 7.072887569665908813e-02 2.128246240317821503e-03 1.052307412028312683e-01 8.610876649618148804e-02 1.573188602924346924e-02 2.779354527592658997e-02 2.493190951645374298e-02 4.635678231716156006e-02 6.203936785459518433e-02 7.140430621802806854e-03 2.430136874318122864e-02 4.873904690612107515e-04 2.397698163986206055e-02 2.875079959630966187e-02 1.601896248757839203e-02 2.172602154314517975e-02 2.599144540727138519e-02 5.413261055946350098e-02 8.490567095577716827e-03 3.433440253138542175e-02 6.404145620763301849e-03 2.447098121047019958e-02 3.993340209126472473e-02 6.443094462156295776e-02 4.632204398512840271e-02 2.933462709188461304e-02 1.428895723074674606e-02 4.022937268018722534e-03 2.795740030705928802e-02 4.879241809248924255e-02 3.752665594220161438e-03 8.739127777516841888e-03 2.949689980596303940e-03 2.289383672177791595e-02 1.393924094736576080e-02 2.475037612020969391e-02 4.422766622155904770e-03 7.953466847538948059e-03 9.651147760450839996e-03 6.777915637940168381e-03 8.691365830600261688e-03 3.574795275926589966e-02 3.655221685767173767e-02 4.321039840579032898e-02 8.826309349387884140e-04 6.838809233158826828e-03 5.819942802190780640e-03 8.320327033288776875e-04 1.309149339795112610e-02 5.052578169852495193e-03 1.441672444343566895e-02 5.199648905545473099e-03 1.942688040435314178e-02 5.719202570617198944e-03 1.600410044193267822e-02 7.762962020933628082e-03 2.022175863385200500e-02 1.907299831509590149e-02 2.117543248459696770e-03 2.320998348295688629e-03 3.716535493731498718e-02 2.602645754814147949e-02 5.835773050785064697e-02 3.955841436982154846e-02 1.038382644765079021e-03 9.357997216284275055e-03 3.002552874386310577e-02 4.042796418070793152e-02 2.102198824286460876e-02 7.917227596044540405e-02 7.183385547250509262e-03 3.999158274382352829e-03
1.156167592853307724e-02 3.324922919273376465e-02 1.135411262512207031e-01 7.100709248334169388e-03 1.548232790082693100e-02 6.080176215618848801e-03 2.840180508792400360e-02 4.748010262846946716e-02 2.501782262697815895e-03 4.203334450721740723e-03 1.805588835850358009e-03 4.363513085991144180e-03 3.357177227735519409e-02 4.754122346639633179e-03 1.423420459032058716e-01 3.814161941409111023e-02 1.273936126381158829e-02 7.498437073081731796e-03 1.902739400975406170e-03 5.544530227780342102e-02 3.367668716236948967e-03 8.376208133995532990e-03 3.041301295161247253e-02 5.425810813903808594e-02 8.541082590818405151e-02 4.459603130817413330e-02 5.732154846191406250e-02 3.768843889702111483e-04 3.914472833275794983e-02 1.459440030157566071e-02 1.909489743411540985e-02 3.100651502609252930e-02 2.734650857746601105e-02 6.138551235198974609e-02 1.508827228099107742e-02 1.980691216886043549e-02 3.408252075314521790e-02 4.288084059953689575e-02 6.816683709621429443e-02 2.823372185230255127e-02 6.981423497200012207e-02 3.096383530646562576e-03 1.069663930684328079e-02 1.154262479394674301e-02 1.330093853175640106e-02 1.155490521341562271e-02 1.039998885244131088e-02 1.180677674710750580e-02 9.867342188954353333e-03 1.171927433460950851e-03 1.454902719706296921e-02 4.459282010793685913e-02 3.906267508864402771e-02 9.729860723018646240e-02 1.464049890637397766e-02 4.071929957717657089e-03 1.716793514788150787e-02 2.279858663678169250e-02 1.507636439055204391e-02 4.123689606785774231e-02 4.906330257654190063e-03 3.951965644955635071e-02 5.681323353201150894e-03 1.882911659777164459e-02 4.451532289385795593e-02 1.057650521397590637e-02 2.129813656210899353e-02 2.246569469571113586e-02 4.434476047754287720e-02 4.010030627250671387e-02 2.786696329712867737e-02 1.771206967532634735e-02 1.796978292986750603e-03 8.442535251379013062e-02 4.944044165313243866e-03 2.466315217316150665e-02 2.743982151150703430e-02 8.419208228588104248e-03 2.817971108015626669e-04 2.604722743853926659e-03 1.851755976676940918e-01 4.358446225523948669e-02 6.192315742373466492e-02 1.120461430400609970e-02 5.942867323756217957e-02 1.481821015477180481e-02 1.378986835479736328e-01 9.110773354768753052e-02 2.628380805253982544e-02 2.714958041906356812e-02 1.334323734045028687e-02 4.538027569651603699e-02 1.502990163862705231e-02 3.049577772617340088e-02 1.332753896713256836e-02 4.844320565462112427e-02 3.003731369972229004e-03 4.607308190315961838e-03 9.954231791198253632e-03 3.532579913735389709e-02 4.309959337115287781e-02 3.427587449550628662e-02 1.633328571915626526e-02 2.016119193285703659e-03 2.459122613072395325e-02 8.684054017066955566e-03 3.944792971014976501e-02 4.036274272948503494e-03 1.569132134318351746e-02 3.555647283792495728e-02 1.060686931014060974e-01 2.922622300684452057e-02 1.437710248865187168e-03 2.561029419302940369e-02 5.574117973446846008e-02 1.070984825491905212e-02
3.695400804281234741e-02 2.112237922847270966e-02 2.025451324880123138e-02 2.937424182891845703e-02 3.886440768837928772e-02 2.303212136030197144e-02 2.410931140184402466e-02 2.501782262697815895e-03 9.208777546882629395e-02 7.978813350200653076e-02 2.132887486368417740e-03 3.775208815932273865e-02 2.326041087508201599e-02 3.607000038027763367e-02 2.925669960677623749e-02 4.993603378534317017e-02 1.727489568293094635e-02 9.714931249618530273e-02 8.243977092206478119e-03 8.857841789722442627e-02 5.380739644169807434e-02 4.926087707281112671e-02 4.328558966517448425e-02 2.782828919589519501e-02 5.989065766334533691e-02 4.615860804915428162e-02 1.311262324452400208e-02 4.545076936483383179e-02 4.327950999140739441e-02 9.148289263248443604e-02 4.555345512926578522e-03 4.589971899986267090e-02 1.903666183352470398e-02 5.601330101490020752e-02 4.973614588379859924e-02 1.658629439771175385e-02 1.540345232933759689e-02 3.100888803601264954e-02 5.340072512626647949e-02 7.516595534980297089e-03 4.057639837265014648e-02 2.082836814224720001e-02 1.052054762840270996e-02 2.440248848870396614e-03 1.929410733282566071e-02 1.409692596644163132e-02 7.109731435775756836e-03 4.023293778300285339e-02 9.928636997938156128e-02 4.652061685919761658e-02 1.526078023016452789e-02 2.195557579398155212e-03 1.431244798004627228e-02 8.824191987514495850e-03 9.075225889682769775e-02 2.815757412463426590e-03 7.891391962766647339e-02 3.082146681845188141e-02 5.746304057538509369e-03 1.344770565629005432e-02 6.541435420513153076e-02 1.108860038220882416e-02 8.376359008252620697e-03 2.502811886370182037e-02 1.205859240144491196e-02 1.234616152942180634e-02 4.674063995480537415e-02 2.321636490523815155e-02 1.024405211210250854e-01 3.491386398673057556e-02 5.199106782674789429e-02 6.457673013210296631e-02 1.101010851562023163e-02 1.266100257635116577e-02 7.249329704791307449e-03 7.590432185679674149e-03 1.586256176233291626e-01 7.342078536748886108e-02 9.930548816919326782e-02 8.571402728557586670e-02 1.378174778074026108e-02 2.589089423418045044e-02 2.575170435011386871e-02 1.756064826622605324e-03 2.259173989295959473e-02 3.934637643396854401e-03 1.479217968881130219e-02 4.737580567598342896e-02 5.893354862928390503e-02 4.887866228818893433e-02 4.156334325671195984e-02 3.440908342599868774e-02 1.195549778640270233e-02 6.335544586181640625e-02 6.857071537524461746e-03 3.333776816725730896e-02 1.965459249913692474e-02 3.696971386671066284e-02 7.550881057977676392e-02 6.592445820569992065e-02 4.463139921426773071e-02 3.345708921551704407e-02 8.897918462753295898e-02 1.188940182328224182e-02 2.859634719789028168e-02 3.309119492769241333e-02 3.457230702042579651e-02 3.537725657224655151e-03 1.058901101350784302e-02 3.683263808488845825e-02 1.792665757238864899e-02 2.118252683430910110e-03 1.895011775195598602e-02 5.304582417011260986e-02 1.324534136801958084e-02 5.017028655856847763e-03
1.993240602314472198e-02 3.003238700330257416e-02 7.443584967404603958e-03 1.273361444473266602e-01 8.043254911899566650e-02 8.105930872261524200e-03 2.741472097113728523e-03 4.203334450721740723e-03 7.978813350200653076e-02 7.727172970771789551e-02 4.623543471097946167e-03 4.726204648613929749e-02 4.571609944105148315e-02 4.640853032469749451e-02 2.755116112530231476e-02 2.132073976099491119e-02 2.090193331241607666e-02 2.020959369838237762e-02 7.118968665599822998e-02 1.229873672127723694e-02 2.041075378656387329e-02 3.382505103945732117e-02 2.372272312641143799e-02 1.124929562211036682e-01 1.467863097786903381e-02 1.546912640333175659e-02 5.377722904086112976e-02 3.334233537316322327e-02 4.004257731139659882e-03 3.640510141849517822e-02 2.394264191389083862e-02 3.884127736091613770e-02 5.847183987498283386e-02 4.826887696981430054e-02 2.662779018282890320e-02 5.675688013434410095e-02 9.512973576784133911e-02 1.258732378482818604e-01 7.224990427494049072e-02 5.776330828666687012e-03 4.995902627706527710e-02 1.130953169194981456e-04 6.194058805704116821e-02 4.839115962386131287e-02 2.263889461755752563e-02 6.309720873832702637e-02 3.337801666930317879e-03 1.756446808576583862e-02 7.260397542268037796e-03 7.589046657085418701e-02 1.394024491310119629e-02 2.261954173445701599e-02 4.706092923879623413e-02 3.625617548823356628e-02 2.116472087800502777e-02 9.617684036493301392e-02 5.925797671079635620e-02 5.373176559805870056e-02 2.886214479804039001e-02 2.518904022872447968e-02 5.959077179431915283e-02 4.382735490798950195e-02 4.801462590694427490e-02 3.986500203609466553e-02 3.660725802183151245e-02 3.187127783894538879e-02 2.055729739367961884e-03 3.615403175354003906e-02 2.016768092289566994e-03 9.667750447988510132e-02 7.429137080907821655e-02 3.272169083356857300e-02 7.433614879846572876e-02 1.345875579863786697e-02 8.868227899074554443e-02 1.452757790684700012e-02 1.587134785950183868e-02 1.022004485130310059e-01 5.412850528955459595e-02 1.264603435993194580e-01 1.355617865920066833e-02 6.866961251944303513e-03 2.417487278580665588e-02 5.221511423587799072e-02 1.734760217368602753e-02 2.730801329016685486e-02 4.688297584652900696e-02 7.358882110565900803e-03 2.873001247644424438e-02 2.042823843657970428e-02 2.469785884022712708e-02 5.962278321385383606e-02 1.886204257607460022e-02 6.756479293107986450e-02 4.649634659290313721e-02 1.495902892202138901e-02 3.455106914043426514e-02 6.020450219511985779e-02 6.413909792900085449e-02 8.263177424669265747e-02 5.199327133595943451e-03 4.586047679185867310e-02 2.477883920073509216e-02 4.972650110721588135e-02 4.379640519618988037e-02 3.309644386172294617e-02 4.447159543633460999e-02 5.678763240575790405e-02 6.078205537050962448e-03 1.681498996913433075e-02 6.111676618456840515e-02 1.531085348688066006e-03 1.679623499512672424e-02 2.032112516462802887e-02 5.482463911175727844e-02 2.210485748946666718e-02
2.164203375577926636e-01 1.668467372655868530e-01 2.778421528637409210e-02 2.163310535252094269e-03 1.665662974119186401e-02 1.198005154728889465e-01 1.274201422929763794e-01 1.805588835850358009e-03 2.132887486368417740e-03 4.623543471097946167e-03 1.686031967401504517e-01 3.900584951043128967e-02 9.966181963682174683e-02 2.418293058872222900e-02 6.145549938082695007e-03 1.637067459523677826e-02 6.673221010714769363e-03 4.086008761078119278e-03 2.577323466539382935e-02 1.507996860891580582e-02 1.232006587088108063e-02 3.083883970975875854e-02 1.078160386532545090e-02 6.558670662343502045e-03 1.101995259523391724e-02 9.489969909191131592e-02 2.090656012296676636e-02 7.785425405018031597e-04 7.755250204354524612e-03 8.953358046710491180e-03 2.324944920837879181e-02 1.527620106935501099e-02 1.200903486460447311e-02 9.798971936106681824e-03 5.924061872065067291e-03 1.487101521342992783e-02 4.228073358535766602e-02 1.867937110364437103e-02 2.076394297182559967e-02 5.660325754433870316e-03 9.024417027831077576e-03 1.301916781812906265e-02 3.773058578372001648e-02 2.837026864290237427e-02 9.935386478900909424e-03 3.165177255868911743e-02 3.912936151027679443e-02 3.861530870199203491e-02 6.931252032518386841e-02 6.494094617664813995e-03 6.321518123149871826e-02 6.875428557395935059e-02 3.489144891500473022e-02 2.738981880247592926e-02 4.528332129120826721e-02 1.330228615552186966e-02 2.633248083293437958e-02 4.775681719183921814e-02 4.137992858886718750e-02 5.319890007376670837e-02 2.810923941433429718e-02 8.938434533774852753e-03 4.850864037871360779e-02 7.584460079669952393e-03 1.061885729432106018e-01 4.380940645933151245e-02 4.181544855237007141e-02 2.576659806072711945e-02 1.251482684165239334e-02 3.058644942939281464e-02 2.626986056566238403e-02 1.834771595895290375e-02 2.149941958487033844e-02 1.844514161348342896e-02 6.537870038300752640e-03 1.665687374770641327e-02 2.892651408910751343e-02 1.027506496757268906e-02 8.406257256865501404e-03 1.896247453987598419e-02 1.758723333477973938e-02 5.506229028105735779e-02 3.500410541892051697e-02 7.310527376830577850e-03 5.538625176995992661e-03 6.851713359355926514e-02 2.186580933630466461e-02 2.052759984508156776e-03 1.256569754332304001e-02 6.026567891240119934e-03 4.307131096720695496e-02 1.218687221407890320e-01 3.737743198871612549e-02 5.605639144778251648e-02 1.741863973438739777e-02 2.429354563355445862e-02 6.646870169788599014e-03 1.890109851956367493e-02 2.893930114805698395e-02 6.318813562393188477e-02 1.466564461588859558e-02 6.020781397819519043e-02 1.039239298552274704e-02 2.657529339194297791e-02 2.035938668996095657e-03 2.775003574788570404e-02 1.880522072315216064e-02 4.715454578399658203e-02 2.287535369396209717e-02 4.960425943136215210e-02 2.139068394899368286e-02 3.676318004727363586e-02 1.291584689170122147e-02 1.191118545830249786e-02 3.846275852993130684e-03 1.172503363341093063e-02
6.391064822673797607e-02 5.532075092196464539e-02 2.601114800199866295e-03 1.638805121183395386e-02 1.571230590343475342e-02 8.614256978034973145e-02 5.526768043637275696e-02 4.363513085991144180e-03 3.775208815932273865e-02 4.726204648613929749e-02 3.900584951043128967e-02 9.343361109495162964e-02 4.134476929903030396e-02 2.341022640466690063e-01 3.850176930427551270e-02 1.614500209689140320e-02 3.849169984459877014e-02 6.360696256160736084e-02 3.367673233151435852e-02 3.882317617535591125e-02 2.578635932877659798e-03 1.454091444611549377e-02 6.868458539247512817e-02 4.178699851036071777e-02 2.825218252837657928e-02 4.346251115202903748e-02 4.393482953310012817e-02 1.438219249248504639e-01 2.111191488802433014e-02 1.446246355772018433e-01 3.668214753270149231e-02 1.284486264921724796e-03 3.852099180221557617e-02 1.577119342982769012e-02 5.818875040858983994e-03 4.829503968358039856e-02 6.045662797987461090e-03 4.101058095693588257e-02 2.209166996181011200e-02 1.264939270913600922e-02 6.227286066859960556e-03 3.849408775568008423e-02 1.563560031354427338e-02 5.126176401972770691e-02 1.852145977318286896e-02 3.361078724265098572e-02 3.549169003963470459e-02 1.589173078536987305e-02 3.948384150862693787e-02 2.002417482435703278e-02 6.724764406681060791e-02 8.924734778702259064e-03 2.080274559557437897e-02 2.628848189488053322e-03 4.802494496107101440e-02 2.337832562625408173e-02 6.134518422186374664e-03 6.100035738199949265e-03 7.381489966064691544e-03 2.433981373906135559e-02 8.147203177213668823e-02 5.044814664870500565e-03 3.504974767565727234e-02 5.901412293314933777e-02 7.005652150837704539e-05 3.680184483528137207e-02 3.944639116525650024e-03 1.760891824960708618e-02 9.692969731986522675e-03 9.864575695246458054e-04 5.847197957336902618e-03 1.317021064460277557e-02 4.569686204195022583e-02 8.122223429381847382e-03 3.940635547041893005e-02 6.013374030590057373e-02 4.393756389617919922e-02 5.369312316179275513e-02 3.706451132893562317e-02 1.562124025076627731e-02 2.279195375740528107e-02 5.212238430976867676e-02 5.196746438741683960e-02 1.472781295888125896e-03 3.534459322690963745e-02 1.098269037902355194e-02 2.354822494089603424e-02 1.147203054279088974e-02 9.370616823434829712e-02 6.180658563971519470e-02 8.837547153234481812e-03 7.685237564146518707e-03 4.494522511959075928e-02 8.405622094869613647e-03 5.802446231245994568e-02 2.926307916641235352e-02 1.279889419674873352e-02 4.140932485461235046e-02 2.898424118757247925e-02 5.185336619615554810e-02 2.475877525284886360e-03 1.615699147805571556e-03 1.913464069366455078e-02 3.998716920614242554e-02 4.340226575732231140e-02 2.412603981792926788e-02 3.439689520746469498e-03 5.881296470761299133e-03 3.803092613816261292e-02 7.237217505462467670e-04 5.966935679316520691e-02 8.525535464286804199e-02 2.619085647165775299e-02 2.581448480486869812e-02 6.131350994110107422e-02 6.295198202133178711e-02
9.401750564575195312e-02 1.093288436532020569e-01 2.999220229685306549e-02 5.770931765437126160e-02 4.192812368273735046e-02 6.128395348787307739e-02 8.623283356428146362e-02 3.357177227735519409e-02 2.326041087508201599e-02 4.571609944105148315e-02 9.966181963682174683e-02 4.134476929903030396e-02 1.701693832874298096e-01 2.630719542503356934e-02 2.024253271520137787e-02 4.518997389823198318e-03 1.380913238972425461e-02 1.097749825567007065e-02 2.145046368241310120e-02 4.266034811735153198e-02 1.405647490173578262e-02 5.471236631274223328e-02 5.717768147587776184e-02 5.826290324330329895e-02 1.723286882042884827e-02 5.490263551473617554e-02 1.409615157172083855e-03 2.457603998482227325e-02 3.150011971592903137e-02 1.402057590894401073e-03 8.531505614519119263e-02 2.137451060116291046e-02 3.650663793087005615e-02 3.182914853096008301e-02 1.075341459363698959e-02 7.557092700153589249e-03 2.492058090865612030e-02 3.519588708877563477e-02 4.895433038473129272e-02 1.581582985818386078e-02 1.596454717218875885e-02 3.879246860742568970e-02 1.738350279629230499e-02 3.730669990181922913e-02 2.795093925669789314e-03 5.239011347293853760e-02 4.503569751977920532e-02 8.900290727615356445e-02 1.142793986946344376e-02 2.616969123482704163e-02 2.690671011805534363e-03 3.670164942741394043e-02 1.565877720713615417e-02 3.621404990553855896e-02 2.571612363681197166e-03 7.996440865099430084e-03 5.000439658761024475e-02 7.710764557123184204e-02 4.207102581858634949e-02 2.456820197403430939e-02 1.520014554262161255e-02 3.592861071228981018e-02 2.596770040690898895e-02 6.176419928669929504e-02 8.931829780340194702e-02 8.526751399040222168e-02 2.442435733973979950e-02 5.337367951869964600e-02 3.041301108896732330e-02 8.126854896545410156e-03 3.020061179995536804e-02 4.549568053334951401e-03 1.281082816421985626e-02 3.965780511498451233e-02 5.951855797320604324e-03 1.240134425461292267e-02 1.780881918966770172e-02 2.356067858636379242e-02 6.815131288021802902e-03 5.060691758990287781e-02 6.145917344838380814e-03 1.281329896301031113e-02 4.071048274636268616e-02 2.326252404600381851e-03 2.873108908534049988e-02 5.778253078460693359e-02 5.178917199373245239e-02 3.962795808911323547e-02 4.074278101325035095e-02 7.446386665105819702e-02 2.753456309437751770e-02 5.625066906213760376e-02 6.502138823270797729e-02 3.991741314530372620e-02 1.852694340050220490e-02 2.868176670745015144e-03 3.556928411126136780e-02 1.635236106812953949e-02 2.472785999998450279e-03 1.447802316397428513e-02 2.223667874932289124e-02 1.915064081549644470e-02 2.800399623811244965e-02 3.014584630727767944e-02 1.858079433441162109e-02 4.547766875475645065e-03 6.384924054145812988e-02 1.591363735496997833e-02 3.820207342505455017e-02 8.557199686765670776e-02 1.483383495360612869e-02 6.507654674351215363e-03 4.132618755102157593e-02 2.456845343112945557e-02 2.992219757288694382e-03 2.840174548327922821e-02
