3.151334226131439209e-01 2.688978314399719238e-01 3.036868944764137268e-02 3.461009263992309570e-02 2.874148264527320862e-02 1.168408617377281189e-01 1.077110171318054199e-01 2.902422565966844559e-03 1.766188815236091614e-02 1.550384680740535259e-03 1.719125807285308838e-01 4.996433481574058533e-02 1.207581236958503723e-01 6.341049820184707642e-02 2.196775004267692566e-02 1.529082842171192169e-02 1.255666743963956833e-02 2.254077047109603882e-02 5.399492103606462479e-03 4.962090402841567993e-02 2.995860762894153595e-03 1.689515635371208191e-02 1.970853470265865326e-02 3.356525301933288574e-02 1.227784436196088791e-03 6.257269065827131271e-03 6.556241773068904877e-03 3.413856402039527893e-02 1.025991514325141907e-02 3.619115054607391357e-02 2.559994347393512726e-02 2.860988304018974304e-02 4.220790043473243713e-02 2.397332340478897095e-02 5.177188292145729065e-02 2.982144244015216827e-02 1.168878190219402313e-02 3.456332534551620483e-02 4.711099714040756226e-02 6.758014112710952759e-02 4.346053302288055420e-02 3.027094528079032898e-02 3.430008515715599060e-02 1.185018662363290787e-02 2.539943670853972435e-03 1.860121451318264008e-02 7.969997823238372803e-02 7.805737107992172241e-02 2.827515453100204468e-02 9.417082765139639378e-04 2.755878865718841553e-02 4.610484000295400620e-03 4.240672290325164795e-02 3.387189283967018127e-02 4.564998671412467957e-02 1.314043719321489334e-02 2.101190015673637390e-02 4.301910288631916046e-03 6.968610920011997223e-03 2.726696059107780457e-02 8.507740567438304424e-04 1.928122132085263729e-03 2.339519094675779343e-03 4.101709276437759399e-02 3.275199979543685913e-02 6.605770904570817947e-03 1.088038459420204163e-02 1.153945364058017731e-02 2.264702133834362030e-02 1.837727241218090057e-02 6.666567642241716385e-03 3.577587381005287170e-02 8.433571085333824158e-03 1.502862293273210526e-02 1.224043034017086029e-02 3.168047964572906494e-02 8.273901417851448059e-03 6.079165032133460045e-04 1.685648225247859955e-02 2.572918869554996490e-02 2.054103277623653412e-02 3.885866026394069195e-04 2.724641934037208557e-02 7.726503070443868637e-03 1.970797777175903320e-02 1.717036217451095581e-02 2.035568095743656158e-02 4.688941687345504761e-02 2.534038387238979340e-02 5.622872617095708847e-03 2.272171713411808014e-02 2.774239331483840942e-02 1.107131596654653549e-03 7.086800038814544678e-02 5.059429444372653961e-03 1.259673573076725006e-02 4.112607240676879883e-02 5.674222111701965332e-02 1.003983430564403534e-02 2.222576178610324860e-02 3.051518462598323822e-03 2.403075806796550751e-02 1.021396666765213013e-01 6.010788492858409882e-03 4.232104122638702393e-02 4.607630893588066101e-02 2.793579362332820892e-02 9.873216040432453156e-03 2.745186164975166321e-02 2.125713787972927094e-02 6.833919137716293335e-02 1.094747800379991531e-02 3.522742539644241333e-02 8.679273538291454315e-03 9.036248177289962769e-02 3.668858855962753296e-02
2.688978314399719238e-01 3.296853005886077881e-01 2.125841379165649414e-02 5.696938838809728622e-03 1.277534011751413345e-02 1.477423459291458130e-01 1.550206989049911499e-01 1.473842281848192215e-02 1.500525791198015213e-02 1.194059196859598160e-02 1.751845329999923706e-01 2.264886535704135895e-02 2.179671674966812134e-01 3.112861514091491699e-02 2.378104999661445618e-02 2.181440033018589020e-02 5.867650543223135173e-05 1.568460837006568909e-02 5.196815822273492813e-03 1.864297501742839813e-02 4.654590785503387451e-02 1.391121093183755875e-02 5.883903242647647858e-03 2.219510823488235474e-02 4.902353044599294662e-03 4.493445903062820435e-02 2.129574120044708252e-02 2.701777731999754906e-03 5.371386930346488953e-02 1.772076450288295746e-02 2.370575256645679474e-02 2.658932842314243317e-02 2.654218114912509918e-02 7.685031741857528687e-03 4.183713346719741821e-02 4.817311465740203857e-02 4.835463687777519226e-02 1.072474848479032516e-02 3.219648823142051697e-02 1.074680034071207047e-02 1.192729361355304718e-02 1.034425850957632065e-02 1.125624310225248337e-02 5.164089426398277283e-02 3.867559134960174561e-02 2.727794647216796875e-02 7.244549691677093506e-02 1.071077510714530945e-01 1.617380604147911072e-02 9.384329430758953094e-03 8.706496655941009521e-02 7.636039704084396362e-02 9.003516286611557007e-02 2.620889618992805481e-02 6.364186853170394897e-02 8.333222940564155579e-03 2.846667170524597168e-02 3.335038200020790100e-02 2.444282174110412598e-02 2.566156163811683655e-02 2.678710501641035080e-03 2.535645104944705963e-02 4.772210493683815002e-02 2.904445398598909378e-03 5.350041389465332031e-02 3.047384694218635559e-02 1.062869001179933548e-02 2.598071284592151642e-02 1.093510258942842484e-02 3.858272358775138855e-02 6.640373729169368744e-03 4.887097328901290894e-02 2.325068926438689232e-03 7.291383575648069382e-03 1.925113797187805176e-02 1.178164966404438019e-03 6.642317865043878555e-03 2.735785022377967834e-02 2.764498814940452576e-02 4.229930415749549866e-02 1.216880325227975845e-02 4.815955460071563721e-02 3.422704339027404785e-02 1.944044977426528931e-02 4.194897774141281843e-04 3.002357669174671173e-02 2.751376479864120483e-03 4.819497093558311462e-02 1.542566157877445221e-02 3.976715728640556335e-02 2.245424780994653702e-03 3.300769254565238953e-02 4.464548081159591675e-02 5.062676593661308289e-02 9.627426974475383759e-03 8.345814421772956848e-03 3.767479583621025085e-02 8.706770092248916626e-02 8.777853101491928101e-03 3.152450546622276306e-02 1.091689057648181915e-02 2.901360159739851952e-03 3.860224038362503052e-02 5.625171214342117310e-02 6.649650633335113525e-03 1.638206467032432556e-02 1.995836570858955383e-02 5.704337358474731445e-02 1.249402109533548355e-02 6.620855629444122314e-02 1.079870294779539108e-02 5.025798082351684570e-02 4.509164765477180481e-02 1.552059664390981197e-03 3.154967725276947021e-02 5.131815373897552490e-02
3.036868944764137268e-02 2.125841379165649414e-02 1.232367828488349915e-01 2.221973612904548645e-02 4.141234979033470154e-02 1.416597515344619751e-02 2.988052926957607269e-02 6.135760247707366943e-02 1.031538844108581543e-02 2.527347579598426819e-02 3.255750634707510471e-04 1.023818645626306534e-02 2.747729420661926270e-02 3.142695873975753784e-02 2.593556419014930725e-02 1.413603499531745911e-02 2.624299004673957825e-02 7.901092618703842163e-02 3.561392799019813538e-02 3.757170587778091431e-02 2.376488409936428070e-03 7.830560207366943359e-02 7.768971472978591919e-02 7.565836608409881592e-02 7.941417279653251171e-04 3.085125982761383057e-02 2.886498533189296722e-02 1.053596213459968567e-01 4.839473962783813477e-02 1.676481775939464569e-02 4.393745213747024536e-02 1.643029041588306427e-02 2.050622366368770599e-02 3.684984520077705383e-02 4.677413776516914368e-02 3.404105082154273987e-02 2.119677141308784485e-02 3.092995099723339081e-02 4.116800148040056229e-03 1.983086392283439636e-02 6.459197402000427246e-02 3.644487634301185608e-02 2.084274217486381531e-02 1.328276284039020538e-02 1.237393263727426529e-02 8.779184892773628235e-03 3.626201301813125610e-02 2.366970852017402649e-02 1.378682162612676620e-02 1.376770157366991043e-02 7.877446711063385010e-02 2.122333087027072906e-02 1.494317501783370972e-02 5.340036004781723022e-03 5.728508345782756805e-03 4.719657357782125473e-03 1.508457865566015244e-02 2.283694408833980560e-02 5.712684616446495056e-02 4.841861128807067871e-02 2.427133731544017792e-02 6.646481808274984360e-03 2.008451148867607117e-02 2.587147988379001617e-02 2.238643728196620941e-02 7.084250915795564651e-03 1.873022876679897308e-02 1.143499277532100677e-02 3.340243175625801086e-02 2.485732547938823700e-02 3.695455193519592285e-02 4.773511737585067749e-02 2.818913012742996216e-02 2.667099796235561371e-02 2.152225747704505920e-02 2.907659392803907394e-03 2.788637951016426086e-02 3.845006972551345825e-02 2.400543726980686188e-02 6.176286190748214722e-02 1.353679597377777100e-01 1.180916056036949158e-01 3.768236842006444931e-03 2.988204942084848881e-04 8.335543796420097351e-03 2.013852819800376892e-03 2.601398853585124016e-03 9.404903277754783630e-03 7.463429123163223267e-02 1.648652553558349609e-02 1.313290558755397797e-02 5.483605340123176575e-02 1.131054107099771500e-02 1.724859327077865601e-02 6.214828789234161377e-02 3.693297505378723145e-02 3.119657933712005615e-02 1.104168891906738281e-01 2.457413263618946075e-02 1.353722065687179565e-02 1.328375004231929779e-02 2.656637132167816162e-02 2.640140801668167114e-02 9.921474382281303406e-03 3.280593082308769226e-02 2.906923182308673859e-02 2.787707373499870300e-02 1.180331632494926453e-01 2.861531451344490051e-02 4.020649567246437073e-02 4.740919917821884155e-02 2.278010360896587372e-02 2.232690108940005302e-03 3.291556984186172485e-02 1.167208477854728699e-01 9.305984526872634888e-02
3.461009263992309570e-02 5.696938838809728622e-03 2.221973612904548645e-02 2.109105587005615234e-01 1.915755271911621094e-01 7.109742145985364914e-04 2.896043658256530762e-02 1.675121113657951355e-02 3.065198659896850586e-02 1.168581657111644745e-03 5.776884779334068298e-02 3.778435662388801575e-02 4.062202945351600647e-02 3.115917928516864777e-02 1.716608554124832153e-02 1.007236167788505554e-02 1.425472274422645569e-02 9.490215033292770386e-02 5.763873085379600525e-02 4.642792046070098877e-03 3.065339103341102600e-02 2.137923799455165863e-02 3.587451064959168434e-03 8.979234844446182251e-03 1.772779785096645355e-02 2.356299897655844688e-03 2.492612786591053009e-02 7.368287444114685059e-02 5.125667899847030640e-02 4.916485399007797241e-02 2.994133718311786652e-02 1.160991936922073364e-02 2.421752316877245903e-03 8.587033487856388092e-03 5.825406406074762344e-03 4.042777419090270996e-02 2.681270800530910492e-02 2.483323588967323303e-02 8.341404050588607788e-02 7.111519575119018555e-02 3.290272876620292664e-02 9.613722562789916992e-03 3.962354268878698349e-03 5.034098029136657715e-02 1.420154701918363571e-02 1.543839834630489349e-02 2.154594846069812775e-02 2.846694737672805786e-02 2.348172478377819061e-02 9.723487310111522675e-03 1.649270951747894287e-02 4.156486317515373230e-02 4.984785616397857666e-02 1.837908476591110229e-02 1.497378386557102203e-02 2.864930778741836548e-03 6.458134204149246216e-02 1.683711074292659760e-02 2.123268134891986847e-02 9.853519499301910400e-03 5.625937879085540771e-02 1.499402802437543869e-02 4.293606430292129517e-02 6.612300407141447067e-03 2.543408423662185669e-02 3.362776711583137512e-03 1.299084722995758057e-02 8.215524256229400635e-03 6.226641591638326645e-03 5.022322759032249451e-02 1.530395587906241417e-03 2.130964025855064392e-02 1.353313475847244263e-01 2.398578636348247528e-02 1.284034252166748047e-01 1.761519163846969604e-02 6.666573230177164078e-03 2.504719421267509460e-02 1.590117253363132477e-02 2.122169826179742813e-03 3.007888607680797577e-02 3.421842306852340698e-02 1.057775989174842834e-01 7.007433474063873291e-02 7.771511562168598175e-03 2.171215787529945374e-02 4.823663830757141113e-02 4.267449676990509033e-02 3.336184454383328557e-05 5.816751718521118164e-02 3.545536473393440247e-02 1.566707529127597809e-02 3.489658609032630920e-02 1.197847444564104080e-02 1.061520539224147797e-02 7.966954261064529419e-03 4.034847766160964966e-02 1.184210926294326782e-02 1.132530719041824341e-02 1.948477700352668762e-02 3.314966335892677307e-02 2.755490131676197052e-03 2.882445044815540314e-02 2.442094311118125916e-02 6.904448382556438446e-03 9.648279286921024323e-03 2.436961792409420013e-02 1.183705106377601624e-01 4.905490949749946594e-02 3.383182361721992493e-02 3.319321572780609131e-02 4.351566080003976822e-03 2.233234047889709473e-02 8.838097564876079559e-03 2.216716296970844269e-03 3.800577670335769653e-02
2.874148264527320862e-02 1.277534011751413345e-02 4.141234979033470154e-02 1.915755271911621094e-01 2.062347531318664551e-01 2.115091122686862946e-02 4.646840505301952362e-03 4.080376122146844864e-03 2.761497721076011658e-02 5.249394569545984268e-03 3.922872245311737061e-02 1.447342429310083389e-02 2.822130732238292694e-02 4.165066406130790710e-03 5.094400839880108833e-04 1.231423020362854004e-02 2.568808384239673615e-02 9.705011546611785889e-02 1.008954644203186035e-01 1.159609947353601456e-02 4.679425805807113647e-02 1.018716394901275635e-02 6.386773311533033848e-04 1.788901537656784058e-02 2.515618689358234406e-02 1.213809195905923843e-02 1.909548044204711914e-02 5.895525962114334106e-02 4.216517508029937744e-02 2.008235082030296326e-02 1.223919168114662170e-02 6.501550786197185516e-03 3.357836743816733360e-03 1.782429218292236328e-02 5.918388720601797104e-03 4.333652928471565247e-02 3.895893692970275879e-02 3.357383236289024353e-02 4.775867611169815063e-02 4.756395518779754639e-02 1.658978685736656189e-02 1.089678425341844559e-02 6.567703559994697571e-03 1.545985136181116104e-02 2.805590629577636719e-02 3.068131953477859497e-02 2.022876404225826263e-03 1.468870695680379868e-02 1.595359481871128082e-02 2.013087505474686623e-03 3.084096312522888184e-02 1.502578612416982651e-02 5.221036821603775024e-02 2.114951424300670624e-02 2.309683337807655334e-02 2.794778440147638321e-03 5.195025354623794556e-02 2.994198910892009735e-02 4.228772595524787903e-02 2.241745963692665100e-02 2.118293568491935730e-02 1.629537157714366913e-02 1.136516104452311993e-03 3.258331120014190674e-02 4.021690785884857178e-02 1.576680317521095276e-02 1.951956772245466709e-03 8.722502738237380981e-03 4.444403573870658875e-03 8.738892525434494019e-02 3.999837674200534821e-03 9.232702665030956268e-03 6.274392455816268921e-02 4.742710292339324951e-02 1.366595923900604248e-01 3.027724102139472961e-02 1.789906248450279236e-02 2.102612145245075226e-02 1.105027273297309875e-02 3.097553364932537079e-02 2.150798961520195007e-02 8.730960078537464142e-03 1.004649847745895386e-01 1.309804469347000122e-01 3.258126555010676384e-03 1.678267307579517365e-02 4.725807160139083862e-02 2.477145567536354065e-02 1.762747298926115036e-03 4.080909118056297302e-02 3.050792111025657505e-05 6.788373924791812897e-03 4.257888998836278915e-03 1.857014186680316925e-02 1.485928241163492203e-02 2.233390510082244873e-02 1.945192739367485046e-02 1.801062561571598053e-02 2.603207156062126160e-02 1.939907297492027283e-02 2.797176130115985870e-02 1.264831982553005219e-02 2.831418626010417938e-02 1.264078635722398758e-02 4.830799065530300140e-03 1.508816611021757126e-02 2.128342166543006897e-02 1.098708510398864746e-01 4.717742651700973511e-02 3.285504505038261414e-02 1.032579224556684494e-02 1.244766730815172195e-02 8.115263655781745911e-03 8.937153033912181854e-03 3.378019481897354126e-02 2.369016781449317932e-02
1.168408617377281189e-01 1.477423459291458130e-01 1.416597515344619751e-02 7.109742145985364914e-04 2.115091122686862946e-02 3.220670223236083984e-01 2.332725077867507935e-01 1.479999814182519913e-02 1.517153996974229813e-02 1.181256666313856840e-04 8.693429827690124512e-02 8.219381421804428101e-02 8.186177164316177368e-02 1.086090728640556335e-01 1.466396730393171310e-02 1.010386087000370026e-02 8.764177560806274414e-03 1.711067976430058479e-03 2.085003070533275604e-04 1.693937741219997406e-02 3.059537615627050400e-03 2.013245783746242523e-02 1.562713459134101868e-02 1.659801788628101349e-02 2.753461524844169617e-02 1.400299021042883396e-03 1.772740739397704601e-03 6.401432305574417114e-02 1.420389954000711441e-02 4.713627323508262634e-02 2.339204400777816772e-02 3.661533445119857788e-02 4.602507222443819046e-03 8.598181419074535370e-03 1.713302172720432281e-02 4.333404451608657837e-02 1.588708721101284027e-02 2.580683445557951927e-03 2.811316773295402527e-02 3.036186844110488892e-02 1.602019928395748138e-02 5.074393935501575470e-03 1.517578377388417721e-03 5.982672050595283508e-02 9.472594596445560455e-03 2.384652383625507355e-02 1.529426723718643188e-01 1.413029879331588745e-01 1.807537116110324860e-02 8.288058452308177948e-03 3.422856703400611877e-02 3.902364522218704224e-02 3.622332587838172913e-02 2.819178625941276550e-02 3.290136158466339111e-02 3.491966752335429192e-03 1.082079578191041946e-02 1.373554859310388565e-02 1.005203463137149811e-02 1.166656613349914551e-02 6.004933384247124195e-04 5.072711966931819916e-03 2.023152261972427368e-02 1.665044203400611877e-02 5.782051011919975281e-03 1.651556231081485748e-02 2.332554757595062256e-02 2.136062458157539368e-02 1.109338831156492233e-02 3.186515346169471741e-02 1.683167926967144012e-02 2.133783139288425446e-02 2.584131248295307159e-02 5.402253940701484680e-03 2.755557652562856674e-04 2.134407311677932739e-02 1.044170651584863663e-02 1.902694068849086761e-02 7.395104039460420609e-03 1.451070606708526611e-02 1.179679110646247864e-02 1.001214422285556793e-02 4.867116361856460571e-02 2.762437239289283752e-02 2.723677642643451691e-02 2.473279833793640137e-02 6.945108994841575623e-03 2.789783105254173279e-02 1.905350945889949799e-02 2.284835465252399445e-02 1.788303814828395844e-02 2.763557806611061096e-02 2.830678224563598633e-02 8.749914355576038361e-03 3.040431998670101166e-02 3.887254279106855392e-03 7.416010834276676178e-03 3.223891369998455048e-03 1.681978628039360046e-02 1.138245034962892532e-02 1.193606201559305191e-02 2.054649172350764275e-03 1.797463186085224152e-02 7.964632473886013031e-03 6.756059359759092331e-03 4.095188342034816742e-03 3.384294454008340836e-03 3.571405634284019470e-02 5.046773701906204224e-03 2.193909138441085815e-02 6.091370712965726852e-03 2.310017868876457214e-02 4.642575234174728394e-02 1.453602127730846405e-02 9.687696583569049835e-03 7.171009667217731476e-03
1.077110171318054199e-01 1.550206989049911499e-01 2.988052926957607269e-02 2.896043658256530762e-02 4.646840505301952362e-03 2.332725077867507935e-01 3.493145704269409180e-01 1.223287824541330338e-02 2.388578094542026520e-02 1.885789213702082634e-03 9.967373311519622803e-02 7.996643334627151489e-02 1.128135994076728821e-01 1.139473915100097656e-01 4.070511832833290100e-02 1.041551586240530014e-04 1.266535930335521698e-02 6.959631573408842087e-04 1.119666546583175659e-02 2.478093374520540237e-03 7.011780980974435806e-03 3.208667784929275513e-02 9.722039103507995605e-03 5.775599554181098938e-02 6.414184812456369400e-03 1.164820510894060135e-02 1.316795498132705688e-02 1.070821732282638550e-01 1.860776916146278381e-02 5.213591456413269043e-02 4.639638587832450867e-03 1.612706296145915985e-02 1.426520105451345444e-02 6.555579137057065964e-03 1.677554659545421600e-02 2.999277599155902863e-02 2.097314968705177307e-02 8.120231213979423046e-04 1.618191972374916077e-02 4.322534427046775818e-02 1.549615245312452316e-02 4.251442849636077881e-03 3.089994937181472778e-02 8.388008177280426025e-02 3.139692917466163635e-02 7.989840582013130188e-03 1.608999073505401611e-01 1.922627240419387817e-01 1.259586028754711151e-02 9.930834174156188965e-03 2.085989527404308319e-02 2.237401157617568970e-02 2.732421271502971649e-02 2.248551230877637863e-03 3.059331886470317841e-02 2.182881906628608704e-02 1.956106349825859070e-02 5.653573200106620789e-03 1.868464052677154541e-02 3.560226783156394958e-02 1.849288865923881531e-02 1.081008091568946838e-02 9.677545167505741119e-03 2.366785425692796707e-03 7.983542047441005707e-03 1.477460173191502690e-04 3.382879076525568962e-03 8.850107900798320770e-03 1.824907213449478149e-02 3.384670242667198181e-02 1.674281992018222809e-02 3.253342211246490479e-02 6.490629166364669800e-04 1.274636480957269669e-02 1.951776817440986633e-02 1.384980045258998871e-02 5.774439312517642975e-03 1.946205273270606995e-02 1.087019219994544983e-02 4.664468113332986832e-03 4.831775091588497162e-03 4.757145885378122330e-03 3.035629540681838989e-02 2.263262309134006500e-02 2.045769616961479187e-02 5.191095545887947083e-02 5.063106305897235870e-03 1.970807090401649475e-03 1.566105149686336517e-02 6.278855353593826294e-02 1.470474235247820616e-04 3.226958913728594780e-03 4.927315190434455872e-02 1.665065251290798187e-02 1.703364402055740356e-02 4.674874246120452881e-03 3.684914903715252876e-03 1.999198645353317261e-02 3.479656204581260681e-02 3.781306557357311249e-03 1.860418356955051422e-02 1.156120002269744873e-02 2.326777018606662750e-02 1.181720104068517685e-02 9.680790826678276062e-03 5.849721841514110565e-03 1.954518258571624756e-03 3.281068801879882812e-02 1.528831105679273605e-02 3.899604827165603638e-02 7.098935893736779690e-04 1.713805645704269409e-02 4.300874471664428711e-02 2.080087736248970032e-02 5.221822857856750488e-02 1.647837273776531219e-02
2.902422565966844559e-03 1.473842281848192215e-02 6.135760247707366943e-02 1.675121113657951355e-02 4.080376122146844864e-03 1.479999814182519913e-02 1.223287824541330338e-02 1.696513891220092773e-01 1.579329743981361389e-02 1.966766826808452606e-02 2.419526875019073486e-02 1.302809175103902817e-02 2.005621232092380524e-02 1.319571398198604584e-02 8.050861209630966187e-02 3.748386725783348083e-02 1.561957597732543945e-02 4.414892196655273438e-02 6.143386010080575943e-03 1.531850663013756275e-03 9.523957036435604095e-03 5.092820525169372559e-02 6.503598298877477646e-03 5.181453190743923187e-03 1.044783834367990494e-02 4.156215116381645203e-02 2.030980400741100311e-02 6.547090411186218262e-02 1.825667917728424072e-03 2.595869079232215881e-02 5.846146866679191589e-02 1.052959077060222626e-02 2.511340938508510590e-02 3.563027083873748779e-02 1.165955234318971634e-02 9.657063637860119343e-04 5.080936849117279053e-02 1.020546443760395050e-02 3.944507986307144165e-02 4.516414925456047058e-02 1.942701637744903564e-02 1.946259057149291039e-03 3.597400709986686707e-02 2.155440859496593475e-03 2.958431374281644821e-03 2.869028598070144653e-03 2.007088251411914825e-02 2.937129326164722443e-02 2.890662103891372681e-02 3.949729353189468384e-02 1.030341722071170807e-02 1.619667047634720802e-03 1.910633035004138947e-02 3.012207336723804474e-02 2.755367942154407501e-02 7.006627973169088364e-03 8.505627512931823730e-03 3.075577504932880402e-02 1.334318798035383224e-02 8.819930255413055420e-03 2.074270509183406830e-02 4.492029082030057907e-03 3.737479448318481445e-02 4.079269710928201675e-03 2.377396821975708008e-02 1.467666868120431900e-02 3.474389016628265381e-02 3.020072542130947113e-02 2.689402550458908081e-02 3.207674622535705566e-02 1.420209929347038269e-02 3.073508152738213539e-03 3.815395385026931763e-02 6.622706353664398193e-02 1.346780452877283096e-02 2.875633165240287781e-02 3.056611679494380951e-02 1.960413716733455658e-02 7.576848380267620087e-03 2.040761057287454605e-03 7.775651663541793823e-02 5.855293199419975281e-02 3.480300679802894592e-02 1.004051137715578079e-02 2.558347769081592560e-02 2.255039848387241364e-02 9.641923010349273682e-02 5.487891286611557007e-02 1.170580275356769562e-02 8.199342526495456696e-03 1.384815387427806854e-02 1.059926394373178482e-02 3.828075900673866272e-02 4.924667067825794220e-03 6.894541531801223755e-02 5.659562349319458008e-02 3.920108824968338013e-02 3.937808424234390259e-02 6.046607624739408493e-03 7.033716887235641479e-03 8.901804685592651367e-03 2.153758890926837921e-02 9.364709258079528809e-03 1.453242078423500061e-02 1.022028457373380661e-02 1.009610947221517563e-03 3.381686750799417496e-03 1.272182445973157883e-02 1.797685772180557251e-02 1.223261561244726181e-02 4.213914647698402405e-02 1.224286039359867573e-03 8.736257441341876984e-03 2.348992228507995605e-02 9.440349414944648743e-03 7.016015052795410156e-02
1.766188815236091614e-02 1.500525791198015213e-02 1.031538844108581543e-02 3.065198659896850586e-02 2.761497721076011658e-02 1.517153996974229813e-02 2.388578094542026520e-02 1.579329743981361389e-02 2.595120966434478760e-01 7.632595300674438477e-02 4.054524004459381104e-03 6.965062022209167480e-02 1.243525557219982147e-02 4.279660061001777649e-02 1.246586162596940994e-02 4.393091425299644470e-02 4.715079814195632935e-02 7.794483751058578491e-02 1.438829023391008377e-02 1.759643293917179108e-02 5.046741571277379990e-03 1.329757273197174072e-03 6.621044874191284180e-02 4.505491629242897034e-02 5.919487774372100830e-02 1.879654452204704285e-02 1.902578957378864288e-02 2.863473445177078247e-02 2.754444070160388947e-02 5.032893270254135132e-02 1.839980110526084900e-02 6.590387783944606781e-03 1.332051586359739304e-02 2.541284263134002686e-02 3.659730544313788414e-03 6.276955828070640564e-03 4.086905624717473984e-03 1.556452084332704544e-02 1.514478679746389389e-02 3.896458446979522705e-02 8.174387738108634949e-03 6.153742596507072449e-02 3.774022043216973543e-04 5.741814617067575455e-03 1.575885154306888580e-02 3.889035061001777649e-02 3.937053307890892029e-02 2.237025834619998932e-02 5.342284217476844788e-02 8.895547129213809967e-03 1.519908849149942398e-02 2.079606801271438599e-02 1.808937266469001770e-02 9.395197033882141113e-03 1.181958764791488647e-01 1.331241335719823837e-02 8.786306716501712799e-03 8.501147851347923279e-03 3.323010727763175964e-02 3.088313713669776917e-02 6.599956657737493515e-03 3.702905029058456421e-02 8.303659269586205482e-04 5.518648773431777954e-02 1.859167590737342834e-02 7.065739948302507401e-03 5.441506206989288330e-02 5.489839613437652588e-02 7.474372535943984985e-02 1.382577233016490936e-03 3.734361752867698669e-02 7.076390087604522705e-02 1.042355783283710480e-02 2.436317875981330872e-02 1.732534728944301605e-02 3.058206290006637573e-02 1.454033255577087402e-01 9.215244650840759277e-02 7.823683321475982666e-02 1.399870589375495911e-02 5.179508589208126068e-03 2.213828265666961670e-02 4.208853095769882202e-02 1.791574619710445404e-02 2.863931935280561447e-03 4.582074657082557678e-02 2.272576652467250824e-02 1.152110751718282700e-02 7.582022994756698608e-02 3.250767290592193604e-02 6.243484560400247574e-03 4.717117641121149063e-03 3.040108829736709595e-02 4.332259669899940491e-02 1.412426214665174484e-02 4.113457165658473969e-03 1.443463005125522614e-02 2.457328699529170990e-02 6.630740314722061157e-02 2.568064257502555847e-02 2.164417877793312073e-02 2.305387146770954132e-02 1.452133897691965103e-02 2.522864192724227905e-02 3.278135880827903748e-02 5.220345035195350647e-02 7.122882176190614700e-03 1.568445749580860138e-02 3.721097856760025024e-02 1.628017984330654144e-02 4.624067991971969604e-02 1.262885704636573792e-02 5.566520267166197300e-04 3.241953253746032715e-02 7.958927191793918610e-03 1.854221336543560028e-02
1.550384680740535259e-03 1.194059196859598160e-02 2.527347579598426819e-02 1.168581657111644745e-03 5.249394569545984268e-03 1.181256666313856840e-04 1.885789213702082634e-03 1.966766826808452606e-02 7.632595300674438477e-02 1.947297900915145874e-01 1.636294275522232056e-02 2.247378043830394745e-02 1.000941731035709381e-03 5.120858550071716309e-02 2.278021909296512604e-02 4.932173760607838631e-04 4.104238748550415039e-02 5.074093490839004517e-02 9.020750969648361206e-02 1.868225261569023132e-02 2.296363702043890953e-03 2.392114885151386261e-02 1.037287339568138123e-02 4.680040106177330017e-02 2.058678306639194489e-02 3.001677989959716797e-02 4.728298261761665344e-02 1.997457817196846008e-02 3.898313967511057854e-03 5.772688239812850952e-02 4.884748719632625580e-03 1.758797839283943176e-02 1.066917553544044495e-02 1.083482801914215088e-02 1.168107963167130947e-03 6.097341328859329224e-02 8.932885713875293732e-03 3.874527290463447571e-02 5.917943082749843597e-03 1.685467734932899475e-02 3.445981442928314209e-02 2.610382437705993652e-02 8.320788852870464325e-03 1.055420655757188797e-02 2.048160135746002197e-02 2.329271286725997925e-02 4.503009375184774399e-03 1.172988023608922958e-02 1.793180964887142181e-02 4.536135867238044739e-02 3.117961576208472252e-03 2.102288883179426193e-03 2.931936271488666534e-02 7.408725563436746597e-03 3.377834334969520569e-02 8.057665079832077026e-02 2.424971759319305420e-02 5.859834328293800354e-02 1.689520431682467461e-04 2.722563967108726501e-02 1.591929607093334198e-02 2.644057199358940125e-02 1.869740523397922516e-02 5.726036615669727325e-03 8.720161858946084976e-04 1.630886830389499664e-02 6.138497963547706604e-02 8.341534435749053955e-02 6.904690962983295321e-05 4.884602874517440796e-02 6.253012269735336304e-02 2.764585660770535469e-03 9.452052414417266846e-03 3.613689541816711426e-02 1.720504090189933777e-02 8.144368417561054230e-03 3.172635659575462341e-02 1.099064126610755920e-01 4.695161432027816772e-02 6.210765615105628967e-02 4.519123584032058716e-03 1.472896151244640350e-02 3.447888419032096863e-03 5.221517384052276611e-02 1.995621062815189362e-02 5.108554661273956299e-02 1.118091959506273270e-02 1.262914668768644333e-02 5.093351937830448151e-03 6.268798559904098511e-02 1.178560312837362289e-03 2.295040525496006012e-02 1.100110821425914764e-04 3.542340127751231194e-03 4.143204540014266968e-03 8.279614150524139404e-03 2.990061603486537933e-02 4.889707639813423157e-02 3.339505987241864204e-03 3.535087406635284424e-02 2.729737199842929840e-03 2.228461392223834991e-02 1.777651906013488770e-02 9.456696920096874237e-03 9.258504025638103485e-03 9.501580148935317993e-03 5.903699900954961777e-03 9.723284281790256500e-03 2.463119849562644958e-02 3.241087123751640320e-02 4.345249012112617493e-02 1.837731525301933289e-02 1.068177726119756699e-02 1.354394014924764633e-02 1.896753534674644470e-02 2.848673053085803986e-02
1.719125807285308838e-01 1.751845329999923706e-01 3.255750634707510471e-04 5.776884779334068298e-02 3.922872245311737061e-02 8.693429827690124512e-02 9.967373311519622803e-02 2.419526875019073486e-02 4.054524004459381104e-03 1.636294275522232056e-02 3.367075324058532715e-01 1.839300431311130524e-02 2.129939645528793335e-01 9.053800255060195923e-03 3.322265297174453735e-02 2.696873247623443604e-02 5.083080381155014038e-02 3.466497361660003662e-02 1.811583526432514191e-02 7.919565588235855103e-02 1.679933979175984859e-03 5.214113043621182442e-04 5.387580022215843201e-03 2.609921619296073914e-02 3.637113794684410095e-02 1.005917508155107498e-02 6.118496879935264587e-02 9.967622347176074982e-03 1.880357973277568817e-02 3.391996491700410843e-03 3.062562458217144012e-02 4.831699654459953308e-02 1.759545132517814636e-02 3.414390608668327332e-03 8.229783736169338226e-03 2.193273045122623444e-02 1.167958718724548817e-03 2.334118634462356567e-02 3.855904564261436462e-02 1.195223443210124969e-02 2.881704084575176239e-02 6.459356751292943954e-03 1.896637404570356011e-04 1.742697204463183880e-03 4.721035063266754150e-02 3.124389797449111938e-02 1.211037561297416687e-01 5.893549323081970215e-02 3.700109897181391716e-03 2.743152342736721039e-02 1.086777821183204651e-02 4.133757203817367554e-02 3.749988228082656860e-02 8.258958347141742706e-03 1.829921454191207886e-02 1.512134913355112076e-02 1.902202260680496693e-03 1.457187626510858536e-02 3.343470767140388489e-02 7.024688273668289185e-02 1.387403532862663269e-02 4.921309184283018112e-03 2.727983053773641586e-03 7.197301019914448261e-04 2.033817172050476074e-01 1.150379255414009094e-01 3.104655630886554718e-02 5.893308669328689575e-02 2.672105096280574799e-02 4.298954736441373825e-03 1.603374443948268890e-02 3.874665126204490662e-02 4.075346887111663818e-02 1.965958625078201294e-02 4.496610537171363831e-02 5.215772986412048340e-02 7.874938310123980045e-04 1.108844671398401260e-02 4.780770465731620789e-02 5.030977353453636169e-02 2.015511132776737213e-02 3.627867670729756355e-03 3.026969544589519501e-02 1.882287207990884781e-03 1.772858761250972748e-02 2.926743123680353165e-03 5.660315603017807007e-02 5.445071682333946228e-02 2.010998129844665527e-02 1.982094161212444305e-02 2.944203652441501617e-02 6.255439668893814087e-02 3.143025189638137817e-02 2.858817018568515778e-02 6.761521566659212112e-03 1.082775928080081940e-02 2.001284249126911163e-02 1.363167166709899902e-02 8.875501342117786407e-03 7.719889981672167778e-04 2.023048885166645050e-02 7.989630685187876225e-04 3.627220913767814636e-02 2.165163867175579071e-02 1.402169838547706604e-02 3.261060640215873718e-02 1.062231138348579407e-02 1.133868098258972168e-02 3.023390285670757294e-02 7.562126498669385910e-03 3.729497268795967102e-02 2.777045406401157379e-02 9.140767157077789307e-02 1.174687873572111130e-02 1.526032239198684692e-01 6.577783077955245972e-02
4.996433481574058533e-02 2.264886535704135895e-02 1.023818645626306534e-02 3.778435662388801575e-02 1.447342429310083389e-02 8.219381421804428101e-02 7.996643334627151489e-02 1.302809175103902817e-02 6.965062022209167480e-02 2.247378043830394745e-02 1.839300431311130524e-02 2.377466410398483276e-01 1.916005276143550873e-02 2.524946928024291992e-01 1.634490676224231720e-02 8.478448726236820221e-03 3.441681712865829468e-02 6.840622518211603165e-03 2.942197211086750031e-02 9.924883022904396057e-03 1.025275047868490219e-02 4.995721857994794846e-03 8.396479487419128418e-02 7.443446666002273560e-02 2.167087607085704803e-02 4.214168060570955276e-03 1.374020054936408997e-02 1.034111529588699341e-01 3.000382892787456512e-02 4.810304194688796997e-02 2.174828946590423584e-02 3.673107130452990532e-03 4.344017431139945984e-02 1.359694451093673706e-02 1.344271819107234478e-03 1.045325398445129395e-02 5.625903606414794922e-03 6.815544795244932175e-03 2.120130136609077454e-02 1.097424421459436417e-02 1.055682078003883362e-02 1.393631845712661743e-02 2.786654420197010040e-02 6.207913625985383987e-03 1.106914877891540527e-01 9.392685443162918091e-02 7.167911529541015625e-02 4.560840502381324768e-02 6.467204540967941284e-02 4.566639289259910583e-02 4.812556505203247070e-02 3.843259066343307495e-02 8.128751069307327271e-03 1.755476184189319611e-02 2.605201490223407745e-02 3.697974607348442078e-02 6.816070526838302612e-03 2.979638229589909315e-04 3.088284656405448914e-02 1.123025547713041306e-02 1.642544288188219070e-03 1.098353229463100433e-02 5.470659583806991577e-03 2.131512761116027832e-02 5.368285253643989563e-02 3.779509663581848145e-02 3.677281737327575684e-02 3.158032521605491638e-02 1.167316082864999771e-02 1.446752343326807022e-02 3.092028945684432983e-02 3.453707322478294373e-03 1.002952456474304199e-02 9.856040589511394501e-03 2.448168955743312836e-02 1.187936123460531235e-02 2.957692183554172516e-02 7.165692746639251709e-02 7.993470877408981323e-02 2.867091214284300804e-03 1.494371611624956131e-02 3.106322139501571655e-02 2.260898053646087646e-02 3.109615063294768333e-03 6.099274381995201111e-02 5.118925496935844421e-02 1.241747569292783737e-02 4.130597226321697235e-04 6.416049599647521973e-02 2.318709343671798706e-02 1.724353618919849396e-02 1.643215864896774292e-02 2.358959242701530457e-02 3.433287609368562698e-03 1.330637838691473007e-02 1.105033420026302338e-02 7.660114206373691559e-03 3.349453210830688477e-03 6.213636603206396103e-03 2.737301692832261324e-04 4.045786708593368530e-02 1.397653203457593918e-02 8.560503832995891571e-03 2.325256168842315674e-02 5.514094140380620956e-03 5.106136202812194824e-03 3.321840893477201462e-03 1.363041251897811890e-02 1.659193262457847595e-02 1.897603832185268402e-02 2.302659116685390472e-02 4.610221087932586670e-02 2.961436286568641663e-02 2.708742395043373108e-04 2.656815201044082642e-02 6.244193390011787415e-02
1.207581236958503723e-01 2.179671674966812134e-01 2.747729420661926270e-02 4.062202945351600647e-02 2.822130732238292694e-02 8.186177164316177368e-02 1.128135994076728821e-01 2.005621232092380524e-02 1.243525557219982147e-02 1.000941731035709381e-03 2.129939645528793335e-01 1.916005276143550873e-02 3.126790523529052734e-01 2.739834412932395935e-02 7.351480424404144287e-02 2.359076170250773430e-03 3.815423324704170227e-02 3.038307465612888336e-02 2.094414830207824707e-02 1.818650774657726288e-02 1.873515173792839050e-02 6.300667673349380493e-02 1.207196060568094254e-02 1.739060319960117340e-02 3.771795704960823059e-02 4.638581071048974991e-03 3.622777014970779419e-02 4.282889887690544128e-02 6.314779818058013916e-02 1.534848008304834366e-02 1.915610581636428833e-02 4.498624429106712341e-02 3.041744232177734375e-02 3.771241754293441772e-02 6.584111135452985764e-03 3.736426681280136108e-02 7.992697879672050476e-03 2.550398744642734528e-02 3.742995113134384155e-02 4.317053034901618958e-02 2.781061455607414246e-03 7.069483981467783451e-04 3.072688169777393341e-02 6.245377939194440842e-03 4.373006150126457214e-02 4.923911020159721375e-02 6.574866920709609985e-02 8.197225630283355713e-02 2.709269290789961815e-03 7.378021720796823502e-03 3.695032000541687012e-02 2.723457291722297668e-02 4.593980032950639725e-03 2.938626334071159363e-02 9.277755022048950195e-02 1.842664182186126709e-02 1.416246406733989716e-02 5.016720853745937347e-03 5.588857922703027725e-03 2.324184589087963104e-02 1.840439252555370331e-02 2.597868442535400391e-02 2.505840174853801727e-02 2.860789559781551361e-02 8.924601972103118896e-02 1.141519472002983093e-01 9.150118567049503326e-03 6.260244548320770264e-02 2.092767506837844849e-02 4.134010896086692810e-02 1.500118151307106018e-02 8.258023858070373535e-02 3.952337894588708878e-03 3.207838162779808044e-02 9.632716886699199677e-03 4.300469532608985901e-02 6.485616904683411121e-04 4.905314650386571884e-03 1.284340955317020416e-02 2.775215543806552887e-02 4.238295368850231171e-03 4.787425044924020767e-03 1.909888163208961487e-02 4.113183356821537018e-03 1.312125846743583679e-02 3.059914102777838707e-03 9.458743780851364136e-02 8.973875641822814941e-02 1.657532155513763428e-02 6.213589012622833252e-02 6.757435202598571777e-02 5.500138923525810242e-02 2.632114477455615997e-02 8.692449331283569336e-02 1.087304670363664627e-02 1.378344465047121048e-02 2.466955222189426422e-02 8.315055072307586670e-02 1.863598451018333435e-02 1.003735885024070740e-02 1.317400950938463211e-02 5.256263539195060730e-02 1.438704552128911018e-03 5.159557983279228210e-02 1.468848809599876404e-02 1.878723502159118652e-02 2.440852299332618713e-02 2.187617495656013489e-02 2.604251913726329803e-02 6.822278350591659546e-02 1.528736762702465057e-02 4.645096138119697571e-03 1.150222681462764740e-02 8.861404843628406525e-03 1.829382590949535370e-02 3.604336455464363098e-02
