1.137960776686668396e-01 1.878975629806518555e-01 1.321064308285713196e-02 3.364114835858345032e-02 2.130296267569065094e-02 7.799833267927169800e-02 9.961356222629547119e-02 4.287353530526161194e-02 2.612807042896747589e-02 2.146385610103607178e-02 9.854555875062942505e-02 7.823908329010009766e-02 8.251052349805831909e-02 8.629328757524490356e-02 4.132944345474243164e-02 3.300510346889495850e-02 3.604638203978538513e-02 5.311726033687591553e-02 4.943388979882001877e-03 2.172334352508187294e-03 3.988217096775770187e-03 1.869363151490688324e-02 7.633401453495025635e-02 3.829255700111389160e-02 3.151334077119827271e-02 4.434420913457870483e-02 8.530870079994201660e-03 6.838055700063705444e-02 1.196646876633167267e-02 7.187870144844055176e-02 3.191849449649453163e-03 1.785006187856197357e-02 5.170573666691780090e-02 1.560628041625022888e-02 2.029722183942794800e-02 2.605249732732772827e-02 3.197022899985313416e-02 1.285579800605773926e-02 3.262398240622133017e-04 2.866668440401554108e-02 5.744599178433418274e-02 2.191553264856338501e-02 5.947053804993629456e-02 3.406544029712677002e-02 2.831106446683406830e-02 3.316210210323333740e-02 3.396541625261306763e-02 2.793319290503859520e-03 7.199493236839771271e-03 2.929137460887432098e-02 2.504548057913780212e-02 5.856924224644899368e-03 4.356312006711959839e-02 1.150932349264621735e-02 1.181675307452678680e-02 3.709854930639266968e-02 3.310910984873771667e-02 4.257065709680318832e-03 4.727154597640037537e-02 1.324998959898948669e-02 5.519067868590354919e-02 3.658937290310859680e-02 3.664079681038856506e-02 6.131584756076335907e-03 3.276088833808898926e-02 4.309922456741333008e-03 3.304180130362510681e-02 2.713414840400218964e-02 8.264459669589996338e-02 8.833058178424835205e-03 5.156728252768516541e-02 2.553897537291049957e-02 3.840629383921623230e-02 5.771327763795852661e-03 2.262053452432155609e-02 1.144643314182758331e-02 1.394594000885263085e-04 3.304762765765190125e-02 1.691365987062454224e-02 1.285283546894788742e-02 1.394930109381675720e-02 3.981688991189002991e-02 1.803320646286010742e-02 1.520747505128383636e-02 3.928764164447784424e-02 8.817678317427635193e-03 4.304709658026695251e-02 1.776451058685779572e-02 4.650445654988288879e-02 1.485400274395942688e-02 5.069436505436897278e-02 5.792472045868635178e-03 4.197356477379798889e-02 6.255349610000848770e-03 7.430082559585571289e-02 7.863024622201919556e-02 2.945583499968051910e-02 4.711039736866950989e-02 3.403682028874754906e-03 9.891942143440246582e-03 1.738815917633473873e-03 8.223397657275199890e-03 7.696024607867002487e-03 1.678783260285854340e-02 1.889314502477645874e-02 6.368787027895450592e-03 1.508765947073698044e-02 6.742148194462060928e-03 1.721139880828559399e-03 4.406275227665901184e-02 4.306918382644653320e-02 8.245070464909076691e-03 2.310211857547983527e-04 3.321874886751174927e-02 1.918155932798981667e-03 1.408567279577255249e-02
1.878975629806518555e-01 7.028594613075256348e-02 3.522095829248428345e-02 5.267079547047615051e-02 6.890733260661363602e-03 4.396319855004549026e-03 9.007258713245391846e-02 5.908588878810405731e-03 7.217585807666182518e-04 4.506956413388252258e-02 8.934499323368072510e-02 6.801223009824752808e-02 1.146032363176345825e-01 1.046546250581741333e-01 2.640227321535348892e-03 1.151096308603882790e-03 2.148880809545516968e-02 2.984796185046434402e-03 1.293519698083400726e-02 2.106918580830097198e-02 2.547802217304706573e-02 2.512766793370246887e-02 5.498938262462615967e-02 5.792950093746185303e-02 2.868525683879852295e-02 5.622767843306064606e-03 2.393046021461486816e-02 3.550149500370025635e-02 1.075065042823553085e-02 5.266635864973068237e-02 1.635407283902168274e-02 7.587944623082876205e-03 5.950367823243141174e-02 1.702293055132031441e-03 9.333052672445774078e-03 3.984158113598823547e-02 8.507850021123886108e-02 1.802859478630125523e-03 7.169883232563734055e-03 5.355370789766311646e-02 1.391068100929260254e-03 3.751900792121887207e-02 9.168550372123718262e-03 1.186533644795417786e-02 3.414573520421981812e-02 5.262831225991249084e-02 1.433617807924747467e-02 3.738651052117347717e-02 3.435699502006173134e-03 2.585369534790515900e-02 1.771710813045501709e-02 1.517921127378940582e-02 1.567316614091396332e-02 2.045309543609619141e-02 3.267240524291992188e-02 6.698577199131250381e-03 1.005806308239698410e-02 1.307797897607088089e-02 4.116809368133544922e-02 1.116922870278358459e-02 1.830508932471275330e-02 3.611813858151435852e-02 1.189117319881916046e-02 4.198975861072540283e-02 2.863005734980106354e-02 9.948386810719966888e-03 7.002842146903276443e-03 1.294003520160913467e-02 4.951930604875087738e-03 4.689802601933479309e-02 1.990210637450218201e-02 1.217827014625072479e-02 4.665670916438102722e-02 2.312389574944972992e-02 3.050125576555728912e-02 1.044334564357995987e-02 5.168526619672775269e-02 2.095724269747734070e-02 8.689609915018081665e-02 8.790431544184684753e-03 1.694220490753650665e-02 3.471936285495758057e-02 1.516012661159038544e-02 6.911662220954895020e-02 1.251892838627099991e-02 4.066680371761322021e-02 4.699657671153545380e-03 2.720608375966548920e-02 7.564094383269548416e-03 4.058615490794181824e-02 5.420010164380073547e-02 2.393962070345878601e-02 4.297854378819465637e-02 3.417663509026169777e-03 1.003043353557586670e-01 6.712049245834350586e-02 1.281446311622858047e-02 1.537038851529359818e-02 1.098031643778085709e-02 1.228594128042459488e-02 5.096883396618068218e-04 7.312307134270668030e-03 1.049431134015321732e-02 4.668128862977027893e-02 9.668339043855667114e-03 2.341964049264788628e-03 3.478482365608215332e-02 1.611909270286560059e-02 2.401695959270000458e-02 3.682888671755790710e-02 4.405017942190170288e-02 7.643728982657194138e-03 2.148143714293837547e-03 3.483553975820541382e-02 1.195353176444768906e-02 2.396520972251892090e-02
1.321064308285713196e-02 3.522095829248428345e-02 2.449180558323860168e-02 1.787631958723068237e-02 1.776167307980358601e-03 2.470210893079638481e-03 1.195898745208978653e-02 2.897586114704608917e-02 5.806223023682832718e-03 1.329012066125869751e-01 1.981691643595695496e-02 2.680430933833122253e-02 6.890627741813659668e-02 1.233028899878263474e-02 1.629868755117058754e-03 3.070402145385742188e-02 1.889983937144279480e-02 1.146560758352279663e-01 3.281434252858161926e-02 1.823743921704590321e-03 3.848467604257166386e-04 5.743939802050590515e-02 6.250670179724693298e-03 2.536692656576633453e-02 4.700568970292806625e-03 8.408891037106513977e-03 8.367351442575454712e-02 4.407745599746704102e-02 4.347996041178703308e-02 3.274310147389769554e-03 1.721175387501716614e-02 2.294636704027652740e-02 1.383511871099472046e-01 8.177885902114212513e-04 3.146025910973548889e-02 6.020765751600265503e-02 6.490375101566314697e-02 5.356763675808906555e-02 4.772340133786201477e-02 2.054327540099620819e-02 2.815703488886356354e-02 3.658438473939895630e-02 1.243651844561100006e-02 3.672140091657638550e-02 5.389322340488433838e-02 2.140346542000770569e-02 5.375225469470024109e-02 5.532810930162668228e-03 1.142986193299293518e-01 1.131508965045213699e-02 7.824221998453140259e-02 1.085257753729820251e-01 8.360117673873901367e-02 1.703795627690851688e-03 4.964580386877059937e-02 6.622096523642539978e-03 4.709191247820854187e-02 2.432146109640598297e-02 5.379800125956535339e-02 2.624733746051788330e-02 5.494542419910430908e-02 1.520827598869800568e-02 2.384238503873348236e-02 4.757691919803619385e-02 3.087921440601348877e-02 2.338514663279056549e-02 4.490222316235303879e-03 4.423882812261581421e-02 6.841871887445449829e-02 2.335753478109836578e-02 1.873813867568969727e-01 5.070304870605468750e-02 1.604109257459640503e-02 2.157386625185608864e-03 6.715393066406250000e-02 1.317930966615676880e-02 9.089292027056217194e-03 8.916955441236495972e-02 9.344975464046001434e-03 8.269388228654861450e-02 1.929997503757476807e-01 3.814624249935150146e-02 7.482491433620452881e-02 9.516839683055877686e-02 5.487894639372825623e-02 4.359028860926628113e-02 4.275241866707801819e-02 2.857471071183681488e-02 3.810372203588485718e-02 3.817003220319747925e-02 1.277900300920009613e-03 1.807819306850433350e-02 2.119123749434947968e-02 2.368339151144027710e-02 7.312907278537750244e-02 1.032484974712133408e-02 1.791302487254142761e-02 5.016044899821281433e-02 7.162134349346160889e-02 3.154229000210762024e-02 5.691553279757499695e-02 3.519778326153755188e-02 1.809473708271980286e-02 5.653425306081771851e-02 1.594195328652858734e-02 1.254370994865894318e-02 1.358631253242492676e-01 4.357464239001274109e-02 4.065520688891410828e-02 3.517891466617584229e-02 1.300915377214550972e-03 3.452439233660697937e-02 3.457109257578849792e-02 4.675503447651863098e-02 2.653571777045726776e-02 2.879271283745765686e-02
3.364114835858345032e-02 5.267079547047615051e-02 1.787631958723068237e-02 1.219744309782981873e-01 2.471371442079544067e-01 2.056183479726314545e-02 2.931073494255542755e-02 2.921426482498645782e-02 3.348478302359580994e-02 3.827726840972900391e-02 2.837228123098611832e-03 6.105965469032526016e-03 6.695844698697328568e-03 8.015872910618782043e-03 7.521137595176696777e-03 8.406706154346466064e-02 2.365943975746631622e-02 4.519550129771232605e-02 9.321738034486770630e-02 4.558245465159416199e-02 7.182625681161880493e-02 1.108006611466407776e-01 4.220218211412429810e-02 3.083505481481552124e-02 1.861955597996711731e-02 5.554165691137313843e-02 6.685987114906311035e-02 3.842675685882568359e-02 2.785493060946464539e-02 6.418389827013015747e-02 5.469801649451255798e-02 9.699479676783084869e-03 4.876807332038879395e-02 2.753730863332748413e-02 2.013814076781272888e-02 5.720672756433486938e-02 1.708666980266571045e-02 3.547245264053344727e-02 1.038887500762939453e-01 1.427285373210906982e-01 6.087208911776542664e-02 4.978613182902336121e-02 1.630614884197711945e-02 2.124877274036407471e-02 4.055248200893402100e-02 2.115293755196034908e-04 2.119549922645092010e-02 2.691993489861488342e-02 4.464375786483287811e-03 1.998238498345017433e-03 2.344495803117752075e-02 2.657483518123626709e-02 1.784525439143180847e-02 1.069532823748886585e-03 9.363803081214427948e-03 6.652919948101043701e-02 4.093938041478395462e-03 8.240977302193641663e-03 4.215264320373535156e-02 6.423120945692062378e-02 5.797566100955009460e-02 7.240472733974456787e-02 1.104917004704475403e-01 2.292724139988422394e-02 2.820716984570026398e-02 8.507993072271347046e-03 1.081140059977769852e-02 5.356900021433830261e-02 4.908553510904312134e-02 4.513473715633153915e-03 4.763622581958770752e-02 3.981066122651100159e-02 1.447361856698989868e-01 3.167683258652687073e-02 1.230611428618431091e-01 2.785043604671955109e-02 7.789040356874465942e-02 1.378833781927824020e-02 4.743323102593421936e-02 3.665229305624961853e-03 3.357492014765739441e-02 1.705984771251678467e-02 1.343840807676315308e-01 7.140306755900382996e-03 1.229183655232191086e-02 3.719224780797958374e-02 3.364111110568046570e-02 3.246278688311576843e-02 3.386337310075759888e-02 1.915030553936958313e-02 4.858297482132911682e-02 3.388182818889617920e-02 4.837470129132270813e-02 1.688076928257942200e-02 1.241673380136489868e-01 9.031639248132705688e-02 1.798474043607711792e-02 8.527344465255737305e-02 4.629583656787872314e-02 1.856184378266334534e-02 2.966435067355632782e-02 1.519707869738340378e-02 3.369100764393806458e-02 9.522081352770328522e-03 3.922110050916671753e-02 5.544203892350196838e-02 4.077407717704772949e-02 6.692062318325042725e-02 1.578070595860481262e-02 6.776626408100128174e-02 3.817842900753021240e-02 1.376501657068729401e-02 2.105049230158329010e-02 3.287672251462936401e-02 1.032319292426109314e-01 1.434297300875186920e-04
2.130296267569065094e-02 6.890733260661363602e-03 1.776167307980358601e-03 2.471371442079544067e-01 1.084243953227996826e-01 4.300753399729728699e-02 3.625734522938728333e-02 2.432467229664325714e-02 4.813132807612419128e-02 1.711039617657661438e-02 4.924985580146312714e-03 3.730241581797599792e-02 2.286569215357303619e-02 5.805536173284053802e-03 2.456423826515674591e-02 2.805119194090366364e-02 1.909022033214569092e-02 4.973170161247253418e-02 8.862457424402236938e-02 2.172164060175418854e-02 6.218147650361061096e-02 1.038286611437797546e-01 2.927169948816299438e-02 2.064270712435245514e-02 2.014945202972739935e-04 3.306001797318458557e-02 3.039099834859371185e-02 6.417972594499588013e-02 5.005416274070739746e-02 1.650924235582351685e-02 1.442895643413066864e-02 1.490587834268808365e-02 5.408421158790588379e-02 8.463494479656219482e-03 1.161945168860256672e-03 4.300670232623815536e-03 2.890999242663383484e-02 2.170714735984802246e-02 1.062977239489555359e-01 1.155182868242263794e-01 3.824936971068382263e-02 3.728507086634635925e-02 2.289676852524280548e-02 5.522041395306587219e-02 2.164542861282825470e-02 3.192249312996864319e-02 8.847489021718502045e-03 4.552684351801872253e-02 2.106508426368236542e-02 4.796522855758666992e-02 2.130007930099964142e-02 3.146967291831970215e-02 2.259344421327114105e-02 4.026984050869941711e-02 3.679196909070014954e-02 3.362825512886047363e-02 4.382615908980369568e-03 5.561070889234542847e-02 3.713271766901016235e-02 6.623703241348266602e-02 5.587803944945335388e-02 8.827345073223114014e-02 8.147610723972320557e-02 3.011577529832720757e-03 1.268957834690809250e-02 2.382826246321201324e-02 2.037281543016433716e-02 4.411967098712921143e-02 4.536476358771324158e-02 1.096410560421645641e-03 1.593599840998649597e-02 6.659156829118728638e-02 9.847301989793777466e-02 4.534919932484626770e-02 8.321222662925720215e-02 2.477687550708651543e-03 1.464182324707508087e-02 4.484437406063079834e-02 4.806175082921981812e-02 2.250283583998680115e-02 1.655096746981143951e-02 2.358329482376575470e-02 8.201742917299270630e-02 5.830700322985649109e-02 2.908098697662353516e-02 2.471159398555755615e-02 4.081946238875389099e-02 9.042193181812763214e-03 5.391785129904747009e-02 1.716639101505279541e-02 3.765946254134178162e-02 1.730904914438724518e-02 3.327400237321853638e-02 2.549239248037338257e-02 7.344157993793487549e-02 7.643090188503265381e-02 2.794051077216863632e-03 7.642782479524612427e-02 1.207388285547494888e-02 2.770134061574935913e-02 4.014719277620315552e-02 5.118558183312416077e-02 3.775936737656593323e-02 8.712034323252737522e-04 8.656120859086513519e-03 1.632311940193176270e-02 6.993961334228515625e-02 7.337459921836853027e-02 3.599790111184120178e-02 7.939697057008743286e-02 3.255720809102058411e-02 6.277700886130332947e-03 9.911602362990379333e-03 2.349593676626682281e-02 1.044159308075904846e-01 1.778280478902161121e-03
7.799833267927169800e-02 4.396319855004549026e-03 2.470210893079638481e-03 2.056183479726314545e-02 4.300753399729728699e-02 9.411134570837020874e-02 2.573549449443817139e-01 1.196938846260309219e-02 8.274258114397525787e-03 4.791155084967613220e-02 6.334356218576431274e-02 1.459987014532089233e-01 5.746745690703392029e-02 8.596567809581756592e-02 3.358609601855278015e-02 4.790103435516357422e-02 8.087430149316787720e-02 7.852242328226566315e-03 2.445382252335548401e-02 7.357617141678929329e-04 6.192972511053085327e-02 7.897987961769104004e-04 4.232911765575408936e-02 1.123617589473724365e-02 2.107104659080505371e-02 1.596570760011672974e-02 4.278320446610450745e-02 8.930823951959609985e-02 3.259765729308128357e-02 5.063670873641967773e-02 1.387948729097843170e-02 2.175197750329971313e-02 3.720372542738914490e-02 4.973268136382102966e-02 1.485669985413551331e-02 4.461238905787467957e-02 6.007637828588485718e-02 5.479560419917106628e-02 2.915282500907778740e-03 2.218976244330406189e-02 2.370260469615459442e-02 1.372918114066123962e-02 1.853147707879543304e-02 1.829535351134836674e-03 8.963604271411895752e-02 6.985684484243392944e-02 1.275545805692672729e-01 1.112305372953414917e-01 6.521898508071899414e-02 8.087521418929100037e-03 2.813651040196418762e-02 3.816271899268031120e-03 5.596365313977003098e-03 1.766885630786418915e-02 2.812057035043835640e-03 1.771925576031208038e-02 2.186358533799648285e-02 9.210272692143917084e-03 3.184686973690986633e-02 2.036968246102333069e-02 7.815741002559661865e-03 1.873577013611793518e-02 6.263715215027332306e-03 2.347244508564472198e-02 4.617541097104549408e-03 3.763252496719360352e-02 1.761054806411266327e-02 5.512878298759460449e-02 8.041882514953613281e-02 6.082455068826675415e-02 8.997098542749881744e-03 3.919806703925132751e-02 6.579454522579908371e-03 1.004099659621715546e-02 4.033049568533897400e-02 3.808713331818580627e-02 7.799781113862991333e-02 7.458367943763732910e-02 6.724420003592967987e-03 3.811156377196311951e-02 1.808404549956321716e-02 5.544884502887725830e-02 4.555731639266014099e-02 5.321201309561729431e-02 1.730501069687306881e-03 1.931057497859001160e-02 3.392077982425689697e-02 2.936360053718090057e-02 2.073477953672409058e-02 3.929538652300834656e-02 2.135118236765265465e-03 5.736928060650825500e-02 2.864380180835723877e-02 6.798638962209224701e-03 1.630745641887187958e-02 5.585987120866775513e-02 2.436882257461547852e-02 8.569963276386260986e-03 2.870516106486320496e-02 4.728519171476364136e-02 7.489607203751802444e-03 1.987849175930023193e-02 3.858559066429734230e-03 4.490645602345466614e-02 1.920301839709281921e-02 1.726133935153484344e-02 1.413377001881599426e-02 3.870977833867073059e-02 1.218415144830942154e-02 1.908611040562391281e-03 1.912919431924819946e-02 1.499987114220857620e-02 5.014932155609130859e-02 1.965004205703735352e-02 3.838545829057693481e-02 3.012004308402538300e-02
9.961356222629547119e-02 9.007258713245391846e-02 1.195898745208978653e-02 2.931073494255542755e-02 3.625734522938728333e-02 2.573549449443817139e-01 1.442480385303497314e-01 3.300823271274566650e-02 2.570028975605964661e-02 8.337569981813430786e-02 2.974144183099269867e-02 1.609518975019454956e-01 4.986948147416114807e-02 1.923475116491317749e-01 2.321755141019821167e-02 2.224345505237579346e-02 6.313358247280120850e-02 2.449203166179358959e-04 1.180459465831518173e-02 1.001399569213390350e-02 1.541427988559007645e-02 4.524000361561775208e-02 7.375694811344146729e-02 4.615410417318344116e-02 2.341645024716854095e-02 4.883218184113502502e-02 1.902098022401332855e-02 4.292917996644973755e-02 5.159999057650566101e-02 6.189570948481559753e-02 8.340858854353427887e-03 2.825841866433620453e-02 9.441120922565460205e-02 2.682849299162626266e-04 3.224913403391838074e-02 6.006376072764396667e-02 2.010709140449762344e-03 4.084714222699403763e-03 4.960650578141212463e-02 1.569512672722339630e-02 1.134536042809486389e-02 4.089584574103355408e-02 4.024009406566619873e-02 2.944747358560562134e-02 2.750399149954319000e-02 2.357049286365509033e-02 1.503981351852416992e-01 1.457093060016632080e-01 1.025509275496006012e-02 1.257384847849607468e-02 1.828528009355068207e-02 3.685837844386696815e-03 4.429359734058380127e-02 4.051209613680839539e-02 4.162362962961196899e-02 2.415347658097743988e-02 4.856764152646064758e-02 3.687357902526855469e-02 2.615457586944103241e-02 7.820284226909279823e-04 4.396219551563262939e-02 2.689381130039691925e-03 9.307095780968666077e-03 7.019478827714920044e-03 1.985945552587509155e-02 4.106475412845611572e-02 4.874432832002639771e-02 1.499487552791833878e-02 2.384238876402378082e-02 2.527101023588329554e-04 7.442631572484970093e-02 2.936041355133056641e-02 5.403916537761688232e-02 4.131031222641468048e-03 6.808124482631683350e-03 1.094144396483898163e-02 2.621858939528465271e-02 5.793389305472373962e-02 4.104653745889663696e-02 2.455505542457103729e-02 4.895513132214546204e-02 3.161174943670630455e-03 3.899855166673660278e-02 1.172993518412113190e-02 5.697386339306831360e-03 1.853371225297451019e-02 2.048445679247379303e-02 3.302349150180816650e-02 5.781303718686103821e-02 8.466404862701892853e-03 4.899907857179641724e-02 1.847364939749240875e-02 9.462381899356842041e-02 2.169450558722019196e-02 3.599287942051887512e-02 3.933103382587432861e-02 1.013163360767066479e-03 7.704591844230890274e-03 3.235011175274848938e-02 3.182734549045562744e-02 5.703569203615188599e-02 3.246269188821315765e-03 1.204087864607572556e-02 1.965394057333469391e-02 3.142992034554481506e-02 1.027535740286111832e-02 3.658138960599899292e-02 3.099374100565910339e-02 4.956723190844058990e-03 4.163485392928123474e-02 5.676396936178207397e-02 2.262058854103088379e-02 2.772060781717300415e-02 2.116727270185947418e-02 1.688690856099128723e-02 7.842949591577053070e-03
4.287353530526161194e-02 5.908588878810405731e-03 2.897586114704608917e-02 2.921426482498645782e-02 2.432467229664325714e-02 1.196938846260309219e-02 3.300823271274566650e-02 4.596241936087608337e-02 2.185177430510520935e-02 1.213780883699655533e-02 2.466684021055698395e-02 2.870273590087890625e-02 6.981679052114486694e-02 9.371651336550712585e-03 2.229059487581253052e-01 5.023057013750076294e-02 1.135096233338117599e-02 5.444531142711639404e-02 1.210030019283294678e-01 2.924836985766887665e-02 6.147755309939384460e-02 4.692847281694412231e-02 4.501860961318016052e-02 4.096970334649085999e-02 3.394358232617378235e-02 1.408902811817824841e-03 8.669408410787582397e-02 5.742380023002624512e-02 7.602258119732141495e-04 6.680553406476974487e-02 6.487800925970077515e-02 2.267467044293880463e-02 6.154167000204324722e-03 3.711235523223876953e-02 2.957086265087127686e-02 2.068424597382545471e-02 2.256686985492706299e-02 3.925716131925582886e-02 5.870298296213150024e-02 4.308873787522315979e-02 4.106258973479270935e-02 3.607922047376632690e-02 1.093031559139490128e-02 1.816338300704956055e-02 3.471335768699645996e-02 4.164212569594383240e-02 3.205127641558647156e-02 1.075727213174104691e-02 2.040583267807960510e-02 6.012073159217834473e-02 3.847897052764892578e-02 2.459485828876495361e-02 9.394849650561809540e-03 1.857728697359561920e-02 3.834264352917671204e-02 4.932783544063568115e-02 4.561286792159080505e-02 3.555214032530784607e-02 9.601214900612831116e-03 2.210892178118228912e-02 6.250482797622680664e-02 4.463938623666763306e-02 4.051446449011564255e-03 5.191518366336822510e-02 6.234284862875938416e-02 2.300419611856341362e-03 3.755411505699157715e-02 2.865873277187347412e-02 4.268968477845191956e-04 3.402594849467277527e-02 3.953583911061286926e-02 1.012191083282232285e-02 2.555057220160961151e-02 3.560100495815277100e-02 3.936018794775009155e-02 1.094385050237178802e-02 3.286762628704309464e-03 1.487293187528848648e-02 1.638635806739330292e-02 2.752221003174781799e-02 1.328207850456237793e-01 8.492308109998703003e-02 3.287743777036666870e-02 1.482599079608917236e-01 5.879908334463834763e-03 4.783130064606666565e-02 1.021217852830886841e-01 6.007642298936843872e-02 1.797815971076488495e-02 8.738485164940357208e-03 3.383512422442436218e-02 3.768290579319000244e-02 1.706974580883979797e-03 4.967031627893447876e-02 3.241654857993125916e-02 9.147288277745246887e-03 9.396145120263099670e-03 1.016234755516052246e-01 2.069302089512348175e-02 5.567584931850433350e-02 4.149132408201694489e-03 1.743034645915031433e-02 1.366746379062533379e-03 1.575209572911262512e-02 4.802571237087249756e-02 3.964451700448989868e-02 2.477362751960754395e-02 9.699643589556217194e-03 3.337942063808441162e-02 1.325474306941032410e-02 3.272062540054321289e-02 3.485389752313494682e-03 2.871335856616497040e-02 8.317758142948150635e-02 1.830249279737472534e-02 5.753489583730697632e-02
2.612807042896747589e-02 7.217585807666182518e-04 5.806223023682832718e-03 3.348478302359580994e-02 4.813132807612419128e-02 8.274258114397525787e-03 2.570028975605964661e-02 2.185177430510520935e-02 8.738365024328231812e-02 1.230613812804222107e-01 6.117286160588264465e-03 3.793866187334060669e-02 2.741145715117454529e-02 1.661919616162776947e-02 4.588568955659866333e-02 4.884476214647293091e-02 3.114675357937812805e-02 1.987099796533584595e-01 3.890303894877433777e-02 2.179994806647300720e-02 5.587300285696983337e-02 2.278874814510345459e-02 6.410854402929544449e-03 4.325319454073905945e-02 5.979862529784440994e-03 1.892411522567272186e-02 2.358495630323886871e-02 3.986165672540664673e-02 9.438373148441314697e-03 2.045957744121551514e-02 2.430180786177515984e-03 2.016516029834747314e-02 1.246637548319995403e-03 3.644102439284324646e-02 3.757734969258308411e-02 4.844653978943824768e-02 3.101338259875774384e-02 5.838392674922943115e-02 4.881032928824424744e-02 4.222654097247868776e-04 1.226469222456216812e-02 2.897845394909381866e-02 1.235243398696184158e-02 4.431055858731269836e-02 6.449260562658309937e-02 3.918680176138877869e-02 3.971056267619132996e-02 5.818187072873115540e-02 3.033452853560447693e-02 4.688640683889389038e-02 2.897948771715164185e-02 3.284601494669914246e-02 9.953664615750312805e-03 7.388748973608016968e-02 2.459668368101119995e-01 5.979533866047859192e-02 2.175923995673656464e-02 5.536944419145584106e-02 9.064110927283763885e-03 3.344885632395744324e-02 2.170635014772415161e-02 6.118688732385635376e-02 4.127807170152664185e-02 4.917012993246316910e-03 7.352689746767282486e-03 1.223563682287931442e-02 2.001867443323135376e-02 2.979002194479107857e-03 1.127086207270622253e-01 6.814767420291900635e-02 4.192884266376495361e-02 6.747594475746154785e-02 3.870914876461029053e-02 1.476984657347202301e-02 8.628258109092712402e-02 6.965446472167968750e-02 3.098683953285217285e-01 7.642997056245803833e-02 7.381241023540496826e-02 2.141665853559970856e-02 2.924265898764133453e-02 6.055156886577606201e-02 9.696240723133087158e-02 9.631890058517456055e-02 2.341965958476066589e-02 1.222409773617982864e-02 1.052512787282466888e-02 4.186115041375160217e-02 7.317243516445159912e-02 4.900714382529258728e-02 3.908948600292205811e-02 3.772328048944473267e-02 2.400777116417884827e-02 3.578160330653190613e-02 2.646740712225437164e-02 5.456596240401268005e-02 4.183689132332801819e-02 2.285464294254779816e-02 2.899167127907276154e-03 6.056141480803489685e-02 5.872568581253290176e-03 3.617373108863830566e-02 8.733537793159484863e-02 2.257723174989223480e-02 6.808527559041976929e-02 8.129751682281494141e-02 1.782974041998386383e-02 2.892053313553333282e-02 3.073203004896640778e-02 3.127286583185195923e-02 3.561982885003089905e-02 2.496223524212837219e-02 3.740473766811192036e-04 2.080548740923404694e-02 4.114394076168537140e-03 5.107432603836059570e-02
2.146385610103607178e-02 4.506956413388252258e-02 1.329012066125869751e-01 3.827726840972900391e-02 1.711039617657661438e-02 4.791155084967613220e-02 8.337569981813430786e-02 1.213780883699655533e-02 1.230613812804222107e-01 8.288502693176269531e-02 2.260171994566917419e-02 6.482514552772045135e-03 1.459145173430442810e-02 7.140081375837326050e-02 5.599494650959968567e-02 3.211588785052299500e-02 1.533422991633415222e-02 3.659171611070632935e-02 3.661593049764633179e-02 2.317585609853267670e-02 3.762786835432052612e-02 4.913858696818351746e-02 1.628049090504646301e-02 7.341982424259185791e-02 5.429336056113243103e-02 5.248327553272247314e-02 3.787384927272796631e-02 7.427098695188760757e-03 1.816844940185546875e-02 6.004984304308891296e-02 5.415804684162139893e-03 2.477342262864112854e-02 8.356159180402755737e-02 4.788527637720108032e-02 3.515755757689476013e-02 1.481463667005300522e-03 2.021970599889755249e-02 1.230593584477901459e-02 8.589310199022293091e-02 7.454976439476013184e-02 6.115925963968038559e-03 5.168923176825046539e-03 1.412491872906684875e-02 6.334849447011947632e-02 5.874329805374145508e-02 5.095133930444717407e-02 3.368225414305925369e-03 3.167626634240150452e-02 2.101479563862085342e-03 6.077110022306442261e-02 8.212656714022159576e-03 2.526959218084812164e-02 4.426605999469757080e-03 4.710339009761810303e-02 2.933174930512905121e-02 1.325838416814804077e-01 2.181090181693434715e-03 6.453624367713928223e-02 1.724571362137794495e-02 5.054170731455087662e-03 7.704908400774002075e-02 2.293859608471393585e-02 2.645717188715934753e-02 3.796033933758735657e-02 1.778408885002136230e-02 3.237500414252281189e-02 4.352734610438346863e-02 2.872948721051216125e-02 3.557399287819862366e-02 6.005234643816947937e-02 1.400324702262878418e-01 5.798911303281784058e-02 4.761312529444694519e-02 1.542352139949798584e-03 8.740647882223129272e-02 4.343510046601295471e-02 2.245399169623851776e-02 2.223286926746368408e-01 1.502052787691354752e-02 1.440039575099945068e-01 5.289049074053764343e-02 1.381651125848293304e-02 3.395179286599159241e-02 1.727224141359329224e-01 3.124061040580272675e-02 5.365513265132904053e-02 4.791787266731262207e-02 3.916485235095024109e-02 6.852833926677703857e-02 1.763902157545089722e-01 5.568875372409820557e-02 8.207504451274871826e-02 1.435572095215320587e-02 3.519587963819503784e-02 5.466798692941665649e-02 7.909780740737915039e-02 1.630650646984577179e-02 6.848896294832229614e-02 6.140810623764991760e-02 3.305776789784431458e-02 2.273099496960639954e-02 4.311420023441314697e-02 1.222318224608898163e-02 1.728920452296733856e-02 7.263644784688949585e-02 3.233287855982780457e-02 1.534115336835384369e-02 5.541634187102317810e-02 3.099608793854713440e-02 3.274586796760559082e-02 5.799994245171546936e-02 3.265219554305076599e-02 4.346039518713951111e-02 3.387275338172912598e-02 3.690022975206375122e-02 3.002816997468471527e-02
9.854555875062942505e-02 8.934499323368072510e-02 1.981691643595695496e-02 2.837228123098611832e-03 4.924985580146312714e-03 6.334356218576431274e-02 2.974144183099269867e-02 2.466684021055698395e-02 6.117286160588264465e-03 2.260171994566917419e-02 5.956770107150077820e-02 1.834110915660858154e-02 1.006004512310028076e-01 3.574194386601448059e-02 5.632832646369934082e-02 4.920275136828422546e-02 3.146386146545410156e-02 2.758931554853916168e-02 6.627026479691267014e-03 2.513034269213676453e-02 1.843399368226528168e-02 7.831944525241851807e-02 4.879269376397132874e-02 2.821307629346847534e-02 2.640973031520843506e-02 4.852690035477280617e-04 2.773001976311206818e-02 2.771630696952342987e-02 3.818930685520172119e-02 1.730885851429775357e-04 3.934093564748764038e-02 4.143944755196571350e-02 3.742813365533947945e-03 4.631223529577255249e-02 5.175309255719184875e-03 1.344285439699888229e-02 7.707790005952119827e-03 2.735502645373344421e-02 1.144607012975029647e-04 1.272818073630332947e-02 3.888756036758422852e-02 1.667634584009647369e-02 5.436908919364213943e-03 2.676991047337651253e-03 4.903789144009351730e-03 1.688221096992492676e-02 2.988437749445438385e-02 2.721442840993404388e-03 3.211438655853271484e-02 1.550202723592519760e-02 2.275022864341735840e-02 1.347135752439498901e-02 5.526694655418395996e-02 1.137172617018222809e-02 1.673366874456405640e-02 1.996458321809768677e-02 3.624612838029861450e-02 4.014641419053077698e-02 3.972671180963516235e-02 1.075818855315446854e-02 3.169925138354301453e-02 2.784115262329578400e-02 2.891493029892444611e-02 2.123087830841541290e-02 6.137356907129287720e-02 2.775308676064014435e-02 3.942709788680076599e-02 2.094431780278682709e-02 5.402094870805740356e-02 1.214213948696851730e-02 1.732339896261692047e-02 5.217501148581504822e-02 4.384803399443626404e-02 2.147522568702697754e-02 2.704491838812828064e-02 2.076443284749984741e-03 5.156398192048072815e-02 1.065335329622030258e-02 1.192372012883424759e-02 2.764659747481346130e-02 2.218671888113021851e-02 2.002319693565368652e-02 4.078394547104835510e-02 6.843015551567077637e-02 3.905611857771873474e-02 4.751937091350555420e-02 6.548491120338439941e-02 2.797164255753159523e-03 3.374633193016052246e-02 4.176096990704536438e-02 3.549022227525711060e-02 6.107514724135398865e-02 5.601448472589254379e-03 3.802915662527084351e-02 2.793945604935288429e-04 1.237746234983205795e-02 3.097273223102092743e-02 2.760593406856060028e-02 2.779238298535346985e-02 5.012453719973564148e-02 3.117985650897026062e-02 2.250031754374504089e-02 4.285921808332204819e-03 4.792584106326103210e-02 5.864965263754129410e-03 2.293123304843902588e-02 8.554477244615554810e-03 6.223175441846251488e-04 4.909341782331466675e-02 2.615294605493545532e-02 1.959891989827156067e-02 1.240160223096609116e-02 1.456819474697113037e-02 6.526085198856890202e-04 1.222105976194143295e-02 7.974206469953060150e-03
7.823908329010009766e-02 6.801223009824752808e-02 2.680430933833122253e-02 6.105965469032526016e-03 3.730241581797599792e-02 1.459987014532089233e-01 1.609518975019454956e-01 2.870273590087890625e-02 3.793866187334060669e-02 6.482514552772045135e-03 1.834110915660858154e-02 1.117266789078712463e-01 1.115485839545726776e-02 1.910531520843505859e-01 8.277706801891326904e-03 2.715584076941013336e-02 4.804568365216255188e-02 1.990961655974388123e-02 2.600079216063022614e-02 2.408264018595218658e-02 5.009910464286804199e-02 4.110835865139961243e-02 7.076384127140045166e-02 1.284592691808938980e-02 3.169988840818405151e-02 8.689695596694946289e-02 1.803454384207725525e-02 8.352199196815490723e-02 5.245902389287948608e-02 9.098475426435470581e-02 3.937079384922981262e-02 3.340162336826324463e-02 4.195126146078109741e-02 1.615988090634346008e-02 2.421537786722183228e-02 2.379348315298557281e-02 1.193133089691400528e-02 1.143989711999893188e-02 2.806960791349411011e-02 3.989825397729873657e-02 1.781234331429004669e-02 7.996432483196258545e-03 2.640054374933242798e-02 2.135967649519443512e-02 7.078260648995637894e-03 5.998178943991661072e-02 8.346291631460189819e-02 6.150667322799563408e-04 3.296263888478279114e-02 5.756049603223800659e-02 7.271537557244300842e-03 9.508213959634304047e-03 5.243350751698017120e-03 5.027821660041809082e-02 3.903748700395226479e-03 5.396724492311477661e-02 7.288406789302825928e-02 1.347616408020257950e-02 2.084880694746971130e-02 1.815232075750827789e-02 2.661117538809776306e-02 3.632957115769386292e-02 1.455914787948131561e-02 1.036770921200513840e-02 5.064198374748229980e-02 5.833028815686702728e-03 6.107574701309204102e-02 3.884368762373924255e-02 5.071842297911643982e-02 1.252547465264797211e-02 4.358000122010707855e-03 2.928887493908405304e-02 4.763921722769737244e-03 8.742506615817546844e-03 4.384026676416397095e-02 3.110261633992195129e-02 1.498385448940098286e-03 5.385041236877441406e-02 7.254670560359954834e-02 3.644048795104026794e-02 3.128870576620101929e-02 2.737795561552047729e-02 4.095198959112167358e-02 4.639786129700951278e-05 3.332678973674774170e-02 4.302368033677339554e-03 2.636410854756832123e-02 2.616163901984691620e-02 9.754793718457221985e-03 4.876920022070407867e-03 4.492830485105514526e-02 3.481618687510490417e-02 3.968117758631706238e-02 2.295714803040027618e-02 8.320112712681293488e-03 1.841496862471103668e-02 3.349467739462852478e-02 3.906265832483768463e-03 8.187963627278804779e-03 5.292005836963653564e-02 4.716707766056060791e-02 5.257267132401466370e-02 5.077167227864265442e-02 2.281109802424907684e-02 4.531362652778625488e-02 2.804154995828866959e-03 3.361783223226666451e-03 3.288230672478675842e-02 5.851753428578376770e-02 4.788186773657798767e-02 8.729960769414901733e-02 1.145501136779785156e-01 4.646262153983116150e-02 4.226199910044670105e-02 5.117290094494819641e-02 9.699807502329349518e-03
8.251052349805831909e-02 1.146032363176345825e-01 6.890627741813659668e-02 6.695844698697328568e-03 2.286569215357303619e-02 5.746745690703392029e-02 4.986948147416114807e-02 6.981679052114486694e-02 2.741145715117454529e-02 1.459145173430442810e-02 1.006004512310028076e-01 1.115485839545726776e-02 6.056138873100280762e-02 3.102320991456508636e-02 7.766056060791015625e-02 4.561969265341758728e-02 8.126631379127502441e-03 2.091796137392520905e-02 3.103287518024444580e-02 4.945774748921394348e-02 2.525044232606887817e-02 8.766229450702667236e-02 4.965231195092201233e-02 4.232620075345039368e-02 1.194560341536998749e-02 1.079464051872491837e-02 1.709213294088840485e-02 2.730405330657958984e-02 1.630548154935240746e-03 1.872827857732772827e-02 6.495549529790878296e-02 5.290748924016952515e-02 2.026687003672122955e-02 1.703161746263504028e-02 4.251033812761306763e-02 3.959849849343299866e-02 5.701905116438865662e-02 5.883668083697557449e-03 3.939102403819561005e-03 7.386416662484407425e-03 2.066788449883460999e-02 3.203432261943817139e-02 8.585698902606964111e-03 4.442104324698448181e-02 6.828633137047290802e-03 2.778723649680614471e-02 1.286713872104883194e-02 2.618273952975869179e-03 9.308362379670143127e-03 4.502272978425025940e-02 1.295442972332239151e-02 2.203726768493652344e-02 3.700808063149452209e-02 4.267287254333496094e-02 5.580957047641277313e-03 3.394112456589937210e-03 7.723926566541194916e-03 2.104177325963973999e-02 3.732195124030113220e-02 1.302296761423349380e-02 2.705887518823146820e-02 2.742680348455905914e-02 4.170788452029228210e-02 3.418994322419166565e-02 2.986421436071395874e-02 3.097773715853691101e-02 4.489682987332344055e-02 3.386479243636131287e-02 3.317903354763984680e-02 3.825654834508895874e-02 1.453564036637544632e-02 8.821388334035873413e-02 2.820725925266742706e-02 4.550734534859657288e-02 1.143841259181499481e-02 9.564671665430068970e-03 2.476126700639724731e-02 1.163594517856836319e-02 9.781378321349620819e-03 4.349693655967712402e-02 2.292705234140157700e-03 1.036278717219829559e-02 1.847709179855883121e-03 2.454827539622783661e-02 4.673204943537712097e-02 5.302064493298530579e-02 4.044664651155471802e-02 2.035684324800968170e-02 7.602225523442029953e-03 3.007143549621105194e-02 1.058672741055488586e-02 1.287637278437614441e-02 1.031203195452690125e-02 4.240657016634941101e-02 1.324079930782318115e-02 3.897214680910110474e-02 5.138635262846946716e-02 1.260453369468450546e-02 2.266442216932773590e-02 5.063786730170249939e-02 4.623828455805778503e-03 6.110664457082748413e-02 2.861409634351730347e-02 5.817219987511634827e-02 1.851654495112597942e-03 8.231907151639461517e-03 6.469374895095825195e-02 1.793964020907878876e-02 6.181505694985389709e-02 2.918106317520141602e-02 1.414696965366601944e-02 1.730964332818984985e-02 1.730567659251391888e-03 8.465643972158432007e-03 2.517610229551792145e-02 2.806901931762695312e-02
