1.091767698526382446e-01 1.674514859914779663e-01 2.867677249014377594e-02 1.760034263134002686e-02 3.889273852109909058e-02 1.404956579208374023e-01 5.945654585957527161e-02 3.398793190717697144e-02 2.013268135488033295e-02 1.339422818273305893e-02 1.415286511182785034e-01 1.069751218892633915e-03 1.375798434019088745e-01 2.543588913977146149e-02 2.020513825118541718e-02 4.755496606230735779e-02 4.292334616184234619e-02 6.561956554651260376e-02 2.069080015644431114e-03 5.050726979970932007e-02 1.469318009912967682e-02 5.946490168571472168e-02 4.963523894548416138e-02 5.019133165478706360e-02 6.651335395872592926e-03 4.840546287596225739e-03 5.447579920291900635e-02 1.011904329061508179e-02 2.581310644745826721e-02 8.899752050638198853e-03 1.743400283157825470e-02 3.544905781745910645e-02 2.591530792415142059e-02 1.319880411028862000e-02 1.388674881309270859e-02 9.071013890206813812e-03 2.297387458384037018e-02 1.841166056692600250e-02 3.272083774209022522e-02 1.927534490823745728e-02 3.218564204871654510e-03 2.275465615093708038e-02 1.865871250629425049e-02 3.764848515857011080e-04 3.035837085917592049e-03 2.969988808035850525e-02 5.238045752048492432e-02 8.611314930021762848e-03 2.695311233401298523e-02 1.426090672612190247e-02 1.590865477919578552e-02 4.382199142128229141e-03 2.400332875549793243e-02 1.668907515704631805e-02 2.555168233811855316e-02 1.920145004987716675e-02 2.639335021376609802e-02 5.666907876729965210e-03 8.059492334723472595e-03 1.506750937551259995e-02 4.151345416903495789e-02 2.114119706675410271e-03 4.222940187901258469e-03 3.307717666029930115e-02 5.493059754371643066e-02 5.497539788484573364e-02 4.560917988419532776e-02 3.180472925305366516e-02 1.383492350578308105e-02 2.635605260729789734e-02 4.238533228635787964e-02 1.940810680389404297e-02 3.314258356112986803e-04 2.142522297799587250e-02 1.128888130187988281e-02 2.238198742270469666e-02 2.125502936542034149e-02 1.577706821262836456e-02 5.249602720141410828e-03 5.073236301541328430e-02 2.669684961438179016e-02 5.396481230854988098e-02 1.892898418009281158e-02 6.326712202280759811e-03 1.354934088885784149e-02 5.122286826372146606e-02 7.883600890636444092e-03 1.033926755189895630e-02 1.191949285566806793e-02 7.446682453155517578e-02 5.841571837663650513e-02 7.028526067733764648e-02 3.058589994907379150e-02 3.792181611061096191e-02 4.968313034623861313e-03 1.130137406289577484e-02 3.039311617612838745e-02 2.615669276565313339e-03 3.374723345041275024e-02 3.716614330187439919e-03 2.489808388054370880e-02 2.757920511066913605e-02 6.045614369213581085e-03 4.577834624797105789e-03 9.261679835617542267e-03 2.758436836302280426e-02 4.611423984169960022e-02 1.981423934921622276e-03 3.306378051638603210e-02 6.386004388332366943e-02 2.503397315740585327e-02 1.344489865005016327e-03 1.870307722128927708e-03 3.511869907379150391e-02 5.920479819178581238e-02 1.721765659749507904e-02
1.674514859914779663e-01 1.097604259848594666e-01 1.367305405437946320e-02 1.870435103774070740e-02 7.138283923268318176e-03 1.796801984310150146e-01 1.668279618024826050e-01 2.269752137362957001e-02 6.212966516613960266e-02 1.010009273886680603e-02 1.266470551490783691e-01 6.463091075420379639e-02 1.492042988538742065e-01 2.059357054531574249e-02 3.154163807630538940e-02 2.471919171512126923e-03 1.615061052143573761e-02 1.508805993944406509e-02 2.003888227045536041e-02 2.189785055816173553e-02 3.006511181592941284e-02 6.551408767700195312e-02 1.963146030902862549e-02 2.258349955081939697e-02 5.646274425089359283e-03 5.143997259438037872e-03 5.768587440252304077e-02 2.605362795293331146e-02 1.906685158610343933e-02 2.887946367263793945e-02 5.667690653353929520e-03 1.192166376858949661e-02 3.424181789159774780e-02 1.969313947483897209e-03 4.271795600652694702e-02 2.614671550691127777e-02 2.840624563395977020e-02 2.537721209228038788e-02 1.873515918850898743e-02 7.427945733070373535e-02 3.185519203543663025e-02 2.235715091228485107e-02 2.396594174206256866e-02 1.972426101565361023e-02 4.323706775903701782e-02 4.410520195960998535e-02 4.333235323429107666e-02 5.559161677956581116e-02 1.399495173245668411e-02 1.285236142575740814e-02 2.914795652031898499e-02 4.273378290235996246e-03 2.941641770303249359e-02 2.735346183180809021e-02 1.960307732224464417e-02 1.658022217452526093e-02 4.121251404285430908e-02 1.240780670195817947e-02 2.460703253746032715e-02 3.763905912637710571e-02 5.137487128376960754e-02 3.286017850041389465e-02 1.640898361802101135e-02 2.816982008516788483e-02 3.409617021679878235e-02 4.112975299358367920e-02 9.472817764617502689e-04 1.229473762214183807e-02 2.085026912391185760e-02 7.518517784774303436e-03 2.512424066662788391e-02 4.046364128589630127e-02 1.920779980719089508e-02 1.611492969095706940e-02 2.733305282890796661e-02 4.839560762047767639e-02 5.735380575060844421e-02 3.206646442413330078e-02 3.704002127051353455e-02 6.075156852602958679e-02 1.515744440257549286e-02 1.274100691080093384e-02 5.702392011880874634e-02 2.342108823359012604e-02 8.600083179771900177e-03 1.787456125020980835e-02 1.584618003107607365e-03 2.783337607979774475e-02 7.227846235036849976e-02 7.760219275951385498e-02 2.579537685960531235e-03 5.300773680210113525e-02 3.670194372534751892e-02 1.268829032778739929e-02 3.401071578264236450e-02 3.532993420958518982e-02 9.546148590743541718e-03 1.065262476913630962e-03 4.541801288723945618e-02 2.943120338022708893e-02 1.176891475915908813e-02 9.951577521860599518e-03 2.061104215681552887e-02 6.884552072733640671e-03 1.734654605388641357e-02 3.301921859383583069e-02 7.524986285716295242e-03 1.199421589262783527e-03 1.359328906983137131e-02 5.209248512983322144e-02 7.016616873443126678e-03 2.940420061349868774e-02 3.268342465162277222e-02 2.306682243943214417e-02 3.511124476790428162e-02 1.108273770660161972e-02
2.867677249014377594e-02 1.367305405437946320e-02 7.549883425235748291e-02 2.390187932178378105e-03 2.963274158537387848e-02 2.009476348757743835e-02 1.495083677582442760e-03 1.958216428756713867e-01 5.664869397878646851e-02 7.944072131067514420e-04 1.282173395156860352e-02 1.112863980233669281e-02 2.264538779854774475e-03 3.094842284917831421e-02 7.954394817352294922e-02 3.262370824813842773e-02 3.337024152278900146e-02 5.240753665566444397e-02 3.493392467498779297e-02 4.145453870296478271e-02 3.772293776273727417e-02 3.173559531569480896e-02 2.537886984646320343e-02 1.650639064610004425e-02 3.665896877646446228e-02 5.167562142014503479e-02 2.206167019903659821e-02 7.842072285711765289e-03 1.766462437808513641e-02 2.262816950678825378e-02 1.448159758001565933e-02 3.165458096191287041e-03 6.184461060911417007e-03 4.525319114327430725e-02 6.758214440196752548e-04 8.669604547321796417e-03 1.659515127539634705e-02 1.555321831256151199e-02 4.499978572130203247e-02 9.562852937960997224e-05 3.543464466929435730e-02 1.905154436826705933e-02 3.677723556756973267e-02 1.995804607868194580e-01 2.392874099314212799e-02 4.743666574358940125e-02 1.267645508050918579e-03 1.928709447383880615e-02 2.269713394343852997e-02 6.543124094605445862e-03 1.923349685966968536e-02 5.068266391754150391e-02 6.050286069512367249e-02 5.645724944770336151e-03 1.623300090432167053e-02 2.083642408251762390e-02 7.641679793596267700e-02 3.290260210633277893e-02 1.143111065030097961e-01 4.689535498619079590e-02 2.782196924090385437e-02 4.917174950242042542e-02 5.871804803609848022e-02 1.170627959072589874e-02 3.098622709512710571e-02 1.610496081411838531e-02 1.504752412438392639e-02 3.355114161968231201e-02 1.540673431009054184e-03 2.275604009628295898e-02 4.798342008143663406e-03 3.031092323362827301e-02 3.030300885438919067e-02 3.996051475405693054e-02 4.010334983468055725e-02 3.394037112593650818e-02 3.362501785159111023e-02 4.316541180014610291e-02 7.603998295962810516e-03 7.011535763740539551e-02 2.349812686443328857e-01 1.990864574909210205e-01 5.688301753252744675e-03 1.325545273721218109e-02 1.219311845488846302e-03 1.184955425560474396e-02 9.069892764091491699e-02 8.260229974985122681e-02 3.092481754720211029e-02 5.493055563420057297e-03 5.630251951515674591e-03 1.825146464398130774e-04 6.055724807083606720e-03 2.217294822912663221e-04 1.357521023601293564e-02 3.376095090061426163e-03 2.843708358705043793e-02 6.204016041010618210e-03 2.874939329922199249e-02 4.484277963638305664e-02 3.678289055824279785e-02 6.129274144768714905e-02 9.874887764453887939e-03 7.893466390669345856e-03 5.385397002100944519e-02 8.169761858880519867e-03 2.943964116275310516e-02 5.109770223498344421e-02 5.960067734122276306e-02 6.397969275712966919e-02 4.909437149763107300e-02 6.183113902807235718e-02 1.744550466537475586e-02 6.541835609823465347e-03 1.445942744612693787e-02 5.012292787432670593e-02
1.760034263134002686e-02 1.870435103774070740e-02 2.390187932178378105e-03 6.811770796775817871e-02 1.653296649456024170e-01 2.927376516163349152e-02 2.216304838657379150e-02 3.405569493770599365e-02 5.271817743778228760e-02 2.779230661690235138e-02 1.389008574187755585e-02 9.017350524663925171e-02 5.123960319906473160e-03 3.916283324360847473e-02 6.437202100642025471e-04 5.490813031792640686e-02 1.071599964052438736e-02 8.141619712114334106e-02 4.190075024962425232e-02 5.973144434392452240e-03 1.115354523062705994e-02 3.125816956162452698e-02 6.670751422643661499e-02 3.015935048460960388e-02 7.023106329143047333e-03 1.107635162770748138e-02 4.100303631275892258e-03 5.221227556467056274e-02 2.325596986338496208e-03 3.154322737827897072e-03 1.681686565279960632e-02 5.944435019046068192e-03 5.345312412828207016e-03 3.979717846959829330e-03 1.151563972234725952e-02 1.514009851962327957e-02 8.751858025789260864e-03 1.167483348399400711e-02 1.567871272563934326e-01 5.309884995222091675e-02 2.688632719218730927e-02 7.365346886217594147e-03 1.470098551362752914e-02 9.900254197418689728e-03 4.670876543968915939e-03 3.355975821614265442e-02 2.125516533851623535e-02 3.455532342195510864e-02 2.029604278504848480e-02 3.530243039131164551e-02 5.192532390356063843e-02 1.696429587900638580e-02 5.363347753882408142e-02 1.951205730438232422e-02 3.555021248757839203e-03 2.254523150622844696e-02 6.710276473313570023e-03 3.260415792465209961e-02 4.944328218698501587e-02 2.654334530234336853e-03 4.266231879591941833e-02 5.250033736228942871e-02 1.646637730300426483e-02 1.801894977688789368e-02 9.788465686142444611e-03 5.049007013440132141e-02 3.253771574236452579e-04 1.480701193213462830e-02 4.770909249782562256e-02 1.081564114429056644e-03 2.481716498732566833e-02 3.906765021383762360e-03 8.050880581140518188e-02 2.898656018078327179e-02 8.447203040122985840e-02 2.258016727864742279e-03 6.828112155199050903e-02 7.654067128896713257e-02 1.227871701121330261e-02 3.134485706686973572e-02 2.620304562151432037e-02 1.184459030628204346e-02 8.325798809528350830e-02 8.439446985721588135e-02 4.218276217579841614e-02 4.212084040045738220e-02 1.502077933400869370e-02 1.260505639947950840e-03 5.668762326240539551e-02 8.247694000601768494e-03 3.207795321941375732e-02 9.447748772799968719e-03 7.477920968085527420e-03 2.095678448677062988e-02 4.948102310299873352e-02 3.682342125102877617e-03 1.776658743619918823e-02 3.301171353086829185e-03 9.821633808314800262e-03 7.079008501023054123e-03 3.524211794137954712e-02 1.416986924596130848e-03 4.476417787373065948e-03 6.997463293373584747e-03 2.925917133688926697e-02 3.200894594192504883e-02 3.301001340150833130e-02 1.563502848148345947e-02 4.343317821621894836e-02 4.185589030385017395e-02 1.985851116478443146e-02 1.726350747048854828e-02 2.781634032726287842e-02 2.303623966872692108e-02 4.501594975590705872e-02 4.046509042382240295e-02
3.889273852109909058e-02 7.138283923268318176e-03 2.963274158537387848e-02 1.653296649456024170e-01 5.873027071356773376e-02 3.100098110735416412e-02 2.204608544707298279e-02 5.010607466101646423e-02 1.366167562082409859e-03 2.871477045118808746e-02 1.457713451236486435e-02 1.306599355302751064e-03 7.069881539791822433e-03 4.412297904491424561e-02 1.206677523441612720e-03 1.185762928798794746e-03 7.416302338242530823e-03 4.454154055565595627e-03 1.246772240847349167e-02 5.120840505696833134e-04 3.495723009109497070e-02 2.645103819668292999e-02 3.507402911782264709e-02 2.383422292768955231e-02 4.251061379909515381e-02 1.002342253923416138e-02 2.832492813467979431e-03 6.011907383799552917e-02 5.710124038159847260e-03 3.014466958120465279e-03 6.004151422530412674e-03 3.678792715072631836e-02 4.480482265353202820e-02 5.407068878412246704e-02 4.414339736104011536e-02 2.505400776863098145e-02 4.138049110770225525e-02 3.462521359324455261e-02 9.894080460071563721e-02 1.633815169334411621e-01 4.225006792694330215e-03 2.495667664334177971e-03 5.190381780266761780e-02 3.335283324122428894e-02 1.564135774970054626e-02 2.022816985845565796e-02 1.720620878040790558e-02 6.769430357962846756e-03 2.737489528954029083e-02 1.811286062002182007e-02 2.681315131485462189e-02 5.164248868823051453e-02 1.478869840502738953e-02 1.719895564019680023e-02 4.419059306383132935e-02 2.304124645888805389e-03 2.151350025087594986e-03 2.239461801946163177e-02 3.891681879758834839e-02 1.197163481265306473e-02 1.642115530557930470e-03 4.219638183712959290e-02 2.934080548584461212e-02 2.005411311984062195e-02 1.322023291140794754e-02 6.893328856676816940e-03 3.064794465899467468e-02 4.740908276289701462e-03 5.199925042688846588e-03 3.840991854667663574e-02 1.978871598839759827e-02 4.328294191509485245e-03 4.552290588617324829e-02 2.254901453852653503e-02 9.045528620481491089e-02 4.438215866684913635e-02 1.219731476157903671e-02 1.281517650932073593e-02 2.728969231247901917e-02 2.888640202581882477e-02 3.808151930570602417e-02 2.475051768124103546e-02 4.012184590101242065e-02 9.354435652494430542e-02 2.543046697974205017e-02 1.106419786810874939e-02 1.761691458523273468e-02 1.233726460486650467e-02 1.526352297514677048e-02 4.017975926399230957e-02 2.248589321970939636e-02 2.492193691432476044e-02 7.003601640462875366e-02 1.435412466526031494e-02 1.315915398299694061e-02 3.931431844830513000e-02 3.272832185029983521e-02 3.207819908857345581e-02 9.235287085175514221e-03 3.005678392946720123e-02 5.306396633386611938e-03 1.547319069504737854e-02 2.088386751711368561e-02 1.213254034519195557e-02 1.190856099128723145e-02 3.958723694086074829e-02 2.853957936167716980e-02 5.023065581917762756e-02 6.950661540031433105e-02 1.516741514205932617e-02 4.033144935965538025e-02 1.892350055277347565e-02 3.340566158294677734e-02 2.682197839021682739e-03 7.727912813425064087e-02 5.786019191145896912e-02
1.404956579208374023e-01 1.796801984310150146e-01 2.009476348757743835e-02 2.927376516163349152e-02 3.100098110735416412e-02 1.179068461060523987e-01 2.364400923252105713e-01 1.996592618525028229e-02 2.378990687429904938e-02 7.366434205323457718e-03 1.272749453783035278e-01 3.798009827733039856e-02 1.280951797962188721e-01 6.419786810874938965e-02 2.670801803469657898e-02 6.639713421463966370e-03 3.593017347157001495e-03 7.467045448720455170e-03 6.015936378389596939e-03 3.416500240564346313e-02 2.216586470603942871e-02 3.203908354043960571e-02 4.832810536026954651e-02 1.293668337166309357e-02 3.141382336616516113e-02 2.310708351433277130e-02 6.939942389726638794e-02 2.308295294642448425e-02 5.545541062019765377e-04 3.000313416123390198e-02 4.024286754429340363e-03 1.446170266717672348e-02 2.930495701730251312e-02 2.939176559448242188e-02 2.007503807544708252e-02 2.891702950000762939e-02 4.981849808245897293e-03 5.077696964144706726e-02 2.366899512708187103e-02 5.067047104239463806e-02 6.321102380752563477e-02 1.017598435282707214e-02 1.508826669305562973e-02 2.340241335332393646e-02 2.540482580661773682e-02 2.312005311250686646e-02 1.130846738815307617e-01 4.823503643274307251e-02 1.719565014354884624e-03 2.778945863246917725e-02 2.796481736004352570e-02 3.822957724332809448e-02 1.421052590012550354e-02 2.072703465819358826e-02 5.374927073717117310e-02 2.863591164350509644e-02 6.170775368809700012e-02 4.665746912360191345e-02 4.689554125070571899e-02 1.618320308625698090e-02 7.937691174447536469e-03 2.488710545003414154e-02 8.177637122571468353e-03 1.994914747774600983e-02 7.095035910606384277e-02 7.371804118156433105e-02 3.260244801640510559e-02 3.360370174050331116e-02 3.096374124288558960e-02 3.815714642405509949e-02 2.930069528520107269e-02 7.006919384002685547e-02 3.597924113273620605e-02 2.759616822004318237e-02 5.919409915804862976e-02 1.167402043938636780e-02 1.888918131589889526e-02 1.386902108788490295e-02 5.102258920669555664e-02 5.177927017211914062e-02 4.045779630541801453e-02 8.662246167659759521e-03 6.030677631497383118e-02 2.494661137461662292e-02 1.217742264270782471e-02 6.823325529694557190e-03 2.708219364285469055e-02 2.875434421002864838e-02 9.404055774211883545e-02 6.834530830383300781e-02 6.050136405974626541e-03 5.522925779223442078e-02 8.812832087278366089e-02 1.331231906078755856e-03 2.155009098351001740e-02 5.680664908140897751e-03 7.341563701629638672e-03 4.550256207585334778e-02 1.001110533252358437e-03 3.987936303019523621e-03 1.561122201383113861e-02 5.900565534830093384e-03 3.267751890234649181e-05 3.044755011796951294e-02 7.765581365674734116e-03 5.707991309463977814e-03 1.065133791416883469e-02 3.396163508296012878e-02 3.129795566201210022e-02 4.278325289487838745e-02 1.610945723950862885e-02 2.084905654191970825e-02 1.570469350554049015e-03 2.695934846997261047e-02 8.804124779999256134e-03 8.112298324704170227e-03
5.945654585957527161e-02 1.668279618024826050e-01 1.495083677582442760e-03 2.216304838657379150e-02 2.204608544707298279e-02 2.364400923252105713e-01 8.601652085781097412e-02 1.158062741160392761e-02 6.939343363046646118e-02 1.654529041843488812e-04 3.669872879981994629e-02 5.985102057456970215e-02 9.328405559062957764e-02 8.559064008295536041e-03 3.184102103114128113e-02 2.997024171054363251e-02 3.112784028053283691e-02 7.751118391752243042e-02 6.464566104114055634e-03 3.077500499784946442e-02 5.349056422710418701e-02 8.574151247739791870e-02 4.776109755039215088e-02 2.049541333690285683e-03 4.381802305579185486e-02 3.711220575496554375e-03 4.457533359527587891e-02 3.246184810996055603e-02 5.484925955533981323e-02 8.569359034299850464e-02 7.666470855474472046e-02 4.134831950068473816e-02 7.604872435331344604e-02 2.046117186546325684e-02 5.363776534795761108e-02 1.895669661462306976e-02 3.933940827846527100e-02 4.960559308528900146e-02 4.299304634332656860e-02 4.914554208517074585e-02 3.802587091922760010e-02 6.818422675132751465e-02 2.613577619194984436e-02 2.251772023737430573e-02 2.503556013107299805e-02 5.542151629924774170e-02 1.632521599531173706e-01 1.624502614140510559e-02 7.512234151363372803e-02 2.828621491789817810e-02 4.477569460868835449e-02 2.237525023519992828e-02 3.660703077912330627e-02 4.879689309746026993e-03 2.669910900294780731e-03 5.723548680543899536e-02 1.345420777797698975e-01 5.507536232471466064e-02 1.094978023320436478e-02 2.736595459282398224e-02 9.708707034587860107e-02 2.834178879857063293e-02 4.448794201016426086e-02 5.662643164396286011e-02 8.055001497268676758e-03 4.663029685616493225e-02 1.063720509409904480e-02 2.640448883175849915e-02 7.740593701601028442e-02 2.059275843203067780e-02 1.394991576671600342e-02 5.618701688945293427e-03 2.170259505510330200e-02 3.539588302373886108e-02 1.178418099880218506e-02 3.095223009586334229e-02 6.412744522094726562e-02 7.218263298273086548e-02 4.078928381204605103e-03 9.122859686613082886e-02 1.319027878344058990e-02 2.561792917549610138e-02 7.689823210239410400e-02 4.847344756126403809e-02 3.207297995686531067e-02 3.386627510190010071e-02 2.748044673353433609e-03 3.399454429745674133e-02 1.202764734625816345e-01 7.798713445663452148e-02 4.676949232816696167e-02 7.936137914657592773e-02 1.104891821742057800e-01 6.327059864997863770e-02 4.231091216206550598e-02 4.307562857866287231e-02 3.506620973348617554e-02 1.906868629157543182e-02 1.854434050619602203e-02 4.425748437643051147e-02 2.698647091165184975e-03 2.728268271312117577e-03 2.084803208708763123e-02 3.206475079059600830e-02 4.611361399292945862e-02 3.378713130950927734e-02 6.487003993242979050e-03 3.915774077177047729e-02 1.964920572936534882e-02 3.664476424455642700e-02 3.771550208330154419e-02 5.104231648147106171e-03 2.205891348421573639e-02 5.142579227685928345e-02 1.174881160259246826e-01 2.396003715693950653e-02
3.398793190717697144e-02 2.269752137362957001e-02 1.958216428756713867e-01 3.405569493770599365e-02 5.010607466101646423e-02 1.996592618525028229e-02 1.158062741160392761e-02 5.476807057857513428e-02 3.045129776000976562e-02 1.537170540541410446e-02 1.210494711995124817e-02 2.600895799696445465e-02 4.173437133431434631e-02 8.047685958445072174e-03 8.415054529905319214e-02 2.794004604220390320e-02 2.113753370940685272e-02 4.874666035175323486e-02 1.126917824149131775e-02 4.327705129981040955e-02 2.254584990441799164e-02 3.561438620090484619e-02 4.700970649719238281e-02 6.112972274422645569e-02 3.543116524815559387e-02 4.698682203888893127e-02 3.912696242332458496e-02 8.703766018152236938e-02 1.688006892800331116e-02 6.584587693214416504e-02 2.652208134531974792e-02 4.790836945176124573e-03 2.503239922225475311e-02 4.049150273203849792e-03 6.788706034421920776e-02 5.322879552841186523e-02 5.364811792969703674e-02 1.387919392436742783e-02 8.864814415574073792e-03 5.977863818407058716e-02 1.617264933884143829e-02 1.006537955254316330e-02 9.206508286297321320e-03 5.053151771426200867e-02 1.070219837129116058e-02 1.192429568618535995e-02 8.041307446546852589e-04 3.857474774122238159e-02 1.889744214713573456e-02 8.035695552825927734e-02 5.058910697698593140e-03 4.444894380867481232e-03 8.713349699974060059e-03 4.694194719195365906e-02 2.170497784391045570e-03 3.419612348079681396e-02 1.143112964928150177e-02 1.403831597417593002e-02 5.662250891327857971e-02 2.262117527425289154e-02 9.736946783959865570e-03 5.524549633264541626e-03 6.947550456970930099e-03 2.946408838033676147e-02 2.062075585126876831e-02 1.657061465084552765e-02 1.158184651285409927e-02 5.303997546434402466e-03 3.384755458682775497e-03 2.071884274482727051e-02 1.128367264755070210e-03 4.010900855064392090e-03 1.786141656339168549e-02 2.029648423194885254e-02 2.530249394476413727e-02 4.003488644957542419e-02 1.691238582134246826e-02 9.426193311810493469e-03 3.824747726321220398e-02 2.468604221940040588e-02 1.921714395284652710e-01 1.287562102079391479e-01 1.421209797263145447e-02 2.378907613456249237e-02 2.380236051976680756e-03 6.607500836253166199e-03 1.161597520112991333e-01 8.399988710880279541e-02 1.556989923119544983e-02 1.472902018576860428e-02 6.794270128011703491e-03 4.959898535162210464e-03 1.531734503805637360e-02 1.888939877972006798e-03 9.834689088165760040e-03 3.609960898756980896e-02 5.000752583146095276e-02 2.567225880920886993e-02 1.166169159114360809e-02 2.164878137409687042e-02 1.587780192494392395e-02 4.797311965376138687e-03 3.958702459931373596e-02 2.541094645857810974e-02 2.645403519272804260e-02 3.934004157781600952e-02 1.590421050786972046e-02 2.236113324761390686e-02 3.972404636442661285e-03 1.218370627611875534e-02 2.541472762823104858e-02 1.785242347978055477e-03 2.394883334636688232e-02 3.932708874344825745e-02 4.204731807112693787e-02 3.527441993355751038e-02
2.013268135488033295e-02 6.212966516613960266e-02 5.664869397878646851e-02 5.271817743778228760e-02 1.366167562082409859e-03 2.378990687429904938e-02 6.939343363046646118e-02 3.045129776000976562e-02 1.024927273392677307e-01 1.785309612751007080e-02 3.931613266468048096e-02 9.055089950561523438e-02 6.974258273839950562e-02 4.780786857008934021e-02 2.919547073543071747e-02 8.010879158973693848e-02 4.844029992818832397e-02 1.221874654293060303e-01 1.317497924901545048e-03 1.392411559208994731e-05 2.782592549920082092e-03 4.863118287175893784e-03 2.208666875958442688e-02 3.848972544074058533e-02 5.748833529651165009e-03 5.405699368566274643e-03 2.593964338302612305e-02 3.616569563746452332e-02 5.415745452046394348e-02 9.472811967134475708e-02 3.070560283958911896e-02 2.133368048816919327e-03 1.284059230238199234e-02 6.981921382248401642e-03 3.656822815537452698e-02 2.852976694703102112e-02 3.071734309196472168e-02 3.016677917912602425e-03 3.690568357706069946e-02 2.798712253570556641e-02 3.039341419935226440e-02 3.864398226141929626e-02 5.214957054704427719e-03 9.334479272365570068e-02 2.265486493706703186e-02 3.537442162632942200e-02 3.193445503711700439e-02 8.332430571317672729e-02 8.260534703731536865e-02 1.154413074254989624e-02 5.151837691664695740e-02 8.288003504276275635e-03 3.196066990494728088e-02 4.922340437769889832e-02 9.623616933822631836e-02 3.501632064580917358e-02 1.181045733392238617e-02 1.840509288012981415e-02 4.989865422248840332e-02 4.917768016457557678e-02 2.981228381395339966e-02 7.007636874914169312e-02 6.440690159797668457e-02 3.379433229565620422e-02 1.469187438488006592e-02 1.833053492009639740e-02 3.697222843766212463e-02 2.166326157748699188e-02 6.282586138695478439e-03 1.596225425601005554e-02 2.394182048738002777e-02 8.405293524265289307e-02 1.110057905316352844e-02 5.077772960066795349e-02 1.689836382865905762e-02 5.871493741869926453e-02 1.686626523733139038e-01 1.629657298326492310e-02 8.841560781002044678e-02 8.155629783868789673e-02 2.711858600378036499e-02 8.355255238711833954e-03 1.668437719345092773e-01 5.113195627927780151e-03 1.056909095495939255e-02 1.196871744468808174e-03 4.767866805195808411e-03 2.622612379491329193e-02 2.179355770349502563e-01 6.049854308366775513e-02 7.372418791055679321e-02 1.294015906751155853e-02 3.628355637192726135e-02 6.472007930278778076e-02 4.756189882755279541e-03 3.718906641006469727e-02 2.896090969443321228e-02 2.225096523761749268e-02 1.798968203365802765e-02 2.337565645575523376e-02 6.024677306413650513e-03 8.909661119105294347e-05 2.366496622562408447e-02 1.522499695420265198e-02 1.548073906451463699e-02 2.995377406477928162e-02 2.894027717411518097e-02 2.434957958757877350e-02 1.969871297478675842e-02 4.580661281943321228e-02 3.788349404931068420e-02 4.511705040931701660e-02 8.016420528292655945e-03 2.797291381284594536e-03 6.391419470310211182e-02 3.825482726097106934e-02
1.339422818273305893e-02 1.010009273886680603e-02 7.944072131067514420e-04 2.779230661690235138e-02 2.871477045118808746e-02 7.366434205323457718e-03 1.654529041843488812e-04 1.537170540541410446e-02 1.785309612751007080e-02 1.202436685562133789e-01 6.715350784361362457e-03 2.341938018798828125e-02 1.385586615651845932e-02 5.230202153325080872e-02 2.744197146967053413e-03 1.115385536104440689e-02 3.859243914484977722e-02 2.141342684626579285e-02 1.328655183315277100e-01 3.960921987891197205e-02 6.019800435751676559e-03 3.759704902768135071e-02 7.773892581462860107e-02 3.932819142937660217e-02 2.708299551159143448e-03 2.180492319166660309e-02 4.007213935256004333e-02 1.806546375155448914e-02 3.911718726158142090e-02 5.062302574515342712e-02 4.359319433569908142e-02 2.531913667917251587e-02 5.247129127383232117e-02 1.862996839918196201e-03 8.077918738126754761e-02 5.328370258212089539e-02 4.055972211062908173e-03 2.122469246387481689e-02 1.609458774328231812e-02 1.963543705642223358e-03 6.937270611524581909e-02 4.756599292159080505e-02 1.215680874884128571e-02 8.969813585281372070e-03 5.643617361783981323e-03 5.773199349641799927e-02 3.109328448772430420e-02 2.429052442312240601e-02 2.218491211533546448e-02 1.433506011962890625e-01 3.684862051159143448e-03 7.683415710926055908e-02 3.478882089257240295e-02 1.090672705322504044e-02 5.526066198945045471e-02 1.467910856008529663e-01 3.034661151468753815e-02 8.775164932012557983e-02 2.103696577250957489e-02 9.482924826443195343e-03 1.658483780920505524e-02 6.640288233757019043e-02 7.287278026342391968e-02 8.539014309644699097e-02 2.930679544806480408e-02 4.921108484268188477e-02 1.790202804841101170e-03 2.501416951417922974e-03 5.117013584822416306e-03 3.101034648716449738e-02 3.405402600765228271e-02 3.848797827959060669e-02 6.935032457113265991e-02 1.176124438643455505e-01 4.212737828493118286e-02 1.358807180076837540e-02 3.268574550747871399e-02 1.035365387797355652e-01 2.065744064748287201e-02 1.993537545204162598e-01 2.594810724258422852e-02 1.250298321247100830e-02 3.553987666964530945e-02 1.479845941066741943e-01 3.846666077151894569e-03 3.495158627629280090e-02 2.535888459533452988e-03 2.935615181922912598e-02 9.927895665168762207e-02 1.476229727268218994e-01 1.088182069361209869e-02 6.439767777919769287e-03 1.271795574575662613e-02 2.383437566459178925e-02 2.477004937827587128e-02 5.509936716407537460e-03 1.410316489636898041e-02 4.517695680260658264e-02 3.219017013907432556e-02 4.418900236487388611e-02 2.295557223260402679e-02 1.772550866007804871e-02 4.396203532814979553e-02 5.386488512158393860e-03 3.177687292918562889e-03 3.935141116380691528e-02 9.974787011742591858e-03 4.493894800543785095e-02 8.663346990942955017e-03 4.893800709396600723e-03 5.311898887157440186e-02 4.687443748116493225e-02 2.478786511346697807e-03 8.110264316201210022e-03 9.837664663791656494e-03 2.426000684499740601e-02
1.415286511182785034e-01 1.266470551490783691e-01 1.282173395156860352e-02 1.389008574187755585e-02 1.457713451236486435e-02 1.272749453783035278e-01 3.669872879981994629e-02 1.210494711995124817e-02 3.931613266468048096e-02 6.715350784361362457e-03 1.134662479162216187e-01 5.129697546362876892e-02 1.525047868490219116e-01 6.528156995773315430e-02 3.212811052799224854e-02 1.513689942657947540e-02 1.239043846726417542e-02 5.652250349521636963e-02 3.200952196493744850e-03 4.587650299072265625e-03 1.195147912949323654e-02 6.319618970155715942e-02 3.570637432858347893e-03 2.474728226661682129e-02 1.566988416016101837e-02 3.451675176620483398e-02 5.290525779128074646e-02 1.628321036696434021e-02 6.036609411239624023e-02 2.414334751665592194e-02 2.866207435727119446e-02 1.248276419937610626e-02 9.657200425863265991e-03 3.833296895027160645e-02 1.197365112602710724e-02 2.385607175529003143e-02 1.654862612485885620e-02 1.352614443749189377e-02 2.136052213609218597e-02 3.465924039483070374e-02 2.185555361211299896e-02 1.234629936516284943e-02 3.464748384431004524e-03 6.743301637470722198e-03 1.561643369495868683e-02 6.283173337578773499e-03 5.066848918795585632e-02 4.570195823907852173e-02 1.143709942698478699e-02 3.933691419661045074e-03 4.853562451899051666e-03 1.071579847484827042e-02 7.328125648200511932e-03 3.829465247690677643e-03 3.661018796265125275e-03 2.589522115886211395e-02 2.689490467309951782e-02 3.454470261931419373e-02 2.942410670220851898e-02 1.035801786929368973e-02 1.177582144737243652e-02 2.143660327419638634e-03 1.015511807054281235e-02 2.454078942537307739e-02 5.757143720984458923e-02 6.340865045785903931e-02 9.513268247246742249e-03 4.079088196158409119e-02 3.663304820656776428e-02 1.485241018235683441e-02 2.518653310835361481e-02 5.605515558272600174e-03 2.306210342794656754e-03 4.801115021109580994e-02 2.779101487249135971e-03 2.505756728351116180e-02 1.357274595648050308e-02 1.310308836400508881e-02 1.530834846198558807e-02 2.680159732699394226e-02 1.060093101114034653e-02 7.189362309873104095e-03 9.378988295793533325e-03 9.001381695270538330e-03 3.900094330310821533e-02 6.310512870550155640e-02 2.675001323223114014e-02 2.831100672483444214e-02 1.575301773846149445e-02 2.931047044694423676e-02 3.465121611952781677e-02 5.249615013599395752e-02 1.444247644394636154e-02 2.391530387103557587e-02 4.993925243616104126e-02 6.687528640031814575e-02 2.604533545672893524e-02 8.390406146645545959e-03 1.660108938813209534e-02 3.793457522988319397e-03 1.286259200423955917e-02 5.743608344346284866e-03 5.458289291709661484e-03 1.292478851974010468e-02 1.289228722453117371e-02 1.984765753149986267e-02 1.021675486117601395e-02 2.163519710302352905e-02 2.334034536033868790e-03 4.406040534377098083e-02 1.176341995596885681e-02 5.320192314684391022e-03 5.331355147063732147e-03 4.619992896914482117e-02 1.629571430385112762e-02 3.853492811322212219e-02
1.069751218892633915e-03 6.463091075420379639e-02 1.112863980233669281e-02 9.017350524663925171e-02 1.306599355302751064e-03 3.798009827733039856e-02 5.985102057456970215e-02 2.600895799696445465e-02 9.055089950561523438e-02 2.341938018798828125e-02 5.129697546362876892e-02 2.085253596305847168e-02 8.844137936830520630e-02 1.091818362474441528e-01 4.024473205208778381e-02 5.419280752539634705e-02 2.534878440201282501e-02 8.222893625497817993e-02 8.961670845746994019e-02 3.125092014670372009e-02 3.894389048218727112e-02 1.130844838917255402e-02 1.196255832910537720e-01 5.263033509254455566e-02 3.417122736573219299e-02 6.296475231647491455e-02 2.038314705714583397e-03 1.207106467336416245e-02 3.174096718430519104e-02 1.382487267255783081e-02 4.565705358982086182e-02 2.690784446895122528e-02 1.756584085524082184e-02 4.986067861318588257e-02 1.487559545785188675e-02 2.056651003658771515e-02 4.654788598418235779e-02 4.412214457988739014e-02 5.604610964655876160e-02 6.694833934307098389e-02 2.765197493135929108e-02 1.108140032738447189e-02 1.303129736334085464e-02 7.422804832458496094e-02 1.047653928399085999e-01 4.844070225954055786e-02 3.923803567886352539e-02 5.579240992665290833e-02 1.263367105275392532e-02 2.294125221669673920e-02 5.040877684950828552e-02 7.618603855371475220e-02 2.753408625721931458e-03 2.699582651257514954e-02 4.385288432240486145e-02 7.105163484811782837e-02 1.268505305051803589e-02 1.835258863866329193e-02 6.192841008305549622e-02 4.403078556060791016e-02 7.984238676726818085e-03 1.619212627410888672e-01 5.142220295965671539e-03 2.261142618954181671e-02 2.052550390362739563e-02 1.801955699920654297e-02 8.014495484530925751e-03 3.156274929642677307e-02 4.933007061481475830e-02 1.164506841450929642e-02 8.427394926548004150e-02 2.119160071015357971e-02 1.191764138638973236e-02 2.279501967132091522e-02 3.516925033181905746e-03 3.518258780241012573e-02 5.381969735026359558e-02 1.127701066434383392e-02 2.555569261312484741e-02 6.869685649871826172e-02 4.017792176455259323e-03 1.487229834310710430e-03 2.629840373992919922e-02 1.607702113687992096e-03 6.521224230527877808e-02 5.348770320415496826e-02 1.014076638966798782e-02 8.603995665907859802e-03 2.105369716882705688e-01 2.677275426685810089e-02 6.586378067731857300e-02 2.621913328766822815e-02 1.671386300586163998e-03 4.802494868636131287e-02 5.879009142518043518e-02 5.522147566080093384e-02 7.273715734481811523e-02 1.516332477331161499e-02 3.866306319832801819e-02 3.033086284995079041e-02 2.370963245630264282e-02 4.823184758424758911e-02 4.173313733190298080e-03 3.821618738584220409e-04 1.174296960234642029e-01 4.625216498970985413e-02 1.981194876134395599e-02 3.429097309708595276e-02 5.005618184804916382e-02 7.574484497308731079e-02 2.193041332066059113e-02 3.676613420248031616e-02 3.133543953299522400e-02 5.719272792339324951e-02 7.025573402643203735e-02 5.608304962515830994e-02
1.375798434019088745e-01 1.492042988538742065e-01 2.264538779854774475e-03 5.123960319906473160e-03 7.069881539791822433e-03 1.280951797962188721e-01 9.328405559062957764e-02 4.173437133431434631e-02 6.974258273839950562e-02 1.385586615651845932e-02 1.525047868490219116e-01 8.844137936830520630e-02 1.120531111955642700e-01 6.924958527088165283e-02 4.985997080802917480e-02 2.591863460838794708e-02 1.631734706461429596e-02 1.066732127219438553e-02 2.125622937455773354e-03 4.325955733656883240e-02 1.591703668236732483e-02 7.498118281364440918e-02 9.466531337238848209e-04 1.480241399258375168e-02 1.532935351133346558e-02 4.178138822317123413e-02 6.831355392932891846e-02 2.987312339246273041e-02 2.680249698460102081e-02 2.614766126498579979e-03 1.900909282267093658e-02 2.896455675363540649e-02 1.132988370954990387e-02 2.859656140208244324e-02 2.399945817887783051e-02 5.710412189364433289e-02 9.271898306906223297e-03 1.622918620705604553e-02 1.631435193121433258e-02 5.133805423974990845e-02 1.125534344464540482e-02 6.529467180371284485e-03 2.173760533332824707e-02 2.904197014868259430e-02 3.339464589953422546e-02 1.518817432224750519e-02 2.004184760153293610e-02 4.582449793815612793e-02 1.565236598253250122e-02 7.199647370725870132e-03 1.471901219338178635e-02 3.722258261404931545e-04 2.176333777606487274e-02 4.140128381550312042e-03 4.889772273600101471e-03 1.694752462208271027e-02 5.543268099427223206e-02 1.873139478266239166e-02 1.461545191705226898e-02 1.323495060205459595e-02 1.114567182958126068e-02 2.029393985867500305e-02 2.025647088885307312e-02 1.342241745442152023e-02 4.841531068086624146e-02 9.945002198219299316e-02 6.123276893049478531e-03 4.298182576894760132e-02 3.145252168178558350e-02 1.457794569432735443e-02 3.050435334444046021e-02 2.060402557253837585e-02 2.358040958642959595e-02 4.190904647111892700e-02 5.444524809718132019e-03 2.379477024078369141e-02 5.563172698020935059e-02 9.647600352764129639e-03 2.885414846241474152e-02 4.094186425209045410e-02 4.448152333498001099e-02 2.452782727777957916e-02 6.152491644024848938e-02 4.515773151069879532e-03 1.791748218238353729e-02 6.792939454317092896e-02 2.145068161189556122e-02 6.928892433643341064e-02 3.762815147638320923e-02 1.536790188401937485e-02 1.256857719272375107e-02 4.344720765948295593e-02 2.012169547379016876e-02 4.547630995512008667e-02 8.194398880004882812e-02 7.199951261281967163e-02 3.178226575255393982e-02 1.064071152359247208e-02 6.257807370275259018e-03 2.510117134079337120e-03 8.908468298614025116e-04 8.274432271718978882e-03 1.126710698008537292e-02 1.683679781854152679e-02 2.882414730265736580e-03 1.964070834219455719e-02 3.315455839037895203e-02 2.015833370387554169e-02 1.177850365638732910e-02 1.109430193901062012e-02 1.406142115592956543e-02 2.100789919495582581e-02 2.718886360526084900e-03 4.148535430431365967e-02 2.624493837356567383e-02 1.801784150302410126e-02
