1.537157446146011353e-01 2.299023270606994629e-01 8.853569626808166504e-03 2.025350742042064667e-02 4.099254962056875229e-03 1.296455711126327515e-01 9.521625190973281860e-02 1.427859347313642502e-02 1.397259626537561417e-02 4.088133201003074646e-02 8.748670667409896851e-02 1.681994833052158356e-02 1.150235384702682495e-01 5.899810791015625000e-02 1.058272365480661392e-02 1.645680703222751617e-02 2.725354023277759552e-02 4.662046208977699280e-02 1.493716519325971603e-02 1.459747087210416794e-02 1.147005148231983185e-02 2.055311016738414764e-02 3.443850204348564148e-02 1.463969331234693527e-02 3.737773979082703590e-03 2.510178461670875549e-02 2.319724671542644501e-02 9.234014898538589478e-02 2.063230611383914948e-02 6.456990540027618408e-02 3.082922846078872681e-02 2.529189689084887505e-03 9.446081705391407013e-03 1.586200110614299774e-02 1.985257118940353394e-02 5.177291110157966614e-02 9.485687478445470333e-04 2.793467417359352112e-02 4.652283340692520142e-02 5.838789045810699463e-03 1.133936345577239990e-01 4.612580686807632446e-02 1.024286076426506042e-02 2.702552638947963715e-02 8.190085738897323608e-02 1.342811733484268188e-01 7.617548853158950806e-02 3.695270791649818420e-02 2.079024910926818848e-02 6.051020696759223938e-02 2.023680135607719421e-03 1.023468840867280960e-02 8.442047983407974243e-03 2.649470046162605286e-02 2.729102410376071930e-02 4.642777889966964722e-02 1.705120690166950226e-02 3.223277628421783447e-02 7.074574381113052368e-02 2.917185612022876740e-02 9.020483121275901794e-03 3.973345831036567688e-02 3.575704991817474365e-02 4.294686019420623779e-02 6.119571253657341003e-02 4.802954569458961487e-02 2.057691663503646851e-02 2.469577081501483917e-02 2.938126958906650543e-02 6.390283256769180298e-02 3.692256985232234001e-03 2.216563001275062561e-02 5.391807109117507935e-02 3.430762887001037598e-02 7.367491722106933594e-02 3.182383999228477478e-02 3.758718259632587433e-03 2.796302177011966705e-02 3.053861297667026520e-02 6.551525741815567017e-02 3.512801975011825562e-02 4.170808941125869751e-02 8.769628591835498810e-03 4.762440547347068787e-02 4.937208071351051331e-02 5.902096629142761230e-03 4.984440281987190247e-03 1.919611357152462006e-02 4.684249684214591980e-02 1.771669089794158936e-02 2.598461881279945374e-02 2.848816476762294769e-02 1.725089550018310547e-02 1.604286767542362213e-02 1.605192758142948151e-02 1.066707540303468704e-03 4.559790343046188354e-02 3.972370177507400513e-02 6.712324172258377075e-02 1.611049473285675049e-02 1.875195465981960297e-02 3.459991887211799622e-02 4.554036259651184082e-02 9.932070970535278320e-03 1.605211012065410614e-02 1.702360436320304871e-02 4.176357015967369080e-02 6.738004088401794434e-02 2.398070506751537323e-02 9.675101377069950104e-03 5.011572688817977905e-02 4.457251727581024170e-02 1.080884225666522980e-02 9.914478659629821777e-02 4.189458861947059631e-02 6.612890213727951050e-02
2.299023270606994629e-01 1.663336604833602905e-01 3.832463547587394714e-02 2.358853816986083984e-02 1.771854609251022339e-02 5.066018551588058472e-02 1.592028141021728516e-01 2.864389866590499878e-02 3.676759451627731323e-02 4.570652171969413757e-02 7.472278177738189697e-02 3.526783734560012817e-02 1.591781973838806152e-01 8.450808003544807434e-03 4.576780367642641068e-03 4.717459157109260559e-02 6.760158389806747437e-02 3.286568913608789444e-03 3.694413229823112488e-02 3.872167551890015602e-03 3.766469284892082214e-02 2.336867712438106537e-02 9.985997341573238373e-03 2.626064606010913849e-02 1.120462920516729355e-02 8.549253456294536591e-03 4.312714934349060059e-02 7.604952901601791382e-02 5.234934762120246887e-02 1.110650897026062012e-01 1.912976615130901337e-02 1.995134353637695312e-02 2.669893391430377960e-02 9.290736168622970581e-03 2.869046060368418694e-03 5.771658569574356079e-02 2.274655923247337341e-02 2.269842475652694702e-02 1.962766796350479126e-02 3.634849935770034790e-02 7.806401699781417847e-02 2.267469279468059540e-02 2.404262078925967216e-03 1.206899061799049377e-02 1.051746308803558350e-01 9.159999340772628784e-02 8.154989033937454224e-02 7.278425991535186768e-02 2.482463605701923370e-02 3.760154917836189270e-02 1.945472694933414459e-02 2.469118312001228333e-02 4.296728596091270447e-02 6.061981618404388428e-02 3.530449792742729187e-02 8.702246099710464478e-02 1.985549740493297577e-02 7.808258756995201111e-03 3.001475892961025238e-02 1.924241427332162857e-03 5.718077719211578369e-02 3.273096680641174316e-02 2.955774310976266861e-03 7.285980973392724991e-03 1.483681797981262207e-02 6.745595484972000122e-02 1.574471779167652130e-02 1.236698962748050690e-02 3.453847020864486694e-02 1.936940476298332214e-02 6.361150182783603668e-03 6.397750973701477051e-02 3.154104202985763550e-02 1.935517974197864532e-02 7.146611064672470093e-02 3.674430772662162781e-02 3.571340069174766541e-02 2.457622997462749481e-02 1.266560703516006470e-01 8.512207865715026855e-02 1.318108476698398590e-02 7.167866453528404236e-03 1.092578284442424774e-02 3.644115850329399109e-02 3.521934524178504944e-02 4.157688934355974197e-03 4.758492112159729004e-03 4.431864991784095764e-02 7.705870270729064941e-02 5.304249376058578491e-02 9.676490724086761475e-02 2.819276228547096252e-02 2.838560193777084351e-02 1.174209639430046082e-02 2.351029403507709503e-02 3.634484484791755676e-02 3.249264135956764221e-02 9.241635911166667938e-03 5.987450107932090759e-02 1.354559790343046188e-02 2.184002101421356201e-02 4.162174463272094727e-02 5.561190098524093628e-02 8.443944156169891357e-03 2.330198884010314941e-02 5.095761269330978394e-02 2.521386370062828064e-02 4.350627213716506958e-02 1.329533476382493973e-02 5.453259870409965515e-02 1.659935154020786285e-02 3.430054709315299988e-02 2.379792556166648865e-02 7.344391196966171265e-02 1.189794912934303284e-01 1.377963926643133163e-02
8.853569626808166504e-03 3.832463547587394714e-02 1.738894283771514893e-01 5.592992063611745834e-03 1.687440462410449982e-02 3.775504650548100471e-03 5.050060525536537170e-02 2.181092500686645508e-01 1.988049224019050598e-02 1.008488610386848450e-02 2.131393551826477051e-02 3.684516251087188721e-02 2.204555459320545197e-02 6.305937469005584717e-02 3.304795548319816589e-02 1.750645227730274200e-02 5.656157154589891434e-03 2.333660610020160675e-02 1.992769725620746613e-02 1.807279698550701141e-02 3.483542054891586304e-02 4.815171414520591497e-04 1.577430404722690582e-02 3.746648877859115601e-02 2.231173031032085419e-02 1.954449899494647980e-02 8.145621977746486664e-03 1.850070618093013763e-02 2.290989086031913757e-02 3.325219452381134033e-02 4.012046754360198975e-02 4.600865766406059265e-03 2.510106936097145081e-02 3.187526017427444458e-02 5.068462342023849487e-02 2.651805430650711060e-02 6.565283518284559250e-03 2.744306437671184540e-02 5.221399292349815369e-02 2.886073105037212372e-02 8.538744598627090454e-02 6.567469984292984009e-02 2.426419034600257874e-02 1.154165416955947876e-01 4.452846571803092957e-02 2.515427535399794579e-03 5.812718719244003296e-02 1.082278694957494736e-02 4.090550914406776428e-02 1.960323005914688110e-02 1.175382453948259354e-02 1.849378459155559540e-02 3.370622918009757996e-02 3.383815661072731018e-02 8.166614919900894165e-03 1.599119510501623154e-03 1.705060340464115143e-02 7.562897354364395142e-02 3.846035571768879890e-03 1.501156203448772430e-02 2.977132052183151245e-02 1.001299475319683552e-03 2.298444882035255432e-02 3.456314327195286751e-03 8.818431198596954346e-02 2.786019444465637207e-02 4.123520478606224060e-02 7.492232602089643478e-03 2.526948926970362663e-03 1.313736289739608765e-02 6.247553974390029907e-03 1.987533271312713623e-02 3.401304408907890320e-02 2.466447278857231140e-02 2.208369970321655273e-02 1.539965276606380939e-03 3.094923496246337891e-02 3.944912925362586975e-02 8.247059583663940430e-02 5.616354197263717651e-02 2.870798110961914062e-01 2.750613391399383545e-01 3.157828375697135925e-02 6.485477089881896973e-02 4.418775439262390137e-02 1.074359286576509476e-02 8.152024447917938232e-02 1.359812766313552856e-01 2.087544836103916168e-02 8.358895778656005859e-02 5.061675235629081726e-02 5.085171386599540710e-02 2.413297258317470551e-02 1.278108172118663788e-02 2.485521323978900909e-02 2.448652405291795731e-03 5.053575336933135986e-02 2.994289249181747437e-02 5.973430350422859192e-03 3.160215541720390320e-02 1.655272557400166988e-03 3.687830641865730286e-02 3.940059617161750793e-02 6.086580827832221985e-02 7.447396218776702881e-02 2.250900678336620331e-02 2.880492620170116425e-02 2.044348977506160736e-02 2.213032217696309090e-03 2.918397821485996246e-02 9.004317224025726318e-02 3.041178360581398010e-02 4.513972997665405273e-02 1.879999972879886627e-02 5.006279423832893372e-02 4.790990799665451050e-02
2.025350742042064667e-02 2.358853816986083984e-02 5.592992063611745834e-03 1.026379838585853577e-01 7.873221486806869507e-02 3.968463465571403503e-02 2.797689102590084076e-02 2.044844627380371094e-02 3.759581968188285828e-02 4.630289971828460693e-02 2.235607244074344635e-02 1.843793503940105438e-02 3.648439794778823853e-02 3.972410783171653748e-02 4.761849343776702881e-02 2.560430020093917847e-02 2.524653077125549316e-02 1.534205861389636993e-03 1.586015336215496063e-03 1.819651573896408081e-03 2.343644388020038605e-02 1.680753566324710846e-02 1.366781722754240036e-02 8.680532686412334442e-03 9.342321194708347321e-03 1.906129159033298492e-02 7.309176144190132618e-04 1.219971291720867157e-02 5.289055779576301575e-02 4.590843245387077332e-02 1.053473353385925293e-02 2.494440972805023193e-02 4.325198754668235779e-02 9.572709095664322376e-04 1.745305024087429047e-02 1.175892725586891174e-02 5.815013311803340912e-03 3.935698419809341431e-03 1.347960382699966431e-01 3.635075315833091736e-02 1.097404584288597107e-02 8.926625363528728485e-03 4.142811987549066544e-03 4.003165289759635925e-02 3.901044279336929321e-02 4.663453996181488037e-02 4.010405018925666809e-02 2.611553482711315155e-02 1.668505184352397919e-02 5.314813554286956787e-02 5.881038494408130646e-03 9.013475850224494934e-03 2.620920422486960888e-04 1.341972872614860535e-02 7.807555957697331905e-04 7.822540588676929474e-03 1.283523533493280411e-02 1.911940984427928925e-03 1.094589941203594208e-03 2.599215134978294373e-02 2.830569446086883545e-02 2.586130611598491669e-02 2.715087682008743286e-02 5.421612877398729324e-03 3.545295214280486107e-03 1.742206327617168427e-02 1.042749499902129173e-03 1.743084564805030823e-02 5.086816102266311646e-02 3.040836751461029053e-02 2.730579860508441925e-02 2.560910955071449280e-02 4.908190295100212097e-02 3.269182890653610229e-02 4.916871339082717896e-02 3.662427514791488647e-02 2.847546711564064026e-02 8.332898467779159546e-02 3.915232047438621521e-02 4.996024817228317261e-02 3.367830440402030945e-02 2.914630994200706482e-02 8.055453002452850342e-02 2.871155552566051483e-02 1.792387478053569794e-02 2.060871012508869171e-02 1.992476917803287506e-02 5.496407393366098404e-04 1.475180964916944504e-02 2.406695624813437462e-03 1.345060579478740692e-02 1.484230253845453262e-02 3.770892275497317314e-03 1.510430406779050827e-02 1.170666292309761047e-01 8.546462655067443848e-02 2.665637247264385223e-02 1.158451009541749954e-02 1.666230894625186920e-02 2.184200845658779144e-02 1.043937131762504578e-01 1.008853316307067871e-01 2.687049563974142075e-03 8.869862183928489685e-03 1.905408129096031189e-02 4.515371471643447876e-02 5.205810070037841797e-02 1.555861998349428177e-02 3.303780034184455872e-02 1.910934038460254669e-02 2.148800529539585114e-02 3.271485865116119385e-02 1.756019308231770992e-03 2.972511015832424164e-02 1.565025001764297485e-02 4.764575511217117310e-03
4.099254962056875229e-03 1.771854609251022339e-02 1.687440462410449982e-02 7.873221486806869507e-02 8.687687665224075317e-02 2.982298377901315689e-03 1.416173204779624939e-02 1.251664943993091583e-02 5.164653994143009186e-04 5.030518397688865662e-02 4.400856420397758484e-02 6.579072680324316025e-03 6.272347178310155869e-03 3.272622451186180115e-02 2.561412751674652100e-02 7.275559008121490479e-03 4.902118444442749023e-02 6.592037528753280640e-02 9.622380882501602173e-02 1.441436260938644409e-02 2.545692492276430130e-03 6.975078955292701721e-03 3.300754353404045105e-02 2.615788578987121582e-02 1.753366738557815552e-02 1.491778093622997403e-04 3.583076596260070801e-02 5.612994357943534851e-02 4.083840921521186829e-02 2.066595666110515594e-02 6.215748935937881470e-02 8.544904179871082306e-03 3.957221284508705139e-02 7.165913935750722885e-03 4.288825765252113342e-02 2.082928986055776477e-04 4.547519609332084656e-02 1.608239486813545227e-02 9.666868299245834351e-02 1.566944867372512817e-01 1.376738026738166809e-02 3.554819384589791298e-03 1.221537962555885315e-02 2.200535964220762253e-03 4.427225515246391296e-02 2.136241272091865540e-02 2.842193655669689178e-02 1.569400541484355927e-02 1.162388944067060947e-03 7.971023209393024445e-03 2.358016744256019592e-02 5.632144585251808167e-02 1.596678607165813446e-02 1.606782525777816772e-02 4.752271994948387146e-02 1.176186371594667435e-02 1.651800982654094696e-02 2.099361456930637360e-02 3.845819085836410522e-02 4.121072962880134583e-02 3.902186080813407898e-02 3.675171732902526855e-02 2.200113423168659210e-02 2.057919278740882874e-02 3.035016171634197235e-02 1.832355000078678131e-02 1.268047932535409927e-02 3.125713393092155457e-02 3.425863385200500488e-02 1.988017000257968903e-02 1.461927965283393860e-02 3.114970400929450989e-02 6.790410727262496948e-02 3.055725432932376862e-02 1.051798388361930847e-01 4.275106638669967651e-02 3.746860474348068237e-02 5.389469116926193237e-02 9.765568189322948456e-03 1.557829440571367741e-03 7.101290975697338581e-04 4.753500968217849731e-02 1.014950871467590332e-01 7.527615875005722046e-02 5.873249843716621399e-02 6.362421810626983643e-02 5.425875540822744370e-03 3.320263931527733803e-03 7.480664178729057312e-03 1.052895653992891312e-02 2.532256068661808968e-03 5.647097900509834290e-02 1.837841980159282684e-02 3.684079647064208984e-02 3.979362547397613525e-02 4.499075561761856079e-02 7.163025904446840286e-03 1.809039968065917492e-03 1.412873063236474991e-02 8.011738769710063934e-03 6.261659413576126099e-02 7.735396176576614380e-02 5.468460544943809509e-02 1.366647891700267792e-03 7.725211908109486103e-04 1.406853739172220230e-02 2.169950492680072784e-02 4.972890485078096390e-03 3.073662891983985901e-02 2.049982361495494843e-02 3.787447465583682060e-03 2.565430477261543274e-02 1.007823459804058075e-02 1.397221814841032028e-02 9.150616824626922607e-03 1.070654019713401794e-02
1.296455711126327515e-01 5.066018551588058472e-02 3.775504650548100471e-03 3.968463465571403503e-02 2.982298377901315689e-03 1.114635989069938660e-01 2.641822695732116699e-01 8.174556307494640350e-03 3.841146081686019897e-02 2.857150137424468994e-02 5.823962762951850891e-02 1.844822429120540619e-02 4.592420905828475952e-02 5.551108345389366150e-02 1.565625146031379700e-02 1.419344823807477951e-02 3.231104090809822083e-02 2.349081262946128845e-02 2.804289571940898895e-02 9.136063046753406525e-03 2.961594983935356140e-02 8.243080228567123413e-03 1.777066662907600403e-02 4.459388926625251770e-02 3.187543712556362152e-03 1.101778913289308548e-02 5.293291527777910233e-03 1.907918415963649750e-02 7.888057082891464233e-02 1.140341410064138472e-04 6.026260554790496826e-02 3.127675503492355347e-02 3.868257254362106323e-02 3.827719390392303467e-02 5.367680266499519348e-02 4.460307303816080093e-03 1.427181414328515530e-03 3.383468464016914368e-02 4.179994761943817139e-02 6.672682613134384155e-02 1.588594727218151093e-02 4.658634215593338013e-02 1.571720279753208160e-02 2.146708033978939056e-02 1.729889772832393646e-02 4.396272823214530945e-02 1.921991854906082153e-01 6.764328479766845703e-02 2.554184757173061371e-02 7.750589400529861450e-02 1.572249829769134521e-02 1.384958345443010330e-02 1.431175041943788528e-02 4.672840982675552368e-02 1.901572756469249725e-02 9.286609292030334473e-02 4.315253719687461853e-02 3.622295334935188293e-03 5.533120036125183105e-02 5.728775262832641602e-02 1.793336495757102966e-02 2.483722008764743805e-02 6.320681422948837280e-03 5.009806901216506958e-02 2.599997259676456451e-02 1.621998660266399384e-02 1.766644418239593506e-02 1.232857257127761841e-02 8.715803734958171844e-03 6.078062579035758972e-02 5.150932352989912033e-03 1.586152240633964539e-02 5.874711647629737854e-02 5.444793403148651123e-02 7.556810230016708374e-02 1.512543950229883194e-02 5.784806609153747559e-02 4.521011840552091599e-03 1.624933816492557526e-02 1.329764723777770996e-02 3.474014811217784882e-03 3.214026987552642822e-02 3.957928344607353210e-02 4.818957298994064331e-02 4.553755000233650208e-02 1.360601000487804413e-02 2.917153015732765198e-02 4.469930380582809448e-02 9.314279071986675262e-03 6.966997683048248291e-02 6.985489279031753540e-02 6.803593784570693970e-02 1.576351933181285858e-02 1.316332165151834488e-02 2.171425893902778625e-02 3.038959018886089325e-02 8.324758708477020264e-02 1.513509824872016907e-02 1.468659192323684692e-02 1.182452775537967682e-02 3.172840550541877747e-02 1.398529671132564545e-02 8.561427146196365356e-02 7.972558028995990753e-03 2.334041707217693329e-02 5.069653317332267761e-02 3.144497796893119812e-02 5.812271032482385635e-03 3.888646513223648071e-02 2.442954108119010925e-02 5.729936808347702026e-02 5.305084586143493652e-02 4.197964072227478027e-02 4.328439384698867798e-02 3.088706545531749725e-02 3.807325661182403564e-02
9.521625190973281860e-02 1.592028141021728516e-01 5.050060525536537170e-02 2.797689102590084076e-02 1.416173204779624939e-02 2.641822695732116699e-01 1.236007586121559143e-01 9.292173199355602264e-03 9.029950946569442749e-03 2.023081481456756592e-02 4.565741121768951416e-02 6.647777045145630836e-04 8.034833520650863647e-02 9.599594632163643837e-04 4.856219515204429626e-03 1.240169163793325424e-02 3.639918565750122070e-02 1.316472329199314117e-02 2.026475593447685242e-02 3.029299341142177582e-02 1.116196438670158386e-02 4.894490540027618408e-02 5.043060705065727234e-02 2.238056063652038574e-02 2.513079717755317688e-02 2.000649087131023407e-02 5.473929457366466522e-03 3.246018290519714355e-02 1.588150113821029663e-02 1.448423694819211960e-02 2.029028162360191345e-02 9.578162804245948792e-03 1.345087680965662003e-02 1.807063445448875427e-02 1.694113202393054962e-02 8.994887582957744598e-03 2.280181087553501129e-02 6.445112824440002441e-02 4.236069694161415100e-02 8.294945582747459412e-03 4.024571552872657776e-02 5.166255868971347809e-03 4.016313329339027405e-02 2.126629278063774109e-02 1.126581989228725433e-02 8.152820169925689697e-02 1.925998181104660034e-01 1.877482384443283081e-01 1.056778337806463242e-02 3.449122607707977295e-02 2.027234807610511780e-02 8.840534836053848267e-03 2.381960302591323853e-02 3.165571391582489014e-02 3.418144211173057556e-02 8.408781886100769043e-02 3.620579093694686890e-02 6.951550953090190887e-03 3.112030401825904846e-02 6.136407144367694855e-03 2.412088029086589813e-02 1.259204559028148651e-02 5.637587979435920715e-02 6.949115544557571411e-02 1.607260853052139282e-02 6.770932674407958984e-02 1.937275379896163940e-02 1.848913170397281647e-02 3.747105225920677185e-02 6.726149469614028931e-02 1.671352796256542206e-02 4.060776531696319580e-02 1.997587271034717560e-03 3.971616923809051514e-02 7.927255332469940186e-02 4.844894260168075562e-02 5.433389171957969666e-02 2.940754347946494818e-04 7.500058412551879883e-02 1.793393306434154510e-02 1.122398115694522858e-02 4.298603907227516174e-02 3.761762380599975586e-02 1.977341622114181519e-02 1.412593293935060501e-02 3.059424832463264465e-02 1.703768968582153320e-02 2.313168905675411224e-02 1.001658588647842407e-01 8.366428315639495850e-02 7.067897170782089233e-02 4.116171598434448242e-02 1.599104702472686768e-02 4.384600743651390076e-02 1.056140568107366562e-02 4.958808422088623047e-03 5.703716725111007690e-02 8.735908195376396179e-04 7.596463430672883987e-03 1.242481451481580734e-02 1.810130313970148563e-03 4.206793382763862610e-02 2.647773735225200653e-02 9.397589601576328278e-03 3.267468512058258057e-02 7.698529865592718124e-03 4.852040484547615051e-02 1.402552239596843719e-03 1.745466329157352448e-02 2.191290818154811859e-02 1.228900551795959473e-01 2.537295687943696976e-03 6.145893596112728119e-03 1.712224073708057404e-02 2.288891701027750969e-03 6.473138183355331421e-02
1.427859347313642502e-02 2.864389866590499878e-02 2.181092500686645508e-01 2.044844627380371094e-02 1.251664943993091583e-02 8.174556307494640350e-03 9.292173199355602264e-03 1.714851260185241699e-01 1.223415718413889408e-03 1.983467489480972290e-02 5.912896618247032166e-02 1.049130456522107124e-03 9.023901075124740601e-02 2.935414575040340424e-02 1.330671310424804688e-01 1.611684635281562805e-02 3.734724130481481552e-03 1.312203891575336456e-02 5.428782664239406586e-03 3.278877586126327515e-02 3.074700944125652313e-02 3.087174892425537109e-02 3.076336532831192017e-02 3.557520359754562378e-02 1.091197691857814789e-02 4.057808965444564819e-02 3.086583921685814857e-03 9.431262500584125519e-03 6.297843065112829208e-03 3.496755659580230713e-02 3.496272256597876549e-03 7.233564741909503937e-03 2.312835305929183960e-02 1.398739684373140335e-02 3.598485141992568970e-02 1.748292590491473675e-03 3.834407776594161987e-02 9.575894102454185486e-03 7.215905003249645233e-03 3.845561295747756958e-02 3.754253312945365906e-02 3.540938347578048706e-02 1.887488528154790401e-03 3.832796961069107056e-02 1.635591126978397369e-02 1.280555315315723419e-02 1.204470638185739517e-02 1.217501517385244370e-02 4.780519288033246994e-03 1.302707009017467499e-02 2.318894676864147186e-02 4.202881082892417908e-02 1.119791809469461441e-02 4.770715255290269852e-03 1.406600046902894974e-02 9.762608259916305542e-02 1.648601330816745758e-02 5.399667471647262573e-02 3.157427906990051270e-02 3.222545608878135681e-02 1.422780565917491913e-03 3.981499001383781433e-02 5.561048537492752075e-02 6.838067900389432907e-03 5.452794954180717468e-02 7.000874727964401245e-02 3.603427438065409660e-03 1.084948610514402390e-02 1.265502627938985825e-02 5.185525864362716675e-03 1.747636869549751282e-02 3.876758739352226257e-02 7.763228844851255417e-03 2.647231519222259521e-02 4.453251603990793228e-03 2.868407778441905975e-02 2.007779432460665703e-03 1.595829986035823822e-02 2.931809984147548676e-02 5.227968469262123108e-02 2.326742857694625854e-01 1.671858876943588257e-01 8.557825349271297455e-03 1.184971071779727936e-02 8.205848932266235352e-02 4.455341026186943054e-02 1.822176724672317505e-01 2.101584970951080322e-01 5.689577385783195496e-02 2.098616771399974823e-02 2.618248015642166138e-02 4.557102173566818237e-02 3.118852525949478149e-02 2.744588442146778107e-02 1.828541979193687439e-02 9.049577638506889343e-03 2.698508091270923615e-02 7.017141580581665039e-02 4.428279027342796326e-02 5.232420191168785095e-02 7.871382869780063629e-03 1.367132761515676975e-03 3.306496888399124146e-02 3.562179394066333771e-03 3.293019160628318787e-02 5.304294172674417496e-03 1.480849087238311768e-01 4.573622345924377441e-02 1.426751725375652313e-02 2.694094181060791016e-02 3.984781354665756226e-02 2.443234995007514954e-02 1.325131207704544067e-02 5.156048387289047241e-02 2.502865530550479889e-02 2.799531072378158569e-02
1.397259626537561417e-02 3.676759451627731323e-02 1.988049224019050598e-02 3.759581968188285828e-02 5.164653994143009186e-04 3.841146081686019897e-02 9.029950946569442749e-03 1.223415718413889408e-03 1.202234849333763123e-01 4.694527760148048401e-02 5.134548619389533997e-02 8.439452946186065674e-02 2.699899952858686447e-03 6.496356427669525146e-02 4.391780495643615723e-02 3.436793759465217590e-02 2.151107182726264000e-03 1.761473566293716431e-01 3.974165767431259155e-02 4.363182932138442993e-02 1.871951855719089508e-03 6.996811134740710258e-04 3.934697061777114868e-02 7.523001171648502350e-03 2.923565357923507690e-02 1.264396216720342636e-02 6.128272414207458496e-02 2.266568504273891449e-02 2.903487533330917358e-02 2.131310664117336273e-02 1.029914058744907379e-02 4.260841757059097290e-03 1.156051177531480789e-02 1.122343726456165314e-02 1.652746088802814484e-02 4.467460885643959045e-02 6.606054375879466534e-04 1.069088838994503021e-02 1.447728183120489120e-02 1.109798811376094818e-02 2.110148966312408447e-02 1.880903169512748718e-02 2.288926020264625549e-02 9.454276412725448608e-03 2.807009033858776093e-02 1.401993446052074432e-02 3.015244938433170319e-02 6.169123947620391846e-02 1.782950945198535919e-02 4.026506468653678894e-02 1.198176946491003036e-02 4.419169202446937561e-02 1.159312296658754349e-02 3.140803053975105286e-02 8.524725586175918579e-02 1.458165794610977173e-02 1.836900599300861359e-02 2.600751630961894989e-02 7.705595809966325760e-03 1.928903395310044289e-03 3.753711655735969543e-02 1.871400326490402222e-02 4.654457792639732361e-02 5.924033746123313904e-02 3.817044571042060852e-02 2.331364341080188751e-02 2.465540543198585510e-02 1.124037057161331177e-02 7.357244193553924561e-02 1.156263239681720734e-02 1.675913808867335320e-03 1.009212136268615723e-01 3.160115703940391541e-02 2.130756340920925140e-02 1.068884506821632385e-02 8.921816200017929077e-02 1.676912605762481689e-01 7.997981458902359009e-02 1.421511173248291016e-01 6.610447913408279419e-02 3.357451641932129860e-03 9.138012304902076721e-03 1.186577379703521729e-01 4.362646490335464478e-02 1.541641820222139359e-02 1.813236996531486511e-02 2.253702282905578613e-02 2.004597568884491920e-03 4.702339321374893188e-02 1.892301486805081367e-03 8.176377043128013611e-03 3.365756012499332428e-03 3.119034878909587860e-02 3.460760042071342468e-02 4.386722296476364136e-02 3.094386495649814606e-02 1.622802764177322388e-02 2.671554870903491974e-02 1.264229323714971542e-02 1.628549955785274506e-02 5.343215912580490112e-02 8.510828018188476562e-03 1.670618541538715363e-02 1.110917981714010239e-02 3.623153641819953918e-02 6.323083071038126945e-04 4.382798820734024048e-02 6.027918308973312378e-02 4.725693538784980774e-02 2.074735937640070915e-03 4.527202248573303223e-02 3.721059858798980713e-02 2.693651942536234856e-03 2.441265387460589409e-03 3.221016377210617065e-02 3.774585574865341187e-02
4.088133201003074646e-02 4.570652171969413757e-02 1.008488610386848450e-02 4.630289971828460693e-02 5.030518397688865662e-02 2.857150137424468994e-02 2.023081481456756592e-02 1.983467489480972290e-02 4.694527760148048401e-02 1.398427933454513550e-01 4.534547403454780579e-02 3.626878932118415833e-02 4.294664785265922546e-02 6.862349063158035278e-02 6.451211869716644287e-02 3.300933912396430969e-02 5.327323824167251587e-02 5.901705008000135422e-03 8.959228545427322388e-02 2.737663162406533957e-04 3.782846033573150635e-02 3.219898045063018799e-02 5.879871174693107605e-02 5.921880714595317841e-03 8.927677758038043976e-03 4.796609655022621155e-02 1.939280517399311066e-02 1.402967274188995361e-01 5.271457880735397339e-02 5.707895383238792419e-02 2.318716980516910553e-02 3.336551412940025330e-02 2.482810057699680328e-02 2.256069891154766083e-02 4.198160953819751740e-03 1.654165796935558319e-02 8.180120587348937988e-02 1.060666795819997787e-02 3.799849748611450195e-02 6.226039305329322815e-02 1.499419659376144409e-02 1.684314198791980743e-02 3.290764987468719482e-02 1.344365160912275314e-02 4.155685007572174072e-02 2.472798340022563934e-02 9.562782943248748779e-03 2.793746069073677063e-02 6.609319243580102921e-03 6.963273882865905762e-02 1.984384469687938690e-02 5.248566344380378723e-02 2.099317125976085663e-02 3.151183575391769409e-02 3.124609589576721191e-02 7.319841533899307251e-02 2.385417371988296509e-02 2.628676779568195343e-02 7.956889271736145020e-02 5.944891273975372314e-02 1.508957799524068832e-02 5.639808997511863708e-02 2.591115422546863556e-02 2.144254371523857117e-02 3.865036740899085999e-02 1.388913672417402267e-02 3.780946508049964905e-02 6.930774077773094177e-03 4.916947707533836365e-02 7.058029621839523315e-02 8.712274022400379181e-03 3.795743733644485474e-02 1.154026575386524200e-02 1.035962775349617004e-01 3.905142098665237427e-02 1.693208515644073486e-02 4.456773400306701660e-03 2.248667925596237183e-01 4.159184545278549194e-02 1.786814182996749878e-01 4.103321582078933716e-03 4.378559440374374390e-02 1.226096320897340775e-02 4.141646251082420349e-02 2.137448405846953392e-03 6.053999438881874084e-02 9.572665207087993622e-03 4.704512283205986023e-02 6.068691611289978027e-02 6.215369701385498047e-02 1.337449904531240463e-02 9.318691678345203400e-03 8.241004310548305511e-03 6.179321184754371643e-02 2.667391300201416016e-02 4.263716284185647964e-03 5.474244803190231323e-02 3.847793675959110260e-03 3.016194514930248260e-02 4.583799839019775391e-02 5.990610644221305847e-02 4.747575893998146057e-02 8.401796221733093262e-03 2.295002155005931854e-02 1.321462355554103851e-02 1.507332455366849899e-02 3.096771240234375000e-02 3.311832994222640991e-02 2.391834557056427002e-02 3.103761933743953705e-02 6.722640991210937500e-02 2.391579560935497284e-02 2.596154808998107910e-02 1.113010570406913757e-01 2.806607261300086975e-02 5.422674492001533508e-02
8.748670667409896851e-02 7.472278177738189697e-02 2.131393551826477051e-02 2.235607244074344635e-02 4.400856420397758484e-02 5.823962762951850891e-02 4.565741121768951416e-02 5.912896618247032166e-02 5.134548619389533997e-02 4.534547403454780579e-02 4.425374791026115417e-02 4.187588021159172058e-02 1.601201295852661133e-01 3.259473014622926712e-03 7.037112861871719360e-02 2.330893464386463165e-02 3.706445544958114624e-02 1.694244518876075745e-02 3.503182157874107361e-02 5.130668170750141144e-03 5.355045199394226074e-02 2.713104896247386932e-02 1.038543693721294403e-02 1.380038331262767315e-03 6.519502494484186172e-04 5.924477707594633102e-03 3.478298336267471313e-02 6.667457520961761475e-02 3.969548735767602921e-03 3.015955537557601929e-02 4.621996730566024780e-02 1.151926815509796143e-02 5.251285061240196228e-02 2.771183475852012634e-02 4.477636516094207764e-02 1.877029612660408020e-02 5.246955528855323792e-02 1.349901873618364334e-02 2.858479274436831474e-03 4.293807223439216614e-02 9.904717095196247101e-03 3.282872587442398071e-02 3.448925167322158813e-02 1.598043949343264103e-03 5.963542032986879349e-03 1.042006260831840336e-04 8.443280309438705444e-02 3.335474431514739990e-02 5.478658527135848999e-02 5.787188932299613953e-02 2.461605519056320190e-02 3.761903941631317139e-02 7.662780582904815674e-03 1.882539130747318268e-02 4.004694893956184387e-02 1.472955010831356049e-02 1.170243043452501297e-02 5.380744114518165588e-02 3.756981343030929565e-02 2.665997669100761414e-02 3.838785365223884583e-02 1.150574069470167160e-02 7.564619928598403931e-02 1.217882242053747177e-02 6.625274568796157837e-02 1.469433214515447617e-02 3.180085495114326477e-02 2.302724309265613556e-02 9.270666050724685192e-04 1.294719893485307693e-02 3.739152476191520691e-02 6.466989405453205109e-03 1.355026382952928543e-02 4.145191609859466553e-02 6.744467187672853470e-03 1.059125084429979324e-02 1.343269832432270050e-02 1.946625113487243652e-02 5.085989087820053101e-02 1.073606591671705246e-02 2.503908053040504456e-02 1.538521330803632736e-02 3.570136055350303650e-02 3.755165636539459229e-02 3.976835403591394424e-03 1.685720309615135193e-02 9.486126899719238281e-02 7.843404263257980347e-02 2.709109522402286530e-02 1.604195497930049896e-02 4.764457698911428452e-03 9.576229751110076904e-02 2.175893075764179230e-02 2.428595907986164093e-02 3.251276537775993347e-02 4.689234308898448944e-03 7.474667858332395554e-03 1.554289367049932480e-02 5.729669705033302307e-02 2.918265387415885925e-02 2.526933699846267700e-02 2.040211111307144165e-02 5.112100392580032349e-03 1.405621878802776337e-02 3.715549409389495850e-02 2.236478030681610107e-02 1.571628823876380920e-02 7.400862872600555420e-02 4.184632003307342529e-02 4.752487316727638245e-02 1.916399598121643066e-02 1.586701907217502594e-02 4.338548332452774048e-02 5.204450711607933044e-02 3.548979759216308594e-02 8.812205633148550987e-04
1.681994833052158356e-02 3.526783734560012817e-02 3.684516251087188721e-02 1.843793503940105438e-02 6.579072680324316025e-03 1.844822429120540619e-02 6.647777045145630836e-04 1.049130456522107124e-03 8.439452946186065674e-02 3.626878932118415833e-02 4.187588021159172058e-02 1.558252871036529541e-01 2.053077891469001770e-02 3.885595202445983887e-01 6.240249052643775940e-02 4.997223988175392151e-02 1.791478507220745087e-02 2.567639946937561035e-02 2.334304898977279663e-02 9.130775928497314453e-03 2.701085433363914490e-02 4.767775535583496094e-03 9.055324643850326538e-02 6.749171763658523560e-02 1.653749682009220123e-02 1.120643597096204758e-02 1.358502358198165894e-02 1.375111341476440430e-01 7.777929771691560745e-03 4.376997798681259155e-02 4.791923984885215759e-02 1.719367690384387970e-02 2.866239473223686218e-02 2.505034580826759338e-02 2.090800739824771881e-02 2.319902926683425903e-02 1.217209734022617340e-02 3.182565793395042419e-02 1.755269058048725128e-02 2.458961121737957001e-02 8.163521066308021545e-03 3.542418032884597778e-02 4.297344386577606201e-02 3.413553163409233093e-02 4.166631773114204407e-02 8.185198903083801270e-02 3.811440616846084595e-02 1.291646510362625122e-01 4.975097253918647766e-02 1.149882655590772629e-02 1.472483389079570770e-02 5.993976816534996033e-02 1.570409908890724182e-02 2.070906013250350952e-02 2.952351793646812439e-02 3.854668140411376953e-02 6.021704059094190598e-03 5.156000331044197083e-02 1.319091394543647766e-02 7.564974483102560043e-03 4.333552345633506775e-02 4.311820119619369507e-02 9.864661842584609985e-03 4.126527160406112671e-02 2.187377959489822388e-02 5.071857571601867676e-02 4.838426131755113602e-03 2.167916856706142426e-02 4.411803185939788818e-02 1.684822887182235718e-02 1.905404590070247650e-02 9.869996458292007446e-02 5.631866864860057831e-03 2.487368136644363403e-02 3.738716989755630493e-02 7.182616740465164185e-02 7.956307381391525269e-02 7.144586741924285889e-02 6.926058977842330933e-02 3.511977568268775940e-02 2.895703911781311035e-02 4.505496844649314880e-02 9.240657091140747070e-02 1.055698934942483902e-02 3.555218130350112915e-02 1.071641128510236740e-02 1.969140022993087769e-02 2.390001527965068817e-02 1.884318590164184570e-01 1.121151819825172424e-01 3.462382405996322632e-02 9.487942792475223541e-03 5.669797211885452271e-02 7.191658020019531250e-03 4.225284978747367859e-02 2.515812590718269348e-02 3.307227790355682373e-02 9.189868345856666565e-03 1.299700047820806503e-02 3.310693427920341492e-02 1.278344169259071350e-02 3.935988619923591614e-02 8.180185221135616302e-03 3.993497230112552643e-03 1.657375320792198181e-02 2.011545747518539429e-02 4.863850772380828857e-02 4.747016727924346924e-02 4.828650504350662231e-03 5.996650084853172302e-02 2.255676779896020889e-03 1.113369539380073547e-01 3.616336500272154808e-03 4.330425709486007690e-02 4.051384702324867249e-02 1.526092085987329483e-02
1.150235384702682495e-01 1.591781973838806152e-01 2.204555459320545197e-02 3.648439794778823853e-02 6.272347178310155869e-03 4.592420905828475952e-02 8.034833520650863647e-02 9.023901075124740601e-02 2.699899952858686447e-03 4.294664785265922546e-02 1.601201295852661133e-01 2.053077891469001770e-02 1.197362765669822693e-01 1.404981408268213272e-02 1.008584499359130859e-01 8.750068955123424530e-03 1.219688821583986282e-02 1.721910946071147919e-02 2.101072110235691071e-02 2.883471362292766571e-02 3.105795010924339294e-02 5.004766210913658142e-02 1.781952753663063049e-02 4.868787713348865509e-03 8.694050484336912632e-04 1.152352429926395416e-02 2.880297601222991943e-02 7.572292536497116089e-02 5.581617355346679688e-02 5.077036842703819275e-02 7.704440038651227951e-03 2.617368940263986588e-03 9.195812046527862549e-03 1.340558845549821854e-02 1.486491691321134567e-02 3.015608526766300201e-02 6.588524207472801208e-03 9.504577028565108776e-04 5.678969994187355042e-02 3.828361630439758301e-02 4.077328369021415710e-03 2.648006193339824677e-02 2.348879165947437286e-02 6.154036521911621094e-02 3.990187868475914001e-02 4.772523045539855957e-02 6.787243485450744629e-02 1.672224886715412140e-02 5.741334985941648483e-03 1.625856943428516388e-02 3.674830496311187744e-02 8.220218122005462646e-02 6.674401462078094482e-02 1.007844507694244385e-01 5.341517273336648941e-03 6.985970586538314819e-02 4.002967476844787598e-02 5.513754859566688538e-02 7.641602307558059692e-02 6.656850129365921021e-02 7.768934592604637146e-03 3.582993894815444946e-02 1.531143859028816223e-02 1.423897035419940948e-02 1.772722601890563965e-02 1.661603152751922607e-01 3.837774693965911865e-02 4.657026752829551697e-02 3.269371762871742249e-02 1.685461215674877167e-02 1.580350217409431934e-03 2.766205742955207825e-02 4.636453092098236084e-02 3.440557420253753662e-02 6.587951793335378170e-04 3.624600823968648911e-03 1.350984815508127213e-02 9.359111078083515167e-03 7.867817580699920654e-02 7.969209551811218262e-02 1.709759049117565155e-02 2.022994868457317352e-02 1.696898974478244781e-02 1.832649810239672661e-03 2.676055394113063812e-02 1.365242712199687958e-02 6.838558614253997803e-02 9.005606919527053833e-02 5.191602930426597595e-02 1.392352674156427383e-02 1.591389440000057220e-02 1.127424743026494980e-02 5.065604299306869507e-02 2.498474717140197754e-02 1.019756216555833817e-02 1.768310181796550751e-02 3.017659299075603485e-02 3.633023053407669067e-02 2.092081122100353241e-02 3.907294478267431259e-03 4.535014159046113491e-04 2.036426961421966553e-02 3.250935673713684082e-02 7.390663027763366699e-03 1.875917427241802216e-02 2.834735065698623657e-02 7.400456233881413937e-04 4.830557852983474731e-02 7.325370796024799347e-03 5.195177346467971802e-02 1.587755791842937469e-02 5.453558638691902161e-02 1.946175470948219299e-02 8.329808712005615234e-02 4.623888432979583740e-02 2.590467967092990875e-02
