1.047333925962448120e-01 1.376390308141708374e-01 5.826081032864749432e-04 2.809850499033927917e-02 4.315918684005737305e-02 1.313122808933258057e-01 7.264238595962524414e-02 4.073556512594223022e-03 1.986571773886680603e-02 1.200180966407060623e-02 1.165478602051734924e-01 6.319346278905868530e-02 1.240446567535400391e-01 3.581279143691062927e-02 5.823073536157608032e-02 2.768804877996444702e-02 2.018657326698303223e-02 9.349492378532886505e-03 3.708583116531372070e-02 8.303110301494598389e-02 5.631055310368537903e-02 6.015438213944435120e-02 3.136859834194183350e-02 4.513389244675636292e-02 3.832942992448806763e-02 1.622238382697105408e-02 4.976732283830642700e-02 3.376859053969383240e-02 6.333065778017044067e-02 3.307094052433967590e-02 1.448496012017130852e-03 2.856067381799221039e-02 1.906227879226207733e-02 2.287972019985318184e-03 4.228492453694343567e-02 1.016950793564319611e-02 4.374991636723279953e-03 3.841755911707878113e-03 1.229466521181166172e-03 1.461461652070283890e-02 4.743569344282150269e-02 5.947475787252187729e-03 5.850411206483840942e-02 4.054721072316169739e-02 5.248465016484260559e-02 2.741821855306625366e-02 6.581520289182662964e-02 3.093033470213413239e-02 2.500763349235057831e-02 2.153304964303970337e-02 1.315889507532119751e-02 1.193507574498653412e-02 3.816157206892967224e-02 1.394851878285408020e-02 1.285194791853427887e-02 2.917287871241569519e-02 4.239416122436523438e-02 5.037863552570343018e-02 3.125284239649772644e-02 5.160197615623474121e-02 4.807350784540176392e-02 2.053160220384597778e-02 3.971606492996215820e-02 2.856498025357723236e-02 2.143341116607189178e-03 2.702034823596477509e-02 1.678036898374557495e-02 1.047444902360439301e-02 8.805335313081741333e-02 1.704769767820835114e-02 2.071952633559703827e-02 2.935526892542839050e-02 1.816511712968349457e-02 1.314090564846992493e-02 1.622314937412738800e-02 3.110404126346111298e-02 5.655951052904129028e-02 1.390463020652532578e-02 2.065347507596015930e-02 9.671663865447044373e-03 2.522575296461582184e-02 4.555822536349296570e-02 1.098479889333248138e-02 3.157860366627573967e-03 4.931267350912094116e-03 7.142128422856330872e-03 8.267837576568126678e-03 7.463929802179336548e-02 3.118306864053010941e-03 2.034831850323826075e-04 2.889511361718177795e-02 6.747341249138116837e-03 2.643021009862422943e-02 4.945851117372512817e-02 2.704215422272682190e-02 2.122583799064159393e-02 2.055586548522114754e-03 3.017161227762699127e-02 6.151134893298149109e-02 5.874954536557197571e-02 4.451384395360946655e-02 1.609310880303382874e-02 2.199249900877475739e-02 6.608514115214347839e-03 6.478904187679290771e-02 2.730558253824710846e-02 3.771477192640304565e-02 2.466768771409988403e-02 5.787775292992591858e-02 9.410313330590724945e-03 4.194183647632598877e-02 3.468739613890647888e-02 5.263026803731918335e-03 4.747081920504570007e-02 2.491676621139049530e-02 8.980154991149902344e-03
1.376390308141708374e-01 9.114646166563034058e-02 4.757954180240631104e-02 2.626215852797031403e-02 3.597095608711242676e-03 1.034981608390808105e-01 8.798069506883621216e-02 3.191654384136199951e-02 3.723847121000289917e-02 3.030904754996299744e-02 8.692133426666259766e-02 5.352163314819335938e-02 1.088277697563171387e-01 7.359732687473297119e-02 3.617743775248527527e-02 1.962420716881752014e-02 1.826986670494079590e-02 1.013641152530908585e-02 6.965877953916788101e-03 7.829644531011581421e-02 8.656124770641326904e-02 2.033600211143493652e-02 6.876763701438903809e-02 1.919384859502315521e-02 4.109355062246322632e-02 2.756071276962757111e-02 1.941301487386226654e-02 1.205001957714557648e-02 1.882065786048769951e-03 6.597669422626495361e-02 4.333008080720901489e-02 1.292381808161735535e-02 9.171030484139919281e-03 4.259008914232254028e-02 3.067055344581604004e-02 1.507758770458167419e-05 2.193914726376533508e-02 9.785687550902366638e-03 2.834612876176834106e-02 6.255139596760272980e-03 1.901444233953952789e-02 1.685676863417029381e-03 5.881137028336524963e-02 2.190576307475566864e-02 2.335182577371597290e-02 5.249357968568801880e-02 5.214359983801841736e-02 4.863762855529785156e-02 7.454522419720888138e-03 1.326663605868816376e-02 3.434560820460319519e-02 3.127007931470870972e-02 4.294302687048912048e-02 2.809175290167331696e-02 4.834996536374092102e-02 2.865942940115928650e-02 4.029482975602149963e-02 6.297569256275892258e-03 2.321062795817852020e-02 3.641553595662117004e-02 8.309213072061538696e-02 3.349749138578772545e-03 4.514994099736213684e-02 4.391834139823913574e-02 3.895553201436996460e-02 1.880419091321527958e-03 1.303388550877571106e-02 4.731078818440437317e-02 1.089691184461116791e-02 3.903436288237571716e-02 1.046611648052930832e-02 3.754423931241035461e-03 1.600922271609306335e-02 3.357540443539619446e-02 2.838522195816040039e-02 8.782627992331981659e-03 2.753461338579654694e-02 4.414852708578109741e-03 2.447342872619628906e-02 6.527950614690780640e-02 4.037266969680786133e-02 7.589720655232667923e-03 3.061266429722309113e-02 3.230292350053787231e-02 9.980124887079000473e-04 7.688091136515140533e-03 1.290257554501295090e-02 3.872802481055259705e-02 1.159670669585466385e-02 3.869634121656417847e-02 1.605302467942237854e-02 5.901675298810005188e-02 4.864861071109771729e-02 3.527608513832092285e-02 3.076749294996261597e-02 2.603758126497268677e-02 5.652249325066804886e-03 2.429988794028759003e-02 4.169105365872383118e-02 6.537947058677673340e-02 4.597144201397895813e-02 1.527938060462474823e-02 5.478260666131973267e-02 3.387391567230224609e-02 3.899751603603363037e-02 3.466455265879631042e-02 2.982085337862372398e-03 6.162628065794706345e-03 5.042538046836853027e-02 2.295452542603015900e-02 1.713621616363525391e-02 5.729817599058151245e-02 4.820597544312477112e-02 3.209957107901573181e-02 5.569269135594367981e-02 4.519294947385787964e-03
5.826081032864749432e-04 4.757954180240631104e-02 2.182421647012233734e-02 9.832486510276794434e-03 1.985984109342098236e-02 9.423218667507171631e-03 1.212083175778388977e-02 2.069061398506164551e-01 3.712292015552520752e-02 3.742619603872299194e-02 1.778173260390758514e-02 7.288593333214521408e-03 4.057885613292455673e-03 2.211607061326503754e-03 3.038649819791316986e-02 6.334003061056137085e-02 8.158862590789794922e-03 5.467963218688964844e-02 3.326403722167015076e-02 5.049918591976165771e-02 5.095077678561210632e-02 4.989188537001609802e-02 3.653710708022117615e-02 8.355173282325267792e-03 4.824951291084289551e-02 4.054013639688491821e-02 3.010637871921062469e-02 4.681050777435302734e-02 7.619477342814207077e-03 1.485918182879686356e-02 2.585201151669025421e-02 2.285988256335258484e-02 1.620745807886123657e-01 7.837140560150146484e-02 4.196637868881225586e-02 1.118228188715875149e-03 1.997272111475467682e-02 5.203270167112350464e-02 4.068289697170257568e-02 4.486238118261098862e-03 5.747545883059501648e-02 3.344001015648245811e-03 1.293532457202672958e-02 2.670622766017913818e-01 3.986365161836147308e-03 2.866683714091777802e-02 3.565311431884765625e-02 3.340880200266838074e-02 3.670064732432365417e-02 1.708144880831241608e-02 2.459414862096309662e-02 7.364128250628709793e-03 2.057428471744060516e-02 2.293154224753379822e-02 3.211206197738647461e-02 7.073169946670532227e-02 1.080930307507514954e-01 5.824075266718864441e-02 2.590685896575450897e-02 3.668171167373657227e-02 1.853769086301326752e-02 4.057527985423803329e-03 6.318640708923339844e-02 1.193495467305183411e-02 4.707300662994384766e-02 3.373375535011291504e-02 5.170280113816261292e-02 4.684757813811302185e-02 1.656834408640861511e-02 1.281882543116807938e-02 4.962403699755668640e-02 5.944323539733886719e-02 5.348877049982547760e-03 2.634801343083381653e-02 1.030377224087715149e-01 5.229083076119422913e-02 2.844169922173023224e-02 4.665640741586685181e-02 3.225712105631828308e-02 5.619107186794281006e-02 9.400565177202224731e-02 8.177950978279113770e-02 1.557214278727769852e-02 3.957615420222282410e-02 7.863104343414306641e-03 5.576046556234359741e-02 8.797584474086761475e-02 1.682941429316997528e-02 6.999944150447845459e-02 7.983680069446563721e-02 3.338680043816566467e-02 2.211955748498439789e-02 3.387420624494552612e-02 5.316096171736717224e-02 1.263612695038318634e-02 2.695163525640964508e-02 5.715350061655044556e-02 1.228221692144870758e-02 1.309554278850555420e-02 8.892587572336196899e-02 4.324263706803321838e-02 2.818800136446952820e-02 5.202361568808555603e-02 1.053691804409027100e-01 7.261826843023300171e-02 2.167091146111488342e-02 4.935421794652938843e-02 4.104909673333168030e-02 4.700269922614097595e-02 8.816934190690517426e-03 2.255680598318576813e-02 8.928520232439041138e-02 9.693705476820468903e-03 7.303265389055013657e-03 7.710394263267517090e-02 3.249112982302904129e-03
2.809850499033927917e-02 2.626215852797031403e-02 9.832486510276794434e-03 4.326848313212394714e-02 1.175569221377372742e-01 1.755654439330101013e-02 1.073541305959224701e-02 1.336435135453939438e-02 5.022714659571647644e-02 3.501315414905548096e-02 4.160848446190357208e-03 3.116787225008010864e-02 1.580766029655933380e-02 1.541656814515590668e-02 2.766474708914756775e-02 3.155512362718582153e-02 4.858649894595146179e-02 4.011547937989234924e-02 5.087463930249214172e-02 2.628082223236560822e-02 6.368634104728698730e-02 1.260071434080600739e-02 1.011025067418813705e-02 3.384480997920036316e-02 2.973893284797668457e-02 5.449270084500312805e-02 4.236594587564468384e-02 4.843373596668243408e-02 5.161270499229431152e-03 8.052769303321838379e-02 5.915661342442035675e-03 2.810575067996978760e-02 4.287469387054443359e-02 2.430075593292713165e-02 3.608653694391250610e-02 2.452400699257850647e-02 3.369067609310150146e-02 2.964467974379658699e-03 6.229392439126968384e-02 1.924467459321022034e-02 4.898303002119064331e-02 5.220272392034530640e-02 2.260556258261203766e-02 8.809418417513370514e-03 2.605100348591804504e-02 2.576784417033195496e-02 1.624187640845775604e-02 2.482677111402153969e-03 2.111688815057277679e-02 2.147412626072764397e-03 1.597353629767894745e-02 2.213360555469989777e-02 3.877985291182994843e-03 8.531317114830017090e-03 5.129458010196685791e-02 2.719180472195148468e-02 3.486090898513793945e-02 5.058926716446876526e-02 6.668803980574011803e-04 9.644257836043834686e-03 9.935676120221614838e-03 1.577810570597648621e-02 8.094702661037445068e-02 8.313280344009399414e-02 3.092077793553471565e-03 1.932435482740402222e-02 3.654946386814117432e-02 6.068942695856094360e-02 2.887183055281639099e-02 2.676449529826641083e-02 6.447949260473251343e-02 1.083780638873577118e-02 1.541026234626770020e-01 1.597292535006999969e-02 1.059788912534713745e-01 1.136326231062412262e-02 1.884802989661693573e-02 6.157426908612251282e-02 2.997023239731788635e-02 4.212387651205062866e-02 7.602818310260772705e-02 2.239693701267242432e-02 1.527723520994186401e-01 2.206465601921081543e-02 4.269461706280708313e-02 2.768083289265632629e-02 4.795724526047706604e-03 2.729593217372894287e-02 3.186667710542678833e-02 1.498669665306806564e-02 1.647154614329338074e-02 5.987953394651412964e-03 5.150308366864919662e-03 2.795676700770854950e-03 5.450208485126495361e-02 2.475794404745101929e-02 2.444652840495109558e-02 5.162495374679565430e-02 1.111987978219985962e-02 1.900501735508441925e-02 4.074682667851448059e-02 2.294249646365642548e-02 3.528598695993423462e-02 1.128329802304506302e-02 1.078957226127386093e-02 1.928122155368328094e-02 1.487373746931552887e-02 1.696395315229892731e-02 1.218955870717763901e-02 6.504364311695098877e-02 1.641683466732501984e-02 2.868042513728141785e-02 1.821094565093517303e-02 1.009044144302606583e-02 3.268367052078247070e-02 1.696621999144554138e-02
4.315918684005737305e-02 3.597095608711242676e-03 1.985984109342098236e-02 1.175569221377372742e-01 3.678159415721893311e-02 1.238467264920473099e-02 1.257810834795236588e-02 1.031797565519809723e-02 4.954427853226661682e-02 6.936678290367126465e-02 7.469828706234693527e-03 2.554859966039657593e-02 1.639100536704063416e-02 6.999904662370681763e-02 3.095349483191967010e-02 2.833232097327709198e-02 2.081820927560329437e-02 1.213855668902397156e-01 6.789350509643554688e-02 5.360901355743408203e-02 3.627224266529083252e-02 2.908231504261493683e-02 1.595326885581016541e-02 3.917353600263595581e-02 3.511107712984085083e-02 4.682892933487892151e-02 8.074122597463428974e-04 8.143217302858829498e-03 6.878194399178028107e-04 1.479303184896707535e-02 3.932727873325347900e-02 9.118324378505349159e-04 4.030940681695938110e-02 2.362136170268058777e-02 1.964686624705791473e-02 1.982490532100200653e-02 3.232162073254585266e-02 1.539591606706380844e-02 5.417913198471069336e-02 2.147621065378189087e-01 1.564467698335647583e-02 2.342207543551921844e-02 1.177059412002563477e-01 1.924153231084346771e-02 5.453430116176605225e-03 3.992944583296775818e-02 4.739461001008749008e-03 2.592774108052253723e-02 2.623407170176506042e-02 2.762995846569538116e-02 2.004325203597545624e-02 1.532437838613986969e-02 3.632363677024841309e-02 3.871538862586021423e-02 2.280809730291366577e-02 7.964904606342315674e-02 1.432995498180389404e-02 5.359520763158798218e-02 2.022477984428405762e-02 3.282981365919113159e-02 2.199442312121391296e-02 5.257427692413330078e-02 5.396736040711402893e-02 6.105776992626488209e-04 2.833046764135360718e-02 1.213252078741788864e-03 6.703025102615356445e-02 4.625537618994712830e-02 2.870104275643825531e-02 1.625382527709007263e-02 3.493735194206237793e-02 6.074404716491699219e-02 9.818042814731597900e-02 5.617985874414443970e-02 1.833509653806686401e-01 3.857207298278808594e-02 8.254247158765792847e-02 3.832512348890304565e-02 4.277762398123741150e-02 4.943220689892768860e-02 6.904608756303787231e-02 4.619897529482841492e-02 1.868585646152496338e-01 4.859939962625503540e-02 5.804081633687019348e-02 5.029765143990516663e-02 2.442174963653087616e-02 9.162458591163158417e-03 3.394071757793426514e-02 1.212003920227289200e-02 3.643884789198637009e-03 1.633610948920249939e-02 3.560825437307357788e-02 1.317157689481973648e-02 5.759029462933540344e-02 3.381045162677764893e-02 5.212771520018577576e-02 4.102179408073425293e-02 4.995264112949371338e-02 2.666838653385639191e-02 3.448943607509136200e-03 7.050847262144088745e-02 4.293147474527359009e-03 5.035351216793060303e-02 6.511420756578445435e-02 2.478940412402153015e-02 1.200695708394050598e-02 7.943470031023025513e-03 5.129534006118774414e-02 5.691022146493196487e-03 5.683766677975654602e-02 6.028990820050239563e-02 1.327831484377384186e-02 1.126622664742171764e-03 4.416355863213539124e-02 8.047023788094520569e-03
1.313122808933258057e-01 1.034981608390808105e-01 9.423218667507171631e-03 1.755654439330101013e-02 1.238467264920473099e-02 7.128825038671493530e-02 1.375942379236221313e-01 1.182744745165109634e-02 1.953237131237983704e-02 5.250301584601402283e-02 8.338620513677597046e-02 7.848790287971496582e-02 9.279181808233261108e-02 1.070389822125434875e-01 2.054753899574279785e-02 3.784645348787307739e-02 1.393195893615484238e-02 4.408802092075347900e-02 6.060327589511871338e-02 2.166580222547054291e-02 7.241809368133544922e-02 5.043456330895423889e-02 9.697388112545013428e-02 7.336449623107910156e-02 4.978195950388908386e-02 3.210457414388656616e-02 1.661290973424911499e-02 3.831753879785537720e-02 5.281335860490798950e-02 6.244630366563796997e-02 3.378133475780487061e-02 1.922467350959777832e-02 6.826627533882856369e-03 2.333448641002178192e-02 3.539368743076920509e-03 4.421715438365936279e-02 2.935987338423728943e-02 1.150896027684211731e-02 4.467498138546943665e-02 2.598664909601211548e-02 1.296021696180105209e-02 7.326855557039380074e-04 2.108360826969146729e-02 8.530195057392120361e-02 2.636526338756084442e-02 2.461374178528785706e-02 1.087421923875808716e-01 4.298026487231254578e-02 2.564682997763156891e-02 3.206451609730720520e-02 2.298302203416824341e-02 3.007501177489757538e-02 7.596827112138271332e-03 1.795224659144878387e-02 7.293361239135265350e-03 4.396294802427291870e-02 3.160453960299491882e-02 2.276263199746608734e-02 1.293451059609651566e-02 5.566672608256340027e-02 2.990935370326042175e-02 3.585854917764663696e-02 9.899140335619449615e-03 3.741541132330894470e-02 7.040886208415031433e-03 3.760645166039466858e-02 1.495337300002574921e-02 1.949997805058956146e-02 4.373023658990859985e-02 2.868903055787086487e-02 2.623766846954822540e-02 1.274779206141829491e-03 3.852763399481773376e-02 2.820822969079017639e-02 4.849206190556287766e-03 1.116947177797555923e-02 2.139933407306671143e-03 6.238193809986114502e-02 2.985847927629947662e-02 6.549734622240066528e-02 2.075000479817390442e-02 1.027674414217472076e-02 3.178311884403228760e-02 5.201345775276422501e-03 2.391458489000797272e-02 2.466940321028232574e-02 2.140249498188495636e-02 7.012800127267837524e-02 2.719921059906482697e-02 3.792973002418875694e-04 7.801740430295467377e-03 1.870874315500259399e-02 2.207372337579727173e-02 2.622842416167259216e-02 2.271153405308723450e-02 4.212446138262748718e-02 1.833727769553661346e-02 2.319185994565486908e-02 1.634005270898342133e-02 7.951911538839340210e-03 4.819161444902420044e-02 1.104306057095527649e-02 4.130376130342483521e-02 6.416920572519302368e-02 6.689522415399551392e-03 5.479503795504570007e-02 9.750805795192718506e-03 3.873659588862210512e-04 7.266877591609954834e-02 2.562514878809452057e-02 3.523520752787590027e-02 1.092093158513307571e-02 4.568169265985488892e-02 3.256653249263763428e-02 6.189800053834915161e-02 6.783518940210342407e-02
7.264238595962524414e-02 8.798069506883621216e-02 1.212083175778388977e-02 1.073541305959224701e-02 1.257810834795236588e-02 1.375942379236221313e-01 7.905413955450057983e-02 1.988390646874904633e-02 1.631550677120685577e-02 8.853166364133358002e-03 8.232642710208892822e-02 9.759455919265747070e-03 6.692746281623840332e-02 5.159796029329299927e-02 1.622652821242809296e-02 1.519405376166105270e-02 9.898011572659015656e-03 4.206482693552970886e-02 6.113469600677490234e-02 1.166851539164781570e-02 3.583784773945808411e-02 2.790488768368959427e-03 1.869996264576911926e-02 7.487118989229202271e-02 7.129552308470010757e-03 3.787151351571083069e-02 3.203524276614189148e-02 5.242282524704933167e-03 6.462797522544860840e-02 4.283818975090980530e-02 6.795250345021486282e-03 1.354950200766324997e-02 3.910667728632688522e-03 7.764143403619527817e-03 3.832495212554931641e-02 2.690811082720756531e-02 4.258367791771888733e-02 4.225543513894081116e-02 2.367866225540637970e-02 2.116366103291511536e-02 9.323091246187686920e-03 1.401085127145051956e-02 2.458631247282028198e-02 1.030052453279495239e-02 3.153906390070915222e-02 3.384533897042274475e-02 7.090039551258087158e-02 1.027607023715972900e-01 1.792810298502445221e-02 1.667636074125766754e-02 3.349167481064796448e-02 4.695965349674224854e-02 3.592748939990997314e-02 1.236892025917768478e-02 1.432544831186532974e-02 2.789251506328582764e-02 1.944455504417419434e-02 4.949832707643508911e-02 1.276444992981851101e-03 6.812607869505882263e-03 1.603881083428859711e-02 2.291227504611015320e-02 3.674719855189323425e-02 8.175685070455074310e-03 5.174041911959648132e-02 3.159258887171745300e-02 1.876237802207469940e-02 2.273151092231273651e-02 3.732512937858700752e-03 1.420321874320507050e-02 4.539902135729789734e-02 1.058524195104837418e-02 1.419846620410680771e-02 1.296975277364253998e-02 2.779616601765155792e-02 1.307779084891080856e-02 2.571565285325050354e-02 1.623231801204383373e-03 1.189472386613488197e-04 6.436915695667266846e-02 3.529427573084831238e-02 1.962338574230670929e-02 1.575611717998981476e-02 1.773626171052455902e-02 1.004781480878591537e-02 3.901018202304840088e-02 1.234256848692893982e-02 5.383452773094177246e-02 3.381917998194694519e-02 2.665879577398300171e-02 5.192087218165397644e-02 1.396254228893667459e-04 4.889155551791191101e-02 5.674601718783378601e-02 1.801492273807525635e-02 7.778525352478027344e-03 7.160098757594823837e-04 1.502330228686332703e-02 2.262961119413375854e-02 5.340712517499923706e-02 4.629251360893249512e-02 4.533600807189941406e-02 2.257696911692619324e-02 2.773202769458293915e-02 3.259312734007835388e-02 4.299633577466011047e-02 1.674321107566356659e-02 1.407654490321874619e-02 1.091789733618497849e-02 1.860876195132732391e-02 4.399092867970466614e-03 3.240737691521644592e-02 2.094021625816822052e-02 3.417268767952919006e-02 2.669617347419261932e-02 1.957385614514350891e-02
4.073556512594223022e-03 3.191654384136199951e-02 2.069061398506164551e-01 1.336435135453939438e-02 1.031797565519809723e-02 1.182744745165109634e-02 1.988390646874904633e-02 7.192756980657577515e-02 4.554447904229164124e-02 6.233393214643001556e-03 1.532763149589300156e-02 1.281446963548660278e-01 4.379374906420707703e-03 1.519534830003976822e-02 1.004355698823928833e-01 7.453064620494842529e-02 7.989328354597091675e-03 4.477996379137039185e-02 2.293306216597557068e-02 7.749535609036684036e-03 1.715704612433910370e-02 4.538688063621520996e-02 1.497669890522956848e-02 4.100982099771499634e-02 1.447082497179508209e-02 6.014660745859146118e-02 7.019916549324989319e-03 7.843980193138122559e-02 2.950993925333023071e-02 2.432000450789928436e-02 4.172040894627571106e-02 8.219888806343078613e-02 3.573305532336235046e-02 5.248048529028892517e-02 3.441602736711502075e-02 8.185161650180816650e-02 5.849871039390563965e-02 1.728370413184165955e-02 2.427628263831138611e-03 3.788692131638526917e-02 1.804156601428985596e-02 3.427171707153320312e-02 2.229933068156242371e-02 3.400593250989913940e-02 2.613897435367107391e-02 1.258268579840660095e-02 9.271165356040000916e-03 8.316001854836940765e-03 2.441183431074023247e-03 2.561139315366744995e-02 1.881573162972927094e-02 1.127478946000337601e-02 5.385397747159004211e-02 3.345321165397763252e-03 2.013976313173770905e-02 3.637682646512985229e-02 7.901851087808609009e-02 4.421340301632881165e-02 1.917522028088569641e-02 3.260989859700202942e-02 7.132629398256540298e-03 2.341131446883082390e-03 1.207235977053642273e-01 2.237490937113761902e-02 2.584052644670009613e-02 1.508043060312047601e-04 2.020097523927688599e-02 2.979795075953006744e-02 1.888191699981689453e-02 2.346235886216163635e-02 3.455174714326858521e-02 3.594291955232620239e-02 1.994316838681697845e-02 2.987853996455669403e-02 3.196605294942855835e-02 5.393523350358009338e-02 1.345112454146146774e-02 5.578053183853626251e-03 2.079746872186660767e-02 6.174341309815645218e-03 1.021667495369911194e-01 2.186920344829559326e-01 2.943254448473453522e-02 4.202294722199440002e-02 2.021371200680732727e-02 5.247112363576889038e-02 2.335176430642604828e-02 6.719900667667388916e-02 6.747937947511672974e-02 1.573528908193111420e-02 1.776640117168426514e-02 3.018506616353988647e-02 3.638118505477905273e-02 1.673138327896595001e-02 1.839869469404220581e-02 4.640445858240127563e-02 1.272667478770017624e-02 3.559969365596771240e-02 5.283588916063308716e-02 2.757297456264495850e-02 1.444626878947019577e-02 5.494256038218736649e-03 6.728480756282806396e-02 4.046600684523582458e-02 3.129428625106811523e-02 2.687048166990280151e-02 4.559191688895225525e-02 8.416632562875747681e-02 1.197452396154403687e-01 1.241808477789163589e-02 2.236718311905860901e-03 4.447778314352035522e-02 2.721063606441020966e-02 3.257979452610015869e-02 2.343798521906137466e-03 4.348324239253997803e-02
1.986571773886680603e-02 3.723847121000289917e-02 3.712292015552520752e-02 5.022714659571647644e-02 4.954427853226661682e-02 1.953237131237983704e-02 1.631550677120685577e-02 4.554447904229164124e-02 1.541444212198257446e-01 3.759903833270072937e-02 3.550227358937263489e-02 9.914281219244003296e-02 3.066228888928890228e-02 8.377255871891975403e-03 2.270095236599445343e-02 7.238376140594482422e-02 6.679792702198028564e-02 1.267648935317993164e-01 3.111211583018302917e-03 5.441630724817514420e-03 4.259518161416053772e-02 3.014975786209106445e-02 2.483480237424373627e-02 2.131183817982673645e-02 2.807926759123802185e-02 6.176040694117546082e-02 5.304859578609466553e-02 1.924707740545272827e-02 3.045807592570781708e-03 3.108610212802886963e-02 2.277712523937225342e-02 6.050305068492889404e-02 4.187597951386123896e-04 5.353599041700363159e-02 1.777377352118492126e-02 6.784717738628387451e-02 6.969501078128814697e-02 1.379363797605037689e-02 2.822239696979522705e-02 4.810706526041030884e-02 2.902228012681007385e-02 8.171994239091873169e-02 2.491426095366477966e-02 8.676614612340927124e-03 2.335911244153976440e-02 7.968607544898986816e-02 1.320362742990255356e-02 1.716767251491546631e-02 7.520625740289688110e-02 1.038001943379640579e-02 1.970021426677703857e-02 3.604729846119880676e-02 2.422615140676498413e-02 4.075732454657554626e-02 9.764998406171798706e-02 6.138591095805168152e-02 1.628699526190757751e-02 9.230910800397396088e-03 4.076220840215682983e-02 5.184488371014595032e-03 7.784738391637802124e-02 1.007080916315317154e-02 2.800275944173336029e-02 9.695261716842651367e-02 1.413138676434755325e-02 2.322174608707427979e-02 3.855567798018455505e-02 3.888579830527305603e-02 4.465089365839958191e-02 3.825311362743377686e-02 5.734023824334144592e-02 6.085433438420295715e-02 1.709624007344245911e-02 3.850103914737701416e-02 5.293262004852294922e-02 5.048426240682601929e-02 1.562826633453369141e-01 4.833602812141180038e-03 4.958433285355567932e-02 1.534379087388515472e-02 2.645489014685153961e-02 2.638816460967063904e-02 6.777219474315643311e-02 5.809515342116355896e-02 5.706535279750823975e-02 8.195350877940654755e-03 2.355802617967128754e-02 1.776424981653690338e-02 8.242744207382202148e-02 4.055977240204811096e-02 1.353144273161888123e-02 3.850084962323307991e-03 3.357226774096488953e-02 1.811381429433822632e-02 9.104628860950469971e-02 5.636068433523178101e-02 8.787695318460464478e-03 6.525626033544540405e-02 3.970422595739364624e-02 2.088051103055477142e-02 2.276369929313659668e-02 6.109095178544521332e-03 5.661354959011077881e-02 6.913240998983383179e-02 4.068734124302864075e-02 8.851646445691585541e-03 9.678496862761676311e-04 6.667919456958770752e-03 8.832095190882682800e-03 2.447287365794181824e-02 3.818487375974655151e-02 3.566400706768035889e-02 3.955278545618057251e-02 3.454193100333213806e-02 2.340311370790004730e-02 2.662853337824344635e-02
1.200180966407060623e-02 3.030904754996299744e-02 3.742619603872299194e-02 3.501315414905548096e-02 6.936678290367126465e-02 5.250301584601402283e-02 8.853166364133358002e-03 6.233393214643001556e-03 3.759903833270072937e-02 1.478355675935745239e-01 1.088640000671148300e-02 5.906775966286659241e-02 1.910862699151039124e-02 6.475798785686492920e-02 3.705130144953727722e-02 7.442311197519302368e-02 2.464700490236282349e-02 5.877889692783355713e-03 1.489605903625488281e-01 5.163105949759483337e-02 2.669701911509037018e-02 3.554597496986389160e-02 2.741717174649238586e-02 2.090593054890632629e-02 3.732029814273118973e-03 2.681402303278446198e-02 2.967051230370998383e-03 4.391035810112953186e-02 4.029897972941398621e-02 4.531564936041831970e-02 1.074401512742042542e-01 2.715733833611011505e-02 3.516707941889762878e-02 1.937977410852909088e-02 2.952020056545734406e-02 5.329896137118339539e-02 5.211489275097846985e-02 1.067482307553291321e-02 3.461013734340667725e-02 5.158573016524314880e-02 4.756602644920349121e-02 3.146025352180004120e-03 2.258067019283771515e-02 2.454950101673603058e-02 4.630230367183685303e-02 3.127702325582504272e-02 3.993863239884376526e-02 3.975338861346244812e-02 6.733132153749465942e-02 7.742991298437118530e-02 2.844484895467758179e-02 1.379196718335151672e-02 3.549230098724365234e-02 2.116991765797138214e-02 2.825473807752132416e-02 9.709763526916503906e-02 3.745625540614128113e-02 3.967414796352386475e-02 5.211575701832771301e-02 1.078435033559799194e-02 4.154882207512855530e-02 9.543673694133758545e-02 1.341046020388603210e-02 3.305395692586898804e-02 6.941706407815217972e-03 1.604722253978252411e-02 6.048707291483879089e-02 5.288970842957496643e-02 3.325685113668441772e-02 1.015532528981566429e-03 1.722768880426883698e-02 9.824568405747413635e-03 7.366354018449783325e-02 2.106080576777458191e-02 7.172030210494995117e-02 4.580206796526908875e-02 1.546391192823648453e-02 1.926470398902893066e-01 6.976329535245895386e-02 1.614183634519577026e-01 2.898224070668220520e-02 1.672878302633762360e-02 5.360684171319007874e-02 1.565180420875549316e-01 2.853434346616268158e-02 7.405394315719604492e-02 2.382145496085286140e-03 2.686187997460365295e-02 1.992364786565303802e-02 1.201386600732803345e-01 3.893906250596046448e-02 3.971131891012191772e-02 4.263184964656829834e-03 1.892495341598987579e-02 1.633968204259872437e-02 1.660411059856414795e-01 7.773738354444503784e-03 1.617863588035106659e-02 4.945453256368637085e-03 3.959908336400985718e-02 3.229470923542976379e-02 4.253424704074859619e-02 2.493220940232276917e-02 4.353885538876056671e-03 3.113431157544255257e-03 5.597605183720588684e-02 3.112048096954822540e-02 1.083970069885253906e-03 4.227579385042190552e-02 9.903894364833831787e-02 1.666913926601409912e-02 1.886992598883807659e-03 2.367644943296909332e-02 2.584398165345191956e-02 3.170976787805557251e-02 7.088354229927062988e-02
1.165478602051734924e-01 8.692133426666259766e-02 1.778173260390758514e-02 4.160848446190357208e-03 7.469828706234693527e-03 8.338620513677597046e-02 8.232642710208892822e-02 1.532763149589300156e-02 3.550227358937263489e-02 1.088640000671148300e-02 9.416332095861434937e-02 2.055957540869712830e-02 1.029378846287727356e-01 3.173167631030082703e-02 4.736023396253585815e-02 3.388750925660133362e-02 2.203973568975925446e-02 1.295344717800617218e-02 6.613340228796005249e-02 7.433315366506576538e-02 2.248909883201122284e-02 5.519722774624824524e-02 1.080122776329517365e-02 4.136440902948379517e-02 1.248675025999546051e-02 2.047985419631004333e-02 1.213191077113151550e-03 3.657444566488265991e-02 2.091083861887454987e-02 7.659371476620435715e-04 2.038160746451467276e-04 3.678704425692558289e-02 2.286563068628311157e-02 4.466286301612854004e-02 1.442112494260072708e-02 1.875843852758407593e-02 2.486690180376172066e-03 3.277230262756347656e-02 1.486730761826038361e-02 1.267777197062969208e-02 1.441639568656682968e-02 1.028640288859605789e-02 1.817517727613449097e-02 2.306634560227394104e-02 5.518010258674621582e-02 2.189795859158039093e-02 6.008462607860565186e-02 5.917522311210632324e-02 3.302213549613952637e-02 2.155023440718650818e-02 2.851573564112186432e-02 4.709214344620704651e-02 6.872920691967010498e-02 2.465967647731304169e-02 4.057600349187850952e-02 2.080902084708213806e-02 5.704465322196483612e-03 3.777078911662101746e-02 4.533388838171958923e-02 4.140875115990638733e-02 2.077152580022811890e-02 2.002619951963424683e-02 3.930132463574409485e-02 2.205472998321056366e-02 4.011287540197372437e-02 2.504141256213188171e-02 1.171441003680229187e-02 2.412487519904971123e-03 1.058211363852024078e-02 1.639327150769531727e-03 2.425134443910792470e-04 3.454042971134185791e-02 8.086476475000381470e-03 1.949553960002958775e-03 2.029322460293769836e-02 1.028998661786317825e-02 3.385526314377784729e-02 3.956513851881027222e-02 1.514947786927223206e-02 1.906894892454147339e-02 2.403836883604526520e-02 5.339323356747627258e-02 1.492547988891601562e-02 6.291005760431289673e-03 2.249490469694137573e-02 3.465082123875617981e-02 3.813076391816139221e-02 5.698046833276748657e-02 2.600994519889354706e-02 2.093707211315631866e-03 2.484558708965778351e-02 2.689449116587638855e-02 9.238584898412227631e-03 6.703373044729232788e-02 3.261676430702209473e-02 2.895107120275497437e-02 2.334320219233632088e-03 1.271661464124917984e-02 7.625696808099746704e-02 6.600705441087484360e-03 3.160357847809791565e-02 6.453912239521741867e-03 4.302772227674722672e-03 7.552649360150098801e-03 3.862049803137779236e-02 5.856249481439590454e-02 1.464372314512729645e-02 3.676099330186843872e-02 1.932458020746707916e-02 4.465077072381973267e-02 4.615426063537597656e-02 7.154121529310941696e-03 1.443560328334569931e-02 3.326803445816040039e-02 1.586804725229740143e-02 1.400775089859962463e-02
6.319346278905868530e-02 5.352163314819335938e-02 7.288593333214521408e-03 3.116787225008010864e-02 2.554859966039657593e-02 7.848790287971496582e-02 9.759455919265747070e-03 1.281446963548660278e-01 9.914281219244003296e-02 5.906775966286659241e-02 2.055957540869712830e-02 1.747929304838180542e-02 2.935333177447319031e-02 2.117815911769866943e-01 1.296648569405078888e-02 4.944223538041114807e-02 1.216944219777360559e-04 1.288632955402135849e-02 1.694037206470966339e-02 8.895531296730041504e-02 4.734555259346961975e-02 4.399414733052253723e-02 1.723225414752960205e-02 5.168443545699119568e-02 6.871069781482219696e-03 2.262811362743377686e-02 6.548085715621709824e-03 2.764910832047462463e-02 6.222729757428169250e-02 2.965111751109361649e-03 5.476690456271171570e-02 4.800138995051383972e-02 4.163534566760063171e-02 7.141116261482238770e-02 4.082745686173439026e-02 1.785528264008462429e-03 4.225794970989227295e-02 2.698671631515026093e-02 1.071367859840393066e-01 2.266097813844680786e-02 1.911699399352073669e-02 3.843807801604270935e-02 1.628873497247695923e-02 4.699063021689653397e-03 1.093740463256835938e-01 1.036893390119075775e-02 1.062479149550199509e-02 6.476899236440658569e-02 2.894253656268119812e-02 1.166508793830871582e-01 4.383747652173042297e-02 5.007831379771232605e-02 1.483340840786695480e-02 2.104402147233486176e-02 9.571236558258533478e-03 1.466887071728706360e-02 7.526507228612899780e-02 2.575370483100414276e-02 7.058945298194885254e-02 7.998067140579223633e-02 5.686907097697257996e-02 1.419358793646097183e-02 7.481754571199417114e-02 5.777395144104957581e-02 2.258760295808315277e-02 1.726967282593250275e-02 2.081822045147418976e-02 2.543096989393234253e-02 6.950320303440093994e-02 4.744996130466461182e-02 2.716103754937648773e-02 3.718559071421623230e-02 5.998492240905761719e-03 6.867977976799011230e-02 1.640585949644446373e-03 8.839888498187065125e-03 9.107567369937896729e-02 5.354795604944229126e-02 1.119553819298744202e-01 5.627935379743576050e-02 6.057287682779133320e-04 3.834998607635498047e-02 5.939581617712974548e-02 3.669280558824539185e-02 1.976393349468708038e-02 3.576521947979927063e-02 2.936900220811367035e-02 2.143487520515918732e-02 8.173917979001998901e-02 4.400993138551712036e-02 3.948395326733589172e-02 2.819866314530372620e-02 9.027688764035701752e-03 4.397198185324668884e-02 2.078432403504848480e-02 2.784663997590541840e-02 4.288541153073310852e-02 1.757131703197956085e-02 6.161135062575340271e-02 7.747683674097061157e-03 5.056205764412879944e-02 2.749700285494327545e-02 7.301078736782073975e-02 4.779646545648574829e-02 5.367644876241683960e-02 4.482792317867279053e-02 4.134204238653182983e-02 4.438808560371398926e-02 4.860827699303627014e-02 2.919780649244785309e-02 4.723754245787858963e-03 5.261487886309623718e-02 5.037137493491172791e-02 3.914430364966392517e-02 4.868147429078817368e-03 8.041269332170486450e-02
1.240446567535400391e-01 1.088277697563171387e-01 4.057885613292455673e-03 1.580766029655933380e-02 1.639100536704063416e-02 9.279181808233261108e-02 6.692746281623840332e-02 4.379374906420707703e-03 3.066228888928890228e-02 1.910862699151039124e-02 1.029378846287727356e-01 2.935333177447319031e-02 9.868797659873962402e-02 5.753535777330398560e-03 3.958832100033760071e-02 9.200839325785636902e-03 1.182478852570056915e-02 2.302916906774044037e-02 5.044298619031906128e-02 6.359350681304931641e-02 1.348575390875339508e-02 5.552328377962112427e-02 1.081203296780586243e-02 1.769186742603778839e-02 5.720983259379863739e-03 9.283348172903060913e-02 1.709590665996074677e-02 7.840114086866378784e-02 4.604138061404228210e-02 2.460825489833950996e-03 3.012033551931381226e-02 2.533707395195960999e-02 2.606534585356712341e-02 2.827255614101886749e-02 3.627889975905418396e-02 1.581887342035770416e-02 4.639816936105489731e-03 2.987514249980449677e-02 1.089567132294178009e-02 1.843502372503280640e-02 2.300958521664142609e-02 2.876754733733832836e-04 3.788492456078529358e-02 3.353914618492126465e-02 3.995478898286819458e-02 2.022897452116012573e-02 7.630945742130279541e-02 5.541450902819633484e-02 2.347978763282299042e-02 1.989918947219848633e-02 3.047314472496509552e-02 3.699556738138198853e-02 1.573419384658336639e-02 6.695427000522613525e-03 7.785746827721595764e-03 1.016363408416509628e-02 2.278174087405204773e-02 3.214268013834953308e-02 4.792055860161781311e-02 3.310991451144218445e-02 4.241592437028884888e-02 1.450748369097709656e-02 4.009165987372398376e-02 3.532442823052406311e-02 3.101736679673194885e-02 5.498469620943069458e-02 3.831347916275262833e-03 2.987357974052429199e-02 5.340384319424629211e-02 4.882836248725652695e-03 1.089895609766244888e-02 2.514933422207832336e-02 5.681312177330255508e-03 2.115422859787940979e-02 4.534966312348842621e-03 2.565135993063449860e-02 4.746123403310775757e-02 9.962869808077812195e-03 3.434730321168899536e-02 2.970821037888526917e-02 1.035505905747413635e-02 9.772445075213909149e-03 2.294334582984447479e-02 5.052063148468732834e-03 2.870002202689647675e-02 1.046712324023246765e-02 2.669928222894668579e-02 5.211348459124565125e-02 1.457658223807811737e-02 1.846522092819213867e-02 3.580075502395629883e-02 2.819338254630565643e-02 8.848330006003379822e-03 3.471113368868827820e-02 4.831204563379287720e-02 6.345001049339771271e-03 9.394063963554799557e-04 1.260900626220973209e-05 3.320959582924842834e-02 2.328737755306065083e-04 5.064446013420820236e-03 2.557551860809326172e-02 2.878642268478870392e-02 4.125422611832618713e-02 1.782255806028842926e-02 6.786555796861648560e-02 3.874716535210609436e-02 1.132494118064641953e-02 6.967584788799285889e-02 7.674151565879583359e-03 6.119502708315849304e-02 4.910589661449193954e-03 2.793137729167938232e-02 2.610219083726406097e-02 4.995790496468544006e-02 4.224687442183494568e-02
