1.308784782886505127e-01 1.807911545038223267e-01 2.374506788328289986e-03 5.655324459075927734e-02 2.157195843756198883e-02 1.604359745979309082e-01 1.673850715160369873e-01 3.873608633875846863e-02 1.067669596523046494e-02 7.993576116859912872e-03 1.605914384126663208e-01 5.015562474727630615e-02 1.274793148040771484e-01 5.010092258453369141e-02 8.215890266001224518e-03 3.459667041897773743e-02 1.313344668596982956e-02 3.228818252682685852e-02 3.878080472350120544e-02 5.991339311003684998e-02 4.836946725845336914e-02 5.052741616964340210e-03 9.674265049397945404e-03 1.996335573494434357e-03 3.843556344509124756e-02 2.149879373610019684e-02 7.796925958245992661e-03 8.211555890738964081e-03 6.422592699527740479e-02 6.729891523718833923e-03 5.124328285455703735e-02 1.646451279520988464e-02 9.120588190853595734e-03 2.896027266979217529e-02 3.041161410510540009e-02 5.690536461770534515e-03 1.507768779993057251e-02 4.815642535686492920e-02 6.351363658905029297e-02 3.844496980309486389e-02 7.537822239100933075e-03 3.155342489480972290e-02 3.486945852637290955e-02 1.003801822662353516e-01 1.439731288701295853e-02 5.170205980539321899e-02 7.011700421571731567e-02 8.527623862028121948e-02 1.865565590560436249e-02 6.369747221469879150e-03 3.376629948616027832e-02 3.692720085382461548e-02 2.092241495847702026e-02 6.207679864019155502e-03 1.680429093539714813e-02 5.387015175074338913e-03 1.081601250916719437e-02 3.686080127954483032e-02 1.500134635716676712e-02 3.634123504161834717e-02 3.427705913782119751e-02 1.771141216158866882e-02 6.496405694633722305e-03 5.455600097775459290e-02 5.226247757673263550e-02 4.930327832698822021e-02 4.312852397561073303e-02 3.326861560344696045e-02 2.208662405610084534e-02 1.850252784788608551e-02 6.849299184978008270e-03 3.411914408206939697e-02 3.769165650010108948e-02 2.881946973502635956e-02 2.310017682611942291e-02 1.702960580587387085e-03 9.530790150165557861e-03 7.448466029018163681e-03 3.934661671519279480e-02 1.490348856896162033e-02 7.931269705295562744e-03 6.190211512148380280e-03 9.062344208359718323e-03 4.724998772144317627e-02 2.392245456576347351e-02 5.015568062663078308e-02 2.739665284752845764e-02 2.434489503502845764e-02 1.688562706112861633e-02 3.315060958266258240e-02 1.734723150730133057e-02 3.559538349509239197e-02 4.834962636232376099e-02 2.367062866687774658e-02 1.875850022770464420e-03 3.832511231303215027e-02 5.034662038087844849e-02 5.240381136536598206e-02 2.938400395214557648e-02 3.023316711187362671e-02 2.212388440966606140e-02 3.723428817465901375e-03 5.636988952755928040e-02 4.661636799573898315e-02 1.434120163321495056e-02 1.268543303012847900e-02 1.908660051412880421e-03 6.866404786705970764e-03 5.758934468030929565e-02 3.198329359292984009e-02 3.319704905152320862e-02 2.657316252589225769e-02 3.017734177410602570e-02 2.123075537383556366e-02 1.955462060868740082e-02 3.614478185772895813e-02
1.807911545038223267e-01 1.354388147592544556e-01 1.050094328820705414e-02 9.876604191958904266e-03 2.791872061789035797e-02 1.055256202816963196e-01 1.285297125577926636e-01 1.735900528728961945e-02 2.889849431812763214e-02 2.058767527341842651e-02 9.951744973659515381e-02 9.049192816019058228e-02 1.528906971216201782e-01 1.123743653297424316e-01 2.170560695230960846e-02 3.715084120631217957e-02 5.537979304790496826e-02 3.463269397616386414e-02 1.628157310187816620e-02 4.002274945378303528e-02 2.301750145852565765e-02 1.328598335385322571e-02 1.746600866317749023e-02 1.008399296551942825e-02 4.992290958762168884e-02 1.843448542058467865e-02 1.137670245952904224e-03 3.354881703853607178e-02 1.279422920197248459e-02 4.674774780869483948e-02 8.268818259239196777e-02 1.653567515313625336e-02 1.608295179903507233e-02 5.644524935632944107e-03 1.980314590036869049e-02 3.170819953083992004e-02 3.142081946134567261e-02 4.459086339920759201e-03 2.552529238164424896e-02 6.207617465406656265e-03 4.679088946431875229e-03 3.873169794678688049e-02 2.529464475810527802e-02 6.185854226350784302e-02 2.991280891001224518e-02 6.697637587785720825e-02 3.424670919775962830e-02 7.586562633514404297e-02 2.673806808888912201e-02 2.008740790188312531e-02 6.171290576457977295e-02 2.629788033664226532e-02 1.843195594847202301e-02 2.526410855352878571e-02 5.571774765849113464e-02 2.238341048359870911e-02 3.114144084975123405e-03 5.858241394162178040e-02 4.728794470429420471e-02 4.073547665029764175e-03 3.039025887846946716e-02 4.478919878602027893e-02 3.322016820311546326e-02 3.057470172643661499e-02 5.591882020235061646e-02 7.721975445747375488e-02 4.719871655106544495e-02 2.997880615293979645e-02 3.772315103560686111e-04 1.640747301280498505e-02 5.146905407309532166e-02 5.168277397751808167e-02 2.564249001443386078e-02 1.087432354688644409e-02 1.792959054000675678e-03 4.307594895362854004e-02 2.748018689453601837e-02 3.345709294080734253e-02 4.213424772024154663e-02 3.459226712584495544e-02 1.320713013410568237e-02 2.416814304888248444e-02 7.163497502915561199e-04 4.029190912842750549e-02 7.054434157907962799e-03 5.307241342961788177e-03 1.042553503066301346e-02 1.057008630596101284e-03 2.000533230602741241e-02 4.173010960221290588e-02 1.435285899788141251e-02 1.428933255374431610e-02 1.062413975596427917e-01 1.315717957913875580e-02 7.817894802428781986e-04 1.026583276689052582e-02 2.816414646804332733e-02 5.160533264279365540e-02 7.824283838272094727e-02 3.543237224221229553e-02 6.071514450013637543e-03 2.612761594355106354e-02 1.302528847008943558e-02 5.169225484132766724e-02 2.033330732956528664e-03 1.057286374270915985e-02 1.884474046528339386e-02 2.630151435732841492e-02 3.316973103210330009e-03 3.263182193040847778e-02 3.637658804655075073e-02 1.989479735493659973e-02 2.233477542176842690e-03 4.412031546235084534e-02 1.996476575732231140e-02 3.026151284575462341e-02
2.374506788328289986e-03 1.050094328820705414e-02 8.105808496475219727e-02 2.863724157214164734e-02 3.777640312910079956e-02 2.157935872673988342e-02 6.029936019331216812e-03 9.794128686189651489e-02 1.422604732215404510e-02 1.774794794619083405e-02 3.676674142479896545e-02 9.777409024536609650e-03 3.456208109855651855e-02 1.947316923178732395e-03 6.418603938072919846e-03 3.907012753188610077e-03 1.031946483999490738e-02 1.432819478213787079e-02 7.987298071384429932e-03 9.448710829019546509e-02 8.519527502357959747e-03 1.459960266947746277e-02 6.210150662809610367e-03 8.872240781784057617e-03 2.226156555116176605e-02 1.240065600723028183e-02 3.298008069396018982e-02 4.533093422651290894e-02 3.982334211468696594e-02 2.458775974810123444e-02 4.454270750284194946e-02 4.352099262177944183e-03 2.545847743749618530e-02 3.598778694868087769e-02 4.946032166481018066e-02 5.721847340464591980e-02 1.081981789320707321e-02 3.349103406071662903e-02 6.108242645859718323e-02 2.599395811557769775e-02 4.869166016578674316e-02 1.306132320314645767e-02 6.637457758188247681e-03 2.512456178665161133e-01 1.020975224673748016e-02 3.736978396773338318e-02 1.629591733217239380e-02 1.552526652812957764e-02 4.311575554311275482e-03 3.596422821283340454e-02 3.081395290791988373e-02 1.462858356535434723e-02 3.446251899003982544e-02 1.833956316113471985e-02 2.993713319301605225e-02 6.198923662304878235e-02 1.670553907752037048e-02 1.252234820276498795e-02 5.507912114262580872e-02 7.227281481027603149e-02 3.337607951834797859e-03 2.606784924864768982e-02 4.645964130759239197e-03 1.164467632770538330e-02 1.051086373627185822e-02 1.127579435706138611e-02 9.207252413034439087e-03 2.544579096138477325e-03 2.466085925698280334e-02 1.011376082897186279e-02 2.324485592544078827e-02 2.255506813526153564e-02 2.170102857053279877e-02 4.978718701750040054e-03 6.214840803295373917e-03 4.379835445433855057e-03 2.635800512507557869e-03 2.802447043359279633e-02 2.334669465199112892e-03 5.644313991069793701e-03 1.523172855377197266e-01 1.342025846242904663e-01 3.406993299722671509e-02 2.137874066829681396e-02 2.866786532104015350e-02 1.180220022797584534e-02 4.948800429701805115e-02 9.032767266035079956e-02 2.876291610300540924e-02 3.443671762943267822e-02 1.182729844003915787e-02 9.534440003335475922e-03 3.920432925224304199e-02 3.263601660728454590e-02 4.812330752611160278e-02 3.709551319479942322e-02 1.952975802123546600e-02 2.179025486111640930e-02 1.011851988732814789e-02 4.436365887522697449e-02 9.519924409687519073e-03 2.939019817858934402e-03 6.024518981575965881e-03 1.433451101183891296e-02 1.358087267726659775e-02 3.208732232451438904e-02 1.354307681322097778e-02 1.284059882164001465e-02 3.110648132860660553e-02 2.280399575829505920e-02 4.296967759728431702e-02 3.061724267899990082e-02 5.502364039421081543e-02 9.902436286211013794e-03 6.166227534413337708e-02 1.584576256573200226e-02
5.655324459075927734e-02 9.876604191958904266e-03 2.863724157214164734e-02 9.083545207977294922e-02 2.567394971847534180e-01 5.537134595215320587e-03 1.422462146729230881e-02 1.685069873929023743e-02 3.453952074050903320e-02 2.026598714292049408e-02 3.568355739116668701e-02 8.068194240331649780e-02 4.945176094770431519e-02 9.172573685646057129e-02 1.687159575521945953e-02 9.677250869572162628e-03 4.685618728399276733e-02 5.506361275911331177e-02 2.535443566739559174e-02 4.781408235430717468e-03 1.775497198104858398e-02 2.763626910746097565e-02 1.124212797731161118e-02 2.023916132748126984e-02 9.458796121180057526e-04 5.643034726381301880e-02 3.804253041744232178e-02 1.373089943081140518e-02 1.562689989805221558e-02 2.762454003095626831e-02 2.423601038753986359e-02 2.498939633369445801e-02 5.732617899775505066e-02 4.065886512398719788e-02 1.578565128147602081e-02 5.600125342607498169e-02 1.300266534090042114e-01 2.899455465376377106e-02 1.595068722963333130e-01 9.930155426263809204e-02 5.988484248518943787e-03 2.380377240478992462e-02 7.984206313267350197e-04 3.279779478907585144e-02 4.732069000601768494e-02 3.699245862662792206e-03 8.622854202985763550e-02 4.662110656499862671e-02 3.597270697355270386e-02 2.297075092792510986e-02 3.442541509866714478e-02 7.485595997422933578e-03 3.007921390235424042e-02 1.762820221483707428e-02 4.521561786532402039e-02 1.460945978760719299e-02 4.825302958488464355e-02 1.515178009867668152e-02 6.908922921866178513e-03 4.165109992027282715e-02 6.668402254581451416e-02 1.929491944611072540e-02 8.043715357780456543e-02 9.587476961314678192e-03 1.334010809659957886e-02 1.334197539836168289e-02 1.408982090651988983e-02 1.891331188380718231e-02 9.049157798290252686e-02 4.267271608114242554e-03 4.208601638674736023e-02 4.620503634214401245e-02 1.534520983695983887e-01 1.859595440328121185e-02 8.155994862318038940e-02 6.237187981605529785e-02 2.980141527950763702e-02 3.543585166335105896e-02 2.187471836805343628e-02 8.314950764179229736e-02 8.295577135868370533e-04 1.622135937213897705e-02 1.461298614740371704e-01 1.777973957359790802e-02 5.201230756938457489e-03 1.743959635496139526e-02 1.388780586421489716e-02 1.527642551809549332e-02 2.750894986093044281e-02 3.116238489747047424e-02 4.369939863681793213e-02 1.744576171040534973e-02 6.786142289638519287e-02 1.079574320465326309e-02 5.655562877655029297e-02 2.823823317885398865e-02 4.097503796219825745e-02 4.369513317942619324e-02 3.745368914678692818e-03 9.376945905387401581e-03 2.163751423358917236e-02 2.481768652796745300e-02 4.019588232040405273e-02 1.642945222556591034e-02 5.929562449455261230e-02 7.838453352451324463e-02 1.835509552620351315e-03 2.751168236136436462e-02 1.640210486948490143e-02 5.142420902848243713e-02 3.934749215841293335e-02 2.388901449739933014e-02 1.416251156479120255e-02 1.191998645663261414e-02 6.899706274271011353e-02 5.575573071837425232e-02
2.157195843756198883e-02 2.791872061789035797e-02 3.777640312910079956e-02 2.567394971847534180e-01 7.309675961732864380e-02 4.178314283490180969e-02 4.440800473093986511e-02 1.464315969496965408e-02 6.287172436714172363e-02 2.862087637186050415e-02 6.981929391622543335e-02 3.151545301079750061e-02 6.121767312288284302e-02 1.440845336765050888e-02 1.963499933481216431e-03 2.121441252529621124e-02 1.204977277666330338e-02 1.436461973935365677e-02 6.136073544621467590e-02 1.999271288514137268e-02 3.382757771760225296e-03 2.570237405598163605e-02 3.818150982260704041e-02 4.836620762944221497e-02 3.031084500253200531e-02 2.847523801028728485e-02 3.150846436619758606e-02 2.477156696841120720e-03 1.840175502002239227e-02 1.571025513112545013e-02 3.723633941262960434e-03 6.554175633937120438e-03 2.105038426816463470e-02 4.487096890807151794e-02 2.316842600703239441e-02 3.166959434747695923e-02 1.018336266279220581e-01 1.162254624068737030e-02 7.810538262128829956e-02 4.744863137602806091e-02 3.025685064494609833e-02 3.606138005852699280e-02 1.808785460889339447e-02 5.126820132136344910e-02 4.917284101247787476e-02 2.445233054459095001e-02 7.319763302803039551e-02 7.125839591026306152e-02 6.361988373100757599e-03 4.540584236383438110e-02 6.627359427511692047e-03 8.969143964350223541e-03 3.168169781565666199e-02 2.617693133652210236e-02 4.275167826563119888e-03 2.675799885764718056e-03 2.738629281520843506e-02 3.868145123124122620e-02 3.124257363379001617e-02 2.730465680360794067e-02 4.183536767959594727e-02 9.249043650925159454e-03 7.269399613142013550e-02 1.952977292239665985e-02 2.639817073941230774e-02 1.115635735914111137e-03 3.084226697683334351e-02 3.765656426548957825e-02 7.191411405801773071e-02 4.311250057071447372e-03 8.624694496393203735e-02 4.233897849917411804e-02 9.499406069517135620e-02 3.226334974169731140e-02 8.279114961624145508e-02 4.012082144618034363e-02 4.493209719657897949e-02 5.958498641848564148e-02 1.068645529448986053e-02 5.324282869696617126e-02 2.500342205166816711e-02 9.269619360566139221e-03 1.274416744709014893e-01 7.875774800777435303e-02 9.103480726480484009e-03 1.457117963582277298e-02 1.200410723686218262e-02 1.980966702103614807e-02 2.213891036808490753e-02 5.397300794720649719e-02 4.384803026914596558e-02 4.491241648793220520e-02 5.615608021616935730e-02 1.454840600490570068e-02 8.002866804599761963e-02 3.977762535214424133e-02 2.547095343470573425e-02 1.722294278442859650e-02 2.782051637768745422e-02 8.541565039195120335e-04 2.324607456102967262e-03 1.440290547907352448e-02 1.798461563885211945e-02 3.843412175774574280e-02 5.989677459001541138e-02 7.486422359943389893e-02 5.877482704818248749e-03 8.268119767308235168e-03 1.587134669534862041e-03 6.309076398611068726e-02 1.815377362072467804e-02 1.428216695785522461e-02 2.209357358515262604e-02 6.083389278501272202e-03 2.705634944140911102e-02 7.824737578630447388e-02
1.604359745979309082e-01 1.055256202816963196e-01 2.157935872673988342e-02 5.537134595215320587e-03 4.178314283490180969e-02 1.261967569589614868e-01 1.746724545955657959e-01 2.500568889081478119e-02 5.528317764401435852e-02 4.114083200693130493e-02 1.000996977090835571e-01 9.458260983228683472e-02 8.661884814500808716e-02 7.456480711698532104e-02 3.434784337878227234e-02 4.333743825554847717e-03 1.103749219328165054e-02 7.826146669685840607e-03 6.598333129659295082e-04 1.748793013393878937e-02 6.946725305169820786e-03 3.246613219380378723e-02 7.954208552837371826e-02 6.646347790956497192e-02 2.335571218281984329e-03 2.052029222249984741e-02 2.390420436859130859e-02 2.886852808296680450e-02 2.817163616418838501e-02 1.126598753035068512e-02 1.547350175678730011e-02 2.662484161555767059e-02 3.736487776041030884e-02 2.396274916827678680e-02 8.593376725912094116e-03 3.573305672034621239e-03 4.891700111329555511e-03 4.113950580358505249e-02 3.975563496351242065e-02 1.438777521252632141e-02 5.783909466117620468e-03 9.018389391712844372e-04 2.663090825080871582e-02 3.333991393446922302e-02 1.607209676876664162e-03 4.370093345642089844e-02 1.300884783267974854e-01 9.811607748270034790e-02 6.757059600204229355e-04 3.647467587143182755e-03 9.429263882339000702e-03 3.415816649794578552e-02 1.857970654964447021e-02 3.539590910077095032e-02 1.481066271662712097e-02 9.666662663221359253e-03 7.999603636562824249e-03 2.035065181553363800e-02 3.236598148941993713e-02 1.864661090075969696e-02 4.752377979457378387e-03 9.073026012629270554e-04 4.002820700407028198e-02 4.025635123252868652e-02 3.034275211393833160e-02 7.345007359981536865e-02 7.535507902503013611e-03 6.440518773160874844e-04 2.349707297980785370e-03 3.321499377489089966e-02 5.091050174087285995e-03 4.934183880686759949e-02 5.791596486233174801e-04 3.036550432443618774e-02 5.343037657439708710e-03 2.593993581831455231e-02 4.946119617670774460e-03 7.421707268804311752e-03 3.083734074607491493e-03 2.770106680691242218e-02 1.533031649887561798e-02 2.136929892003536224e-02 9.219494648277759552e-03 1.287181582301855087e-02 1.217723358422517776e-02 2.319513820111751556e-02 2.272469922900199890e-02 4.445438753464259207e-05 5.265166983008384705e-02 3.211455047130584717e-02 4.025858268141746521e-02 4.820649512112140656e-03 3.183638909831643105e-04 9.610791690647602081e-03 3.253541141748428345e-02 5.598723515868186951e-02 6.013096496462821960e-02 4.224927723407745361e-02 2.394201792776584625e-02 1.186954788863658905e-02 6.543739233165979385e-03 2.739704214036464691e-03 3.912577033042907715e-02 5.407219380140304565e-02 5.868737585842609406e-03 1.475010346621274948e-02 7.847314700484275818e-03 1.209899596869945526e-02 1.341709308326244354e-02 4.770367592573165894e-02 1.803080551326274872e-02 1.275511365383863449e-02 4.345157358329743147e-04 3.830091282725334167e-02 2.683132700622081757e-02 5.118106305599212646e-02
1.673850715160369873e-01 1.285297125577926636e-01 6.029936019331216812e-03 1.422462146729230881e-02 4.440800473093986511e-02 1.746724545955657959e-01 1.377982646226882935e-01 2.186909131705760956e-02 1.421335432678461075e-02 2.403175830841064453e-02 1.263149827718734741e-01 2.341172285377979279e-02 1.207825616002082825e-01 2.476927824318408966e-02 3.114781528711318970e-02 1.162091735750436783e-02 1.793409883975982666e-02 4.228547215461730957e-03 1.213136315345764160e-02 2.207689359784126282e-02 3.107845317572355270e-03 3.732698783278465271e-02 6.129159778356552124e-02 3.891238570213317871e-02 7.137522567063570023e-03 5.205595493316650391e-02 1.515071000903844833e-02 2.605625987052917480e-02 5.748315528035163879e-02 4.101597517728805542e-02 6.781341135501861572e-02 3.916659951210021973e-02 4.169920459389686584e-02 7.489888463169336319e-03 3.672454133629798889e-02 3.032922931015491486e-02 3.656609356403350830e-02 4.531729221343994141e-02 1.448673475533723831e-02 6.535641849040985107e-03 1.331375539302825928e-02 2.008307166397571564e-02 7.520548067986965179e-03 3.209986165165901184e-02 3.465343639254570007e-02 1.306265778839588165e-02 1.192074343562126160e-01 1.968841254711151123e-01 1.684327796101570129e-02 4.431285709142684937e-02 2.136963233351707458e-02 2.998616173863410950e-02 3.956366702914237976e-02 2.876204252243041992e-02 1.309060771018266678e-02 7.659403607249259949e-03 6.561095267534255981e-02 4.728451371192932129e-02 1.668632403016090393e-02 3.970214631408452988e-03 1.994520658627152443e-03 2.289482764899730682e-02 4.869338870048522949e-02 5.462801083922386169e-02 6.481544673442840576e-02 8.869794756174087524e-02 2.119112759828567505e-02 7.357158232480287552e-03 3.051590174436569214e-02 3.185975179076194763e-02 3.603819012641906738e-02 3.470469266176223755e-02 2.381688728928565979e-02 8.476508664898574352e-04 2.753588184714317322e-02 2.530748955905437469e-02 1.358442287892103195e-02 2.120906487107276917e-02 4.530436359345912933e-03 5.562174320220947266e-02 4.129285737872123718e-02 2.670084871351718903e-02 3.230151161551475525e-02 1.656602136790752411e-02 3.648807527497410774e-03 3.554898127913475037e-02 1.128656789660453796e-02 4.413452371954917908e-02 2.811565808951854706e-02 9.875659830868244171e-03 1.403454318642616272e-02 2.624948322772979736e-02 4.032818600535392761e-02 5.820551421493291855e-03 1.269989553838968277e-02 3.014163672924041748e-02 1.827431656420230865e-02 4.208759218454360962e-02 9.638870134949684143e-03 3.408564254641532898e-03 2.487545274198055267e-02 3.643185482360422611e-04 2.801002934575080872e-02 3.072601184248924255e-02 1.380693429382517934e-04 5.319045390933752060e-03 1.124162226915359497e-02 3.925335034728050232e-02 6.107872352004051208e-02 4.434780403971672058e-02 1.035850029438734055e-03 1.452689245343208313e-02 7.628223393112421036e-03 2.553497441112995148e-02 5.782510340213775635e-02 3.892147541046142578e-02
3.873608633875846863e-02 1.735900528728961945e-02 9.794128686189651489e-02 1.685069873929023743e-02 1.464315969496965408e-02 2.500568889081478119e-02 2.186909131705760956e-02 9.932623058557510376e-02 1.039683073759078979e-02 6.161672994494438171e-03 4.381773527711629868e-03 7.789492141455411911e-03 8.142371661961078644e-03 9.619858115911483765e-03 4.507939890027046204e-02 2.678438462316989899e-02 3.163113072514533997e-02 6.864078808575868607e-03 3.801383427344262600e-04 3.507675975561141968e-02 2.030796743929386139e-02 1.199021586216986179e-03 8.191852830350399017e-03 1.657865941524505615e-02 1.447900757193565369e-02 4.717616364359855652e-03 1.720274053514003754e-02 1.610065996646881104e-02 5.749712511897087097e-02 7.462322246283292770e-03 7.149195671081542969e-02 6.160864140838384628e-03 9.085803292691707611e-03 8.640479296445846558e-03 7.416041567921638489e-03 1.715751364827156067e-02 4.158829152584075928e-02 4.411225207149982452e-03 9.456728398799896240e-02 1.100605577230453491e-01 1.322571747004985809e-02 9.496499784290790558e-03 3.747779503464698792e-02 8.887387812137603760e-02 3.575474768877029419e-02 3.372150287032127380e-02 2.495444193482398987e-02 3.927635028958320618e-02 2.198469266295433044e-02 1.241285004653036594e-03 5.950682330876588821e-03 9.165617637336254120e-03 2.102264948189258575e-02 3.074236446991562843e-04 1.533299963921308517e-02 4.543279483914375305e-02 2.295738086104393005e-02 5.034168716520071030e-03 3.286482021212577820e-02 4.310754593461751938e-03 5.747209116816520691e-02 6.273959577083587646e-02 1.486410619691014290e-03 2.970621222630143166e-03 3.457954525947570801e-02 2.207138016819953918e-02 2.177854068577289581e-02 2.425874769687652588e-02 9.700001217424869537e-03 2.585383690893650055e-02 2.455406822264194489e-02 2.714550495147705078e-02 1.376320235431194305e-02 3.175954893231391907e-02 1.639095880091190338e-02 2.793605066835880280e-02 1.211598422378301620e-02 2.018583379685878754e-02 3.113852813839912415e-02 3.910443559288978577e-02 1.297782212495803833e-01 1.431276947259902954e-01 1.774993352591991425e-02 2.282879501581192017e-02 1.343218609690666199e-02 1.708757691085338593e-02 5.050200968980789185e-02 5.190946161746978760e-02 6.206623278558254242e-03 2.494003996253013611e-02 6.669228523969650269e-02 1.103979186154901981e-03 6.333475559949874878e-02 8.340719155967235565e-03 5.269483608572045341e-06 4.357187717687338591e-04 1.800340414047241211e-02 4.281355533748865128e-03 2.813231898471713066e-03 3.092371299862861633e-02 2.185595221817493439e-03 4.457389563322067261e-02 1.244795788079500198e-02 2.289319038391113281e-02 5.311739444732666016e-02 3.033502260223031044e-03 1.904578879475593567e-02 2.423436194658279419e-02 2.286610938608646393e-02 2.832317911088466644e-02 1.380589324980974197e-02 4.338974133133888245e-03 2.208018116652965546e-02 1.911017671227455139e-02 3.046366199851036072e-02 8.447775244712829590e-02
1.067669596523046494e-02 2.889849431812763214e-02 1.422604732215404510e-02 3.453952074050903320e-02 6.287172436714172363e-02 5.528317764401435852e-02 1.421335432678461075e-02 1.039683073759078979e-02 1.234296336770057678e-01 1.607268899679183960e-01 1.224008481949567795e-02 1.034167408943176270e-01 5.754102766513824463e-02 5.296435952186584473e-02 1.538833696395158768e-02 1.374871283769607544e-02 1.248041633516550064e-02 9.694005548954010010e-02 6.022396311163902283e-02 2.077694050967693329e-02 4.492593556642532349e-02 1.918009668588638306e-02 6.169001758098602295e-02 6.496693938970565796e-02 3.253435343503952026e-02 5.602542310953140259e-02 7.075070403516292572e-03 7.958713173866271973e-02 3.248045593500137329e-02 1.028772294521331787e-01 8.799343556165695190e-02 1.995534868910908699e-03 4.368648678064346313e-02 9.367758408188819885e-03 1.313414983451366425e-02 4.622055217623710632e-02 1.762337237596511841e-02 1.696681044995784760e-02 3.296787291765213013e-02 4.281158000230789185e-02 4.791164398193359375e-02 4.079032689332962036e-02 5.412457510828971863e-02 2.168289758265018463e-02 9.320276230573654175e-02 4.876795411109924316e-02 2.959299460053443909e-02 6.022101640701293945e-02 4.399704560637474060e-02 4.449588432908058167e-02 6.783202290534973145e-02 4.247436672449111938e-02 5.442354455590248108e-02 2.780695632100105286e-02 6.238317862153053284e-02 5.976018682122230530e-02 4.934826865792274475e-02 2.986161410808563232e-02 2.333729527890682220e-02 1.058444660156965256e-02 7.468934357166290283e-02 5.661194771528244019e-02 1.829126104712486267e-02 1.792038045823574066e-02 4.673358425498008728e-02 1.404174324125051498e-02 2.375897578895092010e-02 9.702836163341999054e-03 4.049389436841011047e-02 2.007175609469413757e-02 5.855250358581542969e-02 2.588986186310648918e-03 4.970354214310646057e-02 4.312967881560325623e-02 4.810170084238052368e-02 4.459109902381896973e-02 1.548605859279632568e-01 5.602153763175010681e-02 9.643847495317459106e-02 5.064991489052772522e-02 2.356038894504308701e-03 1.149239484220743179e-02 1.382078379392623901e-01 1.242781803011894226e-01 8.806555531919002533e-03 4.363812506198883057e-02 6.702580139972269535e-04 1.237722695805132389e-03 1.199675723910331726e-01 3.090637549757957458e-02 2.625603787600994110e-02 1.419522799551486969e-02 5.566642619669437408e-03 1.042853691615164280e-03 7.685840828344225883e-04 5.533148348331451416e-02 8.622235618531703949e-03 5.638260394334793091e-02 4.823309555649757385e-02 1.355265732854604721e-02 1.280552800744771957e-02 4.393274895846843719e-03 1.742026582360267639e-02 1.822934485971927643e-02 2.655577287077903748e-02 3.122935071587562561e-03 2.609132975339889526e-02 4.513189941644668579e-02 3.319708257913589478e-02 2.202830091118812561e-02 1.844165474176406860e-02 2.189375646412372589e-02 3.486096858978271484e-02 3.276764228940010071e-02 7.257371675223112106e-03 8.901798725128173828e-02
7.993576116859912872e-03 2.058767527341842651e-02 1.774794794619083405e-02 2.026598714292049408e-02 2.862087637186050415e-02 4.114083200693130493e-02 2.403175830841064453e-02 6.161672994494438171e-03 1.607268899679183960e-01 9.236757457256317139e-02 1.781228370964527130e-02 4.770743101835250854e-02 1.106530427932739258e-02 6.261331588029861450e-02 3.140629455447196960e-02 2.382945269346237183e-02 1.221422571688890457e-02 1.925414241850376129e-02 1.202479898929595947e-01 1.925909426063299179e-03 1.164362067356705666e-03 2.125311410054564476e-03 1.381030492484569550e-02 3.736729919910430908e-02 7.355672121047973633e-02 4.746953770518302917e-02 6.299103796482086182e-02 1.978836208581924438e-02 4.416510462760925293e-02 9.167491644620895386e-02 1.961414329707622528e-02 9.678008966147899628e-03 5.436655133962631226e-02 9.055655449628829956e-03 5.746183916926383972e-03 3.187638148665428162e-02 1.664311811327934265e-02 1.037108805030584335e-02 2.255788445472717285e-02 1.367507968097925186e-02 4.275780916213989258e-02 2.053347788751125336e-02 3.035413660109043121e-02 3.498321026563644409e-02 3.216275572776794434e-02 8.766780048608779907e-02 2.108119986951351166e-02 3.499415889382362366e-02 1.050248090177774429e-02 7.885658740997314453e-02 2.918050624430179596e-02 4.829592630267143250e-02 2.285254560410976410e-02 1.569595932960510254e-02 3.820131532847881317e-03 1.151597425341606140e-01 3.622825071215629578e-02 3.279921039938926697e-02 1.506933476775884628e-02 9.399269707500934601e-03 5.053577572107315063e-02 6.899161636829376221e-02 6.012632697820663452e-02 4.765282571315765381e-02 3.956460580229759216e-02 2.066917717456817627e-02 5.388385034166276455e-04 8.166644722223281860e-03 3.171212598681449890e-02 3.170302137732505798e-02 6.665852852165699005e-03 2.641827240586280823e-02 4.868625849485397339e-02 4.030505940318107605e-02 1.139755360782146454e-02 3.267132863402366638e-02 2.381358481943607330e-02 1.304356306791305542e-01 5.478340759873390198e-02 1.307742893695831299e-01 1.276406738907098770e-02 1.384798157960176468e-02 3.312520310282707214e-02 1.475526243448257446e-01 2.566594444215297699e-02 3.864111751317977905e-02 8.052979595959186554e-03 9.752807207405567169e-03 7.680440787225961685e-03 1.084413900971412659e-01 3.594294562935829163e-02 5.774928256869316101e-03 7.733339071273803711e-02 1.794696412980556488e-02 3.120884485542774200e-02 4.511363804340362549e-02 8.527203463017940521e-03 6.405882537364959717e-02 1.982616260647773743e-02 4.001603461802005768e-03 2.331233583390712738e-02 4.944427311420440674e-02 2.726273611187934875e-02 1.223913300782442093e-02 1.019122824072837830e-02 4.277259111404418945e-02 3.197000920772552490e-02 7.326655834913253784e-02 2.083292603492736816e-02 4.506593197584152222e-02 6.960634607821702957e-03 1.820272579789161682e-02 3.090897761285305023e-02 3.650385187938809395e-03 3.884124383330345154e-02 2.251881919801235199e-02
1.605914384126663208e-01 9.951744973659515381e-02 3.676674142479896545e-02 3.568355739116668701e-02 6.981929391622543335e-02 1.000996977090835571e-01 1.263149827718734741e-01 4.381773527711629868e-03 1.224008481949567795e-02 1.781228370964527130e-02 1.349428594112396240e-01 1.549733988940715790e-02 1.881215870380401611e-01 1.518972776830196381e-02 5.821554362773895264e-02 6.625637412071228027e-02 5.246303230524063110e-02 2.444948442280292511e-02 1.744570909067988396e-03 1.302353665232658386e-02 1.060467679053544998e-02 9.411766380071640015e-02 3.225190564990043640e-02 1.311101857572793961e-02 1.899505779147148132e-02 3.421621024608612061e-02 2.193442545831203461e-02 4.370796307921409607e-02 4.914839286357164383e-03 3.417053818702697754e-02 3.033776953816413879e-02 1.402163784950971603e-02 1.698759011924266815e-02 2.863460103981196880e-04 4.405525699257850647e-02 1.556532271206378937e-02 1.073947176337242126e-02 1.232897955924272537e-02 3.419436886906623840e-02 1.560827810317277908e-02 6.891577970236539841e-03 2.790643833577632904e-02 2.809595689177513123e-02 9.341370314359664917e-02 3.333283215761184692e-02 5.355332791805267334e-02 1.349224150180816650e-01 1.245122179388999939e-01 5.604530125856399536e-02 1.955294795334339142e-02 9.716973453760147095e-02 1.098893862217664719e-02 5.635781958699226379e-02 6.284613162279129028e-02 8.844879269599914551e-02 1.257375534623861313e-02 3.942977264523506165e-02 3.678807988762855530e-02 1.309303287416696548e-02 3.708437830209732056e-02 5.294790863990783691e-02 2.227921411395072937e-02 4.684840142726898193e-02 5.951555445790290833e-02 1.006029620766639709e-01 1.440011560916900635e-01 4.362951964139938354e-02 3.739907592535018921e-02 3.411390259861946106e-02 3.198805451393127441e-02 1.930705644190311432e-02 4.850633814930915833e-02 1.731365919113159180e-02 3.458698280155658722e-03 9.026950225234031677e-03 4.192391410470008850e-02 2.044373005628585815e-02 3.521678596735000610e-02 1.857252791523933411e-02 1.571196690201759338e-02 2.738172560930252075e-02 3.093167208135128021e-02 3.412817046046257019e-02 1.184018235653638840e-02 3.297599405050277710e-02 6.853606551885604858e-02 1.055903360247612000e-01 9.764893352985382080e-02 9.939218871295452118e-03 1.469626929610967636e-02 2.410786785185337067e-02 1.033701226115226746e-01 5.928885191679000854e-02 6.034942716360092163e-02 1.426645275205373764e-02 3.746813535690307617e-02 2.572974748909473419e-02 3.401879593729972839e-02 5.473255645483732224e-03 3.401764854788780212e-02 5.857371259480714798e-03 3.153993980959057808e-03 5.816389620304107666e-02 5.138013884425163269e-02 2.473373524844646454e-02 2.657721936702728271e-02 1.129554864019155502e-02 2.286002039909362793e-02 3.881976241245865822e-03 1.452753972262144089e-02 3.583978116512298584e-02 2.331948466598987579e-02 6.110943853855133057e-03 7.105461508035659790e-02 2.898818999528884888e-02 5.880670156329870224e-03
5.015562474727630615e-02 9.049192816019058228e-02 9.777409024536609650e-03 8.068194240331649780e-02 3.151545301079750061e-02 9.458260983228683472e-02 2.341172285377979279e-02 7.789492141455411911e-03 1.034167408943176270e-01 4.770743101835250854e-02 1.549733988940715790e-02 1.208915635943412781e-01 1.466198358684778214e-03 3.061252534389495850e-01 7.963161915540695190e-03 2.612673863768577576e-02 1.218205876648426056e-02 1.058043353259563446e-02 2.103176526725292206e-02 1.522337179630994797e-02 2.622685767710208893e-02 1.641292870044708252e-02 1.073002517223358154e-01 8.048932254314422607e-02 3.331182897090911865e-02 6.288150791078805923e-03 3.507128730416297913e-02 6.964230537414550781e-02 3.928543999791145325e-02 9.779298305511474609e-02 8.771035820245742798e-02 3.429602459073066711e-02 4.357242211699485779e-02 1.467954833060503006e-02 1.655864156782627106e-02 1.818544603884220123e-02 2.043794281780719757e-02 7.430031429976224899e-03 1.737459376454353333e-02 3.094117715954780579e-02 1.350766792893409729e-02 5.516301095485687256e-02 1.162779144942760468e-02 2.447965182363986969e-02 1.263457699678838253e-03 3.586740046739578247e-02 4.239814728498458862e-02 5.639233440160751343e-02 6.417313218116760254e-02 4.030485078692436218e-02 5.475561320781707764e-02 1.056753396987915039e-01 4.626223817467689514e-03 6.354922894388437271e-03 5.780968442559242249e-02 1.671908982098102570e-02 1.817327924072742462e-02 8.696806617081165314e-03 7.531280070543289185e-02 4.967880994081497192e-02 7.652611937373876572e-03 1.259957533329725266e-02 2.026051841676235199e-02 4.595518857240676880e-02 5.507661961019039154e-03 7.706784177571535110e-03 2.270124852657318115e-02 1.212956011295318604e-02 6.963677704334259033e-02 6.529015302658081055e-02 8.870325051248073578e-03 7.040706276893615723e-02 1.226646825671195984e-02 1.143889967352151871e-02 3.902547806501388550e-02 2.212771959602832794e-02 2.462677471339702606e-02 5.706311017274856567e-02 5.551629699766635895e-03 5.102506279945373535e-02 1.836924441158771515e-02 1.063481997698545456e-02 7.962051033973693848e-02 2.965353801846504211e-02 3.391733020544052124e-02 2.162619680166244507e-02 2.724266424775123596e-02 2.452229522168636322e-02 7.093773037195205688e-02 1.074725687503814697e-01 7.433553785085678101e-02 4.471272602677345276e-02 3.138275444507598877e-02 4.528832435607910156e-02 1.282826438546180725e-02 1.463908795267343521e-02 1.386341918259859085e-02 1.716144382953643799e-02 3.744376078248023987e-02 5.708445981144905090e-02 1.990780699998140335e-03 2.233305759727954865e-02 1.684254221618175507e-02 2.272141724824905396e-02 3.698189929127693176e-02 3.288821130990982056e-02 1.983218640089035034e-02 4.953453689813613892e-02 4.538299981504678726e-03 9.970624931156635284e-03 5.100025236606597900e-02 4.636862128973007202e-02 1.776009984314441681e-02 3.493488952517509460e-02 2.907014917582273483e-03 6.061005592346191406e-02
1.274793148040771484e-01 1.528906971216201782e-01 3.456208109855651855e-02 4.945176094770431519e-02 6.121767312288284302e-02 8.661884814500808716e-02 1.207825616002082825e-01 8.142371661961078644e-03 5.754102766513824463e-02 1.106530427932739258e-02 1.881215870380401611e-01 1.466198358684778214e-03 1.171154826879501343e-01 3.725092858076095581e-02 6.262505799531936646e-02 3.908320888876914978e-02 4.611697420477867126e-02 2.228829450905323029e-02 4.626269266009330750e-02 5.261931940913200378e-02 8.167921565473079681e-03 7.632818073034286499e-02 3.283449262380599976e-02 3.665567608550190926e-03 1.411289628595113754e-02 2.137998817488551140e-03 2.263490669429302216e-02 1.090093608945608139e-02 9.948377311229705811e-02 1.939180865883827209e-02 4.941917210817337036e-02 2.846741303801536560e-02 8.088838076218962669e-04 2.118892781436443329e-02 7.551462389528751373e-03 3.182303532958030701e-02 5.656475573778152466e-02 2.196756750345230103e-02 7.613292429596185684e-03 1.316545158624649048e-02 2.452339744195342064e-03 3.648199141025543213e-02 5.166948959231376648e-02 1.068109348416328430e-01 2.882464788854122162e-02 1.762283779680728912e-02 6.415104120969772339e-02 8.706849813461303711e-02 7.197246421128511429e-03 2.333839610219001770e-02 9.950763545930385590e-03 1.224838010966777802e-02 2.377975545823574066e-02 6.873985379934310913e-02 2.702439390122890472e-02 1.121088862419128418e-02 6.676560640335083008e-02 3.983781673014163971e-03 6.328704953193664551e-02 7.286895811557769775e-02 1.342184096574783325e-02 1.814871467649936676e-02 8.091933093965053558e-03 4.389594495296478271e-02 5.079811066389083862e-02 1.053752973675727844e-01 1.287562679499387741e-02 1.652295701205730438e-02 6.826039403676986694e-03 4.273542389273643494e-02 2.967658452689647675e-02 9.230591356754302979e-02 1.033573690801858902e-02 2.437019953504204750e-03 3.650413826107978821e-02 5.601322650909423828e-02 2.201807126402854919e-02 7.080374751240015030e-03 2.070567011833190918e-02 8.227825164794921875e-03 2.147608809173107147e-02 6.009430438280105591e-02 1.395581010729074478e-02 3.098562918603420258e-02 8.003284037113189697e-02 7.272072136402130127e-02 7.053621113300323486e-02 8.500800281763076782e-02 3.275479888543486595e-03 2.509748190641403198e-02 1.428737305104732513e-02 6.767393648624420166e-02 9.574702382087707520e-02 3.427678346633911133e-02 5.217408016324043274e-02 2.430970780551433563e-02 4.452871531248092651e-02 1.517925411462783813e-02 3.060097247362136841e-02 4.278741776943206787e-02 3.406573832035064697e-02 4.726159572601318359e-02 5.462286993861198425e-02 2.987070940434932709e-02 8.163436315953731537e-03 4.232575185596942902e-03 1.071685738861560822e-02 5.004535615444183350e-02 3.633565455675125122e-02 3.275392577052116394e-02 4.607841256074607372e-04 3.013706300407648087e-03 1.287713740020990372e-02 7.267469540238380432e-03 4.369306378066539764e-03 1.736903004348278046e-02
