6.207485869526863098e-02 1.317911595106124878e-01 7.047959952615201473e-04 8.432545699179172516e-03 3.837725892663002014e-02 1.259878277778625488e-01 8.632574230432510376e-02 7.873716531321406364e-04 3.846552222967147827e-02 3.463042899966239929e-02 1.018634140491485596e-01 4.470548033714294434e-02 9.904745221138000488e-02 4.076710343360900879e-02 3.552088886499404907e-02 4.730253014713525772e-03 5.680643767118453979e-02 1.798799820244312286e-02 6.529964739456772804e-04 2.452734857797622681e-02 1.427276711910963058e-02 2.334908768534660339e-02 3.244857862591743469e-02 8.766293525695800781e-03 8.520938456058502197e-03 3.774664830416440964e-03 3.869517892599105835e-02 1.826326735317707062e-02 7.027230411767959595e-02 2.067577093839645386e-02 3.510473668575286865e-02 2.961527369916439056e-02 3.224011976271867752e-03 2.656352519989013672e-02 1.547614485025405884e-02 2.450776286423206329e-02 1.090132724493741989e-02 2.050892077386379242e-02 3.738495707511901855e-02 2.352602034807205200e-02 3.449487313628196716e-02 3.434810414910316467e-02 3.118184767663478851e-02 4.178356379270553589e-03 2.554151974618434906e-02 3.511102125048637390e-02 8.340681344270706177e-02 1.686885021626949310e-02 2.332586981356143951e-02 4.520339146256446838e-02 7.679980713874101639e-03 1.825672201812267303e-02 2.770085632801055908e-02 1.806090958416461945e-02 4.714915528893470764e-02 9.464035741984844208e-03 5.960015580058097839e-03 1.166509836912155151e-02 2.445889823138713837e-02 3.254616260528564453e-02 1.903368718922138214e-02 1.727303490042686462e-02 2.057830616831779480e-02 3.283385559916496277e-02 4.168079700320959091e-03 6.511762738227844238e-03 1.748909614980220795e-02 1.404087059199810028e-02 6.235053017735481262e-02 4.501114785671234131e-02 3.730503097176551819e-02 4.554688930511474609e-02 4.295379854738712311e-03 9.004916064441204071e-03 2.122245915234088898e-02 4.434560984373092651e-02 4.551865905523300171e-02 1.339903846383094788e-02 2.949524670839309692e-02 1.993869431316852570e-02 1.957376115024089813e-02 1.982795260846614838e-02 2.840991131961345673e-02 2.626049332320690155e-02 5.354601424187421799e-03 6.631823629140853882e-02 3.902269992977380753e-03 2.401467785239219666e-02 7.160931359976530075e-03 5.920458119362592697e-03 5.479801911860704422e-03 3.529104962944984436e-02 3.611885942518711090e-03 4.130248352885246277e-02 6.248135492205619812e-02 2.305156923830509186e-02 2.698858827352523804e-02 3.815178945660591125e-02 2.268488705158233643e-02 1.050083898007869720e-02 2.903264760971069336e-02 1.056392397731542587e-02 1.253676228225231171e-02 1.460799574851989746e-02 4.694876074790954590e-02 5.612188018858432770e-03 5.142462998628616333e-02 5.056545510888099670e-02 2.032547630369663239e-02 3.748237388208508492e-03 1.521495915949344635e-02 5.212692916393280029e-02 5.122688785195350647e-02 5.254099518060684204e-02 1.639719004742801189e-03 2.382413297891616821e-02
1.317911595106124878e-01 6.229972094297409058e-02 1.315760053694248199e-02 3.402936831116676331e-02 2.648787572979927063e-02 1.154555678367614746e-01 9.359472990036010742e-02 7.131736259907484055e-03 2.782638370990753174e-02 1.377619709819555283e-02 1.080879941582679749e-01 1.059841644018888474e-02 1.081397905945777893e-01 1.890719495713710785e-02 3.467725182417780161e-04 1.897453516721725464e-02 4.336462542414665222e-02 2.707571722567081451e-02 8.897227235138416290e-03 1.852827519178390503e-02 1.665920391678810120e-02 1.463386509567499161e-02 3.515981137752532959e-02 1.351634413003921509e-02 5.920474417507648468e-03 7.809676229953765869e-03 6.835616659373044968e-03 1.686325483024120331e-02 5.143522843718528748e-02 1.691041886806488037e-02 3.111925348639488220e-02 1.372726075351238251e-02 2.305207772224093787e-06 2.895739488303661346e-02 2.967725321650505066e-02 1.868986897170543671e-02 5.105579737573862076e-03 4.901881329715251923e-03 2.894962765276432037e-02 6.736027542501688004e-03 7.552774623036384583e-03 3.096576780080795288e-02 5.947766476310789585e-04 1.526922360062599182e-02 3.178544715046882629e-02 5.764501634985208511e-03 7.660702615976333618e-02 2.948727458715438843e-02 2.039105631411075592e-02 3.271783236414194107e-03 4.225062206387519836e-02 5.388325452804565430e-02 2.303592115640640259e-02 2.273718826472759247e-02 1.546628773212432861e-04 2.522791968658566475e-03 3.599680587649345398e-02 6.464290898293256760e-03 2.929330430924892426e-02 3.436024487018585205e-02 5.190076678991317749e-02 4.321359470486640930e-02 1.122839003801345825e-02 2.068619802594184875e-02 2.321116626262664795e-02 2.770193293690681458e-02 2.334367018193006516e-03 5.111552309244871140e-03 3.174226358532905579e-02 2.253498509526252747e-02 3.697749227285385132e-02 2.166862972080707550e-02 4.330581426620483398e-02 1.424497086554765701e-02 3.172114118933677673e-02 2.516983542591333389e-03 2.413606736809015274e-03 1.395407249219715595e-03 4.335824400186538696e-03 3.368767723441123962e-02 4.398663993924856186e-03 4.377282783389091492e-02 3.537799790501594543e-02 1.146520487964153290e-02 1.361864339560270309e-02 2.658242918550968170e-02 1.114080566912889481e-02 3.034310415387153625e-02 2.971126511693000793e-02 3.713695332407951355e-02 2.057700976729393005e-02 5.744349211454391479e-02 1.376712415367364883e-02 5.314680561423301697e-02 4.953834787011146545e-02 1.660462468862533569e-02 1.019618194550275803e-02 2.434067241847515106e-02 8.303482900373637676e-04 1.921727508306503296e-02 2.262321300804615021e-03 4.011738672852516174e-02 7.510172203183174133e-03 1.130893919616937637e-02 2.841944061219692230e-02 6.875058636069297791e-03 6.165853515267372131e-02 5.782578140497207642e-02 1.208217162638902664e-02 8.656164631247520447e-03 4.208385071251541376e-04 5.272861197590827942e-02 2.658887393772602081e-02 4.461790993809700012e-02 4.133579134941101074e-02 3.694431111216545105e-02
7.047959952615201473e-04 1.315760053694248199e-02 1.094594504684209824e-02 1.778413914144039154e-02 2.768590673804283142e-02 8.333604782819747925e-02 4.972634091973304749e-02 1.904478967189788818e-01 7.025832682847976685e-02 9.064400568604469299e-03 2.515717223286628723e-02 2.678601443767547607e-02 1.062976568937301636e-02 4.924245551228523254e-02 7.012320309877395630e-02 5.641127005219459534e-02 7.384816557168960571e-02 1.405771374702453613e-01 1.308702677488327026e-02 1.055069938302040100e-01 5.518044903874397278e-02 1.943285576999187469e-02 3.679854422807693481e-02 4.480544850230216980e-02 1.309274695813655853e-02 2.698230370879173279e-02 1.276467833667993546e-02 5.602009966969490051e-02 1.786134671419858932e-03 4.650257900357246399e-02 2.959414944052696228e-02 2.039303630590438843e-02 1.018381714820861816e-01 5.577339977025985718e-02 1.225888077169656754e-02 2.437032014131546021e-02 2.565024048089981079e-02 4.314184188842773438e-02 4.533604159951210022e-02 3.331299871206283569e-02 3.023760020732879639e-02 1.573930680751800537e-02 1.074263826012611389e-02 1.686703227460384369e-02 1.018391083925962448e-02 3.009520843625068665e-02 5.201884731650352478e-02 3.571257740259170532e-02 4.002233222126960754e-02 2.908074483275413513e-02 8.155514486134052277e-03 3.357999026775360107e-03 3.212795406579971313e-02 1.394204446114599705e-03 4.868743568658828735e-02 5.223309248685836792e-02 6.595737487077713013e-02 7.114324718713760376e-03 6.597688794136047363e-02 6.025354936718940735e-02 4.119623079895973206e-02 5.171101912856101990e-02 6.075087562203407288e-02 5.726766213774681091e-02 2.645561285316944122e-02 4.083106759935617447e-03 1.613032445311546326e-02 4.108038172125816345e-02 5.550265312194824219e-02 2.539547905325889587e-02 1.419206708669662476e-02 5.533598735928535461e-02 9.251222759485244751e-02 6.484612822532653809e-02 1.557570602744817734e-02 8.868282288312911987e-02 4.545906186103820801e-02 3.105369582772254944e-02 3.957480192184448242e-02 1.567355915904045105e-02 1.796041429042816162e-01 6.455339491367340088e-02 1.897755265235900879e-02 7.840516977012157440e-03 2.706305868923664093e-02 7.776638027280569077e-03 7.105445116758346558e-02 2.787118963897228241e-02 2.436102926731109619e-02 2.536141313612461090e-02 3.978029265999794006e-02 3.387828171253204346e-02 5.270500108599662781e-02 9.504720568656921387e-03 4.582720994949340820e-02 3.258745372295379639e-02 6.094854697585105896e-02 8.413656055927276611e-02 3.498518839478492737e-02 3.074731864035129547e-02 4.402915015816688538e-02 1.017298102378845215e-01 3.665993362665176392e-02 9.257923066616058350e-02 1.851293258368968964e-02 1.611940190196037292e-02 3.445104882121086121e-02 3.485694900155067444e-02 7.454036269336938858e-03 1.907053589820861816e-02 3.267483040690422058e-02 1.153164356946945190e-01 8.266893215477466583e-03 1.984131336212158203e-02 8.506209403276443481e-02 2.452868036925792694e-02
8.432545699179172516e-03 3.402936831116676331e-02 1.778413914144039154e-02 3.483476862311363220e-02 2.645470499992370605e-01 1.074877753853797913e-02 3.665006905794143677e-02 2.684407122433185577e-02 1.346485689282417297e-02 4.594841040670871735e-03 3.425602568313479424e-03 5.052912235260009766e-02 1.096976082772016525e-02 3.401897475123405457e-02 6.066291127353906631e-03 5.363944917917251587e-02 5.289039760828018188e-02 2.143144980072975159e-02 1.593723706901073456e-02 2.008904330432415009e-02 1.452523563057184219e-02 5.607227329164743423e-03 2.580416947603225708e-02 2.668747212737798691e-03 4.469038918614387512e-02 8.733868598937988281e-03 5.991477891802787781e-02 2.235375717282295227e-02 2.471928671002388000e-02 4.219248518347740173e-02 5.912125576287508011e-03 2.271239645779132843e-02 9.304697066545486450e-02 2.138577215373516083e-02 3.876272588968276978e-02 1.043775863945484161e-02 2.475816942751407623e-02 5.988585576415061951e-02 6.455474346876144409e-02 1.336486935615539551e-01 7.837396115064620972e-03 1.524304691702127457e-02 6.427849177271127701e-03 7.655200548470020294e-03 9.770348668098449707e-02 1.399340014904737473e-02 4.287572950124740601e-02 5.089984275400638580e-03 4.166902974247932434e-02 2.543318457901477814e-02 9.640646725893020630e-02 6.315165013074874878e-02 7.030306383967399597e-03 9.372430853545665741e-03 4.317761957645416260e-02 5.792805925011634827e-03 5.658667907118797302e-02 2.161565050482749939e-02 2.722124755382537842e-02 3.262478113174438477e-02 3.797268867492675781e-02 3.711548820137977600e-02 2.624347619712352753e-02 9.679813869297504425e-03 2.683818154036998749e-02 2.035593055188655853e-02 6.633304990828037262e-03 5.016595125198364258e-03 6.484356708824634552e-03 1.332724187523126602e-02 1.840880513191223145e-02 6.674437224864959717e-02 1.292037814855575562e-01 4.556832462549209595e-02 1.093212664127349854e-01 5.023169144988059998e-02 6.565452367067337036e-02 4.798891395330429077e-02 9.212497621774673462e-03 3.389541758224368095e-03 1.763880625367164612e-02 2.435229718685150146e-02 8.029431849718093872e-02 5.150521174073219299e-02 2.269378490746021271e-02 2.212096005678176880e-02 1.181017886847257614e-02 2.080976217985153198e-02 5.505406856536865234e-02 1.276861317455768585e-02 7.839679718017578125e-03 5.281821358948945999e-03 9.628235362470149994e-03 4.707069601863622665e-03 1.056895405054092407e-02 1.572956703603267670e-02 1.636497117578983307e-02 2.748169191181659698e-02 1.178596285171806812e-04 4.061225056648254395e-02 4.062985628843307495e-02 3.999437764286994934e-02 1.459311600774526596e-02 3.643166646361351013e-02 4.145989194512367249e-02 2.628422528505325317e-02 2.415220811963081360e-02 4.636641591787338257e-02 8.243203163146972656e-03 2.368767745792865753e-02 1.393641810864210129e-02 3.817233070731163025e-02 3.034806624054908752e-02 3.193431347608566284e-02 1.501215435564517975e-02 3.880736231803894043e-02
3.837725892663002014e-02 2.648787572979927063e-02 2.768590673804283142e-02 2.645470499992370605e-01 4.508343711495399475e-02 9.440456517040729523e-03 2.148067206144332886e-02 5.117340758442878723e-02 1.323561533354222775e-03 2.024528011679649353e-02 2.248690836131572723e-02 6.801994144916534424e-02 3.780829906463623047e-02 7.407550513744354248e-02 5.858409777283668518e-02 6.307237595319747925e-02 1.992019824683666229e-02 3.532868996262550354e-02 2.710425294935703278e-02 4.227542132139205933e-02 1.741691119968891144e-02 3.242029622197151184e-02 5.024513974785804749e-02 1.302114035934209824e-02 4.876863956451416016e-02 4.999010264873504639e-02 3.647054359316825867e-02 2.650784142315387726e-02 3.261345624923706055e-02 6.018271297216415405e-02 1.685781404376029968e-02 5.289168283343315125e-02 1.218076702207326889e-02 5.151210352778434753e-02 6.359709426760673523e-03 3.170502930879592896e-02 1.170397736132144928e-02 5.240176245570182800e-02 1.014598980545997620e-01 2.438668012619018555e-01 2.017525210976600647e-02 4.162857308983802795e-02 4.805820435285568237e-02 9.346400387585163116e-03 1.080567110329866409e-02 3.292968124151229858e-02 2.130172029137611389e-02 3.728883713483810425e-02 3.279681876301765442e-02 3.498256206512451172e-02 5.093738809227943420e-02 2.673179097473621368e-02 9.815267287194728851e-03 1.561991404742002487e-02 2.764937840402126312e-02 1.128395088016986847e-02 5.847538635134696960e-02 2.934504859149456024e-02 8.507282473146915436e-03 2.936533838510513306e-02 4.480202496051788330e-02 3.009560704231262207e-02 3.357733786106109619e-02 1.320606749504804611e-02 1.434367429465055466e-02 5.871929600834846497e-02 1.352462358772754669e-02 2.596338978037238121e-03 6.631416827440261841e-02 6.796424277126789093e-03 1.153019350022077560e-02 6.444519013166427612e-02 1.388679742813110352e-01 2.014470472931861877e-02 2.236314713954925537e-01 8.488094806671142578e-02 6.295543164014816284e-02 3.989822417497634888e-02 3.401235863566398621e-02 1.676276698708534241e-02 1.302611455321311951e-02 2.829188108444213867e-02 8.930568583309650421e-03 8.548416942358016968e-02 4.966113192494958639e-05 2.164581231772899628e-02 2.502039447426795959e-02 5.325519666075706482e-02 2.918022219091653824e-04 6.012492626905441284e-02 1.697230339050292969e-02 3.602142632007598877e-02 3.261021152138710022e-02 8.851920720189809799e-04 1.944873668253421783e-02 2.332557737827301025e-02 2.410646900534629822e-02 1.083738543093204498e-02 3.756315261125564575e-02 2.359681949019432068e-02 1.568965055048465729e-02 1.566769927740097046e-02 3.279298543930053711e-02 1.745991967618465424e-02 9.825610555708408356e-03 3.421206027269363403e-02 3.341713920235633850e-02 2.071679336950182915e-03 7.767364382743835449e-03 1.439429167658090591e-02 3.651401400566101074e-02 5.891026556491851807e-02 3.030626848340034485e-02 1.742023788392543793e-02 4.271525889635086060e-02 3.153872117400169373e-02
1.259878277778625488e-01 1.154555678367614746e-01 8.333604782819747925e-02 1.074877753853797913e-02 9.440456517040729523e-03 7.968573272228240967e-02 1.608611792325973511e-01 2.652380988001823425e-02 3.177937120199203491e-02 1.110131293535232544e-02 1.124875992536544800e-01 7.460261136293411255e-02 9.132678806781768799e-02 4.088696464896202087e-02 1.819143258035182953e-02 1.450173649936914444e-02 6.628415733575820923e-02 4.379733279347419739e-02 6.110372953116893768e-03 2.472495473921298981e-02 8.557237684726715088e-03 7.321310695260763168e-03 5.661588162183761597e-03 2.071240730583667755e-02 1.227468624711036682e-02 2.558539435267448425e-02 1.611624285578727722e-02 4.178995266556739807e-02 3.863866149913519621e-04 4.514297842979431152e-02 7.673096656799316406e-02 2.164759673178195953e-02 1.781272143125534058e-02 1.511018630117177963e-02 1.206182595342397690e-02 3.776008263230323792e-03 2.385328523814678192e-02 4.771181941032409668e-02 1.056049019098281860e-02 3.063346445560455322e-02 2.350083086639642715e-03 2.556393854320049286e-02 1.641263812780380249e-02 3.271284699440002441e-02 4.557759314775466919e-02 6.483948323875665665e-03 1.512651443481445312e-01 5.966952070593833923e-02 1.716170459985733032e-03 2.479813247919082642e-02 2.260186895728111267e-02 1.552876923233270645e-02 2.414261735975742340e-02 3.129230439662933350e-02 3.918224945664405823e-03 4.831737279891967773e-02 3.507139906287193298e-02 3.716883435845375061e-02 4.015447571873664856e-02 7.370546925812959671e-03 1.913555897772312164e-02 6.711917370557785034e-02 7.866565138101577759e-02 4.641792178153991699e-02 4.006286710500717163e-02 2.651479560881853104e-03 2.768734470009803772e-02 3.571521118283271790e-02 5.649415776133537292e-02 5.283692479133605957e-02 1.708368025720119476e-02 7.339621894061565399e-03 4.663840681314468384e-02 2.833749540150165558e-02 7.106258533895015717e-03 1.747725158929824829e-02 4.309948161244392395e-02 5.575378891080617905e-04 2.331361360847949982e-02 5.043783038854598999e-02 2.668334543704986572e-02 1.716191321611404419e-02 7.730783428996801376e-03 2.649058029055595398e-02 3.227695822715759277e-02 3.828566893935203552e-02 2.208067569881677628e-03 2.131074294447898865e-02 2.781381271779537201e-02 2.344582416117191315e-02 5.652457103133201599e-02 1.633659377694129944e-02 8.322150446474552155e-03 2.184377238154411316e-02 2.359462901949882507e-02 2.775776945054531097e-02 1.317879091948270798e-02 3.202820569276809692e-02 2.716633677482604980e-02 3.810341656208038330e-02 8.015004917979240417e-03 3.666524216532707214e-02 1.404732558876276016e-02 9.747233241796493530e-03 2.867414802312850952e-02 3.918316960334777832e-02 3.507019206881523132e-02 5.354307591915130615e-02 2.379278838634490967e-02 4.924768954515457153e-02 2.071994170546531677e-02 1.624881662428379059e-02 1.979876495897769928e-02 1.872335933148860931e-02 2.812118642032146454e-02 3.181095421314239502e-02
8.632574230432510376e-02 9.359472990036010742e-02 4.972634091973304749e-02 3.665006905794143677e-02 2.148067206144332886e-02 1.608611792325973511e-01 9.485655277967453003e-02 3.853098489344120026e-03 4.635642468929290771e-02 2.510329708456993103e-02 1.026884838938713074e-01 4.918377101421356201e-02 9.117220342159271240e-02 5.048594623804092407e-02 2.082724869251251221e-02 7.749720476567745209e-03 4.509544000029563904e-02 3.124761208891868591e-02 4.279028798919171095e-04 3.091743774712085724e-02 7.182877976447343826e-03 1.364187058061361313e-02 1.873535662889480591e-02 3.683165460824966431e-02 1.306025963276624680e-02 1.077841501682996750e-02 4.916106164455413818e-02 4.693663492798805237e-02 8.294373005628585815e-02 5.738054960966110229e-02 6.257815659046173096e-02 9.045998565852642059e-03 9.900205768644809723e-03 1.586612686514854431e-02 1.884171925485134125e-02 2.218306763097643852e-03 8.064253255724906921e-03 3.724713996052742004e-02 4.433262348175048828e-02 1.179552916437387466e-02 7.431329577229917049e-04 3.847296908497810364e-02 6.319884955883026123e-02 2.536375075578689575e-02 2.198046538978815079e-03 7.514660805463790894e-02 1.289664506912231445e-01 9.996241331100463867e-02 4.374843463301658630e-02 5.614841356873512268e-03 1.226845569908618927e-02 3.791571035981178284e-02 4.255810752511024475e-02 2.494437433779239655e-02 2.176966890692710876e-02 2.646025456488132477e-02 1.005811709910631180e-02 4.588301107287406921e-02 4.045159369707107544e-02 6.418834440410137177e-03 3.905889764428138733e-02 1.701928488910198212e-02 5.742665752768516541e-02 3.439874947071075439e-02 1.052207313477993011e-02 3.211802616715431213e-02 9.142415598034858704e-03 3.623066097497940063e-02 5.039981007575988770e-02 6.217770744115114212e-03 2.175098471343517303e-02 4.337666928768157959e-02 1.133609563112258911e-02 1.615366153419017792e-02 1.340940501540899277e-02 1.410813629627227783e-02 3.101330809295177460e-02 5.971441511064767838e-03 2.395635470747947693e-02 2.872308157384395599e-02 5.264270585030317307e-03 4.314501583576202393e-02 1.191861741244792938e-02 6.308784708380699158e-03 5.142685770988464355e-02 1.674944162368774414e-02 1.333517022430896759e-03 2.648385055363178253e-02 2.054567262530326843e-02 1.028488203883171082e-02 1.193919498473405838e-02 3.306663036346435547e-02 2.368815243244171143e-02 2.530762180685997009e-02 2.180445007979869843e-02 6.811491679400205612e-03 3.963226824998855591e-02 4.149931669235229492e-02 2.292335731908679008e-03 1.415695901960134506e-02 9.795980527997016907e-03 1.478869118727743626e-03 2.062311954796314240e-02 3.172719851136207581e-02 8.995289914309978485e-03 2.589792199432849884e-02 1.573445275425910950e-02 3.365396289154887199e-03 2.389668114483356476e-02 8.529144339263439178e-03 1.294719707220792770e-02 7.667077705264091492e-03 2.556251361966133118e-02 3.382600471377372742e-02 2.706198394298553467e-02 2.571035921573638916e-02
7.873716531321406364e-04 7.131736259907484055e-03 1.904478967189788818e-01 2.684407122433185577e-02 5.117340758442878723e-02 2.652380988001823425e-02 3.853098489344120026e-03 9.979424066841602325e-03 7.626464357599616051e-04 8.801147341728210449e-03 1.916698180139064789e-03 1.625108998268842697e-03 8.483690209686756134e-03 3.270232304930686951e-02 9.627773612737655640e-02 9.926494210958480835e-02 7.145250588655471802e-02 6.455083936452865601e-02 4.937256500124931335e-02 5.527632683515548706e-02 5.980975460261106491e-03 8.689162321388721466e-03 4.658508673310279846e-02 2.799446880817413330e-02 2.107533626258373260e-02 1.525407843291759491e-02 2.277860231697559357e-02 2.099129557609558105e-02 1.248615048825740814e-02 1.126551907509565353e-02 7.892088033258914948e-03 1.342606637626886368e-02 5.734508391469717026e-03 4.844179376959800720e-02 4.588309302926063538e-02 2.712745033204555511e-02 2.108495868742465973e-02 4.743058606982231140e-02 5.875485017895698547e-02 4.794300999492406845e-03 5.178184062242507935e-02 4.998130723834037781e-02 3.244548663496971130e-02 4.906794428825378418e-02 5.944727361202239990e-02 5.508796311914920807e-03 1.333749294281005859e-02 1.719816215336322784e-02 2.428393438458442688e-02 3.659061715006828308e-02 7.122891396284103394e-02 1.943756127730011940e-03 1.462509296834468842e-02 2.104111760854721069e-02 2.664563246071338654e-02 1.461938372813165188e-03 4.138610884547233582e-02 4.016056284308433533e-02 2.427029050886631012e-02 3.789296746253967285e-02 2.172554470598697662e-02 1.663898490369319916e-02 5.859441589564085007e-03 3.792902827262878418e-02 5.859757773578166962e-03 2.184358239173889160e-02 1.920490409247577190e-03 8.184569305740296841e-04 2.997153624892234802e-02 1.537801139056682587e-02 2.438250370323657990e-02 1.386910304427146912e-02 3.886693716049194336e-02 1.616482809185981750e-02 1.157334353774785995e-02 2.341013215482234955e-02 2.656812593340873718e-02 1.605223491787910461e-02 1.209057867527008057e-02 2.326406165957450867e-02 1.243174001574516296e-01 5.559461191296577454e-02 2.331332676112651825e-02 3.990906849503517151e-02 1.573789305984973907e-02 3.303416445851325989e-02 6.969662010669708252e-02 6.097792834043502808e-02 2.163957245647907257e-02 9.334218688309192657e-03 2.142639830708503723e-02 1.143980212509632111e-02 2.204593643546104431e-02 2.878542989492416382e-02 3.438394516706466675e-02 5.399663373827934265e-02 1.022089645266532898e-02 2.380574680864810944e-02 8.342410437762737274e-03 4.801430925726890564e-02 4.206243529915809631e-02 3.949462249875068665e-02 4.324281215667724609e-02 1.094881631433963776e-02 2.716755121946334839e-02 3.444386273622512817e-02 4.444375634193420410e-02 1.108204945921897888e-02 1.269410178065299988e-02 1.340119633823633194e-02 4.588744789361953735e-02 3.880259022116661072e-02 6.750002037733793259e-03 1.985556073486804962e-02 8.797818794846534729e-03 3.157101571559906006e-02
3.846552222967147827e-02 2.782638370990753174e-02 7.025832682847976685e-02 1.346485689282417297e-02 1.323561533354222775e-03 3.177937120199203491e-02 4.635642468929290771e-02 7.626464357599616051e-04 4.798323661088943481e-02 3.331731632351875305e-02 1.245099026709794998e-02 5.504413973540067673e-03 3.030386986210942268e-03 2.262771874666213989e-02 3.183524683117866516e-02 1.285487436689436436e-03 4.904453083872795105e-02 1.868575215339660645e-01 7.219053059816360474e-02 1.567873544991016388e-02 1.108782272785902023e-02 2.607352845370769501e-02 6.027914583683013916e-02 6.570109166204929352e-03 4.907770082354545593e-02 2.441892586648464203e-02 5.268231034278869629e-02 6.709723919630050659e-02 4.971585422754287720e-02 5.933833867311477661e-02 1.910686306655406952e-02 3.137223422527313232e-02 3.412940353155136108e-02 6.582643091678619385e-02 1.831034757196903229e-02 1.325918920338153839e-02 2.238239627331495285e-03 3.963145241141319275e-02 1.150928903371095657e-02 7.511860877275466919e-02 2.306270599365234375e-02 1.186065468937158585e-02 3.080320172011852264e-02 5.566932633519172668e-02 4.786471650004386902e-02 5.107791349291801453e-02 5.224477872252464294e-02 4.040598869323730469e-02 3.791307657957077026e-02 3.177566453814506531e-02 4.989323671907186508e-03 1.806012094020843506e-01 3.290902078151702881e-02 5.734090227633714676e-03 1.132615581154823303e-01 4.884310811758041382e-02 4.776553809642791748e-02 7.695053354837000370e-04 3.564149513840675354e-02 6.569675635546445847e-03 4.918505251407623291e-02 5.860795825719833374e-02 2.753334306180477142e-02 5.368659272789955139e-03 3.013560315594077110e-03 4.029328748583793640e-02 4.698872566223144531e-02 6.416361778974533081e-02 8.610399067401885986e-02 6.490410119295120239e-02 1.909891888499259949e-02 3.433346003293991089e-02 4.744834080338478088e-02 4.212081432342529297e-02 1.345064491033554077e-02 5.992457643151283264e-02 2.018716037273406982e-01 1.153351925313472748e-02 6.490658968687057495e-02 5.106856301426887512e-02 1.041574776172637939e-02 1.066679134964942932e-02 1.619414389133453369e-01 7.416617125272750854e-02 6.859674304723739624e-02 2.584934234619140625e-03 6.826174259185791016e-02 3.022573888301849365e-02 2.148403599858283997e-02 4.162674769759178162e-02 2.581393346190452576e-02 1.099816244095563889e-02 2.404011599719524384e-02 4.425351694226264954e-02 3.236531466245651245e-02 1.539282151497900486e-03 5.090726912021636963e-02 1.625161990523338318e-02 4.745591804385185242e-02 1.134166494011878967e-02 2.009352110326290131e-02 2.262642234563827515e-02 1.312719774432480335e-03 8.557378314435482025e-03 2.193431928753852844e-02 1.760757714509963989e-02 5.131034925580024719e-02 5.844215303659439087e-02 3.559181466698646545e-02 1.554794609546661377e-01 1.035217754542827606e-02 1.001953780651092529e-01 1.985676959156990051e-02 6.369554251432418823e-02 1.962563954293727875e-02 2.860755845904350281e-02
3.463042899966239929e-02 1.377619709819555283e-02 9.064400568604469299e-03 4.594841040670871735e-03 2.024528011679649353e-02 1.110131293535232544e-02 2.510329708456993103e-02 8.801147341728210449e-03 3.331731632351875305e-02 1.288605332374572754e-01 1.304729469120502472e-02 5.379074439406394958e-02 2.645933534950017929e-03 2.928855083882808685e-02 1.362888701260089874e-02 4.870735108852386475e-02 5.091504193842411041e-03 7.439350336790084839e-02 1.555819511413574219e-01 2.278708107769489288e-02 5.479409359395503998e-03 2.945305965840816498e-02 2.896989881992340088e-02 1.748724468052387238e-02 1.311671081930398941e-02 1.492981985211372375e-02 7.338780909776687622e-02 1.113459840416908264e-02 1.065017655491828918e-02 1.062456890940666199e-02 8.770889788866043091e-02 1.307471934705972672e-02 7.457411382347345352e-03 8.822168223559856415e-03 2.628905512392520905e-02 1.377787720412015915e-02 9.306546300649642944e-03 4.812349379062652588e-02 2.694616280496120453e-02 3.617093339562416077e-02 1.035695662721991539e-03 5.225332826375961304e-02 2.471253089606761932e-02 6.486011296510696411e-02 3.873671963810920715e-02 2.016435749828815460e-02 4.822817631065845490e-03 3.262550011277198792e-02 8.863736875355243683e-03 8.199580758810043335e-02 4.586030542850494385e-02 9.800329059362411499e-02 5.403747037053108215e-02 4.002907872200012207e-02 3.944310173392295837e-02 1.351651102304458618e-01 8.542490191757678986e-03 9.377559274435043335e-02 8.005871437489986420e-03 1.454140618443489075e-02 4.650625586509704590e-02 6.668310612440109253e-02 5.167634226381778717e-03 1.783543382771313190e-03 2.454193308949470520e-02 3.436838462948799133e-02 7.422009017318487167e-03 1.519035664387047291e-03 8.359301090240478516e-02 1.000351011753082275e-01 8.525035530328750610e-02 6.535347551107406616e-02 2.556102164089679718e-02 1.428882926702499390e-01 1.275857910513877869e-02 2.799845242407172918e-04 2.953233756124973297e-02 2.004459202289581299e-01 4.169472679495811462e-02 1.806648075580596924e-01 3.954259678721427917e-02 2.390978112816810608e-02 7.457366585731506348e-02 1.007391065359115601e-01 2.786793338600546122e-04 8.178077638149261475e-02 2.388902939856052399e-02 2.638655528426170349e-02 3.911812789738178253e-03 1.456306576728820801e-01 1.398843061178922653e-02 6.307579576969146729e-02 4.855958279222249985e-03 4.873476177453994751e-02 7.785761728882789612e-03 4.799787700176239014e-02 1.230124905705451965e-01 1.171520166099071503e-02 1.757319457828998566e-02 7.161313295364379883e-02 4.846131056547164917e-02 2.118353359401226044e-02 3.295896202325820923e-02 7.340905815362930298e-02 5.831768363714218140e-02 6.795121729373931885e-02 4.638366401195526123e-02 2.740477211773395538e-03 2.885326184332370758e-02 4.255675594322383404e-04 4.846195876598358154e-02 4.358512163162231445e-02 1.056271977722644806e-02 1.038102433085441589e-02 6.667523831129074097e-02 4.672161489725112915e-02
1.018634140491485596e-01 1.080879941582679749e-01 2.515717223286628723e-02 3.425602568313479424e-03 2.248690836131572723e-02 1.124875992536544800e-01 1.026884838938713074e-01 1.916698180139064789e-03 1.245099026709794998e-02 1.304729469120502472e-02 1.195978671312332153e-01 4.016493260860443115e-02 1.436270028352737427e-01 2.306652627885341644e-02 3.388004377484321594e-02 1.740769855678081512e-02 3.535527363419532776e-02 8.341211825609207153e-03 2.040723105892539024e-03 2.268750220537185669e-02 7.625021971762180328e-04 8.523412793874740601e-02 6.785952486097812653e-03 6.054258439689874649e-03 3.398107830435037613e-03 2.878307551145553589e-02 4.319885745644569397e-02 7.721037836745381355e-04 2.340069599449634552e-02 2.513603540137410164e-03 2.039732411503791809e-02 1.447823829948902130e-02 6.014001090079545975e-03 1.383730489760637283e-02 1.319739501923322678e-02 7.846754975616931915e-03 1.128473877906799316e-02 6.677355617284774780e-03 1.156318746507167816e-02 4.445520695298910141e-03 1.598543114960193634e-02 1.827115379273891449e-02 1.058380119502544403e-02 1.161905098706483841e-02 7.343058008700609207e-03 2.769767493009567261e-02 1.013432145118713379e-01 4.165543988347053528e-02 2.375388704240322113e-02 8.237189613282680511e-03 4.226282704621553421e-03 1.253012940287590027e-02 5.270205438137054443e-02 3.012876771390438080e-02 9.737101942300796509e-02 1.981824636459350586e-02 3.215739503502845764e-02 1.505050249397754669e-02 2.988677099347114563e-02 1.360709313303232193e-03 1.040596887469291687e-02 5.913830548524856567e-02 9.637699462473392487e-03 2.490338869392871857e-02 6.190288439393043518e-02 9.002234786748886108e-02 2.645697350089903921e-05 5.477024242281913757e-03 5.216065328568220139e-03 4.530074819922447205e-02 2.002226188778877258e-02 7.020865380764007568e-02 9.108240716159343719e-03 1.625010557472705841e-02 1.481096073985099792e-02 2.363500371575355530e-02 1.515368930995464325e-02 1.646091975271701813e-02 3.451845608651638031e-03 9.940035641193389893e-03 4.294345527887344360e-02 2.482786402106285095e-02 3.332969918847084045e-02 2.705736551433801651e-03 5.018257349729537964e-02 2.703517116606235504e-02 1.479512732475996017e-02 4.935817793011665344e-02 2.405354939401149750e-02 2.205819264054298401e-02 3.933420777320861816e-02 9.040358662605285645e-02 1.698597520589828491e-02 7.529237121343612671e-02 2.699507959187030792e-02 2.290554344654083252e-02 2.728369645774364471e-02 4.170072451233863831e-02 7.032172754406929016e-03 4.470152780413627625e-03 3.173328936100006104e-02 1.110004028305411339e-03 8.363447152078151703e-03 3.792561590671539307e-02 5.662385001778602600e-02 7.344525307416915894e-02 2.571033686399459839e-02 6.591723114252090454e-02 1.843122206628322601e-02 2.654758747667074203e-03 3.041252121329307556e-02 3.737354278564453125e-02 1.493254397064447403e-02 3.067415766417980194e-02 4.497645795345306396e-02 1.033580396324396133e-02
4.470548033714294434e-02 1.059841644018888474e-02 2.678601443767547607e-02 5.052912235260009766e-02 6.801994144916534424e-02 7.460261136293411255e-02 4.918377101421356201e-02 1.625108998268842697e-03 5.504413973540067673e-03 5.379074439406394958e-02 4.016493260860443115e-02 2.253001555800437927e-02 1.329675409942865372e-02 1.248304918408393860e-01 6.229338049888610840e-02 6.569847464561462402e-02 1.858301274478435516e-02 1.216287910938262939e-02 6.958326697349548340e-02 2.352951094508171082e-02 2.024618349969387054e-02 2.036493830382823944e-02 3.571249544620513916e-02 5.252942070364952087e-02 4.367866739630699158e-02 5.929958447813987732e-02 7.315921131521463394e-03 7.002391666173934937e-02 1.272429525852203369e-01 8.665785938501358032e-02 6.892900168895721436e-02 3.808209148701280355e-04 7.405149191617965698e-02 4.793633893132209778e-02 3.463282063603401184e-02 2.277985028922557831e-02 2.051238343119621277e-02 4.118670150637626648e-02 4.147854074835777283e-02 1.325695496052503586e-02 8.315899409353733063e-03 2.967175282537937164e-02 2.577737532556056976e-02 1.621213555335998535e-02 2.645952254533767700e-02 2.714284695684909821e-02 5.449259281158447266e-02 2.364460378885269165e-02 3.942906111478805542e-02 2.374195866286754608e-02 1.793056912720203400e-02 1.675019599497318268e-02 7.035795133560895920e-03 8.114709518849849701e-03 3.793828934431076050e-02 1.761032640933990479e-02 4.020534083247184753e-02 2.096016891300678253e-03 1.902887225151062012e-02 9.552276693284511566e-03 4.546846449375152588e-02 4.959330335259437561e-02 6.898404657840728760e-02 4.756165668368339539e-02 2.876380831003189087e-02 1.195262558758258820e-02 4.224717617034912109e-03 1.256342791020870209e-02 5.924865137785673141e-03 4.167705401778221130e-02 1.262248493731021881e-02 4.887622594833374023e-02 1.612715539522469044e-03 3.064188547432422638e-02 2.026796713471412659e-02 3.387148259207606316e-03 4.634236544370651245e-02 8.521747775375843048e-03 4.058432206511497498e-02 1.583986915647983551e-02 5.918330047279596329e-03 1.675875158980488777e-03 8.235886693000793457e-02 1.251121237874031067e-02 5.254627764225006104e-02 2.448249794542789459e-02 1.916743069887161255e-02 7.449686992913484573e-03 8.069464005529880524e-03 3.340216353535652161e-02 4.416471347212791443e-03 3.335663303732872009e-02 5.749112367630004883e-02 4.930810537189245224e-03 7.341355551034212112e-03 7.173562888056039810e-03 8.173364214599132538e-03 1.824462786316871643e-02 1.411366648972034454e-02 1.023671776056289673e-02 3.026244789361953735e-02 1.140981167554855347e-02 2.809587493538856506e-02 9.290029411204159260e-04 1.441519893705844879e-02 1.042060554027557373e-02 2.402234636247158051e-02 1.113493740558624268e-02 1.364221051335334778e-02 7.673493027687072754e-02 2.774521894752979279e-02 3.625915572047233582e-02 1.320884283632040024e-02 4.414634779095649719e-02 1.584967225790023804e-02 1.387542113661766052e-02
9.904745221138000488e-02 1.081397905945777893e-01 1.062976568937301636e-02 1.096976082772016525e-02 3.780829906463623047e-02 9.132678806781768799e-02 9.117220342159271240e-02 8.483690209686756134e-03 3.030386986210942268e-03 2.645933534950017929e-03 1.436270028352737427e-01 1.329675409942865372e-02 1.192497834563255310e-01 2.725891536101698875e-03 6.733493506908416748e-02 4.215613380074501038e-02 3.774950280785560608e-02 3.462815657258033752e-02 2.601320110261440277e-02 1.162393856793642044e-02 1.056406088173389435e-02 8.607757091522216797e-02 4.981365054845809937e-03 1.274969242513179779e-02 1.578953815624117851e-03 1.903945580124855042e-02 5.327003449201583862e-02 2.788058109581470490e-02 3.476998582482337952e-02 2.008452638983726501e-02 7.497943937778472900e-02 2.305815368890762329e-02 1.749919541180133820e-02 4.193426296114921570e-02 1.399271842092275620e-02 2.732673659920692444e-02 2.334628254175186157e-02 2.793699689209461212e-02 1.735403016209602356e-02 1.698696287348866463e-03 7.086625788360834122e-03 2.891931124031543732e-02 2.001876011490821838e-02 2.761892229318618774e-02 7.592343259602785110e-03 2.123528718948364258e-02 7.361045479774475098e-02 5.346647650003433228e-02 2.226342447102069855e-02 3.153439983725547791e-02 1.736106537282466888e-02 4.289545118808746338e-02 1.714740879833698273e-02 2.820283547043800354e-02 4.601664468646049500e-02 1.822875626385211945e-02 3.966670110821723938e-02 3.257580334320664406e-03 1.352169737219810486e-02 1.658339984714984894e-02 4.723381996154785156e-02 5.094793438911437988e-02 1.847743801772594452e-02 7.322039920836687088e-03 3.498643264174461365e-02 7.705853134393692017e-02 9.343099663965404034e-04 7.415411528199911118e-03 9.307784028351306915e-03 6.251634657382965088e-02 1.638031005859375000e-02 9.623012691736221313e-02 1.611215621232986450e-02 2.584461681544780731e-02 2.158289402723312378e-02 2.782599814236164093e-02 2.076217159628868103e-02 2.025431767106056213e-02 9.926938451826572418e-03 5.210832878947257996e-02 5.019674450159072876e-02 1.991903036832809448e-02 3.435664996504783630e-02 8.311240002512931824e-03 2.627005428075790405e-02 2.820679359138011932e-02 4.427236039191484451e-03 4.961239174008369446e-02 1.173171307891607285e-02 4.303086549043655396e-02 3.821305558085441589e-02 7.164976745843887329e-02 2.071817591786384583e-02 8.263467252254486084e-02 1.299960538744926453e-02 2.966206893324851990e-02 4.610078874975442886e-03 3.518379479646682739e-02 7.153140008449554443e-02 3.877337276935577393e-02 5.909749772399663925e-03 1.983807608485221863e-02 1.400569919496774673e-03 2.321582753211259842e-03 3.748090192675590515e-02 7.762839645147323608e-02 1.593020744621753693e-02 6.512671709060668945e-02 7.489201147109270096e-03 6.639387574978172779e-04 3.675990551710128784e-02 4.426201432943344116e-02 1.792515814304351807e-02 5.155224353075027466e-03 3.547862917184829712e-02 5.215203762054443359e-02
