5.375219509005546570e-02 2.425317019224166870e-01 5.482149496674537659e-02 1.762739382684230804e-02 2.947631850838661194e-02 1.877861171960830688e-01 1.822293177247047424e-02 8.346805721521377563e-02 8.819267153739929199e-03 5.299599468708038330e-02 1.150476112961769104e-01 4.454764723777770996e-02 2.250432036817073822e-02 4.179230332374572754e-02 6.324466317892074585e-02 2.876383252441883087e-02 4.702084138989448547e-02 4.332009237259626389e-03 2.318892069160938263e-02 7.717327680438756943e-03 1.517841592431068420e-02 4.310203343629837036e-02 3.772739320993423462e-02 3.882193192839622498e-02 3.037420101463794708e-02 5.216884985566139221e-02 5.167537555098533630e-02 1.116526592522859573e-02 6.223022192716598511e-02 7.592361420392990112e-02 4.535657539963722229e-02 3.656093031167984009e-02 3.066875785589218140e-02 1.427073031663894653e-02 2.879656292498111725e-02 3.533697873353958130e-02 4.169854521751403809e-02 3.295456990599632263e-02 3.810950787737965584e-03 1.172523479908704758e-02 3.400594741106033325e-02 5.480858311057090759e-02 2.333239093422889709e-02 1.373931445414200425e-04 2.698906138539314270e-02 1.031925249844789505e-02 1.220877766609191895e-01 3.691114857792854309e-02 2.873424440622329712e-02 2.530599012970924377e-02 4.252538457512855530e-02 4.268903285264968872e-03 5.245128646492958069e-02 1.977583765983581543e-02 2.402342483401298523e-02 2.349220588803291321e-02 3.688239306211471558e-02 3.585029765963554382e-02 3.070294298231601715e-02 8.139599114656448364e-03 2.494923397898674011e-02 1.596289873123168945e-02 1.379198953509330750e-02 3.259128704667091370e-02 3.545148298144340515e-02 3.655436635017395020e-02 4.037005361169576645e-03 9.141162037849426270e-03 7.311116158962249756e-02 3.736433386802673340e-02 3.980871662497520447e-02 7.063293457031250000e-02 1.063446234911680222e-02 4.256555065512657166e-02 7.501608133316040039e-02 5.495351552963256836e-02 3.272773697972297668e-02 5.867679137736558914e-03 9.886977821588516235e-02 1.616224832832813263e-02 5.032003670930862427e-02 7.757356017827987671e-02 6.179196015000343323e-02 2.683592028915882111e-02 9.349878877401351929e-02 8.963002264499664307e-02 1.611911319196224213e-02 4.555459693074226379e-02 4.588411003351211548e-02 6.973104178905487061e-02 6.685760617256164551e-02 5.961373820900917053e-02 5.716137588024139404e-02 3.388104960322380066e-02 3.452866896986961365e-02 5.765012651681900024e-02 5.422971770167350769e-02 1.572418026626110077e-02 2.631950005888938904e-02 2.981781773269176483e-02 1.075041436706669629e-04 1.286216266453266144e-02 4.169150069355964661e-02 5.683501064777374268e-02 5.711098667234182358e-03 2.373168990015983582e-02 2.157089998945593834e-03 2.718171104788780212e-02 5.069599673151969910e-02 7.901634089648723602e-03 1.683830097317695618e-02 5.834334716200828552e-02 1.128969597630202770e-03 4.780798777937889099e-02 1.701790653169155121e-02 7.181342691183090210e-03
2.425317019224166870e-01 6.132006645202636719e-02 7.456842809915542603e-02 2.231026301160454750e-03 3.607459738850593567e-02 1.242231018841266632e-02 1.423162966966629028e-01 6.535434722900390625e-02 5.470415577292442322e-03 4.970586672425270081e-02 2.714188769459724426e-02 1.539641339331865311e-02 2.132621854543685913e-01 4.990059137344360352e-02 6.825493182986974716e-03 3.473698347806930542e-02 1.612246595323085785e-02 5.139233916997909546e-02 2.528792433440685272e-02 4.065534099936485291e-02 1.573760993778705597e-02 5.166223645210266113e-02 1.960955001413822174e-02 3.056927397847175598e-02 9.223397821187973022e-02 4.758088663220405579e-02 3.376646339893341064e-02 1.226080805063247681e-01 1.724265143275260925e-02 1.070813015103340149e-01 2.010174468159675598e-02 1.150774490088224411e-02 4.306340962648391724e-02 2.415235154330730438e-02 3.734463534783571959e-04 2.739225886762142181e-02 5.126981437206268311e-02 5.240297317504882812e-02 7.463385164737701416e-02 5.040100216865539551e-02 3.022062405943870544e-02 8.986724913120269775e-02 4.768718034029006958e-02 7.082099182298406959e-05 2.940868213772773743e-02 4.891962558031082153e-02 1.323716193437576294e-01 6.215073913335800171e-02 3.199394047260284424e-02 2.372436970472335815e-02 4.573360830545425415e-02 1.675840467214584351e-02 1.150156743824481964e-02 1.879607699811458588e-02 7.246933877468109131e-02 2.688844688236713409e-02 3.281357698142528534e-03 2.805993892252445221e-02 2.289676479995250702e-02 3.111260198056697845e-02 3.009409457445144653e-02 4.191493242979049683e-02 1.137030962854623795e-02 2.657413482666015625e-02 1.385458745062351227e-03 8.763425052165985107e-02 3.477383032441139221e-02 4.901015665382146835e-03 1.568144746124744415e-02 4.675779119133949280e-02 6.741586327552795410e-02 1.166873704642057419e-02 1.104358304291963577e-02 3.999374806880950928e-02 3.760613268241286278e-03 3.866558149456977844e-02 6.752014160156250000e-02 3.203207999467849731e-02 8.916274458169937134e-02 3.315835818648338318e-02 5.758330598473548889e-02 2.791686356067657471e-02 1.914460770785808563e-02 2.171028591692447662e-02 6.550645083189010620e-02 8.472130633890628815e-03 2.266466384753584862e-03 5.285576917231082916e-03 1.093265935778617859e-01 8.919375389814376831e-02 3.909337893128395081e-02 6.222690641880035400e-02 1.339707802981138229e-02 4.225072637200355530e-02 1.491015590727329254e-02 1.313739921897649765e-02 4.792130086570978165e-03 9.006220847368240356e-03 3.782104467973113060e-03 4.382601380348205566e-02 6.434363871812820435e-02 3.236591070890426636e-02 3.763531148433685303e-02 6.239830702543258667e-02 2.347168483538553119e-04 4.347723349928855896e-02 2.912425063550472260e-02 3.353198617696762085e-02 5.672104656696319580e-02 4.191152751445770264e-02 1.554861571639776230e-02 6.062802392989397049e-03 3.650410473346710205e-02 1.572200655937194824e-02 1.434705499559640884e-02 4.304910451173782349e-02
5.482149496674537659e-02 7.456842809915542603e-02 4.380537942051887512e-02 1.627776585519313812e-02 2.825281396508216858e-02 5.939826741814613342e-02 2.495111897587776184e-02 1.321846395730972290e-01 2.902850694954395294e-02 6.052490323781967163e-03 8.395270258188247681e-02 2.111136354506015778e-02 1.435660272836685181e-01 4.610524326562881470e-02 1.017200201749801636e-01 1.462802849709987640e-02 3.775355219841003418e-02 6.579969078302383423e-02 4.054256901144981384e-02 1.471317606046795845e-03 2.876195870339870453e-02 3.707706928253173828e-02 2.908617490902543068e-03 3.669586032629013062e-02 2.305568195879459381e-02 6.009281612932682037e-03 5.249730497598648071e-02 6.237408518791198730e-02 7.453808188438415527e-02 1.495750155299901962e-02 8.542828261852264404e-02 9.142059832811355591e-02 2.821628004312515259e-02 2.198355970904231071e-03 1.954743871465325356e-03 3.665401414036750793e-02 5.214815586805343628e-02 2.033793367445468903e-02 2.204213850200176239e-02 4.937312752008438110e-02 2.225655317306518555e-02 5.703911301679909229e-04 1.881651766598224640e-02 2.666224353015422821e-02 2.343364991247653961e-02 7.797594368457794189e-02 4.313133656978607178e-02 1.237694267183542252e-02 4.611317533999681473e-03 3.727812552824616432e-03 2.245985344052314758e-02 2.190620079636573792e-02 2.304402925074100494e-02 5.496229976415634155e-03 2.427227050065994263e-02 1.782448217272758484e-02 9.654760360717773438e-03 9.590626694262027740e-03 8.492529392242431641e-02 4.470952600240707397e-02 8.138910681009292603e-02 9.405868127942085266e-03 5.193886905908584595e-02 2.655167505145072937e-02 5.092056933790445328e-03 7.869515568017959595e-02 4.301029071211814880e-02 2.031013928353786469e-02 3.114332258701324463e-02 5.466501042246818542e-02 7.182433269917964935e-03 2.474867505952715874e-03 9.510275907814502716e-03 1.500686537474393845e-02 7.492252625524997711e-03 7.711597532033920288e-02 8.673124946653842926e-03 3.189427778124809265e-02 3.141511976718902588e-02 4.039430618286132812e-02 1.680204570293426514e-01 5.519336834549903870e-02 8.563486486673355103e-02 2.975991927087306976e-02 5.166704952716827393e-02 3.834263980388641357e-02 6.554356217384338379e-02 1.008002460002899170e-01 9.040165692567825317e-02 3.768496960401535034e-02 1.709680771455168724e-03 5.949021782726049423e-03 3.300608694553375244e-02 8.369951695203781128e-02 1.255653612315654755e-02 6.026034057140350342e-02 9.040538221597671509e-03 3.608509525656700134e-02 4.381966963410377502e-02 4.172214306890964508e-03 4.949865117669105530e-02 3.328197635710239410e-03 4.888833686709403992e-02 2.751055359840393066e-02 6.499803066253662109e-02 5.102575570344924927e-02 5.448674783110618591e-02 2.645287476480007172e-02 3.835032507777214050e-02 1.622416661120951176e-03 2.376659587025642395e-02 5.793287605047225952e-02 4.849072545766830444e-02 3.562967851758003235e-02 8.842428214848041534e-03 2.152229286730289459e-02
1.762739382684230804e-02 2.231026301160454750e-03 1.627776585519313812e-02 1.344995051622390747e-01 2.647238671779632568e-01 2.939205430448055267e-02 6.529009342193603516e-02 1.534576993435621262e-02 7.672626525163650513e-02 6.781278550624847412e-02 1.833423040807247162e-03 2.199813723564147949e-03 2.061578631401062012e-02 1.505604851990938187e-02 1.552356500178575516e-02 6.925564259290695190e-02 7.879841327667236328e-02 5.263837054371833801e-02 1.509025599807500839e-02 7.003273069858551025e-02 9.417671710252761841e-03 3.669640049338340759e-02 1.227986346930265427e-02 3.684820979833602905e-02 1.437204051762819290e-02 4.254355281591415405e-02 1.874168217182159424e-02 7.744921837002038956e-03 8.005605638027191162e-02 2.235766127705574036e-02 3.003865852952003479e-02 1.765335723757743835e-02 8.658693730831146240e-02 3.259813878685235977e-03 4.638630896806716919e-02 4.482837393879890442e-02 3.430303931236267090e-02 1.228469889611005783e-02 1.651218235492706299e-01 6.297620385885238647e-02 7.212486118078231812e-02 6.089263036847114563e-02 1.154687162488698959e-02 6.577336043119430542e-02 2.817540429532527924e-02 1.583417318761348724e-02 3.877631202340126038e-02 6.728392094373703003e-02 7.216835767030715942e-02 9.176713973283767700e-02 1.011015698313713074e-01 5.051995068788528442e-02 5.381498858332633972e-02 2.480243146419525146e-02 3.416097164154052734e-02 5.345162749290466309e-02 4.608457908034324646e-02 5.740202497690916061e-03 3.896563313901424408e-03 6.258372217416763306e-02 5.304580554366111755e-02 8.785803802311420441e-03 3.524407744407653809e-02 8.870509453117847443e-03 5.689919367432594299e-02 3.558685630559921265e-02 2.803478203713893890e-02 4.892456904053688049e-02 7.940075360238552094e-03 2.494217827916145325e-02 1.331758126616477966e-02 1.480534393340349197e-02 1.419082731008529663e-01 6.883960217237472534e-02 1.482763886451721191e-01 3.980016708374023438e-02 1.807438582181930542e-02 1.701047457754611969e-02 1.050492469221353531e-02 6.899151019752025604e-03 3.951477259397506714e-02 7.747972756624221802e-02 7.155434787273406982e-02 6.579892337322235107e-02 2.695101685822010040e-02 2.735902927815914154e-02 4.793595895171165466e-02 3.933320567011833191e-02 2.130419388413429260e-02 6.448321789503097534e-02 8.042170852422714233e-02 4.719724133610725403e-02 5.750939622521400452e-02 7.989989221096038818e-02 3.828586265444755554e-02 2.333609946072101593e-02 3.736218810081481934e-02 2.364410832524299622e-02 3.264835104346275330e-03 3.109708055853843689e-02 1.212556101381778717e-02 2.434503473341464996e-02 4.791289940476417542e-02 1.405972521752119064e-02 3.757655154913663864e-03 4.592086374759674072e-02 1.453850418329238892e-02 1.511445268988609314e-02 2.131471596658229828e-02 5.688063800334930420e-02 5.057365447282791138e-02 5.833841860294342041e-02 1.320107933133840561e-02 1.470499485731124878e-02 6.185890734195709229e-02 6.679265946149826050e-02
2.947631850838661194e-02 3.607459738850593567e-02 2.825281396508216858e-02 2.647238671779632568e-01 1.047277227044105530e-01 3.336827969178557396e-03 6.203152611851692200e-02 1.785344630479812622e-02 9.120967984199523926e-02 3.584041073918342590e-02 1.417025923728942871e-02 1.510867197066545486e-02 4.216329008340835571e-02 4.089984670281410217e-02 5.984410177916288376e-03 1.137971645221114159e-03 1.007298007607460022e-02 4.564085602760314941e-02 1.586839556694030762e-02 1.688906922936439514e-02 8.603260852396488190e-03 7.355185598134994507e-02 2.896447665989398956e-02 2.210097014904022217e-02 1.489675045013427734e-02 5.596873536705970764e-02 3.768883645534515381e-02 3.381087630987167358e-02 7.775035221129655838e-03 9.919684380292892456e-03 5.581835657358169556e-02 2.084533870220184326e-02 5.764372274279594421e-02 1.675613597035408020e-02 1.290139742195606232e-02 3.491502627730369568e-02 3.823794797062873840e-02 8.531235903501510620e-02 1.521717905998229980e-01 1.084944531321525574e-01 1.214556768536567688e-02 1.868183165788650513e-02 3.317431733012199402e-02 2.496633306145668030e-02 9.910676628351211548e-02 7.404937595129013062e-02 4.234343022108078003e-02 5.119941756129264832e-02 5.132333561778068542e-02 7.406868040561676025e-02 4.680173471570014954e-02 8.459820412099361420e-03 1.661344803869724274e-02 3.551955893635749817e-02 4.329733550548553467e-02 8.108851499855518341e-03 1.836531609296798706e-02 3.789747133851051331e-02 3.279484808444976807e-02 1.673050574027001858e-03 2.231195569038391113e-03 4.950851202011108398e-02 6.244662217795848846e-03 3.079728037118911743e-02 5.333478003740310669e-02 4.929740354418754578e-02 5.362117663025856018e-03 3.844975680112838745e-02 8.140966296195983887e-02 1.684886962175369263e-02 4.609394446015357971e-02 1.897014118731021881e-02 7.567038387060165405e-02 5.375823751091957092e-02 1.095326170325279236e-01 4.450418427586555481e-02 3.544628620147705078e-02 3.364346176385879517e-02 8.321629464626312256e-02 1.011229399591684341e-02 2.176865749061107635e-02 5.115066841244697571e-02 3.614922985434532166e-02 8.362119644880294800e-02 1.252176985144615173e-02 1.034650672227144241e-02 2.290541119873523712e-02 2.469396404922008514e-02 7.179833948612213135e-03 6.658744812011718750e-02 4.590290784835815430e-02 5.225222185254096985e-02 3.559718281030654907e-02 7.646862417459487915e-02 2.470769174396991730e-02 1.908649504184722900e-02 2.248601056635379791e-02 9.088408201932907104e-03 4.088769108057022095e-02 2.420544438064098358e-02 1.109557412564754486e-02 1.799535937607288361e-02 4.065492749214172363e-02 8.713744580745697021e-03 3.420846536755561829e-02 4.683243110775947571e-02 2.721847034990787506e-02 6.885938346385955811e-02 8.924588561058044434e-03 4.077194631099700928e-02 6.684770435094833374e-02 6.300453841686248779e-02 2.155350334942340851e-02 1.937049627304077148e-02 5.601989105343818665e-02 8.519636839628219604e-02
1.877861171960830688e-01 1.242231018841266632e-02 5.939826741814613342e-02 2.939205430448055267e-02 3.336827969178557396e-03 1.296345293521881104e-01 2.190318256616592407e-01 9.090004116296768188e-02 7.526340335607528687e-02 3.053911961615085602e-02 6.101362034678459167e-02 1.011348664760589600e-01 1.394495517015457153e-01 9.108457714319229126e-02 1.045977249741554260e-01 1.104924753308296204e-01 7.180804759263992310e-02 1.175410579890012741e-02 1.193162146955728531e-02 3.717644885182380676e-02 5.181184783577919006e-02 9.144391864538192749e-02 4.287876188755035400e-02 5.901822075247764587e-02 2.216538973152637482e-02 1.151779666543006897e-02 3.930472210049629211e-02 4.818665608763694763e-02 7.560999691486358643e-02 1.336391270160675049e-02 3.032212704420089722e-02 2.657591179013252258e-02 2.290413528680801392e-02 2.075918577611446381e-02 4.152438417077064514e-02 2.987754717469215393e-02 1.389704495668411255e-01 7.747900485992431641e-02 1.073161978274583817e-02 4.743863269686698914e-02 1.661853492259979248e-02 8.847358636558055878e-03 2.231958508491516113e-02 5.014767404645681381e-03 7.088313996791839600e-02 3.458943217992782593e-02 1.649987250566482544e-01 7.651893049478530884e-02 2.364752255380153656e-02 2.193683013319969177e-02 7.411571592092514038e-02 4.437458142638206482e-02 2.670974098145961761e-02 3.056916408240795135e-02 1.082922238856554031e-02 1.484584156423807144e-02 1.941997185349464417e-02 5.173075199127197266e-02 3.226093016564846039e-03 1.908256672322750092e-02 1.202128827571868896e-02 2.672105282545089722e-02 9.338414296507835388e-03 5.678723752498626709e-02 4.093611612915992737e-02 2.886958047747612000e-02 2.330316789448261261e-02 7.408605422824621201e-03 1.315939798951148987e-02 5.290821567177772522e-02 1.036870479583740234e-02 6.580357253551483154e-02 1.804140768945217133e-02 7.855784893035888672e-02 5.090097710490226746e-02 1.372285839170217514e-02 1.358440704643726349e-02 3.968385979533195496e-02 1.959946565330028534e-02 2.466297149658203125e-02 2.669998258352279663e-02 4.600313305854797363e-02 1.018598792143166065e-03 1.931753382086753845e-02 3.699410334229469299e-02 1.666097715497016907e-02 5.292279645800590515e-02 3.048431500792503357e-02 3.431913256645202637e-02 3.575895354151725769e-02 9.345751255750656128e-02 2.011438272893428802e-02 4.348267242312431335e-02 1.487569138407707214e-02 1.478636264801025391e-02 6.759683042764663696e-02 9.625568985939025879e-03 1.286185905337333679e-02 5.744352936744689941e-03 2.741457708179950714e-02 2.734706923365592957e-02 9.531810134649276733e-02 3.264223784208297729e-02 3.072246722877025604e-02 6.511130183935165405e-02 1.743261516094207764e-02 1.906670257449150085e-02 4.381748288869857788e-02 9.029862470924854279e-03 2.512685721740126610e-03 3.209482878446578979e-02 2.187526412308216095e-02 3.121168166399002075e-02 4.152800887823104858e-02 5.921223014593124390e-02 6.530758738517761230e-02
1.822293177247047424e-02 1.423162966966629028e-01 2.495111897587776184e-02 6.529009342193603516e-02 6.203152611851692200e-02 2.190318256616592407e-01 1.025483682751655579e-01 5.872102826833724976e-02 4.887401312589645386e-02 6.997016724199056625e-03 1.421997696161270142e-02 1.496969163417816162e-02 3.943191468715667725e-02 2.398491092026233673e-02 7.498106360435485840e-02 5.527977645397186279e-02 3.786894679069519043e-02 2.843578346073627472e-02 2.352451160550117493e-02 8.496819436550140381e-02 4.582214727997779846e-02 6.117926910519599915e-02 3.306639194488525391e-02 5.859085917472839355e-02 7.661707699298858643e-03 4.913728684186935425e-02 4.191730916500091553e-02 4.776739329099655151e-02 4.578502848744392395e-02 2.827415987849235535e-02 2.029014378786087036e-02 8.400951512157917023e-03 1.864561811089515686e-02 5.966043099761009216e-02 4.511628299951553345e-02 5.487642437219619751e-02 2.798220701515674591e-02 4.556814953684806824e-02 2.800336573272943497e-03 1.610528677701950073e-02 4.679573327302932739e-02 3.951610252261161804e-02 3.433256875723600388e-03 7.030693814158439636e-03 3.335763886570930481e-02 5.937381461262702942e-02 1.783328205347061157e-01 1.780405342578887939e-01 3.056506626307964325e-02 2.496170997619628906e-02 5.853994563221931458e-02 4.579487442970275879e-02 5.773792415857315063e-02 5.929858237504959106e-02 9.031571447849273682e-03 2.333316765725612640e-02 1.199108455330133438e-02 2.515998668968677521e-02 7.436839397996664047e-03 4.155827686190605164e-03 1.254986878484487534e-02 5.194055289030075073e-02 2.463351935148239136e-02 3.269138932228088379e-02 5.608828365802764893e-02 7.136663794517517090e-02 7.702657580375671387e-02 3.339681774377822876e-02 1.113026868551969528e-02 4.882561042904853821e-02 2.149218693375587463e-02 2.850108034908771515e-02 7.538428157567977905e-02 3.048283606767654419e-02 5.070160608738660812e-03 4.032653197646141052e-02 4.230699315667152405e-02 9.322930127382278442e-02 6.120380479842424393e-03 8.555256575345993042e-02 4.143565520644187927e-02 1.426352374255657196e-02 5.542567744851112366e-02 5.461451038718223572e-02 3.613742440938949585e-02 7.244268432259559631e-03 5.469471588730812073e-02 1.696302928030490875e-02 2.074216865003108978e-02 1.364135462790727615e-02 8.657369762659072876e-02 2.373350225389003754e-02 2.778420038521289825e-02 7.378360722213983536e-03 5.001925304532051086e-02 8.133226074278354645e-03 3.802107274532318115e-02 1.925516128540039062e-02 3.507244586944580078e-02 1.428631972521543503e-02 3.494377806782722473e-02 4.581026732921600342e-02 1.388539746403694153e-02 2.009619027376174927e-02 8.458370715379714966e-02 7.974809966981410980e-03 7.000141590833663940e-02 6.909156218171119690e-03 2.575175277888774872e-02 6.115999072790145874e-02 4.608935490250587463e-02 3.218820318579673767e-02 3.637084737420082092e-02 5.061776563525199890e-02 1.242199540138244629e-02 1.374788815155625343e-03
8.346805721521377563e-02 6.535434722900390625e-02 1.321846395730972290e-01 1.534576993435621262e-02 1.785344630479812622e-02 9.090004116296768188e-02 5.872102826833724976e-02 1.873838752508163452e-01 2.149874716997146606e-02 1.513199880719184875e-02 3.108440153300762177e-02 1.109228655695915222e-02 1.152337044477462769e-01 3.840527683496475220e-02 1.869657635688781738e-01 1.524218078702688217e-02 1.206514146178960800e-02 1.961472909897565842e-03 1.842474564909934998e-02 5.429080873727798462e-02 4.198594018816947937e-02 2.900051418691873550e-03 6.600994151085615158e-03 3.227483713999390602e-03 2.472122386097908020e-02 2.653205953538417816e-02 6.794308125972747803e-02 2.396788075566291809e-02 8.972550928592681885e-02 4.677544161677360535e-02 3.996228799223899841e-02 3.278029337525367737e-02 6.996569782495498657e-02 1.551904343068599701e-02 2.673390135169029236e-02 3.527420759201049805e-02 2.033891854807734489e-03 1.322032418102025986e-02 6.313833594322204590e-02 5.032520741224288940e-02 1.616821065545082092e-02 6.123175844550132751e-02 1.852487958967685699e-02 5.330592393875122070e-02 2.663528732955455780e-02 3.341837599873542786e-02 6.602185964584350586e-02 1.777990534901618958e-02 1.023929752409458160e-02 7.196268998086452484e-04 8.918634615838527679e-03 7.076000329107046127e-03 2.116806991398334503e-02 4.304720833897590637e-02 9.580037556588649750e-03 8.221121504902839661e-03 4.712825175374746323e-03 1.434523612260818481e-03 5.400188639760017395e-02 3.572123125195503235e-02 3.133955644443631172e-03 3.549594804644584656e-02 1.083081290125846863e-01 5.202620849013328552e-02 7.811247557401657104e-02 5.450427532196044922e-02 4.849385842680931091e-02 2.540588565170764923e-02 3.387750312685966492e-02 4.647952318191528320e-02 1.132816355675458908e-02 3.105326369404792786e-02 3.828963637351989746e-02 7.191018667072057724e-03 2.383896149694919586e-02 5.822219699621200562e-02 3.069494105875492096e-02 4.421541839838027954e-02 1.951465755701065063e-02 3.033140301704406738e-02 1.870892196893692017e-01 1.406545639038085938e-01 2.869665436446666718e-02 5.701784417033195496e-02 1.311109866946935654e-02 4.404746461659669876e-03 1.728696823120117188e-01 1.710562556982040405e-01 2.000529505312442780e-02 9.953427128493785858e-03 2.395793236792087555e-02 1.914328709244728088e-02 5.895359814167022705e-02 2.265151031315326691e-02 8.150464855134487152e-03 1.832637563347816467e-02 7.309958338737487793e-03 1.956721534952521324e-03 3.386763483285903931e-02 1.164784096181392670e-02 2.606035396456718445e-02 6.650652736425399780e-02 7.836141437292098999e-02 7.584163546562194824e-02 1.065742690116167068e-02 4.165672138333320618e-02 4.805697593837976456e-03 1.806204020977020264e-02 3.556677699089050293e-02 3.473971039056777954e-02 1.155538856983184814e-02 4.806227050721645355e-03 1.998155377805233002e-02 5.258216056972742081e-03 4.280052334070205688e-02 3.376482054591178894e-02
8.819267153739929199e-03 5.470415577292442322e-03 2.902850694954395294e-02 7.672626525163650513e-02 9.120967984199523926e-02 7.526340335607528687e-02 4.887401312589645386e-02 2.149874716997146606e-02 8.588865399360656738e-02 1.007266268134117126e-01 2.371834963560104370e-02 1.170332804322242737e-01 2.175530977547168732e-02 7.098618149757385254e-02 1.646423625061288476e-04 5.545916408300399780e-02 6.190537288784980774e-02 3.325512632727622986e-02 3.588873893022537231e-02 1.708081737160682678e-02 1.423359941691160202e-02 3.088271059095859528e-02 2.653257362544536591e-02 2.127146720886230469e-02 9.392715059220790863e-03 6.219807639718055725e-02 2.911475673317909241e-02 3.112531080842018127e-02 2.386338822543621063e-02 5.815550684928894043e-02 5.521219223737716675e-02 4.086682945489883423e-02 1.726662926375865936e-02 5.770301446318626404e-03 3.034435771405696869e-02 2.502759918570518494e-02 4.033342003822326660e-03 3.176554339006543159e-03 3.722779825329780579e-02 2.156368084251880646e-02 5.625464767217636108e-02 6.945516914129257202e-02 1.115301251411437988e-02 6.211660057306289673e-02 3.442634642124176025e-02 8.195031434297561646e-03 6.577800214290618896e-02 1.474595628678798676e-02 7.022589445114135742e-02 5.184734985232353210e-02 1.057762652635574341e-03 4.161986988037824631e-03 2.178767323493957520e-02 2.404215559363365173e-02 1.903301328420639038e-01 5.425579845905303955e-02 1.274230889976024628e-02 2.038953825831413269e-02 3.600012511014938354e-02 6.848687771707773209e-04 1.078522298485040665e-03 1.036879885941743851e-02 5.522277206182479858e-02 1.060303952544927597e-02 3.233755379915237427e-02 1.971638994291424751e-03 3.254630789160728455e-02 4.300156980752944946e-02 4.096294939517974854e-02 4.925430938601493835e-02 3.568810597062110901e-02 2.225685678422451019e-02 2.818181179463863373e-02 4.617939516901969910e-02 1.847006194293498993e-02 5.355060845613479614e-02 1.783864945173263550e-01 9.193424880504608154e-02 7.014832645654678345e-02 4.289452359080314636e-02 7.528969552367925644e-03 2.138921432197093964e-02 6.539351493120193481e-02 1.598208211362361908e-02 6.068724021315574646e-02 2.559500001370906830e-02 3.257182613015174866e-02 2.195892482995986938e-02 4.535940010100603104e-03 2.540513128042221069e-02 5.371939390897750854e-02 3.920410573482513428e-02 1.748624816536903381e-02 1.024437043815851212e-02 1.439753104932606220e-03 4.308529570698738098e-02 2.966792508959770203e-02 7.660227827727794647e-03 2.958798082545399666e-03 5.310402810573577881e-02 8.433612063527107239e-03 1.936746388673782349e-02 2.734231017529964447e-02 1.830388978123664856e-02 7.005605101585388184e-02 8.960767881944775581e-04 5.010654777288436890e-02 1.046466524712741375e-03 3.426371142268180847e-03 2.093564718961715698e-02 2.825612761080265045e-02 1.849461533129215240e-02 3.948686271905899048e-02 5.233129486441612244e-02 2.624679915606975555e-02 5.541961174458265305e-03
5.299599468708038330e-02 4.970586672425270081e-02 6.052490323781967163e-03 6.781278550624847412e-02 3.584041073918342590e-02 3.053911961615085602e-02 6.997016724199056625e-03 1.513199880719184875e-02 1.007266268134117126e-01 1.120366901159286499e-01 3.188072517514228821e-02 1.227049506269395351e-03 7.919106632471084595e-03 7.357033342123031616e-02 3.025090135633945465e-02 1.861807703971862793e-02 1.896312087774276733e-02 6.408240646123886108e-03 1.154992356896400452e-01 2.085895277559757233e-02 6.166016217321157455e-03 3.836090117692947388e-02 4.088905081152915955e-02 1.742774620652198792e-02 8.277008309960365295e-03 5.907686799764633179e-02 1.433254219591617584e-02 7.141496986150741577e-02 2.032547071576118469e-02 3.497619554400444031e-02 4.351253807544708252e-02 8.203392848372459412e-03 6.188112497329711914e-02 1.659491844475269318e-02 3.852285817265510559e-02 5.047582089900970459e-02 3.573954105377197266e-02 3.281086683273315430e-02 4.041917622089385986e-02 7.582884747534990311e-03 7.204122841358184814e-02 3.936766460537910461e-02 3.541922196745872498e-02 3.799541294574737549e-02 3.217465430498123169e-02 1.196257071569561958e-03 7.948137819766998291e-03 2.639302611351013184e-02 1.153451204299926758e-02 1.069869324564933777e-01 1.761816255748271942e-02 1.506907492876052856e-02 6.232666596770286560e-02 2.834667637944221497e-02 5.404251813888549805e-02 1.270519495010375977e-01 1.392970327287912369e-02 2.365787327289581299e-02 1.753327436745166779e-02 3.253618255257606506e-02 5.722507461905479431e-02 1.635961793363094330e-02 6.203308701515197754e-02 3.699363768100738525e-02 4.757472127676010132e-02 7.649520994164049625e-04 1.511919405311346054e-02 2.092679589986801147e-02 7.247240096330642700e-02 4.002420231699943542e-02 2.584362216293811798e-02 5.763628706336021423e-02 5.703748390078544617e-02 3.731404617428779602e-02 1.384956948459148407e-02 6.548076122999191284e-02 2.433354966342449188e-02 1.303437054157257080e-01 7.374474406242370605e-02 1.404432654380798340e-01 2.424860000610351562e-02 3.713088482618331909e-02 3.928396850824356079e-02 1.110036075115203857e-01 2.985578030347824097e-02 9.702936746180057526e-03 2.685628831386566162e-02 3.114427626132965088e-02 7.105447351932525635e-02 4.464109614491462708e-02 1.920967735350131989e-02 7.252708077430725098e-03 3.292786702513694763e-02 4.236655309796333313e-02 3.132438287138938904e-02 4.021492600440979004e-02 7.622599601745605469e-02 2.548784576356410980e-02 3.891868516802787781e-02 1.277479808777570724e-02 4.110879823565483093e-02 4.253954812884330750e-02 2.575536817312240601e-02 1.090584881603717804e-02 7.499380409717559814e-02 1.882462948560714722e-02 3.779523447155952454e-02 3.470969945192337036e-02 1.515810005366802216e-02 4.629786685109138489e-02 4.739222675561904907e-02 1.381027512252330780e-02 6.836448609828948975e-02 3.641942515969276428e-03 8.695485442876815796e-02 6.643228977918624878e-02
1.150476112961769104e-01 2.714188769459724426e-02 8.395270258188247681e-02 1.833423040807247162e-03 1.417025923728942871e-02 6.101362034678459167e-02 1.421997696161270142e-02 3.108440153300762177e-02 2.371834963560104370e-02 3.188072517514228821e-02 5.831000208854675293e-02 6.737675517797470093e-02 1.680783629417419434e-01 2.233714610338211060e-02 8.840178698301315308e-02 6.267277058213949203e-03 1.798048429191112518e-02 5.520863831043243408e-02 1.263212598860263824e-02 2.026434801518917084e-02 1.685373857617378235e-02 1.127209812402725220e-01 2.312134252861142159e-03 2.525783888995647430e-02 4.060152918100357056e-02 5.426022782921791077e-02 5.432490259408950806e-02 2.200587093830108643e-02 1.475191861391067505e-01 1.649287715554237366e-02 5.423462018370628357e-02 3.762501757591962814e-03 5.060029029846191406e-02 3.982809185981750488e-02 9.715531021356582642e-03 5.109518766403198242e-02 1.608013524673879147e-03 4.396763071417808533e-02 1.519783306866884232e-02 1.841995678842067719e-02 7.674024254083633423e-02 5.380601435899734497e-02 5.552938580513000488e-02 7.046855241060256958e-02 2.710107713937759399e-03 4.337891936302185059e-02 2.432648325338959694e-03 6.545312702655792236e-02 1.610310561954975128e-02 6.643967330455780029e-02 1.649365387856960297e-02 2.918687276542186737e-02 5.755490064620971680e-02 3.772779554128646851e-02 1.441447157412767410e-02 2.472916245460510254e-02 5.189060419797897339e-02 9.515514597296714783e-03 2.085074596107006073e-02 1.199467107653617859e-02 5.973500385880470276e-02 7.215360552072525024e-02 4.613176360726356506e-02 5.729757994413375854e-02 5.499266833066940308e-02 8.105774410068988800e-03 4.597374424338340759e-02 9.617110714316368103e-03 3.742598230019211769e-03 2.841977030038833618e-02 6.284288316965103149e-02 4.439374059438705444e-02 8.369789272546768188e-02 6.077970564365386963e-02 8.118551224470138550e-02 7.338933646678924561e-02 4.415607079863548279e-02 4.348304867744445801e-02 2.296816743910312653e-02 7.781492546200752258e-03 4.051467776298522949e-02 7.958792150020599365e-02 2.882622741162776947e-02 3.743104636669158936e-02 2.107260189950466156e-02 4.169050231575965881e-02 2.056296914815902710e-02 5.259870365262031555e-02 3.018615208566188812e-02 6.196070834994316101e-02 5.389674566686153412e-03 6.087229773402214050e-02 9.421034483239054680e-04 8.135330677032470703e-02 3.555069118738174438e-02 7.391323335468769073e-03 9.886649437248706818e-03 8.523146808147430420e-02 2.940080501139163971e-02 6.220094114542007446e-02 2.189072547480463982e-03 2.428321354091167450e-02 5.383709073066711426e-02 5.377613008022308350e-02 8.844799548387527466e-02 2.279381453990936279e-02 7.504920661449432373e-02 6.955856084823608398e-02 5.400023609399795532e-02 1.898737251758575439e-02 2.082810923457145691e-02 4.947359859943389893e-02 3.020183416083455086e-03 4.414305090904235840e-02 4.967753216624259949e-02 5.415123328566551208e-02
4.454764723777770996e-02 1.539641339331865311e-02 2.111136354506015778e-02 2.199813723564147949e-03 1.510867197066545486e-02 1.011348664760589600e-01 1.496969163417816162e-02 1.109228655695915222e-02 1.170332804322242737e-01 1.227049506269395351e-03 6.737675517797470093e-02 1.082370132207870483e-01 5.819514021277427673e-02 2.270559221506118774e-01 3.751413198187947273e-03 3.355058282613754272e-02 6.489901244640350342e-02 5.155411548912525177e-03 8.909860253334045410e-02 4.279515706002712250e-03 4.303656984120607376e-03 2.334383316338062286e-03 1.171336136758327484e-02 1.668030023574829102e-02 5.156556144356727600e-02 5.260065943002700806e-02 4.888735245913267136e-03 1.038161888718605042e-01 3.650772944092750549e-02 1.543511599302291870e-01 1.440144423395395279e-02 7.942609488964080811e-03 5.453099583974108100e-05 2.264000475406646729e-02 6.118908897042274475e-02 1.475936919450759888e-02 2.321772836148738861e-02 2.566537447273731232e-02 6.140101235359907150e-03 4.681685194373130798e-02 6.938959006220102310e-03 4.278118535876274109e-02 1.612804597243666649e-03 5.679195746779441833e-02 8.662115037441253662e-02 1.957900635898113251e-02 4.617929831147193909e-02 1.419976726174354553e-02 3.767407685518264771e-02 4.523476213216781616e-02 3.707442060112953186e-02 5.315885320305824280e-02 5.155481398105621338e-02 8.740693330764770508e-03 8.193220943212509155e-03 4.155617579817771912e-02 5.474495887756347656e-02 3.110089898109436035e-02 3.636096836999058723e-03 2.310435846447944641e-02 2.362502180039882660e-02 3.465246642008423805e-03 4.160220921039581299e-02 2.918185293674468994e-02 1.236798893660306931e-02 4.505113884806632996e-02 1.467994693666696548e-02 3.622664511203765869e-02 9.397001005709171295e-03 3.342524543404579163e-02 2.270921133458614349e-02 5.170190706849098206e-03 5.119757261127233505e-03 1.152142696082592010e-02 2.421415597200393677e-02 5.016022548079490662e-02 7.366786897182464600e-02 5.305390059947967529e-02 1.521848440170288086e-01 3.192166611552238464e-02 2.089463872835040092e-03 3.975103795528411865e-02 1.412961725145578384e-02 6.353954225778579712e-02 2.033916674554347992e-02 2.506554499268531799e-02 3.397759795188903809e-02 2.925721183419227600e-02 9.189540892839431763e-02 7.514364272356033325e-02 7.655301690101623535e-02 1.803467236459255219e-02 2.074149250984191895e-02 4.660930857062339783e-02 4.047599062323570251e-02 5.182835459709167480e-02 3.041868098080158234e-02 3.837766870856285095e-02 4.541622940450906754e-03 1.662602089345455170e-02 7.645563781261444092e-02 5.823931097984313965e-02 3.138353675603866577e-02 1.079937070608139038e-02 6.834521889686584473e-03 5.802137032151222229e-02 4.152563586831092834e-02 4.932021722197532654e-02 3.645913675427436829e-02 8.496848493814468384e-02 1.435436680912971497e-02 3.921635076403617859e-02 1.664731651544570923e-02 4.862523823976516724e-02 4.689399152994155884e-02 3.917804732918739319e-02
2.250432036817073822e-02 2.132621854543685913e-01 1.435660272836685181e-01 2.061578631401062012e-02 4.216329008340835571e-02 1.394495517015457153e-01 3.943191468715667725e-02 1.152337044477462769e-01 2.175530977547168732e-02 7.919106632471084595e-03 1.680783629417419434e-01 5.819514021277427673e-02 8.955063670873641968e-02 1.078165844082832336e-01 5.863923579454421997e-02 9.758085012435913086e-03 3.063867101445794106e-03 4.287569969892501831e-02 9.875477105379104614e-02 3.724295645952224731e-02 9.050622582435607910e-03 9.519822150468826294e-02 4.389707371592521667e-02 3.929861634969711304e-02 5.116620377521030605e-05 5.739684682339429855e-03 4.488173872232437134e-03 3.644097596406936646e-02 6.654736399650573730e-02 1.544737815856933594e-01 2.839024178683757782e-02 1.328456419287249446e-04 1.372340694069862366e-02 1.441096235066652298e-02 4.793329909443855286e-02 6.286295503377914429e-02 4.564614593982696533e-02 3.680912777781486511e-02 3.956910967826843262e-02 3.205554187297821045e-02 1.565571315586566925e-02 3.947736322879791260e-02 4.467897489666938782e-02 9.076552093029022217e-02 2.834235318005084991e-02 1.328159216791391373e-02 5.204341933131217957e-02 5.412021651864051819e-02 9.112734347581863403e-03 1.990605331957340240e-02 4.311997070908546448e-02 2.604876458644866943e-02 8.759944885969161987e-02 1.777913235127925873e-02 1.040280051529407501e-02 1.790566928684711456e-02 4.064534232020378113e-02 5.011140927672386169e-02 5.323562771081924438e-02 1.574591547250747681e-02 7.515639998018741608e-03 3.617652878165245056e-02 6.068870425224304199e-02 4.281535372138023376e-02 1.575158163905143738e-02 7.370075583457946777e-02 9.260678663849830627e-03 2.771533466875553131e-02 7.495580706745386124e-03 3.709264099597930908e-02 2.722754143178462982e-02 1.209667697548866272e-02 4.813675954937934875e-02 8.223981410264968872e-02 1.755645871162414551e-02 3.562474250793457031e-02 8.581780828535556793e-03 1.943090558052062988e-02 2.143948338925838470e-02 7.841686718165874481e-03 1.082493108697235584e-03 3.017284721136093140e-02 5.556073784828186035e-02 8.208432234823703766e-03 9.804724715650081635e-03 7.232023868709802628e-03 3.282735496759414673e-02 9.598083049058914185e-02 2.884701080620288849e-02 4.746132995933294296e-03 8.583933115005493164e-03 1.297377515584230423e-03 4.562763497233390808e-02 2.967094071209430695e-02 3.551702201366424561e-02 3.168288990855216980e-02 1.331910956650972366e-02 2.011212927754968405e-04 2.007926814258098602e-02 6.475991103798151016e-03 4.459000192582607269e-03 3.553256392478942871e-02 5.896796286106109619e-02 3.872084245085716248e-02 4.056241828948259354e-03 2.361190039664506912e-03 1.603884994983673096e-02 5.010497756302356720e-03 6.045490130782127380e-02 4.124516248703002930e-02 3.011348843574523926e-02 1.140537951141595840e-02 4.444529116153717041e-02 3.277529031038284302e-03 6.369379907846450806e-02 5.048886686563491821e-02
