4.812545329332351685e-02 2.618635594844818115e-01 3.795446828007698059e-02 8.146775513887405396e-02 5.208291113376617432e-02 2.001777738332748413e-01 1.301907598972320557e-01 2.172103337943553925e-02 4.407761991024017334e-02 6.416767835617065430e-03 1.979746967554092407e-01 7.638491690158843994e-02 1.139724105596542358e-01 4.644949734210968018e-02 3.876119852066040039e-02 2.348711341619491577e-02 3.197258803993463516e-03 2.938094921410083771e-02 1.881160959601402283e-02 2.471439354121685028e-02 2.305306121706962585e-02 4.790686070919036865e-02 2.771739475429058075e-02 1.158372405916452408e-02 1.093428581953048706e-04 1.765679568052291870e-02 1.810211315751075745e-02 1.225661579519510269e-02 4.231148213148117065e-02 4.024428129196166992e-02 8.151932805776596069e-02 8.317190222442150116e-04 1.971290074288845062e-02 6.956701632589101791e-03 5.214636772871017456e-02 4.436110705137252808e-02 2.982392348349094391e-02 1.012464147061109543e-02 5.096518620848655701e-02 7.271904032677412033e-03 3.220754116773605347e-02 3.739612549543380737e-02 4.960888251662254333e-02 4.772605374455451965e-02 3.836141154170036316e-02 4.279195517301559448e-02 9.369709342718124390e-02 3.851649910211563110e-02 7.061387598514556885e-02 3.721289709210395813e-02 5.795561242848634720e-03 2.300710231065750122e-02 2.676833793520927429e-02 1.097858604043722153e-02 5.924078449606895447e-02 4.404448717832565308e-02 6.179048493504524231e-02 2.577633410692214966e-02 1.808669231832027435e-02 1.768686249852180481e-02 3.354360582306981087e-03 2.862386219203472137e-02 2.027232944965362549e-02 9.585339576005935669e-03 7.145979441702365875e-03 4.438190162181854248e-02 2.271875180304050446e-02 1.194893382489681244e-02 1.400873903185129166e-02 6.655039638280868530e-02 1.185567490756511688e-02 2.260652929544448853e-02 4.350693523883819580e-02 3.067864477634429932e-02 8.490088395774364471e-03 1.271762419492006302e-02 3.529300168156623840e-02 3.905672952532768250e-02 5.156117957085371017e-03 5.845101922750473022e-02 2.182023786008358002e-02 2.455696091055870056e-02 3.174602240324020386e-02 2.920255623757839203e-02 1.776389032602310181e-02 3.425592184066772461e-02 6.855472922325134277e-02 1.538671646267175674e-02 4.721359908580780029e-02 2.655442617833614349e-02 4.594611376523971558e-02 2.786925248801708221e-02 3.169150277972221375e-02 2.905524335801601410e-02 4.563267529010772705e-02 5.745370313525199890e-02 6.360823661088943481e-02 2.176718553528189659e-03 1.788998022675514221e-02 5.397879332304000854e-02 2.924631536006927490e-02 4.621831467375159264e-04 1.740774139761924744e-02 2.564450167119503021e-02 3.891179338097572327e-02 1.710591465234756470e-02 2.348791249096393585e-02 1.704907789826393127e-02 8.155109360814094543e-03 2.335061505436897278e-02 1.241970527917146683e-02 3.016275353729724884e-02 3.367533162236213684e-02 2.331130951642990112e-02 4.293244332075119019e-02 2.447707578539848328e-03
2.618635594844818115e-01 5.090526863932609558e-02 4.331425204873085022e-02 1.158297900110483170e-02 1.425867527723312378e-02 1.528791338205337524e-01 1.573538631200790405e-01 1.192920655012130737e-02 1.931818202137947083e-02 3.153625875711441040e-02 1.401426345109939575e-01 3.560899524018168449e-03 1.543891876935958862e-01 6.843315903097391129e-03 6.112064793705940247e-02 2.186680398881435394e-02 2.732715010643005371e-02 5.582705512642860413e-02 8.370141685009002686e-02 5.367819219827651978e-03 1.081151813268661499e-01 8.593777311034500599e-04 9.755634702742099762e-03 2.350202575325965881e-02 2.502412302419543266e-03 1.185180805623531342e-02 3.300004079937934875e-02 5.294417031109333038e-03 3.250712156295776367e-02 1.469824183732271194e-02 3.787237033247947693e-02 4.118797928094863892e-02 2.921243011951446533e-02 9.943198412656784058e-03 4.676853772252798080e-03 9.922710061073303223e-02 5.145386233925819397e-02 4.088057577610015869e-02 2.057613246142864227e-02 7.380658295005559921e-03 2.364011481404304504e-02 5.012338981032371521e-03 5.555148702114820480e-03 6.132110953330993652e-02 2.149048075079917908e-02 4.248071089386940002e-02 5.407897010445594788e-02 7.528338581323623657e-02 3.662020713090896606e-02 9.149303659796714783e-03 2.374775148928165436e-02 1.905332878232002258e-02 1.062044873833656311e-01 6.036970019340515137e-02 4.101478680968284607e-02 5.077312886714935303e-02 1.616060175001621246e-02 4.569767788052558899e-02 1.990338088944554329e-03 3.136023133993148804e-02 1.539867720566689968e-03 1.449658535420894623e-03 3.406029194593429565e-02 1.020413730293512344e-02 2.205947041511535645e-02 3.845622390508651733e-02 7.159487158060073853e-02 9.017409756779670715e-03 8.377182297408580780e-03 1.353467907756567001e-02 1.241729967296123505e-02 5.354750901460647583e-02 1.451095752418041229e-02 3.028904786333441734e-03 7.247123867273330688e-02 5.937717854976654053e-02 1.550142653286457062e-02 3.121174685657024384e-02 1.829451299272477627e-03 1.560817763675004244e-04 1.023826305754482746e-03 5.761716980487108231e-03 2.594744600355625153e-02 1.598393917083740234e-02 2.366821281611919403e-02 1.609826833009719849e-02 2.447622455656528473e-02 1.235940493643283844e-02 2.996032871305942535e-02 3.671787679195404053e-02 7.824568450450897217e-02 6.656734645366668701e-02 3.570913523435592651e-02 1.679388340562582016e-03 4.978742077946662903e-02 6.726585794240236282e-03 8.873556554317474365e-02 8.268326520919799805e-02 2.285583689808845520e-02 2.017493359744548798e-03 4.791083559393882751e-02 4.316967725753784180e-02 6.844825297594070435e-02 2.805036865174770355e-02 3.455870971083641052e-02 5.347982048988342285e-02 2.502172999083995819e-02 4.470692574977874756e-02 5.239108949899673462e-02 4.054232686758041382e-02 3.895014896988868713e-02 5.352454632520675659e-02 3.744079917669296265e-02 4.147443547844886780e-02 1.035997364670038223e-02 2.336120605468750000e-02
3.795446828007698059e-02 4.331425204873085022e-02 4.689726978540420532e-02 5.320367962121963501e-02 2.098336815834045410e-03 3.891606628894805908e-02 3.919538855552673340e-02 2.031438052654266357e-01 4.366266075521707535e-03 1.817649044096469879e-02 6.819254159927368164e-02 1.192231476306915283e-02 3.859178349375724792e-02 1.283807121217250824e-02 3.112288564443588257e-02 6.192446686327457428e-03 3.265726193785667419e-02 1.047783046960830688e-01 1.656028628349304199e-02 1.303176209330558777e-02 1.791057735681533813e-02 1.402803603559732437e-02 3.395828232169151306e-02 5.544798448681831360e-03 2.440794557332992554e-02 1.870176754891872406e-02 5.893216654658317566e-02 4.068180546164512634e-02 1.079277950339019299e-03 1.505577471107244492e-02 2.947785146534442902e-02 2.525620162487030029e-02 5.409033596515655518e-02 3.471346944570541382e-02 3.667582292109727859e-03 4.407091811299324036e-02 4.163107275962829590e-02 1.264186482876539230e-02 6.113963574171066284e-02 4.627307504415512085e-02 9.516944736242294312e-02 5.840544123202562332e-03 9.137289598584175110e-03 2.099177055060863495e-02 4.483725875616073608e-02 3.315139189362525940e-02 1.695180870592594147e-02 4.138600826263427734e-02 5.886506289243698120e-02 7.231668382883071899e-02 4.103093594312667847e-02 6.049430370330810547e-02 1.775536313652992249e-02 2.936080098152160645e-02 2.448434382677078247e-02 2.130883187055587769e-02 2.473789826035499573e-02 4.606465250253677368e-02 1.175627633929252625e-01 5.494277924299240112e-02 7.227992266416549683e-02 3.146539628505706787e-02 7.778821047395467758e-03 2.093789912760257721e-02 1.436089747585356236e-03 7.487712800502777100e-02 2.223672345280647278e-02 2.493724599480628967e-02 3.783233836293220520e-02 3.398762270808219910e-02 6.503813713788986206e-02 6.429573986679315567e-03 4.108975827693939209e-02 7.511740084737539291e-03 4.065023735165596008e-02 6.401845254004001617e-03 8.540458977222442627e-03 3.746687248349189758e-02 2.268805541098117828e-02 3.998372703790664673e-02 1.902434080839157104e-01 2.302431464195251465e-01 1.983397081494331360e-02 1.192300766706466675e-02 3.194901347160339355e-02 1.671811565756797791e-02 8.309659548103809357e-03 1.668634475208818913e-03 3.542518615722656250e-02 1.715615391731262207e-02 5.225767940282821655e-02 5.631831660866737366e-02 5.824265535920858383e-03 4.428791254758834839e-02 3.643228858709335327e-02 2.374049462378025055e-02 5.136549472808837891e-02 6.938492879271507263e-03 4.241971299052238464e-02 2.519766613841056824e-02 3.869833890348672867e-04 1.028539147228002548e-02 6.235484499484300613e-03 5.807191599160432816e-03 8.892777987057343125e-05 2.097626216709613800e-02 2.341136336326599121e-02 1.466636080294847488e-02 2.119725942611694336e-02 2.696708217263221741e-02 2.961750701069831848e-02 2.506549097597599030e-02 3.625485301017761230e-02 4.445691034197807312e-02 8.610789664089679718e-03 2.936519682407379150e-02
8.146775513887405396e-02 1.158297900110483170e-02 5.320367962121963501e-02 1.446909829974174500e-02 2.974432408809661865e-01 6.304153054952621460e-02 1.038971822708845139e-02 2.238935418426990509e-02 2.232483774423599243e-02 5.171920359134674072e-02 4.930411279201507568e-02 2.563014999032020569e-02 1.428463403135538101e-02 2.444566972553730011e-02 1.849834434688091278e-02 8.317884057760238647e-03 5.668473616242408752e-02 5.557590723037719727e-02 4.652298241853713989e-02 4.812008887529373169e-02 1.205019280314445496e-02 1.293057575821876526e-03 6.245414912700653076e-02 4.834314435720443726e-02 6.073866039514541626e-03 5.778702720999717712e-02 5.842318385839462280e-02 3.815742442384362221e-03 1.424833666533231735e-02 6.281160563230514526e-02 9.780840016901493073e-03 8.405600488185882568e-02 8.759912848472595215e-02 1.466764137148857117e-02 3.515119478106498718e-02 7.093827426433563232e-02 3.669155761599540710e-02 1.373040373437106609e-03 1.982273459434509277e-01 1.205779612064361572e-01 4.550920054316520691e-02 4.661696776747703552e-02 5.340493470430374146e-02 3.743229433894157410e-02 2.650466747581958771e-02 8.609478361904621124e-03 2.580321021378040314e-02 2.572844177484512329e-02 5.100444331765174866e-02 5.668128654360771179e-02 7.955034822225570679e-02 1.252771168947219849e-01 7.004182785749435425e-02 9.438408538699150085e-03 5.175943486392498016e-03 1.669257320463657379e-02 5.032583698630332947e-02 2.535522542893886566e-02 3.108346834778785706e-02 9.005693346261978149e-02 2.800377644598484039e-02 8.400056511163711548e-02 6.457415223121643066e-02 1.074380055069923401e-02 2.389679476618766785e-02 3.227659314870834351e-02 8.899498730897903442e-02 1.029888261109590530e-02 3.091378323733806610e-02 1.815579831600189209e-02 6.418996304273605347e-02 5.617050919681787491e-03 1.828487664461135864e-01 2.910571731626987457e-02 7.995862513780593872e-02 3.306436911225318909e-02 3.552291169762611389e-02 1.730713294818997383e-03 4.649957641959190369e-02 2.184467948973178864e-02 4.828519374132156372e-02 4.521277267485857010e-03 2.209175974130630493e-01 4.321335628628730774e-02 2.370214834809303284e-02 3.596750646829605103e-02 1.172813698649406433e-01 1.354227866977453232e-02 4.897508025169372559e-02 5.009798333048820496e-02 4.582949355244636536e-02 2.990269288420677185e-02 2.752852858975529671e-03 3.504014015197753906e-02 4.692796617746353149e-02 4.347347468137741089e-02 5.893663689494132996e-02 6.215476244688034058e-02 5.684278532862663269e-02 5.367773026227951050e-02 1.381312962621450424e-03 5.579120293259620667e-02 5.213821679353713989e-02 5.694149434566497803e-02 1.358062215149402618e-02 3.022726811468601227e-02 8.081757463514804840e-03 4.822317883372306824e-02 4.221093654632568359e-02 2.310548350214958191e-02 9.755976498126983643e-02 2.369413524866104126e-02 3.733325749635696411e-02 6.105338037014007568e-02 5.760487914085388184e-02 4.284104704856872559e-02
5.208291113376617432e-02 1.425867527723312378e-02 2.098336815834045410e-03 2.974432408809661865e-01 4.384747147560119629e-02 7.011724263429641724e-02 2.225162088871002197e-02 4.712437093257904053e-02 7.564217597246170044e-02 7.429061457514762878e-03 4.310211166739463806e-02 4.865616559982299805e-03 8.863692171871662140e-03 1.080189738422632217e-02 1.517086848616600037e-02 8.679841458797454834e-02 3.225846588611602783e-02 1.023219078779220581e-01 4.040971398353576660e-02 1.212768070399761200e-02 2.618421614170074463e-02 1.179507467895746231e-02 4.556763172149658203e-02 1.332040503621101379e-02 6.937048584222793579e-02 6.960933655500411987e-02 3.450375283136963844e-03 4.008152056485414505e-03 4.954754561185836792e-02 2.565609663724899292e-02 3.335976600646972656e-02 6.550119072198867798e-02 1.290797255933284760e-02 2.832363732159137726e-02 6.027463451027870178e-02 1.043494418263435364e-02 8.501296862959861755e-03 1.593189127743244171e-02 9.762601554393768311e-02 7.296269387006759644e-02 2.430366876069456339e-04 1.253080554306507111e-02 5.454546213150024414e-02 3.754413500428199768e-02 5.848652217537164688e-03 3.513868898153305054e-03 7.454515993595123291e-02 4.292531311511993408e-02 2.853875979781150818e-02 2.003796584904193878e-02 1.183258791570551693e-04 4.056505113840103149e-02 4.352007806301116943e-02 3.356938809156417847e-02 1.067687477916479111e-02 1.827192492783069611e-02 2.979496121406555176e-02 2.261897921562194824e-02 3.837395459413528442e-02 4.990188404917716980e-02 9.509871155023574829e-02 5.366658046841621399e-02 3.316623717546463013e-02 1.280693151056766510e-02 1.933095790445804596e-02 2.101054415106773376e-03 2.900209464132785797e-02 4.570771008729934692e-02 1.762890722602605820e-03 5.897701904177665710e-02 7.861439883708953857e-02 1.796750538051128387e-02 6.306149065494537354e-02 4.410494118928909302e-02 1.190259084105491638e-01 2.118039177730679512e-03 5.720121785998344421e-02 5.886285379528999329e-02 4.836378991603851318e-02 2.556002885103225708e-02 1.404476817697286606e-02 5.950348451733589172e-02 8.418077230453491211e-02 1.445353925228118896e-01 6.870687752962112427e-02 1.755869388580322266e-02 7.896525412797927856e-02 7.489003241062164307e-02 4.756936803460121155e-02 4.669841751456260681e-02 6.717067956924438477e-02 3.627351671457290649e-02 9.640975855290889740e-03 2.373869903385639191e-02 4.516347125172615051e-02 2.281064353883266449e-02 9.168352186679840088e-02 5.113416537642478943e-02 3.360008448362350464e-02 3.759737685322761536e-02 2.470536716282367706e-02 5.895587429404258728e-02 2.553644403815269470e-02 1.067089498974382877e-03 7.572542410343885422e-03 2.792035229504108429e-03 1.952007971704006195e-02 3.085284121334552765e-02 3.432756289839744568e-02 7.152298837900161743e-02 8.333472907543182373e-02 1.865564733743667603e-01 6.264240946620702744e-03 5.667145363986492157e-03 2.196513861417770386e-02 3.083863295614719391e-02
2.001777738332748413e-01 1.528791338205337524e-01 3.891606628894805908e-02 6.304153054952621460e-02 7.011724263429641724e-02 1.281960681080818176e-02 2.537114918231964111e-01 5.202977359294891357e-02 9.817229583859443665e-03 3.913259878754615784e-02 5.878741294145584106e-02 1.556445192545652390e-02 3.065147623419761658e-02 4.643425717949867249e-02 1.377608347684144974e-02 2.076116949319839478e-02 2.075724769383668900e-04 3.090679459273815155e-02 1.202402170747518539e-02 4.170268774032592773e-02 5.102854222059249878e-02 3.828166052699089050e-02 2.689528279006481171e-02 2.679539285600185394e-02 4.151628166437149048e-02 2.346637099981307983e-02 3.817625343799591064e-03 1.977594941854476929e-02 5.772995203733444214e-02 1.961793936789035797e-02 1.402283273637294769e-02 4.994983971118927002e-02 2.370198071002960205e-02 1.222144113853573799e-03 4.258379340171813965e-02 3.880715370178222656e-02 4.961890727281570435e-02 2.991033345460891724e-02 2.232981380075216293e-03 1.581350807100534439e-03 1.816310174763202667e-02 1.222291868180036545e-02 5.397043749690055847e-02 4.926688596606254578e-02 1.096837129443883896e-02 9.372367523610591888e-03 1.308692246675491333e-01 1.815432310104370117e-02 5.180097371339797974e-02 2.245400659739971161e-02 6.355905532836914062e-02 9.276495315134525299e-03 2.069410984404385090e-04 3.528119996190071106e-02 8.495864458382129669e-03 7.009353488683700562e-02 2.507082372903823853e-02 3.362783044576644897e-02 3.371063247323036194e-02 1.448354334570467472e-03 3.782581537961959839e-02 4.057754296809434891e-03 1.541555393487215042e-02 9.625160135328769684e-03 5.706541240215301514e-02 8.125239610671997070e-02 1.377644855529069901e-02 1.971019804477691650e-02 2.179929800331592560e-02 6.581495702266693115e-02 2.227314189076423645e-02 1.833993382751941681e-02 1.085142791271209717e-01 3.207137063145637512e-02 2.719405479729175568e-02 7.557773031294345856e-03 4.967344459146261215e-03 2.423472888767719269e-02 1.651554740965366364e-02 2.382854185998439789e-02 1.161511987447738647e-02 4.139059782028198242e-02 1.815197430551052094e-02 5.456703947857022285e-04 2.477411553263664246e-02 8.111093193292617798e-03 3.932507336139678955e-02 9.296725504100322723e-03 4.957332089543342590e-02 2.685431204736232758e-02 1.645220257341861725e-02 3.224366903305053711e-02 6.957609206438064575e-02 3.378514945507049561e-02 3.705938532948493958e-02 3.084660880267620087e-02 4.606286808848381042e-02 3.767391294240951538e-02 2.609521895647048950e-02 1.094497274607419968e-02 4.917588829994201660e-02 4.630771873053163290e-04 1.254509668797254562e-02 4.475182667374610901e-02 3.511423617601394653e-02 1.251564025878906250e-01 3.652298822999000549e-02 1.802736893296241760e-02 3.351651132106781006e-02 3.286401927471160889e-02 1.166384443640708923e-01 6.043380126357078552e-03 9.265691787004470825e-02 7.585896551609039307e-02 7.826552540063858032e-02 4.458331968635320663e-03
1.301907598972320557e-01 1.573538631200790405e-01 3.919538855552673340e-02 1.038971822708845139e-02 2.225162088871002197e-02 2.537114918231964111e-01 3.596734255552291870e-02 1.714164577424526215e-02 1.256731525063514709e-02 5.012737214565277100e-02 2.941799722611904144e-02 3.974957391619682312e-02 3.827988356351852417e-02 1.111011281609535217e-01 3.901179134845733643e-02 8.804523386061191559e-03 3.676261752843856812e-02 2.739107608795166016e-02 1.274143159389495850e-02 3.797528147697448730e-02 1.064075455069541931e-01 4.530385136604309082e-02 3.087173402309417725e-02 8.671800605952739716e-03 4.812101274728775024e-02 4.705748986452817917e-03 1.712902821600437164e-02 2.962758392095565796e-02 4.827484861016273499e-02 2.430313639342784882e-02 5.551180988550186157e-02 4.782724380493164062e-02 1.802368089556694031e-02 2.874499931931495667e-02 7.738703861832618713e-03 2.239643968641757965e-02 3.259119763970375061e-02 5.446085333824157715e-02 5.042086821049451828e-03 2.873189188539981842e-02 7.524318993091583252e-02 2.358405292034149170e-02 3.402914106845855713e-02 3.550728410482406616e-02 6.350028514862060547e-02 3.271380066871643066e-02 1.464209556579589844e-01 2.052307128906250000e-01 1.038191933184862137e-02 6.493914872407913208e-03 1.665196195244789124e-02 6.117613613605499268e-02 2.943575568497180939e-02 2.837093733251094818e-02 3.378657251596450806e-02 3.484499081969261169e-02 4.618778452277183533e-02 5.930887162685394287e-02 1.949006691575050354e-02 8.640517480671405792e-03 1.165438629686832428e-02 5.884594842791557312e-02 1.568142510950565338e-02 2.089986810460686684e-03 4.832122847437858582e-02 1.237265113741159439e-02 1.060573607683181763e-01 5.886897072196006775e-02 1.034015673212707043e-03 3.481997549533843994e-02 6.522699724882841110e-03 3.662689402699470520e-02 8.609265834093093872e-02 1.549022551625967026e-02 5.228373035788536072e-02 5.892752483487129211e-02 4.115189239382743835e-02 4.278949648141860962e-02 4.195604100823402405e-02 4.596439003944396973e-02 3.346358984708786011e-02 1.201043277978897095e-02 4.551711678504943848e-02 2.747330442070960999e-02 1.699257642030715942e-02 5.872029066085815430e-02 4.776564240455627441e-02 3.114251233637332916e-02 8.719757944345474243e-02 6.479518115520477295e-02 7.635695487260818481e-02 3.475813567638397217e-02 5.277615785598754883e-02 5.054804682731628418e-02 7.524312287569046021e-02 3.311093896627426147e-02 6.412583589553833008e-02 4.046076163649559021e-02 1.874656230211257935e-02 3.067182190716266632e-02 5.588614568114280701e-02 2.545648440718650818e-02 1.764569897204637527e-03 1.792277395725250244e-02 8.702093735337257385e-03 2.907507494091987610e-02 1.034282799810171127e-02 9.201201051473617554e-02 2.381446398794651031e-02 3.577461093664169312e-02 7.234083116054534912e-02 6.501735746860504150e-02 6.234057247638702393e-02 2.463123388588428497e-02 5.073626060038805008e-03 9.225532412528991699e-03
2.172103337943553925e-02 1.192920655012130737e-02 2.031438052654266357e-01 2.238935418426990509e-02 4.712437093257904053e-02 5.202977359294891357e-02 1.714164577424526215e-02 1.372022088617086411e-02 3.681099414825439453e-02 5.010785907506942749e-02 7.927939295768737793e-02 3.480364754796028137e-02 6.002517044544219971e-02 3.403093665838241577e-02 1.457857638597488403e-01 9.751334786415100098e-03 3.174789249897003174e-02 4.152036830782890320e-02 8.574866503477096558e-02 5.398174747824668884e-02 4.037434235215187073e-02 8.274822682142257690e-02 8.143575862050056458e-03 1.500675803981721401e-03 1.236480101943016052e-02 4.834682121872901917e-02 3.220223006792366505e-04 3.004464088007807732e-03 2.125758118927478790e-02 5.659879185259342194e-03 3.989290446043014526e-03 1.594338566064834595e-02 5.608079954981803894e-02 2.055445918813347816e-03 2.490939386188983917e-02 3.333630785346031189e-02 2.680815011262893677e-02 1.595786586403846741e-02 7.445389404892921448e-03 9.967996738851070404e-04 4.965209402143955231e-03 6.167171150445938110e-02 3.853899985551834106e-02 8.751960843801498413e-02 5.835398100316524506e-03 1.867364905774593353e-02 1.258350908756256104e-02 5.801625922322273254e-02 3.563849255442619324e-02 4.165902733802795410e-02 9.339388459920883179e-03 5.175310000777244568e-02 5.169135332107543945e-02 1.305608265101909637e-02 1.326768752187490463e-02 1.308302208781242371e-02 1.989545533433556557e-03 5.522046703845262527e-03 2.029069513082504272e-02 7.799927890300750732e-02 1.712032221257686615e-02 5.287231411784887314e-03 5.558983236551284790e-02 3.105361945927143097e-03 6.695863604545593262e-02 1.004807092249393463e-02 3.427384048700332642e-02 1.134474575519561768e-02 4.216632514726370573e-04 5.270229652523994446e-02 3.074684180319309235e-02 2.120449952781200409e-02 2.360960096120834351e-02 9.113515913486480713e-02 1.555039634695276618e-04 6.254232488572597504e-03 2.252483740448951721e-02 6.197372078895568848e-02 7.083715498447418213e-02 2.884026849642395973e-03 1.931284964084625244e-01 9.116017073392868042e-02 5.235436931252479553e-02 2.672183699905872345e-02 4.032354056835174561e-02 1.779076084494590759e-02 1.286763548851013184e-01 7.024324685335159302e-02 4.387379065155982971e-02 3.593547642230987549e-02 1.121806260198354721e-02 1.061410643160343170e-02 1.993741840124130249e-02 5.659712944179773331e-03 2.058828808367252350e-02 2.761150151491165161e-02 5.926871299743652344e-02 8.218294009566307068e-03 2.331293933093547821e-02 3.979931934736669064e-04 1.723685488104820251e-02 2.621129900217056274e-02 4.097426682710647583e-02 6.152745708823204041e-02 6.597454845905303955e-02 1.212112605571746826e-01 9.830028750002384186e-03 4.466059803962707520e-02 1.616768538951873779e-02 7.321130484342575073e-02 5.964361503720283508e-02 7.659874856472015381e-02 3.781272843480110168e-02 2.384165301918983459e-02 1.018719654530286789e-02 6.496726721525192261e-02
4.407761991024017334e-02 1.931818202137947083e-02 4.366266075521707535e-03 2.232483774423599243e-02 7.564217597246170044e-02 9.817229583859443665e-03 1.256731525063514709e-02 3.681099414825439453e-02 1.139950286597013474e-02 8.844026923179626465e-02 2.274752780795097351e-02 4.303045198321342468e-02 1.501894555985927582e-02 4.839709028601646423e-02 8.065403439104557037e-03 1.888579688966274261e-02 6.899705156683921814e-03 1.386061757802963257e-01 2.025445690378546715e-03 7.226839195936918259e-03 1.505954540334641933e-03 1.122191897593438625e-03 7.795400172472000122e-02 2.670601382851600647e-02 1.616805046796798706e-02 4.096281155943870544e-02 4.237701743841171265e-02 1.226108893752098083e-02 5.178538337349891663e-02 6.986175477504730225e-02 4.057297110557556152e-02 5.884144455194473267e-02 6.651221960783004761e-02 1.352247595787048340e-02 1.862713322043418884e-02 2.720321528613567352e-02 3.620360046625137329e-02 2.334466017782688141e-02 6.483246106654405594e-04 1.416278481483459473e-01 3.336555138230323792e-02 7.665970176458358765e-02 4.531998932361602783e-02 2.456123940646648407e-02 6.214179471135139465e-02 6.377297639846801758e-02 2.269554510712623596e-02 2.064255625009536743e-02 3.849664703011512756e-02 2.839749911800026894e-03 6.800241768360137939e-02 3.376905247569084167e-02 7.693788036704063416e-03 1.166068483144044876e-02 6.300423294305801392e-02 3.860326483845710754e-02 1.731132622808218002e-03 3.830849751830101013e-02 4.575334861874580383e-02 3.465849161148071289e-02 3.666642121970653534e-03 7.035121321678161621e-02 3.839053586125373840e-02 7.593458984047174454e-03 1.234801672399044037e-02 1.219797227531671524e-02 7.042746059596538544e-03 5.867545306682586670e-02 1.048277248628437519e-03 4.313383623957633972e-02 3.897664323449134827e-02 7.086827605962753296e-02 3.181442245841026306e-02 7.828867435455322266e-02 2.834546938538551331e-02 5.898586660623550415e-02 1.575384885072708130e-01 4.985834658145904541e-02 1.471337080001831055e-01 7.567437738180160522e-02 2.854700572788715363e-02 5.237730219960212708e-02 5.029254779219627380e-02 3.977817483246326447e-03 4.261307045817375183e-02 5.679595842957496643e-02 2.945177443325519562e-02 1.536911074072122574e-02 6.980348378419876099e-03 1.564151234924793243e-02 3.881636634469032288e-02 4.898314177989959717e-02 3.181966766715049744e-02 2.077923342585563660e-02 4.216055572032928467e-02 4.874932393431663513e-02 1.448646467179059982e-02 5.923517048358917236e-02 5.211520940065383911e-02 7.595705240964889526e-02 7.115083932876586914e-02 6.805748492479324341e-02 5.161957815289497375e-02 4.152729175984859467e-03 5.446045100688934326e-02 1.822053268551826477e-02 7.990071177482604980e-02 5.812695994973182678e-02 9.889089316129684448e-02 3.982347995042800903e-02 3.619489818811416626e-02 1.327464170753955841e-02 4.860837757587432861e-02 2.942055650055408478e-02 2.285709371790289879e-03 7.776804268360137939e-02
6.416767835617065430e-03 3.153625875711441040e-02 1.817649044096469879e-02 5.171920359134674072e-02 7.429061457514762878e-03 3.913259878754615784e-02 5.012737214565277100e-02 5.010785907506942749e-02 8.844026923179626465e-02 4.508368205279111862e-03 4.765433073043823242e-02 1.042707264423370361e-02 3.833908960223197937e-02 5.604610219597816467e-02 1.101308595389127731e-02 6.853057444095611572e-02 6.334495544433593750e-02 6.310458295047283173e-03 4.832382500171661377e-02 8.532918058335781097e-03 6.524349562823772430e-03 6.048651412129402161e-02 3.292764350771903992e-02 6.966918706893920898e-02 2.268658950924873352e-02 5.726505815982818604e-02 2.901026746258139610e-03 2.319520525634288788e-02 3.340185806155204773e-02 2.080228924751281738e-02 1.158882863819599152e-02 2.323643071576952934e-03 7.849173620343208313e-03 2.169538103044033051e-02 5.893649905920028687e-02 8.981239050626754761e-03 1.836545951664447784e-02 1.505271793575957417e-04 3.895202651619911194e-02 4.678133875131607056e-02 1.254510320723056793e-02 3.512330725789070129e-02 2.038379199802875519e-02 9.508888237178325653e-03 5.404951050877571106e-02 6.944161653518676758e-02 2.528458833694458008e-02 2.077603153884410858e-02 1.256771665066480637e-02 8.695650845766067505e-02 6.140667013823986053e-03 2.837840095162391663e-02 1.441596075892448425e-02 2.240501902997493744e-02 5.120062455534934998e-02 9.127557277679443359e-02 1.768545620143413544e-02 3.158710151910781860e-02 3.787187114357948303e-02 1.348423119634389877e-02 5.240589752793312073e-02 8.932600915431976318e-02 1.021999772638082504e-02 2.865868620574474335e-02 1.089975796639919281e-02 4.568272083997726440e-02 8.686354756355285645e-02 4.816734418272972107e-02 1.661573536694049835e-02 3.131636604666709900e-02 3.429687395691871643e-02 2.464998513460159302e-02 3.118705749511718750e-02 4.045235738158226013e-02 6.616398692131042480e-02 3.099755756556987762e-02 5.432004109025001526e-02 1.257551610469818115e-01 7.003743201494216919e-02 1.574212163686752319e-01 3.940929658710956573e-03 2.697278000414371490e-02 6.872325390577316284e-02 6.623327732086181641e-02 8.586358278989791870e-03 4.510799795389175415e-02 3.752728551626205444e-02 1.989615708589553833e-02 4.254427552223205566e-02 2.726810239255428314e-02 9.483067318797111511e-03 3.937347978353500366e-02 1.139680668711662292e-02 7.935418747365474701e-03 2.049988508224487305e-02 1.958407275378704071e-02 6.486187130212783813e-02 1.969729177653789520e-02 2.184653130825608969e-04 6.355138868093490601e-02 1.159999868832528591e-03 5.373881757259368896e-02 2.650841511785984039e-02 7.323564495891332626e-03 8.559520356357097626e-03 2.862962335348129272e-02 1.026945859193801880e-01 3.639845550060272217e-02 2.039431966841220856e-02 4.597653076052665710e-02 1.569460704922676086e-02 3.783354163169860840e-02 4.471059888601303101e-02 1.504780841059982777e-03 3.234964609146118164e-02 3.211794048547744751e-02
1.979746967554092407e-01 1.401426345109939575e-01 6.819254159927368164e-02 4.930411279201507568e-02 4.310211166739463806e-02 5.878741294145584106e-02 2.941799722611904144e-02 7.927939295768737793e-02 2.274752780795097351e-02 4.765433073043823242e-02 2.302669733762741089e-02 4.852041893173009157e-04 1.795902252197265625e-01 6.144830025732517242e-03 1.473631896078586578e-02 7.836296223104000092e-03 4.473022744059562683e-02 5.727759376168251038e-02 1.323251868598163128e-03 2.231813035905361176e-02 1.677648909389972687e-02 1.404615491628646851e-02 7.597707677632570267e-03 2.311090938746929169e-03 1.473886705935001373e-02 9.752337820827960968e-03 1.449475344270467758e-02 4.372734948992729187e-02 1.516475621610879898e-02 2.468239329755306244e-02 1.328376494348049164e-02 2.769133821129798889e-02 2.876825816929340363e-02 1.370743103325366974e-02 2.847363613545894623e-02 9.942984208464622498e-03 2.507527545094490051e-02 1.890336279757320881e-04 2.418093010783195496e-02 5.103369802236557007e-02 4.036698117852210999e-02 1.341684535145759583e-02 7.580303121358156204e-03 3.777323290705680847e-02 1.428045984357595444e-02 6.276454310864210129e-03 1.080991104245185852e-01 1.021490152925252914e-02 8.121774590108543634e-05 2.151217125356197357e-02 3.757111262530088425e-03 2.022141404449939728e-02 1.531118992716073990e-02 3.971572592854499817e-02 2.764908038079738617e-02 1.097611617296934128e-02 1.476678159087896347e-02 6.471239030361175537e-03 4.236791655421257019e-02 1.908549666404724121e-02 1.732424274086952209e-02 2.174048684537410736e-03 2.906243316829204559e-02 3.453787043690681458e-02 9.502150118350982666e-02 6.488816440105438232e-02 3.557800874114036560e-02 4.623986408114433289e-02 5.517116561532020569e-02 2.087603509426116943e-02 3.268571943044662476e-02 1.348607614636421204e-02 1.864107698202133179e-02 3.629798814654350281e-02 4.350344836711883545e-02 3.587552905082702637e-02 1.601992920041084290e-02 3.731996566057205200e-02 5.716638267040252686e-02 5.271375924348831177e-02 7.932337373495101929e-02 3.164532408118247986e-02 1.354053732939064503e-03 2.499696053564548492e-02 2.630614675581455231e-02 1.694689691066741943e-02 4.918333142995834351e-03 1.912903599441051483e-02 1.121386140584945679e-02 4.546125605702400208e-02 3.052150271832942963e-02 4.763061553239822388e-02 8.804622106254100800e-03 2.950951270759105682e-02 1.190993748605251312e-02 1.240875944495201111e-02 3.890073299407958984e-02 6.040843576192855835e-02 1.388521678745746613e-02 9.446995332837104797e-03 5.735340714454650879e-02 5.664123594760894775e-02 5.070180073380470276e-02 1.328356680460274220e-03 1.058686990290880203e-02 1.850778423249721527e-02 1.990327239036560059e-02 2.678960561752319336e-02 9.710547327995300293e-02 7.416755892336368561e-03 3.153327153995633125e-03 1.319357007741928101e-02 1.908872392959892750e-03 4.119377583265304565e-03 3.358067572116851807e-02 1.740519888699054718e-02
7.638491690158843994e-02 3.560899524018168449e-03 1.192231476306915283e-02 2.563014999032020569e-02 4.865616559982299805e-03 1.556445192545652390e-02 3.974957391619682312e-02 3.480364754796028137e-02 4.303045198321342468e-02 1.042707264423370361e-02 4.852041893173009157e-04 2.286083437502384186e-02 6.493334658443927765e-03 3.365349471569061279e-01 1.520734466612339020e-02 3.654574602842330933e-02 2.690012753009796143e-02 1.229620887897908688e-03 5.762035399675369263e-02 8.258211426436901093e-03 3.941582515835762024e-02 2.552754059433937073e-02 1.188689842820167542e-01 9.289513528347015381e-02 6.520137935876846313e-02 7.959941774606704712e-02 8.620875887572765350e-03 1.398394107818603516e-01 2.443766221404075623e-02 6.386387348175048828e-02 7.240541279315948486e-03 4.387377947568893433e-02 3.685413673520088196e-02 1.306757703423500061e-02 4.077137634158134460e-02 1.946753449738025665e-02 5.551322549581527710e-02 6.114510819315910339e-03 7.753018755465745926e-03 4.097518697381019592e-02 2.494684606790542603e-02 2.799087949097156525e-02 1.730838418006896973e-02 5.916926311329007149e-04 7.825445383787155151e-02 2.823634818196296692e-02 2.104325918480753899e-03 2.624636702239513397e-02 4.029288887977600098e-02 4.933479800820350647e-02 5.982111021876335144e-02 5.983759649097919464e-03 2.680048160254955292e-02 1.834570430219173431e-02 2.871784381568431854e-02 2.148154377937316895e-02 4.122255370020866394e-02 3.008324466645717621e-02 2.015893696807324886e-04 2.723360434174537659e-02 9.775470010936260223e-03 1.897583343088626862e-02 5.812700837850570679e-03 3.546628728508949280e-02 6.023175665177404881e-04 3.244153782725334167e-02 5.174401029944419861e-02 4.432944953441619873e-02 8.940433710813522339e-02 1.148580666631460190e-02 8.828524500131607056e-02 1.239927764981985092e-02 4.809918999671936035e-02 2.574016398284584284e-04 9.226426482200622559e-03 2.010236680507659912e-02 3.695349022746086121e-02 3.036546520888805389e-02 7.354095578193664551e-02 6.940862536430358887e-02 2.206788025796413422e-02 4.235239699482917786e-02 5.062136054039001465e-02 1.552554429508745670e-03 2.785931341350078583e-02 6.234121322631835938e-02 8.947457186877727509e-03 6.406030151993036270e-03 5.111285299062728882e-02 1.417162083089351654e-02 1.871866523288190365e-03 1.676690019667148590e-02 6.310726702213287354e-02 3.765115886926651001e-02 3.655870258808135986e-02 5.698006134480237961e-04 2.982012694701552391e-03 3.183294087648391724e-02 1.948997937142848969e-02 3.729457780718803406e-02 9.311382658779621124e-03 2.589795552194118500e-02 4.991724155843257904e-03 2.479835040867328644e-02 1.024313922971487045e-02 1.774368807673454285e-02 2.916213357821106911e-03 3.600054606795310974e-02 7.493791729211807251e-02 2.882893942296504974e-02 1.685920171439647675e-03 3.375023836269974709e-03 4.976687207818031311e-02 5.828855559229850769e-02 1.735251769423484802e-02 5.122675001621246338e-02
1.139724105596542358e-01 1.543891876935958862e-01 3.859178349375724792e-02 1.428463403135538101e-02 8.863692171871662140e-03 3.065147623419761658e-02 3.827988356351852417e-02 6.002517044544219971e-02 1.501894555985927582e-02 3.833908960223197937e-02 1.795902252197265625e-01 6.493334658443927765e-03 2.098011784255504608e-02 8.712243288755416870e-03 3.969249501824378967e-02 4.881988745182752609e-03 1.978786103427410126e-02 1.772305555641651154e-02 6.342421285808086395e-03 3.117086365818977356e-02 7.249741815030574799e-03 3.258572518825531006e-02 3.357899188995361328e-02 7.318525109440088272e-03 6.317117065191268921e-02 2.190315537154674530e-02 1.171412877738475800e-02 1.738698221743106842e-02 1.480708178132772446e-02 1.519394479691982269e-02 5.945756658911705017e-02 2.323498763144016266e-02 3.977788239717483521e-02 2.268317155539989471e-02 1.190365105867385864e-02 2.555208466947078705e-02 1.622233912348747253e-02 4.036478698253631592e-02 1.500199083238840103e-02 1.565703563392162323e-02 3.941763564944267273e-02 1.871732808649539948e-02 4.512210376560688019e-03 4.439510777592658997e-02 2.726172655820846558e-02 3.218399733304977417e-02 6.911204010248184204e-02 4.683300107717514038e-02 2.972273156046867371e-02 2.315684594213962555e-02 4.073503986001014709e-02 3.610871732234954834e-02 2.034446969628334045e-02 1.866231672465801239e-03 3.067653439939022064e-02 3.217149898409843445e-02 1.669625379145145416e-02 1.963095553219318390e-02 1.001509651541709900e-02 2.342168241739273071e-03 8.365930058062076569e-03 1.985405571758747101e-02 3.958070650696754456e-02 4.141698405146598816e-02 5.524034425616264343e-02 9.126312285661697388e-02 5.941872671246528625e-02 3.180862218141555786e-02 3.235549852252006531e-02 4.879349377006292343e-03 5.097293481230735779e-02 1.074340753257274628e-02 6.686843186616897583e-02 5.622320249676704407e-02 2.112322859466075897e-02 3.563578799366950989e-02 2.915838547050952911e-02 3.179258853197097778e-02 5.487194657325744629e-02 4.271765425801277161e-02 2.711446210741996765e-02 5.472738668322563171e-02 4.871269688010215759e-02 2.773326821625232697e-03 9.151997976005077362e-03 5.619256757199764252e-03 4.995577502995729446e-03 9.644456207752227783e-02 3.040521405637264252e-02 2.316807955503463745e-02 3.969759494066238403e-02 2.728628925979137421e-02 5.174226313829421997e-02 6.702000647783279419e-02 3.024784289300441742e-02 1.436380110681056976e-02 2.542535401880741119e-02 4.444552585482597351e-02 2.047555334866046906e-02 2.456369809806346893e-02 5.646187067031860352e-02 7.330637425184249878e-02 1.003331411629915237e-02 5.189228057861328125e-02 1.701434887945652008e-02 7.896631211042404175e-02 7.314944523386657238e-04 1.201066188514232635e-02 6.084222695790231228e-04 1.589873805642127991e-02 2.306682989001274109e-02 9.858851553872227669e-04 1.721803657710552216e-02 4.693082720041275024e-02 5.089157447218894958e-02 7.031050510704517365e-03
