9.400576353073120117e-02 7.407005876302719116e-02 6.490749865770339966e-02 4.757426306605339050e-02 1.068784389644861221e-02 6.299833953380584717e-02 3.950505703687667847e-02 4.092368856072425842e-02 2.968079783022403717e-02 1.540904212743043900e-02 8.464414626359939575e-02 3.347428888082504272e-02 3.321066033095121384e-03 3.588696941733360291e-02 2.294174022972583771e-02 6.139425095170736313e-03 6.523377448320388794e-02 7.042526267468929291e-03 1.157380640506744385e-02 2.491336688399314880e-02 4.162403347436338663e-04 1.783489994704723358e-02 1.576122641563415527e-02 2.513451129198074341e-02 1.451882626861333847e-02 3.034874238073825836e-02 5.764515325427055359e-02 3.768831863999366760e-02 4.421782121062278748e-02 1.334350276738405228e-02 2.773423679172992706e-02 3.858001530170440674e-02 6.252993643283843994e-02 3.438466787338256836e-02 2.230238355696201324e-02 4.227614030241966248e-02 2.191082388162612915e-02 6.495080143213272095e-02 1.839330978691577911e-02 4.604070913046598434e-03 4.217189177870750427e-02 1.875898055732250214e-02 2.533027715981006622e-02 2.445115894079208374e-02 9.955617133527994156e-04 4.736619070172309875e-02 1.648325473070144653e-02 4.042141512036323547e-02 1.369125116616487503e-02 1.811634167097508907e-03 4.914892837405204773e-03 8.628382533788681030e-02 1.513686496764421463e-02 2.843495830893516541e-02 1.869541779160499573e-02 3.401227667927742004e-02 4.640190303325653076e-02 2.438013674691319466e-03 2.085796371102333069e-02 5.629611201584339142e-03 4.806504119187593460e-03 3.759099543094635010e-02 3.258567303419113159e-02 5.182844586670398712e-03 2.125996910035610199e-02 1.946762204170227051e-02 1.313602365553379059e-02 1.246379571966826916e-03 3.470788523554801941e-02 1.940591633319854736e-02 3.777498379349708557e-02 3.525691479444503784e-02 2.049285918474197388e-02 3.244471177458763123e-02 2.197940833866596222e-02 3.849429637193679810e-02 4.552396386861801147e-02 2.838754653930664062e-02 3.288336843252182007e-02 6.225458532571792603e-02 1.404252741485834122e-02 1.041194517165422440e-02 2.981584705412387848e-02 1.173991151154041290e-02 3.324121981859207153e-02 1.363881770521402359e-02 2.477793768048286438e-02 2.630662731826305389e-02 6.798648089170455933e-02 2.724112942814826965e-02 4.084100201725959778e-02 5.666464939713478088e-02 1.886860467493534088e-02 9.346010163426399231e-03 4.609320312738418579e-02 4.810593277215957642e-02 1.028208993375301361e-02 2.795865200459957123e-02 6.304713338613510132e-02 5.521865934133529663e-02 4.308869596570730209e-03 2.745852433145046234e-02 6.414382159709930420e-02 2.263430692255496979e-02 5.247263982892036438e-02 5.412344634532928467e-02 1.078716665506362915e-02 2.072638086974620819e-02 2.679314278066158295e-02 3.292215615510940552e-02 1.252923905849456787e-02 3.024199604988098145e-02 7.624622434377670288e-03 1.019204687327146530e-02 2.375339530408382416e-02 2.049162052571773529e-03
7.407005876302719116e-02 9.281516075134277344e-02 5.088138580322265625e-02 3.612796217203140259e-02 3.323719603940844536e-03 8.555302023887634277e-02 2.004924975335597992e-02 1.739623770117759705e-02 2.756281010806560516e-02 4.545932635664939880e-02 1.119935065507888794e-01 3.328721225261688232e-02 8.148709684610366821e-02 4.628165066242218018e-02 3.851537033915519714e-02 2.435982786118984222e-02 2.288657240569591522e-02 1.954821124672889709e-02 7.078748941421508789e-02 2.337566763162612915e-02 2.323351800441741943e-03 1.664500497281551361e-02 2.301456779241561890e-02 4.055344313383102417e-02 2.389718964695930481e-02 3.282355889678001404e-02 6.107836216688156128e-02 4.801394417881965637e-02 4.380256682634353638e-02 4.537871107459068298e-02 2.727469429373741150e-02 6.713426113128662109e-02 1.589151285588741302e-02 3.899218142032623291e-02 3.201163187623023987e-02 3.382584452629089355e-02 4.719137214124202728e-03 5.541531369090080261e-02 6.528033316135406494e-02 1.289366930723190308e-02 2.941803075373172760e-02 1.562593504786491394e-02 9.330908767879009247e-03 2.701753750443458557e-02 2.314796671271324158e-03 5.401941388845443726e-02 3.742754831910133362e-02 3.848484158515930176e-02 1.156760752201080322e-02 1.241459138691425323e-02 2.080906741321086884e-02 7.606890797615051270e-02 1.569383405148983002e-02 2.353285625576972961e-02 1.194945536553859711e-02 1.164886448532342911e-02 5.089331790804862976e-02 1.984134875237941742e-02 2.624434977769851685e-02 3.029904142022132874e-02 4.287656769156455994e-02 2.654197067022323608e-02 3.908443078398704529e-02 2.722607925534248352e-02 4.210109263658523560e-02 3.808858990669250488e-02 2.033613808453083038e-02 3.718661842867732048e-03 8.567406795918941498e-03 8.700146339833736420e-03 1.911111921072006226e-02 3.702818974852561951e-02 1.551789231598377228e-03 9.565478190779685974e-03 4.538973420858383179e-02 3.451574593782424927e-02 3.000508435070514679e-02 9.359316900372505188e-03 4.465574026107788086e-02 4.658384621143341064e-02 1.088392268866300583e-02 1.724955998361110687e-02 3.436476737260818481e-02 2.332563325762748718e-02 1.526744477450847626e-02 1.670293323695659637e-02 4.086381196975708008e-02 2.167902141809463501e-02 5.892607942223548889e-02 5.331014748662710190e-03 3.197834640741348267e-02 4.885371774435043335e-02 9.788517840206623077e-03 9.766753762960433960e-03 5.873315036296844482e-02 1.857194863259792328e-02 1.279545295983552933e-02 1.818920299410820007e-02 4.653381183743476868e-02 4.803190752863883972e-02 2.241820469498634338e-02 1.344398595392704010e-02 4.657335206866264343e-02 2.481588535010814667e-02 5.179445445537567139e-02 5.986161902546882629e-02 2.723865583539009094e-02 1.761342957615852356e-02 3.036479279398918152e-02 1.459162868559360504e-02 1.405677292495965958e-02 3.432964906096458435e-02 8.177055045962333679e-03 3.132274746894836426e-02 1.072462927550077438e-02 2.784886630252003670e-03
6.490749865770339966e-02 5.088138580322265625e-02 7.708764076232910156e-02 8.949635922908782959e-02 6.877917051315307617e-02 9.019881486892700195e-03 7.252617273479700089e-03 1.404891312122344971e-01 7.624419406056404114e-03 2.842251025140285492e-02 2.525657415390014648e-02 3.597364202141761780e-02 5.665711313486099243e-02 5.195137485861778259e-02 1.579302363097667694e-02 5.544235929846763611e-02 7.402795553207397461e-02 2.937775291502475739e-02 2.770503982901573181e-02 7.506529800593852997e-03 8.153611794114112854e-03 2.265513874590396881e-02 6.780105829238891602e-02 7.170439511537551880e-02 4.054959118366241455e-02 4.281913116574287415e-02 5.555364117026329041e-02 7.666713744401931763e-02 8.126551285386085510e-03 2.950571477413177490e-02 2.927419357001781464e-02 1.766877621412277222e-02 2.081859111785888672e-02 1.821886107791215181e-04 2.470389241352677345e-03 9.724991396069526672e-03 2.875434979796409607e-02 2.422532252967357635e-02 3.360646218061447144e-02 8.335714042186737061e-02 6.508927047252655029e-02 7.043362129479646683e-03 3.619012981653213501e-02 1.631335616111755371e-01 1.162009779363870621e-02 1.716939359903335571e-02 2.032815013080835342e-03 8.249232545495033264e-03 2.015944197773933411e-02 2.634458802640438080e-02 5.917445197701454163e-02 5.575675889849662781e-02 8.254472166299819946e-03 6.908776704221963882e-03 1.000308431684970856e-02 4.722092673182487488e-02 4.127401858568191528e-02 2.029780484735965729e-02 8.088408410549163818e-02 7.266672700643539429e-02 2.932263165712356567e-02 2.572917565703392029e-02 3.668281435966491699e-02 3.039005398750305176e-02 1.554376096464693546e-03 6.365025788545608521e-02 8.990058675408363342e-03 9.419044852256774902e-02 6.963156163692474365e-02 2.914883568882942200e-02 4.053153563290834427e-03 5.247087031602859497e-02 4.072248563170433044e-02 2.433638088405132294e-02 5.542789027094841003e-02 8.272436447441577911e-03 1.363831921480596066e-03 2.507751807570457458e-02 2.324980217963457108e-03 4.916093870997428894e-02 1.346529275178909302e-01 4.560363665223121643e-02 2.218156307935714722e-02 8.355027064681053162e-03 2.454129420220851898e-02 4.578102845698595047e-03 5.737307667732238770e-02 3.327633719891309738e-03 5.932718887925148010e-02 1.842610165476799011e-02 3.408785909414291382e-02 3.382284939289093018e-02 9.095962345600128174e-02 3.978557884693145752e-03 8.524714969098567963e-03 3.830041363835334778e-02 1.883438415825366974e-02 2.428398095071315765e-02 3.493186086416244507e-03 3.696498274803161621e-02 7.527828216552734375e-02 8.548580855131149292e-02 4.459680058062076569e-03 5.511355400085449219e-02 4.884825646877288818e-02 2.440160699188709259e-02 9.227371774613857269e-03 3.749825432896614075e-02 2.990128099918365479e-02 5.375900305807590485e-03 5.900291353464126587e-02 5.769753828644752502e-03 9.518141299486160278e-02 2.096641436219215393e-02 2.820746973156929016e-02 5.180235952138900757e-02
4.757426306605339050e-02 3.612796217203140259e-02 8.949635922908782959e-02 8.229913562536239624e-02 4.692372307181358337e-02 4.154537245631217957e-02 7.656558603048324585e-02 2.860990166664123535e-02 2.730317041277885437e-02 8.573858439922332764e-02 6.169597618281841278e-03 8.266083151102066040e-02 6.694016605615615845e-02 4.363997653126716614e-02 3.762871772050857544e-02 3.167211636900901794e-02 2.178147062659263611e-02 6.435199081897735596e-02 3.126918897032737732e-02 9.703610092401504517e-03 3.064614720642566681e-02 1.977545395493507385e-02 1.537701953202486038e-02 1.050561852753162384e-02 2.938167199317831546e-06 6.114452145993709564e-03 4.730244725942611694e-02 8.938671089708805084e-03 9.453698061406612396e-03 8.243802934885025024e-03 2.252398245036602020e-02 3.101135417819023132e-02 7.212275266647338867e-02 2.583750709891319275e-02 1.487656310200691223e-02 3.516190126538276672e-02 3.074541874229907990e-02 1.577415876090526581e-02 3.575447946786880493e-02 1.925640925765037537e-02 2.884500287473201752e-02 8.427316322922706604e-03 2.580163627862930298e-02 4.047916084527969360e-02 1.762743294239044189e-02 4.713051766157150269e-02 3.584618447348475456e-03 6.650069728493690491e-03 5.121316760778427124e-02 2.563458681106567383e-02 8.264520019292831421e-02 1.061481703072786331e-02 2.326355315744876862e-02 2.064056880772113800e-02 4.043871164321899414e-02 6.182777509093284607e-02 6.153046339750289917e-02 1.764197461307048798e-02 8.175059407949447632e-02 1.291025709360837936e-02 5.195323843508958817e-03 2.334757521748542786e-02 1.655139401555061340e-02 6.012029573321342468e-02 5.281286314129829407e-02 4.582894220948219299e-02 7.724971324205398560e-02 2.300428226590156555e-02 7.985924184322357178e-02 2.339800260961055756e-02 7.551360875368118286e-02 2.162108942866325378e-02 1.330463886260986328e-01 3.071385249495506287e-02 2.580204419791698456e-02 6.168681010603904724e-02 1.499158143997192383e-02 1.773457787930965424e-02 1.553127635270357132e-02 5.685558542609214783e-03 7.228369265794754028e-02 5.482875928282737732e-02 9.549352107569575310e-04 4.110614955425262451e-02 9.840132296085357666e-02 3.082326613366603851e-02 1.627961173653602600e-02 5.528011545538902283e-02 7.877928763628005981e-02 4.883034899830818176e-02 1.992569491267204285e-02 9.468670189380645752e-02 5.769838020205497742e-02 2.140108868479728699e-02 1.637715473771095276e-02 1.103087142109870911e-02 1.918053254485130310e-02 1.163178868591785431e-02 5.082136392593383789e-02 2.981236949563026428e-02 3.608064725995063782e-02 5.911511927843093872e-02 6.281112134456634521e-02 2.215722575783729553e-02 5.878339707851409912e-02 5.869453400373458862e-02 8.722968399524688721e-03 4.432056471705436707e-02 1.576422154903411865e-02 9.440063149668276310e-04 1.039456296712160110e-02 2.540811896324157715e-02 4.779070615768432617e-02 3.837797045707702637e-02 1.430207397788763046e-03 1.036103162914514542e-02
1.068784389644861221e-02 3.323719603940844536e-03 6.877917051315307617e-02 4.692372307181358337e-02 8.250157535076141357e-02 1.568850129842758179e-02 3.075152076780796051e-02 8.914792910218238831e-03 1.771666109561920166e-02 6.002013757824897766e-02 3.567247837781906128e-02 6.857933942228555679e-03 2.970807813107967377e-02 1.019681710749864578e-02 3.644187375903129578e-02 2.078482694923877716e-02 6.175557896494865417e-02 8.383626490831375122e-02 2.059316448867321014e-02 2.793354354798793793e-02 3.821740392595529556e-03 9.168724645860493183e-04 3.887412324547767639e-02 1.918737776577472687e-02 2.950193360447883606e-02 1.907789520919322968e-02 1.022713258862495422e-02 8.378200232982635498e-03 1.446745917201042175e-02 5.412894766777753830e-03 2.625705115497112274e-02 2.058071270585060120e-02 8.995292708277702332e-03 4.497686750255525112e-04 3.530869632959365845e-02 4.411038011312484741e-02 4.622024670243263245e-02 1.720141246914863586e-02 7.783796638250350952e-02 1.616283319890499115e-02 2.694335766136646271e-02 1.927513256669044495e-02 3.841772675514221191e-02 8.270601183176040649e-02 2.149631269276142120e-02 8.814867585897445679e-03 2.876328362617641687e-04 1.911980658769607544e-02 5.059252493083477020e-03 5.303848534822463989e-02 1.563423499464988708e-02 4.570391774177551270e-02 1.239853911101818085e-02 2.634977549314498901e-02 6.013150513172149658e-02 2.965837717056274414e-02 1.101049035787582397e-02 3.378213942050933838e-02 3.344439715147018433e-02 1.536344178020954132e-02 5.357196182012557983e-02 2.336525544524192810e-02 2.944866195321083069e-02 4.692438244819641113e-02 5.314125865697860718e-02 1.040362473577260971e-02 3.798937052488327026e-02 6.831162422895431519e-02 8.683852851390838623e-03 4.907029494643211365e-02 3.245712444186210632e-02 5.475484207272529602e-02 2.561273053288459778e-02 2.380980178713798523e-02 1.046309098601341248e-01 3.292540088295936584e-02 3.583138110116124153e-03 6.473898421972990036e-03 1.912067085504531860e-02 2.390634082257747650e-02 1.573021174408495426e-03 8.895090781152248383e-03 7.708296924829483032e-02 5.567580834031105042e-02 2.671310119330883026e-02 5.381060764193534851e-02 5.989626049995422363e-03 1.014639157801866531e-02 1.764536648988723755e-02 4.595187492668628693e-03 3.159302473068237305e-02 3.167661838233470917e-03 3.000870533287525177e-02 4.362159594893455505e-02 5.314505472779273987e-02 3.796578943729400635e-02 7.954663597047328949e-03 4.533384740352630615e-02 1.528944447636604309e-02 1.996799185872077942e-02 1.868527196347713470e-02 3.588245809078216553e-02 7.732350379228591919e-03 4.677912220358848572e-02 4.473112523555755615e-03 4.811539780348539352e-03 1.792384870350360870e-02 1.311604958027601242e-02 8.227053098380565643e-03 3.936498984694480896e-02 2.634065970778465271e-02 3.131131408736109734e-03 2.677119523286819458e-02 3.412552922964096069e-02 6.139481440186500549e-02 8.304874412715435028e-03
6.299833953380584717e-02 8.555302023887634277e-02 9.019881486892700195e-03 4.154537245631217957e-02 1.568850129842758179e-02 1.224626973271369934e-01 2.102680802345275879e-01 2.311067655682563782e-02 1.238033547997474670e-02 2.120032720267772675e-02 1.462783813476562500e-01 4.334355518221855164e-02 1.402782648801803589e-01 6.429662555456161499e-02 4.843411594629287720e-02 5.135840922594070435e-02 4.659919440746307373e-02 5.254685878753662109e-02 4.451461508870124817e-02 3.851575404405593872e-02 4.283769056200981140e-02 2.424959838390350342e-02 1.775814220309257507e-02 3.326454013586044312e-02 2.366054244339466095e-02 4.818819835782051086e-02 1.715834811329841614e-02 5.311281234025955200e-02 3.420315310359001160e-02 8.497035503387451172e-02 7.504459470510482788e-02 3.325284458696842194e-03 3.475308045744895935e-02 4.935260862112045288e-02 1.655275560915470123e-02 2.789754606783390045e-02 4.449344798922538757e-02 4.052891954779624939e-02 2.475569583475589752e-02 2.061379328370094299e-02 2.310308255255222321e-02 6.343728303909301758e-02 3.583673760294914246e-02 9.670763276517391205e-03 5.110456049442291260e-02 1.220828620716929436e-03 1.155690401792526245e-01 5.628388375043869019e-02 2.586003579199314117e-02 8.160155266523361206e-02 3.619720786809921265e-02 1.251705456525087357e-02 4.669811576604843140e-03 2.942015603184700012e-02 1.125943586230278015e-01 9.391083568334579468e-02 8.468458056449890137e-02 2.900028415024280548e-02 7.251223921775817871e-02 5.036346614360809326e-03 4.136939346790313721e-02 3.203634917736053467e-02 3.745028376579284668e-02 7.764480542391538620e-03 6.316938996315002441e-02 1.877126470208168030e-02 2.243690751492977142e-02 5.517071112990379333e-02 1.648991554975509644e-02 5.129320174455642700e-02 3.361261263489723206e-02 4.015379399061203003e-02 1.884473860263824463e-02 2.549581229686737061e-02 9.996886551380157471e-02 1.080744713544845581e-02 4.156057722866535187e-03 4.992963746190071106e-02 3.624184057116508484e-02 4.390651360154151917e-02 3.904077410697937012e-02 3.472476452589035034e-02 3.145465254783630371e-02 4.311646521091461182e-02 4.910438135266304016e-02 2.579534798860549927e-02 3.045232035219669342e-02 6.945883482694625854e-02 4.202307667583227158e-03 5.478864908218383789e-02 3.673655539751052856e-02 6.823807954788208008e-02 3.816668689250946045e-02 1.632580533623695374e-02 1.933882944285869598e-02 2.534696646034717560e-02 8.190968632698059082e-02 2.019315026700496674e-03 1.023690309375524521e-02 1.055180095136165619e-02 1.222360413521528244e-02 1.330116018652915955e-02 8.054092526435852051e-02 4.147308319807052612e-02 2.927781082689762115e-02 4.620971530675888062e-02 3.433811292052268982e-02 5.731543898582458496e-02 4.522657394409179688e-02 3.650576621294021606e-02 3.587289899587631226e-02 6.962365470826625824e-03 3.076949901878833771e-02 9.357628412544727325e-03 5.039450526237487793e-02 1.303148549050092697e-02
3.950505703687667847e-02 2.004924975335597992e-02 7.252617273479700089e-03 7.656558603048324585e-02 3.075152076780796051e-02 2.102680802345275879e-01 1.204594075679779053e-01 3.767603635787963867e-02 1.885001175105571747e-02 4.197719693183898926e-02 1.152239590883255005e-01 5.291639640927314758e-02 1.302133351564407349e-01 7.712092995643615723e-02 5.879291892051696777e-02 3.206174075603485107e-02 3.072729893028736115e-02 3.161407262086868286e-02 1.042625233530998230e-01 1.001877859234809875e-01 2.623853273689746857e-02 3.160214424133300781e-02 5.102553963661193848e-02 1.698866114020347595e-02 3.985698893666267395e-02 5.404620245099067688e-02 3.790248930454254150e-02 3.480786457657814026e-02 5.319999530911445618e-02 1.199174672365188599e-01 7.403192669153213501e-02 3.844268247485160828e-02 4.849578812718391418e-02 5.265226215124130249e-02 5.967275798320770264e-02 3.160956257488578558e-04 1.580774970352649689e-02 8.495408110320568085e-03 4.471479728817939758e-02 4.767559841275215149e-02 4.347073286771774292e-02 1.575791649520397186e-02 2.385408245027065277e-02 3.672529244795441628e-03 2.256036177277565002e-02 4.598648101091384888e-02 1.252583414316177368e-01 6.581021100282669067e-02 3.857094794511795044e-02 9.250085055828094482e-02 9.241021238267421722e-03 2.915355935692787170e-02 5.087614804506301880e-02 4.106955137103796005e-03 1.344129294157028198e-01 2.182072959840297699e-02 1.352366525679826736e-02 6.843429058790206909e-02 4.294915124773979187e-02 3.251219168305397034e-02 3.825688734650611877e-02 2.795422822237014771e-02 2.154787536710500717e-03 9.344947338104248047e-02 1.144188363105058670e-02 2.309424988925457001e-02 2.096380805596709251e-03 3.045605309307575226e-02 6.374207884073257446e-02 7.951174676418304443e-02 1.069069653749465942e-02 4.439524561166763306e-02 2.286694198846817017e-02 7.911496609449386597e-02 1.375298202037811279e-01 4.047816619277000427e-02 1.990448310971260071e-02 9.262815862894058228e-02 3.082238323986530304e-02 2.251794002950191498e-02 6.309367017820477486e-04 1.300169713795185089e-02 1.234060898423194885e-02 1.340983957052230835e-01 7.032452523708343506e-02 3.576518222689628601e-02 4.890669882297515869e-02 4.644025117158889771e-03 1.929257437586784363e-02 7.382817566394805908e-02 7.314393669366836548e-02 4.987015202641487122e-02 2.842522040009498596e-02 3.390809893608093262e-02 6.597968190908432007e-02 1.288104429841041565e-02 1.026230752468109131e-01 2.211273089051246643e-02 3.915365319699048996e-03 5.333092063665390015e-02 5.471100658178329468e-02 7.573472335934638977e-03 3.661431372165679932e-02 3.624946996569633484e-02 1.645548827946186066e-02 1.167285628616809845e-02 5.189870018512010574e-03 7.564021646976470947e-02 4.930764436721801758e-02 1.721280068159103394e-02 3.083753772079944611e-02 3.884924203157424927e-02 4.341423511505126953e-02 4.159877076745033264e-03 3.933474048972129822e-02 2.251910744234919548e-03
4.092368856072425842e-02 1.739623770117759705e-02 1.404891312122344971e-01 2.860990166664123535e-02 8.914792910218238831e-03 2.311067655682563782e-02 3.767603635787963867e-02 9.372420608997344971e-02 4.710049182176589966e-02 1.048271358013153076e-02 3.780881315469741821e-02 2.696249634027481079e-03 3.064998425543308258e-02 3.263338003307580948e-03 3.588096424937248230e-02 7.627619057893753052e-02 8.201708644628524780e-02 2.632360346615314484e-02 5.514096468687057495e-02 1.716337911784648895e-02 4.715904593467712402e-02 2.284793928265571594e-02 8.129610866308212280e-02 1.042655333876609802e-01 4.623431339859962463e-02 1.546294335275888443e-02 7.028412818908691406e-02 7.989095151424407959e-02 2.375460229814052582e-02 8.090127259492874146e-02 4.242417961359024048e-02 2.230044268071651459e-02 7.882330566644668579e-03 1.193801406770944595e-02 1.694964431226253510e-02 3.697998821735382080e-02 1.925639249384403229e-02 6.036456301808357239e-02 3.780311718583106995e-02 2.511104568839073181e-02 6.082266196608543396e-02 3.553814813494682312e-02 1.985536701977252960e-02 3.627688810229301453e-02 3.239777637645602226e-03 4.358511045575141907e-02 1.108281593769788742e-02 2.586556132882833481e-03 2.559554763138294220e-02 2.897649817168712616e-02 6.290170550346374512e-02 4.091973602771759033e-02 2.829786948859691620e-02 3.667303919792175293e-02 6.716845184564590454e-02 5.616562068462371826e-02 6.465293467044830322e-02 1.186774205416440964e-02 2.353944815695285797e-02 1.884170435369014740e-02 9.728065691888332367e-03 1.482057850807905197e-02 2.933973073959350586e-02 9.337288327515125275e-03 3.958026412874460220e-03 5.432841554284095764e-02 6.351553834974765778e-03 7.579244673252105713e-02 4.961334913969039917e-02 5.148906726390123367e-03 1.018973346799612045e-02 4.652961622923612595e-03 3.123413771390914917e-02 3.413570672273635864e-02 1.206721551716327667e-02 5.318931862711906433e-02 3.425161913037300110e-02 2.745870873332023621e-02 4.866298660635948181e-02 4.437974467873573303e-02 1.019312813878059387e-01 5.824726074934005737e-02 3.725308924913406372e-02 1.823700033128261566e-02 5.518899112939834595e-02 6.502962112426757812e-02 6.321203708648681641e-02 2.978862635791301727e-02 5.462546274065971375e-02 2.323707006871700287e-02 3.685242682695388794e-02 4.156267270445823669e-02 4.899073857814073563e-03 4.405728727579116821e-02 4.825423657894134521e-02 2.887251414358615875e-02 1.994224637746810913e-02 2.316237241029739380e-02 7.130604237318038940e-02 8.247868157923221588e-03 2.808977104723453522e-02 4.325419291853904724e-02 2.967297285795211792e-02 5.440759658813476562e-02 5.966588854789733887e-02 1.904462464153766632e-02 5.752744898200035095e-02 1.038152817636728287e-02 5.142315104603767395e-02 5.948897823691368103e-02 3.610810264945030212e-02 1.684054359793663025e-02 2.187562175095081329e-02 1.096021942794322968e-02 3.672549128532409668e-02 1.546938717365264893e-02
2.968079783022403717e-02 2.756281010806560516e-02 7.624419406056404114e-03 2.730317041277885437e-02 1.771666109561920166e-02 1.238033547997474670e-02 1.885001175105571747e-02 4.710049182176589966e-02 9.970561414957046509e-02 6.999129056930541992e-02 4.689011350274085999e-02 3.257233276963233948e-02 2.820803970098495483e-02 3.991830628365278244e-03 3.403432667255401611e-02 6.591862998902797699e-03 6.532533466815948486e-02 6.243114918470382690e-02 6.085226684808731079e-02 3.924721851944923401e-02 2.888918854296207428e-03 3.028300590813159943e-02 6.630105432122945786e-03 9.281294187530875206e-04 5.750804767012596130e-02 4.055696725845336914e-02 1.978388056159019470e-02 6.215953081846237183e-02 1.744949631392955780e-02 2.385731227695941925e-02 1.771951676346361637e-03 6.132592260837554932e-02 4.842524975538253784e-02 5.757911130785942078e-03 2.937316335737705231e-02 4.145678505301475525e-02 6.678656488656997681e-02 2.984538860619068146e-02 1.876061223447322845e-02 3.837675228714942932e-02 1.074722111225128174e-01 9.575662203133106232e-03 6.183326616883277893e-02 6.919561326503753662e-02 1.081806491129100323e-03 1.216477341949939728e-02 5.908958241343498230e-02 4.404637962579727173e-02 1.124150119721889496e-02 5.157661437988281250e-02 7.186722010374069214e-03 4.531580954790115356e-02 2.624743245542049408e-02 2.330448850989341736e-02 6.113712117075920105e-02 1.386508438736200333e-02 3.363296389579772949e-02 7.910365611314773560e-02 1.021130532026290894e-01 6.201671063899993896e-02 3.853904083371162415e-02 6.195336580276489258e-03 5.083528533577919006e-02 6.658713798969984055e-03 9.626336395740509033e-02 6.318117678165435791e-02 1.602680655196309090e-03 1.920440234243869781e-03 2.366906963288784027e-02 3.140910714864730835e-02 9.813385549932718277e-04 4.079869017004966736e-02 7.689037825912237167e-03 4.131186380982398987e-02 4.382273182272911072e-02 3.423966467380523682e-02 1.328639686107635498e-01 6.981593370437622070e-02 3.805912286043167114e-02 4.941574856638908386e-02 5.044188350439071655e-02 4.160960018634796143e-02 3.198944777250289917e-02 2.202641032636165619e-02 3.875150904059410095e-02 9.895132854580879211e-03 1.447736658155918121e-02 6.540962308645248413e-02 7.077932357788085938e-03 1.027231011539697647e-02 8.479770272970199585e-03 4.436999559402465820e-02 3.086397610604763031e-02 2.291182521730661392e-03 3.376896679401397705e-02 2.451839484274387360e-02 2.198650315403938293e-02 4.436001926660537720e-02 1.480589341372251511e-02 1.429498195648193359e-02 9.668651968240737915e-02 7.860185205936431885e-02 4.930750932544469833e-03 1.210272312164306641e-02 5.953877791762351990e-02 6.603960692882537842e-02 1.182141527533531189e-02 3.217779844999313354e-02 3.932475810870528221e-04 3.057751245796680450e-02 1.419197116047143936e-02 4.120866581797599792e-02 3.789603337645530701e-02 8.043598383665084839e-03 9.313818812370300293e-02 2.138500660657882690e-02
1.540904212743043900e-02 4.545932635664939880e-02 2.842251025140285492e-02 8.573858439922332764e-02 6.002013757824897766e-02 2.120032720267772675e-02 4.197719693183898926e-02 1.048271358013153076e-02 6.999129056930541992e-02 1.209547668695449829e-01 4.078065603971481323e-02 2.094954624772071838e-02 4.581741988658905029e-02 2.005505375564098358e-02 4.136560019105672836e-03 1.896609179675579071e-02 1.193170342594385147e-02 2.168213389813899994e-02 1.086984053254127502e-01 1.605566218495368958e-02 5.589601770043373108e-02 4.863418266177177429e-02 4.184216633439064026e-02 2.821139805018901825e-02 9.067055583000183105e-02 6.046953797340393066e-02 1.792888902127742767e-02 1.014329865574836731e-02 5.664611607789993286e-02 3.098334418609738350e-03 3.690892457962036133e-02 5.290707200765609741e-02 6.295511871576309204e-02 2.559813112020492554e-02 2.889089286327362061e-02 5.771913751959800720e-02 9.460437297821044922e-02 1.530623622238636017e-02 5.697960779070854187e-02 4.437050968408584595e-02 5.467264913022518158e-03 1.043142285197973251e-03 5.800842121243476868e-02 4.234672337770462036e-02 2.866680361330509186e-02 1.029087454080581665e-01 5.127893760800361633e-03 1.966259209439158440e-03 2.088633179664611816e-02 1.279421001672744751e-01 4.094270523637533188e-03 3.368508303537964821e-03 8.739439770579338074e-03 3.355916216969490051e-02 1.597836986184120178e-02 6.089761108160018921e-02 4.288789629936218262e-02 9.734669327735900879e-02 5.711239762604236603e-03 3.095097281038761139e-02 3.558928892016410828e-02 3.908991068601608276e-02 5.116551369428634644e-02 8.866438269615173340e-02 1.031304243952035904e-02 7.061572745442390442e-03 1.428387220948934555e-02 7.245611399412155151e-02 3.791587054729461670e-02 4.614242352545261383e-03 2.931000478565692902e-02 4.889272898435592651e-02 8.322205394506454468e-02 4.631344974040985107e-02 2.082729898393154144e-02 5.629854276776313782e-02 5.009664222598075867e-03 1.631117612123489380e-01 3.449630737304687500e-02 1.929123252630233765e-01 6.138784810900688171e-02 5.431626923382282257e-03 1.232971320860087872e-03 5.989859625697135925e-02 1.128529664129018784e-02 3.771386295557022095e-02 1.570633426308631897e-02 4.617625102400779724e-02 2.980164811015129089e-02 1.011621952056884766e-01 2.980940043926239014e-02 1.035795360803604126e-02 3.417418524622917175e-02 3.497443720698356628e-02 5.953769758343696594e-02 2.997466363012790680e-02 3.068755567073822021e-02 5.642210692167282104e-02 7.075034826993942261e-02 6.083972007036209106e-02 2.068548463284969330e-02 1.403740048408508301e-02 3.059603460133075714e-02 3.319337591528892517e-02 6.112290918827056885e-02 1.328874845057725906e-02 4.465899989008903503e-02 4.411650449037551880e-02 7.702233642339706421e-02 1.859004609286785126e-03 1.139363572001457214e-01 1.114101149141788483e-02 3.425095975399017334e-02 6.672369688749313354e-02 5.605818238109350204e-03 3.643408790230751038e-02
8.464414626359939575e-02 1.119935065507888794e-01 2.525657415390014648e-02 6.169597618281841278e-03 3.567247837781906128e-02 1.462783813476562500e-01 1.152239590883255005e-01 3.780881315469741821e-02 4.689011350274085999e-02 4.078065603971481323e-02 1.335490345954895020e-01 1.983026601374149323e-02 1.998237818479537964e-01 5.689212679862976074e-02 3.430316969752311707e-02 5.615919828414916992e-02 5.165818333625793457e-02 6.090934574604034424e-02 1.204250194132328033e-02 6.071655079722404480e-02 1.187129318714141846e-02 5.349605530500411987e-02 4.847338050603866577e-02 7.424004375934600830e-02 1.318014413118362427e-02 5.155195668339729309e-02 2.884829603135585785e-02 4.715667292475700378e-02 6.186304986476898193e-02 2.379920892417430878e-02 3.936860710382461548e-02 5.758602172136306763e-02 3.320830315351486206e-02 1.696006953716278076e-02 2.177953347563743591e-02 4.661552608013153076e-02 2.652039192616939545e-02 4.487790912389755249e-02 5.286433175206184387e-02 3.354886546730995178e-02 6.920874118804931641e-02 1.996574923396110535e-02 8.691064082086086273e-03 3.196985647082328796e-02 6.338769197463989258e-02 3.398459404706954956e-02 8.589866012334823608e-02 5.420423671603202820e-02 1.762272440828382969e-03 5.474592745304107666e-02 3.196210786700248718e-02 1.398196211084723473e-03 2.315768785774707794e-02 4.275962710380554199e-02 7.261916995048522949e-02 3.044014796614646912e-02 5.131814628839492798e-02 5.042976140975952148e-02 1.091077327728271484e-01 2.584086498245596886e-03 3.787321224808692932e-02 2.418448450043797493e-03 3.145410865545272827e-02 1.112634781748056412e-02 1.059807687997817993e-01 7.682549953460693359e-02 4.475329443812370300e-02 3.165002912282943726e-02 2.390890568494796753e-02 1.904928870499134064e-02 3.631275030784308910e-04 1.093145925551652908e-02 1.166376378387212753e-02 4.924318566918373108e-02 2.238358743488788605e-02 5.368938669562339783e-03 1.791118457913398743e-02 2.514065615832805634e-02 1.317915786057710648e-02 4.674352332949638367e-02 2.990823984146118164e-02 2.371010184288024902e-02 4.283933714032173157e-02 3.732471540570259094e-02 5.069765448570251465e-02 1.516459416598081589e-02 8.921316824853420258e-03 5.113065987825393677e-02 3.611013665795326233e-02 3.711507841944694519e-02 2.860915474593639374e-02 3.233228344470262527e-03 4.402898252010345459e-03 5.237375199794769287e-02 4.137482121586799622e-02 4.930687695741653442e-02 2.995359525084495544e-02 5.984544754028320312e-02 3.761854767799377441e-02 4.624319449067115784e-02 2.790840156376361847e-02 9.330650791525840759e-03 2.560682361945509911e-03 3.982612863183021545e-03 5.823090672492980957e-02 7.693623006343841553e-02 5.124631151556968689e-02 3.868272528052330017e-02 7.829057052731513977e-03 3.272286802530288696e-02 2.859384287148714066e-03 8.003998547792434692e-03 1.956364698708057404e-02 4.920637607574462891e-02 6.709041073918342590e-03 2.487794123589992523e-02
3.347428888082504272e-02 3.328721225261688232e-02 3.597364202141761780e-02 8.266083151102066040e-02 6.857933942228555679e-03 4.334355518221855164e-02 5.291639640927314758e-02 2.696249634027481079e-03 3.257233276963233948e-02 2.094954624772071838e-02 1.983026601374149323e-02 1.049911752343177795e-01 1.791719347238540649e-02 9.113516658544540405e-02 1.353605557233095169e-02 6.083117425441741943e-02 3.137848526239395142e-02 6.043898407369852066e-03 4.089500382542610168e-02 4.621020052582025528e-03 4.495135694742202759e-02 1.317575201392173767e-02 3.444379940629005432e-02 3.687177971005439758e-02 5.931406281888484955e-03 2.371117100119590759e-02 6.676625460386276245e-02 7.063782960176467896e-02 2.895722351968288422e-02 1.023384332656860352e-01 3.056907095015048981e-02 5.775483325123786926e-02 2.121525816619396210e-02 5.507493019104003906e-02 2.899200841784477234e-02 3.948593884706497192e-02 8.788075065240263939e-04 2.335136989131569862e-03 7.746845018118619919e-03 5.246799439191818237e-02 2.746822871267795563e-02 5.930520221590995789e-02 3.359043598175048828e-02 6.857416592538356781e-03 7.576739042997360229e-02 8.522020280361175537e-02 3.341924399137496948e-02 4.995840415358543396e-02 1.196407992392778397e-02 2.470159903168678284e-02 1.591180264949798584e-02 5.055669322609901428e-02 2.407533675432205200e-02 4.666536115109920502e-03 1.236263569444417953e-02 6.309653818607330322e-02 2.255344204604625702e-02 6.005594506859779358e-02 5.535499751567840576e-02 2.840932086110115051e-02 6.404113024473190308e-02 5.034533515572547913e-02 2.452324330806732178e-02 1.933564990758895874e-02 1.041990611702203751e-02 4.240076988935470581e-02 2.654599770903587341e-02 9.563827887177467346e-03 8.093508332967758179e-02 9.725075215101242065e-03 7.256717234849929810e-02 3.568020462989807129e-02 1.445925142616033554e-02 4.274899885058403015e-02 4.755751043558120728e-02 4.891476035118103027e-02 3.985577076673507690e-02 5.645094439387321472e-02 2.489637397229671478e-02 3.582805395126342773e-02 3.520187363028526306e-02 1.205481030046939850e-02 4.779974929988384247e-03 2.778337895870208740e-02 4.146558046340942383e-02 1.505179330706596375e-02 8.299000561237335205e-03 2.104392834007740021e-02 3.209928795695304871e-02 4.521376267075538635e-02 2.510493062436580658e-02 3.715835139155387878e-02 6.203283742070198059e-02 1.534261158667504787e-03 2.987788990139961243e-02 2.176293730735778809e-02 1.430238224565982819e-02 3.857151791453361511e-02 3.972165286540985107e-02 2.233240008354187012e-02 1.244504097849130630e-02 1.129883341491222382e-02 1.880972273647785187e-02 6.697854259982705116e-04 4.176908172667026520e-03 2.773897349834442139e-02 4.434713721275329590e-02 5.775794759392738342e-02 5.277855787426233292e-03 2.944157086312770844e-02 4.455106332898139954e-02 5.976879969239234924e-02 4.998750984668731689e-02 2.681682072579860687e-02 6.109913811087608337e-03 2.770689316093921661e-04
3.321066033095121384e-03 8.148709684610366821e-02 5.665711313486099243e-02 6.694016605615615845e-02 2.970807813107967377e-02 1.402782648801803589e-01 1.302133351564407349e-01 3.064998425543308258e-02 2.820803970098495483e-02 4.581741988658905029e-02 1.998237818479537964e-01 1.791719347238540649e-02 1.241603195667266846e-01 5.117625370621681213e-02 6.381012499332427979e-02 5.325637385249137878e-02 5.151865538209676743e-03 5.135618522763252258e-02 1.160578057169914246e-01 4.018456116318702698e-02 1.791591756045818329e-02 5.302906036376953125e-03 3.565637767314910889e-02 5.066671408712863922e-03 2.852498553693294525e-02 5.948846414685249329e-02 4.449930042028427124e-02 4.282910376787185669e-03 1.878915727138519287e-02 3.406404331326484680e-02 3.156370669603347778e-02 9.840810298919677734e-02 1.672402257099747658e-03 6.269144266843795776e-02 6.643231958150863647e-02 6.414917111396789551e-02 3.415521001443266869e-03 1.596594229340553284e-02 9.442108869552612305e-02 3.979387134313583374e-02 1.189027167856693268e-02 4.966108873486518860e-02 5.453571677207946777e-02 7.017863541841506958e-02 7.345065474510192871e-02 1.039510965347290039e-02 1.247935742139816284e-01 3.896211460232734680e-02 7.014627009630203247e-02 4.194322973489761353e-02 2.548478543758392334e-02 3.670000657439231873e-02 2.345751784741878510e-02 3.391401842236518860e-02 4.165520146489143372e-02 6.057215481996536255e-02 1.979926787316799164e-02 6.983830593526363373e-03 6.854062527418136597e-02 7.786376029253005981e-02 2.829441986978054047e-02 4.825270175933837891e-02 6.707511097192764282e-02 8.060678094625473022e-02 1.300948262214660645e-01 1.414180845022201538e-01 1.927154697477817535e-02 7.990079931914806366e-03 1.907968707382678986e-02 7.392171770334243774e-02 5.213076714426279068e-03 1.796993613243103027e-02 1.070587057620286942e-02 6.224967911839485168e-02 6.823054701089859009e-02 7.174363825470209122e-03 3.543776273727416992e-02 3.953139297664165497e-03 5.480962246656417847e-02 4.650051519274711609e-02 1.640564016997814178e-02 6.895178556442260742e-02 6.251648068428039551e-02 8.692494034767150879e-02 2.874959493055939674e-03 8.688112348318099976e-02 3.298928961157798767e-02 2.997207082808017731e-02 5.778428167104721069e-02 2.961716055870056152e-02 3.886557742953300476e-02 2.152497321367263794e-02 3.696282207965850830e-02 3.375629335641860962e-02 2.120515517890453339e-02 2.574661746621131897e-02 2.712602727115154266e-02 4.621871188282966614e-02 6.316354125738143921e-02 6.011978164315223694e-02 5.604564398527145386e-02 4.751993715763092041e-02 4.638208821415901184e-02 2.073592133820056915e-02 1.459753606468439102e-02 1.888285391032695770e-03 1.738231070339679718e-02 1.223500259220600128e-02 2.235667593777179718e-02 4.101593792438507080e-02 7.190088182687759399e-02 5.279632657766342163e-02 1.044532097876071930e-02 1.150773465633392334e-02 5.355915799736976624e-02 1.741106063127517700e-02
