1.048399209976196289e-01 2.898648679256439209e-01 1.671563461422920227e-02 9.790764749050140381e-02 1.855332218110561371e-02 5.816506594419479370e-02 3.391383588314056396e-02 8.094263076782226562e-02 1.258858386427164078e-02 4.269129037857055664e-02 1.506864726543426514e-01 6.321395747363567352e-03 1.052351817488670349e-01 3.114276379346847534e-02 1.532485615462064743e-02 6.435223668813705444e-02 6.241301447153091431e-02 3.883806988596916199e-02 4.614824056625366211e-02 6.568822264671325684e-02 5.932890251278877258e-02 1.020456477999687195e-02 3.709413344040513039e-03 1.038828399032354355e-02 5.611179396510124207e-03 1.628678292036056519e-02 2.894390560686588287e-02 9.863573312759399414e-02 1.835691276937723160e-03 9.036009199917316437e-03 4.506120830774307251e-02 4.561734199523925781e-02 3.944157436490058899e-02 2.057013101875782013e-02 4.335235431790351868e-02 1.471990160644054413e-02 2.961512655019760132e-02 1.393324043601751328e-02 9.072504192590713501e-02 4.900716990232467651e-02 6.012993305921554565e-02 1.812752336263656616e-02 2.215545997023582458e-02 2.571860328316688538e-03 3.942065313458442688e-02 4.647637531161308289e-02 7.109941542148590088e-02 5.637819692492485046e-02 4.489131271839141846e-02 5.899067223072052002e-02 6.970286369323730469e-02 6.952740252017974854e-02 4.159106314182281494e-02 5.325222015380859375e-02 2.924651466310024261e-02 1.321371924132108688e-02 5.797895416617393494e-02 1.024228753522038460e-03 2.670332789421081543e-02 1.919769868254661560e-02 4.142733290791511536e-02 7.951164618134498596e-03 4.217791929841041565e-02 2.084163762629032135e-02 1.768435724079608917e-02 3.675886616110801697e-02 1.726189255714416504e-02 1.820175349712371826e-02 3.619489818811416626e-02 2.052965015172958374e-02 5.085467919707298279e-02 5.388980358839035034e-02 6.406605243682861328e-02 6.076337024569511414e-02 3.223149478435516357e-02 5.547836795449256897e-02 4.571525752544403076e-02 7.139663398265838623e-02 4.072790220379829407e-02 5.473892204463481903e-03 6.329151242971420288e-02 1.715914160013198853e-02 2.878225594758987427e-02 2.355426177382469177e-02 7.849491387605667114e-02 2.681398391723632812e-02 1.803950034081935883e-02 4.741644859313964844e-02 5.516149476170539856e-02 5.760627612471580505e-02 7.537292689085006714e-02 5.434481427073478699e-02 2.776485309004783630e-02 7.041489705443382263e-03 7.196795940399169922e-02 1.282349228858947754e-02 6.678612530231475830e-02 8.611519634723663330e-02 1.036003977060317993e-02 2.486784756183624268e-02 1.090532052330672741e-03 1.617447845637798309e-02 3.371832519769668579e-02 3.754384443163871765e-02 3.584786504507064819e-02 2.100162673741579056e-03 5.824187304824590683e-03 5.936237052083015442e-02 1.233290042728185654e-02 6.523152440786361694e-02 1.795288361608982086e-02 1.173525303602218628e-02 2.493831329047679901e-02 2.233131602406501770e-02 1.841793768107891083e-02 7.889077067375183105e-03
2.898648679256439209e-01 7.642445713281631470e-02 1.108413934707641602e-02 2.065590582787990570e-02 3.294062567874789238e-03 2.114884369075298309e-02 3.656186535954475403e-02 8.664883673191070557e-02 2.136222552508115768e-03 1.556128170341253281e-02 1.044366434216499329e-01 1.926997792907059193e-03 1.121922135353088379e-01 2.642338164150714874e-02 1.003454774618148804e-01 5.309694632887840271e-02 6.289059668779373169e-02 1.916824467480182648e-02 3.853865340352058411e-02 2.595272846519947052e-02 3.923343122005462646e-02 3.771349042654037476e-02 9.659809060394763947e-03 1.569366641342639923e-02 1.459849439561367035e-02 3.043086454272270203e-02 2.066984400153160095e-02 1.037602275609970093e-01 7.822927087545394897e-03 5.062965676188468933e-02 1.778034679591655731e-02 2.430861815810203552e-02 9.772017598152160645e-03 1.512543577700853348e-02 3.124917298555374146e-02 7.914463989436626434e-03 6.798126548528671265e-02 1.307503320276737213e-02 3.618097305297851562e-02 5.100823473185300827e-03 5.959552712738513947e-03 2.607736922800540924e-02 7.839599624276161194e-03 2.123705297708511353e-02 4.334747046232223511e-02 2.106944657862186432e-02 4.271002486348152161e-02 9.859658777713775635e-03 7.477529812604188919e-03 2.395132370293140411e-02 2.644913457334041595e-02 2.051284909248352051e-02 1.440512295812368393e-02 5.098114535212516785e-02 3.827451542019844055e-02 1.830379851162433624e-02 3.377097100019454956e-02 4.073863849043846130e-02 4.072034265846014023e-03 9.457712993025779724e-03 4.728801921010017395e-02 1.546188816428184509e-02 1.586722210049629211e-02 4.260960966348648071e-02 3.152058459818363190e-03 8.257602341473102570e-03 3.329533152282238007e-03 1.363912131637334824e-02 3.682240471243858337e-02 3.182222694158554077e-02 3.571500303223729134e-03 3.140878304839134216e-02 1.412755902856588364e-02 4.372101742774248123e-03 5.363377928733825684e-02 1.280011516064405441e-02 2.741840295493602753e-02 3.032267652451992035e-02 2.490670420229434967e-02 3.769691335037350655e-03 3.109477926045656204e-03 4.611056298017501831e-02 3.871709480881690979e-02 1.421811431646347046e-02 8.340802788734436035e-02 3.202801104635000229e-03 4.133110120892524719e-02 2.367388457059860229e-02 7.161424029618501663e-03 1.008060853928327560e-02 8.443109691143035889e-03 5.571352783590555191e-03 5.099491775035858154e-02 4.525695368647575378e-02 9.624876827001571655e-02 1.904989965260028839e-02 1.786847785115242004e-02 7.939029484987258911e-03 7.611040771007537842e-02 5.824189260601997375e-02 6.108807399868965149e-03 3.530558897182345390e-04 4.387130902614444494e-04 1.145704835653305054e-02 1.987312361598014832e-02 2.524165436625480652e-02 2.038823813199996948e-02 1.450830977410078049e-02 2.458385936915874481e-02 1.343541778624057770e-02 8.715055882930755615e-03 2.550689131021499634e-02 1.101423427462577820e-02 2.241684682667255402e-02 2.629924379289150238e-02 3.676535561680793762e-02
1.671563461422920227e-02 1.108413934707641602e-02 3.652602806687355042e-02 2.213130705058574677e-02 5.696661025285720825e-02 1.080672666430473328e-01 6.915434449911117554e-02 1.287480145692825317e-01 2.494762092828750610e-02 4.004887118935585022e-02 4.109606612473726273e-03 3.496420755982398987e-02 1.361540891230106354e-02 4.080631583929061890e-02 8.135997503995895386e-02 1.883823540993034840e-03 1.906838454306125641e-02 2.813447825610637665e-02 5.954828485846519470e-02 6.583981961011886597e-02 6.789838522672653198e-02 5.517266690731048584e-02 2.410730114206671715e-03 4.302502423524856567e-02 9.951823391020298004e-03 1.793777942657470703e-02 5.130843818187713623e-02 7.203546911478042603e-02 1.511729788035154343e-03 2.265000715851783752e-02 3.157700970768928528e-02 2.000284753739833832e-02 3.872956382110714912e-03 3.151176869869232178e-02 6.310810148715972900e-02 3.288269415497779846e-02 4.143597930669784546e-02 1.978589408099651337e-02 4.522355645895004272e-02 4.551747441291809082e-02 1.147623406723141670e-03 1.730435760691761971e-03 1.377240568399429321e-02 8.043484389781951904e-02 5.332919955253601074e-02 9.571312926709651947e-03 6.504943221807479858e-02 7.808120548725128174e-02 4.278039932250976562e-02 3.201239928603172302e-02 1.828257180750370026e-02 2.304019220173358917e-02 4.157157242298126221e-02 1.331206317991018295e-02 5.463733151555061340e-02 6.445392221212387085e-02 6.446901708841323853e-02 4.203316941857337952e-02 4.071733728051185608e-02 1.909933052957057953e-02 9.331103414297103882e-03 9.764580056071281433e-03 1.330175697803497314e-01 4.546264931559562683e-02 3.871233388781547546e-02 5.283285304903984070e-02 3.794467076659202576e-03 1.381747703999280930e-02 1.242842152714729309e-02 8.652376011013984680e-03 5.427566170692443848e-02 2.374847792088985443e-02 6.889165192842483521e-02 3.972125798463821411e-02 2.766249887645244598e-02 1.076369918882846832e-02 3.154069185256958008e-02 4.681275226175785065e-03 8.780187636148184538e-05 2.129293419420719147e-02 1.545666754245758057e-01 7.704706490039825439e-02 2.509842067956924438e-02 8.561268448829650879e-03 5.107394605875015259e-02 5.744093097746372223e-03 4.667940363287925720e-02 1.931123784743249416e-03 3.476212173700332642e-02 9.387664496898651123e-03 2.066904678940773010e-02 3.616543114185333252e-02 9.823910146951675415e-02 1.251179724931716919e-02 1.936809532344341278e-02 1.364974770694971085e-02 3.221314027905464172e-02 6.224010139703750610e-03 5.107168108224868774e-02 4.429681599140167236e-02 2.971056662499904633e-02 4.234307259321212769e-02 1.736102811992168427e-02 1.568728685379028320e-02 8.981770277023315430e-02 4.407329112291336060e-02 7.340208161622285843e-03 4.595541208982467651e-02 3.705406934022903442e-02 9.366166777908802032e-03 3.670503944158554077e-02 4.228129610419273376e-02 5.187034234404563904e-02 3.854775056242942810e-02 3.672813251614570618e-02 2.389591932296752930e-02
9.790764749050140381e-02 2.065590582787990570e-02 2.213130705058574677e-02 1.080435067415237427e-01 1.340933740139007568e-01 5.024082586169242859e-02 5.683217197656631470e-02 4.583722352981567383e-02 1.070645451545715332e-02 4.676470905542373657e-02 3.789839148521423340e-02 8.400961011648178101e-02 3.919182345271110535e-02 1.881200224161148071e-01 3.403408452868461609e-02 1.264639198780059814e-03 3.710777685046195984e-02 2.269149012863636017e-02 1.283578388392925262e-02 4.744254052639007568e-02 3.965239226818084717e-02 1.268343254923820496e-02 2.013077959418296814e-02 5.747750774025917053e-02 1.956792548298835754e-02 2.722346410155296326e-02 1.743419654667377472e-02 8.896315842866897583e-02 4.182672873139381409e-02 2.290215343236923218e-02 2.383893541991710663e-02 5.905579775571823120e-02 1.257784664630889893e-01 7.141117006540298462e-02 9.175803512334823608e-02 1.024765986949205399e-02 4.165511578321456909e-02 3.526750579476356506e-02 4.605616256594657898e-02 6.556084007024765015e-02 8.270400017499923706e-02 1.114222686737775803e-02 2.038661390542984009e-02 3.747050464153289795e-02 6.862916052341461182e-02 3.516168519854545593e-02 2.881775423884391785e-02 1.671398058533668518e-02 1.644898392260074615e-02 2.957082353532314301e-02 1.624817401170730591e-02 2.260345965623855591e-02 4.024596139788627625e-02 3.667920362204313278e-03 1.685092970728874207e-02 6.189032644033432007e-02 7.388110458850860596e-02 2.888295426964759827e-02 1.228107791393995285e-02 2.172800898551940918e-02 2.550483308732509613e-02 5.926652252674102783e-02 1.464965492486953735e-01 4.306866973638534546e-02 8.286376297473907471e-02 3.131149336695671082e-02 1.827815175056457520e-02 4.652754869312047958e-03 4.297583177685737610e-02 2.306592091917991638e-02 5.419428646564483643e-02 7.172993570566177368e-02 2.045113295316696167e-01 1.032837629318237305e-01 5.845841486006975174e-03 2.901763096451759338e-02 2.607508748769760132e-02 6.668357551097869873e-02 2.062322758138179779e-02 5.554613098502159119e-02 2.716813795268535614e-02 6.231136247515678406e-02 9.114570915699005127e-02 5.548104271292686462e-02 2.178028970956802368e-02 3.287659585475921631e-02 8.965595625340938568e-03 3.474330157041549683e-02 1.051810160279273987e-01 5.511566251516342163e-02 3.935145679861307144e-03 5.507864989340305328e-03 4.558482766151428223e-02 4.892893880605697632e-02 2.803963050246238708e-02 4.307769984006881714e-02 3.990187868475914001e-02 3.337321104481816292e-03 1.305442769080400467e-02 1.739906845614314079e-03 8.847344666719436646e-03 5.113938823342323303e-04 1.706087030470371246e-02 5.721835419535636902e-02 7.292049378156661987e-02 5.934366211295127869e-02 3.337824344635009766e-02 1.126231551170349121e-01 5.696354899555444717e-03 2.935761027038097382e-02 1.690065115690231323e-02 6.135803461074829102e-02 1.283515337854623795e-02 1.768861082382500172e-03 2.190775796771049500e-02 2.014344930648803711e-02
1.855332218110561371e-02 3.294062567874789238e-03 5.696661025285720825e-02 1.340933740139007568e-01 1.558156870305538177e-02 2.857761085033416748e-02 2.472246298566460609e-03 6.541823502629995346e-03 2.445750869810581207e-02 5.432654917240142822e-02 3.826837986707687378e-02 5.807333439588546753e-02 1.849702792242169380e-03 3.744130581617355347e-02 8.491480723023414612e-03 4.167898371815681458e-02 2.983346208930015564e-02 1.451462507247924805e-02 5.232069175690412521e-03 9.793151915073394775e-02 3.252344578504562378e-02 1.933198072947561741e-03 2.315686829388141632e-02 8.556240238249301910e-03 9.992227889597415924e-03 2.390705794095993042e-02 9.604927897453308105e-02 8.855054620653390884e-04 2.439037151634693146e-02 2.173976041376590729e-02 1.128733530640602112e-02 7.626796141266822815e-03 1.051821932196617126e-02 9.348493814468383789e-02 2.939595282077789307e-02 1.331446878612041473e-02 6.029163300991058350e-02 8.788854628801345825e-02 7.694394327700138092e-03 2.566606923937797546e-02 2.219298481941223145e-02 5.120694264769554138e-02 3.447127714753150940e-02 7.483833003789186478e-03 6.585797294974327087e-03 1.791329309344291687e-02 3.907600417733192444e-02 1.724612340331077576e-02 4.630022123456001282e-02 2.332549169659614563e-02 3.740179166197776794e-02 2.957763522863388062e-02 6.326328217983245850e-02 1.031778380274772644e-01 3.640298917889595032e-02 6.004418246448040009e-03 6.415922939777374268e-02 1.621133834123611450e-02 2.809324674308300018e-02 2.918724529445171356e-02 1.829290762543678284e-02 1.742309704422950745e-02 1.076701208949089050e-01 2.821699529886245728e-02 4.770542494952678680e-03 1.860201731324195862e-02 4.596852138638496399e-02 3.866044059395790100e-02 5.003795772790908813e-02 2.291423827409744263e-02 3.289227187633514404e-02 1.112664304673671722e-02 3.886502981185913086e-02 3.231253474950790405e-02 1.318029314279556274e-01 2.488024532794952393e-02 6.634958833456039429e-02 4.887790605425834656e-02 7.181345671415328979e-02 7.381707429885864258e-02 3.981679677963256836e-02 1.481095794588327408e-02 1.304076053202152252e-02 1.267143641598522663e-03 1.698583737015724182e-02 1.110891578719019890e-03 5.634168907999992371e-02 2.702662535011768341e-02 6.380996853113174438e-02 1.080885231494903564e-01 5.508922971785068512e-03 5.260790511965751648e-02 7.038248004391789436e-04 9.773572906851768494e-03 2.705506235361099243e-02 5.100589990615844727e-02 2.650054637342691422e-03 4.808056354522705078e-02 4.918102174997329712e-02 1.214544661343097687e-02 2.335158362984657288e-02 2.194180153310298920e-02 1.997412368655204773e-02 4.977128282189369202e-02 4.871748015284538269e-02 4.212294891476631165e-02 1.610793918371200562e-02 3.487222269177436829e-02 2.954746410250663757e-02 4.565652087330818176e-02 2.638677880167961121e-02 3.677712008357048035e-02 1.902349293231964111e-03 1.421023719012737274e-02 5.838420474901795387e-04 2.293221093714237213e-02
5.816506594419479370e-02 2.114884369075298309e-02 1.080672666430473328e-01 5.024082586169242859e-02 2.857761085033416748e-02 1.419354379177093506e-01 1.127982288599014282e-01 2.413552440702915192e-02 4.402918741106987000e-03 2.707808278501033783e-02 3.662658855319023132e-02 9.032098948955535889e-02 7.278702408075332642e-02 2.889565750956535339e-02 2.778761461377143860e-02 9.179483167827129364e-03 5.790918692946434021e-02 2.454938134178519249e-03 2.181259170174598694e-02 1.430486422032117844e-02 9.615066461265087128e-03 3.603862971067428589e-02 8.447144180536270142e-03 4.206585884094238281e-02 3.229676559567451477e-02 3.400024026632308960e-02 2.524033375084400177e-02 5.163848027586936951e-02 5.522669292986392975e-03 3.155234456062316895e-02 1.565749198198318481e-02 5.808047577738761902e-02 4.575218260288238525e-02 6.886035948991775513e-02 3.054345026612281799e-02 3.081474080681800842e-02 5.012276396155357361e-02 2.379177324473857880e-02 8.499585674144327641e-04 1.043428760021924973e-02 3.319319337606430054e-02 4.770574718713760376e-02 4.561485722661018372e-02 3.571565821766853333e-02 3.398232907056808472e-02 1.945473812520503998e-02 1.005540713667869568e-01 5.444687232375144958e-02 4.022614657878875732e-02 2.356298081576824188e-02 3.643795475363731384e-02 1.958317309617996216e-02 3.496383503079414368e-02 2.399574778974056244e-02 3.125205263495445251e-02 4.585215821862220764e-02 1.813905686140060425e-02 5.604347959160804749e-02 2.194566652178764343e-02 3.263482823967933655e-02 4.694229923188686371e-03 2.162310481071472168e-02 1.384826004505157471e-01 3.943659365177154541e-02 1.184534747153520584e-03 5.438699945807456970e-02 1.261499337852001190e-02 1.032408559694886208e-03 1.170157082378864288e-02 4.507607780396938324e-03 6.414227187633514404e-03 2.247143350541591644e-02 1.356494054198265076e-02 9.733929298818111420e-03 5.436313222162425518e-04 3.496751561760902405e-02 3.850879147648811340e-02 2.736813202500343323e-02 2.551915682852268219e-02 4.374901950359344482e-02 2.005962282419204712e-02 1.067372132092714310e-02 1.827478781342506409e-02 1.216789428144693375e-02 1.065882854163646698e-02 1.072548516094684601e-02 4.145510867238044739e-02 3.994463011622428894e-02 1.677868887782096863e-02 6.376564502716064453e-02 3.217554092407226562e-02 2.848814800381660461e-02 2.571025490760803223e-02 4.663362633436918259e-03 1.903324387967586517e-02 1.771450601518154144e-02 1.169115956872701645e-02 1.719618029892444611e-02 3.613835573196411133e-02 4.559032991528511047e-02 4.747527092695236206e-02 3.780320286750793457e-02 3.311290219426155090e-02 1.225358340889215469e-02 1.473834458738565445e-02 1.746097928844392300e-03 6.424511224031448364e-02 2.064609155058860779e-02 8.145552873611450195e-02 2.565671876072883606e-02 3.334540501236915588e-02 2.525980956852436066e-02 2.119330875575542450e-02 2.814561687409877777e-02 3.174505755305290222e-02 2.570695802569389343e-02
3.391383588314056396e-02 3.656186535954475403e-02 6.915434449911117554e-02 5.683217197656631470e-02 2.472246298566460609e-03 1.127982288599014282e-01 1.440830230712890625e-01 2.979292720556259155e-02 9.265866130590438843e-03 2.771697752177715302e-02 3.327099233865737915e-02 1.111785620450973511e-01 7.931267842650413513e-03 9.865665435791015625e-02 6.826393306255340576e-02 1.869580522179603577e-02 1.338630449026823044e-02 1.842109113931655884e-02 1.802422292530536652e-02 3.020466677844524384e-02 2.172984741628170013e-02 1.131240930408239365e-02 1.572470925748348236e-02 1.448093634098768234e-02 2.153443545103073120e-02 2.439046092331409454e-02 6.422556936740875244e-03 2.366637438535690308e-02 8.239181479439139366e-04 3.962419182062149048e-02 1.380295958369970322e-02 4.214971512556076050e-02 6.627238355576992035e-03 4.496607184410095215e-02 2.582550980150699615e-03 6.723809987306594849e-02 8.012723177671432495e-02 1.961244270205497742e-02 5.800463259220123291e-03 2.871201932430267334e-02 1.108111906796693802e-02 3.742775693535804749e-02 4.514615982770919800e-02 6.642787717282772064e-03 6.040133163332939148e-02 9.010773152112960815e-03 4.584876820445060730e-02 1.168602034449577332e-01 3.081330284476280212e-02 1.968809403479099274e-02 5.354831740260124207e-02 3.539302200078964233e-02 3.093548305332660675e-02 2.860529907047748566e-02 1.612368784844875336e-02 4.212403669953346252e-02 2.000568993389606476e-02 4.138817265629768372e-02 3.445403650403022766e-02 3.599570319056510925e-02 2.176131121814250946e-02 7.248896174132823944e-03 4.174025356769561768e-02 3.222645074129104614e-02 2.084757201373577118e-02 6.004929915070533752e-02 2.264717966318130493e-02 1.276522292755544186e-03 2.289364859461784363e-02 1.361337304115295410e-02 2.293008752167224884e-02 1.692483760416507721e-02 4.648600891232490540e-02 5.854951217770576477e-03 1.508590765297412872e-02 1.110412180423736572e-02 1.854524575173854828e-02 9.027286432683467865e-03 2.639877051115036011e-02 3.571529686450958252e-02 3.906082361936569214e-03 1.777366921305656433e-02 1.697367615997791290e-02 1.884341426193714142e-02 2.194845728809013963e-04 5.333987064659595490e-03 2.119778189808130264e-03 3.233354166150093079e-02 3.896896168589591980e-02 7.026883959770202637e-02 1.343010645359754562e-02 2.275521680712699890e-02 9.782304614782333374e-02 4.133525490760803223e-02 2.682571858167648315e-02 1.814997382462024689e-02 1.575161935761570930e-03 7.075025700032711029e-03 1.639073155820369720e-02 3.131384775042533875e-02 2.642634138464927673e-02 2.980548702180385590e-02 3.178492933511734009e-02 2.224374376237392426e-02 1.192142069339752197e-02 1.760100014507770538e-02 6.493592262268066406e-02 1.148630050010979176e-03 7.525637000799179077e-02 1.238182536326348782e-03 2.979174023494124413e-03 2.506329305469989777e-02 3.107060492038726807e-02 2.140058204531669617e-02 2.692028507590293884e-02 6.089002359658479691e-03
8.094263076782226562e-02 8.664883673191070557e-02 1.287480145692825317e-01 4.583722352981567383e-02 6.541823502629995346e-03 2.413552440702915192e-02 2.979292720556259155e-02 6.250332295894622803e-02 3.523306176066398621e-02 1.183252315968275070e-02 3.515634313225746155e-02 2.492155507206916809e-02 5.402937158942222595e-02 4.274293035268783569e-02 9.169811010360717773e-02 4.834473505616188049e-02 1.442425418645143509e-02 4.040216654539108276e-02 2.386255562305450439e-02 6.703270971775054932e-02 5.240577459335327148e-02 4.658204689621925354e-02 7.985711097717285156e-03 1.354244817048311234e-02 9.162946604192256927e-03 9.229097515344619751e-03 2.745163440704345703e-02 1.325916592031717300e-02 2.085669711232185364e-02 6.205326877534389496e-03 3.449639305472373962e-02 2.761135436594486237e-02 3.979206457734107971e-02 7.519903127104043961e-03 1.586505956947803497e-02 4.702985286712646484e-02 2.146936021745204926e-03 4.788589105010032654e-02 4.098807275295257568e-02 4.759982973337173462e-02 3.706637769937515259e-02 2.371059497818350792e-03 3.877002280205488205e-03 2.762952446937561035e-02 4.837208613753318787e-02 2.300220727920532227e-02 4.161259159445762634e-02 1.886698417365550995e-03 3.339432179927825928e-02 1.764948852360248566e-02 1.436179503798484802e-02 1.306295953691005707e-02 1.433770288713276386e-03 2.914126962423324585e-02 5.298841744661331177e-03 1.610770076513290405e-02 5.982239171862602234e-02 6.555750966072082520e-02 9.402091056108474731e-02 4.728157073259353638e-02 6.881655193865299225e-03 3.137005120515823364e-02 3.264819039031863213e-03 4.501086473464965820e-02 1.032464858144521713e-02 1.373642496764659882e-02 3.453104943037033081e-02 2.096005715429782867e-02 3.962262719869613647e-02 3.523655608296394348e-02 8.784837089478969574e-03 4.148442670702934265e-02 1.808836124837398529e-02 5.347967147827148438e-02 2.632116526365280151e-02 4.848580807447433472e-02 1.091679744422435760e-02 1.122303232550621033e-01 6.314567476511001587e-02 3.429283201694488525e-02 3.748671337962150574e-02 1.590953618288040161e-01 1.392548345029354095e-02 3.329098597168922424e-02 1.677583716809749603e-02 1.427162252366542816e-02 1.904096901416778564e-01 1.047880128026008606e-01 2.008492872118949890e-02 1.035682018846273422e-02 9.418280795216560364e-03 2.022257447242736816e-02 4.489841312170028687e-02 5.785669386386871338e-02 2.115522138774394989e-02 4.801235720515251160e-02 4.182001948356628418e-02 2.964091254398226738e-03 3.110140375792980194e-02 1.145268417894840240e-02 9.600539924576878548e-04 1.685558818280696869e-02 4.858830943703651428e-02 2.218464855104684830e-03 6.496641039848327637e-02 9.889703243970870972e-03 1.903327764011919498e-03 7.678384333848953247e-02 1.295345928519964218e-02 2.422725223004817963e-02 3.221130371093750000e-02 3.883428871631622314e-02 1.169020659290254116e-03 1.263312343508005142e-02 2.907964959740638733e-02 2.587556280195713043e-02
1.258858386427164078e-02 2.136222552508115768e-03 2.494762092828750610e-02 1.070645451545715332e-02 2.445750869810581207e-02 4.402918741106987000e-03 9.265866130590438843e-03 3.523306176066398621e-02 1.581256538629531860e-01 7.488112151622772217e-02 2.969362214207649231e-02 1.001884564757347107e-01 3.073577955365180969e-02 4.109304398298263550e-02 6.199621781706809998e-02 2.801605500280857086e-02 2.318605966866016388e-02 4.662448540329933167e-02 2.064481563866138458e-02 1.308700535446405411e-02 3.403188660740852356e-02 4.637947678565979004e-02 2.138664759695529938e-02 1.780473627150058746e-02 3.482193499803543091e-02 2.895767427980899811e-02 3.083821013569831848e-02 3.506750613451004028e-02 2.966718375682830811e-02 1.378632802516222000e-02 1.040180865675210953e-02 4.805280361324548721e-03 4.366799816489219666e-02 6.586026400327682495e-02 1.440841425210237503e-02 3.769025951623916626e-02 1.639772951602935791e-02 4.994890466332435608e-02 5.063205212354660034e-02 3.023385442793369293e-02 3.668870031833648682e-02 7.240789011120796204e-03 3.940555732697248459e-03 8.142455480992794037e-03 6.646586954593658447e-02 3.337642550468444824e-02 5.822883918881416321e-03 1.435465965187177062e-04 4.284293204545974731e-02 2.947515062987804413e-02 8.233945700339972973e-04 9.238920174539089203e-03 2.277277596294879913e-02 6.377614568918943405e-03 7.563083618879318237e-02 6.096683815121650696e-02 5.273145809769630432e-02 2.202088944613933563e-03 2.880988642573356628e-02 2.639925666153430939e-02 6.058803573250770569e-02 3.786802664399147034e-02 6.317390501499176025e-02 3.871749341487884521e-02 3.380892565473914146e-03 2.033318020403385162e-02 3.747953847050666809e-02 5.359331890940666199e-02 8.422857522964477539e-02 3.174670413136482239e-02 2.079361584037542343e-03 5.589554831385612488e-02 3.340769931674003601e-02 3.877852857112884521e-02 5.983491614460945129e-02 4.350517690181732178e-02 1.221231520175933838e-01 1.295028347522020340e-02 1.017744839191436768e-01 4.821212217211723328e-02 2.460135379806160927e-03 2.921208180487155914e-02 2.974990382790565491e-02 2.065366599708795547e-03 2.376119606196880341e-02 1.220765523612499237e-02 1.964470185339450836e-02 3.313794964924454689e-03 1.204380672425031662e-02 2.217978611588478088e-02 1.404760405421257019e-02 2.091623097658157349e-02 5.628006532788276672e-03 1.560283079743385315e-02 9.115298278629779816e-03 3.155030682682991028e-02 3.483403474092483521e-02 7.495107501745223999e-02 1.701922854408621788e-03 7.610435131937265396e-04 1.850560680031776428e-02 5.762558430433273315e-03 3.917935863137245178e-02 6.972620729357004166e-03 2.358970977365970612e-02 1.017315126955509186e-02 3.165280073881149292e-02 5.519359558820724487e-02 1.130849961191415787e-02 1.278551295399665833e-02 6.412442307919263840e-03 3.278560191392898560e-02 2.935056947171688080e-02 4.604274407029151917e-02 1.275627687573432922e-02 1.439933944493532181e-02
4.269129037857055664e-02 1.556128170341253281e-02 4.004887118935585022e-02 4.676470905542373657e-02 5.432654917240142822e-02 2.707808278501033783e-02 2.771697752177715302e-02 1.183252315968275070e-02 7.488112151622772217e-02 1.592098772525787354e-01 9.784998837858438492e-04 6.463940441608428955e-02 6.932536140084266663e-03 3.034489415585994720e-02 6.835366785526275635e-02 1.103206165134906769e-02 5.633357167243957520e-02 5.707438569515943527e-03 2.868408896028995514e-02 3.448939183726906776e-03 2.508528716862201691e-02 5.776456370949745178e-02 2.635328285396099091e-02 6.800184398889541626e-02 2.738859504461288452e-02 4.542927257716655731e-03 1.466837711632251740e-02 9.531301259994506836e-02 3.007708862423896790e-02 1.085751224309206009e-02 4.242775961756706238e-02 8.068877272307872772e-03 1.973100006580352783e-02 2.640143781900405884e-02 1.292710658162832260e-02 4.500299692153930664e-02 2.722286432981491089e-02 4.220048710703849792e-02 2.211136557161808014e-02 6.272852420806884766e-02 6.407107226550579071e-03 7.320419419556856155e-03 1.163921132683753967e-02 5.863326787948608398e-02 1.072926539927721024e-02 2.258451841771602631e-02 3.491353616118431091e-02 5.349454656243324280e-02 2.890773490071296692e-02 9.769373387098312378e-02 1.548216864466667175e-02 3.043576609343290329e-03 3.723837062716484070e-02 9.962154552340507507e-03 3.058665990829467773e-02 5.771554633975028992e-02 2.033628709614276886e-02 3.615232929587364197e-02 2.409585751593112946e-02 3.588838502764701843e-02 6.392400711774826050e-03 7.013570517301559448e-02 8.536251261830329895e-03 3.853382170200347900e-02 2.571715228259563446e-02 1.949206553399562836e-02 3.170749545097351074e-02 2.483469061553478241e-02 1.744196377694606781e-02 4.096688702702522278e-02 7.111605256795883179e-02 7.708328193984925747e-04 6.998006999492645264e-02 4.303536191582679749e-02 2.852090075612068176e-02 1.951599307358264923e-02 2.258066460490226746e-02 9.426881372928619385e-02 3.899648785591125488e-02 2.094518095254898071e-01 1.394474692642688751e-02 6.182091683149337769e-02 2.055549807846546173e-02 1.009211316704750061e-01 1.670915260910987854e-02 1.169797107577323914e-01 5.506441742181777954e-02 1.302706543356180191e-02 5.342893302440643311e-02 1.870158612728118896e-01 3.133104369044303894e-02 3.881201893091201782e-02 5.892545357346534729e-02 5.000408273190259933e-03 8.941806107759475708e-02 3.012835234403610229e-02 9.045453369617462158e-02 4.144499823451042175e-02 3.447509929537773132e-02 4.329448193311691284e-02 1.976029761135578156e-02 2.939211437478661537e-03 4.426628351211547852e-02 3.406708128750324249e-03 1.143076829612255096e-02 2.625352144241333008e-02 2.898293174803256989e-02 2.187442779541015625e-02 1.112238503992557526e-02 3.834215551614761353e-02 1.397351361811161041e-02 1.746780425310134888e-02 2.071656286716461182e-02 1.034722663462162018e-02 3.071774914860725403e-02 2.634598501026630402e-02
1.506864726543426514e-01 1.044366434216499329e-01 4.109606612473726273e-03 3.789839148521423340e-02 3.826837986707687378e-02 3.662658855319023132e-02 3.327099233865737915e-02 3.515634313225746155e-02 2.969362214207649231e-02 9.784998837858438492e-04 1.090750768780708313e-01 1.792313158512115479e-02 1.444971263408660889e-01 4.168039187788963318e-02 4.274222254753112793e-02 4.350226745009422302e-02 3.058728203177452087e-02 1.677751354873180389e-02 3.630241751670837402e-02 8.366021327674388885e-03 1.280648633837699890e-03 2.567430725321173668e-03 5.227906629443168640e-02 1.585970818996429443e-02 8.927617222070693970e-03 8.709086105227470398e-04 2.837631292641162872e-02 3.199629113078117371e-02 1.025669351220130920e-01 3.544650599360466003e-02 5.550426244735717773e-02 2.416790090501308441e-02 1.264974754303693771e-02 6.959812249988317490e-03 3.382433578372001648e-02 4.155062604695558548e-03 1.068113371729850769e-02 9.841626510024070740e-03 1.496632307862455491e-06 6.547133903950452805e-03 3.128650784492492676e-02 1.814724691212177277e-02 4.545298591256141663e-02 8.660425245761871338e-02 3.276801481842994690e-02 5.511937197297811508e-03 4.553772136569023132e-02 7.106583565473556519e-02 3.865457326173782349e-02 1.469908864237368107e-03 3.414100036025047302e-02 2.609940245747566223e-02 4.473794624209403992e-02 3.715009987354278564e-02 1.035186462104320526e-02 3.783822804689407349e-02 1.198851875960826874e-02 8.388657006435096264e-04 2.578860847279429436e-03 2.360627613961696625e-02 1.023936364799737930e-02 4.638549406081438065e-03 1.896686479449272156e-02 5.800196155905723572e-02 9.820115566253662109e-02 8.071918785572052002e-02 1.284740399569272995e-02 1.736319251358509064e-02 6.528217345476150513e-02 2.078683674335479736e-02 6.731861829757690430e-02 1.882238313555717468e-02 1.295843347907066345e-02 1.045065559446811676e-02 1.356802415102720261e-02 2.256283909082412720e-02 6.949659902602434158e-03 3.655034303665161133e-02 6.475338712334632874e-03 1.446544844657182693e-02 4.196207597851753235e-02 1.110181026160717010e-02 4.178925231099128723e-02 3.485014196485280991e-03 2.788090147078037262e-03 4.249315708875656128e-02 5.251115188002586365e-02 5.308126285672187805e-02 2.486789971590042114e-02 7.819462567567825317e-02 5.238426476716995239e-02 1.654680236242711544e-03 8.388794213533401489e-02 6.451028585433959961e-02 7.000528275966644287e-02 1.351246028207242489e-03 3.367847949266433716e-02 3.010041080415248871e-02 3.894151374697685242e-02 5.404038354754447937e-02 2.464355714619159698e-02 2.852548845112323761e-02 3.192217275500297546e-02 1.040213406085968018e-01 4.424206912517547607e-03 4.210864007472991943e-02 1.746637746691703796e-02 2.342141233384609222e-02 6.015578284859657288e-02 1.597880758345127106e-02 2.378916600719094276e-03 2.819690667092800140e-02 1.102838013321161270e-02 1.278656255453824997e-02 3.595995903015136719e-02 2.173247747123241425e-02
6.321395747363567352e-03 1.926997792907059193e-03 3.496420755982398987e-02 8.400961011648178101e-02 5.807333439588546753e-02 9.032098948955535889e-02 1.111785620450973511e-01 2.492155507206916809e-02 1.001884564757347107e-01 6.463940441608428955e-02 1.792313158512115479e-02 1.239800006151199341e-01 4.592642560601234436e-02 3.853626847267150879e-01 1.725512184202671051e-02 7.045458257198333740e-02 6.389830261468887329e-02 6.912932544946670532e-02 2.235740050673484802e-02 1.219171378761529922e-02 1.770241186022758484e-02 4.786876589059829712e-02 8.934712409973144531e-02 2.319756709039211273e-02 4.306069761514663696e-02 3.943555429577827454e-02 3.096244297921657562e-02 9.084533900022506714e-02 6.372740864753723145e-02 1.002746671438217163e-01 6.032181158661842346e-02 2.596004866063594818e-02 2.608777768909931183e-02 8.535410277545452118e-03 1.763160899281501770e-02 2.193418517708778381e-02 4.116852208971977234e-02 3.237988427281379700e-02 1.498876884579658508e-02 8.461448363959789276e-03 9.184082038700580597e-03 2.160634472966194153e-02 2.651688456535339355e-02 4.432706162333488464e-02 1.191259473562240601e-01 3.540880978107452393e-02 4.828514996916055679e-03 6.138351559638977051e-02 5.797753855586051941e-02 3.761234926059842110e-03 3.376848250627517700e-02 3.899638354778289795e-02 1.306252554059028625e-02 7.038744632154703140e-03 5.159880500286817551e-03 5.840945616364479065e-02 7.857222110033035278e-02 1.430325955152511597e-01 4.253023490309715271e-02 1.976766251027584076e-02 1.599032804369926453e-02 4.096864536404609680e-02 2.859370782971382141e-02 4.971642792224884033e-02 5.089973285794258118e-02 1.160323806107044220e-02 3.424435108900070190e-02 1.782716065645217896e-02 3.323912620544433594e-02 2.981631085276603699e-02 3.618382290005683899e-02 3.154059872031211853e-02 1.077260822057723999e-01 5.982296913862228394e-02 8.165556192398071289e-02 1.145804673433303833e-02 1.245336458086967468e-01 1.346080750226974487e-01 6.818700581789016724e-02 6.882780790328979492e-02 9.159734845161437988e-02 3.717445954680442810e-02 6.219597160816192627e-02 3.655109787359833717e-03 8.548498153686523438e-03 3.892737999558448792e-02 2.273828163743019104e-02 1.967383548617362976e-02 2.799347788095474243e-02 2.498751878738403320e-02 4.759844020009040833e-02 5.124126095324754715e-03 4.334521666169166565e-02 3.930366039276123047e-02 4.721149057149887085e-02 2.552849613130092621e-02 6.969481706619262695e-02 3.699120879173278809e-02 3.610182181000709534e-02 1.448898669332265854e-02 9.335168637335300446e-03 3.309600427746772766e-02 2.457949332892894745e-03 3.261913778260350227e-03 3.387772291898727417e-02 3.397904336452484131e-02 2.721050754189491272e-03 7.525545358657836914e-02 4.303914308547973633e-02 3.109296597540378571e-02 1.372573710978031158e-02 3.605033829808235168e-02 4.657539352774620056e-02 3.396774455904960632e-02 3.220029547810554504e-02 3.616851195693016052e-02
1.052351817488670349e-01 1.121922135353088379e-01 1.361540891230106354e-02 3.919182345271110535e-02 1.849702792242169380e-03 7.278702408075332642e-02 7.931267842650413513e-03 5.402937158942222595e-02 3.073577955365180969e-02 6.932536140084266663e-03 1.444971263408660889e-01 4.592642560601234436e-02 1.056855469942092896e-01 4.827957600355148315e-02 2.743120118975639343e-02 4.623056203126907349e-02 5.366589128971099854e-02 5.198067054152488708e-03 4.034786298871040344e-02 1.023913547396659851e-02 1.695049926638603210e-02 1.200624480843544006e-01 2.778247557580471039e-02 1.278965937672182918e-04 9.073073044419288635e-03 2.572781639173626900e-03 8.152485825121402740e-03 5.699388682842254639e-02 5.880245193839073181e-02 2.419009990990161896e-02 7.887402176856994629e-02 3.392859548330307007e-02 7.181172724813222885e-03 4.462729766964912415e-02 4.314198717474937439e-02 4.554069135338068008e-03 3.667876496911048889e-02 2.681374363601207733e-02 2.620279602706432343e-02 6.656205281615257263e-03 1.058429945260286331e-02 2.549205906689167023e-03 3.954166918992996216e-02 1.829688623547554016e-02 3.222201392054557800e-02 3.331171721220016479e-02 9.216342121362686157e-02 3.429588302969932556e-02 1.103009656071662903e-02 1.830099150538444519e-02 1.162184774875640869e-02 5.763399414718151093e-03 1.667599380016326904e-02 2.809761092066764832e-02 2.116390503942966461e-02 1.004948397167026997e-03 3.432641038671135902e-03 3.778665512800216675e-02 2.635690383613109589e-02 4.163894802331924438e-02 1.284412201493978500e-02 1.323175057768821716e-02 8.299924433231353760e-03 6.231419369578361511e-02 2.697707526385784149e-02 9.003091603517532349e-02 3.211804479360580444e-02 3.016437962651252747e-02 5.584971979260444641e-02 9.772280231118202209e-03 4.224394634366035461e-02 2.403759025037288666e-02 5.098297819495201111e-02 1.309549808502197266e-02 5.590088665485382080e-02 2.192806079983711243e-02 6.525042466819286346e-03 1.238242629915475845e-02 3.159356489777565002e-02 1.766908913850784302e-02 2.536352165043354034e-02 4.124771431088447571e-02 3.552583232522010803e-02 5.886277556419372559e-02 2.142942324280738831e-02 3.432625159621238708e-02 6.681238114833831787e-02 7.680334895849227905e-02 5.395397171378135681e-02 8.710291236639022827e-02 4.500201717019081116e-02 4.136276897042989731e-03 2.262575086206197739e-03 2.175068110227584839e-02 1.363579276949167252e-02 2.936576865613460541e-02 3.666884731501340866e-03 2.496210485696792603e-02 9.697088040411472321e-03 1.352034602314233780e-02 4.432125762104988098e-02 6.089135422371327877e-04 3.008831851184368134e-02 1.137727964669466019e-02 5.565719306468963623e-02 4.578474164009094238e-02 8.768216357566416264e-04 1.180007494986057281e-02 6.811586674302816391e-03 1.730703748762607574e-02 4.449812322854995728e-02 1.249959319829940796e-02 2.958961948752403259e-02 6.460824981331825256e-03 2.526691742241382599e-02 1.066659484058618546e-02
