4.634775593876838684e-02 1.249898523092269897e-01 2.397354505956172943e-02 4.716465622186660767e-02 6.019835174083709717e-02 1.086245998740196228e-01 6.455301493406295776e-02 2.540982328355312347e-02 2.332132495939731598e-02 1.863119564950466156e-02 1.275232434272766113e-01 6.708645075559616089e-02 8.025959879159927368e-02 4.261508956551551819e-02 3.656584396958351135e-02 1.516254246234893799e-02 1.829975843429565430e-02 7.539484649896621704e-02 2.096127904951572418e-02 5.477854050695896149e-03 2.312820637598633766e-03 6.205672770738601685e-02 4.794334061443805695e-03 1.217494718730449677e-02 4.106299206614494324e-02 1.437089499086141586e-02 3.496052324771881104e-02 1.724857254885137081e-03 1.547992415726184845e-02 2.306958893314003944e-03 2.100208401679992676e-02 4.869033116847276688e-03 2.177265472710132599e-02 2.056270465254783630e-02 5.699594039469957352e-03 1.950173452496528625e-02 8.046625182032585144e-03 6.471305340528488159e-02 7.855968922376632690e-02 3.467410802841186523e-02 5.971484258770942688e-02 3.383611887693405151e-02 2.147515863180160522e-02 4.008793085813522339e-02 4.577727243304252625e-02 3.026557900011539459e-02 3.681607171893119812e-02 4.761042073369026184e-02 1.660710014402866364e-02 2.753881178796291351e-02 1.984521001577377319e-02 3.172069264110177755e-04 2.002152241766452789e-02 1.301957108080387115e-02 6.058755330741405487e-03 3.158874064683914185e-02 2.589685097336769104e-02 1.040508411824703217e-02 3.652420267462730408e-02 1.644616597332060337e-03 3.372502326965332031e-02 2.091342955827713013e-02 3.669222444295883179e-02 1.279472932219505310e-02 3.143094852566719055e-02 1.731983758509159088e-02 2.011674689128994942e-03 2.284899383084848523e-04 1.965892501175403595e-02 3.273678198456764221e-02 1.249780878424644470e-02 7.995429448783397675e-03 4.040681943297386169e-02 1.593452412635087967e-03 9.881497360765933990e-03 2.487649582326412201e-02 2.247176133096218109e-02 2.961242385208606720e-02 3.406887501478195190e-02 3.187590464949607849e-02 3.726405277848243713e-02 2.153184637427330017e-02 1.852285861968994141e-02 1.704234816133975983e-02 3.301318734884262085e-02 5.578512325882911682e-03 3.919744491577148438e-02 8.803204633295536041e-03 2.183387987315654755e-02 2.423857524991035461e-02 3.675414994359016418e-02 6.347273290157318115e-02 1.129717566072940826e-02 2.824695780873298645e-03 3.607437945902347565e-03 1.860615983605384827e-02 7.070817053318023682e-02 2.213110588490962982e-02 1.360064931213855743e-02 2.773945033550262451e-02 6.326186936348676682e-03 6.182860117405653000e-03 5.118734389543533325e-02 3.129778429865837097e-02 3.802366182208061218e-02 4.183401912450790405e-02 1.616198569536209106e-02 4.704102873802185059e-02 1.259723771363496780e-02 3.432590514421463013e-02 2.414786489680409431e-03 3.305473923683166504e-02 4.105477407574653625e-02 1.564211957156658173e-02 4.942032042890787125e-03 1.030131708830595016e-02
1.249898523092269897e-01 4.961138591170310974e-02 2.944534085690975189e-02 2.821665024384856224e-03 5.688663106411695480e-03 8.760023117065429688e-02 8.512211591005325317e-02 2.103654481470584869e-02 1.485160738229751587e-02 7.238867692649364471e-03 7.277632504701614380e-02 3.900186344981193542e-02 1.302174627780914307e-01 5.124063044786453247e-02 6.143622472882270813e-02 7.731858640909194946e-03 2.596951089799404144e-02 5.294531211256980896e-02 3.710831329226493835e-02 4.835322499275207520e-02 4.943785606883466244e-04 5.151451751589775085e-02 9.566372027620673180e-04 3.510089823976159096e-03 3.141968324780464172e-02 3.353601496201008558e-04 2.462026290595531464e-02 3.147312253713607788e-02 6.418532878160476685e-02 3.044073097407817841e-02 2.870904840528964996e-02 1.306656282395124435e-02 9.990987367928028107e-03 8.859490044414997101e-03 3.683574032038450241e-03 6.834387779235839844e-02 4.278871044516563416e-02 2.596825547516345978e-02 4.732672125101089478e-02 2.323822304606437683e-02 7.910597324371337891e-02 3.315727785229682922e-02 1.736951060593128204e-02 2.134189940989017487e-02 1.180407241918146610e-03 1.975204236805438995e-02 1.222975784912705421e-03 6.288608908653259277e-02 2.279435843229293823e-02 1.740787737071514130e-02 8.047747425734996796e-03 1.028637308627367020e-02 5.988219380378723145e-02 1.973627880215644836e-02 2.587463473901152611e-03 4.115714691579341888e-03 1.147573534399271011e-02 2.050814218819141388e-02 4.587181285023689270e-02 4.196450486779212952e-02 4.739496856927871704e-03 2.219560556113719940e-02 4.088939726352691650e-02 3.664502128958702087e-02 2.807750832289457321e-03 8.864213712513446808e-03 2.748302929103374481e-02 1.378072891384363174e-02 3.992202877998352051e-02 6.634703371673822403e-03 5.145276337862014771e-02 2.555042132735252380e-02 2.478638105094432831e-02 3.803301602602005005e-02 3.172448277473449707e-02 1.251136977225542068e-02 1.847837003879249096e-03 4.051314666867256165e-02 1.620487682521343231e-02 1.519823726266622543e-02 6.460274010896682739e-02 2.618072321638464928e-03 3.640743345022201538e-02 3.286033496260643005e-02 4.107199609279632568e-03 2.639339677989482880e-02 1.285977941006422043e-02 3.671411052346229553e-02 6.748902052640914917e-02 2.216655202209949493e-02 9.007751010358333588e-03 2.824472822248935699e-02 2.751390635967254639e-02 2.718841843307018280e-02 1.408663578331470490e-02 5.657254718244075775e-03 4.274218156933784485e-02 3.795064613223075867e-02 2.336567826569080353e-02 1.203945721499621868e-03 1.266197022050619125e-02 1.258431468158960342e-02 7.933421060442924500e-03 1.014894153922796249e-02 4.345124587416648865e-02 3.832691162824630737e-02 5.767241585999727249e-03 6.993884593248367310e-02 2.960710600018501282e-02 4.376546666026115417e-02 3.216295270249247551e-03 4.459657892584800720e-02 1.396910659968852997e-02 4.815490543842315674e-02 4.711882770061492920e-02 4.237719997763633728e-02
2.397354505956172943e-02 2.944534085690975189e-02 3.683344926685094833e-03 2.331740921363234520e-03 2.336949482560157776e-02 1.934723742306232452e-02 4.881139472126960754e-02 1.375113725662231445e-01 2.703955397009849548e-02 4.435871541500091553e-02 5.443517863750457764e-02 3.028722712770104408e-03 3.609462082386016846e-02 1.420807559043169022e-02 2.104010060429573059e-02 4.555965773761272430e-03 1.685168966650962830e-02 2.177666313946247101e-02 3.050118125975131989e-02 2.578714303672313690e-02 1.913735456764698029e-02 5.220525711774826050e-02 1.478341687470674515e-02 7.175702601671218872e-03 4.320654273033142090e-02 3.278852254152297974e-02 2.601757645606994629e-02 2.027851156890392303e-02 5.162271205335855484e-03 2.234851568937301636e-02 2.591213397681713104e-02 5.833147442899644375e-04 5.213706567883491516e-02 5.043577868491411209e-03 3.395120427012443542e-02 1.957643590867519379e-02 1.172573566436767578e-01 2.294116280972957611e-02 3.509925678372383118e-02 3.676651045680046082e-02 3.312677517533302307e-02 1.443281769752502441e-02 5.431023240089416504e-02 1.757699297741055489e-03 7.432635873556137085e-02 7.733595557510852814e-03 2.860259264707565308e-02 4.397116601467132568e-02 2.396718226373195648e-02 2.017237059772014618e-02 2.355895563960075378e-02 1.927549019455909729e-02 1.182391941547393799e-01 1.495690178126096725e-02 1.023820787668228149e-02 8.318898268043994904e-03 2.447092346847057343e-02 3.317185491323471069e-02 4.187433421611785889e-02 5.871230363845825195e-02 6.101455539464950562e-03 8.555446751415729523e-03 4.735036566853523254e-02 2.221046015620231628e-02 5.498069338500499725e-03 1.399300177581608295e-03 9.061393211595714092e-05 3.142077103257179260e-02 6.226358818821609020e-04 3.003555722534656525e-02 1.290888059884309769e-02 7.370503619313240051e-03 1.089313346892595291e-02 1.147527620196342468e-02 1.991162262856960297e-02 1.996463164687156677e-02 1.338626816868782043e-02 1.865723170340061188e-02 6.202999502420425415e-02 5.692886933684349060e-02 1.718683093786239624e-01 2.935390770435333252e-01 2.945726271718740463e-03 8.326371759176254272e-02 2.780429460108280182e-02 9.404364973306655884e-03 3.834370290860533714e-03 8.334290981292724609e-02 2.148601412773132324e-02 6.215896829962730408e-02 9.491270780563354492e-02 7.326382398605346680e-02 6.967515219002962112e-03 5.609007924795150757e-02 4.074083641171455383e-03 2.745460160076618195e-02 1.650297828018665314e-02 2.221462130546569824e-02 1.462293136864900589e-02 1.057373359799385071e-02 4.127914458513259888e-02 3.483924642205238342e-02 7.962694019079208374e-02 5.984098091721534729e-02 7.218958437442779541e-02 2.161283791065216064e-02 2.482961304485797882e-02 4.792086035013198853e-02 2.405403926968574524e-02 1.518756709992885590e-02 6.500179320573806763e-02 9.550324641168117523e-03 1.630174368619918823e-02 3.580622002482414246e-02 1.518016943009570241e-04 3.253711014986038208e-02
4.716465622186660767e-02 2.821665024384856224e-03 2.331740921363234520e-03 4.808585345745086670e-02 2.695264816284179688e-01 4.514988139271736145e-02 1.767414622008800507e-02 9.385666809976100922e-03 6.580035388469696045e-02 5.608291365206241608e-03 3.821438923478126526e-02 6.832246202975511551e-03 9.539837948977947235e-03 7.669450342655181885e-02 1.930458820424973965e-04 3.977474570274353027e-02 2.919706283137202263e-03 5.498384684324264526e-02 2.137018181383609772e-02 3.742322092875838280e-03 2.728057838976383209e-02 5.668631196022033691e-02 2.168332412838935852e-02 5.992630124092102051e-02 4.328169301152229309e-02 1.602535322308540344e-02 3.568338975310325623e-02 6.367121636867523193e-02 4.727834835648536682e-03 4.287334904074668884e-02 8.118061232380568981e-04 2.348050475120544434e-03 7.230234146118164062e-02 3.442463930696249008e-03 1.980897597968578339e-02 3.773054853081703186e-02 2.291047200560569763e-02 3.290232643485069275e-02 1.870252490043640137e-01 2.914624661207199097e-02 2.070151083171367645e-02 2.747886441648006439e-02 4.364725202322006226e-02 2.274060994386672974e-02 2.068013884127140045e-02 5.093633010983467102e-02 2.906749490648508072e-03 2.883226238191127777e-02 7.492796052247285843e-03 2.669443376362323761e-02 6.942583620548248291e-02 1.180139835923910141e-02 1.302648428827524185e-02 2.887566946446895599e-02 4.382203146815299988e-02 8.122898638248443604e-03 5.166300758719444275e-02 8.064256608486175537e-02 2.176482602953910828e-02 1.218977570533752441e-02 5.431219190359115601e-02 5.487920250743627548e-03 1.484221220016479492e-01 1.007184237241744995e-01 1.719248481094837189e-02 9.282369166612625122e-03 9.358081035315990448e-03 2.020058967173099518e-02 1.266210433095693588e-02 1.988779939711093903e-02 7.703401148319244385e-02 4.412374645471572876e-02 1.419655382633209229e-01 4.811536520719528198e-03 6.360899657011032104e-02 5.494143441319465637e-02 3.023407654836773872e-03 8.442450314760208130e-03 2.866241848096251488e-03 8.090119808912277222e-03 1.940677128732204437e-02 2.375631779432296753e-02 5.854085832834243774e-02 2.671456523239612579e-02 5.850715935230255127e-02 9.355844557285308838e-02 1.542748510837554932e-02 1.941636949777603149e-02 6.239578500390052795e-02 1.064165309071540833e-02 1.955447345972061157e-02 1.124398130923509598e-02 4.007804393768310547e-02 5.147628486156463623e-02 3.845982626080513000e-02 6.079863291233778000e-03 3.654482960700988770e-02 1.369570661336183548e-02 7.461901754140853882e-02 2.809004858136177063e-02 3.918100614100694656e-03 1.603735424578189850e-02 1.709932275116443634e-02 3.710068389773368835e-02 6.275966018438339233e-02 5.207059159874916077e-02 6.227023527026176453e-02 9.439510852098464966e-02 1.707376912236213684e-02 3.437172994017601013e-02 3.476567566394805908e-02 3.962332382798194885e-02 2.909122034907341003e-02 3.114364482462406158e-02 7.474304176867008209e-03 3.932152688503265381e-02
6.019835174083709717e-02 5.688663106411695480e-03 2.336949482560157776e-02 2.695264816284179688e-01 6.088493764400482178e-02 3.870514407753944397e-02 5.943261086940765381e-03 3.898303955793380737e-02 4.516169428825378418e-02 1.949552819132804871e-02 1.699942164123058319e-02 9.610461443662643433e-02 1.311083324253559113e-02 6.190569698810577393e-02 8.742365054786205292e-03 3.014151565730571747e-02 6.398764438927173615e-03 2.819616161286830902e-02 4.562379047274589539e-02 3.461149334907531738e-02 2.410874329507350922e-02 6.911896169185638428e-02 3.250655531883239746e-02 3.701867908239364624e-02 1.559940259903669357e-02 9.734998457133769989e-03 8.606065995991230011e-03 7.419792562723159790e-02 3.376586828380823135e-03 9.164169430732727051e-02 7.665505167096853256e-03 6.105231121182441711e-03 8.870322257280349731e-03 2.619064413011074066e-02 1.296274270862340927e-02 2.301317639648914337e-02 5.740232020616531372e-02 3.639712929725646973e-02 5.477750673890113831e-02 2.449450045824050903e-01 2.092609740793704987e-02 7.959294132888317108e-03 1.458515692502260208e-02 4.331059008836746216e-02 2.707011997699737549e-02 1.575736887753009796e-02 1.419360470026731491e-02 1.535469107329845428e-02 4.683171585202217102e-02 3.444445552304387093e-03 8.736009150743484497e-02 3.075820766389369965e-02 5.003276467323303223e-02 2.123755775392055511e-02 4.740557074546813965e-02 5.498805083334445953e-03 4.448411986231803894e-02 1.032990962266921997e-02 2.749642170965671539e-02 3.962331637740135193e-02 3.099551424384117126e-02 5.859738215804100037e-02 1.327234804630279541e-01 1.539617776870727539e-01 1.361413858830928802e-02 1.610639691352844238e-02 2.471568994224071503e-02 5.939046293497085571e-02 6.727772951126098633e-02 3.921769931912422180e-02 4.246835038065910339e-02 5.045236274600028992e-02 4.073806479573249817e-02 4.301834106445312500e-02 9.253667294979095459e-02 2.406571619212627411e-02 3.796028718352317810e-02 2.997138351202011108e-02 4.069190844893455505e-02 6.010528281331062317e-02 3.084983490407466888e-02 1.122272945940494537e-02 5.030528455972671509e-02 1.904544532299041748e-01 1.704625040292739868e-02 4.466844722628593445e-02 3.652827581390738487e-03 5.270165391266345978e-03 5.465091392397880554e-02 4.844414442777633667e-02 1.367088127881288528e-02 3.948858007788658142e-02 1.397891249507665634e-02 3.125604242086410522e-02 6.033731624484062195e-02 7.360707968473434448e-02 3.583294572308659554e-03 5.496063828468322754e-02 1.948840729892253876e-02 2.482333965599536896e-02 2.936932072043418884e-02 5.233745276927947998e-02 2.626013942062854767e-02 4.385813325643539429e-02 2.382135391235351562e-02 2.733048610389232635e-02 7.418015599250793457e-02 1.050095781683921814e-01 2.314768731594085693e-02 1.156480237841606140e-01 2.585220709443092346e-02 3.179615363478660583e-02 6.017665565013885498e-02 6.222970318049192429e-03 1.406906079500913620e-02 3.044316545128822327e-02
1.086245998740196228e-01 8.760023117065429688e-02 1.934723742306232452e-02 4.514988139271736145e-02 3.870514407753944397e-02 5.077350512146949768e-02 1.414121240377426147e-01 2.225703001022338867e-02 3.132272884249687195e-02 3.897172585129737854e-02 9.298256039619445801e-02 1.312205046415328979e-01 8.300329744815826416e-02 1.612029075622558594e-01 2.722717449069023132e-02 2.600272372364997864e-02 4.765769094228744507e-02 4.532395396381616592e-03 4.568682238459587097e-02 1.813732646405696869e-02 5.084431916475296021e-02 4.707699269056320190e-02 1.971120387315750122e-02 3.204870223999023438e-02 1.801079884171485901e-02 6.133516319096088409e-03 3.009183518588542938e-02 8.470565825700759888e-02 7.174577564001083374e-02 7.210312783718109131e-02 3.524099709466099739e-03 1.968107745051383972e-02 2.852304838597774506e-03 2.074430137872695923e-02 1.156238000839948654e-02 9.580552577972412109e-03 5.057508498430252075e-02 3.442434594035148621e-02 8.204793930053710938e-02 1.608629524707794189e-02 1.255970261991024017e-02 1.321212388575077057e-02 2.095376141369342804e-02 2.702760323882102966e-02 3.475706093013286591e-03 5.681237950921058655e-02 5.617222189903259277e-02 7.272347062826156616e-02 1.958347856998443604e-03 1.753680035471916199e-02 3.069685958325862885e-02 2.394452877342700958e-02 2.004767023026943207e-02 3.903165832161903381e-02 7.995982654392719269e-03 3.522910177707672119e-02 5.413992330431938171e-03 4.135915637016296387e-02 9.947945363819599152e-03 5.460408516228199005e-03 2.293311990797519684e-03 1.601491868495941162e-02 2.290986664593219757e-02 2.901952899992465973e-02 4.242287203669548035e-02 4.815067723393440247e-02 3.312353044748306274e-02 1.565774530172348022e-02 8.333496749401092529e-03 3.450905159115791321e-02 2.557139843702316284e-03 5.153485387563705444e-02 3.260066360235214233e-02 1.832890696823596954e-02 5.629008635878562927e-02 3.846083581447601318e-02 3.058274462819099426e-02 6.813440006226301193e-03 1.707381755113601685e-02 8.577897213399410248e-03 3.686292562633752823e-03 2.896142192184925079e-02 3.595097362995147705e-02 5.884764832444489002e-04 3.363513574004173279e-02 9.844321757555007935e-03 4.217477515339851379e-02 6.117441132664680481e-02 3.071631863713264465e-02 3.954092040657997131e-02 1.352246943861246109e-02 7.257258892059326172e-02 3.620630502700805664e-02 5.199535749852657318e-03 4.331961274147033691e-03 4.289337620139122009e-02 7.048763334751129150e-02 1.245726644992828369e-02 1.773646660149097443e-02 1.865286938846111298e-02 5.716774612665176392e-03 6.152732297778129578e-03 1.606971584260463715e-02 5.856462940573692322e-02 1.750073395669460297e-02 4.148573428392410278e-02 1.299643516540527344e-02 3.883249359205365181e-03 1.814046502113342285e-02 4.206664487719535828e-02 3.452761843800544739e-02 4.518317058682441711e-02 6.137400399893522263e-03 1.037334464490413666e-02 1.837610639631748199e-02 4.302782192826271057e-02
6.455301493406295776e-02 8.512211591005325317e-02 4.881139472126960754e-02 1.767414622008800507e-02 5.943261086940765381e-03 1.414121240377426147e-01 4.326130077242851257e-02 1.484822761267423630e-02 1.605370640754699707e-02 5.483906343579292297e-02 5.277283489704132080e-02 7.530028466135263443e-03 5.649588629603385925e-02 1.180832237005233765e-01 2.187764272093772888e-02 4.598289728164672852e-03 4.431574419140815735e-02 3.950564563274383545e-02 1.781515218317508698e-02 2.282313443720340729e-02 2.485736832022666931e-02 5.828696116805076599e-02 3.518843278288841248e-02 5.399632453918457031e-02 1.567182503640651703e-02 2.014380134642124176e-02 2.546810358762741089e-02 3.956905379891395569e-02 4.868539795279502869e-02 5.272169783711433411e-02 1.289786382585589308e-06 2.333884872496128082e-02 1.749231852591037750e-02 1.641809009015560150e-02 3.822482004761695862e-02 2.176115289330482483e-02 1.375401578843593597e-02 3.057455457746982574e-02 8.212095499038696289e-02 3.315185429528355598e-03 2.480011666193604469e-03 4.544132947921752930e-02 1.241181325167417526e-02 3.444955497980117798e-02 1.059122965671122074e-03 3.578112646937370300e-02 2.715727128088474274e-02 8.926718682050704956e-02 2.945416606962680817e-02 1.518271025270223618e-02 3.709990158677101135e-02 5.115550756454467773e-02 3.014218993484973907e-02 5.139755830168724060e-02 7.730580866336822510e-03 1.482004020363092422e-02 1.238049357198178768e-03 4.958307370543479919e-03 8.299520704895257950e-04 1.114872563630342484e-02 1.417003758251667023e-02 1.691096834838390350e-02 2.722803317010402679e-02 1.326239667832851410e-02 1.320888381451368332e-02 2.562280185520648956e-02 3.348338231444358826e-02 1.780575327575206757e-02 3.792204006458632648e-05 3.542655706405639648e-02 1.449051685631275177e-02 3.668753430247306824e-02 1.101970113813877106e-02 1.854420825839042664e-02 5.542959272861480713e-02 2.561821602284908295e-02 4.801994189620018005e-02 4.566330835223197937e-02 2.372378483414649963e-02 5.822090432047843933e-02 1.339283213019371033e-02 2.113180980086326599e-02 4.846533387899398804e-02 3.227221593260765076e-02 1.288590487092733383e-02 2.013154141604900360e-02 5.349651351571083069e-02 3.943557292222976685e-02 1.842423714697360992e-02 7.643585093319416046e-03 5.227460339665412903e-02 4.471985250711441040e-02 1.125681679695844650e-02 9.684021584689617157e-03 2.900987304747104645e-02 4.440555348992347717e-03 4.017486795783042908e-02 5.502567160874605179e-03 2.016661502420902252e-02 1.419339678250253201e-03 8.670803159475326538e-03 1.312847994267940521e-02 3.949016705155372620e-02 3.940857201814651489e-02 5.843258928507566452e-03 5.234474688768386841e-02 8.065448142588138580e-03 1.524641062133014202e-03 9.331061504781246185e-03 5.499261617660522461e-02 1.196196582168340683e-02 1.324464846402406693e-02 5.291163176298141479e-02 6.644530594348907471e-02 2.890950813889503479e-02 1.158774644136428833e-02
2.540982328355312347e-02 2.103654481470584869e-02 1.375113725662231445e-01 9.385666809976100922e-03 3.898303955793380737e-02 2.225703001022338867e-02 1.484822761267423630e-02 2.183934114873409271e-02 3.023284114897251129e-02 2.947828359901905060e-02 3.987452760338783264e-02 3.380366414785385132e-02 5.170690640807151794e-02 3.494317829608917236e-02 1.739217638969421387e-01 1.725060679018497467e-02 2.170171961188316345e-02 6.683101505041122437e-02 4.593506082892417908e-02 1.849333010613918304e-02 2.249614149332046509e-02 2.225840091705322266e-02 4.606998991221189499e-04 2.651648782193660736e-02 2.265335991978645325e-02 2.209323272109031677e-02 4.080981388688087463e-02 2.915522269904613495e-02 2.200263924896717072e-02 2.371749281883239746e-02 6.435865070670843124e-03 1.612995564937591553e-02 1.935778558254241943e-02 1.098845852538943291e-03 2.757526934146881104e-03 6.076933816075325012e-03 4.033004119992256165e-02 5.981758609414100647e-02 2.991364337503910065e-03 5.850854143500328064e-02 5.481388047337532043e-02 1.772898714989423752e-03 3.266750276088714600e-02 1.311615295708179474e-02 1.394165214151144028e-02 1.119236112572252750e-03 3.775241598486900330e-02 1.731359958648681641e-02 2.785392478108406067e-02 7.753753103315830231e-03 9.753257036209106445e-03 2.264855243265628815e-02 3.402437269687652588e-02 1.070501375943422318e-02 1.666000485420227051e-02 3.266021236777305603e-02 3.304364532232284546e-02 5.202048923820257187e-04 7.677403837442398071e-02 4.814561456441879272e-02 8.170019835233688354e-03 7.278137654066085815e-02 2.021420747041702271e-03 4.317288845777511597e-02 3.634387999773025513e-02 2.157066389918327332e-02 3.359854454174637794e-03 1.340010669082403183e-03 4.927797242999076843e-03 7.292135059833526611e-02 3.678562864661216736e-02 3.380341827869415283e-02 1.295550167560577393e-02 1.192277390509843826e-02 1.117671560496091843e-02 5.306751281023025513e-02 7.643839344382286072e-03 2.255446650087833405e-02 6.823418289422988892e-02 6.315390020608901978e-02 1.878571957349777222e-01 6.662285327911376953e-02 6.197134498506784439e-03 2.355205127969384193e-03 1.493853167630732059e-03 1.177274622023105621e-02 9.707352519035339355e-02 8.573884516954421997e-02 8.007166534662246704e-02 4.182214289903640747e-02 3.846437856554985046e-02 4.829400777816772461e-02 7.834303379058837891e-02 2.490140125155448914e-02 8.225791156291961670e-03 1.865322142839431763e-02 4.563820082694292068e-03 5.566344410181045532e-02 6.390924006700515747e-02 8.257977664470672607e-02 4.975024145096540451e-03 1.010517962276935577e-02 5.331191793084144592e-02 6.695390492677688599e-02 7.092129904776811600e-03 2.999520488083362579e-02 2.901903726160526276e-02 2.599718421697616577e-02 1.126405689865350723e-02 1.662902720272541046e-02 2.199315279722213745e-02 2.491404861211776733e-02 3.138674423098564148e-02 2.534882351756095886e-02 1.039304421283304691e-03 3.564132377505302429e-02
2.332132495939731598e-02 1.485160738229751587e-02 2.703955397009849548e-02 6.580035388469696045e-02 4.516169428825378418e-02 3.132272884249687195e-02 1.605370640754699707e-02 3.023284114897251129e-02 1.484132707118988037e-01 5.563396960496902466e-02 2.079440094530582428e-02 8.830384910106658936e-02 2.292273007333278656e-02 3.459627507254481316e-03 7.987528078956529498e-06 1.022758055478334427e-02 2.988036721944808960e-02 5.827407911419868469e-02 3.437843546271324158e-02 1.066667679697275162e-02 3.887351602315902710e-02 2.612071111798286438e-02 6.907462328672409058e-02 4.590041190385818481e-02 1.013306900858879089e-02 3.537474572658538818e-02 6.205433234572410583e-02 1.946778781712055206e-02 1.404802687466144562e-02 1.151698082685470581e-01 2.018201723694801331e-02 1.726010115817189217e-03 1.446162816137075424e-02 2.997506223618984222e-02 9.789627976715564728e-03 3.022904507815837860e-02 2.233730256557464600e-02 7.185169961303472519e-03 2.666770294308662415e-02 7.613875716924667358e-02 1.858381554484367371e-02 9.823880344629287720e-02 2.063380926847457886e-02 3.467547148466110229e-02 8.355158381164073944e-03 3.439022600650787354e-02 1.384743116796016693e-02 2.353173308074474335e-02 7.157862186431884766e-02 1.084152329713106155e-02 2.926329150795936584e-02 3.550820692908018827e-04 1.519314851611852646e-02 1.251666154712438583e-02 1.046025902032852173e-01 3.923252224922180176e-02 2.047900343313813210e-03 2.631746605038642883e-02 1.030657440423965454e-02 1.375900208950042725e-02 4.653900116682052612e-02 2.258994802832603455e-02 5.454101040959358215e-02 4.046373069286346436e-02 2.381974458694458008e-02 5.923354066908359528e-03 2.080332720652222633e-03 1.712469197809696198e-02 1.044466122984886169e-01 4.387903609313070774e-04 1.497768145054578781e-02 7.199646532535552979e-02 3.666349500417709351e-02 2.931032143533229828e-02 1.044479012489318848e-02 5.570054054260253906e-02 2.382660210132598877e-01 1.779407635331153870e-02 9.928822517395019531e-02 3.714257385581731796e-03 9.071681648492813110e-03 8.058806881308555603e-03 1.029562652111053467e-01 5.063497275114059448e-02 3.789615258574485779e-02 2.861210145056247711e-02 8.527114987373352051e-03 1.341539435088634491e-02 1.797157377004623413e-01 2.441449463367462158e-02 1.156948739662766457e-03 5.405310541391372681e-03 8.129636198282241821e-02 2.272620797157287598e-02 5.050019919872283936e-02 7.350409775972366333e-02 3.200821205973625183e-02 3.067657351493835449e-02 8.590570837259292603e-02 2.230602130293846130e-02 4.540828242897987366e-02 3.972507081925868988e-03 3.968575969338417053e-02 1.936847157776355743e-02 3.490651026368141174e-02 2.142495103180408478e-02 4.270774126052856445e-02 2.933535724878311157e-02 7.966052740812301636e-03 4.900875687599182129e-02 3.896586596965789795e-02 4.296931624412536621e-02 3.241567313671112061e-02 6.428609043359756470e-02 4.507966339588165283e-02 7.366682868450880051e-03
1.863119564950466156e-02 7.238867692649364471e-03 4.435871541500091553e-02 5.608291365206241608e-03 1.949552819132804871e-02 3.897172585129737854e-02 5.483906343579292297e-02 2.947828359901905060e-02 5.563396960496902466e-02 7.231402397155761719e-02 5.315502174198627472e-03 6.561840325593948364e-02 7.327342405915260315e-03 3.384186327457427979e-02 2.342330117244273424e-05 1.498200371861457825e-02 2.567750029265880585e-02 2.103582024574279785e-03 1.045159623026847839e-01 1.101650763303041458e-02 2.729711309075355530e-02 7.553763687610626221e-03 4.393105953931808472e-02 7.102800160646438599e-02 7.802620530128479004e-03 3.222123160958290100e-02 5.116575956344604492e-02 5.639592185616493225e-02 3.045630641281604767e-02 3.331418707966804504e-02 8.802690543234348297e-03 1.503670588135719299e-02 5.262549500912427902e-03 2.514444477856159210e-02 2.876543253660202026e-02 2.038098126649856567e-02 3.495447890600189567e-05 7.342894095927476883e-03 3.462961688637733459e-02 1.613857783377170563e-02 3.009259328246116638e-02 1.168935932219028473e-02 3.263226523995399475e-02 1.460331957787275314e-02 1.176974643021821976e-02 1.196044962853193283e-02 2.746688760817050934e-02 3.727969899773597717e-02 1.598923280835151672e-02 5.538266524672508240e-02 6.274192593991756439e-03 5.274832621216773987e-02 1.713519170880317688e-02 3.623883798718452454e-02 3.555611008778214455e-03 5.615230649709701538e-02 4.240831732749938965e-02 1.332442089915275574e-02 8.726598694920539856e-03 1.428449526429176331e-02 9.098485112190246582e-03 2.708487398922443390e-02 1.848567277193069458e-02 6.499406695365905762e-02 5.976794287562370300e-03 2.761990018188953400e-02 1.441148202866315842e-02 1.939346268773078918e-02 7.543123327195644379e-03 5.352224409580230713e-02 6.926712393760681152e-02 1.551499869674444199e-02 6.971773505210876465e-02 5.744186416268348694e-02 3.133769705891609192e-02 3.551597893238067627e-02 4.784317687153816223e-03 1.359896510839462280e-01 4.989348351955413818e-02 1.190081238746643066e-01 3.527826070785522461e-02 5.695085227489471436e-02 5.714028701186180115e-02 1.055918335914611816e-01 3.103107959032058716e-02 6.720697134733200073e-02 5.526592954993247986e-03 1.675565168261528015e-02 1.345352642238140106e-02 7.532387971878051758e-02 2.319807931780815125e-02 4.672535508871078491e-02 3.313504904508590698e-02 1.726195478113368154e-04 3.082669898867607117e-02 8.249983191490173340e-03 1.780307851731777191e-02 4.180189594626426697e-02 2.365091256797313690e-02 5.822439119219779968e-02 3.766262158751487732e-02 6.602627225220203400e-03 2.730817534029483795e-02 8.363998495042324066e-03 7.996370550245046616e-04 4.048762470483779907e-02 2.398683317005634308e-02 6.905092298984527588e-02 1.264833286404609680e-02 1.716391532681882381e-03 1.227266155183315277e-02 2.260328829288482666e-02 1.041082479059696198e-02 9.459826163947582245e-03 4.667442757636308670e-03 3.040873631834983826e-02
1.275232434272766113e-01 7.277632504701614380e-02 5.443517863750457764e-02 3.821438923478126526e-02 1.699942164123058319e-02 9.298256039619445801e-02 5.277283489704132080e-02 3.987452760338783264e-02 2.079440094530582428e-02 5.315502174198627472e-03 3.364764153957366943e-02 9.108588099479675293e-03 5.716273188591003418e-02 2.241413854062557220e-02 2.969968132674694061e-02 8.771372959017753601e-03 7.861620746552944183e-03 3.450340032577514648e-02 1.318152807652950287e-02 1.844559609889984131e-02 1.548340730369091034e-02 4.060528706759214401e-03 2.055959962308406830e-02 1.861244067549705505e-02 4.548278450965881348e-02 1.764040067791938782e-02 2.676437422633171082e-02 4.209687188267707825e-02 1.753629930317401886e-02 4.456875100731849670e-02 2.182442136108875275e-02 1.687731780111789703e-02 9.092265740036964417e-03 1.274060923606157303e-02 2.545898593962192535e-02 1.507304981350898743e-02 5.028750281780958176e-03 4.450235143303871155e-02 2.222537994384765625e-02 2.384892851114273071e-02 2.411591634154319763e-02 1.936373114585876465e-02 4.427636787295341492e-02 4.501240327954292297e-02 5.387264769524335861e-03 6.265974044799804688e-02 5.200584232807159424e-02 1.595977693796157837e-02 4.351890832185745239e-02 2.045373991131782532e-02 5.158263258635997772e-03 1.264862995594739914e-02 3.835330158472061157e-02 3.168210387229919434e-02 2.149084955453872681e-02 2.159251086413860321e-02 4.643024131655693054e-02 1.596138998866081238e-02 6.005705893039703369e-02 1.525395084172487259e-02 7.619455456733703613e-03 3.361237049102783203e-02 4.935941100120544434e-02 4.706095159053802490e-02 4.422776773571968079e-02 2.906074933707714081e-02 1.015180256217718124e-02 1.123924925923347473e-02 2.781662344932556152e-02 2.500112727284431458e-02 3.814425086602568626e-03 3.186362329870462418e-03 1.690976507961750031e-02 5.713119171559810638e-03 2.285283990204334259e-02 1.937768422067165375e-02 2.707635797560214996e-02 2.168052084743976593e-02 1.606736890971660614e-02 2.054351381957530975e-02 1.277937088161706924e-03 4.698136448860168457e-02 1.987616904079914093e-02 1.986316964030265808e-02 3.258926048874855042e-02 1.407545618712902069e-02 9.143771231174468994e-02 2.791643887758255005e-02 4.521937295794487000e-02 3.158411383628845215e-02 7.274235039949417114e-02 7.989075779914855957e-02 6.842723116278648376e-03 1.860276050865650177e-02 6.533241830766201019e-03 7.960785180330276489e-03 3.523239865899085999e-02 3.424600511789321899e-02 1.805286109447479248e-02 3.703031688928604126e-02 2.178207598626613617e-02 3.041563183069229126e-02 4.575982224196195602e-03 5.053270235657691956e-02 6.243449635803699493e-03 3.135164733976125717e-04 1.543437875807285309e-02 4.793712496757507324e-02 1.150152552872896194e-02 4.005729686468839645e-03 2.935365214943885803e-02 5.329465493559837341e-02 3.489172458648681641e-02 2.917353250086307526e-02 4.193847998976707458e-02 4.056364670395851135e-02
6.708645075559616089e-02 3.900186344981193542e-02 3.028722712770104408e-03 6.832246202975511551e-03 9.610461443662643433e-02 1.312205046415328979e-01 7.530028466135263443e-03 3.380366414785385132e-02 8.830384910106658936e-02 6.561840325593948364e-02 9.108588099479675293e-03 1.078076809644699097e-01 9.468935430049896240e-03 2.594144344329833984e-01 2.140610665082931519e-02 4.179273918271064758e-02 6.238037720322608948e-03 4.139581322669982910e-02 9.590365737676620483e-02 2.510426938533782959e-02 5.023378133773803711e-02 4.465628881007432938e-04 1.081408187747001648e-01 3.105990029871463776e-02 9.684874676167964935e-03 4.511233791708946228e-02 6.728855520486831665e-02 2.194441556930541992e-01 3.750493924599140882e-04 1.741352081298828125e-01 3.915460035204887390e-02 3.372016549110412598e-02 1.906419917941093445e-02 1.260717306286096573e-02 4.556001350283622742e-02 2.303103730082511902e-02 2.278321236371994019e-02 9.632963920012116432e-04 1.945973932743072510e-02 7.512297481298446655e-02 1.180484425276517868e-02 5.066316202282905579e-02 5.913422908633947372e-03 1.164416689425706863e-02 6.660265475511550903e-02 2.993716043420135975e-04 2.241743169724941254e-02 1.872101239860057831e-02 4.398357495665550232e-02 1.673939824104309082e-02 1.874235644936561584e-02 2.736699208617210388e-02 6.542482227087020874e-02 4.639243707060813904e-02 2.563806436955928802e-02 3.167580440640449524e-02 2.121175453066825867e-02 6.524726748466491699e-02 1.186715960502624512e-01 4.646149650216102600e-02 4.908670112490653992e-02 1.559892017394304276e-02 1.242534071207046509e-02 7.998767308890819550e-03 1.533071417361497879e-02 3.326396644115447998e-02 2.564998529851436615e-02 3.089240565896034241e-02 4.872230440378189087e-02 4.949390515685081482e-02 4.117994010448455811e-02 1.290281116962432861e-02 5.689367651939392090e-02 8.078971505165100098e-02 1.308130286633968353e-02 4.389036074280738831e-02 1.273983865976333618e-01 6.490910798311233521e-02 6.411999464035034180e-02 1.644388772547245026e-02 3.048024885356426239e-02 2.815485000610351562e-02 5.091181397438049316e-02 6.184619292616844177e-02 8.905347203835844994e-04 4.081659764051437378e-02 2.612227573990821838e-03 1.773537322878837585e-02 4.697854071855545044e-02 2.855739183723926544e-02 5.185409262776374817e-02 6.606732308864593506e-02 3.347860649228096008e-02 6.284438818693161011e-02 1.437266264110803604e-02 3.557214513421058655e-02 3.116968832910060883e-02 7.469027768820524216e-03 6.044509261846542358e-02 1.235936116427183151e-02 1.982578635215759277e-02 3.300787135958671570e-02 2.289324626326560974e-02 1.984599046409130096e-02 1.638758555054664612e-02 1.894966699182987213e-02 1.192351430654525757e-02 3.011518903076648712e-02 3.035337431356310844e-03 8.782274276018142700e-02 4.260436445474624634e-02 3.192183747887611389e-02 3.309657797217369080e-02 3.071715496480464935e-02 1.066989963874220848e-03 8.388695307075977325e-03
8.025959879159927368e-02 1.302174627780914307e-01 3.609462082386016846e-02 9.539837948977947235e-03 1.311083324253559113e-02 8.300329744815826416e-02 5.649588629603385925e-02 5.170690640807151794e-02 2.292273007333278656e-02 7.327342405915260315e-03 5.716273188591003418e-02 9.468935430049896240e-03 4.325833916664123535e-02 4.201452061533927917e-02 7.648951560258865356e-02 8.905385620892047882e-03 2.368387207388877869e-02 4.770769178867340088e-02 1.540702860802412033e-02 3.866798058152198792e-02 1.369784772396087646e-02 1.896442472934722900e-02 1.546775642782449722e-02 1.890220120549201965e-02 2.718124911189079285e-02 2.123023942112922668e-02 6.926207989454269409e-02 7.554631680250167847e-03 3.199974074959754944e-02 3.137802705168724060e-03 1.463363599032163620e-02 2.223465219140052795e-02 3.073495626449584961e-02 1.082350686192512512e-02 2.991632325574755669e-03 3.250543400645256042e-02 2.884845249354839325e-02 2.910728752613067627e-02 3.610393032431602478e-02 1.635749638080596924e-02 3.103805519640445709e-02 1.338154077529907227e-02 2.907693199813365936e-02 5.937640555202960968e-03 5.084124580025672913e-02 5.869735032320022583e-03 1.662564836442470551e-02 4.517622664570808411e-02 3.391938284039497375e-02 2.961516845971345901e-03 3.413730883039534092e-04 1.497341599315404892e-02 2.534629777073860168e-02 3.053945116698741913e-02 5.004617571830749512e-02 7.999075576663017273e-03 2.292454801499843597e-02 2.221578173339366913e-02 4.512022063136100769e-02 6.793694198131561279e-02 1.304950565099716187e-02 1.250035036355257034e-02 4.178200289607048035e-02 3.288668021559715271e-02 7.672398351132869720e-03 5.046771466732025146e-02 2.204512991011142731e-02 5.704668816179037094e-03 1.079046446830034256e-02 3.620314598083496094e-02 4.314165189862251282e-02 2.067569270730018616e-02 4.291630163788795471e-02 1.130751334130764008e-02 5.239510443061590195e-03 1.449977047741413116e-02 9.712023660540580750e-03 2.927729859948158264e-02 6.264653056859970093e-03 1.743466034531593323e-02 6.218944489955902100e-02 2.476424910128116608e-02 3.947816789150238037e-02 1.172923203557729721e-02 2.406538836658000946e-02 1.447166502475738525e-02 5.518676713109016418e-03 5.630231276154518127e-02 6.563063710927963257e-02 1.363211032003164291e-02 1.841017161495983601e-03 1.471499167382717133e-02 3.583055362105369568e-02 4.156242683529853821e-02 1.629766635596752167e-02 3.474942967295646667e-02 1.390155404806137085e-02 1.055389549583196640e-02 6.988752167671918869e-03 2.723712939769029617e-03 3.782583866268396378e-03 7.621569093316793442e-03 2.660825103521347046e-02 5.021980963647365570e-03 3.280506283044815063e-02 4.306722898036241531e-03 1.901561580598354340e-02 5.487728863954544067e-02 3.914373740553855896e-02 3.403934882953763008e-03 2.040312974713742733e-04 4.686092585325241089e-02 1.111336518079042435e-02 1.261687092483043671e-02 8.900881744921207428e-03 4.546388983726501465e-02
