4.882929474115371704e-02 6.671380251646041870e-02 2.325998246669769287e-02 1.421766355633735657e-02 3.130201250314712524e-02 6.221818923950195312e-02 4.547427408397197723e-03 4.458564892411231995e-02 1.779126934707164764e-02 1.045337319374084473e-02 1.266554296016693115e-01 5.378163605928421021e-02 3.455258160829544067e-02 4.520416259765625000e-02 6.027143448591232300e-03 4.065668210387229919e-02 2.680405974388122559e-02 6.454776227474212646e-02 5.328468978404998779e-03 5.194114148616790771e-02 9.527772665023803711e-02 3.275652229785919189e-02 2.908387966454029083e-02 4.800201952457427979e-02 2.860980480909347534e-02 8.573418110609054565e-02 6.684458255767822266e-02 3.764302283525466919e-02 3.126111999154090881e-02 3.566757962107658386e-02 1.057666316628456116e-01 9.438205510377883911e-03 4.454486817121505737e-02 3.459206968545913696e-02 3.579223994165658951e-05 3.812430426478385925e-02 4.726622998714447021e-02 7.409633602946996689e-03 1.773301512002944946e-02 4.451135173439979553e-02 8.098799735307693481e-03 1.191434636712074280e-02 5.464884266257286072e-02 7.580337673425674438e-02 4.820385202765464783e-02 6.002869084477424622e-02 1.138354558497667313e-02 1.879895664751529694e-02 6.870453059673309326e-02 1.006050501018762589e-02 2.427493967115879059e-02 1.316784974187612534e-02 7.527396082878112793e-03 1.106187049299478531e-02 4.883399233222007751e-02 5.091394856572151184e-02 5.611868575215339661e-02 1.301984861493110657e-02 6.931842118501663208e-02 8.032107353210449219e-02 3.071802295744419098e-02 3.241406381130218506e-02 5.968918278813362122e-02 9.336064010858535767e-02 6.530953571200370789e-03 5.163652449846267700e-02 2.131139114499092102e-02 9.435115009546279907e-02 2.760568447411060333e-02 1.316724810749292374e-02 4.243380948901176453e-02 1.264370977878570557e-02 8.338272571563720703e-02 2.580539137125015259e-02 8.493479341268539429e-03 3.882382810115814209e-02 3.659166395664215088e-02 6.638303399085998535e-02 4.982905462384223938e-02 2.654763124883174896e-02 3.447503969073295593e-02 2.471266314387321472e-02 2.543529495596885681e-02 6.598259322345256805e-03 3.851474821567535400e-02 4.731727764010429382e-02 3.703645616769790649e-02 1.079286262392997742e-01 8.895437419414520264e-02 1.812678948044776917e-02 6.487163156270980835e-02 5.715214088559150696e-02 1.685640425421297550e-03 2.908683195710182190e-02 4.613370075821876526e-02 2.154134213924407959e-03 3.427078947424888611e-02 2.379752136766910553e-02 5.024994909763336182e-02 1.182228559628129005e-03 6.703812628984451294e-02 1.451169420033693314e-02 4.742486402392387390e-02 5.414984002709388733e-02 1.789621822535991669e-02 1.204651501029729843e-02 5.151914060115814209e-02 4.134901799261569977e-03 9.347716113552451134e-04 1.189424917101860046e-01 1.699092425405979156e-02 4.706603649538010359e-04 6.443019956350326538e-02 1.365957856178283691e-01 1.040253508836030960e-02 3.289697924628853798e-03
6.671380251646041870e-02 2.013932541012763977e-02 7.924683392047882080e-03 2.438539266586303711e-02 2.953360043466091156e-02 1.381541192531585693e-01 2.785060368478298187e-02 5.123140662908554077e-02 6.428511114791035652e-04 2.571195550262928009e-02 7.453969120979309082e-02 4.216008633375167847e-02 1.231738179922103882e-01 2.529352717101573944e-02 3.797189146280288696e-02 2.077243477106094360e-02 4.405098780989646912e-02 3.567256778478622437e-02 3.821992501616477966e-02 4.155796766281127930e-02 6.742991041392087936e-03 8.276514708995819092e-02 1.003953907638788223e-02 3.004614636301994324e-02 6.425824016332626343e-02 3.991153091192245483e-02 4.884023685008287430e-03 9.694260358810424805e-02 7.096061110496520996e-02 1.200434658676385880e-02 9.964523464441299438e-02 1.424290146678686142e-02 1.247429102659225464e-02 1.167512964457273483e-02 4.745565354824066162e-03 6.048529222607612610e-02 4.970986396074295044e-02 1.405118871480226517e-02 3.007111325860023499e-02 1.734899729490280151e-02 5.118346586823463440e-02 5.336925387382507324e-03 5.463591963052749634e-02 1.824491471052169800e-02 2.641089074313640594e-02 5.899956822395324707e-02 5.513122677803039551e-02 5.322415009140968323e-02 1.481924578547477722e-02 1.191506441682577133e-02 9.280404075980186462e-03 3.216979280114173889e-02 4.385020211338996887e-02 4.878662154078483582e-02 4.289504513144493103e-02 2.585982903838157654e-02 2.004450932145118713e-02 6.482651829719543457e-02 4.610752221196889877e-03 2.396694198250770569e-02 1.119032204151153564e-01 9.345398843288421631e-02 2.917383983731269836e-02 2.885476918891072273e-03 3.893751278519630432e-02 1.641985401511192322e-02 3.255555033683776855e-02 3.156258026137948036e-03 6.409495323896408081e-02 1.007300913333892822e-01 3.985869511961936951e-02 3.857493633404374123e-03 1.252325437963008881e-02 8.613809198141098022e-02 5.736520886421203613e-02 5.588018521666526794e-02 5.031721293926239014e-02 1.609867438673973083e-02 2.186349406838417053e-02 7.927156984806060791e-02 1.876359060406684875e-02 7.268011569976806641e-02 7.234685122966766357e-02 3.358686715364456177e-02 1.680790632963180542e-02 1.209033094346523285e-02 6.120128557085990906e-02 8.699859492480754852e-03 3.856336697936058044e-02 2.611108683049678802e-02 1.483816932886838913e-02 4.423910006880760193e-02 4.123420640826225281e-02 5.788180977106094360e-03 2.594674378633499146e-02 5.342247337102890015e-02 8.016987890005111694e-02 5.843807011842727661e-02 2.751150168478488922e-02 2.265498787164688110e-02 3.618339449167251587e-02 4.272570367902517319e-03 3.066064976155757904e-02 4.355125501751899719e-02 6.540784239768981934e-02 2.085392549633979797e-02 5.215283855795860291e-02 3.355786204338073730e-02 5.878016352653503418e-02 5.546166747808456421e-02 6.596936285495758057e-02 2.158020623028278351e-02 2.165188454091548920e-02 3.173095360398292542e-02 5.971756577491760254e-02 1.004497483372688293e-01
2.325998246669769287e-02 7.924683392047882080e-03 2.509026043117046356e-02 6.387638300657272339e-02 1.590413004159927368e-01 9.352540969848632812e-02 7.622908800840377808e-02 7.398868352174758911e-02 7.347290962934494019e-02 3.107866644859313965e-02 4.711155220866203308e-02 3.063556272536516190e-03 5.021597258746623993e-03 2.026346325874328613e-02 6.308542937040328979e-02 5.461047217249870300e-02 5.626736208796501160e-02 6.173757091164588928e-02 4.294174164533615112e-02 4.755829647183418274e-02 7.159171998500823975e-02 1.518615614622831345e-02 3.668167442083358765e-02 7.429533451795578003e-02 2.799622528254985809e-02 4.232759401202201843e-02 1.370819807052612305e-01 1.918865554034709930e-02 1.677092909812927246e-02 8.634796366095542908e-03 1.410320866852998734e-02 1.182639691978693008e-02 5.819154158234596252e-02 2.717795781791210175e-03 4.268252849578857422e-02 1.375690940767526627e-02 2.894315868616104126e-02 3.431323217228055000e-03 1.398397423326969147e-02 5.399551987648010254e-02 1.306476257741451263e-02 3.414770960807800293e-02 1.538340351544320583e-03 1.073760092258453369e-01 1.096173748373985291e-02 7.049078587442636490e-03 2.660462632775306702e-02 6.968912668526172638e-03 5.134632065892219543e-02 2.258700504899024963e-02 6.126718223094940186e-02 2.588775381445884705e-02 5.337288137525320053e-03 1.175098866224288940e-02 1.263688690960407257e-02 1.480131782591342926e-02 6.226929649710655212e-02 6.100556626915931702e-02 6.934344023466110229e-02 1.121528632938861847e-02 5.264210514724254608e-03 3.316921740770339966e-02 2.531776949763298035e-02 4.285736009478569031e-03 1.902216859161853790e-02 3.192760050296783447e-02 1.495286170393228531e-02 2.752868458628654480e-02 6.355769932270050049e-02 1.310574007220566273e-03 5.265434272587299347e-03 6.285203620791435242e-03 3.232618421316146851e-02 1.750448346138000488e-02 3.683526813983917236e-02 4.410387575626373291e-02 3.108832240104675293e-02 3.575040772557258606e-02 7.698289304971694946e-02 2.874842099845409393e-02 1.912972331047058105e-01 9.390777349472045898e-02 2.230658195912837982e-02 2.574631385505199432e-02 1.725739799439907074e-02 5.520912632346153259e-02 3.177361190319061279e-02 3.333877027034759521e-02 3.799593076109886169e-02 2.411365509033203125e-03 3.938117995858192444e-02 6.107648834586143494e-03 7.957483083009719849e-02 3.616522997617721558e-02 1.922957412898540497e-02 2.777572907507419586e-02 5.134465917944908142e-02 6.444793194532394409e-02 3.286081366240978241e-03 6.946345418691635132e-02 8.762783370912075043e-03 1.171879586763679981e-03 2.193805575370788574e-02 4.330191016197204590e-02 5.131989251822233200e-03 1.120765786617994308e-02 4.941670224070549011e-02 3.118048794567584991e-02 6.815695203840732574e-03 8.300989121198654175e-02 5.611635372042655945e-02 7.785665243864059448e-02 5.274083465337753296e-02 2.080776263028383255e-03 7.071188185364007950e-03 8.426231145858764648e-02
1.421766355633735657e-02 2.438539266586303711e-02 6.387638300657272339e-02 2.507073804736137390e-02 1.939978152513504028e-01 3.663666173815727234e-02 3.428664430975914001e-02 2.873805351555347443e-02 6.818348914384841919e-02 3.048106282949447632e-02 7.260356098413467407e-02 5.707135051488876343e-02 2.274528332054615021e-02 5.019463226199150085e-02 6.185170635581016541e-02 4.813040792942047119e-02 3.461641073226928711e-02 1.859259605407714844e-02 1.624529995024204254e-02 3.754165768623352051e-02 4.442989826202392578e-02 3.504344448447227478e-02 4.147876054048538208e-02 8.784864097833633423e-02 4.211875051259994507e-02 1.443701516836881638e-02 6.429087370634078979e-02 5.976373795419931412e-03 3.141809627413749695e-02 4.290989413857460022e-02 2.488931827247142792e-02 1.702455058693885803e-02 6.071159616112709045e-02 4.842634778469800949e-03 4.434882849454879761e-02 4.295717924833297729e-02 3.161713480949401855e-02 4.302673041820526123e-02 8.561655133962631226e-02 7.797235995531082153e-02 1.632325723767280579e-02 1.174950040876865387e-02 5.262491106986999512e-02 2.655020169913768768e-02 1.275266800075769424e-02 5.159752815961837769e-02 2.246779389679431915e-02 2.883912622928619385e-02 1.985874027013778687e-02 3.879801370203495026e-03 3.940551355481147766e-02 4.523252695798873901e-02 2.673268690705299377e-02 7.758992724120616913e-03 4.339068382978439331e-02 1.197546534240245819e-02 7.517283409833908081e-02 1.921885274350643158e-02 5.159111693501472473e-02 1.690855249762535095e-02 9.977038949728012085e-02 7.580002397298812866e-02 5.629026144742965698e-02 3.941599279642105103e-02 4.978066682815551758e-02 4.254954680800437927e-02 5.235319491475820541e-03 1.960056647658348083e-02 6.229314021766185760e-04 2.679394185543060303e-02 2.430064231157302856e-02 4.377032816410064697e-02 1.326079964637756348e-01 5.637919064611196518e-03 3.913244232535362244e-02 1.266447268426418304e-02 2.313932217657566071e-02 4.745326191186904907e-02 4.564744234085083008e-02 3.504785895347595215e-02 2.942678332328796387e-02 6.589278578758239746e-02 6.488469243049621582e-02 4.687697440385818481e-02 3.600197657942771912e-02 1.609965041279792786e-02 2.415699884295463562e-02 3.833982348442077637e-02 7.402658462524414062e-02 3.536980599164962769e-02 4.738070070743560791e-02 2.906797220930457115e-03 1.302216108888387680e-02 1.647118292748928070e-02 2.561108022928237915e-02 2.101930417120456696e-02 1.586201251484453678e-03 7.224719505757093430e-03 2.894564904272556305e-02 5.135342944413423538e-04 5.340850353240966797e-02 1.800693385303020477e-02 4.089557752013206482e-02 6.744924932718276978e-02 1.444494538009166718e-02 4.468697123229503632e-03 2.672344213351607323e-03 3.616423532366752625e-02 2.845952101051807404e-02 1.531227119266986847e-02 1.294665411114692688e-02 4.706327244639396667e-02 5.077958479523658752e-02 9.066491387784481049e-03 1.870226673781871796e-02 1.486385334283113480e-02
3.130201250314712524e-02 2.953360043466091156e-02 1.590413004159927368e-01 1.939978152513504028e-01 2.271864376962184906e-02 3.438147250562906265e-03 4.372604936361312866e-02 1.005707588046789169e-02 5.060479789972305298e-02 2.378550730645656586e-02 7.018009573221206665e-02 5.544729158282279968e-02 1.322455797344446182e-02 2.628908865153789520e-02 2.860345691442489624e-02 2.546542137861251831e-02 7.122172415256500244e-02 1.439188234508037567e-02 7.340281456708908081e-02 1.295704580843448639e-02 3.372666239738464355e-02 6.032714620232582092e-03 8.415335416793823242e-02 1.081723123788833618e-01 1.124766096472740173e-02 9.768583811819553375e-03 8.532639592885971069e-02 2.103577181696891785e-02 1.817931607365608215e-02 8.051799237728118896e-02 4.685496911406517029e-02 4.970378056168556213e-02 4.536536708474159241e-02 2.043898217380046844e-02 9.477588348090648651e-03 1.212828885763883591e-02 4.244415834546089172e-02 6.560492515563964844e-02 1.564640253782272339e-01 9.910561889410018921e-02 5.470776930451393127e-02 5.821783468127250671e-02 3.011607564985752106e-02 6.359124090522527695e-03 2.528712712228298187e-02 4.182480275630950928e-03 5.887887254357337952e-02 6.871447712182998657e-02 4.604014568030834198e-03 4.577985778450965881e-02 8.923096465878188610e-04 2.125405706465244293e-02 4.529655352234840393e-02 3.187016397714614868e-02 5.909716710448265076e-02 6.568221375346183777e-03 1.326615642756223679e-02 2.223882637917995453e-02 9.235867857933044434e-02 4.850503988564014435e-03 1.266630087047815323e-02 5.725843086838722229e-02 3.909461665898561478e-03 2.345654740929603577e-02 1.292181666940450668e-02 4.216617718338966370e-02 5.467337556183338165e-03 1.874608732759952545e-02 4.734003171324729919e-02 1.169845461845397949e-02 2.355516888201236725e-02 4.517536610364913940e-02 1.253974288702011108e-01 3.704689443111419678e-02 1.580974012613296509e-01 1.201877254061400890e-03 6.637004017829895020e-02 1.206566300243139267e-02 1.002430636435747147e-02 3.767600655555725098e-02 4.696685820817947388e-02 4.772176966071128845e-02 5.343129113316535950e-02 9.963910095393657684e-03 2.305220626294612885e-02 6.365818530321121216e-02 4.224190488457679749e-02 4.001040384173393250e-02 4.223351925611495972e-02 4.761572554707527161e-02 9.132016450166702271e-03 5.239983275532722473e-02 2.260613255202770233e-02 4.358392581343650818e-02 1.648740959353744984e-03 5.754077807068824768e-02 3.996645286679267883e-02 2.331524901092052460e-02 3.596504777669906616e-02 3.651391342282295227e-02 5.334765091538429260e-02 1.747730188071727753e-02 1.507923845201730728e-02 3.967653494328260422e-03 1.706846058368682861e-02 1.858060061931610107e-02 8.329103887081146240e-02 9.155087172985076904e-03 1.107862405478954315e-02 2.514486387372016907e-02 3.304819762706756592e-02 2.979346783831715584e-03 3.270381689071655273e-02 4.934176802635192871e-02 2.882012538611888885e-02 5.848576128482818604e-02
6.221818923950195312e-02 1.381541192531585693e-01 9.352540969848632812e-02 3.663666173815727234e-02 3.438147250562906265e-03 4.838225990533828735e-02 8.320616930723190308e-02 3.362663835287094116e-02 5.703430250287055969e-02 1.096784230321645737e-02 5.577541142702102661e-02 8.412110805511474609e-02 5.804578214883804321e-02 1.890046708285808563e-02 3.652196377515792847e-02 6.282585114240646362e-02 1.550216507166624069e-02 9.535073302686214447e-03 1.217376068234443665e-02 7.270500063896179199e-02 2.413371950387954712e-02 6.381915509700775146e-02 6.628485396504402161e-03 4.197402670979499817e-02 3.354766964912414551e-02 4.650279134511947632e-02 3.316356614232063293e-02 1.605975627899169922e-01 1.985145919024944305e-02 6.467538326978683472e-02 3.538243472576141357e-02 3.704068437218666077e-02 6.591694056987762451e-02 5.200059339404106140e-02 2.754316292703151703e-02 2.574620582163333893e-02 3.469023853540420532e-02 9.609125554561614990e-03 6.637278944253921509e-02 1.035999413579702377e-02 3.777255490422248840e-02 4.671250283718109131e-02 3.690097853541374207e-02 1.068505272269248962e-02 9.403518401086330414e-03 1.702259294688701630e-02 2.483666874468326569e-02 2.628047019243240356e-02 8.666533976793289185e-03 1.698972098529338837e-02 6.850384920835494995e-02 1.260880827903747559e-01 8.975159376859664917e-03 9.836262091994285583e-03 2.686650864779949188e-02 3.885805234313011169e-02 4.419068619608879089e-02 9.038088843226432800e-03 5.764235556125640869e-02 3.102885745465755463e-02 8.911913633346557617e-02 6.020974740386009216e-02 2.747027389705181122e-02 2.404166758060455322e-02 2.840739488601684570e-02 3.045630641281604767e-02 3.789020329713821411e-02 1.446351874619722366e-02 2.974761649966239929e-02 1.394862215965986252e-02 5.767673254013061523e-03 9.484797716140747070e-03 8.034943789243698120e-02 4.368142783641815186e-02 3.703743964433670044e-02 5.571830645203590393e-02 1.787812821567058563e-02 4.180129989981651306e-02 4.475036263465881348e-02 2.108689025044441223e-02 2.747312188148498535e-03 4.435404390096664429e-02 1.886904053390026093e-02 9.750956669449806213e-04 7.712780497968196869e-03 1.513362582772970200e-02 4.422367736697196960e-02 1.415707520209252834e-03 6.351437419652938843e-02 3.422554209828376770e-02 5.868550017476081848e-02 4.130359366536140442e-02 1.681653410196304321e-02 5.035161226987838745e-02 5.023069679737091064e-02 2.145896106958389282e-02 2.821463719010353088e-02 3.081687958911061287e-03 1.816243119537830353e-02 4.952790588140487671e-02 2.395221032202243805e-03 2.981889061629772186e-02 1.011617667973041534e-02 3.984951227903366089e-02 5.520858615636825562e-02 3.078107349574565887e-02 2.527178078889846802e-02 1.358384825289249420e-02 3.184925764799118042e-02 3.609709069132804871e-02 8.314896374940872192e-02 3.468951210379600525e-02 3.674822673201560974e-02 4.188028629869222641e-03 4.405159875750541687e-02 4.526311904191970825e-02
4.547427408397197723e-03 2.785060368478298187e-02 7.622908800840377808e-02 3.428664430975914001e-02 4.372604936361312866e-02 8.320616930723190308e-02 2.864129096269607544e-02 5.111420899629592896e-02 3.175773844122886658e-02 2.957381121814250946e-02 1.658827625215053558e-02 6.485509872436523438e-02 2.109918929636478424e-02 6.142668891698122025e-03 6.397707760334014893e-02 1.998870447278022766e-02 3.160394355654716492e-02 4.220917075872421265e-02 1.129879034124314785e-03 7.797823101282119751e-02 4.889720678329467773e-02 1.577989310026168823e-01 1.020321547985076904e-01 4.870903491973876953e-02 1.626588404178619385e-02 4.652839899063110352e-02 1.015094965696334839e-01 1.936626993119716644e-02 6.084680184721946716e-02 5.380512028932571411e-02 6.214039400219917297e-03 4.045325331389904022e-03 1.927009783685207367e-02 3.233610093593597412e-02 3.719262406229972839e-02 3.411939740180969238e-02 1.708650030195713043e-02 3.708672523498535156e-02 3.223573323339223862e-03 4.175443947315216064e-02 3.927800338715314865e-03 3.246559575200080872e-02 5.374621599912643433e-02 1.386495400220155716e-02 3.629280254244804382e-02 1.031816471368074417e-02 6.891743838787078857e-02 1.209367215633392334e-01 4.402093961834907532e-02 4.721743240952491760e-02 6.642764061689376831e-02 3.369358833879232407e-03 6.315797218121588230e-04 1.417472213506698608e-02 8.072774857282638550e-02 1.871114247478544712e-03 6.059921905398368835e-02 2.827765420079231262e-02 5.887966230511665344e-02 9.148055315017700195e-02 9.139966219663619995e-03 6.006624549627304077e-02 5.955752916634082794e-03 2.269051782786846161e-02 3.279056027531623840e-02 3.032837761566042900e-03 3.964085876941680908e-02 1.164909452199935913e-03 4.244596883654594421e-02 6.871170550584793091e-02 3.796567022800445557e-02 1.630563661456108093e-02 4.234571009874343872e-03 1.325184362940490246e-03 6.830390542745590210e-02 2.667253278195858002e-02 3.014499694108963013e-02 5.949917435646057129e-02 5.025040730834007263e-02 7.091376930475234985e-02 1.972775533795356750e-02 1.441818010061979294e-02 1.926613785326480865e-02 8.586077019572257996e-03 5.547909066081047058e-02 5.412208661437034607e-02 2.593160793185234070e-02 7.194904983043670654e-02 1.106457486748695374e-01 5.983228236436843872e-02 2.799794543534517288e-03 2.078582346439361572e-02 1.131350696086883545e-01 6.883064750581979752e-03 5.385829135775566101e-02 3.433196991682052612e-02 1.456536445766687393e-02 4.163048788905143738e-02 2.535661682486534119e-02 2.079028263688087463e-02 2.061613276600837708e-02 1.902701146900653839e-02 3.787402529269456863e-03 6.314902007579803467e-02 1.814428903162479401e-02 6.545142829418182373e-02 5.620296671986579895e-02 1.147987972944974899e-02 3.096096403896808624e-02 1.699639484286308289e-02 5.440535023808479309e-02 4.242052137851715088e-02 2.810784988105297089e-02 3.948953375220298767e-02 8.928104490041732788e-02 1.559399534016847610e-02
4.458564892411231995e-02 5.123140662908554077e-02 7.398868352174758911e-02 2.873805351555347443e-02 1.005707588046789169e-02 3.362663835287094116e-02 5.111420899629592896e-02 7.720979861915111542e-03 3.646652773022651672e-02 5.060563236474990845e-02 1.426527742296457291e-02 4.566017910838127136e-02 2.441359497606754303e-02 4.333647713065147400e-02 3.054666146636009216e-02 2.627938520163297653e-03 5.306326225399971008e-02 1.194935757666826248e-02 4.488126561045646667e-02 2.727118507027626038e-02 3.310270980000495911e-02 8.092688769102096558e-02 6.486088782548904419e-02 2.333836071193218231e-02 2.693675272166728973e-02 1.114612538367509842e-02 4.626438021659851074e-03 3.898616507649421692e-02 5.696122720837593079e-02 4.461400583386421204e-02 5.575603991746902466e-02 4.844176024198532104e-02 3.082897514104843140e-02 3.401812165975570679e-02 4.943175241351127625e-03 1.153621636331081390e-02 4.231685027480125427e-02 6.484840065240859985e-02 8.784646168351173401e-03 5.203840788453817368e-03 2.285280032083392143e-03 4.545474424958229065e-02 1.137217134237289429e-02 1.875456422567367554e-02 2.061223797500133514e-02 1.970216445624828339e-02 7.422716915607452393e-02 3.055002167820930481e-02 3.865103051066398621e-02 3.147257119417190552e-02 1.333694159984588623e-01 1.199539378285408020e-01 5.777555704116821289e-02 2.730772830545902252e-02 4.394072294235229492e-02 7.697959989309310913e-02 1.958710514008998871e-02 2.130503952503204346e-02 1.170380134135484695e-02 1.704926230013370514e-02 5.777793936431407928e-03 4.865384846925735474e-02 9.764094837009906769e-03 1.390237733721733093e-02 5.604480952024459839e-02 4.262120649218559265e-02 2.279271138831973076e-03 2.316442877054214478e-02 7.733111083507537842e-02 2.106985263526439667e-02 5.691268015652894974e-03 3.660339862108230591e-02 5.134152621030807495e-02 7.560769468545913696e-02 4.183509200811386108e-02 5.435859039425849915e-02 4.828088358044624329e-02 5.328295379877090454e-02 6.371457874774932861e-02 2.138925343751907349e-02 3.255104124546051025e-01 9.243775159120559692e-02 1.016067434102296829e-02 5.162565968930721283e-03 4.284051060676574707e-02 1.587624847888946533e-02 1.568267196416854858e-01 8.707081526517868042e-02 1.679015159606933594e-02 1.480678189545869827e-02 4.446696862578392029e-02 4.648329317569732666e-02 4.712071642279624939e-02 7.268152199685573578e-03 3.045174852013587952e-02 5.054404586553573608e-02 1.675815880298614502e-02 5.211383104324340820e-02 2.964325621724128723e-02 2.780828066170215607e-02 1.479007769376039505e-02 7.483649253845214844e-02 4.137871041893959045e-02 4.135303944349288940e-02 9.325060993432998657e-02 3.245059773325920105e-02 5.238408595323562622e-02 5.024013295769691467e-02 9.725961834192276001e-02 2.543230168521404266e-02 7.205151487141847610e-03 2.121829427778720856e-02 1.354276202619075775e-02 7.143516559153795242e-03 3.202306479215621948e-02 2.723687700927257538e-02
1.779126934707164764e-02 6.428511114791035652e-04 7.347290962934494019e-02 6.818348914384841919e-02 5.060479789972305298e-02 5.703430250287055969e-02 3.175773844122886658e-02 3.646652773022651672e-02 2.620046585798263550e-02 5.935895442962646484e-02 3.906715195626020432e-03 8.888968080282211304e-02 1.491926959715783596e-03 1.540879160165786743e-02 4.878655076026916504e-02 3.146905824542045593e-02 1.836622878909111023e-02 4.044115543365478516e-02 8.982643485069274902e-03 2.624711394309997559e-02 1.217852346599102020e-02 2.771886251866817474e-02 1.702431589365005493e-02 3.513962030410766602e-02 1.616989448666572571e-02 5.694999545812606812e-02 4.312945902347564697e-02 1.790590956807136536e-02 1.378325745463371277e-02 3.772765770554542542e-02 2.478702180087566376e-02 4.964517056941986084e-02 2.985153347253799438e-02 3.290925174951553345e-02 5.844542756676673889e-02 1.447348762303590775e-02 6.351862102746963501e-02 3.859723918139934540e-03 5.006459355354309082e-02 3.499150276184082031e-02 2.279721200466156006e-02 8.620746433734893799e-03 3.714329563081264496e-03 4.176912456750869751e-02 7.135637104511260986e-02 2.942201681435108185e-02 4.246773943305015564e-02 3.107067570090293884e-02 1.236463263630867004e-01 1.729519106447696686e-02 3.419213742017745972e-02 4.989133216440677643e-03 4.376521706581115723e-02 4.794137179851531982e-02 1.070924922823905945e-01 2.062764391303062439e-02 1.067828088998794556e-01 2.109079359797760844e-04 9.460182860493659973e-03 2.241718024015426636e-02 3.148440644145011902e-02 4.493809305131435394e-03 3.171535581350326538e-02 2.315404079854488373e-02 6.542060524225234985e-02 4.885412752628326416e-02 2.645906992256641388e-02 4.315685108304023743e-02 7.211662363260984421e-03 1.544861122965812683e-02 5.412675067782402039e-02 4.686838015913963318e-03 1.982053183019161224e-02 7.588868495076894760e-03 2.076736418530344963e-04 4.592247307300567627e-02 2.616755664348602295e-01 1.100254133343696594e-01 1.008685398846864700e-02 7.371568679809570312e-02 1.027740389108657837e-01 1.481322851032018661e-02 2.831759490072727203e-02 2.954676561057567596e-02 2.662222273647785187e-02 9.438677690923213959e-03 6.876024603843688965e-02 5.183859262615442276e-03 4.152170196175575256e-02 3.771655261516571045e-02 3.722724318504333496e-02 4.197895154356956482e-02 4.428108036518096924e-02 7.338541094213724136e-03 1.824781857430934906e-02 4.906192421913146973e-03 5.838449299335479736e-02 7.045737653970718384e-02 3.528333827853202820e-02 5.012794863432645798e-03 2.658406458795070648e-02 1.837300695478916168e-02 7.428280543535947800e-03 1.884301938116550446e-02 6.405528634786605835e-03 4.763558506965637207e-02 9.187068790197372437e-02 4.774147272109985352e-02 1.384023111313581467e-02 3.011117503046989441e-02 3.538796305656433105e-02 1.890713535249233246e-02 3.994046896696090698e-02 3.456518054008483887e-02 2.247951924800872803e-02 6.758310366421937943e-03
1.045337319374084473e-02 2.571195550262928009e-02 3.107866644859313965e-02 3.048106282949447632e-02 2.378550730645656586e-02 1.096784230321645737e-02 2.957381121814250946e-02 5.060563236474990845e-02 5.935895442962646484e-02 8.548993617296218872e-03 8.853215724229812622e-03 6.097292061895132065e-03 5.059028789401054382e-02 6.951621174812316895e-02 5.885364487767219543e-02 4.116958379745483398e-02 2.334864065051078796e-02 9.633288718760013580e-03 8.931154012680053711e-02 2.794120227918028831e-03 1.677867956459522247e-02 9.342868812382221222e-03 2.692782692611217499e-02 2.189000695943832397e-02 1.938546448945999146e-02 1.231410074979066849e-02 5.471140146255493164e-02 5.048211291432380676e-02 2.500153705477714539e-02 1.116351410746574402e-02 3.577413409948348999e-02 2.358757145702838898e-02 1.622408255934715271e-02 2.699674293398857117e-02 2.649848721921443939e-02 4.380140453577041626e-02 2.230188809335231781e-02 2.950725518167018890e-02 1.679328083992004395e-02 1.375021226704120636e-02 3.036830201745033264e-02 7.518418133258819580e-03 1.718042651191353798e-03 2.495309803634881973e-03 3.941166400909423828e-02 5.582463368773460388e-02 3.847082331776618958e-02 1.902959338622167706e-04 3.852640837430953979e-02 1.256245886906981468e-03 5.888757854700088501e-02 1.529546268284320831e-02 2.969349361956119537e-02 4.376864060759544373e-02 2.916778437793254852e-02 8.579068630933761597e-02 1.020361017435789108e-02 8.445111662149429321e-02 2.236294001340866089e-02 1.875661313533782959e-03 4.821797832846641541e-02 2.455562539398670197e-02 7.999002188444137573e-02 4.007769748568534851e-03 6.776981055736541748e-02 3.209338337182998657e-02 1.251237746328115463e-02 3.311269683763384819e-03 2.609697915613651276e-02 1.899790205061435699e-02 5.650129914283752441e-02 3.727989643812179565e-02 3.418589010834693909e-02 7.398110628128051758e-02 2.865563612431287766e-03 1.414571702480316162e-02 1.400844287127256393e-02 1.498531997203826904e-01 4.706962779164314270e-02 1.106647923588752747e-01 3.817994892597198486e-02 8.012041449546813965e-02 3.187514841556549072e-02 1.372682303190231323e-01 2.077229693531990051e-02 1.218601688742637634e-02 2.018588036298751831e-02 2.823179215192794800e-02 5.052421614527702332e-02 1.038665026426315308e-01 9.810193441808223724e-04 3.175434842705726624e-02 3.967473749071359634e-03 2.501549571752548218e-02 3.421138273552060127e-03 3.028412908315658569e-02 9.075027704238891602e-02 1.738027483224868774e-02 2.370796352624893188e-02 2.481001801788806915e-02 9.004171937704086304e-03 1.750874915160238743e-03 3.814604831859469414e-03 3.467459976673126221e-02 8.936552330851554871e-03 2.518644556403160095e-03 2.912268415093421936e-02 4.373208433389663696e-02 8.340816944837570190e-03 2.207839488983154297e-02 3.283558413386344910e-02 1.004329137504100800e-02 2.930910140275955200e-02 3.412107005715370178e-02 4.075843095779418945e-02 3.104639798402786255e-02
1.266554296016693115e-01 7.453969120979309082e-02 4.711155220866203308e-02 7.260356098413467407e-02 7.018009573221206665e-02 5.577541142702102661e-02 1.658827625215053558e-02 1.426527742296457291e-02 3.906715195626020432e-03 8.853215724229812622e-03 1.574426144361495972e-02 1.261615101248025894e-02 1.553717404603958130e-01 6.099400296807289124e-02 5.949485581368207932e-03 2.779939584434032440e-02 2.571725472807884216e-02 2.741589955985546112e-02 6.426406558603048325e-03 3.135834261775016785e-02 3.069745004177093506e-02 7.655667513608932495e-02 4.436949267983436584e-02 5.539937317371368408e-02 5.574332922697067261e-02 1.745845377445220947e-01 1.822288706898689270e-02 3.432156518101692200e-02 7.077010720968246460e-02 1.362551189959049225e-02 4.194888100028038025e-02 6.692229956388473511e-02 3.857787325978279114e-02 5.498608946800231934e-02 6.176765542477369308e-03 2.707812562584877014e-02 4.499291628599166870e-02 7.219289243221282959e-02 7.245203107595443726e-02 2.966336160898208618e-02 1.985294930636882782e-02 7.924798876047134399e-03 5.430761724710464478e-02 3.263023123145103455e-02 2.985049411654472351e-02 9.251823648810386658e-03 1.297878567129373550e-02 2.494429983198642731e-02 6.839834898710250854e-02 4.287489131093025208e-02 1.526246313005685806e-02 1.075576338917016983e-02 3.151004016399383545e-02 4.652623459696769714e-02 4.679253324866294861e-02 1.334762386977672577e-02 2.046464569866657257e-02 2.600826881825923920e-02 5.367492884397506714e-02 3.994536772370338440e-02 7.645370066165924072e-02 6.697127223014831543e-02 4.636666178703308105e-02 4.002761840820312500e-02 1.430498510599136353e-01 5.223939940333366394e-02 9.359156712889671326e-03 8.138766884803771973e-02 1.633234694600105286e-02 2.217785082757472992e-02 3.279693424701690674e-02 1.939719356596469879e-02 7.375693321228027344e-02 2.088718861341476440e-02 6.455476861447095871e-03 1.683142152614891529e-03 4.837999120354652405e-02 9.331065230071544647e-03 5.678839609026908875e-02 9.977454319596290588e-03 2.067821659147739410e-02 1.753007248044013977e-02 5.078266933560371399e-02 1.009541098028421402e-02 9.175324812531471252e-03 1.896391622722148895e-02 3.859579190611839294e-02 5.623162910342216492e-02 6.378134340047836304e-02 3.497171914204955101e-03 3.670511394739151001e-02 4.710106179118156433e-02 7.085078954696655273e-02 4.376558586955070496e-02 4.667028412222862244e-02 3.095548413693904877e-02 4.434327781200408936e-02 5.555161088705062866e-02 5.496906861662864685e-02 6.115310266613960266e-02 5.788876116275787354e-02 1.171066984534263611e-02 1.445727795362472534e-01 2.978510688990354538e-03 4.766920581459999084e-02 5.329253524541854858e-02 1.383847277611494064e-02 1.571917906403541565e-02 5.364247597754001617e-03 3.569430112838745117e-02 4.054766520857810974e-02 1.194721926003694534e-02 1.470505259931087494e-02 1.371863763779401779e-02 1.199655532836914062e-01 6.071761623024940491e-02
5.378163605928421021e-02 4.216008633375167847e-02 3.063556272536516190e-03 5.707135051488876343e-02 5.544729158282279968e-02 8.412110805511474609e-02 6.485509872436523438e-02 4.566017910838127136e-02 8.888968080282211304e-02 6.097292061895132065e-03 1.261615101248025894e-02 5.565164610743522644e-02 9.828711627051234245e-04 2.212685644626617432e-01 2.328157611191272736e-02 5.248815938830375671e-02 2.466985397040843964e-02 2.182975411415100098e-02 3.926762193441390991e-02 5.061223730444908142e-02 4.296857118606567383e-02 1.190946549177169800e-01 8.166670799255371094e-02 8.526329696178436279e-02 4.961651563644409180e-02 9.527731686830520630e-03 7.629406452178955078e-02 5.042003467679023743e-03 1.246680412441492081e-02 7.642783969640731812e-02 9.009846299886703491e-02 1.635873806662857533e-03 3.409428894519805908e-02 3.289773315191268921e-02 2.654579840600490570e-02 4.674934595823287964e-02 3.873609006404876709e-02 5.294204130768775940e-02 1.527788303792476654e-02 2.308075549080967903e-03 4.394575953483581543e-03 6.812798790633678436e-03 2.215884998440742493e-02 3.204218670725822449e-02 2.068683058023452759e-01 1.444555222988128662e-01 1.021324917674064636e-01 3.661285340785980225e-02 5.586981400847434998e-02 3.205402940511703491e-02 3.578480705618858337e-02 6.356962025165557861e-02 6.357800215482711792e-02 6.793759297579526901e-03 4.648549854755401611e-02 2.348008938133716583e-02 3.068748628720641136e-03 4.798417445272207260e-03 2.419176883995532990e-02 2.922234870493412018e-02 1.793197914958000183e-02 4.947676882147789001e-02 8.114049583673477173e-02 7.287582010030746460e-02 4.303312301635742188e-02 4.681701958179473877e-02 1.564446091651916504e-02 1.590911671519279480e-02 1.213035080581903458e-03 3.698609396815299988e-02 1.088437717407941818e-02 8.035425841808319092e-02 5.788655579090118408e-02 3.347225487232208252e-02 1.475227344781160355e-02 5.492116510868072510e-02 1.904067397117614746e-02 1.876851916313171387e-02 4.574370011687278748e-02 3.576036542654037476e-02 3.272384870797395706e-03 6.165146082639694214e-02 4.643325507640838623e-02 2.786212414503097534e-02 1.386997010558843613e-02 4.794916883111000061e-02 1.084406487643718719e-02 3.589379787445068359e-02 6.357330828905105591e-02 1.057497411966323853e-02 1.547190733253955841e-02 2.651725709438323975e-02 2.435665391385555267e-02 4.929039254784584045e-02 2.742381766438484192e-02 2.523852977901697159e-03 1.604206277988851070e-03 1.089089270681142807e-02 4.449829086661338806e-02 7.760253269225358963e-03 1.882621273398399353e-02 1.082521304488182068e-02 1.950044557452201843e-02 9.798402339220046997e-02 3.750290721654891968e-02 2.002458833158016205e-02 1.308526284992694855e-02 5.807548761367797852e-02 4.890289157629013062e-02 4.015322774648666382e-02 5.306390300393104553e-02 1.019106507301330566e-01 2.245452255010604858e-03 2.171705942600965500e-03 1.083053834736347198e-02 8.465431630611419678e-02
3.455258160829544067e-02 1.231738179922103882e-01 5.021597258746623993e-03 2.274528332054615021e-02 1.322455797344446182e-02 5.804578214883804321e-02 2.109918929636478424e-02 2.441359497606754303e-02 1.491926959715783596e-03 5.059028789401054382e-02 1.553717404603958130e-01 9.828711627051234245e-04 7.502891588956117630e-03 2.662261947989463806e-02 1.106708310544490814e-02 1.971214823424816132e-02 4.776408150792121887e-02 7.576062530279159546e-02 3.974283859133720398e-02 5.668522790074348450e-02 7.471776753664016724e-02 1.074413210153579712e-01 3.837525472044944763e-02 2.964809071272611618e-03 1.483001653105020523e-02 5.818431451916694641e-02 3.626652061939239502e-02 3.510299324989318848e-02 4.778389632701873779e-02 4.323203861713409424e-02 9.528259932994842529e-02 5.332436412572860718e-02 3.707305714488029480e-02 1.939482055604457855e-02 6.653192103840410709e-04 3.318285942077636719e-02 1.326653733849525452e-02 1.376786641776561737e-02 2.336019463837146759e-02 3.391980379819869995e-02 6.046030297875404358e-02 1.373857725411653519e-02 4.012735188007354736e-02 8.509789407253265381e-02 2.497394010424613953e-02 1.695284061133861542e-02 1.593110151588916779e-02 2.725926041603088379e-02 5.416218191385269165e-02 3.743299096822738647e-02 5.354361608624458313e-02 8.317534811794757843e-04 7.974735461175441742e-03 1.720064878463745117e-02 4.102790262550115585e-04 9.502197057008743286e-02 1.359968353062868118e-02 6.065802276134490967e-02 4.868749529123306274e-02 5.432476475834846497e-02 3.753414005041122437e-02 7.895185798406600952e-02 2.122623287141323090e-02 6.237853318452835083e-03 8.783905208110809326e-02 1.238618046045303345e-01 1.887530786916613579e-03 7.439915835857391357e-02 1.709817722439765930e-02 2.785121090710163116e-02 7.770466152578592300e-03 1.021121367812156677e-01 5.984988063573837280e-02 1.740749925374984741e-02 5.512186139822006226e-02 6.741369143128395081e-03 3.700961545109748840e-02 7.091692090034484863e-02 5.108315497636795044e-02 1.747853495180606842e-02 2.323641069233417511e-02 3.096736036241054535e-02 3.303306177258491516e-02 2.691004797816276550e-02 2.347247302532196045e-02 4.193785786628723145e-02 2.316440083086490631e-02 3.633040701970458031e-03 2.979009784758090973e-02 9.659941308200359344e-03 9.909554384648799896e-03 3.422889113426208496e-02 1.076098755002021790e-01 8.397771418094635010e-02 4.533772915601730347e-02 1.056117936968803406e-02 8.311992883682250977e-02 3.830348700284957886e-02 3.616802394390106201e-02 3.287272993475198746e-03 4.704800620675086975e-02 2.081917785108089447e-02 2.002768404781818390e-02 5.678599327802658081e-02 1.375808753073215485e-02 8.210957050323486328e-03 3.433182463049888611e-02 3.249245509505271912e-02 5.746825411915779114e-02 3.402474895119667053e-02 4.029102623462677002e-02 7.571030408143997192e-02 5.546850338578224182e-02 6.645829230546951294e-02 8.003315329551696777e-02 8.452984504401683807e-03
