5.073311179876327515e-02 1.672989130020141602e-01 4.998715594410896301e-02 1.455974671989679337e-02 5.132326111197471619e-02 1.715131998062133789e-01 8.873230963945388794e-02 5.311407148838043213e-03 5.034959688782691956e-02 2.597998268902301788e-02 1.103729084134101868e-01 1.492955069988965988e-02 8.981422334909439087e-02 1.719940453767776489e-02 1.616373658180236816e-02 4.639981687068939209e-02 4.604594781994819641e-02 1.715678535401821136e-02 8.718629367649555206e-03 3.609403595328330994e-02 9.805775480344891548e-04 6.576293706893920898e-02 5.733263678848743439e-03 1.412428356707096100e-02 2.624601311981678009e-02 4.206155426800251007e-03 2.944137714803218842e-02 4.977893549948930740e-03 1.612522872164845467e-03 4.459389951080083847e-03 1.288548763841390610e-02 3.568035364151000977e-02 2.436086349189281464e-02 2.924058772623538971e-02 2.975868701469153166e-04 6.250523962080478668e-03 1.583787053823471069e-02 6.341640371829271317e-03 1.645368523895740509e-02 1.745693199336528778e-02 4.985210299491882324e-02 2.903156727552413940e-02 1.347970310598611832e-02 1.133537851274013519e-03 6.002355739474296570e-02 3.209356963634490967e-02 8.164672553539276123e-02 7.532688230276107788e-02 1.712922938168048859e-03 2.715806104242801666e-02 2.559486217796802521e-02 1.525599393062293530e-03 5.410429090261459351e-02 3.104200772941112518e-02 2.477894537150859833e-02 2.653973735868930817e-02 2.100433595478534698e-02 1.342329476028680801e-02 1.523786224424839020e-03 2.803012169897556305e-02 4.179072380065917969e-02 7.106885313987731934e-03 3.466827794909477234e-02 2.347590960562229156e-02 1.698152907192707062e-02 1.830272376537322998e-02 1.716732606291770935e-02 2.142000943422317505e-02 2.761169802397489548e-03 3.219551220536231995e-02 4.578146152198314667e-03 1.128156576305627823e-02 1.996169053018093109e-02 1.959104649722576141e-02 2.114434726536273956e-02 2.955216169357299805e-02 1.432078704237937927e-02 2.560560777783393860e-02 1.589524745941162109e-02 9.666253812611103058e-03 8.259769529104232788e-03 2.457824349403381348e-02 5.359441973268985748e-03 1.094557810574769974e-02 1.017739996314048767e-02 2.435272000730037689e-02 2.849589660763740540e-02 5.499926395714282990e-03 6.888980418443679810e-02 7.001526537351310253e-04 7.083019614219665527e-02 1.172962365671992302e-03 3.905893117189407349e-02 1.064696582034230232e-03 2.384677901864051819e-02 5.914199724793434143e-02 7.051048334687948227e-03 3.490563109517097473e-02 2.121913805603981018e-02 3.745014593005180359e-02 7.850447669625282288e-03 1.140798442065715790e-02 1.137467566877603531e-02 5.950192362070083618e-02 2.141442708671092987e-02 2.845504879951477051e-02 4.919155617244541645e-04 3.976359590888023376e-02 1.581493951380252838e-02 5.906442925333976746e-02 3.256011381745338440e-02 5.432083085179328918e-02 1.716184057295322418e-02 1.037682592868804932e-02 2.019612863659858704e-02 4.307584837079048157e-03
1.672989130020141602e-01 6.106653437018394470e-02 1.922027952969074249e-02 1.160226296633481979e-02 6.342218723148107529e-03 1.709630638360977173e-01 9.440768510103225708e-02 1.463377662003040314e-02 4.331502690911293030e-02 1.759491674602031708e-02 7.785815000534057617e-02 7.686327211558818817e-03 9.018308669328689575e-02 2.759823109954595566e-03 4.774768021889030933e-04 4.324781149625778198e-02 9.678128175437450409e-03 4.349861666560173035e-02 1.985744759440422058e-02 1.693801209330558777e-02 5.478122737258672714e-03 1.517401635646820068e-02 2.943348838016390800e-03 3.457918530330061913e-03 2.395165152847766876e-02 1.360794808715581894e-02 3.587016602978110313e-03 3.240184858441352844e-02 6.305274367332458496e-02 4.544158000499010086e-03 1.525097619742155075e-02 1.318833883851766586e-02 3.675647079944610596e-03 1.993216015398502350e-02 1.172112021595239639e-02 3.903972357511520386e-02 3.256946057081222534e-02 1.605143025517463684e-02 2.177598699927330017e-02 3.229340538382530212e-02 4.827109631150960922e-03 4.787818342447280884e-02 8.859776426106691360e-04 4.146357253193855286e-02 2.542325668036937714e-02 9.467863477766513824e-03 7.699002325534820557e-02 7.720071077346801758e-02 3.982079029083251953e-02 8.398738689720630646e-03 6.364949513226747513e-03 1.868816465139389038e-02 3.810516372323036194e-02 2.555091865360736847e-02 1.930241659283638000e-02 5.864346027374267578e-02 1.895756833255290985e-02 7.847028784453868866e-03 2.342520601814612746e-04 1.362884882837533951e-02 2.342459373176097870e-02 4.686666652560234070e-02 5.290309898555278778e-03 4.885278176516294479e-03 2.635783702135086060e-02 6.333064753562211990e-03 1.293575740419328213e-03 4.917255137115716934e-04 3.333411365747451782e-02 8.004389703273773193e-03 5.069348216056823730e-02 3.406006144359707832e-03 3.536052070558071136e-03 5.527966469526290894e-02 9.538049343973398209e-04 1.966803707182407379e-02 2.446906454861164093e-02 2.064080163836479187e-02 3.000674955546855927e-02 3.872836381196975708e-02 3.073595091700553894e-02 3.217891603708267212e-02 3.866767138242721558e-02 9.923998266458511353e-03 1.241509709507226944e-02 1.045757718384265900e-02 1.936133578419685364e-02 1.134106772951781750e-03 3.062726370990276337e-02 4.833152145147323608e-02 9.932405501604080200e-02 8.583625778555870056e-03 1.219913829118013382e-02 1.722108200192451477e-02 1.933488063514232635e-02 1.201313827186822891e-02 1.373493019491434097e-02 4.252620786428451538e-02 1.226199977099895477e-02 3.481560200452804565e-02 3.640772774815559387e-02 2.595200389623641968e-02 1.289198920130729675e-02 3.192002698779106140e-02 4.304992407560348511e-02 1.415090635418891907e-02 2.080365270376205444e-02 2.232460491359233856e-02 4.751838743686676025e-02 5.535357072949409485e-02 4.643547534942626953e-02 2.002195268869400024e-02 1.582519337534904480e-02 1.967784017324447632e-02 2.723518945276737213e-02 7.132708560675382614e-03
4.998715594410896301e-02 1.922027952969074249e-02 3.458198159933090210e-02 5.383729562163352966e-02 1.161265224218368530e-01 1.672327145934104919e-02 2.262593712657690048e-03 1.606974191963672638e-02 5.868365615606307983e-02 3.796804696321487427e-02 3.061523288488388062e-02 1.817889884114265442e-02 2.426833845674991608e-02 2.573099918663501740e-02 7.820554822683334351e-02 4.229528829455375671e-02 6.266182661056518555e-02 6.751071661710739136e-02 3.914266824722290039e-02 1.488946378231048584e-02 6.767500936985015869e-02 4.679886251688003540e-02 5.689588189125061035e-02 1.830644160509109497e-02 2.696149982511997223e-02 7.938889786601066589e-03 3.295952454209327698e-03 9.066817909479141235e-02 3.487383574247360229e-02 5.997391790151596069e-02 2.104790881276130676e-02 3.753045573830604553e-03 3.198064118623733521e-02 4.101606085896492004e-02 2.102140523493289948e-02 2.319850400090217590e-02 2.435135096311569214e-02 5.537061393260955811e-02 6.125789880752563477e-02 4.701754078269004822e-02 9.163372963666915894e-02 3.330899775028228760e-02 2.736234664916992188e-02 2.740122973918914795e-01 1.327190548181533813e-03 1.816552132368087769e-02 4.909510910511016846e-02 1.822412572801113129e-02 2.725951187312602997e-02 5.128745455294847488e-03 3.707459941506385803e-02 4.930035676807165146e-03 1.542903855443000793e-02 1.011145859956741333e-02 5.452825687825679779e-03 7.231449335813522339e-02 1.886196061968803406e-02 1.538893487304449081e-02 2.301376312971115112e-03 2.070839889347553253e-02 1.768477074801921844e-02 1.112939976155757904e-02 2.496331930160522461e-03 1.481202989816665649e-02 3.912742808461189270e-02 3.510317951440811157e-02 1.783749833703041077e-02 5.795080587267875671e-02 5.315008573234081268e-03 1.693932898342609406e-02 4.290430620312690735e-02 3.191867098212242126e-02 4.005610570311546326e-02 4.623173549771308899e-02 8.352613449096679688e-02 4.595153778791427612e-02 3.064357861876487732e-02 1.354578323662281036e-02 2.687285281717777252e-02 5.048019438982009888e-02 9.314514696598052979e-02 2.970868907868862152e-02 2.923217602074146271e-02 2.805491723120212555e-02 1.911089010536670685e-02 1.649294979870319366e-02 2.841220051050186157e-02 4.547308012843132019e-02 3.668546304106712341e-02 3.145430609583854675e-02 3.979674540460109711e-03 1.934024132788181305e-02 6.514634191989898682e-02 6.323578767478466034e-03 4.406446218490600586e-02 7.108885794878005981e-02 2.021463215351104736e-02 3.315912932157516479e-02 3.740590438246726990e-02 6.805307930335402489e-04 2.004290930926799774e-02 2.517931908369064331e-02 1.576590724289417267e-02 3.975018486380577087e-02 5.713901948183774948e-03 1.630275073694065213e-04 1.087628956884145737e-02 5.063563212752342224e-02 1.373235695064067841e-02 1.963687362149357796e-03 5.064457654953002930e-02 2.746356837451457977e-02 1.927805133163928986e-02 1.804128848016262054e-02 5.858402699232101440e-02 9.195418655872344971e-02
1.455974671989679337e-02 1.160226296633481979e-02 5.383729562163352966e-02 6.553990393877029419e-02 2.481513768434524536e-01 1.525037363171577454e-02 4.335977428127080202e-04 1.156041491776704788e-02 3.818861022591590881e-02 2.360332757234573364e-02 3.548410534858703613e-02 5.035157501697540283e-02 3.536175936460494995e-02 1.850423775613307953e-02 7.878206670284271240e-02 4.384341835975646973e-02 4.316294193267822266e-02 8.931289426982402802e-03 5.809215828776359558e-02 1.150955166667699814e-02 2.310794778168201447e-02 2.550861239433288574e-02 4.515984281897544861e-02 2.895033359527587891e-02 4.574998840689659119e-02 1.635662652552127838e-02 4.230974242091178894e-03 8.998279273509979248e-02 5.142004042863845825e-02 4.425194859504699707e-02 2.935781143605709076e-02 9.558619000017642975e-03 3.114683926105499268e-02 1.055044122040271759e-02 4.812618717551231384e-02 1.837253011763095856e-02 4.000276792794466019e-03 6.090298295021057129e-02 1.466993242502212524e-01 1.397386789321899414e-01 3.956717252731323242e-02 5.147971585392951965e-02 4.090146720409393311e-02 1.646831445395946503e-02 5.147801712155342102e-02 3.438904508948326111e-02 1.345654763281345367e-02 3.849999513477087021e-03 3.565474599599838257e-02 8.007375523447990417e-03 5.198424332775175571e-04 3.919950872659683228e-02 1.898392476141452789e-02 3.784713894128799438e-02 3.888398408889770508e-02 3.176203463226556778e-03 7.261147256940603256e-03 5.384905263781547546e-02 2.698060497641563416e-02 2.524610608816146851e-02 6.737475749105215073e-03 3.566521778702735901e-02 1.205499097704887390e-02 2.109049633145332336e-02 2.588586322963237762e-02 6.911965552717447281e-03 9.192137978971004486e-03 1.374535355716943741e-02 3.783246874809265137e-02 3.294675424695014954e-02 4.410044476389884949e-02 2.110497280955314636e-02 1.489977240562438965e-01 3.321356698870658875e-02 1.216860115528106689e-01 2.497560903429985046e-02 3.486016765236854553e-02 5.478729680180549622e-02 2.807868644595146179e-03 3.558015078306198120e-02 3.344590659253299236e-04 3.233979269862174988e-02 1.689410805702209473e-01 1.239526048302650452e-01 4.443020094186067581e-03 3.273963555693626404e-02 3.031338192522525787e-02 3.688070178031921387e-02 7.597633451223373413e-02 5.343548953533172607e-02 1.307185040786862373e-03 4.018998518586158752e-02 3.428732231259346008e-02 3.228631615638732910e-02 2.134913764894008636e-02 9.152720682322978973e-03 2.081967191770672798e-03 2.350311912596225739e-02 2.741037309169769287e-02 5.406868178397417068e-03 2.812930848449468613e-03 3.626224771142005920e-02 4.285601153969764709e-02 5.647709220647811890e-02 1.084674987941980362e-02 5.030398070812225342e-02 4.550675861537456512e-03 6.104224547743797302e-02 2.929627709090709686e-02 1.010239683091640472e-02 6.583065539598464966e-02 2.603933447971940041e-03 4.439774900674819946e-02 4.868688434362411499e-02 3.505559638142585754e-02 2.612827718257904053e-02
5.132326111197471619e-02 6.342218723148107529e-03 1.161265224218368530e-01 2.481513768434524536e-01 4.451598599553108215e-02 4.457671195268630981e-02 1.221727579832077026e-02 3.566797450184822083e-02 2.769506350159645081e-02 1.384101063013076782e-02 5.408533290028572083e-02 7.979023456573486328e-02 2.990356087684631348e-02 5.042853578925132751e-02 2.274786680936813354e-02 2.192150615155696869e-02 2.918244525790214539e-02 6.125221028923988342e-02 6.421694904565811157e-02 3.597324714064598083e-02 1.756677031517028809e-02 1.535146962851285934e-02 4.492947086691856384e-02 6.065948680043220520e-02 1.405872125178575516e-02 6.092423573136329651e-03 4.199331451673060656e-04 7.004342228174209595e-02 3.844273835420608521e-02 2.480922557879239321e-04 1.419021934270858765e-02 2.469620853662490845e-02 6.516034901142120361e-02 1.795329968445003033e-03 2.276068925857543945e-02 3.576631471514701843e-02 2.116219140589237213e-02 2.493101917207241058e-02 6.780632585287094116e-02 1.509775966405868530e-01 5.509640322998166084e-04 1.002877205610275269e-02 1.206079684197902679e-02 4.154556244611740112e-02 3.745742514729499817e-02 5.662886425852775574e-02 2.998007833957672119e-02 8.870819583535194397e-04 1.673059165477752686e-02 2.416344732046127319e-02 1.743775978684425354e-02 4.771051555871963501e-02 1.653457642532885075e-03 3.114538453519344330e-02 3.794869035482406616e-02 7.758337073028087616e-03 4.280355351511389017e-04 1.307047344744205475e-02 3.255961462855339050e-02 2.706440910696983337e-02 9.001990780234336853e-03 5.231092125177383423e-02 2.490185201168060303e-02 8.173675276339054108e-03 4.219989851117134094e-02 2.074793353676795959e-02 1.310115586966276169e-02 2.071827882900834084e-03 5.869708582758903503e-02 3.662326559424400330e-02 4.497292451560497284e-03 2.906456589698791504e-02 1.288044899702072144e-01 3.466645255684852600e-02 1.821135580539703369e-01 3.611535206437110901e-02 4.818803817033767700e-02 4.616771358996629715e-03 6.328360177576541901e-03 4.513405263423919678e-02 5.448447074741125107e-03 8.197818882763385773e-03 1.283545941114425659e-01 1.333030909299850464e-01 4.169322550296783447e-02 4.379492565931286663e-06 3.716169297695159912e-02 3.668233007192611694e-02 2.669684216380119324e-02 3.623707592487335205e-02 1.183969378471374512e-01 1.332682557404041290e-02 8.535946719348430634e-03 1.875091157853603363e-02 5.929436534643173218e-02 5.584105476737022400e-02 2.981060557067394257e-02 7.081517577171325684e-02 1.939043961465358734e-02 2.472762763500213623e-02 2.453444153070449829e-02 1.869679242372512817e-02 1.780743245035409927e-03 2.648303844034671783e-02 6.610628217458724976e-03 4.458819702267646790e-02 4.523555934429168701e-02 1.214031316339969635e-02 5.564095452427864075e-03 1.165273133665323257e-02 2.445394173264503479e-02 2.895913831889629364e-02 1.866187527775764465e-02 4.902360960841178894e-04 1.307733803987503052e-01 3.394587710499763489e-02
1.715131998062133789e-01 1.709630638360977173e-01 1.672327145934104919e-02 1.525037363171577454e-02 4.457671195268630981e-02 1.454754024744033813e-01 1.370740979909896851e-01 2.994190342724323273e-02 2.322452701628208160e-02 1.463790517300367355e-02 8.369120955467224121e-02 4.065524041652679443e-02 4.768814891576766968e-02 3.294175490736961365e-02 3.070388548076152802e-02 2.385152131319046021e-02 1.626163907349109650e-02 2.239160612225532532e-02 1.594159752130508423e-02 2.428418211638927460e-02 3.023673547431826591e-03 9.939258918166160583e-03 2.221981808543205261e-02 1.259820163249969482e-02 2.082321606576442719e-02 2.526053786277770996e-02 6.183220818638801575e-02 8.862183988094329834e-02 5.414720997214317322e-02 9.738380461931228638e-02 3.864605724811553955e-02 2.014888217672705650e-03 2.998348092660307884e-03 2.040106430649757385e-02 2.106586098670959473e-02 1.069661322981119156e-02 1.335795689374208450e-02 4.849500954151153564e-02 4.914661496877670288e-02 3.330334555357694626e-03 1.875310763716697693e-02 4.401633143424987793e-02 8.035828359425067902e-03 1.610219106078147888e-02 9.553981944918632507e-03 2.611464075744152069e-02 1.902048885822296143e-01 9.450915455818176270e-02 3.079202584922313690e-02 2.527211233973503113e-02 2.278422564268112183e-02 5.680170841515064240e-03 5.148276686668395996e-04 3.553172573447227478e-02 6.120795384049415588e-03 3.940530866384506226e-02 3.220809251070022583e-02 4.468695819377899170e-02 5.537570919841527939e-03 2.937150187790393829e-02 7.106404006481170654e-02 3.123909421265125275e-02 1.208626665174961090e-02 2.735911123454570770e-02 3.810999542474746704e-02 3.861827403306961060e-02 2.312839403748512268e-02 1.245727203786373138e-02 1.251800917088985443e-02 1.681366935372352600e-02 3.629724681377410889e-02 1.384340971708297729e-02 4.308772087097167969e-02 5.549081414937973022e-02 1.691011339426040649e-02 5.270918086171150208e-02 5.106556043028831482e-02 2.068624086678028107e-02 2.626746520400047302e-02 5.436284001916646957e-03 3.410214185714721680e-02 2.390109701082110405e-03 2.728972584009170532e-02 1.814632676541805267e-02 1.818037417251616716e-04 3.438419103622436523e-02 3.661717055365443230e-03 3.535634651780128479e-02 1.819741725921630859e-02 4.883843287825584412e-02 1.531926244497299194e-01 2.326717972755432129e-02 9.578317403793334961e-03 2.349831163883209229e-02 2.536328881978988647e-02 2.415985055267810822e-02 8.101709187030792236e-02 1.295242309570312500e-01 4.092836752533912659e-02 4.658707603812217712e-02 8.220803923904895782e-03 4.923845641314983368e-03 4.215317219495773315e-02 5.364434421062469482e-02 2.025505062192678452e-03 1.766032725572586060e-02 4.957471042871475220e-03 7.330731302499771118e-02 2.285744063556194305e-03 8.668495714664459229e-02 3.610017150640487671e-02 4.443410784006118774e-02 7.984002004377543926e-04 4.212724044919013977e-02 1.692112721502780914e-02 1.360878814011812210e-02
8.873230963945388794e-02 9.440768510103225708e-02 2.262593712657690048e-03 4.335977428127080202e-04 1.221727579832077026e-02 1.370740979909896851e-01 1.014544367790222168e-01 2.768408879637718201e-02 2.076091989874839783e-02 3.143188357353210449e-02 4.239922389388084412e-02 1.721226610243320465e-02 4.524796083569526672e-02 6.488563120365142822e-02 1.526306266896426678e-03 4.117631539702415466e-02 3.765212837606668472e-03 5.281586199998855591e-03 1.442708540707826614e-02 2.753258869051933289e-02 1.048116013407707214e-02 3.334182128310203552e-02 2.870537340641021729e-02 7.341449707746505737e-02 1.578232459723949432e-02 2.209727466106414795e-02 1.654370315372943878e-02 5.352127831429243088e-03 1.271109934896230698e-02 2.274631522595882416e-02 1.874595321714878082e-02 1.581299118697643280e-02 3.841537982225418091e-03 1.229581516236066818e-02 1.020766515284776688e-02 6.207101512700319290e-03 2.502916846424341202e-03 1.869428157806396484e-02 1.360636902973055840e-03 1.223185658454895020e-02 2.279511187225580215e-03 3.818307071924209595e-02 4.196452908217906952e-03 3.931964933872222900e-02 5.737613141536712646e-02 6.602630764245986938e-02 1.269612461328506470e-01 1.843562722206115723e-01 4.661750048398971558e-02 1.620531454682350159e-02 7.133857347071170807e-03 4.098096117377281189e-02 3.104731440544128418e-02 1.123636402189731598e-02 2.549689076840877533e-02 2.607825025916099548e-02 9.316499345004558563e-03 1.883303630165755749e-04 1.460201013833284378e-02 4.779802635312080383e-03 1.330457534641027451e-02 2.986291050910949707e-02 2.172597125172615051e-02 1.115157268941402435e-02 1.155559066683053970e-02 1.607876084744930267e-02 1.599206589162349701e-02 3.755765780806541443e-02 2.429422223940491676e-03 2.047006599605083466e-02 3.356918692588806152e-02 2.075072191655635834e-02 1.635463908314704895e-02 2.527512237429618835e-02 3.398478776216506958e-02 2.802361035719513893e-03 3.052070550620555878e-02 5.176682397723197937e-02 3.812189027667045593e-02 1.135233510285615921e-02 3.385878726840019226e-02 1.100156921893358231e-02 3.303960431367158890e-03 6.960973842069506645e-04 3.734011948108673096e-02 4.263678938150405884e-02 5.392908584326505661e-03 1.500105857849121094e-02 4.217522963881492615e-02 1.859547197818756104e-02 4.515559226274490356e-02 3.613108536228537560e-03 9.001199901103973389e-02 2.276844158768653870e-02 1.292085088789463043e-02 2.506320737302303314e-02 2.570749493315815926e-03 2.285441942512989044e-02 2.753702364861965179e-02 2.544807083904743195e-02 8.210883475840091705e-03 1.283287815749645233e-02 1.474541053175926208e-02 7.873597554862499237e-03 2.768409438431262970e-03 1.843475736677646637e-02 1.786509901285171509e-02 1.088839489966630936e-02 9.337049908936023712e-03 2.075442299246788025e-02 3.878028690814971924e-02 1.719494909048080444e-02 3.305434435606002808e-02 3.746720403432846069e-02 2.297754213213920593e-02 1.859819702804088593e-02
5.311407148838043213e-03 1.463377662003040314e-02 1.606974191963672638e-02 1.156041491776704788e-02 3.566797450184822083e-02 2.994190342724323273e-02 2.768408879637718201e-02 7.200475782155990601e-03 2.108794264495372772e-02 8.092281967401504517e-02 5.063233897089958191e-03 7.993845269083976746e-03 7.030533999204635620e-02 2.099417895078659058e-02 9.314444661140441895e-02 6.508734077215194702e-02 6.603737827390432358e-03 3.707896918058395386e-02 1.878295280039310455e-02 7.753451820462942123e-03 5.266584455966949463e-03 2.395942062139511108e-02 9.936512215062975883e-04 3.106504678726196289e-02 3.661179915070533752e-02 1.498265750706195831e-02 2.440236136317253113e-02 9.117092937231063843e-03 6.237445399165153503e-02 4.954482987523078918e-02 5.522791296243667603e-03 6.107604876160621643e-02 6.683286745101213455e-03 8.441221900284290314e-03 2.222196571528911591e-02 3.144890442490577698e-02 8.213224261999130249e-02 4.254109784960746765e-02 4.763737888424657285e-05 7.874688133597373962e-03 6.612124387174844742e-03 4.120519012212753296e-02 3.589233011007308960e-02 8.750453591346740723e-03 1.743219420313835144e-02 3.660747036337852478e-02 2.771839732304215431e-03 2.073209919035434723e-02 1.882626861333847046e-02 4.531917721033096313e-02 6.005755439400672913e-02 4.930708929896354675e-02 5.034643039107322693e-02 3.625202924013137817e-02 3.927484154701232910e-03 9.318451397120952606e-03 6.553266197443008423e-02 1.185494754463434219e-02 2.411695383489131927e-02 5.784634500741958618e-02 8.795557916164398193e-02 4.640905186533927917e-02 7.336977869272232056e-02 3.685831651091575623e-02 2.734383754432201385e-02 7.956505753099918365e-03 5.329099297523498535e-02 4.178436473011970520e-02 2.598929591476917267e-02 3.170434013009071350e-02 2.664946019649505615e-03 8.046625182032585144e-03 5.132574960589408875e-02 2.101918682456016541e-02 2.400183863937854767e-02 3.208598494529724121e-02 2.220532670617103577e-02 4.029658064246177673e-02 2.384692616760730743e-02 4.648529365658760071e-02 1.027599796652793884e-01 1.805509924888610840e-01 1.769861951470375061e-02 1.591641642153263092e-02 3.227295354008674622e-02 2.171044610440731049e-02 9.261661022901535034e-02 1.532928347587585449e-01 2.235679887235164642e-02 3.975082933902740479e-02 1.821288838982582092e-02 2.204380370676517487e-02 5.455661937594413757e-02 4.186759889125823975e-02 4.004310816526412964e-02 1.016763225197792053e-01 3.725078568095341325e-05 7.644891738891601562e-02 1.131286728195846081e-03 6.851381063461303711e-02 3.486360982060432434e-02 2.846767939627170563e-02 4.323059692978858948e-02 5.050088744610548019e-03 6.869062781333923340e-02 2.845991775393486023e-02 3.525605425238609314e-02 5.146125331521034241e-03 2.169603295624256134e-02 3.946841880679130554e-02 1.880420371890068054e-02 1.053712517023086548e-02 1.600225688889622688e-03 2.294449135661125183e-02 6.026397924870252609e-03 1.689766347408294678e-02
5.034959688782691956e-02 4.331502690911293030e-02 5.868365615606307983e-02 3.818861022591590881e-02 2.769506350159645081e-02 2.322452701628208160e-02 2.076091989874839783e-02 2.108794264495372772e-02 6.669276207685470581e-02 1.425816863775253296e-01 2.196004427969455719e-02 6.182236969470977783e-02 3.561222553253173828e-02 2.622347138822078705e-02 7.250156253576278687e-02 2.948905341327190399e-02 5.505480989813804626e-02 5.165315791964530945e-02 2.051209099590778351e-02 4.302202910184860229e-02 1.321707479655742645e-02 1.873670704662799835e-02 1.820581778883934021e-02 2.924844808876514435e-02 1.416213903576135635e-02 5.641811341047286987e-02 3.375025093555450439e-02 3.362089395523071289e-02 3.761526942253112793e-02 3.629440814256668091e-02 1.401068828999996185e-02 2.984607219696044922e-02 5.325106158852577209e-02 4.875746369361877441e-02 1.486849319189786911e-02 2.027986757457256317e-02 1.614268869161605835e-02 7.375726010650396347e-03 6.219733878970146179e-02 3.241592645645141602e-02 5.844480171799659729e-02 6.750505417585372925e-02 6.544888019561767578e-02 9.985479712486267090e-02 5.046815052628517151e-02 5.886428803205490112e-02 3.948797285556793213e-02 6.363342981785535812e-03 9.475733339786529541e-02 1.561168115586042404e-02 1.189562678337097168e-02 2.279054932296276093e-02 6.918417662382125854e-02 1.128462553024291992e-01 1.084623336791992188e-01 4.815203323960304260e-02 5.511308833956718445e-02 6.336700171232223511e-02 5.057834833860397339e-02 1.070698723196983337e-01 2.472873218357563019e-02 3.514908254146575928e-02 1.509766932576894760e-02 5.536952242255210876e-02 8.058631420135498047e-02 5.961817875504493713e-02 5.030713602900505066e-02 7.005420327186584473e-02 1.047691777348518372e-01 7.745392620563507080e-02 3.298474848270416260e-02 3.757805377244949341e-02 3.744833916425704956e-02 4.881391301751136780e-03 5.154138058423995972e-02 3.636485338211059570e-02 3.514754176139831543e-01 7.690843194723129272e-03 2.628914415836334229e-01 7.654844317585229874e-03 1.731793954968452454e-02 1.390607561916112900e-03 7.025365531444549561e-02 4.188501834869384766e-02 4.219112545251846313e-02 1.302376948297023773e-02 3.517337143421173096e-02 4.351990669965744019e-02 7.095085084438323975e-02 4.601123183965682983e-02 3.061951696872711182e-02 3.981235902756452560e-03 7.120821624994277954e-02 3.787613660097122192e-02 5.351651459932327271e-02 4.382241144776344299e-02 3.663429245352745056e-02 1.479426212608814240e-02 1.408670842647552490e-01 9.602820128202438354e-02 5.221754685044288635e-02 5.376141145825386047e-02 6.086887046694755554e-02 3.305010125041007996e-02 1.344638317823410034e-02 1.787943392992019653e-02 1.203167717903852463e-02 4.606214538216590881e-02 3.391209244728088379e-02 5.436492338776588440e-02 1.574732945300638676e-03 1.801793277263641357e-02 6.694740802049636841e-02 2.115810476243495941e-02 2.408310957252979279e-02 1.622444950044155121e-02
2.597998268902301788e-02 1.759491674602031708e-02 3.796804696321487427e-02 2.360332757234573364e-02 1.384101063013076782e-02 1.463790517300367355e-02 3.143188357353210449e-02 8.092281967401504517e-02 1.425816863775253296e-01 1.283499896526336670e-01 2.010886557400226593e-02 2.796470746397972107e-02 2.928246371448040009e-02 6.453828513622283936e-02 4.866683855652809143e-02 5.545497406274080276e-03 6.695839110761880875e-03 3.747668489813804626e-02 8.917104452848434448e-02 4.484373144805431366e-03 4.924121871590614319e-02 4.513941332697868347e-02 5.823139101266860962e-02 1.268592476844787598e-01 1.509533450007438660e-02 1.727448217570781708e-02 6.511201709508895874e-02 5.823594704270362854e-02 2.103086002171039581e-02 8.100502192974090576e-02 1.908753253519535065e-02 2.898010239005088806e-02 7.766359020024538040e-03 3.116643242537975311e-02 1.012198906391859055e-02 6.048210710287094116e-02 2.224304527044296265e-02 1.572238281369209290e-02 7.505054119974374771e-03 5.653676018118858337e-02 3.596360608935356140e-02 1.801706105470657349e-02 1.898515783250331879e-02 5.954658240079879761e-02 1.659397035837173462e-02 4.586894810199737549e-02 9.690375067293643951e-03 2.072514593601226807e-02 9.578293561935424805e-02 1.430431306362152100e-01 4.420880228281021118e-03 4.349456354975700378e-02 2.165613509714603424e-02 2.581969276070594788e-02 4.543715715408325195e-02 8.791522681713104248e-02 2.070565149188041687e-02 1.995416544377803802e-02 9.364134632050991058e-03 1.163186505436897278e-02 1.438507884740829468e-01 1.549415383487939835e-02 1.039454713463783264e-02 3.898613154888153076e-02 1.715894788503646851e-02 2.635579789057374001e-03 1.301301736384630203e-02 2.754868194460868835e-02 2.759168483316898346e-02 7.657627761363983154e-02 9.484221227467060089e-03 4.690820723772048950e-02 3.490498289465904236e-02 6.143287941813468933e-02 6.729450076818466187e-02 7.101081311702728271e-02 7.405073195695877075e-02 2.098825871944427490e-01 1.364394873380661011e-01 1.630760431289672852e-01 1.960844732820987701e-02 3.221332095563411713e-03 6.151474267244338989e-02 1.458096206188201904e-01 7.964308373630046844e-03 6.926026195287704468e-02 6.195345893502235413e-03 3.360865265130996704e-02 9.747248888015747070e-02 1.414691954851150513e-01 1.460317056626081467e-02 2.208744734525680542e-02 3.811185806989669800e-02 9.944184683263301849e-03 4.424696043133735657e-02 3.733382001519203186e-02 1.887339726090431213e-02 3.877480700612068176e-02 3.763708099722862244e-02 8.125510066747665405e-02 2.115292008966207504e-03 1.676545664668083191e-02 3.441382572054862976e-02 9.868660941720008850e-03 3.485156223177909851e-02 2.195832692086696625e-02 3.873416688293218613e-03 1.668062433600425720e-02 1.762383617460727692e-02 2.553565986454486847e-02 1.158662047237157822e-02 6.141794472932815552e-02 3.117961250245571136e-02 5.849568638950586319e-03 1.458980236202478409e-02 3.867790102958679199e-02
1.103729084134101868e-01 7.785815000534057617e-02 3.061523288488388062e-02 3.548410534858703613e-02 5.408533290028572083e-02 8.369120955467224121e-02 4.239922389388084412e-02 5.063233897089958191e-03 2.196004427969455719e-02 2.010886557400226593e-02 1.197752449661493301e-02 1.448622671887278557e-03 1.255068629980087280e-01 2.098481357097625732e-02 1.529243774712085724e-02 2.192895114421844482e-02 1.883015222847461700e-02 2.756774984300136566e-02 2.059082128107547760e-02 2.643642388284206390e-02 2.310709841549396515e-02 1.694366149604320526e-02 6.390330195426940918e-02 3.275045379996299744e-02 4.043165966868400574e-02 6.155239418148994446e-03 8.583634160459041595e-03 4.641568288207054138e-02 4.213710874319076538e-02 4.431999847292900085e-02 3.378111869096755981e-02 4.584780335426330566e-02 1.506877969950437546e-02 2.561106905341148376e-02 1.204136293381452560e-02 6.246268283575773239e-03 2.504548057913780212e-02 5.509075708687305450e-03 8.368164300918579102e-03 3.381799906492233276e-02 8.931240066885948181e-03 4.306078702211380005e-02 3.863171488046646118e-02 2.445804327726364136e-02 2.558548748493194580e-02 3.921199962496757507e-02 6.815352290868759155e-02 3.828778862953186035e-02 4.773992300033569336e-02 7.789553143084049225e-03 8.663916960358619690e-03 2.878483198583126068e-02 1.808311417698860168e-02 7.255583070218563080e-03 3.047797456383705139e-02 1.657372526824474335e-02 1.212903298437595367e-02 1.131753087975084782e-03 2.760426886379718781e-02 2.783174812793731689e-02 4.259852319955825806e-02 9.115233086049556732e-03 1.762968860566616058e-02 2.332057803869247437e-02 5.293178930878639221e-02 2.742751687765121460e-02 4.450460430234670639e-03 1.237804163247346878e-02 6.110858172178268433e-03 8.789279498159885406e-03 5.412567406892776489e-03 2.769445441663265228e-02 1.064048800617456436e-02 3.966991603374481201e-02 2.591293305158615112e-02 2.602311968803405762e-02 1.225947309285402298e-02 2.469017053954303265e-04 3.471495211124420166e-02 1.829446852207183838e-02 3.402857109904289246e-02 3.456530161201953888e-03 5.828407127410173416e-03 1.954613067209720612e-02 1.404896844178438187e-02 3.463185206055641174e-02 1.416043844074010849e-02 1.571409218013286591e-02 4.221640154719352722e-02 1.722570881247520447e-02 4.861123487353324890e-02 2.073151804506778717e-02 2.376594021916389465e-02 4.745778068900108337e-02 1.155123487114906311e-02 3.589013358578085899e-03 4.454259295016527176e-03 1.414848677814006805e-02 2.036391384899616241e-02 1.542184501886367798e-02 2.624177746474742889e-02 1.128926035016775131e-02 2.001123689115047455e-02 7.852604612708091736e-03 2.120018377900123596e-02 1.607300713658332825e-02 4.066336154937744141e-02 1.513411942869424820e-02 4.394658841192722321e-03 2.902365475893020630e-02 5.602149665355682373e-02 2.173962071537971497e-02 3.012342844158411026e-03 2.812821045517921448e-02 2.945293858647346497e-02 3.340920060873031616e-02
1.492955069988965988e-02 7.686327211558818817e-03 1.817889884114265442e-02 5.035157501697540283e-02 7.979023456573486328e-02 4.065524041652679443e-02 1.721226610243320465e-02 7.993845269083976746e-03 6.182236969470977783e-02 2.796470746397972107e-02 1.448622671887278557e-03 4.587603732943534851e-02 1.415392197668552399e-02 1.346559822559356689e-01 1.046707015484571457e-02 1.855353452265262604e-02 4.510661959648132324e-02 1.508074998855590820e-02 3.653550893068313599e-02 8.816411718726158142e-03 4.628267511725425720e-02 2.929724194109439850e-02 5.879409611225128174e-02 5.447006970643997192e-02 1.487171370536088943e-02 4.642337188124656677e-02 4.778736084699630737e-02 1.403169929981231689e-01 1.862110011279582977e-02 8.498004823923110962e-02 2.487552165985107422e-02 1.324573904275894165e-02 5.146270245313644409e-02 1.158438716083765030e-02 3.747673332691192627e-02 2.255675941705703735e-02 1.798519678413867950e-02 3.005527518689632416e-02 5.862471181899309158e-03 6.437391787767410278e-02 5.840320140123367310e-03 5.785867944359779358e-02 2.156974934041500092e-02 3.288071369752287865e-03 1.147115826606750488e-01 2.943322062492370605e-02 5.775086209177970886e-02 4.003876354545354843e-03 9.591548587195575237e-04 5.241267010569572449e-02 6.209484301507472992e-03 3.866853192448616028e-02 6.335666403174400330e-03 2.495600841939449310e-02 3.679492697119712830e-02 2.948202658444643021e-03 2.192798256874084473e-02 4.879736527800559998e-02 4.076979530509561300e-04 7.741308654658496380e-04 7.217730581760406494e-02 2.661826089024543762e-02 7.402662187814712524e-03 2.526692114770412445e-02 1.188441552221775055e-02 6.067330949008464813e-03 3.437812626361846924e-02 2.527819573879241943e-02 2.100443653762340546e-02 2.608307637274265289e-02 5.315077956765890121e-03 6.076578516513109207e-03 5.290524289011955261e-02 5.538344010710716248e-02 3.838634490966796875e-02 4.243598878383636475e-02 1.235744357109069824e-02 2.733744494616985321e-02 5.385047197341918945e-02 4.859816655516624451e-02 2.995563112199306488e-02 4.275992140173912048e-02 4.826541524380445480e-03 1.957780309021472931e-02 3.746562451124191284e-02 1.529803965240716934e-02 2.011887915432453156e-02 9.808225557208061218e-03 8.127483725547790527e-02 1.147045847028493881e-02 6.347248703241348267e-02 1.316933892667293549e-02 1.338034402579069138e-02 2.179943211376667023e-02 8.018430322408676147e-03 1.614383794367313385e-02 2.984899654984474182e-02 2.891728840768337250e-02 5.206513218581676483e-03 1.680185087025165558e-02 9.791248477995395660e-03 1.304561644792556763e-02 2.255242504179477692e-02 3.454956412315368652e-02 3.153784200549125671e-03 3.026732243597507477e-03 1.043437048792839050e-03 3.944013640284538269e-02 2.955696918070316315e-02 1.408531516790390015e-02 1.035474799573421478e-02 4.022270441055297852e-02 1.341196522116661072e-02 6.697586271911859512e-03 1.805673539638519287e-02 6.736081838607788086e-02
8.981422334909439087e-02 9.018308669328689575e-02 2.426833845674991608e-02 3.536175936460494995e-02 2.990356087684631348e-02 4.768814891576766968e-02 4.524796083569526672e-02 7.030533999204635620e-02 3.561222553253173828e-02 2.928246371448040009e-02 1.255068629980087280e-01 1.415392197668552399e-02 2.410588413476943970e-02 2.024992182850837708e-02 7.998941838741302490e-02 3.789941081777215004e-03 3.067347453907132149e-03 2.915309742093086243e-02 2.866714075207710266e-02 6.432192458305507898e-05 2.274950407445430756e-02 3.471291810274124146e-02 3.240296617150306702e-02 1.837338320910930634e-02 1.722546294331550598e-02 2.193789370357990265e-02 9.932283312082290649e-03 5.957737565040588379e-03 1.016063429415225983e-02 1.332552265375852585e-02 9.264375269412994385e-02 7.898675277829170227e-03 2.794206514954566956e-02 8.578383363783359528e-03 1.849221251904964447e-02 7.061420008540153503e-03 7.846695370972156525e-03 1.206874009221792221e-02 3.745316341519355774e-02 1.698700152337551117e-02 4.068567603826522827e-02 5.391954630613327026e-02 2.028107270598411560e-02 3.677530214190483093e-02 3.371463716030120850e-02 6.115435063838958740e-02 5.208243802189826965e-02 7.388465106487274170e-02 9.427892416715621948e-02 1.458474528044462204e-02 2.175473049283027649e-02 6.129092071205377579e-03 9.237315505743026733e-03 1.752489618957042694e-02 6.917559355497360229e-02 1.216772943735122681e-02 2.206772752106189728e-02 1.909040613099932671e-03 1.045904960483312607e-02 6.537188589572906494e-02 4.916782677173614502e-02 8.683007210493087769e-03 3.469997644424438477e-02 3.967452794313430786e-02 5.453757476061582565e-03 6.836447119712829590e-02 2.439600974321365356e-02 3.243160247802734375e-02 2.034762501716613770e-02 7.467977702617645264e-03 5.399936344474554062e-03 4.005852341651916504e-02 2.435083501040935516e-02 5.053161457180976868e-02 2.297080866992473602e-02 2.953457832336425781e-02 3.936713561415672302e-02 8.923283778131008148e-03 3.187321871519088745e-02 6.385196931660175323e-03 1.058416906744241714e-02 4.466201178729534149e-03 3.983054310083389282e-02 3.409764170646667480e-02 3.847698494791984558e-02 2.037209644913673401e-02 6.802398129366338253e-04 7.754606008529663086e-02 1.631089858710765839e-02 1.716133579611778259e-02 2.913559973239898682e-02 3.786890581250190735e-02 3.255561739206314087e-02 4.927587136626243591e-02 3.138965740799903870e-02 1.345336064696311951e-02 3.802897408604621887e-03 6.799404323101043701e-02 1.825411617755889893e-02 1.588519290089607239e-02 1.131746079772710800e-02 2.456206269562244415e-02 3.292055800557136536e-02 1.571548637002706528e-03 8.219569921493530273e-03 2.480970695614814758e-03 5.305399000644683838e-02 4.665625467896461487e-02 4.109049215912818909e-03 3.767572715878486633e-02 2.162195183336734772e-02 6.295072380453348160e-03 3.395408019423484802e-02 6.389576010406017303e-03 1.187243964523077011e-02 1.455756276845932007e-02
