2.756171226501464844e-01 1.163629665970802307e-01 2.638261951506137848e-02 2.707036444917321205e-03 4.050390794873237610e-03 1.157947629690170288e-01 9.723288565874099731e-02 4.905905574560165405e-03 1.193337794393301010e-02 8.560759946703910828e-03 1.010084971785545349e-01 5.459479242563247681e-02 6.368035823106765747e-02 2.324960194528102875e-02 5.272015929222106934e-02 1.311879325658082962e-02 1.146923471242189407e-02 2.828951366245746613e-02 3.921909630298614502e-02 2.070924639701843262e-02 5.639289692044258118e-02 5.646022781729698181e-02 3.495429083704948425e-02 1.299558859318494797e-02 4.256818816065788269e-02 5.430866498500108719e-03 3.115512430667877197e-02 1.068134047091007233e-02 4.269004240632057190e-02 2.966587617993354797e-02 5.100464448332786560e-02 6.495018023997545242e-03 1.392405363731086254e-03 2.569941245019435883e-02 2.664685063064098358e-02 9.738669730722904205e-03 1.560817752033472061e-02 1.586961373686790466e-02 1.455543003976345062e-02 4.138797987252473831e-03 9.769570082426071167e-03 3.813202306628227234e-02 5.199434980750083923e-02 4.357989877462387085e-02 5.681589245796203613e-02 5.080397427082061768e-02 8.895208686590194702e-02 5.394230410456657410e-02 5.550929810851812363e-03 3.454022342339158058e-03 3.565672785043716431e-02 1.717698946595191956e-02 1.796793937683105469e-02 8.319148793816566467e-03 1.152390334755182266e-02 1.304207555949687958e-02 4.435901064425706863e-03 1.196750253438949585e-02 2.101257443428039551e-03 2.130022272467613220e-02 2.391533926129341125e-02 2.273563761264085770e-03 3.865761682391166687e-03 7.463181391358375549e-03 1.097151450812816620e-02 1.437138859182596207e-02 3.634714707732200623e-02 4.693371430039405823e-02 1.332029467448592186e-03 3.130074590444564819e-02 1.158957742154598236e-02 1.381121389567852020e-02 1.636949134990572929e-03 2.895457204431295395e-03 3.662409959360957146e-03 1.517584733664989471e-02 3.360666451044380665e-04 9.605151601135730743e-03 8.301028981804847717e-03 4.626265913248062134e-02 1.916212588548660278e-02 2.632768265902996063e-02 9.775975719094276428e-03 2.426985837519168854e-02 4.066818207502365112e-02 4.586442187428474426e-02 3.652599826455116272e-02 2.284874580800533295e-02 3.859685733914375305e-03 1.917851902544498444e-02 4.459750279784202576e-02 2.774686180055141449e-02 3.193999826908111572e-02 3.259171172976493835e-02 2.659003250300884247e-02 2.593065239489078522e-02 1.380813773721456528e-03 2.720950543880462646e-02 1.831456436775624752e-03 1.460371725261211395e-02 3.968074452131986618e-03 3.488500136882066727e-03 2.460268884897232056e-02 9.485066868364810944e-03 2.486595697700977325e-02 4.217143170535564423e-03 1.831495016813278198e-02 2.640975080430507660e-02 1.651922054588794708e-02 1.495973765850067139e-02 1.871100068092346191e-02 2.082956023514270782e-03 1.951670087873935699e-02 6.311664730310440063e-02 2.291966928169131279e-03 9.268424473702907562e-03
1.163629665970802307e-01 2.934470176696777344e-01 2.141314931213855743e-02 2.462944947183132172e-02 6.869546137750148773e-03 1.199796721339225769e-01 1.176194846630096436e-01 3.704718081280589104e-03 2.004484459757804871e-02 1.732355542480945587e-02 6.456626206636428833e-02 6.401682645082473755e-02 6.086609512567520142e-02 5.066080018877983093e-02 6.905601918697357178e-02 1.165126357227563858e-02 2.424152567982673645e-03 6.102011539041996002e-03 3.085679002106189728e-02 3.314849734306335449e-02 3.475296124815940857e-02 3.329124674201011658e-02 3.647010773420333862e-02 9.988071396946907043e-03 4.973226413130760193e-02 9.699149988591670990e-03 2.483513392508029938e-02 1.536610536277294159e-02 2.337641455233097076e-02 3.543051332235336304e-02 4.977663606405258179e-02 9.921518154442310333e-03 1.465630810707807541e-02 2.910686098039150238e-02 3.795686410740017891e-03 1.377667859196662903e-02 1.079507172107696533e-02 6.961697246879339218e-03 2.004053629934787750e-02 1.244456972926855087e-03 8.506214944645762444e-04 2.429335936903953552e-02 4.708164185285568237e-02 3.352184221148490906e-02 3.542371094226837158e-02 5.379174277186393738e-02 8.839950710535049438e-02 8.259315043687820435e-02 3.963773697614669800e-02 1.945463591255247593e-03 2.462392114102840424e-02 7.674575783312320709e-03 7.080181967467069626e-04 2.259177388623356819e-03 1.715280488133430481e-02 2.960792556405067444e-02 2.018567174673080444e-03 2.061620727181434631e-02 1.539497519843280315e-03 5.291548557579517365e-03 3.931886516511440277e-03 5.033887457102537155e-03 7.088410202413797379e-03 1.550019136629998684e-03 2.786334836855530739e-03 1.462434325367212296e-02 1.881288923323154449e-02 8.220656774938106537e-03 1.468078792095184326e-02 6.093597039580345154e-02 1.698649115860462189e-02 6.372030824422836304e-03 2.680561505258083344e-02 6.943191401660442352e-03 6.102034356445074081e-03 1.177005283534526825e-02 1.746525242924690247e-02 1.038870774209499359e-02 2.811688929796218872e-02 7.464092969894409180e-02 9.705667034722864628e-04 1.889830641448497772e-02 1.116752531379461288e-02 3.514191135764122009e-02 2.769513800740242004e-02 3.238841518759727478e-02 2.329326048493385315e-02 1.048962119966745377e-02 9.388286271132528782e-04 5.683976784348487854e-02 3.891931474208831787e-02 4.593027755618095398e-03 5.728932097554206848e-02 2.447443269193172455e-02 3.598465397953987122e-02 1.119393017143011093e-02 3.536666976287961006e-03 1.076580025255680084e-02 1.155967079102993011e-02 1.491228956729173660e-02 2.431664243340492249e-02 2.433081157505512238e-03 1.155381277203559875e-02 5.747109185904264450e-03 2.517107687890529633e-02 7.569323759526014328e-03 4.130085930228233337e-03 1.317846961319446564e-02 1.223810669034719467e-02 1.120524294674396515e-02 2.713783830404281616e-02 9.471750818192958832e-03 5.251870956271886826e-03 4.866286367177963257e-02 5.640519782900810242e-03 2.816710062325000763e-02
2.638261951506137848e-02 2.141314931213855743e-02 1.311292797327041626e-01 7.529875636100769043e-02 3.569383919239044189e-02 4.594561643898487091e-03 3.130431473255157471e-02 1.071766242384910583e-01 7.005824241787195206e-03 5.492503987625241280e-04 3.060340136289596558e-02 4.792149364948272705e-02 1.954877935349941254e-02 4.221264645457267761e-02 5.260205268859863281e-02 2.708094194531440735e-02 9.479585103690624237e-03 4.886329546570777893e-02 3.775491937994956970e-02 7.575514912605285645e-02 2.572618797421455383e-02 4.814361408352851868e-02 1.364899519830942154e-02 4.974614083766937256e-02 3.574364585801959038e-03 6.331904977560043335e-02 4.718028940260410309e-03 1.864170469343662262e-02 2.647736296057701111e-02 5.217855796217918396e-02 2.376621030271053314e-02 5.214028432965278625e-02 3.951769694685935974e-02 9.320095926523208618e-02 4.469810053706169128e-02 1.581763289868831635e-02 3.031167387962341309e-02 5.137381702661514282e-02 1.862132735550403595e-02 1.609295792877674103e-02 1.931041479110717773e-02 5.567372590303421021e-02 3.107643499970436096e-02 6.239048019051551819e-02 3.020377829670906067e-02 6.178875267505645752e-02 4.592571035027503967e-02 5.599576979875564575e-02 8.350634016096591949e-03 4.986259713768959045e-02 9.056747891008853912e-03 3.798957914113998413e-02 2.859831415116786957e-02 1.323680765926837921e-02 1.544987037777900696e-02 7.184348069131374359e-03 3.305870294570922852e-02 7.282042503356933594e-02 5.133307073265314102e-03 1.528480835258960724e-02 2.196116372942924500e-02 3.778377140406519175e-04 3.834979236125946045e-02 3.183936700224876404e-02 2.562838792800903320e-02 1.311183068901300430e-02 8.996660262346267700e-02 9.370243549346923828e-02 3.068076819181442261e-02 2.085388079285621643e-02 2.674254961311817169e-02 6.152467057108879089e-02 3.904768079519271851e-02 5.192007124423980713e-02 3.451720112934708595e-03 2.453174814581871033e-02 2.203559968620538712e-03 1.046819146722555161e-02 1.102155074477195740e-02 6.400746107101440430e-02 1.513626426458358765e-01 2.408760040998458862e-01 5.463404208421707153e-02 4.394331946969032288e-02 1.971516013145446777e-02 5.820318311452865601e-02 7.685954123735427856e-02 6.908937543630599976e-02 1.237918436527252197e-02 1.022069603204727173e-01 5.225616320967674255e-02 6.060799211263656616e-02 5.567991733551025391e-02 6.593061611056327820e-03 2.702694199979305267e-02 2.245373092591762543e-02 3.453889116644859314e-02 2.185483835637569427e-02 9.189480915665626526e-03 1.304573286324739456e-02 2.525712922215461731e-02 3.800343256443738937e-03 4.461592994630336761e-03 1.705737970769405365e-02 1.848103664815425873e-02 9.785530157387256622e-03 1.786060258746147156e-02 1.153375115245580673e-02 2.146136015653610229e-02 1.887352950870990753e-02 6.137583870440721512e-03 4.604338854551315308e-02 4.819886386394500732e-02 1.394555252045392990e-02 3.636009991168975830e-02 4.920671880245208740e-02
2.707036444917321205e-03 2.462944947183132172e-02 7.529875636100769043e-02 2.900482118129730225e-01 1.422529518604278564e-01 2.015349268913269043e-02 2.074013650417327881e-02 2.591548487544059753e-02 5.699412431567907333e-03 1.322236750274896622e-02 1.867729797959327698e-02 4.858956485986709595e-02 2.574072778224945068e-02 1.617050729691982269e-02 6.372248753905296326e-03 4.552002530544996262e-03 1.900395005941390991e-02 1.378222107887268066e-01 8.367237448692321777e-02 3.548926115036010742e-02 3.030232340097427368e-02 3.004508838057518005e-02 6.398429628461599350e-03 2.536976896226406097e-02 3.050010884180665016e-03 3.805089369416236877e-02 1.509606186300516129e-02 2.003131806850433350e-02 2.458587754517793655e-03 2.642433531582355499e-02 4.346230998635292053e-03 5.350082210497930646e-05 4.836931079626083374e-02 4.619383439421653748e-02 6.001234427094459534e-02 2.935288846492767334e-02 3.876611590385437012e-02 2.294568344950675964e-02 4.360985010862350464e-02 5.443802103400230408e-02 2.365800179541110992e-02 2.272027544677257538e-03 2.460793033242225647e-02 1.011291239410638809e-02 5.216480232775211334e-03 2.694126777350902557e-02 2.475731074810028076e-02 5.898317322134971619e-03 1.721487939357757568e-02 2.465010620653629303e-03 2.016803994774818420e-02 2.182148210704326630e-02 2.109626308083534241e-02 4.539113491773605347e-03 5.304987076669931412e-03 2.766976132988929749e-02 2.517954073846340179e-02 3.151554241776466370e-02 2.938975207507610321e-02 1.517642941325902939e-02 7.914404571056365967e-02 3.251533210277557373e-02 6.094309315085411072e-02 6.137555837631225586e-02 1.147218234837055206e-02 1.673131063580513000e-02 2.767725102603435516e-02 5.191010981798171997e-02 1.518546696752309799e-02 3.377301245927810669e-02 2.506919391453266144e-02 5.639289971441030502e-03 8.374766260385513306e-02 5.169513821601867676e-02 8.075476437807083130e-02 3.558041155338287354e-02 2.069673500955104828e-02 9.170988574624061584e-03 5.115414038300514221e-03 7.527207024395465851e-03 8.608677424490451813e-03 1.586670801043510437e-02 1.397020220756530762e-01 5.104396119713783264e-02 1.216034032404422760e-02 8.443672209978103638e-03 6.448175292462110519e-03 2.008682303130626678e-02 2.910384163260459900e-02 2.071718499064445496e-02 3.141370415687561035e-02 4.038493707776069641e-02 8.718888275325298309e-03 5.804797168821096420e-03 3.265706449747085571e-02 2.896180003881454468e-02 3.268535435199737549e-02 1.278357859700918198e-02 2.003433369100093842e-02 1.320106815546751022e-02 3.394902870059013367e-02 4.115600511431694031e-02 2.428858727216720581e-02 1.474850159138441086e-02 1.718727126717567444e-02 1.004376541823148727e-02 4.181599617004394531e-02 5.390250310301780701e-02 2.961270324885845184e-02 4.452215507626533508e-02 2.353528887033462524e-02 1.244672108441591263e-02 4.605560004711151123e-02 8.433530107140541077e-03 1.516130985692143440e-03 3.987811505794525146e-02
4.050390794873237610e-03 6.869546137750148773e-03 3.569383919239044189e-02 1.422529518604278564e-01 2.872203886508941650e-01 7.253252435475587845e-03 2.698838524520397186e-02 2.210145071148872375e-02 4.508017003536224365e-02 4.052426200360059738e-03 6.063076667487621307e-03 3.727448359131813049e-02 4.950462374836206436e-03 8.757977746427059174e-03 7.580923265777528286e-04 2.157549932599067688e-02 1.850135624408721924e-03 1.282338649034500122e-01 1.102826818823814392e-01 5.514723062515258789e-02 7.840821146965026855e-02 1.296318229287862778e-02 1.504229148849844933e-03 1.759851165115833282e-02 3.552349284291267395e-02 1.612962596118450165e-02 3.102003969252109528e-02 1.259255874902009964e-02 9.594460017979145050e-03 5.750682204961776733e-03 9.063137695193290710e-03 4.500675480812788010e-03 2.874248102307319641e-02 3.299874439835548401e-02 5.194460228085517883e-02 1.177744381129741669e-02 4.532538726925849915e-02 1.907203719019889832e-02 9.170436859130859375e-02 9.296290576457977295e-02 4.257274791598320007e-02 1.746250875294208527e-02 3.385376930236816406e-02 7.313363719731569290e-03 7.085192948579788208e-02 4.298302903771400452e-02 3.877038136124610901e-02 2.025560103356838226e-02 1.742481370456516743e-03 1.660021580755710602e-02 5.148292332887649536e-02 4.240657435730099678e-04 2.844662591814994812e-02 4.321232438087463379e-02 1.023717410862445831e-02 4.149685427546501160e-02 2.080333419144153595e-02 1.949046365916728973e-02 8.150921203196048737e-03 2.532718330621719360e-02 5.536428093910217285e-02 4.019341245293617249e-02 7.039135694503784180e-02 4.571161419153213501e-02 3.228265792131423950e-03 9.014040231704711914e-03 3.440894559025764465e-02 3.854596987366676331e-02 3.519209474325180054e-02 8.269022218883037567e-03 7.347600534558296204e-03 3.578699380159378052e-02 1.909793540835380554e-02 2.758280001580715179e-02 1.186821162700653076e-01 2.443542517721652985e-02 1.446099113672971725e-02 1.203416846692562103e-02 4.648463055491447449e-02 2.955841086804866791e-02 1.441879197955131531e-02 5.516823753714561462e-02 1.475817114114761353e-01 1.553189307451248169e-01 1.850054413080215454e-02 1.345685217529535294e-02 2.872875146567821503e-02 3.743297979235649109e-02 7.990638725459575653e-03 4.090335220098495483e-03 2.850779332220554352e-02 6.327251903712749481e-03 1.906003244221210480e-02 3.833701834082603455e-02 4.261224716901779175e-02 3.890316560864448547e-02 2.213640324771404266e-02 3.482056036591529846e-02 6.501402240246534348e-03 3.129591234028339386e-03 5.980129353702068329e-03 3.547535464167594910e-02 3.401971235871315002e-02 6.997565273195505142e-03 8.457176387310028076e-03 9.463205933570861816e-03 3.447239473462104797e-02 5.736503750085830688e-02 2.230702713131904602e-02 6.349773705005645752e-02 2.085587568581104279e-02 2.823582291603088379e-02 2.330276928842067719e-02 4.277300089597702026e-03 2.213023602962493896e-02 2.229597233235836029e-02
1.157947629690170288e-01 1.199796721339225769e-01 4.594561643898487091e-03 2.015349268913269043e-02 7.253252435475587845e-03 3.235561549663543701e-01 1.743694990873336792e-01 1.534680183976888657e-02 2.001155167818069458e-02 5.429730564355850220e-02 5.231707170605659485e-02 1.028799340128898621e-01 4.106451198458671570e-02 4.552644863724708557e-02 3.762071020901203156e-03 4.143308475613594055e-02 3.151832520961761475e-02 8.020139299333095551e-03 6.137227267026901245e-02 1.268452871590852737e-02 1.800404861569404602e-02 1.049678213894367218e-02 3.988480567932128906e-02 2.112578041851520538e-02 8.954122662544250488e-02 2.523527946323156357e-03 2.117310650646686554e-02 1.940942555665969849e-02 2.942860126495361328e-03 2.541183121502399445e-02 4.443254694342613220e-02 2.785435877740383148e-02 3.486408293247222900e-02 4.381835460662841797e-02 1.399948820471763611e-02 5.542840342968702316e-03 1.289583835750818253e-02 2.440029941499233246e-02 3.343749325722455978e-03 2.034637145698070526e-03 1.685539819300174713e-02 4.480121657252311707e-02 4.543567448854446411e-02 3.275701403617858887e-02 4.107868298888206482e-02 8.190140128135681152e-02 1.458238363265991211e-01 1.183878779411315918e-01 2.404646389186382294e-02 4.080887883901596069e-02 4.078555852174758911e-02 1.348703075200319290e-02 3.490282967686653137e-02 2.937512099742889404e-02 1.646406389772891998e-02 8.246661722660064697e-02 6.551083177328109741e-03 3.475277870893478394e-02 2.583142742514610291e-02 3.882851451635360718e-02 3.721312060952186584e-02 3.095060028135776520e-02 2.147027524188160896e-03 2.082430059090256691e-03 1.127848774194717407e-02 1.552525209262967110e-04 2.871928736567497253e-02 2.810720354318618774e-02 4.048218205571174622e-02 3.293859213590621948e-02 2.099405787885189056e-02 9.215212427079677582e-03 1.560929231345653534e-02 1.684374734759330750e-02 3.279957221820950508e-03 3.328482806682586670e-02 4.502405598759651184e-02 4.977578669786453247e-02 4.702082648873329163e-02 8.895785361528396606e-02 5.995566025376319885e-03 5.985776428133249283e-03 6.706079468131065369e-03 4.554521292448043823e-02 4.737310484051704407e-02 3.637267649173736572e-02 1.101016905158758163e-02 4.783527925610542297e-03 6.703156977891921997e-02 5.596468225121498108e-02 5.979305133223533630e-02 6.378802005201578140e-03 8.434350043535232544e-02 9.823757223784923553e-03 3.431377559900283813e-02 7.564296829514205456e-04 1.176112703979015350e-02 3.289463743567466736e-02 2.924864180386066437e-03 2.237089723348617554e-02 2.341911662369966507e-03 2.665408654138445854e-03 1.303331647068262100e-02 5.191531032323837280e-03 3.480869159102439880e-02 5.355494096875190735e-03 1.720938086509704590e-02 2.447788789868354797e-02 3.284868225455284119e-02 4.978571552783250809e-03 3.206932218745350838e-03 2.068836428225040436e-02 1.228732429444789886e-02 4.370052739977836609e-02 1.426041591912508011e-02 4.008717089891433716e-02
9.723288565874099731e-02 1.176194846630096436e-01 3.130431473255157471e-02 2.074013650417327881e-02 2.698838524520397186e-02 1.743694990873336792e-01 3.468862771987915039e-01 1.988780312240123749e-02 1.471435558050870895e-02 3.156965970993041992e-02 4.353768378496170044e-02 1.009713411331176758e-01 3.915300220251083374e-02 8.439538627862930298e-02 8.254281710833311081e-04 1.495247893035411835e-02 2.930012531578540802e-02 7.292589638382196426e-03 3.032202459871768951e-02 1.448830822482705116e-03 2.349768392741680145e-02 1.470572315156459808e-03 1.898580044507980347e-02 4.138534888625144958e-02 6.826727837324142456e-02 2.595147117972373962e-02 1.033944636583328247e-02 1.172675867564976215e-03 2.633766457438468933e-02 1.632323488593101501e-02 5.797239392995834351e-02 7.780049461871385574e-03 2.362253144383430481e-02 2.674077823758125305e-02 1.306008826941251755e-02 6.609621341340243816e-04 1.467719487845897675e-02 9.359777905046939850e-03 5.590555258095264435e-03 2.001003921031951904e-02 7.514474447816610336e-03 3.435663878917694092e-02 5.004942417144775391e-02 6.164009124040603638e-02 2.218659408390522003e-02 1.994084753096103668e-02 1.578412652015686035e-01 1.515488177537918091e-01 4.779013246297836304e-02 2.192567335441708565e-03 2.582418546080589294e-02 2.070215530693531036e-02 2.216061204671859741e-02 3.827839344739913940e-02 8.572149090468883514e-03 6.579440087080001831e-02 4.797382280230522156e-03 3.345111384987831116e-02 3.073982894420623779e-02 3.288400545716285706e-02 1.706318557262420654e-02 7.788414222886785865e-05 1.268769497983157635e-03 1.910546608269214630e-02 1.271910313516855240e-02 6.551039405167102814e-03 2.148661017417907715e-02 5.333160515874624252e-03 2.349155768752098083e-02 2.122829901054501534e-03 8.109812624752521515e-03 3.507506474852561951e-02 9.035550057888031006e-03 1.738834567368030548e-02 5.974686704576015472e-03 6.290012039244174957e-03 3.030685521662235260e-02 2.154745720326900482e-02 4.512928053736686707e-02 2.712661586701869965e-02 2.407664619386196136e-02 1.235923357307910919e-02 1.433375570923089981e-02 1.449796021915972233e-03 4.597084131091833115e-03 1.076989434659481049e-02 1.540373265743255615e-02 1.560135930776596069e-02 4.362701997160911560e-02 8.267423510551452637e-02 7.921142131090164185e-02 3.343681618571281433e-02 1.145557910203933716e-01 2.269826829433441162e-02 3.139429166913032532e-02 1.845117844641208649e-02 1.956998929381370544e-02 2.653717435896396637e-02 6.038581486791372299e-03 2.863043919205665588e-02 9.775520302355289459e-03 7.023516111075878143e-03 2.350184513488784432e-05 2.275633439421653748e-02 2.548789232969284058e-02 1.321789575740695000e-03 2.015903778374195099e-02 3.549036383628845215e-02 2.374693378806114197e-02 6.861539557576179504e-03 8.583971299231052399e-03 2.695071883499622345e-02 1.845094934105873108e-02 2.496263198554515839e-02 2.166646718978881836e-02 4.261699318885803223e-02
4.905905574560165405e-03 3.704718081280589104e-03 1.071766242384910583e-01 2.591548487544059753e-02 2.210145071148872375e-02 1.534680183976888657e-02 1.988780312240123749e-02 1.750532686710357666e-01 1.325336843729019165e-02 7.886040955781936646e-03 2.261706627905368805e-02 5.070295929908752441e-02 2.387864142656326294e-02 7.324940990656614304e-03 1.041188165545463562e-01 1.974909938871860504e-02 8.905252907425165176e-04 2.900614868849515915e-03 7.364536635577678680e-03 8.899437636137008667e-02 7.353261858224868774e-02 2.960738725960254669e-02 4.442660603672266006e-03 2.051641792058944702e-02 2.568339183926582336e-02 5.387214571237564087e-02 2.040197141468524933e-02 1.580546796321868896e-02 3.743238002061843872e-02 1.464501116424798965e-02 1.096207462251186371e-02 1.124735549092292786e-02 2.196715213358402252e-02 3.266237303614616394e-02 2.025063522160053253e-02 4.924783855676651001e-02 3.090579435229301453e-02 2.429738640785217285e-03 7.351407781243324280e-03 1.327404193580150604e-02 8.643065579235553741e-03 3.063074685633182526e-02 2.373128756880760193e-02 2.946519106626510620e-02 3.855141624808311462e-02 4.663199931383132935e-02 4.147970676422119141e-02 2.076375298202037811e-02 3.403698094189167023e-03 9.163198992609977722e-03 4.263844341039657593e-02 1.198983471840620041e-02 2.268860116600990295e-02 8.374419063329696655e-03 2.464177960064262152e-04 3.472845628857612610e-02 1.171924173831939697e-02 3.148198127746582031e-02 6.664150953292846680e-02 2.925757318735122681e-02 1.168735697865486145e-02 1.146461628377437592e-02 1.356107369065284729e-02 2.144121192395687103e-02 6.025477778166532516e-03 7.702286820858716965e-03 3.807160630822181702e-02 7.777068763971328735e-02 5.496571213006973267e-02 8.466504514217376709e-03 2.981589175760746002e-02 1.318661868572235107e-02 2.481130696833133698e-02 5.061290413141250610e-02 1.160773169249296188e-02 2.309244312345981598e-02 4.610170144587755203e-04 1.825172640383243561e-02 1.789030991494655609e-02 3.965904191136360168e-02 1.671211123466491699e-01 1.620534360408782959e-01 8.165666833519935608e-03 6.743247155100107193e-03 8.680879138410091400e-03 3.968560695648193359e-02 8.974876999855041504e-02 1.078211441636085510e-01 2.796559408307075500e-02 3.110207151621580124e-03 2.550167590379714966e-02 1.109248120337724686e-02 4.825289826840162277e-03 1.251619681715965271e-02 4.438178613781929016e-02 7.787440437823534012e-03 2.251628786325454712e-02 3.271673107519745827e-03 6.513583939522504807e-04 1.280412659980356693e-03 2.225600741803646088e-02 2.396368235349655151e-02 3.513029776513576508e-03 6.245047599077224731e-02 7.090960629284381866e-03 4.975151270627975464e-02 1.646517962217330933e-02 9.402743540704250336e-03 2.907334594056010246e-03 2.841043472290039062e-02 3.282918035984039307e-02 7.396045606583356857e-03 4.744144901633262634e-02 3.173433244228363037e-02 4.021845012903213501e-02 1.705490425229072571e-02
1.193337794393301010e-02 2.004484459757804871e-02 7.005824241787195206e-03 5.699412431567907333e-03 4.508017003536224365e-02 2.001155167818069458e-02 1.471435558050870895e-02 1.325336843729019165e-02 2.286856770515441895e-01 7.800743728876113892e-02 3.006259445101022720e-03 1.178513243794441223e-01 3.278706222772598267e-02 5.270394962280988693e-03 3.397256368771195412e-03 7.045831531286239624e-02 6.851281970739364624e-02 8.949878811836242676e-02 1.099956594407558441e-02 3.353135660290718079e-03 3.965888172388076782e-02 1.817587064579129219e-03 4.304134473204612732e-02 5.741451308131217957e-02 4.149135947227478027e-02 5.086999386548995972e-03 3.195241466164588928e-02 2.056583948433399200e-02 3.283589705824851990e-02 3.475148230791091919e-02 1.057910383678972721e-03 3.831306099891662598e-02 1.927659660577774048e-02 1.753121800720691681e-02 2.056898176670074463e-02 1.072618737816810608e-02 4.394579306244850159e-02 3.786598518490791321e-02 6.785519886761903763e-03 6.002791598439216614e-02 1.428553275763988495e-02 9.178560227155685425e-02 5.959732830524444580e-02 2.200116403400897980e-02 1.736952178180217743e-02 1.668231002986431122e-02 1.048801699653267860e-03 3.961118683218955994e-02 9.258916974067687988e-02 3.935082256793975830e-02 5.101905763149261475e-02 2.597697079181671143e-02 1.160454936325550079e-02 1.388374809175729752e-02 1.242762878537178040e-01 1.564399152994155884e-02 6.228952202945947647e-03 8.377745747566223145e-03 5.233659408986568451e-03 5.334309767931699753e-03 3.537638485431671143e-02 1.404633745551109314e-02 2.217723987996578217e-02 5.491958465427160263e-03 8.001335896551609039e-03 2.458954229950904846e-02 2.772152423858642578e-02 1.028157118707895279e-02 1.696820408105850220e-01 8.953160792589187622e-02 1.018764376640319824e-01 1.580492779612541199e-02 3.854579105973243713e-02 1.580158621072769165e-02 3.146235644817352295e-02 7.340023876167833805e-04 2.049192488193511963e-01 8.203907310962677002e-02 6.907413154840469360e-02 2.389580383896827698e-02 2.015874721109867096e-02 6.423068791627883911e-02 6.483969092369079590e-02 5.626158323138952255e-03 4.160117357969284058e-03 6.486941874027252197e-02 5.074630025774240494e-03 3.138281172141432762e-03 9.818460047245025635e-02 6.462918967008590698e-02 1.535069197416305542e-02 5.286122485995292664e-02 1.610488072037696838e-02 1.037226803600788116e-02 5.444773659110069275e-02 5.559590458869934082e-02 4.447632527444511652e-04 2.230736240744590759e-02 4.466920718550682068e-02 3.513269592076539993e-03 2.081638900563120842e-03 3.239070624113082886e-02 3.787078335881233215e-02 1.784843334462493658e-04 2.471045590937137604e-02 3.861424326896667480e-02 1.109275544877164066e-04 2.759419148787856102e-04 2.195336483418941498e-02 3.370727971196174622e-02 1.137141231447458267e-02 4.996312782168388367e-02 2.012097649276256561e-02 4.556179419159889221e-02 3.462698805378749967e-05 2.983924699947237968e-03
8.560759946703910828e-03 1.732355542480945587e-02 5.492503987625241280e-04 1.322236750274896622e-02 4.052426200360059738e-03 5.429730564355850220e-02 3.156965970993041992e-02 7.886040955781936646e-03 7.800743728876113892e-02 2.645815610885620117e-01 5.239597056061029434e-03 1.050912961363792419e-01 4.824812989681959152e-03 8.298528380692005157e-03 3.892335295677185059e-02 4.026076570153236389e-02 8.011835068464279175e-02 4.190042987465858459e-02 7.294724881649017334e-02 4.992558155208826065e-03 2.855687029659748077e-02 3.336596488952636719e-02 3.098843386396765709e-03 2.546672709286212921e-02 1.369431335479021072e-02 2.079528942704200745e-02 4.621373955160379410e-03 3.053682856261730194e-02 9.525358676910400391e-03 6.628161296248435974e-03 2.292808704078197479e-02 1.967566646635532379e-02 6.812265608459711075e-03 3.254443034529685974e-02 3.331279382109642029e-02 4.806547239422798157e-02 1.185872964560985565e-02 1.267928630113601685e-03 1.279835961759090424e-02 1.289656851440668106e-02 2.021485939621925354e-03 1.347951218485832214e-02 3.096984699368476868e-02 9.640620090067386627e-03 3.835839778184890747e-02 2.747636660933494568e-02 3.591780364513397217e-02 4.153500869870185852e-02 5.136987939476966858e-02 1.410816162824630737e-01 3.832504898309707642e-02 8.980917744338512421e-03 2.152706310153007507e-02 3.688173368573188782e-02 1.066626608371734619e-02 1.006314828991889954e-01 6.190181151032447815e-02 2.427073940634727478e-02 3.756665391847491264e-03 2.658785879611968994e-02 1.601312123239040375e-02 9.600557386875152588e-04 3.992124274373054504e-02 1.478502806276082993e-02 3.039632551372051239e-02 4.662657901644706726e-02 7.600335776805877686e-02 6.709048151969909668e-02 5.400843918323516846e-02 3.911102190613746643e-02 8.818592876195907593e-02 3.936076909303665161e-02 6.256078928709030151e-02 1.292116381227970123e-02 3.132811980322003365e-03 2.164196595549583435e-02 3.379238396883010864e-02 1.283965557813644409e-01 1.810377649962902069e-02 1.310968399047851562e-01 1.867976225912570953e-02 4.889448732137680054e-02 2.780039049685001373e-02 5.994897335767745972e-02 3.385974466800689697e-02 6.768619269132614136e-02 3.867805935442447662e-03 1.060060807503759861e-03 7.832792587578296661e-03 7.986919023096561432e-03 4.727528989315032959e-02 4.171716049313545227e-03 1.275943499058485031e-02 3.035665117204189301e-02 3.245484456419944763e-02 2.156959474086761475e-02 1.724039763212203979e-02 2.079940959811210632e-02 2.824830263853073120e-02 2.806918881833553314e-02 3.022713027894496918e-02 3.973509650677442551e-03 1.059357891790568829e-03 1.979488879442214966e-02 4.217082634568214417e-02 2.998329699039459229e-02 3.235001862049102783e-02 2.036630734801292419e-02 2.840113081037998199e-02 3.880979958921670914e-03 5.272021889686584473e-02 1.556045189499855042e-02 1.330266892910003662e-02 6.750943604856729507e-03 2.248328365385532379e-02 1.786219771020114422e-03
1.010084971785545349e-01 6.456626206636428833e-02 3.060340136289596558e-02 1.867729797959327698e-02 6.063076667487621307e-03 5.231707170605659485e-02 4.353768378496170044e-02 2.261706627905368805e-02 3.006259445101022720e-03 5.239597056061029434e-03 2.214036881923675537e-01 1.117611117660999298e-02 7.994622737169265747e-02 2.680251188576221466e-02 2.956907264888286591e-02 2.977255545556545258e-02 4.088173061609268188e-02 1.091677695512771606e-02 1.546148490160703659e-02 7.323709316551685333e-03 4.413539916276931763e-02 4.297338426113128662e-02 7.403250318020582199e-03 3.378300741314888000e-02 1.824796944856643677e-02 1.955150999128818512e-02 2.255700156092643738e-02 1.852385699748992920e-02 8.183266222476959229e-02 4.326839372515678406e-02 4.158422350883483887e-02 8.473514579236507416e-03 1.196481380611658096e-02 1.863286644220352173e-02 2.627336420118808746e-02 4.869377706199884415e-03 2.215624041855335236e-02 3.049950115382671356e-02 9.350025095045566559e-03 5.901008844375610352e-03 2.935381233692169189e-02 8.589598350226879120e-03 2.552488632500171661e-02 2.964518219232559204e-02 8.603170514106750488e-02 1.308383326977491379e-02 6.294006109237670898e-02 1.873836852610111237e-02 1.706224493682384491e-02 2.340291999280452728e-02 3.131287172436714172e-02 8.651500567793846130e-03 9.532145224511623383e-03 1.113903336226940155e-02 2.276458963751792908e-02 4.159213975071907043e-02 1.570910960435867310e-02 7.065066602081060410e-03 1.963246986269950867e-02 3.244254272431135178e-03 9.226901456713676453e-03 1.918020285665988922e-02 6.518955342471599579e-03 6.163937039673328400e-03 5.826222896575927734e-02 3.623971343040466309e-02 4.145773500204086304e-02 2.190938405692577362e-02 9.550260379910469055e-03 1.110635884106159210e-02 9.130762191489338875e-05 2.092915773391723633e-02 2.196962572634220123e-02 2.389514818787574768e-02 2.040690556168556213e-02 8.842220529913902283e-03 9.957925416529178619e-03 5.349290440790355206e-04 3.647380694746971130e-02 1.084137987345457077e-02 2.186646685004234314e-02 2.439925633370876312e-02 1.095960661768913269e-02 5.601480975747108459e-02 2.582337707281112671e-02 5.961474031209945679e-02 4.435333609580993652e-02 2.756895683705806732e-02 1.154298800975084305e-02 1.496267877519130707e-02 5.286241695284843445e-02 3.636934608221054077e-02 1.597137935459613800e-02 2.453457005321979523e-02 2.410485967993736267e-02 1.778267510235309601e-02 2.469790400937199593e-03 7.794620469212532043e-03 1.569167897105216980e-02 8.804198354482650757e-03 1.335252355784177780e-02 8.859518915414810181e-03 3.067006357014179230e-02 1.350528094917535782e-02 1.687826029956340790e-02 1.240398641675710678e-02 3.142354544252157211e-03 6.416037678718566895e-03 2.443632856011390686e-02 1.618952490389347076e-03 4.803832154721021652e-03 1.053902320563793182e-02 2.970180660486221313e-02 6.966007500886917114e-02 1.434039417654275894e-02 5.481374263763427734e-02
5.459479242563247681e-02 6.401682645082473755e-02 4.792149364948272705e-02 4.858956485986709595e-02 3.727448359131813049e-02 1.028799340128898621e-01 1.009713411331176758e-01 5.070295929908752441e-02 1.178513243794441223e-01 1.050912961363792419e-01 1.117611117660999298e-02 2.541277110576629639e-01 1.881493441760540009e-02 2.859352529048919678e-01 1.015112921595573425e-02 2.084219455718994141e-02 1.408940181136131287e-02 3.436091169714927673e-02 4.782124981284141541e-02 1.264503691345453262e-03 3.562064096331596375e-02 1.409138552844524384e-02 1.327727884054183960e-01 9.065704047679901123e-02 3.767289966344833374e-02 4.877280816435813904e-02 2.237382717430591583e-02 1.365113109350204468e-01 6.752028316259384155e-02 1.260299533605575562e-01 3.204304352402687073e-02 6.519650574773550034e-03 3.476210637018084526e-03 2.003660611808300018e-02 1.998794823884963989e-02 1.133599039167165756e-02 2.504070475697517395e-02 7.836249656975269318e-03 2.014075778424739838e-02 2.858236618340015411e-02 4.249777272343635559e-02 1.556991832330822945e-03 6.217210367321968079e-02 2.448481693863868713e-02 4.052696004509925842e-02 6.016904488205909729e-02 4.521207511425018311e-02 6.181264296174049377e-02 2.088856510818004608e-02 5.881432443857192993e-03 9.215957671403884888e-02 3.087350912392139435e-02 2.717532776296138763e-02 3.674528747797012329e-02 1.248559169471263885e-02 2.587025752291083336e-03 7.659370079636573792e-03 9.511929005384445190e-03 6.013546884059906006e-02 2.764687128365039825e-02 1.075734570622444153e-02 3.856210783123970032e-02 1.734310761094093323e-02 9.647405706346035004e-03 2.921656519174575806e-02 2.402254007756710052e-02 6.430068518966436386e-03 1.343941409140825272e-02 2.859758911654353142e-03 5.851448327302932739e-02 2.778796106576919556e-02 3.422423079609870911e-02 1.835194788873195648e-02 1.350914360955357552e-03 3.424185141921043396e-02 1.484678592532873154e-02 6.886264681816101074e-02 4.282074049115180969e-02 6.975341588258743286e-02 5.839121341705322266e-02 3.387612476944923401e-02 3.519858792424201965e-02 5.811962857842445374e-02 2.267591468989849091e-02 1.406035502441227436e-03 6.549278646707534790e-02 5.297057330608367920e-03 1.641466980800032616e-03 1.109144389629364014e-01 1.086608842015266418e-01 2.066437713801860809e-02 3.568216785788536072e-02 3.145236894488334656e-02 3.337087482213973999e-02 1.167710963636636734e-02 4.275533929467201233e-02 1.734967716038227081e-02 2.931624278426170349e-02 3.420822322368621826e-02 6.643994152545928955e-02 4.501099511981010437e-02 3.416506573557853699e-02 4.846338555216789246e-02 2.875030413269996643e-02 1.101180911064147949e-02 1.608084701001644135e-02 3.812462836503982544e-02 5.617673322558403015e-02 3.182258456945419312e-02 4.703176021575927734e-02 3.777150809764862061e-02 4.452992230653762817e-02 4.783637449145317078e-02 8.665818721055984497e-02 9.340988472104072571e-03 1.472341176122426987e-02
6.368035823106765747e-02 6.086609512567520142e-02 1.954877935349941254e-02 2.574072778224945068e-02 4.950462374836206436e-03 4.106451198458671570e-02 3.915300220251083374e-02 2.387864142656326294e-02 3.278706222772598267e-02 4.824812989681959152e-03 7.994622737169265747e-02 1.881493441760540009e-02 2.304119020700454712e-01 1.640494738239794970e-04 5.846457555890083313e-02 2.664570324122905731e-02 2.506581321358680725e-02 1.802993379533290863e-02 2.799235098063945770e-02 1.982312463223934174e-02 1.012991368770599365e-02 3.360333666205406189e-02 2.170037245377898216e-03 2.909901924431324005e-02 5.721385404467582703e-02 1.395252067595720291e-02 2.069118805229663849e-02 3.523722663521766663e-02 4.045179113745689392e-02 3.324358537793159485e-02 4.755622893571853638e-02 1.494117639958858490e-02 3.583344165235757828e-03 1.070805639028549194e-02 1.326003298163414001e-02 3.257799521088600159e-02 1.418860536068677902e-02 3.107530996203422546e-02 9.261032100766897202e-04 3.468544688075780869e-03 1.273082848638296127e-02 2.329901605844497681e-02 4.433672502636909485e-02 2.164158225059509277e-02 5.332434922456741333e-02 2.657928317785263062e-02 3.770757839083671570e-02 4.773186519742012024e-02 1.172293815761804581e-02 1.756953075528144836e-02 2.746980823576450348e-02 3.280635178089141846e-02 1.553294900804758072e-02 2.566035464406013489e-02 8.399599231779575348e-03 4.409608989953994751e-02 2.510096877813339233e-03 6.342875305563211441e-03 1.466619037091732025e-02 1.873496919870376587e-02 1.278967317193746567e-02 6.061646156013011932e-03 2.400565659627318382e-03 4.926549736410379410e-03 3.350001201033592224e-02 3.878838941454887390e-02 2.112678484991192818e-03 1.847078837454319000e-02 3.430643305182456970e-02 8.625578135251998901e-03 2.724458463490009308e-03 2.957713790237903595e-02 1.810107938945293427e-02 1.691212505102157593e-02 2.514357492327690125e-02 2.173393405973911285e-02 1.473286841064691544e-02 4.491128027439117432e-03 4.052118863910436630e-03 1.832780055701732635e-02 2.387866936624050140e-02 1.787079870700836182e-02 1.951935235410928726e-03 5.145909264683723450e-02 3.674998506903648376e-02 1.855554431676864624e-02 3.528722003102302551e-02 3.533994778990745544e-02 5.544716026633977890e-03 2.461336553096771240e-02 3.111961111426353455e-02 3.100616671144962311e-02 3.393915668129920959e-02 4.031061753630638123e-02 4.213152453303337097e-02 2.630778588354587555e-02 1.585563761182129383e-03 1.377827767282724380e-02 9.772946359589695930e-04 1.956300064921379089e-02 1.680496847257018089e-03 4.161845892667770386e-03 2.156634442508220673e-02 3.947850782424211502e-03 6.294242211879463866e-06 5.860190372914075851e-03 8.523296564817428589e-03 2.022350206971168518e-02 3.591298125684261322e-03 9.631868451833724976e-03 3.645957913249731064e-03 3.419253043830394745e-03 9.505513124167919159e-03 5.495095998048782349e-02 1.250448264181613922e-02 1.709623076021671295e-02
