1.540229022502899170e-01 2.855669558048248291e-01 2.406279742717742920e-02 6.698969285935163498e-03 2.216541022062301636e-02 1.388668715953826904e-01 1.507138609886169434e-01 6.439766287803649902e-02 2.660298161208629608e-02 4.302963986992835999e-02 2.006704211235046387e-01 2.696033567190170288e-03 1.451974213123321533e-01 1.479444443248212337e-03 5.158763378858566284e-02 1.525201927870512009e-02 2.456321008503437042e-02 5.193318426609039307e-02 2.923798933625221252e-02 1.294432580471038818e-02 3.764489665627479553e-02 8.790791034698486328e-02 3.861271589994430542e-02 1.802295260131359100e-02 2.782088890671730042e-02 4.818885028362274170e-02 3.167175874114036560e-02 7.824587076902389526e-02 3.013574983924627304e-03 1.083357166498899460e-02 5.106075853109359741e-02 1.504334062337875366e-02 3.675240650773048401e-02 3.913477435708045959e-02 4.359041526913642883e-02 3.402451425790786743e-02 4.047941183671355247e-04 3.475251048803329468e-02 2.852280996739864349e-02 1.805781386792659760e-02 2.979601174592971802e-02 2.795753814280033112e-02 8.745139348320662975e-04 7.801378611475229263e-03 1.393440924584865570e-02 4.661108925938606262e-02 2.276787906885147095e-02 2.388216927647590637e-02 1.320000179111957550e-02 7.080107182264328003e-02 1.244149170815944672e-02 1.000466989353299141e-03 1.325247623026371002e-02 1.271943654865026474e-02 7.199867628514766693e-03 2.429807744920253754e-02 5.359127372503280640e-02 5.492430925369262695e-02 2.528345957398414612e-02 1.065775379538536072e-02 2.969125285744667053e-02 1.490209251642227173e-02 9.807447902858257294e-03 2.764408662915229797e-02 7.324856123887002468e-04 6.270889658480882645e-03 2.278267964720726013e-02 2.518903277814388275e-02 2.479996345937252045e-02 3.827026486396789551e-02 4.363083839416503906e-02 4.758613929152488708e-02 8.106625638902187347e-03 2.647569775581359863e-02 8.352698758244514465e-03 3.617889888118952513e-04 7.635726593434810638e-03 2.038143575191497803e-03 3.198326379060745239e-02 1.104679517447948456e-02 2.934813313186168671e-02 1.407417934387922287e-02 3.763944655656814575e-02 5.584199726581573486e-02 9.569088928401470184e-03 3.303750883787870407e-03 7.722071558237075806e-02 1.889489404857158661e-02 5.466170143336057663e-03 1.132597913965582848e-03 8.431340008974075317e-02 1.001975163817405701e-01 5.831157416105270386e-02 1.007482334971427917e-01 2.568899281322956085e-02 2.370380796492099762e-02 1.514561474323272705e-02 2.936069667339324951e-02 3.358323872089385986e-02 3.261130768805742264e-03 5.503036826848983765e-02 3.407618775963783264e-02 2.081850171089172363e-02 2.638823166489601135e-02 3.009692952036857605e-02 2.629254758358001709e-02 9.790409356355667114e-03 2.393183298408985138e-02 3.340896591544151306e-02 1.687162928283214569e-02 1.893199793994426727e-02 3.929502889513969421e-02 1.345744170248508453e-02 4.808075353503227234e-02 2.154080942273139954e-02 5.225446447730064392e-02
2.855669558048248291e-01 1.378913819789886475e-01 1.993996463716030121e-02 7.559593766927719116e-03 1.026291493326425552e-02 1.257922649383544922e-01 1.689542979001998901e-01 5.216716602444648743e-02 2.872853353619575500e-02 3.864207863807678223e-02 1.176650300621986389e-01 1.167738251388072968e-02 1.753367632627487183e-01 1.676900312304496765e-02 5.749441310763359070e-02 1.599622331559658051e-02 2.013706229627132416e-02 5.472254380583763123e-02 1.000315882265567780e-02 1.013069078326225281e-01 1.020287908613681793e-02 7.426267117261886597e-02 1.840432174503803253e-02 3.773993253707885742e-02 1.207383349537849426e-02 2.949997968971729279e-02 2.214742079377174377e-02 6.237916648387908936e-02 4.469915758818387985e-03 2.050182549282908440e-03 4.497291520237922668e-02 5.340300034731626511e-03 1.490217447280883789e-02 3.428623452782630920e-02 4.424781724810600281e-02 6.952375173568725586e-02 1.424409914761781693e-02 2.526350505650043488e-02 9.046460501849651337e-03 1.816545799374580383e-02 2.322343550622463226e-02 2.213068306446075439e-02 2.624774724245071411e-02 7.774853706359863281e-02 7.930102758109569550e-03 5.502571538090705872e-02 2.093057846650481224e-03 2.629873901605606079e-02 7.283274549990892410e-03 6.294430792331695557e-02 5.062656011432409286e-03 3.920699283480644226e-02 2.988500148057937622e-02 2.804501727223396301e-02 1.990535669028759003e-02 1.108804903924465179e-02 1.850777119398117065e-02 3.844606131315231323e-02 3.287244960665702820e-02 1.021487265825271606e-02 1.834080927073955536e-02 3.635928407311439514e-02 1.705796271562576294e-02 2.421086654067039490e-03 3.215066716074943542e-02 4.691277164965867996e-03 2.678732201457023621e-02 3.790416056290268898e-03 2.668292075395584106e-02 2.054332988336682320e-03 2.192210406064987183e-03 5.190023779869079590e-02 2.067875862121582031e-02 2.010853216052055359e-02 4.086874797940254211e-02 1.616476476192474365e-02 1.811394467949867249e-02 1.776453293859958649e-02 2.484611980617046356e-02 1.707067154347896576e-02 2.807018719613552094e-02 2.850407734513282776e-02 5.953842774033546448e-02 8.734305202960968018e-02 2.295200526714324951e-02 1.773845218122005463e-02 1.551842130720615387e-02 1.376414764672517776e-02 1.395666040480136871e-03 7.767729926854372025e-03 6.951685994863510132e-02 6.655738502740859985e-02 4.513939097523689270e-02 1.223770156502723694e-01 2.383789420127868652e-02 4.059585556387901306e-02 3.582222387194633484e-02 4.406768828630447388e-02 2.046616561710834503e-02 6.340274587273597717e-03 6.747065111994743347e-03 1.661939173936843872e-02 2.321576699614524841e-02 2.508427575230598450e-02 8.978327736258506775e-03 2.814174816012382507e-02 3.537612408399581909e-02 1.637118123471736908e-02 2.027411683229729533e-04 3.089920245110988617e-02 6.177930161356925964e-02 4.642033483833074570e-03 4.960197489708662033e-03 3.805588185787200928e-02 4.282405227422714233e-02 8.494804613292217255e-03
2.406279742717742920e-02 1.993996463716030121e-02 8.196014910936355591e-03 3.895195201039314270e-02 6.387687474489212036e-02 1.414678874425590038e-03 1.375081297010183334e-02 1.972916275262832642e-01 2.379774348810315132e-03 1.702968962490558624e-03 5.372219532728195190e-02 1.580089703202247620e-02 8.309810422360897064e-03 5.364783853292465210e-02 1.835155673325061798e-02 8.223934099078178406e-03 6.009733304381370544e-02 7.708001881837844849e-02 4.621680453419685364e-02 5.971738696098327637e-02 3.209665417671203613e-02 4.628933966159820557e-03 1.312313508242368698e-02 4.231401719152927399e-03 1.664033345878124237e-02 1.281615439802408218e-02 1.872917823493480682e-02 2.648987108841538429e-03 9.267339482903480530e-04 6.735367700457572937e-03 1.800233684480190277e-02 8.192699751816689968e-04 3.338129818439483643e-02 7.601000834256410599e-03 4.628796502947807312e-02 1.919540110975503922e-03 1.440580375492572784e-02 2.191788330674171448e-02 3.155950084328651428e-02 2.660591155290603638e-02 3.865890204906463623e-02 4.495928063988685608e-02 4.776458814740180969e-02 1.888082548975944519e-02 3.921711444854736328e-02 3.885728493332862854e-02 6.083818152546882629e-03 5.200686864554882050e-03 3.849881887435913086e-02 5.740795284509658813e-02 5.299006775021553040e-02 3.897668421268463135e-02 2.212519990280270576e-03 4.363525286316871643e-02 4.072928801178932190e-02 4.229097440838813782e-02 1.143684796988964081e-02 3.677914664149284363e-02 2.183541655540466309e-02 4.149527475237846375e-02 2.934507466852664948e-02 2.205971628427505493e-02 2.254241332411766052e-02 2.911514975130558014e-02 2.349810488522052765e-02 8.964353241026401520e-03 2.931932918727397919e-02 2.332294359803199768e-02 3.427277505397796631e-02 2.395934425294399261e-02 5.100317765027284622e-03 6.137134972959756851e-03 2.686128579080104828e-02 4.282487183809280396e-02 3.705707192420959473e-02 2.115295082330703735e-02 5.665201693773269653e-03 1.166653912514448166e-02 2.558127976953983307e-03 1.583679392933845520e-02 2.896418869495391846e-01 1.447037011384963989e-01 1.344081759452819824e-01 4.490533471107482910e-02 2.849328890442848206e-02 4.207680374383926392e-02 5.449551343917846680e-02 6.269679218530654907e-02 1.560600940138101578e-02 3.165636444464325905e-03 1.127653941512107849e-02 2.244910225272178650e-02 2.133782394230365753e-02 7.992513477802276611e-03 3.539982065558433533e-02 3.696483792737126350e-03 8.647570386528968811e-03 6.856714375317096710e-03 2.047161571681499481e-02 1.116042211651802063e-02 4.395947232842445374e-02 4.785728082060813904e-02 3.089156467467546463e-03 1.794202625751495361e-02 3.633222356438636780e-02 5.329873529262840748e-04 1.852407678961753845e-02 1.529954653233289719e-02 1.558453589677810669e-02 4.164802655577659607e-02 3.244656370952725410e-03 6.190779618918895721e-03 1.083332113921642303e-02 6.179672852158546448e-02 4.603734239935874939e-02 2.525384351611137390e-02
6.698969285935163498e-03 7.559593766927719116e-03 3.895195201039314270e-02 1.016419827938079834e-01 3.871691823005676270e-01 3.586034523323178291e-03 6.138450931757688522e-03 2.277207374572753906e-02 3.069523349404335022e-02 8.243127167224884033e-02 3.775299340486526489e-02 3.771574050188064575e-02 1.239972468465566635e-02 1.022565830498933792e-02 4.055735468864440918e-02 7.397131994366645813e-03 1.163228508085012436e-02 6.195411086082458496e-02 4.993841424584388733e-02 6.177738308906555176e-03 3.048868291079998016e-02 1.042292565107345581e-01 2.476926892995834351e-02 2.908029966056346893e-02 4.280244186520576477e-02 1.572668366134166718e-02 3.761988505721092224e-02 2.220181189477443695e-02 5.978415533900260925e-02 4.699068889021873474e-02 1.804439723491668701e-02 2.533998340368270874e-04 6.558874994516372681e-02 1.710240170359611511e-02 4.889661818742752075e-02 1.035608630627393723e-02 2.334252186119556427e-02 3.551669791340827942e-02 1.628305204212665558e-02 5.697203055024147034e-02 1.580860093235969543e-02 2.072149701416492462e-02 3.147970885038375854e-02 4.811829701066017151e-02 8.032952435314655304e-03 6.340709980577230453e-03 5.812777206301689148e-03 3.048317879438400269e-02 4.097042232751846313e-02 8.992357179522514343e-03 1.829660683870315552e-02 4.907702282071113586e-02 2.131419721990823746e-03 2.498292922973632812e-02 2.606595680117607117e-02 3.449529409408569336e-02 2.181788533926010132e-02 2.010305039584636688e-02 4.005876556038856506e-02 2.034973911941051483e-02 2.261767350137233734e-02 7.940397597849369049e-03 7.141224294900894165e-02 4.270556569099426270e-02 4.151704162359237671e-02 2.026934362947940826e-02 3.155528753995895386e-02 3.183211758732795715e-02 1.098438538610935211e-02 7.381142675876617432e-02 5.865384358912706375e-03 2.246845746412873268e-03 2.789160013198852539e-01 5.346822366118431091e-02 1.922276318073272705e-01 8.963703876361250877e-04 5.350445583462715149e-02 3.074453584849834442e-02 7.955381646752357483e-03 1.830864464864134789e-03 2.167691662907600403e-02 7.067746669054031372e-02 1.257473677396774292e-01 8.141445368528366089e-02 5.100287031382322311e-03 6.441548001021146774e-03 2.835202030837535858e-02 4.058545082807540894e-02 2.745759859681129456e-02 2.880569174885749817e-02 3.763511776924133301e-02 1.506002526730298996e-02 1.234009687323123217e-04 5.309146642684936523e-02 6.711056921631097794e-03 1.323324441909790039e-02 1.734751276671886444e-02 2.166539197787642479e-03 4.586967825889587402e-02 2.232914976775646210e-02 7.063876837491989136e-03 3.908663615584373474e-02 2.063131332397460938e-02 2.333004213869571686e-02 4.559180885553359985e-02 5.437837913632392883e-02 2.418739162385463715e-02 4.199031740427017212e-02 5.062749236822128296e-02 4.656830057501792908e-02 1.206218963488936424e-03 1.416046055965125561e-03 1.366807892918586731e-02 3.308415785431861877e-02 2.766931243240833282e-02 5.790931731462478638e-02
2.216541022062301636e-02 1.026291493326425552e-02 6.387687474489212036e-02 3.871691823005676270e-01 6.548602879047393799e-02 1.514760032296180725e-02 1.623743958771228790e-02 1.999465934932231903e-02 8.004596829414367676e-02 4.073344916105270386e-02 2.474652417004108429e-02 3.515227884054183960e-02 9.950992651283740997e-03 3.648351179435849190e-03 4.233117774128913879e-02 5.287324544042348862e-03 6.210299208760261536e-03 6.772928871214389801e-03 6.143653020262718201e-02 1.439788565039634705e-02 3.362580388784408569e-02 5.253819003701210022e-02 3.200423088856041431e-04 7.319322321563959122e-03 3.330728039145469666e-02 4.307686537504196167e-02 3.560323640704154968e-02 6.239768490195274353e-02 4.590639472007751465e-02 3.891543298959732056e-02 4.772449657320976257e-02 1.977687142789363861e-02 1.725819893181324005e-02 3.530453890562057495e-02 2.108830586075782776e-02 2.238156087696552277e-02 1.084335520863533020e-02 1.903166994452476501e-02 3.641497716307640076e-02 3.316993638873100281e-02 6.961782462894916534e-03 5.124662537127733231e-03 2.827668376266956329e-02 1.126623363234102726e-03 1.809758320450782776e-02 3.204340487718582153e-02 1.361081190407276154e-02 1.297557912766933441e-02 2.776696055661886930e-04 1.904439553618431091e-02 6.094778887927532196e-03 4.803216829895973206e-02 3.263140097260475159e-02 4.094515740871429443e-02 2.522112801671028137e-02 9.593224152922630310e-03 7.521919906139373779e-02 1.191874872893095016e-02 1.511904597282409668e-02 3.970883041620254517e-02 5.233933031558990479e-02 8.949057012796401978e-02 5.548999458551406860e-02 3.827714174985885620e-02 2.782813273370265961e-02 2.522718533873558044e-02 2.180443331599235535e-02 1.545132976025342941e-02 2.357330173254013062e-02 2.884714864194393158e-02 9.177272021770477295e-02 1.870329678058624268e-02 1.312433481216430664e-01 1.188709121197462082e-02 2.117021232843399048e-01 2.964179217815399170e-02 2.839953266084194183e-02 2.435924299061298370e-02 1.910586375743150711e-03 4.219789803028106689e-02 3.018868342041969299e-02 2.264784090220928192e-02 7.576643675565719604e-02 8.885318040847778320e-02 2.749209478497505188e-02 7.764103356748819351e-03 4.350456595420837402e-02 4.710854589939117432e-02 1.299351640045642853e-02 2.439798042178153992e-02 2.857071720063686371e-02 6.159746274352073669e-02 8.617936633527278900e-03 3.267803415656089783e-02 4.654165729880332947e-02 2.378141321241855621e-02 3.315909951925277710e-02 1.131283305585384369e-02 3.149749338626861572e-02 1.399585139006376266e-02 3.377198427915573120e-02 3.497841954231262207e-02 4.068832471966743469e-02 1.446636021137237549e-02 1.797710172832012177e-02 1.870748028159141541e-02 2.840968780219554901e-02 2.497858926653862000e-02 1.290226168930530548e-02 2.269554510712623596e-02 2.458530105650424957e-02 6.164416670799255371e-03 8.185043185949325562e-02 1.618728786706924438e-02 5.781026557087898254e-02 2.874889411032199860e-02
1.388668715953826904e-01 1.257922649383544922e-01 1.414678874425590038e-03 3.586034523323178291e-03 1.514760032296180725e-02 7.259579002857208252e-02 2.372316867113113403e-01 1.459704525768756866e-02 1.070731431245803833e-01 2.820837125182151794e-02 1.076355203986167908e-01 1.475937366485595703e-01 4.900385439395904541e-02 1.090758815407752991e-01 4.002903006039559841e-04 4.051023721694946289e-02 3.397567570209503174e-02 5.992373079061508179e-02 1.336394436657428741e-02 2.040342986583709717e-02 1.209388393908739090e-02 4.584288597106933594e-02 3.678990527987480164e-02 6.364228576421737671e-02 7.730014622211456299e-03 3.275664639659225941e-04 3.280434291809797287e-03 6.669995188713073730e-02 5.226809531450271606e-02 6.194781884551048279e-02 1.213416680693626404e-01 4.238403961062431335e-02 1.387147512286901474e-02 5.557379685342311859e-03 1.813131384551525116e-02 2.759936079382896423e-02 1.809122972190380096e-02 3.711581602692604065e-02 4.301374778151512146e-02 2.658216282725334167e-02 6.977472454309463501e-02 9.102639742195606232e-03 1.479591056704521179e-02 1.357509568333625793e-02 3.917308524250984192e-02 4.680932685732841492e-02 1.480808258056640625e-01 9.814365208148956299e-02 4.530093166977167130e-03 2.745310962200164795e-02 5.114814732223749161e-03 4.528843611478805542e-02 3.927162289619445801e-02 6.716769654303789139e-03 3.139267489314079285e-02 2.268769964575767517e-02 4.752487316727638245e-02 6.222521513700485229e-02 7.875029742717742920e-02 1.674586161971092224e-02 3.462098911404609680e-02 4.653001204133033752e-02 3.267493471503257751e-02 3.333440050482749939e-02 5.623361840844154358e-02 6.090442091226577759e-02 1.420068740844726562e-02 3.314285725355148315e-02 6.072301045060157776e-02 1.161482464522123337e-02 3.582805395126342773e-02 2.203827351331710815e-02 1.506212051026523113e-03 2.858745120465755463e-02 7.458480447530746460e-02 3.429966047406196594e-02 1.157652027904987335e-02 4.731642547994852066e-03 2.616104856133460999e-02 2.534814178943634033e-02 7.120473776012659073e-03 2.727576997131109238e-03 1.510228961706161499e-02 5.276582762598991394e-02 5.804873630404472351e-02 6.834644824266433716e-02 8.310425095260143280e-03 3.498446568846702576e-02 6.297074258327484131e-02 4.664448648691177368e-02 2.343668229877948761e-02 1.777286268770694733e-02 1.299266610294580460e-02 8.678825944662094116e-02 9.007681161165237427e-03 2.214136999100446701e-03 2.219871850684285164e-03 2.520728390663862228e-03 2.705053985118865967e-02 2.033542096614837646e-02 2.114591933786869049e-02 3.549056127667427063e-02 2.435113862156867981e-02 1.184693351387977600e-02 6.832391023635864258e-03 1.053084502927958965e-03 1.567259168950840831e-04 3.836894407868385315e-02 1.167532522231340408e-02 1.481891376897692680e-03 5.066675599664449692e-03 1.618694514036178589e-02 2.335789240896701813e-02 2.049524523317813873e-02 2.553459070622920990e-02 7.058022078126668930e-03
1.507138609886169434e-01 1.689542979001998901e-01 1.375081297010183334e-02 6.138450931757688522e-03 1.623743958771228790e-02 2.372316867113113403e-01 1.134357750415802002e-01 7.314472645521163940e-02 3.357602283358573914e-02 1.534835249185562134e-02 8.159591257572174072e-02 4.281377047300338745e-02 9.145418554544448853e-02 8.163548260927200317e-02 8.905532211065292358e-02 3.596837446093559265e-02 4.731914028525352478e-02 2.443397045135498047e-02 6.111679971218109131e-02 4.753234237432479858e-02 1.466494239866733551e-02 6.621921434998512268e-03 3.751530498266220093e-02 4.361052438616752625e-02 5.481726489961147308e-03 1.836737431585788727e-02 2.098828554153442383e-02 8.739253133535385132e-02 1.571361324749886990e-03 2.038386650383472443e-02 3.169380500912666321e-02 3.320286795496940613e-02 1.993138343095779419e-02 3.600754216313362122e-02 2.150957286357879639e-02 3.532189875841140747e-02 1.173202600330114365e-02 4.945224523544311523e-02 1.592797227203845978e-02 7.365438155829906464e-03 1.769352587871253490e-03 2.098430134356021881e-02 2.234106324613094330e-02 1.757553592324256897e-02 1.211362052708864212e-02 1.710030809044837952e-02 1.402112990617752075e-01 1.854918599128723145e-01 2.080923318862915039e-02 1.332921255379915237e-02 4.978221282362937927e-02 1.528647821396589279e-02 2.523091435432434082e-02 4.347131121903657913e-03 2.506391890347003937e-02 8.484912104904651642e-03 8.315717428922653198e-02 2.119316905736923218e-02 4.423289373517036438e-02 3.043163334950804710e-03 1.404148899018764496e-02 4.412659257650375366e-02 2.615797333419322968e-03 1.649240776896476746e-02 2.162462845444679260e-02 4.920135717839002609e-03 1.690274290740489960e-02 1.353750994894653559e-04 4.699701908975839615e-03 7.323889993131160736e-03 5.383322387933731079e-02 2.290799096226692200e-02 2.078897878527641296e-02 2.889935113489627838e-02 6.238039210438728333e-02 1.641426421701908112e-02 3.251839801669120789e-02 7.392045110464096069e-03 2.319854311645030975e-02 4.240601137280464172e-02 8.389863185584545135e-03 1.695566065609455109e-02 2.126901596784591675e-02 3.617528825998306274e-02 4.557910189032554626e-02 5.846772342920303345e-02 2.982771210372447968e-02 2.248979872092604637e-03 6.572457030415534973e-03 1.408611424267292023e-02 1.247645076364278793e-02 1.726925931870937347e-02 2.432128414511680603e-02 6.994448602199554443e-03 1.663883589208126068e-02 2.337273955345153809e-02 6.249536760151386261e-03 3.684109449386596680e-02 2.993704937398433685e-02 4.518633708357810974e-02 1.939748972654342651e-02 1.246485114097595215e-02 2.942165732383728027e-02 2.736915601417422295e-03 2.255265414714813232e-02 7.945740595459938049e-03 8.190535940229892731e-03 3.532941266894340515e-02 1.368189230561256409e-03 5.510004982352256775e-02 5.524432286620140076e-03 1.807788386940956116e-02 1.214399654418230057e-02 2.878008596599102020e-02 9.115954861044883728e-03 5.637900903820991516e-02
6.439766287803649902e-02 5.216716602444648743e-02 1.972916275262832642e-01 2.277207374572753906e-02 1.999465934932231903e-02 1.459704525768756866e-02 7.314472645521163940e-02 6.500935554504394531e-02 5.656713247299194336e-02 2.831259742379188538e-03 2.565776929259300232e-02 4.944070242345333099e-03 5.347753688693046570e-02 7.474173605442047119e-02 1.863529235124588013e-01 2.588164433836936951e-02 2.348425984382629395e-02 2.434676513075828552e-02 2.041148208081722260e-02 4.832790233194828033e-03 3.238911926746368408e-02 6.547729671001434326e-02 4.803439602255821228e-02 3.175540268421173096e-02 2.350662462413311005e-02 2.050546184182167053e-02 5.023695528507232666e-02 3.767036832869052887e-03 1.185284089297056198e-02 3.555333986878395081e-02 2.901037409901618958e-02 1.485425885766744614e-02 3.309542313218116760e-02 1.895964029245078564e-03 2.821562578901648521e-03 1.892461441457271576e-02 4.823673516511917114e-03 4.978148266673088074e-03 2.005850896239280701e-02 1.986616849899291992e-02 4.596620798110961914e-02 1.952622784301638603e-03 1.349260844290256500e-02 7.744469214230775833e-03 7.655707653611898422e-03 6.654945015907287598e-02 6.641804426908493042e-02 2.919441461563110352e-02 3.974547982215881348e-02 1.353997085243463516e-02 6.229164823889732361e-02 3.788078203797340393e-02 9.414601139724254608e-03 4.961886256933212280e-02 9.702456183731555939e-03 1.948037743568420410e-02 2.585786581039428711e-02 5.264263600111007690e-02 6.985459011048078537e-03 2.059301361441612244e-02 3.534715995192527771e-02 5.875138565897941589e-02 7.264528423547744751e-02 2.269192971289157867e-02 5.422343313694000244e-02 4.835433885455131531e-02 2.337953820824623108e-02 3.749929368495941162e-02 8.190290629863739014e-02 4.741279408335685730e-02 4.114457219839096069e-02 3.074138052761554718e-02 3.889048472046852112e-02 2.382938377559185028e-02 3.894861787557601929e-02 2.433120273053646088e-02 1.500338409096002579e-02 2.020601555705070496e-02 5.440145358443260193e-02 1.570628397166728973e-02 2.964525222778320312e-01 1.890774816274642944e-01 5.702979117631912231e-02 1.465008128434419632e-02 5.742118880152702332e-02 4.351180046796798706e-02 1.510402411222457886e-01 3.661433979868888855e-02 8.198385685682296753e-02 3.347096964716911316e-02 1.448032353073358536e-02 1.688336837105453014e-03 3.963965922594070435e-02 7.624090649187564850e-03 3.501327335834503174e-02 2.104945108294487000e-02 1.336327288299798965e-03 5.499709770083427429e-02 3.017179109156131744e-02 2.690918371081352234e-02 1.873190281912684441e-03 1.176914665848016739e-02 2.618990838527679443e-02 2.289946563541889191e-02 2.976467087864875793e-02 2.736827731132507324e-02 2.741050906479358673e-02 2.389529347419738770e-02 3.285327926278114319e-02 9.507243335247039795e-02 8.720839396119117737e-03 2.679968066513538361e-02 6.467009335756301880e-02 6.298759579658508301e-02 5.248759314417839050e-02 3.753645718097686768e-02
2.660298161208629608e-02 2.872853353619575500e-02 2.379774348810315132e-03 3.069523349404335022e-02 8.004596829414367676e-02 1.070731431245803833e-01 3.357602283358573914e-02 5.656713247299194336e-02 6.479174643754959106e-02 9.921536594629287720e-02 5.686747282743453979e-02 7.801832258701324463e-02 7.169036194682121277e-03 2.826008014380931854e-02 2.912522479891777039e-02 2.770846895873546600e-02 1.470817346125841141e-02 1.180980056524276733e-01 2.036556415259838104e-02 6.868416815996170044e-02 3.198597580194473267e-02 7.845923304557800293e-03 5.906488373875617981e-02 5.915966629981994629e-02 3.506039036437869072e-03 9.090179577469825745e-03 3.958804905414581299e-02 6.197966262698173523e-02 2.970345318317413330e-02 5.547675862908363342e-02 1.611458510160446167e-02 5.423236265778541565e-02 1.003974210470914841e-02 5.187989678233861923e-03 2.346882596611976624e-03 1.101705338805913925e-02 1.891122385859489441e-02 1.531155221164226532e-02 2.066186815500259399e-02 1.527738012373447418e-02 1.439028419554233551e-02 8.651566505432128906e-02 4.320841748267412186e-03 4.105467721819877625e-02 8.234052360057830811e-02 2.926021255552768707e-02 5.479763075709342957e-02 2.395232394337654114e-02 1.084437826648354530e-03 2.471407502889633179e-02 1.989113725721836090e-02 2.111511118710041046e-02 1.603353209793567657e-02 4.816827178001403809e-02 1.057341992855072021e-01 5.376653373241424561e-02 4.293279722332954407e-02 1.743067242205142975e-02 2.168460004031658173e-02 2.902437117882072926e-04 2.966152736917138100e-03 1.877054199576377869e-02 7.207570225000381470e-02 3.003354184329509735e-02 4.577612876892089844e-02 5.893725529313087463e-02 3.821140620857477188e-03 1.804777048528194427e-02 1.202815026044845581e-01 1.308155711740255356e-02 1.300873467698693275e-03 4.782882705330848694e-02 3.795292868744581938e-04 2.243364788591861725e-02 6.467769294977188110e-02 6.585736572742462158e-02 2.791713476181030273e-01 4.538772627711296082e-02 8.277448266744613647e-02 5.307827889919281006e-02 5.438617989420890808e-02 4.061759263277053833e-02 1.018998995423316956e-01 2.036234550178050995e-02 3.241200372576713562e-02 2.806259505450725555e-02 4.160217475146055222e-03 4.922404885292053223e-02 1.813898235559463501e-01 6.425143033266067505e-02 5.926804244518280029e-02 6.439359392970800400e-03 2.538531087338924408e-02 3.699658205732703209e-03 3.343214746564626694e-03 8.829480037093162537e-03 3.237979859113693237e-02 3.941806033253669739e-03 1.666966080665588379e-02 7.001774385571479797e-03 2.978857420384883881e-02 2.968855388462543488e-02 8.672717213630676270e-02 1.145491655915975571e-02 2.110917679965496063e-02 4.158179089426994324e-02 3.563404083251953125e-02 1.870142295956611633e-02 2.563950140029191971e-03 5.528738722205162048e-02 2.338342741131782532e-02 3.338083857670426369e-03 3.116833604872226715e-02 5.426352098584175110e-02 6.909836828708648682e-02 3.924555331468582153e-02
4.302963986992835999e-02 3.864207863807678223e-02 1.702968962490558624e-03 8.243127167224884033e-02 4.073344916105270386e-02 2.820837125182151794e-02 1.534835249185562134e-02 2.831259742379188538e-03 9.921536594629287720e-02 7.193706929683685303e-02 5.394057929515838623e-02 2.228610590100288391e-02 1.648603379726409912e-02 9.555044025182723999e-02 7.265045423991978168e-04 3.008186817169189453e-02 7.662981748580932617e-02 1.914713345468044281e-02 1.475759595632553101e-01 6.168976426124572754e-02 3.748743981122970581e-02 7.996371947228908539e-03 3.833890706300735474e-02 7.360975444316864014e-02 8.489101193845272064e-03 2.912101335823535919e-02 1.161843445152044296e-02 5.380210932344198227e-03 6.300477683544158936e-02 2.355054579675197601e-02 6.224582344293594360e-02 4.080940037965774536e-02 1.007588859647512436e-02 7.222013548016548157e-03 4.046931862831115723e-02 4.819443449378013611e-02 3.866900131106376648e-02 1.511557865887880325e-02 3.093839809298515320e-02 1.646030880510807037e-02 2.013065293431282043e-02 6.148974411189556122e-03 2.478426508605480194e-02 7.574554532766342163e-02 3.164663165807723999e-02 6.860513985157012939e-02 3.637770935893058777e-02 6.060861982405185699e-03 1.182656083256006241e-02 6.827720999717712402e-02 5.551877245306968689e-02 3.298477083444595337e-02 2.861359342932701111e-02 4.237103462219238281e-02 1.618813985260203481e-04 6.025408208370208740e-02 3.691430389881134033e-02 1.950677111744880676e-02 5.380595847964286804e-02 4.520164430141448975e-02 1.530464645475149155e-02 6.448568403720855713e-02 3.653201460838317871e-02 5.599131807684898376e-03 5.581094324588775635e-02 5.410701502114534378e-03 3.341395035386085510e-02 4.403041303157806396e-02 2.515720203518867493e-02 7.127363979816436768e-02 6.300229579210281372e-02 8.527384698390960693e-02 1.067343875765800476e-01 4.489653185009956360e-02 2.629854343831539154e-02 4.481449350714683533e-02 3.405674546957015991e-02 1.262481510639190674e-01 8.770700544118881226e-03 1.245302557945251465e-01 1.607908122241497040e-02 2.243182994425296783e-02 1.161520089954137802e-02 1.404054015874862671e-01 4.511353373527526855e-02 5.245066806674003601e-02 2.926008403301239014e-02 4.970629699528217316e-03 7.374012470245361328e-02 1.325923055410385132e-01 2.879830449819564819e-02 1.487612910568714142e-02 5.370016768574714661e-02 4.763130843639373779e-02 2.416549995541572571e-02 2.171256393194198608e-02 4.491863027215003967e-02 2.506526932120323181e-02 2.506872825324535370e-02 9.347901679575443268e-03 1.423586858436465263e-03 6.483274511992931366e-03 1.906342618167400360e-02 1.990812830626964569e-02 1.597632095217704773e-02 2.595320902764797211e-02 4.914330691099166870e-02 2.495896629989147186e-02 2.503866702318191528e-02 5.090136453509330750e-02 3.501402214169502258e-02 6.404295563697814941e-02 3.412405773997306824e-02 1.991395466029644012e-02 1.435607019811868668e-02 1.323226466774940491e-02
2.006704211235046387e-01 1.176650300621986389e-01 5.372219532728195190e-02 3.775299340486526489e-02 2.474652417004108429e-02 1.076355203986167908e-01 8.159591257572174072e-02 2.565776929259300232e-02 5.686747282743453979e-02 5.394057929515838623e-02 1.117807403206825256e-01 9.519766084849834442e-03 1.658315807580947876e-01 1.261152420192956924e-02 1.258530654013156891e-02 3.171462938189506531e-02 2.457735314965248108e-02 8.499705791473388672e-02 3.615164663642644882e-03 6.164368242025375366e-03 1.896149851381778717e-02 3.227973589673638344e-03 3.273460641503334045e-02 3.261459246277809143e-02 2.032496035099029541e-02 1.335181761533021927e-02 6.822379305958747864e-03 2.012400329113006592e-02 2.452068403363227844e-02 9.577405452728271484e-02 7.464880496263504028e-02 1.531803142279386520e-02 9.343300014734268188e-03 4.613805562257766724e-03 2.060540020465850830e-02 2.781975641846656799e-02 5.735845491290092468e-02 1.458036061376333237e-02 1.993419229984283447e-02 8.872313424944877625e-03 4.063535109162330627e-02 4.274484515190124512e-02 3.508529067039489746e-02 6.354355718940496445e-03 1.160051953047513962e-02 5.202050879597663879e-02 3.780014440417289734e-02 5.293165519833564758e-02 1.855889521539211273e-02 1.745201647281646729e-03 6.788429804146289825e-03 2.446551434695720673e-02 2.313979342579841614e-02 4.016550257802009583e-02 2.124595455825328827e-02 4.255424439907073975e-02 2.910456806421279907e-02 9.365062229335308075e-03 5.110315233469009399e-02 3.626274317502975464e-02 2.413433045148849487e-02 1.107024960219860077e-02 7.284501916728913784e-04 5.313968658447265625e-02 7.045878469944000244e-02 7.829844206571578979e-02 8.914399892091751099e-03 2.489330619573593140e-02 2.195883169770240784e-02 5.713928490877151489e-02 9.669360704720020294e-03 1.574527099728584290e-02 3.360149916261434555e-03 5.231828615069389343e-02 4.735318943858146667e-03 3.883500769734382629e-02 2.271083183586597443e-02 3.685226663947105408e-03 2.325963787734508514e-02 5.881223361939191818e-03 4.925039038062095642e-02 6.709510926157236099e-03 2.948017232120037079e-02 1.025910302996635437e-02 1.904637739062309265e-02 6.669395416975021362e-02 7.630046457052230835e-02 2.128012850880622864e-02 2.484142407774925232e-02 4.981322586536407471e-02 4.025788605213165283e-02 5.651937797665596008e-02 2.787314355373382568e-02 3.702613711357116699e-02 2.284139208495616913e-02 2.860491909086704254e-02 3.653090074658393860e-02 8.466431871056556702e-03 2.808014629408717155e-03 9.049190208315849304e-03 1.027974486351013184e-02 5.559545010328292847e-03 2.655124850571155548e-02 3.937740344554185867e-03 3.655506996437907219e-03 4.116008058190345764e-02 2.130094729363918304e-02 5.791418720036745071e-03 5.859502125531435013e-03 6.035792082548141479e-02 4.596830531954765320e-02 1.453274395316839218e-02 9.427386336028575897e-03 3.597911819815635681e-02 1.991169527173042297e-02 7.810601964592933655e-03
2.696033567190170288e-03 1.167738251388072968e-02 1.580089703202247620e-02 3.771574050188064575e-02 3.515227884054183960e-02 1.475937366485595703e-01 4.281377047300338745e-02 4.944070242345333099e-03 7.801832258701324463e-02 2.228610590100288391e-02 9.519766084849834442e-03 1.026203781366348267e-01 8.666170388460159302e-02 2.300665080547332764e-01 9.505999623797833920e-04 1.671528071165084839e-02 5.179996043443679810e-02 1.239713514223694801e-03 7.288292795419692993e-02 3.400403633713722229e-02 3.023333102464675903e-02 7.637261296622455120e-04 6.922179460525512695e-02 2.916246280074119568e-02 1.648227311670780182e-02 3.528140485286712646e-02 3.855557367205619812e-02 2.058974057435989380e-01 9.682008624076843262e-02 1.820387989282608032e-01 1.075352281332015991e-01 2.546580694615840912e-02 2.079781517386436462e-02 6.912862416356801987e-03 2.615424804389476776e-02 5.777398496866226196e-02 4.239115864038467407e-03 1.376603450626134872e-02 3.261073678731918335e-02 2.749153040349483490e-02 3.247606381773948669e-02 2.829525619745254517e-03 1.508557610213756561e-02 3.260578215122222900e-02 1.644231677055358887e-01 2.400348661467432976e-03 5.933620408177375793e-02 6.462432444095611572e-02 2.355498494580388069e-03 5.346142128109931946e-02 1.219836901873350143e-02 1.264898292720317841e-02 1.062973774969577789e-02 2.878617867827415466e-02 4.327584430575370789e-02 4.045776650309562683e-02 5.390050821006298065e-03 4.649800807237625122e-02 4.356474056839942932e-02 7.979596406221389771e-02 3.401201218366622925e-02 3.048630617558956146e-02 2.346237003803253174e-02 2.809747867286205292e-02 2.998965606093406677e-02 6.603170186281204224e-03 1.540790777653455734e-02 9.560969658195972443e-03 7.283367961645126343e-02 3.375297412276268005e-03 6.430134177207946777e-02 1.050552446395158768e-02 2.888376265764236450e-02 4.069234803318977356e-02 2.416487317532300949e-03 5.084915831685066223e-02 7.090040296316146851e-02 1.049186661839485168e-01 9.692498296499252319e-02 4.240122437477111816e-02 7.293267548084259033e-02 1.725396024994552135e-03 3.414956107735633850e-02 3.209920227527618408e-02 1.033209078013896942e-02 3.506316989660263062e-02 1.232912298291921616e-02 3.622570633888244629e-02 8.334027975797653198e-02 4.632212594151496887e-02 2.905031666159629822e-02 2.801549388095736504e-03 7.153188437223434448e-02 4.746391251683235168e-02 2.008394338190555573e-02 3.038739319890737534e-03 5.197586864233016968e-02 1.548756379634141922e-02 2.493791840970516205e-02 2.456442825496196747e-02 2.149120904505252838e-02 4.409588873386383057e-03 3.516840562224388123e-02 1.202578097581863403e-02 3.481018170714378357e-02 2.031039446592330933e-02 1.585019868798553944e-03 2.411280572414398193e-02 9.537966921925544739e-03 6.753256171941757202e-02 2.681066282093524933e-02 6.294084340333938599e-02 4.464922938495874405e-03 1.884122379124164581e-02 1.492857845732942224e-04 2.673627622425556183e-02
1.451974213123321533e-01 1.753367632627487183e-01 8.309810422360897064e-03 1.239972468465566635e-02 9.950992651283740997e-03 4.900385439395904541e-02 9.145418554544448853e-02 5.347753688693046570e-02 7.169036194682121277e-03 1.648603379726409912e-02 1.658315807580947876e-01 8.666170388460159302e-02 1.115410104393959045e-01 1.441792026162147522e-02 1.825752668082714081e-02 4.636939987540245056e-02 2.455892600119113922e-02 4.004439711570739746e-02 4.209426231682300568e-03 6.949711591005325317e-02 9.450097568333148956e-03 3.989396209362894297e-04 2.483819797635078430e-02 1.788019388914108276e-02 1.915142126381397247e-02 1.614641211926937103e-02 2.719246782362461090e-02 5.786351114511489868e-02 4.475152492523193359e-02 4.506895318627357483e-02 4.250038042664527893e-02 1.617527566850185394e-02 2.081671962514519691e-03 4.245504271239042282e-03 1.148543553426861763e-03 2.567108906805515289e-02 4.024121165275573730e-02 1.377671118825674057e-02 3.302223235368728638e-02 6.166055332869291306e-03 4.555412381887435913e-02 7.457863073796033859e-03 3.405588120222091675e-02 8.302002213895320892e-03 1.799353584647178650e-02 2.953470498323440552e-02 2.544652484357357025e-02 7.584200054407119751e-02 6.778943818062543869e-03 1.044541597366333008e-03 1.161919068545103073e-02 3.093724697828292847e-02 2.254817821085453033e-02 2.229227870702743530e-02 2.844230271875858307e-02 3.987195715308189392e-02 1.063712406903505325e-02 6.524429656565189362e-03 4.502179846167564392e-02 2.935421094298362732e-02 1.330011617392301559e-02 1.030438486486673355e-02 3.642545267939567566e-02 1.226773578673601151e-02 5.582623556256294250e-02 1.055808663368225098e-01 1.599067263305187225e-02 1.644688658416271210e-02 1.492828596383333206e-02 4.902669414877891541e-02 2.690383791923522949e-02 6.714573595672845840e-03 1.201174408197402954e-02 4.363805428147315979e-02 6.606942042708396912e-03 4.445118829607963562e-02 3.975943196564912796e-03 2.985341288149356842e-02 1.110993605107069016e-02 4.641094431281089783e-02 1.639438793063163757e-02 6.630797684192657471e-02 1.097229775041341782e-02 4.953247681260108948e-02 3.464177250862121582e-03 2.834177948534488678e-02 5.804680287837982178e-02 8.415410667657852173e-02 3.199620172381401062e-02 1.656124717555940151e-03 1.294570602476596832e-02 8.555106818675994873e-03 2.917581005021929741e-03 7.261382043361663818e-02 1.017473987303674221e-03 4.864958673715591431e-02 4.837485030293464661e-02 5.697648506611585617e-03 3.533636219799518585e-03 5.836808122694492340e-03 1.413047779351472855e-03 2.549439296126365662e-02 4.749358445405960083e-02 6.243748962879180908e-02 1.079306751489639282e-02 1.230852492153644562e-02 2.401809021830558777e-02 1.232229266315698624e-02 3.523733466863632202e-02 6.173388287425041199e-02 2.861938439309597015e-02 5.561369936913251877e-03 5.060871131718158722e-03 2.874731086194515228e-02 9.204777888953685760e-03 4.020847380161285400e-02
