9.670733660459518433e-02 1.044415384531021118e-01 5.422124639153480530e-02 8.008705452084541321e-03 1.940151862800121307e-02 7.530188560485839844e-02 7.120501250028610229e-02 3.572466969490051270e-02 2.965011075139045715e-02 3.907861560583114624e-02 8.957794308662414551e-02 2.960988692939281464e-02 8.679614961147308350e-02 3.165743499994277954e-02 2.786724455654621124e-02 2.265469357371330261e-02 1.377596613019704819e-02 1.749060861766338348e-02 8.159129880368709564e-03 2.158107981085777283e-02 1.093575730919837952e-03 1.642733998596668243e-02 1.951473951339721680e-02 1.352460589259862900e-02 2.060649171471595764e-02 1.552017987705767155e-03 2.934437245130538940e-02 6.970472750253975391e-04 3.806932270526885986e-02 2.641682978719472885e-03 2.295389957726001740e-02 1.795080117881298065e-02 6.701389793306589127e-03 2.653227373957633972e-02 1.105855498462915421e-02 2.427513152360916138e-02 8.802193216979503632e-03 1.111397799104452133e-02 1.208087522536516190e-02 2.311726473271846771e-02 1.462208689190447330e-03 5.868700798600912094e-03 5.645519122481346130e-03 1.441126037389039993e-02 1.773491129279136658e-02 1.759026385843753815e-02 6.450512260198593140e-02 3.131269291043281555e-02 1.775143202394247055e-03 8.498298004269599915e-03 2.174104750156402588e-02 3.171902522444725037e-02 1.362864673137664795e-02 2.806535176932811737e-02 8.943540975451469421e-03 3.027709200978279114e-02 1.234493963420391083e-02 2.609694143757224083e-03 1.980705372989177704e-02 1.704215630888938904e-02 7.776385173201560974e-03 1.777948066592216492e-02 7.655481342226266861e-03 1.101380679756402969e-02 6.059129536151885986e-02 3.685116395354270935e-02 2.945464802905917168e-03 8.763075806200504303e-03 1.340821944177150726e-02 1.979033835232257843e-02 1.408975478261709213e-02 4.284677561372518539e-03 3.231855574995279312e-03 6.315585691481828690e-03 4.415657371282577515e-03 2.265241555869579315e-02 2.753289230167865753e-02 3.619161667302250862e-03 1.301286835223436356e-02 2.887771092355251312e-02 4.351478815078735352e-02 2.271208353340625763e-02 1.880157738924026489e-02 2.853912301361560822e-02 1.752059347927570343e-02 1.182515081018209457e-02 1.675885170698165894e-02 2.749115601181983948e-02 5.953118205070495605e-02 9.959029965102672577e-03 3.862482309341430664e-02 4.651008173823356628e-02 2.196163311600685120e-02 2.420710399746894836e-02 1.493549346923828125e-02 7.428935496136546135e-04 1.378813851624727249e-02 9.579334408044815063e-03 8.627647534012794495e-03 3.739787638187408447e-02 1.970189623534679413e-02 1.137365959584712982e-02 1.138323266059160233e-02 1.113410387188196182e-02 2.540280483663082123e-02 2.225766703486442566e-02 3.216630592942237854e-02 3.197083249688148499e-03 3.015969693660736084e-02 2.397661842405796051e-02 3.474813187494874001e-03 7.635547779500484467e-03 1.357950549572706223e-02 1.139157637953758240e-02 1.660950668156147003e-02 1.485460624098777771e-02
1.044415384531021118e-01 1.031813472509384155e-01 4.062817245721817017e-02 4.919115826487541199e-02 3.397893905639648438e-02 9.415327012538909912e-02 8.787989616394042969e-02 5.556739866733551025e-02 3.472025319933891296e-02 3.748856112360954285e-02 1.292328387498855591e-01 2.083081938326358795e-02 1.107445508241653442e-01 5.624359473586082458e-03 4.702125862240791321e-02 2.238663285970687866e-02 2.244683355093002319e-02 1.281347242183983326e-03 1.370468828827142715e-02 2.357460930943489075e-02 2.558550983667373657e-02 2.762146107852458954e-02 2.006583660840988159e-02 1.918488368391990662e-02 3.290570020908489823e-05 3.086073324084281921e-02 3.486117720603942871e-02 2.294874750077724457e-02 1.294160727411508560e-02 3.350013494491577148e-02 5.613534152507781982e-02 7.576765865087509155e-02 5.134867504239082336e-02 5.253303423523902893e-02 4.544981941580772400e-02 3.105292096734046936e-02 3.558214008808135986e-02 4.393679648637771606e-02 2.568437904119491577e-02 1.359267160296440125e-02 1.673378422856330872e-02 7.292357739061117172e-03 4.533224552869796753e-02 1.034856028854846954e-02 3.530088812112808228e-03 2.780770882964134216e-02 4.901860654354095459e-02 2.068213000893592834e-02 1.180615182965993881e-02 3.809626027941703796e-02 4.680273309350013733e-02 3.261041641235351562e-02 1.213352079503238201e-04 1.683475449681282043e-02 8.287482196465134621e-04 6.786849116906523705e-04 3.136416524648666382e-02 1.409338321536779404e-02 2.962304465472698212e-02 2.898067235946655273e-02 1.339047495275735855e-02 4.543415736407041550e-03 2.594454027712345123e-02 3.527938574552536011e-02 7.490741461515426636e-02 4.693577438592910767e-02 1.982219330966472626e-02 2.702310495078563690e-02 8.315473794937133789e-03 1.446785219013690948e-02 1.816862076520919800e-02 1.160578895360231400e-02 1.400818675756454468e-02 3.223182260990142822e-02 9.626134298741817474e-03 3.541846573352813721e-02 3.741070255637168884e-02 1.187591161578893661e-02 2.994035370647907257e-02 1.315775793045759201e-02 4.491199925541877747e-02 1.842852123081684113e-02 8.224245160818099976e-03 5.559913814067840576e-02 1.202681753784418106e-02 1.618430949747562408e-02 3.989233076572418213e-02 3.508898615837097168e-02 5.281462892889976501e-02 3.772800043225288391e-02 1.155695319175720215e-02 8.394600450992584229e-02 6.666448898613452911e-03 2.117517963051795959e-02 1.215052697807550430e-02 1.773779047653079033e-03 5.188650451600551605e-03 4.364515468478202820e-02 3.249817341566085815e-02 2.992106974124908447e-02 3.467759117484092712e-03 1.000877097249031067e-02 2.463390491902828217e-02 3.815928474068641663e-02 2.849377132952213287e-02 5.358061939477920532e-02 6.781249307096004486e-03 1.072386372834444046e-02 1.065666135400533676e-02 3.866635635495185852e-02 4.658672958612442017e-02 4.486932448344305158e-05 1.313936989754438400e-02 1.908365078270435333e-02 4.541654512286186218e-02 1.143943634815514088e-03
5.422124639153480530e-02 4.062817245721817017e-02 6.965856254100799561e-02 2.452680841088294983e-02 4.295002669095993042e-02 3.901637718081474304e-02 4.863248392939567566e-02 3.258999586105346680e-01 4.862768948078155518e-02 4.170374944806098938e-02 5.382573604583740234e-02 3.281503170728683472e-02 2.279438823461532593e-02 8.961086161434650421e-03 8.471919223666191101e-03 7.575411815196275711e-03 7.308065425604581833e-03 1.551572233438491821e-01 2.275884180562570691e-04 1.338160969316959381e-02 2.276355773210525513e-02 7.736870646476745605e-02 2.261081710457801819e-02 1.611737534403800964e-02 2.072276733815670013e-02 2.185151213780045509e-03 1.542220357805490494e-02 7.752826903015375137e-03 2.430094406008720398e-02 5.460553336888551712e-03 7.047681603580713272e-03 4.352089762687683105e-02 4.395616799592971802e-02 5.664567276835441589e-02 4.832111764699220657e-03 3.473804518580436707e-02 3.854193165898323059e-02 4.990840703248977661e-02 1.748617924749851227e-02 6.252116989344358444e-03 2.174920961260795593e-02 7.885575294494628906e-02 4.846798256039619446e-02 2.071682661771774292e-01 4.801147431135177612e-02 3.604873269796371460e-02 4.481200128793716431e-02 1.013671830296516418e-01 1.050905324518680573e-02 3.953868150711059570e-02 4.456352442502975464e-03 5.202670767903327942e-02 6.383734196424484253e-02 5.451275408267974854e-02 2.572391647845506668e-03 2.869944833219051361e-02 3.720822557806968689e-02 3.889736160635948181e-02 3.099966607987880707e-02 1.367206219583749771e-02 1.555188186466693878e-02 7.278382033109664917e-02 6.412700563669204712e-02 4.655369371175765991e-02 3.356511518359184265e-02 1.676913164556026459e-02 6.495396792888641357e-02 4.842674359679222107e-02 4.378990735858678818e-03 4.227680340409278870e-02 1.403538044542074203e-02 1.076937839388847351e-01 4.503361135721206665e-02 2.250611782073974609e-03 5.057852342724800110e-02 4.436482489109039307e-02 5.359205882996320724e-03 2.274713478982448578e-02 3.341818810440599918e-04 4.521364346146583557e-02 1.908093541860580444e-01 1.029324382543563843e-01 8.734213560819625854e-02 3.991239890456199646e-02 3.977176919579505920e-02 1.424489775672554970e-03 2.100620605051517487e-02 3.574038296937942505e-02 2.353452891111373901e-02 8.088821545243263245e-03 2.698439406231045723e-03 2.448024414479732513e-02 1.496172975748777390e-02 1.307315658777952194e-02 9.715494699776172638e-03 1.884905039332807064e-03 3.549481183290481567e-02 1.774692721664905548e-02 1.459216140210628510e-02 7.567910104990005493e-02 3.937872499227523804e-02 2.627023681998252869e-02 6.143393367528915405e-02 6.419664621353149414e-02 9.262315183877944946e-02 8.456008881330490112e-02 2.041528187692165375e-02 3.123073093593120575e-02 3.739877790212631226e-02 4.037014394998550415e-02 3.570117428898811340e-02 2.877854928374290466e-02 8.932068198919296265e-02 3.097639791667461395e-02 6.668848218396306038e-04 5.209082365036010742e-02
8.008705452084541321e-03 4.919115826487541199e-02 2.452680841088294983e-02 9.639867395162582397e-02 2.311747819185256958e-01 5.843953695148229599e-03 3.749788179993629456e-02 2.566354162991046906e-02 5.296163726598024368e-04 7.514158729463815689e-03 1.236217841506004333e-02 8.528062142431735992e-03 1.224348507821559906e-02 1.851426623761653900e-02 7.183657027781009674e-03 1.726332306861877441e-02 3.004575707018375397e-02 3.174175694584846497e-02 3.820604830980300903e-02 3.334507346153259277e-02 3.900444880127906799e-02 1.443525403738021851e-02 9.435806423425674438e-03 4.222865775227546692e-02 4.021786153316497803e-02 4.601871967315673828e-02 7.590038701891899109e-03 5.869918968528509140e-03 3.538732603192329407e-02 1.722294650971889496e-02 7.439209148287773132e-03 8.216416463255882263e-03 5.762899667024612427e-02 3.311501443386077881e-02 2.499420009553432465e-02 3.597635403275489807e-02 5.328386556357145309e-03 1.003387868404388428e-01 7.056419551372528076e-02 5.338065791875123978e-03 5.936910584568977356e-02 1.022045221179723740e-02 5.471112206578254700e-02 2.650417201220989227e-02 5.031487718224525452e-02 2.221143059432506561e-02 5.709144473075866699e-02 1.606524363160133362e-02 7.084995042532682419e-03 2.951335720717906952e-02 4.058221355080604553e-02 5.209759995341300964e-02 1.379442960023880005e-02 3.329316899180412292e-02 2.012910507619380951e-02 3.239706903696060181e-02 1.719988323748111725e-02 1.784200966358184814e-02 3.438324108719825745e-02 2.519610896706581116e-02 3.983967006206512451e-02 4.680332913994789124e-02 8.180970326066017151e-03 1.252201199531555176e-02 1.904338784515857697e-02 1.506557315587997437e-02 1.583732478320598602e-02 2.469940297305583954e-02 4.332778509706258774e-03 3.781310096383094788e-02 2.228883840143680573e-02 9.234879165887832642e-03 2.107606679201126099e-01 4.375339671969413757e-02 1.568020582199096680e-01 1.516920048743486404e-02 4.312957637012004852e-03 3.135159239172935486e-02 9.546548128128051758e-03 2.471278980374336243e-02 2.327647991478443146e-02 4.406678199302405119e-04 9.963985532522201538e-02 8.852754719555377960e-03 1.238553784787654877e-02 3.838713094592094421e-02 9.757625870406627655e-03 6.918581668287515640e-03 9.281637519598007202e-02 3.099900297820568085e-02 3.714745119214057922e-02 1.506992988288402557e-02 4.913873970508575439e-03 1.875598169863224030e-02 5.093502253293991089e-02 4.419973120093345642e-02 1.238011103123426437e-02 3.953337296843528748e-02 2.598283253610134125e-02 2.720998600125312805e-02 8.303106576204299927e-02 4.440165683627128601e-02 3.726414963603019714e-02 3.165641799569129944e-02 4.249658808112144470e-02 3.076818212866783142e-02 1.527955476194620132e-02 5.313032492995262146e-02 1.281572878360748291e-01 3.439141437411308289e-02 8.352290093898773193e-02 5.076688155531883240e-02 1.655661500990390778e-02 4.999559372663497925e-02 7.307004928588867188e-02 3.950172290205955505e-02
1.940151862800121307e-02 3.397893905639648438e-02 4.295002669095993042e-02 2.311747819185256958e-01 1.228762567043304443e-01 2.902187034487724304e-02 4.129969980567693710e-03 1.939991605468094349e-03 2.631902694702148438e-02 1.928478106856346130e-02 1.830211095511913300e-02 1.888325810432434082e-02 1.647510938346385956e-02 1.008656900376081467e-02 3.055040352046489716e-02 9.015721268951892853e-03 1.012276974506676197e-03 4.691675305366516113e-02 7.247715443372726440e-02 5.076199024915695190e-02 4.203118011355400085e-02 9.009945206344127655e-03 1.986321434378623962e-02 1.113714557141065598e-02 5.088972672820091248e-02 5.222010985016822815e-02 2.358891069889068604e-02 6.604476273059844971e-02 5.062571913003921509e-02 3.481719270348548889e-02 4.064788296818733215e-02 4.484324529767036438e-02 3.067765012383460999e-02 5.427000299096107483e-02 1.674389839172363281e-02 7.718794792890548706e-02 4.099855665117502213e-03 2.109338901937007904e-02 2.055610157549381256e-02 5.547273159027099609e-02 1.808540662750601768e-03 1.268227770924568176e-02 1.983598805963993073e-03 5.844095349311828613e-02 4.661614075303077698e-02 6.518508307635784149e-03 2.955897897481918335e-02 2.907917648553848267e-02 3.287858515977859497e-02 2.730337902903556824e-02 3.339910879731178284e-02 3.783858194947242737e-02 4.770976305007934570e-02 1.633987529203295708e-03 2.186943218111991882e-02 3.792361589148640633e-03 1.889721606858074665e-03 1.692988909780979156e-02 2.444723621010780334e-03 9.035038761794567108e-03 9.089989215135574341e-02 4.050312563776969910e-02 3.733480721712112427e-02 2.590358629822731018e-02 6.384428124874830246e-03 1.002502907067537308e-02 2.436067536473274231e-02 7.250321656465530396e-02 7.500949501991271973e-02 1.967160217463970184e-02 3.377807140350341797e-02 2.232114784419536591e-02 1.558738052845001221e-01 8.424703031778335571e-03 1.963245719671249390e-01 4.601325839757919312e-02 4.744307324290275574e-02 2.813806943595409393e-02 2.688564360141754150e-02 5.188682302832603455e-02 3.905924782156944275e-02 2.845320105552673340e-02 1.671875715255737305e-01 1.819173991680145264e-01 1.879082433879375458e-02 5.315456539392471313e-02 4.021125286817550659e-02 9.899161756038665771e-03 1.775285974144935608e-02 4.764524474740028381e-02 2.312550507485866547e-02 1.408783346414566040e-02 1.374730095267295837e-02 2.586236409842967987e-02 3.589597763493657112e-03 3.298074379563331604e-02 1.972143910825252533e-02 5.812688544392585754e-02 2.491706749424338341e-03 1.755959540605545044e-02 7.930198311805725098e-02 3.331647440791130066e-02 1.583096757531166077e-02 7.877602241933345795e-03 1.717020012438297272e-02 1.496650092303752899e-02 3.601906821131706238e-02 3.268816322088241577e-02 8.092366904020309448e-02 4.814079403877258301e-02 3.247295320034027100e-02 4.214657843112945557e-02 9.071583859622478485e-03 4.586832365021109581e-04 6.448945403099060059e-02 1.960211060941219330e-02
7.530188560485839844e-02 9.415327012538909912e-02 3.901637718081474304e-02 5.843953695148229599e-03 2.902187034487724304e-02 8.499716222286224365e-02 1.057083234190940857e-01 3.673102706670761108e-02 5.168636143207550049e-02 6.919386237859725952e-02 8.308575302362442017e-02 4.219714179635047913e-02 5.727862939238548279e-02 5.369621142745018005e-02 9.552051313221454620e-03 1.500274706631898880e-02 7.121468661352992058e-04 1.184559240937232971e-02 6.592871155589818954e-03 3.647057712078094482e-02 3.297800943255424500e-02 2.136054215952754021e-03 5.181970447301864624e-02 4.926494881510734558e-02 2.398756798356771469e-03 3.626025468111038208e-02 3.004429396241903305e-03 6.065492704510688782e-02 1.829778216779232025e-02 6.037114933133125305e-02 3.237625211477279663e-02 5.757018225267529488e-04 6.792806088924407959e-03 4.015535861253738403e-02 9.417529217898845673e-03 1.024102512747049332e-02 2.102917060256004333e-02 4.789011087268590927e-03 1.174404658377170563e-02 1.413353718817234039e-02 4.296985454857349396e-03 6.787499296478927135e-04 2.369248867034912109e-02 5.195479840040206909e-03 3.094678930938243866e-02 2.944969572126865387e-02 9.170548617839813232e-02 4.414119943976402283e-02 1.478520035743713379e-02 2.626778930425643921e-02 3.127132542431354523e-03 2.076894044876098633e-03 6.620028871111571789e-04 6.151142995804548264e-03 7.759841158986091614e-03 9.012866648845374584e-04 1.981911435723304749e-02 1.072457153350114822e-02 3.195437043905258179e-02 2.636039070785045624e-02 2.971573360264301300e-02 8.727955631911754608e-03 2.377059124410152435e-02 8.013715036213397980e-03 3.561185300350189209e-02 1.902479678392410278e-02 2.328547462821006775e-02 5.580505356192588806e-02 8.894152007997035980e-03 1.173253264278173447e-02 7.876459509134292603e-03 1.603580266237258911e-02 1.820503547787666321e-02 1.906427554786205292e-02 2.037375979125499725e-02 5.207486823201179504e-02 4.104734212160110474e-02 3.147955611348152161e-02 3.310209885239601135e-02 4.829811304807662964e-02 6.095704436302185059e-02 3.536323830485343933e-02 1.734093762934207916e-02 6.435262504965066910e-03 1.748904399573802948e-02 1.547947060316801071e-02 8.004535920917987823e-03 7.168712560087442398e-03 1.464494410902261734e-02 4.453397914767265320e-02 1.236828789114952087e-02 3.260075673460960388e-02 2.495852857828140259e-02 4.713697358965873718e-03 1.021302491426467896e-02 9.906850755214691162e-03 9.440522640943527222e-03 4.492956399917602539e-02 3.256949037313461304e-02 7.957158610224723816e-03 3.579612122848629951e-03 2.671581320464611053e-02 1.362341828644275665e-02 1.936387084424495697e-02 3.512764349579811096e-02 2.072887122631072998e-02 1.548652537167072296e-03 1.516627264209091663e-03 4.996619187295436859e-03 1.190170180052518845e-03 2.253556391224265099e-03 9.814057499170303345e-03 1.973758079111576080e-02 8.554236032068729401e-03 7.686686702072620392e-03 1.391071919351816177e-02
7.120501250028610229e-02 8.787989616394042969e-02 4.863248392939567566e-02 3.749788179993629456e-02 4.129969980567693710e-03 1.057083234190940857e-01 8.664125204086303711e-02 2.922279387712478638e-02 4.711246863007545471e-02 4.617195948958396912e-02 9.615252912044525146e-02 4.347292333841323853e-02 3.609092161059379578e-02 7.147848606109619141e-02 4.354564473032951355e-02 1.389123406261205673e-02 6.655160803347826004e-03 3.382596373558044434e-02 5.668391939252614975e-03 6.219047121703624725e-03 1.762173371389508247e-03 4.865883663296699524e-02 2.034094557166099548e-02 4.010749608278274536e-02 6.211067084223031998e-03 1.061785151250660419e-03 3.423205018043518066e-02 2.890508994460105896e-02 2.890031971037387848e-02 4.161432385444641113e-02 4.063211753964424133e-02 9.808345697820186615e-03 4.211044870316982269e-03 6.290052551776170731e-03 4.434941709041595459e-02 1.812590286135673523e-02 2.735576592385768890e-02 2.835148014128208160e-02 6.567033007740974426e-03 2.138770371675491333e-02 6.235740147531032562e-03 9.800377301871776581e-03 6.631875876337289810e-03 1.550225075334310532e-02 6.469140946865081787e-02 7.299660937860608101e-04 6.022295355796813965e-02 9.397844225168228149e-02 5.785026587545871735e-03 2.280960045754909515e-02 1.400583609938621521e-02 3.106253594160079956e-02 2.423478988930583000e-03 1.576189324259757996e-02 5.034286994487047195e-03 4.871318524237722158e-04 3.272743523120880127e-02 3.468505572527647018e-03 1.258197799324989319e-02 3.335189819335937500e-02 2.798560075461864471e-02 1.390945632010698318e-02 5.762322992086410522e-02 4.029315337538719177e-02 5.553447082638740540e-02 4.678275808691978455e-02 1.112368423491716385e-02 3.741859644651412964e-02 3.624276258051395416e-03 2.085777372121810913e-02 1.093418709933757782e-02 1.522101229056715965e-03 2.196510322391986847e-02 7.737016305327415466e-03 2.173771336674690247e-02 2.504740469157695770e-02 7.406379282474517822e-02 5.673260614275932312e-02 3.155087179038673639e-04 2.134592831134796143e-02 2.298275008797645569e-02 2.857190184295177460e-02 1.272480189800262451e-02 6.401818711310625076e-03 3.622454032301902771e-02 2.503482252359390259e-02 2.331430092453956604e-02 1.866853795945644379e-02 2.327944897115230560e-02 6.463461089879274368e-03 2.685556001961231232e-02 2.116578631103038788e-02 4.046872258186340332e-02 3.263083845376968384e-02 1.320412941277027130e-02 1.678412966430187225e-02 1.120673213154077530e-02 1.302000600844621658e-02 4.438861459493637085e-02 1.363253802992403507e-03 7.303848396986722946e-03 2.310981508344411850e-03 2.127362601459026337e-02 8.874429622665047646e-04 7.908539846539497375e-03 2.972374670207500458e-02 1.291201915591955185e-02 1.322655007243156433e-02 1.591670699417591095e-02 1.744498126208782196e-02 2.433850802481174469e-02 7.330247201025485992e-03 3.251168411225080490e-03 1.746023073792457581e-02 2.288044616580009460e-02 2.064551785588264465e-02
3.572466969490051270e-02 5.556739866733551025e-02 3.258999586105346680e-01 2.566354162991046906e-02 1.939991605468094349e-03 3.673102706670761108e-02 2.922279387712478638e-02 1.121730357408523560e-01 3.772540390491485596e-02 5.943071097135543823e-02 2.574578300118446350e-02 1.552083622664213181e-02 1.089147403836250305e-01 2.429793402552604675e-02 1.415177434682846069e-01 3.081937134265899658e-02 1.375061087310314178e-02 4.963372834026813507e-03 1.546463277190923691e-02 2.839369699358940125e-02 1.458214130252599716e-02 4.857363924384117126e-02 1.334964111447334290e-02 5.170054361224174500e-02 2.545384224504232407e-03 1.911543426103889942e-03 2.709154412150382996e-02 2.428728155791759491e-02 1.507535949349403381e-02 3.235284239053726196e-02 4.204311594367027283e-02 3.961281850934028625e-02 2.625306881964206696e-02 8.025359362363815308e-02 3.997215628623962402e-02 1.348303165286779404e-02 1.720831543207168579e-02 1.080072671175003052e-01 1.766555476933717728e-03 2.707979828119277954e-02 8.076316118240356445e-02 5.215519294142723083e-02 3.781331935897469521e-03 9.246501326560974121e-02 2.235322445631027222e-02 9.053629823029041290e-03 5.871509388089179993e-02 6.868018954992294312e-02 4.751823469996452332e-02 1.139607280492782593e-01 4.476814344525337219e-02 1.168156135827302933e-02 2.308524772524833679e-02 1.425516605377197266e-02 3.029898554086685181e-02 4.687858372926712036e-02 3.143994137644767761e-02 1.269468385726213455e-02 5.665968358516693115e-02 8.460350334644317627e-03 1.349766366183757782e-02 3.669009357690811157e-02 1.318066753447055817e-02 7.534801959991455078e-03 1.494269818067550659e-02 2.704401314258575439e-02 5.901490896940231323e-02 1.066753640770912170e-02 4.210244398564100266e-03 2.940782159566879272e-02 2.770954743027687073e-02 5.285320430994033813e-02 1.550207007676362991e-02 5.567374080419540405e-02 2.406515181064605713e-02 2.429419383406639099e-02 3.689045459032058716e-02 2.223885990679264069e-02 1.535491086542606354e-02 6.265851110219955444e-02 1.568530648946762085e-01 1.579669862985610962e-01 2.505201473832130432e-02 2.732487581670284271e-02 2.143234387040138245e-02 2.660803310573101044e-02 1.103160455822944641e-01 1.217348724603652954e-01 2.861316874623298645e-02 3.788784611970186234e-03 5.205034743994474411e-03 1.377480570226907730e-03 1.358413510024547577e-02 2.022803295403718948e-03 1.474707946181297302e-02 1.882828801171854138e-04 2.825329313054680824e-03 4.752214625477790833e-02 2.343691326677799225e-02 6.973471492528915405e-03 3.904523700475692749e-02 4.564617201685905457e-02 9.564880281686782837e-03 1.906889118254184723e-02 1.010951120406389236e-03 5.945836007595062256e-02 2.355811372399330139e-02 4.185963794589042664e-02 2.418943308293819427e-02 4.544193670153617859e-02 3.770173341035842896e-02 2.315813253517262638e-05 6.096165627241134644e-02 2.703488431870937347e-02 7.386042736470699310e-03 4.526643827557563782e-02
2.965011075139045715e-02 3.472025319933891296e-02 4.862768948078155518e-02 5.296163726598024368e-04 2.631902694702148438e-02 5.168636143207550049e-02 4.711246863007545471e-02 3.772540390491485596e-02 8.329852670431137085e-02 9.605962783098220825e-02 2.220055833458900452e-02 5.965723842382431030e-02 4.265807801857590675e-04 4.704152047634124756e-02 1.047233678400516510e-02 2.921974658966064453e-02 1.175331696867942810e-02 1.052001416683197021e-01 3.135740011930465698e-02 9.743409231305122375e-03 1.900060661137104034e-02 1.165279652923345566e-02 5.975473299622535706e-02 3.399536386132240295e-02 1.309532020241022110e-02 4.628601670265197754e-02 3.255160525441169739e-02 4.046115651726722717e-02 3.389892354607582092e-02 1.106222346425056458e-02 4.541515838354825974e-03 3.826313465833663940e-02 1.431691274046897888e-02 3.689163923263549805e-02 4.170782119035720825e-02 7.774418918415904045e-04 8.972484618425369263e-03 1.506560482084751129e-02 3.357912972569465637e-02 2.304420806467533112e-02 1.154271326959133148e-02 1.323495618999004364e-02 5.207293108105659485e-02 3.062129393219947815e-02 2.654225938022136688e-02 4.394194111227989197e-02 3.804662823677062988e-02 1.302365772426128387e-02 3.376132994890213013e-02 6.721122190356254578e-03 3.353074938058853149e-02 3.820518776774406433e-02 4.732117056846618652e-02 2.049137651920318604e-02 3.487048298120498657e-02 4.531943425536155701e-02 1.609313860535621643e-02 3.512906655669212341e-02 1.645573414862155914e-02 2.445339411497116089e-02 4.444437101483345032e-02 1.407314278185367584e-02 4.594505578279495239e-02 4.070101678371429443e-02 4.123301710933446884e-03 3.648231923580169678e-02 1.934480667114257812e-02 8.894747123122215271e-03 8.579555898904800415e-02 7.110725156962871552e-03 3.953997418284416199e-02 2.215238660573959351e-02 2.424237318336963654e-02 1.015951577574014664e-02 1.610926724970340729e-02 3.685595840215682983e-02 1.331441998481750488e-01 6.938223540782928467e-02 2.515848912298679352e-02 1.881817914545536041e-02 5.673309415578842163e-02 3.502493351697921753e-02 6.250325590372085571e-02 1.665376825258135796e-03 1.963435934158042073e-04 1.722531765699386597e-02 1.335865072906017303e-02 1.608245819807052612e-02 7.212450355291366577e-02 8.710874617099761963e-02 8.217055583372712135e-04 6.011201068758964539e-03 8.234202861785888672e-03 1.415539719164371490e-02 6.791897118091583252e-03 4.671360366046428680e-03 9.579152683727443218e-04 1.997286267578601837e-02 5.986403301358222961e-02 2.087681554257869720e-02 2.315115852979943156e-05 2.836793288588523865e-02 2.222681045532226562e-02 1.311163883656263351e-03 1.072559133172035217e-02 4.330427572131156921e-02 1.158435735851526260e-02 1.517867017537355423e-02 1.435694284737110138e-02 9.346384555101394653e-03 1.634829491376876831e-02 1.861051470041275024e-02 6.956745404750108719e-03 2.331785485148429871e-02 7.016981951892375946e-03 1.777608878910541534e-02
3.907861560583114624e-02 3.748856112360954285e-02 4.170374944806098938e-02 7.514158729463815689e-03 1.928478106856346130e-02 6.919386237859725952e-02 4.617195948958396912e-02 5.943071097135543823e-02 9.605962783098220825e-02 1.355047076940536499e-01 3.282558545470237732e-02 1.571766845881938934e-02 1.318167615681886673e-02 3.748449683189392090e-02 1.638060994446277618e-02 5.179237574338912964e-03 5.389216542243957520e-02 2.443100512027740479e-02 1.235980913043022156e-01 3.824029490351676941e-02 2.364890091121196747e-02 4.308808594942092896e-03 3.012480773031711578e-02 7.610195875167846680e-02 2.660533227026462555e-02 6.425755470991134644e-02 3.423371911048889160e-02 7.277044653892517090e-02 3.004718385636806488e-02 1.065841410309076309e-02 2.056907862424850464e-02 6.122697889804840088e-02 2.518458478152751923e-02 6.471830606460571289e-02 1.446516998112201691e-02 1.852769963443279266e-02 2.670577540993690491e-02 7.646559970453381538e-04 5.328767467290163040e-03 1.062252372503280640e-02 1.300045382231473923e-02 9.594404138624668121e-03 4.623353481292724609e-02 3.971937298774719238e-02 4.427778720855712891e-02 6.657407432794570923e-02 3.998835012316703796e-02 3.946845390601083636e-05 3.422963619232177734e-02 1.426289826631546021e-01 4.323033988475799561e-02 4.208499938249588013e-02 3.609047457575798035e-02 2.263742499053478241e-02 2.140384353697299957e-02 1.194265633821487427e-01 3.762661293148994446e-02 5.491796415299177170e-03 2.414456196129322052e-02 1.073579397052526474e-02 5.366993322968482971e-02 3.138757310807704926e-03 3.580415621399879456e-02 3.320126980543136597e-02 4.021763056516647339e-02 1.606460474431514740e-02 1.479724328964948654e-02 1.854808535426855087e-03 1.254541799426078796e-02 1.244714204221963882e-02 3.284054622054100037e-02 4.527859389781951904e-02 5.140585452318191528e-02 1.638814434409141541e-02 3.230427205562591553e-02 2.561878412961959839e-02 1.320786192081868649e-03 1.541072130203247070e-01 1.129366084933280945e-02 1.513626575469970703e-01 9.115066379308700562e-02 1.046123206615447998e-01 3.191490843892097473e-02 1.399953216314315796e-01 5.543427914381027222e-02 3.592397272586822510e-02 1.025363709777593613e-02 2.335809729993343353e-02 6.885229051113128662e-02 8.379388600587844849e-02 3.830248489975929260e-02 1.654245075769722462e-03 6.828652694821357727e-03 4.467577487230300903e-02 1.602737791836261749e-02 2.216804027557373047e-02 1.409983844496309757e-03 5.289379134774208069e-02 2.833918295800685883e-02 3.482562303543090820e-02 6.630839407444000244e-02 1.281777489930391312e-02 2.854132093489170074e-02 2.026877924799919128e-02 4.715244099497795105e-02 6.191737204790115356e-02 1.257428433746099472e-02 1.873861253261566162e-02 5.323363468050956726e-02 4.492916559684090316e-05 1.491233985871076584e-02 1.606117002665996552e-02 3.694793209433555603e-02 8.998648263514041901e-03 1.686536520719528198e-02 1.726612797938287258e-03
8.957794308662414551e-02 1.292328387498855591e-01 5.382573604583740234e-02 1.236217841506004333e-02 1.830211095511913300e-02 8.308575302362442017e-02 9.615252912044525146e-02 2.574578300118446350e-02 2.220055833458900452e-02 3.282558545470237732e-02 1.192687898874282837e-01 1.539365202188491821e-02 1.023113206028938293e-01 1.568970456719398499e-02 3.944493085145950317e-02 7.337496615946292877e-03 6.505290511995553970e-03 4.314895346760749817e-02 4.888850077986717224e-02 1.961200311779975891e-02 1.700640842318534851e-02 1.772812008857727051e-02 5.791286006569862366e-03 5.150082521140575409e-03 2.287515904754400253e-03 1.269101444631814957e-02 5.864124279469251633e-03 6.494987290352582932e-03 4.007066786289215088e-02 8.434682153165340424e-03 5.400355905294418335e-02 6.674655526876449585e-02 1.801101863384246826e-02 4.844244569540023804e-02 5.058833630755543709e-05 2.391168661415576935e-02 1.593721797689795494e-03 4.466469213366508484e-02 4.376729205250740051e-02 3.534851223230361938e-02 8.947758004069328308e-03 1.043122541159391403e-02 2.247164212167263031e-02 4.038271307945251465e-02 1.745475642383098602e-02 1.297912932932376862e-02 4.589564725756645203e-02 4.680447280406951904e-02 3.156482800841331482e-02 1.440308842575177550e-04 4.892527684569358826e-02 3.802771121263504028e-02 6.969545967876911163e-03 2.481528930366039276e-02 2.465099096298217773e-02 5.738019011914730072e-03 2.591237984597682953e-02 3.297385573387145996e-02 8.741876110434532166e-03 2.158292196691036224e-02 6.361979991197586060e-03 1.458388287574052811e-03 3.554799035191535950e-02 2.040790021419525146e-02 8.937729895114898682e-02 5.466139689087867737e-02 8.004102855920791626e-03 2.793518826365470886e-02 1.974944211542606354e-02 2.487776987254619598e-02 2.201295457780361176e-02 1.925834082067012787e-02 3.736053407192230225e-02 2.035086974501609802e-02 1.548566948622465134e-02 2.691503800451755524e-02 2.557095140218734741e-02 7.313415408134460449e-03 2.151416800916194916e-02 3.368610143661499023e-02 4.458324983716011047e-02 1.552866771817207336e-02 3.648813813924789429e-02 6.955146789550781250e-03 2.541297674179077148e-02 2.213359065353870392e-02 4.477953910827636719e-02 4.126416519284248352e-02 1.529868505895137787e-02 6.778993457555770874e-02 2.820059657096862793e-02 7.488267123699188232e-02 1.032586395740509033e-02 3.808519244194030762e-02 4.802772775292396545e-03 5.105311516672372818e-03 1.049814559519290924e-02 2.088672854006290436e-02 3.074336424469947815e-02 1.482156943529844284e-02 2.071959339082241058e-02 9.604956023395061493e-03 4.655325785279273987e-03 1.628520153462886810e-02 1.873343065381050110e-02 1.745182089507579803e-02 3.738339524716138840e-03 1.766345277428627014e-02 2.178173325955867767e-02 4.512291029095649719e-02 2.037617005407810211e-02 5.181315820664167404e-03 3.031954169273376465e-03 3.070191014558076859e-03 1.513202209025621414e-02 2.213421463966369629e-02
2.960988692939281464e-02 2.083081938326358795e-02 3.281503170728683472e-02 8.528062142431735992e-03 1.888325810432434082e-02 4.219714179635047913e-02 4.347292333841323853e-02 1.552083622664213181e-02 5.965723842382431030e-02 1.571766845881938934e-02 1.539365202188491821e-02 8.237568289041519165e-02 1.438759826123714447e-02 8.035778254270553589e-02 1.547971554100513458e-02 5.416287109255790710e-03 1.109684119001030922e-03 2.305303886532783508e-02 4.001207277178764343e-02 5.418880376964807510e-03 5.336652323603630066e-02 2.291308902204036713e-02 4.319320991635322571e-02 1.540450495667755604e-03 1.443187240511178970e-02 5.700062587857246399e-02 1.113312039524316788e-02 3.857860341668128967e-02 1.586204953491687775e-02 2.068265527486801147e-02 3.312194021418690681e-04 2.366796694695949554e-02 1.131081208586692810e-02 1.656144671142101288e-02 3.071717917919158936e-02 2.770691737532615662e-02 9.973798878490924835e-03 3.315854445099830627e-02 3.533460572361946106e-02 1.167537365108728409e-02 9.506249800324440002e-03 1.316287927329540253e-02 3.298423439264297485e-02 8.108036126941442490e-04 3.873666003346443176e-02 4.425335675477981567e-02 5.977790057659149170e-02 3.386110439896583557e-02 5.893732421100139618e-03 1.569687575101852417e-02 3.077872842550277710e-02 4.279803857207298279e-02 2.119321748614311218e-02 1.180682238191366196e-02 2.243497781455516815e-02 3.549051657319068909e-02 2.219077385962009430e-02 9.846663102507591248e-03 4.462532699108123779e-02 2.571056038141250610e-02 1.549184089526534081e-03 3.535798937082290649e-02 1.697434484958648682e-02 2.608527056872844696e-02 2.117439173161983490e-02 3.306338912807404995e-04 1.313722785562276840e-02 6.579689681529998779e-02 1.441110856831073761e-02 7.920613512396812439e-03 2.143909456208348274e-03 2.152434736490249634e-02 1.209383714012801647e-03 1.078285276889801025e-02 3.496119752526283264e-02 1.447927486151456833e-02 6.425102800130844116e-02 4.439123347401618958e-02 2.295625582337379456e-02 2.689012512564659119e-02 1.314857974648475647e-02 7.836186559870839119e-04 7.532279472798109055e-03 1.127640623599290848e-02 8.493524976074695587e-03 2.111898548901081085e-02 1.246729516424238682e-03 8.504932746291160583e-03 4.350296407938003540e-02 5.230045318603515625e-02 2.796511910855770111e-02 9.921828750520944595e-04 3.011374361813068390e-02 1.838754280470311642e-03 5.615190044045448303e-02 5.372653901576995850e-02 2.521209791302680969e-02 2.354614250361919403e-02 1.974834874272346497e-02 1.289115753024816513e-02 9.040405973792076111e-03 2.255010232329368591e-02 6.910005118697881699e-03 6.806255783885717392e-03 4.402410704642534256e-03 4.383703693747520447e-02 4.455102235078811646e-02 2.875366620719432831e-02 4.186454415321350098e-02 4.342061467468738556e-03 3.083616681396961212e-02 4.345014691352844238e-02 2.495593950152397156e-02 3.448265418410301208e-02 3.931577131152153015e-02 1.351815368980169296e-02
8.679614961147308350e-02 1.107445508241653442e-01 2.279438823461532593e-02 1.224348507821559906e-02 1.647510938346385956e-02 5.727862939238548279e-02 3.609092161059379578e-02 1.089147403836250305e-01 4.265807801857590675e-04 1.318167615681886673e-02 1.023113206028938293e-01 1.438759826123714447e-02 1.031126007437705994e-01 2.401841431856155396e-02 5.189510434865951538e-02 2.487079426646232605e-02 2.008953317999839783e-02 8.801249787211418152e-03 1.233902946114540100e-02 2.383329160511493683e-02 4.087935201823711395e-03 4.927804693579673767e-02 5.000205244868993759e-03 8.127706125378608704e-03 1.636290177702903748e-02 4.392287507653236389e-02 2.792002446949481964e-02 1.276779337786138058e-03 4.261312261223793030e-02 1.370219420641660690e-02 2.845164574682712555e-02 9.935470297932624817e-03 1.728155277669429779e-02 4.945672675967216492e-02 7.955428957939147949e-02 2.532478794455528259e-02 1.865309104323387146e-02 1.181318983435630798e-02 3.961254283785820007e-02 2.729626372456550598e-02 9.182319976389408112e-03 1.263372320681810379e-02 6.104568764567375183e-02 2.615056000649929047e-02 1.221927255392074585e-02 1.258789468556642532e-02 5.753651261329650879e-02 2.163093909621238708e-02 2.714289538562297821e-02 2.313654124736785889e-02 4.386362805962562561e-02 4.479275643825531006e-02 1.353070046752691269e-02 2.231367863714694977e-02 1.428955700248479843e-02 8.733360096812248230e-03 1.406319532543420792e-02 4.938257043249905109e-04 8.604306727647781372e-03 1.624175347387790680e-02 2.135101705789566040e-02 1.332799438387155533e-02 7.409537676721811295e-03 4.970245435833930969e-02 7.959157973527908325e-02 7.815956324338912964e-02 1.217213273048400879e-02 9.341853670775890350e-03 2.551721595227718353e-02 3.221137821674346924e-02 2.167249470949172974e-02 7.087516132742166519e-05 1.735624484717845917e-02 2.083376981317996979e-02 2.688891068100929260e-02 1.846957765519618988e-02 2.739561023190617561e-03 1.721525378525257111e-02 3.473948687314987183e-02 4.705394618213176727e-03 6.645260006189346313e-02 9.022301994264125824e-03 1.790214702486991882e-02 4.472122713923454285e-02 3.336908994242548943e-03 1.418794691562652588e-02 2.781299129128456116e-02 3.682107478380203247e-02 5.525331012904644012e-03 3.449807316064834595e-02 4.594267159700393677e-02 7.305117696523666382e-02 6.150059401988983154e-03 4.624309763312339783e-02 6.892821285873651505e-03 2.424609661102294922e-02 2.367381821386516094e-04 2.653839997947216034e-02 1.075262576341629028e-02 2.423383854329586029e-02 2.939179725944995880e-02 2.617850154638290405e-02 9.319842793047428131e-03 1.977298781275749207e-02 4.459821619093418121e-03 4.518682137131690979e-02 3.058944270014762878e-02 1.920206286013126373e-02 1.283691357821226120e-02 5.507637932896614075e-02 2.960507525131106377e-03 1.666394434869289398e-02 6.818654946982860565e-03 5.394984409213066101e-02 1.913131587207317352e-02 2.856772334780544043e-04
