4.186953231692314148e-02 2.340109497308731079e-01 2.769358642399311066e-02 2.987358346581459045e-02 7.986707612872123718e-03 2.815420031547546387e-01 3.997617587447166443e-02 2.114385738968849182e-02 1.121782884001731873e-02 5.857615731656551361e-03 2.061042636632919312e-01 9.032446146011352539e-02 1.661224365234375000e-01 8.854677435010671616e-04 1.787679269909858704e-02 6.311617791652679443e-02 9.939049184322357178e-02 4.017932340502738953e-02 2.649413421750068665e-02 2.899112366139888763e-02 3.776898607611656189e-02 1.590594276785850525e-02 4.261113703250885010e-02 4.301333054900169373e-02 1.952028274536132812e-02 3.649977967143058777e-02 9.005496278405189514e-03 4.952361807227134705e-02 5.680558830499649048e-02 2.659575082361698151e-02 7.452955096960067749e-02 3.614665567874908447e-02 9.390193969011306763e-03 3.664128482341766357e-02 1.409463398158550262e-02 6.317482329905033112e-03 3.492539003491401672e-02 5.020632222294807434e-02 3.750807419419288635e-02 4.598924517631530762e-02 5.566785857081413269e-02 9.519801475107669830e-03 1.678485609591007233e-02 2.753812354058027267e-03 4.335498809814453125e-02 4.656247794628143311e-02 2.231754213571548462e-01 1.795440725982189178e-02 1.192228123545646667e-02 3.088166005909442902e-02 1.020176708698272705e-02 6.710042059421539307e-02 5.415454506874084473e-02 2.817050181329250336e-02 1.010632608085870743e-02 2.586469985544681549e-02 4.009215906262397766e-02 4.296473786234855652e-02 5.254353955388069153e-02 6.593327969312667847e-02 6.503857206553220749e-03 5.371824651956558228e-02 8.749234839342534542e-04 3.654560819268226624e-02 1.619757153093814850e-02 3.956866636872291565e-02 8.682684972882270813e-03 6.021386012434959412e-03 1.042800955474376678e-02 4.395090788602828979e-02 3.269637003540992737e-02 3.414883837103843689e-02 6.324371695518493652e-02 6.193650513887405396e-02 7.003859616816043854e-03 1.014924421906471252e-02 5.969772860407829285e-02 3.428756445646286011e-02 4.503401927649974823e-03 1.424663607031106949e-02 1.441605482250452042e-02 2.368366718292236328e-02 6.217452883720397949e-02 1.038947608321905136e-02 2.250231429934501648e-02 7.592709362506866455e-02 2.551897056400775909e-02 1.730922237038612366e-02 4.413035511970520020e-02 4.191278666257858276e-02 4.963507130742073059e-02 1.667399145662784576e-02 5.739701166749000549e-02 9.410735219717025757e-03 2.086594328284263611e-02 1.782893389463424683e-02 4.791691899299621582e-02 1.786878146231174469e-02 5.313974991440773010e-02 2.681401371955871582e-02 9.533809497952461243e-04 3.203109279274940491e-02 4.537734389305114746e-02 1.486870925873517990e-03 1.631197705864906311e-02 5.099796131253242493e-02 1.989021152257919312e-02 8.509580045938491821e-03 3.209844231605529785e-02 2.725616656243801117e-02 2.603541687130928040e-02 2.108675055205821991e-02 3.310416638851165771e-02 2.321513555943965912e-02 1.147117745131254196e-02 7.054681330919265747e-02
2.340109497308731079e-01 5.387577041983604431e-02 3.355792909860610962e-02 3.081920184195041656e-02 3.828940540552139282e-02 1.303220391273498535e-01 2.216699123382568359e-01 4.898414760828018188e-02 8.777806535363197327e-03 3.457812592387199402e-02 1.057067066431045532e-01 1.305558718740940094e-02 3.043525815010070801e-01 6.730606406927108765e-02 3.680406510829925537e-02 1.695058075711131096e-03 6.040497869253158569e-02 4.471083357930183411e-02 3.271367028355598450e-02 3.367449715733528137e-02 7.581919897347688675e-03 1.319426670670509338e-02 4.883207380771636963e-03 6.339178420603275299e-03 1.372223906219005585e-02 4.798400402069091797e-02 1.906733401119709015e-02 3.052298910915851593e-02 1.937384903430938721e-02 1.088973358273506165e-01 2.891687676310539246e-02 5.154256522655487061e-02 1.006579864770174026e-02 3.857728093862533569e-02 3.399042040109634399e-02 4.253686219453811646e-02 3.468452766537666321e-02 1.645839214324951172e-02 2.571139112114906311e-02 6.020758883096277714e-04 1.697618328034877777e-02 1.920994254760444164e-03 2.854551002383232117e-02 6.669174879789352417e-02 9.334536269307136536e-03 1.596165634691715240e-02 5.256351549178361893e-03 6.295847892761230469e-02 4.168140515685081482e-02 4.398388415575027466e-02 1.101208850741386414e-01 7.231313735246658325e-02 8.570226281881332397e-02 4.984511062502861023e-02 3.728594258427619934e-02 1.540145650506019592e-02 4.961687326431274414e-02 5.913385376334190369e-02 5.718833208084106445e-02 5.340442806482315063e-02 1.759661734104156494e-02 9.369233623147010803e-03 4.829548299312591553e-02 3.472185134887695312e-02 4.057874903082847595e-02 1.760062528774142265e-03 6.733982823789119720e-03 4.100257530808448792e-02 4.543282091617584229e-02 3.013570792973041534e-02 3.014978393912315369e-02 1.458056736737489700e-02 4.328749328851699829e-02 3.291751071810722351e-02 7.797027938067913055e-03 9.912229143083095551e-03 8.496622554957866669e-03 5.961634963750839233e-02 6.631712615489959717e-02 5.708202719688415527e-02 2.397641912102699280e-02 2.283796295523643494e-02 1.996499300003051758e-02 4.963972140103578568e-03 6.916670501232147217e-02 1.793061383068561554e-02 5.778141319751739502e-03 4.278320446610450745e-02 9.353405982255935669e-02 6.959480792284011841e-02 2.164403535425662994e-02 4.352438449859619141e-02 4.002566263079643250e-02 2.295514568686485291e-02 5.551035702228546143e-02 2.935408428311347961e-02 3.065293841063976288e-02 1.148093584924936295e-02 2.998694218695163727e-02 4.500261321663856506e-02 2.432337775826454163e-02 1.159553509205579758e-02 6.263150274753570557e-02 3.910193592309951782e-02 7.716536521911621094e-02 1.921451464295387268e-02 4.165599495172500610e-02 9.212288074195384979e-03 3.321704268455505371e-02 6.002572830766439438e-03 6.876086443662643433e-02 5.705556273460388184e-02 3.395551815629005432e-03 4.949805140495300293e-02 5.684319138526916504e-02 5.267249885946512222e-03
2.769358642399311066e-02 3.355792909860610962e-02 4.531869664788246155e-02 3.394048660993576050e-02 5.459643527865409851e-02 2.285691909492015839e-02 9.341017343103885651e-03 2.270766347646713257e-01 3.041084110736846924e-02 5.233350768685340881e-02 4.603317379951477051e-02 3.331956639885902405e-02 2.396047860383987427e-02 9.193482808768749237e-03 5.220102891325950623e-02 4.426966980099678040e-02 2.609718963503837585e-02 4.030138626694679260e-02 1.127472519874572754e-02 3.593035414814949036e-02 4.993816465139389038e-02 6.615770608186721802e-02 5.110453069210052490e-02 2.535985223948955536e-02 1.901960559189319611e-02 8.412074297666549683e-02 6.569630652666091919e-02 2.837718091905117035e-02 7.565041631460189819e-02 4.226735234260559082e-02 2.214948832988739014e-02 3.760156407952308655e-02 9.244812536053359509e-04 1.687503233551979065e-02 1.348496763966977596e-03 4.794535040855407715e-02 4.560253024101257324e-02 2.414803393185138702e-02 1.061619725078344345e-02 1.981347426772117615e-02 1.931704580783843994e-02 2.073019277304410934e-03 5.389769002795219421e-02 2.107701636850833893e-02 2.151827700436115265e-02 3.770335391163825989e-02 4.558369889855384827e-02 4.114099219441413879e-02 2.282399870455265045e-02 1.251559332013130188e-02 1.087023094296455383e-01 9.226886183023452759e-02 8.284526411443948746e-04 8.416010066866874695e-03 5.731524899601936340e-02 2.932992298156023026e-03 4.941988736391067505e-02 7.061248272657394409e-02 4.241438955068588257e-02 5.849206820130348206e-02 4.195936024188995361e-03 4.202282056212425232e-03 1.316395215690135956e-02 1.184283383190631866e-02 4.563050344586372375e-02 1.610183343291282654e-02 1.454246416687965393e-02 5.354374647140502930e-03 1.549179665744304657e-02 6.992534617893397808e-04 3.177060931921005249e-02 4.060070961713790894e-02 6.930682342499494553e-03 3.021668817382305861e-04 4.370371252298355103e-02 2.397167310118675232e-02 2.743265219032764435e-02 4.110771417617797852e-02 7.716629654169082642e-02 6.191730126738548279e-02 1.071953028440475464e-01 1.425314396619796753e-01 8.462285250425338745e-02 5.448885262012481689e-02 9.307945147156715393e-03 4.766108468174934387e-03 3.513072151690721512e-04 6.424245983362197876e-02 3.075144067406654358e-02 8.025485090911388397e-03 4.836752638220787048e-02 2.772923000156879425e-02 7.639565505087375641e-03 2.259349264204502106e-02 4.758341237902641296e-02 3.842223808169364929e-02 5.420713126659393311e-02 5.097190663218498230e-02 3.410552814602851868e-02 1.114911027252674103e-02 7.504906505346298218e-02 8.674995973706245422e-03 4.826949164271354675e-02 3.407575935125350952e-02 2.559081651270389557e-02 6.222125142812728882e-02 1.186490058898925781e-01 3.192697465419769287e-02 9.828043170273303986e-03 3.483115881681442261e-02 4.611714184284210205e-02 4.733806475996971130e-02 5.934746190905570984e-02 5.718551576137542725e-02 1.292649377137422562e-02 7.330782711505889893e-02
2.987358346581459045e-02 3.081920184195041656e-02 3.394048660993576050e-02 4.530888109002262354e-04 1.724953651428222656e-01 1.122223492711782455e-02 9.043725579977035522e-02 3.025911748409271240e-02 5.080710723996162415e-02 5.838346853852272034e-02 1.402802765369415283e-02 6.563023477792739868e-02 3.631702065467834473e-02 7.979685440659523010e-03 8.112299256026744843e-03 4.610673338174819946e-02 8.947513997554779053e-03 7.016845047473907471e-02 3.444416075944900513e-02 3.152422606945037842e-02 4.238254204392433167e-02 1.659748330712318420e-02 1.932330802083015442e-02 1.141805350780487061e-01 6.151394918560981750e-02 2.814920991659164429e-02 2.528753131628036499e-02 3.402207419276237488e-02 2.150287292897701263e-02 4.239480942487716675e-02 1.750683225691318512e-02 1.372212171554565430e-02 1.457578036934137344e-02 4.612495377659797668e-02 1.936753839254379272e-02 3.025322407484054565e-02 6.193497031927108765e-02 4.847358539700508118e-02 1.852863132953643799e-01 8.518229424953460693e-02 3.340170904994010925e-02 5.464794114232063293e-02 4.886060487478971481e-04 2.900960668921470642e-02 2.886075293645262718e-03 1.732789911329746246e-02 2.806033380329608917e-02 1.249284856021404266e-02 8.612427860498428345e-02 5.438360199332237244e-02 9.306417778134346008e-03 5.046513397246599197e-03 2.351384237408638000e-02 5.545712541788816452e-03 1.650648191571235657e-02 2.155442163348197937e-02 9.405189752578735352e-02 1.995252072811126709e-02 5.364739522337913513e-02 1.298569608479738235e-02 2.246726676821708679e-02 7.410848047584295273e-03 2.238208241760730743e-02 7.306212931871414185e-02 1.364833489060401917e-02 2.938449755311012268e-02 4.108883440494537354e-02 2.043276838958263397e-02 1.158445328474044800e-01 1.033752225339412689e-03 1.222358667291700840e-03 6.195627525448799133e-02 1.761914789676666260e-01 4.620998352766036987e-02 1.188212484121322632e-01 5.082009360194206238e-02 4.855107888579368591e-02 5.750032141804695129e-03 8.053439855575561523e-02 2.804047660902142525e-03 9.258315898478031158e-03 3.590902686119079590e-02 2.531897276639938354e-02 4.723469540476799011e-02 3.593588946387171745e-03 3.232181817293167114e-02 3.730333223938941956e-02 6.967642344534397125e-03 6.691125780344009399e-02 5.446920171380043030e-03 1.554642990231513977e-02 7.148183882236480713e-02 2.923202887177467346e-02 2.537497505545616150e-02 5.632035061717033386e-02 2.770591899752616882e-02 5.910026282072067261e-02 4.209697619080543518e-02 3.251156210899353027e-02 1.248948369175195694e-02 1.024064025841653347e-03 1.873546652495861053e-02 1.628249185159802437e-03 2.826048620045185089e-02 3.060931898653507233e-02 4.300607368350028992e-02 2.075134217739105225e-02 4.849603399634361267e-02 1.552768703550100327e-02 4.055678844451904297e-02 1.098454222083091736e-01 5.744051560759544373e-02 2.957072481513023376e-02 1.880730129778385162e-02 3.487696871161460876e-02 3.938456252217292786e-02
7.986707612872123718e-03 3.828940540552139282e-02 5.459643527865409851e-02 1.724953651428222656e-01 3.600559383630752563e-02 8.933519013226032257e-03 6.524563301354646683e-03 4.798425734043121338e-02 7.290267199277877808e-02 2.671429514884948730e-02 8.338257670402526855e-03 5.396156758069992065e-02 5.615957826375961304e-02 6.683443486690521240e-02 2.272633090615272522e-02 9.306979179382324219e-02 3.979316726326942444e-02 1.349325198680162430e-02 4.514211043715476990e-02 4.238164424896240234e-02 1.596495136618614197e-02 4.305708408355712891e-02 4.340475797653198242e-02 2.623041160404682159e-02 1.021369080990552902e-02 4.045323655009269714e-02 9.012592025101184845e-03 1.585493236780166626e-02 3.171048313379287720e-02 3.752732649445533752e-02 1.301174890249967575e-02 6.169439852237701416e-02 3.867248818278312683e-02 2.459556609392166138e-02 5.246925167739391327e-03 1.758721098303794861e-02 4.033347219228744507e-02 3.922924399375915527e-02 8.783501386642456055e-02 4.755555465817451477e-02 1.894661970436573029e-02 4.870481416583061218e-02 2.580714784562587738e-02 5.517010763287544250e-02 3.135084360837936401e-02 5.584401637315750122e-02 1.910285465419292450e-02 1.466936082579195499e-03 2.793498151004314423e-02 4.093484953045845032e-02 1.740251434966921806e-03 4.615002498030662537e-02 1.664849556982517242e-02 4.563427343964576721e-02 1.173770986497402191e-02 1.556975021958351135e-02 9.506668895483016968e-02 3.748939186334609985e-02 7.742453366518020630e-02 4.481190815567970276e-02 1.994343620026484132e-04 8.785036951303482056e-02 1.682476885616779327e-02 1.064678421244025230e-03 3.177421167492866516e-02 2.154207415878772736e-02 3.181306179612874985e-03 1.326549053192138672e-02 9.329429268836975098e-02 2.890962362289428711e-02 2.066378481686115265e-02 4.852758720517158508e-03 4.666735604405403137e-02 4.225159436464309692e-02 1.086497083306312561e-01 5.840527825057506561e-03 1.535352505743503571e-02 3.138632327318191528e-02 2.676562173292040825e-03 1.574732922017574310e-02 4.475621040910482407e-03 3.398329019546508789e-02 6.668576598167419434e-02 2.031327225267887115e-02 6.711743026971817017e-02 7.623948156833648682e-02 1.748561859130859375e-02 8.027796447277069092e-02 5.024705827236175537e-02 4.603744670748710632e-02 2.313326857984066010e-02 4.699240252375602722e-02 2.874469757080078125e-02 2.486933954060077667e-03 6.849880516529083252e-02 4.325887188315391541e-02 3.099925629794597626e-02 1.553438045084476471e-02 5.487656220793724060e-03 1.356595777906477451e-03 5.956011638045310974e-02 6.314332783222198486e-02 2.015604265034198761e-02 9.416804648935794830e-03 1.997708715498447418e-02 2.076791599392890930e-02 5.708436295390129089e-02 1.204532664269208908e-02 8.293777704238891602e-03 6.677555385977029800e-03 2.128934673964977264e-02 1.252602506428956985e-02 9.686098434031009674e-03 2.541092596948146820e-02 2.988393534906208515e-04 1.751486910507082939e-03
2.815420031547546387e-01 1.303220391273498535e-01 2.285691909492015839e-02 1.122223492711782455e-02 8.933519013226032257e-03 3.092358820140361786e-02 1.330437213182449341e-01 2.005373686552047729e-02 3.053933195769786835e-02 7.185883074998855591e-02 1.074100285768508911e-01 9.496801346540451050e-02 1.084233298897743225e-01 6.390295457094907761e-03 7.418609689921140671e-03 1.129987649619579315e-02 3.677186742424964905e-02 7.052513211965560913e-02 1.840079203248023987e-02 3.750706836581230164e-02 2.546530775725841522e-02 4.065027460455894470e-02 4.878202453255653381e-02 2.119842544198036194e-02 3.874690970405936241e-03 1.013220474123954773e-02 2.260253950953483582e-02 4.782514274120330811e-02 1.920900866389274597e-02 2.751369215548038483e-02 7.405174523591995239e-02 1.184774376451969147e-02 3.239829093217849731e-02 1.787609979510307312e-02 3.824105486273765564e-02 1.555007789283990860e-02 1.685589738190174103e-02 6.008579954504966736e-02 4.224289953708648682e-02 4.327566176652908325e-02 1.444268785417079926e-02 9.195762686431407928e-03 2.171261608600616455e-02 2.179218642413616180e-02 2.231221646070480347e-03 7.385290693491697311e-03 3.161683082580566406e-01 1.621284894645214081e-02 3.090042248368263245e-02 2.292859740555286407e-02 6.307354569435119629e-02 9.273570030927658081e-03 3.556026145815849304e-02 2.525047026574611664e-02 2.331686764955520630e-02 3.249297663569450378e-02 4.998006299138069153e-02 5.368679389357566833e-02 7.808851450681686401e-02 2.722000889480113983e-02 5.970739759504795074e-03 4.557440802454948425e-02 2.135352604091167450e-02 1.281478349119424820e-02 4.045289382338523865e-02 2.208334580063819885e-02 6.334440782666206360e-03 3.265990316867828369e-02 5.896385759115219116e-03 8.584308438003063202e-03 5.185633897781372070e-02 1.356921344995498657e-02 2.929766196757555008e-03 8.748724125325679779e-03 3.561319410800933838e-02 3.739127889275550842e-02 1.359453052282333374e-02 3.968231379985809326e-02 4.284412786364555359e-02 2.136876247823238373e-02 2.953777555376291275e-03 6.292246747761964798e-03 3.333986550569534302e-02 1.891771517693996429e-02 3.127473592758178711e-02 4.763073101639747620e-02 2.513274177908897400e-02 2.887942641973495483e-02 1.592089608311653137e-02 5.719987303018569946e-02 5.753090605139732361e-03 3.794967755675315857e-02 7.430365681648254395e-02 4.504728317260742188e-02 4.905239865183830261e-02 4.489480517804622650e-03 1.419121772050857544e-02 3.286685794591903687e-02 6.120933219790458679e-02 3.473671898245811462e-02 1.595998741686344147e-02 4.298534616827964783e-02 3.455157857388257980e-03 1.619616150856018066e-02 4.123917222023010254e-02 8.021053671836853027e-02 5.512401834130287170e-02 5.247562658041715622e-03 5.188645049929618835e-02 3.832110017538070679e-02 7.280689198523759842e-03 4.042327404022216797e-02 3.488520625978708267e-03 3.359676152467727661e-02 2.195764100179076195e-04 2.279556728899478912e-02
3.997617587447166443e-02 2.216699123382568359e-01 9.341017343103885651e-03 9.043725579977035522e-02 6.524563301354646683e-03 1.330437213182449341e-01 1.814108341932296753e-02 2.919198945164680481e-02 5.975058302283287048e-02 7.432752102613449097e-02 2.900124236475676298e-04 8.644891530275344849e-02 1.137163862586021423e-01 5.845267698168754578e-02 2.614170685410499573e-02 3.141157329082489014e-02 4.392198845744132996e-02 2.137779444456100464e-02 1.632144488394260406e-02 2.223438955843448639e-02 4.267596453428268433e-02 6.828016042709350586e-02 3.281677709310315549e-05 2.152998559176921844e-02 2.858403697609901428e-02 5.554830655455589294e-02 5.021506454795598984e-03 2.809615060687065125e-02 5.868545547127723694e-02 3.656466305255889893e-02 8.932385593652725220e-02 4.946032539010047913e-02 6.295850616879761219e-04 2.667043544352054596e-02 4.415178298950195312e-02 7.375804334878921509e-02 3.845974057912826538e-02 3.343189880251884460e-02 4.338905960321426392e-02 3.060790151357650757e-02 1.613730564713478088e-02 3.890656307339668274e-02 4.550356790423393250e-02 7.811073213815689087e-02 1.422957926988601685e-01 2.846835181117057800e-02 7.598116993904113770e-02 1.925672888755798340e-01 8.406145870685577393e-02 2.147412486374378204e-02 1.296469010412693024e-02 6.418224424123764038e-02 3.008317388594150543e-02 6.282470375299453735e-02 1.887173950672149658e-02 9.395305067300796509e-03 2.347544766962528229e-03 9.255284094251692295e-04 4.548855498433113098e-02 8.233986049890518188e-02 9.527444839477539062e-03 1.335182972252368927e-02 1.574327982962131500e-02 6.302906572818756104e-02 2.290073037147521973e-02 4.191464558243751526e-02 2.696981094777584076e-02 3.571662306785583496e-02 3.906772937625646591e-03 5.922847241163253784e-02 4.510687291622161865e-02 4.058922454714775085e-02 2.800290659070014954e-02 6.984902173280715942e-02 5.441801156848669052e-03 4.830455780029296875e-02 1.450583618134260178e-02 1.141620520502328873e-02 5.778855457901954651e-02 5.132592096924781799e-02 4.281136672943830490e-03 7.710760086774826050e-02 1.545680407434701920e-02 5.073472857475280762e-02 4.460311029106378555e-03 1.747276820242404938e-02 9.201840497553348541e-03 3.289997810497879982e-03 2.236435376107692719e-02 7.740589976310729980e-02 8.087703585624694824e-02 2.540903538465499878e-02 4.165087640285491943e-02 4.457169398665428162e-02 1.810750737786293030e-02 8.341874927282333374e-03 4.146420210599899292e-02 5.346139520406723022e-02 2.711297757923603058e-02 4.306460544466972351e-02 6.186601519584655762e-02 5.673978105187416077e-02 1.351195387542247772e-02 2.108423039317131042e-02 5.146242678165435791e-02 5.931578576564788818e-03 3.296000137925148010e-02 3.220245614647865295e-02 3.490142151713371277e-02 1.224787347018718719e-02 6.301072891801595688e-03 2.938322536647319794e-02 3.587104007601737976e-02 1.527067273855209351e-03 2.585464529693126678e-02 2.651280537247657776e-02
2.114385738968849182e-02 4.898414760828018188e-02 2.270766347646713257e-01 3.025911748409271240e-02 4.798425734043121338e-02 2.005373686552047729e-02 2.919198945164680481e-02 2.795773372054100037e-02 9.126134961843490601e-02 6.510055065155029297e-02 3.166352212429046631e-02 5.098226666450500488e-02 1.165142562240362167e-02 5.787322297692298889e-03 9.825663268566131592e-02 6.606401503086090088e-02 1.466319151222705841e-02 5.229056626558303833e-02 1.470677740871906281e-02 1.408607698976993561e-02 1.886392012238502502e-02 6.062836572527885437e-02 7.978104054927825928e-03 9.568011388182640076e-03 2.686546370387077332e-02 7.422351092100143433e-02 9.250665456056594849e-02 1.226944965310394764e-03 5.236660316586494446e-02 3.158026188611984253e-02 3.632945939898490906e-02 1.837668754160404205e-02 4.822808131575584412e-02 2.497808076441287994e-02 2.509570494294166565e-02 6.024392694234848022e-02 4.591047391295433044e-02 2.470929175615310669e-02 3.445015102624893188e-02 5.702614784240722656e-02 1.969760097563266754e-02 6.102215126156806946e-02 2.410535514354705811e-02 2.843855880200862885e-02 6.388249248266220093e-02 4.779131710529327393e-02 1.014490723609924316e-01 2.328297123312950134e-03 1.881448738276958466e-02 3.407261893153190613e-02 6.704399734735488892e-02 5.199447274208068848e-02 1.563671790063381195e-02 5.110035091638565063e-02 7.766409963369369507e-02 2.226635813713073730e-02 2.845957502722740173e-02 6.395517289638519287e-02 6.414664443582296371e-03 1.962115988135337830e-02 2.486648969352245331e-02 3.014625981450080872e-02 5.553156509995460510e-02 6.765892356634140015e-02 1.651621609926223755e-02 4.497974645346403122e-03 1.325315982103347778e-02 3.456463292241096497e-02 1.747965626418590546e-02 1.810411550104618073e-02 4.153062030673027039e-02 1.420330349355936050e-02 2.310551144182682037e-02 7.825627923011779785e-02 2.019415237009525299e-02 3.390922397375106812e-02 1.681874506175518036e-02 5.048332735896110535e-02 4.721646383404731750e-02 3.757792874239385128e-04 1.143861562013626099e-01 1.533553451299667358e-01 2.862483961507678032e-04 2.524256473407149315e-03 1.482087746262550354e-02 4.353266209363937378e-02 4.978179186582565308e-02 9.256403893232345581e-02 4.113135114312171936e-02 1.487571094185113907e-02 7.806080859154462814e-03 5.393984168767929077e-02 6.166515871882438660e-02 1.977294310927391052e-02 1.814817450940608978e-02 2.858159597963094711e-03 6.553369108587503433e-03 2.735812682658433914e-03 7.119114696979522705e-02 4.210431873798370361e-02 3.604235500097274780e-02 5.533149465918540955e-02 4.955196008086204529e-02 2.411935292184352875e-02 1.197727676481008530e-02 4.616790637373924255e-02 3.842149302363395691e-02 4.391020536422729492e-02 5.162492021918296814e-02 6.691706925630569458e-02 5.299827829003334045e-02 5.803883448243141174e-02 5.223289504647254944e-02 1.506283599883317947e-02 1.926611922681331635e-02 2.140720933675765991e-02
1.121782884001731873e-02 8.777806535363197327e-03 3.041084110736846924e-02 5.080710723996162415e-02 7.290267199277877808e-02 3.053933195769786835e-02 5.975058302283287048e-02 9.126134961843490601e-02 4.507050290703773499e-02 8.179196715354919434e-02 1.005129015538841486e-04 4.377432912588119507e-02 5.783294513821601868e-02 7.559531927108764648e-02 8.730606175959110260e-03 1.246840786188840866e-02 3.466472029685974121e-03 3.495273739099502563e-02 3.925839811563491821e-02 1.061834469437599182e-01 1.178507227450609207e-02 5.750484764575958252e-02 4.013390094041824341e-02 1.173510123044252396e-02 7.886135950684547424e-03 1.218693144619464874e-02 1.113300621509552002e-01 1.536709815263748169e-02 5.104250088334083557e-02 1.592566631734371185e-02 7.896552979946136475e-02 3.265748172998428345e-02 3.656518645584583282e-03 6.325637549161911011e-02 1.633589342236518860e-02 1.025389973074197769e-02 1.919045485556125641e-02 3.409414738416671753e-02 5.049426853656768799e-02 2.414436265826225281e-02 1.389900106005370617e-03 7.659467309713363647e-02 2.608574368059635162e-02 2.172792702913284302e-02 4.046010598540306091e-02 7.509344816207885742e-02 3.784498944878578186e-02 1.052866969257593155e-02 1.218038722872734070e-01 2.626556344330310822e-02 2.473124116659164429e-02 2.193342335522174835e-02 6.062667444348335266e-02 4.829092323780059814e-02 1.360074877738952637e-01 1.598733663558959961e-02 8.233308047056198120e-02 2.191733801737427711e-03 3.678873553872108459e-02 8.580168709158897400e-03 8.127623796463012695e-02 5.903952941298484802e-02 3.281090781092643738e-02 1.669100858271121979e-02 5.847736075520515442e-02 2.878734841942787170e-02 6.423044949769973755e-02 4.415937140583992004e-02 1.624187268316745758e-02 5.523145943880081177e-02 2.430984936654567719e-02 2.336505427956581116e-02 3.936455398797988892e-02 7.184100896120071411e-02 1.470039319247007370e-02 2.517236582934856415e-02 1.906500458717346191e-01 4.409119486808776855e-02 4.649036750197410583e-02 1.101160887628793716e-02 5.153643339872360229e-02 4.170531406998634338e-02 6.013495847582817078e-02 3.345745801925659180e-02 6.650432944297790527e-02 7.146697491407394409e-02 1.205018721520900726e-03 5.300999432802200317e-02 3.352208808064460754e-02 1.927107386291027069e-02 3.115490451455116272e-02 5.777327716350555420e-02 4.979545995593070984e-02 1.032529473304748535e-01 3.681823611259460449e-02 5.788191780447959900e-02 3.857845440506935120e-02 4.615038633346557617e-02 5.408651381731033325e-02 7.381505798548460007e-03 4.268956184387207031e-02 3.680568933486938477e-02 3.475501015782356262e-02 4.158724844455718994e-02 1.668051630258560181e-02 1.867295429110527039e-02 2.828957140445709229e-02 2.326884493231773376e-02 5.025428906083106995e-02 1.381200738251209259e-02 4.260174557566642761e-02 2.457868121564388275e-02 2.936138585209846497e-02 3.714546933770179749e-02 2.089582383632659912e-02 5.434569716453552246e-02
5.857615731656551361e-03 3.457812592387199402e-02 5.233350768685340881e-02 5.838346853852272034e-02 2.671429514884948730e-02 7.185883074998855591e-02 7.432752102613449097e-02 6.510055065155029297e-02 8.179196715354919434e-02 1.164399553090333939e-02 3.573979437351226807e-02 6.461597513407468796e-03 6.501683592796325684e-02 4.108733497560024261e-03 3.596355766057968140e-02 1.056828303262591362e-03 4.545733332633972168e-03 1.768631162121891975e-03 8.127149194478988647e-02 1.889013499021530151e-02 3.381709009408950806e-02 3.559201210737228394e-02 7.158029079437255859e-02 4.819600656628608704e-02 1.103010872611775994e-04 6.376069039106369019e-02 6.481046788394451141e-03 4.607992619276046753e-02 3.382766619324684143e-02 2.029772475361824036e-02 1.538213808089494705e-02 5.862912163138389587e-02 2.159341610968112946e-02 8.169803023338317871e-02 1.352434325963258743e-02 6.633055210113525391e-02 2.927256980910897255e-03 2.960441634058952332e-02 1.675802841782569885e-02 2.483575046062469482e-02 2.174662798643112183e-02 7.890697568655014038e-02 3.037138655781745911e-02 2.557636797428131104e-02 1.920621097087860107e-02 5.707782134413719177e-02 1.357304751873016357e-01 4.758887458592653275e-03 5.066609382629394531e-02 9.680487960577011108e-02 2.090673148632049561e-02 1.630703732371330261e-02 6.087906286120414734e-02 1.633027195930480957e-02 2.754384279251098633e-02 9.400886297225952148e-02 1.768651790916919708e-02 5.197583511471748352e-02 5.839554592967033386e-02 8.387015759944915771e-02 3.116099163889884949e-02 7.479739934206008911e-02 4.324839916080236435e-03 4.628789052367210388e-02 2.989014051854610443e-02 2.991176955401897430e-02 1.889529265463352203e-02 6.727790087461471558e-02 3.869634494185447693e-02 4.472826421260833740e-02 4.846645891666412354e-02 2.567548118531703949e-02 3.289556875824928284e-02 2.773142978549003601e-02 5.943987891077995300e-02 2.422923035919666290e-02 4.127053916454315186e-02 7.300508767366409302e-02 1.341205183416604996e-02 1.065997406840324402e-01 2.294787578284740448e-02 1.361728063784539700e-03 3.427042812108993530e-02 9.149860590696334839e-02 1.763150095939636230e-02 1.561723649501800537e-02 2.312359958887100220e-02 4.646451771259307861e-02 1.151240151375532150e-02 1.405644137412309647e-02 7.168651372194290161e-02 3.040571510791778564e-02 3.714977577328681946e-02 9.096151590347290039e-02 3.050922974944114685e-02 1.247601117938756943e-02 7.827736437320709229e-03 1.020078547298908234e-03 1.687614992260932922e-02 3.425632044672966003e-02 2.865242026746273041e-02 4.429825581610202789e-03 1.187091879546642303e-02 1.926543563604354858e-02 4.427335225045681000e-03 8.577335625886917114e-03 3.347765654325485229e-02 3.792472928762435913e-02 4.279549047350883484e-02 9.312473237514495850e-03 3.484652843326330185e-03 5.044073984026908875e-02 4.359061643481254578e-02 6.475220620632171631e-02 1.232932414859533310e-02 1.855849102139472961e-02
2.061042636632919312e-01 1.057067066431045532e-01 4.603317379951477051e-02 1.402802765369415283e-02 8.338257670402526855e-03 1.074100285768508911e-01 2.900124236475676298e-04 3.166352212429046631e-02 1.005129015538841486e-04 3.573979437351226807e-02 5.719784181565046310e-03 4.546971991658210754e-02 9.120297431945800781e-02 4.087950289249420166e-02 4.291843995451927185e-02 6.620960682630538940e-02 8.944979310035705566e-02 1.001679226756095886e-01 1.122122853994369507e-01 7.152812555432319641e-03 3.911038860678672791e-03 2.553764730691909790e-02 8.924572914838790894e-02 6.270774453878402710e-02 3.638364747166633606e-02 5.278721917420625687e-03 4.423746839165687561e-02 7.019434869289398193e-02 9.579610079526901245e-02 3.878751397132873535e-02 5.127157643437385559e-02 5.485371872782707214e-02 1.202431414276361465e-02 3.354877978563308716e-02 2.052488364279270172e-02 3.086097165942192078e-02 4.629229381680488586e-02 3.846768662333488464e-02 6.566929817199707031e-02 2.152220718562602997e-02 8.228503167629241943e-02 3.418204188346862793e-02 1.451795641332864761e-02 7.111680228263139725e-03 7.070438470691442490e-03 1.241246238350868225e-02 5.235318467020988464e-02 6.464475393295288086e-02 1.790827512741088867e-02 1.353681460022926331e-02 3.659502137452363968e-03 3.026885539293289185e-02 6.239047646522521973e-02 5.607600882649421692e-02 2.911492437124252319e-02 2.250965870916843414e-02 6.185460090637207031e-02 1.082166284322738647e-02 3.108571283519268036e-02 9.191575460135936737e-03 9.341856464743614197e-03 3.312396630644798279e-02 1.714510656893253326e-02 3.806298598647117615e-02 5.689277499914169312e-02 9.297130629420280457e-03 2.417127788066864014e-02 2.851364016532897949e-02 1.579743996262550354e-02 4.257967695593833923e-02 9.494634345173835754e-03 4.429723694920539856e-02 4.982104897499084473e-02 7.260770350694656372e-02 3.785883635282516479e-02 3.362657502293586731e-02 4.227385297417640686e-02 8.500796556472778320e-02 9.784862399101257324e-02 2.776303701102733612e-02 2.555443719029426575e-02 5.480905994772911072e-02 5.033602938055992126e-02 4.871917143464088440e-02 3.946520015597343445e-02 3.126757219433784485e-03 2.841549925506114960e-03 1.396902650594711304e-02 6.053343531675636768e-04 8.781755715608596802e-02 6.526783853769302368e-02 1.099793985486030579e-01 6.659965962171554565e-02 1.617219485342502594e-02 2.212676592171192169e-02 1.010253280401229858e-02 1.673343032598495483e-02 2.054393291473388672e-02 6.836567074060440063e-02 2.099015749990940094e-02 4.686289280652999878e-02 6.300441175699234009e-02 7.437784969806671143e-02 7.223116606473922729e-02 1.412937417626380920e-02 2.230847068130970001e-02 3.171052038669586182e-02 5.597421526908874512e-02 4.035562649369239807e-02 5.658658687025308609e-03 6.218941137194633484e-02 7.643724977970123291e-02 1.407615561038255692e-02 3.865998005494475365e-03 2.412088774144649506e-02 1.408199779689311981e-02
9.032446146011352539e-02 1.305558718740940094e-02 3.331956639885902405e-02 6.563023477792739868e-02 5.396156758069992065e-02 9.496801346540451050e-02 8.644891530275344849e-02 5.098226666450500488e-02 4.377432912588119507e-02 6.461597513407468796e-03 4.546971991658210754e-02 2.293700724840164185e-02 3.830792848020792007e-03 2.851629853248596191e-01 2.727197110652923584e-02 7.979978807270526886e-03 1.542249321937561035e-02 6.311645358800888062e-02 2.706957980990409851e-02 3.036968596279621124e-02 2.498621121048927307e-03 5.712918937206268311e-02 4.620961379259824753e-03 2.899001818150281906e-03 1.096602622419595718e-02 2.775503881275653839e-02 6.682356446981430054e-02 1.314282566308975220e-01 1.219266746193170547e-02 1.244910582900047302e-01 4.878904670476913452e-02 2.625593729317188263e-02 5.072751268744468689e-02 6.103252619504928589e-02 6.960698403418064117e-03 4.126087948679924011e-02 3.735263273119926453e-02 2.537085674703121185e-02 5.888682976365089417e-02 4.599121958017349243e-02 3.726465255022048950e-02 4.151038452982902527e-02 2.749792486429214478e-02 6.284976750612258911e-02 9.940332919359207153e-02 4.419498611241579056e-03 1.783868670463562012e-02 1.135003007948398590e-02 4.817513003945350647e-02 5.872905626893043518e-02 6.829170882701873779e-02 7.666424661874771118e-02 8.639995008707046509e-03 6.268037110567092896e-02 4.563396051526069641e-02 4.347846284508705139e-02 1.267589628696441650e-03 6.943147629499435425e-02 2.896602265536785126e-02 8.850059658288955688e-02 4.328986629843711853e-02 6.038278713822364807e-02 3.093032166361808777e-03 8.848467469215393066e-02 5.694159492850303650e-02 1.068429555743932724e-02 3.661681339144706726e-02 2.676818752661347389e-03 3.763422369956970215e-02 2.104435581713914871e-03 2.170437015593051910e-02 3.782521933317184448e-02 3.353351354598999023e-02 2.251108875498175621e-03 1.803828030824661255e-02 3.796813543885946274e-03 1.252973824739456177e-01 5.088554229587316513e-03 2.721585705876350403e-02 4.201048612594604492e-02 6.052176654338836670e-02 2.352745458483695984e-02 1.403105910867452621e-02 5.261462181806564331e-02 3.919462859630584717e-02 8.081391453742980957e-02 4.915162175893783569e-02 2.932703681290149689e-02 4.267844930291175842e-02 5.122109502553939819e-02 1.830314751714468002e-03 1.097831130027770996e-02 2.496913261711597443e-02 1.707136631011962891e-02 2.387038804590702057e-02 2.619384229183197021e-02 2.832852117717266083e-02 1.774196885526180267e-02 6.698794313706457615e-04 2.683838084340095520e-02 8.685068227350711823e-03 2.175208367407321930e-02 1.680311933159828186e-02 2.015878260135650635e-02 6.980752944946289062e-02 2.123199775815010071e-02 3.335547074675559998e-02 3.728460147976875305e-02 2.185160107910633087e-02 7.461274415254592896e-02 2.392390742897987366e-02 6.218385882675647736e-03 4.158633761107921600e-03 2.833721973001956940e-02 7.604350335896015167e-03 6.394020747393369675e-04
1.661224365234375000e-01 3.043525815010070801e-01 2.396047860383987427e-02 3.631702065467834473e-02 5.615957826375961304e-02 1.084233298897743225e-01 1.137163862586021423e-01 1.165142562240362167e-02 5.783294513821601868e-02 6.501683592796325684e-02 9.120297431945800781e-02 3.830792848020792007e-03 2.115174196660518646e-02 3.193456307053565979e-02 5.849072337150573730e-02 2.931243274360895157e-03 3.523850813508033752e-02 9.974601119756698608e-02 4.043029621243476868e-03 5.433156620711088181e-03 6.249981001019477844e-03 6.048128381371498108e-02 2.605212666094303131e-02 1.422725245356559753e-02 1.698708161711692810e-02 6.030200514942407608e-03 3.045474924147129059e-02 1.568134501576423645e-02 6.931326538324356079e-02 8.809466846287250519e-03 2.116739563643932343e-02 1.976529322564601898e-02 1.238346379250288010e-02 4.795281682163476944e-03 7.729225326329469681e-03 5.834154039621353149e-02 8.777888864278793335e-02 3.575452417135238647e-02 3.882065787911415100e-02 7.637975364923477173e-02 2.674208581447601318e-02 3.963121213018894196e-03 1.896649599075317383e-02 1.509801950305700302e-02 7.935252785682678223e-02 1.602975279092788696e-02 8.741728961467742920e-02 3.776080161333084106e-02 4.594028368592262268e-02 4.689997062087059021e-02 2.015658887103199959e-03 7.068192958831787109e-02 3.240059316158294678e-02 2.087659575045108795e-02 1.616053469479084015e-02 4.127074033021926880e-03 4.509506747126579285e-02 4.303576424717903137e-02 3.270667791366577148e-02 4.833374172449111938e-02 1.723269815556704998e-03 2.156137488782405853e-02 1.546744536608457565e-02 4.494774714112281799e-02 3.831791132688522339e-02 2.691398561000823975e-02 5.674182623624801636e-02 2.096423879265785217e-02 2.667809091508388519e-02 1.882924139499664307e-02 1.193928904831409454e-02 8.794862031936645508e-02 3.049775213003158569e-02 1.117757894098758698e-02 5.796423926949501038e-02 2.946363063529133797e-03 1.756842434406280518e-02 1.309147570282220840e-02 1.020602285861968994e-01 3.807970881462097168e-02 3.175033256411552429e-02 7.394706457853317261e-02 5.079337954521179199e-02 8.239225298166275024e-02 4.756118729710578918e-02 3.444759175181388855e-02 9.073804132640361786e-03 1.688425093889236450e-01 7.292328774929046631e-02 4.205885529518127441e-02 1.167125105857849121e-01 5.015161633491516113e-02 6.183551996946334839e-02 7.269566506147384644e-02 5.708846822381019592e-02 3.828748315572738647e-02 5.310241878032684326e-02 3.253297880291938782e-02 1.922741718590259552e-02 1.287935581058263779e-02 1.154717151075601578e-02 6.643971428275108337e-04 3.045204281806945801e-02 3.522891923785209656e-02 3.020534291863441467e-02 3.288401663303375244e-02 3.443203866481781006e-02 1.210694201290607452e-03 3.802884370088577271e-02 4.260596260428428650e-02 1.483434252440929413e-02 6.618116050958633423e-02 6.924430280923843384e-02 5.116250365972518921e-02 5.531995370984077454e-02 4.510341957211494446e-02
