9.406488388776779175e-03 6.430893391370773315e-02 1.860626973211765289e-02 3.139435127377510071e-02 8.857568725943565369e-03 9.719986468553543091e-02 1.439192891120910645e-02 7.387988269329071045e-03 9.282010607421398163e-03 4.781388118863105774e-02 1.068969666957855225e-01 2.950029820203781128e-02 4.185933619737625122e-02 1.001932285726070404e-02 1.333613228052854538e-02 2.817117795348167419e-02 4.441102221608161926e-02 1.177032850682735443e-02 8.436022698879241943e-02 3.474145382642745972e-02 5.541864037513732910e-02 8.583402633666992188e-02 4.815899580717086792e-02 3.130470961332321167e-02 5.031536146998405457e-02 1.925567351281642914e-02 8.112847059965133667e-02 1.604769937694072723e-02 6.167203187942504883e-02 7.085361983627080917e-03 3.180747386068105698e-03 2.920943778008222580e-03 2.611151710152626038e-02 2.261420898139476776e-02 3.563108295202255249e-02 1.705568842589855194e-02 8.433424867689609528e-03 5.740661919116973877e-02 5.157774314284324646e-03 3.148135030642151833e-03 5.186137557029724121e-02 1.171002071350812912e-02 8.310439996421337128e-03 1.637811399996280670e-02 4.788687452673912048e-02 2.837344945874065161e-04 1.145380586385726929e-01 6.437482684850692749e-02 1.959168910980224609e-02 7.215330749750137329e-02 2.043479122221469879e-02 3.263314440846443176e-02 4.394709691405296326e-02 2.732054599619004875e-05 1.625203713774681091e-02 3.417827188968658447e-02 3.222306445240974426e-02 2.756039239466190338e-02 1.842745579779148102e-03 3.169136121869087219e-02 2.126421965658664703e-02 5.433459207415580750e-02 2.996309660375118256e-02 1.860949024558067322e-02 6.952772289514541626e-02 8.184254914522171021e-02 1.440122351050376892e-02 1.147605013102293015e-02 1.609274931252002716e-02 3.542270511388778687e-02 1.035894546657800674e-02 2.021269313991069794e-02 2.182562835514545441e-02 2.828863076865673065e-02 4.620401188731193542e-02 5.378479510545730591e-02 3.992365673184394836e-02 3.629357321187853813e-03 2.086247131228446960e-02 5.759384855628013611e-02 8.748813997954130173e-04 2.985491976141929626e-02 2.841660007834434509e-02 3.036148846149444580e-02 3.039763495326042175e-02 2.729594707489013672e-02 3.611934557557106018e-02 1.492839120328426361e-02 1.263232529163360596e-02 1.523978635668754578e-02 8.405938744544982910e-02 7.934571243822574615e-03 1.372878067195415497e-02 3.270690888166427612e-02 3.739869222044944763e-02 2.395239099860191345e-02 4.287621751427650452e-02 2.109060436487197876e-02 5.373863968998193741e-03 2.108006551861763000e-02 2.097253315150737762e-02 2.400949783623218536e-02 1.421620789915323257e-02 1.040765549987554550e-02 1.707547577098011971e-03 1.178793143481016159e-03 2.182069607079029083e-02 4.407175816595554352e-03 3.985248878598213196e-02 4.585922509431838989e-02 4.009592905640602112e-02 3.114438429474830627e-02 5.605580657720565796e-02 9.248718619346618652e-03 1.656561740674078465e-03 1.665576547384262085e-02
6.430893391370773315e-02 6.116500124335289001e-03 1.203367765992879868e-02 2.200774662196636200e-02 4.784821718931198120e-02 1.440966129302978516e-01 6.880167126655578613e-02 2.863720618188381195e-02 2.529027499258518219e-02 2.090070629492402077e-03 3.839082643389701843e-02 1.469502411782741547e-02 1.388661116361618042e-01 5.152810364961624146e-02 3.116417909041047096e-03 3.188586607575416565e-02 9.321331046521663666e-03 9.852141141891479492e-03 4.823585972189903259e-02 1.994751766324043274e-02 2.516916953027248383e-02 5.645989626646041870e-02 4.434716701507568359e-02 4.153424873948097229e-02 4.049588739871978760e-02 2.406431362032890320e-02 5.525003001093864441e-02 5.663251131772994995e-02 1.310789212584495544e-02 3.794096037745475769e-02 1.056471541523933411e-01 2.085126191377639771e-02 1.695596054196357727e-02 2.039097808301448822e-02 8.819058537483215332e-03 3.683724999427795410e-02 3.700757026672363281e-02 5.912705138325691223e-02 1.234737038612365723e-02 1.891499571502208710e-02 6.292884796857833862e-02 1.760400272905826569e-02 2.451655082404613495e-02 6.631929427385330200e-02 7.488064467906951904e-02 1.379091199487447739e-02 8.067088574171066284e-02 6.574000418186187744e-02 3.557577356696128845e-02 3.389595076441764832e-02 6.768942810595035553e-03 2.091110497713088989e-02 5.818630009889602661e-02 2.309272810816764832e-02 3.713289648294448853e-02 9.276852943003177643e-03 1.207551732659339905e-02 2.297185361385345459e-02 2.116592228412628174e-02 2.551029622554779053e-02 4.483126848936080933e-02 1.288901781663298607e-03 2.635183185338973999e-02 4.167379520367830992e-04 5.575785785913467407e-02 1.325273960828781128e-01 1.970334909856319427e-02 1.826254185289144516e-03 4.459691047668457031e-02 1.564029720611870289e-03 1.796972192823886871e-02 6.166427209973335266e-02 8.865920826792716980e-03 1.296203490346670151e-02 3.703964874148368835e-02 3.747762739658355713e-02 4.910471662878990173e-02 3.477549180388450623e-02 1.363127119839191437e-02 1.644096709787845612e-02 4.364966601133346558e-02 2.518339268863201141e-02 4.767814278602600098e-02 7.242757827043533325e-03 1.255677896551787853e-03 5.788299068808555603e-02 5.489401984959840775e-03 4.826431721448898315e-02 3.479312360286712646e-02 2.470991760492324829e-02 3.022299148142337799e-02 1.266778819262981415e-02 5.780641455203294754e-03 1.208549067378044128e-01 5.823093466460704803e-03 3.055254556238651276e-02 1.756383106112480164e-02 5.517957359552383423e-02 4.499492049217224121e-02 1.733567006886005402e-02 1.108352653682231903e-02 1.142858620733022690e-02 4.501570947468280792e-03 1.603714376688003540e-02 1.580711454153060913e-02 5.934804677963256836e-03 2.892525680363178253e-02 6.590616423636674881e-03 8.212042041122913361e-03 1.685670763254165649e-02 5.167939886450767517e-02 3.175275772809982300e-02 6.286916881799697876e-02 3.107665665447711945e-02 6.336763501167297363e-02 2.676922641694545746e-02
1.860626973211765289e-02 1.203367765992879868e-02 4.708688706159591675e-02 3.901263326406478882e-02 8.904588967561721802e-02 3.521152958273887634e-02 1.101838983595371246e-02 2.175527662038803101e-01 1.470813248306512833e-02 3.691962361335754395e-02 2.492691623046994209e-03 9.840825200080871582e-02 2.403904870152473450e-02 7.159315794706344604e-02 3.949219360947608948e-02 1.162727270275354385e-02 2.006018348038196564e-02 2.209599129855632782e-02 1.110267266631126404e-02 2.809181623160839081e-02 8.804939687252044678e-03 3.157187253236770630e-02 5.396666005253791809e-03 1.840450987219810486e-02 3.757507354021072388e-02 2.827732637524604797e-02 4.722712934017181396e-02 4.008117690682411194e-02 2.252967469394207001e-02 5.681963264942169189e-02 3.088832832872867584e-02 3.226613253355026245e-02 9.658436477184295654e-02 4.305052757263183594e-02 3.994899336248636246e-03 5.133382230997085571e-02 2.031886391341686249e-02 8.578045666217803955e-02 3.880515694618225098e-02 1.994991749525070190e-01 6.185178831219673157e-02 3.641466423869132996e-02 3.388904035091400146e-02 1.258335076272487640e-03 3.707010671496391296e-02 9.399747796123847365e-05 5.122851952910423279e-02 2.310798503458499908e-02 7.786931842565536499e-02 3.643869189545512199e-03 6.201487779617309570e-02 1.187262218445539474e-02 8.431452326476573944e-03 8.975892513990402222e-02 2.224206179380416870e-02 4.772163555026054382e-02 6.134283170104026794e-02 6.251613050699234009e-02 5.418551340699195862e-02 1.888609956949949265e-03 6.211465597152709961e-02 1.090472470968961716e-02 7.188889198005199432e-03 2.307195030152797699e-02 1.453237701207399368e-02 2.228364907205104828e-02 3.649511933326721191e-02 2.236413396894931793e-02 3.180717676877975464e-02 4.649591445922851562e-02 4.427671432495117188e-03 4.775994457304477692e-03 1.745215430855751038e-02 5.130902305245399475e-02 5.291067436337471008e-02 2.758425101637840271e-02 4.546716436743736267e-02 3.457004204392433167e-02 9.226917289197444916e-03 2.483043447136878967e-02 1.334978640079498291e-01 5.496399477124214172e-02 5.248634517192840576e-02 5.943625047802925110e-02 8.426334708929061890e-02 1.036622747778892517e-02 4.163798689842224121e-02 8.864171802997589111e-02 1.538127381354570389e-02 7.397646456956863403e-02 3.632145375013351440e-02 1.269375532865524292e-02 1.486591622233390808e-02 8.003704249858856201e-02 5.090941488742828369e-02 2.796987304463982582e-03 3.385822102427482605e-02 3.523570671677589417e-02 1.549206394702196121e-02 1.654558628797531128e-02 6.998348981142044067e-02 2.035037241876125336e-02 4.961449280381202698e-02 9.331455454230308533e-03 3.387416899204254150e-02 5.469235777854919434e-02 4.387091472744941711e-02 4.848064482212066650e-02 2.332710847258567810e-02 5.041249096393585205e-02 1.202172879129648209e-02 6.482528150081634521e-02 2.968401461839675903e-02 2.586635760962963104e-02 6.596682220697402954e-02 1.233948208391666412e-02
3.139435127377510071e-02 2.200774662196636200e-02 3.901263326406478882e-02 4.664358869194984436e-02 1.595569029450416565e-02 4.431929811835289001e-02 4.112276807427406311e-02 2.225174382328987122e-02 7.565094530582427979e-02 3.891639783978462219e-02 3.806506097316741943e-02 3.872689604759216309e-02 5.299234390258789062e-02 4.280017316341400146e-02 7.455528248101472855e-03 7.588773965835571289e-02 2.351635880768299103e-02 1.491709705442190170e-02 2.174231596291065216e-02 1.962296664714813232e-02 3.970245830714702606e-03 2.552801975980401039e-03 5.904474109411239624e-02 6.150154396891593933e-02 4.170524328947067261e-02 1.600259914994239807e-02 1.059500221163034439e-02 4.247257485985755920e-02 3.557679429650306702e-02 1.586610451340675354e-03 3.718670830130577087e-02 7.021265104413032532e-03 6.949611753225326538e-02 7.713288068771362305e-03 3.996701538562774658e-02 6.369985640048980713e-02 1.863968372344970703e-02 7.400742033496499062e-04 1.261564642190933228e-01 7.802610751241445541e-03 6.089299544692039490e-02 2.930541150271892548e-02 3.426303341984748840e-02 2.491513080894947052e-02 3.577536717057228088e-02 7.520970702171325684e-02 4.517303779721260071e-02 1.434619631618261337e-02 2.466866001486778259e-02 7.080659735947847366e-03 1.368868444114923477e-02 3.571822494268417358e-02 8.058730512857437134e-02 9.178587235510349274e-03 5.388259887695312500e-02 6.914322078227996826e-02 4.391003772616386414e-02 7.516823709011077881e-02 6.890191230922937393e-03 4.550565034151077271e-02 3.028574958443641663e-02 9.500531479716300964e-03 3.035868704319000244e-02 3.018532134592533112e-02 1.459147874265909195e-02 1.825201511383056641e-02 5.144288297742605209e-03 6.349110044538974762e-03 8.936566300690174103e-03 6.937389262020587921e-03 1.498368009924888611e-02 1.698558777570724487e-02 1.074874550104141235e-01 1.260989438742399216e-02 4.418317985255271196e-04 5.750477313995361328e-02 7.297103758901357651e-03 3.433563932776451111e-02 3.190115839242935181e-02 6.164596229791641235e-02 2.001442573964595795e-02 4.402729868888854980e-02 5.730946362018585205e-02 3.154001024086028337e-04 1.300953887403011322e-02 3.289622068405151367e-02 3.713891655206680298e-02 1.794110401533544064e-03 4.368692636489868164e-03 5.008716508746147156e-02 4.571330174803733826e-02 3.958702087402343750e-02 5.412619933485984802e-02 4.172514379024505615e-02 5.793755874037742615e-02 3.492270410060882568e-02 3.526025265455245972e-02 6.761670857667922974e-02 3.908422961831092834e-02 6.860759109258651733e-03 1.019290066324174404e-03 3.760723769664764404e-02 1.932689221575856209e-03 7.566603831946849823e-03 5.913277715444564819e-02 2.749948296695947647e-03 2.737615630030632019e-02 5.115420557558536530e-03 6.911750533618032932e-04 2.883197925984859467e-02 1.954997889697551727e-02 8.587005548179149628e-03 3.064830228686332703e-02 2.150944806635379791e-02 5.229881033301353455e-03 3.696491941809654236e-02
8.857568725943565369e-03 4.784821718931198120e-02 8.904588967561721802e-02 1.595569029450416565e-02 3.669698908925056458e-02 1.776114664971828461e-02 2.211662009358406067e-03 7.279755175113677979e-02 5.097448080778121948e-02 6.793697178363800049e-02 1.831603236496448517e-02 4.219616577029228210e-02 4.391125962138175964e-02 2.924309484660625458e-02 3.149371221661567688e-02 6.213851273059844971e-02 8.706157654523849487e-02 2.547275833785533905e-02 5.744552612304687500e-02 4.567975178360939026e-03 1.734334789216518402e-02 5.329611897468566895e-02 2.589267678558826447e-03 3.419959172606468201e-02 4.058364033699035645e-02 5.309938639402389526e-02 4.442864656448364258e-02 4.406891018152236938e-02 1.777101308107376099e-03 4.360309615731239319e-02 1.502419356256723404e-02 7.588832080364227295e-02 1.803742721676826477e-02 1.813287963159382343e-03 1.709171570837497711e-02 1.390816550701856613e-02 2.276844345033168793e-02 6.200100854039192200e-02 3.840113803744316101e-02 1.565871387720108032e-01 7.431063801050186157e-02 6.252130959182977676e-03 2.218491770327091217e-02 3.293113037943840027e-02 2.401189692318439484e-02 6.135983765125274658e-02 7.985370606184005737e-02 1.419911533594131470e-02 4.204977303743362427e-02 1.542220171540975571e-02 6.089710816740989685e-02 5.503212660551071167e-02 4.258610773831605911e-03 7.204961031675338745e-02 3.916331008076667786e-02 7.774630188941955566e-02 3.755579888820648193e-02 1.828716322779655457e-02 1.315216273069381714e-01 2.329391799867153168e-02 4.495760798454284668e-02 1.239192020148038864e-02 4.295030608773231506e-03 6.694130133837461472e-03 4.314088076353073120e-02 3.636773303151130676e-02 1.590802217833697796e-03 1.730436459183692932e-02 6.326515227556228638e-03 8.027177304029464722e-02 9.404695034027099609e-02 7.166213542222976685e-02 2.427867054939270020e-02 9.081981331110000610e-02 1.363173425197601318e-01 3.690734133124351501e-02 3.993215039372444153e-02 3.581576049327850342e-02 3.655337169766426086e-02 1.444051135331392288e-02 1.140377763658761978e-02 3.620588453486561775e-03 1.484032254666090012e-03 1.201887205243110657e-01 1.802483457140624523e-03 5.499954521656036377e-02 2.914026752114295959e-02 2.959993667900562286e-02 4.440519027411937714e-03 6.767769902944564819e-02 6.116950418800115585e-03 7.602133601903915405e-02 4.702584818005561829e-02 4.918080568313598633e-02 7.053300272673368454e-03 3.509835898876190186e-02 2.082958584651350975e-03 4.037805646657943726e-02 1.814480987377464771e-03 4.366745706647634506e-03 3.124470263719558716e-02 5.186979100108146667e-02 4.372224956750869751e-02 4.191194195300340652e-03 4.343385994434356689e-02 6.165968999266624451e-02 2.763031423091888428e-02 2.913507819175720215e-02 4.569681361317634583e-02 7.912687957286834717e-02 3.127393499016761780e-02 2.072536572813987732e-02 3.081130236387252808e-02 1.759312115609645844e-02 5.133838858455419540e-03 1.804717071354389191e-02
9.719986468553543091e-02 1.440966129302978516e-01 3.521152958273887634e-02 4.431929811835289001e-02 1.776114664971828461e-02 1.638823596294969320e-04 2.961011230945587158e-02 2.430469542741775513e-02 1.667895913124084473e-02 3.622135519981384277e-02 7.018136978149414062e-02 1.423443853855133057e-02 8.420612663030624390e-02 2.069781720638275146e-02 6.552522536367177963e-03 8.044978231191635132e-02 6.789417564868927002e-02 5.000836774706840515e-02 8.866394869983196259e-03 6.617869716137647629e-03 2.620320953428745270e-02 1.956803491339087486e-03 1.360198296606540680e-02 4.159744828939437866e-02 2.520581521093845367e-02 2.986096031963825226e-02 3.366094827651977539e-02 3.152446821331977844e-02 3.558932989835739136e-02 1.638616248965263367e-02 4.342810250818729401e-03 2.672792784869670868e-02 1.038460712879896164e-02 3.436922328546643257e-03 1.304703415371477604e-03 3.127567842602729797e-02 5.071942135691642761e-02 3.213739767670631409e-02 1.804941520094871521e-02 2.866306528449058533e-02 2.244456484913825989e-02 3.230967372655868530e-02 5.077270045876502991e-02 5.861186981201171875e-02 7.823712378740310669e-02 6.573363393545150757e-02 2.048589140176773071e-01 4.375490918755531311e-02 1.682849787175655365e-02 5.664401501417160034e-02 1.060871873050928116e-02 1.878577843308448792e-02 1.917801098898053169e-03 4.854265972971916199e-02 2.040931954979896545e-02 8.721747994422912598e-02 2.609564922749996185e-02 8.136822283267974854e-02 1.114013418555259705e-02 2.328010834753513336e-02 3.406534343957901001e-02 3.053402341902256012e-02 4.215801134705543518e-03 4.649621248245239258e-02 1.215669699013233185e-02 4.054035618901252747e-02 1.205563172698020935e-02 1.063607446849346161e-02 6.328531354665756226e-02 4.350311681628227234e-02 1.390261016786098480e-02 5.517813190817832947e-02 2.368447557091712952e-02 2.945451997220516205e-02 8.209846168756484985e-02 4.337147809565067291e-03 4.025504738092422485e-02 7.218968868255615234e-02 7.058912515640258789e-02 3.311265632510185242e-02 3.063736669719219208e-02 4.142735898494720459e-02 5.649640783667564392e-02 7.174795609898865223e-04 1.361123938113451004e-02 5.536075308918952942e-02 2.171096857637166977e-03 2.420746348798274994e-02 3.776070103049278259e-02 1.106141507625579834e-02 7.206095010042190552e-02 6.569846533238887787e-03 3.254527109675109386e-04 9.134662151336669922e-02 5.226551741361618042e-02 7.795415353029966354e-03 1.703833602368831635e-02 6.271736323833465576e-02 5.431205965578556061e-03 4.593339562416076660e-02 3.310324996709823608e-02 2.839843928813934326e-02 1.546039339154958725e-02 3.616951173171401024e-03 2.394230477511882782e-02 2.607535757124423981e-02 1.167696807533502579e-02 4.530603438615798950e-02 3.927313908934593201e-02 4.232527688145637512e-02 1.835401356220245361e-02 8.628478273749351501e-03 7.189563475549221039e-03 1.327015459537506104e-02 6.994120776653289795e-02 2.745903842151165009e-02
1.439192891120910645e-02 6.880167126655578613e-02 1.101838983595371246e-02 4.112276807427406311e-02 2.211662009358406067e-03 2.961011230945587158e-02 1.889022998511791229e-02 5.511261522769927979e-02 2.961654402315616608e-02 1.243904046714305878e-02 1.422310434281826019e-02 2.592679485678672791e-02 5.818444490432739258e-02 1.382793858647346497e-02 4.677408933639526367e-02 2.827214635908603668e-02 1.096548661589622498e-01 1.899634487926959991e-02 1.485577505081892014e-02 8.500590920448303223e-03 4.117396101355552673e-02 1.206953600049018860e-01 1.339892507530748844e-03 7.877732068300247192e-02 5.037071555852890015e-02 3.290161117911338806e-02 9.347242116928100586e-02 7.133409380912780762e-02 5.289814993739128113e-02 6.292652338743209839e-02 2.076022773981094360e-01 3.903497382998466492e-02 3.047644533216953278e-02 8.520847186446189880e-03 6.085286289453506470e-02 6.530336290597915649e-02 9.741961024701595306e-03 5.245625972747802734e-02 3.215029835700988770e-02 4.341745376586914062e-02 2.462030760943889618e-02 1.867996616056188941e-04 1.716559007763862610e-02 7.189645618200302124e-02 5.985777825117111206e-02 5.891403183341026306e-02 7.523242384195327759e-02 1.969929188489913940e-01 3.020399808883666992e-02 1.165891345590353012e-02 1.453705038875341415e-02 1.147236581891775131e-02 3.372024744749069214e-02 4.044891521334648132e-02 8.611316792666912079e-03 2.552209049463272095e-02 1.145033538341522217e-01 3.448572754859924316e-02 1.156484428793191910e-02 3.669166192412376404e-02 1.044028555043041706e-03 6.033001095056533813e-02 1.673605665564537048e-02 1.648276112973690033e-02 2.298531867563724518e-02 1.273296028375625610e-01 1.589569821953773499e-02 4.848400596529245377e-03 2.157619409263134003e-02 2.721934951841831207e-02 8.819103986024856567e-02 3.302233293652534485e-02 2.631567604839801788e-02 2.382760634645819664e-03 2.281665615737438202e-02 1.971579529345035553e-02 4.613324627280235291e-02 4.208973795175552368e-02 9.189750999212265015e-02 3.249617293477058411e-02 4.298943968024104834e-04 3.424862027168273926e-02 6.858970969915390015e-02 2.129124477505683899e-02 1.200887095183134079e-02 6.546995788812637329e-02 2.975381910800933838e-02 4.689529072493314743e-03 1.004967652261257172e-02 3.416323661804199219e-02 1.225926075130701065e-02 2.792468294501304626e-02 1.433532387018203735e-01 9.857860393822193146e-03 6.146470457315444946e-02 7.357595860958099365e-02 3.678068891167640686e-02 1.721280743367969990e-03 3.838132694363594055e-02 4.070898052304983139e-03 1.500135473906993866e-02 1.244654599577188492e-02 3.915715590119361877e-02 4.570149630308151245e-02 1.412326656281948090e-02 1.330013480037450790e-02 1.864064950495958328e-03 4.576459154486656189e-02 2.004408650100231171e-02 1.664962433278560638e-02 6.887476146221160889e-02 2.051464840769767761e-02 3.706296160817146301e-02 2.333572879433631897e-02 7.050845772027969360e-02 5.949747934937477112e-02
7.387988269329071045e-03 2.863720618188381195e-02 2.175527662038803101e-01 2.225174382328987122e-02 7.279755175113677979e-02 2.430469542741775513e-02 5.511261522769927979e-02 1.649133861064910889e-02 3.138805925846099854e-02 3.321618773043155670e-03 7.750637829303741455e-03 1.569607481360435486e-02 4.108744859695434570e-02 1.575473137199878693e-02 7.357303053140640259e-02 1.910090073943138123e-02 5.805474892258644104e-02 3.623076900839805603e-02 1.004672609269618988e-02 2.361316792666912079e-02 2.729748934507369995e-02 2.589648962020874023e-02 1.543922908604145050e-02 4.623479768633842468e-02 3.544699773192405701e-02 4.615250602364540100e-02 1.634914614260196686e-02 3.601348400115966797e-02 2.480667270720005035e-02 8.944374509155750275e-03 5.009097605943679810e-02 5.401187762618064880e-02 7.259757816791534424e-02 1.872717030346393585e-02 6.310828775167465210e-02 5.591959133744239807e-02 1.795171527191996574e-03 1.736259646713733673e-02 6.114212051033973694e-02 1.137027516961097717e-01 3.968943655490875244e-02 7.740294933319091797e-02 1.114431023597717285e-02 5.952013656497001648e-02 3.460937738418579102e-02 3.666340559720993042e-02 6.246566399931907654e-02 1.953384093940258026e-02 2.931170351803302765e-02 5.045195296406745911e-02 9.120865166187286377e-02 8.551673963665962219e-03 3.147530928254127502e-02 1.781170442700386047e-02 2.365894429385662079e-02 3.246357664465904236e-02 4.657234624028205872e-02 3.531168913468718529e-03 5.085927248001098633e-02 1.466994453221559525e-02 5.523787438869476318e-02 7.264745980501174927e-02 6.181849166750907898e-02 1.603173092007637024e-02 5.865440238267183304e-03 4.935881495475769043e-02 5.614052526652812958e-03 4.022240173071622849e-03 3.242198750376701355e-02 6.686251610517501831e-02 2.635265327990055084e-02 1.068098843097686768e-02 1.407246943563222885e-02 4.176816716790199280e-02 2.870349446311593056e-03 2.029354072874411941e-05 1.567782484926283360e-03 1.515636499971151352e-02 2.611017972230911255e-02 2.404119446873664856e-02 1.537767201662063599e-01 1.952144801616668701e-01 6.308720260858535767e-02 3.494013100862503052e-02 5.037247389554977417e-02 3.299721702933311462e-02 6.503954529762268066e-02 6.798605620861053467e-02 5.433341115713119507e-02 3.122013807296752930e-02 2.924989676102995872e-03 5.358799174427986145e-02 1.907093101181089878e-03 5.646900087594985962e-02 2.718054316937923431e-02 3.087768703699111938e-02 5.860743299126625061e-02 1.184592023491859436e-02 1.981307938694953918e-02 1.043276675045490265e-02 3.138089179992675781e-02 1.289217546582221985e-02 1.670707762241363525e-02 3.599063958972692490e-03 2.071935683488845825e-02 2.067740634083747864e-02 1.938103698194026947e-02 1.356093119829893112e-02 3.898927709087729454e-03 6.030402146279811859e-03 4.566098377108573914e-02 5.647094175219535828e-02 6.082774698734283447e-02 1.151046599261462688e-03 7.677546143531799316e-02 1.427432987838983536e-02
9.282010607421398163e-03 2.529027499258518219e-02 1.470813248306512833e-02 7.565094530582427979e-02 5.097448080778121948e-02 1.667895913124084473e-02 2.961654402315616608e-02 3.138805925846099854e-02 3.452265635132789612e-02 6.041134521365165710e-02 1.299497322179377079e-03 3.582558780908584595e-02 2.139609493315219879e-02 2.188077010214328766e-02 2.052499167621135712e-02 7.186238467693328857e-02 2.485800534486770630e-02 4.268564656376838684e-02 4.783847182989120483e-02 9.802750498056411743e-02 4.389424249529838562e-02 1.830108463764190674e-02 9.083998203277587891e-02 1.033878535963594913e-03 1.160646695643663406e-02 4.757961258292198181e-02 4.221303015947341919e-02 4.575578961521387100e-03 3.525822982192039490e-02 2.471212297677993774e-02 4.231321439146995544e-02 2.522183023393154144e-02 3.581370413303375244e-02 6.463113240897655487e-03 6.454526912420988083e-03 5.779463797807693481e-02 2.899087965488433838e-02 1.193333324044942856e-02 2.684881724417209625e-02 3.059742413461208344e-02 1.786576770246028900e-02 1.580848172307014465e-02 4.659478366374969482e-02 6.322898715734481812e-02 5.574115365743637085e-02 8.195745944976806641e-02 4.407059773802757263e-02 1.115838158875703812e-02 1.211902219802141190e-02 1.280935853719711304e-02 3.332788497209548950e-02 3.392756357789039612e-02 8.258095942437648773e-03 3.797088935971260071e-02 5.104352161288261414e-02 5.500445514917373657e-02 3.691705642268061638e-03 6.909371912479400635e-02 1.321691833436489105e-02 2.995308861136436462e-02 7.953693717718124390e-02 2.969203144311904907e-02 4.294481128454208374e-02 1.359379477798938751e-02 2.421592362225055695e-02 6.698829820379614830e-04 6.375422701239585876e-03 2.713956311345100403e-02 1.059708893299102783e-01 5.302101001143455505e-02 6.946648657321929932e-02 5.135665461421012878e-02 1.515594217926263809e-02 6.184886395931243896e-02 7.637962698936462402e-02 5.006977543234825134e-02 2.280800491571426392e-01 7.827801257371902466e-02 2.983165346086025238e-02 5.767812207341194153e-02 2.367101795971393585e-02 1.545942761003971100e-02 3.567742183804512024e-02 2.308579534292221069e-02 1.218795329332351685e-01 2.072067931294441223e-02 6.317417602986097336e-03 4.815324768424034119e-02 8.327412605285644531e-02 2.561310864984989166e-02 1.266968320123851299e-03 4.595813155174255371e-02 2.163817360997200012e-02 1.559260953217744827e-02 5.448424071073532104e-02 9.347437880933284760e-03 2.741781622171401978e-02 6.318675726652145386e-02 7.906097173690795898e-02 1.574833318591117859e-02 3.330403938889503479e-02 3.267274051904678345e-02 2.906507067382335663e-02 4.100660979747772217e-02 2.214080095291137695e-02 2.234042622148990631e-02 6.349225342273712158e-02 1.227137260138988495e-02 2.765727043151855469e-02 4.079766571521759033e-02 6.735006719827651978e-02 5.274328961968421936e-02 1.948011107742786407e-02 4.343111440539360046e-02 5.430518090724945068e-02 3.825959563255310059e-02
4.781388118863105774e-02 2.090070629492402077e-03 3.691962361335754395e-02 3.891639783978462219e-02 6.793697178363800049e-02 3.622135519981384277e-02 1.243904046714305878e-02 3.321618773043155670e-03 6.041134521365165710e-02 1.263123098760843277e-02 4.494167491793632507e-02 4.825193807482719421e-02 1.337474025785923004e-02 7.353313267230987549e-02 4.712072387337684631e-02 6.819552928209304810e-02 7.060443609952926636e-02 4.175737872719764709e-02 3.322284296154975891e-02 4.214394092559814453e-02 2.379224635660648346e-03 3.731448203325271606e-02 7.074739038944244385e-02 1.103625446557998657e-01 3.836870566010475159e-02 9.357399493455886841e-02 1.995806396007537842e-02 8.051006123423576355e-03 4.899963270872831345e-03 8.033678866922855377e-03 6.740513723343610764e-03 3.281772136688232422e-02 1.071284264326095581e-01 4.016917198896408081e-02 3.917781636118888855e-02 6.577936559915542603e-02 2.755200304090976715e-02 1.816151104867458344e-02 7.616221904754638672e-02 2.171949855983257294e-02 6.570073217153549194e-02 3.102656081318855286e-02 1.262145023792982101e-02 1.538889296352863312e-02 1.322972308844327927e-02 3.669088333845138550e-02 5.342404916882514954e-02 3.184909746050834656e-02 7.670254912227392197e-03 1.377688199281692505e-01 1.540769357234239578e-02 5.107131972908973694e-02 3.171426430344581604e-02 1.803096383810043335e-02 8.565483149141073227e-04 8.398152142763137817e-02 4.716001451015472412e-02 1.450717002153396606e-01 5.575740709900856018e-02 2.212336100637912750e-02 1.042839065194129944e-01 2.172768488526344299e-02 1.805321127176284790e-02 3.233708441257476807e-03 1.015877071768045425e-02 6.847278773784637451e-02 3.970957174897193909e-02 2.479363232851028442e-02 5.974215269088745117e-02 2.254094183444976807e-02 1.346623301506042480e-01 1.525668334215879440e-02 4.835359286516904831e-03 9.603943675756454468e-02 2.197576500475406647e-02 1.728785410523414612e-02 3.508109599351882935e-02 1.777828186750411987e-01 4.308672249317169189e-02 3.375390544533729553e-02 9.167581796646118164e-03 1.662915758788585663e-02 6.856533885002136230e-02 2.832146175205707550e-02 4.399280622601509094e-02 1.018352154642343521e-02 1.925953477621078491e-02 8.172799134626984596e-04 6.920370459556579590e-02 1.440506875514984131e-01 3.178285062313079834e-02 3.163504973053932190e-02 7.884614169597625732e-03 4.920059815049171448e-02 2.831284701824188232e-02 7.581173628568649292e-02 1.119600906968116760e-01 1.481919270008802414e-02 6.586605310440063477e-02 4.230316728353500366e-02 2.411072514951229095e-02 3.596585243940353394e-02 6.217960640788078308e-02 3.545067831873893738e-02 2.046862058341503143e-02 8.394955657422542572e-03 5.408259481191635132e-02 3.826394211500883102e-03 2.451160689815878868e-03 2.934558084234595299e-03 1.538937166333198547e-02 3.071096725761890411e-02 1.458469126373529434e-02 5.186499655246734619e-02 2.249700576066970825e-02 3.978064656257629395e-02
1.068969666957855225e-01 3.839082643389701843e-02 2.492691623046994209e-03 3.806506097316741943e-02 1.831603236496448517e-02 7.018136978149414062e-02 1.422310434281826019e-02 7.750637829303741455e-03 1.299497322179377079e-03 4.494167491793632507e-02 1.521295588463544846e-02 4.032808542251586914e-02 2.197115914896130562e-03 3.214146196842193604e-02 3.310973523184657097e-03 9.490739554166793823e-03 2.525432780385017395e-02 3.885683417320251465e-02 4.765205830335617065e-02 1.496570743620395660e-02 3.911278396844863892e-02 9.771642088890075684e-02 1.085767336189746857e-02 3.236947953701019287e-02 4.721876606345176697e-02 1.862999983131885529e-02 7.292166352272033691e-02 2.133598737418651581e-02 1.872909069061279297e-01 7.521806750446557999e-03 7.742713391780853271e-02 1.773080090060830116e-03 3.236825345084071159e-03 3.567740693688392639e-02 1.954352110624313354e-02 3.648192062973976135e-02 1.994724385440349579e-02 3.074233978986740112e-02 4.112734645605087280e-02 1.528840605169534683e-02 3.395246714353561401e-02 6.918376684188842773e-02 7.580152899026870728e-02 7.843650877475738525e-03 4.635477438569068909e-02 4.661694634705781937e-03 4.264330863952636719e-02 7.574619352817535400e-02 1.182030048221349716e-02 1.592561788856983185e-02 2.008607424795627594e-02 4.806647822260856628e-02 1.370229106396436691e-02 2.425401657819747925e-02 5.885441321879625320e-03 1.560552138835191727e-02 3.222498670220375061e-02 1.780473999679088593e-02 4.142322391271591187e-02 1.996639557182788849e-02 2.414743974804878235e-02 1.678864099085330963e-02 5.651415791362524033e-03 3.056322596967220306e-02 7.829666137695312500e-02 1.091795973479747772e-02 5.531474016606807709e-03 2.167371660470962524e-02 1.817501336336135864e-02 2.411995269358158112e-02 6.665522698312997818e-03 5.823421524837613106e-04 1.764015667140483856e-02 3.702291473746299744e-02 3.890895470976829529e-02 5.869923532009124756e-02 2.125282213091850281e-02 2.867495641112327576e-02 3.333062306046485901e-02 3.464369475841522217e-02 4.076346755027770996e-03 9.684497490525245667e-03 1.141642406582832336e-02 7.859907299280166626e-02 3.665241226553916931e-02 7.189571857452392578e-02 7.588091492652893066e-02 6.116998847573995590e-03 1.716680242680013180e-03 4.450545087456703186e-02 1.201996132731437683e-01 7.787058502435684204e-02 4.162259399890899658e-02 2.463596686720848083e-02 8.397339843213558197e-03 3.532706573605537415e-02 1.228085346519947052e-02 1.967637054622173309e-02 2.635158365592360497e-03 4.542865604162216187e-02 1.143981143832206726e-02 2.516599930822849274e-02 2.161774598062038422e-02 2.221106179058551788e-02 3.229539841413497925e-02 5.071176216006278992e-03 2.831870131194591522e-02 1.915159821510314941e-02 1.602087169885635376e-02 2.255440875887870789e-02 2.899950742721557617e-02 5.215517058968544006e-02 2.052361890673637390e-02 8.914276957511901855e-02 1.493513025343418121e-02 2.760581672191619873e-02
2.950029820203781128e-02 1.469502411782741547e-02 9.840825200080871582e-02 3.872689604759216309e-02 4.219616577029228210e-02 1.423443853855133057e-02 2.592679485678672791e-02 1.569607481360435486e-02 3.582558780908584595e-02 4.825193807482719421e-02 4.032808542251586914e-02 3.809238970279693604e-02 1.720556803047657013e-02 1.845799684524536133e-01 1.257282216101884842e-02 1.871844194829463959e-02 5.212358757853507996e-02 9.004785865545272827e-02 7.549501955509185791e-02 5.452309735119342804e-03 6.366908550262451172e-02 1.454673241823911667e-02 6.192396953701972961e-02 5.496782809495925903e-02 6.459995638579130173e-03 5.929632484912872314e-02 3.684972599148750305e-02 1.397329196333885193e-02 8.837427943944931030e-02 8.890132606029510498e-02 3.590198606252670288e-02 3.173038363456726074e-02 1.004383433610200882e-02 3.806404769420623779e-02 5.619977414608001709e-02 7.989628612995147705e-02 1.296675112098455429e-02 2.942716516554355621e-02 3.871533647179603577e-02 4.207465052604675293e-02 4.704098403453826904e-02 3.091190382838249207e-02 3.020287863910198212e-02 4.697025194764137268e-02 1.375281214714050293e-01 3.844299912452697754e-02 2.509716339409351349e-02 4.642302170395851135e-02 4.578121006488800049e-02 1.501953578554093838e-03 6.910918653011322021e-02 1.086933016777038574e-01 2.300314605236053467e-02 2.211430808529257774e-03 2.400279417634010315e-02 8.226640522480010986e-02 2.434281818568706512e-02 5.171193554997444153e-02 1.607847772538661957e-02 1.348650548607110977e-03 3.212213143706321716e-02 4.297531396150588989e-02 3.449298068881034851e-02 2.365334145724773407e-02 2.408698201179504395e-02 2.132670022547245026e-02 3.910175000783056021e-04 5.898660048842430115e-03 1.575299724936485291e-02 3.983194939792156219e-03 2.063011052086949348e-03 2.127150446176528931e-02 1.412887312471866608e-02 6.051905453205108643e-02 5.235460028052330017e-02 6.198845803737640381e-03 6.396017223596572876e-02 3.276804089546203613e-02 3.152303397655487061e-02 3.218614682555198669e-02 1.644761860370635986e-02 8.941764011979103088e-03 5.447994917631149292e-03 5.372735112905502319e-02 8.615484088659286499e-02 8.935832977294921875e-02 1.047353539615869522e-02 4.492314904928207397e-02 3.557728778105229139e-04 6.449087709188461304e-02 8.513361215591430664e-03 4.396531358361244202e-02 1.754367351531982422e-02 1.494037080556154251e-02 3.936972934752702713e-03 4.184844717383384705e-02 1.942828297615051270e-02 1.510807964950799942e-02 2.143245004117488861e-02 9.741841256618499756e-02 5.904252082109451294e-02 4.382773861289024353e-02 6.141804531216621399e-02 9.031195938587188721e-02 3.964244201779365540e-02 2.305545099079608917e-02 3.081919811666011810e-02 1.808215864002704620e-02 6.197077780961990356e-02 7.925371825695037842e-02 2.490179985761642456e-02 5.378806218504905701e-02 2.379554510116577148e-02 1.030508708208799362e-02 3.370765596628189087e-02 8.309591561555862427e-03
4.185933619737625122e-02 1.388661116361618042e-01 2.403904870152473450e-02 5.299234390258789062e-02 4.391125962138175964e-02 8.420612663030624390e-02 5.818444490432739258e-02 4.108744859695434570e-02 2.139609493315219879e-02 1.337474025785923004e-02 2.197115914896130562e-03 1.720556803047657013e-02 5.061804316937923431e-03 4.845805838704109192e-02 3.550671041011810303e-02 7.126886397600173950e-02 4.242984578013420105e-04 2.951295487582683563e-02 2.564651519060134888e-02 2.305963449180126190e-02 4.767296835780143738e-02 2.602224610745906830e-02 2.337802387773990631e-02 7.252969592809677124e-02 3.613733500242233276e-02 2.107153274118900299e-02 1.648979261517524719e-02 3.911103308200836182e-02 6.472843885421752930e-02 3.922807518392801285e-03 6.655725091695785522e-02 1.895493268966674805e-02 1.253495365381240845e-02 2.569211088120937347e-02 3.546037897467613220e-02 2.075260318815708160e-02 2.057106979191303253e-02 1.501162536442279816e-02 4.547259584069252014e-02 5.345228128135204315e-03 4.437734931707382202e-02 2.433150261640548706e-02 2.985613979399204254e-02 4.785557091236114502e-02 5.159410834312438965e-02 3.098367340862751007e-02 7.545124739408493042e-02 3.179915994405746460e-02 4.020588099956512451e-02 1.004913263022899628e-02 1.409706659615039825e-02 3.606229275465011597e-02 8.005593717098236084e-02 1.586984470486640930e-02 5.052370578050613403e-02 9.999616071581840515e-03 1.383639313280582428e-02 2.306316234171390533e-02 2.461145399138331413e-03 1.329048443585634232e-02 4.593396186828613281e-02 2.730266423895955086e-03 5.559080746024847031e-03 2.798263914883136749e-02 2.649044804275035858e-02 1.060400232672691345e-01 1.057611126452684402e-02 1.654439978301525116e-02 1.275486685335636139e-02 7.323638536036014557e-03 2.661750651895999908e-02 6.208001822233200073e-02 4.154484719038009644e-02 1.605106703937053680e-02 6.634566187858581543e-02 2.340076491236686707e-02 1.130708376877009869e-03 1.633525267243385315e-02 3.545659035444259644e-02 2.543268352746963501e-02 6.494666635990142822e-02 6.323407590389251709e-02 2.664347365498542786e-02 1.372665259987115860e-02 1.261930819600820541e-02 2.945285290479660034e-02 2.817445434629917145e-02 7.084915041923522949e-02 4.051241651177406311e-02 2.725406177341938019e-02 8.527491241693496704e-03 4.529752768576145172e-03 2.799099683761596680e-02 9.230922907590866089e-02 2.096571261063218117e-03 2.286938391625881195e-02 2.309613302350044250e-02 6.841508299112319946e-02 5.075754225254058838e-02 2.358271740376949310e-02 2.426700294017791748e-02 3.276528790593147278e-02 1.968582347035408020e-02 1.505946181714534760e-02 7.645071018487215042e-03 1.005190075375139713e-03 1.511007361114025116e-02 2.727231755852699280e-02 3.415790572762489319e-02 1.132653374224901199e-02 3.851699084043502808e-02 5.317158065736293793e-03 1.108411466702818871e-03 1.151729375123977661e-02 5.349591374397277832e-02 2.994610182940959930e-02
