7.245180010795593262e-02 3.236302733421325684e-01 4.822885617613792419e-02 5.161003209650516510e-03 2.371382527053356171e-02 2.929458394646644592e-02 4.683312401175498962e-02 1.146803796291351318e-02 1.588197797536849976e-02 6.017419323325157166e-02 2.489033192396163940e-01 3.399038687348365784e-02 2.174379974603652954e-01 2.229064702987670898e-02 1.428247895091772079e-02 9.144708514213562012e-02 9.928533108904957771e-04 3.509212657809257507e-02 3.791381046175956726e-02 2.981628477573394775e-02 2.704264409840106964e-02 1.557250972837209702e-02 6.126289442181587219e-02 2.773944986984133720e-03 2.688204869627952576e-03 2.399779669940471649e-02 2.273801527917385101e-02 8.235175162553787231e-03 4.005681723356246948e-02 1.796106435358524323e-02 3.470122581347823143e-03 1.454167626798152924e-02 3.535310924053192139e-02 3.687876835465431213e-02 5.121995881199836731e-02 3.011075966060161591e-02 2.279833890497684479e-02 3.642411157488822937e-02 2.219842188060283661e-02 8.276615291833877563e-03 3.371467813849449158e-02 1.160015631467103958e-02 1.101920264773070812e-03 2.072116173803806305e-02 7.622916996479034424e-02 3.808549791574478149e-02 6.315711885690689087e-02 1.120892912149429321e-01 8.289804309606552124e-02 7.916802167892456055e-02 3.028794191777706146e-02 1.397664472460746765e-02 3.437059000134468079e-02 6.594814360141754150e-02 1.921726763248443604e-02 2.192797139286994934e-02 2.829672768712043762e-02 1.024766266345977783e-02 2.915276400744915009e-02 4.875824600458145142e-02 2.452953346073627472e-02 5.598689429461956024e-03 3.486795723438262939e-02 1.104648690670728683e-02 8.901582658290863037e-02 4.796584323048591614e-02 5.748343095183372498e-02 3.077043220400810242e-02 4.425199702382087708e-02 6.619276106357574463e-02 3.534581139683723450e-02 2.896925248205661774e-02 3.469928726553916931e-02 7.035488635301589966e-02 3.370108897797763348e-04 8.908076584339141846e-02 1.497490738984197378e-04 8.780800551176071167e-02 1.131113544106483459e-01 6.247519329190254211e-02 1.481689978390932083e-02 1.993207633495330811e-02 6.278949975967407227e-02 4.516316205263137817e-02 1.193936355412006378e-02 2.871179208159446716e-02 2.411079034209251404e-02 3.851534798741340637e-02 1.635364256799221039e-02 4.062727838754653931e-02 3.694874048233032227e-02 1.731596700847148895e-02 7.242107391357421875e-02 2.416153205558657646e-03 1.761441864073276520e-02 2.234163880348205566e-02 7.138601504266262054e-03 6.963551789522171021e-02 1.434563938528299332e-02 4.381169006228446960e-02 5.109535064548254013e-03 1.126170158386230469e-02 1.607483066618442535e-02 5.407959222793579102e-02 1.431737188249826431e-02 5.822075158357620239e-02 3.737829998135566711e-02 3.719015419483184814e-02 4.876990988850593567e-02 2.180041512474417686e-03 5.871452856808900833e-03 4.095227271318435669e-02 3.596438793465495110e-03 1.849662885069847107e-02 5.917530879378318787e-02 6.249126419425010681e-02
3.236302733421325684e-01 4.870656132698059082e-02 3.265702165663242340e-03 5.010365508496761322e-03 3.876343369483947754e-02 7.994254678487777710e-02 9.174912422895431519e-02 2.309879101812839508e-02 3.825737908482551575e-02 4.530608281493186951e-02 7.788218557834625244e-02 3.867914527654647827e-02 2.226537466049194336e-01 1.269123423844575882e-02 4.542921856045722961e-02 2.601082064211368561e-02 6.528399139642715454e-02 6.057283841073513031e-03 7.684962358325719833e-03 3.593704104423522949e-02 3.488003835082054138e-02 3.433104604482650757e-02 8.752269297838211060e-02 1.135009154677391052e-01 3.296697512269020081e-03 1.986352726817131042e-02 1.148973777890205383e-02 4.117342829704284668e-02 4.387204721570014954e-02 2.821244113147258759e-02 2.007525600492954254e-02 7.670636288821697235e-03 6.010677199810743332e-03 4.077381640672683716e-02 1.848347485065460205e-03 6.219845265150070190e-02 6.411315873265266418e-03 3.033881261944770813e-02 2.955246903002262115e-02 5.066327750682830811e-02 6.038110330700874329e-02 1.966134086251258850e-02 2.971851639449596405e-02 2.394750528037548065e-02 1.569942682981491089e-01 6.988761574029922485e-02 1.532471273094415665e-02 7.234203070402145386e-02 2.741164900362491608e-02 2.927365712821483612e-02 6.568195670843124390e-02 1.090879924595355988e-02 6.351646035909652710e-02 6.026713922619819641e-02 5.369491502642631531e-02 3.429573029279708862e-02 2.235815674066543579e-02 5.519742891192436218e-02 4.764867573976516724e-02 4.714781418442726135e-02 2.365467511117458344e-02 2.598013961687684059e-03 7.531582377851009369e-03 5.895038694143295288e-02 4.380047321319580078e-02 1.920539326965808868e-02 1.550301071256399155e-02 1.398357190191745758e-02 2.771124057471752167e-02 7.442670315504074097e-02 4.385277628898620605e-02 7.579361647367477417e-02 4.335786029696464539e-02 1.390994787216186523e-01 8.908974938094615936e-03 2.998751215636730194e-02 4.169819131493568420e-02 6.421682238578796387e-02 1.095588132739067078e-02 2.100766636431217194e-02 1.980971172451972961e-02 1.681643165647983551e-02 7.398119778372347355e-04 2.045292221009731293e-02 4.200705513358116150e-02 2.766772173345088959e-03 6.426854431629180908e-02 1.664534793235361576e-03 2.851457148790359497e-02 2.684060297906398773e-02 1.883317343890666962e-02 6.808523088693618774e-02 2.134284749627113342e-02 4.799629375338554382e-02 2.361776866018772125e-02 8.092748932540416718e-03 2.871037647128105164e-02 1.238802075386047363e-02 5.219773575663566589e-02 1.657954417169094086e-02 4.943696781992912292e-02 2.813423983752727509e-03 3.021959587931632996e-02 9.085862338542938232e-02 2.845605090260505676e-02 2.627039514482021332e-02 2.163762599229812622e-02 5.883372202515602112e-02 6.435839086771011353e-02 2.489126101136207581e-02 3.798407316207885742e-02 1.044956408441066742e-02 2.525376714766025543e-02 4.254689067602157593e-02 6.879819184541702271e-02 2.632658928632736206e-02
4.822885617613792419e-02 3.265702165663242340e-03 5.548908933997154236e-02 6.116966716945171356e-03 2.616493031382560730e-03 1.016740053892135620e-01 8.324512839317321777e-02 1.336536258459091187e-01 1.446608733385801315e-02 5.563740804791450500e-02 3.839780017733573914e-02 6.645583081990480423e-03 2.378207631409168243e-02 7.158365845680236816e-02 7.502514868974685669e-03 1.645165681838989258e-02 2.175801899284124374e-03 4.560082033276557922e-02 6.524451076984405518e-02 2.868360467255115509e-02 2.935788407921791077e-02 4.107383266091346741e-02 4.288969561457633972e-02 4.700871184468269348e-03 9.301292896270751953e-02 5.399863794445991516e-02 4.713011905550956726e-02 2.883242070674896240e-02 7.981877028942108154e-02 1.481389626860618591e-02 5.383975431323051453e-02 6.651079654693603516e-02 1.259935926645994186e-02 5.473706498742103577e-02 9.912643581628799438e-03 5.587426200509071350e-02 2.250159159302711487e-03 4.448287189006805420e-02 9.371276013553142548e-03 1.293316949158906937e-02 3.965410590171813965e-02 6.910078227519989014e-02 4.396043717861175537e-02 1.112206503748893738e-01 8.198814094066619873e-02 5.181209743022918701e-02 1.193393766880035400e-02 2.668993733823299408e-02 3.760616108775138855e-02 5.919514968991279602e-02 4.846658930182456970e-02 5.990355834364891052e-02 2.962616831064224243e-02 1.728645153343677521e-02 4.165876656770706177e-02 2.830219268798828125e-02 4.980970546603202820e-02 2.307281829416751862e-02 5.071057006716728210e-02 7.067842036485671997e-02 5.988335981965065002e-02 3.076938353478908539e-02 1.518609654158353806e-02 2.699295803904533386e-02 1.303307991474866867e-02 5.758750811219215393e-02 4.074032418429851532e-03 4.774202778935432434e-02 3.014805540442466736e-02 2.343014813959598541e-02 6.761453580111265182e-03 8.314941078424453735e-02 5.251329392194747925e-03 4.587732627987861633e-02 2.757116779685020447e-02 2.470140531659126282e-02 6.222492828965187073e-02 4.892126098275184631e-02 2.419840730726718903e-02 4.082911647856235504e-03 5.920596048235893250e-02 1.585106402635574341e-01 3.878341056406497955e-03 5.147879943251609802e-02 4.677047207951545715e-02 1.544214691966772079e-02 2.523022890090942383e-02 4.426944535225629807e-03 1.810186356306076050e-02 1.579029299318790436e-02 8.510189503431320190e-02 6.180370971560478210e-02 1.615774631500244141e-02 3.254549205303192139e-02 4.283897206187248230e-02 3.402834758162498474e-02 2.993215247988700867e-02 1.447663083672523499e-02 1.097111031413078308e-02 4.290480911731719971e-02 3.249115869402885437e-02 2.944911457598209381e-02 2.211879566311836243e-02 3.229336440563201904e-02 4.690327122807502747e-02 5.454947799444198608e-02 1.290317159146070480e-02 2.813331037759780884e-02 3.553133225068449974e-03 1.093273051083087921e-02 1.585926674306392670e-02 3.632509335875511169e-02 1.707746833562850952e-02 1.622376404702663422e-02 7.273970171809196472e-03 1.693467050790786743e-02
5.161003209650516510e-03 5.010365508496761322e-03 6.116966716945171356e-03 5.612283013761043549e-03 1.052110176533460617e-02 2.243893966078758240e-02 2.259033732116222382e-02 7.898963056504726410e-03 2.478651516139507294e-02 1.321969646960496902e-02 2.164130471646785736e-02 2.963302889838814735e-03 3.130418434739112854e-02 2.691761590540409088e-02 2.597974985837936401e-02 4.705482348799705505e-02 2.493043802678585052e-02 8.065265417098999023e-02 4.961511865258216858e-02 1.095391344279050827e-02 3.998701646924018860e-02 2.109547704458236694e-02 3.851779177784919739e-02 4.056156426668167114e-02 5.484974756836891174e-02 1.617787405848503113e-02 1.284389942884445190e-02 9.118746966123580933e-02 1.063374057412147522e-02 1.146374922245740891e-02 3.693374991416931152e-02 2.017425000667572021e-02 2.400430478155612946e-02 1.362400781363248825e-02 3.611635789275169373e-02 3.662817471195012331e-04 2.025149390101432800e-02 2.098377980291843414e-02 8.551216870546340942e-02 3.106023371219635010e-02 5.006554070860147476e-03 7.887554168701171875e-02 3.023292683064937592e-02 3.482822328805923462e-02 3.273041918873786926e-02 1.411650329828262329e-02 3.671377152204513550e-02 3.323639184236526489e-02 1.497908495366573334e-02 9.249820373952388763e-03 1.053218636661767960e-02 9.030797332525253296e-02 1.502836495637893677e-02 6.965496577322483063e-04 6.768498104065656662e-03 4.647588729858398438e-02 3.505406901240348816e-02 3.725730627775192261e-02 8.777677267789840698e-02 2.667110878974199295e-03 6.624177843332290649e-02 5.995637178421020508e-02 2.095484733581542969e-02 1.870158128440380096e-02 5.924056284129619598e-03 4.655813053250312805e-02 3.084868751466274261e-02 3.489257022738456726e-02 5.294000357389450073e-02 2.477215044200420380e-02 6.664796918630599976e-02 4.038527235388755798e-02 3.747854009270668030e-02 8.599797636270523071e-02 1.064806133508682251e-01 4.340397939085960388e-02 4.290902242064476013e-02 3.732412122189998627e-03 6.657566130161285400e-02 1.680271513760089874e-02 4.843379929661750793e-02 4.144454747438430786e-02 5.907131731510162354e-02 9.857320040464401245e-02 2.987256157211959362e-04 2.964621968567371368e-02 1.198062486946582794e-02 4.903089720755815506e-03 4.255732893943786621e-02 8.878109604120254517e-02 2.298374660313129425e-02 3.550500795245170593e-02 7.963863760232925415e-02 1.741824857890605927e-02 4.733355343341827393e-02 5.093937739729881287e-02 4.779515787959098816e-02 5.236118659377098083e-02 4.319539293646812439e-02 5.105802044272422791e-02 1.587944664061069489e-02 1.132692210376262665e-02 5.773890297859907150e-03 4.426070302724838257e-02 7.597349584102630615e-03 2.446541935205459595e-02 5.610781162977218628e-02 2.348609641194343567e-02 1.825260184705257416e-02 1.902646198868751526e-02 2.836417034268379211e-02 6.413876265287399292e-02 4.401958547532558441e-03 4.238773137331008911e-02 1.850026100873947144e-02 6.541596353054046631e-02
2.371382527053356171e-02 3.876343369483947754e-02 2.616493031382560730e-03 1.052110176533460617e-02 6.473795045167207718e-03 3.271907567977905273e-02 1.686127297580242157e-02 6.345750391483306885e-02 8.395565301179885864e-02 1.738194376230239868e-02 5.920029361732304096e-04 5.903386324644088745e-02 4.113115370273590088e-02 6.711500883102416992e-02 8.664738386869430542e-02 4.036911204457283020e-02 5.354072898626327515e-03 8.168727159500122070e-03 8.185001462697982788e-02 1.518199685961008072e-02 6.492877006530761719e-02 4.914119467139244080e-02 1.769965328276157379e-02 1.883050985634326935e-02 3.866223618388175964e-02 1.000482365489006042e-01 9.625379927456378937e-03 8.624250069260597229e-03 2.027912437915802002e-02 1.247422304004430771e-02 6.127790361642837524e-02 4.248401522636413574e-02 1.399005204439163208e-01 4.414933547377586365e-02 7.921249419450759888e-02 1.206168159842491150e-02 1.660651527345180511e-02 6.216698512434959412e-02 6.359522789716720581e-02 1.034400165081024170e-01 1.728066615760326385e-02 2.741020731627941132e-02 4.697367921471595764e-02 4.767268523573875427e-02 4.588245227932929993e-02 4.534088820219039917e-02 1.473206374794244766e-02 9.910734742879867554e-02 2.379193529486656189e-02 1.504945307970046997e-01 1.614215597510337830e-02 1.999437343329191208e-03 4.057043697685003281e-03 1.952657476067543030e-02 2.471282705664634705e-02 3.883597254753112793e-02 5.299193784594535828e-02 4.588850587606430054e-02 1.666156691499054432e-03 2.493039332330226898e-02 5.027250573039054871e-02 4.456777870655059814e-02 3.081258386373519897e-02 3.771560639142990112e-02 1.979253999888896942e-02 5.578731000423431396e-02 2.056048624217510223e-02 1.936687901616096497e-02 5.437818914651870728e-02 4.462948814034461975e-02 6.429164111614227295e-02 6.572014838457107544e-02 1.303645372390747070e-01 1.036344468593597412e-02 2.958523631095886230e-01 7.010698318481445312e-02 2.006023004651069641e-02 8.105847984552383423e-02 1.157280877232551575e-01 4.718006774783134460e-02 8.583717979490756989e-03 1.567162759602069855e-02 1.870965212583541870e-02 1.659420579671859741e-01 2.885904163122177124e-02 1.855132170021533966e-02 9.257964789867401123e-02 1.617891341447830200e-02 1.077521070837974548e-01 3.470386564731597900e-02 2.272574976086616516e-02 2.421283535659313202e-02 4.467250779271125793e-02 3.763388097286224365e-02 3.516636788845062256e-02 2.431862056255340576e-02 6.000225991010665894e-02 5.989802256226539612e-02 2.058438723906874657e-03 4.936796147376298904e-03 2.537247166037559509e-02 3.033312968909740448e-02 2.635009400546550751e-02 3.702488262206315994e-03 1.345012430101633072e-02 2.023625932633876801e-02 1.963916793465614319e-02 2.340325154364109039e-02 5.082389712333679199e-02 4.644541069865226746e-03 1.792383007705211639e-02 3.839017450809478760e-02 4.632037132978439331e-03 4.376453906297683716e-02 6.671518087387084961e-02 5.886819213628768921e-03
2.929458394646644592e-02 7.994254678487777710e-02 1.016740053892135620e-01 2.243893966078758240e-02 3.271907567977905273e-02 1.929095387458801270e-02 1.121498197317123413e-01 3.083940222859382629e-02 6.409968715161085129e-03 2.884602174162864685e-02 3.260462358593940735e-02 5.954269785434007645e-03 1.331266667693853378e-02 3.559611737728118896e-02 5.524742603302001953e-02 2.713110670447349548e-02 6.837204098701477051e-03 3.466208279132843018e-02 5.786854773759841919e-02 4.419128876179456711e-03 2.144310437142848969e-02 4.225398972630500793e-02 9.157499670982360840e-02 8.490628749132156372e-02 1.083208806812763214e-02 3.324859589338302612e-02 2.697401866316795349e-02 1.751532033085823059e-02 4.915056377649307251e-02 5.059039592742919922e-02 3.223356232047080994e-02 1.676772162318229675e-02 3.970641270279884338e-02 7.046977989375591278e-03 7.226851768791675568e-03 1.748011447489261627e-02 3.087461553514003754e-02 5.994090437889099121e-02 3.222230076789855957e-02 1.726116240024566650e-02 4.234206862747669220e-03 6.304481532424688339e-03 6.485470570623874664e-03 4.593959823250770569e-02 2.369633130729198456e-02 3.566067293286323547e-02 1.449689082801342010e-02 5.183043703436851501e-02 2.901609614491462708e-02 1.994207315146923065e-02 4.922222718596458435e-02 1.803527213633060455e-02 7.222921401262283325e-02 4.237487446516752243e-03 6.400366127490997314e-02 4.271725192666053772e-03 3.460099175572395325e-02 5.842358618974685669e-02 2.596884965896606445e-02 2.419840730726718903e-02 7.684613019227981567e-02 1.466823834925889969e-02 1.882960274815559387e-02 5.213046818971633911e-02 1.310669537633657455e-02 2.623912133276462555e-02 3.670333325862884521e-02 1.638212427496910095e-02 6.983317434787750244e-02 9.968474507331848145e-03 1.194856711663305759e-03 3.628736361861228943e-02 2.811941690742969513e-02 7.503502070903778076e-02 2.945276908576488495e-02 8.378538303077220917e-03 1.365604694001376629e-03 4.756945744156837463e-02 2.038350328803062439e-02 6.843364983797073364e-02 3.288789093494415283e-02 7.462181150913238525e-02 6.573149561882019043e-02 2.093392424285411835e-02 3.159416094422340393e-02 9.939229494193568826e-05 1.499216258525848389e-02 3.784532845020294189e-02 3.814840316772460938e-02 5.919469147920608521e-02 6.227687746286392212e-02 4.159018397331237793e-02 1.788617344573140144e-03 3.908553719520568848e-02 1.263469550758600235e-02 1.807408779859542847e-02 2.119056321680545807e-02 3.108617477118968964e-02 4.532262310385704041e-02 8.218087255954742432e-03 3.230529651045799255e-02 1.908622868359088898e-02 5.045080557465553284e-03 7.076278328895568848e-03 8.516316302120685577e-03 4.682382196187973022e-02 1.725928857922554016e-02 4.110429063439369202e-02 1.050529815256595612e-02 6.639607250690460205e-02 3.649977594614028931e-02 2.439602091908454895e-02 4.911187291145324707e-02 4.624464735388755798e-02 6.683868169784545898e-02 3.248848766088485718e-02
4.683312401175498962e-02 9.174912422895431519e-02 8.324512839317321777e-02 2.259033732116222382e-02 1.686127297580242157e-02 1.121498197317123413e-01 1.626587472856044769e-02 3.386919945478439331e-02 3.098315931856632233e-02 1.536975242197513580e-02 1.305814832448959351e-01 3.132701665163040161e-02 2.140080556273460388e-02 5.038009956479072571e-02 3.431202098727226257e-02 1.834738999605178833e-02 4.247052595019340515e-02 2.490285597741603851e-02 5.976510047912597656e-02 4.860138520598411560e-02 1.623812504112720490e-02 9.944814257323741913e-03 3.670829162001609802e-02 1.590925268828868866e-02 1.664565503597259521e-02 1.430955063551664352e-02 2.560395188629627228e-02 1.859071291983127594e-02 1.631768234074115753e-02 6.071988493204116821e-02 7.756812125444412231e-02 1.903662830591201782e-02 4.567417502403259277e-02 2.657109126448631287e-02 2.409603260457515717e-02 5.801936239004135132e-02 1.335390284657478333e-02 1.029005623422563076e-03 2.163126599043607712e-03 4.383057728409767151e-02 6.928191334009170532e-02 4.700836166739463806e-02 3.080623457208275795e-03 7.969488948583602905e-02 7.398788630962371826e-02 6.716909259557723999e-02 1.291976720094680786e-01 1.204212456941604614e-01 2.380328625440597534e-02 1.413339842110872269e-02 2.643827907741069794e-02 1.997235976159572601e-02 1.076820120215415955e-02 5.801096186041831970e-02 6.259747594594955444e-02 1.039168890565633774e-02 5.416914448142051697e-02 2.413658797740936279e-02 4.407408088445663452e-02 2.250170335173606873e-03 3.728279471397399902e-02 3.408651566132903099e-03 4.735965654253959656e-02 5.233265832066535950e-02 1.352743804454803467e-02 3.017185069620609283e-02 9.781945496797561646e-03 4.561448469758033752e-03 6.690248101949691772e-02 4.326863959431648254e-02 1.710772514343261719e-02 4.153929650783538818e-02 6.120185181498527527e-02 4.909521341323852539e-02 4.630760475993156433e-02 2.983392216265201569e-02 1.417679525911808014e-02 7.687360793352127075e-02 4.874385520815849304e-02 2.211326733231544495e-03 5.745003372430801392e-02 2.969131246209144592e-02 6.074957922101020813e-02 3.235260769724845886e-02 8.913348428905010223e-03 2.797594852745532990e-02 3.597981110215187073e-02 3.634785115718841553e-02 4.330808296799659729e-02 4.607238247990608215e-02 1.680197007954120636e-02 2.667718566954135895e-02 6.629842519760131836e-02 7.065689563751220703e-02 3.151247277855873108e-02 5.045399069786071777e-02 1.296009775251150131e-02 1.154084224253892899e-03 1.592442952096462250e-02 1.840605773031711578e-02 1.824110373854637146e-02 3.993508219718933105e-02 1.435534190386533737e-02 1.666772738099098206e-02 4.274114966392517090e-02 1.574762165546417236e-03 8.054076693952083588e-03 5.138322338461875916e-02 1.760160923004150391e-02 1.381363603286445141e-03 3.383757174015045166e-02 4.108053818345069885e-02 6.314186751842498779e-02 8.839056827127933502e-03 5.424736440181732178e-02 3.960628435015678406e-02
1.146803796291351318e-02 2.309879101812839508e-02 1.336536258459091187e-01 7.898963056504726410e-03 6.345750391483306885e-02 3.083940222859382629e-02 3.386919945478439331e-02 1.246281154453754425e-02 2.070672810077667236e-02 4.319233819842338562e-02 5.436212290078401566e-03 3.179775550961494446e-02 5.914612673223018646e-03 3.823987022042274475e-02 5.024665966629981995e-02 2.049618167802691460e-03 3.277463465929031372e-02 4.297295212745666504e-02 1.344514545053243637e-02 2.863357961177825928e-02 1.595680601894855499e-02 7.601091265678405762e-02 1.472370512783527374e-02 4.879926145076751709e-02 7.465458661317825317e-02 9.568228572607040405e-02 6.332617998123168945e-02 2.349846810102462769e-02 7.412614673376083374e-02 3.439657390117645264e-02 4.192924872040748596e-02 8.606079965829849243e-03 7.010104507207870483e-02 1.631215587258338928e-02 2.522604353725910187e-02 3.335956484079360962e-02 4.761308804154396057e-02 2.681137807667255402e-02 2.763148956000804901e-02 4.695412516593933105e-02 8.529356122016906738e-02 1.587255042977631092e-03 2.504582889378070831e-02 1.486715115606784821e-02 1.967258751392364502e-02 4.810620844364166260e-02 2.423820784315466881e-03 1.408765651285648346e-02 6.246504839509725571e-03 7.103279978036880493e-02 1.382876560091972351e-02 1.480582170188426971e-02 6.737693399190902710e-02 1.583372615277767181e-02 1.769728213548660278e-02 2.527607791125774384e-02 2.045232057571411133e-02 5.937383975833654404e-03 3.949549421668052673e-02 6.658637896180152893e-03 6.698096543550491333e-02 1.773857278749346733e-03 2.038270048797130585e-02 3.044090000912547112e-03 3.427216038107872009e-02 3.831845149397850037e-02 8.463680744171142578e-03 2.056060545146465302e-02 3.183211386203765869e-02 4.594577103853225708e-02 1.517069246619939804e-02 6.088649854063987732e-02 7.061479985713958740e-02 1.276647672057151794e-02 6.544228643178939819e-02 2.668138826265931129e-03 8.429507724940776825e-03 1.328345201909542084e-02 3.693189844489097595e-02 8.810958825051784515e-03 5.587338283658027649e-02 5.064797401428222656e-02 1.254118792712688446e-02 4.702355712652206421e-02 3.542285785079002380e-02 1.127425394952297211e-02 5.467800050973892212e-02 3.334024548530578613e-02 3.501498326659202576e-02 8.652248419821262360e-03 3.537211939692497253e-02 5.214857682585716248e-02 4.794326797127723694e-02 5.031115189194679260e-02 2.630327269434928894e-02 7.765201851725578308e-03 9.264111518859863281e-02 3.579626604914665222e-02 1.567102409899234772e-02 1.031830627471208572e-02 5.937816202640533447e-02 3.104391507804393768e-02 9.963235817849636078e-03 6.847246084362268448e-03 1.770992390811443329e-02 6.697261240333318710e-03 2.325089648365974426e-02 1.912730000913143158e-02 2.403448894619941711e-02 1.829018816351890564e-02 6.764778494834899902e-02 7.236670702695846558e-03 5.943780392408370972e-02 5.121207237243652344e-02 3.676882013678550720e-02 3.733773902058601379e-02
1.588197797536849976e-02 3.825737908482551575e-02 1.446608733385801315e-02 2.478651516139507294e-02 8.395565301179885864e-02 6.409968715161085129e-03 3.098315931856632233e-02 2.070672810077667236e-02 3.865166753530502319e-02 1.881998479366302490e-01 3.147470951080322266e-02 3.602735325694084167e-02 7.607340067625045776e-02 2.415902540087699890e-02 9.242815896868705750e-03 2.399979531764984131e-02 1.804404333233833313e-02 2.843177877366542816e-02 4.579114611260592937e-04 2.830297499895095825e-02 4.353829473257064819e-02 1.173558458685874939e-02 1.483712159097194672e-02 4.135748371481895447e-02 2.426055446267127991e-02 6.511984020471572876e-02 4.011682234704494476e-03 5.527178570628166199e-02 4.634027555584907532e-02 5.884316936135292053e-02 6.201048847287893295e-03 6.914764642715454102e-02 5.527982488274574280e-03 2.657005377113819122e-02 8.754900842905044556e-02 1.868048682808876038e-02 9.301244467496871948e-02 2.118231169879436493e-02 1.095115244388580322e-01 9.120725095272064209e-02 1.131144165992736816e-02 5.608825013041496277e-04 3.310952708125114441e-02 4.079607781022787094e-03 1.307439897209405899e-02 9.329689666628837585e-03 1.780673302710056305e-02 3.497228398919105530e-02 3.234717994928359985e-02 4.994969069957733154e-02 3.277820721268653870e-02 1.414477918297052383e-02 1.019412837922573090e-02 1.121146371588110924e-03 7.451459765434265137e-02 6.263065338134765625e-02 8.346264809370040894e-02 2.980055287480354309e-02 6.583257019519805908e-02 4.998612776398658752e-02 1.711409538984298706e-02 4.519961774349212646e-02 5.056386440992355347e-02 5.165711790323257446e-02 2.227509394288063049e-02 1.331485155969858170e-02 2.669977210462093353e-02 2.322544576600193977e-03 2.715658769011497498e-02 4.203157499432563782e-02 2.530273236334323883e-02 7.979203760623931885e-02 1.581151597201824188e-02 2.677340433001518250e-02 4.565817862749099731e-02 2.704579010605812073e-02 1.740201562643051147e-01 5.557076260447502136e-02 1.779663264751434326e-01 3.418366983532905579e-02 3.853142727166414261e-03 1.239749416708946228e-01 1.509207636117935181e-01 1.157789602875709534e-01 2.242351882159709930e-02 7.487684488296508789e-02 1.829384081065654755e-02 3.553051874041557312e-02 6.594481319189071655e-02 9.859292954206466675e-02 4.417289048433303833e-02 2.247343584895133972e-02 6.359042972326278687e-02 8.290114928968250751e-04 9.569803625345230103e-02 7.133174687623977661e-02 6.710683554410934448e-02 9.478835761547088623e-02 3.791143419221043587e-03 7.911586016416549683e-02 4.734329506754875183e-02 2.354810573160648346e-02 3.122817352414131165e-02 2.204937115311622620e-02 5.185145139694213867e-02 6.850931793451309204e-03 4.630199819803237915e-02 3.171615675091743469e-02 2.042593806982040405e-02 1.445154380053281784e-02 9.541800618171691895e-02 4.542801156640052795e-02 4.265399649739265442e-02 2.078610658645629883e-02 1.201761513948440552e-02 3.689843416213989258e-02
6.017419323325157166e-02 4.530608281493186951e-02 5.563740804791450500e-02 1.321969646960496902e-02 1.738194376230239868e-02 2.884602174162864685e-02 1.536975242197513580e-02 4.319233819842338562e-02 1.881998479366302490e-01 5.426265671849250793e-02 4.050270840525627136e-02 2.563624642789363861e-02 3.166506066918373108e-02 5.104562640190124512e-02 5.165440216660499573e-02 6.648585200309753418e-02 2.340570650994777679e-02 1.015489455312490463e-02 2.098920792341232300e-01 1.098843850195407867e-02 3.261692449450492859e-02 1.249954104423522949e-02 3.645263612270355225e-02 6.775188446044921875e-02 2.507749572396278381e-02 5.761872977018356323e-02 5.726191401481628418e-02 1.069186180830001831e-01 4.509898368269205093e-03 9.194711595773696899e-02 5.170458927750587463e-02 6.198964267969131470e-02 6.250064820051193237e-02 5.135807394981384277e-02 7.226333767175674438e-02 3.584821149706840515e-02 6.496930867433547974e-02 1.654532551765441895e-02 6.725494749844074249e-04 5.618650838732719421e-02 6.780460476875305176e-02 2.379018627107143402e-02 2.605929598212242126e-02 4.501216486096382141e-02 6.889136973768472672e-03 6.340038962662220001e-03 3.662748262286186218e-03 1.989945769309997559e-02 5.578900501132011414e-02 8.495326340198516846e-02 3.153711184859275818e-02 4.825163632631301880e-02 6.108079850673675537e-02 2.351355366408824921e-02 3.045295923948287964e-02 9.895393252372741699e-02 4.618606064468622208e-03 2.726502250880002975e-03 1.058434173464775085e-01 7.167476695030927658e-03 4.217481613159179688e-02 2.934865280985832214e-02 7.004822790622711182e-02 1.531162671744823456e-02 4.784306511282920837e-02 5.586519837379455566e-03 2.649885974824428558e-02 2.210164908319711685e-03 8.827815949916839600e-02 1.216124445199966431e-01 3.753808513283729553e-02 7.279727607965469360e-02 1.236491743475198746e-02 3.038726979866623878e-03 7.123169302940368652e-02 6.457718461751937866e-02 4.398528113961219788e-02 1.500482708215713501e-01 3.960280865430831909e-02 2.725112736225128174e-01 1.008820626884698868e-02 1.768190972506999969e-02 7.109473645687103271e-02 1.695497334003448486e-01 5.020665377378463745e-02 8.840895444154739380e-02 3.512476012110710144e-02 3.247839584946632385e-02 7.061998359858989716e-03 6.988678127527236938e-02 4.731362313032150269e-02 1.162479259073734283e-02 1.681700721383094788e-02 7.193919271230697632e-03 9.591570496559143066e-02 5.857029929757118225e-02 1.458059158176183701e-02 4.669500142335891724e-02 3.010495379567146301e-02 7.564614713191986084e-02 3.026012331247329712e-02 4.275768250226974487e-02 2.921893075108528137e-02 3.579259384423494339e-03 6.251350510865449905e-03 8.347417227923870087e-03 9.962291270494461060e-02 1.340907625854015350e-02 2.252379897981882095e-03 6.266113370656967163e-02 3.227969631552696228e-02 1.981564424932003021e-02 2.186039462685585022e-02 1.006752997636795044e-02 2.548383548855781555e-02 1.016699825413525105e-03
2.489033192396163940e-01 7.788218557834625244e-02 3.839780017733573914e-02 2.164130471646785736e-02 5.920029361732304096e-04 3.260462358593940735e-02 1.305814832448959351e-01 5.436212290078401566e-03 3.147470951080322266e-02 4.050270840525627136e-02 9.908390790224075317e-02 2.341733872890472412e-02 2.243704795837402344e-01 1.041797026991844177e-01 6.059065461158752441e-02 6.188577041029930115e-02 2.256018854677677155e-02 2.750813029706478119e-03 3.358730301260948181e-02 1.152515062130987644e-03 3.406845033168792725e-02 8.974131941795349121e-02 1.214684620499610901e-01 6.126834079623222351e-02 3.367624804377555847e-02 1.018256414681673050e-02 4.215474426746368408e-02 2.263301610946655273e-02 6.173596531152725220e-02 4.944758862257003784e-02 3.644442185759544373e-02 1.552947610616683960e-02 2.964824251830577850e-02 4.141467437148094177e-02 4.523375537246465683e-03 4.377764090895652771e-02 1.090679317712783813e-02 4.599248617887496948e-02 1.071068551391363144e-02 1.687983050942420959e-02 4.225779324769973755e-02 1.039681606926023960e-03 2.519740723073482513e-02 1.066019684076309204e-01 2.470442280173301697e-02 7.736423611640930176e-02 1.022970229387283325e-01 1.517859250307083130e-01 3.288866952061653137e-02 2.857496589422225952e-02 4.502901807427406311e-02 4.324917867779731750e-02 3.487275913357734680e-02 8.822552114725112915e-02 3.406289219856262207e-02 8.364132605493068695e-03 3.335099667310714722e-02 4.176272451877593994e-02 7.615728676319122314e-02 1.426219940185546875e-02 1.000313740223646164e-02 3.061963245272636414e-02 2.364218048751354218e-02 5.131851136684417725e-02 8.663631230592727661e-02 1.400412172079086304e-01 5.063817370682954788e-03 3.447514399886131287e-02 1.232615392655134201e-02 7.158523797988891602e-02 6.408701837062835693e-02 5.401582922786474228e-03 2.044197730720043182e-02 9.677273780107498169e-02 5.484703928232192993e-03 4.589756578207015991e-02 5.252444371581077576e-02 5.089996755123138428e-02 4.018448293209075928e-02 1.544020418077707291e-02 5.377965420484542847e-02 5.341250076889991760e-02 5.843785032629966736e-02 2.668579854071140289e-02 6.818678230047225952e-02 4.972107708454132080e-02 3.711438551545143127e-02 3.555612172931432724e-03 2.151437848806381226e-02 6.709656119346618652e-02 1.821445534005761147e-03 6.191077083349227905e-02 8.200428634881973267e-02 5.777576193213462830e-02 1.404793560504913330e-02 1.103053428232669830e-02 1.969122327864170074e-03 2.686074376106262207e-02 2.411160431802272797e-02 4.430943354964256287e-02 9.023401886224746704e-03 5.075555294752120972e-02 1.153907924890518188e-02 5.989639554172754288e-03 3.598188608884811401e-02 5.859282612800598145e-02 1.892163651064038277e-03 2.668645232915878296e-02 1.380207575857639313e-02 7.169990986585617065e-02 3.044850006699562073e-02 2.007685042917728424e-02 3.354737535119056702e-02 2.945751138031482697e-02 6.486739963293075562e-02 4.147450253367424011e-02
3.399038687348365784e-02 3.867914527654647827e-02 6.645583081990480423e-03 2.963302889838814735e-03 5.903386324644088745e-02 5.954269785434007645e-03 3.132701665163040161e-02 3.179775550961494446e-02 3.602735325694084167e-02 2.563624642789363861e-02 2.341733872890472412e-02 2.267791889607906342e-02 6.343669444322586060e-02 2.825319170951843262e-01 1.284314319491386414e-02 4.319707676768302917e-02 5.352078005671501160e-02 1.294795051217079163e-02 3.554408252239227295e-02 3.549405932426452637e-02 2.770004421472549438e-02 2.725804969668388367e-02 2.910131588578224182e-02 3.038285113871097565e-02 4.151216894388198853e-02 2.376212738454341888e-02 2.663166262209415436e-02 7.397896051406860352e-02 6.362372636795043945e-02 1.731911301612854004e-02 3.915501758456230164e-02 1.780543848872184753e-02 3.336755186319351196e-02 1.961714029312133789e-02 1.353525184094905853e-02 1.508660614490509033e-02 3.135362640023231506e-02 2.554350718855857849e-02 1.081561483442783356e-02 3.860004991292953491e-02 2.358612604439258575e-02 5.245194584131240845e-02 3.775027394294738770e-02 1.457385718822479248e-01 3.627563267946243286e-02 1.221896801143884659e-02 8.739785104990005493e-02 6.321693956851959229e-02 1.034596413373947144e-01 7.768061012029647827e-02 5.205472558736801147e-02 6.903785467147827148e-02 7.652742322534322739e-03 1.757970638573169708e-02 4.130708053708076477e-02 3.596196323633193970e-02 5.437562242150306702e-02 4.682224988937377930e-02 3.666514530777931213e-02 1.314805261790752411e-02 5.200862511992454529e-02 4.234681371599435806e-03 3.877956420183181763e-02 1.150197070091962814e-02 4.736133851110935211e-03 3.160342946648597717e-02 2.230335585772991180e-02 1.212286762893199921e-02 2.534580789506435394e-02 3.299436345696449280e-02 6.347514688968658447e-02 2.214366570115089417e-02 7.616419345140457153e-02 3.013049438595771790e-02 3.238777071237564087e-02 1.856127008795738220e-02 1.706718094646930695e-02 9.562782198190689087e-02 2.184299193322658539e-02 6.551246345043182373e-02 1.516043767333030701e-02 3.636305406689643860e-02 4.615505784749984741e-02 2.073927596211433411e-02 1.576953567564487457e-02 5.557033047080039978e-02 1.445972919464111328e-02 1.952593587338924408e-02 2.476028352975845337e-01 3.451935201883316040e-02 8.930732496082782745e-03 5.900990217924118042e-02 5.003781616687774658e-02 1.658964529633522034e-02 2.895555272698402405e-02 4.312315210700035095e-02 8.912954479455947876e-02 3.268649056553840637e-02 6.400960963219404221e-03 5.397659540176391602e-02 1.426459196954965591e-02 2.660789340734481812e-02 6.547576189041137695e-02 4.118305165320634842e-03 1.610542088747024536e-02 3.559726476669311523e-02 3.807045146822929382e-02 7.037393003702163696e-02 2.298848889768123627e-02 2.025311440229415894e-02 3.220856562256813049e-02 5.335032939910888672e-02 6.209434196352958679e-02 1.824532449245452881e-02 3.414755687117576599e-02 5.048590898513793945e-02
2.174379974603652954e-01 2.226537466049194336e-01 2.378207631409168243e-02 3.130418434739112854e-02 4.113115370273590088e-02 1.331266667693853378e-02 2.140080556273460388e-02 5.914612673223018646e-03 7.607340067625045776e-02 3.166506066918373108e-02 2.243704795837402344e-01 6.343669444322586060e-02 7.290923595428466797e-02 4.176487401127815247e-02 3.732493612915277481e-03 3.516683727502822876e-02 5.353970453143119812e-02 2.751911990344524384e-02 2.920358441770076752e-02 1.106328442692756653e-01 3.011371195316314697e-02 6.225007399916648865e-02 9.070483036339282990e-03 2.662002225406467915e-04 1.542587485164403915e-02 7.726295385509729385e-03 7.841437309980392456e-02 3.398258984088897705e-02 1.160010462626814842e-03 2.480011805891990662e-02 2.253437601029872894e-02 3.832056745886802673e-02 3.633914515376091003e-02 8.075122721493244171e-03 4.431450366973876953e-02 2.023016475141048431e-02 5.919051170349121094e-02 2.301260642707347870e-02 3.156549856066703796e-02 4.525098204612731934e-02 5.957168713212013245e-02 2.881226874887943268e-02 1.042990684509277344e-01 4.478952288627624512e-02 9.707568585872650146e-02 6.243377178907394409e-02 1.085605919361114502e-01 1.427126675844192505e-01 4.323429241776466370e-02 3.799447789788246155e-02 8.453302830457687378e-02 3.694096207618713379e-02 1.520270667970180511e-02 5.982543155550956726e-02 6.930018309503793716e-03 3.335084393620491028e-02 4.678282141685485840e-02 6.045091431587934494e-03 1.289889216423034668e-02 5.537369847297668457e-02 3.916311264038085938e-02 7.800075691193342209e-04 4.720636829733848572e-02 1.558410376310348511e-02 5.100584030151367188e-02 5.171227455139160156e-02 3.573929890990257263e-02 1.705863513052463531e-02 1.800268888473510742e-02 2.989425510168075562e-02 1.574293151497840881e-02 3.678176179528236389e-02 2.432131581008434296e-02 1.179312076419591904e-02 1.144286431372165680e-02 6.440199166536331177e-02 4.467713460326194763e-02 8.425917476415634155e-03 5.716901645064353943e-02 2.880467660725116730e-02 2.433063834905624390e-02 1.172729022800922394e-02 7.445509731769561768e-02 7.234883960336446762e-04 6.153132766485214233e-02 1.448820624500513077e-02 9.207653813064098358e-03 6.934034079313278198e-02 6.870499346405267715e-03 3.994652256369590759e-02 7.148989010602235794e-03 4.766767099499702454e-02 1.555949711473658681e-05 2.915074350312352180e-03 5.239950120449066162e-02 2.099581994116306305e-02 4.511827602982521057e-02 5.773663148283958435e-02 5.373010784387588501e-02 5.203655362129211426e-02 3.194291889667510986e-02 2.176753804087638855e-02 4.392623156309127808e-02 3.252771496772766113e-02 8.374270983040332794e-03 3.583481535315513611e-02 1.574041135609149933e-02 2.146277204155921936e-02 1.380775496363639832e-02 3.177375346422195435e-02 1.739725656807422638e-02 5.962506681680679321e-02 3.282150626182556152e-02 2.487430907785892487e-02 9.801875054836273193e-02 3.071082569658756256e-02
