1.269638836383819580e-01 7.587479054927825928e-02 4.084530472755432129e-02 8.040819317102432251e-03 2.001256681978702545e-02 1.129488646984100342e-01 6.614661961793899536e-02 3.780192136764526367e-02 4.245081916451454163e-02 4.484505951404571533e-02 9.087417274713516235e-02 2.379260212182998657e-02 7.596996426582336426e-02 5.812955275177955627e-02 2.148703113198280334e-02 5.058186873793601990e-02 3.042125515639781952e-02 6.133860722184181213e-02 3.683499246835708618e-02 1.102548372000455856e-02 4.978922381997108459e-02 4.550740495324134827e-02 7.502708584070205688e-03 9.372023865580558777e-03 1.024654787033796310e-02 1.266448758542537689e-02 2.627798542380332947e-02 1.046639401465654373e-03 8.717463351786136627e-03 1.248547155410051346e-02 2.279793284833431244e-02 1.194476615637540817e-02 2.501780912280082703e-02 4.647285677492618561e-03 1.174938213080167770e-02 4.005873203277587891e-02 5.497282370924949646e-02 1.190520636737346649e-02 1.137748919427394867e-02 9.819397702813148499e-03 1.602272503077983856e-02 1.445793081074953079e-02 1.541292108595371246e-02 3.335051238536834717e-02 1.083759497851133347e-02 2.100712247192859650e-02 5.649103969335556030e-02 2.934225648641586304e-02 3.991347923874855042e-02 2.967887558043003082e-02 5.483145639300346375e-02 2.756842225790023804e-02 3.768196702003479004e-02 3.230535658076405525e-03 7.397196441888809204e-02 2.488589845597743988e-02 3.630851209163665771e-02 1.025649067014455795e-02 3.744938597083091736e-02 4.706320166587829590e-02 1.358231622725725174e-02 2.866215817630290985e-02 4.391833767294883728e-02 6.233974709175527096e-04 1.110582519322633743e-02 1.882056891918182373e-02 4.478844627737998962e-02 9.670070372521877289e-03 5.213525518774986267e-02 5.064016580581665039e-02 2.545740082859992981e-02 3.679235652089118958e-02 6.741217337548732758e-03 2.745144069194793701e-02 1.499766483902931213e-02 5.046321451663970947e-02 4.335641860961914062e-03 5.199160426855087280e-02 4.265604168176651001e-02 4.111480433493852615e-03 8.023136295378208160e-03 3.229801729321479797e-02 2.514846250414848328e-02 1.114713773131370544e-02 1.140539254993200302e-02 7.738341111689805984e-03 2.920924127101898193e-02 2.317179925739765167e-02 7.285552471876144409e-02 1.770366542041301727e-02 2.145468071103096008e-02 1.135371066629886627e-02 2.935106307268142700e-02 2.767167799174785614e-02 2.470506168901920319e-02 4.466504976153373718e-02 2.704018726944923401e-02 3.871379047632217407e-02 1.951602287590503693e-02 3.367408737540245056e-02 6.207798607647418976e-03 3.587373299524188042e-03 2.299531362950801849e-02 8.033386617898941040e-02 3.529141843318939209e-02 6.197228096425533295e-03 7.070572581142187119e-03 3.298639133572578430e-02 6.985969841480255127e-02 2.283043973147869110e-02 3.733662143349647522e-02 2.178592421114444733e-02 5.196880176663398743e-02 5.562839284539222717e-02 3.565266495570540428e-03 2.008031122386455536e-02
7.587479054927825928e-02 1.482426375150680542e-01 3.807354718446731567e-02 1.382854860275983810e-02 1.946824602782726288e-02 1.114560291171073914e-01 9.936194866895675659e-02 4.942961037158966064e-02 2.722232602536678314e-02 4.085850715637207031e-02 8.417229354381561279e-02 1.966752856969833374e-02 8.864306658506393433e-02 5.435207858681678772e-02 7.792976684868335724e-03 4.157190769910812378e-02 3.251585736870765686e-02 5.906346812844276428e-02 3.282484039664268494e-02 3.908434137701988220e-02 1.626867242157459259e-02 4.361660405993461609e-02 2.339409664273262024e-02 4.107444733381271362e-02 1.290465123020112514e-03 1.309810206294059753e-02 2.674972638487815857e-02 2.192496880888938904e-02 2.945679239928722382e-03 9.107242338359355927e-03 1.414347533136606216e-02 4.191861674189567566e-02 2.660196274518966675e-03 1.353493053466081619e-02 2.805419499054551125e-03 2.632499672472476959e-02 4.626209381967782974e-03 2.252550795674324036e-03 2.834277786314487457e-02 1.233912259340286255e-02 2.154931053519248962e-02 1.984382048249244690e-02 1.253523118793964386e-02 2.390481531620025635e-02 1.537250075489282608e-02 2.076295763254165649e-02 6.421333551406860352e-02 6.055419519543647766e-02 3.337917476892471313e-02 2.277141995728015900e-02 4.162644222378730774e-02 2.510525099933147430e-02 3.931837528944015503e-02 2.860467694699764252e-02 2.562279347330331802e-03 2.535459958016872406e-02 5.223749950528144836e-02 4.518234357237815857e-02 1.752156764268875122e-02 5.105612799525260925e-02 3.188172355294227600e-03 2.523877285420894623e-02 3.767850995063781738e-02 1.001274865120649338e-02 4.492432251572608948e-02 3.439716622233390808e-02 2.326529659330844879e-02 2.806792594492435455e-02 2.884922362864017487e-02 7.184296846389770508e-03 2.849173545837402344e-02 2.722116932272911072e-02 1.219195406883955002e-02 2.344685140997171402e-03 5.152501398697495461e-04 4.589702188968658447e-02 1.239139121025800705e-02 4.463153332471847534e-02 3.146972507238388062e-02 6.164158228784799576e-03 4.155631642788648605e-03 1.234069280326366425e-02 3.309902548789978027e-02 2.971398830413818359e-02 2.490537427365779877e-02 2.450650930404663086e-02 3.368847444653511047e-02 1.685315370559692383e-02 6.673019379377365112e-02 3.915214538574218750e-02 2.540598437190055847e-02 1.043006312102079391e-02 1.983604393899440765e-03 3.097740374505519867e-02 2.611044794321060181e-02 7.019602507352828979e-02 1.040271390229463577e-02 3.081307001411914825e-02 3.740324825048446655e-02 3.914811462163925171e-02 2.234121970832347870e-02 1.279403828084468842e-02 7.906329818069934845e-03 6.455069035291671753e-02 6.082580424845218658e-03 2.211258048191666603e-03 1.375804189592599869e-02 5.001661181449890137e-02 3.134011849761009216e-02 3.588498011231422424e-02 2.376901358366012573e-02 7.688341196626424789e-03 2.323271892964839935e-02 6.771667860448360443e-03 2.516516670584678650e-02 3.790124505758285522e-02
4.084530472755432129e-02 3.807354718446731567e-02 1.259131580591201782e-01 2.209158800542354584e-02 5.226388201117515564e-02 2.967540174722671509e-02 1.311939768493175507e-02 1.264152862131595612e-02 4.751000553369522095e-02 1.073994394391775131e-02 3.583324328064918518e-02 1.133888494223356247e-03 3.756557032465934753e-02 3.940651193261146545e-02 6.504878401756286621e-02 5.354438349604606628e-02 7.358119357377290726e-03 7.806254085153341293e-03 6.404927372932434082e-02 6.988365668803453445e-03 1.521069556474685669e-01 5.401402013376355171e-04 1.142830122262239456e-02 5.473087728023529053e-02 3.889841586351394653e-02 5.187258124351501465e-02 1.361378282308578491e-02 8.236469700932502747e-03 1.974763423204421997e-01 4.682850092649459839e-03 2.742216177284717560e-02 4.615983739495277405e-02 2.656500041484832764e-02 4.736141487956047058e-02 3.641388192772865295e-02 1.423992333002388477e-03 1.283005625009536743e-02 9.471056051552295685e-03 8.579576388001441956e-03 6.185462325811386108e-02 4.486213997006416321e-02 6.394315510988235474e-02 8.078155107796192169e-03 9.877899289131164551e-02 1.847623884677886963e-01 4.682352393865585327e-02 1.349083185195922852e-01 1.011494994163513184e-01 4.514225572347640991e-02 4.325674474239349365e-02 8.288105577230453491e-02 1.865804195404052734e-02 5.537391453981399536e-02 3.186626359820365906e-02 3.239108249545097351e-02 5.771497637033462524e-02 6.853354722261428833e-02 8.072094991803169250e-03 4.053132981061935425e-02 3.659314662218093872e-02 6.262860726565122604e-03 4.862918704748153687e-02 2.350685186684131622e-02 5.671418737620115280e-03 2.409482188522815704e-02 3.522324142977595329e-03 5.325069185346364975e-03 5.689593777060508728e-02 3.335287794470787048e-02 1.689328812062740326e-03 5.190442316234111786e-03 2.503251843154430389e-02 6.151737272739410400e-02 3.964221104979515076e-02 2.625957690179347992e-02 4.472115263342857361e-02 8.998014032840728760e-02 1.212490140460431576e-03 6.090981140732765198e-02 1.241850033402442932e-01 8.837398886680603027e-02 9.952035546302795410e-02 1.711719483137130737e-01 2.237478345632553101e-01 5.509251728653907776e-03 2.896629087626934052e-02 6.719901412725448608e-02 3.709197416901588440e-02 9.333404898643493652e-02 6.545788049697875977e-02 4.083383455872535706e-02 2.389617729932069778e-03 1.637776941061019897e-02 7.766402512788772583e-02 6.105005741119384766e-02 1.448155660182237625e-02 3.219724819064140320e-02 1.314145978540182114e-02 4.812399670481681824e-02 8.243734948337078094e-03 2.190601825714111328e-02 7.153498381376266479e-02 2.109232358634471893e-03 9.864311665296554565e-03 4.694754257798194885e-02 6.401719152927398682e-02 2.688380144536495209e-02 5.030950531363487244e-02 1.127145960927009583e-01 9.200422093272209167e-03 1.682293042540550232e-02 1.534374356269836426e-01 3.241831203922629356e-03 4.706076811999082565e-03 8.508479595184326172e-02 1.468548364937305450e-02
8.040819317102432251e-03 1.382854860275983810e-02 2.209158800542354584e-02 1.444628685712814331e-01 7.855912297964096069e-02 3.287196159362792969e-02 3.953954949975013733e-02 7.541973888874053955e-02 1.170242577791213989e-02 3.929847478866577148e-02 9.040862321853637695e-03 2.197268046438694000e-02 2.457608934491872787e-03 5.870644748210906982e-02 4.940419271588325500e-02 5.719089880585670471e-02 4.168519377708435059e-02 2.023454383015632629e-02 1.075257360935211182e-02 2.764365263283252716e-02 1.307338010519742966e-02 1.387094240635633469e-02 3.992757759988307953e-03 5.328255146741867065e-02 3.360732644796371460e-02 2.958948351442813873e-02 1.936471834778785706e-02 6.207195669412612915e-02 4.487996175885200500e-02 1.144729182124137878e-02 7.473243400454521179e-03 4.839804023504257202e-02 5.222512409090995789e-02 3.656278178095817566e-02 3.822512924671173096e-02 1.265458296984434128e-02 4.043091461062431335e-02 9.489280171692371368e-03 5.957210436463356018e-02 5.939049646258354187e-02 6.017157807946205139e-03 1.567662693560123444e-02 3.374508023262023926e-02 7.448984310030937195e-03 2.780218608677387238e-02 2.608605101704597473e-02 1.990033872425556183e-02 2.953873202204704285e-02 2.979531651362776756e-03 5.880821123719215393e-02 8.512544631958007812e-02 9.443116188049316406e-02 3.437852859497070312e-02 3.440343961119651794e-02 1.261958200484514236e-02 5.373691767454147339e-02 4.885709658265113831e-02 3.494023531675338745e-02 4.758042097091674805e-02 3.407859057188034058e-02 6.079330295324325562e-02 3.097933158278465271e-02 2.399806678295135498e-02 6.015013786964118481e-04 2.562747523188591003e-02 3.313541784882545471e-02 2.211436862125992775e-03 3.482425585389137268e-02 5.259586125612258911e-02 1.915720477700233459e-02 3.367359563708305359e-02 3.500939905643463135e-02 6.880913674831390381e-02 2.839175052940845490e-02 4.763939231634140015e-02 3.199351951479911804e-02 3.461396321654319763e-02 3.383839502930641174e-02 2.330857096239924431e-03 3.169691935181617737e-02 2.194460108876228333e-02 2.294840104877948761e-02 3.989566862583160400e-02 6.799475848674774170e-02 1.434905268251895905e-02 7.201132923364639282e-02 9.746495634317398071e-03 1.149027701467275620e-02 6.989493966102600098e-02 6.761834956705570221e-03 3.259546309709548950e-02 2.918869815766811371e-02 2.465382218360900879e-03 1.735111884772777557e-02 5.761737748980522156e-02 3.288736939430236816e-02 4.433228075504302979e-02 9.767193347215652466e-03 1.467689033597707748e-02 8.520366996526718140e-02 1.626572012901306152e-02 2.823924645781517029e-02 2.968000620603561401e-02 4.353204742074012756e-02 2.433059923350811005e-02 7.075328379869461060e-02 4.031989350914955139e-02 7.877656072378158569e-02 4.335654154419898987e-02 7.309185713529586792e-02 5.499178171157836914e-02 1.506088580936193466e-02 4.313244670629501343e-02 5.496560782194137573e-02 4.405335336923599243e-02 1.405131723731756210e-02
2.001256681978702545e-02 1.946824602782726288e-02 5.226388201117515564e-02 7.855912297964096069e-02 1.139883026480674744e-01 2.563155628740787506e-02 4.289598390460014343e-02 5.545240361243486404e-03 7.375480607151985168e-03 4.451694339513778687e-02 1.431594975292682648e-02 2.621821314096450806e-02 2.726040547713637352e-03 5.457227677106857300e-02 4.022604972124099731e-02 3.528780490159988403e-02 2.662920765578746796e-02 1.730732247233390808e-02 5.775669123977422714e-03 2.683367580175399780e-03 1.715475693345069885e-02 1.070384122431278229e-02 1.616485789418220520e-02 3.489885851740837097e-02 2.576377242803573608e-02 3.127943724393844604e-02 2.859542891383171082e-02 5.227214843034744263e-02 2.353653311729431152e-02 3.855902468785643578e-03 1.711596385575830936e-03 7.656505331397056580e-03 3.025322221219539642e-02 2.463162317872047424e-02 4.416344687342643738e-02 4.740634560585021973e-02 7.768845651298761368e-03 2.905985154211521149e-02 5.895470827817916870e-02 5.610388889908790588e-02 4.067159257829189301e-03 1.098356209695339203e-02 1.413897518068552017e-02 2.041494008153676987e-03 6.295471638441085815e-02 1.451102644205093384e-02 1.086298190057277679e-02 3.034481778740882874e-02 5.283391475677490234e-02 2.240910008549690247e-02 3.023204766213893890e-02 4.931874945759773254e-02 3.595976904034614563e-02 9.977824985980987549e-03 1.292297709733247757e-02 8.078633248805999756e-02 3.202960640192031860e-02 1.279338169842958450e-02 3.769731521606445312e-02 3.703179955482482910e-02 1.889253966510295868e-02 2.318155579268932343e-02 1.446139626204967499e-02 1.887721382081508636e-02 3.349602967500686646e-02 1.956996740773320198e-03 4.136595129966735840e-02 8.407409302890300751e-03 4.761098325252532959e-02 3.722093999385833740e-02 3.017188049852848053e-02 9.090305306017398834e-03 5.656782537698745728e-02 2.567073516547679901e-02 3.969016671180725098e-02 6.264834664762020111e-03 9.420335292816162109e-03 6.984120607376098633e-02 5.537682399153709412e-02 2.574924379587173462e-02 5.110000818967819214e-02 5.648504570126533508e-02 9.620756842195987701e-03 5.084817111492156982e-02 2.953946962952613831e-02 2.028460241854190826e-02 4.190837033092975616e-03 1.396592240780591965e-02 4.200251772999763489e-02 8.712745271623134613e-03 3.623733296990394592e-02 1.453751232475042343e-02 1.409705635160207748e-02 1.974807307124137878e-02 3.084494359791278839e-02 1.523063145577907562e-02 6.143811717629432678e-02 2.285733819007873535e-02 1.252866629511117935e-02 4.148601368069648743e-02 5.083759129047393799e-02 3.790980204939842224e-02 6.197811570018529892e-03 3.699386864900588989e-02 8.870052173733711243e-03 2.866030554287135601e-04 2.649762853980064392e-02 7.022981345653533936e-02 7.709122262895107269e-03 4.444839805364608765e-02 2.635140530765056610e-02 6.251452863216400146e-02 1.117596053518354893e-03 1.919974572956562042e-02 2.134442515671253204e-02 4.072929918766021729e-02
1.129488646984100342e-01 1.114560291171073914e-01 2.967540174722671509e-02 3.287196159362792969e-02 2.563155628740787506e-02 1.526060700416564941e-01 1.349757164716720581e-01 1.575196348130702972e-02 7.900758087635040283e-02 1.145065426826477051e-01 1.213078796863555908e-01 1.010339148342609406e-02 1.141611188650131226e-01 5.486571416258811951e-02 7.433702796697616577e-02 3.669536113739013672e-02 4.717652499675750732e-02 8.053996413946151733e-02 6.919452548027038574e-02 1.829713769257068634e-02 2.243468537926673889e-02 7.145480066537857056e-02 2.135766670107841492e-02 1.236407924443483353e-02 1.732469722628593445e-02 3.424825146794319153e-02 5.782840773463249207e-03 1.082857511937618256e-02 2.673719450831413269e-02 1.566544733941555023e-02 4.380752146244049072e-02 1.999060250818729401e-02 5.185721069574356079e-02 2.323069423437118530e-02 6.261093914508819580e-02 3.088005445897579193e-02 5.163461901247501373e-03 7.064240053296089172e-03 5.114006344228982925e-04 1.470046211034059525e-02 5.053417384624481201e-02 1.538283657282590866e-02 6.708426866680383682e-03 1.652560941874980927e-02 1.287183538079261780e-02 4.256790131330490112e-02 9.951689094305038452e-02 3.498942032456398010e-02 4.325723275542259216e-02 3.200741484761238098e-02 1.715823262929916382e-02 1.105248928070068359e-02 9.914621710777282715e-03 3.362432494759559631e-02 2.177198231220245361e-02 2.108043804764747620e-02 8.091717958450317383e-02 4.143063724040985107e-02 2.946887724101543427e-02 1.852727495133876801e-02 1.808325573801994324e-02 5.028249695897102356e-03 7.248555868864059448e-02 2.522453293204307556e-02 1.752972416579723358e-02 7.296708971261978149e-02 6.768795195966959000e-03 3.232833370566368103e-02 8.417307399213314056e-03 1.763574965298175812e-02 1.427508611232042313e-02 2.128120511770248413e-02 6.548614799976348877e-02 5.180697888135910034e-02 5.460882559418678284e-02 2.857845462858676910e-02 9.263275563716888428e-02 4.536342620849609375e-02 4.697316884994506836e-02 4.923945292830467224e-02 2.501785196363925934e-02 4.813189059495925903e-02 6.133912131190299988e-02 4.354732111096382141e-02 3.392249718308448792e-02 2.127294428646564484e-02 3.298882022500038147e-02 7.015709416009485722e-04 4.369302839040756226e-02 2.977694151923060417e-03 2.670963481068611145e-02 1.873781089670956135e-03 6.807363033294677734e-02 1.758181303739547729e-02 1.148152053356170654e-01 2.762173116207122803e-02 2.505844645202159882e-02 4.740068223327398300e-03 6.134045124053955078e-02 4.813991487026214600e-02 1.002314500510692596e-02 4.340521246194839478e-02 2.055868320167064667e-02 7.056234031915664673e-02 5.530685186386108398e-02 1.670992001891136169e-02 3.931394591927528381e-02 6.981208920478820801e-02 2.292908728122711182e-02 9.822522848844528198e-02 5.116618238389492035e-03 8.031361736357212067e-03 1.557939499616622925e-02 6.831079255789518356e-03 3.412656718865036964e-03 4.487744346261024475e-02
6.614661961793899536e-02 9.936194866895675659e-02 1.311939768493175507e-02 3.953954949975013733e-02 4.289598390460014343e-02 1.349757164716720581e-01 1.313766092061996460e-01 2.810906432569026947e-02 3.380047157406806946e-02 5.799423530697822571e-02 6.955283135175704956e-02 6.003770977258682251e-02 1.067322790622711182e-01 3.751137852668762207e-02 6.737910211086273193e-02 6.541967857629060745e-03 1.372273545712232590e-02 4.254848510026931763e-02 3.529529273509979248e-02 4.956689476966857910e-02 1.456671510823071003e-03 5.863232165575027466e-02 1.254268921911716461e-02 4.660731554031372070e-02 1.019997429102659225e-02 4.281400144100189209e-02 5.023998022079467773e-02 4.753550514578819275e-02 8.328893221914768219e-03 1.353565487079322338e-03 1.396441739052534103e-02 3.695462271571159363e-02 2.385722659528255463e-02 1.995628327131271362e-02 2.122537977993488312e-02 2.641749009490013123e-02 1.252883020788431168e-02 1.446090918034315109e-02 4.762127622961997986e-02 2.007725462317466736e-02 4.087543860077857971e-02 1.644491776823997498e-02 3.683272749185562134e-02 1.340696122497320175e-02 1.916167512536048889e-02 4.276316612958908081e-02 7.447293400764465332e-02 7.667331397533416748e-02 5.172527208924293518e-02 3.870636224746704102e-02 9.512990713119506836e-03 6.883025169372558594e-02 7.918518781661987305e-02 5.333200469613075256e-02 5.497143603861331940e-03 1.918814890086650848e-02 4.051880910992622375e-02 2.443768642842769623e-02 1.930466108024120331e-02 4.459624737501144409e-02 1.540603302419185638e-02 1.330622937530279160e-02 4.239059239625930786e-02 2.293461002409458160e-03 1.559190358966588974e-02 3.200549632310867310e-02 2.513401769101619720e-02 4.551979247480630875e-03 5.096955690532922745e-03 5.747396498918533325e-02 7.328389212489128113e-03 1.331999339163303375e-02 1.115718670189380646e-02 4.122444614768028259e-02 3.148116916418075562e-02 6.546826567500829697e-03 2.991201356053352356e-02 2.277453057467937469e-02 5.440100654959678650e-02 3.257177397608757019e-02 3.064388968050479889e-02 3.641681745648384094e-02 2.851983346045017242e-02 3.798506781458854675e-02 2.879641763865947723e-02 4.563005641102790833e-02 5.775075871497392654e-03 7.041139900684356689e-02 5.124957859516143799e-02 4.232684895396232605e-02 2.630396559834480286e-02 6.060966476798057556e-02 4.124828800559043884e-02 1.923223026096820831e-03 4.930945113301277161e-02 4.746197536587715149e-02 7.275976706296205521e-03 1.411416847258806229e-02 4.735888540744781494e-02 6.480226665735244751e-02 3.758740052580833435e-02 2.410204336047172546e-02 2.903413213789463043e-02 2.634196355938911438e-02 5.484084412455558777e-02 3.059512469917535782e-03 1.604213565587997437e-02 3.786344826221466064e-02 2.111290208995342255e-02 8.737955987453460693e-02 5.093023926019668579e-02 3.408506140112876892e-02 5.829055234789848328e-02 5.412971600890159607e-02 3.439158573746681213e-02 3.141804039478302002e-02
3.780192136764526367e-02 4.942961037158966064e-02 1.264152862131595612e-02 7.541973888874053955e-02 5.545240361243486404e-03 1.575196348130702972e-02 2.810906432569026947e-02 9.072083234786987305e-02 2.911513485014438629e-02 3.280865773558616638e-02 4.689265787601470947e-02 6.195024400949478149e-02 2.507383376359939575e-02 5.408637225627899170e-02 1.850626664236187935e-03 9.745344519615173340e-03 5.163557082414627075e-02 1.046588197350502014e-01 6.632698327302932739e-02 2.517956122756004333e-02 5.878733005374670029e-03 3.582239151000976562e-02 6.241330876946449280e-03 4.178842157125473022e-02 1.703972183167934418e-02 1.442461740225553513e-02 6.825543940067291260e-03 5.051281303167343140e-02 3.689732030034065247e-02 1.030018273741006851e-02 5.875809118151664734e-03 5.222649127244949341e-02 4.115756973624229431e-02 6.316100060939788818e-02 8.373760618269443512e-03 4.261262714862823486e-02 4.061545804142951965e-02 4.709309432655572891e-03 4.510946944355964661e-02 4.353251680731773376e-02 7.291862741112709045e-03 2.371488139033317566e-02 1.934949308633804321e-02 3.994905576109886169e-02 4.483237490057945251e-02 1.614814996719360352e-02 3.054630756378173828e-02 3.443373367190361023e-02 5.290671437978744507e-02 3.274570032954216003e-02 3.798817098140716553e-02 5.045041814446449280e-02 5.445893853902816772e-02 3.044379642233252525e-03 4.651842266321182251e-02 7.681679911911487579e-03 4.110423382371664047e-03 2.597960084676742554e-02 4.763135686516761780e-02 3.258173167705535889e-02 2.611775510013103485e-02 2.201843075454235077e-02 6.599190086126327515e-02 5.009048059582710266e-02 7.568994909524917603e-02 5.712469294667243958e-02 5.422069877386093140e-02 2.137151174247264862e-02 2.378469519317150116e-02 2.197717316448688507e-03 9.341442026197910309e-03 7.916092872619628906e-03 5.249161273241043091e-02 1.588385924696922302e-02 9.362165816128253937e-03 1.477592904120683670e-02 8.899183571338653564e-02 3.347993269562721252e-02 2.736964635550975800e-02 1.933106966316699982e-02 2.685820460319519043e-01 2.022063434123992920e-01 4.672970622777938843e-02 1.100327167659997940e-02 2.148511819541454315e-02 8.837518282234668732e-03 1.551428586244583130e-01 4.529656842350959778e-02 4.135405272245407104e-02 2.955889888107776642e-02 2.367512136697769165e-02 6.405116617679595947e-02 1.230479218065738678e-02 6.761439610272645950e-03 5.891597364097833633e-03 7.405377179384231567e-02 2.141223661601543427e-02 2.070624567568302155e-02 2.046009525656700134e-02 1.968142017722129822e-02 4.461412131786346436e-02 5.232157185673713684e-03 1.458552549593150616e-03 9.575067088007926941e-03 5.874080210924148560e-02 4.044029489159584045e-02 8.143603056669235229e-02 3.719859197735786438e-02 7.791998982429504395e-02 5.540261045098304749e-03 6.106830388307571411e-02 6.556044332683086395e-03 1.414463482797145844e-02 1.417598873376846313e-02 1.319121103733778000e-02 3.931174520403146744e-03
4.245081916451454163e-02 2.722232602536678314e-02 4.751000553369522095e-02 1.170242577791213989e-02 7.375480607151985168e-03 7.900758087635040283e-02 3.380047157406806946e-02 2.911513485014438629e-02 1.260763406753540039e-01 7.136323302984237671e-02 4.555737227201461792e-02 5.958579480648040771e-02 3.418808057904243469e-02 4.378475993871688843e-02 2.165846526622772217e-02 4.430511593818664551e-02 1.871321164071559906e-02 7.043059170246124268e-02 4.521060362458229065e-02 1.093068532645702362e-02 9.638926014304161072e-03 3.772637620568275452e-02 7.026158738881349564e-03 3.786029294133186340e-02 9.685346856713294983e-03 1.589985750615596771e-02 1.746992394328117371e-02 2.078166417777538300e-02 3.356240317225456238e-02 4.826696589589118958e-02 3.564475104212760925e-02 9.776559658348560333e-03 6.377029418945312500e-02 2.478945814073085785e-02 3.034690581262111664e-02 1.071477122604846954e-02 1.056275144219398499e-02 4.788468405604362488e-02 1.857482083141803741e-02 3.819637745618820190e-02 2.052154159173369408e-03 5.327207501977682114e-03 6.027951091527938843e-02 6.169233238324522972e-04 1.609566854313015938e-03 8.122394792735576630e-03 1.537603605538606644e-02 8.477564901113510132e-03 5.010345205664634705e-02 2.476493082940578461e-02 2.910336013883352280e-03 3.410710394382476807e-02 3.780625015497207642e-02 3.731969371438026428e-02 2.230251394212245941e-02 4.387038201093673706e-02 4.861628264188766479e-02 1.929466379806399345e-04 4.641549289226531982e-02 3.407009318470954895e-02 1.066918671131134033e-02 1.701813563704490662e-02 5.314429849386215210e-02 5.740985274314880371e-03 5.916329845786094666e-02 7.842776179313659668e-02 2.714749053120613098e-02 9.331460110843181610e-03 2.159324288368225098e-02 4.399449750781059265e-02 9.841940365731716156e-03 3.945931047201156616e-02 5.272382870316505432e-03 4.083424434065818787e-02 3.225667402148246765e-02 1.166614890098571777e-02 1.370481252670288086e-01 3.315413370728492737e-02 1.158663406968116760e-01 8.796311169862747192e-02 1.597267761826515198e-02 4.275645315647125244e-02 7.227981835603713989e-02 8.643184602260589600e-02 1.681680232286453247e-02 2.266863547265529633e-02 9.181237779557704926e-03 8.782153599895536900e-06 4.324979148805141449e-03 4.479463025927543640e-02 3.016215749084949493e-02 2.929208241403102875e-02 2.298245206475257874e-02 3.637357056140899658e-02 3.760048747062683105e-02 2.923440188169479370e-02 6.051410455256700516e-03 2.031865715980529785e-02 7.098437845706939697e-02 2.973500522784888744e-04 6.291417032480239868e-02 7.220177445560693741e-03 1.121513824909925461e-02 6.868610531091690063e-02 5.351525172591209412e-02 6.549653410911560059e-02 1.870175078511238098e-02 3.723123669624328613e-02 4.309576004743576050e-03 4.443561285734176636e-02 4.279596731066703796e-02 1.095797121524810791e-02 3.966461122035980225e-02 5.195520445704460144e-02 5.295534618198871613e-03 4.493071511387825012e-02
4.484505951404571533e-02 4.085850715637207031e-02 1.073994394391775131e-02 3.929847478866577148e-02 4.451694339513778687e-02 1.145065426826477051e-01 5.799423530697822571e-02 3.280865773558616638e-02 7.136323302984237671e-02 1.171382069587707520e-01 1.089916843920946121e-02 5.294397100806236267e-02 4.160282015800476074e-02 7.270374894142150879e-02 4.469616338610649109e-02 4.647598043084144592e-02 3.054263256490230560e-02 6.794634461402893066e-02 4.414936527609825134e-02 5.912322085350751877e-03 2.590274624526500702e-02 2.165430784225463867e-02 3.155088052153587341e-02 7.898592948913574219e-02 1.247475203126668930e-02 1.427989918738603592e-02 9.089946001768112183e-02 2.790572680532932281e-02 2.616121806204319000e-02 4.600307345390319824e-02 4.945502802729606628e-02 8.502065390348434448e-02 2.069996669888496399e-03 6.406703591346740723e-02 6.041927263140678406e-03 6.076872348785400391e-02 2.535972371697425842e-02 8.621765673160552979e-02 2.377616614103317261e-02 2.508812956511974335e-02 7.406868040561676025e-03 6.399504840373992920e-02 1.914883404970169067e-02 2.157822623848915100e-02 4.711740463972091675e-02 4.811826720833778381e-02 6.312286853790283203e-02 7.124823331832885742e-02 3.345359489321708679e-02 2.790133655071258545e-02 3.579311072826385498e-02 1.282356563024222851e-03 7.430376857519149780e-02 2.550753764808177948e-02 2.596102282404899597e-02 6.583842635154724121e-02 9.954515844583511353e-02 4.763359576463699341e-02 4.186176881194114685e-02 7.410466670989990234e-02 4.966023936867713928e-02 8.496168884448707104e-04 7.848031818866729736e-02 7.189367432147264481e-03 3.526403009891510010e-02 7.211802899837493896e-02 5.779601633548736572e-02 5.790081620216369629e-02 3.266519308090209961e-02 7.436665147542953491e-02 4.796043410897254944e-02 1.649320125579833984e-02 2.365509979426860809e-02 5.343336239457130432e-02 5.551472306251525879e-02 2.087304927408695221e-02 1.100929919630289078e-02 1.342507451772689819e-01 6.643361598253250122e-02 6.635766476392745972e-02 1.266343612223863602e-02 1.205722093582153320e-01 6.332416832447052002e-02 3.145775943994522095e-02 2.834535762667655945e-02 2.438692189753055573e-02 3.648260608315467834e-02 1.665517687797546387e-02 6.328605860471725464e-02 3.904191032052040100e-02 1.707351300865411758e-03 8.517234586179256439e-03 3.953487053513526917e-02 2.525346539914608002e-02 3.061425872147083282e-02 3.179201483726501465e-02 7.234792411327362061e-02 9.075163304805755615e-02 6.062795221805572510e-02 1.188966333866119385e-01 1.714011467993259430e-02 5.321722850203514099e-02 3.186998888850212097e-02 9.291439503431320190e-02 7.178264111280441284e-02 8.565834723412990570e-03 5.406982079148292542e-02 2.931471355259418488e-02 5.841981619596481323e-03 3.780538588762283325e-02 7.834460586309432983e-02 1.328954249620437622e-01 6.455185264348983765e-02 5.312686786055564880e-03 9.864270687103271484e-03 4.063839837908744812e-02
9.087417274713516235e-02 8.417229354381561279e-02 3.583324328064918518e-02 9.040862321853637695e-03 1.431594975292682648e-02 1.213078796863555908e-01 6.955283135175704956e-02 4.689265787601470947e-02 4.555737227201461792e-02 1.089916843920946121e-02 1.129766330122947693e-01 2.911449596285820007e-02 8.980817347764968872e-02 5.174561589956283569e-02 4.350658506155014038e-03 5.002213642001152039e-02 5.194179713726043701e-02 6.239007040858268738e-02 2.444277890026569366e-02 2.216531150043010712e-02 1.002770755439996719e-02 3.826189413666725159e-02 1.631967723369598389e-02 2.709268592298030853e-02 1.153101492673158646e-02 1.650434546172618866e-02 9.634150192141532898e-03 2.357815537834540009e-04 3.016433678567409515e-02 1.279949955642223358e-02 2.539784833788871765e-02 1.117488555610179901e-02 1.872469112277030945e-02 2.188438549637794495e-03 1.129687065258622169e-03 3.912358731031417847e-02 5.638261511921882629e-02 1.561359968036413193e-02 1.637957245111465454e-02 1.460260711610317230e-02 1.678285188972949982e-03 5.066752806305885315e-02 1.278725918382406235e-02 1.310319639742374420e-02 3.072107210755348206e-02 9.587456472218036652e-03 2.248420007526874542e-02 2.419019490480422974e-02 1.778262853622436523e-02 2.288632094860076904e-02 2.796577103435993195e-02 3.123201057314872742e-02 1.228335686028003693e-02 1.948634744621813297e-03 5.283686146140098572e-02 3.259685635566711426e-02 2.458691038191318512e-02 1.403291244059801102e-02 6.144020706415176392e-02 3.299287706613540649e-02 7.898304611444473267e-03 3.702861070632934570e-02 4.108284786343574524e-02 2.202009782195091248e-02 1.348792575299739838e-03 2.879561297595500946e-02 2.486880868673324585e-02 2.911798097193241119e-02 2.967562526464462280e-02 9.170837700366973877e-03 4.043304175138473511e-02 2.946420386433601379e-02 1.645789481699466705e-02 1.997199840843677521e-02 2.978218253701925278e-03 4.510295391082763672e-02 8.164394646883010864e-03 5.153336375951766968e-02 5.286431685090065002e-02 5.076396744698286057e-03 1.985972933471202850e-02 1.115862559527158737e-02 4.577970504760742188e-02 4.918665438890457153e-02 3.720736596733331680e-03 2.909321337938308716e-02 4.479938070289790630e-04 2.601986052468419075e-03 5.149893090128898621e-02 2.720119990408420563e-02 5.382280051708221436e-02 2.625842392444610596e-02 1.899874955415725708e-02 2.237743511795997620e-02 1.321836467832326889e-02 3.070661984384059906e-02 5.679983296431601048e-04 1.470334734767675400e-02 1.750825904309749603e-02 6.981701124459505081e-03 6.286018993705511093e-03 8.274088613688945770e-03 2.279974147677421570e-02 7.292697578668594360e-02 1.945906504988670349e-02 4.805831704288721085e-03 6.790086627006530762e-03 4.373414441943168640e-02 7.778856903314590454e-02 4.274525493383407593e-02 2.538272365927696228e-02 3.273413702845573425e-02 5.837588384747505188e-02 1.180549059063196182e-02 4.586302489042282104e-02 1.026893313974142075e-02
2.379260212182998657e-02 1.966752856969833374e-02 1.133888494223356247e-03 2.197268046438694000e-02 2.621821314096450806e-02 1.010339148342609406e-02 6.003770977258682251e-02 6.195024400949478149e-02 5.958579480648040771e-02 5.294397100806236267e-02 2.911449596285820007e-02 1.287203580141067505e-01 2.732231840491294861e-02 1.199497058987617493e-01 3.339806571602821350e-02 4.804582893848419189e-02 4.610064253211021423e-02 3.638414666056632996e-02 1.212302036583423615e-02 2.991132810711860657e-02 4.854179918766021729e-02 9.234461002051830292e-03 6.153191253542900085e-02 6.842777132987976074e-02 1.655957289040088654e-02 7.220378611236810684e-03 4.208114743232727051e-02 1.680417731404304504e-02 1.507042092271149158e-03 3.952838480472564697e-02 1.450510509312152863e-02 2.722959592938423157e-02 5.064872652292251587e-02 3.536054631695151329e-03 3.102269768714904785e-02 1.667575561441481113e-03 4.759695846587419510e-03 1.708208397030830383e-02 1.017478667199611664e-02 1.468597911298274994e-02 3.866928443312644958e-02 4.242448136210441589e-02 8.167699910700321198e-03 4.932033643126487732e-02 1.654232107102870941e-02 4.296570271253585815e-02 2.133878506720066071e-02 4.207447171211242676e-02 1.626815460622310638e-02 2.472187206149101257e-02 5.114407464861869812e-02 3.110442683100700378e-02 4.139522463083267212e-02 1.178242266178131104e-02 3.455498814582824707e-02 1.703260466456413269e-02 3.885409235954284668e-02 3.611937165260314941e-02 7.712776213884353638e-02 5.205973610281944275e-02 7.721303845755755901e-04 1.425096392631530762e-02 2.542554587125778198e-02 3.145992755889892578e-02 2.475948259234428406e-02 1.279983203858137131e-03 1.544054504483938217e-02 3.829835215583443642e-03 2.522111684083938599e-02 1.168874092400074005e-03 1.403333712369203568e-02 2.499544061720371246e-02 4.291828349232673645e-02 4.587025195360183716e-02 5.177725851535797119e-02 1.908824406564235687e-02 5.665978416800498962e-02 8.939548581838607788e-02 1.254927087575197220e-02 9.404304437339305878e-03 2.332425862550735474e-02 5.588531121611595154e-02 2.741472423076629639e-02 3.777610138058662415e-02 1.258133444935083389e-02 7.583889178931713104e-03 2.062401035800576210e-03 5.040493980050086975e-02 7.299347221851348877e-02 8.939169347286224365e-02 9.327554143965244293e-04 3.515374148264527321e-03 4.876167699694633484e-02 1.568413339555263519e-02 5.476643517613410950e-02 2.636506687849760056e-03 2.243118826299905777e-03 3.332302346825599670e-02 2.156502194702625275e-02 6.602800637483596802e-02 4.609996080398559570e-02 1.446960680186748505e-02 8.118452504277229309e-03 3.435713425278663635e-02 1.641553826630115509e-03 5.878786090761423111e-03 1.879155449569225311e-02 8.532161265611648560e-02 4.469388723373413086e-02 4.315054789185523987e-02 4.041333124041557312e-02 1.509467419236898422e-02 3.535200655460357666e-02 1.299310824833810329e-04 1.187803037464618683e-02 2.027628012001514435e-02
7.596996426582336426e-02 8.864306658506393433e-02 3.756557032465934753e-02 2.457608934491872787e-03 2.726040547713637352e-03 1.141611188650131226e-01 1.067322790622711182e-01 2.507383376359939575e-02 3.418808057904243469e-02 4.160282015800476074e-02 8.980817347764968872e-02 2.732231840491294861e-02 1.530790627002716064e-01 4.594312235713005066e-02 3.360543772578239441e-02 3.702720254659652710e-02 3.801090270280838013e-02 3.858187422156333923e-02 3.121872060000896454e-02 3.641870245337486267e-02 2.475882135331630707e-02 6.804217398166656494e-02 2.123413048684597015e-02 2.286339923739433289e-02 1.411927025765180588e-02 5.091883242130279541e-02 2.873553428798913956e-03 2.215373702347278595e-02 3.635137341916561127e-03 1.760781370103359222e-02 3.678292408585548401e-02 2.891717292368412018e-02 2.469803020358085632e-02 1.232772320508956909e-02 2.422296628355979919e-02 4.777064174413681030e-02 5.295988917350769043e-02 3.552950173616409302e-02 2.979429066181182861e-02 5.195451434701681137e-03 6.434067152440547943e-03 3.204439952969551086e-02 1.448301970958709717e-02 2.033944008871912956e-03 3.852313011884689331e-02 5.072353780269622803e-02 5.024887621402740479e-02 7.398420572280883789e-02 9.895020723342895508e-02 3.700236603617668152e-02 4.531443119049072266e-02 1.659503206610679626e-02 4.448953643441200256e-02 2.780654840171337128e-02 8.087172359228134155e-02 1.838536374270915985e-02 6.707619875669479370e-02 1.510272640734910965e-02 9.877569042146205902e-03 4.964065924286842346e-02 3.320301324129104614e-02 6.038099527359008789e-03 3.960932046175003052e-02 5.832290742546319962e-03 3.275611996650695801e-02 1.115501597523689270e-01 2.666014060378074646e-02 4.914590972475707531e-04 2.128482563421130180e-03 4.380053654313087463e-02 2.097408287227153778e-02 5.040805414319038391e-02 3.911263123154640198e-02 4.221267253160476685e-02 1.769035309553146362e-02 6.080512329936027527e-02 1.555884536355733871e-02 3.006427735090255737e-02 8.905360102653503418e-02 1.507775112986564636e-02 2.470803633332252502e-02 1.486707944422960281e-02 1.628154329955577850e-02 2.400643564760684967e-02 1.032728701829910278e-02 2.414587698876857758e-02 3.830168023705482483e-02 1.304690819233655930e-02 4.802596941590309143e-02 4.610734432935714722e-02 3.967650979757308960e-02 1.707145012915134430e-02 8.541670627892017365e-03 2.197966910898685455e-02 3.527469560503959656e-02 6.444779783487319946e-02 5.664184223860502243e-03 4.014935344457626343e-02 5.573868378996849060e-02 4.986917227506637573e-02 3.903592005372047424e-02 9.540555998682975769e-03 2.853347174823284149e-02 5.581414327025413513e-02 2.393563278019428253e-02 8.169903419911861420e-03 1.079644076526165009e-03 5.814971402287483215e-02 4.916677996516227722e-02 2.633958309888839722e-02 2.318201959133148193e-02 1.806919835507869720e-02 5.771400034427642822e-02 5.225191637873649597e-02 1.255191210657358170e-02 4.446685314178466797e-02
