1.159975752234458923e-01 9.124887734651565552e-02 7.008375972509384155e-02 2.353815361857414246e-02 2.131825126707553864e-02 6.510668247938156128e-02 3.582130372524261475e-02 4.230850934982299805e-02 1.146965380758047104e-02 2.284452086314558983e-03 5.253584310412406921e-02 3.982790187001228333e-02 3.846890106797218323e-02 4.841447249054908752e-02 1.452457159757614136e-03 3.142335265874862671e-02 3.614575415849685669e-02 1.953002624213695526e-02 4.098605364561080933e-02 4.465876519680023193e-02 1.784893311560153961e-02 3.756482899188995361e-02 2.458368055522441864e-02 1.724638789892196655e-02 4.787667840719223022e-02 4.416514933109283447e-02 1.416737399995326996e-02 2.492144145071506500e-02 1.427470054477453232e-02 1.524265017360448837e-02 4.296874254941940308e-02 4.492432344704866409e-03 2.117628604173660278e-02 1.777940778993070126e-03 2.193792723119258881e-03 1.893207617104053497e-02 1.230912189930677414e-02 3.614438325166702271e-02 1.791177503764629364e-02 2.046258002519607544e-02 2.033654786646366119e-02 1.789520727470517159e-03 1.652930513955652714e-03 3.443361818790435791e-02 3.768674284219741821e-02 4.567873105406761169e-02 6.092382222414016724e-02 9.591401554644107819e-03 2.495347708463668823e-02 2.159490808844566345e-02 7.409140467643737793e-03 6.363805849105119705e-03 3.042005188763141632e-02 2.841642498970031738e-02 7.563184481114149094e-03 5.638739839196205139e-02 2.695588394999504089e-02 5.275496467947959900e-02 2.493936382234096527e-02 2.291260100901126862e-02 1.477030687965452671e-03 9.325188584625720978e-04 5.564659461379051208e-02 3.557740151882171631e-02 2.785146981477737427e-02 2.526251412928104401e-02 1.229589525610208511e-02 1.371730677783489227e-02 8.512675762176513672e-03 5.483938846737146378e-03 2.938955463469028473e-02 3.668965399265289307e-02 5.385719984769821167e-02 2.148966677486896515e-02 6.348061561584472656e-02 3.006568644195795059e-03 8.294117636978626251e-03 2.922618947923183441e-02 6.992056220769882202e-02 4.203633219003677368e-02 4.483950138092041016e-02 3.828042745590209961e-02 3.529145568609237671e-02 1.028879359364509583e-02 2.347409172216430306e-04 1.170295756310224533e-02 1.538171549327671528e-03 6.144193466752767563e-03 1.829160191118717194e-02 3.164242208003997803e-02 8.650606870651245117e-02 1.549194846302270889e-02 5.268792808055877686e-02 1.335910707712173462e-02 5.122738424688577652e-03 1.953810825943946838e-02 1.613933243788778782e-03 1.803233101963996887e-02 1.354995649307966232e-02 1.156836468726396561e-02 1.062679756432771683e-02 1.965989172458648682e-02 5.048393085598945618e-02 3.907116129994392395e-02 4.148294404149055481e-02 3.665932221338152885e-03 3.569139540195465088e-02 3.338678926229476929e-02 2.454857341945171356e-02 2.180180884897708893e-02 6.594851147383451462e-03 2.036932855844497681e-02 3.701239451766014099e-02 2.503554336726665497e-02 3.086283802986145020e-03 3.265536203980445862e-02
9.124887734651565552e-02 9.893400222063064575e-02 1.837689615786075592e-02 2.209106646478176117e-02 7.949847728013992310e-03 1.227022260427474976e-01 4.825465753674507141e-02 8.673376403748989105e-03 5.368068814277648926e-03 2.599051035940647125e-02 2.127189422026276588e-03 2.060050517320632935e-02 6.287614256143569946e-02 4.216411709785461426e-02 1.176291890442371368e-02 1.655803807079792023e-02 1.213383581489324570e-02 1.725490763783454895e-02 1.981221139430999756e-02 2.350774593651294708e-03 1.860064268112182617e-02 6.351439654827117920e-02 1.167285349220037460e-02 2.054199390113353729e-02 5.589672550559043884e-02 5.631133913993835449e-02 3.680122643709182739e-02 6.984223145991563797e-03 5.667358636856079102e-02 1.325615122914314270e-02 8.177024871110916138e-02 8.570749312639236450e-03 7.818223908543586731e-03 4.629238683264702559e-04 1.025948394089937210e-02 5.283707287162542343e-03 4.171495512127876282e-02 3.634605556726455688e-03 6.734094768762588501e-02 1.459889393299818039e-02 5.042022094130516052e-02 7.673843204975128174e-02 1.756209693849086761e-02 5.438970401883125305e-02 5.137239769101142883e-02 2.309677563607692719e-02 8.260280638933181763e-02 1.560180261731147766e-02 1.984791271388530731e-02 3.823255002498626709e-02 3.439979255199432373e-02 4.999317601323127747e-02 2.336881868541240692e-02 3.199837356805801392e-02 6.545835733413696289e-02 1.181040108203887939e-01 3.851118311285972595e-02 1.490749139338731766e-02 9.926725178956985474e-03 7.840391248464584351e-02 1.669557951390743256e-02 2.038818970322608948e-02 8.089598268270492554e-02 4.815442860126495361e-02 3.728466399479657412e-04 6.355268508195877075e-02 3.792031668126583099e-03 1.404527458362281322e-03 3.211245057173073292e-04 5.344498530030250549e-02 2.824016101658344269e-02 6.123238801956176758e-02 2.688558027148246765e-02 4.145774617791175842e-02 1.927127502858638763e-02 4.569505900144577026e-02 2.745709568262100220e-02 4.292295500636100769e-02 1.562326494604349136e-02 5.681222770363092422e-03 1.104836910963058472e-02 3.041264135390520096e-03 3.522894904017448425e-02 7.346925884485244751e-02 2.021857164800167084e-02 2.240314893424510956e-02 3.338258340954780579e-02 3.205183148384094238e-02 5.531677231192588806e-02 1.098791416734457016e-02 2.537424117326736450e-02 4.465655237436294556e-02 2.442674152553081512e-02 2.498060837388038635e-02 3.915734961628913879e-02 3.312010318040847778e-02 1.137879397720098495e-02 4.278536420315504074e-03 1.688505336642265320e-02 5.050435662269592285e-02 9.193087927997112274e-03 4.071541503071784973e-02 4.347821697592735291e-03 1.266935188323259354e-02 8.099745027720928192e-03 7.823755033314228058e-03 3.506191819906234741e-02 4.399718344211578369e-02 4.005045443773269653e-02 2.107610180974006653e-02 1.120581012219190598e-02 3.892471641302108765e-02 7.845026254653930664e-02 3.718366846442222595e-02 1.296165771782398224e-02 2.265608683228492737e-02
7.008375972509384155e-02 1.837689615786075592e-02 2.298777848482131958e-01 5.452489480376243591e-02 1.305363476276397705e-01 2.897462435066699982e-02 2.360529080033302307e-02 3.915152847766876221e-01 1.689980365335941315e-02 9.402507916092872620e-03 2.223741449415683746e-02 2.565154619514942169e-02 7.818069570930674672e-05 1.436056010425090790e-02 1.972867175936698914e-02 1.287436811253428459e-03 5.197829101234674454e-03 3.477125614881515503e-02 6.485527753829956055e-02 1.468755304813385010e-03 6.197817623615264893e-02 1.620940677821636200e-02 4.147351137362420559e-05 3.958784416317939758e-02 3.358553722500801086e-02 3.348151966929435730e-02 5.841838195919990540e-02 3.882625140249729156e-03 3.096328862011432648e-02 2.184111811220645905e-02 2.380850724875926971e-02 5.943983327597379684e-03 6.136272568255662918e-03 2.283177338540554047e-02 1.438550744205713272e-02 1.371987629681825638e-02 3.110475465655326843e-02 1.463578175753355026e-02 1.140267588198184967e-02 2.060168609023094177e-02 6.917622685432434082e-02 1.331390906125307083e-02 4.081271216273307800e-02 2.831233143806457520e-01 3.889174386858940125e-02 7.292800117284059525e-03 1.010913774371147156e-02 1.207607798278331757e-02 2.062672935426235199e-02 7.671139389276504517e-02 6.257297098636627197e-02 2.465710230171680450e-02 2.822013339027762413e-03 4.762471094727516174e-02 4.583961330354213715e-03 9.923677146434783936e-02 5.657128989696502686e-03 3.292525187134742737e-02 4.703015554696321487e-03 2.501461282372474670e-02 2.529885619878768921e-02 4.449838027358055115e-02 1.864587701857089996e-02 4.256386309862136841e-03 2.859678491950035095e-02 5.599287152290344238e-02 2.056487090885639191e-02 4.013453423976898193e-02 2.074049040675163269e-02 6.781850475817918777e-03 1.018331199884414673e-02 5.765235796570777893e-02 3.280190285295248032e-03 2.828875556588172913e-02 9.493274614214897156e-03 3.178772330284118652e-02 1.717599108815193176e-03 8.223918266594409943e-04 1.206695288419723511e-02 4.033567383885383606e-02 3.553929328918457031e-01 1.141435429453849792e-01 1.111839991062879562e-02 4.851272702217102051e-02 8.646828122437000275e-03 2.076303586363792419e-02 1.047711223363876343e-01 4.435979947447776794e-02 1.520317792892456055e-02 4.199094325304031372e-02 2.800526283681392670e-02 1.188152562826871872e-02 4.322375357151031494e-02 3.353606164455413818e-02 1.539957430213689804e-02 3.865666687488555908e-02 9.917830117046833038e-03 2.845991775393486023e-02 7.708825432928279042e-05 6.663417443633079529e-04 1.639481517486274242e-03 3.165654093027114868e-02 2.840175852179527283e-02 5.008318647742271423e-02 9.056922281160950661e-04 3.819243609905242920e-02 1.653889007866382599e-02 1.963061280548572540e-02 2.044957689940929413e-02 4.566749185323715210e-02 5.830246023833751678e-03 2.595835831016302109e-03 5.887777078896760941e-03 3.212995082139968872e-02 6.107962504029273987e-02 5.866681411862373352e-02
2.353815361857414246e-02 2.209106646478176117e-02 5.452489480376243591e-02 1.831670254468917847e-01 2.643184959888458252e-01 2.133180573582649231e-02 1.350578386336565018e-02 3.954873606562614441e-02 5.724206939339637756e-02 7.419140636920928955e-02 2.188469097018241882e-02 2.093731192871928215e-03 4.467513784766197205e-02 1.277482509613037109e-02 1.547419652342796326e-02 4.677557572722434998e-02 5.581028014421463013e-02 4.678362980484962463e-02 6.948363780975341797e-02 3.965272009372711182e-02 2.176780812442302704e-02 1.226425170898437500e-02 2.819752320647239685e-02 9.695107489824295044e-02 7.414799183607101440e-03 1.810616068542003632e-02 2.342695929110050201e-02 8.281380683183670044e-02 2.240880206227302551e-02 1.815588399767875671e-02 3.437506407499313354e-02 5.151670053601264954e-02 3.087660111486911774e-02 4.569604247808456421e-02 6.745496392250061035e-02 4.362049698829650879e-02 2.223636955022811890e-02 2.113394811749458313e-02 1.571171283721923828e-01 4.258898086845874786e-03 4.183658957481384277e-02 6.913650780916213989e-02 5.234697088599205017e-02 9.568496025167405605e-04 6.992115080356597900e-02 5.331609770655632019e-02 7.518117129802703857e-02 2.708328701555728912e-02 4.242635890841484070e-02 1.133875921368598938e-02 1.144964620471000671e-01 8.382979780435562134e-03 3.626602888107299805e-02 5.020474269986152649e-02 5.727451667189598083e-02 3.536863625049591064e-02 4.645123705267906189e-02 3.475737944245338440e-02 2.405891939997673035e-02 1.468614768236875534e-02 3.936882317066192627e-02 6.413608789443969727e-02 1.396256685256958008e-01 1.333630830049514771e-02 1.977571099996566772e-02 2.930541150271892548e-02 2.620683237910270691e-02 5.984104424715042114e-02 6.359398365020751953e-02 3.332095593214035034e-02 6.992089003324508667e-02 2.592325210571289062e-02 2.742368280887603760e-01 1.446679513901472092e-02 2.692688405513763428e-01 4.507527872920036316e-02 4.265847429633140564e-02 7.798779755830764771e-02 2.789435721933841705e-02 3.758843243122100830e-02 1.885011792182922363e-03 1.656757853925228119e-02 1.120901331305503845e-01 6.100665032863616943e-02 9.151027770712971687e-04 5.367729440331459045e-02 3.790721297264099121e-02 2.252557873725891113e-02 3.864234313368797302e-02 7.302803546190261841e-02 2.753173932433128357e-03 1.072232890874147415e-02 4.157522693276405334e-02 4.871907457709312439e-02 7.115575950592756271e-03 2.520779892802238464e-02 4.476894810795783997e-02 1.272035110741853714e-02 4.845596104860305786e-02 3.470381721854209900e-02 1.149158850312232971e-01 5.907931178808212280e-02 1.167862582951784134e-02 3.027396462857723236e-02 3.833674639463424683e-02 3.004769049584865570e-02 2.059887163341045380e-03 7.230660878121852875e-03 5.323680862784385681e-02 5.741405766457319260e-03 2.402495220303535461e-02 3.698635101318359375e-02 2.795011736452579498e-02 2.917316555976867676e-02 5.691165849566459656e-02 1.670064963400363922e-02
2.131825126707553864e-02 7.949847728013992310e-03 1.305363476276397705e-01 2.643184959888458252e-01 1.680439859628677368e-01 1.042359322309494019e-02 2.133568935096263885e-02 6.017220020294189453e-02 4.184321686625480652e-02 2.112291008234024048e-02 5.669864476658403873e-04 1.030443143099546432e-02 1.707704551517963409e-02 4.826096817851066589e-03 1.658776029944419861e-02 3.737803176045417786e-02 4.385992512106895447e-02 3.038909658789634705e-02 1.568114608526229858e-01 2.392418868839740753e-02 6.499712914228439331e-02 2.658500708639621735e-02 3.572932630777359009e-02 2.488048374652862549e-02 4.289175383746623993e-03 3.450872376561164856e-02 3.805196657776832581e-02 1.759608276188373566e-02 3.871781751513481140e-02 6.476829294115304947e-03 3.222474455833435059e-02 2.548801898956298828e-02 4.543963074684143066e-02 8.316932618618011475e-02 2.548039425164461136e-03 2.524930459912866354e-04 2.110979333519935608e-02 6.173849105834960938e-03 1.013824623078107834e-02 1.034737154841423035e-01 1.758799515664577484e-02 6.061707437038421631e-02 3.559508547186851501e-02 6.828530877828598022e-02 6.534110289067029953e-04 1.691031269729137421e-02 1.884811441414058208e-03 3.331179171800613403e-02 1.318277604877948761e-02 2.264180779457092285e-02 6.747533380985260010e-02 4.505776241421699524e-02 4.455338418483734131e-02 2.811549603939056396e-02 3.140442445874214172e-02 5.715206265449523926e-02 1.120799407362937927e-02 9.033133275806903839e-03 1.002751011401414871e-02 1.457066461443901062e-02 1.064462866634130478e-02 6.634410470724105835e-02 7.205490022897720337e-02 9.349224157631397247e-03 1.365426462143659592e-02 3.111257031559944153e-02 5.243033170700073242e-02 7.957058027386665344e-03 3.373314067721366882e-02 4.426941648125648499e-02 6.270537525415420532e-02 3.105473332107067108e-02 1.410815119743347168e-02 3.913750126957893372e-02 2.515651881694793701e-01 4.145585373044013977e-02 1.731056347489356995e-02 5.378245562314987183e-02 5.126742180436849594e-04 9.122887998819351196e-02 3.319828957319259644e-02 4.103114828467369080e-02 7.859258353710174561e-02 2.679357826709747314e-01 5.993285775184631348e-02 1.063865348696708679e-01 2.642039954662322998e-02 1.591171487234532833e-03 1.456123124808073044e-02 5.611331388354301453e-02 2.656674757599830627e-02 2.617315575480461121e-02 2.976442500948905945e-02 8.702158927917480469e-03 1.580212078988552094e-02 3.500540181994438171e-02 1.920268125832080841e-02 2.623161673545837402e-02 3.391114994883537292e-02 1.012561027891933918e-03 2.212806046009063721e-02 2.012948691844940186e-02 3.249749774113297462e-03 4.150209203362464905e-02 1.498752459883689880e-02 2.561512403190135956e-02 8.427205681800842285e-02 3.985962271690368652e-02 6.623270455747842789e-03 2.398019284009933472e-02 3.133786842226982117e-02 3.402175009250640869e-02 1.716360449790954590e-02 1.174704357981681824e-02 1.331152021884918213e-02 7.343423552811145782e-03
6.510668247938156128e-02 1.227022260427474976e-01 2.897462435066699982e-02 2.133180573582649231e-02 1.042359322309494019e-02 1.200303882360458374e-01 1.613920778036117554e-01 4.146943613886833191e-02 3.257444128394126892e-02 6.150491535663604736e-04 2.838462777435779572e-02 5.554636195302009583e-02 2.506866864860057831e-02 4.693698137998580933e-02 2.408044785261154175e-02 1.803631708025932312e-02 5.103257950395345688e-03 7.254976779222488403e-03 4.844467155635356903e-03 1.583782583475112915e-02 4.976217169314622879e-03 2.068181056529283524e-03 3.445285186171531677e-02 4.627363756299018860e-02 2.234864793717861176e-02 3.252809122204780579e-02 1.061430200934410095e-03 5.604738369584083557e-02 3.315890906378626823e-03 5.488882586359977722e-02 4.631776735186576843e-02 2.544691041111946106e-02 1.521548721939325333e-02 3.175681829452514648e-02 1.845364272594451904e-02 2.388328127562999725e-02 3.576860949397087097e-02 1.517896261066198349e-02 4.339247941970825195e-03 1.111012604087591171e-02 1.850403100252151489e-02 2.030560746788978577e-02 6.793964654207229614e-03 4.282140731811523438e-02 2.831879630684852600e-02 3.746576607227325439e-03 1.032792404294013977e-01 2.434029057621955872e-02 2.181787602603435516e-02 2.930234186351299286e-02 1.477429084479808807e-02 3.692991286516189575e-02 2.870516665279865265e-02 2.439981698989868164e-02 2.458115667104721069e-02 2.212348394095897675e-02 3.001817874610424042e-02 2.506287302821874619e-03 3.958821296691894531e-02 3.434468805789947510e-02 7.419505622237920761e-03 2.843778766691684723e-02 2.839590609073638916e-02 2.245772071182727814e-02 3.125383332371711731e-02 3.653308749198913574e-02 5.180883221328258514e-03 6.037774961441755295e-03 3.239037469029426575e-02 1.250630989670753479e-02 1.530308509245514870e-03 3.286935761570930481e-02 2.324043214321136475e-02 2.207302115857601166e-02 5.791456252336502075e-02 1.426255982369184494e-02 7.072356995195150375e-03 1.081473473459482193e-02 5.883087869733572006e-03 1.785319671034812927e-02 6.547404080629348755e-02 3.466645628213882446e-02 2.960670180618762970e-02 2.769802697002887726e-02 2.438041701680049300e-04 1.029506791383028030e-02 2.717900462448596954e-02 1.181139145046472549e-02 4.677624627947807312e-02 4.684548359364271164e-03 2.787281200289726257e-02 4.267232492566108704e-02 5.787672474980354309e-02 2.057580463588237762e-02 3.539696708321571350e-02 3.814854472875595093e-02 2.797223627567291260e-03 1.171328593045473099e-02 2.157759293913841248e-02 2.659357339143753052e-02 6.554440129548311234e-03 1.144116185605525970e-02 3.146895021200180054e-02 1.169990934431552887e-02 1.293467823415994644e-02 1.093906909227371216e-02 2.215488441288471222e-02 1.970890443772077560e-03 2.750866301357746124e-02 2.311146073043346405e-02 3.468693047761917114e-02 6.762137264013290405e-02 8.254760876297950745e-03 2.813310921192169189e-02 2.973417751491069794e-02 3.929248452186584473e-02
3.582130372524261475e-02 4.825465753674507141e-02 2.360529080033302307e-02 1.350578386336565018e-02 2.133568935096263885e-02 1.613920778036117554e-01 1.285348981618881226e-01 3.536866605281829834e-02 3.791481256484985352e-02 2.425939403474330902e-02 5.192303657531738281e-02 3.700175508856773376e-02 1.457588002085685730e-02 7.123249769210815430e-02 4.748780280351638794e-02 1.038804743438959122e-02 2.631356567144393921e-02 1.351070031523704529e-02 1.273999735713005066e-02 3.075090795755386353e-02 2.035856619477272034e-02 2.652916498482227325e-02 3.593644499778747559e-02 5.874717608094215393e-02 1.538378465920686722e-02 2.360626682639122009e-02 2.155429869890213013e-02 8.735938929021358490e-03 7.343359291553497314e-02 4.739356227219104767e-03 2.088213153183460236e-02 5.100658163428306580e-02 2.977780997753143311e-02 4.368692263960838318e-02 5.816668272018432617e-03 6.288412841968238354e-04 3.149955347180366516e-02 2.992676384747028351e-02 6.990625988692045212e-03 6.621368229389190674e-03 4.113875329494476318e-02 8.798802271485328674e-03 2.834659814834594727e-02 2.427707891911268234e-03 3.312047198414802551e-02 3.645455092191696167e-02 8.343634009361267090e-02 1.215590387582778931e-01 1.459496188908815384e-02 6.144031137228012085e-02 1.612428110092878342e-03 4.536280874162912369e-03 2.426791004836559296e-02 1.179382298141717911e-02 3.844125941395759583e-02 2.990464121103286743e-02 4.886161070317029953e-03 1.339758746325969696e-03 3.309648483991622925e-02 1.889127679169178009e-02 2.032493241131305695e-02 1.978084631264209747e-02 4.243957810103893280e-03 4.646326601505279541e-02 6.960981339216232300e-02 2.323779277503490448e-02 1.148138288408517838e-02 2.488615177571773529e-02 1.278455741703510284e-02 1.056929398328065872e-02 6.804910302162170410e-02 3.445484116673469543e-02 5.655577871948480606e-03 1.850197464227676392e-02 1.663118414580821991e-02 1.677000662311911583e-03 6.891686934977769852e-03 3.596854209899902344e-02 7.335395086556673050e-03 2.693663164973258972e-02 3.644216433167457581e-02 4.752217791974544525e-03 2.525148913264274597e-02 2.914668247103691101e-02 1.281122770160436630e-02 3.378916904330253601e-02 2.321502938866615295e-02 8.401080965995788574e-03 5.282402783632278442e-02 4.535533115267753601e-02 5.993031710386276245e-02 4.906692355871200562e-02 7.950139045715332031e-02 1.369702722877264023e-02 8.494164212606847286e-04 2.654214948415756226e-02 9.793075732886791229e-03 4.203156381845474243e-02 1.690836809575557709e-02 4.655122011899948120e-02 1.513773389160633087e-02 6.548255681991577148e-03 2.002412267029285431e-02 9.798114188015460968e-03 2.401066944003105164e-02 1.050551608204841614e-02 2.570543624460697174e-02 2.843330241739749908e-02 3.197059407830238342e-02 1.308204419910907745e-02 5.459824576973915100e-03 6.642059236764907837e-02 2.804017160087823868e-03 8.427415043115615845e-03 3.236480802297592163e-02 1.416701078414916992e-02
4.230850934982299805e-02 8.673376403748989105e-03 3.915152847766876221e-01 3.954873606562614441e-02 6.017220020294189453e-02 4.146943613886833191e-02 3.536866605281829834e-02 1.954220235347747803e-01 6.557876244187355042e-03 3.230373933911323547e-02 5.232879426330327988e-03 3.340751677751541138e-02 3.349330648779869080e-02 4.165142308920621872e-03 1.205553039908409119e-01 7.280804682523012161e-03 7.774576079100370407e-03 1.344156358391046524e-02 3.641019016504287720e-02 7.957928813993930817e-03 9.125109016895294189e-02 5.095917358994483948e-02 4.378938302397727966e-02 1.808837614953517914e-02 1.226373296231031418e-02 3.992424905300140381e-02 3.916816040873527527e-02 3.486322239041328430e-02 2.966509200632572174e-02 1.664634980261325836e-02 9.032640606164932251e-02 3.959421813488006592e-02 2.847365289926528931e-02 3.421328589320182800e-02 2.444234490394592285e-02 2.602435834705829620e-02 3.531190752983093262e-02 2.385881729423999786e-02 1.164689473807811737e-02 1.148733031004667282e-02 5.056726559996604919e-02 7.968816906213760376e-03 2.172780595719814301e-02 6.927507370710372925e-02 4.643531143665313721e-02 1.994594559073448181e-02 1.527708396315574646e-02 1.469150371849536896e-02 1.014426723122596741e-02 2.864216454327106476e-03 5.106046795845031738e-02 7.115601096302270889e-03 2.133649541065096855e-04 4.425404220819473267e-02 2.140303142368793488e-03 2.457931078970432281e-02 2.183539327234029770e-03 6.930065155029296875e-02 1.278040651232004166e-02 2.447367412969470024e-03 1.306946482509374619e-02 1.420700736343860626e-02 1.022964133881032467e-03 6.301461718976497650e-03 1.753706252202391624e-03 2.604341320693492889e-02 1.295593474060297012e-02 5.580309778451919556e-02 2.412365376949310303e-02 8.764150552451610565e-04 2.484582737088203430e-02 4.908250272274017334e-02 4.078543744981288910e-03 4.114950075745582581e-02 8.131889253854751587e-02 5.402555316686630249e-02 1.084255613386631012e-02 6.360495928674936295e-03 2.408350817859172821e-02 5.512981489300727844e-02 2.450441718101501465e-01 1.318604648113250732e-01 1.210581790655851364e-02 3.647246584296226501e-02 4.941977933049201965e-02 2.992748469114303589e-02 1.334104388952255249e-01 4.268736392259597778e-02 4.168037325143814087e-03 1.096026389859616756e-03 2.384616248309612274e-02 2.615382708609104156e-02 1.575352437794208527e-02 2.063587866723537445e-02 7.403784897178411484e-03 3.825263120234012604e-03 1.966549828648567200e-02 4.526555165648460388e-02 3.440857632085680962e-03 3.078879788517951965e-02 5.524511635303497314e-02 4.325557872653007507e-02 1.679624989628791809e-02 2.035045064985752106e-02 2.405690960586071014e-02 5.294172838330268860e-02 2.573407813906669617e-02 1.856920425780117512e-03 5.898335203528404236e-02 2.997501939535140991e-02 2.070276532322168350e-03 2.757232636213302612e-02 1.392541173845529556e-02 7.054546382278203964e-03 4.044480621814727783e-02 2.539644762873649597e-02
1.146965380758047104e-02 5.368068814277648926e-03 1.689980365335941315e-02 5.724206939339637756e-02 4.184321686625480652e-02 3.257444128394126892e-02 3.791481256484985352e-02 6.557876244187355042e-03 1.493402123451232910e-01 1.891519501805305481e-02 1.618160516954958439e-03 5.304955691099166870e-02 1.116669550538063049e-02 3.677634522318840027e-02 2.148791961371898651e-02 4.674990847706794739e-02 2.109119482338428497e-02 1.779517233371734619e-01 1.954989321529865265e-02 2.392349392175674438e-02 1.768696494400501251e-02 1.173148956149816513e-02 7.953412830829620361e-02 3.729888796806335449e-02 7.085535209625959396e-03 5.671385675668716431e-02 2.558653615415096283e-02 4.892616719007492065e-02 7.366798818111419678e-03 2.114546112716197968e-02 2.122225472703576088e-03 3.763259574770927429e-02 7.767010945826768875e-03 5.167500581592321396e-03 2.280447818338871002e-02 2.507028356194496155e-02 1.417312864214181900e-02 1.810287870466709137e-02 4.966032132506370544e-02 5.160576850175857544e-02 2.038094215095043182e-02 7.272460311651229858e-02 2.978708129376173019e-03 5.260460451245307922e-02 4.291600733995437622e-02 1.760906539857387543e-02 1.940067857503890991e-02 2.330732531845569611e-02 2.384615503251552582e-02 3.635885193943977356e-02 3.101833350956439972e-02 2.255204506218433380e-02 1.176562998443841934e-02 2.960313484072685242e-02 8.704876154661178589e-02 2.678425516933202744e-03 1.425294671207666397e-03 2.584943082183599472e-03 7.897997274994850159e-03 5.538189318031072617e-03 6.754984706640243530e-02 1.003569178283214569e-02 6.005776673555374146e-02 1.682741940021514893e-02 6.430603563785552979e-03 2.954514930024743080e-03 2.800343930721282959e-02 1.192730385810136795e-02 5.349615216255187988e-02 1.528935693204402924e-02 1.303850580006837845e-02 1.517597865313291550e-02 1.650003530085086823e-02 1.181773748248815536e-02 2.544861659407615662e-02 3.779267892241477966e-02 1.707866489887237549e-01 4.134914651513099670e-02 8.171404153108596802e-02 2.887569554150104523e-02 2.239650301635265350e-02 4.872467834502458572e-04 1.196876838803291321e-01 1.730567775666713715e-02 3.350348770618438721e-02 2.644199132919311523e-02 1.739731058478355408e-02 9.562198538333177567e-04 2.524366136640310287e-03 2.134996280074119568e-02 1.156351156532764435e-02 2.715063514187932014e-03 3.025398775935173035e-02 4.744387697428464890e-03 1.200314704328775406e-02 6.467042956501245499e-03 1.316122803837060928e-02 2.250548452138900757e-02 7.778748869895935059e-02 7.896045222878456116e-03 3.255073353648185730e-02 1.851184852421283722e-02 1.244210172444581985e-02 1.560088992118835449e-02 2.206097356975078583e-02 3.665991872549057007e-02 3.762089833617210388e-02 6.232741102576255798e-02 5.216067284345626831e-02 4.858213476836681366e-03 8.919293992221355438e-03 5.455984175205230713e-02 1.924633979797363281e-04 1.031130924820899963e-02 4.787819087505340576e-02 1.198949851095676422e-02
2.284452086314558983e-03 2.599051035940647125e-02 9.402507916092872620e-03 7.419140636920928955e-02 2.112291008234024048e-02 6.150491535663604736e-04 2.425939403474330902e-02 3.230373933911323547e-02 1.891519501805305481e-02 2.078517377376556396e-01 1.872459612786769867e-02 2.936504594981670380e-02 9.216719307005405426e-03 7.133128494024276733e-02 5.070107057690620422e-03 4.157127812504768372e-03 2.305993111804127693e-03 3.267940878868103027e-02 1.400590240955352783e-01 3.476996207609772682e-03 2.097069285809993744e-02 1.248904620297253132e-03 3.878875449299812317e-02 8.613502979278564453e-02 2.405081875622272491e-02 3.801349177956581116e-02 2.633459120988845825e-02 2.097724564373493195e-02 5.902595818042755127e-02 5.241058021783828735e-02 1.904672756791114807e-02 1.753506436944007874e-02 1.299416180700063705e-02 3.750251978635787964e-02 2.343903109431266785e-02 5.274417996406555176e-02 4.123959317803382874e-02 6.131113041192293167e-03 3.325276449322700500e-02 3.542768210172653198e-02 1.517018303275108337e-02 4.282368719577789307e-02 4.350425675511360168e-02 6.587213370949029922e-03 2.137942425906658173e-02 8.206575363874435425e-02 1.413411647081375122e-02 8.754689246416091919e-02 3.168064728379249573e-02 9.183722734451293945e-02 1.703693345189094543e-02 1.833778806030750275e-02 1.253153476864099503e-02 8.191478438675403595e-03 1.439865585416555405e-02 9.771500527858734131e-02 2.359592542052268982e-02 5.561843514442443848e-02 2.311537042260169983e-02 1.429656241089105606e-02 6.658882647752761841e-02 2.821932546794414520e-02 3.773236274719238281e-02 3.940503671765327454e-02 2.001355774700641632e-02 2.290215156972408295e-02 6.772321183234453201e-03 6.034725811332464218e-03 4.671641066670417786e-02 2.066073380410671234e-02 2.204472571611404419e-02 9.532828815281391144e-03 6.519295275211334229e-02 3.314750269055366516e-02 6.143198534846305847e-02 2.822554856538772583e-02 3.186938539147377014e-02 1.333129256963729858e-01 1.023335149511694908e-03 1.496595442295074463e-01 7.234836369752883911e-02 1.411738712340593338e-02 3.649315610527992249e-02 1.041291728615760803e-01 3.598475083708763123e-02 9.951123036444187164e-03 4.392455145716667175e-02 3.156514605507254601e-03 8.142186328768730164e-03 1.522907167673110962e-01 7.824055850505828857e-03 1.831475086510181427e-02 3.557094931602478027e-02 1.056862901896238327e-02 1.849123463034629822e-02 2.066697180271148682e-02 2.977326884865760803e-02 3.969986736774444580e-02 4.185881000012159348e-03 4.638371616601943970e-02 2.851985581219196320e-02 1.928882300853729248e-02 2.511745877563953400e-02 1.427411567419767380e-02 3.532751649618148804e-02 2.028962224721908569e-02 1.763058453798294067e-02 1.746770367026329041e-02 1.099307648837566376e-02 8.716750144958496094e-02 1.157959923148155212e-03 5.937372520565986633e-02 2.310266532003879547e-02 1.523325219750404358e-02 6.110243126749992371e-02 1.816088892519474030e-02
5.253584310412406921e-02 2.127189422026276588e-03 2.223741449415683746e-02 2.188469097018241882e-02 5.669864476658403873e-04 2.838462777435779572e-02 5.192303657531738281e-02 5.232879426330327988e-03 1.618160516954958439e-03 1.872459612786769867e-02 1.355299204587936401e-01 6.908852141350507736e-03 5.128973629325628281e-03 1.469404809176921844e-02 2.790876850485801697e-02 3.743842616677284241e-02 4.343722015619277954e-02 5.021294951438903809e-02 3.745538741350173950e-02 6.730017811059951782e-02 6.654389202594757080e-02 3.091983310878276825e-02 1.332648005336523056e-02 2.141498215496540070e-02 4.895108193159103394e-02 5.282399430871009827e-02 1.671900972723960876e-02 1.441016979515552521e-02 1.340458691120147705e-01 1.080669742077589035e-02 5.853927507996559143e-02 1.280725840479135513e-02 2.182582393288612366e-02 1.858161576092243195e-02 7.583598140627145767e-03 2.270485833287239075e-02 2.692870981991291046e-02 1.238475204445421696e-03 1.481446530669927597e-02 1.554996520280838013e-02 3.752769529819488525e-02 9.363919496536254883e-03 1.083019934594631195e-02 3.007739409804344177e-02 3.338186442852020264e-02 6.121894717216491699e-02 1.760490052402019501e-02 3.967913798987865448e-03 1.145047135651111603e-02 2.962487377226352692e-02 3.432970494031906128e-02 6.565550342202186584e-03 4.133653268218040466e-02 2.759690210223197937e-02 1.485680043697357178e-02 1.629498414695262909e-02 1.416482776403427124e-02 2.542001567780971527e-02 1.869512535631656647e-02 2.681630663573741913e-02 1.436575222760438919e-02 3.799134120345115662e-02 1.415302976965904236e-02 1.684162020683288574e-02 8.209531009197235107e-02 3.352985484525561333e-03 3.553534299135208130e-02 3.796029090881347656e-02 2.154866419732570648e-02 2.031022682785987854e-02 1.440260093659162521e-02 4.626081883907318115e-02 1.392391324043273926e-02 8.183985017240047455e-03 1.847948506474494934e-02 4.615065082907676697e-02 1.600639522075653076e-02 1.134202349931001663e-02 3.772644698619842529e-02 1.697517372667789459e-02 1.160984765738248825e-02 2.377884835004806519e-02 1.142942439764738083e-02 8.879666216671466827e-03 1.890404894948005676e-02 5.591784603893756866e-03 4.949541389942169189e-02 1.141789089888334274e-02 2.222611941397190094e-02 4.197066277265548706e-02 7.089819014072418213e-02 5.760389938950538635e-02 8.213023655116558075e-03 7.549454458057880402e-03 2.074729651212692261e-02 1.553243398666381836e-02 2.442362159490585327e-02 1.193063054233789444e-02 2.502697054296731949e-03 1.584530435502529144e-02 3.999807313084602356e-02 1.943009905517101288e-02 3.014327585697174072e-02 2.105459570884704590e-02 4.131856933236122131e-02 1.674289815127849579e-02 3.167813876643776894e-03 9.699251502752304077e-03 3.069655038416385651e-02 2.618680009618401527e-03 4.258281365036964417e-02 3.655063360929489136e-02 5.750542879104614258e-02 3.779707103967666626e-02 3.295083343982696533e-02 2.058338187634944916e-02
3.982790187001228333e-02 2.060050517320632935e-02 2.565154619514942169e-02 2.093731192871928215e-03 1.030443143099546432e-02 5.554636195302009583e-02 3.700175508856773376e-02 3.340751677751541138e-02 5.304955691099166870e-02 2.936504594981670380e-02 6.908852141350507736e-03 1.830644309520721436e-01 1.467978022992610931e-02 1.373789608478546143e-01 2.365390025079250336e-02 2.356385253369808197e-02 6.964371353387832642e-02 1.261627487838268280e-02 1.845517195761203766e-02 6.834897794760763645e-04 1.809728890657424927e-02 2.159610949456691742e-02 3.482327237725257874e-02 1.293554343283176422e-02 9.219790808856487274e-03 1.256570103578269482e-03 5.654973164200782776e-02 1.238985136151313782e-01 1.817968115210533142e-02 1.243605613708496094e-01 3.863283619284629822e-02 4.215402994304895401e-03 2.438467368483543396e-02 2.146629802882671356e-02 9.673116728663444519e-03 2.532216720283031464e-02 1.947011612355709076e-02 1.778803952038288116e-02 2.465160936117172241e-02 4.278254345990717411e-04 8.228733204305171967e-03 1.256503537297248840e-02 3.832007944583892822e-02 2.199371345341205597e-02 1.116322949528694153e-01 5.653979256749153137e-02 7.370443642139434814e-02 4.697189107537269592e-02 6.653112359344959259e-03 4.244563728570938110e-02 1.506378967314958572e-02 1.263822801411151886e-02 2.821788191795349121e-02 4.888076335191726685e-02 3.660122305154800415e-02 3.084417246282100677e-02 3.166626393795013428e-02 2.321150712668895721e-02 3.621104732155799866e-02 3.644670918583869934e-02 2.007599174976348877e-02 1.666468754410743713e-02 1.811756379902362823e-02 3.263433277606964111e-02 1.160929910838603973e-02 7.757800165563821793e-03 1.684087514877319336e-02 1.044260617345571518e-02 2.974261902272701263e-02 1.627480424940586090e-02 2.359902858734130859e-02 3.350671753287315369e-02 2.043665573000907898e-02 1.766874082386493683e-02 2.900494076311588287e-02 6.019158288836479187e-02 4.975931718945503235e-02 2.330324612557888031e-02 8.994271606206893921e-02 4.474976658821105957e-02 3.911495208740234375e-02 1.462334115058183670e-02 2.251384966075420380e-02 3.910549730062484741e-02 3.956473618745803833e-02 2.699180971831083298e-03 2.614492736756801605e-02 1.080689951777458191e-02 4.391499329358339310e-03 5.431452021002769470e-02 3.204566240310668945e-02 7.291554007679224014e-03 2.488095499575138092e-02 2.380604110658168793e-02 2.216120436787605286e-02 5.555853247642517090e-03 2.495412901043891907e-02 4.259283095598220825e-02 1.848222687840461731e-02 1.460422016680240631e-02 9.603027254343032837e-03 1.244457438588142395e-02 3.341021388769149780e-02 1.497579645365476608e-02 4.545959830284118652e-02 4.209170117974281311e-02 1.638659648597240448e-02 3.683177381753921509e-02 1.273799594491720200e-02 1.729980856180191040e-02 2.432578476145863533e-04 1.918287016451358795e-02 3.356442227959632874e-02 3.164400532841682434e-02 4.770496860146522522e-02 3.050670586526393890e-02
3.846890106797218323e-02 6.287614256143569946e-02 7.818069570930674672e-05 4.467513784766197205e-02 1.707704551517963409e-02 2.506866864860057831e-02 1.457588002085685730e-02 3.349330648779869080e-02 1.116669550538063049e-02 9.216719307005405426e-03 5.128973629325628281e-03 1.467978022992610931e-02 1.323830336332321167e-01 1.002065837383270264e-02 3.012587875127792358e-02 2.069129794836044312e-02 2.779818326234817505e-02 2.620142651721835136e-03 6.460539530962705612e-03 2.250931411981582642e-02 3.446991741657257080e-02 5.757404863834381104e-02 1.623601838946342468e-02 1.014300901442766190e-02 3.124369680881500244e-02 2.393170632421970367e-02 5.429181456565856934e-02 2.790742553770542145e-02 5.522773042321205139e-02 6.825326010584831238e-03 6.373348832130432129e-02 1.635284535586833954e-02 1.845395774580538273e-03 1.879411749541759491e-02 3.820885438472032547e-03 3.208363056182861328e-02 2.645185030996799469e-02 3.904656320810317993e-02 7.853088900446891785e-03 2.753667905926704407e-02 2.851933799684047699e-02 1.198346167802810669e-02 2.478152513504028320e-02 1.177966315299272537e-02 6.359183788299560547e-02 1.546831056475639343e-02 2.475996688008308411e-02 1.858278363943099976e-02 2.331938408315181732e-02 1.503309793770313263e-02 8.134870789945125580e-03 1.344917691312730312e-03 3.235884383320808411e-02 2.018936537206172943e-02 6.766846869140863419e-03 1.322654355317354202e-02 1.178231369704008102e-02 2.814292535185813904e-02 3.114351071417331696e-02 2.999779395759105682e-02 8.820141665637493134e-03 1.681922562420368195e-02 1.456587808206677437e-03 7.021015975624322891e-03 1.142910216003656387e-02 6.130482628941535950e-02 3.104466013610363007e-02 2.957562543451786041e-02 2.267676638439297676e-03 1.197900623083114624e-02 2.316735312342643738e-02 2.307347580790519714e-02 1.468301750719547272e-02 2.909929724410176277e-03 3.598469868302345276e-02 1.344901416450738907e-02 1.448847725987434387e-02 7.195622310973703861e-04 2.864487282931804657e-02 8.852948434650897980e-03 3.180320933461189270e-02 4.670738801360130310e-02 5.155530758202075958e-03 9.971704566851258278e-04 9.590002708137035370e-03 1.509801484644412994e-02 4.520036280155181885e-03 5.297726020216941833e-02 4.578350577503442764e-03 9.182571433484554291e-03 2.322666347026824951e-02 4.591798351611942053e-04 1.903611049056053162e-02 5.478840321302413940e-02 6.541467737406492233e-03 1.146522816270589828e-03 2.008080715313553810e-03 1.585423201322555542e-02 1.642815396189689636e-02 3.319113282486796379e-03 2.090885303914546967e-02 3.179585095494985580e-03 6.733464542776346207e-03 1.025662757456302643e-02 2.244766429066658020e-02 2.867015311494469643e-03 3.867202252149581909e-02 2.540948987007141113e-02 2.868296019732952118e-02 1.356474123895168304e-02 6.901426706463098526e-03 7.111527957022190094e-03 3.324849158525466919e-02 1.745409332215785980e-02 3.493965044617652893e-02 1.006169058382511139e-02
