2.719052135944366455e-01 2.655878961086273193e-01 5.716763064265251160e-02 5.566925182938575745e-02 4.436080530285835266e-02 1.824105232954025269e-01 7.303869724273681641e-02 1.050559896975755692e-02 1.602321118116378784e-02 2.951180096715688705e-03 2.272495478391647339e-01 1.456471718847751617e-02 8.433826267719268799e-02 1.760924421250820160e-02 7.406621426343917847e-02 2.783038187772035599e-03 2.429806627333164215e-03 2.447109669446945190e-02 9.878726676106452942e-03 2.179014962166547775e-03 2.142953686416149139e-02 3.848215937614440918e-02 2.321529667824506760e-03 6.440928205847740173e-03 2.201291546225547791e-02 4.664186760783195496e-02 3.553989157080650330e-02 1.650715060532093048e-02 2.243229001760482788e-02 1.003165636211633682e-02 7.290384173393249512e-02 1.282418798655271530e-02 5.800226703286170959e-02 7.902962155640125275e-03 5.631915852427482605e-02 7.971142232418060303e-02 7.593904435634613037e-02 2.317369356751441956e-02 5.126127973198890686e-03 3.949725069105625153e-03 3.161638276651501656e-03 1.808517798781394958e-02 2.195351384580135345e-02 4.935643076896667480e-02 2.930191345512866974e-03 7.844204455614089966e-02 9.596695005893707275e-02 3.461824730038642883e-02 1.089655095711350441e-03 1.874002628028392792e-02 4.697624966502189636e-02 3.069104813039302826e-02 6.760907173156738281e-02 5.155764520168304443e-02 1.197749096900224686e-02 1.064810436218976974e-02 4.762555472552776337e-03 8.319003134965896606e-02 6.322785746306180954e-03 4.286487121134996414e-03 6.712405942380428314e-03 9.131112135946750641e-03 3.595492616295814514e-02 6.825837492942810059e-02 4.367376491427421570e-02 1.254584342241287231e-01 3.003025799989700317e-02 3.544177114963531494e-02 1.506449095904827118e-02 2.152295224368572235e-02 1.266259048134088516e-02 4.770487174391746521e-02 4.079723358154296875e-02 3.951102495193481445e-02 5.330094322562217712e-02 8.191863074898719788e-03 1.740472204983234406e-02 2.279347367584705353e-02 1.266174484044313431e-02 1.890141516923904419e-02 8.778003975749015808e-03 2.688645198941230774e-02 7.295812247321009636e-04 2.968362765386700630e-03 5.551961436867713928e-02 4.238465055823326111e-02 1.562828570604324341e-02 3.895109752193093300e-03 2.155148237943649292e-02 1.192680932581424713e-02 4.339361563324928284e-02 3.419633489102125168e-03 1.312693208456039429e-02 1.389574725180864334e-02 3.136976063251495361e-02 7.928270846605300903e-03 1.277810428291559219e-02 1.926416996866464615e-03 3.325072303414344788e-02 2.466334961354732513e-02 1.804314740002155304e-02 4.845842253416776657e-03 1.176602672785520554e-02 2.936240052804350853e-03 1.235446520149707794e-02 8.101275563240051270e-02 4.798295348882675171e-02 7.549926638603210449e-02 5.847692489624023438e-02 1.129462197422981262e-01 2.104553021490573883e-02 2.575670927762985229e-02 3.497738391160964966e-02 3.245114535093307495e-02 2.354393713176250458e-02 5.792976822704076767e-03
2.655878961086273193e-01 2.565585374832153320e-01 4.827618971467018127e-02 5.672942101955413818e-02 3.187743201851844788e-02 1.257040351629257202e-01 1.204496547579765320e-01 3.030314669013023376e-02 4.388552159070968628e-02 2.340184152126312256e-02 1.707373559474945068e-01 3.655296564102172852e-02 1.246118769049644470e-01 8.983178064227104187e-03 7.015594840049743652e-02 3.787561133503913879e-02 4.202320426702499390e-02 4.538823664188385010e-02 7.894994923844933510e-04 1.287588733248412609e-03 1.879509724676609039e-02 3.812303394079208374e-02 7.783413399010896683e-03 1.485555060207843781e-02 1.602300070226192474e-02 1.148840785026550293e-02 4.138478264212608337e-02 5.091894418001174927e-02 6.858386099338531494e-03 5.172775592654943466e-03 5.110685713589191437e-03 8.907114155590534210e-03 4.880657792091369629e-02 3.537358017638325691e-03 2.346129901707172394e-02 3.891437128186225891e-02 4.035400599241256714e-02 3.198840096592903137e-02 2.915025874972343445e-02 3.750648722052574158e-02 5.656728520989418030e-03 2.632826007902622223e-02 5.711922422051429749e-02 2.415962226223200560e-04 3.178007528185844421e-02 7.144507020711898804e-02 5.398678407073020935e-02 5.299231410026550293e-02 1.944709382951259613e-02 2.147028595209121704e-02 3.633745713159441948e-03 5.760575458407402039e-02 1.482864562422037125e-02 4.046780616044998169e-02 4.450487904250621796e-03 1.990126259624958038e-02 1.213113311678171158e-02 1.017342414706945419e-02 5.894121527671813965e-02 9.085114113986492157e-03 9.918963536620140076e-03 1.780406013131141663e-02 1.495571341365575790e-02 2.651362679898738861e-02 1.838902384042739868e-02 8.579055219888687134e-02 3.276966977864503860e-03 8.688111789524555206e-03 2.239905670285224915e-02 1.284694299101829529e-02 3.597248345613479614e-02 1.759118773043155670e-02 3.472508117556571960e-02 8.521300740540027618e-03 3.822177276015281677e-02 3.045364469289779663e-02 3.963261097669601440e-02 3.167578205466270447e-02 9.609254775568842888e-04 9.882249869406223297e-03 4.047747235745191574e-03 4.565978795289993286e-02 3.063643909990787506e-02 1.279932074248790741e-02 2.381255850195884705e-02 2.823327295482158661e-02 7.680820301175117493e-03 1.014142949134111404e-02 6.052679382264614105e-03 1.343797799199819565e-02 1.769739203155040741e-02 1.528245746158063412e-03 2.630920335650444031e-02 8.798251859843730927e-03 2.640630118548870087e-02 1.478592120110988617e-02 2.675012685358524323e-02 1.644012518227100372e-02 4.523383919149637222e-03 2.995337359607219696e-02 3.391583217307925224e-03 4.060765262693166733e-03 4.685242846608161926e-02 9.109197184443473816e-03 5.709797143936157227e-02 2.625078521668910980e-02 4.741371609270572662e-03 8.795698173344135284e-03 3.687290474772453308e-02 4.197272285819053650e-02 3.030615486204624176e-02 1.337523944675922394e-02 9.871895599644631147e-05 6.037221290171146393e-03 6.246643606573343277e-03 3.401065990328788757e-02
5.716763064265251160e-02 4.827618971467018127e-02 8.536179363727569580e-02 3.556979075074195862e-02 3.914107382297515869e-02 4.717246815562248230e-02 3.567510284483432770e-03 7.852128893136978149e-02 2.964648045599460602e-02 5.596259236335754395e-02 5.552078783512115479e-02 2.657765522599220276e-02 3.856661170721054077e-02 4.157759249210357666e-02 5.313955247402191162e-02 1.584854535758495331e-02 2.411946840584278107e-02 1.807588152587413788e-02 2.529145218431949615e-02 2.309124544262886047e-02 3.670795261859893799e-02 3.031799569725990295e-02 3.614835813641548157e-02 4.314715042710304260e-03 3.406494483351707458e-02 1.131949853152036667e-02 1.823487319052219391e-02 1.813817024230957031e-02 4.853546991944313049e-02 6.631258130073547363e-02 4.511442035436630249e-02 6.165594328194856644e-03 4.868841543793678284e-02 1.853231899440288544e-02 2.824386768043041229e-02 4.240090399980545044e-02 2.606958337128162384e-02 3.060748428106307983e-02 3.010077867656946182e-03 5.718243867158889771e-02 1.586323380470275879e-01 5.676648765802383423e-02 9.637433104217052460e-03 8.728053420782089233e-02 1.841419190168380737e-02 1.438457984477281570e-02 4.057462792843580246e-03 2.035767212510108948e-02 1.808834448456764221e-02 2.044571191072463989e-02 4.972044005990028381e-02 2.655856311321258545e-02 4.898395761847496033e-02 4.978998005390167236e-02 6.006622686982154846e-03 1.500580459833145142e-02 6.499083712697029114e-03 8.703661710023880005e-02 6.158277764916419983e-02 6.996427476406097412e-02 1.438987441360950470e-02 4.931207373738288879e-02 4.533076658844947815e-02 5.658564344048500061e-02 3.461524471640586853e-02 4.089275002479553223e-02 8.394048782065510750e-04 3.512964397668838501e-02 1.962175359949469566e-03 4.745611548423767090e-02 1.974668703041970730e-04 1.469798665493726730e-02 2.943031303584575653e-02 3.548083081841468811e-02 5.501450598239898682e-02 3.164589405059814453e-03 4.301261901855468750e-02 1.240307698026299477e-03 8.842131122946739197e-03 3.812868893146514893e-02 4.719110429286956787e-01 2.081613242626190186e-01 2.952700667083263397e-02 5.742771551012992859e-02 1.143768802285194397e-02 3.076100163161754608e-02 4.537642002105712891e-02 6.497137993574142456e-02 1.739026792347431183e-02 2.204346656799316406e-02 5.592941772192716599e-03 3.188025951385498047e-02 1.107128150761127472e-02 5.144501477479934692e-02 2.826309017837047577e-02 3.857328742742538452e-02 3.265109658241271973e-02 5.104717239737510681e-02 1.976210856810212135e-03 2.556125633418560028e-02 6.419077515602111816e-03 3.256586194038391113e-02 4.486373066902160645e-02 3.170820325613021851e-02 3.060682490468025208e-02 6.795790046453475952e-02 3.772845864295959473e-02 4.608782753348350525e-02 3.514843806624412537e-02 3.784358501434326172e-02 1.338315010070800781e-02 1.878118887543678284e-02 8.045502752065658569e-02 3.604446072131395340e-03 4.515460133552551270e-02 3.676928207278251648e-02
5.566925182938575745e-02 5.672942101955413818e-02 3.556979075074195862e-02 1.103256419301033020e-01 1.552079916000366211e-01 5.064878240227699280e-02 4.006867110729217529e-02 3.735715895891189575e-02 1.705651544034481049e-02 3.367108106613159180e-02 6.214947905391454697e-03 1.221196353435516357e-02 5.068888142704963684e-02 3.101359494030475616e-02 2.292448887601494789e-03 5.043739825487136841e-02 2.811597846448421478e-02 4.888328164815902710e-02 6.371948122978210449e-02 1.798047451302409172e-03 3.571874648332595825e-02 3.879604488611221313e-02 2.960635349154472351e-02 2.843196876347064972e-02 1.130150631070137024e-02 7.473544683307409286e-03 1.283884607255458832e-02 2.192595414817333221e-02 9.080323390662670135e-03 2.709611319005489349e-02 4.650467261672019958e-02 9.982711635529994965e-03 7.879088632762432098e-03 1.665014214813709259e-02 9.812499396502971649e-03 1.918377727270126343e-02 1.851625554263591766e-02 3.697390481829643250e-02 7.752223312854766846e-02 5.508418753743171692e-02 1.024978628265671432e-04 3.021641448140144348e-02 4.188107326626777649e-02 2.150870300829410553e-02 8.480960503220558167e-03 3.927250951528549194e-02 3.795474302023649216e-03 1.564897783100605011e-02 3.274046257138252258e-02 5.279251188039779663e-02 5.846440326422452927e-03 2.829148061573505402e-02 3.361472114920616150e-02 3.548740595579147339e-02 2.154221758246421814e-02 1.823973283171653748e-02 4.170210659503936768e-02 1.263193972408771515e-02 2.817213721573352814e-02 9.994634427130222321e-03 2.592120878398418427e-02 4.553550481796264648e-02 4.263460263609886169e-02 2.664703130722045898e-02 2.363706752657890320e-02 3.365762159228324890e-02 5.926460027694702148e-03 1.988667994737625122e-02 6.949181109666824341e-02 4.293576348572969437e-03 3.392743691802024841e-02 4.002807661890983582e-02 1.559101045131683350e-01 4.006344452500343323e-02 4.620163701474666595e-03 3.539883345365524292e-02 7.103249896317720413e-03 5.401673913002014160e-02 4.660810902714729309e-02 5.954757332801818848e-03 1.068004989065229893e-03 4.875119030475616455e-02 7.601337134838104248e-02 5.730324238538742065e-02 5.447211861610412598e-02 2.033312991261482239e-02 1.514676958322525024e-02 3.320203348994255066e-02 3.070348314940929413e-02 1.223728805780410767e-02 2.835675142705440521e-03 3.072935342788696289e-02 3.802084177732467651e-02 2.014110237360000610e-02 4.423257708549499512e-02 3.821766749024391174e-02 2.437891066074371338e-02 4.976123571395874023e-02 1.574395038187503815e-02 5.630185827612876892e-03 1.767227984964847565e-02 2.987593412399291992e-02 4.568985197693109512e-03 1.793996058404445648e-02 2.783579984679818153e-03 3.278834000229835510e-02 1.040029805153608322e-02 1.618936844170093536e-02 2.603630907833576202e-02 3.150535747408866882e-02 3.115508146584033966e-02 2.246000617742538452e-02 2.570333704352378845e-02 4.453764855861663818e-02 2.468724548816680908e-02 4.435194283723831177e-02
4.436080530285835266e-02 3.187743201851844788e-02 3.914107382297515869e-02 1.552079916000366211e-01 7.838468253612518311e-02 1.361896051093935966e-03 1.594881899654865265e-02 6.594310700893402100e-02 5.114809796214103699e-02 5.287915468215942383e-02 2.920721843838691711e-02 5.922417156398296356e-03 4.388953000307083130e-02 1.612559705972671509e-02 3.828689828515052795e-02 3.389231860637664795e-02 3.737076371908187866e-02 4.772449284791946411e-02 5.755154788494110107e-02 1.952960714697837830e-02 1.581837609410285950e-02 4.846986755728721619e-02 6.428166292607784271e-03 3.830261062830686569e-03 1.223635952919721603e-02 6.044593174010515213e-03 5.763307679444551468e-03 4.607758019119501114e-03 4.366023838520050049e-02 1.627586223185062408e-02 2.550737746059894562e-02 1.437240745872259140e-02 4.979559779167175293e-02 1.849288679659366608e-02 9.522551670670509338e-03 2.321762777864933014e-02 6.056226324290037155e-03 2.093322761356830597e-02 7.954282313585281372e-02 9.276720881462097168e-02 1.994255557656288147e-02 2.320771291851997375e-02 2.991623245179653168e-02 3.456771001219749451e-02 7.104089017957448959e-03 3.440302610397338867e-02 1.052943244576454163e-02 1.538848411291837692e-02 3.405899275094270706e-03 4.569293931126594543e-02 2.774010971188545227e-02 3.220812603831291199e-02 6.372033059597015381e-02 2.714806236326694489e-02 1.453365944325923920e-02 2.659014426171779633e-02 2.560833096504211426e-02 1.418217783793807030e-03 1.707506552338600159e-02 1.572457887232303619e-02 8.825183846056461334e-03 5.881683528423309326e-02 5.032482556998729706e-03 5.477790720760822296e-03 2.357914112508296967e-02 2.906060777604579926e-02 3.123216703534126282e-02 7.042419631034135818e-03 2.595528960227966309e-02 2.828398533165454865e-02 2.440406009554862976e-02 1.760334940627217293e-03 1.192137971520423889e-01 1.706522144377231598e-02 9.827540069818496704e-02 3.302313387393951416e-02 5.026050657033920288e-02 1.231940346769988537e-03 5.898609012365341187e-02 1.046412717550992966e-02 4.434418305754661560e-02 1.412890665233135223e-02 3.085472621023654938e-02 9.120131283998489380e-02 2.704016119241714478e-02 2.553403936326503754e-02 5.073424801230430603e-02 3.418886661529541016e-02 5.904576275497674942e-03 4.055219516158103943e-02 5.306382663547992706e-03 8.420926518738269806e-03 3.702018409967422485e-02 1.337188109755516052e-02 6.860688328742980957e-02 6.784597039222717285e-02 1.539620850235223770e-02 2.478608675301074982e-02 8.330811746418476105e-03 1.224721036851406097e-02 1.778637990355491638e-02 1.917809620499610901e-02 2.441462688148021698e-02 1.114086620509624481e-02 1.027184911072254181e-02 6.604517251253128052e-02 1.876550028100609779e-03 1.917348802089691162e-02 2.370887808501720428e-02 6.797070382162928581e-04 2.795154601335525513e-02 2.256936393678188324e-02 2.554233372211456299e-02 3.509360551834106445e-02 1.178618613630533218e-02 2.279545739293098450e-02
1.824105232954025269e-01 1.257040351629257202e-01 4.717246815562248230e-02 5.064878240227699280e-02 1.361896051093935966e-03 2.932307720184326172e-01 2.538062334060668945e-01 8.558650314807891846e-02 2.160380594432353973e-03 1.900754496455192566e-02 8.100232481956481934e-02 6.997261196374893188e-02 6.591778248548507690e-02 8.739077299833297729e-02 4.304684326052665710e-02 1.234044320881366730e-02 1.140641793608665466e-02 9.723605588078498840e-03 4.630961641669273376e-02 3.781311586499214172e-02 3.582296194508671761e-03 4.313197359442710876e-02 4.005790222436189651e-03 2.896800404414534569e-03 1.339213363826274872e-02 1.801669015549123287e-03 5.583536252379417419e-02 2.475788630545139313e-02 6.417178362607955933e-02 3.633395209908485413e-02 3.020458109676837921e-02 3.525982797145843506e-02 2.542957477271556854e-02 8.046514354646205902e-03 2.797361835837364197e-02 1.972400955855846405e-02 2.927034720778465271e-02 3.141694515943527222e-02 3.586398670449852943e-03 2.761148475110530853e-02 3.223932906985282898e-02 1.573044061660766602e-02 4.709544777870178223e-02 3.343736380338668823e-02 9.308980777859687805e-03 4.489538446068763733e-02 2.028162330389022827e-01 6.896010041236877441e-02 2.345056645572185516e-02 2.616075612604618073e-02 1.177044678479433060e-02 4.365471005439758301e-02 3.116864711046218872e-02 1.747460290789604187e-02 2.881549485027790070e-02 1.755918934941291809e-02 3.786750021390616894e-04 2.240726910531520844e-02 3.498452156782150269e-02 4.644259437918663025e-02 1.637990213930606842e-02 2.247677650302648544e-03 2.116718515753746033e-02 4.713443107903003693e-03 1.423563528805971146e-02 5.762071348726749420e-03 2.311263419687747955e-02 3.316862136125564575e-02 5.052168387919664383e-03 1.352082472294569016e-02 1.822611317038536072e-02 3.487935289740562439e-02 7.025774102658033371e-03 1.022076606750488281e-02 1.651517674326896667e-02 3.560203313827514648e-02 1.529140863567590714e-02 3.056976757943630219e-02 2.043374255299568176e-02 1.661268994212150574e-02 1.190671697258949280e-03 4.488115385174751282e-02 3.767862683162093163e-03 2.330414019525051117e-02 4.508884623646736145e-02 3.203902393579483032e-02 7.400323450565338135e-02 2.172504551708698273e-02 4.217608645558357239e-02 5.004495382308959961e-02 1.424108282662928104e-03 4.391976818442344666e-02 1.343648042529821396e-02 5.022172350436449051e-03 3.854367882013320923e-02 4.338733851909637451e-02 2.503675594925880432e-02 7.240482605993747711e-03 2.688433974981307983e-02 1.704421825706958771e-02 4.414726048707962036e-03 3.020535595715045929e-02 1.845003478229045868e-02 1.554218772798776627e-02 1.845941506326198578e-02 8.412794210016727448e-03 9.010739624500274658e-03 3.625383228063583374e-02 2.673074789345264435e-02 3.068094514310359955e-02 2.934429212473332882e-04 1.925320737063884735e-02 2.672091126441955566e-02 2.390662580728530884e-02 4.663656279444694519e-02 2.485973574221134186e-02
7.303869724273681641e-02 1.204496547579765320e-01 3.567510284483432770e-03 4.006867110729217529e-02 1.594881899654865265e-02 2.538062334060668945e-01 2.849344313144683838e-01 8.829739689826965332e-02 2.563093788921833038e-02 4.568093642592430115e-02 5.538650602102279663e-02 6.868310738354921341e-03 6.648975610733032227e-02 8.390576392412185669e-02 5.985809117555618286e-02 4.332524258643388748e-03 3.987897653132677078e-03 2.388997375965118408e-02 2.085207216441631317e-02 2.017427422106266022e-02 6.175779737532138824e-03 7.832162827253341675e-02 2.840828336775302887e-02 2.470909617841243744e-02 1.631406880915164948e-02 2.221459709107875824e-02 5.832495167851448059e-02 6.711672246456146240e-02 3.756717965006828308e-02 1.030359882861375809e-02 7.273543160408735275e-03 1.530037075281143188e-02 1.993953064084053040e-02 2.666612342000007629e-02 8.678872138261795044e-03 1.146044488996267319e-02 2.454626746475696564e-02 4.344575852155685425e-02 1.077078934758901596e-02 9.248751215636730194e-03 9.974750690162181854e-03 1.930394209921360016e-02 1.762868277728557587e-02 3.128054365515708923e-02 2.389767020940780640e-02 1.917677372694015503e-02 1.681225746870040894e-01 1.528692096471786499e-01 2.371149510145187378e-02 8.494113385677337646e-02 4.733231663703918457e-02 1.448310352861881256e-02 3.608446568250656128e-02 2.252752706408500671e-02 2.088655484840273857e-03 6.569568812847137451e-02 3.456113860011100769e-02 1.164053380489349365e-02 4.996563494205474854e-02 4.225080087780952454e-02 5.034013465046882629e-02 2.073078788816928864e-02 3.730399161577224731e-02 1.270770560950040817e-02 1.395631767809391022e-02 1.400662772357463837e-02 1.686673238873481750e-02 3.508975962176918983e-03 6.312529440037906170e-04 1.924371533095836639e-02 3.550769761204719543e-02 4.834143072366714478e-02 3.253700584173202515e-02 1.256514061242341995e-02 2.938986942172050476e-02 1.841876097023487091e-02 5.575075000524520874e-02 3.393968101590871811e-03 4.441646113991737366e-02 3.852251917123794556e-02 3.760823607444763184e-02 5.870368913747370243e-04 1.882224716246128082e-02 2.173560857772827148e-02 1.549247466027736664e-02 7.936933077871799469e-03 6.044601649045944214e-02 4.129701107740402222e-02 3.376018628478050232e-02 2.065610513091087341e-02 2.826475072652101517e-03 4.636838659644126892e-02 4.349735379219055176e-02 2.837054990231990814e-02 1.944339461624622345e-02 3.472315520048141479e-02 1.410126965492963791e-02 6.820018403232097626e-03 3.171227173879742622e-03 3.658897057175636292e-02 1.970500871539115906e-02 1.572462543845176697e-02 3.489783778786659241e-02 6.587240379303693771e-03 1.014781929552555084e-02 3.041693568229675293e-02 3.083840943872928619e-03 6.552238762378692627e-02 2.770774066448211670e-03 7.840571552515029907e-02 7.200082298368215561e-03 5.164204910397529602e-02 1.651293225586414337e-02 2.069046720862388611e-02 3.590273845475167036e-04 3.183085471391677856e-02
1.050559896975755692e-02 3.030314669013023376e-02 7.852128893136978149e-02 3.735715895891189575e-02 6.594310700893402100e-02 8.558650314807891846e-02 8.829739689826965332e-02 8.904982358217239380e-02 3.263036161661148071e-02 9.800969623029232025e-03 7.941273972392082214e-03 1.184821967035531998e-02 7.487390190362930298e-02 4.235037416219711304e-02 1.507723629474639893e-01 1.645839586853981018e-02 2.887109108269214630e-02 2.580369450151920319e-02 3.880225121974945068e-02 6.115330755710601807e-02 1.772062294185161591e-02 2.344906888902187347e-02 4.260864574462175369e-03 9.001612663269042969e-03 3.595705330371856689e-02 2.559874579310417175e-02 4.886999726295471191e-02 4.598846193403005600e-03 4.628417268395423889e-02 1.918403059244155884e-02 2.482190541923046112e-02 2.228275872766971588e-02 5.481069907546043396e-03 1.666866987943649292e-02 7.103506475687026978e-03 6.172797176986932755e-03 1.333552785217761993e-02 8.384320884943008423e-02 4.310359433293342590e-02 2.108188904821872711e-02 3.138966858386993408e-03 5.474337562918663025e-02 5.411970987915992737e-02 7.756210863590240479e-02 2.977658808231353760e-02 2.457816712558269501e-02 8.472640067338943481e-02 1.132169086486101151e-02 3.985163290053606033e-03 3.549773618578910828e-02 1.162841692566871643e-01 6.178054958581924438e-02 1.992698386311531067e-02 3.598482161760330200e-02 4.080402478575706482e-02 1.998563110828399658e-02 4.468941688537597656e-02 5.173970945179462433e-03 7.151484489440917969e-02 5.185339972376823425e-02 5.159346386790275574e-03 3.954497724771499634e-02 5.720147863030433655e-02 2.302601933479309082e-03 9.690729901194572449e-03 3.439374640583992004e-02 1.121683511883020401e-02 1.333287823945283890e-02 3.279322013258934021e-02 6.256267894059419632e-03 5.189379304647445679e-02 4.673904925584793091e-02 2.923195436596870422e-02 3.074105456471443176e-02 1.376886758953332901e-02 1.606826297938823700e-02 1.891412399709224701e-02 1.841448992490768433e-02 1.212149579077959061e-02 2.351279929280281067e-02 2.598751187324523926e-01 1.778630316257476807e-01 3.705599531531333923e-02 9.398284554481506348e-02 9.801577031612396240e-02 7.814104110002517700e-02 1.990545541048049927e-01 6.938941031694412231e-02 4.915640503168106079e-02 3.814825043082237244e-02 4.439645260572433472e-02 4.858784377574920654e-02 3.144295886158943176e-02 1.214467175304889679e-02 3.254951164126396179e-02 8.593502454459667206e-03 3.208991140127182007e-02 2.833072654902935028e-02 3.386066854000091553e-02 2.583215199410915375e-02 1.283967122435569763e-02 5.201635509729385376e-02 8.753594756126403809e-02 5.154570564627647400e-02 7.380729075521230698e-03 2.319820038974285126e-02 7.312334142625331879e-03 4.499698430299758911e-02 9.418183006346225739e-03 5.637247115373611450e-02 1.487952843308448792e-02 7.776438444852828979e-02 4.910699278116226196e-02 1.525386236608028412e-02 2.487085945904254913e-02 3.165311738848686218e-02
1.602321118116378784e-02 4.388552159070968628e-02 2.964648045599460602e-02 1.705651544034481049e-02 5.114809796214103699e-02 2.160380594432353973e-03 2.563093788921833038e-02 3.263036161661148071e-02 1.428206562995910645e-01 1.744562238454818726e-01 1.772382855415344238e-02 2.559950202703475952e-02 2.429013885557651520e-02 5.598773807287216187e-02 3.640245646238327026e-02 4.004228115081787109e-02 3.050972335040569305e-02 1.478035449981689453e-01 7.079920731484889984e-03 3.514828160405158997e-02 4.291716963052749634e-02 3.799384459853172302e-02 2.448168955743312836e-02 4.460115451365709305e-03 4.073868319392204285e-02 3.873243555426597595e-02 5.955164507031440735e-02 8.714187890291213989e-02 1.098458617925643921e-01 3.622785583138465881e-02 9.651841223239898682e-02 1.311602443456649780e-02 4.735519737005233765e-02 6.531381607055664062e-02 1.172968093305826187e-02 1.960966736078262329e-02 4.185518249869346619e-02 2.740716002881526947e-02 1.888613030314445496e-02 5.684718489646911621e-02 8.313071914017200470e-03 6.040956452488899231e-02 2.977772988379001617e-02 4.410071671009063721e-02 7.524507120251655579e-03 8.081143349409103394e-02 2.007997967302799225e-02 5.538889672607183456e-03 7.644738256931304932e-02 2.951501868665218353e-02 2.160978689789772034e-02 4.740278795361518860e-02 2.067843917757272720e-03 2.093815477564930916e-03 1.302078366279602051e-01 3.385932371020317078e-02 5.719615891575813293e-02 3.594999387860298157e-02 4.779165610671043396e-02 2.286279946565628052e-02 4.711377248167991638e-02 1.518929842859506607e-03 4.524008836597204208e-03 2.995894290506839752e-02 8.655083365738391876e-03 3.645005170255899429e-03 3.607911616563796997e-02 4.698159173130989075e-02 1.164148077368736267e-01 1.898058690130710602e-02 3.355167061090469360e-02 7.812320441007614136e-02 1.700680144131183624e-02 3.797513991594314575e-02 4.808766022324562073e-02 5.665078759193420410e-02 2.994987964630126953e-01 1.400259584188461304e-01 1.626119911670684814e-01 8.760537207126617432e-02 7.836341857910156250e-03 4.555871337652206421e-02 6.917993724346160889e-02 1.852090470492839813e-02 3.663108125329017639e-02 4.276424273848533630e-02 2.243037708103656769e-02 3.510474786162376404e-02 9.278521686792373657e-02 9.592374786734580994e-03 5.579029023647308350e-02 2.841928415000438690e-02 1.723053492605686188e-02 4.743203893303871155e-02 3.279961273074150085e-02 3.495847061276435852e-02 2.387396246194839478e-02 2.464448474347591400e-02 5.394800752401351929e-02 6.512501277029514313e-03 4.769973084330558777e-02 5.869777873158454895e-03 1.751260273158550262e-02 5.128340050578117371e-02 5.146712064743041992e-03 3.480173414573073387e-03 1.133186393417418003e-03 3.835739940404891968e-02 3.410276398062705994e-02 2.698323875665664673e-02 7.014750689268112183e-02 1.705934107303619385e-02 5.449510738253593445e-02 6.429002434015274048e-02 3.035580739378929138e-03 7.747620344161987305e-03
2.951180096715688705e-03 2.340184152126312256e-02 5.596259236335754395e-02 3.367108106613159180e-02 5.287915468215942383e-02 1.900754496455192566e-02 4.568093642592430115e-02 9.800969623029232025e-03 1.744562238454818726e-01 1.430201977491378784e-01 8.713993243873119354e-03 1.975410804152488708e-02 4.471578821539878845e-02 5.686270073056221008e-02 8.169266395270824432e-03 6.086688861250877380e-02 1.397969480603933334e-02 1.372335385531187057e-02 7.404648512601852417e-02 4.144503921270370483e-02 5.162139423191547394e-04 2.065357193350791931e-02 3.955319151282310486e-02 9.998749941587448120e-02 6.010687444359064102e-03 5.939453374594449997e-03 1.692559570074081421e-02 4.711154848337173462e-02 1.290929410606622696e-02 4.226009920239448547e-02 5.339417606592178345e-03 8.741534315049648285e-03 1.285495795309543610e-02 4.743848741054534912e-02 2.557220682501792908e-02 1.035451702773571014e-02 1.113148499280214310e-02 1.397936977446079254e-02 5.389833822846412659e-02 6.803805381059646606e-02 4.283614456653594971e-02 1.181253045797348022e-02 2.584148570895195007e-02 7.531946152448654175e-02 2.996258437633514404e-03 2.573045156896114349e-02 6.276861764490604401e-03 6.697047501802444458e-03 3.151631681248545647e-04 1.006075739860534668e-01 2.994131483137607574e-02 4.217381402850151062e-02 3.152630105614662170e-02 2.557101845741271973e-02 2.009488642215728760e-02 8.984345197677612305e-02 4.481294658035039902e-03 1.558348420076072216e-03 8.716449886560440063e-02 1.526472810655832291e-02 7.323111593723297119e-02 3.063363209366798401e-02 7.559489458799362183e-02 4.542185738682746887e-02 3.051131032407283783e-02 3.901619464159011841e-02 5.142644420266151428e-02 3.623949363827705383e-02 1.959660835564136505e-02 8.521272242069244385e-02 6.563124060630798340e-02 3.820874914526939392e-02 1.570488885045051575e-02 6.928866356611251831e-02 6.382819265127182007e-02 4.437431320548057556e-02 5.435531586408615112e-02 2.479323744773864746e-01 5.411458015441894531e-02 2.286954671144485474e-01 8.187075704336166382e-02 4.154387861490249634e-02 4.162675701081752777e-03 8.580540865659713745e-02 4.645807668566703796e-02 7.394386082887649536e-02 1.864750869572162628e-02 7.252867519855499268e-02 1.424948405474424362e-02 1.618797332048416138e-01 1.684284210205078125e-02 1.880453201010823250e-03 8.205802296288311481e-04 3.632544353604316711e-02 2.350246347486972809e-02 4.625067487359046936e-02 4.107492044568061829e-02 1.152558345347642899e-02 3.746343310922384262e-03 1.317532360553741455e-02 2.654897235333919525e-02 2.748471125960350037e-02 4.937335848808288574e-02 2.340301126241683960e-02 9.601410478353500366e-03 2.820761501789093018e-02 3.405044227838516235e-02 4.311472550034523010e-02 2.508006803691387177e-02 2.667425572872161865e-02 2.188449725508689880e-02 1.850198209285736084e-02 8.457007259130477905e-02 4.064520448446273804e-02 3.317264840006828308e-02 2.878657542169094086e-02
2.272495478391647339e-01 1.707373559474945068e-01 5.552078783512115479e-02 6.214947905391454697e-03 2.920721843838691711e-02 8.100232481956481934e-02 5.538650602102279663e-02 7.941273972392082214e-03 1.772382855415344238e-02 8.713993243873119354e-03 2.371847331523895264e-01 2.268393000122159719e-04 2.192527204751968384e-01 3.707299381494522095e-02 3.768585622310638428e-02 1.344409887678921223e-03 1.949018985033035278e-02 1.002087537199258804e-02 1.240923255681991577e-02 3.516723960638046265e-02 1.250132359564304352e-02 9.423623234033584595e-02 1.226738002151250839e-02 2.348730526864528656e-02 8.563069626688957214e-03 6.146348314359784126e-04 3.524346649646759033e-02 7.474645972251892090e-03 7.343438453972339630e-03 2.311980642843991518e-04 1.522354502230882645e-02 3.090645559132099152e-02 3.586862236261367798e-02 4.199673421680927277e-03 1.618001842871308327e-03 1.821302622556686401e-02 1.594414003193378448e-02 1.901451312005519867e-02 2.350618317723274231e-02 1.359481946565210819e-03 2.238597534596920013e-02 1.135622267611324787e-03 1.219585724174976349e-02 1.362653262913227081e-02 4.154861439019441605e-03 4.641270264983177185e-02 7.492525875568389893e-02 1.977629028260707855e-02 1.033195294439792633e-02 4.021269083023071289e-02 6.338419043458998203e-04 3.910545259714126587e-02 1.732132397592067719e-02 3.500680252909660339e-02 2.731860429048538208e-02 1.481569651514291763e-02 2.888499386608600616e-02 5.697052692994475365e-04 7.652352005243301392e-02 2.025534957647323608e-02 1.060297992080450058e-02 1.023356709629297256e-02 1.426696893759071827e-03 7.523343432694673538e-03 7.302961498498916626e-02 1.080139502882957458e-01 1.457378920167684555e-02 1.478638499975204468e-02 1.559383142739534378e-02 7.103000301867723465e-03 1.986281247809529305e-03 2.612230554223060608e-02 1.592895574867725372e-02 1.165266241878271103e-02 1.948256418108940125e-02 2.313763462007045746e-02 2.559713553637266159e-03 1.823320798575878143e-02 1.428895629942417145e-02 9.459753520786762238e-03 7.755586411803960800e-03 6.667175889015197754e-02 1.347205415368080139e-02 8.590473793447017670e-03 3.466300293803215027e-02 5.413745716214179993e-02 8.022941648960113525e-02 3.534068912267684937e-02 3.092840686440467834e-02 3.938901796936988831e-02 2.644051611423492432e-02 1.092298254370689392e-01 2.569425106048583984e-02 7.171074301004409790e-02 4.562477115541696548e-03 1.441619638353586197e-02 5.904654413461685181e-02 1.749961450695991516e-02 1.740047521889209747e-02 1.154457218945026398e-02 1.013489905744791031e-02 2.031018957495689392e-02 6.133377179503440857e-02 3.846028074622154236e-02 2.291482314467430115e-02 5.443083867430686951e-02 3.542602807283401489e-02 1.590343005955219269e-02 8.651058375835418701e-02 4.217317700386047363e-02 1.517084706574678421e-02 5.244699865579605103e-02 6.408049259334802628e-03 7.947682403028011322e-03 5.135429278016090393e-02 1.879430748522281647e-02
1.456471718847751617e-02 3.655296564102172852e-02 2.657765522599220276e-02 1.221196353435516357e-02 5.922417156398296356e-03 6.997261196374893188e-02 6.868310738354921341e-03 1.184821967035531998e-02 2.559950202703475952e-02 1.975410804152488708e-02 2.268393000122159719e-04 1.035255715250968933e-01 3.674674406647682190e-02 3.950485885143280029e-01 1.953667216002941132e-02 3.802854195237159729e-02 6.383849307894706726e-03 1.823430508375167847e-02 6.084955111145973206e-02 1.113491412252187729e-02 4.312215000391006470e-02 1.610159687697887421e-02 3.451406955718994141e-02 1.516933320090174675e-03 6.984366476535797119e-02 3.312235325574874878e-02 1.116302050650119781e-02 4.050955176353454590e-02 4.673554375767707825e-02 9.793848730623722076e-03 2.631867490708827972e-02 2.890532650053501129e-02 1.164669264107942581e-02 3.523735702037811279e-02 7.734683807939291000e-03 1.075940486043691635e-02 1.207671593874692917e-03 4.196779802441596985e-03 4.256428405642509460e-02 6.856871303170919418e-03 2.045965008437633514e-02 2.602964267134666443e-02 3.038505837321281433e-02 3.048709779977798462e-02 1.416917294263839722e-01 5.947866290807723999e-02 5.189080163836479187e-02 6.641335040330886841e-02 8.382630534470081329e-03 2.661243267357349396e-02 3.078758250921964645e-03 2.848938293755054474e-02 9.943543933331966400e-03 6.792617589235305786e-02 3.105799900367856026e-03 1.054801512509584427e-02 2.645923197269439697e-02 4.551884718239307404e-03 4.087458830326795578e-03 5.459269136190414429e-02 2.647272124886512756e-02 2.901649661362171173e-02 2.285895496606826782e-02 4.352542385458946228e-02 1.217374298721551895e-02 3.515763953328132629e-02 1.566739566624164581e-02 3.474778961390256882e-03 6.019125878810882568e-02 1.236565690487623215e-02 4.356611520051956177e-03 2.279443666338920593e-02 5.784900486469268799e-02 5.165579542517662048e-02 9.476484358310699463e-02 4.893699195235967636e-03 1.122050061821937561e-01 1.426429450511932373e-01 4.104849696159362793e-02 3.960707038640975952e-02 2.707711048424243927e-02 1.037615234963595867e-03 6.282467395067214966e-03 2.817667648196220398e-02 3.731606155633926392e-02 3.490683063864707947e-02 6.194241717457771301e-02 5.244203284382820129e-02 6.095460802316665649e-02 4.872241988778114319e-02 5.123138427734375000e-03 7.939020544290542603e-02 1.090210303664207458e-02 3.785277530550956726e-02 3.877668082714080811e-02 2.355695515871047974e-02 2.448899904265999794e-03 2.294847555458545685e-02 3.403304144740104675e-02 5.255668889731168747e-03 1.285873260349035263e-02 2.329111844301223755e-02 5.321185663342475891e-02 5.371206253767013550e-02 6.074478104710578918e-02 9.651613235473632812e-02 3.624321892857551575e-02 2.076904289424419403e-02 7.071853149682283401e-03 5.221009720116853714e-03 2.878888510167598724e-02 2.555400598794221878e-03 4.342250525951385498e-03 2.012408152222633362e-02 1.914725266396999359e-02 3.131643682718276978e-02
8.433826267719268799e-02 1.246118769049644470e-01 3.856661170721054077e-02 5.068888142704963684e-02 4.388953000307083130e-02 6.591778248548507690e-02 6.648975610733032227e-02 7.487390190362930298e-02 2.429013885557651520e-02 4.471578821539878845e-02 2.192527204751968384e-01 3.674674406647682190e-02 1.849003285169601440e-01 3.800793364644050598e-02 1.981328055262565613e-02 2.107708528637886047e-02 3.090123063884675503e-04 3.917128592729568481e-02 3.317886218428611755e-02 7.113350555300712585e-03 1.038436405360698700e-02 5.379452556371688843e-02 2.548720873892307281e-02 2.741868048906326294e-02 2.667654491961002350e-02 1.684443280100822449e-02 5.259726941585540771e-02 1.376814488321542740e-02 6.677255965769290924e-03 3.607409074902534485e-02 5.219640955328941345e-02 1.953644677996635437e-02 4.497724026441574097e-02 2.053827978670597076e-03 4.851101338863372803e-02 4.613370075821876526e-02 1.671067997813224792e-02 7.274756580591201782e-02 5.849072709679603577e-03 3.761764615774154663e-02 2.655189950019121170e-03 3.127781301736831665e-02 3.002326376736164093e-02 3.422406688332557678e-02 3.711146861314773560e-02 3.516620770096778870e-02 2.164770290255546570e-02 4.615625739097595215e-02 3.138652071356773376e-02 1.788220368325710297e-02 5.734759569168090820e-02 9.352403134107589722e-02 7.250676304101943970e-02 6.078602373600006104e-02 4.623045027256011963e-02 2.641111239790916443e-02 5.952807143330574036e-03 4.729039222002029419e-02 5.705025047063827515e-02 1.593281887471675873e-02 5.933517590165138245e-03 2.950590569525957108e-03 7.572243362665176392e-02 6.925860047340393066e-02 7.886271923780441284e-02 1.499516963958740234e-01 2.101713418960571289e-02 2.890771975216921419e-05 2.629306912422180176e-02 1.890720427036285400e-02 4.540164768695831299e-02 3.488899394869804382e-02 1.473600231111049652e-02 1.541424077004194260e-02 4.047277569770812988e-02 7.921766489744186401e-03 4.579672962427139282e-02 4.277678206562995911e-02 4.744721204042434692e-02 4.321144893765449524e-02 4.506028816103935242e-02 3.918530791997909546e-02 3.279293328523635864e-02 5.681722238659858704e-02 3.347036987543106079e-02 8.766798675060272217e-02 8.790140599012374878e-02 8.941176533699035645e-02 1.542076468467712402e-02 1.897387579083442688e-02 2.473665960133075714e-02 5.418754369020462036e-02 3.172996640205383301e-02 2.449055388569831848e-02 1.269587967544794083e-02 1.194998249411582947e-02 7.558079063892364502e-02 5.279086902737617493e-02 4.140794649720191956e-02 2.966099232435226440e-02 4.732238128781318665e-02 3.277205396443605423e-03 8.281020447611808777e-03 1.814038120210170746e-02 1.727316901087760925e-02 1.093338057398796082e-02 9.729661047458648682e-03 3.279897198081016541e-02 7.411210797727108002e-03 6.968157738447189331e-02 2.459543757140636444e-02 5.543187260627746582e-02 5.285322200506925583e-03 1.731942780315876007e-02 3.926499933004379272e-02 2.687494270503520966e-02
