1.286885738372802734e-01 1.807429939508438110e-01 6.378627382218837738e-03 5.507953092455863953e-02 5.540119111537933350e-02 1.493804901838302612e-01 1.462163478136062622e-01 2.060163766145706177e-02 2.478272467851638794e-02 9.569974616169929504e-03 1.650455296039581299e-01 5.630674213171005249e-02 8.079104125499725342e-02 3.307786956429481506e-02 1.384524442255496979e-02 3.381387516856193542e-02 4.008984565734863281e-02 6.444257497787475586e-02 1.338669098913669586e-02 6.044422835111618042e-02 4.728201776742935181e-02 6.365789473056793213e-02 3.011043742299079895e-02 5.284802615642547607e-02 3.026109933853149414e-02 3.496662899851799011e-02 5.303937569260597229e-02 3.786620497703552246e-02 1.988424919545650482e-02 5.237633362412452698e-02 2.355862595140933990e-02 2.303029596805572510e-02 6.565829366445541382e-02 1.632848195731639862e-02 2.486950717866420746e-02 2.954765409231185913e-02 1.177421677857637405e-02 5.645174905657768250e-02 8.816091716289520264e-02 7.097632437944412231e-02 2.756623178720474243e-02 2.191643416881561279e-02 1.377417519688606262e-02 8.002774789929389954e-03 1.270140521228313446e-02 4.044120013713836670e-02 4.901953786611557007e-02 3.156607598066329956e-02 9.473580867052078247e-03 6.519818305969238281e-02 1.124410051852464676e-02 2.212578430771827698e-03 3.950563818216323853e-02 2.501661190763115883e-03 9.886026382446289062e-03 1.651632972061634064e-02 5.728333443403244019e-02 1.183198578655719757e-02 5.232849344611167908e-02 9.344917722046375275e-03 6.658466905355453491e-02 2.867904119193553925e-02 4.668253008276224136e-03 3.111406043171882629e-02 5.307988077402114868e-02 9.868361055850982666e-03 3.326935321092605591e-02 1.490465179085731506e-02 3.921679034829139709e-02 5.327907204627990723e-02 7.838510791771113873e-04 5.219411477446556091e-02 1.195399928838014603e-02 3.890137746930122375e-02 2.780642174184322357e-02 9.994030743837356567e-02 7.134762592613697052e-03 6.905968766659498215e-03 3.609576821327209473e-02 3.865803778171539307e-02 4.060780629515647888e-03 2.527870424091815948e-02 6.647681444883346558e-02 2.013843879103660583e-02 1.296323258429765701e-02 1.551657728850841522e-02 3.659132495522499084e-02 3.369309753179550171e-02 1.626329869031906128e-02 3.259421885013580322e-02 5.436482653021812439e-02 4.272036999464035034e-02 5.567714199423789978e-02 5.619153752923011780e-02 1.834768056869506836e-02 1.018189731985330582e-02 3.674899786710739136e-02 2.904900349676609039e-02 1.623462885618209839e-02 1.564722135663032532e-02 4.946883395314216614e-02 7.049901783466339111e-02 1.578546315431594849e-02 2.747748792171478271e-02 1.226026844233274460e-02 5.110970139503479004e-02 1.385907735675573349e-02 3.832732513546943665e-02 1.168223544955253601e-01 3.385083004832267761e-02 5.287434533238410950e-02 1.829733327031135559e-02 3.137232363224029541e-02 4.755966365337371826e-02 5.141900107264518738e-02 9.939150884747505188e-03
1.807429939508438110e-01 9.103968739509582520e-02 4.206750914454460144e-02 4.360704123973846436e-02 1.714485883712768555e-02 9.029463678598403931e-02 1.521640717983245850e-01 6.596371531486511230e-02 1.863500219769775867e-03 2.111197076737880707e-02 1.534526646137237549e-01 3.193886950612068176e-02 1.349624097347259521e-01 1.172134373337030411e-02 2.165949344635009766e-02 3.699621185660362244e-02 2.614068798720836639e-02 9.487064555287361145e-03 3.967931028455495834e-03 1.329299621284008026e-02 5.934738740324974060e-02 5.642829462885856628e-02 1.817405968904495239e-02 2.946236915886402130e-02 1.165206916630268097e-02 3.554327413439750671e-02 2.959877252578735352e-02 2.150165289640426636e-02 2.038643509149551392e-02 6.740418076515197754e-02 4.026838764548301697e-02 4.253463074564933777e-02 5.368893221020698547e-02 3.702772036194801331e-02 1.831731759011745453e-02 2.571444399654865265e-02 3.783689066767692566e-02 2.571886032819747925e-02 2.337125688791275024e-02 4.880668967962265015e-02 3.788405284285545349e-02 4.725926741957664490e-02 3.297073766589164734e-02 4.281168431043624878e-02 1.624639704823493958e-02 2.264184132218360901e-02 4.269250854849815369e-02 2.275408990681171417e-02 2.704007364809513092e-02 5.064086616039276123e-02 1.535509061068296432e-02 6.457711569964885712e-03 1.256122137419879436e-03 1.951420679688453674e-02 2.046971581876277924e-02 2.563220914453268051e-03 3.074839897453784943e-02 1.353299897164106369e-02 4.254120960831642151e-02 2.977182157337665558e-02 7.300519198179244995e-02 8.843144401907920837e-03 4.076309129595756531e-02 6.183653604239225388e-03 6.404972076416015625e-02 6.236096844077110291e-02 4.119676351547241211e-02 3.356158360838890076e-02 8.672061376273632050e-03 2.829763107001781464e-02 2.903856802731752396e-03 2.210516296327114105e-02 1.181232649832963943e-02 3.350224345922470093e-02 2.053282782435417175e-02 1.805465295910835266e-02 3.093970753252506256e-02 6.780062802135944366e-03 5.329358577728271484e-02 4.640471190214157104e-02 4.149696230888366699e-02 6.544975936412811279e-02 1.307031325995922089e-02 1.874966197647154331e-03 3.446132317185401917e-02 4.135475307703018188e-02 4.632352292537689209e-02 3.271808847784996033e-02 2.990640141069889069e-02 9.853286901488900185e-04 6.554413121193647385e-03 5.156176164746284485e-02 2.880216017365455627e-02 2.439979650080204010e-02 3.043768927454948425e-02 2.786299027502536774e-02 9.471423923969268799e-03 3.058821894228458405e-02 4.011145606637001038e-02 3.312795609235763550e-02 6.198578327894210815e-02 1.429790258407592773e-02 9.070060215890407562e-03 3.284817561507225037e-02 4.255719482898712158e-03 2.247871831059455872e-02 4.926164448261260986e-02 2.548336237668991089e-02 6.914892047643661499e-02 2.419205568730831146e-02 4.447846859693527222e-02 7.725494448095560074e-03 1.633899286389350891e-02 6.762655102647840977e-04 7.035071495920419693e-03 7.441521435976028442e-02
6.378627382218837738e-03 4.206750914454460144e-02 4.535524174571037292e-02 3.437789157032966614e-02 1.764773391187191010e-02 2.333541959524154663e-02 2.976565435528755188e-02 2.140640169382095337e-01 2.436311356723308563e-02 8.537013491149991751e-05 2.161211892962455750e-02 2.469125203788280487e-02 2.569486573338508606e-02 3.794139996170997620e-02 6.375209987163543701e-02 1.141222119331359863e-01 9.559679031372070312e-02 4.313088580965995789e-02 1.001876778900623322e-02 7.294867653399705887e-03 1.428696811199188232e-01 3.051736578345298767e-02 1.272912230342626572e-02 6.476110778748989105e-03 6.929463148117065430e-02 1.158747356384992599e-02 4.703415557742118835e-02 4.198173806071281433e-02 7.218758109956979752e-03 2.686285413801670074e-02 1.442744280211627483e-03 3.578298538923263550e-02 3.343624249100685120e-02 6.163637712597846985e-02 5.894802883267402649e-02 3.165655955672264099e-02 1.721829175949096680e-02 3.554715588688850403e-02 6.809346377849578857e-02 4.822712857276201248e-03 3.516675904393196106e-03 1.322157680988311768e-02 4.985358193516731262e-02 9.955476224422454834e-02 2.832788042724132538e-02 5.397737771272659302e-02 1.933891326189041138e-02 6.233960762619972229e-02 9.328519552946090698e-02 9.541480801999568939e-03 2.828992530703544617e-02 1.989809721708297729e-01 1.006073877215385437e-01 4.446837306022644043e-02 1.875387690961360931e-02 3.717171400785446167e-02 4.945946112275123596e-02 6.224302574992179871e-03 5.957875400781631470e-03 3.142160177230834961e-02 1.177103146910667419e-01 3.177134320139884949e-02 9.506262093782424927e-02 9.251116961240768433e-02 1.455740258097648621e-02 5.809834226965904236e-02 6.143205240368843079e-02 4.664517007768154144e-03 3.340127319097518921e-02 6.258369237184524536e-02 2.351983636617660522e-02 3.560195863246917725e-02 6.173248216509819031e-02 2.522443607449531555e-02 7.699294388294219971e-02 6.932285428047180176e-02 2.582180500030517578e-02 5.170727893710136414e-02 6.405770033597946167e-02 1.880942657589912415e-02 1.318648755550384521e-01 6.310696154832839966e-02 2.997218444943428040e-02 6.869990378618240356e-02 4.902381822466850281e-02 3.830657340586185455e-03 2.809655293822288513e-02 3.329711966216564178e-03 5.938939284533262253e-03 4.317495226860046387e-02 3.163724392652511597e-02 1.927043683826923370e-02 5.346928909420967102e-02 1.769605278968811035e-02 6.141052767634391785e-02 1.221028808504343033e-02 3.927231952548027039e-02 5.169189721345901489e-02 1.318570692092180252e-02 1.372389793395996094e-01 6.714580953121185303e-02 6.299539655447006226e-02 1.508226897567510605e-02 6.649712473154067993e-02 6.741982698440551758e-02 6.970091909170150757e-02 2.485806867480278015e-02 4.784050863236188889e-03 1.073254086077213287e-02 5.190838873386383057e-02 2.702764607965946198e-02 3.059730120003223419e-02 3.156859055161476135e-02 7.487644441425800323e-03 6.981982290744781494e-02 4.514915123581886292e-02
5.507953092455863953e-02 4.360704123973846436e-02 3.437789157032966614e-02 8.280865103006362915e-02 1.297254413366317749e-01 3.430778393521904945e-03 4.209331050515174866e-02 1.962651498615741730e-02 8.156323432922363281e-02 4.680759832262992859e-02 5.356246605515480042e-02 5.160674825310707092e-02 7.449382543563842773e-02 1.294124685227870941e-02 1.486090663820505142e-02 1.879735849797725677e-02 4.472083237487822771e-04 8.304674923419952393e-02 3.246388584375381470e-02 6.503799557685852051e-02 6.919876486063003540e-02 5.293629691004753113e-02 4.900370538234710693e-02 5.457038525491952896e-03 2.719295024871826172e-02 3.575311601161956787e-02 6.817271001636981964e-03 1.286687236279249191e-02 8.304399996995925903e-02 3.717019036412239075e-02 5.296315997838973999e-03 2.436161600053310394e-02 5.283081554807722569e-04 4.504835233092308044e-02 6.714750081300735474e-02 2.480810508131980896e-02 3.223789855837821960e-02 1.786269061267375946e-02 5.127220973372459412e-02 3.591124340891838074e-02 4.031320661306381226e-02 2.128101186826825142e-03 2.516530267894268036e-02 5.838010925799608231e-03 2.090326597681269050e-04 2.826382871717214584e-03 1.682486012578010559e-02 1.751398853957653046e-02 4.383497685194015503e-02 3.903660178184509277e-02 2.019128575921058655e-02 4.131467640399932861e-02 6.616248749196529388e-03 3.514856845140457153e-02 3.084482066333293915e-02 5.127672106027603149e-02 9.836831130087375641e-03 9.853918105363845825e-03 8.791147172451019287e-02 1.826574467122554779e-02 1.864943769760429859e-03 1.222079154103994370e-04 7.252513617277145386e-02 3.989909589290618896e-02 9.487064182758331299e-02 3.160626813769340515e-02 1.969308219850063324e-02 6.606078892946243286e-02 8.007487282156944275e-03 5.861831828951835632e-03 3.522017225623130798e-02 1.515187509357929230e-02 3.352600708603858948e-02 1.020200364291667938e-02 6.345130503177642822e-02 1.260129828006029129e-02 3.291204944252967834e-02 8.875291794538497925e-02 7.158954441547393799e-02 1.456898450851440430e-02 2.945786342024803162e-02 2.324256580322980881e-03 4.519261047244071960e-02 7.370781153440475464e-02 5.453263409435749054e-03 1.809797948226332664e-03 4.743168130517005920e-02 4.234358668327331543e-02 6.062495708465576172e-02 3.565970063209533691e-02 1.532157137989997864e-02 2.170197665691375732e-02 9.105156175792217255e-03 1.612618681974709034e-03 3.304634615778923035e-02 1.835252530872821808e-02 1.041243299841880798e-01 4.434713721275329590e-02 2.374053699895739555e-03 2.152564004063606262e-02 9.392120875418186188e-03 6.306262314319610596e-02 4.140315577387809753e-02 4.499192163348197937e-02 3.477331995964050293e-02 4.806932434439659119e-02 1.082622352987527847e-02 1.136576831340789795e-01 2.950579114258289337e-02 2.792165800929069519e-02 1.832123287022113800e-02 9.322254918515682220e-03 7.301417179405689240e-03 5.060426518321037292e-02 2.103501232340931892e-03 6.487824767827987671e-02
5.540119111537933350e-02 1.714485883712768555e-02 1.764773391187191010e-02 1.297254413366317749e-01 7.003553956747055054e-02 1.886032521724700928e-02 1.341313309967517853e-02 2.812957623973488808e-03 7.725693751126527786e-03 2.205031737685203552e-02 5.484414100646972656e-02 5.459410324692726135e-02 5.096465721726417542e-02 2.970772981643676758e-02 2.568003349006175995e-02 6.725129205733537674e-03 1.047900319099426270e-02 2.780972979962825775e-02 1.718280650675296783e-02 5.777690559625625610e-03 1.988043263554573059e-02 5.457460507750511169e-02 5.319914966821670532e-02 2.227123081684112549e-02 1.049902942031621933e-02 2.051751688122749329e-02 4.429503157734870911e-02 2.047997899353504181e-02 2.976485900580883026e-02 1.755998469889163971e-02 5.283707380294799805e-02 1.530389301478862762e-02 1.482542324811220169e-02 1.286174077540636063e-02 1.318601239472627640e-02 4.895947501063346863e-02 1.462056301534175873e-02 8.243464864790439606e-03 8.155255764722824097e-02 3.514874726533889771e-02 4.300995543599128723e-02 1.739141531288623810e-02 3.560342639684677124e-02 1.792058534920215607e-02 2.265305444598197937e-02 1.313159987330436707e-02 3.256263956427574158e-02 1.994609273970127106e-02 3.163409233093261719e-02 7.612611167132854462e-03 1.047570025548338890e-03 2.141221612691879272e-02 3.901976719498634338e-02 3.716043010354042053e-02 2.183032594621181488e-02 1.823050528764724731e-02 1.600999198853969574e-02 3.331764368340373039e-03 2.821147441864013672e-02 7.164376438595354557e-04 4.355480521917343140e-02 2.886419184505939484e-02 3.729280456900596619e-02 4.767989367246627808e-02 5.573527514934539795e-02 8.357250131666660309e-03 1.725565269589424133e-02 1.073279854608699679e-04 3.718657046556472778e-02 1.930176839232444763e-02 4.135719686746597290e-02 3.887357935309410095e-02 5.046821013092994690e-02 5.077582970261573792e-02 7.871733605861663818e-02 4.938252270221710205e-02 5.102462694048881531e-02 7.209479063749313354e-02 2.715272596105933189e-03 1.114056725054979324e-02 3.900759667158126831e-02 2.030234597623348236e-02 5.063044652342796326e-02 9.409179538488388062e-02 1.499561686068773270e-02 1.905172318220138550e-02 5.254454910755157471e-02 1.896541565656661987e-02 1.897045783698558807e-02 1.749011874198913574e-02 6.811718340031802654e-04 2.896050922572612762e-02 3.775088815018534660e-03 2.107933908700942993e-02 2.307175472378730774e-02 2.647992409765720367e-02 5.858257412910461426e-02 6.879672408103942871e-02 7.083804812282323837e-03 8.953992277383804321e-03 3.635437786579132080e-02 2.152804099023342133e-02 3.905345499515533447e-02 6.206443160772323608e-02 6.327517796307802200e-03 9.601678699254989624e-02 4.506067559123039246e-02 2.198546566069126129e-02 3.387410566210746765e-02 8.050990290939807892e-03 2.609738148748874664e-02 3.214111924171447754e-02 2.233492396771907806e-02 9.404727257788181305e-03 2.824434824287891388e-02 4.554988071322441101e-02
1.493804901838302612e-01 9.029463678598403931e-02 2.333541959524154663e-02 3.430778393521904945e-03 1.886032521724700928e-02 9.312719106674194336e-02 1.997023671865463257e-01 3.876001015305519104e-02 4.926136508584022522e-02 1.337376143783330917e-02 1.203267499804496765e-01 4.649398475885391235e-02 9.844379127025604248e-02 2.077947370707988739e-02 4.186715558171272278e-02 7.058382779359817505e-02 2.620606124401092529e-02 5.536148697137832642e-02 3.805708140134811401e-02 4.024682193994522095e-02 8.321919292211532593e-02 1.093196310102939606e-02 6.658599711954593658e-03 1.902431622147560120e-02 1.236440893262624741e-02 4.767315089702606201e-02 1.361970230937004089e-02 5.065722018480300903e-02 7.233223319053649902e-02 8.070531301200389862e-03 6.849147379398345947e-02 1.348046399652957916e-02 1.544205937534570694e-02 8.745411038398742676e-02 1.087067741900682449e-02 2.858487516641616821e-02 1.989251747727394104e-02 5.901616532355546951e-03 3.157426044344902039e-02 1.414445415139198303e-02 5.845877807587385178e-03 3.800047561526298523e-02 4.784977808594703674e-02 1.851785369217395782e-02 3.002139739692211151e-02 4.932152107357978821e-02 7.058128714561462402e-02 8.359493687748908997e-03 9.233108162879943848e-02 3.323650732636451721e-02 3.520579263567924500e-02 3.706524893641471863e-02 4.261657223105430603e-02 4.039300605654716492e-03 3.796852752566337585e-02 2.570091933012008667e-02 1.385387685149908066e-02 7.786270976066589355e-02 4.885289818048477173e-02 6.710441410541534424e-02 2.138401195406913757e-02 2.108764275908470154e-02 3.750737756490707397e-02 3.108967468142509460e-02 2.902780659496784210e-02 6.126964837312698364e-02 2.402863092720508575e-02 5.294057191349565983e-04 4.130924120545387268e-02 2.142468467354774475e-02 1.633820682764053345e-02 5.593660101294517517e-02 1.511815749108791351e-02 1.665665395557880402e-02 1.509173121303319931e-02 2.685764990746974945e-02 4.025552887469530106e-03 4.985120892524719238e-02 5.267544090747833252e-02 2.016920037567615509e-02 3.464890876784920692e-03 3.924529254436492920e-02 3.283752501010894775e-02 2.177320420742034912e-02 4.357033595442771912e-02 4.888226836919784546e-02 4.747415333986282349e-02 1.396544836461544037e-02 6.895540282130241394e-03 3.369656950235366821e-02 3.280877321958541870e-02 3.781369328498840332e-02 4.664203617721796036e-03 1.819491945207118988e-02 1.218116469681262970e-02 4.245772585272789001e-02 5.121732130646705627e-02 7.967277429997920990e-03 1.323012076318264008e-02 1.020825747400522232e-02 6.122471764683723450e-03 3.547811135649681091e-02 6.508937478065490723e-02 1.042699906975030899e-02 8.040627464652061462e-03 1.010712422430515289e-02 4.969856142997741699e-02 5.083887651562690735e-02 1.317211091518402100e-01 3.994250297546386719e-02 1.106036733835935593e-02 4.998990800231695175e-03 3.661184012889862061e-02 2.028290927410125732e-02 3.599344938993453979e-02 6.391150504350662231e-02
1.462163478136062622e-01 1.521640717983245850e-01 2.976565435528755188e-02 4.209331050515174866e-02 1.341313309967517853e-02 1.997023671865463257e-01 1.153795197606086731e-01 4.603207111358642578e-02 2.507985802367329597e-03 1.113023515790700912e-02 1.271037608385086060e-01 6.798337399959564209e-02 1.229562088847160339e-01 2.941482700407505035e-02 6.219866499304771423e-02 1.234818622469902039e-02 9.773137979209423065e-03 3.213673830032348633e-02 4.574364796280860901e-02 2.202658727765083313e-02 2.551987580955028534e-02 9.901187382638454437e-03 1.132021425291895866e-03 3.956749662756919861e-02 1.395947532728314400e-03 2.682369388639926910e-02 4.488931968808174133e-02 1.304435194469988346e-03 2.732000872492790222e-02 9.301646798849105835e-02 5.891581624746322632e-02 1.165839843451976776e-02 1.272379700094461441e-02 3.502999246120452881e-02 3.322807699441909790e-02 1.941913738846778870e-02 7.511275820434093475e-03 1.312121283262968063e-02 2.347780205309391022e-02 1.256057876162230968e-03 1.070162188261747360e-02 5.259920284152030945e-02 4.670950025320053101e-02 2.749834582209587097e-02 2.228976972401142120e-02 2.642787247896194458e-02 1.166457384824752808e-01 9.082835167646408081e-02 5.827199295163154602e-02 6.354029476642608643e-02 2.880514133721590042e-03 2.435341477394104004e-02 3.452040255069732666e-03 1.397483702749013901e-02 4.286422580480575562e-02 1.536135561764240265e-02 6.712721195071935654e-03 3.011994250118732452e-02 3.218709677457809448e-02 7.993745058774948120e-02 2.775670727714896202e-03 3.110461868345737457e-02 9.532567113637924194e-03 5.665503069758415222e-02 4.228365607559680939e-03 2.262512221932411194e-03 8.761899173259735107e-02 4.103205353021621704e-02 2.473592944443225861e-02 1.376196555793285370e-02 6.594524020329117775e-04 4.686439409852027893e-02 2.771431580185890198e-03 1.080293301492929459e-02 1.590998470783233643e-02 9.640046395361423492e-03 9.324956685304641724e-03 1.051011122763156891e-02 6.415663659572601318e-02 3.521078324411064386e-04 2.514284849166870117e-02 5.683484673500061035e-02 6.262144539505243301e-03 5.958160851150751114e-03 6.262138485908508301e-03 5.199556238949298859e-03 3.855363279581069946e-02 3.074114955961704254e-02 2.998416498303413391e-02 4.939709603786468506e-02 2.532412670552730560e-02 2.841514907777309418e-02 1.710366457700729370e-02 2.799901366233825684e-02 3.778640180826187134e-02 2.719885855913162231e-02 8.493663743138313293e-03 2.196071909565944225e-05 2.414757572114467621e-02 1.882865180959925056e-04 2.569642476737499237e-02 4.383562877774238586e-02 3.168302401900291443e-02 5.447793006896972656e-02 6.637376733124256134e-03 7.331184577196836472e-03 3.798001632094383240e-02 2.780097350478172302e-02 1.207728311419487000e-01 2.101749368011951447e-02 7.444618735462427139e-03 7.872527092695236206e-02 1.634476892650127411e-02 3.920358419418334961e-02 8.325555175542831421e-02 3.846047818660736084e-02
2.060163766145706177e-02 6.596371531486511230e-02 2.140640169382095337e-01 1.962651498615741730e-02 2.812957623973488808e-03 3.876001015305519104e-02 4.603207111358642578e-02 6.993868201971054077e-02 7.326567918062210083e-02 2.070859260857105255e-02 4.167262930423021317e-03 2.386806532740592957e-02 7.709692232310771942e-03 3.934739157557487488e-02 1.472944021224975586e-01 5.012730881571769714e-02 3.127411752939224243e-02 7.698010653257369995e-02 2.229913510382175446e-02 4.643707349896430969e-02 7.105372846126556396e-02 5.753409489989280701e-02 1.415337175130844116e-01 1.337666809558868408e-01 3.528232499957084656e-02 2.884645713493227959e-03 9.697407484054565430e-03 3.097273595631122589e-02 4.001826420426368713e-02 8.534384891390800476e-03 4.018648713827133179e-02 4.121771827340126038e-02 6.732827425003051758e-02 4.881301429122686386e-03 3.905899822711944580e-02 7.131755352020263672e-02 3.526494279503822327e-02 3.880924731492996216e-02 4.949282389134168625e-03 3.380332887172698975e-02 4.907098412513732910e-02 1.288591325283050537e-02 2.007006108760833740e-02 6.890053302049636841e-02 1.457154657691717148e-02 2.144034393131732941e-02 3.660754067823290825e-03 4.599717259407043457e-02 5.349063500761985779e-02 3.529863432049751282e-02 9.005472064018249512e-02 1.903025084175169468e-03 8.032655715942382812e-02 4.057820513844490051e-02 1.689964346587657928e-02 4.687731416197493672e-05 1.264624018222093582e-02 3.000696189701557159e-02 3.358501568436622620e-02 1.111424714326858521e-02 5.116114020347595215e-02 4.688359424471855164e-02 2.720678411424160004e-02 6.862159818410873413e-02 1.859102770686149597e-02 1.248843874782323837e-02 3.276501968502998352e-02 6.066856905817985535e-02 1.937405555509030819e-03 3.043406456708908081e-02 6.174987182021141052e-02 2.221466042101383209e-02 2.052029408514499664e-02 5.160935968160629272e-02 2.228246442973613739e-02 2.857701294124126434e-02 4.031262174248695374e-02 1.566774677485227585e-03 2.188054844737052917e-02 3.835305199027061462e-02 2.029967010021209717e-01 1.416699588298797607e-01 9.259896725416183472e-02 5.239077284932136536e-02 4.930163174867630005e-02 4.321832209825515747e-02 1.524830311536788940e-01 6.142212077975273132e-02 4.434755444526672363e-02 2.374666044488549232e-03 2.314263395965099335e-02 1.305950991809368134e-02 1.991016045212745667e-02 1.825080998241901398e-02 9.347696788609027863e-03 4.171430319547653198e-02 2.125196717679500580e-02 1.039157211780548096e-01 6.973787210881710052e-03 8.959953486919403076e-02 5.178811028599739075e-02 9.197529405355453491e-02 3.581268945708870888e-03 7.216434180736541748e-02 4.890845343470573425e-02 5.375713482499122620e-02 9.165786206722259521e-03 1.184677612036466599e-02 4.078175127506256104e-02 2.129805833101272583e-02 6.572757381945848465e-03 3.541946038603782654e-02 4.957329481840133667e-02 4.736722633242607117e-02 3.366110101342201233e-02 3.961834311485290527e-02
2.478272467851638794e-02 1.863500219769775867e-03 2.436311356723308563e-02 8.156323432922363281e-02 7.725693751126527786e-03 4.926136508584022522e-02 2.507985802367329597e-03 7.326567918062210083e-02 6.896888464689254761e-02 5.421188473701477051e-02 5.985935684293508530e-03 1.610607095062732697e-02 1.181782595813274384e-02 5.654129013419151306e-02 2.529690042138099670e-02 5.902075022459030151e-02 8.525118231773376465e-03 5.798427015542984009e-02 2.066178247332572937e-02 2.019859291613101959e-02 2.938403747975826263e-02 2.537430822849273682e-02 8.540961891412734985e-02 1.018861681222915649e-01 9.059443138539791107e-03 2.245788276195526123e-02 1.555787213146686554e-02 7.671478390693664551e-02 6.465252488851547241e-02 4.148676246404647827e-02 5.408014729619026184e-02 3.199157118797302246e-02 2.089907787740230560e-02 4.094279184937477112e-02 5.420567095279693604e-02 1.366212684661149979e-02 6.306324154138565063e-02 1.243949122726917267e-02 4.770231246948242188e-02 9.346741437911987305e-02 3.397833555936813354e-02 2.715760469436645508e-02 3.593921661376953125e-02 2.319629862904548645e-02 1.263314858078956604e-02 5.580543726682662964e-02 5.807874840684235096e-04 3.770001232624053955e-02 1.314200013875961304e-01 4.600083921104669571e-03 4.247620329260826111e-02 9.504870511591434479e-03 4.635072499513626099e-02 6.980033963918685913e-02 3.475822508335113525e-02 6.432103365659713745e-02 1.772400364279747009e-02 6.258308421820402145e-03 3.132767602801322937e-02 3.899360075592994690e-02 1.600433886051177979e-02 2.534170262515544891e-02 1.918295957148075104e-02 1.263619773089885712e-02 4.186852648854255676e-02 2.724403142929077148e-02 1.862759701907634735e-02 4.906459152698516846e-02 1.068708449602127075e-01 4.399574827402830124e-03 4.102746769785881042e-02 8.388084173202514648e-02 9.144770912826061249e-03 9.605457074940204620e-03 2.640577964484691620e-03 5.778874829411506653e-02 1.333602368831634521e-01 1.162290796637535095e-01 8.038598299026489258e-02 5.965851619839668274e-02 6.329984171316027641e-04 2.526597306132316589e-02 7.133313268423080444e-02 5.123884230852127075e-02 4.593994840979576111e-02 4.220122098922729492e-02 1.403252780437469482e-02 4.323904216289520264e-02 6.829992868006229401e-03 2.915653400123119354e-02 2.985296584665775299e-02 5.877874419093132019e-02 3.602126613259315491e-02 2.271594293415546417e-02 5.824900418519973755e-02 1.163528580218553543e-02 2.624503336846828461e-02 8.252860605716705322e-02 6.710047833621501923e-03 3.858929127454757690e-02 4.103208705782890320e-02 2.881461568176746368e-02 3.211891651153564453e-02 3.964266180992126465e-02 1.641818671487271786e-03 4.437389224767684937e-02 8.269859245046973228e-04 9.157787263393402100e-02 5.653563141822814941e-02 8.034653030335903168e-03 6.273905187845230103e-02 3.427431359887123108e-02 3.846456483006477356e-02 7.399146561510860920e-04 9.527666121721267700e-02 3.738328441977500916e-02
9.569974616169929504e-03 2.111197076737880707e-02 8.537013491149991751e-05 4.680759832262992859e-02 2.205031737685203552e-02 1.337376143783330917e-02 1.113023515790700912e-02 2.070859260857105255e-02 5.421188473701477051e-02 8.274015784263610840e-02 3.236874938011169434e-02 8.934859931468963623e-02 6.278923153877258301e-02 3.782135620713233948e-02 1.302964612841606140e-02 5.889423657208681107e-03 8.227792382240295410e-02 8.089320361614227295e-02 1.116040199995040894e-01 5.342612043023109436e-02 2.126567251980304718e-02 5.207511410117149353e-02 4.945683106780052185e-02 9.044138714671134949e-03 3.046368807554244995e-02 1.451356709003448486e-02 4.649298638105392456e-02 1.631178706884384155e-02 1.158301681280136108e-01 2.373689226806163788e-02 4.291297122836112976e-02 4.759767651557922363e-02 1.130139920860528946e-02 4.205545037984848022e-02 3.923240303993225098e-02 1.836765371263027191e-02 4.004955291748046875e-03 6.275069434195756912e-03 7.892380468547344208e-03 4.909605160355567932e-02 3.255030512809753418e-02 8.056878112256526947e-03 8.557071536779403687e-02 4.127613082528114319e-02 4.386550933122634888e-02 7.760529965162277222e-02 1.992469467222690582e-02 1.261244807392358780e-02 3.204566240310668945e-02 1.445622295141220093e-01 5.008253827691078186e-02 3.159594163298606873e-02 2.226479584351181984e-03 1.437928993254899979e-02 4.070811346173286438e-02 4.243833571672439575e-02 2.008506655693054199e-02 6.540568917989730835e-02 9.102458134293556213e-03 3.568159788846969604e-02 1.425534021109342575e-02 5.969758704304695129e-02 1.388602238148450851e-02 3.794977813959121704e-02 4.406261071562767029e-02 1.864249072968959808e-02 2.236086316406726837e-02 3.785563260316848755e-02 3.815743327140808105e-02 8.247590810060501099e-02 3.936660289764404297e-02 1.657497882843017578e-02 1.062096655368804932e-02 1.901451312005519867e-02 3.422830626368522644e-02 4.614188335835933685e-03 6.571943312883377075e-02 1.553031653165817261e-01 4.384379461407661438e-02 2.095268666744232178e-01 1.136662885546684265e-01 3.065572865307331085e-02 1.688899844884872437e-02 2.450368739664554596e-02 4.206305835396051407e-03 1.970590464770793915e-02 3.688903525471687317e-02 5.419051647186279297e-02 7.688841223716735840e-02 4.273153841495513916e-02 4.141188785433769226e-02 1.079895198345184326e-01 6.878831982612609863e-02 4.179877694696187973e-03 5.589855834841728210e-02 5.262306332588195801e-02 1.662379689514636993e-02 1.504887640476226807e-02 4.385216161608695984e-02 3.884312883019447327e-02 3.936675190925598145e-02 4.808265250176191330e-03 2.016286831349134445e-03 4.247887805104255676e-02 3.997313976287841797e-02 3.334682900458574295e-03 4.878684878349304199e-03 5.450756102800369263e-02 5.275698751211166382e-02 2.331225015223026276e-02 2.762232616078108549e-04 3.661995381116867065e-02 7.406273484230041504e-02 6.166126579046249390e-02 1.220385078340768814e-02 4.399534314870834351e-02
1.650455296039581299e-01 1.534526646137237549e-01 2.161211892962455750e-02 5.356246605515480042e-02 5.484414100646972656e-02 1.203267499804496765e-01 1.271037608385086060e-01 4.167262930423021317e-03 5.985935684293508530e-03 3.236874938011169434e-02 1.245437189936637878e-01 4.379184171557426453e-02 1.091832667589187622e-01 2.569351159036159515e-02 4.565858095884323120e-02 2.127216570079326630e-02 2.927397610619664192e-03 3.940495848655700684e-02 3.240664675831794739e-02 5.068187788128852844e-02 3.406666452065110207e-03 1.555790659040212631e-02 5.943392217159271240e-02 1.168125215917825699e-02 1.397029869258403778e-02 2.161590941250324249e-02 3.411591798067092896e-02 8.714833296835422516e-03 2.865341119468212128e-02 1.684935850789770484e-04 6.663478165864944458e-02 1.594080962240695953e-02 2.351761236786842346e-02 2.272096835076808929e-02 2.037307992577552795e-02 1.705426536500453949e-02 4.591226950287818909e-02 7.888857275247573853e-03 2.555160410702228546e-02 3.063439950346946716e-02 4.030132200568914413e-03 7.929401472210884094e-03 9.977898560464382172e-03 4.661902412772178650e-02 1.892735809087753296e-02 2.827931893989443779e-03 3.363958746194839478e-02 8.839675225317478180e-03 6.955845654010772705e-02 7.844887673854827881e-02 4.374200478196144104e-02 1.986465603113174438e-02 1.359893847256898880e-02 2.135547064244747162e-02 3.497108072042465210e-02 6.346527021378278732e-03 3.146382421255111694e-02 2.891736291348934174e-02 3.342568501830101013e-02 5.229201912879943848e-02 4.482090100646018982e-02 3.914723545312881470e-02 6.221810355782508850e-02 3.925972059369087219e-02 4.505150020122528076e-02 3.567967191338539124e-02 5.237966403365135193e-02 5.635550245642662048e-02 1.893564686179161072e-02 3.602353110909461975e-02 4.778634011745452881e-02 2.642749436199665070e-02 3.314264491200447083e-02 7.567912805825471878e-03 3.768864274024963379e-02 5.127983167767524719e-02 1.072727143764495850e-02 3.717859089374542236e-02 1.378511544317007065e-02 2.000063471496105194e-02 3.553307428956031799e-02 2.248844504356384277e-02 6.940749473869800568e-03 1.074949372559785843e-02 1.699865981936454773e-02 8.199904114007949829e-03 2.695611491799354553e-02 5.591360479593276978e-02 2.159784920513629913e-02 5.877410061657428741e-03 6.263722479343414307e-02 6.792736239731311798e-03 2.973677031695842743e-02 2.508378587663173676e-02 3.143597021698951721e-02 1.694383658468723297e-02 6.695313006639480591e-02 4.928017407655715942e-02 2.363442070782184601e-02 3.100674133747816086e-03 3.153404593467712402e-02 5.981850624084472656e-02 3.916784375905990601e-02 3.879742324352264404e-02 6.154282763600349426e-02 3.883887454867362976e-02 1.165795978158712387e-02 1.273808255791664124e-02 8.798459917306900024e-02 3.061632742173969746e-05 1.561594381928443909e-02 6.305172294378280640e-02 5.675046518445014954e-02 1.652458310127258301e-02 2.790503948926925659e-02 1.337316166609525681e-02
5.630674213171005249e-02 3.193886950612068176e-02 2.469125203788280487e-02 5.160674825310707092e-02 5.459410324692726135e-02 4.649398475885391235e-02 6.798337399959564209e-02 2.386806532740592957e-02 1.610607095062732697e-02 8.934859931468963623e-02 4.379184171557426453e-02 1.075783148407936096e-01 1.208240352571010590e-02 2.277489304542541504e-01 4.200033470988273621e-02 2.326649986207485199e-02 4.354853183031082153e-03 4.417812451720237732e-02 9.493720531463623047e-02 3.044890239834785461e-02 9.026823937892913818e-02 1.348183862864971161e-02 1.262643188238143921e-01 8.200876414775848389e-03 3.910748288035392761e-02 2.494748495519161224e-02 1.025732792913913727e-02 8.921034634113311768e-02 1.640815474092960358e-02 7.038816809654235840e-02 7.982796430587768555e-02 9.702675743028521538e-04 1.799541153013706207e-02 8.464463055133819580e-03 2.743654511868953705e-02 4.460019618272781372e-02 2.258263342082500458e-02 1.886987313628196716e-02 4.402347281575202942e-02 2.996728010475635529e-02 2.745182253420352936e-03 7.535281032323837280e-02 5.489959195256233215e-02 6.117977667599916458e-03 1.177137568593025208e-01 8.480840921401977539e-02 5.589831247925758362e-02 6.199847534298896790e-02 1.070593716576695442e-03 5.893550813198089600e-02 4.488164559006690979e-02 2.948732301592826843e-02 2.106747822836041451e-03 3.712357254698872566e-03 2.910684980452060699e-02 4.385394230484962463e-02 7.331862300634384155e-02 8.039426803588867188e-02 4.716847464442253113e-02 2.527219243347644806e-02 2.905140444636344910e-02 1.514831092208623886e-02 6.251171696931123734e-03 2.191242016851902008e-02 3.176254034042358398e-02 2.371252328157424927e-02 4.795819055289030075e-03 9.640221297740936279e-02 6.818599253892898560e-02 2.822066843509674072e-02 1.038352400064468384e-02 2.500604279339313507e-02 2.755052410066127777e-02 4.610000178217887878e-02 1.408549374900758266e-03 7.282628118991851807e-02 5.609226971864700317e-02 3.421589359641075134e-02 7.840025424957275391e-02 1.279855966567993164e-01 1.500291749835014343e-02 2.808395214378833771e-02 1.917548477649688721e-02 2.460744231939315796e-02 4.559244960546493530e-02 1.747970655560493469e-02 2.556183561682701111e-02 2.545634843409061432e-02 5.287093669176101685e-02 6.342290341854095459e-02 5.472617968916893005e-02 2.239071391522884369e-02 3.306979686021804810e-02 7.983645424246788025e-03 5.891511589288711548e-02 1.161735318601131439e-02 5.441017821431159973e-02 5.453296005725860596e-03 2.423583343625068665e-02 7.519741076976060867e-03 4.958854243159294128e-02 4.787001013755798340e-02 4.690996184945106506e-02 6.742525845766067505e-02 3.890363499522209167e-02 2.916554361581802368e-02 7.274306565523147583e-02 2.788108028471469879e-02 3.749877586960792542e-02 8.143877238035202026e-02 7.036502659320831299e-02 6.549675483256578445e-03 6.673249602317810059e-02 9.164775907993316650e-02 1.788051426410675049e-02 2.476694993674755096e-02
8.079104125499725342e-02 1.349624097347259521e-01 2.569486573338508606e-02 7.449382543563842773e-02 5.096465721726417542e-02 9.844379127025604248e-02 1.229562088847160339e-01 7.709692232310771942e-03 1.181782595813274384e-02 6.278923153877258301e-02 1.091832667589187622e-01 1.208240352571010590e-02 7.896722108125686646e-02 1.301186042837798595e-03 3.840404748916625977e-02 2.486753650009632111e-02 2.284537442028522491e-02 6.970621645450592041e-02 5.787865724414587021e-03 2.784282341599464417e-02 1.221540966071188450e-03 2.744276821613311768e-02 2.491350099444389343e-02 2.075086534023284912e-02 4.385374486446380615e-02 6.390913389623165131e-03 2.132444083690643311e-02 4.222213849425315857e-02 8.381792902946472168e-02 1.641557738184928894e-02 6.330697983503341675e-02 5.859939008951187134e-02 2.444850653409957886e-02 3.553635627031326294e-02 1.882993616163730621e-02 3.917923895642161369e-04 1.502751186490058899e-02 5.436107516288757324e-02 3.386057913303375244e-02 5.096006393432617188e-02 6.194063648581504822e-02 5.897159129381179810e-02 7.156779058277606964e-03 7.354365289211273193e-02 2.247747965157032013e-02 1.034197583794593811e-02 1.820831373333930969e-02 5.240757018327713013e-02 1.637268066406250000e-02 3.968552127480506897e-02 2.789760194718837738e-02 3.495763987302780151e-03 8.746382780373096466e-03 8.456736803054809570e-03 3.399822488427162170e-02 5.869635380804538727e-03 8.134372532367706299e-02 2.730481512844562531e-02 3.932504728436470032e-02 1.040467247366905212e-02 2.463308535516262054e-02 4.187259823083877563e-02 1.500519551336765289e-02 4.336141794919967651e-02 6.280541419982910156e-02 4.875797778367996216e-02 1.188769564032554626e-02 3.385461494326591492e-02 4.680600017309188843e-02 4.202090203762054443e-02 3.595286747440695763e-03 1.772779598832130432e-02 1.124692335724830627e-02 3.167171031236648560e-02 4.889958538115024567e-03 9.738566353917121887e-03 6.423740833997726440e-02 1.725110225379467010e-03 4.663467034697532654e-02 2.037264592945575714e-02 9.334479272365570068e-02 2.037296257913112640e-02 3.222419694066047668e-02 2.844298258423805237e-02 3.215212747454643250e-02 1.362018007785081863e-02 4.339237138628959656e-02 2.516168914735317230e-02 2.724777534604072571e-02 6.149046495556831360e-02 4.113020375370979309e-02 2.756007015705108643e-02 1.906804740428924561e-02 4.543105885386466980e-02 8.375960588455200195e-02 3.274547308683395386e-02 1.732399500906467438e-02 2.783591859042644501e-02 1.249338313937187195e-02 2.600327134132385254e-03 1.952072419226169586e-02 4.125204682350158691e-02 2.521471865475177765e-02 2.361515350639820099e-02 1.953302696347236633e-02 9.408519603312015533e-03 2.017943374812602997e-02 1.582240127027034760e-02 5.954667553305625916e-02 3.242728114128112793e-02 4.009309038519859314e-02 1.562526077032089233e-02 2.416569925844669342e-02 2.089960128068923950e-02 7.863693684339523315e-02 3.344948217272758484e-02
