1.845835521817207336e-02 5.130043625831604004e-01 2.068788185715675354e-02 6.559252738952636719e-02 6.274662166833877563e-02 4.784769844263792038e-03 4.784749075770378113e-02 5.532523244619369507e-02 7.739518303424119949e-03 3.790529072284698486e-02 6.299787759780883789e-02 5.064919590950012207e-02 5.814638361334800720e-02 8.498968183994293213e-02 4.350824281573295593e-03 2.044559456408023834e-02 9.710129350423812866e-03 4.311054199934005737e-02 4.470748081803321838e-02 1.739765703678131104e-02 1.453255303204059601e-03 1.956388354301452637e-02 4.469167441129684448e-02 4.153810907155275345e-03 4.797279089689254761e-02 5.037820432335138321e-03 9.525446221232414246e-03 1.290368032641708851e-03 7.602351717650890350e-03 3.752886503934860229e-02 6.729339808225631714e-02 2.025416493415832520e-02 7.773667573928833008e-02 8.293409831821918488e-03 1.620567962527275085e-02 5.449598282575607300e-02 7.938171178102493286e-02 2.138799615204334259e-02 6.386653333902359009e-02 3.113726340234279633e-02 3.853120654821395874e-02 1.961764320731163025e-02 4.938943684101104736e-02 4.890367388725280762e-02 2.046623453497886658e-02 1.437417883425951004e-02 2.218818850815296173e-02 2.563676796853542328e-02 2.202823199331760406e-02 3.833831474184989929e-02 8.769872039556503296e-02 6.445244699716567993e-02 3.350038453936576843e-02 1.143094599246978760e-01 4.056138545274734497e-02 5.969771742820739746e-02 3.714106231927871704e-02 4.806280136108398438e-02 4.066898301243782043e-02 2.617981843650341034e-02 6.949114054441452026e-02 1.057903375476598740e-02 6.818786263465881348e-02 8.602334186434745789e-03 1.810140348970890045e-02 6.489662826061248779e-02 7.201245985925197601e-03 2.653485536575317383e-02 2.782874042168259621e-03 8.062744513154029846e-03 3.721110895276069641e-02 3.099995898082852364e-03 9.197469800710678101e-03 3.497746959328651428e-02 5.415854975581169128e-02 2.115793153643608093e-02 3.609546273946762085e-02 5.639228969812393188e-03 3.521993383765220642e-02 8.790121972560882568e-02 2.218666858971118927e-02 2.176957577466964722e-02 5.259270593523979187e-02 2.444096095860004425e-02 5.949678272008895874e-02 4.857521876692771912e-02 2.593729458749294281e-02 3.440206125378608704e-02 4.042381793260574341e-02 3.859187290072441101e-02 4.423863068222999573e-02 1.125245448201894760e-02 3.089930489659309387e-02 3.544871136546134949e-02 5.823023617267608643e-02 4.517560300882905722e-04 3.094245307147502899e-02 3.574775159358978271e-02 4.333028569817543030e-02 3.564718738198280334e-02 2.149955136701464653e-03 2.281951904296875000e-02 4.487629979848861694e-02 2.825275249779224396e-02 8.933990262448787689e-03 3.533707931637763977e-02 9.232860058546066284e-03 1.776803471148014069e-02 5.393921956419944763e-02 1.210122555494308472e-02 7.566028088331222534e-02 7.150822132825851440e-02 2.022515423595905304e-02 1.884377934038639069e-02 2.159821242094039917e-02 2.884623594582080841e-02
5.130043625831604004e-01 3.952066600322723389e-02 3.978314623236656189e-02 5.010567978024482727e-02 1.853863336145877838e-02 4.914593324065208435e-02 2.098166570067405701e-02 2.273452840745449066e-02 2.007522433996200562e-02 2.677499316632747650e-03 1.256496310234069824e-01 4.259676486253738403e-02 7.305407524108886719e-02 2.995535498484969139e-03 2.980499528348445892e-02 1.834144443273544312e-02 2.825025469064712524e-02 1.138974985224194825e-04 3.081565164029598236e-02 2.819458022713661194e-02 1.259182486683130264e-02 2.235779725015163422e-02 1.467807590961456299e-02 1.971331983804702759e-02 1.206211932003498077e-02 4.170132428407669067e-02 3.518011420965194702e-02 2.670445293188095093e-02 5.135069135576486588e-03 9.065981209278106689e-02 1.423187833279371262e-02 8.581154979765415192e-03 5.022835358977317810e-02 3.828783333301544189e-02 1.963607408106327057e-02 3.223217651247978210e-02 7.304093241691589355e-02 4.946650192141532898e-02 2.554360963404178619e-02 5.879583582282066345e-02 8.151172846555709839e-02 7.272045314311981201e-02 9.935917332768440247e-03 1.043351180851459503e-02 5.739846080541610718e-02 2.912817150354385376e-02 2.742030657827854156e-02 3.725379705429077148e-02 1.190560031682252884e-02 4.088929668068885803e-02 1.088052690029144287e-01 9.590787440538406372e-02 1.151681691408157349e-02 1.454785615205764771e-01 1.642598956823348999e-02 5.998727679252624512e-02 2.588155120611190796e-02 5.840510129928588867e-03 5.592788010835647583e-02 1.185373309999704361e-02 5.761399120092391968e-02 1.993295922875404358e-02 3.527031466364860535e-02 1.018764358013868332e-02 3.412651643157005310e-02 3.798779100179672241e-02 1.646421104669570923e-02 2.674821391701698303e-02 1.652597449719905853e-02 7.382278889417648315e-02 2.988856472074985504e-02 7.476393878459930420e-02 5.953837558627128601e-02 1.261263154447078705e-02 2.598699554800987244e-02 6.213760748505592346e-02 2.192581631243228912e-02 4.489734396338462830e-02 7.895838469266891479e-03 4.493891820311546326e-02 3.612473607063293457e-03 1.302946731448173523e-02 3.210210427641868591e-02 1.311256270855665207e-02 5.673739314079284668e-02 2.928571961820125580e-02 3.464332967996597290e-02 7.277672737836837769e-02 5.889664404094219208e-03 8.439827710390090942e-03 1.648849574849009514e-03 7.114402949810028076e-02 1.580032706260681152e-02 9.532114118337631226e-02 3.649431467056274414e-02 4.337599128484725952e-02 4.288361594080924988e-02 4.254692792892456055e-02 5.746668204665184021e-02 6.561537273228168488e-03 2.723279781639575958e-02 1.153115369379520416e-02 1.279707998037338257e-01 3.119676001369953156e-02 3.167562559247016907e-02 1.529566571116447449e-02 1.054789796471595764e-01 7.803590036928653717e-03 8.319694548845291138e-03 6.036368757486343384e-02 3.259712457656860352e-02 9.641816467046737671e-02 5.200394243001937866e-02 1.086711231619119644e-02 9.076514397747814655e-04 3.906238451600074768e-02
2.068788185715675354e-02 3.978314623236656189e-02 1.309746950864791870e-01 6.998197734355926514e-02 4.614630714058876038e-02 3.868108242750167847e-02 3.773602470755577087e-02 1.629359126091003418e-01 1.326667051762342453e-02 1.171619631350040436e-02 1.282638311386108398e-02 1.241067796945571899e-02 2.497234940528869629e-02 2.036857232451438904e-02 7.877932488918304443e-02 1.945834793150424957e-02 2.849838696420192719e-02 1.069069001823663712e-02 7.843999564647674561e-02 2.843103371560573578e-02 1.795805804431438446e-02 1.993280462920665741e-02 1.914186030626296997e-02 1.111703366041183472e-02 5.313388630747795105e-02 2.468228898942470551e-02 3.549924120306968689e-02 1.159954722970724106e-02 1.946754008531570435e-02 5.142773315310478210e-02 4.796927794814109802e-03 4.819063469767570496e-02 1.840057782828807831e-02 1.617901027202606201e-02 5.838910117745399475e-02 2.908028103411197662e-02 2.881465665996074677e-02 1.056367252022027969e-02 5.635071545839309692e-02 4.893700825050473213e-04 2.961014211177825928e-02 4.238488618284463882e-03 1.362782437354326248e-02 5.735351890325546265e-02 2.943094819784164429e-02 1.942819729447364807e-02 1.075182203203439713e-02 2.599762938916683197e-02 4.504435136914253235e-02 4.229617863893508911e-02 3.669425472617149353e-02 7.856617681682109833e-03 2.375624375417828560e-03 1.128113716840744019e-01 4.709448665380477905e-02 5.185827612876892090e-02 1.576936058700084686e-02 2.318456768989562988e-02 3.348433598875999451e-02 8.903528749942779541e-02 1.485485397279262543e-02 4.639605805277824402e-02 4.178271815180778503e-02 7.901933859102427959e-04 1.190509647130966187e-02 4.737537726759910583e-02 9.125167503952980042e-03 2.043417654931545258e-02 3.696571663022041321e-02 1.810651831328868866e-02 4.145867750048637390e-02 1.876959949731826782e-02 2.671053074300289154e-02 2.570005878806114197e-02 1.498823519796133041e-02 3.315780078992247581e-03 4.682682082056999207e-02 9.029757231473922729e-03 3.610332682728767395e-02 2.801410853862762451e-02 2.715002298355102539e-01 2.572522163391113281e-01 2.420057915151119232e-02 1.978715695440769196e-02 1.258093630895018578e-03 1.920310780405998230e-02 5.905237421393394470e-02 1.334820091724395752e-01 8.442485705018043518e-03 2.861607261002063751e-02 3.077683039009571075e-02 7.233051117509603500e-03 6.930598057806491852e-03 7.158420979976654053e-02 3.540070354938507080e-02 1.656355150043964386e-02 1.658281311392784119e-02 1.993974670767784119e-02 3.200040757656097412e-02 2.747641690075397491e-02 3.610597550868988037e-02 8.935416117310523987e-03 4.607676714658737183e-02 3.034435026347637177e-02 7.025312166661024094e-03 5.533578246831893921e-02 1.406279113143682480e-02 1.989609189331531525e-02 4.277859628200531006e-02 4.700110852718353271e-02 1.302286703139543533e-02 3.154820203781127930e-02 1.874269545078277588e-02 3.585149347782135010e-02 7.070051133632659912e-02 8.841086179018020630e-02
6.559252738952636719e-02 5.010567978024482727e-02 6.998197734355926514e-02 2.212998270988464355e-02 9.496234357357025146e-02 2.330866456031799316e-02 4.911582544445991516e-02 4.600195586681365967e-02 1.631898432970046997e-02 5.404802039265632629e-02 4.015308991074562073e-02 9.099648147821426392e-02 9.354473650455474854e-02 6.888085603713989258e-02 4.678313061594963074e-02 2.915330044925212860e-02 3.425050526857376099e-02 4.955307766795158386e-02 1.224305015057325363e-03 2.193851955235004425e-02 3.670453652739524841e-02 2.324717491865158081e-02 1.306574605405330658e-02 5.333146825432777405e-02 2.605479210615158081e-02 3.640501946210861206e-02 1.614306494593620300e-02 1.075671985745429993e-02 3.915322944521903992e-02 3.135773167014122009e-02 3.625921159982681274e-02 5.149123817682266235e-02 5.520126968622207642e-02 1.781723648309707642e-02 1.207660185173153877e-03 3.645051643252372742e-02 1.527093816548585892e-03 4.335243720561265945e-03 2.663212716579437256e-01 1.295786257833242416e-02 5.982066690921783447e-02 5.636881105601787567e-04 3.885304927825927734e-02 2.460593916475772858e-02 6.305336952209472656e-02 7.446517795324325562e-02 5.235107615590095520e-02 5.818735063076019287e-02 8.086688816547393799e-02 5.116223171353340149e-02 3.311497345566749573e-02 3.425152227282524109e-02 1.275073178112506866e-02 2.484375983476638794e-02 7.163441926240921021e-02 5.597763508558273315e-02 1.857047784142196178e-03 2.086593396961688995e-02 3.207974659744650126e-04 4.217901453375816345e-02 1.274805236607789993e-02 2.135855704545974731e-02 8.788991719484329224e-02 2.946879155933856964e-02 9.749554097652435303e-03 7.172017544507980347e-02 7.460473477840423584e-02 9.722457267343997955e-03 7.913064956665039062e-02 1.018090173602104187e-02 1.954564452171325684e-02 1.399677339941263199e-02 2.026546299457550049e-01 9.743219614028930664e-02 7.698306441307067871e-02 3.954306617379188538e-02 1.853243820369243622e-02 4.767658561468124390e-02 1.126637086272239685e-01 1.495846197940409184e-03 9.242177009582519531e-02 2.173541858792304993e-02 1.501275151968002319e-01 1.982430368661880493e-02 5.680933222174644470e-02 8.580437302589416504e-02 1.732896198518574238e-03 4.331855848431587219e-02 5.627985671162605286e-02 2.536761458031833172e-04 6.572963297367095947e-02 5.372693017125129700e-02 5.455754697322845459e-02 7.465540617704391479e-02 2.129890210926532745e-02 1.322067901492118835e-02 6.727641820907592773e-02 1.969654671847820282e-02 8.872839971445500851e-04 5.994334816932678223e-02 2.025401592254638672e-02 1.454762276262044907e-02 1.279001962393522263e-02 2.089204825460910797e-02 1.634573005139827728e-02 8.486956357955932617e-03 1.200669351965188980e-02 3.744920343160629272e-02 1.855300739407539368e-02 2.346865274012088776e-02 2.672920003533363342e-02 4.998306930065155029e-02 1.938110589981079102e-02 5.108173936605453491e-02 6.359079480171203613e-02 4.099528118968009949e-02
6.274662166833877563e-02 1.853863336145877838e-02 4.614630714058876038e-02 9.496234357357025146e-02 2.595650590956211090e-02 4.282233491539955139e-02 1.727349497377872467e-02 1.548425946384668350e-02 1.570628955960273743e-02 3.547950834035873413e-02 1.337546110153198242e-02 5.743751674890518188e-02 7.148988079279661179e-03 5.772301927208900452e-02 6.379615515470504761e-03 2.734669297933578491e-02 3.035558201372623444e-02 4.355301707983016968e-02 3.834841027855873108e-02 2.216331101953983307e-02 2.797560580074787140e-02 4.015186335891485214e-03 4.305057600140571594e-02 1.801456906832754612e-03 4.234278574585914612e-02 3.833263367414474487e-02 1.130794081836938858e-02 4.707354307174682617e-02 4.749539867043495178e-02 6.828014738857746124e-04 1.728690043091773987e-02 1.654165796935558319e-02 6.287854909896850586e-02 1.348687242716550827e-02 1.919381879270076752e-02 8.081550709903240204e-03 1.451980788260698318e-02 1.793281547725200653e-02 1.862963847815990448e-02 1.294516026973724365e-01 3.234719624742865562e-03 3.580670803785324097e-02 6.256914138793945312e-02 8.346758037805557251e-02 2.346500521525740623e-03 6.445955485105514526e-03 5.383879318833351135e-02 5.922499112784862518e-03 2.571735717356204987e-02 4.295243322849273682e-02 2.037731558084487915e-02 5.107659846544265747e-02 1.184571161866188049e-02 2.403234690427780151e-02 4.668395849876105785e-04 7.854069024324417114e-02 2.412066236138343811e-02 5.736649502068758011e-03 4.994065687060356140e-02 4.706579074263572693e-02 2.022998407483100891e-02 9.899215400218963623e-02 1.084941346198320389e-02 1.512003410607576370e-02 3.379284404218196869e-03 1.108087748289108276e-01 1.088766753673553467e-02 8.512889966368675232e-03 2.143421769142150879e-02 2.540016360580921173e-02 2.800396643579006195e-02 4.412644542753696442e-03 3.005885519087314606e-02 3.659902140498161316e-02 1.034145206212997437e-01 4.293457791209220886e-02 1.449700095690786839e-03 3.715790808200836182e-02 3.907968848943710327e-02 4.508914425969123840e-02 2.371557056903839111e-03 3.612659871578216553e-03 1.023760363459587097e-01 1.211214810609817505e-01 4.573492333292961121e-03 3.411370515823364258e-02 4.260819870978593826e-03 5.554969981312751770e-02 4.825600981712341309e-02 3.599951043725013733e-02 1.015918236225843430e-02 2.776078693568706512e-02 1.313901506364345551e-03 9.609300643205642700e-03 3.617656230926513672e-02 3.722989559173583984e-02 4.606115072965621948e-02 1.606121659278869629e-02 5.063964053988456726e-02 2.684896439313888550e-02 5.082910880446434021e-02 3.636121749877929688e-02 2.929153293371200562e-02 7.395438849925994873e-03 1.450086198747158051e-02 1.536049041897058487e-02 1.341957133263349533e-02 3.088161535561084747e-02 7.692785933613777161e-03 1.812808401882648468e-02 3.381259273737668991e-03 4.590504616498947144e-02 4.910845309495925903e-03 2.273057773709297180e-02 5.209075286984443665e-02 2.268098853528499603e-02
4.784769844263792038e-03 4.914593324065208435e-02 3.868108242750167847e-02 2.330866456031799316e-02 4.282233491539955139e-02 4.440236836671829224e-02 2.237648218870162964e-01 5.488118156790733337e-02 5.209975317120552063e-02 4.677962884306907654e-02 4.281228408217430115e-02 2.470220206305384636e-03 5.515329539775848389e-02 4.349415749311447144e-02 4.447291046380996704e-02 4.551304876804351807e-02 9.383737295866012573e-02 4.267744347453117371e-02 5.867471173405647278e-02 3.389505296945571899e-02 1.732165180146694183e-02 3.524228185415267944e-02 2.507643774151802063e-02 3.652897104620933533e-02 2.433120831847190857e-02 2.451401669532060623e-03 2.643650025129318237e-02 3.739422187209129333e-02 3.444645926356315613e-02 2.127762697637081146e-02 1.071440614759922028e-02 1.085555087774991989e-02 1.829545246437191963e-03 1.152084209024906158e-02 1.943348720669746399e-02 1.222136523574590683e-02 7.269602734595537186e-03 4.285174980759620667e-02 1.974962651729583740e-02 1.851338893175125122e-02 1.527718082070350647e-02 1.715675555169582367e-02 2.265754900872707367e-02 2.070944290608167648e-03 5.014782026410102844e-02 5.259585008025169373e-02 1.645550131797790527e-01 1.408852040767669678e-01 4.464610293507575989e-02 1.260923128575086594e-02 1.504138670861721039e-02 7.822632789611816406e-02 1.602805964648723602e-02 1.447926368564367294e-02 2.686071209609508514e-03 4.873698204755783081e-02 8.847058750689029694e-03 2.072751708328723907e-02 4.655574634671211243e-02 2.404426224529743195e-02 1.795938820578157902e-03 1.257818657904863358e-02 4.108470305800437927e-02 8.513750508427619934e-03 5.485057458281517029e-02 2.971526607871055603e-02 1.180351478978991508e-03 2.065155282616615295e-02 9.143455885350704193e-03 3.666590526700019836e-02 3.740279935300350189e-03 3.831716999411582947e-02 3.057717531919479370e-02 2.727759070694446564e-02 2.286172471940517426e-02 1.902896165847778320e-02 6.133233383297920227e-02 7.398624718189239502e-02 9.349866211414337158e-02 4.783507063984870911e-02 3.015745058655738831e-02 1.840236224234104156e-02 4.083352908492088318e-02 6.922421976923942566e-03 6.997669115662574768e-03 4.035080224275588989e-02 1.315006427466869354e-02 3.164948523044586182e-02 1.140349358320236206e-02 4.947354272007942200e-02 8.229383826255798340e-02 9.448701143264770508e-02 1.223239898681640625e-01 7.784035801887512207e-02 3.966059535741806030e-02 4.726917669177055359e-02 3.290503844618797302e-02 3.955018147826194763e-02 8.091636002063751221e-02 1.175910979509353638e-02 2.397218020632863045e-03 2.303801011294126511e-03 3.380751237273216248e-02 8.571104705333709717e-02 5.957943573594093323e-02 1.686684042215347290e-02 1.277173124253749847e-02 4.660014063119888306e-02 3.354571014642715454e-02 7.399495225399732590e-03 4.366331547498703003e-02 1.255349442362785339e-02 3.326395899057388306e-02 9.516011923551559448e-02 3.655354306101799011e-02 2.678609825670719147e-02
4.784749075770378113e-02 2.098166570067405701e-02 3.773602470755577087e-02 4.911582544445991516e-02 1.727349497377872467e-02 2.237648218870162964e-01 4.359262436628341675e-02 1.217340235598385334e-03 2.877743169665336609e-02 4.537139460444450378e-02 2.605189941823482513e-02 4.516204819083213806e-02 8.491124957799911499e-03 9.586923569440841675e-02 3.580913692712783813e-02 7.442999631166458130e-02 1.059962511062622070e-01 1.852191868238151073e-03 1.451620273292064667e-02 6.414081901311874390e-03 1.370361633598804474e-02 9.743958711624145508e-03 7.231991272419691086e-03 4.254715144634246826e-02 1.128777675330638885e-02 1.408748980611562729e-02 9.678580798208713531e-03 1.772010698914527893e-02 3.074631839990615845e-02 1.495481189340353012e-02 3.768239170312881470e-02 1.970001496374607086e-02 1.284161582589149475e-02 2.113981358706951141e-02 2.126461640000343323e-02 2.600200707092881203e-03 2.032340737059712410e-03 7.219418417662382126e-03 3.534743934869766235e-02 5.113761872053146362e-04 2.422573044896125793e-02 2.545097470283508301e-02 3.358145803213119507e-02 1.065041753463447094e-03 6.740659475326538086e-02 1.212956034578382969e-03 1.444154083728790283e-01 1.532700657844543457e-01 5.455553159117698669e-02 6.734284106642007828e-03 2.942740172147750854e-02 4.679144173860549927e-02 1.342288963496685028e-02 6.430653389543294907e-03 2.395410090684890747e-02 4.423809796571731567e-02 1.089763268828392029e-02 1.423988584429025650e-02 3.176026791334152222e-02 2.642249688506126404e-02 4.537556786090135574e-03 3.876734757795929909e-03 2.440208755433559418e-02 4.344096034765243530e-02 5.178345739841461182e-02 1.650899276137351990e-02 2.068229019641876221e-02 2.367784269154071808e-02 7.214218378067016602e-03 3.899887949228286743e-02 3.992354031652212143e-03 3.762464970350265503e-02 1.299293152987957001e-02 2.462917938828468323e-02 8.356765843927860260e-03 2.551820501685142517e-02 3.911402449011802673e-02 3.360367566347122192e-02 1.967734284698963165e-02 4.110676422715187073e-02 5.757577717304229736e-03 2.841013297438621521e-02 2.361902035772800446e-02 5.194998160004615784e-02 1.739065721631050110e-02 2.495274320244789124e-02 3.148219361901283264e-02 2.480181306600570679e-02 2.713103033602237701e-02 4.035490751266479492e-02 7.634469866752624512e-02 3.118606284260749817e-02 1.235227137804031372e-01 7.250564545392990112e-02 4.824843257665634155e-02 4.245625808835029602e-02 1.973087713122367859e-02 3.722006455063819885e-02 5.756517127156257629e-02 3.970881458371877670e-03 1.140929572284221649e-02 1.048991922289133072e-02 5.250548012554645538e-03 6.147598475217819214e-02 4.126214608550071716e-02 1.826700940728187561e-02 1.429240033030509949e-02 6.998211890459060669e-02 3.056637756526470184e-02 3.780207782983779907e-02 1.253084000200033188e-02 4.656221345067024231e-02 7.871353998780250549e-03 9.425769001245498657e-02 5.274065770208835602e-03 8.074708282947540283e-03
5.532523244619369507e-02 2.273452840745449066e-02 1.629359126091003418e-01 4.600195586681365967e-02 1.548425946384668350e-02 5.488118156790733337e-02 1.217340235598385334e-03 1.118383556604385376e-01 2.068986929953098297e-02 5.971687380224466324e-03 4.019511863589286804e-02 4.553230106830596924e-02 7.146620750427246094e-02 2.727832412347197533e-03 1.111115515232086182e-01 1.742116175591945648e-02 1.939577795565128326e-02 1.181383244693279266e-02 6.273422390222549438e-03 1.134080812335014343e-02 3.588579222559928894e-02 2.437818050384521484e-02 5.561120435595512390e-02 6.532980594784021378e-03 3.856230061501264572e-03 6.205968186259269714e-02 1.628740504384040833e-02 3.382125496864318848e-02 4.828829318284988403e-02 3.892602398991584778e-02 8.385960943996906281e-03 3.762970492243766785e-02 2.192510105669498444e-02 2.827936597168445587e-02 4.780573025345802307e-02 2.456713840365409851e-02 2.008023671805858612e-02 3.185846656560897827e-02 5.162481591105461121e-02 3.539017960429191589e-02 2.177394554018974304e-02 6.156082265079021454e-03 5.431643687188625336e-03 5.781696364283561707e-02 5.159607529640197754e-02 1.880445051938295364e-04 1.433067210018634796e-02 1.040894654579460621e-03 3.901708498597145081e-02 4.647737741470336914e-02 2.785594202578067780e-03 2.592006511986255646e-02 4.763662815093994141e-03 8.440332114696502686e-02 7.047028746455907822e-03 1.306715980172157288e-02 4.726180434226989746e-02 1.766831427812576294e-02 8.927896618843078613e-02 3.905429318547248840e-02 1.829742453992366791e-02 3.519103676080703735e-02 6.223634257912635803e-02 8.994272910058498383e-03 1.540604233741760254e-02 5.178770795464515686e-02 3.825069218873977661e-02 2.465307340025901794e-02 2.306714281439781189e-02 2.093025110661983490e-02 1.326377131044864655e-02 2.106988988816738129e-02 3.233897313475608826e-02 2.094135805964469910e-02 4.039673600345849991e-03 1.711346022784709930e-02 1.684851385653018951e-02 2.128288522362709045e-02 6.177388597279787064e-03 1.335899252444505692e-02 2.661074995994567871e-01 1.254862397909164429e-01 6.969135720282793045e-03 2.351269312202930450e-02 7.842973805963993073e-03 1.059851609170436859e-02 2.890831232070922852e-01 1.056520454585552216e-02 7.859137840569019318e-03 1.562089193612337112e-02 5.251962225884199142e-03 7.283773273229598999e-02 4.946586210280656815e-03 2.866142615675926208e-02 2.623382024466991425e-02 1.358387176878750324e-03 7.820201106369495392e-03 1.932350173592567444e-02 1.457281969487667084e-02 9.618481621146202087e-03 1.038801483809947968e-02 1.009717769920825958e-02 4.947665333747863770e-02 3.092110157012939453e-02 2.379363961517810822e-02 7.659250497817993164e-02 4.155159462243318558e-03 2.635249122977256775e-02 2.986384928226470947e-02 3.084057569503784180e-02 3.646289557218551636e-02 1.687012985348701477e-02 2.531367167830467224e-02 2.637569233775138855e-02 3.831812366843223572e-02 4.890916869044303894e-02
7.739518303424119949e-03 2.007522433996200562e-02 1.326667051762342453e-02 1.631898432970046997e-02 1.570628955960273743e-02 5.209975317120552063e-02 2.877743169665336609e-02 2.068986929953098297e-02 8.537396043539047241e-02 1.445825546979904175e-01 2.233607135713100433e-02 3.312803432345390320e-02 1.789528876543045044e-02 8.890455216169357300e-02 6.275922060012817383e-02 1.387298293411731720e-02 3.699005395174026489e-02 8.497948758304119110e-03 6.815663725137710571e-02 2.680788189172744751e-02 7.212054729461669922e-02 3.092661127448081970e-02 1.055377945303916931e-01 7.615961879491806030e-02 2.424192242324352264e-02 1.806691405363380909e-03 5.449664592742919922e-02 1.806663535535335541e-02 4.390051588416099548e-02 5.650600884109735489e-03 1.799376122653484344e-02 1.801049523055553436e-02 1.908101886510848999e-02 2.619915083050727844e-02 3.352076932787895203e-02 2.674148418009281158e-02 1.643928140401840210e-02 4.449621960520744324e-02 3.918522503226995468e-03 3.236458078026771545e-02 9.869728237390518188e-04 7.134830206632614136e-02 2.365687629207968712e-03 1.958945579826831818e-02 5.334028974175453186e-02 1.113144773989915848e-02 4.299369454383850098e-02 2.651682123541831970e-02 6.590013206005096436e-02 3.384808450937271118e-02 8.282449096441268921e-02 3.616836667060852051e-02 1.933084242045879364e-02 4.984621331095695496e-02 8.578054606914520264e-02 2.538573555648326874e-02 1.168618071824312210e-02 1.129987277090549469e-02 2.477441728115081787e-02 1.584686897695064545e-02 3.827969543635845184e-03 2.531640231609344482e-02 2.067775838077068329e-02 2.933860756456851959e-03 2.723212912678718567e-02 1.138852443546056747e-02 6.933638826012611389e-03 4.851314425468444824e-02 7.430483400821685791e-02 2.628635056316852570e-02 7.109705358743667603e-02 2.312147617340087891e-02 7.757352292537689209e-02 1.395807834342122078e-03 7.538423687219619751e-02 3.680416382849216461e-03 1.741151362657546997e-01 1.821539551019668579e-01 1.028103902935981750e-01 2.120180800557136536e-02 5.933358334004878998e-04 2.907908521592617035e-03 4.458130896091461182e-02 6.019392237067222595e-02 2.242190204560756683e-02 3.535054251551628113e-02 1.423181034624576569e-02 1.823297142982482910e-02 2.642711624503135681e-02 4.354585334658622742e-02 4.295407794415950775e-03 9.822067804634571075e-03 3.526674211025238037e-02 4.677245020866394043e-02 1.010032091289758682e-02 4.725622478872537613e-03 2.053074073046445847e-03 1.017567981034517288e-02 9.736612439155578613e-02 7.758175581693649292e-02 5.131926760077476501e-02 3.391947969794273376e-02 1.076037343591451645e-02 4.803285002708435059e-03 2.373947203159332275e-02 5.856803432106971741e-02 1.477674487978219986e-02 5.202487483620643616e-02 6.359253823757171631e-02 1.375719159841537476e-02 2.801266312599182129e-02 1.256263907998800278e-02 5.575092975050210953e-03 1.677775196731090546e-02 6.956306099891662598e-02 1.342296949587762356e-03
3.790529072284698486e-02 2.677499316632747650e-03 1.171619631350040436e-02 5.404802039265632629e-02 3.547950834035873413e-02 4.677962884306907654e-02 4.537139460444450378e-02 5.971687380224466324e-03 1.445825546979904175e-01 3.562622889876365662e-02 7.455357909202575684e-02 3.667346201837062836e-03 7.251216471195220947e-02 1.169695705175399780e-02 2.265678718686103821e-02 2.594766393303871155e-02 4.321879148483276367e-02 1.135417446494102478e-02 6.517747789621353149e-02 1.895570568740367889e-02 1.780878379940986633e-02 2.477447129786014557e-02 4.821589589118957520e-02 1.249304562807083130e-01 2.185984514653682709e-02 6.948645692318677902e-03 7.631216943264007568e-02 2.440600655972957611e-03 3.389937337487936020e-03 1.001997012645006180e-02 3.012871742248535156e-02 1.509389467537403107e-02 2.119724638760089874e-03 2.235854603350162506e-02 4.245078656822443008e-03 1.474515814334154129e-02 2.794479019939899445e-02 1.741702482104301453e-02 2.221780642867088318e-02 2.089505782350897789e-03 2.564306743443012238e-02 2.587325312197208405e-02 1.694855988025665283e-01 3.212378919124603271e-02 4.056368023157119751e-02 2.345491014420986176e-02 5.390982143580913544e-03 3.141354024410247803e-02 5.437924340367317200e-02 1.408093422651290894e-01 3.605559095740318298e-02 8.195558935403823853e-02 2.922151004895567894e-03 5.921954661607742310e-02 6.878903508186340332e-02 1.949604451656341553e-01 2.814646996557712555e-02 6.648509949445724487e-02 6.015772465616464615e-03 2.869451791048049927e-02 3.353976458311080933e-02 6.816469132900238037e-02 3.472011163830757141e-02 8.913982659578323364e-02 2.937171421945095062e-02 2.402439340949058533e-02 6.743299961090087891e-02 1.215459872037172318e-02 1.035500550642609596e-03 4.125554859638214111e-02 5.029983003623783588e-04 5.262961983680725098e-02 5.824102554470300674e-03 6.855904310941696167e-02 3.789073089137673378e-03 4.727707430720329285e-02 5.201068148016929626e-02 1.614809781312942505e-01 4.940117523074150085e-02 1.773833530023694038e-03 2.502974309027194977e-02 3.082442656159400940e-02 4.325123503804206848e-02 7.546966522932052612e-02 5.239741131663322449e-02 6.332523375749588013e-02 1.805090531706809998e-02 4.511601477861404419e-02 8.826370537281036377e-02 2.958945371210575104e-02 2.995218150317668915e-03 2.074582036584615707e-03 2.479194663465023041e-02 7.781857252120971680e-02 5.878595635294914246e-02 1.117159519344568253e-02 8.586197160184383392e-03 5.167554691433906555e-02 1.109910756349563599e-02 1.705134287476539612e-02 2.629435807466506958e-02 6.473709642887115479e-02 1.194841414690017700e-02 4.293645918369293213e-02 7.092992309480905533e-03 2.542830631136894226e-02 3.074491769075393677e-02 2.999739162623882294e-02 6.256736814975738525e-04 3.180844336748123169e-02 2.933499170467257500e-03 2.064072340726852417e-02 1.390525139868259430e-02 1.221063430421054363e-03 4.960072785615921021e-02 8.404096961021423340e-02
6.299787759780883789e-02 1.256496310234069824e-01 1.282638311386108398e-02 4.015308991074562073e-02 1.337546110153198242e-02 4.281228408217430115e-02 2.605189941823482513e-02 4.019511863589286804e-02 2.233607135713100433e-02 7.455357909202575684e-02 5.823031812906265259e-02 2.546797133982181549e-02 3.755530416965484619e-01 3.275156021118164062e-02 1.951828598976135254e-01 5.741526186466217041e-02 2.539567649364471436e-02 7.805518689565360546e-04 1.536258868873119354e-02 2.100481651723384857e-02 3.427708521485328674e-02 6.926179677248001099e-02 2.511264290660619736e-03 5.313907749950885773e-03 5.229296907782554626e-02 5.467160604894161224e-03 3.611046075820922852e-02 3.176714479923248291e-02 1.758587807416915894e-01 8.278879337012767792e-03 1.095187738537788391e-01 2.768516913056373596e-02 2.916692569851875305e-02 6.348627805709838867e-02 1.871149800717830658e-02 4.780820757150650024e-02 1.024967711418867111e-02 1.614453084766864777e-02 5.839068815112113953e-02 2.215997315943241119e-02 6.401578336954116821e-02 5.063467100262641907e-02 3.422714769840240479e-02 5.115025560371577740e-04 1.788589917123317719e-02 2.473196946084499359e-02 3.293522447347640991e-02 1.767837442457675934e-02 4.520372604019939899e-04 5.561824887990951538e-02 2.224123664200305939e-02 3.687512129545211792e-02 3.212636709213256836e-02 6.145430356264114380e-02 1.031289249658584595e-02 3.103337949141860008e-03 1.805036701261997223e-02 4.833157360553741455e-02 1.339941006153821945e-02 7.862794399261474609e-02 4.979385063052177429e-02 1.414736174046993256e-02 9.022073820233345032e-03 6.241626664996147156e-02 1.089360266923904419e-01 5.320988222956657410e-02 6.074803695082664490e-02 5.762571236118674278e-04 4.656850919127464294e-02 9.098491072654724121e-02 4.466406535357236862e-03 1.971759274601936340e-02 6.948458403348922729e-02 6.723552942276000977e-03 7.272023707628250122e-02 3.669570665806531906e-03 7.076772395521402359e-03 5.805497244000434875e-02 4.441400617361068726e-02 5.564826726913452148e-02 3.884707391262054443e-02 2.802281873300671577e-03 2.333165612071752548e-03 3.279525041580200195e-02 1.638533361256122589e-02 3.188222274184226990e-02 5.265579372644424438e-02 1.780735515058040619e-02 8.182944147847592831e-04 1.066679693758487701e-02 1.506360340863466263e-02 5.531973764300346375e-02 1.154298521578311920e-02 3.349744901061058044e-02 3.446297720074653625e-02 5.051688849925994873e-02 4.611285403370857239e-02 2.262456715106964111e-02 1.761849597096443176e-02 1.927136071026325226e-02 2.582442760467529297e-02 8.006524294614791870e-02 5.369366705417633057e-02 6.706108897924423218e-02 3.826041892170906067e-02 2.030670642852783203e-03 6.544934585690498352e-03 7.134859915822744370e-03 5.953730642795562744e-02 2.753655984997749329e-02 9.649931639432907104e-02 4.855335503816604614e-02 5.523647367954254150e-02 1.560916099697351456e-02 6.072999164462089539e-02 2.896851487457752228e-02
5.064919590950012207e-02 4.259676486253738403e-02 1.241067796945571899e-02 9.099648147821426392e-02 5.743751674890518188e-02 2.470220206305384636e-03 4.516204819083213806e-02 4.553230106830596924e-02 3.312803432345390320e-02 3.667346201837062836e-03 2.546797133982181549e-02 7.586991041898727417e-02 2.268054708838462830e-02 2.533459961414337158e-01 4.554205760359764099e-02 3.480904176831245422e-02 1.420770678669214249e-02 3.087865933775901794e-02 8.643488585948944092e-02 2.343143895268440247e-02 2.797002531588077545e-02 4.086512699723243713e-02 3.159996494650840759e-02 2.437104284763336182e-02 2.479483932256698608e-02 1.246236730366945267e-02 2.714649960398674011e-02 7.492286711931228638e-02 8.536747191101312637e-04 1.520710289478302002e-01 2.313509024679660797e-02 2.569729276001453400e-02 9.117768146097660065e-03 3.337280079722404480e-02 1.626480557024478912e-02 1.837341859936714172e-02 3.835087269544601440e-02 1.034800708293914795e-02 7.015582174062728882e-03 4.607379063963890076e-02 2.061637490987777710e-02 1.910395361483097076e-02 9.030584990978240967e-02 1.064787153154611588e-03 1.691011935472488403e-01 7.799569517374038696e-02 7.834967970848083496e-02 4.125134274363517761e-02 1.002948917448520660e-02 8.235606551170349121e-02 6.360028684139251709e-02 1.130241602659225464e-01 7.555667310953140259e-03 1.438856869935989380e-02 6.883231550455093384e-02 7.918992638587951660e-02 2.726514637470245361e-02 1.682182401418685913e-02 3.470884403213858604e-03 3.604095429182052612e-02 5.232528969645500183e-02 5.050987750291824341e-02 1.616126485168933868e-02 4.915934428572654724e-02 5.937846843153238297e-03 5.441667139530181885e-02 2.758225239813327789e-02 3.084878064692020416e-02 3.010230371728539467e-03 8.783915080130100250e-03 4.913477599620819092e-02 7.835300639271736145e-03 2.091446518898010254e-02 6.976140197366476059e-03 3.722409158945083618e-02 4.137316718697547913e-02 4.290520213544368744e-03 6.677136570215225220e-02 4.777880758047103882e-02 4.616382718086242676e-02 1.517358887940645218e-02 8.172239176928997040e-03 6.785066425800323486e-02 5.551084410399198532e-03 3.155995160341262817e-02 3.811468183994293213e-02 1.048571430146694183e-02 2.868691645562648773e-02 1.367717087268829346e-01 1.052225381135940552e-01 2.916820812970399857e-03 4.699833691120147705e-03 4.699635505676269531e-02 5.616248771548271179e-02 8.120607584714889526e-02 1.975017599761486053e-02 1.691493205726146698e-02 1.840751501731574535e-03 2.359211258590221405e-02 4.385863244533538818e-02 2.272880822420120239e-02 3.065409511327743530e-02 4.855596274137496948e-02 3.981448337435722351e-02 8.889519958756864071e-04 2.607638947665691376e-02 5.716041848063468933e-02 3.873438760638237000e-02 2.031892724335193634e-02 4.446818679571151733e-02 5.255848169326782227e-03 6.391476374119520187e-03 5.490828305482864380e-03 8.792577683925628662e-02 2.449388056993484497e-02 1.147986110299825668e-02
5.814638361334800720e-02 7.305407524108886719e-02 2.497234940528869629e-02 9.354473650455474854e-02 7.148988079279661179e-03 5.515329539775848389e-02 8.491124957799911499e-03 7.146620750427246094e-02 1.789528876543045044e-02 7.251216471195220947e-02 3.755530416965484619e-01 2.268054708838462830e-02 4.401055723428726196e-02 5.895127728581428528e-02 1.958830207586288452e-01 2.854138985276222229e-02 4.332932829856872559e-02 5.681278649717569351e-03 4.943836852908134460e-02 2.213942818343639374e-02 1.684757322072982788e-02 5.590170621871948242e-03 3.022152371704578400e-02 1.239564362913370132e-02 9.291421622037887573e-03 4.162776749581098557e-03 3.983997553586959839e-02 3.615408670157194138e-03 1.225975602865219116e-01 5.314423888921737671e-02 1.267281919717788696e-01 3.924680408090353012e-03 5.045778583735227585e-03 4.595766216516494751e-02 1.544737839139997959e-03 1.315532252192497253e-02 3.007113374769687653e-02 2.185132587328553200e-03 4.610537737607955933e-02 3.925291821360588074e-02 6.824579834938049316e-02 5.453402549028396606e-02 1.435039658099412918e-02 4.615041241049766541e-02 3.621301427483558655e-02 4.192116111516952515e-02 1.063874457031488419e-02 1.583109609782695770e-02 6.946685723960399628e-03 8.301611989736557007e-02 1.770177483558654785e-02 2.426084876060485840e-02 3.204097598791122437e-02 1.080556958913803101e-02 3.601304953917860985e-03 3.175712004303932190e-02 2.926684357225894928e-02 1.120827253907918930e-02 3.584112226963043213e-02 1.381084136664867401e-02 4.045224934816360474e-02 1.531079877167940140e-02 2.351643983274698257e-03 1.362993270158767700e-01 1.002904400229454041e-01 6.290097534656524658e-02 3.314268216490745544e-02 8.689920417964458466e-03 4.638094396796077490e-04 4.998482763767242432e-02 1.468160282820463181e-02 4.537510499358177185e-02 5.616698879748582840e-03 8.076259866356849670e-03 2.395772747695446014e-02 2.122657746076583862e-02 1.034438330680131912e-02 2.418384421616792679e-03 4.367044940590858459e-02 5.015420727431774139e-03 3.162970021367073059e-02 4.099281877279281616e-02 6.408386398106813431e-03 3.437212854623794556e-02 2.582835778594017029e-02 2.263532020151615143e-02 7.151867728680372238e-03 3.421256318688392639e-02 1.144136115908622742e-02 7.945956313051283360e-04 3.852188959717750549e-02 1.095656026154756546e-02 1.770568639039993286e-02 3.868462890386581421e-02 2.342709526419639587e-02 2.113691531121730804e-02 7.089400291442871094e-02 3.150767087936401367e-02 1.960861496627330780e-02 4.397708177566528320e-02 3.680651634931564331e-02 1.068743970245122910e-02 1.301443111151456833e-02 1.679023541510105133e-02 1.307792868465185165e-02 2.306177467107772827e-02 2.428480051457881927e-02 1.701094675809144974e-03 4.585215449333190918e-02 7.845239341259002686e-02 8.780083805322647095e-02 4.855495691299438477e-02 9.762053191661834717e-02 1.100027654320001602e-02 3.664773702621459961e-02 6.159103661775588989e-02
