1.088683158159255981e-01 1.529809087514877319e-01 3.510929644107818604e-02 9.398654103279113770e-03 1.032215822488069534e-02 1.079412773251533508e-01 1.328475475311279297e-01 2.452994929626584053e-03 4.895888268947601318e-02 2.597353048622608185e-02 1.637476384639739990e-01 1.397422421723604202e-02 2.480992861092090607e-02 4.466526210308074951e-03 4.132379218935966492e-02 2.966117113828659058e-03 3.147307783365249634e-02 5.602349713444709778e-02 1.236978825181722641e-02 9.558010846376419067e-03 7.703212555497884750e-03 1.677770912647247314e-02 2.240145951509475708e-02 2.604815736413002014e-02 5.120645090937614441e-02 6.649076472967863083e-03 3.156311810016632080e-02 2.963019162416458130e-02 6.594762206077575684e-02 3.054560907185077667e-02 1.127120554447174072e-01 4.543049260973930359e-03 5.259556323289871216e-02 6.568401306867599487e-02 1.866707392036914825e-02 4.002138972282409668e-02 9.508369117975234985e-02 5.144788324832916260e-02 1.478597894310951233e-02 7.003084174357354641e-04 1.580330729484558105e-02 4.959752410650253296e-02 1.755858771502971649e-02 5.361000448465347290e-02 2.313139149919152260e-03 4.011848568916320801e-02 7.102493941783905029e-02 4.390105605125427246e-02 8.998446166515350342e-03 4.091485589742660522e-02 1.506297569721937180e-02 3.928122669458389282e-02 6.258112192153930664e-02 2.971474453806877136e-02 4.597046226263046265e-02 4.083842039108276367e-03 2.089092880487442017e-02 2.755294367671012878e-02 9.285689145326614380e-02 8.243023604154586792e-02 3.104690462350845337e-02 7.409276813268661499e-02 6.165747344493865967e-02 3.726594150066375732e-02 1.321974694728851318e-01 3.174983337521553040e-02 5.904238671064376831e-02 3.846667334437370300e-02 4.966069757938385010e-02 3.267472609877586365e-02 2.912352420389652252e-02 9.538140147924423218e-03 6.558991968631744385e-02 1.568043604493141174e-02 7.321622222661972046e-02 3.511117305606603622e-03 5.814143642783164978e-02 3.678058087825775146e-02 3.761634230613708496e-02 3.215680643916130066e-02 4.346809536218643188e-02 3.455182909965515137e-02 6.362177431583404541e-02 2.065952308475971222e-02 8.936527371406555176e-02 5.653707310557365417e-02 6.903915107250213623e-02 5.967663228511810303e-02 4.517224058508872986e-02 8.725800365209579468e-02 8.041760325431823730e-02 2.550489625718910247e-06 2.754272334277629852e-02 4.971260577440261841e-02 6.538473814725875854e-02 7.238864153623580933e-02 3.211289644241333008e-02 2.439049072563648224e-02 3.938589617609977722e-02 6.259541027247905731e-03 7.809771224856376648e-03 3.213137015700340271e-02 2.344390377402305603e-02 8.437632769346237183e-02 2.903256192803382874e-02 4.454075172543525696e-02 3.568191081285476685e-02 3.075663233175873756e-03 4.550044238567352295e-02 5.438048392534255981e-03 4.488484561443328857e-02 2.765217609703540802e-02 1.186378393322229385e-02 4.491595551371574402e-03 3.217590972781181335e-02 3.117359429597854614e-02
1.529809087514877319e-01 1.293006688356399536e-01 5.489476490765810013e-03 2.728817798197269440e-02 2.641049213707447052e-02 3.991489112377166748e-02 1.108768582344055176e-01 6.934753060340881348e-02 7.227975130081176758e-02 4.916287586092948914e-02 7.697602361440658569e-02 4.176836460828781128e-02 7.725243270397186279e-02 1.003295332193374634e-01 1.997293718159198761e-02 3.077845461666584015e-02 9.131340309977531433e-03 3.365304321050643921e-02 7.044299691915512085e-02 2.549840323626995087e-02 8.525626733899116516e-03 2.366222627460956573e-02 3.376640379428863525e-02 4.888760671019554138e-02 1.566979289054870605e-02 2.118434011936187744e-02 4.607426747679710388e-02 2.562036551535129547e-02 2.308715134859085083e-02 1.424155663698911667e-03 4.442931339144706726e-02 4.734783992171287537e-02 1.989567652344703674e-02 3.167379274964332581e-02 2.157800830900669098e-02 3.921608626842498779e-02 2.545941993594169617e-02 1.212485876749269664e-04 5.022938922047615051e-02 1.259782724082469940e-02 1.745843142271041870e-02 8.916194550693035126e-03 1.604074984788894653e-02 2.625213004648685455e-02 2.790207415819168091e-02 6.791503634303808212e-03 2.531927078962326050e-02 9.496130794286727905e-02 3.378042206168174744e-02 8.749869652092456818e-03 2.565163746476173401e-02 3.275554254651069641e-02 4.563071578741073608e-02 2.707580570131540298e-03 1.067455764859914780e-02 4.351902380585670471e-02 1.522532105445861816e-02 5.132610723376274109e-02 1.080060470849275589e-02 3.215847909450531006e-02 2.931662090122699738e-02 3.362437244504690170e-03 1.375568658113479614e-02 5.495973303914070129e-02 1.078731045126914978e-01 1.125890538096427917e-01 4.785693064332008362e-02 2.846565470099449158e-02 4.245886579155921936e-02 2.377681620419025421e-02 3.616393357515335083e-02 1.168534066528081894e-02 1.052470225840806961e-02 3.217177465558052063e-02 1.292178686708211899e-02 1.610530726611614227e-02 3.719191253185272217e-02 1.401460915803909302e-02 2.274306304752826691e-02 2.001168020069599152e-02 2.459561079740524292e-02 3.206262364983558655e-02 3.451648354530334473e-02 6.381406635046005249e-02 4.677199944853782654e-02 9.709174185991287231e-02 6.546810269355773926e-02 1.104908622801303864e-02 1.670423895120620728e-02 9.213191270828247070e-02 5.837183445692062378e-02 1.122090872377157211e-02 4.282194375991821289e-02 8.752607554197311401e-02 2.856735326349735260e-02 3.280957415699958801e-02 4.486477002501487732e-02 1.115620974451303482e-02 1.755351573228836060e-02 1.933450438082218170e-02 7.147289067506790161e-02 6.561172753572463989e-02 4.622903838753700256e-02 6.617987900972366333e-02 3.116112016141414642e-02 2.194966422393918037e-03 8.097795071080327034e-04 3.360472619533538818e-02 1.942839473485946655e-02 2.445721626281738281e-02 2.233003266155719757e-02 1.920636557042598724e-02 4.201345518231391907e-02 3.692987561225891113e-02 4.947436973452568054e-03 1.837715134024620056e-02
3.510929644107818604e-02 5.489476490765810013e-03 1.538971811532974243e-01 1.958258915692567825e-03 3.590014204382896423e-02 1.214854326099157333e-02 1.471261214464902878e-02 1.867811083793640137e-01 1.362692750990390778e-02 5.134985595941543579e-02 1.769645512104034424e-02 1.359076201915740967e-01 2.537667006254196167e-02 2.329568564891815186e-02 1.586732082068920135e-02 1.006744895130395889e-02 5.692794546484947205e-02 2.699066884815692902e-02 3.008558414876461029e-02 2.830632030963897705e-02 6.595272570848464966e-02 4.341538250446319580e-02 9.021144360303878784e-03 4.292953293770551682e-03 5.632651969790458679e-03 4.006247594952583313e-02 3.088227845728397369e-02 4.088055342435836792e-02 3.642580658197402954e-02 1.849481612443923950e-01 9.314402006566524506e-03 2.018213085830211639e-02 1.513436622917652130e-02 5.190438590943813324e-03 1.311490964144468307e-02 1.955484971404075623e-02 1.665393821895122528e-02 7.095795124769210815e-03 4.247908946126699448e-03 1.013845298439264297e-02 1.846367120742797852e-02 7.532542943954467773e-02 9.760729223489761353e-02 1.290868036448955536e-02 1.117451302707195282e-02 2.486197650432586670e-02 1.243938971310853958e-02 5.726619437336921692e-02 7.350327074527740479e-02 2.403537929058074951e-02 3.499335423111915588e-02 3.743303194642066956e-02 1.652802526950836182e-02 6.146707572042942047e-03 7.997302338480949402e-03 2.275179699063301086e-02 3.503603488206863403e-02 1.139801181852817535e-02 1.345494762063026428e-02 2.200379222631454468e-02 2.745928615331649780e-02 3.607987612485885620e-02 2.910781837999820709e-02 1.016305480152368546e-02 3.289072215557098389e-02 6.745075806975364685e-04 2.731185406446456909e-02 8.049065619707107544e-02 2.436069212853908539e-02 2.687103301286697388e-02 2.089452557265758514e-02 3.244572132825851440e-02 1.550580468028783798e-02 1.200552564114332199e-03 4.597919434309005737e-02 1.639557071030139923e-02 1.065311580896377563e-02 3.981838002800941467e-03 1.041117757558822632e-01 7.423858623951673508e-03 2.035299092531204224e-01 2.100925892591476440e-01 4.014378413558006287e-03 3.787330165505409241e-02 2.744404040277004242e-02 1.826605945825576782e-02 2.841296792030334473e-02 6.704172492027282715e-02 2.998608723282814026e-02 1.251376816071569920e-03 2.833045646548271179e-02 2.877070754766464233e-02 7.195924874395132065e-03 1.171392109245061874e-02 1.516631711274385452e-02 9.018260985612869263e-03 4.206281900405883789e-02 4.084395244717597961e-02 2.358589135110378265e-02 2.010601758956909180e-02 3.590987250208854675e-02 6.942301988601684570e-02 2.926652086898684502e-03 2.107115462422370911e-02 6.942800711840391159e-03 2.248875610530376434e-02 1.309082936495542526e-02 9.473691694438457489e-03 4.602555651217699051e-03 8.254005759954452515e-02 1.210140623152256012e-02 4.715987015515565872e-03 2.223549038171768188e-02 2.331268973648548126e-02 5.810011550784111023e-02 2.618270739912986755e-02
9.398654103279113770e-03 2.728817798197269440e-02 1.958258915692567825e-03 1.436390578746795654e-01 6.314032524824142456e-02 1.425710879266262054e-02 3.511807322502136230e-02 2.816384471952915192e-02 3.007181175053119659e-02 8.426643908023834229e-03 9.850022383034229279e-03 3.338289260864257812e-02 4.931782558560371399e-02 1.687355153262615204e-02 3.223579749464988708e-02 1.995110511779785156e-02 4.944907501339912415e-02 1.763899996876716614e-02 1.654501259326934814e-02 2.912290766835212708e-02 9.325598366558551788e-03 4.194874316453933716e-02 3.336769714951515198e-02 3.075988404452800751e-02 5.167356878519058228e-02 1.648990996181964874e-02 4.288038611412048340e-02 2.562999352812767029e-02 5.011756345629692078e-02 1.994456350803375244e-02 8.913222700357437134e-03 3.911219537258148193e-02 1.022118609398603439e-02 1.305784378200769424e-02 3.928063809871673584e-02 6.865464616566896439e-03 3.686398640275001526e-02 3.481058776378631592e-02 7.006701081991195679e-02 5.517322570085525513e-02 1.174465287476778030e-02 1.124284043908119202e-02 4.669407010078430176e-02 8.021041285246610641e-04 8.386114612221717834e-03 3.319945931434631348e-02 1.155847124755382538e-02 4.856468643993139267e-03 8.744988590478897095e-03 1.934948377311229706e-02 3.081744909286499023e-02 3.692475706338882446e-02 1.381075382232666016e-02 2.172448113560676575e-02 2.278051339089870453e-02 2.288373745977878571e-02 2.863824367523193359e-02 1.206514518707990646e-02 1.697964034974575043e-02 2.024878561496734619e-02 8.610323071479797363e-02 1.474225521087646484e-02 5.891625583171844482e-02 6.789191067218780518e-02 3.119519911706447601e-02 6.300641223788261414e-03 9.577839635312557220e-03 6.517600268125534058e-02 4.083453118801116943e-02 4.933988675475120544e-02 3.615668043494224548e-02 1.047825906425714493e-03 5.909118801355361938e-02 2.026729844510555267e-02 5.501791089773178101e-02 3.676058258861303329e-03 1.131175458431243896e-02 1.589382067322731018e-02 5.689035728573799133e-02 2.981545031070709229e-02 4.531550407409667969e-02 5.060941725969314575e-02 9.070784598588943481e-02 3.094249404966831207e-02 2.422292530536651611e-02 2.402582205832004547e-02 4.579291120171546936e-02 8.648154325783252716e-03 2.085987292230129242e-02 9.100025519728660583e-03 4.016344901174306870e-03 3.016453422605991364e-02 1.468469761312007904e-02 2.630795584991574287e-03 2.266138419508934021e-02 1.381600927561521530e-02 2.017245069146156311e-02 3.091079555451869965e-02 1.897872611880302429e-02 9.703074581921100616e-03 2.987989597022533417e-02 4.567602276802062988e-02 3.693462908267974854e-02 2.630029339343309402e-03 1.199587434530258179e-02 2.838049270212650299e-02 3.464066609740257263e-02 4.811330512166023254e-02 1.666643470525741577e-02 4.389926791191101074e-02 1.574257016181945801e-02 2.136583253741264343e-02 6.331385672092437744e-02 3.936157375574111938e-02 1.403929758816957474e-02 3.272738680243492126e-02
1.032215822488069534e-02 2.641049213707447052e-02 3.590014204382896423e-02 6.314032524824142456e-02 1.442444473505020142e-01 6.830982398241758347e-03 1.263064891099929810e-02 4.700715653598308563e-03 1.588690280914306641e-02 1.346719451248645782e-02 4.317802935838699341e-02 2.661815099418163300e-02 2.313916571438312531e-02 1.209344901144504547e-02 7.673330605030059814e-03 3.083504969254136086e-03 3.649663180112838745e-02 1.590226218104362488e-02 1.424713339656591415e-02 5.205345898866653442e-02 4.388707503676414490e-02 3.194869309663772583e-02 3.749085590243339539e-02 2.579728513956069946e-02 8.009864389896392822e-02 7.136861979961395264e-02 9.046836756169795990e-03 4.432748258113861084e-02 4.770134389400482178e-02 3.290878608822822571e-02 4.166746512055397034e-03 1.123461127281188965e-02 1.719886064529418945e-02 1.613802649080753326e-02 1.026687771081924438e-02 5.511284992098808289e-02 2.315271645784378052e-02 8.977524004876613617e-03 5.363286659121513367e-02 5.471608042716979980e-02 3.804861754179000854e-02 2.021640539169311523e-02 2.049697190523147583e-02 1.384028699249029160e-02 1.497707609087228775e-02 4.502378031611442566e-02 5.140721332281827927e-03 2.700606547296047211e-02 8.772758767008781433e-03 2.283214591443538666e-02 1.524702552706003189e-02 1.112794689834117889e-02 2.548235096037387848e-02 2.914074063301086426e-02 4.185781348496675491e-03 3.035785816609859467e-02 6.317770481109619141e-02 9.518606588244438171e-03 4.071728140115737915e-02 3.159702941775321960e-02 8.345610648393630981e-02 4.477406665682792664e-02 4.445307329297065735e-02 4.001074656844139099e-02 3.399226441979408264e-02 2.574024721980094910e-02 5.165932327508926392e-02 2.399394102394580841e-02 6.816536188125610352e-02 3.612120077013969421e-02 7.337068021297454834e-02 6.913327146321535110e-03 5.733199417591094971e-02 1.185069140046834946e-02 7.362698763608932495e-02 1.292543765157461166e-02 4.708430171012878418e-02 1.624506525695323944e-02 1.284872181713581085e-02 2.979387342929840088e-02 3.986515477299690247e-02 9.263469837605953217e-03 5.444511026144027710e-02 3.781465813517570496e-02 6.632946431636810303e-02 1.674248836934566498e-02 8.530562743544578552e-03 2.063548751175403595e-02 7.811002433300018311e-02 6.537124048918485641e-03 5.469409376382827759e-02 9.509104304015636444e-03 2.402551285922527313e-02 2.908776141703128815e-02 1.193809555843472481e-03 3.301563858985900879e-02 2.578860521316528320e-02 2.762220241129398346e-02 3.075005300343036652e-02 3.114476241171360016e-02 3.475008532404899597e-02 2.046148106455802917e-02 1.642788387835025787e-02 1.146907825022935867e-02 3.047548048198223114e-02 4.529491811990737915e-02 2.433035150170326233e-02 3.354930505156517029e-02 1.671281456947326660e-02 4.279059544205665588e-02 4.729051887989044189e-02 3.742000460624694824e-02 1.564695127308368683e-02 1.024759002029895782e-02 3.873028606176376343e-02 5.290548130869865417e-02
1.079412773251533508e-01 3.991489112377166748e-02 1.214854326099157333e-02 1.425710879266262054e-02 6.830982398241758347e-03 1.567605137825012207e-01 1.364943534135818481e-01 4.609702900052070618e-02 2.953249402344226837e-02 4.388044029474258423e-02 1.138746812939643860e-01 4.687140136957168579e-02 2.871022932231426239e-02 4.256532341241836548e-02 8.502735197544097900e-02 1.018120627850294113e-02 4.933077469468116760e-02 2.528927661478519440e-02 1.242370381951332092e-01 1.842942833900451660e-02 4.190968722105026245e-02 3.915934264659881592e-02 5.927796941250562668e-03 3.952613472938537598e-02 3.756355866789817810e-02 2.862422168254852295e-02 4.244494717568159103e-03 3.754190728068351746e-02 2.836081013083457947e-02 4.074676334857940674e-02 6.230876594781875610e-02 7.928007096052169800e-02 4.369703307747840881e-02 9.319929033517837524e-02 3.400993347167968750e-02 4.586535319685935974e-02 5.224277265369892120e-03 3.275489062070846558e-02 3.700364381074905396e-02 1.657401025295257568e-02 3.214081749320030212e-02 3.113575838506221771e-02 2.836989983916282654e-02 2.867980301380157471e-02 4.602460190653800964e-02 2.447155117988586426e-02 1.601149290800094604e-01 1.077473014593124390e-01 4.681740701198577881e-02 3.873556852340698242e-02 3.527202829718589783e-02 6.328651309013366699e-02 3.423844231292605400e-03 1.335606211796402931e-03 4.849005863070487976e-02 3.651147708296775818e-02 7.827381044626235962e-02 3.300765156745910645e-02 2.551273629069328308e-02 2.856711484491825104e-02 4.209083318710327148e-02 3.543527424335479736e-02 2.152933366596698761e-02 3.286712244153022766e-02 6.354206800460815430e-02 1.789011619985103607e-02 2.681183256208896637e-02 6.812956184148788452e-02 1.000505592674016953e-02 3.414618968963623047e-02 5.481442064046859741e-02 1.112319249659776688e-02 3.292331704869866371e-03 5.099479481577873230e-02 9.028369560837745667e-03 5.709670484066009521e-03 4.084930941462516785e-02 5.914241448044776917e-02 5.268607288599014282e-02 2.419385686516761780e-02 3.547433763742446899e-02 1.167059317231178284e-02 1.032177475281059742e-03 7.711011171340942383e-02 8.347044885158538818e-02 9.850722551345825195e-02 8.833836764097213745e-02 9.842033497989177704e-03 1.830351911485195160e-02 1.383355935104191303e-03 2.075414871796965599e-03 1.908948644995689392e-02 1.392700150609016418e-02 7.826280780136585236e-03 6.120107695460319519e-02 1.111495271325111389e-01 4.149694368243217468e-02 5.443769693374633789e-02 6.618785113096237183e-02 7.431688159704208374e-02 7.158720400184392929e-03 1.938992179930210114e-02 4.751483350992202759e-02 2.421989478170871735e-02 4.248316586017608643e-02 1.976723782718181610e-02 1.803425699472427368e-02 2.277845889329910278e-02 1.332259736955165863e-03 5.028619617223739624e-02 1.359688583761453629e-02 3.649723157286643982e-02 1.125943139195442200e-01 5.680621042847633362e-02 1.577090658247470856e-02 8.611000329256057739e-02
1.328475475311279297e-01 1.108768582344055176e-01 1.471261214464902878e-02 3.511807322502136230e-02 1.263064891099929810e-02 1.364943534135818481e-01 1.560203880071640015e-01 6.392264366149902344e-02 4.488429427146911621e-02 2.540577575564384460e-02 1.167159527540206909e-01 8.707456290721893311e-03 9.206638485193252563e-02 4.763228073716163635e-02 5.994463339447975159e-02 2.248943038284778595e-02 6.246982887387275696e-02 5.888602696359157562e-03 4.940990358591079712e-02 7.112886523827910423e-04 1.219050679355859756e-02 1.021429989486932755e-02 6.318954378366470337e-02 5.751954019069671631e-02 7.416141219437122345e-03 1.766284741461277008e-02 1.115343626588582993e-02 1.524496544152498245e-02 3.783632814884185791e-02 3.618660941720008850e-02 4.058839008212089539e-02 3.226802498102188110e-02 3.695745393633842468e-02 6.384023278951644897e-02 5.246841348707675934e-03 2.562855929136276245e-02 6.556034833192825317e-02 1.897845417261123657e-02 1.686759665608406067e-02 1.652976311743259430e-02 4.949919506907463074e-02 1.023903954774141312e-02 1.139634987339377403e-03 9.669719636440277100e-02 3.405284881591796875e-02 2.597719430923461914e-04 8.392783254384994507e-02 1.109180599451065063e-01 2.514467202126979828e-02 2.678092010319232941e-02 8.121117571135982871e-05 9.220652282238006592e-03 1.528967078775167465e-02 1.151841785758733749e-02 2.586621791124343872e-02 9.246713481843471527e-03 2.368834801018238068e-03 5.314201489090919495e-02 9.665324352681636810e-03 3.236035257577896118e-02 2.361089922487735748e-03 6.432646512985229492e-02 5.854282644577324390e-04 2.256549522280693054e-02 8.550934493541717529e-02 7.521105557680130005e-02 6.007026880979537964e-02 5.745408684015274048e-02 6.751671433448791504e-02 3.560362383723258972e-02 1.408934593200683594e-02 6.181780993938446045e-02 1.442322507500648499e-02 3.315835818648338318e-02 7.969394326210021973e-03 4.047736153006553650e-02 2.825542469508945942e-04 6.630313396453857422e-02 1.713051646947860718e-02 2.600168250501155853e-02 1.059504505246877670e-02 1.481448113918304443e-02 8.541215211153030396e-03 1.450418308377265930e-02 7.240004837512969971e-02 1.156088039278984070e-01 4.490758851170539856e-02 1.631477475166320801e-02 1.945052854716777802e-02 4.409183561801910400e-02 2.829820290207862854e-02 2.719934284687042236e-02 4.295590892434120178e-02 4.473956674337387085e-02 2.975429408252239227e-02 1.197744160890579224e-02 6.343048065900802612e-02 6.017745472490787506e-03 6.742557883262634277e-02 1.812735944986343384e-02 6.463714689016342163e-02 3.869611024856567383e-02 1.029748469591140747e-02 4.453728720545768738e-02 3.129350766539573669e-02 2.677627466619014740e-02 3.026646934449672699e-02 3.317438438534736633e-02 7.668219972401857376e-03 6.660750135779380798e-03 2.044579014182090759e-02 9.851579554378986359e-03 7.345484197139739990e-02 3.627618029713630676e-02 7.357277907431125641e-03 4.652607068419456482e-02
2.452994929626584053e-03 6.934753060340881348e-02 1.867811083793640137e-01 2.816384471952915192e-02 4.700715653598308563e-03 4.609702900052070618e-02 6.392264366149902344e-02 1.596014797687530518e-01 6.066555157303810120e-02 8.602687157690525055e-03 5.542906001210212708e-02 1.013536080718040466e-01 3.191104158759117126e-02 2.393527328968048096e-02 6.776292342692613602e-03 5.189825221896171570e-02 2.026296965777873993e-02 1.060110237449407578e-02 4.976652562618255615e-03 5.494860233739018440e-04 4.327138513326644897e-02 3.658847510814666748e-02 3.197293728590011597e-03 2.822377532720565796e-02 2.415875671431422234e-03 1.782323233783245087e-02 3.295989008620381355e-03 2.522248588502407074e-02 2.095898427069187164e-02 1.216535121202468872e-01 3.795848786830902100e-02 4.052276164293289185e-02 1.180543750524520874e-02 5.279071629047393799e-02 5.364998802542686462e-02 6.372673902660608292e-03 8.059059269726276398e-03 2.062355168163776398e-02 3.886887861881405115e-04 3.139504417777061462e-02 7.672980427742004395e-03 1.598317548632621765e-02 4.232544079422950745e-02 3.057324700057506561e-02 1.564211957156658173e-02 1.526228897273540497e-02 1.618981733918190002e-02 4.011677950620651245e-02 2.399870753288269043e-02 9.253205731511116028e-03 5.206766724586486816e-02 1.469944021664559841e-03 9.062361903488636017e-03 2.546433173120021820e-02 9.427169337868690491e-03 4.652086645364761353e-03 2.975887991487979889e-02 4.773100093007087708e-02 5.782332643866539001e-02 4.469589516520500183e-02 1.857918500900268555e-02 4.432740062475204468e-02 1.721398904919624329e-02 1.866155420430004597e-03 6.832922343164682388e-03 1.739506609737873077e-02 9.285354055464267731e-03 2.929793857038021088e-02 7.186666131019592285e-02 6.613990757614374161e-03 2.775623649358749390e-02 7.815819978713989258e-02 1.777814514935016632e-02 7.967746816575527191e-03 2.700450643897056580e-02 5.621825158596038818e-02 1.911613717675209045e-02 1.060979440808296204e-01 1.343552768230438232e-02 2.676418796181678772e-02 1.975250095129013062e-01 2.051640897989273071e-01 3.239379823207855225e-02 3.381608799099922180e-02 5.307326558977365494e-03 4.365804046392440796e-02 9.958200156688690186e-02 1.100830510258674622e-01 3.724497929215431213e-02 4.074859991669654846e-02 5.752406641840934753e-02 6.260472536087036133e-02 1.938760397024452686e-03 2.019383385777473450e-02 5.936623737215995789e-02 7.729907333850860596e-02 2.774249576032161713e-02 1.020313501358032227e-01 2.070117555558681488e-02 1.801765710115432739e-02 4.579006507992744446e-02 1.651496626436710358e-02 4.222131147980690002e-02 6.031280010938644409e-02 2.622449211776256561e-02 3.069669473916292191e-03 2.081474848091602325e-02 1.054632104933261871e-02 2.150236256420612335e-02 6.000485643744468689e-02 9.622334502637386322e-03 2.517121471464633942e-02 1.305737067013978958e-02 3.931348398327827454e-02 5.048211663961410522e-02 1.664084009826183319e-02
4.895888268947601318e-02 7.227975130081176758e-02 1.362692750990390778e-02 3.007181175053119659e-02 1.588690280914306641e-02 2.953249402344226837e-02 4.488429427146911621e-02 6.066555157303810120e-02 1.435893476009368896e-01 1.850989647209644318e-02 2.307057008147239685e-02 4.925592616200447083e-02 2.057274617254734039e-02 2.467340789735317230e-02 4.006599262356758118e-02 4.505504854023456573e-03 3.673035278916358948e-02 4.470369219779968262e-02 2.437377534806728363e-02 3.532427176833152771e-02 2.473365701735019684e-02 6.364489439874887466e-03 5.752116441726684570e-02 2.077966555953025818e-02 2.068965509533882141e-02 7.265246938914060593e-03 3.030082210898399353e-02 6.091060116887092590e-02 7.643802557140588760e-03 2.485357597470283508e-02 5.958469584584236145e-02 5.251463875174522400e-02 2.592219226062297821e-02 1.733948104083538055e-02 6.376586854457855225e-02 3.318611532449722290e-02 1.058361027389764786e-02 5.883796513080596924e-02 2.155539952218532562e-02 2.673158794641494751e-02 3.399766981601715088e-02 2.352046285523101687e-04 2.835037559270858765e-02 5.405202135443687439e-02 1.092204917222261429e-02 1.047856919467449188e-02 5.941033363342285156e-02 4.292634502053260803e-02 1.014755666255950928e-02 2.320508472621440887e-02 8.241999894380569458e-02 5.498293787240982056e-02 2.211246080696582794e-02 4.853583499789237976e-02 4.385142400860786438e-02 4.525643959641456604e-02 5.194965004920959473e-02 1.867547817528247833e-02 2.791747450828552246e-02 7.250410318374633789e-02 2.829462522640824318e-03 1.710509322583675385e-02 2.236784249544143677e-02 4.604195803403854370e-02 3.575887158513069153e-02 5.872806906700134277e-02 3.633700311183929443e-03 1.955231092870235443e-02 7.261868566274642944e-03 2.358599007129669189e-02 1.904831454157829285e-02 4.117975011467933655e-02 2.151099406182765961e-02 3.094598185271024704e-03 1.077235117554664612e-02 4.524153843522071838e-02 8.225664496421813965e-02 7.824470847845077515e-02 1.227239705622196198e-02 3.880594670772552490e-02 1.809326931834220886e-02 3.449658304452896118e-02 7.008798420429229736e-03 3.836591914296150208e-02 4.208242148160934448e-02 5.991858989000320435e-02 1.623799465596675873e-02 6.765336543321609497e-02 5.505411420017480850e-03 2.595124766230583191e-02 7.040774822235107422e-02 3.421728685498237610e-02 4.175942018628120422e-02 3.368077054619789124e-02 4.353515803813934326e-02 7.211894541978836060e-02 2.997322194278240204e-02 4.518052935600280762e-02 5.101846531033515930e-02 4.025342315435409546e-02 4.303999990224838257e-02 8.882197551429271698e-03 2.643570676445960999e-02 4.875206202268600464e-02 1.495539117604494095e-02 2.515062224119901657e-03 4.886551201343536377e-02 3.117599152028560638e-02 4.175082966685295105e-02 1.152943819761276245e-02 2.728859335184097290e-02 2.471016719937324524e-02 3.000922687351703644e-02 2.146724052727222443e-02 2.674368582665920258e-02 2.872457914054393768e-02
2.597353048622608185e-02 4.916287586092948914e-02 5.134985595941543579e-02 8.426643908023834229e-03 1.346719451248645782e-02 4.388044029474258423e-02 2.540577575564384460e-02 8.602687157690525055e-03 1.850989647209644318e-02 1.030629873275756836e-01 8.535015396773815155e-03 7.400050759315490723e-03 4.325772449374198914e-02 5.920227989554405212e-02 4.506364464759826660e-03 3.786918893456459045e-02 2.769618481397628784e-02 7.016739249229431152e-02 8.830716460943222046e-02 1.581786200404167175e-02 1.204245164990425110e-02 9.544976986944675446e-03 5.379264801740646362e-02 7.270640134811401367e-02 5.712559446692466736e-02 9.019065648317337036e-03 1.651172153651714325e-02 8.124803192913532257e-03 2.885288745164871216e-02 2.273466624319553375e-02 2.855577878654003143e-02 5.807409808039665222e-02 1.061130221933126450e-02 3.417143970727920532e-02 2.656263671815395355e-02 1.538071874529123306e-02 5.121916159987449646e-02 4.822134226560592651e-02 3.123260103166103363e-02 7.492508739233016968e-03 4.102014005184173584e-02 3.259149193763732910e-02 2.753283130005002022e-03 2.678523771464824677e-02 1.056051999330520630e-02 3.239528462290763855e-02 8.676438592374324799e-03 2.059655450284481049e-02 4.961460456252098083e-02 3.960413113236427307e-02 1.865308545529842377e-02 2.361851744353771210e-02 2.348975464701652527e-02 2.487816661596298218e-02 8.258533477783203125e-02 9.268145263195037842e-02 5.223140865564346313e-02 9.520041197538375854e-02 2.009778656065464020e-02 1.252279430627822876e-02 5.611807107925415039e-02 2.807677723467350006e-02 2.260423079133033752e-02 3.129823505878448486e-02 2.269237302243709564e-02 5.494553223252296448e-02 5.118510872125625610e-02 6.391321867704391479e-02 2.137173712253570557e-02 6.542426533997058868e-03 1.004889141768217087e-02 4.580079391598701477e-02 1.589103229343891144e-02 3.961900249123573303e-02 2.320555597543716431e-02 6.512489169836044312e-02 1.696461997926235199e-02 2.728311344981193542e-02 5.546877160668373108e-02 1.168062165379524231e-01 4.564152564853429794e-03 3.136606421321630478e-03 1.934395171701908112e-02 5.110196024179458618e-02 1.001197844743728638e-01 1.190867200493812561e-01 3.691724687814712524e-02 2.572156302630901337e-02 2.341858297586441040e-02 8.493746072053909302e-02 1.471930555999279022e-02 1.070176530629396439e-02 1.220605801790952682e-02 4.588285461068153381e-02 6.186265032738447189e-03 1.971716264961287379e-04 6.689011305570602417e-02 5.280401185154914856e-02 7.212643045932054520e-03 4.089417681097984314e-02 5.228888243436813354e-03 6.267982069402933121e-03 1.805847696959972382e-02 3.309154510498046875e-02 3.234823793172836304e-02 1.894534006714820862e-02 4.146917199250310659e-04 2.049414440989494324e-02 5.882866214960813522e-03 3.501496836543083191e-02 1.441139448434114456e-02 3.889595391228795052e-03 4.081572219729423523e-02 1.845864020287990570e-02 2.714383602142333984e-02 3.930002078413963318e-02
1.637476384639739990e-01 7.697602361440658569e-02 1.769645512104034424e-02 9.850022383034229279e-03 4.317802935838699341e-02 1.138746812939643860e-01 1.167159527540206909e-01 5.542906001210212708e-02 2.307057008147239685e-02 8.535015396773815155e-03 1.321593075990676880e-01 7.691611070185899734e-03 2.074119597673416138e-01 2.415794506669044495e-02 9.380797296762466431e-02 7.051325403153896332e-03 2.183950878679752350e-02 1.404393464326858521e-02 1.715382933616638184e-02 1.554551720619201660e-02 1.470278250053524971e-03 2.767562121152877808e-02 4.975206684321165085e-03 6.636144220829010010e-02 9.647006168961524963e-03 1.384341064840555191e-02 2.687082998454570770e-02 2.016037143766880035e-02 6.436750758439302444e-03 1.008029505610466003e-01 3.311245143413543701e-02 6.016444414854049683e-02 1.966607756912708282e-02 8.723346889019012451e-02 3.756122430786490440e-03 6.536208838224411011e-02 8.309657871723175049e-02 4.901606962084770203e-02 2.365135401487350464e-02 3.737364336848258972e-02 2.316802740097045898e-02 8.083545602858066559e-03 2.174727059900760651e-02 2.638043090701103210e-02 1.057590544223785400e-02 4.602600261569023132e-02 9.317494183778762817e-02 3.067660704255104065e-02 9.734527207911014557e-03 3.069732105359435081e-03 2.583899535238742828e-02 3.805965417996048927e-03 2.338127978146076202e-02 9.161593392491340637e-03 2.583163417875766754e-02 1.812309212982654572e-02 7.253026962280273438e-02 4.709041677415370941e-03 7.303431164473295212e-03 1.891728304326534271e-02 6.234705820679664612e-02 3.028719220310449600e-03 2.926377393305301666e-02 1.787122897803783417e-02 7.367824018001556396e-02 1.062156707048416138e-01 4.183838143944740295e-02 3.890339285135269165e-02 1.317135151475667953e-02 2.098019421100616455e-02 5.058326199650764465e-02 1.662091352045536041e-02 4.370223358273506165e-02 9.404436685144901276e-03 1.684337295591831207e-02 5.210207030177116394e-02 6.211775541305541992e-02 3.086949512362480164e-02 3.925187047570943832e-03 6.667944043874740601e-02 5.814383178949356079e-02 4.905055835843086243e-02 3.414131328463554382e-02 8.333579637110233307e-03 2.532820915803313255e-03 6.728366017341613770e-02 8.341617882251739502e-02 1.488927155733108521e-01 4.316944256424903870e-02 3.050504997372627258e-02 3.695634379982948303e-02 5.102008953690528870e-02 1.648828154429793358e-03 1.925320923328399658e-02 1.225523054599761963e-01 1.171306967735290527e-01 3.645931929349899292e-02 8.572992868721485138e-03 1.061421539634466171e-02 3.587446175515651703e-03 6.435336172580718994e-02 5.079353973269462585e-02 4.360991716384887695e-02 2.120287716388702393e-02 3.225417807698249817e-02 4.148170351982116699e-02 2.329286001622676849e-02 5.337147787213325500e-02 2.415437810122966766e-02 1.133846677839756012e-02 5.539741832762956619e-03 1.885895244777202606e-02 1.471189782023429871e-02 7.691430859267711639e-03 5.882230587303638458e-03 8.067057281732559204e-02
1.397422421723604202e-02 4.176836460828781128e-02 1.359076201915740967e-01 3.338289260864257812e-02 2.661815099418163300e-02 4.687140136957168579e-02 8.707456290721893311e-03 1.013536080718040466e-01 4.925592616200447083e-02 7.400050759315490723e-03 7.691611070185899734e-03 1.371470242738723755e-01 3.648135345429182053e-03 8.707951754331588745e-02 4.648914560675621033e-02 7.881947606801986694e-02 4.635777696967124939e-02 4.528963938355445862e-02 1.218190602958202362e-02 5.120769888162612915e-02 1.317660883069038391e-02 1.616010256111621857e-02 5.039062723517417908e-02 8.192726410925388336e-03 8.438465185463428497e-03 5.577905476093292236e-02 3.495292738080024719e-02 1.284496635198593140e-01 3.743584826588630676e-02 5.657191202044487000e-02 1.141038630157709122e-02 3.239872457925230265e-04 1.150736119598150253e-02 1.626606285572052002e-02 5.296069756150245667e-02 6.969659589231014252e-04 2.314907498657703400e-03 7.727383077144622803e-02 3.425935655832290649e-02 3.529404848814010620e-02 4.202028363943099976e-02 5.230704555287957191e-04 4.236261919140815735e-02 1.740959472954273224e-02 8.556251227855682373e-02 9.873121976852416992e-03 5.865594372153282166e-02 4.303321707993745804e-03 1.952183246612548828e-02 1.130859926342964172e-02 1.133025139570236206e-01 9.854505769908428192e-03 1.825711503624916077e-02 4.127941560000181198e-03 2.769319154322147369e-02 3.254078328609466553e-02 3.203795850276947021e-02 9.831029921770095825e-03 1.598850823938846588e-02 3.455388918519020081e-02 8.662060834467411041e-03 9.621547535061836243e-03 6.700117606669664383e-03 3.599965944886207581e-02 5.557453841902315617e-04 5.931673198938369751e-02 4.383546859025955200e-02 5.190994963049888611e-02 1.052058394998311996e-02 2.394989319145679474e-02 4.646690189838409424e-02 4.411908332258462906e-03 4.054858162999153137e-02 3.190314630046486855e-03 2.873682416975498199e-02 1.583726261742413044e-03 1.037895828485488892e-01 3.432141244411468506e-02 3.018654324114322662e-02 2.941506542265415192e-02 1.231497526168823242e-01 1.064242199063301086e-01 3.508261218667030334e-02 4.865996539592742920e-02 2.403106167912483215e-02 5.669761076569557190e-02 1.963961124420166016e-02 3.640887141227722168e-02 2.954136766493320465e-02 4.176965355873107910e-02 5.930658802390098572e-02 8.478591218590736389e-03 4.647865891456604004e-03 9.929422289133071899e-02 3.505973517894744873e-02 5.642116442322731018e-02 1.976756565272808075e-02 2.442819066345691681e-03 4.677206277847290039e-02 5.683372914791107178e-02 2.897098287940025330e-02 1.146198809146881104e-02 3.430151566863059998e-02 1.935594156384468079e-02 1.160689350217580795e-02 1.034900359809398651e-02 6.202506273984909058e-02 2.505042776465415955e-02 1.441074535250663757e-02 3.537262976169586182e-02 5.121142417192459106e-02 3.404916450381278992e-02 2.538572996854782104e-02 5.093552917242050171e-02 7.482571899890899658e-02 5.677348747849464417e-02
2.480992861092090607e-02 7.725243270397186279e-02 2.537667006254196167e-02 4.931782558560371399e-02 2.313916571438312531e-02 2.871022932231426239e-02 9.206638485193252563e-02 3.191104158759117126e-02 2.057274617254734039e-02 4.325772449374198914e-02 2.074119597673416138e-01 3.648135345429182053e-03 1.102274805307388306e-01 5.646490305662155151e-02 1.280838698148727417e-01 5.230361223220825195e-02 3.301830589771270752e-02 6.553982943296432495e-02 3.733920305967330933e-02 4.815034195780754089e-02 1.908516511321067810e-02 3.728721756488084793e-03 1.817011088132858276e-02 7.664035260677337646e-02 3.657286241650581360e-02 3.296538721770048141e-03 5.210115760564804077e-02 5.412926524877548218e-02 5.078835785388946533e-02 3.050061687827110291e-02 5.112293362617492676e-02 3.209803625941276550e-02 2.016113325953483582e-02 2.486315369606018066e-02 4.056002572178840637e-02 7.785025238990783691e-02 7.609324902296066284e-02 2.224008925259113312e-02 5.675940588116645813e-02 2.260562591254711151e-02 7.024845480918884277e-02 4.447122290730476379e-02 8.905203081667423248e-03 2.230845764279365540e-02 2.868189103901386261e-02 1.735021919012069702e-02 4.778100177645683289e-02 4.773349687457084656e-02 2.991347759962081909e-02 7.953775348141789436e-04 6.628856994211673737e-03 2.183601818978786469e-02 2.991890348494052887e-02 4.209506511688232422e-02 4.495631158351898193e-02 2.592432312667369843e-02 4.762775078415870667e-02 5.903713405132293701e-03 2.241149358451366425e-02 4.986085463315248489e-03 3.438287228345870972e-02 4.416261333972215652e-03 2.678572759032249451e-02 3.827987983822822571e-02 5.406568571925163269e-02 1.128709614276885986e-01 3.479979233816266060e-03 3.791264072060585022e-02 5.553099513053894043e-02 1.699573360383510590e-02 6.210548058152198792e-02 3.734496235847473145e-02 1.750369556248188019e-02 5.104762688279151917e-02 6.310368888080120087e-03 1.098470389842987061e-02 4.289329051971435547e-02 1.126507762819528580e-02 2.601826749742031097e-02 4.812724888324737549e-02 5.863199755549430847e-02 1.533160451799631119e-02 1.107127368450164795e-01 3.282949561253190041e-03 4.724435508251190186e-02 8.223247528076171875e-02 7.525034993886947632e-02 1.344606727361679077e-01 7.443170994520187378e-02 9.756194194778800011e-04 9.424301795661449432e-03 4.855317249894142151e-02 6.727898120880126953e-02 2.614127658307552338e-02 2.419968321919441223e-02 8.793324232101440430e-03 5.241025984287261963e-02 5.725571885704994202e-02 8.099936693906784058e-02 5.122586339712142944e-02 4.471737146377563477e-02 4.357696324586868286e-02 5.855286866426467896e-02 2.517563663423061371e-02 4.413005337119102478e-02 6.535488367080688477e-02 7.005310803651809692e-02 6.490212678909301758e-02 8.126316592097282410e-03 1.193088479340076447e-03 1.686184294521808624e-02 1.128985174000263214e-02 1.032233238220214844e-03 1.289221108891069889e-03 3.964615613222122192e-02 2.748456783592700958e-02
