1.801256090402603149e-01 2.934907078742980957e-01 4.334164038300514221e-02 3.358564898371696472e-02 2.054369263350963593e-02 1.036321073770523071e-01 6.511585414409637451e-02 3.832545131444931030e-02 1.081530097872018814e-02 1.807455904781818390e-02 2.699176073074340820e-01 1.959548890590667725e-02 1.949777305126190186e-01 2.009792253375053406e-02 2.608537860214710236e-02 4.824737459421157837e-02 1.881695352494716644e-02 5.382483452558517456e-02 2.999542281031608582e-02 3.065340593457221985e-02 3.729175776243209839e-02 1.072053089737892151e-01 8.261905983090400696e-03 1.011199690401554108e-02 4.324829950928688049e-02 2.596439421176910400e-02 2.496067062020301819e-02 3.224505484104156494e-02 2.643862739205360413e-02 1.566509343683719635e-02 5.390300974249839783e-02 1.445421390235424042e-02 1.436504907906055450e-02 2.573349513113498688e-02 3.190698102116584778e-02 3.103550523519515991e-02 6.079109758138656616e-02 9.019750356674194336e-02 2.241479419171810150e-02 5.921114236116409302e-02 7.163472473621368408e-03 2.738260664045810699e-02 5.123901739716529846e-02 3.852030262351036072e-02 3.905199468135833740e-02 5.632090196013450623e-02 4.229582101106643677e-02 6.344769150018692017e-03 1.518816687166690826e-02 6.040338799357414246e-02 5.939423665404319763e-02 8.353311568498611450e-02 3.712037578225135803e-02 3.880260977894067764e-03 1.778380572795867920e-02 3.410786017775535583e-02 3.135325387120246887e-02 1.987785100936889648e-02 9.594710543751716614e-03 8.170963265001773834e-03 3.478672727942466736e-02 8.635562844574451447e-04 1.476672478020191193e-03 4.997419565916061401e-02 1.623157528229057789e-03 8.893884718418121338e-03 2.283827960491180420e-02 1.615942269563674927e-02 3.033469989895820618e-02 9.174145525321364403e-04 1.049430482089519501e-02 3.844112157821655273e-02 1.205286756157875061e-02 2.547302097082138062e-02 1.185912918299436569e-02 4.768984019756317139e-02 3.164477273821830750e-02 3.824406862258911133e-02 6.476125866174697876e-02 5.078078433871269226e-02 9.048065543174743652e-02 4.038948193192481995e-02 4.670339077711105347e-02 6.207121163606643677e-02 9.779183194041252136e-03 6.697305291891098022e-02 4.859863966703414917e-02 1.112948078662157059e-02 1.035315692424774170e-01 8.008109778165817261e-02 5.829298496246337891e-02 7.405263837426900864e-03 1.439737714827060699e-02 1.332492083311080933e-01 1.575096882879734039e-02 8.300570771098136902e-03 1.008238717913627625e-01 1.463504321873188019e-02 6.220108363777399063e-03 3.168364614248275757e-02 6.948356050997972488e-03 3.588145133107900620e-03 3.204780444502830505e-02 1.857555471360683441e-02 4.787597805261611938e-02 6.765493191778659821e-03 1.806985214352607727e-02 9.081242233514785767e-02 1.745934947393834591e-03 2.146536484360694885e-02 5.860229954123497009e-02 1.473489403724670410e-02 1.989033259451389313e-02 6.745593994855880737e-02 1.616463065147399902e-02 3.673565760254859924e-02
2.934907078742980957e-01 1.372326761484146118e-01 5.143809318542480469e-02 3.362763673067092896e-02 7.584476377815008163e-03 1.047997623682022095e-01 9.337311238050460815e-02 4.206988494843244553e-03 4.641992039978504181e-03 3.730221069417893887e-04 1.133639663457870483e-01 8.551771193742752075e-02 2.090802639722824097e-01 3.251373395323753357e-02 3.049131296575069427e-02 2.676393650472164154e-02 1.214108522981405258e-02 5.996308848261833191e-02 5.871663615107536316e-02 1.355845481157302856e-02 3.359301760792732239e-02 1.210262160748243332e-02 5.820439010858535767e-02 7.746217772364616394e-03 5.953007191419601440e-02 1.421161275357007980e-02 8.958527445793151855e-02 1.971384510397911072e-02 6.277404725551605225e-03 8.916051685810089111e-02 4.146448150277137756e-02 2.174836024641990662e-02 1.233418704941868782e-03 2.738885767757892609e-02 3.675615414977073669e-02 2.310832403600215912e-02 1.097051724791526794e-01 7.211414724588394165e-02 3.631434217095375061e-02 2.071073651313781738e-02 6.862945854663848877e-03 1.545466855168342590e-02 2.947402559220790863e-02 3.220203146338462830e-02 8.034759759902954102e-02 5.686237663030624390e-02 4.122180864214897156e-02 6.651869043707847595e-03 2.960175741463899612e-03 9.655810892581939697e-03 3.967269882559776306e-02 1.273147296160459518e-02 1.224168663611635566e-04 1.196599472314119339e-02 3.016319498419761658e-02 1.108006294816732407e-02 2.913612127304077148e-02 1.674650423228740692e-02 8.516734465956687927e-03 2.802221477031707764e-02 1.739928126335144043e-02 3.264115657657384872e-03 1.948790886672213674e-04 1.210147049278020859e-02 3.602775558829307556e-02 4.133905842900276184e-02 3.848608583211898804e-02 4.328839946538209915e-03 3.106239996850490570e-02 3.105071000754833221e-02 1.485467795282602310e-02 1.718427613377571106e-02 4.671809729188680649e-03 7.426016777753829956e-02 2.044221013784408569e-02 1.261269208043813705e-02 8.269388228654861450e-03 2.454280294477939606e-02 7.201310247182846069e-02 1.128592863678932190e-01 2.410259842872619629e-02 2.850662358105182648e-02 4.012294858694076538e-02 7.688768953084945679e-02 1.096002832055091858e-01 5.508540198206901550e-02 4.137698095291852951e-03 4.867539554834365845e-02 4.898605123162269592e-02 2.118600532412528992e-02 3.918273746967315674e-02 6.023360788822174072e-02 4.728832468390464783e-02 9.931695461273193359e-02 1.925154030323028564e-02 3.316911309957504272e-02 2.167167142033576965e-02 6.315805017948150635e-02 4.041533172130584717e-02 2.254435233771800995e-02 2.216995507478713989e-02 4.126620013266801834e-03 3.958147764205932617e-02 2.775887772440910339e-02 1.086380146443843842e-02 1.876853220164775848e-02 1.899821870028972626e-02 1.491892244666814804e-02 4.066146910190582275e-02 3.064173460006713867e-02 1.231224834918975830e-02 8.768029510974884033e-03 1.412378507666289806e-03 6.710791587829589844e-02 7.268193364143371582e-02 1.695162034593522549e-03
4.334164038300514221e-02 5.143809318542480469e-02 5.969040095806121826e-02 4.796977445948868990e-04 1.139558292925357819e-02 2.368204854428768158e-02 3.826367482542991638e-02 2.567754089832305908e-01 2.053232118487358093e-02 9.227304160594940186e-02 3.559317439794540405e-02 6.884306669235229492e-02 8.410859853029251099e-02 4.206403344869613647e-02 6.250483542680740356e-02 8.659097552299499512e-02 6.797965615987777710e-02 3.134010359644889832e-02 3.988350182771682739e-02 1.551460195332765579e-02 2.038712427020072937e-02 2.473701909184455872e-02 1.552620250731706619e-02 4.675402119755744934e-02 2.138615399599075317e-02 1.473821420222520828e-02 5.794873461127281189e-02 5.535297468304634094e-02 5.514304153621196747e-03 1.685522049665451050e-01 6.392703205347061157e-02 5.293801054358482361e-02 2.332300879061222076e-02 3.351466357707977295e-02 2.271594665944576263e-02 7.826040685176849365e-02 5.756281316280364990e-02 5.762566998600959778e-02 1.461009960621595383e-02 5.980860069394111633e-02 4.640921205282211304e-02 2.982698567211627960e-02 1.356599386781454086e-02 8.790127933025360107e-02 9.760959073901176453e-05 8.571123331785202026e-02 5.777543038129806519e-02 2.097596414387226105e-02 5.686201155185699463e-02 6.490388512611389160e-02 1.730328984558582306e-02 6.570874713361263275e-03 1.136161908507347107e-01 3.032771311700344086e-02 2.740764431655406952e-02 3.575846925377845764e-02 3.257038444280624390e-02 2.445641160011291504e-02 6.546770036220550537e-02 6.124000623822212219e-02 1.884038443677127361e-03 1.157958526164293289e-02 6.079829763621091843e-03 2.468561753630638123e-02 8.278815448284149170e-02 7.537180930376052856e-02 2.187673561275005341e-02 3.475876152515411377e-02 7.277001440525054932e-02 4.866566136479377747e-02 6.039572507143020630e-02 1.124430564232170582e-03 1.061268001794815063e-01 2.583393361419439316e-03 5.954723060131072998e-02 1.211233250796794891e-02 6.254688370972871780e-03 2.791952714323997498e-02 3.946871310472488403e-02 1.732003130018711090e-02 7.383660227060317993e-02 1.532585471868515015e-01 1.599762402474880219e-02 3.666032478213310242e-02 4.661796241998672485e-02 2.320321649312973022e-02 2.051741816103458405e-02 9.232145734131336212e-03 2.236191555857658386e-02 4.427665844559669495e-02 4.076514393091201782e-02 4.531669244170188904e-02 2.579834870994091034e-02 6.570632755756378174e-02 4.363859817385673523e-02 4.621161147952079773e-02 6.768385320901870728e-02 1.681112567894160748e-03 4.513920098543167114e-02 2.907451801002025604e-02 1.957961730659008026e-02 2.878140471875667572e-02 3.230718150734901428e-02 5.359200015664100647e-02 6.141447275876998901e-02 1.235399395227432251e-02 5.607110634446144104e-02 1.756970211863517761e-02 5.369271710515022278e-02 7.961186021566390991e-02 4.880259558558464050e-02 1.649315468966960907e-02 6.514450162649154663e-02 3.167392686009407043e-02 2.491835621185600758e-04 2.666212245821952820e-02
3.358564898371696472e-02 3.362763673067092896e-02 4.796977445948868990e-04 1.238856464624404907e-01 1.842870712280273438e-01 5.556251853704452515e-03 2.144479006528854370e-02 3.769111633300781250e-02 5.502340197563171387e-02 4.792811721563339233e-02 3.594274632632732391e-03 4.768756777048110962e-02 6.169992312788963318e-02 9.523666463792324066e-03 3.120758570730686188e-02 2.442966587841510773e-02 1.687273755669593811e-02 3.497385606169700623e-02 5.328498035669326782e-02 3.337618336081504822e-02 5.497711896896362305e-02 4.597638919949531555e-02 2.892033942043781281e-02 5.858058482408523560e-02 1.152456551790237427e-02 2.251643687486648560e-02 3.900692611932754517e-02 2.631292678415775299e-02 5.056338757276535034e-02 1.995519734919071198e-03 8.383583277463912964e-03 3.554153069853782654e-02 1.718498207628726959e-02 6.200699880719184875e-02 3.953260183334350586e-02 2.906453050673007965e-02 1.296016387641429901e-02 3.083011880517005920e-02 2.054739594459533691e-01 2.220264673233032227e-01 6.323411129415035248e-03 4.164084792137145996e-02 2.293467056006193161e-03 6.988607347011566162e-03 4.597092047333717346e-02 6.243323534727096558e-02 1.313148904591798782e-02 1.044955942779779434e-02 1.123747043311595917e-02 1.326603256165981293e-02 3.502321988344192505e-02 1.139626838266849518e-02 5.185157433152198792e-02 5.014175176620483398e-02 1.134906895458698273e-03 4.890868440270423889e-03 2.768203616142272949e-03 2.185738086700439453e-02 2.563583850860595703e-02 4.860463668592274189e-04 2.636864222586154938e-02 3.624859079718589783e-02 6.963714957237243652e-02 6.020982563495635986e-02 5.769013613462448120e-02 2.104605734348297119e-02 6.357200443744659424e-02 7.519020885229110718e-02 4.846512526273727417e-02 3.418219508603215218e-03 1.607428491115570068e-02 2.639969252049922943e-02 2.320921719074249268e-01 7.131667435169219971e-02 1.267510652542114258e-01 1.386812236160039902e-02 3.491767123341560364e-02 3.752995748072862625e-03 9.591861069202423096e-02 1.870841160416603088e-02 1.555159874260425568e-02 1.605373620986938477e-02 2.716267295181751251e-02 6.162749975919723511e-02 3.822636976838111877e-02 4.023732617497444153e-03 2.571401745080947876e-02 1.463446021080017090e-02 1.599993370473384857e-02 2.875653095543384552e-03 4.669705033302307129e-02 1.955370977520942688e-02 2.323232777416706085e-02 1.598163135349750519e-02 6.679896265268325806e-02 3.718214854598045349e-02 1.159324347972869873e-01 2.684458903968334198e-02 3.863324597477912903e-02 2.911548689007759094e-02 2.315662987530231476e-02 5.636518821120262146e-02 1.505672559142112732e-02 1.810044981539249420e-02 2.106291987001895905e-02 7.981014251708984375e-02 3.512508794665336609e-02 7.263118028640747070e-02 2.882314100861549377e-02 1.327294763177633286e-02 1.569849252700805664e-02 3.407936543226242065e-02 3.909922391176223755e-02 3.551792725920677185e-02 1.123919524252414703e-02 4.005345329642295837e-02
2.054369263350963593e-02 7.584476377815008163e-03 1.139558292925357819e-02 1.842870712280273438e-01 8.616561442613601685e-02 6.044450774788856506e-02 8.677279949188232422e-02 1.982039958238601685e-02 6.008236482739448547e-02 3.884942457079887390e-02 1.430337503552436829e-02 9.067092090845108032e-03 4.921824112534523010e-02 2.121891640126705170e-02 1.013961806893348694e-01 9.939108043909072876e-03 7.479118555784225464e-02 7.233162224292755127e-02 9.870413690805435181e-02 2.843129448592662811e-02 3.754487261176109314e-02 1.064779236912727356e-01 4.666901379823684692e-02 7.358798757195472717e-03 8.544875308871269226e-04 3.726630657911300659e-02 1.072186678647994995e-01 2.056441083550453186e-02 1.891545392572879791e-02 2.533713169395923615e-02 5.572314374148845673e-03 7.205634377896785736e-03 1.623409800231456757e-02 4.219948872923851013e-02 2.149172686040401459e-02 2.796467579901218414e-02 2.006217278540134430e-02 4.443171247839927673e-02 1.016785670071840286e-02 1.548451036214828491e-01 4.002950713038444519e-02 4.962912946939468384e-02 1.611429615877568722e-03 2.777035534381866455e-02 3.518689423799514771e-02 6.247353553771972656e-02 4.044437780976295471e-02 1.233103964477777481e-02 3.509866073727607727e-02 7.436268962919712067e-03 9.969958104193210602e-03 1.161384396255016327e-02 7.948306156322360039e-04 5.331612378358840942e-02 2.177358046174049377e-02 1.721838861703872681e-02 1.647463813424110413e-02 2.016251534223556519e-02 5.541501566767692566e-02 3.256225958466529846e-02 4.753846302628517151e-02 4.805682227015495300e-02 4.418388009071350098e-02 2.472663111984729767e-02 3.095554746687412262e-02 2.011958137154579163e-02 4.852203279733657837e-02 8.715853840112686157e-02 4.971360787749290466e-02 2.132415026426315308e-02 4.920279607176780701e-02 3.735220432281494141e-02 5.114107206463813782e-02 9.399587661027908325e-02 1.581438481807708740e-01 1.062302035279572010e-03 1.235639303922653198e-02 9.978521848097443581e-04 2.972948551177978516e-02 1.406131982803344727e-01 1.015097554773092270e-02 3.141491860151290894e-02 7.218142598867416382e-02 1.947521120309829712e-01 1.638349145650863647e-02 9.291783720254898071e-02 3.227479010820388794e-02 1.728816702961921692e-02 8.067962713539600372e-03 3.181230043992400169e-03 3.683561459183692932e-02 3.312785923480987549e-02 3.310862928628921509e-03 3.255409374833106995e-02 2.633404359221458435e-02 1.182250678539276123e-02 7.485268265008926392e-02 2.765374816954135895e-02 3.981253132224082947e-02 4.257204383611679077e-02 1.642846688628196716e-02 4.836972802877426147e-02 2.442354522645473480e-02 1.729483483359217644e-03 4.961705580353736877e-02 8.716801553964614868e-02 3.180522844195365906e-02 4.822510853409767151e-02 3.091913834214210510e-02 3.203808143734931946e-02 2.934602834284305573e-02 5.262688174843788147e-02 4.119705036282539368e-02 1.819125935435295105e-02 5.454962141811847687e-03 8.627558127045631409e-03
1.036321073770523071e-01 1.047997623682022095e-01 2.368204854428768158e-02 5.556251853704452515e-03 6.044450774788856506e-02 1.277179867029190063e-01 1.377943456172943115e-01 1.434027776122093201e-02 6.602761801332235336e-03 3.582597523927688599e-02 6.767937541007995605e-02 8.559901267290115356e-02 1.080991476774215698e-01 1.083013936877250671e-01 6.788747012615203857e-02 2.122260257601737976e-02 5.920787528157234192e-02 3.918660059571266174e-02 5.559456348419189453e-02 5.295281112194061279e-02 3.967249765992164612e-02 8.313706144690513611e-03 4.411901533603668213e-02 6.230760365724563599e-02 4.854164645075798035e-02 8.703059516847133636e-03 7.860818505287170410e-02 2.983844839036464691e-02 2.133989473804831505e-03 7.846757024526596069e-02 4.314556345343589783e-02 3.245588764548301697e-02 3.803669661283493042e-02 4.881180357187986374e-03 2.481062896549701691e-02 6.310927122831344604e-02 2.138687297701835632e-02 7.504560053348541260e-02 1.902054250240325928e-02 8.464518934488296509e-03 1.857344992458820343e-02 6.182529777288436890e-02 8.250332437455654144e-03 3.516846522688865662e-02 2.778454683721065521e-03 4.598043113946914673e-02 7.899611443281173706e-02 1.060927379876375198e-02 7.946173846721649170e-02 1.812111958861351013e-02 3.451538737863302231e-03 2.519900910556316376e-02 2.821250818669795990e-02 1.249687094241380692e-02 7.124733179807662964e-02 5.175517126917839050e-02 2.454715315252542496e-03 2.140151523053646088e-02 4.766948893666267395e-02 3.915109112858772278e-02 7.383800297975540161e-02 5.129875242710113525e-02 1.588667742908000946e-02 2.476661279797554016e-02 6.582932919263839722e-02 6.573689728975296021e-02 2.074566483497619629e-02 4.265631735324859619e-02 3.158329054713249207e-02 4.647634923458099365e-03 1.974366791546344757e-02 1.375753879547119141e-01 3.423683345317840576e-02 2.707315050065517426e-02 1.994246989488601685e-02 7.347454130649566650e-02 3.201296925544738770e-02 3.664382919669151306e-02 7.477945089340209961e-02 8.281494490802288055e-03 3.438578546047210693e-02 2.864434383809566498e-02 2.510672993957996368e-02 3.002811037003993988e-02 4.316662251949310303e-02 1.914154738187789917e-02 4.320836812257766724e-02 6.988070160150527954e-02 4.640037938952445984e-02 4.241965711116790771e-02 6.032127141952514648e-02 5.129558593034744263e-02 3.239377215504646301e-02 2.760450541973114014e-02 3.464431315660476685e-02 2.703179977834224701e-02 7.659452408552169800e-02 6.788907945156097412e-02 2.452334202826023102e-02 4.583594575524330139e-02 7.409854151774197817e-05 2.980079688131809235e-02 7.380165159702301025e-02 1.193726435303688049e-03 3.282458335161209106e-02 1.340326853096485138e-02 1.701609417796134949e-02 3.061878494918346405e-02 4.769008606672286987e-02 4.308574274182319641e-02 3.862347453832626343e-02 7.509101182222366333e-02 7.755490019917488098e-03 5.305124795995652676e-04 1.181710138916969299e-02 7.012876868247985840e-02
6.511585414409637451e-02 9.337311238050460815e-02 3.826367482542991638e-02 2.144479006528854370e-02 8.677279949188232422e-02 1.377943456172943115e-01 1.230936422944068909e-01 4.654022864997386932e-03 8.363810367882251740e-03 5.706367641687393188e-02 5.044217780232429504e-02 5.466163158416748047e-02 1.475410442799329758e-02 1.078492328524589539e-01 4.430982097983360291e-02 3.694402053952217102e-03 1.348930876702070236e-02 2.938576228916645050e-02 4.065713658928871155e-02 3.228624910116195679e-02 3.836306510493159294e-03 4.973300546407699585e-02 3.527072072029113770e-02 3.707331046462059021e-02 1.695456728339195251e-02 3.398231416940689087e-02 2.620668895542621613e-02 1.066218782216310501e-02 5.326006561517715454e-02 2.704401686787605286e-02 4.548338800668716431e-02 4.112974181771278381e-02 5.895125493407249451e-02 5.821665283292531967e-03 2.441645413637161255e-02 4.638405516743659973e-02 3.048077598214149475e-02 9.865024127066135406e-03 1.078088767826557159e-02 5.240728706121444702e-02 4.127006605267524719e-02 4.849043488502502441e-02 4.619759321212768555e-02 2.019371138885617256e-03 8.693935722112655640e-02 3.062515519559383392e-02 2.315625920891761780e-02 1.438828110694885254e-01 4.385262355208396912e-02 4.827700927853584290e-02 7.691219449043273926e-03 8.973223157227039337e-03 7.764085661619901657e-03 2.953109890222549438e-02 5.308970436453819275e-02 1.607428654097020626e-03 2.379816584289073944e-02 6.555350124835968018e-02 1.298977341502904892e-02 1.934364065527915955e-02 6.172959506511688232e-02 4.083804786205291748e-02 4.207239486277103424e-03 5.102934781461954117e-03 3.974166512489318848e-02 4.487492516636848450e-02 2.083307132124900818e-02 4.441346973180770874e-02 6.170581281185150146e-02 4.621080309152603149e-02 5.562509968876838684e-02 1.509271264076232910e-01 2.381661348044872284e-02 2.462372742593288422e-02 2.041793242096900940e-02 1.121723279356956482e-01 1.569132879376411438e-02 5.261591449379920959e-02 2.630501985549926758e-02 5.960924550890922546e-03 6.412873044610023499e-03 7.859096862375736237e-03 1.488185394555330276e-02 3.202022984623908997e-02 8.965872973203659058e-02 9.686636179685592651e-02 4.531329497694969177e-02 2.224737405776977539e-02 3.439087793231010437e-02 2.207336202263832092e-02 5.093008279800415039e-02 3.910303115844726562e-02 7.257600128650665283e-02 3.574674576520919800e-02 5.008343141525983810e-03 1.977699808776378632e-03 6.132113281637430191e-03 6.094109639525413513e-02 8.510463871061801910e-03 3.710010275244712830e-02 3.754789382219314575e-02 2.664020843803882599e-02 3.277866169810295105e-02 1.968966051936149597e-02 2.941494621336460114e-02 1.148240827023983002e-02 1.900386065244674683e-02 7.960432767868041992e-02 3.015272319316864014e-02 1.027712412178516388e-02 1.230023521929979324e-02 5.543407052755355835e-02 2.726661041378974915e-02 3.317010402679443359e-02 3.704813867807388306e-02 1.052253618836402893e-01
3.832545131444931030e-02 4.206988494843244553e-03 2.567754089832305908e-01 3.769111633300781250e-02 1.982039958238601685e-02 1.434027776122093201e-02 4.654022864997386932e-03 7.744553685188293457e-02 2.103388309478759766e-02 3.689675033092498779e-02 5.726438947021961212e-03 6.584826111793518066e-02 2.576135098934173584e-02 4.933648556470870972e-02 1.454831659793853760e-01 6.810776889324188232e-02 4.038403183221817017e-02 4.179940000176429749e-02 1.609604991972446442e-02 1.245811302214860916e-02 3.483970882371068001e-03 6.820001173764467239e-03 4.414492845535278320e-02 2.361520007252693176e-02 4.139583930373191833e-02 3.051995486021041870e-02 2.274977974593639374e-02 3.332007303833961487e-02 9.925214573740959167e-03 2.966604381799697876e-02 1.221713423728942871e-02 1.559699233621358871e-02 4.108142852783203125e-02 7.069700211286544800e-02 3.677325323224067688e-02 3.600206226110458374e-02 4.678492620587348938e-02 1.981230685487389565e-03 1.291471160948276520e-02 3.287217579782009125e-03 1.034165080636739731e-02 7.864316552877426147e-02 6.766453385353088379e-03 1.251413524150848389e-01 1.901443116366863251e-02 6.415548734366893768e-03 1.131806988269090652e-03 9.575637988746166229e-03 6.870625913143157959e-02 7.036978006362915039e-02 3.583616018295288086e-02 2.823290601372718811e-02 8.003511279821395874e-02 3.668165579438209534e-02 4.097347706556320190e-02 7.084929943084716797e-02 1.703068031929433346e-03 4.610309377312660217e-02 2.787917479872703552e-02 3.086582757532596588e-02 3.897971287369728088e-02 6.421280559152364731e-03 9.644708596169948578e-03 2.359514869749546051e-02 6.246615946292877197e-02 1.879286428447812796e-04 4.995626211166381836e-02 4.696746915578842163e-02 3.161313012242317200e-02 9.069350548088550568e-03 3.397970274090766907e-02 1.171385589987039566e-02 1.554774062242358923e-04 1.322360150516033173e-02 4.139302298426628113e-02 6.134176254272460938e-02 2.733092196285724640e-02 4.121932759881019592e-02 5.136910453438758850e-02 5.242360755801200867e-02 1.725582480430603027e-01 1.064143553376197815e-01 2.406209707260131836e-02 5.567257851362228394e-02 2.079998701810836792e-02 2.384374849498271942e-02 1.452813893556594849e-01 5.380174517631530762e-02 4.080566018819808960e-02 8.176041301339864731e-04 1.722916588187217712e-02 6.984893977642059326e-02 3.612322360277175903e-02 1.858169399201869965e-02 5.753821879625320435e-02 3.080014884471893311e-02 4.328415170311927795e-02 2.831969782710075378e-02 8.005748689174652100e-02 9.996190667152404785e-02 3.387694433331489563e-02 4.762591049075126648e-02 3.168442472815513611e-02 8.483758568763732910e-02 2.230795845389366150e-02 6.494481116533279419e-03 2.290106937289237976e-02 3.176460741087794304e-03 4.623429104685783386e-02 7.503386586904525757e-02 6.027507409453392029e-02 5.125770717859268188e-02 1.711337640881538391e-02 4.208649694919586182e-02 2.241755835711956024e-02 1.118419808335602283e-03
1.081530097872018814e-02 4.641992039978504181e-03 2.053232118487358093e-02 5.502340197563171387e-02 6.008236482739448547e-02 6.602761801332235336e-03 8.363810367882251740e-03 2.103388309478759766e-02 1.417848318815231323e-01 1.168665066361427307e-01 7.155044469982385635e-03 3.822464123368263245e-02 3.032936248928308487e-03 2.143609337508678436e-02 5.154393240809440613e-02 1.950587704777717590e-02 2.784320851787924767e-03 1.153216361999511719e-01 1.699925214052200317e-02 6.301954854279756546e-03 4.386331886053085327e-02 1.696866936981678009e-02 3.235984221100807190e-02 2.272758632898330688e-02 1.254945434629917145e-02 1.558799669146537781e-02 3.168337419629096985e-02 4.138089343905448914e-02 9.791673161089420319e-03 2.556304447352886200e-02 6.592869758605957031e-02 4.054936394095420837e-02 3.378352522850036621e-02 1.775601692497730255e-02 1.448582950979471207e-02 1.257830206304788589e-02 5.354321002960205078e-02 4.976635426282882690e-02 8.039878308773040771e-02 4.128065705299377441e-02 2.359553240239620209e-02 4.718209058046340942e-02 2.494058571755886078e-02 1.856623217463493347e-02 3.120339661836624146e-02 3.064578212797641754e-02 9.294758550822734833e-03 3.662248374894261360e-03 4.533898830413818359e-02 1.509073749184608459e-02 3.665232658386230469e-02 4.599786177277565002e-02 1.650891825556755066e-02 3.630514815449714661e-02 4.540690779685974121e-02 3.077664785087108612e-02 5.981938168406486511e-02 2.615549787878990173e-02 2.659174613654613495e-02 2.676658146083354950e-02 4.873884096741676331e-02 4.093480110168457031e-02 1.208259444683790207e-02 3.702285140752792358e-02 1.429728511720895767e-02 1.824004575610160828e-02 6.127803586423397064e-03 2.336483262479305267e-02 4.727537557482719421e-02 5.235352367162704468e-02 3.748346818611025810e-03 9.807244688272476196e-02 4.297311604022979736e-02 8.657196164131164551e-02 3.056670352816581726e-02 7.777352631092071533e-02 1.142876744270324707e-01 6.655719876289367676e-02 4.158182069659233093e-02 2.315636165440082550e-02 4.547823686152696609e-03 3.931213170289993286e-03 1.084227338433265686e-01 1.030222699046134949e-01 1.983385160565376282e-02 1.101318560540676117e-02 5.042257532477378845e-02 2.646407857537269592e-02 6.985427439212799072e-02 7.732036989182233810e-03 4.068867489695549011e-02 4.328629747033119202e-02 5.006848275661468506e-02 4.091148450970649719e-02 3.447139635682106018e-02 6.246088538318872452e-03 3.178042918443679810e-02 6.468036770820617676e-02 4.568680003285408020e-02 1.608472503721714020e-02 3.781437641009688377e-03 8.647835813462734222e-03 5.054071545600891113e-02 3.360721049830317497e-03 3.667147085070610046e-02 3.318652883172035217e-02 6.149584054946899414e-02 3.455003025010228157e-03 2.903699316084384918e-02 4.148486256599426270e-02 6.167829269543290138e-04 4.423696175217628479e-02 4.315625131130218506e-02 2.003308758139610291e-02 4.428759589791297913e-02 7.194695528596639633e-03
1.807455904781818390e-02 3.730221069417893887e-04 9.227304160594940186e-02 4.792811721563339233e-02 3.884942457079887390e-02 3.582597523927688599e-02 5.706367641687393188e-02 3.689675033092498779e-02 1.168665066361427307e-01 1.111215874552726746e-01 4.316664487123489380e-02 2.402329817414283752e-03 1.854226551949977875e-02 4.786173626780509949e-02 5.588994175195693970e-02 3.783529996871948242e-02 3.114371560513973236e-02 6.018009781837463379e-02 8.713126182556152344e-02 4.209013131912797689e-04 1.498002652078866959e-02 5.243316758424043655e-03 1.133502740412950516e-02 3.862321004271507263e-02 2.941659651696681976e-02 1.114306412637233734e-02 6.199911609292030334e-02 8.114058524370193481e-03 6.852687802165746689e-03 4.943512845784425735e-03 3.495140746235847473e-02 4.198772460222244263e-02 1.197186298668384552e-02 6.506706774234771729e-02 2.715526334941387177e-02 2.942890301346778870e-02 1.217175647616386414e-02 5.504742637276649475e-02 1.936270296573638916e-02 6.526240706443786621e-02 4.136107489466667175e-02 4.715668782591819763e-02 6.280665844678878784e-02 2.310468256473541260e-02 1.444993074983358383e-02 6.735235452651977539e-03 1.453554839827120304e-03 1.854364573955535889e-02 3.927945718169212341e-02 8.866640180349349976e-02 6.969948299229145050e-03 2.685915678739547729e-03 2.320319786667823792e-02 6.047679111361503601e-02 1.881925389170646667e-02 8.684871345758438110e-02 1.041152607649564743e-02 3.368292003870010376e-02 2.432263642549514771e-02 4.307310562580823898e-03 1.295571867376565933e-02 1.971003785729408264e-02 2.945679984986782074e-02 1.880897674709558487e-03 4.644686728715896606e-02 3.448329493403434753e-02 2.297599054872989655e-02 2.194213122129440308e-02 3.191125765442848206e-02 6.107579171657562256e-02 2.190664224326610565e-02 5.519155785441398621e-02 4.230911284685134888e-02 1.141157224774360657e-01 6.247637048363685608e-02 3.522575134411454201e-03 4.142953082919120789e-03 1.397099047899246216e-01 7.245509326457977295e-02 1.621619015932083130e-01 3.638002648949623108e-02 3.418246284127235413e-02 8.289702981710433960e-02 1.391662657260894775e-01 7.152505218982696533e-03 2.547331678215414286e-04 1.627971045672893524e-02 1.609215885400772095e-02 4.094970598816871643e-02 8.236704021692276001e-02 3.144774120301008224e-03 3.668437525629997253e-02 2.289450727403163910e-02 2.978850528597831726e-02 4.329971596598625183e-02 4.586935788393020630e-02 7.425894588232040405e-02 8.929215371608734131e-03 1.935580000281333923e-02 4.044840857386589050e-02 1.151484530419111252e-02 1.235017925500869751e-02 1.861856132745742798e-02 1.573293842375278473e-02 6.262015551328659058e-02 4.246967285871505737e-02 4.148574545979499817e-02 2.640367299318313599e-02 5.520620569586753845e-02 5.331083387136459351e-02 8.976152166724205017e-03 2.106699720025062561e-02 1.212742831557989120e-02 3.750587999820709229e-02 2.546556293964385986e-02 1.089971046894788742e-02
2.699176073074340820e-01 1.133639663457870483e-01 3.559317439794540405e-02 3.594274632632732391e-03 1.430337503552436829e-02 6.767937541007995605e-02 5.044217780232429504e-02 5.726438947021961212e-03 7.155044469982385635e-03 4.316664487123489380e-02 1.289067566394805908e-01 4.699540510773658752e-02 1.560338884592056274e-01 4.555790126323699951e-02 7.810856401920318604e-02 4.597986862063407898e-02 1.907609030604362488e-02 6.793060898780822754e-02 3.429861739277839661e-02 3.598648309707641602e-02 7.203467935323715210e-02 1.286814361810684204e-01 5.453008040785789490e-02 1.052872044965624809e-03 3.205015882849693298e-02 2.973338402807712555e-02 9.242814034223556519e-02 2.460682392120361328e-02 2.274716831743717194e-02 2.004057401791214943e-03 2.153543755412101746e-02 2.967070788145065308e-02 2.383817918598651886e-02 6.575452629476785660e-03 6.507007870823144913e-03 2.683189883828163147e-02 1.329802256077528000e-02 2.268105745315551758e-02 2.239719219505786896e-02 3.171948716044425964e-02 1.307174749672412872e-02 4.565370827913284302e-02 4.114808142185211182e-02 8.049178868532180786e-02 9.862127900123596191e-02 2.844014205038547516e-02 7.584028691053390503e-02 1.492827665060758591e-02 1.290486752986907959e-02 7.286335527896881104e-02 4.181809723377227783e-03 5.511127877980470657e-03 3.370726853609085083e-02 1.797801814973354340e-02 3.054565284401178360e-03 2.055140398442745209e-02 3.345115110278129578e-02 2.952702529728412628e-02 1.704675704240798950e-02 5.834401026368141174e-02 1.421270705759525299e-02 4.314342513680458069e-02 1.541624031960964203e-02 9.118497255258262157e-04 2.351087145507335663e-02 4.490343853831291199e-02 2.043597772717475891e-02 5.037166178226470947e-03 9.545598179101943970e-03 1.848822226747870445e-03 7.721140049397945404e-03 4.479231312870979309e-02 3.194702416658401489e-02 4.676171392202377319e-02 3.139427676796913147e-02 3.347516525536775589e-03 1.746229268610477448e-02 2.125551365315914154e-02 8.410083502531051636e-02 2.037020772695541382e-02 3.310156986117362976e-02 2.425113506615161896e-02 4.152490571141242981e-02 2.388012036681175232e-02 3.359948098659515381e-02 4.232934862375259399e-02 1.790224947035312653e-02 8.910579979419708252e-02 5.154311656951904297e-02 1.165923997759819031e-01 3.081144019961357117e-02 6.553108990192413330e-02 1.810525916516780853e-02 7.921431958675384521e-02 1.130005568265914917e-01 7.692410051822662354e-02 1.283604353666305542e-01 4.572092369198799133e-02 1.275528874248266220e-02 1.335676293820142746e-02 3.951454535126686096e-02 5.658983439207077026e-02 6.911533325910568237e-02 9.997253306210041046e-03 1.827633194625377655e-02 5.917173996567726135e-02 3.027206473052501678e-02 7.393285632133483887e-02 5.625292658805847168e-03 3.055782988667488098e-02 1.969453506171703339e-02 2.769383229315280914e-02 2.868615090847015381e-02 5.780779197812080383e-02 3.521712869405746460e-02 5.175223574042320251e-02
1.959548890590667725e-02 8.551771193742752075e-02 6.884306669235229492e-02 4.768756777048110962e-02 9.067092090845108032e-03 8.559901267290115356e-02 5.466163158416748047e-02 6.584826111793518066e-02 3.822464123368263245e-02 2.402329817414283752e-03 4.699540510773658752e-02 1.390050053596496582e-01 2.286875620484352112e-02 1.566174030303955078e-01 5.601019412279129028e-02 1.754055172204971313e-02 2.275044843554496765e-02 5.822084471583366394e-02 6.126822158694267273e-02 3.145305439829826355e-02 4.297561198472976685e-02 2.448544278740882874e-02 8.213095366954803467e-02 7.378583401441574097e-02 1.193223334848880768e-02 6.686911452561616898e-03 1.092483252286911011e-01 1.521066874265670776e-01 2.440466172993183136e-02 1.137117967009544373e-01 2.728523500263690948e-02 1.579131372272968292e-02 1.745791919529438019e-02 1.109144743531942368e-02 7.921813987195491791e-03 1.056013815104961395e-02 3.098133392632007599e-02 6.736098974943161011e-02 2.901023626327514648e-02 2.527854964137077332e-02 6.962730083614587784e-03 9.914694353938102722e-03 4.256005398929119110e-03 2.318570390343666077e-02 1.293203979730606079e-01 1.178662385791540146e-02 6.665457040071487427e-03 5.197346676141023636e-03 4.508719220757484436e-02 3.412213549017906189e-02 4.593533277511596680e-02 5.810485407710075378e-02 2.119912207126617432e-02 2.942538261413574219e-02 1.471962872892618179e-02 1.941166818141937256e-02 3.380607813596725464e-02 2.105985069647431374e-03 3.943607956171035767e-02 2.148149069398641586e-03 5.802956596016883850e-02 1.877284049987792969e-02 1.308137271553277969e-02 6.434797775000333786e-03 1.871501095592975616e-02 9.610971435904502869e-03 7.133244071155786514e-03 3.963442146778106689e-02 5.793188512325286865e-02 2.002681605517864227e-02 3.347975760698318481e-02 5.337304621934890747e-02 1.760093308985233307e-02 1.650202833116054535e-02 4.881626367568969727e-02 1.859943731687963009e-03 4.401654005050659180e-02 2.319016866385936737e-02 1.051826402544975281e-01 6.733620911836624146e-02 1.474562473595142365e-02 7.560925185680389404e-02 7.927688956260681152e-02 1.406747568398714066e-02 6.157016754150390625e-02 1.710635237395763397e-02 2.080076187849044800e-02 8.606190793216228485e-03 3.869093954563140869e-02 2.911095321178436279e-02 1.060879137367010117e-02 9.858184494078159332e-03 1.107681076973676682e-02 5.578375235199928284e-02 2.448650822043418884e-02 3.929340094327926636e-02 4.014375060796737671e-02 6.962090730667114258e-02 5.285728257149457932e-03 7.317179115489125252e-04 2.817818522453308105e-02 3.957757726311683655e-02 3.912387043237686157e-02 1.573284901678562164e-02 1.043267175555229187e-02 4.504156112670898438e-02 1.035463158041238785e-02 3.510166704654693604e-02 1.634775474667549133e-02 1.776650734245777130e-02 5.088344961404800415e-02 4.841532185673713684e-02 3.010874381288886070e-03 8.062623441219329834e-03 4.191079735755920410e-02 2.918096818029880524e-02
1.949777305126190186e-01 2.090802639722824097e-01 8.410859853029251099e-02 6.169992312788963318e-02 4.921824112534523010e-02 1.080991476774215698e-01 1.475410442799329758e-02 2.576135098934173584e-02 3.032936248928308487e-03 1.854226551949977875e-02 1.560338884592056274e-01 2.286875620484352112e-02 1.401039361953735352e-01 5.790611729025840759e-02 8.278284966945648193e-02 1.200809981673955917e-02 1.593533903360366821e-02 1.994431950151920319e-02 1.358909532427787781e-02 5.006165592931210995e-04 4.471695050597190857e-02 1.001503318548202515e-01 1.364252297207713127e-03 3.221626952290534973e-02 3.750652447342872620e-02 4.512590169906616211e-02 7.934293826110661030e-04 2.828622050583362579e-02 1.494401507079601288e-02 4.911192506551742554e-02 3.270518407225608826e-02 5.167882889509201050e-03 2.956111356616020203e-02 9.225912392139434814e-03 1.344364881515502930e-02 1.350310165435075760e-03 4.663554485887289047e-03 6.615921109914779663e-02 7.837497978471219540e-04 5.037478730082511902e-02 3.452504798769950867e-02 5.656627938151359558e-02 5.913406610488891602e-02 3.094282560050487518e-02 2.554046921432018280e-02 3.898040577769279480e-02 6.490477919578552246e-02 1.197942253202199936e-02 1.440216414630413055e-02 2.061184123158454895e-02 5.654212087392807007e-02 2.240764588350430131e-04 6.057844962924718857e-03 8.189501613378524780e-02 4.458263516426086426e-02 7.222384214401245117e-03 7.450782228261232376e-03 1.294969813898205757e-03 2.688806690275669098e-02 1.101218350231647491e-02 1.529398746788501740e-02 6.553429644554853439e-03 4.034807533025741577e-02 5.918134376406669617e-02 3.054039366543292999e-02 1.167428493499755859e-01 2.023104811087250710e-03 2.806389331817626953e-02 5.220450460910797119e-02 5.669308826327323914e-02 4.066537693142890930e-02 2.814476937055587769e-02 9.568114764988422394e-03 1.806661300361156464e-02 1.684545353055000305e-02 4.041830077767372131e-02 3.439721092581748962e-02 2.056105248630046844e-02 4.723661020398139954e-02 1.237907558679580688e-01 6.250581145286560059e-02 3.212190791964530945e-02 3.825692087411880493e-02 1.460907864384353161e-03 3.861832246184349060e-02 4.612899571657180786e-02 3.315627202391624451e-02 3.482479974627494812e-02 9.220534004271030426e-03 6.444597244262695312e-02 2.389585971832275391e-02 7.004997227340936661e-03 6.428384222090244293e-03 1.114002838730812073e-01 4.791990667581558228e-02 3.433999791741371155e-02 7.002893090248107910e-02 3.066020272672176361e-02 2.899067476391792297e-02 1.972052641212940216e-02 2.345305122435092926e-02 3.046279400587081909e-02 1.763431169092655182e-02 2.226969809271395206e-04 4.792791232466697693e-02 1.066376455128192902e-02 8.470748551189899445e-03 6.165838986635208130e-02 3.410222008824348450e-02 1.795041561126708984e-02 1.634211093187332153e-02 3.522402048110961914e-02 1.250290870666503906e-02 1.876076683402061462e-02 2.807758562266826630e-02 1.548397354781627655e-02
