1.907170116901397705e-01 2.286957502365112305e-01 8.895638398826122284e-03 3.227572143077850342e-02 5.527930334210395813e-02 1.879146248102188110e-01 8.545973105356097221e-05 1.545736193656921387e-02 3.820719197392463684e-02 5.999969691038131714e-02 2.403051704168319702e-01 6.319642066955566406e-02 1.135197654366493225e-01 1.374191138893365860e-02 4.060684889554977417e-02 4.589946940541267395e-03 3.537634387612342834e-03 3.898132219910621643e-02 7.746011018753051758e-02 9.300961159169673920e-03 2.967530861496925354e-02 4.908158630132675171e-02 7.746819406747817993e-03 3.163111954927444458e-02 1.020297035574913025e-02 4.807522986084222794e-03 2.952860295772552490e-02 1.123696099966764450e-02 3.298999276012182236e-03 4.825443029403686523e-02 2.209892868995666504e-02 7.764953188598155975e-03 4.223455116152763367e-02 1.503885071724653244e-02 8.008955977857112885e-03 2.860082127153873444e-02 5.337853915989398956e-03 3.945416957139968872e-02 1.519774831831455231e-02 2.037712931632995605e-02 4.444202408194541931e-02 2.336841449141502380e-02 1.611010730266571045e-02 7.924912869930267334e-02 5.876925308257341385e-03 5.996386334300041199e-02 2.665998935699462891e-01 4.349607974290847778e-03 2.870894037187099457e-03 3.183851763606071472e-02 5.021264776587486267e-02 2.669610083103179932e-02 8.819431066513061523e-02 6.388298352248966694e-04 2.840045839548110962e-03 5.378156527876853943e-02 3.067993558943271637e-02 2.315596304833889008e-02 1.502246502786874771e-02 7.370550185441970825e-03 5.765078961849212646e-02 7.883192971348762512e-03 4.762354493141174316e-02 3.317595273256301880e-02 3.914199024438858032e-02 5.584930256009101868e-02 1.636824756860733032e-02 1.520432997494935989e-02 2.748648822307586670e-02 4.068195819854736328e-02 7.808627188205718994e-02 1.343960408121347427e-02 9.604668244719505310e-03 8.988943882286548615e-03 2.300998568534851074e-02 4.352574702352285385e-03 4.678478837013244629e-02 3.180019557476043701e-02 2.285524457693099976e-02 1.624591648578643799e-02 3.511190786957740784e-02 3.824857249855995178e-02 1.524817943572998047e-02 5.278884246945381165e-02 5.213701631873846054e-03 1.864292100071907043e-02 6.000562757253646851e-02 1.727402210235595703e-02 2.086449414491653442e-02 1.106499601155519485e-02 4.131913557648658752e-02 3.487828001379966736e-02 7.251222431659698486e-02 5.912806093692779541e-02 6.589197367429733276e-02 2.984275110065937042e-02 3.448380157351493835e-02 2.445078641176223755e-02 1.549504138529300690e-02 3.644808754324913025e-02 6.599524524062871933e-03 1.171110663563013077e-02 4.615901410579681396e-02 2.297417260706424713e-02 7.171527482569217682e-03 4.370357841253280640e-02 1.546816714107990265e-02 2.925649285316467285e-02 1.171110477298498154e-02 5.245319753885269165e-02 1.463864813558757305e-03 4.440896585583686829e-02 4.534410685300827026e-02 3.501308336853981018e-02 6.091330572962760925e-02 6.384213268756866455e-02
2.286957502365112305e-01 1.788016855716705322e-01 6.384747475385665894e-02 1.002683117985725403e-01 8.492507971823215485e-03 1.580329835414886475e-01 1.078423336148262024e-01 5.098973214626312256e-02 7.960036396980285645e-03 1.876366138458251953e-02 9.754034876823425293e-02 3.920434974133968353e-03 2.433995604515075684e-01 3.248835355043411255e-02 1.079360954463481903e-02 1.141590531915426254e-02 1.562747545540332794e-02 2.525217458605766296e-02 3.816178068518638611e-02 1.829367689788341522e-02 1.487330440431833267e-02 7.744852453470230103e-02 1.368374098092317581e-02 2.085825428366661072e-02 7.151091005653142929e-03 3.141960501670837402e-02 4.808137565851211548e-02 4.413205012679100037e-02 4.150710254907608032e-02 3.024235926568508148e-02 2.696473151445388794e-02 3.412408381700515747e-02 1.747073046863079071e-02 2.548309043049812317e-03 7.413623481988906860e-02 2.471255697309970856e-02 5.552193615585565567e-03 3.683343157172203064e-02 1.331827952526509762e-03 3.143305703997612000e-02 4.794048890471458435e-02 1.596826501190662384e-02 6.328898668289184570e-02 4.313522577285766602e-02 1.449370477348566055e-02 1.563641824759542942e-03 1.879633665084838867e-01 3.143521491438150406e-03 8.597730658948421478e-03 4.762211441993713379e-02 2.105552144348621368e-02 6.195843592286109924e-02 2.644160576164722443e-02 1.064190454781055450e-02 3.516186773777008057e-02 1.618161611258983612e-02 3.980024531483650208e-02 2.585277706384658813e-02 6.448727846145629883e-02 5.030673742294311523e-02 3.157833218574523926e-02 4.399117082357406616e-02 8.795339614152908325e-03 5.571841076016426086e-02 4.415556415915489197e-02 1.351554393768310547e-01 7.171430438756942749e-02 2.913081832230091095e-02 3.139605373144149780e-02 5.982288159430027008e-03 4.188643395900726318e-02 1.183172781020402908e-02 8.194567635655403137e-04 5.848809704184532166e-02 1.808430813252925873e-02 8.366663753986358643e-02 2.269410155713558197e-02 1.262576598674058914e-02 2.111658640205860138e-02 3.763556852936744690e-02 2.202105149626731873e-02 7.004989683628082275e-02 1.408466044813394547e-02 1.883273199200630188e-02 1.790884509682655334e-02 2.161820977926254272e-02 1.276836148463189602e-03 6.009218096733093262e-02 1.386601384729146957e-02 2.840699255466461182e-02 7.119148969650268555e-02 4.472265392541885376e-02 2.892703749239444733e-03 3.772945329546928406e-02 6.989270448684692383e-02 1.384297013282775879e-02 1.806511357426643372e-02 2.788169495761394501e-02 5.025548161938786507e-04 5.965239182114601135e-02 2.716650255024433136e-02 3.595750778913497925e-02 1.542145386338233948e-02 2.985038422048091888e-02 4.621192812919616699e-02 1.698456355370581150e-03 3.071947395801544189e-02 3.089308552443981171e-02 2.774637378752231598e-02 6.682035326957702637e-02 7.639148272573947906e-03 2.619120664894580841e-02 2.174653299152851105e-02 3.120307810604572296e-02 1.569227315485477448e-02 5.041088163852691650e-02
8.895638398826122284e-03 6.384747475385665894e-02 7.768563926219940186e-02 9.553696215152740479e-02 3.548143059015274048e-02 2.048333920538425446e-02 4.728349298238754272e-02 1.810510605573654175e-01 4.833634570240974426e-02 5.278324242681264877e-03 4.232860729098320007e-02 2.686211094260215759e-02 2.194700390100479126e-02 6.045115645974874496e-03 1.793735288083553314e-02 8.900507353246212006e-03 2.317803725600242615e-02 6.248607765883207321e-03 9.138864465057849884e-03 7.857332378625869751e-02 1.762038283050060272e-02 1.219338458031415939e-02 4.034416005015373230e-02 5.729535594582557678e-02 9.475150704383850098e-02 2.085188031196594238e-02 6.726080924272537231e-02 8.076055906713008881e-03 6.137453392148017883e-02 1.441059634089469910e-02 7.635785639286041260e-02 4.934167116880416870e-02 2.265693387016654015e-03 2.321563195437192917e-03 8.246498182415962219e-03 5.335040390491485596e-03 1.848586276173591614e-02 2.292432636022567749e-02 6.344658881425857544e-02 4.586447030305862427e-02 1.078376397490501404e-01 4.031048715114593506e-02 2.785858325660228729e-02 5.364419519901275635e-02 9.864447265863418579e-02 7.049575913697481155e-03 9.786468930542469025e-03 2.538480982184410095e-02 2.312052063643932343e-03 7.226077467203140259e-02 9.393432177603244781e-03 1.775890775024890900e-02 1.325454376637935638e-02 7.921337336301803589e-02 3.345231339335441589e-02 2.032774034887552261e-03 4.101959988474845886e-03 1.791813224554061890e-02 2.976662851870059967e-02 5.198389757424592972e-03 2.518788538873195648e-02 4.151355940848588943e-03 3.578215464949607849e-02 1.703502424061298370e-02 3.863329440355300903e-02 1.966746710240840912e-02 2.192876487970352173e-02 3.985635470598936081e-03 2.354100160300731659e-02 4.571019485592842102e-02 8.209896087646484375e-02 6.273347884416580200e-02 1.546562612056732178e-01 6.798939406871795654e-02 1.075176335871219635e-02 7.240788638591766357e-02 5.567168444395065308e-02 2.944899164140224457e-02 8.312189951539039612e-03 3.765686228871345520e-02 1.987028121948242188e-01 2.293455749750137329e-01 9.329326450824737549e-03 3.531135246157646179e-02 1.399784255772829056e-02 5.139308515936136246e-03 1.267175525426864624e-01 1.609233953058719635e-02 4.903850704431533813e-02 2.530977874994277954e-02 3.380664857104420662e-04 3.234257921576499939e-02 8.246606588363647461e-02 3.446950018405914307e-02 1.260450761765241623e-02 1.852283440530300140e-02 4.986635223031044006e-02 2.559149451553821564e-02 2.356083877384662628e-02 3.280316665768623352e-02 7.742614834569394588e-04 1.285248529165983200e-02 3.287512063980102539e-02 3.968130424618721008e-02 4.655997082591056824e-02 3.412007912993431091e-02 2.168200165033340454e-02 2.597463876008987427e-02 2.666198089718818665e-02 5.368683114647865295e-02 4.065679013729095459e-02 2.765059471130371094e-02 4.375044256448745728e-02 1.498312223702669144e-02 4.356547072529792786e-02 1.692608743906021118e-02
3.227572143077850342e-02 1.002683117985725403e-01 9.553696215152740479e-02 3.145130723714828491e-02 5.355334654450416565e-02 2.891948819160461426e-02 5.895818397402763367e-02 1.513040042482316494e-03 3.224278613924980164e-02 3.645197302103042603e-02 2.644513361155986786e-02 4.226033017039299011e-02 1.700031943619251251e-02 1.990364119410514832e-02 2.317254990339279175e-02 7.849530130624771118e-02 4.340187460184097290e-02 1.833336194977164268e-03 3.402262181043624878e-02 1.140107586979866028e-02 2.952034398913383484e-02 5.212159827351570129e-02 1.495334086939692497e-03 5.247427523136138916e-02 5.175165459513664246e-02 1.480123400688171387e-02 4.453985765576362610e-02 5.318567529320716858e-02 9.054237604141235352e-02 3.957526758313179016e-02 9.071769192814826965e-03 3.739001974463462830e-02 3.897785767912864685e-02 5.894120782613754272e-02 1.519697308540344238e-01 2.723385952413082123e-02 1.090927142649888992e-02 2.279965020716190338e-02 9.307160228490829468e-02 1.862939074635505676e-02 5.680776759982109070e-02 4.903419874608516693e-03 2.414021082222461700e-02 1.566799543797969818e-02 5.374206602573394775e-02 1.199734769761562347e-02 4.149495810270309448e-02 8.635526522994041443e-03 5.032414570450782776e-02 6.866655312478542328e-03 4.700322076678276062e-02 1.002009678632020950e-02 1.642297022044658661e-02 6.520561128854751587e-02 1.554620917886495590e-02 3.016228228807449341e-02 2.312261983752250671e-02 6.227950006723403931e-02 6.158053874969482422e-02 2.040364034473896027e-02 3.376131132245063782e-02 1.908023841679096222e-02 2.661169506609439850e-02 1.057804748415946960e-01 2.980723232030868530e-02 3.337396308779716492e-02 4.572521150112152100e-02 6.647628545761108398e-02 1.029478292912244797e-02 2.031673677265644073e-02 2.270848304033279419e-02 3.189120674505829811e-03 6.466887146234512329e-02 2.225248888134956360e-02 7.900258526206016541e-03 2.752210013568401337e-02 1.500607188791036606e-02 1.533240824937820435e-02 7.357127498835325241e-03 1.213781088590621948e-01 3.834747523069381714e-02 2.481938153505325317e-02 4.875544086098670959e-02 3.857438638806343079e-02 7.819951511919498444e-03 6.713215261697769165e-02 2.919260039925575256e-02 3.780112043023109436e-02 2.766216360032558441e-02 8.707662671804428101e-02 7.433989644050598145e-02 3.252479061484336853e-02 1.660613715648651123e-02 1.092439144849777222e-02 2.973605506122112274e-02 7.313600182533264160e-02 1.718399673700332642e-02 1.718146167695522308e-02 9.304452687501907349e-03 3.321498632431030273e-02 2.231861092150211334e-02 5.007451027631759644e-02 1.738630235195159912e-02 1.081390958279371262e-02 3.204482793807983398e-02 4.061292484402656555e-02 1.379070580005645752e-01 3.717005252838134766e-02 4.516907408833503723e-02 5.052179470658302307e-02 5.776556208729743958e-02 4.373789206147193909e-02 5.480018258094787598e-02 7.875830866396427155e-03 2.803976088762283325e-02 8.159760385751724243e-02
5.527930334210395813e-02 8.492507971823215485e-03 3.548143059015274048e-02 5.355334654450416565e-02 6.417419016361236572e-02 1.189262047410011292e-01 9.164614230394363403e-02 1.905979216098785400e-02 3.739453107118606567e-02 3.199923783540725708e-02 8.660026639699935913e-02 2.505326271057128906e-02 6.226912513375282288e-02 5.772783188149333000e-04 3.382321819663047791e-02 1.207546424120664597e-02 5.926867201924324036e-02 1.071135047823190689e-02 9.536091983318328857e-02 3.873815387487411499e-02 3.959490451961755753e-03 5.940338224172592163e-02 2.826235070824623108e-02 6.058324500918388367e-02 3.630080446600914001e-02 2.160426974296569824e-02 3.729983419179916382e-02 1.704241521656513214e-02 4.405023157596588135e-02 6.280302070081233978e-03 4.215008765459060669e-02 1.686340570449829102e-02 3.418491035699844360e-02 4.767004400491714478e-02 6.085480377078056335e-02 8.180239051580429077e-02 4.669341072440147400e-02 6.598146259784698486e-02 2.776538394391536713e-02 1.492258310317993164e-01 5.104077607393264771e-02 3.701183572411537170e-02 9.823295287787914276e-03 2.724716998636722565e-02 1.566614396870136261e-02 1.111734844744205475e-02 1.938951946794986725e-02 6.167447194457054138e-03 4.398389160633087158e-02 7.085081934928894043e-02 4.405150935053825378e-02 3.568160161375999451e-02 3.811414167284965515e-02 1.591574214398860931e-02 4.849946126341819763e-02 7.371554523706436157e-02 5.181628093123435974e-02 1.920841820538043976e-02 3.070190176367759705e-02 5.340040102601051331e-02 2.301844209432601929e-02 6.438261363655328751e-03 1.128072217106819153e-01 2.490890957415103912e-02 4.221824556589126587e-02 5.665489938110113144e-03 2.462297864258289337e-02 3.859984281007200480e-04 8.555462583899497986e-03 2.661198563873767853e-02 2.819708362221717834e-02 7.450176868587732315e-03 5.786741897463798523e-02 2.698708139359951019e-02 8.174617588520050049e-02 2.255605533719062805e-02 4.354121908545494080e-02 2.889897115528583527e-02 5.468532070517539978e-02 1.472045108675956726e-02 1.311595924198627472e-02 3.822992742061614990e-02 3.915725648403167725e-02 1.497025787830352783e-01 4.984985664486885071e-02 2.935614995658397675e-02 8.214440196752548218e-02 4.664158448576927185e-02 3.183635696768760681e-02 7.574570924043655396e-02 7.651574909687042236e-02 9.498407691717147827e-02 1.849709264934062958e-02 3.505105851218104362e-03 2.085009217262268066e-02 5.103591084480285645e-02 2.790495008230209351e-02 4.906570166349411011e-02 1.061705872416496277e-02 4.847128316760063171e-02 2.013758383691310883e-02 4.689228534698486328e-02 7.953549502417445183e-04 3.641849756240844727e-02 3.906748071312904358e-02 1.443074084818363190e-02 5.445175990462303162e-02 2.108552679419517517e-02 6.183023750782012939e-02 2.837346633896231651e-03 8.394203335046768188e-02 2.721800096333026886e-02 1.845320872962474823e-02 4.531038552522659302e-02 7.429469376802444458e-02 4.634367302060127258e-02
1.879146248102188110e-01 1.580329835414886475e-01 2.048333920538425446e-02 2.891948819160461426e-02 1.189262047410011292e-01 1.511540412902832031e-01 1.895464509725570679e-01 2.967444621026515961e-02 4.352560639381408691e-02 1.207814179360866547e-02 1.190308108925819397e-01 1.230321303009986877e-01 1.077536046504974365e-01 7.437860220670700073e-02 7.107587158679962158e-02 5.404238472692668438e-04 4.595357924699783325e-03 5.987302958965301514e-02 9.097862243652343750e-02 2.147579193115234375e-02 3.325815871357917786e-02 8.412011712789535522e-02 1.948318444192409515e-03 1.226873323321342468e-02 1.802640594542026520e-02 3.202774748206138611e-02 2.544335089623928070e-02 3.611475601792335510e-02 1.478513331676367670e-05 1.047548186033964157e-02 5.832469463348388672e-02 1.188040059059858322e-02 5.736936256289482117e-02 6.427159067243337631e-03 6.249370053410530090e-02 5.026922444812953472e-04 7.510134601034224033e-04 6.394053250551223755e-02 5.684941634535789490e-02 1.370997866615653038e-03 8.105485886335372925e-02 5.710121616721153259e-02 1.487268507480621338e-02 6.093351915478706360e-02 1.848687790334224701e-02 1.195431593805551529e-02 2.637782394886016846e-01 1.116737052798271179e-01 2.709043677896261215e-03 2.351004444062709808e-02 5.677585955709218979e-03 3.259698860347270966e-03 8.003306575119495392e-04 2.277241321280598640e-03 7.163301110267639160e-02 2.917410433292388916e-02 5.367559194564819336e-02 3.933944925665855408e-02 3.121099900454282761e-03 2.693536505103111267e-02 7.714714109897613525e-02 2.941131778061389923e-02 4.893615841865539551e-02 5.907072871923446655e-02 3.546486794948577881e-02 2.835210971534252167e-02 2.100392617285251617e-02 3.149990923702716827e-03 1.041672937572002411e-02 1.224696077406406403e-02 3.212690353393554688e-02 2.741401083767414093e-02 3.281352669000625610e-02 4.115181043744087219e-02 5.820243433117866516e-02 9.336107969284057617e-02 4.361153021454811096e-02 3.546434268355369568e-02 4.640261456370353699e-02 6.813149154186248779e-02 6.119287759065628052e-02 1.320918351411819458e-01 6.382781546562910080e-03 3.814148902893066406e-02 5.322544369846582413e-03 3.295833244919776917e-03 2.698497101664543152e-02 7.916592061519622803e-02 3.760530427098274231e-02 2.201362885534763336e-02 5.272839963436126709e-02 4.207942262291908264e-02 4.119109734892845154e-02 8.377878367900848389e-02 6.060566008090972900e-02 4.595533944666385651e-03 1.376435812562704086e-02 1.115809939801692963e-02 3.654903918504714966e-02 8.413997478783130646e-03 3.000209340825676918e-03 2.649897243827581406e-03 5.119107663631439209e-02 5.943765491247177124e-02 5.188928171992301941e-02 3.268066421151161194e-02 3.237044811248779297e-02 4.277568683028221130e-02 1.856980286538600922e-02 8.460966497659683228e-02 1.967134885489940643e-02 1.023348420858383179e-02 5.495830252766609192e-02 4.398996476083993912e-03 4.378797113895416260e-02 3.656202927231788635e-02
8.545973105356097221e-05 1.078423336148262024e-01 4.728349298238754272e-02 5.895818397402763367e-02 9.164614230394363403e-02 1.895464509725570679e-01 1.334052532911300659e-01 3.124106861650943756e-02 5.179631710052490234e-02 2.851662039756774902e-02 9.020002931356430054e-02 5.948868393898010254e-02 6.826889514923095703e-02 5.421044304966926575e-02 1.130686514079570770e-02 6.986978929489850998e-03 2.845526486635208130e-02 4.509464651346206665e-02 5.783991888165473938e-02 1.852059736847877502e-02 2.954107895493507385e-02 5.369693413376808167e-02 2.585845300927758217e-03 3.846305608749389648e-02 9.523557126522064209e-02 1.146974973380565643e-02 1.746065914630889893e-02 1.758746653795242310e-01 7.263045758008956909e-02 1.300591230392456055e-01 4.060268984176218510e-04 1.870999485254287720e-02 3.760537505149841309e-02 1.211679913103580475e-02 2.507342584431171417e-02 4.141565784811973572e-02 9.077735990285873413e-02 3.699044138193130493e-02 4.216622933745384216e-02 4.195392131805419922e-02 3.620687872171401978e-02 7.374548353254795074e-03 5.114670097827911377e-02 5.384243652224540710e-02 4.382930323481559753e-02 1.523984689265489578e-02 7.044104486703872681e-02 2.254029065370559692e-01 1.603370532393455505e-02 4.176123067736625671e-02 5.585204064846038818e-02 3.541135042905807495e-02 6.544487923383712769e-02 3.802821040153503418e-02 4.652493819594383240e-02 4.209468513727188110e-02 1.429543457925319672e-02 3.043385967612266541e-02 5.851120874285697937e-02 4.171125218272209167e-02 4.318226419854909182e-04 7.482402026653289795e-02 3.690367192029953003e-02 7.022019475698471069e-02 1.110158413648605347e-01 3.042387217283248901e-02 2.330944314599037170e-02 1.305653527379035950e-02 8.879465050995349884e-03 4.193629324436187744e-02 2.408519759774208069e-02 2.597796916961669922e-02 4.802780225872993469e-02 5.645021051168441772e-02 2.866170369088649750e-02 3.090290538966655731e-02 1.213944423943758011e-02 7.113950792700052261e-03 4.226652905344963074e-02 1.277000457048416138e-02 4.547669738531112671e-02 1.130387410521507263e-01 4.300234466791152954e-02 1.044447440654039383e-02 6.902664899826049805e-02 2.237502112984657288e-02 4.349268600344657898e-02 8.460566401481628418e-02 3.031421266496181488e-02 2.589423581957817078e-02 3.222827217541635036e-04 1.025850996375083923e-01 1.148720830678939819e-01 6.498836725950241089e-02 8.706496655941009521e-02 3.403396531939506531e-02 1.062806621193885803e-01 4.311382398009300232e-02 3.327504545450210571e-02 4.171724617481231689e-02 1.750403642654418945e-02 1.293269218876957893e-03 7.868237048387527466e-02 2.756837196648120880e-02 5.540092010051012039e-03 1.156233437359333038e-02 7.985020056366920471e-03 7.691382616758346558e-02 1.996619830606505275e-04 8.802071213722229004e-02 2.869525179266929626e-02 4.522782936692237854e-02 3.565723448991775513e-02 1.768408715724945068e-02 1.000969037413597107e-01 2.739049866795539856e-02
1.545736193656921387e-02 5.098973214626312256e-02 1.810510605573654175e-01 1.513040042482316494e-03 1.905979216098785400e-02 2.967444621026515961e-02 3.124106861650943756e-02 1.173479110002517700e-01 1.026109512895345688e-02 2.287633717060089111e-02 7.120879832655191422e-03 7.586105167865753174e-02 3.146079927682876587e-02 6.231119856238365173e-02 5.035588517785072327e-02 1.129308249801397324e-02 6.404446065425872803e-02 1.961803622543811798e-02 1.531462743878364563e-02 1.067523844540119171e-02 4.757708311080932617e-02 1.618583872914314270e-02 3.499325364828109741e-03 8.897612802684307098e-03 7.031503319740295410e-02 6.380379945039749146e-02 1.241757534444332123e-02 2.569574117660522461e-02 6.915105134248733521e-02 5.609841644763946533e-02 7.276540994644165039e-02 2.939330600202083588e-02 6.740746088325977325e-03 3.922549635171890259e-02 4.047163948416709900e-02 7.267241179943084717e-02 2.933938987553119659e-02 2.971564419567584991e-02 2.211867086589336395e-02 4.461801797151565552e-02 2.141213417053222656e-02 1.958173699676990509e-02 1.815379597246646881e-02 4.789864271879196167e-02 4.764248058199882507e-02 4.685649275779724121e-02 4.376428201794624329e-02 6.372559815645217896e-02 5.454510450363159180e-03 3.274334594607353210e-02 4.832150042057037354e-02 4.413411021232604980e-02 8.996278047561645508e-03 6.177540123462677002e-02 3.244674205780029297e-02 2.877151407301425934e-02 6.936330813914537430e-03 6.227765604853630066e-02 6.183292344212532043e-02 1.063154172152280807e-02 3.116171993315219879e-02 4.819277673959732056e-03 2.668681368231773376e-02 7.936855778098106384e-03 8.168496191501617432e-03 4.965278506278991699e-02 2.169121988117694855e-02 2.254234440624713898e-02 6.911744922399520874e-02 4.686760902404785156e-02 4.715263843536376953e-02 8.710739202797412872e-03 3.133111819624900818e-02 3.824214264750480652e-02 7.672993838787078857e-02 3.713838383555412292e-02 1.441676728427410126e-02 1.132307667285203934e-02 2.210276573896408081e-02 4.695596173405647278e-02 3.292399644851684570e-01 6.308202445507049561e-02 2.350899949669837952e-02 2.591497451066970825e-02 4.134111106395721436e-02 4.766147211194038391e-02 1.205392032861709595e-01 3.857986768707633018e-03 1.354783028364181519e-01 5.132522433996200562e-02 4.141927137970924377e-02 3.630642965435981750e-02 1.455048844218254089e-02 2.366894856095314026e-02 9.963307529687881470e-03 5.270649120211601257e-02 3.483039885759353638e-02 2.145994640886783600e-02 2.183853834867477417e-02 2.379570342600345612e-02 2.610580250620841980e-02 2.098693326115608215e-02 9.314270690083503723e-03 3.795982897281646729e-02 3.323216736316680908e-02 4.044695757329463959e-03 4.941084980964660645e-02 2.327210269868373871e-03 2.827219432219862938e-03 2.325237169861793518e-02 1.560919135808944702e-01 6.435998529195785522e-02 3.932118043303489685e-02 1.035320479422807693e-02 5.897149816155433655e-02 5.200490355491638184e-02
3.820719197392463684e-02 7.960036396980285645e-03 4.833634570240974426e-02 3.224278613924980164e-02 3.739453107118606567e-02 4.352560639381408691e-02 5.179631710052490234e-02 1.026109512895345688e-02 1.074317172169685364e-01 3.753868117928504944e-02 1.998076448217034340e-03 6.006564944982528687e-02 1.067490689456462860e-02 7.326883822679519653e-02 1.437624543905258179e-02 4.119512066245079041e-02 4.662646725773811340e-02 8.663347363471984863e-02 4.037268087267875671e-02 2.551638521254062653e-02 1.047334633767604828e-02 5.515101924538612366e-02 5.917631834745407104e-02 1.178107038140296936e-02 2.887984924018383026e-02 3.701564297080039978e-02 3.986401855945587158e-02 3.860988467931747437e-02 1.133060827851295471e-02 5.683130770921707153e-02 4.629634786397218704e-03 3.681673842947930098e-04 3.256297111511230469e-02 5.050904583185911179e-03 3.124173358082771301e-02 2.924053929746150970e-02 9.358420968055725098e-03 4.384934157133102417e-02 1.009965687990188599e-02 1.633590646088123322e-02 3.280301392078399658e-02 4.694903269410133362e-02 3.153434395790100098e-02 4.170791059732437134e-02 7.266735285520553589e-02 2.633353695273399353e-02 3.457968309521675110e-02 3.229145295335911214e-05 9.594987146556377411e-03 6.656044721603393555e-02 6.990462541580200195e-02 4.002581909298896790e-02 5.458960682153701782e-02 3.666236251592636108e-02 7.997343689203262329e-02 4.796809330582618713e-02 1.827464438974857330e-02 5.205825716257095337e-02 5.970088392496109009e-02 3.039725869894027710e-02 1.741032674908638000e-02 4.387726262211799622e-02 2.652726881206035614e-02 2.145036496222019196e-02 2.628462016582489014e-02 9.013497270643711090e-03 3.911713883280754089e-02 9.768749587237834930e-03 2.786115370690822601e-02 4.744804929941892624e-03 1.876717992126941681e-02 8.419075608253479004e-02 2.286578342318534851e-02 4.581569507718086243e-02 6.552658975124359131e-02 8.488736301660537720e-02 1.359481364488601685e-01 4.445528984069824219e-02 8.946009725332260132e-02 2.761152014136314392e-02 6.161736324429512024e-02 3.798012435436248779e-02 8.782750368118286133e-02 2.754996344447135925e-02 4.586530558299273252e-04 3.864269703626632690e-02 5.470485612750053406e-02 5.690679326653480530e-02 9.182105213403701782e-02 5.733188614249229431e-02 4.619633406400680542e-02 6.397844292223453522e-03 3.457554429769515991e-02 6.841282546520233154e-02 3.459976986050605774e-02 5.922713130712509155e-02 3.685627877712249756e-02 1.170026659965515137e-01 4.910006001591682434e-02 2.384847775101661682e-02 2.111118286848068237e-02 3.306748345494270325e-02 2.335823699831962585e-02 5.831679701805114746e-02 9.699895977973937988e-03 4.187545180320739746e-02 1.670704595744609833e-02 1.728121936321258545e-02 1.746586523950099945e-02 1.997808739542961121e-02 2.353445161134004593e-03 4.638533666729927063e-02 2.490922808647155762e-02 1.868611318059265614e-03 1.637137494981288910e-02 1.233009546995162964e-01
5.999969691038131714e-02 1.876366138458251953e-02 5.278324242681264877e-03 3.645197302103042603e-02 3.199923783540725708e-02 1.207814179360866547e-02 2.851662039756774902e-02 2.287633717060089111e-02 3.753868117928504944e-02 1.443929523229598999e-01 3.335689008235931396e-02 2.727959677577018738e-02 3.656806051731109619e-02 9.964840114116668701e-02 2.105312421917915344e-03 6.308182142674922943e-03 3.996580839157104492e-02 7.087704539299011230e-02 7.401821017265319824e-02 2.527954243123531342e-02 5.019053816795349121e-02 1.654882542788982391e-02 2.965567167848348618e-03 6.227270513772964478e-02 4.849585518240928650e-02 6.322440505027770996e-02 1.368636824190616608e-02 4.572222381830215454e-02 2.465663105249404907e-02 9.645995497703552246e-02 1.595592498779296875e-02 1.296241022646427155e-02 1.724576111882925034e-03 1.858197897672653198e-02 1.402987074106931686e-02 1.908417232334613800e-02 4.795629903674125671e-02 2.905580401420593262e-02 2.748451009392738342e-02 3.745526447892189026e-02 4.795819148421287537e-02 2.824917808175086975e-02 3.593647852540016174e-02 2.651203237473964691e-02 1.501186168752610683e-03 1.096372157335281372e-01 4.585450142621994019e-02 1.684162765741348267e-02 3.418735414743423462e-02 4.803769662976264954e-02 9.072353132069110870e-03 6.169553101062774658e-02 1.827674545347690582e-02 2.247982099652290344e-02 4.562051221728324890e-02 7.679229229688644409e-02 6.177888065576553345e-02 1.267610639333724976e-01 9.556547738611698151e-03 3.898285701870918274e-02 2.467850595712661743e-02 2.781247347593307495e-02 8.357474580407142639e-03 1.527575403451919556e-02 4.455361515283584595e-02 4.342331737279891968e-02 4.437411203980445862e-02 4.085082933306694031e-02 4.887194931507110596e-02 3.658748418092727661e-02 1.126019805669784546e-01 2.034911140799522400e-02 1.778990402817726135e-02 7.073565572500228882e-02 7.666512392461299896e-03 4.450934473425149918e-03 3.554335981607437134e-02 1.510868966579437256e-01 8.420411497354507446e-02 1.408257931470870972e-01 8.799468167126178741e-03 5.349671095609664917e-02 2.599002607166767120e-02 9.980142861604690552e-02 5.293728783726692200e-02 4.579905071295797825e-04 3.833341225981712341e-02 2.811140008270740509e-02 4.655495658516883850e-02 1.179242208600044250e-01 3.774529322981834412e-02 5.187729001045227051e-02 2.776189148426055908e-02 6.838797032833099365e-02 1.889347843825817108e-02 2.286086237290874124e-04 9.087830781936645508e-03 3.362714499235153198e-02 1.835635118186473846e-02 3.008485585451126099e-02 2.363490872085094452e-03 3.210081160068511963e-02 5.075025931000709534e-02 1.064059231430292130e-02 3.871427325066179037e-04 4.552727099508047104e-03 4.455372225493192673e-03 5.845713429152965546e-03 2.221259102225303650e-02 1.547146122902631760e-02 1.420956850051879883e-02 4.414597526192665100e-02 3.191317617893218994e-02 3.044907748699188232e-02 5.770068243145942688e-02 6.651554256677627563e-02
2.403051704168319702e-01 9.754034876823425293e-02 4.232860729098320007e-02 2.644513361155986786e-02 8.660026639699935913e-02 1.190308108925819397e-01 9.020002931356430054e-02 7.120879832655191422e-03 1.998076448217034340e-03 3.335689008235931396e-02 1.620051860809326172e-01 5.952458828687667847e-02 9.111542254686355591e-02 2.003241144120693207e-02 5.898269265890121460e-02 4.382191225886344910e-02 5.797808617353439331e-02 4.556060954928398132e-02 7.971371710300445557e-02 3.899015486240386963e-02 9.358580224215984344e-03 7.483632117509841919e-02 4.823197796940803528e-02 2.423565648496150970e-02 7.330784574151039124e-03 7.772322278469800949e-03 2.585881203413009644e-02 5.231505632400512695e-02 8.086716383695602417e-02 6.385261565446853638e-02 1.703581027686595917e-02 2.216227725148200989e-02 4.716827720403671265e-02 2.690583001822233200e-03 2.955538453534245491e-03 1.064411550760269165e-01 5.499966442584991455e-02 7.057368010282516479e-02 6.253747642040252686e-02 4.676157608628273010e-03 4.468718543648719788e-02 1.925803907215595245e-02 4.650904238224029541e-02 5.405561998486518860e-02 7.426357828080654144e-03 3.039983659982681274e-02 1.725975871086120605e-01 4.361990466713905334e-02 1.646682433784008026e-02 2.187843620777130127e-02 4.914103075861930847e-02 1.398475095629692078e-02 7.658617198467254639e-02 3.221480920910835266e-02 1.259125303477048874e-02 8.261592127382755280e-03 1.804568618535995483e-02 5.114763230085372925e-02 2.465175278484821320e-02 2.932876581326127052e-03 4.652610048651695251e-02 4.130700975656509399e-02 1.620554924011230469e-02 3.790402412414550781e-02 6.015409901738166809e-02 1.291797123849391937e-02 2.783227898180484772e-02 2.203900367021560669e-02 2.072556875646114349e-02 4.169924557209014893e-02 5.098500847816467285e-02 5.353658646345138550e-02 5.092182755470275879e-02 7.141005713492631912e-03 7.279388606548309326e-03 5.406158789992332458e-02 2.305560559034347534e-02 1.363015547394752502e-02 6.494345609098672867e-03 5.381738021969795227e-02 1.408088486641645432e-02 4.077270999550819397e-02 2.424258971586823463e-03 1.088511291891336441e-02 2.284266054630279541e-02 3.775741532444953918e-02 8.294414728879928589e-03 4.176480323076248169e-02 1.285263448953628540e-01 1.006618957035243511e-03 7.732228189706802368e-02 3.757994994521141052e-02 9.942582994699478149e-02 2.207040600478649139e-02 6.823313422501087189e-03 9.027282893657684326e-02 3.418091312050819397e-02 1.834223745390772820e-03 6.765638478100299835e-03 5.919465050101280212e-02 2.045856602489948273e-02 1.862164027988910675e-02 3.151516243815422058e-02 2.842753939330577850e-02 1.503225695341825485e-02 2.772252447903156281e-02 2.048572059720754623e-03 1.360186561942100525e-02 4.197811335325241089e-02 5.576231330633163452e-02 5.606422945857048035e-02 2.440390177071094513e-02 4.459321126341819763e-02 4.782552644610404968e-02 7.654997706413269043e-02 4.864803329110145569e-02
6.319642066955566406e-02 3.920434974133968353e-03 2.686211094260215759e-02 4.226033017039299011e-02 2.505326271057128906e-02 1.230321303009986877e-01 5.948868393898010254e-02 7.586105167865753174e-02 6.006564944982528687e-02 2.727959677577018738e-02 5.952458828687667847e-02 8.703257888555526733e-02 7.682652026414871216e-02 2.112671881914138794e-01 1.472660619765520096e-02 3.500065580010414124e-02 4.115629196166992188e-02 3.319977084174752235e-03 8.917589485645294189e-02 9.791585616767406464e-03 1.819765754044055939e-02 1.374852955341339111e-01 5.177954956889152527e-02 1.459214184433221817e-02 1.496571674942970276e-02 6.206791847944259644e-02 2.110902592539787292e-02 8.154902607202529907e-02 3.235394507646560669e-02 4.045137017965316772e-02 1.386870630085468292e-02 3.981447219848632812e-02 4.645332694053649902e-02 7.354849483817815781e-03 1.526592206209897995e-02 4.137278720736503601e-02 1.862821541726589203e-02 8.169303648173809052e-03 6.712739914655685425e-02 5.045378115028142929e-03 7.175807654857635498e-02 3.136767446994781494e-02 6.743028759956359863e-02 1.605501770973205566e-02 1.725579500198364258e-01 2.247166447341442108e-02 8.752200752496719360e-02 4.179351404309272766e-02 1.859337498899549246e-04 6.977394968271255493e-02 6.693841516971588135e-02 3.370013087987899780e-02 2.993291988968849182e-02 8.711684495210647583e-03 6.030926853418350220e-02 1.107195112854242325e-02 5.359554290771484375e-02 9.570489637553691864e-03 5.801257863640785217e-02 2.973773144185543060e-02 1.452301163226366043e-02 1.364872325211763382e-02 5.240029096603393555e-02 1.380947791039943695e-02 8.572911471128463745e-02 4.875137656927108765e-02 1.231058780103921890e-02 2.554075559601187706e-03 2.471744641661643982e-02 2.743935957551002502e-02 1.423909794539213181e-03 7.629819959402084351e-02 5.923696979880332947e-02 5.454542860388755798e-02 5.862421169877052307e-02 1.968634873628616333e-02 3.592576086521148682e-02 6.270935386419296265e-02 1.221292838454246521e-02 2.578673139214515686e-02 1.349844783544540405e-01 1.177557930350303650e-02 1.717103458940982819e-02 2.665161155164241791e-02 3.706446662545204163e-02 2.801922149956226349e-02 7.732264231890439987e-03 1.203852333128452301e-02 1.406864374876022339e-01 6.713788211345672607e-02 9.095566719770431519e-02 4.189462959766387939e-02 7.186074275523424149e-03 2.763994038105010986e-03 1.172563899308443069e-02 6.340319663286209106e-02 1.900991797447204590e-02 9.340683370828628540e-02 4.945283383131027222e-02 1.516529917716979980e-02 4.558947682380676270e-02 1.126464083790779114e-02 9.167339652776718140e-03 2.800985239446163177e-02 1.817389391362667084e-02 1.071547903120517731e-02 4.324079677462577820e-02 3.913905471563339233e-03 9.958274662494659424e-02 1.007551997900009155e-01 4.731175303459167480e-02 2.245291881263256073e-02 3.494732826948165894e-02 3.370498307049274445e-03 1.133728176355361938e-01 8.301492035388946533e-02
1.135197654366493225e-01 2.433995604515075684e-01 2.194700390100479126e-02 1.700031943619251251e-02 6.226912513375282288e-02 1.077536046504974365e-01 6.826889514923095703e-02 3.146079927682876587e-02 1.067490689456462860e-02 3.656806051731109619e-02 9.111542254686355591e-02 7.682652026414871216e-02 1.834832727909088135e-01 4.559703543782234192e-02 4.671281948685646057e-02 3.792654722929000854e-03 3.850873187184333801e-02 5.972542334347963333e-03 3.128694370388984680e-02 5.310929939150810242e-02 3.648945316672325134e-02 8.248867094516754150e-02 2.529789926484227180e-03 2.440701238811016083e-02 2.100040018558502197e-02 1.263289339840412140e-02 1.103989407420158386e-02 2.500752219930291176e-03 3.831834718585014343e-02 5.094425287097692490e-03 3.327922150492668152e-02 4.166746884584426880e-02 5.094727501273155212e-03 2.465542592108249664e-02 3.374301269650459290e-02 7.053116708993911743e-02 1.194056682288646698e-02 6.509127467870712280e-02 3.185137733817100525e-02 2.852234616875648499e-02 3.601727634668350220e-02 5.881942063570022583e-02 3.639477491378784180e-02 1.334793493151664734e-02 1.210482046008110046e-02 2.511719986796379089e-02 1.592704653739929199e-01 6.769844144582748413e-02 2.540432382375001907e-03 1.324564404785633087e-02 8.881507441401481628e-03 1.887042820453643799e-02 1.753776101395487785e-03 1.303883641958236694e-02 4.090744256973266602e-02 2.138593420386314392e-02 4.049160704016685486e-02 5.323435738682746887e-02 5.844043567776679993e-03 5.472610518336296082e-02 1.624674722552299500e-02 2.011610940098762512e-02 7.430794648826122284e-03 2.945170504972338676e-03 4.381913691759109497e-02 1.642697155475616455e-01 2.476904541254043579e-02 4.663621261715888977e-02 1.290982030332088470e-02 2.231460437178611755e-02 3.155625984072685242e-02 3.223561495542526245e-02 5.851837992668151855e-02 3.223427012562751770e-02 4.219533130526542664e-02 3.822690248489379883e-02 3.631288930773735046e-02 3.572192415595054626e-02 8.401499129831790924e-03 8.287839591503143311e-03 2.792791090905666351e-02 2.777937985956668854e-02 3.242126852273941040e-02 4.773354902863502502e-02 1.404503174126148224e-02 1.769403368234634399e-02 7.463816553354263306e-02 1.078786626458168030e-01 2.082929201424121857e-02 1.517871394753456116e-02 3.815557062625885010e-02 1.591355167329311371e-02 7.212801277637481689e-02 6.265104562044143677e-02 4.286150634288787842e-02 2.433359436690807343e-02 6.369873881340026855e-02 3.396735340356826782e-02 4.477325081825256348e-02 7.455832511186599731e-02 1.968459039926528931e-02 4.469213262200355530e-02 1.829697936773300171e-02 3.954668343067169189e-02 1.177355367690324783e-02 2.971933223307132721e-02 2.399835648247972131e-04 4.268077015876770020e-02 5.712204053997993469e-02 2.501667710021138191e-03 3.200425952672958374e-02 5.611327942460775375e-03 4.013954475522041321e-02 1.219235174357891083e-02 8.552026748657226562e-02 4.673341289162635803e-02
