2.283813804388046265e-02 1.139594987034797668e-01 5.546325072646141052e-02 2.244685590267181396e-02 2.527751261368393898e-03 1.522058844566345215e-01 7.592131942510604858e-02 2.836002595722675323e-02 5.279736593365669250e-02 3.847781941294670105e-02 1.101694554090499878e-01 1.219362113624811172e-02 8.740635961294174194e-02 5.154725629836320877e-03 5.731440335512161255e-02 3.703593090176582336e-02 1.380053907632827759e-02 3.526634350419044495e-02 1.448782719671726227e-02 1.374658197164535522e-02 4.120575636625289917e-02 2.052747830748558044e-02 1.972228847444057465e-02 6.000645086169242859e-02 1.003883220255374908e-02 1.304202247411012650e-02 3.367149457335472107e-02 9.412867017090320587e-03 2.226193062961101532e-02 2.902528643608093262e-02 9.183309972286224365e-03 1.769976876676082611e-02 2.373894862830638885e-02 3.594505786895751953e-02 7.652475032955408096e-03 2.577731385827064514e-02 1.193906273692846298e-02 2.895386703312397003e-02 2.213641814887523651e-02 9.820951527217403054e-05 3.995260596275329590e-02 1.536244899034500122e-02 3.369739046320319176e-03 2.349153161048889160e-02 4.415883123874664307e-02 2.698622830212116241e-02 7.097959518432617188e-02 2.850623242557048798e-02 3.344267234206199646e-02 2.143443748354911804e-02 4.255262017250061035e-02 8.275384316220879555e-04 1.631165482103824615e-02 4.270549491047859192e-02 1.179822534322738647e-02 4.042810760438442230e-03 9.577739052474498749e-03 3.553766757249832153e-02 7.883504964411258698e-03 3.169088438153266907e-02 1.274794712662696838e-02 2.259472385048866272e-02 5.847642663866281509e-03 2.945397514849901199e-03 3.010082803666591644e-02 1.686184550635516644e-04 3.380453586578369141e-02 4.144496470689773560e-02 1.002513337880373001e-02 2.107221074402332306e-02 2.782756462693214417e-02 2.011120505630970001e-02 3.169718384742736816e-02 3.401423618197441101e-02 1.618448644876480103e-02 1.236068736761808395e-02 5.555444397032260895e-03 9.677122347056865692e-03 2.944067865610122681e-02 6.105964258313179016e-02 1.539205200970172882e-02 3.510444238781929016e-02 1.289739971980452538e-03 2.616676501929759979e-02 3.155724331736564636e-02 1.029232237488031387e-02 3.369158133864402771e-02 4.076097533106803894e-02 8.185230195522308350e-03 1.418614014983177185e-02 9.691479615867137909e-03 5.408200621604919434e-02 2.963335718959569931e-03 1.323049888014793396e-02 4.016016051173210144e-02 3.703435510396957397e-02 2.440034598112106323e-02 1.927539892494678497e-02 2.531877532601356506e-02 2.704174490645527840e-03 5.887817591428756714e-03 1.095411553978919983e-02 2.408052794635295868e-02 1.679489202797412872e-02 2.699222229421138763e-02 1.886695390567183495e-03 4.709775373339653015e-02 3.495837375521659851e-02 6.555799860507249832e-03 2.484134770929813385e-02 2.965171635150909424e-02 3.640546649694442749e-02 1.244734227657318115e-02 7.578548975288867950e-03 1.375066349282860756e-03 2.179142273962497711e-02
1.139594987034797668e-01 3.577241674065589905e-02 3.078408353030681610e-02 5.354154482483863831e-02 6.748626008629798889e-03 1.353151500225067139e-01 1.036721095442771912e-01 7.094873581081628799e-03 3.107343241572380066e-02 6.896600592881441116e-03 5.223720893263816833e-02 2.707467414438724518e-02 1.305174529552459717e-01 8.291992358863353729e-03 8.708543144166469574e-03 1.429396215826272964e-02 3.385012969374656677e-02 7.409867364913225174e-03 2.698349766433238983e-03 9.526999667286872864e-03 4.963671416044235229e-02 7.706087827682495117e-02 8.834897540509700775e-03 2.849090471863746643e-02 1.589305140078067780e-02 3.553128242492675781e-02 8.120510727167129517e-02 9.865165501832962036e-02 1.050353050231933594e-03 1.033250093460083008e-01 1.459563523530960083e-02 1.425862777978181839e-02 2.058457583189010620e-03 3.038291260600090027e-02 3.117159754037857056e-02 1.083820778876543045e-02 3.563905507326126099e-02 1.826540753245353699e-02 4.782919213175773621e-02 1.234378665685653687e-02 3.538494929671287537e-02 5.123299732804298401e-02 1.916295289993286133e-02 4.214499145746231079e-02 1.435197889804840088e-02 5.489115044474601746e-02 4.266938939690589905e-02 4.853710159659385681e-02 2.482773736119270325e-03 2.120461873710155487e-02 6.279776338487863541e-03 6.637969613075256348e-02 1.922263531014323235e-03 3.476781398057937622e-02 7.511790841817855835e-03 1.395744271576404572e-02 1.162884850054979324e-02 4.403755441308021545e-02 6.695826351642608643e-02 2.693739719688892365e-02 2.463095448911190033e-02 4.145593196153640747e-02 3.138844296336174011e-02 7.355253677815198898e-03 6.733428686857223511e-02 8.574143052101135254e-03 2.977796085178852081e-02 6.488473713397979736e-02 4.669765010476112366e-02 5.044154450297355652e-02 3.037934564054012299e-02 4.063946753740310669e-02 1.770674623548984528e-02 3.174542915076017380e-03 4.637239873409271240e-02 3.052162379026412964e-02 3.519039973616600037e-02 1.601044647395610809e-02 1.079902332276105881e-02 7.651048898696899414e-02 1.675835810601711273e-02 4.383302479982376099e-02 8.177254348993301392e-03 3.084853291511535645e-02 2.552406303584575653e-02 1.647657598368823528e-03 2.200827561318874359e-02 5.010404065251350403e-02 2.581076230853796005e-03 2.352519705891609192e-02 3.570044040679931641e-02 3.162015974521636963e-02 2.631017006933689117e-02 5.029572546482086182e-02 2.065449208021163940e-02 1.431148871779441833e-02 1.341982651501893997e-02 1.027086377143859863e-02 3.354071080684661865e-02 3.432338126003742218e-03 3.192581702023744583e-03 1.935806497931480408e-02 2.804509736597537994e-02 3.515185043215751648e-02 5.460825935006141663e-02 6.247138138860464096e-03 3.151421621441841125e-02 3.306660428643226624e-02 4.171083122491836548e-02 2.349856309592723846e-02 3.644698485732078552e-02 3.769496083259582520e-02 4.594089463353157043e-02 5.789680406451225281e-02 1.805465668439865112e-02 1.205479539930820465e-02
5.546325072646141052e-02 3.078408353030681610e-02 5.129737779498100281e-02 5.521977692842483521e-02 5.576165392994880676e-02 3.730206191539764404e-02 3.541741147637367249e-02 1.546566039323806763e-01 2.906667068600654602e-02 3.785572201013565063e-02 2.717177150771021843e-03 2.939336560666561127e-02 3.261031955480575562e-02 1.927523128688335419e-02 6.514323502779006958e-02 5.748754739761352539e-02 4.851765930652618408e-02 2.363081835210323334e-02 3.940952196717262268e-02 1.926478557288646698e-02 2.164231613278388977e-03 2.613546326756477356e-02 6.097663193941116333e-02 4.754550755023956299e-02 5.178425461053848267e-02 1.166467275470495224e-02 4.158940166234970093e-03 7.818818092346191406e-02 2.144446223974227905e-02 1.917604543268680573e-02 8.054674603044986725e-03 3.124830313026905060e-02 2.352211438119411469e-02 3.283562138676643372e-02 4.284795373678207397e-02 4.523489624261856079e-03 3.748718881979584694e-03 9.801591187715530396e-02 3.439300227910280228e-03 6.394800543785095215e-02 2.853550575673580170e-02 1.769771799445152283e-02 4.321215674281120300e-02 2.553494274616241455e-02 5.709275603294372559e-02 1.344473194330930710e-02 2.436062088236212730e-03 1.901972293853759766e-02 2.443570643663406372e-02 4.261724650859832764e-02 3.894253820180892944e-02 1.835836470127105713e-02 4.054711759090423584e-02 3.750431351363658905e-03 2.332608215510845184e-02 2.180209010839462280e-02 5.116968974471092224e-02 7.570924609899520874e-02 3.344343230128288269e-02 2.741784043610095978e-02 1.030066385865211487e-01 1.680596023797988892e-01 3.149635344743728638e-02 3.696743398904800415e-02 3.648348525166511536e-02 1.773686334490776062e-02 8.564866147935390472e-03 4.002434387803077698e-02 6.103762984275817871e-02 1.020536944270133972e-02 6.108992546796798706e-02 2.007272653281688690e-02 3.197491541504859924e-02 3.937790170311927795e-02 1.847220212221145630e-02 1.308954413980245590e-02 8.551539853215217590e-03 3.054189309477806091e-02 1.535827480256557465e-02 6.347333639860153198e-02 6.227706372737884521e-02 4.583517089486122131e-02 4.734542965888977051e-02 1.892625726759433746e-02 2.561155706644058228e-03 3.714381251484155655e-03 6.451109796762466431e-02 6.443820893764495850e-02 5.632553249597549438e-02 6.901819724589586258e-03 1.371773984283208847e-02 1.711405813694000244e-02 4.883238114416599274e-03 3.240713104605674744e-02 1.147305965423583984e-02 1.401518844068050385e-02 2.312518842518329620e-02 6.829726696014404297e-02 2.157666906714439392e-02 1.653808169066905975e-02 1.079487800598144531e-02 2.693836286198347807e-04 2.359302900731563568e-02 6.471432745456695557e-02 4.291566554456949234e-03 3.252653032541275024e-02 2.203787304461002350e-02 5.241762101650238037e-02 1.215427741408348083e-02 3.938156366348266602e-02 6.688076257705688477e-02 6.729354616254568100e-03 1.473058946430683136e-02 4.577389359474182129e-02 1.798947341740131378e-02 1.006386615335941315e-02
2.244685590267181396e-02 5.354154482483863831e-02 5.521977692842483521e-02 3.209876269102096558e-02 9.466192126274108887e-02 2.546224556863307953e-02 6.157640740275382996e-02 1.579533889889717102e-02 1.292091012001037598e-01 1.523094624280929565e-01 4.982767999172210693e-02 5.168267711997032166e-02 7.181146740913391113e-02 2.374100685119628906e-02 5.322257056832313538e-02 6.875486671924591064e-02 1.901109665632247925e-01 8.286997675895690918e-02 7.988804019987583160e-03 1.660683937370777130e-02 3.761953860521316528e-02 2.747662365436553955e-02 7.035297900438308716e-02 1.174285858869552612e-01 3.404461219906806946e-02 4.053493961691856384e-02 3.364337608218193054e-02 5.048431083559989929e-02 1.459577586501836777e-02 3.929568454623222351e-02 5.507255345582962036e-02 3.195692598819732666e-02 6.369086448103189468e-03 2.859197184443473816e-02 7.060151547193527222e-03 4.369079321622848511e-02 4.234830290079116821e-02 2.305827476084232330e-02 1.679493486881256104e-01 5.090325698256492615e-02 5.417535081505775452e-03 1.055340189486742020e-02 1.109070796519517899e-02 2.804704755544662476e-02 3.268183767795562744e-02 8.643721230328083038e-03 4.714436084032058716e-02 3.106643632054328918e-02 1.806802675127983093e-02 5.156381055712699890e-02 3.913450986146926880e-02 7.209808379411697388e-02 2.639266289770603180e-02 2.216362208127975464e-02 3.097569942474365234e-02 2.455309405922889709e-02 3.093186952173709869e-02 3.643814474344253540e-02 8.817558735609054565e-02 3.743952140212059021e-03 8.361804299056529999e-03 7.068709284067153931e-02 1.825975030660629272e-01 6.588285416364669800e-02 1.787757873535156250e-02 8.381360024213790894e-02 5.958841647952795029e-03 2.114658802747726440e-02 2.937071211636066437e-02 4.035164788365364075e-02 4.547883290797472000e-03 2.378002740442752838e-02 1.392244249582290649e-01 2.715779840946197510e-02 6.748759746551513672e-02 3.086732886731624603e-02 5.569697171449661255e-02 6.215975806117057800e-02 1.471581216901540756e-02 1.403906792402267456e-01 4.571677185595035553e-03 3.313761204481124878e-03 6.432235240936279297e-02 1.038524284958839417e-01 9.641027078032493591e-03 3.693811967968940735e-02 2.053986489772796631e-02 4.023545887321233749e-03 5.585032701492309570e-02 4.747838154435157776e-02 4.637070465832948685e-03 2.102594450116157532e-02 4.150649532675743103e-02 2.710634842514991760e-02 6.163106299936771393e-03 2.990378066897392273e-02 1.394149288535118103e-02 1.970602385699748993e-02 4.828147590160369873e-02 7.948517799377441406e-03 9.044552571140229702e-04 4.887154325842857361e-02 5.938293039798736572e-02 1.452671363949775696e-02 2.946621179580688477e-02 4.557563737034797668e-02 3.770480304956436157e-02 1.308188773691654205e-02 2.775431424379348755e-02 3.696126490831375122e-02 9.792051278054714203e-03 4.945502057671546936e-02 5.992198362946510315e-02 2.366623468697071075e-02 1.919748820364475250e-02 3.827707096934318542e-02
2.527751261368393898e-03 6.748626008629798889e-03 5.576165392994880676e-02 9.466192126274108887e-02 4.403643682599067688e-02 5.578629672527313232e-02 3.779789805412292480e-02 1.984792947769165039e-02 4.741166904568672180e-02 3.579160943627357483e-02 1.694997958838939667e-02 1.389704737812280655e-02 9.691874496638774872e-03 3.457729471847414970e-03 4.859166685491800308e-03 1.991778984665870667e-02 6.442687660455703735e-02 4.215845838189125061e-02 1.616633534431457520e-01 9.341268800199031830e-03 3.663793206214904785e-02 3.319136425852775574e-02 6.321115419268608093e-03 5.843826755881309509e-02 1.127353031188249588e-02 1.398009248077869415e-02 3.486316278576850891e-02 6.734972447156906128e-02 6.727684289216995239e-02 4.069586470723152161e-02 5.484778434038162231e-02 2.363579533994197845e-02 4.655618220567703247e-03 1.321075111627578735e-02 5.098163709044456482e-02 3.602326288819313049e-02 1.974580372916534543e-04 1.076320372521877289e-02 3.338886052370071411e-02 2.238354235887527466e-01 5.518792569637298584e-02 1.139267347753047943e-02 3.780239820480346680e-02 5.648578330874443054e-02 4.410826787352561951e-02 1.287050638347864151e-02 3.081031702458858490e-02 5.284829065203666687e-02 6.591402459889650345e-03 2.349259331822395325e-02 7.216061651706695557e-02 4.608213156461715698e-02 4.006151482462882996e-02 5.661103501915931702e-02 3.901033103466033936e-02 2.714529633522033691e-02 7.123663276433944702e-02 4.489958658814430237e-02 6.901463121175765991e-02 7.049378007650375366e-02 3.262735158205032349e-02 4.173963144421577454e-02 5.468797683715820312e-02 3.616902604699134827e-02 4.417810589075088501e-02 2.583004906773567200e-02 7.009421475231647491e-03 1.742289587855339050e-02 2.547556906938552856e-02 1.960147172212600708e-02 8.819487690925598145e-02 1.401809230446815491e-02 1.366412043571472168e-01 5.225951783359050751e-03 1.485135555267333984e-01 1.398502354277297854e-04 3.136530891060829163e-02 2.114618755877017975e-02 9.107183665037155151e-03 5.567898601293563843e-02 2.365778572857379913e-02 2.027907036244869232e-02 8.841619640588760376e-02 1.340822428464889526e-01 3.199714422225952148e-02 4.330215975642204285e-02 5.779890716075897217e-02 1.596970856189727783e-02 9.936182759702205658e-03 4.282614216208457947e-02 7.257996127009391785e-03 7.200648076832294464e-03 3.677758574485778809e-02 2.047017775475978851e-02 4.601130262017250061e-02 6.437917053699493408e-02 1.303539797663688660e-02 3.634156286716461182e-02 3.309698775410652161e-02 7.800764869898557663e-03 2.628390677273273468e-02 3.046789765357971191e-02 6.363019347190856934e-02 3.450868651270866394e-02 4.910887219011783600e-04 6.436032056808471680e-02 3.964766860008239746e-02 2.457851544022560120e-02 5.357813090085983276e-02 4.893453046679496765e-02 5.370498076081275940e-02 2.476098388433456421e-02 2.827970497310161591e-02 6.588476244360208511e-03 7.430042326450347900e-02 9.663214907050132751e-03
1.522058844566345215e-01 1.353151500225067139e-01 3.730206191539764404e-02 2.546224556863307953e-02 5.578629672527313232e-02 5.416099727153778076e-02 2.213186919689178467e-01 1.029332354664802551e-02 5.539180710911750793e-02 9.808599017560482025e-03 6.251115351915359497e-02 1.291619241237640381e-01 6.481990218162536621e-02 9.751175343990325928e-02 7.785978727042675018e-03 2.657692320644855499e-02 3.347497433423995972e-02 1.943347975611686707e-02 1.627586968243122101e-02 3.841338679194450378e-02 2.077069692313671112e-02 5.262249708175659180e-02 4.057527706027030945e-02 3.914070874452590942e-02 3.785582259297370911e-02 1.309742219746112823e-02 2.386431023478507996e-02 6.025932729244232178e-02 1.759122312068939209e-02 1.272863596677780151e-01 1.596046611666679382e-02 1.352963969111442566e-02 1.624175533652305603e-02 3.402150794863700867e-02 3.734582290053367615e-02 1.845390349626541138e-02 2.589220553636550903e-02 5.427020043134689331e-02 3.997914493083953857e-02 8.990660309791564941e-03 2.394142188131809235e-02 2.130873966962099075e-03 5.291230976581573486e-02 1.523489132523536682e-02 1.056290343403816223e-01 1.077501382678747177e-02 9.927131235599517822e-02 5.833242461085319519e-02 2.296454459428787231e-02 1.298465952277183533e-02 2.833711914718151093e-02 1.296920585446059704e-03 3.130908310413360596e-02 2.055958658456802368e-02 5.705860443413257599e-03 3.222035244107246399e-02 1.252186577767133713e-02 6.843764334917068481e-02 3.728955611586570740e-02 1.298721041530370712e-02 2.589560300111770630e-02 5.002321302890777588e-02 2.250299230217933655e-02 3.338089212775230408e-02 1.578991487622261047e-02 1.483524870127439499e-02 1.636203523958101869e-05 1.133564952760934830e-02 1.203932426869869232e-02 5.577901750802993774e-02 6.887710094451904297e-02 4.343736544251441956e-02 1.221876125782728195e-02 7.121606171131134033e-02 5.172514915466308594e-02 5.118446052074432373e-02 3.615007549524307251e-02 1.916781999170780182e-02 1.652765087783336639e-02 2.378123626112937927e-02 3.903505858033895493e-03 6.872536242008209229e-02 5.394956842064857483e-02 2.968023717403411865e-02 2.761284820735454559e-02 3.583502769470214844e-02 2.400576882064342499e-02 4.013881459832191467e-02 1.485536061227321625e-02 4.084851592779159546e-02 7.812041789293289185e-02 1.465566642582416534e-02 1.638127490878105164e-02 1.574878394603729248e-02 1.483146194368600845e-02 4.972310736775398254e-02 6.252653896808624268e-02 3.646490350365638733e-02 1.993917673826217651e-02 1.242280472069978714e-02 3.775894641876220703e-03 1.026118453592061996e-02 1.405576989054679871e-02 3.364979475736618042e-02 2.844779379665851593e-02 4.627702385187149048e-02 7.421926409006118774e-02 2.813710458576679230e-02 3.678458975628018379e-03 2.394946850836277008e-02 4.250942915678024292e-02 5.798345804214477539e-02 2.698184363543987274e-02 1.927711302414536476e-03 4.224516451358795166e-02 1.951313018798828125e-02
7.592131942510604858e-02 1.036721095442771912e-01 3.541741147637367249e-02 6.157640740275382996e-02 3.779789805412292480e-02 2.213186919689178467e-01 4.749839380383491516e-02 2.824707143008708954e-02 4.918221011757850647e-02 4.618969187140464783e-02 8.667599409818649292e-02 1.032838597893714905e-01 6.213324144482612610e-02 1.000553965568542480e-01 2.691186591982841492e-02 1.278700679540634155e-02 1.033017877489328384e-02 1.248834468424320221e-02 1.010095793753862381e-02 1.519842259585857391e-02 3.356662765145301819e-02 5.253583565354347229e-02 3.011159785091876984e-02 5.367457494139671326e-02 2.529316768050193787e-02 2.075917087495326996e-02 4.743449017405509949e-02 3.467349708080291748e-02 3.263603150844573975e-02 5.906769260764122009e-02 1.808550581336021423e-02 2.482790872454643250e-02 1.663253875449299812e-03 1.595061272382736206e-02 1.628586440347135067e-03 3.505201078951358795e-03 3.354524727910757065e-03 3.513088449835777283e-02 1.841006614267826080e-02 9.776480495929718018e-03 1.764494553208351135e-02 1.905639842152595520e-02 4.724405333399772644e-02 5.084549635648727417e-02 7.653801888227462769e-02 6.730656325817108154e-02 5.609602853655815125e-02 9.847784042358398438e-02 2.118443697690963745e-02 1.362725347280502319e-02 1.041594147682189941e-02 1.326714921742677689e-02 3.057513013482093811e-02 5.827031284570693970e-02 4.639779031276702881e-02 6.184634566307067871e-02 2.101974748075008392e-02 6.608787178993225098e-02 5.687455087900161743e-02 3.107409924268722534e-02 2.876243740320205688e-02 2.125518210232257843e-02 4.026057198643684387e-02 4.236176609992980957e-03 1.999039761722087860e-02 1.185809634625911713e-02 4.866770002990961075e-03 1.888602599501609802e-02 8.349328301846981049e-03 2.536998689174652100e-02 2.487877011299133301e-02 5.292488262057304382e-02 4.749380052089691162e-02 9.076293557882308960e-03 3.306422382593154907e-02 4.285284504294395447e-02 3.215416520833969116e-02 4.518425092101097107e-02 2.671779692173004150e-02 2.012776955962181091e-02 6.319752335548400879e-02 1.597258448600769043e-02 1.899326685816049576e-03 1.813094690442085266e-02 4.211215674877166748e-02 2.080473862588405609e-02 3.407831490039825439e-02 1.144587062299251556e-02 8.378239721059799194e-02 1.772736432030797005e-03 5.212060362100601196e-02 3.190336748957633972e-02 1.803626678884029388e-02 9.343741461634635925e-03 2.850856073200702667e-02 8.353473991155624390e-02 7.657022029161453247e-02 9.042395278811454773e-03 3.594554960727691650e-02 3.959840536117553711e-02 7.641463726758956909e-02 5.527240782976150513e-02 4.517114534974098206e-02 3.836121782660484314e-02 1.701422221958637238e-02 1.899287849664688110e-02 5.962028354406356812e-02 3.122016601264476776e-02 7.577443495392799377e-03 2.423968538641929626e-02 1.072437036782503128e-02 1.390646677464246750e-03 2.261196728795766830e-03 4.867862164974212646e-02 5.233216285705566406e-02 1.500144368037581444e-03
2.836002595722675323e-02 7.094873581081628799e-03 1.546566039323806763e-01 1.579533889889717102e-02 1.984792947769165039e-02 1.029332354664802551e-02 2.824707143008708954e-02 2.019948326051235199e-02 2.080552652478218079e-02 6.609668023884296417e-03 6.488490104675292969e-02 1.493877265602350235e-02 7.258029654622077942e-03 4.472873732447624207e-02 1.247089803218841553e-01 2.325005829334259033e-02 3.342895582318305969e-02 3.716660290956497192e-02 1.104945316910743713e-03 1.513126958161592484e-02 4.433954309206455946e-04 9.984766133129596710e-03 3.941585496068000793e-02 4.040361940860748291e-02 1.268313731998205185e-02 3.056304343044757843e-02 2.846757508814334869e-02 4.284544661641120911e-02 3.171955794095993042e-02 6.798537820577621460e-02 9.567113593220710754e-03 9.466903284192085266e-03 4.071298614144325256e-02 7.261638529598712921e-03 4.182475060224533081e-02 4.023965448141098022e-02 5.174017697572708130e-02 6.417588889598846436e-02 4.215622320771217346e-02 1.495203748345375061e-02 3.588026762008666992e-02 1.582428440451622009e-02 1.643151976168155670e-02 1.080340668559074402e-01 3.892903914675116539e-03 3.285423619672656059e-03 4.852145444601774216e-03 2.128636837005615234e-02 4.075093194842338562e-02 3.005831502377986908e-02 5.971232894808053970e-03 5.534508451819419861e-02 5.175196751952171326e-02 5.762101337313652039e-02 6.423686165362596512e-03 1.383904600515961647e-04 5.521742161363363266e-03 4.431586130522191525e-04 5.317788198590278625e-02 6.649228278547525406e-03 5.090955179184675217e-03 2.840465493500232697e-02 2.244299743324518204e-03 1.180554833263158798e-02 8.099807426333427429e-03 7.631770800799131393e-03 1.708587817847728729e-02 1.290197856724262238e-02 6.848026532679796219e-03 3.813328593969345093e-02 5.832973122596740723e-02 3.241798281669616699e-02 2.366109006106853485e-02 2.093295753002166748e-02 3.353043273091316223e-02 4.311420395970344543e-02 3.741132095456123352e-02 4.931484162807464600e-02 1.447983924299478531e-02 4.516907781362533569e-02 6.997051090002059937e-02 1.383428871631622314e-01 3.419498354196548462e-02 8.265415206551551819e-03 2.001204714179039001e-02 3.519828245043754578e-02 8.143616467714309692e-02 5.564076080918312073e-02 4.045205190777778625e-02 4.798513650894165039e-02 1.415146794170141220e-02 3.181856498122215271e-02 2.250933647155761719e-02 2.151751518249511719e-02 1.793740876019001007e-02 1.304807257838547230e-03 4.216146469116210938e-02 2.034381404519081116e-02 3.088310593739151955e-03 2.959298901259899139e-02 3.823360428214073181e-02 4.755045101046562195e-02 1.772796921432018280e-02 1.024057529866695404e-02 3.716536238789558411e-02 4.627396166324615479e-02 5.353706888854503632e-03 1.451630983501672745e-02 1.468880940228700638e-02 1.360541675239801407e-02 2.980850636959075928e-03 2.018832601606845856e-02 3.578673815354704857e-03 6.561581045389175415e-02 5.194195359945297241e-02 1.324119232594966888e-02
5.279736593365669250e-02 3.107343241572380066e-02 2.906667068600654602e-02 1.292091012001037598e-01 4.741166904568672180e-02 5.539180710911750793e-02 4.918221011757850647e-02 2.080552652478218079e-02 7.956396043300628662e-02 5.981994420289993286e-02 1.374595053493976593e-02 3.985410183668136597e-02 4.548797383904457092e-02 1.176224369555711746e-02 2.205942198634147644e-02 7.999210804700851440e-02 2.567607909440994263e-02 1.071076169610023499e-01 4.154116287827491760e-02 3.098871186375617981e-02 2.575585432350635529e-02 4.852658137679100037e-02 3.454336151480674744e-02 5.657469853758811951e-02 8.000235073268413544e-03 4.832364618778228760e-02 6.772251799702644348e-04 7.839959859848022461e-02 3.994518518447875977e-02 4.393061250448226929e-02 7.837899774312973022e-02 5.077360570430755615e-02 7.561539113521575928e-02 3.980275243520736694e-02 3.981222212314605713e-02 3.942395094782114029e-03 2.592951059341430664e-02 4.003418609499931335e-02 3.937639296054840088e-02 4.877960309386253357e-02 5.360237881541252136e-02 2.758120186626911163e-02 1.277773380279541016e-01 2.061747387051582336e-02 1.361641567200422287e-02 9.670457802712917328e-04 2.882566186599433422e-04 1.794720184989273548e-03 3.328494727611541748e-03 6.094981357455253601e-02 1.377306506037712097e-02 6.444934010505676270e-02 3.954248130321502686e-02 4.876402765512466431e-02 1.459006667137145996e-01 3.272115811705589294e-02 5.345327407121658325e-02 5.483673885464668274e-02 6.602552533149719238e-02 3.580533340573310852e-02 1.843001693487167358e-02 8.863271214067935944e-03 8.000279963016510010e-02 4.163814708590507507e-02 2.569194883108139038e-02 2.405854314565658569e-02 3.936200961470603943e-02 4.754248261451721191e-02 1.265533268451690674e-01 3.417916223406791687e-02 1.264669559895992279e-02 5.299186706542968750e-02 7.002067565917968750e-02 4.373918753117322922e-03 6.310536712408065796e-02 8.286504447460174561e-02 2.692907452583312988e-01 1.522599905729293823e-02 1.644358187913894653e-01 6.499329209327697754e-02 3.209674358367919922e-02 1.707846671342849731e-02 1.473065614700317383e-01 1.755635067820549011e-02 7.575263082981109619e-02 2.417100779712200165e-02 3.939865157008171082e-02 2.732794918119907379e-02 8.036400191485881805e-03 5.444089323282241821e-02 7.936420291662216187e-02 4.810051247477531433e-02 2.277944050729274750e-02 3.760535269975662231e-02 5.322830751538276672e-02 4.640260711312294006e-02 4.154605045914649963e-02 1.278512626886367798e-01 3.705455735325813293e-02 7.397603243589401245e-02 3.271367028355598450e-02 3.025349229574203491e-02 1.027971319854259491e-02 9.518574923276901245e-03 2.331283688545227051e-02 4.838013648986816406e-02 3.690315410494804382e-02 3.223023563623428345e-02 7.545962929725646973e-03 4.562439024448394775e-02 4.859281703829765320e-02 2.218407206237316132e-02 3.207484632730484009e-02 1.645998470485210419e-02 5.553431808948516846e-03 2.060868218541145325e-02
3.847781941294670105e-02 6.896600592881441116e-03 3.785572201013565063e-02 1.523094624280929565e-01 3.579160943627357483e-02 9.808599017560482025e-03 4.618969187140464783e-02 6.609668023884296417e-03 5.981994420289993286e-02 9.244378656148910522e-02 3.133366256952285767e-02 4.378238692879676819e-02 2.296315971761941910e-03 3.023621998727321625e-02 1.908604614436626434e-02 6.742352992296218872e-02 1.415253132581710815e-01 6.165897101163864136e-02 9.125287085771560669e-02 5.894026253372430801e-04 3.362329304218292236e-02 3.005693852901458740e-02 5.305655300617218018e-02 1.809076219797134399e-01 1.755971752572804689e-04 3.106327727437019348e-03 3.926163539290428162e-03 5.984013527631759644e-02 8.203532546758651733e-02 4.840986058115959167e-02 5.457599461078643799e-02 4.223686642944812775e-03 2.204945124685764313e-02 5.059163272380828857e-02 4.818259179592132568e-02 3.698849305510520935e-02 3.258879855275154114e-02 2.381617017090320587e-02 1.572605781257152557e-02 1.241432595998048782e-02 1.005464140325784683e-02 1.467886101454496384e-02 6.121752411127090454e-02 4.871684312820434570e-02 2.897850424051284790e-02 1.352618541568517685e-02 4.053464159369468689e-02 6.102882325649261475e-02 2.526238188147544861e-02 7.711478322744369507e-02 1.218290906399488449e-02 5.942201241850852966e-02 3.141572698950767517e-02 7.781738881021738052e-03 4.380590468645095825e-02 1.185062713921070099e-02 4.323943052440881729e-03 1.098633650690317154e-02 8.786534518003463745e-02 3.929237276315689087e-02 7.411273662000894547e-03 3.318707272410392761e-02 1.094354838132858276e-01 8.886893093585968018e-02 2.023516595363616943e-02 2.329288050532341003e-02 1.835541240870952606e-02 7.524301111698150635e-02 4.652070626616477966e-02 1.085933372378349304e-01 6.499149650335311890e-02 1.712837442755699158e-02 1.059307828545570374e-01 1.616457663476467133e-02 4.071584437042474747e-03 1.157389301806688309e-02 7.289307564496994019e-02 1.931412965059280396e-01 3.644401952624320984e-02 1.648892015218734741e-01 1.757461391389369965e-02 4.380728118121623993e-03 1.180872414261102676e-02 1.312495023012161255e-01 2.473761141300201416e-02 8.293467015027999878e-02 2.745945006608963013e-02 4.141191765666007996e-02 5.837811622768640518e-03 1.369540020823478699e-02 4.902195557951927185e-02 3.317709639668464661e-02 2.986544743180274963e-02 3.238985687494277954e-02 2.591066807508468628e-02 3.837286680936813354e-02 1.666055875830352306e-03 1.817028596997261047e-02 3.265071287751197815e-02 4.479389265179634094e-02 2.150633558630943298e-02 2.169577404856681824e-02 1.295532844960689545e-02 1.143541466444730759e-02 5.086246505379676819e-02 3.950591012835502625e-02 7.952247746288776398e-03 6.428380031138658524e-03 3.610093146562576294e-02 3.861641883850097656e-02 1.325472816824913025e-02 3.856670856475830078e-02 4.758907482028007507e-02 1.261190138757228851e-02 1.977383217308670282e-04 1.008462999016046524e-02
1.101694554090499878e-01 5.223720893263816833e-02 2.717177150771021843e-03 4.982767999172210693e-02 1.694997958838939667e-02 6.251115351915359497e-02 8.667599409818649292e-02 6.488490104675292969e-02 1.374595053493976593e-02 3.133366256952285767e-02 3.244073316454887390e-02 1.158901397138834000e-02 9.741350263357162476e-02 1.818259619176387787e-02 4.800199344754219055e-02 4.822136834263801575e-02 1.764033362269401550e-02 2.154687047004699707e-02 2.425885014235973358e-02 1.557327248156070709e-02 5.310007929801940918e-02 1.831786520779132843e-02 5.920707248151302338e-03 2.361427433788776398e-02 1.964916847646236420e-02 2.147269248962402344e-02 3.730867058038711548e-02 3.327520564198493958e-03 5.572531744837760925e-02 1.847576908767223358e-02 5.993268266320228577e-02 3.892112150788307190e-02 2.849773131310939789e-02 9.594598785042762756e-03 1.385423354804515839e-02 5.264477804303169250e-02 3.371261805295944214e-02 6.808237172663211823e-03 5.259419605135917664e-02 2.484535984694957733e-02 4.735819250345230103e-02 1.923150382936000824e-02 1.028503756970167160e-02 2.462602965533733368e-02 5.524536967277526855e-02 1.250405889004468918e-02 4.975461214780807495e-02 4.846510663628578186e-02 1.939268317073583603e-03 3.056354634463787079e-02 4.712477326393127441e-02 4.451285302639007568e-02 2.126742154359817505e-02 8.153739036060869694e-04 1.574256690219044685e-03 1.596025377511978149e-02 2.018538862466812134e-02 5.825969390571117401e-03 5.624599754810333252e-02 5.640067905187606812e-02 3.354574367403984070e-02 4.456732049584388733e-02 2.103075385093688965e-02 4.857558451476506889e-05 1.126214340329170227e-01 1.866604946553707123e-02 1.375374291092157364e-02 1.852831058204174042e-02 1.032242551445960999e-02 3.045269101858139038e-02 1.641217991709709167e-02 2.408851683139801025e-02 4.678982868790626526e-02 1.151600405573844910e-01 9.607525542378425598e-03 3.606867743656039238e-03 1.826727576553821564e-02 7.236605882644653320e-02 1.965945586562156677e-02 2.439777925610542297e-02 2.739634551107883453e-02 1.452774833887815475e-02 8.669651579111814499e-04 3.669764846563339233e-02 2.592126280069351196e-02 2.343104453757405281e-03 8.317784219980239868e-02 7.377076894044876099e-02 1.889121159911155701e-02 1.947690919041633606e-02 4.587096162140369415e-03 9.146448224782943726e-02 4.457584768533706665e-02 1.985689066350460052e-02 2.015015855431556702e-02 2.070117741823196411e-02 8.119591325521469116e-02 2.970081754028797150e-02 1.508703082799911499e-02 4.563457518815994263e-02 2.194849215447902679e-02 1.579247042536735535e-02 4.709551855921745300e-02 3.542236983776092529e-02 1.270698476582765579e-02 1.265446771867573261e-03 5.192799493670463562e-02 4.519824404269456863e-03 1.247356459498405457e-02 2.853379817679524422e-03 1.246295031160116196e-02 3.352140635251998901e-02 1.100947428494691849e-02 3.038155101239681244e-02 3.953176364302635193e-02 4.024640470743179321e-02
1.219362113624811172e-02 2.707467414438724518e-02 2.939336560666561127e-02 5.168267711997032166e-02 1.389704737812280655e-02 1.291619241237640381e-01 1.032838597893714905e-01 1.493877265602350235e-02 3.985410183668136597e-02 4.378238692879676819e-02 1.158901397138834000e-02 5.616181716322898865e-02 8.560588583350181580e-03 2.489190846681594849e-01 2.223130781203508377e-03 9.170807898044586182e-02 5.097102373838424683e-02 3.238110989332199097e-02 8.101503551006317139e-02 3.082817047834396362e-02 3.067967109382152557e-02 8.983993902802467346e-03 1.011282429099082947e-01 4.995564743876457214e-02 4.132604517508298159e-04 4.458993300795555115e-02 1.564419083297252655e-02 1.542881131172180176e-01 8.491992950439453125e-02 1.310710608959197998e-01 6.102921441197395325e-02 2.894230931997299194e-02 1.645273528993129730e-02 3.081029839813709259e-02 8.848298341035842896e-03 4.530183970928192139e-02 7.586159277707338333e-03 9.424316696822643280e-03 2.839943021535873413e-02 1.253888127394020557e-03 1.796232350170612335e-02 2.975572645664215088e-02 3.578059375286102295e-02 1.301980577409267426e-02 7.392040640115737915e-02 2.743126079440116882e-02 4.134032875299453735e-02 1.942503824830055237e-02 2.393833920359611511e-02 2.815298363566398621e-02 4.423519596457481384e-02 2.614766545593738556e-02 3.673557564616203308e-02 6.324419379234313965e-02 3.898124024271965027e-02 5.047954618930816650e-02 2.423057705163955688e-02 3.374461457133293152e-02 1.526083890348672867e-02 6.063006073236465454e-02 4.328575357794761658e-02 1.262754201889038086e-01 2.999824099242687225e-02 4.802208021283149719e-02 3.617279604077339172e-02 4.483799263834953308e-02 3.312790766358375549e-02 3.590611368417739868e-02 4.133224114775657654e-02 1.571073196828365326e-02 7.874979078769683838e-02 8.723300881683826447e-03 3.264227136969566345e-02 4.500276409089565277e-03 2.984944544732570648e-02 5.280062928795814514e-02 5.014668405055999756e-02 2.684883028268814087e-02 6.473807245492935181e-02 6.439568102359771729e-02 1.415122020989656448e-02 6.126620620489120483e-02 9.044716134667396545e-03 3.057842841371893883e-03 1.285178936086595058e-03 2.923388965427875519e-02 4.781443253159523010e-02 2.803535014390945435e-02 7.533943653106689453e-02 2.507918141782283783e-02 3.004096634685993195e-02 2.801321260631084442e-02 5.701754242181777954e-02 3.295407164841890335e-03 4.118862748146057129e-02 4.929437860846519470e-02 5.293360725045204163e-02 6.326232105493545532e-02 1.738770119845867157e-02 4.540232568979263306e-02 5.573810264468193054e-02 1.175753213465213776e-02 2.192324399948120117e-02 1.091176364570856094e-02 2.638749592006206512e-02 4.259941726922988892e-02 1.646295003592967987e-02 3.551074117422103882e-02 1.823053322732448578e-02 7.014130055904388428e-02 4.832090064883232117e-02 3.722541779279708862e-02 1.646882155910134315e-03 3.906154632568359375e-02 6.160498037934303284e-02 1.732317917048931122e-02
8.740635961294174194e-02 1.305174529552459717e-01 3.261031955480575562e-02 7.181146740913391113e-02 9.691874496638774872e-03 6.481990218162536621e-02 6.213324144482612610e-02 7.258029654622077942e-03 4.548797383904457092e-02 2.296315971761941910e-03 9.741350263357162476e-02 8.560588583350181580e-03 3.741158917546272278e-02 2.899022959172725677e-02 3.781704232096672058e-02 5.200649145990610123e-03 3.702113032341003418e-02 2.103285863995552063e-02 1.512482110410928726e-02 1.401741802692413330e-02 3.590265661478042603e-02 5.096233636140823364e-02 6.986399646848440170e-03 3.232419118285179138e-02 6.651348900049924850e-03 3.352760896086692810e-02 7.030104100704193115e-02 3.073146939277648926e-02 3.716400638222694397e-02 5.112276226282119751e-02 4.302776232361793518e-02 4.218853544443845749e-03 2.286739647388458252e-02 1.586921513080596924e-02 3.141473978757858276e-02 2.483866550028324127e-02 3.681085631251335144e-02 3.032951429486274719e-02 4.999316483736038208e-02 4.310616105794906616e-02 3.590743616223335266e-02 1.607303693890571594e-02 6.768302526324987411e-03 4.530854895710945129e-02 4.185666516423225403e-02 7.703850133111700416e-05 6.064478680491447449e-02 6.657579541206359863e-02 6.765399128198623657e-03 3.256832715123891830e-03 2.024925686419010162e-02 6.372146890498697758e-04 5.920705851167440414e-03 3.682385757565498352e-02 4.916451126337051392e-02 3.519891295582056046e-03 4.801997169852256775e-02 4.168218001723289490e-03 8.216027170419692993e-02 2.730133244767785072e-03 3.356207162141799927e-02 4.624921828508377075e-02 3.752498654648661613e-03 1.733985263854265213e-03 1.412112452089786530e-02 6.164570897817611694e-02 1.290338765829801559e-02 3.541779890656471252e-02 5.176773294806480408e-02 3.150999546051025391e-02 2.104503288865089417e-02 8.539500646293163300e-03 3.308450803160667419e-02 3.934240713715553284e-02 1.825551618821918964e-03 1.340040005743503571e-02 6.752510368824005127e-02 7.231514318846166134e-04 6.318560242652893066e-02 6.182158738374710083e-02 4.063257947564125061e-03 1.675594784319400787e-02 8.924133144319057465e-04 3.355770185589790344e-02 1.913942396640777588e-02 1.139507256448268890e-02 3.959843143820762634e-02 9.230871498584747314e-02 3.968048375099897385e-03 7.143966853618621826e-03 9.190967306494712830e-03 3.843092545866966248e-02 2.998005226254463196e-02 6.320615857839584351e-02 4.664518404752016068e-03 1.842649281024932861e-02 5.970536544919013977e-02 3.028001077473163605e-02 1.559069473296403885e-02 5.253182724118232727e-03 2.969544008374214172e-02 2.246040105819702148e-02 3.725748136639595032e-02 1.389245968312025070e-02 2.588245272636413574e-02 6.423540413379669189e-03 3.712412714958190918e-02 3.944513574242591858e-02 4.433054476976394653e-03 2.185822091996669769e-02 2.064910717308521271e-02 3.782237181439995766e-03 1.483527850359678268e-02 3.397815674543380737e-02 5.452388525009155273e-02 3.516812995076179504e-02
