9.829204529523849487e-02 9.052408486604690552e-02 4.625691846013069153e-02 1.674053631722927094e-02 3.889800608158111572e-02 5.755873024463653564e-02 4.005859419703483582e-02 3.032960928976535797e-02 1.174998842179775238e-02 1.532885897904634476e-02 9.363763779401779175e-02 9.275775402784347534e-02 5.636598542332649231e-02 7.220526039600372314e-02 5.340085551142692566e-02 4.077599942684173584e-02 3.532587364315986633e-02 8.873196318745613098e-03 2.983057172968983650e-03 1.534000318497419357e-02 3.948975063394755125e-05 2.089830487966537476e-02 6.583506613969802856e-02 2.563796006143093109e-03 2.703009918332099915e-02 3.224031999707221985e-02 1.642181910574436188e-02 1.972475275397300720e-02 6.079416722059249878e-02 2.104721590876579285e-02 2.145385928452014923e-02 6.622949242591857910e-02 4.088513553142547607e-02 7.105311006307601929e-02 3.251053392887115479e-02 3.428979218006134033e-02 5.964303854852914810e-03 1.870562881231307983e-02 1.083589792251586914e-01 2.823967020958662033e-03 7.843647152185440063e-03 4.282048717141151428e-02 1.847640611231327057e-02 4.517684876918792725e-02 5.613056570291519165e-02 2.456511557102203369e-02 1.071151113137602806e-03 3.703512251377105713e-02 2.165600284934043884e-02 2.065599896013736725e-02 5.893044918775558472e-02 5.433563143014907837e-02 7.989303022623062134e-02 5.837355554103851318e-02 1.416552253067493439e-02 4.131149873137474060e-02 2.425407618284225464e-02 1.102580316364765167e-02 7.434767484664916992e-02 3.497520089149475098e-02 1.278065424412488937e-02 1.023240853101015091e-03 4.037525970488786697e-03 2.977338433265686035e-02 2.994845435023307800e-02 1.943639852106571198e-02 8.923704735934734344e-03 8.060363121330738068e-03 5.368896946310997009e-02 4.580108821392059326e-02 1.895646937191486359e-02 2.088871970772743225e-02 7.885163277387619019e-02 7.435665465891361237e-03 5.377074703574180603e-02 3.246475383639335632e-02 1.934039592742919922e-02 2.616490982472896576e-02 4.918540641665458679e-02 3.536470606923103333e-02 3.063799068331718445e-02 3.992066159844398499e-02 4.137770459055900574e-02 4.878201056271791458e-03 2.350143156945705414e-02 5.660641938447952271e-03 4.106773063540458679e-02 1.978852786123752594e-02 1.894857548177242279e-02 4.316022247076034546e-02 8.406392484903335571e-02 2.858428284525871277e-02 3.744811192154884338e-02 6.496998947113752365e-03 8.929129689931869507e-02 1.083588600158691406e-02 4.361768066883087158e-02 3.441084176301956177e-02 1.691900379955768585e-02 4.079057276248931885e-02 3.879608586430549622e-02 3.499277867376804352e-03 6.629575788974761963e-02 2.592786587774753571e-02 6.514548510313034058e-02 3.714020177721977234e-02 1.103962585330009460e-02 2.445858903229236603e-02 1.026997808367013931e-02 7.298729848116636276e-03 1.971752569079399109e-02 6.163697689771652222e-04 1.592759788036346436e-02 3.299521654844284058e-02 6.412188708782196045e-02 3.182228654623031616e-02
9.052408486604690552e-02 7.924501597881317139e-02 4.087046254426240921e-03 2.513628453016281128e-03 5.499933846294879913e-03 3.737353160977363586e-02 9.792714565992355347e-02 2.629983983933925629e-02 3.339377790689468384e-02 3.078748285770416260e-02 6.475542485713958740e-02 5.178100988268852234e-02 1.074407845735549927e-01 9.173779189586639404e-02 5.636478215456008911e-02 8.453979343175888062e-02 7.219664403237402439e-04 3.607748076319694519e-02 3.975812718272209167e-02 1.623921282589435577e-02 2.380364760756492615e-02 2.966001816093921661e-02 1.433372497558593750e-02 2.605411037802696228e-02 2.455255016684532166e-02 8.130863308906555176e-02 7.837807759642601013e-03 4.642924293875694275e-02 4.177030920982360840e-02 8.298365771770477295e-02 5.873946845531463623e-02 6.220831722021102905e-02 4.381028935313224792e-03 2.452442049980163574e-02 1.106856763362884521e-02 1.390448864549398422e-02 3.294071927666664124e-02 4.996845126152038574e-02 3.192604705691337585e-02 4.589248448610305786e-02 4.384192824363708496e-02 3.248643130064010620e-02 1.436809636652469635e-02 1.896234601736068726e-02 7.844566553831100464e-02 3.071339800953865051e-02 3.361921757459640503e-03 9.196653962135314941e-02 3.318211063742637634e-02 7.423946517519652843e-04 3.021342866122722626e-02 2.192240953445434570e-02 5.065342783927917480e-02 5.110385268926620483e-02 9.891759604215621948e-03 2.421062998473644257e-02 1.125436462461948395e-02 6.371194124221801758e-02 6.229523103684186935e-03 3.269743546843528748e-02 2.941725775599479675e-02 1.057212939485907555e-03 5.790653079748153687e-02 1.023680623620748520e-02 8.093534037470817566e-03 3.771138936281204224e-02 1.262668333947658539e-02 3.478727489709854126e-02 1.692570745944976807e-02 8.455806411802768707e-03 3.308515623211860657e-02 7.592993788421154022e-03 1.755736581981182098e-02 2.821080572903156281e-02 1.373046170920133591e-02 1.815302763134241104e-03 3.600135445594787598e-02 2.821633405983448029e-02 2.144414372742176056e-02 4.201997816562652588e-02 6.166563183069229126e-02 1.894755661487579346e-02 1.210233382880687714e-02 1.759886927902698517e-02 3.169352561235427856e-02 1.814606599509716034e-02 1.676575979217886925e-03 1.650363579392433167e-02 1.445647649234160781e-04 6.595484912395477295e-02 4.640233889222145081e-02 1.928687840700149536e-02 6.224145367741584778e-02 1.447985321283340454e-02 4.016694612801074982e-03 3.285543620586395264e-02 1.344767492264509201e-02 3.607443720102310181e-02 1.882503181695938110e-02 3.309804946184158325e-02 1.704009046079590917e-04 2.344886586070060730e-02 7.394249550998210907e-03 1.802943996153771877e-03 4.826602339744567871e-02 2.059591934084892273e-02 1.219273917376995087e-02 2.305286377668380737e-02 8.115128614008426666e-03 1.747483760118484497e-02 3.038965165615081787e-02 3.976542502641677856e-02 2.111707814037799835e-02 7.023327983915805817e-03 3.000463172793388367e-02 2.038482017815113068e-02
4.625691846013069153e-02 4.087046254426240921e-03 8.501293510198593140e-02 2.684960328042507172e-02 2.014135196805000305e-02 2.373151481151580811e-02 1.066802665591239929e-01 3.971381857991218567e-02 2.096061035990715027e-02 1.392671559005975723e-02 4.209266230463981628e-02 1.946818828582763672e-02 4.548079147934913635e-02 5.719783250242471695e-03 6.427956745028495789e-03 2.728825993835926056e-02 3.175359591841697693e-02 1.879846863448619843e-02 8.491287007927894592e-03 5.029842630028724670e-02 2.234619297087192535e-02 5.275482777506113052e-03 2.798052877187728882e-02 4.517475515604019165e-02 2.645307965576648712e-02 5.503300204873085022e-02 1.837896928191184998e-02 3.128082677721977234e-02 5.428453907370567322e-02 5.103616043925285339e-02 4.376139864325523376e-02 2.800773642957210541e-02 2.577129343990236521e-04 1.610675826668739319e-02 5.255114659667015076e-02 2.229284867644309998e-02 5.545976106077432632e-03 1.558246612548828125e-01 3.584069758653640747e-02 8.184522390365600586e-02 1.597934365272521973e-01 3.678984194993972778e-02 1.556432619690895081e-02 1.496885865926742554e-01 2.511057443916797638e-02 5.681284144520759583e-02 1.146755181252956390e-02 2.343539148569107056e-02 2.979290671646595001e-02 6.679511815309524536e-02 7.840029150247573853e-02 1.157590672373771667e-01 1.790883764624595642e-02 1.553773600608110428e-02 2.035420015454292297e-02 2.059874124825000763e-03 2.975355833768844604e-02 2.066979184746742249e-02 5.074688815511763096e-04 1.167357619851827621e-02 3.204390639439225197e-03 3.978165797889232635e-03 1.309777647256851196e-01 2.152319252490997314e-02 4.956449382007122040e-03 1.394393108785152435e-02 1.184418331831693649e-02 2.142496779561042786e-02 3.069431148469448090e-02 1.198435761034488678e-02 2.774355001747608185e-02 1.297258492559194565e-02 5.108834430575370789e-02 7.138393819332122803e-02 3.174085915088653564e-02 2.553394250571727753e-02 1.392489648424088955e-03 1.750536076724529266e-02 4.308519512414932251e-02 8.262897026725113392e-04 1.545965969562530518e-01 1.489203572273254395e-01 2.740005496889352798e-03 5.672637373208999634e-02 1.615138724446296692e-02 7.818811386823654175e-02 5.202241241931915283e-02 1.477421913295984268e-02 3.273222222924232483e-02 1.678543351590633392e-02 4.029357433319091797e-02 5.740327294915914536e-03 2.640846185386180878e-02 2.822946570813655853e-02 5.737716704607009888e-02 4.693686589598655701e-02 6.911831349134445190e-02 7.182978093624114990e-02 6.023075431585311890e-03 3.960443660616874695e-02 4.723629355430603027e-02 2.520458772778511047e-03 5.211914889514446259e-03 1.814672723412513733e-02 1.862908946350216866e-03 9.052191674709320068e-02 4.367232322692871094e-02 7.732037454843521118e-03 2.084508305415511131e-03 1.036686822772026062e-02 5.308848619461059570e-02 2.946601808071136475e-02 4.485329613089561462e-02 7.682313770055770874e-02 1.896713487803936005e-02 3.037589974701404572e-02
1.674053631722927094e-02 2.513628453016281128e-03 2.684960328042507172e-02 8.989153057336807251e-02 3.217684030532836914e-01 4.985824227333068848e-02 4.507319629192352295e-02 1.823456399142742157e-02 5.054456740617752075e-02 2.571295574307441711e-02 5.594731122255325317e-02 2.283529174746945500e-04 6.376389414072036743e-02 2.874413505196571350e-02 4.419605806469917297e-02 7.378067076206207275e-02 6.482237577438354492e-02 5.738642439246177673e-02 3.532261401414871216e-02 3.516791760921478271e-02 1.038417406380176544e-02 1.421575248241424561e-02 2.633746899664402008e-02 6.843884289264678955e-02 1.486270688474178314e-03 2.674052678048610687e-02 4.368302598595619202e-02 4.372919723391532898e-02 1.778751239180564880e-02 1.577188447117805481e-02 4.470572620630264282e-02 4.126235470175743103e-02 1.392236351966857910e-01 7.465784251689910889e-02 3.256427496671676636e-02 5.720048770308494568e-02 7.954670116305351257e-03 6.989814341068267822e-03 4.188467562198638916e-02 4.345353518147021532e-04 3.969267010688781738e-02 3.062427043914794922e-02 1.012788433581590652e-02 5.990618094801902771e-02 6.826508790254592896e-02 3.332407400012016296e-02 7.053072750568389893e-02 2.868083864450454712e-02 1.339917331933975220e-01 4.207376390695571899e-02 4.574151709675788879e-02 5.940734408795833588e-03 9.835521876811981201e-02 2.047164924442768097e-02 6.633710116147994995e-02 3.719625249505043030e-02 3.711464628577232361e-02 2.013446763157844543e-02 8.758325874805450439e-02 3.211756423115730286e-02 1.767389103770256042e-02 4.677940625697374344e-03 3.004727512598037720e-02 2.037223801016807556e-02 7.643750403076410294e-03 1.947396434843540192e-02 5.011130869388580322e-02 2.054068725556135178e-03 3.676760941743850708e-02 5.564649030566215515e-02 2.312924340367317200e-02 2.819078415632247925e-02 1.317692697048187256e-01 4.867035895586013794e-02 1.020000725984573364e-01 3.461099416017532349e-02 6.198955234140157700e-03 1.423390861600637436e-02 5.912227183580398560e-02 3.872764483094215393e-02 3.361812978982925415e-02 2.901244442909955978e-03 4.688673466444015503e-02 8.179096877574920654e-02 3.066985635086894035e-03 5.911070387810468674e-03 1.671268232166767120e-02 1.388487312942743301e-02 5.308800842612981796e-03 4.429084807634353638e-02 1.130742020905017853e-02 1.428961474448442459e-02 3.109471686184406281e-02 4.639880266040563583e-03 4.000777006149291992e-02 6.780153512954711914e-02 3.619485720992088318e-02 1.445958390831947327e-02 5.008765682578086853e-02 5.660838913172483444e-03 4.140447080135345459e-02 3.615619987249374390e-02 1.779081067070364952e-03 5.144789814949035645e-02 5.456292536109685898e-03 3.403851389884948730e-02 1.623283512890338898e-02 3.181440010666847229e-02 7.769905962049961090e-03 2.010498940944671631e-02 1.084743347018957138e-02 2.649578964337706566e-03 6.388139724731445312e-02 1.773836649954319000e-02 6.050246581435203552e-02 6.465619057416915894e-02
3.889800608158111572e-02 5.499933846294879913e-03 2.014135196805000305e-02 3.217684030532836914e-01 1.231250241398811340e-01 5.795689299702644348e-02 2.386924438178539276e-02 7.183473557233810425e-03 6.809643004089593887e-03 3.447790443897247314e-02 4.421726241707801819e-02 3.494837880134582520e-02 1.812244008760899305e-04 6.675609946250915527e-02 1.693291217088699341e-02 7.130204886198043823e-02 8.328148722648620605e-02 6.846028566360473633e-02 6.162873003631830215e-03 1.740715652704238892e-02 4.686383903026580811e-02 3.198011592030525208e-02 1.791675691492855549e-03 3.383429348468780518e-02 7.676135003566741943e-02 4.244934022426605225e-02 4.032590612769126892e-02 3.110820800065994263e-02 2.183792181313037872e-02 8.133672177791595459e-02 9.683849290013313293e-03 4.529979079961776733e-02 4.445223882794380188e-02 6.797937303781509399e-02 3.529539331793785095e-02 2.133090049028396606e-03 1.569441892206668854e-02 2.883535251021385193e-02 8.087904751300811768e-02 8.569963276386260986e-02 1.838830858469009399e-02 3.869256377220153809e-02 2.693222276866436005e-02 3.533688932657241821e-02 3.720483556389808655e-02 1.710135303437709808e-02 9.592002257704734802e-03 2.469653263688087463e-03 1.268347054719924927e-01 1.343071809969842434e-03 3.698673099279403687e-02 1.476443372666835785e-02 6.120180338621139526e-02 2.454168349504470825e-02 3.905616328120231628e-02 8.509524166584014893e-02 3.934935480356216431e-02 6.707070278935134411e-04 4.940352961421012878e-02 9.223220869898796082e-03 3.808473795652389526e-02 1.684727706015110016e-02 6.283138692378997803e-02 1.810368523001670837e-02 4.743943735957145691e-02 1.447692420333623886e-02 4.702199250459671021e-02 4.592057690024375916e-02 6.683770567178726196e-02 2.011711150407791138e-02 4.800748080015182495e-02 1.239988207817077637e-02 1.074058264493942261e-01 5.105805024504661560e-02 1.701149344444274902e-01 1.582138612866401672e-02 1.416513789445161819e-02 3.630011156201362610e-02 4.510661587119102478e-02 2.280221134424209595e-02 2.573893871158361435e-04 3.414228558540344238e-02 2.837503142654895782e-02 4.667133465409278870e-02 1.278952788561582565e-02 1.011144090443849564e-02 3.254813328385353088e-02 1.127682533115148544e-02 5.336078628897666931e-02 9.286489337682723999e-02 6.246196478605270386e-02 5.554419942200183868e-03 2.478875033557415009e-02 2.752068638801574707e-02 3.995994478464126587e-02 1.254225075244903564e-01 1.487606018781661987e-02 2.963720634579658508e-02 9.640214033424854279e-03 1.580469682812690735e-02 5.534883588552474976e-02 1.800714875571429729e-03 2.718845149502158165e-03 1.099050417542457581e-02 5.972338840365409851e-02 8.617005310952663422e-03 3.078010119497776031e-02 3.214329108595848083e-02 7.501143217086791992e-02 4.277372360229492188e-02 1.308077014982700348e-02 8.961478620767593384e-02 3.301446139812469482e-02 2.936946041882038116e-02 1.990204863250255585e-02 5.902809649705886841e-02
5.755873024463653564e-02 3.737353160977363586e-02 2.373151481151580811e-02 4.985824227333068848e-02 5.795689299702644348e-02 1.283901333808898926e-01 1.600042879581451416e-01 5.590754002332687378e-02 1.208908949047327042e-02 3.739455714821815491e-02 1.852633059024810791e-02 7.646188139915466309e-02 3.051866032183170319e-02 8.394612371921539307e-02 3.151764720678329468e-02 3.793064877390861511e-02 3.377847000956535339e-02 6.064184475690126419e-03 3.929711133241653442e-02 4.482847824692726135e-02 1.008149310946464539e-01 4.089136421680450439e-02 5.088948458433151245e-02 3.703021258115768433e-02 1.600869372487068176e-02 4.413199797272682190e-02 2.117534726858139038e-02 3.866725414991378784e-02 5.392009392380714417e-02 2.820343337953090668e-02 2.297930233180522919e-02 4.994893074035644531e-02 3.579810634255409241e-02 1.013501062989234924e-01 1.297916471958160400e-02 1.949788443744182587e-02 2.958200499415397644e-02 3.711641207337379456e-02 7.995911687612533569e-02 7.565653324127197266e-02 5.581316072493791580e-03 1.256752852350473404e-02 4.076281562447547913e-02 4.949193075299263000e-02 4.485127329826354980e-02 3.642961755394935608e-02 1.851799935102462769e-01 9.867108613252639771e-02 3.726629912853240967e-02 4.288422316312789917e-02 6.166588887572288513e-02 2.095619216561317444e-02 3.654648736119270325e-02 9.985878132283687592e-03 2.024052850902080536e-02 3.366016969084739685e-02 4.232895374298095703e-02 3.941604495048522949e-02 3.097571898251771927e-03 3.906898200511932373e-02 4.414371401071548462e-02 6.960087921470403671e-03 9.983032941818237305e-03 8.401829749345779419e-03 5.477606877684593201e-02 3.834926337003707886e-02 2.981376275420188904e-02 7.152337580919265747e-02 4.404568299651145935e-02 1.658024033531546593e-03 3.394111990928649902e-02 1.022471953183412552e-02 1.145355589687824249e-02 2.527651004493236542e-02 2.217353694140911102e-02 6.449073553085327148e-02 1.338693127036094666e-02 6.298939883708953857e-02 3.748271614313125610e-02 3.534745424985885620e-02 2.474919334053993225e-02 2.889198996126651764e-02 1.361698471009731293e-02 5.056556314229965210e-02 1.564510911703109741e-02 7.950079627335071564e-03 9.798586834222078323e-04 3.590411692857742310e-02 2.956233918666839600e-02 3.798613324761390686e-02 8.234255015850067139e-02 6.374005461111664772e-04 4.546207189559936523e-02 3.207730129361152649e-03 2.672875858843326569e-02 7.908340543508529663e-03 5.777002777904272079e-03 6.700761616230010986e-02 5.257468298077583313e-02 5.614295229315757751e-02 9.233328513801097870e-03 5.753231793642044067e-02 2.367476560175418854e-02 1.919528655707836151e-02 1.103316619992256165e-01 3.895086422562599182e-02 3.042400628328323364e-02 5.169052258133888245e-02 7.605141494423151016e-03 3.234102949500083923e-02 1.228082546731457114e-04 2.548172138631343842e-02 2.669535391032695770e-02 3.435930702835321426e-03 4.196784645318984985e-02 1.942089386284351349e-02
4.005859419703483582e-02 9.792714565992355347e-02 1.066802665591239929e-01 4.507319629192352295e-02 2.386924438178539276e-02 1.600042879581451416e-01 1.327669173479080200e-01 4.277358204126358032e-02 3.424810478463768959e-03 2.871288172900676727e-02 3.701806813478469849e-02 6.344884634017944336e-02 1.920757000334560871e-03 1.464902758598327637e-01 3.541643172502517700e-02 8.218253962695598602e-03 3.133484721183776855e-02 2.905081585049629211e-02 1.456000749021768570e-02 4.404919594526290894e-02 3.062550537288188934e-02 4.044152796268463135e-02 6.279169768095016479e-02 4.719439148902893066e-02 1.688169501721858978e-02 3.728893399238586426e-02 1.336467266082763672e-02 4.256786033511161804e-02 4.296350851655006409e-02 3.484736382961273193e-02 7.057351619005203247e-02 7.924713939428329468e-02 1.831122115254402161e-02 6.923387199640274048e-02 3.951573371887207031e-02 3.908036649227142334e-02 3.276098519563674927e-02 5.897576734423637390e-02 5.299812927842140198e-02 9.245914965867996216e-02 4.973041638731956482e-02 3.089148178696632385e-02 1.917290128767490387e-02 1.162041071802377701e-02 4.604648426175117493e-02 6.280502676963806152e-02 1.064792796969413757e-01 1.896997690200805664e-01 2.401552163064479828e-02 3.472338616847991943e-02 9.293086826801300049e-02 4.714857041835784912e-02 2.483021654188632965e-02 2.559665404260158539e-02 3.146334365010261536e-02 4.663832858204841614e-02 1.974901184439659119e-02 2.142683789134025574e-02 1.764123793691396713e-03 1.101438421756029129e-02 2.908038534224033356e-02 1.031987089663743973e-02 1.467239111661911011e-02 1.548177376389503479e-02 3.921448439359664917e-02 1.383151020854711533e-02 3.863441944122314453e-02 6.017560511827468872e-02 3.400049358606338501e-02 4.651871044188737869e-03 3.023454919457435608e-02 2.245867811143398285e-02 2.179164439439773560e-04 1.609498821198940277e-02 2.606670558452606201e-02 1.047914754599332809e-02 4.224614799022674561e-02 2.392321266233921051e-02 7.026186585426330566e-02 1.111617833375930786e-01 7.933526486158370972e-02 4.925742372870445251e-02 2.759016118943691254e-02 4.842408746480941772e-02 3.148140758275985718e-02 6.168703734874725342e-02 4.375799000263214111e-02 1.599796675145626068e-02 4.463905934244394302e-03 8.099944889545440674e-02 2.206849306821823120e-02 1.098510064184665680e-02 6.354510039091110229e-02 2.518424764275550842e-02 3.729931637644767761e-02 1.745811104774475098e-02 4.565454646944999695e-02 3.843418089672923088e-03 3.507113084197044373e-02 4.421733319759368896e-02 9.400096721947193146e-03 1.710434071719646454e-02 3.115126676857471466e-02 1.824913918972015381e-02 1.794684305787086487e-02 5.358016118407249451e-02 1.655090972781181335e-02 4.800201952457427979e-02 2.351202070713043213e-02 1.223980821669101715e-02 5.907748639583587646e-02 2.742692641913890839e-02 5.090131424367427826e-03 3.841274976730346680e-02 1.122895814478397369e-02 2.579573541879653931e-02
3.032960928976535797e-02 2.629983983933925629e-02 3.971381857991218567e-02 1.823456399142742157e-02 7.183473557233810425e-03 5.590754002332687378e-02 4.277358204126358032e-02 7.677488774061203003e-02 1.584580168128013611e-02 1.131329033523797989e-02 7.202976197004318237e-02 4.835880920290946960e-02 7.168446481227874756e-02 1.274890359491109848e-02 7.491581887006759644e-02 1.977396383881568909e-02 5.504032969474792480e-02 3.953093290328979492e-02 2.639200072735548019e-03 4.280642792582511902e-02 2.163662016391754150e-02 6.221143901348114014e-02 3.184019401669502258e-02 1.876130327582359314e-02 4.506884515285491943e-02 6.110149249434471130e-02 6.416135933250188828e-03 5.997950793243944645e-04 1.261582039296627045e-02 1.899271830916404724e-02 2.750115841627120972e-02 4.138903692364692688e-03 8.759388327598571777e-02 2.558960206806659698e-02 1.011904329061508179e-02 5.192193761467933655e-02 2.625751495361328125e-02 3.005512431263923645e-02 1.585897058248519897e-02 4.391236230731010437e-03 5.792758241295814514e-02 4.140903055667877197e-02 7.366513833403587341e-03 2.830649027600884438e-04 4.155236855149269104e-02 2.473791874945163727e-02 4.921087622642517090e-02 5.238347873091697693e-02 4.556853789836168289e-03 1.867247000336647034e-02 5.596482753753662109e-02 1.674041152000427246e-02 1.015865989029407501e-02 2.147059515118598938e-02 8.567098528146743774e-03 2.912934869527816772e-02 2.570612169802188873e-02 2.053543226793408394e-03 3.266442939639091492e-02 1.854670001193881035e-03 3.503170236945152283e-02 9.231147356331348419e-03 8.366044610738754272e-03 9.849760681390762329e-02 2.383698336780071259e-02 2.285557426512241364e-02 4.545031860470771790e-02 5.013816431164741516e-02 1.465042401105165482e-02 1.936665922403335571e-02 2.127348631620407104e-02 1.138353999704122543e-02 1.258331723511219025e-02 1.512057334184646606e-02 4.741792101413011551e-03 5.256172153167426586e-04 1.348970830440521240e-02 1.810749620199203491e-02 2.347193472087383270e-02 3.257456421852111816e-02 6.361877918243408203e-02 3.610298037528991699e-02 2.530540805310010910e-04 2.774470485746860504e-02 1.086202077567577362e-02 3.018125519156455994e-02 9.431443363428115845e-02 3.855047374963760376e-02 1.886596530675888062e-02 6.103598698973655701e-02 1.926625706255435944e-02 1.166475005447864532e-02 3.439343348145484924e-02 3.329560160636901855e-02 4.781888425350189209e-02 4.109523817896842957e-02 6.973613053560256958e-02 2.061853744089603424e-02 3.360858559608459473e-02 3.293878957629203796e-02 5.161547288298606873e-02 1.574006304144859314e-02 2.231273800134658813e-02 2.387767890468239784e-03 9.612664580345153809e-02 5.127478018403053284e-02 2.486259676516056061e-02 3.778323531150817871e-03 1.866742968559265137e-02 1.746519282460212708e-02 4.988975822925567627e-03 1.929743681102991104e-03 1.566138118505477905e-02 4.576408863067626953e-02 2.122878096997737885e-02 3.655313327908515930e-02
1.174998842179775238e-02 3.339377790689468384e-02 2.096061035990715027e-02 5.054456740617752075e-02 6.809643004089593887e-03 1.208908949047327042e-02 3.424810478463768959e-03 1.584580168128013611e-02 6.906703859567642212e-02 6.902944296598434448e-02 2.094893716275691986e-02 1.554033625870943069e-02 9.057702845893800259e-04 5.494416877627372742e-02 2.971509285271167755e-02 5.591112375259399414e-02 4.117459431290626526e-02 5.363672040402889252e-03 7.256879657506942749e-02 2.066456014290452003e-03 1.413926389068365097e-02 1.204355899244546890e-02 7.340819574892520905e-03 4.051957651972770691e-02 5.155760049819946289e-02 6.821934878826141357e-02 2.777048759162425995e-02 3.625489398837089539e-02 5.772453919053077698e-02 1.424942910671234131e-02 5.174669623374938965e-02 1.831758022308349609e-02 2.648961916565895081e-02 1.052741799503564835e-02 4.879638552665710449e-02 2.087337337434291840e-02 7.006129622459411621e-02 3.769506141543388367e-02 2.591667510569095612e-02 1.586043834686279297e-02 1.123224385082721710e-02 1.937081851065158844e-02 3.845648840069770813e-02 5.136378109455108643e-02 6.467184424400329590e-02 3.453472862020134926e-03 2.799185551702976227e-02 4.114248976111412048e-02 1.057487651705741882e-01 1.120106503367424011e-02 4.474424198269844055e-02 4.667200148105621338e-02 7.002495229244232178e-02 1.832001842558383942e-02 3.980731219053268433e-02 2.978446893393993378e-02 1.514159701764583588e-02 1.587338373064994812e-02 2.946062386035919189e-02 6.895792670547962189e-03 6.036012247204780579e-02 1.775055192410945892e-02 6.652385741472244263e-02 5.904076993465423584e-02 3.251856938004493713e-02 2.878222847357392311e-03 2.774895355105400085e-02 3.554154559969902039e-02 3.935525938868522644e-02 3.315851790830492973e-04 5.454802140593528748e-02 1.288194325752556324e-03 6.065765395760536194e-02 6.090957671403884888e-03 3.128883615136146545e-02 1.229521166533231735e-02 2.066193819046020508e-01 8.090694993734359741e-02 6.111728399991989136e-02 6.813291460275650024e-02 6.217625923454761505e-03 2.832403592765331268e-02 3.253144025802612305e-02 2.853720262646675110e-02 2.837550826370716095e-02 3.449166193604469299e-02 1.737781055271625519e-02 4.893606901168823242e-02 7.756721228361129761e-02 1.062631830573081970e-01 5.564199760556221008e-02 3.029790520668029785e-02 1.299855858087539673e-02 1.686057634651660919e-02 3.256770223379135132e-02 6.308119744062423706e-02 2.499773912131786346e-02 6.291489582508802414e-03 1.776190660893917084e-02 1.164329890161752701e-02 3.013821132481098175e-02 5.229655280709266663e-02 6.221627816557884216e-02 4.528548941016197205e-02 5.030523613095283508e-02 6.221241131424903870e-02 4.850260913372039795e-02 2.501487731933593750e-02 6.865806877613067627e-02 6.404233723878860474e-02 1.781757362186908722e-02 9.733455255627632141e-03 4.957953467965126038e-02 2.321752160787582397e-02 4.531541466712951660e-02 1.151062771677970886e-01
1.532885897904634476e-02 3.078748285770416260e-02 1.392671559005975723e-02 2.571295574307441711e-02 3.447790443897247314e-02 3.739455714821815491e-02 2.871288172900676727e-02 1.131329033523797989e-02 6.902944296598434448e-02 1.385256797075271606e-01 1.966460607945919037e-02 3.994993865489959717e-03 2.862831950187683105e-02 3.393652290105819702e-02 1.597746089100837708e-02 4.683513194322586060e-02 3.936892747879028320e-02 3.056058427318930626e-03 5.298643931746482849e-02 4.584246873855590820e-02 1.103122718632221222e-02 2.232593670487403870e-02 4.541723057627677917e-02 3.981118556112051010e-03 3.994534164667129517e-02 4.218320548534393311e-02 9.407815523445606232e-03 7.851793430745601654e-03 1.626967824995517731e-02 3.577518835663795471e-02 9.771496057510375977e-03 2.411055564880371094e-02 5.988906603306531906e-03 3.170615434646606445e-02 3.591897711157798767e-02 2.545141242444515228e-02 2.782562561333179474e-02 4.198389433440752327e-05 4.668642301112413406e-03 5.211385898292064667e-03 6.359945051372051239e-03 3.155335038900375366e-02 8.019305765628814697e-02 3.497559949755668640e-02 1.052233017981052399e-02 4.954094067215919495e-02 1.002528122626245022e-03 4.413734748959541321e-02 5.072129517793655396e-02 1.463065892457962036e-01 2.291741967201232910e-02 4.592916462570428848e-03 1.426895614713430405e-02 1.197602320462465286e-02 3.875464573502540588e-02 1.008223146200180054e-01 6.302118301391601562e-02 4.399441182613372803e-02 2.122594974935054779e-02 1.527986116707324982e-02 5.540966242551803589e-02 5.965796858072280884e-02 4.356523510068655014e-03 1.952840946614742279e-02 1.396541949361562729e-02 7.274768780916929245e-03 4.569489136338233948e-02 2.151630632579326630e-02 8.099056780338287354e-03 8.107247948646545410e-02 6.942553818225860596e-02 4.590441659092903137e-02 3.292411565780639648e-02 5.139731243252754211e-02 4.314034059643745422e-02 3.374936059117317200e-02 2.974506095051765442e-02 1.612954735755920410e-01 2.834347775205969810e-03 1.076751053333282471e-01 3.808524832129478455e-02 2.019243128597736359e-02 8.346244692802429199e-03 8.938374370336532593e-02 3.317324444651603699e-02 1.965188607573509216e-02 1.223063934594392776e-02 7.997822947800159454e-03 5.271565169095993042e-03 6.887590885162353516e-02 2.390032075345516205e-02 5.509147047996520996e-02 6.410132348537445068e-02 1.928403787314891815e-02 4.728965461254119873e-03 2.763674408197402954e-02 7.998762279748916626e-02 5.696272850036621094e-02 5.550185590982437134e-02 4.298930987715721130e-02 4.456522688269615173e-02 8.725274354219436646e-03 2.436326257884502411e-02 3.459967300295829773e-02 7.959622889757156372e-03 2.148408070206642151e-02 2.667815610766410828e-02 7.962778210639953613e-03 1.739124767482280731e-02 4.175918176770210266e-02 1.463144365698099136e-02 1.303216791711747646e-03 1.608363911509513855e-02 2.706781215965747833e-02 2.794128097593784332e-02 3.140807893942110240e-05
9.363763779401779175e-02 6.475542485713958740e-02 4.209266230463981628e-02 5.594731122255325317e-02 4.421726241707801819e-02 1.852633059024810791e-02 3.701806813478469849e-02 7.202976197004318237e-02 2.094893716275691986e-02 1.966460607945919037e-02 9.962344169616699219e-02 2.483809925615787506e-02 1.110197082161903381e-01 2.765923738479614258e-02 6.685251742601394653e-02 5.070208758115768433e-02 5.663520190864801407e-03 2.446563914418220520e-02 4.138442222028970718e-03 9.999284148216247559e-02 7.691228296607732773e-03 3.123731166124343872e-02 3.096001781523227692e-02 2.769904583692550659e-02 5.911403894424438477e-02 5.885396525263786316e-02 3.017967753112316132e-02 1.202464476227760315e-02 4.834983870387077332e-02 3.769048303365707397e-02 7.374110072851181030e-02 4.873001575469970703e-02 1.523974351584911346e-02 6.810590624809265137e-02 5.461875349283218384e-03 2.368151769042015076e-02 4.010463133454322815e-02 2.042084746062755585e-02 4.133179038763046265e-02 6.424061208963394165e-02 1.295846514403820038e-02 6.707215309143066406e-02 3.645345941185951233e-02 3.184498474001884460e-02 5.303773563355207443e-03 4.047211259603500366e-02 8.549066260457038879e-03 7.724243681877851486e-03 2.495254017412662506e-02 2.892491966485977173e-02 5.378276575356721878e-03 3.503530472517013550e-02 8.352360129356384277e-02 4.724657163023948669e-02 3.003077208995819092e-02 1.034613419324159622e-02 5.062996223568916321e-02 4.153417050838470459e-02 3.884005546569824219e-02 2.126182615756988525e-02 3.134515509009361267e-02 2.298591099679470062e-02 5.439594388008117676e-02 2.237318456172943115e-02 3.061774186789989471e-02 3.116249293088912964e-02 6.184000521898269653e-02 4.666123641072772443e-05 3.187661990523338318e-02 3.975028637796640396e-03 7.119729649275541306e-03 2.326142787933349609e-02 4.144716635346412659e-02 1.185997272841632366e-03 1.808629184961318970e-02 9.793735109269618988e-03 9.692385792732238770e-03 2.002505399286746979e-02 7.280320860445499420e-03 1.895386539399623871e-02 1.093583926558494568e-02 1.123679988086223602e-02 5.062770470976829529e-02 2.654480375349521637e-02 1.605134084820747375e-02 4.442607611417770386e-02 5.725786089897155762e-02 3.648170828819274902e-02 1.054098131135106087e-03 1.437206007540225983e-02 7.203909009695053101e-02 8.928457275032997131e-03 2.989073842763900757e-02 3.778197243809700012e-02 1.053716707974672318e-02 2.792197838425636292e-02 3.196230903267860413e-02 9.052656590938568115e-03 4.991961177438497543e-03 1.824995689094066620e-02 1.397138368338346481e-02 7.019225042313337326e-03 7.478126790374517441e-03 1.717327907681465149e-02 3.313977643847465515e-02 8.040039800107479095e-03 2.354761958122253418e-02 2.112837508320808411e-02 4.022837057709693909e-02 2.385736256837844849e-02 1.896438188850879669e-02 1.389510836452245712e-02 5.918980389833450317e-02 1.299703586846590042e-02 3.138921037316322327e-02 3.526936471462249756e-02
9.275775402784347534e-02 5.178100988268852234e-02 1.946818828582763672e-02 2.283529174746945500e-04 3.494837880134582520e-02 7.646188139915466309e-02 6.344884634017944336e-02 4.835880920290946960e-02 1.554033625870943069e-02 3.994993865489959717e-03 2.483809925615787506e-02 1.333095729351043701e-01 3.283181227743625641e-03 2.488714158535003662e-01 8.368805982172489166e-03 9.521077387034893036e-03 2.342501096427440643e-02 6.458494067192077637e-02 1.155450381338596344e-02 5.258985981345176697e-02 1.157653424888849258e-02 2.711433731019496918e-02 1.730908602476119995e-01 1.191617846488952637e-01 4.933996871113777161e-02 9.228280745446681976e-03 1.531782653182744980e-02 1.204088106751441956e-01 5.131173878908157349e-02 4.707800596952438354e-02 5.556503310799598694e-02 3.006634488701820374e-02 2.970498055219650269e-02 2.705620788037776947e-02 2.587867900729179382e-03 2.033194527029991150e-02 6.095245853066444397e-02 1.202771812677383423e-02 8.976131677627563477e-02 5.304518342018127441e-02 1.391014922410249710e-02 6.652554869651794434e-02 7.791462540626525879e-02 3.547569736838340759e-02 1.649028509855270386e-01 1.047967076301574707e-01 5.821177363395690918e-02 1.976966671645641327e-02 1.567145250737667084e-02 1.347863487899303436e-02 1.413453668355941772e-01 3.023846074938774109e-03 2.792744897305965424e-02 4.805790260434150696e-03 2.143559604883193970e-02 6.062166392803192139e-02 8.392801135778427124e-02 1.493013929575681686e-02 5.556626245379447937e-02 3.584131773095577955e-04 6.234238669276237488e-02 1.170348376035690308e-02 7.105041295289993286e-02 4.960837308317422867e-03 2.388978935778141022e-02 5.330911837518215179e-03 1.446552295237779617e-02 5.073342006653547287e-03 9.041357552632689476e-04 6.813907623291015625e-02 8.230677992105484009e-02 3.963109850883483887e-02 4.741036146879196167e-02 7.841739803552627563e-03 1.020754105411469936e-03 4.054084420204162598e-03 4.436367377638816833e-02 8.136278390884399414e-02 9.286861866712570190e-02 3.190144151449203491e-02 7.638324052095413208e-02 4.751150682568550110e-02 3.888138756155967712e-02 1.947551593184471130e-02 1.154251396656036377e-02 5.567326769232749939e-02 4.774243757128715515e-02 3.711534291505813599e-02 9.300708770751953125e-02 1.348607800900936127e-02 3.073346614837646484e-02 1.334143616259098053e-02 9.376210800837725401e-05 2.672082930803298950e-02 7.878977805376052856e-02 4.627327248454093933e-02 4.291462898254394531e-02 3.213363513350486755e-02 1.088508144021034241e-01 5.348134785890579224e-02 4.410567879676818848e-02 5.741798668168485165e-04 3.043432533740997314e-02 5.309877172112464905e-02 5.861300230026245117e-02 3.342932835221290588e-02 1.044924464076757431e-02 1.417760737240314484e-02 4.234638437628746033e-02 8.094605058431625366e-02 3.956186026334762573e-02 8.476859331130981445e-02 3.952081128954887390e-02 3.941874206066131592e-02 3.017297573387622833e-02 5.670468136668205261e-02
5.636598542332649231e-02 1.074407845735549927e-01 4.548079147934913635e-02 6.376389414072036743e-02 1.812244008760899305e-04 3.051866032183170319e-02 1.920757000334560871e-03 7.168446481227874756e-02 9.057702845893800259e-04 2.862831950187683105e-02 1.110197082161903381e-01 3.283181227743625641e-03 9.138046205043792725e-02 1.247665565460920334e-02 1.026859059929847717e-01 1.350534148514270782e-02 1.036790199577808380e-02 2.148724533617496490e-02 4.213138669729232788e-02 5.630879849195480347e-02 3.841569274663925171e-02 4.865611717104911804e-02 3.579600900411605835e-02 3.995429724454879761e-02 3.606993705034255981e-02 8.430140465497970581e-02 3.514046594500541687e-02 2.913554757833480835e-02 1.389237027615308762e-02 8.604426681995391846e-02 1.114830300211906433e-01 1.951440423727035522e-02 1.285438798367977142e-02 4.611447826027870178e-02 3.398196399211883545e-02 3.778309747576713562e-02 6.423198431730270386e-02 1.848435029387474060e-03 4.931984469294548035e-03 3.690306469798088074e-02 1.592664234340190887e-02 4.598405212163925171e-03 2.374299243092536926e-02 1.606275560334324837e-03 3.939507529139518738e-02 2.992508932948112488e-03 5.525017902255058289e-02 4.530178382992744446e-03 6.273100618273019791e-03 5.075665190815925598e-03 4.249361157417297363e-02 5.024436861276626587e-02 5.290537327527999878e-02 3.601435944437980652e-02 3.980509936809539795e-02 1.154814567416906357e-02 3.440014319494366646e-03 2.144241333007812500e-02 1.011286024004220963e-02 3.288364782929420471e-02 4.113337397575378418e-02 7.629534602165222168e-02 1.866935379803180695e-02 2.048831991851329803e-02 1.544557232409715652e-02 5.788974836468696594e-02 9.999428875744342804e-03 1.916409283876419067e-02 3.075015172362327576e-02 2.616035938262939453e-02 1.731315813958644867e-02 1.430397666990756989e-02 2.183981612324714661e-02 1.037218049168586731e-02 4.087328165769577026e-02 1.526221446692943573e-02 3.853493556380271912e-02 1.199322007596492767e-02 2.236356027424335480e-02 2.157545648515224457e-03 3.622991219162940979e-02 1.918527670204639435e-02 3.341212170198559761e-03 2.967087738215923309e-02 4.570943303406238556e-03 4.994173720479011536e-02 4.815134033560752869e-02 6.057816371321678162e-02 9.591994807124137878e-03 3.875704482197761536e-02 1.164912804961204529e-02 2.838130341842770576e-03 2.636205963790416718e-02 3.750102221965789795e-02 3.516624122858047485e-02 2.562475763261318207e-02 8.509915322065353394e-03 1.349506434053182602e-02 4.103015363216400146e-02 3.171400353312492371e-02 2.084939368069171906e-02 9.317436255514621735e-03 1.016424689441919327e-02 1.017513102851808071e-03 2.706611901521682739e-02 1.307489536702632904e-02 8.435953408479690552e-03 3.275843337178230286e-02 1.949054002761840820e-02 1.652199588716030121e-02 1.180914463475346565e-03 1.014112029224634171e-03 1.008381135761737823e-02 4.821069538593292236e-02 4.440432414412498474e-02 4.939571395516395569e-02
