1.024791747331619263e-01 2.733554840087890625e-01 9.348485618829727173e-03 4.777166061103343964e-03 2.328105457127094269e-02 1.534426957368850708e-01 1.286732405424118042e-01 2.085610106587409973e-02 1.200746838003396988e-02 3.922261297702789307e-02 2.009694129228591919e-01 1.903037540614604950e-02 1.208783313632011414e-01 4.907499253749847412e-02 1.509103458374738693e-02 5.450161918997764587e-02 6.503183394670486450e-03 1.702641136944293976e-02 2.010395377874374390e-02 3.184078261256217957e-02 3.781178675126284361e-04 1.551487017422914505e-02 1.324366964399814606e-02 3.616821393370628357e-02 1.218078285455703735e-02 8.682454004883766174e-03 8.063453249633312225e-03 4.426782950758934021e-02 7.014205306768417358e-02 5.882471799850463867e-02 3.977593407034873962e-02 3.416775539517402649e-02 7.691821455955505371e-02 1.383598707616329193e-02 1.020022016018629074e-02 2.235582284629344940e-02 7.754747569561004639e-02 6.417730450630187988e-02 1.733506657183170319e-02 4.830631986260414124e-02 3.702759742736816406e-02 2.253169007599353790e-02 6.000373512506484985e-03 1.150008291006088257e-02 6.021332368254661560e-02 2.602693811058998108e-02 4.271093010902404785e-02 1.768445596098899841e-03 1.605142490006983280e-03 1.597818545997142792e-02 1.673780567944049835e-02 4.007355496287345886e-02 3.850343171507120132e-03 7.704386953264474869e-03 2.661162428557872772e-02 5.160387977957725525e-02 7.207264751195907593e-02 1.989464648067951202e-02 1.469172071665525436e-02 9.582979255355894566e-04 7.952249608933925629e-03 4.725035652518272400e-02 3.988466784358024597e-02 1.063957158476114273e-02 6.800866872072219849e-02 2.902528829872608185e-02 4.917385801672935486e-02 5.444345064461231232e-03 6.888297945261001587e-02 5.312215536832809448e-02 8.212775737047195435e-02 4.028251767158508301e-02 2.389140799641609192e-02 7.922621443867683411e-03 1.953138783574104309e-02 5.547581985592842102e-02 2.760093845427036285e-02 3.690455108880996704e-02 2.582530141808092594e-04 2.720117196440696716e-02 9.347496554255485535e-03 2.419125102460384369e-02 4.550408199429512024e-02 7.742290850728750229e-03 4.800705984234809875e-02 2.684441208839416504e-02 9.142563678324222565e-03 2.234914153814315796e-02 1.906462479382753372e-03 5.917607620358467102e-02 5.442003905773162842e-02 6.936355680227279663e-02 7.161564379930496216e-02 1.539342571049928665e-02 2.976909093558788300e-02 4.113817587494850159e-02 5.821754690259695053e-03 1.857000961899757385e-02 3.598755598068237305e-02 1.875843503512442112e-03 5.459084059111773968e-04 3.281705453991889954e-02 5.283818766474723816e-02 2.368208952248096466e-02 7.828014902770519257e-03 1.738515496253967285e-02 2.564853988587856293e-02 3.362282365560531616e-02 2.861929684877395630e-02 8.238633163273334503e-03 1.173103041946887970e-02 2.751632779836654663e-02 4.295079503208398819e-03 3.254062682390213013e-02 1.886128634214401245e-02 4.065537080168724060e-02
2.733554840087890625e-01 1.149419844150543213e-01 2.534933760762214661e-02 3.650667145848274231e-02 6.549570709466934204e-02 1.295067667961120605e-01 1.643970906734466553e-01 5.950175970792770386e-02 2.417681040242314339e-03 1.335764769464731216e-03 1.080054491758346558e-01 7.201316952705383301e-02 1.740303188562393188e-01 5.832107365131378174e-02 5.459460616111755371e-02 1.451469212770462036e-02 6.057662144303321838e-02 2.460958622395992279e-02 5.427127331495285034e-02 3.611458837985992432e-02 1.034047082066535950e-02 7.825629785656929016e-03 3.763173893094062805e-02 2.110192738473415375e-02 2.005824260413646698e-02 1.630949974060058594e-02 2.567315939813852310e-03 9.871450252830982208e-03 2.243820950388908386e-02 1.507214549928903580e-02 3.359457477927207947e-02 7.076458539813756943e-03 1.258447393774986267e-02 1.370480604236945510e-04 1.822549849748611450e-02 1.142367720603942871e-01 1.148114502429962158e-01 2.837851643562316895e-03 7.622102741152048111e-03 2.502021007239818573e-02 4.815175198018550873e-03 1.400763913989067078e-02 3.382801078259944916e-04 1.589991711080074310e-02 2.423522248864173889e-02 3.313303366303443909e-02 5.451560765504837036e-02 5.580464377999305725e-02 2.978401444852352142e-02 7.083329558372497559e-02 3.057014010846614838e-02 8.679249882698059082e-02 3.432551771402359009e-02 1.151195727288722992e-02 6.675362586975097656e-03 8.996901102364063263e-03 6.306752562522888184e-02 4.089489951729774475e-02 2.839422971010208130e-02 4.475011676549911499e-02 1.024299534037709236e-03 2.528388611972332001e-02 2.664055861532688141e-02 5.261696130037307739e-02 1.319554867222905159e-03 4.242026060819625854e-02 2.582085877656936646e-02 1.223723776638507843e-02 5.611531436443328857e-03 5.898365005850791931e-02 3.605534881353378296e-02 4.192031547427177429e-02 1.660276018083095551e-02 3.257675096392631531e-02 4.982852190732955933e-02 5.370297282934188843e-02 5.173429846763610840e-03 3.197677806019783020e-02 4.475911334156990051e-02 1.842721551656723022e-02 6.773230433464050293e-02 8.570665493607521057e-03 4.183944780379533768e-03 2.875270135700702667e-02 1.286150515079498291e-02 3.775826189666986465e-03 1.364382542669773102e-02 2.441673725843429565e-02 3.576450794935226440e-02 2.590484917163848877e-02 5.402983725070953369e-02 6.419998407363891602e-02 1.704166457056999207e-02 8.294992148876190186e-03 1.944798231124877930e-02 2.562934160232543945e-02 3.164692968130111694e-02 4.479042440652847290e-02 2.244000695645809174e-02 3.470188006758689880e-02 4.874349106103181839e-03 3.104323521256446838e-02 9.312476962804794312e-03 6.641312502324581146e-03 1.286565326154232025e-02 2.935251034796237946e-02 8.501454256474971771e-03 2.288101240992546082e-02 4.654209315776824951e-02 9.817827492952346802e-02 5.793634802103042603e-03 1.127178594470024109e-02 2.052540704607963562e-02 4.914368689060211182e-02 4.597717151045799255e-02 9.267770685255527496e-03
9.348485618829727173e-03 2.534933760762214661e-02 6.745301652699708939e-03 1.242908276617527008e-02 4.049097653478384018e-03 1.004822086542844772e-02 7.271149009466171265e-02 3.711622655391693115e-01 1.608756482601165771e-01 4.336594417691230774e-02 5.211262498050928116e-03 7.063008099794387817e-02 7.197134196758270264e-02 2.904910407960414886e-02 5.929612368345260620e-02 2.927622571587562561e-02 6.373094022274017334e-02 2.240742743015289307e-02 3.467185050249099731e-02 3.326091542840003967e-02 1.201211009174585342e-02 3.120587952435016632e-02 2.373472088947892189e-04 4.984869738109409809e-04 5.891781300306320190e-02 2.342256903648376465e-02 1.208979263901710510e-02 8.524105884134769440e-03 1.050409078598022461e-01 3.874572366476058960e-02 5.961631983518600464e-02 1.360846124589443207e-02 3.598599880933761597e-02 4.578563570976257324e-02 2.877102792263031006e-02 1.650181785225868225e-02 1.381343975663185120e-02 3.611345216631889343e-02 6.809892505407333374e-02 1.547743100672960281e-02 3.854540362954139709e-02 1.205371599644422531e-02 6.648841500282287598e-02 2.009510435163974762e-02 2.092828229069709778e-02 2.720985375344753265e-02 2.174519747495651245e-02 3.011865355074405670e-02 1.230796612799167633e-02 5.093555152416229248e-02 2.281029894948005676e-02 1.224404666572809219e-02 3.916101902723312378e-02 5.595659837126731873e-02 1.820153184235095978e-02 2.178471907973289490e-02 2.761846780776977539e-02 3.101196838542819023e-03 6.979100871831178665e-03 3.946088626980781555e-02 3.908504173159599304e-02 2.245763875544071198e-02 5.809715017676353455e-03 5.199427157640457153e-02 3.314439207315444946e-02 2.535853162407875061e-02 2.643356844782829285e-02 3.002043813467025757e-02 3.050571493804454803e-02 1.519129332154989243e-02 6.136182229965925217e-03 7.198504172265529633e-03 2.182519994676113129e-02 5.069825798273086548e-02 4.478778317570686340e-02 3.504414111375808716e-02 3.762488719075918198e-03 1.770245656371116638e-02 1.546389702707529068e-02 3.877877444028854370e-02 2.395281642675399780e-01 1.853174269199371338e-01 2.951107360422611237e-02 1.541631296277046204e-02 4.225477203726768494e-02 6.319410633295774460e-03 3.283625096082687378e-02 4.487873613834381104e-02 1.186492443084716797e-01 2.420960739254951477e-02 7.918101618997752666e-04 7.812413852661848068e-03 4.860831424593925476e-02 2.368289791047573090e-02 3.315364196896553040e-02 3.924227505922317505e-02 5.693793762475252151e-03 9.515529125928878784e-02 3.829762339591979980e-02 5.246841534972190857e-02 5.617485940456390381e-02 1.717702858150005341e-02 2.178648574044927955e-04 3.944644704461097717e-02 5.430947639979422092e-04 3.167882189154624939e-02 3.378610312938690186e-02 8.067694492638111115e-03 2.591571211814880371e-02 5.084512010216712952e-02 1.139628118835389614e-03 2.919978089630603790e-02 2.715573646128177643e-02 1.008391118375584483e-04 4.882344231009483337e-02 2.987866662442684174e-02
4.777166061103343964e-03 3.650667145848274231e-02 1.242908276617527008e-02 4.826273769140243530e-02 1.651136577129364014e-01 5.996141117066144943e-03 5.456080660223960876e-02 1.008661016821861267e-01 2.242050506174564362e-02 3.577739989850670099e-04 1.443712692707777023e-02 6.498157232999801636e-02 1.132107712328433990e-02 4.938976839184761047e-02 2.726118639111518860e-02 7.113446295261383057e-02 5.398085340857505798e-02 2.840582281351089478e-02 2.596040442585945129e-02 9.118444286286830902e-04 3.920100629329681396e-02 2.431148663163185120e-03 1.141309924423694611e-02 4.599487781524658203e-02 1.928752055391669273e-03 2.577083744108676910e-02 1.528058853000402451e-02 1.090273354202508926e-02 6.199566274881362915e-02 1.162049360573291779e-02 7.663444429636001587e-02 5.966560915112495422e-02 5.835542827844619751e-02 4.695145040750503540e-02 1.136577967554330826e-02 2.835510112345218658e-02 7.042332738637924194e-02 2.265001647174358368e-02 9.652379900217056274e-02 1.077740043401718140e-01 1.966605335474014282e-02 8.546684868633747101e-03 2.881091274321079254e-02 1.217132899910211563e-02 2.060285210609436035e-02 4.324671346694231033e-03 3.457417711615562439e-02 4.705447237938642502e-03 1.822474412620067596e-02 4.789674654603004456e-03 1.209465228021144867e-02 6.991473957896232605e-03 4.132734611630439758e-02 6.163231562823057175e-03 7.437986787408590317e-03 1.401284802705049515e-02 5.268548801541328430e-02 1.784457825124263763e-02 7.047786843031644821e-03 3.725972771644592285e-02 3.317433595657348633e-02 4.617258533835411072e-02 1.125226393342018127e-01 1.293634180910885334e-03 1.461177133023738861e-02 9.233497083187103271e-03 3.111040219664573669e-02 9.750133380293846130e-03 7.687364704906940460e-03 5.034229904413223267e-02 9.544645436108112335e-03 3.550116717815399170e-02 3.355284035205841064e-02 1.529553323052823544e-03 5.290006473660469055e-02 3.408979624509811401e-03 4.304548352956771851e-02 5.256339907646179199e-02 4.921323433518409729e-02 2.354397438466548920e-02 3.041175380349159241e-02 2.851965464651584625e-02 1.913169026374816895e-01 1.850073784589767456e-01 3.789884597063064575e-02 3.148486092686653137e-02 4.666189663112163544e-03 1.054948806995525956e-04 6.462522596120834351e-02 1.212244853377342224e-02 9.630842134356498718e-03 2.674301341176033020e-02 2.669880352914333344e-02 2.021422423422336578e-02 3.072206489741802216e-02 2.192045748233795166e-02 8.789516985416412354e-03 4.699255805462598801e-03 8.019332773983478546e-03 3.574345260858535767e-02 3.131961217150092125e-03 3.126199543476104736e-02 3.857968375086784363e-02 8.097032457590103149e-02 6.315541453659534454e-03 1.722216047346591949e-02 1.599675230681896210e-02 6.492564082145690918e-02 3.102260641753673553e-02 1.239811303094029427e-03 5.700447037816047668e-02 6.175994500517845154e-02 5.501720309257507324e-02 7.658290211111307144e-03 1.414429768919944763e-02 3.102808725088834763e-03
2.328105457127094269e-02 6.549570709466934204e-02 4.049097653478384018e-03 1.651136577129364014e-01 4.951225221157073975e-02 5.329426750540733337e-02 2.578208222985267639e-03 2.904043346643447876e-02 1.153827086091041565e-02 8.167327940464019775e-02 1.260206941515207291e-02 5.913902446627616882e-02 1.432572584599256516e-02 4.639785736799240112e-03 2.288281684741377831e-03 4.120470583438873291e-02 1.631410978734493256e-02 1.215444654226303101e-01 2.570389537140727043e-03 1.130170840770006180e-02 1.770518161356449127e-02 3.178341686725616455e-02 3.980529960244894028e-03 1.140761654824018478e-02 3.016893565654754639e-02 2.721744775772094727e-02 2.694462426006793976e-02 3.112216107547283173e-02 1.293731154873967171e-03 7.477157749235630035e-03 2.336800657212734222e-02 2.575894445180892944e-02 3.306158818304538727e-03 2.892311476171016693e-02 2.535878866910934448e-02 2.928233332931995392e-02 2.115545235574245453e-02 1.503131724894046783e-02 1.039818897843360901e-01 1.398540586233139038e-01 2.596839331090450287e-02 7.295697182416915894e-02 5.685666576027870178e-02 1.146474108099937439e-02 7.077170163393020630e-02 6.740072369575500488e-02 1.829331927001476288e-02 9.618327021598815918e-03 2.405510842800140381e-02 1.982520520687103271e-02 4.765601828694343567e-02 7.368560414761304855e-03 3.995392471551895142e-02 1.405939180403947830e-02 4.732260853052139282e-02 4.629769176244735718e-02 1.665029488503932953e-02 4.735461249947547913e-02 1.896684989333152771e-02 6.070633977651596069e-02 4.995880648493766785e-02 6.689865142107009888e-02 8.663500845432281494e-02 1.733919233083724976e-02 5.801301449537277222e-03 2.133003808557987213e-02 2.280374243855476379e-02 1.868478953838348389e-02 1.530432258732616901e-03 1.202778238803148270e-02 1.413254812359809875e-02 2.188118360936641693e-02 7.008072920143604279e-03 8.522149920463562012e-02 2.662116661667823792e-02 5.104308482259511948e-03 2.351678349077701569e-02 1.375405490398406982e-02 3.143766522407531738e-02 4.753904789686203003e-02 1.078483462333679199e-02 2.265016315504908562e-03 1.687536984682083130e-01 2.670933008193969727e-01 5.306407343596220016e-03 3.159913048148155212e-02 1.474554277956485748e-02 2.418080903589725494e-02 1.440711971372365952e-02 6.166447699069976807e-02 3.293785732239484787e-03 8.603981696069240570e-03 7.975359261035919189e-02 9.495377540588378906e-03 1.201856043189764023e-02 3.301854804158210754e-02 2.401887811720371246e-02 2.738848328590393066e-02 6.178965047001838684e-02 3.263217210769653320e-02 3.734732745215296745e-03 1.273134816437959671e-02 2.680753357708454132e-02 5.750808864831924438e-03 3.965169563889503479e-02 2.690438739955425262e-02 1.721309870481491089e-02 2.531594224274158478e-02 3.074692375957965851e-02 5.065086856484413147e-02 5.464419350028038025e-02 6.247278302907943726e-02 4.002756625413894653e-02 2.528272010385990143e-02 3.348581120371818542e-02 1.902722869999706745e-03
1.534426957368850708e-01 1.295067667961120605e-01 1.004822086542844772e-02 5.996141117066144943e-03 5.329426750540733337e-02 7.684305310249328613e-02 2.102820128202438354e-01 4.407609254121780396e-02 7.178459316492080688e-02 5.394786968827247620e-02 9.558358788490295410e-02 2.087858738377690315e-03 5.391373857855796814e-02 1.110199317336082458e-01 7.646498270332813263e-03 2.957793325185775757e-02 1.020902674645185471e-02 3.964938689023256302e-03 1.190836820751428604e-02 9.840082377195358276e-03 1.571399904787540436e-02 3.300192579627037048e-02 1.933514885604381561e-02 2.154473774135112762e-02 2.809409424662590027e-02 1.147398352622985840e-02 1.116776932030916214e-02 3.837352246046066284e-02 3.370891511440277100e-02 3.610952198505401611e-02 4.087628051638603210e-02 2.042837068438529968e-02 1.754974713549017906e-03 1.743753254413604736e-02 1.599193434230983257e-03 8.414440788328647614e-03 9.035116061568260193e-03 1.549471984617412090e-03 2.891151979565620422e-02 1.027460396289825439e-01 3.029026836156845093e-02 4.484359547495841980e-02 1.119300536811351776e-02 6.766813248395919800e-02 2.116059139370918274e-02 3.361899033188819885e-02 1.519220620393753052e-01 7.447303086519241333e-02 1.100484095513820648e-02 1.970391348004341125e-02 3.934749215841293335e-02 8.048418909311294556e-03 2.669947780668735504e-02 1.735928701236844063e-03 7.293899077922105789e-03 2.125920727849006653e-02 6.516463123261928558e-03 4.215400665998458862e-03 2.113148337230086327e-03 9.100166149437427521e-03 5.375748127698898315e-02 8.791356533765792847e-02 8.931996300816535950e-03 3.577139601111412048e-02 1.694067940115928650e-02 2.189362421631813049e-02 5.346843972802162170e-03 1.345794461667537689e-02 3.818295523524284363e-02 5.633755028247833252e-02 2.432569302618503571e-02 3.001484554260969162e-03 1.393221691250801086e-02 3.001321107149124146e-02 5.942229926586151123e-02 1.215926744043827057e-02 6.403126567602157593e-02 6.642305105924606323e-02 2.506505884230136871e-02 7.218942046165466309e-02 6.119326874613761902e-02 8.372106589376926422e-03 3.784943372011184692e-02 2.151765860617160797e-02 1.895203068852424622e-02 1.934554986655712128e-02 4.223753139376640320e-02 9.365546517074108124e-03 4.070033505558967590e-02 6.216716952621936798e-03 6.692909449338912964e-02 8.763694204390048981e-03 6.986957509070634842e-03 1.612862944602966309e-02 7.077366858720779419e-02 1.483093295246362686e-02 4.418438673019409180e-02 1.776983402669429779e-02 7.565782964229583740e-02 7.692688703536987305e-02 3.449915349483489990e-02 1.642496511340141296e-02 4.224709048867225647e-02 7.015058770775794983e-03 1.122119277715682983e-02 1.294671837240457535e-02 2.579954452812671661e-02 3.158878162503242493e-02 2.514362521469593048e-02 7.777115330100059509e-03 3.774586692452430725e-02 2.904781512916088104e-02 7.012745831161737442e-03 2.184354327619075775e-02 1.534042693674564362e-02 4.074781388044357300e-02
1.286732405424118042e-01 1.643970906734466553e-01 7.271149009466171265e-02 5.456080660223960876e-02 2.578208222985267639e-03 2.102820128202438354e-01 7.162860035896301270e-02 4.260809347033500671e-02 6.717782467603683472e-02 6.786924600601196289e-02 8.114521205425262451e-02 6.687647849321365356e-02 4.839805513620376587e-02 7.148685306310653687e-02 4.329204186797142029e-02 5.702757835388183594e-02 3.102272190153598785e-02 2.504231035709381104e-02 1.437609549611806870e-02 1.406945171765983105e-03 3.674222901463508606e-02 2.224145643413066864e-02 1.075056614354252815e-03 8.077370002865791321e-03 2.809589914977550507e-02 2.417627535760402679e-02 5.900878924876451492e-03 4.222753643989562988e-02 3.872086480259895325e-02 2.340313233435153961e-02 4.412039741873741150e-02 3.478430211544036865e-02 4.246445372700691223e-02 2.908766083419322968e-02 3.781808912754058838e-02 1.504158042371273041e-02 2.448227442800998688e-02 3.323663258925080299e-03 5.848374217748641968e-03 5.245834123343229294e-03 4.459891840815544128e-02 7.444397546350955963e-03 3.048694692552089691e-02 4.100503027439117432e-02 4.275581240653991699e-02 3.410136559978127480e-03 9.595279395580291748e-02 1.278172135353088379e-01 3.204863891005516052e-02 6.718223448842763901e-03 2.671513147652149200e-02 6.380844861268997192e-02 4.923364892601966858e-02 2.998340688645839691e-02 1.160643994808197021e-02 5.961322784423828125e-02 5.277926102280616760e-02 4.579897969961166382e-02 5.456761270761489868e-02 3.321483265608549118e-03 4.133706912398338318e-03 1.263616606593132019e-02 4.615979269146919250e-03 2.815598389133810997e-03 9.368018247187137604e-03 2.481964603066444397e-02 7.436904124915599823e-03 1.460065599530935287e-03 6.351596210151910782e-03 4.924862459301948547e-02 6.494271010160446167e-02 1.517477910965681076e-02 5.816196277737617493e-02 8.275162428617477417e-03 1.671263389289379120e-02 2.530000917613506317e-02 3.443721681833267212e-02 5.171402543783187866e-02 4.736031964421272278e-02 5.632515996694564819e-02 2.177866920828819275e-02 2.718108706176280975e-02 3.192577138543128967e-02 3.868832439184188843e-02 1.513689989224076271e-03 4.071258939802646637e-03 3.797088935971260071e-02 6.245980970561504364e-03 3.572023659944534302e-02 6.416249275207519531e-02 3.869186341762542725e-02 2.288069948554039001e-02 5.355371907353401184e-02 1.528905704617500305e-02 7.384783122688531876e-03 1.779528148472309113e-02 4.226332157850265503e-02 9.547742083668708801e-03 4.818143695592880249e-02 4.580034688115119934e-02 1.384392846375703812e-02 1.736165024340152740e-03 2.455759979784488678e-02 1.474366895854473114e-02 1.812956482172012329e-02 5.083708558231592178e-03 1.221579220145940781e-02 1.195240300148725510e-02 4.768213722854852676e-03 3.754476457834243774e-02 4.267957061529159546e-02 3.922962932847440243e-04 2.410008944571018219e-02 9.499958716332912445e-03 1.813765801489353180e-02 1.703310757875442505e-02
2.085610106587409973e-02 5.950175970792770386e-02 3.711622655391693115e-01 1.008661016821861267e-01 2.904043346643447876e-02 4.407609254121780396e-02 4.260809347033500671e-02 4.363100603222846985e-02 4.259078204631805420e-02 3.369137644767761230e-02 3.460297733545303345e-02 6.348819937556982040e-03 5.348185077309608459e-03 3.078969754278659821e-02 1.194918826222419739e-01 4.409503936767578125e-02 1.870206557214260101e-02 2.661499753594398499e-02 1.570401154458522797e-02 2.687340229749679565e-02 2.712882496416568756e-02 4.729153588414192200e-03 7.331836968660354614e-03 7.836166769266128540e-04 3.765248134732246399e-02 7.384732365608215332e-02 8.601044304668903351e-03 5.453251674771308899e-02 2.950690500438213348e-02 3.354166448116302490e-02 2.389272674918174744e-02 2.352798916399478912e-02 9.773290948942303658e-04 2.079364843666553497e-02 4.553263261914253235e-02 3.020632266998291016e-02 5.948399659246206284e-03 1.741478045005351305e-04 6.977253407239913940e-02 6.372273713350296021e-02 7.909141480922698975e-03 2.592707611620426178e-02 3.820897266268730164e-02 2.303843386471271515e-02 3.661825880408287048e-02 2.247917279601097107e-02 8.822306059300899506e-03 2.536251768469810486e-02 2.404525689780712128e-02 3.799023479223251343e-02 3.711606189608573914e-02 2.445742115378379822e-02 1.039287541061639786e-03 7.439336925745010376e-02 2.144530043005943298e-02 2.294948883354663849e-02 2.424043975770473480e-02 5.301858764141798019e-03 1.987883262336254120e-02 5.708715319633483887e-02 4.965519160032272339e-02 5.971721187233924866e-02 5.686717107892036438e-02 4.682220984250307083e-03 4.096328839659690857e-02 7.381255924701690674e-02 2.495140954852104187e-02 3.757149446755647659e-03 5.114845559000968933e-02 4.674075462389737368e-04 1.875166408717632294e-02 9.515704587101936340e-03 1.209990307688713074e-01 1.043598353862762451e-02 6.413215398788452148e-02 3.012641146779060364e-02 2.376796910539269447e-03 3.668789984658360481e-03 2.529436349868774414e-02 1.374908909201622009e-02 2.605476379394531250e-01 1.821237951517105103e-01 2.839639782905578613e-02 9.550557471811771393e-03 6.968013010919094086e-03 2.643162151798605919e-03 1.311708688735961914e-01 3.916675224900245667e-02 2.111569046974182129e-02 3.295181319117546082e-02 1.051820162683725357e-02 1.503874734044075012e-02 2.946224063634872437e-02 1.966194994747638702e-02 1.966028846800327301e-02 1.486206240952014923e-02 6.570236384868621826e-02 6.076074205338954926e-03 6.376240868121385574e-03 7.950013503432273865e-03 4.069527238607406616e-02 2.454896830022335052e-02 1.822830550372600555e-02 6.251921877264976501e-03 4.644626379013061523e-02 7.405731827020645142e-02 5.659448797814548016e-04 5.015384405851364136e-02 5.286772735416889191e-03 4.226446617394685745e-03 5.763253942131996155e-02 4.778372822329401970e-04 3.133122622966766357e-02 2.028896287083625793e-02 2.317939884960651398e-02 5.790290236473083496e-02
1.200746838003396988e-02 2.417681040242314339e-03 1.608756482601165771e-01 2.242050506174564362e-02 1.153827086091041565e-02 7.178459316492080688e-02 6.717782467603683472e-02 4.259078204631805420e-02 1.449156552553176880e-02 1.436917334794998169e-01 1.115599647164344788e-02 6.096003949642181396e-02 2.586398646235466003e-02 5.525913089513778687e-02 5.558524280786514282e-02 1.888749562203884125e-02 8.911199867725372314e-03 1.045964658260345459e-01 5.891646817326545715e-02 6.780072115361690521e-03 1.547106076031923294e-02 3.570910170674324036e-02 5.680799856781959534e-02 3.004741668701171875e-02 7.385653909295797348e-03 4.828605800867080688e-02 3.375248238444328308e-02 2.599708363413810730e-02 4.822822753340005875e-03 3.283062949776649475e-02 9.260330116376280785e-04 6.823495030403137207e-02 7.819864898920059204e-02 5.704091861844062805e-02 6.331349164247512817e-02 2.701803855597972870e-02 1.997980102896690369e-02 3.450472652912139893e-02 6.545513868331909180e-02 8.159888908267021179e-03 2.102165110409259796e-02 1.682750880718231201e-03 2.830616198480129242e-02 6.269926577806472778e-02 4.425893723964691162e-02 2.388059347867965698e-02 2.760266326367855072e-02 2.199370879679918289e-03 5.679335910826921463e-03 1.563210040330886841e-02 6.616738624870777130e-03 4.001102223992347717e-02 3.001420572400093079e-02 4.726260900497436523e-02 8.142064511775970459e-02 8.219666779041290283e-02 1.191692892462015152e-02 1.674336753785610199e-02 7.620620541274547577e-03 2.711189165711402893e-02 8.343802392482757568e-02 2.339058741927146912e-02 5.375184491276741028e-02 5.874197557568550110e-02 1.410844386555254459e-03 3.816135227680206299e-02 1.227074861526489258e-02 5.593300331383943558e-03 5.381169542670249939e-02 2.222685888409614563e-02 2.156802639365196228e-02 5.594320595264434814e-03 1.294347457587718964e-02 3.057704493403434753e-02 4.138578474521636963e-02 5.523110181093215942e-02 1.832671314477920532e-01 1.275931596755981445e-01 9.612933546304702759e-02 2.429602900519967079e-03 3.808913752436637878e-02 1.207217201590538025e-02 1.205883696675300598e-01 8.875763975083827972e-03 1.075726971030235291e-01 5.650022253394126892e-02 4.104400798678398132e-02 2.006887644529342651e-02 5.888412240892648697e-03 5.755652859807014465e-02 2.050338499248027802e-02 2.774141915142536163e-02 9.198443964123725891e-03 2.946222200989723206e-02 1.791478251107037067e-03 5.301079247146844864e-03 2.376628108322620392e-03 1.686376146972179413e-02 1.867068558931350708e-02 2.206115610897541046e-02 3.423603624105453491e-02 4.374587908387184143e-02 2.883918210864067078e-02 9.847132023423910141e-04 5.829282570630311966e-03 2.991001121699810028e-02 1.707828231155872345e-02 2.382474951446056366e-03 4.631988331675529480e-02 3.890295326709747314e-02 1.004771981388330460e-02 1.164569053798913956e-02 1.279875542968511581e-02 1.428002491593360901e-02 3.076049126684665680e-02 1.751044765114784241e-02
3.922261297702789307e-02 1.335764769464731216e-03 4.336594417691230774e-02 3.577739989850670099e-04 8.167327940464019775e-02 5.394786968827247620e-02 6.786924600601196289e-02 3.369137644767761230e-02 1.436917334794998169e-01 5.464711040258407593e-02 2.975750714540481567e-02 1.071866825222969055e-01 3.871273249387741089e-02 5.920839309692382812e-02 1.827279105782508850e-02 4.031370952725410461e-02 4.076711833477020264e-02 7.494454085826873779e-02 7.547657191753387451e-02 1.088689826428890228e-02 4.465076699852943420e-02 2.626970643177628517e-03 4.249691218137741089e-02 3.799295052886009216e-02 5.145211145281791687e-02 5.464062094688415527e-03 1.773325540125370026e-02 3.853080794215202332e-02 7.469456177204847336e-03 3.512565419077873230e-02 4.957676399499177933e-03 5.344305187463760376e-03 7.501798868179321289e-02 3.242430835962295532e-02 2.490260265767574310e-02 5.283412709832191467e-02 3.480017930269241333e-02 4.441706091165542603e-02 7.713225483894348145e-02 8.548288606107234955e-03 4.741678945720195770e-03 3.814131766557693481e-02 1.515061501413583755e-02 8.010394871234893799e-03 3.482311218976974487e-02 3.120893985033035278e-02 7.557559013366699219e-02 1.664514280855655670e-02 4.182462394237518311e-02 1.476235687732696533e-01 3.689799830317497253e-02 4.296183586120605469e-03 6.459096074104309082e-02 8.296019397675991058e-03 8.278067409992218018e-02 1.928917765617370605e-01 5.230392143130302429e-02 1.751901209354400635e-02 7.884924300014972687e-03 1.392386946827173233e-02 1.284260898828506470e-01 7.709155231714248657e-02 1.162688210606575012e-01 4.168793186545372009e-02 2.718829177320003510e-02 2.958689816296100616e-03 1.707800850272178650e-02 1.744218170642852783e-02 7.600539922714233398e-02 7.752936333417892456e-02 1.455717384815216064e-01 2.678902633488178253e-02 3.355168178677558899e-02 7.842468097805976868e-03 7.386756688356399536e-02 3.058371134102344513e-02 2.522890828549861908e-02 2.769042551517486572e-01 1.353229209780693054e-02 1.914230436086654663e-01 3.187554702162742615e-02 4.792489577084779739e-03 8.003729581832885742e-02 6.568808108568191528e-02 2.755502238869667053e-02 3.126311302185058594e-02 3.301649913191795349e-02 2.154742553830146790e-02 9.745460003614425659e-02 2.529723942279815674e-02 6.422582082450389862e-03 2.423525974154472351e-02 6.054315716028213501e-02 1.677878573536872864e-02 6.319339852780103683e-03 4.385693371295928955e-02 3.392108157277107239e-02 4.054829105734825134e-02 4.210111871361732483e-02 4.271261394023895264e-02 2.990232594311237335e-02 2.019653655588626862e-02 6.886365357786417007e-03 1.865426450967788696e-02 1.237325742840766907e-02 3.292318433523178101e-02 2.119063585996627808e-02 2.194088324904441833e-02 1.114301010966300964e-02 1.881136326119303703e-03 2.625430747866630554e-02 3.623903542757034302e-02 5.055763199925422668e-02 2.675588056445121765e-02 2.414157614111900330e-02 5.299341399222612381e-03
2.009694129228591919e-01 1.080054491758346558e-01 5.211262498050928116e-03 1.443712692707777023e-02 1.260206941515207291e-02 9.558358788490295410e-02 8.114521205425262451e-02 3.460297733545303345e-02 1.115599647164344788e-02 2.975750714540481567e-02 1.135483905673027039e-01 2.402213169261813164e-03 1.591596156358718872e-01 5.211076140403747559e-02 4.680032655596733093e-02 1.528709381818771362e-02 1.138153113424777985e-02 1.598573662340641022e-02 1.610591635107994080e-02 2.336238510906696320e-02 1.237526442855596542e-02 9.952981024980545044e-03 9.523572400212287903e-03 1.687377877533435822e-02 1.848347892519086599e-04 4.057804495096206665e-02 2.677713707089424133e-02 7.639392465353012085e-02 3.023510798811912537e-02 1.022851765155792236e-01 5.787663906812667847e-02 1.006703078746795654e-02 4.001059755682945251e-02 6.781783886253833771e-03 6.184972357004880905e-03 3.743474557995796204e-02 6.933232303708791733e-03 1.577700115740299225e-02 2.962115965783596039e-02 3.335666283965110779e-02 2.416043914854526520e-02 1.221634633839130402e-02 1.037212926894426346e-02 6.115717813372612000e-03 8.745335042476654053e-03 1.467681769281625748e-02 1.914527080953121185e-02 2.677872311323881149e-03 4.456590104382485151e-04 2.746934443712234497e-02 2.142810635268688202e-02 8.670509792864322662e-03 5.497065722011029720e-04 2.805469185113906860e-02 6.181488279253244400e-04 1.307993847876787186e-02 2.535767853260040283e-02 3.146404772996902466e-02 7.231368217617273331e-03 1.258139312267303467e-02 1.881256327033042908e-02 3.342905640602111816e-02 3.885748982429504395e-02 2.884369343519210815e-02 9.788984805345535278e-02 8.055049926042556763e-02 8.094688877463340759e-03 8.016369305551052094e-03 4.692895803600549698e-03 1.667386852204799652e-02 9.278303943574428558e-03 2.259419299662113190e-02 2.768484316766262054e-02 3.254197165369987488e-02 4.338281601667404175e-02 4.171889647841453552e-02 1.529064867645502090e-02 6.650523748248815536e-03 5.979007855057716370e-02 5.392489582300186157e-02 2.318663708865642548e-02 6.369894742965698242e-02 7.204449735581874847e-03 1.278962567448616028e-02 4.326241556555032730e-03 2.159174717962741852e-02 2.231327630579471588e-02 2.161506004631519318e-02 5.034130997955799103e-03 4.166242852807044983e-02 1.225888542830944061e-02 9.714873880147933960e-02 4.134238511323928833e-02 3.483423590660095215e-02 4.899907857179641724e-02 1.452467031776905060e-02 7.673542946577072144e-02 1.851236447691917419e-02 7.736699283123016357e-02 4.107813537120819092e-02 1.106224767863750458e-02 1.853138208389282227e-02 6.392505485564470291e-03 1.638271287083625793e-02 9.134570136666297913e-03 6.533595733344554901e-03 2.522363886237144470e-02 4.711868241429328918e-02 5.026701092720031738e-02 5.230120196938514709e-02 2.243654569610953331e-03 3.168613184243440628e-03 1.554291974753141403e-02 4.031113535165786743e-02 4.999879002571105957e-02 5.334748700261116028e-02
1.903037540614604950e-02 7.201316952705383301e-02 7.063008099794387817e-02 6.498157232999801636e-02 5.913902446627616882e-02 2.087858738377690315e-03 6.687647849321365356e-02 6.348819937556982040e-03 6.096003949642181396e-02 1.071866825222969055e-01 2.402213169261813164e-03 3.811445087194442749e-02 3.759685205295681953e-04 2.235540896654129028e-01 6.205936893820762634e-02 2.344525791704654694e-02 5.195075273513793945e-02 4.131370782852172852e-02 4.291568323969841003e-02 3.526713000610470772e-03 1.226553041487932205e-02 7.198212295770645142e-02 6.762780249118804932e-02 7.119870930910110474e-02 5.853644572198390961e-03 4.997195303440093994e-02 3.322136774659156799e-02 1.630219519138336182e-01 8.674175478518009186e-03 1.189740598201751709e-01 3.258529677987098694e-02 2.376849204301834106e-02 3.497794270515441895e-02 8.875467628240585327e-02 4.977556690573692322e-02 5.811502784490585327e-02 6.972919404506683350e-02 6.028796732425689697e-02 1.717295497655868530e-02 2.321696467697620392e-02 5.459690466523170471e-02 1.322825066745281219e-02 1.950274221599102020e-02 4.221112653613090515e-02 8.970888704061508179e-02 4.189292341470718384e-02 2.280401997268199921e-02 4.631238430738449097e-02 1.310308724641799927e-01 6.475452333688735962e-02 2.441498450934886932e-02 3.660578280687332153e-02 3.416760265827178955e-02 5.184519570320844650e-03 7.043492048978805542e-02 7.605083286762237549e-02 2.439025416970252991e-02 5.533637478947639465e-02 6.070434302091598511e-02 4.418095573782920837e-02 2.710953913629055023e-02 1.277136206626892090e-01 2.883221954107284546e-02 2.300200052559375763e-02 5.067035090178251266e-03 3.822584077715873718e-02 1.656594313681125641e-02 1.175421103835105896e-02 5.595237016677856445e-02 4.208651930093765259e-02 4.044855013489723206e-02 2.698347344994544983e-02 2.896782942116260529e-02 6.955035775899887085e-02 4.174844548106193542e-02 2.784329699352383614e-03 5.067577585577964783e-02 7.996686547994613647e-02 6.490343809127807617e-02 3.119815327227115631e-02 1.195899695158004761e-01 3.246881812810897827e-02 5.114219337701797485e-02 4.409082233905792236e-03 4.183968901634216309e-02 6.376910954713821411e-03 7.140518724918365479e-02 3.999215364456176758e-02 5.698742717504501343e-02 3.312135115265846252e-03 2.623561210930347443e-02 7.278809696435928345e-02 5.336271226406097412e-02 1.264869701117277145e-02 3.720386698842048645e-02 5.166056100279092789e-03 9.292564541101455688e-02 4.806797020137310028e-03 6.660797446966171265e-02 4.266272485256195068e-02 3.261908516287803650e-02 1.253303419798612595e-02 2.598459599539637566e-03 4.631793498992919922e-02 5.689575150609016418e-02 4.514062777161598206e-02 3.566839173436164856e-02 3.624197840690612793e-02 2.152528800070285797e-02 4.006900638341903687e-02 5.900328606367111206e-02 2.297662198543548584e-02 3.215158730745315552e-02 4.064091667532920837e-02 2.141992002725601196e-02 4.533454403281211853e-02
1.208783313632011414e-01 1.740303188562393188e-01 7.197134196758270264e-02 1.132107712328433990e-02 1.432572584599256516e-02 5.391373857855796814e-02 4.839805513620376587e-02 5.348185077309608459e-03 2.586398646235466003e-02 3.871273249387741089e-02 1.591596156358718872e-01 3.759685205295681953e-04 1.254618912935256958e-01 7.886741310358047485e-03 5.922570079565048218e-02 2.366084791719913483e-02 2.252418920397758484e-02 4.003748297691345215e-03 2.184545993804931641e-02 1.839738711714744568e-02 2.765754610300064087e-02 4.157849773764610291e-02 4.315403476357460022e-02 1.044790260493755341e-03 2.888612635433673859e-02 5.344335921108722687e-03 2.736982889473438263e-02 7.371233776211738586e-03 4.193657077848911285e-03 1.286485465243458748e-03 9.597682952880859375e-02 1.737537793815135956e-02 6.264466792345046997e-03 2.989152260124683380e-02 2.380172163248062134e-02 5.917640402913093567e-02 4.953965544700622559e-02 1.899394579231739044e-02 6.032295990735292435e-03 1.949635520577430725e-02 2.866457775235176086e-02 1.469504833221435547e-02 4.247147962450981140e-02 1.590542122721672058e-02 2.603425271809101105e-02 3.462919220328330994e-02 2.586070820689201355e-02 2.814950235188007355e-02 2.483220957219600677e-02 3.871928155422210693e-02 1.837651059031486511e-02 4.363140836358070374e-02 1.118783839046955109e-02 2.441413328051567078e-02 7.412842661142349243e-02 3.269448503851890564e-02 3.532267361879348755e-02 2.277167700231075287e-02 2.504015713930130005e-02 3.139714524149894714e-02 5.430754274129867554e-03 1.980556175112724304e-03 2.550048055127263069e-03 6.457581371068954468e-02 2.573947049677371979e-02 1.043416410684585571e-01 4.778006696142256260e-04 1.967875286936759949e-03 2.375699952244758606e-02 2.936118980869650841e-03 1.812063157558441162e-02 4.936312511563301086e-02 3.323665121570229530e-03 2.723328955471515656e-02 2.452166192233562469e-02 3.172436729073524475e-02 1.906956359744071960e-02 5.977112334221601486e-03 1.012051105499267578e-02 4.456350207328796387e-02 6.617833673954010010e-02 5.848008021712303162e-02 4.153751954436302185e-02 2.179128490388393402e-02 3.582330420613288879e-03 3.676756052300333977e-03 3.423541039228439331e-02 7.286357879638671875e-02 2.410349063575267792e-02 2.715234272181987762e-02 5.285710562020540237e-03 7.725910842418670654e-02 2.098728530108928680e-02 2.405706606805324554e-02 3.337058052420616150e-02 2.885869331657886505e-02 4.887970164418220520e-02 4.893098026514053345e-02 7.024567574262619019e-02 5.968526005744934082e-02 5.616436898708343506e-02 1.297968905419111252e-02 4.195141606032848358e-03 1.257665827870368958e-02 2.023141831159591675e-02 1.088631805032491684e-03 6.001167371869087219e-02 6.401288509368896484e-02 3.081908263266086578e-02 3.984412644058465958e-03 4.015846550464630127e-02 7.412596791982650757e-02 1.695757918059825897e-02 3.584590181708335876e-02 1.252904441207647324e-02 5.956362560391426086e-02
