2.368670701980590820e-01 1.106821969151496887e-01 1.066527515649795532e-02 4.569885134696960449e-02 4.396060854196548462e-02 7.272906601428985596e-02 4.754820093512535095e-02 8.183685131371021271e-04 1.252762414515018463e-02 1.624700613319873810e-02 5.199748277664184570e-02 1.369872875511646271e-02 4.978947713971138000e-02 1.127748284488916397e-02 1.745851524174213409e-02 7.698776666074991226e-03 1.078087929636240005e-02 1.821629703044891357e-02 1.370552182197570801e-02 2.293420210480690002e-02 4.181168973445892334e-02 3.548372164368629456e-02 3.176165279000997543e-03 1.590531319379806519e-02 2.391558699309825897e-02 4.605200607329607010e-03 2.752404846251010895e-02 4.172887280583381653e-02 9.525555185973644257e-03 3.539829701185226440e-02 4.079749807715415955e-03 2.459593862295150757e-02 4.713064990937709808e-03 5.860240384936332703e-02 3.227612376213073730e-02 7.477220147848129272e-02 4.688104242086410522e-02 3.135397657752037048e-02 2.976267598569393158e-03 4.477088898420333862e-02 7.255174964666366577e-02 2.207726053893566132e-02 1.969746872782707214e-02 1.175277866423130035e-03 2.637462504208087921e-02 8.297783322632312775e-03 4.634840413928031921e-02 3.303996473550796509e-02 2.970661967992782593e-02 3.268367424607276917e-02 1.918519265018403530e-03 2.676164358854293823e-02 4.370813071727752686e-02 2.884070202708244324e-02 3.505138307809829712e-02 2.734543383121490479e-02 1.919614151120185852e-02 8.473769761621952057e-03 4.414458200335502625e-02 6.787771359086036682e-03 1.406659092754125595e-02 4.403139650821685791e-02 7.252512965351343155e-03 3.579998016357421875e-02 1.922605745494365692e-02 1.985484734177589417e-02 6.773098837584257126e-03 1.213160529732704163e-02 2.584008872509002686e-02 1.462064776569604874e-02 2.961765229701995850e-02 3.265305608510971069e-02 4.746188875287771225e-03 1.299391221255064011e-02 3.686010837554931641e-02 2.048867009580135345e-02 3.542263526469469070e-03 2.769421972334384918e-02 6.764977239072322845e-03 2.771508321166038513e-02 2.160021290183067322e-02 4.135121777653694153e-02 3.633724153041839600e-02 3.250978514552116394e-02 5.696566309779882431e-03 5.864192917943000793e-02 2.513615787029266357e-02 7.419356144964694977e-03 5.296254158020019531e-02 8.083562552928924561e-02 1.414212398231029510e-02 3.195527195930480957e-02 1.275126170367002487e-02 3.232631459832191467e-02 2.084569446742534637e-02 3.941057622432708740e-02 4.002433735877275467e-03 1.031294232234358788e-03 2.606794424355030060e-02 8.128681220114231110e-03 1.167402788996696472e-02 1.837569102644920349e-02 1.508601848036050797e-02 4.300454165786504745e-03 2.940552867949008942e-02 1.885716803371906281e-03 2.859728410840034485e-02 5.680284462869167328e-03 6.296418607234954834e-02 3.312212880700826645e-03 2.766916342079639435e-02 1.185833197087049484e-02 4.757395945489406586e-03 5.325825419276952744e-03 2.775248140096664429e-02 3.520451486110687256e-02
1.106821969151496887e-01 2.311871051788330078e-01 1.826781593263149261e-02 3.412072360515594482e-02 5.150422919541597366e-03 6.723053753376007080e-02 5.950362607836723328e-02 1.685708761215209961e-02 1.853470318019390106e-02 1.141828112304210663e-02 5.377234145998954773e-02 6.053529214113950729e-03 6.549005955457687378e-02 3.322386741638183594e-02 6.153823807835578918e-03 1.236333884298801422e-02 4.719427786767482758e-03 1.363287866115570068e-02 2.109737321734428406e-02 4.373359680175781250e-02 5.061500892043113708e-02 3.226910904049873352e-02 1.982550509274005890e-02 3.039218671619892120e-02 2.639532089233398438e-02 9.995882399380207062e-03 1.823495700955390930e-02 1.063372194766998291e-02 1.053248811513185501e-02 2.124521695077419281e-02 8.107722736895084381e-03 3.414745256304740906e-02 2.530127950012683868e-02 4.770987853407859802e-02 1.129780150949954987e-02 5.458994209766387939e-02 2.629251033067703247e-02 3.327380120754241943e-02 1.242500077933073044e-02 3.168879076838493347e-02 8.597965538501739502e-02 2.008341625332832336e-02 2.780164033174514771e-02 9.274578653275966644e-03 2.675571106374263763e-02 8.298597298562526703e-03 3.836098313331604004e-02 4.540755227208137512e-02 4.361018165946006775e-02 3.767445310950279236e-02 6.442672573029994965e-03 3.622360527515411377e-02 4.766017943620681763e-02 2.590919472277164459e-02 6.750284694135189056e-03 3.151571750640869141e-02 7.221248932182788849e-03 2.805368602275848389e-02 1.740240678191184998e-02 3.102852404117584229e-02 6.279685534536838531e-03 6.128502264618873596e-02 1.882584579288959503e-02 4.586227983236312866e-02 1.255842112004756927e-02 1.974027790129184723e-02 1.318528875708580017e-02 1.759514957666397095e-02 2.762976102530956268e-02 1.948383823037147522e-02 1.740253902971744537e-02 3.264712914824485779e-02 2.890119887888431549e-02 9.043945930898189545e-03 2.282786183059215546e-02 1.084119360893964767e-02 2.317365026101469994e-03 9.844491258263587952e-03 2.187094837427139282e-02 4.196609184145927429e-02 1.271267421543598175e-02 3.507393598556518555e-02 1.417138893157243729e-02 2.349334582686424255e-02 5.815005395561456680e-03 5.042834952473640442e-02 1.315412670373916626e-02 9.304291568696498871e-03 5.622537806630134583e-02 8.123413473367691040e-02 1.763683930039405823e-02 3.455909714102745056e-02 3.001216053962707520e-02 4.018262028694152832e-02 2.506125904619693756e-02 5.441297218203544617e-02 5.849117878824472427e-03 3.106555668637156487e-04 1.832173950970172882e-02 1.223476789891719818e-02 1.813594135455787182e-03 2.104398794472217560e-02 2.488335222005844116e-02 5.844274070113897324e-03 3.214677423238754272e-02 1.348538906313478947e-03 4.962950944900512695e-02 2.400570549070835114e-02 5.500451847910881042e-02 4.654768388718366623e-03 3.746370971202850342e-02 1.782929990440607071e-03 1.633557863533496857e-02 2.125005796551704407e-02 3.048438020050525665e-02 2.613787911832332611e-02
1.066527515649795532e-02 1.826781593263149261e-02 2.307084947824478149e-01 1.824444718658924103e-02 3.392841666936874390e-02 3.019831143319606781e-02 7.584634236991405487e-03 2.418764084577560425e-01 3.362278640270233154e-02 2.183619514107704163e-02 1.406001299619674683e-02 3.928125649690628052e-02 2.571915648877620697e-02 2.955558523535728455e-02 1.061902847141027451e-02 3.768124058842658997e-02 8.980674669146537781e-03 1.804234273731708527e-02 1.328046061098575592e-02 4.054317250847816467e-02 2.022387692704796791e-03 3.951007674913853407e-04 1.418159715831279755e-02 8.743624202907085419e-03 1.306289341300725937e-02 8.611617609858512878e-03 7.339187711477279663e-02 7.461077719926834106e-02 2.009703405201435089e-02 3.411812335252761841e-02 3.383221570402383804e-03 3.078848496079444885e-02 4.682990908622741699e-02 2.218292653560638428e-02 3.403536975383758545e-02 8.494470268487930298e-03 3.230753540992736816e-02 6.445050239562988281e-02 4.274452105164527893e-02 1.493091601878404617e-02 8.427645266056060791e-02 2.514123171567916870e-02 5.899732187390327454e-02 1.547189652919769287e-01 3.008676506578922272e-02 4.421967267990112305e-02 3.521725162863731384e-02 8.471202105283737183e-03 5.215748399496078491e-02 1.235895045101642609e-02 4.046264663338661194e-02 1.754224300384521484e-02 1.581230759620666504e-02 8.129740506410598755e-02 1.920846849679946899e-02 8.850160986185073853e-03 6.258600391447544098e-03 3.178846836090087891e-02 5.288175120949745178e-02 6.108285114169120789e-02 3.315519541501998901e-02 9.479025006294250488e-02 8.214124292135238647e-02 2.086996287107467651e-02 1.337083429098129272e-02 1.508855819702148438e-02 4.926511552184820175e-03 1.361485943198204041e-02 2.827755361795425415e-02 1.488718483597040176e-02 4.360078275203704834e-02 2.383460104465484619e-02 7.887183129787445068e-02 5.205398425459861755e-03 4.460720717906951904e-02 6.288800854235887527e-03 1.901466771960258484e-02 8.875877596437931061e-03 3.270188719034194946e-02 3.370298445224761963e-02 2.733187079429626465e-01 5.223350226879119873e-02 2.907718159258365631e-02 7.290498167276382446e-02 3.531558811664581299e-02 3.954399377107620239e-02 4.399045929312705994e-02 1.465923152863979340e-02 5.169151350855827332e-02 3.941196203231811523e-02 1.656327769160270691e-02 2.667092904448509216e-02 2.781101735308766365e-03 2.421321906149387360e-02 3.403519466519355774e-02 7.502718362957239151e-03 2.077840082347393036e-02 1.581904664635658264e-02 1.105750724673271179e-02 2.871129289269447327e-02 2.137576602399349213e-02 3.660382470116019249e-03 1.638184534385800362e-03 3.317053243517875671e-02 4.532058537006378174e-02 7.697278261184692383e-02 2.516959793865680695e-02 2.462448738515377045e-02 3.423848887905478477e-03 3.709620982408523560e-02 4.164063185453414917e-02 2.196726575493812561e-02 3.144573420286178589e-02 3.475831076502799988e-02 3.056221641600131989e-02 7.202769815921783447e-02
4.569885134696960449e-02 3.412072360515594482e-02 1.824444718658924103e-02 2.408704310655593872e-01 1.116783842444419861e-01 3.299463074654340744e-03 9.717347100377082825e-03 8.801102638244628906e-03 1.502307597547769547e-02 3.448565304279327393e-02 1.167748961597681046e-02 6.003775075078010559e-02 1.365621201694011688e-02 1.141081377863883972e-02 3.653181716799736023e-02 7.322699762880802155e-03 6.201812531799077988e-03 1.557515468448400497e-02 1.580065302550792694e-02 1.452555414289236069e-02 1.030202209949493408e-02 1.017249561846256256e-02 2.500797249376773834e-02 7.499997504055500031e-03 3.289283812046051025e-02 2.301223389804363251e-02 2.126667881384491920e-03 6.384850293397903442e-02 2.165728248655796051e-02 9.679947793483734131e-02 1.106490753591060638e-02 1.142220292240381241e-02 7.121580839157104492e-02 4.247395694255828857e-02 1.327552739530801773e-02 1.424164026975631714e-01 7.227701693773269653e-02 2.330175228416919708e-02 1.644489169120788574e-01 8.496887981891632080e-03 2.620296366512775421e-02 1.278667431324720383e-02 6.995482835918664932e-03 6.505076587200164795e-02 4.243551939725875854e-02 2.981543354690074921e-02 3.129091113805770874e-02 3.342870250344276428e-02 7.259782869368791580e-04 2.245934493839740753e-02 2.436052821576595306e-02 2.268077991902828217e-02 5.266356840729713440e-02 3.467977792024612427e-02 2.715352550148963928e-02 1.926393993198871613e-02 5.257403478026390076e-02 3.804627060890197754e-02 6.519290804862976074e-02 2.778408862650394440e-02 1.166671235114336014e-02 8.963329717516899109e-03 1.919636502861976624e-02 6.104918569326400757e-02 4.854764416813850403e-02 2.803173102438449860e-02 2.269696444272994995e-02 1.772048883140087128e-02 5.341238901019096375e-02 1.629688590764999390e-02 6.335893273353576660e-02 2.528936229646205902e-02 3.292662731837481260e-04 9.843383915722370148e-03 4.009043797850608826e-02 2.043082192540168762e-02 2.707839384675025940e-02 2.380758523941040039e-03 2.461106143891811371e-02 2.877511549741029739e-03 3.104131668806076050e-02 3.081123344600200653e-02 1.382939219474792480e-01 1.018796931020915508e-03 4.500892758369445801e-02 1.136915571987628937e-02 1.841855235397815704e-02 2.811779826879501343e-02 6.173662468791007996e-02 2.139798924326896667e-02 2.537191146984696388e-03 1.800188608467578888e-02 1.724766381084918976e-02 2.068550139665603638e-02 5.119373090565204620e-03 4.404660314321517944e-02 1.321423053741455078e-02 3.548269718885421753e-02 3.129518404603004456e-02 6.146932020783424377e-03 6.477487087249755859e-02 3.514609113335609436e-02 1.843861863017082214e-02 3.737836144864559174e-03 3.637389466166496277e-02 2.796578779816627502e-02 9.776709228754043579e-02 3.157710656523704529e-02 4.973626881837844849e-02 3.519216552376747131e-02 3.853030130267143250e-02 2.244372479617595673e-02 1.737016998231410980e-02 3.684886032715439796e-03 1.123548950999975204e-02 3.895738720893859863e-02
4.396060854196548462e-02 5.150422919541597366e-03 3.392841666936874390e-02 1.116783842444419861e-01 2.540584802627563477e-01 5.300654843449592590e-02 5.842254031449556351e-03 7.791300863027572632e-02 8.701308630406856537e-03 2.244837023317813873e-02 2.226750925183296204e-02 1.275165751576423645e-02 1.275897584855556488e-02 1.811285386793315411e-03 6.102039944380521774e-03 9.381414204835891724e-02 7.887286692857742310e-02 2.837278693914413452e-02 9.500764310359954834e-02 7.951544970273971558e-02 3.153359517455101013e-02 4.307345300912857056e-02 1.917511969804763794e-02 2.229174412786960602e-02 9.453479200601577759e-03 1.881323568522930145e-02 2.914376370608806610e-02 7.189070805907249451e-03 1.557663362473249435e-02 3.976358100771903992e-02 8.495969697833061218e-03 2.158304490149021149e-02 6.319098174571990967e-02 5.367862805724143982e-02 2.515991963446140289e-02 3.024363145232200623e-02 2.863650908693671227e-03 2.783133648335933685e-02 9.954573959112167358e-02 2.498917430639266968e-01 1.325085945427417755e-02 1.664852909743785858e-02 8.996573276817798615e-03 1.955249905586242676e-02 4.677340388298034668e-02 2.484847791492938995e-02 1.856537908315658569e-02 2.106359414756298065e-02 5.099211633205413818e-02 4.306251183152198792e-02 1.741542248055338860e-03 2.386113256216049194e-02 5.264947190880775452e-03 6.804978847503662109e-02 4.493023827672004700e-02 3.595732152462005615e-02 2.890014089643955231e-02 5.430310592055320740e-02 4.225760325789451599e-02 1.039363443851470947e-02 4.018205776810646057e-02 3.750729188323020935e-02 1.089438330382108688e-03 2.739567495882511139e-02 3.796773031353950500e-02 3.289237618446350098e-03 4.279423505067825317e-02 1.329290959984064102e-02 3.368945419788360596e-02 1.103244815021753311e-02 5.138781294226646423e-02 8.645930327475070953e-03 9.261744469404220581e-02 2.592742815613746643e-02 1.592283546924591064e-01 7.151471450924873352e-03 2.970651164650917053e-02 5.107108876109123230e-02 7.584320846945047379e-03 8.476474322378635406e-03 3.956560790538787842e-02 3.777007013559341431e-02 1.674966663122177124e-01 1.668289601802825928e-01 8.701818063855171204e-03 1.113490667194128036e-02 2.892123907804489136e-02 2.111665159463882446e-02 3.602291643619537354e-02 4.187698289752006531e-02 1.470362395048141479e-02 3.131046891212463379e-02 3.488036803901195526e-03 3.085925057530403137e-02 3.533620014786720276e-02 6.718654930591583252e-02 2.769426628947257996e-02 7.592034060508012772e-03 2.793969959020614624e-02 2.419150806963443756e-02 3.689236566424369812e-02 1.334849651902914047e-02 2.868278324604034424e-02 2.326469635590910912e-03 4.442071914672851562e-02 2.202773280441761017e-02 1.149131730198860168e-02 6.791565567255020142e-03 4.133071005344390869e-02 3.571893647313117981e-02 3.932568058371543884e-02 8.457922958768904209e-04 3.067119605839252472e-02 1.208380796015262604e-02 1.758502796292304993e-02 3.894065273925662041e-03
7.272906601428985596e-02 6.723053753376007080e-02 3.019831143319606781e-02 3.299463074654340744e-03 5.300654843449592590e-02 2.183844745159149170e-01 8.573298901319503784e-02 2.155414409935474396e-02 7.744587957859039307e-03 8.594891056418418884e-03 3.924948349595069885e-02 9.186674654483795166e-02 4.616229981184005737e-02 9.534660726785659790e-02 1.011249981820583344e-02 3.078205045312643051e-03 8.015818893909454346e-04 2.669377019628882408e-03 4.300191998481750488e-02 2.280836366117000580e-02 4.515608400106430054e-02 2.856091223657131195e-02 6.681853905320167542e-03 9.954355657100677490e-03 3.168582543730735779e-02 3.134834021329879761e-02 6.239239126443862915e-03 5.727240443229675293e-02 2.030766569077968597e-02 6.879962235689163208e-02 2.963633509352803230e-03 1.194301247596740723e-02 2.914967015385627747e-02 6.776566803455352783e-02 1.863851910457015038e-03 9.503864683210849762e-03 2.572112483903765678e-03 1.831105165183544159e-02 1.134473923593759537e-02 2.886803634464740753e-02 1.323752012103796005e-02 3.318386524915695190e-02 3.870476409792900085e-02 5.184699594974517822e-02 3.872097656130790710e-02 9.804093278944492340e-03 8.352389186620712280e-02 5.381985753774642944e-02 2.160871401429176331e-02 3.488834481686353683e-03 3.964609466493129730e-03 1.376815512776374817e-02 2.227795077487826347e-03 2.281867340207099915e-02 2.478020451962947845e-02 6.813958752900362015e-03 4.237918555736541748e-02 3.163412585854530334e-02 1.311426050961017609e-03 3.081249818205833435e-02 2.365426532924175262e-02 1.365908700972795486e-02 4.419825226068496704e-02 5.370807275176048279e-02 3.504398465156555176e-02 2.680454403162002563e-02 5.707459524273872375e-03 1.668842323124408722e-02 6.425895728170871735e-03 1.258352678269147873e-02 2.204001415520906448e-03 1.799176819622516632e-02 1.330237719230353832e-03 2.274808660149574280e-02 2.267993986606597900e-02 5.995085928589105606e-03 7.164543960243463516e-03 2.202354837208986282e-03 2.662379667162895203e-02 4.122553393244743347e-02 1.566309295594692230e-02 1.599308568984270096e-03 7.443886250257492065e-03 1.172333490103483200e-02 2.048797719180583954e-02 9.792661294341087341e-03 1.044923532754182816e-02 2.934074401855468750e-02 6.972054392099380493e-02 3.167471662163734436e-02 3.657014667987823486e-02 2.786273322999477386e-02 3.474481776356697083e-02 3.722267597913742065e-02 7.306606974452733994e-03 7.223201100714504719e-04 1.017448958009481430e-02 3.933296538889408112e-03 3.267072513699531555e-02 1.345265470445156097e-02 1.859599910676479340e-02 1.832662848755717278e-03 1.494651567190885544e-02 2.144893445074558258e-02 9.332924149930477142e-03 3.357089299242943525e-04 4.041665419936180115e-02 1.087762881070375443e-02 6.092823296785354614e-02 5.948967766016721725e-03 2.673607505857944489e-02 7.001536898314952850e-03 1.096619199961423874e-02 1.979693770408630371e-02 1.076403725892305374e-02 5.578567273914813995e-03
4.754820093512535095e-02 5.950362607836723328e-02 7.584634236991405487e-03 9.717347100377082825e-03 5.842254031449556351e-03 8.573298901319503784e-02 2.320081740617752075e-01 2.231870591640472412e-02 5.764248780906200409e-03 3.799611702561378479e-02 3.444824740290641785e-02 4.436237365007400513e-02 3.915477171540260315e-02 6.363081932067871094e-02 7.928933948278427124e-03 1.671551540493965149e-02 9.390738792717456818e-03 1.955741085112094879e-02 2.253104746341705322e-02 3.688365593552589417e-02 4.485784098505973816e-02 1.779380068182945251e-02 3.070080420002341270e-03 2.699169144034385681e-02 1.252377964556217194e-02 2.540018223226070404e-02 4.307760857045650482e-03 5.860067903995513916e-02 2.264078147709369659e-02 4.729697480797767639e-02 3.791780024766921997e-02 1.565936766564846039e-02 3.368335589766502380e-02 2.817014604806900024e-02 2.635451406240463257e-02 5.563362501561641693e-03 1.483445987105369568e-02 2.611392410472035408e-03 1.981775090098381042e-02 1.097371242940425873e-02 3.898948431015014648e-02 3.820948535576462746e-03 2.924193628132343292e-02 2.914799191057682037e-02 1.097036153078079224e-02 2.205107547342777252e-02 7.123872637748718262e-02 8.554197847843170166e-02 1.943114213645458221e-02 7.603548932820558548e-03 4.423574544489383698e-03 7.735760416835546494e-03 1.655133627355098724e-02 3.109524399042129517e-02 4.855840001255273819e-03 7.148165721446275711e-03 1.509873312897980213e-03 1.972871087491512299e-02 2.962668240070343018e-02 2.065325342118740082e-02 2.210524119436740875e-02 6.080095097422599792e-02 4.305764567106962204e-03 1.251353533007204533e-03 7.276083808392286301e-03 1.010173466056585312e-02 5.254837218672037125e-03 2.692050859332084656e-02 5.307403858751058578e-03 1.763569749891757965e-02 4.898548126220703125e-03 2.273213304579257965e-02 4.249000176787376404e-02 1.266823429614305496e-02 2.972488850355148315e-02 1.071306783705949783e-02 7.947748526930809021e-03 2.001494728028774261e-02 1.351062790490686893e-03 3.882633894681930542e-02 5.741186905652284622e-03 1.079750433564186096e-02 2.360795810818672180e-02 4.072690010070800781e-02 1.021605078130960464e-02 4.869608208537101746e-03 1.050713658332824707e-02 1.371270231902599335e-02 1.445331959985196590e-03 7.873325794935226440e-02 4.014389216899871826e-02 2.281472273170948029e-02 4.875254631042480469e-02 2.146467380225658417e-02 1.892127213068306446e-03 2.024411223828792572e-02 6.722678896039724350e-03 1.187483593821525574e-02 3.833968890830874443e-03 1.963817281648516655e-03 4.856698960065841675e-02 1.914877630770206451e-02 1.910384558141231537e-02 1.949948258697986603e-02 4.056380130350589752e-03 8.806433528661727905e-03 6.892711669206619263e-02 9.653001092374324799e-03 1.840512454509735107e-02 8.242369629442691803e-03 2.721367217600345612e-02 5.823551677167415619e-03 9.178820997476577759e-03 2.423636987805366516e-02 1.512328349053859711e-02 1.042605144903063774e-03
8.183685131371021271e-04 1.685708761215209961e-02 2.418764084577560425e-01 8.801102638244628906e-03 7.791300863027572632e-02 2.155414409935474396e-02 2.231870591640472412e-02 2.207437604665756226e-01 3.268771991133689880e-02 3.743563219904899597e-02 2.476479858160018921e-03 2.687933668494224548e-02 1.288941479288041592e-03 1.541351247578859329e-02 4.693253710865974426e-02 1.387680415064096451e-02 2.094608731567859650e-02 2.337219379842281342e-02 2.700874768197536469e-02 9.290334582328796387e-02 1.353032235056161880e-02 2.526930533349514008e-03 1.387122366577386856e-02 2.743791416287422180e-02 4.550438001751899719e-02 2.925080806016921997e-02 2.104809274896979332e-03 2.549435384571552277e-02 6.061790976673364639e-03 4.373082146048545837e-02 4.577709361910820007e-02 6.154294312000274658e-02 4.385503940284252167e-03 1.178449485450983047e-03 8.221590542234480381e-04 5.132545903325080872e-02 2.569439634680747986e-02 3.830868005752563477e-02 7.179615646600723267e-02 1.642218828201293945e-01 2.936096116900444031e-02 2.426649816334247589e-02 8.658314123749732971e-03 3.521064529195427895e-03 7.550580892711877823e-03 3.712325543165206909e-02 8.617226034402847290e-03 5.578791722655296326e-02 2.730287052690982819e-02 2.068702364340424538e-03 1.629749126732349396e-02 1.889076828956604004e-02 6.013001501560211182e-02 6.023094803094863892e-02 2.060835948213934898e-03 4.753454774618148804e-02 4.842265695333480835e-02 1.567428931593894958e-03 1.793660782277584076e-02 5.064539611339569092e-02 1.020425837486982346e-02 1.159488223493099213e-03 1.452144980430603027e-02 1.428973861038684845e-02 1.215593516826629639e-02 7.767508737742900848e-03 4.367576166987419128e-02 1.460236590355634689e-02 1.216811686754226685e-02 1.011611893773078918e-02 1.005783397704362869e-02 1.620237901806831360e-02 3.037063218653202057e-02 4.668222740292549133e-02 6.486438959836959839e-02 5.468886718153953552e-02 7.692876271903514862e-03 4.792508482933044434e-02 9.716712869703769684e-03 4.632192477583885193e-02 2.070077806711196899e-01 3.079462237656116486e-02 1.313008833676576614e-02 7.777853868901729584e-03 6.687624007463455200e-02 2.416601032018661499e-02 4.038181528449058533e-02 3.169504553079605103e-02 1.830299012362957001e-02 2.112980559468269348e-02 8.401667582802474499e-04 7.062721531838178635e-03 1.281371526420116425e-02 1.429510768502950668e-02 9.494244121015071869e-03 1.904650963842868805e-02 1.916850730776786804e-02 2.755024284124374390e-02 6.230131536722183228e-02 2.598316222429275513e-02 2.866186201572418213e-02 1.656050421297550201e-02 1.917536929249763489e-02 3.330658376216888428e-02 5.068883299827575684e-02 1.049899589270353317e-02 9.775712154805660248e-03 2.418455481529235840e-02 1.209080591797828674e-02 4.403592087328433990e-03 7.839968428015708923e-03 1.194754615426063538e-02 2.456958405673503876e-03 1.539466157555580139e-02 1.260474920272827148e-01 1.229722052812576294e-01
1.252762414515018463e-02 1.853470318019390106e-02 3.362278640270233154e-02 1.502307597547769547e-02 8.701308630406856537e-03 7.744587957859039307e-03 5.764248780906200409e-03 3.268771991133689880e-02 2.331011593341827393e-01 3.867393359541893005e-02 1.845629420131444931e-03 3.059579059481620789e-02 4.503615491557866335e-04 2.319422317668795586e-03 3.539799898862838745e-02 1.554797682911157608e-02 1.695116423070430756e-02 5.217991396784782410e-02 2.697913721203804016e-02 4.999231174588203430e-02 8.184259757399559021e-03 3.539089486002922058e-02 1.322892401367425919e-02 6.894905818626284599e-04 9.778735227882862091e-03 2.391656301915645599e-02 2.785358950495719910e-02 3.376664966344833374e-02 1.132059376686811447e-02 1.626731082797050476e-02 1.078203786164522171e-02 2.051674947142601013e-02 1.597987301647663116e-02 1.299095991998910904e-02 2.257187664508819580e-02 4.592829849570989609e-03 4.320632200688123703e-03 1.916264742612838745e-02 1.467848941683769226e-02 3.221796127036213875e-03 7.043957244604825974e-03 6.197311729192733765e-02 6.828871089965105057e-03 1.880887709558010101e-02 4.514013230800628662e-02 8.720109239220619202e-03 8.618248975835740566e-04 6.622156128287315369e-03 6.274151057004928589e-02 2.068345621228218079e-02 1.919808983802795410e-02 2.490844763815402985e-02 3.168601542711257935e-02 3.984531387686729431e-02 4.894257336854934692e-02 2.544831670820713043e-02 3.685101121664047241e-02 4.050118476152420044e-02 1.228973455727100372e-02 1.094057969748973846e-02 3.518623486161231995e-02 3.303616121411323547e-02 6.615458987653255463e-04 3.470989316701889038e-02 1.399917714297771454e-02 1.452993601560592651e-02 1.589515618979930878e-02 1.704625412821769714e-02 3.652306273579597473e-02 1.998000964522361755e-02 3.897453844547271729e-02 2.728195860981941223e-02 2.242973633110523224e-02 1.070197112858295441e-02 3.175309300422668457e-02 2.687126584351062775e-02 1.324738115072250366e-01 5.624046549201011658e-02 9.126272797584533691e-02 2.908635139465332031e-02 4.574283212423324585e-02 1.575214974582195282e-02 6.193232163786888123e-02 4.139735549688339233e-02 1.843070238828659058e-02 1.172578521072864532e-02 5.842813290655612946e-03 2.990548871457576752e-02 1.032584905624389648e-02 3.227456286549568176e-02 2.538212016224861145e-02 1.447750534862279892e-02 9.569355286657810211e-03 1.979909278452396393e-02 4.351310897618532181e-03 3.008122928440570831e-02 1.220526266843080521e-02 2.103087864816188812e-02 3.155233711004257202e-02 2.550622820854187012e-02 2.532391250133514404e-02 2.695752680301666260e-02 1.936378888785839081e-02 6.444781087338924408e-03 5.602794699370861053e-04 1.622816920280456543e-02 2.797195687890052795e-02 1.723988726735115051e-02 2.537379972636699677e-02 1.725969091057777405e-02 9.948158636689186096e-03 2.558142319321632385e-02 1.926496624946594238e-02 7.550055161118507385e-03 3.036416508257389069e-02 2.082409709692001343e-02
1.624700613319873810e-02 1.141828112304210663e-02 2.183619514107704163e-02 3.448565304279327393e-02 2.244837023317813873e-02 8.594891056418418884e-03 3.799611702561378479e-02 3.743563219904899597e-02 3.867393359541893005e-02 2.530993223190307617e-01 1.141727063804864883e-02 1.622393378056585789e-03 1.343612466007471085e-02 1.634699665009975433e-02 3.721985849551856518e-04 1.005654223263263702e-03 3.549072518944740295e-02 7.647067774087190628e-03 8.678025007247924805e-02 1.881680823862552643e-02 1.472974009811878204e-02 8.257272653281688690e-03 3.298432007431983948e-02 5.252691730856895447e-02 1.120063127018511295e-03 1.731283962726593018e-02 1.119514275342226028e-02 1.599714718759059906e-02 1.475090533494949341e-02 1.425919774919748306e-02 3.990682959556579590e-02 1.786721055395901203e-03 3.940143063664436340e-02 8.509496226906776428e-03 4.704887047410011292e-03 4.645662382245063782e-02 2.362096856813877821e-04 1.968352496623992920e-02 2.974224649369716644e-02 2.193445526063442230e-02 3.718153759837150574e-02 1.148827746510505676e-02 3.953645005822181702e-02 2.057468332350254059e-02 1.571043394505977631e-02 5.826706439256668091e-02 2.635882422327995300e-02 4.941863194108009338e-02 1.049808133393526077e-02 5.628851428627967834e-02 2.269312366843223572e-02 3.573888912796974182e-02 2.114640735089778900e-02 1.310736034065485001e-02 4.355098679661750793e-02 4.406340047717094421e-02 2.848743647336959839e-02 3.099055960774421692e-02 2.253960072994232178e-02 1.046172063797712326e-02 3.241612284909933805e-04 4.470646381378173828e-02 3.109849058091640472e-02 4.265986755490303040e-02 8.528439328074455261e-03 2.127932012081146240e-02 1.221598358824849129e-03 1.368244551122188568e-02 9.847713634371757507e-03 4.193785041570663452e-02 4.937298968434333801e-02 3.186037763953208923e-03 1.150312088429927826e-02 2.953917905688285828e-02 4.367299750447273254e-02 1.757182367146015167e-02 8.049982599914073944e-03 9.884451329708099365e-02 2.101734094321727753e-02 8.377639949321746826e-02 4.030665010213851929e-02 1.455763541162014008e-02 3.401924669742584229e-02 8.678197860717773438e-02 1.657520979642868042e-02 5.860878154635429382e-02 2.014615340158343315e-03 3.432626836001873016e-04 3.100566379725933075e-02 2.316213585436344147e-02 2.949352376163005829e-02 2.382831647992134094e-02 4.774891585111618042e-02 1.195790152996778488e-02 1.263155788183212280e-02 9.998700581490993500e-03 2.655220590531826019e-02 1.329247956164181232e-03 3.930330742150545120e-03 3.412735089659690857e-02 2.498716302216053009e-02 1.430532056838274002e-02 1.533206179738044739e-02 5.813092924654483795e-03 1.032037101686000824e-02 1.578771974891424179e-03 2.151091024279594421e-02 4.596730694174766541e-02 1.841876842081546783e-02 3.368418663740158081e-02 2.380333654582500458e-02 3.335116489324718714e-04 2.565239556133747101e-02 3.909520804882049561e-02 2.650996111333370209e-02 3.826086223125457764e-02
5.199748277664184570e-02 5.377234145998954773e-02 1.406001299619674683e-02 1.167748961597681046e-02 2.226750925183296204e-02 3.924948349595069885e-02 3.444824740290641785e-02 2.476479858160018921e-03 1.845629420131444931e-03 1.141727063804864883e-02 2.423991411924362183e-01 2.910804003477096558e-03 4.668654501438140869e-02 3.044896060600876808e-03 1.490819826722145081e-02 2.956404059659689665e-04 1.378579647280275822e-03 1.134721003472805023e-02 8.363540284335613251e-03 1.520592253655195236e-02 2.873582579195499420e-02 2.371033094823360443e-02 3.029522253200411797e-03 1.326557248830795288e-02 1.871589757502079010e-02 2.198725007474422455e-02 1.435989607125520706e-02 6.507636513561010361e-03 3.301109373569488525e-02 2.032974921166896820e-02 2.251551672816276550e-02 3.712233388796448708e-03 6.335282232612371445e-03 1.795864477753639221e-02 2.083413675427436829e-02 3.762834519147872925e-02 3.753495216369628906e-02 1.928040012717247009e-02 1.163913775235414505e-02 1.708734966814517975e-02 1.919052680023014545e-03 3.929184284061193466e-03 2.257673628628253937e-02 1.644327118992805481e-02 2.406242862343788147e-02 1.327678654342889786e-02 3.238831833004951477e-02 3.016051650047302246e-02 1.297004055231809616e-02 1.240118499845266342e-02 1.325289160013198853e-02 6.658332422375679016e-03 3.811850026249885559e-02 4.109363257884979248e-02 6.098822224885225296e-03 1.808646018616855145e-03 6.776763126254081726e-03 2.329632826149463654e-02 1.375599298626184464e-02 4.206954687833786011e-02 4.483106546103954315e-03 2.037866041064262390e-02 4.545724019408226013e-02 5.479056853801012039e-03 3.060761839151382446e-02 2.437859401106834412e-02 1.516609918326139450e-02 3.006089478731155396e-02 1.072145532816648483e-02 1.959007792174816132e-02 1.056780386716127396e-02 1.885435543954372406e-02 3.966011479496955872e-02 1.447415072470903397e-02 2.604835107922554016e-02 1.274880394339561462e-02 7.046491373330354691e-03 9.862752631306648254e-04 2.400912530720233917e-02 2.540329936891794205e-03 2.095382101833820343e-02 2.564422786235809326e-02 4.290387965738773346e-03 2.201023045927286148e-03 2.224569907411932945e-03 1.210766099393367767e-02 2.411452122032642365e-02 1.645909622311592102e-02 8.347201161086559296e-03 5.430842749774456024e-03 3.716976195573806763e-02 2.521095797419548035e-02 2.516184560954570770e-02 2.119813673198223114e-02 2.120506390929222107e-02 3.180816397070884705e-02 2.430055662989616394e-02 6.250842940062284470e-03 1.336427591741085052e-02 9.490082971751689911e-03 2.069344744086265564e-02 2.267800085246562958e-02 1.840702444314956665e-02 1.897603087127208710e-02 3.200517967343330383e-02 2.116472646594047546e-02 3.481025248765945435e-02 1.911731250584125519e-02 7.923102937638759613e-03 1.308801304548978806e-02 2.544984593987464905e-02 1.741459220647811890e-02 7.758583407849073410e-03 1.968337967991828918e-02 4.056679829955101013e-02 5.439806729555130005e-03
1.369872875511646271e-02 6.053529214113950729e-03 3.928125649690628052e-02 6.003775075078010559e-02 1.275165751576423645e-02 9.186674654483795166e-02 4.436237365007400513e-02 2.687933668494224548e-02 3.059579059481620789e-02 1.622393378056585789e-03 2.910804003477096558e-03 2.976785302162170410e-01 4.418449942022562027e-03 2.990714609622955322e-01 1.356259686872363091e-03 9.445183724164962769e-02 6.287199258804321289e-02 6.203714385628700256e-02 4.290194436907768250e-02 3.836515545845031738e-02 3.266025334596633911e-02 1.549012609757483006e-03 5.971787869930267334e-02 5.886390805244445801e-02 8.850966580212116241e-03 1.746678166091442108e-02 2.714678831398487091e-02 1.248047500848770142e-01 7.830852642655372620e-03 1.630937308073043823e-01 8.218172937631607056e-03 5.553481751121580601e-04 2.209845930337905884e-02 1.844485290348529816e-02 6.538160890340805054e-02 1.690135337412357330e-02 2.377486787736415863e-02 3.037949651479721069e-02 1.412141602486371994e-02 5.489041283726692200e-02 6.083986163139343262e-02 5.934735294431447983e-03 1.318025309592485428e-02 3.054135292768478394e-02 6.982559710741043091e-02 1.328761875629425049e-02 3.757587075233459473e-02 2.436872944235801697e-02 6.251527369022369385e-02 1.877538301050662994e-02 5.957642104476690292e-03 1.972933299839496613e-02 2.765670977532863617e-02 3.160184249281883240e-02 3.452002629637718201e-02 3.642348945140838623e-02 6.103040277957916260e-02 6.432464718818664551e-02 5.445535853505134583e-02 3.009199723601341248e-02 5.194227024912834167e-02 7.183558493852615356e-02 1.863113418221473694e-02 1.567566096782684326e-01 5.666673183441162109e-03 1.670403219759464264e-02 4.003965482115745544e-02 4.814335703849792480e-02 3.484800457954406738e-02 9.130544960498809814e-03 4.191538318991661072e-02 4.496474284678697586e-03 6.038854829967021942e-03 3.386588394641876221e-02 2.497427165508270264e-02 1.219394151121377945e-02 4.155343025922775269e-02 6.811769306659698486e-02 7.385015487670898438e-02 5.078363046050071716e-02 3.162547573447227478e-02 2.505918964743614197e-02 1.439410913735628128e-02 1.781867817044258118e-02 5.865622684359550476e-02 3.288385644555091858e-02 1.903271302580833435e-02 1.534751988947391510e-02 1.046473309397697449e-01 6.873472034931182861e-02 2.009313739836215973e-02 1.175465248525142670e-02 3.000491764396429062e-03 8.710578083992004395e-03 1.482584327459335327e-02 2.241178043186664581e-02 2.563048340380191803e-02 1.283710449934005737e-02 3.350875899195671082e-02 1.106172427535057068e-02 4.923994652926921844e-03 3.378875926136970520e-02 1.924138143658638000e-02 1.204497087746858597e-02 2.741062641143798828e-02 8.817077614367008209e-03 1.220541633665561676e-02 6.354448199272155762e-02 1.394343934953212738e-02 1.826763711869716644e-02 2.741185715422034264e-03 7.947333157062530518e-03 1.357530709356069565e-03 8.232223801314830780e-03 1.361383497714996338e-02 1.341209001839160919e-02
4.978947713971138000e-02 6.549005955457687378e-02 2.571915648877620697e-02 1.365621201694011688e-02 1.275897584855556488e-02 4.616229981184005737e-02 3.915477171540260315e-02 1.288941479288041592e-03 4.503615491557866335e-04 1.343612466007471085e-02 4.668654501438140869e-02 4.418449942022562027e-03 2.372187674045562744e-01 3.471352905035018921e-02 2.868106402456760406e-02 2.932219207286834717e-02 3.866784274578094482e-03 3.721682587638497353e-03 8.192036300897598267e-03 2.212885767221450806e-02 2.315395697951316833e-02 2.894918061792850494e-02 1.867239549756050110e-02 1.056259218603372574e-02 1.333086751401424408e-02 1.864413358271121979e-02 8.669681847095489502e-03 3.844016045331954956e-02 2.526580169796943665e-02 1.493610348552465439e-02 1.453324966132640839e-02 9.747484698891639709e-03 1.424502814188599586e-03 6.117476150393486023e-03 2.673419564962387085e-02 2.956922166049480438e-02 3.552366048097610474e-02 2.687982283532619476e-02 8.197332732379436493e-03 1.743947528302669525e-02 1.163204666227102280e-02 1.390456128865480423e-02 2.859424985945224762e-02 3.724122419953346252e-02 1.647556386888027191e-02 8.678606711328029633e-03 3.135566413402557373e-02 3.192044049501419067e-02 1.350277476012706757e-02 8.154117502272129059e-03 8.703680709004402161e-03 6.076073041185736656e-04 3.208109736442565918e-02 3.173718228936195374e-02 1.914361491799354553e-02 4.431507084518671036e-03 4.008261952549219131e-03 2.959064021706581116e-02 1.126732118427753448e-02 5.286079645156860352e-02 3.091011755168437958e-02 3.476921468973159790e-02 4.418384656310081482e-02 2.150597609579563141e-02 2.319304831326007843e-02 3.359504044055938721e-02 1.332812290638685226e-02 1.517290342599153519e-02 2.347427187487483025e-03 2.327135577797889709e-02 7.411926984786987305e-03 1.908586919307708740e-02 1.530271582305431366e-02 1.565390825271606445e-02 3.663633763790130615e-02 6.703450344502925873e-03 1.300790347158908844e-03 1.523078791797161102e-02 2.789285033941268921e-02 1.338723767548799515e-02 9.895601309835910797e-03 2.162062749266624451e-02 2.190679684281349182e-02 5.553373601287603378e-03 6.115604192018508911e-03 6.355050019919872284e-03 2.087840251624584198e-02 3.698891773819923401e-02 1.336576975882053375e-02 9.641034528613090515e-03 3.991229832172393799e-02 2.295952476561069489e-02 2.910783141851425171e-02 2.579914219677448273e-02 2.840185724198818207e-02 4.382998496294021606e-02 2.768667973577976227e-02 8.581202477216720581e-03 1.620118506252765656e-02 9.342431090772151947e-03 1.655518822371959686e-02 3.507358953356742859e-03 2.866095863282680511e-02 1.739841699600219727e-02 1.851653866469860077e-02 3.416358679533004761e-02 5.680456757545471191e-02 4.432956129312515259e-02 1.716687902808189392e-02 1.383800152689218521e-02 3.136097267270088196e-02 3.818811150267720222e-03 2.295402809977531433e-02 2.993355132639408112e-02 3.681425377726554871e-02 5.015993956476449966e-03
