6.908678263425827026e-02 3.384457528591156006e-01 2.349690161645412445e-02 1.312442030757665634e-02 1.542466599494218826e-02 2.434563823044300079e-02 7.112974766641855240e-03 3.876903280615806580e-02 5.521880462765693665e-03 1.420246716588735580e-02 2.482690066099166870e-01 2.912745811045169830e-02 1.835829764604568481e-01 4.862776026129722595e-03 3.943379223346710205e-02 1.485937274992465973e-02 9.478781372308731079e-03 3.506379574537277222e-02 4.426147788763046265e-02 4.372331127524375916e-02 2.288438566029071808e-02 2.767746523022651672e-02 6.459131836891174316e-02 1.509603951126337051e-02 1.946707954630255699e-03 1.782516250386834145e-03 4.960251227021217346e-02 3.899422660470008850e-02 7.754742354154586792e-02 4.312574118375778198e-02 4.337063431739807129e-02 4.551738500595092773e-02 6.998581439256668091e-02 1.000569388270378113e-02 5.325412377715110779e-02 5.907584726810455322e-02 4.266548436135053635e-03 2.714067324995994568e-02 4.963504895567893982e-02 2.023501321673393250e-02 5.273453891277313232e-02 1.116910018026828766e-02 1.468510180711746216e-02 1.359718739986419678e-01 1.465452252887189388e-03 2.295681089162826538e-02 3.609537333250045776e-02 6.029640138149261475e-02 2.635777182877063751e-02 5.815033987164497375e-02 2.235643006861209869e-02 1.424529473297297955e-03 1.912076584994792938e-02 6.312668323516845703e-02 9.235809557139873505e-03 3.125611320137977600e-02 4.082005470991134644e-02 2.410186827182769775e-02 1.713826321065425873e-02 1.819038391113281250e-02 2.405944839119911194e-02 2.589877881109714508e-02 2.660575881600379944e-02 7.551047950983047485e-02 2.528319368138909340e-03 5.958609282970428467e-02 1.620673574507236481e-02 4.684858769178390503e-02 5.684559699147939682e-03 9.847060590982437134e-02 3.011676669120788574e-02 2.839679829776287079e-02 6.815894972532987595e-03 1.461212988942861557e-02 2.824479714035987854e-02 2.724922820925712585e-02 3.099842928349971771e-03 8.910288306651636958e-05 7.618286181241273880e-03 1.614720746874809265e-02 1.890433253720402718e-03 2.552198384364601225e-05 3.416573963477276266e-05 5.727806314826011658e-02 4.017408937215805054e-02 3.110463172197341919e-02 5.808319896459579468e-03 1.100625842809677124e-03 4.201989248394966125e-02 2.398714795708656311e-02 7.550156861543655396e-02 5.243837460875511169e-02 1.768642291426658630e-02 2.533481828868389130e-02 9.232727438211441040e-02 5.738884955644607544e-02 2.255995757877826691e-02 2.896570600569248199e-02 7.025038450956344604e-02 3.413653001189231873e-02 2.574416622519493103e-02 7.134403288364410400e-02 6.644868105649948120e-02 6.964234262704849243e-02 8.373466320335865021e-03 1.179550774395465851e-02 4.129658918827772141e-03 1.031363382935523987e-02 1.643101498484611511e-02 5.397352576255798340e-02 6.921510398387908936e-02 6.553007662296295166e-02 1.463969796895980835e-02 5.575050599873065948e-03 1.416314486414194107e-02 1.808634772896766663e-02
3.384457528591156006e-01 6.967834383249282837e-02 2.545239217579364777e-02 5.615801364183425903e-02 1.372427330352365971e-03 7.076296955347061157e-02 7.312411069869995117e-02 4.307625815272331238e-02 1.370497234165668488e-02 9.432621300220489502e-03 1.373342722654342651e-01 2.343777008354663849e-02 2.484094947576522827e-01 8.286048471927642822e-02 6.728877313435077667e-03 2.728618867695331573e-02 4.064977541565895081e-02 8.769515901803970337e-03 9.543203562498092651e-02 3.753722179681062698e-03 2.901303768157958984e-02 2.246403507888317108e-02 1.246674358844757080e-02 4.468337446451187134e-02 8.536692708730697632e-03 1.659372076392173767e-02 1.378776039928197861e-03 2.706852741539478302e-03 6.633419543504714966e-02 2.638758160173892975e-02 2.252104133367538452e-02 3.761766478419303894e-03 6.827768683433532715e-02 4.362339526414871216e-02 7.577312737703323364e-02 4.945139959454536438e-02 4.313481226563453674e-02 2.748241275548934937e-02 4.752730019390583038e-03 3.584879264235496521e-02 9.879215620458126068e-03 9.489497751928865910e-04 8.911334443837404251e-04 1.218869090080261230e-01 7.008051127195358276e-02 4.149425774812698364e-02 5.083984881639480591e-02 4.292835667729377747e-02 7.882019132375717163e-02 1.475565787404775620e-02 3.164820373058319092e-02 2.608240582048892975e-02 2.836282365024089813e-02 2.786671929061412811e-02 1.523791113868355751e-03 3.836034983396530151e-02 5.646118894219398499e-03 1.566258631646633148e-02 7.483680546283721924e-02 4.940537735819816589e-03 6.401082873344421387e-02 1.294885668903589249e-02 5.572745949029922485e-02 4.602616280317306519e-02 1.979963481426239014e-02 5.720011517405509949e-02 1.550378184765577316e-02 3.937043249607086182e-03 3.336691483855247498e-02 4.215073958039283752e-02 3.170087933540344238e-02 6.743006873875856400e-03 5.821935832500457764e-02 1.565035060048103333e-02 1.657710596919059753e-02 1.299466239288449287e-03 1.235533691942691803e-02 3.301434218883514404e-02 2.865380421280860901e-02 1.270847860723733902e-03 1.781838573515415192e-02 9.533382952213287354e-03 5.079591646790504456e-03 6.906837970018386841e-02 5.840735882520675659e-02 3.221765533089637756e-02 5.533989518880844116e-03 9.524825029075145721e-03 5.714364349842071533e-02 1.373184472322463989e-02 7.908482104539871216e-02 6.058247759938240051e-02 4.139273613691329956e-02 7.096180319786071777e-02 8.275839686393737793e-02 2.670673467218875885e-02 4.920782893896102905e-02 3.229580447077751160e-02 3.441740572452545166e-02 3.862142190337181091e-02 5.397568643093109131e-02 2.457816526293754578e-02 2.565289149060845375e-03 2.570684254169464111e-02 5.752172321081161499e-02 4.170530661940574646e-02 4.623211175203323364e-02 5.232527852058410645e-02 8.492017164826393127e-03 2.780225314199924469e-02 1.983615010976791382e-02 4.506858438253402710e-02 3.475662320852279663e-02 5.587691441178321838e-02 2.103912271559238434e-02 3.603838384151458740e-02
2.349690161645412445e-02 2.545239217579364777e-02 4.861954599618911743e-02 2.306688018143177032e-02 3.610825166106224060e-02 1.192060671746730804e-02 1.045588124543428421e-02 1.263579279184341431e-01 4.156720638275146484e-02 4.453623667359352112e-03 4.589454829692840576e-02 2.742324024438858032e-02 5.339621100574731827e-03 8.433554321527481079e-03 1.764262281358242035e-02 6.148694665171205997e-04 4.909883253276348114e-03 4.929137974977493286e-02 3.035118244588375092e-02 3.073018044233322144e-02 8.798822527751326561e-04 5.840394645929336548e-03 3.239021450281143188e-02 1.967587880790233612e-02 4.077765718102455139e-02 1.027810871601104736e-01 1.768773421645164490e-02 2.833415986970067024e-03 6.215364858508110046e-02 9.061367250978946686e-03 3.152898745611310005e-03 6.595657765865325928e-02 6.107563897967338562e-02 1.700850017368793488e-02 4.361024871468544006e-02 5.597024783492088318e-02 8.878913708031177521e-03 1.436105743050575256e-02 3.314815461635589600e-02 1.923012360930442810e-02 2.455810643732547760e-02 5.806405842304229736e-02 5.301229655742645264e-03 1.631133258342742920e-02 6.518656387925148010e-03 5.240817740559577942e-02 2.656130865216255188e-02 6.541374325752258301e-02 1.355673372745513916e-02 1.154321059584617615e-02 1.359021943062543869e-02 6.739977747201919556e-02 3.810362145304679871e-02 1.988149248063564301e-02 2.368921600282192230e-02 4.837949573993682861e-02 3.717149421572685242e-02 9.738142602145671844e-03 4.297069087624549866e-02 2.367740496993064880e-02 1.599566638469696045e-02 6.312149763107299805e-02 1.276275664567947388e-01 8.246307075023651123e-02 2.918506413698196411e-02 6.323656439781188965e-02 2.717638202011585236e-02 8.120153099298477173e-02 3.698108345270156860e-02 6.300763040781021118e-02 7.112532109022140503e-02 7.038631290197372437e-02 1.290894392877817154e-02 2.545737661421298981e-02 3.056102804839611053e-02 3.234421089291572571e-02 6.166381761431694031e-02 1.167634576559066772e-01 2.779229357838630676e-02 3.833518549799919128e-02 1.766825616359710693e-01 1.196999382227659225e-02 2.896238863468170166e-02 4.487608373165130615e-02 1.395973656326532364e-02 2.502619847655296326e-02 6.198921706527471542e-03 7.455796003341674805e-02 2.631150744855403900e-02 7.290641218423843384e-02 6.647624820470809937e-02 8.029084652662277222e-02 7.936982065439224243e-02 7.650531828403472900e-03 1.857420243322849274e-02 1.194307953119277954e-02 3.451364114880561829e-02 3.138618543744087219e-02 1.168968155980110168e-02 5.801255628466606140e-02 3.589291498064994812e-02 9.004885330796241760e-03 2.818705886602401733e-02 7.344742119312286377e-02 1.466456614434719086e-02 5.426840484142303467e-02 3.155719116330146790e-02 1.666183210909366608e-02 2.084117382764816284e-02 1.500225346535444260e-02 1.373153179883956909e-02 8.828177116811275482e-03 1.527566183358430862e-02 1.052253507077693939e-02 5.788847431540489197e-02 5.673316773027181625e-03
1.312442030757665634e-02 5.615801364183425903e-02 2.306688018143177032e-02 7.951837033033370972e-02 2.181932926177978516e-01 3.090677596628665924e-02 8.712747134268283844e-03 9.236148558557033539e-03 3.469097241759300232e-02 1.327614020556211472e-02 8.538197726011276245e-03 7.322483509778976440e-02 1.351873856037855148e-02 1.671583950519561768e-02 7.421834161505103111e-04 1.532688387669622898e-03 4.447507485747337341e-02 1.503978949040174484e-02 1.248184312134981155e-02 1.537235733121633530e-02 4.645257070660591125e-02 5.205491906963288784e-04 8.266760036349296570e-03 3.548485413193702698e-02 4.486542940139770508e-02 1.771033555269241333e-02 3.800827637314796448e-02 3.185243159532546997e-02 2.755032666027545929e-02 2.463091909885406494e-02 3.427397692576050758e-03 7.256681472063064575e-02 6.210320442914962769e-02 3.750941157341003418e-02 7.078806310892105103e-02 5.941317975521087646e-02 6.528986245393753052e-02 8.490628562867641449e-03 1.292873471975326538e-01 1.554255653172731400e-02 2.708805166184902191e-02 3.226230666041374207e-02 1.567028276622295380e-02 6.214525550603866577e-02 1.965422881767153740e-03 1.257743090391159058e-01 1.023584138602018356e-02 3.711496666073799133e-02 8.033413439989089966e-03 1.546086370944976807e-02 1.528261322528123856e-02 3.916761651635169983e-02 8.120650425553321838e-03 1.216307841241359711e-02 1.054808218032121658e-02 2.268539555370807648e-02 1.300909519195556641e-01 2.959386631846427917e-02 1.204445492476224899e-03 3.218631073832511902e-02 1.284625679254531860e-01 3.501791134476661682e-02 8.571595698595046997e-02 3.506590798497200012e-02 5.402706190943717957e-02 5.765436962246894836e-02 9.186217933893203735e-02 5.043542012572288513e-02 3.331661224365234375e-02 3.188145905733108521e-02 4.715031757950782776e-02 4.886810854077339172e-02 1.701744049787521362e-01 4.250564798712730408e-02 8.135168999433517456e-02 6.057152897119522095e-02 3.939062729477882385e-02 3.963004797697067261e-02 5.006201937794685364e-02 5.585512891411781311e-02 4.910979792475700378e-02 4.473524168133735657e-03 1.678661108016967773e-01 5.840683355927467346e-02 1.426172163337469101e-02 3.219353407621383667e-02 2.130936458706855774e-02 4.573762416839599609e-02 7.132054120302200317e-02 3.501014038920402527e-02 8.417886681854724884e-03 1.263483706861734390e-02 3.619776293635368347e-02 1.538820378482341766e-02 3.175304085016250610e-02 1.973495818674564362e-02 2.517497539520263672e-02 2.308985032141208649e-02 5.008483678102493286e-02 3.877748176455497742e-02 6.692410260438919067e-02 6.428164243698120117e-02 2.857002429664134979e-02 5.474602803587913513e-02 3.604300692677497864e-02 1.161065232008695602e-02 5.128017440438270569e-02 9.924359619617462158e-03 3.147882968187332153e-02 5.600302666425704956e-02 3.032758249901235104e-04 3.331480920314788818e-02 2.366582863032817841e-02 3.570565581321716309e-02 5.973950028419494629e-02 2.691080793738365173e-02
1.542466599494218826e-02 1.372427330352365971e-03 3.610825166106224060e-02 2.181932926177978516e-01 8.857542276382446289e-02 1.021447554230690002e-01 4.910521209239959717e-02 4.282976314425468445e-02 2.616436034440994263e-02 1.936979778110980988e-02 5.636942014098167419e-02 1.552393101155757904e-02 3.126681596040725708e-02 2.362720854580402374e-02 9.067308157682418823e-03 6.530931591987609863e-02 6.141401454806327820e-02 5.031193420290946960e-02 3.131011128425598145e-02 3.748810291290283203e-02 1.955133303999900818e-02 6.101128086447715759e-02 3.051378577947616577e-02 1.289984583854675293e-02 2.527754567563533783e-02 3.443568944931030273e-03 5.347712431102991104e-04 1.637851074337959290e-02 4.329444468021392822e-02 3.996918909251689911e-03 2.128871902823448181e-02 1.290426868945360184e-02 1.151998266577720642e-01 4.309646412730216980e-02 9.184719622135162354e-02 1.013246700167655945e-01 5.082200467586517334e-02 6.600834429264068604e-02 1.197374761104583740e-01 1.191760152578353882e-01 2.631703391671180725e-02 4.545080661773681641e-02 7.075462490320205688e-02 6.137089803814888000e-02 3.294590115547180176e-02 3.155779838562011719e-02 3.585211560130119324e-02 1.071135513484477997e-02 2.522272616624832153e-02 2.435897104442119598e-02 1.080472767353057861e-02 3.979412838816642761e-03 3.245728090405464172e-03 1.736204512417316437e-02 1.830664463341236115e-02 2.162488177418708801e-02 6.071555987000465393e-02 6.001467816531658173e-03 6.141988188028335571e-02 4.139702394604682922e-02 7.950530201196670532e-02 4.193602502346038818e-02 6.581122428178787231e-02 4.176904633641242981e-02 2.183970063924789429e-02 1.128826569765806198e-02 1.608679816126823425e-02 3.523668646812438965e-02 1.817519031465053558e-02 6.493271887302398682e-02 3.546366468071937561e-03 6.706395745277404785e-02 6.178523600101470947e-02 6.122403591871261597e-02 1.272641569375991821e-01 2.523161657154560089e-02 1.751021947711706161e-03 1.318158674985170364e-02 1.136950496584177017e-02 5.247879400849342346e-02 1.010207645595073700e-02 3.536329604685306549e-03 1.124575659632682800e-01 1.420778632164001465e-01 4.476308822631835938e-02 4.957096651196479797e-02 5.930381361395120621e-03 7.681270688772201538e-02 1.463888585567474365e-02 8.630069345235824585e-02 1.288088411092758179e-02 1.876023598015308380e-02 4.317579790949821472e-02 2.152648195624351501e-02 1.582848094403743744e-02 1.336191035807132721e-02 1.458637299947440624e-03 4.912837594747543335e-02 3.409502282738685608e-02 1.857253257185220718e-03 4.768784344196319580e-02 3.327374532818794250e-02 2.846017107367515564e-02 3.197411447763442993e-02 2.105941297486424446e-03 5.066001042723655701e-02 4.113480821251869202e-02 2.906043827533721924e-02 1.949101570062339306e-03 1.923323050141334534e-02 5.608931649476289749e-03 4.392236843705177307e-02 1.746942289173603058e-02 1.556214131414890289e-02 4.499464109539985657e-02 2.477017603814601898e-02
2.434563823044300079e-02 7.076296955347061157e-02 1.192060671746730804e-02 3.090677596628665924e-02 1.021447554230690002e-01 1.060484722256660461e-01 2.636312842369079590e-01 9.503708221018314362e-03 6.105208769440650940e-02 6.148838903754949570e-03 7.311722636222839355e-02 1.150392219424247742e-01 6.115938723087310791e-02 9.967458993196487427e-02 4.179371893405914307e-02 2.691978216171264648e-02 3.939033299684524536e-02 2.991882525384426117e-02 4.724297299981117249e-02 1.309341751039028168e-02 8.063579350709915161e-02 2.994884923100471497e-02 9.124534204602241516e-03 1.368359290063381195e-02 3.120066411793231964e-02 7.981875911355018616e-03 9.346555918455123901e-03 2.266488783061504364e-02 8.534312993288040161e-02 4.826057702302932739e-02 2.297504805028438568e-03 1.206220407038927078e-02 1.517890300601720810e-02 3.880874020978808403e-03 4.742783308029174805e-02 9.094501286745071411e-02 1.414417177438735962e-01 6.007648189552128315e-04 1.139020826667547226e-02 1.337266806513071060e-02 4.330211877822875977e-02 2.329845912754535675e-02 1.598741672933101654e-02 4.750436928588896990e-04 2.702853642404079437e-02 2.217542380094528198e-02 2.050979882478713989e-01 5.603577941656112671e-02 2.937326906248927116e-03 4.406122863292694092e-02 4.350633174180984497e-02 6.998481601476669312e-02 1.794813573360443115e-02 2.267327159643173218e-02 2.657211758196353912e-02 1.728986203670501709e-02 3.171267360448837280e-02 6.606353446841239929e-03 4.088678583502769470e-02 2.457795105874538422e-02 3.388760238885879517e-02 5.259155482053756714e-02 8.771589957177639008e-03 6.520753353834152222e-02 3.865453973412513733e-02 1.216145115904510021e-03 5.993905663490295410e-02 5.776459723711013794e-02 3.966677188873291016e-02 5.289356783032417297e-02 7.744866888970136642e-03 3.688390552997589111e-02 4.029181599617004395e-02 5.238472670316696167e-02 2.538220770657062531e-02 4.162156581878662109e-02 4.927216097712516785e-02 4.554553329944610596e-02 7.862264662981033325e-02 9.719507768750190735e-03 3.295783535577356815e-04 2.697012852877378464e-03 8.097649365663528442e-02 2.444416657090187073e-02 1.212677359580993652e-02 1.963587664067745209e-02 5.567606166005134583e-02 1.130180805921554565e-02 3.534421324729919434e-02 6.623407453298568726e-02 8.120884187519550323e-03 3.063875623047351837e-02 3.703134832903742790e-03 4.195422306656837463e-02 1.200525462627410889e-01 3.012600727379322052e-02 1.257580239325761795e-02 5.049065500497817993e-02 1.507429126650094986e-02 6.565751042217016220e-03 3.112579137086868286e-02 9.287410415709018707e-03 5.677114799618721008e-02 1.962067559361457825e-02 2.720824256539344788e-02 1.119156833738088608e-02 1.534274080768227577e-03 4.126354306936264038e-02 3.266302123665809631e-02 7.110198028385639191e-03 1.813821494579315186e-02 2.373494952917098999e-02 1.867667399346828461e-02 3.657459467649459839e-02 6.625828891992568970e-02 4.036453738808631897e-02
7.112974766641855240e-03 7.312411069869995117e-02 1.045588124543428421e-02 8.712747134268283844e-03 4.910521209239959717e-02 2.636312842369079590e-01 1.183266788721084595e-01 4.417938366532325745e-02 5.024157837033271790e-02 1.809702254831790924e-02 6.113419309258460999e-02 5.220510810613632202e-02 8.784877508878707886e-02 8.415356278419494629e-02 1.329216081649065018e-02 2.167201973497867584e-02 1.744599081575870514e-02 7.547502964735031128e-02 5.296695232391357422e-02 3.028731420636177063e-02 5.594626069068908691e-03 2.887406945228576660e-02 4.483901709318161011e-02 5.423164367675781250e-02 6.319919973611831665e-02 2.564873918890953064e-02 4.604276269674301147e-02 3.630933538079261780e-02 8.409145474433898926e-02 3.267820924520492554e-02 1.077334396541118622e-02 2.528990246355533600e-02 1.969905197620391846e-02 2.659785188734531403e-02 6.114459782838821411e-02 1.653059758245944977e-02 8.878140896558761597e-02 2.680415101349353790e-02 7.596776634454727173e-02 5.714482814073562622e-02 2.165368199348449707e-02 4.666760563850402832e-03 3.061854280531406403e-02 6.165967136621475220e-02 8.029931783676147461e-02 3.944078460335731506e-02 2.381973564624786377e-01 1.420124173164367676e-01 2.309800870716571808e-02 3.554779104888439178e-03 3.995444625616073608e-02 3.297832235693931580e-02 3.776634344831109047e-03 4.767910763621330261e-02 7.883167825639247894e-03 3.132609277963638306e-02 4.705976322293281555e-02 4.120411723852157593e-02 2.384764142334461212e-03 2.802849188446998596e-02 4.844308272004127502e-02 5.051513016223907471e-02 2.377355843782424927e-02 1.906035467982292175e-02 1.956483162939548492e-02 3.691597282886505127e-02 2.894395031034946442e-02 3.808523342013359070e-02 8.450157940387725830e-03 2.920438162982463837e-02 7.594907190650701523e-03 3.392830863595008850e-02 3.800691291689872742e-02 1.212698873132467270e-02 2.933937066700309515e-04 1.653014682233333588e-02 4.633335769176483154e-02 2.453566156327724457e-02 6.725474447011947632e-02 3.387537226080894470e-02 1.416261866688728333e-02 2.739945426583290100e-03 2.030926942825317383e-02 1.378192473202943802e-02 5.624549090862274170e-02 3.945451229810714722e-02 5.772203579545021057e-02 1.281724032014608383e-02 3.817471116781234741e-02 8.596677333116531372e-03 2.814328484237194061e-02 4.058569669723510742e-02 4.187831655144691467e-02 2.363754436373710632e-02 8.862049132585525513e-02 6.267788354307413101e-03 2.032598853111267090e-02 3.545371815562248230e-03 2.536399057134985924e-03 3.461923822760581970e-02 3.234431892633438110e-02 3.809184581041336060e-02 5.662497878074645996e-02 3.717223554849624634e-02 2.755959518253803253e-02 5.443954467773437500e-02 2.587923035025596619e-02 4.078632965683937073e-02 3.531872853636741638e-02 6.015141680836677551e-02 6.003215909004211426e-03 1.858296431601047516e-02 1.803382299840450287e-02 9.503440931439399719e-03 4.128471016883850098e-02 1.237213332206010818e-02
3.876903280615806580e-02 4.307625815272331238e-02 1.263579279184341431e-01 9.236148558557033539e-03 4.282976314425468445e-02 9.503708221018314362e-03 4.417938366532325745e-02 2.474678494036197662e-02 2.220466360449790955e-02 1.108177285641431808e-02 2.792377956211566925e-02 3.457580506801605225e-02 4.012815654277801514e-03 1.295519527047872543e-02 1.417765319347381592e-01 6.903681438416242599e-03 6.445334106683731079e-02 1.981771364808082581e-02 4.897715896368026733e-02 4.806497320532798767e-02 7.288201153278350830e-02 3.169743716716766357e-02 3.971719369292259216e-02 5.341466888785362244e-02 9.015969000756740570e-03 3.318086033686995506e-03 1.806773059070110321e-02 2.919208444654941559e-02 3.474561870098114014e-02 4.271143674850463867e-02 2.965394034981727600e-02 6.254979968070983887e-02 3.816775977611541748e-02 1.964154094457626343e-02 2.154864184558391571e-02 1.436466071754693985e-02 3.286425257101655006e-03 4.103738442063331604e-02 1.576451212167739868e-02 3.240717574954032898e-02 5.130682140588760376e-02 8.538837730884552002e-02 5.546109005808830261e-02 2.984737232327461243e-02 4.678042978048324585e-02 3.366377204656600952e-02 1.657886244356632233e-02 4.305259883403778076e-02 4.423125088214874268e-02 7.317853160202503204e-03 6.167304143309593201e-02 1.281084958463907242e-02 2.338007837533950806e-02 1.675528474152088165e-02 2.314944379031658173e-02 6.134753301739692688e-02 3.091154992580413818e-02 3.718394041061401367e-02 3.932808339595794678e-02 4.322909191250801086e-02 1.065451372414827347e-02 3.581902943551540375e-03 1.288532838225364685e-02 3.993114829063415527e-02 1.761131687089800835e-03 1.742526516318321228e-02 4.036283493041992188e-02 5.455218721181154251e-03 2.242451533675193787e-03 6.338425725698471069e-02 2.541344799101352692e-02 4.154448583722114563e-02 5.369036272168159485e-02 8.082327432930469513e-03 2.231790858786553144e-04 3.467606008052825928e-02 5.067104846239089966e-02 4.775480180978775024e-02 1.438642200082540512e-02 5.755896680057048798e-03 2.387649863958358765e-01 4.154042899608612061e-02 2.722388599067926407e-03 3.756261616945266724e-02 2.452113106846809387e-02 5.353400111198425293e-02 1.692633032798767090e-01 6.885806471109390259e-02 8.761966601014137268e-03 5.968766659498214722e-02 5.517036840319633484e-02 1.591311767697334290e-02 5.008545145392417908e-02 3.110438957810401917e-02 1.635820791125297546e-02 7.457458227872848511e-02 3.898121044039726257e-02 5.233056377619504929e-03 2.216933667659759521e-02 4.944254644215106964e-03 6.513091176748275757e-02 4.493943229317665100e-02 5.894497036933898926e-02 5.150578171014785767e-02 2.314872480928897858e-02 4.901000484824180603e-02 4.894930869340896606e-02 4.110141657292842865e-03 5.449922382831573486e-02 2.526560332626104355e-03 3.102743998169898987e-02 1.855069585144519806e-02 5.063229799270629883e-02 4.157613217830657959e-02 1.003199629485607147e-02 4.765009880065917969e-02
5.521880462765693665e-03 1.370497234165668488e-02 4.156720638275146484e-02 3.469097241759300232e-02 2.616436034440994263e-02 6.105208769440650940e-02 5.024157837033271790e-02 2.220466360449790955e-02 5.946997925639152527e-02 9.376333653926849365e-02 2.244532108306884766e-02 4.148475825786590576e-02 2.564070047810673714e-03 7.465283572673797607e-02 1.768126711249351501e-02 4.346817359328269958e-02 7.609543390572071075e-03 1.270931959152221680e-01 2.547448687255382538e-02 2.225040271878242493e-02 2.014825120568275452e-02 2.111942134797573090e-02 1.115667447447776794e-02 8.267187513411045074e-03 2.758551575243473053e-02 4.517842456698417664e-02 2.272425405681133270e-02 8.399973809719085693e-02 5.355884879827499390e-02 2.004582807421684265e-02 5.326730012893676758e-02 7.941776420921087265e-04 6.577493995428085327e-02 6.720363162457942963e-03 6.087165698409080505e-02 1.349864900112152100e-02 1.166036352515220642e-02 5.900485813617706299e-02 5.502704903483390808e-02 2.489314880222082138e-03 9.047362953424453735e-03 8.365738391876220703e-02 5.308825522661209106e-02 7.919960655272006989e-03 6.802617758512496948e-02 5.622383207082748413e-02 1.017871592193841934e-02 1.262785028666257858e-02 8.879497647285461426e-03 5.515092052519321442e-03 1.590397395193576813e-02 1.875962875783443451e-02 3.783470485359430313e-03 4.482831805944442749e-02 7.111349701881408691e-02 1.046481169760227203e-02 5.202617868781089783e-02 3.530738642439246178e-03 9.444525465369224548e-03 1.913717202842235565e-02 5.494590476155281067e-02 8.677845820784568787e-03 4.599867388606071472e-02 4.446936398744583130e-02 8.331436663866043091e-02 3.861818835139274597e-02 6.670589093118906021e-03 5.422415211796760559e-02 4.950051754713058472e-02 1.760007999837398529e-02 4.519892483949661255e-02 5.598666891455650330e-02 5.190895870327949524e-03 3.020379878580570221e-02 4.323756694793701172e-02 4.315139353275299072e-02 1.612077504396438599e-01 9.947527199983596802e-02 7.457699626684188843e-02 2.962931431829929352e-02 7.998096756637096405e-03 4.307369515299797058e-02 4.975670576095581055e-02 1.383164804428815842e-02 1.083949953317642212e-02 2.830764744430780411e-03 1.872633397579193115e-02 7.165034767240285873e-03 8.202148973941802979e-02 6.192089617252349854e-02 1.005090586841106415e-02 4.552607238292694092e-02 6.530839204788208008e-02 2.228546515107154846e-02 4.686874523758888245e-02 2.513927593827247620e-02 2.762448415160179138e-02 2.520206198096275330e-02 6.393428146839141846e-02 3.298235684633255005e-02 2.348999492824077606e-02 7.878899574279785156e-03 3.230678290128707886e-02 1.819456182420253754e-02 1.875258050858974457e-02 4.639112204313278198e-02 2.558363229036331177e-02 3.697328642010688782e-02 7.493687793612480164e-03 2.247246354818344116e-02 1.791977882385253906e-02 4.283757880330085754e-02 6.723125278949737549e-02 3.941607847809791565e-02 7.872664369642734528e-03 1.406486704945564270e-02
1.420246716588735580e-02 9.432621300220489502e-03 4.453623667359352112e-03 1.327614020556211472e-02 1.936979778110980988e-02 6.148838903754949570e-03 1.809702254831790924e-02 1.108177285641431808e-02 9.376333653926849365e-02 7.432617992162704468e-02 1.401142217218875885e-02 8.754523843526840210e-02 2.714354358613491058e-02 8.347241580486297607e-02 3.278293646872043610e-03 3.004744276404380798e-02 1.057195849716663361e-02 4.106901213526725769e-02 1.784122586250305176e-01 1.137340161949396133e-02 3.170296177268028259e-02 4.299586638808250427e-02 4.105915129184722900e-02 6.286995112895965576e-02 2.468043565750122070e-02 1.678966730833053589e-02 2.772325463593006134e-02 1.035214494913816452e-02 6.146018952131271362e-02 3.585880249738693237e-02 5.156918242573738098e-02 3.363901376724243164e-02 4.400981217622756958e-02 1.701956428587436676e-02 9.805043227970600128e-03 3.114421851933002472e-02 6.226208526641130447e-03 2.804312482476234436e-02 9.423112496733665466e-03 2.355437539517879486e-02 3.692414239048957825e-02 1.759304851293563843e-02 6.483361124992370605e-02 1.028624176979064941e-02 7.970153540372848511e-02 1.804826781153678894e-02 1.414267625659704208e-02 3.443256253376603127e-03 2.661739848554134369e-02 8.362682908773422241e-02 3.666932135820388794e-02 6.058588624000549316e-02 2.267854474484920502e-02 3.370836004614830017e-02 1.202076207846403122e-03 1.213899478316307068e-01 3.325375169515609741e-02 4.303815215826034546e-02 2.001428790390491486e-02 3.095892630517482758e-02 3.818223252892494202e-02 1.260015517473220825e-01 5.245766043663024902e-02 1.083806343376636505e-02 2.977896668016910553e-02 3.563329810276627541e-03 7.856580428779125214e-03 6.193461641669273376e-02 1.239805482327938080e-03 9.309115819633007050e-03 7.657906413078308105e-02 1.209596986882388592e-03 2.025680616497993469e-03 2.488698251545429230e-02 8.684920519590377808e-02 3.788125142455101013e-02 2.322500571608543396e-02 1.456376165151596069e-01 1.712943427264690399e-02 1.344701796770095825e-01 1.026651915162801743e-02 2.943791635334491730e-02 1.289640273898839951e-02 5.270680412650108337e-02 6.201601400971412659e-02 2.309041284024715424e-02 4.011641815304756165e-02 9.070267900824546814e-03 2.919101715087890625e-02 9.150803834199905396e-02 5.172579735517501831e-02 1.918787136673927307e-02 5.757013335824012756e-02 1.567883975803852081e-02 7.165716588497161865e-02 1.318945083767175674e-02 3.217948833480477333e-03 9.942872449755668640e-03 2.568638697266578674e-02 3.552129492163658142e-02 1.953597739338874817e-02 1.446439884603023529e-02 4.274470265954732895e-03 6.640535313636064529e-03 9.882727637887001038e-03 5.152804031968116760e-02 3.719181939959526062e-02 3.339014574885368347e-02 2.078865468502044678e-02 2.341371029615402222e-02 2.013068832457065582e-02 5.098406225442886353e-02 1.285514887422323227e-02 9.766401723027229309e-03 3.470690920948982239e-02 5.750072002410888672e-02
2.482690066099166870e-01 1.373342722654342651e-01 4.589454829692840576e-02 8.538197726011276245e-03 5.636942014098167419e-02 7.311722636222839355e-02 6.113419309258460999e-02 2.792377956211566925e-02 2.244532108306884766e-02 1.401142217218875885e-02 7.073414325714111328e-02 7.719911634922027588e-02 2.166655212640762329e-01 1.201981958001852036e-02 2.300939057022333145e-03 5.042524076998233795e-03 1.761818863451480865e-02 2.353204786777496338e-02 1.224408950656652451e-02 1.890939078293740749e-03 1.831453107297420502e-02 1.246249955147504807e-02 6.644244771450757980e-03 1.193757541477680206e-02 1.668326929211616516e-02 6.676972657442092896e-02 2.337887324392795563e-02 3.751309588551521301e-02 8.094117790460586548e-02 1.159038301557302475e-02 6.473172456026077271e-02 6.767804175615310669e-02 3.989310935139656067e-02 4.739590734243392944e-02 2.444086037576198578e-02 1.607649959623813629e-02 6.696218997240066528e-02 7.071333937346935272e-03 8.907601237297058105e-03 2.770376019179821014e-02 1.012034714221954346e-02 2.392893843352794647e-02 1.296721748076379299e-03 2.567482367157936096e-02 1.792226545512676239e-02 3.470839187502861023e-02 6.061055511236190796e-02 5.116016790270805359e-02 1.228023041039705276e-02 3.480013832449913025e-02 4.913639649748802185e-02 6.471478193998336792e-02 1.725813373923301697e-02 6.167936697602272034e-02 3.166285157203674316e-02 3.959182184189558029e-03 6.476480513811111450e-02 5.157032515853643417e-03 8.658391237258911133e-02 1.254299376159906387e-02 3.186219930648803711e-02 3.370534628629684448e-02 3.267533844336867332e-03 2.112496830523014069e-02 7.328276336193084717e-02 6.742351502180099487e-02 1.119772088713943958e-03 5.001195147633552551e-02 2.380708977580070496e-02 3.603408485651016235e-02 1.387563906610012054e-02 6.391090899705886841e-02 3.382890135981142521e-04 5.125618726015090942e-02 4.224492236971855164e-02 1.230797357857227325e-02 2.082505822181701660e-02 7.722920272499322891e-03 2.887233905494213104e-02 6.034882739186286926e-02 1.965241506695747375e-02 7.079471647739410400e-02 2.914060093462467194e-02 5.944937095046043396e-02 5.472709424793720245e-03 5.517590790987014771e-02 6.888367235660552979e-02 1.757213845849037170e-02 2.581428969278931618e-03 1.133150048553943634e-02 5.797119066119194031e-02 8.409752696752548218e-02 3.840230032801628113e-02 2.741838106885552406e-03 7.940427958965301514e-02 4.199986532330513000e-02 5.045898258686065674e-02 1.002950035035610199e-02 1.565233804285526276e-02 1.352278050035238266e-02 2.029482275247573853e-02 5.111051350831985474e-02 2.596657723188400269e-02 1.318330876529216766e-02 3.421325236558914185e-03 3.739095479249954224e-02 6.092569325119256973e-03 6.685147434473037720e-02 7.044763118028640747e-02 1.321845222264528275e-02 1.446564961224794388e-02 1.541862450540065765e-02 1.308440230786800385e-03 9.143278747797012329e-02 3.016284853219985962e-02 6.646806001663208008e-02
2.912745811045169830e-02 2.343777008354663849e-02 2.742324024438858032e-02 7.322483509778976440e-02 1.552393101155757904e-02 1.150392219424247742e-01 5.220510810613632202e-02 3.457580506801605225e-02 4.148475825786590576e-02 8.754523843526840210e-02 7.719911634922027588e-02 1.298941224813461304e-01 2.509720809757709503e-02 2.520983815193176270e-01 5.280180647969245911e-02 4.399382695555686951e-02 3.140331944450736046e-03 4.649934917688369751e-02 1.324685811996459961e-01 8.001068979501724243e-02 2.984658814966678619e-02 2.134669199585914612e-02 4.802470281720161438e-02 6.652529351413249969e-03 6.456372886896133423e-02 3.455292899161577225e-04 1.714466256089508533e-03 1.583242565393447876e-01 6.020784005522727966e-02 1.269446015357971191e-01 1.367182563990354538e-02 3.657718002796173096e-02 9.767968207597732544e-02 8.585368096828460693e-02 4.830664768815040588e-02 1.431666687130928040e-02 2.380691468715667725e-02 2.135625854134559631e-02 1.093037240207195282e-02 1.485214661806821823e-02 4.940685257315635681e-02 5.299947038292884827e-02 2.079496718943119049e-02 7.496663182973861694e-02 9.206845611333847046e-02 6.710923463106155396e-02 5.079311877489089966e-02 5.321218073368072510e-02 2.232482284307479858e-02 3.123767301440238953e-02 9.227274358272552490e-02 1.356961112469434738e-02 1.360657718032598495e-02 2.301478013396263123e-02 1.937916502356529236e-02 4.437451437115669250e-02 2.331132628023624420e-02 5.805094540119171143e-02 1.455742749385535717e-03 7.508433423936367035e-03 4.986727982759475708e-02 3.983917087316513062e-02 7.238717749714851379e-03 4.986416548490524292e-02 2.422577701508998871e-03 3.508850187063217163e-02 1.260610390454530716e-02 1.758607476949691772e-02 2.453234978020191193e-02 1.771568320691585541e-02 2.761348150670528412e-02 4.612315446138381958e-02 4.111752659082412720e-02 1.364421937614679337e-02 3.315332904458045959e-02 1.792101375758647919e-02 7.563870167359709740e-05 5.888297036290168762e-02 1.519966404885053635e-02 6.878223735839128494e-03 3.210262209177017212e-02 6.645715329796075821e-03 2.146363444626331329e-02 5.371559038758277893e-02 8.125538378953933716e-02 2.729940973222255707e-02 2.683991752564907074e-02 5.583373457193374634e-02 1.106245666742324829e-01 1.256448924541473389e-01 1.004782691597938538e-02 1.066812314093112946e-02 8.584512770175933838e-02 1.138057187199592590e-02 6.163033843040466309e-02 1.253404375165700912e-02 3.468871861696243286e-02 1.484975032508373260e-02 4.986760392785072327e-02 5.271263048052787781e-02 2.449799701571464539e-02 3.476741164922714233e-02 7.971231825649738312e-03 3.541102632880210876e-03 1.135928183794021606e-02 1.675554364919662476e-02 1.312231179326772690e-02 2.682938426733016968e-02 1.056833378970623016e-02 2.279876917600631714e-02 2.869873493909835815e-02 8.277337253093719482e-02 2.395290508866310120e-02 1.224346831440925598e-02 1.836430467665195465e-02 2.551575377583503723e-02
1.835829764604568481e-01 2.484094947576522827e-01 5.339621100574731827e-03 1.351873856037855148e-02 3.126681596040725708e-02 6.115938723087310791e-02 8.784877508878707886e-02 4.012815654277801514e-03 2.564070047810673714e-03 2.714354358613491058e-02 2.166655212640762329e-01 2.509720809757709503e-02 6.399764120578765869e-02 2.113823592662811279e-02 6.326387077569961548e-02 3.477562218904495239e-02 2.158574387431144714e-02 2.878353931009769440e-02 9.477955289185047150e-03 9.958540089428424835e-03 1.038366276770830154e-02 5.293638259172439575e-02 1.413933816365897655e-03 2.100958302617073059e-02 8.138480479829013348e-04 2.361593022942543030e-02 2.257255278527736664e-02 1.306116115301847458e-03 6.628633290529251099e-02 2.329966425895690918e-02 6.386493891477584839e-02 5.242644995450973511e-02 1.811255142092704773e-02 1.715589687228202820e-02 3.391561657190322876e-02 7.078745216131210327e-02 7.614327967166900635e-02 1.913272961974143982e-02 1.668733358383178711e-02 1.403130125254392624e-02 1.393650379031896591e-02 3.250117599964141846e-02 1.405459176748991013e-02 2.324931137263774872e-02 3.581401659175753593e-03 5.144027527421712875e-03 7.128195464611053467e-02 1.562256738543510437e-02 2.631719922646880150e-03 6.290199962677434087e-05 1.761405542492866516e-02 6.592109054327011108e-02 3.115031681954860687e-02 3.537680953741073608e-02 3.271901607513427734e-02 1.156917773187160492e-02 1.937415072461590171e-04 8.621562272310256958e-03 9.283636510372161865e-02 2.331260405480861664e-02 2.086764201521873474e-02 3.208089619874954224e-03 1.651120930910110474e-02 5.076467245817184448e-02 5.012341588735580444e-02 5.379768833518028259e-02 1.289217825978994370e-02 2.202189341187477112e-02 1.063485816121101379e-02 1.030733902007341385e-02 1.805717125535011292e-02 2.773298323154449463e-02 3.067949600517749786e-02 4.870221763849258423e-02 2.047310583293437958e-02 7.342035323381423950e-02 1.204287167638540268e-02 4.618937894701957703e-02 2.011934109032154083e-02 1.292806677520275116e-02 2.336593531072139740e-02 5.669786036014556885e-02 8.033137768507003784e-02 6.522187497466802597e-03 5.168027803301811218e-02 1.645321212708950043e-02 1.455315109342336655e-02 3.327394276857376099e-02 8.005523704923689365e-04 3.548218309879302979e-02 4.142131283879280090e-02 1.541136857122182846e-02 2.796212956309318542e-02 1.262243278324604034e-02 4.677410423755645752e-02 1.470845751464366913e-02 2.261867513880133629e-03 9.020133316516876221e-02 3.048328123986721039e-02 4.630016535520553589e-02 1.188753452152013779e-02 2.887878566980361938e-02 7.318324595689773560e-02 2.980340458452701569e-02 2.483186498284339905e-02 1.684563606977462769e-02 1.223974116146564484e-02 6.671381741762161255e-02 2.283493615686893463e-02 1.295638736337423325e-02 7.449346035718917847e-02 1.196923665702342987e-02 2.034645900130271912e-02 5.043568462133407593e-02 3.979647904634475708e-02 6.459083408117294312e-02
