8.132354170083999634e-02 2.085683941841125488e-01 6.125329062342643738e-03 1.878370344638824463e-02 2.908427640795707703e-02 9.068351238965988159e-02 7.749557495117187500e-02 4.560934752225875854e-02 3.789539681747555733e-03 5.819218978285789490e-02 1.535946875810623169e-01 6.479567289352416992e-02 1.291226446628570557e-01 2.158745564520359039e-02 6.072756275534629822e-02 1.053800922818481922e-03 1.990556716918945312e-03 1.005255710333585739e-02 8.315448649227619171e-03 4.398635774850845337e-02 2.874793112277984619e-02 3.578341379761695862e-02 3.751908370759338140e-04 3.528928756713867188e-02 3.137986734509468079e-02 2.152736531570553780e-03 1.722122728824615479e-02 3.674509003758430481e-02 5.425618588924407959e-02 2.254425175487995148e-02 3.161847963929176331e-02 2.045360207557678223e-02 2.376581169664859772e-02 1.674577966332435608e-02 1.129015907645225525e-02 8.624840527772903442e-03 2.452881447970867157e-02 3.426425904035568237e-02 5.488727986812591553e-02 2.810223959386348724e-02 7.117955014109611511e-03 2.644662745296955109e-03 1.516773924231529236e-02 9.343830868601799011e-03 2.702116779983043671e-02 1.729058846831321716e-02 8.120188862085342407e-02 6.088031455874443054e-02 3.112668544054031372e-02 5.334695801138877869e-02 2.838962152600288391e-02 2.407450601458549500e-02 1.942833513021469116e-02 6.626079976558685303e-02 2.439546398818492889e-02 9.685204178094863892e-02 4.454327747225761414e-02 3.753698617219924927e-02 5.132301896810531616e-02 2.466617850586771965e-03 1.568983867764472961e-02 3.829815611243247986e-02 7.601462770253419876e-03 3.661650046706199646e-02 8.164449594914913177e-03 3.830690309405326843e-02 4.000047966837882996e-02 1.803578692488372326e-03 4.571352154016494751e-03 1.337165292352437973e-02 4.014658555388450623e-02 1.683547045104205608e-03 2.595097199082374573e-02 2.847615443170070648e-02 6.072220578789710999e-02 5.636994726955890656e-03 2.685513719916343689e-02 1.401600800454616547e-02 3.086561337113380432e-02 4.602879285812377930e-03 2.990490943193435669e-02 5.842260271310806274e-02 2.741570025682449341e-02 2.017432078719139099e-02 1.289536431431770325e-02 2.574546076357364655e-02 1.524007786065340042e-02 4.944394901394844055e-02 4.749392345547676086e-02 2.373315021395683289e-02 1.009394228458404541e-01 3.330061212182044983e-02 7.715960592031478882e-02 2.517633838579058647e-03 1.643854426220059395e-03 1.946006715297698975e-02 2.920175530016422272e-02 5.529707297682762146e-02 1.285285968333482742e-02 1.774184405803680420e-02 2.594339475035667419e-02 1.930558122694492340e-02 7.502000778913497925e-02 6.391960661858320236e-03 7.442021369934082031e-02 4.068782180547714233e-02 3.916409239172935486e-02 2.605198696255683899e-02 4.668618552386760712e-03 4.958383366465568542e-02 4.984119161963462830e-02 2.614382095634937286e-02 1.478615403175354004e-02 1.728592626750469208e-02 2.229702845215797424e-02 3.585134819149971008e-02
2.085683941841125488e-01 8.519672602415084839e-02 5.661263316869735718e-02 5.438556894659996033e-03 5.371649563312530518e-02 1.219127979129552841e-02 8.815656602382659912e-02 3.009390085935592651e-02 2.780829928815364838e-02 4.710596054792404175e-02 1.019601970911026001e-01 5.606103315949440002e-02 1.305720955133438110e-01 1.461129542440176010e-02 5.136078223586082458e-02 2.077592769637703896e-03 2.480472996830940247e-02 1.189301069825887680e-02 4.694427177309989929e-02 1.037886366248130798e-02 7.000880781561136246e-03 4.275085031986236572e-02 1.126751024276018143e-02 2.913424186408519745e-02 3.064695559442043304e-02 2.356074191629886627e-02 1.803175359964370728e-02 3.508224384859204292e-03 5.884335935115814209e-02 3.038051351904869080e-02 5.436611548066139221e-02 8.209557086229324341e-02 1.367008406668901443e-02 4.781689122319221497e-02 1.649146713316440582e-02 5.563376005738973618e-03 4.015708714723587036e-02 3.597700502723455429e-03 4.651492834091186523e-02 1.885467953979969025e-02 2.619186183437705040e-03 5.133741721510887146e-02 1.048796717077493668e-02 4.589144140481948853e-02 1.796473190188407898e-02 2.487441897392272949e-02 6.591700762510299683e-02 5.705520883202552795e-02 4.142356570810079575e-03 9.710552985779941082e-04 2.566504478454589844e-02 1.014463836327195168e-03 2.120632678270339966e-02 9.124535322189331055e-02 8.893846534192562103e-03 7.367809861898422241e-02 2.232371084392070770e-02 3.895550593733787537e-02 1.816142164170742035e-02 5.238771904259920120e-03 1.843429543077945709e-02 1.991577446460723877e-03 2.432152070105075836e-02 3.239073976874351501e-02 4.982938524335622787e-03 4.137226566672325134e-02 1.063203718513250351e-02 5.070168524980545044e-03 1.971271634101867676e-02 1.037542428821325302e-02 1.827832683920860291e-02 4.958508536219596863e-02 2.520223706960678101e-02 2.157999388873577118e-02 8.294831961393356323e-02 6.568138953298330307e-03 4.755943547934293747e-03 1.991836819797754288e-03 8.579076081514358521e-02 1.389962155371904373e-02 2.459189668297767639e-02 1.962235895916819572e-03 2.214977145195007324e-02 2.401785366237163544e-02 7.501441985368728638e-02 3.067311272025108337e-02 5.341829732060432434e-02 7.197647541761398315e-02 2.172521129250526428e-02 2.256454899907112122e-02 1.016691625118255615e-01 6.101571768522262573e-02 1.204114556312561035e-01 2.519367448985576630e-02 9.418208152055740356e-03 1.475084666162729263e-02 6.140058860182762146e-02 5.634129792451858521e-02 2.949286438524723053e-02 1.378153543919324875e-02 6.659166421741247177e-03 3.984659165143966675e-02 9.920386970043182373e-02 5.310872104018926620e-03 6.438153982162475586e-02 3.486139699816703796e-02 5.780169740319252014e-03 2.988897450268268585e-02 9.378341957926750183e-03 3.547889878973364830e-03 3.070429712533950806e-02 4.769251868128776550e-02 2.012576907873153687e-02 5.033366847783327103e-03 5.450696498155593872e-02 6.374657899141311646e-02
6.125329062342643738e-03 5.661263316869735718e-02 3.478066995739936829e-02 6.963555701076984406e-03 1.261539990082383156e-03 8.934926241636276245e-03 3.811679035425186157e-02 7.867401838302612305e-02 1.781679876148700714e-02 9.446955285966396332e-03 4.450869187712669373e-02 2.902209758758544922e-02 4.788412153720855713e-02 6.664086133241653442e-02 1.189546734094619751e-01 3.019110113382339478e-02 3.272020444273948669e-02 4.226871952414512634e-02 5.426146526588127017e-05 9.909236431121826172e-02 6.975303590297698975e-02 2.093993313610553741e-02 3.365068929269909859e-03 4.888148978352546692e-02 5.532727017998695374e-02 3.289605304598808289e-02 6.497064232826232910e-02 8.939952403306961060e-02 2.278651297092437744e-02 3.487343341112136841e-02 3.129120916128158569e-02 3.753628581762313843e-02 3.203461691737174988e-02 3.091026470065116882e-02 3.482307493686676025e-02 6.280348449945449829e-02 8.189417421817779541e-02 1.081287511624395847e-03 3.315829485654830933e-02 2.661349438130855560e-02 6.355201476253569126e-04 6.011223047971725464e-02 4.325629398226737976e-02 4.476607218384742737e-02 3.815121948719024658e-02 2.316263318061828613e-02 8.114156126976013184e-02 4.722265526652336121e-02 1.848834217526018620e-03 3.797362744808197021e-02 1.274777762591838837e-02 3.985636681318283081e-02 3.001868957653641701e-03 5.219845101237297058e-02 5.238154903054237366e-02 1.146201882511377335e-02 3.901949524879455566e-02 1.204357221722602844e-01 7.871557772159576416e-02 3.482256084680557251e-02 5.805764719843864441e-02 2.493212930858135223e-02 4.602023959159851074e-02 3.015964291989803314e-02 3.637880086898803711e-02 3.003589995205402374e-02 4.903827607631683350e-02 4.496099054813385010e-02 1.853749901056289673e-02 5.769478157162666321e-02 2.916100993752479553e-02 4.209291934967041016e-02 2.385938540101051331e-02 7.493024691939353943e-03 3.180312365293502808e-02 2.347649075090885162e-02 4.038208723068237305e-02 2.693394757807254791e-02 1.978476904332637787e-02 3.129400685429573059e-02 1.960692405700683594e-01 1.182593181729316711e-01 5.834649875760078430e-02 7.826736569404602051e-02 4.352900385856628418e-02 2.670038864016532898e-02 3.379824757575988770e-02 1.156088151037693024e-02 7.376699894666671753e-02 1.652229693718254566e-03 1.004629489034414291e-02 8.298490196466445923e-02 4.058858007192611694e-02 4.701947420835494995e-02 4.771772772073745728e-03 7.013034075498580933e-03 3.400644659996032715e-02 4.198321700096130371e-02 2.742316573858261108e-02 2.367134671658277512e-03 5.729593336582183838e-02 2.493365854024887085e-02 9.581378847360610962e-02 1.257311925292015076e-02 8.052610605955123901e-02 6.699795275926589966e-02 2.938443794846534729e-02 4.107585176825523376e-02 1.117015630006790161e-02 2.740260213613510132e-02 2.228622511029243469e-02 2.997151017189025879e-02 4.340378195047378540e-02 6.482101976871490479e-02 1.264321655035018921e-01 7.275190949440002441e-02
1.878370344638824463e-02 5.438556894659996033e-03 6.963555701076984406e-03 8.350910618901252747e-03 2.103369981050491333e-01 3.031403757631778717e-02 2.861813828349113464e-02 4.821433499455451965e-02 7.040056586265563965e-02 5.367885902523994446e-02 4.216337949037551880e-02 2.038544416427612305e-02 2.417005226016044617e-02 2.001767134061083198e-04 4.224251024425029755e-04 2.099385857582092285e-02 3.168521216139197350e-03 2.094073593616485596e-02 3.463402390480041504e-02 2.210520207881927490e-02 3.900629468262195587e-03 3.368790820240974426e-02 6.389163434505462646e-02 1.457174122333526611e-02 2.890862710773944855e-02 1.527852099388837814e-02 2.020954154431819916e-03 3.348320722579956055e-02 3.674699738621711731e-02 3.101876936852931976e-02 3.905680030584335327e-02 1.282931584864854813e-02 5.325504392385482788e-02 1.234900671988725662e-02 3.145058825612068176e-02 1.122844778001308441e-02 3.878509253263473511e-02 1.094383653253316879e-02 2.017685770988464355e-02 3.299769759178161621e-02 4.507236182689666748e-02 1.579160429537296295e-02 4.182829707860946655e-02 8.470638841390609741e-02 7.680334895849227905e-02 1.066904049366712570e-02 3.990837931632995605e-02 9.540596511214971542e-04 1.266688574105501175e-03 3.808300942182540894e-02 1.035673450678586960e-02 4.176719486713409424e-02 1.182058919221162796e-02 5.134614184498786926e-02 4.196234792470932007e-02 7.426820229738950729e-03 3.073051385581493378e-02 3.317615017294883728e-02 5.287368968129158020e-02 7.090612500905990601e-02 8.363673090934753418e-02 2.973311766982078552e-02 6.943401880562305450e-03 1.687081903219223022e-02 1.705295220017433167e-02 5.411192774772644043e-02 2.564739249646663666e-02 1.097417343407869339e-02 3.440220281481742859e-02 4.322355985641479492e-02 2.411854825913906097e-02 8.091621100902557373e-03 1.928052008152008057e-01 7.419108878821134567e-03 1.717339009046554565e-01 7.489573210477828979e-03 4.088319838047027588e-02 7.240493595600128174e-02 2.031438052654266357e-02 3.785562887787818909e-02 2.580814994871616364e-02 3.595263510942459106e-02 1.273782253265380859e-01 8.374544233083724976e-02 6.990058813244104385e-03 9.024598449468612671e-02 4.506066814064979553e-02 2.663729153573513031e-02 4.348118975758552551e-02 1.254350692033767700e-01 3.688745200634002686e-02 7.903286069631576538e-02 7.005546707659959793e-03 1.791503094136714935e-02 5.834628362208604813e-03 1.947448775172233582e-02 8.528652787208557129e-02 3.292806074023246765e-02 5.807991698384284973e-02 4.331418871879577637e-02 8.612572401762008667e-02 4.144460335373878479e-02 1.452232617884874344e-02 6.400606036186218262e-02 2.240201272070407867e-02 8.686907589435577393e-03 3.904259949922561646e-02 5.712128058075904846e-02 7.960810326039791107e-03 5.609608441591262817e-02 3.768864274024963379e-02 3.969147056341171265e-02 2.794571034610271454e-02 5.389808863401412964e-02 4.591806326061487198e-03 6.664603948593139648e-02
2.908427640795707703e-02 5.371649563312530518e-02 1.261539990082383156e-03 2.103369981050491333e-01 6.127391755580902100e-02 2.546224743127822876e-02 1.087894756346940994e-02 3.412840887904167175e-02 2.128816582262516022e-02 8.372361771762371063e-03 5.198772624135017395e-02 4.822655767202377319e-02 3.789827972650527954e-02 6.838998198509216309e-02 5.828441306948661804e-02 1.614196598529815674e-02 8.799351751804351807e-02 3.235948085784912109e-02 4.593012854456901550e-02 1.217033993452787399e-02 7.975386455655097961e-03 4.803503304719924927e-02 8.642189949750900269e-02 3.871761262416839600e-02 2.047624066472053528e-02 5.359596386551856995e-02 5.902206152677536011e-02 3.840196877717971802e-02 1.699267700314521790e-02 1.301266252994537354e-02 2.019765786826610565e-02 1.733026094734668732e-02 4.613459482789039612e-02 1.467114035040140152e-02 4.740123823285102844e-02 3.181752935051918030e-02 2.559345588088035583e-02 3.299842774868011475e-02 1.186063140630722046e-01 1.460741460323333740e-01 2.117541059851646423e-02 4.655689466744661331e-03 5.930405459366738796e-04 1.406144946813583374e-01 7.430310547351837158e-02 1.003599725663661957e-02 4.637034237384796143e-02 2.206427790224552155e-02 2.913319133222103119e-02 2.099398523569107056e-02 1.074923854321241379e-02 4.506818205118179321e-02 4.488691687583923340e-02 5.480787530541419983e-02 3.672314807772636414e-02 6.361992657184600830e-02 1.219400577247142792e-02 3.924418613314628601e-02 9.710247628390789032e-03 1.155957877635955811e-01 6.574862450361251831e-02 5.283232033252716064e-02 6.633707880973815918e-02 3.787446022033691406e-02 2.716589346528053284e-02 4.442539438605308533e-02 3.274427028372883797e-03 9.143694187514483929e-04 2.776973322033882141e-02 2.605327963829040527e-02 6.766410171985626221e-02 3.709032607730478048e-04 1.399496495723724365e-01 5.812806636095046997e-02 2.201215177774429321e-01 7.437546551227569580e-02 7.296789437532424927e-02 1.232385984621942043e-03 4.203878715634346008e-02 2.589367143809795380e-02 1.467276737093925476e-02 2.796190418303012848e-02 2.879220433533191681e-02 3.993031755089759827e-02 4.841854795813560486e-03 2.569488994777202606e-02 4.487229883670806885e-02 8.477143943309783936e-03 3.254632651805877686e-02 5.584985390305519104e-02 5.604403465986251831e-02 1.949779130518436432e-02 2.647453173995018005e-02 2.107240259647369385e-03 6.047021597623825073e-02 3.033229149878025055e-02 1.932166749611496925e-03 4.904029518365859985e-02 8.310596644878387451e-02 7.027973979711532593e-02 1.993082650005817413e-02 5.042979121208190918e-02 4.243240877985954285e-02 2.995006740093231201e-02 8.206911385059356689e-02 2.822957560420036316e-02 4.168669506907463074e-02 2.462283894419670105e-02 2.625235915184020996e-02 4.075390845537185669e-02 1.393997762352228165e-02 1.007903739809989929e-02 3.433928638696670532e-02 2.011121995747089386e-02 2.161422371864318848e-02 1.932334713637828827e-02
9.068351238965988159e-02 1.219127979129552841e-02 8.934926241636276245e-03 3.031403757631778717e-02 2.546224743127822876e-02 2.976041473448276520e-02 1.692455708980560303e-01 6.217522919178009033e-02 6.304310262203216553e-02 1.632760651409626007e-02 1.161309145390987396e-02 1.166920065879821777e-01 2.314931014552712440e-03 4.551606997847557068e-02 3.414933755993843079e-02 8.474067784845829010e-03 3.741404740139842033e-03 5.918685346841812134e-02 4.950251057744026184e-02 6.933631841093301773e-03 1.301657501608133316e-02 5.003858357667922974e-02 3.170850127935409546e-02 8.831060840748250484e-04 1.311665866523981094e-02 6.857556756585836411e-03 2.076700888574123383e-02 6.309614330530166626e-02 4.946191236376762390e-02 1.061168126761913300e-02 6.325525790452957153e-02 2.711472846567630768e-02 3.582162037491798401e-02 1.436516060493886471e-03 1.858934946358203888e-02 8.123929798603057861e-02 5.363171920180320740e-02 1.212063245475292206e-02 6.428323686122894287e-02 6.550703197717666626e-02 1.384471450001001358e-02 2.055084519088268280e-02 3.877158835530281067e-02 9.214062243700027466e-02 6.165158748626708984e-02 4.531087726354598999e-02 1.786371618509292603e-01 1.060219034552574158e-01 3.226630855351686478e-03 2.314995042979717255e-02 2.277972875162959099e-03 2.316126786172389984e-02 3.338677436113357544e-02 3.074360452592372894e-02 3.477305546402931213e-02 1.591227576136589050e-02 1.076663099229335785e-02 3.975039720535278320e-02 2.601428143680095673e-02 6.404507160186767578e-02 2.156812883913516998e-02 1.068518590182065964e-02 6.796020083129405975e-03 2.055593766272068024e-02 4.470274969935417175e-02 5.016238987445831299e-02 1.972128869965672493e-03 4.351788666099309921e-03 5.207434296607971191e-03 1.214504800736904144e-02 2.309547364711761475e-02 2.948826365172863007e-02 7.363885175436735153e-03 3.834186354652047157e-03 1.730116829276084900e-02 1.628606952726840973e-02 3.760653315111994743e-03 1.579519594088196754e-03 6.900877505540847778e-02 1.932571083307266235e-02 5.318082496523857117e-02 1.428150851279497147e-02 1.756081730127334595e-02 1.265914924442768097e-02 5.146750807762145996e-02 2.207424491643905640e-02 1.402074564248323441e-02 1.958924159407615662e-02 6.076697260141372681e-02 3.585347533226013184e-02 5.622709915041923523e-02 4.385120049118995667e-02 1.640975289046764374e-02 2.576865814626216888e-02 3.523833677172660828e-02 7.753769867122173309e-03 4.919530078768730164e-02 5.137729644775390625e-02 6.099728867411613464e-03 1.768883690237998962e-02 2.782178111374378204e-03 1.670928671956062317e-02 1.415846683084964752e-02 7.141650468111038208e-02 5.632073804736137390e-02 1.796727254986763000e-02 3.681788966059684753e-02 3.640751168131828308e-02 3.298680856823921204e-02 1.415094919502735138e-02 6.864515691995620728e-02 6.844647228717803955e-02 8.109941147267818451e-03 1.621821708977222443e-02 2.227849140763282776e-02 2.319103851914405823e-02
7.749557495117187500e-02 8.815656602382659912e-02 3.811679035425186157e-02 2.861813828349113464e-02 1.087894756346940994e-02 1.692455708980560303e-01 5.969237163662910461e-02 3.895484656095504761e-02 7.017823401838541031e-03 4.359774664044380188e-02 8.195910602807998657e-03 2.131493762135505676e-03 3.590425476431846619e-02 2.796438150107860565e-02 1.692817732691764832e-02 1.372566446661949158e-03 3.071746788918972015e-03 4.100320488214492798e-02 3.009055368602275848e-02 3.507773578166961670e-02 5.003888625651597977e-03 1.142504904419183731e-02 4.317234084010124207e-02 1.410982478410005569e-02 6.565967947244644165e-02 4.721584729850292206e-03 3.401613980531692505e-02 5.799364298582077026e-02 2.446693927049636841e-02 1.310300920158624649e-02 4.171877726912498474e-02 2.506401389837265015e-02 2.956259995698928833e-02 1.180872600525617599e-02 1.030701212584972382e-02 1.467342488467693329e-02 6.979693192988634109e-03 3.038568794727325439e-02 4.955286160111427307e-02 3.189527615904808044e-02 2.436103485524654388e-02 1.303828135132789612e-02 1.353751216083765030e-02 5.309531092643737793e-02 5.621571838855743408e-02 1.403592899441719055e-02 1.097986251115798950e-01 9.977594017982482910e-02 5.224131047725677490e-02 8.736362680792808533e-03 6.142365559935569763e-02 9.798523783683776855e-02 2.330573089420795441e-02 3.028900921344757080e-02 7.089740131050348282e-03 2.939358726143836975e-02 2.654367499053478241e-02 3.725080564618110657e-02 4.129061009734869003e-03 5.327649042010307312e-02 4.773408174514770508e-02 9.905175305902957916e-03 4.498565103858709335e-03 1.455627381801605225e-02 6.524974107742309570e-02 3.214717283844947815e-02 5.801391322165727615e-03 3.350513754412531853e-03 9.439504705369472504e-03 1.221406739205121994e-02 3.573923185467720032e-02 5.234051030129194260e-03 2.260043518617749214e-03 2.504913322627544403e-02 3.880189731717109680e-02 1.443573157303035259e-03 3.263536468148231506e-02 3.482440114021301270e-02 2.459676750004291534e-02 9.440055582672357559e-04 3.327682986855506897e-02 2.663652412593364716e-03 1.219354663044214249e-02 1.736596971750259399e-02 2.745456434786319733e-02 3.821077942848205566e-02 6.163994316011667252e-03 4.513537511229515076e-02 1.892098970711231232e-02 4.719541221857070923e-02 7.579115778207778931e-02 9.221655316650867462e-03 8.773493021726608276e-02 2.329648844897747040e-02 2.711062785238027573e-03 3.068685345351696014e-02 6.137426011264324188e-03 2.273923950269818306e-03 3.233145922422409058e-02 4.146195575594902039e-02 2.392905391752719879e-02 8.656634017825126648e-03 6.448967382311820984e-03 3.670439822599291801e-03 8.864778093993663788e-03 5.757115036249160767e-02 4.658394679427146912e-02 6.506426725536584854e-03 3.892073780298233032e-02 4.635030403733253479e-03 1.779416692443192005e-03 7.862763479351997375e-03 1.132139563560485840e-02 6.428585038520395756e-04 1.178574282675981522e-02 4.727601259946823120e-02
4.560934752225875854e-02 3.009390085935592651e-02 7.867401838302612305e-02 4.821433499455451965e-02 3.412840887904167175e-02 6.217522919178009033e-02 3.895484656095504761e-02 5.715992674231529236e-02 2.450650185346603394e-02 2.256695739924907684e-02 7.949919253587722778e-02 2.274569496512413025e-02 7.138956338167190552e-02 4.520298168063163757e-02 2.536104321479797363e-01 3.907425701618194580e-02 9.331979788839817047e-03 6.266084313392639160e-02 3.166917338967323303e-02 3.520737588405609131e-02 6.223984528332948685e-03 2.191667072474956512e-02 1.935456180945038795e-03 1.038940995931625366e-01 2.886649966239929199e-02 1.035216450691223145e-02 9.540493600070476532e-03 3.279376775026321411e-02 9.571118280291557312e-03 9.041578508913516998e-03 3.398431837558746338e-02 4.527863115072250366e-02 2.144009061157703400e-02 1.612359844148159027e-02 1.580176316201686859e-02 4.632426425814628601e-02 1.170393675565719604e-01 2.259522303938865662e-02 2.273542573675513268e-03 8.115596137940883636e-03 3.042810037732124329e-02 3.070428967475891113e-02 3.196709975600242615e-02 6.814169883728027344e-02 4.338742047548294067e-02 1.049985922873020172e-02 7.558171171694993973e-03 1.838986575603485107e-02 9.368366003036499023e-02 4.722863808274269104e-02 3.708522766828536987e-02 7.401809841394424438e-02 1.273698639124631882e-02 7.297185063362121582e-02 3.513525426387786865e-02 3.787885233759880066e-02 1.232899446040391922e-02 5.735913664102554321e-02 7.629422843456268311e-02 7.633826881647109985e-02 3.328610211610794067e-02 3.435375913977622986e-02 4.996184632182121277e-02 6.842745840549468994e-02 3.613702952861785889e-02 3.953057527542114258e-02 1.069557387381792068e-02 4.248215816915035248e-03 1.895312964916229248e-02 3.295809496194124222e-03 7.232043426483869553e-03 2.652216935530304909e-03 7.503440976142883301e-02 1.141862827353179455e-03 3.982011601328849792e-02 1.728285104036331177e-02 2.705321833491325378e-02 1.936985924839973450e-02 2.243012376129627228e-02 2.649630419909954071e-02 1.435076594352722168e-01 5.294007062911987305e-02 3.789279982447624207e-02 6.111947819590568542e-02 2.934217685833573341e-03 2.673059701919555664e-02 2.654289007186889648e-01 3.224465623497962952e-02 3.894429281353950500e-02 3.322026878595352173e-02 4.162574652582406998e-03 2.056962065398693085e-02 1.954565010964870453e-02 4.802640527486801147e-02 5.238264426589012146e-02 5.335397273302078247e-02 4.336020350456237793e-02 1.571971923112869263e-02 2.550888061523437500e-02 2.039538137614727020e-02 6.639148294925689697e-02 8.814993314445018768e-03 5.301328375935554504e-02 5.077292025089263916e-02 1.553136669099330902e-02 4.090099409222602844e-02 3.359605744481086731e-02 5.761216208338737488e-02 5.354939028620719910e-02 3.182583488523960114e-03 3.860097005963325500e-02 4.703072458505630493e-02 1.719477958977222443e-02 5.782295763492584229e-02 5.484551191329956055e-02 9.357811883091926575e-03
3.789539681747555733e-03 2.780829928815364838e-02 1.781679876148700714e-02 7.040056586265563965e-02 2.128816582262516022e-02 6.304310262203216553e-02 7.017823401838541031e-03 2.450650185346603394e-02 8.619058877229690552e-03 5.131310597062110901e-02 4.114649072289466858e-02 3.114028368145227432e-03 1.956736110150814056e-02 6.598107982426881790e-03 1.479600556194782257e-02 3.573751449584960938e-02 5.573676526546478271e-02 1.349405199289321899e-01 5.331636592745780945e-02 8.124430663883686066e-03 1.656285673379898071e-02 2.443322166800498962e-02 1.765439286828041077e-02 6.704794359393417835e-04 3.057278320193290710e-02 4.132057353854179382e-02 3.846437484025955200e-02 4.928288608789443970e-02 1.282183174043893814e-02 2.041620027739554644e-04 6.165779009461402893e-02 2.268126979470252991e-02 6.231296434998512268e-02 1.533545367419719696e-02 4.845709353685379028e-02 9.916617535054683685e-03 2.437020838260650635e-02 2.492027170956134796e-02 8.692216128110885620e-02 1.033472418785095215e-01 6.117854639887809753e-02 9.124258160591125488e-02 1.666631177067756653e-02 3.378286585211753845e-02 1.048768870532512665e-02 1.834668964147567749e-02 1.098616607487201691e-02 3.188496688380837440e-03 7.501953095197677612e-02 2.448693476617336273e-02 1.343934051692485809e-02 1.918723434209823608e-02 4.907974973320960999e-02 6.731218844652175903e-02 8.965211361646652222e-02 3.160283714532852173e-02 1.288934424519538879e-02 5.531682446599006653e-02 2.274282276630401611e-02 2.276314422488212585e-02 1.347497198730707169e-02 9.495051577687263489e-03 2.258595777675509453e-04 2.321690590179059654e-05 9.036111831665039062e-02 1.797907613217830658e-02 6.868237257003784180e-02 3.592891246080398560e-02 6.283114850521087646e-02 2.600615262053906918e-04 1.791236177086830139e-02 6.887521129101514816e-03 3.842210024595260620e-02 2.795109711587429047e-02 5.080383270978927612e-02 6.612823158502578735e-02 1.743713766336441040e-01 7.989545166492462158e-02 8.997432887554168701e-02 5.867592059075832367e-03 2.457085996866226196e-02 3.803244233131408691e-02 8.686832338571548462e-02 2.932066284120082855e-02 4.243533685803413391e-02 5.721764266490936279e-02 2.288050577044487000e-02 3.036709502339363098e-02 1.018780320882797241e-01 4.803101345896720886e-02 1.696408726274967194e-03 6.643263995647430420e-02 2.904679439961910248e-02 9.816328994929790497e-03 4.130303487181663513e-02 2.409009821712970734e-02 5.898140836507081985e-03 1.376611180603504181e-02 4.868788644671440125e-02 1.910608075559139252e-02 3.984045609831809998e-02 6.049814447760581970e-02 2.242869324982166290e-02 7.144523411989212036e-02 1.720435544848442078e-02 3.068159334361553192e-02 5.756418779492378235e-02 8.349002897739410400e-02 5.281791836023330688e-02 8.021173998713493347e-03 1.046325359493494034e-02 8.993548341095447540e-03 1.497857179492712021e-02 2.808814868330955505e-03 5.492974817752838135e-02 5.838235467672348022e-02
5.819218978285789490e-02 4.710596054792404175e-02 9.446955285966396332e-03 5.367885902523994446e-02 8.372361771762371063e-03 1.632760651409626007e-02 4.359774664044380188e-02 2.256695739924907684e-02 5.131310597062110901e-02 3.294774889945983887e-02 1.617207564413547516e-02 5.327488481998443604e-02 5.614111572504043579e-02 4.191388841718435287e-03 5.400261282920837402e-02 5.718754604458808899e-03 1.224007178097963333e-02 2.220652811229228973e-02 7.894980907440185547e-02 2.477890811860561371e-02 5.934505723416805267e-03 3.749803826212882996e-02 6.159276701509952545e-03 5.510222539305686951e-02 1.109470892697572708e-02 3.066175850108265877e-03 9.134152904152870178e-03 2.973716473206877708e-03 1.256174501031637192e-02 2.182658202946186066e-02 3.115906193852424622e-02 5.438416451215744019e-02 3.428921848535537720e-02 1.816255971789360046e-02 4.812152683734893799e-02 4.990893974900245667e-02 1.702677458524703979e-02 2.901241555809974670e-02 8.988576009869575500e-03 5.836452916264533997e-02 4.572112485766410828e-02 4.880894720554351807e-02 7.997801899909973145e-02 3.457286208868026733e-02 5.481886677443981171e-03 7.467628270387649536e-02 3.052113205194473267e-02 5.954941362142562866e-02 5.663726851344108582e-02 1.086884737014770508e-01 2.976196445524692535e-02 7.736996281892061234e-03 1.693819090723991394e-02 2.301059663295745850e-03 4.246850311756134033e-02 9.093193709850311279e-02 1.477307360619306564e-02 3.280684817582368851e-03 4.105615429580211639e-03 6.789385341107845306e-03 2.236477285623550415e-02 2.798929635901004076e-04 5.968223791569471359e-03 1.313533354550600052e-02 3.857805579900741577e-02 1.645496301352977753e-02 4.795536771416664124e-02 1.036336272954940796e-02 3.315926715731620789e-02 6.405260413885116577e-02 2.407013624906539917e-02 7.821905426681041718e-03 1.200906559824943542e-02 3.715069964528083801e-02 2.768195420503616333e-02 3.483834490180015564e-02 4.099239781498908997e-02 1.168837547302246094e-01 2.123642526566982269e-02 8.573557436466217041e-02 1.714463159441947937e-02 3.016578592360019684e-02 2.663152106106281281e-02 7.827850431203842163e-02 7.038174569606781006e-02 5.577339604496955872e-02 6.004782021045684814e-02 2.227651700377464294e-02 3.942942991852760315e-02 8.441678434610366821e-02 1.599670015275478363e-02 3.125410526990890503e-02 3.323558345437049866e-02 2.663637883961200714e-02 2.807847969233989716e-02 5.518272891640663147e-02 3.855145350098609924e-02 1.183458138257265091e-03 6.642135791480541229e-03 3.292006207630038261e-03 4.901251196861267090e-02 4.372433945536613464e-02 4.487295821309089661e-02 3.533991286531090736e-03 2.776626311242580414e-02 1.372613105922937393e-02 5.173538252711296082e-02 1.674198894761502743e-03 1.354870758950710297e-02 4.787581507116556168e-03 4.666366055607795715e-02 1.897107623517513275e-02 2.596331760287284851e-02 1.175021938979625702e-02 2.254366129636764526e-02 8.491083979606628418e-03
1.535946875810623169e-01 1.019601970911026001e-01 4.450869187712669373e-02 4.216337949037551880e-02 5.198772624135017395e-02 1.161309145390987396e-02 8.195910602807998657e-03 7.949919253587722778e-02 4.114649072289466858e-02 1.617207564413547516e-02 2.197553589940071106e-02 2.784671448171138763e-02 2.685320079326629639e-01 6.548357754945755005e-02 1.514068096876144409e-01 5.515380948781967163e-02 3.016680106520652771e-02 7.479639607481658459e-04 3.249404206871986389e-02 4.193946719169616699e-02 1.752266101539134979e-02 1.229259595274925232e-01 2.987169660627841949e-03 2.083699591457843781e-02 1.192064583301544189e-02 7.988772355020046234e-03 4.560922831296920776e-02 5.436848849058151245e-03 8.931987732648849487e-02 4.985205084085464478e-02 1.640619896352291107e-02 1.904284395277500153e-02 3.885791450738906860e-02 3.875235468149185181e-02 4.718005657196044922e-04 1.862404681742191315e-02 9.053749591112136841e-02 4.222624003887176514e-02 1.575099490582942963e-02 4.268848337233066559e-03 2.916626632213592529e-02 1.633896119892597198e-02 3.183321654796600342e-02 4.054563120007514954e-02 2.339453808963298798e-02 3.277767822146415710e-02 4.016511142253875732e-03 1.846911944448947906e-02 2.190697565674781799e-02 4.526831582188606262e-02 1.617288216948509216e-02 5.951568484306335449e-02 2.638181485235691071e-02 1.902081631124019623e-02 3.027858957648277283e-02 6.009542569518089294e-02 5.718536209315061569e-03 6.487078964710235596e-02 4.692605882883071899e-02 3.779634460806846619e-02 2.633558027446269989e-02 4.657879471778869629e-02 2.554937079548835754e-02 2.401770092546939850e-02 2.817687345668673515e-03 6.870389729738235474e-02 3.885452821850776672e-02 4.381241649389266968e-02 3.726932778954505920e-02 4.653016105294227600e-02 9.668204188346862793e-02 5.487140640616416931e-02 5.106596276164054871e-02 5.169274285435676575e-02 2.247607335448265076e-02 4.312428086996078491e-02 4.505984485149383545e-02 2.939934283494949341e-02 4.697795212268829346e-02 2.160768769681453705e-02 6.902895122766494751e-02 1.148292794823646545e-02 1.357385516166687012e-02 3.971758112311363220e-02 3.915226459503173828e-02 2.744676778092980385e-03 1.195211410522460938e-01 9.017448127269744873e-02 1.333464775234460831e-02 3.045970946550369263e-02 1.955704391002655029e-02 1.859289780259132385e-02 1.485409028828144073e-02 2.984223328530788422e-02 1.949263364076614380e-02 5.337525904178619385e-02 3.761529922485351562e-02 3.199478983879089355e-02 2.615281566977500916e-02 2.158767357468605042e-02 1.252184342592954636e-02 5.371671915054321289e-02 1.882092282176017761e-02 3.667678311467170715e-02 4.743584617972373962e-02 1.325706485658884048e-02 1.747808977961540222e-02 7.175343343988060951e-04 7.795403897762298584e-02 2.264559455215930939e-02 3.266930952668190002e-02 5.509525910019874573e-02 9.690311271697282791e-04 2.140842005610466003e-02 1.060828007757663727e-02 1.269368641078472137e-02
6.479567289352416992e-02 5.606103315949440002e-02 2.902209758758544922e-02 2.038544416427612305e-02 4.822655767202377319e-02 1.166920065879821777e-01 2.131493762135505676e-03 2.274569496512413025e-02 3.114028368145227432e-03 5.327488481998443604e-02 2.784671448171138763e-02 2.712405752390623093e-03 3.495074808597564697e-02 3.145652711391448975e-01 9.459138661623001099e-02 2.746162936091423035e-02 3.642836213111877441e-02 5.217232927680015564e-02 6.445584446191787720e-02 1.299736276268959045e-02 2.114505320787429810e-02 7.061707228422164917e-02 1.647101901471614838e-02 7.483943551778793335e-02 4.366399720311164856e-02 3.047987259924411774e-02 5.935998260974884033e-02 3.567252308130264282e-02 4.324834793806076050e-02 3.291595354676246643e-02 2.327647432684898376e-02 5.259358510375022888e-02 4.932812973856925964e-02 3.098719380795955658e-02 8.662144839763641357e-02 3.804259002208709717e-02 3.028061985969543457e-02 4.697723314166069031e-02 5.023809522390365601e-02 3.730012103915214539e-03 5.034900736063718796e-03 3.064871020615100861e-02 5.705452337861061096e-02 6.235098093748092651e-02 1.775384098291397095e-01 4.940377548336982727e-02 4.048344865441322327e-02 4.382843524217605591e-02 6.945125642232596874e-04 5.936304572969675064e-03 3.231842443346977234e-02 1.248843967914581299e-02 1.494604349136352539e-02 4.579231142997741699e-02 2.969067171216011047e-02 2.925134077668190002e-02 5.313168838620185852e-02 3.629728406667709351e-02 7.926604151725769043e-02 8.878804743289947510e-03 4.372016340494155884e-02 5.043894052505493164e-03 1.094021946191787720e-01 5.012985691428184509e-02 1.185671426355838776e-03 5.993818491697311401e-02 2.476507611572742462e-02 5.916350334882736206e-02 3.880851669237017632e-03 5.791503190994262695e-02 9.461016394197940826e-03 5.656827986240386963e-02 1.824939996004104614e-02 3.147971630096435547e-02 5.834253504872322083e-02 3.170467540621757507e-02 5.457003414630889893e-02 3.699317201972007751e-02 1.089991927146911621e-01 3.310110187157988548e-03 9.340057522058486938e-02 6.087015569210052490e-02 6.971757113933563232e-02 5.860844627022743225e-03 7.519841194152832031e-02 6.436195969581604004e-02 4.181476309895515442e-02 3.937584161758422852e-02 1.555537581443786621e-01 1.032760180532932281e-02 8.700677007436752319e-02 3.539709746837615967e-02 4.640728235244750977e-03 7.857273519039154053e-02 3.146963566541671753e-02 5.898586474359035492e-03 7.090702187269926071e-03 5.926100071519613266e-03 1.738409884274005890e-02 4.640412703156471252e-02 3.900169208645820618e-02 5.147269740700721741e-02 5.315976962447166443e-02 5.355177447199821472e-02 1.688790693879127502e-02 5.788951180875301361e-03 6.227948516607284546e-02 4.645757749676704407e-02 8.240466006100177765e-03 3.206462413072586060e-02 5.152022093534469604e-02 2.401147969067096710e-02 2.512597292661666870e-02 1.659114472568035126e-02 2.160257846117019653e-02 3.353228420019149780e-02
1.291226446628570557e-01 1.305720955133438110e-01 4.788412153720855713e-02 2.417005226016044617e-02 3.789827972650527954e-02 2.314931014552712440e-03 3.590425476431846619e-02 7.138956338167190552e-02 1.956736110150814056e-02 5.614111572504043579e-02 2.685320079326629639e-01 3.495074808597564697e-02 7.076703011989593506e-02 5.343318730592727661e-02 1.753506362438201904e-01 4.017804190516471863e-02 2.184702781960368156e-03 8.500021882355213165e-03 1.491150446236133575e-02 1.216385327279567719e-02 3.684062510728836060e-02 1.256038695573806763e-01 1.472693774849176407e-02 9.311145171523094177e-03 8.350771851837635040e-03 1.264754682779312134e-02 4.899831116199493408e-02 1.536854822188615799e-02 8.997005969285964966e-02 7.678329013288021088e-03 5.475667491555213928e-02 2.392731420695781708e-02 5.758586525917053223e-02 1.233959477394819260e-02 3.832733631134033203e-02 1.195054873824119568e-02 5.187791306525468826e-03 2.054032683372497559e-02 3.723161667585372925e-02 2.440224960446357727e-02 2.767012640833854675e-02 2.985067851841449738e-02 1.207116153091192245e-02 5.523569416254758835e-03 3.747581649804487824e-05 1.407670415937900543e-02 8.403015322983264923e-03 2.054207958281040192e-02 3.451596572995185852e-02 4.089899733662605286e-02 4.739662632346153259e-02 1.068960130214691162e-02 3.644944354891777039e-02 1.032846719026565552e-01 1.505147852003574371e-02 1.696241460740566254e-02 1.007098890841007233e-02 3.569637984037399292e-02 1.416274160146713257e-02 2.812525629997253418e-02 1.290858536958694458e-02 7.251885253936052322e-04 6.357102096080780029e-02 2.857302129268646240e-02 2.444273605942726135e-02 9.970115497708320618e-03 6.783521920442581177e-02 4.943250119686126709e-02 1.378676947206258774e-02 4.016909375786781311e-02 1.292385067790746689e-02 1.594807207584381104e-02 2.985100634396076202e-02 2.281921729445457458e-02 5.632610619068145752e-02 4.389584064483642578e-02 2.330709248781204224e-02 3.446852415800094604e-02 3.512653987854719162e-03 3.497326001524925232e-02 4.196508973836898804e-02 2.865841798484325409e-02 3.403471084311604500e-03 3.703737631440162659e-02 1.174785476177930832e-02 5.043665692210197449e-02 9.988532215356826782e-02 1.705793663859367371e-03 5.465763388201594353e-04 6.145665887743234634e-03 3.553307801485061646e-02 7.631150539964437485e-03 3.470306843519210815e-02 3.279326856136322021e-02 5.350944399833679199e-02 8.313950896263122559e-02 2.718849852681159973e-02 2.394757000729441643e-03 1.545188296586275101e-02 4.133165813982486725e-03 9.167000651359558105e-02 9.870575368404388428e-02 1.569750346243381500e-02 5.667643249034881592e-02 3.088928014039993286e-02 2.377333119511604309e-02 4.714159667491912842e-02 1.963833719491958618e-02 7.450306415557861328e-02 5.752531439065933228e-02 2.453285455703735352e-02 3.858942538499832153e-03 2.344948425889015198e-02 9.749009273946285248e-03 2.583611756563186646e-02 4.072275385260581970e-02
