9.996558725833892822e-02 2.598110437393188477e-01 1.455884659662842751e-03 2.608395926654338837e-02 7.221750915050506592e-02 7.161048054695129395e-02 8.579535782337188721e-02 1.910663396120071411e-02 2.160315215587615967e-02 2.317251870408654213e-03 1.384318917989730835e-01 6.478595733642578125e-02 1.240393966436386108e-01 3.168173879384994507e-02 3.771610181502182968e-06 3.116201795637607574e-02 2.527557872235774994e-02 2.562730200588703156e-02 2.814708836376667023e-02 5.106692202389240265e-03 2.995353564620018005e-02 1.144753582775592804e-02 1.231733476743102074e-03 1.545683946460485458e-02 8.616669103503227234e-03 1.910534105263650417e-03 1.886278390884399414e-02 6.711199879646301270e-02 2.827138081192970276e-02 4.285553097724914551e-02 6.574669480323791504e-02 6.747878622263669968e-03 3.525300323963165283e-02 1.500700321048498154e-02 4.017982259392738342e-02 8.357959240674972534e-02 3.870587423443794250e-02 2.618107013404369354e-02 8.575011976063251495e-03 1.033301465213298798e-03 7.933145016431808472e-02 3.451365977525711060e-02 3.078642301261425018e-02 3.085048170760273933e-03 2.078624628484249115e-02 4.546169936656951904e-02 4.583638906478881836e-02 3.634345158934593201e-02 9.319584816694259644e-03 5.026888102293014526e-02 2.682651206851005554e-02 6.082601030357182026e-04 2.657224424183368683e-02 5.782726686447858810e-03 6.925015244632959366e-03 8.906751871109008789e-03 1.578463800251483917e-02 7.526245713233947754e-02 3.713112324476242065e-02 2.758410759270191193e-02 5.606534704566001892e-02 2.619682066142559052e-02 8.021890185773372650e-03 1.060794107615947723e-02 2.361933141946792603e-02 8.331311494112014771e-02 8.682802319526672363e-03 1.138131320476531982e-02 2.169223874807357788e-02 5.868867412209510803e-02 2.626858651638031006e-02 5.451974272727966309e-02 4.043568298220634460e-02 2.683826535940170288e-02 7.504939287900924683e-02 1.205009128898382187e-02 2.008771337568759918e-02 3.594718873500823975e-02 4.455012828111648560e-02 1.575749367475509644e-02 1.009307801723480225e-02 3.271124139428138733e-02 8.393453806638717651e-02 4.223751649260520935e-02 2.730061858892440796e-02 3.265074221417307854e-03 4.768976196646690369e-02 6.191000342369079590e-02 2.735731890425086021e-03 5.259546265006065369e-02 5.294881016016006470e-02 2.560727857053279877e-02 4.453061148524284363e-02 2.842039568349719048e-03 3.380395099520683289e-02 1.553133223205804825e-02 9.125939104706048965e-04 2.157771959900856018e-02 7.051939144730567932e-03 2.770827896893024445e-02 1.817142777144908905e-02 1.517228037118911743e-02 1.423107367008924484e-02 9.941039606928825378e-03 2.578455768525600433e-02 3.512701718136668205e-03 3.904968872666358948e-02 4.249618202447891235e-02 1.317674480378627777e-02 3.717780858278274536e-02 7.609188556671142578e-02 1.108848080039024353e-01 3.208087384700775146e-02 1.148762553930282593e-02 1.480134949088096619e-02 3.855116292834281921e-02
2.598110437393188477e-01 1.772476136684417725e-01 2.626581490039825439e-02 2.479980327188968658e-02 2.711447514593601227e-02 8.398130536079406738e-02 1.122127994894981384e-01 2.132590115070343018e-02 4.716937430202960968e-03 3.506568819284439087e-02 1.123871356248855591e-01 6.724292784929275513e-02 1.389077305793762207e-01 4.294343665242195129e-02 1.138845272362232208e-02 4.739547148346900940e-02 3.055556491017341614e-02 3.207560628652572632e-02 3.752143308520317078e-02 2.632278390228748322e-02 4.883566871285438538e-02 5.682399868965148926e-02 1.372427120804786682e-02 2.152157574892044067e-02 1.355270761996507645e-02 1.969164051115512848e-02 2.124819345772266388e-02 2.350475452840328217e-02 2.080776542425155640e-02 1.387365482514724135e-04 1.549167186021804810e-02 6.488965358585119247e-03 6.152844429016113281e-02 8.573308587074279785e-03 1.961483061313629150e-02 4.807291924953460693e-02 3.200470656156539917e-02 2.156504243612289429e-02 4.979444295167922974e-02 4.440349340438842773e-02 1.126136863604187965e-03 2.645305544137954712e-02 5.352606065571308136e-03 1.944039389491081238e-02 2.954170294106006622e-02 4.444681107997894287e-03 5.924714356660842896e-02 6.728066504001617432e-02 2.322171203559264541e-04 2.136994153261184692e-03 3.122743684798479080e-03 4.121080972254276276e-03 3.830661252140998840e-02 4.082445427775382996e-02 4.297855310142040253e-03 2.733771502971649170e-02 2.100492082536220551e-02 4.920813441276550293e-02 2.764382772147655487e-02 1.636125333607196808e-02 3.346854355186223984e-03 4.194141179323196411e-02 3.240180760622024536e-02 3.755275160074234009e-02 2.023747190833091736e-02 6.403858773410320282e-03 1.926563447341322899e-03 2.480408176779747009e-02 3.264794126152992249e-03 2.518984256312251091e-03 5.316168069839477539e-03 8.357353508472442627e-04 1.260952092707157135e-03 3.158356621861457825e-02 4.034956544637680054e-02 3.210469335317611694e-02 4.803051706403493881e-03 2.341733081266283989e-03 3.469680994749069214e-02 2.707390300929546356e-02 3.991839289665222168e-02 1.651152223348617554e-02 6.055696308612823486e-02 8.261634968221187592e-03 6.547985132783651352e-03 9.852697141468524933e-03 6.356225349009037018e-03 6.907938048243522644e-03 3.798501193523406982e-02 3.216356784105300903e-02 4.165012389421463013e-02 2.291388809680938721e-02 7.192683219909667969e-02 3.266678750514984131e-02 5.086998920887708664e-03 3.940254915505647659e-03 3.114997968077659607e-02 5.201384052634239197e-02 2.015909180045127869e-02 9.824669919908046722e-03 4.257875494658946991e-03 9.611390531063079834e-03 3.115810081362724304e-02 1.519632525742053986e-02 2.510850504040718079e-02 4.297334328293800354e-02 4.979368764907121658e-03 2.440662868320941925e-02 9.943930432200431824e-03 1.743987319059669971e-03 5.628052633255720139e-03 1.535258535295724869e-02 2.458150684833526611e-02 2.469895780086517334e-02 4.466058313846588135e-02 2.893895842134952545e-02
1.455884659662842751e-03 2.626581490039825439e-02 2.305091358721256256e-02 5.969013087451457977e-03 2.062677405774593353e-02 5.366615206003189087e-02 3.100233711302280426e-02 9.117133915424346924e-02 2.841633372008800507e-02 7.370778918266296387e-02 1.641488447785377502e-02 3.603100776672363281e-02 1.075039338320493698e-02 2.731881570070981979e-03 1.028236225247383118e-01 2.830386534333229065e-02 2.398891188204288483e-02 2.052608877420425415e-02 7.518944144248962402e-02 2.984591759741306305e-02 3.925141692161560059e-02 2.025793120265007019e-02 1.042392477393150330e-02 4.651764407753944397e-02 1.028655376285314560e-02 1.053027529269456863e-02 4.668520390987396240e-02 2.775646001100540161e-02 1.079026423394680023e-02 3.089873306453227997e-02 3.612855449318885803e-02 4.584128502756357193e-03 2.464011311531066895e-02 2.678184770047664642e-02 4.347572848200798035e-02 1.458871643990278244e-02 2.842049114406108856e-02 5.185331776738166809e-02 4.919951409101486206e-02 2.356619201600551605e-02 2.979236282408237457e-02 2.903521433472633362e-02 1.262811850756406784e-02 1.645769551396369934e-02 8.279510773718357086e-03 3.850144147872924805e-02 3.528513759374618530e-02 9.436710737645626068e-03 1.256033894605934620e-03 1.345342677086591721e-02 1.092607527971267700e-02 4.085649177432060242e-02 2.890739357098937035e-03 1.338501111604273319e-03 3.636579960584640503e-02 3.049493581056594849e-02 8.780412608757615089e-04 1.606349647045135498e-02 2.487391680479049683e-01 5.068447813391685486e-02 1.426739152520895004e-02 2.485713921487331390e-02 1.846099831163883209e-02 9.718149900436401367e-03 4.957780241966247559e-02 3.544242307543754578e-02 2.232266589999198914e-02 7.130722515285015106e-03 4.498147219419479370e-02 4.393936693668365479e-02 3.936782106757164001e-02 1.200313344597816467e-01 6.900580599904060364e-03 5.416859686374664307e-02 1.650525443255901337e-02 5.391508340835571289e-02 4.622375965118408203e-02 7.499201595783233643e-02 4.410332068800926208e-02 7.661662530153989792e-03 2.136845290660858154e-01 2.429468929767608643e-01 5.430828407406806946e-02 5.293972045183181763e-02 1.682616211473941803e-02 3.082673251628875732e-02 7.037813961505889893e-02 8.079642802476882935e-02 1.399127300828695297e-02 3.209242224693298340e-02 6.128290668129920959e-03 5.430780723690986633e-02 3.982302173972129822e-02 6.558745354413986206e-02 4.792933911085128784e-02 5.902646854519844055e-02 4.429612681269645691e-02 4.000205174088478088e-02 3.166100382804870605e-02 2.757614420261234045e-04 7.661324739456176758e-02 1.047175005078315735e-02 4.700089618563652039e-02 7.773472461849451065e-03 5.104102194309234619e-02 4.282013699412345886e-02 3.163180872797966003e-02 4.679741337895393372e-02 2.690052799880504608e-02 4.466879740357398987e-02 5.540939047932624817e-02 1.707429625093936920e-02 1.587981171905994415e-02 1.737540238536894321e-03 5.123472586274147034e-02 1.226604077965021133e-02
2.608395926654338837e-02 2.479980327188968658e-02 5.969013087451457977e-03 7.027836143970489502e-02 2.302086949348449707e-01 2.964736707508563995e-02 3.176571056246757507e-02 5.268436507321894169e-04 2.902440167963504791e-02 3.355378657579421997e-02 2.147119026631116867e-03 5.381660908460617065e-02 6.704948842525482178e-03 2.634727954864501953e-02 3.111281059682369232e-02 2.242623083293437958e-02 5.906862765550613403e-02 3.996560722589492798e-02 2.162890695035457611e-02 5.551637150347232819e-03 2.582618407905101776e-02 1.359621295705437660e-03 6.833385676145553589e-03 1.558440621010959148e-03 6.983876228332519531e-03 4.269489645957946777e-02 8.333655074238777161e-03 9.486676007509231567e-02 3.143142908811569214e-02 5.375418439507484436e-02 2.056460268795490265e-02 3.421153640374541283e-03 3.842852264642715454e-02 3.172698989510536194e-02 5.858525261282920837e-02 3.375342488288879395e-02 3.081937134265899658e-02 3.755550831556320190e-02 1.122553497552871704e-01 7.436076551675796509e-02 1.159532554447650909e-02 3.619326651096343994e-02 3.961242362856864929e-02 2.529620938003063202e-02 1.734121702611446381e-02 8.936800295487046242e-04 5.463602393865585327e-02 1.309254020452499390e-02 1.880841702222824097e-02 9.724745526909828186e-03 1.649235724471509457e-03 1.467589475214481354e-02 3.074968699365854263e-03 1.131227798759937286e-02 1.409079972654581070e-02 5.282663553953170776e-02 2.614688873291015625e-02 2.125094644725322723e-02 1.634408533573150635e-02 7.813913375139236450e-02 3.953905776143074036e-02 4.075316712260246277e-02 4.950980469584465027e-02 6.819296628236770630e-03 2.176799066364765167e-02 9.171498008072376251e-03 5.144605413079261780e-03 4.124100878834724426e-02 4.393110796809196472e-02 4.430404398590326309e-03 2.103877626359462738e-02 3.378779068589210510e-02 1.695310473442077637e-01 3.658836707472801208e-03 7.945758104324340820e-02 3.561975806951522827e-02 6.246079877018928528e-02 2.347840927541255951e-02 6.672621238976716995e-03 4.669235274195671082e-02 2.799240685999393463e-02 3.602521866559982300e-02 3.236343711614608765e-02 4.287335649132728577e-02 5.410272860899567604e-04 3.036648780107498169e-02 4.160736687481403351e-03 1.353747677057981491e-03 2.368517220020294189e-02 1.203293725848197937e-02 2.502596005797386169e-02 1.962141692638397217e-02 2.392015419900417328e-03 1.929722912609577179e-02 8.514578454196453094e-03 1.261948607861995697e-03 5.316580459475517273e-02 1.838435977697372437e-02 3.105499967932701111e-02 2.235709317028522491e-02 8.155833929777145386e-03 2.477366663515567780e-02 4.951756075024604797e-02 3.967176005244255066e-02 2.845081314444541931e-02 2.704805694520473480e-02 1.320781558752059937e-02 2.870059385895729065e-02 4.417684674263000488e-02 7.833061739802360535e-03 1.902708783745765686e-02 2.769523672759532928e-02 3.149371594190597534e-02 1.866543106734752655e-02 2.768914215266704559e-02 9.777377359569072723e-03
7.221750915050506592e-02 2.711447514593601227e-02 2.062677405774593353e-02 2.302086949348449707e-01 6.080211326479911804e-02 3.578989952802658081e-02 4.795161634683609009e-02 7.324999663978815079e-03 2.159586548805236816e-02 3.121463349089026451e-03 4.353343043476343155e-03 4.784236662089824677e-03 1.388990320265293121e-02 5.657234415411949158e-02 3.107429482042789459e-02 1.523013785481452942e-02 8.616611361503601074e-03 7.506900280714035034e-02 8.210287988185882568e-02 5.053995642811059952e-03 6.268811412155628204e-03 2.796054468490183353e-04 2.824064344167709351e-03 7.575303898192942142e-04 2.015977539122104645e-02 5.268603935837745667e-02 3.935302421450614929e-02 4.870785865932703018e-03 4.266082867980003357e-02 6.423368467949330807e-04 2.504477463662624359e-02 4.610070493072271347e-03 1.392617938108742237e-03 1.974210143089294434e-02 6.041004881262779236e-02 1.226909179240465164e-02 1.565114781260490417e-02 1.390476897358894348e-02 1.020768061280250549e-01 1.283287256956100464e-01 9.084863704629242420e-04 1.087153516709804535e-02 6.891854107379913330e-02 2.363165281713008881e-02 1.977026648819446564e-02 1.507291104644536972e-02 7.229264825582504272e-02 4.809771850705146790e-02 1.283548120409250259e-02 3.258645907044410706e-02 1.654673367738723755e-02 9.252351708710193634e-03 2.359158359467983246e-02 7.751506567001342773e-02 2.112956950441002846e-03 2.422131656203418970e-04 2.099705860018730164e-02 1.921457424759864807e-02 1.550589688122272491e-02 5.094308778643608093e-02 4.442692548036575317e-02 1.439094096422195435e-01 9.755477309226989746e-02 3.547160886228084564e-03 4.410497099161148071e-02 8.586920797824859619e-03 1.762460917234420776e-02 3.648458048701286316e-02 3.189202770590782166e-02 4.255713894963264465e-02 1.342010311782360077e-02 1.782945729792118073e-02 1.062899604439735413e-01 5.656306073069572449e-02 8.293075859546661377e-02 2.242192998528480530e-02 2.368913404643535614e-02 1.408791076391935349e-02 8.197210729122161865e-03 3.439107537269592285e-02 5.373824387788772583e-02 3.116691298782825470e-02 2.984311617910861969e-02 2.780617959797382355e-02 3.215463832020759583e-02 1.078492477536201477e-01 3.864938765764236450e-02 3.103536739945411682e-02 3.793067857623100281e-02 1.229803450405597687e-02 6.322851404547691345e-03 8.157579228281974792e-03 1.826615817844867706e-02 3.930805623531341553e-02 2.134837023913860321e-02 1.959047093987464905e-02 2.454027533531188965e-02 5.549450591206550598e-02 2.059308812022209167e-02 1.207505166530609131e-02 2.375689800828695297e-03 1.175615750253200531e-02 4.193849861621856689e-02 4.437741637229919434e-02 3.185694105923175812e-03 3.330788761377334595e-02 5.854946095496416092e-03 1.469507813453674316e-02 3.560538589954376221e-02 4.948016066919080913e-05 2.250141697004437447e-03 4.528642073273658752e-02 1.610832661390304565e-02 2.603034675121307373e-02 5.467168986797332764e-02 1.380382222123444080e-03
7.161048054695129395e-02 8.398130536079406738e-02 5.366615206003189087e-02 2.964736707508563995e-02 3.578989952802658081e-02 1.214124932885169983e-01 1.911121755838394165e-01 2.376163005828857422e-02 1.180532388389110565e-02 3.174461424350738525e-02 5.389589443802833557e-02 7.157550752162933350e-02 5.079974886029958725e-03 5.199685320258140564e-02 4.183099046349525452e-02 1.958392001688480377e-02 2.105152420699596405e-02 4.514396563172340393e-02 2.709385752677917480e-02 6.440629251301288605e-03 2.829011529684066772e-02 8.111981675028800964e-03 3.082592040300369263e-02 3.936158493161201477e-02 7.147275609895586967e-04 1.288312021642923355e-02 2.434025704860687256e-02 4.273824766278266907e-02 5.321171879768371582e-02 3.371704742312431335e-02 6.767651438713073730e-02 1.851873472332954407e-02 1.829575374722480774e-02 3.237167373299598694e-02 1.116216368973255157e-02 1.300561055541038513e-02 1.692264527082443237e-02 2.005348540842533112e-02 5.483131855726242065e-02 4.546861350536346436e-02 4.928873479366302490e-02 1.248003356158733368e-02 7.850812375545501709e-02 1.122425869107246399e-02 2.484985440969467163e-02 1.673864759504795074e-02 1.261176168918609619e-01 1.192870065569877625e-01 1.630807109177112579e-02 2.143049985170364380e-02 1.955075189471244812e-02 3.270652517676353455e-02 8.913871832191944122e-03 2.290218509733676910e-02 1.922152191400527954e-02 1.585523225367069244e-02 1.552489958703517914e-02 3.918834030628204346e-03 3.647320717573165894e-02 1.081225089728832245e-02 6.575773470103740692e-03 2.047715894877910614e-02 1.954564824700355530e-02 3.846266120672225952e-02 1.975276134908199310e-02 1.594550348818302155e-02 1.198178716003894806e-02 3.775694221258163452e-02 1.407118979841470718e-02 2.004386484622955322e-02 3.706411644816398621e-02 2.983408048748970032e-02 7.921251235529780388e-04 1.888074167072772980e-02 1.554694259539246559e-03 1.636404171586036682e-02 1.936564408242702484e-02 4.326420277357101440e-02 3.046495839953422546e-02 4.755416139960289001e-02 6.461302284151315689e-03 2.360135689377784729e-02 2.523162588477134705e-02 1.186083164066076279e-02 2.349695004522800446e-02 4.686120897531509399e-02 9.381040185689926147e-02 4.600280895829200745e-02 1.424146816134452820e-03 8.360123611055314541e-04 2.943529374897480011e-02 7.464358117431402206e-03 3.372553363442420959e-02 1.318434346467256546e-02 2.401406131684780121e-02 2.445481345057487488e-02 1.094820257276296616e-02 7.533565163612365723e-02 3.944323584437370300e-02 1.840007677674293518e-02 1.815140061080455780e-02 2.487672306597232819e-02 1.995847374200820923e-02 3.372210636734962463e-02 2.976026758551597595e-02 9.806963615119457245e-03 4.036149382591247559e-02 3.144226223230361938e-02 2.909687533974647522e-02 3.251323848962783813e-02 2.984053641557693481e-02 7.981682196259498596e-03 1.731006987392902374e-02 2.049539610743522644e-02 2.071377076208591461e-02 2.484955638647079468e-02
8.579535782337188721e-02 1.122127994894981384e-01 3.100233711302280426e-02 3.176571056246757507e-02 4.795161634683609009e-02 1.911121755838394165e-01 1.539387106895446777e-01 9.175073355436325073e-03 1.416421215981245041e-02 2.608813717961311340e-02 4.955920204520225525e-02 8.069646358489990234e-02 3.482515737414360046e-02 7.973393797874450684e-02 5.063471943140029907e-02 8.011426776647567749e-03 8.165767416357994080e-03 3.636908531188964844e-02 2.773623354732990265e-02 2.504315227270126343e-03 1.679151691496372223e-02 3.004601970314979553e-02 8.457925170660018921e-03 2.684012986719608307e-02 8.532473817467689514e-03 1.790730468928813934e-02 7.061383686959743500e-03 6.324604898691177368e-02 3.864557668566703796e-02 6.653971225023269653e-02 8.447065949440002441e-02 1.635151915252208710e-02 6.520605087280273438e-02 3.543946146965026855e-02 9.927742183208465576e-03 1.039319206029176712e-02 7.404959760606288910e-03 3.720549866557121277e-03 1.293552853167057037e-02 5.378213245421648026e-03 4.671194776892662048e-02 6.221305578947067261e-03 6.819000095129013062e-02 1.834489032626152039e-02 3.250858932733535767e-02 3.737166523933410645e-03 1.174184605479240417e-01 1.619275957345962524e-01 2.990563586354255676e-02 4.556008800864219666e-02 1.350682880729436874e-02 2.166498266160488129e-02 4.805972799658775330e-02 2.263329736888408661e-02 3.711983188986778259e-02 7.054963149130344391e-03 1.429673284292221069e-02 3.021433018147945404e-02 1.911621354520320892e-02 5.089998245239257812e-03 1.717293262481689453e-02 4.111977759748697281e-04 2.399246767163276672e-02 2.391739934682846069e-02 1.585099101066589355e-02 2.145635895431041718e-02 2.137683331966400146e-02 3.861968591809272766e-02 1.914150454103946686e-02 2.257325313985347748e-02 7.709476165473461151e-03 1.186133734881877899e-02 1.057807821780443192e-02 5.908226128667593002e-03 1.995336078107357025e-02 3.289373964071273804e-02 1.052308175712823868e-02 5.300577729940414429e-02 3.900733590126037598e-02 3.462917730212211609e-02 2.746012806892395020e-02 2.454271772876381874e-03 2.121662907302379608e-02 2.071178983896970749e-03 1.713947579264640808e-02 2.362878061830997467e-02 3.073326125741004944e-02 3.695347532629966736e-02 3.032980300486087799e-02 5.260358098894357681e-03 3.450480848550796509e-02 6.057747174054384232e-03 5.845560878515243530e-02 1.580967754125595093e-02 1.111872680485248566e-02 1.578634977340698242e-02 4.217241704463958740e-02 2.083583362400531769e-02 2.807496115565299988e-02 5.445790942758321762e-03 1.832574419677257538e-02 2.163496240973472595e-02 3.246690705418586731e-02 3.203893452882766724e-02 3.735981136560440063e-02 3.216450859326869249e-04 2.381759323179721832e-02 1.958430558443069458e-02 9.449667297303676605e-03 2.315696515142917633e-02 5.220926180481910706e-02 4.566323012113571167e-02 2.285683993250131607e-03 2.464325912296772003e-02 1.662881299853324890e-02 1.823408715426921844e-02
1.910663396120071411e-02 2.132590115070343018e-02 9.117133915424346924e-02 5.268436507321894169e-04 7.324999663978815079e-03 2.376163005828857422e-02 9.175073355436325073e-03 9.990262985229492188e-02 3.833545371890068054e-02 4.107480496168136597e-02 1.529469387605786324e-03 3.760863840579986572e-02 6.099492684006690979e-02 2.959057129919528961e-02 1.538004875183105469e-01 5.749536678194999695e-02 3.016965650022029877e-02 3.195131570100784302e-02 3.050954826176166534e-02 3.960931673645973206e-02 1.487448904663324356e-02 5.705856252461671829e-03 1.160689350217580795e-02 3.576804324984550476e-02 5.948183592408895493e-03 1.095246244221925735e-02 1.310383342206478119e-02 1.788330450654029846e-02 3.600787371397018433e-03 1.379450503736734390e-02 2.061137929558753967e-02 2.207917859777808189e-03 4.110574349761009216e-02 6.883620750159025192e-03 2.349518984556198120e-02 3.059726953506469727e-02 5.249436572194099426e-02 5.061785504221916199e-02 2.339096926152706146e-02 3.546019317582249641e-03 4.570551961660385132e-02 4.631950333714485168e-02 1.962663372978568077e-03 2.523562498390674591e-02 2.480685152113437653e-02 1.383603177964687347e-02 2.299232222139835358e-02 1.765005290508270264e-02 5.040854588150978088e-02 8.746606297791004181e-03 4.941973090171813965e-02 5.740692093968391418e-02 1.518756244331598282e-02 8.065250702202320099e-03 6.725943833589553833e-02 1.438028085976839066e-02 1.443162094801664352e-02 3.402979671955108643e-02 5.860446393489837646e-02 2.382460050284862518e-02 1.920589245855808258e-02 1.493994891643524170e-02 1.603305898606777191e-02 5.536656454205513000e-02 2.259621582925319672e-02 8.194461464881896973e-03 6.755160167813301086e-03 1.568227633833885193e-02 4.543202370405197144e-02 3.829278051853179932e-02 5.347242206335067749e-02 9.334125556051731110e-03 5.264463275671005249e-02 7.745505310595035553e-03 3.223244799301028252e-03 4.779234901070594788e-02 1.974778063595294952e-02 4.206041246652603149e-02 1.947838254272937775e-02 3.588198125362396240e-02 2.305366843938827515e-01 1.381636112928390503e-01 2.051760675385594368e-03 4.608105495572090149e-02 2.410665340721607208e-02 1.323580276221036911e-02 2.275926321744918823e-01 1.062981411814689636e-01 3.093941602855920792e-03 2.860685065388679504e-02 2.154489234089851379e-02 8.510896563529968262e-02 7.672138512134552002e-02 2.938716486096382141e-02 7.325705885887145996e-02 9.448194503784179688e-02 1.557558495551347733e-02 1.154986023902893066e-02 5.314089357852935791e-02 1.082682795822620392e-02 2.696686424314975739e-03 6.791822146624326706e-03 3.968240320682525635e-02 1.321420166641473770e-02 2.618664177134633064e-03 1.254896726459264755e-02 8.318794891238212585e-03 2.122652530670166016e-02 3.803848475217819214e-02 1.319642178714275360e-02 1.056601405143737793e-01 6.505130231380462646e-02 1.738355122506618500e-02 1.313046645373106003e-02 1.074624955654144287e-01 3.905487433075904846e-02
2.160315215587615967e-02 4.716937430202960968e-03 2.841633372008800507e-02 2.902440167963504791e-02 2.159586548805236816e-02 1.180532388389110565e-02 1.416421215981245041e-02 3.833545371890068054e-02 4.663977026939392090e-02 1.246922910213470459e-01 7.845819927752017975e-03 3.852439671754837036e-02 2.438856288790702820e-02 1.603208668529987335e-02 7.773010525852441788e-03 2.515188604593276978e-02 6.704788655042648315e-03 5.395455285906791687e-02 5.463385954499244690e-02 6.145705003291368484e-03 1.796976197510957718e-03 6.890506297349929810e-02 7.166674733161926270e-02 3.929260745644569397e-02 6.415126472711563110e-02 4.101417586207389832e-02 3.428996354341506958e-02 8.900753408670425415e-02 3.445394337177276611e-02 7.753382623195648193e-02 2.852773107588291168e-02 1.226739212870597839e-02 2.415245398879051208e-03 3.353894129395484924e-02 3.527297079563140869e-02 3.521168977022171021e-02 8.980709128081798553e-03 3.842879086732864380e-02 1.805103383958339691e-02 9.284036234021186829e-03 2.422010153532028198e-02 5.690877139568328857e-02 2.247231639921665192e-02 8.190598338842391968e-02 2.053358219563961029e-02 4.386187996715307236e-03 3.290610155090689659e-03 3.216464444994926453e-02 8.053003251552581787e-02 3.523688390851020813e-02 2.257177419960498810e-02 3.674489632248878479e-02 4.770964756608009338e-02 5.426594614982604980e-02 8.671331405639648438e-02 8.146114647388458252e-03 1.107649225741624832e-02 2.040180750191211700e-02 1.933421380817890167e-02 2.854465320706367493e-02 5.573555454611778259e-02 4.509069770574569702e-02 3.195223584771156311e-02 6.955493707209825516e-03 1.981056528165936470e-03 1.070067845284938812e-02 5.505245644599199295e-04 2.173058921471238136e-03 1.363734751939773560e-01 2.343977801501750946e-02 3.066739439964294434e-02 1.923313364386558533e-02 3.226666897535324097e-02 3.193204477429389954e-02 3.071666881442070007e-02 8.706702291965484619e-02 2.011130899190902710e-01 8.196310698986053467e-02 9.325268864631652832e-02 7.115351408720016479e-02 4.579328745603561401e-02 3.713762271218001842e-04 3.387112915515899658e-02 3.157536312937736511e-02 1.654529199004173279e-02 2.130590192973613739e-02 2.769162878394126892e-03 1.228068955242633820e-03 6.193304806947708130e-02 1.338782534003257751e-02 1.746091991662979126e-02 4.307608306407928467e-02 1.276214420795440674e-02 8.227353915572166443e-03 1.168264914304018021e-02 5.065442621707916260e-02 2.156383590772747993e-03 3.924318403005599976e-02 6.647770106792449951e-02 1.620705612003803253e-02 1.556879561394453049e-02 4.740120843052864075e-02 8.629107475280761719e-02 3.212939947843551636e-02 5.462430883198976517e-03 5.788736045360565186e-03 4.533625673502683640e-03 2.857299707829952240e-02 4.619371611624956131e-03 6.256306543946266174e-03 3.996114432811737061e-02 2.982193045318126678e-02 4.121452942490577698e-02 1.841888017952442169e-02 5.116803571581840515e-02 3.222260251641273499e-02
2.317251870408654213e-03 3.506568819284439087e-02 7.370778918266296387e-02 3.355378657579421997e-02 3.121463349089026451e-03 3.174461424350738525e-02 2.608813717961311340e-02 4.107480496168136597e-02 1.246922910213470459e-01 5.321038886904716492e-02 3.013093397021293640e-02 2.030127309262752533e-02 5.309025198221206665e-02 3.713444992899894714e-02 3.821047767996788025e-02 1.049124076962471008e-02 7.068750262260437012e-02 4.744581878185272217e-02 6.787876784801483154e-02 2.407279610633850098e-02 2.143222466111183167e-02 1.372022926807403564e-02 4.806195944547653198e-02 5.872006714344024658e-02 3.954026848077774048e-02 4.488240554928779602e-02 4.640439897775650024e-02 6.160648912191390991e-02 2.989182993769645691e-02 3.129860386252403259e-02 7.592112757265567780e-03 5.630997940897941589e-03 4.121481254696846008e-02 1.551188295707106590e-03 2.281909994781017303e-02 1.234253868460655212e-02 9.311729809269309044e-04 1.940066367387771606e-02 2.749016694724559784e-02 3.163577988743782043e-02 3.518409281969070435e-02 1.231876551173627377e-03 3.346022963523864746e-02 5.174454301595687866e-02 6.551098078489303589e-03 2.533874474465847015e-02 3.610992059111595154e-02 1.464266888797283173e-02 3.373984247446060181e-02 1.025380045175552368e-01 1.350118219852447510e-02 3.986787050962448120e-03 5.816522520035505295e-03 3.074735775589942932e-02 3.215802088379859924e-02 8.792074769735336304e-02 3.445770218968391418e-02 2.390703745186328888e-02 4.605839028954505920e-02 2.465743757784366608e-02 2.357790060341358185e-02 2.368040569126605988e-02 7.102664094418287277e-04 4.673606529831886292e-02 1.811303757131099701e-02 4.392386600375175476e-02 1.370769273489713669e-02 3.663631156086921692e-02 1.733435317873954773e-02 1.194841042160987854e-02 1.166987046599388123e-01 3.987373784184455872e-03 8.195379376411437988e-02 2.795547246932983398e-02 2.335778437554836273e-02 2.758933976292610168e-02 3.185754269361495972e-02 1.369484215974807739e-01 5.047081783413887024e-02 1.177535131573677063e-01 5.968335270881652832e-02 3.307062759995460510e-02 2.871124632656574249e-02 5.183527246117591858e-02 1.304066088050603867e-02 3.756826743483543396e-03 4.517314583063125610e-02 3.914620354771614075e-02 3.061912953853607178e-02 6.772306561470031738e-02 3.870025649666786194e-02 4.382347222417593002e-03 2.005055733025074005e-02 3.727227821946144104e-02 5.960443057119846344e-03 6.602853536605834961e-03 2.522695995867252350e-02 2.996773645281791687e-02 1.312323007732629776e-02 4.025329649448394775e-02 2.284091897308826447e-02 5.527798086404800415e-03 4.939464852213859558e-02 1.144780684262514114e-02 2.790317125618457794e-02 9.984411299228668213e-03 1.522595155984163284e-02 2.783435024321079254e-02 4.858454316854476929e-02 2.241706475615501404e-02 3.865391388535499573e-02 5.668161809444427490e-02 1.225378131493926048e-03 4.894205927848815918e-02 4.031066223978996277e-02 2.072516269981861115e-02
1.384318917989730835e-01 1.123871356248855591e-01 1.641488447785377502e-02 2.147119026631116867e-03 4.353343043476343155e-03 5.389589443802833557e-02 4.955920204520225525e-02 1.529469387605786324e-03 7.845819927752017975e-03 3.013093397021293640e-02 1.590320020914077759e-01 1.697172224521636963e-02 1.819902509450912476e-01 2.487700618803501129e-02 8.393668569624423981e-03 2.735001593828201294e-02 2.466571703553199768e-02 3.919579833745956421e-02 1.452943403273820877e-02 7.202779874205589294e-03 3.919674828648567200e-02 9.679457172751426697e-03 2.345291338860988617e-02 1.051242183893918991e-02 2.772403508424758911e-02 2.350856363773345947e-02 4.131650086492300034e-03 4.723553732037544250e-02 6.708148866891860962e-02 2.769594453275203705e-02 6.181796640157699585e-02 2.560981549322605133e-03 5.596365407109260559e-02 5.222297087311744690e-02 6.162713468074798584e-02 9.095697663724422455e-03 2.548518031835556030e-02 5.847590509802103043e-03 6.458987295627593994e-02 3.184978291392326355e-02 4.883278533816337585e-02 4.219232127070426941e-02 9.126415476202964783e-03 2.238994464278221130e-02 9.540122002363204956e-03 1.433633966371417046e-03 5.298826843500137329e-02 1.929986663162708282e-02 3.188264742493629456e-02 4.940041340887546539e-03 8.386823465116322041e-04 1.353262271732091904e-02 3.266469761729240417e-02 3.305555880069732666e-02 1.397844497114419937e-02 2.786456607282161713e-02 2.100236155092716217e-02 6.058348808437585831e-03 7.009115070104598999e-02 1.618048921227455139e-02 2.585140801966190338e-02 7.557735312730073929e-03 2.071830257773399353e-02 3.167420625686645508e-02 9.699077159166336060e-02 5.072780698537826538e-02 6.725713610649108887e-03 3.743409365415573120e-02 1.672418043017387390e-02 3.294001892209053040e-02 2.849316969513893127e-02 8.300768211483955383e-03 5.851706862449645996e-02 7.488321047276258469e-03 3.244853019714355469e-02 1.987774297595024109e-02 3.146470291540026665e-03 9.956593625247478485e-03 2.743499539792537689e-02 3.356491774320602417e-02 4.895892366766929626e-02 4.212022200226783752e-02 2.246764488518238068e-03 2.486001513898372650e-02 2.408727817237377167e-02 3.198245912790298462e-02 5.967761948704719543e-02 2.062116749584674835e-02 2.441758988425135612e-04 6.129631306976079941e-03 3.064580261707305908e-02 3.042573854327201843e-02 5.365435406565666199e-02 3.474579006433486938e-02 6.445872783660888672e-02 8.858622051775455475e-03 1.188836712390184402e-02 3.051127307116985321e-02 3.776600584387779236e-02 1.356022618710994720e-02 3.527281433343887329e-02 2.317668497562408447e-02 4.299150034785270691e-02 7.996827363967895508e-03 1.074356399476528168e-02 1.949516474269330502e-03 4.256227239966392517e-02 4.893144965171813965e-02 6.845223251730203629e-03 6.168463081121444702e-02 7.785083260387182236e-03 2.659656293690204620e-02 1.895982027053833008e-02 1.416895724833011627e-02 1.851402409374713898e-02 1.163823064416646957e-02
6.478595733642578125e-02 6.724292784929275513e-02 3.603100776672363281e-02 5.381660908460617065e-02 4.784236662089824677e-03 7.157550752162933350e-02 8.069646358489990234e-02 3.760863840579986572e-02 3.852439671754837036e-02 2.030127309262752533e-02 1.697172224521636963e-02 1.178843230009078979e-01 1.028609350323677063e-01 1.867830902338027954e-01 3.254963457584381104e-02 1.672767475247383118e-02 1.572098024189472198e-02 7.904183119535446167e-03 1.141774584539234638e-03 2.348304167389869690e-02 8.153460919857025146e-03 1.858508959412574768e-02 9.321758151054382324e-02 7.185380160808563232e-02 5.016364157199859619e-03 2.463258430361747742e-02 1.012544333934783936e-02 1.231277808547019958e-01 6.681241840124130249e-02 1.166008114814758301e-01 1.330893337726593018e-01 4.585355985909700394e-03 7.500235736370086670e-02 2.518407534807920456e-03 2.259920164942741394e-02 1.369657181203365326e-02 6.534594576805830002e-03 1.176082529127597809e-02 5.129001289606094360e-02 5.753933917731046677e-03 2.818139502778649330e-03 8.234543725848197937e-03 1.518570818006992340e-02 3.786486759781837463e-02 6.293153017759323120e-02 6.110249459743499756e-02 7.150089740753173828e-02 3.763546794652938843e-02 1.245923922397196293e-03 7.474741339683532715e-02 3.866216167807579041e-03 2.773334830999374390e-02 2.254497259855270386e-02 2.055709622800350189e-02 5.286413058638572693e-02 1.159674488008022308e-02 2.647519484162330627e-02 3.411097452044487000e-02 3.256247192621231079e-02 1.533432677388191223e-02 2.521171420812606812e-02 2.222111634910106659e-02 4.032818600535392761e-02 8.771361410617828369e-02 3.253297880291938782e-02 4.671519994735717773e-02 2.799109742045402527e-02 3.356746630743145943e-03 3.595780208706855774e-02 1.092632953077554703e-02 4.099464043974876404e-02 3.243852406740188599e-02 3.435229510068893433e-02 1.780949346721172333e-02 3.051795810461044312e-02 3.468635305762290955e-02 9.368958882987499237e-03 4.781178385019302368e-02 9.380249679088592529e-02 5.953251197934150696e-02 6.773089990019798279e-03 1.964427344501018524e-02 6.964404601603746414e-03 3.400887362658977509e-03 1.812547072768211365e-02 2.938438579440116882e-02 4.485813435167074203e-03 3.820582851767539978e-02 1.053441762924194336e-01 1.019221544265747070e-01 1.709495671093463898e-02 1.548330113291740417e-02 7.678352296352386475e-02 1.426830701529979706e-02 4.704012721776962280e-02 3.972450643777847290e-02 9.052677080035209656e-03 6.656734645366668701e-02 2.153981011360883713e-03 3.116121515631675720e-02 2.795859239995479584e-03 2.388920867815613747e-03 2.839179150760173798e-02 5.579076707363128662e-02 8.846104028634727001e-04 2.993133477866649628e-02 7.884361781179904938e-03 1.488346885889768600e-02 1.541424077004194260e-03 4.304160177707672119e-02 2.485436946153640747e-02 6.753064692020416260e-02 2.247037133201956749e-03 9.019176941365003586e-04 7.525131222791969776e-04 2.005562372505664825e-02
1.240393966436386108e-01 1.389077305793762207e-01 1.075039338320493698e-02 6.704948842525482178e-03 1.388990320265293121e-02 5.079974886029958725e-03 3.482515737414360046e-02 6.099492684006690979e-02 2.438856288790702820e-02 5.309025198221206665e-02 1.819902509450912476e-01 1.028609350323677063e-01 1.293935626745223999e-01 5.930336192250251770e-02 4.725645855069160461e-02 9.842373430728912354e-02 7.302334904670715332e-02 1.684126630425453186e-02 1.207263115793466568e-02 5.071657523512840271e-02 3.315181285142898560e-02 1.267738360911607742e-02 4.285273328423500061e-02 2.159843780100345612e-02 1.626955345273017883e-02 8.350939489901065826e-03 4.431742429733276367e-02 4.733179882168769836e-02 1.186233758926391602e-01 2.785062789916992188e-02 1.985431313514709473e-01 2.660738863050937653e-02 4.490395262837409973e-02 4.943520575761795044e-02 6.282779574394226074e-02 1.237721461802721024e-02 9.079900570213794708e-03 1.673641987144947052e-02 7.872223854064941406e-02 2.171937003731727600e-02 2.294888533651828766e-02 2.553268149495124817e-02 3.971010446548461914e-02 1.240498037077486515e-03 7.137612253427505493e-02 7.729681581258773804e-02 1.816435530781745911e-02 3.750838339328765869e-02 1.959026977419853210e-02 4.500203207135200500e-02 6.120980251580476761e-03 4.820076748728752136e-03 5.028474330902099609e-02 6.460311263799667358e-02 4.710393399000167847e-02 7.629794999957084656e-03 2.923496812582015991e-02 3.983270004391670227e-02 9.227751754224300385e-03 3.593409061431884766e-02 1.283284556120634079e-02 1.254819426685571671e-02 1.180290710180997849e-02 5.686157848685979843e-03 9.451469779014587402e-02 5.401267856359481812e-02 7.487178780138492584e-03 4.367069900035858154e-02 3.602954000234603882e-02 7.455460727214813232e-02 4.567656293511390686e-02 5.420457106083631516e-03 6.233599409461021423e-02 2.897079661488533020e-02 8.063837140798568726e-02 4.595063254237174988e-02 1.650722697377204895e-02 1.900436729192733765e-02 3.348748758435249329e-02 8.604927361011505127e-02 8.050602674484252930e-02 3.192252293229103088e-02 1.112486049532890320e-02 7.655785232782363892e-02 6.110837683081626892e-03 1.905247755348682404e-02 3.141996264457702637e-02 5.977702885866165161e-02 1.879516616463661194e-02 1.457310374826192856e-02 2.346381545066833496e-03 3.854237496852874756e-02 3.420271724462509155e-02 3.498878329992294312e-02 1.991612277925014496e-02 4.331422597169876099e-02 7.835718803107738495e-03 5.618835799396038055e-03 1.813464425504207611e-02 1.317531056702136993e-02 1.906974613666534424e-02 2.463140338659286499e-02 4.402182996273040771e-02 3.946587070822715759e-02 6.689995527267456055e-02 8.519035577774047852e-02 1.511156093329191208e-02 1.132275722920894623e-02 1.496143452823162079e-02 2.714374102652072906e-02 3.042206168174743652e-02 2.779966965317726135e-02 4.993532225489616394e-02 4.185003042221069336e-02 7.442536205053329468e-02 5.654646083712577820e-02
