1.145718395709991455e-01 8.640696853399276733e-02 2.884788438677787781e-02 6.126303598284721375e-02 9.212851524353027344e-03 2.952938079833984375e-01 5.493967235088348389e-02 1.817766763269901276e-02 1.349597238004207611e-02 3.323996206745505333e-03 1.839565932750701904e-01 1.004484295845031738e-02 1.346980184316635132e-01 1.352172717452049255e-02 2.221504971385002136e-02 1.307496614754199982e-02 2.130062505602836609e-02 2.604679018259048462e-02 2.523936098441481590e-03 1.304464507848024368e-02 2.191592194139957428e-02 3.092407248914241791e-02 3.375518694519996643e-02 6.044785678386688232e-02 2.144067175686359406e-02 2.749031409621238708e-02 4.957540705800056458e-02 6.354221701622009277e-02 7.140203565359115601e-02 1.541094202548265457e-02 1.358859334141016006e-02 2.746143750846385956e-02 5.730548128485679626e-02 2.564414590597152710e-02 2.396098151803016663e-02 1.190020330250263214e-02 8.020700886845588684e-03 6.867832690477371216e-02 1.234954968094825745e-02 6.167796999216079712e-02 1.330352425575256348e-01 1.685382425785064697e-02 4.256245866417884827e-02 5.903134122490882874e-02 5.222982168197631836e-02 1.823392324149608612e-02 1.575118899345397949e-01 3.660688176751136780e-02 7.834757678210735321e-03 1.702236942946910858e-02 2.596435137093067169e-02 1.758682914078235626e-02 1.520182192325592041e-02 1.981586217880249023e-02 2.969687432050704956e-02 3.154995501972734928e-04 5.043600127100944519e-02 1.532300468534231186e-02 5.604214593768119812e-02 3.504418581724166870e-02 2.407195977866649628e-02 2.207538112998008728e-03 2.365953288972377777e-02 1.927459053695201874e-02 2.917591482400894165e-03 4.065090790390968323e-02 2.399817109107971191e-02 2.722573280334472656e-02 4.572439473122358322e-03 1.928055472671985626e-02 3.521129488945007324e-02 3.199134021997451782e-02 1.546971872448921204e-02 4.372155293822288513e-02 2.602882683277130127e-02 2.707876265048980713e-02 3.693632548674941063e-03 3.137242794036865234e-02 2.854853868484497070e-02 4.834031686186790466e-02 1.871339790523052216e-02 5.230089649558067322e-02 2.765886485576629639e-02 1.959225721657276154e-02 9.428371675312519073e-03 1.670894026756286621e-02 1.257364265620708466e-02 5.847719684243202209e-02 2.923393249511718750e-02 2.030377648770809174e-02 7.578060496598482132e-03 6.122809369117021561e-03 9.764768928289413452e-02 9.216985106468200684e-02 4.263100400567054749e-02 5.624864622950553894e-02 1.230412255972623825e-02 1.813632063567638397e-02 4.344024136662483215e-02 9.997033514082431793e-03 3.574281930923461914e-03 3.346902551129460335e-03 2.123389160260558128e-03 8.039654046297073364e-02 1.600462011992931366e-02 3.134805336594581604e-02 4.736134782433509827e-02 5.277838557958602905e-02 9.317563846707344055e-03 4.356467630714178085e-03 4.051883891224861145e-02 1.927051506936550140e-02 4.955642507411539555e-04 6.820114795118570328e-04 6.599009782075881958e-02 5.466664209961891174e-02
8.640696853399276733e-02 5.870321020483970642e-02 4.056593030691146851e-02 5.289215594530105591e-02 4.567437991499900818e-02 1.490308940410614014e-01 1.493375450372695923e-01 8.920097351074218750e-02 4.662661254405975342e-02 4.146634042263031006e-02 9.342252463102340698e-02 3.767457976937294006e-02 2.192347049713134766e-01 4.897388163954019547e-03 1.078379061073064804e-02 5.963879451155662537e-02 8.326008100993931293e-04 5.715327337384223938e-02 7.676731050014495850e-02 2.842127718031406403e-02 4.138843342661857605e-02 7.353784888982772827e-02 5.241801962256431580e-02 1.663797535002231598e-02 3.343380987644195557e-02 3.290682332590222359e-03 1.027084700763225555e-02 3.563529625535011292e-02 3.617546334862709045e-02 2.871813066303730011e-02 3.197047486901283264e-02 2.711725234985351562e-02 1.334612816572189331e-02 1.045101135969161987e-02 5.631696432828903198e-02 2.339287288486957550e-02 5.513964965939521790e-02 6.261112540960311890e-02 3.975871950387954712e-02 3.460893779993057251e-02 7.118318229913711548e-02 4.124683141708374023e-02 3.672365099191665649e-02 6.906342506408691406e-02 4.060572385787963867e-02 1.594635471701622009e-02 1.203826665878295898e-01 5.218716338276863098e-03 1.351038459688425064e-02 9.605151135474443436e-04 1.042509730905294418e-02 4.720417410135269165e-02 3.788235038518905640e-02 7.786509394645690918e-02 1.800511777400970459e-02 4.375693202018737793e-02 4.645772650837898254e-02 1.811699382960796356e-02 6.021036460879258811e-05 2.218750305473804474e-02 5.249852314591407776e-02 5.896675214171409607e-02 5.161309987306594849e-02 4.387058690190315247e-02 1.036927103996276855e-02 4.477835446596145630e-02 1.312482170760631561e-02 3.640808910131454468e-02 6.424038112163543701e-02 1.029736269265413284e-02 1.334952190518379211e-02 1.786871068179607391e-02 3.988330811262130737e-02 2.792516350746154785e-02 2.413369156420230865e-02 3.618380427360534668e-02 3.974507749080657959e-02 3.072682395577430725e-02 1.002841442823410034e-01 7.267441600561141968e-02 2.162838354706764221e-02 5.351892113685607910e-02 2.600444946438074112e-03 8.099391125142574310e-03 5.954879522323608398e-02 6.136782094836235046e-02 6.815036386251449585e-02 6.457320600748062134e-02 3.943601250648498535e-02 1.967785507440567017e-02 6.350585818290710449e-02 9.112884290516376495e-03 6.647222489118576050e-02 9.885444492101669312e-02 1.678042858839035034e-02 3.968574479222297668e-02 2.433555386960506439e-02 4.693652689456939697e-02 5.237157922238111496e-03 2.858972875401377678e-03 2.004343457520008087e-02 2.859616652131080627e-02 7.033634930849075317e-02 1.910958290100097656e-01 7.074327766895294189e-02 1.008101738989353180e-02 3.061436873394995928e-04 2.920433320105075836e-02 1.053475216031074524e-02 2.962495014071464539e-02 2.566970884799957275e-03 4.812526702880859375e-02 2.586675621569156647e-02 7.026772946119308472e-02 4.802089184522628784e-02 3.447156026959419250e-02
2.884788438677787781e-02 4.056593030691146851e-02 3.337596356868743896e-02 3.252859413623809814e-02 2.789597772061824799e-02 1.855956390500068665e-02 4.181340336799621582e-02 2.254861593246459961e-01 2.005245722830295563e-02 2.177436277270317078e-02 3.077296726405620575e-02 2.472703903913497925e-02 6.439841538667678833e-02 3.757472336292266846e-02 4.318088665604591370e-02 7.639093697071075439e-02 4.918862506747245789e-02 2.865221351385116577e-02 1.377390231937170029e-02 2.273436821997165680e-02 1.419831253588199615e-02 1.285702548921108246e-02 5.962887313216924667e-03 4.493518546223640442e-02 1.157194375991821289e-02 2.674181759357452393e-02 2.683907747268676758e-02 5.931288376450538635e-02 5.799150094389915466e-02 1.001212396658957005e-03 1.039361488074064255e-02 5.021832138299942017e-02 4.535530228167772293e-03 4.168152343481779099e-03 5.405847728252410889e-02 4.706622660160064697e-02 2.395665459334850311e-02 6.164894625544548035e-02 2.803710475564002991e-02 2.845669351518154144e-02 5.965588614344596863e-02 7.592823356389999390e-02 6.762183457612991333e-02 4.141270183026790619e-03 2.243385277688503265e-02 1.808447577059268951e-02 2.005134895443916321e-02 3.384045138955116272e-02 1.389833539724349976e-02 1.114985253661870956e-02 4.376826062798500061e-02 3.397933021187782288e-02 4.929910600185394287e-02 1.025262568145990372e-02 1.865090243518352509e-02 4.417488351464271545e-02 5.676511675119400024e-02 6.241127266548573971e-04 5.576190724968910217e-02 4.826960712671279907e-02 5.007467698305845261e-03 2.896477468311786652e-02 6.034198030829429626e-02 2.141480520367622375e-02 3.243861347436904907e-02 2.438963949680328369e-02 1.505496446043252945e-02 5.571980029344558716e-02 1.732844673097133636e-02 4.645039141178131104e-02 4.562619328498840332e-02 2.465614117681980133e-02 2.108748815953731537e-02 2.457331679761409760e-02 3.588779270648956299e-02 2.877374738454818726e-02 1.497483346611261368e-02 1.694069942459464073e-03 4.443911463022232056e-02 9.713952988386154175e-02 2.003128081560134888e-01 2.677192725241184235e-02 3.178466111421585083e-02 2.080256119370460510e-02 1.068120822310447693e-02 2.749344147741794586e-02 2.565055713057518005e-02 4.501729831099510193e-02 9.411413967609405518e-02 8.574069291353225708e-02 2.936571091413497925e-02 3.946453705430030823e-02 7.321165502071380615e-02 1.149776950478553772e-01 6.691753864288330078e-02 5.398280546069145203e-02 4.861754179000854492e-02 3.408654779195785522e-02 9.586587548255920410e-02 3.151901438832283020e-02 7.516862358897924423e-03 3.566688299179077148e-02 7.392206788063049316e-02 6.921133399009704590e-02 5.068877246230840683e-03 2.269537374377250671e-02 4.938543215394020081e-02 6.714665144681930542e-02 5.056415125727653503e-02 1.854133047163486481e-02 6.672149989753961563e-03 3.184988722205162048e-02 8.188887685537338257e-02 3.282181918621063232e-02 5.078141018748283386e-02 9.339071810245513916e-03
6.126303598284721375e-02 5.289215594530105591e-02 3.252859413623809814e-02 7.394849509000778198e-02 1.432450115680694580e-01 7.125116884708404541e-03 4.290333483368158340e-03 3.807164728641510010e-02 3.722267597913742065e-02 6.374824792146682739e-03 1.619909889996051788e-02 3.342324867844581604e-02 3.816626965999603271e-02 2.632182091474533081e-02 7.933669839985668659e-04 4.988035559654235840e-02 8.015518635511398315e-02 1.550236716866493225e-02 1.567761041224002838e-02 2.976745134219527245e-03 3.692267835140228271e-02 7.308416388696059585e-05 1.345430151559412479e-03 9.670616686344146729e-02 8.118584752082824707e-02 2.002630196511745453e-02 2.229393273591995239e-02 5.663306638598442078e-02 1.087928563356399536e-02 5.880057811737060547e-02 1.302197854965925217e-02 8.734186738729476929e-02 9.435825794935226440e-02 6.518780440092086792e-02 8.634603023529052734e-02 5.288334563374519348e-02 7.250481098890304565e-02 7.758915424346923828e-02 1.270634680986404419e-01 6.954577565193176270e-02 3.974447026848793030e-02 2.187124639749526978e-02 2.122630923986434937e-02 2.985621802508831024e-02 5.893205851316452026e-02 6.812127679586410522e-02 1.901069469749927521e-02 4.122851788997650146e-02 3.351623192429542542e-02 3.787536639720201492e-03 5.785385519266128540e-02 2.154619991779327393e-02 3.814584761857986450e-02 4.102453589439392090e-02 2.352555468678474426e-02 9.392349980771541595e-03 8.496448397636413574e-02 2.241817489266395569e-02 2.031102590262889862e-02 1.853819377720355988e-02 5.273427814245223999e-02 8.149621635675430298e-02 2.078179419040679932e-01 2.134881913661956787e-01 1.552882418036460876e-02 8.846368640661239624e-03 6.477043498307466507e-03 1.317445002496242523e-02 4.513299837708473206e-02 2.721423469483852386e-02 4.228396341204643250e-02 4.732812196016311646e-02 2.044451832771301270e-01 3.124144300818443298e-02 1.190913617610931396e-01 1.951763033866882324e-02 6.131996586918830872e-02 4.920059815049171448e-02 5.432428792119026184e-02 2.414477057754993439e-02 3.635824844241142273e-02 2.122479258105158806e-03 6.261052936315536499e-02 2.447200194001197815e-02 1.690281368792057037e-02 2.068735659122467041e-02 4.740009829401969910e-02 4.719854146242141724e-02 2.603194117546081543e-02 5.907004233449697495e-03 3.321464732289314270e-02 1.741967536509037018e-02 2.041898667812347412e-02 3.695338591933250427e-02 3.175108507275581360e-02 2.636438794434070587e-02 1.086608693003654480e-01 3.173255920410156250e-02 1.531954389065504074e-03 2.993119880557060242e-02 4.435257613658905029e-02 5.434663221240043640e-02 4.050333797931671143e-02 2.259126305580139160e-02 1.620081812143325806e-02 5.491967871785163879e-02 1.595269702374935150e-02 3.608683869242668152e-02 1.579539268277585506e-03 5.768954753875732422e-02 5.088836699724197388e-02 2.056273445487022400e-02 2.675122395157814026e-02 2.169867791235446930e-02 5.014151707291603088e-02 3.734808787703514099e-02
9.212851524353027344e-03 4.567437991499900818e-02 2.789597772061824799e-02 1.432450115680694580e-01 3.351654112339019775e-02 1.709187286905944347e-03 3.710280871018767357e-03 1.070791669189929962e-02 6.238252669572830200e-02 9.466777741909027100e-02 2.483032457530498505e-02 6.785898469388484955e-03 2.761004678905010223e-02 2.312674000859260559e-02 2.113693021237850189e-02 3.621140960603952408e-03 8.422995358705520630e-02 8.976454287767410278e-02 4.832179099321365356e-02 1.597783155739307404e-02 4.895402118563652039e-03 3.955034539103507996e-02 3.694516373798251152e-03 6.090376153588294983e-02 3.974899649620056152e-02 1.816631294786930084e-02 3.773750737309455872e-02 4.943201318383216858e-02 3.368936106562614441e-02 4.012729227542877197e-02 5.629552993923425674e-03 2.081337198615074158e-02 6.472005508840084076e-03 2.838064916431903839e-02 1.383963320404291153e-02 1.581752672791481018e-02 6.664672493934631348e-02 4.253347869962453842e-03 3.847128525376319885e-02 8.898994326591491699e-02 3.271044790744781494e-02 5.385093763470649719e-02 3.648045286536216736e-02 4.622068256139755249e-03 3.072520717978477478e-02 1.734464317560195923e-01 2.837855927646160126e-02 7.094494998455047607e-03 5.439349263906478882e-02 4.089522361755371094e-02 8.161589503288269043e-02 9.890832006931304932e-02 1.499355025589466095e-02 7.799849659204483032e-02 3.155992599204182625e-03 7.607495039701461792e-02 2.467076852917671204e-02 8.490040153264999390e-02 3.849362581968307495e-02 3.528679022565484047e-03 6.789409089833498001e-04 3.737580776214599609e-02 8.982404321432113647e-02 6.054005026817321777e-02 1.706597954034805298e-02 3.277084231376647949e-02 5.689988285303115845e-02 6.619488447904586792e-02 4.672184959053993225e-02 2.016920410096645355e-02 4.703125730156898499e-02 6.528159976005554199e-02 8.817623555660247803e-02 2.883391641080379486e-02 1.811819374561309814e-01 3.869297727942466736e-02 3.013019822537899017e-02 1.800304278731346130e-02 7.837003096938133240e-03 5.625769123435020447e-02 1.963939517736434937e-03 5.376378074288368225e-02 1.313702389597892761e-02 1.354898661375045776e-01 2.799585647881031036e-02 6.184843834489583969e-03 3.871148452162742615e-02 5.267135426402091980e-02 4.337855800986289978e-02 6.577137857675552368e-02 3.115614410489797592e-03 2.290070429444313049e-02 2.162728458642959595e-02 6.685487180948257446e-02 7.263788487762212753e-03 8.681088685989379883e-02 4.981706663966178894e-02 2.813150547444820404e-02 4.314745217561721802e-02 5.747653916478157043e-02 1.358454395085573196e-02 9.226096794009208679e-03 1.003799308091402054e-02 3.623530734330415726e-03 4.160389769822359085e-03 7.197260111570358276e-02 7.460517343133687973e-03 3.547063097357749939e-02 5.088485404849052429e-02 7.852325588464736938e-02 3.645106451585888863e-03 5.262107029557228088e-02 5.794063583016395569e-02 1.204564236104488373e-02 8.250872604548931122e-03 6.117118895053863525e-02
2.952938079833984375e-01 1.490308940410614014e-01 1.855956390500068665e-02 7.125116884708404541e-03 1.709187286905944347e-03 9.405241906642913818e-02 2.150351107120513916e-01 2.117044292390346527e-02 1.753509230911731720e-02 3.600357472896575928e-02 1.255424469709396362e-01 6.367645412683486938e-02 1.175749301910400391e-01 4.727078229188919067e-02 2.135506272315979004e-02 8.299064822494983673e-03 3.758070990443229675e-02 4.825649410486221313e-02 2.422554790973663330e-02 1.920399256050586700e-03 2.254732139408588409e-02 5.461884662508964539e-02 1.184623595327138901e-02 1.810870133340358734e-02 8.758354000747203827e-03 7.939204573631286621e-02 5.204482376575469971e-02 3.111906535923480988e-02 9.198262542486190796e-02 1.805411651730537415e-02 6.007548421621322632e-02 1.733795553445816040e-02 1.800978183746337891e-02 7.513180840760469437e-03 2.398657426238059998e-02 6.581504642963409424e-02 7.642826437950134277e-02 9.041423350572586060e-02 5.064462125301361084e-02 3.400621563196182251e-02 3.597987443208694458e-02 3.663974814116954803e-03 3.943637385964393616e-02 9.238665550947189331e-02 3.821037337183952332e-02 7.078382186591625214e-04 1.633611619472503662e-01 4.655896686017513275e-03 8.408328518271446228e-03 2.397128753364086151e-02 5.986813455820083618e-03 3.880243748426437378e-02 5.500848218798637390e-02 2.497904468327760696e-03 2.635821700096130371e-02 1.582852937281131744e-02 1.013664305210113525e-01 2.926271222531795502e-02 8.348847739398479462e-03 6.194867566227912903e-02 8.850875496864318848e-02 1.828514039516448975e-03 2.656101062893867493e-02 4.094374924898147583e-02 4.653580486774444580e-02 2.965620020404458046e-03 1.704970560967922211e-02 4.767384752631187439e-02 4.509186744689941406e-02 5.730376392602920532e-02 5.487992614507675171e-02 3.577953949570655823e-02 6.185729429125785828e-02 3.085960925091058016e-04 1.279342267662286758e-02 5.431342869997024536e-02 1.579191535711288452e-02 4.407778754830360413e-02 8.706858381628990173e-03 2.534215804189443588e-03 6.849028170108795166e-02 1.287109032273292542e-02 3.147746995091438293e-02 3.066610731184482574e-02 3.528871759772300720e-02 4.294977337121963501e-02 2.433161251246929169e-03 5.613018572330474854e-02 3.736254200339317322e-02 1.205914001911878586e-02 8.373011648654937744e-02 5.291280895471572876e-02 2.104623615741729736e-02 4.656847566366195679e-03 2.258088067173957825e-02 6.515440344810485840e-02 2.953549474477767944e-02 8.098616264760494232e-03 4.155916720628738403e-02 1.101810764521360397e-02 3.829875960946083069e-03 2.949262596666812897e-02 4.198309034109115601e-03 4.265934973955154419e-02 7.313834968954324722e-03 4.280610755085945129e-02 2.265563048422336578e-02 5.392549932003021240e-02 4.097204282879829407e-02 5.610812455415725708e-02 1.106076501309871674e-02 1.308411709032952785e-03 1.624323055148124695e-02 3.232229501008987427e-02 3.668654337525367737e-02 2.084107138216495514e-02
5.493967235088348389e-02 1.493375450372695923e-01 4.181340336799621582e-02 4.290333483368158340e-03 3.710280871018767357e-03 2.150351107120513916e-01 9.699711948633193970e-02 2.178684249520301819e-02 1.964036747813224792e-02 3.336181491613388062e-02 1.084793508052825928e-01 4.760021343827247620e-02 5.819557607173919678e-02 7.333324104547500610e-02 3.673752397298812866e-02 3.918114677071571350e-02 4.826722200959920883e-03 2.520224265754222870e-02 5.473984032869338989e-02 5.894468352198600769e-02 1.090643554925918579e-02 4.072323814034461975e-02 2.305441303178668022e-03 8.163118734955787659e-03 9.010744281113147736e-03 7.211827486753463745e-02 4.660534113645553589e-02 3.688260447233915329e-03 6.976791471242904663e-02 2.423221990466117859e-02 1.759191229939460754e-02 1.165546383708715439e-02 4.065427929162979126e-02 2.886126190423965454e-02 3.083775378763675690e-02 7.196030113846063614e-03 4.661769792437553406e-02 6.867212057113647461e-02 3.250071406364440918e-02 1.344930380582809448e-02 6.187766790390014648e-02 4.759805276989936829e-02 9.532894939184188843e-03 9.580254554748535156e-03 4.735641553997993469e-02 2.839368768036365509e-03 1.487290710210800171e-01 1.332874745130538940e-01 2.962658554315567017e-02 4.941360559314489365e-03 3.056424483656883240e-02 8.683986030519008636e-03 3.574678301811218262e-02 3.824232518672943115e-02 1.936530508100986481e-02 1.160213723778724670e-02 8.271022140979766846e-02 2.027193456888198853e-02 5.621369928121566772e-02 1.572079956531524658e-02 1.984658651053905487e-02 3.457183018326759338e-03 1.910186000168323517e-02 6.564139854162931442e-03 8.738860487937927246e-02 3.535746783018112183e-02 1.626665331423282623e-02 2.987678349018096924e-02 1.764759235084056854e-02 4.223213717341423035e-02 2.710113488137722015e-02 5.453002080321311951e-02 2.481104806065559387e-02 2.594898641109466553e-02 1.794993504881858826e-02 4.246729984879493713e-02 1.997637189924716949e-02 6.476473208749666810e-05 2.114113420248031616e-02 1.499826647341251373e-02 1.420725230127573013e-02 6.421528756618499756e-02 2.277936972677707672e-02 6.764553487300872803e-03 7.051322027109563351e-04 1.837670104578137398e-03 7.564990315586328506e-03 5.711582675576210022e-02 2.630284056067466736e-02 4.069727659225463867e-02 9.849663823843002319e-02 4.835537075996398926e-02 2.107995329424738884e-03 7.233597338199615479e-02 8.693205192685127258e-03 2.028818801045417786e-02 2.642518468201160431e-02 2.620341069996356964e-02 1.058296649716794491e-03 1.700206473469734192e-02 5.109731107950210571e-02 3.030637279152870178e-02 2.438586205244064331e-02 5.429056473076343536e-03 2.878366038203239441e-02 2.657334692776203156e-02 6.920558959245681763e-02 3.683002293109893799e-02 3.469431027770042419e-02 3.587422892451286316e-02 1.493173930794000626e-02 9.141325950622558594e-03 7.515894714742898941e-03 2.916144393384456635e-02 4.999896138906478882e-02 4.801007732748985291e-02
1.817766763269901276e-02 8.920097351074218750e-02 2.254861593246459961e-01 3.807164728641510010e-02 1.070791669189929962e-02 2.117044292390346527e-02 2.178684249520301819e-02 3.624915331602096558e-02 3.229726478457450867e-02 2.038084529340267181e-02 7.426132913678884506e-03 6.309242453426122665e-03 7.734855264425277710e-02 3.270512446761131287e-02 1.003571450710296631e-01 7.096251845359802246e-02 1.270548719912767410e-02 2.051889710128307343e-02 3.781307488679885864e-02 4.385928809642791748e-02 9.015802294015884399e-02 9.965488314628601074e-02 2.044615801423788071e-03 4.608402028679847717e-02 4.004763439297676086e-02 1.762085827067494392e-03 3.884949907660484314e-02 6.986500322818756104e-02 6.683985888957977295e-02 7.250623404979705811e-02 1.764586195349693298e-02 1.445455243811011314e-03 2.366313338279724121e-02 2.996054850518703461e-02 2.692192234098911285e-02 8.000364154577255249e-02 7.229861617088317871e-02 1.761429011821746826e-02 1.066830977797508240e-01 3.491799905896186829e-02 1.928990706801414490e-02 2.292018197476863861e-02 1.213263813406229019e-02 1.604663953185081482e-02 4.575581103563308716e-02 2.849683631211519241e-03 3.238399326801300049e-02 1.039597392082214355e-02 9.395647211931645870e-04 1.039956975728273392e-02 1.921640709042549133e-02 2.675306610763072968e-02 2.660483121871948242e-02 1.471963617950677872e-02 2.972553297877311707e-02 4.518590576481074095e-04 3.500843793153762817e-02 2.093045786023139954e-02 1.000683009624481201e-02 4.949114285409450531e-03 4.491745028644800186e-03 3.561926260590553284e-02 6.163763254880905151e-02 2.340907976031303406e-02 5.612229462713003159e-03 4.126195795834064484e-03 3.197016194462776184e-02 4.774820525199174881e-03 4.571691900491714478e-02 7.888946682214736938e-03 3.724791482090950012e-02 4.590997844934463501e-02 5.147900898009538651e-03 1.334688439965248108e-02 5.939141660928726196e-02 4.162827879190444946e-02 3.372088447213172913e-02 2.986560203135013580e-02 2.854158915579319000e-02 2.844563499093055725e-02 1.450019627809524536e-01 1.064276918768882751e-01 3.508471185341477394e-03 4.051120206713676453e-02 1.508346875198185444e-03 7.852076552808284760e-03 3.823491558432579041e-02 1.046271529048681259e-02 1.101981755346059799e-02 9.248831309378147125e-03 2.634791657328605652e-03 3.651117533445358276e-02 8.934249170124530792e-03 5.099989008158445358e-03 3.238807991147041321e-02 2.526720985770225525e-02 4.380030557513237000e-02 6.806656718254089355e-02 4.369104281067848206e-02 2.105161175131797791e-02 1.305430382490158081e-02 2.197711495682597160e-03 3.867498785257339478e-02 5.891931056976318359e-02 3.912434354424476624e-02 3.418495878577232361e-02 1.429329160600900650e-02 1.229380350559949875e-02 6.315910816192626953e-02 1.816000416874885559e-02 2.170921117067337036e-02 1.190287992358207703e-02 3.146174922585487366e-02 5.359273869544267654e-03 2.079100720584392548e-02 9.316860884428024292e-02
1.349597238004207611e-02 4.662661254405975342e-02 2.005245722830295563e-02 3.722267597913742065e-02 6.238252669572830200e-02 1.753509230911731720e-02 1.964036747813224792e-02 3.229726478457450867e-02 1.117497980594635010e-01 3.552225232124328613e-02 5.117902532219886780e-03 5.673037469387054443e-02 3.844400122761726379e-02 2.174748806282877922e-03 1.282003615051507950e-02 3.725968301296234131e-02 2.707223407924175262e-02 1.348052769899368286e-01 1.371665950864553452e-02 9.470446035265922546e-03 1.866899803280830383e-02 5.735941231250762939e-02 4.239999502897262573e-02 2.299053594470024109e-02 6.340448558330535889e-02 4.906262271106243134e-03 1.640096679329872131e-02 8.247508853673934937e-02 1.981664448976516724e-03 1.015163399279117584e-02 1.829911582171916962e-02 4.718175530433654785e-02 4.143301025032997131e-02 1.139020174741744995e-02 1.721166446805000305e-02 8.382256329059600830e-02 1.215275377035140991e-02 1.531091518700122833e-02 5.314945708960294724e-03 3.303175419569015503e-02 1.677392423152923584e-02 2.203121036291122437e-02 3.510311618447303772e-02 3.310119360685348511e-02 5.896494165062904358e-02 2.916921861469745636e-02 8.183346129953861237e-03 2.029946539551019669e-03 3.069182625040411949e-03 1.106975786387920380e-02 1.571268588304519653e-02 5.086813122034072876e-03 4.058131948113441467e-02 3.253957256674766541e-02 1.100706309080123901e-01 2.586049959063529968e-02 3.298832336440682411e-03 5.166324600577354431e-02 3.984499722719192505e-02 4.450229555368423462e-02 1.115458831191062927e-01 1.298933941870927811e-02 3.179549006745219231e-03 6.571981310844421387e-02 2.526299841701984406e-02 4.292272496968507767e-03 4.474765062332153320e-02 3.939554095268249512e-02 8.082415908575057983e-02 7.617281377315521240e-02 3.861840814352035522e-02 9.597738832235336304e-02 8.410529792308807373e-02 2.167320996522903442e-02 6.250755488872528076e-02 7.701090723276138306e-02 1.825316101312637329e-01 1.861082017421722412e-02 9.599652141332626343e-02 2.135041728615760803e-02 3.192189382389187813e-03 6.300225108861923218e-02 6.748969852924346924e-02 1.963563822209835052e-02 4.673095047473907471e-02 1.500964257866144180e-02 3.705899789929389954e-02 7.976745255291461945e-03 1.229876093566417694e-02 1.093831472098827362e-02 9.504319168627262115e-03 3.452302142977714539e-02 2.643950656056404114e-02 7.116566877812147141e-03 8.918458223342895508e-02 6.661523878574371338e-02 5.112480744719505310e-02 2.110444009304046631e-02 6.873727776110172272e-03 3.021699190139770508e-02 1.769038476049900055e-02 9.368252009153366089e-03 1.121156010776758194e-02 5.390312895178794861e-02 3.676743246614933014e-03 8.473889902234077454e-03 5.448601394891738892e-02 2.051386237144470215e-02 7.162495516240596771e-03 3.897375240921974182e-02 3.393053635954856873e-02 2.070890367031097412e-02 3.222350403666496277e-02 2.891852706670761108e-02 8.804682642221450806e-02 4.680243786424398422e-03
3.323996206745505333e-03 4.146634042263031006e-02 2.177436277270317078e-02 6.374824792146682739e-03 9.466777741909027100e-02 3.600357472896575928e-02 3.336181491613388062e-02 2.038084529340267181e-02 3.552225232124328613e-02 7.693050801753997803e-02 1.629176177084445953e-02 6.777448207139968872e-02 2.324132248759269714e-03 8.468911051750183105e-02 1.273016259074211121e-02 2.809037640690803528e-02 7.315012160688638687e-03 1.498911879025399685e-03 8.776386082172393799e-02 5.103510618209838867e-02 2.777206711471080780e-02 3.691527992486953735e-02 5.257300660014152527e-02 1.183178946375846863e-01 3.061207570135593414e-02 3.438481828197836876e-03 8.434312418103218079e-03 1.810584217309951782e-02 3.304632753133773804e-02 5.390472337603569031e-02 5.714821442961692810e-02 2.717182412743568420e-02 4.549335315823554993e-02 9.066030383110046387e-03 5.693051218986511230e-02 1.152643747627735138e-02 3.444416075944900513e-02 1.562147680670022964e-02 2.543319202959537506e-02 1.105223968625068665e-02 1.687514781951904297e-02 6.703255698084831238e-03 3.331951424479484558e-02 7.632264168933033943e-05 3.271742165088653564e-02 1.009188815951347351e-01 4.027432575821876526e-02 1.901944982819259167e-03 9.419821202754974365e-03 8.361607789993286133e-02 3.162464872002601624e-02 3.317862376570701599e-02 5.181125551462173462e-02 4.943520203232765198e-02 3.599292133003473282e-03 7.872562110424041748e-02 5.030980706214904785e-02 2.826071344316005707e-03 3.637605160474777222e-02 4.229163378477096558e-02 2.574648708105087280e-02 5.363135412335395813e-02 6.912957131862640381e-02 6.579601671546697617e-03 3.805884858593344688e-03 1.064412388950586319e-02 5.083769559860229492e-02 1.009738724678754807e-02 4.045806080102920532e-02 8.173087984323501587e-02 3.822353854775428772e-02 7.736105471849441528e-03 1.005162205547094345e-02 5.283932667225599289e-03 8.803728967905044556e-02 1.176737807691097260e-02 3.513618186116218567e-02 1.220866292715072632e-01 2.484581992030143738e-02 1.334427744150161743e-01 7.270979229360818863e-03 3.289997577667236328e-02 1.517318421974778175e-03 6.900800019502639771e-02 7.055171299725770950e-03 3.951221331954002380e-02 1.574518345296382904e-02 2.828801982104778290e-02 3.667280077934265137e-02 1.557306107133626938e-02 2.601429447531700134e-02 2.085463143885135651e-02 8.352451026439666748e-03 7.537521887570619583e-04 4.959768150001764297e-03 6.673625111579895020e-02 9.188625961542129517e-03 5.803046282380819321e-03 1.406682096421718597e-02 6.268858164548873901e-02 2.698330953717231750e-02 5.328981205821037292e-02 3.994126990437507629e-02 1.712162606418132782e-02 2.108180709183216095e-02 4.046941176056861877e-02 2.812934294342994690e-02 2.398559264838695526e-02 1.450439263135194778e-02 1.383930724114179611e-02 2.099787117913365364e-03 7.469684351235628128e-03 1.259575015865266323e-03 1.877853646874427795e-02 3.660403564572334290e-02 4.522670060396194458e-02
1.839565932750701904e-01 9.342252463102340698e-02 3.077296726405620575e-02 1.619909889996051788e-02 2.483032457530498505e-02 1.255424469709396362e-01 1.084793508052825928e-01 7.426132913678884506e-03 5.117902532219886780e-03 1.629176177084445953e-02 1.629249155521392822e-01 1.510279625654220581e-02 1.375758498907089233e-01 4.137979447841644287e-02 2.698140032589435577e-02 5.104359611868858337e-02 4.279558360576629639e-02 2.258183434605598450e-02 5.399166839197278023e-04 4.116137698292732239e-02 8.633880876004695892e-03 8.198183029890060425e-03 4.365356639027595520e-02 2.219144022092223167e-03 1.873735524713993073e-02 1.458783913403749466e-02 4.376787692308425903e-02 9.909906657412648201e-04 5.937349796295166016e-02 8.382449857890605927e-03 9.133184701204299927e-02 1.534834224730730057e-02 6.260247435420751572e-03 1.797036081552505493e-02 1.572967134416103363e-02 4.870230797678232193e-03 5.607047677040100098e-02 5.315098166465759277e-02 3.227096796035766602e-02 2.615375816822052002e-02 5.669822916388511658e-03 2.488308819010853767e-03 3.887341171503067017e-02 6.879359483718872070e-02 6.059874594211578369e-02 5.487564578652381897e-02 1.099215149879455566e-01 5.409342050552368164e-02 1.819869619794189930e-03 1.234718784689903259e-02 2.452073432505130768e-02 4.444415215402841568e-03 4.586245119571685791e-02 4.055389761924743652e-02 3.016057610511779785e-02 3.971304744482040405e-02 1.121385674923658371e-02 2.764543052762746811e-03 2.493266575038433075e-02 1.312955655157566071e-02 8.261244744062423706e-03 2.636244893074035645e-02 2.767989411950111389e-03 3.247279301285743713e-02 1.059580743312835693e-01 6.027577444911003113e-02 1.028156001120805740e-02 2.589317224919795990e-02 8.376977406442165375e-03 6.607840303331613541e-03 5.789865553379058838e-02 4.397427290678024292e-02 1.823869068175554276e-03 1.963927224278450012e-02 4.632157087326049805e-02 1.145645882934331894e-02 9.132053703069686890e-03 2.528792805969715118e-02 4.823646321892738342e-02 3.763116151094436646e-02 2.933244779706001282e-02 1.431080512702465057e-02 4.579320084303617477e-03 7.633335422724485397e-03 5.979915149509906769e-03 1.881936006247997284e-02 4.861750081181526184e-02 1.967260800302028656e-02 2.466093376278877258e-02 8.526757359504699707e-03 6.111012771725654602e-02 1.026626527309417725e-01 5.480991676449775696e-02 6.344728916883468628e-02 4.567490890622138977e-03 4.077662900090217590e-02 1.187337096780538559e-02 2.655950561165809631e-02 2.174652181565761566e-02 1.060480903834104538e-02 1.671924721449613571e-03 6.483544129878282547e-03 2.703589573502540588e-02 5.354273319244384766e-02 1.652691140770912170e-02 2.610585279762744904e-02 3.633736819028854370e-02 9.082800708711147308e-03 4.328583553433418274e-02 9.894375689327716827e-03 4.024736955761909485e-02 1.066048070788383484e-02 3.330231457948684692e-02 4.124793410301208496e-02 5.877103656530380249e-03 2.531551383435726166e-02
1.004484295845031738e-02 3.767457976937294006e-02 2.472703903913497925e-02 3.342324867844581604e-02 6.785898469388484955e-03 6.367645412683486938e-02 4.760021343827247620e-02 6.309242453426122665e-03 5.673037469387054443e-02 6.777448207139968872e-02 1.510279625654220581e-02 7.103099673986434937e-02 8.370167575776576996e-03 2.342197746038436890e-01 2.847239002585411072e-02 2.940301038324832916e-02 5.875743180513381958e-02 3.817834332585334778e-02 9.152771905064582825e-03 4.679334163665771484e-02 8.605860173702239990e-03 3.894712030887603760e-02 8.022446185350418091e-02 6.489387899637222290e-02 3.591251093894243240e-03 3.985403105616569519e-03 1.077549904584884644e-02 1.664202958345413208e-01 3.920854628086090088e-02 1.269914954900741577e-01 1.935279555618762970e-02 4.677757993340492249e-02 6.778999418020248413e-02 3.146352991461753845e-02 4.760733246803283691e-02 3.008976951241493225e-02 1.038058567792177200e-02 1.745136920362710953e-03 3.120790421962738037e-02 5.633282661437988281e-02 5.681064445525407791e-03 1.393595058470964432e-02 1.598546397872269154e-03 3.527676686644554138e-02 8.084505051374435425e-02 8.201771229505538940e-02 3.118764981627464294e-02 4.661791771650314331e-02 1.165327802300453186e-02 1.826337538659572601e-02 1.547694858163595200e-02 6.209829449653625488e-02 3.306238679215312004e-03 3.510762006044387817e-02 6.371624767780303955e-02 3.011986985802650452e-02 4.290141165256500244e-02 3.149275481700897217e-02 5.993174016475677490e-02 6.804824620485305786e-02 8.542322367429733276e-02 4.804401844739913940e-02 3.678754344582557678e-02 2.220620773732662201e-02 4.846931435167789459e-03 1.540276408195495605e-02 1.472625136375427246e-02 1.940049603581428528e-02 1.147890929132699966e-02 6.054802983999252319e-02 3.188012912869453430e-02 7.752523524686694145e-04 3.496359288692474365e-02 1.756765414029359818e-03 7.471099495887756348e-03 1.612481102347373962e-02 7.985581457614898682e-02 7.297722250223159790e-02 4.903365299105644226e-02 9.539630846120417118e-04 2.902497537434101105e-02 1.012337394058704376e-02 1.044502761214971542e-02 5.440124124288558960e-02 2.092012902721762657e-03 3.669523634016513824e-03 2.083862014114856720e-02 4.669439047574996948e-02 6.048969924449920654e-02 6.005701422691345215e-02 7.098456379026174545e-03 2.964859642088413239e-02 2.463222853839397430e-02 5.385795608162879944e-03 4.356094077229499817e-02 3.840503841638565063e-02 3.939273580908775330e-02 4.748868942260742188e-02 5.958658829331398010e-02 2.248200029134750366e-02 3.235409036278724670e-02 2.192124165594577789e-02 3.267963975667953491e-02 6.276092678308486938e-02 1.103455200791358948e-02 3.669773042201995850e-02 3.479505702853202820e-02 1.767729595303535461e-02 2.273261360824108124e-02 2.538614533841609955e-02 3.993267938494682312e-02 7.099650800228118896e-02 4.394605755805969238e-02 3.020684421062469482e-02 2.514928579330444336e-02 2.745811361819505692e-04
1.346980184316635132e-01 2.192347049713134766e-01 6.439841538667678833e-02 3.816626965999603271e-02 2.761004678905010223e-02 1.175749301910400391e-01 5.819557607173919678e-02 7.734855264425277710e-02 3.844400122761726379e-02 2.324132248759269714e-03 1.375758498907089233e-01 8.370167575776576996e-03 1.397616267204284668e-01 2.760760113596916199e-02 3.905554860830307007e-02 1.532800681889057159e-02 1.505008712410926819e-02 9.426138550043106079e-02 9.356977045536041260e-02 4.723556339740753174e-02 2.102177962660789490e-02 8.400461077690124512e-02 3.815353289246559143e-02 3.083611652255058289e-02 3.100148402154445648e-03 1.112494245171546936e-02 6.470599025487899780e-02 5.555182695388793945e-02 1.612464524805545807e-02 4.933410137891769409e-02 7.568996399641036987e-02 1.835373416543006897e-02 3.290415555238723755e-02 3.512997552752494812e-02 3.661588206887245178e-02 4.404599219560623169e-02 1.247368846088647842e-02 4.299650713801383972e-02 6.305690109729766846e-02 3.178922832012176514e-02 2.597009297460317612e-03 6.004510913044214249e-03 6.842588540166616440e-03 4.028244689106941223e-02 5.622640717774629593e-03 5.968131497502326965e-02 9.220269322395324707e-02 1.330718118697404861e-02 1.121459063142538071e-02 2.052300423383712769e-02 4.188365116715431213e-02 1.069731637835502625e-02 2.043541148304939270e-02 5.490068718791007996e-02 3.523661941289901733e-02 1.167481206357479095e-02 1.335241459310054779e-02 1.169733423739671707e-02 2.401914261281490326e-02 2.671279944479465485e-02 1.170840263366699219e-01 5.538278818130493164e-02 5.983110051602125168e-03 2.843981236219406128e-02 4.262621700763702393e-02 5.832677334547042847e-02 3.644934389740228653e-03 7.676194887608289719e-03 4.545469954609870911e-02 8.253811858594417572e-03 3.328211605548858643e-02 7.730033993721008301e-02 3.744381666183471680e-02 4.669875651597976685e-02 2.232217416167259216e-02 5.373508855700492859e-02 2.229000814259052277e-02 4.123595356941223145e-02 6.310890614986419678e-02 1.152615807950496674e-02 1.411435473710298538e-02 4.532080888748168945e-02 1.083691883832216263e-02 1.230704225599765778e-02 3.759374376386404037e-03 1.164437830448150635e-02 6.805673241615295410e-02 4.334671050310134888e-02 3.765064477920532227e-02 1.667564734816551208e-02 5.301046743988990784e-02 1.155912596732378006e-02 8.742171339690685272e-04 9.048241376876831055e-02 2.669660188257694244e-02 5.950268357992172241e-03 1.591225340962409973e-02 1.164181344211101532e-02 2.658792957663536072e-02 2.006625756621360779e-02 1.178575679659843445e-02 3.517282009124755859e-02 6.071276962757110596e-02 1.073562204837799072e-01 3.744156286120414734e-02 3.826224058866500854e-02 2.842466905713081360e-02 3.888510912656784058e-02 1.635897532105445862e-02 3.831043094396591187e-02 3.712990507483482361e-02 3.797070682048797607e-02 1.802791841328144073e-02 6.256876885890960693e-02 5.714943632483482361e-02 1.375064253807067871e-03
