1.778864860534667969e-01 1.911491602659225464e-01 7.315573841333389282e-02 9.955541230738162994e-03 5.213883239775896072e-03 1.254393905401229858e-01 6.124465540051460266e-02 1.286017987877130508e-02 1.332737971097230911e-02 6.434446573257446289e-02 1.774709075689315796e-01 5.102588981389999390e-02 1.287070512771606445e-01 3.241854533553123474e-02 1.263628900051116943e-02 4.985454306006431580e-02 4.286677390336990356e-02 2.429456077516078949e-02 3.174431249499320984e-02 1.000214600935578346e-03 3.545468673110008240e-02 4.762765765190124512e-02 3.449296578764915466e-02 1.680764742195606232e-02 1.399125158786773682e-02 2.620095945894718170e-02 5.659188143908977509e-03 6.984291970729827881e-02 6.703631579875946045e-02 1.808276027441024780e-02 8.444285392761230469e-02 1.926895976066589355e-02 3.834087029099464417e-02 1.393657829612493515e-02 9.930327534675598145e-03 1.644527539610862732e-02 2.399090863764286041e-02 7.074038498103618622e-03 6.263206899166107178e-02 2.554518869146704674e-04 2.525545423850417137e-04 8.465364575386047363e-03 5.410247948020696640e-03 3.268349543213844299e-02 1.286493986845016479e-02 1.020871475338935852e-02 1.239269673824310303e-01 2.936662361025810242e-02 4.922482650727033615e-03 1.661010831594467163e-02 2.676784433424472809e-02 9.798586368560791016e-03 2.691119350492954254e-02 5.721688270568847656e-03 1.393978763371706009e-02 5.003791302442550659e-02 5.825534835457801819e-02 3.834874369204044342e-03 3.376593068242073059e-02 5.560996010899543762e-02 9.881968796253204346e-02 1.570929586887359619e-02 3.814086318016052246e-02 7.144263363443315029e-04 5.171171389520168304e-03 3.421263396739959717e-02 3.957268316298723221e-03 1.684251613914966583e-02 1.438261196017265320e-02 6.802480667829513550e-02 2.798483707010746002e-03 2.574458718299865723e-02 3.773147240281105042e-02 3.726687654852867126e-02 3.401286900043487549e-02 8.824560791254043579e-03 8.747139945626258850e-03 1.875219494104385376e-02 7.360662799328565598e-03 5.800803005695343018e-02 6.492234766483306885e-02 3.205008804798126221e-02 3.191131399944424629e-03 1.009263470768928528e-02 3.717053309082984924e-02 1.303931884467601776e-02 3.081255219876766205e-02 3.587419539690017700e-02 2.151031419634819031e-02 5.890564527362585068e-03 4.137473180890083313e-02 5.360654741525650024e-02 1.522042695432901382e-02 6.830534338951110840e-02 1.200733426958322525e-02 1.986864581704139709e-02 2.499255351722240448e-02 1.030972599983215332e-02 2.138358168303966522e-02 5.734731908887624741e-03 4.518193379044532776e-02 5.052719265222549438e-02 1.660487987101078033e-02 7.182888686656951904e-02 4.213830083608627319e-02 3.085439652204513550e-02 4.639741964638233185e-03 6.750965863466262817e-02 6.760761607438325882e-03 1.667809113860130310e-02 1.289495849050581455e-03 1.271940302103757858e-02 3.059597127139568329e-02 2.176124835386872292e-03 1.413320004940032959e-02 6.278631091117858887e-02
1.911491602659225464e-01 1.938836723566055298e-01 1.536538731306791306e-02 2.346193417906761169e-03 2.052220329642295837e-02 1.640220582485198975e-01 1.097659170627593994e-01 5.636692047119140625e-03 3.915257751941680908e-02 7.133340928703546524e-03 1.522823870182037354e-01 4.838449135422706604e-02 1.552621275186538696e-01 5.004854127764701843e-02 2.231523394584655762e-02 2.157713286578655243e-02 2.903268672525882721e-02 3.450197726488113403e-02 2.747333608567714691e-02 1.242453325539827347e-02 3.087376244366168976e-02 1.531661115586757660e-02 2.473108284175395966e-02 2.070774324238300323e-03 3.461924567818641663e-02 2.828521281480789185e-02 2.307835221290588379e-02 5.488138273358345032e-02 9.032375365495681763e-02 2.973156236112117767e-02 2.844752371311187744e-02 2.919465303421020508e-02 2.898519113659858704e-02 5.754593759775161743e-03 2.570750890299677849e-03 1.836557174101471901e-03 1.435609906911849976e-02 3.512307628989219666e-02 1.089654490351676941e-02 3.512299805879592896e-02 1.916879415512084961e-02 4.364988580346107483e-02 7.962567731738090515e-03 1.622191071510314941e-02 1.828467287123203278e-02 2.689590118825435638e-02 1.167494505643844604e-01 4.943808913230895996e-02 3.574959561228752136e-02 1.478756871074438095e-02 5.969664547592401505e-03 1.455955789424479008e-03 3.794608637690544128e-02 2.564806491136550903e-02 3.336232528090476990e-02 1.953850686550140381e-02 5.811640247702598572e-02 1.070731692016124725e-02 5.087741650640964508e-03 2.656092680990695953e-02 6.024825945496559143e-02 1.717377826571464539e-02 3.538894653320312500e-02 1.809492520987987518e-02 3.546868218109011650e-03 4.159812629222869873e-02 2.760903164744377136e-02 4.363260418176651001e-02 1.843696646392345428e-02 8.015318773686885834e-03 2.035650983452796936e-02 5.835178308188915253e-03 1.326787751168012619e-02 9.444155148230493069e-04 1.541953813284635544e-02 1.451195776462554932e-02 1.608961448073387146e-02 2.930272929370403290e-02 6.800743285566568375e-03 3.354905918240547180e-02 1.473880279809236526e-02 5.662094056606292725e-02 3.470319136977195740e-02 3.220820054411888123e-02 6.494892388582229614e-02 1.296795904636383057e-02 4.474641755223274231e-02 5.237989127635955811e-02 9.120790287852287292e-03 1.908135949634015560e-03 8.878880180418491364e-04 3.035123273730278015e-02 2.077775076031684875e-02 4.336379468441009521e-02 1.433028373867273331e-02 2.131098695099353790e-02 2.537738345563411713e-02 2.414287254214286804e-02 4.543984681367874146e-02 2.083532698452472687e-02 6.861545890569686890e-02 5.879909545183181763e-02 5.005543306469917297e-02 2.543415687978267670e-02 2.234287932515144348e-02 5.247191991657018661e-03 1.927880011498928070e-02 4.291522502899169922e-02 2.529508783482015133e-04 9.880957193672657013e-03 2.865977818146348000e-03 4.189069569110870361e-02 7.533302064985036850e-03 6.350270006805658340e-03 1.281070709228515625e-02 8.058042824268341064e-02
7.315573841333389282e-02 1.536538731306791306e-02 2.557108923792839050e-02 8.738747797906398773e-03 8.970808237791061401e-02 5.116146057844161987e-02 5.929342657327651978e-02 4.816256090998649597e-02 2.935852855443954468e-02 1.019517797976732254e-02 7.415153086185455322e-03 1.735609583556652069e-02 7.813561707735061646e-03 2.524383366107940674e-02 1.656010933220386505e-02 7.032861467450857162e-03 2.709410712122917175e-02 2.525179833173751831e-02 1.095030223950743675e-03 1.608297415077686310e-02 4.562838748097419739e-02 3.845854103565216064e-02 2.487694472074508667e-02 5.068788304924964905e-02 2.081551030278205872e-02 8.327853865921497345e-03 3.286249935626983643e-02 3.481034189462661743e-02 2.169930189847946167e-02 1.383629720658063889e-02 2.665272681042551994e-03 6.489299703389406204e-03 1.355265676975250244e-01 1.352007873356342316e-02 4.488008096814155579e-02 1.449721027165651321e-02 4.061788320541381836e-02 3.728107735514640808e-02 1.680886931717395782e-02 3.065862506628036499e-02 4.011242091655731201e-02 4.716915637254714966e-02 3.919571265578269958e-02 5.021882429718971252e-02 5.209127813577651978e-02 4.979419335722923279e-02 7.709871046245098114e-03 3.026792546734213829e-03 3.355112625285983086e-03 5.356445536017417908e-02 3.626949712634086609e-02 6.611372530460357666e-02 2.499595470726490021e-02 5.220021121203899384e-03 9.264227002859115601e-02 6.822234485298395157e-03 1.677808724343776703e-02 1.339455135166645050e-02 2.995924651622772217e-02 6.813379377126693726e-02 4.950617253780364990e-02 2.421469800174236298e-02 7.107054442167282104e-02 6.158890202641487122e-02 5.907632037997245789e-02 1.911989226937294006e-02 5.954459682106971741e-02 3.748981654644012451e-02 1.263428106904029846e-02 3.924850840121507645e-03 4.266978707164525986e-03 1.905705593526363373e-02 2.107549086213111877e-02 2.523261867463588715e-02 6.111699342727661133e-02 2.166939526796340942e-02 5.590423196554183960e-02 2.233066037297248840e-02 1.900649070739746094e-02 1.012247242033481598e-02 3.102378547191619873e-01 6.834418326616287231e-02 4.150616750121116638e-02 2.888111956417560577e-02 2.017366699874401093e-02 1.897945627570152283e-02 2.755909040570259094e-02 2.148373425006866455e-02 3.579134121537208557e-02 7.141237612813711166e-03 4.308443516492843628e-02 1.191071644425392151e-01 2.336600050330162048e-02 4.490701854228973389e-02 7.863025180995464325e-03 1.118252426385879517e-02 2.948499098420143127e-02 1.043042750097811222e-03 5.001558363437652588e-02 8.246275782585144043e-02 6.963304476812481880e-04 3.815441206097602844e-02 1.414495334029197693e-02 2.614824473857879639e-02 1.432512979954481125e-02 7.235386967658996582e-02 6.119299307465553284e-02 4.912643134593963623e-02 1.111917756497859955e-02 6.131264846771955490e-03 1.349141262471675873e-02 1.255142502486705780e-02 5.850411951541900635e-02 4.179571568965911865e-02 1.053784391842782497e-03 3.642472624778747559e-02
9.955541230738162994e-03 2.346193417906761169e-03 8.738747797906398773e-03 9.807650744915008545e-02 1.087598353624343872e-01 1.425658725202083588e-02 2.667616493999958038e-02 1.356158591806888580e-02 9.379967115819454193e-03 3.408230468630790710e-02 1.413183636032044888e-03 6.282263249158859253e-02 4.353393800556659698e-03 4.338395223021507263e-02 4.874525219202041626e-02 5.584229528903961182e-02 1.595152169466018677e-02 1.278647184371948242e-01 5.024285614490509033e-02 4.673324897885322571e-02 3.974969033151865005e-03 1.477693673223257065e-02 5.885002017021179199e-02 5.455098301172256470e-02 5.376796703785657883e-03 8.156983181834220886e-03 1.835043355822563171e-02 3.628244251012802124e-02 6.467116065323352814e-03 1.219083368778228760e-02 3.322314471006393433e-02 3.434834536164999008e-03 8.198200911283493042e-02 1.223395019769668579e-02 2.298039384186267853e-03 2.948701381683349609e-02 1.414445228874683380e-02 2.565209567546844482e-02 1.742798686027526855e-01 1.259308028966188431e-02 5.186844244599342346e-02 2.616653405129909515e-02 8.504229038953781128e-02 5.591634660959243774e-02 7.684157788753509521e-02 1.991259306669235229e-02 4.559684544801712036e-03 2.295520156621932983e-02 4.601951688528060913e-03 4.566944669932126999e-03 1.963970810174942017e-02 3.489878401160240173e-02 9.948047809302806854e-03 3.441903367638587952e-02 6.787703186273574829e-02 6.354329735040664673e-02 1.208250876516103745e-02 5.656789243221282959e-02 2.312280237674713135e-03 8.502828329801559448e-02 5.811583250761032104e-02 4.834191873669624329e-02 9.977252036333084106e-02 3.194353729486465454e-02 1.376889087259769440e-02 4.668045043945312500e-02 1.792148873209953308e-02 3.788535250350832939e-03 3.456092625856399536e-02 1.481944927945733070e-03 1.085534226149320602e-03 1.319030486047267914e-02 1.386476159095764160e-01 2.629626169800758362e-02 1.156326457858085632e-01 1.361865364015102386e-02 3.845742344856262207e-02 4.954567551612854004e-02 2.775607816874980927e-02 4.891487210988998413e-02 1.216610297560691833e-01 3.707798942923545837e-02 1.145170032978057861e-01 1.762790605425834656e-02 3.467164188623428345e-02 7.026405632495880127e-02 6.707597058266401291e-03 4.654541984200477600e-02 8.255817741155624390e-02 2.286854200065135956e-02 2.663465216755867004e-02 6.972916889935731888e-03 4.902217537164688110e-02 2.841158397495746613e-02 3.772966563701629639e-02 3.504555672407150269e-02 7.331087440252304077e-02 1.164170075207948685e-02 1.073003187775611877e-02 1.998118124902248383e-02 3.855312615633010864e-02 4.221215844154357910e-02 4.053464159369468689e-02 4.838255047798156738e-02 1.115453662350773811e-03 9.986719116568565369e-03 2.520323172211647034e-02 7.503411173820495605e-02 5.725543200969696045e-02 1.704974565654993057e-03 5.634058266878128052e-02 3.686802834272384644e-02 6.132590025663375854e-02 5.900973454117774963e-02 3.256423398852348328e-02 2.582293376326560974e-02
5.213883239775896072e-03 2.052220329642295837e-02 8.970808237791061401e-02 1.087598353624343872e-01 4.171223263256251812e-04 3.876110166311264038e-02 2.518473484087735415e-04 4.784017428755760193e-02 3.471888601779937744e-02 5.049013998359441757e-03 4.253876395523548126e-03 1.135013997554779053e-02 4.010708257555961609e-02 3.992037847638130188e-02 9.379721432924270630e-02 4.657685011625289917e-02 6.118261069059371948e-02 7.626940310001373291e-02 1.259617856703698635e-03 2.488954365253448486e-02 9.299004450440406799e-03 8.130514621734619141e-02 6.178466230630874634e-02 3.578929975628852844e-02 4.433208703994750977e-02 2.938429825007915497e-02 4.514022171497344971e-02 5.123280733823776245e-02 5.965485051274299622e-02 4.962220042943954468e-02 1.480846758931875229e-02 1.745546702295541763e-03 6.050300225615501404e-02 1.555774640291929245e-02 4.393381997942924500e-02 3.477244637906551361e-03 1.143119018524885178e-02 1.809448935091495514e-02 1.023832038044929504e-01 1.457685828208923340e-01 2.747117541730403900e-02 6.413400173187255859e-02 3.588280081748962402e-02 5.992291867733001709e-02 1.423383876681327820e-02 1.292794644832611084e-01 6.539369467645883560e-03 4.143841564655303955e-02 2.236598171293735504e-02 4.346464946866035461e-02 1.028554141521453857e-01 4.327164217829704285e-02 8.397603034973144531e-02 1.834166795015335083e-02 2.720367722213268280e-02 5.397717282176017761e-02 3.245996683835983276e-02 3.744078800082206726e-02 1.328884065151214600e-01 9.572836756706237793e-02 4.168381914496421814e-02 5.162042006850242615e-02 3.519557416439056396e-02 3.253005677834153175e-03 6.126476451754570007e-03 4.001111164689064026e-02 3.258924465626478195e-03 5.544775351881980896e-02 3.528873249888420105e-02 1.337435562163591385e-02 8.380722254514694214e-03 1.262991596013307571e-02 1.249420270323753357e-02 1.680027879774570465e-02 8.872824907302856445e-02 7.654035091400146484e-02 1.792005449533462524e-02 6.850881967693567276e-03 5.078944191336631775e-02 1.364569325232878327e-04 5.730803683400154114e-02 2.912211976945400238e-02 3.547739610075950623e-02 2.316857688128948212e-02 5.499083176255226135e-02 1.879858784377574921e-02 2.901840396225452423e-02 3.279081732034683228e-02 6.284125149250030518e-02 4.375869035720825195e-02 2.959593199193477631e-02 1.477926596999168396e-02 2.179665677249431610e-02 3.263664245605468750e-02 4.129678010940551758e-02 3.930085152387619019e-02 6.261887401342391968e-02 7.049284130334854126e-02 1.775356568396091461e-02 2.650305628776550293e-02 2.812948450446128845e-02 3.489005938172340393e-02 3.980033099651336670e-02 4.117431584745645523e-03 2.683090977370738983e-02 4.583647847175598145e-02 2.376473881304264069e-02 5.856061726808547974e-02 3.036762587726116180e-02 2.344756945967674255e-02 1.452785357832908630e-02 8.865959011018276215e-03 4.293634090572595596e-03 7.012210786342620850e-02 3.596225008368492126e-02 2.318465895950794220e-02
1.254393905401229858e-01 1.640220582485198975e-01 5.116146057844161987e-02 1.425658725202083588e-02 3.876110166311264038e-02 1.664417684078216553e-01 1.731130331754684448e-01 4.027547687292098999e-02 4.003659635782241821e-02 3.690030192956328392e-03 9.810215234756469727e-02 2.676067873835563660e-02 1.120144799351692200e-01 2.412116155028343201e-02 5.785357579588890076e-02 2.605182863771915436e-02 2.480208687484264374e-02 1.771507598459720612e-02 4.211931675672531128e-02 2.812368236482143402e-02 1.583871990442276001e-02 1.183213479816913605e-02 5.849773064255714417e-03 4.627611022442579269e-03 9.873555041849613190e-03 2.146023791283369064e-03 1.153499819338321686e-02 4.180612787604331970e-02 3.725001215934753418e-02 1.000629388727247715e-03 5.849649757146835327e-02 1.691236905753612518e-02 4.684187937527894974e-03 7.163872011005878448e-03 7.141468813642859459e-04 2.580524794757366180e-02 3.059449046850204468e-02 1.323706191033124924e-02 6.912825256586074829e-02 2.640589699149131775e-02 4.981651436537504196e-03 1.766715571284294128e-02 5.381410941481590271e-03 6.501837074756622314e-02 5.403384100645780563e-03 5.786683037877082825e-02 1.689465194940567017e-01 6.703723222017288208e-02 1.930228807032108307e-02 3.501065820455551147e-02 2.489176020026206970e-02 2.900427952408790588e-02 3.148196265101432800e-02 4.022654891014099121e-02 4.782166332006454468e-02 3.623709455132484436e-02 1.796437241137027740e-02 2.846986614167690277e-02 2.314930036664009094e-02 2.091901609674096107e-03 1.640598103404045105e-02 4.664621315896511078e-03 5.830143764615058899e-02 2.402655081823468208e-03 3.603706136345863342e-02 3.960211202502250671e-02 1.969114877283573151e-03 2.731198258697986603e-02 1.791912503540515900e-02 4.858218133449554443e-02 2.018982730805873871e-02 2.816683240234851837e-02 8.087216876447200775e-03 4.681310616433620453e-03 2.213560743257403374e-03 2.688462845981121063e-02 3.012402914464473724e-02 4.347496107220649719e-02 2.433834451949223876e-04 3.824253007769584656e-02 4.810547456145286560e-02 1.205560006201267242e-02 6.168900057673454285e-02 2.147753536701202393e-02 1.689404435455799103e-02 8.442736580036580563e-04 2.825019508600234985e-02 7.190026342868804932e-03 1.893271692097187042e-02 3.702465444803237915e-02 1.880735531449317932e-02 1.513313408941030502e-02 2.421749010682106018e-02 6.115358322858810425e-02 1.243562903255224228e-02 3.820635378360748291e-02 1.710453070700168610e-02 3.326750174164772034e-02 3.392004594206809998e-02 1.449091476388275623e-03 3.871466591954231262e-02 2.356074936687946320e-02 2.712469175457954407e-02 3.684399276971817017e-02 5.654101446270942688e-02 1.555867306888103485e-02 1.066821161657571793e-02 3.726851567625999451e-02 2.882456639781594276e-03 3.687341883778572083e-02 4.563086200505495071e-03 3.174897655844688416e-02 1.629608683288097382e-02 1.767165027558803558e-02 3.075291402637958527e-03 5.301975086331367493e-02
6.124465540051460266e-02 1.097659170627593994e-01 5.929342657327651978e-02 2.667616493999958038e-02 2.518473484087735415e-04 1.731130331754684448e-01 1.564003527164459229e-01 4.792365059256553650e-02 2.898444421589374542e-02 5.812838301062583923e-02 5.798585712909698486e-02 3.650431334972381592e-02 7.207534462213516235e-02 4.066735506057739258e-02 3.256045281887054443e-02 2.414663881063461304e-02 2.072026953101158142e-02 1.929697580635547638e-02 1.284911483526229858e-02 3.694014251232147217e-02 2.920816466212272644e-02 5.423897877335548401e-02 1.639096997678279877e-02 2.897320315241813660e-02 3.804704919457435608e-02 1.983396336436271667e-02 9.854337200522422791e-03 5.452033132314682007e-03 7.307825982570648193e-02 8.869135752320289612e-03 7.385942619293928146e-03 4.955359734594821930e-03 8.063915185630321503e-03 9.198514744639396667e-03 7.820829749107360840e-03 2.187855541706085205e-02 2.547732740640640259e-02 4.323411360383033752e-02 6.061437353491783142e-02 3.422359749674797058e-02 1.959281042218208313e-03 5.177047103643417358e-02 2.240346278995275497e-03 1.619133725762367249e-02 2.774862945079803467e-02 2.554112346842885017e-03 1.260278671979904175e-01 1.065012738108634949e-01 5.057246983051300049e-02 3.785545006394386292e-02 5.527595430612564087e-02 2.189585193991661072e-02 1.714295893907546997e-02 3.661868348717689514e-02 4.070189222693443298e-02 2.964402735233306885e-02 4.491610825061798096e-02 1.613480597734451294e-02 9.468545205891132355e-03 1.898157037794589996e-02 3.423313423991203308e-02 3.498319163918495178e-02 5.086792260408401489e-02 8.332094177603721619e-03 4.257807508111000061e-02 4.913526400923728943e-02 2.241824008524417877e-02 1.592010818421840668e-02 1.281884778290987015e-02 1.034577004611492157e-02 4.966240748763084412e-02 2.086999081075191498e-02 2.359114028513431549e-02 1.230653282254934311e-02 3.838757798075675964e-02 2.496052905917167664e-02 2.251094207167625427e-02 2.192052081227302551e-02 1.955256424844264984e-02 1.014436781406402588e-02 2.922664768993854523e-02 1.923545263707637787e-02 7.860515266656875610e-02 7.596400566399097443e-03 4.103837907314300537e-02 8.698110468685626984e-03 3.832873702049255371e-02 3.889533504843711853e-02 3.907167352735996246e-03 1.627491787075996399e-02 1.908239349722862244e-02 3.872342780232429504e-02 2.335341461002826691e-02 9.020306915044784546e-02 2.547710388898849487e-02 4.230874776840209961e-02 2.257455140352249146e-02 5.215662717819213867e-02 2.745788171887397766e-02 2.543271332979202271e-02 6.744553148746490479e-02 1.413456071168184280e-02 5.007661879062652588e-02 6.339489668607711792e-02 2.916291169822216034e-02 3.666213154792785645e-02 8.083483204245567322e-03 1.562638953328132629e-02 1.024231407791376114e-02 1.288407202810049057e-02 6.305659655481576920e-03 1.079371868399903178e-04 2.864019200205802917e-02 2.200543135404586792e-02 2.438602782785892487e-02 7.605951279401779175e-03
1.286017987877130508e-02 5.636692047119140625e-03 4.816256090998649597e-02 1.356158591806888580e-02 4.784017428755760193e-02 4.027547687292098999e-02 4.792365059256553650e-02 2.910394966602325439e-02 6.048376858234405518e-02 5.898071452975273132e-02 3.805384784936904907e-02 4.637539014220237732e-02 4.497123882174491882e-02 1.764924614690244198e-03 5.511794984340667725e-02 2.341668680310249329e-02 4.008359462022781372e-02 4.529790580272674561e-02 1.905801519751548767e-02 1.212912704795598984e-02 5.175766348838806152e-02 2.668272517621517181e-02 4.391876235604286194e-02 1.373489294201135635e-02 1.385562866926193237e-02 2.452758513391017914e-02 1.705758087337017059e-02 5.397990345954895020e-03 8.576331287622451782e-02 3.732701018452644348e-02 3.244452178478240967e-02 2.499496564269065857e-02 5.479235202074050903e-02 8.870187448337674141e-04 6.549728661775588989e-02 7.041959464550018311e-02 1.102754771709442139e-01 9.729821234941482544e-03 5.818954482674598694e-02 2.475460804998874664e-02 3.168541938066482544e-02 5.116954073309898376e-02 1.709502004086971283e-02 7.639610767364501953e-02 5.954606086015701294e-02 1.366801932454109192e-02 2.274121344089508057e-02 2.032794058322906494e-02 3.026411309838294983e-02 2.639804407954216003e-02 5.044974386692047119e-02 7.872507721185684204e-02 6.133324652910232544e-02 2.641593292355537415e-02 5.671268794685602188e-03 1.101090013980865479e-02 1.736489497125148773e-02 5.994064267724752426e-03 1.057368889451026917e-02 6.878727674484252930e-02 4.947798326611518860e-02 3.791225329041481018e-02 6.446240004152059555e-03 6.029280647635459900e-02 1.893476210534572601e-02 8.508168160915374756e-03 1.589908450841903687e-02 7.130231242626905441e-03 8.976560086011886597e-03 2.684140205383300781e-02 2.492808736860752106e-02 1.791716925799846649e-02 3.768523456528782845e-03 3.729126229882240295e-02 1.129935309290885925e-02 4.589840304106473923e-03 8.876814506947994232e-03 9.414707892574369907e-04 7.640730589628219604e-02 9.876908361911773682e-02 1.142968684434890747e-01 3.089326061308383942e-02 1.288872957229614258e-02 5.800953507423400879e-02 1.817613095045089722e-02 4.354678466916084290e-02 1.385705359280109406e-02 2.830209396779537201e-02 2.945133857429027557e-02 5.144485272467136383e-03 5.341092497110366821e-02 1.112620346248149872e-03 2.898495644330978394e-02 2.212986722588539124e-02 2.443221583962440491e-02 7.242592424154281616e-02 2.390283159911632538e-02 7.306470652110874653e-04 5.398030579090118408e-02 6.246117874979972839e-02 8.205268532037734985e-02 6.769507192075252533e-03 3.624454513192176819e-02 6.551895290613174438e-02 2.942719263955950737e-03 1.538295857608318329e-02 1.638760045170783997e-02 5.083226412534713745e-02 7.200920954346656799e-04 1.663494110107421875e-02 2.396618574857711792e-02 7.941926829516887665e-03 2.525843866169452667e-02 3.199347481131553650e-02 5.850423593074083328e-03 4.010459408164024353e-02
1.332737971097230911e-02 3.915257751941680908e-02 2.935852855443954468e-02 9.379967115819454193e-03 3.471888601779937744e-02 4.003659635782241821e-02 2.898444421589374542e-02 6.048376858234405518e-02 5.356889963150024414e-02 8.803386986255645752e-02 4.772911965847015381e-02 4.283926635980606079e-02 7.591636478900909424e-02 4.766340367496013641e-03 2.901534736156463623e-02 3.308990970253944397e-02 5.946788936853408813e-02 1.558542102575302124e-01 1.387983001768589020e-02 2.491606213152408600e-02 2.785842865705490112e-02 4.305514693260192871e-02 7.273823022842407227e-02 6.038698554039001465e-02 5.454187467694282532e-02 1.198172271251678467e-01 1.758233993314206600e-03 2.049861103296279907e-02 1.383341941982507706e-02 2.837299369275569916e-03 4.514107480645179749e-02 7.301760464906692505e-02 9.905160404741764069e-04 6.610330194234848022e-03 1.856758072972297668e-02 5.910461395978927612e-02 7.632957305759191513e-03 1.847538352012634277e-02 2.051279880106449127e-02 1.428643148392438889e-02 1.130867633037269115e-03 2.468958310782909393e-02 4.708668217062950134e-02 2.438047714531421661e-02 3.985354676842689514e-02 1.218336448073387146e-02 4.808455239981412888e-03 3.995051234960556030e-02 1.819548569619655609e-02 2.770037390291690826e-02 6.725932937115430832e-03 2.969035878777503967e-03 3.130591288208961487e-02 1.743397116661071777e-02 1.144577562808990479e-01 6.703256070613861084e-02 5.817519873380661011e-02 3.939341753721237183e-02 1.119060814380645752e-02 3.995179012417793274e-02 2.466128207743167877e-02 2.084195613861083984e-02 4.253517836332321167e-02 3.769458085298538208e-02 1.248386688530445099e-02 4.160666838288307190e-02 3.204950597137212753e-03 2.618882060050964355e-02 9.974213317036628723e-03 4.736225679516792297e-02 3.321127500385046005e-03 1.033946312963962555e-02 3.152337297797203064e-02 4.811919108033180237e-02 2.133248932659626007e-02 1.831596903502941132e-02 1.940718591213226318e-01 2.562574669718742371e-02 1.813341677188873291e-01 2.758542075753211975e-02 3.481202526018023491e-03 5.483844783157110214e-03 1.036613713949918747e-02 8.133749663829803467e-02 6.630939431488513947e-03 4.896922782063484192e-02 3.814928932115435600e-03 7.536537945270538330e-02 4.712809622287750244e-02 3.571687638759613037e-02 4.360605403780937195e-02 7.224580645561218262e-02 4.061151668429374695e-02 3.097238764166831970e-02 7.137639075517654419e-02 6.228495389223098755e-02 3.959307447075843811e-02 2.276381663978099823e-02 1.664316281676292419e-02 6.670092046260833740e-02 7.922832854092121124e-03 3.399473056197166443e-02 5.376672744750976562e-02 3.250531153753399849e-04 3.611394204199314117e-03 8.528000861406326294e-02 7.479266263544559479e-03 1.805478148162364960e-02 7.167613506317138672e-02 7.030931115150451660e-02 3.878112137317657471e-02 2.831269800662994385e-02 2.200191095471382141e-02 2.849656157195568085e-02 3.710535541176795959e-02 4.338905680924654007e-03
6.434446573257446289e-02 7.133340928703546524e-03 1.019517797976732254e-02 3.408230468630790710e-02 5.049013998359441757e-03 3.690030192956328392e-03 5.812838301062583923e-02 5.898071452975273132e-02 8.803386986255645752e-02 8.940863609313964844e-02 5.861891433596611023e-03 1.873028278350830078e-02 3.351795300841331482e-02 1.203693728893995285e-02 2.990466728806495667e-02 7.353626191616058350e-02 1.204597949981689453e-02 9.601276251487433910e-04 2.397941797971725464e-01 3.392119333148002625e-02 3.789190575480461121e-02 1.421121228486299515e-02 4.773205891251564026e-02 7.282407954335212708e-03 9.888357017189264297e-04 3.297843213658779860e-04 2.851244062185287476e-02 6.430637091398239136e-02 5.979649722576141357e-03 1.759498380124568939e-02 2.370146103203296661e-02 1.552640274167060852e-02 8.426530659198760986e-02 1.106594968587160110e-02 4.543289169669151306e-02 3.737916797399520874e-02 1.800206862390041351e-02 4.271707311272621155e-02 2.587929181754589081e-02 2.528345398604869843e-02 3.568225353956222534e-02 1.973456703126430511e-02 7.198297232389450073e-02 1.359125413000583649e-02 1.437584124505519867e-02 3.621352463960647583e-02 2.540165185928344727e-02 4.676416143774986267e-02 7.137567736208438873e-03 1.837985590100288391e-02 4.111914709210395813e-02 1.394283622503280640e-01 2.065212652087211609e-02 4.607325047254562378e-02 6.792491674423217773e-02 5.659034848213195801e-02 2.330491691827774048e-02 9.056091657839715481e-04 4.718617349863052368e-02 7.075743284076452255e-03 6.504761986434459686e-03 6.126989424228668213e-02 4.357825592160224915e-02 3.348932042717933655e-02 1.948595792055130005e-02 5.700571835041046143e-02 4.957822337746620178e-02 6.795517355203628540e-02 8.037009974941611290e-04 1.164205297827720642e-01 5.526336655020713806e-02 5.129615589976310730e-02 7.547675073146820068e-02 6.638677418231964111e-02 4.062956199049949646e-02 2.466554939746856689e-02 1.782552152872085571e-02 1.838494837284088135e-01 1.102297753095626831e-02 1.935179382562637329e-01 7.905273698270320892e-03 3.041229397058486938e-02 1.161333359777927399e-02 1.748590469360351562e-01 1.858489401638507843e-02 6.506288796663284302e-02 1.022892910987138748e-02 1.090958807617425919e-02 4.142673220485448837e-03 6.903406977653503418e-02 2.488767169415950775e-02 5.805061385035514832e-02 2.146596461534500122e-02 7.760819792747497559e-02 1.435307972133159637e-02 6.724648922681808472e-02 3.927351906895637512e-02 1.786331273615360260e-02 1.953006535768508911e-02 4.757998511195182800e-02 1.663226261734962463e-02 3.476895019412040710e-02 1.440440863370895386e-02 6.540694087743759155e-02 1.639103516936302185e-02 6.292814761400222778e-02 3.013451956212520599e-02 3.044736944139003754e-02 5.788018181920051575e-02 3.909417986869812012e-02 4.342211782932281494e-02 3.788114339113235474e-02 3.759747778531163931e-04 1.919001340866088867e-02 1.072326675057411194e-02 1.510688476264476776e-02
1.774709075689315796e-01 1.522823870182037354e-01 7.415153086185455322e-03 1.413183636032044888e-03 4.253876395523548126e-03 9.810215234756469727e-02 5.798585712909698486e-02 3.805384784936904907e-02 4.772911965847015381e-02 5.861891433596611023e-03 1.896229982376098633e-01 2.073689550161361694e-02 1.409190744161605835e-01 9.448155760765075684e-03 3.252835571765899658e-02 1.524228695780038834e-02 2.630403824150562286e-02 2.804762683808803558e-02 1.624035183340311050e-03 6.993300467729568481e-02 2.764313295483589172e-02 3.132448764517903328e-03 1.361575443297624588e-02 2.314062230288982391e-02 1.084023527801036835e-02 5.271365493535995483e-02 6.548995152115821838e-03 3.089212812483310699e-03 1.617313548922538757e-02 1.461482979357242584e-02 2.112386934459209442e-02 8.329746313393115997e-03 3.983543813228607178e-02 5.932408198714256287e-02 2.103562839329242706e-02 5.155419558286666870e-02 4.272066056728363037e-02 4.462235607206821442e-03 4.200431704521179199e-02 1.495867315679788589e-02 3.023253753781318665e-02 3.132599219679832458e-02 2.202352695167064667e-02 5.908710137009620667e-02 1.590448617935180664e-02 5.616139248013496399e-02 6.904189288616180420e-02 2.801317349076271057e-02 1.099445205181837082e-02 8.655602484941482544e-02 2.366508357226848602e-02 2.445297082886099815e-03 3.586586937308311462e-02 3.076742403209209442e-02 1.738050580024719238e-02 1.359203923493623734e-02 5.430726334452629089e-02 1.385970972478389740e-02 2.011745935305953026e-03 6.646830588579177856e-02 6.416495889425277710e-03 4.838570021092891693e-03 2.516272850334644318e-02 1.690453384071588516e-03 1.080877259373664856e-01 3.799616917967796326e-02 4.305280745029449463e-03 1.756630651652812958e-02 6.392046064138412476e-02 1.384188327938318253e-02 2.457015588879585266e-02 4.154760763049125671e-02 6.096427142620086670e-02 4.622133914381265640e-03 5.376635864377021790e-02 1.094901817850768566e-03 5.921201780438423157e-02 9.133318439126014709e-03 5.678246542811393738e-02 3.225102275609970093e-02 5.332361534237861633e-02 3.566661477088928223e-02 3.446180373430252075e-02 1.633111014962196350e-02 3.302082046866416931e-02 1.279468997381627560e-03 1.016938965767621994e-02 4.337977617979049683e-02 1.749891787767410278e-02 4.827189724892377853e-03 1.261647557839751244e-03 3.872694447636604309e-02 9.252235293388366699e-03 2.685686200857162476e-02 1.464817672967910767e-02 2.908111922442913055e-02 6.874907761812210083e-02 2.108207345008850098e-02 1.259428542107343674e-02 5.561223253607749939e-03 1.309452950954437256e-02 1.986920833587646484e-02 2.485118992626667023e-02 1.784262992441654205e-02 5.622350051999092102e-02 5.944524332880973816e-02 2.392122149467468262e-02 1.592089608311653137e-02 6.971151567995548248e-03 3.770742192864418030e-02 2.500597201287746429e-02 4.833678714931011200e-03 2.855831943452358246e-02 4.682066291570663452e-02 3.043315839022397995e-03 1.296800468116998672e-02
5.102588981389999390e-02 4.838449135422706604e-02 1.735609583556652069e-02 6.282263249158859253e-02 1.135013997554779053e-02 2.676067873835563660e-02 3.650431334972381592e-02 4.637539014220237732e-02 4.283926635980606079e-02 1.873028278350830078e-02 2.073689550161361694e-02 6.297762691974639893e-02 2.477321401238441467e-02 1.535821408033370972e-01 4.630419239401817322e-02 4.530018195509910583e-02 2.328485995531082153e-02 7.590830326080322266e-03 3.915284574031829834e-02 1.418123021721839905e-02 4.757936298847198486e-02 5.233041197061538696e-02 1.384842544794082642e-01 8.367820829153060913e-02 9.945143945515155792e-03 2.132252976298332214e-02 1.373100746423006058e-02 1.119842454791069031e-01 1.138556469231843948e-02 6.928533315658569336e-02 3.473687544465065002e-02 1.681895554065704346e-02 2.487444086000323296e-03 8.540715090930461884e-03 3.657560050487518311e-02 1.288328506052494049e-02 4.881943389773368835e-02 2.284925431013107300e-02 4.244558513164520264e-02 2.166301198303699493e-02 9.767870418727397919e-03 1.205155160278081894e-02 2.056444436311721802e-02 5.055031925439834595e-02 7.386259734630584717e-02 3.833288699388504028e-02 1.218849327415227890e-02 2.953845821321010590e-02 1.693341508507728577e-02 2.486656606197357178e-02 9.039811789989471436e-03 5.800629034638404846e-02 2.910945564508438110e-02 1.837174035608768463e-02 1.385094970464706421e-02 3.695419803261756897e-02 3.033334575593471527e-02 1.927975006401538849e-02 2.422479167580604553e-02 1.242727320641279221e-02 5.932801961898803711e-02 4.714233428239822388e-02 7.817023247480392456e-02 3.070105426013469696e-02 9.378677234053611755e-03 2.032839925959706306e-03 4.195344820618629456e-02 1.984458975493907928e-02 1.479462720453739166e-02 2.677466720342636108e-02 9.566143900156021118e-02 2.198232337832450867e-02 9.943387471139431000e-03 8.451621979475021362e-03 1.028602593578398228e-03 4.539887420833110809e-03 1.997571066021919250e-02 1.291630417108535767e-02 7.221652567386627197e-02 2.492735534906387329e-02 6.364964693784713745e-02 4.094544798135757446e-03 3.098334418609738350e-03 2.820948325097560883e-02 6.089724600315093994e-02 4.093465581536293030e-02 4.451360553503036499e-02 2.551090903580188751e-02 1.006796956062316895e-01 1.681629009544849396e-02 1.996443234384059906e-02 5.881671607494354248e-02 1.861876808106899261e-02 4.757728055119514465e-02 5.422994866967201233e-02 6.009571254253387451e-02 2.696287818253040314e-02 2.097193337976932526e-02 4.496091976761817932e-02 5.922164767980575562e-03 5.302486242726445198e-04 4.082691296935081482e-02 1.166017632931470871e-02 4.261420294642448425e-02 1.158102788031101227e-02 7.359112054109573364e-02 3.581580147147178650e-02 6.477975845336914062e-02 4.072242882102727890e-03 7.135351916076615453e-05 4.653918370604515076e-02 6.681548804044723511e-02 2.404193580150604248e-02 9.414662607014179230e-03 8.988967165350914001e-03 3.638713434338569641e-02
1.287070512771606445e-01 1.552621275186538696e-01 7.813561707735061646e-03 4.353393800556659698e-03 4.010708257555961609e-02 1.120144799351692200e-01 7.207534462213516235e-02 4.497123882174491882e-02 7.591636478900909424e-02 3.351795300841331482e-02 1.409190744161605835e-01 2.477321401238441467e-02 2.094696462154388428e-01 1.574419438838958740e-03 7.969521917402744293e-03 2.293410338461399078e-02 4.689277336001396179e-02 3.768708556890487671e-02 9.116806904785335064e-04 5.566921317949891090e-04 1.782671175897121429e-02 6.871589273214340210e-02 5.623507499694824219e-02 1.494220807217061520e-03 1.733155548572540283e-02 5.787911266088485718e-02 2.018347196280956268e-02 4.070180281996726990e-02 2.088996395468711853e-02 3.956592455506324768e-02 3.012917935848236084e-02 2.585541829466819763e-02 7.554346229881048203e-03 4.381855484098196030e-03 7.637287490069866180e-03 1.986347511410713196e-02 4.292293265461921692e-02 2.770652063190937042e-02 4.201474785804748535e-02 1.989293843507766724e-02 1.092795864678919315e-03 3.916200622916221619e-02 1.102736592292785645e-02 1.760862395167350769e-02 3.750912845134735107e-02 3.100372618064284325e-03 9.276263415813446045e-02 4.503872245550155640e-02 8.029749616980552673e-03 2.441885694861412048e-02 8.777929469943046570e-03 1.810080371797084808e-02 1.678001694381237030e-02 4.468064382672309875e-02 1.105774939060211182e-02 5.019757896661758423e-02 3.057827986776828766e-02 2.862998470664024353e-02 3.828442469239234924e-02 6.533844023942947388e-02 3.036208078265190125e-02 4.389052093029022217e-02 2.159256022423505783e-03 1.049881987273693085e-02 4.938767850399017334e-02 6.333829462528228760e-02 2.668332867324352264e-02 3.843408077955245972e-02 2.844270132482051849e-02 4.644847288727760315e-02 1.620610710233449936e-03 6.517315749078989029e-03 1.947027072310447693e-02 2.368076518177986145e-02 1.396023109555244446e-02 3.497157245874404907e-02 5.976934358477592468e-02 5.125591531395912170e-02 3.121304512023925781e-02 8.830572478473186493e-03 3.659640252590179443e-02 2.760032191872596741e-03 2.856982313096523285e-02 8.457933552563190460e-03 3.397400258108973503e-03 6.753002293407917023e-03 4.433890432119369507e-02 8.262002468109130859e-02 2.334878966212272644e-02 4.817348439246416092e-03 7.384723285213112831e-04 4.949010536074638367e-02 6.585266441106796265e-03 6.252228468656539917e-02 1.308724656701087952e-02 8.286129683256149292e-03 8.469659835100173950e-03 4.549285024404525757e-02 7.324030250310897827e-02 2.928386442363262177e-02 5.946463905274868011e-03 2.381578274071216583e-02 3.476927801966667175e-02 4.279464483261108398e-02 3.728750720620155334e-02 4.880258068442344666e-02 1.821879111230373383e-02 1.640466600656509399e-02 1.653695665299892426e-02 3.973507881164550781e-02 3.984809387475252151e-03 4.301473032683134079e-03 2.500839531421661377e-02 3.088540397584438324e-03 2.953296341001987457e-02 1.553663518279790878e-02
