9.121362119913101196e-02 8.529362268745899200e-03 5.617355555295944214e-02 5.119882896542549133e-02 1.620881073176860809e-02 1.652068085968494415e-02 1.158138588070869446e-01 2.859869785606861115e-02 3.167873993515968323e-02 1.238369196653366089e-01 1.904162764549255371e-01 9.151550941169261932e-03 1.718436740338802338e-02 7.116845995187759399e-02 5.786678940057754517e-02 2.784138778224587440e-03 3.119629248976707458e-02 3.202765062451362610e-02 3.980911150574684143e-02 4.180979356169700623e-02 3.517444804310798645e-02 1.120688859373331070e-03 4.892533645033836365e-03 5.985152907669544220e-03 5.743595212697982788e-02 1.242791935801506042e-01 9.251500666141510010e-02 1.869532279670238495e-02 7.930141873657703400e-03 1.535654440522193909e-02 1.238444261252880096e-02 6.647527217864990234e-02 5.518590100109577179e-03 3.247585147619247437e-02 1.052648574113845825e-02 1.235026028007268906e-02 1.401858124881982803e-02 5.819213110953569412e-03 1.097913980484008789e-01 1.170432474464178085e-02 1.672847941517829895e-02 2.193832024931907654e-02 3.666344285011291504e-02 1.903576217591762543e-02 2.931827306747436523e-02 8.486075699329376221e-02 2.138363942503929138e-02 2.199141122400760651e-02 1.256983820348978043e-02 5.387827008962631226e-02 1.225690171122550964e-02 3.678870573639869690e-02 7.303636521100997925e-02 6.667611747980117798e-02 8.906779810786247253e-03 4.683618620038032532e-02 1.425087545067071915e-02 4.230115562677383423e-02 1.371693913824856281e-03 3.384549543261528015e-02 2.393297851085662842e-02 1.213585212826728821e-02 1.352020055055618286e-01 4.360707476735115051e-02 9.295944124460220337e-03 4.025612398982048035e-02 3.596114367246627808e-02 6.897698156535625458e-03 1.073702890425920486e-02 8.190931403078138828e-04 2.074977010488510132e-02 1.114064455032348633e-01 2.697017416357994080e-02 1.070785336196422577e-02 1.431145425885915756e-02 2.817035280168056488e-02 3.179890662431716919e-02 1.100073847919702530e-02 7.748454809188842773e-03 4.037998244166374207e-02 2.603126503527164459e-02 4.135127365589141846e-02 2.738212980329990387e-02 2.707390114665031433e-02 4.178017750382423401e-02 7.267521694302558899e-03 1.324311457574367523e-02 4.217195138335227966e-02 3.028310835361480713e-02 1.211112216114997864e-01 4.282844439148902893e-02 3.395303711295127869e-02 5.201638117432594299e-02 2.834486588835716248e-02 1.848639175295829773e-02 2.722464036196470261e-03 1.409357972443103790e-02 2.731819823384284973e-02 8.591912337578833103e-04 4.683243110775947571e-02 2.308665029704570770e-02 1.723976992070674896e-02 3.201943763997405767e-04 6.673917640000581741e-03 4.822126030921936035e-02 7.082588970661163330e-02 5.559469386935234070e-02 5.171884596347808838e-02 4.072161763906478882e-02 1.557393465191125870e-02 8.834543824195861816e-02 4.689142107963562012e-03 7.120271772146224976e-02 7.549786474555730820e-03 5.032416060566902161e-02 7.851482927799224854e-02
8.529362268745899200e-03 4.242410510778427124e-02 3.335491940379142761e-02 5.461651831865310669e-02 4.610628820955753326e-03 1.361644547432661057e-02 1.174714490771293640e-01 8.499914780259132385e-03 3.090607188642024994e-02 1.285764854401350021e-02 5.307717248797416687e-03 9.204060584306716919e-02 1.867708265781402588e-01 8.091802150011062622e-02 1.741006039083003998e-02 4.642260074615478516e-02 6.264495849609375000e-02 4.690306261181831360e-03 1.244964078068733215e-02 4.238561540842056274e-02 4.067976400256156921e-02 4.940172191709280014e-03 2.008928172290325165e-02 6.205108016729354858e-02 7.034604251384735107e-02 2.781469374895095825e-02 4.967351630330085754e-02 2.247498370707035065e-02 2.007023431360721588e-02 1.689261943101882935e-02 7.526432722806930542e-02 5.750308930873870850e-02 4.480523243546485901e-02 4.179111495614051819e-02 1.283138543367385864e-01 4.562325403094291687e-02 5.286561697721481323e-02 8.088765665888786316e-03 3.395179659128189087e-02 5.298408214002847672e-04 1.155241802334785461e-01 2.899662824347615242e-03 1.167554873973131180e-02 1.338628977537155151e-01 5.635105073451995850e-03 1.309754699468612671e-02 3.101381659507751465e-02 7.549637556076049805e-02 3.133052214980125427e-02 1.439606538042426109e-03 3.763514384627342224e-02 3.897817339748144150e-03 1.058171782642602921e-02 5.880443379282951355e-02 2.217459958046674728e-03 3.731678798794746399e-02 6.035757437348365784e-02 8.717510849237442017e-02 6.230098009109497070e-02 1.191570702940225601e-02 3.770886105485260487e-04 4.729118663817644119e-03 1.105578523129224777e-02 4.500160738825798035e-02 1.820571906864643097e-02 5.267114192247390747e-02 1.176209971308708191e-01 6.421843171119689941e-02 1.268275547772645950e-02 2.999135106801986694e-02 8.202454075217247009e-03 5.619831010699272156e-02 5.067010223865509033e-02 5.023144558072090149e-02 4.963512718677520752e-02 5.652990564703941345e-02 7.406216114759445190e-03 3.362283110618591309e-02 2.120808884501457214e-02 9.518946520984172821e-03 7.857234217226505280e-03 2.715113013982772827e-02 1.368920225650072098e-02 4.707732051610946655e-02 1.369247585535049438e-02 7.807131391018629074e-03 5.795071646571159363e-02 3.804139420390129089e-02 7.462190091609954834e-02 4.586791992187500000e-02 6.325077265501022339e-02 8.850281685590744019e-02 6.474249064922332764e-02 1.246266588568687439e-01 1.753870584070682526e-02 3.991248831152915955e-02 1.148380804806947708e-02 5.691955983638763428e-02 1.636702194809913635e-02 4.352658241987228394e-02 2.572927856817841530e-03 1.257039327174425125e-02 1.537903025746345520e-02 7.041777716949582100e-04 5.555846728384494781e-03 2.271628379821777344e-02 8.742540143430233002e-03 3.910430893301963806e-02 1.495197974145412445e-02 2.259151078760623932e-02 9.571027010679244995e-02 6.508444994688034058e-02 3.768893703818321228e-02 6.361299753189086914e-02 1.364770997315645218e-02 1.578898541629314423e-02
5.617355555295944214e-02 3.335491940379142761e-02 1.285769194364547729e-01 1.124274078756570816e-02 1.378059852868318558e-02 4.714597761631011963e-02 3.385330736637115479e-02 1.376342214643955231e-02 2.073289640247821808e-02 2.393577992916107178e-02 4.498324124142527580e-04 2.011851035058498383e-02 8.819390088319778442e-03 3.363381326198577881e-02 4.745909571647644043e-02 1.730885542929172516e-02 2.350447699427604675e-02 2.271855808794498444e-02 3.854603692889213562e-02 8.013047277927398682e-03 5.629019066691398621e-02 1.757826842367649078e-02 4.684159159660339355e-02 1.397557463496923447e-02 2.109027095139026642e-02 5.450294911861419678e-02 2.640861831605434418e-02 4.424819257110357285e-03 2.539063431322574615e-02 3.553805127739906311e-02 4.569516703486442566e-02 2.566099911928176880e-02 5.856119096279144287e-02 1.602227799594402313e-02 5.150628462433815002e-02 6.087226793169975281e-02 6.350329518318176270e-02 1.735139451920986176e-02 3.365541249513626099e-02 4.657833278179168701e-02 4.695289954543113708e-02 1.338737457990646362e-01 6.019631773233413696e-02 1.820198073983192444e-02 1.349516119807958603e-02 1.521186903119087219e-02 6.529191136360168457e-02 4.818243533372879028e-02 2.733964659273624420e-02 8.814865350723266602e-02 3.468103334307670593e-02 2.609882503747940063e-02 2.092962525784969330e-02 3.546702116727828979e-02 2.665638364851474762e-02 7.691694051027297974e-02 3.275290876626968384e-02 3.566833212971687317e-03 1.210172027349472046e-01 1.572365872561931610e-02 3.208687528967857361e-02 2.504940703511238098e-02 2.162923291325569153e-02 4.380306228995323181e-02 2.258569560945034027e-02 8.296696469187736511e-03 2.501141652464866638e-02 1.714197569526731968e-03 4.606217611581087112e-03 5.674252659082412720e-02 1.311419717967510223e-02 6.512885540723800659e-02 3.690176457166671753e-02 2.148228138685226440e-02 3.179744258522987366e-02 5.117690563201904297e-02 6.692659854888916016e-02 6.168539077043533325e-02 1.345213782042264938e-02 1.185987144708633423e-01 7.234191522002220154e-03 1.034091264009475708e-01 1.463528536260128021e-02 4.146029427647590637e-02 3.000525012612342834e-02 4.490813240408897400e-02 1.102262735366821289e-02 7.216856628656387329e-02 1.219027340412139893e-01 1.807224564254283905e-02 3.611193737015128136e-03 7.558009587228298187e-03 1.378225814551115036e-02 7.435530424118041992e-02 3.261929005384445190e-02 5.253912881016731262e-02 1.356200966984033585e-02 3.685842454433441162e-02 5.844659637659788132e-03 1.361127756536006927e-02 2.543699182569980621e-02 4.863057285547256470e-03 3.192218020558357239e-02 2.193450927734375000e-02 1.525693684816360474e-01 9.045621380209922791e-03 6.612092722207307816e-03 4.597148299217224121e-02 1.010394562035799026e-02 1.799552515149116516e-02 1.173363439738750458e-02 4.733961820602416992e-02 5.796797946095466614e-02 3.538332134485244751e-02 3.194897668436169624e-03 6.109272316098213196e-02
5.119882896542549133e-02 5.461651831865310669e-02 1.124274078756570816e-02 3.215292096138000488e-02 5.925567075610160828e-02 2.477257698774337769e-02 2.003319747745990753e-02 1.456537935882806778e-02 6.963617354631423950e-02 8.697056025266647339e-02 3.661448881030082703e-02 7.833525538444519043e-02 8.455597609281539917e-02 1.475535519421100616e-02 9.186092764139175415e-02 6.547428667545318604e-02 5.493815243244171143e-02 2.235968969762325287e-02 6.688503175973892212e-02 2.751579321920871735e-02 3.973997384309768677e-02 3.458377718925476074e-02 6.085328757762908936e-03 6.269297562539577484e-03 2.086827717721462250e-02 8.563151210546493530e-02 7.337930146604776382e-03 1.482896786183118820e-02 7.049239706248044968e-03 3.377978876233100891e-02 5.418779328465461731e-02 5.182738229632377625e-02 6.075638532638549805e-02 4.044939205050468445e-02 9.666277468204498291e-02 3.474146500229835510e-02 6.918082945048809052e-03 1.519509218633174896e-02 9.162055701017379761e-02 5.546324327588081360e-02 2.615393325686454773e-02 8.423608541488647461e-02 1.366708613932132721e-02 7.520248182117938995e-03 7.412744453176856041e-04 7.589951902627944946e-02 1.279113814234733582e-02 6.352610141038894653e-02 4.149160906672477722e-02 6.813535094261169434e-02 9.937656670808792114e-02 1.582756452262401581e-02 4.540039598941802979e-02 1.562383491545915604e-03 7.947558164596557617e-02 6.308168917894363403e-02 1.454364042729139328e-03 5.014283582568168640e-03 5.745712667703628540e-03 2.605663612484931946e-03 6.670438498258590698e-02 4.411081597208976746e-02 3.195713832974433899e-02 5.212867632508277893e-02 3.003852255642414093e-02 3.001369535923004150e-02 7.617725431919097900e-02 1.010278910398483276e-01 1.436361670494079590e-01 3.772135823965072632e-02 1.243645176291465759e-01 2.720770984888076782e-02 2.785060107707977295e-01 1.593879237771034241e-02 7.715014368295669556e-02 4.210653156042098999e-02 2.298822253942489624e-02 9.229908138513565063e-02 4.525467380881309509e-02 6.761048734188079834e-02 1.284895651042461395e-02 4.977530334144830704e-03 9.104301035404205322e-02 5.499917268753051758e-02 2.511671118554659188e-05 9.437230974435806274e-02 4.909981787204742432e-02 1.386291906237602234e-02 4.194670170545578003e-02 5.578081309795379639e-02 1.890370331238955259e-04 7.484710216522216797e-02 3.630964830517768860e-02 1.042912341654300690e-02 3.364943712949752808e-02 7.904748781584203243e-04 1.643353886902332306e-02 1.307880878448486328e-02 3.045166656374931335e-02 1.380829140543937683e-02 1.809492334723472595e-02 3.498110547661781311e-02 3.319940716028213501e-02 2.310177311301231384e-02 1.185914315283298492e-02 5.585572496056556702e-02 3.037944952666293830e-05 3.734954865649342537e-03 1.163877826184034348e-02 1.154453307390213013e-02 1.461546961218118668e-02 4.169785883277654648e-03 1.385773532092571259e-02 2.025964111089706421e-02 1.434634812176227570e-02 6.936411559581756592e-02
1.620881073176860809e-02 4.610628820955753326e-03 1.378059852868318558e-02 5.925567075610160828e-02 7.916019856929779053e-02 9.252852201461791992e-02 3.572511300444602966e-02 3.554971516132354736e-02 1.431279722601175308e-02 4.166066646575927734e-02 4.329610615968704224e-02 6.383320689201354980e-02 4.771770536899566650e-02 1.722574606537818909e-02 1.887844316661357880e-02 2.756989561021327972e-02 7.267917506396770477e-03 3.713106736540794373e-02 3.225630149245262146e-02 8.749270811676979065e-03 8.166918531060218811e-03 1.338977739214897156e-02 4.096806794404983521e-02 5.182691663503646851e-02 2.858310006558895111e-02 2.885715803131461143e-04 1.770702376961708069e-02 2.551597543060779572e-02 1.149691343307495117e-01 2.753255702555179596e-02 6.491482257843017578e-02 8.265158161520957947e-03 8.362759836018085480e-03 3.674805536866188049e-02 8.654150366783142090e-02 6.309377402067184448e-02 2.562620863318443298e-02 6.735430657863616943e-02 2.556186541914939880e-02 1.488331854343414307e-01 2.368464693427085876e-02 1.154541783034801483e-02 4.181285947561264038e-02 4.512949287891387939e-02 7.439983636140823364e-02 2.191256172955036163e-02 6.233907490968704224e-02 3.990594670176506042e-02 2.416801638901233673e-02 1.002775691449642181e-02 9.241871535778045654e-02 1.134604066610336304e-01 2.768485993146896362e-02 6.848264485597610474e-02 4.221008718013763428e-02 4.395604506134986877e-02 5.148923397064208984e-02 2.680551260709762573e-03 1.907976344227790833e-02 1.682198606431484222e-02 2.305480651557445526e-02 4.525127261877059937e-02 5.537218973040580750e-02 1.094381138682365417e-01 4.785708710551261902e-02 4.449390992522239685e-02 1.407331507652997971e-02 4.176567122340202332e-02 7.320672273635864258e-02 2.769336663186550140e-02 4.371628910303115845e-02 1.996011100709438324e-02 8.915369212627410889e-02 1.587614230811595917e-02 4.900685697793960571e-02 1.349859591573476791e-02 6.743791699409484863e-02 5.659469403326511383e-03 5.700623989105224609e-02 1.098211482167243958e-02 2.968423627316951752e-02 3.995528817176818848e-02 5.838466063141822815e-02 1.609558314085006714e-01 5.385205149650573730e-02 3.775607049465179443e-02 6.404874473810195923e-02 2.973856031894683838e-02 7.684512436389923096e-02 1.205522287636995316e-02 4.373248666524887085e-02 2.775793522596359253e-02 2.391922846436500549e-02 1.874764449894428253e-02 6.993316579610109329e-03 5.407581105828285217e-02 7.397899776697158813e-02 5.093126744031906128e-02 6.187464296817779541e-02 5.955978855490684509e-02 6.490753591060638428e-02 5.812200531363487244e-02 6.549565494060516357e-02 1.538948900997638702e-02 2.996794506907463074e-02 7.448903471231460571e-02 2.091164700686931610e-02 1.985929207876324654e-03 3.845680970698595047e-03 4.246466979384422302e-02 1.883995905518531799e-02 1.928893290460109711e-02 1.435008738189935684e-02 2.638078853487968445e-02 8.595361723564565182e-04 1.175720617175102234e-02
1.652068085968494415e-02 1.361644547432661057e-02 4.714597761631011963e-02 2.477257698774337769e-02 9.252852201461791992e-02 8.271398395299911499e-02 1.356428563594818115e-01 2.364856749773025513e-02 1.225783023983240128e-02 1.618023402988910675e-02 6.680730730295181274e-02 7.586998492479324341e-02 4.606726020574569702e-02 6.053098291158676147e-02 3.583372104912996292e-03 2.070647291839122772e-02 9.806159650906920433e-04 9.747159201651811600e-04 8.804409764707088470e-03 3.971231356263160706e-02 2.853496931493282318e-02 1.970506273210048676e-03 3.912232816219329834e-02 8.123119361698627472e-03 2.123284712433815002e-02 1.221168786287307739e-02 7.026313245296478271e-02 3.610766679048538208e-02 9.819056838750839233e-02 5.045688711106777191e-03 6.553957611322402954e-02 1.131565682590007782e-02 9.050508588552474976e-02 2.166079171001911163e-02 1.352531462907791138e-02 3.881356492638587952e-02 3.942444454878568649e-03 5.431336909532546997e-02 3.487084805965423584e-02 5.433242022991180420e-02 4.420779272913932800e-02 5.409709364175796509e-02 4.592621698975563049e-02 7.429354824125766754e-03 6.733946502208709717e-02 5.384650081396102905e-02 5.960946902632713318e-02 3.728530928492546082e-02 1.856665313243865967e-02 1.804619655013084412e-02 1.253924984484910965e-02 8.363098837435245514e-03 1.870341598987579346e-02 1.181219331920146942e-02 7.043975871056318283e-03 2.946568094193935394e-02 5.436194688081741333e-02 1.122231781482696533e-02 6.867127865552902222e-02 4.824703559279441833e-02 6.172489374876022339e-02 1.369759440422058105e-02 7.079732418060302734e-02 4.371810331940650940e-02 4.517868161201477051e-02 2.060513570904731750e-02 1.083291787654161453e-02 4.746351856738328934e-03 6.489162147045135498e-02 1.117795333266258240e-01 3.295448049902915955e-02 1.887851208448410034e-02 3.572424128651618958e-02 3.145134076476097107e-02 4.359319806098937988e-02 4.403958469629287720e-02 1.365215866826474667e-03 3.509043157100677490e-02 5.664115399122238159e-02 3.595036268234252930e-02 2.638945356011390686e-02 3.698145598173141479e-02 4.544993862509727478e-02 5.478579178452491760e-02 6.573041528463363647e-02 2.738341130316257477e-02 3.845660015940666199e-03 1.803722791373729706e-02 7.142216712236404419e-02 5.495120584964752197e-02 9.340120851993560791e-02 7.849616557359695435e-02 2.664548717439174652e-02 3.287154063582420349e-02 4.851488396525382996e-02 3.058976121246814728e-02 2.743212739005684853e-03 7.538079470396041870e-02 1.294682081788778305e-02 9.241376072168350220e-03 5.631834734231233597e-03 3.954695910215377808e-02 5.609630420804023743e-02 4.588355368468910456e-04 5.266516655683517456e-02 2.614443656057119370e-03 2.126939361914992332e-03 5.983020737767219543e-02 7.537537813186645508e-02 4.821791499853134155e-02 5.132542550563812256e-02 3.181416541337966919e-02 1.850824616849422455e-02 3.027677349746227264e-02 1.677272096276283264e-02 7.182043790817260742e-02
1.158138588070869446e-01 1.174714490771293640e-01 3.385330736637115479e-02 2.003319747745990753e-02 3.572511300444602966e-02 1.356428563594818115e-01 5.659473314881324768e-02 1.583187468349933624e-02 3.397093340754508972e-02 4.049133975058794022e-03 1.853708922863006592e-02 3.768211975693702698e-02 4.443257674574851990e-02 1.080910116434097290e-02 9.462269395589828491e-02 3.372994065284729004e-02 3.227867418900132179e-03 3.474919497966766357e-02 6.909947376698255539e-03 2.128525264561176300e-02 1.330003235489130020e-02 1.402227859944105148e-02 4.322919622063636780e-02 4.943367838859558105e-02 4.776528105139732361e-02 6.028503179550170898e-02 3.908808156847953796e-02 3.191069513559341431e-02 4.649357870221138000e-02 1.077463384717702866e-02 1.440254785120487213e-02 6.350431591272354126e-02 5.101657472550868988e-03 5.417170748114585876e-02 4.252674058079719543e-02 2.698195865377783775e-03 4.150750860571861267e-02 2.930318750441074371e-02 2.112693339586257935e-02 7.669475860893726349e-03 1.663779094815254211e-02 4.067754838615655899e-03 7.920697331428527832e-02 3.195955185219645500e-03 8.585661649703979492e-02 2.569061517715454102e-02 1.506236381828784943e-02 1.346825212240219116e-01 1.183577328920364380e-01 1.501086447387933731e-02 7.642036676406860352e-02 5.111496523022651672e-02 1.569506153464317322e-02 1.047438383102416992e-01 6.010754406452178955e-02 2.420537732541561127e-02 5.625342484563589096e-03 6.834856234490871429e-03 1.210256386548280716e-02 1.495880782604217529e-01 2.961752191185951233e-02 3.430058946833014488e-03 5.583566427230834961e-02 1.421041972935199738e-02 6.999330967664718628e-02 1.381713990122079849e-02 1.026956960558891296e-01 1.326467841863632202e-01 7.393612712621688843e-02 1.044372562319040298e-02 2.897318825125694275e-02 1.646474190056324005e-02 5.377299711108207703e-02 6.188718229532241821e-02 1.176542192697525024e-01 1.232977211475372314e-02 6.956738233566284180e-02 2.571651898324489594e-02 5.754679068922996521e-02 1.766178011894226074e-02 3.597889468073844910e-02 3.725140541791915894e-02 1.597248949110507965e-02 6.196411326527595520e-03 1.477332971990108490e-02 5.145366862416267395e-02 5.881698057055473328e-02 4.869911074638366699e-02 4.049879312515258789e-02 8.483119308948516846e-02 4.838479310274124146e-02 5.480191111564636230e-02 6.969539914280176163e-03 6.709311902523040771e-02 4.173614457249641418e-02 6.885039620101451874e-03 3.948453068733215332e-02 3.246739879250526428e-02 4.529202356934547424e-02 4.509580507874488831e-02 4.897102713584899902e-03 7.460670173168182373e-02 6.368090957403182983e-02 2.183583565056324005e-02 3.482597321271896362e-02 6.584925577044487000e-03 5.379161611199378967e-02 5.670930445194244385e-02 1.756238192319869995e-02 3.506516665220260620e-02 8.877493441104888916e-02 7.515315432101488113e-03 3.558750823140144348e-02 5.094186868518590927e-03 4.620143771171569824e-02 4.633697215467691422e-03
2.859869785606861115e-02 8.499914780259132385e-03 1.376342214643955231e-02 1.456537935882806778e-02 3.554971516132354736e-02 2.364856749773025513e-02 1.583187468349933624e-02 3.303252905607223511e-02 1.848566904664039612e-02 2.206778526306152344e-02 4.005117341876029968e-02 1.670739054679870605e-02 3.912149742245674133e-02 1.945783011615276337e-02 6.416787952184677124e-02 2.123843319714069366e-02 4.310814663767814636e-02 1.541224587708711624e-02 2.638547308743000031e-02 4.605105146765708923e-03 2.426059730350971222e-02 1.880382187664508820e-02 4.151649400591850281e-02 8.725205436348915100e-03 8.577124681323766708e-04 1.454895944334566593e-03 2.285873284563422203e-03 1.011353135108947754e-01 2.317260392010211945e-02 8.344360627233982086e-03 3.872033953666687012e-02 3.678347542881965637e-02 6.583271175622940063e-02 6.231994368135929108e-03 3.821242228150367737e-02 4.371600970625877380e-02 4.709617793560028076e-02 1.070032566785812378e-01 2.098018862307071686e-02 2.196533791720867157e-02 3.562791272997856140e-02 1.104606897570192814e-03 9.663240984082221985e-03 9.353737346827983856e-03 3.062536753714084625e-02 1.115426421165466309e-02 4.032720252871513367e-02 4.406351130455732346e-03 2.394540235400199890e-03 6.653294712305068970e-02 2.460915967822074890e-02 3.761173784732818604e-02 3.183850273489952087e-02 1.268031261861324310e-02 2.643436379730701447e-02 3.178437426686286926e-02 1.358276885002851486e-02 4.056499898433685303e-02 4.846411198377609253e-02 3.879398107528686523e-02 6.808231119066476822e-03 4.889204166829586029e-03 3.077696822583675385e-02 6.415533274412155151e-02 4.536353424191474915e-02 4.847006872296333313e-02 1.635168679058551788e-03 2.111876849085092545e-03 5.153466947376728058e-03 9.016972966492176056e-03 5.259176716208457947e-03 6.635691225528717041e-02 2.727941144257783890e-03 5.158435553312301636e-02 5.288162827491760254e-02 3.150681033730506897e-02 3.404076443985104561e-03 1.537239830940961838e-02 6.264794152230024338e-03 5.700617283582687378e-02 1.407445669174194336e-01 1.103410869836807251e-01 2.292087674140930176e-02 4.720742255449295044e-02 1.316654402762651443e-02 6.319796293973922729e-02 6.824158132076263428e-02 5.722130835056304932e-02 3.556260094046592712e-02 6.011323630809783936e-02 1.705913990736007690e-02 2.269335091114044189e-02 5.451681092381477356e-02 3.958396613597869873e-03 4.756537824869155884e-02 1.591763086616992950e-02 8.389397710561752319e-02 6.331087555736303329e-03 3.724750131368637085e-02 1.651856699027121067e-03 3.223205357789993286e-02 8.455513976514339447e-03 2.623088471591472626e-02 4.767425823956727982e-03 2.734637260437011719e-02 4.212225973606109619e-02 2.342031896114349365e-02 3.443313390016555786e-02 6.553780287504196167e-02 6.195959821343421936e-02 6.459823995828628540e-02 2.137697115540504456e-02 5.849296227097511292e-02 3.280751034617424011e-02 3.743860870599746704e-02 1.257490180432796478e-02
3.167873993515968323e-02 3.090607188642024994e-02 2.073289640247821808e-02 6.963617354631423950e-02 1.431279722601175308e-02 1.225783023983240128e-02 3.397093340754508972e-02 1.848566904664039612e-02 6.469088047742843628e-02 1.131500527262687683e-01 1.876250281929969788e-02 8.395021781325340271e-03 2.111975289881229401e-02 2.101861499249935150e-02 2.995682507753372192e-02 6.401149928569793701e-02 1.787817105650901794e-02 1.017812639474868774e-01 3.165100514888763428e-02 3.543627634644508362e-02 3.131459280848503113e-02 6.990078254602849483e-04 5.026773363351821899e-02 8.558001369237899780e-03 1.511551253497600555e-02 2.413707552477717400e-03 1.692116260528564453e-02 4.424329381436109543e-03 2.857076004147529602e-02 2.059689490124583244e-03 1.177796721458435059e-02 6.115128780947998166e-05 6.783031672239303589e-02 2.029864490032196045e-02 4.325681924819946289e-02 2.812912315130233765e-02 2.754626795649528503e-02 1.555290911346673965e-02 7.534554600715637207e-02 1.001150384545326233e-01 5.704714357852935791e-02 8.065450191497802734e-02 2.404205873608589172e-02 1.300225965678691864e-02 2.334001660346984863e-02 1.648553414270281792e-03 1.467140484601259232e-02 2.304262109100818634e-02 1.295913159847259521e-01 3.445342183113098145e-02 4.520795494318008423e-02 1.321451738476753235e-02 5.148730799555778503e-02 3.015474043786525726e-02 1.616060733795166016e-01 4.343482479453086853e-02 3.277143836021423340e-02 3.028022870421409607e-02 2.004590630531311035e-02 3.197931498289108276e-02 3.470263257622718811e-02 8.479814231395721436e-02 2.955122478306293488e-02 1.476837787777185440e-02 8.783324621617794037e-03 1.210893690586090088e-02 5.987431108951568604e-02 2.817528089508414268e-03 7.255155127495527267e-03 3.660754859447479248e-02 7.022535428404808044e-03 2.815436944365501404e-02 2.934671938419342041e-02 2.519564703106880188e-02 6.058409810066223145e-02 5.687170103192329407e-02 2.418064773082733154e-01 1.082729250192642212e-01 7.649317383766174316e-02 2.907325886189937592e-02 5.439530313014984131e-02 6.782035809010267258e-03 1.209094077348709106e-01 7.594049721956253052e-02 5.612864717841148376e-02 4.710812494158744812e-02 1.516461931169033051e-02 2.447483502328395844e-02 6.279360502958297729e-02 5.616413056850433350e-02 2.052514441311359406e-02 1.620696671307086945e-02 1.446594204753637314e-02 1.101528014987707138e-02 1.684503816068172455e-02 3.854306042194366455e-02 3.711986914277076721e-02 7.234898861497640610e-03 4.687466844916343689e-02 4.439499974250793457e-02 1.476070843636989594e-02 5.265311524271965027e-02 3.568023815751075745e-02 2.794640138745307922e-02 4.162457212805747986e-02 1.206228788942098618e-02 2.705493010580539703e-02 1.268983818590641022e-02 2.186677977442741394e-02 1.581494463607668877e-03 4.599727690219879150e-02 4.850606247782707214e-02 5.438245460391044617e-02 5.016658082604408264e-02 1.513539347797632217e-02 3.651160746812820435e-02
1.238369196653366089e-01 1.285764854401350021e-02 2.393577992916107178e-02 8.697056025266647339e-02 4.166066646575927734e-02 1.618023402988910675e-02 4.049133975058794022e-03 2.206778526306152344e-02 1.131500527262687683e-01 2.331092255190014839e-03 3.829216584563255310e-03 5.192653834819793701e-02 1.711675710976123810e-02 8.899325132369995117e-02 2.838141983374953270e-03 2.737673372030258179e-02 2.108209952712059021e-02 3.474178165197372437e-02 7.480207830667495728e-02 2.651535719633102417e-02 4.001107439398765564e-02 3.558516874909400940e-02 1.744151115417480469e-02 2.394237183034420013e-02 2.695493586361408234e-02 5.076123401522636414e-02 9.634748101234436035e-03 7.980596274137496948e-02 1.691332645714282990e-02 6.388729065656661987e-02 3.283010050654411316e-02 4.164639115333557129e-02 3.023268422111868858e-03 2.838887833058834076e-02 1.993161998689174652e-02 3.927515447139739990e-02 9.792212396860122681e-03 4.280915483832359314e-02 5.047512799501419067e-02 3.031820245087146759e-02 2.733439765870571136e-02 2.218453027307987213e-02 4.728538915514945984e-02 3.851663693785667419e-02 8.155977725982666016e-02 3.553787246346473694e-02 5.743620544672012329e-02 4.079563915729522705e-02 2.964738197624683380e-02 1.477946192026138306e-01 9.073065593838691711e-03 4.682462662458419800e-02 3.743329271674156189e-02 7.364640943706035614e-03 3.946766257286071777e-02 1.240673586726188660e-01 8.140759170055389404e-02 1.140644028782844543e-02 2.485252544283866882e-02 9.218934923410415649e-03 6.117026507854461670e-02 4.135801270604133606e-02 5.638147518038749695e-02 3.404169902205467224e-02 1.308363210409879684e-02 8.930203504860401154e-03 3.037135116755962372e-02 1.478865463286638260e-02 1.692994737823028117e-05 1.594666624441742897e-03 8.639020472764968872e-02 2.831855788826942444e-02 5.418965220451354980e-02 4.702076315879821777e-02 3.037195838987827301e-02 3.424656577408313751e-03 4.366564378142356873e-02 1.757581532001495361e-01 4.989240318536758423e-02 3.471030667424201965e-02 3.575182333588600159e-02 4.873294010758399963e-02 7.949877530336380005e-02 9.467370808124542236e-02 2.492341212928295135e-02 2.054026816040277481e-03 1.034814980812370777e-03 1.452708523720502853e-02 5.431809648871421814e-02 4.534997418522834778e-02 4.863294586539268494e-02 5.104937404394149780e-02 3.651374951004981995e-02 6.615842878818511963e-02 5.097897350788116455e-02 1.219068770296871662e-03 3.812067583203315735e-02 4.890947043895721436e-02 2.353624254465103149e-02 4.919921979308128357e-03 1.183072663843631744e-02 5.765532702207565308e-02 2.925421483814716339e-02 2.315365150570869446e-02 3.404499590396881104e-02 3.942915424704551697e-02 6.543982028961181641e-02 8.476389199495315552e-02 4.157301038503646851e-02 3.293026611208915710e-02 6.836090981960296631e-02 6.322863698005676270e-02 4.858516529202461243e-02 1.146748475730419159e-02 5.852684751152992249e-02 1.050394866615533829e-02
1.904162764549255371e-01 5.307717248797416687e-03 4.498324124142527580e-04 3.661448881030082703e-02 4.329610615968704224e-02 6.680730730295181274e-02 1.853708922863006592e-02 4.005117341876029968e-02 1.876250281929969788e-02 3.829216584563255310e-03 7.409609109163284302e-02 3.397941589355468750e-02 8.841239660978317261e-02 3.060770034790039062e-02 5.477311089634895325e-02 1.467699650675058365e-03 1.780672464519739151e-03 6.262842565774917603e-02 8.231382817029953003e-02 8.889732509851455688e-02 2.813259325921535492e-02 5.354615300893783569e-02 5.615422129631042480e-02 4.427329637110233307e-03 1.515523716807365417e-02 4.508721083402633667e-02 8.606862276792526245e-03 3.923900797963142395e-02 3.479000180959701538e-02 4.883664101362228394e-02 7.472959905862808228e-02 2.114469185471534729e-02 3.527038265019655228e-03 3.472438827157020569e-02 3.300049155950546265e-02 7.978489622473716736e-03 1.538430247455835342e-02 4.133966937661170959e-02 3.061361238360404968e-02 4.872529953718185425e-02 2.080301940441131592e-02 9.337007999420166016e-03 1.286420598626136780e-02 6.502892822027206421e-03 6.414051353931427002e-02 3.320997208356857300e-02 1.158168986439704895e-01 8.315231651067733765e-02 4.454976692795753479e-02 1.051659882068634033e-01 3.384115174412727356e-02 8.515029912814497948e-04 8.885517716407775879e-03 4.168937727808952332e-02 7.221551984548568726e-02 6.264627724885940552e-02 6.055753678083419800e-02 3.302872180938720703e-02 4.216405004262924194e-02 2.631721086800098419e-02 5.464399233460426331e-02 4.729833826422691345e-02 4.314173385500907898e-02 2.959372068289667368e-04 1.984969675540924072e-01 1.066030189394950867e-02 3.526704013347625732e-02 1.443344261497259140e-02 4.048419371247291565e-02 3.268511220812797546e-02 9.138092398643493652e-03 2.037124894559383392e-02 2.359863836318254471e-03 4.555019363760948181e-02 5.289254337549209595e-02 1.494670659303665161e-01 1.002977881580591202e-02 7.625225465744733810e-03 2.484786137938499451e-02 5.378727987408638000e-02 2.688468992710113525e-02 1.033811941742897034e-01 2.664883621037006378e-02 3.219084069132804871e-02 3.938040137290954590e-02 3.808363806456327438e-03 7.503798604011535645e-02 3.122496884316205978e-03 4.086952656507492065e-02 1.845589838922023773e-02 6.202999502420425415e-02 3.634569048881530762e-02 5.945229786448180676e-04 3.586839511990547180e-02 1.907665096223354340e-02 1.537464931607246399e-02 2.559313736855983734e-02 2.401064708828926086e-02 5.583329498767852783e-02 3.236458823084831238e-02 4.697619378566741943e-02 1.658394746482372284e-02 1.983053237199783325e-02 5.350884422659873962e-02 2.860211208462715149e-02 3.801413998007774353e-02 1.047316845506429672e-02 5.621022079139947891e-03 2.919407933950424194e-02 9.620620310306549072e-02 1.148030627518892288e-02 1.490684039890766144e-02 4.291406646370887756e-02 5.086784437298774719e-02 6.692820787429809570e-02 3.082935325801372528e-02
9.151550941169261932e-03 9.204060584306716919e-02 2.011851035058498383e-02 7.833525538444519043e-02 6.383320689201354980e-02 7.586998492479324341e-02 3.768211975693702698e-02 1.670739054679870605e-02 8.395021781325340271e-03 5.192653834819793701e-02 3.397941589355468750e-02 3.889172896742820740e-02 5.044631659984588623e-02 3.588939011096954346e-01 3.676390647888183594e-02 1.971051096916198730e-02 6.651199609041213989e-02 2.057714760303497314e-02 2.745584212243556976e-02 2.637243829667568207e-02 3.536356380209326744e-04 5.632129497826099396e-03 8.917818218469619751e-02 4.137073829770088196e-02 9.003446437418460846e-03 1.023335233330726624e-01 4.737027734518051147e-02 9.489349275827407837e-02 2.645935304462909698e-02 2.917726337909698486e-02 1.701713888905942440e-03 3.760423511266708374e-02 5.295618996024131775e-02 1.889563282020390034e-03 4.508807137608528137e-02 1.889716461300849915e-02 4.445221275091171265e-02 1.860350742936134338e-02 8.142483234405517578e-02 3.141212463378906250e-02 7.449987530708312988e-02 3.754265233874320984e-02 7.201975584030151367e-02 6.635859608650207520e-02 1.072148829698562622e-01 5.616615340113639832e-02 1.914535090327262878e-02 4.735168442130088806e-02 1.084115542471408844e-02 1.692725904285907745e-02 7.314300164580345154e-03 2.575146779417991638e-02 1.372682768851518631e-02 9.987358748912811279e-02 5.260854586958885193e-02 1.394178904592990875e-02 6.957378238439559937e-02 3.993910923600196838e-02 1.114281937479972839e-01 6.812856532633304596e-03 4.313762485980987549e-02 9.815308451652526855e-02 1.143389865756034851e-01 8.391435258090496063e-04 2.984471991658210754e-02 6.523139029741287231e-02 6.959217786788940430e-02 1.027029007673263550e-02 4.544444009661674500e-02 2.890294231474399567e-02 5.430347472429275513e-02 1.386274676769971848e-02 1.398365385830402374e-02 9.955271147191524506e-03 6.325738131999969482e-02 3.826858103275299072e-02 4.230515658855438232e-02 7.570982445031404495e-03 3.829389810562133789e-02 9.258831851184368134e-03 8.606233634054660797e-03 3.755497746169567108e-03 3.636003658175468445e-02 1.111739967018365860e-02 6.373056769371032715e-02 3.191300481557846069e-02 3.291919454932212830e-02 1.467435900121927261e-02 7.853395491838455200e-02 4.541873186826705933e-02 2.629155479371547699e-02 6.831230223178863525e-02 1.488742511719465256e-02 3.942943364381790161e-02 3.182883188128471375e-02 4.318507015705108643e-02 1.304557546973228455e-02 3.410091623663902283e-02 7.667500525712966919e-02 6.559455394744873047e-02 3.832868114113807678e-02 6.273891031742095947e-02 6.478206068277359009e-02 6.565354298800230026e-03 2.948835678398609161e-02 2.812541462481021881e-02 3.457903116941452026e-02 5.454094707965850830e-02 5.852511525154113770e-02 5.940267443656921387e-02 1.942080818116664886e-02 3.993907198309898376e-02 3.484087064862251282e-02 4.060350358486175537e-02 1.218647323548793793e-02 1.527916826307773590e-02
1.718436740338802338e-02 1.867708265781402588e-01 8.819390088319778442e-03 8.455597609281539917e-02 4.771770536899566650e-02 4.606726020574569702e-02 4.443257674574851990e-02 3.912149742245674133e-02 2.111975289881229401e-02 1.711675710976123810e-02 8.841239660978317261e-02 5.044631659984588623e-02 2.223083563148975372e-02 9.451170265674591064e-02 5.225149914622306824e-02 3.341734781861305237e-02 1.374251022934913635e-02 7.414906285703182220e-03 1.797007024288177490e-02 5.885573918931186199e-04 4.726285580545663834e-03 2.202457003295421600e-02 3.406298533082008362e-02 8.053320646286010742e-02 3.016716428101062775e-02 4.269143566489219666e-02 4.300544783473014832e-02 2.262086048722267151e-02 8.356928825378417969e-02 6.667421758174896240e-02 1.777438968420028687e-01 5.614689737558364868e-02 4.212900251150131226e-02 1.046151481568813324e-02 1.487950235605239868e-02 2.113638259470462799e-02 3.269869834184646606e-02 5.445140600204467773e-02 4.190427809953689575e-02 3.181799128651618958e-02 1.213479563593864441e-01 2.567626908421516418e-02 5.516014993190765381e-02 1.054976694285869598e-02 2.626822143793106079e-02 1.109438985586166382e-01 1.104597002267837524e-01 6.852114945650100708e-02 4.248993098735809326e-02 6.183855608105659485e-02 2.629496343433856964e-02 4.140658304095268250e-03 2.760158106684684753e-02 2.583019202575087547e-03 4.694825038313865662e-02 4.557584971189498901e-02 7.076082285493612289e-03 1.377094164490699768e-02 1.142467744648456573e-02 5.619169026613235474e-02 2.298002876341342926e-02 2.734813466668128967e-02 1.547547802329063416e-02 2.390879392623901367e-02 7.772027165628969669e-04 1.498463451862335205e-01 1.129504591226577759e-01 8.908687531948089600e-02 4.466315731406211853e-02 3.509399946779012680e-03 2.064516209065914154e-02 2.869389392435550690e-02 1.968739740550518036e-02 3.321250155568122864e-02 2.153755910694599152e-02 5.265172943472862244e-02 1.826582662761211395e-02 1.220917701721191406e-01 4.987010359764099121e-02 4.931548237800598145e-02 3.304231166839599609e-02 1.274988986551761627e-02 5.571080371737480164e-03 2.917011640965938568e-02 4.044216871261596680e-02 2.192533807829022408e-03 4.557408392429351807e-02 8.646463975310325623e-03 4.860536381602287292e-02 2.119514904916286469e-02 2.844188734889030457e-02 7.303959131240844727e-02 5.138194561004638672e-02 4.805951565504074097e-02 7.691377773880958557e-03 4.360938037279993296e-04 3.218143060803413391e-02 2.142786607146263123e-02 1.294716168195009232e-02 2.523901499807834625e-02 2.665105508640408516e-03 3.811796754598617554e-02 7.110244035720825195e-02 1.973363757133483887e-02 9.711235761642456055e-03 6.499627139419317245e-03 2.263230085372924805e-02 4.429955780506134033e-02 9.892840869724750519e-03 2.143842354416847229e-02 8.944649249315261841e-02 1.745835505425930023e-02 5.024882033467292786e-03 4.019495472311973572e-02 1.624711416661739349e-02 1.779366470873355865e-02
