1.204699352383613586e-01 3.111920654773712158e-01 7.707551587373018265e-03 4.854032397270202637e-02 3.288515284657478333e-02 1.675067842006683350e-01 1.085164323449134827e-01 5.889055877923965454e-02 3.240100666880607605e-02 5.301401764154434204e-02 1.716872155666351318e-01 2.171364426612854004e-02 1.106757596135139465e-01 1.443338673561811447e-02 1.659929286688566208e-03 2.383640408515930176e-02 2.128856815397739410e-02 4.151444509625434875e-02 2.871752157807350159e-02 1.017315499484539032e-02 4.831340909004211426e-02 1.886940188705921173e-02 3.493814263492822647e-03 3.930857405066490173e-03 2.041575871407985687e-02 2.151767403120175004e-04 9.963038377463817596e-03 6.156018376350402832e-02 2.683584578335285187e-02 6.550545990467071533e-02 2.747809700667858124e-02 3.212786093354225159e-02 1.658583991229534149e-02 3.233388811349868774e-02 4.353352822363376617e-03 7.904189988039433956e-04 5.409100651741027832e-02 1.261312607675790787e-02 2.593843638896942139e-02 3.167168051004409790e-02 4.609855823218822479e-03 2.669069543480873108e-02 3.397830575704574585e-02 4.080827534198760986e-02 4.823663085699081421e-02 4.948714002966880798e-02 7.303258776664733887e-02 1.012657117098569870e-02 3.236683458089828491e-02 3.054591082036495209e-02 4.817527532577514648e-02 1.084856130182743073e-02 4.862483963370323181e-02 2.327857539057731628e-02 2.579924650490283966e-02 4.604525864124298096e-02 1.833952846936881542e-03 2.839065343141555786e-02 6.684713810682296753e-02 4.080753773450851440e-02 1.402832684107124805e-03 4.215430095791816711e-02 1.836215145885944366e-02 5.733467172831296921e-03 2.543092705309391022e-02 1.639966294169425964e-02 3.125742077827453613e-02 3.224576264619827271e-02 7.295537274330854416e-03 5.885059013962745667e-02 4.837941750884056091e-02 2.296585589647293091e-02 7.247602194547653198e-02 1.584772579371929169e-02 8.749873936176300049e-02 2.931933477520942688e-02 1.601972617208957672e-03 9.931441396474838257e-03 1.796450465917587280e-02 9.939534589648246765e-03 9.518080390989780426e-03 1.331271976232528687e-02 5.452679470181465149e-02 4.031640663743019104e-02 1.720105670392513275e-02 4.287560656666755676e-02 3.643243387341499329e-02 6.082212924957275391e-02 4.535803943872451782e-02 1.045530755072832108e-02 4.820767790079116821e-02 4.365723207592964172e-02 1.002707518637180328e-03 6.053658574819564819e-02 1.202315930277109146e-02 1.193976961076259613e-02 3.561038151383399963e-02 2.116630412638187408e-02 5.564370378851890564e-02 1.181016303598880768e-02 3.479860723018646240e-02 6.584220100194215775e-03 5.261895805597305298e-02 2.055177697911858559e-03 1.058658286929130554e-01 7.124468684196472168e-02 1.620879769325256348e-02 2.278575859963893890e-02 7.953499443829059601e-04 2.680514194071292877e-02 1.605151779949665070e-02 1.674658246338367462e-02 3.106152173131704330e-03 2.455600770190358162e-03 6.409594416618347168e-02 3.228260204195976257e-02
3.111920654773712158e-01 1.128482744097709656e-01 3.714372217655181885e-02 4.366246610879898071e-02 3.016447089612483978e-02 1.725148856639862061e-01 2.049315422773361206e-01 5.974902585148811340e-02 5.950624495744705200e-02 9.934583306312561035e-02 1.333758533000946045e-01 7.138248533010482788e-02 1.663073301315307617e-01 9.070314466953277588e-02 1.873253658413887024e-02 5.907806102186441422e-03 2.976420708000659943e-02 3.816088289022445679e-02 4.303072765469551086e-02 6.887765135616064072e-03 4.108617082238197327e-02 1.821903884410858154e-02 1.137661933898925781e-02 1.481285598129034042e-02 7.271916419267654419e-02 3.232850879430770874e-02 5.668373405933380127e-02 6.358268111944198608e-02 1.737145707011222839e-02 4.026363044977188110e-02 1.207624003291130066e-01 1.805348508059978485e-02 5.743091925978660583e-02 1.999495923519134521e-02 1.368116028606891632e-02 1.390107255429029465e-02 1.032064408063888550e-01 2.441003546118736267e-02 4.987295251339673996e-03 1.035969983786344528e-02 4.741717502474784851e-02 3.821701183915138245e-02 3.358578309416770935e-02 2.894099801778793335e-02 4.394976422190666199e-02 1.112460158765316010e-02 3.869641944766044617e-02 3.755581378936767578e-02 2.951441891491413116e-02 1.504871807992458344e-02 9.499869495630264282e-02 5.979170277714729309e-02 3.480287268757820129e-02 4.070105403661727905e-02 4.033641517162322998e-02 4.778530448675155640e-02 3.221621736884117126e-02 6.928024813532829285e-03 2.199439890682697296e-02 2.389833331108093262e-02 4.007451236248016357e-02 8.612864185124635696e-04 3.055949881672859192e-02 1.123963389545679092e-02 6.117201596498489380e-02 4.719823598861694336e-02 6.170963868498802185e-02 3.663323447108268738e-02 6.737440824508666992e-02 7.896374911069869995e-02 3.517282009124755859e-02 1.016569584608078003e-01 4.399082623422145844e-03 8.343400806188583374e-02 6.333814002573490143e-03 4.994099587202072144e-02 1.912082545459270477e-02 7.567310333251953125e-02 5.228121578693389893e-02 2.115742489695549011e-02 3.667546063661575317e-02 1.831189915537834167e-02 1.909205690026283264e-02 6.318701803684234619e-02 1.716458983719348907e-02 1.865057088434696198e-02 5.946634709835052490e-02 2.481311745941638947e-02 4.771695286035537720e-02 4.814474284648895264e-02 6.169093027710914612e-02 3.502835333347320557e-02 2.568140439689159393e-02 5.426215752959251404e-02 4.222405329346656799e-02 1.725250855088233948e-02 4.118404537439346313e-02 1.038340479135513306e-02 6.538567598909139633e-03 4.177369549870491028e-02 5.253079533576965332e-02 6.863991171121597290e-02 3.614081069827079773e-02 3.476843982934951782e-02 1.232842635363340378e-02 5.795903503894805908e-02 2.964885532855987549e-02 4.302420094609260559e-02 7.847549766302108765e-02 1.062249857932329178e-02 3.802924603223800659e-02 2.976687811315059662e-02 4.360004141926765442e-02 2.720484882593154907e-02 1.316564390435814857e-03 2.459892258048057556e-02
7.707551587373018265e-03 3.714372217655181885e-02 4.703788831830024719e-02 2.162499539554119110e-02 3.395473584532737732e-02 1.223621144890785217e-02 3.542142361402511597e-02 2.264813929796218872e-01 1.381475105881690979e-02 4.197248816490173340e-02 4.494515061378479004e-02 2.378532849252223969e-02 5.737290158867835999e-02 2.406154200434684753e-02 5.160626769065856934e-02 4.878076724708080292e-03 1.917545124888420105e-02 5.544020980596542358e-02 4.961578547954559326e-02 1.963355578482151031e-02 1.996855065226554871e-02 6.067740172147750854e-02 3.078484721481800079e-02 7.376265712082386017e-03 3.256470896303653717e-03 9.383087046444416046e-03 4.166789352893829346e-03 3.060870990157127380e-02 2.841959893703460693e-02 3.586032241582870483e-02 2.876143157482147217e-02 4.019787907600402832e-02 6.304045021533966064e-02 3.712313715368509293e-03 4.095623269677162170e-02 1.151697151362895966e-02 2.383950538933277130e-02 1.197057496756315231e-02 9.655103087425231934e-02 5.518495291471481323e-02 2.728527411818504333e-02 2.710434608161449432e-02 5.566054023802280426e-03 1.282296925783157349e-01 1.066394150257110596e-02 2.005871757864952087e-02 3.229022771120071411e-02 3.644882142543792725e-02 1.797925494611263275e-02 6.574860773980617523e-03 1.325883809477090836e-02 7.335115224123001099e-02 1.781435497105121613e-02 3.603204712271690369e-02 2.373990043997764587e-02 3.998758643865585327e-02 6.245425343513488770e-02 4.346647858619689941e-02 1.749091744422912598e-01 5.150136724114418030e-02 4.490242805331945419e-03 2.515100501477718353e-02 5.363699421286582947e-02 1.282499264925718307e-02 3.609878197312355042e-02 1.080192974768579006e-03 1.944235898554325104e-02 3.227094933390617371e-02 8.963682688772678375e-03 2.794788219034671783e-02 2.149371616542339325e-02 2.936415746808052063e-02 2.368905209004878998e-02 3.174498304724693298e-02 2.188805863261222839e-02 4.196614027023315430e-02 2.168879657983779907e-02 1.424745470285415649e-02 1.669900119304656982e-02 4.233273863792419434e-02 3.073691129684448242e-01 2.709467709064483643e-01 3.656160086393356323e-02 1.732685975730419159e-02 3.158156201243400574e-02 1.476188842207193375e-02 2.662458457052707672e-02 3.075991570949554443e-02 1.023746840655803680e-02 3.585222875699400902e-03 3.428741917014122009e-02 7.009314745664596558e-02 1.761920563876628876e-02 2.865365706384181976e-02 7.830808172002434731e-04 3.330969251692295074e-03 2.181953983381390572e-03 1.734150014817714691e-02 2.525006979703903198e-02 2.799595892429351807e-02 1.116892439313232899e-03 9.134160727262496948e-02 1.535748783499002457e-02 3.912917152047157288e-02 1.671297359280288219e-03 1.660910062491893768e-02 4.950071498751640320e-02 4.393886402249336243e-02 3.422616049647331238e-02 5.926434323191642761e-02 5.306905135512351990e-02 8.431500755250453949e-03 2.408848144114017487e-03 5.304378271102905273e-02 2.493797428905963898e-02 3.598355688154697418e-03
4.854032397270202637e-02 4.366246610879898071e-02 2.162499539554119110e-02 2.325272560119628906e-02 2.189019471406936646e-01 5.459401756525039673e-02 5.303115118294954300e-03 5.625864118337631226e-02 3.257356584072113037e-02 6.584222614765167236e-02 2.298868075013160706e-02 5.278751999139785767e-02 2.553217299282550812e-02 3.208521008491516113e-02 2.738823555409908295e-02 4.896244406700134277e-02 3.669631481170654297e-02 4.144256934523582458e-02 9.217163175344467163e-02 1.149533782154321671e-02 7.086435332894325256e-03 9.750235825777053833e-03 4.093655198812484741e-02 2.365922927856445312e-02 3.609152138233184814e-02 5.936728790402412415e-02 3.958619758486747742e-02 7.670762389898300171e-02 2.846771851181983948e-03 5.988513305783271790e-02 6.597266532480716705e-03 1.269155181944370270e-03 2.176721021533012390e-02 9.272925090044736862e-04 4.190886020660400391e-02 2.527752891182899475e-02 8.927945047616958618e-03 3.033558093011379242e-02 1.280941963195800781e-01 5.412538349628448486e-02 6.445696577429771423e-03 6.521319504827260971e-03 6.210472807288169861e-02 1.916636526584625244e-02 3.085005283355712891e-02 1.490833703428506851e-02 1.605747826397418976e-02 3.550125402398407459e-04 1.714003086090087891e-02 5.729397386312484741e-02 6.360512226819992065e-02 2.991816494613885880e-03 3.511238098144531250e-02 1.310976105742156506e-03 7.251593470573425293e-02 3.689491376280784607e-02 2.320620045065879822e-02 3.556666150689125061e-02 4.900306090712547302e-02 4.079350829124450684e-02 1.143008917570114136e-01 8.411376923322677612e-02 5.750680714845657349e-02 7.488870061933994293e-03 4.020409658551216125e-02 1.490607019513845444e-02 1.537908916361629963e-03 1.885201409459114075e-02 6.166545301675796509e-02 8.591959252953529358e-03 1.608388312160968781e-02 6.315551698207855225e-03 7.901535183191299438e-02 1.947301439940929413e-02 1.491375640034675598e-02 3.748276829719543457e-02 6.998997181653976440e-02 2.200195379555225372e-02 3.329964727163314819e-02 4.169160127639770508e-02 2.193353325128555298e-02 5.811064317822456360e-02 3.303478285670280457e-02 1.252073049545288086e-02 4.444615170359611511e-02 7.767863571643829346e-02 5.959332361817359924e-02 2.853711601346731186e-03 8.376056700944900513e-02 8.499949425458908081e-02 1.979972235858440399e-03 1.630004495382308960e-02 4.769705235958099365e-02 4.526033625006675720e-02 2.330887317657470703e-02 5.471910163760185242e-02 3.946539387106895447e-02 1.043961569666862488e-02 3.418365865945816040e-02 7.949322462081909180e-03 2.243383601307868958e-02 2.969160676002502441e-02 5.655783042311668396e-02 3.227139823138713837e-03 2.764534018933773041e-02 3.299733623862266541e-02 1.937591284513473511e-02 3.829613327980041504e-02 9.115272201597690582e-03 4.738789424300193787e-02 8.636282384395599365e-02 7.418321445584297180e-03 1.981275528669357300e-02 4.019264504313468933e-02 1.579180173575878143e-02 4.978010803461074829e-02
3.288515284657478333e-02 3.016447089612483978e-02 3.395473584532737732e-02 2.189019471406936646e-01 2.152110077440738678e-02 1.043457165360450745e-02 1.162894256412982941e-02 1.274724770337343216e-02 4.053812846541404724e-02 4.926989600062370300e-02 1.885110884904861450e-02 2.061936073005199432e-02 4.132845252752304077e-02 3.153598681092262268e-02 5.524893291294574738e-03 2.679451927542686462e-02 1.186893973499536514e-02 3.838346898555755615e-02 7.345058768987655640e-02 3.245281428098678589e-02 4.811440408229827881e-02 1.407966483384370804e-02 4.952128976583480835e-02 1.861233264207839966e-02 1.760369911789894104e-02 4.222386702895164490e-02 1.170049794018268585e-02 1.971485465764999390e-02 3.091286495327949524e-02 2.416478702798485756e-03 2.013188041746616364e-02 3.740065917372703552e-02 2.905941009521484375e-02 2.408452145755290985e-02 1.084206253290176392e-02 3.390751034021377563e-02 4.241010919213294983e-02 1.675667800009250641e-02 1.254908442497253418e-01 1.121780723333358765e-01 5.058307945728302002e-02 3.835507109761238098e-02 4.295850917696952820e-02 1.976175233721733093e-02 1.976790837943553925e-02 4.509590938687324524e-02 2.723946049809455872e-02 2.503669820725917816e-03 2.301076427102088928e-02 3.524904698133468628e-02 8.609257638454437256e-02 5.298907309770584106e-02 6.902333348989486694e-02 3.060940466821193695e-02 3.249486535787582397e-02 9.835619479417800903e-03 1.197833418846130371e-01 9.567629545927047729e-02 2.142281457781791687e-02 1.100727170705795288e-02 6.755877286195755005e-02 1.111359223723411560e-01 9.664887562394142151e-03 2.911547198891639709e-02 3.581173717975616455e-02 7.194948848336935043e-04 9.787497110664844513e-03 1.141134835779666901e-02 1.219211425632238388e-02 4.753698885906487703e-04 3.551209112629294395e-03 2.856401354074478149e-02 9.164667874574661255e-02 2.870980650186538696e-02 8.182311803102493286e-02 1.054118666797876358e-02 6.457966566085815430e-02 4.778198897838592529e-02 3.473692387342453003e-02 8.771629631519317627e-02 4.567147046327590942e-02 5.408422276377677917e-02 5.137259885668754578e-02 8.803089708089828491e-02 4.024130851030349731e-02 2.384340390563011169e-02 2.082492969930171967e-02 1.017831824719905853e-02 6.368942558765411377e-02 5.391366779804229736e-02 2.465640008449554443e-02 5.441930517554283142e-02 6.812035292387008667e-02 3.205054253339767456e-02 3.443192690610885620e-02 7.937096059322357178e-02 3.022958897054195404e-02 2.188419178128242493e-02 4.512320272624492645e-03 6.946150679141283035e-03 3.755871951580047607e-02 4.155379906296730042e-02 1.941424421966075897e-02 3.739308565855026245e-02 5.813080351799726486e-03 1.359172165393829346e-02 3.289312124252319336e-02 5.868706107139587402e-02 2.325839176774024963e-02 5.628229305148124695e-02 6.463144440203905106e-03 3.627189248800277710e-02 3.223173692822456360e-02 7.916940376162528992e-03 9.097123146057128906e-02 3.426926583051681519e-02
1.675067842006683350e-01 1.725148856639862061e-01 1.223621144890785217e-02 5.459401756525039673e-02 1.043457165360450745e-02 1.416264474391937256e-01 1.817994862794876099e-01 3.145103529095649719e-02 6.508835405111312866e-02 3.997638449072837830e-02 5.861884728074073792e-02 1.739589273929595947e-01 4.809648543596267700e-02 2.135935723781585693e-01 2.161946892738342285e-02 6.042818352580070496e-02 9.189534932374954224e-02 4.348571598529815674e-02 2.593221887946128845e-02 2.814635820686817169e-02 3.586040809750556946e-02 2.988503500819206238e-02 2.541111782193183899e-02 6.380221992731094360e-02 4.383532330393791199e-03 2.449572831392288208e-02 4.581592604517936707e-02 8.995597809553146362e-02 6.902083754539489746e-02 1.273273825645446777e-01 7.228200137615203857e-02 3.742632642388343811e-02 1.218404527753591537e-02 5.049600079655647278e-02 1.779512129724025726e-02 6.172256544232368469e-03 7.445220369845628738e-03 1.899832300841808319e-02 3.949126228690147400e-02 2.899603918194770813e-02 2.810003422200679779e-02 1.487301848828792572e-02 1.444092602469027042e-03 1.125487592071294785e-02 2.301706932485103607e-02 5.856113042682409286e-03 1.067854538559913635e-01 1.093409769237041473e-02 4.121100530028343201e-02 3.406215459108352661e-02 2.126935496926307678e-02 1.003962978720664978e-01 3.857939317822456360e-02 1.773869618773460388e-02 2.794741094112396240e-02 3.373852232471108437e-04 2.248635515570640564e-03 2.269284427165985107e-02 2.059765858575701714e-03 1.790386438369750977e-02 7.784602046012878418e-02 5.144311487674713135e-02 3.653143299743533134e-03 1.972288265824317932e-02 1.158784842118620872e-03 3.530185669660568237e-02 1.593942753970623016e-02 3.815000876784324646e-02 6.671755015850067139e-02 1.857945136725902557e-02 1.860880665481090546e-02 5.113314464688301086e-02 1.343077630735933781e-03 2.138697355985641479e-02 3.736685216426849365e-02 1.213885843753814697e-02 2.670589275658130646e-02 2.520968578755855560e-02 6.730767898261547089e-03 6.884658709168434143e-03 5.361330136656761169e-02 4.569511860609054565e-02 3.760105697438120842e-03 5.984929855912923813e-03 1.763422507792711258e-03 3.488101065158843994e-02 1.558628398925065994e-02 3.273774683475494385e-02 5.744133517146110535e-02 8.853976614773273468e-03 1.395988836884498596e-02 8.505639620125293732e-03 8.020410314202308655e-03 6.353352963924407959e-02 2.431156672537326813e-02 3.522555157542228699e-02 1.034205220639705658e-02 2.293749526143074036e-02 2.396865375339984894e-02 3.303826972842216492e-02 4.188977554440498352e-02 4.232823103666305542e-02 1.936535350978374481e-02 7.681633532047271729e-02 2.542149834334850311e-02 1.710699684917926788e-02 5.710678920149803162e-02 1.127421669661998749e-02 3.921163734048604965e-03 5.107777193188667297e-02 2.053753100335597992e-02 7.819668389856815338e-03 2.321162074804306030e-02 2.029943512752652168e-03 1.943775638937950134e-02 1.474239584058523178e-02
1.085164323449134827e-01 2.049315422773361206e-01 3.542142361402511597e-02 5.303115118294954300e-03 1.162894256412982941e-02 1.817994862794876099e-01 1.632016599178314209e-01 3.327717259526252747e-02 5.366289615631103516e-02 2.782913297414779663e-02 6.993698328733444214e-02 5.577301979064941406e-02 9.554413706064224243e-02 1.691659986972808838e-01 2.986317127943038940e-02 3.919971734285354614e-02 5.330206453800201416e-02 5.473645031452178955e-02 2.258917503058910370e-02 7.133048493415117264e-03 3.699113056063652039e-02 3.943150863051414490e-02 5.489705875515937805e-02 5.308958515524864197e-02 8.049784228205680847e-03 1.221752539277076721e-02 2.009515650570392609e-02 8.030222728848457336e-03 1.368175894021987915e-01 6.446171551942825317e-02 1.407783571630716324e-02 3.562976047396659851e-02 2.944089286029338837e-02 3.255304321646690369e-02 1.597029529511928558e-02 1.864191517233848572e-02 2.896216139197349548e-02 2.508625015616416931e-02 2.710982598364353180e-02 1.884443685412406921e-02 3.626262396574020386e-02 2.731660567224025726e-02 1.276223547756671906e-02 4.650319740176200867e-02 9.223720990121364594e-03 3.533945977687835693e-02 7.108342647552490234e-02 1.426602452993392944e-01 2.595843933522701263e-02 3.256541863083839417e-02 8.358825743198394775e-02 2.029948681592941284e-02 2.430183812975883484e-02 2.456435561180114746e-02 7.442355155944824219e-02 1.906679570674896240e-02 2.072767121717333794e-03 4.350665211677551270e-02 3.404583409428596497e-02 2.065675333142280579e-02 7.574543356895446777e-02 1.366446260362863541e-02 2.877212502062320709e-02 6.103951018303632736e-04 1.094719674438238144e-02 4.028766881674528122e-03 1.342118810862302780e-02 4.083142150193452835e-03 2.694051712751388550e-02 4.088028892874717712e-02 4.742227494716644287e-02 5.451395735144615173e-02 4.208077210932970047e-03 1.088673621416091919e-02 2.001821063458919525e-02 5.055100657045841217e-03 6.207378953695297241e-02 2.958264574408531189e-02 3.161342069506645203e-02 2.345522679388523102e-02 6.810904294252395630e-02 1.280206535011529922e-02 3.419196000322699547e-03 3.554606437683105469e-02 1.583008095622062683e-02 1.722066476941108704e-02 4.089141637086868286e-02 2.594474516808986664e-02 6.869249977171421051e-03 1.701400429010391235e-02 3.321938216686248779e-02 1.305073965340852737e-02 6.971959769725799561e-02 6.486285477876663208e-02 2.281992323696613312e-02 1.122889108955860138e-02 2.449017390608787537e-02 2.012270130217075348e-02 5.886617582291364670e-03 6.800618488341569901e-03 7.669842336326837540e-03 3.699569031596183777e-03 2.377434447407722473e-02 2.662237547338008881e-02 2.902566455304622650e-02 1.048736646771430969e-02 7.585287094116210938e-03 5.874828249216079712e-02 3.681693598628044128e-02 8.440081775188446045e-02 5.576519295573234558e-02 2.014009747654199600e-03 1.416070107370615005e-02 1.278294157236814499e-02 5.537921562790870667e-02 1.005813106894493103e-02
5.889055877923965454e-02 5.974902585148811340e-02 2.264813929796218872e-01 5.625864118337631226e-02 1.274724770337343216e-02 3.145103529095649719e-02 3.327717259526252747e-02 6.834919750690460205e-02 3.303482197225093842e-03 3.270236030220985413e-02 5.237487703561782837e-02 3.108111396431922913e-02 7.355973869562149048e-02 3.118562698364257812e-02 7.694749534130096436e-02 3.246935084462165833e-02 1.405808329582214355e-02 1.214524637907743454e-02 3.048574365675449371e-02 1.655255071818828583e-02 3.332510218024253845e-02 6.324353814125061035e-02 2.966487780213356018e-02 3.379329666495323181e-02 5.119902640581130981e-02 1.013100519776344299e-02 2.588784694671630859e-02 8.492835797369480133e-03 1.159803289920091629e-02 1.210261229425668716e-02 3.254915773868560791e-02 5.343873426318168640e-02 7.179237902164459229e-03 1.217764988541603088e-02 3.364855051040649414e-02 1.655733957886695862e-02 1.480015227571129799e-03 1.750694401562213898e-02 8.680145442485809326e-02 3.401299566030502319e-02 7.506907731294631958e-02 3.572637587785720825e-02 2.968021668493747711e-02 9.330973774194717407e-02 2.705431729555130005e-02 5.484405532479286194e-02 2.692101337015628815e-02 2.854097867384552956e-03 1.828042091801762581e-03 5.392577499151229858e-02 4.176030308008193970e-02 5.554361268877983093e-02 7.553325500339269638e-03 1.659788005053997040e-02 3.649225458502769470e-03 6.066922098398208618e-02 1.264493819326162338e-02 4.393429681658744812e-02 3.297687321901321411e-02 2.728832140564918518e-02 1.228722184896469116e-02 1.021872367709875107e-02 2.906558476388454437e-02 2.417704463005065918e-02 6.787278223782777786e-03 2.412725798785686493e-02 2.666342072188854218e-02 2.179904282093048096e-02 1.504690945148468018e-02 3.250953927636146545e-02 2.654625102877616882e-02 5.031254887580871582e-02 3.659694641828536987e-02 5.343579128384590149e-02 2.104636747390031815e-03 8.716388791799545288e-02 8.722966886125504971e-04 3.367183357477188110e-02 3.592396853491663933e-03 8.503431081771850586e-02 1.770122945308685303e-01 2.146471291780471802e-01 5.253935977816581726e-02 3.975489735603332520e-02 4.810674116015434265e-03 4.047590866684913635e-02 1.312437206506729126e-01 1.083498299121856689e-01 5.051178485155105591e-02 3.065032698214054108e-02 2.342981100082397461e-02 3.116416186094284058e-02 5.035226419568061829e-02 1.499911956489086151e-02 3.202054277062416077e-02 3.409699350595474243e-02 4.413671046495437622e-02 2.049100212752819061e-02 1.233451161533594131e-02 3.039475902915000916e-02 1.493195164948701859e-02 8.958260528743267059e-03 5.057277157902717590e-02 1.891299523413181305e-02 7.496356964111328125e-03 4.243678227066993713e-02 2.139123156666755676e-02 6.895000115036964417e-03 4.002171009778976440e-02 1.205513905733823776e-02 4.838058724999427795e-02 6.887044757604598999e-03 1.426708512008190155e-02 4.665946960449218750e-02 3.322454169392585754e-02 1.738139777444303036e-03
3.240100666880607605e-02 5.950624495744705200e-02 1.381475105881690979e-02 3.257356584072113037e-02 4.053812846541404724e-02 6.508835405111312866e-02 5.366289615631103516e-02 3.303482197225093842e-03 8.567616343498229980e-02 1.394318044185638428e-01 1.300925947725772858e-02 7.333542406558990479e-02 1.532666943967342377e-02 6.364832818508148193e-02 3.405021131038665771e-02 1.111238729208707809e-02 2.714189933612942696e-03 1.485865563154220581e-01 2.376096136868000031e-02 5.483699589967727661e-02 4.349153023213148117e-03 4.472033306956291199e-02 8.372155576944351196e-02 3.331243351567536592e-04 9.725481271743774414e-03 2.151758596301078796e-02 6.701344996690750122e-02 9.986282326281070709e-03 4.709383472800254822e-02 7.335782051086425781e-02 2.487584948539733887e-02 3.695059195160865784e-02 3.468774631619453430e-02 7.553825527429580688e-02 4.138015955686569214e-02 2.334910258650779724e-02 5.190934520214796066e-03 4.255129769444465637e-02 5.088235251605510712e-03 3.125523030757904053e-02 2.448838390409946442e-02 9.238469600677490234e-02 1.094433292746543884e-02 7.832859456539154053e-02 1.083881035447120667e-02 6.309909373521804810e-02 4.859621822834014893e-02 3.556424006819725037e-02 9.431333094835281372e-02 4.343750886619091034e-03 1.908108219504356384e-02 1.851086877286434174e-02 3.168500587344169617e-02 2.262226864695549011e-02 1.763830780982971191e-01 1.338145229965448380e-04 1.684906333684921265e-02 4.158168286085128784e-02 2.185859251767396927e-03 1.338874455541372299e-02 8.212086558341979980e-02 2.607587724924087524e-02 5.820824950933456421e-02 3.693577647209167480e-02 2.551375888288021088e-02 2.266303636133670807e-02 4.974131472408771515e-03 6.504210177809000015e-03 7.248509675264358521e-02 1.873974502086639404e-02 2.752757258713245392e-02 9.944253414869308472e-02 6.722334772348403931e-02 4.117161966860294342e-03 7.605391740798950195e-02 3.127080574631690979e-02 3.158568441867828369e-01 8.699098229408264160e-02 1.665116846561431885e-01 4.943889752030372620e-02 1.756062172353267670e-02 3.229343146085739136e-02 1.013903245329856873e-01 3.809365630149841309e-02 3.341383114457130432e-02 6.035694107413291931e-02 1.978638023138046265e-02 1.594442501664161682e-02 7.709900289773941040e-02 3.476314246654510498e-02 2.019206807017326355e-02 9.106305427849292755e-03 2.774794586002826691e-02 6.509902596008032560e-05 1.066049374639987946e-02 2.940239012241363525e-02 4.095501452684402466e-02 2.606862038373947144e-02 2.128409966826438904e-02 8.458027616143226624e-03 4.780076444149017334e-02 1.512800902128219604e-02 1.880224980413913727e-02 6.236848887056112289e-03 6.205511093139648438e-02 1.589927077293395996e-02 3.479571640491485596e-02 6.768887490034103394e-02 1.772963069379329681e-02 2.001630514860153198e-02 1.059538405388593674e-02 5.421250313520431519e-02 4.119722917675971985e-02 1.710988022387027740e-02 2.616888843476772308e-03 9.374453127384185791e-02
5.301401764154434204e-02 9.934583306312561035e-02 4.197248816490173340e-02 6.584222614765167236e-02 4.926989600062370300e-02 3.997638449072837830e-02 2.782913297414779663e-02 3.270236030220985413e-02 1.394318044185638428e-01 6.612321734428405762e-02 2.566682361066341400e-02 2.142672240734100342e-02 2.163808979094028473e-02 1.512753963470458984e-01 3.056002594530582428e-02 4.497949779033660889e-02 1.304116547107696533e-01 2.675871178507804871e-02 4.826382175087928772e-02 1.255708653479814529e-02 2.083637006580829620e-02 5.034592002630233765e-03 2.798851206898689270e-02 8.655413240194320679e-02 5.319381505250930786e-02 1.057148817926645279e-02 3.806313499808311462e-02 6.384216248989105225e-02 4.147595912218093872e-02 2.614410361275076866e-03 1.476301345974206924e-02 7.288747280836105347e-02 5.525870248675346375e-02 7.700704969465732574e-03 8.183155208826065063e-03 2.706322818994522095e-02 3.408078476786613464e-02 4.424518346786499023e-02 5.769187584519386292e-02 6.328803300857543945e-02 3.409732505679130554e-02 7.804805040359497070e-02 4.311585426330566406e-02 3.609628975391387939e-02 4.300472512841224670e-02 2.640447579324245453e-02 6.672921776771545410e-02 1.652616634964942932e-02 6.605241447687149048e-02 6.889802217483520508e-02 2.250098157674074173e-03 2.422092482447624207e-02 4.676044732332229614e-02 1.531254965811967850e-02 8.792094141244888306e-02 1.497018039226531982e-01 6.465196609497070312e-02 2.601614966988563538e-02 1.376449875533580780e-02 2.952262200415134430e-02 5.493603274226188660e-02 5.828164890408515930e-02 2.558963932096958160e-02 2.129597403109073639e-02 4.237585235387086868e-03 6.433233153074979782e-03 2.354241162538528442e-02 2.664610929787158966e-02 9.054867923259735107e-02 8.699804544448852539e-02 1.860343813896179199e-01 4.120592400431632996e-02 5.802180990576744080e-02 6.929358839988708496e-02 5.937653779983520508e-02 1.295428629964590073e-02 6.744773685932159424e-02 2.311944514513015747e-01 2.075207233428955078e-02 1.884459704160690308e-01 6.495060026645660400e-02 3.494559600949287415e-02 1.104256510734558105e-02 8.858133852481842041e-02 4.765580222010612488e-02 3.093549981713294983e-02 2.001908794045448303e-02 4.520742967724800110e-02 6.071902438998222351e-02 7.321706414222717285e-02 1.838875375688076019e-02 4.501929134130477905e-02 1.884100027382373810e-02 2.218357659876346588e-02 2.716107107698917389e-02 7.703704386949539185e-02 7.745452225208282471e-02 1.348156481981277466e-02 4.292827099561691284e-02 1.168990414589643478e-02 2.933445759117603302e-02 3.055028431117534637e-02 5.379034206271171570e-02 3.318015858530998230e-02 4.851760342717170715e-02 9.327362477779388428e-02 2.699293568730354309e-02 2.702473429962992668e-03 4.415028542280197144e-02 3.239674493670463562e-02 2.020617388188838959e-02 1.130649168044328690e-02 1.276499871164560318e-02 1.061510760337114334e-02 1.650193333625793457e-02 3.309173509478569031e-02
1.716872155666351318e-01 1.333758533000946045e-01 4.494515061378479004e-02 2.298868075013160706e-02 1.885110884904861450e-02 5.861884728074073792e-02 6.993698328733444214e-02 5.237487703561782837e-02 1.300925947725772858e-02 2.566682361066341400e-02 1.351920366287231445e-01 5.042747035622596741e-02 1.751642972230911255e-01 5.544652789831161499e-02 2.079643309116363525e-02 3.459399193525314331e-02 1.020531635731458664e-02 3.614198789000511169e-02 4.621866624802350998e-03 9.041397715918719769e-04 1.911448081955313683e-03 4.215577617287635803e-02 4.997584223747253418e-02 3.742125350981950760e-03 3.604594245553016663e-02 1.169793028384447098e-02 5.139234662055969238e-02 4.445366561412811279e-02 1.781860832124948502e-03 4.447555541992187500e-02 6.187456846237182617e-02 5.490567162632942200e-02 2.424575388431549072e-02 1.177076995372772217e-02 6.097773555666208267e-03 6.575849652290344238e-02 4.492833092808723450e-02 2.918154641520231962e-04 3.293653205037117004e-02 4.597003106027841568e-03 1.906816661357879639e-02 1.387602742761373520e-02 3.017126023769378662e-02 9.292233735322952271e-03 3.479687124490737915e-02 3.769942559301853180e-03 8.595842868089675903e-02 2.378972806036472321e-02 2.672650292515754700e-02 4.771058633923530579e-02 5.573342740535736084e-02 3.980397805571556091e-02 3.433394804596900940e-02 1.069015916436910629e-02 4.033036902546882629e-02 3.637552633881568909e-02 3.294184058904647827e-02 3.401674795895814896e-03 2.875495515763759613e-02 8.304500021040439606e-03 3.334043547511100769e-02 1.004833076149225235e-02 1.552883535623550415e-02 4.033669456839561462e-02 6.435422599315643311e-02 6.983521580696105957e-02 2.940931543707847595e-02 5.795205011963844299e-03 1.142353471368551254e-02 2.963880822062492371e-02 1.141978241503238678e-02 7.675523310899734497e-02 2.383550629019737244e-02 1.764195598661899567e-02 2.479402534663677216e-02 2.514158561825752258e-02 2.033707499504089355e-02 3.495921567082405090e-02 7.451617624610662460e-03 9.407158941030502319e-03 5.630561709403991699e-02 3.898616880178451538e-02 6.460674852132797241e-02 1.879416219890117645e-02 1.886258274316787720e-02 1.162470216513611376e-04 5.387071147561073303e-02 7.673577871173620224e-03 5.129955708980560303e-02 1.539289858192205429e-02 1.248620636761188507e-02 6.634336709976196289e-02 9.095350280404090881e-03 3.936831653118133545e-02 2.094575949013233185e-02 1.839691773056983948e-02 1.687081716954708099e-02 2.588272467255592346e-02 3.743080049753189087e-02 1.243142411112785339e-02 9.411703795194625854e-03 4.102360457181930542e-02 1.266086474061012268e-02 2.111776033416390419e-03 5.611884407699108124e-03 2.733281441032886505e-02 6.677379366010427475e-03 4.831986129283905029e-02 1.700022257864475250e-02 3.094969876110553741e-02 2.904950082302093506e-02 1.852901093661785126e-02 4.061341658234596252e-02 4.251798614859580994e-02 2.161522209644317627e-02 1.520206918939948082e-03
2.171364426612854004e-02 7.138248533010482788e-02 2.378532849252223969e-02 5.278751999139785767e-02 2.061936073005199432e-02 1.739589273929595947e-01 5.577301979064941406e-02 3.108111396431922913e-02 7.333542406558990479e-02 2.142672240734100342e-02 5.042747035622596741e-02 5.728319659829139709e-02 6.084628030657768250e-02 2.839331328868865967e-01 8.673525415360927582e-03 7.192337512969970703e-02 2.925211936235427856e-02 5.949465557932853699e-02 2.637930214405059814e-02 4.266704246401786804e-02 4.737671464681625366e-02 1.701729372143745422e-02 9.924532473087310791e-02 8.499602228403091431e-02 1.287984661757946014e-02 2.589244162663817406e-03 6.310690939426422119e-02 1.631376296281814575e-01 6.875544786453247070e-02 1.510894596576690674e-01 1.546914316713809967e-02 3.682511672377586365e-02 1.870259642601013184e-02 2.449377253651618958e-02 1.105641567846760154e-04 1.678289845585823059e-02 8.678024262189865112e-02 5.148659925907850266e-03 4.263609275221824646e-02 2.185526862740516663e-02 1.386955194175243378e-02 3.345976397395133972e-02 4.128170758485794067e-02 4.220737144351005554e-02 7.749745249748229980e-02 3.116792067885398865e-02 3.028032369911670685e-02 2.078654244542121887e-02 9.277929551899433136e-03 4.449220746755599976e-02 2.952457778155803680e-02 5.214503780007362366e-02 1.910135615617036819e-03 3.221064433455467224e-02 3.434588015079498291e-02 3.428333147894591093e-04 4.939747974276542664e-02 2.367493696510791779e-02 1.476854458451271057e-02 1.970830187201499939e-02 2.632443560287356377e-03 6.149174645543098450e-03 3.020233847200870514e-02 1.750365598127245903e-03 2.170062065124511719e-02 4.684987012296915054e-03 7.354932837188243866e-03 2.836713753640651703e-02 5.713257938623428345e-02 7.101214677095413208e-02 1.693326234817504883e-02 2.528909407556056976e-02 3.294286318123340607e-03 7.549906615167856216e-03 1.009488478302955627e-03 1.255723647773265839e-02 9.967564791440963745e-02 6.786367297172546387e-02 1.301402002573013306e-01 2.412241511046886444e-02 2.311079949140548706e-02 5.427749082446098328e-02 2.118077687919139862e-02 2.017283067107200623e-02 6.049425154924392700e-02 6.356158107519149780e-02 7.076950278133153915e-03 1.443640608340501785e-02 6.816630810499191284e-02 6.074845418334007263e-02 1.585385203361511230e-02 2.039751224219799042e-02 3.217314928770065308e-02 3.199062123894691467e-02 1.850762218236923218e-02 7.132900506258010864e-02 1.309505081735551357e-03 1.151601504534482956e-02 1.848797546699643135e-04 5.479313060641288757e-02 4.844348505139350891e-02 3.880329057574272156e-02 8.294925093650817871e-03 3.454703837633132935e-02 3.545509278774261475e-02 2.573995850980281830e-02 3.553826361894607544e-02 1.564493775367736816e-02 5.949003621935844421e-03 3.418229287490248680e-03 3.619118779897689819e-02 4.531977698206901550e-02 4.220728005748242140e-04 4.676647658925503492e-04 4.320500791072845459e-02 3.051455691456794739e-02
1.106757596135139465e-01 1.663073301315307617e-01 5.737290158867835999e-02 2.553217299282550812e-02 4.132845252752304077e-02 4.809648543596267700e-02 9.554413706064224243e-02 7.355973869562149048e-02 1.532666943967342377e-02 2.163808979094028473e-02 1.751642972230911255e-01 6.084628030657768250e-02 1.312203854322433472e-01 2.673540497198700905e-03 8.750957250595092773e-02 3.742277040146291256e-04 1.182426977902650833e-02 1.718581840395927429e-02 2.074560336768627167e-02 1.746950112283229828e-02 1.162155810743570328e-02 5.860029533505439758e-02 1.196310389786958694e-02 2.564175426959991455e-02 6.169075146317481995e-02 2.217392250895500183e-02 9.685738943517208099e-03 1.765329018235206604e-02 5.911870300769805908e-02 4.821674153208732605e-02 7.107436656951904297e-02 3.718093410134315491e-02 9.217695333063602448e-03 2.568355761468410492e-02 1.092771161347627640e-02 2.812961302697658539e-02 3.592915832996368408e-02 3.175929933786392212e-02 6.725187599658966064e-02 2.376369759440422058e-02 1.131974626332521439e-02 2.631398290395736694e-02 3.868326544761657715e-02 9.695623070001602173e-03 6.441996432840824127e-03 7.938106544315814972e-03 7.961148768663406372e-02 3.593495488166809082e-02 6.520590279251337051e-03 1.622246950864791870e-02 9.474982321262359619e-02 8.546742796897888184e-02 1.395694259554147720e-02 5.329759046435356140e-02 5.686563998460769653e-02 3.250761702656745911e-02 3.234415501356124878e-02 4.561593290418386459e-03 4.926508665084838867e-02 2.497102599591016769e-03 3.141942247748374939e-02 2.188043668866157532e-02 7.777192629873752594e-03 2.995825745165348053e-02 2.787069790065288544e-02 6.493762135505676270e-02 2.800394780933856964e-02 2.699710614979267120e-02 1.961057819426059723e-02 3.339553251862525940e-02 1.491641346365213394e-02 8.809924870729446411e-02 5.346479266881942749e-02 3.528789058327674866e-02 4.594893008470535278e-02 2.565472573041915894e-02 3.244563564658164978e-02 2.134978957474231720e-02 6.854694802314043045e-03 4.750637337565422058e-03 8.162453025579452515e-02 1.002154964953660965e-02 4.138102754950523376e-02 4.009038209915161133e-02 8.491758257150650024e-03 3.585488302633166313e-03 4.170570895075798035e-02 2.084612101316452026e-02 3.621166944503784180e-02 4.500925075262784958e-03 2.383032999932765961e-02 7.632854580879211426e-02 1.477448642253875732e-02 4.762493818998336792e-02 2.517274580895900726e-02 2.396372333168983459e-02 8.242520689964294434e-02 1.202892325818538666e-02 1.688574627041816711e-02 4.066303744912147522e-02 9.098328649997711182e-03 3.583353385329246521e-02 4.267522692680358887e-02 1.538201700896024704e-02 8.141020685434341431e-02 1.611058972775936127e-02 8.941430598497390747e-03 2.591098286211490631e-02 4.114296287298202515e-02 4.866147786378860474e-02 2.981061860918998718e-02 1.201155688613653183e-02 1.665734499692916870e-02 7.103792857378721237e-03 5.804725363850593567e-02 2.910201996564865112e-02
