1.001042723655700684e-01 2.263250797986984253e-01 3.880577161908149719e-02 2.546242810785770416e-02 3.423044085502624512e-02 1.594614386558532715e-01 8.039286732673645020e-02 6.474920362234115601e-02 1.525742653757333755e-02 6.210790947079658508e-02 1.606008857488632202e-01 6.054657511413097382e-03 1.243920102715492249e-01 6.760873645544052124e-02 5.029512569308280945e-02 2.465835958719253540e-02 2.562681585550308228e-02 6.756652146577835083e-02 4.112229216843843460e-03 1.288412231951951981e-02 1.911345124244689941e-02 1.577970571815967560e-02 1.179409865289926529e-02 9.927338361740112305e-02 4.301869869232177734e-02 6.248708348721265793e-03 4.338635131716728210e-02 4.055550321936607361e-02 1.719407882774248719e-04 1.662526652216911316e-02 2.132444642484188080e-02 2.804598212242126465e-02 4.759235307574272156e-02 5.097645148634910583e-02 1.283801626414060593e-03 1.260587363503873348e-03 2.581606619060039520e-02 3.783597424626350403e-02 1.225692220032215118e-03 1.709043048322200775e-02 5.787828192114830017e-02 6.635940168052911758e-03 2.411497943103313446e-02 4.347076639533042908e-03 1.425468735396862030e-02 4.769646376371383667e-02 8.452477306127548218e-02 3.898990526795387268e-02 6.077632680535316467e-02 3.747114911675453186e-02 1.463691983371973038e-02 1.413673534989356995e-02 4.806961864233016968e-02 1.779663492925465107e-03 4.922114685177803040e-02 3.597934916615486145e-02 4.734552279114723206e-02 7.937435060739517212e-02 3.606922924518585205e-02 1.944606751203536987e-02 2.940847538411617279e-02 4.818596318364143372e-02 9.211607277393341064e-03 4.948500916361808777e-02 2.045150659978389740e-02 2.981650270521640778e-02 6.005674973130226135e-02 1.763901091180741787e-03 5.290644243359565735e-02 2.540711499750614166e-02 5.309465155005455017e-02 4.440670460462570190e-02 2.886358648538589478e-02 1.245442684739828110e-02 2.942126616835594177e-02 3.539875894784927368e-02 5.123011395335197449e-02 4.259500652551651001e-02 3.227283433079719543e-02 4.406072571873664856e-02 4.232859238982200623e-02 7.593276351690292358e-02 8.327477611601352692e-03 7.559105008840560913e-02 1.849529519677162170e-02 2.299867011606693268e-02 4.258181154727935791e-02 3.260906785726547241e-02 3.363952506333589554e-03 2.583266049623489380e-02 4.058647528290748596e-02 4.742027446627616882e-02 3.060019947588443756e-02 1.309889275580644608e-02 3.224205970764160156e-02 2.893467620015144348e-02 6.206401064991950989e-02 2.888652123510837555e-02 4.182357713580131531e-02 1.515327300876379013e-02 4.932135716080665588e-02 8.651880547404289246e-03 3.324042307212948799e-03 4.227453097701072693e-02 3.073788946494460106e-03 5.703879985958337784e-03 1.032048277556896210e-02 5.425029620528221130e-02 9.550024755299091339e-03 5.731769278645515442e-02 1.119483448565006256e-02 4.239767417311668396e-02 1.223070826381444931e-02 1.221711654216051102e-02 5.289303511381149292e-02 9.166222065687179565e-03
2.263250797986984253e-01 8.403590321540832520e-02 1.329647097736597061e-02 1.109177246689796448e-02 4.854928702116012573e-02 7.482855767011642456e-02 6.067293509840965271e-02 3.186574950814247131e-02 9.809702634811401367e-03 6.096761673688888550e-02 1.240635886788368225e-01 2.139983931556344032e-03 1.260934025049209595e-01 4.452634230256080627e-02 5.100854858756065369e-02 2.338809147477149963e-02 3.313736990094184875e-02 7.478725910186767578e-02 5.634034797549247742e-02 1.709531806409358978e-02 6.562591064721345901e-03 2.776690199971199036e-02 1.873579993844032288e-02 5.437324941158294678e-02 2.009304240345954895e-02 2.127187326550483704e-02 4.992283880710601807e-02 2.852918813005089760e-03 8.417780697345733643e-02 1.504025049507617950e-02 3.279732167720794678e-02 1.775267883203923702e-03 9.421762079000473022e-02 8.763963356614112854e-03 2.106705447658896446e-03 1.515554450452327728e-02 8.965795859694480896e-03 4.083896055817604065e-02 2.142654359340667725e-02 2.037967182695865631e-02 2.647784538567066193e-02 2.444153465330600739e-02 5.913574621081352234e-02 3.046070225536823273e-02 2.314439043402671814e-02 1.095073949545621872e-02 5.095014348626136780e-02 4.601888358592987061e-02 2.734883455559611320e-03 1.437988132238388062e-03 1.951021887362003326e-02 9.645030368119478226e-04 6.829494144767522812e-03 3.282181173563003540e-02 6.738728261552751064e-04 9.500483982264995575e-03 2.870725095272064209e-02 7.280936092138290405e-02 6.897279620170593262e-02 7.562614232301712036e-02 4.145696014165878296e-02 2.403834834694862366e-02 4.584689810872077942e-02 2.923587337136268616e-02 8.183816820383071899e-02 6.802731007337570190e-02 4.652026295661926270e-02 4.492083098739385605e-03 2.368774265050888062e-02 3.386729583144187927e-02 4.856229352299124002e-04 5.965969711542129517e-02 3.737773373723030090e-02 4.618170484900474548e-02 1.151944231241941452e-02 3.468816727399826050e-02 6.101511418819427490e-02 4.740905016660690308e-02 1.298598106950521469e-02 1.368917804211378098e-02 2.817020751535892487e-02 2.591776102781295776e-02 2.653122646734118462e-03 3.928428515791893005e-02 5.018015950918197632e-02 8.070277050137519836e-03 1.801243238151073456e-02 2.406862005591392517e-02 4.679664969444274902e-03 2.159279584884643555e-02 2.423962764441967010e-02 2.116066869348287582e-03 5.368457734584808350e-02 3.852189704775810242e-02 6.751310545951128006e-03 1.674645394086837769e-02 5.038547888398170471e-02 5.558660626411437988e-02 2.194689773023128510e-02 6.381193641573190689e-03 1.423937920480966568e-02 6.060936138965189457e-04 2.316325344145298004e-02 5.569854751229286194e-02 1.122808098443783820e-04 2.331999503076076508e-02 4.712931066751480103e-02 6.126339081674814224e-03 6.646906491369009018e-03 4.784858319908380508e-03 4.226004332304000854e-02 7.431632839143276215e-03 2.064507082104682922e-02 2.039334177970886230e-02 5.441488698124885559e-02 3.860019892454147339e-02
3.880577161908149719e-02 1.329647097736597061e-02 8.743037283420562744e-02 2.873443253338336945e-02 2.916532754898071289e-02 1.907356828451156616e-02 3.143625706434249878e-02 8.683113753795623779e-02 5.429244786500930786e-02 1.209760364145040512e-02 2.416304778307676315e-03 4.037066921591758728e-02 2.122329734265804291e-02 4.237172752618789673e-02 9.058644622564315796e-02 2.851134166121482849e-02 3.257790952920913696e-02 4.035958275198936462e-02 6.631864607334136963e-02 3.578808903694152832e-02 1.883412152528762817e-02 2.977065555751323700e-02 3.571568056941032410e-02 7.751661352813243866e-03 4.401440173387527466e-02 1.814365945756435394e-02 2.749384567141532898e-02 1.476591918617486954e-03 1.692557148635387421e-02 2.238675579428672791e-02 2.592829056084156036e-02 4.238462820649147034e-02 1.963879168033599854e-02 4.764638468623161316e-02 6.314945966005325317e-02 8.071151375770568848e-02 6.097830459475517273e-02 7.205995172262191772e-02 4.937806352972984314e-02 8.556824922561645508e-02 8.291532099246978760e-02 5.492426455020904541e-02 1.372731942683458328e-02 7.141056656837463379e-02 2.167102321982383728e-02 5.215795710682868958e-02 8.798018097877502441e-03 2.518164180219173431e-02 1.078449655324220657e-02 3.087419085204601288e-02 5.960566550493240356e-02 2.258184924721717834e-02 2.377736009657382965e-02 5.069857463240623474e-02 4.629064816981554031e-03 9.978376328945159912e-03 2.415266446769237518e-02 4.958257451653480530e-02 7.259002886712551117e-03 1.367617747746407986e-03 1.478691119700670242e-02 1.415705960243940353e-02 4.306682944297790527e-02 4.453674703836441040e-02 3.061126731336116791e-02 2.241197414696216583e-02 2.528083510696887970e-02 2.245403639972209930e-02 5.256471782922744751e-02 8.150609210133552551e-03 5.577446892857551575e-02 5.394382029771804810e-02 1.305242534726858139e-02 1.042250078171491623e-02 3.185138851404190063e-02 1.182660181075334549e-02 4.773423448204994202e-02 1.208596304059028625e-02 7.891265302896499634e-02 5.426598712801933289e-03 2.053769379854202271e-01 7.926831394433975220e-02 4.704853636212646961e-04 1.810425892472267151e-02 1.095700194127857685e-03 2.225111238658428192e-02 7.303664833307266235e-02 6.126432865858078003e-02 2.196157909929752350e-02 2.959479764103889465e-02 5.952263250946998596e-02 2.705167047679424286e-02 3.279633447527885437e-02 4.827554896473884583e-02 1.316699758172035217e-02 3.282878175377845764e-02 2.079181931912899017e-02 4.278437048196792603e-02 3.379884641617536545e-03 1.272736862301826477e-02 4.737622663378715515e-02 5.070704966783523560e-02 6.896986812353134155e-02 2.840641513466835022e-02 2.751120552420616150e-02 2.820250578224658966e-02 7.468785159289836884e-03 3.813320398330688477e-02 4.898324608802795410e-02 4.231557995080947876e-02 1.913824863731861115e-02 9.607397019863128662e-03 9.598624892532825470e-03 2.651969529688358307e-02 1.853202655911445618e-02 1.115049584768712521e-03
2.546242810785770416e-02 1.109177246689796448e-02 2.873443253338336945e-02 5.324483662843704224e-02 1.704240292310714722e-01 1.028785668313503265e-02 9.854525327682495117e-03 5.628322064876556396e-02 1.591619453392922878e-03 5.073501728475093842e-03 8.524219738319516182e-04 2.082002349197864532e-02 5.401768907904624939e-02 5.081144627183675766e-03 1.530015934258699417e-02 4.231103137135505676e-02 6.200266256928443909e-02 6.502248346805572510e-02 5.228926241397857666e-02 3.688739985227584839e-02 2.915394306182861328e-02 1.617977581918239594e-02 1.321232970803976059e-02 7.029610220342874527e-03 3.516903612762689590e-03 1.580414175987243652e-02 1.767015270888805389e-02 3.895904496312141418e-02 2.081806585192680359e-02 2.373858587816357613e-03 6.847441941499710083e-02 1.905151642858982086e-02 5.597954243421554565e-02 3.350352123379707336e-02 2.249194774776697159e-03 1.610813662409782410e-02 2.319560619071125984e-03 2.188168279826641083e-02 2.091989517211914062e-01 1.650287806987762451e-01 1.306906528770923615e-02 3.105598688125610352e-02 3.275479003787040710e-02 5.763696879148483276e-02 3.776355832815170288e-02 8.981286548078060150e-03 4.020176827907562256e-03 1.269402727484703064e-02 4.390756785869598389e-02 4.233508929610252380e-02 1.393835898488759995e-02 3.079566732048988342e-02 2.249965816736221313e-02 7.857955060899257660e-03 4.882976040244102478e-02 4.036710038781166077e-02 2.083022706210613251e-02 1.308878231793642044e-02 8.034058660268783569e-02 6.247778981924057007e-02 6.803645938634872437e-02 1.604370959103107452e-02 3.770834580063819885e-02 1.009313575923442841e-02 1.218362618237733841e-02 4.826288670301437378e-02 5.412594974040985107e-02 4.304382577538490295e-02 2.156405709683895111e-02 4.921650886535644531e-02 1.087545417249202728e-03 7.257046550512313843e-02 1.282049566507339478e-01 2.702497877180576324e-02 1.291824281215667725e-01 1.560674514621496201e-02 8.518562465906143188e-02 3.726198896765708923e-02 3.471585363149642944e-02 4.617459606379270554e-03 2.395290695130825043e-02 1.476096455007791519e-02 1.769932657480239868e-01 3.766347840428352356e-02 6.295945495367050171e-03 2.049890533089637756e-02 5.063271895051002502e-02 5.035947263240814209e-02 7.413254678249359131e-02 2.433176338672637939e-02 2.984763821586966515e-03 8.086609654128551483e-03 1.329307444393634796e-02 1.757544465363025665e-02 4.092541709542274475e-02 4.823381826281547546e-02 6.850893795490264893e-02 3.787883743643760681e-02 2.297477237880229950e-02 8.082048967480659485e-03 1.807455532252788544e-02 7.089208811521530151e-03 1.375797297805547714e-02 5.192761891521513462e-04 5.726006627082824707e-02 1.666866056621074677e-02 2.188462391495704651e-02 1.680995710194110870e-02 5.796250887215137482e-03 5.980809405446052551e-02 2.438463456928730011e-02 1.896837912499904633e-02 9.867765009403228760e-03 1.941424235701560974e-02 2.548274770379066467e-02 3.676684200763702393e-02
3.423044085502624512e-02 4.854928702116012573e-02 2.916532754898071289e-02 1.704240292310714722e-01 6.494725588709115982e-03 4.406226426362991333e-02 5.417346954345703125e-02 2.416320517659187317e-02 8.239918388426303864e-04 5.647191777825355530e-02 1.916219131089746952e-03 4.225048795342445374e-02 4.671413078904151917e-02 3.225478529930114746e-02 2.252757316455245018e-03 6.048412062227725983e-03 3.614816069602966309e-02 4.237450286746025085e-02 3.483330085873603821e-02 6.749436724931001663e-03 6.478853989392518997e-03 3.609070926904678345e-02 1.646778732538223267e-02 5.711129307746887207e-02 1.478309836238622665e-02 3.727829782292246819e-03 1.644430495798587799e-02 2.860953100025653839e-03 4.277148842811584473e-02 3.889363259077072144e-02 4.209041222929954529e-02 3.076935186982154846e-02 7.630200125277042389e-03 2.432638779282569885e-02 2.909652329981327057e-02 2.829781547188758850e-02 1.060456619597971439e-03 5.032283067703247070e-02 1.226531118154525757e-01 2.675921320915222168e-01 8.158022165298461914e-02 2.419963851571083069e-02 1.142923533916473389e-02 4.832352697849273682e-02 5.418732762336730957e-02 1.873879693448543549e-02 3.909002617001533508e-02 1.368744485080242157e-02 2.552115730941295624e-02 3.552880883216857910e-02 6.551033258438110352e-02 2.563545107841491699e-02 7.071734871715307236e-04 3.292821720242500305e-02 1.597412675619125366e-02 5.833147559314966202e-03 3.956492990255355835e-02 6.294561922550201416e-02 2.008775249123573303e-02 2.592076919972896576e-02 3.430388867855072021e-02 4.394238069653511047e-02 8.050926961004734039e-03 2.746453322470188141e-02 8.374307304620742798e-03 4.047461599111557007e-02 5.270767584443092346e-02 4.406262561678886414e-02 7.633826881647109985e-02 1.462815329432487488e-02 2.965342998504638672e-02 8.186417073011398315e-02 1.215385645627975464e-02 2.776447124779224396e-02 9.641557186841964722e-02 6.561236083507537842e-02 1.444734446704387665e-02 1.387075334787368774e-02 7.067741453647613525e-02 2.106606587767601013e-02 1.350862719118595123e-02 2.834638208150863647e-02 8.363913744688034058e-02 1.770288199186325073e-01 1.037526410073041916e-02 3.260938823223114014e-02 1.730447821319103241e-02 6.283357273787260056e-03 5.784647539258003235e-02 2.109150169417262077e-03 6.902362406253814697e-02 3.671545162796974182e-02 5.480304732918739319e-02 2.021849341690540314e-02 4.457412660121917725e-02 8.739501237869262695e-03 5.985539406538009644e-03 8.189044892787933350e-02 1.163407880812883377e-02 2.106494642794132233e-02 1.392205618321895599e-02 8.677409961819648743e-03 3.703341260552406311e-02 3.029024787247180939e-02 1.296923402696847916e-02 9.639198891818523407e-03 1.131336204707622528e-02 4.863184317946434021e-02 2.934118174016475677e-02 4.412595927715301514e-02 4.959469288587570190e-02 7.775235921144485474e-02 1.814521662890911102e-02 9.174365550279617310e-03 3.519768640398979187e-02 2.352120354771614075e-02
1.594614386558532715e-01 7.482855767011642456e-02 1.907356828451156616e-02 1.028785668313503265e-02 4.406226426362991333e-02 8.005449175834655762e-02 1.658118367195129395e-01 4.065405577421188354e-03 2.930719777941703796e-02 3.163265436887741089e-02 8.377015590667724609e-02 8.738390356302261353e-02 6.741086393594741821e-02 7.372146099805831909e-02 4.607678204774856567e-02 9.409882128238677979e-03 4.238065332174301147e-02 3.042484633624553680e-02 3.460253030061721802e-02 3.737691417336463928e-02 2.557691885158419609e-03 3.381843119859695435e-02 5.500607192516326904e-02 5.923627410084009171e-03 5.605056509375572205e-02 4.183609504252672195e-03 1.638694666326045990e-02 2.412462420761585236e-02 8.199426531791687012e-02 2.811046876013278961e-02 9.718424081802368164e-02 3.961646929383277893e-02 3.310373798012733459e-02 2.294706739485263824e-02 1.347595080733299255e-02 1.038697175681591034e-02 1.142512354999780655e-02 2.835799753665924072e-02 5.797570571303367615e-03 4.355883970856666565e-02 5.757306702435016632e-03 3.641665447503328323e-03 4.705575481057167053e-02 2.699882490560412407e-03 1.457190327346324921e-02 5.385943874716758728e-02 1.425526142120361328e-01 8.916565030813217163e-02 4.260674118995666504e-02 2.748281136155128479e-02 1.072196196764707565e-02 2.955702878534793854e-02 2.577001415193080902e-02 9.443562477827072144e-03 3.081452287733554840e-02 1.967829465866088867e-02 1.772787421941757202e-02 3.387081203982234001e-03 4.390618205070495605e-02 7.112837582826614380e-02 2.649182453751564026e-02 8.262082934379577637e-03 1.070075388997793198e-02 4.580219089984893799e-02 9.925214946269989014e-02 9.527848660945892334e-02 1.081086974591016769e-02 5.822195485234260559e-02 3.193926066160202026e-02 6.107133626937866211e-02 1.578295603394508362e-02 8.633980900049209595e-02 4.268122464418411255e-02 2.471407130360603333e-02 3.802543878555297852e-02 2.049295604228973389e-02 5.254459008574485779e-02 4.046407714486122131e-02 1.035722810775041580e-02 5.269424617290496826e-02 1.790770329535007477e-02 7.656894624233245850e-02 1.177596952766180038e-02 6.793652474880218506e-02 4.313397035002708435e-02 3.587085753679275513e-02 5.337585462257266045e-04 5.448513478040695190e-02 2.873454056680202484e-02 2.640520595014095306e-02 4.202211648225784302e-02 1.766670867800712585e-02 6.959582865238189697e-02 4.350907355546951294e-02 8.723334223031997681e-02 2.451368607580661774e-02 6.625539809465408325e-02 7.336497772485017776e-03 2.610966376960277557e-02 9.123836643993854523e-03 3.055307082831859589e-02 3.092914633452892303e-02 4.448553174734115601e-02 4.582062736153602600e-02 3.352044522762298584e-02 8.753199875354766846e-02 1.322109811007976532e-02 4.001945257186889648e-02 8.984068036079406738e-02 3.292967751622200012e-02 2.057700912700966001e-04 3.636590391397476196e-02 2.985753584653139114e-03 5.883175134658813477e-02 1.705522090196609497e-02 2.486105076968669891e-02
8.039286732673645020e-02 6.067293509840965271e-02 3.143625706434249878e-02 9.854525327682495117e-03 5.417346954345703125e-02 1.658118367195129395e-01 7.534199208021163940e-02 1.087521854788064957e-02 3.806157503277063370e-03 5.354452878236770630e-02 9.809203445911407471e-02 1.908345520496368408e-02 9.583834558725357056e-02 5.778562650084495544e-02 5.974568054080009460e-02 4.083477705717086792e-02 4.586554691195487976e-02 6.316351890563964844e-02 1.756533235311508179e-02 1.603343174792826176e-03 1.301047205924987793e-02 6.331851333379745483e-02 1.264635194092988968e-02 9.887949563562870026e-03 9.981358423829078674e-03 1.224674470722675323e-02 1.830071397125720978e-02 1.773711852729320526e-02 2.374522760510444641e-02 6.793157011270523071e-02 4.497674480080604553e-02 1.013952307403087616e-02 3.387258201837539673e-02 4.107988253235816956e-02 8.861716836690902710e-03 3.224257379770278931e-02 2.122449129819869995e-02 2.045215107500553131e-02 2.845772728323936462e-02 6.183405406773090363e-03 1.311740744858980179e-02 4.158366471529006958e-02 1.752628758549690247e-02 1.931808702647686005e-02 2.754973992705345154e-02 2.197690121829509735e-02 1.246019676327705383e-01 9.793597459793090820e-02 6.412627641111612320e-03 9.868377819657325745e-03 2.380038611590862274e-02 3.803710639476776123e-02 4.203230515122413635e-02 1.751217618584632874e-02 3.511338680982589722e-02 6.673766300082206726e-03 3.901046141982078552e-02 6.705212593078613281e-02 7.196401804685592651e-02 3.771172463893890381e-02 2.824942208826541901e-02 5.479091033339500427e-02 6.741723045706748962e-03 3.445154428482055664e-02 4.390996322035789490e-02 4.515513777732849121e-02 2.242718823254108429e-02 5.587811395525932312e-02 2.973390929400920868e-02 1.442276407033205032e-02 4.629052057862281799e-02 6.855858862400054932e-02 2.336426172405481339e-03 2.255639061331748962e-02 1.351055037230253220e-02 6.469416618347167969e-02 3.250947967171669006e-02 1.178259402513504028e-02 2.769826725125312805e-02 5.024942103773355484e-03 1.203455496579408646e-02 7.244431972503662109e-02 1.310997828841209412e-02 2.776591479778289795e-02 1.190370693802833557e-02 1.032716501504182816e-02 4.023171588778495789e-02 8.978267014026641846e-02 6.839919835329055786e-02 3.187030181288719177e-02 4.978427663445472717e-02 4.278169572353363037e-02 4.069154709577560425e-02 4.385092761367559433e-03 2.503830194473266602e-02 9.582567960023880005e-03 1.995701109990477562e-03 2.016587741672992706e-02 2.817780245095491409e-03 1.028208713978528976e-02 2.069731988012790680e-02 8.577028289437294006e-03 3.931824862957000732e-02 2.375908941030502319e-02 1.672072149813175201e-02 6.009923294186592102e-02 9.587842039763927460e-03 9.545473731122910976e-04 1.255796104669570923e-02 2.964826114475727081e-02 3.716739593073725700e-04 2.898827567696571350e-02 2.003098279237747192e-02 2.139994874596595764e-02 1.669626124203205109e-02 1.000975351780653000e-02
6.474920362234115601e-02 3.186574950814247131e-02 8.683113753795623779e-02 5.628322064876556396e-02 2.416320517659187317e-02 4.065405577421188354e-03 1.087521854788064957e-02 4.054914042353630066e-02 4.598788172006607056e-02 2.982942387461662292e-02 1.751837320625782013e-02 2.989384159445762634e-02 2.710929326713085175e-02 1.463806722313165665e-02 1.156168505549430847e-01 2.136470563709735870e-02 4.090224578976631165e-02 9.298941493034362793e-02 9.701629728078842163e-02 4.885875433683395386e-02 2.365544810891151428e-02 2.254812046885490417e-02 6.628303229808807373e-02 3.243779018521308899e-02 5.751267075538635254e-03 1.816790550947189331e-03 5.316455848515033722e-03 1.093429885804653168e-02 1.948524452745914459e-02 3.528975881636142731e-03 4.292967170476913452e-02 7.032955065369606018e-03 3.642700240015983582e-02 3.501686966046690941e-03 2.989491075277328491e-02 3.677542507648468018e-02 1.559463329613208771e-02 3.670367226004600525e-02 5.216131918132305145e-03 5.807064101099967957e-02 1.910065859556198120e-02 4.194797482341527939e-03 4.727603867650032043e-03 6.205711513757705688e-02 1.905872672796249390e-02 2.170016244053840637e-02 4.945364221930503845e-02 2.545073162764310837e-03 1.854932308197021484e-02 4.447073116898536682e-02 1.182655105367302895e-03 2.721859514713287354e-02 8.546743541955947876e-02 7.776181399822235107e-02 4.552660509943962097e-02 2.045066468417644501e-02 3.360901772975921631e-02 5.478363949805498123e-03 4.506608471274375916e-02 7.788315415382385254e-03 3.505948558449745178e-02 5.275180190801620483e-02 3.122735954821109772e-02 8.111749775707721710e-03 9.919014759361743927e-03 1.021917723119258881e-02 9.542440995573997498e-03 3.269282355904579163e-02 1.609596051275730133e-02 1.745861023664474487e-02 4.913289472460746765e-02 1.021970156580209732e-02 4.335967078804969788e-02 4.647406935691833496e-02 8.424278348684310913e-03 4.697504453361034393e-03 2.725592069327831268e-02 3.568393364548683167e-02 2.871272340416908264e-02 1.656801439821720123e-02 2.734908461570739746e-01 1.168860420584678650e-01 2.391576953232288361e-02 7.295669522136449814e-03 4.409486055374145508e-02 3.457939252257347107e-02 1.213278397917747498e-01 1.085381954908370972e-01 9.127717465162277222e-02 5.400323122739791870e-02 3.943144157528877258e-02 4.426183924078941345e-02 2.487125108018517494e-03 2.772735990583896637e-02 2.305279951542615891e-03 3.621072322130203247e-02 2.690486423671245575e-02 4.038838669657707214e-03 4.645414277911186218e-02 2.849846333265304565e-02 8.931480348110198975e-03 1.624729484319686890e-02 1.124795712530612946e-02 4.535586014389991760e-02 2.877622283995151520e-02 4.238272458314895630e-02 3.038752265274524689e-02 4.933051392436027527e-02 2.201609313488006592e-03 5.630924180150032043e-02 1.532498840242624283e-02 2.830461040139198303e-02 4.047251120209693909e-02 1.671612076461315155e-02 7.093983143568038940e-02 4.758555442094802856e-02
1.525742653757333755e-02 9.809702634811401367e-03 5.429244786500930786e-02 1.591619453392922878e-03 8.239918388426303864e-04 2.930719777941703796e-02 3.806157503277063370e-03 4.598788172006607056e-02 6.009371951222419739e-03 1.492234915494918823e-01 1.190906111150979996e-02 6.966401357203722000e-03 1.960790716111660004e-02 1.119574531912803650e-02 1.662885770201683044e-02 1.902478560805320740e-02 1.133874878287315369e-01 4.974214243702590466e-05 7.024630159139633179e-02 5.823308229446411133e-02 6.820701994001865387e-03 4.670806974172592163e-02 7.267808914184570312e-02 2.554270997643470764e-02 8.203275501728057861e-02 2.775860205292701721e-02 7.034473121166229248e-02 1.147989630699157715e-01 3.479251405224204063e-03 6.641222536563873291e-02 6.613245699554681778e-03 5.098288878798484802e-02 2.264703065156936646e-02 3.188623860478401184e-02 9.198814630508422852e-02 3.620507940649986267e-02 5.752323195338249207e-02 5.721395462751388550e-02 8.719494938850402832e-02 1.069620475172996521e-01 4.091852530837059021e-02 7.518000155687332153e-02 6.315409392118453979e-02 3.143262490630149841e-02 7.091803103685379028e-02 4.582097753882408142e-02 7.158523425459861755e-03 2.549005206674337387e-03 7.419243454933166504e-02 5.097752436995506287e-03 5.403299629688262939e-02 2.379119396209716797e-02 4.504325985908508301e-02 6.442833691835403442e-02 1.328061223030090332e-01 3.489023447036743164e-02 3.429755568504333496e-02 6.166268512606620789e-02 2.334449253976345062e-02 3.487185761332511902e-02 1.095461994409561157e-01 7.076772302389144897e-02 2.444827742874622345e-02 3.043710440397262573e-02 3.899950534105300903e-02 3.318961337208747864e-02 8.679461898282170296e-04 1.892557367682456970e-02 1.352191716432571411e-01 2.324732579290866852e-02 5.307767540216445923e-02 6.735060364007949829e-02 2.030079998075962067e-02 1.008952595293521881e-02 2.526181749999523163e-02 6.602977961301803589e-02 2.626188397407531738e-01 1.385204344987869263e-01 8.376317471265792847e-02 6.581440567970275879e-02 9.080680087208747864e-03 2.184847556054592133e-02 6.132065504789352417e-02 3.226590575650334358e-03 9.751809388399124146e-02 2.951474674046039581e-02 1.245795097202062607e-02 1.610957086086273193e-02 1.700972020626068115e-02 4.131584987044334412e-02 1.958143897354602814e-02 5.191674083471298218e-02 2.921827137470245361e-03 4.147937893867492676e-02 5.723422393202781677e-03 2.245364151895046234e-02 2.269737422466278076e-02 6.957138329744338989e-02 2.038605883717536926e-02 7.934996858239173889e-03 1.101396791636943817e-02 3.912963718175888062e-02 9.688077867031097412e-02 7.506158947944641113e-02 3.004770027473568916e-03 3.875552490353584290e-02 6.002410873770713806e-02 9.571707993745803833e-02 2.197723370045423508e-04 4.048650339245796204e-02 6.677106022834777832e-02 4.861324280500411987e-02 2.984552457928657532e-02 2.727131359279155731e-02 1.314858067780733109e-02 5.525011569261550903e-02
6.210790947079658508e-02 6.096761673688888550e-02 1.209760364145040512e-02 5.073501728475093842e-03 5.647191777825355530e-02 3.163265436887741089e-02 5.354452878236770630e-02 2.982942387461662292e-02 1.492234915494918823e-01 4.994933679699897766e-02 2.270047180354595184e-02 5.451950430870056152e-02 1.242813188582658768e-02 8.432849496603012085e-02 1.318449061363935471e-02 1.092462055385112762e-02 4.855536296963691711e-02 1.357075292617082596e-02 4.038162156939506531e-02 3.854397218674421310e-03 5.469908937811851501e-03 3.291524946689605713e-02 4.656398668885231018e-02 8.061011880636215210e-02 6.693376693874597549e-03 2.165219374001026154e-02 3.906151279807090759e-02 1.160600334405899048e-01 2.392924204468727112e-02 2.886621095240116119e-02 3.780326992273330688e-02 1.586939767003059387e-02 9.049921296536922455e-03 1.120618078857660294e-02 4.126342013478279114e-02 1.159846223890781403e-02 8.027973771095275879e-02 4.316222853958606720e-03 3.572801128029823303e-02 1.152176596224308014e-02 6.927397102117538452e-03 6.820137612521648407e-03 1.494082738645374775e-03 1.161178480833768845e-02 4.894099012017250061e-02 2.394542098045349121e-02 3.033759444952011108e-02 5.247380118817090988e-03 5.764187153545208275e-05 9.747355431318283081e-02 9.556907229125499725e-03 1.493241544812917709e-02 6.283730268478393555e-02 3.978422656655311584e-02 4.802133888006210327e-02 9.120350331068038940e-02 2.541774697601795197e-02 1.657147705554962158e-02 3.893903270363807678e-02 2.125274389982223511e-02 8.149752765893936157e-02 1.822192035615444183e-02 4.057935252785682678e-02 8.161116391420364380e-03 5.984392389655113220e-02 5.036707501858472824e-03 9.495514445006847382e-03 1.394183840602636337e-02 3.974951058626174927e-02 7.981707155704498291e-02 7.999249547719955444e-02 1.696413941681385040e-02 4.296047985553741455e-02 3.878920152783393860e-02 7.588738203048706055e-02 1.110567152500152588e-02 5.061184614896774292e-02 1.606601774692535400e-01 3.767119720578193665e-02 1.098968759179115295e-01 4.795276746153831482e-02 1.460241340100765228e-02 4.228166118264198303e-02 1.610172539949417114e-01 3.420470282435417175e-02 7.510716468095779419e-02 3.942676633596420288e-02 3.677674382925033569e-02 1.236899569630622864e-02 9.830193221569061279e-02 3.529406338930130005e-02 2.848578989505767822e-02 1.919532939791679382e-02 1.269523985683917999e-02 2.472003549337387085e-02 3.813995048403739929e-02 1.288425549864768982e-02 2.261221595108509064e-02 1.698685809969902039e-02 5.756032653152942657e-03 3.977817669510841370e-02 2.198741585016250610e-02 2.894685417413711548e-02 1.376655139029026031e-02 6.433915346860885620e-03 3.182235360145568848e-02 3.776305168867111206e-02 2.659888006746768951e-02 4.954380448907613754e-03 2.921398915350437164e-02 2.458792924880981445e-02 3.005504235625267029e-02 2.385998610407114029e-03 3.039653180167078972e-03 4.078460857272148132e-02 6.475173868238925934e-03
1.606008857488632202e-01 1.240635886788368225e-01 2.416304778307676315e-03 8.524219738319516182e-04 1.916219131089746952e-03 8.377015590667724609e-02 9.809203445911407471e-02 1.751837320625782013e-02 1.190906111150979996e-02 2.270047180354595184e-02 6.847976893186569214e-02 1.821672543883323669e-02 1.723261028528213501e-01 3.125818446278572083e-02 2.416481450200080872e-02 6.156112253665924072e-02 5.582841858267784119e-02 2.185630425810813904e-02 4.327020794153213501e-02 2.970912680029869080e-02 1.550272945314645767e-02 3.984102979302406311e-02 2.309170924127101898e-02 3.143529221415519714e-02 8.602743037045001984e-03 4.784190654754638672e-02 2.080170810222625732e-02 2.984352409839630127e-02 2.869789861142635345e-02 1.082683820277452469e-02 4.670856520533561707e-02 8.527203463017940521e-03 5.638295039534568787e-02 2.145502902567386627e-02 1.070004142820835114e-02 4.089165013283491135e-03 1.346926763653755188e-02 1.344647444784641266e-02 3.796385973691940308e-02 9.303029626607894897e-03 2.699887380003929138e-02 1.326655037701129913e-02 4.365950822830200195e-03 5.310255289077758789e-02 4.847770184278488159e-02 1.754340156912803650e-02 1.024127751588821411e-01 5.493066832423210144e-02 8.039963431656360626e-03 3.136949846521019936e-03 4.551951214671134949e-02 4.244258254766464233e-02 1.033347472548484802e-02 2.918800525367259979e-02 1.660697348415851593e-02 1.948096416890621185e-02 3.086162917315959930e-02 2.276693470776081085e-02 1.062650326639413834e-02 2.265119180083274841e-02 1.555962488055229187e-02 8.238452486693859100e-03 1.693665795028209686e-02 2.741007879376411438e-02 8.104547858238220215e-02 4.295749217271804810e-02 5.418959772214293480e-04 5.395481362938880920e-03 1.530459895730018616e-02 7.404948584735393524e-03 2.771307528018951416e-02 4.139212518930435181e-02 1.451282575726509094e-02 4.500870406627655029e-02 1.684297248721122742e-02 3.048826567828655243e-02 2.271108329296112061e-02 4.730205610394477844e-02 8.001444861292839050e-03 1.533745042979717255e-02 3.281414881348609924e-02 6.017799023538827896e-03 1.220806967467069626e-02 1.507906429469585419e-02 4.481594078242778778e-03 1.956075243651866913e-02 4.379518330097198486e-02 4.777060821652412415e-02 1.923085888847708702e-03 3.639597073197364807e-02 2.621885575354099274e-02 3.882615361362695694e-03 1.196450646966695786e-02 5.230955779552459717e-03 3.467625007033348083e-02 2.648397535085678101e-02 6.610486656427383423e-02 2.113696373999118805e-02 3.556578606367111206e-02 5.409681797027587891e-02 4.116285964846611023e-02 4.592837020754814148e-02 1.951209083199501038e-02 5.348018556833267212e-02 9.245831519365310669e-03 2.448252215981483459e-02 4.734386457130312920e-04 5.750856548547744751e-02 6.295528262853622437e-03 6.614721566438674927e-02 1.241300161927938461e-02 6.258139014244079590e-02 3.275505825877189636e-02 5.085885152220726013e-02 1.649889722466468811e-02 7.339481264352798462e-02
6.054657511413097382e-03 2.139983931556344032e-03 4.037066921591758728e-02 2.082002349197864532e-02 4.225048795342445374e-02 8.738390356302261353e-02 1.908345520496368408e-02 2.989384159445762634e-02 6.966401357203722000e-03 5.451950430870056152e-02 1.821672543883323669e-02 3.522007167339324951e-02 1.457281690090894699e-02 1.988611966371536255e-01 3.237510472536087036e-02 3.088008053600788116e-02 8.477760106325149536e-02 2.175623364746570587e-02 1.071743741631507874e-01 2.733026631176471710e-02 8.954678196460008621e-04 1.668055047048255801e-04 6.274055689573287964e-02 3.658226132392883301e-02 1.096503529697656631e-02 2.584028616547584534e-02 5.068518593907356262e-02 1.303721666336059570e-01 6.037174537777900696e-02 1.497413124889135361e-02 6.266944855451583862e-02 1.411376334726810455e-02 6.016820669174194336e-02 1.022885367274284363e-02 7.903660647571086884e-03 8.801897056400775909e-03 2.031639777123928070e-02 2.298752078786492348e-03 2.579958178102970123e-02 3.534481674432754517e-02 2.639420144259929657e-02 6.088936701416969299e-02 6.815034896135330200e-03 2.677038498222827911e-02 1.310374885797500610e-01 1.954734558239579201e-03 2.137039974331855774e-02 3.169936686754226685e-02 3.261029720306396484e-02 3.928076848387718201e-02 1.756392605602741241e-02 1.014689356088638306e-01 2.474317140877246857e-02 3.969079256057739258e-02 2.477636747062206268e-02 1.766589656472206116e-02 6.553741544485092163e-02 7.464127242565155029e-02 3.002475947141647339e-03 1.761733740568161011e-02 2.875394560396671295e-02 8.818911761045455933e-02 3.643714636564254761e-02 6.838210672140121460e-02 4.835765436291694641e-02 4.355983436107635498e-02 4.913307353854179382e-02 1.920602470636367798e-02 2.118488959968090057e-02 5.140814930200576782e-02 7.501988112926483154e-02 1.009430084377527237e-02 3.191668540239334106e-02 3.676807880401611328e-02 7.762249093502759933e-03 5.847846750839380547e-06 7.865671068429946899e-02 9.915072470903396606e-02 7.209681719541549683e-02 4.948797449469566345e-02 1.460099709220230579e-03 2.501151897013187408e-02 6.765627115964889526e-02 4.857977107167243958e-02 1.040331721305847168e-01 3.901893272995948792e-03 1.102489302866160870e-03 2.334285993129014969e-03 7.025466859340667725e-02 3.147632256150245667e-02 8.196722716093063354e-02 1.209947466850280762e-02 1.182068139314651489e-01 7.790633942931890488e-03 7.871062494814395905e-03 4.381187632679939270e-02 3.407632932066917419e-02 1.639858260750770569e-02 5.210289359092712402e-02 1.434873510152101517e-02 1.705945469439029694e-02 3.050177916884422302e-02 5.430294666439294815e-03 3.896932303905487061e-02 3.406017646193504333e-02 3.295780345797538757e-02 1.491717621684074402e-02 9.134103544056415558e-03 9.744112379848957062e-03 1.013513188809156418e-02 4.012960009276866913e-03 2.130447514355182648e-02 9.402154944837093353e-03 4.643835127353668213e-03 6.048881914466619492e-03 5.328087136149406433e-02
1.243920102715492249e-01 1.260934025049209595e-01 2.122329734265804291e-02 5.401768907904624939e-02 4.671413078904151917e-02 6.741086393594741821e-02 9.583834558725357056e-02 2.710929326713085175e-02 1.960790716111660004e-02 1.242813188582658768e-02 1.723261028528213501e-01 1.457281690090894699e-02 1.178115606307983398e-01 1.857321336865425110e-02 5.404105409979820251e-02 7.454031705856323242e-02 4.753565415740013123e-02 2.248214744031429291e-02 3.249498456716537476e-02 5.426181596703827381e-04 2.664384059607982635e-02 3.512131795287132263e-02 3.454167395830154419e-02 4.043193068355321884e-03 1.210237108170986176e-02 1.626459881663322449e-02 4.327701777219772339e-02 4.094907548278570175e-03 3.552365675568580627e-02 3.969622310250997543e-03 4.963780567049980164e-02 1.105018425732851028e-02 1.471704430878162384e-02 6.107572698965668678e-04 1.387071236968040466e-02 1.243675872683525085e-02 1.166767347604036331e-02 2.823846787214279175e-02 2.327227778732776642e-02 2.429720247164368629e-03 7.245624437928199768e-03 1.712791249155998230e-02 4.009195417165756226e-02 3.523888811469078064e-02 2.526672370731830597e-02 3.582722693681716919e-02 1.034129336476325989e-01 8.041921257972717285e-02 4.746847786009311676e-03 1.767378859221935272e-02 1.368548069149255753e-02 3.663262724876403809e-02 5.704302340745925903e-02 5.081852432340383530e-03 1.040491648018360138e-02 5.897790193557739258e-03 2.814530394971370697e-03 7.925969362258911133e-02 2.519652806222438812e-02 1.484871003776788712e-02 2.069940231740474701e-02 2.935604751110076904e-02 3.880006447434425354e-02 2.174749784171581268e-02 5.168887600302696228e-02 6.380540132522583008e-02 5.479077342897653580e-03 3.331421175971627235e-03 1.230262126773595810e-02 1.649103499948978424e-02 1.441224943846464157e-03 2.298955619335174561e-02 4.361037164926528931e-03 8.043888956308364868e-03 1.360784005373716354e-02 3.707280009984970093e-02 4.385098442435264587e-02 1.770853623747825623e-02 3.381922468543052673e-02 4.420173168182373047e-02 4.015842080116271973e-02 4.489438608288764954e-02 2.964810095727443695e-02 9.358905255794525146e-03 1.998411491513252258e-02 1.685964380158111453e-04 1.187341986224055290e-03 4.095586761832237244e-02 4.564762860536575317e-02 3.629947453737258911e-02 5.541046708822250366e-02 1.249944511801004410e-02 4.243545234203338623e-02 5.104179307818412781e-02 2.264545112848281860e-02 1.275303401052951813e-02 5.189388617873191833e-02 3.594597801566123962e-02 4.260137677192687988e-02 4.246069863438606262e-02 1.909776777029037476e-02 4.875249695032835007e-03 5.608308594673871994e-03 5.815834552049636841e-02 1.363050378859043121e-02 2.745952457189559937e-02 1.861477456986904144e-02 6.083002686500549316e-02 1.662769122049212456e-03 1.160096935927867889e-02 3.658784553408622742e-02 5.084132030606269836e-02 2.847860753536224365e-02 4.685245454311370850e-02 3.361600637435913086e-02 3.184504061937332153e-02
