8.773544803261756897e-03 1.851635575294494629e-01 5.201416090130805969e-02 8.538605645298957825e-03 9.644751250743865967e-02 6.365897506475448608e-02 6.642174720764160156e-02 1.864496804773807526e-02 2.350484952330589294e-02 5.181073397397994995e-02 6.735680252313613892e-02 1.136622652411460876e-01 2.464498952031135559e-02 6.492508947849273682e-02 4.777672514319419861e-02 1.866374537348747253e-02 6.680089980363845825e-02 9.389350190758705139e-03 8.404906839132308960e-02 3.384365513920783997e-02 3.132565692067146301e-02 4.402806609869003296e-02 6.353601813316345215e-02 4.478318616747856140e-03 2.545160427689552307e-02 3.134177625179290771e-02 1.458642166107892990e-02 4.797707498073577881e-02 1.248565968126058578e-02 3.616675361990928650e-02 5.080395936965942383e-02 3.094448475167155266e-03 2.352065965533256531e-02 1.801178231835365295e-02 3.160485625267028809e-02 6.595487892627716064e-02 5.001277476549148560e-02 2.334709651768207550e-02 6.935375183820724487e-02 2.780021168291568756e-03 7.750098407268524170e-02 3.965671733021736145e-02 7.388454396277666092e-03 4.884050786495208740e-02 3.091750480234622955e-02 4.974706098437309265e-02 6.317923218011856079e-02 3.765459172427654266e-03 3.117472119629383087e-02 5.386778153479099274e-03 2.934893965721130371e-02 7.107353212632006034e-06 2.916618809103965759e-02 3.211412578821182251e-02 3.685456886887550354e-02 2.427364001050591469e-03 2.633689530193805695e-02 5.039696767926216125e-02 2.633151039481163025e-02 1.185748726129531860e-02 6.093474850058555603e-02 4.661815706640481949e-03 3.933487087488174438e-02 2.561952732503414154e-02 5.533200874924659729e-02 6.226455792784690857e-02 2.142381295561790466e-02 4.064793232828378677e-03 2.081043832004070282e-02 5.465417169034481049e-03 4.095499590039253235e-02 1.650527678430080414e-02 4.832448065280914307e-02 3.317407146096229553e-02 7.346420735120773315e-02 1.558162365108728409e-02 4.564483836293220520e-02 3.912422060966491699e-02 4.072084277868270874e-02 8.896328508853912354e-02 5.093193426728248596e-02 1.804040558636188507e-02 7.935567945241928101e-02 6.713034957647323608e-02 2.814624644815921783e-02 1.240614335983991623e-02 1.210756227374076843e-02 1.599715650081634521e-02 7.318957895040512085e-02 2.508446201682090759e-02 6.027810648083686829e-02 1.319224853068590164e-02 1.548585668206214905e-02 2.696080878376960754e-02 4.466060549020767212e-03 3.687974810600280762e-02 1.436884701251983643e-02 1.763690635561943054e-02 1.778930239379405975e-02 6.450616754591464996e-03 1.654429361224174500e-02 5.104221031069755554e-02 3.366048634052276611e-02 3.014444373548030853e-02 2.513076923787593842e-02 4.230605438351631165e-02 2.163368277251720428e-02 2.379124425351619720e-02 1.016013417392969131e-02 2.054380998015403748e-02 2.563555492088198662e-03 1.745316945016384125e-02 3.803403675556182861e-02 1.814961433410644531e-02 4.170760884881019592e-02 1.146160662174224854e-01
1.851635575294494629e-01 6.824109237641096115e-03 3.317850455641746521e-02 3.824471682310104370e-02 2.503604441881179810e-02 5.624567344784736633e-02 1.086630448698997498e-01 2.585575450211763382e-03 2.712912391871213913e-03 7.299149292521178722e-04 1.083005871623754501e-02 6.631982326507568359e-02 1.921672374010086060e-01 5.131127312779426575e-02 1.817532628774642944e-02 3.670775145292282104e-02 3.645373508334159851e-02 1.104468901758082211e-04 3.107372857630252838e-02 4.774701967835426331e-02 1.208509970456361771e-02 6.790754199028015137e-02 5.721620842814445496e-02 1.245806924998760223e-02 3.272448666393756866e-04 1.938230730593204498e-02 1.068785190582275391e-01 6.631366908550262451e-02 4.439881816506385803e-02 2.986007928848266602e-02 6.588545441627502441e-02 1.008106302469968796e-02 2.379624173045158386e-02 4.527438804507255554e-02 1.857989095151424408e-02 5.884645506739616394e-02 3.979858756065368652e-02 7.885710150003433228e-02 3.230590373277664185e-02 8.982035331428050995e-03 3.980134427547454834e-02 2.434387803077697754e-02 2.019795402884483337e-02 3.907277062535285950e-02 2.221850119531154633e-02 5.813061073422431946e-02 4.603726789355278015e-02 1.142094060778617859e-01 3.413458168506622314e-02 5.231129378080368042e-02 2.567004598677158356e-02 1.098291389644145966e-02 2.033532597124576569e-03 3.598088398575782776e-02 4.097392782568931580e-02 6.172547582536935806e-03 4.640341922640800476e-02 4.294703155755996704e-02 5.856919661164283752e-02 4.358228761702775955e-03 7.461509853601455688e-02 2.639240585267543793e-02 4.749425686895847321e-03 2.023781649768352509e-03 4.722493235021829605e-03 3.417177125811576843e-02 2.571560069918632507e-02 2.751088887453079224e-02 1.101182866841554642e-02 4.491614922881126404e-02 1.484160963445901871e-02 3.715392947196960449e-02 1.014361083507537842e-01 4.735326860100030899e-03 5.335171148180961609e-02 2.847117558121681213e-02 6.888666003942489624e-02 3.555158525705337524e-02 2.183162234723567963e-02 1.490243431180715561e-02 5.177439749240875244e-02 4.557335749268531799e-02 7.862433791160583496e-02 6.328968331217765808e-03 3.892354667186737061e-02 5.489570647478103638e-02 2.714313194155693054e-02 2.326281741261482239e-02 2.761483751237392426e-02 5.626149103045463562e-02 4.814018681645393372e-02 4.915871657431125641e-03 1.002159807831048965e-02 8.123900741338729858e-03 4.854645952582359314e-02 2.719960547983646393e-02 2.583568543195724487e-02 4.719984252005815506e-03 5.057077854871749878e-02 4.591326788067817688e-02 8.598200045526027679e-03 2.277381345629692078e-02 7.211577147245407104e-02 7.806304842233657837e-02 3.650028631091117859e-02 2.238406799733638763e-02 3.307228162884712219e-02 3.354947641491889954e-02 3.960922360420227051e-02 6.888998672366142273e-03 4.753849282860755920e-02 3.173073008656501770e-02 9.746924479259178042e-05 2.604445815086364746e-02 5.061434954404830933e-02 4.762092977762222290e-02
5.201416090130805969e-02 3.317850455641746521e-02 2.412291802465915680e-02 5.038534849882125854e-02 7.997042685747146606e-02 3.158805146813392639e-02 8.339710766449570656e-04 1.622295975685119629e-01 3.819577395915985107e-02 3.106824867427349091e-02 8.765928447246551514e-02 5.127596482634544373e-02 1.886647753417491913e-02 3.149109333753585815e-02 6.360297556966543198e-03 7.303656637668609619e-02 8.605842478573322296e-03 1.811381243169307709e-02 1.244801878929138184e-01 3.307664021849632263e-02 1.179405674338340759e-02 3.057309985160827637e-02 3.563738986849784851e-02 4.042095318436622620e-02 1.650287583470344543e-02 1.887660287320613861e-02 6.932335346937179565e-02 2.235376089811325073e-02 4.787522554397583008e-02 2.892255783081054688e-02 2.829287387430667877e-02 4.023066256195306778e-03 1.260756142437458038e-02 1.463471539318561554e-02 1.124917808920145035e-02 1.027957419864833355e-03 4.499157518148422241e-02 3.567266836762428284e-02 1.123259495943784714e-02 3.094163350760936737e-02 8.228000253438949585e-03 1.485994923859834671e-02 3.416763152927160263e-03 1.091257948428392410e-02 5.005609244108200073e-02 6.404085457324981689e-02 3.810520842671394348e-02 1.293656695634126663e-02 3.290425753220915794e-03 3.894179314374923706e-02 8.258944377303123474e-03 2.488700114190578461e-02 4.795214906334877014e-02 2.967578731477260590e-02 3.666944336146116257e-03 5.200208351016044617e-02 3.486851975321769714e-02 1.193414349108934402e-02 1.823920942842960358e-02 1.893398724496364594e-02 1.459693536162376404e-02 5.442447960376739502e-02 3.651165962219238281e-02 5.064979195594787598e-04 2.950486168265342712e-02 2.911593299359083176e-03 2.219727262854576111e-02 2.036510035395622253e-03 3.902764618396759033e-02 5.120479315519332886e-02 1.722267083823680878e-02 3.482129797339439392e-02 5.442624166607856750e-02 6.849640049040317535e-03 1.538690272718667984e-02 1.655957289040088654e-02 1.016661804169416428e-02 4.951956868171691895e-02 3.820524364709854126e-02 2.571851015090942383e-02 1.536199152469635010e-01 1.548349205404520035e-02 3.654160350561141968e-02 3.965731710195541382e-02 4.758948832750320435e-02 1.253444934263825417e-03 5.684122070670127869e-02 1.863309927284717560e-02 1.974732428789138794e-02 5.414837971329689026e-02 2.189678838476538658e-03 3.678436949849128723e-02 5.380943045020103455e-02 2.026937343180179596e-02 6.134850159287452698e-02 8.831259608268737793e-02 4.355136677622795105e-02 3.839929401874542236e-02 1.233213488012552261e-02 4.145596176385879517e-02 4.803478345274925232e-02 1.242396328598260880e-02 5.121494457125663757e-02 9.003031067550182343e-03 7.895145565271377563e-03 5.511999875307083130e-02 4.452920053154230118e-03 8.527214638888835907e-03 3.451751917600631714e-02 2.900400571525096893e-02 5.872463341802358627e-03 2.354689314961433411e-02 8.253216743469238281e-03 6.329503841698169708e-03 9.078216738998889923e-03 2.646782435476779938e-02
8.538605645298957825e-03 3.824471682310104370e-02 5.038534849882125854e-02 9.421653300523757935e-02 1.416914314031600952e-01 2.828791551291942596e-02 4.976532608270645142e-02 6.849810946732759476e-03 4.834672063589096069e-02 8.186823874711990356e-02 1.571314595639705658e-02 7.028154563158750534e-03 3.002514876425266266e-02 1.166752912104129791e-02 1.551764830946922302e-02 3.027389757335186005e-02 7.270311564207077026e-02 5.062408279627561569e-03 5.758958682417869568e-02 8.981048013083636761e-04 3.056318126618862152e-02 5.006427690386772156e-02 7.123779039829969406e-03 5.419817566871643066e-02 3.020496480166912079e-02 2.669962309300899506e-02 3.395992144942283630e-02 1.752948015928268433e-02 7.492423988878726959e-03 3.914185240864753723e-02 1.294058468192815781e-02 1.083101425319910049e-02 1.396143808960914612e-02 5.381619557738304138e-02 3.262669220566749573e-02 4.279197659343481064e-03 4.203310236334800720e-03 8.707423694431781769e-03 1.370885223150253296e-01 5.736618489027023315e-02 6.012800708413124084e-02 2.898924611508846283e-02 3.102327138185501099e-02 1.426147646270692348e-03 1.743408851325511932e-02 3.007167950272560120e-02 3.614863380789756775e-02 4.627039656043052673e-03 3.002659417688846588e-02 6.627184152603149414e-02 3.359331190586090088e-02 1.265908125787973404e-02 4.816119000315666199e-02 2.400861494243144989e-02 2.088065259158611298e-02 8.408851921558380127e-02 1.357077062129974365e-02 4.094383865594863892e-02 3.604173660278320312e-02 2.298253774642944336e-02 9.022937156260013580e-03 6.069435924291610718e-02 5.014397203922271729e-03 4.745470359921455383e-02 2.009002305567264557e-02 2.192393131554126740e-02 1.609489880502223969e-02 1.303816400468349457e-02 4.002911224961280823e-02 2.885891310870647430e-02 7.459099590778350830e-02 1.410048454999923706e-02 3.211944103240966797e-01 2.884550020098686218e-02 2.515186071395874023e-01 2.433100901544094086e-02 7.760734111070632935e-02 7.548342645168304443e-02 1.798719726502895355e-02 1.052549555897712708e-01 2.784390002489089966e-02 5.063211545348167419e-02 2.045115381479263306e-01 7.821800559759140015e-02 9.427812881767749786e-03 4.945559799671173096e-02 2.796492166817188263e-02 1.080773677676916122e-02 3.569124266505241394e-02 2.730977348983287811e-02 3.542216867208480835e-02 5.422028247267007828e-03 3.446248546242713928e-02 4.757206887006759644e-02 5.608049407601356506e-02 4.702025279402732849e-02 3.378248075023293495e-04 4.176133126020431519e-02 3.931161016225814819e-02 1.401605457067489624e-02 1.142938341945409775e-02 1.148706208914518356e-02 4.591322690248489380e-02 2.031366154551506042e-02 1.460746861994266510e-02 4.944210126996040344e-02 4.259509965777397156e-02 6.489058583974838257e-02 3.729589283466339111e-02 2.229328826069831848e-02 2.098547481000423431e-02 2.241987567686010152e-05 1.668203622102737427e-02 5.466465372592210770e-03 3.766552777960896492e-03 2.671753428876399994e-02
9.644751250743865967e-02 2.503604441881179810e-02 7.997042685747146606e-02 1.416914314031600952e-01 5.381534993648529053e-02 5.027455626986920834e-04 8.405525237321853638e-03 4.304592311382293701e-02 3.571745753288269043e-02 5.679560080170631409e-02 8.061619009822607040e-04 1.082562725059688091e-03 3.629879280924797058e-02 1.917482912540435791e-02 4.816880915313959122e-03 6.311799865216016769e-03 3.518007928505539894e-03 8.377596735954284668e-02 9.028560668230056763e-02 8.875870145857334137e-03 2.628854848444461823e-02 6.372328847646713257e-02 9.872362017631530762e-03 4.619212448596954346e-02 3.427993133664131165e-02 5.200440809130668640e-02 8.373075723648071289e-02 1.820764131844043732e-02 1.079776417464017868e-02 3.799398988485336304e-02 4.339363053441047668e-02 1.527626416645944118e-03 3.689123690128326416e-02 2.443271689116954803e-02 2.661189250648021698e-02 4.961442574858665466e-02 1.678034663200378418e-02 5.658570677042007446e-02 3.179433569312095642e-02 2.915952820330858231e-03 5.019943788647651672e-02 3.208927437663078308e-02 4.703170806169509888e-02 1.965807750821113586e-02 5.753818526864051819e-02 9.239592403173446655e-02 3.945279121398925781e-02 1.227187924087047577e-02 6.919132918119430542e-02 2.933269366621971130e-02 4.164574667811393738e-02 3.924825415015220642e-02 5.368500947952270508e-02 3.276932693552225828e-04 1.264055818319320679e-01 7.011567801237106323e-02 1.647328585386276245e-02 1.259621605277061462e-02 1.486317999660968781e-02 1.415987219661474228e-02 1.144186630845069885e-01 6.229742616415023804e-02 4.159892443567514420e-03 1.567104831337928772e-02 2.644080296158790588e-02 1.323451194912195206e-02 6.947522051632404327e-03 1.225261855870485306e-02 2.786911278963088989e-02 4.005849361419677734e-02 7.745330780744552612e-02 4.193611443042755127e-02 4.526996240019798279e-02 3.952743485569953918e-02 2.519937455654144287e-01 2.769832313060760498e-02 1.084275469183921814e-01 1.487853005528450012e-02 1.022934913635253906e-01 5.024491995573043823e-02 1.143905101343989372e-03 5.009229760617017746e-03 1.983865648508071899e-01 1.411006748676300049e-01 4.394729062914848328e-02 8.797844871878623962e-03 4.941600561141967773e-02 3.528202325105667114e-02 2.361604943871498108e-02 3.362224623560905457e-02 4.604406282305717468e-02 5.051019042730331421e-02 4.261007905006408691e-02 1.208915747702121735e-02 3.761965781450271606e-03 2.739464864134788513e-02 5.487257731147110462e-04 3.242439776659011841e-02 1.086198911070823669e-02 3.304310515522956848e-02 1.024761609733104706e-02 4.433431662619113922e-03 1.029645651578903198e-02 1.370079535990953445e-02 3.646707162261009216e-02 7.674373686313629150e-02 1.725615561008453369e-02 8.414277806878089905e-03 1.399759110063314438e-02 2.964277006685733795e-02 5.112137272953987122e-02 1.851843670010566711e-02 2.599002979695796967e-02 1.654179580509662628e-02 4.690353572368621826e-02 4.427595064043998718e-02
6.365897506475448608e-02 5.624567344784736633e-02 3.158805146813392639e-02 2.828791551291942596e-02 5.027455626986920834e-04 2.369928732514381409e-02 2.673680186271667480e-01 2.669631317257881165e-02 1.383377052843570709e-02 3.681783750653266907e-02 1.995431259274482727e-02 9.550797753036022186e-03 3.540677949786186218e-02 3.731768811121582985e-03 1.676838099956512451e-02 3.554690629243850708e-02 3.401173278689384460e-02 2.821292914450168610e-02 1.459913887083530426e-02 1.744862273335456848e-02 2.646067296154797077e-04 3.253556415438652039e-02 5.093315988779067993e-02 8.963119983673095703e-02 2.279539406299591064e-02 8.605450857430696487e-04 2.647038176655769348e-02 7.198212295770645142e-02 3.479421883821487427e-02 3.631590679287910461e-02 4.494580440223217010e-03 2.203084342181682587e-02 2.558116801083087921e-03 3.442338109016418457e-02 5.415062978863716125e-02 5.875134374946355820e-03 2.841957099735736847e-02 7.038883864879608154e-02 2.762395190075039864e-03 5.653534084558486938e-02 6.500171869993209839e-02 1.824930123984813690e-02 7.845082134008407593e-02 5.117923393845558167e-02 5.373618099838495255e-03 8.061731234192848206e-03 2.660185992717742920e-01 1.534865144640207291e-02 2.768481895327568054e-02 2.949586696922779083e-02 2.749599888920783997e-02 2.446688525378704071e-02 3.599036857485771179e-02 6.926396396011114120e-03 1.307627465575933456e-02 2.732376568019390106e-02 1.225918438285589218e-02 9.673919528722763062e-03 8.967768400907516479e-02 3.705846890807151794e-02 6.764457561075687408e-03 1.163618639111518860e-02 5.755873024463653564e-02 6.301077455282211304e-02 2.628481760621070862e-02 8.612294495105743408e-02 1.951032783836126328e-03 7.326632738113403320e-03 6.871153414249420166e-02 2.812293730676174164e-02 2.707156818360090256e-03 1.031481008976697922e-02 3.354236483573913574e-02 2.527638105675578117e-03 7.347015198320150375e-03 2.494437992572784424e-02 4.842245578765869141e-02 3.006433602422475815e-03 2.866016700863838196e-02 1.861142553389072418e-02 5.723739415407180786e-02 4.085341095924377441e-02 1.841938681900501251e-02 4.207433015108108521e-02 1.462228875607252121e-02 6.861238740384578705e-03 8.397441357374191284e-03 3.427878022193908691e-03 1.713271776679903269e-04 1.839710213243961334e-02 3.687844797968864441e-02 4.097809270024299622e-02 9.006186574697494507e-02 5.959882866591215134e-03 2.245026454329490662e-02 7.623659446835517883e-03 2.125817351043224335e-02 5.517350509762763977e-03 3.132628649473190308e-02 2.483189851045608521e-02 3.239762783050537109e-02 4.642214626073837280e-02 2.155297994613647461e-02 2.940180338919162750e-02 1.376143936067819595e-02 2.240016497671604156e-02 4.538505896925926208e-02 6.499398499727249146e-03 6.003922596573829651e-02 7.225996814668178558e-03 9.219884872436523438e-03 2.852672338485717773e-02 3.811283037066459656e-02 3.877421468496322632e-02 4.840342327952384949e-02 3.732123970985412598e-02
6.642174720764160156e-02 1.086630448698997498e-01 8.339710766449570656e-04 4.976532608270645142e-02 8.405525237321853638e-03 2.673680186271667480e-01 5.681455880403518677e-02 2.891706675291061401e-02 3.420122340321540833e-02 3.547229245305061340e-02 2.591871283948421478e-02 4.235953465104103088e-02 3.020506538450717926e-02 5.129785090684890747e-02 1.549328770488500595e-02 2.625408023595809937e-02 2.316254749894142151e-02 2.353611961007118225e-02 4.397153970785439014e-04 3.551990166306495667e-02 3.472685813903808594e-02 2.481661364436149597e-02 6.996979564428329468e-02 7.038737833499908447e-02 1.986799202859401703e-02 3.684995323419570923e-02 1.516966335475444794e-02 5.052354931831359863e-02 2.161293290555477142e-02 9.750915318727493286e-02 1.094445586204528809e-03 4.340761899948120117e-02 7.757996208965778351e-03 5.402465164661407471e-02 1.571915484964847565e-02 2.262937463819980621e-02 1.236444246023893356e-02 1.519336923956871033e-02 3.397609293460845947e-02 5.046419799327850342e-02 8.642673492431640625e-02 9.366983547806739807e-03 2.803858742117881775e-02 6.853753328323364258e-02 5.017881840467453003e-02 7.324545178562402725e-03 1.700890809297561646e-01 2.274724394083023071e-01 1.171633694320917130e-02 3.499349579215049744e-02 3.206916153430938721e-02 1.098080165684223175e-02 2.588330209255218506e-02 1.225925236940383911e-02 1.004090346395969391e-02 6.233250256627798080e-03 3.243206068873405457e-02 4.522528126835823059e-02 9.324867278337478638e-03 6.084021180868148804e-02 1.453958917409181595e-02 1.885660737752914429e-02 4.184199124574661255e-02 2.431001700460910797e-02 2.338861860334873199e-02 1.468499470502138138e-02 2.631884254515171051e-02 1.491962373256683350e-02 3.398070484399795532e-02 2.526714839041233063e-02 4.464305564761161804e-02 2.249204367399215698e-02 1.083497479557991028e-01 6.136317551136016846e-02 2.216296456754207611e-02 1.076090265996754169e-03 7.427964359521865845e-02 3.815428167581558228e-02 1.374760828912258148e-02 2.581861242651939392e-02 8.635938167572021484e-02 4.324671812355518341e-03 2.645537257194519043e-02 7.583865523338317871e-02 3.819216042757034302e-02 4.785095900297164917e-02 4.444365948438644409e-02 1.876638084650039673e-02 3.226444497704505920e-02 3.015579655766487122e-02 6.627491116523742676e-02 1.426147110760211945e-02 3.614600375294685364e-02 4.009706154465675354e-02 1.199560891836881638e-02 4.277505911886692047e-03 2.804143540561199188e-02 1.666890829801559448e-02 3.033391013741493225e-02 4.871493205428123474e-02 1.840052008628845215e-02 5.823657847940921783e-03 4.562450200319290161e-02 7.692299038171768188e-02 2.952159382402896881e-02 1.679131574928760529e-02 1.316330395638942719e-02 3.100856207311153412e-02 2.465806901454925537e-02 4.659977741539478302e-03 6.046410650014877319e-02 9.820730239152908325e-02 1.796885952353477478e-02 4.288010299205780029e-03 2.372473850846290588e-02 4.281454905867576599e-02
1.864496804773807526e-02 2.585575450211763382e-03 1.622295975685119629e-01 6.849810946732759476e-03 4.304592311382293701e-02 2.669631317257881165e-02 2.891706675291061401e-02 2.152984589338302612e-02 1.296709664165973663e-02 2.341971360146999359e-02 1.371561922132968903e-02 1.908106356859207153e-02 1.082789748907089233e-01 3.184349834918975830e-02 1.046504080295562744e-01 6.508886069059371948e-02 3.021356463432312012e-02 3.203694149851799011e-02 2.209805883467197418e-02 1.086540706455707550e-02 4.174168407917022705e-02 3.594537451863288879e-02 2.402143087238073349e-03 1.131901517510414124e-02 4.309935867786407471e-02 7.039865013211965561e-04 3.964281827211380005e-02 2.802901342511177063e-02 2.386016771197319031e-02 8.128309622406959534e-03 2.237243205308914185e-02 1.330517884343862534e-02 2.698049694299697876e-02 6.314916163682937622e-02 1.147392764687538147e-02 9.443159215152263641e-03 5.681015551090240479e-02 2.978538349270820618e-02 1.473395712673664093e-02 2.291610278189182281e-02 4.898918792605400085e-02 5.646788328886032104e-02 4.381516948342323303e-02 1.168842427432537079e-02 2.066148445010185242e-04 6.724195927381515503e-02 2.438360452651977539e-02 3.248516097664833069e-02 1.363826077431440353e-02 1.558006834238767624e-02 4.303150251507759094e-02 8.235000818967819214e-02 5.258279666304588318e-02 1.275105029344558716e-02 2.097291313111782074e-02 4.759031813591718674e-03 2.236722409725189209e-02 2.165387384593486786e-02 2.727516228333115578e-03 4.647393152117729187e-02 2.130849286913871765e-02 3.131101652979850769e-02 6.712081283330917358e-02 3.894586861133575439e-02 2.213940210640430450e-02 3.752273321151733398e-02 3.049205988645553589e-02 5.183064192533493042e-02 2.301509492099285126e-02 2.172223292291164398e-03 2.046779915690422058e-02 2.391282655298709869e-02 4.539152234792709351e-02 3.856311738491058350e-02 1.661910489201545715e-02 4.576678201556205750e-02 4.469040036201477051e-02 1.563185267150402069e-02 2.574189752340316772e-02 3.592943027615547180e-02 1.564300209283828735e-01 1.559992432594299316e-01 5.358871445059776306e-02 1.644750707782804966e-03 1.530839875340461731e-02 2.516721189022064209e-02 1.059168875217437744e-01 1.051535978913307190e-01 3.628866374492645264e-02 4.452163726091384888e-02 4.252185299992561340e-02 3.692926093935966492e-02 2.025106176733970642e-02 3.708480624482035637e-03 2.743940427899360657e-02 6.577210128307342529e-02 1.367986574769020081e-02 5.446504428982734680e-02 7.236045785248279572e-03 2.848796546459197998e-02 1.158015243709087372e-02 5.892086774110794067e-03 1.368534006178379059e-02 1.726871356368064880e-02 1.998103223741054535e-02 2.789062913507223129e-03 2.621453255414962769e-02 6.498830392956733704e-03 4.995243507437407970e-04 2.320625819265842438e-02 7.113982457667589188e-03 2.647911384701728821e-02 8.534912019968032837e-03 1.858140900731086731e-02 9.984956681728363037e-02 3.849897906184196472e-02
2.350484952330589294e-02 2.712912391871213913e-03 3.819577395915985107e-02 4.834672063589096069e-02 3.571745753288269043e-02 1.383377052843570709e-02 3.420122340321540833e-02 1.296709664165973663e-02 2.912354283034801483e-02 6.053663790225982666e-02 2.255522832274436951e-02 5.668682977557182312e-02 7.380753755569458008e-02 1.243064831942319870e-02 6.678867340087890625e-02 2.821265161037445068e-02 6.199963018298149109e-02 1.176988482475280762e-01 5.271953716874122620e-02 1.533100754022598267e-02 1.256970129907131195e-02 2.932620234787464142e-03 5.680558830499649048e-02 1.208408270031213760e-02 6.400770042091608047e-03 7.661347277462482452e-03 3.375680372118949890e-02 3.723177313804626465e-02 2.042895741760730743e-02 7.468642294406890869e-02 1.334302825853228569e-03 8.870719000697135925e-03 5.375975742936134338e-02 4.084808751940727234e-02 3.307615220546722412e-02 8.412803709506988525e-02 1.102812681347131729e-02 4.237823188304901123e-02 2.012129127979278564e-02 8.858454413712024689e-03 2.028189972043037415e-02 7.094261795282363892e-02 1.870577596127986908e-02 5.047187954187393188e-02 2.150695212185382843e-02 3.907464072108268738e-02 1.368816662579774857e-02 8.797831833362579346e-02 6.308700144290924072e-02 2.512113377451896667e-02 2.666752785444259644e-02 5.186718329787254333e-02 1.933518983423709869e-02 1.390881985425949097e-01 7.283823192119598389e-02 7.822310179471969604e-02 5.184101685881614685e-02 1.963921077549457550e-02 1.922022923827171326e-02 5.472318828105926514e-02 3.746327385306358337e-02 9.904675185680389404e-03 2.690950222313404083e-02 1.044046506285667419e-02 4.475441202521324158e-02 4.408529400825500488e-02 9.966495446860790253e-03 3.623775672167539597e-03 1.108862459659576416e-01 6.134413182735443115e-02 3.684667125344276428e-02 6.006632745265960693e-02 8.984901010990142822e-03 1.352734770625829697e-02 6.083366926759481430e-03 1.024850010871887207e-01 1.644791513681411743e-01 4.807355627417564392e-02 4.204442724585533142e-02 8.646291680634021759e-03 3.376233205199241638e-02 1.351345982402563095e-02 4.808203503489494324e-02 6.041829288005828857e-02 9.983658790588378906e-02 1.063185408711433411e-01 2.331182360649108887e-02 1.307299127802252769e-03 3.627489134669303894e-02 7.201838307082653046e-03 2.166497707366943359e-02 5.090625584125518799e-02 2.230268873972818255e-04 2.282431349158287048e-02 7.615945301949977875e-03 1.022021844983100891e-02 6.680521368980407715e-02 4.594504833221435547e-02 2.319940552115440369e-02 4.185539204627275467e-03 2.732451073825359344e-02 1.229272875934839249e-02 6.571447104215621948e-02 2.310170605778694153e-02 2.383379451930522919e-02 4.560093861073255539e-03 2.392598614096641541e-02 3.562687709927558899e-02 3.613424673676490784e-02 1.708841510117053986e-02 7.302023470401763916e-02 1.064556762576103210e-01 2.273094281554222107e-02 2.207520790398120880e-02 6.068789400160312653e-03 2.424292825162410736e-02
5.181073397397994995e-02 7.299149292521178722e-04 3.106824867427349091e-02 8.186823874711990356e-02 5.679560080170631409e-02 3.681783750653266907e-02 3.547229245305061340e-02 2.341971360146999359e-02 6.053663790225982666e-02 8.171199262142181396e-02 2.005354687571525574e-02 5.407103896141052246e-02 9.752984042279422283e-04 2.740161679685115814e-02 7.132018916308879852e-03 5.150420218706130981e-02 1.097566336393356323e-01 8.690141141414642334e-02 1.231135725975036621e-01 1.598803908564150333e-03 3.212701901793479919e-02 5.428614094853401184e-03 1.794700510799884796e-02 9.065322577953338623e-02 1.856561983004212379e-03 2.817649953067302704e-02 3.257211670279502869e-02 8.592868596315383911e-02 4.264717176556587219e-02 6.231044884771108627e-03 2.670753747224807739e-02 1.207296457141637802e-02 2.295746933668851852e-03 2.262196503579616547e-02 7.189216557890176773e-03 1.983328489586710930e-03 3.326109796762466431e-02 3.617154434323310852e-02 5.094846710562705994e-02 2.640896476805210114e-02 2.823761105537414551e-02 1.082763914018869400e-02 2.488990873098373413e-02 3.761504217982292175e-02 2.391704171895980835e-02 2.857138030230998993e-02 8.469458669424057007e-02 4.148278385400772095e-02 5.016805976629257202e-02 6.047807261347770691e-02 9.549838304519653320e-02 1.300458330661058426e-02 1.189691759645938873e-02 2.446045167744159698e-02 5.436219740658998489e-03 9.257006645202636719e-02 5.081077292561531067e-02 1.076155528426170349e-02 2.904027514159679413e-02 1.498197484761476517e-02 7.546790689229965210e-02 4.777862876653671265e-02 2.810424007475376129e-02 7.402146235108375549e-03 5.744923651218414307e-02 6.690896116197109222e-03 1.276673842221498489e-02 1.777729950845241547e-02 6.192110478878021240e-02 5.242780968546867371e-02 9.734504669904708862e-02 2.032588794827461243e-02 3.240238875150680542e-02 4.021039605140686035e-02 5.432518571615219116e-02 1.297286152839660645e-02 5.959431082010269165e-02 1.148886457085609436e-01 3.822344914078712463e-02 9.336907416582107544e-02 4.577066004276275635e-02 1.725410297513008118e-02 6.641168147325515747e-02 1.252904832363128662e-01 1.408857107162475586e-02 7.616560161113739014e-02 6.124343723058700562e-02 1.487931422889232635e-02 9.730306454002857208e-03 7.885548472404479980e-02 2.589434571564197540e-02 3.358397260308265686e-02 3.088066726922988892e-02 4.625231772661209106e-02 4.607075825333595276e-02 1.042673066258430481e-01 4.149784892797470093e-02 4.999806173145771027e-03 5.744372610934078693e-04 1.719466969370841980e-02 3.139733895659446716e-02 1.606519706547260284e-02 1.484738383442163467e-02 4.200645163655281067e-02 9.795802645385265350e-03 1.885029859840869904e-02 8.772323839366436005e-03 4.334780201315879822e-02 1.275991555303335190e-02 2.186170406639575958e-02 1.350142341107130051e-02 1.996079087257385254e-02 2.006181981414556503e-03 1.839265041053295135e-02 6.835080217570066452e-03 3.595742583274841309e-02
6.735680252313613892e-02 1.083005871623754501e-02 8.765928447246551514e-02 1.571314595639705658e-02 8.061619009822607040e-04 1.995431259274482727e-02 2.591871283948421478e-02 1.371561922132968903e-02 2.255522832274436951e-02 2.005354687571525574e-02 8.536551147699356079e-03 4.226992279291152954e-02 5.505312979221343994e-02 7.173156738281250000e-02 2.404505759477615356e-02 3.785307332873344421e-02 1.838283985853195190e-02 1.984261535108089447e-02 3.423837572336196899e-02 2.208080887794494629e-02 4.448612034320831299e-02 3.369342163205146790e-02 3.443440422415733337e-02 5.868063773959875107e-03 8.719294331967830658e-03 2.738092653453350067e-02 8.174810558557510376e-03 1.220863312482833862e-02 1.202733889222145081e-01 1.149914264678955078e-01 6.171373650431632996e-02 4.426325671374797821e-03 6.846100836992263794e-02 2.340628020465373993e-02 1.312623452395200729e-02 2.113550901412963867e-02 5.825713649392127991e-02 3.086202964186668396e-02 1.222465373575687408e-02 7.784419227391481400e-03 4.978863894939422607e-02 1.403192430734634399e-02 6.316182762384414673e-02 3.665554895997047424e-02 6.024289131164550781e-02 8.493892382830381393e-04 2.519891597330570221e-02 6.051445752382278442e-02 2.019164152443408966e-02 4.073148965835571289e-02 6.829633563756942749e-02 4.275325685739517212e-02 7.126603275537490845e-02 3.877996653318405151e-02 2.022007480263710022e-02 2.706208266317844391e-02 6.007247138768434525e-03 5.861058365553617477e-03 2.505594119429588318e-02 6.380480527877807617e-02 4.319382458925247192e-02 3.527012839913368225e-02 3.794420138001441956e-02 1.125104911625385284e-02 1.054062992334365845e-01 4.627873003482818604e-02 8.436745963990688324e-03 2.151835896074771881e-02 1.824852637946605682e-02 6.115390360355377197e-02 2.421610988676548004e-02 1.031781453639268875e-02 3.569992259144783020e-02 3.901844844222068787e-02 1.088664587587118149e-02 3.213023021817207336e-02 1.672876067459583282e-02 3.396158292889595032e-02 3.914489969611167908e-02 1.642662845551967621e-02 5.743719264864921570e-02 2.565679885447025299e-02 3.575541777536273003e-03 3.703897073864936829e-02 4.568153619766235352e-02 1.466438826173543930e-02 6.237475201487541199e-02 5.568499118089675903e-02 2.123203687369823456e-02 1.088196877390146255e-02 6.170927360653877258e-02 7.769867032766342163e-02 7.428656518459320068e-02 6.498191040009260178e-03 2.217211201786994934e-02 7.197131216526031494e-02 6.324764341115951538e-03 3.895370662212371826e-02 4.115901142358779907e-02 1.639764197170734406e-02 4.255341738462448120e-02 4.184077307581901550e-02 3.085202304646372795e-03 4.601317644119262695e-02 4.056636989116668701e-02 1.280125044286251068e-02 3.850347176194190979e-02 5.492457654327154160e-03 3.469600155949592590e-02 3.650719067081809044e-03 6.395197007805109024e-03 4.022549837827682495e-02 1.882395334541797638e-02 1.182919647544622421e-02 4.933698847889900208e-02 5.025191977620124817e-02
1.136622652411460876e-01 6.631982326507568359e-02 5.127596482634544373e-02 7.028154563158750534e-03 1.082562725059688091e-03 9.550797753036022186e-03 4.235953465104103088e-02 1.908106356859207153e-02 5.668682977557182312e-02 5.407103896141052246e-02 4.226992279291152954e-02 9.708818793296813965e-02 2.544740401208400726e-02 1.950632035732269287e-01 3.788004070520401001e-02 1.042578369379043579e-03 1.775146089494228363e-02 3.065366484224796295e-02 1.055384948849678040e-01 9.874461218714714050e-03 3.590226918458938599e-02 1.443164423108100891e-02 8.688066899776458740e-02 4.297743737697601318e-02 8.111765608191490173e-03 1.192832086235284805e-02 3.031459636986255646e-02 2.131755799055099487e-01 5.885088816285133362e-02 1.518888622522354126e-01 6.673421710729598999e-02 6.765415892004966736e-03 2.892991900444030762e-02 3.952629864215850830e-02 6.969735492020845413e-03 8.427046984434127808e-02 7.223338633775711060e-02 3.394071385264396667e-02 6.514636799693107605e-03 2.775925397872924805e-02 4.415613040328025818e-02 5.268408451229333878e-03 9.460578672587871552e-03 2.101800404489040375e-02 6.433175504207611084e-02 1.966345496475696564e-02 7.617171108722686768e-02 1.722905412316322327e-02 2.583997324109077454e-02 1.699572987854480743e-02 1.180081069469451904e-02 6.601705681532621384e-03 1.250183116644620895e-02 3.001637570559978485e-02 7.383161690086126328e-03 2.313538827002048492e-02 3.081001527607440948e-02 3.148463740944862366e-02 1.868692459538578987e-03 5.563081055879592896e-02 5.192106217145919800e-02 5.928694829344749451e-02 2.934621460735797882e-02 1.739096641540527344e-02 2.588270418345928192e-02 6.255017220973968506e-02 9.944249875843524933e-03 5.697853397578001022e-03 2.647617459297180176e-02 7.193572074174880981e-02 6.802652031183242798e-02 6.933087855577468872e-02 5.328163132071495056e-02 5.508444830775260925e-02 8.717487566173076630e-03 2.200932614505290985e-02 7.664430886507034302e-02 1.780104008503258228e-03 4.382600635290145874e-02 1.191816572099924088e-02 7.127759046852588654e-03 8.226353384088724852e-05 3.290597349405288696e-02 6.018816959112882614e-03 4.198499396443367004e-02 2.315747551620006561e-02 2.246446162462234497e-02 1.823296956717967987e-02 1.085217073559761047e-01 7.949326187372207642e-02 4.439183324575424194e-02 2.659805864095687866e-02 6.912361830472946167e-02 5.173989012837409973e-02 1.524220500141382217e-02 3.354495391249656677e-02 3.741761203855276108e-03 6.826098263263702393e-02 4.329594597220420837e-02 2.723849564790725708e-02 2.098678797483444214e-02 3.018648363649845123e-02 2.664334140717983246e-02 4.769996553659439087e-02 7.153652608394622803e-03 5.423535779118537903e-02 1.547154597938060760e-02 5.571333691477775574e-03 4.178247880190610886e-03 2.449598535895347595e-02 5.602457560598850250e-03 1.206185370683670044e-01 6.452912348322570324e-04 2.042113337665796280e-03 9.542622417211532593e-02 3.938597068190574646e-02
2.464498952031135559e-02 1.921672374010086060e-01 1.886647753417491913e-02 3.002514876425266266e-02 3.629879280924797058e-02 3.540677949786186218e-02 3.020506538450717926e-02 1.082789748907089233e-01 7.380753755569458008e-02 9.752984042279422283e-04 5.505312979221343994e-02 2.544740401208400726e-02 1.001488510519266129e-02 2.720364555716514587e-02 3.086088225245475769e-02 1.498726941645145416e-02 2.804498560726642609e-02 4.480868205428123474e-02 3.298019617795944214e-02 5.398240312933921814e-02 2.538015320897102356e-02 3.023141250014305115e-02 7.046444714069366455e-02 6.731855869293212891e-02 4.773238673806190491e-02 3.578167036175727844e-02 1.026025637984275818e-01 4.097480326890945435e-02 1.402191352099180222e-03 2.548014745116233826e-02 1.000913456082344055e-01 4.424564540386199951e-02 2.250203490257263184e-02 3.251373395323753357e-02 2.741707488894462585e-03 3.000471740961074829e-02 6.546141207218170166e-02 1.198524609208106995e-01 2.437765523791313171e-02 1.251414567232131958e-01 3.588390722870826721e-02 5.136261507868766785e-02 1.432948093861341476e-02 5.437675863504409790e-03 1.921027898788452148e-02 3.108272142708301544e-02 1.376480013132095337e-01 6.434217095375061035e-02 1.363847870379686356e-02 3.814610186964273453e-03 2.435404807329177856e-02 9.107748977839946747e-03 3.646357357501983643e-02 1.447033323347568512e-02 6.471918895840644836e-03 5.021939799189567566e-02 3.249019384384155273e-02 5.679722502827644348e-02 5.384423956274986267e-02 2.454674243927001953e-02 1.210787240415811539e-02 2.818839997053146362e-02 2.051721885800361633e-02 4.717393219470977783e-02 1.543353777378797531e-03 1.980897784233093262e-01 5.671647191047668457e-02 2.680945396423339844e-02 5.783109460026025772e-03 6.106426566839218140e-02 4.684757441282272339e-02 5.577140022069215775e-03 1.266180165112018585e-02 1.473598182201385498e-02 1.357056386768817902e-02 8.464527316391468048e-03 2.766169421374797821e-02 1.283485908061265945e-02 9.537353180348873138e-03 3.842901065945625305e-02 3.940832242369651794e-02 3.803145140409469604e-03 1.791617833077907562e-02 1.542597729712724686e-02 4.659700766205787659e-02 3.315910696983337402e-02 3.368314355611801147e-02 4.999543726444244385e-02 5.739973112940788269e-02 2.593367360532283783e-02 3.858220577239990234e-02 5.905095860362052917e-02 6.698963046073913574e-02 1.010188758373260498e-01 1.979872770607471466e-02 6.868568249046802521e-03 5.011192336678504944e-02 6.943436805158853531e-03 1.790188439190387726e-02 8.754130452871322632e-03 4.600424319505691528e-03 2.095391415059566498e-02 1.186043024063110352e-02 5.734781920909881592e-02 8.590476587414741516e-03 3.395672142505645752e-02 4.127873480319976807e-02 5.490517616271972656e-02 6.366539280861616135e-03 1.447601336985826492e-02 5.692923814058303833e-02 7.512748986482620239e-02 3.143880749121308327e-03 3.399013727903366089e-02 1.780195832252502441e-01 3.228938579559326172e-02
