2.341836690902709961e-02 1.947319954633712769e-01 5.369247868657112122e-02 6.489782780408859253e-02 2.367095323279500008e-03 1.526342928409576416e-01 2.561340481042861938e-02 4.437959194183349609e-02 1.488238852471113205e-02 1.555254217237234116e-02 1.306632459163665771e-01 1.124447095207870007e-03 6.855861097574234009e-02 5.324263125658035278e-02 4.516266286373138428e-03 1.366429612971842289e-03 2.169401943683624268e-02 1.774252764880657196e-02 2.051292173564434052e-02 2.082384936511516571e-02 4.045567288994789124e-02 3.156562522053718567e-02 3.743569180369377136e-02 9.845766238868236542e-03 4.468578472733497620e-02 3.818618506193161011e-02 1.094711273908615112e-01 2.976894145831465721e-03 8.955495059490203857e-02 1.417766325175762177e-02 2.263454021885991096e-03 2.156089805066585541e-02 6.591155193746089935e-03 1.476868335157632828e-02 2.723865769803524017e-02 3.145555406808853149e-02 5.499132908880710602e-03 6.271188706159591675e-02 3.738992288708686829e-02 1.931398361921310425e-02 1.014467105269432068e-01 3.190599009394645691e-02 7.133425027132034302e-02 4.970084875822067261e-02 3.653416410088539124e-02 4.886579141020774841e-02 9.447957575321197510e-02 9.164963848888874054e-03 9.613371803425252438e-04 3.577479347586631775e-02 6.641121953725814819e-02 2.741517499089241028e-02 2.171874977648258209e-02 3.163219243288040161e-02 5.191261321306228638e-02 6.248272582888603210e-02 1.240520626306533813e-01 6.071641575545072556e-03 9.080104529857635498e-02 3.978205379098653793e-03 6.752034276723861694e-02 3.025814704596996307e-02 5.268392711877822876e-02 5.389932543039321899e-02 5.200985074043273926e-02 3.517366945743560791e-02 8.260758593678474426e-03 8.720126934349536896e-03 3.331831656396389008e-03 1.202790066599845886e-01 4.005105420947074890e-02 4.796714987605810165e-03 4.956275969743728638e-02 1.048760488629341125e-01 5.083601176738739014e-02 7.249229401350021362e-02 3.457972779870033264e-02 3.137161210179328918e-02 2.045795507729053497e-02 5.588415265083312988e-02 5.498804897069931030e-02 4.278985410928726196e-02 5.916944239288568497e-03 3.506883233785629272e-02 5.050330609083175659e-02 3.450007364153862000e-02 2.192998491227626801e-02 2.864096313714981079e-02 2.115986309945583344e-02 3.085198439657688141e-02 7.030561566352844238e-02 1.077457070350646973e-01 7.008475810289382935e-02 8.076581358909606934e-02 4.305293038487434387e-02 3.134002536535263062e-02 5.373353511095046997e-02 7.258323580026626587e-02 4.838941618800163269e-02 1.807864196598529816e-02 3.656681394204497337e-03 2.219470217823982239e-03 1.001853588968515396e-02 1.243649050593376160e-02 4.510104283690452576e-02 2.896672300994396210e-02 1.521919295191764832e-02 9.608148038387298584e-02 1.882262155413627625e-02 6.502522528171539307e-02 9.565599262714385986e-02 4.007386416196823120e-02 3.673905879259109497e-02 5.383976548910140991e-02 2.651831135153770447e-02 7.363176345825195312e-02
1.947319954633712769e-01 3.251314535737037659e-02 9.246999397873878479e-03 2.700723335146903992e-02 9.958988986909389496e-03 1.090557947754859924e-01 1.586516648530960083e-01 2.470231428742408752e-02 8.401926606893539429e-02 3.611348569393157959e-02 1.573447585105895996e-01 5.669318512082099915e-02 1.694809943437576294e-01 3.692345321178436279e-02 1.514597982168197632e-02 1.193473767489194870e-02 3.732411935925483704e-02 3.322767838835716248e-02 3.607463464140892029e-02 5.953323468565940857e-02 7.663254439830780029e-02 4.521369189023971558e-02 3.228287026286125183e-02 2.792819216847419739e-02 1.061828434467315674e-02 5.416121333837509155e-02 8.722317963838577271e-02 4.393083229660987854e-02 2.334685623645782471e-02 2.324306219816207886e-02 6.392456591129302979e-02 8.973557502031326294e-02 7.422206550836563110e-02 1.764989458024501801e-02 2.181749790906906128e-02 2.823147550225257874e-02 4.219367727637290955e-02 5.749163776636123657e-02 2.935207262635231018e-02 4.294938966631889343e-02 1.303712725639343262e-01 4.376297816634178162e-02 1.404352188110351562e-01 7.240375876426696777e-02 4.721093550324440002e-02 3.361969813704490662e-02 4.045003652572631836e-02 2.893884293735027313e-02 4.979706183075904846e-02 7.019162178039550781e-02 2.311731688678264618e-02 3.431769832968711853e-02 1.394930388778448105e-02 1.528525259345769882e-02 6.174881011247634888e-02 3.157098591327667236e-02 1.104303896427154541e-01 6.329789292067289352e-03 4.710426437668502331e-04 1.560578122735023499e-02 5.726538598537445068e-02 1.805768907070159912e-02 1.984173431992530823e-02 2.476577274501323700e-02 5.470187589526176453e-02 5.087936297059059143e-02 7.622354477643966675e-02 6.756479293107986450e-02 7.233600318431854248e-02 1.290104072540998459e-02 2.952286414802074432e-02 4.439055547118186951e-02 2.762267738580703735e-02 5.877422168850898743e-02 2.078150026500225067e-02 7.575001567602157593e-03 5.999085307121276855e-02 3.837382793426513672e-02 1.709734834730625153e-02 1.856365986168384552e-02 2.648384869098663330e-02 3.967266157269477844e-02 2.032447606325149536e-03 4.273229278624057770e-03 8.196751587092876434e-03 3.148727118968963623e-02 4.970355890691280365e-03 3.361966460943222046e-03 6.205622106790542603e-02 2.420246973633766174e-02 5.300339311361312866e-02 2.037788182497024536e-02 5.221103876829147339e-02 1.961402967572212219e-02 4.914356768131256104e-02 1.710435748100280762e-02 8.947285264730453491e-02 2.050688862800598145e-02 3.339201956987380981e-02 4.060722887516021729e-02 3.280146792531013489e-02 1.105235610157251358e-02 2.738388255238533020e-03 6.191832944750785828e-02 2.972833253443241119e-02 6.406465172767639160e-02 5.081633850932121277e-02 2.806197106838226318e-02 4.064926877617835999e-02 2.913198992609977722e-02 9.808541834354400635e-02 5.601251125335693359e-02 3.920933231711387634e-02 1.608933135867118835e-02 5.052386783063411713e-03 6.610239297151565552e-02
5.369247868657112122e-02 9.246999397873878479e-03 9.203485399484634399e-02 8.403569809161126614e-04 2.845707722008228302e-02 1.659913221374154091e-03 1.456907391548156738e-02 6.749083846807479858e-02 1.358926743268966675e-01 4.964997246861457825e-02 1.871865689754486084e-01 7.597103249281644821e-03 3.722437657415866852e-03 6.565731763839721680e-02 1.122324634343385696e-02 5.714372918009757996e-02 3.838032856583595276e-02 2.006425708532333374e-02 4.115120973438024521e-03 3.098749369382858276e-02 2.026395685970783234e-02 7.440622150897979736e-02 5.997051298618316650e-02 3.311780095100402832e-02 1.516730897128582001e-02 1.729147136211395264e-02 1.728204824030399323e-02 1.808124221861362457e-02 1.185655370354652405e-01 4.922179132699966431e-02 8.181675337255001068e-03 4.413625597953796387e-02 1.009411439299583435e-01 3.094423748552799225e-02 6.880109012126922607e-02 9.170439839363098145e-02 1.003725752234458923e-01 5.400367826223373413e-02 5.072678253054618835e-02 2.787814475595951080e-02 7.940334081649780273e-02 5.083275213837623596e-02 4.791674017906188965e-02 3.778906539082527161e-02 7.400238513946533203e-02 4.863192513585090637e-02 5.770286172628402710e-02 2.629240602254867554e-02 2.324979566037654877e-02 7.312240451574325562e-02 4.754483327269554138e-02 1.216777041554450989e-01 3.624720498919487000e-02 4.951217025518417358e-02 1.978695243597030640e-01 9.824944660067558289e-03 7.188477367162704468e-02 4.499118775129318237e-02 6.970688700675964355e-03 7.361280918121337891e-02 5.369335040450096130e-02 2.497124299407005310e-02 4.830072820186614990e-02 9.575939178466796875e-02 1.615316234529018402e-02 5.957812070846557617e-02 4.469624161720275879e-02 3.466877341270446777e-02 1.230359077453613281e-02 2.515661530196666718e-02 4.337573051452636719e-02 2.198727056384086609e-02 1.249363925307989120e-02 2.869563922286033630e-02 1.483884453773498535e-02 4.370007663965225220e-02 3.189400210976600647e-02 1.688039116561412811e-02 6.991012394428253174e-02 9.086235426366329193e-03 1.888233236968517303e-02 7.239112630486488342e-03 2.490217424929141998e-02 1.080069616436958313e-01 3.328390792012214661e-02 4.000192508101463318e-02 7.215663790702819824e-02 1.650115102529525757e-02 2.384899556636810303e-02 3.668280690908432007e-02 2.262005023658275604e-02 4.928979277610778809e-02 1.064623892307281494e-02 1.593710854649543762e-02 3.958769887685775757e-02 2.501317299902439117e-02 1.669366657733917236e-02 4.507489874958992004e-02 1.106922607868909836e-02 3.775511309504508972e-02 4.524819552898406982e-02 7.056976854801177979e-02 1.042412873357534409e-02 7.461405359208583832e-03 7.320241630077362061e-02 2.111868374049663544e-02 5.656334757804870605e-02 5.790320783853530884e-02 5.766328889876604080e-03 2.496687881648540497e-02 1.582619920372962952e-02 5.732017382979393005e-02 1.667529344558715820e-02 1.528354361653327942e-03 3.418589755892753601e-02 2.981464751064777374e-02
6.489782780408859253e-02 2.700723335146903992e-02 8.403569809161126614e-04 5.880334600806236267e-02 1.429703533649444580e-01 8.010113239288330078e-02 9.243769571185112000e-03 5.878336261957883835e-03 1.946507953107357025e-02 2.229242585599422455e-02 4.027104936540126801e-03 2.151185832917690277e-02 1.763822510838508606e-02 7.194057106971740723e-02 4.219765216112136841e-02 3.058615699410438538e-02 4.975970461964607239e-02 8.331429958343505859e-02 4.095740616321563721e-02 1.987835392355918884e-02 6.990951020270586014e-03 4.911674559116363525e-02 1.671861624345183372e-03 5.782821029424667358e-02 3.918558359146118164e-02 4.430809617042541504e-02 6.518815457820892334e-02 3.742564469575881958e-02 4.079432785511016846e-02 2.938213385641574860e-02 2.472474798560142517e-02 3.967378288507461548e-02 1.338932756334543228e-02 2.165695838630199432e-02 1.344276010058820248e-03 4.471490904688835144e-02 1.580366864800453186e-02 1.046766899526119232e-02 6.244849786162376404e-02 7.392425835132598877e-02 3.448671847581863403e-02 3.204439952969551086e-02 3.399117290973663330e-02 6.227631866931915283e-02 3.611083608120679855e-03 5.633491277694702148e-02 3.792572394013404846e-02 2.209462225437164307e-02 2.350458316504955292e-02 7.851181551814079285e-03 1.064611785113811493e-02 2.765426225960254669e-02 1.296212337911128998e-02 6.673432886600494385e-02 3.987868502736091614e-02 5.908875912427902222e-02 2.199812047183513641e-02 2.780931815505027771e-02 3.950026351958513260e-03 7.878050953149795532e-02 9.283845871686935425e-02 4.681209474802017212e-02 5.045608058571815491e-02 3.768798336386680603e-02 4.965766519308090210e-02 2.845841646194458008e-02 2.989884652197360992e-02 1.588800363242626190e-02 4.236696287989616394e-03 1.020207302644848824e-03 2.097253128886222839e-02 4.327831417322158813e-02 1.477857679128646851e-01 1.797106675803661346e-02 1.009800210595130920e-01 3.860773518681526184e-02 1.509156264364719391e-02 2.053438220173120499e-03 3.532944619655609131e-02 2.034939080476760864e-02 2.764812856912612915e-02 2.427929453551769257e-02 7.497069984674453735e-02 3.432364761829376221e-02 8.863290399312973022e-02 7.354076951742172241e-02 3.619303554296493530e-02 2.426570840179920197e-02 4.041631147265434265e-02 5.490659549832344055e-02 3.515369072556495667e-02 6.004194170236587524e-02 3.364047035574913025e-02 5.496113374829292297e-02 5.086735635995864868e-02 1.045845076441764832e-02 3.252822533249855042e-02 4.814627580344676971e-03 4.579761624336242676e-02 2.646235749125480652e-02 4.711818415671586990e-03 6.039565429091453552e-03 4.311241954565048218e-02 3.613985702395439148e-02 4.960642382502555847e-02 6.577874720096588135e-02 5.183526873588562012e-02 6.094713136553764343e-02 3.656514361500740051e-02 1.461125724017620087e-02 2.042396925389766693e-02 7.253748830407857895e-03 3.851578384637832642e-02 2.865974977612495422e-02 2.251973637612536550e-05 3.594764322042465210e-02
2.367095323279500008e-03 9.958988986909389496e-03 2.845707722008228302e-02 1.429703533649444580e-01 4.649657756090164185e-02 1.403237879276275635e-02 3.081010654568672180e-03 1.992129534482955933e-02 6.564644724130630493e-02 2.877716207876801491e-03 3.189554065465927124e-02 4.441265016794204712e-02 2.967339195311069489e-02 2.705788798630237579e-02 6.735652685165405273e-02 6.859082728624343872e-02 6.582098454236984253e-02 3.012426197528839111e-02 4.006264731287956238e-02 2.056140638887882233e-02 8.248727768659591675e-03 1.223949715495109558e-02 5.241191387176513672e-02 6.707289069890975952e-02 6.543606519699096680e-02 3.356747329235076904e-03 3.282248973846435547e-02 1.553287636488676071e-02 6.546970456838607788e-02 3.884732723236083984e-02 6.966885179281234741e-03 2.866683714091777802e-02 4.425162076950073242e-02 3.546897554770112038e-03 6.892652064561843872e-02 7.569478359073400497e-03 5.137737095355987549e-02 6.567800790071487427e-02 9.702489525079727173e-02 1.632405072450637817e-01 4.811392724514007568e-02 7.440812187269330025e-04 5.176511127501726151e-03 1.030537206679582596e-02 9.490415453910827637e-03 5.849084630608558655e-02 1.162982638925313950e-02 2.852474711835384369e-02 4.072038084268569946e-02 3.501470014452934265e-02 3.438758850097656250e-02 1.056938711553812027e-02 3.035215102136135101e-02 7.743172347545623779e-02 1.703810691833496094e-02 1.249776408076286316e-02 1.464338740333914757e-03 3.062428161501884460e-02 4.126670211553573608e-02 5.623301491141319275e-02 6.161416694521903992e-02 4.822912812232971191e-02 1.170053705573081970e-02 6.062165368348360062e-03 2.807665430009365082e-02 6.746029853820800781e-02 3.652331978082656860e-02 1.919082738459110260e-02 4.397657513618469238e-02 7.236829400062561035e-02 6.530780345201492310e-02 1.574838347733020782e-02 4.459007456898689270e-02 1.675749383866786957e-02 6.648066639900207520e-02 2.621725946664810181e-02 5.877036601305007935e-02 4.240765236318111420e-03 7.528945058584213257e-02 3.069226071238517761e-02 3.215182945132255554e-02 3.730477020144462585e-02 5.821171030402183533e-02 8.102329075336456299e-02 6.188391149044036865e-02 4.392118379473686218e-02 4.484044015407562256e-02 3.385538700968027115e-03 1.933333650231361389e-02 1.091269403696060181e-02 2.018119394779205322e-02 3.284008800983428955e-02 2.461848407983779907e-02 8.895569294691085815e-02 2.131407894194126129e-02 1.309277582913637161e-02 2.078923024237155914e-02 9.824313223361968994e-03 6.006129086017608643e-03 6.012720055878162384e-03 5.159218981862068176e-02 5.354202352464199066e-03 4.706444684416055679e-03 5.805209744721651077e-03 3.362766280770301819e-02 3.811467066407203674e-02 2.251492068171501160e-02 4.947292059659957886e-02 3.402370586991310120e-02 3.177674859762191772e-02 1.102989539504051208e-02 4.908331483602523804e-02 9.807009249925613403e-03 1.234236359596252441e-02 1.281210221350193024e-02 5.630664527416229248e-03
1.526342928409576416e-01 1.090557947754859924e-01 1.659913221374154091e-03 8.010113239288330078e-02 1.403237879276275635e-02 6.546751409769058228e-02 1.224881112575531006e-01 4.512301459908485413e-02 6.305428105406463146e-04 8.553563617169857025e-03 6.154607981443405151e-02 2.315623685717582703e-02 2.690325118601322174e-02 4.952183365821838379e-02 2.174317277967929840e-02 3.991223499178886414e-02 2.293148776516318321e-03 1.240145415067672729e-02 2.578877611085772514e-03 7.799265533685684204e-02 5.136542022228240967e-02 5.078696459531784058e-02 3.318236023187637329e-02 2.377851679921150208e-02 1.399342250078916550e-02 6.606699526309967041e-02 7.231699675321578979e-02 5.861799046397209167e-02 2.728155255317687988e-02 4.232645779848098755e-02 3.601716458797454834e-02 4.855310171842575073e-02 3.428172692656517029e-02 2.681774203665554523e-04 9.408708661794662476e-03 3.073892742395401001e-02 1.700335368514060974e-02 2.079438976943492889e-02 1.017209980636835098e-02 2.369896881282329559e-02 2.187869511544704437e-02 9.087754786014556885e-02 3.054159926250576973e-03 2.581149153411388397e-02 4.886142909526824951e-02 8.516629040241241455e-02 2.068211585283279419e-01 4.746119678020477295e-02 7.265076041221618652e-02 6.696353107690811157e-02 7.139964960515499115e-03 6.525926291942596436e-02 2.352114766836166382e-02 4.813470691442489624e-02 9.667954407632350922e-03 4.307280853390693665e-02 9.514178335666656494e-02 5.834407173097133636e-03 6.311565637588500977e-02 3.452634811401367188e-02 4.292698577046394348e-03 5.557406321167945862e-02 4.663988947868347168e-02 4.787088558077812195e-02 6.530957296490669250e-03 4.337584227323532104e-02 2.388637512922286987e-02 2.930874750018119812e-02 2.609188295900821686e-02 4.228828102350234985e-02 5.304546654224395752e-02 2.445945143699645996e-02 4.504806175827980042e-02 4.420275241136550903e-02 9.238314814865589142e-03 6.885534524917602539e-02 1.241980865597724915e-02 1.879941858351230621e-02 6.155214458703994751e-02 6.109355762600898743e-02 1.503506489098072052e-02 4.776967689394950867e-03 5.732873454689979553e-02 3.641534969210624695e-02 1.533108651638031006e-01 6.289853900671005249e-02 8.676582016050815582e-03 2.990210056304931641e-02 3.236644668504595757e-03 7.505855709314346313e-02 3.416610136628150940e-02 1.765694096684455872e-02 3.929464519023895264e-02 4.164892435073852539e-02 2.801230549812316895e-02 6.159640476107597351e-02 1.026405841112136841e-01 1.604420877993106842e-02 3.891580738127231598e-03 2.880184352397918701e-02 4.963884875178337097e-02 3.228751197457313538e-02 3.240538388490676880e-02 3.112169913947582245e-02 8.315344154834747314e-02 4.827039688825607300e-02 4.506764560937881470e-02 7.539325207471847534e-02 9.980566799640655518e-03 9.127001278102397919e-03 2.650070376694202423e-02 2.299827709794044495e-02 6.636917591094970703e-02 1.442699041217565536e-02 1.290000230073928833e-01 1.309011876583099365e-02
2.561340481042861938e-02 1.586516648530960083e-01 1.456907391548156738e-02 9.243769571185112000e-03 3.081010654568672180e-03 1.224881112575531006e-01 4.764549061655998230e-02 1.654206961393356323e-02 3.296090289950370789e-02 6.043658033013343811e-02 1.075663790106773376e-02 1.063707470893859863e-02 4.823488369584083557e-02 5.799523741006851196e-02 4.359403625130653381e-02 5.354522541165351868e-02 3.777586296200752258e-02 1.636137068271636963e-02 2.088190289214253426e-03 5.174819007515907288e-02 1.748295873403549194e-02 1.758876838721334934e-03 2.482592687010765076e-02 3.006763942539691925e-02 7.735809683799743652e-02 4.841064289212226868e-02 9.136732667684555054e-03 3.219966590404510498e-02 4.918049648404121399e-02 1.732383668422698975e-02 2.588053978979587555e-02 2.968910150229930878e-02 8.560784161090850830e-03 6.875972729176282883e-03 2.996015176177024841e-02 5.236020311713218689e-02 7.539264857769012451e-02 2.960405685007572174e-02 2.804596535861492157e-02 3.053009510040283203e-02 7.438300549983978271e-02 6.158717721700668335e-02 1.635258272290229797e-02 6.566592305898666382e-02 1.433370262384414673e-02 8.244592696428298950e-02 1.401512175798416138e-01 1.028432920575141907e-01 2.453073300421237946e-02 6.143783405423164368e-02 1.071043461561203003e-01 4.509057477116584778e-02 9.966128319501876831e-02 1.663466729223728180e-02 2.105291932821273804e-03 7.740720640867948532e-03 1.387517452239990234e-01 4.097072407603263855e-02 2.146608196198940277e-02 5.981888249516487122e-02 1.132685877382755280e-02 7.216707617044448853e-02 7.025066018104553223e-02 1.572905480861663818e-02 2.848802600055932999e-03 9.494923055171966553e-03 7.247339189052581787e-02 8.969745598733425140e-03 4.518108069896697998e-02 8.757762610912322998e-03 4.718198254704475403e-02 4.904166981577873230e-02 6.617251783609390259e-02 5.903223156929016113e-02 4.914854094386100769e-02 2.882615104317665100e-02 3.955394402146339417e-02 5.395540967583656311e-02 4.069938510656356812e-02 7.156520336866378784e-02 7.273488491773605347e-02 9.212533384561538696e-02 4.803677648305892944e-02 2.482790686190128326e-02 4.663312435150146484e-02 6.012511221342720091e-06 2.496471069753170013e-02 6.929477676749229431e-04 7.538282126188278198e-02 6.989007443189620972e-02 4.861737415194511414e-02 2.393166720867156982e-02 3.180080279707908630e-02 4.328073002398014069e-03 1.664240960963070393e-03 5.551292374730110168e-02 1.451679971069097519e-02 1.874344050884246826e-02 1.816010288894176483e-02 3.884166479110717773e-02 1.663744635879993439e-02 4.744569770991802216e-03 6.310641765594482422e-02 2.086284011602401733e-02 4.736008588224649429e-03 4.364742338657379150e-02 2.345922961831092834e-02 1.163714006543159485e-01 4.162259772419929504e-02 6.633289903402328491e-02 5.057364329695701599e-02 1.158480253070592880e-02 5.210377275943756104e-02 5.294146016240119934e-03 1.075727399438619614e-03 6.731310486793518066e-02
4.437959194183349609e-02 2.470231428742408752e-02 6.749083846807479858e-02 5.878336261957883835e-03 1.992129534482955933e-02 4.512301459908485413e-02 1.654206961393356323e-02 6.665080320090055466e-03 4.890265315771102905e-02 2.877066284418106079e-02 4.843327775597572327e-02 1.754263229668140411e-02 6.642563641071319580e-02 3.139620181173086166e-03 1.262458860874176025e-01 2.152918837964534760e-02 2.399712055921554565e-02 4.200539737939834595e-02 2.343394153285771608e-04 2.751577086746692657e-02 1.484115514904260635e-02 6.814967095851898193e-02 4.669573158025741577e-03 3.244336694478988647e-02 2.615995146334171295e-02 5.039545148611068726e-02 4.008863121271133423e-02 8.241932373493909836e-04 1.592174405232071877e-03 7.058052346110343933e-03 1.398678775876760483e-02 2.322162501513957977e-02 3.265393525362014771e-02 2.194602228701114655e-02 1.903707534074783325e-02 1.338010933250188828e-02 2.331611700356006622e-02 5.631173774600028992e-02 1.095514278858900070e-02 2.232099510729312897e-02 2.265551313757896423e-02 3.449198976159095764e-02 1.821037381887435913e-02 1.533487532287836075e-02 2.290064841508865356e-02 7.785297930240631104e-03 3.792595490813255310e-02 1.900264061987400055e-02 2.252633683383464813e-02 3.764925524592399597e-02 3.906870633363723755e-02 6.617825943976640701e-03 1.441454887390136719e-02 3.528289869427680969e-02 1.237959600985050201e-02 1.244062259793281555e-01 3.346296399831771851e-02 5.274568870663642883e-02 2.692022919654846191e-02 7.881719619035720825e-02 1.946728490293025970e-02 3.039259836077690125e-02 1.571563482284545898e-01 3.764193877577781677e-02 7.514294236898422241e-02 4.290854558348655701e-03 1.974229328334331512e-02 3.857816010713577271e-02 2.612390555441379547e-02 3.485855087637901306e-02 4.661742225289344788e-02 3.969534300267696381e-03 2.479172125458717346e-02 3.703716769814491272e-02 5.400659516453742981e-02 2.972014248371124268e-02 6.260529626160860062e-03 2.613599970936775208e-02 7.414907217025756836e-02 7.508857641369104385e-03 1.560080349445343018e-01 2.303404957056045532e-01 6.428712513297796249e-03 2.444812469184398651e-02 8.585468679666519165e-02 1.589309237897396088e-02 1.506279855966567993e-01 1.296484321355819702e-01 5.056899785995483398e-02 5.569471977651119232e-03 2.600636146962642670e-02 2.191032655537128448e-02 2.635917626321315765e-02 4.781794920563697815e-02 2.612027106806635857e-03 1.105651911348104477e-02 1.218708604574203491e-02 3.029061295092105865e-02 2.591655962169170380e-02 2.802197076380252838e-02 1.382360234856605530e-02 3.168490901589393616e-02 3.556720167398452759e-02 5.769995227456092834e-02 2.092640474438667297e-02 4.868784174323081970e-02 1.779817789793014526e-02 5.198827758431434631e-02 9.525577537715435028e-03 4.963185638189315796e-03 3.133851662278175354e-02 4.764863848686218262e-02 8.560612797737121582e-03 3.323920071125030518e-02 1.211301162838935852e-01 1.216645911335945129e-02
1.488238852471113205e-02 8.401926606893539429e-02 1.358926743268966675e-01 1.946507953107357025e-02 6.564644724130630493e-02 6.305428105406463146e-04 3.296090289950370789e-02 4.890265315771102905e-02 2.731337398290634155e-02 6.116598844528198242e-02 1.540318038314580917e-02 5.762427672743797302e-02 1.220882637426257133e-03 1.085611432790756226e-02 1.534173544496297836e-02 6.796059757471084595e-02 5.286240950226783752e-02 3.646436333656311035e-02 4.666254669427871704e-02 1.700809411704540253e-02 9.976726025342941284e-03 1.802386902272701263e-02 5.765755102038383484e-02 3.086812235414981842e-02 2.367936307564377785e-03 2.367685921490192413e-02 5.870543047785758972e-02 6.196303293108940125e-02 3.344723582267761230e-02 1.461343560367822647e-02 7.168148458003997803e-02 1.976488344371318817e-02 3.486604988574981689e-02 2.410438470542430878e-02 8.476732298731803894e-03 7.514484226703643799e-02 9.613587521016597748e-03 1.868667826056480408e-02 7.430078834295272827e-02 2.067553997039794922e-02 4.585161339491605759e-03 6.856333464384078979e-02 1.946078427135944366e-02 3.555660136044025421e-03 1.532808225601911545e-02 5.399959534406661987e-02 5.916897207498550415e-02 8.321590721607208252e-03 1.438072882592678070e-02 3.265457227826118469e-02 1.104832999408245087e-02 6.323736906051635742e-02 2.852839976549148560e-02 3.534500300884246826e-02 1.144463866949081421e-01 2.142442762851715088e-02 4.291262477636337280e-03 1.130211539566516876e-02 2.694882825016975403e-02 2.309808135032653809e-02 9.316564537584781647e-03 4.158548265695571899e-02 1.343892794102430344e-02 1.130836550146341324e-02 1.261644810438156128e-02 3.277212847024202347e-03 2.783448668196797371e-03 2.350894268602132797e-03 9.771381318569183350e-02 2.615038864314556122e-02 9.456253796815872192e-02 2.547130919992923737e-02 7.480762898921966553e-02 2.096928283572196960e-02 1.918232254683971405e-02 1.242100988747552037e-04 1.568422317504882812e-01 4.015925154089927673e-02 8.972121775150299072e-02 2.667649881914258003e-03 1.873282529413700104e-02 2.622099965810775757e-02 5.347548052668571472e-02 3.074408695101737976e-02 1.024822220206260681e-01 1.326870732009410858e-02 4.778483510017395020e-02 1.310785999521613121e-03 8.783324062824249268e-02 9.270592592656612396e-03 3.945449367165565491e-03 5.062248557806015015e-02 3.913443163037300110e-02 3.357115760445594788e-02 3.422978892922401428e-02 2.016180381178855896e-02 5.509125068783760071e-02 6.759153306484222412e-02 3.926585987210273743e-02 1.906548393890261650e-03 1.596144586801528931e-02 6.161649152636528015e-02 2.780797658488154411e-03 1.738305017352104187e-02 4.194706678390502930e-02 1.760325953364372253e-02 4.460764676332473755e-02 3.656699508428573608e-02 1.566450856626033783e-02 7.484079105779528618e-04 5.520404502749443054e-02 2.722784318029880524e-02 3.164808079600334167e-02 2.952523529529571533e-03 1.195074524730443954e-02 4.386447370052337646e-02
1.555254217237234116e-02 3.611348569393157959e-02 4.964997246861457825e-02 2.229242585599422455e-02 2.877716207876801491e-03 8.553563617169857025e-03 6.043658033013343811e-02 2.877066284418106079e-02 6.116598844528198242e-02 5.222129821777343750e-02 2.042286843061447144e-02 7.991135353222489357e-04 1.600764505565166473e-02 4.600190371274948120e-02 5.559878796339035034e-02 6.917884200811386108e-02 1.035518869757652283e-01 6.840194016695022583e-02 7.372598350048065186e-02 4.105554148554801941e-02 4.205930605530738831e-02 5.103346705436706543e-02 1.906887441873550415e-02 7.427774369716644287e-02 2.340261638164520264e-02 3.085813485085964203e-02 1.718087494373321533e-02 2.692687138915061951e-02 5.589786916971206665e-02 1.278153341263532639e-02 2.964870072901248932e-03 1.392865926027297974e-02 1.615030877292156219e-02 3.341760113835334778e-02 1.680152304470539093e-02 2.023927867412567139e-02 4.632500931620597839e-03 7.420293055474758148e-03 1.626482233405113220e-02 3.797066956758499146e-02 4.290300235152244568e-02 2.859606221318244934e-02 2.976593188941478729e-02 4.754282534122467041e-02 2.824868634343147278e-02 7.856143638491630554e-03 2.626151591539382935e-02 3.854644298553466797e-02 3.646458685398101807e-02 1.081696450710296631e-01 7.051938772201538086e-02 3.402900183573365211e-03 2.943903952836990356e-02 4.514191672205924988e-02 3.892361000180244446e-02 1.246638298034667969e-01 1.317676249891519547e-02 3.016127832233905792e-02 3.384361788630485535e-02 2.191927656531333923e-02 1.758867502212524414e-02 3.702158853411674500e-02 8.507900871336460114e-03 4.394181072711944580e-02 3.839658945798873901e-02 6.429295241832733154e-02 1.495587453246116638e-02 4.860629141330718994e-02 5.030834674835205078e-02 3.317667171359062195e-02 1.094860807061195374e-01 1.054200343787670135e-03 7.768395356833934784e-03 2.514617517590522766e-02 1.826662942767143250e-02 6.244162842631340027e-02 6.143315508961677551e-02 1.541543006896972656e-01 8.157870918512344360e-02 7.869397848844528198e-02 1.077095940709114075e-01 2.548290649428963661e-03 1.807391084730625153e-02 2.645792439579963684e-02 5.469466745853424072e-02 3.819373669102787971e-04 8.447512239217758179e-02 2.678325213491916656e-02 2.169984020292758942e-02 8.190259337425231934e-02 3.241156041622161865e-02 5.317643657326698303e-02 5.110663827508687973e-03 1.139645930379629135e-02 6.269019842147827148e-02 2.348004467785358429e-02 5.737823247909545898e-02 2.198629826307296753e-02 6.968259811401367188e-03 4.440996050834655762e-02 6.115834042429924011e-02 8.035630453377962112e-04 5.098722502589225769e-02 3.047080338001251221e-02 5.834426358342170715e-02 3.207313269376754761e-02 9.703567624092102051e-02 1.269065309315919876e-02 2.980964072048664093e-02 8.172027766704559326e-03 2.356982044875621796e-02 2.179903537034988403e-02 4.629215225577354431e-03 5.532006546854972839e-02 7.681807130575180054e-02 1.360910292714834213e-02
1.306632459163665771e-01 1.573447585105895996e-01 1.871865689754486084e-01 4.027104936540126801e-03 3.189554065465927124e-02 6.154607981443405151e-02 1.075663790106773376e-02 4.843327775597572327e-02 1.540318038314580917e-02 2.042286843061447144e-02 9.683699160814285278e-02 2.590493066236376762e-03 1.349011212587356567e-01 5.786668509244918823e-02 7.664782553911209106e-02 5.104304850101470947e-02 7.129226624965667725e-02 4.464542120695114136e-02 8.327063173055648804e-03 6.500248797237873077e-03 5.466200038790702820e-02 2.071716822683811188e-02 2.340527623891830444e-02 2.404708974063396454e-02 7.018038071691989899e-03 3.700081631541252136e-02 8.167090825736522675e-03 9.295993484556674957e-03 7.337043527513742447e-03 6.099654734134674072e-02 5.176802352070808411e-02 5.278465151786804199e-02 2.129720337688922882e-02 8.972973562777042389e-03 2.449632389470934868e-03 2.668972127139568329e-02 1.321858260780572891e-02 2.438899874687194824e-02 4.631310328841209412e-02 2.994619309902191162e-02 2.676475793123245239e-02 1.236123126000165939e-02 3.467198833823204041e-02 1.069396734237670898e-02 3.364914329722523689e-03 1.288861129432916641e-02 4.329403862357139587e-03 4.465703666210174561e-02 4.193489998579025269e-02 2.151042222976684570e-02 2.987852785736322403e-03 4.162061959505081177e-02 4.176457598805427551e-02 3.342922404408454895e-02 4.954775329679250717e-03 2.153225429356098175e-02 1.536364760249853134e-02 1.872433535754680634e-02 1.022532768547534943e-02 2.194082923233509064e-02 3.548144176602363586e-02 2.548210881650447845e-02 1.426036190241575241e-02 2.709846384823322296e-02 1.127212941646575928e-01 3.895223885774612427e-02 7.405331358313560486e-03 3.216894343495368958e-02 1.978442631661891937e-02 2.825934067368507385e-02 2.596046589314937592e-02 1.078126505017280579e-01 3.518977388739585876e-02 2.943798713386058807e-02 5.280781071633100510e-03 3.747963532805442810e-02 4.791780561208724976e-02 3.037170693278312683e-02 6.063101813197135925e-03 5.209760367870330811e-02 7.141962181776762009e-03 2.861364930868148804e-02 1.966843754053115845e-02 4.309324547648429871e-02 2.390267793089151382e-03 6.464682519435882568e-02 2.364484407007694244e-02 6.029438227415084839e-02 1.663870736956596375e-02 1.841152831912040710e-02 1.833332143723964691e-02 1.076757013797760010e-01 9.014505892992019653e-02 5.345053598284721375e-02 2.828666381537914276e-02 1.597619056701660156e-02 5.842449888586997986e-02 2.395414747297763824e-02 3.634426370263099670e-02 1.177101489156484604e-02 4.386056214570999146e-02 1.187905762344598770e-02 3.801347687840461731e-02 6.982829421758651733e-02 8.684550970792770386e-02 5.584585946053266525e-03 6.316100805997848511e-02 6.598366051912307739e-02 7.454795390367507935e-02 9.445630013942718506e-02 2.525958977639675140e-02 9.194396436214447021e-03 2.069485373795032501e-02 8.539762347936630249e-03 6.192881241440773010e-02 2.180805802345275879e-02
1.124447095207870007e-03 5.669318512082099915e-02 7.597103249281644821e-03 2.151185832917690277e-02 4.441265016794204712e-02 2.315623685717582703e-02 1.063707470893859863e-02 1.754263229668140411e-02 5.762427672743797302e-02 7.991135353222489357e-04 2.590493066236376762e-03 4.227150976657867432e-02 4.979216679930686951e-02 9.455975890159606934e-02 4.146588221192359924e-02 3.875405713915824890e-02 1.651717163622379303e-02 4.202814400196075439e-02 2.348766475915908813e-02 4.208404570817947388e-02 2.512502297759056091e-02 1.254840288311243057e-02 1.357984393835067749e-01 8.452678471803665161e-02 6.090516597032546997e-02 4.059959203004837036e-02 2.092238329350948334e-02 1.093944683670997620e-01 2.186435088515281677e-02 8.195481449365615845e-02 4.856456071138381958e-04 4.080275446176528931e-02 7.002461701631546021e-02 1.550896465778350830e-02 2.499952446669340134e-03 9.171763807535171509e-02 2.128676138818264008e-02 2.329723909497261047e-02 2.864755131304264069e-02 1.467633876018226147e-03 4.563297331333160400e-02 4.342499375343322754e-02 1.220315229147672653e-02 4.980051890015602112e-02 6.548323482275009155e-02 1.425652951002120972e-02 3.643269184976816177e-03 3.788035362958908081e-02 9.705003350973129272e-03 5.403488408774137497e-03 1.379069685935974121e-01 6.107117980718612671e-02 3.025191277265548706e-02 3.916867077350616455e-02 4.845168441534042358e-02 4.025467857718467712e-02 1.459775771945714951e-02 3.945711534470319748e-03 5.269374698400497437e-02 1.969137229025363922e-02 7.435438781976699829e-02 1.389036048203706741e-02 2.736451849341392517e-02 1.442554034292697906e-02 4.333356022834777832e-02 8.550838567316532135e-03 1.284013688564300537e-02 1.015841960906982422e-02 3.030858933925628662e-02 4.270714893937110901e-02 2.577035920694470406e-03 6.267974525690078735e-02 6.617002934217453003e-02 8.187492936849594116e-02 4.961647838354110718e-02 4.450896009802818298e-02 5.628883466124534607e-02 5.112500395625829697e-03 2.580133499577641487e-03 1.146400999277830124e-02 6.249038502573966980e-03 1.833085087127983570e-03 2.608786709606647491e-02 2.577635832130908966e-02 2.660050988197326660e-02 1.481181941926479340e-02 1.513176597654819489e-02 7.697477936744689941e-03 2.316270954906940460e-02 6.336133927106857300e-02 3.057373501360416412e-02 1.472939737141132355e-03 4.013788327574729919e-02 3.056770376861095428e-02 9.627922438085079193e-03 4.252635315060615540e-02 2.232836745679378510e-02 8.470740169286727905e-02 8.235640823841094971e-02 5.256647989153862000e-02 3.101140633225440979e-02 1.888091303408145905e-02 1.079835696145892143e-03 2.684681862592697144e-02 3.904917463660240173e-02 1.760466769337654114e-02 1.867823489010334015e-02 3.130106255412101746e-02 3.210690617561340332e-02 5.461613461375236511e-02 5.007553100585937500e-02 1.718762516975402832e-02 6.462096422910690308e-02 3.665237873792648315e-02 1.070869434624910355e-02 9.715753607451915741e-03
6.855861097574234009e-02 1.694809943437576294e-01 3.722437657415866852e-03 1.763822510838508606e-02 2.967339195311069489e-02 2.690325118601322174e-02 4.823488369584083557e-02 6.642563641071319580e-02 1.220882637426257133e-03 1.600764505565166473e-02 1.349011212587356567e-01 4.979216679930686951e-02 1.044763401150703430e-01 7.203465700149536133e-02 7.534028589725494385e-02 2.970220893621444702e-02 4.212817922234535217e-02 2.248869277536869049e-02 4.488890245556831360e-02 2.687399089336395264e-02 1.974831148982048035e-02 6.238845363259315491e-02 4.027872532606124878e-02 4.156055301427841187e-02 3.112864680588245392e-02 3.631483018398284912e-02 8.067980408668518066e-03 3.701885044574737549e-02 2.835472486913204193e-02 8.920310437679290771e-02 8.160324394702911377e-02 6.625636667013168335e-02 2.069196663796901703e-02 6.113368645310401917e-02 4.050542041659355164e-02 1.045263279229402542e-02 4.924565088003873825e-03 4.146671295166015625e-02 4.391809180378913879e-02 1.898235641419887543e-02 2.775388536974787712e-03 6.082007661461830139e-02 1.828520931303501129e-02 3.121996857225894928e-02 5.085586383938789368e-02 1.096892915666103363e-02 5.223105195909738541e-03 1.805081591010093689e-02 7.577105611562728882e-02 3.981496673077344894e-03 4.111882299184799194e-02 8.204070851206779480e-03 6.420754641294479370e-02 4.796534776687622070e-03 1.924750395119190216e-03 8.443829417228698730e-02 6.844020634889602661e-02 4.250989854335784912e-02 2.165322192013263702e-02 6.218867003917694092e-02 5.765774101018905640e-02 8.104895800352096558e-02 2.528876997530460358e-02 1.753848791122436523e-02 3.278439864516258240e-02 2.827134728431701660e-02 6.038830429315567017e-02 6.400006264448165894e-02 2.477837540209293365e-02 6.767818331718444824e-02 4.868660122156143188e-02 5.205242335796356201e-02 5.998956412076950073e-02 3.622577711939811707e-02 4.466082900762557983e-02 4.217585921287536621e-02 3.543873550370335579e-03 7.187657989561557770e-03 2.064928971230983734e-02 6.494595855474472046e-02 3.794030472636222839e-02 5.504323914647102356e-02 4.244513064622879028e-02 4.014337062835693359e-02 5.455851182341575623e-02 7.334631681442260742e-02 6.041131541132926941e-02 6.548024713993072510e-02 2.658526040613651276e-02 4.237721860408782959e-02 2.030114829540252686e-02 3.946454450488090515e-02 1.737385056912899017e-02 1.199863627552986145e-01 3.776775300502777100e-02 2.485549449920654297e-02 1.033725365996360779e-01 3.215776756405830383e-02 5.151449888944625854e-02 4.728000983595848083e-02 4.094545170664787292e-02 2.714741276577115059e-03 1.871166867204010487e-03 5.864545702934265137e-02 6.874315440654754639e-02 4.715906083583831787e-02 7.962185889482498169e-03 8.717326074838638306e-02 5.979029089212417603e-02 1.680419407784938812e-02 2.000176534056663513e-02 2.903248369693756104e-02 1.354956328868865967e-01 5.664171278476715088e-02 2.777426689863204956e-02 5.042117461562156677e-02
