4.397538490593433380e-03 1.811036616563796997e-01 4.014131054282188416e-02 4.220791533589363098e-02 2.845191769301891327e-02 1.294960826635360718e-01 5.263053253293037415e-02 9.881356731057167053e-03 5.947253853082656860e-02 3.172672167420387268e-02 1.490161567926406860e-01 2.033329103142023087e-03 8.773302286863327026e-02 2.442626282572746277e-02 2.646648883819580078e-02 9.960110299289226532e-03 2.813426405191421509e-02 2.110162004828453064e-02 4.953484982252120972e-02 9.663096629083156586e-03 1.789942197501659393e-02 1.867246441543102264e-02 8.674177224747836590e-04 7.760065607726573944e-03 1.269847387447953224e-03 1.514707319438457489e-02 1.336040534079074860e-02 4.323499277234077454e-02 4.099773615598678589e-02 1.859294436872005463e-02 5.027240887284278870e-02 1.431398838758468628e-02 2.193114347755908966e-02 2.933130599558353424e-04 1.522266771644353867e-02 2.666584402322769165e-02 2.164428867399692535e-02 5.155878514051437378e-02 5.242645740509033203e-02 2.063401788473129272e-02 9.264726541005074978e-04 9.559304453432559967e-03 7.183027919381856918e-03 4.729953128844499588e-03 9.118791669607162476e-02 2.820356562733650208e-02 6.361707299947738647e-02 9.909666329622268677e-02 6.650723051279783249e-03 6.622554268687963486e-03 3.408774966374039650e-03 3.659786889329552650e-03 4.385711252689361572e-02 2.136227861046791077e-02 1.312421052716672421e-03 1.956473849713802338e-02 2.836860157549381256e-02 2.627345267683267593e-03 2.789596619550138712e-04 3.460197150707244873e-02 3.739784657955169678e-02 2.874012850224971771e-02 1.252560690045356750e-02 1.485659042373299599e-03 3.354667499661445618e-02 1.320105977356433868e-02 4.009513929486274719e-02 1.020952127873897552e-02 1.850068755447864532e-02 1.179523859173059464e-02 4.280907101929187775e-03 2.623733878135681152e-02 3.720704466104507446e-02 8.031557314097881317e-03 3.508607670664787292e-02 2.228195220232009888e-02 3.557134792208671570e-02 6.272610276937484741e-02 1.908921636641025543e-02 9.501184336841106415e-03 3.078680485486984253e-02 3.467913344502449036e-02 2.940789982676506042e-02 7.863287627696990967e-02 2.625889331102371216e-02 4.461506381630897522e-02 1.960075087845325470e-02 1.498661190271377563e-02 1.345253363251686096e-02 2.582275308668613434e-02 7.987943291664123535e-02 2.428938262164592743e-02 6.166580319404602051e-02 9.248216636478900909e-03 2.135587111115455627e-02 2.809495106339454651e-02 3.634193539619445801e-02 1.161344256252050400e-02 3.245461266487836838e-03 3.549992293119430542e-02 7.858975790441036224e-03 1.673097349703311920e-02 3.086926881223917007e-03 3.496768325567245483e-02 1.480092573910951614e-02 2.368400804698467255e-02 1.575726456940174103e-02 9.778536856174468994e-03 9.029643610119819641e-03 1.144886482506990433e-02 3.454491961747407913e-03 1.986902207136154175e-03 6.394301354885101318e-02 4.280278086662292480e-02 4.653845389839261770e-04 1.449299044907093048e-03
1.811036616563796997e-01 1.226412877440452576e-02 4.715893417596817017e-02 2.809114009141921997e-02 2.470903098583221436e-02 8.087141066789627075e-02 4.023205861449241638e-02 1.031522918492555618e-02 3.067020699381828308e-02 2.067341469228267670e-02 1.190945729613304138e-01 2.292132005095481873e-02 9.716171026229858398e-02 3.696935251355171204e-02 2.914174087345600128e-02 3.661308437585830688e-02 9.576519951224327087e-03 2.250034548342227936e-02 2.900992706418037415e-02 3.098614513874053955e-02 6.950221722945570946e-04 1.214930415153503418e-02 3.145048767328262329e-02 1.816275715827941895e-02 1.300178188830614090e-02 7.435245905071496964e-03 1.640104129910469055e-02 1.117473366321064532e-04 9.579039178788661957e-03 2.858184836804866791e-02 1.633979752659797668e-02 1.745380833745002747e-02 2.662843838334083557e-02 1.522641163319349289e-02 1.027881447225809097e-02 1.039114687591791153e-02 1.976928301155567169e-02 4.356002062559127808e-02 3.364221379160881042e-02 4.845494404435157776e-02 2.797931432723999023e-02 2.589163184165954590e-02 8.002416230738162994e-03 3.271012380719184875e-02 1.370071619749069214e-02 9.186652489006519318e-03 3.653759509325027466e-02 2.481339126825332642e-02 2.940492518246173859e-02 3.330974653363227844e-02 2.588660456240177155e-03 3.133026883006095886e-02 4.476517066359519958e-02 3.645659610629081726e-02 8.607344701886177063e-03 1.221526321023702621e-02 2.849820302799344063e-03 3.351404145359992981e-02 3.368304809555411339e-03 5.967048928141593933e-02 3.670672327280044556e-02 5.639459006488323212e-03 2.140277065336704254e-02 9.789895266294479370e-03 1.668635569512844086e-02 4.045348148792982101e-03 2.861941233277320862e-02 5.754244979470968246e-03 7.769797462970018387e-03 8.835899643599987030e-03 9.620666503906250000e-03 2.234099619090557098e-02 1.244531944394111633e-02 1.791995484381914139e-03 4.229175671935081482e-02 1.563012134283781052e-03 4.093980789184570312e-02 7.084619253873825073e-02 2.427829802036285400e-02 1.721093803644180298e-02 2.953489683568477631e-02 3.359960392117500305e-02 2.709887921810150146e-02 4.559027776122093201e-02 1.277646515518426895e-02 3.877470269799232483e-02 2.678139389900024980e-05 4.870453383773565292e-03 2.429513633251190186e-02 4.270770400762557983e-02 4.113157838582992554e-02 8.537286892533302307e-03 1.480966340750455856e-02 3.691333113238215446e-03 2.545148693025112152e-02 4.320602864027023315e-02 1.150444149971008301e-03 1.122037321329116821e-02 3.683381155133247375e-02 4.735629260540008545e-02 5.941739073023200035e-04 2.268628450110554695e-04 2.073823660612106323e-02 3.587727248668670654e-02 1.095157861709594727e-02 1.652161963284015656e-02 3.419223800301551819e-02 2.881057560443878174e-02 1.153972349129617214e-03 2.839375287294387817e-02 3.153331205248832703e-02 4.276002570986747742e-02 5.003832280635833740e-02 3.671138780191540718e-03 4.364765807986259460e-02 3.512431681156158447e-02
4.014131054282188416e-02 4.715893417596817017e-02 5.431800149381160736e-03 3.712710738182067871e-02 1.358983293175697327e-02 2.826312929391860962e-02 3.648946806788444519e-02 1.837485134601593018e-01 2.727349661290645599e-02 1.606729440391063690e-02 2.400548942387104034e-02 4.420597478747367859e-02 3.103860467672348022e-02 2.312393113970756531e-02 2.608530223369598389e-03 4.329122602939605713e-02 2.359793707728385925e-02 3.289612010121345520e-02 2.514022961258888245e-02 5.200741440057754517e-02 3.974849730730056763e-02 4.947985708713531494e-02 2.226207777857780457e-02 2.514652209356427193e-03 1.943884603679180145e-02 2.251257374882698059e-02 4.533121362328529358e-03 1.393738575279712677e-02 7.244471460580825806e-03 3.342787548899650574e-02 1.485137175768613815e-02 3.098008409142494202e-02 5.038992688059806824e-02 6.025529466569423676e-03 4.085502400994300842e-02 5.197535827755928040e-02 9.816942736506462097e-03 7.080680690705776215e-03 5.128460004925727844e-03 3.262466192245483398e-02 6.272342056035995483e-02 1.567645557224750519e-02 1.582030206918716431e-02 1.099191457033157349e-01 8.383729308843612671e-02 5.643340200185775757e-02 3.838847205042839050e-02 1.960084401071071625e-02 5.418093502521514893e-02 2.526910044252872467e-02 3.001348674297332764e-02 2.064819447696208954e-02 2.856370434165000916e-02 1.488960348069667816e-03 2.752142958343029022e-02 4.896868485957384109e-03 3.208255022764205933e-02 3.531336784362792969e-02 7.325265556573867798e-02 4.977763630449771881e-03 2.334690652787685394e-02 1.100303381681442261e-01 8.843801915645599365e-02 7.348453998565673828e-02 2.814306691288948059e-02 3.177150338888168335e-02 6.049488484859466553e-02 7.098513096570968628e-02 1.297287177294492722e-03 1.099382340908050537e-02 3.261132538318634033e-02 7.766214665025472641e-03 3.565135970711708069e-02 5.141947790980339050e-02 2.314027212560176849e-02 1.269195228815078735e-02 5.570919066667556763e-02 4.070755094289779663e-02 8.048172295093536377e-02 6.307192891836166382e-02 2.297589927911758423e-01 1.802884787321090698e-01 1.994482800364494324e-02 2.798012271523475647e-02 1.799575425684452057e-02 8.328737318515777588e-02 5.577203258872032166e-02 1.539655867964029312e-02 3.165139630436897278e-02 5.408536270260810852e-02 1.776897534728050232e-02 5.761317536234855652e-02 4.225549474358558655e-02 4.713031277060508728e-02 3.331455960869789124e-02 4.621149972081184387e-03 3.622866421937942505e-02 6.609776616096496582e-02 1.108068041503429413e-02 1.325283944606781006e-02 4.624430462718009949e-02 2.272183448076248169e-02 8.989647962152957916e-03 2.330781146883964539e-02 8.068309165537357330e-03 4.437122493982315063e-03 2.914971671998500824e-02 4.914208129048347473e-02 1.700635999441146851e-02 2.282370813190937042e-03 3.195217251777648926e-02 9.763868898153305054e-02 2.335249632596969604e-02 1.352239586412906647e-02 2.573392912745475769e-02 8.699965476989746094e-02
4.220791533589363098e-02 2.809114009141921997e-02 3.712710738182067871e-02 1.338897794485092163e-01 1.515628546476364136e-01 4.980456084012985229e-03 3.149558231234550476e-02 4.896907135844230652e-02 1.207618191838264465e-01 4.560955800116062164e-03 5.642610043287277222e-02 6.350760906934738159e-02 2.610240504145622253e-02 2.787375636398792267e-02 4.813114181160926819e-02 9.798333980143070221e-03 2.702969685196876526e-02 9.767242521047592163e-02 1.451194435358047485e-01 3.309059888124465942e-02 1.686733216047286987e-02 1.536410208791494370e-02 1.814770326018333435e-02 6.290735676884651184e-03 9.079996496438980103e-03 2.497055009007453918e-02 2.059206366539001465e-02 1.234927028417587280e-02 2.012665942311286926e-02 4.481493309140205383e-02 3.793588653206825256e-02 1.927319169044494629e-02 3.752050176262855530e-02 2.101801522076129913e-02 2.608645940199494362e-03 4.108648747205734253e-02 2.808330394327640533e-02 1.168414112180471420e-02 9.389208257198333740e-02 8.565205335617065430e-02 1.477108802646398544e-02 2.780092693865299225e-02 1.173076219856739044e-02 3.640069812536239624e-02 3.622679784893989563e-02 4.097341001033782959e-02 2.873802557587623596e-02 7.057602517306804657e-03 2.098949858918786049e-03 4.550638608634471893e-03 1.991697959601879120e-02 3.892268519848585129e-03 1.024590134620666504e-01 1.507546938955783844e-02 5.391624942421913147e-02 2.183434367179870605e-02 5.177867040038108826e-02 3.012095205485820770e-02 6.061420962214469910e-02 3.048902377486228943e-02 4.125974699854850769e-02 6.454757601022720337e-02 2.707804739475250244e-02 3.226997330784797668e-02 2.849356085062026978e-02 3.943261504173278809e-02 6.902780733071267605e-04 2.099116146564483643e-02 6.337901949882507324e-02 5.914935469627380371e-02 2.629456482827663422e-02 6.674426794052124023e-02 2.561032474040985107e-01 4.581616260111331940e-03 5.597338452935218811e-02 2.849796041846275330e-02 3.978414833545684814e-02 2.642736770212650299e-02 3.325896337628364563e-02 8.324395865201950073e-02 3.235311433672904968e-02 2.523649111390113831e-02 9.433706104755401611e-02 1.156586483120918274e-01 1.719468459486961365e-02 1.455105748027563095e-02 6.742676347494125366e-02 7.052007317543029785e-02 5.725403875112533569e-02 3.813614137470722198e-03 3.939533606171607971e-02 6.055946578271687031e-04 1.422827504575252533e-02 3.376184776425361633e-02 3.033478185534477234e-02 1.541054435074329376e-02 4.346869140863418579e-02 3.350498154759407043e-02 3.897110372781753540e-02 1.675918512046337128e-02 4.560784995555877686e-02 5.395483691245317459e-03 1.716601103544235229e-02 5.178638268262147903e-03 5.479145795106887817e-02 3.524662926793098450e-02 4.934646934270858765e-02 3.556308522820472717e-02 1.666790433228015900e-02 9.279080480337142944e-02 3.021308407187461853e-02 3.192760795354843140e-02 5.075847730040550232e-02 2.190585620701313019e-02 2.784796059131622314e-02 2.555234916508197784e-02
2.845191769301891327e-02 2.470903098583221436e-02 1.358983293175697327e-02 1.515628546476364136e-01 1.309450417757034302e-01 8.352806791663169861e-03 3.860986093059182167e-03 3.612782433629035950e-02 6.912919133901596069e-02 2.157324738800525665e-02 2.653512544929981232e-02 1.658493839204311371e-02 3.026030957698822021e-02 4.801249876618385315e-02 4.052127711474895477e-03 6.669483333826065063e-02 5.221213772892951965e-02 6.300245970487594604e-02 7.565545290708541870e-02 3.625889075919985771e-03 1.856692251749336720e-03 3.455583006143569946e-02 2.933052601292729378e-03 2.869688905775547028e-03 3.261231631040573120e-02 3.344451263546943665e-02 1.019639242440462112e-02 7.746392395347356796e-03 7.542365044355392456e-02 2.050570398569107056e-02 2.054924843832850456e-03 5.630844831466674805e-02 1.163919921964406967e-02 2.809334173798561096e-02 1.287085376679897308e-02 2.353847399353981018e-02 5.234640836715698242e-02 3.827657178044319153e-02 5.888768658041954041e-02 1.120342090725898743e-01 7.896277308464050293e-02 3.007490560412406921e-02 3.313105180859565735e-02 3.996563702821731567e-02 4.807012528181076050e-02 4.731956869363784790e-02 9.487825445830821991e-03 2.059961482882499695e-02 3.868069965392351151e-03 7.001575827598571777e-02 2.026834711432456970e-02 2.720860019326210022e-02 5.976294726133346558e-02 3.393029421567916870e-02 4.678380675613880157e-03 4.109276458621025085e-02 6.618670187890529633e-03 3.883065655827522278e-02 4.605137929320335388e-02 5.285131186246871948e-02 3.899679705500602722e-02 1.504202485084533691e-01 4.443420842289924622e-02 6.428099423646926880e-02 3.211499378085136414e-02 4.966391250491142273e-02 5.950069986283779144e-03 1.594768092036247253e-02 6.798970513045787811e-03 4.601285606622695923e-02 1.501529105007648468e-02 3.837297437712550163e-03 1.248702630400657654e-01 4.095201380550861359e-03 1.059768497943878174e-01 3.130207210779190063e-02 5.313838645815849304e-02 4.019106552004814148e-02 6.129242107272148132e-02 1.493770927190780640e-01 8.949948102235794067e-02 4.926083981990814209e-02 1.374962925910949707e-01 8.125582337379455566e-02 5.085768178105354309e-03 2.976877428591251373e-02 4.188839718699455261e-02 1.864322088658809662e-02 5.567680299282073975e-02 1.456041075289249420e-02 6.072384864091873169e-02 1.943379081785678864e-02 4.223841242492198944e-03 2.811627648770809174e-02 1.865416066721081734e-03 4.222940653562545776e-02 3.442574292421340942e-02 1.060206722468137741e-02 2.022274583578109741e-02 7.235894445329904556e-03 1.895858533680438995e-02 5.814576055854558945e-03 2.159176766872406006e-02 1.087126694619655609e-02 1.597596891224384308e-02 2.574432268738746643e-02 3.871572017669677734e-02 2.481080405414104462e-02 2.355033904314041138e-02 6.127582490444183350e-02 1.001279894262552261e-02 2.304525859653949738e-02 5.696569569408893585e-03 9.122582152485847473e-03 5.953631829470396042e-03 8.342190645635128021e-03
1.294960826635360718e-01 8.087141066789627075e-02 2.826312929391860962e-02 4.980456084012985229e-03 8.352806791663169861e-03 2.832857705652713776e-02 1.481651365756988525e-01 2.440385520458221436e-02 5.059067532420158386e-02 5.227023735642433167e-02 9.205018728971481323e-02 3.790814056992530823e-02 3.049833513796329498e-02 9.618722833693027496e-03 5.454096011817455292e-03 2.823199518024921417e-02 4.301137849688529968e-02 2.383888885378837585e-02 7.606348022818565369e-03 4.607145488262176514e-02 5.073661915957927704e-03 2.036753343418240547e-03 5.549952853471040726e-03 7.885367609560489655e-03 1.444820221513509750e-02 1.724059507250785828e-02 3.648171201348304749e-03 4.730977490544319153e-02 7.728755008429288864e-03 6.041195988655090332e-02 4.879733547568321228e-02 1.693224534392356873e-03 1.669599488377571106e-02 1.439063530415296555e-02 7.853318750858306885e-02 5.660070106387138367e-02 3.022100217640399933e-02 5.031983554363250732e-02 2.720548305660486221e-03 1.661086268723011017e-02 2.746780589222908020e-02 5.380085855722427368e-02 8.165822178125381470e-02 6.763976812362670898e-02 7.014982402324676514e-02 4.400405287742614746e-02 1.216653659939765930e-01 3.297822922468185425e-02 1.386393443681299686e-03 1.684168167412281036e-02 5.957874469459056854e-03 5.108593497425317764e-03 3.202387597411870956e-04 3.998273517936468124e-03 3.553767688572406769e-03 1.531760790385305882e-03 6.120244041085243225e-03 2.295214124023914337e-02 1.152449846267700195e-02 4.643799364566802979e-02 3.635561559349298477e-03 7.786943577229976654e-03 3.880972415208816528e-02 2.649366483092308044e-02 2.738144807517528534e-02 1.983672939240932465e-02 3.622775524854660034e-02 4.402548074722290039e-02 2.087819762527942657e-02 1.728662475943565369e-02 9.590283967554569244e-03 7.065057754516601562e-03 6.231495644897222519e-03 2.664355933666229248e-02 1.731980033218860626e-02 1.736149191856384277e-02 6.220350507646799088e-03 1.394251920282840729e-02 4.486436769366264343e-02 7.342858705669641495e-03 4.645796865224838257e-02 1.696671545505523682e-02 3.008432686328887939e-02 5.661832913756370544e-02 2.057623676955699921e-02 5.261452868580818176e-02 1.616749912500381470e-02 1.331960316747426987e-02 3.564068675041198730e-02 8.456738293170928955e-02 8.496943861246109009e-03 6.375615950673818588e-03 8.568644523620605469e-02 4.109457135200500488e-03 2.744906768202781677e-02 2.625546045601367950e-02 6.062022410333156586e-03 1.710617542266845703e-02 2.276632376015186310e-02 2.127622067928314209e-02 2.427562139928340912e-02 2.275327406823635101e-02 9.166664443910121918e-03 3.017942979931831360e-02 4.989244043827056885e-03 2.030013874173164368e-02 3.431590972468256950e-03 4.675514996051788330e-02 2.004214935004711151e-02 4.641485214233398438e-02 1.905393972992897034e-02 1.200951728969812393e-02 6.540238857269287109e-02 3.346473351120948792e-02 1.897208951413631439e-02 1.896174740977585316e-03
5.263053253293037415e-02 4.023205861449241638e-02 3.648946806788444519e-02 3.149558231234550476e-02 3.860986093059182167e-03 1.481651365756988525e-01 9.946303442120552063e-03 2.650047838687896729e-02 1.833268068730831146e-02 1.280986610800027847e-02 4.827837646007537842e-02 2.213877812027931213e-02 3.160304203629493713e-02 1.652415096759796143e-02 1.626717671751976013e-02 5.067764315754175186e-03 1.533035305328667164e-03 1.747516356408596039e-02 7.953937165439128876e-03 6.095060333609580994e-02 1.537146605551242828e-02 1.954523846507072449e-02 3.419504687190055847e-02 9.756822139024734497e-03 1.731917262077331543e-02 1.630942337214946747e-03 3.669764846563339233e-02 3.704534471035003662e-02 4.961751401424407959e-02 2.359453774988651276e-02 3.097546286880970001e-02 1.037958543747663498e-02 1.514028850942850113e-02 2.974113263189792633e-02 3.529056161642074585e-02 2.685298398137092590e-02 3.367479192093014717e-03 5.349683389067649841e-02 3.817493095993995667e-02 3.622619062662124634e-02 2.308203838765621185e-02 3.406298160552978516e-02 8.896859735250473022e-02 5.236284434795379639e-02 4.845654219388961792e-02 3.631594777107238770e-02 1.575735211372375488e-01 9.144199639558792114e-02 3.747966885566711426e-02 1.233147829771041870e-02 2.974590286612510681e-02 2.504107169806957245e-02 7.458208594471216202e-03 3.310364112257957458e-02 9.084652177989482880e-03 6.275792606174945831e-03 9.980865754187107086e-03 7.100745290517807007e-02 4.823485214728862047e-04 2.835339494049549103e-02 4.707307368516921997e-02 8.792851003818213940e-04 2.516259439289569855e-02 1.844354718923568726e-02 1.846369169652462006e-02 3.860832192003726959e-03 3.359522670507431030e-02 5.680754780769348145e-02 7.103954441845417023e-03 2.951782755553722382e-02 1.768939383327960968e-02 3.269827738404273987e-02 1.572634093463420868e-02 6.203855201601982117e-02 2.220691554248332977e-02 2.594102732837200165e-02 1.914247311651706696e-02 2.729455195367336273e-02 1.587997190654277802e-02 1.720413099974393845e-03 4.293205961585044861e-02 4.021285101771354675e-03 3.854851456708274782e-05 2.677070535719394684e-02 1.697241887450218201e-02 3.841083124279975891e-02 2.791973575949668884e-02 1.814571581780910492e-02 3.463364765048027039e-02 8.458402007818222046e-02 2.239621244370937347e-02 8.117872290313243866e-03 1.781541295349597931e-02 3.416665422264486551e-04 1.727732270956039429e-02 1.907053403556346893e-02 4.024526849389076233e-02 8.656880818307399750e-03 7.114117033779621124e-03 1.551643293350934982e-02 2.367905341088771820e-02 1.980026811361312866e-02 2.447273023426532745e-02 2.834872342646121979e-03 1.104645337909460068e-02 4.064951092004776001e-02 1.479501649737358093e-02 5.397575348615646362e-02 2.516471967101097107e-02 3.237504139542579651e-02 2.304456010460853577e-02 2.579981274902820587e-02 5.821486189961433411e-02 7.795737683773040771e-02 2.294724248349666595e-02 7.835647091269493103e-03
9.881356731057167053e-03 1.031522918492555618e-02 1.837485134601593018e-01 4.896907135844230652e-02 3.612782433629035950e-02 2.440385520458221436e-02 2.650047838687896729e-02 1.475811284035444260e-02 6.621948629617691040e-02 5.324735864996910095e-02 6.256703753024339676e-03 6.523711606860160828e-03 2.914747036993503571e-02 5.672646313905715942e-02 5.422336235642433167e-02 2.101631602272391319e-03 3.027088474482297897e-03 1.114690583199262619e-02 2.922195941209793091e-02 3.320347890257835388e-02 4.783112183213233948e-02 4.982854425907135010e-02 2.583958581089973450e-02 6.175857782363891602e-02 5.218170955777168274e-02 2.468100935220718384e-02 3.711856901645660400e-02 8.226743340492248535e-02 9.520391002297401428e-03 8.700712583959102631e-03 5.421884730458259583e-02 2.916728332638740540e-02 2.466910146176815033e-02 2.182834967970848083e-02 3.192976117134094238e-03 4.696885868906974792e-02 4.255950078368186951e-02 7.298824191093444824e-02 4.103571176528930664e-02 3.217738494277000427e-02 4.644660279154777527e-03 4.124997183680534363e-03 1.509694010019302368e-02 7.767719775438308716e-02 7.388856727629899979e-03 1.283696910832077265e-04 4.937979951500892639e-02 3.730608150362968445e-02 1.508296746760606766e-02 3.603996336460113525e-02 3.348695486783981323e-02 1.126437559723854065e-01 3.442483430262655020e-04 6.311431527137756348e-02 4.186376556754112244e-02 2.358528552576899529e-03 6.191311404109001160e-02 1.524262130260467529e-02 6.195495370775461197e-03 9.050706773996353149e-02 1.608932763338088989e-02 5.456851050257682800e-02 4.776486381888389587e-02 4.090074077248573303e-02 1.146785821765661240e-02 1.176600065082311630e-02 3.035980649292469025e-02 5.615275353193283081e-02 8.250421844422817230e-03 1.521308999508619308e-02 2.664456330239772797e-02 2.535543590784072876e-02 9.771359153091907501e-03 3.151040896773338318e-02 5.016451235860586166e-03 4.852815717458724976e-02 1.060052886605262756e-01 4.512619599699974060e-02 2.991407923400402069e-02 6.767438352108001709e-02 5.731157585978507996e-02 1.575216799974441528e-01 3.703992441296577454e-02 3.847934131044894457e-04 3.051799349486827850e-02 3.036779910326004028e-02 9.849140793085098267e-02 1.695291697978973389e-02 6.168349180370569229e-03 2.004521898925304413e-02 7.761976215988397598e-03 2.728181146085262299e-02 3.806709079071879387e-03 2.319409884512424469e-02 1.476189703680574894e-03 5.853494629263877869e-03 5.524680018424987793e-02 4.693978279829025269e-02 4.763597622513771057e-02 1.809971407055854797e-02 1.957017555832862854e-02 4.227943252772092819e-03 2.596326358616352081e-02 4.182453826069831848e-02 3.556900471448898315e-02 1.770767197012901306e-02 2.354396320879459381e-02 5.892696976661682129e-02 4.508881829679012299e-03 6.719969213008880615e-02 4.748380929231643677e-02 1.826542057096958160e-02 4.253455623984336853e-02 9.928669780492782593e-03 4.214502871036529541e-02 6.627769768238067627e-02
5.947253853082656860e-02 3.067020699381828308e-02 2.727349661290645599e-02 1.207618191838264465e-01 6.912919133901596069e-02 5.059067532420158386e-02 1.833268068730831146e-02 6.621948629617691040e-02 8.111533243209123611e-04 3.018564602825790644e-04 6.670487672090530396e-02 3.657059371471405029e-02 3.671972779557108879e-03 3.648119419813156128e-02 6.783071905374526978e-03 7.739351689815521240e-02 7.945600152015686035e-02 1.362558454275131226e-01 1.446590665727853775e-02 1.784017309546470642e-02 4.559368267655372620e-02 1.156774256378412247e-02 1.787957921624183655e-02 5.436715111136436462e-02 5.197326838970184326e-02 2.469919249415397644e-02 4.607158247381448746e-03 4.289891943335533142e-02 1.459162775427103043e-02 4.405056685209274292e-02 5.322350561618804932e-02 5.954832956194877625e-02 4.405984655022621155e-02 1.674056425690650940e-02 1.783665828406810760e-02 1.272518374025821686e-02 2.467190846800804138e-02 3.234773501753807068e-02 3.063845448195934296e-03 4.213604703545570374e-02 3.089777659624814987e-03 5.203087255358695984e-02 1.073749363422393799e-02 4.912395495921373367e-03 5.877605825662612915e-02 7.645256072282791138e-02 9.974409826099872589e-03 5.895309150218963623e-02 2.180391177535057068e-02 2.139583043754100800e-02 3.540517762303352356e-02 6.396895274519920349e-03 2.731616236269474030e-02 9.838854894042015076e-03 1.353958696126937866e-01 2.849104255437850952e-02 1.141283009201288223e-02 1.607516035437583923e-02 5.294285342097282410e-02 2.086748182773590088e-02 5.526022240519523621e-02 6.537216156721115112e-02 6.886494159698486328e-02 1.367838401347398758e-02 2.863232605159282684e-02 4.378915950655937195e-02 2.410598844289779663e-02 4.502595961093902588e-02 9.689194709062576294e-02 4.364113137125968933e-02 6.857370585203170776e-02 1.312314867973327637e-01 4.343202337622642517e-02 8.483263663947582245e-04 4.735662415623664856e-02 5.695466324687004089e-02 1.664081960916519165e-01 2.935972623527050018e-02 9.279160946607589722e-02 5.606475472450256348e-02 3.799999598413705826e-03 6.461551040410995483e-02 8.895526826381683350e-02 6.106778606772422791e-02 4.402559250593185425e-02 4.444423131644725800e-03 4.112476482987403870e-02 1.195627730339765549e-02 4.777927324175834656e-02 7.741826027631759644e-02 2.975793182849884033e-02 1.311405748128890991e-02 5.716074258089065552e-02 1.487694680690765381e-02 3.222332149744033813e-02 3.901493549346923828e-02 3.688475815579295158e-03 7.076951116323471069e-02 6.030496954917907715e-02 3.723270446062088013e-02 3.480228036642074585e-02 2.151053957641124725e-02 5.174341797828674316e-02 6.834217160940170288e-02 4.669092595577239990e-02 1.593360118567943573e-02 7.625498808920383453e-03 3.222206234931945801e-02 3.779431432485580444e-02 6.642515771090984344e-03 1.342544239014387131e-02 6.265620142221450806e-02 4.081287607550621033e-02 1.550541818141937256e-02 1.840794086456298828e-02 4.304656758904457092e-02
3.172672167420387268e-02 2.067341469228267670e-02 1.606729440391063690e-02 4.560955800116062164e-03 2.157324738800525665e-02 5.227023735642433167e-02 1.280986610800027847e-02 5.324735864996910095e-02 3.018564602825790644e-04 4.414660483598709106e-02 2.983362646773457527e-03 1.901433989405632019e-02 1.081357151269912720e-02 2.293404005467891693e-02 5.537816509604454041e-02 5.682756658643484116e-03 5.039763450622558594e-02 5.407783761620521545e-02 9.166382998228073120e-02 3.350863978266716003e-02 7.366278022527694702e-02 1.400785800069570541e-02 3.128987271338701248e-03 5.679767206311225891e-02 2.688465639948844910e-02 3.333853557705879211e-02 1.063612726284191012e-04 1.748679764568805695e-02 8.996187895536422729e-02 1.719049364328384399e-02 1.108127739280462265e-02 1.632755808532238007e-02 1.727491058409214020e-02 8.200244605541229248e-02 2.908708527684211731e-03 2.774409018456935883e-02 1.659512147307395935e-02 3.635481372475624084e-02 1.727192476391792297e-02 5.914144217967987061e-02 1.319842599332332611e-02 6.091658025979995728e-03 2.370486035943031311e-02 5.086143501102924347e-03 3.360186889767646790e-02 4.163356963545084000e-03 3.407897055149078369e-02 2.376271877437829971e-03 6.080586835741996765e-02 1.105748340487480164e-01 4.682226106524467468e-02 3.395711258053779602e-02 3.349783644080162048e-02 1.871754601597785950e-02 4.100059345364570618e-02 2.644246071577072144e-02 2.543481998145580292e-02 2.856203913688659668e-02 4.476490989327430725e-02 6.230405718088150024e-02 6.312501500360667706e-04 7.337871938943862915e-02 5.732642114162445068e-02 4.279014468193054199e-02 2.286225371062755585e-02 4.370484501123428345e-02 9.414638392627239227e-03 3.936915472149848938e-02 3.717695549130439758e-02 1.562388427555561066e-02 1.415102183818817139e-02 6.432331353425979614e-02 1.098585873842239380e-01 5.412777885794639587e-03 2.746309340000152588e-02 4.772028326988220215e-02 1.064429208636283875e-01 2.425243705511093140e-01 6.508910655975341797e-02 1.713834106922149658e-01 7.457897299900650978e-04 8.462055027484893799e-02 3.185032680630683899e-02 1.580319739878177643e-02 2.523118816316127777e-02 8.092802017927169800e-02 3.438577800989151001e-02 6.814893335103988647e-02 7.717803120613098145e-03 1.219780091196298599e-02 6.125823035836219788e-02 7.170044351369142532e-03 7.292659953236579895e-03 3.580048680305480957e-02 2.198313921689987183e-02 6.075151637196540833e-02 7.066841423511505127e-02 4.341325536370277405e-02 2.920861355960369110e-02 5.567764863371849060e-02 4.565934184938669205e-03 1.269868575036525726e-02 5.356558039784431458e-02 4.997989162802696228e-02 6.277795415371656418e-03 1.319302711635828018e-02 5.250898003578186035e-02 5.558106675744056702e-02 2.482323674485087395e-03 4.396783187985420227e-02 4.023273009806871414e-03 3.267129510641098022e-02 1.138802245259284973e-02 5.298785120248794556e-02 4.685598611831665039e-02 3.574813902378082275e-02
1.490161567926406860e-01 1.190945729613304138e-01 2.400548942387104034e-02 5.642610043287277222e-02 2.653512544929981232e-02 9.205018728971481323e-02 4.827837646007537842e-02 6.256703753024339676e-03 6.670487672090530396e-02 2.983362646773457527e-03 1.140584703534841537e-02 4.721055738627910614e-03 8.168666064739227295e-02 3.902660310268402100e-02 4.695402458310127258e-02 5.544056650251150131e-03 3.747019916772842407e-03 3.336228057742118835e-02 6.661759834969416261e-05 1.832356303930282593e-02 1.168554741889238358e-02 3.362993896007537842e-02 2.720596641302108765e-02 1.305393670918419957e-04 1.467444933950901031e-03 2.148625999689102173e-02 7.035514339804649353e-03 2.273855172097682953e-02 8.157981559634208679e-03 2.205442078411579132e-02 2.615520264953374863e-03 3.425259515643119812e-02 5.813321098685264587e-03 1.913141272962093353e-02 3.342886269092559814e-02 3.470457345247268677e-02 6.969415117055177689e-03 3.058421239256858826e-02 1.295466255396604538e-02 2.474189735949039459e-02 4.313761368393898010e-03 2.781766280531883240e-02 1.994846761226654053e-02 1.578771881759166718e-02 3.374985232949256897e-02 3.049424290657043457e-02 6.431250274181365967e-02 6.964554637670516968e-02 1.344856340438127518e-02 2.230968512594699860e-02 3.863844275474548340e-02 2.326190099120140076e-02 5.797167867422103882e-02 2.651202864944934845e-02 4.814642667770385742e-02 1.954762451350688934e-02 4.125730600208044052e-03 8.424885571002960205e-03 1.093542296439409256e-02 2.618347108364105225e-02 1.859625917859375477e-03 4.326043650507926941e-03 2.711584093049168587e-04 9.875213727355003357e-03 6.829097121953964233e-02 5.510250572115182877e-03 6.698267534375190735e-03 1.211655884981155396e-02 2.294021192938089371e-03 3.542241081595420837e-02 6.084348075091838837e-03 8.855223655700683594e-03 1.262947916984558105e-02 3.565146774053573608e-02 6.881286390125751495e-03 3.388200327754020691e-02 9.741038084030151367e-03 3.679356351494789124e-02 2.171812020242214203e-02 9.556318633258342743e-03 6.602023262530565262e-03 3.337461501359939575e-02 2.792479470372200012e-03 1.491331309080123901e-02 3.874304145574569702e-02 1.241396181285381317e-02 7.423164695501327515e-02 3.222201764583587646e-02 1.327170431613922119e-02 2.535714767873287201e-02 1.013307459652423859e-02 4.839032888412475586e-02 5.434887483716011047e-02 9.342616423964500427e-03 5.568663589656352997e-03 1.925165019929409027e-02 2.264087274670600891e-02 6.083152815699577332e-02 1.376897376030683517e-02 2.735349722206592560e-02 2.574090287089347839e-02 5.054050311446189880e-02 2.874908270314335823e-03 8.934075012803077698e-03 2.008572407066822052e-02 2.677943557500839233e-03 4.495408013463020325e-02 4.015187546610832214e-02 6.300850957632064819e-02 2.236698009073734283e-02 2.690044045448303223e-02 2.435615519061684608e-03 5.254799872636795044e-02 1.285117585211992264e-02 1.985160447657108307e-02 1.698605529963970184e-02
2.033329103142023087e-03 2.292132005095481873e-02 4.420597478747367859e-02 6.350760906934738159e-02 1.658493839204311371e-02 3.790814056992530823e-02 2.213877812027931213e-02 6.523711606860160828e-03 3.657059371471405029e-02 1.901433989405632019e-02 4.721055738627910614e-03 1.324117067269980907e-03 3.154291305691003799e-03 2.096926122903823853e-01 2.896135859191417694e-02 3.079169895499944687e-03 1.211981941014528275e-02 2.566390205174684525e-03 2.666935883462429047e-02 2.729464322328567505e-02 3.251144289970397949e-02 1.764922775328159332e-02 1.002750247716903687e-01 6.742325425148010254e-02 1.417358289472758770e-03 6.060203537344932556e-02 3.347729519009590149e-02 1.245496943593025208e-01 2.317323349416255951e-02 1.240349933505058289e-01 1.664675585925579071e-02 1.353512518107891083e-03 2.316313795745372772e-02 4.156507179141044617e-02 1.923535764217376709e-02 8.599808067083358765e-02 5.625528469681739807e-02 1.525640604086220264e-03 7.879188284277915955e-03 5.827399343252182007e-02 8.287198841571807861e-03 2.417255379259586334e-02 6.032839044928550720e-02 5.431099236011505127e-02 3.065978921949863434e-02 5.351090431213378906e-02 4.600342363119125366e-02 4.002221673727035522e-02 3.219386935234069824e-02 2.889194153249263763e-02 2.068069949746131897e-02 2.874160371720790863e-02 1.969606429338455200e-02 4.260399937629699707e-02 1.412439276464283466e-03 3.025057166814804077e-02 1.970689743757247925e-02 2.885420247912406921e-02 5.516478046774864197e-02 3.323379904031753540e-02 6.993244402110576630e-03 7.532437145709991455e-02 2.286672033369541168e-02 1.230896636843681335e-02 1.216013683006167412e-03 5.433693528175354004e-02 1.826088130474090576e-02 1.597015373408794403e-02 7.558560371398925781e-02 4.332206025719642639e-02 1.723689958453178406e-02 2.629176154732704163e-02 2.580690197646617889e-02 1.218701433390378952e-02 3.176845982670783997e-02 6.661244668066501617e-03 2.334737777709960938e-02 1.098963525146245956e-02 2.133216895163059235e-02 1.359208952635526657e-02 2.499404549598693848e-02 4.109458252787590027e-02 6.677725166082382202e-02 4.451738297939300537e-02 2.570383995771408081e-02 1.639775559306144714e-02 6.142957136034965515e-03 3.574057668447494507e-02 1.396547537297010422e-02 2.134361676871776581e-02 4.293172433972358704e-02 2.416804432868957520e-02 7.261673361063003540e-02 2.779626846313476562e-02 1.167401671409606934e-02 7.006205152720212936e-03 3.322427719831466675e-02 3.689556568861007690e-02 3.638868406414985657e-02 3.634837269783020020e-02 2.701160497963428497e-02 9.768919087946414948e-03 1.194538362324237823e-02 2.282651700079441071e-02 2.178917825222015381e-02 5.391489341855049133e-02 2.964116819202899933e-02 6.180851720273494720e-03 4.309213161468505859e-02 7.555053452961146832e-04 3.255023434758186340e-02 4.765860363841056824e-02 1.541986037045717239e-02 6.775736063718795776e-02 4.873036220669746399e-02 3.318111225962638855e-02
8.773302286863327026e-02 9.716171026229858398e-02 3.103860467672348022e-02 2.610240504145622253e-02 3.026030957698822021e-02 3.049833513796329498e-02 3.160304203629493713e-02 2.914747036993503571e-02 3.671972779557108879e-03 1.081357151269912720e-02 8.168666064739227295e-02 3.154291305691003799e-03 1.863957755267620087e-02 9.950943291187286377e-03 6.719337403774261475e-02 1.859216950833797455e-02 2.137412317097187042e-02 1.245465129613876343e-02 1.950604282319545746e-02 3.070724755525588989e-02 1.085798488929867744e-03 5.651701986789703369e-02 3.912664949893951416e-03 1.249540317803621292e-02 3.186655789613723755e-02 3.879382833838462830e-02 1.008386630564928055e-02 1.049005519598722458e-02 2.716049179434776306e-02 2.414041198790073395e-02 5.463127745315432549e-04 2.354976162314414978e-02 2.025046758353710175e-02 1.881563104689121246e-02 1.083236280828714371e-02 3.476862236857414246e-02 3.331390023231506348e-02 1.034745201468467712e-02 2.958793565630912781e-02 3.991896286606788635e-02 6.499568372964859009e-02 4.931422695517539978e-02 7.206916809082031250e-02 2.684184163808822632e-02 8.817545138299465179e-03 3.049721755087375641e-02 1.713372953236103058e-02 1.117442734539508820e-03 3.837278112769126892e-02 1.219373010098934174e-02 2.352015115320682526e-02 1.630898192524909973e-02 2.625043131411075592e-02 1.552715431898832321e-02 1.446387171745300293e-02 2.687068283557891846e-02 2.498393692076206207e-02 2.468089200556278229e-02 2.596704661846160889e-02 2.159892767667770386e-02 1.833084411919116974e-02 8.675264194607734680e-03 9.616897441446781158e-03 2.696213545277714729e-03 4.579742997884750366e-02 4.647409170866012573e-02 2.193517424166202545e-02 2.711248211562633514e-02 1.370174344629049301e-02 1.719485782086849213e-02 3.487466275691986084e-02 1.303987111896276474e-02 2.377053909003734589e-02 1.486508734524250031e-02 3.245790302753448486e-02 1.816999539732933044e-02 1.787663786672055721e-03 7.521986961364746094e-02 5.724737886339426041e-03 9.096183814108371735e-03 1.727618044242262840e-03 3.498399630188941956e-02 1.472545787692070007e-02 3.927445411682128906e-02 9.889473207294940948e-03 2.299601957201957703e-02 5.048301070928573608e-02 5.518069490790367126e-02 4.448216035962104797e-02 1.012379582971334457e-02 5.695893988013267517e-02 4.634248092770576477e-02 9.797357022762298584e-03 3.799380734562873840e-02 2.081243693828582764e-02 1.638621091842651367e-02 4.243055731058120728e-02 6.232403963804244995e-02 6.645973189733922482e-04 7.524266839027404785e-03 2.488046139478683472e-02 9.397034533321857452e-03 1.892877975478768349e-03 4.409522190690040588e-02 1.553542632609605789e-02 1.407730113714933395e-02 5.434905365109443665e-02 2.666101790964603424e-02 5.177930742502212524e-02 3.112222440540790558e-02 8.841559290885925293e-03 9.804837172850966454e-04 1.830729097127914429e-02 1.141266315244138241e-03 5.064951255917549133e-02 5.277914181351661682e-02
