7.431989163160324097e-02 2.053315192461013794e-01 1.233599893748760223e-02 1.352587342262268066e-02 8.974724449217319489e-03 2.668491303920745850e-01 1.483093500137329102e-01 2.466343156993389130e-02 3.317690640687942505e-02 3.427503257989883423e-02 2.728679776191711426e-01 1.047972403466701508e-02 8.516138792037963867e-02 4.583879187703132629e-02 4.801234975457191467e-02 4.340631421655416489e-03 3.490218520164489746e-02 1.012709829956293106e-02 5.109446588903665543e-03 1.659436151385307312e-02 1.314309332519769669e-02 7.577720284461975098e-02 4.084175825119018555e-02 5.667689070105552673e-02 8.492444641888141632e-03 1.487278565764427185e-02 2.357803517952561378e-03 1.487995963543653488e-02 7.264658808708190918e-03 7.883467711508274078e-03 7.819543033838272095e-02 2.019332908093929291e-02 1.451791147701442242e-03 6.311432458460330963e-03 4.553955513983964920e-03 1.784054934978485107e-02 9.210102260112762451e-03 7.737145293503999710e-03 8.341928571462631226e-02 8.980174362659454346e-02 7.109807431697845459e-02 5.870666820555925369e-03 3.999454528093338013e-02 9.875857271254062653e-03 8.518961258232593536e-03 7.108887284994125366e-02 1.175486892461776733e-01 3.718005958944559097e-03 1.834946125745773315e-02 2.329318597912788391e-02 2.836908027529716492e-02 1.237507835030555725e-01 4.218794777989387512e-02 1.318781729787588120e-02 8.897555992007255554e-03 7.027598470449447632e-02 3.605055809020996094e-02 2.155349589884281158e-02 4.028079658746719360e-02 2.150701824575662613e-03 3.138231858611106873e-02 3.757114708423614502e-02 3.323131799697875977e-02 2.557878009974956512e-02 7.734376937150955200e-02 1.014018803834915161e-02 1.089243032038211823e-02 1.417069602757692337e-02 5.437909066677093506e-02 2.863282524049282074e-02 1.243640482425689697e-02 2.477479353547096252e-02 7.101307809352874756e-02 4.319465905427932739e-02 1.288048177957534790e-02 1.440296764485538006e-03 5.515605583786964417e-02 7.102241273969411850e-03 5.487138777971267700e-02 2.475761249661445618e-02 1.780160702764987946e-02 2.023310866206884384e-03 3.236462920904159546e-02 7.177530229091644287e-02 2.635032311081886292e-02 2.264138311147689819e-02 6.446654442697763443e-03 2.291644737124443054e-02 8.069910854101181030e-02 2.606801129877567291e-02 3.577882423996925354e-02 3.475518524646759033e-02 7.412957958877086639e-03 3.879058361053466797e-02 3.192659094929695129e-02 3.487068042159080505e-02 3.035142645239830017e-02 7.068838179111480713e-02 1.193146593868732452e-02 4.928728565573692322e-02 4.263634979724884033e-02 1.728659309446811676e-02 1.813086122274398804e-02 2.613264508545398712e-02 5.090922582894563675e-03 5.183130130171775818e-02 5.319995060563087463e-02 5.398141592741012573e-02 1.489065308123826981e-02 1.143104117363691330e-02 4.881153255701065063e-02 3.607825934886932373e-02 3.310775756835937500e-02 4.103849083185195923e-02 3.650751337409019470e-02 2.458296716213226318e-02
2.053315192461013794e-01 1.360368914902210236e-02 6.145267561078071594e-02 8.468628861010074615e-03 2.731526456773281097e-02 1.169373318552970886e-01 1.974442601203918457e-01 3.220592066645622253e-02 3.525379579514265060e-03 5.573382601141929626e-02 5.979198589920997620e-02 3.213980421423912048e-02 2.659104764461517334e-01 4.382247850298881531e-02 4.903830587863922119e-02 4.229838401079177856e-02 2.983942069113254547e-02 7.983722537755966187e-02 3.725532814860343933e-02 3.419980779290199280e-02 1.917213946580886841e-02 2.419159980490803719e-03 4.903079941868782043e-02 6.531254854053258896e-03 4.313394427299499512e-02 3.803131356835365295e-02 5.265432968735694885e-02 6.226237863302230835e-03 5.487229302525520325e-02 3.865805268287658691e-02 4.221483692526817322e-02 2.655984088778495789e-02 2.795804664492607117e-02 2.418901398777961731e-02 1.881404407322406769e-02 3.968659043312072754e-02 8.455753559246659279e-04 1.493657007813453674e-02 3.843078762292861938e-02 9.510179981589317322e-03 2.856243401765823364e-02 8.464650250971317291e-03 1.086761523038148880e-02 1.030576135963201523e-02 1.632769359275698662e-03 2.469580247998237610e-02 1.154749561101198196e-02 5.474994704127311707e-02 3.398323431611061096e-02 7.519657909870147705e-02 7.265033666044473648e-03 1.131509081460535526e-03 2.908476069569587708e-02 1.002968288958072662e-02 3.543278202414512634e-02 5.106468126177787781e-02 2.304196543991565704e-02 3.427516669034957886e-02 1.465516909956932068e-02 1.124440692365169525e-02 8.386347442865371704e-02 5.053473263978958130e-02 8.365684188902378082e-03 3.966775909066200256e-02 1.645281910896301270e-02 3.091116994619369507e-02 5.407094210386276245e-02 2.546835504472255707e-02 1.418939605355262756e-02 6.784884631633758545e-02 2.050585858523845673e-02 3.520340472459793091e-02 3.873565793037414551e-02 4.189406335353851318e-02 4.304415080696344376e-03 3.410470858216285706e-02 4.645838402211666107e-03 3.448677435517311096e-02 1.907799206674098969e-02 3.245443850755691528e-02 4.396179690957069397e-02 1.288043567910790443e-03 4.874878004193305969e-02 5.409983545541763306e-02 2.659632638096809387e-02 7.288073748350143433e-02 1.568869128823280334e-02 1.206296905875205994e-01 3.164036199450492859e-03 2.876175334677100182e-03 1.386839710175991058e-02 1.354796066880226135e-02 1.577039435505867004e-02 2.543324045836925507e-02 2.444997057318687439e-02 4.371959250420331955e-03 2.183799631893634796e-02 3.324297443032264709e-02 2.505521662533283234e-02 2.043974585831165314e-02 1.268262602388858795e-02 3.997039981186389923e-03 5.668277386575937271e-03 1.313272956758737564e-02 1.657596416771411896e-02 2.764207310974597931e-02 2.214030362665653229e-02 2.372612990438938141e-02 1.168136950582265854e-03 2.473041415214538574e-02 2.187912818044424057e-03 3.411215147934854031e-04 6.505829840898513794e-02 1.168324798345565796e-02 3.722646832466125488e-02 7.663939893245697021e-02
1.233599893748760223e-02 6.145267561078071594e-02 7.148914784193038940e-02 6.346526741981506348e-02 1.784390583634376526e-02 5.620981380343437195e-02 6.411413848400115967e-02 1.258328706026077271e-01 9.568536654114723206e-03 1.958142407238483429e-02 6.387799512594938278e-03 4.154628142714500427e-02 3.697138652205467224e-02 6.023402512073516846e-02 3.009240143001079559e-02 9.092757850885391235e-02 5.126055702567100525e-02 4.254006221890449524e-02 3.281760029494762421e-03 2.504470944404602051e-02 3.773825988173484802e-02 4.030179977416992188e-02 3.510354831814765930e-02 4.927681758999824524e-03 2.464142395183444023e-03 2.464743703603744507e-02 4.863402806222438812e-03 3.521367162466049194e-02 4.772947728633880615e-02 2.770539186894893646e-02 4.085953813046216965e-03 3.598165884613990784e-02 2.802275121212005615e-02 1.308707986027002335e-02 6.361210718750953674e-03 1.412597601301968098e-03 3.179123392328619957e-03 2.684254758059978485e-02 2.680680342018604279e-02 1.802501827478408813e-02 8.452592417597770691e-03 4.313678294420242310e-02 3.477151039987802505e-03 1.022704504430294037e-02 1.107720541767776012e-03 1.594440825283527374e-02 4.773160908371210098e-03 6.431989371776580811e-02 6.727581378072500229e-03 3.362068906426429749e-02 1.889950968325138092e-02 6.070004776120185852e-03 1.025242544710636139e-02 3.527434915304183960e-02 2.088336460292339325e-02 2.630428224802017212e-02 1.854019798338413239e-02 2.471892349421977997e-02 1.140298135578632355e-02 1.337439473718404770e-02 2.365349046885967255e-02 4.697842895984649658e-02 2.228718623518943787e-02 6.929524987936019897e-02 3.718877583742141724e-02 4.488731920719146729e-02 2.045296877622604370e-02 1.764291897416114807e-02 2.543543279170989990e-02 2.355272136628627777e-02 5.936838313937187195e-02 5.088843777775764465e-02 2.285256423056125641e-02 1.948959566652774811e-02 1.174730528146028519e-02 3.271749615669250488e-02 1.755565777420997620e-02 4.528805613517761230e-02 3.385785222053527832e-02 5.621944740414619446e-02 7.543611526489257812e-02 4.366882517933845520e-02 9.842393919825553894e-03 3.095691278576850891e-02 1.095321215689182281e-02 4.620342329144477844e-02 5.861156433820724487e-02 1.088740769773721695e-03 2.171331644058227539e-02 1.786336302757263184e-02 4.937307164072990417e-02 2.225678786635398865e-02 2.693232148885726929e-02 2.741958200931549072e-02 2.426614984869956970e-02 1.902591995894908905e-02 6.338741630315780640e-02 3.690465912222862244e-02 2.668507583439350128e-02 4.050613939762115479e-02 4.859690554440021515e-03 3.395093604922294617e-02 1.022632867097854614e-01 6.954777240753173828e-02 4.021257627755403519e-03 6.002362072467803955e-02 1.474297139793634415e-02 2.014708705246448517e-02 2.961044944822788239e-02 1.509395055472850800e-02 3.781727328896522522e-02 1.114696916192770004e-02 8.414637297391891479e-03 1.007036864757537842e-02 1.282226946204900742e-02 4.700715653598308563e-03
1.352587342262268066e-02 8.468628861010074615e-03 6.346526741981506348e-02 8.879510685801506042e-03 2.197614163160324097e-01 1.510046701878309250e-02 3.987422678619623184e-03 2.296259254217147827e-02 1.921750605106353760e-02 4.475903138518333435e-02 5.404305830597877502e-02 7.363224867731332779e-03 1.826803572475910187e-02 1.922862976789474487e-02 2.695932611823081970e-02 6.590775400400161743e-02 1.684626378118991852e-02 2.120620012283325195e-02 5.273100454360246658e-03 1.623452454805374146e-02 1.610358594916760921e-03 1.996263489127159119e-02 2.133877761662006378e-02 1.083174813538789749e-02 4.005149938166141510e-03 4.933505877852439880e-02 1.547431666404008865e-02 1.162422262132167816e-02 3.685840591788291931e-02 8.428201079368591309e-03 4.152320325374603271e-02 3.691195324063301086e-02 6.241132318973541260e-02 1.493014302104711533e-02 7.996442914009094238e-02 2.084715478122234344e-02 1.697027124464511871e-02 6.568080931901931763e-02 1.485399007797241211e-01 6.471530348062515259e-02 4.682419076561927795e-02 2.348119625821709633e-03 2.881012298166751862e-02 2.015197835862636566e-02 1.075194310396909714e-02 4.027807340025901794e-02 2.252220548689365387e-02 1.226260210387408733e-03 1.900829747319221497e-02 1.000075601041316986e-03 7.288940995931625366e-02 6.558508425951004028e-02 1.403362210839986801e-02 2.048743702471256256e-02 2.171558886766433716e-02 3.501395136117935181e-02 5.663669854402542114e-02 4.942603036761283875e-02 2.671184949576854706e-02 7.493565976619720459e-02 1.349815353751182556e-02 4.664296656847000122e-02 6.342777609825134277e-02 1.614495925605297089e-02 2.872617682442069054e-03 4.521052911877632141e-02 1.615008153021335602e-02 1.220603100955486298e-02 5.722803249955177307e-02 3.211294114589691162e-02 4.825629293918609619e-02 1.039345934987068176e-02 2.199198603630065918e-01 2.339182049036026001e-02 1.667508035898208618e-01 4.623070731759071350e-02 8.134697563946247101e-03 1.770643331110477448e-02 2.321225591003894806e-02 1.535772159695625305e-02 3.120842762291431427e-02 1.936220191419124603e-02 1.224921122193336487e-01 7.659194618463516235e-02 2.863840013742446899e-02 9.853522293269634247e-03 1.944490941241383553e-03 3.373425453901290894e-02 2.687246538698673248e-02 4.741024598479270935e-02 1.008768938481807709e-02 9.443634189665317535e-03 3.563277795910835266e-02 2.850520052015781403e-02 5.510883033275604248e-02 2.936916612088680267e-02 3.457324579358100891e-02 5.542947351932525635e-02 7.751575857400894165e-02 1.894268952310085297e-02 2.252930961549282074e-02 1.358375139534473419e-02 5.964211188256740570e-03 4.198362305760383606e-02 4.002370685338973999e-02 6.511521060019731522e-03 2.721942029893398285e-02 2.607348933815956116e-02 3.307482600212097168e-02 4.698810633271932602e-03 4.138796776533126831e-02 1.367744803428649902e-02 1.705949380993843079e-02 2.876257523894309998e-03 6.688862922601401806e-04 1.098803803324699402e-02
8.974724449217319489e-03 2.731526456773281097e-02 1.784390583634376526e-02 2.197614163160324097e-01 5.024559423327445984e-02 3.507328033447265625e-02 2.662377245724201202e-02 2.483992278575897217e-02 1.632462628185749054e-02 2.564671635627746582e-02 5.142265930771827698e-02 2.676620893180370331e-02 2.057689428329467773e-02 5.248655378818511963e-02 3.103401686530560255e-04 9.112513810396194458e-02 7.872170768678188324e-03 5.135125666856765747e-02 3.623650968074798584e-02 4.308337345719337463e-03 2.881407272070646286e-03 2.680795639753341675e-02 6.723306328058242798e-02 2.190889418125152588e-02 1.625671517103910446e-03 2.303829230368137360e-02 3.347636759281158447e-02 2.583801560103893280e-02 6.223778799176216125e-02 9.612614288926124573e-03 2.925973618403077126e-03 2.687921375036239624e-02 1.089724525809288025e-01 4.927274212241172791e-02 1.676669716835021973e-02 1.058412622660398483e-02 1.524396985769271851e-02 4.338002949953079224e-02 2.428097836673259735e-02 8.909972384572029114e-03 4.374034330248832703e-02 1.302000042051076889e-02 3.039709059521555901e-03 6.128238514065742493e-02 1.218755450099706650e-02 1.752426102757453918e-02 3.317556809633970261e-03 2.625312097370624542e-02 3.445284068584442139e-02 8.783886581659317017e-02 2.992946654558181763e-02 7.114167511463165283e-02 5.872538313269615173e-02 6.133196130394935608e-02 4.245846346020698547e-02 2.334892377257347107e-02 2.220696769654750824e-02 1.395396981388330460e-02 7.435625046491622925e-02 2.322264388203620911e-02 4.155118390917778015e-02 9.995566681027412415e-03 9.463088586926460266e-03 6.384129077196121216e-02 1.419754605740308762e-02 1.411383692175149918e-02 3.529260680079460144e-02 2.957909018732607365e-04 2.438310906291007996e-02 4.184486533631570637e-05 3.819869086146354675e-02 5.138179287314414978e-03 2.682702988386154175e-02 3.395300731062889099e-02 1.451596617698669434e-01 1.421488635241985321e-02 4.066541045904159546e-02 4.101297259330749512e-02 1.320484746247529984e-02 1.015154458582401276e-02 4.768847301602363586e-02 2.758600935339927673e-02 4.611377045512199402e-02 4.042338579893112183e-02 1.044184900820255280e-02 4.581582918763160706e-02 1.520081982016563416e-02 9.613248519599437714e-03 4.649318382143974304e-02 2.822402864694595337e-02 7.581973820924758911e-02 1.891900040209293365e-02 2.531290240585803986e-02 1.767254248261451721e-02 2.129010669887065887e-02 5.012583732604980469e-02 7.335489988327026367e-02 6.380640715360641479e-02 1.266492181457579136e-03 1.439358573406934738e-02 3.372137993574142456e-02 4.352219030261039734e-02 9.072989970445632935e-02 1.098703667521476746e-01 1.170512139797210693e-01 4.060173407196998596e-02 4.077931866049766541e-02 5.386108532547950745e-04 8.397280424833297729e-02 4.521552473306655884e-02 7.979698479175567627e-02 7.295955717563629150e-02 1.493008993566036224e-02 1.519888173788785934e-02 5.866302549839019775e-02 3.675084095448255539e-03
2.668491303920745850e-01 1.169373318552970886e-01 5.620981380343437195e-02 1.510046701878309250e-02 3.507328033447265625e-02 5.104921758174896240e-02 3.469937741756439209e-01 2.544946782290935516e-02 3.226993372663855553e-03 2.053219359368085861e-03 5.406178534030914307e-02 5.268449708819389343e-02 6.825824081897735596e-02 3.785923123359680176e-02 4.074215516448020935e-02 1.843504980206489563e-02 3.395840059965848923e-03 1.561765000224113464e-02 3.233206272125244141e-02 1.860085502266883850e-02 1.931809075176715851e-02 5.370588228106498718e-02 6.357603520154953003e-02 6.135990843176841736e-02 1.712379045784473419e-02 1.801209896802902222e-02 5.316344648599624634e-02 2.305931225419044495e-02 2.039155364036560059e-02 1.155842561274766922e-02 1.196903288364410400e-01 3.884819103404879570e-03 1.179607026278972626e-02 3.634103015065193176e-02 7.029454410076141357e-02 7.582272589206695557e-02 3.127472847700119019e-02 6.189416162669658661e-03 1.346448902040719986e-02 4.175051581114530563e-03 3.673145920038223267e-02 3.927391394972801208e-02 1.024731695652008057e-01 9.098287671804428101e-02 7.325656712055206299e-02 8.441228419542312622e-02 2.078373283147811890e-01 7.468739897012710571e-02 3.002982027828693390e-02 4.311423748731613159e-02 8.845882490277290344e-03 2.971422486007213593e-02 4.158889502286911011e-02 7.305832579731941223e-03 2.626127563416957855e-02 4.228061996400356293e-03 1.350405439734458923e-02 4.365567862987518311e-02 2.704485878348350525e-02 1.216668076813220978e-02 9.890753775835037231e-03 2.657600864768028259e-02 5.829983577132225037e-02 9.944350458681583405e-03 4.254168365150690079e-03 3.107919730246067047e-02 2.361321449279785156e-02 2.138047292828559875e-02 3.321893140673637390e-02 4.473308846354484558e-02 4.294933006167411804e-02 9.739834815263748169e-03 3.778886795043945312e-02 2.586908638477325439e-03 6.858059018850326538e-02 2.512107044458389282e-02 6.569212675094604492e-02 2.563492208719253540e-02 5.796263366937637329e-02 3.354805707931518555e-02 8.755368739366531372e-02 2.073349431157112122e-02 2.082383260130882263e-02 1.045692861080169678e-01 3.956553339958190918e-02 3.520143404603004456e-02 1.688000187277793884e-02 5.076441168785095215e-02 5.157367512583732605e-02 5.783061310648918152e-02 5.676455423235893250e-02 8.931537158787250519e-03 5.923877656459808350e-02 4.280296713113784790e-02 5.159533582627773285e-03 4.091247171163558960e-02 3.056872449815273285e-02 5.405889078974723816e-02 6.903506815433502197e-02 4.304225370287895203e-02 1.024037715978920460e-03 2.458897419273853302e-02 4.276101663708686829e-02 3.976469859480857849e-02 1.611533388495445251e-02 1.100905053317546844e-02 5.077047273516654968e-02 2.383317984640598297e-02 2.103528007864952087e-02 3.258577361702919006e-02 3.995149955153465271e-02 1.419517397880554199e-02 1.117028575390577316e-02 4.554513096809387207e-02 9.477479010820388794e-02 6.382796168327331543e-02
1.483093500137329102e-01 1.974442601203918457e-01 6.411413848400115967e-02 3.987422678619623184e-03 2.662377245724201202e-02 3.469937741756439209e-01 4.584167897701263428e-02 5.997384432703256607e-03 1.348461303859949112e-02 2.945202216506004333e-02 1.097155082970857620e-02 4.788807407021522522e-02 9.191229194402694702e-02 1.071917042136192322e-01 5.686892196536064148e-02 2.427347004413604736e-02 9.151551872491836548e-03 5.309691652655601501e-02 2.845972590148448944e-02 1.669819653034210205e-02 2.271523885428905487e-02 1.212347298860549927e-02 2.047997899353504181e-02 5.023891478776931763e-02 1.169568207114934921e-02 3.124789334833621979e-02 4.726251587271690369e-02 6.353890150785446167e-02 5.683017522096633911e-02 8.331870287656784058e-02 7.508542388677597046e-02 4.523667320609092712e-02 4.005467891693115234e-02 3.805329650640487671e-02 1.340430136770009995e-02 6.072393432259559631e-02 8.241025730967521667e-03 5.638381931930780411e-03 8.541464805603027344e-03 3.273456543684005737e-02 4.113010130822658539e-03 5.453602597117424011e-02 1.575663238763809204e-01 5.871660262346267700e-02 1.924702199175953865e-03 8.180324733257293701e-02 1.956737786531448364e-01 8.222651481628417969e-02 1.042885240167379379e-02 1.080781873315572739e-02 1.971486210823059082e-02 8.338970690965652466e-02 3.197727724909782410e-02 8.309725672006607056e-03 6.015782058238983154e-02 2.030550874769687653e-02 2.298506349325180054e-02 3.335420414805412292e-02 3.792368993163108826e-02 3.189584240317344666e-02 7.525970786809921265e-02 1.513506751507520676e-02 2.697603963315486908e-02 3.869663458317518234e-03 1.037979219108819962e-02 4.464774578809738159e-02 4.295019060373306274e-02 2.705111540853977203e-02 1.273494865745306015e-02 1.372419763356447220e-02 3.263343125581741333e-02 9.655632078647613525e-03 1.393733080476522446e-03 2.385715954005718231e-02 3.193527460098266602e-02 1.738490187563002110e-03 4.493347182869911194e-02 1.466504298150539398e-02 4.892167448997497559e-02 4.178904369473457336e-02 1.659887656569480896e-02 2.701676636934280396e-02 4.171830043196678162e-02 2.143706660717725754e-03 4.739824309945106506e-02 3.034627065062522888e-02 4.528042674064636230e-02 4.222095757722854614e-02 1.534084323793649673e-02 7.086788117885589600e-02 7.016935944557189941e-02 5.533907562494277954e-02 9.615033119916915894e-02 1.682368107140064240e-02 2.161119878292083740e-02 3.959691151976585388e-02 3.566100448369979858e-02 1.466697175055742264e-02 1.056720223277807236e-02 1.720174774527549744e-02 2.801006659865379333e-02 1.436316967010498047e-02 2.440300956368446350e-02 2.270153164863586426e-02 4.802919924259185791e-02 1.380043942481279373e-02 3.499334305524826050e-02 3.929866850376129150e-02 1.042129937559366226e-02 2.556819841265678406e-02 1.415656134486198425e-02 3.642768412828445435e-02 3.289702534675598145e-02 6.811159849166870117e-02 2.026317454874515533e-02 4.726527631282806396e-02
2.466343156993389130e-02 3.220592066645622253e-02 1.258328706026077271e-01 2.296259254217147827e-02 2.483992278575897217e-02 2.544946782290935516e-02 5.997384432703256607e-03 3.789348527789115906e-02 2.545289136469364166e-02 6.596162449568510056e-03 3.609555214643478394e-02 1.409967988729476929e-02 3.405187278985977173e-02 1.445265114307403564e-02 8.467802405357360840e-02 2.805015258491039276e-02 2.211853489279747009e-02 3.778432682156562805e-02 5.093305185437202454e-02 2.351170405745506287e-02 1.513375900685787201e-03 6.005365401506423950e-03 8.716627024114131927e-03 1.453830394893884659e-02 1.063548773527145386e-02 2.730057947337627411e-02 3.848965838551521301e-02 3.059523925185203552e-02 9.947434999048709869e-03 3.112208098173141479e-02 3.532456234097480774e-02 3.347761929035186768e-02 1.322044152766466141e-02 1.753965578973293304e-02 3.622261062264442444e-02 1.588922739028930664e-02 1.579326950013637543e-02 8.404365181922912598e-02 5.372170358896255493e-02 6.967948749661445618e-03 1.893861219286918640e-02 4.592874273657798767e-02 2.123341523110866547e-02 4.924561083316802979e-02 7.088155485689640045e-03 4.689264297485351562e-02 4.673426970839500427e-02 2.772538177669048309e-02 3.842144738882780075e-03 1.795226591639220715e-03 1.395846437662839890e-02 1.777398586273193359e-02 2.180792391300201416e-03 1.422294322401285172e-02 5.333455651998519897e-02 2.029454521834850311e-02 2.368580549955368042e-03 2.027483098208904266e-02 9.812426287680864334e-04 1.798334345221519470e-02 1.274633686989545822e-03 3.750600665807723999e-02 6.602734792977571487e-03 8.673942834138870239e-02 3.694700077176094055e-02 3.304586932063102722e-02 1.594757102429866791e-02 2.182186581194400787e-02 7.248593028634786606e-03 2.735780738294124603e-02 6.795259565114974976e-02 5.026219785213470459e-02 1.134997350163757801e-03 3.274730220437049866e-02 3.088978677988052368e-02 3.263976052403450012e-02 3.541694581508636475e-02 3.974483348429203033e-03 1.130903605371713638e-02 3.169482946395874023e-02 7.248159497976303101e-02 1.165032908320426941e-01 1.266998611390590668e-02 1.742861047387123108e-02 1.689502783119678497e-02 2.122714743018150330e-02 8.236491680145263672e-02 6.579954922199249268e-02 5.411349609494209290e-02 5.807088455185294151e-04 5.113362520933151245e-02 2.930329181253910065e-02 4.061417281627655029e-02 2.313075214624404907e-02 4.025290161371231079e-02 9.464181028306484222e-03 6.507135927677154541e-02 4.462946578860282898e-02 3.712883964180946350e-02 2.953959256410598755e-02 2.454026043415069580e-02 1.718563959002494812e-02 6.117403879761695862e-02 2.943644486367702484e-02 3.668331727385520935e-02 1.271651871502399445e-02 5.384765565395355225e-02 4.374046251177787781e-02 4.747987538576126099e-02 2.183391340076923370e-02 3.680565953254699707e-02 9.891210123896598816e-03 4.367813840508460999e-02 2.902913279831409454e-02 3.975845873355865479e-02 3.698563575744628906e-02
3.317690640687942505e-02 3.525379579514265060e-03 9.568536654114723206e-03 1.921750605106353760e-02 1.632462628185749054e-02 3.226993372663855553e-03 1.348461303859949112e-02 2.545289136469364166e-02 2.221483737230300903e-02 2.389941550791263580e-02 4.989567212760448456e-03 6.752749532461166382e-02 8.478770032525062561e-03 2.969611063599586487e-02 2.575471252202987671e-02 2.829817682504653931e-02 2.163801714777946472e-02 1.838376671075820923e-01 4.525414109230041504e-02 2.825956791639328003e-02 7.658986374735832214e-03 8.669766597449779510e-03 5.756694078445434570e-02 4.699266329407691956e-02 4.479766264557838440e-02 3.889208659529685974e-02 3.598775016143918037e-03 2.612138167023658752e-02 6.308504939079284668e-02 2.327896840870380402e-02 7.738830149173736572e-02 2.591734984889626503e-03 8.700158447027206421e-03 2.420370467007160187e-02 4.283373057842254639e-02 3.309249132871627808e-02 2.957772463560104370e-02 5.044746026396751404e-02 5.981559678912162781e-02 2.319742366671562195e-02 8.304579555988311768e-02 1.756437122821807861e-01 9.983497671782970428e-03 2.177705988287925720e-02 1.103541478514671326e-01 8.582185208797454834e-02 1.472790073603391647e-02 2.104990370571613312e-02 2.135931849479675293e-01 2.412528172135353088e-02 4.992665350437164307e-02 4.586864635348320007e-02 2.136668004095554352e-02 3.594594821333885193e-02 1.110835298895835876e-01 7.977587729692459106e-02 3.121716715395450592e-02 3.917609155178070068e-02 4.230796545743942261e-02 2.191129513084888458e-02 1.852159015834331512e-02 2.302035922184586525e-03 6.147659942507743835e-02 4.944971948862075806e-02 2.979757077991962433e-02 1.110761659219861031e-03 2.021567150950431824e-02 3.861335664987564087e-02 2.530999854207038879e-02 1.304849330335855484e-02 4.000291973352432251e-02 4.292832687497138977e-02 1.223610155284404755e-02 1.672218786552548409e-03 5.556225311011075974e-03 4.011036455631256104e-02 2.238793522119522095e-01 2.235821820795536041e-02 1.767046153545379639e-01 1.353899855166673660e-02 3.056812286376953125e-02 2.883661771193146706e-03 6.281710229814052582e-04 2.390605211257934570e-02 1.039856346324086189e-03 3.213557973504066467e-02 2.209616824984550476e-02 3.342747315764427185e-02 3.125409409403800964e-02 3.391922637820243835e-02 4.976017028093338013e-02 1.925344765186309814e-02 3.615021705627441406e-02 3.725294396281242371e-02 2.546428702771663666e-02 1.784966676495969296e-03 2.943264693021774292e-02 4.028034955263137817e-02 6.084742397069931030e-02 5.327265337109565735e-02 5.093020200729370117e-02 1.852183230221271515e-02 6.814106367528438568e-03 2.503921464085578918e-02 2.254130691289901733e-02 1.443762681446969509e-03 3.303352370858192444e-02 3.123361989855766296e-02 4.901837185025215149e-02 3.099048696458339691e-02 6.606271117925643921e-02 7.054243981838226318e-02 3.195685148239135742e-02 2.009622752666473389e-02 1.439846958965063095e-02 4.062430933117866516e-02
3.427503257989883423e-02 5.573382601141929626e-02 1.958142407238483429e-02 4.475903138518333435e-02 2.564671635627746582e-02 2.053219359368085861e-03 2.945202216506004333e-02 6.596162449568510056e-03 2.389941550791263580e-02 1.985204778611660004e-02 6.313779950141906738e-02 9.170826524496078491e-03 2.801363170146942139e-02 4.939840175211429596e-03 2.054240740835666656e-02 2.253730781376361847e-02 7.553345710039138794e-02 1.403290592133998871e-02 9.398797899484634399e-02 2.745486609637737274e-02 1.985270529985427856e-02 4.853702336549758911e-02 3.272092342376708984e-02 7.515580207109451294e-02 3.016940504312515259e-02 1.397385075688362122e-02 4.735825955867767334e-02 5.006666854023933411e-02 1.203107275068759918e-02 4.013270139694213867e-02 7.078714552335441113e-04 4.281122609972953796e-02 3.237022459506988525e-02 5.762122571468353271e-02 6.270892173051834106e-02 5.442070215940475464e-02 3.044307045638561249e-02 6.530835293233394623e-03 1.017334777861833572e-02 8.140960335731506348e-02 4.839291796088218689e-02 5.592191219329833984e-02 2.419781684875488281e-02 5.674830079078674316e-02 3.954888135194778442e-02 1.175812482833862305e-01 1.383256725966930389e-02 6.542522460222244263e-02 4.278064705431461334e-03 1.723326146602630615e-01 2.040832862257957458e-02 1.332841068506240845e-01 7.612285204231739044e-03 8.569493889808654785e-03 6.505808234214782715e-02 7.707416266202926636e-02 2.312362007796764374e-02 3.306296840310096741e-02 5.315646529197692871e-03 1.989147067070007324e-02 5.478655453771352768e-03 3.280545026063919067e-02 2.373468503355979919e-02 4.920431599020957947e-02 2.779830433428287506e-02 4.113632813096046448e-02 2.320957183837890625e-02 1.371277379803359509e-03 1.200228929519653320e-02 3.334702923893928528e-02 2.212071418762207031e-02 7.148074917495250702e-03 1.511111203581094742e-02 8.496015518903732300e-02 2.078695222735404968e-02 3.314157947897911072e-02 4.052218981087207794e-03 2.186522185802459717e-01 1.024129707366228104e-02 1.867082118988037109e-01 5.306224897503852844e-02 4.242071136832237244e-02 8.173972368240356445e-02 7.934746146202087402e-02 4.110394977033138275e-03 8.382170647382736206e-02 1.100467611104249954e-02 3.313808515667915344e-02 2.104006148874759674e-02 5.345974490046501160e-02 2.149171940982341766e-02 8.519710972905158997e-03 2.321827225387096405e-02 5.885942839086055756e-03 5.233585089445114136e-02 3.449672833085060120e-02 1.675756089389324188e-02 5.072757601737976074e-02 1.456840429455041885e-02 6.316346116364002228e-03 3.375186771154403687e-02 2.350882254540920258e-02 3.322498872876167297e-02 1.103697903454303741e-02 1.235255855135619640e-03 4.422071855515241623e-03 3.494319319725036621e-02 4.874500259757041931e-02 3.365252912044525146e-02 5.222032219171524048e-02 3.163240477442741394e-02 9.238314232788980007e-04 2.508827298879623413e-02 6.712757516652345657e-03 6.479812413454055786e-02 2.170053077861666679e-03
2.728679776191711426e-01 5.979198589920997620e-02 6.387799512594938278e-03 5.404305830597877502e-02 5.142265930771827698e-02 5.406178534030914307e-02 1.097155082970857620e-02 3.609555214643478394e-02 4.989567212760448456e-03 6.313779950141906738e-02 9.350048378109931946e-03 3.526379168033599854e-02 1.342599391937255859e-01 2.661073952913284302e-02 3.122127382084727287e-04 2.574180252850055695e-02 1.782421767711639404e-02 2.902207151055335999e-02 2.876441925764083862e-02 8.919641375541687012e-03 4.413167946040630341e-03 6.859870254993438721e-02 3.143011778593063354e-02 3.267383202910423279e-02 4.278368502855300903e-02 2.363877929747104645e-02 3.099067322909832001e-02 1.508669648319482803e-02 1.960591040551662445e-02 4.457179829478263855e-02 4.447226971387863159e-02 2.328340429812669754e-03 2.959768846631050110e-02 1.582992263138294220e-02 4.326251894235610962e-02 1.839835755527019501e-02 3.013273514807224274e-02 1.568394154310226440e-02 2.561646886169910431e-02 5.989769939333200455e-03 9.100908413529396057e-03 2.635497227311134338e-02 6.871222704648971558e-02 4.159102961421012878e-02 3.991537541151046753e-02 1.356103923171758652e-02 1.615104526281356812e-01 5.751511454582214355e-02 3.034159308299422264e-03 3.193512186408042908e-02 5.732415989041328430e-02 9.821303933858871460e-02 2.118131704628467560e-02 2.868039347231388092e-02 1.878383383154869080e-02 6.076875724829733372e-04 3.992348164319992065e-02 5.167054012417793274e-02 1.439333613961935043e-02 1.051878090947866440e-02 5.282211676239967346e-02 3.022212535142898560e-03 3.377501294016838074e-02 2.892330661416053772e-02 2.051869630813598633e-01 5.585317965596914291e-03 2.992495149374008179e-02 5.134651064872741699e-02 4.467598721385002136e-02 3.583568334579467773e-02 1.785678230226039886e-02 5.887541919946670532e-02 5.554642528295516968e-02 2.082586847245693207e-02 1.836399734020233154e-02 1.187048479914665222e-02 5.472861602902412415e-02 4.277104884386062622e-02 8.147379383444786072e-03 2.686074748635292053e-02 8.873880840837955475e-03 4.665899276733398438e-02 3.307943791151046753e-02 3.846720978617668152e-02 3.265176340937614441e-02 5.649899318814277649e-02 6.332141812890768051e-03 3.167092055082321167e-02 1.309051737189292908e-02 4.905725270509719849e-02 4.725033044815063477e-02 1.773398071527481079e-01 3.477645665407180786e-02 4.977458622306585312e-03 1.559767965227365494e-02 5.639676377177238464e-02 3.715457394719123840e-02 3.946766257286071777e-02 2.726394310593605042e-02 3.931244462728500366e-02 3.718383610248565674e-02 1.471526105888187885e-03 1.183888223022222519e-02 3.819603472948074341e-02 6.231741979718208313e-02 1.490527857095003128e-02 6.824912037700414658e-03 5.864002183079719543e-02 2.658691629767417908e-02 3.503963351249694824e-02 2.088643237948417664e-02 8.021811954677104950e-03 6.116621661931276321e-03 1.739132776856422424e-02 1.690999418497085571e-02 4.019683972001075745e-02
1.047972403466701508e-02 3.213980421423912048e-02 4.154628142714500427e-02 7.363224867731332779e-03 2.676620893180370331e-02 5.268449708819389343e-02 4.788807407021522522e-02 1.409967988729476929e-02 6.752749532461166382e-02 9.170826524496078491e-03 3.526379168033599854e-02 2.611980400979518890e-02 2.686325088143348694e-02 2.424647063016891479e-01 5.092313513159751892e-02 3.256240114569664001e-02 4.986428469419479370e-02 2.931416593492031097e-02 2.515353076159954071e-02 1.417147461324930191e-02 1.329825143329799175e-03 5.026108771562576294e-02 4.230502247810363770e-02 1.709562540054321289e-02 4.314358346164226532e-03 5.285735707730054855e-03 3.699190169572830200e-02 2.007110714912414551e-01 7.238881289958953857e-02 1.247290819883346558e-01 5.572468508034944534e-03 6.183970253914594650e-03 2.294453419744968414e-02 1.906150579452514648e-02 7.308318465948104858e-02 1.468323636800050735e-02 2.680989541113376617e-02 2.239456400275230408e-02 4.299954697489738464e-02 4.343323409557342529e-02 2.632890129461884499e-03 7.851564884185791016e-02 4.429442435503005981e-02 7.347182836383581161e-03 1.166684478521347046e-01 4.992097243666648865e-02 8.799929916858673096e-02 4.311726661399006844e-04 1.172876637428998947e-02 4.465615749359130859e-02 1.944609917700290680e-02 5.459562689065933228e-02 1.904547773301601410e-02 2.340622618794441223e-02 8.221140131354331970e-03 1.167922839522361755e-02 6.301373243331909180e-02 3.629843145608901978e-02 2.800871990621089935e-02 2.036877349019050598e-02 5.272068455815315247e-02 4.403528571128845215e-02 1.494363509118556976e-02 3.144412860274314880e-02 2.355356886982917786e-02 8.639402687549591064e-03 1.081469375640153885e-02 2.073709480464458466e-02 3.750399127602577209e-02 5.033057928085327148e-02 8.142781257629394531e-02 5.652620270848274231e-02 8.487708121538162231e-02 4.144150763750076294e-02 5.579880625009536743e-02 8.582634851336479187e-03 2.343909442424774170e-02 1.973555609583854675e-02 6.132182851433753967e-02 2.855470031499862671e-02 2.718631876632571220e-03 3.827531263232231140e-02 2.056060917675495148e-02 4.059790074825286865e-02 4.876510865869931877e-05 5.577222630381584167e-02 1.113246311433613300e-03 3.675952786579728127e-03 9.858168661594390869e-02 3.377543017268180847e-02 1.766582764685153961e-02 1.386318076401948929e-02 2.292182296514511108e-02 2.774279564619064331e-02 5.178350210189819336e-02 2.743885479867458344e-02 4.552786238491535187e-03 1.270871609449386597e-02 2.906607836484909058e-02 3.125220537185668945e-02 1.291318796575069427e-02 3.495750576257705688e-02 1.385780610144138336e-02 5.676389858126640320e-02 9.419916197657585144e-03 1.496913610026240349e-03 3.265985473990440369e-02 9.501256048679351807e-02 1.083873445168137550e-03 4.367887158878147602e-04 1.209841948002576828e-02 8.075712621212005615e-02 9.124211966991424561e-03 2.215191489085555077e-03 1.230702549219131470e-02 5.569298565387725830e-02
8.516138792037963867e-02 2.659104764461517334e-01 3.697138652205467224e-02 1.826803572475910187e-02 2.057689428329467773e-02 6.825824081897735596e-02 9.191229194402694702e-02 3.405187278985977173e-02 8.478770032525062561e-03 2.801363170146942139e-02 1.342599391937255859e-01 2.686325088143348694e-02 2.736709453165531158e-02 1.328897755593061447e-02 6.013967096805572510e-02 3.170213103294372559e-02 5.859995260834693909e-03 3.562682121992111206e-02 1.602184772491455078e-02 4.540567845106124878e-02 9.271691553294658661e-03 8.392803370952606201e-02 3.960300609469413757e-02 1.831128820776939392e-02 2.745577320456504822e-02 5.379138048738241196e-03 4.504037648439407349e-02 7.142069190740585327e-02 2.464019926264882088e-03 1.349268388003110886e-02 7.804536074399948120e-02 1.225661206990480423e-02 5.213696137070655823e-02 1.748161390423774719e-02 3.660586476325988770e-02 1.587284915149211884e-02 1.160704344511032104e-02 5.525837466120719910e-02 4.728715121746063232e-02 5.130622535943984985e-03 1.036270800977945328e-02 2.332562766969203949e-02 7.488490547984838486e-03 4.509096592664718628e-02 2.147517725825309753e-02 6.937789265066385269e-03 3.692204877734184265e-02 1.256835821550339460e-04 3.278860822319984436e-02 2.415177039802074432e-02 3.611355274915695190e-02 4.086983948945999146e-02 1.571085862815380096e-02 5.354971624910831451e-03 1.628394797444343567e-02 5.650556460022926331e-02 4.843670129776000977e-02 2.476939372718334198e-02 5.727368406951427460e-03 3.921420499682426453e-02 7.284907251596450806e-02 4.582134634256362915e-02 3.581782057881355286e-02 5.196202546358108521e-02 1.536321919411420822e-02 1.450735032558441162e-01 7.251641899347305298e-02 5.278458353132009506e-03 2.379250153899192810e-02 6.456229835748672485e-02 3.150867298245429993e-02 2.525731455534696579e-03 1.311815716326236725e-02 1.517256721854209900e-02 3.335025161504745483e-02 1.317352987825870514e-02 3.991371765732765198e-02 4.396438598632812500e-02 5.428234487771987915e-02 3.675570711493492126e-02 3.639673814177513123e-02 3.353224322199821472e-02 7.003980129957199097e-02 6.348641961812973022e-02 4.428712278604507446e-02 2.650673314929008484e-02 2.632871828973293304e-02 1.396340280771255493e-01 2.037238702178001404e-02 4.333867691457271576e-03 4.038787633180618286e-02 7.605861872434616089e-02 4.162938892841339111e-02 1.191588342189788818e-01 1.897319965064525604e-02 8.641844615340232849e-03 4.130997695028781891e-03 4.349679872393608093e-02 3.124357201159000397e-03 2.415992878377437592e-02 1.568003557622432709e-02 3.542693331837654114e-02 1.834399253129959106e-02 2.115753293037414551e-02 2.195576205849647522e-02 1.945657469332218170e-02 3.315047547221183777e-02 5.074033141136169434e-02 1.489252038300037384e-02 2.500155195593833923e-02 5.774375516921281815e-03 2.650966867804527283e-02 7.013445347547531128e-02 1.145239546895027161e-02 4.580618347972631454e-03 1.571669429540634155e-02
