1.294625103473663330e-01 3.009795546531677246e-01 2.050117962062358856e-02 1.740501262247562408e-02 1.332880812697112560e-03 1.600034385919570923e-01 2.673490718007087708e-02 2.690214850008487701e-02 1.224426645785570145e-02 5.041354894638061523e-02 1.658405810594558716e-01 1.550527475774288177e-02 1.585151553153991699e-01 3.695771843194961548e-02 1.881998963654041290e-02 2.615815401077270508e-02 3.575376793742179871e-02 4.988604411482810974e-02 3.797762468457221985e-02 6.597492378205060959e-03 1.292941160500049591e-02 2.058653905987739563e-02 4.412285517901182175e-03 4.803258925676345825e-02 7.982051372528076172e-02 7.123292889446020126e-03 2.988197468221187592e-02 2.769696339964866638e-02 7.993648946285247803e-02 1.066276221536099911e-03 3.669474646449089050e-02 2.339383121579885483e-03 3.720471169799566269e-03 5.161529779434204102e-02 2.576758526265621185e-02 4.095368459820747375e-02 6.678560376167297363e-02 4.589614272117614746e-02 3.922014031559228897e-03 3.389918059110641479e-02 4.892418906092643738e-02 2.074621990323066711e-02 3.181461617350578308e-02 1.986785605549812317e-02 8.282668888568878174e-03 5.132059007883071899e-02 3.502311930060386658e-02 8.385494351387023926e-03 3.818153589963912964e-02 2.793542575091123581e-03 2.324332296848297119e-02 6.054496858268976212e-03 3.480841964483261108e-02 6.061387434601783752e-02 9.555922821164131165e-03 2.765629068017005920e-02 7.109014317393302917e-03 5.832506343722343445e-02 4.512701183557510376e-02 5.841277074068784714e-03 2.522789500653743744e-02 1.887753047049045563e-02 4.095227643847465515e-02 2.981979399919509888e-02 2.094087190926074982e-02 6.137325987219810486e-02 1.525071728974580765e-02 7.288780063390731812e-03 1.287606719415634871e-04 6.149673089385032654e-02 1.252976898103952408e-02 1.329634338617324829e-02 1.275227498263120651e-02 5.639197304844856262e-02 2.106729894876480103e-02 2.671336755156517029e-02 2.903245622292160988e-03 4.219436272978782654e-02 7.812235504388809204e-02 8.631669729948043823e-02 4.410500451922416687e-02 8.893619291484355927e-03 4.016711190342903137e-02 7.091301679611206055e-02 4.657415300607681274e-02 1.741618663072586060e-02 1.877513015642762184e-03 2.473841421306133270e-02 1.834759255871176720e-03 1.820833422243595123e-02 3.874675929546356201e-02 2.111386321485042572e-02 3.989621624350547791e-02 7.556565105915069580e-02 3.898892924189567566e-02 4.792891442775726318e-02 4.694653674960136414e-02 1.567755453288555145e-02 4.138933867216110229e-02 4.403855279088020325e-02 4.984502214938402176e-03 1.879804953932762146e-02 3.553302586078643799e-02 5.562467500567436218e-02 1.010097283869981766e-02 4.969076439738273621e-02 3.279366716742515564e-02 1.769610680639743805e-02 1.184833887964487076e-02 4.269361868500709534e-02 1.302114035934209824e-02 2.832596423104405403e-03 2.789159538224339485e-03 1.536126062273979187e-02 1.529516186565160751e-02 2.997498400509357452e-02
3.009795546531677246e-01 1.430449038743972778e-01 4.297072440385818481e-02 5.985025782138109207e-03 3.187086805701255798e-02 1.340571194887161255e-01 6.574893742799758911e-02 2.667246386408805847e-02 8.989190682768821716e-04 3.022817708551883698e-02 1.416493207216262817e-01 1.201531384140253067e-02 1.885987520217895508e-01 1.542348880320787430e-02 2.777853235602378845e-02 3.000209107995033264e-02 1.153198070824146271e-02 5.042273551225662231e-02 4.788815230131149292e-02 3.268332779407501221e-02 1.358725503087043762e-02 2.388869225978851318e-02 2.282943017780780792e-02 2.428763918578624725e-02 3.638539463281631470e-02 1.350784581154584885e-02 1.222683489322662354e-02 4.906511679291725159e-02 7.370822131633758545e-02 1.487795147113502026e-03 1.428719144314527512e-02 6.026352290064096451e-03 2.698661386966705322e-02 4.149064421653747559e-03 2.652601152658462524e-02 1.984949409961700439e-02 2.381818136200308800e-03 5.774037539958953857e-02 1.724072918295860291e-02 3.110959567129611969e-02 4.074602946639060974e-02 9.098610840737819672e-03 3.350731730461120605e-02 5.414437502622604370e-03 4.970780387520790100e-02 1.785608194768428802e-02 4.801311343908309937e-02 1.274774596095085144e-02 9.841819293797016144e-03 2.626479044556617737e-02 1.751161366701126099e-02 4.573835805058479309e-02 1.574504189193248749e-02 3.647550567984580994e-02 4.363623633980751038e-02 3.300494700670242310e-02 4.807515069842338562e-03 1.328884623944759369e-03 1.132817380130290985e-02 9.875131770968437195e-03 1.069953572005033493e-02 1.369324605911970139e-02 4.189652949571609497e-02 2.849477808922529221e-03 2.041861228644847870e-02 6.184945255517959595e-02 6.216293666511774063e-03 1.551618147641420364e-02 8.550377562642097473e-03 2.035511285066604614e-02 1.896986551582813263e-02 2.179754711687564850e-02 1.899824477732181549e-02 4.816909506916999817e-02 1.812578924000263214e-02 1.959851244464516640e-03 7.192591205239295959e-03 3.383743762969970703e-02 5.632816255092620850e-02 2.689657732844352722e-02 4.329621419310569763e-02 2.388893999159336090e-02 5.586050078272819519e-02 4.443259164690971375e-02 4.226451739668846130e-02 1.428208220750093460e-02 2.263903804123401642e-02 3.752896562218666077e-02 5.544131249189376831e-02 5.119176581501960754e-02 1.247512083500623703e-02 4.523788578808307648e-03 1.994552090764045715e-02 7.329979538917541504e-02 9.844987653195858002e-03 2.222644723951816559e-02 1.843966171145439148e-02 2.774589136242866516e-02 2.519877813756465912e-02 2.685499005019664764e-02 1.195664890110492706e-02 1.646584831178188324e-02 1.277631148695945740e-02 3.020756505429744720e-02 4.626445472240447998e-02 3.751892596483230591e-02 5.921472795307636261e-03 3.379308432340621948e-02 3.154430165886878967e-02 6.252139061689376831e-02 1.933315210044384003e-02 8.295593783259391785e-03 6.230569910258054733e-03 4.311361163854598999e-02 6.531983613967895508e-03 1.240764651447534561e-02
2.050117962062358856e-02 4.297072440385818481e-02 6.588261574506759644e-02 1.771361753344535828e-02 7.895259186625480652e-03 1.446768175810575485e-02 4.589784517884254456e-02 2.170493155717849731e-01 4.186667036265134811e-03 6.587453186511993408e-02 2.358901314437389374e-03 1.704624444246292114e-01 6.329299416393041611e-03 9.441375732421875000e-02 3.759201243519783020e-02 1.756036281585693359e-02 4.365473985671997070e-02 5.803004372864961624e-03 2.670379355549812317e-02 6.106160581111907959e-02 2.575164660811424255e-02 3.576322272419929504e-02 2.886749245226383209e-02 3.329337760806083679e-02 3.461527824401855469e-02 3.841126710176467896e-02 1.057440321892499924e-02 1.071640327572822571e-01 2.847456000745296478e-02 5.571989715099334717e-02 3.971605002880096436e-02 5.089056119322776794e-02 4.398338496685028076e-02 2.337650628760457039e-03 2.607711404561996460e-02 6.622934341430664062e-02 2.387395501136779785e-02 7.783089764416217804e-03 1.941900886595249176e-02 4.466024227440357208e-03 5.908391997218132019e-02 3.212596755474805832e-03 3.080251067876815796e-02 6.688595563173294067e-02 3.862552577629685402e-03 1.641321554780006409e-02 1.682982407510280609e-02 4.265352711081504822e-02 7.246538531035184860e-03 1.899218373000621796e-02 1.979617774486541748e-02 2.018075250089168549e-02 3.915059566497802734e-02 5.851408466696739197e-03 3.962277993559837341e-02 3.345725312829017639e-02 9.271678514778614044e-03 1.040382403880357742e-02 1.881953142583370209e-02 7.063220441341400146e-02 3.213925659656524658e-02 1.528743095695972443e-02 2.946242224425077438e-03 1.059059612452983856e-02 1.745450496673583984e-02 4.365921020507812500e-02 6.208072602748870850e-02 1.533085759729146957e-02 1.103675924241542816e-02 4.663639236241579056e-03 3.475388139486312866e-02 1.338185183703899384e-02 8.608304895460605621e-03 2.441604249179363251e-02 6.462789606302976608e-03 2.245453931391239166e-02 2.740918658673763275e-02 1.955050174728967249e-05 5.275500565767288208e-02 2.866076119244098663e-02 2.431686818599700928e-01 2.470615655183792114e-01 1.943087764084339142e-02 8.103306405246257782e-03 3.006724826991558075e-02 8.807783573865890503e-02 3.991062939167022705e-02 1.742390356957912445e-02 1.005541905760765076e-02 4.885796085000038147e-02 2.011758647859096527e-02 2.908726781606674194e-02 1.082200184464454651e-02 1.218929979950189590e-02 3.289362415671348572e-02 1.294994913041591644e-02 1.543556922115385532e-03 5.169586092233657837e-02 2.497872151434421539e-02 1.222174521535634995e-02 4.384798521641641855e-04 2.001306414604187012e-02 3.893532231450080872e-02 6.126166880130767822e-02 4.143803939223289490e-02 4.634024109691381454e-03 1.132079660892486572e-01 3.117290884256362915e-02 5.146310850977897644e-02 9.099601209163665771e-02 1.483891974203288555e-03 4.218285437673330307e-03 1.364227291196584702e-02 1.768276467919349670e-02 3.602117672562599182e-02 3.102628514170646667e-02
1.740501262247562408e-02 5.985025782138109207e-03 1.771361753344535828e-02 1.102964580059051514e-01 2.504602968692779541e-01 4.440495371818542480e-02 4.257360100746154785e-02 5.936203151941299438e-02 5.177006125450134277e-03 6.397774815559387207e-02 4.638578742742538452e-02 1.611411012709140778e-02 1.701579988002777100e-02 1.061212550848722458e-02 2.090944349765777588e-02 6.116299331188201904e-02 8.493329584598541260e-02 5.566133558750152588e-02 2.254024520516395569e-02 4.824931174516677856e-02 2.195305749773979187e-02 4.754565283656120300e-02 3.652920573949813843e-02 8.171274326741695404e-03 3.771190764382481575e-03 4.846173524856567383e-02 3.483252972364425659e-02 6.308976560831069946e-02 3.638779744505882263e-02 2.640032395720481873e-02 9.595459327101707458e-03 3.610073775053024292e-02 3.574644401669502258e-02 3.547944128513336182e-02 1.239491859450936317e-03 1.140743866562843323e-02 1.512392610311508179e-02 2.745597809553146362e-02 1.939328163862228394e-01 9.422086924314498901e-02 5.054731445852667093e-05 2.716230414807796478e-02 1.349433697760105133e-02 1.751471310853958130e-02 8.060774952173233032e-02 1.944614201784133911e-02 7.153031975030899048e-02 9.055851027369499207e-03 2.040327712893486023e-02 3.705848380923271179e-02 3.750974312424659729e-02 3.731971606612205505e-02 4.624239355325698853e-02 1.035586837679147720e-02 1.235871226526796818e-03 5.046853795647621155e-02 2.140043489634990692e-02 4.170394688844680786e-02 6.442598253488540649e-02 5.437548086047172546e-02 8.559418842196464539e-03 5.425232276320457458e-02 7.947261445224285126e-03 5.521951615810394287e-02 2.810005098581314087e-02 3.068094886839389801e-02 2.679322846233844757e-03 1.904659718275070190e-02 1.476568076759576797e-02 1.107444986701011658e-02 8.770140819251537323e-03 2.374426648020744324e-02 3.196795880794525146e-01 2.564546652138233185e-02 2.155560553073883057e-01 9.513053297996520996e-02 4.333055764436721802e-02 3.140810132026672363e-02 6.548614054918289185e-02 4.589095339179039001e-02 4.365435615181922913e-02 2.918612025678157806e-02 1.396620422601699829e-01 4.801984131336212158e-02 1.570001989603042603e-02 5.524847656488418579e-02 5.563966929912567139e-03 2.568371780216693878e-02 2.002287283539772034e-02 4.709522053599357605e-02 9.095282293856143951e-04 4.667224362492561340e-02 3.689772635698318481e-02 6.062581669539213181e-03 5.261709913611412048e-02 1.222302205860614777e-02 2.137911505997180939e-02 5.414954200387001038e-02 3.068336658179759979e-02 5.476301908493041992e-02 9.996317327022552490e-03 2.314898930490016937e-02 7.626804057508707047e-03 8.752312511205673218e-03 2.936111064627766609e-03 1.275917738676071167e-01 7.530772686004638672e-02 3.157469630241394043e-02 3.688196465373039246e-02 4.777804389595985413e-02 1.335433591157197952e-02 1.579797454178333282e-02 7.391130086034536362e-03 3.306768462061882019e-02 1.394292861223220825e-01 8.000122755765914917e-02
1.332880812697112560e-03 3.187086805701255798e-02 7.895259186625480652e-03 2.504602968692779541e-01 1.041810512542724609e-01 2.671606093645095825e-02 1.435804087668657303e-02 5.013926420360803604e-03 6.153593858471140265e-05 1.759154722094535828e-02 1.931644603610038757e-02 4.445996508002281189e-02 2.276519685983657837e-02 4.691240377724170685e-03 7.449924200773239136e-02 1.008044369518756866e-02 4.805959016084671021e-02 8.454598486423492432e-02 7.888690382242202759e-02 1.248561963438987732e-02 9.787636809051036835e-03 2.902628295123577118e-02 4.110040888190269470e-02 3.052826412022113800e-02 1.410810928791761398e-02 6.966794375330209732e-03 3.579325857572257519e-05 2.231397479772567749e-02 2.237254194915294647e-02 5.070378631353378296e-02 4.365215077996253967e-02 1.194390933960676193e-02 3.831698326393961906e-03 1.301396451890468597e-02 1.709985546767711639e-02 7.404555566608905792e-03 4.032004624605178833e-03 2.373263053596019745e-02 9.871820360422134399e-02 2.087843567132949829e-01 8.347458206117153168e-03 5.434497818350791931e-02 2.421439439058303833e-02 7.363115902990102768e-03 7.554314099252223969e-03 2.547841519117355347e-02 5.972319096326828003e-02 3.015519818291068077e-03 3.803773224353790283e-02 1.289419643580913544e-02 3.012900426983833313e-02 3.837572038173675537e-02 1.135195139795541763e-02 3.465866670012474060e-02 6.031318008899688721e-02 9.516428411006927490e-02 3.513523563742637634e-02 6.930754519999027252e-03 6.517140567302703857e-02 6.215171143412590027e-02 6.580889225006103516e-02 7.126040756702423096e-02 4.531359765678644180e-03 4.721152037382125854e-02 2.005142532289028168e-02 4.718227311968803406e-02 3.168553858995437622e-02 1.036695390939712524e-02 9.097073227167129517e-03 8.471801131963729858e-02 4.276527464389801025e-02 4.845900461077690125e-02 7.025489956140518188e-02 3.941676765680313110e-02 1.453041285276412964e-01 3.221281990408897400e-02 1.824205927550792694e-02 7.942868396639823914e-03 4.624595865607261658e-02 4.203641414642333984e-02 1.046956889331340790e-02 1.325403340160846710e-02 1.131303980946540833e-01 9.275824576616287231e-02 9.533484466373920441e-03 2.164115197956562042e-02 5.003340914845466614e-02 4.504740238189697266e-02 4.114760085940361023e-03 5.495377257466316223e-02 2.904195524752140045e-02 4.048764239996671677e-03 5.009043589234352112e-02 2.285548672080039978e-02 3.265555482357740402e-03 2.534263581037521362e-02 1.379610411822795868e-02 4.662712290883064270e-02 1.812293007969856262e-02 1.127842231653630733e-03 1.892619952559471130e-02 3.644145652651786804e-02 1.142246462404727936e-02 2.439563348889350891e-02 2.149458043277263641e-02 5.823653191328048706e-02 7.095322478562593460e-03 3.538258001208305359e-02 4.133298248052597046e-02 4.734772443771362305e-02 3.777574747800827026e-02 6.441561132669448853e-02 1.199700031429529190e-02 2.491667307913303375e-02 6.722887605428695679e-02 5.264431238174438477e-04
1.600034385919570923e-01 1.340571194887161255e-01 1.446768175810575485e-02 4.440495371818542480e-02 2.671606093645095825e-02 1.357906758785247803e-01 1.922736763954162598e-01 4.167696461081504822e-02 3.583055362105369568e-02 3.938608337193727493e-03 1.201736032962799072e-01 1.601979508996009827e-02 8.927467465400695801e-02 3.865978121757507324e-02 1.386007666587829590e-02 1.728434674441814423e-02 4.910951852798461914e-02 2.105452492833137512e-02 2.851810865104198456e-02 4.718178883194923401e-03 5.447152070701122284e-03 3.154291072860360146e-03 2.757976017892360687e-02 2.787866163998842239e-03 2.014478854835033417e-02 5.818343162536621094e-02 3.836548421531915665e-03 3.420253098011016846e-02 5.092502385377883911e-02 4.436912387609481812e-02 2.551934309303760529e-02 2.300537191331386566e-02 2.493532188236713409e-02 4.019317030906677246e-02 2.242442406713962555e-02 5.788553040474653244e-03 4.706705734133720398e-02 1.361083239316940308e-02 9.461745619773864746e-03 3.081347793340682983e-02 2.055200934410095215e-02 2.411608956754207611e-02 3.088818117976188660e-02 1.631419919431209564e-02 6.917250156402587891e-02 5.480993539094924927e-03 1.396753937005996704e-01 6.987003237009048462e-02 9.329321794211864471e-03 6.737752817571163177e-03 9.103271178901195526e-03 2.356376871466636658e-02 1.429087482392787933e-03 4.000325873494148254e-02 2.501464041415601969e-04 2.949925325810909271e-02 5.621498916298151016e-03 5.781716108322143555e-02 3.891039267182350159e-02 6.694281008094549179e-03 1.277733594179153442e-02 5.989695340394973755e-02 1.919116266071796417e-02 3.127342462539672852e-02 7.721866481006145477e-03 3.075806051492691040e-02 1.896934118121862411e-03 3.582247346639633179e-02 3.065860364586114883e-03 3.690370917320251465e-02 7.193006575107574463e-02 4.042875487357378006e-03 2.664017491042613983e-02 3.562123700976371765e-02 4.939725622534751892e-02 3.466808469966053963e-03 1.697404496371746063e-02 1.148027181625366211e-02 8.162894099950790405e-02 5.219612643122673035e-02 7.987641729414463043e-03 2.317657694220542908e-02 1.387921534478664398e-02 1.434074365533888340e-03 2.586993947625160217e-02 3.939832374453544617e-02 2.343697473406791687e-02 2.109107002615928650e-02 8.677387610077857971e-03 4.863500222563743591e-02 3.308514505624771118e-02 2.156799659132957458e-02 5.775587633252143860e-04 1.439360156655311584e-02 2.753172628581523895e-02 4.483536630868911743e-02 9.493225952610373497e-04 3.118227049708366394e-02 2.242076955735683441e-02 3.660123795270919800e-02 7.099885842762887478e-04 2.812127582728862762e-02 3.419659659266471863e-02 2.999734319746494293e-02 3.634865581989288330e-02 5.609901621937751770e-02 3.640795871615409851e-02 4.140682145953178406e-02 2.274318970739841461e-02 7.335224747657775879e-02 4.144372791051864624e-02 1.895277877338230610e-03 1.611526869237422943e-02 4.791931249201297760e-03 1.615987718105316162e-02 3.731166571378707886e-02
2.673490718007087708e-02 6.574893742799758911e-02 4.589784517884254456e-02 4.257360100746154785e-02 1.435804087668657303e-02 1.922736763954162598e-01 1.213043183088302612e-01 3.531458601355552673e-02 2.586566843092441559e-02 4.348422214388847351e-02 7.852933555841445923e-02 1.358086429536342621e-02 7.174520194530487061e-02 7.865144312381744385e-02 1.522324420511722565e-02 2.830310352146625519e-02 5.328887701034545898e-02 9.320633835159242153e-04 1.164070703089237213e-02 5.227829515933990479e-02 4.111988469958305359e-02 1.322756987065076828e-02 4.045740514993667603e-02 5.002136155962944031e-02 3.090183483436703682e-03 2.375703305006027222e-02 6.945279892534017563e-03 6.048760935664176941e-02 4.234785679727792740e-03 1.937171258032321930e-02 1.763731613755226135e-02 4.515231586992740631e-03 5.200126022100448608e-02 3.989488631486892700e-02 4.792221356183290482e-03 4.934734851121902466e-02 4.746005684137344360e-02 4.852947778999805450e-03 3.548260033130645752e-02 2.411074750125408173e-02 1.040886808186769485e-02 6.770766776753589511e-05 2.655877545475959778e-02 1.115551404654979706e-02 2.521342970430850983e-02 4.541852697730064392e-02 1.389973610639572144e-01 1.148748174309730530e-01 8.343689143657684326e-03 2.932755649089813232e-02 1.271797344088554382e-02 2.487268857657909393e-02 5.056757107377052307e-02 1.298261247575283051e-02 2.591593191027641296e-03 3.410430997610092163e-02 6.375016644597053528e-03 3.397090360522270203e-02 1.409093290567398071e-02 8.416817523539066315e-03 1.194960204884409904e-03 4.713515192270278931e-02 2.996094524860382080e-02 2.033912762999534607e-02 1.300627551972866058e-02 2.724100463092327118e-02 2.454329282045364380e-02 8.214413374662399292e-02 1.432537008076906204e-02 2.318151108920574188e-02 1.799055933952331543e-02 2.695051254704594612e-03 3.404309973120689392e-02 4.637720063328742981e-02 9.715194813907146454e-03 2.106356900185346603e-03 8.262675255537033081e-03 2.845938876271247864e-02 5.871034041047096252e-02 4.309606924653053284e-02 1.448345277458429337e-02 5.252673849463462830e-02 2.490212954580783844e-02 3.948713839054107666e-02 1.376762054860591888e-02 2.162476815283298492e-02 4.188241437077522278e-02 3.264514496549963951e-03 6.421024352312088013e-02 5.630118772387504578e-02 3.443708643317222595e-02 5.019666627049446106e-03 1.904404163360595703e-02 1.205698680132627487e-02 2.622074214741587639e-03 1.108740922063589096e-02 2.766909892670810223e-04 4.083000821992754936e-04 8.778402954339981079e-02 8.077860623598098755e-02 1.565495622344315052e-04 5.104286130517721176e-03 2.641141600906848907e-02 2.615167526528239250e-03 1.818429678678512573e-02 1.808688603341579437e-02 2.797162719070911407e-02 5.252933129668235779e-02 1.567501947283744812e-02 5.432205274701118469e-02 7.692104578018188477e-02 3.025688417255878448e-02 1.260456256568431854e-02 3.108568117022514343e-02 3.259259834885597229e-02 9.766199439764022827e-02
2.690214850008487701e-02 2.667246386408805847e-02 2.170493155717849731e-01 5.936203151941299438e-02 5.013926420360803604e-03 4.167696461081504822e-02 3.531458601355552673e-02 8.153250813484191895e-02 2.004541689530014992e-03 4.715102910995483398e-02 3.469516523182392120e-03 3.232675790786743164e-02 2.557734772562980652e-02 4.390022158622741699e-02 4.874449595808982849e-02 2.199314534664154053e-02 3.057206049561500549e-03 1.803843304514884949e-02 2.607540600001811981e-02 5.354310944676399231e-02 9.075826965272426605e-03 1.230721082538366318e-02 2.770692668855190277e-02 1.695909351110458374e-02 3.740706667304039001e-02 1.913675293326377869e-02 4.968717321753501892e-02 7.227372378110885620e-02 1.481727231293916702e-02 4.423779994249343872e-02 2.071459591388702393e-02 3.966659132856875658e-04 5.354531481862068176e-02 3.393002972006797791e-02 4.319053608924150467e-03 8.039434254169464111e-02 7.648893445730209351e-02 2.402542717754840851e-02 2.189593389630317688e-02 2.530464902520179749e-02 4.383163526654243469e-02 2.422376722097396851e-02 3.034753538668155670e-02 6.261199712753295898e-02 4.120615124702453613e-02 7.869292050600051880e-02 2.078847587108612061e-02 2.768708579242229462e-02 1.448316127061843872e-02 5.537948757410049438e-02 1.057795062661170959e-02 1.829151250422000885e-02 4.535013437271118164e-02 2.131809666752815247e-02 1.654880680143833160e-02 1.536644715815782547e-02 2.187067456543445587e-02 2.371651865541934967e-02 6.120401248335838318e-02 3.449373692274093628e-02 3.034354932606220245e-02 4.916714131832122803e-02 1.053284620866179466e-03 1.191907748579978943e-02 1.482371147722005844e-02 6.021562498062849045e-03 1.330802682787179947e-02 3.911996632814407349e-02 2.226958982646465302e-03 2.484178356826305389e-02 1.237553451210260391e-02 3.686582669615745544e-02 5.165799055248498917e-03 2.918559499084949493e-02 3.818028047680854797e-02 1.142735220491886139e-02 2.181385084986686707e-02 4.824956133961677551e-02 8.908797055482864380e-02 6.129166856408119202e-02 1.662849187850952148e-01 1.231865212321281433e-01 1.253952388651669025e-03 1.760843954980373383e-02 2.018970437347888947e-02 1.413348410278558731e-02 9.265442937612533569e-02 2.323276363313198090e-02 2.381136640906333923e-02 6.833188235759735107e-02 3.847319632768630981e-02 1.674000173807144165e-02 1.843585819005966187e-02 4.298766702413558960e-02 1.517006196081638336e-02 4.141225665807723999e-02 7.291794754564762115e-03 1.968570519238710403e-03 1.754454523324966431e-02 9.334000758826732635e-03 4.621589556336402893e-02 1.672313548624515533e-02 3.035272285342216492e-02 4.374368488788604736e-02 4.923802241683006287e-02 6.693760305643081665e-02 7.536845654249191284e-02 2.447619661688804626e-02 5.479438602924346924e-02 5.998490378260612488e-04 4.345240071415901184e-02 5.389509722590446472e-02 1.838198676705360413e-02 2.765134349465370178e-02 4.819966852664947510e-02 3.905423730611801147e-02
1.224426645785570145e-02 8.989190682768821716e-04 4.186667036265134811e-03 5.177006125450134277e-03 6.153593858471140265e-05 3.583055362105369568e-02 2.586566843092441559e-02 2.004541689530014992e-03 6.711545586585998535e-02 8.293218165636062622e-02 2.831768058240413666e-02 5.645040795207023621e-02 4.635967686772346497e-02 3.390077501535415649e-02 4.695146810263395309e-03 5.791097506880760193e-02 4.753625020384788513e-02 1.142154783010482788e-01 4.734555631875991821e-02 4.288652166724205017e-02 3.024778887629508972e-02 6.720489263534545898e-02 6.349532306194305420e-02 1.252311654388904572e-02 5.287249013781547546e-02 5.903181154280900955e-03 1.200611796230077744e-02 3.478838503360748291e-02 2.875882899388670921e-03 4.122370481491088867e-02 4.215502366423606873e-02 2.576671540737152100e-03 3.562868759036064148e-02 1.518864557147026062e-02 3.157370910048484802e-02 3.590338304638862610e-02 2.962404116988182068e-02 1.097662560641765594e-02 9.200952015817165375e-03 4.672485217452049255e-02 6.868407130241394043e-02 5.913772806525230408e-02 1.600188203155994415e-02 2.564010024070739746e-02 6.171538680791854858e-02 7.303988933563232422e-02 2.061155438423156738e-02 8.696435950696468353e-03 1.353407204151153564e-01 1.852147839963436127e-02 3.540546819567680359e-02 9.934948757290840149e-04 1.119339242577552795e-01 4.369778186082839966e-02 1.130545735359191895e-01 3.232423216104507446e-02 3.670763596892356873e-02 1.120306830853223801e-02 6.739978492259979248e-02 6.555145233869552612e-02 2.077234210446476936e-03 4.776360839605331421e-02 7.125730812549591064e-02 4.735112935304641724e-02 5.124999955296516418e-02 7.696954905986785889e-02 2.047805860638618469e-02 3.279597684741020203e-02 4.144985973834991455e-02 3.035497665405273438e-02 3.164164349436759949e-02 5.399838835000991821e-02 2.813095413148403168e-02 1.777706854045391083e-02 2.723861951380968094e-03 5.571787804365158081e-02 2.174814492464065552e-01 4.454513639211654663e-02 4.708796739578247070e-03 1.888930611312389374e-02 1.484497333876788616e-04 2.927997149527072906e-02 7.784115523099899292e-02 4.904809221625328064e-02 3.434813767671585083e-02 2.957475557923316956e-02 6.879499554634094238e-02 1.683851331472396851e-02 1.010863017290830612e-02 4.714431986212730408e-02 1.583821885287761688e-02 5.379706248641014099e-02 5.761868134140968323e-02 1.351773645728826523e-02 3.149505704641342163e-02 2.867288887500762939e-02 3.223293274641036987e-02 3.561269119381904602e-02 7.490406930446624756e-02 4.325848445296287537e-02 2.954780682921409607e-02 2.443206869065761566e-02 2.160867862403392792e-02 6.406353414058685303e-02 7.988668233156204224e-02 3.903939388692378998e-03 7.802383601665496826e-02 1.235106028616428375e-02 9.585886262357234955e-03 4.491726309061050415e-02 5.325762927532196045e-02 1.691604591906070709e-02 2.951681427657604218e-02 5.131018161773681641e-02 4.477636143565177917e-02 8.997203409671783447e-02
5.041354894638061523e-02 3.022817708551883698e-02 6.587453186511993408e-02 6.397774815559387207e-02 1.759154722094535828e-02 3.938608337193727493e-03 4.348422214388847351e-02 4.715102910995483398e-02 8.293218165636062622e-02 1.174264699220657349e-01 2.761041047051548958e-03 2.388195879757404327e-02 1.083620730787515640e-02 2.045173943042755127e-02 7.694751955568790436e-03 2.377090603113174438e-02 6.486368179321289062e-02 5.669602379202842712e-02 8.798377215862274170e-02 5.512300413101911545e-03 1.681032590568065643e-02 2.413872256875038147e-02 1.099637057632207870e-02 5.887145921587944031e-02 1.147767994552850723e-02 2.600778266787528992e-02 3.660373855382204056e-03 4.128900915384292603e-02 3.732996433973312378e-02 1.038619317114353180e-02 4.256610572338104248e-02 3.285541431978344917e-03 5.537859350442886353e-02 2.323878370225429535e-02 2.467638999223709106e-02 4.065896850079298019e-03 2.639757841825485229e-02 3.340657800436019897e-02 7.034341990947723389e-02 2.338047325611114502e-02 2.275099977850914001e-02 3.444066271185874939e-02 1.783572137355804443e-02 5.584273487329483032e-02 4.145764559507369995e-02 1.839421130716800690e-02 1.281640306115150452e-02 2.395665459334850311e-02 4.497130960226058960e-02 1.377615481615066528e-01 5.615155771374702454e-02 1.724671199917793274e-02 6.390311568975448608e-02 3.713047876954078674e-02 2.601134218275547028e-02 1.118184775114059448e-01 3.244415298104286194e-02 1.654792577028274536e-02 4.490333795547485352e-02 8.365631219930946827e-04 2.195908688008785248e-02 4.199799150228500366e-02 1.790456660091876984e-02 4.183224588632583618e-02 1.015932206064462662e-02 3.910327702760696411e-02 5.314793437719345093e-03 5.764740519225597382e-03 3.745932132005691528e-02 4.996361956000328064e-02 6.793002039194107056e-02 6.817001849412918091e-02 1.824490167200565338e-02 6.081838533282279968e-02 4.463308677077293396e-02 2.854911610484123230e-02 1.452854648232460022e-02 1.241644397377967834e-01 4.559004306793212891e-02 1.375481486320495605e-01 1.675584167242050171e-02 3.855227679014205933e-02 8.066557347774505615e-03 5.784337967634201050e-02 2.564759552478790283e-02 1.603055186569690704e-02 1.671281084418296814e-02 1.136960345320403576e-03 3.157622739672660828e-02 5.594171956181526184e-02 2.167507261037826538e-02 5.358068272471427917e-02 5.386481434106826782e-02 3.240180388092994690e-02 8.287613280117511749e-03 5.737962201237678528e-03 5.126804858446121216e-02 6.708790361881256104e-02 2.008546330034732819e-02 5.800499394536018372e-02 3.987257927656173706e-02 3.508704015985131264e-03 1.886738650500774384e-02 5.187432467937469482e-02 3.038641065359115601e-02 8.293188177049160004e-03 1.743103191256523132e-02 1.442455034703016281e-02 4.648648947477340698e-02 1.427941024303436279e-02 2.949598431587219238e-02 2.814572118222713470e-02 1.559964497573673725e-03 3.198651969432830811e-02 6.847058422863483429e-03 2.805699221789836884e-02
1.658405810594558716e-01 1.416493207216262817e-01 2.358901314437389374e-03 4.638578742742538452e-02 1.931644603610038757e-02 1.201736032962799072e-01 7.852933555841445923e-02 3.469516523182392120e-03 2.831768058240413666e-02 2.761041047051548958e-03 1.731150448322296143e-01 4.165950417518615723e-02 1.215961948037147522e-01 2.109537646174430847e-02 4.630665481090545654e-02 1.672835275530815125e-02 1.714256405830383301e-02 1.143786869943141937e-02 4.872328718192875385e-04 1.846340671181678772e-02 6.732870824635028839e-03 3.879022970795631409e-02 3.077035024762153625e-02 1.478122454136610031e-02 5.699553340673446655e-02 2.192353829741477966e-03 4.535561427474021912e-03 1.216215081512928009e-02 2.909047529101371765e-02 1.619699411094188690e-02 7.750245276838541031e-04 2.185352705419063568e-02 2.937251701951026917e-02 3.646752610802650452e-02 2.163042128086090088e-02 3.037590719759464264e-02 7.208341732621192932e-03 1.400995999574661255e-02 1.107295881956815720e-02 3.278632834553718567e-02 2.174919657409191132e-02 1.004272792488336563e-02 8.361926302313804626e-03 8.880227804183959961e-03 1.733217015862464905e-02 9.142000228166580200e-02 8.826569467782974243e-02 4.299024119973182678e-02 1.199363823980093002e-02 2.416783571243286133e-02 1.658931933343410492e-02 5.817873403429985046e-02 2.094190940260887146e-02 5.418333038687705994e-02 8.388414047658443451e-03 2.111981436610221863e-02 1.368849631398916245e-02 6.252570077776908875e-03 2.673375606536865234e-02 5.138174816966056824e-02 2.851428696885704994e-03 2.439824305474758148e-02 7.407068740576505661e-03 1.368079916574060917e-03 9.850001335144042969e-02 8.122686296701431274e-02 2.114732563495635986e-02 4.280618205666542053e-02 1.988545758649706841e-03 1.103151589632034302e-02 1.577315852046012878e-02 9.389000944793224335e-03 2.370129525661468506e-02 2.268451265990734100e-02 1.916684908792376518e-03 1.698410511016845703e-02 1.831355877220630646e-02 1.898898184299468994e-02 2.694564312696456909e-02 1.593352109193801880e-02 5.163724347949028015e-02 2.088333852589130402e-02 1.497559715062379837e-02 1.829453743994235992e-02 2.198470383882522583e-02 3.170009329915046692e-02 3.774958103895187378e-02 1.788701117038726807e-02 4.811513796448707581e-02 2.854643575847148895e-02 3.790312632918357849e-02 3.354017436504364014e-02 3.021164983510971069e-02 2.234289608895778656e-02 8.857776410877704620e-03 4.166508093476295471e-03 2.077218890190124512e-02 1.517306547611951828e-02 1.005521509796380997e-03 2.057166956365108490e-02 7.322404999285936356e-03 3.624492883682250977e-02 2.289196290075778961e-02 4.496346693485975266e-03 3.573725745081901550e-02 2.485267072916030884e-02 1.625515520572662354e-02 4.158644378185272217e-02 5.396363791078329086e-03 3.918286412954330444e-02 2.300051227211952209e-02 5.790850147604942322e-03 1.631086319684982300e-02 2.004283294081687927e-02 5.278124473989009857e-03 2.130531333386898041e-02
1.550527475774288177e-02 1.201531384140253067e-02 1.704624444246292114e-01 1.611411012709140778e-02 4.445996508002281189e-02 1.601979508996009827e-02 1.358086429536342621e-02 3.232675790786743164e-02 5.645040795207023621e-02 2.388195879757404327e-02 4.165950417518615723e-02 6.158574298024177551e-02 7.227139919996261597e-02 3.243941664695739746e-01 4.017969220876693726e-02 3.057770989835262299e-02 7.356525398790836334e-03 4.917740821838378906e-02 4.472699016332626343e-03 3.253040136769413948e-03 1.112138181924819946e-01 8.643744140863418579e-02 1.641039922833442688e-02 5.230739340186119080e-02 4.392579197883605957e-02 9.299405850470066071e-03 5.997001193463802338e-03 1.447627544403076172e-01 1.847215741872787476e-02 6.255775690078735352e-02 4.403509944677352905e-02 7.719373330473899841e-03 1.497685327194631100e-03 4.672700911760330200e-02 8.896518498659133911e-03 3.819841891527175903e-02 3.869287669658660889e-03 2.485105581581592560e-02 4.162582382559776306e-02 7.575820665806531906e-03 4.478785395622253418e-02 4.596747830510139465e-02 4.506098572164773941e-03 6.305651739239692688e-03 2.417381666600704193e-02 2.857703715562820435e-02 7.378694415092468262e-02 2.807908132672309875e-02 2.887442521750926971e-02 5.967668816447257996e-02 2.007907256484031677e-02 9.186482988297939301e-03 5.030797049403190613e-02 4.782504402101039886e-03 4.600187018513679504e-02 6.003423035144805908e-02 5.234009400010108948e-02 2.278437092900276184e-02 1.425074297003448009e-03 6.068135797977447510e-02 9.510024450719356537e-03 5.312046408653259277e-02 4.531206563115119934e-02 5.300372838973999023e-02 4.497273638844490051e-02 1.273650117218494415e-02 1.156094484031200409e-02 7.657910883426666260e-02 3.805272653698921204e-02 3.362498432397842407e-02 3.859120979905128479e-02 6.929324445081874728e-05 5.443660542368888855e-02 3.376654535531997681e-02 3.439480438828468323e-02 1.159763522446155548e-02 6.106720305979251862e-03 1.653516851365566254e-02 1.076136529445648193e-02 2.056577429175376892e-02 1.018968969583511353e-01 8.204738050699234009e-02 6.789973936975002289e-03 3.198698535561561584e-02 3.203867003321647644e-02 1.249262411147356033e-02 5.670732632279396057e-02 4.112838953733444214e-02 7.444454729557037354e-02 8.387764915823936462e-03 6.760757416486740112e-02 5.497856810688972473e-02 5.379193648695945740e-02 3.164441511034965515e-02 2.164662117138504982e-03 4.431102052330970764e-02 2.826702781021595001e-02 1.835804060101509094e-02 1.615678146481513977e-02 4.609119147062301636e-02 3.842211887240409851e-02 2.038946188986301422e-02 2.320625074207782745e-02 2.907831966876983643e-02 1.213246211409568787e-02 1.206468977034091949e-02 4.173953831195831299e-02 3.552600368857383728e-02 5.626272782683372498e-02 3.048951551318168640e-02 2.717914246022701263e-02 3.727087378501892090e-02 1.808492839336395264e-02 3.020584769546985626e-02 2.901384606957435608e-02 6.694417446851730347e-02
1.585151553153991699e-01 1.885987520217895508e-01 6.329299416393041611e-03 1.701579988002777100e-02 2.276519685983657837e-02 8.927467465400695801e-02 7.174520194530487061e-02 2.557734772562980652e-02 4.635967686772346497e-02 1.083620730787515640e-02 1.215961948037147522e-01 7.227139919996261597e-02 1.684910655021667480e-01 2.672208659350872040e-02 8.746389299631118774e-02 2.793917804956436157e-02 4.297995939850807190e-03 1.533384248614311218e-02 1.080745924264192581e-02 1.647453568875789642e-02 9.856107644736766815e-03 6.621558964252471924e-02 4.000890068709850311e-03 1.040541660040616989e-02 6.582984328269958496e-02 2.683804929256439209e-02 8.460018783807754517e-03 4.988994449377059937e-02 2.625762298703193665e-02 4.452491179108619690e-02 1.702066510915756226e-02 4.951108992099761963e-02 3.324700752273201942e-03 4.241754487156867981e-02 3.356812521815299988e-02 3.679513558745384216e-02 4.093677923083305359e-02 4.163152724504470825e-02 2.794684469699859619e-02 3.482180088758468628e-02 2.655337797477841377e-03 5.081061739474534988e-03 4.198409616947174072e-03 1.794607564806938171e-02 6.106829643249511719e-02 7.293161749839782715e-02 6.143115460872650146e-02 5.271337553858757019e-02 2.579884789884090424e-02 1.440316252410411835e-02 1.195476762950420380e-02 3.156578913331031799e-02 1.739500463008880615e-02 7.756613660603761673e-03 1.563498936593532562e-02 3.636043518781661987e-02 2.443720959126949310e-02 4.153945017606019974e-03 2.405933290719985962e-02 6.674099713563919067e-03 2.158460207283496857e-02 3.887933120131492615e-02 2.216857671737670898e-02 6.066818162798881531e-02 3.583408519625663757e-02 1.010299474000930786e-01 3.296385332942008972e-02 4.313527792692184448e-02 1.247618999332189560e-02 1.997988438233733177e-03 3.968654572963714600e-02 9.413328953087329865e-03 1.718820072710514069e-02 2.289034798741340637e-02 7.170948665589094162e-03 1.185063971206545830e-03 4.052921757102012634e-02 6.623685359954833984e-03 6.304363906383514404e-02 3.706277534365653992e-02 1.881424337625503540e-02 2.756699221208691597e-03 1.487775426357984543e-02 3.557150810956954956e-02 7.824603817425668240e-04 3.477428108453750610e-02 2.783371508121490479e-02 4.288148507475852966e-02 7.293920218944549561e-02 1.050437241792678833e-02 3.647157922387123108e-03 2.468227595090866089e-02 1.329512987285852432e-02 5.844158679246902466e-02 1.342586986720561981e-02 2.247679606080055237e-02 3.389811515808105469e-02 3.148891776800155640e-02 2.878570184111595154e-02 6.137425079941749573e-03 6.430175155401229858e-03 2.896871976554393768e-02 9.058475494384765625e-03 1.176953967660665512e-02 3.188629820942878723e-02 1.973987743258476257e-02 5.001036450266838074e-03 2.526807785034179688e-02 6.535735446959733963e-03 1.619748212397098541e-02 7.414718624204397202e-03 1.621481962502002716e-02 3.188460133969783783e-03 6.769413594156503677e-03 2.723429165780544281e-02 4.674019291996955872e-02
