8.105534315109252930e-02 1.536233723163604736e-01 9.739019908010959625e-03 5.945327132940292358e-02 3.176197409629821777e-02 1.369702517986297607e-01 1.757861487567424774e-02 3.716789558529853821e-02 1.146088761743158102e-04 6.519622355699539185e-02 1.643022596836090088e-01 1.184205710887908936e-02 6.269080913625657558e-04 7.210462354123592377e-03 1.523259468376636505e-02 5.974911898374557495e-02 3.702583163976669312e-02 5.530955269932746887e-02 1.852725818753242493e-02 4.491050168871879578e-02 1.014880184084177017e-02 3.317735716700553894e-02 1.158163230866193771e-02 9.304962120950222015e-03 4.949517548084259033e-02 2.564936131238937378e-02 3.350585326552391052e-02 1.396484225988388062e-01 1.316289901733398438e-01 5.993646569550037384e-03 8.432008326053619385e-03 2.311896160244941711e-02 6.675249338150024414e-02 5.353032052516937256e-02 1.975496765226125717e-03 2.920454367995262146e-02 2.773526497185230255e-02 4.289493337273597717e-02 2.551685459911823273e-02 7.220261730253696442e-03 4.050198197364807129e-02 2.479340508580207825e-02 3.578349202871322632e-02 5.678538605570793152e-02 5.730907618999481201e-02 5.829321593046188354e-02 1.046354472637176514e-01 2.951953932642936707e-02 4.589512571692466736e-02 4.641488194465637207e-02 2.098763547837734222e-02 2.835096558555960655e-03 6.749756634235382080e-02 4.391911253333091736e-02 1.288868859410285950e-02 6.855895370244979858e-02 6.969960778951644897e-02 6.248722225427627563e-02 1.922488398849964142e-02 5.351879447698593140e-02 6.537570804357528687e-02 3.086315467953681946e-02 3.382422775030136108e-02 7.806765288114547729e-02 5.766404420137405396e-02 8.126978576183319092e-02 7.307934761047363281e-02 2.929629944264888763e-02 2.182309143245220184e-02 3.897302225232124329e-02 1.826914772391319275e-02 2.685485966503620148e-02 1.907003484666347504e-02 8.101370185613632202e-02 4.095347598195075989e-03 5.119102448225021362e-02 1.111450325697660446e-02 1.030443012714385986e-01 4.620335251092910767e-02 4.872279986739158630e-02 3.262208774685859680e-03 1.259136050939559937e-01 3.768290858715772629e-03 4.094887059181928635e-03 2.005776017904281616e-02 1.410321425646543503e-02 2.332039549946784973e-02 4.968367889523506165e-02 4.361375700682401657e-03 3.240522742271423340e-02 1.963230222463607788e-02 7.006467878818511963e-02 3.048170916736125946e-02 1.753758266568183899e-02 1.293983161449432373e-01 1.231140550225973129e-02 3.906660154461860657e-02 4.399953037500381470e-02 4.121574014425277710e-02 2.298481017351150513e-02 5.762047134339809418e-03 5.125951394438743591e-02 5.927161127328872681e-02 3.375361859798431396e-02 5.578393489122390747e-02 5.663925781846046448e-02 3.402776656002970412e-06 4.577779024839401245e-02 4.039648547768592834e-02 7.692625373601913452e-02 1.682287454605102539e-02 5.591220408678054810e-02 2.400421537458896637e-02 4.654294252395629883e-02 3.501693531870841980e-02 4.797760769724845886e-02
1.536233723163604736e-01 9.246904402971267700e-02 3.225218877196311951e-02 2.557725273072719574e-02 5.482446402311325073e-02 3.914001584053039551e-02 1.227665841579437256e-01 4.326018691062927246e-02 3.201828896999359131e-02 1.517477072775363922e-02 1.686658263206481934e-01 6.165460217744112015e-04 1.976442188024520874e-01 5.168344825506210327e-02 8.615268743596971035e-04 1.716968603432178497e-02 1.281304005533456802e-02 4.115489870309829712e-02 8.245093747973442078e-03 1.450011227279901505e-02 4.637294262647628784e-02 3.026650473475456238e-02 4.911510273814201355e-02 1.625837199389934540e-02 1.944449730217456818e-02 1.921654865145683289e-02 3.205034509301185608e-02 5.236154422163963318e-02 1.048621311783790588e-01 3.135031834244728088e-02 6.722228974103927612e-02 4.382933676242828369e-02 5.388647690415382385e-02 1.140880584716796875e-02 1.064558606594800949e-02 1.622849702835083008e-02 3.743919730186462402e-02 3.503671661019325256e-02 6.274212896823883057e-02 2.267331443727016449e-02 4.255342856049537659e-02 8.093211799860000610e-02 1.924028433859348297e-02 9.789006784558296204e-03 2.033674158155918121e-02 2.500980719923973083e-02 9.753274172544479370e-02 6.388716399669647217e-02 8.785739541053771973e-03 3.581463173031806946e-02 9.929070249199867249e-03 1.606555841863155365e-02 1.963682286441326141e-02 5.636003986001014709e-02 4.289274662733078003e-02 4.094251245260238647e-02 5.166016891598701477e-02 1.002603024244308472e-02 4.098739475011825562e-02 1.351997349411249161e-02 2.104932814836502075e-02 3.385797142982482910e-02 7.320688664913177490e-02 5.539067089557647705e-03 2.183608151972293854e-02 4.426627233624458313e-02 1.444291044026613235e-02 2.403394132852554321e-02 2.429643459618091583e-02 3.571395203471183777e-02 6.129712611436843872e-02 6.925996392965316772e-03 6.083212420344352722e-02 3.599844127893447876e-02 6.018159165978431702e-02 5.968545377254486084e-02 3.533487208187580109e-03 1.648781634867191315e-02 4.617555439472198486e-02 6.307797506451606750e-03 1.874840632081031799e-02 6.170102953910827637e-02 2.757500624284148216e-03 4.205933585762977600e-02 2.585698105394840240e-02 2.726013027131557465e-02 5.013445764780044556e-02 3.825897350907325745e-02 2.681848034262657166e-02 2.816111408174037933e-02 6.555271148681640625e-02 1.818439573980867863e-03 3.713929280638694763e-02 4.994958266615867615e-02 6.151340156793594360e-02 6.317038089036941528e-02 4.902404174208641052e-02 3.826022520661354065e-02 5.817080289125442505e-02 2.628071419894695282e-02 3.645458444952964783e-02 2.094187028706073761e-02 1.630701497197151184e-02 7.293973863124847412e-02 9.230223484337329865e-03 2.785860188305377960e-02 4.516020417213439941e-03 2.488864772021770477e-02 6.733006238937377930e-02 2.464808151125907898e-02 1.796782715246081352e-03 9.906028956174850464e-02 1.444548368453979492e-02 3.862901031970977783e-02 1.840534806251525879e-02 8.581800013780593872e-02
9.739019908010959625e-03 3.225218877196311951e-02 2.185047231614589691e-02 2.520708180963993073e-02 8.069117553532123566e-03 5.926961079239845276e-02 2.098851650953292847e-02 1.495703607797622681e-01 1.905033364892005920e-02 6.632898747920989990e-02 2.794438600540161133e-02 4.032994806766510010e-02 3.790041059255599976e-02 4.589737579226493835e-02 8.258418180048465729e-03 5.468161776661872864e-02 1.570105552673339844e-02 4.800260812044143677e-02 3.818450204562395811e-05 1.569559574127197266e-01 6.825824826955795288e-02 3.173291310667991638e-02 2.780429646372795105e-02 6.415996700525283813e-02 1.018086727708578110e-02 3.047605603933334351e-02 2.349690068513154984e-03 2.932408265769481659e-02 1.246092189103364944e-02 3.130314499139785767e-02 1.442612498067319393e-03 2.286881022155284882e-02 5.850588902831077576e-02 3.040975704789161682e-02 5.391735211014747620e-02 2.099914103746414185e-02 5.151466652750968933e-02 5.437752604484558105e-02 1.119622588157653809e-02 2.158747613430023193e-02 2.647374197840690613e-02 7.303816266357898712e-03 1.413944363594055176e-02 2.575323916971683502e-02 4.893548786640167236e-02 8.502324111759662628e-03 5.502129718661308289e-02 2.946215681731700897e-02 5.461585149168968201e-02 2.675790339708328247e-02 1.041095182299613953e-01 4.051966592669487000e-03 1.182800810784101486e-02 1.374359591864049435e-03 4.484238475561141968e-02 2.857031859457492828e-02 2.935096807777881622e-02 5.671438761055469513e-03 2.708070352673530579e-02 2.982025407254695892e-02 6.258657667785882950e-03 4.596722498536109924e-02 5.196332186460494995e-02 3.212972357869148254e-02 7.284335792064666748e-03 3.264034166932106018e-02 4.265951737761497498e-02 1.890342496335506439e-02 5.506547912955284119e-02 6.806440651416778564e-02 5.629004444926977158e-03 3.674571588635444641e-02 8.798548579216003418e-02 1.043877303600311279e-01 1.601617932319641113e-01 2.956527657806873322e-02 2.533108461648225784e-03 6.040376611053943634e-03 8.772534132003784180e-02 2.093376405537128448e-02 1.894381940364837646e-01 4.648411646485328674e-02 2.786088734865188599e-02 4.194549843668937683e-02 3.301216522231698036e-03 1.335611194372177124e-02 7.862424105405807495e-02 6.144281104207038879e-02 5.968429148197174072e-02 6.510343402624130249e-02 1.463061850517988205e-02 8.029379881918430328e-03 7.989632338285446167e-02 3.072683885693550110e-02 3.547614812850952148e-02 6.111011281609535217e-02 7.339586317539215088e-02 4.403595253825187683e-02 9.015030227601528168e-03 5.064062029123306274e-02 5.185279250144958496e-02 1.140779536217451096e-02 9.690093807876110077e-03 8.194142952561378479e-03 6.451222579926252365e-03 4.775554314255714417e-02 5.260966718196868896e-02 1.276339869946241379e-02 2.050802297890186310e-02 4.274391382932662964e-02 2.555821090936660767e-02 5.737344175577163696e-02 9.055566042661666870e-02 7.040392607450485229e-02 5.957659706473350525e-02 9.842951782047748566e-03
5.945327132940292358e-02 2.557725273072719574e-02 2.520708180963993073e-02 5.621893331408500671e-02 2.318509519100189209e-01 7.004702836275100708e-02 2.617982961237430573e-02 5.450404062867164612e-02 3.194263204932212830e-03 4.526157677173614502e-02 3.636951372027397156e-02 5.229786038398742676e-02 4.935004748404026031e-03 3.754281625151634216e-02 3.594801202416419983e-02 6.813616305589675903e-02 3.997045103460550308e-03 2.824391424655914307e-02 2.799053117632865906e-02 7.661054842174053192e-03 9.508620947599411011e-03 4.026373848319053650e-02 2.090452425181865692e-02 8.006964623928070068e-02 2.614520490169525146e-02 4.946398362517356873e-02 6.261903047561645508e-02 2.258298359811306000e-02 1.398359984159469604e-01 9.856104105710983276e-02 2.100571803748607635e-02 2.366931550204753876e-02 1.533537637442350388e-02 3.361320495605468750e-02 3.036273829638957977e-02 5.057435855269432068e-02 4.852794855833053589e-02 3.562459256500005722e-03 1.095049455761909485e-01 6.194526329636573792e-02 4.142421111464500427e-02 3.812511265277862549e-02 1.836265064775943756e-02 1.487110462039709091e-02 1.744681969285011292e-02 4.023186489939689636e-02 5.230563133955001831e-02 4.424401745200157166e-02 1.769596524536609650e-02 4.379175137728452682e-03 9.391733258962631226e-02 4.777048155665397644e-02 7.033135276287794113e-03 3.545472398400306702e-02 3.200817154720425606e-03 1.341528259217739105e-02 1.591623388230800629e-02 3.659620881080627441e-02 3.445157408714294434e-02 1.902208104729652405e-02 1.544388197362422943e-02 5.361630767583847046e-02 5.641222372651100159e-02 4.898178204894065857e-02 8.584511280059814453e-02 5.936851724982261658e-02 3.867659345269203186e-02 1.415406912565231323e-02 2.114854380488395691e-02 8.260843902826309204e-02 1.320367120206356049e-02 4.137981683015823364e-02 1.151562929153442383e-01 1.080307960510253906e-01 1.581873558461666107e-02 4.138740152120590210e-02 1.094404980540275574e-02 4.660234972834587097e-02 4.580865148454904556e-03 4.009534046053886414e-02 1.841798238456249237e-02 9.415651671588420868e-03 1.214423105120658875e-01 5.219061858952045441e-03 5.144911818206310272e-03 4.573947563767433167e-02 2.228131750598549843e-03 5.991518963128328323e-03 5.670550465583801270e-02 2.074903808534145355e-03 3.247424587607383728e-02 2.366709150373935699e-02 1.220085565000772476e-02 4.017788916826248169e-02 8.313254220411181450e-04 2.384115383028984070e-02 1.958199031651020050e-02 4.352324828505516052e-02 1.929055340588092804e-02 4.452951624989509583e-02 4.009099211543798447e-03 4.519950971007347107e-02 4.668357782065868378e-03 6.625555455684661865e-02 8.144120126962661743e-02 7.213732693344354630e-03 4.692507535219192505e-02 7.498989813029766083e-03 2.054616343230009079e-03 6.242936849594116211e-02 4.935842379927635193e-02 5.997678264975547791e-03 2.473649382591247559e-02 7.972655445337295532e-02 2.997653558850288391e-02 3.434110432863235474e-02
3.176197409629821777e-02 5.482446402311325073e-02 8.069117553532123566e-03 2.318509519100189209e-01 4.325418174266815186e-02 3.036467125639319420e-03 5.580848082900047302e-02 2.140855230391025543e-02 1.682186126708984375e-02 5.009615048766136169e-02 3.536573052406311035e-02 5.288881063461303711e-02 9.741122275590896606e-02 9.059419855475425720e-03 2.323171123862266541e-02 2.228464931249618530e-02 6.067091599106788635e-02 1.212506368756294250e-01 1.839319989085197449e-02 1.777595840394496918e-02 2.027655392885208130e-02 9.114879369735717773e-02 2.294150926172733307e-02 7.716006040573120117e-02 3.666690737009048462e-02 2.550257369875907898e-02 3.439580649137496948e-02 2.138299681246280670e-02 1.303600072860717773e-01 3.268671035766601562e-02 5.835082847625017166e-03 7.728999108076095581e-02 3.413505107164382935e-02 2.309430390596389771e-02 1.983925141394138336e-02 2.132699266076087952e-02 1.976619660854339600e-02 1.652364805340766907e-02 3.110901825129985809e-02 3.706627711653709412e-02 7.716017961502075195e-02 2.199307270348072052e-02 3.167690709233283997e-02 1.018266752362251282e-01 3.642620891332626343e-02 3.571452572941780090e-02 2.829609438776969910e-04 4.266113042831420898e-03 2.262520138174295425e-04 9.451017715036869049e-03 3.065839176997542381e-03 1.056133583188056946e-02 5.659443885087966919e-02 4.693690314888954163e-02 5.222009122371673584e-02 1.172429695725440979e-02 1.182637270539999008e-02 3.930886089801788330e-02 2.964456938207149506e-02 2.337184362113475800e-02 9.866438806056976318e-03 2.310401387512683868e-02 8.663605898618698120e-03 2.351977676153182983e-02 2.383040077984333038e-02 2.957183867692947388e-02 1.957835257053375244e-02 4.001411143690347672e-03 6.096722930669784546e-02 5.252045765519142151e-02 2.015667781233787537e-02 2.839719690382480621e-02 1.112756580114364624e-01 1.270698104053735733e-02 6.382725387811660767e-02 9.314376860857009888e-03 7.949788123369216919e-02 2.846859954297542572e-02 5.702015757560729980e-02 2.518976479768753052e-02 5.068200826644897461e-02 1.042466424405574799e-02 1.825034432113170624e-02 1.414839085191488266e-02 5.187688395380973816e-03 1.022988371551036835e-02 1.330757862888276577e-03 7.306185364723205566e-02 8.038892596960067749e-02 2.332756109535694122e-02 7.961868494749069214e-02 7.827314548194408417e-03 2.160414122045040131e-03 6.423961371183395386e-02 5.522789433598518372e-02 4.440816864371299744e-02 6.128394510596990585e-03 9.132077917456626892e-03 3.237288445234298706e-02 4.366406425833702087e-02 4.958539456129074097e-02 4.731284454464912415e-03 1.621160283684730530e-02 7.066883891820907593e-02 3.658365458250045776e-02 4.254845529794692993e-02 1.959943212568759918e-02 3.508188202977180481e-02 7.200981676578521729e-02 2.440302632749080658e-02 1.353417634963989258e-01 2.604939788579940796e-02 1.545701816212385893e-04 1.682979613542556763e-02 5.929614230990409851e-02 7.489414513111114502e-02
1.369702517986297607e-01 3.914001584053039551e-02 5.926961079239845276e-02 7.004702836275100708e-02 3.036467125639319420e-03 6.594944000244140625e-02 1.021657362580299377e-01 2.826517214998602867e-03 3.777476027607917786e-02 2.063173614442348480e-02 1.115888655185699463e-01 3.526007756590843201e-02 2.006836608052253723e-02 5.774226039648056030e-02 1.852823421359062195e-02 3.280391171574592590e-02 3.506494686007499695e-02 5.020448938012123108e-02 2.071197703480720520e-02 4.861335456371307373e-02 2.655359730124473572e-02 2.522953227162361145e-02 3.186541376635432243e-03 2.872106060385704041e-02 6.866855174303054810e-02 2.633319236338138580e-03 6.093728169798851013e-02 4.745971411466598511e-02 1.633403822779655457e-02 1.242081169039011002e-03 5.942813586443662643e-03 5.940012168139219284e-03 1.067850459367036819e-02 4.083947464823722839e-02 2.059175819158554077e-02 1.751548028551042080e-03 9.301546961069107056e-02 6.290805339813232422e-02 4.064075648784637451e-03 1.384863723069429398e-02 5.769251286983489990e-02 1.941364444792270660e-02 7.775570265948772430e-04 2.047669375315308571e-03 4.112607613205909729e-02 7.305125147104263306e-02 1.419948637485504150e-01 5.904836580157279968e-02 4.976300988346338272e-03 4.321137443184852600e-03 3.147418424487113953e-02 5.162094160914421082e-02 3.733721747994422913e-02 6.216290406882762909e-03 1.131925615482032299e-03 7.137332856655120850e-02 4.327229410409927368e-02 8.303406834602355957e-02 2.428320422768592834e-02 4.734965413808822632e-02 3.933610022068023682e-02 8.708164095878601074e-03 2.810507081449031830e-02 3.108693473041057587e-02 2.098798751831054688e-02 7.421416696161031723e-03 4.745684564113616943e-02 3.364296397194266319e-03 5.231105163693428040e-02 6.350989639759063721e-02 4.516588151454925537e-02 3.727859631180763245e-02 1.028345525264739990e-02 4.819295927882194519e-02 4.827582463622093201e-02 6.135877221822738647e-02 2.192905917763710022e-02 6.421913951635360718e-02 7.158216089010238647e-02 9.569809772074222565e-03 8.433863520622253418e-03 5.744826048612594604e-02 6.211398914456367493e-02 1.105043757706880569e-02 1.644504605792462826e-03 2.435034886002540588e-02 6.670433282852172852e-02 4.432335495948791504e-02 2.986236102879047394e-02 4.128316417336463928e-02 8.358170837163925171e-02 8.667056448757648468e-03 5.014837533235549927e-02 4.355674609541893005e-02 9.655547887086868286e-02 1.539138145744800568e-03 5.284974351525306702e-02 4.059150442481040955e-02 1.807403191924095154e-02 4.727632552385330200e-02 4.302712902426719666e-02 6.132459267973899841e-02 1.073886379599571228e-01 4.916879534721374512e-02 3.229891881346702576e-02 4.735654219985008240e-02 2.296152897179126740e-02 8.178865909576416016e-02 1.627467689104378223e-03 9.289757162332534790e-02 3.220858052372932434e-02 7.348107546567916870e-02 4.300474748015403748e-02 1.194151304662227631e-02 9.004004299640655518e-02 7.383538410067558289e-03
1.757861487567424774e-02 1.227665841579437256e-01 2.098851650953292847e-02 2.617982961237430573e-02 5.580848082900047302e-02 1.021657362580299377e-01 6.166857853531837463e-02 2.469997107982635498e-02 4.460020363330841064e-02 5.983050167560577393e-02 8.298124372959136963e-02 2.876643091440200806e-02 1.160847693681716919e-01 7.203119993209838867e-02 6.270231306552886963e-02 3.392133116722106934e-02 9.207996539771556854e-03 6.472966074943542480e-02 2.131308056414127350e-02 3.447321429848670959e-02 4.030294343829154968e-02 6.413814425468444824e-02 5.703680217266082764e-03 1.606569625437259674e-02 5.754916928708553314e-03 1.356594543904066086e-02 3.467972856014966965e-03 4.043518751859664917e-02 6.228565052151679993e-02 6.064468063414096832e-03 1.761235296726226807e-02 1.564846560359001160e-02 5.300436913967132568e-02 2.083772607147693634e-02 4.641621932387351990e-02 2.545385994017124176e-02 1.678268611431121826e-02 5.356842186301946640e-03 4.165954515337944031e-02 5.605106800794601440e-02 3.243756294250488281e-02 4.559164866805076599e-03 1.506047975271940231e-02 1.247055246494710445e-03 1.892144978046417236e-02 1.320068351924419403e-02 1.296575516462326050e-01 1.743575185537338257e-01 4.729731380939483643e-02 1.518899481743574142e-02 2.192522026598453522e-02 4.082968831062316895e-02 9.862303733825683594e-02 7.903636991977691650e-02 5.925594363361597061e-03 2.040695771574974060e-02 1.324298679828643799e-01 9.600709192454814911e-03 5.166641250252723694e-02 4.582674801349639893e-02 8.354767411947250366e-02 2.350343018770217896e-02 1.628609746694564819e-02 2.165360562503337860e-02 5.570281669497489929e-02 3.157613798975944519e-02 5.054569989442825317e-02 9.599684737622737885e-03 9.290724992752075195e-03 9.921868331730365753e-05 4.336109757423400879e-02 2.829667180776596069e-02 7.336894422769546509e-02 3.869228065013885498e-02 5.271914973855018616e-02 1.979964040219783783e-02 6.497201323509216309e-02 2.987789735198020935e-02 4.643913358449935913e-02 3.981789574027061462e-02 1.421756297349929810e-02 4.407001286745071411e-02 4.378924518823623657e-02 9.911339730024337769e-03 1.850068196654319763e-02 4.416797682642936707e-02 3.084778971970081329e-02 1.870116405189037323e-02 5.263783037662506104e-02 5.341687425971031189e-02 6.180940195918083191e-02 2.913432009518146515e-02 2.546950010582804680e-03 8.094136603176593781e-03 3.358334675431251526e-02 6.664503365755081177e-02 3.305512294173240662e-02 1.789422146975994110e-02 4.134863615036010742e-02 4.780361056327819824e-02 5.943893268704414368e-02 8.334241807460784912e-02 7.234741002321243286e-02 9.194498881697654724e-03 4.134262725710868835e-02 1.381374523043632507e-02 4.053928889334201813e-03 1.978201046586036682e-02 5.656421929597854614e-02 3.582546953111886978e-03 3.144890442490577698e-02 4.111536592245101929e-02 1.955237612128257751e-02 2.826380915939807892e-02 1.096107065677642822e-01 5.589087679982185364e-02
3.716789558529853821e-02 4.326018691062927246e-02 1.495703607797622681e-01 5.450404062867164612e-02 2.140855230391025543e-02 2.826517214998602867e-03 2.469997107982635498e-02 7.145380973815917969e-02 2.192919515073299408e-02 2.192047052085399628e-02 5.267652124166488647e-02 3.340924903750419617e-02 5.925424396991729736e-02 1.624138280749320984e-02 9.633476287126541138e-02 2.524505928158760071e-02 6.249188631772994995e-02 1.959881046786904335e-03 8.150204271078109741e-02 1.668220758438110352e-01 7.511086016893386841e-02 3.855643421411514282e-02 3.039194736629724503e-03 7.218490820378065109e-03 2.692654728889465332e-02 1.736832596361637115e-02 2.018469758331775665e-02 1.047628652304410934e-02 3.475387394428253174e-02 4.095226153731346130e-02 8.860516548156738281e-02 5.737987533211708069e-02 6.220980733633041382e-02 3.145838389173150063e-03 8.573516458272933960e-02 6.497026234865188599e-02 2.778250910341739655e-02 5.015758052468299866e-02 4.874463379383087158e-02 1.867757551372051239e-02 3.678821027278900146e-02 1.615726738236844540e-03 4.414724558591842651e-02 1.881868243217468262e-01 1.094480324536561966e-02 1.592727936804294586e-02 3.115740045905113220e-02 4.859319701790809631e-02 8.538995869457721710e-03 4.701517149806022644e-02 3.639163076877593994e-02 2.353990077972412109e-02 2.766688913106918335e-02 8.363398909568786621e-02 1.368299964815378189e-02 3.483399003744125366e-02 4.927844181656837463e-02 8.858887478709220886e-03 6.146246567368507385e-02 7.854110747575759888e-02 6.095483899116516113e-03 5.949705094099044800e-02 7.375174015760421753e-02 7.929940521717071533e-02 5.244020372629165649e-02 9.627855569124221802e-02 1.972650922834873199e-02 3.236518427729606628e-02 4.354861751198768616e-02 3.056537359952926636e-02 4.612200707197189331e-02 3.890111297369003296e-02 7.310181111097335815e-02 4.658346623182296753e-02 7.876948267221450806e-02 3.991477563977241516e-02 1.818172261118888855e-02 1.297797169536352158e-02 7.489460706710815430e-02 2.966571785509586334e-02 1.535073574632406235e-02 3.952018916606903076e-02 7.909013889729976654e-03 6.302045192569494247e-03 8.370049297809600830e-02 3.092371858656406403e-02 3.030358627438545227e-02 1.299638599157333374e-01 4.913270100951194763e-02 4.183888435363769531e-02 5.402110982686281204e-03 4.795426968485116959e-03 7.622957974672317505e-02 3.450089367106556892e-03 7.100421935319900513e-02 5.517603456974029541e-02 5.061379075050354004e-02 6.241489900276064873e-04 2.037020772695541382e-02 2.456954121589660645e-02 1.165752857923507690e-02 7.221458107233047485e-02 2.657784335315227509e-02 3.882669657468795776e-02 2.107993699610233307e-03 6.451701372861862183e-02 1.243950873613357544e-01 2.435091510415077209e-02 4.737944528460502625e-02 6.017574295401573181e-02 3.065012395381927490e-02 1.458265469409525394e-03 5.132158100605010986e-02 1.959239505231380463e-02 3.691378608345985413e-02 4.591257125139236450e-02
1.146088761743158102e-04 3.201828896999359131e-02 1.905033364892005920e-02 3.194263204932212830e-03 1.682186126708984375e-02 3.777476027607917786e-02 4.460020363330841064e-02 2.192919515073299408e-02 4.036782309412956238e-02 4.367274045944213867e-02 3.412054851651191711e-02 5.013586208224296570e-02 1.120846904814243317e-02 5.713482946157455444e-02 6.086978828534483910e-04 3.430941700935363770e-02 4.200723394751548767e-02 1.088171675801277161e-01 8.249328675447031856e-05 1.622360199689865112e-02 8.203466236591339111e-02 2.785429731011390686e-02 2.007371373474597931e-02 1.457926910370588303e-02 4.832099750638008118e-02 3.256861353293061256e-03 4.634589329361915588e-02 6.881590187549591064e-02 8.008542470633983612e-03 6.334695965051651001e-02 2.560410834848880768e-02 5.342055857181549072e-02 5.338454619050025940e-02 1.631360314786434174e-02 2.183809690177440643e-02 6.094844639301300049e-02 2.883445098996162415e-02 6.447258591651916504e-02 7.501266151666641235e-02 3.174350410699844360e-02 4.004024341702461243e-02 6.035327166318893433e-02 3.188800066709518433e-02 2.740019559860229492e-02 7.712431252002716064e-02 3.212070837616920471e-02 1.212501246482133865e-02 3.713518381118774414e-02 6.948938965797424316e-02 1.649802364408969879e-02 4.662339389324188232e-02 5.876266956329345703e-02 4.251668602228164673e-02 3.259980678558349609e-02 1.120635271072387695e-01 4.485194012522697449e-02 1.670386269688606262e-02 3.145538643002510071e-02 4.016014933586120605e-02 5.387011170387268066e-02 5.477312952280044556e-02 1.074811518192291260e-01 3.678241744637489319e-02 3.277833014726638794e-02 6.593775004148483276e-03 4.277587309479713440e-02 1.381112448871135712e-02 2.515963837504386902e-02 6.881864974275231361e-04 2.149332128465175629e-02 6.667920947074890137e-02 1.580121666193008423e-01 2.254984714090824127e-02 2.133436128497123718e-02 1.807975396513938904e-02 6.363745033740997314e-02 1.802781969308853149e-01 3.560414910316467285e-02 1.442365497350692749e-01 1.878938078880310059e-02 4.997847601771354675e-02 2.455902099609375000e-02 2.166261523962020874e-02 8.581729978322982788e-02 3.475114703178405762e-02 2.362255938351154327e-02 2.911568619310855865e-02 3.915239125490188599e-02 4.966541752219200134e-02 6.564379204064607620e-03 2.867337502539157867e-02 4.226622357964515686e-02 8.961251005530357361e-03 8.504331856966018677e-02 1.005557365715503693e-02 5.319577082991600037e-02 6.988202780485153198e-02 1.401549391448497772e-02 3.713943809270858765e-02 9.671949595212936401e-02 2.972723543643951416e-02 4.752018675208091736e-02 9.398601017892360687e-03 4.696548357605934143e-02 6.147248670458793640e-02 8.739294484257698059e-03 4.090398922562599182e-02 6.309071928262710571e-02 2.649915963411331177e-02 7.619116920977830887e-03 1.435659592971205711e-03 4.382476210594177246e-02 1.403060462325811386e-02 1.713823759928345680e-03 4.207053035497665405e-02 2.058958448469638824e-02
6.519622355699539185e-02 1.517477072775363922e-02 6.632898747920989990e-02 4.526157677173614502e-02 5.009615048766136169e-02 2.063173614442348480e-02 5.983050167560577393e-02 2.192047052085399628e-02 4.367274045944213867e-02 7.865662872791290283e-02 3.522032499313354492e-02 7.903443276882171631e-02 2.277768775820732117e-02 5.510371923446655273e-02 1.939888298511505127e-02 2.169698104262351990e-02 2.874920144677162170e-02 4.880586639046669006e-02 8.495597541332244873e-02 6.144296005368232727e-02 8.391952142119407654e-03 5.818688869476318359e-02 1.087019313126802444e-02 2.075871080160140991e-02 3.420821949839591980e-02 4.180563241243362427e-02 3.986643627285957336e-02 4.259058460593223572e-02 3.987252339720726013e-02 1.048032008111476898e-02 4.218619689345359802e-02 2.018059790134429932e-02 4.169454798102378845e-03 4.596985876560211182e-02 1.758951134979724884e-02 7.595920469611883163e-03 1.752896420657634735e-02 4.515392240136861801e-03 3.126339986920356750e-02 6.297966465353965759e-03 6.366582214832305908e-02 5.121266841888427734e-02 2.935506030917167664e-02 2.575634047389030457e-02 6.540047470480203629e-03 7.387544214725494385e-02 2.233996288850903511e-03 2.621843665838241577e-02 9.731514379382133484e-03 8.798067271709442139e-02 1.435909140855073929e-02 1.289884932339191437e-02 4.229259118437767029e-02 3.493090346455574036e-02 1.736977137625217438e-03 7.065386325120925903e-02 2.389869419857859612e-03 1.009191968478262424e-03 7.870236039161682129e-02 8.224114775657653809e-02 7.455817889422178268e-03 4.894629865884780884e-02 6.005083024501800537e-02 7.680335640907287598e-02 1.391870807856321335e-02 5.726639926433563232e-02 4.862901568412780762e-02 1.624769344925880432e-02 4.633665084838867188e-02 8.377522230148315430e-02 5.424930900335311890e-02 1.859192736446857452e-02 4.812303185462951660e-02 7.527548074722290039e-02 5.482907965779304504e-02 6.153527647256851196e-02 1.966221816837787628e-02 1.230983063578605652e-01 5.307920277118682861e-03 1.165084168314933777e-01 4.688312113285064697e-02 3.133561834692955017e-02 3.878314793109893799e-02 6.024594418704509735e-03 4.312246746849268675e-04 6.820838898420333862e-02 5.250786989927291870e-02 5.970261525362730026e-03 6.152311712503433228e-02 5.926122516393661499e-02 5.576657131314277649e-02 3.074109740555286407e-02 3.706217510625720024e-03 4.400066658854484558e-02 9.824415668845176697e-03 4.356893151998519897e-02 5.166572332382202148e-02 4.523362591862678528e-02 1.378171052783727646e-02 3.893702477216720581e-02 2.165262214839458466e-02 3.908734023571014404e-02 4.131366685032844543e-02 4.250942543148994446e-02 6.799644231796264648e-02 5.440710857510566711e-02 2.136162295937538147e-02 6.875475496053695679e-02 5.588706955313682556e-02 5.155666545033454895e-02 1.127963792532682419e-02 1.390283834189176559e-02 7.905575633049011230e-02 3.611682355403900146e-02 5.279719829559326172e-02 3.829172346740961075e-03
1.643022596836090088e-01 1.686658263206481934e-01 2.794438600540161133e-02 3.636951372027397156e-02 3.536573052406311035e-02 1.115888655185699463e-01 8.298124372959136963e-02 5.267652124166488647e-02 3.412054851651191711e-02 3.522032499313354492e-02 9.997850656509399414e-02 4.450711235404014587e-02 1.180054768919944763e-01 2.773988060653209686e-02 4.425408691167831421e-02 4.283489286899566650e-02 3.057846426963806152e-02 3.788590058684349060e-02 6.677309423685073853e-02 9.210688620805740356e-02 1.341378502547740936e-02 1.239961385726928711e-02 4.225207120180130005e-02 2.053040824830532074e-02 5.772993899881839752e-03 1.547904405742883682e-02 3.367669880390167236e-02 1.646589115262031555e-02 1.196981891989707947e-01 2.448439225554466248e-02 4.849406704306602478e-02 6.043216679245233536e-03 1.075187046080827713e-02 6.360569968819618225e-03 2.742452546954154968e-02 3.920059185475111008e-03 3.613457083702087402e-02 2.106987312436103821e-02 4.603753611445426941e-02 1.118744816631078720e-02 6.081389263272285461e-02 4.748971387743949890e-02 1.817355118691921234e-02 3.279086574912071228e-02 2.036390826106071472e-02 6.656651943922042847e-02 1.834657043218612671e-01 2.780173672363162041e-03 8.670437335968017578e-02 3.556832298636436462e-02 5.682536587119102478e-02 4.043168947100639343e-02 4.568957164883613586e-02 4.770569875836372375e-02 4.898050427436828613e-02 8.782134205102920532e-02 2.669229917228221893e-02 4.102340713143348694e-02 1.179652754217386246e-02 6.967087835073471069e-02 1.226837560534477234e-02 1.925590448081493378e-02 4.274402931332588196e-02 1.334656216204166412e-02 7.842405885457992554e-02 5.241171270608901978e-02 3.543519647791981697e-03 1.967013254761695862e-02 1.820861548185348511e-02 3.529226779937744141e-02 2.464799769222736359e-02 2.156742103397846222e-02 1.400316040962934494e-02 4.058352112770080566e-02 2.265491290017962456e-03 1.139374822378158569e-02 1.336313877254724503e-02 5.865492857992649078e-03 3.222953900694847107e-02 9.588564746081829071e-03 2.548547647893428802e-02 8.168409764766693115e-02 1.085410863161087036e-01 2.272993326187133789e-03 3.088646917603909969e-04 4.125311598181724548e-02 4.744965117424726486e-03 5.560995265841484070e-02 3.183457255363464355e-02 3.877362469211220741e-03 9.428136795759201050e-02 3.220680356025695801e-02 6.113099679350852966e-02 3.497526794672012329e-02 7.644735276699066162e-02 3.149740025401115417e-02 1.839939318597316742e-02 2.083467133343219757e-02 3.739804029464721680e-02 2.155336178839206696e-02 4.622196778655052185e-02 6.592298299074172974e-02 1.361570805311203003e-01 4.790823161602020264e-02 2.057979349046945572e-03 2.717291750013828278e-02 1.696518808603286743e-02 1.493896916508674622e-02 1.352664269506931305e-02 2.542213909327983856e-02 3.250133246183395386e-02 7.101060450077056885e-02 2.913798019289970398e-02 3.978991589974611998e-04 3.032816573977470398e-02 2.398922108113765717e-02
1.184205710887908936e-02 6.165460217744112015e-04 4.032994806766510010e-02 5.229786038398742676e-02 5.288881063461303711e-02 3.526007756590843201e-02 2.876643091440200806e-02 3.340924903750419617e-02 5.013586208224296570e-02 7.903443276882171631e-02 4.450711235404014587e-02 9.206565096974372864e-03 2.029009722173213959e-02 1.291392743587493896e-01 7.746436446905136108e-02 2.544618770480155945e-02 1.271820347756147385e-02 5.510989949107170105e-02 2.587443776428699493e-02 2.818589471280574799e-02 2.967618871480226517e-03 5.812275223433971405e-03 2.785116247832775116e-02 1.158829871565103531e-02 1.215229742228984833e-02 6.084814295172691345e-02 4.951775819063186646e-02 1.759818941354751587e-01 7.256307452917098999e-02 9.155104309320449829e-02 3.439606726169586182e-02 3.909095376729965210e-02 5.037143081426620483e-02 4.844930663239210844e-04 5.990332923829555511e-03 4.895360767841339111e-02 9.447669982910156250e-02 1.757919602096080780e-02 2.504899911582469940e-02 5.738793686032295227e-02 5.908757075667381287e-02 1.266609970480203629e-02 1.660235784947872162e-02 5.616335570812225342e-02 1.908608712255954742e-02 4.807946830987930298e-02 3.309913352131843567e-02 3.445579484105110168e-02 1.110457722097635269e-02 3.101328387856483459e-02 2.746994048357009888e-02 3.261268511414527893e-02 6.373862922191619873e-02 4.971931502223014832e-02 1.643874309957027435e-02 1.299618463963270187e-02 1.346649974584579468e-02 3.411571960896253586e-03 1.582005620002746582e-02 3.320791944861412048e-02 5.502661690115928650e-02 2.776845940388739109e-04 4.865499585866928101e-02 5.865477770566940308e-02 5.715658422559499741e-03 1.244905311614274979e-02 2.019715681672096252e-02 3.396667167544364929e-02 1.923180185258388519e-02 6.532828509807586670e-02 4.417534172534942627e-02 2.120815217494964600e-02 1.194910984486341476e-02 3.688726201653480530e-02 6.766919977962970734e-03 3.983794245868921280e-03 4.474448412656784058e-02 3.080144338309764862e-02 4.546925798058509827e-02 7.430326938629150391e-02 2.196785248816013336e-02 9.540653973817825317e-02 5.296786129474639893e-02 5.264031887054443359e-02 4.889194667339324951e-02 1.209699921309947968e-02 2.596136368811130524e-02 4.539929330348968506e-02 7.862801104784011841e-02 7.273293286561965942e-02 2.502395398914813995e-02 4.857923835515975952e-02 2.173824608325958252e-02 1.565226726233959198e-02 1.608407497406005859e-02 9.661728143692016602e-02 2.019743807613849640e-02 1.348910108208656311e-02 2.692695520818233490e-02 1.248430646955966949e-02 3.071560338139533997e-02 9.036704897880554199e-02 6.374870985746383667e-02 3.290408477187156677e-02 1.619593426585197449e-02 6.724067777395248413e-02 4.297636449337005615e-02 4.365855082869529724e-02 9.179076179862022400e-03 2.896200865507125854e-02 5.313711985945701599e-02 1.267970912158489227e-02 4.360355064272880554e-02 1.457547768950462341e-02 2.854203060269355774e-02 3.046202845871448517e-02
6.269080913625657558e-04 1.976442188024520874e-01 3.790041059255599976e-02 4.935004748404026031e-03 9.741122275590896606e-02 2.006836608052253723e-02 1.160847693681716919e-01 5.925424396991729736e-02 1.120846904814243317e-02 2.277768775820732117e-02 1.180054768919944763e-01 2.029009722173213959e-02 7.076736539602279663e-02 2.892798185348510742e-02 6.271536648273468018e-02 1.798996818251907825e-03 4.300171509385108948e-03 1.028120983392000198e-02 6.641563773155212402e-02 3.200368583202362061e-02 4.675649851560592651e-02 1.437309896573424339e-03 1.570405066013336182e-02 4.281463474035263062e-02 2.028107410296797752e-03 1.195964589715003967e-02 5.406113341450691223e-02 3.361846506595611572e-02 9.304805845022201538e-02 6.010318547487258911e-02 6.043952330946922302e-02 4.036930203437805176e-02 9.269656613469123840e-03 4.582082480192184448e-02 4.962921515107154846e-02 1.075508669018745422e-01 2.531098201870918274e-02 3.441815497353672981e-03 4.068579152226448059e-02 6.170120090246200562e-02 1.210073381662368774e-02 1.344870496541261673e-02 3.696968546137213707e-03 8.773827925324440002e-03 3.844115138053894043e-02 2.447822503745555878e-02 2.522514015436172485e-02 8.837659657001495361e-02 4.108976945281028748e-02 1.765301637351512909e-02 3.248188272118568420e-02 1.449110638350248337e-02 4.120885208249092102e-02 2.841073647141456604e-02 1.025308948010206223e-02 1.506862230598926544e-02 6.445808801800012589e-03 2.173363976180553436e-02 5.876158550381660461e-02 2.537625283002853394e-02 1.715318672358989716e-02 5.498903989791870117e-02 1.640682853758335114e-02 2.517222799360752106e-02 8.711742609739303589e-02 1.021945253014564514e-01 2.454878203570842743e-02 7.245420664548873901e-02 4.094017669558525085e-02 7.812385912984609604e-03 6.653781514614820480e-03 5.096025392413139343e-02 4.547266662120819092e-02 7.852966897189617157e-03 3.392308205366134644e-02 2.035033889114856720e-02 6.574874371290206909e-02 1.941542490385472775e-03 5.736394599080085754e-02 6.549593526870012283e-03 2.207634039223194122e-02 5.896117538213729858e-02 4.176212847232818604e-02 3.324916586279869080e-02 7.963665574789047241e-02 3.808569535613059998e-02 5.134227126836776733e-02 1.906429789960384369e-02 4.529692605137825012e-02 1.621636748313903809e-02 4.876527935266494751e-02 1.274095661938190460e-02 4.009797051548957825e-02 2.650989033281803131e-02 3.182674944400787354e-02 3.677569702267646790e-02 5.977090820670127869e-02 3.897474706172943115e-02 1.116388477385044098e-02 1.085487939417362213e-02 4.577912017703056335e-02 4.295635223388671875e-02 8.318202570080757141e-03 1.882448792457580566e-02 2.465532347559928894e-02 2.628139778971672058e-02 4.129369556903839111e-02 4.729119315743446350e-02 4.472146183252334595e-02 6.731881201267242432e-02 4.957009479403495789e-02 7.063354831188917160e-03 4.541344568133354187e-02 2.875372394919395447e-02 5.848309397697448730e-02 8.363772183656692505e-02
