8.794789016246795654e-02 2.706063687801361084e-01 3.104303590953350067e-02 3.402063157409429550e-03 3.408942744135856628e-02 1.043208539485931396e-01 7.238233834505081177e-02 6.900515407323837280e-02 3.372634947299957275e-02 1.624439097940921783e-02 1.267841905355453491e-01 3.747588396072387695e-02 1.231800541281700134e-01 7.006630301475524902e-02 6.198288127779960632e-02 7.639456540346145630e-03 1.084124320186674595e-03 2.163110859692096710e-02 2.222518995404243469e-02 4.421319440007209778e-02 2.716183662414550781e-03 3.233194351196289062e-02 3.863306343555450439e-02 2.066327258944511414e-02 3.224078938364982605e-02 5.696397647261619568e-02 4.772638529539108276e-02 9.766312688589096069e-02 2.510660327970981598e-02 7.054187357425689697e-02 1.489362027496099472e-02 4.729371145367622375e-02 5.594804137945175171e-02 5.766610056161880493e-02 1.184302866458892822e-01 3.931390587240457535e-03 5.569322966039180756e-04 1.904021948575973511e-02 1.596123911440372467e-02 2.504301082808524370e-04 4.119514301419258118e-02 7.466693967580795288e-02 1.259346771985292435e-02 2.291738055646419525e-03 1.999485678970813751e-02 1.981249265372753143e-02 1.562776602804660797e-02 9.374679997563362122e-03 3.671431913971900940e-02 3.042771853506565094e-02 7.049244642257690430e-02 2.966534905135631561e-02 3.926966339349746704e-02 1.838778890669345856e-02 5.433272570371627808e-02 2.884251996874809265e-03 4.076349362730979919e-02 1.209717057645320892e-02 3.048512898385524750e-02 3.580812364816665649e-02 1.180098764598369598e-02 1.262355688959360123e-02 8.183386921882629395e-02 6.530241668224334717e-02 3.183621540665626526e-02 2.354345750063657761e-03 2.194221504032611847e-02 4.121358692646026611e-02 3.726715454831719398e-03 1.717121712863445282e-02 5.507276207208633423e-02 1.072175148874521255e-02 8.194108493626117706e-03 5.041538923978805542e-02 1.698677241802215576e-02 5.374367907643318176e-02 3.510350361466407776e-02 1.346704456955194473e-02 1.700543425977230072e-02 3.138498216867446899e-02 1.583642326295375824e-02 3.393521904945373535e-02 7.942012511193752289e-03 3.517895191907882690e-02 5.464797094464302063e-02 1.426386833190917969e-02 1.646796800196170807e-02 1.562276971526443958e-03 7.990687736310064793e-04 3.903166158124804497e-03 4.836701229214668274e-02 3.213108703494071960e-02 9.114148095250129700e-03 1.844743615947663784e-03 3.523569554090499878e-02 3.522240370512008667e-02 1.299419533461332321e-02 8.459117263555526733e-03 1.711505651473999023e-02 4.078095406293869019e-02 4.969917982816696167e-02 1.830829493701457977e-02 2.119914628565311432e-03 6.052215397357940674e-02 6.115452572703361511e-02 2.797735156491398811e-03 4.617850854992866516e-02 3.102100640535354614e-02 1.149001065641641617e-02 5.095082521438598633e-02 1.186341606080532074e-02 1.165857166051864624e-02 3.466461971402168274e-02 1.399512309581041336e-02 2.012853045016527176e-03 3.280096128582954407e-02
2.706063687801361084e-01 1.141480356454849243e-01 4.195795208215713501e-02 1.767856255173683167e-02 1.185575127601623535e-02 1.059142798185348511e-01 1.142210438847541809e-01 1.006121113896369934e-01 1.699696853756904602e-02 3.385363146662712097e-02 1.087168827652931213e-01 2.521847933530807495e-02 1.371324509382247925e-01 4.229196533560752869e-02 9.462275356054306030e-02 3.929125517606735229e-02 1.905314624309539795e-02 1.334472745656967163e-02 5.245888978242874146e-02 1.687156781554222107e-02 5.642968229949474335e-03 2.909036166965961456e-02 2.038105949759483337e-02 3.394350409507751465e-02 6.265563890337944031e-03 6.621794402599334717e-02 7.217495143413543701e-02 4.276096075773239136e-02 4.237512592226266861e-03 7.475779205560684204e-02 1.127876620739698410e-02 5.648435093462467194e-03 1.859202422201633453e-02 3.617893531918525696e-02 1.046191751956939697e-01 1.963623054325580597e-02 6.167437415570020676e-03 2.918938547372817993e-02 9.610643610358238220e-03 3.736616577953100204e-03 5.095354840159416199e-02 4.714516922831535339e-02 1.706826500594615936e-02 2.355387620627880096e-02 2.913263812661170959e-02 2.794378809630870819e-02 4.971904680132865906e-02 2.996006235480308533e-02 3.514852747321128845e-02 3.593103960156440735e-02 6.042600423097610474e-02 6.312527507543563843e-02 1.254939939826726913e-02 2.116494998335838318e-02 1.887593232095241547e-02 1.830396987497806549e-02 7.272334769368171692e-03 1.470560394227504730e-02 3.969535697251558304e-03 2.483198232948780060e-02 3.482747124508023262e-03 2.569779939949512482e-02 5.039372295141220093e-02 7.391362637281417847e-02 1.649748906493186951e-02 1.040984038263559341e-02 1.707316935062408447e-02 7.751846220344305038e-03 2.447934821248054504e-02 2.491037547588348389e-02 5.637762323021888733e-02 2.068891562521457672e-02 1.206396520137786865e-02 3.500929102301597595e-02 3.976544365286827087e-02 5.789422988891601562e-02 4.595434758812189102e-03 3.755350410938262939e-02 3.785111755132675171e-02 6.105960160493850708e-02 6.391896400600671768e-03 5.472904443740844727e-02 2.697355486452579498e-02 2.199692092835903168e-02 3.977939113974571228e-02 2.761320024728775024e-02 2.682228758931159973e-02 5.436420440673828125e-03 7.195234764367341995e-03 2.642562799155712128e-02 6.020819395780563354e-02 1.876599155366420746e-02 3.932399302721023560e-02 6.591677200049161911e-03 5.786566808819770813e-02 1.610337942838668823e-02 4.153345711529254913e-03 1.801573671400547028e-02 9.402062743902206421e-03 2.703364193439483643e-02 2.935069613158702850e-02 4.235558211803436279e-02 1.434238534420728683e-02 3.218540549278259277e-02 1.953597180545330048e-02 3.095868788659572601e-02 1.662320340983569622e-03 3.262563049793243408e-02 4.015910997986793518e-02 3.033206425607204437e-02 2.205707132816314697e-02 2.918555866926908493e-03 4.678430780768394470e-02 2.267521992325782776e-02 7.449951954185962677e-03 3.354278160259127617e-03
3.104303590953350067e-02 4.195795208215713501e-02 1.019603013992309570e-02 4.808518663048744202e-02 5.607339367270469666e-02 1.778420060873031616e-02 1.992032676935195923e-02 1.125182658433914185e-01 3.352227807044982910e-02 3.393390402197837830e-02 4.028061870485544205e-03 2.147982269525527954e-02 2.821248024702072144e-02 1.128380652517080307e-02 4.124931246042251587e-02 7.141214795410633087e-03 1.852680556476116180e-02 9.163333103060722351e-03 2.315830811858177185e-02 1.826615445315837860e-02 4.135715588927268982e-02 4.441341757774353027e-02 2.503006160259246826e-02 1.764255203306674957e-02 1.822733506560325623e-02 1.573614543303847313e-03 6.887774169445037842e-02 4.011531826108694077e-03 2.398449182510375977e-02 1.310274470597505569e-02 2.781055308878421783e-02 7.890100590884685516e-03 1.055676415562629700e-01 3.199470043182373047e-02 6.016919016838073730e-02 5.701855197548866272e-02 7.070454303175210953e-03 8.486236445605754852e-03 4.937779903411865234e-02 9.196020662784576416e-02 1.897489093244075775e-02 1.121268980205059052e-02 5.637814477086067200e-02 1.586461961269378662e-01 1.575823575258255005e-01 7.288353145122528076e-02 3.572399914264678955e-02 9.214897290803492069e-04 2.651179954409599304e-02 4.989290982484817505e-02 3.235823824070394039e-04 6.386893987655639648e-02 4.793330281972885132e-02 4.789826646447181702e-02 3.474350646138191223e-02 5.402430519461631775e-02 4.920962825417518616e-02 2.683487907052040100e-02 4.268371313810348511e-02 1.044127624481916428e-02 6.829611212015151978e-02 8.363770693540573120e-02 2.398301288485527039e-02 2.880700305104255676e-02 3.568997979164123535e-02 4.639391601085662842e-02 4.569187760353088379e-02 9.383249096572399139e-03 3.807114064693450928e-02 5.109900981187820435e-02 3.857078775763511658e-02 1.566185429692268372e-02 2.954682521522045135e-02 9.590907953679561615e-03 2.515113214030861855e-03 2.241200394928455353e-02 2.161926589906215668e-02 3.036186099052429199e-02 1.633990369737148285e-02 2.188221551477909088e-02 2.298048883676528931e-01 7.851401716470718384e-02 3.418471664190292358e-02 1.319196261465549469e-02 2.054310962557792664e-02 1.938433386385440826e-02 5.346796289086341858e-02 4.451709985733032227e-02 4.642714560031890869e-02 6.548807024955749512e-02 2.123215422034263611e-02 1.387295313179492950e-02 1.048837881535291672e-02 2.327866153791546822e-03 6.404327601194381714e-02 7.887226343154907227e-02 3.777648881077766418e-02 9.733771905303001404e-03 2.148483879864215851e-02 5.803558230400085449e-02 4.531238973140716553e-02 1.951561868190765381e-02 5.431653559207916260e-02 3.439066931605339050e-02 8.433595299720764160e-03 6.319062411785125732e-02 4.294434562325477600e-02 3.970293328166007996e-02 2.555302053224295378e-04 6.041550636291503906e-02 5.919247493147850037e-02 5.246551334857940674e-02 1.629159227013587952e-02 7.358607649803161621e-02 1.714257895946502686e-02 3.282133862376213074e-02
3.402063157409429550e-03 1.767856255173683167e-02 4.808518663048744202e-02 4.256005212664604187e-02 1.036297827959060669e-01 1.161860208958387375e-02 6.980214267969131470e-03 2.804941684007644653e-02 9.491330012679100037e-03 1.489497628062963486e-02 5.975129082798957825e-03 4.985969513654708862e-02 1.827671192586421967e-02 4.625398665666580200e-03 2.333790063858032227e-02 2.720162644982337952e-02 2.277055755257606506e-03 6.630814820528030396e-02 2.682954818010330200e-02 2.081177942454814911e-02 6.437089294195175171e-03 2.240497246384620667e-02 1.099563110619783401e-02 2.781718038022518158e-02 4.218445625156164169e-03 2.831405401229858398e-02 3.327401354908943176e-02 8.777900948189198971e-04 2.617927454411983490e-02 3.376103471964597702e-03 5.710457917302846909e-03 1.665834896266460419e-02 7.896290160715579987e-03 1.427358761429786682e-02 1.871333830058574677e-02 1.515245623886585236e-02 4.458577185869216919e-02 1.594833098351955414e-02 2.548293210566043854e-02 6.581720896065235138e-03 1.806024648249149323e-02 5.854699760675430298e-02 2.078088745474815369e-02 6.700730882585048676e-03 2.346956171095371246e-02 3.250340372323989868e-02 1.478368602693080902e-02 7.439124397933483124e-03 1.890501193702220917e-02 6.096988543868064880e-02 4.486560821533203125e-03 5.105901509523391724e-02 9.118258021771907806e-03 5.871183238923549652e-03 1.685610273852944374e-03 7.136825006455183029e-03 3.511543571949005127e-02 2.208485454320907593e-02 1.278383657336235046e-02 3.504008520394563675e-03 5.255391821265220642e-02 1.765109971165657043e-02 3.911521658301353455e-02 2.046792767941951752e-02 1.482784561812877655e-02 3.408724814653396606e-02 2.578571997582912445e-02 4.300541803240776062e-02 4.732495546340942383e-02 2.871327474713325500e-02 4.151559248566627502e-02 1.052663102746009827e-02 1.161597371101379395e-01 3.248570859432220459e-02 7.595745474100112915e-02 1.417521107941865921e-02 5.914373695850372314e-02 1.363802142441272736e-02 1.722034998238086700e-02 5.859939381480216980e-03 4.049573093652725220e-03 1.857483386993408203e-02 4.464140534400939941e-02 5.053204298019409180e-02 2.388394810259342194e-02 4.382769763469696045e-02 3.370299190282821655e-02 3.011510521173477173e-02 6.892067939043045044e-02 2.991849742829799652e-02 2.727308683097362518e-02 1.023193821310997009e-02 1.495011057704687119e-02 2.956668660044670105e-02 5.666731297969818115e-02 2.417941577732563019e-02 1.207351405173540115e-02 3.431061282753944397e-02 2.353217452764511108e-02 2.025762200355529785e-02 2.200264483690261841e-02 2.417520992457866669e-02 8.146075531840324402e-03 6.185989826917648315e-03 1.215520408004522324e-02 3.034591674804687500e-02 2.311994321644306183e-02 6.407909095287322998e-02 3.164974600076675415e-02 4.976311326026916504e-02 7.840786129236221313e-03 5.177237093448638916e-02 1.765511743724346161e-02 2.733531035482883453e-02 2.576351538300514221e-02 2.957156859338283539e-02
3.408942744135856628e-02 1.185575127601623535e-02 5.607339367270469666e-02 1.036297827959060669e-01 4.637479409575462341e-02 6.272190809249877930e-02 5.296197533607482910e-02 1.089122332632541656e-02 9.062810800969600677e-03 4.069422557950019836e-02 3.712444379925727844e-02 1.569254323840141296e-02 2.845790004357695580e-03 6.401889771223068237e-02 2.177418954670429230e-02 1.062635984271764755e-02 3.703271597623825073e-02 1.945808157324790955e-02 3.153610974550247192e-02 2.794319018721580505e-02 1.821574755012989044e-02 4.375931341201066971e-03 3.709167242050170898e-03 5.636982247233390808e-02 1.874029822647571564e-02 2.041335031390190125e-02 8.404045365750789642e-03 3.729755431413650513e-02 3.458449244499206543e-02 1.430394500494003296e-02 2.905200701206922531e-03 1.802910119295120239e-02 1.775034889578819275e-02 1.034135092049837112e-02 3.586845099925994873e-02 3.866235166788101196e-02 2.683226205408573151e-02 1.547273714095354080e-02 6.975672207772731781e-03 5.005212128162384033e-02 1.249351305887103081e-03 7.809545844793319702e-02 3.911573067307472229e-02 5.457902699708938599e-02 2.285044640302658081e-02 7.534223794937133789e-02 2.164463279768824577e-03 5.246196687221527100e-02 8.008439093828201294e-03 5.887294933199882507e-02 3.590879589319229126e-02 1.954146660864353180e-02 3.464897349476814270e-02 3.639127127826213837e-03 2.647579833865165710e-02 5.180236697196960449e-02 3.731191391125321388e-03 6.970648653805255890e-03 9.749493561685085297e-03 1.139323925599455833e-03 1.696874573826789856e-02 1.011424697935581207e-02 2.361184358596801758e-02 2.746006473898887634e-02 1.775229349732398987e-02 4.579893499612808228e-02 2.977531030774116516e-02 4.437654837965965271e-02 3.412559255957603455e-02 6.296967715024948120e-02 3.693390265107154846e-02 2.819331176578998566e-02 1.025791466236114502e-01 4.705932736396789551e-02 1.253416538238525391e-01 2.350385859608650208e-02 2.381007373332977295e-02 4.374851658940315247e-02 6.007941439747810364e-02 3.569040214642882347e-03 2.059015445411205292e-02 6.882844492793083191e-03 2.611237019300460815e-02 2.216879650950431824e-02 1.233635563403367996e-02 5.838778242468833923e-02 2.307520993053913116e-02 6.715764105319976807e-02 5.633334815502166748e-02 5.497201159596443176e-02 3.035298921167850494e-02 1.702932640910148621e-02 8.012101054191589355e-03 2.646091394126415253e-02 9.686768986284732819e-03 3.920887783169746399e-02 6.716667674481868744e-03 4.074858501553535461e-02 4.328508302569389343e-02 5.770128220319747925e-02 2.377581037580966949e-02 2.268783375620841980e-02 3.279966488480567932e-02 2.643504412844777107e-03 2.220987714827060699e-02 3.356228396296501160e-02 1.518515963107347488e-02 2.255522273480892181e-02 4.878713563084602356e-02 2.682298608124256134e-02 2.491520904004573822e-02 3.152855858206748962e-02 4.177671298384666443e-02 6.160775944590568542e-02 1.328507252037525177e-02 2.764044143259525299e-02
1.043208539485931396e-01 1.059142798185348511e-01 1.778420060873031616e-02 1.161860208958387375e-02 6.272190809249877930e-02 1.104095950722694397e-01 1.735576689243316650e-01 6.290805991739034653e-03 3.771968930959701538e-02 1.517546479590237141e-03 7.186321914196014404e-02 1.006366102956235409e-03 5.787583068013191223e-02 3.773431479930877686e-02 2.413684315979480743e-02 3.835979849100112915e-02 4.189525172114372253e-02 2.786419540643692017e-02 3.326289355754852295e-02 3.177483007311820984e-02 2.720205672085285187e-02 9.580360352993011475e-02 5.580222606658935547e-02 6.342865526676177979e-02 9.589406661689281464e-03 7.025127112865447998e-02 3.036345727741718292e-02 9.412664920091629028e-02 3.827670216560363770e-02 1.060871332883834839e-01 7.810907810926437378e-02 2.049916237592697144e-02 1.764688268303871155e-02 3.220905273337848485e-05 2.699008025228977203e-02 8.782504126429557800e-03 3.085772320628166199e-02 5.286203697323799133e-02 2.590043842792510986e-02 7.076988462358713150e-03 9.272895753383636475e-03 2.729554474353790283e-02 3.931948915123939514e-02 2.983000874519348145e-02 4.394111689180135727e-03 5.495073739439249039e-03 1.242048367857933044e-01 1.157425716519355774e-01 2.063069120049476624e-02 5.449545010924339294e-02 1.993367448449134827e-02 2.815636619925498962e-02 1.899258000776171684e-03 3.143841400742530823e-02 2.515868656337261200e-02 1.537961885333061218e-03 9.291011840105056763e-03 2.353509329259395599e-02 2.765041403472423553e-02 3.441139310598373413e-02 1.911738514900207520e-02 3.635464236140251160e-03 1.958033256232738495e-02 1.563703268766403198e-02 1.273514516651630402e-02 1.446190476417541504e-02 9.946945123374462128e-03 2.046246081590652466e-02 6.615079939365386963e-03 4.690919443964958191e-02 2.194485813379287720e-02 2.531635016202926636e-02 4.673856496810913086e-02 3.501494973897933960e-02 1.974822394549846649e-02 1.917891390621662140e-02 4.407047852873802185e-02 4.961175844073295593e-02 1.639283820986747742e-02 4.025539010763168335e-02 2.555372565984725952e-02 2.466955222189426422e-02 9.472034871578216553e-03 1.131766568869352341e-02 3.574355319142341614e-02 5.703201889991760254e-02 1.589646376669406891e-02 1.186949387192726135e-02 1.731696724891662598e-02 1.203600969165563583e-02 4.490553587675094604e-02 3.891168627887964249e-03 9.820019477047026157e-05 7.925713434815406799e-03 3.596916049718856812e-02 3.777113929390907288e-02 3.604156523942947388e-02 7.060697674751281738e-02 6.051115691661834717e-03 1.326128095388412476e-02 3.314672037959098816e-02 2.114699780941009521e-02 1.071611512452363968e-02 2.534365653991699219e-02 6.777329742908477783e-02 1.318191923201084137e-02 5.069211497902870178e-02 5.090492591261863708e-02 4.534687846899032593e-02 2.024758420884609222e-02 2.684854529798030853e-02 3.547126054763793945e-02 6.298630684614181519e-02 1.761263608932495117e-02 1.803001016378402710e-02 8.651129901409149170e-03
7.238233834505081177e-02 1.142210438847541809e-01 1.992032676935195923e-02 6.980214267969131470e-03 5.296197533607482910e-02 1.735576689243316650e-01 9.547969698905944824e-02 2.123656868934631348e-02 4.825093783438205719e-03 4.612254351377487183e-02 5.119339004158973694e-02 4.994208738207817078e-02 5.292158573865890503e-02 4.940576851367950439e-02 4.485047981142997742e-02 4.854217544198036194e-02 1.331482455134391785e-02 3.589277341961860657e-02 4.067066311836242676e-02 4.918722435832023621e-03 5.666694417595863342e-02 2.545471116900444031e-02 8.568658493459224701e-03 3.083939105272293091e-02 3.658999875187873840e-02 1.946726068854331970e-02 4.531718324869871140e-03 1.514357887208461761e-02 1.389391534030437469e-02 3.980961069464683533e-02 4.901651293039321899e-02 3.678436391055583954e-03 5.502843484282493591e-02 2.985967881977558136e-02 6.135490722954273224e-03 6.988083478063344955e-03 1.669710129499435425e-02 3.031553514301776886e-02 3.277190774679183960e-02 1.052422332577407360e-03 9.229049086570739746e-03 3.455070033669471741e-02 2.087160013616085052e-02 4.934017080813646317e-03 4.422118142247200012e-02 2.528797276318073273e-02 1.271812319755554199e-01 1.746141910552978516e-01 2.763171680271625519e-02 6.225731223821640015e-02 3.465237468481063843e-02 1.437513343989849091e-02 4.010044038295745850e-02 9.203089401125907898e-03 6.384752225130796432e-03 1.374129112809896469e-02 1.139458152465522289e-03 1.066731172613799572e-03 2.316381409764289856e-02 2.083715982735157013e-02 1.208756119012832642e-02 2.982769533991813660e-02 8.579717949032783508e-03 4.458165913820266724e-02 6.880313903093338013e-02 7.114348467439413071e-03 2.683107182383537292e-02 2.099889144301414490e-02 4.688864108175039291e-03 2.748229913413524628e-02 9.233087301254272461e-03 8.827432058751583099e-03 2.374658919870853424e-02 3.125245124101638794e-02 1.750149019062519073e-02 1.996763423085212708e-02 3.990343306213617325e-03 3.713741898536682129e-03 4.100363329052925110e-02 3.450452163815498352e-02 2.956307679414749146e-02 2.966092526912689209e-02 5.992705002427101135e-02 5.659968778491020203e-02 8.897846564650535583e-03 7.601643353700637817e-02 1.813168637454509735e-02 1.633268222212791443e-02 9.379080496728420258e-03 6.358990073204040527e-02 2.322888933122158051e-02 1.417782250791788101e-02 4.278204962611198425e-02 2.069782093167304993e-02 6.410991307348012924e-03 4.815965425223112106e-03 2.459855563938617706e-02 5.850885435938835144e-02 1.789319515228271484e-02 2.178690396249294281e-02 2.349760569632053375e-02 5.744756013154983521e-02 1.379460748285055161e-02 1.961075514554977417e-02 1.961569860577583313e-02 2.381727844476699829e-02 3.319115936756134033e-02 4.287141561508178711e-02 4.211704432964324951e-02 3.209947794675827026e-02 6.422920525074005127e-02 4.585759714245796204e-02 9.073494374752044678e-02 1.178701594471931458e-02 4.777771979570388794e-02 1.740537770092487335e-02
6.900515407323837280e-02 1.006121113896369934e-01 1.125182658433914185e-01 2.804941684007644653e-02 1.089122332632541656e-02 6.290805991739034653e-03 2.123656868934631348e-02 2.661672979593276978e-02 4.169460758566856384e-02 6.091076135635375977e-02 3.456731885671615601e-02 3.683356568217277527e-02 5.416388809680938721e-02 1.941305119544267654e-03 1.412040889263153076e-01 7.163663208484649658e-02 7.719472795724868774e-02 4.421748965978622437e-02 6.608380377292633057e-02 6.130631547421216965e-03 3.326785936951637268e-02 1.010583713650703430e-01 4.580372944474220276e-03 2.349938452243804932e-02 1.460820715874433517e-02 6.084414198994636536e-03 2.528099110350012779e-03 6.009604781866073608e-03 7.395951449871063232e-02 4.761989414691925049e-02 3.561151027679443359e-02 2.908300049602985382e-02 6.786453723907470703e-02 4.082969389855861664e-03 2.031679963693022728e-03 4.115398228168487549e-02 4.369756951928138733e-02 7.364755868911743164e-02 6.637420505285263062e-02 1.286150980740785599e-02 6.139314267784357071e-03 5.104197189211845398e-02 2.413298748433589935e-02 6.829398125410079956e-02 1.258313655853271484e-02 1.581913791596889496e-02 1.908141421154141426e-03 1.958876289427280426e-02 1.933033950626850128e-02 2.267212048172950745e-02 5.234845448285341263e-03 2.932010404765605927e-02 3.091313689947128296e-02 4.438424110412597656e-02 4.799474775791168213e-02 5.137973651289939880e-02 1.899266801774501801e-02 4.973170347511768341e-03 5.263523384928703308e-02 5.908390134572982788e-02 5.069618672132492065e-02 5.928727611899375916e-02 1.176376175135374069e-02 6.921420339494943619e-03 1.377118605887517333e-04 2.873814292252063751e-02 1.198131358250975609e-03 5.723828449845314026e-03 9.951570071280002594e-03 1.799650490283966064e-02 1.042637228965759277e-02 2.953520044684410095e-02 2.843460813164710999e-02 1.751200295984745026e-03 9.124069474637508392e-03 7.641738746315240860e-03 1.472334004938602448e-02 8.613353222608566284e-02 3.433825448155403137e-03 4.021735116839408875e-02 9.508968144655227661e-02 1.081702262163162231e-01 5.971442162990570068e-02 3.144596889615058899e-02 3.544789552688598633e-02 2.646820992231369019e-02 1.105458363890647888e-01 6.705341488122940063e-02 2.641515061259269714e-02 3.033577650785446167e-02 9.501739987172186375e-04 9.379440918564796448e-03 2.652752026915550232e-02 4.157754592597484589e-03 6.526485085487365723e-02 3.502182662487030029e-02 4.283151775598526001e-02 8.738747797906398773e-03 3.306837752461433411e-02 1.204000134021043777e-02 3.177739679813385010e-02 2.322323806583881378e-02 1.065386645495891571e-02 4.580640047788619995e-02 5.741914361715316772e-02 3.280075639486312866e-02 2.302219718694686890e-02 1.873057149350643158e-02 3.887131437659263611e-02 4.900854453444480896e-02 4.403805732727050781e-02 3.371024876832962036e-02 5.736950039863586426e-02 1.482654176652431488e-02 1.839789934456348419e-02 9.362423588754609227e-05
3.372634947299957275e-02 1.699696853756904602e-02 3.352227807044982910e-02 9.491330012679100037e-03 9.062810800969600677e-03 3.771968930959701538e-02 4.825093783438205719e-03 4.169460758566856384e-02 4.615931957960128784e-02 8.523464202880859375e-02 8.379280567169189453e-03 1.197445467114448547e-01 2.120514586567878723e-02 9.338993579149246216e-02 3.198130056262016296e-02 1.760524697601795197e-02 3.079686500132083893e-02 8.005877584218978882e-02 3.052822686731815338e-02 5.177913233637809753e-03 1.625295844860374928e-03 2.777715399861335754e-02 5.939491093158721924e-02 5.772748962044715881e-02 2.404235117137432098e-02 2.886836789548397064e-02 2.593718655407428741e-02 2.804792299866676331e-02 4.861102625727653503e-02 5.428283289074897766e-02 2.885003015398979187e-02 1.383555307984352112e-02 1.537961047142744064e-02 5.553726106882095337e-02 1.739977300167083740e-02 9.900514781475067139e-02 2.210459299385547638e-02 1.249146740883588791e-02 3.098244965076446533e-02 3.412593528628349304e-02 5.914817005395889282e-02 7.088210433721542358e-02 5.280379205942153931e-02 2.000456862151622772e-02 3.284017741680145264e-02 1.712342910468578339e-02 2.326857484877109528e-02 2.870291937142610550e-03 4.297163709998130798e-02 6.289678066968917847e-02 3.142865747213363647e-02 6.290540844202041626e-02 1.907134801149368286e-02 2.194792963564395905e-02 8.722849935293197632e-02 3.105116263031959534e-02 1.489187777042388916e-02 1.525579299777746201e-02 5.002741236239671707e-03 4.341427981853485107e-02 3.639290225692093372e-04 7.247450947761535645e-02 9.523453190922737122e-03 1.731209456920623779e-02 3.840991482138633728e-02 2.230730606243014336e-03 3.535525873303413391e-02 9.486744180321693420e-03 5.484087392687797546e-02 3.263853862881660461e-02 3.358155488967895508e-02 2.305564843118190765e-02 2.431690506637096405e-02 7.983094081282615662e-03 4.643995687365531921e-02 1.995324902236461639e-02 1.247370615601539612e-01 9.712169319391250610e-02 6.343878060579299927e-02 4.034051299095153809e-02 1.238742563873529434e-02 1.670515281148254871e-03 5.734496563673019409e-02 2.970370650291442871e-02 7.660121470689773560e-02 7.734602317214012146e-03 2.856352739036083221e-02 1.137126237154006958e-02 5.343641713261604309e-02 1.130602229386568069e-02 5.645291134715080261e-02 8.856734260916709900e-03 6.520097702741622925e-02 8.622487075626850128e-03 2.223063446581363678e-02 2.312227152287960052e-03 8.589096367359161377e-03 3.461517393589019775e-02 2.048164978623390198e-02 2.774074487388134003e-02 2.033391408622264862e-02 4.520702175796031952e-03 7.230021525174379349e-03 4.472677037119865417e-02 4.938777908682823181e-02 4.511659499257802963e-04 3.608474275097250938e-03 7.974808663129806519e-02 3.856299445033073425e-02 3.284486941993236542e-03 1.574374968186020851e-03 3.631121246144175529e-03 5.287384614348411560e-02 1.905210129916667938e-02 6.224215030670166016e-02 5.260741338133811951e-03
1.624439097940921783e-02 3.385363146662712097e-02 3.393390402197837830e-02 1.489497628062963486e-02 4.069422557950019836e-02 1.517546479590237141e-03 4.612254351377487183e-02 6.091076135635375977e-02 8.523464202880859375e-02 3.878989815711975098e-02 1.313319988548755646e-02 6.591863464564085007e-03 2.134627103805541992e-02 5.458459630608558655e-02 3.170970361679792404e-03 1.043024584650993347e-01 3.464582143351435661e-03 4.402480274438858032e-02 9.438666701316833496e-02 3.842045087367296219e-03 5.315666086971759796e-03 3.252125903964042664e-02 2.957076020538806915e-02 8.279283531010150909e-03 4.298312962055206299e-02 4.078719764947891235e-02 5.571454390883445740e-02 9.108638018369674683e-02 3.382133692502975464e-02 7.984479889273643494e-03 4.617699235677719116e-02 4.661012440919876099e-02 1.591440849006175995e-02 5.234111100435256958e-02 5.267697572708129883e-02 6.005748361349105835e-02 6.633542478084564209e-02 4.509755410254001617e-03 1.063925698399543762e-01 1.060537528246641159e-02 8.855935186147689819e-03 2.321847947314381599e-03 8.302070200443267822e-02 3.880604729056358337e-02 1.948011480271816254e-02 6.279228627681732178e-02 4.814419150352478027e-02 6.681068986654281616e-02 2.347293309867382050e-02 1.099174022674560547e-01 2.479533851146697998e-02 1.810136623680591583e-02 1.480661146342754364e-02 3.458391875028610229e-02 8.146860450506210327e-02 1.491440534591674805e-01 3.907621651887893677e-02 1.433229595422744751e-01 7.200406398624181747e-04 2.201153524219989777e-02 9.048683941364288330e-02 2.800331078469753265e-02 3.600167483091354370e-02 7.366909831762313843e-02 4.347759857773780823e-02 1.057820301502943039e-02 6.809677928686141968e-02 1.569255441427230835e-02 2.591519057750701904e-02 2.137628849595785141e-03 4.765545576810836792e-02 3.118528518825769424e-03 1.442711055278778076e-02 5.978430807590484619e-02 7.196810096502304077e-02 7.610240485519170761e-03 2.084214612841606140e-02 2.432866245508193970e-01 6.459344178438186646e-02 1.118495911359786987e-01 2.531269565224647522e-02 1.837231777608394623e-02 3.814681991934776306e-02 1.822402924299240112e-01 6.103507056832313538e-02 3.558155894279479980e-02 5.589522421360015869e-03 7.022698223590850830e-02 5.882012099027633667e-02 4.803586751222610474e-02 7.329926360398530960e-03 3.644347190856933594e-02 6.299764662981033325e-02 4.317157343029975891e-02 2.605708315968513489e-02 4.146263934671878815e-03 9.370655566453933716e-02 1.251934003084897995e-02 8.196089416742324829e-02 1.723808236420154572e-02 2.798385173082351685e-02 5.119531974196434021e-02 4.996313154697418213e-02 2.558970265090465546e-02 1.986544951796531677e-02 1.130107976496219635e-02 3.068920783698558807e-02 9.329834952950477600e-03 1.462097838521003723e-02 8.222130686044692993e-02 6.007660180330276489e-02 9.625557810068130493e-03 2.013283222913742065e-02 4.990995302796363831e-02 1.908560097217559814e-02 4.430057946592569351e-03
1.267841905355453491e-01 1.087168827652931213e-01 4.028061870485544205e-03 5.975129082798957825e-03 3.712444379925727844e-02 7.186321914196014404e-02 5.119339004158973694e-02 3.456731885671615601e-02 8.379280567169189453e-03 1.313319988548755646e-02 1.060776859521865845e-01 1.523336116224527359e-02 1.707663834095001221e-01 8.378645405173301697e-03 8.442824333906173706e-02 1.466199290007352829e-02 5.292804539203643799e-02 2.158776856958866119e-02 2.543648704886436462e-02 5.423389375209808350e-02 7.547785062342882156e-03 2.399334497749805450e-02 2.165071107447147369e-02 2.115117199718952179e-02 1.836740039288997650e-02 2.633038163185119629e-02 3.123884461820125580e-02 1.044654170982539654e-03 8.055340498685836792e-02 3.655815124511718750e-02 7.223647832870483398e-02 6.707655265927314758e-03 2.844351716339588165e-02 7.007123436778783798e-03 9.357944130897521973e-03 2.627305313944816589e-02 3.677953407168388367e-02 1.208803150802850723e-02 2.582934685051441193e-02 3.053665347397327423e-02 8.602116256952285767e-03 8.888987451791763306e-02 2.401819452643394470e-02 4.231857601553201675e-03 2.133769541978836060e-02 2.693274803459644318e-02 1.913634501397609711e-02 7.911817170679569244e-03 1.434767735190689564e-03 2.605290524661540985e-02 1.310066413134336472e-02 2.502799034118652344e-02 5.005930364131927490e-02 4.991347342729568481e-02 1.289808657020330429e-02 3.587590157985687256e-02 3.232654929161071777e-02 2.343287318944931030e-02 1.145586022175848484e-03 2.617625705897808075e-02 2.517502987757325172e-03 1.545229367911815643e-02 3.150751581415534019e-03 2.547243144363164902e-03 7.199346274137496948e-02 8.423278480768203735e-02 2.646560547873377800e-03 1.417733170092105865e-02 1.912961713969707489e-02 1.605093292891979218e-02 7.011151313781738281e-02 4.051551804877817631e-04 3.939367830753326416e-02 2.552895992994308472e-02 1.881744526326656342e-02 3.070549108088016510e-02 6.182986544445157051e-04 2.528510987758636475e-02 2.848545648157596588e-02 6.421913206577301025e-02 7.258714176714420319e-03 2.148846164345741272e-02 1.330916117876768112e-02 2.566496841609477997e-02 7.794764637947082520e-02 7.280473131686449051e-03 4.245808348059654236e-02 3.005967848002910614e-02 4.360618069767951965e-03 3.639652580022811890e-02 2.656612731516361237e-02 4.877541586756706238e-02 6.148900836706161499e-02 2.170503325760364532e-02 6.361696869134902954e-02 2.215494774281978607e-02 1.153400912880897522e-02 2.519281208515167236e-02 1.390613056719303131e-02 1.943009439855813980e-03 1.683814823627471924e-02 4.037171229720115662e-02 2.861608937382698059e-02 5.465679336339235306e-03 3.509102971293032169e-04 7.402555085718631744e-03 3.385823220014572144e-02 1.914919912815093994e-02 1.821350120007991791e-02 8.228781633079051971e-03 2.346751093864440918e-02 8.577608503401279449e-03 2.750206971541047096e-03 3.037727251648902893e-02 6.865515559911727905e-02 4.733140766620635986e-02
3.747588396072387695e-02 2.521847933530807495e-02 2.147982269525527954e-02 4.985969513654708862e-02 1.569254323840141296e-02 1.006366102956235409e-03 4.994208738207817078e-02 3.683356568217277527e-02 1.197445467114448547e-01 6.591863464564085007e-03 1.523336116224527359e-02 6.800038367509841919e-02 1.588197238743305206e-02 2.749759554862976074e-01 4.868809133768081665e-02 1.145636662840843201e-02 9.614506736397743225e-03 7.217583712190389633e-03 3.661663271486759186e-03 1.623280346393585205e-02 5.048690363764762878e-02 8.797601610422134399e-02 5.134601891040802002e-02 3.518655523657798767e-02 6.109056249260902405e-02 9.906947612762451172e-03 5.402973666787147522e-02 1.310229152441024780e-01 2.337062172591686249e-02 1.440054476261138916e-01 4.328003525733947754e-02 7.906459504738450050e-04 2.663896791636943817e-02 1.866412349045276642e-02 1.824508793652057648e-02 5.229368060827255249e-02 7.372271269559860229e-02 2.271418273448944092e-02 2.620594576001167297e-02 1.821492426097393036e-02 4.536319524049758911e-02 3.615408763289451599e-02 1.127479877322912216e-02 3.775265766307711601e-03 1.054160669445991516e-01 5.539169162511825562e-02 4.225069656968116760e-02 1.076452620327472687e-02 4.502071067690849304e-02 4.881589114665985107e-02 1.554834190756082535e-02 3.345107287168502808e-02 5.246791616082191467e-02 5.682855844497680664e-02 6.516580283641815186e-02 1.015669405460357666e-01 8.688180148601531982e-02 5.138011276721954346e-02 4.004969820380210876e-02 3.134178742766380310e-02 4.352780804038047791e-02 7.086074352264404297e-02 9.496799670159816742e-03 1.368600782006978989e-02 4.189436789602041245e-03 2.938923798501491547e-02 2.288292348384857178e-02 1.326513197273015976e-02 3.683187067508697510e-02 1.893562078475952148e-02 5.871683359146118164e-02 3.711755946278572083e-02 2.828160999342799187e-03 4.162392765283584595e-02 6.377957016229629517e-02 3.589461371302604675e-02 5.560117587447166443e-02 9.085979312658309937e-02 6.674186140298843384e-02 5.359396338462829590e-02 3.177148848772048950e-02 3.598971292376518250e-02 2.855521067976951599e-02 3.330112993717193604e-02 6.894270330667495728e-02 7.747700065374374390e-02 1.160807721316814423e-02 4.050754010677337646e-02 7.177032530307769775e-02 3.897996619343757629e-02 9.888748079538345337e-02 5.498384311795234680e-02 3.744625300168991089e-02 6.391447782516479492e-02 2.027614787220954895e-02 1.231120005249977112e-01 3.467870177701115608e-03 5.438062548637390137e-02 2.030059881508350372e-02 5.177390947937965393e-02 1.719254301860928535e-03 1.453386619687080383e-02 6.782436370849609375e-02 3.957099840044975281e-02 4.380374681204557419e-03 1.902123726904392242e-02 3.964298963546752930e-02 1.101631019264459610e-02 4.057689756155014038e-02 4.233760014176368713e-02 4.967576637864112854e-02 2.493278868496417999e-02 5.516649410128593445e-02 7.154809776693582535e-03 1.072006020694971085e-02 4.541430994868278503e-02
1.231800541281700134e-01 1.371324509382247925e-01 2.821248024702072144e-02 1.827671192586421967e-02 2.845790004357695580e-03 5.787583068013191223e-02 5.292158573865890503e-02 5.416388809680938721e-02 2.120514586567878723e-02 2.134627103805541992e-02 1.707663834095001221e-01 1.588197238743305206e-02 1.074805632233619690e-01 1.850655302405357361e-02 1.224796622991561890e-01 4.845089092850685120e-02 6.765104830265045166e-02 1.174132525920867920e-02 3.441621735692024231e-02 9.983055293560028076e-03 7.567416178062558174e-04 5.257698148488998413e-02 3.887801663950085640e-03 3.792081028223037720e-02 1.868347870185971260e-03 5.082212761044502258e-02 4.347315989434719086e-03 3.666967526078224182e-02 4.208294674754142761e-02 4.463987052440643311e-02 5.425291880965232849e-02 4.973579570651054382e-02 5.578686669468879700e-02 2.284338511526584625e-02 7.503251545131206512e-03 2.380373328924179077e-02 3.256433177739381790e-03 7.600913755595684052e-03 2.148459292948246002e-02 1.208892278373241425e-02 2.133038640022277832e-02 4.113376140594482422e-02 1.389649044722318649e-02 7.503048516809940338e-03 4.947109147906303406e-03 3.062154911458492279e-02 1.712077856063842773e-02 1.547820121049880981e-02 5.883126705884933472e-02 2.722228132188320160e-02 1.649542152881622314e-02 1.002022530883550644e-02 3.532127663493156433e-02 5.213203281164169312e-02 3.601268399506807327e-03 2.410959918051958084e-03 1.156292948871850967e-02 2.802892029285430908e-02 1.274436339735984802e-02 8.502358570694923401e-03 3.022949211299419403e-03 3.536809468641877174e-03 1.570389978587627411e-02 1.339579652994871140e-02 6.571353971958160400e-02 1.073395013809204102e-01 2.130118943750858307e-02 5.939856544137001038e-02 2.979779057204723358e-02 4.985271021723747253e-02 5.194441229104995728e-02 2.243821322917938232e-02 1.951208896934986115e-02 5.824403464794158936e-02 4.699804633855819702e-02 1.999361254274845123e-02 3.661019727587699890e-02 1.125213131308555603e-02 2.705758623778820038e-02 7.629412226378917694e-03 1.152459718286991119e-02 2.301154844462871552e-02 3.775780322030186653e-03 8.331456221640110016e-03 8.680529892444610596e-02 1.413547899574041367e-02 2.820231020450592041e-02 6.093217805027961731e-02 2.697641216218471527e-02 1.118943467736244202e-02 3.591086342930793762e-02 1.452060323208570480e-02 4.420162364840507507e-02 2.232600934803485870e-02 2.757415920495986938e-02 4.276188835501670837e-02 3.268198808655142784e-03 4.493017867207527161e-02 2.913486212491989136e-03 1.475086435675621033e-02 3.393995389342308044e-02 3.836730495095252991e-02 3.413208201527595520e-02 2.664377912878990173e-02 2.096242643892765045e-02 1.410590764135122299e-02 5.485647544264793396e-02 3.750820178538560867e-03 1.263512531295418739e-03 2.022500522434711456e-02 1.375720091164112091e-02 5.699666216969490051e-04 8.021184243261814117e-03 8.363499306142330170e-03 1.879676431417465210e-02 3.069876134395599365e-02
