2.255986183881759644e-01 1.567970961332321167e-01 5.644358694553375244e-02 3.060115734115242958e-03 8.153247646987438202e-03 1.364865303039550781e-01 1.489822566509246826e-01 5.465016514062881470e-02 4.729556292295455933e-02 3.321896493434906006e-02 1.189244911074638367e-01 3.577808616682887077e-03 8.993452042341232300e-02 1.145562157034873962e-02 5.662162601947784424e-02 1.009653089568018913e-03 8.089903742074966431e-03 2.151858061552047729e-03 1.638245023787021637e-02 4.902965202927589417e-02 1.462197583168745041e-02 9.712590835988521576e-03 5.108535755425691605e-03 2.237645536661148071e-02 5.387772992253303528e-02 3.065526252612471581e-03 1.072163507342338562e-02 3.027563914656639099e-02 8.379586972296237946e-03 1.374038588255643845e-02 4.869066551327705383e-02 7.801593746989965439e-03 1.884897425770759583e-02 5.229953303933143616e-02 6.047408096492290497e-03 3.993525728583335876e-02 4.719373956322669983e-02 1.416972931474447250e-02 1.789697445929050446e-02 1.166824065148830414e-02 1.540720928460359573e-02 1.617209799587726593e-02 1.565465889871120453e-02 7.626011967658996582e-03 2.836205624043941498e-02 6.209565326571464539e-03 5.023020133376121521e-02 3.756193071603775024e-02 1.442382764071226120e-02 5.690893158316612244e-03 4.917433485388755798e-02 7.466461043804883957e-03 1.806600019335746765e-02 2.673456072807312012e-02 5.867213476449251175e-03 3.246372938156127930e-02 1.539346482604742050e-02 4.172011278569698334e-03 7.921304553747177124e-03 8.596832863986492157e-03 1.379711087793111801e-02 1.837019808590412140e-02 8.399399369955062866e-02 1.291491184383630753e-02 1.988472184166312218e-03 4.842125345021486282e-03 5.509551241993904114e-02 1.074887067079544067e-02 2.139627235010266304e-03 5.623345449566841125e-02 3.154787421226501465e-02 6.713524926453828812e-03 1.117834076285362244e-02 2.732167206704616547e-02 1.629941910505294800e-02 1.750330626964569092e-02 1.351478695869445801e-02 4.201840236783027649e-02 1.077269855886697769e-02 2.833451842889189720e-03 2.821355313062667847e-02 3.719526156783103943e-02 2.878192439675331116e-02 4.421007633209228516e-02 3.918658569455146790e-02 1.242582406848669052e-02 9.438834153115749359e-03 4.832302406430244446e-02 1.092550344765186310e-03 6.157173775136470795e-04 3.486435115337371826e-02 1.497608982026576996e-02 1.672232896089553833e-02 1.862321607768535614e-02 4.049968719482421875e-02 4.605867341160774231e-02 2.066392451524734497e-02 1.234314753673970699e-03 3.495379816740751266e-03 3.389901667833328247e-02 3.498616814613342285e-02 3.498879232211038470e-05 5.055973771959543228e-03 2.210024558007717133e-02 2.856809273362159729e-02 3.257189691066741943e-02 9.342870675027370453e-03 2.250267891213297844e-03 1.115616317838430405e-02 6.214027851819992065e-02 2.645917423069477081e-02 1.970627577975392342e-03 5.194825306534767151e-02 2.093277685344219208e-02 1.946356706321239471e-02 2.261668443679809570e-02
1.567970961332321167e-01 2.280831784009933472e-01 3.619050234556198120e-02 1.755974628031253815e-02 3.664837777614593506e-02 1.304692924022674561e-01 1.712163984775543213e-01 3.328881040215492249e-02 1.701644621789455414e-02 2.360329218208789825e-02 8.297462016344070435e-02 2.939664386212825775e-02 1.048745140433311462e-01 3.540916740894317627e-02 3.661961480975151062e-02 2.482323208823800087e-03 1.839230209589004517e-02 3.133909404277801514e-02 1.957200840115547180e-02 3.360756859183311462e-02 5.824633873999118805e-03 1.098514255136251450e-02 4.249791800975799561e-02 4.214587435126304626e-02 6.223413720726966858e-02 1.339001953601837158e-02 2.769224904477596283e-02 4.610940348356962204e-03 2.418543584644794464e-02 1.838549599051475525e-02 3.160798922181129456e-02 1.675628591328859329e-03 2.903234772384166718e-02 5.283314734697341919e-02 1.855265145422890782e-04 5.013229325413703918e-02 3.361446782946586609e-02 1.962057128548622131e-02 2.078535966575145721e-02 1.887573488056659698e-02 2.194700203835964203e-02 8.892281330190598965e-04 4.147997498512268066e-02 1.883566379547119141e-02 1.184055488556623459e-02 2.652846276760101318e-02 3.771027177572250366e-02 7.144336402416229248e-02 2.151184156537055969e-02 4.435009788721799850e-03 1.192905846983194351e-02 1.405597478151321411e-02 1.048219855874776840e-02 6.987456232309341431e-03 2.234090305864810944e-02 3.344399109482765198e-02 2.260892069898545742e-04 8.552374318242073059e-03 4.596574977040290833e-02 3.144418448209762573e-02 1.129803061485290527e-02 8.247158490121364594e-03 3.418585285544395447e-02 1.349866483360528946e-02 2.807289175689220428e-02 1.812837086617946625e-02 7.871510833501815796e-02 1.775096729397773743e-02 2.968986751511693001e-03 5.614083260297775269e-02 1.179665606468915939e-02 1.981653459370136261e-02 2.010193839669227600e-02 3.764849156141281128e-02 6.146524567157030106e-03 1.426048297435045242e-02 2.352751558646559715e-03 1.346449740231037140e-02 4.972986876964569092e-02 1.117303967475891113e-02 8.109567686915397644e-03 4.017202928662300110e-02 4.307249560952186584e-03 3.891572356224060059e-02 4.307308048009872437e-02 1.527191046625375748e-02 2.680353261530399323e-02 3.813086077570915222e-02 1.829440705478191376e-02 9.491190314292907715e-03 1.986894011497497559e-02 1.884871860966086388e-03 3.087111935019493103e-02 1.602036133408546448e-02 3.113855049014091492e-02 3.364087641239166260e-02 2.427026070654392242e-02 3.895304352045059204e-02 1.448983792215585709e-02 1.533540617674589157e-02 1.466226531192660332e-03 7.748917210847139359e-03 2.262920513749122620e-02 3.079137951135635376e-02 2.222999185323715210e-02 2.900752052664756775e-02 2.435845817672088742e-04 1.561355032026767731e-02 3.128097578883171082e-02 6.331840157508850098e-02 2.052915655076503754e-02 8.013204671442508698e-03 5.886483564972877502e-02 4.809357225894927979e-02 1.691217161715030670e-02 3.669923171401023865e-03
5.644358694553375244e-02 3.619050234556198120e-02 9.332971274852752686e-02 6.284409761428833008e-02 3.017092822119593620e-03 4.271482303738594055e-02 2.362424507737159729e-02 2.110395878553390503e-01 2.290780097246170044e-02 2.123155631124973297e-02 3.278026357293128967e-02 4.429651796817779541e-02 1.733480580151081085e-02 2.065313421189785004e-02 4.503208771347999573e-02 3.268809989094734192e-02 1.524369325488805771e-02 1.174250021576881409e-01 4.716184362769126892e-02 1.078100595623254776e-02 7.459166925400495529e-03 5.252201855182647705e-02 1.081691030412912369e-02 6.539126392453908920e-03 2.659847587347030640e-02 8.140837401151657104e-02 1.791778579354286194e-02 2.961914800107479095e-02 1.459324453026056290e-02 4.555302113294601440e-02 1.033087894320487976e-01 5.300729721784591675e-02 6.339763849973678589e-02 3.471522033214569092e-02 1.596915908157825470e-02 7.563307881355285645e-02 1.224061995744705200e-01 1.926019042730331421e-02 1.872512861154973507e-03 4.410834982991218567e-02 2.898663841187953949e-02 6.111251190304756165e-02 4.009097442030906677e-02 6.669317185878753662e-02 1.201540976762771606e-02 4.896834492683410645e-02 2.990090847015380859e-02 4.629002884030342102e-02 5.159955471754074097e-02 6.942083709873259068e-04 3.620925918221473694e-02 2.259224280714988708e-02 4.404754191637039185e-02 6.011187657713890076e-02 3.217589110136032104e-02 4.385729879140853882e-02 7.100074738264083862e-02 9.016821533441543579e-02 3.657274693250656128e-02 4.724581912159919739e-02 5.223190784454345703e-02 6.702215224504470825e-02 4.069473128765821457e-03 6.387877464294433594e-02 6.804192066192626953e-02 1.529451645910739899e-02 2.589333243668079376e-02 3.308850154280662537e-02 1.812510564923286438e-02 1.623000018298625946e-03 4.656278342008590698e-02 9.137117303907871246e-03 1.497719250619411469e-02 3.741341456770896912e-02 2.144277468323707581e-02 5.015701521188020706e-03 5.462471023201942444e-02 2.493850328028202057e-02 3.065781854093074799e-02 2.104160562157630920e-02 3.037210702896118164e-01 2.517983913421630859e-01 5.226264521479606628e-02 1.516452617943286896e-02 7.963708601891994476e-03 2.936346083879470825e-02 3.195520490407943726e-02 2.290057949721813202e-02 4.017665609717369080e-02 4.547138884663581848e-02 3.167265281081199646e-02 2.895560301840305328e-02 7.750151306390762329e-02 7.083246111869812012e-02 5.491543561220169067e-02 2.968084625899791718e-02 6.640683859586715698e-03 1.168347802013158798e-02 1.293955557048320770e-02 1.482474338263273239e-02 5.814267322421073914e-02 9.230324067175388336e-03 5.344853922724723816e-02 3.351401165127754211e-02 2.236332185566425323e-02 8.126339316368103027e-02 1.693725027143955231e-02 3.889095038175582886e-02 8.692442625761032104e-02 2.847934607416391373e-03 3.642549272626638412e-03 4.658499732613563538e-02 2.727875486016273499e-02 1.076513528823852539e-02 2.882791310548782349e-02 7.378884404897689819e-02
3.060115734115242958e-03 1.755974628031253815e-02 6.284409761428833008e-02 9.817453473806381226e-02 2.598416507244110107e-01 2.654701098799705505e-02 2.004652470350265503e-02 1.417056482750922441e-04 3.086588531732559204e-02 4.905303567647933960e-02 5.173562094569206238e-02 3.900587931275367737e-02 9.341270662844181061e-03 2.327521704137325287e-02 7.330279052257537842e-02 3.131334483623504639e-02 2.945581451058387756e-02 4.676262289285659790e-02 3.777286782860755920e-02 3.804511204361915588e-02 3.032262250781059265e-02 4.509415477514266968e-02 7.380308117717504501e-03 9.664733894169330597e-03 2.444094605743885040e-02 1.684987358748912811e-02 9.674899280071258545e-03 4.517577961087226868e-02 3.322967886924743652e-02 4.146361351013183594e-02 7.205717265605926514e-03 3.260538727045059204e-02 1.020747125148773193e-01 6.954254116863012314e-03 3.578211180865764618e-03 3.130555152893066406e-02 6.201880984008312225e-03 6.998431682586669922e-02 9.532716125249862671e-02 5.413922667503356934e-02 8.110579103231430054e-02 3.392308205366134644e-02 2.332540228962898254e-02 9.496493148617446423e-04 1.488735992461442947e-02 3.881003335118293762e-02 1.822579652070999146e-02 1.442368980497121811e-02 2.760071074590086937e-03 3.612200962379574776e-03 1.378778833895921707e-02 3.937475383281707764e-02 8.331014215946197510e-02 4.862614348530769348e-02 2.798084402456879616e-03 6.366077065467834473e-02 4.308103397488594055e-02 1.379943918436765671e-02 7.726488262414932251e-02 6.192392110824584961e-02 9.749778360128402710e-02 1.720935851335525513e-02 1.720955781638622284e-02 5.792513489723205566e-02 8.011158555746078491e-02 6.858047097921371460e-02 2.303071133792400360e-02 2.184115536510944366e-02 3.915403503924608231e-03 2.285187132656574249e-02 1.109661650843918324e-03 1.302875578403472900e-02 1.154429167509078979e-01 2.608313411474227905e-02 2.812849916517734528e-02 4.078928008675575256e-02 2.621936239302158356e-02 8.103084564208984375e-02 1.885049231350421906e-02 3.875079378485679626e-02 5.382584780454635620e-02 2.360441535711288452e-02 7.436080276966094971e-02 1.376938744215294719e-04 1.716390810906887054e-02 3.146011754870414734e-02 5.723360180854797363e-02 1.234671100974082947e-02 1.273599918931722641e-02 8.787832222878932953e-03 2.240774221718311310e-02 4.443784058094024658e-02 3.271749243140220642e-02 3.860191255807876587e-02 5.029655992984771729e-02 3.644275665283203125e-02 2.555588819086551666e-02 2.190061658620834351e-01 8.922707289457321167e-03 1.683060894720256329e-03 5.365143343806266785e-02 2.442939579486846924e-02 1.089710555970668793e-02 1.410187687724828720e-02 1.559953764081001282e-02 5.361721292138099670e-02 3.404442965984344482e-02 5.123372003436088562e-02 2.826404757797718048e-02 5.268414691090583801e-02 9.048350155353546143e-02 6.349229067564010620e-02 1.073598302900791168e-02 3.289732150733470917e-03 5.928620230406522751e-03 5.993859469890594482e-02
8.153247646987438202e-03 3.664837777614593506e-02 3.017092822119593620e-03 2.598416507244110107e-01 8.122531324625015259e-02 1.305024698376655579e-02 2.621351182460784912e-02 1.273178402334451675e-02 2.066350914537906647e-02 2.117868140339851379e-02 3.123394958674907684e-02 2.428751252591609955e-02 3.023352660238742828e-02 4.150862991809844971e-02 5.386796221137046814e-02 1.436881162226200104e-02 1.033162921667098999e-01 5.429852008819580078e-02 7.689330261200666428e-03 3.830758854746818542e-02 7.144680619239807129e-02 4.093601182103157043e-02 2.722393721342086792e-02 2.333729527890682220e-03 2.795909531414508820e-03 2.054522279649972916e-03 3.722711652517318726e-02 3.531819907948374748e-03 4.113796353340148926e-02 2.389776892960071564e-02 2.412283420562744141e-02 1.299470080994069576e-03 3.555255755782127380e-02 3.021305240690708160e-02 7.802214473485946655e-03 3.711033985018730164e-02 3.523427620530128479e-02 2.641533315181732178e-02 4.765526950359344482e-02 1.366004049777984619e-01 7.538853213191032410e-03 4.296374320983886719e-02 5.596110597252845764e-03 1.948359236121177673e-02 3.179018571972846985e-02 5.131889600306749344e-03 6.028063595294952393e-03 2.402274683117866516e-02 3.525620326399803162e-03 3.765397518873214722e-02 4.911476746201515198e-03 8.090206421911716461e-03 9.892619401216506958e-02 3.850468620657920837e-02 1.446260418742895126e-02 2.722393162548542023e-02 1.994067057967185974e-02 1.370732393115758896e-02 8.839416503906250000e-02 3.012855537235736847e-02 1.643094792962074280e-02 3.189495205879211426e-02 6.049784366041421890e-03 4.259948059916496277e-02 5.480449646711349487e-02 1.410378795117139816e-02 8.391192182898521423e-03 2.771333977580070496e-02 4.826547205448150635e-02 2.855677530169487000e-02 6.875324994325637817e-02 1.836515404284000397e-02 5.393919721245765686e-02 4.577970132231712341e-02 6.403984129428863525e-02 2.820323780179023743e-02 1.523114461451768875e-02 1.381488330662250519e-02 2.283561415970325470e-02 3.820159658789634705e-02 5.243712291121482849e-02 2.232980541884899139e-02 5.012905225157737732e-02 1.065619066357612610e-01 1.648991182446479797e-02 4.519011452794075012e-02 2.185910381376743317e-02 5.119432136416435242e-02 3.056863881647586823e-02 4.811873193830251694e-03 5.390333943068981171e-03 4.723300412297248840e-02 8.082647807896137238e-03 7.873295806348323822e-03 4.993438348174095154e-02 3.106231428682804108e-02 1.270402781665325165e-02 5.862642824649810791e-02 3.186885965988039970e-03 1.199668273329734802e-03 4.918299242854118347e-02 8.393370360136032104e-02 9.280220547225326300e-05 4.411472752690315247e-02 2.841210551559925079e-02 6.157745793461799622e-02 7.197052240371704102e-02 1.281798779964447021e-01 7.836272567510604858e-02 1.193637121468782425e-02 2.783490531146526337e-02 1.619233749806880951e-03 1.986940577626228333e-02 1.823405548930168152e-02 6.560496985912322998e-02 2.866370789706707001e-02
1.364865303039550781e-01 1.304692924022674561e-01 4.271482303738594055e-02 2.654701098799705505e-02 1.305024698376655579e-02 1.691711097955703735e-01 2.443768382072448730e-01 3.927684389054775238e-03 6.296829134225845337e-02 1.455597300082445145e-02 6.607262045145034790e-02 1.270060241222381592e-01 7.147292047739028931e-02 1.245762482285499573e-01 4.744072631001472473e-02 1.478607486933469772e-02 5.496300011873245239e-02 9.823882021009922028e-03 5.738031491637229919e-02 8.756114169955253601e-03 1.841167733073234558e-02 6.603968888521194458e-02 1.635780371725559235e-02 2.169990167021751404e-02 4.394193366169929504e-02 5.064429715275764465e-02 2.799129486083984375e-02 2.227998524904251099e-02 7.951325178146362305e-02 1.208928320556879044e-02 7.958088070154190063e-02 9.311359375715255737e-03 2.389175258576869965e-02 2.481109229847788811e-03 2.976870350539684296e-02 6.101886741816997528e-03 4.173021391034126282e-02 2.593749668449163437e-03 5.102045834064483643e-02 5.996514484286308289e-02 1.578523963689804077e-02 1.952949352562427521e-02 4.483897238969802856e-02 2.511793002486228943e-02 3.282364085316658020e-02 3.606191277503967285e-02 8.768694102764129639e-02 9.767537564039230347e-02 4.485365643631666899e-04 1.449767686426639557e-02 3.288301825523376465e-02 3.004924394190311432e-02 1.626392826437950134e-02 5.414659157395362854e-03 2.775610983371734619e-02 7.236067205667495728e-03 2.035106346011161804e-02 1.882673427462577820e-02 2.726926840841770172e-02 2.780302986502647400e-02 3.415932878851890564e-02 5.391854047775268555e-02 2.174849808216094971e-02 2.211910858750343323e-02 1.401637122035026550e-02 5.377525929361581802e-03 3.376314043998718262e-02 2.564252726733684540e-02 2.784724533557891846e-02 1.547306217253208160e-02 1.519431080669164658e-02 2.164179831743240356e-02 3.431072458624839783e-03 6.985101103782653809e-02 1.304140873253345490e-02 2.900438848882913589e-03 5.261115729808807373e-02 1.599449478089809418e-02 3.539896011352539062e-02 4.010449349880218506e-02 4.703965783119201660e-02 9.495570324361324310e-03 1.567555963993072510e-02 4.246544558554887772e-03 3.707377240061759949e-02 4.453883320093154907e-02 5.893694981932640076e-02 2.693595923483371735e-02 4.641777276992797852e-02 1.698277145624160767e-02 1.845428720116615295e-02 3.466447815299034119e-02 3.147133067250251770e-02 4.893947765231132507e-02 4.038789495825767517e-02 5.399575456976890564e-02 2.344745770096778870e-02 1.789135858416557312e-02 4.594988748431205750e-02 4.246878996491432190e-02 3.021320328116416931e-02 2.585293352603912354e-02 8.981595747172832489e-03 1.920646056532859802e-02 1.960366219282150269e-02 5.951079074293375015e-03 4.346361674834042788e-04 3.763769054785370827e-03 1.051598507910966873e-02 3.333331644535064697e-02 7.680875132791697979e-04 3.710376843810081482e-02 2.074711211025714874e-02 4.790215194225311279e-02 1.294106803834438324e-02 1.132526155561208725e-02
1.489822566509246826e-01 1.712163984775543213e-01 2.362424507737159729e-02 2.004652470350265503e-02 2.621351182460784912e-02 2.443768382072448730e-01 1.585243046283721924e-01 4.831115156412124634e-02 4.915274213999509811e-03 2.568108960986137390e-02 5.095936730504035950e-02 7.762201130390167236e-02 7.169983536005020142e-02 1.101824864745140076e-01 5.529452115297317505e-02 1.712049543857574463e-02 2.889117412269115448e-02 2.686127461493015289e-02 1.967114582657814026e-02 9.418670088052749634e-03 2.866667695343494415e-03 8.847757428884506226e-02 2.377805858850479126e-02 4.231473058462142944e-02 5.850599706172943115e-02 3.311593830585479736e-02 2.282260172069072723e-02 1.084615243598818779e-03 1.060802787542343140e-01 1.099439151585102081e-02 8.288002014160156250e-02 3.507125750184059143e-02 3.243948146700859070e-02 4.502146691083908081e-02 1.298101246356964111e-02 9.742494672536849976e-03 2.989492006599903107e-02 1.611958630383014679e-02 1.118584629148244858e-02 4.559534043073654175e-02 3.229086101055145264e-02 2.620276622474193573e-02 5.954495072364807129e-02 2.792656607925891876e-02 5.270848795771598816e-02 5.469623580574989319e-02 4.658586904406547546e-02 9.823726862668991089e-02 9.043138474225997925e-03 1.328188832849264145e-02 2.242870256304740906e-02 5.522683262825012207e-02 9.072955697774887085e-03 2.513135038316249847e-02 2.665572613477706909e-02 1.930582709610462189e-02 2.870203368365764618e-02 9.066683240234851837e-03 2.067589014768600464e-02 1.381578762084245682e-02 4.529791697859764099e-02 6.249535828828811646e-02 7.306831330060958862e-02 2.205159282311797142e-03 1.462011714465916157e-03 2.200228720903396606e-02 7.346490770578384399e-02 4.405493289232254028e-02 3.387791663408279419e-02 3.141596168279647827e-02 2.607225626707077026e-02 7.150238752365112305e-02 8.298566564917564392e-03 6.014052778482437134e-02 2.272282168269157410e-02 7.605761289596557617e-02 1.648332364857196808e-02 2.178432792425155640e-02 4.685927182435989380e-02 2.610806934535503387e-02 2.675679884850978851e-02 7.344712037593126297e-03 4.240436851978302002e-02 5.070125684142112732e-03 1.815462298691272736e-02 5.831399187445640564e-02 5.859106779098510742e-02 1.168192550539970398e-02 8.343713358044624329e-03 3.894222900271415710e-03 4.577972367405891418e-02 3.358322381973266602e-02 1.895313709974288940e-02 2.872976101934909821e-02 1.122845523059368134e-02 3.047947213053703308e-02 1.694930717349052429e-02 3.420285880565643311e-02 4.856969788670539856e-02 3.986232727766036987e-02 4.189581796526908875e-02 2.302707545459270477e-02 3.194987308233976364e-03 2.905378933064639568e-04 1.892113126814365387e-02 2.852110564708709717e-02 7.125446572899818420e-03 4.082142934203147888e-02 7.032751571387052536e-03 5.896905064582824707e-02 3.622992197051644325e-03 1.082454621791839600e-02 4.923561215400695801e-02 3.081806004047393799e-02 3.187491744756698608e-02 7.705116644501686096e-03
5.465016514062881470e-02 3.328881040215492249e-02 2.110395878553390503e-01 1.417056482750922441e-04 1.273178402334451675e-02 3.927684389054775238e-03 4.831115156412124634e-02 1.414597481489181519e-01 4.914608597755432129e-02 2.604680880904197693e-02 2.990003488957881927e-02 1.374258752912282944e-02 2.375491894781589508e-02 2.497461438179016113e-02 2.228796184062957764e-01 3.747529909014701843e-02 7.252231985330581665e-02 3.254158794879913330e-02 3.169979900121688843e-02 1.612695120275020599e-02 3.132238239049911499e-02 1.058917045593261719e-01 4.193729907274246216e-02 1.889555342495441437e-02 3.362939506769180298e-02 3.521150350570678711e-02 7.157249003648757935e-02 1.838306337594985962e-01 9.273767471313476562e-03 1.076566502451896667e-01 9.046311490237712860e-03 4.021313041448593140e-03 1.380983088165521622e-02 1.933136372826993465e-03 4.358227550983428955e-02 3.029217757284641266e-02 4.930732399225234985e-02 5.841162800788879395e-02 4.755252599716186523e-02 1.891421125037595630e-04 1.948188990354537964e-02 4.556719586253166199e-02 6.780321709811687469e-03 3.361884877085685730e-02 1.975286938250064850e-02 8.021777495741844177e-03 1.876850798726081848e-02 4.594563692808151245e-02 3.224644437432289124e-02 2.062993496656417847e-02 3.096271120011806488e-02 5.387119203805923462e-02 5.061303451657295227e-02 2.696690149605274200e-02 1.236344035714864731e-02 3.102354705333709717e-02 3.850194811820983887e-02 5.841882433742284775e-03 3.187826275825500488e-02 7.801540195941925049e-02 1.221115235239267349e-02 1.864599622786045074e-02 6.623766571283340454e-02 9.792435914278030396e-03 2.007810398936271667e-02 1.353444997221231461e-03 1.745639927685260773e-02 3.020444326102733612e-02 8.212133310735225677e-03 4.510970041155815125e-02 3.607099875807762146e-02 5.024909600615501404e-02 1.171856280416250229e-02 4.236681759357452393e-02 3.028048761188983917e-02 1.063880044966936111e-02 1.580161601305007935e-02 2.813754975795745850e-02 9.612769633531570435e-02 9.390576742589473724e-03 2.644023299217224121e-01 2.081602215766906738e-01 3.224993124604225159e-02 8.813127875328063965e-02 2.188596408814191818e-03 1.022612955421209335e-02 1.556200683116912842e-01 9.737329930067062378e-02 3.611194714903831482e-02 3.748305886983871460e-02 1.376295648515224457e-02 2.830696292221546173e-02 3.631282225251197815e-02 1.592056266963481903e-02 3.019193932414054871e-02 8.722805418074131012e-03 4.527208954095840454e-02 1.009785756468772888e-01 2.078231796622276306e-02 6.482174247503280640e-02 2.386723086237907410e-02 4.944603890180587769e-03 3.456186875700950623e-02 2.988327480852603912e-02 6.631677597761154175e-02 3.572686761617660522e-02 7.906833291053771973e-02 5.097215250134468079e-02 5.276113748550415039e-02 3.291316702961921692e-02 2.538916282355785370e-02 1.883157528936862946e-02 2.113381773233413696e-02 1.551328133791685104e-02 7.024487946182489395e-03 1.272579771466553211e-03
4.729556292295455933e-02 1.701644621789455414e-02 2.290780097246170044e-02 3.086588531732559204e-02 2.066350914537906647e-02 6.296829134225845337e-02 4.915274213999509811e-03 4.914608597755432129e-02 4.556988552212715149e-02 4.763240367174148560e-02 3.546044602990150452e-02 5.699918419122695923e-02 4.619403555989265442e-02 5.288248416036367416e-03 2.802427299320697784e-02 9.043767303228378296e-02 4.314559698104858398e-02 1.145555675029754639e-01 5.556652694940567017e-02 1.014454683172516525e-04 3.932581841945648193e-02 1.852417364716529846e-02 7.305186986923217773e-02 2.392840199172496796e-02 5.910817161202430725e-02 2.095416188240051270e-02 2.944721467792987823e-02 3.416914120316505432e-02 4.802206531167030334e-02 2.478061057627201080e-02 5.190001800656318665e-02 4.188327118754386902e-02 7.229893654584884644e-02 1.053849142044782639e-02 4.893494397401809692e-02 2.163278870284557343e-02 5.065498873591423035e-02 8.924119174480438232e-03 1.497550960630178452e-02 9.509265422821044922e-03 6.778412964195013046e-03 1.252014189958572388e-02 1.546720415353775024e-02 6.141394749283790588e-02 3.966818749904632568e-02 3.666896000504493713e-02 6.280833389610052109e-03 7.170583121478557587e-03 1.308009214699268341e-02 2.028817683458328247e-02 4.230356309562921524e-03 1.950479857623577118e-02 1.751960813999176025e-02 3.865003213286399841e-02 9.641129523515701294e-02 5.286467075347900391e-02 1.577895320951938629e-02 4.032954946160316467e-02 3.524419292807579041e-02 2.241349779069423676e-02 3.212438151240348816e-02 3.736481070518493652e-02 8.311546593904495239e-02 7.765294983983039856e-03 4.360862448811531067e-02 5.886318162083625793e-03 1.181649416685104370e-02 4.224719014018774033e-03 9.421037882566452026e-02 7.853362709283828735e-02 5.119135603308677673e-03 1.115045137703418732e-02 2.769164927303791046e-02 7.780852029100060463e-04 1.074015721678733826e-02 1.320386584848165512e-02 1.935497671365737915e-01 5.900755058974027634e-03 1.097151339054107666e-01 4.649468883872032166e-02 8.664108812808990479e-03 5.490839481353759766e-03 1.176843345165252686e-01 2.344104088842868805e-02 1.506660040467977524e-02 7.680843025445938110e-02 1.308664679527282715e-02 2.153700217604637146e-03 8.303862065076828003e-02 1.540423557162284851e-02 4.575715586543083191e-02 3.521369025111198425e-02 4.135249927639961243e-02 4.286153241991996765e-03 2.413579495623707771e-03 2.124189399182796478e-02 1.038742344826459885e-02 3.354157507419586182e-02 8.423221856355667114e-02 2.022892795503139496e-02 9.976789355278015137e-03 1.026945188641548157e-02 1.246860250830650330e-02 9.979562833905220032e-03 2.184588834643363953e-02 6.754892319440841675e-02 5.155443772673606873e-02 3.872513025999069214e-02 6.590201053768396378e-03 5.572175141423940659e-03 4.748407751321792603e-03 2.996678696945309639e-03 4.546303674578666687e-02 1.040427107363939285e-02 4.385599400848150253e-03 2.529144287109375000e-02
3.321896493434906006e-02 2.360329218208789825e-02 2.123155631124973297e-02 4.905303567647933960e-02 2.117868140339851379e-02 1.455597300082445145e-02 2.568108960986137390e-02 2.604680880904197693e-02 4.763240367174148560e-02 5.518698319792747498e-02 3.950889036059379578e-02 2.946334332227706909e-02 4.965852200984954834e-02 3.540024161338806152e-02 2.869915030896663666e-02 4.296960309147834778e-02 6.630036979913711548e-02 5.563344061374664307e-02 1.076398342847824097e-01 3.590800985693931580e-02 2.252927515655755997e-03 2.903506718575954437e-02 5.408113077282905579e-02 1.177768334746360779e-01 5.180948064662516117e-04 3.811990842223167419e-02 3.178185224533081055e-02 4.670903086662292480e-02 2.782134688459336758e-04 4.551823809742927551e-02 6.031772494316101074e-02 1.880448311567306519e-02 1.634706743061542511e-02 2.775874920189380646e-02 7.317715324461460114e-03 3.980031982064247131e-02 4.891517758369445801e-02 4.288702458143234253e-02 9.108458645641803741e-03 4.367477446794509888e-02 7.739082910120487213e-03 4.792043566703796387e-02 1.250329148024320602e-02 6.677421927452087402e-02 6.029967218637466431e-02 3.245677100494503975e-03 1.087435707449913025e-02 4.135095980018377304e-03 2.610931731760501862e-02 1.135533824563026428e-01 3.252436965703964233e-02 1.014687865972518921e-02 2.961828373372554779e-02 1.163259893655776978e-02 4.036776348948478699e-02 1.336390972137451172e-01 2.933306433260440826e-02 3.754301741719245911e-02 1.010194700211286545e-02 3.056504577398300171e-02 5.621720105409622192e-02 8.500627428293228149e-02 4.781354963779449463e-02 3.108729375526309013e-03 5.081255920231342316e-03 1.519874669611454010e-02 1.336804404854774475e-02 1.739285327494144440e-02 1.509429700672626495e-02 1.749191316775977612e-03 7.069423794746398926e-02 3.938538581132888794e-02 1.916527561843395233e-02 1.651574275456368923e-03 5.598920583724975586e-02 1.757169514894485474e-02 3.867796435952186584e-02 1.533479690551757812e-01 6.664474308490753174e-02 1.671513617038726807e-01 3.784608468413352966e-02 3.071713726967573166e-03 1.713823410682380199e-03 9.279151260852813721e-02 4.289316758513450623e-02 9.538710117340087891e-02 2.641051262617111206e-02 3.601467469707131386e-03 6.315300613641738892e-02 1.976918987929821014e-02 1.862496882677078247e-02 8.496205322444438934e-03 1.492625009268522263e-02 9.612515568733215332e-03 6.616543233394622803e-02 3.914562240242958069e-02 7.278196047991514206e-03 3.982716798782348633e-02 4.618641361594200134e-02 7.329156249761581421e-02 1.591082103550434113e-02 8.883321657776832581e-03 3.356111422181129456e-02 1.498175598680973053e-02 8.634395897388458252e-02 5.976167321205139160e-02 1.604230143129825592e-02 3.043795190751552582e-02 5.170201510190963745e-02 3.164954110980033875e-02 2.164071798324584961e-02 2.274109609425067902e-02 6.351768970489501953e-03 1.314814481884241104e-02 4.028099030256271362e-02 4.823068156838417053e-02
1.189244911074638367e-01 8.297462016344070435e-02 3.278026357293128967e-02 5.173562094569206238e-02 3.123394958674907684e-02 6.607262045145034790e-02 5.095936730504035950e-02 2.990003488957881927e-02 3.546044602990150452e-02 3.950889036059379578e-02 2.304635047912597656e-01 4.357126727700233459e-02 9.213075786828994751e-02 5.947348847985267639e-02 6.608933210372924805e-02 3.354084491729736328e-02 2.233285270631313324e-02 3.696419298648834229e-02 3.835956752300262451e-02 4.065588116645812988e-02 2.488765167072415352e-03 5.270964652299880981e-02 2.755574509501457214e-02 2.497650682926177979e-02 2.980705723166465759e-02 6.623672670684754848e-04 1.003824453800916672e-02 3.252602182328701019e-04 3.333722054958343506e-02 3.696222603321075439e-02 4.025109857320785522e-02 3.680974990129470825e-02 6.060457974672317505e-02 8.653546683490276337e-03 3.756098821759223938e-02 1.068511605262756348e-02 3.264316916465759277e-02 1.302866032347083092e-03 2.400085888803005219e-02 1.208733674138784409e-02 4.961627349257469177e-02 1.318248361349105835e-02 3.536161407828330994e-02 2.455995231866836548e-02 6.933270394802093506e-02 2.139250375330448151e-02 6.617959588766098022e-02 4.320746287703514099e-02 1.224609557539224625e-02 1.999234408140182495e-02 4.473514482378959656e-02 3.548445180058479309e-02 4.394634440541267395e-02 5.415551830083131790e-03 6.399481743574142456e-02 2.523401938378810883e-02 8.026693249121308327e-04 5.405145697295665741e-03 6.791766732931137085e-02 1.746900938451290131e-02 4.316189512610435486e-02 1.201052777469158173e-02 1.374073326587677002e-02 1.709180511534214020e-02 7.432810962200164795e-02 4.865803942084312439e-02 3.977755829691886902e-02 1.939868740737438202e-02 7.232088129967451096e-03 8.644109591841697693e-03 7.308945525437593460e-03 4.339804127812385559e-02 3.707658266648650169e-03 7.101457566022872925e-03 1.713593723252415657e-03 1.897174678742885590e-02 3.441154584288597107e-02 8.791936561465263367e-03 3.668789565563201904e-02 7.670362479984760284e-03 3.116539120674133301e-02 1.614856906235218048e-02 6.445640325546264648e-02 2.166419662535190582e-02 5.894066765904426575e-02 3.813703730702400208e-02 1.058173254132270813e-01 7.291724532842636108e-02 8.486893028020858765e-03 1.644175499677658081e-02 3.334053978323936462e-02 6.008951738476753235e-02 2.129369042813777924e-02 4.229905828833580017e-02 5.393822118639945984e-02 5.839280784130096436e-02 1.546723209321498871e-02 1.447244547307491302e-02 2.507322467863559723e-02 4.272643476724624634e-02 1.326669938862323761e-03 1.950957253575325012e-02 7.531581446528434753e-03 7.494206074625253677e-03 7.884331047534942627e-03 7.661284413188695908e-03 1.646913774311542511e-02 1.399030350148677826e-02 1.507271360605955124e-02 2.085970714688301086e-02 1.136632356792688370e-02 6.846825592219829559e-03 5.165535490959882736e-03 4.904204234480857849e-02 2.017643861472606659e-02 8.566241711378097534e-03
3.577808616682887077e-03 2.939664386212825775e-02 4.429651796817779541e-02 3.900587931275367737e-02 2.428751252591609955e-02 1.270060241222381592e-01 7.762201130390167236e-02 1.374258752912282944e-02 5.699918419122695923e-02 2.946334332227706909e-02 4.357126727700233459e-02 1.116550862789154053e-01 5.368722602725028992e-02 1.871928572654724121e-01 4.859757795929908752e-02 6.370025221258401871e-03 2.098281402140855789e-03 3.057440277189016342e-03 8.306082338094711304e-02 3.658594936132431030e-02 1.406855508685112000e-02 8.421712554991245270e-03 6.385535746812820435e-02 5.343497544527053833e-02 1.425673533231019974e-02 1.814567297697067261e-02 1.024199649691581726e-02 1.215234175324440002e-01 2.059220150113105774e-02 8.111527562141418457e-02 5.772501602768898010e-02 3.229681402444839478e-02 2.703229710459709167e-02 4.994533956050872803e-03 2.146703191101551056e-02 2.674113027751445770e-02 2.239308319985866547e-03 1.214155834168195724e-02 2.729904279112815857e-02 3.420361876487731934e-02 3.611071780323982239e-02 5.622023250907659531e-03 6.858302280306816101e-03 7.077214866876602173e-02 9.992091357707977295e-02 7.801460474729537964e-02 1.593985478393733501e-03 1.749537885189056396e-02 8.577451109886169434e-03 2.687102556228637695e-02 5.664066597819328308e-02 8.356254547834396362e-02 1.271093450486660004e-02 3.687301883473992348e-03 3.434555605053901672e-03 3.867223626002669334e-03 3.104852326214313507e-02 1.254770904779434204e-02 5.115728825330734253e-03 2.331424504518508911e-02 2.334431977942585945e-03 3.098945505917072296e-02 1.967903971672058105e-02 6.771869957447052002e-03 4.296574369072914124e-02 5.885287001729011536e-02 1.765541499480605125e-03 1.561062596738338470e-02 2.653710730373859406e-02 3.578165173530578613e-02 1.551296468824148178e-02 2.540201507508754730e-02 3.207131475210189819e-02 2.034364081919193268e-02 3.205614909529685974e-02 5.472290888428688049e-02 8.558453060686588287e-03 3.692967444658279419e-02 3.696754574775695801e-02 5.652416497468948364e-02 4.086336866021156311e-02 2.925129048526287079e-02 2.272248640656471252e-02 2.916838508099317551e-03 1.537511823698878288e-03 5.196448182687163353e-05 4.286024346947669983e-02 4.820321127772331238e-02 6.202056258916854858e-02 5.209430679678916931e-02 6.341446423903107643e-04 1.999345421791076660e-02 5.891617015004158020e-02 7.629674393683671951e-03 1.554965414106845856e-02 2.751455828547477722e-02 6.012147292494773865e-02 2.449132688343524933e-02 1.524094771593809128e-02 1.239639706909656525e-02 2.921471185982227325e-02 6.071343086659908295e-04 3.505434095859527588e-02 2.494403161108493805e-02 4.450294654816389084e-03 5.517988465726375580e-03 1.852466724812984467e-02 2.388617023825645447e-02 1.458146795630455017e-02 3.288140520453453064e-02 8.782549761235713959e-03 3.103072941303253174e-02 9.686709381639957428e-03 1.437143050134181976e-02 3.547892672941088676e-03 2.116006426513195038e-02
8.993452042341232300e-02 1.048745140433311462e-01 1.733480580151081085e-02 9.341270662844181061e-03 3.023352660238742828e-02 7.147292047739028931e-02 7.169983536005020142e-02 2.375491894781589508e-02 4.619403555989265442e-02 4.965852200984954834e-02 9.213075786828994751e-02 5.368722602725028992e-02 2.219291031360626221e-01 5.529087036848068237e-02 5.501388758420944214e-02 2.480887342244386673e-03 1.104121282696723938e-02 3.145883791148662567e-03 3.011653013527393341e-02 5.461577791720628738e-03 6.881362758576869965e-03 4.517868906259536743e-02 3.888605907559394836e-02 3.561909124255180359e-02 9.006935171782970428e-03 2.528663491830229759e-03 4.684636369347572327e-03 1.697361655533313751e-02 1.272315508686006069e-03 1.966049894690513611e-02 3.215169906616210938e-02 1.989274844527244568e-02 3.070454485714435577e-02 7.047393592074513435e-04 3.263956308364868164e-02 9.709811769425868988e-03 7.614984177052974701e-03 1.989886164665222168e-02 1.641274802386760712e-02 2.394009567797183990e-02 3.867704793810844421e-02 1.470030751079320908e-02 2.265598811209201813e-02 1.543093472719192505e-02 4.522635787725448608e-02 5.844985134899616241e-03 5.950576066970825195e-02 6.396308541297912598e-02 3.467136621475219727e-02 1.341247186064720154e-02 5.032945051789283752e-02 3.023064881563186646e-02 4.430113825947046280e-03 2.813117951154708862e-02 3.436178714036941528e-02 1.358713861554861069e-02 1.779835787601768970e-03 1.253874879330396652e-02 1.744398288428783417e-02 2.507138065993785858e-02 4.538965597748756409e-02 5.975722335278987885e-03 2.983156964182853699e-02 3.447369113564491272e-02 5.992586538195610046e-02 8.568908274173736572e-02 2.702786400914192200e-02 1.623157039284706116e-02 5.719515495002269745e-03 2.769296057522296906e-02 1.186822168529033661e-02 5.238796025514602661e-02 7.791800890117883682e-03 3.825213387608528137e-02 1.924115791916847229e-02 2.218304201960563660e-02 3.952231258153915405e-02 9.890615008771419525e-03 4.223283007740974426e-02 2.437829412519931793e-02 7.232559472322463989e-02 3.878899291157722473e-02 2.339100698009133339e-03 6.480669975280761719e-02 4.183207079768180847e-02 4.985165223479270935e-02 3.909528895746916533e-04 9.194874763488769531e-02 2.042787894606590271e-02 7.964241376612335443e-05 2.335499227046966553e-02 1.935867778956890106e-02 2.016931585967540741e-02 4.665653035044670105e-02 9.978090412914752960e-03 4.777008295059204102e-02 5.272795911878347397e-03 1.611949689686298370e-02 3.877101466059684753e-02 2.919936180114746094e-02 1.253243349492549896e-02 1.398763712495565414e-02 5.646069184876978397e-04 9.259806945919990540e-03 1.687434874475002289e-02 4.758202284574508667e-02 2.671169303357601166e-02 3.487611562013626099e-02 2.175579778850078583e-03 9.233480319380760193e-03 2.278682403266429901e-02 1.319596637040376663e-02 3.056303411722183228e-02 3.559105098247528076e-02 3.388437209650874138e-03 2.196719311177730560e-02
