2.957565523684024811e-02 2.070248126983642578e-01 3.115609847009181976e-02 9.331949055194854736e-03 3.543206304311752319e-02 1.074585393071174622e-01 6.345234811305999756e-02 4.647084698081016541e-02 1.180260349065065384e-02 1.374395843595266342e-02 1.425629109144210815e-01 3.236968815326690674e-02 1.301774680614471436e-01 1.803712919354438782e-02 6.261036545038223267e-02 2.016047574579715729e-02 1.223283167928457260e-02 3.631075471639633179e-02 1.155920699238777161e-02 1.229890435934066772e-02 5.170516669750213623e-02 4.297300800681114197e-02 1.370839029550552368e-02 1.064902823418378830e-02 2.764818631112575531e-02 4.774507507681846619e-02 2.397300489246845245e-02 4.351560026407241821e-03 1.899071969091892242e-03 3.670121729373931885e-02 1.066510472446680069e-02 2.180673182010650635e-02 2.273671329021453857e-02 1.938344165682792664e-02 1.468177698552608490e-02 1.012726873159408569e-02 7.299302611500024796e-03 1.457486953586339951e-02 2.058398211374878883e-03 8.909126743674278259e-03 7.118673063814640045e-03 3.022054210305213928e-03 2.480936609208583832e-02 1.044086366891860962e-02 3.290817886590957642e-02 9.093929082155227661e-02 4.573319479823112488e-02 6.531071662902832031e-02 6.459487229585647583e-02 8.885068382369354367e-05 9.699122980237007141e-03 4.707250744104385376e-02 4.466265812516212463e-02 1.528976578265428543e-02 4.647827707231044769e-03 6.788589805364608765e-02 3.039960050955414772e-03 2.985829859972000122e-02 2.688452228903770447e-02 2.459155209362506866e-02 1.433528866618871689e-02 1.142857968807220459e-02 5.350841209292411804e-03 5.143380165100097656e-02 2.739942166954278946e-03 3.380768001079559326e-03 9.394370019435882568e-03 1.998197846114635468e-02 6.518736481666564941e-02 1.303999777883291245e-02 7.052701432257890701e-03 1.114724017679691315e-02 2.242951840162277222e-02 1.542606484144926071e-02 1.986599899828433990e-02 2.453462406992912292e-02 7.193794101476669312e-02 1.296664215624332428e-02 3.378584608435630798e-02 3.135095536708831787e-02 7.731320336461067200e-03 2.270278707146644592e-02 2.603203244507312775e-02 6.930554751306772232e-03 5.497797578573226929e-02 5.511313304305076599e-02 1.980016939342021942e-02 4.163067787885665894e-02 3.177283704280853271e-02 2.227426320314407349e-02 2.433369308710098267e-02 1.339080650359392166e-02 8.377180434763431549e-03 3.649180755019187927e-02 1.000111028552055359e-01 6.417430192232131958e-02 2.685930812731385231e-03 1.832061819732189178e-02 1.421601790934801102e-02 1.361140236258506775e-02 1.169440150260925293e-02 4.126879945397377014e-02 2.725191600620746613e-02 4.038969054818153381e-03 3.709824057295918465e-03 9.595070150680840015e-04 4.758460074663162231e-02 4.377055913209915161e-02 4.765506088733673096e-02 3.179746493697166443e-02 5.180773138999938965e-02 5.331993475556373596e-02 3.740783035755157471e-02 6.741160061210393906e-03 4.816052690148353577e-02 1.849327795207500458e-02
2.070248126983642578e-01 1.133984071202576160e-03 1.177737955003976822e-02 3.052820265293121338e-02 3.311114013195037842e-02 1.041432842612266541e-01 7.742763310670852661e-02 2.126145921647548676e-02 1.992943324148654938e-02 6.949477829039096832e-04 1.104142740368843079e-01 6.089569069445133209e-03 1.253569722175598145e-01 3.620618954300880432e-04 3.633306175470352173e-02 1.933575235307216644e-02 5.554434843361377716e-03 3.069845959544181824e-02 1.277693896554410458e-03 7.520774845033884048e-03 3.717607259750366211e-02 2.509453892707824707e-02 2.899781567975878716e-03 6.185140926390886307e-03 5.084005370736122131e-02 2.591665275394916534e-02 1.002859510481357574e-02 1.448041992262005806e-03 1.683882437646389008e-02 1.142501179128885269e-02 1.822828873991966248e-02 6.369847804307937622e-02 4.181549325585365295e-02 2.497252821922302246e-02 3.206271678209304810e-03 2.479556947946548462e-02 1.760480517987161875e-04 1.128858071751892567e-03 1.066357269883155823e-02 3.355699777603149414e-02 2.132378891110420227e-02 5.541597958654165268e-03 2.487789653241634369e-02 9.113512001931667328e-03 6.490004062652587891e-02 5.652665719389915466e-02 1.603088341653347015e-02 3.961500525474548340e-02 5.920022726058959961e-02 3.074365202337503433e-03 9.870903566479682922e-03 2.524221874773502350e-02 7.619264535605907440e-03 2.547034434974193573e-02 6.082146428525447845e-03 6.359697878360748291e-02 1.362785883247852325e-02 3.350780904293060303e-02 1.986893452703952789e-02 3.710764646530151367e-02 1.994451321661472321e-02 1.535731833428144455e-02 9.589136578142642975e-03 5.962776765227317810e-02 1.787986420094966888e-02 2.613615477457642555e-03 1.723471656441688538e-02 3.509351611137390137e-02 6.677399575710296631e-02 8.939520455896854401e-03 2.059807069599628448e-02 1.940482296049594879e-02 3.317991644144058228e-02 6.352217867970466614e-03 4.765551537275314331e-03 1.857078401371836662e-03 8.336621522903442383e-02 5.111055448651313782e-03 7.753938902169466019e-03 4.295394942164421082e-02 1.238957513123750687e-03 1.712097972631454468e-02 4.422494396567344666e-02 1.696639135479927063e-02 2.333045564591884613e-02 5.609181243926286697e-03 2.367324195802211761e-02 5.469299852848052979e-02 3.745049983263015747e-02 3.321251273155212402e-02 5.570158828049898148e-03 1.719964854419231415e-02 2.601650729775428772e-02 2.489815279841423035e-02 1.223521381616592407e-01 8.566342294216156006e-02 2.421710081398487091e-02 3.053539991378784180e-02 9.260607883334159851e-03 1.580336317420005798e-02 4.519033432006835938e-02 2.632057480514049530e-02 1.865618862211704254e-02 2.407066337764263153e-02 1.844874583184719086e-02 3.822007682174444199e-03 3.730471432209014893e-02 3.729357942938804626e-02 1.335030328482389450e-02 7.381590548902750015e-03 3.158141672611236572e-02 2.451249770820140839e-02 5.229374021291732788e-02 2.375733572989702225e-03 5.241926014423370361e-02 5.496721249073743820e-03
3.115609847009181976e-02 1.177737955003976822e-02 4.601456969976425171e-02 1.310194376856088638e-02 1.897707767784595490e-02 3.590976446866989136e-02 2.612809464335441589e-02 1.532060056924819946e-01 3.478901088237762451e-02 8.265489712357521057e-03 2.037496678531169891e-02 3.593014925718307495e-02 5.853892862796783447e-02 8.804235607385635376e-03 8.198530972003936768e-02 2.100434526801109314e-02 5.722389742732048035e-02 2.977122180163860321e-02 2.937039546668529510e-02 3.465063124895095825e-02 4.416047129780054092e-03 2.748930640518665314e-02 5.374059826135635376e-02 4.398533701896667480e-02 3.172583505511283875e-02 3.355728834867477417e-02 5.701774731278419495e-02 6.152171641588211060e-02 1.686247251927852631e-02 9.450137615203857422e-02 9.369629435241222382e-03 5.348442122340202332e-02 1.914443075656890869e-02 2.283882163465023041e-02 5.562277883291244507e-02 1.219679228961467743e-02 2.274920791387557983e-02 3.106013871729373932e-02 3.031895263120532036e-03 5.421784520149230957e-02 6.691528949886560440e-03 1.827941834926605225e-02 1.577977091073989868e-02 7.611392438411712646e-02 2.109087817370891571e-02 7.482987828552722931e-03 5.474784225225448608e-02 5.070557352155447006e-03 8.963345550000667572e-03 4.034286364912986755e-02 4.051195085048675537e-02 8.251031488180160522e-02 8.507706969976425171e-02 1.813370361924171448e-02 3.390806540846824646e-02 2.839176915585994720e-02 8.512284606695175171e-03 3.245851024985313416e-02 2.119658747687935829e-03 4.736162349581718445e-02 1.580817811191082001e-02 4.448251426219940186e-02 4.311520233750343323e-02 6.218367256224155426e-03 6.550338119268417358e-03 7.577925454825162888e-03 3.384484723210334778e-02 8.399398624897003174e-02 8.014108240604400635e-02 2.415035106241703033e-02 2.345821633934974670e-02 2.876751124858856201e-03 4.476470127701759338e-02 3.247671201825141907e-02 2.079935558140277863e-02 1.740030758082866669e-02 2.187105827033519745e-02 1.578172482550144196e-02 5.306131392717361450e-02 4.099796339869499207e-02 1.895929127931594849e-01 3.388269990682601929e-02 3.658906370401382446e-02 2.454365603625774384e-02 3.398791700601577759e-02 1.095582079142332077e-02 5.294620525091886520e-03 2.754044905304908752e-02 4.309091717004776001e-02 8.512081578373908997e-03 4.809460137039422989e-03 3.980858996510505676e-02 3.038001991808414459e-02 2.802153676748275757e-02 7.248240709304809570e-02 3.094134666025638580e-02 5.507275927811861038e-03 5.876121297478675842e-02 5.678659304976463318e-02 5.776616744697093964e-03 6.679496914148330688e-02 3.253803029656410217e-02 2.897632308304309845e-02 4.385753348469734192e-02 1.676325686275959015e-02 5.547027569264173508e-03 3.686141921207308769e-03 1.087337918579578400e-02 5.508892983198165894e-02 3.874192014336585999e-02 2.563477121293544769e-02 4.290792718529701233e-02 2.065167203545570374e-02 2.499828813597559929e-03 3.520366922020912170e-02 1.223990246653556824e-01
9.331949055194854736e-03 3.052820265293121338e-02 1.310194376856088638e-02 4.403723869472742081e-03 2.415993660688400269e-01 4.686815664172172546e-02 4.521522670984268188e-02 7.858725148253142834e-04 1.263547129929065704e-02 3.227095585316419601e-03 5.642106011509895325e-02 1.194199081510305405e-02 2.779652364552021027e-02 7.385593652725219727e-02 8.328231982886791229e-03 9.089343249797821045e-03 3.933002427220344543e-02 1.055029630661010742e-01 3.893042355775833130e-02 4.721819609403610229e-02 1.150581613183021545e-02 5.379454046487808228e-02 2.409400604665279388e-02 8.141100988723337650e-04 4.363686591386795044e-02 3.056541271507740021e-02 2.110073529183864594e-02 4.827986285090446472e-02 1.472247531637549400e-03 2.994376234710216522e-02 5.482923239469528198e-02 1.102340221405029297e-02 7.707829028367996216e-02 3.559798002243041992e-02 4.769655317068099976e-02 3.876571077853441238e-03 1.098574232310056686e-02 1.181398332118988037e-01 2.393817529082298279e-02 7.709415629506111145e-03 8.195884525775909424e-02 2.104992233216762543e-02 5.780507810413837433e-03 4.322749376296997070e-02 5.503326281905174255e-02 3.440726548433303833e-02 4.778868332505226135e-02 1.934978365898132324e-02 1.475705485790967941e-02 1.582122407853603363e-02 1.581686735153198242e-02 4.661284387111663818e-02 4.514214769005775452e-02 4.455027729272842407e-02 1.177608221769332886e-02 3.517126291990280151e-02 2.145701088011264801e-03 5.309983715415000916e-02 2.453060075640678406e-02 4.773569107055664062e-02 5.620642378926277161e-02 1.842341199517250061e-02 1.217130348086357117e-01 5.611132085323333740e-02 7.526670396327972412e-02 5.807778611779212952e-02 2.136224508285522461e-02 2.233042381703853607e-02 1.287840306758880615e-02 2.625430747866630554e-02 8.750747889280319214e-02 2.202794328331947327e-02 2.143484801054000854e-01 3.756222873926162720e-02 5.270589143037796021e-02 4.192999377846717834e-02 8.536677923984825611e-04 2.726824022829532623e-02 2.188551984727382660e-02 7.111761718988418579e-02 2.777241915464401245e-02 6.335213035345077515e-02 9.041883051395416260e-02 2.752320654690265656e-02 1.144442055374383926e-02 4.128520935773849487e-02 5.149096250534057617e-02 2.215981110930442810e-02 5.612338427454233170e-03 1.080615594983100891e-01 5.363687872886657715e-03 6.727735977619886398e-03 2.443244494497776031e-02 3.135213628411293030e-02 3.991654887795448303e-02 1.050042174756526947e-02 1.334920432418584824e-02 3.736472502350807190e-02 3.949566558003425598e-02 5.264050513505935669e-02 2.258379198610782623e-02 5.125325173139572144e-02 7.534848526120185852e-03 5.325815873220562935e-04 1.838993281126022339e-02 6.760311126708984375e-02 8.193598128855228424e-03 6.099799647927284241e-02 3.705132752656936646e-02 1.292983186431229115e-03 6.488674320280551910e-03 4.292343184351921082e-02 7.209670543670654297e-02 4.327636584639549255e-02 5.308487266302108765e-02 2.848995104432106018e-02
3.543206304311752319e-02 3.311114013195037842e-02 1.897707767784595490e-02 2.415993660688400269e-01 4.733960144221782684e-03 5.823715031147003174e-02 1.489853858947753906e-02 3.150226548314094543e-02 7.405998185276985168e-03 3.624647110700607300e-02 2.858890220522880554e-02 2.031817100942134857e-03 3.990833833813667297e-02 3.094143047928810120e-02 4.553921893239021301e-02 4.311384633183479309e-02 4.805216938257217407e-02 1.434250175952911377e-02 2.643339708447456360e-02 1.431627850979566574e-02 2.339770458638668060e-02 3.923371899873018265e-03 1.666610315442085266e-02 3.028465434908866882e-02 3.259474039077758789e-02 5.563790351152420044e-02 9.832371026277542114e-03 3.398551046848297119e-02 7.793013006448745728e-03 5.195144563913345337e-03 2.061036601662635803e-02 1.441032974980771542e-03 2.054543234407901764e-02 2.816756442189216614e-02 6.226422265172004700e-02 6.886018905788660049e-03 4.724099487066268921e-02 5.225089192390441895e-02 9.297637641429901123e-02 9.497566521167755127e-02 1.685540378093719482e-02 2.033216506242752075e-02 3.158352151513099670e-02 3.752522170543670654e-02 1.523059513419866562e-02 4.549006372690200806e-02 2.668968960642814636e-02 2.353940531611442566e-02 2.058588899672031403e-02 3.053431212902069092e-02 2.226733416318893433e-02 1.309837587177753448e-02 2.375181764364242554e-02 2.184411883354187012e-02 3.523407131433486938e-02 8.637956343591213226e-03 3.844749927520751953e-02 5.403509736061096191e-02 1.415901258587837219e-02 2.856881357729434967e-02 8.786636590957641602e-02 1.050233989953994751e-01 1.164211053401231766e-02 4.933181777596473694e-02 2.630445547401905060e-02 3.291777148842811584e-02 3.201969712972640991e-02 1.576714776456356049e-02 7.057959679514169693e-03 9.858260862529277802e-03 5.977419391274452209e-02 1.098792627453804016e-02 1.685619950294494629e-01 1.226831972599029541e-02 1.197104528546333313e-01 3.251619637012481689e-03 4.410668835043907166e-02 1.434445474296808243e-02 5.569179728627204895e-02 2.340744249522686005e-02 5.314702913165092468e-02 2.369902096688747406e-02 5.981312599033117294e-03 7.850173115730285645e-02 2.648688852787017822e-02 5.302009731531143188e-02 3.900679200887680054e-02 6.069277971982955933e-02 4.218798596411943436e-03 5.129998177289962769e-02 1.195595599710941315e-02 7.299333345144987106e-03 3.428245335817337036e-02 3.798532485961914062e-02 4.726889543235301971e-03 1.833102852106094360e-02 1.776507869362831116e-02 1.417392306029796600e-02 5.576789379119873047e-02 2.486400119960308075e-02 3.306291252374649048e-02 1.487822365015745163e-02 1.402941718697547913e-02 1.394986920058727264e-02 4.806639626622200012e-02 4.240772873163223267e-02 7.211400661617517471e-03 3.204311057925224304e-02 7.437663525342941284e-02 2.442911453545093536e-02 2.083166688680648804e-02 5.164694413542747498e-02 1.880537951365113258e-03 2.466219849884510040e-02 5.167595669627189636e-02 8.346030861139297485e-02
1.074585393071174622e-01 1.041432842612266541e-01 3.590976446866989136e-02 4.686815664172172546e-02 5.823715031147003174e-02 3.683174774050712585e-02 2.102201133966445923e-01 1.703458651900291443e-02 1.575693255290389061e-03 1.252840831875801086e-02 1.129996106028556824e-01 1.398033052682876587e-01 8.731163293123245239e-02 9.141787886619567871e-02 4.996103793382644653e-02 1.236883830279111862e-02 2.505782432854175568e-02 1.373494509607553482e-02 3.608670830726623535e-02 5.787725746631622314e-02 2.771566435694694519e-02 2.673574909567832947e-02 1.721626322250813246e-04 3.239057585597038269e-02 8.504893630743026733e-03 4.714534431695938110e-02 2.636826783418655396e-02 4.994880780577659607e-02 5.398903042078018188e-02 6.443724781274795532e-02 7.168792188167572021e-02 3.831688314676284790e-02 4.562769085168838501e-02 2.448624558746814728e-02 7.758116815239191055e-03 2.981842495501041412e-02 5.162397027015686035e-02 5.511648952960968018e-02 3.665636107325553894e-02 4.770581144839525223e-04 1.327723450958728790e-02 3.812836483120918274e-02 5.442932620644569397e-02 6.408856250345706940e-03 1.235089916735887527e-02 1.114385854452848434e-02 1.228471994400024414e-01 2.360802143812179565e-02 1.925026881508529186e-03 3.927315399050712585e-02 3.426450490951538086e-02 2.716211602091789246e-02 2.704702317714691162e-03 1.668244414031505585e-02 2.471465617418289185e-02 2.412677556276321411e-02 8.358549326658248901e-02 6.197278271429240704e-04 2.000954933464527130e-02 6.639818195253610611e-03 4.331186041235923767e-02 4.158774018287658691e-02 4.926376417279243469e-02 8.093294501304626465e-02 1.173467375338077545e-02 1.944941841065883636e-02 3.494837507605552673e-02 2.098326012492179871e-02 1.050155702978372574e-02 5.842951126396656036e-03 3.299978002905845642e-02 6.388105917721986771e-03 2.229036204516887665e-02 4.976611956954002380e-02 1.566223986446857452e-02 8.981769904494285583e-03 2.921890653669834137e-02 1.522625982761383057e-02 1.961523666977882385e-02 4.571041092276573181e-02 1.697610504925251007e-02 1.407368853688240051e-02 4.017017036676406860e-02 3.172282502055168152e-02 2.069006860256195068e-02 3.925144672393798828e-02 5.593395233154296875e-02 2.514200098812580109e-02 1.270776987075805664e-02 1.106551662087440491e-02 7.232420146465301514e-02 3.022412955760955811e-02 5.519041046500205994e-02 1.361422613263130188e-02 4.231210798025131226e-02 3.624286735430359840e-03 6.429504603147506714e-03 4.821492731571197510e-02 1.119851041585206985e-02 3.950829058885574341e-02 3.703264147043228149e-02 4.712658375501632690e-02 1.797166885808110237e-03 3.284144401550292969e-02 3.399309888482093811e-02 5.135686695575714111e-02 3.690386563539505005e-02 3.957408666610717773e-02 7.959447056055068970e-02 2.659749984741210938e-02 3.767428919672966003e-02 1.613708212971687317e-02 1.834163628518581390e-02 1.801802963018417358e-02 3.150363266468048096e-02 1.361750066280364990e-02
6.345234811305999756e-02 7.742763310670852661e-02 2.612809464335441589e-02 4.521522670984268188e-02 1.489853858947753906e-02 2.102201133966445923e-01 4.083361476659774780e-02 2.287512272596359253e-02 1.399942487478256226e-02 3.349592210724949837e-03 1.059376373887062073e-01 1.081205625087022781e-02 8.752212673425674438e-02 6.414629518985748291e-02 3.270583599805831909e-02 2.131423912942409515e-02 1.115090586245059967e-02 6.038450822234153748e-02 5.713654682040214539e-03 3.957223892211914062e-02 2.614824846386909485e-02 5.747979972511529922e-03 3.471897682175040245e-03 1.183238159865140915e-02 3.246176056563854218e-03 4.031420499086380005e-02 1.228650007396936417e-02 1.341645140200853348e-02 4.588084295392036438e-02 1.307745743542909622e-02 2.472987957298755646e-02 3.262067912146449089e-03 5.027003958821296692e-02 1.167358364909887314e-02 7.135234773159027100e-03 1.091925078071653843e-03 8.287792094051837921e-03 4.272132366895675659e-02 3.403076902031898499e-02 1.561597362160682678e-02 2.677465043962001801e-02 1.873912848532199860e-02 9.394087642431259155e-02 3.671390702947974205e-03 1.653256267309188843e-02 1.734879240393638611e-02 1.479968577623367310e-01 1.072902902960777283e-01 3.161481022834777832e-02 3.774666786193847656e-02 3.670882061123847961e-02 3.817985579371452332e-02 6.704993080347776413e-03 5.118247121572494507e-02 1.609633117914199829e-02 2.882004948332905769e-03 1.790346577763557434e-02 3.727764589712023735e-03 1.122201234102249146e-02 4.959264770150184631e-03 2.365156449377536774e-02 6.220622453838586807e-03 6.898836791515350342e-02 3.112190030515193939e-02 4.679461196064949036e-02 2.858188375830650330e-02 1.353479176759719849e-02 3.350041061639785767e-02 2.959427237510681152e-02 3.219101205468177795e-02 2.192027121782302856e-02 1.920196786522865295e-02 1.461063511669635773e-02 3.027414903044700623e-02 1.749950647354125977e-02 1.130570424720644951e-03 4.798016045242547989e-03 1.255958061665296555e-02 9.996051900088787079e-03 3.557294607162475586e-02 3.778518736362457275e-02 3.605017438530921936e-02 1.788507029414176941e-02 7.243791595101356506e-03 8.252245374023914337e-03 9.051662869751453400e-03 2.045016735792160034e-02 6.866560433991253376e-04 2.860491722822189331e-02 4.671873152256011963e-02 4.936515912413597107e-02 3.153313323855400085e-02 1.660183258354663849e-02 4.532507807016372681e-02 1.808099821209907532e-02 3.510377183556556702e-02 2.844893024303019047e-04 8.309761993587017059e-03 2.059996314346790314e-02 2.979560568928718567e-02 1.074847299605607986e-02 8.099866099655628204e-03 2.415693737566471100e-02 9.498816914856433868e-03 6.354260840453207493e-04 5.675265099853277206e-03 3.158105164766311646e-02 1.369473058730363846e-02 7.537371665239334106e-02 4.482658952474594116e-02 7.462599314749240875e-03 7.621580734848976135e-03 3.178478032350540161e-02 1.959387585520744324e-02 2.845158451236784458e-04 2.358078956604003906e-02
4.647084698081016541e-02 2.126145921647548676e-02 1.532060056924819946e-01 7.858725148253142834e-04 3.150226548314094543e-02 1.703458651900291443e-02 2.287512272596359253e-02 2.158256247639656067e-02 1.088224630802869797e-02 1.259113545529544353e-03 4.315306991338729858e-02 6.860442459583282471e-02 6.671865936368703842e-03 3.329540044069290161e-02 1.102211996912956238e-01 2.007816359400749207e-02 3.894837200641632080e-02 2.001483924686908722e-02 7.158702611923217773e-02 2.433431148529052734e-02 1.259727170690894127e-03 1.090041920542716980e-02 3.178681805729866028e-02 2.980331704020500183e-02 3.120515868067741394e-02 5.159737169742584229e-02 1.068114209920167923e-02 6.199763738550245762e-04 2.380155213177204132e-02 1.079941820353269577e-02 1.742121577262878418e-02 1.364914141595363617e-02 6.483725458383560181e-02 1.593080232851207256e-03 1.146149635314941406e-02 2.952843904495239258e-02 3.370898589491844177e-02 6.999265402555465698e-03 5.791973695158958435e-02 8.712572976946830750e-03 1.755796023644506931e-03 1.992237195372581482e-02 1.493932446464896202e-03 7.624327391386032104e-02 5.633036419749259949e-02 1.789606176316738129e-02 3.908903896808624268e-02 2.160231024026870728e-02 2.215936966240406036e-02 1.226174458861351013e-02 3.044413775205612183e-02 1.632354804314672947e-03 8.234029263257980347e-02 3.424936160445213318e-02 1.484522689133882523e-02 5.021176114678382874e-02 5.875678360462188721e-02 2.598951756954193115e-02 1.006042212247848511e-02 6.225888617336750031e-03 1.257313787937164307e-02 4.240642860531806946e-02 5.857275798916816711e-02 1.579565554857254028e-02 1.188072003424167633e-02 4.605300351977348328e-02 2.637787256389856339e-03 1.419042330235242844e-02 1.248404663056135178e-02 5.873186048120260239e-03 2.184878475964069366e-02 3.681672364473342896e-02 2.635369822382926941e-02 1.879311539232730865e-02 7.884453982114791870e-03 5.260588135570287704e-03 6.077354308217763901e-03 1.184545829892158508e-02 6.192146800458431244e-03 4.061570018529891968e-02 1.500728577375411987e-01 1.005306169390678406e-01 2.044639550149440765e-02 1.305993180721998215e-02 1.057815626263618469e-01 1.350681763142347336e-02 9.017490595579147339e-02 6.477993726730346680e-02 8.869308046996593475e-03 6.610254198312759399e-02 3.305602073669433594e-02 7.607772946357727051e-03 2.299942821264266968e-02 2.319145947694778442e-03 1.926446706056594849e-02 3.563189879059791565e-02 1.096940413117408752e-02 2.860664203763008118e-02 2.901881374418735504e-02 1.199702639132738113e-02 3.862178325653076172e-02 3.621668368577957153e-02 8.991378359496593475e-03 1.236755680292844772e-02 2.759170345962047577e-02 3.265237808227539062e-02 9.607977233827114105e-03 4.171485826373100281e-02 1.555575896054506302e-02 7.326357066631317139e-03 1.301633752882480621e-02 7.653381675481796265e-03 5.813452228903770447e-02 8.240482769906520844e-03 7.821990177035331726e-03 7.362570613622665405e-02
1.180260349065065384e-02 1.992943324148654938e-02 3.478901088237762451e-02 1.263547129929065704e-02 7.405998185276985168e-03 1.575693255290389061e-03 1.399942487478256226e-02 1.088224630802869797e-02 1.338097266852855682e-03 8.765493333339691162e-02 2.898156084120273590e-02 4.945812374353408813e-02 3.825838863849639893e-02 2.940556593239307404e-02 3.152258321642875671e-02 3.452476859092712402e-02 6.024670600891113281e-02 1.195534318685531616e-01 7.491103839129209518e-03 5.577308475039899349e-04 2.496631443500518799e-02 5.456113442778587341e-02 7.715184986591339111e-02 5.537608265876770020e-02 4.823302477598190308e-02 3.612060099840164185e-02 2.735541574656963348e-02 4.531166329979896545e-02 4.305445775389671326e-02 3.065599501132965088e-02 6.376513093709945679e-02 6.178286299109458923e-02 1.818891987204551697e-02 2.766615152359008789e-02 4.290845245122909546e-02 9.941853582859039307e-02 1.928013749420642853e-02 7.484511937946081161e-03 1.377989817410707474e-02 4.550806432962417603e-02 2.037238515913486481e-02 7.466866821050643921e-02 3.257704153656959534e-02 1.838803477585315704e-02 2.504183910787105560e-02 7.736596278846263885e-03 5.350274033844470978e-03 6.922080367803573608e-02 9.430281817913055420e-02 4.054689314216375351e-03 6.935303658246994019e-02 3.738000243902206421e-02 3.961491957306861877e-02 5.576689168810844421e-02 1.316383481025695801e-01 3.860072046518325806e-02 8.205891586840152740e-03 9.384683333337306976e-03 1.154039707034826279e-02 4.449240490794181824e-02 3.872638940811157227e-02 6.206089258193969727e-02 3.413553908467292786e-02 4.998061805963516235e-02 2.586914342828094959e-04 1.414744742214679718e-02 1.136036962270736694e-02 1.478733029216527939e-02 6.940535269677639008e-03 4.426307976245880127e-02 9.095033630728721619e-03 7.970794104039669037e-03 2.168268337845802307e-02 1.118164695799350739e-02 5.534030124545097351e-02 3.078293986618518829e-02 2.541136145591735840e-01 7.805922534316778183e-03 1.474056094884872437e-01 2.277526818215847015e-02 1.038920320570468903e-02 5.359211936593055725e-03 1.388889104127883911e-01 2.886817976832389832e-02 7.222513109445571899e-02 1.457578130066394806e-02 4.201937094330787659e-02 5.803172662854194641e-02 2.867134660482406616e-02 7.252569496631622314e-02 8.762442506849765778e-03 3.621368110179901123e-02 6.495703756809234619e-02 3.680784255266189575e-02 3.182085603475570679e-02 3.392351418733596802e-02 3.119975700974464417e-02 1.604790426790714264e-02 7.415564730763435364e-03 1.459014508873224258e-02 1.223745290189981461e-02 1.178738288581371307e-02 2.936477214097976685e-02 1.183011941611766815e-02 4.645768180489540100e-02 5.566919688135385513e-03 5.116618052124977112e-02 1.443594321608543396e-02 1.874841749668121338e-02 2.241444215178489685e-02 3.182785585522651672e-02 2.061987109482288361e-02 3.607104346156120300e-02 2.035650238394737244e-02 7.464408874511718750e-03 2.059666439890861511e-02
1.374395843595266342e-02 6.949477829039096832e-04 8.265489712357521057e-03 3.227095585316419601e-03 3.624647110700607300e-02 1.252840831875801086e-02 3.349592210724949837e-03 1.259113545529544353e-03 8.765493333339691162e-02 8.672503381967544556e-02 2.174309082329273224e-02 3.484349697828292847e-02 2.241671271622180939e-02 4.558473080396652222e-02 8.762915618717670441e-03 3.463057801127433777e-02 3.040100261569023132e-02 2.544657699763774872e-02 7.974565774202346802e-02 1.921956241130828857e-02 5.072539672255516052e-02 4.430680535733699799e-03 3.624541684985160828e-02 9.591318666934967041e-02 1.959565281867980957e-02 1.349341962486505508e-02 1.010461244732141495e-03 2.634417824447154999e-02 9.979074820876121521e-04 3.702241182327270508e-02 4.441511631011962891e-02 7.049013674259185791e-02 1.272326335310935974e-02 2.454695058986544609e-04 4.314054176211357117e-02 5.189162120223045349e-02 5.455340072512626648e-02 8.011207915842533112e-03 1.319761667400598526e-02 8.698027580976486206e-03 1.123489905148744583e-02 3.938392549753189087e-02 9.848337620496749878e-03 4.293155856430530548e-03 4.467830806970596313e-02 2.348234504461288452e-02 1.740716956555843353e-02 3.042965196073055267e-02 9.333641827106475830e-02 8.411524444818496704e-02 1.087774429470300674e-02 2.806618809700012207e-02 5.028225854039192200e-02 3.658535331487655640e-02 2.131299488246440887e-02 1.510778367519378662e-01 1.524390280246734619e-02 2.581257605925202370e-03 1.107256952673196793e-02 4.878280684351921082e-02 7.266844809055328369e-02 1.398156309733167291e-04 5.093121528625488281e-02 5.548121780157089233e-02 2.188294893130660057e-03 2.233475446701049805e-02 1.380896940827369690e-02 3.640430048108100891e-02 4.107997938990592957e-02 1.227848324924707413e-02 8.163802325725555420e-02 1.468493789434432983e-02 1.214361190795898438e-02 9.544357657432556152e-03 1.962178759276866913e-02 3.699758648872375488e-02 6.787272635847330093e-03 1.507637798786163330e-01 2.424539998173713684e-03 1.474605947732925415e-01 5.258462205529212952e-02 1.068925578147172928e-02 6.653522700071334839e-02 1.272864043712615967e-01 5.357088893651962280e-02 1.043241545557975769e-01 7.487438153475522995e-03 1.116039976477622986e-02 2.356648258864879608e-02 6.719544529914855957e-02 1.477717608213424683e-02 4.013076424598693848e-02 2.974532544612884521e-02 1.550590246915817261e-02 6.974925752729177475e-03 1.554218772798776627e-02 5.960748717188835144e-02 2.376739494502544403e-02 2.074996381998062134e-02 5.254314467310905457e-02 2.007877454161643982e-02 2.515006577596068382e-03 1.571013033390045166e-02 1.185981184244155884e-02 8.857443928718566895e-03 3.496309369802474976e-02 2.543977089226245880e-02 3.387112170457839966e-02 1.195586519315838814e-03 6.903322786092758179e-02 3.499240055680274963e-02 1.523105148226022720e-02 1.533795055001974106e-02 3.603894263505935669e-02 2.778496034443378448e-02 4.920099303126335144e-02
1.425629109144210815e-01 1.104142740368843079e-01 2.037496678531169891e-02 5.642106011509895325e-02 2.858890220522880554e-02 1.129996106028556824e-01 1.059376373887062073e-01 4.315306991338729858e-02 2.898156084120273590e-02 2.174309082329273224e-02 5.885729938745498657e-02 4.912704229354858398e-02 1.380189955234527588e-01 4.556017927825450897e-03 2.423675917088985443e-02 1.608326658606529236e-02 3.806673362851142883e-02 5.316142737865447998e-02 4.516475833952426910e-03 7.442465983331203461e-03 8.648997172713279724e-03 3.794051334261894226e-02 1.105227693915367126e-02 1.638153754174709320e-02 2.386963739991188049e-02 9.014234819915145636e-05 3.687641024589538574e-02 3.835129365324974060e-02 3.234124556183815002e-02 1.185946725308895111e-02 1.765746437013149261e-02 3.862652555108070374e-02 2.294061519205570221e-02 3.353307396173477173e-02 4.179303720593452454e-02 1.056429278105497360e-02 1.125785522162914276e-02 6.383726745843887329e-02 1.765372976660728455e-02 2.392102405428886414e-02 3.484131395816802979e-02 4.998219758272171021e-02 6.136334314942359924e-02 3.686168789863586426e-02 2.281307801604270935e-02 1.894137635827064514e-02 1.026877909898757935e-01 5.465790256857872009e-02 1.899049617350101471e-02 8.858999353833496571e-04 1.753133535385131836e-02 7.735664490610361099e-03 1.281382329761981964e-02 3.996780887246131897e-02 7.757766637951135635e-03 1.370141468942165375e-02 1.384113729000091553e-02 1.448608003556728363e-02 3.337649628520011902e-02 6.884355098009109497e-03 1.215620618313550949e-02 1.649939082562923431e-02 1.362716220319271088e-02 1.114877313375473022e-02 8.008991926908493042e-02 1.009263796731829643e-03 1.298261620104312897e-02 5.059861578047275543e-03 1.451568957418203354e-02 2.018143981695175171e-02 5.464740842580795288e-02 2.728591859340667725e-02 1.605995558202266693e-02 4.761467687785625458e-03 3.699700906872749329e-02 5.272701010107994080e-02 7.454445119947195053e-03 4.345575347542762756e-02 6.398131139576435089e-03 8.845624513924121857e-03 9.461211040616035461e-03 1.473127771168947220e-02 7.073005661368370056e-03 2.221452072262763977e-02 1.157461479306221008e-02 3.704120591282844543e-02 6.709301471710205078e-02 8.924083784222602844e-03 8.160507306456565857e-03 1.308203302323818207e-02 2.909663319587707520e-02 4.152702540159225464e-02 2.464736439287662506e-02 2.540857763960957527e-03 6.751035898923873901e-02 1.492861751466989517e-02 2.312660217285156250e-02 4.013258963823318481e-02 3.983595408499240875e-03 3.754136338829994202e-02 2.335706725716590881e-02 2.828297764062881470e-02 2.854179777204990387e-02 3.194767981767654419e-02 2.548092044889926910e-02 4.786561243236064911e-03 1.838064379990100861e-02 6.396024022251367569e-03 8.938294649124145508e-02 3.840847685933113098e-02 4.884319379925727844e-02 9.519775398075580597e-03 5.538121610879898071e-02 1.709127053618431091e-02 4.499797523021697998e-02 2.421891316771507263e-02
3.236968815326690674e-02 6.089569069445133209e-03 3.593014925718307495e-02 1.194199081510305405e-02 2.031817100942134857e-03 1.398033052682876587e-01 1.081205625087022781e-02 6.860442459583282471e-02 4.945812374353408813e-02 3.484349697828292847e-02 4.912704229354858398e-02 1.274614967405796051e-02 1.980476081371307373e-02 2.610383033752441406e-01 3.105076216161251068e-02 6.448537111282348633e-02 1.440603472292423248e-02 7.248996943235397339e-02 1.120390892028808594e-01 3.626971691846847534e-02 2.028640732169151306e-02 4.703102167695760727e-03 7.115705311298370361e-02 2.719467505812644958e-03 2.452294342219829559e-02 3.197580575942993164e-02 1.831854879856109619e-02 1.736479550600051880e-01 5.901220813393592834e-02 1.836874336004257202e-01 3.508503735065460205e-02 2.109598740935325623e-02 2.539099939167499542e-02 3.070138208568096161e-02 4.324608296155929565e-02 2.478018403053283691e-02 6.883734464645385742e-02 2.682407759130001068e-02 2.472212351858615875e-02 3.767902404069900513e-02 7.743692491203546524e-03 4.430031031370162964e-02 4.193736612796783447e-02 1.936375908553600311e-02 1.508256644010543823e-01 7.104668766260147095e-02 3.403196856379508972e-02 4.813415557146072388e-02 1.545631606131792068e-02 5.021326988935470581e-02 3.200400993227958679e-02 4.328051954507827759e-02 3.356610238552093506e-02 2.877219207584857941e-02 4.638702142983675003e-03 6.275193765759468079e-03 4.340179148130118847e-04 4.080988466739654541e-02 1.570426672697067261e-02 6.258924305438995361e-02 2.996559441089630127e-02 6.723520159721374512e-02 6.342255510389804840e-03 2.828164957463741302e-02 3.028194047510623932e-02 2.872765809297561646e-02 1.420505810528993607e-02 7.427503168582916260e-02 4.476892203092575073e-02 4.586804658174514771e-03 2.254749089479446411e-02 1.543817762285470963e-02 2.648528292775154114e-02 2.235441282391548157e-02 4.196487367153167725e-03 4.233671352267265320e-02 1.360590290278196335e-02 2.929775603115558624e-02 5.785535648465156555e-02 1.093411073088645935e-02 1.391692552715539932e-02 8.806535974144935608e-03 1.158218085765838623e-02 5.537914484739303589e-02 2.276265434920787811e-02 1.885731518268585205e-02 5.400023981928825378e-02 3.963270783424377441e-02 9.620334953069686890e-02 8.539869636297225952e-02 2.854411117732524872e-02 3.081870637834072113e-02 4.885058104991912842e-02 2.202071622014045715e-02 3.771561756730079651e-02 3.087835386395454407e-02 8.679181337356567383e-03 1.199094019830226898e-02 1.279886718839406967e-02 1.662274450063705444e-02 3.599908947944641113e-02 1.880443841218948364e-02 3.013731725513935089e-02 3.297926858067512512e-02 6.219571921974420547e-03 1.814669929444789886e-02 2.873686701059341431e-02 2.819790272042155266e-03 3.378780931234359741e-02 2.681849896907806396e-02 2.542601153254508972e-02 3.257679566740989685e-02 6.551296450197696686e-03 7.170933298766613007e-03 1.158182229846715927e-02 3.046952374279499054e-02
1.301774680614471436e-01 1.253569722175598145e-01 5.853892862796783447e-02 2.779652364552021027e-02 3.990833833813667297e-02 8.731163293123245239e-02 8.752212673425674438e-02 6.671865936368703842e-03 3.825838863849639893e-02 2.241671271622180939e-02 1.380189955234527588e-01 1.980476081371307373e-02 3.686241060495376587e-02 2.132144942879676819e-02 8.113180100917816162e-02 4.089563712477684021e-02 2.466906234622001648e-02 1.058819424360990524e-02 1.782289333641529083e-02 2.607427351176738739e-02 5.733903497457504272e-02 2.463308908045291901e-02 1.031431090086698532e-02 9.463216178119182587e-03 7.966874167323112488e-03 4.148335754871368408e-02 2.271828800439834595e-02 1.374060637317597866e-03 1.304634753614664078e-02 3.718617139384150505e-03 2.880810014903545380e-02 4.648882523179054260e-02 8.157074451446533203e-03 3.404492884874343872e-02 9.821064770221710205e-03 3.907820954918861389e-02 2.007539384067058563e-02 4.427859932184219360e-02 9.550882503390312195e-03 7.237736880779266357e-02 8.164016157388687134e-02 1.669577788561582565e-03 4.526779055595397949e-02 1.814799569547176361e-02 3.322800621390342712e-02 3.568021580576896667e-02 4.747022688388824463e-02 4.424491897225379944e-02 3.012301400303840637e-02 2.773199230432510376e-02 1.431436650454998016e-02 2.714399434626102448e-02 6.287963595241308212e-03 4.354994744062423706e-02 1.802708394825458527e-02 4.267302528023719788e-02 2.591556683182716370e-02 1.090071257203817368e-02 4.217985272407531738e-02 4.597803950309753418e-02 3.920757398009300232e-02 2.974255196750164032e-02 2.112686820328235626e-02 2.429697848856449127e-02 3.790877759456634521e-02 7.690306007862091064e-02 5.284881917759776115e-04 2.279665879905223846e-02 7.329843938350677490e-02 2.728946041315793991e-03 2.874142490327358246e-02 4.481128416955471039e-04 1.642128452658653259e-03 1.991698704659938812e-02 1.221568323671817780e-02 5.358915310353040695e-03 5.919267609715461731e-02 1.616982556879520416e-02 1.423421874642372131e-02 1.847901265136897564e-03 3.813845338299870491e-03 2.397355437278747559e-02 1.527616009116172791e-02 9.725797921419143677e-03 1.192771736532449722e-02 4.428941756486892700e-02 3.656422719359397888e-02 7.856515794992446899e-02 1.221667695790529251e-02 2.007299847900867462e-02 7.444351911544799805e-03 2.608456648886203766e-03 9.366922313347458839e-04 3.591338917613029480e-02 3.310478106141090393e-02 6.608908530324697495e-03 3.078326955437660217e-02 1.692233793437480927e-02 1.745085814036428928e-03 1.064134179614484310e-03 1.897529140114784241e-02 8.777500625001266599e-06 2.052216604351997375e-02 1.149689499288797379e-02 1.791478134691715240e-02 5.982046201825141907e-02 8.836105465888977051e-03 1.085657422663643956e-04 4.161906242370605469e-02 3.059029206633567810e-02 3.184710815548896790e-02 4.267601668834686279e-02 2.999088913202285767e-02 1.833219639956951141e-02 5.594765022397041321e-02 2.212438918650150299e-02
