1.943696439266204834e-01 1.332506984472274780e-01 8.016197942197322845e-03 2.697304822504520416e-02 2.074225060641765594e-02 8.797329664230346680e-02 6.275447458028793335e-02 2.154044248163700104e-02 1.118513476103544235e-02 7.800971716642379761e-02 1.113086342811584473e-01 4.568175412714481354e-03 8.757261186838150024e-02 2.996560372412204742e-02 8.671190589666366577e-03 1.724969223141670227e-02 4.522486031055450439e-02 3.408407419919967651e-02 5.957771465182304382e-02 5.876268725842237473e-03 1.768705062568187714e-02 1.817481406033039093e-02 2.125149033963680267e-02 1.288576610386371613e-02 1.216233428567647934e-02 4.329884890466928482e-03 5.025227437727153301e-04 5.513193830847740173e-02 2.165233530104160309e-02 1.721449941396713257e-02 1.353514101356267929e-02 9.076366201043128967e-03 4.844507202506065369e-03 5.244383960962295532e-02 2.190755307674407959e-02 3.400164842605590820e-02 4.314963519573211670e-02 3.849974600598216057e-04 1.504564192146062851e-02 1.088368613272905350e-02 1.211761310696601868e-02 1.152918767184019089e-02 3.195576742291450500e-02 2.940678596496582031e-02 1.473320182412862778e-02 5.209065601229667664e-02 7.400305569171905518e-02 4.697299376130104065e-02 1.673567108809947968e-02 4.049565270543098450e-02 2.137993089854717255e-02 1.409845054149627686e-02 2.289490075781941414e-03 6.613735109567642212e-03 1.579152792692184448e-02 2.425533533096313477e-02 1.541864406317472458e-02 3.571619838476181030e-02 1.128158252686262131e-02 2.235014364123344421e-02 2.530910447239875793e-02 1.333276275545358658e-02 9.705324657261371613e-03 2.040719613432884216e-02 6.890415679663419724e-03 2.733578160405158997e-02 1.804106123745441437e-02 2.027256879955530167e-03 1.545185968279838562e-02 1.050545740872621536e-02 2.805056981742382050e-02 2.524633705615997314e-02 2.073750272393226624e-02 1.678227446973323822e-02 8.181887678802013397e-03 4.494600929319858551e-03 5.588252679444849491e-04 4.783706367015838623e-02 6.400800496339797974e-02 6.777799874544143677e-02 2.293681725859642029e-02 1.440271176397800446e-02 2.583828754723072052e-02 3.412418439984321594e-02 2.290909923613071442e-02 4.990857839584350586e-02 2.854913659393787384e-02 1.101551298052072525e-02 4.434971138834953308e-03 2.768964041024446487e-03 2.204904146492481232e-02 2.085074596107006073e-02 1.489668525755405426e-02 1.951120607554912567e-02 9.696640074253082275e-03 1.143252383917570114e-02 1.494385022670030594e-02 6.602574139833450317e-03 4.304422996938228607e-03 8.560563437640666962e-04 4.857743624597787857e-03 2.201170846819877625e-02 1.343263685703277588e-02 1.606001704931259155e-02 2.555346675217151642e-02 8.524036034941673279e-03 5.459067225456237793e-02 8.124211803078651428e-03 1.224651094526052475e-02 7.337834686040878296e-03 2.202366292476654053e-02 1.620413735508918762e-02 1.183506846427917480e-02 3.381139133125543594e-03 3.009785339236259460e-02 2.301574870944023132e-02
1.332506984472274780e-01 1.930588781833648682e-01 2.461342886090278625e-02 4.087868705391883850e-02 3.586404398083686829e-02 1.056653633713722229e-01 1.035615056753158569e-01 1.218767929822206497e-02 4.327520437072962523e-04 3.806391358375549316e-02 9.170815348625183105e-02 3.037577122449874878e-02 8.412063121795654297e-02 5.957702174782752991e-03 2.250568242743611336e-03 2.819801308214664459e-02 5.202573910355567932e-02 4.391381051391363144e-03 2.594684250652790070e-02 2.186253201216459274e-03 2.246543020009994507e-02 7.907647639513015747e-03 1.345278602093458176e-02 4.917483311146497726e-03 2.403699234127998352e-02 1.431677490472793579e-02 2.285051718354225159e-02 7.543225772678852081e-03 1.561657246202230453e-02 8.469698950648307800e-03 5.684226751327514648e-03 2.385945990681648254e-02 5.599764175713062286e-03 1.194540597498416901e-02 2.382362447679042816e-02 1.076214294880628586e-02 5.696404352784156799e-02 1.244678441435098648e-02 5.534843727946281433e-02 5.232180701568722725e-04 2.316252328455448151e-02 1.198698766529560089e-02 3.706150874495506287e-02 2.324753813445568085e-02 2.254150621592998505e-02 1.680915616452693939e-02 7.377322763204574585e-02 4.840499535202980042e-02 3.390501486137509346e-03 1.950300671160221100e-02 2.029911801218986511e-02 9.536205790936946869e-03 4.006668552756309509e-02 2.593805454671382904e-02 1.238345075398683548e-02 1.551766972988843918e-02 4.136595502495765686e-02 6.219846382737159729e-02 3.704030811786651611e-02 5.280598066747188568e-03 4.859767481684684753e-02 2.731477841734886169e-02 2.420360967516899109e-02 5.405101925134658813e-03 1.672782935202121735e-02 1.439666561782360077e-02 2.005954459309577942e-02 3.226358443498611450e-02 2.276286110281944275e-02 2.360810030950233340e-04 1.150903757661581039e-02 3.957207128405570984e-02 7.224997133016586304e-02 7.730151060968637466e-03 4.001182690262794495e-02 6.574299186468124390e-03 1.320660207420587540e-02 5.236432701349258423e-02 1.317012496292591095e-02 8.301802910864353180e-03 2.121905423700809479e-02 2.698807045817375183e-03 2.721738442778587341e-02 1.603601127862930298e-02 2.781719667837023735e-03 6.443476886488497257e-04 3.500010445713996887e-02 2.017768099904060364e-02 1.168265100568532944e-02 3.036888688802719116e-02 6.117826327681541443e-03 2.605390548706054688e-02 1.818611100316047668e-02 2.194700576364994049e-02 2.750585321336984634e-03 1.390567485941573977e-04 2.296450175344944000e-02 9.442863054573535919e-03 3.503890009596943855e-03 8.082350832410156727e-04 1.758183911442756653e-02 2.657086774706840515e-02 6.508868653327226639e-03 9.288486093282699585e-03 2.365393750369548798e-02 8.386978879570960999e-03 4.360873997211456299e-02 4.591801203787326813e-03 1.286227907985448837e-02 8.809998631477355957e-03 4.204950295388698578e-03 3.390944004058837891e-02 4.036391153931617737e-02 1.514282822608947754e-02 3.665746375918388367e-02 7.288824766874313354e-03
8.016197942197322845e-03 2.461342886090278625e-02 3.638899885118007660e-03 1.451330631971359253e-02 4.814348649233579636e-03 2.785970829427242279e-02 3.733653575181961060e-02 1.092877835035324097e-01 1.159855537116527557e-02 5.462966486811637878e-02 3.174343705177307129e-02 4.096380434930324554e-03 1.448326185345649719e-02 2.515233494341373444e-02 3.830953687429428101e-02 4.973910748958587646e-02 1.463526394218206406e-03 1.523242611438035965e-02 5.403122399002313614e-03 6.001005880534648895e-03 4.551042616367340088e-02 2.141423895955085754e-02 4.561372101306915283e-02 2.736241929233074188e-02 1.364843454211950302e-02 3.752062097191810608e-02 1.608900539577007294e-02 4.583874717354774475e-02 6.215026602149009705e-03 1.713943108916282654e-02 3.706244006752967834e-02 2.933071367442607880e-02 3.697040677070617676e-02 4.003175534307956696e-03 5.932177230715751648e-02 1.278772950172424316e-02 1.153695769608020782e-02 8.175728842616081238e-03 1.640172675251960754e-02 2.455391921103000641e-02 1.171204745769500732e-01 4.003891721367835999e-02 2.020409889519214630e-02 4.601424932479858398e-02 3.751752898097038269e-02 7.494890596717596054e-03 9.618526324629783630e-03 1.122011244297027588e-02 8.677268028259277344e-02 2.423074096441268921e-02 4.505965113639831543e-02 1.777812093496322632e-02 4.615199938416481018e-02 3.066094033420085907e-02 2.671276964247226715e-02 7.472136616706848145e-02 1.739074103534221649e-02 2.007668279111385345e-02 1.139081120491027832e-01 3.572062402963638306e-02 3.728428483009338379e-02 2.947067283093929291e-02 8.876572363078594208e-03 4.139376431703567505e-02 3.514416888356208801e-02 4.216311126947402954e-02 1.130490656942129135e-02 5.106254294514656067e-02 4.170506075024604797e-02 3.193668648600578308e-02 3.160689771175384521e-02 2.444345131516456604e-02 7.145882397890090942e-02 4.942648578435182571e-03 4.974413290619850159e-02 5.003250390291213989e-02 1.482155453413724899e-02 4.319729749113321304e-03 4.202298074960708618e-02 3.341045975685119629e-02 1.630924940109252930e-01 2.084892801940441132e-02 2.387668006122112274e-02 4.583121091127395630e-02 2.636707015335559845e-02 2.002521231770515442e-02 4.247230291366577148e-02 2.539962716400623322e-02 5.941913276910781860e-02 3.539789468050003052e-02 4.142574593424797058e-02 1.529782824218273163e-02 2.079254481941461563e-04 4.156327620148658752e-02 9.842142462730407715e-02 9.911282919347286224e-03 3.800701722502708435e-02 2.335841953754425049e-02 4.108539968729019165e-02 4.186597466468811035e-02 1.905836164951324463e-02 5.189979448914527893e-03 1.094915531575679779e-02 6.747651100158691406e-02 8.403134346008300781e-02 3.853343427181243896e-02 5.005374923348426819e-02 8.008939027786254883e-02 3.411499410867691040e-02 3.402650356292724609e-02 4.952910169959068298e-02 6.171361356973648071e-02 4.379351064562797546e-02 4.270190373063087463e-02 5.615188740193843842e-03 4.724822565913200378e-02
2.697304822504520416e-02 4.087868705391883850e-02 1.451330631971359253e-02 1.392759531736373901e-01 3.119594752788543701e-01 4.127536341547966003e-02 4.977408796548843384e-02 2.282602712512016296e-02 8.561260998249053955e-03 2.019266970455646515e-02 5.455820634961128235e-02 2.146230638027191162e-02 2.642662450671195984e-02 4.643693566322326660e-02 4.149480909109115601e-02 3.281973302364349365e-02 4.916479438543319702e-02 5.648540705442428589e-02 5.754012614488601685e-02 1.801399281248450279e-03 2.838746458292007446e-02 4.447068646550178528e-02 1.945951394736766815e-02 4.015223309397697449e-02 4.104359820485115051e-02 7.206526398658752441e-02 1.085002440959215164e-02 7.807521149516105652e-03 5.887744948267936707e-02 3.969522938132286072e-02 2.555331587791442871e-02 4.077008459717035294e-03 5.727718025445938110e-02 2.966722287237644196e-02 3.996983543038368225e-02 6.675536744296550751e-03 4.960796236991882324e-02 3.542444482445716858e-02 2.081748843193054199e-01 4.875522106885910034e-02 8.098197169601917267e-03 1.858939416706562042e-02 4.076246917247772217e-02 4.691534116864204407e-02 3.510328009724617004e-02 2.398073300719261169e-02 2.546344697475433350e-02 4.584365338087081909e-02 9.671615064144134521e-02 8.422200381755828857e-02 3.955359756946563721e-02 4.520934075117111206e-02 4.967768117785453796e-02 4.777666181325912476e-02 8.953475207090377808e-02 7.408595085144042969e-02 3.452204912900924683e-02 5.702109634876251221e-02 4.147613793611526489e-02 4.102385602891445160e-03 4.032260552048683167e-02 5.053194705396890640e-03 6.140930578112602234e-02 6.475132703781127930e-02 4.872209392488002777e-03 8.054214529693126678e-03 1.012291535735130310e-01 4.608711227774620056e-02 1.862584054470062256e-02 1.606182381510734558e-02 1.028035487979650497e-02 1.942075043916702271e-02 2.006547302007675171e-01 3.328217566013336182e-02 1.121805608272552490e-01 3.015230223536491394e-02 1.097453907132148743e-01 6.367982178926467896e-02 1.974705047905445099e-02 8.756998926401138306e-03 1.738987304270267487e-02 4.486897215247154236e-02 1.382931768894195557e-01 2.284127660095691681e-02 5.322334542870521545e-02 2.131257578730583191e-02 1.173996739089488983e-02 1.065971981734037399e-02 4.448864981532096863e-02 3.140721004456281662e-03 2.059493958950042725e-02 1.980858296155929565e-02 3.992716968059539795e-02 3.648656979203224182e-02 2.797768823802471161e-02 5.710508301854133606e-02 2.185812685638666153e-03 5.567331612110137939e-02 3.516682609915733337e-02 2.945250645279884338e-02 1.295113004744052887e-02 5.660395696759223938e-02 1.367759518325328827e-02 5.493180826306343079e-03 7.915409514680504799e-04 9.246301651000976562e-02 5.501244217157363892e-02 6.062452122569084167e-02 5.837880889885127544e-04 3.592296503484249115e-03 5.338158924132585526e-03 1.920669898390769958e-02 2.397062629461288452e-02 7.670069462619721889e-04 6.700164079666137695e-02 5.744525790214538574e-02
2.074225060641765594e-02 3.586404398083686829e-02 4.814348649233579636e-03 3.119594752788543701e-01 1.456133425235748291e-01 4.696126095950603485e-03 2.217882312834262848e-02 2.585386298596858978e-02 1.046999078243970871e-02 2.417237497866153717e-02 1.547977607697248459e-02 5.562976002693176270e-04 6.459488999098539352e-03 6.817881762981414795e-02 1.794670359231531620e-03 7.681847084313631058e-03 3.185970708727836609e-02 2.460809238255023956e-02 4.226913303136825562e-02 1.904739812016487122e-02 3.036331571638584137e-02 3.636709228157997131e-02 1.249248813837766647e-02 4.932348057627677917e-02 2.123836427927017212e-02 3.535222262144088745e-02 1.115666143596172333e-02 4.704888537526130676e-02 2.591853775084018707e-02 9.481639601290225983e-03 2.582873776555061340e-02 3.297841548919677734e-02 3.618558123707771301e-02 4.320966079831123352e-02 5.363122746348381042e-02 2.698269858956336975e-02 3.225607052445411682e-02 6.262139067985117435e-04 2.031860798597335815e-01 1.371825486421585083e-01 2.937921509146690369e-02 4.335119202733039856e-02 3.688467293977737427e-02 3.114592097699642181e-02 3.840358112938702106e-04 1.149181742221117020e-02 5.233929306268692017e-02 1.947592012584209442e-02 4.635254153981804848e-04 2.649770677089691162e-02 3.549090772867202759e-02 1.937296800315380096e-02 2.729411236941814423e-02 6.664814054965972900e-02 4.473667964339256287e-02 3.370846435427665710e-02 1.241073198616504669e-02 1.723766885697841644e-02 5.147862806916236877e-02 8.292020298540592194e-03 3.821967402473092079e-03 6.616621464490890503e-02 1.486725267022848129e-02 2.948545292019844055e-02 3.100991435348987579e-02 1.584420725703239441e-02 7.918328046798706055e-02 5.090599879622459412e-02 1.667852886021137238e-02 1.029884163290262222e-02 3.219100087881088257e-02 4.124087840318679810e-02 1.445066034793853760e-01 1.159693580120801926e-02 1.120935305953025818e-01 1.664426364004611969e-02 1.409286353737115860e-02 1.024258229881525040e-02 4.875990003347396851e-02 3.059533610939979553e-02 4.077429417520761490e-03 1.839346438646316528e-02 8.515759557485580444e-02 1.545278131961822510e-01 3.615894541144371033e-02 3.230636566877365112e-02 2.767142467200756073e-02 5.032404512166976929e-02 1.794816739857196808e-02 5.321552604436874390e-02 4.603758081793785095e-02 3.717018291354179382e-02 3.483042120933532715e-02 2.130436524748802185e-02 5.224498361349105835e-02 2.432800643146038055e-02 2.866803482174873352e-02 1.005141064524650574e-03 1.219801045954227448e-02 4.580511525273323059e-02 1.494187209755182266e-02 3.508699312806129456e-02 6.038854643702507019e-02 4.655609279870986938e-02 1.862458698451519012e-02 7.809697091579437256e-02 4.790604487061500549e-02 1.452040076255798340e-01 5.736671388149261475e-02 5.105279386043548584e-02 1.515026204288005829e-02 4.168462753295898438e-02 4.413159564137458801e-02 2.266781032085418701e-02 1.348861604928970337e-01 2.548203244805335999e-02
8.797329664230346680e-02 1.056653633713722229e-01 2.785970829427242279e-02 4.127536341547966003e-02 4.696126095950603485e-03 1.579358130693435669e-01 1.876979172229766846e-01 6.170863751322031021e-03 3.332425653934478760e-02 1.410371065139770508e-02 1.474223844707012177e-02 3.698879852890968323e-02 4.440558329224586487e-02 2.303237095475196838e-02 1.062926929444074631e-02 2.931059338152408600e-03 4.928326979279518127e-02 1.818496733903884888e-02 1.463314294815063477e-01 3.317720443010330200e-02 3.180380910634994507e-02 2.226937003433704376e-02 5.274678766727447510e-02 3.135799616575241089e-02 5.931307561695575714e-03 1.773871108889579773e-02 2.556040184572339058e-03 2.246667072176933289e-02 3.789331018924713135e-02 5.077332258224487305e-02 4.918020591139793396e-02 1.254042424261569977e-02 5.650502815842628479e-02 5.272911861538887024e-03 4.304579272866249084e-02 1.237228792160749435e-02 6.356680393218994141e-02 1.199660077691078186e-02 6.432593800127506256e-03 1.796573214232921600e-02 1.282086782157421112e-02 2.810957282781600952e-02 3.073924779891967773e-02 5.967230349779129028e-02 1.165935024619102478e-02 1.646960340440273285e-02 1.117111146450042725e-01 8.463046699762344360e-02 6.751552689820528030e-03 2.791064558550715446e-03 4.907704889774322510e-03 5.285425577312707901e-03 2.224076911807060242e-02 5.073418375104665756e-03 2.345908805727958679e-02 5.433050915598869324e-03 2.328372374176979065e-02 5.060540139675140381e-02 6.932605057954788208e-03 5.948882922530174255e-02 3.591817244887351990e-02 3.862979821860790253e-03 1.480634789913892746e-02 1.727434247732162476e-02 1.453873608261346817e-02 2.278679050505161285e-02 1.794287003576755524e-02 5.440149456262588501e-03 1.345604751259088516e-02 4.301541484892368317e-03 1.910313032567501068e-02 1.473131310194730759e-02 5.340726580470800400e-03 2.043897658586502075e-02 2.011910080909729004e-03 1.361457817256450653e-02 2.466575615108013153e-02 3.422100469470024109e-02 1.712629385292530060e-02 3.548792004585266113e-02 1.350546837784349918e-03 3.115581162273883820e-02 4.618649836629629135e-03 5.374311283230781555e-02 7.378845475614070892e-03 1.120758056640625000e-02 1.816624589264392853e-02 1.137479301542043686e-02 4.449380096048116684e-03 2.276398055255413055e-02 1.502795238047838211e-02 3.821435151621699333e-03 3.045190125703811646e-02 1.898377668112516403e-03 5.950891878455877304e-03 3.610764397308230400e-03 5.129269137978553772e-02 7.259435951709747314e-03 3.114003874361515045e-02 1.723123341798782349e-02 1.394768711179494858e-02 1.126601547002792358e-02 1.998653449118137360e-02 1.486228406429290771e-02 3.067708760499954224e-02 3.888821974396705627e-02 5.025427415966987610e-02 7.073452230542898178e-03 7.043407298624515533e-03 4.110783711075782776e-02 3.406390547752380371e-02 2.680000104010105133e-02 6.239170208573341370e-03 2.031823247671127319e-02 1.176155824214220047e-02 1.966990903019905090e-02
6.275447458028793335e-02 1.035615056753158569e-01 3.733653575181961060e-02 4.977408796548843384e-02 2.217882312834262848e-02 1.876979172229766846e-01 1.755775064229965210e-01 1.144857425242662430e-02 3.099046833813190460e-02 2.842777874320745468e-03 2.311328798532485962e-02 2.729542925953865051e-02 4.850804805755615234e-02 3.282406553626060486e-02 2.074371790513396263e-03 5.562863126397132874e-02 6.949707865715026855e-02 3.194358944892883301e-02 1.053284332156181335e-01 9.497488848865032196e-03 3.927698731422424316e-02 3.522296249866485596e-02 7.960344664752483368e-03 2.697215974330902100e-02 1.865335181355476379e-02 1.881693862378597260e-02 1.124870777130126953e-02 1.058757677674293518e-02 5.425637587904930115e-02 2.969110198318958282e-02 6.905659288167953491e-02 6.875795312225818634e-03 2.194519527256488800e-02 2.274701371788978577e-02 1.035828143358230591e-02 1.139259058982133865e-02 5.070818960666656494e-02 2.173967473208904266e-02 3.352442011237144470e-02 2.452521026134490967e-02 2.551181986927986145e-02 4.205183126032352448e-03 2.449646219611167908e-02 3.158044815063476562e-02 1.052725035697221756e-02 1.967921108007431030e-02 1.294912397861480713e-01 1.123290508985519409e-01 2.611684426665306091e-02 3.855960816144943237e-02 1.739190705120563507e-02 1.449547242373228073e-02 2.179564535617828369e-02 1.728493161499500275e-02 1.327188126742839813e-02 3.041664138436317444e-02 7.658083457499742508e-03 1.455581001937389374e-02 4.176859185099601746e-02 2.336814254522323608e-02 6.214886531233787537e-02 4.875198006629943848e-02 3.137896209955215454e-02 2.621802967041730881e-03 3.068228811025619507e-02 7.947273552417755127e-03 1.650303602218627930e-02 3.761844243854284286e-03 1.273336447775363922e-02 1.811022171750664711e-03 3.666432108730077744e-03 2.341698296368122101e-02 6.271067261695861816e-02 2.969662658870220184e-02 6.124475225806236267e-02 1.027993764728307724e-02 5.560101126320660114e-04 1.260024867951869965e-02 3.862230107188224792e-02 4.063431918621063232e-02 1.528180320747196674e-03 8.482685312628746033e-03 3.315088152885437012e-02 6.156995892524719238e-02 8.054865524172782898e-03 6.358192861080169678e-02 2.027023769915103912e-02 3.123394679278135300e-03 2.580440416932106018e-02 4.032586514949798584e-02 4.112565517425537109e-02 2.253175247460603714e-03 3.476420417428016663e-02 6.770380772650241852e-03 9.876866824924945831e-03 1.715722866356372833e-02 4.038181900978088379e-02 1.613821019418537617e-03 3.042623959481716156e-02 3.671361505985260010e-02 1.636263541877269745e-02 2.950920164585113525e-02 1.884341612458229065e-02 2.585945092141628265e-02 1.102363318204879761e-02 3.983448073267936707e-02 2.272520959377288818e-02 2.663618698716163635e-02 2.336882986128330231e-02 2.096093259751796722e-02 4.129336029291152954e-02 2.006935887038707733e-02 1.147705595940351486e-02 4.999647848308086395e-03 4.438514262437820435e-02 4.067406058311462402e-02
2.154044248163700104e-02 1.218767929822206497e-02 1.092877835035324097e-01 2.282602712512016296e-02 2.585386298596858978e-02 6.170863751322031021e-03 1.144857425242662430e-02 2.311489358544349670e-02 1.333479024469852448e-02 3.366212360560894012e-03 2.985476283356547356e-03 8.150142617523670197e-03 1.421558018773794174e-02 1.724317669868469238e-02 6.061990559101104736e-02 4.522406030446290970e-03 2.450821688398718834e-03 1.039410755038261414e-01 8.138906210660934448e-03 1.517770346254110336e-02 6.688138097524642944e-02 3.320844471454620361e-02 3.302567452192306519e-02 3.620238602161407471e-02 6.467806547880172729e-02 4.315505735576152802e-03 3.326595574617385864e-02 5.926713347434997559e-03 4.933879524469375610e-02 2.739738486707210541e-02 1.833931729197502136e-02 1.912607997655868530e-02 4.348668828606605530e-02 2.023605629801750183e-03 2.480632811784744263e-02 3.132501617074012756e-02 1.049836748279631138e-03 1.195620466023683548e-02 2.948656305670738220e-02 9.039796888828277588e-03 9.630421176552772522e-03 4.910122603178024292e-03 3.297698276583105326e-04 3.632557392120361328e-02 6.231570988893508911e-02 6.252988427877426147e-02 2.988271228969097137e-02 9.923856705427169800e-03 1.055686734616756439e-02 2.664401195943355560e-02 1.408713310956954956e-02 2.821903862059116364e-02 5.722184106707572937e-02 9.231502917828038335e-05 1.800491288304328918e-02 5.521149933338165283e-02 5.478353705257177353e-03 2.872318215668201447e-02 2.978591248393058777e-03 3.512519598007202148e-02 2.458840049803256989e-02 3.239709883928298950e-02 1.093721296638250351e-02 1.843989267945289612e-02 2.578305825591087341e-02 1.084709353744983673e-02 2.480787225067615509e-02 3.939367830753326416e-02 2.137362398207187653e-02 1.311743253609165549e-04 4.237323999404907227e-02 1.312442030757665634e-02 4.747101664543151855e-02 5.666978657245635986e-02 1.007110401988029480e-01 8.213785476982593536e-03 4.329420253634452820e-02 1.006746385246515274e-02 3.169076144695281982e-02 1.156090348958969116e-01 1.039483100175857544e-01 1.916862130165100098e-01 2.308102138340473175e-02 4.817812889814376831e-02 6.539805326610803604e-03 4.576095566153526306e-02 1.230158507823944092e-01 9.712528437376022339e-02 4.082800447940826416e-02 4.253068938851356506e-02 4.613390564918518066e-02 2.198977163061499596e-03 3.187837824225425720e-02 7.590003777295351028e-03 4.102662578225135803e-02 2.080664969980716705e-02 5.938915535807609558e-02 1.259376667439937592e-02 2.889158949255943298e-02 1.606528833508491516e-02 3.030725009739398956e-02 3.473703190684318542e-02 4.289774224162101746e-02 6.917637772858142853e-03 6.154854223132133484e-02 4.664874449372291565e-02 8.566949516534805298e-03 4.273795057088136673e-03 1.857173070311546326e-02 5.742124281823635101e-03 3.723935782909393311e-02 5.025536753237247467e-03 5.283369123935699463e-02 5.475570634007453918e-02 1.974561437964439392e-02 2.417284436523914337e-02
1.118513476103544235e-02 4.327520437072962523e-04 1.159855537116527557e-02 8.561260998249053955e-03 1.046999078243970871e-02 3.332425653934478760e-02 3.099046833813190460e-02 1.333479024469852448e-02 1.030480638146400452e-01 7.691708952188491821e-02 1.408540527336299419e-03 5.490884557366371155e-02 2.223834954202175140e-02 2.625851519405841827e-02 3.266389667987823486e-02 3.852336853742599487e-02 5.121635273098945618e-02 2.278429269790649414e-02 9.765082970261573792e-03 2.816708199679851532e-02 1.155360415577888489e-02 1.705491100437939167e-03 5.523581430315971375e-02 6.547516584396362305e-02 7.732336875051259995e-03 1.339463423937559128e-02 9.652511216700077057e-03 2.636997960507869720e-02 1.158628705888986588e-02 2.998402900993824005e-02 4.245048388838768005e-02 1.053224969655275345e-02 8.013634942471981049e-03 3.873465582728385925e-02 1.181822828948497772e-02 2.961109392344951630e-02 3.595559392124414444e-03 5.126163829118013382e-03 6.441769190132617950e-03 2.640741504728794098e-02 2.903842367231845856e-03 7.366804033517837524e-02 4.124265164136886597e-02 1.826985925436019897e-02 5.223141238093376160e-02 4.194860346615314484e-03 3.071565553545951843e-02 2.037603221833705902e-02 2.855419181287288666e-03 2.306680567562580109e-02 2.209974918514490128e-03 2.247440628707408905e-02 1.273871399462223053e-02 2.566318400204181671e-02 2.830877341330051422e-02 9.701344370841979980e-02 2.566452883183956146e-02 5.390956252813339233e-02 3.074055165052413940e-02 1.979018934071063995e-02 3.291609883308410645e-02 1.831726543605327606e-02 1.149448379874229431e-02 2.031602337956428528e-02 1.035903766751289368e-02 2.021135017275810242e-02 7.140915840864181519e-02 3.295728564262390137e-02 7.700747251510620117e-02 2.082822658121585846e-02 5.296520516276359558e-02 1.541463471949100494e-02 7.286415435373783112e-03 3.570106998085975647e-02 2.187019027769565582e-02 1.258452422916889191e-02 9.409908205270767212e-02 7.097189128398895264e-02 6.587158143520355225e-02 3.920400142669677734e-02 3.520234674215316772e-02 1.836042501963675022e-03 2.595122903585433960e-02 3.391220048069953918e-02 2.959983795881271362e-02 2.606966998428106308e-03 2.500331960618495941e-02 2.748837880790233612e-02 1.189902052283287048e-02 1.075838040560483932e-02 4.704804625362157822e-03 6.579682230949401855e-03 3.526708111166954041e-02 2.064902149140834808e-02 2.071399614214897156e-02 2.329269237816333771e-02 1.296465657651424408e-02 4.735592752695083618e-02 4.952469840645790100e-02 4.690902307629585266e-02 3.486760193482041359e-03 6.418281700462102890e-03 6.942113861441612244e-03 2.844477817416191101e-02 1.148193143308162689e-02 1.688967831432819366e-02 1.549575757235288620e-02 2.747752936556935310e-03 2.476081997156143188e-02 1.790643855929374695e-02 7.656587287783622742e-03 2.241635322570800781e-02 2.715462632477283478e-02 9.777861647307872772e-03 8.053837344050407410e-03 1.422990951687097549e-02
7.800971716642379761e-02 3.806391358375549316e-02 5.462966486811637878e-02 2.019266970455646515e-02 2.417237497866153717e-02 1.410371065139770508e-02 2.842777874320745468e-03 3.366212360560894012e-03 7.691708952188491821e-02 9.990461915731430054e-02 1.644196920096874237e-02 1.873592846095561981e-02 1.068487204611301422e-02 5.007962509989738464e-02 1.354272663593292236e-02 3.613870218396186829e-02 7.982321083545684814e-02 2.796727046370506287e-02 1.565216034650802612e-01 1.387280598282814026e-02 1.643350720405578613e-02 1.648466289043426514e-02 6.862467154860496521e-03 6.760320067405700684e-02 2.098651789128780365e-02 3.124545887112617493e-02 1.350429840385913849e-02 6.775408238172531128e-02 9.425057098269462585e-03 2.015117555856704712e-02 3.897568676620721817e-03 9.851359762251377106e-03 5.570591613650321960e-02 2.963431878015398979e-03 5.325240548700094223e-03 1.990378648042678833e-02 4.492431133985519409e-02 1.651730015873908997e-02 8.906182833015918732e-03 4.489787667989730835e-02 3.036026284098625183e-02 2.699878998100757599e-02 1.504506915807723999e-02 7.057215087115764618e-03 4.034262523055076599e-02 4.532428458333015442e-02 6.752865016460418701e-02 1.027353852987289429e-02 4.344131797552108765e-02 5.416126549243927002e-02 1.141350064426660538e-02 2.606926299631595612e-02 3.510425239801406860e-02 2.406546473503112793e-02 1.967318542301654816e-02 3.305089473724365234e-02 1.543625164777040482e-02 5.192809179425239563e-02 3.269796073436737061e-02 3.635911643505096436e-02 2.162876306101679802e-03 2.005783468484878540e-02 2.593329874798655510e-03 1.327041070908308029e-02 7.957831956446170807e-03 5.421311128884553909e-03 1.244901865720748901e-02 8.118848199956119061e-04 2.491781488060951233e-02 3.496664389967918396e-02 4.134053736925125122e-02 1.875771023333072662e-02 5.265203863382339478e-02 9.586855769157409668e-03 3.316578688099980354e-03 1.517923641949892044e-02 5.718525964766740799e-03 9.805753827095031738e-02 6.177956238389015198e-02 1.778545379638671875e-01 3.839343413710594177e-02 1.822674088180065155e-02 5.282542109489440918e-02 4.460322484374046326e-02 3.440397605299949646e-02 9.046097099781036377e-02 1.485448982566595078e-02 1.377674378454685211e-02 6.562903523445129395e-02 1.505562569946050644e-02 1.289647072553634644e-02 2.852041507139801979e-03 3.382984921336174011e-02 2.762984298169612885e-02 1.088251546025276184e-02 7.578572630882263184e-02 5.279472097754478455e-03 1.705944351851940155e-02 1.979643106460571289e-02 1.696894876658916473e-02 7.798405364155769348e-03 4.686884116381406784e-03 3.405810147523880005e-02 1.643063500523567200e-02 4.107427783310413361e-03 4.107781127095222473e-02 1.333688292652368546e-02 1.990401651710271835e-03 3.581961616873741150e-02 9.415136883035302162e-04 1.310588326305150986e-02 3.610121784731745720e-03 8.230968564748764038e-02 1.847777166403830051e-03 1.466022711247205734e-02 8.905641734600067139e-03
1.113086342811584473e-01 9.170815348625183105e-02 3.174343705177307129e-02 5.455820634961128235e-02 1.547977607697248459e-02 1.474223844707012177e-02 2.311328798532485962e-02 2.985476283356547356e-03 1.408540527336299419e-03 1.644196920096874237e-02 1.581479310989379883e-01 3.650283440947532654e-02 9.400790929794311523e-02 2.368508838117122650e-02 3.168104216456413269e-02 3.434752579778432846e-03 1.425156602635979652e-03 3.775100782513618469e-02 3.537005931138992310e-02 5.612774938344955444e-02 6.892651319503784180e-03 5.069390311837196350e-02 2.965724468231201172e-02 5.631788168102502823e-03 3.061596304178237915e-02 7.703544571995735168e-03 4.164722282439470291e-03 3.203583881258964539e-02 5.348040536046028137e-02 4.833092913031578064e-03 2.166931331157684326e-02 4.055786132812500000e-02 1.754343393258750439e-03 2.295877784490585327e-02 1.289356686174869537e-02 2.414643764495849609e-02 1.403085235506296158e-02 6.806468009017407894e-04 1.034347247332334518e-02 2.907507494091987610e-02 2.269799076020717621e-02 4.920812789350748062e-03 1.454394776374101639e-02 2.113759331405162811e-02 2.264570072293281555e-02 1.740458607673645020e-02 3.869840502738952637e-02 1.513579022139310837e-02 7.445064373314380646e-03 1.337141823023557663e-02 1.938284374773502350e-02 1.174651901237666607e-03 1.065304316580295563e-02 4.477939382195472717e-02 1.185596641153097153e-02 1.815917901694774628e-02 2.750822156667709351e-02 3.982760384678840637e-02 6.346104666590690613e-03 3.430359996855258942e-03 2.006523311138153076e-02 2.546184509992599487e-02 2.375861071050167084e-02 2.693721093237400055e-02 3.328810259699821472e-02 4.103060439229011536e-02 3.332398831844329834e-02 5.051156133413314819e-02 6.822939962148666382e-03 2.903662249445915222e-02 2.043526619672775269e-02 3.499350696802139282e-02 1.889471337199211121e-02 1.965642673894762993e-03 3.473658859729766846e-02 2.785183489322662354e-02 9.350602515041828156e-03 2.995807863771915436e-02 2.969781868159770966e-03 1.722563616931438446e-02 5.794010311365127563e-02 8.104935288429260254e-03 2.707315981388092041e-02 3.518463671207427979e-02 7.104510441422462463e-03 1.274220645427703857e-03 3.323662281036376953e-02 1.777331158518791199e-02 1.762307435274124146e-02 1.119329966604709625e-02 1.158165163360536098e-03 6.255327165126800537e-02 1.330210920423269272e-02 3.918681666254997253e-02 3.726328536868095398e-02 1.709672156721353531e-03 5.635414272546768188e-04 1.203501131385564804e-03 1.233454328030347824e-02 7.958553731441497803e-03 3.706635534763336182e-02 4.578996915370225906e-03 1.398585177958011627e-02 1.925359712913632393e-03 2.822740375995635986e-02 3.408220410346984863e-02 2.469293028116226196e-02 3.115714155137538910e-02 1.454932801425457001e-02 2.012087963521480560e-02 1.113068778067827225e-02 2.184163779020309448e-02 2.323600277304649353e-02 2.415876602753996849e-03 2.399889193475246429e-02 1.871287450194358826e-02
4.568175412714481354e-03 3.037577122449874878e-02 4.096380434930324554e-03 2.146230638027191162e-02 5.562976002693176270e-04 3.698879852890968323e-02 2.729542925953865051e-02 8.150142617523670197e-03 5.490884557366371155e-02 1.873592846095561981e-02 3.650283440947532654e-02 1.079278290271759033e-01 1.121037453413009644e-02 1.885630041360855103e-01 3.570208325982093811e-02 2.745630592107772827e-02 3.304737852886319160e-03 4.780253022909164429e-02 2.420343086123466492e-02 3.612721338868141174e-02 2.246825210750102997e-02 2.045588567852973938e-02 1.037195697426795959e-01 9.603719413280487061e-02 3.250205516815185547e-02 1.696419529616832733e-02 2.311109099537134171e-03 1.451257616281509399e-01 4.421035293489694595e-03 1.613028645515441895e-01 1.423778757452964783e-02 2.213153988122940063e-02 1.495082303881645203e-02 2.230545273050665855e-03 2.631217427551746368e-02 2.651086263358592987e-02 5.272421985864639282e-03 2.579904347658157349e-02 9.456979110836982727e-03 1.928426325321197510e-02 1.033997908234596252e-02 5.712483543902635574e-03 3.892990201711654663e-02 1.056796591728925705e-02 1.329863220453262329e-01 8.803622424602508545e-02 5.557784810662269592e-02 5.973326042294502258e-03 3.662938252091407776e-02 1.802752725780010223e-02 2.096819318830966949e-02 7.131606340408325195e-02 3.903698176145553589e-02 1.831822097301483154e-02 7.058791071176528931e-02 5.742182210087776184e-02 3.063320927321910858e-02 2.807314135134220123e-02 8.348390460014343262e-03 3.333581611514091492e-03 1.232753624208271503e-03 6.052282080054283142e-02 3.675467520952224731e-02 1.474134344607591629e-02 3.156268969178199768e-02 2.421574853360652924e-02 4.794159394805319607e-05 2.567755617201328278e-02 7.621372491121292114e-02 2.657741494476795197e-02 6.396509706974029541e-03 5.401514004915952682e-03 1.704118028283119202e-02 1.715685613453388214e-02 1.424039527773857117e-02 8.446610532701015472e-03 3.656052798032760620e-02 1.074134651571512222e-02 6.759735196828842163e-02 2.221155911684036255e-02 8.620869368314743042e-03 3.042475087568163872e-03 2.375100506469607353e-03 1.019213348627090454e-02 1.132995635271072388e-02 3.080702386796474457e-02 2.544154785573482513e-02 1.109644956886768341e-02 1.073357909917831421e-01 1.343964189291000366e-01 4.279803112149238586e-02 3.252776712179183960e-02 4.244364053010940552e-02 6.621587672270834446e-04 1.454735826700925827e-02 2.561224997043609619e-02 3.359941020607948303e-02 2.109246328473091125e-02 2.909045666456222534e-02 6.913324445486068726e-02 5.093414336442947388e-03 5.164325237274169922e-02 1.788649149239063263e-02 7.801254279911518097e-03 1.282967533916234970e-02 2.005570381879806519e-02 1.507227122783660889e-02 2.022399008274078369e-02 8.701220154762268066e-02 2.070681378245353699e-02 2.595125883817672729e-02 1.396385487169027328e-02 5.866621807217597961e-02 4.012482985854148865e-02 2.891032211482524872e-02 3.001349419355392456e-02
8.757261186838150024e-02 8.412063121795654297e-02 1.448326185345649719e-02 2.642662450671195984e-02 6.459488999098539352e-03 4.440558329224586487e-02 4.850804805755615234e-02 1.421558018773794174e-02 2.223834954202175140e-02 1.068487204611301422e-02 9.400790929794311523e-02 1.121037453413009644e-02 1.915627270936965942e-01 1.178873135359026492e-04 2.073259465396404266e-02 2.255011908710002899e-02 2.097700349986553192e-02 2.196780592203140259e-02 5.628847517073154449e-03 3.333045914769172668e-02 2.327681519091129303e-02 4.064681008458137512e-02 4.608296975493431091e-02 2.721500024199485779e-02 2.300395071506500244e-02 2.604436688125133514e-02 1.805509813129901886e-02 3.701520711183547974e-02 3.969224914908409119e-02 1.478551886975765228e-02 5.778378620743751526e-02 2.284994721412658691e-02 9.553548879921436310e-03 1.078448351472616196e-02 3.008089959621429443e-02 3.117686882615089417e-02 8.571736514568328857e-03 3.053904278203845024e-03 2.087163366377353668e-02 9.033209644258022308e-03 4.831640049815177917e-03 9.026133455336093903e-03 2.295722253620624542e-02 8.142963051795959473e-03 2.699525654315948486e-02 8.103097788989543915e-03 4.532564431428909302e-02 3.916630893945693970e-02 3.692194819450378418e-03 1.646316796541213989e-02 1.151513215154409409e-02 3.770177427213639021e-04 3.055592626333236694e-02 2.658837288618087769e-02 4.823407158255577087e-03 9.599565528333187103e-03 1.507367473095655441e-02 5.745936650782823563e-03 1.235268358141183853e-02 7.404563482850790024e-03 1.111224573105573654e-02 7.718657143414020538e-03 1.543341204524040222e-02 2.317450707778334618e-03 2.992695197463035583e-02 3.981103003025054932e-02 3.007412515580654144e-02 3.485567122697830200e-02 1.398084964603185654e-02 3.321954282000660896e-03 2.912546508014202118e-02 2.613170444965362549e-02 1.118794735521078110e-02 3.707793541252613068e-03 1.327417511492967606e-02 2.017583511769771576e-02 1.882675290107727051e-02 2.469259314239025116e-02 2.286051958799362183e-02 1.428116485476493835e-02 2.855288796126842499e-02 2.100997045636177063e-02 3.015767037868499756e-02 5.886382423341274261e-03 1.328706368803977966e-02 5.274287424981594086e-03 2.197565510869026184e-03 2.134285680949687958e-02 2.110809274017810822e-02 6.395413540303707123e-03 3.086610883474349976e-02 3.208012506365776062e-02 3.363323211669921875e-02 3.552761301398277283e-02 3.377984836697578430e-02 1.282995939254760742e-02 1.571110077202320099e-02 6.665790919214487076e-03 1.350571867078542709e-02 3.119666595011949539e-03 2.283956157043576241e-03 1.478405203670263290e-03 9.381936863064765930e-03 4.088139161467552185e-03 2.682545036077499390e-02 8.838850073516368866e-03 5.431661009788513184e-02 2.964344620704650879e-02 2.276288811117410660e-03 1.939287595450878143e-02 2.445503370836377144e-03 2.826185896992683411e-03 3.667166084051132202e-02 1.417937036603689194e-02 1.121835876256227493e-02 4.630397632718086243e-02
