6.097841262817382812e-02 1.567958891391754150e-01 3.152170404791831970e-02 7.366076856851577759e-02 1.840052381157875061e-02 9.318542480468750000e-02 8.997419476509094238e-02 3.587087243795394897e-02 1.266126148402690887e-02 2.318416535854339600e-02 6.486507505178451538e-02 6.986509263515472412e-02 6.135472655296325684e-02 1.005746889859437943e-02 7.893959060311317444e-03 1.318027526140213013e-01 5.503530614078044891e-03 2.419351041316986084e-02 5.773986876010894775e-02 4.253650829195976257e-02 1.053298078477382660e-02 1.540267374366521835e-02 4.774690791964530945e-02 3.614243119955062866e-02 3.584589064121246338e-02 4.808417987078428268e-03 7.929780986160039902e-04 2.309385128319263458e-02 8.603870868682861328e-03 1.659181155264377594e-02 1.910700276494026184e-02 1.786383055150508881e-02 2.788921818137168884e-02 2.383294329047203064e-02 1.713289320468902588e-02 1.136207603849470615e-03 3.701810911297798157e-02 3.969141468405723572e-02 1.320123020559549332e-02 3.106975462287664413e-03 1.335812732577323914e-02 3.669780120253562927e-02 5.059865862131118774e-02 6.054461002349853516e-02 1.211188361048698425e-02 4.368384182453155518e-02 1.200117245316505432e-01 5.406975746154785156e-02 2.197060734033584595e-02 5.595387145876884460e-02 6.300070881843566895e-02 2.864563651382923126e-02 3.108286485075950623e-02 1.458828244358301163e-02 1.610341109335422516e-02 2.615804970264434814e-02 5.908749625086784363e-02 3.728355094790458679e-02 3.802221268415451050e-02 2.899842895567417145e-02 4.518804699182510376e-02 3.697449341416358948e-02 2.152625843882560730e-02 3.842316567897796631e-02 1.944823376834392548e-02 4.672892764210700989e-02 2.219415642321109772e-02 3.974262252449989319e-02 2.164867147803306580e-02 2.921217354014515877e-03 5.754807218909263611e-02 3.270202502608299255e-02 7.143937051296234131e-02 1.185543928295373917e-02 2.689408836886286736e-03 1.313459314405918121e-02 7.132370956242084503e-03 4.703122749924659729e-02 5.026766657829284668e-02 5.089729651808738708e-02 9.985146671533584595e-02 2.036049403250217438e-02 5.534211639314889908e-03 1.560370996594429016e-02 6.559200584888458252e-02 4.985667020082473755e-02 1.613869331777095795e-02 3.771432861685752869e-02 3.237330541014671326e-02 2.426173351705074310e-02 2.859074249863624573e-02 2.129410021007061005e-02 5.128575488924980164e-02 1.236151345074176788e-02 2.721034223213791847e-03 4.814018681645393372e-02 4.588128626346588135e-02 6.417084485292434692e-02 4.282583296298980713e-02 2.902335487306118011e-02 5.200710892677307129e-02 3.405856713652610779e-02 2.447790000587701797e-03 6.817004829645156860e-02 2.108434401452541351e-02 5.116168037056922913e-02 3.625960554927587509e-03 8.162945508956909180e-02 2.908391691744327545e-02 7.421657443046569824e-02 6.631790101528167725e-02 1.986362040042877197e-02 2.572638215497136116e-03 3.849192336201667786e-02 2.967912703752517700e-02 5.229430645704269409e-02
1.567958891391754150e-01 6.342092901468276978e-02 1.047675404697656631e-02 7.900450378656387329e-03 2.925761602818965912e-02 1.040099933743476868e-01 1.414425522089004517e-01 4.211942199617624283e-03 3.996242210268974304e-02 6.814464926719665527e-02 7.647112011909484863e-02 4.925664514303207397e-02 9.890042245388031006e-02 4.229625314474105835e-02 4.287643730640411377e-02 1.072912588715553284e-01 2.455578558146953583e-02 3.344567120075225830e-02 2.670920640230178833e-02 1.727008819580078125e-02 3.587742522358894348e-02 4.300748556852340698e-02 4.794182628393173218e-02 3.852873668074607849e-02 1.428095810115337372e-02 2.571675926446914673e-02 1.084349583834409714e-02 3.392832353711128235e-02 3.088518977165222168e-02 3.243370354175567627e-02 1.595323346555233002e-02 2.330945990979671478e-02 7.322058081626892090e-03 1.488434616476297379e-02 3.261250257492065430e-02 9.253446012735366821e-03 7.155723404139280319e-03 1.573365740478038788e-02 4.154862090945243835e-02 4.536763206124305725e-02 6.948339939117431641e-02 3.678646404296159744e-03 3.323173383250832558e-03 2.630855701863765717e-02 1.918588019907474518e-02 5.273519828915596008e-02 9.152302145957946777e-02 1.034280136227607727e-01 6.884239148348569870e-03 3.805685788393020630e-02 4.047910124063491821e-02 1.149256676435470581e-01 3.778309747576713562e-02 2.044698409736156464e-02 3.925808519124984741e-02 4.701372236013412476e-02 3.130234777927398682e-02 6.000989302992820740e-02 2.388697676360607147e-02 4.871170595288276672e-02 1.487495284527540207e-02 2.123554609715938568e-02 2.984960190951824188e-02 6.505785975605249405e-03 2.881897380575537682e-03 7.659820467233657837e-02 4.483127593994140625e-02 1.616895198822021484e-02 7.196246832609176636e-02 2.804104983806610107e-02 3.652645647525787354e-02 4.291824623942375183e-02 1.938661560416221619e-02 2.431455254554748535e-02 6.749469786882400513e-02 5.625254288315773010e-02 1.382556976750493050e-03 6.227749586105346680e-02 2.618740685284137726e-02 5.167604237794876099e-02 3.579831868410110474e-02 6.237735971808433533e-02 1.800602860748767853e-02 1.920980960130691528e-02 2.625515311956405640e-02 8.352538570761680603e-03 5.596693977713584900e-02 1.905905455350875854e-02 1.046114414930343628e-02 1.512219477444887161e-02 1.834776997566223145e-02 7.233124226331710815e-02 4.067654907703399658e-02 5.020778626203536987e-03 1.377045293338596821e-03 5.066585913300514221e-02 2.318933606147766113e-02 1.731993630528450012e-02 6.330487877130508423e-02 2.383476123213768005e-02 2.255077287554740906e-02 4.944269079715013504e-03 2.541825175285339355e-03 5.122453346848487854e-02 3.181544691324234009e-02 5.033553019165992737e-02 5.715032666921615601e-02 4.477031156420707703e-02 2.220036089420318604e-02 8.164617419242858887e-02 4.664438590407371521e-02 2.045613899827003479e-02 2.233573608100414276e-02 4.726441949605941772e-02 2.639220096170902252e-02 7.198147475719451904e-02
3.152170404791831970e-02 1.047675404697656631e-02 2.800829708576202393e-02 1.353241968899965286e-02 4.412256181240081787e-02 2.877791412174701691e-02 4.417775198817253113e-02 9.041597694158554077e-02 5.415036901831626892e-02 5.188602488487958908e-03 5.073406174778938293e-02 6.787673383951187134e-02 2.225834177806973457e-03 4.609382525086402893e-02 9.792785160243511200e-03 1.993265748023986816e-02 7.619076222181320190e-02 1.138731895480304956e-04 1.076607480645179749e-01 6.424315273761749268e-02 3.786206617951393127e-02 1.614314131438732147e-02 3.716404363512992859e-02 4.724629223346710205e-02 1.498026587069034576e-02 5.741893872618675232e-02 3.517687320709228516e-02 8.062795549631118774e-02 1.499755494296550751e-02 1.074752509593963623e-01 1.598273031413555145e-02 1.307186577469110489e-02 3.044971451163291931e-02 5.359127372503280640e-02 3.870122507214546204e-02 1.934578455984592438e-02 6.173313129693269730e-03 7.427210919559001923e-03 2.563261240720748901e-02 1.342850774526596069e-01 7.644955068826675415e-02 1.748784445226192474e-02 8.794413879513740540e-03 9.703657589852809906e-03 6.078767031431198120e-02 1.420611292123794556e-01 6.494273990392684937e-02 1.093658059835433960e-02 4.433279857039451599e-02 8.545934222638607025e-03 6.795071065425872803e-02 6.790276616811752319e-02 4.046685248613357544e-02 6.055370345711708069e-02 4.645330086350440979e-02 1.474916841834783554e-02 8.014516904950141907e-03 3.951613605022430420e-02 2.655790559947490692e-02 3.084915876388549805e-02 3.925896808505058289e-02 3.510822728276252747e-02 1.277980804443359375e-01 3.500033542513847351e-02 9.738901257514953613e-02 2.948524057865142822e-02 5.708865076303482056e-02 1.444922946393489838e-02 5.654016509652137756e-02 1.002169866114854813e-02 3.598408028483390808e-02 3.410471603274345398e-02 2.419279702007770538e-02 6.397581100463867188e-02 7.223147898912429810e-02 5.481833219528198242e-02 3.323938697576522827e-02 3.945103660225868225e-02 2.633659914135932922e-02 1.944017224013805389e-02 8.017970621585845947e-02 2.159789949655532837e-01 5.649396032094955444e-02 3.789276629686355591e-02 1.292738132178783417e-02 1.336774975061416626e-02 5.762812867760658264e-02 5.541242659091949463e-02 1.869193315505981445e-01 6.465675681829452515e-02 6.072307936847209930e-03 5.505564063787460327e-02 5.399823188781738281e-02 3.462151624262332916e-03 2.959514409303665161e-02 3.864892572164535522e-02 4.882859438657760620e-02 6.114182248711585999e-02 4.850553721189498901e-02 1.769311428070068359e-01 3.634586557745933533e-02 4.949367418885231018e-02 6.898144632577896118e-02 9.223067760467529297e-02 3.005680069327354431e-02 7.563723623752593994e-02 7.626358419656753540e-02 5.319149419665336609e-02 5.325954779982566833e-02 7.589588314294815063e-02 4.697195813059806824e-02 4.694531857967376709e-02 5.508992075920104980e-02 2.825231850147247314e-02 5.763800814747810364e-02 4.926520958542823792e-02
7.366076856851577759e-02 7.900450378656387329e-03 1.353241968899965286e-02 1.383904553949832916e-02 1.954230666160583496e-01 5.422169715166091919e-02 6.264365464448928833e-02 4.899293929338455200e-02 5.559035018086433411e-02 1.043021306395530701e-01 3.214295580983161926e-02 3.794830664992332458e-02 2.018343284726142883e-02 7.552879303693771362e-02 1.172058167867362499e-03 7.046170532703399658e-02 7.274328172206878662e-02 7.286857813596725464e-02 4.443491622805595398e-02 2.905523777008056641e-02 3.540845587849617004e-02 3.170937672257423401e-02 5.006982013583183289e-03 6.643834710121154785e-02 1.102194562554359436e-02 2.914948016405105591e-02 1.542581245303153992e-03 1.229311004281044006e-01 2.451655827462673187e-02 4.265399649739265442e-03 1.374683156609535217e-02 7.948726415634155273e-02 5.059102550148963928e-02 2.216185815632343292e-02 2.413530461490154266e-02 9.461762383580207825e-03 5.412498116493225098e-02 2.505636774003505707e-02 7.190371304750442505e-02 1.222288087010383606e-01 7.863344997167587280e-02 2.329829707741737366e-02 2.481065504252910614e-02 4.779736045747995377e-03 1.097806617617607117e-01 6.155362725257873535e-02 1.916619949042797089e-02 6.665059924125671387e-02 3.177130967378616333e-02 2.582537010312080383e-02 3.415641561150550842e-02 4.748886823654174805e-02 7.759340107440948486e-03 3.763112798333168030e-02 9.938526153564453125e-02 8.473586291074752808e-02 7.108936458826065063e-02 2.793872170150279999e-02 2.622363530099391937e-02 8.249700069427490234e-02 3.898325935006141663e-02 3.910751640796661377e-02 1.535455789417028427e-02 4.215738549828529358e-02 7.369141280651092529e-02 1.918584108352661133e-03 1.550914067775011063e-02 3.941293433308601379e-02 7.943627983331680298e-02 4.659821838140487671e-02 6.193120405077934265e-02 3.885905072093009949e-02 1.206753700971603394e-01 3.824864700436592102e-02 7.722610235214233398e-02 2.948196232318878174e-02 5.443139746785163879e-02 2.989956177771091461e-02 6.436315923929214478e-02 1.913174986839294434e-02 2.445113286375999451e-02 3.776933625340461731e-02 1.382854431867599487e-01 1.319343037903308868e-02 3.979703783988952637e-02 1.149685680866241455e-02 4.277896136045455933e-02 5.162753909826278687e-02 4.302291944622993469e-02 5.044248700141906738e-02 1.906333863735198975e-02 3.284255042672157288e-03 6.507366430014371872e-03 7.089825719594955444e-02 3.667410835623741150e-02 8.623695001006126404e-03 5.052055697888135910e-03 3.266945853829383850e-02 2.685233205556869507e-02 4.440867528319358826e-02 2.196637727320194244e-02 4.339670017361640930e-02 2.356754802167415619e-02 4.448675736784934998e-02 9.167449921369552612e-02 8.065314590930938721e-02 4.854866117238998413e-02 3.402085229754447937e-02 2.311268076300621033e-02 2.549628540873527527e-02 7.033104449510574341e-02 3.473218902945518494e-02 2.975647337734699249e-02 9.305087849497795105e-03 2.893464267253875732e-02 8.090825751423835754e-03
1.840052381157875061e-02 2.925761602818965912e-02 4.412256181240081787e-02 1.954230666160583496e-01 4.842565249418839812e-05 6.260650232434272766e-03 1.135590597987174988e-01 2.941331267356872559e-02 6.917780637741088867e-02 6.323841214179992676e-02 4.950609058141708374e-02 2.830500714480876923e-02 9.679166600108146667e-03 6.611288338899612427e-02 2.946836873888969421e-02 1.938731037080287933e-02 1.146584167145192623e-03 9.540789760649204254e-03 5.952006205916404724e-02 8.961673080921173096e-02 4.545919597148895264e-02 1.996943494305014610e-03 6.454416364431381226e-02 4.287709016352891922e-03 5.542309582233428955e-02 3.393170610070228577e-02 2.960848808288574219e-02 5.765543878078460693e-02 1.187129039317369461e-02 4.545894265174865723e-02 6.766892969608306885e-02 3.124365024268627167e-02 1.422882638871669769e-02 9.716331958770751953e-03 4.061589017510414124e-02 4.288626834750175476e-02 4.879838600754737854e-02 6.685476750135421753e-02 1.170155219733715057e-02 1.043092235922813416e-01 9.016339480876922607e-02 5.018689204007387161e-03 2.567979507148265839e-02 3.179747611284255981e-02 7.526440173387527466e-02 9.166578203439712524e-02 5.268968641757965088e-02 6.759612262248992920e-02 4.677027463912963867e-03 2.092908695340156555e-02 3.532246872782707214e-02 6.847827136516571045e-02 2.519827149808406830e-02 2.086970955133438110e-02 6.778763141483068466e-03 6.372553296387195587e-03 1.063540205359458923e-02 5.957118049263954163e-02 3.761335089802742004e-02 2.301665954291820526e-02 1.395304966717958450e-02 5.491898953914642334e-02 2.970954775810241699e-02 1.708282157778739929e-02 5.411536991596221924e-02 3.006528364494442940e-03 4.925537854433059692e-02 1.143600884824991226e-02 5.534628406167030334e-02 2.502523735165596008e-02 5.408006533980369568e-02 6.314864754676818848e-02 1.658927835524082184e-02 4.587211459875106812e-02 1.157049387693405151e-01 6.107836961746215820e-03 5.906338617205619812e-02 7.486820220947265625e-02 4.174178093671798706e-02 1.483664568513631821e-02 4.819136112928390503e-03 3.390041366219520569e-02 5.749465152621269226e-02 1.656244844198226929e-01 1.239664480090141296e-01 1.045324802398681641e-01 1.768063008785247803e-02 3.577920794486999512e-02 7.275186013430356979e-03 1.429994124919176102e-02 2.024621935561299324e-03 2.308670803904533386e-02 3.242873400449752808e-02 2.353161945939064026e-02 1.536954753100872040e-02 2.959034405648708344e-03 1.380156539380550385e-02 3.720974782481789589e-03 4.941700771450996399e-02 3.485909104347229004e-02 2.627842687070369720e-02 4.107670485973358154e-02 5.072908010333776474e-03 1.040405500680208206e-02 5.620061606168746948e-02 4.544091597199440002e-02 1.822599396109580994e-02 7.847377657890319824e-02 8.910371921956539154e-03 6.464525312185287476e-02 8.478783071041107178e-02 1.646633446216583252e-02 6.514641642570495605e-02 4.213859513401985168e-02 4.176647216081619263e-02 6.847860664129257202e-02
9.318542480468750000e-02 1.040099933743476868e-01 2.877791412174701691e-02 5.422169715166091919e-02 6.260650232434272766e-03 6.166769564151763916e-02 1.373994499444961548e-01 1.705550588667392731e-02 6.877088453620672226e-03 5.536042153835296631e-02 7.400376349687576294e-02 5.767581984400749207e-02 7.923127710819244385e-02 6.468046456575393677e-03 3.886305913329124451e-02 5.045827478170394897e-02 6.104934588074684143e-02 3.527743509039282799e-03 3.645573183894157410e-02 2.074415609240531921e-02 1.916476991027593613e-03 2.659209631383419037e-02 1.433725561946630478e-02 4.298908635973930359e-02 4.299032967537641525e-03 1.928779482841491699e-02 6.400358676910400391e-02 3.420378267765045166e-02 3.037948394194245338e-03 4.705017805099487305e-02 5.156012624502182007e-02 1.936698704957962036e-02 4.614787921309471130e-02 1.897288858890533447e-02 5.192741379141807556e-02 2.200287766754627228e-02 6.833094637840986252e-03 1.682612812146544456e-03 2.055306173861026764e-02 3.460547700524330139e-02 9.190615266561508179e-02 5.352884158492088318e-02 2.780056744813919067e-02 8.756446652114391327e-03 9.848652407526969910e-03 1.707123778760433197e-02 7.257399708032608032e-02 9.271195530891418457e-02 4.812788218259811401e-02 3.905826434493064880e-02 4.615251347422599792e-02 3.405182436108589172e-02 8.463078737258911133e-02 4.994557425379753113e-02 4.317490849643945694e-03 2.809989824891090393e-02 2.035361714661121368e-03 6.356070935726165771e-02 7.928645238280296326e-03 5.876644700765609741e-02 1.414654869586229324e-02 1.290760654956102371e-02 4.031155258417129517e-02 1.349630393087863922e-02 4.928955063223838806e-02 2.664360962808132172e-02 1.665455102920532227e-02 4.521578922867774963e-02 6.575979292392730713e-03 2.581679029390215874e-03 8.694646880030632019e-03 7.260496914386749268e-02 2.706597000360488892e-02 1.651901751756668091e-02 5.648610368371009827e-02 1.862143352627754211e-02 1.645763590931892395e-02 5.067869648337364197e-02 3.273642808198928833e-02 5.274943262338638306e-02 1.942385919392108917e-02 6.108185276389122009e-02 1.932211220264434814e-02 6.335087865591049194e-02 4.068855196237564087e-03 4.708983376622200012e-02 2.516299113631248474e-02 2.969540189951658249e-03 1.398500317009165883e-04 1.540376432240009308e-02 5.963653326034545898e-02 6.226209551095962524e-02 1.272565405815839767e-02 2.366895601153373718e-02 1.771659031510353088e-02 2.088036760687828064e-02 2.543552964925765991e-02 7.477644830942153931e-02 4.458120558410882950e-03 1.858984865248203278e-02 4.167640581727027893e-02 1.497690938413143158e-02 4.063739255070686340e-02 6.742383539676666260e-02 3.408053517341613770e-02 4.727908223867416382e-02 6.054255366325378418e-02 2.235481142997741699e-02 3.729471564292907715e-02 5.954310670495033264e-02 2.530104853212833405e-02 6.909929960966110229e-02 5.879920348525047302e-02 1.612621918320655823e-02 7.839564979076385498e-02 7.827209681272506714e-02
8.997419476509094238e-02 1.414425522089004517e-01 4.417775198817253113e-02 6.264365464448928833e-02 1.135590597987174988e-01 1.373994499444961548e-01 5.519527569413185120e-02 6.989616155624389648e-02 4.860770702362060547e-02 3.091352432966232300e-02 3.737976774573326111e-02 4.306541383266448975e-02 5.888888612389564514e-02 5.760405585169792175e-02 8.277714252471923828e-02 6.982732564210891724e-02 7.971575111150741577e-02 4.679847881197929382e-02 5.996239185333251953e-02 4.776719585061073303e-02 4.443303216248750687e-03 3.689907491207122803e-02 6.076783686876296997e-02 5.173947662115097046e-02 4.729514941573143005e-02 9.461072273552417755e-03 2.217311412096023560e-02 6.865647621452808380e-03 3.330561891198158264e-02 1.128724776208400726e-02 7.579248398542404175e-02 4.265875741839408875e-02 4.343359917402267456e-02 3.683118149638175964e-02 1.323845144361257553e-02 6.710141897201538086e-02 4.350898414850234985e-02 2.550580725073814392e-02 1.375184673815965652e-02 9.239815175533294678e-02 7.120221853256225586e-02 5.182147771120071411e-02 1.944519206881523132e-02 2.598692663013935089e-02 4.002392664551734924e-02 3.570519620552659035e-03 7.788628339767456055e-02 1.416618973016738892e-01 3.600172698497772217e-02 4.508016258478164673e-02 1.449795514345169067e-01 9.926533699035644531e-02 8.400068432092666626e-02 2.801238000392913818e-02 5.194250866770744324e-02 5.266516655683517456e-02 3.017369657754898071e-02 7.181811332702636719e-02 5.914165079593658447e-02 6.410712748765945435e-02 2.426612749695777893e-02 3.816441819071769714e-02 3.784884139895439148e-02 6.193084269762039185e-02 4.479177296161651611e-02 5.428232625126838684e-02 1.254246220923960209e-03 8.652951568365097046e-03 6.404418498277664185e-02 1.909509301185607910e-02 6.383141130208969116e-02 9.650812298059463501e-02 1.024670675396919250e-01 2.633602172136306763e-02 5.450183525681495667e-02 2.731543965637683868e-03 2.510201744735240936e-02 5.550143867731094360e-02 7.336825877428054810e-02 7.710312306880950928e-02 6.024033203721046448e-02 1.861749216914176941e-03 7.852051407098770142e-03 4.654991254210472107e-02 4.685323312878608704e-02 8.507831394672393799e-02 1.437771134078502655e-02 7.008863240480422974e-02 5.556215718388557434e-02 1.130731310695409775e-03 4.729375615715980530e-02 1.070896722376346588e-02 4.356257990002632141e-02 9.248992428183555603e-03 4.724741354584693909e-02 5.042248964309692383e-02 1.022598939016461372e-03 5.451253801584243774e-02 6.290005892515182495e-02 2.410232089459896088e-02 2.481981180608272552e-02 1.284652110189199448e-02 9.911973029375076294e-04 2.494477294385433197e-02 2.915964834392070770e-02 2.978045679628849030e-02 3.991520032286643982e-02 5.616373568773269653e-02 5.874490737915039062e-02 3.293445706367492676e-02 1.797489123418927193e-03 5.177293345332145691e-02 2.323450706899166107e-02 3.329256316646933556e-03 6.049120426177978516e-02 8.764353394508361816e-02
3.587087243795394897e-02 4.211942199617624283e-03 9.041597694158554077e-02 4.899293929338455200e-02 2.941331267356872559e-02 1.705550588667392731e-02 6.989616155624389648e-02 1.014702487736940384e-02 3.883011639118194580e-02 1.053751539438962936e-02 1.106656119227409363e-01 1.711749285459518433e-02 5.889812856912612915e-02 9.325302205979824066e-03 6.702262908220291138e-02 2.015547081828117371e-02 2.108924835920333862e-02 7.054167985916137695e-02 1.349563151597976685e-02 4.010450839996337891e-02 1.641307026147842407e-02 3.092471510171890259e-02 8.470990695059299469e-03 1.653611101210117340e-02 2.828722633421421051e-02 4.662825912237167358e-02 5.256514623761177063e-02 5.187923088669776917e-03 3.240345418453216553e-02 2.995840087532997131e-02 9.869332425296306610e-03 1.248028315603733063e-02 2.281613647937774658e-02 1.605504378676414490e-02 5.418241396546363831e-02 3.213759511709213257e-02 4.099453985691070557e-02 5.485067889094352722e-02 2.031857520341873169e-02 8.278194814920425415e-02 3.334365412592887878e-02 3.532671928405761719e-02 4.887702316045761108e-02 2.188611403107643127e-02 4.051939398050308228e-02 1.469545345753431320e-02 5.473407357931137085e-02 6.980851292610168457e-02 3.706362843513488770e-02 2.448763512074947357e-02 1.666115596890449524e-02 2.549856342375278473e-02 7.727471645921468735e-03 5.184133723378181458e-02 8.902692236006259918e-03 1.922103762626647949e-02 1.176141016185283661e-02 1.068365946412086487e-02 4.193826392292976379e-02 1.243535056710243225e-01 2.041248977184295654e-02 8.444337174296379089e-03 3.748074546456336975e-02 1.641614548861980438e-02 1.390307117253541946e-02 2.523525245487689972e-02 1.356187369674444199e-02 4.176081274636089802e-04 2.516232244670391083e-02 3.202005103230476379e-02 3.269998356699943542e-02 6.388236582279205322e-02 1.736141182482242584e-02 7.579632848501205444e-02 5.660958215594291687e-02 9.683903306722640991e-02 3.017998859286308289e-02 3.568336367607116699e-02 2.153208246454596519e-03 4.469998553395271301e-02 1.279534548521041870e-01 1.912159323692321777e-01 5.544310063123703003e-02 2.656256593763828278e-02 2.257516235113143921e-02 3.212309093214571476e-04 1.116757094860076904e-01 8.774431049823760986e-02 7.972439378499984741e-02 1.238200254738330841e-02 9.024412930011749268e-02 1.246660202741622925e-02 5.069593340158462524e-02 5.325002223253250122e-02 7.698548585176467896e-02 2.587132528424263000e-02 1.157418824732303619e-02 5.588472634553909302e-02 3.068708814680576324e-03 1.536923181265592575e-02 2.948253974318504333e-02 8.690118789672851562e-03 6.557583808898925781e-02 3.140919608995318413e-03 6.103485822677612305e-02 8.315834216773509979e-03 2.356536127626895905e-02 9.790536947548389435e-03 6.126651167869567871e-02 4.996743053197860718e-02 1.451750844717025757e-01 2.287963405251502991e-02 7.774312794208526611e-02 4.415109381079673767e-02 4.713351652026176453e-02 1.230994425714015961e-02
1.266126148402690887e-02 3.996242210268974304e-02 5.415036901831626892e-02 5.559035018086433411e-02 6.917780637741088867e-02 6.877088453620672226e-03 4.860770702362060547e-02 3.883011639118194580e-02 2.748497389256954193e-02 5.742438137531280518e-02 2.561864815652370453e-02 3.290699049830436707e-02 2.250747010111808777e-02 4.757928848266601562e-02 3.217263147234916687e-02 1.235478594899177551e-01 1.015156693756580353e-02 7.083214074373245239e-02 6.647472828626632690e-02 3.707288950681686401e-02 6.778030842542648315e-02 9.636328369379043579e-02 1.578625850379467010e-02 2.547385543584823608e-02 4.247527197003364563e-02 3.112091124057769775e-02 2.796074189245700836e-02 4.213717207312583923e-02 3.459682688117027283e-02 2.219851128756999969e-02 4.434448666870594025e-03 3.691532462835311890e-02 1.904673501849174500e-02 1.246266532689332962e-02 4.860939458012580872e-03 3.649651259183883667e-02 7.950948551297187805e-03 4.217256978154182434e-02 2.368658967316150665e-02 1.167675852775573730e-02 2.143542096018791199e-02 5.306420475244522095e-02 2.837658626958727837e-03 2.428997121751308441e-02 3.379224613308906555e-02 6.567782722413539886e-03 3.632939187809824944e-03 3.949118033051490784e-02 1.548937410116195679e-01 5.013249069452285767e-02 1.271678786724805832e-02 7.155997212976217270e-03 1.101785432547330856e-02 1.509216707199811935e-02 1.492300331592559814e-01 6.762033700942993164e-02 3.919424489140510559e-02 1.536044757813215256e-02 4.085943475365638733e-02 1.284202747046947479e-02 2.501964382827281952e-02 3.875246271491050720e-02 4.370716866105794907e-03 3.003451786935329437e-02 2.887128666043281555e-02 1.909517869353294373e-02 8.815453387796878815e-03 3.067110106348991394e-02 9.417670220136642456e-02 4.029698297381401062e-02 9.424229152500629425e-03 6.391230225563049316e-02 8.357188105583190918e-02 2.632856741547584534e-02 3.346717357635498047e-02 6.931313127279281616e-02 1.913269162178039551e-01 2.186189591884613037e-02 7.519008964300155640e-02 3.859363496303558350e-04 6.307306140661239624e-02 1.371231675148010254e-01 2.999796159565448761e-02 1.036943588405847549e-02 6.608380004763603210e-03 2.163666300475597382e-02 2.755656279623508453e-02 1.294389646500349045e-02 1.178555074147880077e-03 5.410313606262207031e-02 1.995433866977691650e-02 3.262257575988769531e-02 4.527790099382400513e-02 3.240449726581573486e-02 4.230187833309173584e-02 6.332394480705261230e-02 7.805362343788146973e-03 1.529368478804826736e-02 2.739319391548633575e-02 6.144142895936965942e-02 2.850219421088695526e-02 1.867190003395080566e-02 1.261624544858932495e-01 6.175831425935029984e-03 3.405679250136017799e-03 1.943529397249221802e-02 7.057067006826400757e-02 2.933982573449611664e-02 1.255397405475378036e-02 3.502452746033668518e-02 1.261672843247652054e-02 1.536172349005937576e-02 3.017879277467727661e-02 7.930378429591655731e-03 3.153871372342109680e-02 8.269614726305007935e-02
2.318416535854339600e-02 6.814464926719665527e-02 5.188602488487958908e-03 1.043021306395530701e-01 6.323841214179992676e-02 5.536042153835296631e-02 3.091352432966232300e-02 1.053751539438962936e-02 5.742438137531280518e-02 7.659436762332916260e-02 4.776366427540779114e-02 2.085929922759532928e-02 1.284817792475223541e-02 3.037487342953681946e-02 4.676157608628273010e-02 1.612448017112910748e-03 5.878942459821701050e-02 2.239223942160606384e-02 1.160239130258560181e-01 1.191421784460544586e-02 5.508370324969291687e-02 3.802372515201568604e-02 4.639118164777755737e-02 1.360774412751197815e-02 2.916700765490531921e-02 3.909071907401084900e-02 5.500471964478492737e-02 3.228221833705902100e-02 1.335419248789548874e-02 1.777568645775318146e-02 1.181695843115448952e-03 7.737446576356887817e-02 6.437061727046966553e-02 7.834263145923614502e-02 4.113515466451644897e-02 5.305136740207672119e-02 5.299973860383033752e-02 1.933158934116363525e-02 4.839383065700531006e-02 6.073593720793724060e-02 1.995752193033695221e-02 2.317540813237428665e-03 1.185867283493280411e-02 1.609659753739833832e-02 2.855981700122356415e-02 7.668338716030120850e-03 2.443228662014007568e-02 4.144024103879928589e-02 2.004468813538551331e-02 1.492171585559844971e-01 3.374836593866348267e-02 2.543309703469276428e-02 1.144088245928287506e-02 1.950330915860831738e-04 4.944460932165384293e-03 1.362977176904678345e-01 8.267503976821899414e-02 3.341901674866676331e-02 5.592432804405689240e-03 3.432127833366394043e-02 9.986496716737747192e-02 4.990856721997261047e-02 4.821550566703081131e-03 2.505576238036155701e-02 6.108384206891059875e-02 2.772623905912041664e-03 2.318283356726169586e-02 3.410863503813743591e-02 4.412448778748512268e-02 3.170622885227203369e-02 7.525601238012313843e-02 6.772011984139680862e-03 3.059623576700687408e-02 9.238529950380325317e-02 5.196379497647285461e-02 5.638115480542182922e-02 4.949942231178283691e-02 1.523622721433639526e-01 1.744961179792881012e-02 1.586005538702011108e-01 3.487564995884895325e-02 3.831048682332038879e-02 5.705601349472999573e-02 7.656712830066680908e-02 1.146447751671075821e-02 8.909522742033004761e-02 2.655348367989063263e-02 3.530763089656829834e-02 8.218908309936523438e-02 1.134354844689369202e-01 3.147564828395843506e-02 2.252387627959251404e-02 8.097763173282146454e-03 2.258196286857128143e-02 2.738309837877750397e-02 1.619110070168972015e-02 5.587174743413925171e-02 2.264085225760936737e-02 2.801139606162905693e-03 5.747670307755470276e-02 7.146364660002291203e-04 3.764250501990318298e-02 2.413056232035160065e-02 8.195796981453895569e-03 8.075862377882003784e-02 2.132767252624034882e-02 1.242151390761137009e-02 3.695604577660560608e-02 2.040756680071353912e-02 6.650523841381072998e-02 3.531421348452568054e-02 3.125745430588722229e-02 2.653138525784015656e-02 9.100678376853466034e-03 5.421268753707408905e-03 2.894769795238971710e-02
6.486507505178451538e-02 7.647112011909484863e-02 5.073406174778938293e-02 3.214295580983161926e-02 4.950609058141708374e-02 7.400376349687576294e-02 3.737976774573326111e-02 1.106656119227409363e-01 2.561864815652370453e-02 4.776366427540779114e-02 4.185651987791061401e-02 8.542675524950027466e-03 1.250104308128356934e-01 5.259708687663078308e-02 5.748106911778450012e-02 2.080238610506057739e-02 3.921229764819145203e-02 4.846264421939849854e-02 1.343651325441896915e-03 4.041248559951782227e-02 2.645534463226795197e-02 3.985569253563880920e-02 6.928782165050506592e-02 6.772954761981964111e-02 1.479216758161783218e-02 4.134703427553176880e-02 4.878009855747222900e-02 3.046439401805400848e-02 3.336892277002334595e-02 1.712962519377470016e-03 6.923472136259078979e-02 2.004280872642993927e-02 6.714263558387756348e-02 4.005168005824089050e-02 2.696947753429412842e-02 6.068129092454910278e-02 6.739933160133659840e-04 4.264065250754356384e-02 5.993645754642784595e-04 3.143143653869628906e-02 3.986028954386711121e-02 4.272781312465667725e-03 5.691136792302131653e-02 2.386170998215675354e-02 4.144245013594627380e-02 7.404842972755432129e-02 8.768520504236221313e-02 7.786169648170471191e-02 1.026315335184335709e-02 2.696137502789497375e-02 4.470288380980491638e-02 2.037857659161090851e-03 3.916041925549507141e-02 2.802309766411781311e-02 5.230098590254783630e-02 4.475722834467887878e-02 3.763359785079956055e-02 6.755142658948898315e-02 5.168255791068077087e-02 4.837108403444290161e-02 2.846181625500321388e-03 2.000714465975761414e-02 1.232520211488008499e-03 4.689093306660652161e-02 7.693979889154434204e-02 4.706559702754020691e-03 2.642128430306911469e-02 5.096973851323127747e-02 1.179898390546441078e-03 8.730098605155944824e-03 5.774491466581821442e-03 7.025192957371473312e-03 6.660883873701095581e-02 4.757137969136238098e-02 1.586460694670677185e-02 1.709436438977718353e-02 9.924871847033500671e-03 3.249505534768104553e-02 5.855680865352042019e-05 2.490291930735111237e-02 6.176643446087837219e-02 6.751757580786943436e-03 6.570445001125335693e-02 5.211661010980606079e-02 9.577689692378044128e-03 3.427163884043693542e-02 3.116329945623874664e-02 4.040445759892463684e-02 3.166078776121139526e-02 1.961147412657737732e-02 7.576523348689079285e-04 2.601126581430435181e-02 6.697954982519149780e-02 3.570977598428726196e-02 4.068471491336822510e-02 1.684340834617614746e-02 6.656943261623382568e-02 1.340658403933048248e-02 7.290188223123550415e-02 1.794204860925674438e-02 3.320955485105514526e-02 5.148544535040855408e-02 2.977247163653373718e-02 1.350773405283689499e-02 5.691166594624519348e-02 2.991565130650997162e-02 9.461884200572967529e-02 3.917305916547775269e-02 5.377686768770217896e-02 8.576868101954460144e-03 7.570936810225248337e-03 3.732482728082686663e-04 3.898132219910621643e-02 7.010426372289657593e-02 6.820375472307205200e-02 3.172997385263442993e-02
6.986509263515472412e-02 4.925664514303207397e-02 6.787673383951187134e-02 3.794830664992332458e-02 2.830500714480876923e-02 5.767581984400749207e-02 4.306541383266448975e-02 1.711749285459518433e-02 3.290699049830436707e-02 2.085929922759532928e-02 8.542675524950027466e-03 1.755382306873798370e-02 3.215535730123519897e-02 2.825207412242889404e-01 5.807923525571823120e-02 6.486936658620834351e-02 3.771826252341270447e-02 2.035038731992244720e-02 5.189426243305206299e-02 2.605042420327663422e-02 2.125054784119129181e-02 4.965087026357650757e-02 1.407459005713462830e-02 1.373771112412214279e-02 8.179879747331142426e-03 8.099033683538436890e-02 9.568382054567337036e-03 1.151963099837303162e-01 2.305773645639419556e-02 1.610881090164184570e-01 9.887670166790485382e-03 4.719958454370498657e-02 3.326090797781944275e-02 1.309830509126186371e-02 1.439502984285354614e-01 4.672069568186998367e-03 6.262949202209711075e-03 9.036425501108169556e-02 5.037518218159675598e-02 4.308253701310604811e-04 1.604640930891036987e-01 1.600681059062480927e-02 8.512730151414871216e-02 6.031510885804891586e-03 6.241549551486968994e-02 5.214781686663627625e-02 2.993642538785934448e-02 3.124541044235229492e-02 3.388692066073417664e-02 2.337040146812796593e-03 9.244639426469802856e-03 4.136817157268524170e-02 6.034595891833305359e-03 2.925792895257472992e-02 5.359859392046928406e-02 2.166181989014148712e-02 1.155058294534683228e-02 2.990972949191927910e-03 3.233550488948822021e-02 4.817068576812744141e-02 4.213526472449302673e-02 2.786251716315746307e-02 8.103657513856887817e-02 9.595341980457305908e-04 5.168900266289710999e-02 4.445761442184448242e-02 5.108003970235586166e-03 2.909944206476211548e-02 3.876365348696708679e-02 5.728083848953247070e-02 1.867770217359066010e-03 9.153043478727340698e-02 9.172972291707992554e-02 3.762594982981681824e-02 1.453985460102558136e-02 3.330207988619804382e-02 3.251719102263450623e-02 3.286262601613998413e-02 6.201548501849174500e-02 4.499990493059158325e-02 4.424843005836009979e-03 4.905072227120399475e-02 9.234430640935897827e-02 4.482262954115867615e-02 3.427378367632627487e-03 1.195649616420269012e-03 3.046745620667934418e-02 3.572105616331100464e-02 1.782542318105697632e-01 5.230880808085203171e-03 2.227281033992767334e-02 4.292064532637596130e-02 3.255620971322059631e-02 7.585421949625015259e-02 4.183821752667427063e-02 3.750912100076675415e-02 5.865204706788063049e-02 1.581431739032268524e-02 6.514528393745422363e-02 3.887807205319404602e-02 2.011568984016776085e-03 5.486286059021949768e-02 4.357131198048591614e-02 5.851276963949203491e-02 2.506988681852817535e-02 2.439976111054420471e-02 3.429834544658660889e-02 3.356246277689933777e-02 4.546618834137916565e-02 1.138906227424740791e-04 6.113283336162567139e-02 5.124504491686820984e-02 7.611112669110298157e-03 3.318763524293899536e-02 4.033553972840309143e-02 6.185875460505485535e-02
6.135472655296325684e-02 9.890042245388031006e-02 2.225834177806973457e-03 2.018343284726142883e-02 9.679166600108146667e-03 7.923127710819244385e-02 5.888888612389564514e-02 5.889812856912612915e-02 2.250747010111808777e-02 1.284817792475223541e-02 1.250104308128356934e-01 3.215535730123519897e-02 7.507503614760935307e-04 1.935314573347568512e-02 5.361827835440635681e-02 3.027910552918910980e-02 4.195947572588920593e-02 1.530295331031084061e-02 6.347338855266571045e-02 6.437043845653533936e-02 4.887307062745094299e-02 2.978512085974216461e-02 1.960236392915248871e-02 2.405662834644317627e-02 5.492952652275562286e-03 3.731074556708335876e-02 9.960890747606754303e-04 6.174900010228157043e-02 7.592844963073730469e-02 2.737610042095184326e-02 1.113107874989509583e-01 2.635107561945915222e-02 6.117410212755203247e-02 6.019694730639457703e-02 3.610955923795700073e-02 6.160932779312133789e-02 4.119355976581573486e-02 1.939039863646030426e-02 1.695420127362012863e-03 1.113210432231426239e-02 2.602302655577659607e-02 3.865418210625648499e-02 3.244821727275848389e-02 3.152496367692947388e-02 4.149716347455978394e-02 1.195118203759193420e-02 8.685118518769741058e-03 4.782582446932792664e-02 2.102339453995227814e-02 1.387052237987518311e-02 5.267424136400222778e-02 4.956489283358678222e-05 6.064139306545257568e-03 3.674205765128135681e-02 3.161334246397018433e-02 3.184251487255096436e-02 4.425891488790512085e-02 1.333870887756347656e-01 3.421426564455032349e-02 1.406878419220447540e-02 5.004398524761199951e-02 2.786954864859580994e-03 2.904338948428630829e-02 4.736264050006866455e-02 1.293721795082092285e-02 3.644540533423423767e-02 8.013442158699035645e-02 5.455896258354187012e-02 1.751957274973392487e-02 7.456785999238491058e-03 2.693269774317741394e-02 1.742528378963470459e-02 4.626660607755184174e-03 1.215825043618679047e-02 9.494415717199444771e-04 7.446064800024032593e-02 5.834028590470552444e-03 5.613384395837783813e-02 5.521481484174728394e-02 1.702629216015338898e-02 6.094678491353988647e-02 3.356205672025680542e-02 3.101800382137298584e-02 4.576437547802925110e-02 4.476802051067352295e-02 2.165645547211170197e-02 1.750309951603412628e-02 2.548590674996376038e-02 3.972304519265890121e-03 7.710630446672439575e-02 6.379636377096176147e-02 4.409028217196464539e-02 1.857687532901763916e-02 7.288848515599966049e-03 5.938402190804481506e-02 5.061090923845767975e-04 6.257654726505279541e-02 8.377131074666976929e-03 3.766770660877227783e-02 1.524412166327238083e-02 4.238360375165939331e-02 2.483388967812061310e-02 1.541456859558820724e-02 1.776138693094253540e-02 7.727731764316558838e-02 1.245405338704586029e-02 5.727473646402359009e-02 1.459659077227115631e-02 3.479362651705741882e-02 5.505847930908203125e-02 6.607220973819494247e-03 5.423429235816001892e-02 5.640415847301483154e-02 3.015711158514022827e-02 8.150415122509002686e-02 6.098541617393493652e-02
