2.784899249672889709e-02 2.001791447401046753e-01 6.523872911930084229e-02 1.734912768006324768e-02 3.213847801089286804e-02 2.129848003387451172e-01 1.419354677200317383e-01 1.117606554180383682e-02 2.475288324058055878e-02 2.909017167985439301e-02 1.491230130195617676e-01 2.911704778671264648e-02 5.386113375425338745e-02 4.381649941205978394e-02 6.973116844892501831e-02 5.075212568044662476e-02 5.124341696500778198e-02 3.446848131716251373e-05 4.998952150344848633e-03 5.638939794152975082e-03 4.927128925919532776e-02 6.466770544648170471e-03 4.030569642782211304e-02 4.795636981725692749e-02 1.565562188625335693e-02 1.250085700303316116e-02 2.606976777315139771e-02 3.531503304839134216e-02 4.302352666854858398e-02 2.875116653740406036e-02 8.116473257541656494e-02 2.657801657915115356e-02 9.061577916145324707e-02 3.951464220881462097e-02 5.313920974731445312e-02 6.149836629629135132e-02 7.414119318127632141e-03 6.041062995791435242e-03 2.926171198487281799e-02 4.046256095170974731e-02 5.310503393411636353e-02 3.147406503558158875e-02 1.919221505522727966e-02 1.242839824408292770e-02 1.196433324366807938e-02 7.918237149715423584e-02 1.045425012707710266e-01 1.309110596776008606e-02 1.766468212008476257e-02 1.439635455608367920e-02 1.216264558024704456e-03 8.454388007521629333e-03 2.690069749951362610e-02 2.130486071109771729e-02 8.870565891265869141e-02 3.730247169733047485e-02 1.361791044473648071e-02 6.155658885836601257e-02 3.089698031544685364e-02 8.258106186985969543e-03 4.967040382325649261e-03 1.567410188727080822e-03 1.112305279821157455e-02 8.761432021856307983e-03 2.220168896019458771e-02 6.098030880093574524e-02 2.420572377741336823e-02 4.462116584181785583e-02 1.247432827949523926e-02 2.638437040150165558e-02 1.607421226799488068e-02 1.177319604903459549e-02 7.511851843446493149e-03 5.148452520370483398e-02 5.185615643858909607e-02 1.806950755417346954e-02 1.043804641813039780e-02 7.218276150524616241e-03 8.955769240856170654e-03 6.327690929174423218e-02 8.589059114456176758e-03 1.569105684757232666e-02 2.439478598535060883e-02 3.336182981729507446e-02 5.395589396357536316e-02 1.129306256771087646e-01 5.909750610589981079e-02 1.340903900563716888e-02 3.005755506455898285e-02 2.295759879052639008e-02 1.693784579401835799e-04 3.332785889506340027e-02 3.818684443831443787e-02 3.340076655149459839e-02 2.734033390879631042e-02 3.442806378006935120e-02 2.883955836296081543e-02 1.437847688794136047e-02 5.925631150603294373e-03 6.707334518432617188e-02 3.084607422351837158e-02 1.678984425961971283e-02 2.244016155600547791e-02 5.177141726016998291e-02 1.167504303157329559e-02 3.140563517808914185e-02 2.525404281914234161e-02 7.549934834241867065e-02 3.621205314993858337e-02 4.900651052594184875e-02 1.432476658374071121e-02 4.596290737390518188e-02 3.516915813088417053e-02 8.786311373114585876e-03 3.456323407590389252e-03 5.025206506252288818e-02
2.001791447401046753e-01 4.456794261932373047e-02 2.238524518907070160e-02 4.158760607242584229e-02 3.607353195548057556e-03 5.528495088219642639e-02 1.327589303255081177e-01 2.243918180465698242e-02 1.045686309225857258e-03 1.179688423871994019e-02 1.035466417670249939e-01 2.917288616299629211e-02 1.243018358945846558e-01 2.290903404355049133e-02 2.595410309731960297e-02 7.087179459631443024e-03 3.959940373897552490e-02 2.055297046899795532e-02 3.465776890516281128e-02 3.354388475418090820e-02 1.343324407935142517e-02 7.901486940681934357e-03 4.060862585902214050e-02 2.145109698176383972e-03 4.765694029629230499e-03 1.639648526906967163e-02 1.753341406583786011e-02 1.993600465357303619e-02 4.703827947378158569e-02 1.545718405395746231e-02 3.118684329092502594e-02 5.944796372205018997e-03 1.249782368540763855e-02 3.707220312207937241e-03 2.916296198964118958e-02 5.629143118858337402e-02 3.162781149148941040e-02 2.081519551575183868e-02 1.490181218832731247e-02 2.956873364746570587e-02 7.739050313830375671e-03 7.731869071722030640e-02 2.603925298899412155e-03 4.150312393903732300e-02 5.358009133487939835e-03 5.149380303919315338e-03 6.557521224021911621e-02 7.800307124853134155e-02 1.164088677614927292e-02 4.868204891681671143e-02 2.487769350409507751e-02 1.444207690656185150e-02 1.816626451909542084e-02 3.882483113557100296e-03 5.439484119415283203e-02 1.013038773089647293e-02 5.907028913497924805e-03 2.623743563890457153e-02 2.755626849830150604e-02 9.905994869768619537e-03 1.186298020184040070e-02 2.557338215410709381e-02 2.719654701650142670e-02 7.245476543903350830e-02 9.931669570505619049e-03 1.602354459464550018e-03 4.286142811179161072e-02 4.774892586283385754e-04 1.206147111952304840e-02 1.786083541810512543e-02 4.604838788509368896e-02 6.968892179429531097e-03 2.470115199685096741e-02 6.575617007911205292e-04 9.051353670656681061e-03 9.377047419548034668e-03 4.040733911097049713e-03 4.382976330816745758e-03 1.182171795517206192e-02 1.822148077189922333e-02 2.351701259613037109e-02 3.406006144359707832e-03 2.340115606784820557e-02 6.355039775371551514e-02 4.590944945812225342e-02 8.313389122486114502e-02 2.546793036162853241e-02 7.319081341847777367e-04 2.129710838198661804e-02 4.636171832680702209e-02 4.636837169528007507e-02 1.910781487822532654e-02 1.147976797074079514e-02 4.966790787875652313e-03 6.026709452271461487e-03 5.988198681734502316e-04 2.159864082932472229e-02 7.542972918599843979e-03 2.511001005768775940e-02 7.348947227001190186e-03 9.034049697220325470e-03 4.501308285398408771e-05 2.387975342571735382e-02 2.007060870528221130e-02 2.553390525281429291e-02 1.179388444870710373e-02 4.182342067360877991e-02 5.718788504600524902e-02 9.764813818037509918e-03 6.627971678972244263e-02 2.329046139493584633e-03 4.221229627728462219e-02 6.843931227922439575e-02 1.417138148099184036e-03 2.571024931967258453e-02 4.944336414337158203e-02
6.523872911930084229e-02 2.238524518907070160e-02 4.327151924371719360e-02 2.670890092849731445e-02 4.210116714239120483e-02 3.749076277017593384e-03 7.779285311698913574e-03 1.882763057947158813e-01 3.784334659576416016e-02 7.013899274170398712e-03 3.058957494795322418e-02 3.898100927472114563e-03 4.040095210075378418e-02 5.598014220595359802e-02 8.662761747837066650e-02 8.664279431104660034e-02 7.010047882795333862e-02 6.189312785863876343e-03 9.454365819692611694e-03 1.028538588434457779e-02 5.006418377161026001e-02 1.130756214261054993e-01 7.313083857297897339e-02 6.782054901123046875e-02 3.478479385375976562e-02 3.256893157958984375e-02 3.314081206917762756e-02 4.375737532973289490e-02 1.345549058169126511e-02 3.528994321823120117e-02 2.970110997557640076e-02 3.312276303768157959e-02 4.219664633274078369e-02 1.366928964853286743e-02 4.062060639262199402e-02 1.221277751028537750e-03 5.334231257438659668e-02 6.379507482051849365e-02 4.054235294461250305e-02 2.559976652264595032e-02 7.947937399148941040e-02 3.685533255338668823e-02 2.753800712525844574e-02 7.274411618709564209e-02 2.227566391229629517e-02 4.978157952427864075e-02 2.320988476276397705e-02 2.615088410675525665e-02 3.198417276144027710e-02 2.044852823019027710e-02 2.240280620753765106e-02 6.894018501043319702e-02 3.009927459061145782e-02 1.209765858948230743e-02 1.841042935848236084e-02 3.568163514137268066e-02 2.257810346782207489e-02 3.210253641009330750e-02 3.437089500948786736e-03 2.881517633795738220e-02 4.364964365959167480e-02 5.153983831405639648e-02 9.705523401498794556e-02 5.130119249224662781e-02 1.389071810990571976e-02 3.358856961131095886e-02 1.171290688216686249e-02 7.328406441956758499e-03 5.769823119044303894e-02 5.125796422362327576e-02 1.907528028823435307e-03 2.467992156744003296e-02 4.782923497259616852e-03 5.787720158696174622e-02 3.432139381766319275e-02 1.582763902842998505e-02 4.653009027242660522e-02 2.756435191258788109e-03 8.571930229663848877e-03 1.550607103854417801e-02 1.543696969747543335e-01 6.665756553411483765e-02 6.275699287652969360e-02 5.732832103967666626e-02 7.192533463239669800e-02 8.112847059965133667e-02 9.282819926738739014e-02 5.288265272974967957e-02 2.704876661300659180e-02 9.705948643386363983e-03 2.978434413671493530e-02 1.892034895718097687e-02 2.915194071829319000e-02 4.443417116999626160e-02 1.038549561053514481e-02 7.168530719354748726e-04 2.580438740551471710e-02 3.429448977112770081e-02 4.106885939836502075e-02 1.082560643553733826e-01 3.704606741666793823e-02 4.269436001777648926e-02 5.496390163898468018e-02 2.757709845900535583e-02 6.283839792013168335e-02 3.468033298850059509e-02 2.909931167960166931e-02 2.722168341279029846e-02 5.332143604755401611e-02 2.225530147552490234e-02 4.258181154727935791e-02 6.322467327117919922e-02 2.680393122136592865e-02 6.406485289335250854e-02 1.300459634512662888e-02 2.463204599916934967e-02
1.734912768006324768e-02 4.158760607242584229e-02 2.670890092849731445e-02 2.741399779915809631e-02 2.829440832138061523e-01 1.797280646860599518e-02 3.419619053602218628e-02 1.796806976199150085e-02 1.983091235160827637e-03 1.519042067229747772e-02 1.171916164457798004e-02 3.352380543947219849e-02 3.389187157154083252e-02 2.973309718072414398e-02 5.475581437349319458e-02 1.995504647493362427e-02 6.845825910568237305e-02 1.519538834691047668e-02 5.958922207355499268e-02 1.472109183669090271e-02 4.792249575257301331e-02 3.658335655927658081e-03 3.122134134173393250e-02 3.814102709293365479e-02 2.225386910140514374e-02 5.325836315751075745e-02 2.687177807092666626e-02 2.628001384437084198e-02 5.175196379423141479e-02 1.264271792024374008e-02 1.016619428992271423e-02 3.459953889250755310e-02 9.405684471130371094e-02 7.436931133270263672e-02 4.123682901263237000e-02 2.170590870082378387e-02 2.376830019056797028e-02 1.237592659890651703e-02 4.943815246224403381e-02 4.289450496435165405e-02 6.161402910947799683e-02 2.937901532277464867e-03 3.909920901060104370e-02 7.296159863471984863e-02 2.763056429103016853e-03 4.977086558938026428e-03 6.560916453599929810e-02 2.213031053543090820e-03 1.610016264021396637e-02 1.399605162441730499e-02 2.960926387459039688e-03 2.560395747423171997e-02 7.062633335590362549e-02 4.423057287931442261e-02 1.279298402369022369e-02 4.759116098284721375e-02 4.364893212914466858e-02 6.795723736286163330e-02 5.431507900357246399e-02 1.888380199670791626e-02 2.242717705667018890e-02 6.484998762607574463e-02 1.124801039695739746e-01 1.212149113416671753e-01 3.436496481299400330e-02 1.525666657835245132e-02 4.204329475760459900e-02 1.419130247086286545e-02 3.962943702936172485e-02 2.833949774503707886e-02 2.045046538114547729e-03 7.709226105362176895e-03 1.610009819269180298e-01 2.388391178101301193e-03 2.898858301341533661e-02 1.940307766199111938e-02 4.939369857311248779e-03 4.485948756337165833e-02 6.991959363222122192e-02 2.555552497506141663e-02 2.839804068207740784e-02 1.085768043994903564e-01 1.780910789966583252e-01 4.132886603474617004e-02 2.902283146977424622e-02 6.953871250152587891e-02 5.842045415192842484e-03 7.378623634576797485e-02 6.053451821208000183e-02 1.115540787577629089e-02 5.487672984600067139e-02 1.957717165350914001e-02 4.174686223268508911e-02 1.329767797142267227e-02 5.656278133392333984e-02 2.700104936957359314e-02 4.046468436717987061e-02 3.501425310969352722e-02 3.043319843709468842e-02 1.739287376403808594e-02 2.732577733695507050e-02 7.325088605284690857e-03 1.327448245137929916e-02 4.060845449566841125e-02 3.417384251952171326e-02 4.678472504019737244e-02 5.082295462489128113e-02 4.635655879974365234e-02 2.488457970321178436e-02 2.699586190283298492e-02 4.230334423482418060e-03 1.924382522702217102e-02 7.542100548744201660e-02 1.025516074150800705e-02 1.320881117135286331e-02 6.591344624757766724e-02
3.213847801089286804e-02 3.607353195548057556e-03 4.210116714239120483e-02 2.829440832138061523e-01 2.940701879560947418e-02 5.651950370520353317e-03 4.754814133048057556e-02 4.288566112518310547e-02 5.285723134875297546e-03 1.100164721719920635e-03 7.268876582384109497e-02 3.386734798550605774e-02 7.133176084607839584e-03 4.715122282505035400e-02 1.504525635391473770e-02 4.531837627291679382e-02 3.936547040939331055e-02 6.455706432461738586e-03 4.089221358299255371e-02 4.587319865822792053e-02 1.206998992711305618e-02 2.431652136147022247e-02 1.268953736871480942e-02 1.564612425863742828e-02 5.368244647979736328e-02 3.941726684570312500e-02 3.386918827891349792e-02 4.960088431835174561e-02 1.010876055806875229e-02 1.555418502539396286e-02 1.685494557023048401e-02 2.525905845686793327e-03 2.290379069745540619e-02 2.237012796103954315e-02 7.311522960662841797e-02 1.386245898902416229e-02 3.524418547749519348e-02 6.526116747409105301e-03 4.292527958750724792e-02 1.569213718175888062e-01 7.517769932746887207e-02 1.042855065315961838e-02 2.262233570218086243e-02 3.372145071625709534e-02 3.578378586098551750e-03 2.243529446423053741e-02 4.294512048363685608e-02 4.988124128431081772e-04 2.027430012822151184e-02 1.793883368372917175e-02 1.348460931330919266e-02 3.183991461992263794e-02 3.772811591625213623e-02 2.055956982076168060e-02 1.880542747676372528e-02 6.610571593046188354e-02 1.381275360472500324e-04 1.949667744338512421e-02 5.299880355596542358e-02 8.499451726675033569e-02 3.212255984544754028e-02 5.017134174704551697e-02 1.694202609360218048e-02 1.537288166582584381e-02 1.437915023416280746e-02 1.750188693404197693e-02 1.333642657846212387e-02 3.687574341893196106e-02 9.412503242492675781e-02 2.561345696449279785e-02 3.408705443143844604e-02 2.701283246278762817e-02 7.915683835744857788e-02 1.993492245674133301e-02 1.260229349136352539e-01 4.811776801943778992e-02 2.524677850306034088e-02 5.159600172191858292e-03 2.329807914793491364e-02 5.868159234523773193e-02 5.474290251731872559e-02 1.054892688989639282e-01 8.784728497266769409e-02 7.073827087879180908e-02 7.419512420892715454e-02 4.836840555071830750e-02 4.835811257362365723e-02 3.825074061751365662e-02 3.804641589522361755e-02 3.158723190426826477e-02 5.825079861097037792e-04 2.872949466109275818e-02 5.964237079024314880e-02 1.036003115586936474e-03 4.829123616218566895e-02 4.447278752923011780e-02 5.800442770123481750e-03 7.422309368848800659e-02 2.226257324218750000e-02 2.494112029671669006e-02 8.166921325027942657e-03 1.524686906486749649e-02 3.815109655261039734e-02 7.360374927520751953e-02 2.380617335438728333e-02 7.079726457595825195e-02 1.675024628639221191e-02 3.111147508025169373e-02 1.874938723631203175e-03 5.136539787054061890e-02 8.416014723479747772e-03 7.359229028224945068e-02 2.968957275152206421e-02 1.543387398123741150e-02 2.498348802328109741e-02 7.275285571813583374e-02
2.129848003387451172e-01 5.528495088219642639e-02 3.749076277017593384e-03 1.797280646860599518e-02 5.651950370520353317e-03 3.614823333919048309e-03 1.914999037981033325e-01 3.778455406427383423e-02 4.920657351613044739e-02 2.135666273534297943e-02 8.274228125810623169e-02 9.183282405138015747e-02 4.585960879921913147e-02 3.462657704949378967e-02 8.231143467128276825e-03 3.148853406310081482e-02 2.865097485482692719e-03 5.151857063174247742e-02 6.727735698223114014e-02 2.029999159276485443e-02 5.634264089167118073e-03 4.569994751363992691e-03 5.793822929263114929e-02 5.884053185582160950e-02 1.421290100552141666e-03 4.692492366302758455e-04 3.262385725975036621e-02 1.050652712583541870e-01 7.234644144773483276e-02 1.011367738246917725e-01 5.756261572241783142e-02 1.179260574281215668e-02 4.362796619534492493e-02 5.907825008034706116e-02 7.473640888929367065e-02 2.696781605482101440e-02 6.056688725948333740e-02 3.233179450035095215e-02 3.172775264829397202e-03 1.657855510711669922e-02 3.810066357254981995e-02 3.548860782757401466e-03 2.781867980957031250e-02 4.098101332783699036e-02 5.788861587643623352e-02 9.366677701473236084e-02 1.924512088298797607e-01 3.519563749432563782e-02 4.796789959073066711e-02 3.732064273208379745e-03 9.340764954686164856e-04 4.473686683923006058e-03 2.197930589318275452e-02 3.895988222211599350e-03 2.980406954884529114e-02 4.408451914787292480e-02 7.075692713260650635e-02 6.478241086006164551e-02 5.767660960555076599e-02 4.453474655747413635e-02 3.718758001923561096e-02 1.230092812329530716e-02 4.446999356150627136e-02 1.718677394092082977e-02 8.866526931524276733e-02 7.560630142688751221e-02 6.976698338985443115e-02 5.625816807150840759e-02 3.236588090658187866e-02 4.486397653818130493e-02 3.818134218454360962e-02 9.970437735319137573e-02 2.518176101148128510e-02 7.540856301784515381e-02 2.543515898287296295e-02 7.790032029151916504e-02 5.286605563014745712e-03 1.150317788124084473e-01 4.009991884231567383e-02 2.573373727500438690e-02 1.206126883625984192e-01 3.818993270397186279e-02 8.105039596557617188e-02 2.237926237285137177e-03 2.184779942035675049e-02 2.274937927722930908e-02 3.383018076419830322e-02 1.930621452629566193e-02 9.869514964520931244e-03 6.248977407813072205e-02 1.297933422029018402e-02 2.959976159036159515e-02 1.097823586314916611e-02 1.415198086760938168e-03 4.495111759752035141e-03 5.268007516860961914e-02 6.046630069613456726e-02 6.199180334806442261e-02 8.290680497884750366e-02 8.080141991376876831e-02 3.937275707721710205e-02 2.965950965881347656e-02 2.781445533037185669e-02 2.029183320701122284e-02 3.682139143347740173e-02 5.513327568769454956e-02 1.052898727357387543e-02 2.008771337568759918e-02 3.858613222837448120e-02 3.410444781184196472e-02 2.311854623258113861e-02 1.130354870110750198e-02 4.204005748033523560e-02 8.016501553356647491e-03 2.837834879755973816e-02 2.509031258523464203e-02
1.419354677200317383e-01 1.327589303255081177e-01 7.779285311698913574e-03 3.419619053602218628e-02 4.754814133048057556e-02 1.914999037981033325e-01 5.721120163798332214e-02 1.525605656206607819e-02 2.647044323384761810e-02 1.877067610621452332e-02 6.339292973279953003e-02 5.607572570443153381e-02 2.311277203261852264e-02 3.578161448240280151e-02 8.973357267677783966e-03 2.535427687689661980e-03 3.230018168687820435e-02 4.518023133277893066e-02 2.839731751009821892e-03 4.290464799851179123e-03 2.536919666454195976e-03 3.193987160921096802e-02 3.430670127272605896e-02 1.267950283363461494e-03 1.141626853495836258e-02 4.179866053164005280e-03 2.623065002262592316e-02 4.447155818343162537e-02 2.569816820323467255e-02 1.819585822522640228e-02 2.233874797821044922e-02 1.209454145282506943e-02 1.387231145054101944e-02 7.926869206130504608e-03 2.760108560323715210e-02 1.425100117921829224e-02 5.440331064164638519e-03 2.322138845920562744e-02 7.213245332241058350e-02 4.147908091545104980e-02 2.018829062581062317e-02 4.096384719014167786e-02 7.534199208021163940e-02 8.958209306001663208e-03 1.957108266651630402e-02 7.250433415174484253e-02 1.283402740955352783e-01 1.476674079895019531e-01 3.911531344056129456e-02 3.087808936834335327e-02 1.820617541670799255e-02 1.658265292644500732e-02 1.021000905893743038e-03 1.969731785356998444e-02 1.147054787725210190e-02 1.802003011107444763e-02 5.366322118788957596e-03 3.751913830637931824e-02 2.839729748666286469e-02 3.473240509629249573e-02 6.826023012399673462e-02 1.268658321350812912e-02 1.396720297634601593e-03 4.879003856331110001e-03 6.513120979070663452e-02 1.700828899629414082e-03 2.159969322383403778e-02 2.159649319946765900e-02 5.151263321749866009e-04 5.089121684432029724e-02 2.874348079785704613e-03 4.615365341305732727e-02 7.881131954491138458e-03 1.132522523403167725e-02 5.981302633881568909e-02 2.924128249287605286e-02 4.828963428735733032e-03 4.398236423730850220e-02 3.052015416324138641e-02 5.651334766298532486e-03 1.375852432101964951e-02 1.968989521265029907e-02 9.441805072128772736e-03 2.105104736983776093e-03 4.589926078915596008e-02 2.120832167565822601e-02 2.048585936427116394e-02 4.250097274780273438e-02 7.034751120954751968e-03 2.996688010171055794e-03 4.795535281300544739e-02 2.914281375706195831e-02 1.283580251038074493e-02 4.293180070817470551e-03 2.213273942470550537e-02 3.936970606446266174e-02 1.993400976061820984e-03 4.926162213087081909e-02 1.061809132806956768e-03 9.785645641386508942e-03 1.444207970052957535e-02 3.504081815481185913e-02 1.427509356290102005e-02 1.222988590598106384e-02 3.767509013414382935e-02 4.508059471845626831e-02 2.835634350776672363e-02 1.310082804411649704e-02 1.912621781229972839e-02 1.088102441281080246e-02 7.282814383506774902e-02 1.480616163462400436e-02 4.722317680716514587e-02 9.198554791510105133e-03 1.675804145634174347e-02 1.583559066057205200e-02
1.117606554180383682e-02 2.243918180465698242e-02 1.882763057947158813e-01 1.796806976199150085e-02 4.288566112518310547e-02 3.778455406427383423e-02 1.525605656206607819e-02 5.913782119750976562e-02 3.706733882427215576e-02 3.434800356626510620e-02 2.036147378385066986e-02 3.304614499211311340e-02 7.368120364844799042e-03 3.568311408162117004e-02 5.368073657155036926e-02 1.088775470852851868e-01 4.994567856192588806e-02 1.602415926754474640e-02 6.271880120038986206e-04 5.546936299651861191e-03 3.648960217833518982e-02 8.392605930566787720e-02 7.723949104547500610e-02 8.205534517765045166e-02 6.425929069519042969e-02 4.498299583792686462e-02 2.777632325887680054e-02 1.688429038040339947e-03 1.143415831029415131e-02 2.412337996065616608e-02 2.064507454633712769e-02 1.211041957139968872e-02 3.342686966061592102e-02 2.512430213391780853e-02 9.744036942720413208e-03 4.937002807855606079e-02 1.875803340226411819e-03 2.757027396000921726e-04 1.144091971218585968e-02 7.220350205898284912e-02 7.883063703775405884e-02 3.043853491544723511e-02 4.497686401009559631e-02 3.368225879967212677e-04 9.340462274849414825e-03 1.685174368321895599e-02 2.239690534770488739e-02 2.717253752052783966e-02 1.618670299649238586e-02 3.544221818447113037e-02 2.647865191102027893e-02 1.278794463723897934e-02 3.116245614364743233e-03 1.160410419106483459e-02 1.029315441846847534e-01 5.080509465187788010e-03 6.469920277595520020e-03 2.793707326054573059e-02 8.661741763353347778e-02 2.178089879453182220e-02 5.856126174330711365e-02 3.926916047930717468e-02 6.355606019496917725e-02 5.178340896964073181e-02 3.643156960606575012e-02 1.047387439757585526e-02 3.277363954111933708e-03 7.221522275358438492e-03 3.969452157616615295e-02 9.975121356546878815e-04 4.177454486489295959e-02 1.490061171352863312e-02 3.794282302260398865e-02 5.058021470904350281e-02 7.195346802473068237e-02 5.092773959040641785e-02 3.204522281885147095e-02 2.491722442209720612e-02 4.720072727650403976e-03 1.531716622412204742e-02 1.778979003429412842e-01 1.101932674646377563e-01 1.765640079975128174e-02 5.606989562511444092e-02 4.517197236418724060e-02 2.707492001354694366e-02 8.223777264356613159e-02 5.826363712549209595e-02 1.043514683842658997e-01 4.561966657638549805e-02 3.384822979569435120e-02 4.194531589746475220e-02 4.012072458863258362e-02 1.420048251748085022e-02 4.159207269549369812e-02 5.804907158017158508e-02 5.008728802204132080e-02 8.674019016325473785e-03 2.825843915343284607e-02 4.516410082578659058e-02 2.045555040240287781e-03 1.140789408236742020e-02 2.653925679624080658e-02 4.103479161858558655e-02 3.891876339912414551e-02 2.899462589994072914e-03 9.009172767400741577e-02 2.193115418776869774e-03 7.293000817298889160e-03 1.330049801617860794e-02 4.807566851377487183e-02 6.803419906646013260e-03 2.274408005177974701e-02 1.175902038812637329e-02 5.689078941941261292e-02 9.548218920826911926e-03
2.475288324058055878e-02 1.045686309225857258e-03 3.784334659576416016e-02 1.983091235160827637e-03 5.285723134875297546e-03 4.920657351613044739e-02 2.647044323384761810e-02 3.706733882427215576e-02 2.408572658896446228e-02 3.447583690285682678e-02 8.755156770348548889e-03 4.050161689519882202e-02 2.309483848512172699e-02 5.647867545485496521e-02 4.240125417709350586e-03 8.005664683878421783e-03 1.552141737192869186e-02 1.807652562856674194e-01 5.250655859708786011e-02 7.317421585321426392e-02 5.808345600962638855e-02 1.462874375283718109e-02 8.004066348075866699e-02 5.017069354653358459e-02 4.681254178285598755e-02 5.640925094485282898e-02 2.725134044885635376e-02 5.006061866879463196e-03 5.006884690374135971e-03 2.058401936665177345e-03 9.498217841610312462e-04 1.206051441840827465e-03 3.437383845448493958e-02 5.987347662448883057e-02 6.829456984996795654e-02 8.071072399616241455e-02 3.039489686489105225e-02 3.343119472265243530e-02 4.128958657383918762e-02 9.485184215009212494e-03 2.972357161343097687e-02 2.836264437064528465e-03 5.816504731774330139e-02 1.608950830996036530e-02 1.855165883898735046e-02 4.409975558519363403e-02 2.945900149643421173e-02 3.218095377087593079e-02 3.142947703599929810e-02 5.099522322416305542e-02 1.051165163516998291e-01 9.066891670227050781e-02 6.213867105543613434e-03 1.441393978893756866e-02 9.914528578519821167e-02 8.579322695732116699e-02 3.418510407209396362e-02 7.238397747278213501e-02 2.980801276862621307e-02 1.654487848281860352e-02 1.349026560783386230e-01 9.925808012485504150e-02 6.482954323291778564e-02 2.414517663419246674e-02 1.363169867545366287e-02 2.530457079410552979e-02 4.765253514051437378e-02 1.711826585233211517e-02 4.314455389976501465e-02 3.347698366269469261e-03 7.459415122866630554e-03 9.786170907318592072e-03 4.092768207192420959e-02 1.045071519911289215e-02 4.211094230413436890e-02 1.393674034625291824e-02 2.299654632806777954e-01 3.056681901216506958e-02 1.414618343114852905e-01 1.699184067547321320e-02 4.824406001716852188e-03 3.001917526125907898e-02 1.236091181635856628e-01 1.689684204757213593e-02 7.482909411191940308e-02 6.119589135050773621e-02 6.924140267074108124e-03 7.044012192636728287e-03 1.464008092880249023e-01 1.629613107070326805e-03 5.123281152918934822e-04 5.465670023113489151e-03 4.487659782171249390e-02 4.436797928065061569e-03 7.372542750090360641e-03 3.878791118040680885e-03 3.479061648249626160e-02 5.872624367475509644e-02 5.217609554529190063e-02 6.190551444888114929e-02 5.752077698707580566e-02 5.321991443634033203e-02 2.091550640761852264e-02 1.179764512926340103e-02 9.383624419569969177e-03 1.786016114056110382e-02 5.648554489016532898e-02 2.849633246660232544e-02 5.194956809282302856e-02 6.814897805452346802e-02 1.310752332210540771e-02 3.577199950814247131e-02 8.383808284997940063e-02 4.628119617700576782e-02 9.162979200482368469e-03 5.021200329065322876e-02
2.909017167985439301e-02 1.179688423871994019e-02 7.013899274170398712e-03 1.519042067229747772e-02 1.100164721719920635e-03 2.135666273534297943e-02 1.877067610621452332e-02 3.434800356626510620e-02 3.447583690285682678e-02 9.239267557859420776e-03 1.761866174638271332e-02 1.986711472272872925e-02 4.310150444507598877e-02 4.426418337970972061e-03 5.191679811105132103e-04 3.417457267642021179e-02 6.160228699445724487e-02 1.032376885414123535e-01 1.572805196046829224e-01 2.312226966023445129e-02 3.037716820836067200e-02 1.616783998906612396e-02 4.574866220355033875e-02 4.173938557505607605e-02 3.109530173242092133e-02 1.210281625390052795e-02 4.898471757769584656e-02 1.588754914700984955e-02 1.398604642599821091e-02 1.679407991468906403e-02 5.972329061478376389e-03 1.186984032392501831e-02 6.896610558032989502e-02 7.492274045944213867e-03 3.903761878609657288e-02 3.150457516312599182e-02 3.370076417922973633e-02 4.766413941979408264e-02 1.936751417815685272e-02 9.488009847700595856e-03 3.333763033151626587e-02 1.031173206865787506e-02 3.842418640851974487e-02 3.758943080902099609e-02 1.732654497027397156e-02 3.041577525436878204e-02 4.078246653079986572e-03 1.455789990723133087e-02 5.504798516631126404e-02 7.212496548891067505e-02 3.276800736784934998e-02 2.318448200821876526e-02 1.561593543738126755e-02 3.939403593540191650e-02 7.196768373250961304e-02 9.741050750017166138e-02 1.265001762658357620e-02 6.453283131122589111e-02 4.453456494957208633e-03 5.371311213821172714e-03 3.681106120347976685e-02 1.009551510214805603e-01 2.100375480949878693e-02 9.842783212661743164e-03 4.179583862423896790e-02 5.778516642749309540e-03 3.495499119162559509e-02 2.671580761671066284e-02 2.789266593754291534e-02 6.215424835681915283e-02 1.273381561040878296e-01 3.602711856365203857e-02 3.787677735090255737e-02 9.057470411062240601e-02 4.968923050910234451e-03 4.575055791065096855e-04 4.332997277379035950e-02 1.236214488744735718e-01 1.588952727615833282e-02 1.442801952362060547e-01 4.404383525252342224e-02 2.634051069617271423e-02 2.748907357454299927e-02 1.034836620092391968e-01 2.026668749749660492e-02 1.652021333575248718e-02 3.919911757111549377e-02 9.933002293109893799e-03 5.622382089495658875e-02 9.157318621873855591e-02 5.429387465119361877e-02 5.084820836782455444e-02 4.770037159323692322e-02 4.863939061760902405e-02 4.523685667663812637e-03 1.919043064117431641e-02 1.616009697318077087e-02 2.410195447737351060e-04 2.000503800809383392e-02 5.166338756680488586e-03 2.240410447120666504e-02 6.931085139513015747e-02 3.598795458674430847e-02 4.046485945582389832e-02 3.119274973869323730e-02 4.260548949241638184e-02 3.686488792300224304e-02 4.710869118571281433e-02 3.222985938191413879e-02 5.555130541324615479e-02 2.311696670949459076e-02 5.633865296840667725e-02 1.212855568155646324e-03 4.178571980446577072e-03 9.338088333606719971e-02 5.933160707354545593e-02
1.491230130195617676e-01 1.035466417670249939e-01 3.058957494795322418e-02 1.171916164457798004e-02 7.268876582384109497e-02 8.274228125810623169e-02 6.339292973279953003e-02 2.036147378385066986e-02 8.755156770348548889e-03 1.761866174638271332e-02 3.960235044360160828e-02 5.047556012868881226e-02 1.151811480522155762e-01 3.125040233135223389e-02 7.785834372043609619e-02 1.099209953099489212e-02 1.688411086797714233e-02 6.743429694324731827e-03 1.302449125796556473e-02 9.921943768858909607e-03 1.385764917358756065e-03 2.549635618925094604e-02 3.712909668684005737e-02 3.086036071181297302e-02 6.644839048385620117e-02 4.582741821650415659e-04 1.698467880487442017e-02 3.828527405858039856e-02 3.955482318997383118e-02 2.047886513173580170e-02 8.323084563016891479e-03 1.904211007058620453e-02 2.602402493357658386e-02 3.458606544882059097e-03 1.200625021010637283e-02 2.041493915021419525e-02 8.821015246212482452e-03 1.468451600521802902e-02 1.904776878654956818e-02 4.440762102603912354e-02 4.041234031319618225e-02 2.746123448014259338e-02 2.969606406986713409e-02 3.583380952477455139e-02 1.425126334652304649e-03 3.322320803999900818e-02 6.374967098236083984e-02 2.393066324293613434e-02 8.377052843570709229e-03 3.473823517560958862e-02 2.305095270276069641e-02 1.267493981868028641e-02 6.970727117732167244e-04 4.710414260625839233e-02 1.767390407621860504e-02 2.108587324619293213e-02 3.277503699064254761e-02 4.107663780450820923e-02 3.513201326131820679e-02 2.909581735730171204e-02 1.033137738704681396e-02 3.636935353279113770e-02 4.053825046867132187e-03 1.225388050079345703e-02 4.760640114545822144e-02 1.991528831422328949e-02 1.108418125659227371e-02 1.149110402911901474e-02 6.977825541980564594e-04 2.504082582890987396e-02 4.657755047082901001e-02 5.095259845256805420e-02 1.434570644050836563e-02 5.383433774113655090e-02 4.124630987644195557e-02 1.133068837225437164e-02 2.330842800438404083e-02 5.079687573015689850e-03 4.909416195005178452e-03 5.518768727779388428e-02 1.799231395125389099e-02 5.043497309088706970e-02 9.680174291133880615e-03 1.862582378089427948e-02 7.247956469655036926e-03 1.364011317491531372e-02 4.988277330994606018e-02 4.957553371787071228e-02 7.657893002033233643e-03 5.517926439642906189e-02 2.095888368785381317e-02 5.557044595479965210e-02 1.133960019797086716e-02 4.307986050844192505e-02 3.397915139794349670e-02 3.787101805210113525e-02 2.820084989070892334e-02 3.516117110848426819e-02 3.636917471885681152e-02 1.575601845979690552e-02 1.875528879463672638e-02 9.860187768936157227e-03 5.078951828181743622e-03 7.524784654378890991e-02 2.180594578385353088e-02 8.279137313365936279e-02 4.727940261363983154e-02 7.770537049509584904e-04 7.284118793904781342e-03 3.224478662014007568e-02 1.917152106761932373e-02 3.179851919412612915e-02 1.326088234782218933e-02 2.696269564330577850e-02 3.926113247871398926e-03 4.246113449335098267e-02
2.911704778671264648e-02 2.917288616299629211e-02 3.898100927472114563e-03 3.352380543947219849e-02 3.386734798550605774e-02 9.183282405138015747e-02 5.607572570443153381e-02 3.304614499211311340e-02 4.050161689519882202e-02 1.986711472272872925e-02 5.047556012868881226e-02 1.594745554029941559e-02 1.501746848225593567e-02 2.271355986595153809e-01 8.265396952629089355e-02 2.656897529959678650e-02 1.647979021072387695e-03 3.943949937820434570e-02 1.817006245255470276e-02 9.839965030550956726e-03 3.754785656929016113e-02 2.582704462110996246e-02 6.015885621309280396e-02 4.463982209563255310e-02 3.587000444531440735e-02 8.016707748174667358e-02 1.683473773300647736e-02 1.428212076425552368e-01 1.967836916446685791e-02 1.550601869821548462e-01 5.309972912073135376e-02 1.412561815232038498e-02 1.251469179987907410e-02 4.580978304147720337e-02 5.454822257161140442e-02 9.499318897724151611e-02 2.855254895985126495e-02 4.886249825358390808e-02 3.625211864709854126e-02 3.712606616318225861e-03 4.617473483085632324e-02 1.165422797203063965e-02 3.722499823197722435e-03 3.921983763575553894e-02 1.541166752576828003e-01 1.974980160593986511e-02 4.607600567396730185e-04 1.206201501190662384e-02 5.868316814303398132e-02 8.883991278707981110e-03 9.862881898880004883e-02 8.236932335421442986e-04 3.491703048348426819e-02 1.664927694946527481e-03 5.883384123444557190e-02 9.535998688079416752e-04 9.446907788515090942e-02 4.662232473492622375e-02 7.820457103662192822e-04 1.109366887249052525e-03 3.307482227683067322e-02 4.817396402359008789e-02 2.445763535797595978e-02 5.650983750820159912e-02 6.888782978057861328e-02 5.258098617196083069e-02 7.460404187440872192e-03 3.183458931744098663e-03 5.067304149270057678e-02 5.512972548604011536e-02 3.542644903063774109e-02 3.415841236710548401e-02 2.887165406718850136e-03 1.055031456053256989e-02 5.979894194751977921e-04 1.849367842078208923e-02 1.436602920293807983e-01 3.471523150801658630e-02 8.041135966777801514e-02 2.963491715490818024e-02 1.909304969012737274e-02 7.835790514945983887e-03 6.224261596798896790e-02 1.527583785355091095e-02 6.610981188714504242e-03 5.498642846941947937e-02 1.694592833518981934e-02 2.989190630614757538e-02 5.447931587696075439e-02 1.238816138356924057e-02 3.073629923164844513e-02 4.332898184657096863e-02 3.434738516807556152e-02 1.899960823357105255e-02 2.747148275375366211e-02 2.809212915599346161e-02 9.641257673501968384e-02 7.291075587272644043e-02 3.771122917532920837e-02 3.044738061726093292e-02 4.329843819141387939e-02 4.822882264852523804e-02 3.711961209774017334e-02 3.526816144585609436e-02 4.013085365295410156e-02 1.652701757848262787e-02 4.911333695054054260e-02 7.939248532056808472e-02 1.053909678012132645e-02 3.851651400327682495e-02 3.467366099357604980e-02 2.716064453125000000e-02 4.313046112656593323e-02 4.486220329999923706e-02 6.757529452443122864e-03 7.051600143313407898e-03
5.386113375425338745e-02 1.243018358945846558e-01 4.040095210075378418e-02 3.389187157154083252e-02 7.133176084607839584e-03 4.585960879921913147e-02 2.311277203261852264e-02 7.368120364844799042e-03 2.309483848512172699e-02 4.310150444507598877e-02 1.151811480522155762e-01 1.501746848225593567e-02 4.548866674304008484e-02 6.206767261028289795e-02 4.249169677495956421e-02 3.127894364297389984e-03 2.709768712520599365e-02 3.173196315765380859e-02 2.388179115951061249e-02 2.631895989179611206e-02 3.143504261970520020e-02 2.542956359684467316e-02 5.420694500207901001e-02 4.172578454017639160e-03 6.183348596096038818e-02 3.446726873517036438e-02 1.499113999307155609e-02 1.368990913033485413e-02 6.441833823919296265e-02 2.900778874754905701e-02 1.311607211828231812e-01 2.984913066029548645e-02 4.119045566767454147e-03 2.727107610553503036e-03 5.593350622802972794e-03 1.364005543291568756e-02 2.766368910670280457e-02 3.182889893651008606e-02 4.562364146113395691e-02 1.156670972704887390e-02 6.130435690283775330e-02 1.046620961278676987e-02 1.210059504956007004e-02 1.181124430149793625e-02 8.673973381519317627e-02 2.624416258186101913e-03 1.333896722644567490e-02 7.716346532106399536e-02 1.982034929096698761e-02 2.478450909256935120e-02 1.739510335028171539e-02 1.408989913761615753e-02 8.212660439312458038e-03 2.899029664695262909e-02 7.464937400072813034e-03 3.260506689548492432e-02 4.198937118053436279e-02 3.996483981609344482e-02 3.443875163793563843e-02 1.027689222246408463e-02 1.149799954146146774e-02 5.810995027422904968e-02 6.823894102126359940e-03 3.512056171894073486e-02 1.488415896892547607e-02 2.067461423575878143e-02 4.341899883002042770e-03 3.342432528734207153e-02 2.398275770246982574e-03 3.146264329552650452e-02 5.784548120573163033e-04 2.645235508680343628e-02 5.866252817213535309e-03 8.384141139686107635e-03 1.942294277250766754e-02 5.423016846179962158e-02 3.750319825485348701e-03 1.825820282101631165e-02 4.450775310397148132e-02 2.661727555096149445e-02 2.082470804452896118e-02 3.474516421556472778e-02 4.035105183720588684e-02 3.938127309083938599e-02 2.670061960816383362e-02 2.078581973910331726e-02 6.646720226854085922e-03 7.700600475072860718e-02 3.639970673248171806e-03 9.801306761801242828e-03 5.126833170652389526e-02 4.779740795493125916e-02 7.118424028158187866e-02 2.018134109675884247e-02 6.169362924993038177e-03 8.259418420493602753e-03 7.449762430042028427e-03 2.608639188110828400e-02 2.563386224210262299e-02 2.336760284379124641e-03 1.263707131147384644e-02 4.041094705462455750e-02 3.929693996906280518e-02 4.210715740919113159e-02 2.195757813751697540e-02 2.299478650093078613e-02 6.547626107931137085e-02 2.634130604565143585e-02 3.349510207772254944e-02 4.254678264260292053e-02 4.071490839123725891e-02 4.283792525529861450e-02 1.091068261303007603e-04 1.603742688894271851e-02 7.130519300699234009e-02 3.773656208068132401e-03
