1.166730299592018127e-01 2.770801186561584473e-01 2.505686506628990173e-02 6.383564323186874390e-02 5.262241698801517487e-03 2.390185892581939697e-01 1.670175939798355103e-01 7.919847033917903900e-03 1.212124992161989212e-02 4.334242641925811768e-02 2.577093243598937988e-01 7.036985363811254501e-03 1.587957739830017090e-01 1.077928845916176215e-05 6.620488315820693970e-02 3.552738204598426819e-02 3.355260565876960754e-02 7.606869097799062729e-03 4.611870273947715759e-03 1.299279369413852692e-02 8.083830587565898895e-03 8.145619928836822510e-02 2.954177185893058777e-02 5.727776139974594116e-02 3.623250499367713928e-02 1.938640698790550232e-02 7.845152169466018677e-02 2.029363624751567841e-02 3.163249790668487549e-02 3.705852851271629333e-02 5.706401914358139038e-02 4.317889455705881119e-03 6.376364827156066895e-02 3.112778998911380768e-02 8.776306360960006714e-02 4.878401232417672873e-04 2.900130674242973328e-02 1.349321939051151276e-02 3.372500836849212646e-02 3.855258598923683167e-02 2.624857798218727112e-02 1.727431081235408783e-02 2.515571191906929016e-03 3.658856078982353210e-02 4.426768422126770020e-02 6.030966341495513916e-02 6.153583899140357971e-02 2.321835979819297791e-02 1.438081450760364532e-02 2.495106123387813568e-02 9.288515895605087280e-03 1.242551393806934357e-02 7.579720579087734222e-03 3.424652293324470520e-02 1.223690249025821686e-02 6.153265014290809631e-02 1.802082918584346771e-02 1.612998545169830322e-02 2.387846633791923523e-02 1.422158535569906235e-02 5.298674479126930237e-02 2.753918804228305817e-02 1.268353778868913651e-02 5.458208732306957245e-03 2.789297141134738922e-02 6.700757890939712524e-02 3.834501281380653381e-02 1.156456023454666138e-02 1.281571947038173676e-02 7.270780205726623535e-02 3.259597346186637878e-02 6.970905233174562454e-03 7.329899817705154419e-03 2.658474445343017578e-02 3.943057358264923096e-02 9.839274920523166656e-03 3.474107384681701660e-02 6.613744422793388367e-03 5.543947592377662659e-02 2.250690013170242310e-03 5.618848279118537903e-02 6.623687222599983215e-03 8.665404282510280609e-03 2.909341454505920410e-02 2.895035594701766968e-02 2.041797153651714325e-02 1.862100325524806976e-02 2.722191624343395233e-03 8.389369398355484009e-02 5.021193251013755798e-02 2.035128697752952576e-02 6.775238551199436188e-03 6.397705525159835815e-02 2.353197522461414337e-02 1.353444997221231461e-02 1.663226634263992310e-02 3.507849201560020447e-02 2.224590443074703217e-02 2.921141684055328369e-02 1.425816398113965988e-02 1.357955206185579300e-02 4.177005961537361145e-03 2.557736635208129883e-02 4.766445234417915344e-02 8.780866861343383789e-02 1.290423329919576645e-02 2.249957807362079620e-02 4.576678946614265442e-02 4.439932480454444885e-02 4.618670791387557983e-02 1.540908589959144592e-03 1.343304291367530823e-02 2.888649934902787209e-03 3.204053267836570740e-02 1.059145759791135788e-02 5.671977251768112183e-02
2.770801186561584473e-01 1.063914299011230469e-01 1.121089514344930649e-02 6.106917932629585266e-02 2.351462095975875854e-02 1.098560690879821777e-01 1.461568623781204224e-01 1.547488151118159294e-03 6.215527281165122986e-02 9.993283078074455261e-03 1.675974279642105103e-01 1.868518441915512085e-02 1.643120944499969482e-01 3.610043227672576904e-02 8.021937310695648193e-02 2.833439782261848450e-02 4.137979820370674133e-02 4.315179586410522461e-02 3.038516966626048088e-03 1.295353402383625507e-03 3.493904322385787964e-02 5.098020285367965698e-02 1.420211046934127808e-02 3.261908888816833496e-02 2.310873940587043762e-02 4.732391610741615295e-02 3.998029604554176331e-02 7.799659855663776398e-03 2.780563570559024811e-02 5.266951769590377808e-02 1.183027960360050201e-02 2.931115776300430298e-02 4.935030266642570496e-02 3.522200882434844971e-02 5.533071607351303101e-02 1.809410005807876587e-02 4.342548176646232605e-02 1.077969279140233994e-02 4.806190729141235352e-02 4.841981828212738037e-02 8.405115455389022827e-03 2.957558073103427887e-02 4.477344918996095657e-04 3.551826626062393188e-02 2.595279365777969360e-04 1.104362215846776962e-02 3.476534411311149597e-02 4.708012938499450684e-02 6.010150536894798279e-02 1.659977482631802559e-03 1.878621801733970642e-02 1.435581501573324203e-02 1.396368350833654404e-02 2.214493975043296814e-02 2.442675828933715820e-02 7.515142112970352173e-02 3.542247042059898376e-02 6.550088524818420410e-02 4.334690421819686890e-02 2.255162224173545837e-02 2.442790754139423370e-02 4.288764670491218567e-02 4.121616948395967484e-03 4.256104677915573120e-02 2.222944051027297974e-02 1.191885396838188171e-02 3.058960847556591034e-02 1.689057052135467529e-02 3.641745820641517639e-02 4.510921612381935120e-02 7.752544712275266647e-03 4.363759234547615051e-02 3.710695356130599976e-02 3.949155285954475403e-02 3.123452886939048767e-03 4.772209376096725464e-02 4.757182206958532333e-03 1.114130020141601562e-02 1.763605698943138123e-02 4.045486915856599808e-03 5.134339258074760437e-02 2.220468129962682724e-03 2.693287469446659088e-02 2.603053487837314606e-02 2.649365738034248352e-02 3.345398698002099991e-03 4.374303855001926422e-03 1.945235766470432281e-02 8.243199437856674194e-02 5.179306119680404663e-02 4.387921094894409180e-02 2.080607786774635315e-02 2.186554484069347382e-02 3.929966688156127930e-02 7.019334286451339722e-02 4.568143934011459351e-02 2.995559945702552795e-02 5.343377590179443359e-02 4.414357990026473999e-02 3.730780258774757385e-02 1.546907704323530197e-02 2.761131897568702698e-02 2.093846723437309265e-02 3.161791712045669556e-02 7.377801835536956787e-02 4.154241457581520081e-02 2.312034834176301956e-03 3.816480934619903564e-02 3.824574127793312073e-02 4.698744043707847595e-03 1.075579412281513214e-02 3.330228105187416077e-02 4.354358091950416565e-02 3.587240353226661682e-02 7.302197627723217010e-03 2.187428064644336700e-03
2.505686506628990173e-02 1.121089514344930649e-02 1.596286892890930176e-02 3.541963919997215271e-02 1.017334870994091034e-02 3.023895993828773499e-02 2.376684546470642090e-02 1.604625433683395386e-01 5.473458673804998398e-03 1.928285323083400726e-02 3.486279770731925964e-02 1.823326759040355682e-02 1.666238345205783844e-02 1.557261776179075241e-02 3.741623088717460632e-02 4.037580639123916626e-02 7.522857282310724258e-03 1.426390465348958969e-02 9.291889145970344543e-03 8.063057437539100647e-03 1.325734797865152359e-02 1.576883532106876373e-02 2.367344871163368225e-02 9.450028650462627411e-03 2.090897038578987122e-02 1.506719086319208145e-02 1.050929725170135498e-02 1.632925495505332947e-02 1.654982753098011017e-02 3.486044472083449364e-03 7.545977365225553513e-03 9.084132499992847443e-03 5.277479533106088638e-03 7.672746665775775909e-03 5.197889357805252075e-02 1.510803960263729095e-02 5.745992437005043030e-02 2.499477565288543701e-02 6.535151973366737366e-03 5.265875533223152161e-02 1.335261203348636627e-02 3.417208790779113770e-02 3.391989693045616150e-02 4.760491475462913513e-02 1.199674233794212341e-02 9.294289164245128632e-03 2.332926914095878601e-02 4.233841598033905029e-02 4.539521783590316772e-02 1.429991424083709717e-02 5.217469297349452972e-03 1.467464026063680649e-02 2.094189077615737915e-02 1.515909191220998764e-02 5.297043919563293457e-02 1.887084357440471649e-02 3.916223533451557159e-03 1.380077935755252838e-02 2.932948805391788483e-02 2.586665563285350800e-02 8.314159698784351349e-03 2.760156057775020599e-02 9.022764861583709717e-03 4.805203154683113098e-02 2.725035697221755981e-02 5.569807719439268112e-03 1.500076893717050552e-02 9.416322223842144012e-03 6.442181766033172607e-03 1.488525234162807465e-02 5.082020070403814316e-04 1.184122543781995773e-02 2.335993014276027679e-02 3.373285755515098572e-02 5.822668597102165222e-02 2.001725509762763977e-02 1.886973530054092407e-02 7.946240715682506561e-03 3.149411827325820923e-02 1.498078694567084312e-03 1.890892833471298218e-01 8.312061429023742676e-02 6.655442714691162109e-02 8.455431461334228516e-02 2.226674370467662811e-02 2.898010984063148499e-02 4.815161600708961487e-02 4.533213749527931213e-02 2.991329506039619446e-02 5.465551279485225677e-03 3.119458816945552826e-02 6.402035709470510483e-03 9.953228756785392761e-03 2.750232117250561714e-03 4.560916870832443237e-02 9.313818067312240601e-03 1.035063061863183975e-02 2.163115330040454865e-02 1.147023495286703110e-02 2.486598119139671326e-02 4.321265965700149536e-02 4.363758862018585205e-02 1.154962182044982910e-02 1.569605059921741486e-02 4.568966478109359741e-02 1.424340996891260147e-02 1.765496470034122467e-02 3.940568119287490845e-02 9.947960264980792999e-03 9.633964858949184418e-03 3.726092725992202759e-02 3.853850439190864563e-02 1.393168047070503235e-02 6.469658110290765762e-03 1.508565340191125870e-02 6.478045135736465454e-03
6.383564323186874390e-02 6.106917932629585266e-02 3.541963919997215271e-02 8.124712854623794556e-02 3.593651652336120605e-01 2.378932386636734009e-02 2.926809340715408325e-02 5.362936109304428101e-02 4.608004912734031677e-02 3.897563368082046509e-02 3.365868004038929939e-03 2.448399364948272705e-02 1.904010213911533356e-02 4.978192970156669617e-02 2.815034613013267517e-02 2.176787704229354858e-02 1.008949242532253265e-02 1.232098974287509918e-02 2.508042193949222565e-02 3.556111454963684082e-02 3.211920335888862610e-02 2.401643060147762299e-02 3.599280491471290588e-03 2.299597254022955894e-03 1.746478304266929626e-02 2.400556206703186035e-02 7.099492009729146957e-03 1.906958408653736115e-02 3.610780462622642517e-02 3.267133980989456177e-02 4.629536345601081848e-02 5.046247318387031555e-02 3.569184616208076477e-02 6.788963824510574341e-02 5.564474686980247498e-02 2.388171665370464325e-02 1.058358233422040939e-02 9.840276837348937988e-02 8.571056276559829712e-02 1.182412877678871155e-01 1.589483395218849182e-02 5.373222753405570984e-02 3.985627740621566772e-02 2.198483794927597046e-02 3.932908549904823303e-02 3.978126868605613708e-02 4.347502067685127258e-02 4.002181440591812134e-02 1.661370322108268738e-02 5.808212980628013611e-02 8.513659238815307617e-03 4.215953405946493149e-03 1.725376769900321960e-02 3.776445612311363220e-02 1.009835004806518555e-01 8.413906395435333252e-02 8.181379176676273346e-03 4.525618627667427063e-02 2.939222753047943115e-02 1.732887886464595795e-02 1.570398062467575073e-01 1.054371073842048645e-01 9.625928848981857300e-02 5.831735953688621521e-02 1.175260730087757111e-02 3.824800951406359673e-03 4.128153622150421143e-02 2.870813384652137756e-02 1.701108179986476898e-02 4.439088329672813416e-02 2.631996944546699524e-02 9.270913898944854736e-03 1.310736238956451416e-01 1.225536409765481949e-02 6.289179623126983643e-02 1.908001117408275604e-02 1.978110149502754211e-02 6.777410209178924561e-02 6.511729210615158081e-03 4.530620202422142029e-02 1.726613752543926239e-02 2.502438612282276154e-02 9.151394665241241455e-02 2.093882299959659576e-02 1.468570344150066376e-02 7.566360756754875183e-03 1.538396812975406647e-02 7.422450184822082520e-02 8.971595205366611481e-03 3.431374207139015198e-02 8.981928229331970215e-03 2.173173986375331879e-02 4.568487778306007385e-02 4.176911897957324982e-03 4.035901278257369995e-03 6.129636988043785095e-02 3.369476413354277611e-03 2.675251848995685577e-02 8.613092824816703796e-03 5.152979865670204163e-02 2.873984724283218384e-02 3.381023183465003967e-02 2.875365875661373138e-02 9.739253669977188110e-03 1.034003403037786484e-02 8.039065287448465824e-04 3.168865293264389038e-02 7.238492835313081741e-03 3.403039649128913879e-02 4.045389220118522644e-02 2.616941370069980621e-02 7.254278752952814102e-03 4.705930128693580627e-02 3.527056425809860229e-02 1.306611672043800354e-02 1.827583461999893188e-02
5.262241698801517487e-03 2.351462095975875854e-02 1.017334870994091034e-02 3.593651652336120605e-01 7.286668568849563599e-02 1.910798065364360809e-02 3.880970180034637451e-02 7.549689034931361675e-04 9.392935782670974731e-03 1.382756978273391724e-02 2.969641610980033875e-02 3.593682497739791870e-02 6.871331017464399338e-03 9.114417247474193573e-03 2.361139655113220215e-02 1.073705404996871948e-02 8.989186957478523254e-03 3.737279400229454041e-02 9.310851246118545532e-02 1.628493890166282654e-02 7.180577144026756287e-03 3.481745487079024315e-03 4.011917486786842346e-02 4.397961311042308807e-03 3.903124481439590454e-02 3.800516203045845032e-02 2.074894681572914124e-02 2.124216780066490173e-02 4.924865439534187317e-02 1.479212776757776737e-03 2.774649672210216522e-02 5.226440262049436569e-03 7.417576760053634644e-02 6.614479422569274902e-02 2.531488984823226929e-02 2.366491407155990601e-02 3.620455414056777954e-02 2.634477801620960236e-03 1.392930448055267334e-01 1.600782275199890137e-01 2.761879935860633850e-02 4.352681711316108704e-02 3.580486774444580078e-02 7.321677356958389282e-02 5.658726766705513000e-02 1.097706612199544907e-02 3.770266473293304443e-02 1.167370192706584930e-02 3.292907029390335083e-02 8.398612029850482941e-03 4.035680368542671204e-02 6.421333178877830505e-03 3.013533540070056915e-02 1.527337264269590378e-02 1.069317981600761414e-01 1.420291047543287277e-02 4.059745371341705322e-02 2.072265557944774628e-02 1.718075759708881378e-02 1.552335359156131744e-02 4.418917745351791382e-02 1.376077532768249512e-01 1.072687804698944092e-01 3.345368430018424988e-02 3.983583673834800720e-02 1.494907122105360031e-02 4.270230978727340698e-02 2.056128531694412231e-02 9.237004816532135010e-02 2.799670211970806122e-02 2.634045109152793884e-02 2.088216692209243774e-02 3.431902453303337097e-02 1.650839112699031830e-03 8.035722374916076660e-02 3.290230175480246544e-03 2.096679992973804474e-02 5.554746463894844055e-02 5.306850001215934753e-02 3.532602684572339058e-03 5.139679461717605591e-02 2.940689399838447571e-02 8.438202738761901855e-02 1.125896498560905457e-01 7.240272313356399536e-02 2.921877987682819366e-02 3.768760943785309792e-04 4.709278419613838196e-02 8.973319828510284424e-02 2.201787196099758148e-02 3.854182083159685135e-03 3.940924257040023804e-02 3.360309079289436340e-02 2.911527454853057861e-02 5.766137503087520599e-03 4.775785282254219055e-02 3.136407956480979919e-02 4.340349882841110229e-02 5.030974373221397400e-02 8.442037738859653473e-03 6.115904077887535095e-03 4.890060424804687500e-02 3.294518217444419861e-02 4.289158619940280914e-03 7.040829211473464966e-02 4.314894322305917740e-03 1.565326005220413208e-02 1.336457952857017517e-02 8.870589546859264374e-03 1.339358184486627579e-02 6.562024354934692383e-03 3.434914723038673401e-02 1.546054240316152573e-02 3.304032608866691589e-02 1.276681851595640182e-02 2.334007760509848595e-03
2.390185892581939697e-01 1.098560690879821777e-01 3.023895993828773499e-02 2.378932386636734009e-02 1.910798065364360809e-02 6.368938833475112915e-02 3.760360181331634521e-01 5.481621623039245605e-02 1.121062859892845154e-01 1.825644075870513916e-02 8.333248086273670197e-03 8.857608586549758911e-02 6.372715532779693604e-02 5.058394744992256165e-02 3.311048820614814758e-02 7.595829665660858154e-02 1.011694520711898804e-01 5.929471552371978760e-02 4.579489678144454956e-02 3.267464926466345787e-04 6.038009002804756165e-02 1.967849023640155792e-02 7.448050379753112793e-02 7.630785554647445679e-02 6.413998454809188843e-02 2.967843040823936462e-02 8.788512088358402252e-03 3.663998795673251152e-03 1.980885304510593414e-02 3.438559174537658691e-02 8.641330897808074951e-02 3.275539726018905640e-02 3.080334328114986420e-02 2.127565257251262665e-02 4.077976942062377930e-02 1.349649019539356232e-02 3.828121721744537354e-02 7.714610546827316284e-03 1.410500798374414444e-02 2.382688783109188080e-02 3.564998880028724670e-02 5.421872064471244812e-02 2.580077759921550751e-02 2.770539559423923492e-02 6.806883215904235840e-02 6.680936366319656372e-02 1.070477887988090515e-01 1.202950403094291687e-01 4.656504094600677490e-02 1.950175315141677856e-02 3.993718326091766357e-02 1.249350327998399734e-02 1.068335771560668945e-02 1.612386107444763184e-02 3.896005800925195217e-04 8.401555940508842468e-03 2.637021616101264954e-02 3.747384250164031982e-02 7.124102208763360977e-03 1.425175927579402924e-02 4.217974375933408737e-03 3.238229081034660339e-02 3.663298487663269043e-02 4.488164186477661133e-02 2.157724834978580475e-02 6.550613790750503540e-02 3.391690552234649658e-03 1.786904409527778625e-02 3.013906255364418030e-02 1.258927583694458008e-01 3.840100718662142754e-03 1.663345727138221264e-03 2.494438923895359039e-02 2.818670868873596191e-02 5.556979775428771973e-02 2.039883285760879517e-02 7.018817216157913208e-02 4.277687892317771912e-02 3.309703245759010315e-02 3.054130263626575470e-02 5.153467506170272827e-02 2.898818813264369965e-03 1.750392839312553406e-02 7.679603993892669678e-02 4.335938952863216400e-03 5.783324688673019409e-02 4.566910676658153534e-03 2.879599481821060181e-02 6.144445016980171204e-02 3.788241371512413025e-02 8.620400726795196533e-02 4.692881181836128235e-02 9.801860898733139038e-02 5.263426527380943298e-02 1.907043904066085815e-02 2.954020351171493530e-02 5.964769981801509857e-03 8.867733925580978394e-02 4.820905998349189758e-02 4.425412788987159729e-02 3.832327574491500854e-02 2.655522339046001434e-02 3.195192664861679077e-02 2.392567135393619537e-02 3.398508578538894653e-02 4.147433675825595856e-03 1.762403547763824463e-02 8.774495869874954224e-02 3.176350891590118408e-02 9.910787642002105713e-02 2.728761360049247742e-02 3.125983104109764099e-02 2.604150213301181793e-02 1.225056871771812439e-02 6.836507469415664673e-03 3.606947138905525208e-02
1.670175939798355103e-01 1.461568623781204224e-01 2.376684546470642090e-02 2.926809340715408325e-02 3.880970180034637451e-02 3.760360181331634521e-01 8.107435703277587891e-02 2.484644763171672821e-03 6.052741408348083496e-02 5.365215614438056946e-02 5.465241149067878723e-02 5.163445323705673218e-02 4.568935930728912354e-02 2.923675626516342163e-02 5.004120990633964539e-02 2.852023020386695862e-02 7.009841501712799072e-02 2.007154561579227448e-02 7.529475726187229156e-03 6.100870668888092041e-03 2.007904089987277985e-02 5.022642016410827637e-02 6.518093869090080261e-03 1.671587489545345306e-02 4.059054702520370483e-02 1.644554920494556427e-02 4.219651594758033752e-02 1.647514849901199341e-02 5.814997479319572449e-02 7.578747719526290894e-02 9.499237686395645142e-02 3.886903077363967896e-02 9.207780472934246063e-03 1.567135378718376160e-02 3.472410514950752258e-02 8.165490627288818359e-02 7.504013180732727051e-02 4.214472696185112000e-02 4.963265359401702881e-02 8.893910795450210571e-03 4.094274714589118958e-02 2.740929462015628815e-02 1.813822612166404724e-02 8.539127185940742493e-03 5.356780439615249634e-02 3.992925956845283508e-02 1.526805758476257324e-01 1.303717195987701416e-01 9.491344913840293884e-03 2.446108125150203705e-02 1.144151855260133743e-02 5.375642795115709305e-03 8.193833753466606140e-03 3.592523187398910522e-02 2.021214552223682404e-02 1.790701790014281869e-04 2.227605134248733521e-02 5.880970507860183716e-02 8.238435722887516022e-03 2.393951639533042908e-02 7.258459925651550293e-02 4.027507081627845764e-02 4.035968333482742310e-02 1.769350655376911163e-02 4.836845397949218750e-02 7.168533653020858765e-02 1.143712922930717468e-02 1.297299098223447800e-02 9.116839617490768433e-03 1.022291718982160091e-03 4.828165099024772644e-02 3.658109158277511597e-02 9.895928949117660522e-02 2.764305658638477325e-02 1.700777001678943634e-02 7.220498472452163696e-02 6.728866696357727051e-02 4.953229799866676331e-02 6.826185435056686401e-02 2.920641936361789703e-02 3.909092769026756287e-02 2.964810095727443695e-02 3.226228430867195129e-02 1.059923544526100159e-01 1.114367600530385971e-02 2.732434123754501343e-02 3.338211774826049805e-02 1.197644229978322983e-02 1.152290217578411102e-02 1.395088853314518929e-03 3.126304363831877708e-03 2.563542313873767853e-02 8.942764252424240112e-02 4.551168531179428101e-02 4.466790705919265747e-02 6.179840490221977234e-02 7.250255905091762543e-03 1.425608806312084198e-02 1.986166462302207947e-02 4.592156969010829926e-03 3.641728684306144714e-02 1.944155246019363403e-02 2.047497965395450592e-02 1.337769720703363419e-02 4.075986146926879883e-02 1.666976138949394226e-02 2.306717634201049805e-02 5.837460234761238098e-02 3.092509508132934570e-02 1.507053710520267487e-02 9.968585800379514694e-04 3.856097906827926636e-02 1.206131710205227137e-04 5.096440389752388000e-02 2.739553898572921753e-02 5.918179079890251160e-02
7.919847033917903900e-03 1.547488151118159294e-03 1.604625433683395386e-01 5.362936109304428101e-02 7.549689034931361675e-04 5.481621623039245605e-02 2.484644763171672821e-03 3.881198912858963013e-02 2.883382840082049370e-03 9.903047233819961548e-03 1.009256951510906219e-02 3.707739338278770447e-02 3.649753704667091370e-02 1.025095954537391663e-02 1.103441938757896423e-01 2.059714682400226593e-02 9.187846444547176361e-03 2.345935069024562836e-02 1.003992510959506035e-03 1.089965226128697395e-04 5.891292355954647064e-03 6.926717609167098999e-02 2.046351134777069092e-02 1.800067373551428318e-03 8.328655734658241272e-03 1.862258277833461761e-02 9.850936383008956909e-02 2.601545117795467377e-02 2.854997478425502777e-02 1.569345407187938690e-02 2.284395322203636169e-02 4.455379769206047058e-02 1.736538601107895374e-03 3.863179683685302734e-02 3.627005219459533691e-02 2.963975444436073303e-02 2.088257670402526855e-02 6.863690167665481567e-02 1.756197772920131683e-02 3.752285987138748169e-02 1.216135732829570770e-02 8.898550295270979404e-04 2.868145937100052834e-03 6.627997010946273804e-02 1.311066467314958572e-02 2.620607241988182068e-02 4.062546789646148682e-02 1.987725310027599335e-02 1.027947198599576950e-02 7.847469300031661987e-03 3.179038688540458679e-02 2.773679047822952271e-02 5.246800719760358334e-04 2.413964830338954926e-02 3.380708023905754089e-02 9.723410941660404205e-03 1.437724567949771881e-02 2.628435939550399780e-02 1.426288112998008728e-02 2.127150259912014008e-02 3.333281201776117086e-04 8.763609454035758972e-03 2.550366893410682678e-02 2.593078650534152985e-02 1.565293036401271820e-02 2.645410597324371338e-02 6.702459882944822311e-03 3.565728664398193359e-03 7.841365411877632141e-03 3.893639147281646729e-02 5.873295944184064865e-03 3.896379843354225159e-03 2.348264865577220917e-02 5.956099554896354675e-02 4.902126733213663101e-03 6.206325814127922058e-02 2.923788316547870636e-02 3.246715059503912926e-03 1.349866203963756561e-02 1.091098319739103317e-02 6.973123550415039062e-02 5.511389300227165222e-02 3.057410195469856262e-02 9.726576390676200390e-04 1.367444079369306564e-02 2.885810844600200653e-02 6.627388298511505127e-02 5.047143250703811646e-02 3.341632895171642303e-03 1.022061146795749664e-02 1.133534405380487442e-02 1.150901801884174347e-02 1.206003595143556595e-02 9.876051917672157288e-03 9.488178766332566738e-04 5.211965739727020264e-02 3.094541653990745544e-02 2.855297550559043884e-02 1.376000605523586273e-02 2.305507473647594452e-02 5.839427560567855835e-02 4.700979590415954590e-02 4.747028276324272156e-02 2.192085795104503632e-02 1.355465967208147049e-02 4.488080739974975586e-03 1.769228023476898670e-03 1.225190982222557068e-02 3.538206592202186584e-02 2.907307818531990051e-02 7.021192926913499832e-03 8.888158947229385376e-03 1.804799959063529968e-02 6.731670349836349487e-03 5.492766201496124268e-02 2.921761712059378624e-03
1.212124992161989212e-02 6.215527281165122986e-02 5.473458673804998398e-03 4.608004912734031677e-02 9.392935782670974731e-03 1.121062859892845154e-01 6.052741408348083496e-02 2.883382840082049370e-03 1.435434166342020035e-02 1.034317761659622192e-01 1.379261072725057602e-02 1.253901980817317963e-02 2.467591688036918640e-02 3.455578535795211792e-02 1.076960749924182892e-02 1.013317927718162537e-01 1.974092610180377960e-02 3.437470272183418274e-02 4.766917787492275238e-03 5.217371508479118347e-03 2.565665170550346375e-02 2.636809274554252625e-02 3.048366121947765350e-02 2.610928204376250505e-04 2.345029637217521667e-02 6.686940044164657593e-02 1.532528176903724670e-02 2.960691601037979126e-02 2.342472784221172333e-02 5.262826383113861084e-02 2.852658741176128387e-02 6.382048875093460083e-02 6.042394787073135376e-02 7.075695693492889404e-02 3.583966195583343506e-02 2.455090545117855072e-02 4.786523804068565369e-02 1.281638722866773605e-02 8.130724728107452393e-02 8.656273037195205688e-02 9.298556484282016754e-03 3.493875265121459961e-02 3.224519267678260803e-02 5.538060143589973450e-02 5.523081496357917786e-02 6.357907503843307495e-02 3.552671149373054504e-02 9.544763714075088501e-02 1.013575703836977482e-03 3.088168799877166748e-02 2.910609170794487000e-02 8.118714205920696259e-03 3.972830250859260559e-03 7.324741780757904053e-02 1.539375185966491699e-01 5.675581749528646469e-03 1.514856982976198196e-02 1.718966849148273468e-02 3.781323879957199097e-02 3.964539989829063416e-02 3.698169067502021790e-02 4.361873492598533630e-02 3.925327584147453308e-02 1.499105431139469147e-02 2.385647781193256378e-02 1.978072896599769592e-02 1.800465211272239685e-02 4.420065786689519882e-03 7.259745150804519653e-02 1.190485339611768723e-02 1.205850578844547272e-02 2.749243192374706268e-02 6.163496524095535278e-02 2.336774021387100220e-02 7.327406108379364014e-02 1.219038013368844986e-02 2.927571833133697510e-01 4.325832054018974304e-02 6.952486932277679443e-02 6.780934333801269531e-02 2.485415898263454437e-02 3.624466434121131897e-02 5.042241141200065613e-02 5.154349375516176224e-03 3.096060827374458313e-02 3.570289537310600281e-02 1.508747227489948273e-02 1.054388284683227539e-02 1.042103022336959839e-01 4.995222389698028564e-02 5.285613238811492920e-02 1.253575459122657776e-02 3.059964627027511597e-02 1.034886809065937996e-03 4.804723337292671204e-02 1.437247544527053833e-02 6.355111300945281982e-02 2.676213160157203674e-02 7.180462032556533813e-02 5.567314475774765015e-02 4.411906749010086060e-02 4.198333772365003824e-04 3.567179292440414429e-02 2.303522638976573944e-02 4.560558125376701355e-03 1.328546851873397827e-01 6.219566240906715393e-02 3.504773229360580444e-02 3.600974008440971375e-02 1.115094963461160660e-02 4.077908024191856384e-02 4.869377240538597107e-03 2.870425954461097717e-02 6.472622603178024292e-02 9.854051284492015839e-03 5.592106282711029053e-02
4.334242641925811768e-02 9.993283078074455261e-03 1.928285323083400726e-02 3.897563368082046509e-02 1.382756978273391724e-02 1.825644075870513916e-02 5.365215614438056946e-02 9.903047233819961548e-03 1.034317761659622192e-01 7.890776544809341431e-02 2.438634075224399567e-02 1.251853704452514648e-01 2.841559005901217461e-03 1.181794796139001846e-02 2.484045550227165222e-02 4.437913745641708374e-02 5.267921090126037598e-02 3.441723436117172241e-02 1.916875541210174561e-01 2.637245692312717438e-02 2.350773662328720093e-02 3.158331662416458130e-02 2.027286775410175323e-02 5.739408358931541443e-02 2.637812681496143341e-02 3.918837383389472961e-02 2.534974925220012665e-02 2.717433683574199677e-02 2.639375813305377960e-02 6.157671101391315460e-03 1.165998280048370361e-01 5.268163513392210007e-03 3.141026198863983154e-02 1.754733920097351074e-02 4.470508173108100891e-02 9.686363860964775085e-03 4.304834455251693726e-02 2.719131857156753540e-02 1.916669122874736786e-02 2.149203978478908539e-02 3.504774719476699829e-02 6.033194810152053833e-02 1.097053289413452148e-02 5.040989816188812256e-02 6.449433416128158569e-02 9.272743761539459229e-02 3.049135394394397736e-02 7.971855998039245605e-02 4.900917038321495056e-02 3.090021573007106781e-02 1.297070086002349854e-02 2.875735284760594368e-03 5.170356016606092453e-03 6.883446872234344482e-02 3.880483284592628479e-02 2.167284041643142700e-01 5.610072240233421326e-02 2.012009359896183014e-02 2.779533341526985168e-02 2.855474315583705902e-02 1.198753714561462402e-01 2.022823318839073181e-02 5.769047886133193970e-02 1.124522089958190918e-02 1.941637881100177765e-02 4.022906720638275146e-02 2.320685423910617828e-02 3.563060611486434937e-02 1.223046630620956421e-01 6.217283010482788086e-02 7.418387383222579956e-02 7.171303033828735352e-02 6.438530981540679932e-02 9.090185910463333130e-02 3.594359382987022400e-02 1.356890704482793808e-02 2.648956701159477234e-02 2.367507368326187134e-01 7.233392447233200073e-02 1.213620007038116455e-01 1.239045243710279465e-02 4.202852491289377213e-03 1.525250263512134552e-04 1.401062309741973877e-01 8.724885061383247375e-03 4.209320060908794403e-03 2.158477716147899628e-02 2.690863236784934998e-02 1.012385264039039612e-01 1.534790843725204468e-01 1.969620771706104279e-02 2.217768691480159760e-02 2.851188555359840393e-02 4.200479760766029358e-02 5.866598710417747498e-02 7.048542797565460205e-02 3.784855455160140991e-02 5.557198077440261841e-02 5.017670802772045135e-03 9.017449803650379181e-03 3.792087361216545105e-02 2.225974015891551971e-02 3.336334228515625000e-02 3.160464810207486153e-03 3.380168229341506958e-02 4.186507314443588257e-02 1.694956794381141663e-02 2.060195617377758026e-02 3.286140970885753632e-03 4.562311805784702301e-03 8.113252371549606323e-02 1.786567270755767822e-02 1.036431640386581421e-04 1.319213304668664932e-02 1.650931313633918762e-03 3.025115653872489929e-02
2.577093243598937988e-01 1.675974279642105103e-01 3.486279770731925964e-02 3.365868004038929939e-03 2.969641610980033875e-02 8.333248086273670197e-03 5.465241149067878723e-02 1.009256951510906219e-02 1.379261072725057602e-02 2.438634075224399567e-02 4.053365439176559448e-02 2.127355709671974182e-02 1.682800650596618652e-01 3.309477120637893677e-02 5.554787442088127136e-02 3.515847772359848022e-02 2.056721132248640060e-05 7.941874209791421890e-04 8.215512335300445557e-02 8.173058182001113892e-02 2.348214760422706604e-02 5.909075587987899780e-02 9.756774641573429108e-03 8.123361505568027496e-03 4.743541404604911804e-02 1.040931325405836105e-02 1.326345931738615036e-02 3.252443298697471619e-02 3.805805742740631104e-02 4.382530599832534790e-02 4.447958245873451233e-02 1.941466121934354305e-03 6.008798256516456604e-02 3.458822146058082581e-03 5.772027373313903809e-02 1.365476474165916443e-02 2.828048728406429291e-02 1.750666834414005280e-02 4.048776254057884216e-02 4.310390353202819824e-02 6.146998144686222076e-03 2.466822974383831024e-02 1.980546303093433380e-02 2.501444704830646515e-02 3.629615157842636108e-02 4.187096655368804932e-02 2.007445320487022400e-02 8.749028667807579041e-03 2.662921510636806488e-02 2.233241312205791473e-02 2.255581319332122803e-02 3.895285725593566895e-02 7.087595760822296143e-03 8.132674731314182281e-03 2.163202315568923950e-02 2.394664287567138672e-02 9.256114065647125244e-02 4.879072308540344238e-02 2.590450271964073181e-02 3.686902346089482307e-03 3.756180405616760254e-02 8.639462292194366455e-02 4.627726972103118896e-02 5.401064641773700714e-03 8.148059993982315063e-02 2.297020331025123596e-02 1.655032113194465637e-02 2.840674668550491333e-02 2.085373178124427795e-02 1.489878073334693909e-02 3.466695547103881836e-02 6.872761063277721405e-03 3.279691934585571289e-02 2.630439214408397675e-02 9.003195911645889282e-02 1.567996852099895477e-02 3.725905343890190125e-02 5.270357057452201843e-02 1.658981107175350189e-02 5.346789211034774780e-02 1.783319190144538879e-02 6.981695443391799927e-02 2.943501248955726624e-02 5.478010699152946472e-02 1.775353960692882538e-02 1.060080435127019882e-02 4.353050142526626587e-02 1.645903103053569794e-02 2.115109190344810486e-02 3.059102408587932587e-02 1.419660449028015137e-02 3.848356008529663086e-02 4.648287966847419739e-02 4.395349323749542236e-02 2.132955193519592285e-02 3.189881145954132080e-02 1.740089058876037598e-02 1.356678083539009094e-02 1.409567426890134811e-02 3.659036243334412575e-03 1.156147848814725876e-02 4.044060409069061279e-02 3.000215813517570496e-02 1.344390772283077240e-02 2.706916444003582001e-02 1.689635775983333588e-02 3.447379916906356812e-02 2.747334539890289307e-02 1.494806818664073944e-02 6.867922842502593994e-03 1.854675705544650555e-03 2.390118315815925598e-02 1.426601689308881760e-02 1.858582906424999237e-02 3.217328339815139771e-02 5.101844668388366699e-02
7.036985363811254501e-03 1.868518441915512085e-02 1.823326759040355682e-02 2.448399364948272705e-02 3.593682497739791870e-02 8.857608586549758911e-02 5.163445323705673218e-02 3.707739338278770447e-02 1.253901980817317963e-02 1.251853704452514648e-01 2.127355709671974182e-02 9.642173349857330322e-02 2.046236535534262657e-03 2.416485249996185303e-01 4.031756147742271423e-02 2.836195193231105804e-02 1.848118938505649567e-02 5.142543837428092957e-02 2.057179436087608337e-02 1.730651967227458954e-02 1.838531158864498138e-02 1.214355416595935822e-02 1.017126664519309998e-01 9.605374187231063843e-02 3.663166612386703491e-02 3.989512845873832703e-02 9.664526209235191345e-03 1.726317405700683594e-01 1.484757661819458008e-02 1.558805406093597412e-01 5.926150456070899963e-02 1.497829612344503403e-02 1.998745650053024292e-02 5.599557887762784958e-03 1.285790931433439255e-02 5.082787200808525085e-02 3.886384889483451843e-02 1.918851770460605621e-02 5.031589791178703308e-02 2.133958972990512848e-02 5.335623398423194885e-02 2.801240608096122742e-02 2.519554458558559418e-02 2.831320650875568390e-02 1.496976315975189209e-01 2.487677894532680511e-02 7.940059155225753784e-02 3.722314164042472839e-02 4.287211969494819641e-02 2.858752384781837463e-03 7.620265334844589233e-02 8.913337439298629761e-02 2.529847435653209686e-02 2.315334416925907135e-02 1.354444026947021484e-02 4.227344319224357605e-02 2.986859157681465149e-02 4.924986511468887329e-03 2.710068598389625549e-02 1.739300601184368134e-02 5.462921038269996643e-02 4.438428580760955811e-02 3.024318069219589233e-02 4.980436339974403381e-02 1.808771863579750061e-02 2.334152534604072571e-02 4.109385237097740173e-02 2.590086869895458221e-02 3.361225873231887817e-02 6.037548556923866272e-02 8.716973662376403809e-02 1.939222030341625214e-02 2.822046540677547455e-02 4.455581679940223694e-02 6.211136281490325928e-02 3.892264515161514282e-02 2.526460960507392883e-02 1.413773652166128159e-02 6.647896766662597656e-02 5.045223236083984375e-02 8.131307549774646759e-03 1.538089290261268616e-02 3.289476409554481506e-02 6.874626874923706055e-02 7.014657557010650635e-02 4.895256832242012024e-02 2.309053763747215271e-02 2.999472245573997498e-02 6.317259371280670166e-02 7.476586103439331055e-02 2.584655396640300751e-02 6.206426396965980530e-02 2.073878794908523560e-02 4.054175689816474915e-02 9.754947572946548462e-02 6.667244434356689453e-02 6.192031875252723694e-02 1.310799084603786469e-02 3.320444840937852859e-03 3.530753403902053833e-02 4.530880600214004517e-02 2.779479883611202240e-02 5.536104552447795868e-03 1.314684469252824783e-02 1.991216279566287994e-02 7.903711870312690735e-03 1.911449991166591644e-02 1.346853934228420258e-02 6.263403687626123428e-03 6.605748832225799561e-02 1.915677450597286224e-02 1.770619861781597137e-02 1.990562741411849856e-04 5.378771573305130005e-02 2.343613840639591217e-02 2.635970897972583771e-02
1.587957739830017090e-01 1.643120944499969482e-01 1.666238345205783844e-02 1.904010213911533356e-02 6.871331017464399338e-03 6.372715532779693604e-02 4.568935930728912354e-02 3.649753704667091370e-02 2.467591688036918640e-02 2.841559005901217461e-03 1.682800650596618652e-01 2.046236535534262657e-03 7.397670298814773560e-02 5.532447993755340576e-02 6.339477747678756714e-02 1.108665717765688896e-03 2.205049060285091400e-02 2.720324695110321045e-02 1.015577581711113453e-03 3.677105531096458435e-02 4.192954301834106445e-02 4.947704821825027466e-02 3.297808766365051270e-02 3.305376321077346802e-02 2.340850420296192169e-02 1.398048736155033112e-02 9.988569654524326324e-03 9.570690803229808807e-03 7.482159882783889771e-02 3.266777843236923218e-02 7.250305265188217163e-02 4.630860686302185059e-02 3.268359974026679993e-02 4.444202408194541931e-02 2.927747741341590881e-02 2.832840755581855774e-02 6.122577935457229614e-02 1.572431623935699463e-02 1.082673319615423679e-03 4.402939975261688232e-02 1.673986017704010010e-02 1.971746981143951416e-02 1.593830436468124390e-02 2.564154099673032761e-03 1.349994540214538574e-02 1.517989858984947205e-02 2.771227620542049408e-02 1.772075518965721130e-02 7.077509909868240356e-02 1.012565102428197861e-02 8.495738729834556580e-03 1.133128989749820903e-05 1.345491874963045120e-02 2.230580337345600128e-02 1.297942455857992172e-02 6.176191940903663635e-02 6.793599575757980347e-02 1.276758313179016113e-02 4.896909371018409729e-02 3.629667684435844421e-02 3.486698865890502930e-02 4.842063412070274353e-02 5.238928645849227905e-02 4.840356856584548950e-02 3.366892412304878235e-02 5.647098645567893982e-02 2.811987698078155518e-02 1.084347721189260483e-02 3.709457349032163620e-03 2.309055533260107040e-03 3.763802815228700638e-03 2.694978378713130951e-02 7.600246462970972061e-03 7.508921902626752853e-03 8.117911784211173654e-05 4.412041604518890381e-02 1.527736429125070572e-02 1.408962905406951904e-02 1.096308417618274689e-02 2.017221041023731232e-02 4.175667185336351395e-03 1.796899177134037018e-02 9.086133912205696106e-03 1.288245990872383118e-02 1.576551981270313263e-02 4.479987174272537231e-02 4.275709763169288635e-02 1.835068501532077789e-02 4.809303209185600281e-02 2.810093574225902557e-02 5.860203877091407776e-02 2.026214264333248138e-02 4.708368703722953796e-02 1.261443831026554108e-03 5.862532556056976318e-02 4.365564137697219849e-02 2.712509594857692719e-02 2.776344306766986847e-02 7.742811460047960281e-03 6.625968031585216522e-03 3.356444463133811951e-02 2.955191582441329956e-02 5.169343203306198120e-03 2.169701643288135529e-02 5.844036862254142761e-02 7.529114838689565659e-03 5.094094574451446533e-02 4.680297151207923889e-02 4.772789776325225830e-02 6.988824158906936646e-02 5.586487054824829102e-02 2.102113701403141022e-02 1.357751432806253433e-02 3.186186030507087708e-02 6.002753973007202148e-03 6.141939014196395874e-02
