2.541825473308563232e-01 2.397092282772064209e-01 2.282317169010639191e-02 4.003234952688217163e-02 5.598648451268672943e-03 1.570611894130706787e-01 1.477500945329666138e-01 2.481899969279766083e-02 2.656298689544200897e-02 3.272557863965630531e-03 1.373104602098464966e-01 2.207657881081104279e-02 1.203740984201431274e-01 2.486593276262283325e-02 4.007472470402717590e-02 2.217716723680496216e-02 2.140334062278270721e-02 5.057542771100997925e-02 3.855011239647865295e-02 4.083257541060447693e-02 4.443155974149703979e-02 2.582630887627601624e-02 1.339234877377748489e-02 2.954489551484584808e-03 1.232266519218683243e-02 4.416049458086490631e-03 2.317604795098304749e-02 2.552842348814010620e-02 4.511683806777000427e-02 3.682318329811096191e-02 1.243877224624156952e-02 4.472481459379196167e-02 1.545553002506494522e-02 1.377054769545793533e-02 2.428536769002676010e-03 5.734606459736824036e-02 3.276981785893440247e-02 5.663853511214256287e-02 1.426755730062723160e-02 3.090856410562992096e-02 4.676286503672599792e-02 1.027503330260515213e-02 5.564628913998603821e-02 5.489650741219520569e-02 8.352974429726600647e-03 4.191723652184009552e-03 4.159263893961906433e-02 7.705189287662506104e-02 1.416000816971063614e-02 2.341631613671779633e-02 7.520720828324556351e-07 1.816506264731287956e-03 8.150423876941204071e-03 1.557552441954612732e-02 3.276158357039093971e-03 3.616009606048464775e-03 9.683296666480600834e-04 2.797654457390308380e-02 1.889231964014470577e-03 1.590476930141448975e-02 2.953135641291737556e-03 1.041668932884931564e-02 5.046880990266799927e-02 2.143674902617931366e-02 1.347606629133224487e-02 2.994144894182682037e-02 2.109954133629798889e-02 6.541790440678596497e-03 1.834373548626899719e-02 4.302071034908294678e-02 1.797979697585105896e-02 4.338952526450157166e-02 3.862622007727622986e-02 2.163315657526254654e-03 4.466411471366882324e-02 4.897443577647209167e-03 1.891317032277584076e-02 1.038001850247383118e-03 4.058441892266273499e-02 2.229287475347518921e-02 3.487000474706292152e-03 1.838986389338970184e-02 2.428395673632621765e-02 1.283857319504022598e-02 5.680759996175765991e-02 6.008569151163101196e-02 3.302710130810737610e-02 1.759860664606094360e-02 3.107179887592792511e-02 3.519905731081962585e-02 3.115350753068923950e-02 1.821934804320335388e-02 1.260403916239738464e-02 1.811128109693527222e-02 5.522926151752471924e-02 4.698289558291435242e-02 2.241315320134162903e-02 2.569782547652721405e-02 1.291428785771131516e-02 3.519233688712120056e-02 3.038821043446660042e-03 2.070441376417875290e-03 9.574068710207939148e-03 4.452805966138839722e-03 4.141228646039962769e-02 1.776660094037652016e-03 4.199624061584472656e-02 4.010841622948646545e-02 1.698167063295841217e-02 7.961237803101539612e-03 2.297729253768920898e-02 3.246445581316947937e-02 1.940996386110782623e-03 2.468688599765300751e-02 2.918671071529388428e-02 1.527696568518877029e-02
2.397092282772064209e-01 2.638252377510070801e-01 1.001173444092273712e-02 1.404436025768518448e-02 2.681387402117252350e-02 1.375849843025207520e-01 1.963756531476974487e-01 1.817150786519050598e-02 5.093241855502128601e-02 8.540045382687821984e-05 5.463377386331558228e-02 6.999368220567703247e-02 1.639798283576965332e-01 2.539129462093114853e-03 3.939136117696762085e-02 5.060929059982299805e-02 4.076774045825004578e-02 2.119970321655273438e-02 2.895213477313518524e-02 3.942490741610527039e-02 6.155266240239143372e-02 2.262329682707786560e-02 1.694992184638977051e-02 1.688124262727797031e-03 9.130291640758514404e-03 3.591086715459823608e-02 4.857500642538070679e-02 8.108125999569892883e-03 6.728424690663814545e-03 2.784612588584423065e-02 3.919019922614097595e-02 4.476128146052360535e-02 2.831845730543136597e-02 2.783014439046382904e-03 7.103129290044307709e-03 5.401895195245742798e-02 2.129972539842128754e-02 3.049582242965698242e-02 3.837751224637031555e-02 8.181627839803695679e-03 6.196638196706771851e-02 2.924730256199836731e-02 4.826514795422554016e-02 1.881496049463748932e-02 3.698098286986351013e-02 1.071849931031465530e-02 5.381222441792488098e-02 6.077204272150993347e-02 2.839686907827854156e-02 3.251389041543006897e-02 2.738445065915584564e-02 2.038317359983921051e-02 1.523167127743363380e-03 1.933035627007484436e-02 1.418680138885974884e-02 2.803417854011058807e-02 3.071036003530025482e-02 2.573420666158199310e-02 3.521142154932022095e-02 3.367326036095619202e-02 2.411304973065853119e-02 2.364262193441390991e-02 1.071712449193000793e-01 2.884053066372871399e-02 5.360936746001243591e-02 1.502237375825643539e-02 2.043531090021133423e-02 7.603667210787534714e-03 1.586129516363143921e-02 3.547995910048484802e-02 1.602829061448574066e-02 2.795942686498165131e-02 2.366035990417003632e-02 2.449367940425872803e-02 2.711571939289569855e-02 6.833814550191164017e-03 3.851643577218055725e-02 3.185801673680543900e-03 7.347266376018524170e-02 3.113478422164916992e-02 9.102288633584976196e-03 1.105393655598163605e-02 2.639598213136196136e-02 2.449861960485577583e-03 4.738717898726463318e-02 2.289839275181293488e-02 3.716559708118438721e-02 1.761008985340595245e-02 3.107540681958198547e-02 2.212355472147464752e-02 2.087395451962947845e-02 3.557401150465011597e-02 5.415553227066993713e-02 1.103611197322607040e-02 9.647011756896972656e-02 6.879285722970962524e-02 2.541449479758739471e-02 4.708293825387954712e-03 4.942376632243394852e-03 3.345958888530731201e-02 2.988987229764461517e-02 3.449422121047973633e-02 4.001381993293762207e-02 1.593358069658279419e-02 2.518327720463275909e-02 2.270487882196903229e-02 5.455959215760231018e-02 5.279111117124557495e-02 4.459889233112335205e-02 6.412295252084732056e-02 2.762297913432121277e-02 1.207487098872661591e-02 3.326222673058509827e-02 2.256023325026035309e-02 8.369965851306915283e-02 3.302634507417678833e-02
2.282317169010639191e-02 1.001173444092273712e-02 1.372115164995193481e-01 2.175958268344402313e-02 1.099942903965711594e-02 1.686364598572254181e-02 1.775193586945533752e-02 1.207211464643478394e-01 2.286787517368793488e-02 3.044387325644493103e-02 4.493170883506536484e-03 5.460891127586364746e-02 3.940905630588531494e-02 5.284146405756473541e-03 8.147986605763435364e-03 2.847016043961048126e-02 1.032043434679508209e-02 1.727133244276046753e-02 2.996526844799518585e-02 7.981813512742519379e-03 1.096181850880384445e-02 7.861551642417907715e-02 8.503302931785583496e-03 3.231829777359962463e-02 8.437312394380569458e-02 1.767605915665626526e-02 2.602727897465229034e-02 4.404860362410545349e-02 4.597417265176773071e-02 4.477270692586898804e-02 5.315542966127395630e-02 2.408244833350181580e-02 4.406009986996650696e-02 3.894968703389167786e-02 4.529372975230216980e-02 9.648162871599197388e-03 3.179900348186492920e-02 2.102914638817310333e-02 1.489141285419464111e-01 4.539553483482450247e-04 4.972437396645545959e-02 6.596861407160758972e-03 5.113660357892513275e-03 9.069288522005081177e-02 1.998682878911495209e-02 7.614596281200647354e-03 5.830758064985275269e-02 4.246197640895843506e-03 9.094243869185447693e-04 8.698150515556335449e-02 4.600000381469726562e-02 5.976178124547004700e-02 1.750610582530498505e-02 4.589401930570602417e-02 4.784978181123733521e-02 2.684883028268814087e-02 8.018708974123001099e-02 4.056897386908531189e-02 3.872656822204589844e-02 4.257439076900482178e-02 4.097039997577667236e-02 5.246245115995407104e-02 2.799192909151315689e-03 4.258055612444877625e-02 5.814299732446670532e-02 2.456681244075298309e-02 3.295017406344413757e-02 1.549379248172044754e-02 6.825189106166362762e-03 2.887956053018569946e-02 1.486765220761299133e-02 2.782612666487693787e-02 1.678991690278053284e-02 9.498071856796741486e-03 5.588105693459510803e-02 9.934966452419757843e-03 1.927309483289718628e-02 2.196042798459529877e-02 2.949346229434013367e-02 3.428259398788213730e-03 1.686493158340454102e-01 1.320847123861312866e-01 1.762794330716133118e-02 4.415145143866539001e-02 1.716252788901329041e-02 2.809161506593227386e-02 4.678490757942199707e-02 1.029157266020774841e-02 6.778308004140853882e-02 1.056932751089334488e-02 3.260093554854393005e-02 3.639522939920425415e-02 4.265419766306877136e-02 1.866420544683933258e-02 3.899584291502833366e-03 2.108648978173732758e-02 6.285762786865234375e-02 1.138072535395622253e-01 1.951083354651927948e-02 4.545143619179725647e-02 8.755912072956562042e-03 3.793330490589141846e-02 5.137834697961807251e-02 1.196713745594024658e-01 1.523162890225648880e-02 7.520746439695358276e-02 2.247320022433996201e-03 3.830503299832344055e-02 2.782097272574901581e-02 9.983948431909084320e-03 7.155875116586685181e-02 1.000982522964477539e-01 4.105273261666297913e-02 3.143187239766120911e-02 5.947610735893249512e-02 7.243226468563079834e-02
4.003234952688217163e-02 1.404436025768518448e-02 2.175958268344402313e-02 2.143020629882812500e-01 3.159842491149902344e-01 2.484406530857086182e-02 3.428946807980537415e-02 3.721927106380462646e-02 3.185043856501579285e-02 3.418333828449249268e-02 5.390687845647335052e-03 4.636544326785951853e-04 7.598050404340028763e-03 2.669021487236022949e-02 1.458742935210466385e-02 2.637898549437522888e-02 3.032102994620800018e-02 4.677391611039638519e-03 8.844305574893951416e-02 6.189999356865882874e-02 8.168570697307586670e-02 3.637596592307090759e-02 4.233815707266330719e-03 3.408984281122684479e-03 1.609421148896217346e-02 2.955440059304237366e-02 3.071467950940132141e-02 2.195619419217109680e-02 1.400830596685409546e-02 5.194823816418647766e-02 6.987603753805160522e-02 2.619716338813304901e-02 3.811336681246757507e-02 1.490102242678403854e-02 5.887698382139205933e-02 3.542871028184890747e-02 4.595711454749107361e-02 1.390097104012966156e-02 5.798718333244323730e-02 4.020602256059646606e-02 5.703208968043327332e-02 4.591770842671394348e-02 1.017662696540355682e-02 6.494697183370590210e-02 1.774926483631134033e-02 3.920674696564674377e-02 8.559170179069042206e-03 1.139403041452169418e-02 3.234453126788139343e-02 1.567232236266136169e-02 1.630106009542942047e-02 5.702923517674207687e-03 6.257726252079010010e-02 2.800549194216728210e-02 1.608150452375411987e-02 9.708429686725139618e-03 6.041675806045532227e-02 1.243679318577051163e-02 5.795944016426801682e-03 9.579833596944808960e-03 5.276674404740333557e-02 7.906641811132431030e-02 7.267934083938598633e-02 3.754698857665061951e-02 1.034117396920919418e-02 7.807795424014329910e-03 1.147567201405763626e-02 1.442959625273942947e-02 2.126266015693545341e-03 3.457236289978027344e-02 1.083017996279522777e-04 6.152039393782615662e-02 1.069009378552436829e-01 1.244435179978609085e-02 3.007200360298156738e-02 9.187052026391029358e-03 6.652853451669216156e-03 1.309335604310035706e-02 2.757742628455162048e-02 3.535255417227745056e-02 2.893204987049102783e-02 1.946860924363136292e-02 1.047784909605979919e-01 6.677874177694320679e-02 2.416933327913284302e-02 3.397314250469207764e-02 2.462566830217838287e-02 2.074501663446426392e-02 3.416692093014717102e-02 1.466083806008100510e-02 2.915617264807224274e-02 1.582555845379829407e-02 6.154810264706611633e-02 1.777787134051322937e-02 4.722343757748603821e-02 3.571580722928047180e-02 1.732424646615982056e-02 1.039977069012820721e-03 2.204115688800811768e-02 2.184914611279964447e-02 3.940023109316825867e-02 4.305780678987503052e-02 1.273343898355960846e-02 9.320849552750587463e-03 4.085467010736465454e-02 2.480069175362586975e-03 8.697505295276641846e-02 1.228298097848892212e-01 5.153790488839149475e-02 6.533605605363845825e-02 6.901875138282775879e-02 5.633564665913581848e-02 8.552446030080318451e-03 1.394279394298791885e-02 1.824474893510341644e-02 7.678421214222908020e-03
5.598648451268672943e-03 2.681387402117252350e-02 1.099942903965711594e-02 3.159842491149902344e-01 2.328902035951614380e-01 4.584855958819389343e-02 3.524937480688095093e-02 2.667834237217903137e-02 1.497831661254167557e-02 3.402008861303329468e-02 3.165971115231513977e-02 1.241090241819620132e-03 6.372900679707527161e-03 1.099269464612007141e-02 1.736704632639884949e-02 4.206158965826034546e-02 1.492825523018836975e-02 1.637910865247249603e-02 1.275823563337326050e-01 4.195268452167510986e-02 1.867674849927425385e-02 6.337829679250717163e-02 2.209654450416564941e-02 7.118807639926671982e-03 1.527573913335800171e-02 3.864832967519760132e-02 7.664983160793781281e-03 2.737921476364135742e-02 1.222982257604598999e-02 1.737857237458229065e-02 2.995922975242137909e-02 3.602991625666618347e-02 1.541526988148689270e-02 2.774157933890819550e-02 4.469722043722867966e-03 1.268442813307046890e-02 1.568595319986343384e-02 1.850506849586963654e-02 3.155936254188418388e-03 1.100275516510009766e-01 4.484406113624572754e-02 5.848373472690582275e-02 1.986806467175483704e-02 2.265097387135028839e-02 5.302689969539642334e-02 5.658082664012908936e-03 3.871564194560050964e-02 1.924159191548824310e-02 3.093319758772850037e-02 1.367405336350202560e-02 1.054746215231716633e-03 5.561423953622579575e-03 6.655317544937133789e-02 3.371534869074821472e-02 1.285340171307325363e-02 8.335752645507454872e-04 1.347054727375507355e-02 4.687533155083656311e-02 1.744524389505386353e-02 2.404633350670337677e-02 2.060397900640964508e-02 8.152656257152557373e-02 6.476300209760665894e-02 1.380989328026771545e-02 2.899939753115177155e-02 2.190250158309936523e-02 1.709144376218318939e-02 2.374825812876224518e-02 8.159304969012737274e-03 3.908569738268852234e-02 3.895462676882743835e-02 6.833114475011825562e-02 7.516988366842269897e-02 1.016190275549888611e-02 5.877614021301269531e-02 2.070847526192665100e-02 1.529927458614110947e-02 1.297421753406524658e-02 2.315996773540973663e-02 1.014313846826553345e-02 3.884972259402275085e-02 1.443280093371868134e-02 1.464691460132598877e-01 1.271036565303802490e-01 1.320552732795476913e-02 3.624607576057314873e-03 4.420234262943267822e-02 3.894864022731781006e-02 8.970391005277633667e-03 2.982493862509727478e-02 1.403495203703641891e-02 1.510317716747522354e-02 4.323723539710044861e-02 4.323670145822688937e-05 2.495091408491134644e-02 7.120348978787660599e-03 3.394623473286628723e-02 3.749804571270942688e-02 4.264953732490539551e-02 1.340212114155292511e-02 4.294187948107719421e-02 2.372661419212818146e-02 2.504839561879634857e-02 5.780744552612304688e-02 4.028316959738731384e-02 2.362260036170482635e-02 1.400475762784481049e-02 5.919180437922477722e-02 3.534221276640892029e-02 6.187770143151283264e-02 7.160094380378723145e-02 7.418613880872726440e-02 2.573316358029842377e-02 1.833554171025753021e-02 4.767488315701484680e-02 4.964017122983932495e-02
1.570611894130706787e-01 1.375849843025207520e-01 1.686364598572254181e-02 2.484406530857086182e-02 4.584855958819389343e-02 2.398446947336196899e-01 2.606887519359588623e-01 2.936386689543724060e-02 1.320803724229335785e-02 6.013290025293827057e-03 1.125059872865676880e-01 3.231533616781234741e-02 8.193973451852798462e-02 7.453837245702743530e-02 5.013386905193328857e-02 3.378350287675857544e-02 4.663341864943504333e-02 4.966121539473533630e-02 1.827865955419838428e-03 8.924812078475952148e-03 4.936361685395240784e-02 3.241669386625289917e-02 3.772616758942604065e-02 5.070945993065834045e-02 1.554162427783012390e-02 1.153728272765874863e-02 5.713035911321640015e-02 5.584475025534629822e-02 1.864525675773620605e-02 3.404634073376655579e-02 4.489994049072265625e-02 2.985744504258036613e-03 2.659283205866813660e-02 3.958132117986679077e-03 3.988327458500862122e-02 3.424993529915809631e-02 4.286205396056175232e-02 1.298082340508699417e-02 6.157947331666946411e-02 3.227191045880317688e-02 3.175954893231391907e-02 9.254624135792255402e-03 2.339143306016921997e-02 3.794782608747482300e-02 1.129039097577333450e-02 3.770567849278450012e-02 1.893470883369445801e-01 1.150832325220108032e-01 3.311887010931968689e-02 2.419000305235385895e-02 2.322641946375370026e-02 1.568297855556011200e-02 2.361060678958892822e-02 5.277342279441654682e-04 2.323660254478454590e-02 3.788231872022151947e-03 3.915399312973022461e-02 3.619046881794929504e-02 1.768037094734609127e-03 8.855776861310005188e-03 1.349181681871414185e-02 1.131170429289340973e-02 2.293410338461399078e-02 4.110111668705940247e-02 1.866196095943450928e-02 3.653330355882644653e-02 2.209101617336273193e-02 5.396807100623846054e-03 1.977741718292236328e-02 3.117071278393268585e-02 5.495052901096642017e-04 3.238132596015930176e-02 2.128686197102069855e-02 1.973893679678440094e-02 1.046165637671947479e-02 1.177605614066123962e-02 1.312756165862083435e-02 3.091304935514926910e-02 4.275896027684211731e-02 8.850038982927799225e-03 9.340119548141956329e-03 5.794834811240434647e-03 5.608977749943733215e-02 2.968508377671241760e-02 6.998493918217718601e-04 1.651596836745738983e-02 4.500633105635643005e-03 3.197934105992317200e-02 3.469655523076653481e-03 3.379916772246360779e-03 1.217559445649385452e-02 1.669877395033836365e-02 4.180853429716080427e-04 3.606772422790527344e-02 3.550387173891067505e-02 1.515248604118824005e-02 1.582105830311775208e-02 4.045526497066020966e-03 1.404410135000944138e-02 1.021547242999076843e-02 6.915964186191558838e-02 4.006880521774291992e-02 3.660465776920318604e-02 1.478332094848155975e-02 3.364545106887817383e-02 2.580517344176769257e-02 2.224843716248869896e-03 1.929884031414985657e-02 1.112603582441806793e-02 1.077334117144346237e-02 2.648377045989036560e-02 2.030595391988754272e-02 4.633894655853509903e-03 2.392852678894996643e-02 7.637347560375928879e-03 1.243237312883138657e-02
1.477500945329666138e-01 1.963756531476974487e-01 1.775193586945533752e-02 3.428946807980537415e-02 3.524937480688095093e-02 2.606887519359588623e-01 2.487955838441848755e-01 2.286507003009319305e-02 3.107655979692935944e-02 1.059636846184730530e-02 8.087684959173202515e-02 1.445109955966472626e-02 1.428173333406448364e-01 6.134276092052459717e-02 3.223663195967674255e-02 3.982260823249816895e-02 4.147932678461074829e-02 8.779756724834442139e-03 2.634681202471256256e-02 2.254283055663108826e-02 5.661771818995475769e-02 2.657812647521495819e-02 3.569346666336059570e-02 6.005451455712318420e-02 4.371523391455411911e-03 2.886463142931461334e-02 5.100729689002037048e-02 1.792712509632110596e-02 3.832225501537322998e-02 2.471801079809665680e-02 5.097389221191406250e-02 1.639908365905284882e-02 2.311139740049839020e-02 5.885416176170110703e-03 4.229130223393440247e-03 1.172447297722101212e-02 1.242009364068508148e-02 3.549080714583396912e-02 2.579827047884464264e-02 4.910214338451623917e-03 1.487807184457778931e-02 6.187528837472200394e-03 4.233855009078979492e-02 4.135215654969215393e-02 2.293526381254196167e-02 4.614751785993576050e-02 1.200966909527778625e-01 1.670759171247482300e-01 2.973375469446182251e-02 5.207087844610214233e-03 3.036618931218981743e-03 7.480964064598083496e-03 2.658488228917121887e-02 4.194552078843116760e-02 2.040038444101810455e-02 1.168632879853248596e-02 2.677234262228012085e-02 4.468577448278665543e-03 3.108373656868934631e-02 2.963747270405292511e-02 8.159033022820949554e-03 5.338251125067472458e-03 6.308723986148834229e-02 6.319586187601089478e-03 4.286661744117736816e-02 1.211205311119556427e-02 2.143597975373268127e-02 8.670147508382797241e-03 9.810470044612884521e-03 2.438398450613021851e-02 7.962376810610294342e-03 4.589432477951049805e-02 1.395473722368478775e-02 1.666217669844627380e-02 1.748006790876388550e-02 2.045874856412410736e-02 4.176717251539230347e-02 3.662213683128356934e-02 4.489698261022567749e-02 3.184351697564125061e-02 1.163597125560045242e-02 5.432585254311561584e-03 3.916105628013610840e-02 3.300659358501434326e-02 2.983513521030545235e-03 3.648638352751731873e-02 1.244464423507452011e-02 3.054344840347766876e-02 5.279492214322090149e-02 4.944383352994918823e-02 7.167979329824447632e-02 1.263767201453447342e-02 5.055037513375282288e-02 3.381051123142242432e-02 1.447992958128452301e-02 1.101452112197875977e-02 4.850477725267410278e-02 6.936291605234146118e-02 3.955081105232238770e-03 1.867813058197498322e-02 7.003793865442276001e-02 4.492818191647529602e-02 1.410532183945178986e-02 5.420438945293426514e-03 4.909357056021690369e-03 7.242135703563690186e-02 1.871418766677379608e-02 7.568135112524032593e-02 2.224248275160789490e-02 5.060904100537300110e-02 4.081824794411659241e-03 6.764122284948825836e-03 7.075286936014890671e-03 2.988874725997447968e-02 4.150508344173431396e-02 4.382747225463390350e-03
2.481899969279766083e-02 1.817150786519050598e-02 1.207211464643478394e-01 3.721927106380462646e-02 2.667834237217903137e-02 2.936386689543724060e-02 2.286507003009319305e-02 2.338767051696777344e-01 1.769538223743438721e-02 3.409835742786526680e-03 1.971736550331115723e-03 4.891818016767501831e-02 4.301928356289863586e-02 1.317140739411115646e-02 2.109855264425277710e-01 4.612206481397151947e-03 3.575875610113143921e-02 4.422189667820930481e-02 1.336479745805263519e-02 2.119904011487960815e-02 2.516171336174011230e-02 8.158581703901290894e-02 1.203722786158323288e-02 6.272145081311464310e-03 1.475170720368623734e-03 2.318426966667175293e-02 6.097707524895668030e-02 1.452647335827350616e-02 5.222495645284652710e-03 1.703430898487567902e-02 1.626569405198097229e-02 9.606901556253433228e-03 5.950460210442543030e-02 3.813205286860466003e-02 1.082338206470012665e-02 4.217497631907463074e-02 7.527007162570953369e-02 4.154017567634582520e-02 5.859259143471717834e-02 6.828468292951583862e-02 3.056780435144901276e-02 2.205352531746029854e-03 1.430843956768512726e-02 1.079480256885290146e-02 1.572284474968910217e-02 2.923886477947235107e-02 3.039052523672580719e-02 3.465329855680465698e-02 2.265423350036144257e-02 1.318787690252065659e-02 1.948817260563373566e-02 2.277762070298194885e-02 1.317576132714748383e-02 4.066159203648567200e-02 5.215685442090034485e-02 2.933930046856403351e-02 3.108798293396830559e-03 5.715637654066085815e-02 7.869643741287291050e-04 1.063518039882183075e-02 1.723201200366020203e-02 2.674377895891666412e-02 2.495703846216201782e-02 7.226122915744781494e-02 3.579140454530715942e-02 2.221800945699214935e-02 5.028001032769680023e-03 1.330013736151158810e-03 1.517294533550739288e-02 8.221197873353958130e-03 4.870118107646703720e-03 5.434536840766668320e-03 8.057745289988815784e-04 5.880056694149971008e-02 1.392394583672285080e-02 1.200073119252920151e-02 3.852632641792297363e-02 3.724202979356050491e-03 3.808715194463729858e-02 3.934155683964490891e-03 1.453207284212112427e-01 1.176592335104942322e-01 3.348915278911590576e-02 2.067284891381859779e-03 7.833252847194671631e-02 6.993944942951202393e-02 8.265551179647445679e-02 7.915308326482772827e-02 5.744646117091178894e-02 9.021705016493797302e-03 1.705676130950450897e-02 3.856417024508118629e-03 1.957482658326625824e-02 3.609740640968084335e-03 2.429680153727531433e-02 1.232705079019069672e-02 2.192501537501811981e-02 4.114478453993797302e-02 1.860491745173931122e-02 5.870739463716745377e-03 1.046529412269592285e-02 1.436093263328075409e-02 2.847645245492458344e-02 3.916722256690263748e-03 6.302621215581893921e-02 1.332788262516260147e-02 2.155194431543350220e-02 3.151029720902442932e-02 1.208680029958486557e-02 2.463985979557037354e-02 3.581275045871734619e-02 3.000834723934531212e-03 1.344994734972715378e-02 5.960381031036376953e-02 1.237931475043296814e-02 5.076700448989868164e-02
2.656298689544200897e-02 5.093241855502128601e-02 2.286787517368793488e-02 3.185043856501579285e-02 1.497831661254167557e-02 1.320803724229335785e-02 3.107655979692935944e-02 1.769538223743438721e-02 1.949298530817031860e-01 8.115275949239730835e-02 2.428419888019561768e-02 2.135458216071128845e-02 6.453178357332944870e-03 1.351990178227424622e-02 3.320219460874795914e-03 2.335938252508640289e-02 1.697001978754997253e-02 9.737837314605712891e-02 7.432198524475097656e-02 3.281110152602195740e-02 1.489620190113782883e-02 1.521684881299734116e-02 2.245361916720867157e-02 1.785540394484996796e-02 2.842703135684132576e-03 3.429472818970680237e-02 2.846222929656505585e-02 3.041267767548561096e-02 1.057277154177427292e-02 4.813143517822027206e-03 1.088821236044168472e-02 1.225306070409715176e-03 3.584895282983779907e-02 2.844067290425300598e-02 1.035716943442821503e-02 3.378498926758766174e-02 1.734346151351928711e-04 3.562513366341590881e-02 1.093604415655136108e-02 2.052083425223827362e-02 1.812865585088729858e-02 5.615715682506561279e-02 1.824299432337284088e-02 5.128093436360359192e-02 4.051932319998741150e-02 1.005770824849605560e-02 5.719462875276803970e-03 1.340212021023035049e-02 8.008255064487457275e-02 2.845242619514465332e-02 3.513302281498908997e-02 2.587080933153629303e-02 1.580527983605861664e-02 6.293761078268289566e-03 1.080386936664581299e-01 3.895004093647003174e-02 3.272907808423042297e-02 9.122458286583423615e-03 1.367644220590591431e-02 2.115147886797785759e-03 1.583692966960370541e-03 1.278316695243120193e-02 1.124255638569593430e-02 1.492018066346645355e-02 2.197421388700604439e-03 5.121829919517040253e-03 2.317076548933982849e-02 4.187819734215736389e-02 7.596211135387420654e-02 1.433327328413724899e-02 5.765124037861824036e-02 7.661469746381044388e-03 8.406742475926876068e-03 4.174067452549934387e-02 6.437722593545913696e-03 4.492464289069175720e-02 1.408851295709609985e-01 9.468044340610504150e-02 6.980351358652114868e-02 4.535802081227302551e-02 2.538374392315745354e-04 8.975082077085971832e-03 5.371306091547012329e-02 4.835025221109390259e-02 2.994483336806297302e-02 6.974135525524616241e-03 3.184987977147102356e-02 3.760850429534912109e-02 4.955744370818138123e-02 1.581012457609176636e-02 2.643115632236003876e-02 2.330639027059078217e-02 1.582299731671810150e-02 2.195404376834630966e-03 3.227256610989570618e-02 4.438382107764482498e-03 2.662090025842189789e-02 3.781946375966072083e-02 2.895568497478961945e-02 2.708270959556102753e-02 2.963915001600980759e-03 1.579415239393711090e-02 3.138710185885429382e-02 2.999282069504261017e-02 2.164217084646224976e-02 6.435679388232529163e-04 3.128435695543885231e-03 1.578847062774002552e-03 5.902254488319158554e-03 8.372592739760875702e-03 3.601858019828796387e-02 1.868646405637264252e-02 4.016248043626546860e-03 1.291405316442251205e-02 5.334778875112533569e-02 2.369181998074054718e-02
3.272557863965630531e-03 8.540045382687821984e-05 3.044387325644493103e-02 3.418333828449249268e-02 3.402008861303329468e-02 6.013290025293827057e-03 1.059636846184730530e-02 3.409835742786526680e-03 8.115275949239730835e-02 1.910652071237564087e-01 1.969489827752113342e-02 1.388271618634462357e-02 1.177067286334931850e-03 5.708952900022268295e-03 4.190243780612945557e-02 2.997802942991256714e-02 3.728466853499412537e-02 1.818533241748809814e-02 5.835403874516487122e-02 2.319355867803096771e-02 6.220609880983829498e-03 6.878260173834860325e-04 2.047909796237945557e-02 3.226407617330551147e-02 2.405514940619468689e-02 3.079047799110412598e-02 6.169560551643371582e-02 1.733097247779369354e-02 1.986774802207946777e-02 1.246248837560415268e-02 2.429984509944915771e-02 9.353744797408580780e-03 1.054916530847549438e-02 3.312617074698209763e-03 5.552477668970823288e-03 2.008701115846633911e-02 2.670829184353351593e-02 1.432201731950044632e-02 7.269719243049621582e-02 2.512994036078453064e-02 1.855050795711576939e-04 2.549739368259906769e-02 4.728297237306833267e-03 3.876242414116859436e-02 3.097619116306304932e-02 3.363944217562675476e-02 4.502329230308532715e-02 2.267349045723676682e-03 2.316914498805999756e-02 7.602357119321823120e-02 3.289480879902839661e-02 1.230885041877627373e-03 8.045805618166923523e-03 1.966912532225251198e-03 2.868161164224147797e-02 1.151511445641517639e-01 2.739332243800163269e-02 1.582807744853198528e-03 1.062008459120988846e-02 1.452426891773939133e-02 1.103045360650867224e-04 4.818417131900787354e-02 3.136808425188064575e-02 2.526603871956467628e-03 5.063438322395086288e-03 1.289165206253528595e-02 3.934631869196891785e-02 1.903444528579711914e-02 5.406026914715766907e-02 7.309556473046541214e-03 8.589675277471542358e-02 7.825091481208801270e-03 1.812415895983576775e-03 5.629570037126541138e-02 3.347019106149673462e-02 1.419999636709690094e-02 4.903836920857429504e-02 1.225676536560058594e-01 3.562821447849273682e-02 1.250590085983276367e-01 1.117574516683816910e-02 3.064190782606601715e-02 1.169706042855978012e-02 6.750397384166717529e-02 2.626022323966026306e-02 7.501977682113647461e-02 1.071400754153728485e-02 2.730842493474483490e-02 7.584400940686464310e-03 2.553652413189411163e-02 8.616244420409202576e-03 2.115688659250736237e-02 1.985633932054042816e-02 2.564805792644619942e-03 2.581761591136455536e-02 3.567307442426681519e-02 3.470184653997421265e-02 1.161533500999212265e-02 5.992747843265533447e-03 5.550866946578025818e-03 2.247939817607402802e-02 3.289126977324485779e-02 1.360374037176370621e-02 1.872432790696620941e-02 2.321657352149486542e-02 1.506462972611188889e-02 4.186218231916427612e-02 7.323574740439653397e-03 4.553536325693130493e-02 6.060988525860011578e-04 4.562191199511289597e-03 1.107861287891864777e-02 5.962932482361793518e-03 2.645330969244241714e-03 1.594213768839836121e-02 5.486042052507400513e-02
1.373104602098464966e-01 5.463377386331558228e-02 4.493170883506536484e-03 5.390687845647335052e-03 3.165971115231513977e-02 1.125059872865676880e-01 8.087684959173202515e-02 1.971736550331115723e-03 2.428419888019561768e-02 1.969489827752113342e-02 1.830872297286987305e-01 3.520670160651206970e-02 1.475829631090164185e-01 2.802678383886814117e-02 5.146053805947303772e-02 1.314115896821022034e-02 1.262800535187125206e-03 6.643132865428924561e-02 3.324981406331062317e-02 3.131770342588424683e-02 3.514989092946052551e-02 5.659411661326885223e-03 1.559407450258731842e-02 1.018493901938199997e-02 4.372959025204181671e-03 2.291178330779075623e-02 6.996275484561920166e-02 2.081326209008693695e-02 2.734914980828762054e-02 7.036225870251655579e-03 1.167634036391973495e-02 3.075884468853473663e-02 6.103727966547012329e-02 2.637524157762527466e-02 2.082994766533374786e-02 4.521157220005989075e-02 5.560314748436212540e-03 4.608821868896484375e-02 6.779539585113525391e-02 2.631619572639465332e-02 1.270602550357580185e-02 1.814224012196063995e-02 2.973112836480140686e-02 1.406272221356630325e-02 3.217199444770812988e-02 5.013140384107828140e-03 1.340175569057464600e-01 9.603532403707504272e-02 7.549030240625143051e-03 2.700534276664257050e-02 1.835066825151443481e-02 7.262316998094320297e-03 4.673911258578300476e-02 6.410545110702514648e-02 2.608337439596652985e-02 7.453200872987508774e-03 1.950161904096603394e-02 1.693565398454666138e-02 5.452382564544677734e-02 2.803017385303974152e-02 2.974445000290870667e-02 5.175703205168247223e-03 6.492774188518524170e-02 8.196895010769367218e-03 4.873634874820709229e-02 5.663590878248214722e-02 2.601603232324123383e-02 2.909515425562858582e-02 7.156040985137224197e-03 2.661288902163505554e-02 1.044457405805587769e-02 1.943059265613555908e-02 1.373179443180561066e-02 4.323120415210723877e-02 2.529283985495567322e-02 1.301728468388319016e-02 1.309831626713275909e-02 6.459582597017288208e-03 1.417690142989158630e-02 2.045783586800098419e-02 4.195736721158027649e-03 1.024114806205034256e-02 4.343448206782341003e-02 1.352506875991821289e-02 3.688418492674827576e-02 4.852313920855522156e-02 5.940876156091690063e-02 5.215879157185554504e-02 1.475628372281789780e-02 1.960604824125766754e-02 6.871543824672698975e-02 1.576760224997997284e-02 5.386358499526977539e-02 1.217499468475580215e-02 4.378572106361389160e-02 4.200900346040725708e-02 6.793878274038434029e-04 9.765964001417160034e-03 1.273327390663325787e-03 1.164346560835838318e-02 1.070191990584135056e-02 7.918546325527131557e-04 2.062562480568885803e-02 3.039715811610221863e-02 1.297674141824245453e-02 7.802908308804035187e-03 2.909592539072036743e-02 3.934939205646514893e-02 5.826601292937994003e-03 1.815225370228290558e-02 2.445594407618045807e-02 5.633583664894104004e-02 1.859064586460590363e-02 6.389650516211986542e-04 8.240335620939731598e-03 5.711445957422256470e-02
2.207657881081104279e-02 6.999368220567703247e-02 5.460891127586364746e-02 4.636544326785951853e-04 1.241090241819620132e-03 3.231533616781234741e-02 1.445109955966472626e-02 4.891818016767501831e-02 2.135458216071128845e-02 1.388271618634462357e-02 3.520670160651206970e-02 2.560431063175201416e-01 1.276957523077726364e-02 1.098197922110557556e-01 2.813307335600256920e-03 1.127612558775581419e-04 3.586508100852370262e-03 2.049810066819190979e-02 2.646771073341369629e-02 4.170629009604454041e-02 1.405347324907779694e-02 2.142914012074470520e-02 4.640850797295570374e-02 2.747076004743576050e-02 4.874351900070905685e-03 6.277390290051698685e-03 2.582843229174613953e-02 9.272243082523345947e-02 4.936397448182106018e-02 8.134634792804718018e-02 5.192135274410247803e-02 2.236844599246978760e-02 2.147301845252513885e-02 1.131123956292867661e-02 6.403072178363800049e-02 3.802703320980072021e-02 4.106375202536582947e-02 3.194100921973586082e-03 9.186780452728271484e-02 1.195370033383369446e-02 4.772778972983360291e-02 1.718922704458236694e-02 3.408372029662132263e-02 4.518053680658340454e-02 1.120138093829154968e-01 7.758137583732604980e-02 6.972032785415649414e-02 2.515013702213764191e-02 9.795162826776504517e-03 7.106619421392679214e-03 4.443917796015739441e-02 4.096192494034767151e-02 8.793815039098262787e-03 3.291309252381324768e-02 5.997249856591224670e-03 5.859889555722475052e-03 2.857330441474914551e-02 2.062243968248367310e-02 1.003602892160415649e-02 4.120146855711936951e-02 3.888934850692749023e-02 6.332616508007049561e-02 2.934793569147586823e-02 3.909888491034507751e-02 1.057374849915504456e-02 2.263363450765609741e-02 3.779386170208454132e-03 2.465901889081578702e-05 1.032336498610675335e-03 3.605105355381965637e-02 2.662516199052333832e-02 5.769521743059158325e-02 1.693539693951606750e-02 2.247248077765107155e-03 7.105980534106492996e-03 4.628545418381690979e-02 3.615932911634445190e-02 4.919542931020259857e-03 8.709921687841415405e-02 4.598157480359077454e-02 3.579541295766830444e-02 4.796380549669265747e-02 1.101470086723566055e-02 9.522931650280952454e-03 1.808737032115459442e-02 1.461646170355379581e-03 4.190370906144380569e-03 4.504793323576450348e-03 5.800116434693336487e-02 4.824344441294670105e-02 6.506892293691635132e-02 3.279698267579078674e-02 1.393069513142108917e-02 2.298595197498798370e-02 2.697347290813922882e-02 1.758689805865287781e-02 3.265361301600933075e-03 1.673940755426883698e-02 1.401326060295104980e-02 9.365424513816833496e-03 1.297837356105446815e-03 1.723537035286426544e-02 2.318199165165424347e-02 2.185493707656860352e-02 2.070447057485580444e-02 3.547345846891403198e-02 1.267510838806629181e-02 3.985555469989776611e-02 1.429069525329396129e-04 4.912617802619934082e-02 4.069798439741134644e-02 1.968926191329956055e-02 2.218250185251235962e-02 4.548798128962516785e-02 3.303740173578262329e-02 3.708516806364059448e-02
1.203740984201431274e-01 1.639798283576965332e-01 3.940905630588531494e-02 7.598050404340028763e-03 6.372900679707527161e-03 8.193973451852798462e-02 1.428173333406448364e-01 4.301928356289863586e-02 6.453178357332944870e-03 1.177067286334931850e-03 1.475829631090164185e-01 1.276957523077726364e-02 2.045211493968963623e-01 2.525746822357177734e-02 5.524741113185882568e-02 4.831538535654544830e-03 1.126848999410867691e-02 1.550820656120777130e-02 6.035019457340240479e-02 2.835614606738090515e-03 3.379543870687484741e-02 6.470701657235622406e-03 4.750712774693965912e-03 4.541363741736859083e-04 3.103715367615222931e-03 4.051174223423004150e-02 4.024215415120124817e-02 4.572618007659912109e-02 1.525202998891472816e-03 3.789639798924326897e-03 4.093020409345626831e-02 3.532440215349197388e-02 2.057354710996150970e-02 9.596385061740875244e-03 3.217161167412996292e-03 3.284132480621337891e-02 1.067158416844904423e-03 5.815726146101951599e-02 1.461850479245185852e-02 4.282647569198161364e-04 2.427917206659913063e-03 2.744756452739238739e-02 4.548473749309778214e-03 1.986723020672798157e-02 6.539565511047840118e-03 2.440747246146202087e-02 5.257989093661308289e-02 1.552306264638900757e-01 1.847320119850337505e-03 1.636442961171269417e-03 2.790493518114089966e-02 1.206903252750635147e-02 4.976822808384895325e-02 4.346551001071929932e-02 3.338700160384178162e-02 4.947437439113855362e-03 3.616745397448539734e-02 1.942081563174724579e-02 1.149130705744028091e-02 2.309441193938255310e-02 1.520800963044166565e-02 1.771875657141208649e-02 3.412479907274246216e-02 1.007893122732639313e-02 8.157730102539062500e-03 6.525634974241256714e-02 1.500686723738908768e-02 7.089782040566205978e-03 3.212356241419911385e-03 1.092200167477130890e-02 6.336283404380083084e-03 5.233645811676979065e-02 3.413878008723258972e-02 3.057485446333885193e-02 3.503261506557464600e-02 3.886427357792854309e-02 1.235781470313668251e-03 2.219939371570944786e-03 3.004929423332214355e-02 2.418186329305171967e-02 2.862870693206787109e-02 5.011137202382087708e-02 4.634139314293861389e-02 1.448350772261619568e-02 4.195393621921539307e-02 3.901942446827888489e-02 9.172713384032249451e-03 6.902017444372177124e-02 1.352054718881845474e-02 2.287812344729900360e-02 1.474793348461389542e-02 5.990319419652223587e-03 6.116271018981933594e-02 5.881083011627197266e-02 8.744738996028900146e-03 8.464281447231769562e-03 1.204196736216545105e-02 5.701994523406028748e-03 8.244679309427738190e-03 5.972581449896097183e-03 9.622589685022830963e-03 2.228933572769165039e-02 8.515999652445316315e-03 2.681092731654644012e-02 2.482644468545913696e-02 4.960555955767631531e-02 4.233665019273757935e-02 6.090555340051651001e-02 1.715493947267532349e-02 5.090072751045227051e-02 3.347264602780342102e-02 5.453160032629966736e-02 2.962681173812597990e-04 3.209470584988594055e-02 3.001535125076770782e-02 3.188742697238922119e-02
