1.078969836235046387e-01 2.585489451885223389e-01 9.045085310935974121e-02 2.656750380992889404e-02 3.321551159024238586e-02 1.235739886760711670e-01 1.137493029236793518e-01 1.386751793324947357e-02 4.582634195685386658e-03 2.967551350593566895e-02 2.065473794937133789e-01 3.600249439477920532e-02 1.630129665136337280e-01 4.485771525651216507e-03 7.618251442909240723e-02 3.311008214950561523e-02 3.825378837063908577e-03 1.776825450360774994e-02 2.223711833357810974e-02 5.311275273561477661e-02 5.746808275580406189e-02 5.258605629205703735e-02 1.725757680833339691e-02 2.099776640534400940e-02 4.122187849134206772e-03 1.495932042598724365e-02 5.907318368554115295e-02 1.219730824232101440e-02 5.342559888958930969e-02 1.184748951345682144e-02 9.596356749534606934e-02 3.324537724256515503e-02 4.186444357037544250e-02 2.368458174169063568e-02 7.859334349632263184e-03 4.898430779576301575e-02 4.323398321866989136e-02 1.859427988529205322e-02 1.254143007099628448e-02 3.024412132799625397e-02 2.874469384551048279e-02 1.849280670285224915e-02 6.273621693253517151e-03 2.104647457599639893e-02 3.661638498306274414e-02 7.143946737051010132e-02 8.244656771421432495e-02 4.537200927734375000e-02 2.331166062504053116e-03 3.354834020137786865e-02 2.977346815168857574e-02 6.106158718466758728e-02 3.847347572445869446e-02 6.381661444902420044e-02 2.804490365087985992e-02 2.411354705691337585e-02 3.336292132735252380e-02 5.200128257274627686e-02 2.293817140161991119e-02 4.229389876127243042e-02 1.639258861541748047e-02 3.947709873318672180e-02 3.308669105172157288e-02 1.993117295205593109e-02 1.736538484692573547e-02 2.035126090049743652e-02 3.911985829472541809e-02 3.800870478153228760e-02 2.440843917429447174e-02 1.723167672753334045e-02 1.990758627653121948e-02 4.761496093124151230e-03 5.787309631705284119e-02 9.139865636825561523e-03 4.156648740172386169e-02 2.802226133644580841e-02 4.005470499396324158e-02 4.616414755582809448e-02 4.865505266934633255e-03 2.738493680953979492e-02 2.771738171577453613e-02 8.630523458123207092e-03 3.789826482534408569e-02 3.555050492286682129e-02 4.813679680228233337e-02 7.104540243744850159e-03 5.053219944238662720e-02 4.993904381990432739e-02 1.539436820894479752e-02 8.258118294179439545e-03 3.435412421822547913e-02 1.593725872226059437e-03 4.076297860592603683e-03 3.560342302080243826e-04 3.010439127683639526e-02 5.315724015235900879e-02 2.757213823497295380e-02 9.149732068181037903e-03 7.906449027359485626e-03 3.116891160607337952e-02 3.608698770403862000e-02 2.865264937281608582e-02 4.904614761471748352e-03 3.533681109547615051e-02 6.610780209302902222e-02 2.234608307480812073e-02 5.262928549200296402e-03 6.593902409076690674e-02 1.409406028687953949e-02 1.649567857384681702e-02 2.443880029022693634e-02 6.199220195412635803e-02 8.331571705639362335e-03 8.798871934413909912e-02 6.488267332315444946e-02 4.182138293981552124e-02
2.585489451885223389e-01 1.288935840129852295e-01 6.413228809833526611e-02 8.598184585571289062e-02 1.765429042279720306e-02 1.467623561620712280e-01 1.527258604764938354e-01 2.026375196874141693e-02 1.994296349585056305e-02 2.091230824589729309e-02 1.476948261260986328e-01 8.771131746470928192e-03 1.818419098854064941e-01 2.966825664043426514e-02 6.334750447422266006e-03 3.235717862844467163e-02 1.767348684370517731e-02 2.120267413556575775e-02 8.174170739948749542e-03 2.223891019821166992e-02 5.710120499134063721e-02 3.503646003082394600e-03 5.263580754399299622e-02 1.618210226297378540e-02 1.181230414658784866e-02 5.608437582850456238e-03 3.932163864374160767e-02 3.508904203772544861e-02 6.209445744752883911e-02 2.499469555914402008e-03 1.815786212682723999e-02 4.206968098878860474e-02 3.505163639783859253e-02 5.571469292044639587e-02 1.670339517295360565e-02 5.799234285950660706e-02 2.883128635585308075e-02 1.391812786459922791e-02 2.422284707427024841e-02 4.156135022640228271e-03 1.384242530912160873e-02 1.434566173702478409e-02 5.295487120747566223e-02 1.254512518644332886e-01 7.376580033451318741e-03 2.636817097663879395e-02 8.752509206533432007e-02 1.878760755062103271e-02 5.718228407204151154e-03 1.633606106042861938e-02 3.777318075299263000e-02 8.390785753726959229e-02 3.527367487549781799e-02 2.178073488175868988e-02 6.246180459856987000e-02 2.240313403308391571e-02 4.437647387385368347e-02 4.336060211062431335e-02 1.602113805711269379e-02 1.648352481424808502e-02 5.104260519146919250e-02 2.021306194365024567e-02 3.850331297144293785e-03 6.404225714504718781e-03 5.160414800047874451e-02 6.902913749217987061e-02 9.962042793631553650e-03 7.646424323320388794e-02 2.433373406529426575e-02 3.501460328698158264e-02 1.039025746285915375e-02 2.700569666922092438e-02 1.779407821595668793e-02 5.698633939027786255e-02 5.118977744132280350e-03 4.581074789166450500e-02 5.416790395975112915e-02 2.455991320312023163e-02 2.252789027988910675e-02 7.224013656377792358e-02 6.429950892925262451e-02 4.220001574140042067e-04 1.432491093873977661e-02 1.699398830533027649e-02 5.136284977197647095e-02 1.994311250746250153e-02 4.114041849970817566e-02 3.080168925225734711e-02 3.679357469081878662e-02 1.725091948173940182e-03 4.597907513380050659e-02 1.197175733977928758e-04 2.340772375464439392e-02 3.694780543446540833e-02 4.770816862583160400e-02 4.960160329937934875e-02 1.222026441246271133e-02 1.142937410622835159e-02 1.009901985526084900e-02 6.112274713814258575e-03 1.613971218466758728e-02 2.024696581065654755e-02 6.526166945695877075e-02 6.617318093776702881e-02 3.529018536210060120e-02 7.436692714691162109e-03 3.312674909830093384e-02 2.263263799250125885e-02 3.509003669023513794e-03 2.669471316039562225e-02 5.567637085914611816e-02 3.670558333396911621e-02 5.331754800863564014e-04 9.645401686429977417e-02 6.934881955385208130e-02 3.332588449120521545e-02
9.045085310935974121e-02 6.413228809833526611e-02 5.181910842657089233e-02 5.884866230189800262e-03 4.421453550457954407e-02 7.865744829177856445e-02 7.461897283792495728e-02 1.431544423103332520e-01 1.084131188690662384e-03 9.564771316945552826e-04 6.219886615872383118e-02 4.027858842164278030e-03 9.067617356777191162e-02 2.217564731836318970e-02 1.440215483307838440e-02 5.572665110230445862e-02 9.295722097158432007e-02 2.271159552037715912e-02 4.295726120471954346e-02 3.925161063671112061e-02 5.482476949691772461e-02 2.850790321826934814e-02 1.616008393466472626e-02 7.070057094097137451e-02 3.876576945185661316e-02 6.785579025745391846e-02 3.672115504741668701e-02 1.212991587817668915e-02 4.166859015822410583e-02 1.324556488543748856e-02 5.729506164789199829e-02 6.682910025119781494e-02 2.739454247057437897e-02 4.072870314121246338e-02 9.952133521437644958e-03 6.573025137186050415e-02 3.998675942420959473e-02 1.539695076644420624e-02 6.195010151714086533e-03 3.232537768781185150e-03 3.548719221726059914e-03 2.399869076907634735e-02 1.804949901998043060e-02 1.884882003068923950e-01 5.948957055807113647e-02 6.350085139274597168e-03 7.566305994987487793e-02 5.503461137413978577e-02 1.206765766255557537e-03 5.886691808700561523e-02 2.599409781396389008e-03 3.604637086391448975e-02 1.798737049102783203e-02 5.134298279881477356e-02 2.232719585299491882e-02 2.811855636537075043e-02 4.698916524648666382e-02 4.740921314805746078e-03 6.382476538419723511e-02 5.213911831378936768e-02 1.627367362380027771e-02 4.412449523806571960e-02 5.859700962901115417e-03 6.877514533698558807e-03 2.072979509830474854e-02 5.571462586522102356e-02 2.355561405420303345e-02 5.361574701964855194e-03 4.678341746330261230e-02 7.590444758534431458e-03 4.756712540984153748e-02 4.310951568186283112e-03 2.536361292004585266e-02 4.742977768182754517e-02 2.759460359811782837e-02 8.086731395451352000e-05 4.309781640768051147e-02 5.484693497419357300e-02 7.196865975856781006e-02 7.655842602252960205e-02 1.730757951736450195e-01 1.210239008069038391e-01 1.043776702135801315e-02 5.748821794986724854e-02 9.378715418279170990e-03 4.750640131533145905e-03 9.154002368450164795e-02 6.268744170665740967e-02 2.365946397185325623e-02 2.463885210454463959e-02 2.186888456344604492e-02 4.750404879450798035e-02 1.135533861815929413e-02 4.183664172887802124e-02 2.315361797809600830e-02 4.633514210581779480e-02 2.362372539937496185e-02 4.302658513188362122e-02 6.786179728806018829e-03 5.276651680469512939e-02 5.044366791844367981e-02 2.305084094405174255e-02 2.373864687979221344e-02 8.830691874027252197e-02 1.245120074599981308e-02 1.029120758175849915e-02 3.606209531426429749e-02 1.321211084723472595e-02 6.290583405643701553e-03 3.752107545733451843e-02 3.297580033540725708e-02 1.583199598826467991e-03 1.519154198467731476e-02 3.111601434648036957e-02 4.378837533295154572e-03 1.526725944131612778e-02
2.656750380992889404e-02 8.598184585571289062e-02 5.884866230189800262e-03 6.171798333525657654e-02 3.185092210769653320e-01 1.039728708565235138e-02 2.556793950498104095e-02 1.299646310508251190e-02 2.495025470852851868e-02 4.015843197703361511e-02 1.583256572484970093e-02 5.740403383970260620e-02 6.812882423400878906e-02 8.233046159148216248e-03 1.305754110217094421e-02 2.482141554355621338e-02 2.234547585248947144e-02 8.306379616260528564e-02 1.232694834470748901e-01 5.205263197422027588e-02 3.168404847383499146e-02 2.957039140164852142e-02 1.753197237849235535e-02 2.745795063674449921e-02 7.069306913763284683e-03 3.704590722918510437e-02 1.685737259685993195e-02 9.826586581766605377e-03 4.113697260618209839e-02 1.152463257312774658e-02 1.020064111799001694e-02 5.361567437648773193e-02 1.155441068112850189e-02 3.080095164477825165e-02 4.919562488794326782e-02 4.709440097212791443e-02 2.823277190327644348e-02 1.745750941336154938e-02 1.020452305674552917e-01 9.524160623550415039e-02 8.254593238234519958e-03 5.382882803678512573e-02 4.443253949284553528e-02 4.892379511147737503e-03 5.028146132826805115e-02 5.220851860940456390e-03 1.082812156528234482e-02 1.324617862701416016e-02 7.230398058891296387e-02 3.509828820824623108e-02 1.074961386620998383e-02 5.422117561101913452e-02 9.377532405778765678e-04 1.627318747341632843e-02 3.539189323782920837e-02 5.165617913007736206e-02 4.434312134981155396e-02 2.543942071497440338e-03 6.651753932237625122e-02 7.779101841151714325e-03 6.208484619855880737e-02 4.631589166820049286e-03 1.547251082956790924e-02 3.581196814775466919e-02 1.809550635516643524e-02 4.599846154451370239e-02 5.590430926531553268e-03 5.662682279944419861e-02 3.878996148705482483e-02 4.268588870763778687e-02 8.182772435247898102e-04 1.444785855710506439e-02 1.518213599920272827e-01 3.339692577719688416e-02 9.986201673746109009e-02 3.321690857410430908e-02 4.270131513476371765e-02 5.961838364601135254e-02 1.466145273298025131e-02 1.930360309779644012e-02 8.496534079313278198e-03 3.004260733723640442e-02 1.381307723931968212e-03 5.669343098998069763e-02 1.742360182106494904e-02 3.015956468880176544e-02 4.781121760606765747e-02 3.868087008595466614e-02 3.175371140241622925e-02 2.791837044060230255e-02 7.631611824035644531e-02 1.004145853221416473e-02 2.005651593208312988e-02 1.589634455740451813e-02 4.670133441686630249e-02 2.914620004594326019e-02 2.383666671812534332e-02 1.825830526649951935e-02 1.255655437707901001e-01 1.214881613850593567e-01 4.207004979252815247e-02 4.807561263442039490e-02 4.861737042665481567e-02 3.337353840470314026e-02 1.652306132018566132e-02 5.170010402798652649e-02 4.080958291888237000e-02 6.333111971616744995e-02 7.938329130411148071e-03 8.071996271610260010e-03 1.447272300720214844e-02 4.896031226962804794e-03 5.302241444587707520e-02 8.306391537189483643e-02 6.459812168031930923e-03 7.295014709234237671e-02
3.321551159024238586e-02 1.765429042279720306e-02 4.421453550457954407e-02 3.185092210769653320e-01 6.708612293004989624e-02 1.415441650897264481e-02 2.129926811903715134e-03 1.791245676577091217e-02 3.094491921365261078e-02 3.384308144450187683e-02 1.766455173492431641e-02 3.361244872212409973e-02 4.270854592323303223e-02 4.159622266888618469e-02 2.076629735529422760e-02 2.931083552539348602e-02 4.089371487498283386e-02 2.820766530930995941e-02 6.225034594535827637e-02 5.031368136405944824e-02 3.278426826000213623e-02 2.742402628064155579e-02 4.856488481163978577e-02 1.314491219818592072e-02 3.115759417414665222e-02 2.175084501504898071e-02 5.649981088936328888e-03 5.129004642367362976e-02 4.045687243342399597e-02 5.665794387459754944e-02 1.856431923806667328e-02 3.411215916275978088e-02 1.011796668171882629e-02 5.910852458328008652e-03 1.062648557126522064e-02 1.846483908593654633e-02 1.255307439714670181e-02 2.884723246097564697e-02 6.933239847421646118e-02 6.524533033370971680e-02 5.011300370097160339e-02 3.431510552763938904e-02 2.592317014932632446e-02 1.658445782959461212e-02 3.434417536482214928e-03 5.254919454455375671e-02 4.551027342677116394e-02 1.290665380656719208e-02 8.735137432813644409e-02 2.730631828308105469e-02 4.920964315533638000e-02 3.262503817677497864e-02 3.859282284975051880e-02 3.551686555147171021e-02 2.424947544932365417e-02 4.516207054257392883e-02 2.346924319863319397e-02 4.941261187195777893e-02 1.226556301116943359e-02 5.421524494886398315e-02 1.820555888116359711e-02 3.827245160937309265e-02 1.257962547242641449e-02 1.252687256783246994e-02 2.797097712755203247e-02 7.720112800598144531e-02 2.627472206950187683e-02 4.907411336898803711e-02 1.851955777965486050e-03 1.933761127293109894e-02 1.195862982422113419e-02 3.226252272725105286e-02 7.546246796846389771e-02 4.420533310621976852e-03 1.181384250521659851e-01 3.062967583537101746e-02 3.763276711106300354e-02 1.026822160929441452e-02 3.164872899651527405e-02 2.040260285139083862e-02 3.285785764455795288e-02 4.861102998256683350e-02 2.476170845329761505e-02 1.229729875922203064e-01 8.435574918985366821e-02 2.000514650717377663e-03 2.994768321514129639e-02 3.131673857569694519e-02 9.497060440480709076e-03 1.675468496978282928e-02 9.647861123085021973e-02 2.817860245704650879e-02 4.038244485855102539e-02 9.397749789059162140e-03 2.232806943356990814e-02 6.059968844056129456e-02 5.593843013048171997e-02 9.454460814595222473e-03 7.867252826690673828e-02 4.992365464568138123e-02 5.498211830854415894e-02 2.807000279426574707e-02 1.106665731640532613e-04 4.997995868325233459e-02 1.910644583404064178e-02 9.736899286508560181e-02 5.369379743933677673e-02 5.880917608737945557e-02 2.794409915804862976e-02 4.505543503910303116e-03 4.310920834541320801e-02 4.245405271649360657e-02 9.940476156771183014e-03 1.750092394649982452e-02 3.044937178492546082e-02 6.461097300052642822e-02
1.235739886760711670e-01 1.467623561620712280e-01 7.865744829177856445e-02 1.039728708565235138e-02 1.415441650897264481e-02 1.573018729686737061e-01 2.506484985351562500e-01 1.838008174672722816e-03 6.168022286146879196e-03 6.406714767217636108e-02 8.792891353368759155e-02 7.572195492684841156e-03 1.263455450534820557e-01 1.128223631531000137e-02 4.802502691745758057e-02 5.274889245629310608e-02 3.273560665547847748e-03 6.537515204399824142e-03 2.926452830433845520e-02 1.192362140864133835e-02 2.282841503620147705e-02 3.777481243014335632e-02 1.901908032596111298e-02 2.449693717062473297e-02 5.730378627777099609e-02 9.131344035267829895e-03 3.763395175337791443e-02 3.984197229146957397e-02 8.302706293761730194e-03 2.421289123594760895e-02 3.493225201964378357e-02 5.223303288221359253e-02 5.495579540729522705e-02 3.379205614328384399e-02 4.114310443401336670e-02 5.748188868165016174e-02 2.167469449341297150e-02 5.186030268669128418e-02 1.180630177259445190e-02 1.196715235710144043e-02 9.317775256931781769e-03 2.974060922861099243e-02 9.581551887094974518e-03 7.483592629432678223e-02 4.249276965856552124e-02 1.744294352829456329e-02 1.948971897363662720e-01 1.360551863908767700e-01 6.438729912042617798e-02 6.157688423991203308e-02 4.965209960937500000e-02 3.338739275932312012e-02 2.255527302622795105e-02 3.799840435385704041e-02 3.703115507960319519e-02 4.750685393810272217e-02 2.001233864575624466e-03 7.020799815654754639e-02 8.799433708190917969e-03 4.296326264739036560e-02 1.599433086812496185e-02 9.526398032903671265e-03 2.872709371149539948e-02 1.810174249112606049e-02 2.211802266538143158e-02 3.129063546657562256e-02 3.807950392365455627e-02 1.461516041308641434e-02 1.775848306715488434e-02 2.937967330217361450e-02 3.835681080818176270e-02 2.287347987294197083e-02 3.049879893660545349e-02 3.592488169670104980e-02 6.026660278439521790e-02 1.769388839602470398e-02 5.741466768085956573e-03 2.219594083726406097e-02 6.063101813197135925e-02 3.253931924700737000e-02 6.719652097672224045e-03 2.597928978502750397e-02 2.334813773632049561e-02 8.758520707488059998e-03 1.152135059237480164e-02 5.511118471622467041e-02 4.607887938618659973e-02 5.274815112352371216e-02 1.342143025249242783e-02 4.188450984656810760e-03 4.139025509357452393e-02 4.334837198257446289e-02 3.246357291936874390e-02 5.468502640724182129e-03 5.311534181237220764e-02 5.021447688341140747e-02 1.302697136998176575e-02 9.698755107820034027e-03 8.296982198953628540e-02 4.562823846936225891e-02 1.115586329251527786e-02 7.333193789236247540e-04 4.500143975019454956e-02 3.173172846436500549e-02 4.478851705789566040e-02 4.743114113807678223e-02 1.500910706818103790e-02 7.112936675548553467e-02 2.786224707961082458e-03 2.136643975973129272e-03 3.855197131633758545e-02 2.219441905617713928e-02 4.602868854999542236e-02 2.588256821036338806e-02 7.032708264887332916e-03 7.064616307616233826e-03
1.137493029236793518e-01 1.527258604764938354e-01 7.461897283792495728e-02 2.556793950498104095e-02 2.129926811903715134e-03 2.506484985351562500e-01 1.813519299030303955e-01 1.302244048565626144e-02 4.443649947643280029e-02 6.778576970100402832e-02 1.026599332690238953e-01 2.638212405145168304e-02 1.528465747833251953e-01 3.238745406270027161e-02 8.018517866730690002e-03 3.039488755166530609e-02 4.079850763082504272e-02 7.074433378875255585e-03 5.687129497528076172e-02 2.217981964349746704e-02 1.880856463685631752e-03 4.689015075564384460e-02 4.466198384761810303e-02 3.499417379498481750e-02 6.006406992673873901e-02 1.840308494865894318e-02 4.624680057168006897e-02 5.528242513537406921e-02 9.369410574436187744e-03 2.991548553109169006e-02 7.800043374300003052e-02 3.416972234845161438e-02 1.008529867976903915e-02 2.460920251905918121e-02 5.027542356401681900e-03 1.403247192502021790e-02 2.779047191143035889e-02 1.030673366039991379e-02 5.215136334300041199e-02 6.769079715013504028e-02 3.125030547380447388e-02 5.453213676810264587e-02 8.007074706256389618e-03 3.559318929910659790e-02 8.256936818361282349e-02 2.389681898057460785e-02 1.892749071121215820e-01 2.088282853364944458e-01 4.332124814391136169e-02 1.371473912149667740e-02 3.070757538080215454e-02 3.607499971985816956e-02 1.413336303085088730e-02 3.471387922763824463e-02 3.145383298397064209e-02 2.297719940543174744e-02 5.794745311141014099e-02 9.056612849235534668e-02 3.123706020414829254e-02 1.458707265555858612e-02 2.471235953271389008e-02 2.073876559734344482e-02 9.356042370200157166e-03 2.708258666098117828e-02 3.612807719036936760e-03 6.802713871002197266e-02 4.952711239457130432e-02 2.159782871603965759e-02 6.115361582487821579e-03 2.889269031584262848e-02 1.944929547607898712e-02 1.549119595438241959e-02 4.903793334960937500e-02 9.164933115243911743e-03 7.450880110263824463e-02 1.274377387017011642e-02 3.514611348509788513e-02 1.986894011497497559e-02 5.975041538476943970e-02 6.810561567544937134e-02 1.186001207679510117e-02 3.199960291385650635e-02 3.745089471340179443e-02 4.535925388336181641e-02 5.664195492863655090e-02 6.459002196788787842e-02 4.752904921770095825e-02 5.681177601218223572e-02 2.558632194995880127e-02 5.692470073699951172e-02 1.878688484430313110e-02 3.420101106166839600e-02 3.544166311621665955e-02 4.198625683784484863e-02 3.905159235000610352e-02 6.444808095693588257e-02 4.099963977932929993e-02 2.946564741432666779e-02 2.913375012576580048e-02 4.771424084901809692e-02 4.756682366132736206e-02 4.969322308897972107e-02 2.616661367937922478e-03 2.568912506103515625e-02 3.504624962806701660e-02 4.370041191577911377e-02 5.399365723133087158e-02 9.492321312427520752e-02 5.423528328537940979e-02 1.775305904448032379e-02 4.283914342522621155e-02 8.494784124195575714e-03 5.724295228719711304e-02 3.433632105588912964e-02 1.324798446148633957e-02 2.159742265939712524e-02
1.386751793324947357e-02 2.026375196874141693e-02 1.431544423103332520e-01 1.299646310508251190e-02 1.791245676577091217e-02 1.838008174672722816e-03 1.302244048565626144e-02 7.561326026916503906e-02 8.364534936845302582e-03 1.428076648153364658e-03 7.778264582157135010e-02 1.158274803310632706e-02 7.373198121786117554e-02 1.754695549607276917e-02 9.948807954788208008e-02 2.026194473728537560e-03 4.739665612578392029e-02 4.366477951407432556e-02 3.674150630831718445e-02 4.622981324791908264e-02 2.025934681296348572e-02 3.913659602403640747e-02 3.268924541771411896e-03 2.214458398520946503e-02 1.226197741925716400e-02 7.981983944773674011e-03 3.931163623929023743e-02 1.881969161331653595e-02 3.979520499706268311e-02 5.332668311893939972e-03 3.528875485062599182e-02 5.719488114118576050e-02 1.859570480883121490e-02 2.246640808880329132e-02 2.554097771644592285e-02 1.167867518961429596e-02 1.979131624102592468e-02 3.135032951831817627e-02 3.035063156858086586e-03 2.725772932171821594e-02 9.304306469857692719e-03 1.456564664840698242e-02 3.579486161470413208e-02 1.083044521510601044e-02 1.329701393842697144e-02 2.790491841733455658e-02 3.422451019287109375e-02 4.245804250240325928e-02 2.766530402004718781e-02 3.761998564004898071e-02 3.867828473448753357e-02 9.883827529847621918e-03 1.375099923461675644e-02 3.257502987980842590e-02 1.194211281836032867e-02 3.766498062759637833e-03 5.115089565515518188e-02 5.106308311223983765e-02 1.087593100965023041e-02 5.946244299411773682e-02 1.984980329871177673e-02 1.000212691724300385e-02 4.302699863910675049e-02 2.695866487920284271e-02 1.795876026153564453e-02 4.182968288660049438e-02 2.582699805498123169e-02 6.610428914427757263e-03 1.686414238065481186e-03 6.414641160517930984e-03 2.096270211040973663e-02 9.054747410118579865e-03 7.991220802068710327e-03 4.279899224638938904e-02 2.826659567654132843e-02 1.717440038919448853e-02 4.816209431737661362e-03 4.221066460013389587e-02 3.250418975949287415e-02 2.429582178592681885e-02 1.321279853582382202e-01 1.355035603046417236e-01 4.021247103810310364e-02 1.631065271794795990e-02 3.671439737081527710e-02 3.047892451286315918e-02 1.097974330186843872e-01 9.085334092378616333e-02 5.035852268338203430e-02 5.115792900323867798e-02 7.481671869754791260e-03 4.466217011213302612e-02 1.054128073155879974e-02 7.851963862776756287e-03 1.112853921949863434e-02 4.695632308721542358e-02 9.379183501005172729e-02 2.924798987805843353e-02 2.216135896742343903e-02 1.338774617761373520e-02 1.237902324646711349e-02 5.626817047595977783e-02 2.788183093070983887e-02 5.175954475998878479e-02 2.935880981385707855e-02 1.887572742998600006e-02 2.788613922894001007e-02 1.856649853289127350e-02 7.756251096725463867e-02 6.194317393237724900e-05 9.873620234429836273e-03 2.932668663561344147e-02 9.218822233378887177e-03 2.698577754199504852e-02 1.180851645767688751e-02 2.517940290272235870e-02
4.582634195685386658e-03 1.994296349585056305e-02 1.084131188690662384e-03 2.495025470852851868e-02 3.094491921365261078e-02 6.168022286146879196e-03 4.443649947643280029e-02 8.364534936845302582e-03 4.030692204833030701e-02 5.669446196407079697e-03 8.067527785897254944e-03 5.325640365481376648e-02 2.151443250477313995e-02 5.671270564198493958e-02 6.212111935019493103e-02 1.267437450587749481e-02 2.587210573256015778e-02 6.639023870229721069e-02 8.634890615940093994e-02 4.305247962474822998e-02 4.274352267384529114e-02 2.417236566543579102e-02 2.915199473500251770e-02 4.529614467173814774e-03 6.498502939939498901e-02 3.908121213316917419e-02 1.731801405549049377e-02 5.063712969422340393e-02 3.260646760463714600e-02 4.263586923480033875e-02 6.524466443806886673e-03 4.019382223486900330e-02 1.639195717871189117e-02 1.549521461129188538e-02 2.984555251896381378e-02 5.049142241477966309e-02 4.050360247492790222e-02 4.459607973694801331e-02 1.285855658352375031e-02 2.388232015073299408e-02 1.044907420873641968e-02 4.775157943367958069e-02 3.881836682558059692e-02 4.635739699006080627e-02 7.029612362384796143e-02 1.208781450986862183e-01 4.069417715072631836e-02 4.075090959668159485e-02 8.216287195682525635e-02 6.971337646245956421e-02 2.029837295413017273e-02 3.639819100499153137e-02 7.947998121380805969e-03 1.858536340296268463e-02 1.350291669368743896e-01 2.236418984830379486e-02 3.907034546136856079e-02 2.749972417950630188e-02 3.868718445301055908e-02 7.630856707692146301e-03 5.256369709968566895e-02 4.485468938946723938e-02 3.946052864193916321e-02 2.317798696458339691e-02 6.080244784243404865e-04 4.642629995942115784e-02 2.297184430062770844e-02 5.861208587884902954e-02 4.231951013207435608e-02 6.359023042023181915e-03 1.329928729683160782e-02 4.340678825974464417e-02 2.949445880949497223e-02 1.674034632742404938e-02 3.160554915666580200e-02 6.164338812232017517e-02 1.661801338195800781e-01 3.332356736063957214e-02 8.837498724460601807e-02 5.849078670144081116e-02 5.926414579153060913e-02 2.412120625376701355e-02 9.374596178531646729e-02 2.809396199882030487e-02 4.950756579637527466e-02 1.538590341806411743e-02 1.728108525276184082e-02 1.315413601696491241e-02 8.503884822130203247e-02 5.073857307434082031e-02 3.869602829217910767e-02 4.064977169036865234e-02 4.855636041611433029e-03 6.572365760803222656e-02 1.074620150029659271e-02 6.366778165102005005e-02 4.639944806694984436e-02 7.571409642696380615e-02 8.237601816654205322e-02 4.021809250116348267e-02 6.229658424854278564e-02 1.720206625759601593e-02 6.011487916111946106e-02 4.130065068602561951e-02 1.788247190415859222e-02 5.043038725852966309e-02 1.053045690059661865e-02 1.654105447232723236e-02 1.601674407720565796e-02 6.409459561109542847e-02 3.391109779477119446e-02 3.347183018922805786e-02 3.077541477978229523e-02 4.170726612210273743e-02 2.104009501636028290e-02 3.056748071685433388e-03
2.967551350593566895e-02 2.091230824589729309e-02 9.564771316945552826e-04 4.015843197703361511e-02 3.384308144450187683e-02 6.406714767217636108e-02 6.778576970100402832e-02 1.428076648153364658e-03 5.669446196407079697e-03 7.909759134054183960e-02 1.107317511923611164e-03 4.612808674573898315e-02 3.871513530611991882e-02 3.400789201259613037e-02 5.399552639573812485e-03 2.044317685067653656e-02 1.488866657018661499e-02 6.344792991876602173e-02 9.774575382471084595e-02 4.894230049103498459e-03 1.689300686120986938e-02 2.728547528386116028e-02 2.127232030034065247e-02 4.824383184313774109e-02 6.052093207836151123e-02 5.215178802609443665e-02 4.000193625688552856e-02 1.152637600898742676e-01 5.988930538296699524e-02 5.265958607196807861e-02 1.057473826222121716e-03 4.889559373259544373e-02 2.853962406516075134e-02 7.821063697338104248e-02 7.804346084594726562e-02 3.630783408880233765e-02 1.326701603829860687e-02 5.478666722774505615e-02 1.917428150773048401e-02 9.711118042469024658e-02 1.799666695296764374e-02 1.194707397371530533e-02 6.859550625085830688e-02 2.966809459030628204e-02 6.528330594301223755e-02 3.846348449587821960e-02 5.260974913835525513e-02 2.900810725986957550e-02 4.852870013564825058e-03 1.293408721685409546e-01 4.636640101671218872e-02 1.068850792944431305e-02 9.229942224919795990e-03 1.683568116277456284e-03 4.352593049407005310e-02 1.258808523416519165e-01 5.242704972624778748e-02 3.597960621118545532e-02 2.857601456344127655e-02 6.321694701910018921e-02 4.944371804594993591e-02 2.376463823020458221e-02 8.362595923244953156e-03 7.803460955619812012e-02 4.635661840438842773e-02 5.149706825613975525e-02 6.430587917566299438e-02 1.310780551284551620e-02 3.441800922155380249e-02 5.173163861036300659e-02 6.948406994342803955e-02 1.206427346915006638e-02 5.432951264083385468e-03 5.338359996676445007e-02 4.865362122654914856e-02 4.837542399764060974e-02 1.714366674423217773e-02 1.420099586248397827e-01 1.473426073789596558e-02 1.012766808271408081e-01 2.296980842947959900e-02 1.658100634813308716e-02 5.172653868794441223e-02 6.285768002271652222e-02 8.087356574833393097e-03 7.415737025439739227e-03 4.738253727555274963e-02 9.345148690044879913e-03 5.852437391877174377e-02 2.994555979967117310e-02 2.998126670718193054e-02 1.078428514301776886e-02 7.545823231339454651e-03 3.163849562406539917e-02 7.216160744428634644e-02 6.273879203945398331e-03 3.277473384514451027e-03 3.179259225726127625e-02 3.980320319533348083e-02 8.128592371940612793e-02 6.665891408920288086e-02 1.459745503962039948e-02 7.144161313772201538e-02 3.266719728708267212e-02 2.113610506057739258e-02 2.704185247421264648e-02 1.063916552811861038e-02 3.285514889284968376e-03 2.075046114623546600e-02 4.308249056339263916e-02 2.998677780851721764e-03 3.629772737622261047e-02 1.476115453988313675e-02 8.576633781194686890e-02 3.969754278659820557e-02 3.457873687148094177e-02
2.065473794937133789e-01 1.476948261260986328e-01 6.219886615872383118e-02 1.583256572484970093e-02 1.766455173492431641e-02 8.792891353368759155e-02 1.026599332690238953e-01 7.778264582157135010e-02 8.067527785897254944e-03 1.107317511923611164e-03 8.538082987070083618e-02 1.355977170169353485e-02 1.803301870822906494e-01 3.000732325017452240e-02 6.298802047967910767e-02 7.989763282239437103e-03 2.101612975820899010e-03 3.121848916634917259e-03 1.538998726755380630e-02 1.021067984402179718e-02 2.433476969599723816e-03 8.100765943527221680e-02 1.582861319184303284e-02 3.055900707840919495e-02 1.895090192556381226e-02 9.425368160009384155e-03 1.027008332312107086e-02 4.022802039980888367e-02 2.504861913621425629e-02 5.512786656618118286e-02 4.817642271518707275e-02 2.701903460547327995e-03 6.117012351751327515e-03 1.781467720866203308e-02 8.382169529795646667e-03 4.172774060862138867e-05 3.256706893444061279e-02 1.983111351728439331e-02 1.164720766246318817e-02 5.545049160718917847e-02 2.340470440685749054e-02 2.571162395179271698e-02 5.002215132117271423e-02 1.636100932955741882e-02 1.969653181731700897e-02 2.965064952149987221e-03 1.994225196540355682e-02 2.610575756989419460e-04 2.987768501043319702e-02 3.655849024653434753e-02 4.124710801988840103e-03 2.528221532702445984e-02 2.924385480582714081e-02 2.554593980312347412e-02 9.270776063203811646e-03 2.787281060591340065e-03 1.797833666205406189e-02 2.706259675323963165e-02 6.981438491493463516e-03 1.273160334676504135e-02 5.587257072329521179e-02 4.391344636678695679e-02 3.124897181987762451e-02 2.833181992173194885e-02 4.537276178598403931e-02 6.106378510594367981e-03 1.828621886670589447e-02 2.527524251490831375e-03 5.210555717349052429e-02 5.688303336501121521e-02 4.071155190467834473e-02 2.132555842399597168e-02 5.675172433257102966e-02 2.126426808536052704e-02 4.715981334447860718e-02 1.646671071648597717e-02 5.406517162919044495e-02 3.750857338309288025e-02 4.730801656842231750e-02 4.321294836699962616e-03 2.085538581013679504e-02 3.492974117398262024e-02 5.479175597429275513e-02 8.574826642870903015e-03 4.754515737295150757e-02 2.538710832595825195e-02 6.193838268518447876e-02 5.922032147645950317e-02 7.466848939657211304e-02 3.599871881306171417e-03 2.890844084322452545e-02 3.792372718453407288e-02 5.853098630905151367e-02 6.499682553112506866e-03 2.159426547586917877e-02 4.289170727133750916e-02 4.623645544052124023e-02 4.548187181353569031e-02 2.222769334912300110e-02 6.948071718215942383e-02 2.705590426921844482e-02 1.548187807202339172e-02 1.177012547850608826e-02 5.796855688095092773e-02 1.754806563258171082e-02 2.164902538061141968e-02 4.211580380797386169e-02 4.847609624266624451e-02 1.843878068029880524e-02 3.043098188936710358e-02 4.933273885399103165e-03 3.433716669678688049e-02 6.862076930701732635e-03 2.588570304214954376e-02 3.009878657758235931e-02 3.859050571918487549e-02
3.600249439477920532e-02 8.771131746470928192e-03 4.027858842164278030e-03 5.740403383970260620e-02 3.361244872212409973e-02 7.572195492684841156e-03 2.638212405145168304e-02 1.158274803310632706e-02 5.325640365481376648e-02 4.612808674573898315e-02 1.355977170169353485e-02 3.298946842551231384e-02 2.704329974949359894e-02 1.558752357959747314e-01 5.726372823119163513e-02 6.418989971280097961e-03 1.479237899184226990e-02 4.563647136092185974e-02 4.211357980966567993e-02 3.090947866439819336e-02 2.338404580950737000e-02 1.243494683876633644e-03 1.588589400053024292e-01 9.845642000436782837e-02 6.657909136265516281e-03 5.848950520157814026e-02 1.676339772529900074e-03 5.563690513372421265e-02 2.747074933722615242e-03 6.773455440998077393e-02 2.998973242938518524e-02 1.748689264059066772e-02 6.403573602437973022e-02 2.000265941023826599e-02 2.227687463164329529e-02 7.282419595867395401e-03 1.379796415567398071e-01 5.555720534175634384e-03 3.224884718656539917e-02 5.122057348489761353e-02 1.385556813329458237e-02 2.067761123180389404e-02 4.523143544793128967e-02 1.401027292013168335e-02 8.840049803256988525e-02 2.162949182093143463e-02 3.898971481248736382e-03 2.601776458323001862e-02 4.361476004123687744e-02 1.083069108426570892e-02 2.000648155808448792e-02 1.396926399320363998e-02 5.443370714783668518e-02 8.492055349051952362e-03 3.402831777930259705e-02 3.904176875948905945e-02 4.835321381688117981e-02 2.483570575714111328e-02 5.627276748418807983e-02 2.967981062829494476e-02 5.798903852701187134e-02 1.278562750667333603e-02 8.705729991197586060e-02 8.083514869213104248e-02 5.588282644748687744e-02 4.938757792115211487e-02 2.821511216461658478e-02 1.791827939450740814e-02 5.771218240261077881e-02 4.498770087957382202e-02 6.586600840091705322e-02 3.037385642528533936e-02 2.418378181755542755e-02 5.754902958869934082e-02 3.055947460234165192e-02 3.492689132690429688e-02 1.177043560892343521e-02 6.806588917970657349e-02 1.107070501893758774e-02 6.995595991611480713e-02 3.932325169444084167e-03 1.143722422420978546e-02 2.414930053055286407e-02 1.870135962963104248e-02 1.967395655810832977e-02 1.314329449087381363e-02 4.972604662179946899e-02 4.572919383645057678e-02 6.294564157724380493e-02 1.397022977471351624e-02 2.190632522106170654e-01 5.656122788786888123e-02 2.971633337438106537e-02 1.787102222442626953e-02 8.454976230859756470e-02 3.659547865390777588e-02 3.654543310403823853e-02 5.689453706145286560e-02 4.786042496562004089e-03 4.481334611773490906e-02 1.883178576827049255e-02 2.314733341336250305e-02 1.180636044591665268e-02 2.413239330053329468e-02 2.354980073869228363e-02 2.526799589395523071e-02 5.107733234763145447e-02 1.766047999262809753e-02 3.275507315993309021e-02 3.538526967167854309e-02 1.151299569755792618e-03 4.449791833758354187e-02 7.941376417875289917e-03 2.345325797796249390e-02 6.745579838752746582e-02 5.226413905620574951e-02
1.630129665136337280e-01 1.818419098854064941e-01 9.067617356777191162e-02 6.812882423400878906e-02 4.270854592323303223e-02 1.263455450534820557e-01 1.528465747833251953e-01 7.373198121786117554e-02 2.151443250477313995e-02 3.871513530611991882e-02 1.803301870822906494e-01 2.704329974949359894e-02 1.177323982119560242e-01 1.578822731971740723e-02 3.083769232034683228e-02 1.677962578833103180e-02 1.245246268808841705e-02 3.461745753884315491e-02 5.644687335006892681e-04 2.833272889256477356e-02 2.814983308780938387e-04 5.283523350954055786e-02 1.663882518187165260e-03 3.481025993824005127e-02 4.920500516891479492e-02 6.415299605578184128e-03 3.797008469700813293e-02 3.613629192113876343e-02 1.570950262248516083e-02 1.003787387162446976e-02 7.505927234888076782e-02 2.191299945116043091e-02 4.862619936466217041e-02 2.408327534794807434e-02 5.868406966328620911e-02 3.560750931501388550e-02 2.585528232157230377e-02 4.756679758429527283e-02 5.020101368427276611e-02 3.486806899309158325e-02 7.617575116455554962e-03 1.623845659196376801e-02 5.051405355334281921e-02 4.331346228718757629e-02 8.175677806138992310e-02 1.132194604724645615e-02 2.344335615634918213e-02 1.678020879626274109e-02 2.440272457897663116e-02 2.001449093222618103e-02 1.767172245308756828e-03 2.536210045218467712e-02 5.560104921460151672e-02 1.161998044699430466e-02 5.553335323929786682e-02 3.940203040838241577e-02 5.222470313310623169e-02 1.770233549177646637e-02 2.467498183250427246e-02 2.716829627752304077e-02 6.410354375839233398e-02 5.788222327828407288e-02 4.606824833899736404e-03 1.462226733565330505e-02 6.987006217241287231e-02 6.850650906562805176e-02 2.751425839960575104e-03 3.936964645981788635e-02 9.271225892007350922e-03 2.922902628779411316e-02 6.836916785687208176e-03 3.277250006794929504e-02 5.361560732126235962e-02 3.543886588886380196e-03 1.716587133705615997e-02 1.285784412175416946e-02 6.006009411066770554e-03 3.692291676998138428e-02 5.686828494071960449e-02 1.794864982366561890e-02 2.634316310286521912e-02 3.095054440200328827e-02 4.428295418620109558e-02 2.610984817147254944e-02 2.960149757564067841e-02 2.624780684709548950e-02 4.632037132978439331e-02 6.636317074298858643e-02 2.957259863615036011e-02 4.198132082819938660e-03 5.647374689579010010e-02 2.531624585390090942e-02 5.107755959033966064e-02 2.980578690767288208e-02 2.317722141742706299e-02 5.592245608568191528e-02 4.013873636722564697e-03 5.369708314538002014e-02 2.657690457999706268e-02 5.242545157670974731e-03 3.650704771280288696e-02 6.116382428444921970e-04 3.884249553084373474e-02 1.297498960047960281e-02 6.097962614148855209e-03 5.658542364835739136e-02 4.816474393010139465e-02 5.483131483197212219e-02 3.925584629178047180e-02 3.207327425479888916e-02 7.739605009555816650e-02 3.067025728523731232e-02 2.900617569684982300e-02 5.933930724859237671e-02 2.912048995494842529e-02 5.366698605939745903e-04
