1.630663275718688965e-01 2.428962737321853638e-01 1.038794219493865967e-02 1.829728111624717712e-02 3.034232556819915771e-02 1.154680550098419189e-01 8.399688452482223511e-02 3.148724511265754700e-02 2.365736290812492371e-02 1.999205537140369415e-02 1.288767755031585693e-01 2.198398858308792114e-02 7.562944293022155762e-02 1.796679571270942688e-02 1.355319470167160034e-02 9.282856434583663940e-02 4.435228556394577026e-02 9.303349070250988007e-03 1.812236383557319641e-02 3.067577956244349480e-03 6.314788758754730225e-02 8.406791836023330688e-02 4.071454331278800964e-02 8.496426790952682495e-02 3.895355388522148132e-02 3.139778599143028259e-02 3.686493262648582458e-02 7.790840417146682739e-02 2.652677893638610840e-02 3.110050782561302185e-02 6.645265500992536545e-03 1.153840683400630951e-02 1.341788098216056824e-02 3.400876373052597046e-02 1.290896721184253693e-02 2.890519425272941589e-02 4.209774080663919449e-03 2.744870260357856750e-02 2.132408320903778076e-02 3.577169030904769897e-02 7.737317588180303574e-03 3.726767143234610558e-03 3.930601477622985840e-02 2.049342915415763855e-02 3.106755390763282776e-02 3.536317124962806702e-02 8.416990935802459717e-02 7.247577607631683350e-02 2.210825309157371521e-02 3.593317419290542603e-02 5.404710769653320312e-02 1.257986482232809067e-02 2.147848531603813171e-02 4.304468259215354919e-02 3.428333625197410583e-02 4.156225919723510742e-02 4.207706823945045471e-02 7.596032321453094482e-02 5.490370467305183411e-02 2.829612977802753448e-02 2.590567432343959808e-02 6.788481026887893677e-02 9.365500509738922119e-02 3.681301698088645935e-02 2.279709465801715851e-02 5.454353243112564087e-02 1.174932066351175308e-02 1.225730124861001968e-02 6.528516300022602081e-03 5.331997945904731750e-02 5.672595649957656860e-02 7.303136587142944336e-02 2.401343546807765961e-02 3.366586938500404358e-02 5.049487575888633728e-02 3.143862634897232056e-02 3.778656944632530212e-02 1.695128716528415680e-02 1.488268934190273285e-02 1.081076730042695999e-02 2.994320169091224670e-02 4.508196189999580383e-02 4.525246098637580872e-02 4.471834748983383179e-02 1.200713217258453369e-02 3.581751883029937744e-02 7.935308665037155151e-02 2.378957811743021011e-03 1.813306845724582672e-02 6.677746027708053589e-02 6.953301280736923218e-02 5.352639406919479370e-02 1.679137162864208221e-02 4.722065851092338562e-02 1.059473212808370590e-02 3.534552175551652908e-03 3.243975341320037842e-02 2.884126827120780945e-02 2.516368590295314789e-02 8.864732459187507629e-03 2.663333714008331299e-02 3.303245827555656433e-02 9.878261014819145203e-03 2.464845543727278709e-03 2.332457713782787323e-02 3.994807973504066467e-02 2.422016486525535583e-02 1.350494194775819778e-02 4.145869985222816467e-02 8.671509101986885071e-03 3.430823609232902527e-02 5.009791348129510880e-03 5.738264881074428558e-03 4.755786806344985962e-02 3.933487460017204285e-02 0.000000000000000000e+00
2.428962737321853638e-01 1.478265970945358276e-01 1.420030742883682251e-02 4.697274416685104370e-02 3.556426614522933960e-02 8.971544355154037476e-02 9.099809825420379639e-02 5.179319530725479126e-02 1.530078053474426270e-02 1.862459816038608551e-02 8.438606560230255127e-02 3.369358181953430176e-02 9.992562234401702881e-02 5.366222560405731201e-02 1.215294701978564262e-03 8.193461596965789795e-02 1.652438566088676453e-02 7.373787928372621536e-03 6.516841053962707520e-02 1.187312789261341095e-02 4.185061901807785034e-02 5.455337092280387878e-02 7.080008089542388916e-02 9.820490330457687378e-02 1.818255148828029633e-02 1.707173511385917664e-02 5.377395823597908020e-02 8.143457025289535522e-02 1.214740425348281860e-02 2.131057716906070709e-02 1.578123867511749268e-02 2.529378281906247139e-03 4.224785789847373962e-02 2.567474544048309326e-02 4.450772330164909363e-02 3.061875700950622559e-02 7.299999706447124481e-03 6.807435303926467896e-02 1.889804005622863770e-02 2.088566496968269348e-02 9.812460094690322876e-02 9.760207496583461761e-03 4.364413395524024963e-02 3.067650273442268372e-02 1.565460674464702606e-02 2.856756933033466339e-02 4.242138937115669250e-02 5.530859529972076416e-02 3.488402068614959717e-02 5.000557005405426025e-02 9.492015093564987183e-02 4.479180276393890381e-02 3.575008735060691833e-02 2.513010613620281219e-02 5.315032973885536194e-02 2.743878634646534920e-03 2.644522674381732941e-02 6.579735781997442245e-03 6.264185905456542969e-02 1.962229871423915029e-04 3.153462335467338562e-02 5.340503528714179993e-02 1.402658410370349884e-02 2.742190100252628326e-02 5.729064717888832092e-02 2.048743702471256256e-02 4.430907964706420898e-02 9.064318612217903137e-03 5.562593042850494385e-02 8.350618183612823486e-02 4.922483861446380615e-02 8.124439418315887451e-02 1.217197254300117493e-02 2.771552652120590210e-03 2.926836349070072174e-02 5.511088296771049500e-02 1.893226057291030884e-02 6.087575107812881470e-02 3.703036159276962280e-02 2.838001400232315063e-02 5.018880218267440796e-02 2.603540383279323578e-02 1.286729611456394196e-02 2.140122838318347931e-02 3.019712865352630615e-02 1.820382848381996155e-02 4.508022964000701904e-02 2.497298456728458405e-02 3.464040905237197876e-02 3.425544500350952148e-02 1.970039866864681244e-02 5.602911859750747681e-02 4.791463539004325867e-02 6.178381666541099548e-02 3.576690703630447388e-02 5.582143086940050125e-03 3.245163708925247192e-02 1.331800594925880432e-02 4.161312803626060486e-02 6.642076186835765839e-05 2.994920685887336731e-02 2.400777675211429596e-02 3.383164294064044952e-03 1.042692083865404129e-02 2.082912810146808624e-02 1.603461429476737976e-02 4.374315217137336731e-02 3.824150189757347107e-02 3.605706617236137390e-02 3.467890247702598572e-02 2.235169149935245514e-02 1.729633286595344543e-02 1.570090465247631073e-02 3.099505603313446045e-02 1.578757725656032562e-02 0.000000000000000000e+00
1.038794219493865967e-02 1.420030742883682251e-02 2.124902792274951935e-03 2.302880026400089264e-02 1.815470680594444275e-02 6.368442624807357788e-02 1.261453144252300262e-02 4.306345805525779724e-02 9.947272017598152161e-03 2.597201988101005554e-02 3.446140512824058533e-02 2.695083059370517731e-02 1.103776507079601288e-02 1.246308558620512486e-03 2.224068902432918549e-02 9.890382736921310425e-02 3.580196574330329895e-02 9.671316482126712799e-03 4.127964377403259277e-02 7.313229143619537354e-02 9.582234174013137817e-02 3.127585723996162415e-02 4.282954707741737366e-02 3.041733242571353912e-02 1.727946475148200989e-02 4.044762253761291504e-02 3.172215819358825684e-02 1.591298915445804596e-02 3.186046332120895386e-02 1.553917862474918365e-02 3.367607668042182922e-02 1.947329193353652954e-02 1.882920973002910614e-02 2.007914707064628601e-02 5.323797091841697693e-02 1.209538779221475124e-03 3.246748074889183044e-02 4.537027701735496521e-02 1.950391754508018494e-02 8.947124704718589783e-03 1.484484672546386719e-01 5.884080752730369568e-02 5.764118954539299011e-02 2.449084259569644928e-02 4.414440318942070007e-02 2.607841044664382935e-02 5.817131325602531433e-02 2.143366634845733643e-02 1.981213502585887909e-02 1.187725737690925598e-02 4.232676327228546143e-02 2.644438296556472778e-02 5.827078223228454590e-02 4.810422658920288086e-02 2.445930428802967072e-02 2.035386860370635986e-02 8.560550399124622345e-03 1.696133753284811974e-03 6.636770814657211304e-02 8.422627300024032593e-02 4.976328462362289429e-02 1.335766445845365524e-02 4.176683351397514343e-02 3.090465813875198364e-02 5.698123574256896973e-02 2.064852602779865265e-02 2.371161989867687225e-02 7.675306499004364014e-02 4.083635285496711731e-02 2.955331653356552124e-02 3.444275632500648499e-02 1.251238514669239521e-03 2.743331156671047211e-02 2.220452390611171722e-02 4.023328423500061035e-02 1.805638661608099937e-03 5.537769943475723267e-02 3.694014623761177063e-02 3.401006385684013367e-02 4.055768996477127075e-02 3.246610984206199646e-02 9.643740020692348480e-03 7.298427075147628784e-02 6.254943460226058960e-02 1.115504652261734009e-02 4.526047967374324799e-03 1.288949511945247650e-02 3.386042639613151550e-02 3.671677410602569580e-02 6.384440697729587555e-03 6.535726785659790039e-02 9.410799480974674225e-03 1.617586053907871246e-02 3.513695672154426575e-02 2.814322523772716522e-02 3.756411839276552200e-03 4.250445961952209473e-02 2.431895397603511810e-02 5.227372050285339355e-02 1.977586373686790466e-02 1.735132187604904175e-02 1.849403791129589081e-02 1.207306683063507080e-01 8.665221929550170898e-02 5.611685663461685181e-02 4.281414672732353210e-02 1.024882197380065918e-01 1.220653131604194641e-01 2.326911501586437225e-02 4.350601136684417725e-02 4.929879307746887207e-02 5.927827674895524979e-03 4.027932882308959961e-02 1.108843088150024414e-01 3.596251457929611206e-02 0.000000000000000000e+00
1.829728111624717712e-02 4.697274416685104370e-02 2.302880026400089264e-02 8.091989904642105103e-02 1.408574283123016357e-01 5.885362625122070312e-02 7.060077041387557983e-02 1.567199826240539551e-02 2.256328053772449493e-02 5.976029671728610992e-03 5.442647635936737061e-02 9.135540574789047241e-03 3.359709307551383972e-02 4.822946712374687195e-02 6.650220602750778198e-02 2.205058559775352478e-02 3.079323284327983856e-02 2.632557228207588196e-02 1.009506285190582275e-01 8.975353091955184937e-03 3.342787548899650574e-02 3.083416447043418884e-02 3.334342688322067261e-02 4.037781059741973877e-02 1.076850667595863342e-02 5.500358529388904572e-03 4.683686792850494385e-02 3.416386246681213379e-02 3.496157377958297729e-02 2.126550534740090370e-03 2.859339304268360138e-02 8.729978464543819427e-03 1.045779045671224594e-02 4.062710329890251160e-02 2.127525955438613892e-02 3.000153787434101105e-02 1.747590373270213604e-03 1.600779779255390167e-02 1.353847682476043701e-01 6.645032763481140137e-02 6.364607717841863632e-03 1.773804239928722382e-02 7.183279842138290405e-03 1.471454836428165436e-02 3.352837637066841125e-02 3.681394085288047791e-02 6.065383180975914001e-02 1.932974555529654026e-03 3.704013535752892494e-03 2.064459957182407379e-02 1.042802445590496063e-02 2.168283425271511078e-02 3.697410225868225098e-02 1.023887749761343002e-02 4.073781892657279968e-02 3.801042214035987854e-02 2.908800356090068817e-02 2.513654530048370361e-03 5.916999652981758118e-02 2.176111191511154175e-02 3.551717475056648254e-02 2.529801428318023682e-02 1.374419778585433960e-01 1.346206478774547577e-02 4.786599799990653992e-02 7.483018934726715088e-02 8.983069099485874176e-03 1.562439557164907455e-02 1.267199032008647919e-02 2.356288395822048187e-02 1.751538552343845367e-02 1.740076113492250443e-03 1.156247779726982117e-01 2.669200301170349121e-03 1.122573912143707275e-01 2.670017443597316742e-02 1.215422619134187698e-02 4.009320959448814392e-02 2.636152133345603943e-02 6.743796914815902710e-02 4.190269485116004944e-02 2.072726003825664520e-02 9.196246415376663208e-02 1.007406339049339294e-01 1.741784811019897461e-02 7.946254685521125793e-03 4.557586088776588440e-02 4.774809628725051880e-02 9.799061343073844910e-03 4.297986254096031189e-02 3.699439391493797302e-02 2.042854949831962585e-02 5.794588103890419006e-02 2.306036651134490967e-02 5.920808296650648117e-03 4.048220068216323853e-02 3.302876651287078857e-02 2.178907394409179688e-02 5.658901855349540710e-02 4.687283188104629517e-02 4.587284475564956665e-02 3.373126685619354248e-02 1.552459318190813065e-02 6.805145181715488434e-03 2.005623839795589447e-02 6.381449103355407715e-02 9.747965633869171143e-02 3.178118495270609856e-03 6.545861810445785522e-02 1.751021854579448700e-02 3.917002677917480469e-02 4.727021604776382446e-02 1.011127140372991562e-02 5.513753369450569153e-02 9.481890127062797546e-03 0.000000000000000000e+00
3.034232556819915771e-02 3.556426614522933960e-02 1.815470680594444275e-02 1.408574283123016357e-01 6.106992065906524658e-02 2.504192851483821869e-02 2.058654651045799255e-02 8.053178898990154266e-03 2.117192372679710388e-02 6.284072250127792358e-02 1.943086460232734680e-02 2.517452277243137360e-02 4.477594792842864990e-02 1.884846016764640808e-02 3.288429975509643555e-02 3.288890421390533447e-02 7.578528486192226410e-03 9.481284767389297485e-02 2.139130234718322754e-02 5.837468430399894714e-02 1.856611855328083038e-02 2.364290133118629456e-02 1.312869694083929062e-02 3.155205922666937113e-05 3.915239870548248291e-02 1.599256135523319244e-02 4.973260685801506042e-02 2.931092493236064911e-02 6.866446230560541153e-03 2.163750817999243736e-03 1.462654210627079010e-02 4.388916119933128357e-02 2.828717697411775589e-03 2.742911688983440399e-02 5.312911234796047211e-03 2.817831374704837799e-02 2.379951998591423035e-02 1.258466485887765884e-02 4.884333163499832153e-02 1.089083850383758545e-01 2.150722080841660500e-03 3.298339247703552246e-02 2.579842880368232727e-02 2.968153730034828186e-02 2.073485404253005981e-02 4.912102594971656799e-02 4.237738996744155884e-02 9.096220135688781738e-03 3.377611935138702393e-02 2.479316666722297668e-02 1.195904612541198730e-01 3.346223011612892151e-02 4.349842667579650879e-02 8.313391357660293579e-02 1.496774516999721527e-02 1.067819632589817047e-02 1.021467521786689758e-02 1.021497882902622223e-02 2.381373755633831024e-02 4.243185278028249741e-03 7.135705091059207916e-03 3.548560664057731628e-02 1.910337060689926147e-02 3.639624267816543579e-02 6.128231529146432877e-03 1.523518841713666916e-02 1.107472111470997334e-03 5.676226224750280380e-03 7.852530106902122498e-03 1.137200836092233658e-02 5.264660343527793884e-03 4.747654311358928680e-03 1.476528793573379517e-01 3.285686718299984932e-03 2.239385098218917847e-01 2.246712334454059601e-02 2.956474572420120239e-02 7.388162612915039062e-02 1.258575636893510818e-02 4.604115709662437439e-02 5.656798556447029114e-02 1.020990908145904541e-01 6.918347906321287155e-03 1.361026912927627563e-01 3.863940387964248657e-02 3.671543300151824951e-02 1.265935134142637253e-02 2.891844138503074646e-02 5.736099183559417725e-02 3.519081696867942810e-02 6.794352084398269653e-03 1.444916985929012299e-02 1.887606456875801086e-02 1.781623112037777901e-03 1.175579279661178589e-01 7.967567443847656250e-02 1.920267124660313129e-03 4.137239605188369751e-02 2.217227965593338013e-02 2.597680501639842987e-02 6.570011377334594727e-02 3.385953232645988464e-02 3.184562176465988159e-02 8.469655178487300873e-03 1.864570565521717072e-02 7.236111164093017578e-02 1.261200755834579468e-02 1.990541117265820503e-03 3.881664306391030550e-04 1.803450100123882294e-02 1.422519097104668617e-03 1.267669070512056351e-02 5.176859442144632339e-03 5.103990808129310608e-02 2.204903960227966309e-02 0.000000000000000000e+00
1.154680550098419189e-01 8.971544355154037476e-02 6.368442624807357788e-02 5.885362625122070312e-02 2.504192851483821869e-02 1.915776431560516357e-01 1.634421646595001221e-01 4.288284108042716980e-02 1.853896677494049072e-02 2.802604343742132187e-03 1.179372072219848633e-01 2.944916486740112305e-02 6.848364323377609253e-02 3.480728715658187866e-02 2.368444018065929413e-02 6.847462803125381470e-02 1.863764971494674683e-02 4.147985484451055527e-03 9.769349358975887299e-03 4.153458029031753540e-02 4.519105330109596252e-02 9.604958817362785339e-03 2.045468427240848541e-02 3.717841580510139465e-02 2.556483447551727295e-02 4.070765338838100433e-03 2.359528653323650360e-02 3.515475615859031677e-02 9.351318702101707458e-03 5.562473461031913757e-02 1.333311945199966431e-02 1.906086504459381104e-02 3.085761331021785736e-02 2.301167114637792110e-04 4.490256309509277344e-02 3.049991466104984283e-02 1.447385177016258240e-02 5.058735236525535583e-02 5.509125441312789917e-02 2.745997905731201172e-02 4.884910583496093750e-02 5.633176490664482117e-02 4.982545506209135056e-04 1.850702613592147827e-02 1.325271837413311005e-02 4.022067785263061523e-02 2.368583083152770996e-01 1.115317493677139282e-01 1.025870721787214279e-02 1.168766915798187256e-01 2.887170761823654175e-02 1.903827302157878876e-02 1.801872067153453827e-02 5.389728769659996033e-02 1.889589615166187286e-02 1.090484857559204102e-01 5.909190699458122253e-02 5.227518454194068909e-02 3.738058730959892273e-02 4.451522976160049438e-02 5.413183197379112244e-02 4.997394606471061707e-02 1.059517785906791687e-01 1.870940253138542175e-02 3.101440891623497009e-02 3.142324090003967285e-02 1.069260388612747192e-02 3.073482587933540344e-02 1.014147885143756866e-03 7.130935788154602051e-02 1.533828862011432648e-02 6.124254316091537476e-02 1.785655505955219269e-02 4.612321779131889343e-02 2.765549160540103912e-02 3.652074933052062988e-02 3.250586241483688354e-02 1.959052123129367828e-02 1.615068409591913223e-03 4.012775793671607971e-02 5.769981443881988525e-02 2.380575425922870636e-02 4.148552194237709045e-02 1.915492117404937744e-02 4.178450256586074829e-02 7.614867296069860458e-03 4.983157664537429810e-02 5.633140355348587036e-02 4.484092071652412415e-02 2.927496097981929779e-03 1.094923838973045349e-01 4.755125194787979126e-02 7.213575299829244614e-03 4.663275182247161865e-02 1.143004652112722397e-02 1.291973236948251724e-02 5.549436807632446289e-02 2.975545078516006470e-02 2.593055926263332367e-02 1.420084387063980103e-02 2.924022078514099121e-02 1.078548841178417206e-02 2.342668827623128891e-03 1.678920537233352661e-02 7.442928384989500046e-03 1.100989151746034622e-02 5.311435461044311523e-02 3.670566901564598083e-02 9.091220051050186157e-02 2.229518070816993713e-02 1.359060406684875488e-02 1.219084952026605606e-02 2.828310057520866394e-02 5.265116225928068161e-03 3.629083186388015747e-02 0.000000000000000000e+00
8.399688452482223511e-02 9.099809825420379639e-02 1.261453144252300262e-02 7.060077041387557983e-02 2.058654651045799255e-02 1.634421646595001221e-01 2.032496035099029541e-01 3.869985230267047882e-03 1.646777614951133728e-02 5.169455334544181824e-02 1.090975627303123474e-01 4.612877592444419861e-02 8.652602136135101318e-02 5.405848100781440735e-02 2.642024483066052198e-04 7.894844748079776764e-03 2.854151278734207153e-02 1.115855854004621506e-02 6.595828384160995483e-02 6.987924873828887939e-02 1.656771078705787659e-02 3.108597919344902039e-02 1.674127578735351562e-02 3.056437522172927856e-02 2.254448644816875458e-02 2.580084651708602905e-02 4.892823472619056702e-02 4.325423017144203186e-02 7.000576704740524292e-02 4.641722515225410461e-02 4.843225702643394470e-02 4.040615633130073547e-03 3.146799653768539429e-02 7.829263806343078613e-03 1.950496435165405273e-02 3.413871303200721741e-02 2.879830636084079742e-02 3.147397190332412720e-03 7.984321564435958862e-02 1.235720422118902206e-02 5.021408945322036743e-02 4.021793603897094727e-02 3.714270889759063721e-02 5.837548151612281799e-02 2.695481479167938232e-02 3.127443045377731323e-02 1.701834350824356079e-01 1.609207838773727417e-01 1.467435806989669800e-02 7.410386204719543457e-02 1.477862801402807236e-02 4.431211575865745544e-02 1.530855521559715271e-02 4.708936065435409546e-02 5.277989432215690613e-02 4.842589795589447021e-02 2.428473904728889465e-02 3.625743091106414795e-02 8.397863060235977173e-02 2.309487387537956238e-02 3.180647268891334534e-02 5.744485650211572647e-03 4.774804413318634033e-02 3.026739507913589478e-02 5.438428372144699097e-02 1.072614174336194992e-02 2.135723270475864410e-02 2.617560140788555145e-02 2.828965894877910614e-02 3.654180094599723816e-02 1.477906387299299240e-02 2.425719983875751495e-02 4.591743648052215576e-02 3.809961304068565369e-02 3.512198850512504578e-02 2.438578382134437561e-02 2.061699517071247101e-02 1.120315771549940109e-02 4.616138711571693420e-02 1.107168663293123245e-02 3.486336767673492432e-02 1.128382980823516846e-03 2.388087101280689240e-02 1.795035973191261292e-02 4.475273564457893372e-02 1.360105443745851517e-02 3.553147986531257629e-02 6.187918409705162048e-02 8.232654654420912266e-04 7.107136305421590805e-03 5.774362757802009583e-02 5.701175704598426819e-02 3.251281753182411194e-02 7.300100289285182953e-03 4.213740117847919464e-03 1.147792791016399860e-03 4.560386762022972107e-03 2.345335111021995544e-02 6.705100648105144501e-03 4.806344211101531982e-02 1.436024252325296402e-02 1.900022150948643684e-03 1.937991566956043243e-02 1.737297978252172470e-03 2.596492320299148560e-02 1.325857453048229218e-02 2.823183313012123108e-02 2.199243940412998199e-02 1.138006299734115601e-01 1.695317029953002930e-02 1.718101277947425842e-02 3.810959309339523315e-02 1.162996632046997547e-03 5.612291768193244934e-02 2.975838258862495422e-02 0.000000000000000000e+00
3.148724511265754700e-02 5.179319530725479126e-02 4.306345805525779724e-02 1.567199826240539551e-02 8.053178898990154266e-03 4.288284108042716980e-02 3.869985230267047882e-03 4.219043999910354614e-02 5.667694285511970520e-02 4.016855359077453613e-02 6.515653431415557861e-02 8.011514693498611450e-02 3.521531075239181519e-02 1.080007180571556091e-01 5.193760246038436890e-02 4.430089611560106277e-03 2.617961727082729340e-02 6.497482210397720337e-02 7.896104943938553333e-04 4.961747303605079651e-02 1.555629726499319077e-02 1.737376861274242401e-02 6.269534677267074585e-02 5.097555741667747498e-02 2.129859058186411858e-03 1.559621654450893402e-02 1.015485916286706924e-02 3.068385086953639984e-02 4.696202278137207031e-02 5.219245702028274536e-02 9.834606945514678955e-02 2.706306427717208862e-02 1.902112923562526703e-02 2.123946137726306915e-02 1.691590994596481323e-02 6.752156466245651245e-02 4.613471776247024536e-02 8.037581108510494232e-03 3.215633705258369446e-02 3.761345054954290390e-03 1.187107861042022705e-01 9.233281016349792480e-03 2.210419438779354095e-02 8.094076067209243774e-02 2.742520347237586975e-02 5.538550764322280884e-02 4.088088171556591988e-04 5.813467502593994141e-02 4.493413120508193970e-02 2.474613673985004425e-02 2.026261389255523682e-02 4.955323413014411926e-02 3.809159249067306519e-02 4.260399192571640015e-02 5.884254351258277893e-02 5.487056821584701538e-02 3.064631856977939606e-02 2.623502537608146667e-02 3.870123252272605896e-02 8.274831809103488922e-03 1.365289557725191116e-02 2.638053707778453827e-02 6.639636307954788208e-02 4.112505912780761719e-02 8.114933036267757416e-03 3.138685226440429688e-02 1.712098903954029083e-02 1.317543326877057552e-03 4.700192436575889587e-02 1.325701922178268433e-02 1.577578298747539520e-02 2.467328216880559921e-03 8.621912449598312378e-03 5.995442345738410950e-02 1.486287452280521393e-02 7.091053295880556107e-03 1.414731144905090332e-02 2.692604903131723404e-03 4.653869941830635071e-02 3.424265235662460327e-02 2.047761976718902588e-01 2.808813005685806274e-02 3.622975200414657593e-04 2.214950323104858398e-02 1.223950926214456558e-02 1.622944138944149017e-02 1.074455901980400085e-01 5.970873311161994934e-02 1.805457100272178650e-02 1.600993238389492035e-02 4.965562745928764343e-02 2.496996894478797913e-02 7.938440889120101929e-02 7.763271685689687729e-03 1.981464773416519165e-02 7.942602969706058502e-03 3.869455680251121521e-02 5.451437085866928101e-02 4.575783014297485352e-02 1.370571274310350418e-02 2.693242952227592468e-02 4.183996841311454773e-02 3.030688874423503876e-02 1.629417762160301208e-02 6.829643249511718750e-02 1.556226015090942383e-01 5.043027177453041077e-02 1.923948898911476135e-02 4.634428024291992188e-02 4.929346591234207153e-02 4.771382734179496765e-02 1.888922229409217834e-02 7.870456576347351074e-02 3.276186808943748474e-02 3.470357134938240051e-02 0.000000000000000000e+00
2.365736290812492371e-02 1.530078053474426270e-02 9.947272017598152161e-03 2.256328053772449493e-02 2.117192372679710388e-02 1.853896677494049072e-02 1.646777614951133728e-02 5.667694285511970520e-02 1.088021770119667053e-01 8.987414091825485229e-02 3.395231068134307861e-02 1.181581839919090271e-01 1.027350407093763351e-02 5.436163395643234253e-02 2.269335836172103882e-02 3.850164590403437614e-03 1.362170558422803879e-02 1.642640382051467896e-01 5.242305994033813477e-02 2.676260191947221756e-03 6.130975205451250076e-03 3.486236557364463806e-02 9.857486188411712646e-02 2.598100341856479645e-02 3.378043416887521744e-03 3.257860243320465088e-02 4.951282963156700134e-02 9.248069487512111664e-03 2.898991107940673828e-03 6.330000609159469604e-02 4.303304851055145264e-02 1.955326274037361145e-02 9.636451490223407745e-03 2.503614313900470734e-02 4.282324388623237610e-02 5.150419846177101135e-02 1.111781038343906403e-02 3.410661220550537109e-02 6.744614802300930023e-03 4.533633217215538025e-02 1.156517863273620605e-02 8.964273333549499512e-02 1.418099924921989441e-02 1.488051563501358032e-02 8.183114975690841675e-02 5.597897619009017944e-02 3.787573799490928650e-02 2.582041546702384949e-02 1.318393368273973465e-02 3.618647158145904541e-02 3.109925240278244019e-02 1.870684511959552765e-02 5.210708454251289368e-02 5.390848219394683838e-02 1.261506974697113037e-02 6.752595305442810059e-02 9.677244350314140320e-03 3.773079439997673035e-02 1.568437553942203522e-02 3.690236434340476990e-02 3.260509297251701355e-02 5.191010981798171997e-02 1.026691589504480362e-02 1.674965396523475647e-02 3.895919397473335266e-02 4.741524462588131428e-04 4.615528881549835205e-02 7.461618632078170776e-03 7.061090320348739624e-02 4.287999588996171951e-03 4.227506741881370544e-02 6.575771421194076538e-02 5.289921537041664124e-03 6.104852538555860519e-03 1.365076005458831787e-02 3.118222579360008240e-02 1.372667849063873291e-01 8.697433769702911377e-02 1.523643583059310913e-01 4.980516061186790466e-02 4.521347582340240479e-02 3.220069408416748047e-02 5.294238403439521790e-02 6.676511466503143311e-02 3.269075602293014526e-02 1.463778875768184662e-02 2.614269964396953583e-03 2.865541912615299225e-02 9.886116534471511841e-02 4.193557798862457275e-02 6.814152747392654419e-02 3.037198260426521301e-02 8.105842396616935730e-03 2.660416811704635620e-02 2.113508246839046478e-02 2.911925129592418671e-02 1.078653731383383274e-03 7.128363847732543945e-02 6.446156650781631470e-02 4.230925440788269043e-02 5.420065671205520630e-02 4.764110222458839417e-02 5.061245523393154144e-03 6.074663251638412476e-04 5.019096285104751587e-02 1.822941564023494720e-02 1.464811433106660843e-02 2.201553806662559509e-02 6.868654396384954453e-03 8.266863413155078888e-03 5.969237163662910461e-02 6.271076202392578125e-02 2.805097773671150208e-02 2.281494904309511185e-03 1.461699372157454491e-03 0.000000000000000000e+00
1.999205537140369415e-02 1.862459816038608551e-02 2.597201988101005554e-02 5.976029671728610992e-03 6.284072250127792358e-02 2.802604343742132187e-03 5.169455334544181824e-02 4.016855359077453613e-02 8.987414091825485229e-02 1.188716739416122437e-01 3.761938540264964104e-03 6.594833731651306152e-02 8.197623491287231445e-02 6.101087108254432678e-02 3.559811785817146301e-02 1.433178503066301346e-02 5.187691375613212585e-02 1.050997748970985413e-01 1.487132012844085693e-01 2.699726074934005737e-02 5.743684992194175720e-02 3.243308141827583313e-02 5.164024606347084045e-02 6.812265515327453613e-02 3.983036614954471588e-03 2.877824241295456886e-03 1.564980857074260712e-02 2.303116396069526672e-02 1.294878032058477402e-02 3.820853307843208313e-02 1.419521123170852661e-02 2.242683619260787964e-02 3.847999498248100281e-02 8.917042985558509827e-03 1.870125904679298401e-02 3.259372338652610779e-02 1.605279557406902313e-02 3.597236797213554382e-02 2.509496361017227173e-02 5.102312564849853516e-02 4.792365059256553650e-02 4.234599694609642029e-02 4.335256293416023254e-02 3.854414820671081543e-02 5.163232609629631042e-02 5.706471204757690430e-02 3.555981814861297607e-02 1.935652643442153931e-02 2.451656013727188110e-02 2.464967407286167145e-02 4.971796646714210510e-02 1.250994652509689331e-01 5.539378523826599121e-02 4.220895469188690186e-02 9.645524434745311737e-03 9.828522801399230957e-03 3.841572999954223633e-02 9.319242089986801147e-02 4.758617142215371132e-04 3.369421511888504028e-02 7.406036555767059326e-02 2.371324039995670319e-02 2.779953554272651672e-02 2.914988901466131210e-03 1.423758827149868011e-02 3.805465623736381531e-02 1.749278791248798370e-02 2.339924313127994537e-02 3.233694285154342651e-02 1.289667785167694092e-01 1.239548251032829285e-01 2.149749174714088440e-02 1.878322474658489227e-02 7.835406064987182617e-02 4.328995198011398315e-02 2.304196916520595551e-02 5.990942474454641342e-03 3.026416003704071045e-01 1.421239413321018219e-02 4.187307134270668030e-02 1.397671177983283997e-02 1.043285056948661804e-02 6.275686435401439667e-03 1.092357859015464783e-01 2.633980102837085724e-02 2.675814740359783173e-02 3.717869892716407776e-02 2.250670082867145538e-02 2.866680035367608070e-03 2.696760348044335842e-04 4.291551653295755386e-03 4.296203330159187317e-02 2.265490032732486725e-02 2.386944927275180817e-02 3.760889917612075806e-02 4.393288493156433105e-02 3.678906708955764771e-02 5.969946831464767456e-02 8.909845352172851562e-02 1.400974951684474945e-02 1.157143432646989822e-02 4.632399068213999271e-04 2.807459048926830292e-02 6.834050267934799194e-02 8.567542769014835358e-03 8.164048194885253906e-02 4.917548969388008118e-02 2.835798449814319611e-02 3.253925219178199768e-02 8.478344534523785114e-04 2.893708087503910065e-02 2.210910059511661530e-02 6.591252516955137253e-03 1.192501001060009003e-02 3.614969924092292786e-02 0.000000000000000000e+00
1.288767755031585693e-01 8.438606560230255127e-02 3.446140512824058533e-02 5.442647635936737061e-02 1.943086460232734680e-02 1.179372072219848633e-01 1.090975627303123474e-01 6.515653431415557861e-02 3.395231068134307861e-02 3.761938540264964104e-03 2.265665382146835327e-01 5.194628145545721054e-03 1.194259896874427795e-01 3.824914107099175453e-03 9.557933360338211060e-02 9.405647404491901398e-03 1.173624955117702484e-02 2.660629712045192719e-02 4.006570950150489807e-02 1.979879476130008698e-02 1.282002590596675873e-02 5.702674388885498047e-02 2.896850928664207458e-02 1.022712327539920807e-02 2.607373706996440887e-02 2.132762037217617035e-02 8.962807245552539825e-03 5.498629063367843628e-03 6.572934985160827637e-02 4.694136325269937515e-03 6.650862842798233032e-02 1.608252711594104767e-02 1.356417778879404068e-02 9.091760031878948212e-03 2.914093248546123505e-02 2.542401477694511414e-02 1.158427633345127106e-02 4.956161230802536011e-02 1.410910673439502716e-02 2.469863509759306908e-03 2.593543194234371185e-02 5.129325762391090393e-02 1.274635922163724899e-02 2.176192216575145721e-02 5.534211173653602600e-02 2.868883311748504639e-02 1.018685773015022278e-01 4.784051701426506042e-02 4.008693154901266098e-03 2.865971066057682037e-03 4.211965017020702362e-03 2.472625859081745148e-02 4.069300775881856680e-04 5.047617107629776001e-02 2.648920565843582153e-02 3.219199925661087036e-02 8.271650411188602448e-03 2.473173895850777626e-03 1.667821593582630157e-02 2.761138603091239929e-02 1.585621736012399197e-03 2.182245627045631409e-02 9.456434287130832672e-03 1.815474219620227814e-02 7.830999791622161865e-02 4.449849575757980347e-02 9.834463708102703094e-03 1.837530173361301422e-02 1.319325622171163559e-02 1.968085416592657566e-05 3.656535176560282707e-03 8.148666471242904663e-03 8.860350586473941803e-03 5.605389550328254700e-02 3.260016813874244690e-02 9.903184138238430023e-03 2.063146792352199554e-02 2.972850389778614044e-02 8.880003355443477631e-03 1.423289650119841099e-03 1.766802929341793060e-02 5.291850864887237549e-02 3.945672139525413513e-02 3.386413678526878357e-02 4.122529178857803345e-02 1.123333163559436798e-02 7.153909653425216675e-02 4.807787761092185974e-02 9.044485166668891907e-03 6.113103777170181274e-02 5.639203265309333801e-02 2.296513505280017853e-02 1.938043162226676941e-02 1.528897415846586227e-02 2.031796798110008240e-02 1.889030635356903076e-02 2.030682936310768127e-02 2.523018512874841690e-03 1.100681629031896591e-02 1.733735762536525726e-02 1.825469173491001129e-02 3.315947949886322021e-02 4.149276297539472580e-03 1.415556296706199646e-02 6.238670088350772858e-03 1.636891067028045654e-02 7.682939618825912476e-02 2.584060654044151306e-02 1.081074401736259460e-02 8.583657443523406982e-03 1.912248670123517513e-03 8.301340974867343903e-03 6.801026174798607826e-04 6.483205128461122513e-03 1.211006473749876022e-02 0.000000000000000000e+00
2.198398858308792114e-02 3.369358181953430176e-02 2.695083059370517731e-02 9.135540574789047241e-03 2.517452277243137360e-02 2.944916486740112305e-02 4.612877592444419861e-02 8.011514693498611450e-02 1.181581839919090271e-01 6.594833731651306152e-02 5.194628145545721054e-03 9.822680801153182983e-02 3.122862614691257477e-02 2.242151200771331787e-01 7.259306032210588455e-03 2.118867635726928711e-02 1.696913503110408783e-02 1.525608170777559280e-02 1.906695961952209473e-01 5.052538961172103882e-02 2.227479591965675354e-02 2.501981146633625031e-02 1.411369740962982178e-01 1.175682544708251953e-01 2.318074554204940796e-02 1.250156667083501816e-02 2.764588035643100739e-02 1.329073905944824219e-01 1.338105089962482452e-02 1.468738764524459839e-01 5.209386721253395081e-02 8.654921315610408783e-03 4.762209486216306686e-03 4.117958992719650269e-02 3.045085631310939789e-02 2.688902430236339569e-02 7.727126032114028931e-02 4.184221476316452026e-02 6.841710302978754044e-03 5.771753191947937012e-02 9.094591252505779266e-03 2.997028268873691559e-02 5.627787858247756958e-02 2.932052011601626873e-04 7.468826137483119965e-03 1.643556728959083557e-02 9.288308769464492798e-02 2.507994510233402252e-02 1.434464659541845322e-02 2.563380263745784760e-02 2.761309593915939331e-02 7.988446205854415894e-02 1.502406224608421326e-02 1.794613711535930634e-02 1.147118024528026581e-02 2.896994352340698242e-03 4.212301224470138550e-02 4.653154686093330383e-02 6.363549828529357910e-02 1.450977660715579987e-02 1.312017813324928284e-02 5.866789817810058594e-02 5.722030624747276306e-02 1.647177897393703461e-02 4.699750989675521851e-02 2.401795983314514160e-02 3.698364645242691040e-02 3.232733532786369324e-02 5.549586936831474304e-02 5.893525108695030212e-02 5.581016466021537781e-02 3.984185680747032166e-02 1.156827248632907867e-02 2.760208444669842720e-03 6.907080858945846558e-02 3.907026723027229309e-02 7.005226612091064453e-02 4.450353607535362244e-02 7.615746557712554932e-02 1.461347490549087524e-01 4.601225629448890686e-02 1.159747410565614700e-02 1.658089645206928253e-02 5.613729357719421387e-02 2.396302670240402222e-02 6.832396239042282104e-02 4.126616567373275757e-02 3.601392731070518494e-02 4.888261668384075165e-03 2.896126918494701385e-02 1.012391448020935059e-01 2.059126272797584534e-02 6.332312524318695068e-02 1.083393860608339310e-02 1.751886121928691864e-02 2.948622452095150948e-03 3.405544906854629517e-02 4.096127301454544067e-02 5.612612701952457428e-03 4.021447896957397461e-02 4.123211652040481567e-02 6.575137376785278320e-02 1.395917125046253204e-02 1.172226574271917343e-02 2.502902597188949585e-02 3.684239089488983154e-02 1.282687857747077942e-02 1.937391236424446106e-02 4.146147519350051880e-02 5.342147778719663620e-03 1.527259796857833862e-01 3.142482042312622070e-02 7.799100130796432495e-02 8.387143164873123169e-02 5.056612566113471985e-02 0.000000000000000000e+00
7.562944293022155762e-02 9.992562234401702881e-02 1.103776507079601288e-02 3.359709307551383972e-02 4.477594792842864990e-02 6.848364323377609253e-02 8.652602136135101318e-02 3.521531075239181519e-02 1.027350407093763351e-02 8.197623491287231445e-02 1.194259896874427795e-01 3.122862614691257477e-02 1.945933699607849121e-01 4.087177664041519165e-02 1.248285397887229919e-01 6.029548589140176773e-03 5.041391123086214066e-03 3.066048957407474518e-02 6.516630202531814575e-02 3.918690979480743408e-02 4.156618192791938782e-02 4.714649915695190430e-02 4.614223912358283997e-02 5.431032553315162659e-02 3.695793077349662781e-02 3.862258419394493103e-02 2.921350300312042236e-03 4.509841278195381165e-02 4.893925413489341736e-02 4.231067746877670288e-02 8.577322214841842651e-02 1.186998095363378525e-02 2.233862876892089844e-02 2.559615112841129303e-02 1.153705455362796783e-02 1.745203859172761440e-03 8.407054468989372253e-03 2.990427426993846893e-02 1.762216724455356598e-02 1.270118728280067444e-02 1.222410239279270172e-02 3.980818763375282288e-02 2.860450185835361481e-02 1.625502295792102814e-02 1.507686637341976166e-02 4.562934488058090210e-02 4.502412676811218262e-02 3.270471468567848206e-02 8.959600701928138733e-03 4.731154069304466248e-02 2.621167153120040894e-02 2.828736044466495514e-02 3.192992880940437317e-02 3.901152871549129486e-03 1.725460402667522430e-02 3.478310257196426392e-02 4.414334893226623535e-03 2.851521037518978119e-02 1.735948398709297180e-02 4.242590814828872681e-02 8.714597788639366627e-04 4.854394868016242981e-02 6.125425547361373901e-02 2.109189145267009735e-02 5.340178310871124268e-02 8.524405211210250854e-02 9.490192867815494537e-03 5.217121914029121399e-03 9.825149318203330040e-04 2.563097700476646423e-02 2.592684701085090637e-02 1.954969577491283417e-02 4.224911704659461975e-02 1.713413000106811523e-02 2.796048531308770180e-03 9.295900352299213409e-03 1.296610292047262192e-02 8.487144485116004944e-03 3.644649311900138855e-02 3.635749220848083496e-02 4.281682148575782776e-02 2.706453949213027954e-02 4.461495671421289444e-03 2.636498026549816132e-02 1.370268594473600388e-02 1.350696198642253876e-02 6.482487171888351440e-02 7.256478816270828247e-02 2.057152055203914642e-02 5.992487445473670959e-02 1.601817831397056580e-02 3.465111553668975830e-02 1.432373374700546265e-02 4.988033324480056763e-02 2.801292948424816132e-02 1.563650928437709808e-02 8.353197947144508362e-03 1.709948107600212097e-02 2.006805315613746643e-02 4.805571865290403366e-03 1.759493350982666016e-02 1.866323873400688171e-04 4.267349839210510254e-03 2.393079735338687897e-02 3.074393980205059052e-02 3.033884800970554352e-02 7.215154170989990234e-02 4.842537268996238708e-02 2.318663708865642548e-02 1.864713802933692932e-02 4.437304567545652390e-03 3.634491935372352600e-03 3.565010055899620056e-02 3.982869908213615417e-02 5.669854581356048584e-02 0.000000000000000000e+00
