1.283867359161376953e-01 1.346915662288665771e-01 3.313440829515457153e-02 2.000205963850021362e-02 5.132110044360160828e-02 9.330505877733230591e-02 7.784682512283325195e-02 3.110639005899429321e-02 1.835605507949367166e-04 3.296386078000068665e-02 9.647008776664733887e-02 2.353317104279994965e-03 9.494715929031372070e-02 1.739927195012569427e-02 3.651776909828186035e-02 8.165147155523300171e-03 3.725106269121170044e-02 1.980692893266677856e-02 3.151522204279899597e-02 1.178568508476018906e-02 3.616740182042121887e-02 6.566780060529708862e-02 3.244522586464881897e-02 1.368774939328432083e-02 2.264310233294963837e-02 1.365287508815526962e-02 6.286494433879852295e-02 5.208257585763931274e-02 3.726108372211456299e-02 2.669504471123218536e-02 7.221929845400154591e-04 3.360475972294807434e-02 4.318682476878166199e-03 5.689816176891326904e-02 5.090374033898115158e-03 4.536996781826019287e-02 2.449932880699634552e-02 2.830082178115844727e-02 2.816021628677845001e-02 2.485529519617557526e-02 5.267233029007911682e-02 3.966117277741432190e-02 4.886376857757568359e-02 1.856046169996261597e-02 1.281630806624889374e-02 7.782807201147079468e-02 4.452067986130714417e-02 6.417714059352874756e-02 4.964207485318183899e-02 1.064913719892501831e-02 2.127853408455848694e-02 9.041558019816875458e-03 7.702730945311486721e-04 2.940352633595466614e-02 6.309857964515686035e-02 5.311605706810951233e-02 1.017620135098695755e-02 1.215091124176979065e-01 5.247554741799831390e-03 3.491252660751342773e-02 4.087508190423250198e-03 5.299896374344825745e-02 4.766353219747543335e-02 2.958463132381439209e-02 1.792487688362598419e-02 4.545717686414718628e-02 2.955483831465244293e-02 4.387454316020011902e-02 2.129534073173999786e-02 7.393656414933502674e-05 5.472813919186592102e-02 8.453252166509628296e-02 1.932740584015846252e-02 2.357785217463970184e-02 2.615120261907577515e-02 1.937993057072162628e-02 2.640165330376476049e-04 5.228440836071968079e-02 3.659205511212348938e-02 2.426854334771633148e-02 6.027279421687126160e-02 1.973704062402248383e-02 1.362968701869249344e-02 4.309708997607231140e-02 3.979679662734270096e-03 7.542096078395843506e-02 7.389651983976364136e-02 3.766800463199615479e-02 2.311501093208789825e-02 1.922535337507724762e-02 3.385715186595916748e-02 1.633861684240400791e-04 2.116502076387405396e-02 2.795534022152423859e-02 3.538633510470390320e-02 1.392994169145822525e-02 1.900536753237247467e-02 3.038489073514938354e-02 7.678607851266860962e-02 1.934407651424407959e-02 1.556804985739290714e-03 1.188590377569198608e-02 1.678857207298278809e-02 1.760409586131572723e-02 2.415767498314380646e-02 2.143189124763011932e-02 2.300336398184299469e-02 2.710530534386634827e-03 4.477338807191699743e-04 7.624791562557220459e-02 6.175228394567966461e-03 4.065822437405586243e-02 5.292788147926330566e-02 5.099894106388092041e-02 2.079695276916027069e-02 1.193686388432979584e-02
1.346915662288665771e-01 1.037508174777030945e-01 2.084425278007984161e-02 2.379341237246990204e-02 4.052674770355224609e-02 6.963308900594711304e-02 9.681984037160873413e-02 2.679038420319557190e-02 2.168889157474040985e-02 2.606942551210522652e-03 9.228431433439254761e-02 6.608656048774719238e-02 1.108521744608879089e-01 2.431915141642093658e-02 4.352820664644241333e-02 2.219103276729583740e-02 4.505142103880643845e-03 1.721488498151302338e-02 8.353435434401035309e-03 2.119563706219196320e-02 3.914298117160797119e-02 1.674224063754081726e-02 1.916618645191192627e-02 3.606398031115531921e-02 1.885277032852172852e-02 3.185381367802619934e-02 4.496170207858085632e-03 5.058091133832931519e-02 5.185628682374954224e-02 3.597501292824745178e-02 1.331945881247520447e-02 3.024046309292316437e-02 2.093476057052612305e-02 5.100820958614349365e-02 4.042917862534523010e-02 6.215603556483983994e-03 2.822826802730560303e-02 4.544663056731224060e-02 5.784942582249641418e-02 3.381510032340884209e-03 3.430022671818733215e-02 3.744009137153625488e-02 2.841868251562118530e-02 3.381025046110153198e-02 4.001330211758613586e-02 2.249959297478199005e-02 3.995566070079803467e-02 1.016834676265716553e-01 2.382001280784606934e-02 9.815911762416362762e-03 5.897128209471702576e-02 6.932203541509807110e-04 2.962670475244522095e-02 2.501294203102588654e-02 7.407576777040958405e-03 4.985380545258522034e-02 6.348010897636413574e-02 6.569070369005203247e-02 4.937278479337692261e-02 2.888441085815429688e-02 4.195317998528480530e-02 3.530411422252655029e-02 6.465872377157211304e-02 4.265576601028442383e-02 2.854039892554283142e-02 2.969538047909736633e-02 4.013337194919586182e-02 4.124569520354270935e-02 1.021957397460937500e-02 3.983784839510917664e-02 4.032839462161064148e-02 7.738700509071350098e-02 3.034123778343200684e-02 2.556189149618148804e-02 5.365309119224548340e-02 2.718181535601615906e-02 1.891468465328216553e-02 2.112522721290588379e-02 3.018546849489212036e-02 3.719679266214370728e-02 6.037011742591857910e-02 5.488371476531028748e-02 8.008188568055629730e-03 2.771938219666481018e-02 5.218341480940580368e-03 3.078433871269226074e-02 5.427111685276031494e-02 9.382209181785583496e-02 4.455050826072692871e-02 1.047053188085556030e-02 5.512405186891555786e-04 9.213381446897983551e-03 5.212372913956642151e-02 5.177791416645050049e-02 1.675123721361160278e-02 2.674162015318870544e-02 2.625622414052486420e-02 8.476736955344676971e-03 4.373200610280036926e-02 2.499749138951301575e-02 2.918695844709873199e-02 2.511646412312984467e-02 4.127681255340576172e-02 4.081261157989501953e-02 2.129264548420906067e-02 1.343763433396816254e-02 5.288106575608253479e-02 2.509228326380252838e-02 1.917158439755439758e-02 5.784838274121284485e-02 5.737765133380889893e-02 7.452326361089944839e-03 1.112680509686470032e-02 4.107863456010818481e-02 5.032965540885925293e-02 6.775046139955520630e-02
3.313440829515457153e-02 2.084425278007984161e-02 4.089679569005966187e-02 1.284009683877229691e-02 3.238758817315101624e-02 2.315204031765460968e-02 1.172857731580734253e-02 1.175593808293342590e-01 3.749351203441619873e-02 4.865676909685134888e-02 1.424326840788125992e-02 4.971511662006378174e-02 2.446859888732433319e-02 2.382909320294857025e-02 6.556110084056854248e-02 2.406510524451732635e-02 1.126499008387327194e-02 1.209015306085348129e-02 4.582210630178451538e-02 1.116995364427566528e-01 4.737570136785507202e-02 2.915717661380767822e-02 3.280960954725742340e-03 6.397367268800735474e-02 3.902759775519371033e-02 6.859635934233665466e-03 9.516048245131969452e-03 1.026154309511184692e-02 2.356931800022721291e-03 5.226532369852066040e-02 3.418717533349990845e-02 3.109345585107803345e-02 2.189501933753490448e-02 2.965334057807922363e-02 9.390111081302165985e-03 1.681955344974994659e-02 4.966969788074493408e-02 9.860072284936904907e-03 3.294637799263000488e-02 2.875420730561017990e-03 6.207486242055892944e-02 6.090885773301124573e-02 2.078111469745635986e-02 3.085043132305145264e-01 6.887698173522949219e-02 8.672295510768890381e-02 7.578803226351737976e-03 3.933889046311378479e-02 9.270532429218292236e-02 4.602793604135513306e-02 3.753582015633583069e-02 1.062672585248947144e-02 1.220248416066169739e-01 6.596163660287857056e-02 6.786199659109115601e-02 1.359456684440374374e-03 7.717604748904705048e-04 2.957667037844657898e-02 4.830504953861236572e-02 9.322402183897793293e-04 5.530291795730590820e-02 6.071037612855434418e-03 7.640804350376129150e-02 1.835383102297782898e-02 1.912661828100681305e-02 5.561647191643714905e-02 1.386551558971405029e-02 4.702892154455184937e-02 4.022313281893730164e-02 2.370989648625254631e-03 6.001038011163473129e-03 2.046713046729564667e-02 3.785104677081108093e-02 2.878086268901824951e-02 6.157225929200649261e-03 2.463296242058277130e-02 1.495927851647138596e-02 4.640827886760234833e-03 1.163535844534635544e-02 1.077162697911262512e-01 1.634645760059356689e-01 7.222448289394378662e-02 2.528224326670169830e-02 2.259922213852405548e-02 7.432857993990182877e-03 1.254869857802987099e-03 5.177873000502586365e-02 5.771955009549856186e-03 2.522423677146434784e-02 1.558397803455591202e-02 5.359217524528503418e-02 8.883018791675567627e-02 2.841358818113803864e-02 1.394767221063375473e-02 3.218633681535720825e-02 2.572008781135082245e-02 5.811333283782005310e-02 2.741313539445400238e-02 1.329435408115386963e-02 3.586312383413314819e-02 4.124633222818374634e-02 2.853220794349908829e-03 1.249580085277557373e-02 3.373718261718750000e-02 1.070396229624748230e-01 5.065071582794189453e-02 4.981454089283943176e-02 3.778605908155441284e-02 4.529171157628297806e-03 2.927221916615962982e-02 2.606154605746269226e-02 3.572326153516769409e-02 4.727532714605331421e-02 2.874799072742462158e-02 1.249772263690829277e-03 8.360673673450946808e-03
2.000205963850021362e-02 2.379341237246990204e-02 1.284009683877229691e-02 7.364845275878906250e-02 9.438673406839370728e-02 3.795334137976169586e-03 5.016889423131942749e-02 3.699686378240585327e-02 1.352945808321237564e-02 1.203644555062055588e-02 3.805516660213470459e-02 4.910085722804069519e-02 2.501110918819904327e-02 5.849159136414527893e-02 2.547783032059669495e-02 8.160360157489776611e-03 4.247791599482297897e-03 3.979610279202461243e-02 6.332748383283615112e-02 9.413085877895355225e-03 2.285498008131980896e-02 4.313012957572937012e-02 3.549794107675552368e-02 4.290242865681648254e-02 3.201290965080261230e-02 1.809964887797832489e-02 3.429078310728073120e-02 3.096242435276508331e-02 3.593881800770759583e-02 5.669666454195976257e-02 3.418132662773132324e-02 1.581598073244094849e-02 2.962237223982810974e-02 2.579919062554836273e-02 2.615962643176317215e-03 6.924973428249359131e-02 9.803870692849159241e-03 2.815641835331916809e-02 1.228369176387786865e-01 8.311692625284194946e-02 3.269115090370178223e-02 1.958496496081352234e-02 7.752960082143545151e-03 4.894015565514564514e-02 1.756732165813446045e-02 4.164727777242660522e-02 3.883471945300698280e-04 3.039831668138504028e-02 3.501643892377614975e-03 2.853183448314666748e-02 3.120235726237297058e-02 3.084739670157432556e-02 1.502026058733463287e-02 1.414523925632238388e-02 1.087346207350492477e-02 2.361866459250450134e-02 3.694531694054603577e-02 4.319303203374147415e-03 4.479633271694183350e-02 3.891876665875315666e-03 4.605767875909805298e-02 4.680594801902770996e-02 2.039068378508090973e-02 1.444400113541632891e-04 4.445986077189445496e-02 1.228802488185465336e-03 2.648111991584300995e-02 2.707384759560227394e-03 4.402266815304756165e-02 2.378590404987335205e-03 6.181478872895240784e-02 9.073157794773578644e-03 7.027868181467056274e-02 2.567502297461032867e-02 5.904544889926910400e-02 4.243669658899307251e-02 2.111769467592239380e-02 3.640195727348327637e-02 4.831508267670869827e-03 5.865897238254547119e-02 2.297168597579002380e-02 1.877896860241889954e-02 1.925682649016380310e-02 4.484885558485984802e-02 8.379507809877395630e-03 6.685539335012435913e-02 8.121347986161708832e-03 3.043045755475759506e-03 2.560746623203158379e-03 4.631950333714485168e-02 6.577525287866592407e-02 4.691606014966964722e-02 2.236831001937389374e-02 1.920189522206783295e-02 4.703997634351253510e-03 8.128224872052669525e-03 3.333801403641700745e-02 5.575367808341979980e-02 6.015888974070549011e-02 2.768778800964355469e-02 1.280097477138042450e-02 1.398042310029268265e-02 2.681422512978315353e-03 1.862895861268043518e-02 5.916911177337169647e-04 1.712360978126525879e-02 1.147772278636693954e-02 3.402110934257507324e-02 3.702713875100016594e-03 1.373075600713491440e-02 5.281281098723411560e-02 1.121907960623502731e-02 1.672254176810383797e-03 2.067118417471647263e-03 4.012889787554740906e-02 3.467236086726188660e-02
5.132110044360160828e-02 4.052674770355224609e-02 3.238758817315101624e-02 9.438673406839370728e-02 6.454401463270187378e-02 4.200534895062446594e-02 6.907442212104797363e-02 5.068674217909574509e-03 1.819468662142753601e-02 2.139742486178874969e-02 1.130186486989259720e-02 7.859301567077636719e-02 1.929993927478790283e-02 5.838157609105110168e-02 4.843005910515785217e-02 2.055098302662372589e-03 1.446560304611921310e-02 4.846552014350891113e-02 6.956799328327178955e-02 1.202357187867164612e-02 4.146972671151161194e-02 3.115689754486083984e-02 5.185577645897865295e-02 3.332474455237388611e-02 1.091182697564363480e-02 5.568217858672142029e-02 8.608055301010608673e-03 4.483218491077423096e-02 4.857519175857305527e-03 1.180663239210844040e-02 2.892968989908695221e-02 1.860595494508743286e-02 2.061173133552074432e-02 2.550891414284706116e-02 1.768027804791927338e-02 1.158022042363882065e-02 3.389995917677879333e-02 2.001681178808212280e-02 1.208223402500152588e-01 1.194313168525695801e-01 7.064978033304214478e-02 1.204965449869632721e-02 3.313843905925750732e-02 4.358043894171714783e-02 1.504307612776756287e-02 5.458883196115493774e-02 3.099336288869380951e-02 1.490493491291999817e-02 5.331306904554367065e-02 3.140978515148162842e-02 3.080896474421024323e-02 3.809233754873275757e-02 1.445118617266416550e-02 2.259836904704570770e-02 4.815518110990524292e-02 4.331450164318084717e-02 6.367543246597051620e-03 1.207362022250890732e-02 5.792706832289695740e-02 6.436590570956468582e-03 2.791638672351837158e-02 6.026481091976165771e-02 1.883335597813129425e-02 1.030597928911447525e-02 1.710188761353492737e-02 4.789860174059867859e-02 4.642382264137268066e-03 1.442876271903514862e-02 1.284347381442785263e-02 1.223056297749280930e-02 4.158812761306762695e-02 4.278774932026863098e-02 3.756037354469299316e-02 3.341967985033988953e-02 7.917640358209609985e-02 2.224156819283962250e-02 9.628231637179851532e-03 6.095127761363983154e-02 3.501804079860448837e-03 4.561178013682365417e-02 5.794451013207435608e-02 1.315874792635440826e-02 1.398847624659538269e-02 3.957201912999153137e-02 5.026802886277437210e-03 4.042048379778862000e-02 2.799544110894203186e-02 2.026762627065181732e-02 3.827109932899475098e-02 5.014660954475402832e-02 2.078803069889545441e-02 1.252248417586088181e-02 1.481525832787156105e-03 8.570730686187744141e-02 3.925278782844543457e-02 7.653966080397367477e-03 1.704734284430742264e-03 4.118352755904197693e-02 1.066055148839950562e-02 5.201321467757225037e-02 4.245793446898460388e-02 2.912388741970062256e-02 3.215383738279342651e-02 5.109548941254615784e-02 2.124195732176303864e-02 1.445764582604169846e-02 4.352982621639966965e-03 4.648019000887870789e-02 4.141683224588632584e-03 3.297217562794685364e-02 6.763010472059249878e-02 5.332913715392351151e-03 3.851470723748207092e-02 2.901037223637104034e-02 2.012494765222072601e-02 1.579052582383155823e-02
9.330505877733230591e-02 6.963308900594711304e-02 2.315204031765460968e-02 3.795334137976169586e-03 4.200534895062446594e-02 1.468457728624343872e-01 1.033856645226478577e-01 6.766135990619659424e-02 1.076872646808624268e-02 2.564588002860546112e-02 8.247119933366775513e-02 1.301353126764297485e-01 6.528150290250778198e-02 8.215916156768798828e-02 6.060701236128807068e-02 9.695821208879351616e-04 3.692498058080673218e-02 2.856499515473842621e-02 2.615426899865269661e-03 4.028143361210823059e-02 3.720767796039581299e-02 4.172414913773536682e-02 4.910741001367568970e-02 5.743319541215896606e-02 1.397663075476884842e-02 3.771247714757919312e-02 3.576374799013137817e-02 8.729984611272811890e-02 9.003925323486328125e-02 9.035307914018630981e-02 7.908784598112106323e-02 1.386499404907226562e-02 3.798888251185417175e-02 2.362370304763317108e-02 2.369196526706218719e-02 3.839492052793502808e-02 1.500342972576618195e-02 2.761873044073581696e-02 8.656891994178295135e-03 3.530289605259895325e-02 2.257797308266162872e-02 1.751293987035751343e-02 3.710624575614929199e-02 2.885807119309902191e-02 2.812932431697845459e-02 2.880834043025970459e-02 8.340871334075927734e-02 5.334111303091049194e-02 1.207507029175758362e-02 2.353844977915287018e-02 2.159818634390830994e-02 6.009989301674067974e-04 3.055174089968204498e-02 4.452069848775863647e-02 5.661113560199737549e-02 1.093871332705020905e-02 4.777839407324790955e-02 6.357810646295547485e-02 7.976651191711425781e-03 2.907632291316986084e-02 2.675256691873073578e-02 1.566012948751449585e-02 5.168928578495979309e-02 5.643514916300773621e-02 3.562752902507781982e-02 8.419823646545410156e-02 2.321294695138931274e-02 1.644335128366947174e-02 1.078140176832675934e-02 7.588589191436767578e-02 2.275752276182174683e-02 6.288714706897735596e-02 7.721979636698961258e-03 7.839938998222351074e-02 2.562851831316947937e-02 3.457124112173914909e-03 6.170875206589698792e-02 4.422771558165550232e-02 5.539496615529060364e-02 7.112319022417068481e-02 5.253408476710319519e-02 6.820808351039886475e-02 6.291329115629196167e-02 4.316722601652145386e-02 1.033078972250223160e-02 2.274773316457867622e-03 1.226565800607204437e-03 3.615222871303558350e-02 5.923995375633239746e-02 8.559471368789672852e-02 4.403438419103622437e-02 3.697634860873222351e-02 7.871100306510925293e-02 6.670472025871276855e-02 8.166073262691497803e-02 6.777992844581604004e-02 7.174012809991836548e-02 4.269119352102279663e-02 6.459348648786544800e-02 3.103519603610038757e-02 1.334208413027226925e-03 3.905354067683219910e-02 2.558131888508796692e-02 3.558119013905525208e-02 1.554902736097574234e-02 1.783514209091663361e-02 1.761244348017498851e-04 4.297462105751037598e-02 3.088189288973808289e-02 1.087064743041992188e-01 3.968753665685653687e-02 5.501070618629455566e-02 9.288681298494338989e-02 7.717058807611465454e-02 3.145500272512435913e-02 3.682827576994895935e-02
7.784682512283325195e-02 9.681984037160873413e-02 1.172857731580734253e-02 5.016889423131942749e-02 6.907442212104797363e-02 1.033856645226478577e-01 1.407660245895385742e-01 4.007837176322937012e-02 3.385087102651596069e-02 9.599207900464534760e-03 8.201508969068527222e-02 6.841027736663818359e-02 1.009378954768180847e-01 1.124574691057205200e-01 3.182581067085266113e-02 2.098479866981506348e-02 1.763768494129180908e-02 1.872097887098789215e-02 7.404608186334371567e-03 6.566490512341260910e-03 1.680312998360022902e-04 2.246354520320892334e-02 5.965111777186393738e-03 4.270548000931739807e-02 1.990690082311630249e-02 1.110713183879852295e-02 4.980839788913726807e-02 5.522422492504119873e-02 4.443480074405670166e-02 1.157855540513992310e-01 1.745832036249339581e-03 2.509087091311812401e-03 3.245046362280845642e-03 4.995768517255783081e-02 3.864127770066261292e-02 3.627856448292732239e-02 1.606761664152145386e-02 1.741417869925498962e-02 3.233078494668006897e-02 4.617162048816680908e-02 4.851553589105606079e-02 3.518669679760932922e-02 1.930482685565948486e-02 2.088901400566101074e-02 6.602275371551513672e-02 5.562113597989082336e-02 6.742668896913528442e-02 1.246821954846382141e-01 2.344453241676092148e-03 1.865099743008613586e-02 4.223293811082839966e-02 1.076113432645797729e-02 3.428594395518302917e-02 8.687254041433334351e-03 1.508092787116765976e-02 4.884036257863044739e-02 2.526207361370325089e-03 2.075873501598834991e-02 4.567342251539230347e-02 3.035054728388786316e-02 3.945226967334747314e-02 1.222044322639703751e-02 6.785584241151809692e-02 5.935589969158172607e-02 4.281844198703765869e-02 1.079689245671033859e-02 5.762476357631385326e-04 1.642941730096936226e-03 4.117330536246299744e-02 6.687662750482559204e-02 1.842688652686774731e-03 9.112668037414550781e-02 1.734700985252857208e-02 6.591551750898361206e-02 9.452720172703266144e-03 5.479392036795616150e-02 2.651032432913780212e-02 3.642101958394050598e-02 3.546684235334396362e-02 2.240072702988982201e-03 3.369895741343498230e-02 1.933536678552627563e-02 1.825909502804279327e-02 2.119543496519327164e-03 1.945751346647739410e-02 4.262838978320360184e-03 4.447637125849723816e-03 4.063700512051582336e-02 3.296707570552825928e-02 3.018359653651714325e-02 2.706300839781761169e-02 1.626078598201274872e-02 5.432453472167253494e-03 8.810528367757797241e-02 3.217055276036262512e-02 1.404254045337438583e-02 2.992352703586220741e-03 1.283950917422771454e-02 2.194962836802005768e-02 4.637490957975387573e-02 1.253332011401653290e-02 2.617598697543144226e-02 1.720509305596351624e-02 1.331820059567689896e-02 1.678216457366943359e-02 2.278302563354372978e-03 3.274558857083320618e-02 3.042778745293617249e-02 3.685113787651062012e-02 2.939628995954990387e-02 2.608804777264595032e-02 6.281822919845581055e-02 6.197678670287132263e-02 3.649675473570823669e-02 5.308613646775484085e-03 9.093930944800376892e-03
3.110639005899429321e-02 2.679038420319557190e-02 1.175593808293342590e-01 3.699686378240585327e-02 5.068674217909574509e-03 6.766135990619659424e-02 4.007837176322937012e-02 9.796163439750671387e-02 6.825142353773117065e-02 4.719563946127891541e-02 1.575868763029575348e-02 9.522903710603713989e-03 9.461134672164916992e-03 1.984703540802001953e-02 4.376421868801116943e-02 3.119323961436748505e-02 5.442620813846588135e-02 2.086225152015686035e-02 3.578533604741096497e-02 3.780962154269218445e-02 2.026075869798660278e-02 3.565954416990280151e-02 2.184073999524116516e-02 2.482858859002590179e-02 3.608119860291481018e-02 1.117164548486471176e-02 4.288158565759658813e-02 4.461508989334106445e-02 1.323682628571987152e-02 1.460159663110971451e-02 3.529274091124534607e-02 3.980683535337448120e-02 1.578376628458499908e-02 9.263012558221817017e-03 1.762262918055057526e-02 1.981389708817005157e-03 3.841012017801403999e-03 5.692028626799583435e-02 2.831438370048999786e-02 4.218159988522529602e-02 2.664383128285408020e-02 8.063361048698425293e-03 4.618973657488822937e-02 7.799067534506320953e-03 1.647896692156791687e-02 2.485390286892652512e-03 1.846340857446193695e-02 1.677886210381984711e-02 5.173507332801818848e-02 4.392816871404647827e-02 4.258979856967926025e-02 4.366857558488845825e-02 4.960335046052932739e-02 4.113025590777397156e-02 1.663658767938613892e-02 3.133253008127212524e-02 7.429570704698562622e-02 1.992446184158325195e-02 1.728560589253902435e-02 1.239444129168987274e-02 4.545443516690284014e-05 2.369607053697109222e-02 5.772260949015617371e-02 6.371009349822998047e-02 1.811279915273189545e-03 5.500622466206550598e-02 3.980432823300361633e-02 1.658308878540992737e-02 9.726808965206146240e-02 4.753877222537994385e-02 9.049322456121444702e-02 7.640921324491500854e-02 6.823062896728515625e-03 9.576168842613697052e-03 2.222417853772640228e-02 1.359359081834554672e-02 1.223732382059097290e-01 2.126429043710231781e-02 4.084481298923492432e-02 3.060494549572467804e-03 2.634435296058654785e-01 3.212091624736785889e-01 4.763682186603546143e-02 2.165028825402259827e-02 2.622448094189167023e-02 3.906958550214767456e-02 6.065517291426658630e-02 1.144582331180572510e-01 1.849060319364070892e-02 3.921677917242050171e-02 2.449130825698375702e-02 2.686117962002754211e-02 3.167935460805892944e-02 4.906431213021278381e-02 1.400565449148416519e-02 7.553531229496002197e-02 1.342880725860595703e-01 3.894900530576705933e-02 5.398383364081382751e-02 4.606640432029962540e-03 2.802284806966781616e-02 4.820840060710906982e-02 7.233210653066635132e-02 5.353983491659164429e-02 1.627279631793498993e-02 2.014814317226409912e-02 5.913252010941505432e-02 2.432106761261820793e-03 6.312505155801773071e-02 4.328192770481109619e-02 3.404083661735057831e-03 1.320625282824039459e-02 5.298039410263299942e-03 3.055225685238838196e-02 1.070928387343883514e-02 7.219061255455017090e-03
1.835605507949367166e-04 2.168889157474040985e-02 3.749351203441619873e-02 1.352945808321237564e-02 1.819468662142753601e-02 1.076872646808624268e-02 3.385087102651596069e-02 6.825142353773117065e-02 9.067164361476898193e-02 6.830838322639465332e-02 1.536923740059137344e-02 5.034761969000101089e-03 4.984598606824874878e-03 5.174436420202255249e-02 3.280325606465339661e-02 5.658112838864326477e-02 5.184130370616912842e-02 6.126649677753448486e-02 5.813165009021759033e-02 9.176082909107208252e-03 2.509763091802597046e-02 5.631038919091224670e-02 3.798014670610427856e-02 4.615230113267898560e-02 5.280438810586929321e-03 5.236344877630472183e-04 7.523839361965656281e-03 1.701701059937477112e-02 3.043018281459808350e-02 1.625512167811393738e-02 1.460481714457273483e-02 4.120001941919326782e-02 1.983757689595222473e-02 9.301009704358875751e-04 1.011523045599460602e-02 2.522335201501846313e-02 2.183752134442329407e-03 3.726977109909057617e-02 8.106780238449573517e-03 6.516868248581886292e-03 5.440576374530792236e-02 5.943308025598526001e-02 3.651865059509873390e-03 3.167540207505226135e-02 4.358541592955589294e-02 4.443130642175674438e-02 1.269539725035429001e-02 1.284743100404739380e-02 5.626250803470611572e-02 1.143436133861541748e-02 9.073938243091106415e-03 5.167045164853334427e-03 7.640360854566097260e-03 2.949500083923339844e-02 8.038341999053955078e-02 3.660495206713676453e-02 4.074721410870552063e-02 3.801468014717102051e-02 1.896422356367111206e-02 6.181587465107440948e-03 4.909034818410873413e-02 2.130607608705759048e-03 1.582074351608753204e-02 5.314240232110023499e-02 1.511005219072103500e-02 3.861628100275993347e-02 2.098825946450233459e-02 5.617772229015827179e-03 8.157067000865936279e-02 4.973246902227401733e-02 6.465839594602584839e-02 4.210755974054336548e-02 4.307223111391067505e-02 7.485015317797660828e-03 2.682225219905376434e-02 5.941567011177539825e-03 1.057386174798011780e-01 7.857163250446319580e-02 3.731542825698852539e-02 2.744422294199466705e-02 3.555283695459365845e-02 9.882680140435695648e-03 3.417957574129104614e-02 2.025259099900722504e-02 9.149869903922080994e-03 7.315240800380706787e-02 3.412243351340293884e-02 1.832897588610649109e-02 7.971870154142379761e-02 5.693124257959425449e-04 4.481211677193641663e-02 6.659603118896484375e-02 5.674310401082038879e-02 6.363967899233102798e-03 3.811508417129516602e-02 7.697151158936321735e-04 8.582319319248199463e-02 6.521843373775482178e-02 5.442284047603607178e-02 1.748090982437133789e-02 5.378706380724906921e-03 4.620320349931716919e-02 8.648374676704406738e-02 1.280889566987752914e-02 5.420040711760520935e-02 5.352914333343505859e-02 2.463427186012268066e-02 4.068659245967864990e-02 1.463209465146064758e-02 4.368856549263000488e-02 3.789479658007621765e-02 2.176400274038314819e-02 2.627616189420223236e-02 3.281123936176300049e-02 4.614315554499626160e-02 4.585925862193107605e-02
3.296386078000068665e-02 2.606942551210522652e-03 4.865676909685134888e-02 1.203644555062055588e-02 2.139742486178874969e-02 2.564588002860546112e-02 9.599207900464534760e-03 4.719563946127891541e-02 6.830838322639465332e-02 8.727271109819412231e-02 1.828572340309619904e-02 4.056243598461151123e-02 2.347894385457038879e-02 8.834485895931720734e-03 4.709661751985549927e-02 5.611981824040412903e-02 5.021743476390838623e-02 2.054184675216674805e-02 6.871457397937774658e-02 7.264310121536254883e-02 1.299477554857730865e-02 1.720737107098102570e-02 4.788868874311447144e-02 9.217728674411773682e-02 1.798328571021556854e-02 3.698040544986724854e-02 1.584081910550594330e-02 9.893840178847312927e-03 2.636113390326499939e-02 4.710969328880310059e-02 3.855388239026069641e-02 3.327035531401634216e-02 4.346016049385070801e-02 3.272598236799240112e-02 4.091283306479454041e-03 4.556559771299362183e-02 1.152608077973127365e-02 4.822312295436859131e-02 5.164476111531257629e-02 4.571417812258005142e-03 6.335993111133575439e-02 3.269033133983612061e-02 4.545376449823379517e-02 2.052281051874160767e-02 3.796422481536865234e-02 8.592923730611801147e-02 4.743563756346702576e-02 1.230793166905641556e-02 3.057512640953063965e-02 7.369220256805419922e-02 3.278017789125442505e-02 2.050856873393058777e-02 3.155985474586486816e-02 2.053285948932170868e-02 3.532533720135688782e-02 8.278074115514755249e-02 5.181837454438209534e-02 5.960033088922500610e-02 4.026815295219421387e-02 1.473681069910526276e-02 7.691375166177749634e-02 5.330924876034259796e-03 5.417847074568271637e-03 5.022779572755098343e-03 2.467763796448707581e-02 1.549394568428397179e-03 1.662053726613521576e-02 4.147130623459815979e-02 3.464885428547859192e-02 2.955824881792068481e-02 6.487677991390228271e-02 1.637570187449455261e-02 3.030146844685077667e-02 2.732751332223415375e-02 1.638310775160789490e-02 2.615138888359069824e-02 1.129992958158254623e-02 1.132407933473587036e-01 2.042501047253608704e-02 1.687751412391662598e-01 1.317624468356370926e-02 3.757038712501525879e-02 1.429451815783977509e-02 3.741959854960441589e-02 1.698648370802402496e-02 8.262761682271957397e-02 4.321637004613876343e-02 9.659996721893548965e-04 4.285075142979621887e-02 8.746940642595291138e-02 7.066122256219387054e-03 4.580130428075790405e-02 1.406517997384071350e-02 4.500263184309005737e-02 7.126641273498535156e-02 4.465951398015022278e-02 4.718460887670516968e-02 6.180639378726482391e-03 6.846064329147338867e-02 5.706679821014404297e-02 1.465908717364072800e-02 6.047876551747322083e-03 7.974316179752349854e-02 9.971643239259719849e-02 6.025693845003843307e-03 6.213412620127201080e-03 3.735627979040145874e-02 5.196941643953323364e-02 1.792036369442939758e-02 6.959509849548339844e-02 6.134708598256111145e-02 4.345650970935821533e-02 7.231329381465911865e-02 3.493376076221466064e-02 7.692451588809490204e-03 6.902784109115600586e-02
9.647008776664733887e-02 9.228431433439254761e-02 1.424326840788125992e-02 3.805516660213470459e-02 1.130186486989259720e-02 8.247119933366775513e-02 8.201508969068527222e-02 1.575868763029575348e-02 1.536923740059137344e-02 1.828572340309619904e-02 1.719136238098144531e-01 2.244789339601993561e-02 1.029490679502487183e-01 9.608756517991423607e-04 7.440634071826934814e-02 2.413608506321907043e-02 6.888088304549455643e-03 1.365530677139759064e-02 2.701633609831333160e-02 3.836799785494804382e-02 1.869002543389797211e-02 5.005808919668197632e-02 2.644812874495983124e-02 6.312604527920484543e-03 1.202525309054180980e-04 2.323965169489383698e-02 7.521838415414094925e-03 2.301836572587490082e-02 7.987167686223983765e-02 4.244809597730636597e-02 7.227627933025360107e-02 3.374789282679557800e-02 3.437387570738792419e-02 3.307258337736129761e-02 6.759364157915115356e-03 3.685832023620605469e-02 1.877368241548538208e-02 4.919418599456548691e-03 2.139380387961864471e-02 2.207343094050884247e-02 6.911204196512699127e-03 2.266903640702366829e-03 8.776871487498283386e-03 2.893190085887908936e-02 2.437512204051017761e-02 7.855819910764694214e-02 7.379519194364547729e-02 7.833099365234375000e-02 3.313102526590228081e-03 3.480187803506851196e-02 4.633517470210790634e-03 4.065650515258312225e-03 3.561746329069137573e-02 1.979011483490467072e-02 7.927341386675834656e-03 4.522834345698356628e-02 4.027294740080833435e-02 4.830688610672950745e-02 2.959474176168441772e-02 2.384376525878906250e-02 5.158548709005117416e-03 4.486240446567535400e-02 1.298948307521641254e-03 2.685963176190853119e-02 7.071632146835327148e-02 5.881506577134132385e-02 3.930859267711639404e-02 7.252501323819160461e-03 1.175072044134140015e-02 1.034319698810577393e-01 4.164802283048629761e-02 7.886984199285507202e-02 2.190436236560344696e-02 4.643169417977333069e-02 2.184911258518695831e-02 2.321034483611583710e-02 4.017616435885429382e-02 4.799596220254898071e-02 5.215808749198913574e-02 1.717093214392662048e-02 1.588381454348564148e-02 5.599101260304450989e-02 1.604450866580009460e-02 1.261700596660375595e-02 1.336390245705842972e-02 5.168344825506210327e-03 4.353939089924097061e-03 3.119550831615924835e-02 3.178763762116432190e-02 9.387453086674213409e-03 5.547580495476722717e-02 7.437647879123687744e-02 6.207403913140296936e-02 8.931258693337440491e-03 1.040401123464107513e-02 5.437563732266426086e-02 1.510879490524530411e-02 6.676636636257171631e-02 3.990336135029792786e-02 3.714711219072341919e-02 6.864740978926420212e-03 8.217585273087024689e-03 3.460660576820373535e-02 6.225825473666191101e-02 5.111696571111679077e-02 2.532377140596508980e-03 5.441085435450077057e-03 6.275771558284759521e-02 1.743134669959545135e-02 1.695801690220832825e-02 1.937271282076835632e-02 1.516471523791551590e-02 4.736037924885749817e-02 3.670296445488929749e-02 1.646101474761962891e-02 4.825161024928092957e-02
2.353317104279994965e-03 6.608656048774719238e-02 4.971511662006378174e-02 4.910085722804069519e-02 7.859301567077636719e-02 1.301353126764297485e-01 6.841027736663818359e-02 9.522903710603713989e-03 5.034761969000101089e-03 4.056243598461151123e-02 2.244789339601993561e-02 1.114632114768028259e-01 4.895447194576263428e-02 2.599463462829589844e-01 2.408428862690925598e-02 2.010080032050609589e-02 5.602846667170524597e-02 1.972111640498042107e-03 7.897331565618515015e-02 2.572543732821941376e-02 1.056529209017753601e-02 5.115143209695816040e-02 9.647642076015472412e-02 8.892255276441574097e-02 5.226763430982828140e-03 7.541715353727340698e-02 3.665856644511222839e-02 1.650911271572113037e-01 9.532504528760910034e-02 1.957368403673171997e-01 3.984509781002998352e-02 2.377346344292163849e-02 1.987129077315330505e-02 3.673623129725456238e-02 3.819613531231880188e-02 4.991358518600463867e-02 2.641708776354789734e-02 3.980605863034725189e-03 3.443302959203720093e-02 8.180826157331466675e-02 6.730127148330211639e-03 5.853579565882682800e-02 7.684275507926940918e-02 4.221993312239646912e-02 5.208531394600868225e-02 3.044595755636692047e-02 1.129119563847780228e-02 2.742439508438110352e-02 3.633139654994010925e-02 8.410001173615455627e-03 2.619921229779720306e-02 5.578080564737319946e-02 1.671126112341880798e-02 8.890036493539810181e-03 6.635948270559310913e-02 7.832784205675125122e-03 7.964216172695159912e-03 6.618728488683700562e-02 7.130670547485351562e-02 9.071145206689834595e-03 6.717512756586074829e-02 2.888682857155799866e-02 4.154595360159873962e-02 5.309813097119331360e-02 7.813933305442333221e-03 4.857375845313072205e-02 4.484409093856811523e-02 5.568389967083930969e-02 4.015751183032989502e-02 6.716948747634887695e-02 7.617645710706710815e-02 6.172153353691101074e-02 2.509861253201961517e-02 4.624518007040023804e-02 5.159701779484748840e-02 4.634895548224449158e-02 2.402631193399429321e-02 2.074261941015720367e-02 2.563559263944625854e-02 8.052375167608261108e-02 1.811774633824825287e-02 5.150545388460159302e-02 1.854392327368259430e-02 5.716273188591003418e-02 2.499182894825935364e-02 1.822881773114204407e-02 3.224826976656913757e-02 6.017717346549034119e-02 7.444588094949722290e-02 8.435891568660736084e-02 3.575104475021362305e-02 9.991385042667388916e-03 5.527632683515548706e-02 6.551779061555862427e-02 2.193335909396409988e-03 5.075947940349578857e-02 3.203522413969039917e-02 4.611332714557647705e-02 6.304842233657836914e-02 1.613594591617584229e-02 2.385441027581691742e-02 4.912290722131729126e-02 3.449325636029243469e-02 5.291976779699325562e-02 5.277441814541816711e-02 5.222198367118835449e-02 3.396376222372055054e-02 2.209754101932048798e-02 2.782230265438556671e-02 1.692676171660423279e-02 3.552529262378811836e-03 3.163857385516166687e-02 1.906628906726837158e-02 1.298684179782867432e-01 2.846662327647209167e-02 3.530822321772575378e-02
9.494715929031372070e-02 1.108521744608879089e-01 2.446859888732433319e-02 2.501110918819904327e-02 1.929993927478790283e-02 6.528150290250778198e-02 1.009378954768180847e-01 9.461134672164916992e-03 4.984598606824874878e-03 2.347894385457038879e-02 1.029490679502487183e-01 4.895447194576263428e-02 1.743636727333068848e-01 4.573984537273645401e-03 7.040317356586456299e-02 3.021448850631713867e-03 1.607361063361167908e-02 4.592515062540769577e-03 1.512204669415950775e-02 2.340014465153217316e-02 1.737732812762260437e-02 5.401495099067687988e-02 4.157338291406631470e-03 1.243712467839941382e-04 2.388437651097774506e-02 2.609450370073318481e-02 1.117439474910497665e-02 1.246068906038999557e-02 7.048511505126953125e-02 4.119293391704559326e-02 8.162790536880493164e-02 4.078191891312599182e-02 3.927935287356376648e-02 3.660193085670471191e-02 1.389344688504934311e-02 5.213659629225730896e-02 3.075185231864452362e-02 1.435244805179536343e-03 4.878169391304254532e-03 1.977552473545074463e-02 2.067468315362930298e-02 2.260188013315200806e-02 7.407288532704114914e-03 3.039168892428278923e-03 7.905106991529464722e-03 1.453140377998352051e-02 6.750908493995666504e-02 1.093457564711570740e-01 2.245761454105377197e-02 3.168126568198204041e-02 2.846877090632915497e-02 2.837285865098237991e-04 4.636208992451429367e-03 1.792872883379459381e-02 1.317333150655031204e-02 1.767599955201148987e-02 4.803235176950693130e-03 1.545994170010089874e-02 7.596528157591819763e-04 1.747264154255390167e-02 2.524298429489135742e-02 3.214143216609954834e-02 2.827812917530536652e-02 1.583947241306304932e-02 3.822573646903038025e-02 6.822388619184494019e-02 4.091371595859527588e-02 1.270758826285600662e-02 1.527001708745956421e-02 1.010389626026153564e-01 2.419129572808742523e-02 8.209550380706787109e-02 2.678425982594490051e-03 1.062391977757215500e-02 7.707916665822267532e-03 4.911291226744651794e-02 3.453464061021804810e-02 1.556066609919071198e-02 4.327328130602836609e-02 2.778777480125427246e-02 2.058739401400089264e-02 2.252033725380897522e-02 1.322234049439430237e-02 1.420758385211229324e-02 1.181463059037923813e-02 3.959283232688903809e-02 4.845201224088668823e-02 7.956868037581443787e-03 1.693828590214252472e-02 2.625988563522696495e-03 5.345078185200691223e-02 5.366458371281623840e-02 1.003833338618278503e-01 4.332120716571807861e-02 1.987913437187671661e-02 5.995286628603935242e-02 1.030978839844465256e-02 1.453142706304788589e-02 4.173019528388977051e-02 3.649441292509436607e-03 3.236866323277354240e-03 1.961556822061538696e-02 1.579980738461017609e-02 2.003350853919982910e-02 2.720849029719829559e-02 1.577015593647956848e-02 3.085945732891559601e-02 3.706726804375648499e-02 3.909111022949218750e-03 7.794790435582399368e-03 3.372288122773170471e-02 2.736984007060527802e-02 4.213514178991317749e-02 3.498844057321548462e-02 9.422594681382179260e-03 4.698231443762779236e-02
