1.140476465225219727e-01 2.101680189371109009e-01 4.395243152976036072e-02 4.383991006761789322e-03 1.138738635927438736e-02 1.305218487977981567e-01 1.174859330058097839e-01 2.776884287595748901e-02 4.159581381827592850e-03 1.524268649518489838e-02 1.116696670651435852e-01 1.075989846140146255e-02 8.945537358522415161e-02 4.494777880609035492e-03 3.793959692120552063e-02 4.024802241474390030e-03 1.109418552368879318e-02 2.815678529441356659e-02 2.578542754054069519e-02 4.173981025815010071e-02 1.498500723391771317e-02 6.874021142721176147e-02 2.003784477710723877e-02 2.020332962274551392e-02 7.314312271773815155e-03 2.511624805629253387e-02 9.236834198236465454e-02 2.608145587146282196e-02 6.225604191422462463e-02 1.384763699024915695e-02 3.222132474184036255e-02 1.865495182573795319e-02 1.120814215391874313e-02 4.490904137492179871e-02 4.939812060911208391e-05 5.313966423273086548e-02 8.249413222074508667e-03 1.812088303267955780e-02 8.392672054469585419e-03 6.028643622994422913e-02 3.679116442799568176e-02 4.074708372354507446e-02 3.990528360009193420e-02 3.138838335871696472e-02 1.459990255534648895e-02 9.699703194200992584e-03 5.013882368803024292e-02 2.473671920597553253e-02 6.103909015655517578e-02 3.529280796647071838e-02 1.630159094929695129e-02 3.209867281839251518e-03 2.405954338610172272e-02 9.063396602869033813e-03 3.978007007390260696e-03 1.711606420576572418e-02 1.215256843715906143e-02 2.429500408470630646e-02 2.693261578679084778e-02 1.903824508190155029e-02 3.067491389811038971e-02 6.436980515718460083e-02 5.563563480973243713e-02 2.784730121493339539e-02 2.519034547731280327e-03 1.766574382781982422e-02 9.397616609930992126e-03 2.329962793737649918e-03 1.709195785224437714e-02 3.248753771185874939e-02 8.485678583383560181e-03 1.155709009617567062e-02 2.580428309738636017e-02 2.145666861906647682e-03 2.881202660501003265e-02 4.610823839902877808e-02 2.661995403468608856e-02 4.150230437517166138e-02 1.117770839482545853e-02 1.907562650740146637e-02 4.159967973828315735e-02 3.215656429529190063e-02 3.120948188006877899e-02 4.588764626532793045e-03 2.320684492588043213e-02 1.884691044688224792e-02 3.084484674036502838e-02 1.968575408682227135e-03 1.686711795628070831e-02 5.442679859697818756e-03 4.826853517442941666e-03 4.454103857278823853e-02 2.525292523205280304e-02 6.173459440469741821e-02 1.299572293646633625e-03 6.934250891208648682e-02 2.568688802421092987e-02 1.994203776121139526e-02 6.540803238749504089e-03 2.759408019483089447e-02 2.655884623527526855e-02 2.173887379467487335e-02 1.972867548465728760e-02 4.977345466613769531e-02 2.110301330685615540e-02 7.418260211125016212e-04 2.655830979347229004e-02 3.666657581925392151e-02 8.637059479951858521e-03 1.517500635236501694e-02 2.036347612738609314e-02 3.269639983773231506e-02 3.758626803755760193e-02 5.385692929849028587e-04 5.078859254717826843e-02 5.992276966571807861e-02
2.101680189371109009e-01 1.352646499872207642e-01 4.505205899477005005e-03 4.251714795827865601e-03 6.702342536300420761e-03 8.931345492601394653e-02 1.806992441415786743e-01 1.259576529264450073e-02 1.327803451567888260e-02 1.280454732477664948e-02 8.179374039173126221e-02 2.216863632202148438e-02 1.244620308279991150e-01 1.488125976175069809e-02 7.987763732671737671e-02 3.115727566182613373e-03 1.378154475241899490e-02 1.444349437952041626e-02 7.779841776937246323e-03 3.500927239656448364e-02 3.055962920188903809e-02 4.310021176934242249e-02 4.948554560542106628e-03 1.609261520206928253e-02 2.061075158417224884e-02 2.564545022323727608e-03 1.685401052236557007e-02 4.536303505301475525e-02 6.065078824758529663e-02 2.777960710227489471e-02 1.511295791715383530e-02 2.709969505667686462e-02 7.605955470353364944e-03 4.164931178092956543e-02 1.622205413877964020e-02 3.816412761807441711e-02 1.378663349896669388e-02 3.600317612290382385e-02 1.442787796258926392e-02 3.267192095518112183e-02 3.030841983854770660e-02 3.108236938714981079e-02 5.127659440040588379e-02 4.102547094225883484e-02 3.721684217453002930e-02 4.692720249295234680e-02 6.772498041391372681e-02 5.568243563175201416e-02 2.594703435897827148e-02 2.441730722784996033e-02 1.959610171616077423e-02 2.504995092749595642e-02 2.080440521240234375e-02 5.558885633945465088e-03 1.311672758311033249e-02 2.065991982817649841e-02 2.154931426048278809e-02 2.125895768404006958e-02 6.013788282871246338e-03 3.378071635961532593e-02 5.655945464968681335e-02 3.696870058774948120e-02 2.041035890579223633e-02 3.882213030010461807e-03 2.928873896598815918e-02 7.631663698703050613e-03 3.424405679106712341e-02 1.064773462712764740e-02 1.870695874094963074e-02 5.034356564283370972e-02 3.548275679349899292e-02 6.405372172594070435e-03 2.274660021066665649e-02 9.431648068130016327e-03 1.303375698626041412e-02 2.818697877228260040e-02 1.497867424041032791e-02 1.204220205545425415e-02 7.094341795891523361e-03 4.406209290027618408e-02 6.375529617071151733e-02 2.306695096194744110e-02 1.332720625214278698e-03 1.624009199440479279e-02 4.467804357409477234e-02 6.839632242918014526e-02 3.100049309432506561e-02 1.912590302526950836e-02 1.482379343360662460e-02 3.722626343369483948e-02 2.945903688669204712e-02 7.609911728650331497e-03 1.769140735268592834e-02 3.169221431016921997e-02 1.628445810638368130e-03 7.991832494735717773e-02 1.527399290353059769e-02 4.559966176748275757e-02 1.180343236774206161e-02 1.316897105425596237e-02 8.470366708934307098e-03 2.857735753059387207e-02 5.507175251841545105e-02 6.871041655540466309e-02 3.119115531444549561e-02 3.478824347257614136e-02 4.446993023157119751e-02 2.894169278442859650e-02 4.803345724940299988e-02 2.798645524308085442e-03 1.067347545176744461e-02 3.917878866195678711e-02 5.679934844374656677e-02 3.708420321345329285e-02 3.224553912878036499e-02 6.210861727595329285e-03
4.395243152976036072e-02 4.505205899477005005e-03 8.590470254421234131e-02 1.251841546036303043e-03 9.538564831018447876e-03 1.526019070297479630e-02 2.144434861838817596e-02 1.924699246883392334e-01 4.425549879670143127e-02 5.777912214398384094e-02 4.543394595384597778e-02 1.061854232102632523e-02 7.292175199836492538e-03 1.111596543341875076e-02 1.029595062136650085e-01 5.429274588823318481e-02 3.150056675076484680e-02 6.138890981674194336e-02 1.150355581194162369e-02 3.105744719505310059e-02 4.624583944678306580e-02 5.309665575623512268e-02 4.654541611671447754e-03 6.841271184384822845e-03 2.527937106788158417e-02 3.629705682396888733e-02 7.951271533966064453e-02 4.621679708361625671e-02 3.537987917661666870e-02 1.206550654023885727e-02 4.200183972716331482e-02 4.742695018649101257e-02 3.624216467142105103e-02 8.336684666574001312e-03 3.750572353601455688e-02 9.329803287982940674e-02 4.378706216812133789e-02 6.939277797937393188e-02 2.318440563976764679e-02 2.565792296081781387e-03 2.753508277237415314e-03 3.597241267561912537e-02 1.027927268296480179e-02 4.882555454969406128e-02 5.160267278552055359e-02 6.773334741592407227e-02 1.518771704286336899e-02 2.654439769685268402e-02 3.447926789522171021e-02 2.331907488405704498e-02 1.289085671305656433e-02 3.808530420064926147e-02 3.726284205913543701e-02 1.021301075816154480e-01 4.304897785186767578e-02 3.468619659543037415e-02 4.354801774024963379e-02 7.025069743394851685e-02 1.177160162478685379e-02 2.256142348051071167e-02 4.925428330898284912e-02 2.765486575663089752e-02 3.651452064514160156e-02 2.022577915340662003e-03 4.853570833802223206e-02 1.480924710631370544e-02 2.109600789844989777e-02 1.638805260881781578e-03 3.969097137451171875e-02 6.075660232454538345e-03 1.091539952903985977e-02 1.653189770877361298e-02 4.416225105524063110e-02 2.717514522373676300e-02 4.344723746180534363e-02 4.300374910235404968e-02 3.167479857802391052e-02 8.336208760738372803e-02 7.079545408487319946e-03 5.069972202181816101e-02 8.549802005290985107e-02 1.052243113517761230e-01 1.333108544349670410e-02 2.252402529120445251e-02 3.095580637454986572e-02 2.126066200435161591e-02 4.435741528868675232e-02 1.246999725699424744e-01 3.325798362493515015e-02 5.358878895640373230e-02 5.642218142747879028e-02 7.600701600313186646e-02 1.979538053274154663e-02 2.368666604161262512e-02 5.128635466098785400e-02 6.010716781020164490e-03 4.660635814070701599e-02 5.320535041391849518e-03 1.136894617229700089e-02 3.334914799779653549e-03 4.732381552457809448e-02 1.148164458572864532e-02 5.466288328170776367e-02 9.229070506989955902e-03 3.653854504227638245e-02 1.002428587526082993e-02 3.699265420436859131e-02 1.998708024621009827e-02 5.883838515728712082e-03 8.826989680528640747e-03 1.321253739297389984e-02 4.925393313169479370e-02 5.438509956002235413e-02 8.087003976106643677e-02 2.843986824154853821e-02 2.864798903465270996e-02
4.383991006761789322e-03 4.251714795827865601e-03 1.251841546036303043e-03 1.234548240900039673e-01 2.207200527191162109e-01 1.674683578312397003e-02 3.790650516748428345e-02 4.480788856744766235e-02 1.206144783645868301e-02 1.613849587738513947e-02 9.534260258078575134e-03 1.978813856840133667e-02 6.219424307346343994e-03 3.380332142114639282e-02 2.029291540384292603e-02 2.596929902210831642e-03 9.991321712732315063e-03 2.456657961010932922e-02 9.361281991004943848e-03 6.025270558893680573e-03 2.076641470193862915e-02 1.663207262754440308e-02 1.022046525031328201e-02 2.704452723264694214e-02 7.950934581458568573e-03 3.448609262704849243e-02 3.862468898296356201e-02 9.454361163079738617e-03 3.669081255793571472e-03 9.955941932275891304e-04 2.776797115802764893e-02 1.241019181907176971e-02 3.328692540526390076e-02 2.373949624598026276e-02 4.710284061729907990e-03 7.461867760866880417e-03 8.739867247641086578e-03 7.014953345060348511e-02 1.014381945133209229e-01 1.054017841815948486e-01 9.812469780445098877e-02 9.364722296595573425e-03 2.544553577899932861e-02 1.338967029005289078e-02 7.833301275968551636e-02 2.050891332328319550e-02 2.195700816810131073e-02 2.373138256371021271e-02 2.236660756170749664e-02 1.020533218979835510e-02 4.861137270927429199e-02 5.250222980976104736e-02 5.769959092140197754e-02 1.847390085458755493e-02 2.066279388964176178e-02 2.194607257843017578e-02 2.213822118937969208e-02 1.966820098459720612e-02 5.283559113740921021e-02 5.368757992982864380e-02 1.176797151565551758e-01 5.247017368674278259e-02 7.718869298696517944e-02 1.215677335858345032e-02 4.027856141328811646e-02 4.763001203536987305e-02 1.641125418245792389e-02 4.172687884420156479e-03 3.236301988363265991e-02 1.895285211503505707e-02 2.752109058201313019e-02 3.988900221884250641e-03 1.527885347604751587e-01 5.709762685000896454e-03 5.477719381451606750e-02 6.680147349834442139e-02 4.605897888541221619e-02 3.572719171643257141e-02 3.586367517709732056e-02 5.089701339602470398e-02 4.257545247673988342e-02 2.352146431803703308e-02 5.413278564810752869e-02 1.602250337600708008e-02 3.015033900737762451e-03 1.457862183451652527e-02 2.489985339343547821e-02 6.341831292957067490e-03 5.522815138101577759e-02 8.127505891025066376e-03 4.738147184252738953e-02 4.541220609098672867e-03 4.478112328797578812e-03 2.223792113363742828e-02 2.722206152975559235e-02 4.655398894101381302e-03 3.924296796321868896e-02 1.674913056194782257e-02 1.137342303991317749e-02 3.023073449730873108e-02 3.140252828598022461e-02 1.482080947607755661e-02 1.567284204065799713e-02 4.721764847636222839e-02 2.513312362134456635e-02 3.562590479850769043e-02 2.512785233557224274e-02 1.425016298890113831e-02 9.388939361087977886e-04 6.200887262821197510e-02 5.262564867734909058e-02 2.983067184686660767e-02 1.230116561055183411e-02 3.216753900051116943e-02 4.142919555306434631e-02 6.164218648336827755e-04
1.138738635927438736e-02 6.702342536300420761e-03 9.538564831018447876e-03 2.207200527191162109e-01 1.450065374374389648e-01 2.689248183742165565e-03 3.597851097583770752e-02 3.374392539262771606e-02 4.555808380246162415e-02 3.776407986879348755e-02 1.399807818233966827e-02 3.160322830080986023e-02 1.354430452920496464e-03 7.462181150913238525e-03 1.113105006515979767e-02 1.097614504396915436e-02 8.770345710217952728e-03 4.798191785812377930e-02 4.344748333096504211e-02 1.086766482330858707e-03 2.993875369429588318e-02 3.802291676402091980e-02 4.135543853044509888e-02 3.293314250186085701e-03 4.206914082169532776e-02 1.424639113247394562e-02 1.495643425732851028e-02 2.447860501706600189e-02 1.383172464556992054e-03 1.020221132785081863e-02 5.775944516062736511e-02 1.807308569550514221e-02 1.746524497866630554e-02 2.492218464612960815e-02 1.924411579966545105e-02 5.645302310585975647e-02 2.299562841653823853e-02 4.480474069714546204e-02 1.140024214982986450e-01 1.129769384860992432e-01 3.136768937110900879e-03 1.219369377940893173e-02 7.909420877695083618e-03 3.791840374469757080e-02 8.574835956096649170e-02 6.890848278999328613e-02 3.884668275713920593e-02 9.080710820853710175e-03 3.606301918625831604e-02 2.062594145536422729e-02 3.574340045452117920e-02 2.930411137640476227e-02 5.389267578721046448e-02 2.771616354584693909e-02 1.700411364436149597e-02 3.458410035818815231e-03 8.280129171907901764e-03 1.947462372481822968e-02 1.841992721892893314e-03 8.278608322143554688e-03 4.605433717370033264e-02 7.081541419029235840e-02 4.201204329729080200e-02 4.213697463274002075e-02 2.992777898907661438e-02 1.216120290337130427e-04 3.836277127265930176e-02 1.066712848842144012e-02 5.384343210607767105e-03 1.580028980970382690e-02 1.784365065395832062e-02 4.384387284517288208e-02 7.822200655937194824e-02 2.061338722705841064e-02 7.081859558820724487e-02 2.449209429323673248e-02 2.939606085419654846e-02 3.532893583178520203e-02 1.297082868404686451e-03 1.351205538958311081e-02 1.989512890577316284e-02 1.731351949274539948e-02 9.106773138046264648e-02 5.764670670032501221e-02 9.914569556713104248e-03 3.323231264948844910e-02 4.862769972532987595e-03 1.831068098545074463e-02 2.342913113534450531e-02 6.376234441995620728e-02 7.344728708267211914e-02 1.807993103284388781e-04 2.473031915724277496e-02 2.069271169602870941e-02 2.019539475440979004e-02 3.389731422066688538e-02 5.301205813884735107e-02 3.005223721265792847e-02 1.331698428839445114e-02 1.912121847271919250e-02 2.366396831348538399e-03 3.462523967027664185e-02 5.635131150484085083e-02 4.591558128595352173e-02 1.043270714581012726e-02 5.143380910158157349e-02 3.532988950610160828e-02 5.985334888100624084e-02 3.998136520385742188e-02 5.232662707567214966e-02 1.019544005393981934e-01 4.575586691498756409e-02 4.089929163455963135e-02 1.028130203485488892e-02 5.697533953934907913e-03 3.282231977209448814e-03
1.305218487977981567e-01 8.931345492601394653e-02 1.526019070297479630e-02 1.674683578312397003e-02 2.689248183742165565e-03 1.425901949405670166e-01 1.181654259562492371e-01 9.438004344701766968e-03 5.461390689015388489e-02 3.040596097707748413e-02 7.324068248271942139e-02 9.391240030527114868e-02 5.426853895187377930e-02 8.633509278297424316e-02 4.201810061931610107e-02 1.709686033427715302e-02 1.432301755994558334e-02 1.895382814109325409e-02 1.167662255465984344e-02 2.302943542599678040e-02 1.655718497931957245e-02 1.466391887515783310e-02 4.508823156356811523e-02 4.176718369126319885e-02 2.435458824038505554e-02 2.653109142556786537e-03 1.452578417956829071e-02 2.373430132865905762e-02 1.267016492784023285e-02 2.633879892528057098e-02 2.193780988454818726e-02 4.067869484424591064e-02 2.954542264342308044e-02 3.362305462360382080e-02 9.901481680572032928e-04 4.187053814530372620e-02 1.604749076068401337e-02 1.215920504182577133e-02 1.147739123553037643e-02 1.246921159327030182e-02 7.427610922604799271e-03 1.598757877945899963e-02 3.893113881349563599e-02 2.376293577253818512e-02 5.184077098965644836e-02 2.704196237027645111e-02 8.821053057909011841e-02 3.656938672065734863e-02 8.096460253000259399e-02 2.362104505300521851e-02 3.717050421983003616e-03 8.305759169161319733e-03 4.305850341916084290e-02 8.522623102180659771e-04 1.608284749090671539e-02 4.405470192432403564e-02 1.540438644587993622e-02 4.669486079365015030e-03 2.944638393819332123e-02 2.394556999206542969e-03 3.044438175857067108e-02 5.146466195583343506e-03 3.517360985279083252e-02 2.285075001418590546e-02 2.801856584846973419e-02 3.976098727434873581e-03 5.532106012105941772e-02 2.230362221598625183e-02 9.730531834065914154e-03 3.144534677267074585e-02 1.217309758067131042e-02 5.908265709877014160e-03 9.506870410405099392e-04 4.770260304212570190e-03 9.412220679223537445e-03 1.139500457793474197e-02 3.401241824030876160e-02 5.213495716452598572e-02 3.786728158593177795e-02 3.306142240762710571e-02 2.119533019140362740e-03 9.613402187824249268e-03 2.366532571613788605e-02 4.714109748601913452e-02 2.330200560390949249e-02 3.995925188064575195e-02 3.305317088961601257e-02 1.089438516646623611e-02 1.551918592303991318e-02 1.636291854083538055e-02 1.746873371303081512e-02 2.281952649354934692e-02 1.337823737412691116e-02 3.892062976956367493e-02 5.597548559308052063e-02 2.775634638965129852e-03 2.222174033522605896e-02 1.337064243853092194e-02 3.069576341658830643e-03 2.728689648211002350e-02 4.752787575125694275e-02 5.993258953094482422e-02 6.395366042852401733e-02 5.531922727823257446e-02 4.684774030465632677e-04 3.526926785707473755e-02 1.639838679693639278e-03 5.238370597362518311e-02 9.215022437274456024e-03 3.190298448316752911e-04 2.919493988156318665e-02 4.566705971956253052e-02 3.188118711113929749e-02 4.171101376414299011e-02 3.066676482558250427e-02 3.410814702510833740e-02
1.174859330058097839e-01 1.806992441415786743e-01 2.144434861838817596e-02 3.790650516748428345e-02 3.597851097583770752e-02 1.181654259562492371e-01 1.593084484338760376e-01 2.838715165853500366e-02 2.490684203803539276e-02 4.078773036599159241e-02 7.104508578777313232e-02 3.257432952523231506e-02 9.599235653877258301e-02 6.143856048583984375e-02 3.872244432568550110e-02 1.238557323813438416e-02 2.351350709795951843e-02 3.671226277947425842e-02 2.151169255375862122e-02 2.808765694499015808e-02 1.075125019997358322e-02 1.317120157182216644e-02 4.777782782912254333e-02 1.525805611163377762e-02 2.068003080785274506e-02 5.282371304929256439e-03 3.060750477015972137e-02 4.303654283285140991e-02 3.714590519666671753e-02 1.557874586433172226e-02 2.960668504238128662e-02 2.168904989957809448e-02 1.933240331709384918e-02 3.157252073287963867e-02 2.333335019648075104e-02 1.055881194770336151e-02 3.762638941407203674e-02 4.336670041084289551e-03 3.895387053489685059e-04 2.908159606158733368e-02 3.238749690353870392e-03 2.371077798306941986e-02 2.523393929004669189e-02 4.277013242244720459e-02 1.179929077625274658e-02 3.220484033226966858e-02 1.052592545747756958e-01 1.309356391429901123e-01 3.326225094497203827e-03 1.116884965449571609e-02 4.822446033358573914e-02 3.072128817439079285e-02 2.368903346359729767e-02 1.347972452640533447e-02 1.860425435006618500e-02 3.803611919283866882e-02 8.718385361135005951e-03 1.324829086661338806e-02 1.769364438951015472e-02 1.209528744220733643e-02 1.287515368312597275e-02 5.441906978376209736e-04 2.235998027026653290e-02 1.196346152573823929e-02 2.152922376990318298e-02 3.581676864996552467e-03 1.812470890581607819e-02 1.206882297992706299e-02 5.492700729519128799e-03 1.435605715960264206e-02 5.786865949630737305e-03 2.464000321924686432e-02 3.461339743807911873e-03 2.728760009631514549e-03 1.266887877136468887e-02 5.768793635070323944e-03 4.916205536574125290e-03 3.936243057250976562e-02 1.401749067008495331e-02 7.026227563619613647e-02 2.341953292489051819e-02 2.774298936128616333e-02 2.078572986647486687e-03 5.256035923957824707e-02 3.101362660527229309e-02 7.998269051313400269e-02 2.873629890382289886e-02 1.428147032856941223e-02 3.864093869924545288e-02 2.741193026304244995e-02 5.071816965937614441e-02 8.396347053349018097e-03 5.005424097180366516e-02 3.801399096846580505e-02 5.126827582716941833e-02 3.427629172801971436e-02 1.804431714117527008e-02 1.968134753406047821e-02 2.806893363595008850e-02 3.000321425497531891e-02 3.187882900238037109e-02 4.371803253889083862e-02 5.149702355265617371e-02 9.296198934316635132e-02 1.818844676017761230e-02 1.941724307835102081e-02 1.709876209497451782e-02 3.464926779270172119e-02 3.124221786856651306e-02 2.062334492802619934e-02 8.602098561823368073e-03 8.373351395130157471e-02 4.988055303692817688e-02 1.882711425423622131e-02 8.501528063789010048e-04 2.287400513887405396e-02
2.776884287595748901e-02 1.259576529264450073e-02 1.924699246883392334e-01 4.480788856744766235e-02 3.374392539262771606e-02 9.438004344701766968e-03 2.838715165853500366e-02 1.206736937165260315e-01 1.850271970033645630e-02 5.612718407064676285e-03 5.304513126611709595e-02 2.334153652191162109e-02 6.941042840480804443e-02 1.479181461036205292e-02 1.122762486338615417e-01 3.573657944798469543e-03 2.460641786456108093e-02 3.176505910232663155e-03 9.543188847601413727e-03 4.634358454495668411e-03 1.366724725812673569e-02 3.675688803195953369e-02 2.312458492815494537e-02 4.009608644992113113e-03 1.924087293446063995e-02 3.562149405479431152e-02 6.068228557705879211e-02 2.684202045202255249e-02 5.056950263679027557e-03 2.781537733972072601e-02 7.109760493040084839e-02 1.943907700479030609e-02 1.696874853223562241e-03 8.072351105511188507e-03 6.151986122131347656e-02 1.178832631558179855e-02 7.232266664505004883e-02 6.476275622844696045e-02 3.804996237158775330e-02 7.826990447938442230e-03 2.389924041926860809e-02 6.803266704082489014e-02 1.525060832500457764e-02 6.734017282724380493e-02 2.170855924487113953e-02 1.664136350154876709e-01 4.894447047263383865e-03 9.984783828258514404e-03 6.357136368751525879e-02 1.972463913261890411e-02 9.304567240178585052e-03 9.706649929285049438e-03 6.321814842522144318e-03 8.109378069639205933e-02 6.796360015869140625e-02 3.520737960934638977e-02 3.000875189900398254e-02 4.213612060993909836e-03 2.469019033014774323e-02 4.708639159798622131e-02 1.024988363496959209e-03 2.235904149711132050e-02 6.745199114084243774e-02 4.521368443965911865e-02 3.086686506867408752e-02 5.634365975856781006e-02 6.031356751918792725e-02 1.836265996098518372e-02 1.303853001445531845e-02 4.676415701396763325e-04 3.092427365481853485e-02 3.501811996102333069e-02 2.835883572697639465e-02 2.521646954119205475e-02 3.424937278032302856e-02 3.865164471790194511e-03 3.509651124477386475e-02 4.744175821542739868e-02 5.399268865585327148e-02 1.141189262270927429e-01 1.234492436051368713e-01 1.382522881031036377e-01 1.253605075180530548e-02 5.131417419761419296e-03 2.180359512567520142e-02 2.964673563838005066e-02 5.023016780614852905e-02 5.334798246622085571e-02 2.805037051439285278e-02 5.611945409327745438e-03 2.059941552579402924e-02 8.762013749219477177e-04 1.688102446496486664e-02 2.261000499129295349e-02 1.344569027423858643e-01 6.995243579149246216e-02 9.194625541567802429e-03 1.395514141768217087e-02 1.184167712926864624e-02 2.138700569048523903e-03 4.031088203191757202e-02 4.822519049048423767e-02 1.461165491491556168e-02 1.376966480165719986e-02 8.066167123615741730e-03 5.117828026413917542e-02 1.160301361232995987e-02 1.066321283578872681e-01 4.000991210341453552e-02 6.118059158325195312e-02 2.660301886498928070e-02 4.892595857381820679e-02 4.586783424019813538e-02 1.342640351504087448e-02 7.952345907688140869e-02 6.807929277420043945e-02
4.159581381827592850e-03 1.327803451567888260e-02 4.425549879670143127e-02 1.206144783645868301e-02 4.555808380246162415e-02 5.461390689015388489e-02 2.490684203803539276e-02 1.850271970033645630e-02 1.949157863855361938e-01 1.190717071294784546e-01 1.602498814463615417e-03 5.030616372823715210e-02 2.189649082720279694e-02 4.099448397755622864e-02 1.325306948274374008e-02 6.919364631175994873e-02 7.649851590394973755e-02 1.025274246931076050e-01 6.586623378098011017e-03 6.360225379467010498e-02 4.356925841420888901e-03 1.989722624421119690e-02 8.637294173240661621e-02 7.032504677772521973e-02 6.678400933742523193e-02 1.099517941474914551e-02 1.666571572422981262e-02 5.282453726977109909e-03 2.005252288654446602e-03 4.838892072439193726e-02 2.247470431029796600e-02 1.903529837727546692e-02 4.147842526435852051e-02 1.717212423682212830e-02 1.696090027689933777e-02 2.510566730052232742e-03 3.841623431071639061e-03 1.003460306674242020e-02 6.153917685151100159e-02 6.623225659132003784e-02 1.885121688246726990e-02 1.776688918471336365e-02 1.834552921354770660e-02 4.338968545198440552e-03 1.259125210344791412e-02 1.374321896582841873e-02 4.012711718678474426e-02 1.337244920432567596e-02 3.792906925082206726e-02 3.064950183033943176e-02 2.657892927527427673e-02 3.558464348316192627e-02 1.361819077283143997e-02 7.624275167472660542e-04 1.140441596508026123e-01 4.603898152709007263e-02 2.308095060288906097e-02 1.625541225075721741e-02 7.142978906631469727e-02 2.105793170630931854e-02 3.850574418902397156e-02 6.239239498972892761e-02 2.629761211574077606e-02 3.045039810240268707e-02 3.522081300616264343e-02 3.367597237229347229e-02 6.090633198618888855e-02 1.056902762502431870e-02 1.130412220954895020e-01 1.998598128557205200e-02 6.039656698703765869e-02 1.638374850153923035e-02 7.545010745525360107e-02 3.211383940652012825e-03 3.542599454522132874e-02 2.831759490072727203e-02 1.477660238742828369e-01 1.111416593194007874e-01 1.340693086385726929e-01 8.964998275041580200e-02 1.633495651185512543e-02 1.950538903474807739e-02 1.408153912052512169e-03 1.362781506031751633e-02 9.544590488076210022e-03 2.981809899210929871e-02 8.949832059442996979e-03 4.044856876134872437e-02 2.881255932152271271e-02 1.401872932910919189e-02 3.417078778147697449e-02 1.317931246012449265e-02 4.452316556125879288e-03 2.542315237224102020e-02 1.468333229422569275e-02 4.893547669053077698e-02 8.099867962300777435e-03 2.128238976001739502e-02 4.004500433802604675e-02 5.226820707321166992e-02 1.460053306072950363e-02 1.577588543295860291e-02 2.661662548780441284e-02 3.438123269006609917e-03 2.478103898465633392e-02 4.563543945550918579e-03 2.633431367576122284e-02 1.566889323294162750e-02 2.882120758295059204e-02 4.100768268108367920e-02 1.221076701767742634e-03 7.985059171915054321e-02 9.393019229173660278e-02 3.974432498216629028e-02 2.903584949672222137e-02 5.150015465915203094e-03
1.524268649518489838e-02 1.280454732477664948e-02 5.777912214398384094e-02 1.613849587738513947e-02 3.776407986879348755e-02 3.040596097707748413e-02 4.078773036599159241e-02 5.612718407064676285e-03 1.190717071294784546e-01 1.888870298862457275e-01 5.765086039900779724e-03 2.959074266254901886e-02 2.140625752508640289e-02 2.162415906786918640e-02 2.093183435499668121e-02 4.355039820075035095e-02 7.680777460336685181e-02 1.620837114751338959e-02 5.080758780241012573e-02 2.929638512432575226e-02 2.350917644798755646e-02 6.270053237676620483e-02 5.818984657526016235e-02 6.449419260025024414e-02 2.155867032706737518e-02 1.154781971126794815e-02 2.467357181012630463e-02 5.358183011412620544e-02 2.293765172362327576e-02 5.865438655018806458e-02 1.292828656733036041e-02 1.973696239292621613e-02 1.571313664317131042e-02 3.035489097237586975e-02 3.415880724787712097e-02 6.057938560843467712e-02 3.679360449314117432e-02 3.612149506807327271e-03 6.126382201910018921e-02 1.804621890187263489e-02 5.971817765384912491e-03 3.893308341503143311e-02 3.768532723188400269e-02 2.754140459001064301e-02 6.655727326869964600e-02 2.012428268790245056e-02 2.836264669895172119e-02 3.183821961283683777e-02 3.391092643141746521e-02 1.178312003612518311e-01 1.822419278323650360e-02 2.240027068182826042e-03 1.439319550991058350e-02 4.788333550095558167e-02 4.985052719712257385e-02 1.459941715002059937e-01 4.700371995568275452e-02 8.710630238056182861e-02 2.770704962313175201e-02 1.272259838879108429e-02 1.430143136531114578e-02 8.719484321773052216e-03 3.752988995984196663e-03 4.039290174841880798e-02 4.130773246288299561e-02 2.434190921485424042e-02 5.594908446073532104e-02 7.169307023286819458e-02 6.528884917497634888e-02 6.921206600964069366e-03 6.347830593585968018e-02 4.202716425061225891e-02 3.007060475647449493e-02 1.116210129112005234e-02 1.293519791215658188e-02 8.938156999647617340e-03 3.405297175049781799e-02 1.390531659126281738e-01 5.375136435031890869e-02 1.064873486757278442e-01 3.206892311573028564e-02 1.219153683632612228e-02 3.068650886416435242e-02 4.771036282181739807e-02 4.298708587884902954e-02 8.433946222066879272e-02 2.773754484951496124e-02 5.441091023385524750e-03 2.741748094558715820e-02 2.099501155316829681e-02 2.165497094392776489e-02 2.080408483743667603e-02 4.152773413807153702e-03 5.524148698896169662e-03 1.898667775094509125e-02 5.837862938642501831e-02 9.477408602833747864e-03 1.809736597351729870e-03 2.044774591922760010e-02 4.482052847743034363e-02 2.960330620408058167e-02 7.052192930132150650e-03 1.315340399742126465e-02 5.497667565941810608e-02 2.767273457720875740e-03 3.028794378042221069e-02 1.083606332540512085e-01 3.588790819048881531e-02 2.693172357976436615e-02 6.789579987525939941e-02 2.517576795071363449e-04 1.102771908044815063e-01 4.076591506600379944e-02 5.458776280283927917e-02 8.312118798494338989e-02 3.266211226582527161e-02
1.116696670651435852e-01 8.179374039173126221e-02 4.543394595384597778e-02 9.534260258078575134e-03 1.399807818233966827e-02 7.324068248271942139e-02 7.104508578777313232e-02 5.304513126611709595e-02 1.602498814463615417e-03 5.765086039900779724e-03 1.338634341955184937e-01 6.949212867766618729e-03 8.834562450647354126e-02 1.535187195986509323e-02 1.731284428387880325e-03 1.562852039933204651e-02 2.183789853006601334e-03 8.904940448701381683e-03 1.623705215752124786e-02 2.017562463879585266e-02 2.328685671091079712e-02 1.941850967705249786e-02 1.828596182167530060e-02 2.420755103230476379e-02 1.782873272895812988e-02 4.098287224769592285e-02 2.388890832662582397e-02 1.299013569951057434e-02 5.998385697603225708e-02 3.911644592881202698e-02 7.879661023616790771e-02 2.416878566145896912e-02 9.162757545709609985e-03 6.446679122745990753e-03 4.037195816636085510e-02 1.938243396580219269e-02 8.661814965307712555e-03 6.391724944114685059e-02 1.424904260784387589e-02 4.001297056674957275e-03 5.873337853699922562e-03 2.612359076738357544e-02 1.389208901673555374e-02 5.342112481594085693e-02 5.729162320494651794e-02 3.130206465721130371e-02 7.488858699798583984e-02 8.448554575443267822e-02 1.724120788276195526e-02 6.543815834447741508e-04 2.347784489393234253e-02 1.765576936304569244e-02 1.306548062711954117e-02 5.087270587682723999e-02 1.066188793629407883e-03 1.749639771878719330e-02 1.960526453331112862e-03 2.422806993126869202e-02 6.623589247465133667e-02 1.521021965891122818e-02 2.081380039453506470e-02 6.367276888340711594e-03 5.296865128912031651e-04 3.231419995427131653e-02 9.202136844396591187e-02 4.305320978164672852e-02 4.345569387078285217e-02 7.914151065051555634e-03 2.772024273872375488e-02 3.000754630193114281e-03 2.038489282131195068e-02 3.304788842797279358e-02 7.217905484139919281e-03 7.705756928771734238e-03 1.416181446984410286e-03 4.566603899002075195e-02 7.771385367959737778e-03 3.538877936080098152e-03 3.675672458484768867e-03 1.917365007102489471e-02 1.745180971920490265e-02 2.438895590603351593e-02 4.492266103625297546e-03 2.838278561830520630e-02 1.266341097652912140e-02 1.620240323245525360e-02 2.646891400218009949e-02 1.089745666831731796e-02 1.780713722109794617e-02 2.225803397595882416e-02 5.310852080583572388e-02 5.710551142692565918e-02 6.664910912513732910e-02 4.888880252838134766e-02 3.129936382174491882e-02 4.234135150909423828e-02 2.731067687273025513e-02 2.336784638464450836e-02 3.555031493306159973e-03 3.630323708057403564e-02 3.097257018089294434e-02 1.824558526277542114e-02 8.446457795798778534e-03 5.533368140459060669e-02 3.685277327895164490e-02 3.724575787782669067e-02 3.741929680109024048e-02 1.705997996032238007e-02 1.386482827365398407e-02 7.690968457609415054e-03 1.118395850062370300e-02 4.825948178768157959e-02 5.505446344614028931e-02 1.268134266138076782e-02 4.364143684506416321e-02 2.323924563825130463e-02
1.075989846140146255e-02 2.216863632202148438e-02 1.061854232102632523e-02 1.978813856840133667e-02 3.160322830080986023e-02 9.391240030527114868e-02 3.257432952523231506e-02 2.334153652191162109e-02 5.030616372823715210e-02 2.959074266254901886e-02 6.949212867766618729e-03 1.680940091609954834e-01 4.796745255589485168e-02 1.947713494300842285e-01 3.558013588190078735e-02 2.176027558743953705e-02 9.711559978313744068e-04 3.869669744744896889e-03 3.852263092994689941e-03 3.654285892844200134e-02 2.198313921689987183e-02 1.945396140217781067e-02 8.029456436634063721e-02 3.957057371735572815e-02 2.895002998411655426e-02 4.703897610306739807e-02 4.504067823290824890e-02 1.769014447927474976e-01 1.753988489508628845e-02 1.216081380844116211e-01 1.514740940183401108e-02 3.513022139668464661e-02 3.117978200316429138e-02 6.695960648357868195e-03 4.380387812852859497e-02 4.988372325897216797e-02 1.597901922650635242e-03 6.280948407948017120e-03 2.888053096830844879e-02 3.395280987024307251e-02 3.057067655026912689e-02 1.808466948568820953e-02 2.450485900044441223e-02 6.999871111474931240e-04 3.428081050515174866e-02 3.206234052777290344e-02 1.391679979860782623e-03 4.185843467712402344e-02 3.975490853190422058e-02 1.005189307034015656e-02 1.132776811718940735e-01 1.136462613940238953e-01 1.144464034587144852e-02 5.369474366307258606e-02 3.880028426647186279e-02 4.875444620847702026e-02 4.171135649085044861e-02 1.126973982900381088e-02 1.155279111117124557e-02 2.535974793136119843e-02 5.637271329760551453e-02 5.209736526012420654e-03 1.465876586735248566e-02 3.959112241864204407e-02 8.202783064916729927e-04 4.296875372529029846e-02 4.791800305247306824e-02 1.038765627890825272e-02 2.126686647534370422e-02 3.117924556136131287e-02 1.635777391493320465e-02 8.325464092195034027e-03 2.421749942004680634e-02 1.834921352565288544e-02 4.243795201182365417e-02 3.701358567923307419e-03 5.447673052549362183e-02 3.235038369894027710e-02 4.416352510452270508e-02 4.009700194001197815e-02 4.394185380078852177e-04 1.098570879548788071e-02 1.712959073483943939e-02 2.826903574168682098e-02 4.911623895168304443e-02 1.449725590646266937e-02 1.441410277038812637e-02 3.381605446338653564e-02 1.641028076410293579e-01 1.264942735433578491e-01 1.161707192659378052e-02 1.602665148675441742e-02 4.533470608294010162e-03 3.078826330602169037e-02 1.119415741413831711e-02 2.127426490187644958e-02 2.588901855051517487e-02 6.053129583597183228e-02 8.727527409791946411e-02 3.568468242883682251e-02 2.674673497676849365e-02 3.348743543028831482e-02 3.646634146571159363e-02 1.178454142063856125e-02 1.668800413608551025e-02 4.406627267599105835e-02 3.157267346978187561e-02 4.896114021539688110e-02 3.409769013524055481e-02 2.476251311600208282e-02 5.228954926133155823e-02 1.136805862188339233e-02 2.193394815549254417e-03 4.042178019881248474e-02 3.848274052143096924e-02 5.434468016028404236e-02
8.945537358522415161e-02 1.244620308279991150e-01 7.292175199836492538e-03 6.219424307346343994e-03 1.354430452920496464e-03 5.426853895187377930e-02 9.599235653877258301e-02 6.941042840480804443e-02 2.189649082720279694e-02 2.140625752508640289e-02 8.834562450647354126e-02 4.796745255589485168e-02 1.664751023054122925e-01 1.480297744274139404e-02 6.220840290188789368e-02 4.842190537601709366e-03 6.808710750192403793e-03 3.059864602982997894e-02 2.435561036691069603e-03 6.715898402035236359e-03 2.266746759414672852e-02 4.521922394633293152e-02 3.338114917278289795e-02 4.124644678086042404e-03 1.500235870480537415e-03 2.492655254900455475e-02 5.834142863750457764e-02 2.364741824567317963e-02 3.124163299798965454e-02 7.856172509491443634e-03 5.049957334995269775e-02 2.090720273554325104e-02 1.178369298577308655e-02 1.047464739531278610e-02 1.542254351079463959e-02 1.414027437567710876e-02 2.184799499809741974e-02 5.005427449941635132e-02 4.697354044765233994e-03 3.347541391849517822e-02 3.196475654840469360e-02 2.101770602166652679e-02 2.128115296363830566e-02 4.344388097524642944e-02 3.536115586757659912e-02 1.126069575548171997e-02 5.765869095921516418e-02 7.133369892835617065e-02 3.306739032268524170e-02 7.866870611906051636e-03 1.046291738748550415e-02 4.188322927802801132e-03 5.593793839216232300e-02 6.076293811202049255e-02 6.387251429259777069e-03 1.829408667981624603e-02 1.322876545600593090e-03 3.030955046415328979e-02 5.231122300028800964e-02 1.403964590281248093e-02 1.716069690883159637e-02 3.310136124491691589e-02 3.099399246275424957e-02 1.164075639098882675e-02 5.477799847722053528e-02 7.906835526227951050e-02 3.656719624996185303e-02 1.757786236703395844e-02 1.783907227218151093e-02 3.725992515683174133e-02 1.723627001047134399e-02 6.526928860694169998e-03 1.967993751168251038e-02 1.784380897879600525e-02 1.713026314973831177e-02 3.973462432622909546e-02 3.395846486091613770e-02 5.591929890215396881e-03 3.459864854812622070e-02 7.387103140354156494e-02 3.876454010605812073e-02 5.579834431409835815e-02 2.145198918879032135e-02 4.985553212463855743e-03 2.189191244542598724e-02 2.206060104072093964e-02 3.791482001543045044e-02 5.196248367428779602e-02 1.153821498155593872e-02 4.195215925574302673e-02 3.672239929437637329e-02 4.340475052595138550e-02 5.014796555042266846e-02 6.628371775150299072e-02 9.176941588521003723e-03 3.179475665092468262e-02 8.120783604681491852e-03 3.729723859578371048e-03 2.421222999691963196e-02 3.602403029799461365e-02 2.607091143727302551e-02 3.743508085608482361e-02 2.431640401482582092e-02 4.659867659211158752e-02 2.721301093697547913e-02 5.479944869875907898e-02 5.025231838226318359e-02 1.703452877700328827e-02 2.067059837281703949e-02 4.330689087510108948e-02 3.453607112169265747e-02 7.985952496528625488e-02 4.552353173494338989e-02 7.921399082988500595e-04 5.052411928772926331e-02 1.878418959677219391e-02
