7.604288309812545776e-02 8.690163493156433105e-02 4.685281217098236084e-02 1.973498798906803131e-02 2.876100828871130943e-03 1.045334711670875549e-01 3.865747898817062378e-02 1.914375275373458862e-02 1.869574934244155884e-02 1.543094124644994736e-02 1.110803112387657166e-01 2.334154583513736725e-02 7.476301491260528564e-02 3.510959912091493607e-03 8.972196839749813080e-03 1.104703731834888458e-02 9.236804209649562836e-03 2.690675854682922363e-02 3.005162440240383148e-02 1.861030980944633484e-02 3.127650171518325806e-02 1.561430376023054123e-02 1.278340630233287811e-02 4.914696514606475830e-02 1.677073165774345398e-02 4.251305013895034790e-03 1.153154019266366959e-02 9.822044521570205688e-03 1.672780141234397888e-02 3.406408429145812988e-02 2.898534201085567474e-02 1.552938297390937805e-02 6.075995042920112610e-02 2.076821774244308472e-02 1.681742630898952484e-02 4.441263526678085327e-02 4.038742184638977051e-02 1.222766877617686987e-04 2.010868862271308899e-02 2.351627871394157410e-02 4.706471692770719528e-03 1.976079540327191353e-03 2.025107480585575104e-02 3.944196738302707672e-03 5.035655200481414795e-02 1.766010187566280365e-02 1.156277805566787720e-01 2.354091219604015350e-02 1.650050841271877289e-02 2.351888641715049744e-02 2.318764291703701019e-02 1.588614098727703094e-02 1.723373495042324066e-02 8.850350044667720795e-03 9.827215224504470825e-03 2.673969045281410217e-02 2.806932106614112854e-02 4.934714734554290771e-02 6.682016886770725250e-03 1.195898000150918961e-02 1.171018742024898529e-02 2.211209153756499290e-03 2.997359633445739746e-02 1.506572123616933823e-02 3.159455955028533936e-02 4.607459530234336853e-02 2.477715956047177315e-03 6.699445191770792007e-03 2.902425359934568405e-03 2.396351285278797150e-02 9.034300222992897034e-03 5.226166918873786926e-02 2.936462173238396645e-03 3.907414525747299194e-02 1.252345368266105652e-02 3.510108217597007751e-02 5.388844013214111328e-02 2.826986834406852722e-02 1.122328452765941620e-02 3.860447031911462545e-05 2.723411843180656433e-02 2.693434990942478180e-02 3.961359336972236633e-02 1.578828878700733185e-02 2.021280233748257160e-04 2.798734698444604874e-03 2.831352874636650085e-02 1.671452075242996216e-02 4.013670235872268677e-02 1.981189660727977753e-02 1.220650523900985718e-01 2.854449860751628876e-02 6.414354778826236725e-03 8.114183694124221802e-02 1.255531609058380127e-02 5.688350647687911987e-02 4.380620270967483521e-02 2.755948156118392944e-02 2.426621876657009125e-02 1.785924541763961315e-03 2.003276534378528595e-02 7.955772452987730503e-04 3.058635629713535309e-02 2.358128502964973450e-02 3.123085945844650269e-02 8.612811565399169922e-03 5.357481166720390320e-02 1.498277764767408371e-02 1.542479358613491058e-02 2.405138872563838959e-02 1.386224757879972458e-04 5.884993821382522583e-03 1.323161460459232330e-02 1.035281084477901459e-02 1.652207784354686737e-02 1.029376685619354248e-02
8.690163493156433105e-02 5.615935847163200378e-02 1.048303209245204926e-02 1.832960546016693115e-02 5.864936113357543945e-02 8.498921990394592285e-02 1.075039058923721313e-01 3.965037688612937927e-02 5.801596678793430328e-03 3.927431628108024597e-02 2.710351720452308655e-02 5.973376706242561340e-02 1.202587187290191650e-01 1.546270772814750671e-02 3.420754149556159973e-02 1.174371922388672829e-03 1.857884228229522705e-02 2.301492169499397278e-02 3.523141518235206604e-02 1.794137619435787201e-02 1.116844266653060913e-02 8.597820415161550045e-04 1.486047357320785522e-02 3.475664928555488586e-02 6.622645538300275803e-03 1.015780121088027954e-02 2.050008065998554230e-02 3.052918426692485809e-02 5.476287752389907837e-02 1.562469173222780228e-02 6.509884446859359741e-02 3.637666627764701843e-02 2.486769855022430420e-02 3.914766013622283936e-02 2.234487235546112061e-02 2.486176602542400360e-02 3.302524983882904053e-02 2.255715802311897278e-02 2.219355478882789612e-02 1.974855363368988037e-02 7.640622556209564209e-03 2.822822658345103264e-03 1.406211778521537781e-02 1.287924684584140778e-02 4.430085793137550354e-02 6.220510974526405334e-02 4.383694007992744446e-02 6.412135809659957886e-02 1.959115453064441681e-02 4.469946026802062988e-03 4.414819553494453430e-02 3.264399990439414978e-02 6.612757593393325806e-02 5.974171799607574940e-04 2.063344232738018036e-03 4.571326822042465210e-02 5.493399128317832947e-02 5.416447296738624573e-02 7.381097530014812946e-04 3.403908386826515198e-02 4.825358744710683823e-03 5.552098900079727173e-02 2.334265410900115967e-02 6.060840096324682236e-03 3.190792351961135864e-02 3.563683852553367615e-02 4.564058966934680939e-03 4.217109177261590958e-03 2.277151215821504593e-03 5.549796670675277710e-02 1.339410152286291122e-02 5.998071283102035522e-02 2.428016997873783112e-02 8.983762934803962708e-03 8.607261814177036285e-03 3.379687666893005371e-02 8.261636830866336823e-03 1.805383479222655296e-03 9.591034054756164551e-02 4.078793153166770935e-02 5.525095388293266296e-02 7.423494011163711548e-02 4.413519427180290222e-02 2.270075306296348572e-02 3.846982493996620178e-03 1.725009456276893616e-02 3.740805760025978088e-02 1.538607105612754822e-02 6.330766249448060989e-03 4.636248201131820679e-02 1.042995378375053406e-01 5.706093832850456238e-02 9.222716093063354492e-02 8.671796321868896484e-02 1.368125528097152710e-02 1.096808072179555893e-02 5.979420151561498642e-03 2.825480140745639801e-02 5.125414952635765076e-02 4.422802105545997620e-02 2.237562276422977448e-02 7.384088356047868729e-03 3.270939737558364868e-02 8.741459250450134277e-02 2.025526016950607300e-02 3.802132606506347656e-02 6.929692625999450684e-02 1.379598164930939674e-03 6.900099106132984161e-03 2.740649506449699402e-02 4.021847620606422424e-02 2.976506948471069336e-02 2.355508133769035339e-02 2.943153725937008858e-03 3.448427468538284302e-02 3.359982371330261230e-02
4.685281217098236084e-02 1.048303209245204926e-02 1.033194642513990402e-02 9.859504550695419312e-02 4.764173179864883423e-02 5.282354075461626053e-03 1.194687932729721069e-02 2.062957286834716797e-01 2.248892188072204590e-02 2.045279927551746368e-02 1.371750421822071075e-02 2.249243482947349548e-02 2.568508684635162354e-02 3.824838623404502869e-02 8.716391026973724365e-02 6.039335578680038452e-02 9.443867020308971405e-03 1.918412744998931885e-02 2.237121202051639557e-02 5.224925000220537186e-03 2.475899457931518555e-02 1.280314009636640549e-02 5.640841554850339890e-03 1.996448263525962830e-02 2.843924611806869507e-02 2.490370720624923706e-02 6.545006483793258667e-02 3.983524441719055176e-02 5.513949692249298096e-02 2.341678738594055176e-02 4.287556931376457214e-02 3.116202540695667267e-02 3.041298314929008484e-02 3.984694182872772217e-02 5.137097556143999100e-03 2.269343100488185883e-02 3.789056837558746338e-02 4.021887108683586121e-02 8.528562635183334351e-02 3.006291016936302185e-02 1.434091106057167053e-02 2.649313211441040039e-02 3.942798078060150146e-02 3.044512867927551270e-02 1.874144189059734344e-02 7.428349554538726807e-02 7.296478841453790665e-03 1.256624050438404083e-02 3.647605329751968384e-02 1.016103103756904602e-02 4.965903609991073608e-02 1.157345157116651535e-02 4.122749902307987213e-03 8.527955412864685059e-02 3.756996302399784327e-04 1.746845431625843048e-02 7.085394114255905151e-02 6.472823768854141235e-02 2.067535929381847382e-02 6.425440311431884766e-02 7.755634188652038574e-02 2.083588764071464539e-02 2.606590278446674347e-02 3.155767451971769333e-03 1.738144643604755402e-02 1.926612854003906250e-02 9.348903549835085869e-04 7.747344672679901123e-03 3.875758126378059387e-02 9.986645542085170746e-03 5.645667202770709991e-03 7.389622926712036133e-02 1.343973074108362198e-02 1.303034648299217224e-02 5.779105424880981445e-02 1.106628179550170898e-01 6.444940716028213501e-02 2.384318597614765167e-02 1.204411033540964127e-02 8.910299092531204224e-02 8.619409054517745972e-03 6.013381853699684143e-02 3.941618651151657104e-02 2.465459518134593964e-02 4.869475588202476501e-02 5.766662769019603729e-03 1.768951117992401123e-02 2.553091756999492645e-02 8.250129409134387970e-03 4.805155098438262939e-02 3.062433097511529922e-03 1.575738750398159027e-02 2.156877890229225159e-02 1.338027697056531906e-02 6.890070438385009766e-02 7.448156177997589111e-02 3.550160676240921021e-02 5.788094550371170044e-02 4.670491814613342285e-02 3.271209448575973511e-02 4.774434119462966919e-02 5.015040934085845947e-02 1.847061887383460999e-02 3.638128982856869698e-03 7.530747354030609131e-02 9.212763980031013489e-03 6.965812295675277710e-03 3.025714494287967682e-02 3.274864703416824341e-02 3.677019476890563965e-02 4.904192313551902771e-02 2.171707339584827423e-02 4.876421764492988586e-02 7.302007824182510376e-02 6.302061490714550018e-03 1.010322477668523788e-02
1.973498798906803131e-02 1.832960546016693115e-02 9.859504550695419312e-02 6.288417428731918335e-02 9.331464022397994995e-02 1.334892679005861282e-02 2.145291864871978760e-02 6.897057406604290009e-03 1.212698873132467270e-02 2.188403904438018799e-02 2.399275638163089752e-02 3.538526594638824463e-02 9.843513369560241699e-03 1.684570568613708019e-03 8.038451522588729858e-02 1.347634755074977875e-02 1.180036691948771477e-03 1.223423052579164505e-02 4.538360983133316040e-02 3.595592081546783447e-02 5.928813945502042770e-03 5.502512212842702866e-03 6.143642123788595200e-03 2.505387365818023682e-02 7.312788162380456924e-03 2.463735826313495636e-02 1.113535370677709579e-02 4.968768358230590820e-02 1.998016051948070526e-02 1.399270817637443542e-02 1.494282577186822891e-02 2.615793235599994659e-02 5.353406444191932678e-02 3.384635224938392639e-02 2.466588281095027924e-02 1.638186909258365631e-02 1.954413950443267822e-02 2.715332619845867157e-02 6.937509030103683472e-02 1.446322947740554810e-01 3.381987661123275757e-02 2.913821488618850708e-02 2.174911089241504669e-02 6.354641914367675781e-02 2.617079019546508789e-02 1.990252733230590820e-02 1.413623057305812836e-02 2.499701827764511108e-02 3.757294267416000366e-02 1.457883510738611221e-02 2.490345761179924011e-02 3.870932757854461670e-02 6.840597838163375854e-02 1.075992174446582794e-02 2.212616242468357086e-02 2.016311697661876678e-02 2.879768796265125275e-02 2.773734182119369507e-02 6.592942029237747192e-02 5.222534015774726868e-02 5.541084706783294678e-02 2.519576437771320343e-02 3.053055889904499054e-02 1.304562482982873917e-02 4.446477442979812622e-02 9.316626936197280884e-03 2.993268519639968872e-02 8.543657138943672180e-03 9.551122784614562988e-02 1.257960777729749680e-02 6.940887123346328735e-02 5.969574340269900858e-05 5.733682587742805481e-02 3.200354427099227905e-02 2.729150652885437012e-02 2.131943590939044952e-02 7.791332155466079712e-02 1.278220769017934799e-02 2.995224855840206146e-02 5.083765462040901184e-02 7.978779263794422150e-03 1.186614576727151871e-02 6.424965802580118179e-03 1.581045053899288177e-02 3.461532294750213623e-02 8.451526612043380737e-02 1.589642092585563660e-02 3.895598277449607849e-02 8.598283864557743073e-03 3.758517280220985413e-02 7.280716206878423691e-03 1.309494115412235260e-02 3.790777549147605896e-02 5.517511162906885147e-03 1.686261296272277832e-01 8.574420213699340820e-02 2.652764134109020233e-02 5.449859797954559326e-02 6.763575226068496704e-02 2.071695216000080109e-02 6.584683805704116821e-02 8.822770416736602783e-02 3.452283516526222229e-02 4.083484783768653870e-02 4.217454046010971069e-02 5.145839229226112366e-02 5.695414543151855469e-02 6.191581115126609802e-02 1.333085000514984131e-01 3.266258165240287781e-03 7.725121453404426575e-03 3.632728010416030884e-03 5.540964193642139435e-03 3.364799916744232178e-02 8.443934470415115356e-02 3.833784908056259155e-02
2.876100828871130943e-03 5.864936113357543945e-02 4.764173179864883423e-02 9.331464022397994995e-02 5.281779542565345764e-02 3.724939748644828796e-02 4.245882481336593628e-02 2.277023717761039734e-02 9.820632636547088623e-03 5.206583533436059952e-03 4.416846111416816711e-02 3.851443156599998474e-02 4.322272539138793945e-02 7.103037834167480469e-02 1.271174103021621704e-02 1.926988922059535980e-02 2.016231045126914978e-02 3.900042967870831490e-03 1.008819490671157837e-01 4.253932740539312363e-03 1.793853240087628365e-03 3.586565330624580383e-02 2.349275862798094749e-03 3.003356792032718658e-02 1.544721238315105438e-02 2.876951172947883606e-02 6.859669089317321777e-02 1.341018546372652054e-02 5.223554093390703201e-03 2.628153190016746521e-02 5.375882983207702637e-02 4.147453233599662781e-02 1.863237656652927399e-02 1.043970696628093719e-03 1.586020365357398987e-02 4.235821834299713373e-04 3.690620884299278259e-02 5.313065368682146072e-03 1.035014018416404724e-01 2.889643907546997070e-01 3.033761866390705109e-02 5.598277226090431213e-02 1.595114357769489288e-02 4.926566779613494873e-02 4.841009899973869324e-02 1.746742986142635345e-02 4.608411807566881180e-03 8.881408721208572388e-02 1.658331789076328278e-02 2.358946204185485840e-02 3.398284688591957092e-02 6.316079199314117432e-02 6.057213619351387024e-02 3.680953010916709900e-02 3.484616428613662720e-02 3.520943690091371536e-03 7.741885725408792496e-03 7.414357364177703857e-02 4.913831129670143127e-02 2.025919407606124878e-02 8.159388788044452667e-03 3.010446950793266296e-02 5.315046384930610657e-02 3.371709585189819336e-02 1.041089068166911602e-03 4.030742123723030090e-02 2.477798238396644592e-02 2.580049261450767517e-02 2.067083120346069336e-02 5.091804079711437225e-03 4.575430601835250854e-02 4.330917447805404663e-02 8.274216204881668091e-02 3.427672386169433594e-02 4.151672124862670898e-02 5.015202984213829041e-02 7.123520225286483765e-02 3.845288604497909546e-02 4.430019110441207886e-02 3.659270331263542175e-02 3.448759019374847412e-02 1.430633570998907089e-02 3.718214854598045349e-02 1.478572487831115723e-01 4.855440184473991394e-02 4.960598051548004150e-02 3.041956759989261627e-02 2.819236135110259056e-03 2.003522403538227081e-02 3.150507435202598572e-02 1.034877263009548187e-02 1.617434620857238770e-02 2.509758435189723969e-02 7.369652856141328812e-03 3.886311128735542297e-02 6.239235401153564453e-02 2.184362523257732391e-02 5.955522134900093079e-02 8.408022695221006870e-04 9.976262226700782776e-03 3.904427960515022278e-02 1.808735914528369904e-02 5.112798511981964111e-02 5.205514654517173767e-02 7.415378838777542114e-02 5.118074826896190643e-03 6.136913225054740906e-02 7.592442631721496582e-02 2.421437390148639679e-02 1.679614745080471039e-02 1.821593381464481354e-02 4.176247492432594299e-02 2.273691073060035706e-02 1.586016640067100525e-02 2.479984611272811890e-02 8.303964883089065552e-02
1.045334711670875549e-01 8.498921990394592285e-02 5.282354075461626053e-03 1.334892679005861282e-02 3.724939748644828796e-02 5.695231258869171143e-02 9.512010961771011353e-02 5.547463893890380859e-02 1.592331565916538239e-02 8.004838973283767700e-02 8.772015571594238281e-02 1.060231477022171021e-01 7.391311973333358765e-02 1.170269101858139038e-01 1.213564974023029208e-04 5.786775052547454834e-02 4.579934105277061462e-02 1.331599894911050797e-02 1.651046914048492908e-03 3.010522387921810150e-02 2.303892746567726135e-02 2.820035256445407867e-02 4.309581965208053589e-02 3.809234127402305603e-02 1.388616953045129776e-02 1.046643592417240143e-03 1.039992924779653549e-02 1.378874480724334717e-02 2.660256437957286835e-02 7.719885557889938354e-02 6.072235293686389923e-03 4.125130549073219299e-02 5.292757228016853333e-02 3.989584371447563171e-02 1.204952038824558258e-02 1.647511497139930725e-02 3.530719550326466560e-03 6.529728882014751434e-03 2.970050089061260223e-02 1.433776784688234329e-02 4.456198960542678833e-02 8.948231115937232971e-03 1.328616868704557419e-02 1.246109139174222946e-02 2.111631818115711212e-02 1.518350560218095779e-02 1.383624076843261719e-01 5.266398657113313675e-03 1.753067784011363983e-02 7.922023534774780273e-03 6.170142441987991333e-03 2.511574886739253998e-02 1.531319785863161087e-02 4.029344767332077026e-02 4.644494876265525818e-02 1.721302606165409088e-02 1.664476096630096436e-02 3.268400952219963074e-02 1.630238257348537445e-02 5.124409869313240051e-02 1.415087375789880753e-02 8.423361927270889282e-03 2.652638778090476990e-02 2.589830011129379272e-02 1.869117096066474915e-02 4.518046602606773376e-02 7.661476265639066696e-03 7.102586328983306885e-03 1.461935788393020630e-02 1.360018365085124969e-02 7.441942580044269562e-03 4.960025474429130554e-02 1.785089634358882904e-02 2.398910699412226677e-03 1.202808506786823273e-02 4.942774772644042969e-03 1.148161105811595917e-02 1.920534763485193253e-03 3.191585093736648560e-02 4.959218576550483704e-02 7.303188741207122803e-02 1.809038221836090088e-02 3.688676655292510986e-02 9.602996520698070526e-03 7.366603706032037735e-03 1.554678101092576981e-02 1.783160492777824402e-02 3.218922764062881470e-02 1.796870119869709015e-02 3.481859713792800903e-02 8.645920455455780029e-02 3.598556295037269592e-02 7.431528065353631973e-03 3.985689207911491394e-02 3.056505322456359863e-02 1.093247439712285995e-02 7.098653912544250488e-02 9.131887555122375488e-02 4.278639797121286392e-03 6.594405509531497955e-03 4.233994707465171814e-02 9.619406424462795258e-03 4.109953716397285461e-02 5.269454419612884521e-02 2.929029753431677818e-03 2.279757149517536163e-02 9.777120314538478851e-03 4.034460335969924927e-02 7.962849340401589870e-04 8.263085782527923584e-02 8.544569835066795349e-03 1.101176533848047256e-02 1.302771456539630890e-02 2.691398933529853821e-02 1.220873929560184479e-02 5.945934914052486420e-03
3.865747898817062378e-02 1.075039058923721313e-01 1.194687932729721069e-02 2.145291864871978760e-02 4.245882481336593628e-02 9.512010961771011353e-02 8.205195516347885132e-02 2.482693642377853394e-02 1.572143286466598511e-02 3.538240864872932434e-02 7.674135267734527588e-02 8.932033181190490723e-02 6.109857931733131409e-02 4.666408896446228027e-02 4.923475533723831177e-02 2.659077942371368408e-02 3.319814056158065796e-02 4.228074476122856140e-02 4.009448457509279251e-03 1.957646943628787994e-02 1.707972027361392975e-02 5.006333068013191223e-02 6.611758843064308167e-03 6.386974453926086426e-02 2.574162324890494347e-03 2.190526016056537628e-02 5.512261390686035156e-02 8.305084891617298126e-03 3.339014947414398193e-02 3.425459610298275948e-03 4.993156343698501587e-02 3.603615611791610718e-02 3.394105006009340286e-03 4.986789450049400330e-02 2.352323383092880249e-02 5.240017175674438477e-02 4.126030206680297852e-02 5.774062592536211014e-03 1.311957184225320816e-02 4.933331161737442017e-02 1.007882226258516312e-02 2.402913756668567657e-02 9.167276322841644287e-03 2.433590218424797058e-02 8.109445124864578247e-02 1.233491208404302597e-02 2.322918362915515900e-02 1.586206257343292236e-01 3.907390311360359192e-02 2.040672488510608673e-02 5.752887949347496033e-02 1.111505553126335144e-02 2.465642802417278290e-02 6.666989624500274658e-02 2.705282531678676605e-02 3.251795843243598938e-02 3.451277688145637512e-02 1.035930439829826355e-01 1.884269155561923981e-02 3.259436786174774170e-02 7.319904863834381104e-02 1.879875175654888153e-02 2.457746863365173340e-02 1.701499149203300476e-02 4.326257854700088501e-02 3.289419785141944885e-02 3.484546905383467674e-03 1.232277788221836090e-02 7.689585909247398376e-03 4.865293949842453003e-02 3.625035658478736877e-02 8.966509997844696045e-02 3.688612207770347595e-02 5.782727897167205811e-02 1.665168441832065582e-02 4.814679920673370361e-02 4.736033454537391663e-02 2.269162051379680634e-02 3.316741494927555323e-04 7.318018469959497452e-03 5.918886885046958923e-02 5.787217617034912109e-02 3.003083355724811554e-02 3.215245902538299561e-02 1.167079992592334747e-02 6.554751656949520111e-03 4.399750754237174988e-02 2.253562211990356445e-03 7.299361284822225571e-03 4.204939305782318115e-02 2.090704068541526794e-02 9.277911484241485596e-02 9.549511224031448364e-02 6.465091370046138763e-03 1.610091514885425568e-02 6.696120370179414749e-03 3.979543223977088928e-02 4.737704992294311523e-02 3.726124018430709839e-02 1.239340752363204956e-02 4.371200222522020340e-03 4.814219102263450623e-02 5.543196946382522583e-02 2.340210415422916412e-02 3.165739029645919800e-02 3.495082259178161621e-02 2.693321369588375092e-02 6.519153248518705368e-03 1.506808586418628693e-02 6.146673113107681274e-03 7.561354897916316986e-03 2.260604314506053925e-02 1.156122237443923950e-02 6.906329188495874405e-03 8.196310140192508698e-03 5.227518826723098755e-02
1.914375275373458862e-02 3.965037688612937927e-02 2.062957286834716797e-01 6.897057406604290009e-03 2.277023717761039734e-02 5.547463893890380859e-02 2.482693642377853394e-02 2.962279133498668671e-02 6.380575150251388550e-02 5.784199014306068420e-02 8.649447932839393616e-03 1.017571613192558289e-01 1.998223364353179932e-02 5.517412722110748291e-02 5.431890860199928284e-02 1.039660070091485977e-02 4.485545307397842407e-02 2.848789095878601074e-02 3.004602156579494476e-02 3.121083369478583336e-03 5.066242069005966187e-02 2.203828468918800354e-02 1.472689118236303329e-02 2.305143885314464569e-02 4.952925816178321838e-02 2.281882241368293762e-02 2.642125263810157776e-02 4.020467400550842285e-02 4.545305855572223663e-03 4.778315871953964233e-02 3.679865971207618713e-02 1.714280433952808380e-02 9.968731552362442017e-03 8.010799065232276917e-03 6.743841804563999176e-03 2.389448322355747223e-02 7.639184594154357910e-02 4.125236719846725464e-02 1.788213253021240234e-01 3.225753083825111389e-02 3.107788413763046265e-02 4.583915695548057556e-02 3.445974364876747131e-02 3.041898272931575775e-02 8.743305504322052002e-02 7.154133915901184082e-02 6.192339584231376648e-02 4.098585993051528931e-02 2.865105122327804565e-02 3.764226287603378296e-02 7.787761092185974121e-02 8.883596956729888916e-02 1.348561054328456521e-04 2.669872157275676727e-02 1.333900354802608490e-02 2.818281762301921844e-02 2.236963808536529541e-02 3.931123763322830200e-02 6.961802486330270767e-03 2.463112212717533112e-02 4.605751484632492065e-02 3.482227399945259094e-02 2.302947640419006348e-02 6.494667846709489822e-03 2.659337595105171204e-02 8.600662462413311005e-03 9.772007353603839874e-03 1.540916971862316132e-03 4.050277173519134521e-02 2.091975696384906769e-02 3.049224056303501129e-02 2.577204443514347076e-02 3.713155910372734070e-02 3.240868449211120605e-02 3.577473759651184082e-02 6.904171407222747803e-02 1.417407020926475525e-02 7.111598551273345947e-02 1.469937339425086975e-02 5.675878748297691345e-02 1.089497655630111694e-01 2.149557769298553467e-01 2.159096300601959229e-02 2.495581575203686953e-04 7.700004614889621735e-03 1.704351231455802917e-02 3.032992780208587646e-02 3.771090134978294373e-02 2.252737805247306824e-02 3.993595391511917114e-02 2.820076979696750641e-02 1.052297744899988174e-02 1.417688187211751938e-02 4.893560707569122314e-02 4.791130498051643372e-02 3.414518013596534729e-02 7.736703008413314819e-02 6.504238117486238480e-03 2.174511365592479706e-02 4.197027068585157394e-03 1.892790012061595917e-02 3.307883441448211670e-02 6.792616099119186401e-03 6.035703117959201336e-04 2.198249474167823792e-02 6.149511318653821945e-04 1.610252633690834045e-02 2.854714728891849518e-02 2.360919304192066193e-02 5.680532008409500122e-02 3.648278769105672836e-03 1.718171872198581696e-02 4.025050625205039978e-02 5.612897500395774841e-02 1.751309260725975037e-02 4.448777763172984123e-04
1.869574934244155884e-02 5.801596678793430328e-03 2.248892188072204590e-02 1.212698873132467270e-02 9.820632636547088623e-03 1.592331565916538239e-02 1.572143286466598511e-02 6.380575150251388550e-02 1.765338517725467682e-02 5.768740922212600708e-02 4.489470738917589188e-04 3.032691404223442078e-02 1.293000858277082443e-02 3.667661175131797791e-02 1.049652416259050369e-02 1.447750478982925415e-01 2.984312362968921661e-02 8.984576910734176636e-02 6.930933147668838501e-02 1.762173883616924286e-02 1.824470050632953644e-02 6.178023666143417358e-02 2.182970754802227020e-02 1.203996874392032623e-02 3.218208625912666321e-02 1.007822807878255844e-02 8.775147795677185059e-02 5.025174841284751892e-02 3.166551701724529266e-03 8.100648969411849976e-02 1.095949038863182068e-01 3.376803919672966003e-02 5.034662038087844849e-02 4.599168151617050171e-02 2.110814675688743591e-02 1.276772562414407730e-02 2.309359842911362648e-03 4.011164605617523193e-02 7.219969481229782104e-02 7.156451046466827393e-02 5.150302127003669739e-02 1.076999530196189880e-01 2.537908218801021576e-02 4.189781472086906433e-02 5.115045607089996338e-02 8.205503970384597778e-02 8.020187914371490479e-02 7.474472746253013611e-03 4.120928049087524414e-02 2.054229751229286194e-02 5.530786886811256409e-02 2.218258380889892578e-02 7.181829772889614105e-03 2.452110685408115387e-02 8.508158475160598755e-02 1.064185053110122681e-01 2.722643315792083740e-02 1.123376339673995972e-01 4.783558845520019531e-02 4.878263175487518311e-02 7.847066968679428101e-02 7.879768311977386475e-02 1.299649626016616821e-01 4.364123102277517319e-03 7.072901353240013123e-03 3.844819590449333191e-02 2.646711468696594238e-02 8.814709261059761047e-03 2.283928357064723969e-02 4.226430784910917282e-03 5.362266208976507187e-03 3.614307940006256104e-02 2.393678575754165649e-02 3.288109728600829840e-04 5.159186571836471558e-02 2.229910716414451599e-02 1.358897984027862549e-01 2.222609519958496094e-02 3.617004677653312683e-02 1.839032322168350220e-01 1.768209971487522125e-02 2.490287180989980698e-03 8.925079368054866791e-03 4.458361491560935974e-02 6.170822307467460632e-02 4.211654886603355408e-03 2.592031843960285187e-02 1.333561539649963379e-02 6.854238361120223999e-02 7.682684063911437988e-02 3.481128066778182983e-02 1.698285154998302460e-02 2.793293446302413940e-02 2.280871383845806122e-02 9.303480386734008789e-02 2.934782207012176514e-02 2.244655042886734009e-02 1.071865111589431763e-01 3.790275380015373230e-02 8.360008150339126587e-02 6.367817521095275879e-02 2.722046896815299988e-02 3.254595771431922913e-02 2.581297047436237335e-02 3.266860498115420341e-03 6.814664602279663086e-02 1.310412399470806122e-02 1.604654081165790558e-02 2.205475047230720520e-02 2.502223290503025055e-02 2.172182127833366394e-02 2.642902173101902008e-02 6.930349022150039673e-02 3.950974717736244202e-02 4.180781915783882141e-02 6.610557436943054199e-03
1.543094124644994736e-02 3.927431628108024597e-02 2.045279927551746368e-02 2.188403904438018799e-02 5.206583533436059952e-03 8.004838973283767700e-02 3.538240864872932434e-02 5.784199014306068420e-02 5.768740922212600708e-02 2.909220755100250244e-02 1.356722321361303329e-03 1.016176585108041763e-02 3.231644257903099060e-02 1.055823713541030884e-01 4.228726774454116821e-02 3.771548345685005188e-02 4.405550286173820496e-02 1.283781486563384533e-03 1.799234300851821899e-01 4.859346151351928711e-02 3.919663373380899429e-03 7.716773450374603271e-02 5.537795647978782654e-02 7.876024395227432251e-02 3.792715817689895630e-02 2.742112241685390472e-02 5.430611222982406616e-02 6.044193729758262634e-02 1.276583038270473480e-02 3.393650427460670471e-02 5.579131469130516052e-02 9.526856988668441772e-02 1.489376556128263474e-02 7.029968500137329102e-02 7.162741571664810181e-02 6.969221401959657669e-03 5.622429028153419495e-02 1.330535300076007843e-02 1.713746227324008942e-02 4.407550767064094543e-02 4.982702806591987610e-02 2.943396568298339844e-02 5.035385861992835999e-02 4.006495326757431030e-02 1.899306662380695343e-02 6.470706313848495483e-02 3.853529691696166992e-02 2.892898162826895714e-03 7.006461918354034424e-02 7.951375842094421387e-02 6.332650315016508102e-03 3.765404107980430126e-04 2.600279077887535095e-02 4.378290846943855286e-02 4.499815776944160461e-02 1.234924495220184326e-01 5.504611879587173462e-02 1.721391081809997559e-02 5.315799638628959656e-02 1.166149321943521500e-02 6.691125780344009399e-02 1.599606825038790703e-03 2.613935805857181549e-02 1.473739463835954666e-02 1.334485318511724472e-02 1.216212473809719086e-02 5.296893045306205750e-02 3.129753051325678825e-03 8.010303229093551636e-02 5.161816626787185669e-02 1.854852400720119476e-02 2.674501761794090271e-02 1.259516477584838867e-01 2.948203682899475098e-02 5.091575160622596741e-02 1.145739201456308365e-02 3.533036634325981140e-02 1.024250388145446777e-01 7.934503257274627686e-02 1.734126955270767212e-01 3.798380866646766663e-02 4.235065716784447432e-04 2.751871198415756226e-02 1.062838584184646606e-01 6.630121916532516479e-02 8.091782778501510620e-02 2.512140944600105286e-02 6.276164948940277100e-02 1.336699258536100388e-02 5.020429566502571106e-02 4.824576526880264282e-02 3.747505694627761841e-02 4.293828830122947693e-02 3.290014341473579407e-02 3.088311664760112762e-02 6.651469320058822632e-02 1.666814461350440979e-02 5.461237207055091858e-02 2.297372743487358093e-02 4.238052666187286377e-02 1.836329884827136993e-02 6.464269757270812988e-02 4.885682091116905212e-02 4.893070086836814880e-02 4.763205349445343018e-02 4.327892139554023743e-02 4.419233277440071106e-02 2.296879887580871582e-02 1.821944676339626312e-02 5.311352759599685669e-02 3.234839066863059998e-02 8.904562145471572876e-02 3.769739717245101929e-02 5.584994331002235413e-02 2.224465459585189819e-02 2.644329518079757690e-02
1.110803112387657166e-01 2.710351720452308655e-02 1.371750421822071075e-02 2.399275638163089752e-02 4.416846111416816711e-02 8.772015571594238281e-02 7.674135267734527588e-02 8.649447932839393616e-03 4.489470738917589188e-04 1.356722321361303329e-03 9.572100639343261719e-02 2.672172524034976959e-02 4.892918094992637634e-02 2.728521078824996948e-02 2.482245862483978271e-02 1.251994259655475616e-02 1.293786801397800446e-02 8.411981910467147827e-02 3.572830185294151306e-02 4.159315675497055054e-02 4.551718756556510925e-02 2.687604725360870361e-02 1.706559024751186371e-02 2.281226962804794312e-02 2.124119177460670471e-02 6.472059525549411774e-03 8.035703562200069427e-03 1.335284486413002014e-02 5.528168380260467529e-02 1.158975251019001007e-02 7.599318050779402256e-04 3.065061196684837341e-02 2.313055470585823059e-02 3.712000325322151184e-02 2.136444486677646637e-02 4.700015112757682800e-02 5.067515000700950623e-02 3.555433079600334167e-02 1.954730041325092316e-02 1.506736129522323608e-02 2.064961753785610199e-02 2.231399901211261749e-02 2.989126369357109070e-02 2.094328962266445160e-02 4.588047787547111511e-02 2.769738063216209412e-02 6.846514344215393066e-02 6.409423053264617920e-02 3.557357937097549438e-02 1.616489025764167309e-03 2.726850798353552818e-03 3.429615125060081482e-02 1.596834138035774231e-02 1.775550656020641327e-02 3.075673431158065796e-02 2.605406381189823151e-02 2.616018988192081451e-02 5.841983947902917862e-03 1.631348743103444576e-03 1.217174809426069260e-02 6.760567426681518555e-02 5.971036851406097412e-03 2.126181498169898987e-02 3.063618391752243042e-02 3.884933143854141235e-02 4.415584355592727661e-02 4.236048087477684021e-03 1.805402897298336029e-02 6.456597242504358292e-03 2.680394612252712250e-02 3.668718971312046051e-03 8.745231665670871735e-03 3.041063249111175537e-02 1.342984614893794060e-03 6.057428196072578430e-03 3.302058950066566467e-02 7.712646853178739548e-03 7.247038185596466064e-02 1.343649905174970627e-02 2.933752723038196564e-02 1.890034414827823639e-02 1.018376462161540985e-02 1.460599154233932495e-02 1.614338532090187073e-02 2.349639125168323517e-02 1.375526655465364456e-02 2.508440054953098297e-02 1.553251221776008606e-02 1.006731390953063965e-02 1.914707571268081665e-02 1.213935613632202148e-01 6.819428503513336182e-02 1.512917317450046539e-02 3.857490047812461853e-02 1.272004749625921249e-02 3.368643298745155334e-02 4.081732407212257385e-02 9.598792530596256256e-03 5.247527267783880234e-03 7.420134730637073517e-03 3.045996464788913727e-02 8.231838233768939972e-03 2.829824015498161316e-02 3.698888421058654785e-02 7.817663252353668213e-03 1.143269427120685577e-02 1.542729511857032776e-02 1.588728860951960087e-03 5.329889710992574692e-03 9.564120322465896606e-03 3.282523155212402344e-02 8.118234691210091114e-04 2.249162085354328156e-02 2.183629944920539856e-02 3.203333541750907898e-02 3.584052249789237976e-02
2.334154583513736725e-02 5.973376706242561340e-02 2.249243482947349548e-02 3.538526594638824463e-02 3.851443156599998474e-02 1.060231477022171021e-01 8.932033181190490723e-02 1.017571613192558289e-01 3.032691404223442078e-02 1.016176585108041763e-02 2.672172524034976959e-02 7.899706810712814331e-02 3.064478002488613129e-02 2.842217087745666504e-01 1.793575845658779144e-02 5.298511683940887451e-02 4.032153263688087463e-02 1.128145456314086914e-01 4.420393705368041992e-02 3.159968927502632141e-02 1.852906122803688049e-02 2.348256856203079224e-02 1.061882823705673218e-02 4.806841537356376648e-02 1.501411944627761841e-02 5.645762383937835693e-02 6.086231395602226257e-02 1.161680668592453003e-01 2.534303069114685059e-02 1.484410613775253296e-01 3.559374436736106873e-02 2.039163000881671906e-02 5.946123972535133362e-03 4.049020260572433472e-02 4.449614137411117554e-02 4.911697283387184143e-02 3.847486898303031921e-02 5.217352882027626038e-02 4.499707370996475220e-02 5.340010672807693481e-02 7.119397819042205811e-02 1.356593426316976547e-02 7.432620972394943237e-03 4.037704318761825562e-02 8.316189795732498169e-02 4.564225301146507263e-02 1.150648668408393860e-02 3.277323767542839050e-02 2.105627208948135376e-02 4.686420783400535583e-02 7.205058634281158447e-02 5.108159780502319336e-02 2.433795249089598656e-03 2.138713374733924866e-02 1.450959686189889908e-02 2.989805676043033600e-02 3.330718353390693665e-02 1.264460682868957520e-01 1.562923379242420197e-02 1.147786853834986687e-03 7.690235227346420288e-02 7.122248411178588867e-02 5.708832666277885437e-02 1.971830986440181732e-02 4.664812609553337097e-02 5.193402245640754700e-02 6.306548416614532471e-02 1.130938902497291565e-02 6.573739647865295410e-02 5.297307670116424561e-02 3.236603736877441406e-02 5.400242283940315247e-02 6.383603811264038086e-02 2.096335776150226593e-02 8.227177709341049194e-02 3.017069399356842041e-02 5.220989137887954712e-02 1.026974022388458252e-01 4.990388080477714539e-02 6.507901847362518311e-02 2.492089197039604187e-02 1.632371731102466583e-02 2.620916254818439484e-02 4.916165769100189209e-02 3.212074562907218933e-02 1.342893484979867935e-02 8.760914206504821777e-03 1.037149503827095032e-02 5.960354581475257874e-02 8.513194322586059570e-02 3.352671489119529724e-02 5.089860875159502029e-03 2.212536521255970001e-02 2.955640107393264771e-02 6.760190008208155632e-04 3.554394841194152832e-02 1.148059368133544922e-01 9.316517412662506104e-02 1.882058754563331604e-02 2.303922176361083984e-02 2.750270999968051910e-02 2.250669989734888077e-03 5.302246287465095520e-02 5.570314452052116394e-02 4.518668167293071747e-03 3.252749145030975342e-02 4.034977778792381287e-02 4.807017743587493896e-02 5.483566783368587494e-03 1.293003931641578674e-02 7.497829943895339966e-02 5.954689811915159225e-03 3.618542104959487915e-02 2.879020199179649353e-02 6.665002554655075073e-02 3.802253305912017822e-02
7.476301491260528564e-02 1.202587187290191650e-01 2.568508684635162354e-02 9.843513369560241699e-03 4.322272539138793945e-02 7.391311973333358765e-02 6.109857931733131409e-02 1.998223364353179932e-02 1.293000858277082443e-02 3.231644257903099060e-02 4.892918094992637634e-02 3.064478002488613129e-02 6.623227149248123169e-02 2.216952107846736908e-02 1.032180339097976685e-02 5.868684034794569016e-03 8.126250468194484711e-04 5.921180546283721924e-02 4.569236934185028076e-02 6.509870290756225586e-02 3.534663841128349304e-02 8.570022881031036377e-03 4.070616886019706726e-02 3.172374144196510315e-02 2.544892393052577972e-02 1.545489020645618439e-02 2.337139844894409180e-02 3.521746397018432617e-02 1.660631783306598663e-02 5.173768475651741028e-02 8.059020340442657471e-02 2.097773179411888123e-02 1.773805730044841766e-02 1.165487896651029587e-02 2.718735300004482269e-02 5.821601487696170807e-03 8.728456683456897736e-03 7.940629497170448303e-03 2.223622240126132965e-02 8.207717910408973694e-03 1.953316852450370789e-02 3.055581822991371155e-03 5.843638908118009567e-03 1.715400628745555878e-02 2.678280882537364960e-02 1.600335934199392796e-03 7.298270612955093384e-02 4.842488095164299011e-02 1.879258826375007629e-02 1.960478350520133972e-02 6.551334168761968613e-03 1.949187554419040680e-02 5.878468602895736694e-02 1.949550770223140717e-02 1.734021492302417755e-02 2.331236936151981354e-02 2.271373942494392395e-02 5.512253940105438232e-02 1.998517476022243500e-02 3.419341752305626869e-03 3.382419794797897339e-02 2.332082204520702362e-02 3.062572143971920013e-02 3.809532150626182556e-03 2.912327088415622711e-02 6.113320589065551758e-02 1.556257484480738640e-03 2.213376201689243317e-02 3.448208421468734741e-02 6.902455538511276245e-02 2.289791032671928406e-02 6.462957710027694702e-02 1.259373128414154053e-02 6.026103720068931580e-02 9.796770289540290833e-03 3.279397264122962952e-02 1.550494879484176636e-02 2.539587207138538361e-02 5.036995932459831238e-02 7.842271588742733002e-04 3.801307082176208496e-02 7.210472226142883301e-02 3.330486267805099487e-02 1.445950847119092941e-02 1.645327429287135601e-03 6.239522993564605713e-02 2.582658082246780396e-02 6.359875202178955078e-02 9.790604934096336365e-03 5.947189778089523315e-02 2.586464211344718933e-02 3.176011145114898682e-02 5.802585929632186890e-02 9.330120682716369629e-02 2.087879547616466880e-04 1.167827867902815342e-03 2.061065845191478729e-02 2.736324816942214966e-02 1.262802048586308956e-03 1.871866360306739807e-02 1.264190766960382462e-02 3.389664366841316223e-02 1.447860151529312134e-02 6.351745128631591797e-02 1.751483301632106304e-03 3.583699837327003479e-02 5.163652356714010239e-03 4.525447636842727661e-02 4.092934727668762207e-02 1.213932037353515625e-02 5.381609313189983368e-03 4.237034916877746582e-02 9.584135375916957855e-03 5.044765770435333252e-03 6.755606736987829208e-03 2.317756600677967072e-02
