7.685244828462600708e-02 1.493242383003234863e-01 7.340500131249427795e-03 1.195759791880846024e-02 2.637737803161144257e-02 7.431138306856155396e-02 6.274593621492385864e-02 1.412122789770364761e-02 3.808680176734924316e-02 4.435206949710845947e-02 9.531429409980773926e-02 4.552399739623069763e-02 1.039949655532836914e-01 4.208331182599067688e-02 4.623441770672798157e-02 2.164586633443832397e-02 2.567831426858901978e-02 2.024078182876110077e-02 7.040470093488693237e-02 3.692814707756042480e-02 1.039199810475111008e-02 2.045752108097076416e-02 2.836509607732295990e-02 1.936401799321174622e-02 1.373595185577869415e-02 4.999673459678888321e-03 2.854466997087001801e-02 1.736364886164665222e-02 2.464693679939955473e-04 4.768889397382736206e-02 1.117588952183723450e-03 1.578415185213088989e-02 1.793220872059464455e-03 1.367387594655156136e-03 1.683884859085083008e-02 4.989228397607803345e-02 2.879695966839790344e-02 5.001043900847434998e-03 3.248605132102966309e-02 1.594730652868747711e-03 1.983017474412918091e-02 3.260461380705237389e-03 8.748779073357582092e-03 8.353926986455917358e-02 4.155926033854484558e-02 7.087256759405136108e-02 6.628042459487915039e-02 3.539731958881020546e-03 2.567918598651885986e-02 2.479733899235725403e-02 2.686765417456626892e-02 5.913484469056129456e-02 4.129842668771743774e-02 2.943051233887672424e-02 2.969324775040149689e-02 2.753980457782745361e-02 7.335955277085304260e-03 2.754658646881580353e-02 5.491856858134269714e-02 2.369476668536663055e-02 1.354793738573789597e-02 2.685688994824886322e-02 5.141818895936012268e-02 8.806576021015644073e-03 5.111273750662803650e-02 2.616515569388866425e-02 3.291365131735801697e-02 1.334635308012366295e-03 1.014137081801891327e-02 3.109100274741649628e-02 1.962465606629848480e-02 1.134388335049152374e-02 3.510854393243789673e-02 2.705218829214572906e-02 1.009732019156217575e-02 2.941332571208477020e-02 1.095357164740562439e-02 1.515117660164833069e-02 2.905564755201339722e-02 6.627930700778961182e-02 1.536106318235397339e-02 9.617010131478309631e-03 2.429147809743881226e-02 8.873756043612957001e-03 2.371512539684772491e-02 2.190146595239639282e-02 5.373816005885601044e-03 7.392759434878826141e-03 4.806914925575256348e-02 1.052463427186012268e-02 5.679712444543838501e-02 1.075092703104019165e-02 1.534168701618909836e-02 3.070447221398353577e-02 2.926260791718959808e-02 1.558421552181243896e-02 1.018291059881448746e-02 1.063559390604496002e-02 3.551045060157775879e-02 4.651798680424690247e-02 1.450978498905897141e-02 8.442460559308528900e-03 1.576223992742598057e-03 1.245426665991544724e-02 3.792316839098930359e-02 1.313421875238418579e-02 1.734711229801177979e-02 1.913004741072654724e-02 3.014844655990600586e-02 5.341034755110740662e-02 4.104071855545043945e-02 9.402085095643997192e-03 9.823915548622608185e-03 1.412629988044500351e-02 1.136525906622409821e-02 1.253414526581764221e-02
1.493242383003234863e-01 6.562202423810958862e-02 3.762807697057723999e-02 3.079464286565780640e-02 3.166132420301437378e-02 7.995981723070144653e-02 9.423850476741790771e-02 1.502945274114608765e-02 4.574897140264511108e-02 1.953602395951747894e-02 9.849087148904800415e-02 4.455502144992351532e-03 1.238087713718414307e-01 2.596035366877913475e-03 4.508602619171142578e-02 4.375295713543891907e-02 2.440253645181655884e-02 3.684124723076820374e-02 2.805531769990921021e-02 2.145710214972496033e-02 2.211851254105567932e-02 8.889974094927310944e-03 2.842499129474163055e-02 2.584496513009071350e-02 1.543881557881832123e-02 1.697845011949539185e-02 4.864458926022052765e-03 1.819083653390407562e-02 2.791573526337742805e-03 4.911760240793228149e-02 1.506433240137994289e-03 4.681614786386489868e-02 7.720971480011940002e-03 3.073224239051342010e-02 1.343116164207458496e-02 4.541141912341117859e-02 2.332623302936553955e-02 2.519367448985576630e-02 2.424601931124925613e-03 5.537651944905519485e-03 2.981954254209995270e-02 1.382668036967515945e-03 1.684067770838737488e-02 4.851510375738143921e-02 3.292268514633178711e-02 4.138154909014701843e-02 7.978913933038711548e-02 1.421854924410581589e-02 3.767820820212364197e-02 3.755131037905812263e-03 1.380437519401311874e-02 1.851486787199974060e-02 4.355623573064804077e-02 8.563090115785598755e-03 4.777842387557029724e-02 2.354574762284755707e-02 3.348411410115659237e-04 1.490047946572303772e-02 3.520477935671806335e-02 1.877600327134132385e-02 1.124079804867506027e-02 1.820927672088146210e-02 7.387586869299411774e-03 2.643974125385284424e-02 4.238105937838554382e-02 2.851818874478340149e-02 3.478282317519187927e-02 1.467840839177370071e-02 1.343517377972602844e-02 3.955319896340370178e-02 9.031701833009719849e-03 4.290990531444549561e-03 3.671162296086549759e-03 1.003145519644021988e-02 3.197969123721122742e-02 3.042078111320734024e-03 1.983571052551269531e-02 3.086177073419094086e-02 3.068829420953989029e-03 4.077964276075363159e-02 1.579483039677143097e-02 1.548498868942260742e-02 2.933364594355225563e-03 8.414314128458499908e-03 1.140304841101169586e-02 1.885664649307727814e-02 1.417812332510948181e-02 1.002343464642763138e-02 4.187697917222976685e-02 3.709578886628150940e-02 2.073750644922256470e-02 6.325301714241504669e-03 2.243416383862495422e-03 1.815673895180225372e-02 3.696054592728614807e-02 2.222292870283126831e-02 1.869258470833301544e-02 9.396478533744812012e-03 3.160652890801429749e-02 3.139552101492881775e-02 2.499973215162754059e-02 7.776507176458835602e-03 1.756929606199264526e-02 2.655851282179355621e-02 3.236442431807518005e-02 8.737512864172458649e-03 1.480772718787193298e-02 5.733637604862451553e-03 3.028579428791999817e-02 5.165565386414527893e-02 2.654332295060157776e-02 2.550451271235942841e-02 1.616445183753967285e-02 3.871000185608863831e-02 2.954140491783618927e-02 1.155886892229318619e-02
7.340500131249427795e-03 3.762807697057723999e-02 3.122747875750064850e-02 2.319428371265530586e-03 1.002050470560789108e-02 1.671233028173446655e-02 4.040168225765228271e-02 2.195212244987487793e-01 1.514771208167076111e-02 2.597442828118801117e-02 3.207900002598762512e-02 2.761792624369263649e-03 8.632155135273933411e-03 2.184679917991161346e-02 4.901046864688396454e-03 1.404141634702682495e-02 2.782452479004859924e-02 4.558629542589187622e-02 9.273510426282882690e-03 1.685687899589538574e-02 1.387840416282415390e-02 5.283923819661140442e-02 4.108234122395515442e-02 2.117364667356014252e-02 3.442694991827011108e-02 1.095126103609800339e-02 3.883526101708412170e-02 2.086110040545463562e-02 5.452011153101921082e-02 6.773252785205841064e-02 1.653802208602428436e-02 4.854690283536911011e-03 1.929212920367717743e-02 6.411745399236679077e-02 3.983426839113235474e-02 3.906895965337753296e-02 1.010082289576530457e-02 2.735369279980659485e-02 5.928340181708335876e-02 8.160868659615516663e-03 2.111882343888282776e-02 2.970161288976669312e-02 1.395758986473083496e-01 2.997939474880695343e-02 1.247336249798536301e-02 3.955344483256340027e-02 1.338281948119401932e-02 3.383789584040641785e-02 3.122479841113090515e-02 4.872756544500589371e-03 4.487434402108192444e-02 5.269093811511993408e-02 9.111744002439081669e-04 5.142228305339813232e-02 3.397116437554359436e-02 5.203917250037193298e-02 1.605013385415077209e-02 5.401854589581489563e-02 5.744696408510208130e-02 5.606562644243240356e-02 2.155266702175140381e-02 2.732362132519483566e-03 1.745593175292015076e-02 1.402447349391877651e-03 1.014354266226291656e-02 5.818067118525505066e-02 5.846239160746335983e-03 1.802279986441135406e-02 3.893465548753738403e-02 9.025021456182003021e-03 3.652856126427650452e-02 3.717728704214096069e-02 2.964160230476409197e-04 5.446295440196990967e-02 1.963923498988151550e-02 3.482945635914802551e-02 1.393131446093320847e-02 2.271932736039161682e-02 2.536427043378353119e-02 3.166959807276725769e-02 2.587430775165557861e-01 2.204167693853378296e-01 4.018590971827507019e-02 5.543483048677444458e-02 2.559412084519863129e-02 4.232953488826751709e-02 3.175782412290573120e-02 4.752618260681629181e-03 2.728744037449359894e-02 2.930322475731372833e-02 4.840787127614021301e-02 3.096872474998235703e-03 5.172560364007949829e-02 2.333925664424896240e-02 1.064572366885840893e-03 1.555366441607475281e-02 6.835573911666870117e-02 8.612625300884246826e-03 5.424151313491165638e-04 2.443893626332283020e-02 1.017894782125949860e-02 2.333248965442180634e-02 1.643724553287029266e-02 4.997246433049440384e-03 9.912704117596149445e-03 1.485037431120872498e-02 4.590995609760284424e-02 1.002200786024332047e-02 4.912417382001876831e-03 8.303449489176273346e-03 3.960543498396873474e-02 1.452971342951059341e-02 2.988938987255096436e-02 5.144948372617363930e-04 4.620448127388954163e-02 7.630918174982070923e-02
1.195759791880846024e-02 3.079464286565780640e-02 2.319428371265530586e-03 1.270748525857925415e-01 3.719303905963897705e-01 3.775681555271148682e-02 1.685246825218200684e-02 9.075428359210491180e-03 5.685147270560264587e-02 2.861644700169563293e-02 2.785778231918811798e-02 3.802477195858955383e-02 3.827336058020591736e-02 4.218366369605064392e-02 2.355878055095672607e-02 4.255631566047668457e-02 2.142963744699954987e-02 7.565252482891082764e-03 8.832009881734848022e-02 1.183725241571664810e-02 9.494227357208728790e-03 4.719707369804382324e-02 3.159945830702781677e-02 2.372362092137336731e-02 5.262424238026142120e-04 2.264865860342979431e-02 4.460944235324859619e-02 1.384718716144561768e-02 9.611532092094421387e-03 2.420243434607982635e-02 1.576984860002994537e-02 2.399260550737380981e-02 4.846083745360374451e-02 7.389005739241838455e-03 5.137577652931213379e-03 2.260265313088893890e-02 1.532418746501207352e-02 3.591008484363555908e-02 3.805972635746002197e-02 2.944629825651645660e-02 7.144552655518054962e-03 4.563623573631048203e-03 9.914166294038295746e-03 1.883435249328613281e-02 8.524623699486255646e-03 2.106390334665775299e-02 1.468525826930999756e-02 2.283787541091442108e-02 5.996144935488700867e-02 6.035261601209640503e-02 3.801717609167098999e-02 5.783320963382720947e-02 1.285004708915948868e-02 1.907237805426120758e-02 2.684433758258819580e-02 1.348680583760142326e-03 8.204009383916854858e-02 4.861089691985398531e-04 2.050735242664813995e-02 1.119424868375062943e-02 7.926199585199356079e-02 2.789014950394630432e-02 8.839076757431030273e-02 3.269563242793083191e-02 1.022469066083431244e-02 2.254685945808887482e-02 1.033581700176000595e-02 4.364038351923227310e-03 7.931922376155853271e-02 5.707702040672302246e-02 4.252055287361145020e-02 2.907902561128139496e-02 1.624434888362884521e-01 7.937909662723541260e-02 9.443476796150207520e-02 2.743504010140895844e-02 5.146868899464607239e-02 4.919146001338958740e-02 1.029082760214805603e-02 1.211660855915397406e-04 2.317078039050102234e-02 1.167475245893001556e-02 5.471131205558776855e-02 4.245740547776222229e-02 3.416913747787475586e-02 7.143589109182357788e-02 2.625298686325550079e-02 3.497536107897758484e-02 3.631001710891723633e-02 3.337040171027183533e-02 3.584811463952064514e-02 3.612562641501426697e-02 2.296873927116394043e-02 3.748303651809692383e-02 1.031343266367912292e-02 3.990072011947631836e-02 5.266190692782402039e-02 5.555594339966773987e-02 3.751164674758911133e-02 3.694458678364753723e-02 3.857684135437011719e-02 6.118544377386569977e-03 1.215556450188159943e-02 2.441455796360969543e-02 7.402478903532028198e-02 4.600945860147476196e-02 2.194300480186939240e-02 1.270926147699356079e-01 2.891348302364349365e-02 9.862706065177917480e-03 1.102217845618724823e-02 6.788721075281500816e-04 1.367286313325166702e-02 1.037296256981790066e-03 8.289176039397716522e-03 3.275428712368011475e-02
2.637737803161144257e-02 3.166132420301437378e-02 1.002050470560789108e-02 3.719303905963897705e-01 1.232688799500465393e-01 4.416388645768165588e-02 3.437612578272819519e-02 3.025415726006031036e-02 4.642833024263381958e-02 8.846259117126464844e-02 2.556393621489405632e-03 2.300326712429523468e-03 3.882014751434326172e-02 4.571298509836196899e-02 2.228454127907752991e-02 6.246942281723022461e-02 3.468332812190055847e-02 5.778233706951141357e-02 7.957412302494049072e-02 2.271759090945124626e-03 3.620439395308494568e-02 4.393067210912704468e-02 2.040602639317512512e-02 2.225894108414649963e-02 3.083922155201435089e-02 1.251202169805765152e-02 3.268399462103843689e-02 1.736408844590187073e-02 1.803205348551273346e-03 2.108542434871196747e-02 7.557691074907779694e-03 8.204019814729690552e-02 4.046281799674034119e-02 1.534714922308921814e-02 3.943691030144691467e-03 9.133365005254745483e-03 2.631098963320255280e-02 3.679677098989486694e-02 3.021945245563983917e-02 5.900907143950462341e-02 9.494868107140064240e-03 3.612648323178291321e-02 1.230081822723150253e-02 4.806061275303363800e-03 1.198532059788703918e-02 3.067637607455253601e-02 4.701099544763565063e-02 1.557701639831066132e-02 5.046544596552848816e-02 1.108415145426988602e-02 5.596173461526632309e-03 1.349100191146135330e-02 6.957227736711502075e-02 9.094975888729095459e-03 7.953127473592758179e-02 6.453363597393035889e-02 4.249593988060951233e-02 2.464466355741024017e-02 2.834854274988174438e-02 2.370778098702430725e-02 2.818757109344005585e-02 1.030833944678306580e-01 2.708400785923004150e-02 3.526695072650909424e-02 1.796511560678482056e-02 3.698235377669334412e-03 5.009732395410537720e-02 3.047139942646026611e-02 8.033396303653717041e-02 1.987207867205142975e-02 4.271461069583892822e-02 4.859390854835510254e-02 7.433803379535675049e-02 3.985240310430526733e-02 9.091185778379440308e-02 6.888131797313690186e-02 2.352560311555862427e-02 1.075247954577207565e-02 5.404347181320190430e-02 4.486840590834617615e-02 4.871454555541276932e-03 3.665698692202568054e-02 5.752610415220260620e-02 1.950253546237945557e-01 2.716426737606525421e-02 9.904461912810802460e-03 3.119488619267940521e-02 8.150275796651840210e-03 1.018530949950218201e-01 2.364432252943515778e-02 5.399386864155530930e-03 1.291105244308710098e-02 2.017992176115512848e-02 1.066760346293449402e-02 4.100709781050682068e-02 1.500637456774711609e-02 7.560151815414428711e-02 7.549036294221878052e-02 1.921922340989112854e-02 3.015978727489709854e-03 1.599301770329475403e-02 8.744318969547748566e-03 3.121815249323844910e-02 8.810546994209289551e-02 4.399279423523694277e-04 2.646955661475658417e-02 7.061370462179183960e-02 8.730627596378326416e-02 6.811853498220443726e-03 9.045948833227157593e-02 8.869666606187820435e-03 1.588470116257667542e-02 2.799635985866189003e-03 2.272770972922444344e-03 3.797118552029132843e-05 6.200754549354314804e-03
7.431138306856155396e-02 7.995981723070144653e-02 1.671233028173446655e-02 3.775681555271148682e-02 4.416388645768165588e-02 5.321035906672477722e-02 1.878394335508346558e-01 8.229810628108680248e-04 5.134665966033935547e-02 3.365045785903930664e-02 4.584476351737976074e-02 6.351747363805770874e-02 3.486684337258338928e-02 9.591251611709594727e-02 6.362988147884607315e-03 7.601699326187372208e-04 2.173674851655960083e-02 6.234380882233381271e-03 4.173398762941360474e-02 6.580898072570562363e-03 3.123585507273674011e-02 1.219036130351014435e-04 2.106018550693988800e-02 4.880402237176895142e-02 1.020330935716629028e-02 1.355424243956804276e-02 2.142509445548057556e-02 1.215075924992561340e-01 5.451983958482742310e-02 9.000632166862487793e-02 9.592125192284584045e-03 4.372485913336277008e-03 1.980035565793514252e-03 1.331074628978967667e-02 1.750078238546848297e-02 2.354126237332820892e-02 9.781125001609325409e-03 4.027873650193214417e-02 1.750638335943222046e-02 4.414327815175056458e-02 2.614668384194374084e-02 3.885013982653617859e-02 1.421216409653425217e-03 1.247898396104574203e-02 3.272787109017372131e-02 5.521746724843978882e-02 1.596896350383758545e-01 6.865712255239486694e-02 2.637772122398018837e-03 3.205109015107154846e-02 3.121468424797058105e-02 4.747525230050086975e-02 1.580228563398122787e-03 8.106904104351997375e-03 1.640307530760765076e-02 5.183414742350578308e-02 2.513173036277294159e-02 2.223884919658303261e-03 4.312516655772924423e-03 4.671148955821990967e-03 2.188729494810104370e-02 1.738431304693222046e-02 3.971193358302116394e-02 2.063500508666038513e-02 1.079503353685140610e-02 1.332932896912097931e-02 6.080068182200193405e-03 5.609320476651191711e-02 5.954101681709289551e-03 1.212953031063079834e-02 1.018941029906272888e-02 1.159111782908439636e-02 1.705767773091793060e-02 1.261237636208534241e-02 2.193851023912429810e-02 6.682335399091243744e-03 1.501017622649669647e-02 3.640534356236457825e-02 2.778066694736480713e-02 2.620510570704936981e-02 6.035518366843461990e-03 3.263572975993156433e-02 6.068391352891921997e-02 1.261814404278993607e-02 2.066886238753795624e-02 4.837520420551300049e-02 1.222717855125665665e-02 1.639751344919204712e-02 1.994016766548156738e-02 8.485073223710060120e-03 1.889527775347232819e-03 2.091685682535171509e-02 4.022374749183654785e-02 7.373658940196037292e-03 2.105200849473476410e-02 4.018840380012989044e-03 3.838088735938072205e-02 7.417141925543546677e-03 2.809743769466876984e-02 3.965103253722190857e-02 8.855604566633701324e-03 1.714455708861351013e-02 5.643001641146838665e-04 2.452757954597473145e-02 3.127565234899520874e-02 3.034897672478109598e-04 4.808130115270614624e-02 2.948424313217401505e-03 1.054999884217977524e-02 3.005308471620082855e-02 5.421616137027740479e-02 3.136152401566505432e-02 4.094601050019264221e-02 6.976661738008260727e-03 5.315157771110534668e-02 4.695723578333854675e-02
6.274593621492385864e-02 9.423850476741790771e-02 4.040168225765228271e-02 1.685246825218200684e-02 3.437612578272819519e-02 1.878394335508346558e-01 6.883065402507781982e-02 1.703722402453422546e-02 3.567399084568023682e-02 6.336714327335357666e-02 7.783173769712448120e-02 4.601611755788326263e-03 6.493510305881500244e-02 5.274782329797744751e-02 1.225695759057998657e-02 2.581082098186016083e-02 4.462803527712821960e-02 4.854423459619283676e-03 3.836070245597511530e-04 1.260268967598676682e-02 2.406745031476020813e-02 9.069273364730179310e-04 3.562046959996223450e-02 6.663231551647186279e-02 2.074980549514293671e-02 1.650978624820709229e-02 2.484709955751895905e-02 4.479758441448211670e-02 1.120348274707794189e-02 5.907380580902099609e-02 2.561875432729721069e-02 2.263611927628517151e-02 3.285904228687286377e-02 2.459402196109294891e-02 4.717682488262653351e-03 2.310509327799081802e-03 7.369026076048612595e-03 1.502234395593404770e-02 7.974555715918540955e-03 1.252102572470903397e-02 3.382521867752075195e-02 7.661899086087942123e-03 2.359778061509132385e-02 4.803116433322429657e-03 1.017294358462095261e-02 9.744677692651748657e-03 1.191093102097511292e-01 1.039646491408348083e-01 8.301061825477518141e-06 1.545752165839076042e-03 4.364657029509544373e-02 2.344843186438083649e-02 5.330802127718925476e-02 2.618290297687053680e-02 1.078970730304718018e-03 1.272797118872404099e-02 1.072810031473636627e-03 1.423734938725829124e-03 5.641099438071250916e-02 2.143168263137340546e-02 3.554008156061172485e-02 3.006386756896972656e-02 4.444507881999015808e-02 1.453414745628833771e-02 2.473053522408008575e-02 2.035271748900413513e-02 1.983759552240371704e-02 6.273075193166732788e-02 1.941305212676525116e-02 7.795641664415597916e-03 2.377320546656847000e-03 9.033706039190292358e-03 2.052938938140869141e-02 3.285809606313705444e-02 5.890188273042440414e-03 6.415664218366146088e-03 1.684737950563430786e-02 3.077518567442893982e-02 4.202104639261960983e-03 1.993073709309101105e-02 7.380478200502693653e-04 1.143489126116037369e-02 2.703795582056045532e-02 3.116516955196857452e-02 3.784272447228431702e-02 8.553332090377807617e-02 1.868918538093566895e-02 1.758876442909240723e-02 5.721560120582580566e-02 4.304873943328857422e-02 1.345417276024818420e-02 1.239783782511949539e-02 4.515482112765312195e-02 1.597249321639537811e-02 3.725501522421836853e-02 1.122178230434656143e-02 2.735053561627864838e-02 7.598387543112039566e-03 1.249794755131006241e-02 9.969180449843406677e-03 9.675025008618831635e-03 1.335868146270513535e-02 2.799287030939012766e-04 1.877633482217788696e-02 1.284561865031719208e-02 3.181566298007965088e-02 2.444248087704181671e-02 1.640634611248970032e-02 1.183332409709692001e-02 3.627939894795417786e-02 3.097187727689743042e-02 1.171769807115197182e-03 5.371939763426780701e-02 4.576946422457695007e-02 1.947353966534137726e-02 2.789248712360858917e-02
1.412122789770364761e-02 1.502945274114608765e-02 2.195212244987487793e-01 9.075428359210491180e-03 3.025415726006031036e-02 8.229810628108680248e-04 1.703722402453422546e-02 7.661335170269012451e-02 4.926790483295917511e-03 1.184366457164287567e-02 4.541350156068801880e-02 2.052394300699234009e-02 4.078857228159904480e-02 4.929758142679929733e-03 5.091457068920135498e-02 9.446817450225353241e-03 7.019792217761278152e-03 2.660058438777923584e-02 7.303408812731504440e-03 4.603158682584762573e-02 2.718735858798027039e-02 1.662603579461574554e-02 4.377270583063364029e-03 6.628405302762985229e-03 1.583642885088920593e-02 2.541870810091495514e-02 3.928316384553909302e-02 5.311834439635276794e-02 3.271177038550376892e-02 3.306413441896438599e-02 3.708174452185630798e-02 5.832241848111152649e-03 3.602467849850654602e-02 2.925557084381580353e-02 1.072433963418006897e-02 1.445405185222625732e-02 1.308616437017917633e-02 4.154600948095321655e-02 3.570874454453587532e-03 7.358146249316632748e-04 2.073210291564464569e-02 5.040141940116882324e-02 2.186750993132591248e-02 6.366897374391555786e-02 2.909487299621105194e-02 1.886552898213267326e-03 1.676022633910179138e-02 7.318091113120317459e-03 3.471830859780311584e-02 8.740894496440887451e-03 5.143990367650985718e-02 4.560124874114990234e-02 3.424451500177383423e-02 9.825671091675758362e-03 2.084258943796157837e-03 1.505220402032136917e-02 1.902003586292266846e-02 1.444862037897109985e-02 7.299205753952264786e-03 7.762438151985406876e-03 2.153638191521167755e-02 2.766410820186138153e-03 5.228659138083457947e-02 2.073623426258563995e-02 1.504309475421905518e-02 2.378134243190288544e-02 2.928068675100803375e-02 1.047134120017290115e-02 4.006076196674257517e-04 2.471340261399745941e-02 1.457259990274906158e-02 4.869263991713523865e-02 3.048194013535976410e-02 2.282810863107442856e-03 6.199124827980995178e-02 4.938111081719398499e-02 3.048999235033988953e-02 2.660261653363704681e-02 1.243979111313819885e-02 3.336777165532112122e-02 1.441997438669204712e-01 1.609489172697067261e-01 5.369136855006217957e-02 9.201896376907825470e-03 1.796635240316390991e-02 4.356555640697479248e-03 4.487487673759460449e-02 5.034640431404113770e-02 1.513915229588747025e-02 7.109000347554683685e-03 5.383569747209548950e-02 3.815422579646110535e-02 5.745939444750547409e-03 3.651498630642890930e-02 2.911152690649032593e-02 2.397165447473526001e-02 5.498132854700088501e-02 1.044792495667934418e-02 1.577419042587280273e-02 1.423669327050447464e-02 1.003484800457954407e-02 1.286143157631158829e-02 2.860936149954795837e-02 9.455990977585315704e-03 1.546330004930496216e-02 5.100568011403083801e-02 3.816604241728782654e-02 1.002248972654342651e-01 1.440803240984678268e-02 2.675295248627662659e-02 4.621543735265731812e-02 7.597284764051437378e-02 2.585021220147609711e-02 2.058194018900394440e-02 2.186249382793903351e-02 3.278264775872230530e-02
3.808680176734924316e-02 4.574897140264511108e-02 1.514771208167076111e-02 5.685147270560264587e-02 4.642833024263381958e-02 5.134665966033935547e-02 3.567399084568023682e-02 4.926790483295917511e-03 4.643994197249412537e-02 9.385365992784500122e-02 1.767537614796310663e-04 7.793667912483215332e-02 9.033659473061561584e-03 7.205929607152938843e-02 5.493190605193376541e-03 6.570924888364970684e-04 5.795857403427362442e-03 5.713352560997009277e-02 5.715119093656539917e-02 7.535111624747514725e-03 1.512567792087793350e-02 1.370931789278984070e-02 9.144903719425201416e-02 8.361109346151351929e-02 1.706144656054675579e-03 1.163138076663017273e-02 2.032107114791870117e-02 6.643198896199464798e-03 4.645191133022308350e-02 1.237844210118055344e-02 3.195093944668769836e-02 6.941461563110351562e-02 3.475438803434371948e-02 3.894943371415138245e-02 2.090708538889884949e-02 4.791264981031417847e-02 1.778083294630050659e-02 2.999659441411495209e-02 2.329158363863825798e-03 1.125903613865375519e-02 1.858791336417198181e-02 3.543324023485183716e-02 6.968455761671066284e-02 2.881544455885887146e-02 3.011035174131393433e-02 2.917928062379360199e-02 9.074967354536056519e-03 5.176317319273948669e-02 9.357939660549163818e-02 1.974060572683811188e-02 1.556505728513002396e-02 6.598045118153095245e-03 4.757081624120473862e-03 2.891401015222072601e-02 1.281811892986297607e-01 5.088124051690101624e-02 2.798167243599891663e-02 2.129437215626239777e-02 1.122812274843454361e-02 1.983425579965114594e-02 5.695261061191558838e-02 1.754993200302124023e-02 6.790471379645168781e-04 3.859309107065200806e-02 9.245350025594234467e-03 5.133084952831268311e-03 1.216130703687667847e-02 2.405653707683086395e-02 2.331284247338771820e-02 3.417083621025085449e-02 1.489756256341934204e-02 3.866603225469589233e-02 4.685319587588310242e-02 3.738738363608717918e-03 3.658963739871978760e-02 4.337039962410926819e-02 1.371847987174987793e-01 7.905086129903793335e-02 1.184286996722221375e-01 4.611841216683387756e-02 3.213663399219512939e-02 6.012741103768348694e-02 1.982268504798412323e-02 5.404718592762947083e-02 5.731954798102378845e-02 2.295356616377830505e-02 2.786411205306649208e-03 1.025518123060464859e-02 9.157902747392654419e-02 4.982704296708106995e-03 2.829493582248687744e-02 3.553242888301610947e-03 3.729911521077156067e-02 5.910898000001907349e-02 2.814509905874729156e-03 9.114186279475688934e-03 7.438400294631719589e-03 8.575472235679626465e-02 6.051873043179512024e-02 3.026602417230606079e-02 2.951378934085369110e-02 9.451423771679401398e-03 1.942581264302134514e-03 4.466545581817626953e-02 4.673575982451438904e-02 4.527336731553077698e-02 3.521808236837387085e-02 4.846230149269104004e-02 1.407871488481760025e-03 2.816530689597129822e-02 3.700939193367958069e-02 4.347537457942962646e-02 5.472364276647567749e-02 9.297367185354232788e-03 2.961727045476436615e-02 4.928059130907058716e-02
4.435206949710845947e-02 1.953602395951747894e-02 2.597442828118801117e-02 2.861644700169563293e-02 8.846259117126464844e-02 3.365045785903930664e-02 6.336714327335357666e-02 1.184366457164287567e-02 9.385365992784500122e-02 1.181264594197273254e-01 4.071241244673728943e-02 8.113051764667034149e-03 2.643375098705291748e-02 7.262249290943145752e-02 2.062025666236877441e-02 1.445650309324264526e-02 6.232159957289695740e-02 3.170799836516380310e-02 1.411404758691787720e-01 3.378631174564361572e-02 1.500889100134372711e-02 1.817528903484344482e-02 3.599165380001068115e-02 8.063082396984100342e-02 3.597160102799534798e-03 9.439283050596714020e-03 1.746767573058605194e-02 4.163299500942230225e-02 3.695744276046752930e-02 5.177233833819627762e-03 1.392606366425752640e-02 6.770671904087066650e-02 5.234542861580848694e-02 1.223279908299446106e-02 1.519049983471632004e-02 7.929583638906478882e-02 1.462264731526374817e-02 4.675459861755371094e-02 1.862785429693758488e-03 6.046577543020248413e-02 9.635206311941146851e-03 2.956903912127017975e-02 5.368798039853572845e-03 4.505659267306327820e-02 2.342886477708816528e-02 8.900571614503860474e-03 4.371511191129684448e-02 4.010296240448951721e-02 2.375241182744503021e-02 1.043212935328483582e-01 8.889317512512207031e-03 4.070011433213949203e-03 4.394977539777755737e-02 2.618533791974186897e-03 5.811821296811103821e-02 1.046084463596343994e-01 4.263943806290626526e-02 5.841221287846565247e-02 1.018560118973255157e-02 1.442997902631759644e-02 8.374918252229690552e-02 9.121260792016983032e-02 1.078072711825370789e-01 4.267350584268569946e-02 4.807727038860321045e-02 4.364376887679100037e-02 1.169723737984895706e-02 2.589155919849872589e-02 1.404448226094245911e-02 5.909935757517814636e-02 1.057318672537803650e-01 1.620127633213996887e-02 6.746023893356323242e-02 3.804453834891319275e-02 1.410017907619476318e-02 4.087488166987895966e-03 1.149469520896673203e-03 1.520976573228836060e-01 5.288738012313842773e-02 1.613473594188690186e-01 2.173607982695102692e-02 1.483308523893356323e-02 6.166811659932136536e-02 1.338085085153579712e-01 5.499756708741188049e-02 9.301211684942245483e-02 3.469577524811029434e-03 2.117302641272544861e-02 1.861909590661525726e-02 1.824704110622406006e-01 1.995318196713924408e-02 5.359518900513648987e-02 1.748945377767086029e-02 6.051400210708379745e-03 3.102930076420307159e-02 5.666829273104667664e-02 2.801181562244892120e-02 6.963386549614369869e-04 4.105768352746963501e-02 7.531652227044105530e-03 4.168254137039184570e-02 4.051991738379001617e-03 1.575138978660106659e-02 1.363404653966426849e-02 5.275321006774902344e-02 1.527199987322092056e-03 4.826797544956207275e-02 7.404127391055226326e-04 3.461867803707718849e-03 1.284968201071023941e-02 3.126088902354240417e-02 7.588319480419158936e-03 2.462139911949634552e-02 6.809318810701370239e-02 2.269416674971580505e-02 7.391332183033227921e-03
9.531429409980773926e-02 9.849087148904800415e-02 3.207900002598762512e-02 2.785778231918811798e-02 2.556393621489405632e-03 4.584476351737976074e-02 7.783173769712448120e-02 4.541350156068801880e-02 1.767537614796310663e-04 4.071241244673728943e-02 6.923647224903106689e-02 1.487142965197563171e-02 1.171255186200141907e-01 3.728054231032729149e-03 1.191867701709270477e-02 3.727297764271497726e-03 1.682150550186634064e-02 1.007929816842079163e-02 6.491451524198055267e-03 1.678923331201076508e-02 3.624269971624016762e-03 1.525132358074188232e-02 1.594882272183895111e-02 1.361082249786704779e-04 1.818839088082313538e-02 1.958257704973220825e-02 1.108258683234453201e-02 5.663966387510299683e-02 4.953081533312797546e-02 6.933903787285089493e-04 3.602250665426254272e-02 5.278192833065986633e-02 7.420777808874845505e-03 4.262952134013175964e-02 3.891349956393241882e-02 1.283617690205574036e-02 6.117973476648330688e-03 3.719757124781608582e-02 2.995274588465690613e-02 3.681967779994010925e-02 4.103910643607378006e-03 1.047069206833839417e-02 1.383868977427482605e-02 2.455638349056243896e-02 2.088386798277497292e-03 2.773988619446754456e-02 4.568152502179145813e-02 4.655041266232728958e-03 1.545948442071676254e-02 4.077846929430961609e-02 1.891422085464000702e-02 2.367926388978958130e-02 2.785995788872241974e-02 3.466912358999252319e-02 8.107946254312992096e-03 8.510530926287174225e-03 1.702474616467952728e-02 3.032260015606880188e-02 4.005917161703109741e-02 5.323369428515434265e-02 2.206552773714065552e-02 1.049382705241441727e-02 2.924272604286670685e-02 3.403393784537911415e-03 9.068260341882705688e-02 5.219439417123794556e-02 1.411690376698970795e-02 1.076042931526899338e-02 2.802798151969909668e-02 1.471626851707696915e-02 3.718683496117591858e-02 1.128097530454397202e-02 3.053514286875724792e-03 4.559906572103500366e-02 6.774100475013256073e-03 7.785911206156015396e-03 1.682892628014087677e-02 1.835849508643150330e-02 2.578105032444000244e-02 2.855363488197326660e-02 6.400761008262634277e-02 3.391234576702117920e-02 3.634158894419670105e-02 1.591427996754646301e-02 1.652425155043601990e-02 1.919625699520111084e-02 5.113908275961875916e-02 3.361586481332778931e-02 1.651511527597904205e-02 3.704432863742113113e-03 2.521330676972866058e-02 3.087948821485042572e-02 1.662995852530002594e-02 8.956225356087088585e-04 1.943349489010870457e-03 7.790792733430862427e-03 2.735932357609272003e-02 2.065508626401424408e-02 1.670707203447818756e-02 3.761588409543037415e-02 2.782628126442432404e-02 1.963499933481216431e-02 1.217116322368383408e-02 7.873013615608215332e-03 4.131803661584854126e-02 8.159252256155014038e-02 9.592178277671337128e-03 6.345863454043865204e-03 3.027369035407900810e-03 4.345750436186790466e-03 7.649023085832595825e-03 3.198269754648208618e-02 1.327985059469938278e-02 1.979348622262477875e-02 1.750736311078071594e-02 4.602837190032005310e-02
4.552399739623069763e-02 4.455502144992351532e-03 2.761792624369263649e-03 3.802477195858955383e-02 2.300326712429523468e-03 6.351747363805770874e-02 4.601611755788326263e-03 2.052394300699234009e-02 7.793667912483215332e-02 8.113051764667034149e-03 1.487142965197563171e-02 6.022118031978607178e-02 1.111228018999099731e-02 1.502586007118225098e-01 3.465185314416885376e-02 3.341897577047348022e-02 5.638396739959716797e-02 5.384156480431556702e-02 1.037548296153545380e-02 2.459385618567466736e-02 1.965145952999591827e-02 1.991474255919456482e-02 5.012792721390724182e-02 1.294017210602760315e-02 1.737416721880435944e-02 4.056390747427940369e-02 1.548718474805355072e-02 8.866824954748153687e-02 6.742931157350540161e-02 6.975110620260238647e-02 4.672547802329063416e-02 3.789934888482093811e-02 3.590894117951393127e-02 1.153462193906307220e-02 7.519892416894435883e-03 5.794498324394226074e-02 1.374283339828252792e-02 5.178870167583227158e-03 5.124836694449186325e-03 4.644135944545269012e-03 3.190756216645240784e-02 1.248968113213777542e-02 5.234655737876892090e-02 8.020847104489803314e-03 3.762196004390716553e-02 1.727233524434268475e-03 1.277861278504133224e-02 7.864254526793956757e-03 1.703882403671741486e-02 4.425713047385215759e-02 7.730498909950256348e-02 7.919802516698837280e-02 1.150714978575706482e-02 3.939053043723106384e-03 4.820205271244049072e-02 1.934207743033766747e-03 7.312894612550735474e-02 6.385506689548492432e-02 3.666671365499496460e-02 1.427396573126316071e-02 7.060826756060123444e-03 7.305323332548141479e-02 3.893542569130659103e-03 1.256313174962997437e-02 1.972538605332374573e-02 1.006801333278417587e-02 4.637984558939933777e-02 1.501471642404794693e-02 3.399339504539966583e-03 5.158616229891777039e-02 7.983746007084846497e-03 7.361989002674818039e-03 3.409212455153465271e-02 5.477612838149070740e-02 1.408514939248561859e-02 9.395641274750232697e-03 9.060217440128326416e-02 5.100135505199432373e-02 3.410113975405693054e-02 2.212493494153022766e-02 2.427543513476848602e-02 1.557053765282034874e-03 4.658754914999008179e-02 8.302871882915496826e-02 2.599320933222770691e-02 1.985116302967071533e-02 2.606363780796527863e-02 2.902466803789138794e-02 7.798325270414352417e-02 1.284625753760337830e-02 4.301458969712257385e-02 4.219822585582733154e-03 2.818023785948753357e-02 7.494356948882341385e-03 3.951510041952133179e-02 9.403166361153125763e-03 2.505552209913730621e-02 1.742612943053245544e-02 7.206336129456758499e-03 2.045513829216361046e-03 1.674553938210010529e-02 1.815488189458847046e-02 2.446062676608562469e-02 3.299199789762496948e-02 1.038749050348997116e-02 1.097543165087699890e-02 5.492805939866229892e-05 5.960461497306823730e-02 2.840424887835979462e-02 1.696930266916751862e-02 2.400626428425312042e-03 3.222634841222316027e-04 2.589567005634307861e-02 5.630739498883485794e-03 3.071614913642406464e-02 2.795347571372985840e-02
1.039949655532836914e-01 1.238087713718414307e-01 8.632155135273933411e-03 3.827336058020591736e-02 3.882014751434326172e-02 3.486684337258338928e-02 6.493510305881500244e-02 4.078857228159904480e-02 9.033659473061561584e-03 2.643375098705291748e-02 1.171255186200141907e-01 1.111228018999099731e-02 7.228572666645050049e-02 1.507669221609830856e-03 7.062785327434539795e-02 3.553598001599311829e-02 1.427380926907062531e-02 1.674174703657627106e-02 2.034716121852397919e-02 2.231304906308650970e-02 2.021506894379854202e-03 3.406213223934173584e-02 3.564887493848800659e-02 3.461617603898048401e-02 2.304111048579216003e-02 2.691099653020501137e-03 1.272085774689912796e-02 4.086140170693397522e-02 1.831042580306529999e-02 6.994723808020353317e-03 5.312850326299667358e-02 4.206950310617685318e-03 9.530801326036453247e-03 4.007973149418830872e-02 1.321224775165319443e-02 4.798513837158679962e-03 1.016973331570625305e-02 3.626517578959465027e-02 3.796026855707168579e-02 8.244710974395275116e-03 3.682205453515052795e-02 1.288465806283056736e-03 1.763209002092480659e-03 2.078860253095626831e-02 4.146492108702659607e-02 4.757060483098030090e-02 3.206305578351020813e-02 1.247592153958976269e-03 1.271865051239728928e-02 4.252086207270622253e-02 2.883664332330226898e-02 2.738881297409534454e-02 3.778969869017601013e-02 6.536465138196945190e-02 2.805764786899089813e-02 5.117150954902172089e-03 2.036193758249282837e-02 9.776615537703037262e-03 4.060821235179901123e-02 8.015803992748260498e-02 1.902398839592933655e-02 2.005952037870883942e-02 1.350406464189291000e-02 2.115762792527675629e-02 5.477191880345344543e-02 7.155133783817291260e-02 2.121537365019321442e-02 3.175589081365615129e-04 7.210711017251014709e-03 2.229352481663227081e-02 7.899071788415312767e-04 2.249520737677812576e-03 2.607268467545509338e-02 6.790268700569868088e-03 8.723175153136253357e-03 1.023844256997108459e-02 2.569323778152465820e-02 1.461622584611177444e-02 1.857457333244383335e-03 2.725476957857608795e-02 2.133354730904102325e-02 4.034347459673881531e-02 8.661732077598571777e-03 1.756404526531696320e-03 3.000524267554283142e-02 2.611364051699638367e-02 1.672518439590930939e-02 5.993327125906944275e-02 1.478341408073902130e-02 2.369267120957374573e-02 5.997598171234130859e-03 1.541918260045349598e-03 1.573299616575241089e-02 1.133287884294986725e-02 1.942054182291030884e-02 1.411923207342624664e-03 2.344053238630294800e-02 2.996590454131364822e-03 1.913344115018844604e-02 1.906738243997097015e-02 6.967023946344852448e-03 6.280753761529922485e-03 1.053981389850378036e-02 1.984137855470180511e-02 2.119304984807968140e-02 3.445764258503913879e-02 5.312582477927207947e-03 1.610829867422580719e-02 1.230045454576611519e-03 6.220194324851036072e-02 6.955065298825502396e-03 8.900287211872637272e-04 1.845494844019412994e-02 1.972298882901668549e-02 3.321101539768278599e-04 1.870667934417724609e-02
