1.646909117698669434e-01 3.260483145713806152e-01 3.815289959311485291e-02 4.148166626691818237e-02 5.865671485662460327e-02 1.491614431142807007e-01 7.001640647649765015e-02 1.832040771842002869e-02 1.757667399942874908e-02 1.954516395926475525e-02 3.943631425499916077e-02 5.332349985837936401e-02 9.300160408020019531e-02 1.078690495342016220e-02 4.246893525123596191e-02 5.553209781646728516e-02 8.575505763292312622e-02 2.826009877026081085e-02 3.760499879717826843e-02 1.040135324001312256e-02 3.039339929819107056e-02 3.837947547435760498e-02 7.664659619331359863e-02 6.923040747642517090e-02 3.636649623513221741e-02 3.395869210362434387e-02 3.828911483287811279e-02 1.593604534864425659e-01 8.990488201379776001e-02 1.327765733003616333e-01 9.350624680519104004e-02 2.046462520956993103e-02 1.302431337535381317e-02 3.428210504353046417e-03 4.746107757091522217e-02 7.754476368427276611e-02 3.811609745025634766e-02 4.346710816025733948e-02 8.603394962847232819e-03 9.968318790197372437e-02 3.345595672726631165e-02 4.476678743958473206e-02 2.637593261897563934e-02 5.407363176345825195e-02 2.960899099707603455e-02 4.422266781330108643e-02 1.538759842514991760e-02 4.306003917008638382e-03 1.842581480741500854e-02 2.237067930400371552e-02 2.193907834589481354e-02 3.166235983371734619e-02 8.578291535377502441e-02 5.293295532464981079e-02 4.151560366153717041e-02 1.152656972408294678e-02 1.062923520803451538e-01 1.250714529305696487e-02 7.136856764554977417e-02 4.440521448850631714e-02 1.182283274829387665e-02 2.232875302433967590e-02 1.803435571491718292e-02 2.787636034190654755e-02 1.408736556768417358e-01 6.826288998126983643e-02 1.013605669140815735e-02 1.782972738146781921e-02 6.488715764135122299e-03 2.686850540339946747e-02 1.581163704395294189e-02 1.805547624826431274e-02 3.304290398955345154e-02 5.248314142227172852e-02 7.540367543697357178e-03 4.233821108937263489e-02 2.220090245828032494e-03 2.740134671330451965e-02 1.091433595865964890e-02 2.062480896711349487e-02 9.605051577091217041e-02 2.106520533561706543e-02 8.889962919056415558e-03 1.715409196913242340e-02 3.352553769946098328e-02 7.409828156232833862e-02 2.825581468641757965e-02 8.550581522285938263e-03 6.037253886461257935e-02 1.989302458241581917e-03 2.906772866845130920e-02 2.091635391116142273e-02 4.943705350160598755e-02 1.867382973432540894e-02 2.977895550429821014e-03 1.384844072163105011e-02 4.225139319896697998e-02 2.743150107562541962e-02 6.767214089632034302e-02 7.134448736906051636e-02 4.489632695913314819e-02 5.591495707631111145e-02 2.947959303855895996e-02 5.216516554355621338e-02 3.542931377887725830e-02 5.683932453393936157e-02 2.857147902250289917e-02 8.078105747699737549e-02 6.306331604719161987e-02 2.250131219625473022e-02 2.765136770904064178e-02 2.927153930068016052e-02 3.840002790093421936e-02 5.390382558107376099e-02 4.380140453577041626e-02 2.420072443783283234e-02
3.260483145713806152e-01 1.612200736999511719e-01 3.584568202495574951e-02 3.556169103831052780e-03 1.819462701678276062e-02 1.252007186412811279e-01 2.597914822399616241e-02 3.508723899722099304e-02 4.085566475987434387e-02 6.907495111227035522e-02 5.136967822909355164e-02 6.115745380520820618e-02 1.667930632829666138e-01 2.879248932003974915e-02 2.933175861835479736e-02 2.239269390702247620e-02 6.532818824052810669e-02 8.323469012975692749e-02 6.290627643465995789e-03 6.538070738315582275e-02 4.483332112431526184e-02 7.492650765925645828e-03 5.093252286314964294e-03 1.307710818946361542e-02 2.591936662793159485e-02 7.520787883549928665e-03 3.263773396611213684e-02 1.490795165300369263e-01 9.538324177265167236e-02 1.401741206645965576e-01 3.646807745099067688e-02 1.157477963715791702e-02 6.659286562353372574e-03 3.589858114719390869e-02 3.255121037364006042e-02 6.376227736473083496e-02 4.985833540558815002e-02 5.480947718024253845e-02 4.829453304409980774e-03 3.552015498280525208e-02 4.380799084901809692e-02 2.772700972855091095e-02 1.813224330544471741e-02 2.585166506469249725e-02 1.710264245048165321e-03 3.918782621622085571e-02 8.761079050600528717e-03 7.443084614351391792e-04 7.934619486331939697e-02 5.724755302071571350e-02 4.586485400795936584e-02 8.298822492361068726e-02 7.193735241889953613e-02 7.113289833068847656e-02 1.691331155598163605e-02 3.506010025739669800e-02 1.177409514784812927e-01 5.358665436506271362e-02 6.312892585992813110e-02 1.348941959440708160e-02 1.795791834592819214e-02 8.527831174433231354e-03 3.106668964028358459e-02 3.565175086259841919e-02 1.269938796758651733e-01 3.762306645512580872e-02 5.201125517487525940e-02 4.689434915781021118e-02 1.994860731065273285e-02 3.978145122528076172e-02 2.310797572135925293e-02 2.082007750868797302e-02 3.015966340899467468e-02 4.908477142453193665e-02 1.000940334051847458e-02 4.062335938215255737e-02 3.183283377438783646e-03 1.232146192342042923e-02 4.816755279898643494e-02 3.827685862779617310e-02 7.655905187129974365e-02 1.883729174733161926e-02 6.211845204234123230e-02 1.897474378347396851e-02 8.495844155550003052e-02 1.527806185185909271e-02 3.409240022301673889e-02 5.967810750007629395e-03 3.119790740311145782e-02 4.907115548849105835e-02 3.153625130653381348e-02 3.576015308499336243e-02 3.886830806732177734e-02 7.794085890054702759e-03 1.921562850475311279e-02 5.557404458522796631e-02 4.932039603590965271e-02 2.928491309285163879e-02 2.968947403132915497e-02 4.018861055374145508e-02 2.060746587812900543e-02 3.449448943138122559e-02 2.704414771869778633e-03 2.228123508393764496e-02 1.700479164719581604e-02 4.761261865496635437e-02 7.068691775202751160e-03 3.890835796482861042e-04 9.976115077733993530e-02 4.522004351019859314e-02 1.774325035512447357e-03 1.821486651897430420e-02 7.671300787478685379e-03 1.472595147788524628e-02 1.073527634143829346e-01 2.927848137915134430e-02
3.815289959311485291e-02 3.584568202495574951e-02 1.154620721936225891e-01 3.976291976869106293e-03 7.586704567074775696e-03 2.925515174865722656e-02 4.068479686975479126e-02 1.601002365350723267e-01 9.881812147796154022e-03 2.601460367441177368e-02 5.305568221956491470e-03 3.258741274476051331e-02 7.252749986946582794e-03 3.795533999800682068e-02 1.446543633937835693e-02 9.545917622745037079e-03 2.922219410538673401e-02 2.344278432428836823e-02 2.802633680403232574e-02 5.459313746541738510e-03 2.569579519331455231e-03 2.437239512801170349e-02 9.718626737594604492e-03 8.905650116503238678e-03 3.927300497889518738e-02 2.513797953724861145e-02 5.654885992407798767e-02 1.941306330263614655e-02 5.399551708251237869e-03 1.488501019775867462e-02 1.017711218446493149e-02 7.224819064140319824e-02 4.417983070015907288e-02 2.723916433751583099e-02 2.889009658247232437e-03 1.088215224444866180e-02 1.524041034281253815e-02 1.511519402265548706e-01 1.061858460307121277e-01 1.272316090762615204e-02 1.463250964879989624e-01 6.189692020416259766e-02 9.905757382512092590e-03 1.268016733229160309e-02 1.324558909982442856e-02 4.630096256732940674e-02 5.003276746720075607e-03 2.001456217840313911e-03 2.031880617141723633e-02 7.137423846870660782e-03 5.872686859220266342e-03 5.452656373381614685e-02 4.389931261539459229e-02 2.420833893120288849e-02 1.604161784052848816e-02 1.794857904314994812e-02 2.222672291100025177e-02 2.138425409793853760e-02 1.314317248761653900e-02 7.157047837972640991e-02 1.736110076308250427e-02 2.179342135787010193e-02 2.418442629277706146e-02 2.492856234312057495e-03 4.164434224367141724e-02 3.219625353813171387e-02 3.181543946266174316e-02 9.944324381649494171e-03 1.140256784856319427e-02 7.627069950103759766e-02 1.111804414540529251e-02 5.405455827713012695e-03 5.026673153042793274e-02 1.913965307176113129e-02 3.343985974788665771e-02 4.679299890995025635e-02 3.536715358495712280e-02 2.161112241446971893e-02 2.194152772426605225e-02 4.646870493888854980e-02 1.670907735824584961e-01 6.090389564633369446e-02 1.152023766189813614e-02 3.241660539060831070e-03 1.281505916267633438e-02 3.444494307041168213e-02 7.170548778958618641e-04 3.551940619945526123e-02 6.933698803186416626e-02 1.191030535846948624e-02 2.427897788584232330e-02 6.562949717044830322e-02 1.590616255998611450e-02 1.013491023331880569e-02 3.948842734098434448e-02 2.817508950829505920e-02 6.866066902875900269e-02 9.194771945476531982e-02 1.426021009683609009e-02 2.554203616455197334e-03 4.413570091128349304e-02 2.721373736858367920e-02 6.820590794086456299e-02 4.691596329212188721e-02 1.011622771620750427e-01 5.508937686681747437e-02 3.861095011234283447e-02 8.453200571238994598e-03 2.090500434860587120e-03 4.669274203479290009e-03 1.136929355561733246e-02 1.235891953110694885e-01 7.258879486471414566e-03 8.841936476528644562e-03 4.054024815559387207e-02 1.383848022669553757e-02
4.148166626691818237e-02 3.556169103831052780e-03 3.976291976869106293e-03 1.307287216186523438e-01 1.025695949792861938e-01 2.489417232573032379e-02 2.006031572818756104e-02 2.266073413193225861e-02 1.877092570066452026e-02 3.571052849292755127e-02 4.157719016075134277e-02 4.670631140470504761e-02 1.814190112054347992e-02 2.456355653703212738e-02 4.322423040866851807e-02 2.203501062467694283e-03 2.075073309242725372e-02 4.655053466558456421e-02 5.282827466726303101e-02 4.097259044647216797e-02 2.148819901049137115e-02 2.971559576690196991e-02 1.530269719660282135e-02 1.866350322961807251e-02 1.271856483072042465e-03 2.873084321618080139e-02 4.435087367892265320e-02 3.533135354518890381e-02 4.629631713032722473e-02 2.340152859687805176e-02 2.981473878026008606e-02 1.228724420070648193e-02 1.760652288794517517e-03 4.719657078385353088e-02 1.781925931572914124e-02 4.773866757750511169e-02 5.299865454435348511e-02 2.596667967736721039e-02 2.220593392848968506e-02 3.984448686242103577e-02 7.873801514506340027e-03 2.035620436072349548e-02 7.593841291964054108e-03 8.182734251022338867e-02 1.106297038495540619e-02 1.723743230104446411e-02 5.116752162575721741e-02 3.511390415951609612e-03 1.804161816835403442e-02 7.918737083673477173e-02 1.551734749227762222e-02 1.492177136242389679e-02 6.682033836841583252e-02 5.175715312361717224e-02 6.129150860942900181e-04 6.568211130797863007e-03 3.620851412415504456e-02 2.921109460294246674e-02 3.686940297484397888e-02 2.007384411990642548e-02 4.146037995815277100e-02 5.577738210558891296e-02 1.999370008707046509e-02 4.566545540001243353e-04 2.114125899970531464e-02 3.225138410925865173e-02 8.384117856621742249e-03 3.174421563744544983e-02 1.924042031168937683e-02 2.921796217560768127e-02 3.347638621926307678e-02 2.442577295005321503e-02 7.541220635175704956e-02 2.230393700301647186e-02 5.616816505789756775e-02 8.622059598565101624e-03 1.941230706870555878e-02 4.538681823760271072e-03 6.405536551028490067e-04 9.527169913053512573e-02 7.808185764588415623e-04 1.011638320051133633e-03 3.521664068102836609e-02 1.942694000899791718e-02 3.515407815575599670e-02 3.562516300007700920e-03 1.872459612786769867e-02 2.077060751616954803e-02 1.337495446205139160e-02 4.791847243905067444e-02 1.808424293994903564e-02 2.373746782541275024e-02 1.462317351251840591e-02 4.696358740329742432e-02 1.524528022855520248e-02 4.462101683020591736e-02 1.931649446487426758e-02 1.525344327092170715e-02 1.507497020065784454e-02 1.286610960960388184e-03 1.747393235564231873e-02 3.617833554744720459e-02 1.368069555610418320e-02 2.561954781413078308e-02 3.936877101659774780e-02 5.999232083559036255e-02 1.832212880253791809e-02 4.842324182391166687e-02 3.855213522911071777e-02 4.770097136497497559e-02 5.897779483348131180e-03 2.665750123560428619e-02 2.694980241358280182e-02 3.545341268181800842e-02 8.042072877287864685e-03 4.116649925708770752e-02
5.865671485662460327e-02 1.819462701678276062e-02 7.586704567074775696e-03 1.025695949792861938e-01 1.184264421463012695e-01 1.770206145010888577e-03 3.469521412625908852e-03 2.879814058542251587e-02 3.214266151189804077e-02 1.075613405555486679e-02 4.737518727779388428e-02 7.706172298640012741e-03 8.786199032329022884e-05 5.584099888801574707e-02 4.699813574552536011e-02 2.832071296870708466e-02 1.136641111224889755e-02 3.663954883813858032e-02 8.976540714502334595e-02 5.232927389442920685e-03 1.577471569180488586e-02 1.013202313333749771e-02 1.849317923188209534e-02 9.546110406517982483e-03 5.961276125162839890e-03 1.386698894202709198e-02 1.212166342884302139e-02 1.598761603236198425e-02 3.950592596083879471e-03 2.821915782988071442e-02 1.295459549874067307e-02 2.908609574660658836e-03 1.274094916880130768e-02 1.381171494722366333e-02 2.523128688335418701e-02 2.396570052951574326e-03 5.483428016304969788e-02 2.325083827599883080e-03 1.443984173238277435e-02 3.368669375777244568e-02 1.732837595045566559e-02 2.243130654096603394e-02 6.946474313735961914e-03 5.818960815668106079e-02 1.806645840406417847e-02 8.515228517353534698e-03 3.467903658747673035e-02 2.472215890884399414e-02 2.478145528584718704e-03 1.135550718754529953e-02 4.539241781458258629e-04 2.185763418674468994e-02 3.463275358080863953e-02 4.318035021424293518e-02 1.107706036418676376e-02 1.309563219547271729e-02 4.655060172080993652e-02 5.090332403779029846e-02 4.078703932464122772e-03 5.771862808614969254e-03 6.258727051317691803e-03 7.586751133203506470e-02 3.057992272078990936e-02 2.430445328354835510e-02 2.347766049206256866e-02 2.195391245186328888e-02 1.875080913305282593e-02 3.346608951687812805e-02 3.002095501869916916e-03 3.178023546934127808e-02 2.847332321107387543e-02 1.271538808941841125e-02 4.254239797592163086e-02 3.698638081550598145e-02 5.403555184602737427e-02 9.917136281728744507e-03 5.925642326474189758e-03 4.775995039381086826e-04 1.740901917219161987e-02 1.164694596081972122e-02 5.590561311691999435e-03 3.493207320570945740e-02 7.603196799755096436e-02 6.498917937278747559e-02 6.090912595391273499e-02 5.696345493197441101e-02 6.365088280290365219e-03 1.757865957915782928e-02 6.262378394603729248e-02 3.576226532459259033e-02 3.342498093843460083e-02 1.315744780004024506e-02 4.998334217816591263e-03 3.244073688983917236e-02 4.241686686873435974e-02 7.889255881309509277e-02 2.684621606022119522e-03 9.851343929767608643e-03 9.512959979474544525e-03 1.423507835716009140e-02 8.126157918013632298e-04 3.283142298460006714e-02 3.476903960108757019e-02 2.439125999808311462e-02 2.602654322981834412e-02 4.905711486935615540e-02 9.282212704420089722e-03 4.496017098426818848e-02 4.042360931634902954e-02 4.582183808088302612e-02 1.473793527111411095e-03 1.728774979710578918e-02 1.663490571081638336e-02 8.241957053542137146e-03 1.143581513315439224e-02 7.808181643486022949e-02
1.491614431142807007e-01 1.252007186412811279e-01 2.925515174865722656e-02 2.489417232573032379e-02 1.770206145010888577e-03 1.319657564163208008e-01 1.204971969127655029e-01 1.820820942521095276e-02 8.563471026718616486e-03 4.457787051796913147e-02 7.635875791311264038e-02 5.225480347871780396e-02 9.222561866044998169e-02 2.064402773976325989e-02 3.474117442965507507e-02 2.457164786756038666e-02 2.971671149134635925e-02 2.669626846909523010e-02 1.163516659289598465e-02 3.270769119262695312e-02 7.985828071832656860e-02 5.615132395178079605e-03 1.393123157322406769e-02 4.501844756305217743e-03 2.213038131594657898e-02 2.571487613022327423e-02 2.050026878714561462e-02 8.919657021760940552e-02 1.242949515581130981e-01 9.197535365819931030e-02 6.011969968676567078e-02 5.043863877654075623e-02 4.217976331710815430e-02 4.707717150449752808e-02 5.034499987959861755e-02 3.680385649204254150e-02 8.988250978291034698e-03 9.861732833087444305e-03 1.432480663061141968e-02 1.691988110542297363e-02 5.010094121098518372e-02 1.655606366693973541e-02 3.778995247557759285e-03 4.086112976074218750e-02 3.458891063928604126e-02 2.442752569913864136e-02 7.370962202548980713e-02 1.683915220201015472e-02 9.688267484307289124e-03 3.227830305695533752e-02 3.942271694540977478e-02 4.241719469428062439e-02 3.827827423810958862e-02 8.111792616546154022e-03 6.418043375015258789e-02 4.472937807440757751e-02 1.034589111804962158e-01 8.245742321014404297e-02 5.957156792283058167e-02 7.005549967288970947e-02 7.276747375726699829e-03 1.023365650326013565e-02 2.450175955891609192e-02 3.924048691987991333e-02 7.057483494281768799e-02 4.098074976354837418e-03 1.966134272515773773e-02 7.021939009428024292e-02 5.547997076064348221e-03 5.527960881590843201e-02 3.193346410989761353e-02 2.434393577277660370e-02 2.195702400058507919e-03 4.065053537487983704e-02 3.717475384473800659e-02 1.948573812842369080e-02 3.874805942177772522e-02 2.706591971218585968e-03 3.525795415043830872e-02 1.765584759414196014e-02 1.759427040815353394e-02 3.686084970831871033e-02 9.353365749120712280e-03 4.459962621331214905e-02 8.087588474154472351e-03 7.733434438705444336e-02 2.014082111418247223e-02 3.222752362489700317e-02 4.035789892077445984e-02 3.020809032022953033e-02 2.583411522209644318e-02 3.484125714749097824e-03 6.354742497205734253e-02 7.107743620872497559e-02 5.717372894287109375e-02 1.133969635702669621e-03 1.258756779134273529e-02 4.511268436908721924e-02 8.872746676206588745e-02 3.703079372644424438e-02 3.478515148162841797e-02 2.249845769256353378e-03 1.101046241819858551e-02 7.909433543682098389e-02 1.050426391884684563e-03 9.073760360479354858e-03 2.091473899781703949e-03 1.409635506570339203e-02 5.774331465363502502e-02 6.261407583951950073e-02 2.470324002206325531e-02 1.776650547981262207e-02 1.751328259706497192e-02 3.938057646155357361e-02 9.380878880620002747e-03 6.225130707025527954e-02
7.001640647649765015e-02 2.597914822399616241e-02 4.068479686975479126e-02 2.006031572818756104e-02 3.469521412625908852e-03 1.204971969127655029e-01 1.456224471330642700e-01 1.971012353897094727e-02 2.150895306840538979e-03 7.289978209882974625e-03 1.278232503682374954e-02 2.893532626330852509e-02 7.073703408241271973e-02 5.568206682801246643e-02 1.638955809175968170e-02 1.966749876737594604e-02 5.642827134579420090e-03 1.598751358687877655e-02 4.448658600449562073e-02 3.255946189165115356e-02 2.249272540211677551e-02 2.923373505473136902e-02 1.288520824164152145e-02 1.118983840569853783e-03 1.041590236127376556e-02 2.514697797596454620e-02 3.407218260690569878e-03 7.381263189017772675e-03 2.437673881649971008e-02 1.074109878391027451e-02 4.301159828901290894e-02 4.041170328855514526e-02 5.530676990747451782e-02 1.349969953298568726e-01 4.147450253367424011e-02 2.280078129842877388e-03 3.948515281081199646e-02 3.586548566818237305e-02 1.698960736393928528e-02 5.784941837191581726e-02 1.186329871416091919e-03 5.825976282358169556e-02 1.083025243133306503e-02 6.431841850280761719e-02 5.525433644652366638e-02 1.258771270513534546e-01 8.480427414178848267e-02 1.454141438007354736e-01 4.614814370870590210e-02 6.483728066086769104e-03 4.188868403434753418e-02 5.595195107161998749e-03 3.058184683322906494e-02 2.582771703600883484e-02 1.992834173142910004e-02 2.846378646790981293e-02 5.121071636676788330e-02 3.479566425085067749e-02 2.234542742371559143e-02 8.907367475330829620e-03 5.694333463907241821e-02 4.592183977365493774e-04 9.593804180622100830e-02 1.823853142559528351e-02 6.462687253952026367e-02 4.414829984307289124e-02 5.648078769445419312e-02 2.608450129628181458e-02 1.530990656465291977e-02 2.667933329939842224e-02 7.540725637227296829e-04 3.163290768861770630e-02 5.480369925498962402e-02 1.479494199156761169e-02 1.229886896908283234e-02 1.023292727768421173e-02 6.696936674416065216e-03 5.857188999652862549e-02 6.770072132349014282e-02 6.689263135194778442e-02 6.941134575754404068e-03 1.215514726936817169e-02 1.721707545220851898e-02 2.340918406844139099e-02 5.808227509260177612e-02 7.957813143730163574e-02 2.043497562408447266e-02 9.765975177288055420e-02 1.848703436553478241e-02 5.361968651413917542e-02 6.947563588619232178e-02 5.715347826480865479e-02 2.490614773705601692e-03 4.666344448924064636e-02 3.506941720843315125e-02 2.258691564202308655e-02 8.614036254584789276e-03 2.269516512751579285e-02 6.921381503343582153e-02 1.312177348881959915e-02 4.824217036366462708e-02 3.179965168237686157e-02 6.579101085662841797e-02 4.116335138678550720e-02 1.074552163481712341e-02 3.801633790135383606e-02 1.302231196314096451e-02 2.422975748777389526e-02 4.162088036537170410e-02 3.043203242123126984e-02 2.861552126705646515e-02 2.101864479482173920e-02 8.857196080498397350e-04 2.823144756257534027e-02 1.259753406047821045e-01 1.183293387293815613e-01
1.832040771842002869e-02 3.508723899722099304e-02 1.601002365350723267e-01 2.266073413193225861e-02 2.879814058542251587e-02 1.820820942521095276e-02 1.971012353897094727e-02 1.495657712221145630e-01 3.650901839137077332e-02 9.750386700034141541e-03 3.805188229307532310e-03 3.263062983751296997e-02 7.512642070651054382e-03 2.709900960326194763e-02 9.586941450834274292e-02 2.515673451125621796e-02 6.854210048913955688e-03 9.481450542807579041e-03 2.738689072430133820e-02 2.704466134309768677e-02 3.275442123413085938e-02 3.298182412981987000e-02 4.076106939464807510e-03 2.296818420290946960e-02 2.674930356442928314e-02 4.422432556748390198e-02 1.304250583052635193e-02 3.899466618895530701e-02 4.714493453502655029e-02 4.148525372147560120e-02 7.171177864074707031e-02 6.278249621391296387e-02 3.732192516326904297e-02 4.840677604079246521e-03 2.444527484476566315e-02 6.397789716720581055e-02 9.213148057460784912e-02 1.976122707128524780e-02 3.288809955120086670e-02 2.192505821585655212e-02 5.565676838159561157e-02 1.115874946117401123e-02 3.948352823499590158e-04 4.970390349626541138e-02 6.090458482503890991e-03 2.979679219424724579e-02 5.587866529822349548e-03 1.280541811138391495e-02 4.173016175627708435e-02 4.884991794824600220e-02 4.041978716850280762e-02 2.732110954821109772e-02 9.307762607932090759e-03 4.168012645095586777e-03 2.791468240320682526e-02 6.201857235282659531e-03 6.962367892265319824e-02 1.489840541034936905e-02 4.802218824625015259e-02 3.464888036251068115e-02 3.631797060370445251e-02 4.039914906024932861e-02 3.484361618757247925e-02 3.094628453254699707e-02 1.265665236860513687e-02 6.380854640156030655e-03 6.985389627516269684e-03 3.087790682911872864e-02 1.047328766435384750e-02 6.894115824252367020e-03 1.958406902849674225e-02 3.553184494376182556e-02 4.997946787625551224e-03 1.470669871196150780e-03 1.086130086332559586e-02 1.811664178967475891e-02 3.864800091832876205e-03 3.264117985963821411e-02 2.072774991393089294e-02 3.885262832045555115e-02 1.936893612146377563e-01 4.095986858010292053e-02 3.695454820990562439e-02 9.200317785143852234e-03 1.144291739910840988e-02 1.494710613042116165e-02 6.878924369812011719e-02 3.310102224349975586e-02 1.604903303086757660e-02 3.013873938471078873e-03 2.972116507589817047e-02 1.371024083346128464e-02 6.150271743535995483e-02 8.107750676572322845e-03 5.024974793195724487e-02 3.644097968935966492e-02 1.470285560935735703e-02 1.964624971151351929e-02 3.639452159404754639e-02 5.567643791437149048e-02 5.094413831830024719e-02 3.721985220909118652e-02 4.015675187110900879e-02 9.485176764428615570e-03 2.132254280149936676e-02 7.579518016427755356e-03 5.773895978927612305e-02 2.010022476315498352e-02 2.403725683689117432e-02 2.767970599234104156e-02 2.000909671187400818e-02 4.201070964336395264e-02 2.861460298299789429e-02 3.364374116063117981e-02 2.968253009021282196e-02 3.528621420264244080e-02
1.757667399942874908e-02 4.085566475987434387e-02 9.881812147796154022e-03 1.877092570066452026e-02 3.214266151189804077e-02 8.563471026718616486e-03 2.150895306840538979e-03 3.650901839137077332e-02 1.534615308046340942e-01 5.032346025109291077e-02 4.737158864736557007e-02 2.936048805713653564e-02 5.663839355111122131e-02 2.597674354910850525e-02 3.761755675077438354e-02 5.168034881353378296e-02 4.226963594555854797e-02 7.133565098047256470e-02 1.488510635681450367e-03 3.120701760053634644e-02 2.558494545519351959e-02 5.041663721203804016e-02 2.025437308475375175e-03 2.313003316521644592e-02 1.855559274554252625e-02 7.490599900484085083e-02 5.395339801907539368e-02 5.729863047599792480e-02 4.534806311130523682e-02 9.458515793085098267e-03 2.219434455037117004e-02 3.563804086297750473e-03 2.524473331868648529e-02 1.705468818545341492e-02 1.028918474912643433e-02 3.043385036289691925e-02 3.927435725927352905e-02 4.546685144305229187e-02 1.765456865541636944e-03 6.039952486753463745e-02 5.715569481253623962e-02 1.467510778456926346e-02 3.020728938281536102e-02 1.071374770253896713e-02 9.095905348658561707e-03 9.381384588778018951e-03 1.914145797491073608e-02 2.076788619160652161e-02 8.661575615406036377e-02 5.625519901514053345e-02 6.098385900259017944e-02 6.677155941724777222e-02 3.908695653080940247e-03 3.350569866597652435e-03 1.004338189959526062e-01 3.791483491659164429e-02 1.825067587196826935e-02 5.842749029397964478e-03 7.279612123966217041e-03 1.066073426045477390e-03 5.050831660628318787e-02 1.298674102872610092e-02 5.843714810907840729e-03 1.540406490676105022e-03 1.285284571349620819e-02 5.495706573128700256e-02 2.725713886320590973e-03 5.553339421749114990e-02 8.233772963285446167e-02 7.739775348454713821e-03 4.362083598971366882e-02 6.925730407238006592e-02 2.346794866025447845e-02 9.331898763775825500e-04 1.645729504525661469e-02 8.727344125509262085e-02 9.101054817438125610e-02 5.577827244997024536e-02 6.585769355297088623e-02 2.228969335556030273e-02 2.545511350035667419e-03 6.955949962139129639e-02 1.824674382805824280e-02 5.807922221720218658e-03 2.608308941125869751e-02 6.814659386873245239e-02 5.063210055232048035e-02 1.628850772976875305e-02 5.716458335518836975e-02 2.157417312264442444e-02 1.737569458782672882e-02 2.958261780440807343e-02 3.453126922249794006e-02 3.364703431725502014e-02 1.526005379855632782e-02 5.099874734878540039e-02 3.965537250041961670e-02 7.885634154081344604e-02 3.732695057988166809e-02 3.256812691688537598e-02 4.836792871356010437e-02 2.087123692035675049e-02 3.102382831275463104e-02 4.349764809012413025e-02 9.049372747540473938e-03 4.051421582698822021e-02 2.512551471590995789e-02 5.343195796012878418e-02 4.437267407774925232e-02 2.172058820724487305e-02 3.738892078399658203e-02 1.732296124100685120e-02 2.509656548500061035e-02 2.434341050684452057e-02 3.278227057307958603e-03 6.076667830348014832e-02
1.954516395926475525e-02 6.907495111227035522e-02 2.601460367441177368e-02 3.571052849292755127e-02 1.075613405555486679e-02 4.457787051796913147e-02 7.289978209882974625e-03 9.750386700034141541e-03 5.032346025109291077e-02 1.792345643043518066e-01 3.080407716333866119e-02 6.214717403054237366e-02 3.020470589399337769e-02 6.699274480342864990e-02 3.419334813952445984e-02 6.108503788709640503e-02 2.337061986327171326e-02 1.617921702563762665e-02 1.094401404261589050e-01 5.258241295814514160e-02 3.543896600604057312e-02 8.326175808906555176e-02 4.687648639082908630e-02 2.504229173064231873e-02 3.227729722857475281e-02 5.129788815975189209e-02 7.008145749568939209e-02 1.087986379861831665e-01 4.333136975765228271e-02 1.025485917925834656e-01 2.681966125965118408e-02 1.021352689713239670e-02 2.999473549425601959e-02 4.202114418148994446e-02 5.054581165313720703e-02 4.695825278759002686e-02 1.737039536237716675e-02 6.137070059776306152e-02 1.178564224392175674e-02 1.028008293360471725e-02 1.264183130115270615e-02 3.029078990221023560e-02 2.462374418973922729e-02 2.353263460099697113e-02 5.681052431464195251e-02 8.158424496650695801e-02 3.071119822561740875e-02 4.025944322347640991e-02 4.565733298659324646e-02 1.436717212200164795e-01 2.198441512882709503e-02 5.504903569817543030e-02 3.083472512662410736e-02 1.663365028798580170e-02 3.903817385435104370e-02 1.349310576915740967e-01 7.816207408905029297e-02 5.298436433076858521e-02 3.776865825057029724e-02 2.828605286777019501e-02 3.769847005605697632e-02 5.666460096836090088e-02 7.191363722085952759e-02 7.700198143720626831e-02 8.374243229627609253e-02 3.932379558682441711e-02 2.214705944061279297e-02 2.859041467308998108e-02 3.633030876517295837e-02 9.611577540636062622e-02 5.976266786456108093e-02 3.982270509004592896e-02 5.530901625752449036e-02 8.136336505413055420e-02 6.244851974770426750e-04 7.510600239038467407e-02 8.533781766891479492e-02 8.948912471532821655e-02 4.475853871554136276e-03 1.677011102437973022e-01 2.609507553279399872e-02 2.270796708762645721e-02 1.765681803226470947e-02 1.115759089589118958e-01 1.828941144049167633e-02 6.353860348463058472e-02 3.071786276996135712e-02 3.713983669877052307e-02 1.876309543149545789e-04 8.631658740341663361e-03 7.099859882146120071e-03 2.527896501123905182e-02 2.250790596008300781e-02 1.684907451272010803e-02 3.488032519817352295e-02 1.651995070278644562e-02 1.180019676685333252e-01 1.916869729757308960e-02 3.631048649549484253e-02 3.265934810042381287e-02 5.042666941881179810e-02 1.847051829099655151e-02 5.431567132472991943e-02 5.233411211520433426e-03 6.859212648123502731e-03 2.453253045678138733e-02 5.177235230803489685e-02 2.918404340744018555e-02 8.275518193840980530e-03 6.230845302343368530e-02 5.623776465654373169e-02 5.906632915139198303e-02 6.232583150267601013e-02 8.582216687500476837e-03 2.546782232820987701e-02 2.579836733639240265e-02
3.943631425499916077e-02 5.136967822909355164e-02 5.305568221956491470e-03 4.157719016075134277e-02 4.737518727779388428e-02 7.635875791311264038e-02 1.278232503682374954e-02 3.805188229307532310e-03 4.737158864736557007e-02 3.080407716333866119e-02 1.097618937492370605e-01 4.077292978763580322e-03 1.277865618467330933e-01 3.784718737006187439e-02 8.071052841842174530e-03 1.126969791948795319e-02 1.420308370143175125e-02 9.672235697507858276e-03 7.544152322225272655e-04 5.003499798476696014e-03 3.719422221183776855e-02 2.709244750440120697e-02 3.971565887331962585e-02 3.517644852399826050e-02 2.130548842251300812e-02 1.779627054929733276e-02 9.061660617589950562e-03 5.783028528094291687e-02 4.197070002555847168e-02 1.226906478404998779e-02 3.029219061136245728e-02 5.598564445972442627e-02 6.061227992177009583e-03 1.249050535261631012e-02 4.014759138226509094e-02 1.062944866134785116e-04 1.356560178101062775e-02 2.415987476706504822e-02 2.952030859887599945e-02 5.215765535831451416e-02 7.948623597621917725e-02 4.567124322056770325e-02 5.338826030492782593e-02 2.416631020605564117e-02 3.922338038682937622e-02 5.558184813708066940e-03 1.425645314157009125e-02 1.314831548370420933e-03 3.084461577236652374e-02 2.339283004403114319e-02 1.129885297268629074e-02 1.882145553827285767e-02 4.051124677062034607e-02 9.110122482525184751e-05 1.472172606736421585e-02 1.209959201514720917e-02 5.673108249902725220e-02 4.189623985439538956e-03 1.672552153468132019e-02 3.069567028433084488e-03 3.964843973517417908e-02 2.073791436851024628e-02 2.858894318342208862e-02 1.487853471189737320e-02 7.543378323316574097e-02 5.134013667702674866e-02 2.682768367230892181e-02 6.353528797626495361e-02 2.609419450163841248e-02 7.094009220600128174e-02 1.548600965179502964e-03 3.240576758980751038e-02 3.587753698229789734e-02 3.969137091189622879e-03 9.405248798429965973e-03 2.279020287096500397e-02 7.474216073751449585e-02 2.584248781204223633e-02 3.063707798719406128e-02 2.683937363326549530e-02 6.370408087968826294e-02 3.560886904597282410e-02 1.977486722171306610e-02 2.670198678970336914e-03 1.134640574455261230e-01 9.043771773576736450e-02 1.648703776299953461e-02 3.942924737930297852e-02 1.491846516728401184e-02 8.746087551116943359e-03 5.242624878883361816e-02 8.287266641855239868e-02 1.446299348026514053e-02 5.425951257348060608e-02 2.134525217115879059e-02 6.594129651784896851e-02 1.274118665605783463e-02 2.942842058837413788e-02 1.571204140782356262e-02 5.143362656235694885e-02 3.798376396298408508e-02 4.502618312835693359e-02 2.465275581926107407e-03 2.331521362066268921e-03 4.762898199260234833e-03 3.798840939998626709e-02 1.012813951820135117e-02 2.077898941934108734e-02 1.253116969019174576e-02 1.963468641042709351e-02 3.297238051891326904e-02 4.229202121496200562e-02 1.012985687702894211e-02 5.317266285419464111e-02 6.351385731250047684e-03 1.387554593384265900e-02
5.332349985837936401e-02 6.115745380520820618e-02 3.258741274476051331e-02 4.670631140470504761e-02 7.706172298640012741e-03 5.225480347871780396e-02 2.893532626330852509e-02 3.263062983751296997e-02 2.936048805713653564e-02 6.214717403054237366e-02 4.077292978763580322e-03 1.759230941534042358e-01 3.972630202770233154e-02 1.409507542848587036e-01 3.124542161822319031e-02 4.850687459111213684e-02 3.280753269791603088e-02 3.505621850490570068e-02 1.766110956668853760e-02 2.739390730857849121e-02 1.900674775242805481e-02 5.378376692533493042e-02 5.298159271478652954e-02 3.197260946035385132e-02 1.063722837716341019e-02 5.293417721986770630e-03 5.800374969840049744e-02 7.960920035839080811e-02 6.999737024307250977e-02 8.091609179973602295e-02 5.271341651678085327e-02 1.125557627528905869e-02 1.103412825614213943e-02 5.338638648390769958e-02 2.497567981481552124e-02 1.926067471504211426e-02 1.960824057459831238e-02 8.826769888401031494e-02 1.512634847313165665e-02 5.878801271319389343e-02 2.810699306428432465e-02 2.160489745438098907e-02 3.430602326989173889e-02 4.680611658841371536e-03 2.741413749754428864e-02 3.740720218047499657e-03 1.170285861007869244e-03 4.962217062711715698e-02 7.094243168830871582e-02 8.221756666898727417e-02 9.120850265026092529e-02 7.462754845619201660e-02 6.172330677509307861e-02 3.786301240324974060e-02 5.585344880819320679e-02 6.874365359544754028e-02 2.086608670651912689e-02 1.257264986634254456e-02 6.486517190933227539e-02 5.805931612849235535e-02 5.915791727602481842e-03 1.259461231529712677e-02 1.411897595971822739e-02 2.817276120185852051e-02 6.077744066715240479e-02 2.459102496504783630e-02 7.250295579433441162e-02 6.085272133350372314e-02 3.671670705080032349e-02 3.356904536485671997e-02 6.067288573831319809e-03 4.518058151006698608e-02 4.134831205010414124e-02 5.477621778845787048e-02 2.503428235650062561e-02 4.893245548009872437e-02 9.413120150566101074e-02 3.743575513362884521e-02 2.883817814290523529e-02 4.912212491035461426e-02 9.080343879759311676e-03 1.069393660873174667e-02 3.759368881583213806e-02 4.110303893685340881e-02 5.845235660672187805e-02 1.621453091502189636e-02 4.308210685849189758e-02 1.799294352531433105e-02 1.383064687252044678e-01 9.812828898429870605e-02 6.724129617214202881e-02 8.045239374041557312e-03 6.449353694915771484e-02 3.167702630162239075e-02 3.211113065481185913e-02 4.013832286000251770e-02 1.970614306628704071e-02 5.711236596107482910e-02 3.065331839025020599e-02 3.346661478281021118e-02 3.803427889943122864e-02 6.271978467702865601e-02 2.692065946757793427e-02 9.786523878574371338e-03 4.820457659661769867e-03 2.365373447537422180e-02 3.671345859766006470e-02 3.513783589005470276e-02 4.565896466374397278e-02 5.324399843811988831e-02 9.984387084841728210e-03 1.747827604413032532e-02 1.762780174612998962e-02 4.562820494174957275e-02 4.864105582237243652e-02 1.078057009726762772e-02
9.300160408020019531e-02 1.667930632829666138e-01 7.252749986946582794e-03 1.814190112054347992e-02 8.786199032329022884e-05 9.222561866044998169e-02 7.073703408241271973e-02 7.512642070651054382e-03 5.663839355111122131e-02 3.020470589399337769e-02 1.277865618467330933e-01 3.972630202770233154e-02 1.284018456935882568e-01 5.640447884798049927e-02 1.789164543151855469e-02 2.406311593949794769e-02 4.310380294919013977e-02 2.594602666795253754e-02 3.819327428936958313e-02 3.891025111079216003e-02 3.878871724009513855e-02 4.754702001810073853e-02 4.753020405769348145e-02 7.134278118610382080e-02 1.779759116470813751e-02 5.174160003662109375e-02 5.339600145816802979e-02 1.963722519576549530e-02 1.087742000818252563e-01 2.649336121976375580e-02 5.545090138912200928e-02 6.796183437108993530e-02 2.761612273752689362e-02 3.893864108249545097e-03 1.921929977834224701e-02 3.491364046931266785e-02 1.062468532472848892e-02 8.280303329229354858e-02 2.991445129737257957e-03 7.177066057920455933e-02 1.525585912168025970e-02 4.057329148054122925e-03 1.980496384203433990e-02 6.129937246441841125e-02 3.183514252305030823e-02 1.891211420297622681e-02 1.338501740247011185e-02 4.305635020136833191e-02 5.933754891157150269e-02 5.169792473316192627e-02 3.054540231823921204e-02 7.238459656946361065e-04 2.705652080476284027e-02 4.430052358657121658e-03 3.639307245612144470e-02 4.370619077235460281e-03 2.460537245497107506e-03 1.381562091410160065e-02 1.245182007551193237e-02 5.249103903770446777e-02 1.676733233034610748e-02 4.076155275106430054e-02 9.744058479554951191e-04 1.603487296961247921e-03 3.591966629028320312e-02 4.354945197701454163e-02 3.435211256146430969e-02 1.149435155093669891e-02 4.460914060473442078e-02 7.499880157411098480e-03 3.821982443332672119e-02 2.829069457948207855e-02 1.225066836923360825e-02 2.274764142930507660e-02 1.592434197664260864e-02 3.671639133244752884e-03 6.441922485828399658e-02 5.100515484809875488e-02 3.484075143933296204e-02 6.474989652633666992e-02 4.176580160856246948e-02 1.003641169518232346e-02 3.143339231610298157e-02 3.944896534085273743e-02 9.688923507928848267e-02 1.067276000976562500e-01 1.468844618648290634e-02 4.386582598090171814e-02 3.324653208255767822e-02 4.125310853123664856e-02 8.233229815959930420e-02 2.657378325238823891e-03 2.535672299563884735e-02 4.142637550830841064e-02 5.677876248955726624e-02 6.908404827117919922e-02 1.469587162137031555e-02 2.287111803889274597e-02 2.588198706507682800e-02 2.195638604462146759e-02 4.690485447645187378e-02 1.028242800384759903e-02 4.431698098778724670e-02 2.302077598869800568e-02 7.121092639863491058e-03 2.761980704963207245e-02 6.547638773918151855e-02 4.437051247805356979e-03 4.510321468114852905e-02 5.345894768834114075e-02 5.512893572449684143e-02 7.236355915665626526e-03 2.829368598759174347e-02 2.534451894462108612e-02 3.959702793508768082e-03 4.421636089682579041e-02
