1.143239736557006836e-01 1.177628189325332642e-01 1.913024461828172207e-03 3.124405816197395325e-02 3.011334128677845001e-02 1.213012710213661194e-01 1.116299331188201904e-01 5.565927922725677490e-02 6.682966835796833038e-03 1.744833588600158691e-02 1.055875569581985474e-01 4.392651095986366272e-02 9.022707492113113403e-02 4.132721945643424988e-02 4.249707236886024475e-02 5.079982057213783264e-02 4.558610171079635620e-02 1.092222146689891815e-02 3.248514607548713684e-02 6.146355066448450089e-03 2.862560376524925232e-02 4.182133078575134277e-02 2.700433833524584770e-03 2.575872093439102173e-02 3.113272972404956818e-02 5.734632164239883423e-02 1.742819882929325104e-02 3.599628107622265816e-04 2.020253014052286744e-04 6.122000515460968018e-02 2.684155851602554321e-02 6.417925469577312469e-03 1.846051774919033051e-02 1.144411135464906693e-02 3.114275261759757996e-02 2.787730097770690918e-02 6.529195234179496765e-04 5.399384349584579468e-02 8.955024182796478271e-03 1.052241027355194092e-02 3.335725050419569016e-04 9.064689278602600098e-03 6.033701822161674500e-02 2.771937660872936249e-02 4.180979356169700623e-02 4.515088722109794617e-02 8.004181832075119019e-02 6.181268766522407532e-02 4.149325191974639893e-03 4.501605033874511719e-02 5.568535416387021542e-04 3.534761816263198853e-02 2.008254267275333405e-02 1.106755342334508896e-02 1.105731818825006485e-02 4.286297410726547241e-02 2.157290652394294739e-02 2.882153913378715515e-02 3.832116024568676949e-03 1.283190120011568069e-02 8.698321878910064697e-03 2.797318436205387115e-02 1.904112473130226135e-02 2.752864174544811249e-02 5.478598922491073608e-02 4.208776727318763733e-02 9.838995523750782013e-03 1.883216947317123413e-02 3.172063454985618591e-02 8.391783572733402252e-03 3.688412904739379883e-02 2.320574596524238586e-02 4.956448450684547424e-02 3.163985162973403931e-02 4.535259306430816650e-02 1.330325100570917130e-02 4.750030115246772766e-02 6.089336704462766647e-03 3.670770302414894104e-02 2.248418051749467850e-03 6.448981910943984985e-02 7.816150039434432983e-02 2.844912745058536530e-02 2.924723783507943153e-03 4.383179359138011932e-03 2.904479391872882843e-02 3.662118688225746155e-02 2.782041847240179777e-04 3.571576625108718872e-02 1.773573085665702820e-02 7.690234109759330750e-03 5.063430219888687134e-02 5.855674389749765396e-03 3.005580045282840729e-02 2.546996437013149261e-02 1.851192791946232319e-03 1.806942932307720184e-02 4.773410782217979431e-02 3.218601644039154053e-02 1.984630711376667023e-02 2.149634249508380890e-02 4.103232547640800476e-02 1.861594431102275848e-02 5.444772168993949890e-02 2.292054332792758942e-02 2.857417240738868713e-02 2.799307927489280701e-02 3.162592649459838867e-02 3.159967437386512756e-02 1.828873343765735626e-02 1.827362738549709320e-02 4.253285471349954605e-03 1.234909798949956894e-02 4.845107439905405045e-03 3.894969075918197632e-02 1.312642544507980347e-02
1.177628189325332642e-01 1.319803446531295776e-01 1.596521399915218353e-02 3.685557842254638672e-02 7.478458341211080551e-03 1.060424447059631348e-01 1.170239448547363281e-01 6.493920087814331055e-02 2.964378334581851959e-02 4.891482368111610413e-02 9.007456153631210327e-02 6.277043372392654419e-02 9.372124075889587402e-02 7.280854880809783936e-02 4.886323958635330200e-02 4.381638392806053162e-02 5.160839483141899109e-02 1.375981839373707771e-03 5.047456175088882446e-02 2.059148997068405151e-02 2.826582640409469604e-02 3.761337324976921082e-02 3.701202198863029480e-02 3.326026350259780884e-02 2.271360717713832855e-02 3.260925412178039551e-02 4.620661213994026184e-02 7.933530956506729126e-02 8.564818650484085083e-03 9.543997794389724731e-02 2.573547698557376862e-02 6.643864326179027557e-03 4.147474188357591629e-03 1.430000178515911102e-02 2.539019333198666573e-03 2.713327482342720032e-02 4.918085411190986633e-03 5.146812647581100464e-02 3.985735401511192322e-02 3.708824142813682556e-02 3.730534762144088745e-02 2.198233641684055328e-02 3.091550804674625397e-02 4.574701935052871704e-02 1.995938085019588470e-02 6.567698717117309570e-02 9.753490984439849854e-02 8.227854967117309570e-02 3.173935040831565857e-02 3.107564710080623627e-02 1.338764373213052750e-02 1.390101760625839233e-02 1.976472325623035431e-02 2.723706886172294617e-02 5.228264257311820984e-02 1.462932676076889038e-02 2.491787634789943695e-02 6.576005369424819946e-02 2.478111302480101585e-03 5.758262239396572113e-03 9.088614024221897125e-03 1.434519980102777481e-02 3.098328411579132080e-02 2.517262659966945648e-02 4.262569919228553772e-02 4.687446169555187225e-03 1.963219977915287018e-02 1.409337017685174942e-02 2.187980804592370987e-03 4.971873387694358826e-02 1.410837657749652863e-02 2.026793174445629120e-02 5.103304237127304077e-02 3.793166577816009521e-02 1.503319106996059418e-02 8.168062195181846619e-03 4.776212444994598627e-04 5.181547626852989197e-02 1.406109309755265713e-03 3.709141165018081665e-02 6.814134865999221802e-02 5.138305574655532837e-02 1.923312619328498840e-02 7.286451291292905807e-03 1.549603301100432873e-03 2.820431999862194061e-02 3.162752091884613037e-02 2.171967923641204834e-02 4.445381835103034973e-02 7.847124338150024414e-02 4.745940864086151123e-02 4.585826024413108826e-02 5.567112937569618225e-02 4.076844453811645508e-02 3.768358146771788597e-03 4.943457432091236115e-03 1.417293958365917206e-02 5.577413365244865417e-02 3.408607468008995056e-02 9.416416287422180176e-03 3.902043402194976807e-02 3.439706936478614807e-02 4.203068837523460388e-02 3.688652813434600830e-02 6.657763384282588959e-03 4.672937467694282532e-02 7.057437300682067871e-02 3.617118299007415771e-02 2.633189409971237183e-02 1.913597621023654938e-02 6.456780247390270233e-03 7.968374527990818024e-03 8.588970522396266460e-04 1.651258952915668488e-02 1.076476555317640305e-02 3.157048299908638000e-02
1.913024461828172207e-03 1.596521399915218353e-02 3.872317075729370117e-02 6.684957537800073624e-03 3.068104153499007225e-03 1.667765155434608459e-02 1.664500124752521515e-02 1.007805988192558289e-01 9.307136386632919312e-02 5.489123985171318054e-02 4.646021127700805664e-02 7.049199938774108887e-02 8.988636545836925507e-03 2.446067892014980316e-02 3.659916669130325317e-02 5.526421219110488892e-02 6.548573076725006104e-02 3.923933580517768860e-02 9.661657363176345825e-02 8.919297717511653900e-03 2.271564304828643799e-02 2.602829411625862122e-02 3.166142851114273071e-02 2.636967226862907410e-02 4.261037707328796387e-02 4.858231544494628906e-02 4.958471283316612244e-02 3.842062875628471375e-02 4.163727164268493652e-02 4.814041778445243835e-02 4.850296303629875183e-02 3.848366439342498779e-02 7.854300551116466522e-03 5.643434077501296997e-02 1.922745257616043091e-02 5.562877655029296875e-02 4.162134602665901184e-02 1.113378480076789856e-01 6.485184282064437866e-02 4.410599172115325928e-02 9.224123507738113403e-02 7.196858525276184082e-02 2.437505125999450684e-02 1.532585173845291138e-01 2.590043283998966217e-02 9.909343719482421875e-02 2.916581183671951294e-02 5.862389877438545227e-02 2.216296270489692688e-02 1.267756707966327667e-02 6.231966614723205566e-02 4.876241460442543030e-02 1.587003841996192932e-02 1.333338115364313126e-02 4.551311209797859192e-02 4.040773957967758179e-02 4.139612615108489990e-02 4.984389618039131165e-02 6.860630959272384644e-02 1.264883298426866531e-02 4.402515292167663574e-02 5.505897849798202515e-02 7.399437483400106430e-03 1.115551451221108437e-03 5.203103646636009216e-02 8.146277815103530884e-02 2.905525639653205872e-02 5.118439719080924988e-02 7.765657734125852585e-03 3.141831979155540466e-02 2.457771264016628265e-02 2.861075103282928467e-02 4.988725110888481140e-02 1.834785938262939453e-02 8.372846059501171112e-04 3.434925526380538940e-02 7.165695726871490479e-02 2.831432595849037170e-02 5.898727476596832275e-02 4.648843407630920410e-02 1.703836619853973389e-01 1.156030520796775818e-01 2.792895399034023285e-02 2.650997415184974670e-02 5.933744087815284729e-02 4.890101402997970581e-02 3.053435869514942169e-02 1.009528562426567078e-01 1.545244902372360229e-01 1.161646191030740738e-02 4.113838821649551392e-02 3.826875612139701843e-02 1.752695441246032715e-02 6.514052301645278931e-02 2.178556099534034729e-02 3.855660557746887207e-02 1.628123968839645386e-02 2.777834050357341766e-02 4.077350720763206482e-02 2.747186645865440369e-02 1.347966305911540985e-02 4.169476404786109924e-02 4.684852063655853271e-02 3.404356539249420166e-02 7.898464798927307129e-02 3.622817620635032654e-02 8.076061308383941650e-02 2.366045117378234863e-02 2.480650693178176880e-02 1.038264632225036621e-01 1.229453161358833313e-01 1.558662205934524536e-01 3.668023273348808289e-02 6.758471578359603882e-02 5.895759537816047668e-02 4.955544136464595795e-03
3.124405816197395325e-02 3.685557842254638672e-02 6.684957537800073624e-03 5.124035477638244629e-02 1.050341874361038208e-01 3.178907558321952820e-02 3.941399976611137390e-03 6.899977475404739380e-02 5.293856933712959290e-02 1.578137092292308807e-02 1.390412822365760803e-02 2.721951901912689209e-02 4.061072599142789841e-03 4.995311051607131958e-02 2.172871492803096771e-02 3.500927612185478210e-02 1.302066445350646973e-02 4.093605279922485352e-02 2.540697716176509857e-02 6.679189857095479965e-03 2.176647447049617767e-02 4.626622796058654785e-02 2.434642799198627472e-02 1.109623908996582031e-02 1.739817671477794647e-02 3.751683980226516724e-02 1.801775209605693817e-02 3.431885689496994019e-02 3.238070011138916016e-02 2.658080682158470154e-02 1.384106837213039398e-02 2.974615246057510376e-02 3.942289203405380249e-02 3.882481483742594719e-03 3.605737909674644470e-02 3.637263784185051918e-03 1.572255627252161503e-03 1.018927898257970810e-02 5.544906482100486755e-02 7.380386348813772202e-03 7.625825237482786179e-03 1.141384150832891464e-02 5.160884466022253036e-03 4.951722547411918640e-02 1.747951097786426544e-02 3.322883509099483490e-03 1.632922142744064331e-02 1.081700623035430908e-02 3.038225509226322174e-02 7.607811689376831055e-02 5.780430510640144348e-03 1.697902008891105652e-02 2.443650364875793457e-02 2.211585268378257751e-02 6.711491732858121395e-04 5.543705075979232788e-03 5.025980249047279358e-02 7.759404182434082031e-02 6.119743455201387405e-03 1.402519457042217255e-02 9.814204275608062744e-02 4.358064755797386169e-02 1.453277170658111572e-01 5.898448452353477478e-02 2.712761750444769859e-03 2.051928266882896423e-02 1.083680707961320877e-02 1.969939097762107849e-03 2.385128848254680634e-02 2.390587516129016876e-02 7.114749401807785034e-02 2.710119821131229401e-02 1.095813289284706116e-01 3.666402772068977356e-02 3.119172900915145874e-02 1.845365762710571289e-02 2.489051967859268188e-02 8.081779815256595612e-03 1.233534049242734909e-02 6.650545448064804077e-02 6.009918451309204102e-02 1.795446150936186314e-03 2.885483577847480774e-02 4.996266588568687439e-02 1.256021670997142792e-02 4.445482790470123291e-02 8.251544088125228882e-03 3.216139227151870728e-02 3.047084622085094452e-02 6.732830312103033066e-03 2.107544057071208954e-02 4.875378683209419250e-02 7.615353446453809738e-03 1.218256447464227676e-02 3.661676496267318726e-02 1.214220654219388962e-02 9.553360193967819214e-02 1.574297249317169189e-02 7.221410050988197327e-03 1.487589254975318909e-02 2.009725756943225861e-02 2.520694956183433533e-02 6.932036485522985458e-03 1.243031490594148636e-02 2.422079443931579590e-03 4.011664912104606628e-02 7.856182008981704712e-02 5.413760617375373840e-02 2.990251593291759491e-02 2.672333829104900360e-02 1.356669981032609940e-02 2.245622873306274414e-02 4.892051592469215393e-02 4.596295952796936035e-02 3.987516101915389299e-04 3.622421249747276306e-02
3.011334128677845001e-02 7.478458341211080551e-03 3.068104153499007225e-03 1.050341874361038208e-01 8.659987151622772217e-02 3.308571875095367432e-02 1.887742802500724792e-02 1.179533265531063080e-02 3.302348777651786804e-02 6.858401000499725342e-02 2.233804762363433838e-02 1.077928766608238220e-02 1.898281648755073547e-02 3.567174449563026428e-02 3.140014782547950745e-02 2.833828702569007874e-02 1.569876261055469513e-02 1.228674221783876419e-02 7.715882360935211182e-02 1.063802279531955719e-02 3.192235901951789856e-02 2.609909139573574066e-02 3.172650188207626343e-02 3.177114762365818024e-03 7.672731764614582062e-03 4.993981495499610901e-02 1.992897689342498779e-02 6.608743965625762939e-02 2.790044620633125305e-02 5.724642798304557800e-02 2.896226756274700165e-02 1.238064747303724289e-02 8.313462138175964355e-02 2.928981557488441467e-02 5.288712307810783386e-02 1.048557385802268982e-01 4.838946089148521423e-02 7.470274716615676880e-02 4.955653846263885498e-02 7.199773937463760376e-02 2.114491164684295654e-02 6.254728883504867554e-02 4.093376919627189636e-02 3.618265734985470772e-03 1.868685521185398102e-02 1.084486115723848343e-02 9.483290836215019226e-03 1.811121031641960144e-02 5.525089427828788757e-02 1.316987723112106323e-01 2.886266447603702545e-02 2.438922971487045288e-02 6.055023148655891418e-02 1.843370683491230011e-02 2.174729853868484497e-02 8.823964744806289673e-04 2.483754791319370270e-02 4.504740610718727112e-02 4.999522119760513306e-02 5.299948155879974365e-02 2.619126252830028534e-02 7.898107171058654785e-03 7.819787412881851196e-02 1.733364723622798920e-02 3.529451787471771240e-02 4.223071970045566559e-03 1.828370243310928345e-02 1.375991199165582657e-02 5.877076461911201477e-02 7.732778042554855347e-02 7.606191094964742661e-03 3.363766148686408997e-02 6.705038715153932571e-03 4.245452582836151123e-02 1.083393320441246033e-01 3.159281983971595764e-02 4.115733131766319275e-02 5.759222432971000671e-02 2.030391804873943329e-02 7.154066860675811768e-02 9.375295601785182953e-03 3.234769031405448914e-02 8.675959706306457520e-02 1.097178906202316284e-01 4.333386197686195374e-02 1.476186886429786682e-02 1.162486849352717400e-03 4.893060773611068726e-02 5.516306683421134949e-02 7.191126048564910889e-02 4.856598004698753357e-02 3.130320832133293152e-02 3.269948065280914307e-02 4.987029731273651123e-02 3.374953940510749817e-02 3.271410986781120300e-02 5.757860466837882996e-02 5.812292918562889099e-03 2.892697229981422424e-02 7.768030045554041862e-04 2.028360404074192047e-02 5.404093099059537053e-05 5.570289120078086853e-02 3.324504941701889038e-02 1.559610012918710709e-02 3.016373887658119202e-02 2.629396505653858185e-02 9.590764343738555908e-02 1.564906723797321320e-02 2.500122971832752228e-02 4.589582234621047974e-02 2.077553421258926392e-02 2.407494001090526581e-02 2.554867044091224670e-02 3.315124660730361938e-02 4.060203209519386292e-02
1.213012710213661194e-01 1.060424447059631348e-01 1.667765155434608459e-02 3.178907558321952820e-02 3.308571875095367432e-02 1.422511935234069824e-01 2.104521691799163818e-01 4.268814623355865479e-02 1.442290004342794418e-02 8.574521169066429138e-03 1.232700943946838379e-01 8.529540896415710449e-02 9.973898530006408691e-02 7.757619768381118774e-02 4.897524602711200714e-03 8.967543020844459534e-03 2.297376515343785286e-03 6.413225084543228149e-03 2.031811513006687164e-02 1.582785882055759430e-02 8.080184488790109754e-05 1.206064689904451370e-02 3.621120378375053406e-02 6.085559725761413574e-03 1.845369860529899597e-02 2.368845790624618530e-02 4.815014079213142395e-03 4.157090932130813599e-02 4.108774289488792419e-02 4.850911721587181091e-02 6.021972000598907471e-02 2.747505204752087593e-03 1.608715020120143890e-02 2.396089723333716393e-03 1.961311139166355133e-02 3.112748032435774803e-03 2.690766938030719757e-02 2.494999580085277557e-02 2.893347293138504028e-02 3.233474446460604668e-03 8.524100296199321747e-03 4.890105128288269043e-02 3.271584585309028625e-02 3.527439385652542114e-02 1.495970040559768677e-02 3.979593142867088318e-02 1.346139311790466309e-01 1.073098555207252502e-01 3.901967406272888184e-02 1.495305169373750687e-02 4.679078236222267151e-02 1.391179580241441727e-02 2.181429043412208557e-02 3.164677321910858154e-02 3.488312289118766785e-02 2.085646241903305054e-02 2.027621120214462280e-02 4.074478894472122192e-02 1.001148112118244171e-02 4.002791829407215118e-03 1.800264790654182434e-02 4.901314526796340942e-02 2.489419281482696533e-02 2.341836132109165192e-02 2.220494858920574188e-02 1.843173801898956299e-02 6.052034441381692886e-03 1.227941596880555153e-03 1.151420525275170803e-03 2.357068099081516266e-02 1.641145348548889160e-02 3.463442623615264893e-02 2.413387643173336983e-03 5.873314291238784790e-02 5.669706966727972031e-03 5.648931954056024551e-03 1.727405749261379242e-02 6.599711719900369644e-03 3.736114874482154846e-02 8.305530063807964325e-04 8.436899632215499878e-02 4.138499125838279724e-02 1.613574475049972534e-02 2.266595698893070221e-02 1.717051304876804352e-02 5.395466089248657227e-02 3.044091165065765381e-02 7.275195419788360596e-02 4.512258619070053101e-02 3.090196987614035606e-03 4.593127220869064331e-02 1.317075360566377640e-02 4.285644367337226868e-02 5.537997931241989136e-02 7.144970353692770004e-03 2.770585007965564728e-02 2.762089855968952179e-02 2.032135054469108582e-02 7.375143002718687057e-03 5.187882855534553528e-02 2.223558351397514343e-02 4.769382253289222717e-02 1.898803166113793850e-03 1.023039594292640686e-02 1.082945242524147034e-02 2.422562986612319946e-02 3.264755383133888245e-02 3.671633452177047729e-02 3.957924991846084595e-02 5.066376924514770508e-02 1.206507161259651184e-02 1.828371360898017883e-02 1.763428933918476105e-02 1.540278457105159760e-02 8.552428334951400757e-03 1.990482956171035767e-02
1.116299331188201904e-01 1.170239448547363281e-01 1.664500124752521515e-02 3.941399976611137390e-03 1.887742802500724792e-02 2.104521691799163818e-01 1.410594731569290161e-01 3.754614293575286865e-02 1.504086889326572418e-02 3.092933446168899536e-02 1.425509154796600342e-01 3.314838930964469910e-02 1.096267104148864746e-01 9.045062214136123657e-02 2.108347602188587189e-02 7.769296644255518913e-05 2.533252583816647530e-03 3.366545215249061584e-02 1.249444612767547369e-04 1.030032802373170853e-02 1.158771291375160217e-02 1.681260205805301666e-02 1.745573990046977997e-02 4.852278530597686768e-02 2.491049095988273621e-02 1.543402485549449921e-02 2.434088848531246185e-02 2.432238310575485229e-02 1.880134642124176025e-02 1.743134856224060059e-02 2.770784078165888786e-03 4.803474992513656616e-03 3.784348070621490479e-02 5.203577131032943726e-02 5.599839147180318832e-03 6.101531162858009338e-02 2.054622955620288849e-02 9.809405542910099030e-03 4.806594457477331161e-03 2.848042920231819153e-02 5.812390521168708801e-02 3.342140989843755960e-04 8.491397649049758911e-02 4.604626819491386414e-02 6.575381383299827576e-03 3.730879724025726318e-02 1.327290087938308716e-01 1.400996595621109009e-01 1.367063913494348526e-02 5.913591012358665466e-02 2.864029258489608765e-03 2.944915369153022766e-02 6.947878748178482056e-02 5.505179986357688904e-02 5.675994791090488434e-03 1.731564477086067200e-02 4.366168379783630371e-02 1.651976956054568291e-03 4.094716161489486694e-02 3.024808131158351898e-02 2.850587479770183563e-02 9.394347667694091797e-03 2.401712909340858459e-02 1.543541066348552704e-02 1.507406681776046753e-02 1.417474169284105301e-02 2.908600494265556335e-02 3.695583716034889221e-02 1.831356203183531761e-03 2.230667881667613983e-02 1.767009496688842773e-02 2.014306606724858284e-03 1.765026897192001343e-02 7.130529731512069702e-02 5.966699495911598206e-02 3.426134213805198669e-02 4.955065995454788208e-02 1.331730466336011887e-02 2.538778586313128471e-03 3.136869752779603004e-03 2.148194983601570129e-02 2.345629269257187843e-03 5.415461491793394089e-03 3.523421939462423325e-03 1.828318461775779724e-02 1.444591768085956573e-02 1.731416396796703339e-02 6.166983395814895630e-02 4.771598614752292633e-03 1.802536286413669586e-02 3.151734825223684311e-03 2.766736410558223724e-02 8.488138765096664429e-02 8.919947594404220581e-02 1.475412305444478989e-02 2.341066487133502960e-02 4.947411827743053436e-03 3.885064646601676941e-02 2.523153321817517281e-03 6.686845421791076660e-02 3.571955114603042603e-02 3.330393135547637939e-02 8.413245901465415955e-03 3.767512738704681396e-02 4.613715782761573792e-02 4.226504638791084290e-02 4.367482662200927734e-02 5.144258588552474976e-02 1.304513541981577873e-03 7.006207015365362167e-03 5.502203013747930527e-03 1.357372663915157318e-02 8.858126588165760040e-03 3.703184798359870911e-02 3.581640869379043579e-02 3.479534760117530823e-02
5.565927922725677490e-02 6.493920087814331055e-02 1.007805988192558289e-01 6.899977475404739380e-02 1.179533265531063080e-02 4.268814623355865479e-02 3.754614293575286865e-02 2.483242005109786987e-02 6.136324256658554077e-02 1.531194429844617844e-02 2.198956906795501709e-02 4.981564823538064957e-03 2.936420217156410217e-02 3.890329971909523010e-02 4.170188680291175842e-02 4.579418152570724487e-02 2.938889525830745697e-02 6.569439079612493515e-03 4.804430156946182251e-02 2.768708765506744385e-02 5.654286593198776245e-02 1.077628321945667267e-02 5.625803489238023758e-03 1.431663986295461655e-02 7.599454373121261597e-02 2.469920180737972260e-02 5.388296023011207581e-02 5.856135394424200058e-03 3.841096907854080200e-02 2.714674919843673706e-02 3.368496618350036442e-05 5.322939530014991760e-02 6.094700098037719727e-02 3.795682266354560852e-02 5.475464463233947754e-02 2.975552529096603394e-02 1.055002957582473755e-02 1.162156909704208374e-01 5.857097450643777847e-03 3.055999800562858582e-02 3.171798959374427795e-02 5.751381069421768188e-02 2.060479670763015747e-02 5.562219396233558655e-02 9.438205510377883911e-02 5.485407635569572449e-02 1.791568705812096596e-03 3.609293326735496521e-02 1.741633005440235138e-02 4.578609764575958252e-02 9.379106014966964722e-02 1.366804689168930054e-01 6.069159507751464844e-02 5.050731822848320007e-02 1.647986355237662792e-03 1.252265553921461105e-02 1.726716943085193634e-02 8.458992838859558105e-02 4.188302159309387207e-02 4.343300685286521912e-02 3.803125023841857910e-02 1.769531518220901489e-02 7.459847629070281982e-02 5.858400091528892517e-02 4.179451987147331238e-02 6.091661378741264343e-02 1.497947983443737030e-02 1.697190664708614349e-02 3.590824455022811890e-02 4.005322698503732681e-03 5.997015163302421570e-02 1.026282552629709244e-02 7.051799912005662918e-03 5.489566549658775330e-02 1.740956678986549377e-02 4.374202713370323181e-02 3.786392137408256531e-02 1.127860397100448608e-01 2.220497000962495804e-03 9.088274091482162476e-02 2.609124183654785156e-01 1.644386649131774902e-01 2.825975418090820312e-02 4.054981097579002380e-02 2.235108055174350739e-03 8.800383657217025757e-02 1.138438582420349121e-01 1.622124575078487396e-02 5.647613480687141418e-02 7.665418833494186401e-02 5.112497508525848389e-02 2.212825417518615723e-02 5.796494334936141968e-02 2.220200933516025543e-02 3.107041679322719574e-02 4.171410202980041504e-02 2.417934872210025787e-02 1.080742222256958485e-03 1.994064822793006897e-02 1.051378622651100159e-01 1.464096736162900925e-02 3.378910198807716370e-02 1.038285940885543823e-01 2.264989726245403290e-02 1.846882887184619904e-02 2.755950577557086945e-02 6.941111385822296143e-02 1.623429171741008759e-02 1.624137657927349210e-04 9.418068826198577881e-02 8.285042643547058105e-02 3.517634933814406395e-03 6.794989854097366333e-02 3.592260181903839111e-02 4.138727486133575439e-02 4.913230240345001221e-02
6.682966835796833038e-03 2.964378334581851959e-02 9.307136386632919312e-02 5.293856933712959290e-02 3.302348777651786804e-02 1.442290004342794418e-02 1.504086889326572418e-02 6.136324256658554077e-02 6.127920746803283691e-02 9.887600690126419067e-02 7.131158839911222458e-03 4.838832840323448181e-02 2.653473056852817535e-02 3.220624849200248718e-02 9.857536107301712036e-02 1.940239779651165009e-02 1.384160574525594711e-02 1.211911886930465698e-01 2.292810752987861633e-02 4.585966467857360840e-02 2.219221740961074829e-02 4.031699895858764648e-02 1.601138338446617126e-02 3.799951449036598206e-02 6.427667569369077682e-03 2.896230295300483704e-02 6.326766312122344971e-02 4.220173507928848267e-02 3.282023966312408447e-02 2.169177122414112091e-02 7.743272185325622559e-02 2.353703137487173080e-03 6.326661258935928345e-02 1.761709526181221008e-02 2.296961285173892975e-02 6.228308379650115967e-02 2.185316570103168488e-02 3.553910553455352783e-02 3.865533322095870972e-02 2.152403816580772400e-02 2.983633242547512054e-02 2.789895050227642059e-02 9.858834557235240936e-03 5.404555238783359528e-03 1.268547587096691132e-02 8.141804486513137817e-02 1.514464337378740311e-02 2.506900019943714142e-02 1.100079491734504700e-01 6.513765454292297363e-02 9.077055752277374268e-02 9.004285186529159546e-02 3.976314514875411987e-02 2.421905100345611572e-02 7.764855772256851196e-02 2.822749130427837372e-02 4.307963326573371887e-02 5.266800522804260254e-02 4.005715623497962952e-02 2.083790116012096405e-02 3.652099519968032837e-02 5.034689977765083313e-02 4.060728475451469421e-02 5.243173986673355103e-02 1.844943314790725708e-02 8.048485964536666870e-02 1.017707493156194687e-02 4.052833840250968933e-02 1.332125067710876465e-01 4.116146266460418701e-02 3.021110221743583679e-02 5.461237207055091858e-02 4.152235388755798340e-02 3.296966105699539185e-02 5.378467217087745667e-02 8.135037124156951904e-02 1.745402365922927856e-01 4.624994471669197083e-02 1.349419951438903809e-01 1.785291731357574463e-02 2.564771845936775208e-02 1.901617855764925480e-03 3.891179710626602173e-02 3.940615057945251465e-02 5.132067576050758362e-02 9.662504494190216064e-02 1.724477275274693966e-03 1.022958103567361832e-02 9.600174427032470703e-02 4.269617423415184021e-02 2.244377322494983673e-02 7.450034376233816147e-03 1.429728418588638306e-02 3.580907825380563736e-03 7.252395153045654297e-03 2.471335045993328094e-02 2.489110641181468964e-02 2.662754990160465240e-02 9.241434745490550995e-03 6.524807214736938477e-02 3.661866486072540283e-02 4.478003364056348801e-03 8.328290656208992004e-03 5.761852487921714783e-02 7.139285560697317123e-03 5.233506858348846436e-02 5.964739993214607239e-02 9.196644276380538940e-02 4.790059849619865417e-02 3.549585351720452309e-03 3.274447843432426453e-02 1.967832911759614944e-03 1.409815531224012375e-02 6.057431455701589584e-03 8.843502728268504143e-04 2.846172777935862541e-03
1.744833588600158691e-02 4.891482368111610413e-02 5.489123985171318054e-02 1.578137092292308807e-02 6.858401000499725342e-02 8.574521169066429138e-03 3.092933446168899536e-02 1.531194429844617844e-02 9.887600690126419067e-02 8.923551999032497406e-03 5.781913176178932190e-03 3.436549380421638489e-02 1.675507612526416779e-02 1.540081482380628586e-02 1.399002876132726669e-02 3.880336880683898926e-02 2.189519070088863373e-02 1.143186935223639011e-03 8.764158189296722412e-02 2.289891429245471954e-02 4.348405636847019196e-03 2.379886060953140259e-02 3.516473341733217239e-03 2.407200075685977936e-02 9.766018949449062347e-03 3.741401806473731995e-02 4.229195415973663330e-02 1.264320965856313705e-02 4.915952309966087341e-02 7.814881391823291779e-03 5.533764883875846863e-02 6.749541312456130981e-02 6.900376081466674805e-02 5.979162454605102539e-02 1.925617456436157227e-02 6.376892793923616409e-03 7.327301055192947388e-02 1.370427780784666538e-03 3.681389614939689636e-02 4.757934063673019409e-02 6.964962463825941086e-03 4.005588591098785400e-02 1.271017477847635746e-03 4.346314072608947754e-02 8.330775052309036255e-02 3.001951798796653748e-02 3.560472279787063599e-02 3.630325198173522949e-02 1.840536860981956124e-04 5.907612666487693787e-02 4.301387444138526917e-02 5.063813924789428711e-02 2.103584073483943939e-02 2.194845862686634064e-02 1.019155420362949371e-02 8.992205560207366943e-02 3.014915995299816132e-02 4.564079269766807556e-02 2.298179641366004944e-02 2.751494385302066803e-02 4.869816824793815613e-02 4.882200062274932861e-02 1.994066871702671051e-02 3.932511061429977417e-02 7.133449614048004150e-02 2.253509126603603363e-02 1.837649755179882050e-02 2.679128944873809814e-02 7.316131144762039185e-02 4.051319882273674011e-02 6.852629035711288452e-02 1.846808940172195435e-02 7.823622785508632660e-03 6.878810375928878784e-02 6.447771191596984863e-02 3.482614993117749691e-04 1.570020616054534912e-02 7.471837848424911499e-02 4.619705956429243088e-03 1.798209734261035919e-02 4.903732612729072571e-02 3.812949731945991516e-02 1.762808486819267273e-02 5.599388852715492249e-02 1.069122925400733948e-02 4.538947343826293945e-02 4.291704297065734863e-02 3.298200294375419617e-02 4.828400537371635437e-02 1.798108592629432678e-02 4.469382762908935547e-02 1.435085665434598923e-03 1.144682615995407104e-02 1.185301411896944046e-02 3.709769248962402344e-02 6.242893170565366745e-03 6.157456431537866592e-03 2.795317023992538452e-02 1.418766623828560114e-04 1.485414151102304459e-02 1.161043997853994370e-02 2.124660648405551910e-02 5.089329183101654053e-02 6.516134738922119141e-02 3.323812782764434814e-02 4.697877168655395508e-02 1.135883945971727371e-02 3.151733055710792542e-02 3.163445042446255684e-03 3.745664283633232117e-02 2.061848761513829231e-03 5.269440356642007828e-03 5.919081717729568481e-02 1.902669109404087067e-02 6.682061403989791870e-02 8.959428220987319946e-02
1.055875569581985474e-01 9.007456153631210327e-02 4.646021127700805664e-02 1.390412822365760803e-02 2.233804762363433838e-02 1.232700943946838379e-01 1.425509154796600342e-01 2.198956906795501709e-02 7.131158839911222458e-03 5.781913176178932190e-03 1.554399281740188599e-01 2.480593137443065643e-02 9.445100277662277222e-02 6.308880168944597244e-03 1.799835637211799622e-02 4.951739311218261719e-02 2.751894667744636536e-02 1.528208423405885696e-02 3.959426283836364746e-02 3.791073337197303772e-02 1.963990181684494019e-02 2.264084108173847198e-02 9.324932470917701721e-03 3.220524266362190247e-02 1.677617430686950684e-02 2.407272346317768097e-02 2.294423617422580719e-02 4.900452494621276855e-02 2.461574040353298187e-02 1.482488773763179779e-02 2.431281842291355133e-02 7.113420870155096054e-03 1.790272444486618042e-02 1.402532588690519333e-02 2.961504040285944939e-03 7.694792002439498901e-02 1.007688231766223907e-02 2.041849365923553705e-04 1.666369475424289703e-02 2.879706583917140961e-02 9.351764805614948273e-03 2.546374499797821045e-02 3.510176762938499451e-02 5.179968103766441345e-02 2.972150780260562897e-02 6.845016032457351685e-03 1.024974733591079712e-01 8.106207102537155151e-02 1.095697376877069473e-02 1.495601143687963486e-02 3.728735819458961487e-02 2.235358394682407379e-02 1.531516294926404953e-02 1.157443854026496410e-03 5.001692101359367371e-03 5.702114198356866837e-03 2.013347670435905457e-02 8.102241903543472290e-03 2.663014829158782959e-02 1.139002200216054916e-02 5.250779166817665100e-02 6.118429452180862427e-02 1.449636556208133698e-02 2.491264231503009796e-02 4.889738187193870544e-02 7.055336982011795044e-02 3.304923651739954948e-03 1.530325878411531448e-02 1.324391737580299377e-02 3.925376012921333313e-02 2.260078303515911102e-02 1.987158320844173431e-02 1.771533675491809845e-02 2.807735092937946320e-02 1.114386133849620819e-02 4.408405721187591553e-02 1.371680758893489838e-02 3.147321194410324097e-02 1.545830629765987396e-02 2.811331115663051605e-02 4.113066010177135468e-03 7.769657764583826065e-03 2.586412616074085236e-02 5.971024278551340103e-03 5.360360443592071533e-02 3.751014173030853271e-02 2.210524119436740875e-02 2.822863683104515076e-02 4.101716447621583939e-03 1.261697709560394287e-02 2.327194437384605408e-02 5.327841639518737793e-02 4.166325926780700684e-02 4.350488260388374329e-02 1.645270362496376038e-02 5.468449089676141739e-03 2.844987437129020691e-02 5.238834023475646973e-02 5.317485332489013672e-02 2.270201221108436584e-02 2.341747283935546875e-02 7.804074557498097420e-04 2.807367779314517975e-02 4.846196621656417847e-02 1.080463267862796783e-02 2.177856117486953735e-02 3.014992922544479370e-02 4.328983277082443237e-02 1.786037161946296692e-02 1.201779954135417938e-02 1.448036637157201767e-02 2.031693980097770691e-02 7.847015745937824249e-03 1.588886603713035583e-02 2.031520009040832520e-02 1.484356448054313660e-02
4.392651095986366272e-02 6.277043372392654419e-02 7.049199938774108887e-02 2.721951901912689209e-02 1.077928766608238220e-02 8.529540896415710449e-02 3.314838930964469910e-02 4.981564823538064957e-03 4.838832840323448181e-02 3.436549380421638489e-02 2.480593137443065643e-02 1.285575982183218002e-02 1.226145029067993164e-02 1.750947684049606323e-01 8.353306911885738373e-03 7.072525098919868469e-03 1.668812590651214123e-03 1.873718760907649994e-02 5.097984150052070618e-02 2.686845138669013977e-02 5.961647629737854004e-02 3.398114116862416267e-03 1.189760165289044380e-03 3.635441511869430542e-02 2.024629525840282440e-02 5.382581800222396851e-02 6.064294837415218353e-03 9.687595069408416748e-02 2.299653738737106323e-02 1.008304059505462646e-01 1.207659835927188396e-03 1.436425466090440750e-02 6.528002675622701645e-03 5.190646275877952576e-03 5.565121024847030640e-02 4.275052994489669800e-02 1.363566238433122635e-02 3.565050289034843445e-02 7.045062631368637085e-02 1.430935226380825043e-02 5.259403586387634277e-02 4.061049222946166992e-02 9.969475679099559784e-03 1.163251511752605438e-02 5.701133981347084045e-02 2.994979172945022583e-02 7.108771242201328278e-03 4.525633901357650757e-02 5.113656446337699890e-02 2.051605656743049622e-02 3.136518970131874084e-02 5.522364750504493713e-02 5.742324143648147583e-02 5.494808033108711243e-02 5.946332123130559921e-03 5.234272032976150513e-02 1.005302518606185913e-01 5.884871631860733032e-02 6.882417481392621994e-03 3.031828626990318298e-02 6.841385364532470703e-02 1.372229028493165970e-02 3.155589848756790161e-02 3.347631171345710754e-02 4.854796826839447021e-02 4.316901415586471558e-02 1.185950357466936111e-02 4.715282935649156570e-03 1.265898696146905422e-03 4.166197963058948517e-03 4.121840745210647583e-02 2.315514720976352692e-03 6.570322811603546143e-02 7.057697046548128128e-03 3.936754167079925537e-02 6.785557139664888382e-03 3.822829574346542358e-02 3.820418566465377808e-02 1.790730282664299011e-02 5.482499673962593079e-02 2.651180326938629150e-02 3.825456835329532623e-03 1.476458832621574402e-02 8.027861826121807098e-03 1.480830274522304535e-02 1.820003800094127655e-02 4.191969707608222961e-02 2.342603914439678192e-02 4.029799625277519226e-02 8.632404357194900513e-02 2.823251113295555115e-02 1.707283034920692444e-02 5.136348679661750793e-02 4.770100489258766174e-02 5.783662199974060059e-02 4.026477411389350891e-02 7.268959190696477890e-03 3.078632988035678864e-02 1.444198004901409149e-02 2.861880324780941010e-02 1.159965526312589645e-02 9.331259643658995628e-04 6.709021050482988358e-03 6.927113514393568039e-03 1.815209165215492249e-02 2.220535092055797577e-02 5.545762181282043457e-02 2.339420095086097717e-02 1.449054945260286331e-02 3.569894656538963318e-02 2.173329703509807587e-03 1.694613136351108551e-02 8.561566472053527832e-03 1.368120219558477402e-02 6.391345988959074020e-03 7.212960720062255859e-02
9.022707492113113403e-02 9.372124075889587402e-02 8.988636545836925507e-03 4.061072599142789841e-03 1.898281648755073547e-02 9.973898530006408691e-02 1.096267104148864746e-01 2.936420217156410217e-02 2.653473056852817535e-02 1.675507612526416779e-02 9.445100277662277222e-02 1.226145029067993164e-02 1.376719027757644653e-01 3.784711705520749092e-03 2.587655372917652130e-02 1.676042005419731140e-02 2.068691700696945190e-02 4.490891844034194946e-02 3.512116894125938416e-02 5.647488683462142944e-02 1.704777404665946960e-02 2.309263497591018677e-02 3.871880471706390381e-04 7.739008869975805283e-03 7.784296758472919464e-03 3.057509288191795349e-02 3.883447870612144470e-02 3.802564367651939392e-02 4.758259654045104980e-02 7.764823734760284424e-03 5.970209464430809021e-02 4.238608852028846741e-02 2.788915066048502922e-03 6.754310801625251770e-03 2.304942160844802856e-02 7.218505442142486572e-02 6.260408088564872742e-03 1.412661839276552200e-02 2.074503712356090546e-02 3.860060591250658035e-03 6.901987362653017044e-03 5.080796033143997192e-02 9.887933265417814255e-04 2.341157756745815277e-03 1.753595843911170959e-02 2.233438193798065186e-02 8.752721548080444336e-02 7.294908910989761353e-02 2.584094367921352386e-02 4.459951445460319519e-02 2.997735701501369476e-02 1.487119961529970169e-02 1.181337889283895493e-02 1.295713242143392563e-02 1.041005458682775497e-02 3.374579548835754395e-02 1.362213306128978729e-02 2.429773658514022827e-02 5.985307041555643082e-03 6.802198011428117752e-03 2.157979086041450500e-02 3.085292130708694458e-02 4.171442706137895584e-03 3.466372191905975342e-02 3.899076208472251892e-02 6.863179057836532593e-02 2.320216782391071320e-02 2.608176693320274353e-02 8.583886548876762390e-03 6.351584196090698242e-02 1.039103139191865921e-02 4.454029258340597153e-03 4.551538825035095215e-02 1.512656360864639282e-02 4.203630983829498291e-02 2.662907354533672333e-02 1.655684225261211395e-02 2.479054033756256104e-02 3.549834340810775757e-02 2.973859943449497223e-02 4.401931539177894592e-02 6.639257073402404785e-02 1.196849346160888672e-02 2.213619416579604149e-03 5.629564076662063599e-02 1.861949823796749115e-02 4.003276675939559937e-02 1.715040765702724457e-02 6.228453945368528366e-03 2.005116082727909088e-02 3.599799796938896179e-02 3.754290938377380371e-02 7.337215542793273926e-02 2.767786756157875061e-02 1.884050783701241016e-03 1.954751834273338318e-02 2.300065476447343826e-03 4.078053310513496399e-02 4.796011745929718018e-02 3.088725171983242035e-02 4.188886377960443497e-03 2.124631032347679138e-02 2.923547104001045227e-02 4.806638136506080627e-02 3.441778710111975670e-03 1.381695922464132309e-02 2.795593440532684326e-02 5.813127756118774414e-02 3.269161656498908997e-02 1.773952506482601166e-02 1.066172495484352112e-02 2.036929799942299724e-06 1.064138673245906830e-02 8.721651509404182434e-03 3.129621967673301697e-02 3.341535106301307678e-03
