1.032734662294387817e-01 1.484780013561248779e-01 4.879657644778490067e-03 1.097523644566535950e-01 8.584558963775634766e-02 1.313130259513854980e-01 7.106468826532363892e-02 3.485882282257080078e-02 1.283817365765571594e-02 1.268400344997644424e-02 1.406176388263702393e-01 2.320821583271026611e-02 2.395694516599178314e-02 1.752878073602914810e-03 7.677090913057327271e-02 6.430630385875701904e-02 2.191051281988620758e-02 4.261867702007293701e-02 3.836996387690305710e-03 4.727293178439140320e-02 8.813144266605377197e-02 5.094030871987342834e-02 4.001567140221595764e-02 5.432232841849327087e-02 1.957324333488941193e-02 2.806354500353336334e-02 2.290079370141029358e-02 1.485512964427471161e-02 1.831342838704586029e-02 5.538964271545410156e-02 2.826610393822193146e-02 3.428707132115960121e-03 1.433329191058874130e-02 4.348190035670995712e-03 3.467009961605072021e-02 7.558052241802215576e-02 9.810379147529602051e-02 3.900472447276115417e-02 3.359216824173927307e-02 3.064740262925624847e-02 2.879128605127334595e-02 4.963365197181701660e-02 5.629111826419830322e-02 6.749910861253738403e-02 5.807321146130561829e-02 1.017851941287517548e-02 7.914145290851593018e-02 6.097635626792907715e-02 4.028907045722007751e-02 5.896548926830291748e-02 3.221108764410018921e-02 3.020701184868812561e-02 2.044107019901275635e-02 7.527807261794805527e-03 2.592138014733791351e-02 6.023861933499574661e-03 6.971915718168020248e-05 4.544114693999290466e-02 3.847515583038330078e-02 3.621676936745643616e-02 2.952717058360576630e-02 6.413977593183517456e-02 4.959300905466079712e-02 6.895843148231506348e-02 6.924656778573989868e-02 5.928748473525047302e-02 1.870851218700408936e-02 8.635859005153179169e-03 8.112089708447456360e-03 9.653253108263015747e-02 4.728625342249870300e-02 1.050260290503501892e-02 2.253896091133356094e-03 4.031790420413017273e-02 8.269515819847583771e-03 1.907131634652614594e-02 1.611639373004436493e-02 4.796345904469490051e-02 1.812965236604213715e-02 3.347007185220718384e-02 2.023160085082054138e-02 2.035382576286792755e-02 2.269576862454414368e-02 1.892798207700252533e-02 5.070304125547409058e-02 3.140377998352050781e-02 2.869592420756816864e-02 2.697678096592426300e-02 3.196276724338531494e-02 2.132478915154933929e-02 2.323064208030700684e-02 4.032597644254565239e-04 7.601562887430191040e-02 6.129496544599533081e-02 6.851480808109045029e-03 8.019731938838958740e-02 4.273068532347679138e-02 2.336032316088676453e-02 3.403276205062866211e-02 1.055134553462266922e-02 4.662639275193214417e-02 2.400833368301391602e-02 7.288303691893815994e-03 1.174705475568771362e-02 6.452205032110214233e-02 3.079232759773731232e-02 4.388552531599998474e-02 9.250858798623085022e-03 2.007565647363662720e-02 4.130997881293296814e-02 1.202819030731916428e-02 6.388459354639053345e-03 2.990521676838397980e-02 2.783102728426456451e-02 1.077833957970142365e-02 6.920937448740005493e-02
1.484780013561248779e-01 1.070532649755477905e-01 2.507958328351378441e-03 9.545680880546569824e-02 6.133218109607696533e-02 9.172757714986801147e-02 1.427756249904632568e-01 5.267097055912017822e-02 1.329783909022808075e-02 4.510263726115226746e-02 1.145836990326642990e-02 8.515122346580028534e-03 1.420910805463790894e-01 5.090727657079696655e-02 6.061870232224464417e-02 6.621705740690231323e-02 5.767149105668067932e-02 1.154864439740777016e-03 7.217693608254194260e-03 2.600186690688133240e-02 7.359652966260910034e-02 5.461694672703742981e-02 6.067919358611106873e-02 5.628792196512222290e-02 2.264038630528375506e-04 1.033427286893129349e-02 4.519830644130706787e-02 2.439846470952033997e-02 1.869280636310577393e-02 4.501637816429138184e-02 2.064856886863708496e-02 2.057599835097789764e-02 2.203620225191116333e-02 4.272371158003807068e-02 5.282271280884742737e-02 8.937462419271469116e-02 7.766477018594741821e-02 3.154409304261207581e-02 2.454756014049053192e-02 1.322618406265974045e-02 5.468345433473587036e-02 1.129305176436901093e-02 5.207089241594076157e-03 5.305221304297447205e-03 1.012156084179878235e-01 6.595969200134277344e-03 9.006688743829727173e-02 1.278657466173171997e-02 4.965600091964006424e-03 8.377736061811447144e-02 6.207388266921043396e-02 2.641271613538265228e-02 3.472490981221199036e-02 2.276842482388019562e-02 2.023501135408878326e-02 4.780977219343185425e-02 3.211414813995361328e-02 2.389978431165218353e-02 1.231314055621623993e-02 5.737144965678453445e-03 1.087045390158891678e-02 2.871785126626491547e-02 5.986060947179794312e-03 1.710067503154277802e-02 5.967846512794494629e-02 3.442251309752464294e-02 3.225737891625612974e-04 2.054089121520519257e-02 1.013328321278095245e-02 8.511499315500259399e-02 3.974936902523040771e-03 8.465028367936611176e-03 5.459733307361602783e-02 5.295100808143615723e-02 3.063029050827026367e-02 4.202192276716232300e-02 3.541594743728637695e-02 3.594072768464684486e-03 1.864242926239967346e-02 3.105206787586212158e-02 6.450635939836502075e-02 1.843436062335968018e-02 4.798689484596252441e-02 5.157852172851562500e-02 2.134837768971920013e-02 1.352176815271377563e-02 2.431277744472026825e-02 5.594413727521896362e-02 1.462269807234406471e-03 1.771514117717742920e-02 7.891491800546646118e-02 4.555766656994819641e-02 6.288377940654754639e-02 3.305482491850852966e-02 4.970132559537887573e-02 6.593610625714063644e-03 6.722121033817529678e-03 6.575689185410737991e-03 6.836660206317901611e-03 1.133535522967576981e-02 4.866645205765962601e-03 8.333243429660797119e-03 8.584935218095779419e-03 2.881625294685363770e-02 5.788246542215347290e-02 3.250231966376304626e-02 1.415077224373817444e-02 3.675137832760810852e-02 7.227361202239990234e-03 1.880682446062564850e-02 4.456864669919013977e-02 5.161027982831001282e-02 4.594365600496530533e-03 6.047949660569429398e-03 1.767925545573234558e-02 2.665010467171669006e-02
4.879657644778490067e-03 2.507958328351378441e-03 1.177896186709403992e-01 7.101954519748687744e-02 4.917836189270019531e-02 5.293623358011245728e-02 4.258849471807479858e-02 1.955767422914505005e-01 8.805568329989910126e-03 3.526121750473976135e-02 1.091066822409629822e-01 1.074959430843591690e-02 2.100239694118499756e-02 1.057696901261806488e-02 1.078993920236825943e-02 1.547837164252996445e-02 4.220968484878540039e-02 4.281140491366386414e-02 3.044359385967254639e-02 2.202759310603141785e-02 3.686467930674552917e-02 9.047039784491062164e-03 5.215239524841308594e-02 4.528460651636123657e-02 4.666768014430999756e-02 5.569646134972572327e-02 3.374242037534713745e-02 1.119099091738462448e-02 5.679815262556076050e-02 4.621015116572380066e-02 9.167432039976119995e-02 1.712202094495296478e-02 5.338980350643396378e-03 6.971395574510097504e-03 4.007730260491371155e-02 3.139469027519226074e-02 4.587352648377418518e-02 2.892006747424602509e-02 2.377221826463937759e-03 6.008576601743698120e-02 7.546170800924301147e-02 5.251980572938919067e-02 4.362852498888969421e-02 2.823607623577117920e-02 1.583764515817165375e-02 2.620088867843151093e-02 1.398260742425918579e-01 1.248524338006973267e-02 2.492523938417434692e-02 2.150028012692928314e-03 2.387611940503120422e-02 2.145851589739322662e-02 1.783503033220767975e-02 8.919583633542060852e-03 1.385090686380863190e-02 3.397297859191894531e-02 8.974676020443439484e-03 1.008176207542419434e-01 1.870149932801723480e-02 2.567723765969276428e-02 2.664878778159618378e-02 2.478587068617343903e-02 5.802244320511817932e-02 2.211860381066799164e-02 2.243738248944282532e-02 1.000694781541824341e-01 4.077807068824768066e-02 1.816220954060554504e-02 1.465490367263555527e-02 4.520489275455474854e-02 6.706430763006210327e-02 5.029152706265449524e-02 6.802400201559066772e-02 1.386838220059871674e-02 6.169474124908447266e-02 3.217135742306709290e-02 2.457148581743240356e-02 2.700212784111499786e-02 3.912752494215965271e-02 1.524135656654834747e-02 8.252974599599838257e-02 5.607517063617706299e-02 1.635034196078777313e-02 9.018964320421218872e-02 1.312188897281885147e-02 9.562872350215911865e-03 3.718208894133567810e-02 3.122725710272789001e-02 1.885145530104637146e-02 4.909361526370048523e-02 1.361265331506729126e-01 5.155701935291290283e-02 8.580417186021804810e-02 3.245555236935615540e-02 3.203228116035461426e-02 1.368201244622468948e-02 3.966822847723960876e-02 3.951602056622505188e-02 5.815377086400985718e-02 1.127572264522314072e-02 1.342339534312486649e-02 2.073165588080883026e-02 1.841166615486145020e-02 3.529239818453788757e-02 5.127472057938575745e-02 1.237868797034025192e-02 7.350292988121509552e-03 6.269154604524374008e-03 3.622710332274436951e-02 4.666890203952789307e-02 4.232241213321685791e-02 4.076598212122917175e-02 7.524795364588499069e-03 7.892962545156478882e-03 7.861361838877201080e-03 2.739522606134414673e-02
1.097523644566535950e-01 9.545680880546569824e-02 7.101954519748687744e-02 1.524662971496582031e-01 1.849456727504730225e-01 8.002430945634841919e-02 5.767732858657836914e-02 3.776280581951141357e-02 1.055360399186611176e-02 2.599734067916870117e-02 3.374952822923660278e-02 2.524077147245407104e-02 7.840172201395034790e-02 4.808960109949111938e-02 6.516824010759592056e-03 6.337948888540267944e-02 2.211883664131164551e-02 3.017909638583660126e-02 5.735306441783905029e-02 6.167502701282501221e-02 3.311395272612571716e-02 4.406013712286949158e-02 4.839524626731872559e-02 4.274912178516387939e-02 4.249157011508941650e-02 4.540287330746650696e-02 1.934779994189739227e-02 4.739871248602867126e-02 3.329570963978767395e-02 9.723666589707136154e-04 5.718080699443817139e-02 2.951525524258613586e-02 9.928756207227706909e-02 2.407280355691909790e-02 6.755672395229339600e-02 9.136413037776947021e-02 1.280973106622695923e-01 1.224498637020587921e-02 1.181033719331026077e-02 7.052465528249740601e-02 6.652900576591491699e-02 3.180653974413871765e-02 4.384228494018316269e-03 7.367898710072040558e-03 2.900739386677742004e-02 1.657910458743572235e-02 3.879311308264732361e-02 6.855287402868270874e-02 1.344978250563144684e-02 4.328820481896400452e-02 5.249615758657455444e-02 8.051456883549690247e-03 4.276253283023834229e-02 2.281943708658218384e-02 1.997335441410541534e-02 2.193357050418853760e-02 6.956684589385986328e-02 2.113865874707698822e-02 2.359027415513992310e-02 1.229213364422321320e-02 6.642217934131622314e-02 5.337873846292495728e-02 9.836664795875549316e-02 1.134681850671768188e-01 4.045856744050979614e-02 3.374021872878074646e-02 4.261153563857078552e-02 2.280685584992170334e-03 5.163835361599922180e-02 8.550968021154403687e-02 7.315693050622940063e-02 2.518494240939617157e-02 1.047475486993789673e-01 4.009239748120307922e-02 8.875868469476699829e-02 3.191516920924186707e-02 7.860173285007476807e-02 6.526079773902893066e-02 2.315193042159080505e-02 7.549855858087539673e-02 1.592855341732501984e-02 1.344890892505645752e-02 8.075189776718616486e-03 8.010607212781906128e-02 4.574248939752578735e-02 5.553421005606651306e-02 1.511006033979356289e-03 3.131863847374916077e-02 4.517029598355293274e-02 3.629138320684432983e-02 4.371731728315353394e-02 3.508897789288312197e-04 6.204663962125778198e-02 4.554595798254013062e-02 3.800989314913749695e-02 3.320851922035217285e-02 3.157315030694007874e-02 7.781975902616977692e-03 9.312148205935955048e-03 5.390152800828218460e-03 2.598415128886699677e-02 1.389431767165660858e-02 2.957999892532825470e-02 4.127339273691177368e-02 2.054096758365631104e-02 9.369165636599063873e-03 4.834175854921340942e-02 7.204907387495040894e-02 1.712395437061786652e-02 1.864108070731163025e-02 1.803527399897575378e-02 2.042946591973304749e-02 1.011429261416196823e-02 4.531877860426902771e-02 2.951783314347267151e-02 4.102068394422531128e-02
8.584558963775634766e-02 6.133218109607696533e-02 4.917836189270019531e-02 1.849456727504730225e-01 1.598657816648483276e-01 3.813918679952621460e-02 1.830533705651760101e-02 3.608646616339683533e-02 2.034281194210052490e-02 3.415882354602217674e-03 3.360531106591224670e-02 7.981029339134693146e-03 9.525083005428314209e-03 5.980543792247772217e-02 2.930035442113876343e-02 1.179759483784437180e-02 1.091581583023071289e-02 6.173244491219520569e-02 1.116368547081947327e-01 5.589417740702629089e-02 2.010650932788848877e-02 7.939931936562061310e-03 2.883022464811801910e-02 3.796565905213356018e-02 1.898875832557678223e-02 3.854899108409881592e-02 1.519698929041624069e-02 1.839361153542995453e-02 6.708166003227233887e-02 5.547045916318893433e-02 6.621552258729934692e-02 3.114619664847850800e-02 5.837059020996093750e-02 2.664394117891788483e-02 4.710765555500984192e-02 9.159925580024719238e-02 1.043368503451347351e-01 2.195513434708118439e-02 2.641833759844303131e-02 1.015447080135345459e-01 3.926581516861915588e-02 5.804727971553802490e-02 1.570290885865688324e-02 2.823584713041782379e-02 3.111166134476661682e-02 8.154056966304779053e-02 3.692422434687614441e-02 6.231269612908363342e-02 2.347314916551113129e-02 4.898167029023170471e-02 1.368867419660091400e-02 3.993308916687965393e-02 7.283475250005722046e-03 7.589328102767467499e-03 1.252103410661220551e-02 8.700948208570480347e-03 4.543498158454895020e-02 1.118683442473411560e-02 2.485868055373430252e-03 4.538135230541229248e-02 4.523592069745063782e-02 5.565052106976509094e-02 9.825322031974792480e-02 1.286483854055404663e-01 2.430954016745090485e-02 6.267492473125457764e-02 2.520880103111267090e-02 2.975660189986228943e-02 4.865123704075813293e-02 6.323686242103576660e-02 6.591832637786865234e-02 2.129026502370834351e-02 5.494920164346694946e-02 5.510405451059341431e-02 9.187488257884979248e-02 3.841814771294593811e-02 2.642000839114189148e-02 6.461288034915924072e-02 3.282090649008750916e-02 5.160592962056398392e-03 1.268894877284765244e-02 1.746005378663539886e-02 2.841861220076680183e-03 1.015241667628288269e-01 1.668734289705753326e-02 4.382613301277160645e-02 2.654241397976875305e-02 1.576848141849040985e-02 5.771561712026596069e-02 6.362278759479522705e-02 3.258396871387958527e-03 4.610595852136611938e-02 6.454253196716308594e-02 5.186103284358978271e-03 2.287125401198863983e-02 2.315915562212467194e-02 1.589228166267275810e-03 1.523241493850946426e-02 3.241586312651634216e-02 3.682982176542282104e-02 1.515560224652290344e-02 2.172157634049654007e-03 4.355206154286861420e-03 4.392519593238830566e-03 2.396959438920021057e-02 1.879850775003433228e-02 6.951712816953659058e-02 2.620407938957214355e-02 1.052434742450714111e-02 8.668503724038600922e-03 1.628939434885978699e-02 2.645360119640827179e-02 1.788368681445717812e-03 8.266109041869640350e-03 3.054216131567955017e-02 8.365159737877547741e-04
1.313130259513854980e-01 9.172757714986801147e-02 5.293623358011245728e-02 8.002430945634841919e-02 3.813918679952621460e-02 6.178926303982734680e-02 2.843889296054840088e-01 7.701514661312103271e-02 3.405191749334335327e-02 3.609620779752731323e-02 5.080644786357879639e-02 6.851909309625625610e-02 2.817895822227001190e-02 2.082610502839088440e-03 2.344067208468914032e-02 1.212089788168668747e-03 3.816464170813560486e-02 9.376672096550464630e-03 2.504505217075347900e-02 9.965296834707260132e-03 4.603663831949234009e-02 3.302906453609466553e-02 1.936028129421174526e-03 1.195222977548837662e-02 1.797223463654518127e-03 4.035283252596855164e-02 2.326681511476635933e-03 1.097749173641204834e-02 3.606856986880302429e-02 5.885761696845293045e-03 5.339190736413002014e-02 1.512414682656526566e-02 6.478604674339294434e-02 2.409529685974121094e-02 4.682646319270133972e-02 2.406853064894676208e-02 1.056393142789602280e-02 6.431219168007373810e-03 4.374084621667861938e-02 2.524076588451862335e-02 5.542664602398872375e-02 8.550327271223068237e-03 1.926944591104984283e-03 6.321793794631958008e-02 1.753687299787998199e-02 1.984893903136253357e-02 7.602526247501373291e-02 4.659765213727951050e-02 8.769703656435012817e-02 2.090229652822017670e-02 8.466444164514541626e-02 6.656917184591293335e-02 2.239963226020336151e-02 3.391683846712112427e-02 8.426230400800704956e-02 6.433916091918945312e-02 1.982727088034152985e-02 1.053759008646011353e-01 3.415140882134437561e-02 4.655544459819793701e-02 5.574837699532508850e-02 2.099629724398255348e-03 9.369554370641708374e-02 8.218296617269515991e-02 4.880690947175025940e-02 2.883399836719036102e-02 1.720524020493030548e-02 1.696145591267850250e-05 5.841574817895889282e-02 4.870747402310371399e-02 4.277957603335380554e-02 2.278859354555606842e-02 3.898053616285324097e-02 4.531130939722061157e-02 3.959173336625099182e-02 1.977671682834625244e-02 8.748165331780910492e-03 2.469126693904399872e-02 3.272847831249237061e-02 1.907130354084074497e-03 5.132430419325828552e-02 2.076944336295127869e-02 5.800405051559209824e-03 2.318850532174110413e-02 4.448050260543823242e-02 6.903873383998870850e-02 2.058580145239830017e-02 1.091507524251937866e-01 6.162758171558380127e-02 3.324262052774429321e-02 2.315117418766021729e-02 6.075197830796241760e-02 3.196882829070091248e-02 2.424652921035885811e-03 2.345061674714088440e-02 6.888462603092193604e-02 5.792581010609865189e-03 2.602473460137844086e-02 6.375880539417266846e-02 6.611300259828567505e-02 1.055593602359294891e-04 3.517495095729827881e-02 2.885103970766067505e-02 4.428281262516975403e-02 2.802960947155952454e-02 1.115406118333339691e-02 1.758397929370403290e-02 6.287713535130023956e-03 1.065416028723120689e-03 1.070891693234443665e-01 3.760381415486335754e-02 1.198590453714132309e-02 3.305441886186599731e-02 7.957762479782104492e-02 3.555058315396308899e-02 2.404421940445899963e-02
7.106468826532363892e-02 1.427756249904632568e-01 4.258849471807479858e-02 5.767732858657836914e-02 1.830533705651760101e-02 2.843889296054840088e-01 8.395516127347946167e-02 2.306280285120010376e-02 5.717965587973594666e-02 2.923857234418392181e-02 2.208512648940086365e-02 7.845216989517211914e-02 1.328863352537155151e-01 5.849251896142959595e-02 4.647258296608924866e-02 3.431694209575653076e-02 2.073765546083450317e-02 9.707611799240112305e-02 3.328587487339973450e-02 3.126227483153343201e-02 3.258762881159782410e-02 1.980276033282279968e-02 1.550460886210203171e-02 2.963269653264433146e-04 2.601372078061103821e-02 4.058436024934053421e-03 6.771825999021530151e-02 2.433652803301811218e-02 1.911531388759613037e-02 3.469092398881912231e-02 4.414381831884384155e-02 1.735625043511390686e-02 9.376242011785507202e-02 6.769492477178573608e-02 7.476626895368099213e-03 2.669343538582324982e-02 5.864337086677551270e-02 3.940344974398612976e-02 3.282688185572624207e-02 2.520338259637355804e-02 3.384745121002197266e-02 2.866619965061545372e-03 5.637123715132474899e-03 6.107562780380249023e-02 4.238747805356979370e-02 2.771580778062343597e-02 5.285714566707611084e-02 7.777839899063110352e-02 2.458755113184452057e-02 6.377848237752914429e-02 4.469235986471176147e-02 3.859560936689376831e-02 1.904254779219627380e-02 4.059743508696556091e-02 3.076913207769393921e-02 5.008999258279800415e-02 2.043158933520317078e-02 1.602022559382021427e-03 1.800630241632461548e-02 4.182929173111915588e-02 6.459295749664306641e-02 6.526940315961837769e-02 1.127862371504306793e-03 4.415410012006759644e-02 5.302956327795982361e-02 3.963213041424751282e-02 2.020160295069217682e-02 6.900477688759565353e-03 4.930067434906959534e-02 2.414632216095924377e-02 2.317681163549423218e-02 2.215278893709182739e-02 1.746653765439987183e-02 7.294548675417900085e-03 1.887404732406139374e-02 4.362365230917930603e-02 8.601430058479309082e-02 5.328928306698799133e-02 8.847469836473464966e-02 2.399200946092605591e-02 4.887977614998817444e-02 2.731219120323657990e-02 1.374454647302627563e-01 1.581441611051559448e-02 3.250859305262565613e-02 5.980455502867698669e-02 6.488535553216934204e-02 2.517963387072086334e-02 8.072535507380962372e-03 2.731079980731010437e-02 1.165143586695194244e-02 9.787314385175704956e-02 2.382270991802215576e-02 2.329179644584655762e-02 1.069847717881202698e-01 7.997246086597442627e-02 3.550437837839126587e-02 7.889005355536937714e-03 2.465015463531017303e-02 9.462717920541763306e-03 3.037950210273265839e-02 7.430147379636764526e-02 4.738891497254371643e-02 2.154772169888019562e-02 4.916617646813392639e-02 3.000219166278839111e-02 5.607482977211475372e-03 4.073652997612953186e-02 3.784851729869842529e-02 3.444336727261543274e-02 1.842910237610340118e-02 6.186550483107566833e-02 1.364790648221969604e-01 1.427991837263107300e-01 4.031712561845779419e-02 1.636976189911365509e-02
3.485882282257080078e-02 5.267097055912017822e-02 1.955767422914505005e-01 3.776280581951141357e-02 3.608646616339683533e-02 7.701514661312103271e-02 2.306280285120010376e-02 1.388224363327026367e-01 2.104599215090274811e-02 6.258550286293029785e-02 1.371948271989822388e-01 4.233637824654579163e-02 7.754673808813095093e-02 7.453945279121398926e-02 9.942916780710220337e-02 5.819931626319885254e-02 5.294525995850563049e-02 5.338933318853378296e-02 5.603167787194252014e-02 7.541278004646301270e-02 6.729263067245483398e-02 6.942297518253326416e-02 1.170814619399607182e-03 1.052336767315864563e-02 6.079605966806411743e-02 4.298088327050209045e-02 6.683058105409145355e-03 3.577864542603492737e-02 9.032076597213745117e-02 3.985247388482093811e-02 5.161995813250541687e-02 1.207172684371471405e-02 1.335638854652643204e-02 3.107248432934284210e-02 6.210719421505928040e-02 4.510560631752014160e-02 4.949009045958518982e-02 1.325175259262323380e-02 2.212500013411045074e-02 5.457746982574462891e-02 4.410853981971740723e-02 1.036260928958654404e-02 5.330398678779602051e-02 6.112794205546379089e-02 5.030698608607053757e-03 5.183558166027069092e-02 9.052174538373947144e-02 7.866072654724121094e-02 2.752167917788028717e-02 3.704762086272239685e-02 5.983174964785575867e-02 5.082171782851219177e-02 3.867014870047569275e-02 4.700219631195068359e-02 4.616997018456459045e-02 1.340875960886478424e-02 5.036981776356697083e-02 3.476295620203018188e-02 2.460844349116086960e-03 8.189120329916477203e-03 1.069835200905799866e-02 7.786896545439958572e-03 2.271847985684871674e-02 1.790171302855014801e-02 5.375187844038009644e-03 5.517827346920967102e-02 6.931111216545104980e-02 4.841931909322738647e-02 6.064162775874137878e-02 2.465966902673244476e-02 5.975654348731040955e-02 3.023318573832511902e-02 3.244016319513320923e-02 6.680595874786376953e-02 4.043576493859291077e-02 3.168347477912902832e-02 3.723804652690887451e-02 1.642253063619136810e-02 7.477058470249176025e-02 4.239868745207786560e-02 1.250611841678619385e-01 7.160578668117523193e-02 5.996831133961677551e-02 7.342913746833801270e-02 4.372523399069905281e-04 1.469746697694063187e-02 2.183142490684986115e-02 2.058880403637886047e-02 4.212335869669914246e-02 3.793324530124664307e-02 5.524371564388275146e-02 5.432486534118652344e-02 1.344166696071624756e-02 4.606634750962257385e-02 3.847813233733177185e-02 2.608089894056320190e-02 5.585261061787605286e-02 7.001604884862899780e-03 2.745250053703784943e-02 1.601750403642654419e-02 5.000098794698715210e-02 6.162397097796201706e-03 5.179485306143760681e-02 4.055108129978179932e-02 3.133340179920196533e-02 6.813219189643859863e-02 3.272946923971176147e-02 3.146797418594360352e-02 2.582876477390527725e-03 1.439683418720960617e-02 1.850152388215065002e-02 2.480323426425457001e-02 3.125087590888142586e-03 3.246902674436569214e-02 1.455052196979522705e-02 1.708344370126724243e-02
1.283817365765571594e-02 1.329783909022808075e-02 8.805568329989910126e-03 1.055360399186611176e-02 2.034281194210052490e-02 3.405191749334335327e-02 5.717965587973594666e-02 2.104599215090274811e-02 1.413397938013076782e-01 4.790013283491134644e-02 2.687823586165904999e-02 2.419571764767169952e-02 1.279176492244005203e-02 3.290357766672968864e-03 4.819720052182674408e-03 5.766993388533592224e-02 3.678634390234947205e-02 1.168843358755111694e-01 1.843567378818988800e-02 3.653333708643913269e-02 2.813653461635112762e-02 1.891824230551719666e-02 1.765700615942478180e-02 2.506905468180775642e-03 2.935589849948883057e-02 2.675626240670681000e-02 2.907720394432544708e-02 6.637156754732131958e-02 7.341288961470127106e-03 7.707469630986452103e-03 6.744369864463806152e-03 3.000539913773536682e-02 7.021626224741339684e-04 1.833985373377799988e-02 9.572727605700492859e-03 2.477890439331531525e-02 2.885064482688903809e-02 9.438700973987579346e-03 3.519693762063980103e-02 1.617357134819030762e-02 3.364739939570426941e-02 2.260266989469528198e-02 8.022546535357832909e-04 2.681846916675567627e-02 1.792675256729125977e-02 9.978159330785274506e-03 1.393526513129472733e-02 6.480135768651962280e-02 3.864536434412002563e-02 4.363191127777099609e-02 1.078737340867519379e-02 5.967633798718452454e-02 1.271190308034420013e-02 8.223481476306915283e-03 7.744529098272323608e-02 1.586730778217315674e-02 3.590256348252296448e-02 1.999010145664215088e-02 4.165389761328697205e-02 5.118979513645172119e-02 4.068707674741744995e-02 3.288864623755216599e-03 1.384149491786956787e-02 4.968198016285896301e-02 9.745073504745960236e-03 2.519027516245841980e-02 2.137234620749950409e-02 4.364945739507675171e-02 5.720543488860130310e-02 2.003242075443267822e-02 5.839646980166435242e-02 1.190223824232816696e-02 5.034875497221946716e-02 7.030803710222244263e-02 3.267618641257286072e-02 3.827322274446487427e-02 1.187853887677192688e-01 6.422279775142669678e-02 1.254396699368953705e-02 4.998343437910079956e-02 4.888440947979688644e-03 8.987817913293838501e-03 4.440489411354064941e-02 5.930310860276222229e-02 5.850819405168294907e-03 5.809776484966278076e-02 2.723249979317188263e-02 6.012286525219678879e-03 2.872553840279579163e-02 4.652452096343040466e-02 1.646207063458859921e-03 2.621437795460224152e-02 3.915443643927574158e-02 3.321044612675905228e-03 5.381745100021362305e-02 3.033403493463993073e-02 7.633805274963378906e-03 4.271090961992740631e-03 7.082569412887096405e-03 3.277876973152160645e-02 5.048433691263198853e-02 9.388426318764686584e-03 1.445292495191097260e-02 1.719164662063121796e-02 1.803670660592615604e-03 3.633875399827957153e-02 4.196529462933540344e-02 2.109353616833686829e-02 4.448945168405771255e-03 6.713258475065231323e-02 1.944024860858917236e-02 1.105616521090269089e-02 5.362599622458219528e-03 3.090088441967964172e-02 1.268770266324281693e-02 4.695529118180274963e-02
1.268400344997644424e-02 4.510263726115226746e-02 3.526121750473976135e-02 2.599734067916870117e-02 3.415882354602217674e-03 3.609620779752731323e-02 2.923857234418392181e-02 6.258550286293029785e-02 4.790013283491134644e-02 1.240331828594207764e-01 9.073007851839065552e-03 6.890379358083009720e-03 2.191038429737091064e-02 4.113580286502838135e-02 6.566827185451984406e-03 3.805381059646606445e-02 4.629810526967048645e-02 3.062857314944267273e-02 1.032235920429229736e-01 2.299730852246284485e-02 3.127130120992660522e-02 5.867480766028165817e-03 3.443815559148788452e-02 5.326715111732482910e-02 2.731820195913314819e-02 5.791378766298294067e-02 3.772259922698140144e-03 9.449878707528114319e-03 7.739983964711427689e-03 1.795572414994239807e-02 2.579584345221519470e-02 2.262379787862300873e-02 1.987099461257457733e-02 4.783758521080017090e-02 3.264297917485237122e-02 1.529429387301206589e-02 4.565193504095077515e-02 9.569774381816387177e-03 3.917257860302925110e-02 4.550414159893989563e-03 2.335691452026367188e-02 1.965969055891036987e-02 4.459520801901817322e-02 4.455254226922988892e-02 4.276747256517410278e-02 3.741443157196044922e-02 1.354955509305000305e-02 3.827208653092384338e-02 5.706231296062469482e-02 9.612308442592620850e-02 2.997157908976078033e-02 3.728619217872619629e-02 3.280466422438621521e-03 4.650316759943962097e-02 6.196115165948867798e-02 9.270511567592620850e-02 1.137565821409225464e-02 6.464263051748275757e-02 1.245541125535964966e-02 3.844597190618515015e-02 2.030632225796580315e-03 6.077029556035995483e-02 2.279277704656124115e-02 6.805650144815444946e-02 3.927579149603843689e-02 4.126330092549324036e-02 4.308558255434036255e-02 1.480827294290065765e-02 4.479335620999336243e-02 4.064660519361495972e-02 6.244874745607376099e-02 1.239937171339988708e-02 7.107791304588317871e-02 2.514310553669929504e-02 5.020579695701599121e-02 9.977320209145545959e-03 4.429415240883827209e-02 1.111312508583068848e-01 3.607573453336954117e-03 1.056323051452636719e-01 5.122921615839004517e-02 1.058024074882268906e-02 6.528697162866592407e-02 3.643753472715616226e-03 2.599828690290451050e-02 1.556885894387960434e-02 1.689204946160316467e-02 2.017677016556262970e-02 2.478481456637382507e-02 9.019663184881210327e-02 4.225176572799682617e-02 2.113214321434497833e-02 5.367912352085113525e-02 2.541713044047355652e-02 1.522062718868255615e-02 4.927490651607513428e-02 1.171679049730300903e-02 6.205785553902387619e-03 2.181357890367507935e-02 4.222672432661056519e-02 4.653397947549819946e-02 3.667567670345306396e-02 2.332973293960094452e-02 9.009552188217639923e-03 3.345386683940887451e-02 2.589258598163723946e-03 3.091559000313282013e-02 7.170263677835464478e-02 1.629345305263996124e-02 8.051428943872451782e-02 2.577467076480388641e-02 2.629639953374862671e-02 5.785868689417839050e-02 8.275836706161499023e-03 4.304807633161544800e-02 2.855839766561985016e-02
1.406176388263702393e-01 1.145836990326642990e-02 1.091066822409629822e-01 3.374952822923660278e-02 3.360531106591224670e-02 5.080644786357879639e-02 2.208512648940086365e-02 1.371948271989822388e-01 2.687823586165904999e-02 9.073007851839065552e-03 1.302849203348159790e-01 6.629662960767745972e-02 1.138835549354553223e-01 1.620448753237724304e-02 9.211155772209167480e-02 5.818686634302139282e-02 2.638977486640214920e-03 5.165179818868637085e-02 2.037157490849494934e-02 2.629831247031688690e-02 4.732318967580795288e-02 1.152369976043701172e-01 6.283434107899665833e-03 3.373287245631217957e-02 1.359255425631999969e-02 5.020155012607574463e-02 3.333230689167976379e-02 3.042411804199218750e-02 8.831324428319931030e-02 5.999788269400596619e-02 6.667558103799819946e-02 4.237172380089759827e-02 5.247705616056919098e-03 5.857457593083381653e-02 8.893117308616638184e-02 4.057029634714126587e-02 5.555683746933937073e-02 3.780542686581611633e-02 1.312141958624124527e-02 4.135557264089584351e-02 4.459739476442337036e-02 9.655674919486045837e-03 3.714951872825622559e-02 1.191003471612930298e-01 3.001493401825428009e-03 6.811063736677169800e-02 1.078797876834869385e-01 2.679672837257385254e-02 3.891614824533462524e-02 2.557115443050861359e-02 6.305902451276779175e-02 2.319131977856159210e-03 3.003266826272010803e-02 3.551361709833145142e-02 2.996910596266388893e-03 5.113222450017929077e-02 2.784895151853561401e-02 6.117250397801399231e-02 4.604108259081840515e-02 5.435864254832267761e-02 3.303385153412818909e-02 4.604138433933258057e-02 8.192656934261322021e-02 1.002529785037040710e-01 2.058163434267044067e-01 2.168311737477779388e-02 7.991208694875240326e-04 2.615791000425815582e-02 1.341820135712623596e-02 9.938367456197738647e-02 2.045504562556743622e-02 2.818313799798488617e-02 5.963601917028427124e-02 4.486510157585144043e-02 4.706146568059921265e-02 2.386404201388359070e-02 1.953041180968284607e-02 4.026801325380802155e-03 1.370616815984249115e-02 1.026079338043928146e-02 8.148169517517089844e-02 3.392524272203445435e-02 6.100781261920928955e-02 1.803089305758476257e-02 9.001279249787330627e-03 1.045370940119028091e-02 4.195673391222953796e-02 2.285062335431575775e-02 1.654282212257385254e-02 4.362334683537483215e-02 1.025465577840805054e-01 5.171666294336318970e-02 6.779929623007774353e-03 1.254082936793565750e-02 2.638636529445648193e-02 2.545106410980224609e-02 2.301292493939399719e-03 6.204761564731597900e-03 1.508185639977455139e-02 3.512568771839141846e-02 5.773845314979553223e-02 3.124137036502361298e-02 5.825808271765708923e-02 1.949528604745864868e-02 7.494360953569412231e-02 3.053810633718967438e-02 5.145303532481193542e-02 9.402615949511528015e-03 2.372667193412780762e-02 5.180381610989570618e-02 5.853402242064476013e-02 3.730360046029090881e-02 2.382923848927021027e-02 6.357675790786743164e-02 4.675979912281036377e-02 3.342265263199806213e-02
2.320821583271026611e-02 8.515122346580028534e-03 1.074959430843591690e-02 2.524077147245407104e-02 7.981029339134693146e-03 6.851909309625625610e-02 7.845216989517211914e-02 4.233637824654579163e-02 2.419571764767169952e-02 6.890379358083009720e-03 6.629662960767745972e-02 1.956320255994796753e-01 3.178983554244041443e-02 2.585496306419372559e-01 1.418327726423740387e-02 5.308327265083789825e-03 1.358473207801580429e-02 1.483743917196989059e-02 4.121299833059310913e-02 1.620534993708133698e-02 2.290647104382514954e-02 1.708148233592510223e-02 9.710484184324741364e-03 2.227402105927467346e-02 1.085485797375440598e-02 7.529219612479209900e-03 3.341845050454139709e-02 2.272579967975616455e-01 4.235661029815673828e-02 1.386674493551254272e-01 7.291516661643981934e-02 4.813475999981164932e-03 8.416550606489181519e-02 3.944895230233669281e-03 1.834260672330856323e-02 4.880006238818168640e-02 1.737101352773606777e-03 2.898701466619968414e-02 1.188523322343826294e-02 2.142285183072090149e-02 4.560144618153572083e-02 1.693779975175857544e-02 2.153116464614868164e-02 4.001086205244064331e-02 2.233328968286514282e-01 1.332031446509063244e-03 7.152973115444183350e-02 2.417317824438214302e-03 2.470475062727928162e-02 5.667354911565780640e-02 1.397459656000137329e-01 7.417134195566177368e-02 1.806056592613458633e-03 3.588662296533584595e-02 8.531415369361639023e-04 1.044666580855846405e-02 4.422743618488311768e-02 3.054704703390598297e-02 2.407168224453926086e-02 3.160353749990463257e-02 7.345942407846450806e-02 1.306091528385877609e-02 4.078602045774459839e-02 4.433465749025344849e-02 8.756233006715774536e-02 1.865654438734054565e-02 1.446648966521024704e-02 1.521744672209024429e-02 4.761770740151405334e-02 5.729005485773086548e-02 2.063162392005324364e-04 1.047759223729372025e-02 5.677577480673789978e-02 1.033642096444964409e-03 3.343101218342781067e-02 3.578072041273117065e-02 2.461251802742481232e-02 1.733422651886940002e-02 1.075826957821846008e-01 4.942772909998893738e-02 2.681358531117439270e-02 6.101632863283157349e-02 1.058944966644048691e-02 5.594449490308761597e-02 4.550370946526527405e-02 2.787453494966030121e-02 3.417824953794479370e-02 1.443964336067438126e-02 4.396224021911621094e-02 1.076945476233959198e-02 3.797107562422752380e-02 1.131932660937309265e-01 1.468764152377843857e-02 1.449912041425704956e-02 4.956985265016555786e-02 4.057668894529342651e-02 2.006764709949493408e-02 3.480393067002296448e-02 6.165362522006034851e-02 4.725369065999984741e-02 2.372048795223236084e-02 1.006909064017236233e-03 3.734585270285606384e-02 1.318279746919870377e-02 3.878742689266800880e-03 3.368788585066795349e-02 3.749183565378189087e-02 1.984016224741935730e-02 3.121344000101089478e-02 4.257922992110252380e-02 2.308903448283672333e-02 5.396573618054389954e-02 3.151882812380790710e-02 1.521687372587621212e-03 1.646409044042229652e-03 2.560508251190185547e-02
2.395694516599178314e-02 1.420910805463790894e-01 2.100239694118499756e-02 7.840172201395034790e-02 9.525083005428314209e-03 2.817895822227001190e-02 1.328863352537155151e-01 7.754673808813095093e-02 1.279176492244005203e-02 2.191038429737091064e-02 1.138835549354553223e-01 3.178983554244041443e-02 1.198742538690567017e-01 2.870023623108863831e-02 9.744315594434738159e-02 8.773263543844223022e-03 1.282340101897716522e-02 7.408930361270904541e-02 2.060978114604949951e-02 2.746477909386157990e-02 2.436494082212448120e-02 1.285208016633987427e-01 1.785719022154808044e-02 3.351705893874168396e-02 1.981287263333797455e-02 5.598809570074081421e-02 7.956601679325103760e-02 5.415668338537216187e-02 1.127728670835494995e-01 1.827572099864482880e-02 2.964919246733188629e-02 1.005494967103004456e-02 3.939557448029518127e-02 2.055104821920394897e-02 5.285440757870674133e-02 5.140514578670263290e-03 7.331110071390867233e-03 3.747721761465072632e-02 9.030131623148918152e-03 1.908483169972896576e-02 4.056310653686523438e-02 4.228956531733274460e-03 6.747113913297653198e-02 1.665749028325080872e-02 4.107329063117504120e-03 2.353992499411106110e-02 4.792169481515884399e-02 1.225823312997817993e-01 1.736562140285968781e-02 4.657513648271560669e-02 2.522270893678069115e-03 7.601770013570785522e-02 4.220006614923477173e-02 3.845587372779846191e-02 2.353297919034957886e-02 1.752171292901039124e-02 4.146938445046544075e-04 1.523284800350666046e-02 1.363875903189182281e-02 2.225998323410749435e-03 2.632688730955123901e-02 5.288164690136909485e-02 3.351626545190811157e-02 5.206628143787384033e-02 9.381794184446334839e-02 1.554870307445526123e-01 4.922905564308166504e-02 1.344844792038202286e-02 8.161894045770168304e-03 7.141488790512084961e-02 3.172717615962028503e-02 4.409660026431083679e-02 3.835283592343330383e-02 1.129561476409435272e-02 4.311633110046386719e-02 1.041965652257204056e-02 1.500963419675827026e-02 2.359135262668132782e-02 1.421542651951313019e-02 4.524798691272735596e-02 1.926656812429428101e-02 2.679667249321937561e-02 1.854518987238407135e-02 8.308883756399154663e-03 5.922890454530715942e-02 6.711985170841217041e-02 3.562485426664352417e-02 8.830586075782775879e-02 2.202504873275756836e-02 5.675185099244117737e-02 3.047746419906616211e-02 9.620699286460876465e-02 7.792963646352291107e-03 1.771526634693145752e-01 3.499409928917884827e-02 5.966228246688842773e-02 6.723881512880325317e-02 1.873406954109668732e-02 1.982397772371768951e-02 6.760259624570608139e-03 1.933581940829753876e-02 2.071841619908809662e-02 4.792599380016326904e-02 6.642464548349380493e-02 1.747378520667552948e-02 4.215453937649726868e-02 1.413771882653236389e-02 2.785296179354190826e-02 5.764396116137504578e-02 3.024693205952644348e-02 5.989666655659675598e-02 5.766177177429199219e-02 5.542077496647834778e-02 4.054331034421920776e-02 3.000404499471187592e-02 3.735306113958358765e-02
