9.129624813795089722e-02 1.391906142234802246e-01 7.816363126039505005e-03 3.048545494675636292e-02 1.984817907214164734e-02 1.172458902001380920e-01 1.194102540612220764e-01 3.039570758119225502e-03 2.421639673411846161e-02 4.669533297419548035e-02 1.224246472120285034e-01 7.509083021432161331e-03 1.092661693692207336e-01 1.286002434790134430e-02 4.060667753219604492e-02 7.519811857491731644e-03 2.928383881226181984e-03 4.532329738140106201e-02 5.528970062732696533e-02 9.457216598093509674e-03 1.579393260180950165e-02 4.340498894453048706e-02 2.147509902715682983e-02 2.844003215432167053e-02 4.317754507064819336e-02 5.768451467156410217e-02 2.057970687747001648e-02 1.727256551384925842e-02 1.168474555015563965e-02 1.331734377890825272e-02 2.337940037250518799e-02 2.092998288571834564e-02 4.253524821251630783e-03 4.968505818396806717e-03 1.690974086523056030e-02 1.598874665796756744e-02 4.347163066267967224e-02 4.722054302692413330e-02 8.198542520403862000e-03 1.628859527409076691e-02 6.098046898841857910e-03 3.498411923646926880e-02 1.096180733293294907e-02 6.463879253715276718e-04 2.033147215843200684e-02 2.135551720857620239e-02 8.769276738166809082e-02 1.033044904470443726e-01 2.037544734776020050e-02 3.973279520869255066e-02 6.411675363779067993e-02 9.573499672114849091e-03 1.835687644779682159e-02 2.883705310523509979e-03 5.923601239919662476e-02 4.975276812911033630e-02 5.725156050175428391e-03 6.651616655290126801e-03 1.955731585621833801e-02 2.644336549565196037e-03 3.904706565663218498e-03 2.900302177295088768e-03 3.486556559801101685e-02 5.063043534755706787e-02 4.485863819718360901e-02 4.870170727372169495e-02 3.334217146039009094e-02 3.680729772895574570e-03 1.798058045096695423e-03 1.904057152569293976e-02 1.067476253956556320e-02 2.629954740405082703e-02 3.201634436845779419e-02 1.573362573981285095e-02 1.554808579385280609e-02 1.431914232671260834e-02 1.828519627451896667e-02 1.518052164465188980e-02 1.470566447824239731e-02 4.948450997471809387e-02 3.328448534011840820e-02 3.506340784952044487e-03 1.764279231429100037e-02 1.379711460322141647e-02 6.048845499753952026e-02 2.860204316675662994e-02 3.780684620141983032e-02 5.062013398855924606e-03 4.668067675083875656e-03 2.772905118763446808e-02 5.926383286714553833e-02 3.613136336207389832e-02 1.029267814010381699e-02 3.380250558257102966e-02 2.145587000995874405e-03 2.391384355723857880e-02 2.148328907787799835e-02 1.697066822089254856e-03 9.307806193828582764e-02 3.977579995989799500e-02 3.685293346643447876e-02 7.639080286026000977e-02 4.345414787530899048e-02 2.723034098744392395e-02 3.384168818593025208e-02 4.527275264263153076e-02 5.467629060149192810e-02 1.590267755091190338e-02 1.478013116866350174e-02 2.996516041457653046e-02 2.199891954660415649e-02 2.515571005642414093e-02 3.677748516201972961e-02 1.812864281237125397e-02 5.448889359831809998e-02 5.212663114070892334e-02
1.391906142234802246e-01 8.815249800682067871e-02 2.667361404746770859e-03 1.411512494087219238e-02 2.178950607776641846e-02 5.658863857388496399e-02 1.304081082344055176e-01 4.581033717840909958e-03 4.466779157519340515e-02 2.626557648181915283e-02 1.217580586671829224e-01 1.082588452845811844e-02 1.215799227356910706e-01 1.632310822606086731e-02 5.478470399975776672e-02 3.548111766576766968e-02 5.607005581259727478e-02 5.364741757512092590e-02 2.596726454794406891e-02 3.072454407811164856e-02 1.695702783763408661e-02 2.427824214100837708e-02 5.267127417027950287e-03 1.554036233574151993e-02 1.620563678443431854e-02 2.697431668639183044e-02 8.904690854251384735e-03 1.864936947822570801e-02 4.456323105841875076e-03 2.947147563099861145e-02 1.736199297010898590e-02 1.139018451794981956e-03 3.195134922862052917e-03 3.291482478380203247e-02 2.174390666186809540e-02 1.964657334610819817e-03 3.697124868631362915e-02 4.192885011434555054e-02 9.796779602766036987e-03 1.012686174362897873e-02 1.218057144433259964e-02 4.934430588036775589e-03 1.711258105933666229e-02 2.323765307664871216e-02 3.905037650838494301e-03 2.008426189422607422e-02 6.747855246067047119e-02 9.532120078802108765e-02 1.791380345821380615e-02 1.782967709004878998e-02 5.756404623389244080e-02 1.894265227019786835e-02 9.034255519509315491e-03 6.505018472671508789e-02 2.566971629858016968e-02 2.938194945454597473e-02 3.108896780759096146e-03 3.845895454287528992e-02 6.658118963241577148e-02 9.301294339820742607e-04 4.444827511906623840e-02 1.500053610652685165e-02 9.394204244017601013e-04 1.066667586565017700e-02 3.812712803483009338e-02 7.076623290777206421e-02 2.527708373963832855e-02 7.185378111898899078e-03 4.580288380384445190e-02 2.231275849044322968e-02 1.589331403374671936e-02 2.982688695192337036e-02 7.286811713129281998e-03 1.773051219061017036e-03 4.007654264569282532e-02 1.485055778175592422e-02 1.354806404560804367e-02 1.451377756893634796e-02 5.182965099811553955e-02 4.756247624754905701e-02 2.554431557655334473e-02 4.752024635672569275e-02 1.395988278090953827e-02 1.389614120125770569e-02 2.271157689392566681e-02 1.182894501835107803e-02 2.533278986811637878e-02 3.773717954754829407e-02 1.574021391570568085e-02 3.279858827590942383e-02 2.472199872136116028e-02 6.825473159551620483e-03 5.397842079401016235e-02 3.947883471846580505e-02 3.687091916799545288e-02 4.709700495004653931e-02 1.018293667584657669e-02 1.064259279519319534e-02 3.663810342550277710e-02 1.313306484371423721e-02 7.413128018379211426e-02 8.198764175176620483e-02 4.409793391823768616e-02 2.980708330869674683e-02 4.534018691629171371e-03 4.195614904165267944e-02 4.130251333117485046e-02 1.067320117726922035e-03 4.551765695214271545e-02 1.573131792247295380e-02 3.235203400254249573e-02 5.870786309242248535e-02 4.535463824868202209e-02 4.676919430494308472e-02 5.511882528662681580e-02 2.342721074819564819e-02
7.816363126039505005e-03 2.667361404746770859e-03 2.216840349137783051e-02 4.424295946955680847e-02 1.009094528853893280e-03 5.466679111123085022e-02 3.514697402715682983e-02 1.736610720399767160e-04 6.864192336797714233e-02 4.857238754630088806e-02 5.402816459536552429e-03 1.308580208569765091e-02 4.003384336829185486e-02 1.254581846296787262e-02 6.748897582292556763e-02 2.144205011427402496e-02 2.203022874891757965e-02 1.221573445945978165e-02 3.775246441364288330e-02 2.717550843954086304e-02 5.535732954740524292e-02 6.800359487533569336e-02 1.996235223487019539e-03 8.514759689569473267e-02 2.376340143382549286e-02 4.070968925952911377e-02 3.742104023694992065e-02 6.431891769170761108e-02 4.549758508801460266e-02 7.268293201923370361e-02 3.955117985606193542e-02 3.092864155769348145e-02 3.460470959544181824e-02 4.710109438747167587e-03 4.605233296751976013e-02 2.010929957032203674e-02 4.275908693671226501e-02 6.117865070700645447e-02 7.622437179088592529e-02 4.614439792931079865e-03 7.572773844003677368e-02 6.861506961286067963e-03 1.001321151852607727e-01 3.759136050939559937e-02 8.321689092554152012e-04 1.770946197211742401e-02 3.302174806594848633e-02 3.866578638553619385e-02 2.854008926078677177e-03 3.028318658471107483e-02 2.805755846202373505e-02 5.051007494330406189e-02 2.592921815812587738e-02 2.616538293659687042e-02 1.406410709023475647e-02 4.219925403594970703e-02 3.105218708515167236e-02 3.963401913642883301e-02 7.931131869554519653e-02 2.618656959384679794e-03 2.673565410077571869e-02 3.338506445288658142e-02 5.700899637304246426e-04 9.997397661209106445e-03 4.616879299283027649e-02 6.576988380402326584e-03 6.329140812158584595e-02 9.562830440700054169e-03 1.534417271614074707e-02 1.273584272712469101e-02 2.457661740481853485e-02 2.079243399202823639e-02 1.731323823332786560e-02 1.438304409384727478e-02 5.516010522842407227e-02 2.613051608204841614e-02 5.497556924819946289e-02 3.422407805919647217e-02 2.384640090167522430e-02 3.320169448852539062e-02 1.905292272567749023e-01 1.283617019653320312e-01 4.766861721873283386e-02 2.405618876218795776e-02 3.601057082414627075e-02 1.758001744747161865e-02 5.139137059450149536e-02 4.875300824642181396e-02 6.606727093458175659e-02 9.671038016676902771e-03 6.489605456590652466e-02 2.677796036005020142e-02 2.738202363252639771e-02 2.129813656210899353e-02 5.139757692813873291e-02 4.404833167791366577e-02 2.598479948937892914e-02 7.520209997892379761e-03 1.916900090873241425e-02 8.080181479454040527e-02 4.455474391579627991e-02 7.678914815187454224e-02 3.066994249820709229e-02 2.177836187183856964e-02 2.377498336136341095e-02 3.761032968759536743e-02 1.300279051065444946e-02 4.680607467889785767e-03 4.276867955923080444e-02 1.245239982381463051e-03 4.437414556741714478e-02 2.911892533302307129e-02 3.087846189737319946e-02 1.129631251096725464e-01 6.848734617233276367e-02 1.923254877328872681e-02
3.048545494675636292e-02 1.411512494087219238e-02 4.424295946955680847e-02 1.164942383766174316e-01 2.257775068283081055e-01 1.724168658256530762e-02 2.736334875226020813e-02 3.988973796367645264e-02 5.403730645775794983e-02 1.536836847662925720e-02 2.873514778912067413e-03 4.107686504721641541e-02 2.942543849349021912e-02 1.038323994725942612e-02 2.189352177083492279e-03 3.300546202808618546e-03 2.537985146045684814e-02 5.929417163133621216e-02 6.459392607212066650e-02 1.995036192238330841e-02 1.427385956048965454e-02 4.546085745096206665e-02 5.294944718480110168e-02 2.365911006927490234e-02 2.798803150653839111e-02 1.445054262876510620e-02 1.014598086476325989e-02 4.851739108562469482e-02 5.436344817280769348e-02 2.424278482794761658e-02 5.710369721055030823e-02 1.954916119575500488e-02 3.117318637669086456e-02 5.978624895215034485e-02 1.284443493932485580e-02 3.167929127812385559e-02 3.785584494471549988e-02 4.089756682515144348e-02 3.793801367282867432e-02 1.357430685311555862e-02 1.644125208258628845e-02 3.002839162945747375e-03 1.290587801486253738e-02 6.038219109177589417e-02 6.737459450960159302e-02 5.677306652069091797e-02 7.271125912666320801e-03 2.381061762571334839e-02 8.316317573189735413e-03 1.347293611615896225e-02 3.286380786448717117e-03 3.282796824350953102e-04 7.753367722034454346e-02 4.562807828187942505e-02 4.087806120514869690e-02 1.485535968095064163e-02 7.697711233049631119e-03 2.468930929899215698e-02 3.124576248228549957e-02 1.998081430792808533e-02 1.828497275710105896e-02 7.182966219261288643e-04 5.184225738048553467e-02 3.962718322873115540e-02 2.304324693977832794e-02 4.193169251084327698e-02 1.524631120264530182e-02 2.559711597859859467e-02 1.605618558824062347e-02 3.456367179751396179e-02 1.911999285221099854e-02 2.911468781530857086e-02 1.754123121500015259e-01 3.593927994370460510e-02 1.418477743864059448e-01 2.237229840829968452e-03 3.039247170090675354e-02 3.187401220202445984e-03 1.999030448496341705e-02 3.951861336827278137e-02 3.903996571898460388e-02 1.220125798135995865e-02 1.593398451805114746e-01 1.822488903999328613e-01 1.968091167509555817e-02 2.239680662751197815e-02 2.532778494060039520e-02 1.814402639865875244e-02 6.281872093677520752e-02 3.054612083360552788e-03 1.533284410834312439e-02 5.123119056224822998e-02 7.420132402330636978e-03 4.752953350543975830e-02 1.111982092261314392e-01 1.153636025264859200e-03 1.825031824409961700e-02 1.216641440987586975e-02 1.959057897329330444e-02 1.252188533544540405e-02 3.716467320919036865e-02 2.969695068895816803e-02 6.532689929008483887e-02 9.638824500143527985e-03 6.328830868005752563e-02 1.548348460346460342e-02 1.425494439899921417e-02 2.683756686747074127e-02 3.420926257967948914e-02 2.637258917093276978e-02 3.519001603126525879e-02 1.257307082414627075e-02 4.640442784875631332e-03 7.868830859661102295e-02 2.722039585933089256e-03 7.769295945763587952e-03
1.984817907214164734e-02 2.178950607776641846e-02 1.009094528853893280e-03 2.257775068283081055e-01 1.417998075485229492e-01 1.703696511685848236e-02 4.775150679051876068e-03 1.143379509449005127e-02 1.274929847568273544e-02 6.755138933658599854e-02 1.659931242465972900e-02 5.833330377936363220e-02 3.677725046873092651e-02 1.545301731675863266e-02 1.969674415886402130e-02 1.088320836424827576e-02 4.340466111898422241e-02 1.078190505504608154e-01 6.602337956428527832e-02 6.293213460594415665e-03 2.629237994551658630e-02 2.554783038794994354e-02 3.401232138276100159e-02 2.114012651145458221e-02 4.400448501110076904e-02 6.745627615600824356e-03 8.947089314460754395e-03 6.154272332787513733e-02 2.329528331756591797e-02 3.531384840607643127e-02 1.067792810499668121e-02 4.209890589118003845e-02 4.927669465541839600e-02 5.405303090810775757e-02 4.973888024687767029e-02 3.676601871848106384e-02 1.114872284233570099e-02 3.119668737053871155e-02 9.400421753525733948e-03 1.659080758690834045e-02 2.258524484932422638e-02 4.600960016250610352e-02 3.568499162793159485e-02 6.341864168643951416e-02 4.994717240333557129e-02 4.756044223904609680e-02 7.796541322022676468e-03 4.225940257310867310e-02 4.233730211853981018e-02 8.027227595448493958e-03 1.114177424460649490e-02 2.398166805505752563e-02 3.395652770996093750e-02 6.819130387157201767e-03 6.623673439025878906e-02 1.234829705208539963e-02 5.822482332587242126e-02 9.702078253030776978e-02 1.382106076925992966e-02 2.477472275495529175e-02 4.904820770025253296e-02 4.645151644945144653e-02 1.557509507983922958e-02 4.979590885341167450e-03 1.933935470879077911e-02 6.195217370986938477e-03 2.310876268893480301e-03 3.730219323188066483e-03 1.943202689290046692e-02 1.290369499474763870e-02 1.560674514621496201e-02 1.538979448378086090e-02 1.905794590711593628e-01 7.051092106848955154e-03 1.779409795999526978e-01 2.761931531131267548e-02 4.139723256230354309e-02 4.442356899380683899e-02 2.679268643260002136e-02 7.285685278475284576e-03 1.894226856529712677e-02 2.460750378668308258e-02 1.748976856470108032e-01 1.827609688043594360e-01 1.623999211005866528e-03 4.904190078377723694e-02 2.830100059509277344e-02 1.295108813792467117e-02 5.197951570153236389e-02 5.052633583545684814e-02 3.015144169330596924e-02 1.805493980646133423e-02 1.862902310676872730e-03 6.225711666047573090e-03 9.081256389617919922e-02 5.831546336412429810e-02 1.318789366632699966e-02 1.394130103290081024e-02 4.891662299633026123e-02 2.787149325013160706e-02 4.131847247481346130e-02 1.694904989562928677e-03 6.945988535881042480e-02 3.545779502019286156e-03 5.198138952255249023e-02 7.099142670631408691e-02 2.536868490278720856e-02 2.917980402708053589e-02 4.612285643815994263e-02 2.275018207728862762e-02 2.930982597172260284e-02 7.430564146488904953e-03 6.845417898148298264e-03 4.853192716836929321e-02 3.289674594998359680e-02 1.232448499649763107e-02
1.172458902001380920e-01 5.658863857388496399e-02 5.466679111123085022e-02 1.724168658256530762e-02 1.703696511685848236e-02 9.131347388029098511e-02 1.630541235208511353e-01 1.648301631212234497e-02 1.508922898210585117e-03 1.542697567492723465e-02 4.628705978393554688e-02 1.002221405506134033e-01 8.241742849349975586e-02 8.305311203002929688e-02 3.548771142959594727e-02 6.155128404498100281e-02 4.272894561290740967e-02 3.743452206254005432e-02 9.627068787813186646e-02 1.658908277750015259e-02 2.654914744198322296e-02 4.064205568283796310e-03 4.258627071976661682e-02 2.650296315550804138e-02 4.608088172972202301e-03 4.600997641682624817e-02 6.446716934442520142e-02 6.232368201017379761e-02 8.838305249810218811e-03 4.532167315483093262e-02 3.646278753876686096e-02 5.054298322647809982e-03 2.940282924100756645e-03 3.808141499757766724e-02 3.102050162851810455e-02 1.541508920490741730e-02 6.640683114528656006e-02 8.377120830118656158e-03 1.266217790544033051e-02 4.040013067424297333e-03 1.602325472049415112e-03 2.232606336474418640e-02 1.738198846578598022e-02 7.781235873699188232e-02 5.957129411399364471e-03 5.080795660614967346e-02 1.524052023887634277e-01 1.349185258150100708e-01 2.614431455731391907e-02 4.135807976126670837e-02 2.907008491456508636e-02 3.539403900504112244e-02 1.367341610603034496e-03 7.456003874540328979e-02 5.466580018401145935e-02 1.871224679052829742e-02 2.351240441203117371e-02 3.950824588537216187e-02 5.460176616907119751e-03 1.011466234922409058e-01 3.399122506380081177e-02 8.529911749064922333e-03 4.478273913264274597e-02 4.156270623207092285e-02 5.332132428884506226e-02 2.628120966255664825e-02 1.579497940838336945e-02 2.294508926570415497e-02 2.243039943277835846e-02 7.174681406468153000e-03 2.621108898892998695e-03 5.285632982850074768e-02 5.692679062485694885e-02 2.405266091227531433e-02 2.242562919855117798e-02 5.070300027728080750e-02 9.805745631456375122e-02 4.320419684518128633e-04 5.151028186082839966e-02 4.999043792486190796e-02 2.251832932233810425e-02 2.719780616462230682e-02 3.369639068841934204e-02 5.908933281898498535e-02 4.072327166795730591e-02 3.318614140152931213e-02 2.924460545182228088e-02 5.289863329380750656e-03 5.861211940646171570e-02 2.726267650723457336e-02 5.022934079170227051e-02 5.157274380326271057e-02 5.936674401164054871e-02 1.750726252794265747e-02 2.834237739443778992e-02 4.127630218863487244e-02 3.284365311264991760e-02 4.726327583193778992e-02 5.714855343103408813e-02 5.032648891210556030e-02 4.470597580075263977e-02 3.977543860673904419e-02 1.628832705318927765e-02 1.332847867161035538e-02 7.874264381825923920e-03 5.311366543173789978e-02 1.767855323851108551e-02 3.048861213028430939e-02 1.475379429757595062e-02 2.563921175897121429e-02 2.767975069582462311e-02 3.538283053785562515e-03 1.579222735017538071e-03 1.334501430392265320e-02 2.484264411032199860e-02 5.997817218303680420e-02
1.194102540612220764e-01 1.304081082344055176e-01 3.514697402715682983e-02 2.736334875226020813e-02 4.775150679051876068e-03 1.630541235208511353e-01 9.944026172161102295e-02 1.656098291277885437e-03 8.880249224603176117e-03 1.000950578600168228e-02 7.884832471609115601e-02 4.609684646129608154e-02 1.171228736639022827e-01 6.724044680595397949e-02 4.783866554498672485e-02 2.995767258107662201e-02 2.290589362382888794e-02 4.374290630221366882e-02 1.071974262595176697e-01 4.533821716904640198e-02 9.771708399057388306e-03 3.250008076429367065e-02 5.634656921029090881e-02 3.050208091735839844e-02 2.717786096036434174e-02 1.195946335792541504e-02 1.834510639309883118e-02 4.430065304040908813e-02 5.835601314902305603e-02 3.375394642353057861e-02 4.706821637228131294e-04 6.356835830956697464e-03 9.703057003207504749e-04 2.756664529442787170e-02 9.926882572472095490e-03 1.090586744248867035e-02 5.199196748435497284e-03 9.184613823890686035e-03 2.245517075061798096e-02 5.150950164534151554e-04 5.474580451846122742e-02 2.392544178292155266e-03 1.544383913278579712e-02 2.426765672862529755e-02 3.696233406662940979e-02 1.687489822506904602e-02 1.300996989011764526e-01 1.511299759149551392e-01 4.131137207150459290e-02 5.022137239575386047e-02 2.392536774277687073e-02 3.315335884690284729e-02 6.462046876549720764e-04 3.429285017773509026e-03 4.580607265233993530e-02 1.575179398059844971e-02 1.031624153256416321e-02 3.091666847467422485e-02 5.341704189777374268e-02 3.626569733023643494e-02 2.011934481561183929e-02 3.853995352983474731e-02 2.687181159853935242e-02 2.676011808216571808e-02 2.898235432803630829e-02 6.239383295178413391e-02 1.689853891730308533e-02 3.693553060293197632e-02 1.247006468474864960e-02 4.263927415013313293e-02 6.773097906261682510e-03 1.531071867793798447e-02 5.057173594832420349e-02 7.796629332005977631e-03 2.238708548247814178e-03 6.216901820152997971e-04 3.487626090645790100e-02 4.116929136216640472e-03 2.869589067995548248e-02 7.262981683015823364e-02 1.182836480438709259e-02 6.397291086614131927e-03 1.023756433278322220e-02 4.537689685821533203e-02 1.368375495076179504e-02 1.512266043573617935e-02 3.236082941293716431e-02 4.355602711439132690e-02 3.224120289087295532e-02 1.296575553715229034e-02 1.566441729664802551e-02 4.045808315277099609e-02 3.050579130649566650e-02 7.479531224817037582e-03 4.714384675025939941e-02 6.684011965990066528e-02 4.123976454138755798e-02 2.942525036633014679e-02 8.810762315988540649e-03 5.178190767765045166e-02 5.946882814168930054e-02 3.385043703019618988e-03 2.790375053882598877e-02 2.745491266250610352e-02 1.848121546208858490e-02 4.935537278652191162e-02 2.902730181813240051e-02 3.837031498551368713e-02 8.131861686706542969e-03 5.793626420199871063e-03 6.274097599089145660e-03 2.722384175285696983e-03 7.410809863358736038e-03 2.737652324140071869e-02 8.835735917091369629e-02 3.397732600569725037e-02
3.039570758119225502e-03 4.581033717840909958e-03 1.736610720399767160e-04 3.988973796367645264e-02 1.143379509449005127e-02 1.648301631212234497e-02 1.656098291277885437e-03 6.853833049535751343e-02 9.308480657637119293e-03 5.555498972535133362e-02 3.443874046206474304e-02 1.091628521680831909e-02 3.100173315033316612e-03 5.583323165774345398e-02 4.317139461636543274e-02 5.851802602410316467e-02 1.593267545104026794e-02 4.662927240133285522e-02 7.314025424420833588e-03 4.724310711026191711e-02 3.368939086794853210e-02 4.646069929003715515e-02 5.526068434119224548e-02 4.746846109628677368e-02 4.714633151888847351e-02 1.110309734940528870e-02 2.293304726481437683e-02 3.430279716849327087e-02 4.302458465099334717e-02 1.861439645290374756e-02 3.500964120030403137e-02 3.681547194719314575e-02 1.336910761892795563e-02 4.407352581620216370e-02 4.542690142989158630e-02 1.250357478857040405e-01 2.818324230611324310e-02 8.293581753969192505e-02 5.526252090930938721e-02 5.024660006165504456e-02 5.811348091810941696e-03 6.449487060308456421e-02 5.296786129474639893e-02 6.481099128723144531e-02 2.029854059219360352e-02 2.575908601284027100e-02 6.479334551841020584e-03 1.219196990132331848e-02 2.550123259425163269e-02 3.376912325620651245e-02 2.529936097562313080e-02 1.116800401359796524e-02 3.703400492668151855e-02 7.022198755294084549e-03 4.218025878071784973e-02 8.189388364553451538e-02 1.652375422418117523e-02 4.085441306233406067e-02 3.825927153229713440e-02 3.482677787542343140e-02 8.265118300914764404e-02 7.388317584991455078e-02 2.266363799571990967e-02 9.028630331158638000e-03 4.553124308586120605e-02 1.012909808196127415e-03 5.265247449278831482e-02 3.628528863191604614e-02 6.644911319017410278e-02 3.278135508298873901e-02 4.427895322442054749e-02 7.474356796592473984e-03 6.835014373064041138e-02 3.127709403634071350e-02 2.050594985485076904e-02 2.342727407813072205e-02 2.396634547039866447e-03 3.566305711865425110e-02 1.657378044910728931e-03 5.642114952206611633e-02 2.201362550258636475e-01 1.385572701692581177e-01 3.736554831266403198e-02 1.278818771243095398e-02 3.709055855870246887e-02 4.409582540392875671e-02 1.287645101547241211e-01 1.202483475208282471e-01 1.481196470558643341e-02 1.702316477894783020e-02 3.603232279419898987e-02 2.416030876338481903e-02 4.831642284989356995e-02 1.971362531185150146e-02 6.678079813718795776e-02 2.169566787779331207e-02 8.088246977422386408e-05 2.222305163741111755e-02 5.055233091115951538e-02 3.640190139412879944e-02 3.055620379745960236e-02 2.838567830622196198e-03 4.863255470991134644e-02 1.215155352838337421e-03 5.453502759337425232e-02 9.237931109964847565e-03 6.691572815179824829e-02 2.311434410512447357e-02 1.768055022694170475e-03 4.209245368838310242e-02 3.289109468460083008e-02 1.034806855022907257e-02 1.494577992707490921e-02 2.289879135787487030e-02 5.007722601294517517e-02 5.454991385340690613e-02
2.421639673411846161e-02 4.466779157519340515e-02 6.864192336797714233e-02 5.403730645775794983e-02 1.274929847568273544e-02 1.508922898210585117e-03 8.880249224603176117e-03 9.308480657637119293e-03 6.840098649263381958e-02 4.358209669589996338e-02 4.661660641431808472e-02 1.425130292773246765e-02 7.847623527050018311e-02 4.955781251192092896e-02 6.150699034333229065e-02 6.640159338712692261e-02 3.673433884978294373e-02 7.876285910606384277e-02 1.820335350930690765e-02 2.007395401597023010e-02 1.794345490634441376e-02 2.878557518124580383e-02 7.160498294979333878e-03 1.309167779982089996e-02 6.439535319805145264e-02 5.904109030961990356e-02 5.487690120935440063e-02 3.515709936618804932e-02 6.569790095090866089e-02 1.600224524736404419e-02 3.297757729887962341e-02 2.259062789380550385e-02 5.605311319231987000e-02 2.223092317581176758e-02 7.514664530754089355e-02 7.659529894590377808e-02 4.779675975441932678e-03 5.631225928664207458e-02 4.565990343689918518e-02 4.525671154260635376e-02 6.122959777712821960e-02 3.883828967809677124e-02 4.434065893292427063e-03 1.931102015078067780e-02 9.120498597621917725e-02 1.068299822509288788e-02 6.212122738361358643e-02 6.508992612361907959e-02 7.150095701217651367e-02 2.988823130726814270e-02 4.743358120322227478e-02 3.199463710188865662e-02 8.660725317895412445e-03 1.589173451066017151e-02 5.754250288009643555e-02 3.492832183837890625e-02 1.188382878899574280e-02 3.496793285012245178e-02 4.544532392174005508e-03 1.166590489447116852e-02 8.266556262969970703e-02 7.319071143865585327e-02 4.295257106423377991e-02 3.739436343312263489e-02 7.287006080150604248e-02 3.358313441276550293e-02 4.572222009301185608e-03 1.479406654834747314e-02 2.170206047594547272e-02 3.279893472790718079e-02 1.740095578134059906e-02 2.689389698207378387e-02 2.769128419458866119e-02 6.424753461033105850e-03 2.935046330094337463e-02 3.986471891403198242e-02 3.028374016284942627e-01 8.098970167338848114e-03 2.747117877006530762e-01 2.881898917257785797e-02 4.459389299154281616e-02 3.020220063626766205e-02 4.451562836766242981e-02 4.861170053482055664e-02 3.817731887102127075e-02 6.795817613601684570e-02 7.123747467994689941e-02 8.120507746934890747e-02 5.425146594643592834e-02 5.318204313516616821e-02 3.772002458572387695e-02 4.018380772322416306e-03 5.562500655651092529e-02 8.198980242013931274e-02 6.918678991496562958e-03 4.403480514883995056e-02 4.436433315277099609e-02 7.604090496897697449e-03 1.509515382349491119e-02 2.170814201235771179e-02 8.208268322050571442e-03 4.444618709385395050e-03 5.876264721155166626e-02 5.907066538929939270e-02 6.983400881290435791e-02 3.990339860320091248e-02 5.443062167614698410e-03 2.718763984739780426e-02 4.202231764793395996e-02 3.620380163192749023e-02 3.442234173417091370e-02 1.131414063274860382e-02 7.050367072224617004e-03 3.280129656195640564e-02 4.604348540306091309e-02 3.846663609147071838e-02
4.669533297419548035e-02 2.626557648181915283e-02 4.857238754630088806e-02 1.536836847662925720e-02 6.755138933658599854e-02 1.542697567492723465e-02 1.000950578600168228e-02 5.555498972535133362e-02 4.358209669589996338e-02 5.377234891057014465e-02 1.109632104635238647e-02 9.208372980356216431e-02 4.107916727662086487e-03 1.268836203962564468e-02 8.368607610464096069e-02 3.384924307465553284e-02 1.950035430490970612e-02 1.915586739778518677e-02 3.298643976449966431e-02 2.845600992441177368e-02 2.483783662319183350e-02 7.099024206399917603e-02 1.655180007219314575e-02 4.257997125387191772e-02 2.691702544689178467e-02 1.999967917799949646e-02 1.049884036183357239e-02 3.332833945751190186e-02 1.737478934228420258e-02 4.057674109935760498e-02 7.434606552124023438e-02 2.335921861231327057e-02 6.527472287416458130e-02 5.639341101050376892e-02 3.803012147545814514e-02 3.740911837667226791e-03 5.153262242674827576e-02 1.907732710242271423e-02 5.614265426993370056e-02 2.342022024095058441e-02 3.902436047792434692e-02 2.831919677555561066e-02 8.567071519792079926e-03 5.927965790033340454e-02 2.540079131722450256e-02 1.672480255365371704e-02 2.597822993993759155e-02 6.211249623447656631e-03 3.829655051231384277e-02 1.396753191947937012e-01 4.993228707462549210e-03 5.517549440264701843e-02 2.638966543599963188e-03 5.837699398398399353e-02 4.529274255037307739e-02 1.657997071743011475e-01 4.398829489946365356e-02 1.468475908041000366e-02 1.176603287458419800e-01 3.478852659463882446e-02 1.375556923449039459e-02 3.468470647931098938e-02 3.290949016809463501e-02 3.141538053750991821e-02 3.795462660491466522e-03 2.332923375070095062e-02 2.028192393481731415e-03 3.509369865059852600e-02 7.578005641698837280e-02 5.680204555392265320e-02 7.264295220375061035e-02 1.871180534362792969e-02 4.308870807290077209e-02 4.469525068998336792e-03 1.778262108564376831e-02 1.496458519250154495e-02 5.984838679432868958e-02 1.994034498929977417e-01 1.805203221738338470e-02 1.832804381847381592e-01 1.633117347955703735e-02 9.012469090521335602e-03 3.120733238756656647e-02 4.894437640905380249e-02 3.205683082342147827e-02 3.970063291490077972e-03 8.209414035081863403e-02 4.091237857937812805e-02 2.244950644671916962e-02 2.419858612120151520e-02 2.184712328016757965e-02 2.303005009889602661e-02 1.182388048619031906e-02 2.103013359010219574e-02 6.304131448268890381e-02 3.630918264389038086e-02 4.283198341727256775e-02 1.674730144441127777e-02 7.372453343123197556e-03 4.673860222101211548e-02 5.330441519618034363e-02 8.493822067975997925e-02 2.037565037608146667e-02 4.156274348497390747e-02 7.252634968608617783e-03 5.840656533837318420e-02 2.920833416283130646e-02 4.087461158633232117e-02 4.646931309252977371e-03 6.036482006311416626e-02 4.284812137484550476e-02 6.094351410865783691e-02 2.009033411741256714e-02 7.535261660814285278e-02 8.814109116792678833e-02 6.194200366735458374e-02
1.224246472120285034e-01 1.217580586671829224e-01 5.402816459536552429e-03 2.873514778912067413e-03 1.659931242465972900e-02 4.628705978393554688e-02 7.884832471609115601e-02 3.443874046206474304e-02 4.661660641431808472e-02 1.109632104635238647e-02 8.470936864614486694e-02 3.128826152533292770e-03 1.027407944202423096e-01 1.622053049504756927e-02 5.660991743206977844e-02 2.092505991458892822e-02 1.242799218744039536e-02 7.645877450704574585e-02 2.160467021167278290e-02 3.717751801013946533e-02 1.103767775930464268e-03 7.793966680765151978e-02 5.670205224305391312e-03 8.124995045363903046e-03 3.334708884358406067e-02 4.603252187371253967e-02 7.071529515087604523e-03 4.018437582999467850e-03 4.655149951577186584e-02 5.901847500354051590e-03 1.115753408521413803e-02 4.635269753634929657e-03 6.283722817897796631e-03 2.727580256760120392e-02 3.793491423130035400e-02 2.603969164192676544e-02 3.454448888078331947e-03 6.747719645500183105e-02 2.529301680624485016e-02 2.604392915964126587e-02 1.606537494808435440e-03 2.881171740591526031e-02 2.200619503855705261e-02 4.214520379900932312e-02 1.244264189153909683e-02 3.921185061335563660e-02 6.187286227941513062e-02 7.239152491092681885e-02 7.618178613483905792e-03 8.833867497742176056e-03 5.899060890078544617e-02 4.713483620434999466e-03 2.705637365579605103e-02 5.392394214868545532e-02 3.069972246885299683e-02 2.776697510853409767e-03 1.562962122261524200e-02 2.950032614171504974e-02 4.104853048920631409e-02 4.111574962735176086e-02 3.187533468008041382e-02 3.844520077109336853e-02 6.545917131006717682e-04 9.398492053151130676e-03 9.195726364850997925e-02 7.452932745218276978e-02 3.654499351978302002e-02 2.766382135450839996e-02 1.831693947315216064e-02 5.934454128146171570e-02 3.146248310804367065e-02 2.409609220921993256e-02 4.945361055433750153e-03 3.312046825885772705e-02 1.537913363426923752e-02 7.679334376007318497e-03 7.303771562874317169e-03 4.177932813763618469e-02 6.028534378856420517e-03 2.351286262273788452e-02 5.521733686327934265e-02 4.927884787321090698e-02 5.855899304151535034e-02 3.905954211950302124e-02 3.686749562621116638e-02 2.886207960546016693e-02 1.019099541008472443e-02 3.511928021907806396e-03 1.945981755852699280e-02 5.564735736697912216e-03 4.694950580596923828e-02 7.361061125993728638e-02 5.661092698574066162e-03 4.569486156105995178e-02 1.431223470717668533e-02 1.784565299749374390e-02 1.591011881828308105e-02 2.681709127500653267e-03 4.096298292279243469e-02 1.463425811380147934e-02 4.417621996253728867e-03 3.408211842179298401e-02 2.043745666742324829e-02 4.221619665622711182e-02 2.740230970084667206e-02 8.650934905745089054e-04 1.166427787393331528e-02 3.143493318930268288e-03 2.168678678572177887e-02 1.679526455700397491e-02 1.004745345562696457e-02 4.292404279112815857e-02 2.730465680360794067e-02 1.751626841723918915e-02 2.429184131324291229e-02 5.388312414288520813e-02
7.509083021432161331e-03 1.082588452845811844e-02 1.308580208569765091e-02 4.107686504721641541e-02 5.833330377936363220e-02 1.002221405506134033e-01 4.609684646129608154e-02 1.091628521680831909e-02 1.425130292773246765e-02 9.208372980356216431e-02 3.128826152533292770e-03 8.051598817110061646e-02 4.215768352150917053e-02 2.665989398956298828e-01 5.535923317074775696e-02 2.186950063332915306e-03 3.334190696477890015e-02 1.110366545617580414e-02 5.066835135221481323e-02 1.640174537897109985e-02 1.297103008255362511e-03 2.296061813831329346e-02 1.016495376825332642e-01 4.474177956581115723e-02 3.654976561665534973e-02 2.667366899549961090e-02 1.433728449046611786e-02 1.799766868352890015e-01 6.083590909838676453e-02 1.082752570509910583e-01 2.491648122668266296e-02 4.484676569700241089e-02 6.083424389362335205e-02 6.928966939449310303e-02 8.988549560308456421e-02 1.184820681810379028e-01 2.671195752918720245e-02 1.205326337367296219e-02 2.748545818030834198e-02 2.979767043143510818e-03 2.791409613564610481e-03 6.702367216348648071e-02 6.009979639202356339e-03 1.913750544190406799e-02 4.055129364132881165e-03 1.119901388883590698e-01 2.145020291209220886e-02 2.053077891469001770e-02 3.957723081111907959e-02 8.339250832796096802e-02 7.260319590568542480e-02 4.056755080819129944e-02 1.523562148213386536e-02 5.563048273324966431e-02 2.792939916253089905e-02 9.583607316017150879e-03 5.601279810070991516e-02 1.031326502561569214e-02 3.478736616671085358e-03 5.529342219233512878e-03 3.944077342748641968e-02 2.524837106466293335e-02 2.231273247161880136e-04 7.035032846033573151e-03 1.428190246224403381e-02 2.437235042452812195e-02 1.506420597434043884e-02 1.981971040368080139e-02 3.421779721975326538e-02 1.551832770928740501e-03 5.875264480710029602e-02 4.476698115468025208e-02 3.496197983622550964e-02 2.205076627433300018e-02 4.715879634022712708e-02 1.031049154698848724e-02 1.598807275295257568e-01 5.846232548356056213e-02 1.689011044800281525e-02 4.411541670560836792e-02 2.190659940242767334e-02 3.802238404750823975e-02 1.803056336939334869e-02 1.832669787108898163e-02 2.920662611722946167e-02 4.665871709585189819e-02 1.534798182547092438e-02 3.734647110104560852e-02 1.033192574977874756e-01 3.951023519039154053e-02 7.407643646001815796e-02 2.340541593730449677e-02 1.041039228439331055e-01 5.786233395338058472e-02 1.686963252723217010e-02 4.165194183588027954e-02 3.904351964592933655e-02 6.459936499595642090e-02 9.431187994778156281e-03 7.521091494709253311e-03 6.122593581676483154e-02 4.497298598289489746e-02 2.280528284609317780e-02 4.815218970179557800e-02 3.585966769605875015e-03 9.829385206103324890e-03 4.189984500408172607e-02 1.216195803135633469e-02 7.104289531707763672e-02 8.694397285580635071e-03 7.994537008926272392e-04 5.190287157893180847e-02 1.252090465277433395e-02 2.095423452556133270e-02 3.296448662877082825e-02 2.302529104053974152e-02
1.092661693692207336e-01 1.215799227356910706e-01 4.003384336829185486e-02 2.942543849349021912e-02 3.677725046873092651e-02 8.241742849349975586e-02 1.171228736639022827e-01 3.100173315033316612e-03 7.847623527050018311e-02 4.107916727662086487e-03 1.027407944202423096e-01 4.215768352150917053e-02 1.029553785920143127e-01 2.796760760247707367e-02 2.407275699079036713e-02 7.517102174460887909e-03 1.043050643056631088e-02 1.035021468997001648e-01 7.959299534559249878e-02 1.816366612911224365e-02 2.943227067589759827e-02 7.074382156133651733e-02 5.688176956027746201e-03 8.402015082538127899e-03 2.504940330982208252e-02 6.976959761232137680e-03 2.604166604578495026e-02 1.743764989078044891e-02 4.359632730484008789e-02 2.170098014175891876e-02 3.275218978524208069e-02 8.982125669717788696e-03 1.841692999005317688e-02 1.445089280605316162e-02 6.561541557312011719e-02 3.362519666552543640e-02 6.060004606842994690e-02 8.733808062970638275e-03 4.272740706801414490e-02 1.238968130201101303e-02 9.373652865178883076e-04 1.955643109977245331e-02 9.919906035065650940e-03 1.875178702175617218e-02 5.535546317696571350e-02 1.284607313573360443e-02 4.918351769447326660e-02 8.315434306859970093e-02 1.397668570280075073e-02 4.421774670481681824e-02 1.388272829353809357e-02 1.297601591795682907e-02 4.004607722163200378e-02 6.065492704510688782e-02 1.282740477472543716e-02 5.569924041628837585e-02 3.175261197611689568e-03 2.599292621016502380e-02 4.924605600535869598e-03 2.372759394347667694e-02 1.320283766835927963e-02 4.768233373761177063e-02 1.040615700185298920e-02 1.389363873749971390e-02 3.647291660308837891e-02 6.683146953582763672e-02 3.413613594602793455e-04 2.728671394288539886e-02 3.135791420936584473e-02 4.758398514240980148e-03 5.311676114797592163e-02 2.104382775723934174e-02 3.514201380312442780e-03 1.533395331352949142e-02 6.152515113353729248e-02 1.007611583918333054e-02 5.362393334507942200e-02 5.995986610651016235e-02 7.540127635002136230e-02 1.334096863865852356e-02 8.536540903151035309e-03 3.755396604537963867e-02 6.362760812044143677e-02 5.096578225493431091e-02 4.397105425596237183e-02 4.478162154555320740e-02 1.431076973676681519e-02 6.159391626715660095e-02 1.463094539940357208e-02 1.190686039626598358e-02 3.985950723290443420e-02 4.118843376636505127e-02 1.895014569163322449e-02 4.012567549943923950e-02 2.954542078077793121e-02 7.114917971193790436e-03 2.839736267924308777e-02 5.661863833665847778e-02 4.775690287351608276e-02 5.521721765398979187e-02 2.821693383157253265e-02 2.348395623266696930e-02 5.334667488932609558e-02 2.907649427652359009e-02 1.130621787160634995e-02 1.249788608402013779e-02 5.392470583319664001e-02 4.449753835797309875e-02 2.483495697379112244e-02 1.703351549804210663e-02 1.947038806974887848e-02 4.133998975157737732e-02 3.256488707847893238e-04 3.008884750306606293e-02 3.466063365340232849e-02 1.265604048967361450e-02
