7.863938063383102417e-02 1.605281978845596313e-01 3.482717648148536682e-02 9.597488678991794586e-03 1.362273562699556351e-02 1.052080541849136353e-01 9.607290849089622498e-03 9.869545698165893555e-03 1.804671064019203186e-02 3.289276361465454102e-02 8.166193217039108276e-02 1.865187846124172211e-02 8.673426508903503418e-02 5.430584400892257690e-02 5.397479236125946045e-02 7.520301733165979385e-04 4.170278087258338928e-03 2.725141681730747223e-02 2.293744683265686035e-02 6.653926800936460495e-03 5.045889690518379211e-02 1.031536422669887543e-02 2.583942376077175140e-02 3.473057225346565247e-02 2.477204194292426109e-03 5.597634240984916687e-02 5.158117413520812988e-02 1.402742974460124969e-02 4.855574294924736023e-02 2.956989593803882599e-02 8.543038368225097656e-02 1.446831226348876953e-02 5.364032089710235596e-02 3.436244279146194458e-02 1.986858248710632324e-02 2.124316617846488953e-02 5.337962135672569275e-02 1.320347003638744354e-02 3.914665430784225464e-02 2.064055204391479492e-02 5.175851285457611084e-02 3.139090538024902344e-02 3.927871957421302795e-02 4.199491813778877258e-02 5.723241250962018967e-03 1.691491715610027313e-02 3.646944463253021240e-02 1.012893114238977432e-02 3.532319515943527222e-02 7.243414409458637238e-03 3.085791878402233124e-02 2.536135353147983551e-02 2.814397215843200684e-02 3.412641119211912155e-03 6.009780988097190857e-02 4.127246793359518051e-03 3.529827669262886047e-02 2.875591069459915161e-02 5.260527133941650391e-02 3.143212199211120605e-02 4.210852086544036865e-02 4.686187952756881714e-02 2.216253243386745453e-02 3.170070424675941467e-02 4.382821545004844666e-02 3.582437336444854736e-02 4.577779397368431091e-02 2.718136459589004517e-02 1.610257290303707123e-02 6.723751872777938843e-02 1.569385826587677002e-02 5.211199447512626648e-02 3.572455421090126038e-02 7.761973887681961060e-02 5.495707690715789795e-02 5.632887408137321472e-02 3.993276879191398621e-02 8.789131417870521545e-03 6.220660731196403503e-02 1.892676693387329578e-03 2.441626600921154022e-02 5.277744680643081665e-02 1.439736038446426392e-02 3.966627176851034164e-03 6.085448339581489563e-02 2.596964128315448761e-03 3.817676333710551262e-03 3.219434246420860291e-02 3.934505209326744080e-02 2.145012654364109039e-02 8.639428764581680298e-02 5.323951691389083862e-02 4.685294255614280701e-02 4.208986833691596985e-02 8.115055970847606659e-04 1.657140813767910004e-02 5.983717739582061768e-03 3.312624990940093994e-02 1.536931470036506653e-02 2.426140755414962769e-02 5.378815345466136932e-03 1.341239456087350845e-02 3.700529038906097412e-02 1.920682378113269806e-03 5.390347912907600403e-03 4.467370361089706421e-02 1.915327087044715881e-02 3.751593874767422676e-03 3.150651231408119202e-02 4.323565866798162460e-03 5.800345912575721741e-02 3.245465049985796213e-04 5.834257230162620544e-03 1.619390584528446198e-02 2.912431024014949799e-02 8.241726085543632507e-03
1.605281978845596313e-01 1.244931146502494812e-01 2.817329950630664825e-02 4.128500446677207947e-02 3.467028960585594177e-02 1.362386941909790039e-01 1.161817982792854309e-01 1.909186318516731262e-02 1.018180046230554581e-02 2.312580496072769165e-02 9.745621681213378906e-02 4.655425902456045151e-03 1.346509605646133423e-01 5.817030742764472961e-02 1.623568870127201080e-02 2.578599564731121063e-02 5.473254714161157608e-03 1.443590782582759857e-02 3.361497074365615845e-02 2.645062468945980072e-02 2.155480906367301941e-03 4.333024099469184875e-02 3.888269141316413879e-02 3.760685771703720093e-02 4.962310194969177246e-02 1.721754856407642365e-02 1.766487024724483490e-02 3.733610734343528748e-02 1.558494567871093750e-02 4.488155618309974670e-02 1.169629395008087158e-01 2.681033918634057045e-03 3.875256702303886414e-02 1.331641455180943012e-03 1.811758428812026978e-02 5.057730898261070251e-02 6.590197980403900146e-02 2.022338658571243286e-02 6.092930585145950317e-02 2.499936148524284363e-02 1.614665985107421875e-02 2.050819061696529388e-02 2.669923380017280579e-02 1.202780846506357193e-02 5.874680355191230774e-02 8.330681174993515015e-02 7.748550921678543091e-02 7.125673443078994751e-02 2.010294795036315918e-02 4.592324793338775635e-02 3.336764872074127197e-02 9.272461757063865662e-03 4.180523008108139038e-02 1.615207875147461891e-04 2.896437421441078186e-02 5.550990998744964600e-02 1.612897962331771851e-02 2.339313365519046783e-02 1.888515986502170563e-02 2.197362482547760010e-02 2.044664695858955383e-02 5.530504137277603149e-02 1.873433962464332581e-02 3.869785740971565247e-02 6.737202871590852737e-03 2.450883202254772186e-02 2.375570125877857208e-02 8.385588414967060089e-03 2.546988241374492645e-02 4.344440251588821411e-02 6.567860394716262817e-02 3.435699641704559326e-02 4.008845984935760498e-02 6.346763111650943756e-03 3.351448802277445793e-03 4.302758723497390747e-02 2.764293737709522247e-02 1.362214330583810806e-02 4.772947356104850769e-02 2.841071970760822296e-02 2.786335349082946777e-02 1.819989830255508423e-02 7.962074596434831619e-04 1.117381639778614044e-02 6.563011556863784790e-02 2.565808780491352081e-02 3.206171840429306030e-02 9.359740652143955231e-03 3.367687761783599854e-02 1.534260530024766922e-02 8.037063479423522949e-02 1.269195321947336197e-02 6.581512838602066040e-02 3.600310161709785461e-02 7.043181685730814934e-04 2.993598021566867828e-02 4.443151503801345825e-02 1.697552017867565155e-02 2.186709269881248474e-02 1.466435473412275314e-02 9.589388035237789154e-03 1.217902917414903641e-02 4.513036459684371948e-02 4.004023596644401550e-02 5.355857312679290771e-03 3.174843266606330872e-02 1.310981344431638718e-02 7.348063588142395020e-02 4.161910340189933777e-02 1.514439191669225693e-02 1.028325129300355911e-02 1.051947358064353466e-03 2.834705635905265808e-02 3.485633060336112976e-02 5.092471465468406677e-02 8.370866999030113220e-03
3.482717648148536682e-02 2.817329950630664825e-02 1.116667017340660095e-01 7.456737011671066284e-02 1.451206975616514683e-03 1.840782468207180500e-03 2.884712629020214081e-02 2.050279080867767334e-01 1.794265955686569214e-02 1.342328451573848724e-02 4.447089880704879761e-02 2.673931419849395752e-02 4.239603504538536072e-02 4.997539892792701721e-02 6.076005101203918457e-02 3.926482424139976501e-02 3.566401451826095581e-02 5.576177034527063370e-03 2.920499816536903381e-02 4.233100265264511108e-02 1.580000668764114380e-02 4.232325404882431030e-02 2.059552259743213654e-02 1.577711105346679688e-02 3.764978051185607910e-02 9.263918735086917877e-03 4.622331261634826660e-02 2.947727590799331665e-02 2.469929680228233337e-02 3.094445355236530304e-02 3.205100446939468384e-02 9.467245079576969147e-03 1.486205682158470154e-02 2.993428148329257965e-02 5.042238626629114151e-03 1.786212623119354248e-02 5.562859773635864258e-02 9.997063875198364258e-02 2.534368634223937988e-02 5.868429318070411682e-02 3.227809071540832520e-02 6.990350782871246338e-02 5.790338292717933655e-02 1.233788281679153442e-01 7.462224364280700684e-02 3.514776378870010376e-02 3.428694233298301697e-02 3.140343353152275085e-02 5.383923277258872986e-02 2.488065802026540041e-04 4.262397810816764832e-02 2.493005059659481049e-02 3.133261576294898987e-02 1.958618499338626862e-02 3.910491243004798889e-03 3.159856051206588745e-02 3.363375365734100342e-02 5.970251187682151794e-02 6.568773183971643448e-03 1.784663274884223938e-02 9.101136587560176849e-03 8.626088500022888184e-03 6.157663464546203613e-02 3.120253421366214752e-02 4.389509558677673340e-02 2.633483149111270905e-02 1.277857832610607147e-02 2.730698697268962860e-02 2.082994021475315094e-02 4.072799161076545715e-02 4.367110878229141235e-02 4.191444069147109985e-02 2.841455303132534027e-02 2.328819036483764648e-02 8.868993259966373444e-03 1.299277041107416153e-02 1.059494446963071823e-02 3.646945953369140625e-02 4.167794063687324524e-02 5.769610777497291565e-02 2.463372945785522461e-01 1.384104192256927490e-01 4.909577593207359314e-02 6.569173932075500488e-02 1.441631279885768890e-02 7.031127810478210449e-02 5.052986741065979004e-02 7.967380434274673462e-02 4.500391427427530289e-03 7.405004650354385376e-02 6.853078957647085190e-03 2.074961084872484207e-03 4.060978442430496216e-02 6.789513677358627319e-02 8.352592587471008301e-02 1.086053252220153809e-01 2.416757866740226746e-02 1.408942192792892456e-01 5.685525946319103241e-03 4.583368077874183655e-02 3.042044304311275482e-02 4.588741343468427658e-03 3.703374415636062622e-02 6.147099658846855164e-02 2.102274633944034576e-02 4.253667965531349182e-02 3.466034308075904846e-02 3.968149051070213318e-02 2.114533446729183197e-02 5.391716584563255310e-02 5.205903574824333191e-02 2.932138973847031593e-03 6.951969116926193237e-02 5.955551937222480774e-02 7.389835268259048462e-02 4.008791968226432800e-02
9.597488678991794586e-03 4.128500446677207947e-02 7.456737011671066284e-02 6.453730911016464233e-02 1.688443869352340698e-01 4.055078327655792236e-02 8.031892031431198120e-02 2.382507780566811562e-03 2.417554333806037903e-02 3.792999684810638428e-02 8.807022124528884888e-03 1.921855844557285309e-02 9.620251134037971497e-03 5.656164884567260742e-02 2.827101200819015503e-02 1.445209141820669174e-03 2.668786980211734772e-02 4.969605058431625366e-02 5.298002064228057861e-02 3.066974505782127380e-02 1.274050772190093994e-02 6.511145830154418945e-02 2.742758207023143768e-02 7.844843901693820953e-03 2.576610818505287170e-02 1.107048429548740387e-02 2.897119894623756409e-02 9.370514890179038048e-04 1.951667107641696930e-02 7.640149444341659546e-02 6.105439364910125732e-02 3.983666747808456421e-02 1.551517937332391739e-02 1.764952018857002258e-02 3.734486550092697144e-02 9.865015745162963867e-03 2.328959293663501740e-02 3.860205039381980896e-02 5.401711538434028625e-02 3.855294734239578247e-02 5.530916154384613037e-02 4.782141000032424927e-02 3.005404956638813019e-02 7.121222466230392456e-02 4.443074762821197510e-02 7.198596000671386719e-02 2.074134722352027893e-02 5.541881546378135681e-02 4.193238914012908936e-02 1.708102971315383911e-02 4.733510687947273254e-02 2.616714499890804291e-02 5.331182107329368591e-02 6.882005836814641953e-03 5.209809169173240662e-02 2.003750763833522797e-02 4.736783355474472046e-02 3.041463904082775116e-02 1.372979395091533661e-02 2.396504022181034088e-02 5.246032029390335083e-02 7.467350363731384277e-02 7.446699589490890503e-02 6.493648141622543335e-02 1.835494115948677063e-02 1.269485987722873688e-02 1.533138193190097809e-02 2.432491630315780640e-02 1.468854490667581558e-02 4.882111027836799622e-02 3.915963694453239441e-02 3.180871903896331787e-02 1.197593063116073608e-01 2.708032727241516113e-02 8.389354497194290161e-02 7.075911760330200195e-02 5.982954055070877075e-02 3.207987546920776367e-02 2.075501717627048492e-02 3.752086311578750610e-02 9.728872030973434448e-02 4.629861563444137573e-02 1.363396048545837402e-01 4.336347058415412903e-02 9.389930963516235352e-02 3.974140807986259460e-02 4.195198044180870056e-02 1.848480291664600372e-02 1.193172708153724670e-01 3.258866816759109497e-02 3.741258755326271057e-02 4.441379755735397339e-02 3.320513293147087097e-02 1.220953930169343948e-02 2.750242874026298523e-02 5.338837951421737671e-02 4.071283340454101562e-02 5.884730070829391479e-02 6.555749475955963135e-02 2.811142429709434509e-02 5.301611032336950302e-03 3.610363230109214783e-02 1.544821192510426044e-03 4.618011415004730225e-02 6.645017769187688828e-03 3.238803148269653320e-02 3.617765381932258606e-02 3.370385989546775818e-02 7.364188879728317261e-02 5.311563238501548767e-02 7.701908797025680542e-02 9.134120494127273560e-02 1.243826188147068024e-02 3.107025101780891418e-02 5.963291972875595093e-02 4.079182073473930359e-02
1.362273562699556351e-02 3.467028960585594177e-02 1.451206975616514683e-03 1.688443869352340698e-01 1.289657503366470337e-01 4.539591819047927856e-02 4.675353690981864929e-02 6.689904630184173584e-02 7.430557627230882645e-03 2.026268467307090759e-02 1.864374987781047821e-02 1.385095566511154175e-01 1.788375712931156158e-02 1.238362044095993042e-01 5.061601474881172180e-02 3.167251870036125183e-02 4.739179089665412903e-02 8.173012733459472656e-02 1.548027098178863525e-01 6.496075075119733810e-03 2.789875119924545288e-02 8.670868724584579468e-02 3.100003302097320557e-02 2.100203931331634521e-02 3.477902710437774658e-02 6.232284754514694214e-02 3.544146940112113953e-02 7.557270675897598267e-02 6.512917578220367432e-02 3.849571943283081055e-02 2.644537389278411865e-02 3.970770537853240967e-02 1.159298466518521309e-03 3.724576532840728760e-02 1.233051065355539322e-02 1.524404343217611313e-02 3.647315502166748047e-02 3.010282292962074280e-02 6.905497517436742783e-03 1.485808640718460083e-01 3.971942141652107239e-02 2.796160429716110229e-02 1.398312300443649292e-02 5.902645736932754517e-02 2.962540090084075928e-02 3.024726919829845428e-02 4.387179762125015259e-02 4.142129793763160706e-02 1.286307815462350845e-02 1.236813608556985855e-02 2.514595910906791687e-02 6.011820957064628601e-02 2.924267761409282684e-02 8.311097323894500732e-02 3.687756136059761047e-02 2.191786095499992371e-02 6.281949579715728760e-02 2.371028438210487366e-02 3.560726717114448547e-02 4.336130246520042419e-02 2.084105275571346283e-02 6.707472354173660278e-02 7.840648293495178223e-02 4.036409035325050354e-02 4.573705419898033142e-02 4.199738427996635437e-02 1.901946403086185455e-02 2.195793902501463890e-03 7.817671447992324829e-02 8.834677189588546753e-02 5.659354478120803833e-02 2.272385731339454651e-02 7.788063585758209229e-02 4.693065583705902100e-02 7.994249463081359863e-02 6.910833716392517090e-02 8.600614033639431000e-03 4.213177040219306946e-02 4.763359576463699341e-02 1.224887371063232422e-02 2.046249620616436005e-02 4.980404675006866455e-02 1.413842439651489258e-01 2.117748707532882690e-01 8.142571896314620972e-02 1.023128256201744080e-02 1.423591654747724533e-02 5.618710443377494812e-02 9.688714146614074707e-02 3.544346243143081665e-02 1.768841035664081573e-02 2.814892865717411041e-02 3.898448124527931213e-02 1.281180977821350098e-02 3.497225791215896606e-02 1.791200228035449982e-02 4.435857757925987244e-02 5.358095839619636536e-02 4.089013859629631042e-02 4.860221594572067261e-02 2.138126641511917114e-03 3.744805604219436646e-02 3.471349924802780151e-02 5.246793478727340698e-02 6.113416701555252075e-02 1.162649877369403839e-02 4.913569893687963486e-03 7.677225396037101746e-03 5.225459858775138855e-02 5.910327658057212830e-02 1.487668324261903763e-02 7.698010653257369995e-02 1.401003077626228333e-02 3.417089208960533142e-02 5.977693479508161545e-03 8.459835499525070190e-02
1.052080541849136353e-01 1.362386941909790039e-01 1.840782468207180500e-03 4.055078327655792236e-02 4.539591819047927856e-02 1.330658197402954102e-01 1.595845222473144531e-01 2.532028593122959137e-02 2.307122014462947845e-02 1.050041615962982178e-02 1.083662640303373337e-02 4.559135064482688904e-02 9.336135536432266235e-02 8.786419034004211426e-02 3.567389771342277527e-02 2.135125454515218735e-03 3.771430812776088715e-03 7.063964847475290298e-03 4.044042155146598816e-02 4.973189905285835266e-02 9.886695072054862976e-03 1.812729239463806152e-02 6.745986640453338623e-02 6.749746203422546387e-02 1.932474225759506226e-02 2.325722016394138336e-02 7.761492393910884857e-03 1.054376177489757538e-02 9.089596569538116455e-02 6.507866084575653076e-02 1.694607734680175781e-02 1.013700384646654129e-02 1.441691908985376358e-02 1.182440109550952911e-02 1.748384721577167511e-02 3.699524560943245888e-03 1.206775545142591000e-03 1.577476970851421356e-02 5.504218116402626038e-02 1.024599280208349228e-02 2.808681502938270569e-02 1.942703733220696449e-03 2.867065742611885071e-02 2.462209016084671021e-02 3.658379241824150085e-02 8.012583851814270020e-02 1.897495985031127930e-01 1.186702772974967957e-01 8.528205566108226776e-03 3.517962247133255005e-02 6.279314868152141571e-03 4.143221303820610046e-03 3.797297552227973938e-02 4.008146747946739197e-02 1.268284115940332413e-02 2.297873981297016144e-02 1.783620007336139679e-02 4.190480709075927734e-02 1.675852388143539429e-02 3.450852259993553162e-02 1.263876724988222122e-02 3.457032144069671631e-03 7.887551560997962952e-03 1.256596669554710388e-02 2.013698965311050415e-02 9.293716866523027420e-04 3.612080123275518417e-03 1.957830041646957397e-02 1.471886690706014633e-02 3.770953789353370667e-02 1.359527744352817535e-02 7.606153935194015503e-02 1.925227791070938110e-02 1.665718620643019676e-03 3.973283618688583374e-02 6.409153342247009277e-02 1.662769354879856110e-02 1.875457819551229477e-03 7.665193825960159302e-02 2.437186241149902344e-02 3.362926840782165527e-02 7.866876199841499329e-03 1.514825131744146347e-02 1.810440421104431152e-02 5.705021321773529053e-02 7.002573460340499878e-02 4.703008010983467102e-02 3.196074441075325012e-02 3.159356117248535156e-02 5.326529219746589661e-02 8.190450072288513184e-02 7.950010709464550018e-03 5.698156729340553284e-02 1.070129219442605972e-02 2.169692143797874451e-02 3.214154392480850220e-02 1.999112777411937714e-02 4.658250883221626282e-02 5.682352930307388306e-02 5.703781917691230774e-02 3.534355387091636658e-02 9.799959138035774231e-03 2.083257213234901428e-02 5.080568790435791016e-02 2.028911560773849487e-02 1.677128858864307404e-02 1.419466570951044559e-03 4.322623834013938904e-02 7.190314121544361115e-03 2.975090965628623962e-02 1.862499862909317017e-02 6.120553240180015564e-02 8.633683435618877411e-03 6.350152939558029175e-02 7.545935362577438354e-02 5.362217873334884644e-02
9.607290849089622498e-03 1.161817982792854309e-01 2.884712629020214081e-02 8.031892031431198120e-02 4.675353690981864929e-02 1.595845222473144531e-01 1.665904223918914795e-01 3.254161030054092407e-02 1.445886911824345589e-03 4.203578084707260132e-02 3.851942892652004957e-04 6.220676004886627197e-02 5.913609266281127930e-02 7.934164255857467651e-02 2.212408743798732758e-02 6.186972837895154953e-03 7.663535885512828827e-03 2.058179304003715515e-02 5.521775409579277039e-02 3.850857168436050415e-02 4.790075495839118958e-02 3.141295537352561951e-02 1.311240904033184052e-02 2.008995786309242249e-02 2.797428332269191742e-02 7.539775688201189041e-03 4.650434479117393494e-02 3.564391285181045532e-02 6.847287062555551529e-03 8.345005102455615997e-03 5.301087722182273865e-02 5.472418386489152908e-03 3.463869169354438782e-02 2.882462739944458008e-02 2.915229089558124542e-02 3.041710332036018372e-02 1.351720280945301056e-02 7.507042586803436279e-02 2.012594975531101227e-02 5.778833292424678802e-03 1.139395590871572495e-02 4.550011828541755676e-02 5.372344329953193665e-02 2.446004375815391541e-02 9.137862175703048706e-02 6.566011905670166016e-02 1.442380845546722412e-01 2.290011197328567505e-01 4.419774189591407776e-02 3.305748850107192993e-02 6.623802334070205688e-02 3.096699528396129608e-02 2.858787961304187775e-02 1.151360454969108105e-03 2.995773591101169586e-02 1.483858097344636917e-02 2.107728086411952972e-02 1.132743619382381439e-02 3.014140762388706207e-02 2.582334727048873901e-02 8.283072151243686676e-03 4.939810372889041901e-03 1.505966763943433762e-02 2.468623407185077667e-02 3.626427799463272095e-02 2.764769596979022026e-03 3.665983676910400391e-02 1.843242906033992767e-02 2.140301279723644257e-02 4.801656678318977356e-02 1.428457722067832947e-02 7.325230538845062256e-02 1.017034053802490234e-02 2.572123706340789795e-02 7.307356223464012146e-03 7.554587442427873611e-03 1.488911174237728119e-02 1.070496253669261932e-02 4.103759769350290298e-03 3.468019142746925354e-02 5.611717700958251953e-02 3.232161328196525574e-02 2.479856461286544800e-02 5.696007236838340759e-02 7.686194032430648804e-02 5.849080532789230347e-02 3.017174825072288513e-02 1.575740054249763489e-02 6.575946230441331863e-03 3.214915096759796143e-02 8.144636452198028564e-02 1.062224246561527252e-02 1.272353380918502808e-01 3.811098262667655945e-02 1.659259200096130371e-02 2.585214003920555115e-02 1.165994070470333099e-02 1.410595607012510300e-02 3.599269688129425049e-02 6.232128478586673737e-03 2.247544005513191223e-02 3.438773751258850098e-02 4.032542556524276733e-02 8.639698475599288940e-02 1.399695593863725662e-02 2.182795479893684387e-02 5.201577022671699524e-02 4.810839146375656128e-02 4.174512252211570740e-02 3.921723365783691406e-02 7.570729125291109085e-03 4.565623030066490173e-02 1.832976192235946655e-02 5.730225890874862671e-02 4.440199583768844604e-02 8.355423063039779663e-02
9.869545698165893555e-03 1.909186318516731262e-02 2.050279080867767334e-01 2.382507780566811562e-03 6.689904630184173584e-02 2.532028593122959137e-02 3.254161030054092407e-02 1.162483245134353638e-01 2.689209207892417908e-02 2.838867902755737305e-02 5.432649701833724976e-02 8.884282410144805908e-02 6.078206002712249756e-03 6.260365992784500122e-02 8.646140992641448975e-02 2.752262167632579803e-03 7.698241621255874634e-03 3.584626829251646996e-03 5.701780784875154495e-03 6.281791627407073975e-02 2.443861588835716248e-02 6.123268511146306992e-03 2.103968523442745209e-02 3.377286717295646667e-02 2.842769399285316467e-02 3.722661873325705528e-03 7.586551457643508911e-02 1.755982264876365662e-02 1.243840437382459641e-02 5.669902637600898743e-02 1.154432352632284164e-02 3.299009799957275391e-02 3.231916576623916626e-02 3.261059522628784180e-02 3.761041164398193359e-02 5.572666227817535400e-02 1.536429673433303833e-02 2.544051036238670349e-02 4.646103456616401672e-02 2.134725078940391541e-02 2.479060553014278412e-02 1.400256808847188950e-02 1.599647803232073784e-03 1.617491841316223145e-01 5.461644381284713745e-02 8.868660032749176025e-02 1.394867245107889175e-02 4.307266790419816971e-03 2.474243752658367157e-03 1.589474454522132874e-02 2.550933137536048889e-02 6.820205599069595337e-02 1.610611192882061005e-02 3.262075409293174744e-02 2.546539530158042908e-02 4.832401499152183533e-02 2.600238658487796783e-02 3.374582156538963318e-02 2.631161361932754517e-02 7.126571983098983765e-02 2.637848071753978729e-02 3.410300239920616150e-03 2.028938010334968567e-02 8.321760222315788269e-03 3.203967586159706116e-02 1.747408881783485413e-02 2.322058193385601044e-03 1.008633989840745926e-02 2.670178748667240143e-02 3.045509103685617447e-03 1.383717730641365051e-02 3.397279232740402222e-02 1.467722584493458271e-03 1.436203904449939728e-02 3.801366779953241348e-03 8.070288598537445068e-02 1.416623033583164215e-02 2.939899917691946030e-03 2.015879563987255096e-02 3.412621468305587769e-02 2.112383842468261719e-01 1.507860422134399414e-01 1.089343428611755371e-02 4.199537262320518494e-02 7.840410806238651276e-03 1.496988628059625626e-02 9.076489508152008057e-02 8.312211185693740845e-02 2.949952706694602966e-02 1.408340409398078918e-02 2.359819971024990082e-02 6.065391935408115387e-03 2.328438870608806610e-02 5.295538529753684998e-02 6.152278929948806763e-02 9.283837676048278809e-02 4.221399500966072083e-02 1.916411146521568298e-02 2.851280756294727325e-02 4.480252508074045181e-03 3.718303749337792397e-03 2.235596440732479095e-02 4.247187823057174683e-02 8.673128485679626465e-02 4.094039276242256165e-02 2.237365394830703735e-02 5.392248183488845825e-02 7.501675188541412354e-02 9.722150862216949463e-03 1.079610269516706467e-02 1.382011175155639648e-02 6.247172504663467407e-02 4.239968210458755493e-02 6.535544525831937790e-03 2.416195720434188843e-02 1.014987379312515259e-02
1.804671064019203186e-02 1.018180046230554581e-02 1.794265955686569214e-02 2.417554333806037903e-02 7.430557627230882645e-03 2.307122014462947845e-02 1.445886911824345589e-03 2.689209207892417908e-02 1.248979941010475159e-01 1.118427962064743042e-01 2.678591944277286530e-02 9.591355919837951660e-03 8.510380983352661133e-03 1.698176749050617218e-02 4.276284947991371155e-03 8.727298118174076080e-03 1.068224385380744934e-02 9.876927733421325684e-02 7.179912924766540527e-02 2.667978964745998383e-02 2.983845956623554230e-02 4.536948353052139282e-02 6.576596200466156006e-02 4.085030779242515564e-02 1.317223068326711655e-02 1.532801706343889236e-02 3.903682157397270203e-02 4.146350547671318054e-02 6.466391962021589279e-03 6.690260767936706543e-02 1.302776392549276352e-02 1.063380949199199677e-02 2.179859764873981476e-02 3.276591002941131592e-02 4.797872155904769897e-02 2.750476449728012085e-02 2.608833089470863342e-02 1.371621247380971909e-02 5.400181747972965240e-03 4.739350825548171997e-02 2.608168497681617737e-02 1.052128672599792480e-01 1.140657905489206314e-02 2.847664244472980499e-02 4.644880816340446472e-02 4.744283482432365417e-02 1.492016389966011047e-02 7.774286717176437378e-02 4.902349039912223816e-02 4.482291266322135925e-02 2.522811666131019592e-02 4.083225876092910767e-02 2.842210046947002411e-02 4.382587596774101257e-02 6.657309830188751221e-02 3.124821744859218597e-02 2.596241608262062073e-02 2.576960436999797821e-02 1.048981957137584686e-02 2.415253221988677979e-02 3.111547604203224182e-02 1.452069543302059174e-02 4.691394418478012085e-02 3.522012010216712952e-02 2.586272358894348145e-02 2.401003055274486542e-02 1.320041902363300323e-02 9.633981622755527496e-03 4.683105647563934326e-02 3.153834864497184753e-02 6.236008368432521820e-03 5.816469341516494751e-02 4.161901772022247314e-03 5.983284208923578262e-03 1.368125993758440018e-02 3.211998566985130310e-02 1.628751158714294434e-01 8.376433700323104858e-02 5.877337604761123657e-02 9.155082516372203827e-03 5.232488736510276794e-03 9.019259363412857056e-03 7.655487954616546631e-02 3.296329081058502197e-02 5.732772126793861389e-02 3.284019604325294495e-02 2.191975899040699005e-02 1.970114000141620636e-02 1.164140272885560989e-02 1.181158889085054398e-02 2.123821340501308441e-02 1.502756867557764053e-02 8.439290523529052734e-02 2.184562012553215027e-02 1.840133592486381531e-02 6.288048624992370605e-02 3.914666175842285156e-02 7.566136121749877930e-02 9.372293204069137573e-02 4.850142076611518860e-02 1.321780029684305191e-02 4.368443414568901062e-02 1.743848063051700592e-02 4.200453683733940125e-02 3.856817260384559631e-02 5.831643939018249512e-02 3.586367145180702209e-02 4.786181077361106873e-02 1.662714779376983643e-02 3.557558730244636536e-02 3.225974366068840027e-02 1.656013540923595428e-02 4.152321070432662964e-02 9.756944328546524048e-02 3.704374283552169800e-02 5.811839923262596130e-02
3.289276361465454102e-02 2.312580496072769165e-02 1.342328451573848724e-02 3.792999684810638428e-02 2.026268467307090759e-02 1.050041615962982178e-02 4.203578084707260132e-02 2.838867902755737305e-02 1.118427962064743042e-01 1.101815029978752136e-01 1.565592363476753235e-02 5.956644937396049500e-02 1.758197881281375885e-02 4.939319565892219543e-02 2.494851499795913696e-02 4.650476202368736267e-02 6.426512449979782104e-02 4.460319876670837402e-03 9.091149270534515381e-02 1.480070874094963074e-03 4.725178703665733337e-03 1.393719296902418137e-02 7.199938595294952393e-02 1.019534766674041748e-01 6.869995035231113434e-03 6.439341232180595398e-03 1.897970959544181824e-02 3.002291917800903320e-02 2.892550639808177948e-02 6.160834431648254395e-02 2.163539081811904907e-02 1.077731326222419739e-02 9.237687336280941963e-04 3.132024779915809631e-02 3.096424276009202003e-03 5.253659095615148544e-03 1.222124136984348297e-02 1.610076054930686951e-02 4.463703371584415436e-03 6.947604473680257797e-03 1.541124098002910614e-02 3.227407485246658325e-02 1.477438304573297501e-02 1.539500616490840912e-02 3.872993588447570801e-02 2.309200726449489594e-02 4.269506037235260010e-02 9.100832045078277588e-02 4.547823686152696609e-03 1.058626770973205566e-01 4.520540684461593628e-02 5.051551014184951782e-02 1.995035260915756226e-02 9.711109101772308350e-03 2.464262209832668304e-02 5.862993746995925903e-02 2.230295911431312561e-02 2.907297946512699127e-02 3.434584243223071098e-03 3.516069380566477776e-03 5.373685806989669800e-02 4.530309885740280151e-02 8.209266699850559235e-03 6.198569666594266891e-03 3.429586440324783325e-02 6.053693965077400208e-02 6.209903862327337265e-03 8.943036198616027832e-03 5.210867617279291153e-03 2.778732217848300934e-02 4.098839312791824341e-02 5.097085610032081604e-03 7.465650141239166260e-02 3.508445620536804199e-02 2.963298931717872620e-02 4.364243522286415100e-02 2.866809628903865814e-02 1.522637009620666504e-01 8.013927191495895386e-02 8.296418190002441406e-02 3.267755359411239624e-02 1.509072608314454556e-03 9.807951282709836960e-04 1.001530662178993225e-01 6.049168482422828674e-02 2.530460059642791748e-02 4.248766228556632996e-03 7.691352511756122112e-04 4.229778051376342773e-02 7.985895127058029175e-02 2.951874770224094391e-02 3.412478417158126831e-02 8.841006457805633545e-02 3.110018558800220490e-02 3.709932416677474976e-02 9.186720848083496094e-02 6.950096786022186279e-02 5.678580328822135925e-02 4.626735672354698181e-02 4.534926265478134155e-02 9.779834188520908356e-03 2.915008366107940674e-02 5.122434720396995544e-02 1.723215915262699127e-02 1.016592141240835190e-03 1.953377388417720795e-02 6.098312325775623322e-03 4.793126881122589111e-02 2.003264240920543671e-02 9.039285033941268921e-02 2.601048909127712250e-02 4.286666959524154663e-02 5.029483512043952942e-02 7.618490606546401978e-02 1.413804478943347931e-02 1.748109981417655945e-02
8.166193217039108276e-02 9.745621681213378906e-02 4.447089880704879761e-02 8.807022124528884888e-03 1.864374987781047821e-02 1.083662640303373337e-02 3.851942892652004957e-04 5.432649701833724976e-02 2.678591944277286530e-02 1.565592363476753235e-02 9.901077300310134888e-02 4.131802543997764587e-02 1.456209868192672729e-01 3.914190828800201416e-02 3.844504430890083313e-02 2.460317127406597137e-02 1.843376271426677704e-02 3.125816956162452698e-02 2.541936235502362251e-03 8.486362639814615250e-04 7.491834461688995361e-03 2.840460091829299927e-02 4.532883688807487488e-02 2.394170127809047699e-02 8.701916784048080444e-03 1.313857268542051315e-02 1.436976995319128036e-02 6.165764480829238892e-02 8.123688399791717529e-02 8.570814970880746841e-04 5.484955012798309326e-02 9.427498094737529755e-03 4.858730360865592957e-02 4.165441729128360748e-03 1.565746497362852097e-03 3.226747736334800720e-02 2.195631619542837143e-03 5.781427025794982910e-03 3.560841828584671021e-02 1.679592393338680267e-02 2.715266309678554535e-02 5.807681381702423096e-02 1.286729611456394196e-02 7.489647716283798218e-03 2.715485729277133942e-02 4.361963830888271332e-03 2.538593672215938568e-02 3.580566868185997009e-02 5.480397120118141174e-02 3.985492885112762451e-02 2.531442791223526001e-02 1.883151754736900330e-02 2.423163130879402161e-02 2.642881684005260468e-02 1.365214586257934570e-02 3.387314453721046448e-02 1.430916041135787964e-02 1.161332614719867706e-02 5.830219760537147522e-02 4.006203636527061462e-02 4.200363159179687500e-02 1.665530912578105927e-02 1.944287307560443878e-02 8.622984169051051140e-04 9.046816080808639526e-02 1.053712740540504456e-01 2.597171347588300705e-03 3.583343001082539558e-03 2.762486785650253296e-02 4.274541977792978287e-03 5.529686808586120605e-03 5.124621093273162842e-02 8.318402618169784546e-02 2.046287059783935547e-03 1.741126552224159241e-02 2.473812177777290344e-02 3.946813289076089859e-03 7.837685756385326385e-03 2.989396080374717712e-02 3.479733690619468689e-02 3.189194574952125549e-02 5.019819363951683044e-02 1.305646635591983795e-02 1.180141698569059372e-02 2.889127936214208603e-03 2.649007923901081085e-02 5.565991625189781189e-02 5.816840380430221558e-02 7.935164868831634521e-02 2.216627076268196106e-02 2.943098917603492737e-02 3.687413781881332397e-02 4.853419028222560883e-03 3.538725525140762329e-02 4.531036596745252609e-03 1.083134301006793976e-02 3.851240873336791992e-02 4.840463399887084961e-02 1.055862382054328918e-02 1.618122309446334839e-02 1.561478595249354839e-03 2.744721248745918274e-02 2.418728172779083252e-02 4.543545842170715332e-02 1.829354837536811829e-02 2.199395932257175446e-02 5.770146101713180542e-02 2.988203801214694977e-02 3.109220042824745178e-02 3.517353534698486328e-02 6.764730811119079590e-02 1.587075367569923401e-02 3.034453839063644409e-02 4.778671637177467346e-02 1.176587305963039398e-03 4.777759686112403870e-02
1.865187846124172211e-02 4.655425902456045151e-03 2.673931419849395752e-02 1.921855844557285309e-02 1.385095566511154175e-01 4.559135064482688904e-02 6.220676004886627197e-02 8.884282410144805908e-02 9.591355919837951660e-03 5.956644937396049500e-02 4.131802543997764587e-02 1.281110793352127075e-01 8.314347825944423676e-03 2.543130218982696533e-01 4.116430878639221191e-03 2.664474770426750183e-02 1.244777441024780273e-02 3.712908178567886353e-02 1.923732645809650421e-02 2.174641378223896027e-02 3.272025287151336670e-02 5.185342952609062195e-02 2.071638032793998718e-02 7.043686229735612869e-03 8.765823207795619965e-03 3.511785529553890228e-03 6.359347701072692871e-02 1.996196955442428589e-01 4.072343185544013977e-02 2.115318737924098969e-02 5.403462052345275879e-02 1.462571974843740463e-02 2.370903268456459045e-02 1.028132159262895584e-02 9.549634531140327454e-03 2.695553749799728394e-02 2.396187745034694672e-02 3.007671236991882324e-02 3.157388791441917419e-02 1.036558002233505249e-01 6.634849309921264648e-02 5.082996934652328491e-02 6.367515027523040771e-02 3.501423075795173645e-02 1.508738845586776733e-01 8.187977969646453857e-02 1.711425930261611938e-02 3.550932183861732483e-02 3.803758695721626282e-02 5.973569303750991821e-02 7.392539083957672119e-02 5.488264560699462891e-02 1.635977253317832947e-02 7.341618835926055908e-02 3.581863641738891602e-02 7.727224845439195633e-03 4.103671759366989136e-02 1.313868351280689240e-02 5.039022490382194519e-02 4.886240512132644653e-02 5.277073010802268982e-02 1.336146611720323563e-02 3.704031929373741150e-02 1.660294714383780956e-03 5.520615354180335999e-02 2.313000895082950592e-02 4.224620014429092407e-02 1.657404750585556030e-02 4.294191300868988037e-02 3.390828892588615417e-02 7.099819183349609375e-02 3.092113323509693146e-02 3.956576436758041382e-02 3.339350596070289612e-02 5.778878927230834961e-02 9.068420156836509705e-03 4.905151948332786560e-02 9.251087903976440430e-03 7.645597308874130249e-02 7.233432680368423462e-02 4.552263766527175903e-02 7.872051745653152466e-02 1.628572493791580200e-02 8.774965256452560425e-02 9.002276929095387459e-04 4.771975055336952209e-02 2.211337350308895111e-02 5.588949844241142273e-02 1.224432587623596191e-01 9.791949391365051270e-02 7.136172801256179810e-02 6.104969605803489685e-02 3.052461892366409302e-02 3.769489005208015442e-02 6.685965228825807571e-03 5.183385685086250305e-02 5.280736833810806274e-02 6.624393910169601440e-02 4.665597900748252869e-02 4.739857092499732971e-02 9.778398089110851288e-03 4.882048815488815308e-03 5.148407816886901855e-02 5.292222369462251663e-03 6.079258024692535400e-02 2.347624115645885468e-02 2.832184918224811554e-02 1.015637740492820740e-01 4.734387155622243881e-03 5.291777197271585464e-03 2.344291657209396362e-02 6.698739528656005859e-02 5.534786731004714966e-02 8.259861730039119720e-03 3.118451125919818878e-02 2.088278345763683319e-02
8.673426508903503418e-02 1.346509605646133423e-01 4.239603504538536072e-02 9.620251134037971497e-03 1.788375712931156158e-02 9.336135536432266235e-02 5.913609266281127930e-02 6.078206002712249756e-03 8.510380983352661133e-03 1.758197881281375885e-02 1.456209868192672729e-01 8.314347825944423676e-03 1.203702837228775024e-01 2.651208080351352692e-03 2.741698175668716431e-02 1.363537367433309555e-02 3.921831026673316956e-03 3.114899806678295135e-02 3.852363303303718567e-02 8.882945403456687927e-03 2.298747561872005463e-02 5.365126952528953552e-02 2.447399869561195374e-02 3.675367683172225952e-02 3.710179007612168789e-04 1.549619156867265701e-02 1.621234230697154999e-02 4.934807866811752319e-02 2.031256631016731262e-02 3.161754086613655090e-02 8.401771634817123413e-02 1.712903380393981934e-02 2.646246924996376038e-02 1.011970452964305878e-02 3.650433383882045746e-03 3.332888707518577576e-02 6.957662757486104965e-03 3.091093152761459351e-02 3.716951608657836914e-02 4.026488866657018661e-03 3.305215016007423401e-02 1.583739795023575425e-04 5.401093512773513794e-03 8.763825520873069763e-03 4.538152366876602173e-02 6.165159866213798523e-02 1.036756262183189392e-01 3.858427749946713448e-03 5.134231597185134888e-02 4.830606654286384583e-02 2.680751960724592209e-03 3.161912318319082260e-03 7.047944236546754837e-03 1.637165667489171028e-03 2.882032096385955811e-02 5.992684140801429749e-02 2.937180735170841217e-02 2.952491398900747299e-03 3.359549865126609802e-02 2.230845578014850616e-02 1.374784111976623535e-02 9.541952982544898987e-03 8.966042660176753998e-03 3.274518996477127075e-02 7.822268456220626831e-02 8.730413019657135010e-02 1.424422021955251694e-02 2.655001357197761536e-02 2.438962459564208984e-02 3.016098588705062866e-02 1.991555094718933105e-03 4.136391729116439819e-02 1.805407181382179260e-02 8.235629647970199585e-03 1.471383124589920044e-02 4.033648595213890076e-02 6.499127484858036041e-03 1.352323498576879501e-02 4.113736376166343689e-02 1.430597063153982162e-02 1.706158183515071869e-02 1.007807441055774689e-02 2.492216043174266815e-02 2.006548084318637848e-02 2.662421949207782745e-02 3.019281104207038879e-02 5.318727344274520874e-02 3.735588863492012024e-02 7.165142148733139038e-02 3.041829448193311691e-03 4.879903048276901245e-02 3.113672509789466858e-02 2.849200926721096039e-02 4.095450043678283691e-02 3.964244201779365540e-02 1.085682678967714310e-02 6.564540788531303406e-03 3.753770887851715088e-02 1.023505697958171368e-03 2.349713630974292755e-02 1.610736548900604248e-02 1.872171089053153992e-02 2.386639080941677094e-02 3.186399117112159729e-02 3.370672464370727539e-02 1.055342052131891251e-02 6.089704111218452454e-02 3.208585828542709351e-02 3.354133665561676025e-02 4.160721227526664734e-02 2.672913484275341034e-02 1.654516160488128662e-02 5.740893259644508362e-02 4.456420242786407471e-02 6.616151658818125725e-04 4.464684426784515381e-02
