1.349553763866424561e-01 1.936593353748321533e-01 3.506980603560805321e-03 1.102289650589227676e-02 2.662722393870353699e-02 1.677350699901580811e-01 1.068487390875816345e-01 2.539597079157829285e-02 1.988863572478294373e-03 1.291147060692310333e-02 1.390495747327804565e-01 1.242998614907264709e-02 9.428419172763824463e-02 2.665165229700505733e-04 3.283697366714477539e-02 2.797037735581398010e-02 2.245150879025459290e-02 2.427399903535842896e-02 2.304232120513916016e-02 2.181572653353214264e-02 1.586368493735790253e-02 3.248840197920799255e-02 3.777438029646873474e-02 1.799720153212547302e-02 3.305985778570175171e-02 1.162367686629295349e-02 6.602299213409423828e-02 5.278399214148521423e-02 1.337833702564239502e-02 1.967750024050474167e-03 2.518836408853530884e-02 2.482650429010391235e-02 1.507259788922965527e-03 2.141356002539396286e-03 1.764618419110774994e-02 2.883712761104106903e-02 1.643252186477184296e-02 2.501850947737693787e-02 2.487267833203077316e-03 1.023915223777294159e-02 2.355488948523998260e-03 3.548103943467140198e-02 2.545510232448577881e-02 5.084578692913055420e-02 3.451806679368019104e-02 1.652825623750686646e-02 9.548144787549972534e-02 7.485568523406982422e-02 8.060726686380803585e-04 5.988444201648235321e-03 1.734014600515365601e-02 1.579271256923675537e-02 1.720984838902950287e-02 1.852583885192871094e-02 1.391831133514642715e-02 4.473699256777763367e-02 2.135400474071502686e-02 1.831811387091875076e-03 2.764485310763120651e-03 7.851724512875080109e-03 5.985183641314506531e-03 1.793840155005455017e-02 9.510902687907218933e-03 5.355744436383247375e-02 1.509743928909301758e-02 6.728793028742074966e-03 6.093898788094520569e-03 3.798573510721325874e-03 2.525198832154273987e-02 2.937261946499347687e-02 7.916383910924196243e-04 8.065849542617797852e-02 6.524906959384679794e-03 1.582221128046512604e-02 6.618054956197738647e-02 1.164371846243739128e-03 1.218352466821670532e-02 1.511990930885076523e-02 3.698154538869857788e-02 1.164103299379348755e-02 2.310112304985523224e-02 3.019411489367485046e-02 2.486795000731945038e-02 1.548017840832471848e-02 3.361134976148605347e-02 1.075432053767144680e-03 1.011996343731880188e-02 3.271700441837310791e-02 5.496659129858016968e-02 7.782484753988683224e-04 6.510640680789947510e-02 6.540182977914810181e-02 3.998054563999176025e-02 1.549377664923667908e-02 2.557121217250823975e-02 1.424584258347749710e-02 6.352572701871395111e-03 2.599559724330902100e-02 1.714265532791614532e-02 1.167172007262706757e-02 1.864173077046871185e-02 1.283830963075160980e-02 2.759127877652645111e-02 5.848766863346099854e-02 1.916406489908695221e-02 3.781257569789886475e-02 2.913495758548378944e-03 6.563558243215084076e-03 2.891788631677627563e-02 1.828740537166595459e-02 4.099593963474035263e-03 2.424813108518719673e-03 4.148679971694946289e-02 3.122305497527122498e-02 9.767909068614244461e-04 4.116995632648468018e-02
1.936593353748321533e-01 1.375130861997604370e-01 7.901792414486408234e-03 4.017631337046623230e-02 7.189292460680007935e-03 1.256147921085357666e-01 9.821376949548721313e-02 1.460849400609731674e-02 4.122109152376651764e-03 2.613981813192367554e-02 1.140915602445602417e-01 2.178591303527355194e-02 8.584886789321899414e-02 2.156167849898338318e-02 2.341980487108230591e-02 4.284602403640747070e-02 3.346293792128562927e-02 2.295963466167449951e-02 1.336925756186246872e-02 2.831149660050868988e-02 1.262796483933925629e-02 2.777711488306522369e-02 2.025683596730232239e-02 1.069277338683605194e-02 1.845690794289112091e-02 3.316738083958625793e-02 8.738649636507034302e-02 2.486428990960121155e-02 3.771665273234248161e-03 2.413287572562694550e-02 1.364808343350887299e-02 1.746810413897037506e-02 6.897727027535438538e-03 3.545103594660758972e-02 3.802453354001045227e-02 1.643233560025691986e-02 1.290178950875997543e-02 2.247816510498523712e-02 2.801276929676532745e-02 7.527077570557594299e-03 2.897780947387218475e-02 2.053552120923995972e-02 2.583633363246917725e-02 9.787552990019321442e-04 2.756153419613838196e-02 1.854478940367698669e-02 7.521697878837585449e-02 7.220563292503356934e-02 4.107743129134178162e-02 6.122148595750331879e-03 1.265029516071081161e-02 2.110828272998332977e-02 7.733134925365447998e-02 1.226507592946290970e-03 1.674121990799903870e-02 1.107553020119667053e-02 1.684139482676982880e-02 2.423223340883851051e-03 2.411956340074539185e-02 1.656225137412548065e-02 4.495398700237274170e-02 4.111587628722190857e-02 2.685570530593395233e-02 1.229602098464965820e-01 3.146351128816604614e-02 3.993248566985130310e-02 1.333078090101480484e-02 3.327313438057899475e-02 7.704605348408222198e-03 2.893749997019767761e-02 1.385741401463747025e-02 7.006426900625228882e-02 1.946062967181205750e-02 4.739819094538688660e-02 5.456389486789703369e-02 3.975747153162956238e-02 2.466021850705146790e-02 3.586106747388839722e-02 4.162469133734703064e-02 4.109658300876617432e-02 4.675434902310371399e-02 3.820708021521568298e-02 1.525901537388563156e-02 9.099415503442287445e-03 3.931542858481407166e-02 5.379826296120882034e-03 5.145817995071411133e-03 1.506714150309562683e-02 6.499731540679931641e-02 1.901985332369804382e-02 4.928311705589294434e-02 5.404192209243774414e-02 8.390408754348754883e-02 2.422356791794300079e-02 8.006474934518337250e-03 7.480129133909940720e-03 2.393957972526550293e-02 3.026541089639067650e-04 1.037384034134447575e-03 1.346586458384990692e-02 4.830505326390266418e-02 2.500354498624801636e-02 3.317387402057647705e-02 2.128589712083339691e-02 5.109072104096412659e-02 5.075895693153142929e-03 3.745400533080101013e-02 4.707491397857666016e-02 3.556866664439439774e-03 2.643790096044540405e-02 1.331015396863222122e-02 7.884647697210311890e-03 2.484712749719619751e-02 4.370828345417976379e-02 4.551457986235618591e-02 1.774636283516883850e-02
3.506980603560805321e-03 7.901792414486408234e-03 7.242619246244430542e-02 3.181034931913018227e-03 7.380392402410507202e-02 1.995592936873435974e-02 3.233302012085914612e-02 7.192566525191068649e-03 1.160148531198501587e-02 3.425278142094612122e-02 4.248692467808723450e-02 3.167831152677536011e-02 1.009983662515878677e-02 2.363906055688858032e-02 5.915844440460205078e-02 2.765381708741188049e-02 1.376565523969475180e-05 5.284284800291061401e-02 4.768422245979309082e-02 3.048282861709594727e-02 2.132753841578960419e-03 6.727939844131469727e-02 1.387298479676246643e-02 3.342015668749809265e-02 1.430263835936784744e-02 3.915581479668617249e-02 2.961546555161476135e-02 4.546308517456054688e-02 7.471220940351486206e-02 5.738203600049018860e-02 2.405411563813686371e-03 3.155612573027610779e-02 7.511897711083292961e-04 2.100089564919471741e-02 2.925719507038593292e-02 1.042490918189287186e-02 2.917415834963321686e-02 2.967253327369689941e-02 4.796482622623443604e-02 7.557700574398040771e-02 1.415436249226331711e-02 4.138873517513275146e-02 6.138121709227561951e-02 1.295633465051651001e-01 3.157856874167919159e-03 3.541767969727516174e-02 8.006302639842033386e-03 3.414551168680191040e-02 2.961640805006027222e-02 1.163338124752044678e-02 4.330752044916152954e-02 7.706717401742935181e-02 1.479480415582656860e-03 3.917917609214782715e-03 4.724212456494569778e-03 2.326078526675701141e-02 4.337956383824348450e-02 2.223100699484348297e-02 3.051981516182422638e-02 4.503967612981796265e-02 3.732832893729209900e-02 7.513878401368856430e-03 6.222181394696235657e-02 9.400874376296997070e-02 3.321924433112144470e-02 1.887578517198562622e-02 8.595646359026432037e-03 3.542458638548851013e-02 3.988573700189590454e-02 2.258267067372798920e-02 4.680184647440910339e-03 5.568877793848514557e-03 4.193810746073722839e-03 6.362017989158630371e-02 3.549665957689285278e-02 1.121894083917140961e-02 4.347399622201919556e-02 2.929322421550750732e-03 4.489415511488914490e-02 6.228102743625640869e-02 3.086646199226379395e-01 1.822526156902313232e-01 6.392203737050294876e-03 6.868331134319305420e-02 8.935277583077549934e-04 3.498304635286331177e-02 9.213372319936752319e-02 1.904743351042270660e-02 4.938643053174018860e-02 2.708580868784338236e-04 1.894173957407474518e-02 1.681835204362869263e-02 1.841853186488151550e-02 4.866257309913635254e-02 9.571444243192672729e-03 4.354001488536596298e-03 6.696961820125579834e-03 2.791596017777919769e-02 3.305742144584655762e-02 2.372573316097259521e-02 7.102609612047672272e-03 2.446711622178554535e-02 1.909364596940577030e-03 2.356195822358131409e-02 5.366206169128417969e-02 5.711677297949790955e-02 3.027068683877587318e-03 3.931462019681930542e-02 4.847008094657212496e-04 1.113005876541137695e-01 5.270779132843017578e-02 1.499897520989179611e-02 2.541540749371051788e-02 6.884174793958663940e-02 3.927516192197799683e-02 3.986445814371109009e-02
1.102289650589227676e-02 4.017631337046623230e-02 3.181034931913018227e-03 1.077128276228904724e-01 1.520319581031799316e-01 3.826310858130455017e-02 2.358200401067733765e-02 1.546366233378648758e-02 4.677138105034828186e-02 5.215938761830329895e-02 9.057631716132164001e-03 2.257832139730453491e-02 3.682867810130119324e-02 4.099163785576820374e-02 1.228562649339437485e-02 7.336282730102539062e-02 2.615509554743766785e-03 2.749161235988140106e-02 2.205478586256504059e-02 4.618295654654502869e-02 2.658449299633502960e-02 3.157506883144378662e-02 4.193963855504989624e-02 5.519905593246221542e-03 2.142571471631526947e-02 1.605098135769367218e-02 7.039995398372411728e-03 8.771474473178386688e-03 5.501850694417953491e-02 3.656994178891181946e-02 3.630521520972251892e-02 2.568399347364902496e-02 1.652878336608409882e-02 9.105177223682403564e-02 1.344132609665393829e-02 1.231777071952819824e-01 3.584945574402809143e-02 3.785630688071250916e-02 1.604828983545303345e-01 1.291510164737701416e-01 8.929199725389480591e-02 4.621214419603347778e-02 1.984705403447151184e-02 2.544939331710338593e-02 2.177538350224494934e-02 3.299034014344215393e-02 3.819194436073303223e-02 2.229787409305572510e-02 5.002380907535552979e-02 1.971059106290340424e-02 3.031191229820251465e-02 8.817409723997116089e-02 3.345101699233055115e-02 2.887496165931224823e-02 7.176980376243591309e-02 8.353685028851032257e-03 3.066069446504116058e-02 6.143531575798988342e-02 4.333256557583808899e-02 2.029467746615409851e-02 2.073365822434425354e-02 4.667489975690841675e-02 1.266410225071012974e-03 8.139325678348541260e-02 3.472929529380053282e-04 8.834133855998516083e-03 1.752608269453048706e-02 1.469136681407690048e-03 3.182414919137954712e-02 3.976271254941821098e-04 2.694776467978954315e-02 1.932995207607746124e-02 1.309604346752166748e-01 6.258621066808700562e-02 6.146216392517089844e-02 2.307237684726715088e-02 2.709654718637466431e-02 4.654829576611518860e-02 4.399771243333816528e-02 7.644344866275787354e-02 1.301366835832595825e-02 3.314572945237159729e-02 6.546684354543685913e-02 3.907790407538414001e-02 5.793334916234016418e-02 4.493998736143112183e-02 4.711212590336799622e-02 3.853843780234456062e-03 5.029395222663879395e-02 6.476728618144989014e-02 1.472983974963426590e-03 1.691473880782723427e-03 7.698683440685272217e-02 1.141113345511257648e-03 1.293467264622449875e-02 4.622218757867813110e-02 2.263801358640193939e-02 4.483200609683990479e-02 5.705501884222030640e-03 1.162078231573104858e-02 8.066067844629287720e-02 7.661079522222280502e-03 1.476061716675758362e-02 3.760256618261337280e-02 3.646950051188468933e-02 2.607397362589836121e-02 5.047965049743652344e-02 5.352482199668884277e-02 2.390327490866184235e-02 5.319699645042419434e-03 3.501451388001441956e-02 1.419064309448003769e-02 6.844423711299896240e-02 7.716980762779712677e-03 4.484217613935470581e-02 1.006444357335567474e-02
2.662722393870353699e-02 7.189292460680007935e-03 7.380392402410507202e-02 1.520319581031799316e-01 1.275878101587295532e-01 1.667709276080131531e-02 3.696143254637718201e-02 6.147244572639465332e-02 2.944318577647209167e-02 4.734702035784721375e-02 8.365853689610958099e-03 5.226340144872665405e-02 1.080420613288879395e-02 2.457762509584426880e-02 1.723182201385498047e-02 5.508156493306159973e-02 7.004539668560028076e-02 2.121044322848320007e-02 6.383115891367197037e-03 6.328094750642776489e-02 1.840312965214252472e-02 5.782046914100646973e-02 5.091955140233039856e-02 7.257489114999771118e-02 6.708567589521408081e-02 6.440036930143833160e-03 1.548473630100488663e-02 3.064800798892974854e-02 4.061195626854896545e-02 3.095972351729869843e-02 3.147626668214797974e-02 3.066165931522846222e-02 2.460252679884433746e-02 3.009963780641555786e-02 2.732224762439727783e-02 7.877849787473678589e-02 2.653788588941097260e-02 3.252558526583015919e-04 1.137597486376762390e-01 1.542331874370574951e-01 3.085065260529518127e-02 6.873726844787597656e-02 1.534123625606298447e-02 5.530690401792526245e-02 7.743985857814550400e-03 3.498894721269607544e-02 2.122827805578708649e-03 2.751983329653739929e-02 5.898214876651763916e-02 3.307903558015823364e-02 2.587419375777244568e-02 1.680124085396528244e-03 1.894705556333065033e-02 3.785958513617515564e-02 2.695053629577159882e-02 7.290952652692794800e-02 1.535474415868520737e-02 7.302132248878479004e-02 2.299764379858970642e-02 2.769963257014751434e-02 4.756061360239982605e-02 1.196444258093833923e-01 1.952700130641460419e-02 2.493279427289962769e-02 9.140300005674362183e-02 1.363872643560171127e-02 4.233779385685920715e-02 1.748112402856349945e-02 2.886803075671195984e-02 1.815332798287272453e-03 7.150228484533727169e-04 2.927705645561218262e-02 3.107985854148864746e-02 4.376598633825778961e-03 8.494826965034008026e-03 4.200418945401906967e-03 2.963919751346111298e-02 2.876457385718822479e-02 4.269025288522243500e-03 3.268655017018318176e-02 3.973224014043807983e-02 6.303132325410842896e-02 9.083617478609085083e-02 1.191512197256088257e-01 4.910469800233840942e-02 1.623136922717094421e-02 3.302163258194923401e-02 6.595714949071407318e-03 2.340744994580745697e-02 5.300029367208480835e-02 3.048270009458065033e-02 4.836522787809371948e-02 4.434197768568992615e-02 1.869073510169982910e-02 2.507189102470874786e-02 3.123345971107482910e-02 5.607224255800247192e-02 1.065344922244548798e-02 5.978919193148612976e-02 6.080766394734382629e-02 4.077332466840744019e-02 4.327555000782012939e-02 2.277312334626913071e-03 3.541674092411994934e-02 4.527790099382400513e-02 2.876633591949939728e-02 4.366608336567878723e-02 6.634494662284851074e-02 4.633675888180732727e-02 6.441193819046020508e-02 1.684682257473468781e-02 1.865630038082599640e-02 9.399653971195220947e-02 4.549858719110488892e-02 4.336416348814964294e-02 2.935137413442134857e-02
1.677350699901580811e-01 1.256147921085357666e-01 1.995592936873435974e-02 3.826310858130455017e-02 1.667709276080131531e-02 1.493751853704452515e-01 1.403474658727645874e-01 1.379297766834497452e-02 1.387930009514093399e-02 1.419870095560327172e-04 7.708910852670669556e-02 9.528591483831405640e-02 5.427719280123710632e-02 6.571464985609054565e-02 2.834632433950901031e-02 1.155567937530577183e-03 4.224309232085943222e-03 3.381229564547538757e-02 7.841998711228370667e-03 2.549191704019904137e-03 6.619870662689208984e-02 2.261673100292682648e-02 1.473303698003292084e-02 3.054890595376491547e-02 1.866940222680568695e-02 8.103200793266296387e-02 1.210141275078058243e-02 1.664150655269622803e-01 5.779496580362319946e-02 6.902069598436355591e-02 1.354059320874512196e-03 4.614883661270141602e-02 2.365227416157722473e-02 9.519654326140880585e-03 3.271517157554626465e-02 3.865634649991989136e-02 5.614347755908966064e-04 8.238910697400569916e-03 1.299085840582847595e-02 1.730659604072570801e-02 1.515340176410973072e-03 3.864621371030807495e-02 3.062352305278182030e-03 1.027463842183351517e-02 8.755099773406982422e-02 8.115184307098388672e-02 1.241129711270332336e-01 1.007354855537414551e-01 2.556539885699748993e-02 4.346195608377456665e-03 2.798985689878463745e-02 4.085543006658554077e-02 3.492230921983718872e-02 1.299017947167158127e-02 2.195927686989307404e-02 1.958397589623928070e-02 5.782628431916236877e-02 5.260603502392768860e-02 2.208803780376911163e-02 1.936091110110282898e-02 6.311042606830596924e-02 2.573621459305286407e-02 1.348343957215547562e-02 4.290837794542312622e-02 4.528339579701423645e-02 6.492888927459716797e-02 1.789317280054092407e-02 2.321394905447959900e-02 2.256527170538902283e-02 5.632345750927925110e-02 9.163990616798400879e-03 5.229596048593521118e-02 7.110321521759033203e-02 1.650722324848175049e-02 1.849488914012908936e-02 3.531720116734504700e-02 1.897423714399337769e-02 1.551868394017219543e-02 1.381697598844766617e-02 2.015361562371253967e-02 1.124012842774391174e-02 7.832229137420654297e-03 3.640572354197502136e-02 8.325448259711265564e-03 4.058875143527984619e-03 3.521798551082611084e-02 1.060587819665670395e-02 2.780282637104392052e-03 3.551723435521125793e-02 2.608920447528362274e-02 6.991424411535263062e-02 3.110493160784244537e-02 3.395029529929161072e-02 3.224087134003639221e-02 2.692019753158092499e-02 5.637704581022262573e-02 3.879082214552909136e-04 9.606941603124141693e-03 2.231227047741413116e-02 1.384451333433389664e-02 1.143844798207283020e-03 1.225915737450122833e-02 2.055167220532894135e-02 3.308218717575073242e-02 1.428391970694065094e-02 1.299559511244297028e-02 2.478275448083877563e-03 1.870652101933956146e-02 5.595173314213752747e-02 2.329500019550323486e-02 3.997360169887542725e-02 1.854293979704380035e-02 1.165064517408609390e-03 2.227205969393253326e-02 4.388317838311195374e-02 1.488669309765100479e-02
1.068487390875816345e-01 9.821376949548721313e-02 3.233302012085914612e-02 2.358200401067733765e-02 3.696143254637718201e-02 1.403474658727645874e-01 1.502456665039062500e-01 2.539456076920032501e-02 9.537991136312484741e-03 2.370217069983482361e-02 7.633555680513381958e-02 4.798125475645065308e-02 7.178431749343872070e-02 7.404553890228271484e-02 8.574518375098705292e-03 7.348281797021627426e-03 1.323557086288928986e-02 1.560038421303033829e-03 2.365609817206859589e-02 1.375777553766965866e-02 4.658376052975654602e-02 1.684793829917907715e-02 2.203005133196711540e-03 1.965149305760860443e-02 5.180343054234981537e-03 6.231300160288810730e-02 1.083078980445861816e-02 2.082124724984169006e-02 5.520108714699745178e-02 1.392080355435609818e-02 2.146993391215801239e-02 4.082227591425180435e-03 2.011772245168685913e-03 5.329004488885402679e-03 1.721930876374244690e-02 2.776333875954151154e-02 5.183225870132446289e-02 1.348819676786661148e-02 1.461315061897039413e-02 6.447008345276117325e-04 3.030337952077388763e-02 7.558668032288551331e-03 1.718857698142528534e-02 3.378995135426521301e-02 1.980639295652508736e-03 2.015604265034198761e-02 1.148524209856987000e-01 1.357783824205398560e-01 3.481867536902427673e-02 2.503540739417076111e-02 7.077862042933702469e-03 7.331830449402332306e-03 5.707132443785667419e-02 1.054349727928638458e-02 2.707614190876483917e-02 2.315402403473854065e-02 2.398913539946079254e-02 2.526532299816608429e-02 4.569188691675662994e-03 8.136109448969364166e-03 4.749853909015655518e-02 3.888634592294692993e-02 3.620787337422370911e-02 1.864297315478324890e-02 6.204642355442047119e-03 3.774845227599143982e-02 1.825538091361522675e-02 1.414261385798454285e-02 2.705899812281131744e-02 5.180920660495758057e-02 1.423565391451120377e-02 6.629996746778488159e-02 5.392890423536300659e-02 1.137966569513082504e-02 1.031893957406282425e-02 3.116370737552642822e-02 2.870541810989379883e-02 1.627434603869915009e-02 4.036857932806015015e-02 2.738104388117790222e-02 9.533355943858623505e-03 1.676011015661060810e-03 1.725275651551783085e-03 1.718349009752273560e-02 6.849662400782108307e-03 3.921666182577610016e-03 1.497318595647811890e-02 1.950068026781082153e-02 2.346043102443218231e-02 3.467709571123123169e-02 6.555666774511337280e-02 2.176110073924064636e-02 7.721649855375289917e-02 4.110975936055183411e-02 1.950990967452526093e-02 5.876662582159042358e-02 1.605258136987686157e-02 1.638256199657917023e-02 9.202712215483188629e-03 8.959013037383556366e-03 6.219947244971990585e-03 4.123894963413476944e-03 1.160570513457059860e-02 2.884233184158802032e-02 2.406773902475833893e-02 1.612031459808349609e-02 2.439766889438033104e-03 5.864166468381881714e-02 4.512161761522293091e-02 3.243161737918853760e-02 1.583513570949435234e-03 2.470577694475650787e-02 8.401807397603988647e-03 1.061672577634453773e-03 2.035455778241157532e-02 1.771820522844791412e-02
2.539597079157829285e-02 1.460849400609731674e-02 7.192566525191068649e-03 1.546366233378648758e-02 6.147244572639465332e-02 1.379297766834497452e-02 2.539456076920032501e-02 1.019392684102058411e-01 3.691813442856073380e-03 5.718009080737829208e-03 2.444572374224662781e-02 4.076500982046127319e-02 3.306983038783073425e-02 3.430197015404701233e-02 1.819077879190444946e-01 5.174373090267181396e-02 2.065086737275123596e-02 6.672673672437667847e-02 2.674638666212558746e-02 1.122156158089637756e-03 9.062950266525149345e-04 6.642339378595352173e-02 1.825722306966781616e-02 3.764203935861587524e-02 1.646475307643413544e-02 3.044757246971130371e-02 5.527835339307785034e-02 6.613065488636493683e-03 3.596362471580505371e-02 9.441833943128585815e-03 1.486697793006896973e-02 3.150282800197601318e-02 7.710073888301849365e-02 2.628836594521999359e-02 4.471750929951667786e-02 3.554909303784370422e-02 1.923742704093456268e-02 7.750821113586425781e-02 8.206760883331298828e-02 6.572371721267700195e-02 1.116158142685890198e-01 2.603651210665702820e-02 3.032725118100643158e-02 1.002087071537971497e-02 6.315991748124361038e-03 3.578950464725494385e-02 2.718498744070529938e-02 2.219402231276035309e-02 3.426972834859043360e-04 4.427283257246017456e-02 2.827528305351734161e-02 3.185350820422172546e-02 3.225832805037498474e-02 6.832593679428100586e-02 2.302889525890350342e-02 8.011373132467269897e-02 6.771058589220046997e-02 3.940302133560180664e-02 5.177587270736694336e-02 5.749153718352317810e-02 3.185997158288955688e-02 7.604475319385528564e-02 4.633824527263641357e-02 2.719738893210887909e-02 3.328677639365196228e-02 7.813459634780883789e-02 9.953852742910385132e-03 2.448844909667968750e-02 6.690725684165954590e-02 3.418298810720443726e-02 4.836133494973182678e-02 4.239858314394950867e-02 8.820566348731517792e-03 5.757989734411239624e-02 2.940448373556137085e-02 5.638733506202697754e-02 1.707921177148818970e-02 2.062378637492656708e-02 3.911597654223442078e-03 8.024345152080059052e-04 1.272933781147003174e-01 1.780478805303573608e-01 2.086716331541538239e-02 3.792847320437431335e-02 1.307950355112552643e-02 6.725436449050903320e-02 1.190291047096252441e-01 1.500357985496520996e-01 4.180783033370971680e-02 1.371460407972335815e-02 1.804002746939659119e-02 3.059599362313747406e-02 8.547587203793227673e-04 6.787746399641036987e-02 7.560481876134872437e-02 8.425854146480560303e-02 6.405171006917953491e-02 1.949176564812660217e-02 3.247999586164951324e-03 3.916952386498451233e-02 1.743590086698532104e-02 2.493257820606231689e-02 3.380376100540161133e-02 2.692647278308868408e-03 6.587597727775573730e-02 6.886352598667144775e-02 2.909362688660621643e-02 1.875045150518417358e-02 1.415137760341167450e-02 7.715406268835067749e-02 4.635750129818916321e-02 4.440697655081748962e-02 4.711687937378883362e-02 2.327697118744254112e-03 5.519880913197994232e-03 3.667264059185981750e-02
1.988863572478294373e-03 4.122109152376651764e-03 1.160148531198501587e-02 4.677138105034828186e-02 2.944318577647209167e-02 1.387930009514093399e-02 9.537991136312484741e-03 3.691813442856073380e-03 1.513285040855407715e-01 1.403380781412124634e-01 1.384553033858537674e-02 5.573543906211853027e-02 2.065581269562244415e-02 3.509560599923133850e-02 2.723501762375235558e-03 1.912984997034072876e-02 3.728290274739265442e-02 4.854426905512809753e-02 3.168865805491805077e-03 2.435431070625782013e-02 4.523237235844135284e-03 5.502517521381378174e-02 3.924356028437614441e-02 8.302643150091171265e-02 2.427652664482593536e-02 1.904153451323509216e-02 1.908546313643455505e-02 8.015210926532745361e-02 1.068855728954076767e-02 4.891592077910900116e-03 2.084719948470592499e-02 2.000924199819564819e-02 7.002558559179306030e-02 1.047369558364152908e-02 1.666999235749244690e-02 4.139131680130958557e-02 2.059193141758441925e-02 3.388541750609874725e-03 1.256931293755769730e-02 4.857258498668670654e-02 1.761706732213497162e-02 3.085639327764511108e-02 5.913968384265899658e-02 3.900624439120292664e-02 4.202845692634582520e-02 6.309898570179939270e-03 6.726286374032497406e-03 3.345941379666328430e-02 4.825135320425033569e-02 3.708992525935173035e-02 2.316159894689917564e-03 2.406216785311698914e-02 3.718664869666099548e-02 2.983730100095272064e-02 5.897339433431625366e-02 5.260874703526496887e-02 5.243540275841951370e-03 7.867884635925292969e-02 6.501693278551101685e-02 2.051007933914661407e-02 3.328780457377433777e-02 1.509793847799301147e-02 2.623918652534484863e-02 2.111472561955451965e-02 6.292791664600372314e-02 2.342867106199264526e-02 2.917754463851451874e-02 3.800450637936592102e-02 1.772529333829879761e-01 2.247684169560670853e-03 7.038509845733642578e-02 1.286805514246225357e-02 2.452733740210533142e-02 3.437235951423645020e-02 4.490685835480690002e-02 5.492888018488883972e-02 2.122737914323806763e-01 1.117431148886680603e-01 5.202529579401016235e-02 1.736444234848022461e-02 7.477972656488418579e-03 4.925438761711120605e-02 4.287521541118621826e-02 4.039834067225456238e-02 1.997848227620124817e-02 4.820068553090095520e-02 2.942758053541183472e-02 6.504719611257314682e-03 5.484835430979728699e-02 9.860500693321228027e-03 2.584910765290260315e-02 3.706021606922149658e-02 1.511949207633733749e-02 1.878103613853454590e-02 4.246315918862819672e-03 1.346399448812007904e-02 3.419449552893638611e-02 1.079617626965045929e-02 1.079249754548072815e-01 9.261830151081085205e-02 1.796440593898296356e-02 4.235875979065895081e-02 2.089159749448299408e-02 1.345538068562746048e-02 1.276584994047880173e-02 1.674741692841053009e-02 4.012136161327362061e-02 8.318147622048854828e-03 2.205469273030757904e-02 5.846835672855377197e-02 1.656387321418151259e-04 5.890545994043350220e-02 4.829876124858856201e-02 4.384734481573104858e-02 4.635730013251304626e-02 8.760532364249229431e-03
1.291147060692310333e-02 2.613981813192367554e-02 3.425278142094612122e-02 5.215938761830329895e-02 4.734702035784721375e-02 1.419870095560327172e-04 2.370217069983482361e-02 5.718009080737829208e-03 1.403380781412124634e-01 1.564636379480361938e-01 3.254680708050727844e-02 5.736645311117172241e-02 6.879884749650955200e-02 2.910717576742172241e-02 1.824317313730716705e-02 2.563486061990261078e-02 2.921293023973703384e-03 4.282039776444435120e-02 5.765254050493240356e-02 4.420945048332214355e-02 5.427067726850509644e-02 5.600560829043388367e-02 2.696313709020614624e-02 7.378815114498138428e-02 3.468139842152595520e-02 4.764367640018463135e-02 9.930883534252643585e-03 1.516051311045885086e-02 3.748156130313873291e-02 3.167057782411575317e-02 3.457534313201904297e-02 4.299573227763175964e-02 4.408638179302215576e-02 2.895073220133781433e-02 4.009872674942016602e-02 4.160826094448566437e-03 3.902444615960121155e-02 6.798101123422384262e-03 2.692323178052902222e-02 4.750062897801399231e-02 1.163303479552268982e-02 4.662797227501869202e-02 5.402022972702980042e-02 1.456450205296278000e-02 3.435375168919563293e-02 6.878969073295593262e-02 1.130614988505840302e-02 1.414622878655791283e-03 5.855342745780944824e-02 7.967112958431243896e-02 1.478258520364761353e-03 4.657334834337234497e-02 9.981099516153335571e-02 3.354731574654579163e-02 1.958673074841499329e-02 1.041399240493774414e-01 1.152957789599895477e-02 6.977997720241546631e-02 8.083263784646987915e-02 8.202769793570041656e-03 6.521911174058914185e-02 2.930950000882148743e-02 2.579577034339308739e-03 3.308741748332977295e-02 4.079975560307502747e-02 5.549165979027748108e-02 3.422205150127410889e-02 1.538804825395345688e-02 1.020449250936508179e-01 2.569610066711902618e-02 9.254925698041915894e-02 5.338347982615232468e-03 3.891799971461296082e-02 2.622923627495765686e-02 3.868620097637176514e-02 1.362724695354700089e-02 1.183975040912628174e-01 1.566964536905288696e-01 2.946561016142368317e-02 1.242768205702304840e-02 7.787086069583892822e-02 6.056639552116394043e-02 1.349087804555892944e-02 5.026878416538238525e-02 1.467751222662627697e-03 3.940261527895927429e-02 5.596401169896125793e-02 3.773434786126017570e-03 9.441910684108734131e-02 1.709067448973655701e-02 3.572154045104980469e-02 4.827305674552917480e-02 8.805244229733943939e-03 1.594635099172592163e-02 2.849621511995792389e-02 7.348431972786784172e-04 5.729734152555465698e-02 2.234447933733463287e-02 4.102708026766777039e-02 9.090313315391540527e-02 4.282920807600021362e-02 3.051609918475151062e-02 4.272002261132001877e-03 2.176390029489994049e-02 2.644894178956747055e-03 1.924969442188739777e-02 1.019604410976171494e-02 6.630264222621917725e-02 1.307590771466493607e-02 5.184254422783851624e-02 3.156508132815361023e-02 3.788856416940689087e-02 1.806306466460227966e-02 7.340011186897754669e-03 3.470546007156372070e-02 1.445544883608818054e-02
1.390495747327804565e-01 1.140915602445602417e-01 4.248692467808723450e-02 9.057631716132164001e-03 8.365853689610958099e-03 7.708910852670669556e-02 7.633555680513381958e-02 2.444572374224662781e-02 1.384553033858537674e-02 3.254680708050727844e-02 1.289686709642410278e-01 1.813281700015068054e-02 1.246286928653717041e-01 1.562400441616773605e-02 7.174263894557952881e-02 1.362379454076290131e-02 2.249112166464328766e-02 1.297947764396667480e-02 2.072625048458576202e-02 9.306485764682292938e-03 3.567527979612350464e-03 5.136995762586593628e-02 7.638371083885431290e-03 3.333617234602570534e-03 1.181849837303161621e-02 5.779502447694540024e-03 3.085361234843730927e-02 6.101085245609283447e-02 4.016055166721343994e-02 1.037207897752523422e-02 4.924995079636573792e-02 7.241874467581510544e-03 1.477460563182830811e-02 3.268311545252799988e-02 8.128624409437179565e-03 3.729986026883125305e-02 3.635897859930992126e-02 1.737358397804200649e-03 2.124758437275886536e-03 3.978566266596317291e-03 1.424875948578119278e-02 2.489597722887992859e-02 3.460596501827239990e-02 1.302233617752790451e-02 2.233491092920303345e-02 2.872766740620136261e-02 9.139319509267807007e-02 6.204096227884292603e-02 2.542010275647044182e-03 6.711949128657579422e-03 3.642936423420906067e-02 1.055178325623273849e-02 3.864035010337829590e-02 5.007350817322731018e-02 1.585379242897033691e-02 1.657174318097531796e-03 1.554840430617332458e-02 2.969153225421905518e-02 5.663500726222991943e-02 2.043328993022441864e-02 1.000161748379468918e-02 4.269742965698242188e-02 2.479448914527893066e-02 3.606764599680900574e-02 7.233427464962005615e-02 3.512776643037796021e-02 1.683166064321994781e-02 3.384580835700035095e-02 1.111766602843999863e-02 3.846989572048187256e-02 9.251172654330730438e-03 2.469296567142009735e-02 4.405547678470611572e-02 2.347459644079208374e-02 2.572346664965152740e-02 2.779925800859928131e-02 1.332349609583616257e-02 2.614764682948589325e-02 7.388376630842685699e-03 5.585036054253578186e-02 4.369900096207857132e-03 4.240827634930610657e-02 3.116519190371036530e-02 2.240515127778053284e-02 1.091438438743352890e-02 1.157195959240198135e-02 3.616692498326301575e-02 9.146767552010715008e-04 2.566147036850452423e-02 1.439078431576490402e-02 4.341765120625495911e-02 8.565063029527664185e-02 6.248072534799575806e-02 1.531173847615718842e-02 3.594310209155082703e-02 3.081537596881389618e-02 4.793448373675346375e-03 1.622455939650535583e-02 4.013368487358093262e-02 4.099012538790702820e-02 2.035902813076972961e-02 2.330575138330459595e-02 2.158793434500694275e-02 2.233924716711044312e-02 2.869969233870506287e-02 2.026546560227870941e-02 4.136051982641220093e-03 4.520475491881370544e-02 1.458511129021644592e-02 6.516464054584503174e-02 1.334175281226634979e-02 1.478265412151813507e-02 1.636885851621627808e-02 2.682128362357616425e-02 8.423992432653903961e-03 4.774915578309446573e-04
1.242998614907264709e-02 2.178591303527355194e-02 3.167831152677536011e-02 2.257832139730453491e-02 5.226340144872665405e-02 9.528591483831405640e-02 4.798125475645065308e-02 4.076500982046127319e-02 5.573543906211853027e-02 5.736645311117172241e-02 1.813281700015068054e-02 8.441051095724105835e-02 4.057517275214195251e-02 2.861267626285552979e-01 4.168590530753135681e-02 3.386252326890826225e-03 2.170615643262863159e-02 3.058325871825218201e-02 1.084132492542266846e-02 3.235483076423406601e-03 3.562254086136817932e-02 5.158029496669769287e-02 1.161672323942184448e-01 8.774890005588531494e-02 1.025397889316082001e-02 2.063529379665851593e-02 1.557125803083181381e-02 1.315463334321975708e-01 5.212831124663352966e-02 1.094976142048835754e-01 6.452242285013198853e-02 4.275062680244445801e-02 5.310758203268051147e-02 4.403349757194519043e-02 8.456949144601821899e-03 3.476814180612564087e-02 3.095432743430137634e-02 6.468698382377624512e-02 1.818059571087360382e-02 1.486796513199806213e-02 1.963442564010620117e-02 2.323227003216743469e-03 2.609708532691001892e-02 6.911186967045068741e-03 7.887691259384155273e-03 1.614100672304630280e-02 6.932159513235092163e-02 3.676650673151016235e-02 4.772445559501647949e-02 1.285416167229413986e-02 5.493968725204467773e-02 9.283064864575862885e-03 3.809462767094373703e-03 1.516959164291620255e-02 1.317341998219490051e-02 6.695268303155899048e-02 4.870850220322608948e-02 3.629387589171528816e-03 2.292775548994541168e-02 1.054958626627922058e-02 8.915718644857406616e-03 9.368782490491867065e-02 2.878967300057411194e-02 2.265430614352226257e-02 4.073547199368476868e-02 2.946584112942218781e-02 2.574458159506320953e-02 1.739216782152652740e-02 1.243988517671823502e-02 3.910072520375251770e-02 4.055650904774665833e-02 4.041203111410140991e-02 5.222312361001968384e-02 2.316472679376602173e-02 4.584715235978364944e-03 1.637879945337772369e-02 5.959941074252128601e-02 1.970037259161472321e-02 7.610140740871429443e-02 8.538241684436798096e-02 6.853828206658363342e-03 7.585269212722778320e-02 5.108759179711341858e-02 5.325704067945480347e-02 6.790968775749206543e-02 3.907739743590354919e-02 3.039300628006458282e-02 1.148622762411832809e-02 2.533170282840728760e-01 6.858386099338531494e-02 3.597430139780044556e-02 2.702581323683261871e-02 4.293818399310112000e-02 2.495740540325641632e-02 2.724991180002689362e-02 5.797668173909187317e-02 9.957691282033920288e-02 4.472108930349349976e-02 2.519278042018413544e-02 2.690448425710201263e-02 6.871447432786226273e-03 4.226131737232208252e-02 6.436723470687866211e-02 5.693877115845680237e-02 3.658449277281761169e-02 2.459093369543552399e-02 2.068810723721981049e-02 5.778463091701269150e-03 1.491429656744003296e-02 4.418402444571256638e-03 4.913995787501335144e-02 6.633842736482620239e-02 6.386864115484058857e-04 2.268543839454650879e-02 2.524029463529586792e-02 1.110448408871889114e-02
9.428419172763824463e-02 8.584886789321899414e-02 1.009983662515878677e-02 3.682867810130119324e-02 1.080420613288879395e-02 5.427719280123710632e-02 7.178431749343872070e-02 3.306983038783073425e-02 2.065581269562244415e-02 6.879884749650955200e-02 1.246286928653717041e-01 4.057517275214195251e-02 1.151488274335861206e-01 1.897479780018329620e-02 9.454742074012756348e-02 4.308548523113131523e-04 3.154706908389925957e-03 5.979293212294578552e-02 1.235571689903736115e-02 3.971833735704421997e-02 1.023017149418592453e-02 8.953287452459335327e-02 2.748018689453601837e-02 1.790511235594749451e-02 2.636279677972197533e-03 3.212495706975460052e-03 5.797004327178001404e-02 2.835322916507720947e-02 8.880103938281536102e-03 1.550357788801193237e-02 4.987612739205360413e-02 1.143329194746911526e-03 4.106708243489265442e-02 4.608660191297531128e-02 3.115060552954673767e-02 5.324208736419677734e-02 5.106874927878379822e-02 2.351751364767551422e-02 6.021513603627681732e-03 3.109722957015037537e-02 3.024904988706111908e-02 1.179552264511585236e-02 5.039842799305915833e-02 1.288376189768314362e-02 1.935796067118644714e-02 6.778863072395324707e-02 7.840421795845031738e-02 6.875499337911605835e-02 2.339227870106697083e-02 5.992556922137737274e-03 5.881041288375854492e-04 2.726423926651477814e-02 3.990256413817405701e-02 7.447890192270278931e-02 7.667851168662309647e-03 2.006867155432701111e-02 5.069240555167198181e-02 3.787968307733535767e-02 6.956814229488372803e-02 5.687446892261505127e-02 1.267524063587188721e-02 6.543141324073076248e-03 2.721317112445831299e-02 2.276380360126495361e-02 4.340342804789543152e-02 2.267211489379405975e-02 9.224410168826580048e-03 1.043413672596216202e-02 2.312326431274414062e-02 5.299541633576154709e-03 8.923823945224285126e-03 5.971756204962730408e-02 2.522016875445842743e-02 3.934441506862640381e-02 5.835674330592155457e-02 5.853301659226417542e-02 1.422137953341007233e-02 4.444361105561256409e-02 4.962589591741561890e-02 2.212492190301418304e-02 4.725341126322746277e-02 1.908844523131847382e-02 2.451573312282562256e-02 4.813577234745025635e-02 1.123029086738824844e-02 4.260494187474250793e-02 2.490115910768508911e-02 6.737548112869262695e-02 5.669035762548446655e-02 2.015590108931064606e-02 2.757781744003295898e-02 5.568769946694374084e-02 6.867595762014389038e-02 1.737968809902667999e-02 3.994387015700340271e-02 1.328527461737394333e-02 5.281813070178031921e-02 5.219052545726299286e-03 1.448453590273857117e-02 4.433846101164817810e-02 7.860757410526275635e-03 4.264164716005325317e-02 2.379518561065196991e-02 4.497626051306724548e-02 4.938085749745368958e-02 6.819017231464385986e-02 2.697198465466499329e-02 1.490889210253953934e-02 1.226137857884168625e-02 4.027466475963592529e-02 2.792298234999179840e-02 2.537452615797519684e-03 1.593363657593727112e-02 8.514028042554855347e-03 1.525591593235731125e-02 3.117302898317575455e-03
